office/seq-06/color/frame-000000.color.png office/seq-06/color/frame-000001.color.png 0.999998 -0.00192285 0.000764479 0.000292548 0.00192341 0.999998 -0.000728109 0.000654402 -0.000763078 0.000729578 1.0 0.000230923 0.0 0.0 0.0 1.0
office/seq-06/color/frame-000001.color.png office/seq-06/color/frame-000002.color.png 0.999998 0.000524628 0.00204307 -0.00100148 -0.000525069 1.0 0.000215591 -0.000938698 -0.00204296 -0.000216663 0.999998 0.00102138 0.0 0.0 0.0 1.0
office/seq-06/color/frame-000002.color.png office/seq-06/color/frame-000003.color.png 0.999997 0.00177769 0.00189768 -0.000246261 -0.00177868 0.999998 0.000522244 -0.00080017 -0.00189675 -0.000525618 0.999998 0.000365467 0.0 0.0 0.0 1.0
office/seq-06/color/frame-000003.color.png office/seq-06/color/frame-000004.color.png 0.999992 0.00287526 0.00259601 -0.00052806 -0.00287869 0.999995 0.00131635 -0.00123011 -0.00259221 -0.00132382 0.999996 0.00029634 0.0 0.0 0.0 1.0
office/seq-06/color/frame-000004.color.png office/seq-06/color/frame-000005.color.png 0.999994 0.000617537 0.00343676 -0.000720623 -0.000620736 0.999999 0.000929388 -0.000769091 -0.00343619 -0.000931515 0.999994 0.00213214 0.0 0.0 0.0 1.0
office/seq-06/color/frame-000005.color.png office/seq-06/color/frame-000006.color.png 0.999986 0.00159659 0.0050427 -0.00131277 -0.00159857 0.999999 0.000388893 -0.00136636 -0.00504207 -0.000396949 0.999987 0.00184577 0.0 0.0 0.0 1.0
office/seq-06/color/frame-000006.color.png office/seq-06/color/frame-000007.color.png 0.999987 5.14614e-05 0.00511603 0.000663034 -5.81497e-05 0.999999 0.00130754 -0.00226444 -0.00511596 -0.00130782 0.999986 0.000188667 0.0 0.0 0.0 1.0
office/seq-06/color/frame-000007.color.png office/seq-06/color/frame-000008.color.png 0.99997 -0.00400445 0.00661922 -0.00160362 0.00400294 0.999992 0.000242085 0.00124829 -0.00662013 -0.000215581 0.999978 0.00207428 0.0 0.0 0.0 1.0
office/seq-06/color/frame-000008.color.png office/seq-06/color/frame-000009.color.png 0.999986 -0.00188031 0.00495788 -0.0014493 0.00187667 0.999998 0.000739186 0.000510894 -0.00495926 -0.000729873 0.999987 0.00222622 0.0 0.0 0.0 1.0
office/seq-06/color/frame-000009.color.png office/seq-06/color/frame-000010.color.png 0.999992 -0.00138419 0.00367781 -0.00124182 0.00138348 0.999999 0.000197771 -0.000188402 -0.00367809 -0.00019268 0.999993 0.00293788 0.0 0.0 0.0 1.0
office/seq-06/color/frame-000010.color.png office/seq-06/color/frame-000011.color.png 0.999985 -0.0010997 0.00540058 -0.00168274 0.00109856 0.999999 0.000214304 -0.00286939 -0.0054008 -0.000208367 0.999985 0.00236837 0.0 0.0 0.0 1.0
office/seq-06/color/frame-000011.color.png office/seq-06/color/frame-000012.color.png 0.999975 -0.000550277 0.00698667 -4.79538e-06 0.000554664 1.0 -0.000625839 -0.00222852 -0.00698633 0.000629698 0.999975 -0.00133149 0.0 0.0 0.0 1.0
office/seq-06/color/frame-000012.color.png office/seq-06/color/frame-000013.color.png 0.99995 3.25792e-06 0.0100211 -0.00561633 2.78167e-05 0.999995 -0.00310079 0.00258124 -0.0100211 0.00310091 0.999945 0.00377754 0.0 0.0 0.0 1.0
office/seq-06/color/frame-000013.color.png office/seq-06/color/frame-000014.color.png 0.999995 -0.0018579 0.00262137 -0.00149199 0.00186096 0.999998 -0.00116607 0.00093419 -0.00261919 0.00117094 0.999996 0.00347458 0.0 0.0 0.0 1.0
office/seq-06/color/frame-000014.color.png office/seq-06/color/frame-000015.color.png 0.999998 -0.0016044 0.000795257 -0.00273526 0.00160628 0.999996 -0.00236798 0.00025096 -0.000791459 0.00236926 0.999997 0.003786 0.0 0.0 0.0 1.0
office/seq-06/color/frame-000015.color.png office/seq-06/color/frame-000016.color.png 0.999999 -0.00116975 0.000720613 -0.00152934 0.00117015 0.999999 -0.000553183 -0.00362796 -0.000719973 0.000554026 0.999999 0.00151943 0.0 0.0 0.0 1.0
office/seq-06/color/frame-000016.color.png office/seq-06/color/frame-000017.color.png 0.99999 -0.00361492 0.00260436 -0.0022528 0.00362123 0.99999 -0.00242112 -0.00196869 -0.00259559 0.00243053 0.999994 0.0031157 0.0 0.0 0.0 1.0
office/seq-06/color/frame-000017.color.png office/seq-06/color/frame-000018.color.png 0.999995 0.00103707 0.0030253 -0.00163157 -0.00102834 0.999995 -0.00288542 -0.00432608 -0.00302826 0.00288229 0.999991 0.00254209 0.0 0.0 0.0 1.0
office/seq-06/color/frame-000018.color.png office/seq-06/color/frame-000019.color.png 0.999972 -0.00138686 0.00742885 -0.00445905 0.00141297 0.999993 -0.00351092 -0.00450822 -0.00742395 0.00352132 0.999966 0.00493393 0.0 0.0 0.0 1.0
office/seq-06/color/frame-000019.color.png office/seq-06/color/frame-000020.color.png 0.999981 -0.00302986 0.00530188 -0.00048689 0.00305053 0.999988 -0.00389534 -0.00213549 -0.00529001 0.00391144 0.999978 0.00170889 0.0 0.0 0.0 1.0
office/seq-06/color/frame-000020.color.png office/seq-06/color/frame-000021.color.png 0.999992 -0.00121927 0.00388143 -0.00328574 0.00123411 0.999992 -0.00382261 0.00163589 -0.00387672 0.00382737 0.999985 0.00612488 0.0 0.0 0.0 1.0
office/seq-06/color/frame-000021.color.png office/seq-06/color/frame-000022.color.png 0.999998 0.00100633 -0.0014971 -0.00277608 -0.00101113 0.999994 -0.00320996 -9.32813e-05 0.00149384 0.00321146 0.999994 0.0066906 0.0 0.0 0.0 1.0
office/seq-06/color/frame-000022.color.png office/seq-06/color/frame-000023.color.png 0.999977 0.00426291 -0.00528437 -0.0022396 -0.0042954 0.999972 -0.00615397 -0.00126865 0.005258 0.00617652 0.999967 0.00707094 0.0 0.0 0.0 1.0
office/seq-06/color/frame-000023.color.png office/seq-06/color/frame-000024.color.png 0.999983 -2.5937e-05 -0.0058483 0.000474587 1.27212e-05 0.999998 -0.0022593 -0.00462924 0.00584834 0.00225919 0.99998 0.00322764 0.0 0.0 0.0 1.0
office/seq-06/color/frame-000024.color.png office/seq-06/color/frame-000025.color.png 0.999981 -0.00242202 -0.00569424 -0.00137213 0.00240072 0.99999 -0.00374446 -0.00112025 0.00570325 0.00373072 0.999977 0.00476124 0.0 0.0 0.0 1.0
office/seq-06/color/frame-000025.color.png office/seq-06/color/frame-000026.color.png 0.99996 -0.000649636 -0.00893904 0.00200819 0.000649101 1.0 -6.23634e-05 -0.00404336 0.00893909 5.65619e-05 0.99996 0.00239947 0.0 0.0 0.0 1.0
office/seq-06/color/frame-000026.color.png office/seq-06/color/frame-000027.color.png 0.999978 0.00112454 -0.00651023 0.000456542 -0.0011094 0.999997 0.00232762 -0.00378848 0.00651282 -0.00232035 0.999976 0.00515083 0.0 0.0 0.0 1.0
office/seq-06/color/frame-000027.color.png office/seq-06/color/frame-000028.color.png 0.999989 0.00213978 -0.00423547 -0.00189281 -0.00214342 0.999997 -0.000855162 -0.00451438 0.00423364 0.000864218 0.999991 0.00865435 0.0 0.0 0.0 1.0
office/seq-06/color/frame-000028.color.png office/seq-06/color/frame-000029.color.png 0.999977 0.0021006 -0.00648838 0.00285259 -0.00214091 0.999978 -0.00621173 -0.00118831 0.00647518 0.00622548 0.99996 0.00428559 0.0 0.0 0.0 1.0
office/seq-06/color/frame-000029.color.png office/seq-06/color/frame-000030.color.png 0.999967 0.00458487 -0.00669838 0.0029628 -0.00458443 0.99999 8.04032e-05 -0.00599845 0.00669868 -4.96969e-05 0.999978 0.00324783 0.0 0.0 0.0 1.0
office/seq-06/color/frame-000030.color.png office/seq-06/color/frame-000031.color.png 1.0 -0.000141558 0.000925637 -0.00142178 0.000141915 1.0 -0.000384309 0.000493899 -0.000925584 0.000384444 0.999999 0.000541575 0.0 0.0 0.0 1.0
office/seq-06/color/frame-000031.color.png office/seq-06/color/frame-000032.color.png 0.99997 -0.000922326 -0.00765285 6.23725e-05 0.000906555 0.999997 -0.00206381 -0.000745516 0.00765474 0.00205681 0.999969 0.00855023 0.0 0.0 0.0 1.0
office/seq-06/color/frame-000032.color.png office/seq-06/color/frame-000033.color.png 0.999923 0.00319377 -0.01196 0.00274436 -0.00316295 0.999992 0.00259457 -0.00412385 0.0119682 -0.00255655 0.999925 0.00606782 0.0 0.0 0.0 1.0
office/seq-06/color/frame-000033.color.png office/seq-06/color/frame-000034.color.png 0.999889 -2.7534e-05 -0.0148826 0.00691648 0.00012615 0.999978 0.00662525 -0.00572008 0.0148821 -0.00662639 0.999867 0.00702816 0.0 0.0 0.0 1.0
office/seq-06/color/frame-000034.color.png office/seq-06/color/frame-000035.color.png 0.999938 0.000805578 -0.0110896 -0.00182171 -0.000784653 0.999998 0.00189117 -0.00231165 0.0110911 -0.00188236 0.999937 0.0117803 0.0 0.0 0.0 1.0
office/seq-06/color/frame-000035.color.png office/seq-06/color/frame-000036.color.png 0.999823 0.00827945 -0.0169051 0.00579725 -0.00827786 0.999966 0.0001638 -0.0086549 0.0169059 -2.38315e-05 0.999857 0.00746331 0.0 0.0 0.0 1.0
office/seq-06/color/frame-000036.color.png office/seq-06/color/frame-000037.color.png 0.999851 0.00885002 -0.0148311 0.00947136 -0.00882318 0.999959 0.00187382 -0.010496 0.0148471 -0.00174268 0.999888 0.00631721 0.0 0.0 0.0 1.0
office/seq-06/color/frame-000037.color.png office/seq-06/color/frame-000038.color.png 0.999928 0.00517728 -0.0108219 0.00361406 -0.00515737 0.999985 0.00186702 -0.00760062 0.0108314 -0.00181107 0.99994 0.00760598 0.0 0.0 0.0 1.0
office/seq-06/color/frame-000038.color.png office/seq-06/color/frame-000039.color.png 1.0 0.00024663 0.000392297 -0.000458302 -0.000246739 1.0 0.000276405 -0.000344217 -0.000392236 -0.000276498 1.0 -0.000703454 0.0 0.0 0.0 1.0
office/seq-06/color/frame-000039.color.png office/seq-06/color/frame-000040.color.png 0.999871 0.00382906 -0.0156183 0.00302413 -0.00391296 0.999978 -0.00534504 -0.00442875 0.0155975 0.00540546 0.999864 0.0100407 0.0 0.0 0.0 1.0
office/seq-06/color/frame-000040.color.png office/seq-06/color/frame-000041.color.png 0.999724 0.0046312 -0.0230408 0.00709504 -0.00462467 0.999989 0.000336781 -0.0088423 0.0230421 -0.000230133 0.999734 0.000249818 0.0 0.0 0.0 1.0
office/seq-06/color/frame-000041.color.png office/seq-06/color/frame-000042.color.png 0.999595 0.00842537 -0.0271882 0.0112089 -0.00842495 0.999964 0.000130253 -0.00592227 0.0271883 9.885e-05 0.99963 0.00937659 0.0 0.0 0.0 1.0
office/seq-06/color/frame-000042.color.png office/seq-06/color/frame-000043.color.png 0.999571 0.00879607 -0.0279534 0.0137303 -0.00875335 0.99996 0.00165001 -0.00459719 0.0279668 -0.00140461 0.999608 0.00696266 0.0 0.0 0.0 1.0
office/seq-06/color/frame-000043.color.png office/seq-06/color/frame-000044.color.png 1.0 0.000198903 -8.25764e-05 0.000241886 -0.00019885 1.0 0.000576637 -0.000834338 8.26494e-05 -0.000576623 1.0 -0.000337481 0.0 0.0 0.0 1.0
office/seq-06/color/frame-000044.color.png office/seq-06/color/frame-000045.color.png 0.999484 0.0133887 -0.0291931 0.0169229 -0.0132536 0.999901 0.00481789 -0.0100265 0.0292547 -0.00442849 0.999562 0.00882503 0.0 0.0 0.0 1.0
office/seq-06/color/frame-000045.color.png office/seq-06/color/frame-000046.color.png 0.999699 0.0111471 -0.0218491 0.0114602 -0.0110833 0.999934 0.00303653 -0.00544779 0.0218815 -0.00279346 0.999757 0.00748295 0.0 0.0 0.0 1.0
office/seq-06/color/frame-000046.color.png office/seq-06/color/frame-000047.color.png 0.999546 0.0194755 -0.0229657 0.0174346 -0.019326 0.999791 0.00671121 -0.0103527 0.0230917 -0.00626433 0.999714 0.00511566 0.0 0.0 0.0 1.0
office/seq-06/color/frame-000047.color.png office/seq-06/color/frame-000048.color.png 1.0 0.000282339 -0.00056745 0.000732364 -0.000282203 1.0 0.000270189 -0.000470519 0.000567494 -0.000270031 1.0 0.000497505 0.0 0.0 0.0 1.0
office/seq-06/color/frame-000048.color.png office/seq-06/color/frame-000049.color.png 0.999705 0.0143772 -0.0196021 0.0152607 -0.0143562 0.999896 0.00121041 -0.00461911 0.0196175 -0.000928635 0.999807 0.0102158 0.0 0.0 0.0 1.0
office/seq-06/color/frame-000049.color.png office/seq-06/color/frame-000050.color.png 0.999757 0.014935 -0.0161891 0.0133368 -0.0148796 0.999883 0.00353097 -0.00835252 0.0162399 -0.00328922 0.999863 0.00516827 0.0 0.0 0.0 1.0
office/seq-06/color/frame-000050.color.png office/seq-06/color/frame-000051.color.png 0.999743 0.0150882 -0.0168929 0.0131106 -0.0150395 0.999882 0.00300734 -0.0060105 0.0169363 -0.00275251 0.999853 0.00388213 0.0 0.0 0.0 1.0
office/seq-06/color/frame-000051.color.png office/seq-06/color/frame-000052.color.png 0.999993 0.00221211 -0.00286826 0.004458 -0.00220913 0.999997 0.00102628 -0.00182977 0.00287051 -0.00101993 0.999995 0.000502348 0.0 0.0 0.0 1.0
office/seq-06/color/frame-000052.color.png office/seq-06/color/frame-000053.color.png 0.999764 0.0148866 -0.0158042 0.013276 -0.0148069 0.999877 0.00514703 -0.00704566 0.015879 -0.00491181 0.999862 0.00446525 0.0 0.0 0.0 1.0
office/seq-06/color/frame-000053.color.png office/seq-06/color/frame-000054.color.png 0.999765 0.0128579 -0.0174836 0.0190504 -0.0127756 0.999907 0.00480541 -0.00872724 0.0175437 -0.00458091 0.999836 0.00585501 0.0 0.0 0.0 1.0
office/seq-06/color/frame-000054.color.png office/seq-06/color/frame-000055.color.png 0.999997 0.000368706 0.0023408 -0.00276797 -0.000368999 1.0 0.000124166 -0.000376761 -0.00234081 -0.000125026 0.999997 -0.00113647 0.0 0.0 0.0 1.0
office/seq-06/color/frame-000055.color.png office/seq-06/color/frame-000056.color.png 0.999868 0.00741342 -0.0144822 0.0192839 -0.00742553 0.999972 -0.000780591 -0.00469731 0.014476 0.000888025 0.999895 0.00881283 0.0 0.0 0.0 1.0
office/seq-06/color/frame-000056.color.png office/seq-06/color/frame-000057.color.png 0.999971 0.00714323 -0.00280784 0.0115406 -0.00714746 0.999973 -0.00150393 -0.00994568 0.00279706 0.00152396 0.999995 -0.000436142 0.0 0.0 0.0 1.0
office/seq-06/color/frame-000057.color.png office/seq-06/color/frame-000058.color.png 0.999997 0.000112709 -0.0024951 0.00940684 -0.000127038 0.999984 -0.00575088 0.0008156 0.00249435 0.00575118 0.99998 0.00348483 0.0 0.0 0.0 1.0
office/seq-06/color/frame-000058.color.png office/seq-06/color/frame-000059.color.png 1.0 -0.000192415 -0.000159565 9.76175e-05 0.000192359 1.0 -0.000326758 0.000507995 0.000159588 0.000326725 1.0 5.82635e-05 0.0 0.0 0.0 1.0
office/seq-06/color/frame-000059.color.png office/seq-06/color/frame-000060.color.png 0.999993 0.00360827 -0.000908554 0.0121279 -0.00360082 0.999961 0.00807369 -0.0115415 0.000937717 -0.00807036 0.999967 -0.000257134 0.0 0.0 0.0 1.0
office/seq-06/color/frame-000060.color.png office/seq-06/color/frame-000061.color.png 0.999998 0.000281343 0.00175616 0.00682683 -0.000291345 0.999984 0.00570122 -0.0102395 -0.00175449 -0.00570172 0.999982 0.000598311 0.0 0.0 0.0 1.0
office/seq-06/color/frame-000061.color.png office/seq-06/color/frame-000062.color.png 0.99999 -0.00399288 0.00203537 0.00717829 0.00399942 0.999987 -0.00321072 -0.000959679 -0.00202271 0.00321885 0.999993 0.00272435 0.0 0.0 0.0 1.0
office/seq-06/color/frame-000062.color.png office/seq-06/color/frame-000063.color.png 0.999999 0.00107362 0.000516286 -1.45584e-05 -0.00107447 0.999998 0.00165653 -0.00247501 -0.000514353 -0.0016571 0.999998 -0.00118531 0.0 0.0 0.0 1.0
office/seq-06/color/frame-000063.color.png office/seq-06/color/frame-000064.color.png 0.999974 -0.00538661 0.00469284 0.00278525 0.00538006 0.999984 0.00140318 -0.00503357 -0.00470031 -0.00137791 0.999988 -0.000991061 0.0 0.0 0.0 1.0
office/seq-06/color/frame-000064.color.png office/seq-06/color/frame-000065.color.png 0.999987 -0.00517581 0.000304094 0.00481954 0.00517558 0.999986 0.000667545 -0.00566778 -0.000307628 -0.000665953 1.0 -0.00152591 0.0 0.0 0.0 1.0
office/seq-06/color/frame-000065.color.png office/seq-06/color/frame-000066.color.png 1.0 0.00042614 0.000500854 -0.000425935 -0.000426248 1.0 0.000297224 -0.00054121 -0.000500699 -0.000297445 1.0 -0.000433892 0.0 0.0 0.0 1.0
office/seq-06/color/frame-000066.color.png office/seq-06/color/frame-000067.color.png 0.999978 -0.00634889 -0.00188043 0.0061423 0.00634399 0.999977 -0.00257921 -0.00146888 0.00189677 0.00256723 0.999995 -0.00113517 0.0 0.0 0.0 1.0
office/seq-06/color/frame-000067.color.png office/seq-06/color/frame-000068.color.png 0.999987 -0.00496902 -0.000933457 0.00702509 0.00497021 0.999987 0.00126824 -0.00553094 0.000927131 -0.00127287 0.999999 -0.00441805 0.0 0.0 0.0 1.0
office/seq-06/color/frame-000068.color.png office/seq-06/color/frame-000069.color.png 0.999988 -0.00369004 -0.0033429 0.00963122 0.00370726 0.99998 0.0051559 -0.00809231 0.00332382 -0.00516823 0.999981 -0.00594962 0.0 0.0 0.0 1.0
office/seq-06/color/frame-000069.color.png office/seq-06/color/frame-000070.color.png 1.0 -6.77961e-06 -8.33363e-05 8.52644e-05 6.80145e-06 1.0 -1.61683e-05 4.75496e-05 8.32887e-05 1.61687e-05 1.0 6.89328e-05 0.0 0.0 0.0 1.0
office/seq-06/color/frame-000070.color.png office/seq-06/color/frame-000071.color.png 0.999996 -0.0026472 -0.00101369 0.00521341 0.00264801 0.999996 0.000825212 -0.00481845 0.00101155 -0.000827894 0.999999 -0.00360259 0.0 0.0 0.0 1.0
office/seq-06/color/frame-000071.color.png office/seq-06/color/frame-000072.color.png 0.999967 -0.00740911 -0.00328401 0.00704819 0.00740868 0.999972 -0.000145745 -0.00372742 0.00328509 0.0001214 0.999994 -0.00456606 0.0 0.0 0.0 1.0
office/seq-06/color/frame-000072.color.png office/seq-06/color/frame-000073.color.png 0.999979 -0.00551094 -0.00328385 0.00359605 0.00550854 0.999985 -0.000737733 -0.00166081 0.00328784 0.000719629 0.999994 -0.00432985 0.0 0.0 0.0 1.0
office/seq-06/color/frame-000073.color.png office/seq-06/color/frame-000074.color.png 0.999975 -0.00128263 -0.0069559 0.0108527 0.00127388 0.999998 -0.00126457 0.000548273 0.00695744 0.00125568 0.999975 -0.00576867 0.0 0.0 0.0 1.0
office/seq-06/color/frame-000074.color.png office/seq-06/color/frame-000075.color.png 1.0 0.000285498 7.05694e-05 0.000112832 -0.00028555 0.999999 0.00162331 -0.00223136 -7.01272e-05 -0.00162332 0.999999 -0.00111015 0.0 0.0 0.0 1.0
office/seq-06/color/frame-000075.color.png office/seq-06/color/frame-000076.color.png 0.999989 0.00459056 0.000102174 0.00798699 -0.00459123 0.999961 0.00750267 -0.00747214 -6.77068e-05 -0.00750307 0.999972 -0.00972144 0.0 0.0 0.0 1.0
office/seq-06/color/frame-000076.color.png office/seq-06/color/frame-000077.color.png 0.999998 0.00168638 0.00102722 0.00458948 -0.00169237 0.999981 0.00585104 -0.00474904 -0.00101727 -0.00585277 0.999982 -0.00635286 0.0 0.0 0.0 1.0
office/seq-06/color/frame-000077.color.png office/seq-06/color/frame-000078.color.png 0.999991 0.00340376 -0.0023585 0.00786434 -0.00339309 0.999984 0.00451722 -0.00244457 0.00237388 -0.0045092 0.999987 -0.00522773 0.0 0.0 0.0 1.0
office/seq-06/color/frame-000078.color.png office/seq-06/color/frame-000079.color.png 1.0 -0.000469068 0.00073396 -0.00128253 0.000469508 1.0 -0.000604096 0.000896454 -0.000733716 0.000604456 1.0 -1.83582e-05 0.0 0.0 0.0 1.0
office/seq-06/color/frame-000079.color.png office/seq-06/color/frame-000080.color.png 0.999991 0.000910062 -0.00420997 0.00564004 -0.00088456 0.999981 0.00604675 -0.00516686 0.00421537 -0.00604296 0.999973 -0.00739454 0.0 0.0 0.0 1.0
office/seq-06/color/frame-000080.color.png office/seq-06/color/frame-000081.color.png 0.999947 -0.00787185 -0.00671196 0.00330743 0.00789883 0.999961 0.00400835 -0.00182465 0.00668015 -0.00406115 0.999969 -0.00656886 0.0 0.0 0.0 1.0
office/seq-06/color/frame-000081.color.png office/seq-06/color/frame-000082.color.png 0.99994 -0.00249941 -0.0106513 0.0136559 0.00253756 0.99999 0.00356705 -0.00794086 0.0106423 -0.00359386 0.999937 -0.00481053 0.0 0.0 0.0 1.0
office/seq-06/color/frame-000082.color.png office/seq-06/color/frame-000083.color.png 0.999999 -0.00050178 0.00112439 -0.00162742 0.00050251 1.0 -0.000654351 0.00109282 -0.00112406 0.000654898 0.999999 -0.000656024 0.0 0.0 0.0 1.0
office/seq-06/color/frame-000083.color.png office/seq-06/color/frame-000084.color.png 0.999995 0.0001547 -0.00328774 0.009014 -0.000156984 1.0 -0.000703787 -0.00403333 0.00328758 0.000704316 0.999995 -0.0062132 0.0 0.0 0.0 1.0
office/seq-06/color/frame-000084.color.png office/seq-06/color/frame-000085.color.png 0.999983 -0.00521632 -0.00260158 0.00735141 0.00522511 0.999981 0.00337648 -0.00996074 0.00258392 -0.00339002 0.999991 -0.00381522 0.0 0.0 0.0 1.0
office/seq-06/color/frame-000085.color.png office/seq-06/color/frame-000086.color.png 0.99992 -0.0125372 0.00151437 0.00396317 0.0125434 0.999912 -0.0041802 0.00143605 -0.00146177 0.00419886 0.99999 -0.00322279 0.0 0.0 0.0 1.0
office/seq-06/color/frame-000086.color.png office/seq-06/color/frame-000087.color.png 1.0 0.000184003 -0.000126638 0.000101089 -0.000184013 1.0 8.63274e-05 -0.000109881 0.000126666 -8.63028e-05 1.0 0.000191346 0.0 0.0 0.0 1.0
office/seq-06/color/frame-000087.color.png office/seq-06/color/frame-000088.color.png 0.999977 -0.00667914 -0.00063118 0.00901753 0.00667789 0.999976 -0.00201339 -0.00175944 0.000644597 0.00200912 0.999998 -0.00361702 0.0 0.0 0.0 1.0
office/seq-06/color/frame-000088.color.png office/seq-06/color/frame-000089.color.png 0.999993 -0.00354444 -0.00113325 0.013002 0.00354586 0.999993 0.00124647 -0.00670451 0.00112883 -0.00125047 0.999999 -0.00363079 0.0 0.0 0.0 1.0
office/seq-06/color/frame-000089.color.png office/seq-06/color/frame-000090.color.png 0.999963 -0.0077315 0.00379699 0.00750965 0.00773528 0.999969 -0.000989137 -0.00549558 -0.00378925 0.00101847 0.999992 -0.00318007 0.0 0.0 0.0 1.0
office/seq-06/color/frame-000090.color.png office/seq-06/color/frame-000091.color.png 0.999883 -0.0145092 0.00473171 0.0047349 0.0145217 0.999891 -0.00261699 -0.00394422 -0.00469317 0.0026854 0.999985 -0.000241056 0.0 0.0 0.0 1.0
office/seq-06/color/frame-000091.color.png office/seq-06/color/frame-000092.color.png 1.0 1.93756e-06 -0.000176049 0.000280827 -1.88273e-06 1.0 0.000307603 -0.000398904 0.000175993 -0.000307597 1.0 4.17829e-05 0.0 0.0 0.0 1.0
office/seq-06/color/frame-000092.color.png office/seq-06/color/frame-000093.color.png 0.999956 -0.00862351 0.00368435 0.0112212 0.00864928 0.999938 -0.00703633 0.00438577 -0.00362345 0.00706788 0.999968 -0.000299618 0.0 0.0 0.0 1.0
office/seq-06/color/frame-000093.color.png office/seq-06/color/frame-000094.color.png 0.999952 -0.00501116 0.00844691 0.00677252 0.00500245 0.999987 0.00105246 -0.00564918 -0.00845208 -0.00101015 0.999964 -0.000312671 0.0 0.0 0.0 1.0
office/seq-06/color/frame-000094.color.png office/seq-06/color/frame-000095.color.png 0.999945 -0.0100109 0.00327022 0.0165006 0.0100106 0.99995 9.59333e-05 -0.0119369 -0.00327112 -6.31895e-05 0.999995 0.00413871 0.0 0.0 0.0 1.0
office/seq-06/color/frame-000095.color.png office/seq-06/color/frame-000096.color.png 0.999797 -0.0131482 0.0152933 0.00536278 0.0133217 0.999847 -0.0112978 0.000389308 -0.0151424 0.0114993 0.999819 0.0038709 0.0 0.0 0.0 1.0
office/seq-06/color/frame-000096.color.png office/seq-06/color/frame-000097.color.png 0.999789 -0.0111679 0.0172199 0.00019148 0.0112879 0.999912 -0.00688534 0.0037961 -0.0171415 0.00707827 0.999828 -0.00233631 0.0 0.0 0.0 1.0
office/seq-06/color/frame-000097.color.png office/seq-06/color/frame-000098.color.png 1.0 -0.00017451 0.000345969 -0.000358909 0.000174815 1.0 -0.000880246 0.00120905 -0.000345725 0.000880306 1.0 4.68642e-05 0.0 0.0 0.0 1.0
office/seq-06/color/frame-000098.color.png office/seq-06/color/frame-000099.color.png 0.99997 -0.0053091 0.00555702 0.0118389 0.00530791 0.999986 0.000227876 -0.00459439 -0.00555828 -0.00019837 0.999985 -0.00170293 0.0 0.0 0.0 1.0
office/seq-06/color/frame-000099.color.png office/seq-06/color/frame-000100.color.png 0.999939 -0.00777669 0.0079007 0.0101086 0.0077732 0.99997 0.000471342 -0.0121831 -0.00790404 -0.000409899 0.999969 0.000624165 0.0 0.0 0.0 1.0
office/seq-06/color/frame-000100.color.png office/seq-06/color/frame-000101.color.png 0.999936 -0.00329135 0.0108346 0.012867 0.00338068 0.99996 -0.00823662 0.00266567 -0.010807 0.00827272 0.999907 0.00558096 0.0 0.0 0.0 1.0
office/seq-06/color/frame-000101.color.png office/seq-06/color/frame-000102.color.png 0.999718 -0.00311178 0.0235329 -0.00116867 0.00324359 0.999979 -0.00556511 0.00164592 -0.0235151 0.00563987 0.999708 0.00673313 0.0 0.0 0.0 1.0
office/seq-06/color/frame-000102.color.png office/seq-06/color/frame-000103.color.png 0.999914 -0.00135398 0.0130155 0.00481486 0.00145868 0.999967 -0.00803844 0.00968054 -0.0130042 0.00805674 0.999883 0.00218011 0.0 0.0 0.0 1.0
office/seq-06/color/frame-000103.color.png office/seq-06/color/frame-000104.color.png 0.999976 -0.000196266 0.0069835 0.00679621 0.000161915 0.999988 0.00491905 -0.00566047 -0.00698435 -0.00491779 0.999963 0.00406183 0.0 0.0 0.0 1.0
office/seq-06/color/frame-000104.color.png office/seq-06/color/frame-000105.color.png 0.999966 -0.00297356 0.00773782 0.0048292 0.00297151 0.999996 0.000277206 -0.000924945 -0.00773859 -0.000254203 0.99997 0.000527248 0.0 0.0 0.0 1.0
office/seq-06/color/frame-000105.color.png office/seq-06/color/frame-000106.color.png 0.999985 0.00108831 0.0052906 0.00929752 -0.00108949 0.999999 0.000220876 0.000853628 -0.00529041 -0.000226636 0.999986 0.00459603 0.0 0.0 0.0 1.0
office/seq-06/color/frame-000106.color.png office/seq-06/color/frame-000107.color.png 1.0 -0.000317099 0.000852634 -0.00167888 0.000317161 1.0 -7.56064e-05 6.85453e-07 -0.000852556 7.5874e-05 1.0 0.000783905 0.0 0.0 0.0 1.0
office/seq-06/color/frame-000107.color.png office/seq-06/color/frame-000108.color.png 0.999922 0.00874093 0.00887819 0.00963756 -0.00880888 0.999932 0.00764377 -0.0144641 -0.00881084 -0.00772139 0.999932 -0.00794012 0.0 0.0 0.0 1.0
office/seq-06/color/frame-000108.color.png office/seq-06/color/frame-000109.color.png 0.999967 -0.00250656 0.00771466 0.0017052 0.00251592 0.999996 -0.00120298 0.000510544 -0.00771162 0.00122235 0.999969 0.00488918 0.0 0.0 0.0 1.0
office/seq-06/color/frame-000109.color.png office/seq-06/color/frame-000110.color.png 0.99999 -0.00444294 -0.000404636 0.00920683 0.00444189 0.999987 -0.00256388 0.00324509 0.000416045 0.00256206 0.999997 0.000601619 0.0 0.0 0.0 1.0
office/seq-06/color/frame-000110.color.png office/seq-06/color/frame-000111.color.png 0.999998 -0.00198157 -0.000387606 0.00246733 0.00198333 0.999988 0.00459977 -0.0042991 0.000378466 -0.00460053 0.999989 0.00106266 0.0 0.0 0.0 1.0
office/seq-06/color/frame-000111.color.png office/seq-06/color/frame-000112.color.png 0.999998 -7.8716e-05 -0.002082 0.00797769 8.6951e-05 0.999992 0.00395564 -0.00531527 0.00208167 -0.00395582 0.99999 0.000256807 0.0 0.0 0.0 1.0
office/seq-06/color/frame-000112.color.png office/seq-06/color/frame-000113.color.png 1.0 -0.000198153 2.5029e-05 0.00850838 0.00019804 0.99999 0.00446666 -0.0074192 -2.58949e-05 -0.00446665 0.99999 0.00379743 0.0 0.0 0.0 1.0
office/seq-06/color/frame-000113.color.png office/seq-06/color/frame-000114.color.png 0.999968 -0.00783844 0.0015284 0.00373021 0.00783627 0.999968 0.00141617 -0.00562415 -0.00153948 -0.00140415 0.999998 0.00534832 0.0 0.0 0.0 1.0
office/seq-06/color/frame-000114.color.png office/seq-06/color/frame-000115.color.png 0.999995 0.00221326 -0.00217698 0.0140216 -0.00219673 0.999969 0.00756518 -0.0147664 0.00219367 -0.00756036 0.999969 0.00152747 0.0 0.0 0.0 1.0
office/seq-06/color/frame-000115.color.png office/seq-06/color/frame-000116.color.png 0.999991 -0.00191875 0.0038426 0.0017921 0.00192039 0.999998 -0.000423409 -0.00614274 -0.00384179 0.000430785 0.999993 0.00817369 0.0 0.0 0.0 1.0
office/seq-06/color/frame-000116.color.png office/seq-06/color/frame-000117.color.png 1.0 -0.000143851 -0.000342528 0.00061962 0.00014385 1.0 -2.96353e-06 -7.95126e-05 0.000342544 2.91439e-06 1.0 -6.02603e-05 0.0 0.0 0.0 1.0
office/seq-06/color/frame-000117.color.png office/seq-06/color/frame-000118.color.png 0.999999 0.000562595 0.00122419 0.00901687 -0.000562748 1.0 0.000124573 -0.00758642 -0.00122415 -0.000125261 0.999999 0.00913344 0.0 0.0 0.0 1.0
office/seq-06/color/frame-000118.color.png office/seq-06/color/frame-000119.color.png 0.999982 -0.00293937 0.00532413 0.00466555 0.00294349 0.999995 -0.000765363 -0.0102713 -0.00532187 0.00078102 0.999986 0.0122361 0.0 0.0 0.0 1.0
office/seq-06/color/frame-000119.color.png office/seq-06/color/frame-000120.color.png 0.999954 -0.00788457 0.00547081 0.00049305 0.00791564 0.999952 -0.00568052 -0.00511035 -0.00542573 0.00572356 0.999969 0.0157772 0.0 0.0 0.0 1.0
office/seq-06/color/frame-000120.color.png office/seq-06/color/frame-000121.color.png 0.999972 -0.00714589 0.00235496 0.00068295 0.00714995 0.999973 -0.00171687 -0.0132092 -0.00234263 0.00173366 0.999996 0.0129745 0.0 0.0 0.0 1.0
office/seq-06/color/frame-000121.color.png office/seq-06/color/frame-000122.color.png 0.999962 -0.00817572 -0.00313189 0.0135935 0.00816423 0.99996 -0.00366176 -0.0167458 0.00316173 0.00363605 0.999988 0.00966199 0.0 0.0 0.0 1.0
office/seq-06/color/frame-000122.color.png office/seq-06/color/frame-000123.color.png 0.999974 -0.0063715 0.003261 0.00544095 0.00639411 0.999955 -0.00696959 -0.00674155 -0.00321647 0.00699026 0.99997 0.0132905 0.0 0.0 0.0 1.0
office/seq-06/color/frame-000123.color.png office/seq-06/color/frame-000124.color.png 0.99996 -0.00439737 0.00781032 -2.20537e-06 0.00445953 0.999958 -0.00795973 -0.00668773 -0.00777499 0.00799425 0.999938 0.0167791 0.0 0.0 0.0 1.0
office/seq-06/color/frame-000124.color.png office/seq-06/color/frame-000125.color.png 0.999959 -0.00803677 0.00413978 0.00388509 0.00806168 0.999949 -0.00603222 -0.0139556 -0.00409108 0.00606534 0.999973 0.0144924 0.0 0.0 0.0 1.0
office/seq-06/color/frame-000125.color.png office/seq-06/color/frame-000126.color.png 0.999958 -0.00911716 0.00129489 0.0128155 0.00912944 0.99991 -0.0098148 -0.0121243 -0.00120531 0.0098262 0.999951 0.0124807 0.0 0.0 0.0 1.0
office/seq-06/color/frame-000126.color.png office/seq-06/color/frame-000127.color.png 0.99999 -0.00132889 -0.00414452 0.00731772 0.00133879 0.999996 0.0023872 -0.00526395 0.00414134 -0.00239272 0.999988 -0.00253655 0.0 0.0 0.0 1.0
office/seq-06/color/frame-000127.color.png office/seq-06/color/frame-000128.color.png 0.99991 -0.008013 0.0107287 0.00204927 0.00811895 0.999918 -0.00986889 -0.00697562 -0.0106488 0.0099551 0.999894 0.0190122 0.0 0.0 0.0 1.0
office/seq-06/color/frame-000128.color.png office/seq-06/color/frame-000129.color.png 0.999931 -0.00700477 0.00948234 -0.0041222 0.00708164 0.999942 -0.00809636 -0.009018 -0.00942508 0.00816296 0.999922 0.0192548 0.0 0.0 0.0 1.0
office/seq-06/color/frame-000129.color.png office/seq-06/color/frame-000130.color.png 0.999973 -0.00710851 0.00173073 0.007209 0.00711551 0.999966 -0.004071 -0.0141687 -0.00170174 0.00408319 0.99999 0.0125387 0.0 0.0 0.0 1.0
office/seq-06/color/frame-000130.color.png office/seq-06/color/frame-000131.color.png 0.999958 -0.00861971 0.00310733 0.00599515 0.00864362 0.999933 -0.00776831 -0.00314656 -0.00304016 0.00779485 0.999965 0.0129293 0.0 0.0 0.0 1.0
office/seq-06/color/frame-000131.color.png office/seq-06/color/frame-000132.color.png 0.999956 -0.00774773 0.00525351 -0.00516874 0.00776578 0.999964 -0.0034241 -0.00870112 -0.00522678 0.00346475 0.99998 0.0188114 0.0 0.0 0.0 1.0
office/seq-06/color/frame-000132.color.png office/seq-06/color/frame-000133.color.png 0.999982 -0.00567529 0.00176824 0.00320494 0.00568037 0.99998 -0.00287958 -0.0107649 -0.00175186 0.00288957 0.999994 0.0133315 0.0 0.0 0.0 1.0
office/seq-06/color/frame-000133.color.png office/seq-06/color/frame-000134.color.png 0.999951 -0.00931262 0.00328745 -0.000217438 0.00931748 0.999956 -0.00146942 -0.0179542 -0.00327362 0.00149997 0.999993 0.0129841 0.0 0.0 0.0 1.0
office/seq-06/color/frame-000134.color.png office/seq-06/color/frame-000135.color.png 0.99994 -0.0109511 -0.000366337 0.00399905 0.0109472 0.999896 -0.00939431 -0.00712618 0.000469135 0.00938972 0.999956 0.0141232 0.0 0.0 0.0 1.0
office/seq-06/color/frame-000135.color.png office/seq-06/color/frame-000136.color.png 1.0 0.000538315 -5.36157e-05 0.000328481 -0.000538271 0.999999 0.00103213 -0.00182188 5.41888e-05 -0.00103208 0.999999 -0.000637501 0.0 0.0 0.0 1.0
office/seq-06/color/frame-000136.color.png office/seq-06/color/frame-000137.color.png 0.999966 -0.00823833 0.000479162 0.00269634 0.00824186 0.999934 -0.00794984 -0.00110468 -0.000413618 0.00795352 0.999968 0.0124459 0.0 0.0 0.0 1.0
office/seq-06/color/frame-000137.color.png office/seq-06/color/frame-000138.color.png 0.999979 -0.00619615 0.00179294 -0.000488281 0.0061966 0.999981 -0.000242667 -0.0100188 -0.00179144 0.00025378 0.999998 0.00960958 0.0 0.0 0.0 1.0
office/seq-06/color/frame-000138.color.png office/seq-06/color/frame-000139.color.png 0.99998 -0.00633146 -0.000276868 0.00548202 0.00633202 0.999978 0.00197369 -0.0162573 0.000264404 -0.00197542 0.999998 0.00903448 0.0 0.0 0.0 1.0
office/seq-06/color/frame-000139.color.png office/seq-06/color/frame-000140.color.png 0.999972 -0.00648806 0.00384933 0.00522453 0.00650097 0.999973 -0.00335206 -0.00907072 -0.00382744 0.00337701 0.999987 0.0131867 0.0 0.0 0.0 1.0
office/seq-06/color/frame-000140.color.png office/seq-06/color/frame-000141.color.png 0.999967 -0.0041576 0.00700811 0.00556457 0.00415207 0.999991 0.000802753 -0.0142046 -0.00701143 -0.000773652 0.999975 0.010973 0.0 0.0 0.0 1.0
office/seq-06/color/frame-000141.color.png office/seq-06/color/frame-000142.color.png 0.999882 -0.00821248 0.0129465 -0.0149499 0.00824308 0.999963 -0.00231051 -0.01206 -0.012927 0.00241697 0.999914 0.0176453 0.0 0.0 0.0 1.0
office/seq-06/color/frame-000142.color.png office/seq-06/color/frame-000143.color.png 0.999967 -0.00681696 0.00438062 -0.00266689 0.00683751 0.999966 -0.00469372 -0.0123897 -0.00434846 0.00472352 0.999979 0.0149729 0.0 0.0 0.0 1.0
office/seq-06/color/frame-000143.color.png office/seq-06/color/frame-000144.color.png 0.999971 -0.00692816 0.00311852 0.00465381 0.00695348 0.999942 -0.00818522 0.000647783 -0.00306164 0.00820667 0.999962 0.013278 0.0 0.0 0.0 1.0
office/seq-06/color/frame-000144.color.png office/seq-06/color/frame-000145.color.png 1.0 -0.000166471 0.000405775 -0.00107807 0.000166498 1.0 -0.000108167 3.71933e-05 -0.000405733 0.000108223 1.0 0.000719488 0.0 0.0 0.0 1.0
office/seq-06/color/frame-000145.color.png office/seq-06/color/frame-000146.color.png 0.999939 -0.00342314 0.0104501 -0.00678188 0.0033857 0.999988 0.00359847 -0.0128321 -0.0104623 -0.00356285 0.999939 0.0122342 0.0 0.0 0.0 1.0
office/seq-06/color/frame-000146.color.png office/seq-06/color/frame-000147.color.png 0.999939 -0.00896575 0.00650119 -0.00844526 0.00898774 0.999954 -0.00336055 -0.00758582 -0.00647078 0.00341875 0.999973 0.0169783 0.0 0.0 0.0 1.0
office/seq-06/color/frame-000147.color.png office/seq-06/color/frame-000148.color.png 0.999976 -0.00650484 0.00235725 0.00246102 0.00650466 0.999979 5.42242e-05 -0.00769472 -0.00235754 -3.88828e-05 0.999997 0.0102157 0.0 0.0 0.0 1.0
office/seq-06/color/frame-000148.color.png office/seq-06/color/frame-000149.color.png 0.999966 -0.00401603 0.00716498 -0.00312054 0.00402306 0.999991 -0.000960834 -0.00618792 -0.00716106 0.000989617 0.999974 0.0175792 0.0 0.0 0.0 1.0
office/seq-06/color/frame-000149.color.png office/seq-06/color/frame-000150.color.png 0.999946 -0.00431573 0.0094548 -0.000712097 0.00431046 0.999991 0.000576888 -0.010869 -0.00945718 -0.000536094 0.999955 0.0141858 0.0 0.0 0.0 1.0
office/seq-06/color/frame-000150.color.png office/seq-06/color/frame-000151.color.png 0.999999 -0.000630281 -0.000936928 0.000814676 0.000628377 0.999998 -0.00201136 0.00303936 0.000938169 0.00201072 0.999998 0.00252378 0.0 0.0 0.0 1.0
office/seq-06/color/frame-000151.color.png office/seq-06/color/frame-000152.color.png 0.999802 -0.00697475 0.0186575 -0.0196422 0.00692593 0.999972 0.0026812 -0.0131903 -0.0186756 -0.00255146 0.999822 0.0164667 0.0 0.0 0.0 1.0
office/seq-06/color/frame-000152.color.png office/seq-06/color/frame-000153.color.png 0.999899 -0.00994874 0.0101088 -0.0173157 0.00997221 0.999948 -0.00227543 -0.00410229 -0.0100856 0.00237604 0.999946 0.0207365 0.0 0.0 0.0 1.0
office/seq-06/color/frame-000153.color.png office/seq-06/color/frame-000154.color.png 0.999922 -0.0119822 0.00344162 -0.00940746 0.011979 0.999928 0.000922572 -0.0118858 -0.00345242 -0.00088128 0.999994 0.0148692 0.0 0.0 0.0 1.0
office/seq-06/color/frame-000154.color.png office/seq-06/color/frame-000155.color.png 0.999921 -0.0123984 0.00219077 -0.00207645 0.0123888 0.999914 0.00438702 -0.0220764 -0.00224498 -0.00435955 0.999988 0.00533843 0.0 0.0 0.0 1.0
office/seq-06/color/frame-000155.color.png office/seq-06/color/frame-000156.color.png 0.999949 -0.0066745 0.00755499 -0.00475293 0.00667966 0.999978 -0.00066128 -0.0101444 -0.0075504 0.000711675 0.999971 0.0144594 0.0 0.0 0.0 1.0
office/seq-06/color/frame-000156.color.png office/seq-06/color/frame-000157.color.png 1.0 5.25426e-05 0.000220784 -0.00038147 -5.25713e-05 1.0 4.19852e-05 -2.3365e-05 -0.000220791 -4.19952e-05 1.0 0.000127137 0.0 0.0 0.0 1.0
office/seq-06/color/frame-000157.color.png office/seq-06/color/frame-000158.color.png 0.999893 -0.0100035 0.0106748 -0.010781 0.0100479 0.999941 -0.00411275 -0.00649458 -0.010633 0.00421956 0.999935 0.0173509 0.0 0.0 0.0 1.0
office/seq-06/color/frame-000158.color.png office/seq-06/color/frame-000159.color.png 0.999889 -0.0100107 0.0110513 -0.0189698 0.0100219 0.99995 -0.000949005 -0.0069766 -0.0110412 0.00105969 0.999938 0.0165488 0.0 0.0 0.0 1.0
office/seq-06/color/frame-000159.color.png office/seq-06/color/frame-000160.color.png 0.999946 -0.0075908 0.00713436 -0.0148329 0.00757726 0.999969 0.00191601 -0.0128941 -0.0071487 -0.00186183 0.999973 0.0116554 0.0 0.0 0.0 1.0
office/seq-06/color/frame-000160.color.png office/seq-06/color/frame-000161.color.png 0.999991 -0.0037842 -0.00206016 0.00713909 0.00379251 0.999985 0.00403827 -0.0160318 0.00204485 -0.00404605 0.99999 0.00231987 0.0 0.0 0.0 1.0
office/seq-06/color/frame-000161.color.png office/seq-06/color/frame-000162.color.png 1.0 -7.67767e-05 0.000137821 -0.000261784 7.68488e-05 1.0 -0.000527935 0.00094223 -0.000137779 0.000527958 1.0 0.000574589 0.0 0.0 0.0 1.0
office/seq-06/color/frame-000162.color.png office/seq-06/color/frame-000163.color.png 0.999975 -0.00264872 0.00648483 0.000357091 0.00264372 0.999996 0.000785565 -0.0106836 -0.00648689 -0.000768425 0.999979 0.0115049 0.0 0.0 0.0 1.0
office/seq-06/color/frame-000163.color.png office/seq-06/color/frame-000164.color.png 0.999813 -0.0136537 0.0136765 -0.0203833 0.0136457 0.999907 0.000667131 -0.0160035 -0.0136843 -0.000480389 0.999906 0.0200979 0.0 0.0 0.0 1.0
office/seq-06/color/frame-000164.color.png office/seq-06/color/frame-000165.color.png 0.999912 -0.00910207 0.00966935 -0.0176239 0.00918328 0.999923 -0.00838265 -0.000813067 -0.00959231 0.00847073 0.999918 0.0209641 0.0 0.0 0.0 1.0
office/seq-06/color/frame-000165.color.png office/seq-06/color/frame-000166.color.png 0.999986 0.00311688 0.00417878 -0.0014689 -0.00311032 0.999994 -0.00155568 -0.0016374 -0.0041836 0.00154264 0.99999 0.0127074 0.0 0.0 0.0 1.0
office/seq-06/color/frame-000166.color.png office/seq-06/color/frame-000167.color.png 0.999987 0.00209791 0.00463553 0.000342488 -0.00211175 0.999993 0.0029805 -0.0137409 -0.00462925 -0.00299021 0.999985 0.0110354 0.0 0.0 0.0 1.0
office/seq-06/color/frame-000167.color.png office/seq-06/color/frame-000168.color.png 1.0 0.000241674 0.000251322 -0.000282288 -0.000241659 1.0 8.64128e-05 -9.81688e-05 -0.000251289 -8.64668e-05 1.0 0.000291348 0.0 0.0 0.0 1.0
office/seq-06/color/frame-000168.color.png office/seq-06/color/frame-000169.color.png 0.99996 -0.00234153 0.00866305 -0.00572622 0.00238024 0.999987 -0.00446803 -0.00778836 -0.0086525 0.00448847 0.999952 0.0182922 0.0 0.0 0.0 1.0
office/seq-06/color/frame-000169.color.png office/seq-06/color/frame-000170.color.png 0.999869 -0.00730102 0.0144567 -0.0204044 0.00741801 0.99994 -0.00805368 -0.00237525 -0.014397 0.00815987 0.999863 0.0235665 0.0 0.0 0.0 1.0
office/seq-06/color/frame-000170.color.png office/seq-06/color/frame-000171.color.png 0.999945 -0.00482321 0.00929263 -0.0173342 0.00484845 0.999985 -0.0026967 -0.0125157 -0.00927946 0.00274155 0.999953 0.0156156 0.0 0.0 0.0 1.0
office/seq-06/color/frame-000171.color.png office/seq-06/color/frame-000172.color.png 0.999989 -0.0045464 0.000868244 -0.00591141 0.00455702 0.99991 -0.0126122 0.00317806 -0.000810817 0.012616 0.99992 0.0168788 0.0 0.0 0.0 1.0
office/seq-06/color/frame-000172.color.png office/seq-06/color/frame-000173.color.png 0.999996 1.71344e-05 0.00285078 -0.00620937 -2.24331e-05 0.999998 0.00184288 -0.0035947 -0.00285076 -0.00184293 0.999994 -0.000751495 0.0 0.0 0.0 1.0
