fire/seq-03/color/frame-000000.color.png fire/seq-03/color/frame-000001.color.png 1.0 5.27757e-05 1.90604e-05 -7.60207e-06 -5.27911e-05 1.0 0.000811314 0.00162232 -1.90176e-05 -0.000811315 1.0 0.000931719 0.0 0.0 0.0 1.0
fire/seq-03/color/frame-000001.color.png fire/seq-03/color/frame-000002.color.png 0.999999 -0.000474865 -0.00106051 0.00171608 0.000476899 0.999998 0.00191844 -0.00116522 0.00105959 -0.00191894 0.999998 -9.70619e-05 0.0 0.0 0.0 1.0
fire/seq-03/color/frame-000002.color.png fire/seq-03/color/frame-000003.color.png 1.0 0.000383775 0.000246297 -0.000479104 -0.000384015 0.999999 0.000974778 -0.00110964 -0.000245922 -0.000974872 0.999999 0.000978331 0.0 0.0 0.0 1.0
fire/seq-03/color/frame-000003.color.png fire/seq-03/color/frame-000004.color.png 0.999998 -0.000837701 -0.00199266 0.00233824 0.000839551 0.999999 0.000928037 -0.00155607 0.00199188 -0.000929708 0.999998 0.000314488 0.0 0.0 0.0 1.0
fire/seq-03/color/frame-000004.color.png fire/seq-03/color/frame-000005.color.png 0.999999 -0.00035093 -0.00136845 0.00140241 0.000349876 1.0 -0.000770287 0.00130759 0.00136872 0.000769807 0.999999 0.00128299 0.0 0.0 0.0 1.0
fire/seq-03/color/frame-000005.color.png fire/seq-03/color/frame-000006.color.png 1.0 -0.000494796 0.000839189 -0.000752286 0.000493747 0.999999 0.00124985 0.00181214 -0.000839807 -0.00124944 0.999999 0.000236897 0.0 0.0 0.0 1.0
fire/seq-03/color/frame-000006.color.png fire/seq-03/color/frame-000007.color.png 1.0 -0.000353854 -0.000839454 0.00302899 0.000357628 0.99999 0.00449897 -0.00107574 0.000837854 -0.00449927 0.99999 0.00117428 0.0 0.0 0.0 1.0
fire/seq-03/color/frame-000007.color.png fire/seq-03/color/frame-000008.color.png 0.999999 0.00104103 0.000692794 -0.000189567 -0.00104344 0.999993 0.00349314 -0.00184065 -0.000689153 -0.00349386 0.999994 0.00118579 0.0 0.0 0.0 1.0
fire/seq-03/color/frame-000008.color.png fire/seq-03/color/frame-000009.color.png 0.999997 0.00186388 -0.00126027 0.00128798 -0.00186 0.999994 0.00306875 -0.000936981 0.00126598 -0.0030664 0.999995 0.000876763 0.0 0.0 0.0 1.0
fire/seq-03/color/frame-000009.color.png fire/seq-03/color/frame-000010.color.png 0.999985 0.00520916 -0.00196159 0.00360787 -0.00520269 0.999981 0.0032892 -0.000260533 0.00197869 -0.00327895 0.999993 0.00253974 0.0 0.0 0.0 1.0
fire/seq-03/color/frame-000010.color.png fire/seq-03/color/frame-000011.color.png 0.999996 0.00286351 0.000668478 0.00203896 -0.00286439 0.999995 0.00131623 -0.0048391 -0.000664706 -0.00131814 0.999999 0.00603274 0.0 0.0 0.0 1.0
fire/seq-03/color/frame-000011.color.png fire/seq-03/color/frame-000012.color.png 0.999993 0.00150433 -0.00351922 0.00455529 -0.00151999 0.999989 -0.00445065 -0.000369757 0.00351248 0.00445597 0.999984 0.000960657 0.0 0.0 0.0 1.0
fire/seq-03/color/frame-000012.color.png fire/seq-03/color/frame-000013.color.png 0.999999 0.000880007 0.000779361 0.00145763 -0.000879682 1.0 -0.000417083 9.46606e-05 -0.000779728 0.000416392 1.0 0.00334688 0.0 0.0 0.0 1.0
fire/seq-03/color/frame-000013.color.png fire/seq-03/color/frame-000014.color.png 0.999999 -0.000971023 -0.00101644 0.00217292 0.000973588 0.999996 0.0025239 -0.00148764 0.00101398 -0.00252488 0.999996 0.000580331 0.0 0.0 0.0 1.0
fire/seq-03/color/frame-000014.color.png fire/seq-03/color/frame-000015.color.png 0.999992 0.0028948 -0.00269113 0.00397454 -0.00288207 0.999985 0.00472349 -0.00260499 0.00270476 -0.0047157 0.999985 0.003701 0.0 0.0 0.0 1.0
fire/seq-03/color/frame-000015.color.png fire/seq-03/color/frame-000016.color.png 0.999993 0.00383417 -2.01124e-05 0.00285459 -0.00383411 0.999989 0.0027306 -0.000565562 3.05815e-05 -0.0027305 0.999996 0.00410316 0.0 0.0 0.0 1.0
fire/seq-03/color/frame-000016.color.png fire/seq-03/color/frame-000017.color.png 0.999998 0.000800593 0.00188786 0.00302399 -0.000806597 0.999995 0.00318357 -0.00124216 -0.0018853 -0.00318509 0.999993 0.00203315 0.0 0.0 0.0 1.0
fire/seq-03/color/frame-000017.color.png fire/seq-03/color/frame-000018.color.png 0.999999 0.00108729 -0.000692836 0.00472092 -0.00108452 0.999991 0.0039816 -0.00375939 0.000697158 -0.00398085 0.999992 0.00593871 0.0 0.0 0.0 1.0
fire/seq-03/color/frame-000018.color.png fire/seq-03/color/frame-000019.color.png 0.999985 0.00543533 0.000589223 0.00479911 -0.00543559 0.999985 0.00043907 -0.000111936 -0.000586828 -0.000442267 1.0 0.00504875 0.0 0.0 0.0 1.0
fire/seq-03/color/frame-000019.color.png fire/seq-03/color/frame-000020.color.png 0.999999 -0.000569442 0.00135272 0.00541169 0.00056659 0.999998 0.00210987 -0.00319165 -0.00135392 -0.0021091 0.999997 0.00595663 0.0 0.0 0.0 1.0
fire/seq-03/color/frame-000020.color.png fire/seq-03/color/frame-000021.color.png 0.999999 0.00108457 -0.000477042 0.003689 -0.0010833 0.999996 0.00265389 -0.00298204 0.000479918 -0.00265337 0.999996 0.00387054 0.0 0.0 0.0 1.0
fire/seq-03/color/frame-000021.color.png fire/seq-03/color/frame-000022.color.png 0.99999 0.00430115 -0.000858347 0.00639914 -0.00429927 0.999988 0.00218075 0.000201769 0.000867717 -0.00217704 0.999997 0.00644185 0.0 0.0 0.0 1.0
fire/seq-03/color/frame-000022.color.png fire/seq-03/color/frame-000023.color.png 0.999998 0.000609837 0.00176705 0.00286871 -0.000617152 0.999991 0.00413933 -0.00523175 -0.00176451 -0.00414041 0.99999 0.00594909 0.0 0.0 0.0 1.0
fire/seq-03/color/frame-000023.color.png fire/seq-03/color/frame-000024.color.png 1.0 -0.000681202 0.00021677 0.00357487 0.000680752 0.999998 0.00208535 -4.89615e-05 -0.000218187 -0.00208521 0.999998 0.00417451 0.0 0.0 0.0 1.0
fire/seq-03/color/frame-000024.color.png fire/seq-03/color/frame-000025.color.png 0.999983 -0.00114889 0.00571567 0.00969024 0.00106987 0.999904 0.0138091 -0.00709525 -0.00573099 -0.0138028 0.999888 0.0148762 0.0 0.0 0.0 1.0
fire/seq-03/color/frame-000025.color.png fire/seq-03/color/frame-000026.color.png 0.999995 -0.00309862 0.000296268 0.00699358 0.00309725 0.999985 0.00453531 -0.00434545 -0.000310317 -0.00453436 0.99999 0.0060443 0.0 0.0 0.0 1.0
fire/seq-03/color/frame-000026.color.png fire/seq-03/color/frame-000027.color.png 0.999989 -0.00395196 0.00262814 0.00813466 0.00394133 0.999984 0.00403649 0.000336409 -0.00264405 -0.00402607 0.999988 0.00516053 0.0 0.0 0.0 1.0
fire/seq-03/color/frame-000027.color.png fire/seq-03/color/frame-000028.color.png 0.999957 -0.00604182 0.00705939 0.00478908 0.00597413 0.999936 0.00956993 -0.00926802 -0.00711676 -0.00952736 0.999929 0.00987528 0.0 0.0 0.0 1.0
fire/seq-03/color/frame-000028.color.png fire/seq-03/color/frame-000029.color.png 0.999975 -0.00522475 0.00484365 0.00882366 0.00520301 0.999976 0.00449075 -0.00833363 -0.004867 -0.00446543 0.999978 0.0105315 0.0 0.0 0.0 1.0
fire/seq-03/color/frame-000029.color.png fire/seq-03/color/frame-000030.color.png 0.999983 -0.00236948 0.00535379 0.00670712 0.00235344 0.999993 0.00299908 -0.00951272 -0.00536086 -0.00298644 0.999981 0.00700191 0.0 0.0 0.0 1.0
fire/seq-03/color/frame-000030.color.png fire/seq-03/color/frame-000031.color.png 0.999926 -0.00557597 0.0108389 0.00449427 0.00554029 0.999979 0.0033193 -0.00687342 -0.0108572 -0.00325902 0.999936 0.0122966 0.0 0.0 0.0 1.0
fire/seq-03/color/frame-000031.color.png fire/seq-03/color/frame-000032.color.png 0.999981 -0.00613577 0.00083171 0.00947603 0.00613032 0.999961 0.00640179 -0.00524349 -0.000870955 -0.00639656 0.999979 0.00718103 0.0 0.0 0.0 1.0
fire/seq-03/color/frame-000032.color.png fire/seq-03/color/frame-000033.color.png 0.999952 -0.00333174 0.00921655 0.000683725 0.00326875 0.999971 0.00684077 -0.0053315 -0.00923908 -0.0068103 0.999934 0.00950281 0.0 0.0 0.0 1.0
fire/seq-03/color/frame-000033.color.png fire/seq-03/color/frame-000034.color.png 0.999975 -0.00458335 0.00529507 0.00895827 0.00454411 0.999962 0.00739807 -0.00992515 -0.00532877 -0.00737385 0.999959 0.0100248 0.0 0.0 0.0 1.0
fire/seq-03/color/frame-000034.color.png fire/seq-03/color/frame-000035.color.png 0.999921 -0.00664685 0.0106507 0.000784367 0.00660935 0.999972 0.00355205 -0.0102776 -0.010674 -0.00348138 0.999937 0.00968423 0.0 0.0 0.0 1.0
fire/seq-03/color/frame-000035.color.png fire/seq-03/color/frame-000036.color.png 0.999964 -0.00674432 0.00506043 0.00767155 0.00671758 0.999964 0.00528197 -0.00921645 -0.00509587 -0.00524781 0.999973 0.00840023 0.0 0.0 0.0 1.0
fire/seq-03/color/frame-000036.color.png fire/seq-03/color/frame-000037.color.png 0.999966 -0.00612831 0.00557205 0.0111098 0.00610721 0.999974 0.00379858 -0.00625023 -0.00559518 -0.00376438 0.999977 0.00863646 0.0 0.0 0.0 1.0
fire/seq-03/color/frame-000037.color.png fire/seq-03/color/frame-000038.color.png 0.999956 -0.00158363 0.00924585 0.00303438 0.00155494 0.999994 0.00310692 -0.00802474 -0.0092507 -0.00309242 0.999952 0.0129613 0.0 0.0 0.0 1.0
fire/seq-03/color/frame-000038.color.png fire/seq-03/color/frame-000039.color.png 0.99999 3.44594e-05 0.00446955 0.00697348 -6.12078e-05 0.999982 0.00598503 -0.0169474 -0.00446927 -0.00598526 0.999972 0.00977737 0.0 0.0 0.0 1.0
fire/seq-03/color/frame-000039.color.png fire/seq-03/color/frame-000040.color.png 0.999972 0.00347775 0.00665064 0.00218368 -0.00346046 0.999991 -0.00260828 -0.00246216 -0.00665964 0.00258517 0.999975 0.00954708 0.0 0.0 0.0 1.0
fire/seq-03/color/frame-000040.color.png fire/seq-03/color/frame-000041.color.png 0.999972 0.0043983 0.00609449 0.00287163 -0.00440902 0.999989 0.00174691 -0.00558557 -0.00608671 -0.00177371 0.99998 0.00817983 0.0 0.0 0.0 1.0
fire/seq-03/color/frame-000041.color.png fire/seq-03/color/frame-000042.color.png 0.999984 0.00051415 0.00555197 0.00321978 -0.000537801 0.999991 0.00425949 -0.0124093 -0.00554974 -0.00426244 0.999976 0.00983319 0.0 0.0 0.0 1.0
fire/seq-03/color/frame-000042.color.png fire/seq-03/color/frame-000043.color.png 0.999981 -0.00339149 0.00508663 0.00183034 0.00339505 0.999994 -0.000691523 -0.00340953 -0.00508425 0.000708777 0.999987 0.00579599 0.0 0.0 0.0 1.0
fire/seq-03/color/frame-000043.color.png fire/seq-03/color/frame-000044.color.png 0.999993 -0.00202032 0.00325978 0.00282741 0.00200226 0.999983 0.00553071 -0.00714649 -0.00327092 -0.00552412 0.999979 0.00618458 0.0 0.0 0.0 1.0
fire/seq-03/color/frame-000044.color.png fire/seq-03/color/frame-000045.color.png 1.0 0.000769219 6.33351e-05 0.0097737 -0.000769632 0.999975 0.00703599 -0.00811478 -5.79163e-05 -0.00703603 0.999975 0.00972722 0.0 0.0 0.0 1.0
fire/seq-03/color/frame-000045.color.png fire/seq-03/color/frame-000046.color.png 0.999996 0.0019546 0.00194008 0.00288223 -0.00196433 0.999985 0.00502494 -0.00780796 -0.00193025 -0.00502873 0.999986 0.00745565 0.0 0.0 0.0 1.0
fire/seq-03/color/frame-000046.color.png fire/seq-03/color/frame-000047.color.png 0.999991 0.00267601 -0.0031482 0.00577097 -0.00266705 0.999992 0.00284915 -0.00354999 0.00315582 -0.00284069 0.999991 0.00528103 0.0 0.0 0.0 1.0
fire/seq-03/color/frame-000047.color.png fire/seq-03/color/frame-000048.color.png 0.999977 0.0066744 -0.00137676 0.00389506 -0.00666569 0.999958 0.00623871 -0.00368291 0.00141836 -0.0062294 0.99998 0.00109178 0.0 0.0 0.0 1.0
fire/seq-03/color/frame-000048.color.png fire/seq-03/color/frame-000049.color.png 0.999999 0.00128656 0.000154452 0.00650412 -0.00128822 0.999935 0.0113268 -0.00935611 -0.000139878 -0.011327 0.999936 0.00574082 0.0 0.0 0.0 1.0
fire/seq-03/color/frame-000049.color.png fire/seq-03/color/frame-000050.color.png 0.999996 -0.000231563 -0.00267092 0.00594167 0.000251 0.999973 0.00727964 -0.00586721 0.00266919 -0.00728028 0.99997 0.00356847 0.0 0.0 0.0 1.0
fire/seq-03/color/frame-000050.color.png fire/seq-03/color/frame-000051.color.png 0.999991 0.0036028 -0.00237003 0.00736253 -0.00358257 0.999958 0.0084857 -0.00797473 0.00240051 -0.00847712 0.999961 0.00235087 0.0 0.0 0.0 1.0
fire/seq-03/color/frame-000051.color.png fire/seq-03/color/frame-000052.color.png 0.999972 0.00744063 0.00124663 0.0071601 -0.00744867 0.999951 0.00657519 -0.00505002 -0.00119767 -0.00658431 0.999978 0.00634941 0.0 0.0 0.0 1.0
fire/seq-03/color/frame-000052.color.png fire/seq-03/color/frame-000053.color.png 0.999996 0.00268471 0.000951098 0.00622125 -0.00268757 0.999992 0.00301841 -0.00494139 -0.000942966 -0.00302098 0.999995 0.00770617 0.0 0.0 0.0 1.0
fire/seq-03/color/frame-000053.color.png fire/seq-03/color/frame-000054.color.png 0.999955 0.00813404 -0.00486555 0.00758761 -0.00813569 0.999967 -0.000320251 -0.00318113 0.00486276 0.000359849 0.999988 0.00470531 0.0 0.0 0.0 1.0
fire/seq-03/color/frame-000054.color.png fire/seq-03/color/frame-000055.color.png 0.999968 0.00434106 -0.00666724 0.0138433 -0.00428285 0.999953 0.00871897 -0.0152948 0.0067048 -0.00869014 0.99994 0.000772089 0.0 0.0 0.0 1.0
fire/seq-03/color/frame-000055.color.png fire/seq-03/color/frame-000056.color.png 0.999999 0.00126769 -0.000710668 0.00605679 -0.00126531 0.999994 0.00333632 -0.00148749 0.000714885 -0.00333543 0.999994 0.00549611 0.0 0.0 0.0 1.0
fire/seq-03/color/frame-000056.color.png fire/seq-03/color/frame-000057.color.png 0.999983 0.00449418 -0.00361455 0.00700611 -0.00447896 0.999981 0.00420641 -0.00602368 0.0036334 -0.00419012 0.999985 0.00433388 0.0 0.0 0.0 1.0
fire/seq-03/color/frame-000057.color.png fire/seq-03/color/frame-000058.color.png 0.999942 0.00882542 -0.00618989 0.0118185 -0.00880959 0.999958 0.00257932 -0.00758833 0.0062124 -0.00252465 0.999978 0.00117013 0.0 0.0 0.0 1.0
fire/seq-03/color/frame-000058.color.png fire/seq-03/color/frame-000059.color.png 0.999981 0.00532279 -0.00310546 0.00874633 -0.00532173 0.999986 0.000352706 -0.00489108 0.00310726 -0.000336243 0.999995 0.00419396 0.0 0.0 0.0 1.0
fire/seq-03/color/frame-000059.color.png fire/seq-03/color/frame-000060.color.png 0.999965 0.00792017 -0.00273739 0.00780347 -0.0079272 0.999965 -0.00257022 -0.00067687 0.00271695 0.00259185 0.999993 0.00369895 0.0 0.0 0.0 1.0
fire/seq-03/color/frame-000060.color.png fire/seq-03/color/frame-000061.color.png 0.999971 0.00561086 -0.00518934 0.0109783 -0.0056215 0.999982 -0.00204019 -0.00130111 0.0051778 0.00206933 0.999985 0.00207034 0.0 0.0 0.0 1.0
fire/seq-03/color/frame-000061.color.png fire/seq-03/color/frame-000062.color.png 0.999968 0.00442769 -0.00658599 0.00985268 -0.00443791 0.999989 -0.00153754 -0.00153169 0.00657913 0.00156674 0.999977 0.00226942 0.0 0.0 0.0 1.0
fire/seq-03/color/frame-000062.color.png fire/seq-03/color/frame-000063.color.png 0.999905 0.0102879 -0.00916579 0.0129347 -0.0102909 0.999947 -0.000279708 -0.00231576 0.00916243 0.000374035 0.999958 -0.000183731 0.0 0.0 0.0 1.0
fire/seq-03/color/frame-000063.color.png fire/seq-03/color/frame-000064.color.png 0.999953 0.007949 -0.00559785 0.0128786 -0.00795513 0.999968 -0.0010757 -0.00117841 0.00558912 0.00112019 0.999984 0.00387514 0.0 0.0 0.0 1.0
fire/seq-03/color/frame-000064.color.png fire/seq-03/color/frame-000065.color.png 0.999957 0.00638209 -0.00670299 0.0138637 -0.00639059 0.999979 -0.00124678 -0.00103369 0.00669488 0.00128951 0.999977 0.000436246 0.0 0.0 0.0 1.0
fire/seq-03/color/frame-000065.color.png fire/seq-03/color/frame-000066.color.png 0.999925 0.00955535 -0.00762931 0.0150087 -0.00957651 0.99995 -0.00274136 0.00296795 0.00760274 0.00281425 0.999967 -0.000360548 0.0 0.0 0.0 1.0
fire/seq-03/color/frame-000066.color.png fire/seq-03/color/frame-000067.color.png 0.999963 0.00669173 -0.00547845 0.0139039 -0.00668488 0.999977 0.0012657 -0.00504357 0.0054868 -0.00122904 0.999984 0.000622332 0.0 0.0 0.0 1.0
fire/seq-03/color/frame-000067.color.png fire/seq-03/color/frame-000068.color.png 0.999961 0.00603997 -0.00646754 0.0145216 -0.00605278 0.99998 -0.00196407 -0.00108489 0.00645554 0.00200315 0.999977 -0.00164485 0.0 0.0 0.0 1.0
fire/seq-03/color/frame-000068.color.png fire/seq-03/color/frame-000069.color.png 0.999915 0.0114105 -0.00627259 0.0155232 -0.0114458 0.999919 -0.00561668 0.00468042 0.006208 0.00568796 0.999964 -0.00250202 0.0 0.0 0.0 1.0
fire/seq-03/color/frame-000069.color.png fire/seq-03/color/frame-000070.color.png 0.999967 0.00642956 -0.00504922 0.0135657 -0.00643515 0.999979 -0.00108963 -0.000355065 0.00504211 0.00112212 0.999987 -0.00186294 0.0 0.0 0.0 1.0
fire/seq-03/color/frame-000070.color.png fire/seq-03/color/frame-000071.color.png 0.999951 0.00573183 -0.00801767 0.0167215 -0.00571035 0.99998 0.0026986 -0.00526774 0.00803297 -0.0026527 0.999964 -0.00217381 0.0 0.0 0.0 1.0
fire/seq-03/color/frame-000071.color.png fire/seq-03/color/frame-000072.color.png 0.999942 0.00574905 -0.0091589 0.0199236 -0.00575161 0.999984 -0.000254814 0.00132993 0.00915728 0.000307451 0.999958 -0.00168914 0.0 0.0 0.0 1.0
fire/seq-03/color/frame-000072.color.png fire/seq-03/color/frame-000073.color.png 0.999961 0.00436539 -0.00763682 0.0168285 -0.00436491 0.99999 8.15377e-05 -0.000292212 0.00763711 -4.81462e-05 0.999971 -0.00388363 0.0 0.0 0.0 1.0
fire/seq-03/color/frame-000073.color.png fire/seq-03/color/frame-000074.color.png 0.999948 0.00122647 -0.0101237 0.0181409 -0.00120205 0.999996 0.00241435 -0.00510535 0.0101266 -0.00240209 0.999946 -0.00373048 0.0 0.0 0.0 1.0
fire/seq-03/color/frame-000074.color.png fire/seq-03/color/frame-000075.color.png 0.999956 0.00473523 -0.00809747 0.0147859 -0.00475376 0.999986 -0.00227099 0.00310281 0.0080866 0.00230939 0.999965 -0.00542101 0.0 0.0 0.0 1.0
fire/seq-03/color/frame-000075.color.png fire/seq-03/color/frame-000076.color.png 0.999973 0.00302647 -0.00668054 0.0141405 -0.0030337 0.999995 -0.00106776 -0.000121087 0.00667728 0.00108802 0.999977 -0.00185236 0.0 0.0 0.0 1.0
fire/seq-03/color/frame-000076.color.png fire/seq-03/color/frame-000077.color.png 0.999964 0.00169004 -0.00832407 0.0155009 -0.00168261 0.999998 0.000896989 -0.00334653 0.00832556 -0.000882923 0.999965 -0.00621685 0.0 0.0 0.0 1.0
fire/seq-03/color/frame-000077.color.png fire/seq-03/color/frame-000078.color.png 0.999943 0.00199522 -0.0104491 0.018292 -0.00201089 0.999997 -0.00149256 0.00474238 0.0104461 0.00151346 0.999944 -0.00509304 0.0 0.0 0.0 1.0
fire/seq-03/color/frame-000078.color.png fire/seq-03/color/frame-000079.color.png 0.99995 0.00521549 -0.00848995 0.0170889 -0.00520996 0.999986 0.000673329 -0.000263721 0.00849334 -0.000629046 0.999964 -0.00425753 0.0 0.0 0.0 1.0
fire/seq-03/color/frame-000079.color.png fire/seq-03/color/frame-000080.color.png 0.999978 0.00132395 -0.00647491 0.0146298 -0.00131837 0.999999 0.000871516 -0.0015969 0.00647607 -0.000862992 0.999979 -0.00350887 0.0 0.0 0.0 1.0
fire/seq-03/color/frame-000080.color.png fire/seq-03/color/frame-000081.color.png 0.999934 0.00495488 -0.0103876 0.0209456 -0.00496562 0.999987 -0.00100549 0.00305301 0.0103825 0.00105703 0.999946 -0.00747976 0.0 0.0 0.0 1.0
fire/seq-03/color/frame-000081.color.png fire/seq-03/color/frame-000082.color.png 1.0 4.82779e-05 0.000307691 -0.000425577 -4.81888e-05 1.0 -0.000121055 0.000204057 -0.000307692 0.000121026 1.0 0.000140101 0.0 0.0 0.0 1.0
fire/seq-03/color/frame-000082.color.png fire/seq-03/color/frame-000083.color.png 0.999969 0.00227056 -0.00756857 0.0171757 -0.00224431 0.999991 0.00347607 -0.00151432 0.00757638 -0.00345896 0.999965 -0.00359839 0.0 0.0 0.0 1.0
fire/seq-03/color/frame-000083.color.png fire/seq-03/color/frame-000084.color.png 0.999981 0.00319458 -0.00535195 0.0141926 -0.00319195 0.999995 0.000503783 0.00352275 0.00535355 -0.000486735 0.999985 -0.00421035 0.0 0.0 0.0 1.0
fire/seq-03/color/frame-000084.color.png fire/seq-03/color/frame-000085.color.png 0.999982 0.00204432 -0.00569169 0.0127166 -0.002036 0.999997 0.00146365 -0.00154981 0.00569465 -0.00145203 0.999983 -0.000865698 0.0 0.0 0.0 1.0
fire/seq-03/color/frame-000085.color.png fire/seq-03/color/frame-000086.color.png 0.999987 -0.000238296 -0.00506701 0.012802 0.000233684 1.0 -0.000908166 -0.00147966 0.00506723 0.000906995 0.999987 -0.00170967 0.0 0.0 0.0 1.0
fire/seq-03/color/frame-000086.color.png fire/seq-03/color/frame-000087.color.png 0.999992 -0.00048471 -0.00404254 0.0119408 0.000479146 0.999999 -0.00137759 -0.000734895 0.00404321 0.00137564 0.999991 -0.00229126 0.0 0.0 0.0 1.0
fire/seq-03/color/frame-000087.color.png fire/seq-03/color/frame-000088.color.png 0.999981 -0.00201572 -0.0057652 0.0136208 0.00201519 0.999998 -9.51894e-05 -0.00446177 0.00576538 8.35198e-05 0.999983 -0.000265092 0.0 0.0 0.0 1.0
fire/seq-03/color/frame-000088.color.png fire/seq-03/color/frame-000089.color.png 0.999988 0.00310789 -0.00379183 0.0130405 -0.00312136 0.999989 -0.00355152 0.00180602 0.00378075 0.00356331 0.999987 -0.00134116 0.0 0.0 0.0 1.0
fire/seq-03/color/frame-000089.color.png fire/seq-03/color/frame-000090.color.png 0.999993 0.00304521 -0.00195461 0.00884646 -0.00305747 0.999975 -0.00631466 0.00593242 0.00193534 0.0063206 0.999978 0.00266361 0.0 0.0 0.0 1.0
fire/seq-03/color/frame-000090.color.png fire/seq-03/color/frame-000091.color.png 1.0 9.05123e-06 0.00015277 -0.000328064 -9.10447e-06 1.0 0.000121786 -0.00025636 -0.000152756 -0.000121753 1.0 -0.0001041 0.0 0.0 0.0 1.0
fire/seq-03/color/frame-000091.color.png fire/seq-03/color/frame-000092.color.png 0.999989 -0.00275871 -0.00373822 0.0110575 0.00275343 0.999995 -0.00142138 -0.00291389 0.00374212 0.00141106 0.999992 -0.000591159 0.0 0.0 0.0 1.0
fire/seq-03/color/frame-000092.color.png fire/seq-03/color/frame-000093.color.png 0.999996 -0.000206944 -0.00262087 0.0108255 0.00020338 0.999999 -0.00134347 -0.000706136 0.00262114 0.00134296 0.999996 -0.00101882 0.0 0.0 0.0 1.0
fire/seq-03/color/frame-000093.color.png fire/seq-03/color/frame-000094.color.png 0.999999 0.000774934 -0.00117786 0.0103763 -0.000775458 1.0 -0.000465156 -0.00303128 0.0011775 0.000466012 0.999999 0.00451908 0.0 0.0 0.0 1.0
fire/seq-03/color/frame-000094.color.png fire/seq-03/color/frame-000095.color.png 0.999995 0.000213618 -0.00329876 0.00994223 -0.000211975 1.0 0.00049047 -0.00702181 0.00329887 -0.000489738 0.999995 -0.00186747 0.0 0.0 0.0 1.0
fire/seq-03/color/frame-000095.color.png fire/seq-03/color/frame-000096.color.png 0.999987 0.00169456 -0.00475149 0.0128438 -0.0017018 0.999997 -0.00151626 0.00303486 0.00474889 0.00152433 0.999988 -0.00312814 0.0 0.0 0.0 1.0
fire/seq-03/color/frame-000096.color.png fire/seq-03/color/frame-000097.color.png 0.999995 0.000483516 -0.00305119 0.012 -0.000468366 0.999988 0.00495161 -0.00567517 0.00305355 -0.00495015 0.999983 0.00128818 0.0 0.0 0.0 1.0
fire/seq-03/color/frame-000097.color.png fire/seq-03/color/frame-000098.color.png 0.99999 0.000325232 -0.00439219 0.00995666 -0.00031827 0.999999 0.00159264 -0.00273034 0.0043927 -0.00159124 0.999989 0.00265497 0.0 0.0 0.0 1.0
fire/seq-03/color/frame-000098.color.png fire/seq-03/color/frame-000099.color.png 1.0 1.34291e-05 8.67787e-05 -0.000162542 -1.34234e-05 1.0 0.000139115 -0.000156641 -8.67836e-05 -0.000139082 1.0 0.000153393 0.0 0.0 0.0 1.0
fire/seq-03/color/frame-000099.color.png fire/seq-03/color/frame-000100.color.png 0.999981 -0.000691352 -0.00614035 0.0133605 0.000693074 1.0 0.00028036 -0.00328478 0.00614018 -0.000284609 0.999981 0.000531167 0.0 0.0 0.0 1.0
fire/seq-03/color/frame-000100.color.png fire/seq-03/color/frame-000101.color.png 0.999992 0.000291106 -0.00399266 0.0130936 -0.000290455 1.0 0.00015075 -0.00204617 0.00399268 -0.000149614 0.999992 0.000162959 0.0 0.0 0.0 1.0
fire/seq-03/color/frame-000101.color.png fire/seq-03/color/frame-000102.color.png 0.999992 0.000852051 -0.00383177 0.0145525 -0.000849328 0.999999 0.000730618 -0.00408009 0.00383238 -0.000727326 0.999992 0.00329301 0.0 0.0 0.0 1.0
fire/seq-03/color/frame-000102.color.png fire/seq-03/color/frame-000103.color.png 0.999996 -0.00194052 -0.00194791 0.0106476 0.00193867 0.999998 -0.000977718 -0.00625932 0.00194979 0.000973937 0.999998 0.00409618 0.0 0.0 0.0 1.0
fire/seq-03/color/frame-000103.color.png fire/seq-03/color/frame-000104.color.png 0.999999 -0.000517713 -0.000941344 0.00862408 0.000513812 0.999991 -0.00416328 -0.000803292 0.000943501 0.00416277 0.999991 0.00391129 0.0 0.0 0.0 1.0
fire/seq-03/color/frame-000104.color.png fire/seq-03/color/frame-000105.color.png 0.999999 0.000566571 -0.00106653 0.0164315 -0.000562632 0.999993 0.0036969 -0.00479254 0.00106859 -0.00369632 0.999993 -0.00296751 0.0 0.0 0.0 1.0
fire/seq-03/color/frame-000105.color.png fire/seq-03/color/frame-000106.color.png 1.0 0.000413214 0.000614952 -0.00109988 -0.00041258 0.999999 -0.00113876 0.00210443 -0.00061536 0.00113849 0.999999 0.000930548 0.0 0.0 0.0 1.0
fire/seq-03/color/frame-000106.color.png fire/seq-03/color/frame-000107.color.png 0.999985 0.000942836 0.00549304 0.00885344 -0.000990434 0.999962 0.00867055 -0.0144401 -0.00548467 -0.00867583 0.999947 0.00967467 0.0 0.0 0.0 1.0
fire/seq-03/color/frame-000107.color.png fire/seq-03/color/frame-000108.color.png 0.999963 -0.00401626 0.00763997 0.00248134 0.00405791 0.999977 -0.00544657 0.000395298 -0.00761786 0.00547733 0.999956 0.0115154 0.0 0.0 0.0 1.0
fire/seq-03/color/frame-000108.color.png fire/seq-03/color/frame-000109.color.png 0.999991 -0.00183997 0.00389805 0.00775719 0.00185005 0.999995 -0.00257766 -0.00703135 -0.00389329 0.00258483 0.999989 0.00753212 0.0 0.0 0.0 1.0
fire/seq-03/color/frame-000109.color.png fire/seq-03/color/frame-000110.color.png 0.999986 0.00424789 0.00310656 0.00955242 -0.00422855 0.999972 -0.00621954 0.00179788 -0.0031329 0.00620633 0.999976 0.00450987 0.0 0.0 0.0 1.0
fire/seq-03/color/frame-000110.color.png fire/seq-03/color/frame-000111.color.png 0.999986 0.00188407 0.00485266 0.00959051 -0.00186714 0.999992 -0.00348272 -0.00241095 -0.00485918 0.00347358 0.999982 0.00804108 0.0 0.0 0.0 1.0
fire/seq-03/color/frame-000111.color.png fire/seq-03/color/frame-000112.color.png 0.999996 0.00241516 0.00133014 0.0148325 -0.00241639 0.999997 0.000910668 -0.00672778 -0.00132795 -0.000913796 0.999999 0.00259542 0.0 0.0 0.0 1.0
fire/seq-03/color/frame-000112.color.png fire/seq-03/color/frame-000113.color.png 1.0 -0.000283607 -0.000162622 0.00047946 0.000283502 1.0 -0.000819591 0.0016304 0.000162841 0.000819504 1.0 0.0005247 0.0 0.0 0.0 1.0
fire/seq-03/color/frame-000113.color.png fire/seq-03/color/frame-000114.color.png 0.999989 0.00329617 0.00333387 0.00676769 -0.00329623 0.999995 1.98634e-05 -0.002195 -0.00333381 -3.08848e-05 0.999994 0.00581023 0.0 0.0 0.0 1.0
fire/seq-03/color/frame-000114.color.png fire/seq-03/color/frame-000115.color.png 0.999998 0.000459059 0.00197776 0.00848609 -0.000456784 0.999999 -0.0011683 -0.00473326 -0.00197824 0.00116743 0.999997 0.00427109 0.0 0.0 0.0 1.0
fire/seq-03/color/frame-000115.color.png fire/seq-03/color/frame-000116.color.png 0.999997 -0.00126721 0.00233249 0.00938153 0.00126866 0.999999 -0.000641798 -0.00540572 -0.00233166 0.000644736 0.999997 0.00261226 0.0 0.0 0.0 1.0
fire/seq-03/color/frame-000116.color.png fire/seq-03/color/frame-000117.color.png 0.999997 -0.00234668 -0.000371178 0.0166168 0.00234764 0.999994 0.00253294 -0.0062134 0.000365208 -0.00253378 0.999997 0.000297129 0.0 0.0 0.0 1.0
fire/seq-03/color/frame-000117.color.png fire/seq-03/color/frame-000118.color.png 0.999966 0.00255458 0.00783858 -0.00169516 -0.00255658 0.999997 0.000247605 0.000326842 -0.0078379 -0.000267648 0.999969 0.0134481 0.0 0.0 0.0 1.0
fire/seq-03/color/frame-000118.color.png fire/seq-03/color/frame-000119.color.png 0.999999 -0.000348457 0.00154603 0.00349236 0.000352568 0.999996 -0.00267466 -0.00169772 -0.00154507 0.00267517 0.999995 0.00769314 0.0 0.0 0.0 1.0
fire/seq-03/color/frame-000119.color.png fire/seq-03/color/frame-000120.color.png 1.0 -0.000604147 -0.000293529 0.000669122 0.000603864 0.999999 -0.000850781 0.000946373 0.000294035 0.000850612 1.0 -0.000496864 0.0 0.0 0.0 1.0
fire/seq-03/color/frame-000120.color.png fire/seq-03/color/frame-000121.color.png 0.999996 0.0021618 -0.00207415 0.0147173 -0.00215635 0.999994 0.0025904 -0.0102786 0.00207972 -0.00258589 0.999995 -0.00574163 0.0 0.0 0.0 1.0
fire/seq-03/color/frame-000121.color.png fire/seq-03/color/frame-000122.color.png 0.999988 -0.00105742 0.00484033 -0.000587583 0.00107129 0.999995 -0.00287812 0.00123644 -0.00483725 0.00288326 0.999984 0.0107287 0.0 0.0 0.0 1.0
fire/seq-03/color/frame-000122.color.png fire/seq-03/color/frame-000123.color.png 0.999999 0.000119352 -0.00121107 0.00396234 -0.000121539 0.999998 -0.00184691 -0.00122911 0.00121081 0.00184704 0.999998 0.0060249 0.0 0.0 0.0 1.0
fire/seq-03/color/frame-000123.color.png fire/seq-03/color/frame-000124.color.png 0.999986 -0.000468617 -0.00535287 0.0108588 0.000471888 1.0 0.000610384 -0.0045976 0.0053526 -0.000612943 0.999985 -0.00302592 0.0 0.0 0.0 1.0
fire/seq-03/color/frame-000124.color.png fire/seq-03/color/frame-000125.color.png 0.999983 0.0047846 -0.0032308 0.00530392 -0.00478502 0.999989 -0.00012612 0.000712216 0.00323016 0.00014158 0.999995 0.0018394 0.0 0.0 0.0 1.0
fire/seq-03/color/frame-000125.color.png fire/seq-03/color/frame-000126.color.png 0.999968 0.00543136 -0.00595393 0.00740874 -0.0054499 0.99998 -0.00310967 0.00413752 0.0059369 0.00314204 0.999978 0.00170833 0.0 0.0 0.0 1.0
fire/seq-03/color/frame-000126.color.png fire/seq-03/color/frame-000127.color.png 0.999962 0.00231144 -0.00836328 0.0116358 -0.00233731 0.999993 -0.00308492 -0.000243038 0.00835609 0.00310437 0.99996 -0.00369918 0.0 0.0 0.0 1.0
fire/seq-03/color/frame-000127.color.png fire/seq-03/color/frame-000128.color.png 0.999909 0.00406384 -0.012834 0.0191432 -0.00406925 0.999992 -0.000394805 -0.00696406 0.0128323 0.000446988 0.999918 -0.00640357 0.0 0.0 0.0 1.0
fire/seq-03/color/frame-000128.color.png fire/seq-03/color/frame-000129.color.png 1.0 0.000280805 0.000337475 -0.000950515 -0.000280946 1.0 0.000406302 -0.000570476 -0.000337349 -0.00040639 1.0 0.000280917 0.0 0.0 0.0 1.0
fire/seq-03/color/frame-000129.color.png fire/seq-03/color/frame-000130.color.png 0.99998 0.000250159 -0.00632629 0.0066098 -0.000286065 0.999984 -0.00566668 0.00186083 0.00632477 0.00566838 0.999964 6.24657e-05 0.0 0.0 0.0 1.0
fire/seq-03/color/frame-000130.color.png fire/seq-03/color/frame-000131.color.png 0.999951 -0.000563902 -0.00990999 0.0103947 0.000502356 0.999981 -0.00621793 0.00146145 0.00991331 0.00621262 0.999932 -0.00325352 0.0 0.0 0.0 1.0
fire/seq-03/color/frame-000131.color.png fire/seq-03/color/frame-000132.color.png 0.99993 0.00424909 -0.0110489 0.012812 -0.00428509 0.999986 -0.00323097 -0.000117719 0.011035 0.00327813 0.999934 -0.00497586 0.0 0.0 0.0 1.0
fire/seq-03/color/frame-000132.color.png fire/seq-03/color/frame-000133.color.png 0.999973 0.00109291 -0.00722508 0.00669873 -0.00116701 0.999947 -0.0102624 0.00882059 0.00721346 0.0102706 0.999921 -0.000103146 0.0 0.0 0.0 1.0
fire/seq-03/color/frame-000133.color.png fire/seq-03/color/frame-000134.color.png 0.999924 -0.000613896 -0.012347 0.0117919 0.000528008 0.999976 -0.00696123 0.00301516 0.012351 0.00695417 0.999899 -0.0073576 0.0 0.0 0.0 1.0
fire/seq-03/color/frame-000134.color.png fire/seq-03/color/frame-000135.color.png 0.999886 0.00679019 -0.0135048 0.014564 -0.00683971 0.99997 -0.00362313 0.00316998 0.0134797 0.00371508 0.999902 -0.00820452 0.0 0.0 0.0 1.0
fire/seq-03/color/frame-000135.color.png fire/seq-03/color/frame-000136.color.png 0.999999 0.00117571 -0.000923917 0.00281352 -0.00117507 0.999999 0.00071899 -0.00162476 0.000924787 -0.00071789 0.999999 -0.00282308 0.0 0.0 0.0 1.0
fire/seq-03/color/frame-000136.color.png fire/seq-03/color/frame-000137.color.png 0.999902 0.00498354 -0.0130453 0.0158079 -0.0050822 0.999959 -0.00753729 0.0066371 0.0130072 0.00760285 0.999887 -0.00892785 0.0 0.0 0.0 1.0
fire/seq-03/color/frame-000137.color.png fire/seq-03/color/frame-000138.color.png 0.999887 0.00436635 -0.014389 0.013199 -0.00444109 0.999977 -0.00517059 0.00501513 0.0143662 0.00523388 0.999883 -0.00901529 0.0 0.0 0.0 1.0
fire/seq-03/color/frame-000138.color.png fire/seq-03/color/frame-000139.color.png 0.999851 0.00579798 -0.0162702 0.0187405 -0.00586924 0.999973 -0.00433911 0.00586677 0.0162446 0.00443397 0.999858 -0.0136924 0.0 0.0 0.0 1.0
fire/seq-03/color/frame-000139.color.png fire/seq-03/color/frame-000140.color.png 0.999904 0.00408266 -0.0132197 0.0149152 -0.00412589 0.999986 -0.00324184 0.0038572 0.0132063 0.00329608 0.999907 -0.0104885 0.0 0.0 0.0 1.0
fire/seq-03/color/frame-000140.color.png fire/seq-03/color/frame-000141.color.png 0.99991 0.0030247 -0.013065 0.0137805 -0.00306954 0.999989 -0.00341357 0.00432795 0.0130545 0.00345337 0.999909 -0.0123132 0.0 0.0 0.0 1.0
fire/seq-03/color/frame-000141.color.png fire/seq-03/color/frame-000142.color.png 0.999883 0.00406756 -0.0147299 0.0202042 -0.00405766 0.999992 0.000701897 -0.00043419 0.0147327 -0.000642049 0.999891 -0.0142162 0.0 0.0 0.0 1.0
fire/seq-03/color/frame-000142.color.png fire/seq-03/color/frame-000143.color.png 0.999946 0.000816997 -0.0103573 0.0134497 -0.000783105 0.999994 0.00327187 -0.00386441 0.0103599 -0.00326359 0.999941 -0.0101599 0.0 0.0 0.0 1.0
fire/seq-03/color/frame-000143.color.png fire/seq-03/color/frame-000144.color.png 0.999957 -0.000393301 -0.00931006 0.0126488 0.000391199 1.0 -0.000225831 0.00105405 0.00931019 0.000222192 0.999957 -0.00959727 0.0 0.0 0.0 1.0
fire/seq-03/color/frame-000144.color.png fire/seq-03/color/frame-000145.color.png 0.999969 0.00383361 -0.00682826 0.0104041 -0.00383701 0.999992 -0.000482572 0.00317714 0.00682633 0.00050875 0.999977 -0.00651535 0.0 0.0 0.0 1.0
fire/seq-03/color/frame-000145.color.png fire/seq-03/color/frame-000146.color.png 0.999958 0.00551115 -0.00733286 0.00675559 -0.005539 0.999977 -0.00378781 0.00580382 0.00731182 0.00382831 0.999966 -0.00444937 0.0 0.0 0.0 1.0
fire/seq-03/color/frame-000146.color.png fire/seq-03/color/frame-000147.color.png 0.999913 0.00209742 -0.0129847 0.00979489 -0.00217171 0.999981 -0.00570728 0.00439453 0.0129725 0.00573496 0.999899 -0.0121672 0.0 0.0 0.0 1.0
fire/seq-03/color/frame-000147.color.png fire/seq-03/color/frame-000148.color.png 0.99991 -0.00428434 -0.0127362 0.0162368 0.0043243 0.999986 0.00310914 -0.00478831 0.0127228 -0.00316392 0.999914 -0.0161986 0.0 0.0 0.0 1.0
fire/seq-03/color/frame-000148.color.png fire/seq-03/color/frame-000149.color.png 0.999967 0.000978146 -0.00802301 0.00806963 -0.000935369 0.999985 0.00533094 -0.00278836 0.00802808 -0.00532325 0.999954 -0.00674286 0.0 0.0 0.0 1.0
fire/seq-03/color/frame-000149.color.png fire/seq-03/color/frame-000150.color.png 0.999917 -0.000903733 -0.0128141 0.00794947 0.000923651 0.999998 0.00154401 -0.00239903 0.0128127 -0.00155574 0.999917 -0.00775146 0.0 0.0 0.0 1.0
fire/seq-03/color/frame-000150.color.png fire/seq-03/color/frame-000151.color.png 0.999851 -0.00551232 -0.0163414 0.0114949 0.00549019 0.999984 -0.00139399 -0.00716054 0.0163488 0.00130407 0.999866 -0.0155701 0.0 0.0 0.0 1.0
fire/seq-03/color/frame-000151.color.png fire/seq-03/color/frame-000152.color.png 0.999738 -0.0159239 -0.0164634 0.0033679 0.0160668 0.999834 0.00858082 -0.021398 0.016324 -0.00884309 0.999828 -0.0126821 0.0 0.0 0.0 1.0
fire/seq-03/color/frame-000152.color.png fire/seq-03/color/frame-000153.color.png 0.999609 -0.0106037 -0.025875 0.0189317 0.0107473 0.999928 0.00541879 -0.0180532 0.0258158 -0.00569477 0.99965 -0.0302785 0.0 0.0 0.0 1.0
fire/seq-03/color/frame-000153.color.png fire/seq-03/color/frame-000154.color.png 0.999816 0.00846161 -0.0171995 0.0210534 -0.00859425 0.999934 -0.00765467 0.0112972 0.0171335 0.00780109 0.999823 -0.0190289 0.0 0.0 0.0 1.0
fire/seq-03/color/frame-000154.color.png fire/seq-03/color/frame-000155.color.png 0.999894 0.0145614 -0.000536731 0.0155085 -0.014564 0.999881 -0.00501961 0.0126493 0.000463647 0.00502689 0.999987 -0.00106102 0.0 0.0 0.0 1.0
fire/seq-03/color/frame-000155.color.png fire/seq-03/color/frame-000156.color.png 0.999955 0.00901112 -0.00280798 0.00258863 -0.00900327 0.999956 0.00279114 0.00550294 0.00283296 -0.00276575 0.999992 0.00857645 0.0 0.0 0.0 1.0
fire/seq-03/color/frame-000156.color.png fire/seq-03/color/frame-000157.color.png 0.99985 0.00573948 -0.016364 0.0100276 -0.00563068 0.999962 0.00668851 -0.00340989 0.0164018 -0.00659535 0.999844 -0.0123552 0.0 0.0 0.0 1.0
fire/seq-03/color/frame-000157.color.png fire/seq-03/color/frame-000158.color.png 0.999758 0.00541687 -0.0213141 0.0147734 -0.00543091 0.999985 -0.000599609 0.0038051 0.0213106 0.000715242 0.999773 -0.0173765 0.0 0.0 0.0 1.0
fire/seq-03/color/frame-000158.color.png fire/seq-03/color/frame-000159.color.png 0.999875 0.00884293 -0.0130852 0.0165801 -0.0088277 0.99996 0.00122369 0.0039058 0.0130954 -0.00110802 0.999914 -0.0138143 0.0 0.0 0.0 1.0
fire/seq-03/color/frame-000159.color.png fire/seq-03/color/frame-000160.color.png 0.999834 0.0175073 -0.0049814 0.0130639 -0.0174917 0.999842 0.00314824 0.00977588 0.00503569 -0.00306057 0.999983 -0.00557888 0.0 0.0 0.0 1.0
fire/seq-03/color/frame-000160.color.png fire/seq-03/color/frame-000161.color.png 0.99982 0.0188442 -0.002307 0.00861216 -0.0188462 0.999822 -0.000876479 0.0175651 0.00229013 0.000919762 0.999997 0.00329381 0.0 0.0 0.0 1.0
fire/seq-03/color/frame-000161.color.png fire/seq-03/color/frame-000162.color.png 0.999927 0.0113516 -0.00425552 0.00393891 -0.0113238 0.999915 0.00653732 0.00411254 0.00432935 -0.00648862 0.999969 0.00310969 0.0 0.0 0.0 1.0
fire/seq-03/color/frame-000162.color.png fire/seq-03/color/frame-000163.color.png 0.999862 0.0121856 -0.0113081 0.00819719 -0.0121273 0.999913 0.0052073 0.00424409 0.0113705 -0.00506943 0.999923 -0.0045563 0.0 0.0 0.0 1.0
fire/seq-03/color/frame-000163.color.png fire/seq-03/color/frame-000164.color.png 0.9998 0.01275 -0.0154279 0.0191513 -0.0127226 0.999917 0.00186632 0.00501776 0.0154506 -0.00166969 0.999879 -0.0110637 0.0 0.0 0.0 1.0
fire/seq-03/color/frame-000164.color.png fire/seq-03/color/frame-000165.color.png 0.999826 0.016907 -0.00787361 0.00832653 -0.0169224 0.999855 -0.0018864 0.0111741 0.00784054 0.00201931 0.999967 -0.00105292 0.0 0.0 0.0 1.0
fire/seq-03/color/frame-000165.color.png fire/seq-03/color/frame-000166.color.png 0.999838 0.0155329 -0.00906552 0.0101355 -0.0155988 0.999852 -0.00726318 0.0149722 0.00895135 0.00740341 0.999933 0.00170684 0.0 0.0 0.0 1.0
fire/seq-03/color/frame-000166.color.png fire/seq-03/color/frame-000167.color.png 0.999757 0.0201477 -0.00895758 0.00951087 -0.0201887 0.999786 -0.00450946 0.0166285 0.00886484 0.00468922 0.99995 0.000770152 0.0 0.0 0.0 1.0
fire/seq-03/color/frame-000167.color.png fire/seq-03/color/frame-000168.color.png 0.999744 0.0212157 -0.00778479 0.00851238 -0.0212599 0.999758 -0.00563478 0.0184278 0.00766341 0.00579882 0.999954 -0.00199807 0.0 0.0 0.0 1.0
fire/seq-03/color/frame-000168.color.png fire/seq-03/color/frame-000169.color.png 0.999757 0.0208121 -0.00723296 0.00445688 -0.0208214 0.999783 -0.00121016 0.0158447 0.00720617 0.00136045 0.999973 0.00391185 0.0 0.0 0.0 1.0
fire/seq-03/color/frame-000169.color.png fire/seq-03/color/frame-000170.color.png 0.999753 0.0205325 -0.00854157 0.00684905 -0.0204957 0.99978 0.00436433 0.00291789 0.00862925 -0.00418817 0.999954 -0.00268435 0.0 0.0 0.0 1.0
fire/seq-03/color/frame-000170.color.png fire/seq-03/color/frame-000171.color.png 0.999783 0.0176546 -0.0110229 0.00549799 -0.0176863 0.99984 -0.00278871 0.0147752 0.010972 0.00298308 0.999935 -0.000466585 0.0 0.0 0.0 1.0
fire/seq-03/color/frame-000171.color.png fire/seq-03/color/frame-000172.color.png 0.999916 0.0100821 -0.00818609 0.000492871 -0.0101063 0.999945 -0.0029153 0.00973624 0.0081562 0.00299779 0.999962 0.000303328 0.0 0.0 0.0 1.0
fire/seq-03/color/frame-000172.color.png fire/seq-03/color/frame-000173.color.png 0.999929 0.00909793 -0.00764912 -0.00272143 -0.00909896 0.999959 -0.000112468 0.00474584 0.00764781 0.000182088 0.999971 -0.000806749 0.0 0.0 0.0 1.0
fire/seq-03/color/frame-000173.color.png fire/seq-03/color/frame-000174.color.png 0.999943 0.00928955 -0.00534712 -0.00145876 -0.00928441 0.999956 0.00100688 0.0046863 0.00535626 -0.000957199 0.999985 -0.00468922 0.0 0.0 0.0 1.0
fire/seq-03/color/frame-000174.color.png fire/seq-03/color/frame-000175.color.png 0.999914 0.0121939 -0.00480688 -0.00471443 -0.0121625 0.999905 0.00651742 -0.00253314 0.00488585 -0.00645842 0.999967 0.00129396 0.0 0.0 0.0 1.0
fire/seq-03/color/frame-000175.color.png fire/seq-03/color/frame-000176.color.png 0.999959 0.00874206 -0.00231514 -0.00664824 -0.00872834 0.999944 0.00589409 -0.000520885 0.00236662 -0.00587367 0.99998 -0.00245637 0.0 0.0 0.0 1.0
