pumpkin/seq-01/color/frame-000000.color.png pumpkin/seq-01/color/frame-000001.color.png 1.0 0.000913221 -0.000315301 0.000386961 -0.00091334 1.0 -0.000376489 0.00295226 0.000314957 0.000376777 1.0 -0.000247084 0.0 0.0 0.0 1.0
pumpkin/seq-01/color/frame-000001.color.png pumpkin/seq-01/color/frame-000002.color.png 1.0 0.000471635 3.84922e-05 0.000112463 -0.000471704 0.999998 0.00179752 -0.00301178 -3.76444e-05 -0.00179754 0.999998 0.00210284 0.0 0.0 0.0 1.0
pumpkin/seq-01/color/frame-000002.color.png pumpkin/seq-01/color/frame-000003.color.png 0.999999 0.00140374 0.000723567 -0.000840273 -0.00140359 0.999999 -0.000198926 -0.000334185 -0.000723846 0.00019791 1.0 0.000365405 0.0 0.0 0.0 1.0
pumpkin/seq-01/color/frame-000003.color.png pumpkin/seq-01/color/frame-000004.color.png 1.0 -0.000605333 0.000407971 -0.00105981 0.000605482 1.0 -0.000363545 0.0011924 -0.000407751 0.000363791 1.0 4.66935e-05 0.0 0.0 0.0 1.0
pumpkin/seq-01/color/frame-000004.color.png pumpkin/seq-01/color/frame-000005.color.png 1.0 0.000290449 -0.000571361 -5.13792e-05 -0.000289322 0.999998 0.00197215 -0.00456966 0.000571932 -0.00197198 0.999998 0.000753017 0.0 0.0 0.0 1.0
pumpkin/seq-01/color/frame-000005.color.png pumpkin/seq-01/color/frame-000006.color.png 0.999999 0.000593407 -0.00100835 0.00353841 -0.000595151 0.999998 -0.00173021 0.0037983 0.00100732 0.00173081 0.999998 5.55795e-05 0.0 0.0 0.0 1.0
pumpkin/seq-01/color/frame-000006.color.png pumpkin/seq-01/color/frame-000007.color.png 0.999997 -2.08355e-05 0.0022952 -0.0028877 1.87898e-05 1.0 0.000890986 -0.000809335 -0.00229521 -0.000890941 0.999997 -0.000495245 0.0 0.0 0.0 1.0
pumpkin/seq-01/color/frame-000007.color.png pumpkin/seq-01/color/frame-000008.color.png 1.0 -0.000622286 0.000133818 -0.00113089 0.000622204 1.0 0.000613393 -0.00129128 -0.0001342 -0.00061331 1.0 0.00150013 0.0 0.0 0.0 1.0
pumpkin/seq-01/color/frame-000008.color.png pumpkin/seq-01/color/frame-000009.color.png 0.999998 0.00105781 -0.00176165 0.00472048 -0.0010596 0.999999 -0.00101751 -0.000749696 0.00176058 0.00101937 0.999998 0.00135617 0.0 0.0 0.0 1.0
pumpkin/seq-01/color/frame-000009.color.png pumpkin/seq-01/color/frame-000010.color.png 0.999999 0.000115162 0.00170319 -0.000129218 -0.000116977 0.999999 0.00106528 -0.00451983 -0.00170307 -0.00106548 0.999998 -0.000283324 0.0 0.0 0.0 1.0
pumpkin/seq-01/color/frame-000010.color.png pumpkin/seq-01/color/frame-000011.color.png 0.999996 -0.00067731 0.00289039 -0.00579498 0.000683874 0.999997 -0.00227051 0.00209019 -0.00288884 0.00227247 0.999993 0.000383334 0.0 0.0 0.0 1.0
pumpkin/seq-01/color/frame-000011.color.png pumpkin/seq-01/color/frame-000012.color.png 0.999999 -0.000813143 -0.000732456 0.00119676 0.000812681 1.0 -0.000630762 -0.0014433 0.000732969 0.000630167 1.0 0.00118449 0.0 0.0 0.0 1.0
pumpkin/seq-01/color/frame-000012.color.png pumpkin/seq-01/color/frame-000013.color.png 0.999998 -0.00147134 -0.00100628 0.00520685 0.00147024 0.999998 -0.00109189 -0.00164748 0.00100789 0.00109041 0.999999 0.00027199 0.0 0.0 0.0 1.0
pumpkin/seq-01/color/frame-000013.color.png pumpkin/seq-01/color/frame-000014.color.png 0.999997 -0.000475609 0.00229776 -0.00203032 0.000479091 0.999999 -0.00151533 -0.00272438 -0.00229703 0.00151642 0.999996 0.00124399 0.0 0.0 0.0 1.0
pumpkin/seq-01/color/frame-000014.color.png pumpkin/seq-01/color/frame-000015.color.png 0.999996 -0.00192163 0.00195965 -0.00297015 0.00192516 0.999997 -0.00180486 -0.00311922 -0.00195618 0.00180862 0.999996 0.000222629 0.0 0.0 0.0 1.0
pumpkin/seq-01/color/frame-000015.color.png pumpkin/seq-01/color/frame-000016.color.png 0.999996 -0.00249096 0.00128902 -0.00343765 0.00249403 0.999994 -0.00238236 -0.00425565 -0.00128308 0.00238557 0.999996 0.00300901 0.0 0.0 0.0 1.0
pumpkin/seq-01/color/frame-000016.color.png pumpkin/seq-01/color/frame-000017.color.png 0.999997 -0.00210493 -0.00144649 0.00655935 0.00209808 0.999987 -0.00471936 -0.00260349 0.00145641 0.0047163 0.999988 0.000922811 0.0 0.0 0.0 1.0
pumpkin/seq-01/color/frame-000017.color.png pumpkin/seq-01/color/frame-000018.color.png 0.999993 -0.00221577 0.00310612 -0.00134299 0.00223317 0.999982 -0.00561189 0.00140598 -0.00309363 0.00561879 0.999979 -0.000421195 0.0 0.0 0.0 1.0
pumpkin/seq-01/color/frame-000018.color.png pumpkin/seq-01/color/frame-000019.color.png 0.999987 -0.00399168 0.00307397 -0.0032991 0.00400358 0.999984 -0.00387243 0.000329493 -0.00305846 0.00388469 0.999988 0.000758536 0.0 0.0 0.0 1.0
pumpkin/seq-01/color/frame-000019.color.png pumpkin/seq-01/color/frame-000020.color.png 0.999988 -0.00420307 0.00262244 -0.00391193 0.00420731 0.99999 -0.00161202 -0.00575058 -0.00261564 0.00162304 0.999995 0.0025144 0.0 0.0 0.0 1.0
pumpkin/seq-01/color/frame-000020.color.png pumpkin/seq-01/color/frame-000021.color.png 0.999996 -0.00285749 0.000182482 0.0023834 0.00285823 0.999987 -0.00419474 -0.00364981 -0.000170489 0.00419524 0.999991 0.00111652 0.0 0.0 0.0 1.0
pumpkin/seq-01/color/frame-000021.color.png pumpkin/seq-01/color/frame-000022.color.png 0.999997 -0.00172188 0.00141939 0.00320513 0.00172842 0.999988 -0.00462444 0.00109425 -0.00141142 0.00462688 0.999988 0.000142884 0.0 0.0 0.0 1.0
pumpkin/seq-01/color/frame-000022.color.png pumpkin/seq-01/color/frame-000023.color.png 0.99999 -0.00193629 0.00409885 -0.00224521 0.00194771 0.999994 -0.0027841 -0.00217466 -0.00409344 0.00279206 0.999988 0.00165253 0.0 0.0 0.0 1.0
pumpkin/seq-01/color/frame-000023.color.png pumpkin/seq-01/color/frame-000024.color.png 0.999995 -0.00144699 0.00286363 0.000215284 0.00145455 0.999995 -0.0026383 -0.00513746 -0.00285981 0.00264245 0.999992 0.00230287 0.0 0.0 0.0 1.0
pumpkin/seq-01/color/frame-000024.color.png pumpkin/seq-01/color/frame-000025.color.png 0.999995 -0.00137507 0.00293436 -0.00128597 0.00138894 0.999988 -0.00472953 -0.00210442 -0.00292781 0.00473357 0.999985 0.00382771 0.0 0.0 0.0 1.0
pumpkin/seq-01/color/frame-000025.color.png pumpkin/seq-01/color/frame-000026.color.png 0.99999 -0.00232712 0.00380695 -0.00449877 0.00234559 0.999986 -0.00485369 -0.000343196 -0.00379561 0.00486258 0.999981 0.000737751 0.0 0.0 0.0 1.0
pumpkin/seq-01/color/frame-000026.color.png pumpkin/seq-01/color/frame-000027.color.png 0.999987 -0.00384358 0.00346377 0.00219861 0.00386503 0.999973 -0.00620653 -0.0104162 -0.00343982 0.00621982 0.999975 0.00265718 0.0 0.0 0.0 1.0
pumpkin/seq-01/color/frame-000027.color.png pumpkin/seq-01/color/frame-000028.color.png 0.999989 -0.000441294 0.00475743 -0.00628306 0.000474005 0.999976 -0.00687762 0.000406407 -0.00475428 0.00687981 0.999965 0.00342998 0.0 0.0 0.0 1.0
pumpkin/seq-01/color/frame-000028.color.png pumpkin/seq-01/color/frame-000029.color.png 1.0 0.000134845 0.000879196 0.00214097 -0.000131346 0.999992 -0.00397942 -0.0097594 -0.000879716 0.00397929 0.999992 0.003638 0.0 0.0 0.0 1.0
pumpkin/seq-01/color/frame-000029.color.png pumpkin/seq-01/color/frame-000030.color.png 0.999994 0.00016245 0.00334704 0.000376346 -0.000131312 0.999957 -0.0093022 0.0070251 -0.00334842 0.0093017 0.999951 -0.000762276 0.0 0.0 0.0 1.0
pumpkin/seq-01/color/frame-000030.color.png pumpkin/seq-01/color/frame-000031.color.png 0.999991 -0.000989052 0.00412167 -0.00425912 0.00101132 0.999985 -0.00540357 0.00197809 -0.00411626 0.00540768 0.999977 0.00212466 0.0 0.0 0.0 1.0
pumpkin/seq-01/color/frame-000031.color.png pumpkin/seq-01/color/frame-000032.color.png 0.999996 -0.00278098 0.000534992 -0.000670812 0.00278339 0.999986 -0.00456116 0.00126271 -0.000522296 0.00456263 0.99999 0.0035569 0.0 0.0 0.0 1.0
pumpkin/seq-01/color/frame-000032.color.png pumpkin/seq-01/color/frame-000033.color.png 1.0 -0.000338728 0.000754613 0.00196135 0.000339964 0.999999 -0.00163265 -0.0069672 -0.000754057 0.00163287 0.999998 0.00104692 0.0 0.0 0.0 1.0
pumpkin/seq-01/color/frame-000033.color.png pumpkin/seq-01/color/frame-000034.color.png 0.999997 0.000702727 0.00244135 -0.00208333 -0.000698454 0.999998 -0.00175143 -0.00843232 -0.00244258 0.00174975 0.999995 0.00441691 0.0 0.0 0.0 1.0
pumpkin/seq-01/color/frame-000034.color.png pumpkin/seq-01/color/frame-000035.color.png 0.999996 -0.000222582 0.00266331 -0.000122074 0.000254889 0.999926 -0.0121366 -0.0122928 -0.00266041 0.0121373 0.999923 0.00864582 0.0 0.0 0.0 1.0
pumpkin/seq-01/color/frame-000035.color.png pumpkin/seq-01/color/frame-000036.color.png 0.999994 -0.00156673 0.00298579 -0.00503734 0.00158869 0.999972 -0.00736824 -0.00268012 -0.00297415 0.00737292 0.999968 0.0020071 0.0 0.0 0.0 1.0
pumpkin/seq-01/color/frame-000036.color.png pumpkin/seq-01/color/frame-000037.color.png 1.0 -0.00070515 0.000123595 0.00248986 0.000706194 0.999962 -0.00871256 0.002837 -0.000117453 0.00871267 0.999962 0.00320293 0.0 0.0 0.0 1.0
pumpkin/seq-01/color/frame-000037.color.png pumpkin/seq-01/color/frame-000038.color.png 0.999999 -0.00157507 0.000323038 0.00133493 0.00157722 0.999976 -0.00673526 0.00217801 -0.000312433 0.00673576 0.999977 0.00498881 0.0 0.0 0.0 1.0
pumpkin/seq-01/color/frame-000038.color.png pumpkin/seq-01/color/frame-000039.color.png 1.0 -0.000199919 0.000720901 0.000501905 0.000202534 0.999993 -0.00363721 -0.00333586 -0.00072017 0.00363736 0.999993 0.00404008 0.0 0.0 0.0 1.0
pumpkin/seq-01/color/frame-000039.color.png pumpkin/seq-01/color/frame-000040.color.png 0.999999 0.000972976 0.00138411 0.00155966 -0.000968264 0.999994 -0.0033942 -0.00425014 -0.0013874 0.00339288 0.999993 0.00416796 0.0 0.0 0.0 1.0
pumpkin/seq-01/color/frame-000040.color.png pumpkin/seq-01/color/frame-000041.color.png 1.0 -6.93267e-05 0.000926377 0.00169131 7.39709e-05 0.999987 -0.00502388 -0.00540124 -0.00092602 0.00502392 0.999987 0.00590381 0.0 0.0 0.0 1.0
pumpkin/seq-01/color/frame-000041.color.png pumpkin/seq-01/color/frame-000042.color.png 0.999991 0.00039537 0.00425174 0.00519918 -0.00035845 0.999962 -0.00867957 -0.0110383 -0.004255 0.00867796 0.999953 0.00838291 0.0 0.0 0.0 1.0
pumpkin/seq-01/color/frame-000042.color.png pumpkin/seq-01/color/frame-000043.color.png 0.999997 0.000424821 0.00217683 0.00100858 -0.000414388 0.999988 -0.00479757 -0.00734801 -0.00217885 0.00479667 0.999986 0.00499796 0.0 0.0 0.0 1.0
pumpkin/seq-01/color/frame-000043.color.png pumpkin/seq-01/color/frame-000044.color.png 0.999991 -0.000558356 0.00413818 -0.00688707 0.000595806 0.999959 -0.00905092 0.00190594 -0.00413295 0.00905328 0.999951 0.0093081 0.0 0.0 0.0 1.0
pumpkin/seq-01/color/frame-000044.color.png pumpkin/seq-01/color/frame-000045.color.png 0.999991 -0.00391611 -0.00160144 0.0094047 0.00390479 0.999968 -0.00700064 -0.00413275 0.0016288 0.00699438 0.999974 0.00292513 0.0 0.0 0.0 1.0
pumpkin/seq-01/color/frame-000045.color.png pumpkin/seq-01/color/frame-000046.color.png 0.999977 -0.00674436 -9.2713e-05 0.00404189 0.00674344 0.999948 -0.00771347 -0.00765034 0.000144742 0.00771264 0.99997 0.0135388 0.0 0.0 0.0 1.0
pumpkin/seq-01/color/frame-000046.color.png pumpkin/seq-01/color/frame-000047.color.png 0.999999 0.000303671 -0.0013745 0.00255827 -0.000310136 0.999989 -0.0047171 -0.00297999 0.00137305 0.0047175 0.999988 0.00800288 0.0 0.0 0.0 1.0
pumpkin/seq-01/color/frame-000047.color.png pumpkin/seq-01/color/frame-000048.color.png 1.0 0.000579548 -0.000515407 0.00947995 -0.000581251 0.999994 -0.0033214 -0.00895894 0.000513465 0.00332172 0.999994 0.00446795 0.0 0.0 0.0 1.0
pumpkin/seq-01/color/frame-000048.color.png pumpkin/seq-01/color/frame-000049.color.png 0.999994 -0.00197801 0.00299204 -0.00269701 0.00198876 0.999992 -0.00359454 -0.00910494 -0.0029849 0.00360044 0.999989 0.00643903 0.0 0.0 0.0 1.0
pumpkin/seq-01/color/frame-000049.color.png pumpkin/seq-01/color/frame-000050.color.png 0.999989 0.00464252 -0.000524671 0.00697658 -0.00464874 0.99991 -0.0125503 -0.0108085 0.000466369 0.0125527 0.999921 0.0103454 0.0 0.0 0.0 1.0
pumpkin/seq-01/color/frame-000050.color.png pumpkin/seq-01/color/frame-000051.color.png 0.999996 0.00228958 0.00174251 0.00395536 -0.00228334 0.999991 -0.00357731 -0.00476348 -0.00175069 0.00357329 0.999992 0.00270194 0.0 0.0 0.0 1.0
pumpkin/seq-01/color/frame-000051.color.png pumpkin/seq-01/color/frame-000052.color.png 0.999995 0.00243607 0.00182523 0.00192898 -0.00243013 0.999992 -0.00325277 0.00163184 -0.00183313 0.00324834 0.999993 0.00686638 0.0 0.0 0.0 1.0
pumpkin/seq-01/color/frame-000052.color.png pumpkin/seq-01/color/frame-000053.color.png 1.0 0.000451656 0.000229588 0.00454062 -0.000451289 0.999999 -0.00161393 -0.00895412 -0.000230337 0.00161383 0.999999 0.0100275 0.0 0.0 0.0 1.0
pumpkin/seq-01/color/frame-000053.color.png pumpkin/seq-01/color/frame-000054.color.png 0.999999 -0.00102656 -0.000218882 0.00607455 0.00102507 0.999977 -0.00671075 -0.0012736 0.000225788 0.00671052 0.999978 0.00678372 0.0 0.0 0.0 1.0
pumpkin/seq-01/color/frame-000054.color.png pumpkin/seq-01/color/frame-000055.color.png 0.999991 0.00339883 0.00249176 0.00626541 -0.00336758 0.999917 -0.0124422 0.00400625 -0.00253384 0.0124337 0.99992 0.0166005 0.0 0.0 0.0 1.0
pumpkin/seq-01/color/frame-000055.color.png pumpkin/seq-01/color/frame-000056.color.png 0.999993 0.00199467 0.00329113 0.00218428 -0.00200323 0.999995 0.00260294 -0.0263434 -0.00328593 -0.00260957 0.999991 0.000605687 0.0 0.0 0.0 1.0
pumpkin/seq-01/color/frame-000056.color.png pumpkin/seq-01/color/frame-000057.color.png 0.99999 -0.00269745 0.00354833 0.000632241 0.00273721 0.999933 -0.0112488 0.0137718 -0.00351774 0.0112585 0.99993 0.0115951 0.0 0.0 0.0 1.0
pumpkin/seq-01/color/frame-000057.color.png pumpkin/seq-01/color/frame-000058.color.png 0.999996 0.000596806 0.0028418 0.0103308 -0.000573746 0.999967 -0.00810498 -0.00917898 -0.00284655 0.00810333 0.999963 0.0116029 0.0 0.0 0.0 1.0
pumpkin/seq-01/color/frame-000058.color.png pumpkin/seq-01/color/frame-000059.color.png 0.999993 0.00217186 0.00316558 0.00232697 -0.0021611 0.999992 -0.00340493 -0.00222342 -0.00317292 0.00339802 0.999989 0.00499642 0.0 0.0 0.0 1.0
pumpkin/seq-01/color/frame-000059.color.png pumpkin/seq-01/color/frame-000060.color.png 0.999997 0.000473801 0.00254336 0.00114859 -0.000468753 0.999998 -0.00197978 -0.0118616 -0.00254432 0.00197861 0.999995 0.00358017 0.0 0.0 0.0 1.0
pumpkin/seq-01/color/frame-000060.color.png pumpkin/seq-01/color/frame-000061.color.png 0.99996 0.00855474 0.00264936 0.00972819 -0.0085141 0.999851 -0.0149945 -0.00602446 -0.00277724 0.0149713 0.999884 0.0122909 0.0 0.0 0.0 1.0
pumpkin/seq-01/color/frame-000061.color.png pumpkin/seq-01/color/frame-000062.color.png 0.999987 0.00397864 0.00318905 0.00444376 -0.00395823 0.999972 -0.00638142 0.00208925 -0.00321433 0.00636873 0.999975 0.00370741 0.0 0.0 0.0 1.0
pumpkin/seq-01/color/frame-000062.color.png pumpkin/seq-01/color/frame-000063.color.png 0.999989 0.00280176 0.00366069 1.23829e-05 -0.00279423 0.999994 -0.00206009 -0.00505558 -0.00366646 0.00204983 0.999991 0.00262062 0.0 0.0 0.0 1.0
pumpkin/seq-01/color/frame-000063.color.png pumpkin/seq-01/color/frame-000064.color.png 0.999978 0.00619897 0.0022322 0.006823 -0.00616928 0.999895 -0.0130771 0.0114684 -0.00231302 0.013063 0.999912 0.0186052 0.0 0.0 0.0 1.0
pumpkin/seq-01/color/frame-000064.color.png pumpkin/seq-01/color/frame-000065.color.png 0.999993 0.00233629 0.00298179 0.0024373 -0.00234267 0.999995 0.00213883 -0.0163084 -0.00297677 -0.00214582 0.999993 -0.0037507 0.0 0.0 0.0 1.0
pumpkin/seq-01/color/frame-000065.color.png pumpkin/seq-01/color/frame-000066.color.png 0.999983 -0.00160305 0.00562615 -0.00303879 0.00166104 0.999945 -0.0103203 -0.00155993 -0.0056093 0.0103294 0.999931 0.0160743 0.0 0.0 0.0 1.0
pumpkin/seq-01/color/frame-000066.color.png pumpkin/seq-01/color/frame-000067.color.png 0.999999 -0.00134431 -0.000940814 0.00513101 0.00133673 0.999967 -0.00800956 -0.000106663 0.000951552 0.00800827 0.999968 0.00283819 0.0 0.0 0.0 1.0
pumpkin/seq-01/color/frame-000067.color.png pumpkin/seq-01/color/frame-000068.color.png 0.999999 -0.000962827 -0.000530021 0.00456619 0.000956162 0.999922 -0.0124287 0.014194 0.000541955 0.0124281 0.999923 0.0109202 0.0 0.0 0.0 1.0
pumpkin/seq-01/color/frame-000068.color.png pumpkin/seq-01/color/frame-000069.color.png 0.999989 0.00262105 0.00391774 0.00677365 -0.00260119 0.999984 -0.00506565 -0.00416541 -0.00393095 0.00505546 0.99998 0.00474566 0.0 0.0 0.0 1.0
pumpkin/seq-01/color/frame-000069.color.png pumpkin/seq-01/color/frame-000070.color.png 0.999998 0.00200963 0.000931383 0.0025026 -0.00200738 0.999995 -0.00240275 -0.00657803 -0.000936216 0.00240085 0.999997 0.00135079 0.0 0.0 0.0 1.0
pumpkin/seq-01/color/frame-000070.color.png pumpkin/seq-01/color/frame-000071.color.png 0.99998 0.00328134 0.00533596 0.00126078 -0.00323587 0.999959 -0.00850764 0.0010882 -0.00536365 0.00849028 0.99995 0.00979841 0.0 0.0 0.0 1.0
pumpkin/seq-01/color/frame-000071.color.png pumpkin/seq-01/color/frame-000072.color.png 0.999995 0.00150348 0.00276197 0.00117207 -0.00149249 0.999991 -0.00397432 0.00123726 -0.00276793 0.00397015 0.999988 0.00293326 0.0 0.0 0.0 1.0
pumpkin/seq-01/color/frame-000072.color.png pumpkin/seq-01/color/frame-000073.color.png 0.999993 0.000818084 0.00368527 0.00605293 -0.00081044 0.999998 -0.00207637 -0.0152324 -0.00368695 0.00207332 0.999991 0.00286743 0.0 0.0 0.0 1.0
pumpkin/seq-01/color/frame-000073.color.png pumpkin/seq-01/color/frame-000074.color.png 0.999978 -0.0016539 0.00642137 -0.0123286 0.0016714 0.999995 -0.00271804 -0.000807554 -0.00641688 0.00272878 0.999976 0.00793335 0.0 0.0 0.0 1.0
pumpkin/seq-01/color/frame-000074.color.png pumpkin/seq-01/color/frame-000075.color.png 0.999984 0.00322843 0.00469986 0.0053727 -0.003224 0.999994 -0.000950788 -0.00773472 -0.00470288 0.000935636 0.999989 0.00711983 0.0 0.0 0.0 1.0
pumpkin/seq-01/color/frame-000075.color.png pumpkin/seq-01/color/frame-000076.color.png 0.999958 -0.00353893 0.00844376 -0.00637328 0.00360423 0.999964 -0.00773295 0.00286025 -0.00841606 0.007763 0.999934 0.0139804 0.0 0.0 0.0 1.0
pumpkin/seq-01/color/frame-000076.color.png pumpkin/seq-01/color/frame-000077.color.png 0.999998 0.00152374 -0.000766735 0.011888 -0.00152855 0.999979 -0.00631216 0.0137119 0.000757111 0.0063134 0.99998 0.00811797 0.0 0.0 0.0 1.0
pumpkin/seq-01/color/frame-000077.color.png pumpkin/seq-01/color/frame-000078.color.png 0.999941 -0.000533143 0.0108546 -0.0157866 0.000513919 0.999998 0.00177389 -0.0252596 -0.0108555 -0.00176828 0.99994 0.00879258 0.0 0.0 0.0 1.0
pumpkin/seq-01/color/frame-000078.color.png pumpkin/seq-01/color/frame-000079.color.png 0.999986 -0.000634131 0.00531185 -0.00709324 0.000647406 0.999997 -0.00249598 -0.00226262 -0.00531028 0.00249945 0.999983 0.00868133 0.0 0.0 0.0 1.0
pumpkin/seq-01/color/frame-000079.color.png pumpkin/seq-01/color/frame-000080.color.png 0.999988 1.91113e-05 0.00480341 0.00242936 1.26188e-05 0.999978 -0.00660727 -0.0033702 -0.00480341 0.00660724 0.999967 0.013512 0.0 0.0 0.0 1.0
pumpkin/seq-01/color/frame-000080.color.png pumpkin/seq-01/color/frame-000081.color.png 0.99997 -0.00257664 0.00730692 -0.0122525 0.00259028 0.999995 -0.00185655 -0.00973803 -0.00730212 0.00187545 0.999972 0.0140877 0.0 0.0 0.0 1.0
pumpkin/seq-01/color/frame-000081.color.png pumpkin/seq-01/color/frame-000082.color.png 0.999999 0.000130742 0.00156999 0.0032875 -0.000129823 1.0 -0.00058613 -0.00573951 -0.0015701 0.000585921 0.999998 0.0048947 0.0 0.0 0.0 1.0
pumpkin/seq-01/color/frame-000082.color.png pumpkin/seq-01/color/frame-000083.color.png 0.999989 -0.00360912 0.00297632 -0.001956 0.0036188 0.999988 -0.00325175 -0.00702444 -0.00296454 0.00326244 0.99999 0.0118254 0.0 0.0 0.0 1.0
pumpkin/seq-01/color/frame-000083.color.png pumpkin/seq-01/color/frame-000084.color.png 0.999988 -6.3661e-06 0.00498063 -0.00895571 2.27515e-05 0.999995 -0.0032886 -0.0137161 -0.00498056 0.00328879 0.999982 0.0184471 0.0 0.0 0.0 1.0
pumpkin/seq-01/color/frame-000084.color.png pumpkin/seq-01/color/frame-000085.color.png 0.999994 -0.00207685 0.00289525 -0.00416793 0.00208638 0.999992 -0.00329646 -0.00378531 -0.0028884 0.00330243 0.99999 0.00376257 0.0 0.0 0.0 1.0
pumpkin/seq-01/color/frame-000085.color.png pumpkin/seq-01/color/frame-000086.color.png 0.999994 -0.000660839 0.00348218 -0.00457542 0.000670695 0.999996 -0.00283012 -0.00711083 -0.00348032 0.00283249 0.99999 0.0155749 0.0 0.0 0.0 1.0
pumpkin/seq-01/color/frame-000086.color.png pumpkin/seq-01/color/frame-000087.color.png 0.999988 -0.00401748 0.00291098 -0.00243334 0.00403826 0.999966 -0.00717278 0.00538123 -0.00288203 0.00718437 0.99997 0.0134775 0.0 0.0 0.0 1.0
pumpkin/seq-01/color/frame-000087.color.png pumpkin/seq-01/color/frame-000088.color.png 0.999998 9.21411e-05 0.00215975 -0.00580678 -9.47872e-05 0.999999 0.0012304 -0.0086337 -0.00215965 -0.00123052 0.999997 0.00860175 0.0 0.0 0.0 1.0
pumpkin/seq-01/color/frame-000088.color.png pumpkin/seq-01/color/frame-000089.color.png 0.999985 0.0015284 0.00522206 -0.00265568 -0.00151456 0.999995 -0.00264772 -0.0112997 -0.00522611 0.00263982 0.999983 0.00837559 0.0 0.0 0.0 1.0
pumpkin/seq-01/color/frame-000089.color.png pumpkin/seq-01/color/frame-000090.color.png 0.999995 -0.00319776 0.000499402 -0.00277971 0.00319826 0.999994 -0.00101626 -0.000818372 -0.000496141 0.00101785 0.999999 0.00876448 0.0 0.0 0.0 1.0
pumpkin/seq-01/color/frame-000090.color.png pumpkin/seq-01/color/frame-000091.color.png 0.999992 -0.000378772 0.00399618 -0.0111222 0.00037013 0.999998 0.00215863 -0.0184637 -0.00399697 -0.00215718 0.99999 0.0139867 0.0 0.0 0.0 1.0
pumpkin/seq-01/color/frame-000091.color.png pumpkin/seq-01/color/frame-000092.color.png 0.99999 -0.00442855 -0.000253167 0.0016624 0.00442928 0.999986 0.00293293 -0.00690937 0.000240168 -0.00293406 0.999996 0.00772175 0.0 0.0 0.0 1.0
pumpkin/seq-01/color/frame-000092.color.png pumpkin/seq-01/color/frame-000093.color.png 0.999999 -0.00106181 0.0010385 -0.00583526 0.00105973 0.999997 0.002009 -0.00778154 -0.00104062 -0.00200788 0.999997 0.00970304 0.0 0.0 0.0 1.0
pumpkin/seq-01/color/frame-000093.color.png pumpkin/seq-01/color/frame-000094.color.png 0.999988 -0.00404314 0.00276342 -0.0102036 0.00405995 0.999973 -0.00609848 0.000489891 -0.00273875 0.00610962 0.999978 0.020323 0.0 0.0 0.0 1.0
pumpkin/seq-01/color/frame-000094.color.png pumpkin/seq-01/color/frame-000095.color.png 0.999995 0.00117992 -0.00279225 0.00523983 -0.00118746 0.999996 -0.00270089 -0.00128838 0.00278906 0.00270415 0.999993 0.00689012 0.0 0.0 0.0 1.0
pumpkin/seq-01/color/frame-000095.color.png pumpkin/seq-01/color/frame-000096.color.png 0.999991 0.00432058 0.000332595 -0.00293315 -0.0043207 0.999991 0.00035929 -0.00967228 -0.000331063 -0.000360668 1.0 0.00889638 0.0 0.0 0.0 1.0
pumpkin/seq-01/color/frame-000096.color.png pumpkin/seq-01/color/frame-000097.color.png 0.999993 -0.00178471 0.00320632 -0.0088873 0.00178087 0.999998 0.00120408 -0.0144037 -0.00320845 -0.00119833 0.999994 0.0101035 0.0 0.0 0.0 1.0
pumpkin/seq-01/color/frame-000097.color.png pumpkin/seq-01/color/frame-000098.color.png 0.999999 -0.00154572 -0.000510995 0.000109699 0.00154314 0.999987 -0.00495725 0.00797796 0.000518621 0.00495643 0.999988 0.011626 0.0 0.0 0.0 1.0
pumpkin/seq-01/color/frame-000098.color.png pumpkin/seq-01/color/frame-000099.color.png 0.999981 -0.00606046 0.000992868 -0.00545592 0.00605676 0.999975 0.0036728 -0.0132269 -0.00101502 -0.00366671 0.999993 0.0093168 0.0 0.0 0.0 1.0
pumpkin/seq-01/color/frame-000099.color.png pumpkin/seq-01/color/frame-000100.color.png 0.999993 -0.00359161 0.00136413 -0.00800737 0.00358907 0.999992 0.00186173 -0.00759301 -0.00137083 -0.00185685 0.999997 0.00752974 0.0 0.0 0.0 1.0
pumpkin/seq-01/color/frame-000100.color.png pumpkin/seq-01/color/frame-000101.color.png 0.999995 -0.00320548 -0.000414676 -0.00257492 0.00320489 0.999994 -0.00144341 -0.00814241 0.000419248 0.00144209 0.999999 0.00845438 0.0 0.0 0.0 1.0
pumpkin/seq-01/color/frame-000101.color.png pumpkin/seq-01/color/frame-000102.color.png 0.999986 -0.00325008 0.00425803 -0.0114375 0.00325392 0.999994 -0.000894197 -0.00235119 -0.00425503 0.000908084 0.999991 0.0102274 0.0 0.0 0.0 1.0
pumpkin/seq-01/color/frame-000102.color.png pumpkin/seq-01/color/frame-000103.color.png 0.999988 -0.00179746 -0.00444612 0.0108212 0.0017922 0.999998 -0.00118429 -0.000252008 0.00444818 0.00117628 0.999989 0.00856924 0.0 0.0 0.0 1.0
pumpkin/seq-01/color/frame-000103.color.png pumpkin/seq-01/color/frame-000104.color.png 0.999999 0.00138002 -0.000486401 0.00270136 -0.00137834 0.999993 0.0034356 -0.0066213 0.000491169 -0.00343491 0.999994 -0.00183547 0.0 0.0 0.0 1.0
pumpkin/seq-01/color/frame-000104.color.png pumpkin/seq-01/color/frame-000105.color.png 0.999976 0.00583481 0.00384627 -0.00425265 -0.0058377 0.999983 0.000749165 -0.00632313 -0.00384186 -0.000771587 0.999992 0.0145844 0.0 0.0 0.0 1.0
pumpkin/seq-01/color/frame-000105.color.png pumpkin/seq-01/color/frame-000106.color.png 0.999976 0.00547695 -0.00435712 0.00677101 -0.00550857 0.999958 -0.00727183 0.00639552 0.00431715 0.00729558 0.999964 0.0131594 0.0 0.0 0.0 1.0
pumpkin/seq-01/color/frame-000106.color.png pumpkin/seq-01/color/frame-000107.color.png 0.99999 0.0045805 2.2781e-05 0.00250916 -0.00458056 0.999987 0.00235906 -0.0125526 -1.1993e-05 -0.00235916 0.999997 -0.00118947 0.0 0.0 0.0 1.0
pumpkin/seq-01/color/frame-000107.color.png pumpkin/seq-01/color/frame-000108.color.png 0.999994 0.00342025 -0.000609719 0.00697075 -0.00341925 0.999993 0.00160892 -0.00117376 0.00061519 -0.0016068 0.999999 -0.00152647 0.0 0.0 0.0 1.0
pumpkin/seq-01/color/frame-000108.color.png pumpkin/seq-01/color/frame-000109.color.png 0.999978 0.00391411 -0.00529646 0.0116526 -0.0038849 0.999977 0.00551397 -0.00517663 0.00531793 -0.00549326 0.999971 0.00500447 0.0 0.0 0.0 1.0
pumpkin/seq-01/color/frame-000109.color.png pumpkin/seq-01/color/frame-000110.color.png 0.999995 0.000867654 -0.00302325 0.00124332 -0.000867485 1.0 5.68954e-05 0.00085035 0.00302329 -5.43233e-05 0.999995 0.0138369 0.0 0.0 0.0 1.0
pumpkin/seq-01/color/frame-000110.color.png pumpkin/seq-01/color/frame-000111.color.png 0.999997 0.000454956 -0.00240778 0.00469726 -0.000461917 0.999996 -0.00288509 0.0059467 0.00240648 0.00288619 0.999993 0.00937957 0.0 0.0 0.0 1.0
pumpkin/seq-01/color/frame-000111.color.png pumpkin/seq-01/color/frame-000112.color.png 0.999995 0.000939318 -0.00289824 0.00615614 -0.000939707 1.0 -0.000130368 -0.00306761 0.00289815 0.000133078 0.999996 0.000300705 0.0 0.0 0.0 1.0
pumpkin/seq-01/color/frame-000112.color.png pumpkin/seq-01/color/frame-000113.color.png 0.999986 -0.00104962 -0.00518828 0.00775909 0.00102983 0.999992 -0.00382091 -0.00173673 0.00519221 0.0038156 0.999979 0.011728 0.0 0.0 0.0 1.0
pumpkin/seq-01/color/frame-000113.color.png pumpkin/seq-01/color/frame-000114.color.png 0.999998 0.00152221 -0.00112189 0.000624336 -0.00152733 0.999988 -0.00457866 0.00165698 0.00111488 0.00458034 0.999989 0.0141125 0.0 0.0 0.0 1.0
pumpkin/seq-01/color/frame-000114.color.png pumpkin/seq-01/color/frame-000115.color.png 0.999975 0.00579768 -0.00405409 0.0149279 -0.00583427 0.999942 -0.00906717 -0.000847369 0.00400132 0.00909053 0.999951 0.0120954 0.0 0.0 0.0 1.0
pumpkin/seq-01/color/frame-000115.color.png pumpkin/seq-01/color/frame-000116.color.png 0.99999 0.00303352 -0.0033477 0.00974296 -0.00304584 0.999989 -0.00369055 -0.000180274 0.00333638 0.00370077 0.999987 0.00493634 0.0 0.0 0.0 1.0
pumpkin/seq-01/color/frame-000116.color.png pumpkin/seq-01/color/frame-000117.color.png 0.999997 0.00226581 -0.000145576 0.00420461 -0.00226576 0.999997 0.000383763 -0.0129061 0.000146474 -0.000383403 1.0 0.00449306 0.0 0.0 0.0 1.0
pumpkin/seq-01/color/frame-000117.color.png pumpkin/seq-01/color/frame-000118.color.png 0.999979 -0.000206322 -0.00641538 0.0181043 0.000131134 0.999931 -0.0117184 0.0115153 0.00641737 0.0117173 0.999911 0.0207964 0.0 0.0 0.0 1.0
pumpkin/seq-01/color/frame-000118.color.png pumpkin/seq-01/color/frame-000119.color.png 0.99999 0.00393013 -0.00231713 0.00991666 -0.00392866 0.999992 0.000637924 -0.0097681 0.00231963 -0.000628845 0.999997 0.000330269 0.0 0.0 0.0 1.0
pumpkin/seq-01/color/frame-000119.color.png pumpkin/seq-01/color/frame-000120.color.png 0.999992 0.00398514 -0.000593471 0.0134518 -0.00398463 0.999992 0.000876255 -0.00776356 0.000596997 -0.000873947 0.999999 0.00202197 0.0 0.0 0.0 1.0
pumpkin/seq-01/color/frame-000120.color.png pumpkin/seq-01/color/frame-000121.color.png 0.999999 0.00135531 -0.000598834 0.0137104 -0.00135776 0.999991 -0.00407836 0.00628364 0.000593339 0.00407928 0.999991 0.0140137 0.0 0.0 0.0 1.0
pumpkin/seq-01/color/frame-000121.color.png pumpkin/seq-01/color/frame-000122.color.png 0.999989 0.00346423 -0.00319156 0.0130493 -0.00346113 0.999994 0.000971032 -0.00638962 0.00319487 -0.000959996 0.999994 0.0072847 0.0 0.0 0.0 1.0
pumpkin/seq-01/color/frame-000122.color.png pumpkin/seq-01/color/frame-000123.color.png 0.999995 0.00297677 -0.000205741 0.00876638 -0.00297694 0.999995 -0.00076525 -0.00529045 0.000203494 0.000765749 1.0 0.00838453 0.0 0.0 0.0 1.0
pumpkin/seq-01/color/frame-000123.color.png pumpkin/seq-01/color/frame-000124.color.png 0.999986 0.00486221 -0.00210927 0.0234121 -0.00485712 0.999985 0.00240404 -0.0092243 0.0021209 -0.00239369 0.999995 0.00185519 0.0 0.0 0.0 1.0
pumpkin/seq-01/color/frame-000124.color.png pumpkin/seq-01/color/frame-000125.color.png 1.0 0.000364208 0.000263156 0.00417554 -0.000364275 1.0 0.000283986 -0.00572658 -0.000263068 -0.000284053 1.0 0.00578892 0.0 0.0 0.0 1.0
pumpkin/seq-01/color/frame-000125.color.png pumpkin/seq-01/color/frame-000126.color.png 0.999998 0.000509345 -0.00178257 0.0128059 -0.000511098 0.999999 -0.000983222 0.000914037 0.00178208 0.000984137 0.999998 -7.28369e-05 0.0 0.0 0.0 1.0
pumpkin/seq-01/color/frame-000126.color.png pumpkin/seq-01/color/frame-000127.color.png 0.999996 -0.00225053 -0.00177845 0.0150593 0.00225127 0.999997 0.000419913 0.00402105 0.00177748 -0.000424014 0.999998 0.00654542 0.0 0.0 0.0 1.0
pumpkin/seq-01/color/frame-000127.color.png pumpkin/seq-01/color/frame-000128.color.png 0.999977 0.00122719 -0.00663023 0.0232579 -0.00122145 0.999999 0.000868943 -0.00149107 0.00663131 -0.000860829 0.999978 -0.000724435 0.0 0.0 0.0 1.0
pumpkin/seq-01/color/frame-000128.color.png pumpkin/seq-01/color/frame-000129.color.png 1.0 0.000113533 -0.00011917 0.0054331 -0.000113638 1.0 -0.000904635 -0.00160563 0.000119065 0.000904755 0.999999 0.00574696 0.0 0.0 0.0 1.0
pumpkin/seq-01/color/frame-000129.color.png pumpkin/seq-01/color/frame-000130.color.png 0.999995 0.00322687 -0.000511977 0.0116674 -0.00322771 0.999993 -0.00165398 0.00263828 0.000506664 0.00165554 0.999999 0.0041818 0.0 0.0 0.0 1.0
pumpkin/seq-01/color/frame-000130.color.png pumpkin/seq-01/color/frame-000131.color.png 0.999984 0.00556157 0.000897224 0.0121948 -0.00556228 0.999984 0.000797698 -0.00345927 -0.000892796 -0.000802613 0.999999 0.00615376 0.0 0.0 0.0 1.0
pumpkin/seq-01/color/frame-000131.color.png pumpkin/seq-01/color/frame-000132.color.png 0.999995 0.00237069 -0.00183211 0.00832388 -0.00236828 0.999996 0.00131617 -0.00273138 0.00183523 -0.00131184 0.999997 0.00234383 0.0 0.0 0.0 1.0
pumpkin/seq-01/color/frame-000132.color.png pumpkin/seq-01/color/frame-000133.color.png 0.999999 0.00115442 -0.000657086 0.00641094 -0.00115057 0.999982 0.00584085 -0.0100148 0.000663825 -0.00584006 0.999983 -0.00183821 0.0 0.0 0.0 1.0
pumpkin/seq-01/color/frame-000133.color.png pumpkin/seq-01/color/frame-000134.color.png 0.999994 -0.00330247 0.00126307 0.00292853 0.00330412 0.999994 -0.0013177 0.000857294 -0.00125873 0.00132181 0.999998 0.0135096 0.0 0.0 0.0 1.0
pumpkin/seq-01/color/frame-000134.color.png pumpkin/seq-01/color/frame-000135.color.png 0.999998 0.00137555 -0.00141816 0.00948836 -0.00137981 0.999995 -0.00300799 0.00198334 0.00141403 0.00300997 0.999994 0.00269687 0.0 0.0 0.0 1.0
pumpkin/seq-01/color/frame-000135.color.png pumpkin/seq-01/color/frame-000136.color.png 1.0 -0.000965063 -0.000132511 0.00349647 0.000964944 0.999999 -0.000954192 0.00110215 0.000133424 0.000954113 1.0 0.00445127 0.0 0.0 0.0 1.0
pumpkin/seq-01/color/frame-000136.color.png pumpkin/seq-01/color/frame-000137.color.png 0.999999 0.000460946 -0.000898428 0.00813654 -0.000454513 0.999974 0.00713302 -0.0147432 0.000901693 -0.00713268 0.999974 -0.00507444 0.0 0.0 0.0 1.0
pumpkin/seq-01/color/frame-000137.color.png pumpkin/seq-01/color/frame-000138.color.png 0.999992 -0.00338348 -0.00228057 0.00403932 0.0033868 0.999993 0.00145286 0.00079155 0.00227564 -0.00146058 0.999996 0.0106585 0.0 0.0 0.0 1.0
pumpkin/seq-01/color/frame-000138.color.png pumpkin/seq-01/color/frame-000139.color.png 0.999997 -5.91544e-05 -0.00260404 0.00924748 7.76648e-05 0.999975 0.00710811 -0.015481 0.00260354 -0.00710826 0.999971 -0.00169832 0.0 0.0 0.0 1.0
pumpkin/seq-01/color/frame-000139.color.png pumpkin/seq-01/color/frame-000140.color.png 0.999996 -0.00248889 -0.00115059 0.000443727 0.00248981 0.999997 0.000812626 0.00514245 0.00114858 -0.00081558 0.999999 0.00640506 0.0 0.0 0.0 1.0
pumpkin/seq-01/color/frame-000140.color.png pumpkin/seq-01/color/frame-000141.color.png 0.999998 -0.00164571 -0.000754088 0.00831181 0.00165229 0.99996 0.00877279 -0.0188618 0.000739573 -0.0087739 0.999961 0.00232685 0.0 0.0 0.0 1.0
pumpkin/seq-01/color/frame-000141.color.png pumpkin/seq-01/color/frame-000142.color.png 0.999997 -0.00237814 0.00101575 0.000924051 0.00237711 0.999997 0.000996941 0.000675082 -0.00101812 -0.000994512 0.999999 0.00527358 0.0 0.0 0.0 1.0
pumpkin/seq-01/color/frame-000142.color.png pumpkin/seq-01/color/frame-000143.color.png 0.999997 -0.00102386 0.00229434 -0.00195438 0.00102019 0.999998 0.00159607 -0.0066272 -0.00229594 -0.00159386 0.999996 0.00887954 0.0 0.0 0.0 1.0
pumpkin/seq-01/color/frame-000143.color.png pumpkin/seq-01/color/frame-000144.color.png 0.999981 -0.00271555 0.00548739 -0.00254044 0.00271911 0.999996 -0.000640083 -0.00259101 -0.00548567 0.000655063 0.999985 0.0155494 0.0 0.0 0.0 1.0
pumpkin/seq-01/color/frame-000144.color.png pumpkin/seq-01/color/frame-000145.color.png 1.0 -9.73428e-05 0.000459139 0.00986344 9.76757e-05 1.0 -0.000717208 -0.000763595 -0.000459049 0.000717306 1.0 0.00686449 0.0 0.0 0.0 1.0
pumpkin/seq-01/color/frame-000145.color.png pumpkin/seq-01/color/frame-000146.color.png 0.999999 0.00111484 0.000681462 0.0051142 -0.00111396 0.999998 -0.00131597 0.000669956 -0.00068291 0.00131516 0.999999 0.00561345 0.0 0.0 0.0 1.0
pumpkin/seq-01/color/frame-000146.color.png pumpkin/seq-01/color/frame-000147.color.png 0.999986 0.00332363 0.00412521 0.00607267 -0.00333953 0.999987 0.00385287 -0.00873256 -0.00411235 -0.00386652 0.999984 0.0159937 0.0 0.0 0.0 1.0
pumpkin/seq-01/color/frame-000147.color.png pumpkin/seq-01/color/frame-000148.color.png 1.0 0.000160121 0.000778233 0.002121 -0.000160373 1.0 0.000306282 1.17421e-05 -0.000778177 -0.000306477 1.0 0.00736541 0.0 0.0 0.0 1.0
pumpkin/seq-01/color/frame-000148.color.png pumpkin/seq-01/color/frame-000149.color.png 0.999998 0.000695684 -0.00160831 0.0107625 -0.00069323 0.999999 0.00152703 -0.00669897 0.00160938 -0.00152592 0.999998 0.0085085 0.0 0.0 0.0 1.0
pumpkin/seq-01/color/frame-000149.color.png pumpkin/seq-01/color/frame-000150.color.png 0.999988 0.00236697 0.00430434 0.000988543 -0.00236492 0.999997 -0.000477302 -0.00164396 -0.00430547 0.000467147 0.999991 0.0238761 0.0 0.0 0.0 1.0
pumpkin/seq-01/color/frame-000150.color.png pumpkin/seq-01/color/frame-000151.color.png 0.999997 0.00248051 0.000303085 0.00830168 -0.00248154 0.999991 0.00341855 -0.0127888 -0.00029461 -0.00341932 0.999994 0.00635529 0.0 0.0 0.0 1.0
pumpkin/seq-01/color/frame-000151.color.png pumpkin/seq-01/color/frame-000152.color.png 0.999998 0.0018272 0.000726191 0.00156748 -0.00182691 0.999998 -0.000403553 0.000514805 -0.00072693 0.000402226 1.0 0.0109488 0.0 0.0 0.0 1.0
pumpkin/seq-01/color/frame-000152.color.png pumpkin/seq-01/color/frame-000153.color.png 0.999991 0.000474841 -0.0043403 0.0177391 -0.000469899 0.999999 0.00113834 -0.00826979 0.00434086 -0.00113628 0.99999 0.0142601 0.0 0.0 0.0 1.0
pumpkin/seq-01/color/frame-000153.color.png pumpkin/seq-01/color/frame-000154.color.png 0.999999 -0.00105766 -0.00123236 0.00312555 0.00105777 1.0 8.18778e-05 -0.00655431 0.00123227 -8.318e-05 0.999999 0.0120428 0.0 0.0 0.0 1.0
pumpkin/seq-01/color/frame-000154.color.png pumpkin/seq-01/color/frame-000155.color.png 0.999993 0.00195625 -0.00305713 0.0113304 -0.00195738 0.999998 -0.000362806 -0.00207782 0.00305639 0.000368774 0.999995 0.00600064 0.0 0.0 0.0 1.0
pumpkin/seq-01/color/frame-000155.color.png pumpkin/seq-01/color/frame-000156.color.png 0.999999 -0.000318599 -0.00150331 0.00371057 0.000316878 0.999999 -0.00114681 -0.00123608 0.0015037 0.00114643 0.999998 0.010057 0.0 0.0 0.0 1.0
pumpkin/seq-01/color/frame-000156.color.png pumpkin/seq-01/color/frame-000157.color.png 0.999983 0.0038032 -0.00444368 0.0146498 -0.00380154 0.999993 0.000382432 -0.0118235 0.00444509 -0.000365634 0.99999 0.0140104 0.0 0.0 0.0 1.0
pumpkin/seq-01/color/frame-000157.color.png pumpkin/seq-01/color/frame-000158.color.png 0.999999 -0.000417975 -0.00122175 0.00558659 0.000414531 0.999996 -0.00282712 0.00238138 0.0012229 0.00282668 0.999995 0.00707579 0.0 0.0 0.0 1.0
pumpkin/seq-01/color/frame-000158.color.png pumpkin/seq-01/color/frame-000159.color.png 0.999994 -0.00309874 -0.00133646 0.0036023 0.0030942 0.99999 -0.0033684 1.0848e-05 0.00134688 0.00336419 0.999993 0.0082975 0.0 0.0 0.0 1.0
pumpkin/seq-01/color/frame-000159.color.png pumpkin/seq-01/color/frame-000160.color.png 0.999986 -0.000325725 -0.00523339 0.0133797 0.00030898 0.999995 -0.00320155 0.00426018 0.00523442 0.00319993 0.999981 0.00612843 0.0 0.0 0.0 1.0
pumpkin/seq-01/color/frame-000160.color.png pumpkin/seq-01/color/frame-000161.color.png 0.999991 0.00232953 -0.003534 0.00898671 -0.00233373 0.999996 -0.00118287 -0.00907755 0.00353121 0.00119112 0.999993 0.0149412 0.0 0.0 0.0 1.0
pumpkin/seq-01/color/frame-000161.color.png pumpkin/seq-01/color/frame-000162.color.png 0.999997 -0.000538628 -0.0025047 0.00713372 0.000537117 1.0 -0.000603658 -0.00246698 0.00250503 0.000602234 0.999997 0.00316674 0.0 0.0 0.0 1.0
pumpkin/seq-01/color/frame-000162.color.png pumpkin/seq-01/color/frame-000163.color.png 0.999997 -0.000913751 -0.00211692 0.00486919 0.000915809 0.999999 0.000970893 -0.00606519 0.00211604 -0.000972855 0.999997 0.00336564 0.0 0.0 0.0 1.0
pumpkin/seq-01/color/frame-000163.color.png pumpkin/seq-01/color/frame-000164.color.png 0.999999 -0.00104967 -0.00102028 0.00387746 0.00105324 0.999993 0.00349466 -0.0120422 0.00101659 -0.0034958 0.999993 0.00197053 0.0 0.0 0.0 1.0
pumpkin/seq-01/color/frame-000164.color.png pumpkin/seq-01/color/frame-000165.color.png 0.999995 -0.00262966 -0.00169822 0.00787395 0.00263807 0.999984 0.00495887 -0.0114978 0.00168515 -0.00496326 0.999986 -0.00249749 0.0 0.0 0.0 1.0
pumpkin/seq-01/color/frame-000165.color.png pumpkin/seq-01/color/frame-000166.color.png 0.999979 -0.0064305 0.000342814 0.00349256 0.00642949 0.999975 0.00285534 -0.00548053 -0.000361173 -0.00285311 0.999996 0.0110307 0.0 0.0 0.0 1.0
pumpkin/seq-01/color/frame-000166.color.png pumpkin/seq-01/color/frame-000167.color.png 0.999999 7.86303e-05 0.00144535 0.00197926 -7.55531e-05 0.999998 -0.00211925 0.00381643 -0.00144552 0.00211922 0.999997 0.0076412 0.0 0.0 0.0 1.0
pumpkin/seq-01/color/frame-000167.color.png pumpkin/seq-01/color/frame-000168.color.png 0.999999 0.000505162 -0.0015818 0.00697899 -0.000507621 0.999999 -0.00154477 0.00156152 0.00158103 0.00154553 0.999998 0.00469565 0.0 0.0 0.0 1.0
pumpkin/seq-01/color/frame-000168.color.png pumpkin/seq-01/color/frame-000169.color.png 0.999996 0.00172494 -0.00234276 0.0134154 -0.00171576 0.999991 0.00391042 -0.00841713 0.00234946 -0.00390637 0.99999 -0.00566101 0.0 0.0 0.0 1.0
pumpkin/seq-01/color/frame-000169.color.png pumpkin/seq-01/color/frame-000170.color.png 0.999998 -0.00190257 0.000779857 -0.000116378 0.00190068 0.999995 0.00240832 -0.00589949 -0.000784397 -0.00240684 0.999997 0.00394666 0.0 0.0 0.0 1.0
pumpkin/seq-01/color/frame-000170.color.png pumpkin/seq-01/color/frame-000171.color.png 0.999997 -0.00205373 0.00149122 0.000191033 0.00205562 0.999997 -0.00126805 0.00121427 -0.00148863 0.00127108 0.999998 0.0131838 0.0 0.0 0.0 1.0
