office/seq-07/color/frame-000000.color.png office/seq-07/color/frame-000001.color.png 1.0 0.000773581 -0.000548613 -0.00278675 -0.000772463 0.999998 0.00203516 -0.000494834 0.000550186 -0.00203473 0.999998 0.0112021 0.0 0.0 0.0 1.0
office/seq-07/color/frame-000001.color.png office/seq-07/color/frame-000002.color.png 0.999999 -0.0014054 -6.7073e-05 -0.000441999 0.00140554 0.999997 0.00208034 -0.000485272 6.41491e-05 -0.00208043 0.999998 0.00846472 0.0 0.0 0.0 1.0
office/seq-07/color/frame-000002.color.png office/seq-07/color/frame-000003.color.png 0.999997 -0.00189959 -0.00115387 0.00224064 0.00190141 0.999997 0.00157604 0.00194911 0.00115087 -0.00157823 0.999998 0.00254224 0.0 0.0 0.0 1.0
office/seq-07/color/frame-000003.color.png office/seq-07/color/frame-000004.color.png 0.999997 -0.00112703 -0.00231543 0.00485619 0.00113588 0.999992 0.00382391 -0.00203627 0.0023111 -0.00382653 0.99999 0.00337131 0.0 0.0 0.0 1.0
office/seq-07/color/frame-000004.color.png office/seq-07/color/frame-000005.color.png 0.999989 -0.00441334 0.00167674 0.00119681 0.00439796 0.999949 0.00906805 -0.00428466 -0.00171667 -0.00906058 0.999958 0.0137555 0.0 0.0 0.0 1.0
office/seq-07/color/frame-000005.color.png office/seq-07/color/frame-000006.color.png 0.99999 -0.00448867 0.000836926 -0.00401938 0.00448912 0.99999 -0.000537878 -0.00123033 -0.000834503 0.000541629 0.999999 0.0119381 0.0 0.0 0.0 1.0
office/seq-07/color/frame-000006.color.png office/seq-07/color/frame-000007.color.png 0.999996 -0.000548908 -0.00269246 0.0072977 0.000548826 1.0 -3.15861e-05 0.000374097 0.00269247 3.01029e-05 0.999996 0.00378739 0.0 0.0 0.0 1.0
office/seq-07/color/frame-000007.color.png office/seq-07/color/frame-000008.color.png 0.999994 0.00250122 0.00249804 -0.00521769 -0.00251364 0.999985 0.00498177 -0.00565614 -0.00248554 -0.00498801 0.999984 0.0272735 0.0 0.0 0.0 1.0
office/seq-07/color/frame-000008.color.png office/seq-07/color/frame-000009.color.png 0.999991 -0.00164546 -0.00380805 0.00915893 0.00163748 0.999996 -0.00209808 -0.00131044 0.00381149 0.00209183 0.999991 0.00720522 0.0 0.0 0.0 1.0
office/seq-07/color/frame-000009.color.png office/seq-07/color/frame-000010.color.png 0.999971 0.00702481 0.0030551 0.00232473 -0.00703412 0.999971 0.00304464 -0.0166589 -0.00303362 -0.00306604 0.999991 0.0252373 0.0 0.0 0.0 1.0
office/seq-07/color/frame-000010.color.png office/seq-07/color/frame-000011.color.png 0.999995 0.00202118 0.00257119 -0.0163415 -0.00198696 0.99991 -0.0132397 0.00590455 -0.00259772 0.0132345 0.999909 0.0327988 0.0 0.0 0.0 1.0
office/seq-07/color/frame-000011.color.png office/seq-07/color/frame-000012.color.png 0.999969 0.000404929 -0.00779853 0.0193079 -0.000466294 0.999969 -0.00786853 0.00482599 0.0077951 0.00787193 0.999939 -0.000597149 0.0 0.0 0.0 1.0
office/seq-07/color/frame-000012.color.png office/seq-07/color/frame-000013.color.png 0.999991 0.00386888 0.00168299 0.0180173 -0.00388687 0.999934 0.0108167 -0.00830052 -0.00164103 -0.0108231 0.99994 0.0244492 0.0 0.0 0.0 1.0
office/seq-07/color/frame-000013.color.png office/seq-07/color/frame-000014.color.png 0.999981 -0.000766452 0.00616921 -0.0105171 0.000732145 0.999984 0.00556135 -0.0108522 -0.00617338 -0.00555672 0.999966 0.0248143 0.0 0.0 0.0 1.0
office/seq-07/color/frame-000014.color.png office/seq-07/color/frame-000015.color.png 0.999992 -0.00354845 0.00192378 0.0102709 0.00354878 0.999994 -0.000170234 -0.00455568 -0.00192317 0.000177061 0.999998 0.013351 0.0 0.0 0.0 1.0
office/seq-07/color/frame-000015.color.png office/seq-07/color/frame-000016.color.png 0.999831 -0.00768927 0.0166823 0.00371579 0.00754854 0.999936 0.00848296 -0.00638909 -0.0167465 -0.0083556 0.999825 0.0356748 0.0 0.0 0.0 1.0
office/seq-07/color/frame-000016.color.png office/seq-07/color/frame-000017.color.png 0.999966 0.00037841 0.00821304 0.00611549 -0.000450195 0.999962 0.00874028 -0.022796 -0.00820941 -0.00874368 0.999928 0.015086 0.0 0.0 0.0 1.0
office/seq-07/color/frame-000017.color.png office/seq-07/color/frame-000018.color.png 0.999916 -0.0013935 0.0128487 -0.0118618 0.00145753 0.999987 -0.00497566 -0.00304117 -0.0128416 0.00499398 0.999905 0.0306054 0.0 0.0 0.0 1.0
office/seq-07/color/frame-000018.color.png office/seq-07/color/frame-000019.color.png 0.999953 -0.00730525 0.00632219 0.00105567 0.00734674 0.999952 -0.00656417 0.000629656 -0.00627394 0.0066103 0.999958 0.0134101 0.0 0.0 0.0 1.0
office/seq-07/color/frame-000019.color.png office/seq-07/color/frame-000020.color.png 0.999756 -0.015805 0.0154277 -0.0049904 0.0157494 0.999869 0.00371672 -0.00592338 -0.0154844 -0.00347284 0.999874 0.0395131 0.0 0.0 0.0 1.0
office/seq-07/color/frame-000020.color.png office/seq-07/color/frame-000021.color.png 0.999978 -0.00118741 0.00647135 -0.000612132 0.00117111 0.999996 0.00252032 -0.0153425 -0.00647428 -0.00251268 0.999976 0.0246513 0.0 0.0 0.0 1.0
office/seq-07/color/frame-000021.color.png office/seq-07/color/frame-000022.color.png 0.999985 0.000123247 0.00546125 -0.00481248 -0.000115978 0.999999 -0.00133072 -0.00329389 -0.00546145 0.00133007 0.999984 0.0184492 0.0 0.0 0.0 1.0
office/seq-07/color/frame-000022.color.png office/seq-07/color/frame-000023.color.png 0.999986 0.000220719 0.00521355 0.0027103 -0.000249623 0.999985 0.00554328 -0.0129891 -0.00521223 -0.0055445 0.999971 0.0379045 0.0 0.0 0.0 1.0
office/seq-07/color/frame-000023.color.png office/seq-07/color/frame-000024.color.png 0.999974 -0.000125351 0.00726413 -0.0128565 0.00014364 0.999997 -0.00251708 -0.00307667 -0.00726381 0.00251805 0.99997 0.0233351 0.0 0.0 0.0 1.0
office/seq-07/color/frame-000024.color.png office/seq-07/color/frame-000025.color.png 0.999999 -0.000688607 0.000794985 -0.00655214 0.000691329 0.999994 -0.00343735 0.00453471 -0.000792595 0.00343789 0.999994 0.0209408 0.0 0.0 0.0 1.0
office/seq-07/color/frame-000025.color.png office/seq-07/color/frame-000026.color.png 0.999981 -0.000851312 -0.00618368 0.00712379 0.000882021 0.999987 0.0049637 -0.00786807 0.00617936 -0.00496905 0.999968 0.0332713 0.0 0.0 0.0 1.0
office/seq-07/color/frame-000026.color.png office/seq-07/color/frame-000027.color.png 0.999989 -0.00347521 -0.00332127 0.00289756 0.00348531 0.999989 0.00304167 -0.0115316 0.00331065 -0.0030532 0.99999 0.0177505 0.0 0.0 0.0 1.0
office/seq-07/color/frame-000027.color.png office/seq-07/color/frame-000028.color.png 0.999984 -0.00194981 -0.00522785 0.00889716 0.00196011 0.999996 0.00196718 -0.0023941 0.00522401 -0.0019774 0.999984 0.0150125 0.0 0.0 0.0 1.0
office/seq-07/color/frame-000028.color.png office/seq-07/color/frame-000029.color.png 0.999987 0.00183696 -0.00475275 0.00793162 -0.0018056 0.999977 0.00659183 -0.00991508 0.00476476 -0.00658316 0.999967 0.0361789 0.0 0.0 0.0 1.0
office/seq-07/color/frame-000029.color.png office/seq-07/color/frame-000030.color.png 0.999975 0.00589555 -0.00393326 0.00459276 -0.00588156 0.999976 0.00355546 -0.00757957 0.00395412 -0.00353224 0.999986 0.0187894 0.0 0.0 0.0 1.0
office/seq-07/color/frame-000030.color.png office/seq-07/color/frame-000031.color.png 0.999984 0.00354649 -0.00444562 0.00873637 -0.00354415 0.999994 0.000535115 -0.00404257 0.00444748 -0.000519359 0.99999 0.0143481 0.0 0.0 0.0 1.0
office/seq-07/color/frame-000031.color.png office/seq-07/color/frame-000032.color.png 0.999993 0.00106656 -0.00368896 0.00959776 -0.00106133 0.999998 0.00141822 -0.00169815 0.00369047 -0.00141429 0.999992 0.0149977 0.0 0.0 0.0 1.0
office/seq-07/color/frame-000032.color.png office/seq-07/color/frame-000033.color.png 0.999981 0.00434022 -0.00431065 -0.000604399 -0.00433842 0.99999 0.00042907 -0.00904116 0.00431248 -0.000410345 0.999991 0.0415192 0.0 0.0 0.0 1.0
office/seq-07/color/frame-000033.color.png office/seq-07/color/frame-000034.color.png 0.999979 0.00452548 -0.00468529 0.00496452 -0.00454934 0.999977 -0.00509381 -0.00042136 0.00466212 0.00511501 0.999976 0.0202844 0.0 0.0 0.0 1.0
office/seq-07/color/frame-000034.color.png office/seq-07/color/frame-000035.color.png 0.999955 0.00207188 -0.00927523 0.0211989 -0.00210637 0.999991 -0.00371006 0.00242405 0.00926747 0.00372942 0.99995 0.0106594 0.0 0.0 0.0 1.0
office/seq-07/color/frame-000035.color.png office/seq-07/color/frame-000036.color.png 0.999958 0.00475118 -0.00776784 0.0306758 -0.00467277 0.999938 0.0100813 -0.0133677 0.00781526 -0.0100446 0.999919 0.0330216 0.0 0.0 0.0 1.0
office/seq-07/color/frame-000036.color.png office/seq-07/color/frame-000037.color.png 0.999987 0.00334795 0.00397225 -0.0113782 -0.00335575 0.999992 0.00195801 -0.0124722 -0.00396566 -0.00197131 0.99999 0.0301486 0.0 0.0 0.0 1.0
office/seq-07/color/frame-000037.color.png office/seq-07/color/frame-000038.color.png 0.999981 0.00311117 -0.00527632 0.0137356 -0.00316345 0.999946 -0.00993005 0.00938925 0.00524513 0.00994656 0.999937 0.0144042 0.0 0.0 0.0 1.0
office/seq-07/color/frame-000038.color.png office/seq-07/color/frame-000039.color.png 0.999962 0.00527923 -0.00690565 0.0297097 -0.00530522 0.999979 -0.00375094 0.0047475 0.00688571 0.00378743 0.999969 0.0111304 0.0 0.0 0.0 1.0
office/seq-07/color/frame-000039.color.png office/seq-07/color/frame-000040.color.png 0.999997 0.00103874 0.00221585 0.00582138 -0.00103919 0.999999 0.000206227 -0.0129145 -0.00221564 -0.000208529 0.999997 0.0391586 0.0 0.0 0.0 1.0
office/seq-07/color/frame-000040.color.png office/seq-07/color/frame-000041.color.png 0.999991 -0.00289631 -0.00313079 0.0201513 0.00287232 0.999967 -0.007642 0.000390172 0.00315282 0.00763293 0.999966 0.0196918 0.0 0.0 0.0 1.0
office/seq-07/color/frame-000041.color.png office/seq-07/color/frame-000042.color.png 0.999992 -0.0040249 2.25174e-05 0.00811391 0.00402493 0.999947 -0.00948098 0.0144802 1.56402e-05 0.009481 0.999955 0.017417 0.0 0.0 0.0 1.0
office/seq-07/color/frame-000042.color.png office/seq-07/color/frame-000043.color.png 0.999996 -0.00146604 -0.00228094 0.0192018 0.00146824 0.999998 0.000965446 0.00427932 0.00227952 -0.000968789 0.999997 0.0127921 0.0 0.0 0.0 1.0
office/seq-07/color/frame-000043.color.png office/seq-07/color/frame-000044.color.png 0.999976 -0.00372575 0.00580414 -0.00237407 0.00366682 0.999942 0.0101317 -0.0183104 -0.00584155 -0.0101102 0.999932 0.0164489 0.0 0.0 0.0 1.0
office/seq-07/color/frame-000044.color.png office/seq-07/color/frame-000045.color.png 0.999895 -0.0129228 0.0065018 0.010637 0.0129681 0.999891 -0.00697687 -0.00526457 -0.00641093 0.00706047 0.999954 0.034155 0.0 0.0 0.0 1.0
office/seq-07/color/frame-000045.color.png office/seq-07/color/frame-000046.color.png 0.999994 -0.00193518 0.00303188 0.00491913 0.001936 0.999998 -0.000267702 -0.0022611 -0.00303136 0.00027357 0.999995 0.0139439 0.0 0.0 0.0 1.0
office/seq-07/color/frame-000046.color.png office/seq-07/color/frame-000047.color.png 0.999984 -0.00452876 0.00328104 -0.0014426 0.00453105 0.99999 -0.000691976 -0.00219223 -0.00327786 0.000706831 0.999994 0.0201304 0.0 0.0 0.0 1.0
office/seq-07/color/frame-000047.color.png office/seq-07/color/frame-000048.color.png 0.999976 -0.00442076 -0.0053173 0.0179162 0.00441994 0.99999 -0.000167083 -0.015018 0.00531798 0.00014358 0.999986 0.0183419 0.0 0.0 0.0 1.0
office/seq-07/color/frame-000048.color.png office/seq-07/color/frame-000049.color.png 0.999992 -0.00384972 0.000939249 0.0115556 0.0038564 0.999967 -0.00722505 0.0264918 -0.000911407 0.00722862 0.999973 0.0240946 0.0 0.0 0.0 1.0
office/seq-07/color/frame-000049.color.png office/seq-07/color/frame-000050.color.png 0.999982 -0.0043621 0.00401458 -0.00141919 0.00428966 0.999831 0.0178789 -0.0234728 -0.00409189 -0.0178613 0.999832 0.0141934 0.0 0.0 0.0 1.0
office/seq-07/color/frame-000050.color.png office/seq-07/color/frame-000051.color.png 0.999996 -0.000685273 -0.00288281 0.0185814 0.000708037 0.999969 0.00790326 -0.022421 0.0028773 -0.00790526 0.999965 0.0209397 0.0 0.0 0.0 1.0
office/seq-07/color/frame-000051.color.png office/seq-07/color/frame-000052.color.png 0.999982 0.0041589 0.00437602 -0.00747102 -0.00413763 0.99998 -0.00485966 0.00448467 -0.00439613 0.00484147 0.999979 0.0152847 0.0 0.0 0.0 1.0
office/seq-07/color/frame-000052.color.png office/seq-07/color/frame-000053.color.png 0.999974 0.0046467 0.00542814 0.00992852 -0.00464043 0.999989 -0.00116664 0.00404449 -0.00543351 0.00114143 0.999985 0.0343945 0.0 0.0 0.0 1.0
office/seq-07/color/frame-000053.color.png office/seq-07/color/frame-000054.color.png 0.999978 -0.00548634 0.00362811 4.93526e-05 0.00548991 0.999984 -0.000970545 -0.0147004 -0.00362273 0.000990438 0.999993 0.0194026 0.0 0.0 0.0 1.0
office/seq-07/color/frame-000054.color.png office/seq-07/color/frame-000055.color.png 0.999999 0.00101909 0.00119715 0.00263911 -0.00101082 0.999976 -0.00689692 0.011381 -0.00120414 0.00689571 0.999976 0.0156385 0.0 0.0 0.0 1.0
office/seq-07/color/frame-000055.color.png office/seq-07/color/frame-000056.color.png 0.999981 0.00559998 0.00244909 0.00504851 -0.00560124 0.999984 0.000507114 0.00621988 -0.00244621 -0.000520822 0.999997 0.0126531 0.0 0.0 0.0 1.0
office/seq-07/color/frame-000056.color.png office/seq-07/color/frame-000057.color.png 0.999989 0.00154278 0.00439029 0.00858504 -0.00158767 0.999946 0.0102396 -0.0298857 -0.00437426 -0.0102464 0.999938 0.0421836 0.0 0.0 0.0 1.0
office/seq-07/color/frame-000057.color.png office/seq-07/color/frame-000058.color.png 0.999993 0.00167745 0.00319148 -0.00164911 -0.00167542 0.999998 -0.00064563 0.00122318 -0.00319256 0.000640268 0.999995 0.0204715 0.0 0.0 0.0 1.0
office/seq-07/color/frame-000058.color.png office/seq-07/color/frame-000059.color.png 0.999999 0.000867803 0.00117222 0.00560191 -0.000869213 0.999999 0.00121147 -0.00553343 -0.00117118 -0.00121248 0.999998 0.0198188 0.0 0.0 0.0 1.0
office/seq-07/color/frame-000059.color.png office/seq-07/color/frame-000060.color.png 0.999994 -0.00271627 -0.00225433 0.0155077 0.00272029 0.999995 0.00178146 -0.014331 0.00224949 -0.00178758 0.999996 0.0202825 0.0 0.0 0.0 1.0
office/seq-07/color/frame-000060.color.png office/seq-07/color/frame-000061.color.png 0.999991 -0.00411564 -0.000228167 0.00412869 0.00411582 0.999991 0.000774271 -0.0111289 0.000224981 -0.0007752 1.0 0.0185858 0.0 0.0 0.0 1.0
office/seq-07/color/frame-000061.color.png office/seq-07/color/frame-000062.color.png 0.999956 -0.00905813 -0.00264959 0.00516689 0.00905795 0.999959 -7.90952e-05 -0.00873211 0.00265019 5.50814e-05 0.999996 0.0156164 0.0 0.0 0.0 1.0
office/seq-07/color/frame-000062.color.png office/seq-07/color/frame-000063.color.png 0.99999 -0.00254195 -0.00359759 0.00900054 0.00255315 0.999992 0.00311402 -0.00615039 0.00358964 -0.00312317 0.999989 0.0290449 0.0 0.0 0.0 1.0
office/seq-07/color/frame-000063.color.png office/seq-07/color/frame-000064.color.png 0.999993 -0.00342513 -0.00175553 0.0120162 0.00342938 0.999991 0.00241976 -0.0146933 0.00174723 -0.00242575 0.999995 0.019415 0.0 0.0 0.0 1.0
office/seq-07/color/frame-000064.color.png office/seq-07/color/frame-000065.color.png 0.999994 -0.00294108 0.00201998 -0.000381291 0.00294784 0.99999 -0.00334697 0.000268847 -0.00201012 0.00335291 0.999992 0.0131438 0.0 0.0 0.0 1.0
office/seq-07/color/frame-000065.color.png office/seq-07/color/frame-000066.color.png 0.999982 0.00500107 0.00334518 0.00561398 -0.00498501 0.999976 -0.00479438 0.0155873 -0.00336907 0.00477761 0.999983 0.0134156 0.0 0.0 0.0 1.0
office/seq-07/color/frame-000066.color.png office/seq-07/color/frame-000067.color.png 0.99994 0.00153575 0.0108913 -0.0146968 -0.00157934 0.999991 0.00399579 -0.0126893 -0.0108851 -0.00401275 0.999933 0.0137956 0.0 0.0 0.0 1.0
office/seq-07/color/frame-000067.color.png office/seq-07/color/frame-000068.color.png 0.999996 0.00258597 -0.00107181 0.0132752 -0.00257437 0.99994 0.0106849 -0.0355818 0.0010994 -0.0106821 0.999942 0.0257645 0.0 0.0 0.0 1.0
office/seq-07/color/frame-000068.color.png office/seq-07/color/frame-000069.color.png 0.999998 0.00188103 0.000823477 0.00217679 -0.00188741 0.999968 0.0078156 -0.0328299 -0.000808748 -0.00781712 0.999969 0.00914395 0.0 0.0 0.0 1.0
office/seq-07/color/frame-000069.color.png office/seq-07/color/frame-000070.color.png 0.999964 0.00768827 -0.0034819 0.00835863 -0.00768065 0.999968 0.002199 -0.0061574 0.0034987 -0.0021722 0.999991 0.0060364 0.0 0.0 0.0 1.0
office/seq-07/color/frame-000070.color.png office/seq-07/color/frame-000071.color.png 0.999966 0.00739529 -0.00369031 0.0111042 -0.0073866 0.99997 0.00236413 0.000942111 0.00370768 -0.00233679 0.99999 0.00311232 0.0 0.0 0.0 1.0
office/seq-07/color/frame-000071.color.png office/seq-07/color/frame-000072.color.png 0.999996 0.00229158 -0.00177494 0.00820398 -0.00227789 0.999968 0.00767113 -0.015503 0.00179245 -0.00766704 0.999969 0.00577319 0.0 0.0 0.0 1.0
office/seq-07/color/frame-000072.color.png office/seq-07/color/frame-000073.color.png 0.999997 0.00103671 -0.00210406 0.0124701 -0.00102183 0.999975 0.00706423 -0.0273338 0.00211133 -0.00706209 0.999973 0.0133908 0.0 0.0 0.0 1.0
office/seq-07/color/frame-000073.color.png office/seq-07/color/frame-000074.color.png 0.999973 0.00659167 -0.00330935 0.0142903 -0.00660019 0.999975 -0.00256787 -0.0019497 0.00329235 0.00258966 0.999991 0.00911474 0.0 0.0 0.0 1.0
office/seq-07/color/frame-000074.color.png office/seq-07/color/frame-000075.color.png 0.999961 0.00818305 -0.00332073 0.0125575 -0.00820412 0.999946 -0.00638029 0.0116271 0.00326832 0.00640729 0.999974 0.0041939 0.0 0.0 0.0 1.0
office/seq-07/color/frame-000075.color.png office/seq-07/color/frame-000076.color.png 0.999996 3.47786e-05 -0.00274076 0.00952357 -4.80993e-05 0.999988 -0.00485949 0.00239345 0.00274057 0.00485961 0.999985 0.00801921 0.0 0.0 0.0 1.0
office/seq-07/color/frame-000076.color.png office/seq-07/color/frame-000077.color.png 0.999879 0.0142713 -0.00624082 0.0302351 -0.0143198 0.999867 -0.00779896 -2.59876e-05 0.0061287 0.00788736 0.99995 0.0154494 0.0 0.0 0.0 1.0
office/seq-07/color/frame-000077.color.png office/seq-07/color/frame-000078.color.png 1.0 -0.000663751 -0.00047648 0.00469592 0.000658791 0.999946 -0.010335 0.0112551 0.000483312 0.0103347 0.999947 0.0024184 0.0 0.0 0.0 1.0
office/seq-07/color/frame-000078.color.png office/seq-07/color/frame-000079.color.png 0.999978 0.00395422 -0.00538352 0.0179688 -0.00398917 0.999971 -0.0064964 0.0124649 0.00535768 0.00651773 0.999964 -0.000136614 0.0 0.0 0.0 1.0
office/seq-07/color/frame-000079.color.png office/seq-07/color/frame-000080.color.png 0.999971 0.00555778 -0.00528273 0.0254905 -0.00555863 0.999985 -0.000145913 -0.00459659 0.00528183 0.000175275 0.999986 -0.00120842 0.0 0.0 0.0 1.0
office/seq-07/color/frame-000080.color.png office/seq-07/color/frame-000081.color.png 0.999984 0.00573848 0.000212434 0.0138323 -0.00573843 0.999983 -0.000268561 -0.00198922 -0.000213973 0.000267345 1.0 -0.0022434 0.0 0.0 0.0 1.0
office/seq-07/color/frame-000081.color.png office/seq-07/color/frame-000082.color.png 0.999993 -0.0036458 -0.000315162 0.00777146 0.00364737 0.99998 0.00511333 -0.0347577 0.000296513 -0.00511445 0.999987 0.00346863 0.0 0.0 0.0 1.0
office/seq-07/color/frame-000082.color.png office/seq-07/color/frame-000083.color.png 0.999948 0.00719265 -0.00722397 0.0256865 -0.00726675 0.999921 -0.0102842 0.0256758 0.00714942 0.0103361 0.999921 -0.0026989 0.0 0.0 0.0 1.0
office/seq-07/color/frame-000083.color.png office/seq-07/color/frame-000084.color.png 0.99999 0.0037203 -0.00264772 0.0176913 -0.00373798 0.99997 -0.00670058 0.0213397 0.00262271 0.0067104 0.999974 -0.00533187 0.0 0.0 0.0 1.0
office/seq-07/color/frame-000084.color.png office/seq-07/color/frame-000085.color.png 0.999989 0.00457842 -0.00122902 0.0140684 -0.00457813 0.99999 0.000240741 0.00370902 0.00123011 -0.000235114 0.999999 -0.00349247 0.0 0.0 0.0 1.0
office/seq-07/color/frame-000085.color.png office/seq-07/color/frame-000086.color.png 0.999976 0.00482146 -0.00489058 0.0224481 -0.00481976 0.999988 0.000356915 0.000474006 0.00489225 -0.000333329 0.999988 -0.00436354 0.0 0.0 0.0 1.0
office/seq-07/color/frame-000086.color.png office/seq-07/color/frame-000087.color.png 0.999852 0.0133583 -0.0108757 0.052896 -0.0133033 0.999898 0.00511784 -0.00119606 0.0109429 -0.00497239 0.999928 -0.0124156 0.0 0.0 0.0 1.0
office/seq-07/color/frame-000087.color.png office/seq-07/color/frame-000088.color.png 0.999927 0.0114819 -0.00385297 0.0319815 -0.0114921 0.999931 -0.00262839 0.0139468 0.00382253 0.00267247 0.999989 -0.00382054 0.0 0.0 0.0 1.0
office/seq-07/color/frame-000088.color.png office/seq-07/color/frame-000089.color.png 0.999966 0.0082214 -0.000994547 0.0282124 -0.00822237 0.999966 -0.000967032 0.00733474 0.000986563 0.000975179 0.999999 -0.00689709 0.0 0.0 0.0 1.0
office/seq-07/color/frame-000089.color.png office/seq-07/color/frame-000090.color.png 0.999954 -0.00960615 5.02898e-05 0.011663 0.00960601 0.999951 0.00254488 -0.0125678 -7.47343e-05 -0.00254429 0.999997 0.00330436 0.0 0.0 0.0 1.0
office/seq-07/color/frame-000090.color.png office/seq-07/color/frame-000091.color.png 0.999813 -0.0177707 -0.00762163 0.014375 0.0178096 0.999828 0.00506978 -0.0273629 0.00753023 -0.00520456 0.999958 -0.00690186 0.0 0.0 0.0 1.0
office/seq-07/color/frame-000091.color.png office/seq-07/color/frame-000092.color.png 0.999879 -0.00674772 -0.0140037 0.0344577 0.0067614 0.999977 0.000929306 -0.00147361 0.0139971 -0.00102388 0.999901 -0.0131515 0.0 0.0 0.0 1.0
office/seq-07/color/frame-000092.color.png office/seq-07/color/frame-000093.color.png 0.999944 0.0069089 -0.00796368 0.0320328 -0.00688798 0.999973 0.0026512 0.00297791 0.00798178 -0.00259619 0.999965 -0.0137795 0.0 0.0 0.0 1.0
office/seq-07/color/frame-000093.color.png office/seq-07/color/frame-000094.color.png 0.99986 0.0157003 0.0057308 0.0101499 -0.0156575 0.99985 -0.00743884 0.0364096 -0.00584673 0.00734807 0.999956 -0.000274777 0.0 0.0 0.0 1.0
office/seq-07/color/frame-000094.color.png office/seq-07/color/frame-000095.color.png 0.999999 -0.00027504 -0.00105807 0.0280489 0.000272863 0.999998 -0.00205273 0.00427347 0.00105863 0.00205244 0.999997 0.00484502 0.0 0.0 0.0 1.0
office/seq-07/color/frame-000095.color.png office/seq-07/color/frame-000096.color.png 0.999911 -0.0132444 -0.00142955 0.00858706 0.013249 0.999907 0.00328836 -0.0169545 0.00138586 -0.00330701 0.999994 -0.00321186 0.0 0.0 0.0 1.0
office/seq-07/color/frame-000096.color.png office/seq-07/color/frame-000097.color.png 0.999876 -0.0137309 -0.00772962 0.0257505 0.0137437 0.999904 0.00160382 -0.0117413 0.00770686 -0.00170987 0.999969 -0.00130677 0.0 0.0 0.0 1.0
office/seq-07/color/frame-000097.color.png office/seq-07/color/frame-000098.color.png 0.999935 -0.0091863 -0.00679 0.0229422 0.00916448 0.999953 -0.00323647 -0.000425816 0.0068194 0.00317403 0.999972 -0.00164199 0.0 0.0 0.0 1.0
office/seq-07/color/frame-000098.color.png office/seq-07/color/frame-000099.color.png 0.999984 -0.00296772 -0.00485444 0.0209469 0.00295018 0.999989 -0.00361611 0.00424519 0.00486512 0.00360173 0.999982 -0.0016557 0.0 0.0 0.0 1.0
office/seq-07/color/frame-000099.color.png office/seq-07/color/frame-000100.color.png 1.0 5.37241e-05 0.000234431 0.0296112 -5.09287e-05 0.999929 -0.0119078 0.021771 -0.000235058 0.0119077 0.999929 0.00840914 0.0 0.0 0.0 1.0
office/seq-07/color/frame-000100.color.png office/seq-07/color/frame-000101.color.png 0.999973 -0.00723122 -0.00122167 0.00801516 0.00723014 0.999973 -0.00088283 -0.0108925 0.00122802 0.000873975 0.999999 0.00445068 0.0 0.0 0.0 1.0
office/seq-07/color/frame-000101.color.png office/seq-07/color/frame-000102.color.png 0.999897 -0.00876884 -0.0113409 0.0316665 0.00873538 0.999957 -0.00299696 -0.00467882 0.0113667 0.00289758 0.999931 0.00334096 0.0 0.0 0.0 1.0
office/seq-07/color/frame-000102.color.png office/seq-07/color/frame-000103.color.png 0.999943 -0.00270872 -0.0103727 0.029856 0.00265877 0.999985 -0.00482642 0.00350258 0.0103856 0.00479856 0.999935 -0.00198126 0.0 0.0 0.0 1.0
office/seq-07/color/frame-000103.color.png office/seq-07/color/frame-000104.color.png 0.99997 0.00588051 -0.00509447 0.017439 -0.00592125 0.99995 -0.00801871 0.0193323 0.00504706 0.00804863 0.999955 0.00022316 0.0 0.0 0.0 1.0
office/seq-07/color/frame-000104.color.png office/seq-07/color/frame-000105.color.png 0.999956 0.0089232 -0.00292257 0.0188352 -0.00895008 0.999916 -0.00931691 0.0299828 0.00283918 0.00934265 0.999952 0.00392282 0.0 0.0 0.0 1.0
office/seq-07/color/frame-000105.color.png office/seq-07/color/frame-000106.color.png 0.999986 0.00524565 -0.000622094 0.0138555 -0.00524669 0.999985 -0.0016747 0.00944686 0.000613295 0.00167794 0.999998 0.00311315 0.0 0.0 0.0 1.0
office/seq-07/color/frame-000106.color.png office/seq-07/color/frame-000107.color.png 0.999988 0.000691332 -0.00490587 0.0171267 -0.000664347 0.999985 0.00549976 -0.0184393 0.00490959 -0.00549643 0.999973 0.00456893 0.0 0.0 0.0 1.0
office/seq-07/color/frame-000107.color.png office/seq-07/color/frame-000108.color.png 0.999936 0.00106482 -0.011238 0.0250544 -0.00108301 0.999998 -0.00161271 0.00115654 0.0112363 0.00162478 0.999936 0.00137973 0.0 0.0 0.0 1.0
office/seq-07/color/frame-000108.color.png office/seq-07/color/frame-000109.color.png 0.999916 -0.00213317 -0.0128026 0.0297122 0.00213464 0.999998 0.000101321 -0.00719696 0.0128024 -0.000128642 0.999918 -0.00623965 0.0 0.0 0.0 1.0
office/seq-07/color/frame-000109.color.png office/seq-07/color/frame-000110.color.png 0.999928 0.00373084 -0.0114087 0.029286 -0.00375145 0.999991 -0.001785 0.00138485 0.011402 0.00182767 0.999933 -0.0044142 0.0 0.0 0.0 1.0
office/seq-07/color/frame-000110.color.png office/seq-07/color/frame-000111.color.png 0.999943 0.00393594 -0.00989601 0.0278575 -0.0039784 0.999983 -0.00427525 0.00855526 0.00987898 0.00431437 0.999942 0.000262022 0.0 0.0 0.0 1.0
office/seq-07/color/frame-000111.color.png office/seq-07/color/frame-000112.color.png 0.999969 0.00223679 -0.00752319 0.0134535 -0.00224877 0.999996 -0.00158393 -0.000235736 0.00751966 0.00160079 0.99997 -0.00253773 0.0 0.0 0.0 1.0
office/seq-07/color/frame-000112.color.png office/seq-07/color/frame-000113.color.png 0.999707 0.00668937 -0.0232789 0.0576071 -0.00674518 0.999975 -0.0023201 0.0118578 0.0232628 0.00247644 0.999726 -0.0131162 0.0 0.0 0.0 1.0
office/seq-07/color/frame-000113.color.png office/seq-07/color/frame-000114.color.png 0.999978 0.00220767 -0.00628279 0.0178412 -0.00219268 0.999995 0.00239212 -0.00408018 0.00628804 -0.00237829 0.999977 -0.00236511 0.0 0.0 0.0 1.0
office/seq-07/color/frame-000114.color.png office/seq-07/color/frame-000115.color.png 0.99996 -0.00198091 -0.008755 0.024576 0.0019854 0.999998 0.000504608 -0.00162229 0.00875406 -0.00052197 0.999961 0.000982404 0.0 0.0 0.0 1.0
office/seq-07/color/frame-000115.color.png office/seq-07/color/frame-000116.color.png 0.999905 -0.00599016 -0.0123939 0.0275728 0.00596205 0.99998 -0.00230326 -0.00888392 0.0124074 0.00222915 0.999921 0.00143552 0.0 0.0 0.0 1.0
office/seq-07/color/frame-000116.color.png office/seq-07/color/frame-000117.color.png 0.999959 0.00113183 -0.00901124 0.0224571 -0.00123632 0.999932 -0.0115986 0.0263068 0.00899751 0.0116092 0.999892 0.00096643 0.0 0.0 0.0 1.0
office/seq-07/color/frame-000117.color.png office/seq-07/color/frame-000118.color.png 0.999934 0.00176083 -0.0113548 0.0346907 -0.00193052 0.999886 -0.0149508 0.020658 0.0113271 0.0149717 0.999824 0.00614738 0.0 0.0 0.0 1.0
office/seq-07/color/frame-000118.color.png office/seq-07/color/frame-000119.color.png 0.999982 -0.00588336 0.00115786 -0.0120681 0.0058883 0.999973 -0.00430703 -0.00637719 -0.00113249 0.00431376 0.99999 -0.0195981 0.0 0.0 0.0 1.0
office/seq-07/color/frame-000119.color.png office/seq-07/color/frame-000120.color.png 0.999885 0.000321265 -0.0151807 0.0351492 -0.000314911 1.0 0.000421496 0.00564286 0.0151808 -0.000416672 0.999885 -0.0118003 0.0 0.0 0.0 1.0
office/seq-07/color/frame-000120.color.png office/seq-07/color/frame-000121.color.png 0.999898 -0.00158374 -0.0142278 0.0305118 0.00161272 0.999997 0.00202629 -0.00162002 0.0142246 -0.00204902 0.999897 -0.00506353 0.0 0.0 0.0 1.0
office/seq-07/color/frame-000121.color.png office/seq-07/color/frame-000122.color.png 0.999968 0.00128438 -0.00786859 0.0168023 -0.00126806 0.999997 0.00207756 -0.00453648 0.00787123 -0.00206752 0.999967 -0.0122885 0.0 0.0 0.0 1.0
office/seq-07/color/frame-000122.color.png office/seq-07/color/frame-000123.color.png 0.999939 0.0041901 -0.0102034 0.0264214 -0.00421039 0.999989 -0.00196728 0.0115901 0.010195 0.00201011 0.999946 -0.00606227 0.0 0.0 0.0 1.0
office/seq-07/color/frame-000123.color.png office/seq-07/color/frame-000124.color.png 0.999925 6.34767e-05 -0.0122593 0.0320564 -0.000112036 0.999992 -0.00396082 0.0072605 0.012259 0.0039619 0.999917 -0.00323987 0.0 0.0 0.0 1.0
office/seq-07/color/frame-000124.color.png office/seq-07/color/frame-000125.color.png 0.999845 -0.00639919 -0.0164268 0.0390651 0.00631006 0.999965 -0.00547171 0.00531518 0.0164613 0.00536721 0.99985 -0.00990164 0.0 0.0 0.0 1.0
office/seq-07/color/frame-000125.color.png office/seq-07/color/frame-000126.color.png 0.999933 -0.000196188 -0.0115364 0.0205734 0.000204727 1.0 0.000739073 0.0022752 0.0115363 -0.000741391 0.999933 -0.0213461 0.0 0.0 0.0 1.0
office/seq-07/color/frame-000126.color.png office/seq-07/color/frame-000127.color.png 0.999836 -0.000938108 -0.0181137 0.0406538 0.000970472 0.999998 0.00177797 0.00024125 0.0181119 -0.00179526 0.999834 -0.0107793 0.0 0.0 0.0 1.0
office/seq-07/color/frame-000127.color.png office/seq-07/color/frame-000128.color.png 0.999838 -0.00287113 -0.0177726 0.0356237 0.00292786 0.999991 0.00316722 -0.0107307 0.0177633 -0.00321874 0.999837 -0.0220951 0.0 0.0 0.0 1.0
office/seq-07/color/frame-000128.color.png office/seq-07/color/frame-000129.color.png 0.99969 0.00388594 -0.024599 0.0657541 -0.00401747 0.999978 -0.00530006 0.0277707 0.0245779 0.00539724 0.999683 -0.0133361 0.0 0.0 0.0 1.0
office/seq-07/color/frame-000129.color.png office/seq-07/color/frame-000130.color.png 0.999871 0.0054156 -0.0151395 0.0326334 -0.00545572 0.999982 -0.00260894 0.0138773 0.0151251 0.0026912 0.999882 -0.0122612 0.0 0.0 0.0 1.0
office/seq-07/color/frame-000130.color.png office/seq-07/color/frame-000131.color.png 0.999781 0.0106834 -0.0179688 0.0437946 -0.0107584 0.999934 -0.0040801 0.0286147 0.017924 0.00427253 0.99983 -0.0201601 0.0 0.0 0.0 1.0
office/seq-07/color/frame-000131.color.png office/seq-07/color/frame-000132.color.png 0.999795 0.00855499 -0.0183499 0.0444504 -0.00861248 0.999958 -0.00305638 0.0222813 0.018323 0.00321381 0.999827 -0.0102354 0.0 0.0 0.0 1.0
office/seq-07/color/frame-000132.color.png office/seq-07/color/frame-000133.color.png 0.999769 -0.000586174 -0.0214929 0.060181 0.000610799 0.999999 0.00113926 0.000365376 0.0214922 -0.00115213 0.999768 -0.0230057 0.0 0.0 0.0 1.0
office/seq-07/color/frame-000133.color.png office/seq-07/color/frame-000134.color.png 0.999896 -0.00122628 -0.014402 0.0317467 0.00127862 0.999992 0.00362574 -0.00635388 0.0143974 -0.00364378 0.99989 -0.0221485 0.0 0.0 0.0 1.0
office/seq-07/color/frame-000134.color.png office/seq-07/color/frame-000135.color.png 0.999805 -0.00392484 -0.0193653 0.0347248 0.00397484 0.999989 0.00254387 -0.0123897 0.0193552 -0.00262034 0.999809 -0.0171787 0.0 0.0 0.0 1.0
office/seq-07/color/frame-000135.color.png office/seq-07/color/frame-000136.color.png 0.99965 -0.00600982 -0.0257549 0.0609932 0.00593509 0.999978 -0.00297707 0.00233865 0.0257721 0.00282317 0.999664 -0.0257019 0.0 0.0 0.0 1.0
office/seq-07/color/frame-000136.color.png office/seq-07/color/frame-000137.color.png 0.99961 -0.00695777 -0.0270467 0.068884 0.00691681 0.999975 -0.0016081 0.0122219 0.0270571 0.00142038 0.999633 -0.0316529 0.0 0.0 0.0 1.0
office/seq-07/color/frame-000137.color.png office/seq-07/color/frame-000138.color.png 0.999888 -0.00193017 -0.0148436 0.0200772 0.00220447 0.999827 0.0184855 -0.0544275 0.0148054 -0.0185161 0.999719 -0.0343537 0.0 0.0 0.0 1.0
office/seq-07/color/frame-000138.color.png office/seq-07/color/frame-000139.color.png 0.999523 -0.00519162 -0.0304464 0.0727537 0.00524917 0.999985 0.00181028 -0.00651026 0.0304365 -0.00196923 0.999535 -0.024664 0.0 0.0 0.0 1.0
office/seq-07/color/frame-000139.color.png office/seq-07/color/frame-000140.color.png 0.999722 0.00531547 -0.0229867 0.0735192 -0.00535232 0.999985 -0.00154137 0.00922066 0.0229783 0.00166398 0.999735 -0.0265403 0.0 0.0 0.0 1.0
office/seq-07/color/frame-000140.color.png office/seq-07/color/frame-000141.color.png 0.999975 0.00697885 -0.00110871 0.0184066 -0.00698279 0.999969 -0.00359451 0.0180111 0.0010835 0.00360216 0.999993 -0.00238931 0.0 0.0 0.0 1.0
office/seq-07/color/frame-000141.color.png office/seq-07/color/frame-000142.color.png 0.999948 0.00753829 0.00691352 0.000367403 -0.00758148 0.999952 0.00624078 -0.0157329 -0.00686613 -0.00629287 0.999957 -0.00679624 0.0 0.0 0.0 1.0
office/seq-07/color/frame-000142.color.png office/seq-07/color/frame-000143.color.png 0.999964 -0.00137132 -0.00833871 0.0279227 0.00134642 0.999995 -0.00299146 0.00979376 0.00834282 0.00298012 0.999961 0.00696337 0.0 0.0 0.0 1.0
office/seq-07/color/frame-000143.color.png office/seq-07/color/frame-000144.color.png 0.999999 0.00130913 -0.00068979 0.00531292 -0.00130864 0.999999 0.000710808 -0.00529176 0.00069067 -0.000709912 1.0 -0.00593817 0.0 0.0 0.0 1.0
office/seq-07/color/frame-000144.color.png office/seq-07/color/frame-000145.color.png 0.999989 0.00452509 -0.0014266 0.00106394 -0.00452315 0.999989 0.00135998 -0.0128596 0.00143279 -0.0013535 0.999998 -0.00771773 0.0 0.0 0.0 1.0
office/seq-07/color/frame-000145.color.png office/seq-07/color/frame-000146.color.png 0.999966 -0.00373156 -0.00740151 0.0220063 0.00366168 0.999949 -0.009431 0.0180112 0.00743636 0.00940356 0.999928 -0.0109416 0.0 0.0 0.0 1.0
office/seq-07/color/frame-000146.color.png office/seq-07/color/frame-000147.color.png 0.999964 0.000744402 -0.00842591 0.0286825 -0.000752681 0.999999 -0.00097932 -0.00110987 0.008425 0.000985616 0.999964 -0.00473952 0.0 0.0 0.0 1.0
office/seq-07/color/frame-000147.color.png office/seq-07/color/frame-000148.color.png 0.999952 0.00514396 -0.00829406 0.0197752 -0.0051435 0.999987 7.73184e-05 -0.00273588 0.00829441 -3.46455e-05 0.999966 -0.0115054 0.0 0.0 0.0 1.0
office/seq-07/color/frame-000148.color.png office/seq-07/color/frame-000149.color.png 0.99997 0.00273526 -0.00721546 0.0156959 -0.00273051 0.999996 0.000667926 -0.00126487 0.0072171 -0.000648208 0.999974 -0.011735 0.0 0.0 0.0 1.0
office/seq-07/color/frame-000149.color.png office/seq-07/color/frame-000150.color.png 0.999992 -0.000604835 -0.0039711 0.00823689 0.000603621 1.0 -0.000303485 0.00291249 0.00397149 0.000301078 0.999992 -0.0123059 0.0 0.0 0.0 1.0
office/seq-07/color/frame-000150.color.png office/seq-07/color/frame-000151.color.png 0.999989 0.00456231 -0.00103351 -0.00897741 -0.0045515 0.999937 0.0102243 -0.0300414 0.00108014 -0.0102195 0.999947 -0.0151465 0.0 0.0 0.0 1.0
office/seq-07/color/frame-000151.color.png office/seq-07/color/frame-000152.color.png 0.999951 -0.00189852 -0.00968024 0.0104109 0.0019191 0.999996 0.00211794 -0.018259 0.0096761 -0.00213641 0.999951 -0.0113759 0.0 0.0 0.0 1.0
office/seq-07/color/frame-000152.color.png office/seq-07/color/frame-000153.color.png 0.999848 -0.00844188 -0.0152321 0.0449156 0.00826078 0.999895 -0.0119134 0.0252046 0.0153311 0.0117857 0.999813 -0.00420129 0.0 0.0 0.0 1.0
office/seq-07/color/frame-000153.color.png office/seq-07/color/frame-000154.color.png 0.999997 0.00221458 -0.00131842 0.0189301 -0.00222411 0.999971 -0.00726552 0.0196227 0.00130225 0.00726842 0.999973 0.00444233 0.0 0.0 0.0 1.0
office/seq-07/color/frame-000154.color.png office/seq-07/color/frame-000155.color.png 0.999923 0.0100052 0.00727231 -0.0198481 -0.0100263 0.999946 0.00287338 -0.00963148 -0.0072431 -0.00294607 0.999969 0.00191915 0.0 0.0 0.0 1.0
office/seq-07/color/frame-000155.color.png office/seq-07/color/frame-000156.color.png 0.999957 0.00860376 0.00347223 -0.0263193 -0.00858577 0.99995 -0.00516878 -0.00163031 -0.00351654 0.00513876 0.999981 -0.00641024 0.0 0.0 0.0 1.0
office/seq-07/color/frame-000156.color.png office/seq-07/color/frame-000157.color.png 0.999892 -0.00107696 -0.0146573 0.0347258 0.000818139 0.999844 -0.0176522 0.0345516 0.0146741 0.0176382 0.999737 -0.00262332 0.0 0.0 0.0 1.0
office/seq-07/color/frame-000157.color.png office/seq-07/color/frame-000158.color.png 0.999991 -0.00143944 -0.00398393 -0.00285947 0.00136551 0.999828 -0.0185041 0.0283593 0.00400976 0.0184985 0.999821 0.00152743 0.0 0.0 0.0 1.0
office/seq-07/color/frame-000158.color.png office/seq-07/color/frame-000159.color.png 0.99997 -0.00681529 -0.00384295 0.00449491 0.00678638 0.999949 -0.00748545 0.00337088 0.00389378 0.00745913 0.999965 -0.00601792 0.0 0.0 0.0 1.0
office/seq-07/color/frame-000159.color.png office/seq-07/color/frame-000160.color.png 0.99994 -0.00384695 -0.0103035 0.0157907 0.00388793 0.999985 0.0039622 -0.0228183 0.0102882 -0.00400202 0.999939 -0.0167851 0.0 0.0 0.0 1.0
office/seq-07/color/frame-000160.color.png office/seq-07/color/frame-000161.color.png 0.999937 -0.00426926 -0.01038 -0.00731456 0.00430042 0.999986 0.00297741 -0.0171267 0.0103671 -0.00302186 0.999942 -0.0266882 0.0 0.0 0.0 1.0
office/seq-07/color/frame-000161.color.png office/seq-07/color/frame-000162.color.png 0.999603 -0.00698804 -0.0272845 0.0526196 0.0070022 0.999975 0.000424514 -0.0156501 0.0272809 -0.000615399 0.999628 -0.0326173 0.0 0.0 0.0 1.0
office/seq-07/color/frame-000162.color.png office/seq-07/color/frame-000163.color.png 0.999871 -0.00602729 -0.0148893 0.0275928 0.00596138 0.999972 -0.00446831 0.00813788 0.0149157 0.00437896 0.999879 -0.0229628 0.0 0.0 0.0 1.0
office/seq-07/color/frame-000163.color.png office/seq-07/color/frame-000164.color.png 0.999908 0.00463722 -0.0127141 0.0305421 -0.00466029 0.999988 -0.00178561 0.00553104 0.0127056 0.00184471 0.999918 -0.0137038 0.0 0.0 0.0 1.0
office/seq-07/color/frame-000164.color.png office/seq-07/color/frame-000165.color.png 0.999982 -0.00313445 -0.00522102 0.00290501 0.00309466 0.999966 -0.00761064 0.0127885 0.00524479 0.00759434 0.999957 -0.00468779 0.0 0.0 0.0 1.0
office/seq-07/color/frame-000165.color.png office/seq-07/color/frame-000166.color.png 0.999999 0.000478777 -0.00148913 -0.000647664 -0.000492265 0.999959 -0.00906267 0.00388828 0.00148482 0.00906342 0.999958 -0.00654876 0.0 0.0 0.0 1.0
office/seq-07/color/frame-000166.color.png office/seq-07/color/frame-000167.color.png 0.999991 0.00220243 -0.00345977 0.00725365 -0.00221313 0.999993 -0.00309355 -0.00872344 0.00345281 0.00310115 0.999989 -0.0145929 0.0 0.0 0.0 1.0
office/seq-07/color/frame-000167.color.png office/seq-07/color/frame-000168.color.png 0.999996 -0.000283415 0.00283517 -0.00982237 0.000282052 1.0 0.000488707 -0.00170931 -0.00283549 -0.000487919 0.999996 -0.00174868 0.0 0.0 0.0 1.0
office/seq-07/color/frame-000168.color.png office/seq-07/color/frame-000169.color.png 0.999937 -0.00482101 -0.0101167 0.0173802 0.00477686 0.999979 -0.00438271 -0.00242829 0.0101377 0.00433413 0.999939 -0.01527 0.0 0.0 0.0 1.0
office/seq-07/color/frame-000169.color.png office/seq-07/color/frame-000170.color.png 0.999962 -0.0048847 -0.00726377 0.0157354 0.00488467 0.999988 -2.12377e-05 -0.00349373 0.00726389 -1.42321e-05 0.999974 -0.0197917 0.0 0.0 0.0 1.0
office/seq-07/color/frame-000170.color.png office/seq-07/color/frame-000171.color.png 0.999952 -0.00330608 -0.00922578 0.0153533 0.00334694 0.999985 0.0044159 -0.0100661 0.00921095 -0.00444656 0.999948 -0.0177801 0.0 0.0 0.0 1.0
office/seq-07/color/frame-000171.color.png office/seq-07/color/frame-000172.color.png 0.999945 0.00436082 -0.00951416 0.012827 -0.00430048 0.999971 0.00635359 -0.0258633 0.00954165 -0.00631235 0.999935 -0.0223953 0.0 0.0 0.0 1.0
office/seq-07/color/frame-000172.color.png office/seq-07/color/frame-000173.color.png 0.999918 -0.000502767 -0.0128124 0.0291044 0.000437667 0.999987 -0.00508433 0.0103311 0.0128147 0.00507831 0.999905 -0.019004 0.0 0.0 0.0 1.0
office/seq-07/color/frame-000173.color.png office/seq-07/color/frame-000174.color.png 0.999999 0.00102726 -0.00125578 0.00657868 -0.00102722 0.999999 4.21503e-05 -0.000703484 0.00125598 -4.0884e-05 0.999999 -0.000598788 0.0 0.0 0.0 1.0
