office/seq-10/color/frame-000000.color.png office/seq-10/color/frame-000003.color.png 0.999997 0.00233021 -0.000839895 0.010913 -0.00233377 0.999988 -0.00425714 -0.00855048 0.000829965 0.00425909 0.999991 0.00439378 0.0 0.0 0.0 1.0
office/seq-10/color/frame-000001.color.png office/seq-10/color/frame-000004.color.png 0.999975 -0.00605868 0.0036828 0.0104362 0.00607088 0.999976 -0.00330869 0.000720205 -0.00366266 0.00333097 0.999988 -0.000352135 0.0 0.0 0.0 1.0
office/seq-10/color/frame-000002.color.png office/seq-10/color/frame-000005.color.png 0.99969 -0.0236108 0.0079188 0.00652827 0.0235797 0.999714 0.00399335 0.00611474 -0.00801082 -0.00380539 0.999961 0.00617635 0.0 0.0 0.0 1.0
office/seq-10/color/frame-000003.color.png office/seq-10/color/frame-000006.color.png 0.999601 -0.028155 0.00228445 0.00691748 0.0281385 0.99958 0.00693574 0.0103212 -0.00247877 -0.00686869 0.999973 0.010388 0.0 0.0 0.0 1.0
office/seq-10/color/frame-000004.color.png office/seq-10/color/frame-000007.color.png 0.999666 -0.0254711 -0.0043954 0.00868059 0.0255258 0.999591 0.0128719 0.00849524 0.00406574 -0.0129798 0.999907 0.0122984 0.0 0.0 0.0 1.0
office/seq-10/color/frame-000005.color.png office/seq-10/color/frame-000008.color.png 0.99989 -0.00963187 -0.0112483 0.00844352 0.00982274 0.999807 0.0170388 0.00267341 0.011082 -0.0171474 0.999792 0.0121912 0.0 0.0 0.0 1.0
office/seq-10/color/frame-000006.color.png office/seq-10/color/frame-000009.color.png 0.999738 -0.0118491 -0.0195694 0.0205163 0.0124346 0.99947 0.0300752 -0.00473769 0.0192027 -0.0303106 0.999356 0.0198341 0.0 0.0 0.0 1.0
office/seq-10/color/frame-000007.color.png office/seq-10/color/frame-000010.color.png 0.999765 -0.00830993 -0.0200049 0.0184298 0.00894046 0.999459 0.0316385 -0.00794971 0.0197312 -0.03181 0.999299 0.023848 0.0 0.0 0.0 1.0
office/seq-10/color/frame-000008.color.png office/seq-10/color/frame-000011.color.png 0.999702 -0.00557905 -0.023757 0.0276398 0.00626562 0.999562 0.0289239 -0.00724989 0.0235852 -0.0290641 0.999299 0.0244555 0.0 0.0 0.0 1.0
office/seq-10/color/frame-000009.color.png office/seq-10/color/frame-000012.color.png 0.999862 0.00225383 -0.0164688 0.0184115 -0.00188845 0.999753 0.0221683 -0.00983528 0.0165147 -0.0221342 0.999619 0.018208 0.0 0.0 0.0 1.0
office/seq-10/color/frame-000010.color.png office/seq-10/color/frame-000013.color.png 0.999871 0.00271888 -0.0158289 0.0236642 -0.00236747 0.999751 0.0221776 -0.0142266 0.0158853 -0.0221372 0.999629 0.0199063 0.0 0.0 0.0 1.0
office/seq-10/color/frame-000011.color.png office/seq-10/color/frame-000014.color.png 0.999952 -0.000544826 -0.00979103 0.0231437 0.000790339 0.999685 0.0250895 -0.010933 0.00977427 -0.025096 0.999637 0.0331504 0.0 0.0 0.0 1.0
office/seq-10/color/frame-000012.color.png office/seq-10/color/frame-000015.color.png 0.999984 -0.000757543 -0.00556907 0.0239241 0.000880322 0.999756 0.0220768 -0.0122866 0.00555098 -0.0220814 0.999741 0.0343194 0.0 0.0 0.0 1.0
office/seq-10/color/frame-000013.color.png office/seq-10/color/frame-000016.color.png 0.999997 1.54367e-05 -0.00236164 0.0258934 2.35621e-05 0.999864 0.0165067 -0.0150556 0.00236158 -0.0165067 0.999861 0.0333978 0.0 0.0 0.0 1.0
office/seq-10/color/frame-000014.color.png office/seq-10/color/frame-000017.color.png 0.999998 0.00125537 -0.00171144 0.0206223 -0.00125203 0.999997 0.00194694 -0.00633876 0.00171388 -0.00194477 0.999997 0.0213466 0.0 0.0 0.0 1.0
office/seq-10/color/frame-000015.color.png office/seq-10/color/frame-000018.color.png 0.999979 -0.00182112 -0.00630997 0.0254201 0.00181151 0.999997 -0.00152941 0.00701324 0.00631274 0.00151792 0.999979 0.012103 0.0 0.0 0.0 1.0
office/seq-10/color/frame-000016.color.png office/seq-10/color/frame-000019.color.png 0.999966 -0.00329972 -0.00760885 0.0237122 0.00336301 0.99996 0.00832123 -0.000961857 0.00758108 -0.00834654 0.999936 0.0175121 0.0 0.0 0.0 1.0
office/seq-10/color/frame-000017.color.png office/seq-10/color/frame-000020.color.png 0.999962 -0.00582696 -0.00646351 0.0217491 0.0059104 0.999899 0.0129674 -0.00931654 0.00638728 -0.0130051 0.999895 0.0242737 0.0 0.0 0.0 1.0
office/seq-10/color/frame-000018.color.png office/seq-10/color/frame-000021.color.png 0.999976 -0.00523982 -0.00460459 0.0264977 0.00530614 0.99988 0.0145128 -0.0237127 0.00452799 -0.0145369 0.999884 0.0380623 0.0 0.0 0.0 1.0
office/seq-10/color/frame-000019.color.png office/seq-10/color/frame-000022.color.png 0.999925 -0.0117815 -0.00321092 0.0299536 0.0117883 0.999928 0.00210329 -0.0119754 0.00318591 -0.00214098 0.999993 0.0321305 0.0 0.0 0.0 1.0
office/seq-10/color/frame-000020.color.png office/seq-10/color/frame-000023.color.png 0.99987 -0.0141064 -0.00776976 0.0447891 0.0141309 0.999895 0.00310617 -0.012418 0.00772513 -0.00321557 0.999965 0.0161939 0.0 0.0 0.0 1.0
office/seq-10/color/frame-000021.color.png office/seq-10/color/frame-000024.color.png 0.999891 -0.014119 -0.00441851 0.0343135 0.0141491 0.999876 0.00684733 -0.0123432 0.00432129 -0.0069091 0.999967 0.0134328 0.0 0.0 0.0 1.0
office/seq-10/color/frame-000022.color.png office/seq-10/color/frame-000025.color.png 0.999935 -0.0108149 -0.00369456 0.0281277 0.0108459 0.999905 0.00847613 -0.0108982 0.00360254 -0.00851566 0.999957 0.0187925 0.0 0.0 0.0 1.0
office/seq-10/color/frame-000023.color.png office/seq-10/color/frame-000026.color.png 0.999997 -0.00199123 -0.00162006 0.0184346 0.0020072 0.999949 0.00991539 -0.0216692 0.00160023 -0.00991861 0.99995 0.0295057 0.0 0.0 0.0 1.0
office/seq-10/color/frame-000024.color.png office/seq-10/color/frame-000027.color.png 1.0 0.000636491 -0.000653013 0.0218633 -0.000634768 0.999996 0.00263171 -0.0186176 0.000654671 -0.00263129 0.999996 0.0250221 0.0 0.0 0.0 1.0
office/seq-10/color/frame-000025.color.png office/seq-10/color/frame-000028.color.png 0.999998 7.07411e-05 0.00196871 0.0360581 -6.65422e-05 0.999998 -0.00212331 -0.00975272 -0.00196885 0.00212317 0.999996 0.0222766 0.0 0.0 0.0 1.0
office/seq-10/color/frame-000026.color.png office/seq-10/color/frame-000029.color.png 0.999981 -0.000862526 0.00613328 0.0297335 0.000863639 1.0 -0.000178813 -0.00449114 -0.00613311 0.000184107 0.999981 0.021887 0.0 0.0 0.0 1.0
office/seq-10/color/frame-000027.color.png office/seq-10/color/frame-000030.color.png 0.999993 -0.00187812 0.00318296 0.0340011 0.00187177 0.999996 0.00199713 -0.00128762 -0.00318669 -0.00199117 0.999993 0.0211656 0.0 0.0 0.0 1.0
office/seq-10/color/frame-000028.color.png office/seq-10/color/frame-000031.color.png 0.999987 0.00175786 0.00471832 0.0121871 -0.00179933 0.99996 0.00879604 -0.0119931 -0.00470266 -0.0088044 0.99995 0.0223424 0.0 0.0 0.0 1.0
office/seq-10/color/frame-000029.color.png office/seq-10/color/frame-000032.color.png 0.999999 -0.00176202 4.48221e-05 0.0274062 0.00176179 0.999986 0.00496561 -0.0113272 -5.35699e-05 -0.00496551 0.999988 0.0221716 0.0 0.0 0.0 1.0
office/seq-10/color/frame-000030.color.png office/seq-10/color/frame-000033.color.png 0.999974 -0.00173599 0.00698966 0.0149904 0.00171729 0.999995 0.00267776 -0.012305 -0.00699427 -0.00266571 0.999972 0.0187183 0.0 0.0 0.0 1.0
office/seq-10/color/frame-000031.color.png office/seq-10/color/frame-000034.color.png 0.999884 -0.0145363 0.00464115 0.0402616 0.0144962 0.999858 0.00855159 -0.00585176 -0.00476481 -0.00848332 0.999953 0.0119146 0.0 0.0 0.0 1.0
office/seq-10/color/frame-000032.color.png office/seq-10/color/frame-000035.color.png 0.999862 -0.0129251 0.0104648 0.0202571 0.0127922 0.999838 0.0126675 -0.000168554 -0.0106268 -0.0125319 0.999865 0.0213169 0.0 0.0 0.0 1.0
office/seq-10/color/frame-000033.color.png office/seq-10/color/frame-000036.color.png 0.999944 -0.00713257 0.0078656 0.0185193 0.00697267 0.999772 0.020172 -0.00637099 -0.00800769 -0.020116 0.999766 0.0168189 0.0 0.0 0.0 1.0
office/seq-10/color/frame-000034.color.png office/seq-10/color/frame-000037.color.png 0.999977 0.0042628 0.00531709 0.00931486 -0.00435231 0.999847 0.0169376 -0.0163058 -0.00524408 -0.0169603 0.999842 0.0195965 0.0 0.0 0.0 1.0
office/seq-10/color/frame-000035.color.png office/seq-10/color/frame-000038.color.png 0.999992 0.00117673 0.00386789 0.0143186 -0.00121308 0.999955 0.00940711 -0.00927354 -0.00385663 -0.00941172 0.999948 0.0115157 0.0 0.0 0.0 1.0
office/seq-10/color/frame-000036.color.png office/seq-10/color/frame-000039.color.png 0.99999 -0.000979537 0.0043533 0.0202799 0.000919677 0.999905 0.0137334 -0.00999971 -0.00436634 -0.0137293 0.999896 0.0148432 0.0 0.0 0.0 1.0
office/seq-10/color/frame-000037.color.png office/seq-10/color/frame-000040.color.png 0.999986 -0.000528884 0.00532503 0.0228467 0.000436961 0.999851 0.0172476 -0.0104259 -0.00533335 -0.0172451 0.999837 0.0114564 0.0 0.0 0.0 1.0
office/seq-10/color/frame-000038.color.png office/seq-10/color/frame-000041.color.png 0.999957 0.00199663 0.00903959 0.0204101 -0.00220726 0.999725 0.0233507 -0.0228299 -0.00899049 -0.0233696 0.999686 0.0158392 0.0 0.0 0.0 1.0
office/seq-10/color/frame-000039.color.png office/seq-10/color/frame-000042.color.png 0.999946 -0.000609017 0.0103834 0.0142554 0.000484755 0.999928 0.0119663 -0.0154272 -0.0103899 -0.0119605 0.999874 0.013066 0.0 0.0 0.0 1.0
office/seq-10/color/frame-000040.color.png office/seq-10/color/frame-000043.color.png 0.999947 0.00299188 0.00983478 0.00818989 -0.00304162 0.999983 0.00504636 -0.00427932 -0.00981952 -0.00507597 0.999939 0.0144879 0.0 0.0 0.0 1.0
office/seq-10/color/frame-000041.color.png office/seq-10/color/frame-000044.color.png 0.999977 0.0046312 0.00486477 0.0175369 -0.00466039 0.999971 0.00600631 -0.00684661 -0.00483681 -0.00602889 0.99997 0.00935489 0.0 0.0 0.0 1.0
office/seq-10/color/frame-000042.color.png office/seq-10/color/frame-000045.color.png 0.999971 0.000736136 0.00752352 0.0232035 -0.000794569 0.999969 0.00776483 -0.00489252 -0.00751759 -0.00777057 0.999942 0.00854558 0.0 0.0 0.0 1.0
office/seq-10/color/frame-000043.color.png office/seq-10/color/frame-000046.color.png 0.99973 0.00130382 0.0232037 0.0167341 -0.00162948 0.9999 0.0140218 -0.0256892 -0.0231831 -0.0140559 0.999632 0.0230095 0.0 0.0 0.0 1.0
office/seq-10/color/frame-000044.color.png office/seq-10/color/frame-000047.color.png 0.999754 0.000328253 0.0221566 0.0242439 -0.00045549 0.999983 0.0057378 -0.00897282 -0.0221544 -0.00574649 0.999738 0.0190281 0.0 0.0 0.0 1.0
office/seq-10/color/frame-000045.color.png office/seq-10/color/frame-000048.color.png 0.999708 0.0060225 0.0234164 0.0226064 -0.00623836 0.999939 0.00915638 -0.012292 -0.0233598 -0.00929979 0.999684 0.0164747 0.0 0.0 0.0 1.0
office/seq-10/color/frame-000046.color.png office/seq-10/color/frame-000049.color.png 0.999826 -0.00121764 0.0185883 0.0225284 0.00100147 0.999932 0.0116344 -0.00856287 -0.0186012 -0.0116137 0.99976 0.010555 0.0 0.0 0.0 1.0
office/seq-10/color/frame-000047.color.png office/seq-10/color/frame-000050.color.png 0.999494 -0.00963537 0.0303101 0.00912619 0.00912545 0.999815 0.0169174 -0.0123247 -0.0304675 -0.0166322 0.999397 0.0278691 0.0 0.0 0.0 1.0
office/seq-10/color/frame-000048.color.png office/seq-10/color/frame-000051.color.png 0.999271 -0.0138201 0.0355902 0.0454806 0.0131601 0.999738 0.01871 -0.0220949 -0.0358395 -0.018228 0.999191 0.0258811 0.0 0.0 0.0 1.0
office/seq-10/color/frame-000049.color.png office/seq-10/color/frame-000052.color.png 0.998794 -0.00624747 0.0486989 0.0217419 0.00553779 0.999877 0.0146939 -0.0189354 -0.0487847 -0.0144065 0.998705 0.0349912 0.0 0.0 0.0 1.0
office/seq-10/color/frame-000050.color.png office/seq-10/color/frame-000053.color.png 0.998665 -0.00602967 0.0512965 0.0262291 0.00545067 0.99992 0.0114199 -0.0173096 -0.0513612 -0.011125 0.998618 0.0255053 0.0 0.0 0.0 1.0
office/seq-10/color/frame-000051.color.png office/seq-10/color/frame-000054.color.png 0.998706 -0.00746243 0.0503067 0.00237733 0.00711107 0.999949 0.0071597 -0.0126163 -0.0503575 -0.00679271 0.998708 0.0392928 0.0 0.0 0.0 1.0
office/seq-10/color/frame-000052.color.png office/seq-10/color/frame-000055.color.png 0.999055 -0.013994 0.0411509 0.0165187 0.0139225 0.999901 0.00202257 -0.00429162 -0.0411751 -0.00144774 0.999151 0.0324435 0.0 0.0 0.0 1.0
office/seq-10/color/frame-000053.color.png office/seq-10/color/frame-000056.color.png 0.99801 -0.0165591 0.060848 0.0241552 0.016682 0.99986 -0.00151396 -0.00909527 -0.0608144 0.00252599 0.998146 0.0530338 0.0 0.0 0.0 1.0
office/seq-10/color/frame-000054.color.png office/seq-10/color/frame-000057.color.png 0.99827 -0.0122938 0.0574913 0.0209618 0.0121549 0.999922 0.00276507 -0.038645 -0.0575209 -0.0020615 0.998342 0.0371814 0.0 0.0 0.0 1.0
office/seq-10/color/frame-000055.color.png office/seq-10/color/frame-000058.color.png 0.997995 -0.0130849 0.0619294 0.0235119 0.0134291 0.999897 -0.00514396 -0.0256586 -0.0618558 0.00596528 0.998067 0.0386557 0.0 0.0 0.0 1.0
office/seq-10/color/frame-000056.color.png office/seq-10/color/frame-000059.color.png 0.999073 -0.00639333 0.0425731 0.0292042 0.00651857 0.999975 -0.00280327 -0.017669 -0.0425541 0.00307819 0.999089 0.026128 0.0 0.0 0.0 1.0
office/seq-10/color/frame-000057.color.png office/seq-10/color/frame-000060.color.png 0.997867 -0.00413916 0.0651553 -0.00106853 0.00447766 0.999977 -0.00505009 0.00353497 -0.0651329 0.00533106 0.997862 0.0513387 0.0 0.0 0.0 1.0
office/seq-10/color/frame-000058.color.png office/seq-10/color/frame-000061.color.png 0.998437 -0.0031995 0.0557891 0.0148281 0.00302594 0.99999 0.00319506 -0.0182602 -0.0557988 -0.00302119 0.998437 0.0434079 0.0 0.0 0.0 1.0
office/seq-10/color/frame-000059.color.png office/seq-10/color/frame-000062.color.png 0.998789 -0.00284851 0.0491164 0.0202473 0.00281168 0.999996 0.000819726 -0.0213867 -0.0491184 -0.000680635 0.998793 0.0349334 0.0 0.0 0.0 1.0
office/seq-10/color/frame-000060.color.png office/seq-10/color/frame-000063.color.png 0.9989 -0.00593693 0.0465179 0.0160989 0.0063067 0.99995 -0.00780644 -0.0171862 -0.0464692 0.00809122 0.998887 0.038061 0.0 0.0 0.0 1.0
office/seq-10/color/frame-000061.color.png office/seq-10/color/frame-000064.color.png 0.999101 -0.0152055 0.0395675 0.0240672 0.0154996 0.999854 -0.00713594 -0.0146263 -0.0394532 0.00774276 0.999191 0.0322666 0.0 0.0 0.0 1.0
office/seq-10/color/frame-000062.color.png office/seq-10/color/frame-000065.color.png 0.999293 -0.00987257 0.0362709 -0.00473833 0.00975073 0.999946 0.00353399 -0.030552 -0.0363039 -0.00317785 0.999336 0.0395219 0.0 0.0 0.0 1.0
office/seq-10/color/frame-000063.color.png office/seq-10/color/frame-000066.color.png 0.999826 -0.0147673 0.0114195 0.0179505 0.0147415 0.999889 0.00234133 -0.0282684 -0.0114527 -0.0021726 0.999932 0.0199079 0.0 0.0 0.0 1.0
office/seq-10/color/frame-000064.color.png office/seq-10/color/frame-000067.color.png 0.99981 -0.0179073 0.00764784 0.0311619 0.0179316 0.999834 -0.00312265 -0.0213728 -0.00759062 0.00325925 0.999966 0.0215335 0.0 0.0 0.0 1.0
office/seq-10/color/frame-000065.color.png office/seq-10/color/frame-000068.color.png 0.999614 -0.0250051 0.0121043 0.0249716 0.0251143 0.999645 -0.0089585 -0.0184443 -0.0118759 0.00925905 0.999887 0.0176743 0.0 0.0 0.0 1.0
office/seq-10/color/frame-000066.color.png office/seq-10/color/frame-000069.color.png 0.999489 -0.023127 0.0220729 0.0081225 0.0232239 0.999722 -0.00414249 -0.0181312 -0.0219709 0.00465302 0.999748 0.0196615 0.0 0.0 0.0 1.0
office/seq-10/color/frame-000067.color.png office/seq-10/color/frame-000070.color.png 0.999016 -0.0251753 0.0365037 0.0181134 0.0251204 0.999683 0.00196238 -0.0296374 -0.0365416 -0.0010435 0.999331 0.0291351 0.0 0.0 0.0 1.0
office/seq-10/color/frame-000068.color.png office/seq-10/color/frame-000071.color.png 0.999 -0.0226517 0.0385372 0.0107427 0.0223906 0.999723 0.00719307 -0.0357996 -0.0386895 -0.006323 0.999231 0.0313985 0.0 0.0 0.0 1.0
office/seq-10/color/frame-000069.color.png office/seq-10/color/frame-000072.color.png 0.99895 -0.036186 0.0280865 0.0693317 0.0359008 0.999299 0.0105932 -0.0568792 -0.0284502 -0.00957377 0.999549 0.0278286 0.0 0.0 0.0 1.0
office/seq-10/color/frame-000070.color.png office/seq-10/color/frame-000073.color.png 0.999005 -0.0306314 0.0324236 0.0245416 0.0305374 0.999528 0.00339119 -0.0292738 -0.0325122 -0.00239768 0.999469 0.021191 0.0 0.0 0.0 1.0
office/seq-10/color/frame-000071.color.png office/seq-10/color/frame-000074.color.png 0.998985 -0.032362 0.031349 0.0407236 0.0322283 0.999469 0.00476345 -0.0298071 -0.0314866 -0.0037483 0.999497 0.0348392 0.0 0.0 0.0 1.0
office/seq-10/color/frame-000072.color.png office/seq-10/color/frame-000075.color.png 0.999132 -0.0212517 0.0358387 -0.00308061 0.0210395 0.999759 0.00628952 -0.0302297 -0.0359636 -0.00553001 0.999338 0.0313849 0.0 0.0 0.0 1.0
office/seq-10/color/frame-000073.color.png office/seq-10/color/frame-000076.color.png 0.99927 -0.00737193 0.0374796 0.0330473 0.00682123 0.999867 0.0148006 -0.0334978 -0.0375836 -0.0145341 0.999188 0.0476201 0.0 0.0 0.0 1.0
office/seq-10/color/frame-000074.color.png office/seq-10/color/frame-000077.color.png 0.998962 0.000936284 0.0455479 0.0232292 -0.00144461 0.999937 0.0111289 -0.0109221 -0.0455347 -0.0111831 0.9989 0.0365804 0.0 0.0 0.0 1.0
office/seq-10/color/frame-000075.color.png office/seq-10/color/frame-000078.color.png 0.998468 -0.00190851 0.0552896 0.0189065 0.00120609 0.999918 0.0127341 -0.0140655 -0.0553094 -0.012648 0.998389 0.0605801 0.0 0.0 0.0 1.0
office/seq-10/color/frame-000076.color.png office/seq-10/color/frame-000079.color.png 0.99897 -0.00449317 0.0451593 0.00793946 0.00417453 0.999966 0.00714696 -0.0125935 -0.0451899 -0.00695105 0.998954 0.0532944 0.0 0.0 0.0 1.0
office/seq-10/color/frame-000077.color.png office/seq-10/color/frame-000080.color.png 0.99849 -0.00734049 0.0544332 0.0135992 0.00689517 0.999941 0.00836396 -0.0198122 -0.0544913 -0.00797601 0.998482 0.0616534 0.0 0.0 0.0 1.0
office/seq-10/color/frame-000078.color.png office/seq-10/color/frame-000081.color.png 0.99868 -0.00860672 0.0506414 0.0243137 0.00811359 0.999918 0.0099356 -0.0257703 -0.0507227 -0.00951159 0.998667 0.0586301 0.0 0.0 0.0 1.0
office/seq-10/color/frame-000079.color.png office/seq-10/color/frame-000082.color.png 0.998398 -0.00403911 0.0564414 0.0127296 0.0035663 0.999958 0.00847469 -0.0164647 -0.0564734 -0.00825989 0.99837 0.0669454 0.0 0.0 0.0 1.0
office/seq-10/color/frame-000080.color.png office/seq-10/color/frame-000083.color.png 0.999236 -0.00880275 0.038086 0.0225471 0.00874239 0.99996 0.00175138 -0.0210936 -0.0380998 -0.00141701 0.999273 0.0577706 0.0 0.0 0.0 1.0
office/seq-10/color/frame-000081.color.png office/seq-10/color/frame-000084.color.png 0.999405 -0.0192947 0.0285875 0.0802411 0.0194378 0.9998 -0.00473525 -0.037595 -0.0284904 0.0052881 0.99958 0.0610773 0.0 0.0 0.0 1.0
office/seq-10/color/frame-000082.color.png office/seq-10/color/frame-000085.color.png 0.998976 -0.015847 0.0423809 0.032325 0.0166242 0.999699 -0.0180465 -0.0173477 -0.042082 0.0187325 0.998939 0.0633004 0.0 0.0 0.0 1.0
office/seq-10/color/frame-000083.color.png office/seq-10/color/frame-000086.color.png 0.999278 -0.00848818 0.0370322 0.0405076 0.00904533 0.999848 -0.0149049 -0.0224436 -0.0369002 0.015229 0.999203 0.058246 0.0 0.0 0.0 1.0
office/seq-10/color/frame-000084.color.png office/seq-10/color/frame-000087.color.png 0.999231 -0.003823 0.0390309 0.0187423 0.00485201 0.999642 -0.026304 -0.00178605 -0.0389164 0.0264732 0.998892 0.0666764 0.0 0.0 0.0 1.0
office/seq-10/color/frame-000085.color.png office/seq-10/color/frame-000088.color.png 0.999573 -0.0195341 0.0217425 0.0628929 0.0198245 0.999716 -0.0132235 -0.0506356 -0.021478 0.0136489 0.999676 0.0424749 0.0 0.0 0.0 1.0
office/seq-10/color/frame-000086.color.png office/seq-10/color/frame-000089.color.png 0.999346 -0.00473034 0.0358657 0.0151275 0.00545291 0.999784 -0.0200757 -0.00341785 -0.0357629 0.0202581 0.999155 0.060296 0.0 0.0 0.0 1.0
office/seq-10/color/frame-000087.color.png office/seq-10/color/frame-000090.color.png 0.999605 -0.00646094 0.0273476 0.0103809 0.006696 0.999941 -0.00851257 -0.0107259 -0.027291 0.00869231 0.99959 0.0436854 0.0 0.0 0.0 1.0
office/seq-10/color/frame-000088.color.png office/seq-10/color/frame-000091.color.png 0.999238 -0.00793161 0.0382103 0.00380236 0.00811174 0.999957 -0.00456175 -0.00473392 -0.0381724 0.00486826 0.999259 0.0605277 0.0 0.0 0.0 1.0
office/seq-10/color/frame-000089.color.png office/seq-10/color/frame-000092.color.png 0.999123 -0.0155946 0.0388565 -0.001333 0.0155836 0.999878 0.000587237 -0.0154683 -0.038861 1.87831e-05 0.999245 0.0550589 0.0 0.0 0.0 1.0
office/seq-10/color/frame-000090.color.png office/seq-10/color/frame-000093.color.png 0.999034 -0.0159851 0.0409433 -0.00770319 0.0159107 0.999871 0.00214412 -0.000588238 -0.0409724 -0.00149065 0.999159 0.0663686 0.0 0.0 0.0 1.0
office/seq-10/color/frame-000091.color.png office/seq-10/color/frame-000094.color.png 0.999504 -0.0239156 0.0204698 0.0121573 0.0237896 0.999697 0.00637766 -0.0282706 -0.0206161 -0.00588757 0.99977 0.0374756 0.0 0.0 0.0 1.0
office/seq-10/color/frame-000092.color.png office/seq-10/color/frame-000095.color.png 0.999611 -0.0194842 0.0199464 0.0176488 0.0194753 0.99981 0.00063454 -0.0182698 -0.0199549 -0.000245745 0.999801 0.0455496 0.0 0.0 0.0 1.0
office/seq-10/color/frame-000093.color.png office/seq-10/color/frame-000096.color.png 0.999657 -0.0186369 0.0184229 0.034174 0.0185782 0.999822 0.00335085 -0.0241739 -0.018482 -0.00300738 0.999825 0.0434075 0.0 0.0 0.0 1.0
office/seq-10/color/frame-000094.color.png office/seq-10/color/frame-000097.color.png 0.999383 -0.00949799 0.0338085 -0.00880569 0.00937046 0.999948 0.00392996 -0.00691909 -0.033844 -0.00361073 0.999421 0.0664474 0.0 0.0 0.0 1.0
office/seq-10/color/frame-000095.color.png office/seq-10/color/frame-000098.color.png 0.999541 -0.0296094 0.00642988 0.0435497 0.0295786 0.999551 0.00483551 -0.0460531 -0.00657015 -0.00464311 0.999968 0.0308599 0.0 0.0 0.0 1.0
office/seq-10/color/frame-000096.color.png office/seq-10/color/frame-000099.color.png 0.999775 -0.0201204 0.00678782 0.010292 0.0200868 0.999786 0.00497091 -0.0355991 -0.00688629 -0.00483343 0.999965 0.035711 0.0 0.0 0.0 1.0
office/seq-10/color/frame-000097.color.png office/seq-10/color/frame-000100.color.png 0.999901 -0.00856843 -0.0111549 0.0463035 0.00853474 0.999959 -0.00305937 0.00176299 0.0111807 0.00296387 0.999933 0.0162715 0.0 0.0 0.0 1.0
office/seq-10/color/frame-000098.color.png office/seq-10/color/frame-000101.color.png 0.999917 -0.0116311 -0.00557249 0.0148844 0.0117034 0.999846 0.0131034 -0.0305445 0.00541922 -0.0131675 0.999899 0.0185975 0.0 0.0 0.0 1.0
office/seq-10/color/frame-000099.color.png office/seq-10/color/frame-000102.color.png 0.999786 -0.0126982 -0.016322 0.0256296 0.0129354 0.999811 0.0145078 -0.0295751 0.0161348 -0.0147158 0.999762 0.00708389 0.0 0.0 0.0 1.0
office/seq-10/color/frame-000100.color.png office/seq-10/color/frame-000103.color.png 0.999652 -0.0126966 -0.0231436 0.0325892 0.013086 0.999774 0.0167537 -0.031065 0.0229255 -0.0170508 0.999592 -0.00181472 0.0 0.0 0.0 1.0
office/seq-10/color/frame-000101.color.png office/seq-10/color/frame-000104.color.png 0.999748 -0.00678473 -0.021404 0.0327318 0.00720005 0.999786 0.0193937 -0.028893 0.0212678 -0.0195429 0.999583 -0.00906342 0.0 0.0 0.0 1.0
office/seq-10/color/frame-000102.color.png office/seq-10/color/frame-000105.color.png 0.999851 0.00877948 -0.0148353 0.0255965 -0.0084642 0.99974 0.0211756 -0.00671288 0.0150172 -0.021047 0.999666 -0.00207883 0.0 0.0 0.0 1.0
office/seq-10/color/frame-000103.color.png office/seq-10/color/frame-000106.color.png 0.999842 -0.00256858 -0.0176107 0.0325389 0.0030349 0.999644 0.0265054 -0.0369132 0.0175364 -0.0265546 0.999493 1.82986e-05 0.0 0.0 0.0 1.0
office/seq-10/color/frame-000104.color.png office/seq-10/color/frame-000107.color.png 0.999825 -0.00594153 -0.017737 0.0288303 0.0062489 0.99983 0.0173233 -0.0229965 0.017631 -0.0174311 0.999692 0.00205213 0.0 0.0 0.0 1.0
office/seq-10/color/frame-000105.color.png office/seq-10/color/frame-000108.color.png 0.999662 -0.0134827 -0.0222109 0.0484812 0.0136414 0.999882 0.00701355 -0.0147332 0.0221139 -0.00731417 0.999729 0.00401455 0.0 0.0 0.0 1.0
office/seq-10/color/frame-000106.color.png office/seq-10/color/frame-000109.color.png 0.999867 -0.00976374 -0.0130419 0.0246699 0.00983316 0.999938 0.00526886 -0.0195363 0.0129896 -0.00539642 0.999901 0.00683343 0.0 0.0 0.0 1.0
office/seq-10/color/frame-000107.color.png office/seq-10/color/frame-000110.color.png 0.99993 0.00276545 -0.0115386 0.0264561 -0.00276402 0.999996 0.00014385 0.00521281 0.011539 -0.000111967 0.999933 0.00771397 0.0 0.0 0.0 1.0
office/seq-10/color/frame-000108.color.png office/seq-10/color/frame-000111.color.png 0.999858 0.00279176 -0.0166094 0.0354948 -0.00274336 0.999992 0.00293005 -0.00827032 0.0166172 -0.00288408 0.999858 -0.00331646 0.0 0.0 0.0 1.0
office/seq-10/color/frame-000109.color.png office/seq-10/color/frame-000112.color.png 0.999544 0.010568 -0.0282901 0.043784 -0.010657 0.999939 -0.00299754 0.00791308 0.0282567 0.00329772 0.999595 -0.00821859 0.0 0.0 0.0 1.0
office/seq-10/color/frame-000110.color.png office/seq-10/color/frame-000113.color.png 0.999505 0.00759673 -0.030535 0.0424643 -0.00810834 0.999828 -0.0166667 0.0296499 0.0304032 0.016906 0.999395 -0.00242287 0.0 0.0 0.0 1.0
office/seq-10/color/frame-000111.color.png office/seq-10/color/frame-000114.color.png 0.999406 -0.00735825 -0.0336716 0.0452563 0.00686448 0.999868 -0.0147528 0.00824282 0.0337757 0.0145129 0.999324 -0.0110202 0.0 0.0 0.0 1.0
office/seq-10/color/frame-000112.color.png office/seq-10/color/frame-000115.color.png 0.999559 -0.0111012 -0.0275435 0.0433567 0.0107316 0.999851 -0.0135271 0.0190737 0.0276896 0.0132255 0.999529 -0.0143045 0.0 0.0 0.0 1.0
office/seq-10/color/frame-000113.color.png office/seq-10/color/frame-000116.color.png 0.999621 -0.00351607 -0.0272919 0.0531189 0.00339026 0.999983 -0.00465462 0.00947636 0.0273077 0.0045603 0.999617 -0.013561 0.0 0.0 0.0 1.0
office/seq-10/color/frame-000114.color.png office/seq-10/color/frame-000117.color.png 0.99982 0.00824746 -0.017098 0.0435057 -0.00843812 0.999903 -0.011116 0.0315872 0.0170047 0.0112584 0.999792 -0.00201946 0.0 0.0 0.0 1.0
office/seq-10/color/frame-000115.color.png office/seq-10/color/frame-000118.color.png 0.999767 0.0201219 -0.00775884 0.0477821 -0.0201675 0.99978 -0.00584754 0.0407675 0.00763945 0.0060026 0.999953 0.00497574 0.0 0.0 0.0 1.0
office/seq-10/color/frame-000116.color.png office/seq-10/color/frame-000119.color.png 0.99992 0.0126435 0.000122369 0.0388644 -0.0126436 0.99992 0.000821705 0.0245103 -0.000111976 -0.000823145 1.0 0.0135048 0.0 0.0 0.0 1.0
office/seq-10/color/frame-000117.color.png office/seq-10/color/frame-000120.color.png 0.999937 0.00985295 -0.00528177 0.0453181 -0.00983906 0.999948 0.00266872 0.0177795 0.00530773 -0.00261658 0.999982 0.00388378 0.0 0.0 0.0 1.0
office/seq-10/color/frame-000118.color.png office/seq-10/color/frame-000121.color.png 0.999915 -0.00951134 -0.00897899 0.0372322 0.00945631 0.999936 -0.00614533 -0.00918978 0.00903683 0.00605994 0.999941 0.00802612 0.0 0.0 0.0 1.0
office/seq-10/color/frame-000119.color.png office/seq-10/color/frame-000122.color.png 0.999687 -0.00713854 -0.0239871 0.0524279 0.00669676 0.999807 -0.0184492 0.0126762 0.0241141 0.0182828 0.999542 -0.0169996 0.0 0.0 0.0 1.0
office/seq-10/color/frame-000120.color.png office/seq-10/color/frame-000123.color.png 0.999363 -0.0112285 -0.0338822 0.0670553 0.0106729 0.999806 -0.0165398 -0.00867853 0.0340613 0.0161676 0.999289 -0.0229361 0.0 0.0 0.0 1.0
office/seq-10/color/frame-000121.color.png office/seq-10/color/frame-000124.color.png 0.99879 0.0134676 -0.0472914 0.0806856 -0.0144266 0.999696 -0.0199972 0.0395915 0.0470077 0.0206553 0.998681 -0.0375285 0.0 0.0 0.0 1.0
office/seq-10/color/frame-000122.color.png office/seq-10/color/frame-000125.color.png 0.99749 0.0292232 -0.064497 0.122377 -0.030101 0.999467 -0.012679 0.0574162 0.0640922 0.0145886 0.997837 -0.0538865 0.0 0.0 0.0 1.0
office/seq-10/color/frame-000123.color.png office/seq-10/color/frame-000126.color.png 0.997843 0.0429542 -0.0496331 0.112286 -0.0429849 0.999076 0.00044854 0.0789003 0.0496065 0.0016859 0.998767 -0.0451673 0.0 0.0 0.0 1.0
office/seq-10/color/frame-000124.color.png office/seq-10/color/frame-000127.color.png 0.998363 0.0486695 -0.030048 0.0846897 -0.0480551 0.998627 0.0208375 0.0643018 0.0310209 -0.0193594 0.999331 -0.0249714 0.0 0.0 0.0 1.0
office/seq-10/color/frame-000125.color.png office/seq-10/color/frame-000128.color.png 0.999444 0.0300077 -0.0145474 0.0378618 -0.0295184 0.999027 0.0327552 0.00573835 0.0155161 -0.0323076 0.999358 -0.00841707 0.0 0.0 0.0 1.0
office/seq-10/color/frame-000126.color.png office/seq-10/color/frame-000129.color.png 0.998899 0.0251119 -0.0396367 0.0452594 -0.0243514 0.999512 0.0195571 0.00757694 0.0401085 -0.0185704 0.999023 -0.0343088 0.0 0.0 0.0 1.0
office/seq-10/color/frame-000127.color.png office/seq-10/color/frame-000130.color.png 0.996899 0.00970182 -0.0780915 0.10768 -0.0102808 0.999923 -0.00701484 0.0167317 0.0780174 0.00779588 0.996922 -0.082054 0.0 0.0 0.0 1.0
office/seq-10/color/frame-000128.color.png office/seq-10/color/frame-000131.color.png 0.99562 0.0409918 -0.0840313 0.121346 -0.0421252 0.999043 -0.0117579 0.0696685 0.0834689 0.0152462 0.996394 -0.0875624 0.0 0.0 0.0 1.0
office/seq-10/color/frame-000129.color.png office/seq-10/color/frame-000132.color.png 0.997111 0.0493185 -0.0577623 0.10036 -0.0500541 0.998682 -0.0113581 0.0907141 0.057126 0.0142166 0.998266 -0.0614972 0.0 0.0 0.0 1.0
office/seq-10/color/frame-000130.color.png office/seq-10/color/frame-000133.color.png 0.998634 0.0450995 -0.0264055 0.0492188 -0.045038 0.998981 0.00291492 0.0582178 0.02651 -0.00172169 0.999647 -0.0260283 0.0 0.0 0.0 1.0
office/seq-10/color/frame-000131.color.png office/seq-10/color/frame-000134.color.png 0.999791 0.0116617 -0.016786 0.0238854 -0.0115697 0.999918 0.00556361 0.0103604 0.0168495 -0.00536825 0.999844 -0.0115796 0.0 0.0 0.0 1.0
office/seq-10/color/frame-000132.color.png office/seq-10/color/frame-000135.color.png 0.999536 0.00320262 -0.0303011 0.0348442 -0.00269305 0.999854 0.016844 -0.0229625 0.0303506 -0.0167547 0.999399 -0.0322258 0.0 0.0 0.0 1.0
office/seq-10/color/frame-000133.color.png office/seq-10/color/frame-000136.color.png 0.997846 0.0212024 -0.0620782 0.0579408 -0.0188852 0.999111 0.0376788 -0.014433 0.0628219 -0.0364253 0.99736 -0.0749788 0.0 0.0 0.0 1.0
office/seq-10/color/frame-000134.color.png office/seq-10/color/frame-000137.color.png 0.996881 0.0244825 -0.0750199 0.0874928 -0.0214778 0.998945 0.0405995 -0.0206473 0.0759348 -0.0388616 0.996355 -0.0867368 0.0 0.0 0.0 1.0
office/seq-10/color/frame-000135.color.png office/seq-10/color/frame-000138.color.png 0.997759 0.0191789 -0.0640979 0.0616506 -0.0171894 0.999358 0.0314472 -0.0285566 0.0646597 -0.030275 0.997448 -0.080316 0.0 0.0 0.0 1.0
office/seq-10/color/frame-000136.color.png office/seq-10/color/frame-000139.color.png 0.999296 -0.00272209 -0.0374108 0.030895 0.00304415 0.999959 0.00855606 -0.0342674 0.037386 -0.008664 0.999263 -0.0430724 0.0 0.0 0.0 1.0
office/seq-10/color/frame-000137.color.png office/seq-10/color/frame-000140.color.png 0.99934 -0.00553892 -0.0358912 0.0155975 0.00591966 0.999927 0.0105109 -0.0411007 0.0358303 -0.0107164 0.9993 -0.0476321 0.0 0.0 0.0 1.0
office/seq-10/color/frame-000138.color.png office/seq-10/color/frame-000141.color.png 0.998722 0.00366424 -0.0504029 0.0353543 -0.00294649 0.999893 0.0143068 -0.0216511 0.0504499 -0.01414 0.998626 -0.0615566 0.0 0.0 0.0 1.0
office/seq-10/color/frame-000139.color.png office/seq-10/color/frame-000142.color.png 0.998191 0.0146771 -0.0583101 0.0320778 -0.0130786 0.999531 0.027701 -0.0292724 0.0586893 -0.0268883 0.997914 -0.0850832 0.0 0.0 0.0 1.0
office/seq-10/color/frame-000140.color.png office/seq-10/color/frame-000143.color.png 0.995749 0.0216983 -0.0895158 0.0833119 -0.0193327 0.999443 0.0272103 -0.0365811 0.0900564 -0.025364 0.995614 -0.116737 0.0 0.0 0.0 1.0
office/seq-10/color/frame-000141.color.png office/seq-10/color/frame-000144.color.png 0.995831 0.0255213 -0.0875716 0.0854088 -0.023679 0.999477 0.0220132 -0.0253592 0.0880876 -0.0198478 0.995915 -0.112461 0.0 0.0 0.0 1.0
office/seq-10/color/frame-000142.color.png office/seq-10/color/frame-000145.color.png 0.993473 0.0281999 -0.110527 0.166448 -0.0269204 0.999552 0.0130518 -0.00617522 0.110846 -0.0099912 0.993787 -0.113367 0.0 0.0 0.0 1.0
office/seq-10/color/frame-000143.color.png office/seq-10/color/frame-000146.color.png 0.998016 0.0154376 -0.0610457 0.0418192 -0.0149427 0.999852 0.00855477 -0.0257323 0.0611687 -0.00762562 0.998098 -0.0821761 0.0 0.0 0.0 1.0
office/seq-10/color/frame-000144.color.png office/seq-10/color/frame-000147.color.png 0.997631 0.0178123 -0.0664411 0.0518452 -0.0179684 0.999837 -0.00175266 -0.0105816 0.0663991 0.00294232 0.997789 -0.0827205 0.0 0.0 0.0 1.0
office/seq-10/color/frame-000145.color.png office/seq-10/color/frame-000148.color.png 0.997163 0.0288399 -0.069531 0.0662436 -0.0294155 0.999541 -0.00726727 0.0239766 0.0692895 0.00929189 0.997553 -0.0823579 0.0 0.0 0.0 1.0
office/seq-10/color/frame-000146.color.png office/seq-10/color/frame-000149.color.png 0.997479 0.0291577 -0.0646895 0.0581489 -0.0293708 0.999566 -0.00234437 0.00982264 0.0645931 0.00423844 0.997903 -0.0878273 0.0 0.0 0.0 1.0
office/seq-10/color/frame-000147.color.png office/seq-10/color/frame-000150.color.png 0.997278 0.0273597 -0.0684706 0.0848219 -0.0276084 0.999615 -0.00268817 0.010792 0.0683707 0.00457127 0.99765 -0.0712475 0.0 0.0 0.0 1.0
office/seq-10/color/frame-000148.color.png office/seq-10/color/frame-000151.color.png 0.997557 0.0324171 -0.0618766 0.0548701 -0.0330071 0.999419 -0.00853669 0.0315306 0.0615638 0.0105582 0.998047 -0.0773335 0.0 0.0 0.0 1.0
office/seq-10/color/frame-000149.color.png office/seq-10/color/frame-000152.color.png 0.997664 0.0195496 -0.0654543 0.0549008 -0.0198738 0.999793 -0.00430535 0.0115122 0.0653566 0.00559613 0.997846 -0.0755858 0.0 0.0 0.0 1.0
office/seq-10/color/frame-000150.color.png office/seq-10/color/frame-000153.color.png 0.997565 0.0138073 -0.0683671 0.0611215 -0.0137973 0.999905 0.000619469 0.000515401 0.0683691 0.000325313 0.99766 -0.0838953 0.0 0.0 0.0 1.0
office/seq-10/color/frame-000151.color.png office/seq-10/color/frame-000154.color.png 0.997887 0.00776831 -0.0645013 0.0562453 -0.00716218 0.999928 0.00962286 -0.035601 0.0645714 -0.00914054 0.997871 -0.0847743 0.0 0.0 0.0 1.0
office/seq-10/color/frame-000152.color.png office/seq-10/color/frame-000155.color.png 0.997445 0.0255399 -0.0667178 0.0733546 -0.025605 0.999672 -0.000120241 0.00148645 0.0666929 0.00182827 0.997772 -0.060473 0.0 0.0 0.0 1.0
office/seq-10/color/frame-000153.color.png office/seq-10/color/frame-000156.color.png 0.99812 0.0274765 -0.0547793 0.0556865 -0.0276035 0.999618 -0.0015626 0.00583938 0.0547154 0.00307177 0.998497 -0.0616613 0.0 0.0 0.0 1.0
office/seq-10/color/frame-000154.color.png office/seq-10/color/frame-000157.color.png 0.998635 0.0220362 -0.0473673 0.0386379 -0.0220105 0.999757 0.00106384 -0.00941727 0.0473793 -1.9764e-05 0.998877 -0.0535011 0.0 0.0 0.0 1.0
office/seq-10/color/frame-000155.color.png office/seq-10/color/frame-000158.color.png 0.999416 0.00700967 -0.0334568 0.0188687 -0.00733935 0.999926 -0.00974137 -0.017996 0.0333861 0.00998117 0.999393 -0.0284291 0.0 0.0 0.0 1.0
office/seq-10/color/frame-000156.color.png office/seq-10/color/frame-000159.color.png 0.999205 -0.00334246 -0.0397337 0.0679375 0.00202244 0.999446 -0.0332154 0.0101575 0.0398228 0.0331086 0.998658 -0.0182304 0.0 0.0 0.0 1.0
office/seq-10/color/frame-000157.color.png office/seq-10/color/frame-000160.color.png 0.99894 -0.0255374 -0.0382901 0.0603653 0.0245169 0.999338 -0.0268901 -0.071187 0.0389514 0.0259228 0.998905 -0.0352587 0.0 0.0 0.0 1.0
office/seq-10/color/frame-000158.color.png office/seq-10/color/frame-000161.color.png 0.9996 -0.00792935 -0.0271601 0.02552 0.00697764 0.999364 -0.0349579 -0.0215316 0.02742 0.0347544 0.99902 -0.0219361 0.0 0.0 0.0 1.0
office/seq-10/color/frame-000159.color.png office/seq-10/color/frame-000162.color.png 0.999488 -0.00828371 -0.0309125 0.0230136 0.00750412 0.999653 -0.0252511 -0.0343115 0.031111 0.0250062 0.999203 -0.0239873 0.0 0.0 0.0 1.0
office/seq-10/color/frame-000160.color.png office/seq-10/color/frame-000163.color.png 0.999082 -0.0064226 -0.0423537 0.0641185 0.00516815 0.999547 -0.0296617 -0.00538743 0.042525 0.0294155 0.998662 -0.0435923 0.0 0.0 0.0 1.0
office/seq-10/color/frame-000161.color.png office/seq-10/color/frame-000164.color.png 0.999287 0.00452351 -0.0374968 0.0530314 -0.00507978 0.999878 -0.014753 -0.016715 0.0374255 0.0149329 0.999188 -0.0421295 0.0 0.0 0.0 1.0
office/seq-10/color/frame-000162.color.png office/seq-10/color/frame-000165.color.png 0.998769 0.00677437 -0.0491399 0.0892992 -0.00736356 0.999903 -0.0118187 -0.0185916 0.049055 0.012166 0.998722 -0.0622815 0.0 0.0 0.0 1.0
office/seq-10/color/frame-000163.color.png office/seq-10/color/frame-000166.color.png 0.999332 0.0101978 -0.0350858 0.0539447 -0.0107524 0.99982 -0.0156553 -0.00596374 0.0349199 0.0160222 0.999262 -0.0436218 0.0 0.0 0.0 1.0
office/seq-10/color/frame-000164.color.png office/seq-10/color/frame-000167.color.png 0.999108 0.0159146 -0.0391014 0.0584892 -0.0167323 0.999646 -0.0206746 0.0206908 0.0387585 0.0213104 0.999021 -0.047846 0.0 0.0 0.0 1.0
office/seq-10/color/frame-000165.color.png office/seq-10/color/frame-000168.color.png 0.999239 0.0160931 -0.0355313 0.0486363 -0.0166284 0.999752 -0.0148243 0.0136184 0.0352839 0.0154039 0.999259 -0.0596943 0.0 0.0 0.0 1.0
office/seq-10/color/frame-000166.color.png office/seq-10/color/frame-000169.color.png 0.998935 0.0190989 -0.0419977 0.0557026 -0.0194644 0.999776 -0.00831094 0.0170735 0.0418296 0.00911953 0.999083 -0.0622271 0.0 0.0 0.0 1.0
office/seq-10/color/frame-000167.color.png office/seq-10/color/frame-000170.color.png 0.99842 0.0159606 -0.0538733 0.0849185 -0.0162068 0.99986 -0.00413557 0.00649947 0.0537998 0.00500214 0.998539 -0.0652682 0.0 0.0 0.0 1.0
office/seq-10/color/frame-000168.color.png office/seq-10/color/frame-000171.color.png 0.998655 0.0224778 -0.046717 0.0759507 -0.0228392 0.999713 -0.0072159 0.0173528 0.0465415 0.0082732 0.998882 -0.0594463 0.0 0.0 0.0 1.0
office/seq-10/color/frame-000169.color.png office/seq-10/color/frame-000172.color.png 0.998687 0.0282047 -0.0427682 0.0715028 -0.0285804 0.999558 -0.00819847 0.0188171 0.0425181 0.00941002 0.999051 -0.0593494 0.0 0.0 0.0 1.0
office/seq-10/color/frame-000170.color.png office/seq-10/color/frame-000173.color.png 0.998703 0.0263552 -0.0435552 0.075971 -0.0268636 0.999577 -0.0111276 0.0215046 0.0432436 0.0122832 0.998989 -0.0584543 0.0 0.0 0.0 1.0
office/seq-10/color/frame-000171.color.png office/seq-10/color/frame-000174.color.png 0.998886 0.0250649 -0.0399791 0.0648375 -0.0255133 0.999617 -0.0107476 0.019693 0.0396944 0.0117556 0.999143 -0.05675 0.0 0.0 0.0 1.0
office/seq-10/color/frame-000172.color.png office/seq-10/color/frame-000175.color.png 0.998468 0.0225409 -0.0505272 0.0792298 -0.0231184 0.999674 -0.0108748 0.0138527 0.0502655 0.0120263 0.998664 -0.0643028 0.0 0.0 0.0 1.0
office/seq-10/color/frame-000173.color.png office/seq-10/color/frame-000176.color.png 0.998219 0.0207225 -0.05595 0.0948915 -0.0216882 0.999625 -0.0167079 0.031555 0.0555829 0.0178916 0.998294 -0.0687461 0.0 0.0 0.0 1.0
office/seq-10/color/frame-000174.color.png office/seq-10/color/frame-000177.color.png 0.99784 0.0220528 -0.0618799 0.114675 -0.0226167 0.999709 -0.00842747 0.0271159 0.061676 0.00980882 0.998048 -0.0733254 0.0 0.0 0.0 1.0
office/seq-10/color/frame-000175.color.png office/seq-10/color/frame-000178.color.png 0.998158 0.0202292 -0.0572056 0.0933827 -0.0208307 0.999734 -0.00993834 0.0410081 0.0569893 0.0111116 0.998313 -0.0799341 0.0 0.0 0.0 1.0
office/seq-10/color/frame-000176.color.png office/seq-10/color/frame-000179.color.png 0.997614 0.0247628 -0.0644441 0.109645 -0.0246668 0.999693 0.00228448 0.0100744 0.0644808 -0.000689429 0.997919 -0.0932912 0.0 0.0 0.0 1.0
