office/seq-10/color/frame-000000.color.png office/seq-10/color/frame-000002.color.png 0.999987 0.00423661 -0.00290778 0.00865712 -0.00424523 0.999987 -0.00296146 -0.00801432 0.0028952 0.00297376 0.999991 0.00480746 0.0 0.0 0.0 1.0
office/seq-10/color/frame-000001.color.png office/seq-10/color/frame-000003.color.png 0.999997 -0.00109743 0.00217431 0.00587078 0.00110236 0.999997 -0.00226944 -0.00392157 -0.00217181 0.00227183 0.999995 -0.000854697 0.0 0.0 0.0 1.0
office/seq-10/color/frame-000002.color.png office/seq-10/color/frame-000004.color.png 0.999972 -0.00649793 0.0037846 0.00625483 0.00650296 0.999978 -0.00131733 0.00137019 -0.00377595 0.0013419 0.999992 -0.000452355 0.0 0.0 0.0 1.0
office/seq-10/color/frame-000003.color.png office/seq-10/color/frame-000005.color.png 0.999723 -0.0227861 0.00580096 0.00419418 0.0227579 0.999729 0.00488714 0.0074111 -0.00591075 -0.00475377 0.999971 0.00903509 0.0 0.0 0.0 1.0
office/seq-10/color/frame-000004.color.png office/seq-10/color/frame-000006.color.png 0.999724 -0.0235092 0.000276972 0.0036634 0.0235066 0.999698 0.00719684 0.00786614 -0.00044608 -0.00718834 0.999974 0.00834057 0.0 0.0 0.0 1.0
office/seq-10/color/frame-000005.color.png office/seq-10/color/frame-000007.color.png 0.999934 -0.00786524 -0.00831507 0.00811269 0.00792016 0.999947 0.00659366 0.00686164 0.00826277 -0.00665909 0.999944 0.00435246 0.0 0.0 0.0 1.0
office/seq-10/color/frame-000006.color.png office/seq-10/color/frame-000008.color.png 0.99993 -0.00467406 -0.0108902 0.014883 0.00483545 0.999878 0.0148404 -0.00037491 0.0108195 -0.0148921 0.999831 0.00595103 0.0 0.0 0.0 1.0
office/seq-10/color/frame-000007.color.png office/seq-10/color/frame-000009.color.png 0.999847 -0.00878854 -0.0151197 0.0162066 0.00918914 0.999603 0.0266337 -0.0113718 0.0148796 -0.0267685 0.999531 0.0157187 0.0 0.0 0.0 1.0
office/seq-10/color/frame-000008.color.png office/seq-10/color/frame-000010.color.png 0.999877 -0.00695094 -0.0140469 0.0105947 0.00727279 0.999709 0.022993 -0.00879219 0.013883 -0.0230923 0.999637 0.0192229 0.0 0.0 0.0 1.0
office/seq-10/color/frame-000009.color.png office/seq-10/color/frame-000011.color.png 0.999933 0.0025622 -0.0112623 0.0114655 -0.00241236 0.999909 0.0132983 -0.001759 0.0112954 -0.0132702 0.999848 0.01383 0.0 0.0 0.0 1.0
office/seq-10/color/frame-000010.color.png office/seq-10/color/frame-000012.color.png 0.999934 0.0019033 -0.0112898 0.0142005 -0.00174603 0.999902 0.0139234 -0.00431915 0.0113152 -0.0139027 0.999839 0.0151427 0.0 0.0 0.0 1.0
office/seq-10/color/frame-000011.color.png office/seq-10/color/frame-000013.color.png 0.999948 0.000983282 -0.0101641 0.0168992 -0.000833609 0.999891 0.0147188 -0.0113043 0.0101774 -0.0147096 0.99984 0.0126541 0.0 0.0 0.0 1.0
office/seq-10/color/frame-000012.color.png office/seq-10/color/frame-000014.color.png 0.999984 0.000489136 -0.00564337 0.0179215 -0.000388139 0.99984 0.0178833 -0.00742891 0.00565121 -0.0178808 0.999824 0.0244336 0.0 0.0 0.0 1.0
office/seq-10/color/frame-000013.color.png office/seq-10/color/frame-000015.color.png 0.999996 -0.00118951 -0.00264521 0.0206916 0.00123317 0.999862 0.0165664 -0.0103516 0.00262515 -0.0165696 0.999859 0.0286155 0.0 0.0 0.0 1.0
office/seq-10/color/frame-000014.color.png office/seq-10/color/frame-000016.color.png 1.0 0.000696433 0.000399863 0.0107722 -0.000697743 0.999994 0.00329885 -0.00829267 -0.000397561 -0.00329913 0.999994 0.0197353 0.0 0.0 0.0 1.0
office/seq-10/color/frame-000015.color.png office/seq-10/color/frame-000017.color.png 0.999999 -0.000242366 -0.00142636 0.0141361 0.00023724 0.999994 -0.0035917 0.0026173 0.00142723 0.00359133 0.999992 0.0104797 0.0 0.0 0.0 1.0
office/seq-10/color/frame-000016.color.png office/seq-10/color/frame-000018.color.png 0.999989 -0.00145796 -0.00435894 0.0144322 0.00146066 0.999999 0.000616855 0.0065336 0.00435804 -0.000623232 0.99999 0.00584762 0.0 0.0 0.0 1.0
office/seq-10/color/frame-000017.color.png office/seq-10/color/frame-000019.color.png 0.999982 -0.00267527 -0.00545032 0.0144168 0.0027346 0.999937 0.010908 -0.00570961 0.00542078 -0.0109227 0.999926 0.0156651 0.0 0.0 0.0 1.0
office/seq-10/color/frame-000018.color.png office/seq-10/color/frame-000020.color.png 0.999951 -0.00582223 -0.00806117 0.0287617 0.00591532 0.999915 0.0115713 -0.0163047 0.00799312 -0.0116184 0.999901 0.00966904 0.0 0.0 0.0 1.0
office/seq-10/color/frame-000019.color.png office/seq-10/color/frame-000021.color.png 0.999982 -0.00427561 -0.00422071 0.0240416 0.00430321 0.999969 0.00655391 -0.0163884 0.00419257 -0.00657196 0.99997 0.0190657 0.0 0.0 0.0 1.0
office/seq-10/color/frame-000020.color.png office/seq-10/color/frame-000022.color.png 0.99996 -0.00845566 -0.00298164 0.0243749 0.0084603 0.999963 0.00155066 -0.0126636 0.00296842 -0.00157585 0.999994 0.0232504 0.0 0.0 0.0 1.0
office/seq-10/color/frame-000021.color.png office/seq-10/color/frame-000023.color.png 0.99991 -0.0129763 -0.00330525 0.023969 0.0129691 0.999913 -0.00219818 0.00244314 0.00333349 0.0021551 0.999992 0.00717242 0.0 0.0 0.0 1.0
office/seq-10/color/frame-000022.color.png office/seq-10/color/frame-000024.color.png 0.999967 -0.00816347 -7.79792e-05 0.0128906 0.00816382 0.999938 0.00761436 -0.00548707 1.58065e-05 -0.00761473 0.999971 0.015292 0.0 0.0 0.0 1.0
office/seq-10/color/frame-000023.color.png office/seq-10/color/frame-000025.color.png 0.999995 -0.00328331 2.98019e-05 0.00992279 0.00328295 0.99996 0.00836919 -0.0145432 -5.72811e-05 -0.00836905 0.999965 0.0228289 0.0 0.0 0.0 1.0
office/seq-10/color/frame-000024.color.png office/seq-10/color/frame-000026.color.png 0.999998 0.000233896 -0.00174881 0.0127448 -0.00023016 0.999998 0.00212864 -0.0111943 0.00174931 -0.00212822 0.999996 0.0168313 0.0 0.0 0.0 1.0
office/seq-10/color/frame-000025.color.png office/seq-10/color/frame-000027.color.png 0.999999 0.00127946 -0.00113638 0.0199625 -0.0012774 0.999998 0.00180917 -0.0140833 0.00113869 -0.00180771 0.999998 0.0135537 0.0 0.0 0.0 1.0
office/seq-10/color/frame-000026.color.png office/seq-10/color/frame-000028.color.png 0.999995 -0.00177974 0.00253349 0.0302311 0.00179067 0.999989 -0.0043185 -0.000468813 -0.00252578 0.00432303 0.999987 0.0158034 0.0 0.0 0.0 1.0
office/seq-10/color/frame-000027.color.png office/seq-10/color/frame-000029.color.png 0.999994 -0.00178251 0.00296468 0.0260988 0.00178419 0.999998 -0.000563978 0.00197952 -0.00296368 0.000569277 0.999996 0.0150226 0.0 0.0 0.0 1.0
office/seq-10/color/frame-000028.color.png office/seq-10/color/frame-000030.color.png 0.999999 9.15293e-05 0.00136407 0.0138162 -0.000100114 0.99998 0.00629083 -0.00678604 -0.00136346 -0.00629098 0.999979 0.0141954 0.0 0.0 0.0 1.0
office/seq-10/color/frame-000029.color.png office/seq-10/color/frame-000031.color.png 0.999998 -0.00159249 0.00132723 0.0125154 0.00158744 0.999992 0.00380358 -0.00590501 -0.00133328 -0.00380149 0.999992 0.014658 0.0 0.0 0.0 1.0
office/seq-10/color/frame-000030.color.png office/seq-10/color/frame-000032.color.png 0.999995 0.000887917 0.00302822 0.0102591 -0.000897409 0.999995 0.00313015 -0.00974505 -0.00302543 -0.00313285 0.999991 0.0121683 0.0 0.0 0.0 1.0
office/seq-10/color/frame-000031.color.png office/seq-10/color/frame-000033.color.png 0.999991 -0.00225659 0.00352688 0.0174499 0.00225731 0.999997 -0.000199057 -0.00580081 -0.00352642 0.00020704 0.999994 0.00917745 0.0 0.0 0.0 1.0
office/seq-10/color/frame-000032.color.png office/seq-10/color/frame-000034.color.png 0.999864 -0.0142238 0.00837808 0.0180988 0.0141655 0.999875 0.00697004 0.00125779 -0.00847618 -0.00685039 0.999941 0.0108597 0.0 0.0 0.0 1.0
office/seq-10/color/frame-000033.color.png office/seq-10/color/frame-000035.color.png 0.999924 -0.00969006 0.00757049 0.013196 0.00958034 0.99985 0.0143994 -0.00128725 -0.00770888 -0.0143258 0.999868 0.0153196 0.0 0.0 0.0 1.0
office/seq-10/color/frame-000034.color.png office/seq-10/color/frame-000036.color.png 0.999991 0.00348033 0.00219326 0.00892395 -0.00350789 0.999913 0.0126986 -0.0101141 -0.00214888 -0.0127062 0.999917 0.0120524 0.0 0.0 0.0 1.0
office/seq-10/color/frame-000035.color.png office/seq-10/color/frame-000037.color.png 0.999992 0.00280206 0.00270842 0.00835189 -0.00282918 0.999945 0.0100663 -0.0117556 -0.00268006 -0.0100739 0.999946 0.0118408 0.0 0.0 0.0 1.0
office/seq-10/color/frame-000036.color.png office/seq-10/color/frame-000038.color.png 0.999984 0.00162833 0.00544663 0.00202543 -0.00165721 0.999985 0.00530134 -0.00901506 -0.0054379 -0.00531026 0.999971 0.00510213 0.0 0.0 0.0 1.0
office/seq-10/color/frame-000037.color.png office/seq-10/color/frame-000039.color.png 0.999997 -0.00224258 -0.000356797 0.0233906 0.00224601 0.999947 0.010005 -0.00511119 0.000334334 -0.0100058 0.99995 0.00251141 0.0 0.0 0.0 1.0
office/seq-10/color/frame-000038.color.png office/seq-10/color/frame-000040.color.png 0.99999 0.00232199 0.00386936 0.0191662 -0.00239155 0.999834 0.0180726 -0.013681 -0.00382675 -0.0180816 0.999829 0.00971565 0.0 0.0 0.0 1.0
office/seq-10/color/frame-000039.color.png office/seq-10/color/frame-000041.color.png 0.999944 0.0020676 0.0103371 0.00257999 -0.00219716 0.999919 0.0125401 -0.0151603 -0.0103103 -0.0125622 0.999868 0.0141977 0.0 0.0 0.0 1.0
office/seq-10/color/frame-000040.color.png office/seq-10/color/frame-000042.color.png 0.99996 -9.74024e-05 0.00899925 0.00231645 6.06668e-05 0.999992 0.00408253 -0.00727689 -0.00899958 -0.00408187 0.999951 0.0102222 0.0 0.0 0.0 1.0
office/seq-10/color/frame-000041.color.png office/seq-10/color/frame-000043.color.png 0.999978 0.00506165 0.00420985 0.00514379 -0.00507293 0.999984 0.00267116 -0.00215501 -0.00419626 -0.00269247 0.999988 0.00247735 0.0 0.0 0.0 1.0
office/seq-10/color/frame-000042.color.png office/seq-10/color/frame-000044.color.png 0.999985 0.00534431 0.000947284 0.0171869 -0.00535083 0.999961 0.00700027 -0.00851254 -0.000909838 -0.00700522 0.999975 0.00574431 0.0 0.0 0.0 1.0
office/seq-10/color/frame-000043.color.png office/seq-10/color/frame-000045.color.png 0.999982 -0.000317421 0.00590166 0.0212997 0.000269812 0.999968 0.00806499 -0.010889 -0.00590403 -0.00806326 0.99995 0.00691482 0.0 0.0 0.0 1.0
office/seq-10/color/frame-000044.color.png office/seq-10/color/frame-000046.color.png 0.999778 -0.00181937 0.0209742 0.0100648 0.00166436 0.999971 0.00740605 -0.0137321 -0.020987 -0.00736948 0.999753 0.0189272 0.0 0.0 0.0 1.0
office/seq-10/color/frame-000045.color.png office/seq-10/color/frame-000047.color.png 0.999819 0.00418236 0.0185503 0.0117795 -0.00425027 0.999984 0.00362319 -0.00824419 -0.0185348 -0.00370135 0.999821 0.0158609 0.0 0.0 0.0 1.0
office/seq-10/color/frame-000046.color.png office/seq-10/color/frame-000048.color.png 0.999969 0.00289626 0.00736466 0.0225191 -0.00291739 0.999992 0.00286155 0.00396035 -0.00735631 -0.00288293 0.999969 0.00439435 0.0 0.0 0.0 1.0
office/seq-10/color/frame-000047.color.png office/seq-10/color/frame-000049.color.png 0.999913 -0.00319797 0.0128317 0.0223632 0.00302689 0.999907 0.0133288 -0.0133364 -0.0128731 -0.0132889 0.999829 0.00731957 0.0 0.0 0.0 1.0
office/seq-10/color/frame-000048.color.png office/seq-10/color/frame-000050.color.png 0.999687 -0.0134185 0.0210974 0.00974828 0.013205 0.999861 0.0102255 -0.00835519 -0.0212317 -0.00994376 0.999725 0.0205919 0.0 0.0 0.0 1.0
office/seq-10/color/frame-000049.color.png office/seq-10/color/frame-000051.color.png 0.999389 -0.00783726 0.0340473 0.0188807 0.0074502 0.999906 0.0114799 -0.013339 -0.0341341 -0.0112192 0.999354 0.0281832 0.0 0.0 0.0 1.0
office/seq-10/color/frame-000050.color.png office/seq-10/color/frame-000052.color.png 0.999255 -0.00382763 0.0383947 0.0158405 0.00348971 0.999955 0.00886401 -0.0116573 -0.0384269 -0.00872344 0.999223 0.0270509 0.0 0.0 0.0 1.0
office/seq-10/color/frame-000051.color.png office/seq-10/color/frame-000053.color.png 0.999451 -0.00782834 0.0321902 0.00895202 0.00767054 0.999958 0.00502353 -0.00932725 -0.0322281 -0.00477385 0.999469 0.0208192 0.0 0.0 0.0 1.0
office/seq-10/color/frame-000052.color.png office/seq-10/color/frame-000054.color.png 0.999528 -0.00694705 0.0299432 0.0147637 0.00676786 0.999959 0.0060822 -0.0145984 -0.0299842 -0.00587664 0.999533 0.0172299 0.0 0.0 0.0 1.0
office/seq-10/color/frame-000053.color.png office/seq-10/color/frame-000055.color.png 0.999572 -0.0037201 0.0290189 -0.00408539 0.00370192 0.999993 0.000679443 -0.00190754 -0.0290212 -0.000571726 0.999579 0.0270176 0.0 0.0 0.0 1.0
office/seq-10/color/frame-000054.color.png office/seq-10/color/frame-000056.color.png 0.99888 -0.0094873 0.0463583 0.010128 0.00946068 0.999955 0.000793307 -0.0180778 -0.0463637 -0.000353878 0.998925 0.0348374 0.0 0.0 0.0 1.0
office/seq-10/color/frame-000055.color.png office/seq-10/color/frame-000057.color.png 0.99885 -0.0100779 0.0468687 0.0160186 0.0102534 0.999941 -0.00350489 -0.0186706 -0.0468306 0.00398139 0.998895 0.0359093 0.0 0.0 0.0 1.0
office/seq-10/color/frame-000056.color.png office/seq-10/color/frame-000058.color.png 0.99968 -0.00629657 0.0245166 0.0186098 0.00654956 0.999926 -0.0102529 0.00200067 -0.0244502 0.0104102 0.999647 0.0134037 0.0 0.0 0.0 1.0
office/seq-10/color/frame-000057.color.png office/seq-10/color/frame-000059.color.png 0.999459 -0.00618216 0.0323038 0.0159175 0.00626762 0.999977 -0.00254398 -0.0042779 -0.0322874 0.00274509 0.999475 0.0206764 0.0 0.0 0.0 1.0
office/seq-10/color/frame-000058.color.png office/seq-10/color/frame-000060.color.png 0.998879 -0.00339465 0.0472189 -0.000456989 0.00322404 0.999988 0.00368965 -0.0129393 -0.0472309 -0.00353326 0.998878 0.0258483 0.0 0.0 0.0 1.0
office/seq-10/color/frame-000059.color.png office/seq-10/color/frame-000061.color.png 0.999424 -0.00040387 0.0339284 0.0202409 0.000313014 0.999996 0.00268244 -0.0195839 -0.0339293 -0.00267025 0.999421 0.0255697 0.0 0.0 0.0 1.0
office/seq-10/color/frame-000060.color.png office/seq-10/color/frame-000062.color.png 0.999757 -0.00112146 0.0220162 0.019971 0.00115684 0.999998 -0.00159553 -0.0127487 -0.0220143 0.00162058 0.999756 0.0182028 0.0 0.0 0.0 1.0
office/seq-10/color/frame-000061.color.png office/seq-10/color/frame-000063.color.png 0.999139 -0.00113378 0.0414725 -0.00598848 0.00138309 0.999981 -0.00598279 -0.00833845 -0.041465 0.00603496 0.999122 0.0341948 0.0 0.0 0.0 1.0
office/seq-10/color/frame-000062.color.png office/seq-10/color/frame-000064.color.png 0.999642 -0.0101113 0.0247496 0.0136466 0.010145 0.999948 -0.00123912 -0.0197653 -0.0247357 0.00148974 0.999693 0.0285411 0.0 0.0 0.0 1.0
office/seq-10/color/frame-000063.color.png office/seq-10/color/frame-000065.color.png 0.999934 -0.00992723 0.00586454 0.0183647 0.00989277 0.999934 0.00587182 -0.0218424 -0.00592253 -0.0058134 0.999966 0.00697416 0.0 0.0 0.0 1.0
office/seq-10/color/frame-000064.color.png office/seq-10/color/frame-000066.color.png 0.999917 -0.00980413 0.00831181 0.00927705 0.00978216 0.999949 0.00268 -0.0258897 -0.00833757 -0.00259842 0.999962 0.021576 0.0 0.0 0.0 1.0
office/seq-10/color/frame-000065.color.png office/seq-10/color/frame-000067.color.png 0.999815 -0.0177176 0.00753132 0.0136853 0.0177511 0.999833 -0.00440787 -0.021191 -0.00745199 0.00454072 0.999962 0.0172296 0.0 0.0 0.0 1.0
office/seq-10/color/frame-000066.color.png office/seq-10/color/frame-000068.color.png 0.999807 -0.0165172 0.0106225 0.0135303 0.0165538 0.999857 -0.00336898 -0.0137633 -0.0105654 0.00354417 0.999938 0.0110215 0.0 0.0 0.0 1.0
office/seq-10/color/frame-000067.color.png office/seq-10/color/frame-000069.color.png 0.999842 -0.0166426 0.00628728 0.0353243 0.0166564 0.999859 -0.00215797 -0.0115967 -0.00625051 0.00226235 0.999978 0.00859255 0.0 0.0 0.0 1.0
office/seq-10/color/frame-000068.color.png office/seq-10/color/frame-000070.color.png 0.999387 -0.0165763 0.0308256 0.0119353 0.0165328 0.999862 0.00166374 -0.0181126 -0.0308488 -0.00115309 0.999523 0.0273408 0.0 0.0 0.0 1.0
office/seq-10/color/frame-000069.color.png office/seq-10/color/frame-000071.color.png 0.999338 -0.0176885 0.0317839 0.00252622 0.0175592 0.999836 0.00434142 -0.0249577 -0.0318555 -0.00378046 0.999485 0.0289357 0.0 0.0 0.0 1.0
office/seq-10/color/frame-000070.color.png office/seq-10/color/frame-000072.color.png 0.999608 -0.0232151 0.0156551 0.0328004 0.0231512 0.999723 0.00424687 -0.0298875 -0.0157494 -0.00388277 0.999868 0.0172749 0.0 0.0 0.0 1.0
office/seq-10/color/frame-000071.color.png office/seq-10/color/frame-000073.color.png 0.999335 -0.0223579 0.0288107 0.0159009 0.022366 0.99975 3.97023e-05 -0.0148928 -0.0288044 0.000604752 0.999585 0.0233268 0.0 0.0 0.0 1.0
office/seq-10/color/frame-000072.color.png office/seq-10/color/frame-000074.color.png 0.999657 -0.0200414 0.0168548 0.0277158 0.0199475 0.999785 0.00571994 -0.0257844 -0.0169658 -0.00538178 0.999842 0.019684 0.0 0.0 0.0 1.0
office/seq-10/color/frame-000073.color.png office/seq-10/color/frame-000075.color.png 0.999804 -0.00815383 0.0180133 0.00453424 0.00800565 0.999934 0.00828085 -0.0244865 -0.0180795 -0.00813506 0.999803 0.0243452 0.0 0.0 0.0 1.0
office/seq-10/color/frame-000074.color.png office/seq-10/color/frame-000076.color.png 0.999464 0.00249408 0.0326544 0.0123336 -0.0026827 0.99998 0.00573441 -0.000220746 -0.0326395 -0.00581892 0.99945 0.0370913 0.0 0.0 0.0 1.0
office/seq-10/color/frame-000075.color.png office/seq-10/color/frame-000077.color.png 0.999405 0.00313509 0.0343459 0.0321301 -0.00337332 0.999971 0.00688142 0.00280544 -0.0343233 -0.0069932 0.999386 0.0342558 0.0 0.0 0.0 1.0
office/seq-10/color/frame-000076.color.png office/seq-10/color/frame-000078.color.png 0.999506 -0.00603117 0.0308412 0.00743216 0.00581348 0.999958 0.00714244 -0.0165192 -0.030883 -0.00695964 0.999499 0.0323891 0.0 0.0 0.0 1.0
office/seq-10/color/frame-000077.color.png office/seq-10/color/frame-000079.color.png 0.999671 -0.00453044 0.0252554 0.0118594 0.0044048 0.999978 0.00502965 -0.0163886 -0.0252774 -0.00491671 0.999668 0.0313764 0.0 0.0 0.0 1.0
office/seq-10/color/frame-000078.color.png office/seq-10/color/frame-000080.color.png 0.999234 -0.00189023 0.0390865 0.0103888 0.00181432 0.999996 0.00197891 0.000414401 -0.03909 -0.00190645 0.999234 0.0453789 0.0 0.0 0.0 1.0
office/seq-10/color/frame-000079.color.png office/seq-10/color/frame-000081.color.png 0.999164 -0.0053897 0.0405173 0.0125438 0.00504252 0.99995 0.00866475 -0.0192216 -0.040562 -0.00845319 0.999141 0.0448953 0.0 0.0 0.0 1.0
office/seq-10/color/frame-000080.color.png office/seq-10/color/frame-000082.color.png 0.999583 0.00293111 0.0287208 0.00616169 -0.0030769 0.999983 0.00503073 -0.00593185 -0.0287056 -0.00511701 0.999575 0.0381131 0.0 0.0 0.0 1.0
office/seq-10/color/frame-000081.color.png office/seq-10/color/frame-000083.color.png 0.999543 -0.00977902 0.0286139 0.00622177 0.00983858 0.99995 -0.00194051 -0.0177491 -0.0285935 0.00222113 0.999589 0.0457438 0.0 0.0 0.0 1.0
office/seq-10/color/frame-000082.color.png office/seq-10/color/frame-000084.color.png 0.999548 -0.0218319 0.0206946 0.0545121 0.0218685 0.99976 -0.0015395 -0.0540247 -0.020656 0.00199132 0.999785 0.0406677 0.0 0.0 0.0 1.0
office/seq-10/color/frame-000083.color.png office/seq-10/color/frame-000085.color.png 0.999713 -0.00102958 0.0239211 0.0448843 0.00150459 0.999802 -0.0198479 0.0182924 -0.023896 0.0198783 0.999517 0.045297 0.0 0.0 0.0 1.0
office/seq-10/color/frame-000084.color.png office/seq-10/color/frame-000086.color.png 0.999768 -0.00247085 0.0214002 0.0123508 0.00274571 0.999914 -0.0128272 0.000104874 -0.0213667 0.0128829 0.999689 0.0361373 0.0 0.0 0.0 1.0
office/seq-10/color/frame-000085.color.png office/seq-10/color/frame-000087.color.png 0.999619 -0.00270901 0.0274594 0.0126008 0.00331102 0.999755 -0.0219019 0.0011293 -0.0273932 0.0219845 0.999383 0.0461328 0.0 0.0 0.0 1.0
office/seq-10/color/frame-000086.color.png office/seq-10/color/frame-000088.color.png 0.999669 -0.00382774 0.0254549 0.0153243 0.00429518 0.999823 -0.0183338 -0.0011324 -0.0253801 0.0184371 0.999508 0.0424947 0.0 0.0 0.0 1.0
office/seq-10/color/frame-000087.color.png office/seq-10/color/frame-000089.color.png 0.999824 -0.00547328 0.0179276 0.0103899 0.00558025 0.999967 -0.00592377 -0.00650689 -0.0178946 0.0060228 0.999822 0.0319209 0.0 0.0 0.0 1.0
office/seq-10/color/frame-000088.color.png office/seq-10/color/frame-000090.color.png 0.999826 -0.00392596 0.0182403 0.00459093 0.00398512 0.999987 -0.00320567 -0.011319 -0.0182276 0.00327782 0.999829 0.0316806 0.0 0.0 0.0 1.0
office/seq-10/color/frame-000089.color.png office/seq-10/color/frame-000091.color.png 0.999356 -0.0112547 0.0340657 -0.0147984 0.011303 0.999935 -0.00122485 -0.0177338 -0.0340497 0.00160912 0.999419 0.0443716 0.0 0.0 0.0 1.0
office/seq-10/color/frame-000090.color.png office/seq-10/color/frame-000092.color.png 0.999611 -0.0206378 0.0187662 0.0252638 0.0205913 0.999784 0.00266797 -0.0175075 -0.0188173 -0.00228054 0.99982 0.0345771 0.0 0.0 0.0 1.0
office/seq-10/color/frame-000091.color.png office/seq-10/color/frame-000093.color.png 0.999706 -0.0238046 0.00454649 0.0373896 0.0237583 0.999668 0.00997068 -0.0417748 -0.00478238 -0.00985977 0.99994 0.0178314 0.0 0.0 0.0 1.0
office/seq-10/color/frame-000092.color.png office/seq-10/color/frame-000094.color.png 0.999764 -0.0153191 0.0154212 0.00276423 0.0152795 0.99988 0.00268465 -0.0180841 -0.0154603 -0.00244834 0.999878 0.0302028 0.0 0.0 0.0 1.0
office/seq-10/color/frame-000093.color.png office/seq-10/color/frame-000095.color.png 0.99992 -0.00938767 0.00851431 0.0205836 0.00941013 0.999952 -0.00259758 -0.00199261 -0.00848955 0.00267746 0.99996 0.0251082 0.0 0.0 0.0 1.0
office/seq-10/color/frame-000094.color.png office/seq-10/color/frame-000096.color.png 0.999727 -0.00457273 0.0229032 -0.00168556 0.00452189 0.999987 0.0022727 -0.00372803 -0.0229133 -0.00216854 0.999735 0.0392845 0.0 0.0 0.0 1.0
office/seq-10/color/frame-000095.color.png office/seq-10/color/frame-000097.color.png 0.999814 -0.0108845 0.0158988 0.0133014 0.0107669 0.999914 0.00746087 -0.0168601 -0.0159785 -0.0072883 0.999846 0.0371889 0.0 0.0 0.0 1.0
office/seq-10/color/frame-000096.color.png office/seq-10/color/frame-000098.color.png 0.999873 -0.014984 0.00539009 0.00392455 0.0149633 0.999881 0.00385382 -0.0290398 -0.00544726 -0.00377271 0.999978 0.0214574 0.0 0.0 0.0 1.0
office/seq-10/color/frame-000097.color.png office/seq-10/color/frame-000099.color.png 0.999961 -0.00881634 0.000830626 0.00729221 0.00881937 0.999954 -0.00374011 -0.00620645 -0.000797705 0.0037473 0.999993 0.0145236 0.0 0.0 0.0 1.0
office/seq-10/color/frame-000098.color.png office/seq-10/color/frame-000100.color.png 0.999988 -0.00329603 -0.00367381 0.0189204 0.00329527 0.999995 -0.000223646 0.00238502 0.00367463 0.000211517 0.999993 0.00980937 0.0 0.0 0.0 1.0
office/seq-10/color/frame-000099.color.png office/seq-10/color/frame-000101.color.png 0.999917 -0.0111673 -0.00637866 0.0109528 0.0112486 0.999854 0.012858 -0.0318065 0.00623417 -0.0129287 0.999897 0.00939679 0.0 0.0 0.0 1.0
office/seq-10/color/frame-000100.color.png office/seq-10/color/frame-000102.color.png 0.999817 -0.0130323 -0.0139858 0.0176102 0.0132079 0.999834 0.0125393 -0.0306723 0.01382 -0.0127217 0.999824 0.00590956 0.0 0.0 0.0 1.0
office/seq-10/color/frame-000101.color.png office/seq-10/color/frame-000103.color.png 0.999856 -0.0027979 -0.0167362 0.0282209 0.00291115 0.999973 0.00675232 -0.00213137 0.0167169 -0.0068001 0.999837 -0.0028196 0.0 0.0 0.0 1.0
office/seq-10/color/frame-000102.color.png office/seq-10/color/frame-000104.color.png 0.999925 0.00474147 -0.0112806 0.019053 -0.00458101 0.999889 0.014204 -0.00364992 0.0113466 -0.0141512 0.999835 -0.00365454 0.0 0.0 0.0 1.0
office/seq-10/color/frame-000103.color.png office/seq-10/color/frame-000105.color.png 0.99993 0.00618588 -0.0100695 0.0186285 -0.00601852 0.999845 0.0165582 -0.0100233 0.0101704 -0.0164964 0.999812 -0.000944734 0.0 0.0 0.0 1.0
office/seq-10/color/frame-000104.color.png office/seq-10/color/frame-000106.color.png 0.999942 -0.00280207 -0.0103674 0.0202725 0.00294938 0.999894 0.0142307 -0.0197149 0.0103264 -0.0142605 0.999845 0.00695544 0.0 0.0 0.0 1.0
office/seq-10/color/frame-000105.color.png office/seq-10/color/frame-000107.color.png 0.999843 -0.0120634 -0.0129516 0.0221367 0.0122342 0.999838 0.0131931 -0.0300937 0.0127904 -0.0133495 0.999829 0.00362384 0.0 0.0 0.0 1.0
office/seq-10/color/frame-000106.color.png office/seq-10/color/frame-000108.color.png 0.99991 -0.00839037 -0.0104232 0.0164933 0.00846412 0.999939 0.0070457 -0.0199932 0.0103634 -0.00713329 0.999921 -0.000113249 0.0 0.0 0.0 1.0
office/seq-10/color/frame-000107.color.png office/seq-10/color/frame-000109.color.png 0.999948 -0.00362332 -0.00955516 0.0227736 0.00363147 0.999993 0.000830083 -0.00749421 0.00955209 -0.000864676 0.999954 0.00207353 0.0 0.0 0.0 1.0
office/seq-10/color/frame-000108.color.png office/seq-10/color/frame-000110.color.png 0.999962 0.000959638 -0.0086668 0.0185807 -0.000942414 0.999998 0.00199424 -0.00598761 0.00866877 -0.00198602 0.99996 -0.000270724 0.0 0.0 0.0 1.0
office/seq-10/color/frame-000109.color.png office/seq-10/color/frame-000111.color.png 0.999938 0.00724713 -0.00844636 0.0162098 -0.00724528 0.999974 0.000262667 0.00764373 0.00844803 -0.000201501 0.999964 0.00289428 0.0 0.0 0.0 1.0
office/seq-10/color/frame-000110.color.png office/seq-10/color/frame-000112.color.png 0.999703 0.011129 -0.0216716 0.0311974 -0.0112575 0.99992 -0.00581484 0.0181774 0.0216052 0.0060571 0.999748 -0.00225025 0.0 0.0 0.0 1.0
office/seq-10/color/frame-000111.color.png office/seq-10/color/frame-000113.color.png 0.999667 -0.00209402 -0.0257311 0.0360746 0.00169904 0.999881 -0.0153652 0.00984132 0.0257602 0.0153163 0.999551 -0.00805765 0.0 0.0 0.0 1.0
office/seq-10/color/frame-000112.color.png office/seq-10/color/frame-000114.color.png 0.999803 -0.0148637 -0.0131872 0.0101765 0.0147205 0.999832 -0.0109013 -0.0013153 0.0133469 0.010705 0.999853 -0.00409782 0.0 0.0 0.0 1.0
office/seq-10/color/frame-000113.color.png office/seq-10/color/frame-000115.color.png 0.999815 -0.00724972 -0.0178358 0.0255402 0.00729619 0.99997 0.00254298 -0.00472543 0.0178169 -0.00267261 0.999838 -0.0103536 0.0 0.0 0.0 1.0
office/seq-10/color/frame-000114.color.png office/seq-10/color/frame-000116.color.png 0.999832 -0.00075083 -0.0183018 0.0398507 0.000754716 1.0 0.000205327 -0.00672027 0.0183017 -0.000219078 0.999833 -0.00999516 0.0 0.0 0.0 1.0
office/seq-10/color/frame-000115.color.png office/seq-10/color/frame-000117.color.png 0.999905 0.00741364 -0.011615 0.0351802 -0.00755791 0.999894 -0.0124257 0.0265612 0.0115217 0.0125123 0.999855 -0.00502986 0.0 0.0 0.0 1.0
office/seq-10/color/frame-000116.color.png office/seq-10/color/frame-000118.color.png 0.999815 0.0190315 -0.00281574 0.0366094 -0.0190509 0.999794 -0.00703949 0.0509978 0.00268127 0.00709183 0.999971 0.00374132 0.0 0.0 0.0 1.0
office/seq-10/color/frame-000117.color.png office/seq-10/color/frame-000119.color.png 0.999933 0.0115785 0.000962933 0.0317074 -0.0115827 0.999923 0.00448226 0.0212147 -0.000911071 -0.00449312 0.999989 0.00970483 0.0 0.0 0.0 1.0
office/seq-10/color/frame-000118.color.png office/seq-10/color/frame-000120.color.png 0.999979 -0.00456565 -0.00458368 0.0227469 0.00457478 0.999988 0.00201203 -0.0133474 0.00457441 -0.00203297 0.999987 0.0040977 0.0 0.0 0.0 1.0
office/seq-10/color/frame-000119.color.png office/seq-10/color/frame-000121.color.png 0.999914 -0.00833695 -0.0100903 0.0244038 0.00827119 0.999944 -0.00654771 -0.0109622 0.0101443 0.00646372 0.999928 -0.00236869 0.0 0.0 0.0 1.0
office/seq-10/color/frame-000120.color.png office/seq-10/color/frame-000122.color.png 0.999758 -0.0121264 -0.0183432 0.0438713 0.0118476 0.999814 -0.0152376 -0.00130889 0.0185246 0.0150166 0.999716 -0.0104858 0.0 0.0 0.0 1.0
office/seq-10/color/frame-000121.color.png office/seq-10/color/frame-000123.color.png 0.999669 0.00353073 -0.0254983 0.0429158 -0.00387449 0.999902 -0.0134452 0.0169536 0.0254484 0.0135396 0.999584 -0.0207092 0.0 0.0 0.0 1.0
office/seq-10/color/frame-000122.color.png office/seq-10/color/frame-000124.color.png 0.999262 0.012347 -0.0363704 0.0602784 -0.0126307 0.999892 -0.00757987 0.0165944 0.0362728 0.00803363 0.99931 -0.0301269 0.0 0.0 0.0 1.0
office/seq-10/color/frame-000123.color.png office/seq-10/color/frame-000125.color.png 0.998327 0.033463 -0.0471479 0.0939543 -0.0339619 0.999375 -0.00981978 0.0734647 0.0467897 0.0114045 0.99884 -0.0396219 0.0 0.0 0.0 1.0
office/seq-10/color/frame-000124.color.png office/seq-10/color/frame-000126.color.png 0.99895 0.0341154 -0.0305645 0.0802721 -0.0339383 0.999404 0.00629454 0.0607521 0.030761 -0.00525065 0.999513 -0.0301618 0.0 0.0 0.0 1.0
office/seq-10/color/frame-000125.color.png office/seq-10/color/frame-000127.color.png 0.999698 0.024467 -0.00231777 0.0227119 -0.0244097 0.999456 0.0221639 0.0161033 0.0028588 -0.0221006 0.999752 0.0012033 0.0 0.0 0.0 1.0
office/seq-10/color/frame-000126.color.png office/seq-10/color/frame-000128.color.png 0.999673 0.0235157 -0.0100116 0.0127683 -0.0233403 0.999578 0.0172851 0.0172238 0.0104139 -0.0170457 0.999801 -0.00355452 0.0 0.0 0.0 1.0
office/seq-10/color/frame-000127.color.png office/seq-10/color/frame-000129.color.png 0.999098 0.00074633 -0.0424567 0.0588062 -0.000293984 0.999943 0.0106588 -0.0245373 0.0424622 -0.0106367 0.999041 -0.0371554 0.0 0.0 0.0 1.0
office/seq-10/color/frame-000128.color.png office/seq-10/color/frame-000130.color.png 0.99777 -0.00132498 -0.0667339 0.0887461 0.000684892 0.999954 -0.00961332 -0.0019446 0.0667437 0.00954613 0.997725 -0.0714102 0.0 0.0 0.0 1.0
office/seq-10/color/frame-000129.color.png office/seq-10/color/frame-000131.color.png 0.997428 0.0410395 -0.0587688 0.0984141 -0.0421512 0.998953 -0.0178027 0.0888491 0.0579767 0.0202341 0.998113 -0.0662422 0.0 0.0 0.0 1.0
office/seq-10/color/frame-000130.color.png office/seq-10/color/frame-000132.color.png 0.99878 0.0451474 -0.0200142 0.0414786 -0.0450943 0.998978 0.00309616 0.0606924 0.0201335 -0.00218982 0.999795 -0.0234771 0.0 0.0 0.0 1.0
office/seq-10/color/frame-000131.color.png office/seq-10/color/frame-000133.color.png 0.999912 0.00974316 -0.00904925 0.0153602 -0.00968898 0.999935 0.00601318 0.000571221 0.00910726 -0.00592501 0.999941 -0.00384921 0.0 0.0 0.0 1.0
office/seq-10/color/frame-000132.color.png office/seq-10/color/frame-000134.color.png 0.999775 -0.00690493 -0.0200689 0.0362056 0.00692922 0.999975 0.0011395 -0.0146888 0.0200606 -0.00127831 0.999798 -0.0185407 0.0 0.0 0.0 1.0
office/seq-10/color/frame-000133.color.png office/seq-10/color/frame-000135.color.png 0.999774 0.00688202 -0.0201283 0.0145099 -0.00659028 0.999873 0.0145249 -0.003883 0.0202257 -0.014389 0.999692 -0.0199721 0.0 0.0 0.0 1.0
office/seq-10/color/frame-000134.color.png office/seq-10/color/frame-000136.color.png 0.998092 0.0232616 -0.0571885 0.0596454 -0.0212963 0.99917 0.0347386 -0.00894845 0.0579491 -0.0334544 0.997759 -0.0712128 0.0 0.0 0.0 1.0
office/seq-10/color/frame-000135.color.png office/seq-10/color/frame-000137.color.png 0.998178 0.0203266 -0.0568171 0.0605224 -0.0186015 0.999355 0.0307259 -0.0157582 0.057405 -0.029613 0.997912 -0.0722204 0.0 0.0 0.0 1.0
office/seq-10/color/frame-000136.color.png office/seq-10/color/frame-000138.color.png 0.999584 0.00607991 -0.0281885 0.0298856 -0.00591783 0.999965 0.00583079 -0.00843582 0.0282229 -0.00566159 0.999586 -0.0315005 0.0 0.0 0.0 1.0
office/seq-10/color/frame-000137.color.png office/seq-10/color/frame-000139.color.png 0.999525 -0.0105264 -0.0289659 0.0315053 0.0106308 0.999938 0.00345336 -0.0369706 0.0289277 -0.00375962 0.999574 -0.0387838 0.0 0.0 0.0 1.0
office/seq-10/color/frame-000138.color.png office/seq-10/color/frame-000140.color.png 0.999657 -0.00432627 -0.0258419 0.0108662 0.0044982 0.999968 0.00659844 -0.0213468 0.0258126 -0.00671236 0.999644 -0.033048 0.0 0.0 0.0 1.0
office/seq-10/color/frame-000139.color.png office/seq-10/color/frame-000141.color.png 0.999062 0.00577658 -0.0429048 0.0401428 -0.00509957 0.999861 0.0158722 -0.0178598 0.0429905 -0.0156386 0.998953 -0.0523256 0.0 0.0 0.0 1.0
office/seq-10/color/frame-000140.color.png office/seq-10/color/frame-000142.color.png 0.998775 0.0109902 -0.0482431 0.0414983 -0.0101576 0.999796 0.0174694 -0.0165149 0.0484252 -0.016958 0.998683 -0.0668008 0.0 0.0 0.0 1.0
office/seq-10/color/frame-000141.color.png office/seq-10/color/frame-000143.color.png 0.997675 0.0229852 -0.0641617 0.0570251 -0.0220766 0.999646 0.0148354 -0.007489 0.06448 -0.0133844 0.997829 -0.0877444 0.0 0.0 0.0 1.0
office/seq-10/color/frame-000142.color.png office/seq-10/color/frame-000144.color.png 0.997815 0.0251613 -0.0610937 0.0588058 -0.0247486 0.999666 0.00750343 0.00662127 0.061262 -0.00597513 0.998104 -0.0715187 0.0 0.0 0.0 1.0
office/seq-10/color/frame-000143.color.png office/seq-10/color/frame-000145.color.png 0.999245 0.00880703 -0.0378384 0.0292234 -0.00837919 0.999899 0.0114509 -0.0242683 0.0379354 -0.0111251 0.999218 -0.0483083 0.0 0.0 0.0 1.0
office/seq-10/color/frame-000144.color.png office/seq-10/color/frame-000146.color.png 0.998726 0.0107157 -0.0492998 0.043532 -0.0103316 0.999914 0.00803827 -0.0267538 0.0493817 -0.0075186 0.998752 -0.060613 0.0 0.0 0.0 1.0
office/seq-10/color/frame-000145.color.png office/seq-10/color/frame-000147.color.png 0.998691 0.0193948 -0.0473293 0.0372769 -0.0199373 0.99974 -0.0110176 0.0264652 0.0471033 0.0119469 0.998819 -0.0538787 0.0 0.0 0.0 1.0
office/seq-10/color/frame-000146.color.png office/seq-10/color/frame-000148.color.png 0.998628 0.0256278 -0.0456627 0.0466031 -0.0260716 0.999618 -0.00914854 0.0383402 0.0454108 0.0103264 0.998915 -0.0522497 0.0 0.0 0.0 1.0
office/seq-10/color/frame-000147.color.png office/seq-10/color/frame-000149.color.png 0.998823 0.0282335 -0.039439 0.0435635 -0.028346 0.999596 -0.00229455 0.032308 0.0393583 0.00340971 0.999219 -0.0415177 0.0 0.0 0.0 1.0
office/seq-10/color/frame-000148.color.png office/seq-10/color/frame-000150.color.png 0.99885 0.021246 -0.0429796 0.0445659 -0.0214487 0.999761 -0.00426061 0.01177 0.0428788 0.00517759 0.999067 -0.046837 0.0 0.0 0.0 1.0
office/seq-10/color/frame-000149.color.png office/seq-10/color/frame-000151.color.png 0.998854 0.0171878 -0.044661 0.04486 -0.0176527 0.999794 -0.0100349 0.0255254 0.0444793 0.0108118 0.998952 -0.0514687 0.0 0.0 0.0 1.0
office/seq-10/color/frame-000150.color.png office/seq-10/color/frame-000152.color.png 0.999205 0.0123474 -0.0379073 0.0198462 -0.0121803 0.999915 0.00463621 -0.00342864 0.0379613 -0.00417071 0.999271 -0.0513045 0.0 0.0 0.0 1.0
office/seq-10/color/frame-000151.color.png office/seq-10/color/frame-000153.color.png 0.99915 0.0100568 -0.0399832 0.0187545 -0.00960177 0.999887 0.0115566 -0.0255649 0.0400949 -0.011163 0.999134 -0.0496051 0.0 0.0 0.0 1.0
office/seq-10/color/frame-000152.color.png office/seq-10/color/frame-000154.color.png 0.998769 0.00918412 -0.0487442 0.0576515 -0.00934349 0.999952 -0.00304282 0.00341779 0.0487139 0.00349448 0.998807 -0.0455109 0.0 0.0 0.0 1.0
office/seq-10/color/frame-000153.color.png office/seq-10/color/frame-000155.color.png 0.998774 0.0210467 -0.0448002 0.0603265 -0.0213967 0.999744 -0.00734848 0.0223916 0.0446341 0.00829809 0.998969 -0.0488167 0.0 0.0 0.0 1.0
office/seq-10/color/frame-000154.color.png office/seq-10/color/frame-000156.color.png 0.999378 0.0155389 -0.0316659 0.0227667 -0.0153259 0.999858 0.00695873 -0.0265463 0.0317696 -0.00646904 0.999474 -0.050692 0.0 0.0 0.0 1.0
office/seq-10/color/frame-000155.color.png office/seq-10/color/frame-000157.color.png 0.999321 -0.00259075 -0.0367623 0.042901 0.00275385 0.999987 0.0043862 -0.0307015 0.0367504 -0.00448452 0.999314 -0.0303476 0.0 0.0 0.0 1.0
office/seq-10/color/frame-000156.color.png office/seq-10/color/frame-000158.color.png 0.999486 -0.0121435 -0.0296797 0.0470698 0.011822 0.99987 -0.0109842 -0.0283462 0.0298092 0.0106276 0.999499 -0.0117207 0.0 0.0 0.0 1.0
office/seq-10/color/frame-000157.color.png office/seq-10/color/frame-000159.color.png 0.999879 -0.00567413 -0.0144746 0.022836 0.00534125 0.999723 -0.022933 -0.0185924 0.0146007 0.0228529 0.999632 -0.00704116 0.0 0.0 0.0 1.0
office/seq-10/color/frame-000158.color.png office/seq-10/color/frame-000160.color.png 0.99988 -0.00414501 -0.0149218 0.00877142 0.00376648 0.999673 -0.0253071 -0.00811702 0.0150218 0.0252479 0.999568 -0.00838441 0.0 0.0 0.0 1.0
office/seq-10/color/frame-000159.color.png office/seq-10/color/frame-000161.color.png 0.999616 -0.00983675 -0.025903 0.0236835 0.0092615 0.99971 -0.0222351 -0.0226226 0.0261142 0.0219866 0.999417 -0.0364618 0.0 0.0 0.0 1.0
office/seq-10/color/frame-000160.color.png office/seq-10/color/frame-000162.color.png 0.999691 0.000806729 -0.0248445 0.0314157 -0.0012345 0.999851 -0.0172075 -0.0140747 0.0248269 0.0172329 0.999543 -0.0254347 0.0 0.0 0.0 1.0
office/seq-10/color/frame-000161.color.png office/seq-10/color/frame-000163.color.png 0.999683 0.00224165 -0.0250875 0.0336014 -0.00251374 0.999938 -0.0108191 -0.0118114 0.0250617 0.0108788 0.999627 -0.0322024 0.0 0.0 0.0 1.0
office/seq-10/color/frame-000162.color.png office/seq-10/color/frame-000164.color.png 0.999777 0.00073994 -0.0210907 0.0261743 -0.000958449 0.999946 -0.0103521 -0.00167286 0.021082 0.01037 0.999724 -0.022678 0.0 0.0 0.0 1.0
office/seq-10/color/frame-000163.color.png office/seq-10/color/frame-000165.color.png 0.999721 0.00987342 -0.0214496 0.0238632 -0.0100369 0.999921 -0.00752938 -0.00722629 0.0213736 0.0077426 0.999742 -0.0247607 0.0 0.0 0.0 1.0
office/seq-10/color/frame-000164.color.png office/seq-10/color/frame-000166.color.png 0.999501 0.0062899 -0.0309453 0.0563092 -0.00678022 0.999853 -0.0157661 0.00836718 0.0308416 0.015968 0.999397 -0.0334314 0.0 0.0 0.0 1.0
office/seq-10/color/frame-000165.color.png office/seq-10/color/frame-000167.color.png 0.999736 0.010015 -0.0206979 0.0307959 -0.0102616 0.999877 -0.0118417 0.0115467 0.0205768 0.012051 0.999716 -0.0299823 0.0 0.0 0.0 1.0
office/seq-10/color/frame-000166.color.png office/seq-10/color/frame-000168.color.png 0.999355 0.0207205 -0.0293127 0.0383105 -0.0209125 0.999762 -0.00625945 0.0174496 0.029176 0.00686845 0.999551 -0.0460267 0.0 0.0 0.0 1.0
office/seq-10/color/frame-000167.color.png office/seq-10/color/frame-000169.color.png 0.999212 0.0118793 -0.0378719 0.0604876 -0.0119401 0.999928 -0.00138159 0.00194597 0.0378527 0.0018327 0.999282 -0.0552214 0.0 0.0 0.0 1.0
office/seq-10/color/frame-000168.color.png office/seq-10/color/frame-000170.color.png 0.999361 0.00655843 -0.0351414 0.0556931 -0.00638455 0.999967 0.00505775 -0.0257253 0.0351734 -0.00483018 0.99937 -0.053332 0.0 0.0 0.0 1.0
office/seq-10/color/frame-000169.color.png office/seq-10/color/frame-000171.color.png 0.999205 0.018574 -0.0352655 0.0641005 -0.018738 0.999815 -0.00432497 0.0120327 0.0351786 0.00498236 0.999369 -0.0392673 0.0 0.0 0.0 1.0
office/seq-10/color/frame-000170.color.png office/seq-10/color/frame-000172.color.png 0.999423 0.0165541 -0.0296511 0.054774 -0.0169122 0.999787 -0.0118673 0.0270029 0.0294484 0.0123619 0.99949 -0.0354794 0.0 0.0 0.0 1.0
office/seq-10/color/frame-000171.color.png office/seq-10/color/frame-000173.color.png 0.999474 0.00785967 -0.0314611 0.0557743 -0.0077847 0.999967 0.00250473 -0.0266899 0.0314799 -0.0022585 0.999502 -0.0480057 0.0 0.0 0.0 1.0
office/seq-10/color/frame-000172.color.png office/seq-10/color/frame-000174.color.png 0.999485 0.015459 -0.0280997 0.0419106 -0.0156046 0.999866 -0.00496892 0.0048309 0.0280191 0.00540487 0.999593 -0.0353152 0.0 0.0 0.0 1.0
office/seq-10/color/frame-000173.color.png office/seq-10/color/frame-000175.color.png 0.999242 0.0140509 -0.0363065 0.0586092 -0.0145017 0.999821 -0.012184 0.0186178 0.0361287 0.0127013 0.999267 -0.0468192 0.0 0.0 0.0 1.0
office/seq-10/color/frame-000174.color.png office/seq-10/color/frame-000176.color.png 0.999144 0.011425 -0.0397653 0.0715461 -0.0119924 0.999829 -0.0140592 0.0287527 0.0395979 0.014524 0.99911 -0.05295 0.0 0.0 0.0 1.0
office/seq-10/color/frame-000175.color.png office/seq-10/color/frame-000177.color.png 0.999408 0.0156951 -0.0306315 0.0539247 -0.0158097 0.999869 -0.00350276 0.0182803 0.0305725 0.00398492 0.999525 -0.0495863 0.0 0.0 0.0 1.0
