office/seq-10/color/frame-000002.color.png office/seq-10/color/frame-000005.color.png 0.99969 -0.0236108 0.0079188 0.00652827 0.0235797 0.999714 0.00399335 0.00611474 -0.00801082 -0.00380539 0.999961 0.00617635 0.0 0.0 0.0 1.0
office/seq-10/color/frame-000005.color.png office/seq-10/color/frame-000008.color.png 0.99989 -0.00963187 -0.0112483 0.00844352 0.00982274 0.999807 0.0170388 0.00267341 0.011082 -0.0171474 0.999792 0.0121912 0.0 0.0 0.0 1.0
office/seq-10/color/frame-000008.color.png office/seq-10/color/frame-000011.color.png 0.999702 -0.00557905 -0.023757 0.0276398 0.00626562 0.999562 0.0289239 -0.00724989 0.0235852 -0.0290641 0.999299 0.0244555 0.0 0.0 0.0 1.0
office/seq-10/color/frame-000011.color.png office/seq-10/color/frame-000014.color.png 0.999952 -0.000544826 -0.00979103 0.0231437 0.000790339 0.999685 0.0250895 -0.010933 0.00977427 -0.025096 0.999637 0.0331504 0.0 0.0 0.0 1.0
office/seq-10/color/frame-000014.color.png office/seq-10/color/frame-000017.color.png 0.999998 0.00125537 -0.00171144 0.0206223 -0.00125203 0.999997 0.00194694 -0.00633876 0.00171388 -0.00194477 0.999997 0.0213466 0.0 0.0 0.0 1.0
office/seq-10/color/frame-000017.color.png office/seq-10/color/frame-000020.color.png 0.999962 -0.00582696 -0.00646351 0.0217491 0.0059104 0.999899 0.0129674 -0.00931654 0.00638728 -0.0130051 0.999895 0.0242737 0.0 0.0 0.0 1.0
office/seq-10/color/frame-000020.color.png office/seq-10/color/frame-000023.color.png 0.99987 -0.0141064 -0.00776976 0.0447891 0.0141309 0.999895 0.00310617 -0.012418 0.00772513 -0.00321557 0.999965 0.0161939 0.0 0.0 0.0 1.0
office/seq-10/color/frame-000023.color.png office/seq-10/color/frame-000026.color.png 0.999997 -0.00199123 -0.00162006 0.0184346 0.0020072 0.999949 0.00991539 -0.0216692 0.00160023 -0.00991861 0.99995 0.0295057 0.0 0.0 0.0 1.0
office/seq-10/color/frame-000026.color.png office/seq-10/color/frame-000029.color.png 0.999981 -0.000862526 0.00613328 0.0297335 0.000863639 1.0 -0.000178813 -0.00449114 -0.00613311 0.000184107 0.999981 0.021887 0.0 0.0 0.0 1.0
office/seq-10/color/frame-000029.color.png office/seq-10/color/frame-000032.color.png 0.999999 -0.00176202 4.48221e-05 0.0274062 0.00176179 0.999986 0.00496561 -0.0113272 -5.35699e-05 -0.00496551 0.999988 0.0221716 0.0 0.0 0.0 1.0
office/seq-10/color/frame-000032.color.png office/seq-10/color/frame-000035.color.png 0.999862 -0.0129251 0.0104648 0.0202571 0.0127922 0.999838 0.0126675 -0.000168554 -0.0106268 -0.0125319 0.999865 0.0213169 0.0 0.0 0.0 1.0
office/seq-10/color/frame-000035.color.png office/seq-10/color/frame-000038.color.png 0.999992 0.00117673 0.00386789 0.0143186 -0.00121308 0.999955 0.00940711 -0.00927354 -0.00385663 -0.00941172 0.999948 0.0115157 0.0 0.0 0.0 1.0
office/seq-10/color/frame-000038.color.png office/seq-10/color/frame-000041.color.png 0.999957 0.00199663 0.00903959 0.0204101 -0.00220726 0.999725 0.0233507 -0.0228299 -0.00899049 -0.0233696 0.999686 0.0158392 0.0 0.0 0.0 1.0
office/seq-10/color/frame-000041.color.png office/seq-10/color/frame-000044.color.png 0.999977 0.0046312 0.00486477 0.0175369 -0.00466039 0.999971 0.00600631 -0.00684661 -0.00483681 -0.00602889 0.99997 0.00935489 0.0 0.0 0.0 1.0
office/seq-10/color/frame-000044.color.png office/seq-10/color/frame-000047.color.png 0.999754 0.000328253 0.0221566 0.0242439 -0.00045549 0.999983 0.0057378 -0.00897282 -0.0221544 -0.00574649 0.999738 0.0190281 0.0 0.0 0.0 1.0
office/seq-10/color/frame-000047.color.png office/seq-10/color/frame-000050.color.png 0.999494 -0.00963537 0.0303101 0.00912619 0.00912545 0.999815 0.0169174 -0.0123247 -0.0304675 -0.0166322 0.999397 0.0278691 0.0 0.0 0.0 1.0
office/seq-10/color/frame-000050.color.png office/seq-10/color/frame-000053.color.png 0.998665 -0.00602967 0.0512965 0.0262291 0.00545067 0.99992 0.0114199 -0.0173096 -0.0513612 -0.011125 0.998618 0.0255053 0.0 0.0 0.0 1.0
office/seq-10/color/frame-000053.color.png office/seq-10/color/frame-000056.color.png 0.99801 -0.0165591 0.060848 0.0241552 0.016682 0.99986 -0.00151396 -0.00909527 -0.0608144 0.00252599 0.998146 0.0530338 0.0 0.0 0.0 1.0
office/seq-10/color/frame-000056.color.png office/seq-10/color/frame-000059.color.png 0.999073 -0.00639333 0.0425731 0.0292042 0.00651857 0.999975 -0.00280327 -0.017669 -0.0425541 0.00307819 0.999089 0.026128 0.0 0.0 0.0 1.0
office/seq-10/color/frame-000059.color.png office/seq-10/color/frame-000062.color.png 0.998789 -0.00284851 0.0491164 0.0202473 0.00281168 0.999996 0.000819726 -0.0213867 -0.0491184 -0.000680635 0.998793 0.0349334 0.0 0.0 0.0 1.0
office/seq-10/color/frame-000062.color.png office/seq-10/color/frame-000065.color.png 0.999293 -0.00987257 0.0362709 -0.00473833 0.00975073 0.999946 0.00353399 -0.030552 -0.0363039 -0.00317785 0.999336 0.0395219 0.0 0.0 0.0 1.0
office/seq-10/color/frame-000065.color.png office/seq-10/color/frame-000068.color.png 0.999614 -0.0250051 0.0121043 0.0249716 0.0251143 0.999645 -0.0089585 -0.0184443 -0.0118759 0.00925905 0.999887 0.0176743 0.0 0.0 0.0 1.0
office/seq-10/color/frame-000068.color.png office/seq-10/color/frame-000071.color.png 0.999 -0.0226517 0.0385372 0.0107427 0.0223906 0.999723 0.00719307 -0.0357996 -0.0386895 -0.006323 0.999231 0.0313985 0.0 0.0 0.0 1.0
office/seq-10/color/frame-000071.color.png office/seq-10/color/frame-000074.color.png 0.998985 -0.032362 0.031349 0.0407236 0.0322283 0.999469 0.00476345 -0.0298071 -0.0314866 -0.0037483 0.999497 0.0348392 0.0 0.0 0.0 1.0
office/seq-10/color/frame-000074.color.png office/seq-10/color/frame-000077.color.png 0.998962 0.000936284 0.0455479 0.0232292 -0.00144461 0.999937 0.0111289 -0.0109221 -0.0455347 -0.0111831 0.9989 0.0365804 0.0 0.0 0.0 1.0
office/seq-10/color/frame-000077.color.png office/seq-10/color/frame-000080.color.png 0.99849 -0.00734049 0.0544332 0.0135992 0.00689517 0.999941 0.00836396 -0.0198122 -0.0544913 -0.00797601 0.998482 0.0616534 0.0 0.0 0.0 1.0
office/seq-10/color/frame-000080.color.png office/seq-10/color/frame-000083.color.png 0.999236 -0.00880275 0.038086 0.0225471 0.00874239 0.99996 0.00175138 -0.0210936 -0.0380998 -0.00141701 0.999273 0.0577706 0.0 0.0 0.0 1.0
office/seq-10/color/frame-000083.color.png office/seq-10/color/frame-000086.color.png 0.999278 -0.00848818 0.0370322 0.0405076 0.00904533 0.999848 -0.0149049 -0.0224436 -0.0369002 0.015229 0.999203 0.058246 0.0 0.0 0.0 1.0
office/seq-10/color/frame-000086.color.png office/seq-10/color/frame-000089.color.png 0.999346 -0.00473034 0.0358657 0.0151275 0.00545291 0.999784 -0.0200757 -0.00341785 -0.0357629 0.0202581 0.999155 0.060296 0.0 0.0 0.0 1.0
office/seq-10/color/frame-000089.color.png office/seq-10/color/frame-000092.color.png 0.999123 -0.0155946 0.0388565 -0.001333 0.0155836 0.999878 0.000587237 -0.0154683 -0.038861 1.87831e-05 0.999245 0.0550589 0.0 0.0 0.0 1.0
office/seq-10/color/frame-000092.color.png office/seq-10/color/frame-000095.color.png 0.999611 -0.0194842 0.0199464 0.0176488 0.0194753 0.99981 0.00063454 -0.0182698 -0.0199549 -0.000245745 0.999801 0.0455496 0.0 0.0 0.0 1.0
office/seq-10/color/frame-000095.color.png office/seq-10/color/frame-000098.color.png 0.999541 -0.0296094 0.00642988 0.0435497 0.0295786 0.999551 0.00483551 -0.0460531 -0.00657015 -0.00464311 0.999968 0.0308599 0.0 0.0 0.0 1.0
office/seq-10/color/frame-000098.color.png office/seq-10/color/frame-000101.color.png 0.999917 -0.0116311 -0.00557249 0.0148844 0.0117034 0.999846 0.0131034 -0.0305445 0.00541922 -0.0131675 0.999899 0.0185975 0.0 0.0 0.0 1.0
office/seq-10/color/frame-000101.color.png office/seq-10/color/frame-000104.color.png 0.999748 -0.00678473 -0.021404 0.0327318 0.00720005 0.999786 0.0193937 -0.028893 0.0212678 -0.0195429 0.999583 -0.00906342 0.0 0.0 0.0 1.0
office/seq-10/color/frame-000104.color.png office/seq-10/color/frame-000107.color.png 0.999825 -0.00594153 -0.017737 0.0288303 0.0062489 0.99983 0.0173233 -0.0229965 0.017631 -0.0174311 0.999692 0.00205213 0.0 0.0 0.0 1.0
office/seq-10/color/frame-000107.color.png office/seq-10/color/frame-000110.color.png 0.99993 0.00276545 -0.0115386 0.0264561 -0.00276402 0.999996 0.00014385 0.00521281 0.011539 -0.000111967 0.999933 0.00771397 0.0 0.0 0.0 1.0
office/seq-10/color/frame-000110.color.png office/seq-10/color/frame-000113.color.png 0.999505 0.00759673 -0.030535 0.0424643 -0.00810834 0.999828 -0.0166667 0.0296499 0.0304032 0.016906 0.999395 -0.00242287 0.0 0.0 0.0 1.0
office/seq-10/color/frame-000113.color.png office/seq-10/color/frame-000116.color.png 0.999621 -0.00351607 -0.0272919 0.0531189 0.00339026 0.999983 -0.00465462 0.00947636 0.0273077 0.0045603 0.999617 -0.013561 0.0 0.0 0.0 1.0
office/seq-10/color/frame-000116.color.png office/seq-10/color/frame-000119.color.png 0.99992 0.0126435 0.000122369 0.0388644 -0.0126436 0.99992 0.000821705 0.0245103 -0.000111976 -0.000823145 1.0 0.0135048 0.0 0.0 0.0 1.0
office/seq-10/color/frame-000119.color.png office/seq-10/color/frame-000122.color.png 0.999687 -0.00713854 -0.0239871 0.0524279 0.00669676 0.999807 -0.0184492 0.0126762 0.0241141 0.0182828 0.999542 -0.0169996 0.0 0.0 0.0 1.0
office/seq-10/color/frame-000122.color.png office/seq-10/color/frame-000125.color.png 0.99749 0.0292232 -0.064497 0.122377 -0.030101 0.999467 -0.012679 0.0574162 0.0640922 0.0145886 0.997837 -0.0538865 0.0 0.0 0.0 1.0
office/seq-10/color/frame-000125.color.png office/seq-10/color/frame-000128.color.png 0.999444 0.0300077 -0.0145474 0.0378618 -0.0295184 0.999027 0.0327552 0.00573835 0.0155161 -0.0323076 0.999358 -0.00841707 0.0 0.0 0.0 1.0
office/seq-10/color/frame-000128.color.png office/seq-10/color/frame-000131.color.png 0.99562 0.0409918 -0.0840313 0.121346 -0.0421252 0.999043 -0.0117579 0.0696685 0.0834689 0.0152462 0.996394 -0.0875624 0.0 0.0 0.0 1.0
office/seq-10/color/frame-000131.color.png office/seq-10/color/frame-000134.color.png 0.999791 0.0116617 -0.016786 0.0238854 -0.0115697 0.999918 0.00556361 0.0103604 0.0168495 -0.00536825 0.999844 -0.0115796 0.0 0.0 0.0 1.0
office/seq-10/color/frame-000134.color.png office/seq-10/color/frame-000137.color.png 0.996881 0.0244825 -0.0750199 0.0874928 -0.0214778 0.998945 0.0405995 -0.0206473 0.0759348 -0.0388616 0.996355 -0.0867368 0.0 0.0 0.0 1.0
office/seq-10/color/frame-000137.color.png office/seq-10/color/frame-000140.color.png 0.99934 -0.00553892 -0.0358912 0.0155975 0.00591966 0.999927 0.0105109 -0.0411007 0.0358303 -0.0107164 0.9993 -0.0476321 0.0 0.0 0.0 1.0
office/seq-10/color/frame-000140.color.png office/seq-10/color/frame-000143.color.png 0.995749 0.0216983 -0.0895158 0.0833119 -0.0193327 0.999443 0.0272103 -0.0365811 0.0900564 -0.025364 0.995614 -0.116737 0.0 0.0 0.0 1.0
office/seq-10/color/frame-000143.color.png office/seq-10/color/frame-000146.color.png 0.998016 0.0154376 -0.0610457 0.0418192 -0.0149427 0.999852 0.00855477 -0.0257323 0.0611687 -0.00762562 0.998098 -0.0821761 0.0 0.0 0.0 1.0
office/seq-10/color/frame-000146.color.png office/seq-10/color/frame-000149.color.png 0.997479 0.0291577 -0.0646895 0.0581489 -0.0293708 0.999566 -0.00234437 0.00982264 0.0645931 0.00423844 0.997903 -0.0878273 0.0 0.0 0.0 1.0
office/seq-10/color/frame-000149.color.png office/seq-10/color/frame-000152.color.png 0.997664 0.0195496 -0.0654543 0.0549008 -0.0198738 0.999793 -0.00430535 0.0115122 0.0653566 0.00559613 0.997846 -0.0755858 0.0 0.0 0.0 1.0
office/seq-10/color/frame-000152.color.png office/seq-10/color/frame-000155.color.png 0.997445 0.0255399 -0.0667178 0.0733546 -0.025605 0.999672 -0.000120241 0.00148645 0.0666929 0.00182827 0.997772 -0.060473 0.0 0.0 0.0 1.0
office/seq-10/color/frame-000155.color.png office/seq-10/color/frame-000158.color.png 0.999416 0.00700967 -0.0334568 0.0188687 -0.00733935 0.999926 -0.00974137 -0.017996 0.0333861 0.00998117 0.999393 -0.0284291 0.0 0.0 0.0 1.0
office/seq-10/color/frame-000158.color.png office/seq-10/color/frame-000161.color.png 0.9996 -0.00792935 -0.0271601 0.02552 0.00697764 0.999364 -0.0349579 -0.0215316 0.02742 0.0347544 0.99902 -0.0219361 0.0 0.0 0.0 1.0
office/seq-10/color/frame-000161.color.png office/seq-10/color/frame-000164.color.png 0.999287 0.00452351 -0.0374968 0.0530314 -0.00507978 0.999878 -0.014753 -0.016715 0.0374255 0.0149329 0.999188 -0.0421295 0.0 0.0 0.0 1.0
office/seq-10/color/frame-000164.color.png office/seq-10/color/frame-000167.color.png 0.999108 0.0159146 -0.0391014 0.0584892 -0.0167323 0.999646 -0.0206746 0.0206908 0.0387585 0.0213104 0.999021 -0.047846 0.0 0.0 0.0 1.0
office/seq-10/color/frame-000167.color.png office/seq-10/color/frame-000170.color.png 0.99842 0.0159606 -0.0538733 0.0849185 -0.0162068 0.99986 -0.00413557 0.00649947 0.0537998 0.00500214 0.998539 -0.0652682 0.0 0.0 0.0 1.0
office/seq-10/color/frame-000170.color.png office/seq-10/color/frame-000173.color.png 0.998703 0.0263552 -0.0435552 0.075971 -0.0268636 0.999577 -0.0111276 0.0215046 0.0432436 0.0122832 0.998989 -0.0584543 0.0 0.0 0.0 1.0
office/seq-10/color/frame-000173.color.png office/seq-10/color/frame-000176.color.png 0.998219 0.0207225 -0.05595 0.0948915 -0.0216882 0.999625 -0.0167079 0.031555 0.0555829 0.0178916 0.998294 -0.0687461 0.0 0.0 0.0 1.0
office/seq-10/color/frame-000176.color.png office/seq-10/color/frame-000179.color.png 0.997614 0.0247628 -0.0644441 0.109645 -0.0246668 0.999693 0.00228448 0.0100744 0.0644808 -0.000689429 0.997919 -0.0932912 0.0 0.0 0.0 1.0
office/seq-10/color/frame-000179.color.png office/seq-10/color/frame-000182.color.png 0.997956 0.020561 -0.060502 0.10215 -0.0201019 0.999764 0.00818774 -0.000598192 0.0606561 -0.00695471 0.998134 -0.0878143 0.0 0.0 0.0 1.0
office/seq-10/color/frame-000182.color.png office/seq-10/color/frame-000185.color.png 0.99867 0.0102576 -0.0505296 0.0757498 -0.00990896 0.999925 0.00714605 -0.00734007 0.0505992 -0.00663589 0.998697 -0.0932744 0.0 0.0 0.0 1.0
office/seq-10/color/frame-000185.color.png office/seq-10/color/frame-000188.color.png 0.999036 0.0123937 -0.0421081 0.0227969 -0.0121784 0.999911 0.00536624 0.0142301 0.0421709 -0.00484826 0.999099 -0.109069 0.0 0.0 0.0 1.0
office/seq-10/color/frame-000188.color.png office/seq-10/color/frame-000191.color.png 0.996162 0.00507223 -0.0873768 0.147461 -0.00344788 0.999819 0.0187313 -0.0466794 0.0874557 -0.0183581 0.995999 -0.105019 0.0 0.0 0.0 1.0
office/seq-10/color/frame-000191.color.png office/seq-10/color/frame-000194.color.png 0.998197 0.0114275 -0.0589303 0.0608647 -0.0113852 0.999935 0.00105323 0.0179126 0.0589386 -0.000380413 0.998261 -0.0959224 0.0 0.0 0.0 1.0
office/seq-10/color/frame-000194.color.png office/seq-10/color/frame-000197.color.png 0.997955 0.0124744 -0.0626875 0.0658827 -0.0128113 0.999906 -0.00497573 0.0334077 0.0626194 0.00576866 0.998021 -0.0871994 0.0 0.0 0.0 1.0
office/seq-10/color/frame-000197.color.png office/seq-10/color/frame-000200.color.png 0.99944 0.0192777 -0.0273451 0.00691891 -0.0193737 0.999807 -0.00324982 0.0222327 0.0272772 0.00377776 0.999621 -0.0542826 0.0 0.0 0.0 1.0
office/seq-10/color/frame-000200.color.png office/seq-10/color/frame-000203.color.png 0.99955 0.0117776 -0.027585 0.0117124 -0.0117584 0.999931 0.000860205 0.0138571 0.0275932 -0.000535441 0.999619 -0.0527277 0.0 0.0 0.0 1.0
office/seq-10/color/frame-000203.color.png office/seq-10/color/frame-000206.color.png 0.998889 -0.0075137 -0.0465134 0.0845835 0.00784427 0.999945 0.00692735 -0.0185584 0.0464589 -0.00728455 0.998894 -0.0507526 0.0 0.0 0.0 1.0
office/seq-10/color/frame-000206.color.png office/seq-10/color/frame-000209.color.png 0.999891 -0.000602048 -0.0147363 -0.0136043 0.000730529 0.999962 0.008723 -0.0144924 0.0147305 -0.00873284 0.999853 -0.0543962 0.0 0.0 0.0 1.0
office/seq-10/color/frame-000209.color.png office/seq-10/color/frame-000212.color.png 0.999914 0.00292482 -0.012802 0.00367236 -0.0028788 0.999989 0.00360872 0.00715864 0.0128123 -0.00357157 0.999912 -0.0314592 0.0 0.0 0.0 1.0
office/seq-10/color/frame-000212.color.png office/seq-10/color/frame-000215.color.png 0.999862 0.00355163 -0.0162314 0.00744152 -0.00340468 0.999953 0.0090693 0.00232071 0.0162628 -0.00901273 0.999827 -0.0429318 0.0 0.0 0.0 1.0
office/seq-10/color/frame-000215.color.png office/seq-10/color/frame-000218.color.png 0.999768 0.0023529 -0.0214203 0.0167028 -0.00218109 0.999965 0.00804343 0.00986809 0.0214386 -0.00799489 0.999738 -0.0464988 0.0 0.0 0.0 1.0
office/seq-10/color/frame-000218.color.png office/seq-10/color/frame-000221.color.png 0.999758 0.00107281 -0.0219749 0.0104001 -0.00088824 0.999964 0.00840397 -0.00337023 0.0219832 -0.0083824 0.999723 -0.0396322 0.0 0.0 0.0 1.0
office/seq-10/color/frame-000221.color.png office/seq-10/color/frame-000224.color.png 0.999757 -0.0104699 -0.0193839 -0.0181413 0.010448 0.999945 -0.00123178 0.00233859 0.0193958 0.00102895 0.999811 -0.0558429 0.0 0.0 0.0 1.0
office/seq-10/color/frame-000224.color.png office/seq-10/color/frame-000227.color.png 0.998926 -0.00911469 -0.045433 0.0267724 0.00903584 0.999957 -0.00194105 -0.0114514 0.0454487 0.00152843 0.998965 -0.0533487 0.0 0.0 0.0 1.0
office/seq-10/color/frame-000227.color.png office/seq-10/color/frame-000230.color.png 0.999446 -0.0140801 -0.0301599 0.0131888 0.0135936 0.999775 -0.0162753 -0.00977695 0.0303822 0.0158563 0.999412 -0.0385296 0.0 0.0 0.0 1.0
office/seq-10/color/frame-000230.color.png office/seq-10/color/frame-000233.color.png 0.998145 -0.0018093 -0.0608499 0.0546941 0.000729206 0.999842 -0.0177682 0.015186 0.0608725 0.0176908 0.997989 -0.0820901 0.0 0.0 0.0 1.0
office/seq-10/color/frame-000233.color.png office/seq-10/color/frame-000236.color.png 0.998052 0.0133083 -0.060944 0.0484264 -0.0143901 0.999746 -0.0173472 0.0305416 0.0606976 0.0181904 0.99799 -0.0731684 0.0 0.0 0.0 1.0
office/seq-10/color/frame-000236.color.png office/seq-10/color/frame-000239.color.png 0.998211 0.00989121 -0.0589617 0.0480042 -0.0111981 0.999698 -0.0218741 0.0308151 0.0587275 0.0224952 0.998021 -0.0721793 0.0 0.0 0.0 1.0
office/seq-10/color/frame-000239.color.png office/seq-10/color/frame-000242.color.png 0.998266 0.00846705 -0.0582508 0.0518118 -0.00883389 0.999943 -0.00604292 0.0191959 0.0581963 0.00654703 0.998284 -0.0720387 0.0 0.0 0.0 1.0
office/seq-10/color/frame-000242.color.png office/seq-10/color/frame-000245.color.png 0.997466 0.0172621 -0.0690236 0.0631918 -0.0168835 0.999839 0.00606359 0.0307436 0.0691172 -0.00488282 0.997597 -0.0869877 0.0 0.0 0.0 1.0
office/seq-10/color/frame-000245.color.png office/seq-10/color/frame-000248.color.png 0.998628 0.0201369 -0.0483409 0.034114 -0.0198055 0.999777 0.00732593 0.0269369 0.0484776 -0.00635849 0.998804 -0.0704822 0.0 0.0 0.0 1.0
office/seq-10/color/frame-000248.color.png office/seq-10/color/frame-000251.color.png 0.99894 0.0115411 -0.0445526 0.037876 -0.0115822 0.999933 -0.000667013 0.0205519 0.044542 0.0011823 0.999007 -0.0585844 0.0 0.0 0.0 1.0
office/seq-10/color/frame-000251.color.png office/seq-10/color/frame-000254.color.png 0.998724 0.0223247 -0.045301 0.0377399 -0.0222511 0.99975 0.00213061 0.0312414 0.0453373 -0.00111989 0.998971 -0.0565563 0.0 0.0 0.0 1.0
office/seq-10/color/frame-000254.color.png office/seq-10/color/frame-000257.color.png 0.99946 0.0164648 -0.0284162 0.0188881 -0.0163441 0.999856 0.00447375 0.0299987 0.0284858 -0.00400694 0.999586 -0.0399069 0.0 0.0 0.0 1.0
office/seq-10/color/frame-000257.color.png office/seq-10/color/frame-000260.color.png 0.999332 0.023723 -0.0278028 0.0129126 -0.0227078 0.999084 0.0362803 0.0192766 0.028638 -0.0356247 0.998955 -0.0748016 0.0 0.0 0.0 1.0
office/seq-10/color/frame-000260.color.png office/seq-10/color/frame-000263.color.png 0.999578 0.0143208 -0.0252888 0.00881565 -0.0116707 0.994716 0.102 -0.0702773 0.0266159 -0.101662 0.994463 -0.0949886 0.0 0.0 0.0 1.0
office/seq-10/color/frame-000263.color.png office/seq-10/color/frame-000266.color.png 0.999938 -0.00710943 0.0086275 -0.0546161 0.00596289 0.991972 0.126317 -0.100756 -0.00945626 -0.126258 0.991952 -0.058566 0.0 0.0 0.0 1.0
office/seq-10/color/frame-000266.color.png office/seq-10/color/frame-000269.color.png 0.998669 -0.0216601 0.0468123 -0.0498843 0.0199797 0.999149 0.0360716 -0.0792471 -0.0475538 -0.0350883 0.998252 0.0958338 0.0 0.0 0.0 1.0
office/seq-10/color/frame-000269.color.png office/seq-10/color/frame-000272.color.png 0.991996 -0.0358814 0.121061 -0.12432 0.0412705 0.998252 -0.0423055 0.00346452 -0.119331 0.0469631 0.991743 0.220738 0.0 0.0 0.0 1.0
office/seq-10/color/frame-000272.color.png office/seq-10/color/frame-000275.color.png 0.993352 -0.0301771 0.111091 -0.116058 0.0361878 0.997966 -0.0524921 -0.0171257 -0.109281 0.0561632 0.992423 0.157715 0.0 0.0 0.0 1.0
office/seq-10/color/frame-000275.color.png office/seq-10/color/frame-000278.color.png 0.99689 -0.026608 0.0741728 -0.0939243 0.0287924 0.999178 -0.0285387 -0.0220804 -0.0733524 0.0305856 0.996837 0.0989113 0.0 0.0 0.0 1.0
office/seq-10/color/frame-000278.color.png office/seq-10/color/frame-000281.color.png 0.997624 -0.0158801 0.0670422 -0.0829214 0.0202031 0.997726 -0.064305 0.0131689 -0.0658687 0.0655067 0.995676 0.113777 0.0 0.0 0.0 1.0
office/seq-10/color/frame-000281.color.png office/seq-10/color/frame-000284.color.png 0.998295 0.00690876 0.0579589 -0.0599085 -0.00275869 0.997445 -0.0713809 0.0607669 -0.0583039 0.0710993 0.995764 0.0897232 0.0 0.0 0.0 1.0
office/seq-10/color/frame-000284.color.png office/seq-10/color/frame-000287.color.png 0.99797 0.0119154 0.0625554 -0.066805 -0.00834031 0.998334 -0.0571036 0.0468751 -0.0631315 0.0564659 0.996407 0.0744928 0.0 0.0 0.0 1.0
office/seq-10/color/frame-000287.color.png office/seq-10/color/frame-000290.color.png 0.998822 -0.00180529 0.0484987 -0.0604491 0.00394165 0.999024 -0.0439908 0.0310181 -0.048372 0.0441302 0.997854 0.0653213 0.0 0.0 0.0 1.0
office/seq-10/color/frame-000290.color.png office/seq-10/color/frame-000293.color.png 0.998914 0.00378989 0.0464285 -0.0434159 -0.00241792 0.99956 -0.0295705 0.0162265 -0.0465201 0.0294261 0.998484 0.0425894 0.0 0.0 0.0 1.0
office/seq-10/color/frame-000293.color.png office/seq-10/color/frame-000296.color.png 0.999312 0.00584905 0.0366239 -0.0307804 -0.00508767 0.99977 -0.0208496 -0.000715435 -0.0367374 0.0206489 0.999112 0.0332019 0.0 0.0 0.0 1.0
office/seq-10/color/frame-000296.color.png office/seq-10/color/frame-000299.color.png 0.999385 -0.00736799 0.0342757 -0.0320412 0.00803423 0.999781 -0.019341 0.00215971 -0.0341257 0.0196045 0.999225 0.00885314 0.0 0.0 0.0 1.0
office/seq-10/color/frame-000299.color.png office/seq-10/color/frame-000302.color.png 0.999806 -0.0132112 0.0146274 -0.018332 0.013229 0.999912 -0.00111725 -0.0316103 -0.0146112 0.00131044 0.999893 0.0133261 0.0 0.0 0.0 1.0
office/seq-10/color/frame-000302.color.png office/seq-10/color/frame-000305.color.png 0.999655 -0.020335 0.0166483 -0.0102377 0.0203219 0.999793 0.000953809 -0.0258763 -0.0166644 -0.000615112 0.999861 0.014738 0.0 0.0 0.0 1.0
office/seq-10/color/frame-000305.color.png office/seq-10/color/frame-000308.color.png 0.998551 -0.0233525 0.0484863 -0.0234874 0.0230614 0.999713 0.00655533 -0.0539955 -0.0486253 -0.00542771 0.998802 0.0590334 0.0 0.0 0.0 1.0
office/seq-10/color/frame-000308.color.png office/seq-10/color/frame-000311.color.png 0.998154 -0.0253211 0.0552066 -0.0132095 0.0248795 0.999653 0.00867234 -0.0495576 -0.055407 -0.00728282 0.998437 0.0599169 0.0 0.0 0.0 1.0
office/seq-10/color/frame-000311.color.png office/seq-10/color/frame-000314.color.png 0.997922 -0.0219692 0.0605757 -0.00689483 0.0207348 0.999566 0.0209329 -0.0232133 -0.0610093 -0.0196334 0.997944 0.0615023 0.0 0.0 0.0 1.0
office/seq-10/color/frame-000314.color.png office/seq-10/color/frame-000317.color.png 0.998447 -0.0110552 0.0545998 -0.0254502 0.00989175 0.999719 0.0215325 -0.0039925 -0.0548224 -0.020959 0.998276 0.0426558 0.0 0.0 0.0 1.0
office/seq-10/color/frame-000317.color.png office/seq-10/color/frame-000320.color.png 0.997078 0.00652151 0.0761142 -0.0535527 -0.012629 0.996712 0.0800382 -0.0428019 -0.0753421 -0.0807656 0.993882 0.00728908 0.0 0.0 0.0 1.0
office/seq-10/color/frame-000320.color.png office/seq-10/color/frame-000323.color.png 0.999128 -0.00858163 0.0408582 -0.00885832 0.00635565 0.998504 0.0543019 -0.0355065 -0.0412632 -0.0539949 0.997688 0.0361303 0.0 0.0 0.0 1.0
office/seq-10/color/frame-000323.color.png office/seq-10/color/frame-000326.color.png 0.999504 -0.00718972 0.030675 -0.00368607 0.00619571 0.999456 0.0323783 -0.0145555 -0.030891 -0.0321722 0.999005 0.0273182 0.0 0.0 0.0 1.0
office/seq-10/color/frame-000326.color.png office/seq-10/color/frame-000329.color.png 0.999709 -0.00374757 0.0238291 0.00883508 0.00245631 0.998539 0.0539878 -0.0577396 -0.0239967 -0.0539136 0.998257 0.0186749 0.0 0.0 0.0 1.0
office/seq-10/color/frame-000329.color.png office/seq-10/color/frame-000332.color.png 0.999695 0.00451843 0.0242786 -0.0158659 -0.00602237 0.998043 0.0622357 -0.058228 -0.0239499 -0.0623629 0.997766 0.0072242 0.0 0.0 0.0 1.0
office/seq-10/color/frame-000332.color.png office/seq-10/color/frame-000335.color.png 0.999889 0.00401646 0.0143421 -0.0163165 -0.00414168 0.999953 0.00871113 0.00348294 -0.0143065 -0.00876951 0.999859 0.0142072 0.0 0.0 0.0 1.0
office/seq-10/color/frame-000335.color.png office/seq-10/color/frame-000338.color.png 0.999894 -0.000776851 0.0145361 -0.0119861 0.000676424 0.999976 0.00691333 0.00596273 -0.014541 -0.00690283 0.99987 0.0108736 0.0 0.0 0.0 1.0
office/seq-10/color/frame-000338.color.png office/seq-10/color/frame-000341.color.png 0.999913 -0.00532113 0.0120938 -0.0108429 0.00513835 0.999873 0.0150946 -0.0285005 -0.0121726 -0.0150311 0.999813 0.0209504 0.0 0.0 0.0 1.0
office/seq-10/color/frame-000341.color.png office/seq-10/color/frame-000344.color.png 0.999938 -0.00559437 0.00963243 -0.039306 0.00549679 0.999934 0.0101286 -0.0636221 -0.00968852 -0.010075 0.999902 0.0290704 0.0 0.0 0.0 1.0
office/seq-10/color/frame-000344.color.png office/seq-10/color/frame-000347.color.png 0.998931 -0.0230709 -0.0400612 0.00742316 0.0225936 0.999669 -0.0123255 -0.0272077 0.0403323 0.0114072 0.999121 -0.0323792 0.0 0.0 0.0 1.0
office/seq-10/color/frame-000347.color.png office/seq-10/color/frame-000350.color.png 0.997523 -0.0134511 -0.0690415 0.0196241 0.0131334 0.999901 -0.00505265 -0.0430857 0.0691026 0.00413341 0.997601 -0.0502715 0.0 0.0 0.0 1.0
office/seq-10/color/frame-000350.color.png office/seq-10/color/frame-000353.color.png 0.998057 -0.00872257 -0.0616908 0.0205786 0.0075096 0.999775 -0.0198672 0.0297042 0.0618502 0.0193652 0.997897 -0.0506908 0.0 0.0 0.0 1.0
office/seq-10/color/frame-000353.color.png office/seq-10/color/frame-000356.color.png 0.998596 0.00959996 -0.0520888 0.0082413 -0.0099946 0.999923 -0.00732054 -0.0107233 0.0520145 0.00783098 0.998616 -0.0424234 0.0 0.0 0.0 1.0
office/seq-10/color/frame-000356.color.png office/seq-10/color/frame-000359.color.png 0.998155 0.0108119 -0.059745 0.0359915 -0.0112599 0.999911 -0.00716796 0.0160728 0.0596621 0.00782737 0.998188 -0.0275412 0.0 0.0 0.0 1.0
office/seq-10/color/frame-000359.color.png office/seq-10/color/frame-000362.color.png 0.998981 0.00975419 -0.0440679 0.0251631 -0.00999538 0.999936 -0.00525541 0.0135145 0.044014 0.00569058 0.999015 -0.0386721 0.0 0.0 0.0 1.0
office/seq-10/color/frame-000362.color.png office/seq-10/color/frame-000365.color.png 0.996636 0.0267011 -0.0774807 0.0168489 -0.0259259 0.999603 0.010994 0.00860167 0.0777436 -0.00894825 0.996933 -0.0793118 0.0 0.0 0.0 1.0
office/seq-10/color/frame-000365.color.png office/seq-10/color/frame-000368.color.png 0.998316 0.0116643 -0.056822 0.0271341 -0.0117101 0.999931 -0.000472531 0.0121794 0.0568125 0.00113713 0.998384 -0.038917 0.0 0.0 0.0 1.0
office/seq-10/color/frame-000368.color.png office/seq-10/color/frame-000371.color.png 0.997862 0.0257725 -0.060055 0.021642 -0.0257317 0.999668 0.00145423 0.0243875 0.0600725 9.41822e-05 0.998194 -0.0591613 0.0 0.0 0.0 1.0
office/seq-10/color/frame-000371.color.png office/seq-10/color/frame-000374.color.png 0.998255 0.020844 -0.0552539 0.0157701 -0.0204559 0.999762 0.00757754 0.0214381 0.0553987 -0.00643401 0.998444 -0.0664028 0.0 0.0 0.0 1.0
office/seq-10/color/frame-000374.color.png office/seq-10/color/frame-000377.color.png 0.99764 0.016388 -0.0666833 0.0156834 -0.0159992 0.999852 0.0063622 0.0186781 0.0667776 -0.00528035 0.997754 -0.0741464 0.0 0.0 0.0 1.0
office/seq-10/color/frame-000377.color.png office/seq-10/color/frame-000380.color.png 0.997074 0.00765035 -0.0760622 0.0167323 -0.00799198 0.999959 -0.00418739 0.0169165 0.076027 0.00478308 0.997094 -0.0689768 0.0 0.0 0.0 1.0
office/seq-10/color/frame-000380.color.png office/seq-10/color/frame-000383.color.png 0.997115 0.0101492 -0.0752217 -0.00592417 -0.0105697 0.999931 -0.00519448 0.0232584 0.0751637 0.00597454 0.997153 -0.0896741 0.0 0.0 0.0 1.0
office/seq-10/color/frame-000383.color.png office/seq-10/color/frame-000386.color.png 0.997298 0.00550136 -0.0732489 0.00508839 -0.00492585 0.999955 0.00803541 0.023921 0.0732899 -0.00765289 0.997281 -0.0727409 0.0 0.0 0.0 1.0
office/seq-10/color/frame-000386.color.png office/seq-10/color/frame-000389.color.png 0.998919 0.0156327 -0.0437784 -0.00626993 -0.0153689 0.999862 0.00635544 0.016445 0.0438718 -0.00567575 0.999021 -0.0377362 0.0 0.0 0.0 1.0
office/seq-10/color/frame-000389.color.png office/seq-10/color/frame-000392.color.png 0.999201 0.00118795 -0.0399481 -0.0180017 -0.00117801 0.999999 0.000272177 0.0291057 0.0399484 -0.000224913 0.999202 -0.0309373 0.0 0.0 0.0 1.0
office/seq-10/color/frame-000392.color.png office/seq-10/color/frame-000395.color.png 0.999352 0.0224022 -0.0281667 -0.00970644 -0.022302 0.999744 0.00386363 0.0231527 0.028246 -0.00323296 0.999596 -0.0393486 0.0 0.0 0.0 1.0
office/seq-10/color/frame-000395.color.png office/seq-10/color/frame-000398.color.png 0.999075 0.0209931 -0.0375182 -0.0138759 -0.0211534 0.999769 -0.00388015 0.0204815 0.0374281 0.0046702 0.999288 -0.0465263 0.0 0.0 0.0 1.0
office/seq-10/color/frame-000398.color.png office/seq-10/color/frame-000401.color.png 0.998966 0.00100707 -0.0454623 -0.00430426 -0.00103629 0.999999 -0.000618208 0.026755 0.0454616 0.000664698 0.998966 -0.0212484 0.0 0.0 0.0 1.0
office/seq-10/color/frame-000401.color.png office/seq-10/color/frame-000404.color.png 0.999115 0.0243107 -0.0343306 -0.0356577 -0.0247541 0.999615 -0.0125495 0.0101138 0.0340123 0.0133882 0.999332 -0.0572549 0.0 0.0 0.0 1.0
office/seq-10/color/frame-000404.color.png office/seq-10/color/frame-000407.color.png 0.999217 -0.00020065 -0.0395595 -0.030727 0.000312128 0.999996 0.00281052 0.014009 0.0395588 -0.00282065 0.999213 -0.0132946 0.0 0.0 0.0 1.0
office/seq-10/color/frame-000407.color.png office/seq-10/color/frame-000410.color.png 0.999967 -0.00600249 0.00541514 -0.0551428 0.00595417 0.999943 0.00889687 -0.00842065 -0.00546824 -0.00886434 0.999946 -0.00171864 0.0 0.0 0.0 1.0
office/seq-10/color/frame-000410.color.png office/seq-10/color/frame-000413.color.png 0.999836 -0.0104236 0.0148098 -0.0398894 0.0102659 0.99989 0.0106855 0.000616908 -0.0149195 -0.0105318 0.999833 0.0110492 0.0 0.0 0.0 1.0
office/seq-10/color/frame-000413.color.png office/seq-10/color/frame-000416.color.png 0.998801 -0.0115882 0.0475672 -0.0680036 0.0119795 0.999897 -0.00794824 0.00595134 -0.0474701 0.00850854 0.998837 0.018249 0.0 0.0 0.0 1.0
office/seq-10/color/frame-000416.color.png office/seq-10/color/frame-000419.color.png 0.998845 -0.00620092 0.0476521 -0.051252 0.00644616 0.999967 -0.00499496 0.00156385 -0.0476196 0.00529636 0.998852 0.00862372 0.0 0.0 0.0 1.0
office/seq-10/color/frame-000419.color.png office/seq-10/color/frame-000422.color.png 0.998512 -0.0205361 0.0505261 -0.0496189 0.0202604 0.999777 0.00596228 0.00206214 -0.0506373 -0.00492972 0.998705 0.0281622 0.0 0.0 0.0 1.0
office/seq-10/color/frame-000422.color.png office/seq-10/color/frame-000425.color.png 0.996113 -0.0247282 0.0845412 -0.0786466 0.0251707 0.999674 -0.00417227 -0.000107646 -0.0844106 0.00628402 0.996411 0.00301749 0.0 0.0 0.0 1.0
office/seq-10/color/frame-000425.color.png office/seq-10/color/frame-000428.color.png 0.995671 -0.0012453 0.0929427 -0.0536291 0.00299579 0.999821 -0.018696 -0.0416015 -0.0929027 0.0188935 0.995496 -0.00105411 0.0 0.0 0.0 1.0
office/seq-10/color/frame-000428.color.png office/seq-10/color/frame-000431.color.png 0.993055 -0.0158434 0.116581 -0.086102 0.0142575 0.999794 0.0144245 -0.0087477 -0.116785 -0.0126621 0.993076 0.0163276 0.0 0.0 0.0 1.0
office/seq-10/color/frame-000431.color.png office/seq-10/color/frame-000434.color.png 0.997778 -0.0215948 0.0630341 -0.0484595 0.0207517 0.999687 0.0139984 -0.00708932 -0.0633167 -0.0126593 0.997913 -0.00296175 0.0 0.0 0.0 1.0
office/seq-10/color/frame-000434.color.png office/seq-10/color/frame-000437.color.png 0.996599 -0.0116736 0.0815686 -0.052863 0.0106768 0.999863 0.0126457 -0.00874037 -0.0817049 -0.0117318 0.996588 0.0111973 0.0 0.0 0.0 1.0
office/seq-10/color/frame-000437.color.png office/seq-10/color/frame-000440.color.png 0.996032 -0.0211235 0.0864506 -0.0497642 0.0196745 0.999652 0.017579 -0.0033707 -0.0867917 -0.0158084 0.996101 0.00819135 0.0 0.0 0.0 1.0
office/seq-10/color/frame-000440.color.png office/seq-10/color/frame-000443.color.png 0.994739 -0.0177444 0.100897 -0.0561603 0.0171342 0.999829 0.00691082 -0.0206363 -0.101002 -0.00514581 0.994873 0.00300825 0.0 0.0 0.0 1.0
office/seq-10/color/frame-000443.color.png office/seq-10/color/frame-000446.color.png 0.998433 -0.0209542 0.0518841 -0.00472453 0.0205387 0.999753 0.00852893 -0.0142148 -0.05205 -0.0074498 0.998617 0.00490934 0.0 0.0 0.0 1.0
office/seq-10/color/frame-000446.color.png office/seq-10/color/frame-000449.color.png 0.99579 0.00304356 0.091617 -0.063054 -0.000546166 0.999628 -0.0272722 0.00518572 -0.091666 0.0271073 0.995421 -0.0450769 0.0 0.0 0.0 1.0
office/seq-10/color/frame-000449.color.png office/seq-10/color/frame-000452.color.png 0.99704 -0.017225 0.0749295 -0.0395312 0.017485 0.999843 -0.0028166 -0.00617886 -0.0748693 0.00411844 0.997185 -0.00452968 0.0 0.0 0.0 1.0
office/seq-10/color/frame-000452.color.png office/seq-10/color/frame-000455.color.png 0.998032 -0.0108095 0.0617629 -0.0313959 0.0102459 0.999903 0.00943438 -0.0149603 -0.0618589 -0.00878301 0.998046 -0.00544369 0.0 0.0 0.0 1.0
office/seq-10/color/frame-000455.color.png office/seq-10/color/frame-000458.color.png 0.998139 -0.0147906 0.0591666 -0.0221655 0.0142032 0.999846 0.0103362 -0.0254971 -0.0593104 -0.00947668 0.998195 0.00479269 0.0 0.0 0.0 1.0
office/seq-10/color/frame-000458.color.png office/seq-10/color/frame-000461.color.png 0.997834 -0.0125674 0.0645687 -0.0286075 0.0122137 0.999908 0.00587082 -0.0237205 -0.0646365 -0.00506951 0.997896 0.00225493 0.0 0.0 0.0 1.0
office/seq-10/color/frame-000461.color.png office/seq-10/color/frame-000464.color.png 0.99862 -0.0123839 0.0510402 -0.031175 0.0120024 0.999898 0.00777434 -0.0277297 -0.0511313 -0.00715099 0.998666 0.00633726 0.0 0.0 0.0 1.0
office/seq-10/color/frame-000464.color.png office/seq-10/color/frame-000467.color.png 0.99862 -0.0106711 0.0514167 -0.044575 0.0099983 0.999861 0.0133242 -0.0143117 -0.0515518 -0.0127918 0.998588 0.00454322 0.0 0.0 0.0 1.0
office/seq-10/color/frame-000467.color.png office/seq-10/color/frame-000470.color.png 0.999653 -0.0190207 0.0182447 -0.0167372 0.0185299 0.999472 0.0267039 -0.0364184 -0.018743 -0.0263564 0.999477 -0.00128075 0.0 0.0 0.0 1.0
office/seq-10/color/frame-000470.color.png office/seq-10/color/frame-000473.color.png 0.998794 -0.0127873 0.0474071 -0.0658163 0.0130533 0.999901 -0.00530436 0.0293235 -0.0473345 0.00591673 0.998861 0.0318785 0.0 0.0 0.0 1.0
office/seq-10/color/frame-000473.color.png office/seq-10/color/frame-000476.color.png 0.999663 -0.0169688 0.019617 -0.0237303 0.0167066 0.99977 0.0134576 -0.0111758 -0.0198409 -0.0131252 0.999717 0.0116462 0.0 0.0 0.0 1.0
office/seq-10/color/frame-000476.color.png office/seq-10/color/frame-000479.color.png 0.99885 -0.0148325 0.0455983 -0.0323799 0.0146851 0.999886 0.00356327 -0.000571489 -0.0456459 -0.00288965 0.998953 0.0435606 0.0 0.0 0.0 1.0
office/seq-10/color/frame-000479.color.png office/seq-10/color/frame-000482.color.png 0.99961 -0.0228834 0.0159874 -0.020809 0.0228677 0.999738 0.00116456 -0.00854832 -0.0160099 -0.0007985 0.999872 0.0307989 0.0 0.0 0.0 1.0
office/seq-10/color/frame-000482.color.png office/seq-10/color/frame-000485.color.png 0.999658 -0.00386926 0.0258533 -0.00560045 0.00362096 0.999947 0.00964543 -0.0282077 -0.0258893 -0.00954855 0.999619 0.0375151 0.0 0.0 0.0 1.0
office/seq-10/color/frame-000485.color.png office/seq-10/color/frame-000488.color.png 0.999452 -0.0293321 0.0153492 -0.007929 0.0295927 0.999417 -0.0170336 -0.00157517 -0.0148406 0.0174785 0.999737 0.0487984 0.0 0.0 0.0 1.0
office/seq-10/color/frame-000488.color.png office/seq-10/color/frame-000491.color.png 0.999885 -0.0140715 0.00565045 0.00499219 0.014091 0.999895 -0.003437 -0.0209606 -0.00560145 0.00351618 0.999978 0.0276961 0.0 0.0 0.0 1.0
office/seq-10/color/frame-000491.color.png office/seq-10/color/frame-000494.color.png 0.999746 -0.0196127 0.0111403 -0.00857371 0.0197182 0.999761 -0.00944332 0.0046863 -0.0109524 0.00966067 0.999893 0.0347288 0.0 0.0 0.0 1.0
office/seq-10/color/frame-000494.color.png office/seq-10/color/frame-000497.color.png 0.99986 -0.0165534 -0.00227143 0.017374 0.0165301 0.999814 -0.00993525 0.00846928 0.00243548 0.00989628 0.999948 0.0324425 0.0 0.0 0.0 1.0
office/seq-10/color/frame-000497.color.png office/seq-10/color/frame-000500.color.png 0.999737 -0.0143709 0.017894 -0.00450358 0.0146026 0.99981 -0.0128863 -0.000774264 -0.0177054 0.0131442 0.999757 0.0561044 0.0 0.0 0.0 1.0
office/seq-10/color/frame-000500.color.png office/seq-10/color/frame-000503.color.png 0.999852 -0.00843874 0.0150223 0.0274592 0.00838638 0.999958 0.00354435 -0.0169555 -0.0150516 -0.00341786 0.999881 0.0252782 0.0 0.0 0.0 1.0
office/seq-10/color/frame-000503.color.png office/seq-10/color/frame-000506.color.png 0.999332 -0.0146327 0.0334842 -0.0329564 0.0145815 0.999892 0.00177595 0.00355804 -0.0335066 -0.00128649 0.999438 0.0341887 0.0 0.0 0.0 1.0
office/seq-10/color/frame-000506.color.png office/seq-10/color/frame-000509.color.png 0.999116 -0.0255811 0.0333533 -0.0313631 0.0253932 0.999659 0.00604392 0.000559509 -0.0334966 -0.00519163 0.999425 0.0352411 0.0 0.0 0.0 1.0
office/seq-10/color/frame-000509.color.png office/seq-10/color/frame-000512.color.png 0.999889 -0.0129671 0.00734068 0.014428 0.0129063 0.999882 0.00828354 -0.0251812 -0.00744725 -0.00818788 0.999939 0.0136687 0.0 0.0 0.0 1.0
office/seq-10/color/frame-000512.color.png office/seq-10/color/frame-000515.color.png 0.999159 -0.0134015 0.0387548 -0.0159383 0.0136276 0.999892 -0.00557561 0.00149751 -0.0386759 0.00609907 0.999233 0.0416966 0.0 0.0 0.0 1.0
office/seq-10/color/frame-000515.color.png office/seq-10/color/frame-000518.color.png 0.998996 -0.0018458 0.0447621 -0.0024423 0.00236717 0.99993 -0.0115982 0.00169897 -0.0447375 0.0116924 0.99893 0.0356673 0.0 0.0 0.0 1.0
office/seq-10/color/frame-000518.color.png office/seq-10/color/frame-000521.color.png 0.999181 -0.0113603 0.0388323 -0.0301896 0.0120626 0.999767 -0.0178987 0.0333968 -0.03862 0.0183524 0.999085 0.0395108 0.0 0.0 0.0 1.0
office/seq-10/color/frame-000521.color.png office/seq-10/color/frame-000524.color.png 0.998765 -0.00343894 0.0495587 -0.00897598 0.00421759 0.999869 -0.0156161 0.00370377 -0.0494985 0.0158058 0.998649 0.0417449 0.0 0.0 0.0 1.0
office/seq-10/color/frame-000524.color.png office/seq-10/color/frame-000527.color.png 0.999823 -0.0133583 0.0132417 0.0252652 0.0135855 0.99976 -0.0172111 -0.000949621 -0.0130086 0.0173879 0.999764 0.0326741 0.0 0.0 0.0 1.0
office/seq-10/color/frame-000527.color.png office/seq-10/color/frame-000530.color.png 0.999115 -0.000785001 0.0420643 -0.0190436 0.00104867 0.99998 -0.00624668 0.000376642 -0.0420586 0.00628529 0.999095 0.0340427 0.0 0.0 0.0 1.0
office/seq-10/color/frame-000530.color.png office/seq-10/color/frame-000533.color.png 0.999811 -0.00579612 0.0185557 0.0441594 0.005957 0.999945 -0.00862967 -0.00568873 -0.0185046 0.00873853 0.999791 0.0149052 0.0 0.0 0.0 1.0
