office/seq-10/color/frame-000001.color.png office/seq-10/color/frame-000004.color.png 0.999975 -0.00605868 0.0036828 0.0104362 0.00607088 0.999976 -0.00330869 0.000720205 -0.00366266 0.00333097 0.999988 -0.000352135 0.0 0.0 0.0 1.0
office/seq-10/color/frame-000004.color.png office/seq-10/color/frame-000007.color.png 0.999666 -0.0254711 -0.0043954 0.00868059 0.0255258 0.999591 0.0128719 0.00849524 0.00406574 -0.0129798 0.999907 0.0122984 0.0 0.0 0.0 1.0
office/seq-10/color/frame-000007.color.png office/seq-10/color/frame-000010.color.png 0.999765 -0.00830993 -0.0200049 0.0184298 0.00894046 0.999459 0.0316385 -0.00794971 0.0197312 -0.03181 0.999299 0.023848 0.0 0.0 0.0 1.0
office/seq-10/color/frame-000010.color.png office/seq-10/color/frame-000013.color.png 0.999871 0.00271888 -0.0158289 0.0236642 -0.00236747 0.999751 0.0221776 -0.0142266 0.0158853 -0.0221372 0.999629 0.0199063 0.0 0.0 0.0 1.0
office/seq-10/color/frame-000013.color.png office/seq-10/color/frame-000016.color.png 0.999997 1.54367e-05 -0.00236164 0.0258934 2.35621e-05 0.999864 0.0165067 -0.0150556 0.00236158 -0.0165067 0.999861 0.0333978 0.0 0.0 0.0 1.0
office/seq-10/color/frame-000016.color.png office/seq-10/color/frame-000019.color.png 0.999966 -0.00329972 -0.00760885 0.0237122 0.00336301 0.99996 0.00832123 -0.000961857 0.00758108 -0.00834654 0.999936 0.0175121 0.0 0.0 0.0 1.0
office/seq-10/color/frame-000019.color.png office/seq-10/color/frame-000022.color.png 0.999925 -0.0117815 -0.00321092 0.0299536 0.0117883 0.999928 0.00210329 -0.0119754 0.00318591 -0.00214098 0.999993 0.0321305 0.0 0.0 0.0 1.0
office/seq-10/color/frame-000022.color.png office/seq-10/color/frame-000025.color.png 0.999935 -0.0108149 -0.00369456 0.0281277 0.0108459 0.999905 0.00847613 -0.0108982 0.00360254 -0.00851566 0.999957 0.0187925 0.0 0.0 0.0 1.0
office/seq-10/color/frame-000025.color.png office/seq-10/color/frame-000028.color.png 0.999998 7.07411e-05 0.00196871 0.0360581 -6.65422e-05 0.999998 -0.00212331 -0.00975272 -0.00196885 0.00212317 0.999996 0.0222766 0.0 0.0 0.0 1.0
office/seq-10/color/frame-000028.color.png office/seq-10/color/frame-000031.color.png 0.999987 0.00175786 0.00471832 0.0121871 -0.00179933 0.99996 0.00879604 -0.0119931 -0.00470266 -0.0088044 0.99995 0.0223424 0.0 0.0 0.0 1.0
office/seq-10/color/frame-000031.color.png office/seq-10/color/frame-000034.color.png 0.999884 -0.0145363 0.00464115 0.0402616 0.0144962 0.999858 0.00855159 -0.00585176 -0.00476481 -0.00848332 0.999953 0.0119146 0.0 0.0 0.0 1.0
office/seq-10/color/frame-000034.color.png office/seq-10/color/frame-000037.color.png 0.999977 0.0042628 0.00531709 0.00931486 -0.00435231 0.999847 0.0169376 -0.0163058 -0.00524408 -0.0169603 0.999842 0.0195965 0.0 0.0 0.0 1.0
office/seq-10/color/frame-000037.color.png office/seq-10/color/frame-000040.color.png 0.999986 -0.000528884 0.00532503 0.0228467 0.000436961 0.999851 0.0172476 -0.0104259 -0.00533335 -0.0172451 0.999837 0.0114564 0.0 0.0 0.0 1.0
office/seq-10/color/frame-000040.color.png office/seq-10/color/frame-000043.color.png 0.999947 0.00299188 0.00983478 0.00818989 -0.00304162 0.999983 0.00504636 -0.00427932 -0.00981952 -0.00507597 0.999939 0.0144879 0.0 0.0 0.0 1.0
office/seq-10/color/frame-000043.color.png office/seq-10/color/frame-000046.color.png 0.99973 0.00130382 0.0232037 0.0167341 -0.00162948 0.9999 0.0140218 -0.0256892 -0.0231831 -0.0140559 0.999632 0.0230095 0.0 0.0 0.0 1.0
office/seq-10/color/frame-000046.color.png office/seq-10/color/frame-000049.color.png 0.999826 -0.00121764 0.0185883 0.0225284 0.00100147 0.999932 0.0116344 -0.00856287 -0.0186012 -0.0116137 0.99976 0.010555 0.0 0.0 0.0 1.0
office/seq-10/color/frame-000049.color.png office/seq-10/color/frame-000052.color.png 0.998794 -0.00624747 0.0486989 0.0217419 0.00553779 0.999877 0.0146939 -0.0189354 -0.0487847 -0.0144065 0.998705 0.0349912 0.0 0.0 0.0 1.0
office/seq-10/color/frame-000052.color.png office/seq-10/color/frame-000055.color.png 0.999055 -0.013994 0.0411509 0.0165187 0.0139225 0.999901 0.00202257 -0.00429162 -0.0411751 -0.00144774 0.999151 0.0324435 0.0 0.0 0.0 1.0
office/seq-10/color/frame-000055.color.png office/seq-10/color/frame-000058.color.png 0.997995 -0.0130849 0.0619294 0.0235119 0.0134291 0.999897 -0.00514396 -0.0256586 -0.0618558 0.00596528 0.998067 0.0386557 0.0 0.0 0.0 1.0
office/seq-10/color/frame-000058.color.png office/seq-10/color/frame-000061.color.png 0.998437 -0.0031995 0.0557891 0.0148281 0.00302594 0.99999 0.00319506 -0.0182602 -0.0557988 -0.00302119 0.998437 0.0434079 0.0 0.0 0.0 1.0
office/seq-10/color/frame-000061.color.png office/seq-10/color/frame-000064.color.png 0.999101 -0.0152055 0.0395675 0.0240672 0.0154996 0.999854 -0.00713594 -0.0146263 -0.0394532 0.00774276 0.999191 0.0322666 0.0 0.0 0.0 1.0
office/seq-10/color/frame-000064.color.png office/seq-10/color/frame-000067.color.png 0.99981 -0.0179073 0.00764784 0.0311619 0.0179316 0.999834 -0.00312265 -0.0213728 -0.00759062 0.00325925 0.999966 0.0215335 0.0 0.0 0.0 1.0
office/seq-10/color/frame-000067.color.png office/seq-10/color/frame-000070.color.png 0.999016 -0.0251753 0.0365037 0.0181134 0.0251204 0.999683 0.00196238 -0.0296374 -0.0365416 -0.0010435 0.999331 0.0291351 0.0 0.0 0.0 1.0
office/seq-10/color/frame-000070.color.png office/seq-10/color/frame-000073.color.png 0.999005 -0.0306314 0.0324236 0.0245416 0.0305374 0.999528 0.00339119 -0.0292738 -0.0325122 -0.00239768 0.999469 0.021191 0.0 0.0 0.0 1.0
office/seq-10/color/frame-000073.color.png office/seq-10/color/frame-000076.color.png 0.99927 -0.00737193 0.0374796 0.0330473 0.00682123 0.999867 0.0148006 -0.0334978 -0.0375836 -0.0145341 0.999188 0.0476201 0.0 0.0 0.0 1.0
office/seq-10/color/frame-000076.color.png office/seq-10/color/frame-000079.color.png 0.99897 -0.00449317 0.0451593 0.00793946 0.00417453 0.999966 0.00714696 -0.0125935 -0.0451899 -0.00695105 0.998954 0.0532944 0.0 0.0 0.0 1.0
office/seq-10/color/frame-000079.color.png office/seq-10/color/frame-000082.color.png 0.998398 -0.00403911 0.0564414 0.0127296 0.0035663 0.999958 0.00847469 -0.0164647 -0.0564734 -0.00825989 0.99837 0.0669454 0.0 0.0 0.0 1.0
office/seq-10/color/frame-000082.color.png office/seq-10/color/frame-000085.color.png 0.998976 -0.015847 0.0423809 0.032325 0.0166242 0.999699 -0.0180465 -0.0173477 -0.042082 0.0187325 0.998939 0.0633004 0.0 0.0 0.0 1.0
office/seq-10/color/frame-000085.color.png office/seq-10/color/frame-000088.color.png 0.999573 -0.0195341 0.0217425 0.0628929 0.0198245 0.999716 -0.0132235 -0.0506356 -0.021478 0.0136489 0.999676 0.0424749 0.0 0.0 0.0 1.0
office/seq-10/color/frame-000088.color.png office/seq-10/color/frame-000091.color.png 0.999238 -0.00793161 0.0382103 0.00380236 0.00811174 0.999957 -0.00456175 -0.00473392 -0.0381724 0.00486826 0.999259 0.0605277 0.0 0.0 0.0 1.0
office/seq-10/color/frame-000091.color.png office/seq-10/color/frame-000094.color.png 0.999504 -0.0239156 0.0204698 0.0121573 0.0237896 0.999697 0.00637766 -0.0282706 -0.0206161 -0.00588757 0.99977 0.0374756 0.0 0.0 0.0 1.0
office/seq-10/color/frame-000094.color.png office/seq-10/color/frame-000097.color.png 0.999383 -0.00949799 0.0338085 -0.00880569 0.00937046 0.999948 0.00392996 -0.00691909 -0.033844 -0.00361073 0.999421 0.0664474 0.0 0.0 0.0 1.0
office/seq-10/color/frame-000097.color.png office/seq-10/color/frame-000100.color.png 0.999901 -0.00856843 -0.0111549 0.0463035 0.00853474 0.999959 -0.00305937 0.00176299 0.0111807 0.00296387 0.999933 0.0162715 0.0 0.0 0.0 1.0
office/seq-10/color/frame-000100.color.png office/seq-10/color/frame-000103.color.png 0.999652 -0.0126966 -0.0231436 0.0325892 0.013086 0.999774 0.0167537 -0.031065 0.0229255 -0.0170508 0.999592 -0.00181472 0.0 0.0 0.0 1.0
office/seq-10/color/frame-000103.color.png office/seq-10/color/frame-000106.color.png 0.999842 -0.00256858 -0.0176107 0.0325389 0.0030349 0.999644 0.0265054 -0.0369132 0.0175364 -0.0265546 0.999493 1.82986e-05 0.0 0.0 0.0 1.0
office/seq-10/color/frame-000106.color.png office/seq-10/color/frame-000109.color.png 0.999867 -0.00976374 -0.0130419 0.0246699 0.00983316 0.999938 0.00526886 -0.0195363 0.0129896 -0.00539642 0.999901 0.00683343 0.0 0.0 0.0 1.0
office/seq-10/color/frame-000109.color.png office/seq-10/color/frame-000112.color.png 0.999544 0.010568 -0.0282901 0.043784 -0.010657 0.999939 -0.00299754 0.00791308 0.0282567 0.00329772 0.999595 -0.00821859 0.0 0.0 0.0 1.0
office/seq-10/color/frame-000112.color.png office/seq-10/color/frame-000115.color.png 0.999559 -0.0111012 -0.0275435 0.0433567 0.0107316 0.999851 -0.0135271 0.0190737 0.0276896 0.0132255 0.999529 -0.0143045 0.0 0.0 0.0 1.0
office/seq-10/color/frame-000115.color.png office/seq-10/color/frame-000118.color.png 0.999767 0.0201219 -0.00775884 0.0477821 -0.0201675 0.99978 -0.00584754 0.0407675 0.00763945 0.0060026 0.999953 0.00497574 0.0 0.0 0.0 1.0
office/seq-10/color/frame-000118.color.png office/seq-10/color/frame-000121.color.png 0.999915 -0.00951134 -0.00897899 0.0372322 0.00945631 0.999936 -0.00614533 -0.00918978 0.00903683 0.00605994 0.999941 0.00802612 0.0 0.0 0.0 1.0
office/seq-10/color/frame-000121.color.png office/seq-10/color/frame-000124.color.png 0.99879 0.0134676 -0.0472914 0.0806856 -0.0144266 0.999696 -0.0199972 0.0395915 0.0470077 0.0206553 0.998681 -0.0375285 0.0 0.0 0.0 1.0
office/seq-10/color/frame-000124.color.png office/seq-10/color/frame-000127.color.png 0.998363 0.0486695 -0.030048 0.0846897 -0.0480551 0.998627 0.0208375 0.0643018 0.0310209 -0.0193594 0.999331 -0.0249714 0.0 0.0 0.0 1.0
office/seq-10/color/frame-000127.color.png office/seq-10/color/frame-000130.color.png 0.996899 0.00970182 -0.0780915 0.10768 -0.0102808 0.999923 -0.00701484 0.0167317 0.0780174 0.00779588 0.996922 -0.082054 0.0 0.0 0.0 1.0
office/seq-10/color/frame-000130.color.png office/seq-10/color/frame-000133.color.png 0.998634 0.0450995 -0.0264055 0.0492188 -0.045038 0.998981 0.00291492 0.0582178 0.02651 -0.00172169 0.999647 -0.0260283 0.0 0.0 0.0 1.0
office/seq-10/color/frame-000133.color.png office/seq-10/color/frame-000136.color.png 0.997846 0.0212024 -0.0620782 0.0579408 -0.0188852 0.999111 0.0376788 -0.014433 0.0628219 -0.0364253 0.99736 -0.0749788 0.0 0.0 0.0 1.0
office/seq-10/color/frame-000136.color.png office/seq-10/color/frame-000139.color.png 0.999296 -0.00272209 -0.0374108 0.030895 0.00304415 0.999959 0.00855606 -0.0342674 0.037386 -0.008664 0.999263 -0.0430724 0.0 0.0 0.0 1.0
office/seq-10/color/frame-000139.color.png office/seq-10/color/frame-000142.color.png 0.998191 0.0146771 -0.0583101 0.0320778 -0.0130786 0.999531 0.027701 -0.0292724 0.0586893 -0.0268883 0.997914 -0.0850832 0.0 0.0 0.0 1.0
office/seq-10/color/frame-000142.color.png office/seq-10/color/frame-000145.color.png 0.993473 0.0281999 -0.110527 0.166448 -0.0269204 0.999552 0.0130518 -0.00617522 0.110846 -0.0099912 0.993787 -0.113367 0.0 0.0 0.0 1.0
office/seq-10/color/frame-000145.color.png office/seq-10/color/frame-000148.color.png 0.997163 0.0288399 -0.069531 0.0662436 -0.0294155 0.999541 -0.00726727 0.0239766 0.0692895 0.00929189 0.997553 -0.0823579 0.0 0.0 0.0 1.0
office/seq-10/color/frame-000148.color.png office/seq-10/color/frame-000151.color.png 0.997557 0.0324171 -0.0618766 0.0548701 -0.0330071 0.999419 -0.00853669 0.0315306 0.0615638 0.0105582 0.998047 -0.0773335 0.0 0.0 0.0 1.0
office/seq-10/color/frame-000151.color.png office/seq-10/color/frame-000154.color.png 0.997887 0.00776831 -0.0645013 0.0562453 -0.00716218 0.999928 0.00962286 -0.035601 0.0645714 -0.00914054 0.997871 -0.0847743 0.0 0.0 0.0 1.0
office/seq-10/color/frame-000154.color.png office/seq-10/color/frame-000157.color.png 0.998635 0.0220362 -0.0473673 0.0386379 -0.0220105 0.999757 0.00106384 -0.00941727 0.0473793 -1.9764e-05 0.998877 -0.0535011 0.0 0.0 0.0 1.0
office/seq-10/color/frame-000157.color.png office/seq-10/color/frame-000160.color.png 0.99894 -0.0255374 -0.0382901 0.0603653 0.0245169 0.999338 -0.0268901 -0.071187 0.0389514 0.0259228 0.998905 -0.0352587 0.0 0.0 0.0 1.0
office/seq-10/color/frame-000160.color.png office/seq-10/color/frame-000163.color.png 0.999082 -0.0064226 -0.0423537 0.0641185 0.00516815 0.999547 -0.0296617 -0.00538743 0.042525 0.0294155 0.998662 -0.0435923 0.0 0.0 0.0 1.0
office/seq-10/color/frame-000163.color.png office/seq-10/color/frame-000166.color.png 0.999332 0.0101978 -0.0350858 0.0539447 -0.0107524 0.99982 -0.0156553 -0.00596374 0.0349199 0.0160222 0.999262 -0.0436218 0.0 0.0 0.0 1.0
office/seq-10/color/frame-000166.color.png office/seq-10/color/frame-000169.color.png 0.998935 0.0190989 -0.0419977 0.0557026 -0.0194644 0.999776 -0.00831094 0.0170735 0.0418296 0.00911953 0.999083 -0.0622271 0.0 0.0 0.0 1.0
office/seq-10/color/frame-000169.color.png office/seq-10/color/frame-000172.color.png 0.998687 0.0282047 -0.0427682 0.0715028 -0.0285804 0.999558 -0.00819847 0.0188171 0.0425181 0.00941002 0.999051 -0.0593494 0.0 0.0 0.0 1.0
office/seq-10/color/frame-000172.color.png office/seq-10/color/frame-000175.color.png 0.998468 0.0225409 -0.0505272 0.0792298 -0.0231184 0.999674 -0.0108748 0.0138527 0.0502655 0.0120263 0.998664 -0.0643028 0.0 0.0 0.0 1.0
office/seq-10/color/frame-000175.color.png office/seq-10/color/frame-000178.color.png 0.998158 0.0202292 -0.0572056 0.0933827 -0.0208307 0.999734 -0.00993834 0.0410081 0.0569893 0.0111116 0.998313 -0.0799341 0.0 0.0 0.0 1.0
office/seq-10/color/frame-000178.color.png office/seq-10/color/frame-000181.color.png 0.997855 0.0268857 -0.0596922 0.10058 -0.0270255 0.999633 -0.00153449 0.0322799 0.0596291 0.00314441 0.998215 -0.0985046 0.0 0.0 0.0 1.0
office/seq-10/color/frame-000181.color.png office/seq-10/color/frame-000184.color.png 0.998548 0.00117174 -0.0538656 0.0854299 -0.00114877 0.999999 0.000457664 0.00931937 0.0538662 -0.000395086 0.998548 -0.0859522 0.0 0.0 0.0 1.0
office/seq-10/color/frame-000184.color.png office/seq-10/color/frame-000187.color.png 0.997488 0.00725912 -0.0704558 0.108281 -0.0061926 0.999863 0.0153441 -0.0210491 0.0705575 -0.0148693 0.997397 -0.118083 0.0 0.0 0.0 1.0
office/seq-10/color/frame-000187.color.png office/seq-10/color/frame-000190.color.png 0.995525 0.00850068 -0.0941203 0.178949 -0.00660597 0.99977 0.0204236 -0.0498095 0.0942722 -0.0197104 0.995351 -0.129729 0.0 0.0 0.0 1.0
office/seq-10/color/frame-000190.color.png office/seq-10/color/frame-000193.color.png 0.998691 0.0109617 -0.0499533 0.0501179 -0.0110438 0.999938 -0.00136774 0.0182766 0.0499353 0.00191762 0.998751 -0.103287 0.0 0.0 0.0 1.0
office/seq-10/color/frame-000193.color.png office/seq-10/color/frame-000196.color.png 0.997877 0.0113731 -0.0641277 0.0678834 -0.0117809 0.999913 -0.00598422 0.0365983 0.064054 0.006727 0.997924 -0.0921116 0.0 0.0 0.0 1.0
office/seq-10/color/frame-000196.color.png office/seq-10/color/frame-000199.color.png 0.998879 0.0251125 -0.0401278 0.0243059 -0.0252227 0.999679 -0.00223866 0.022225 0.0400586 0.00324829 0.999192 -0.0695457 0.0 0.0 0.0 1.0
office/seq-10/color/frame-000199.color.png office/seq-10/color/frame-000202.color.png 0.998968 0.00895465 -0.0445324 0.07399 -0.0085311 0.999917 0.00969034 -0.0119814 0.0446155 -0.00930041 0.998961 -0.0646006 0.0 0.0 0.0 1.0
office/seq-10/color/frame-000202.color.png office/seq-10/color/frame-000205.color.png 0.999856 0.00275774 -0.0167611 -0.0105315 -0.00288053 0.999969 -0.00730642 0.0204216 0.0167404 0.00735359 0.999833 -0.0380967 0.0 0.0 0.0 1.0
office/seq-10/color/frame-000205.color.png office/seq-10/color/frame-000208.color.png 0.999648 -0.00316431 -0.0263558 0.0161179 0.0035167 0.999905 0.0133373 -0.0281825 0.026311 -0.0134253 0.999564 -0.0582128 0.0 0.0 0.0 1.0
office/seq-10/color/frame-000208.color.png office/seq-10/color/frame-000211.color.png 0.999851 -0.00469014 -0.0166224 0.00684786 0.00466305 0.999988 -0.00166749 0.0229276 0.0166301 0.00158969 0.999861 -0.0374399 0.0 0.0 0.0 1.0
office/seq-10/color/frame-000211.color.png office/seq-10/color/frame-000214.color.png 0.999923 0.00100772 -0.0123356 0.00479376 -0.00093015 0.99998 0.00629656 0.00348693 0.0123416 -0.00628459 0.999904 -0.0434494 0.0 0.0 0.0 1.0
office/seq-10/color/frame-000214.color.png office/seq-10/color/frame-000217.color.png 0.999827 0.00283228 -0.0184043 0.0125319 -0.00269861 0.99997 0.00727745 0.0065459 0.0184243 -0.00722652 0.999804 -0.0467998 0.0 0.0 0.0 1.0
office/seq-10/color/frame-000217.color.png office/seq-10/color/frame-000220.color.png 0.999613 0.0024066 -0.027696 0.0207057 -0.00218211 0.999964 0.00813457 0.00660634 0.0277145 -0.00807094 0.999583 -0.0440627 0.0 0.0 0.0 1.0
office/seq-10/color/frame-000220.color.png office/seq-10/color/frame-000223.color.png 0.999998 0.00188759 -0.000516821 -0.0533922 -0.00188563 0.999991 0.00377252 -0.00821096 0.00052398 -0.00377153 0.999993 -0.0552362 0.0 0.0 0.0 1.0
office/seq-10/color/frame-000223.color.png office/seq-10/color/frame-000226.color.png 0.999177 -0.0130941 -0.0383981 0.0176501 0.0132414 0.999906 0.00358258 -0.0164673 0.0383476 -0.00408809 0.999256 -0.0654134 0.0 0.0 0.0 1.0
office/seq-10/color/frame-000226.color.png office/seq-10/color/frame-000229.color.png 0.999396 -0.00372701 -0.0345375 0.0170094 0.00326726 0.999905 -0.0133575 -0.0146672 0.0345839 0.0132366 0.999314 -0.0318214 0.0 0.0 0.0 1.0
office/seq-10/color/frame-000229.color.png office/seq-10/color/frame-000232.color.png 0.99893 -0.0112073 -0.0448607 0.0477312 0.0105223 0.999825 -0.0154745 0.00654656 0.0450262 0.0149859 0.998873 -0.0723749 0.0 0.0 0.0 1.0
office/seq-10/color/frame-000232.color.png office/seq-10/color/frame-000235.color.png 0.998605 0.00443978 -0.0526232 0.031783 -0.00550456 0.999783 -0.0201073 0.0203626 0.0525225 0.0203689 0.998412 -0.0804054 0.0 0.0 0.0 1.0
office/seq-10/color/frame-000235.color.png office/seq-10/color/frame-000238.color.png 0.99744 0.00611048 -0.0712425 0.0714294 -0.00797671 0.999632 -0.0259401 0.0455332 0.0710579 0.026442 0.997122 -0.0699642 0.0 0.0 0.0 1.0
office/seq-10/color/frame-000238.color.png office/seq-10/color/frame-000241.color.png 0.99784 0.00688396 -0.0653246 0.0544624 -0.00762084 0.99991 -0.0110388 0.0202252 0.0652427 0.0115128 0.997803 -0.0932141 0.0 0.0 0.0 1.0
office/seq-10/color/frame-000241.color.png office/seq-10/color/frame-000244.color.png 0.997321 0.0198521 -0.0704077 0.0666318 -0.019677 0.999801 0.00318047 0.025421 0.0704568 -0.00178655 0.997513 -0.100259 0.0 0.0 0.0 1.0
office/seq-10/color/frame-000244.color.png office/seq-10/color/frame-000247.color.png 0.998806 0.0205868 -0.0442953 0.0321482 -0.020292 0.999769 0.00709319 0.0252047 0.0444311 -0.00618589 0.998993 -0.0699481 0.0 0.0 0.0 1.0
office/seq-10/color/frame-000247.color.png office/seq-10/color/frame-000250.color.png 0.999074 0.00961725 -0.0419492 0.0370058 -0.00973545 0.999949 -0.0026128 0.0236057 0.0419219 0.00301877 0.999116 -0.0532777 0.0 0.0 0.0 1.0
office/seq-10/color/frame-000250.color.png office/seq-10/color/frame-000253.color.png 0.999066 0.015393 -0.0403713 0.0311582 -0.0156771 0.999854 -0.00673372 0.0400639 0.0402618 0.00736035 0.999162 -0.0781881 0.0 0.0 0.0 1.0
office/seq-10/color/frame-000253.color.png office/seq-10/color/frame-000256.color.png 0.999172 0.0186089 -0.0361705 0.0284917 -0.0183882 0.99981 0.00642505 0.0310634 0.0362832 -0.00575462 0.999325 -0.0503952 0.0 0.0 0.0 1.0
office/seq-10/color/frame-000256.color.png office/seq-10/color/frame-000259.color.png 0.999295 0.0243226 -0.0286041 0.022339 -0.0238238 0.99956 0.0176505 0.0308106 0.0290208 -0.0169567 0.999435 -0.0555311 0.0 0.0 0.0 1.0
office/seq-10/color/frame-000259.color.png office/seq-10/color/frame-000262.color.png 0.999453 0.0142943 -0.0298115 0.00873184 -0.0116044 0.996006 0.088525 -0.0348825 0.0309579 -0.0881306 0.995628 -0.0995461 0.0 0.0 0.0 1.0
office/seq-10/color/frame-000262.color.png office/seq-10/color/frame-000265.color.png 0.999958 0.00616401 -0.00674956 -0.00376201 -0.0053416 0.993266 0.115729 -0.0954045 0.00741751 -0.115688 0.993258 -0.0792433 0.0 0.0 0.0 1.0
office/seq-10/color/frame-000265.color.png office/seq-10/color/frame-000268.color.png 0.999644 -0.0171662 0.0203963 -0.0655972 0.0153866 0.996312 0.084417 -0.0842494 -0.0217702 -0.0840732 0.996222 0.0235338 0.0 0.0 0.0 1.0
office/seq-10/color/frame-000268.color.png office/seq-10/color/frame-000271.color.png 0.993996 -0.0289803 0.105509 -0.0951025 0.0315989 0.999231 -0.0232326 -0.03597 -0.104754 0.0264271 0.994147 0.204729 0.0 0.0 0.0 1.0
office/seq-10/color/frame-000271.color.png office/seq-10/color/frame-000274.color.png 0.992659 -0.0272527 0.11784 -0.122631 0.0339899 0.997877 -0.0555467 -0.0103211 -0.116076 0.0591443 0.991478 0.193815 0.0 0.0 0.0 1.0
office/seq-10/color/frame-000274.color.png office/seq-10/color/frame-000277.color.png 0.996319 -0.0285904 0.0808138 -0.0934877 0.031213 0.99902 -0.0313776 -0.0342898 -0.0798375 0.0337846 0.996235 0.132942 0.0 0.0 0.0 1.0
office/seq-10/color/frame-000277.color.png office/seq-10/color/frame-000280.color.png 0.996668 -0.0256562 0.077421 -0.104835 0.0296719 0.998249 -0.0511711 -0.0115213 -0.0759726 0.0532979 0.995684 0.134336 0.0 0.0 0.0 1.0
office/seq-10/color/frame-000280.color.png office/seq-10/color/frame-000283.color.png 0.997854 -0.00119522 0.0654757 -0.0673977 0.00610837 0.997173 -0.0748898 0.0510201 -0.0652011 0.075129 0.99504 0.0890983 0.0 0.0 0.0 1.0
office/seq-10/color/frame-000283.color.png office/seq-10/color/frame-000286.color.png 0.99875 0.00663571 0.0495491 -0.0601729 -0.00429392 0.998875 -0.0472198 0.039992 -0.0498068 0.0469481 0.997655 0.083644 0.0 0.0 0.0 1.0
office/seq-10/color/frame-000286.color.png office/seq-10/color/frame-000289.color.png 0.998541 0.00278059 0.0539362 -0.0611544 -0.000265941 0.998915 -0.0465733 0.028666 -0.0540072 0.046491 0.997458 0.0766337 0.0 0.0 0.0 1.0
office/seq-10/color/frame-000289.color.png office/seq-10/color/frame-000292.color.png 0.999285 0.000497186 0.0378052 -0.0426425 0.000713202 0.999488 -0.0319968 0.0249325 -0.0378017 0.0320009 0.998773 0.049175 0.0 0.0 0.0 1.0
office/seq-10/color/frame-000292.color.png office/seq-10/color/frame-000295.color.png 0.998375 0.00568968 0.0566993 -0.0498462 -0.00384039 0.999459 -0.0326705 0.019714 -0.0568545 0.0323997 0.997857 0.0458794 0.0 0.0 0.0 1.0
office/seq-10/color/frame-000295.color.png office/seq-10/color/frame-000298.color.png 0.999626 0.0025217 0.0272364 -0.0258716 -0.0021542 0.999906 -0.0135142 -0.0039013 -0.0272679 0.0134504 0.999538 0.0175857 0.0 0.0 0.0 1.0
office/seq-10/color/frame-000298.color.png office/seq-10/color/frame-000301.color.png 0.999704 -0.0158404 0.0184823 -0.0147098 0.0159731 0.999847 -0.00705764 -0.0269726 -0.0183676 0.00735073 0.999804 0.0161234 0.0 0.0 0.0 1.0
office/seq-10/color/frame-000301.color.png office/seq-10/color/frame-000304.color.png 0.999515 -0.0185151 0.0250235 -0.0258582 0.0185402 0.999828 -0.000772181 -0.0279205 -0.0250049 0.00123577 0.999687 0.0102141 0.0 0.0 0.0 1.0
office/seq-10/color/frame-000304.color.png office/seq-10/color/frame-000307.color.png 0.999429 -0.0198218 0.0273483 -0.0102929 0.0197989 0.999803 0.00110838 -0.0253979 -0.0273648 -0.000566334 0.999625 0.0393047 0.0 0.0 0.0 1.0
office/seq-10/color/frame-000307.color.png office/seq-10/color/frame-000310.color.png 0.997575 -0.0264849 0.0643556 -0.0232403 0.0259776 0.999625 0.00870669 -0.0606392 -0.064562 -0.00701375 0.997889 0.0838657 0.0 0.0 0.0 1.0
office/seq-10/color/frame-000310.color.png office/seq-10/color/frame-000313.color.png 0.998783 -0.0276794 0.0408119 -0.020233 0.0276073 0.999616 0.0023286 -0.00140226 -0.0408606 -0.00119907 0.999164 0.0490466 0.0 0.0 0.0 1.0
office/seq-10/color/frame-000313.color.png office/seq-10/color/frame-000316.color.png 0.996607 -0.00672504 0.0820275 -0.0441374 0.00490821 0.999739 0.0223314 -0.0192334 -0.0821564 -0.021853 0.99638 0.0670491 0.0 0.0 0.0 1.0
office/seq-10/color/frame-000316.color.png office/seq-10/color/frame-000319.color.png 0.999241 -0.0130465 0.036692 -0.00692284 0.0111602 0.998628 0.0511508 -0.0297214 -0.037309 -0.0507025 0.998017 0.0268266 0.0 0.0 0.0 1.0
office/seq-10/color/frame-000319.color.png office/seq-10/color/frame-000322.color.png 0.996837 0.0212368 0.0765818 -0.0528699 -0.0282843 0.995343 0.0921493 -0.0617234 -0.0742681 -0.0940239 0.992796 0.0314921 0.0 0.0 0.0 1.0
office/seq-10/color/frame-000322.color.png office/seq-10/color/frame-000325.color.png 0.999446 -0.0187945 0.0274814 0.0140802 0.0178605 0.999267 0.033847 -0.019163 -0.0280975 -0.0333374 0.999049 0.0385872 0.0 0.0 0.0 1.0
office/seq-10/color/frame-000325.color.png office/seq-10/color/frame-000328.color.png 0.999339 0.00342714 0.0361844 -0.0157737 -0.00549215 0.998352 0.057126 -0.0459532 -0.0359289 -0.0572871 0.997711 0.0197804 0.0 0.0 0.0 1.0
office/seq-10/color/frame-000328.color.png office/seq-10/color/frame-000331.color.png 0.9997 0.00344275 0.0242315 -0.00621629 -0.00491844 0.998119 0.0611063 -0.051837 -0.0239756 -0.0612072 0.997837 0.00538963 0.0 0.0 0.0 1.0
office/seq-10/color/frame-000331.color.png office/seq-10/color/frame-000334.color.png 0.999868 0.0010272 0.0162355 -0.0162754 -0.00131522 0.999842 0.0177407 -0.00872827 -0.0162146 -0.0177596 0.999711 0.0162777 0.0 0.0 0.0 1.0
office/seq-10/color/frame-000334.color.png office/seq-10/color/frame-000337.color.png 0.999961 0.0037636 0.00803419 0.000861406 -0.00384477 0.999942 0.0101144 -0.0107559 -0.00799564 -0.010145 0.999917 0.0144992 0.0 0.0 0.0 1.0
office/seq-10/color/frame-000337.color.png office/seq-10/color/frame-000340.color.png 0.999932 0.000260902 0.0116191 -0.0115137 -0.000471031 0.999836 0.0180841 -0.0316225 -0.0116125 -0.0180883 0.999769 0.0106338 0.0 0.0 0.0 1.0
office/seq-10/color/frame-000340.color.png office/seq-10/color/frame-000343.color.png 0.999809 -0.0118657 0.0155423 -0.0355569 0.0116186 0.999806 0.0158938 -0.0442253 -0.015728 -0.0157102 0.999753 0.0437543 0.0 0.0 0.0 1.0
office/seq-10/color/frame-000343.color.png office/seq-10/color/frame-000346.color.png 0.999574 -0.020395 -0.0208542 -0.0207024 0.0201557 0.999729 -0.0116237 -0.0380486 0.0210857 0.0111985 0.999715 -0.0246707 0.0 0.0 0.0 1.0
office/seq-10/color/frame-000346.color.png office/seq-10/color/frame-000349.color.png 0.999247 -0.00276425 -0.0387005 0.00807083 0.00252078 0.999977 -0.00633776 -0.0123688 0.038717 0.00623537 0.999231 -0.030336 0.0 0.0 0.0 1.0
office/seq-10/color/frame-000349.color.png office/seq-10/color/frame-000352.color.png 0.99553 -0.0170494 -0.0928882 0.0499102 0.0150899 0.999649 -0.0217578 -0.00881183 0.0932265 0.0202589 0.995439 -0.0702478 0.0 0.0 0.0 1.0
office/seq-10/color/frame-000352.color.png office/seq-10/color/frame-000355.color.png 0.997816 -0.00618501 -0.0657681 0.0347387 0.00566818 0.999952 -0.00804219 0.00161672 0.0658148 0.00765183 0.997803 -0.0431128 0.0 0.0 0.0 1.0
office/seq-10/color/frame-000355.color.png office/seq-10/color/frame-000358.color.png 0.99845 0.0109136 -0.0545706 0.0226871 -0.0114447 0.99989 -0.00942875 0.00963038 0.0544616 0.0100387 0.998465 -0.0467123 0.0 0.0 0.0 1.0
office/seq-10/color/frame-000358.color.png office/seq-10/color/frame-000361.color.png 0.999131 0.0124712 -0.0397733 0.0130736 -0.0129514 0.999846 -0.0118391 0.0238986 0.0396197 0.012344 0.999139 -0.027086 0.0 0.0 0.0 1.0
office/seq-10/color/frame-000361.color.png office/seq-10/color/frame-000364.color.png 0.996274 0.0226758 -0.0832074 0.0471394 -0.021459 0.99965 0.0154881 -0.0113818 0.0835294 -0.0136448 0.996412 -0.0971419 0.0 0.0 0.0 1.0
office/seq-10/color/frame-000364.color.png office/seq-10/color/frame-000367.color.png 0.998729 0.0119877 -0.0489582 0.011518 -0.0125518 0.999858 -0.011229 0.0396826 0.0488166 0.0118292 0.998738 -0.0504624 0.0 0.0 0.0 1.0
office/seq-10/color/frame-000367.color.png office/seq-10/color/frame-000370.color.png 0.998 0.0263133 -0.0574701 0.0237949 -0.0262898 0.999654 0.00116387 0.0191541 0.0574808 0.000349337 0.998346 -0.0577654 0.0 0.0 0.0 1.0
office/seq-10/color/frame-000370.color.png office/seq-10/color/frame-000373.color.png 0.997644 0.0192543 -0.0658408 0.0354598 -0.0191062 0.999813 0.00287933 0.0269409 0.065884 -0.00161461 0.997826 -0.0740088 0.0 0.0 0.0 1.0
office/seq-10/color/frame-000373.color.png office/seq-10/color/frame-000376.color.png 0.997641 0.0183305 -0.0661606 0.0180378 -0.0179897 0.999822 0.00574443 0.024231 0.0662541 -0.00454067 0.997793 -0.0798133 0.0 0.0 0.0 1.0
office/seq-10/color/frame-000376.color.png office/seq-10/color/frame-000379.color.png 0.997233 0.0143834 -0.0729357 0.00582898 -0.0145581 0.999892 -0.00186479 0.0134358 0.0729011 0.00292146 0.997335 -0.0832927 0.0 0.0 0.0 1.0
office/seq-10/color/frame-000379.color.png office/seq-10/color/frame-000382.color.png 0.997754 -0.000259914 -0.066989 0.0109634 -0.000274684 0.999968 -0.00797077 0.0251486 0.0669888 0.00797127 0.997722 -0.066337 0.0 0.0 0.0 1.0
office/seq-10/color/frame-000382.color.png office/seq-10/color/frame-000385.color.png 0.997113 0.0100108 -0.0752645 0.00539631 -0.0097933 0.999947 0.0032579 0.0178849 0.0752931 -0.00251143 0.997158 -0.0913236 0.0 0.0 0.0 1.0
office/seq-10/color/frame-000385.color.png office/seq-10/color/frame-000388.color.png 0.998341 0.011815 -0.0563498 -0.00457448 -0.0118689 0.999929 -0.000619963 0.0366544 0.0563385 0.00128774 0.998411 -0.078407 0.0 0.0 0.0 1.0
office/seq-10/color/frame-000388.color.png office/seq-10/color/frame-000391.color.png 0.999136 0.0137248 -0.0392217 -0.0243431 -0.013794 0.999904 -0.0014971 0.026117 0.0391973 0.00203684 0.999229 -0.0491468 0.0 0.0 0.0 1.0
office/seq-10/color/frame-000391.color.png office/seq-10/color/frame-000394.color.png 0.999647 0.00677841 -0.0257027 -0.00864667 -0.00678594 0.999977 -0.000203522 0.0290421 0.0257008 0.000377869 0.99967 -0.0231062 0.0 0.0 0.0 1.0
office/seq-10/color/frame-000394.color.png office/seq-10/color/frame-000397.color.png 0.999248 0.0177563 -0.0344712 -0.00611395 -0.0177877 0.999842 -0.000605707 0.0280794 0.034455 0.00121842 0.999405 -0.0461872 0.0 0.0 0.0 1.0
office/seq-10/color/frame-000397.color.png office/seq-10/color/frame-000400.color.png 0.998472 0.0168873 -0.0526124 -0.0050149 -0.0172055 0.999836 -0.00560363 0.0223181 0.0525091 0.00650031 0.998599 -0.0488978 0.0 0.0 0.0 1.0
office/seq-10/color/frame-000400.color.png office/seq-10/color/frame-000403.color.png 0.999503 0.011741 -0.0292407 -0.0140575 -0.0120916 0.999857 -0.0118396 0.0222014 0.0290975 0.0121873 0.999502 -0.0341255 0.0 0.0 0.0 1.0
office/seq-10/color/frame-000403.color.png office/seq-10/color/frame-000406.color.png 0.998803 0.00761605 -0.0483136 -0.0228108 -0.00776182 0.999966 -0.00282991 0.00802487 0.0482904 0.00320152 0.998828 -0.0345979 0.0 0.0 0.0 1.0
office/seq-10/color/frame-000406.color.png office/seq-10/color/frame-000409.color.png 0.999918 -0.00871677 -0.00932763 -0.0459952 0.00879077 0.99993 0.00791841 0.00438523 0.00925793 -0.00799975 0.999925 -0.00515008 0.0 0.0 0.0 1.0
office/seq-10/color/frame-000409.color.png office/seq-10/color/frame-000412.color.png 0.999835 -0.0165918 0.00742925 -0.0496309 0.0164552 0.999701 0.0180956 0.000393093 -0.00772726 -0.0179703 0.999809 0.00203037 0.0 0.0 0.0 1.0
office/seq-10/color/frame-000412.color.png office/seq-10/color/frame-000415.color.png 0.999427 -0.0125032 0.0314658 -0.0453319 0.0123852 0.999915 0.00393713 -0.00755155 -0.0315123 -0.00354518 0.999497 0.0185549 0.0 0.0 0.0 1.0
office/seq-10/color/frame-000415.color.png office/seq-10/color/frame-000418.color.png 0.997331 0.0303572 0.0663978 -0.0818606 -0.0289452 0.999336 -0.0221266 -0.0260664 -0.0670254 0.0201457 0.997548 -0.0139776 0.0 0.0 0.0 1.0
office/seq-10/color/frame-000418.color.png office/seq-10/color/frame-000421.color.png 0.998373 -0.0121253 0.055711 -0.0609155 0.012159 0.999926 -0.000265752 -0.017174 -0.0557037 0.000942697 0.998447 0.0240734 0.0 0.0 0.0 1.0
office/seq-10/color/frame-000421.color.png office/seq-10/color/frame-000424.color.png 0.996055 -0.0312995 0.0830296 -0.0719751 0.0316162 0.999497 -0.00250201 -0.00455868 -0.0829096 0.00511723 0.996544 0.0217688 0.0 0.0 0.0 1.0
office/seq-10/color/frame-000424.color.png office/seq-10/color/frame-000427.color.png 0.996884 -0.0216776 0.075839 -0.0513816 0.0215582 0.999765 0.00239428 -0.0226083 -0.075873 -0.000751871 0.997117 0.041321 0.0 0.0 0.0 1.0
office/seq-10/color/frame-000427.color.png office/seq-10/color/frame-000430.color.png 0.996376 -0.0194073 0.0828125 -0.0493908 0.0182844 0.999731 0.0142966 0.00209641 -0.0830677 -0.0127306 0.996463 0.0272102 0.0 0.0 0.0 1.0
office/seq-10/color/frame-000430.color.png office/seq-10/color/frame-000433.color.png 0.99496 -0.0233478 0.0975115 -0.0643567 0.0220566 0.999654 0.0142989 -0.0183139 -0.0978116 -0.0120761 0.995132 -0.00114536 0.0 0.0 0.0 1.0
office/seq-10/color/frame-000433.color.png office/seq-10/color/frame-000436.color.png 0.997154 -0.0195731 0.0728129 -0.0503899 0.0181664 0.999636 0.0199309 0.00161409 -0.0731765 -0.0185515 0.997147 0.0248196 0.0 0.0 0.0 1.0
office/seq-10/color/frame-000436.color.png office/seq-10/color/frame-000439.color.png 0.994321 -0.000939514 0.106417 -0.0836809 0.000130433 0.999971 0.00760979 -0.024954 -0.106421 -0.00755265 0.994292 -0.00598991 0.0 0.0 0.0 1.0
office/seq-10/color/frame-000439.color.png office/seq-10/color/frame-000442.color.png 0.99756 -0.0162837 0.0678832 -0.0340763 0.0155809 0.99982 0.0108709 -0.00598341 -0.0680481 -0.00978674 0.997634 0.0209403 0.0 0.0 0.0 1.0
office/seq-10/color/frame-000442.color.png office/seq-10/color/frame-000445.color.png 0.995715 -0.0212801 0.0899932 -0.0555301 0.0206431 0.999755 0.00800314 -0.0121315 -0.0901413 -0.00611109 0.99591 0.00542757 0.0 0.0 0.0 1.0
office/seq-10/color/frame-000445.color.png office/seq-10/color/frame-000448.color.png 0.997398 -0.0150042 0.0705138 -0.0294622 0.0154961 0.999859 -0.00643405 0.000709236 -0.0704073 0.00751001 0.99749 0.00418508 0.0 0.0 0.0 1.0
office/seq-10/color/frame-000448.color.png office/seq-10/color/frame-000451.color.png 0.996575 -0.014288 0.0814563 -0.0404186 0.014729 0.99988 -0.00481532 -0.0161564 -0.0813778 0.00599863 0.996665 -0.00925022 0.0 0.0 0.0 1.0
office/seq-10/color/frame-000451.color.png office/seq-10/color/frame-000454.color.png 0.997945 -0.00979778 0.0633174 -0.0359763 0.00979833 0.999952 0.000302118 0.00188112 -0.0633173 0.00031892 0.997993 -0.0106212 0.0 0.0 0.0 1.0
office/seq-10/color/frame-000454.color.png office/seq-10/color/frame-000457.color.png 0.997451 -0.00837465 0.0708645 -0.0388516 0.00747574 0.999888 0.0129405 -0.0392943 -0.070965 -0.0123778 0.997402 -0.00845486 0.0 0.0 0.0 1.0
office/seq-10/color/frame-000457.color.png office/seq-10/color/frame-000460.color.png 0.997731 -0.0149196 0.0656471 -0.033196 0.0145306 0.999874 0.00640013 -0.0158852 -0.0657343 -0.00543167 0.997822 0.0103227 0.0 0.0 0.0 1.0
office/seq-10/color/frame-000460.color.png office/seq-10/color/frame-000463.color.png 0.998576 -0.00266992 0.0532744 -0.0161161 0.0016192 0.999803 0.0197561 -0.0642143 -0.0533167 -0.0196418 0.998384 0.00670239 0.0 0.0 0.0 1.0
office/seq-10/color/frame-000463.color.png office/seq-10/color/frame-000466.color.png 0.999239 -0.0130713 0.036747 -0.0290385 0.0132522 0.999901 -0.0046837 0.0238553 -0.0366822 0.0051671 0.999314 0.0119142 0.0 0.0 0.0 1.0
office/seq-10/color/frame-000466.color.png office/seq-10/color/frame-000469.color.png 0.998765 -0.0250632 0.0429035 -0.0434557 0.0241035 0.999451 0.0227419 -0.0199892 -0.0434499 -0.0216797 0.99882 0.00559646 0.0 0.0 0.0 1.0
office/seq-10/color/frame-000469.color.png office/seq-10/color/frame-000472.color.png 0.999501 -0.011354 0.0294775 -0.0198535 0.0109168 0.999829 0.0149525 -0.0135922 -0.0296423 -0.0146233 0.999454 0.0213192 0.0 0.0 0.0 1.0
office/seq-10/color/frame-000472.color.png office/seq-10/color/frame-000475.color.png 0.999558 -0.0191143 0.0227909 -0.023269 0.0190026 0.999806 0.00510576 0.000200391 -0.0228841 -0.00467033 0.999727 0.018041 0.0 0.0 0.0 1.0
office/seq-10/color/frame-000475.color.png office/seq-10/color/frame-000478.color.png 0.999228 -0.0155116 0.036087 -0.0273749 0.0148516 0.999719 0.0184844 -0.0258233 -0.0363636 -0.0179343 0.999178 0.0433233 0.0 0.0 0.0 1.0
office/seq-10/color/frame-000478.color.png office/seq-10/color/frame-000481.color.png 0.999269 -0.0191029 0.0331093 -0.0494009 0.0190116 0.999815 0.00307177 -0.0111923 -0.0331619 -0.00243999 0.999447 0.0317236 0.0 0.0 0.0 1.0
office/seq-10/color/frame-000481.color.png office/seq-10/color/frame-000484.color.png 0.999768 -0.00246009 0.0214101 -0.00428227 0.00238277 0.999991 0.00363563 -0.00736701 -0.0214189 -0.00358379 0.999764 0.0390893 0.0 0.0 0.0 1.0
office/seq-10/color/frame-000484.color.png office/seq-10/color/frame-000487.color.png 0.999556 -0.0139403 0.026342 -0.0231891 0.0140914 0.999885 -0.00555906 -0.0181547 -0.0262615 0.00592776 0.999638 0.0363203 0.0 0.0 0.0 1.0
office/seq-10/color/frame-000487.color.png office/seq-10/color/frame-000490.color.png 0.99952 -0.0290217 0.0108378 -0.0158255 0.0291896 0.999451 -0.0156687 -0.00199836 -0.0103771 0.0159775 0.999818 0.0417426 0.0 0.0 0.0 1.0
office/seq-10/color/frame-000490.color.png office/seq-10/color/frame-000493.color.png 0.999746 -0.0170177 0.0147714 -0.0140532 0.0171792 0.999793 -0.010878 0.00500476 -0.0145832 0.011129 0.999832 0.0344918 0.0 0.0 0.0 1.0
office/seq-10/color/frame-000493.color.png office/seq-10/color/frame-000496.color.png 0.999852 -0.0165681 0.00461804 -0.00256425 0.0165933 0.999847 -0.00546212 -0.00627762 -0.00452683 0.0055379 0.999974 0.0328325 0.0 0.0 0.0 1.0
office/seq-10/color/frame-000496.color.png office/seq-10/color/frame-000499.color.png 0.999936 -0.0092862 0.00646247 0.00482133 0.00929812 0.999955 -0.00182356 -0.0175897 -0.00644526 0.00188352 0.999978 0.0357045 0.0 0.0 0.0 1.0
office/seq-10/color/frame-000499.color.png office/seq-10/color/frame-000502.color.png 0.999611 -0.0178614 0.0214067 0.0092507 0.0179859 0.999822 -0.00563468 -0.00832891 -0.0213023 0.00601751 0.999755 0.0513648 0.0 0.0 0.0 1.0
office/seq-10/color/frame-000502.color.png office/seq-10/color/frame-000505.color.png 0.999449 -0.00919094 0.0319015 -0.0177857 0.00901425 0.999943 0.00567807 -0.0126408 -0.0319519 -0.00538732 0.999475 0.0273436 0.0 0.0 0.0 1.0
office/seq-10/color/frame-000505.color.png office/seq-10/color/frame-000508.color.png 0.999113 -0.0262444 0.0329204 -0.0218038 0.0260245 0.999636 0.00708738 -0.00444335 -0.0330944 -0.0062244 0.999433 0.0356306 0.0 0.0 0.0 1.0
office/seq-10/color/frame-000508.color.png office/seq-10/color/frame-000511.color.png 0.999815 -0.0142422 0.0129191 -0.0116732 0.014179 0.999887 0.00497755 -0.0105479 -0.0129885 -0.00479344 0.999904 0.0209813 0.0 0.0 0.0 1.0
office/seq-10/color/frame-000511.color.png office/seq-10/color/frame-000514.color.png 0.999323 -0.014788 0.0336861 -0.00642717 0.0146458 0.999883 0.00446049 -0.0228935 -0.0337481 -0.00396415 0.999422 0.0368611 0.0 0.0 0.0 1.0
office/seq-10/color/frame-000514.color.png office/seq-10/color/frame-000517.color.png 0.999347 0.000377267 0.0361417 -0.0222093 -7.7082e-05 0.999965 -0.0083042 0.00277817 -0.0361436 0.00829605 0.999312 0.0426311 0.0 0.0 0.0 1.0
office/seq-10/color/frame-000517.color.png office/seq-10/color/frame-000520.color.png 0.998512 -0.0066221 0.0541267 -0.0268168 0.00704024 0.999947 -0.0075388 0.00308901 -0.0540739 0.00790867 0.998506 0.0457259 0.0 0.0 0.0 1.0
office/seq-10/color/frame-000520.color.png office/seq-10/color/frame-000523.color.png 0.999406 -0.00150575 0.0344164 0.0366263 0.00211263 0.999843 -0.017604 0.00318968 -0.0343845 0.0176663 0.999252 0.0437568 0.0 0.0 0.0 1.0
office/seq-10/color/frame-000523.color.png office/seq-10/color/frame-000526.color.png 0.999573 -0.0182507 0.0228146 -0.0237511 0.0187093 0.999624 -0.0200466 0.024047 -0.0224401 0.0204649 0.999539 0.0283954 0.0 0.0 0.0 1.0
office/seq-10/color/frame-000526.color.png office/seq-10/color/frame-000529.color.png 0.999764 -0.00607418 0.0208561 0.0443074 0.00623611 0.999951 -0.00771041 -0.0153297 -0.0208082 0.0078387 0.999753 0.0253022 0.0 0.0 0.0 1.0
office/seq-10/color/frame-000529.color.png office/seq-10/color/frame-000532.color.png 0.999609 -0.00451372 0.0276057 0.0178338 0.00472771 0.999959 -0.00769322 0.00903523 -0.0275698 0.00782075 0.999589 0.0272838 0.0 0.0 0.0 1.0
