office/seq-10/color/frame-000000.color.png office/seq-10/color/frame-000002.color.png 0.999987 0.00423661 -0.00290778 0.00865712 -0.00424523 0.999987 -0.00296146 -0.00801432 0.0028952 0.00297376 0.999991 0.00480746 0.0 0.0 0.0 1.0
office/seq-10/color/frame-000002.color.png office/seq-10/color/frame-000004.color.png 0.999972 -0.00649793 0.0037846 0.00625483 0.00650296 0.999978 -0.00131733 0.00137019 -0.00377595 0.0013419 0.999992 -0.000452355 0.0 0.0 0.0 1.0
office/seq-10/color/frame-000004.color.png office/seq-10/color/frame-000006.color.png 0.999724 -0.0235092 0.000276972 0.0036634 0.0235066 0.999698 0.00719684 0.00786614 -0.00044608 -0.00718834 0.999974 0.00834057 0.0 0.0 0.0 1.0
office/seq-10/color/frame-000006.color.png office/seq-10/color/frame-000008.color.png 0.99993 -0.00467406 -0.0108902 0.014883 0.00483545 0.999878 0.0148404 -0.00037491 0.0108195 -0.0148921 0.999831 0.00595103 0.0 0.0 0.0 1.0
office/seq-10/color/frame-000008.color.png office/seq-10/color/frame-000010.color.png 0.999877 -0.00695094 -0.0140469 0.0105947 0.00727279 0.999709 0.022993 -0.00879219 0.013883 -0.0230923 0.999637 0.0192229 0.0 0.0 0.0 1.0
office/seq-10/color/frame-000010.color.png office/seq-10/color/frame-000012.color.png 0.999934 0.0019033 -0.0112898 0.0142005 -0.00174603 0.999902 0.0139234 -0.00431915 0.0113152 -0.0139027 0.999839 0.0151427 0.0 0.0 0.0 1.0
office/seq-10/color/frame-000012.color.png office/seq-10/color/frame-000014.color.png 0.999984 0.000489136 -0.00564337 0.0179215 -0.000388139 0.99984 0.0178833 -0.00742891 0.00565121 -0.0178808 0.999824 0.0244336 0.0 0.0 0.0 1.0
office/seq-10/color/frame-000014.color.png office/seq-10/color/frame-000016.color.png 1.0 0.000696433 0.000399863 0.0107722 -0.000697743 0.999994 0.00329885 -0.00829267 -0.000397561 -0.00329913 0.999994 0.0197353 0.0 0.0 0.0 1.0
office/seq-10/color/frame-000016.color.png office/seq-10/color/frame-000018.color.png 0.999989 -0.00145796 -0.00435894 0.0144322 0.00146066 0.999999 0.000616855 0.0065336 0.00435804 -0.000623232 0.99999 0.00584762 0.0 0.0 0.0 1.0
office/seq-10/color/frame-000018.color.png office/seq-10/color/frame-000020.color.png 0.999951 -0.00582223 -0.00806117 0.0287617 0.00591532 0.999915 0.0115713 -0.0163047 0.00799312 -0.0116184 0.999901 0.00966904 0.0 0.0 0.0 1.0
office/seq-10/color/frame-000020.color.png office/seq-10/color/frame-000022.color.png 0.99996 -0.00845566 -0.00298164 0.0243749 0.0084603 0.999963 0.00155066 -0.0126636 0.00296842 -0.00157585 0.999994 0.0232504 0.0 0.0 0.0 1.0
office/seq-10/color/frame-000022.color.png office/seq-10/color/frame-000024.color.png 0.999967 -0.00816347 -7.79792e-05 0.0128906 0.00816382 0.999938 0.00761436 -0.00548707 1.58065e-05 -0.00761473 0.999971 0.015292 0.0 0.0 0.0 1.0
office/seq-10/color/frame-000024.color.png office/seq-10/color/frame-000026.color.png 0.999998 0.000233896 -0.00174881 0.0127448 -0.00023016 0.999998 0.00212864 -0.0111943 0.00174931 -0.00212822 0.999996 0.0168313 0.0 0.0 0.0 1.0
office/seq-10/color/frame-000026.color.png office/seq-10/color/frame-000028.color.png 0.999995 -0.00177974 0.00253349 0.0302311 0.00179067 0.999989 -0.0043185 -0.000468813 -0.00252578 0.00432303 0.999987 0.0158034 0.0 0.0 0.0 1.0
office/seq-10/color/frame-000028.color.png office/seq-10/color/frame-000030.color.png 0.999999 9.15293e-05 0.00136407 0.0138162 -0.000100114 0.99998 0.00629083 -0.00678604 -0.00136346 -0.00629098 0.999979 0.0141954 0.0 0.0 0.0 1.0
office/seq-10/color/frame-000030.color.png office/seq-10/color/frame-000032.color.png 0.999995 0.000887917 0.00302822 0.0102591 -0.000897409 0.999995 0.00313015 -0.00974505 -0.00302543 -0.00313285 0.999991 0.0121683 0.0 0.0 0.0 1.0
office/seq-10/color/frame-000032.color.png office/seq-10/color/frame-000034.color.png 0.999864 -0.0142238 0.00837808 0.0180988 0.0141655 0.999875 0.00697004 0.00125779 -0.00847618 -0.00685039 0.999941 0.0108597 0.0 0.0 0.0 1.0
office/seq-10/color/frame-000034.color.png office/seq-10/color/frame-000036.color.png 0.999991 0.00348033 0.00219326 0.00892395 -0.00350789 0.999913 0.0126986 -0.0101141 -0.00214888 -0.0127062 0.999917 0.0120524 0.0 0.0 0.0 1.0
office/seq-10/color/frame-000036.color.png office/seq-10/color/frame-000038.color.png 0.999984 0.00162833 0.00544663 0.00202543 -0.00165721 0.999985 0.00530134 -0.00901506 -0.0054379 -0.00531026 0.999971 0.00510213 0.0 0.0 0.0 1.0
office/seq-10/color/frame-000038.color.png office/seq-10/color/frame-000040.color.png 0.99999 0.00232199 0.00386936 0.0191662 -0.00239155 0.999834 0.0180726 -0.013681 -0.00382675 -0.0180816 0.999829 0.00971565 0.0 0.0 0.0 1.0
office/seq-10/color/frame-000040.color.png office/seq-10/color/frame-000042.color.png 0.99996 -9.74024e-05 0.00899925 0.00231645 6.06668e-05 0.999992 0.00408253 -0.00727689 -0.00899958 -0.00408187 0.999951 0.0102222 0.0 0.0 0.0 1.0
office/seq-10/color/frame-000042.color.png office/seq-10/color/frame-000044.color.png 0.999985 0.00534431 0.000947284 0.0171869 -0.00535083 0.999961 0.00700027 -0.00851254 -0.000909838 -0.00700522 0.999975 0.00574431 0.0 0.0 0.0 1.0
office/seq-10/color/frame-000044.color.png office/seq-10/color/frame-000046.color.png 0.999778 -0.00181937 0.0209742 0.0100648 0.00166436 0.999971 0.00740605 -0.0137321 -0.020987 -0.00736948 0.999753 0.0189272 0.0 0.0 0.0 1.0
office/seq-10/color/frame-000046.color.png office/seq-10/color/frame-000048.color.png 0.999969 0.00289626 0.00736466 0.0225191 -0.00291739 0.999992 0.00286155 0.00396035 -0.00735631 -0.00288293 0.999969 0.00439435 0.0 0.0 0.0 1.0
office/seq-10/color/frame-000048.color.png office/seq-10/color/frame-000050.color.png 0.999687 -0.0134185 0.0210974 0.00974828 0.013205 0.999861 0.0102255 -0.00835519 -0.0212317 -0.00994376 0.999725 0.0205919 0.0 0.0 0.0 1.0
office/seq-10/color/frame-000050.color.png office/seq-10/color/frame-000052.color.png 0.999255 -0.00382763 0.0383947 0.0158405 0.00348971 0.999955 0.00886401 -0.0116573 -0.0384269 -0.00872344 0.999223 0.0270509 0.0 0.0 0.0 1.0
office/seq-10/color/frame-000052.color.png office/seq-10/color/frame-000054.color.png 0.999528 -0.00694705 0.0299432 0.0147637 0.00676786 0.999959 0.0060822 -0.0145984 -0.0299842 -0.00587664 0.999533 0.0172299 0.0 0.0 0.0 1.0
office/seq-10/color/frame-000054.color.png office/seq-10/color/frame-000056.color.png 0.99888 -0.0094873 0.0463583 0.010128 0.00946068 0.999955 0.000793307 -0.0180778 -0.0463637 -0.000353878 0.998925 0.0348374 0.0 0.0 0.0 1.0
office/seq-10/color/frame-000056.color.png office/seq-10/color/frame-000058.color.png 0.99968 -0.00629657 0.0245166 0.0186098 0.00654956 0.999926 -0.0102529 0.00200067 -0.0244502 0.0104102 0.999647 0.0134037 0.0 0.0 0.0 1.0
office/seq-10/color/frame-000058.color.png office/seq-10/color/frame-000060.color.png 0.998879 -0.00339465 0.0472189 -0.000456989 0.00322404 0.999988 0.00368965 -0.0129393 -0.0472309 -0.00353326 0.998878 0.0258483 0.0 0.0 0.0 1.0
office/seq-10/color/frame-000060.color.png office/seq-10/color/frame-000062.color.png 0.999757 -0.00112146 0.0220162 0.019971 0.00115684 0.999998 -0.00159553 -0.0127487 -0.0220143 0.00162058 0.999756 0.0182028 0.0 0.0 0.0 1.0
office/seq-10/color/frame-000062.color.png office/seq-10/color/frame-000064.color.png 0.999642 -0.0101113 0.0247496 0.0136466 0.010145 0.999948 -0.00123912 -0.0197653 -0.0247357 0.00148974 0.999693 0.0285411 0.0 0.0 0.0 1.0
office/seq-10/color/frame-000064.color.png office/seq-10/color/frame-000066.color.png 0.999917 -0.00980413 0.00831181 0.00927705 0.00978216 0.999949 0.00268 -0.0258897 -0.00833757 -0.00259842 0.999962 0.021576 0.0 0.0 0.0 1.0
office/seq-10/color/frame-000066.color.png office/seq-10/color/frame-000068.color.png 0.999807 -0.0165172 0.0106225 0.0135303 0.0165538 0.999857 -0.00336898 -0.0137633 -0.0105654 0.00354417 0.999938 0.0110215 0.0 0.0 0.0 1.0
office/seq-10/color/frame-000068.color.png office/seq-10/color/frame-000070.color.png 0.999387 -0.0165763 0.0308256 0.0119353 0.0165328 0.999862 0.00166374 -0.0181126 -0.0308488 -0.00115309 0.999523 0.0273408 0.0 0.0 0.0 1.0
office/seq-10/color/frame-000070.color.png office/seq-10/color/frame-000072.color.png 0.999608 -0.0232151 0.0156551 0.0328004 0.0231512 0.999723 0.00424687 -0.0298875 -0.0157494 -0.00388277 0.999868 0.0172749 0.0 0.0 0.0 1.0
office/seq-10/color/frame-000072.color.png office/seq-10/color/frame-000074.color.png 0.999657 -0.0200414 0.0168548 0.0277158 0.0199475 0.999785 0.00571994 -0.0257844 -0.0169658 -0.00538178 0.999842 0.019684 0.0 0.0 0.0 1.0
office/seq-10/color/frame-000074.color.png office/seq-10/color/frame-000076.color.png 0.999464 0.00249408 0.0326544 0.0123336 -0.0026827 0.99998 0.00573441 -0.000220746 -0.0326395 -0.00581892 0.99945 0.0370913 0.0 0.0 0.0 1.0
office/seq-10/color/frame-000076.color.png office/seq-10/color/frame-000078.color.png 0.999506 -0.00603117 0.0308412 0.00743216 0.00581348 0.999958 0.00714244 -0.0165192 -0.030883 -0.00695964 0.999499 0.0323891 0.0 0.0 0.0 1.0
office/seq-10/color/frame-000078.color.png office/seq-10/color/frame-000080.color.png 0.999234 -0.00189023 0.0390865 0.0103888 0.00181432 0.999996 0.00197891 0.000414401 -0.03909 -0.00190645 0.999234 0.0453789 0.0 0.0 0.0 1.0
office/seq-10/color/frame-000080.color.png office/seq-10/color/frame-000082.color.png 0.999583 0.00293111 0.0287208 0.00616169 -0.0030769 0.999983 0.00503073 -0.00593185 -0.0287056 -0.00511701 0.999575 0.0381131 0.0 0.0 0.0 1.0
office/seq-10/color/frame-000082.color.png office/seq-10/color/frame-000084.color.png 0.999548 -0.0218319 0.0206946 0.0545121 0.0218685 0.99976 -0.0015395 -0.0540247 -0.020656 0.00199132 0.999785 0.0406677 0.0 0.0 0.0 1.0
office/seq-10/color/frame-000084.color.png office/seq-10/color/frame-000086.color.png 0.999768 -0.00247085 0.0214002 0.0123508 0.00274571 0.999914 -0.0128272 0.000104874 -0.0213667 0.0128829 0.999689 0.0361373 0.0 0.0 0.0 1.0
office/seq-10/color/frame-000086.color.png office/seq-10/color/frame-000088.color.png 0.999669 -0.00382774 0.0254549 0.0153243 0.00429518 0.999823 -0.0183338 -0.0011324 -0.0253801 0.0184371 0.999508 0.0424947 0.0 0.0 0.0 1.0
office/seq-10/color/frame-000088.color.png office/seq-10/color/frame-000090.color.png 0.999826 -0.00392596 0.0182403 0.00459093 0.00398512 0.999987 -0.00320567 -0.011319 -0.0182276 0.00327782 0.999829 0.0316806 0.0 0.0 0.0 1.0
office/seq-10/color/frame-000090.color.png office/seq-10/color/frame-000092.color.png 0.999611 -0.0206378 0.0187662 0.0252638 0.0205913 0.999784 0.00266797 -0.0175075 -0.0188173 -0.00228054 0.99982 0.0345771 0.0 0.0 0.0 1.0
office/seq-10/color/frame-000092.color.png office/seq-10/color/frame-000094.color.png 0.999764 -0.0153191 0.0154212 0.00276423 0.0152795 0.99988 0.00268465 -0.0180841 -0.0154603 -0.00244834 0.999878 0.0302028 0.0 0.0 0.0 1.0
office/seq-10/color/frame-000094.color.png office/seq-10/color/frame-000096.color.png 0.999727 -0.00457273 0.0229032 -0.00168556 0.00452189 0.999987 0.0022727 -0.00372803 -0.0229133 -0.00216854 0.999735 0.0392845 0.0 0.0 0.0 1.0
office/seq-10/color/frame-000096.color.png office/seq-10/color/frame-000098.color.png 0.999873 -0.014984 0.00539009 0.00392455 0.0149633 0.999881 0.00385382 -0.0290398 -0.00544726 -0.00377271 0.999978 0.0214574 0.0 0.0 0.0 1.0
office/seq-10/color/frame-000098.color.png office/seq-10/color/frame-000100.color.png 0.999988 -0.00329603 -0.00367381 0.0189204 0.00329527 0.999995 -0.000223646 0.00238502 0.00367463 0.000211517 0.999993 0.00980937 0.0 0.0 0.0 1.0
office/seq-10/color/frame-000100.color.png office/seq-10/color/frame-000102.color.png 0.999817 -0.0130323 -0.0139858 0.0176102 0.0132079 0.999834 0.0125393 -0.0306723 0.01382 -0.0127217 0.999824 0.00590956 0.0 0.0 0.0 1.0
office/seq-10/color/frame-000102.color.png office/seq-10/color/frame-000104.color.png 0.999925 0.00474147 -0.0112806 0.019053 -0.00458101 0.999889 0.014204 -0.00364992 0.0113466 -0.0141512 0.999835 -0.00365454 0.0 0.0 0.0 1.0
office/seq-10/color/frame-000104.color.png office/seq-10/color/frame-000106.color.png 0.999942 -0.00280207 -0.0103674 0.0202725 0.00294938 0.999894 0.0142307 -0.0197149 0.0103264 -0.0142605 0.999845 0.00695544 0.0 0.0 0.0 1.0
office/seq-10/color/frame-000106.color.png office/seq-10/color/frame-000108.color.png 0.99991 -0.00839037 -0.0104232 0.0164933 0.00846412 0.999939 0.0070457 -0.0199932 0.0103634 -0.00713329 0.999921 -0.000113249 0.0 0.0 0.0 1.0
office/seq-10/color/frame-000108.color.png office/seq-10/color/frame-000110.color.png 0.999962 0.000959638 -0.0086668 0.0185807 -0.000942414 0.999998 0.00199424 -0.00598761 0.00866877 -0.00198602 0.99996 -0.000270724 0.0 0.0 0.0 1.0
office/seq-10/color/frame-000110.color.png office/seq-10/color/frame-000112.color.png 0.999703 0.011129 -0.0216716 0.0311974 -0.0112575 0.99992 -0.00581484 0.0181774 0.0216052 0.0060571 0.999748 -0.00225025 0.0 0.0 0.0 1.0
office/seq-10/color/frame-000112.color.png office/seq-10/color/frame-000114.color.png 0.999803 -0.0148637 -0.0131872 0.0101765 0.0147205 0.999832 -0.0109013 -0.0013153 0.0133469 0.010705 0.999853 -0.00409782 0.0 0.0 0.0 1.0
office/seq-10/color/frame-000114.color.png office/seq-10/color/frame-000116.color.png 0.999832 -0.00075083 -0.0183018 0.0398507 0.000754716 1.0 0.000205327 -0.00672027 0.0183017 -0.000219078 0.999833 -0.00999516 0.0 0.0 0.0 1.0
office/seq-10/color/frame-000116.color.png office/seq-10/color/frame-000118.color.png 0.999815 0.0190315 -0.00281574 0.0366094 -0.0190509 0.999794 -0.00703949 0.0509978 0.00268127 0.00709183 0.999971 0.00374132 0.0 0.0 0.0 1.0
office/seq-10/color/frame-000118.color.png office/seq-10/color/frame-000120.color.png 0.999979 -0.00456565 -0.00458368 0.0227469 0.00457478 0.999988 0.00201203 -0.0133474 0.00457441 -0.00203297 0.999987 0.0040977 0.0 0.0 0.0 1.0
office/seq-10/color/frame-000120.color.png office/seq-10/color/frame-000122.color.png 0.999758 -0.0121264 -0.0183432 0.0438713 0.0118476 0.999814 -0.0152376 -0.00130889 0.0185246 0.0150166 0.999716 -0.0104858 0.0 0.0 0.0 1.0
office/seq-10/color/frame-000122.color.png office/seq-10/color/frame-000124.color.png 0.999262 0.012347 -0.0363704 0.0602784 -0.0126307 0.999892 -0.00757987 0.0165944 0.0362728 0.00803363 0.99931 -0.0301269 0.0 0.0 0.0 1.0
office/seq-10/color/frame-000124.color.png office/seq-10/color/frame-000126.color.png 0.99895 0.0341154 -0.0305645 0.0802721 -0.0339383 0.999404 0.00629454 0.0607521 0.030761 -0.00525065 0.999513 -0.0301618 0.0 0.0 0.0 1.0
office/seq-10/color/frame-000126.color.png office/seq-10/color/frame-000128.color.png 0.999673 0.0235157 -0.0100116 0.0127683 -0.0233403 0.999578 0.0172851 0.0172238 0.0104139 -0.0170457 0.999801 -0.00355452 0.0 0.0 0.0 1.0
office/seq-10/color/frame-000128.color.png office/seq-10/color/frame-000130.color.png 0.99777 -0.00132498 -0.0667339 0.0887461 0.000684892 0.999954 -0.00961332 -0.0019446 0.0667437 0.00954613 0.997725 -0.0714102 0.0 0.0 0.0 1.0
office/seq-10/color/frame-000130.color.png office/seq-10/color/frame-000132.color.png 0.99878 0.0451474 -0.0200142 0.0414786 -0.0450943 0.998978 0.00309616 0.0606924 0.0201335 -0.00218982 0.999795 -0.0234771 0.0 0.0 0.0 1.0
office/seq-10/color/frame-000132.color.png office/seq-10/color/frame-000134.color.png 0.999775 -0.00690493 -0.0200689 0.0362056 0.00692922 0.999975 0.0011395 -0.0146888 0.0200606 -0.00127831 0.999798 -0.0185407 0.0 0.0 0.0 1.0
office/seq-10/color/frame-000134.color.png office/seq-10/color/frame-000136.color.png 0.998092 0.0232616 -0.0571885 0.0596454 -0.0212963 0.99917 0.0347386 -0.00894845 0.0579491 -0.0334544 0.997759 -0.0712128 0.0 0.0 0.0 1.0
office/seq-10/color/frame-000136.color.png office/seq-10/color/frame-000138.color.png 0.999584 0.00607991 -0.0281885 0.0298856 -0.00591783 0.999965 0.00583079 -0.00843582 0.0282229 -0.00566159 0.999586 -0.0315005 0.0 0.0 0.0 1.0
office/seq-10/color/frame-000138.color.png office/seq-10/color/frame-000140.color.png 0.999657 -0.00432627 -0.0258419 0.0108662 0.0044982 0.999968 0.00659844 -0.0213468 0.0258126 -0.00671236 0.999644 -0.033048 0.0 0.0 0.0 1.0
office/seq-10/color/frame-000140.color.png office/seq-10/color/frame-000142.color.png 0.998775 0.0109902 -0.0482431 0.0414983 -0.0101576 0.999796 0.0174694 -0.0165149 0.0484252 -0.016958 0.998683 -0.0668008 0.0 0.0 0.0 1.0
office/seq-10/color/frame-000142.color.png office/seq-10/color/frame-000144.color.png 0.997815 0.0251613 -0.0610937 0.0588058 -0.0247486 0.999666 0.00750343 0.00662127 0.061262 -0.00597513 0.998104 -0.0715187 0.0 0.0 0.0 1.0
office/seq-10/color/frame-000144.color.png office/seq-10/color/frame-000146.color.png 0.998726 0.0107157 -0.0492998 0.043532 -0.0103316 0.999914 0.00803827 -0.0267538 0.0493817 -0.0075186 0.998752 -0.060613 0.0 0.0 0.0 1.0
office/seq-10/color/frame-000146.color.png office/seq-10/color/frame-000148.color.png 0.998628 0.0256278 -0.0456627 0.0466031 -0.0260716 0.999618 -0.00914854 0.0383402 0.0454108 0.0103264 0.998915 -0.0522497 0.0 0.0 0.0 1.0
office/seq-10/color/frame-000148.color.png office/seq-10/color/frame-000150.color.png 0.99885 0.021246 -0.0429796 0.0445659 -0.0214487 0.999761 -0.00426061 0.01177 0.0428788 0.00517759 0.999067 -0.046837 0.0 0.0 0.0 1.0
office/seq-10/color/frame-000150.color.png office/seq-10/color/frame-000152.color.png 0.999205 0.0123474 -0.0379073 0.0198462 -0.0121803 0.999915 0.00463621 -0.00342864 0.0379613 -0.00417071 0.999271 -0.0513045 0.0 0.0 0.0 1.0
office/seq-10/color/frame-000152.color.png office/seq-10/color/frame-000154.color.png 0.998769 0.00918412 -0.0487442 0.0576515 -0.00934349 0.999952 -0.00304282 0.00341779 0.0487139 0.00349448 0.998807 -0.0455109 0.0 0.0 0.0 1.0
office/seq-10/color/frame-000154.color.png office/seq-10/color/frame-000156.color.png 0.999378 0.0155389 -0.0316659 0.0227667 -0.0153259 0.999858 0.00695873 -0.0265463 0.0317696 -0.00646904 0.999474 -0.050692 0.0 0.0 0.0 1.0
office/seq-10/color/frame-000156.color.png office/seq-10/color/frame-000158.color.png 0.999486 -0.0121435 -0.0296797 0.0470698 0.011822 0.99987 -0.0109842 -0.0283462 0.0298092 0.0106276 0.999499 -0.0117207 0.0 0.0 0.0 1.0
office/seq-10/color/frame-000158.color.png office/seq-10/color/frame-000160.color.png 0.99988 -0.00414501 -0.0149218 0.00877142 0.00376648 0.999673 -0.0253071 -0.00811702 0.0150218 0.0252479 0.999568 -0.00838441 0.0 0.0 0.0 1.0
office/seq-10/color/frame-000160.color.png office/seq-10/color/frame-000162.color.png 0.999691 0.000806729 -0.0248445 0.0314157 -0.0012345 0.999851 -0.0172075 -0.0140747 0.0248269 0.0172329 0.999543 -0.0254347 0.0 0.0 0.0 1.0
office/seq-10/color/frame-000162.color.png office/seq-10/color/frame-000164.color.png 0.999777 0.00073994 -0.0210907 0.0261743 -0.000958449 0.999946 -0.0103521 -0.00167286 0.021082 0.01037 0.999724 -0.022678 0.0 0.0 0.0 1.0
office/seq-10/color/frame-000164.color.png office/seq-10/color/frame-000166.color.png 0.999501 0.0062899 -0.0309453 0.0563092 -0.00678022 0.999853 -0.0157661 0.00836718 0.0308416 0.015968 0.999397 -0.0334314 0.0 0.0 0.0 1.0
office/seq-10/color/frame-000166.color.png office/seq-10/color/frame-000168.color.png 0.999355 0.0207205 -0.0293127 0.0383105 -0.0209125 0.999762 -0.00625945 0.0174496 0.029176 0.00686845 0.999551 -0.0460267 0.0 0.0 0.0 1.0
office/seq-10/color/frame-000168.color.png office/seq-10/color/frame-000170.color.png 0.999361 0.00655843 -0.0351414 0.0556931 -0.00638455 0.999967 0.00505775 -0.0257253 0.0351734 -0.00483018 0.99937 -0.053332 0.0 0.0 0.0 1.0
office/seq-10/color/frame-000170.color.png office/seq-10/color/frame-000172.color.png 0.999423 0.0165541 -0.0296511 0.054774 -0.0169122 0.999787 -0.0118673 0.0270029 0.0294484 0.0123619 0.99949 -0.0354794 0.0 0.0 0.0 1.0
office/seq-10/color/frame-000172.color.png office/seq-10/color/frame-000174.color.png 0.999485 0.015459 -0.0280997 0.0419106 -0.0156046 0.999866 -0.00496892 0.0048309 0.0280191 0.00540487 0.999593 -0.0353152 0.0 0.0 0.0 1.0
office/seq-10/color/frame-000174.color.png office/seq-10/color/frame-000176.color.png 0.999144 0.011425 -0.0397653 0.0715461 -0.0119924 0.999829 -0.0140592 0.0287527 0.0395979 0.014524 0.99911 -0.05295 0.0 0.0 0.0 1.0
office/seq-10/color/frame-000176.color.png office/seq-10/color/frame-000178.color.png 0.999287 0.0203166 -0.0318095 0.0446248 -0.0203182 0.999794 0.000273553 0.0118135 0.0318085 0.000372982 0.999494 -0.0562156 0.0 0.0 0.0 1.0
office/seq-10/color/frame-000178.color.png office/seq-10/color/frame-000180.color.png 0.998884 0.00961024 -0.0462341 0.0880495 -0.0094264 0.999947 0.0041927 0.00127226 0.046272 -0.00375224 0.998922 -0.0761771 0.0 0.0 0.0 1.0
office/seq-10/color/frame-000180.color.png office/seq-10/color/frame-000182.color.png 0.998187 0.00978437 -0.0593841 0.112376 -0.00948103 0.999941 0.00538856 -0.00958663 0.0594333 -0.00481574 0.998221 -0.0657402 0.0 0.0 0.0 1.0
office/seq-10/color/frame-000182.color.png office/seq-10/color/frame-000184.color.png 0.999445 0.00296343 -0.0331658 0.0603933 -0.00267298 0.999958 0.00879699 -0.0169649 0.0331905 -0.00870351 0.999411 -0.0690975 0.0 0.0 0.0 1.0
office/seq-10/color/frame-000184.color.png office/seq-10/color/frame-000186.color.png 0.99926 0.00615467 -0.0379676 0.0494255 -0.00611236 0.999981 0.00122977 0.0038057 0.0379743 -0.000996818 0.999278 -0.0766132 0.0 0.0 0.0 1.0
office/seq-10/color/frame-000186.color.png office/seq-10/color/frame-000188.color.png 0.998878 0.0075427 -0.0467509 0.0640178 -0.00713378 0.999935 0.00890733 -0.00473619 0.046815 -0.00856374 0.998867 -0.0670922 0.0 0.0 0.0 1.0
office/seq-10/color/frame-000188.color.png office/seq-10/color/frame-000190.color.png 0.999432 0.00502592 -0.0333151 0.0274547 -0.00502509 0.999987 0.000110509 0.00814795 0.0333152 5.69689e-05 0.999445 -0.0671762 0.0 0.0 0.0 1.0
office/seq-10/color/frame-000190.color.png office/seq-10/color/frame-000192.color.png 0.999387 0.00607703 -0.0344889 0.0401189 -0.00612389 0.999981 -0.00125337 0.0158509 0.0344808 0.00146377 0.999404 -0.059747 0.0 0.0 0.0 1.0
office/seq-10/color/frame-000192.color.png office/seq-10/color/frame-000194.color.png 0.999184 0.00711752 -0.0397483 0.0347993 -0.00726535 0.999967 -0.00357574 0.0227988 0.0397214 0.00386162 0.999203 -0.0670773 0.0 0.0 0.0 1.0
office/seq-10/color/frame-000194.color.png office/seq-10/color/frame-000196.color.png 0.9988 0.011776 -0.0475356 0.0582498 -0.01157 0.999922 0.00460682 -0.00190425 0.0475862 -0.0040513 0.998859 -0.0663691 0.0 0.0 0.0 1.0
office/seq-10/color/frame-000196.color.png office/seq-10/color/frame-000198.color.png 0.999188 0.0103433 -0.0389325 0.0381795 -0.0104856 0.999939 -0.0034532 0.024883 0.0388944 0.00385863 0.999236 -0.0450763 0.0 0.0 0.0 1.0
office/seq-10/color/frame-000198.color.png office/seq-10/color/frame-000200.color.png 0.999859 0.0116143 -0.0121693 0.00151062 -0.0116723 0.999921 -0.00470436 0.0175255 0.0121137 0.00484571 0.999915 -0.0400451 0.0 0.0 0.0 1.0
office/seq-10/color/frame-000200.color.png office/seq-10/color/frame-000202.color.png 0.999731 0.00597308 -0.0223976 0.0232811 -0.00598212 0.999982 -0.000341804 0.0143465 0.0223952 0.000475692 0.999749 -0.035889 0.0 0.0 0.0 1.0
office/seq-10/color/frame-000202.color.png office/seq-10/color/frame-000204.color.png 0.999926 0.00127257 -0.0120863 -0.00880301 -0.0013206 0.999991 -0.00395849 0.0122437 0.0120811 0.00397418 0.999919 -0.0290921 0.0 0.0 0.0 1.0
office/seq-10/color/frame-000204.color.png office/seq-10/color/frame-000206.color.png 0.999462 -0.00353066 -0.0326201 0.0621599 0.00370904 0.999979 0.00540763 -0.0102811 0.0326002 -0.00552574 0.999453 -0.0334247 0.0 0.0 0.0 1.0
office/seq-10/color/frame-000206.color.png office/seq-10/color/frame-000208.color.png 0.999883 -0.000666012 -0.0152762 0.00155783 0.000826327 0.999945 0.0104936 -0.024975 0.0152685 -0.010505 0.999828 -0.0375407 0.0 0.0 0.0 1.0
office/seq-10/color/frame-000208.color.png office/seq-10/color/frame-000210.color.png 0.999951 0.000922547 -0.00989353 0.00536048 -0.000895567 0.999996 0.002733 0.00718558 0.00989599 -0.00272403 0.999947 -0.0278728 0.0 0.0 0.0 1.0
office/seq-10/color/frame-000210.color.png office/seq-10/color/frame-000212.color.png 0.999941 -0.000746833 -0.0108409 0.00832534 0.000741364 0.999999 -0.000506152 0.00866538 0.0108414 0.000498122 0.999941 -0.0221669 0.0 0.0 0.0 1.0
office/seq-10/color/frame-000212.color.png office/seq-10/color/frame-000214.color.png 0.999929 0.00257791 -0.0115983 0.00607395 -0.0024876 0.999967 0.00778859 -0.00378412 0.0116179 -0.00775922 0.999902 -0.0280058 0.0 0.0 0.0 1.0
office/seq-10/color/frame-000214.color.png office/seq-10/color/frame-000216.color.png 0.999955 0.00205028 -0.00923962 0.000925899 -0.00201007 0.999988 0.00437478 0.0069747 0.00924836 -0.00435599 0.999948 -0.0277365 0.0 0.0 0.0 1.0
office/seq-10/color/frame-000216.color.png office/seq-10/color/frame-000218.color.png 0.999987 0.00494071 -0.00131944 -0.0221795 -0.00494111 0.999988 -0.000325937 0.0231006 0.00131798 0.000332453 0.999999 -0.0367022 0.0 0.0 0.0 1.0
office/seq-10/color/frame-000218.color.png office/seq-10/color/frame-000220.color.png 0.999803 0.00381172 -0.0194941 0.0128469 -0.00361846 0.999944 0.00993621 -0.0121417 0.0195308 -0.00986375 0.999761 -0.0250197 0.0 0.0 0.0 1.0
office/seq-10/color/frame-000220.color.png office/seq-10/color/frame-000222.color.png 0.999948 -0.00462256 -0.00905088 -0.00327504 0.00464395 0.999986 0.00234774 0.00147116 0.00903997 -0.00238965 0.999956 -0.030647 0.0 0.0 0.0 1.0
office/seq-10/color/frame-000222.color.png office/seq-10/color/frame-000224.color.png 0.999662 -0.00756301 -0.0248675 0.0163647 0.00756088 0.999971 -0.000180263 -0.0052405 0.024868 -7.81798e-06 0.999691 -0.0365638 0.0 0.0 0.0 1.0
office/seq-10/color/frame-000224.color.png office/seq-10/color/frame-000226.color.png 0.999286 -0.0121572 -0.0357639 0.0291872 0.0123872 0.999904 0.00621675 -0.0193676 0.035685 -0.00665535 0.999341 -0.0388095 0.0 0.0 0.0 1.0
office/seq-10/color/frame-000226.color.png office/seq-10/color/frame-000228.color.png 0.999788 -0.00144077 -0.0205595 0.00632679 0.001139 0.999892 -0.0146867 0.0115523 0.0205784 0.0146602 0.999681 -0.0267336 0.0 0.0 0.0 1.0
office/seq-10/color/frame-000228.color.png office/seq-10/color/frame-000230.color.png 0.999765 -0.0111203 -0.0186197 0.00941873 0.0109252 0.999885 -0.010545 -0.012925 0.0187348 0.0103391 0.999771 -0.0353445 0.0 0.0 0.0 1.0
office/seq-10/color/frame-000230.color.png office/seq-10/color/frame-000232.color.png 0.99945 -0.00012918 -0.0331623 0.031298 -0.00012656 0.99997 -0.00771035 0.00469077 0.0331624 0.0077103 0.99942 -0.0451644 0.0 0.0 0.0 1.0
office/seq-10/color/frame-000232.color.png office/seq-10/color/frame-000234.color.png 0.999211 -9.07826e-05 -0.0397234 0.0291889 -0.000615401 0.999842 -0.017766 0.0238129 0.0397187 0.0177764 0.999053 -0.0579689 0.0 0.0 0.0 1.0
office/seq-10/color/frame-000234.color.png office/seq-10/color/frame-000236.color.png 0.998876 0.0142607 -0.0452092 0.0402156 -0.014644 0.99986 -0.00815798 0.00827122 0.0450865 0.00881088 0.998944 -0.0589423 0.0 0.0 0.0 1.0
office/seq-10/color/frame-000236.color.png office/seq-10/color/frame-000238.color.png 0.999399 0.00785383 -0.0337527 0.0300503 -0.00842204 0.999825 -0.0167272 0.0207664 0.0336155 0.0170014 0.99929 -0.0408128 0.0 0.0 0.0 1.0
office/seq-10/color/frame-000238.color.png office/seq-10/color/frame-000240.color.png 0.999223 0.00309713 -0.0393023 0.0284613 -0.0034605 0.999952 -0.00918054 0.0126163 0.039272 0.00930939 0.999185 -0.0442241 0.0 0.0 0.0 1.0
office/seq-10/color/frame-000240.color.png office/seq-10/color/frame-000242.color.png 0.998829 0.00587595 -0.0480163 0.0497149 -0.00612088 0.999969 -0.00495524 0.0235698 0.0479857 0.00524332 0.998834 -0.0609739 0.0 0.0 0.0 1.0
office/seq-10/color/frame-000242.color.png office/seq-10/color/frame-000244.color.png 0.998639 0.0152837 -0.0498645 0.0453779 -0.0151108 0.999879 0.00384249 0.0213341 0.0499172 -0.00308377 0.998749 -0.0830532 0.0 0.0 0.0 1.0
office/seq-10/color/frame-000244.color.png office/seq-10/color/frame-000246.color.png 0.999414 0.00982732 -0.0327941 0.0264417 -0.00963959 0.999936 0.00588017 0.00872475 0.0328498 -0.0055606 0.999445 -0.0336406 0.0 0.0 0.0 1.0
office/seq-10/color/frame-000246.color.png office/seq-10/color/frame-000248.color.png 0.999291 0.0150594 -0.0345082 0.0309824 -0.014833 0.999867 0.00680574 0.0136248 0.0346061 -0.00628905 0.999381 -0.0432513 0.0 0.0 0.0 1.0
office/seq-10/color/frame-000248.color.png office/seq-10/color/frame-000250.color.png 0.999662 0.00716006 -0.0249798 0.0207107 -0.00722957 0.99997 -0.00269395 0.0144426 0.0249598 0.00287363 0.999684 -0.0347283 0.0 0.0 0.0 1.0
office/seq-10/color/frame-000250.color.png office/seq-10/color/frame-000252.color.png 0.99935 0.0137283 -0.033325 0.0291758 -0.0137936 0.999903 -0.00172768 0.01962 0.0332981 0.00218625 0.999443 -0.0506225 0.0 0.0 0.0 1.0
office/seq-10/color/frame-000252.color.png office/seq-10/color/frame-000254.color.png 0.999394 0.0134121 -0.032115 0.0256008 -0.0134158 0.99991 0.000101179 0.0320737 0.0321135 0.000329744 0.999484 -0.0304368 0.0 0.0 0.0 1.0
office/seq-10/color/frame-000254.color.png office/seq-10/color/frame-000256.color.png 0.999797 0.00704492 -0.0188543 0.0143255 -0.00703329 0.999975 0.000682399 0.0257885 0.0188587 -0.000549669 0.999822 -0.0319235 0.0 0.0 0.0 1.0
office/seq-10/color/frame-000256.color.png office/seq-10/color/frame-000258.color.png 0.999766 0.0181438 -0.0117391 0.000580549 -0.0181175 0.999833 0.00234376 0.0192236 0.0117797 -0.00213055 0.999928 -0.0414494 0.0 0.0 0.0 1.0
office/seq-10/color/frame-000258.color.png office/seq-10/color/frame-000260.color.png 0.999581 0.0113696 -0.0266054 0.0222507 -0.0103906 0.999274 0.0366514 0.00966787 0.0270029 -0.0363595 0.998974 -0.0448941 0.0 0.0 0.0 1.0
office/seq-10/color/frame-000260.color.png office/seq-10/color/frame-000262.color.png 0.999772 0.00544395 -0.0206465 0.021592 -0.00404893 0.997744 0.0670148 -0.0414348 0.0209647 -0.066916 0.997539 -0.0639757 0.0 0.0 0.0 1.0
office/seq-10/color/frame-000262.color.png office/seq-10/color/frame-000264.color.png 0.999955 0.00947569 0.00101543 -0.0288705 -0.0095236 0.997494 0.0701071 -0.0578805 -0.000348548 -0.0701135 0.997539 -0.0649108 0.0 0.0 0.0 1.0
office/seq-10/color/frame-000264.color.png office/seq-10/color/frame-000266.color.png 0.999962 -0.00852404 0.0019637 -0.0224745 0.00830774 0.995742 0.0918078 -0.070282 -0.00273791 -0.091788 0.995775 -0.0379907 0.0 0.0 0.0 1.0
office/seq-10/color/frame-000266.color.png office/seq-10/color/frame-000268.color.png 0.999869 -0.0016447 0.0161124 -0.0399363 0.000957523 0.999093 0.0425666 -0.0667386 -0.0161678 -0.0425456 0.998964 0.0531047 0.0 0.0 0.0 1.0
office/seq-10/color/frame-000268.color.png office/seq-10/color/frame-000270.color.png 0.997411 -0.0377533 0.061198 -0.0610914 0.0385832 0.999178 -0.0124357 -0.000504732 -0.0606782 0.0147647 0.998048 0.101359 0.0 0.0 0.0 1.0
office/seq-10/color/frame-000270.color.png office/seq-10/color/frame-000272.color.png 0.995378 -0.0133131 0.0951097 -0.0985872 0.0169172 0.999165 -0.0371882 -0.00657135 -0.0945352 0.0386253 0.994772 0.154432 0.0 0.0 0.0 1.0
office/seq-10/color/frame-000272.color.png office/seq-10/color/frame-000274.color.png 0.997029 -0.0187087 0.0747185 -0.0851533 0.0214422 0.999123 -0.0359528 -0.00992906 -0.0739804 0.0374481 0.996556 0.116017 0.0 0.0 0.0 1.0
office/seq-10/color/frame-000274.color.png office/seq-10/color/frame-000276.color.png 0.998761 -0.0174967 0.046595 -0.0580802 0.0185266 0.999592 -0.0217633 -0.0175169 -0.0461952 0.0225995 0.998677 0.0732319 0.0 0.0 0.0 1.0
office/seq-10/color/frame-000276.color.png office/seq-10/color/frame-000278.color.png 0.99802 -0.0209175 0.059324 -0.0781957 0.0221325 0.999557 -0.019897 -0.0199395 -0.0588815 0.0211706 0.99804 0.0806053 0.0 0.0 0.0 1.0
office/seq-10/color/frame-000278.color.png office/seq-10/color/frame-000280.color.png 0.998429 -0.0170073 0.0533874 -0.0717536 0.0193949 0.99882 -0.0445269 0.0051111 -0.052567 0.0454923 0.997581 0.0975308 0.0 0.0 0.0 1.0
office/seq-10/color/frame-000280.color.png office/seq-10/color/frame-000282.color.png 0.999177 -0.00419562 0.0403464 -0.0438401 0.00631702 0.998596 -0.0525971 0.0337884 -0.0400692 0.0528087 0.9978 0.0596845 0.0 0.0 0.0 1.0
office/seq-10/color/frame-000282.color.png office/seq-10/color/frame-000284.color.png 0.999387 0.00662269 0.0343702 -0.0330608 -0.00535631 0.999308 -0.0368082 0.0350168 -0.0345901 0.0366016 0.998731 0.0474489 0.0 0.0 0.0 1.0
office/seq-10/color/frame-000284.color.png office/seq-10/color/frame-000286.color.png 0.999209 0.00465588 0.0394843 -0.0505939 -0.00328316 0.99939 -0.0347596 0.0250347 -0.0396221 0.0346025 0.998615 0.0537204 0.0 0.0 0.0 1.0
office/seq-10/color/frame-000286.color.png office/seq-10/color/frame-000288.color.png 0.999517 0.0044136 0.0307502 -0.0322944 -0.00353158 0.999582 -0.0286796 0.0280811 -0.030864 0.0285572 0.999116 0.0463384 0.0 0.0 0.0 1.0
office/seq-10/color/frame-000288.color.png office/seq-10/color/frame-000290.color.png 0.999089 -0.00326497 0.0425457 -0.0502124 0.00480582 0.999334 -0.0361637 0.0267848 -0.0423992 0.0363352 0.99844 0.044488 0.0 0.0 0.0 1.0
office/seq-10/color/frame-000290.color.png office/seq-10/color/frame-000292.color.png 0.999802 0.00194003 0.0198217 -0.0246755 -0.00166615 0.999903 -0.013828 0.00106716 -0.0198465 0.0137923 0.999708 0.0274152 0.0 0.0 0.0 1.0
office/seq-10/color/frame-000292.color.png office/seq-10/color/frame-000294.color.png 0.999431 0.00110139 0.0337042 -0.0252657 -0.000442122 0.999808 -0.0195634 0.0201635 -0.0337193 0.0195374 0.99924 0.0320029 0.0 0.0 0.0 1.0
office/seq-10/color/frame-000294.color.png office/seq-10/color/frame-000296.color.png 0.999553 0.0040738 0.0296323 -0.0251811 -0.0035887 0.999859 -0.0164034 -0.00529343 -0.029695 0.0162897 0.999426 0.0194438 0.0 0.0 0.0 1.0
office/seq-10/color/frame-000296.color.png office/seq-10/color/frame-000298.color.png 0.999822 0.000577443 0.0188412 -0.0216491 -0.000423505 0.999966 -0.00817565 -0.00232118 -0.0188455 0.00816625 0.999789 0.00487 0.0 0.0 0.0 1.0
office/seq-10/color/frame-000298.color.png office/seq-10/color/frame-000300.color.png 0.99973 -0.00718457 0.0220971 -0.0215286 0.00730378 0.999959 -0.0053175 -0.0122952 -0.0220578 0.0054774 0.999742 -0.0014171 0.0 0.0 0.0 1.0
office/seq-10/color/frame-000300.color.png office/seq-10/color/frame-000302.color.png 0.999835 -0.0147397 0.0105665 -0.0145047 0.0148028 0.999873 -0.0059197 -0.0144781 -0.0104779 0.00607514 0.999927 0.0195097 0.0 0.0 0.0 1.0
office/seq-10/color/frame-000302.color.png office/seq-10/color/frame-000304.color.png 0.99986 -0.0123723 0.0112705 -0.0057745 0.0122557 0.999871 0.0103538 -0.0461349 -0.0113971 -0.0102142 0.999883 0.00366628 0.0 0.0 0.0 1.0
office/seq-10/color/frame-000304.color.png office/seq-10/color/frame-000306.color.png 0.999713 -0.0164809 0.017384 -0.0054127 0.0164449 0.999862 0.00220999 -0.0207089 -0.0174181 -0.00192349 0.999846 0.0212305 0.0 0.0 0.0 1.0
office/seq-10/color/frame-000306.color.png office/seq-10/color/frame-000308.color.png 0.999366 -0.0129929 0.033154 -0.0105196 0.0129195 0.999914 0.00242813 -0.0339683 -0.0331826 -0.00199827 0.999447 0.0472398 0.0 0.0 0.0 1.0
office/seq-10/color/frame-000308.color.png office/seq-10/color/frame-000310.color.png 0.999011 -0.0143268 0.0420876 -0.0250231 0.0144216 0.999894 -0.00195003 -0.0157808 -0.042055 0.00255509 0.999112 0.0552375 0.0 0.0 0.0 1.0
office/seq-10/color/frame-000310.color.png office/seq-10/color/frame-000312.color.png 0.999301 -0.0153792 0.0340594 -0.0275816 0.0151705 0.999865 0.00637952 -0.0270897 -0.034153 -0.00585833 0.999399 0.0221001 0.0 0.0 0.0 1.0
office/seq-10/color/frame-000312.color.png office/seq-10/color/frame-000314.color.png 0.998708 -0.00856668 0.0500853 -0.0169039 0.0076634 0.999805 0.018198 -0.0164282 -0.0502314 -0.0177907 0.998579 0.0552123 0.0 0.0 0.0 1.0
office/seq-10/color/frame-000314.color.png office/seq-10/color/frame-000316.color.png 0.999132 -0.00842107 0.0407932 -0.019473 0.00803671 0.999922 0.00957747 -0.00817418 -0.0408706 -0.00924131 0.999122 0.0226566 0.0 0.0 0.0 1.0
office/seq-10/color/frame-000316.color.png office/seq-10/color/frame-000318.color.png 0.999536 -0.00574071 0.0299133 -0.00378072 0.00487082 0.999565 0.0290745 -0.0121257 -0.0300672 -0.0289153 0.99913 0.0158755 0.0 0.0 0.0 1.0
office/seq-10/color/frame-000318.color.png office/seq-10/color/frame-000320.color.png 0.999349 0.00111305 0.0360696 0.000242114 -0.00343426 0.997921 0.0643529 -0.0273814 -0.0359232 -0.0644348 0.997275 0.0167106 0.0 0.0 0.0 1.0
office/seq-10/color/frame-000320.color.png office/seq-10/color/frame-000322.color.png 0.999542 0.00456881 0.0299261 -0.00962961 -0.00587 0.999034 0.0435377 -0.0358874 -0.0296983 -0.0436934 0.998604 0.0187615 0.0 0.0 0.0 1.0
office/seq-10/color/frame-000322.color.png office/seq-10/color/frame-000324.color.png 0.999593 -0.00418281 0.0282156 -0.0198097 0.00325646 0.999457 0.0327988 -0.0380046 -0.0283374 -0.0326936 0.999064 0.0369375 0.0 0.0 0.0 1.0
office/seq-10/color/frame-000324.color.png office/seq-10/color/frame-000326.color.png 0.999541 -0.00183502 0.0302511 -0.0193037 0.00123829 0.999805 0.0197328 -0.000951767 -0.0302814 -0.0196862 0.999348 -0.00200164 0.0 0.0 0.0 1.0
office/seq-10/color/frame-000326.color.png office/seq-10/color/frame-000328.color.png 0.999676 -0.00241501 0.0253317 -0.0148381 0.00144568 0.999268 0.0382137 -0.0309003 -0.0254054 -0.0381647 0.998948 0.0177706 0.0 0.0 0.0 1.0
office/seq-10/color/frame-000328.color.png office/seq-10/color/frame-000330.color.png 0.999937 0.00202496 0.0110703 0.000430703 -0.00239363 0.99944 0.0333894 -0.0438201 -0.0109964 -0.0334138 0.999381 0.00480825 0.0 0.0 0.0 1.0
office/seq-10/color/frame-000330.color.png office/seq-10/color/frame-000332.color.png 0.999869 0.00575199 0.0151563 -0.00675333 -0.00637078 0.999135 0.0411011 -0.0296648 -0.0149066 -0.0411923 0.99904 0.00815541 0.0 0.0 0.0 1.0
office/seq-10/color/frame-000332.color.png office/seq-10/color/frame-000334.color.png 0.999965 0.00388857 0.00737589 -0.00349069 -0.00393881 0.999969 0.00680888 0.00289202 -0.00734923 -0.00683765 0.99995 0.0110859 0.0 0.0 0.0 1.0
office/seq-10/color/frame-000334.color.png office/seq-10/color/frame-000336.color.png 0.999962 0.000724584 0.0087439 -0.00664508 -0.000771457 0.999985 0.0053604 -0.00722182 -0.00873998 -0.00536688 0.999947 0.00541353 0.0 0.0 0.0 1.0
office/seq-10/color/frame-000336.color.png office/seq-10/color/frame-000338.color.png 0.99994 0.00150492 0.010816 -0.00882876 -0.00162479 0.999937 0.0110832 -0.00742018 -0.0107986 -0.0111003 0.99988 0.00505441 0.0 0.0 0.0 1.0
office/seq-10/color/frame-000338.color.png office/seq-10/color/frame-000340.color.png 0.999961 -0.007951 0.00389653 -0.00389493 0.00792459 0.999946 0.00673685 -0.0115626 -0.00394997 -0.00670558 0.99997 0.0154195 0.0 0.0 0.0 1.0
office/seq-10/color/frame-000340.color.png office/seq-10/color/frame-000342.color.png 0.999861 -0.0022429 0.0165505 -0.0276581 0.00196704 0.999859 0.0166699 -0.0362325 -0.0165855 -0.0166352 0.999724 0.0192323 0.0 0.0 0.0 1.0
office/seq-10/color/frame-000342.color.png office/seq-10/color/frame-000344.color.png 0.999987 -0.00513252 8.89827e-05 -0.0162046 0.00513306 0.999954 -0.00813128 -0.0173893 -4.71664e-05 0.00813159 0.999967 0.0147684 0.0 0.0 0.0 1.0
office/seq-10/color/frame-000344.color.png office/seq-10/color/frame-000346.color.png 0.999411 -0.0237948 -0.024711 -0.00605857 0.02365 0.999701 -0.00613123 -0.025461 0.0248494 0.00554326 0.999676 -0.0198088 0.0 0.0 0.0 1.0
office/seq-10/color/frame-000346.color.png office/seq-10/color/frame-000348.color.png 0.99968 0.00147415 -0.0252577 0.0116688 -0.00175801 0.999935 -0.0112213 0.00438094 0.0252396 0.0112621 0.999618 -0.0199732 0.0 0.0 0.0 1.0
office/seq-10/color/frame-000348.color.png office/seq-10/color/frame-000350.color.png 0.998391 -0.0190948 -0.0533848 0.00302029 0.0188799 0.999812 -0.00452766 -0.038365 0.0534612 0.00351239 0.998564 -0.0479246 0.0 0.0 0.0 1.0
office/seq-10/color/frame-000350.color.png office/seq-10/color/frame-000352.color.png 0.998925 0.00220573 -0.0463011 0.0282356 -0.0026401 0.999953 -0.00932091 0.00580788 0.0462783 0.00943324 0.998884 -0.0354699 0.0 0.0 0.0 1.0
