office/seq-10/color/frame-000001.color.png office/seq-10/color/frame-000003.color.png 0.999997 -0.00109743 0.00217431 0.00587078 0.00110236 0.999997 -0.00226944 -0.00392157 -0.00217181 0.00227183 0.999995 -0.000854697 0.0 0.0 0.0 1.0
office/seq-10/color/frame-000003.color.png office/seq-10/color/frame-000005.color.png 0.999723 -0.0227861 0.00580096 0.00419418 0.0227579 0.999729 0.00488714 0.0074111 -0.00591075 -0.00475377 0.999971 0.00903509 0.0 0.0 0.0 1.0
office/seq-10/color/frame-000005.color.png office/seq-10/color/frame-000007.color.png 0.999934 -0.00786524 -0.00831507 0.00811269 0.00792016 0.999947 0.00659366 0.00686164 0.00826277 -0.00665909 0.999944 0.00435246 0.0 0.0 0.0 1.0
office/seq-10/color/frame-000007.color.png office/seq-10/color/frame-000009.color.png 0.999847 -0.00878854 -0.0151197 0.0162066 0.00918914 0.999603 0.0266337 -0.0113718 0.0148796 -0.0267685 0.999531 0.0157187 0.0 0.0 0.0 1.0
office/seq-10/color/frame-000009.color.png office/seq-10/color/frame-000011.color.png 0.999933 0.0025622 -0.0112623 0.0114655 -0.00241236 0.999909 0.0132983 -0.001759 0.0112954 -0.0132702 0.999848 0.01383 0.0 0.0 0.0 1.0
office/seq-10/color/frame-000011.color.png office/seq-10/color/frame-000013.color.png 0.999948 0.000983282 -0.0101641 0.0168992 -0.000833609 0.999891 0.0147188 -0.0113043 0.0101774 -0.0147096 0.99984 0.0126541 0.0 0.0 0.0 1.0
office/seq-10/color/frame-000013.color.png office/seq-10/color/frame-000015.color.png 0.999996 -0.00118951 -0.00264521 0.0206916 0.00123317 0.999862 0.0165664 -0.0103516 0.00262515 -0.0165696 0.999859 0.0286155 0.0 0.0 0.0 1.0
office/seq-10/color/frame-000015.color.png office/seq-10/color/frame-000017.color.png 0.999999 -0.000242366 -0.00142636 0.0141361 0.00023724 0.999994 -0.0035917 0.0026173 0.00142723 0.00359133 0.999992 0.0104797 0.0 0.0 0.0 1.0
office/seq-10/color/frame-000017.color.png office/seq-10/color/frame-000019.color.png 0.999982 -0.00267527 -0.00545032 0.0144168 0.0027346 0.999937 0.010908 -0.00570961 0.00542078 -0.0109227 0.999926 0.0156651 0.0 0.0 0.0 1.0
office/seq-10/color/frame-000019.color.png office/seq-10/color/frame-000021.color.png 0.999982 -0.00427561 -0.00422071 0.0240416 0.00430321 0.999969 0.00655391 -0.0163884 0.00419257 -0.00657196 0.99997 0.0190657 0.0 0.0 0.0 1.0
office/seq-10/color/frame-000021.color.png office/seq-10/color/frame-000023.color.png 0.99991 -0.0129763 -0.00330525 0.023969 0.0129691 0.999913 -0.00219818 0.00244314 0.00333349 0.0021551 0.999992 0.00717242 0.0 0.0 0.0 1.0
office/seq-10/color/frame-000023.color.png office/seq-10/color/frame-000025.color.png 0.999995 -0.00328331 2.98019e-05 0.00992279 0.00328295 0.99996 0.00836919 -0.0145432 -5.72811e-05 -0.00836905 0.999965 0.0228289 0.0 0.0 0.0 1.0
office/seq-10/color/frame-000025.color.png office/seq-10/color/frame-000027.color.png 0.999999 0.00127946 -0.00113638 0.0199625 -0.0012774 0.999998 0.00180917 -0.0140833 0.00113869 -0.00180771 0.999998 0.0135537 0.0 0.0 0.0 1.0
office/seq-10/color/frame-000027.color.png office/seq-10/color/frame-000029.color.png 0.999994 -0.00178251 0.00296468 0.0260988 0.00178419 0.999998 -0.000563978 0.00197952 -0.00296368 0.000569277 0.999996 0.0150226 0.0 0.0 0.0 1.0
office/seq-10/color/frame-000029.color.png office/seq-10/color/frame-000031.color.png 0.999998 -0.00159249 0.00132723 0.0125154 0.00158744 0.999992 0.00380358 -0.00590501 -0.00133328 -0.00380149 0.999992 0.014658 0.0 0.0 0.0 1.0
office/seq-10/color/frame-000031.color.png office/seq-10/color/frame-000033.color.png 0.999991 -0.00225659 0.00352688 0.0174499 0.00225731 0.999997 -0.000199057 -0.00580081 -0.00352642 0.00020704 0.999994 0.00917745 0.0 0.0 0.0 1.0
office/seq-10/color/frame-000033.color.png office/seq-10/color/frame-000035.color.png 0.999924 -0.00969006 0.00757049 0.013196 0.00958034 0.99985 0.0143994 -0.00128725 -0.00770888 -0.0143258 0.999868 0.0153196 0.0 0.0 0.0 1.0
office/seq-10/color/frame-000035.color.png office/seq-10/color/frame-000037.color.png 0.999992 0.00280206 0.00270842 0.00835189 -0.00282918 0.999945 0.0100663 -0.0117556 -0.00268006 -0.0100739 0.999946 0.0118408 0.0 0.0 0.0 1.0
office/seq-10/color/frame-000037.color.png office/seq-10/color/frame-000039.color.png 0.999997 -0.00224258 -0.000356797 0.0233906 0.00224601 0.999947 0.010005 -0.00511119 0.000334334 -0.0100058 0.99995 0.00251141 0.0 0.0 0.0 1.0
office/seq-10/color/frame-000039.color.png office/seq-10/color/frame-000041.color.png 0.999944 0.0020676 0.0103371 0.00257999 -0.00219716 0.999919 0.0125401 -0.0151603 -0.0103103 -0.0125622 0.999868 0.0141977 0.0 0.0 0.0 1.0
office/seq-10/color/frame-000041.color.png office/seq-10/color/frame-000043.color.png 0.999978 0.00506165 0.00420985 0.00514379 -0.00507293 0.999984 0.00267116 -0.00215501 -0.00419626 -0.00269247 0.999988 0.00247735 0.0 0.0 0.0 1.0
office/seq-10/color/frame-000043.color.png office/seq-10/color/frame-000045.color.png 0.999982 -0.000317421 0.00590166 0.0212997 0.000269812 0.999968 0.00806499 -0.010889 -0.00590403 -0.00806326 0.99995 0.00691482 0.0 0.0 0.0 1.0
office/seq-10/color/frame-000045.color.png office/seq-10/color/frame-000047.color.png 0.999819 0.00418236 0.0185503 0.0117795 -0.00425027 0.999984 0.00362319 -0.00824419 -0.0185348 -0.00370135 0.999821 0.0158609 0.0 0.0 0.0 1.0
office/seq-10/color/frame-000047.color.png office/seq-10/color/frame-000049.color.png 0.999913 -0.00319797 0.0128317 0.0223632 0.00302689 0.999907 0.0133288 -0.0133364 -0.0128731 -0.0132889 0.999829 0.00731957 0.0 0.0 0.0 1.0
office/seq-10/color/frame-000049.color.png office/seq-10/color/frame-000051.color.png 0.999389 -0.00783726 0.0340473 0.0188807 0.0074502 0.999906 0.0114799 -0.013339 -0.0341341 -0.0112192 0.999354 0.0281832 0.0 0.0 0.0 1.0
office/seq-10/color/frame-000051.color.png office/seq-10/color/frame-000053.color.png 0.999451 -0.00782834 0.0321902 0.00895202 0.00767054 0.999958 0.00502353 -0.00932725 -0.0322281 -0.00477385 0.999469 0.0208192 0.0 0.0 0.0 1.0
office/seq-10/color/frame-000053.color.png office/seq-10/color/frame-000055.color.png 0.999572 -0.0037201 0.0290189 -0.00408539 0.00370192 0.999993 0.000679443 -0.00190754 -0.0290212 -0.000571726 0.999579 0.0270176 0.0 0.0 0.0 1.0
office/seq-10/color/frame-000055.color.png office/seq-10/color/frame-000057.color.png 0.99885 -0.0100779 0.0468687 0.0160186 0.0102534 0.999941 -0.00350489 -0.0186706 -0.0468306 0.00398139 0.998895 0.0359093 0.0 0.0 0.0 1.0
office/seq-10/color/frame-000057.color.png office/seq-10/color/frame-000059.color.png 0.999459 -0.00618216 0.0323038 0.0159175 0.00626762 0.999977 -0.00254398 -0.0042779 -0.0322874 0.00274509 0.999475 0.0206764 0.0 0.0 0.0 1.0
office/seq-10/color/frame-000059.color.png office/seq-10/color/frame-000061.color.png 0.999424 -0.00040387 0.0339284 0.0202409 0.000313014 0.999996 0.00268244 -0.0195839 -0.0339293 -0.00267025 0.999421 0.0255697 0.0 0.0 0.0 1.0
office/seq-10/color/frame-000061.color.png office/seq-10/color/frame-000063.color.png 0.999139 -0.00113378 0.0414725 -0.00598848 0.00138309 0.999981 -0.00598279 -0.00833845 -0.041465 0.00603496 0.999122 0.0341948 0.0 0.0 0.0 1.0
office/seq-10/color/frame-000063.color.png office/seq-10/color/frame-000065.color.png 0.999934 -0.00992723 0.00586454 0.0183647 0.00989277 0.999934 0.00587182 -0.0218424 -0.00592253 -0.0058134 0.999966 0.00697416 0.0 0.0 0.0 1.0
office/seq-10/color/frame-000065.color.png office/seq-10/color/frame-000067.color.png 0.999815 -0.0177176 0.00753132 0.0136853 0.0177511 0.999833 -0.00440787 -0.021191 -0.00745199 0.00454072 0.999962 0.0172296 0.0 0.0 0.0 1.0
office/seq-10/color/frame-000067.color.png office/seq-10/color/frame-000069.color.png 0.999842 -0.0166426 0.00628728 0.0353243 0.0166564 0.999859 -0.00215797 -0.0115967 -0.00625051 0.00226235 0.999978 0.00859255 0.0 0.0 0.0 1.0
office/seq-10/color/frame-000069.color.png office/seq-10/color/frame-000071.color.png 0.999338 -0.0176885 0.0317839 0.00252622 0.0175592 0.999836 0.00434142 -0.0249577 -0.0318555 -0.00378046 0.999485 0.0289357 0.0 0.0 0.0 1.0
office/seq-10/color/frame-000071.color.png office/seq-10/color/frame-000073.color.png 0.999335 -0.0223579 0.0288107 0.0159009 0.022366 0.99975 3.97023e-05 -0.0148928 -0.0288044 0.000604752 0.999585 0.0233268 0.0 0.0 0.0 1.0
office/seq-10/color/frame-000073.color.png office/seq-10/color/frame-000075.color.png 0.999804 -0.00815383 0.0180133 0.00453424 0.00800565 0.999934 0.00828085 -0.0244865 -0.0180795 -0.00813506 0.999803 0.0243452 0.0 0.0 0.0 1.0
office/seq-10/color/frame-000075.color.png office/seq-10/color/frame-000077.color.png 0.999405 0.00313509 0.0343459 0.0321301 -0.00337332 0.999971 0.00688142 0.00280544 -0.0343233 -0.0069932 0.999386 0.0342558 0.0 0.0 0.0 1.0
office/seq-10/color/frame-000077.color.png office/seq-10/color/frame-000079.color.png 0.999671 -0.00453044 0.0252554 0.0118594 0.0044048 0.999978 0.00502965 -0.0163886 -0.0252774 -0.00491671 0.999668 0.0313764 0.0 0.0 0.0 1.0
office/seq-10/color/frame-000079.color.png office/seq-10/color/frame-000081.color.png 0.999164 -0.0053897 0.0405173 0.0125438 0.00504252 0.99995 0.00866475 -0.0192216 -0.040562 -0.00845319 0.999141 0.0448953 0.0 0.0 0.0 1.0
office/seq-10/color/frame-000081.color.png office/seq-10/color/frame-000083.color.png 0.999543 -0.00977902 0.0286139 0.00622177 0.00983858 0.99995 -0.00194051 -0.0177491 -0.0285935 0.00222113 0.999589 0.0457438 0.0 0.0 0.0 1.0
office/seq-10/color/frame-000083.color.png office/seq-10/color/frame-000085.color.png 0.999713 -0.00102958 0.0239211 0.0448843 0.00150459 0.999802 -0.0198479 0.0182924 -0.023896 0.0198783 0.999517 0.045297 0.0 0.0 0.0 1.0
office/seq-10/color/frame-000085.color.png office/seq-10/color/frame-000087.color.png 0.999619 -0.00270901 0.0274594 0.0126008 0.00331102 0.999755 -0.0219019 0.0011293 -0.0273932 0.0219845 0.999383 0.0461328 0.0 0.0 0.0 1.0
office/seq-10/color/frame-000087.color.png office/seq-10/color/frame-000089.color.png 0.999824 -0.00547328 0.0179276 0.0103899 0.00558025 0.999967 -0.00592377 -0.00650689 -0.0178946 0.0060228 0.999822 0.0319209 0.0 0.0 0.0 1.0
office/seq-10/color/frame-000089.color.png office/seq-10/color/frame-000091.color.png 0.999356 -0.0112547 0.0340657 -0.0147984 0.011303 0.999935 -0.00122485 -0.0177338 -0.0340497 0.00160912 0.999419 0.0443716 0.0 0.0 0.0 1.0
office/seq-10/color/frame-000091.color.png office/seq-10/color/frame-000093.color.png 0.999706 -0.0238046 0.00454649 0.0373896 0.0237583 0.999668 0.00997068 -0.0417748 -0.00478238 -0.00985977 0.99994 0.0178314 0.0 0.0 0.0 1.0
office/seq-10/color/frame-000093.color.png office/seq-10/color/frame-000095.color.png 0.99992 -0.00938767 0.00851431 0.0205836 0.00941013 0.999952 -0.00259758 -0.00199261 -0.00848955 0.00267746 0.99996 0.0251082 0.0 0.0 0.0 1.0
office/seq-10/color/frame-000095.color.png office/seq-10/color/frame-000097.color.png 0.999814 -0.0108845 0.0158988 0.0133014 0.0107669 0.999914 0.00746087 -0.0168601 -0.0159785 -0.0072883 0.999846 0.0371889 0.0 0.0 0.0 1.0
office/seq-10/color/frame-000097.color.png office/seq-10/color/frame-000099.color.png 0.999961 -0.00881634 0.000830626 0.00729221 0.00881937 0.999954 -0.00374011 -0.00620645 -0.000797705 0.0037473 0.999993 0.0145236 0.0 0.0 0.0 1.0
office/seq-10/color/frame-000099.color.png office/seq-10/color/frame-000101.color.png 0.999917 -0.0111673 -0.00637866 0.0109528 0.0112486 0.999854 0.012858 -0.0318065 0.00623417 -0.0129287 0.999897 0.00939679 0.0 0.0 0.0 1.0
office/seq-10/color/frame-000101.color.png office/seq-10/color/frame-000103.color.png 0.999856 -0.0027979 -0.0167362 0.0282209 0.00291115 0.999973 0.00675232 -0.00213137 0.0167169 -0.0068001 0.999837 -0.0028196 0.0 0.0 0.0 1.0
office/seq-10/color/frame-000103.color.png office/seq-10/color/frame-000105.color.png 0.99993 0.00618588 -0.0100695 0.0186285 -0.00601852 0.999845 0.0165582 -0.0100233 0.0101704 -0.0164964 0.999812 -0.000944734 0.0 0.0 0.0 1.0
office/seq-10/color/frame-000105.color.png office/seq-10/color/frame-000107.color.png 0.999843 -0.0120634 -0.0129516 0.0221367 0.0122342 0.999838 0.0131931 -0.0300937 0.0127904 -0.0133495 0.999829 0.00362384 0.0 0.0 0.0 1.0
office/seq-10/color/frame-000107.color.png office/seq-10/color/frame-000109.color.png 0.999948 -0.00362332 -0.00955516 0.0227736 0.00363147 0.999993 0.000830083 -0.00749421 0.00955209 -0.000864676 0.999954 0.00207353 0.0 0.0 0.0 1.0
office/seq-10/color/frame-000109.color.png office/seq-10/color/frame-000111.color.png 0.999938 0.00724713 -0.00844636 0.0162098 -0.00724528 0.999974 0.000262667 0.00764373 0.00844803 -0.000201501 0.999964 0.00289428 0.0 0.0 0.0 1.0
office/seq-10/color/frame-000111.color.png office/seq-10/color/frame-000113.color.png 0.999667 -0.00209402 -0.0257311 0.0360746 0.00169904 0.999881 -0.0153652 0.00984132 0.0257602 0.0153163 0.999551 -0.00805765 0.0 0.0 0.0 1.0
office/seq-10/color/frame-000113.color.png office/seq-10/color/frame-000115.color.png 0.999815 -0.00724972 -0.0178358 0.0255402 0.00729619 0.99997 0.00254298 -0.00472543 0.0178169 -0.00267261 0.999838 -0.0103536 0.0 0.0 0.0 1.0
office/seq-10/color/frame-000115.color.png office/seq-10/color/frame-000117.color.png 0.999905 0.00741364 -0.011615 0.0351802 -0.00755791 0.999894 -0.0124257 0.0265612 0.0115217 0.0125123 0.999855 -0.00502986 0.0 0.0 0.0 1.0
office/seq-10/color/frame-000117.color.png office/seq-10/color/frame-000119.color.png 0.999933 0.0115785 0.000962933 0.0317074 -0.0115827 0.999923 0.00448226 0.0212147 -0.000911071 -0.00449312 0.999989 0.00970483 0.0 0.0 0.0 1.0
office/seq-10/color/frame-000119.color.png office/seq-10/color/frame-000121.color.png 0.999914 -0.00833695 -0.0100903 0.0244038 0.00827119 0.999944 -0.00654771 -0.0109622 0.0101443 0.00646372 0.999928 -0.00236869 0.0 0.0 0.0 1.0
office/seq-10/color/frame-000121.color.png office/seq-10/color/frame-000123.color.png 0.999669 0.00353073 -0.0254983 0.0429158 -0.00387449 0.999902 -0.0134452 0.0169536 0.0254484 0.0135396 0.999584 -0.0207092 0.0 0.0 0.0 1.0
office/seq-10/color/frame-000123.color.png office/seq-10/color/frame-000125.color.png 0.998327 0.033463 -0.0471479 0.0939543 -0.0339619 0.999375 -0.00981978 0.0734647 0.0467897 0.0114045 0.99884 -0.0396219 0.0 0.0 0.0 1.0
office/seq-10/color/frame-000125.color.png office/seq-10/color/frame-000127.color.png 0.999698 0.024467 -0.00231777 0.0227119 -0.0244097 0.999456 0.0221639 0.0161033 0.0028588 -0.0221006 0.999752 0.0012033 0.0 0.0 0.0 1.0
office/seq-10/color/frame-000127.color.png office/seq-10/color/frame-000129.color.png 0.999098 0.00074633 -0.0424567 0.0588062 -0.000293984 0.999943 0.0106588 -0.0245373 0.0424622 -0.0106367 0.999041 -0.0371554 0.0 0.0 0.0 1.0
office/seq-10/color/frame-000129.color.png office/seq-10/color/frame-000131.color.png 0.997428 0.0410395 -0.0587688 0.0984141 -0.0421512 0.998953 -0.0178027 0.0888491 0.0579767 0.0202341 0.998113 -0.0662422 0.0 0.0 0.0 1.0
office/seq-10/color/frame-000131.color.png office/seq-10/color/frame-000133.color.png 0.999912 0.00974316 -0.00904925 0.0153602 -0.00968898 0.999935 0.00601318 0.000571221 0.00910726 -0.00592501 0.999941 -0.00384921 0.0 0.0 0.0 1.0
office/seq-10/color/frame-000133.color.png office/seq-10/color/frame-000135.color.png 0.999774 0.00688202 -0.0201283 0.0145099 -0.00659028 0.999873 0.0145249 -0.003883 0.0202257 -0.014389 0.999692 -0.0199721 0.0 0.0 0.0 1.0
office/seq-10/color/frame-000135.color.png office/seq-10/color/frame-000137.color.png 0.998178 0.0203266 -0.0568171 0.0605224 -0.0186015 0.999355 0.0307259 -0.0157582 0.057405 -0.029613 0.997912 -0.0722204 0.0 0.0 0.0 1.0
office/seq-10/color/frame-000137.color.png office/seq-10/color/frame-000139.color.png 0.999525 -0.0105264 -0.0289659 0.0315053 0.0106308 0.999938 0.00345336 -0.0369706 0.0289277 -0.00375962 0.999574 -0.0387838 0.0 0.0 0.0 1.0
office/seq-10/color/frame-000139.color.png office/seq-10/color/frame-000141.color.png 0.999062 0.00577658 -0.0429048 0.0401428 -0.00509957 0.999861 0.0158722 -0.0178598 0.0429905 -0.0156386 0.998953 -0.0523256 0.0 0.0 0.0 1.0
office/seq-10/color/frame-000141.color.png office/seq-10/color/frame-000143.color.png 0.997675 0.0229852 -0.0641617 0.0570251 -0.0220766 0.999646 0.0148354 -0.007489 0.06448 -0.0133844 0.997829 -0.0877444 0.0 0.0 0.0 1.0
office/seq-10/color/frame-000143.color.png office/seq-10/color/frame-000145.color.png 0.999245 0.00880703 -0.0378384 0.0292234 -0.00837919 0.999899 0.0114509 -0.0242683 0.0379354 -0.0111251 0.999218 -0.0483083 0.0 0.0 0.0 1.0
office/seq-10/color/frame-000145.color.png office/seq-10/color/frame-000147.color.png 0.998691 0.0193948 -0.0473293 0.0372769 -0.0199373 0.99974 -0.0110176 0.0264652 0.0471033 0.0119469 0.998819 -0.0538787 0.0 0.0 0.0 1.0
office/seq-10/color/frame-000147.color.png office/seq-10/color/frame-000149.color.png 0.998823 0.0282335 -0.039439 0.0435635 -0.028346 0.999596 -0.00229455 0.032308 0.0393583 0.00340971 0.999219 -0.0415177 0.0 0.0 0.0 1.0
office/seq-10/color/frame-000149.color.png office/seq-10/color/frame-000151.color.png 0.998854 0.0171878 -0.044661 0.04486 -0.0176527 0.999794 -0.0100349 0.0255254 0.0444793 0.0108118 0.998952 -0.0514687 0.0 0.0 0.0 1.0
office/seq-10/color/frame-000151.color.png office/seq-10/color/frame-000153.color.png 0.99915 0.0100568 -0.0399832 0.0187545 -0.00960177 0.999887 0.0115566 -0.0255649 0.0400949 -0.011163 0.999134 -0.0496051 0.0 0.0 0.0 1.0
office/seq-10/color/frame-000153.color.png office/seq-10/color/frame-000155.color.png 0.998774 0.0210467 -0.0448002 0.0603265 -0.0213967 0.999744 -0.00734848 0.0223916 0.0446341 0.00829809 0.998969 -0.0488167 0.0 0.0 0.0 1.0
office/seq-10/color/frame-000155.color.png office/seq-10/color/frame-000157.color.png 0.999321 -0.00259075 -0.0367623 0.042901 0.00275385 0.999987 0.0043862 -0.0307015 0.0367504 -0.00448452 0.999314 -0.0303476 0.0 0.0 0.0 1.0
office/seq-10/color/frame-000157.color.png office/seq-10/color/frame-000159.color.png 0.999879 -0.00567413 -0.0144746 0.022836 0.00534125 0.999723 -0.022933 -0.0185924 0.0146007 0.0228529 0.999632 -0.00704116 0.0 0.0 0.0 1.0
office/seq-10/color/frame-000159.color.png office/seq-10/color/frame-000161.color.png 0.999616 -0.00983675 -0.025903 0.0236835 0.0092615 0.99971 -0.0222351 -0.0226226 0.0261142 0.0219866 0.999417 -0.0364618 0.0 0.0 0.0 1.0
office/seq-10/color/frame-000161.color.png office/seq-10/color/frame-000163.color.png 0.999683 0.00224165 -0.0250875 0.0336014 -0.00251374 0.999938 -0.0108191 -0.0118114 0.0250617 0.0108788 0.999627 -0.0322024 0.0 0.0 0.0 1.0
office/seq-10/color/frame-000163.color.png office/seq-10/color/frame-000165.color.png 0.999721 0.00987342 -0.0214496 0.0238632 -0.0100369 0.999921 -0.00752938 -0.00722629 0.0213736 0.0077426 0.999742 -0.0247607 0.0 0.0 0.0 1.0
office/seq-10/color/frame-000165.color.png office/seq-10/color/frame-000167.color.png 0.999736 0.010015 -0.0206979 0.0307959 -0.0102616 0.999877 -0.0118417 0.0115467 0.0205768 0.012051 0.999716 -0.0299823 0.0 0.0 0.0 1.0
office/seq-10/color/frame-000167.color.png office/seq-10/color/frame-000169.color.png 0.999212 0.0118793 -0.0378719 0.0604876 -0.0119401 0.999928 -0.00138159 0.00194597 0.0378527 0.0018327 0.999282 -0.0552214 0.0 0.0 0.0 1.0
office/seq-10/color/frame-000169.color.png office/seq-10/color/frame-000171.color.png 0.999205 0.018574 -0.0352655 0.0641005 -0.018738 0.999815 -0.00432497 0.0120327 0.0351786 0.00498236 0.999369 -0.0392673 0.0 0.0 0.0 1.0
office/seq-10/color/frame-000171.color.png office/seq-10/color/frame-000173.color.png 0.999474 0.00785967 -0.0314611 0.0557743 -0.0077847 0.999967 0.00250473 -0.0266899 0.0314799 -0.0022585 0.999502 -0.0480057 0.0 0.0 0.0 1.0
office/seq-10/color/frame-000173.color.png office/seq-10/color/frame-000175.color.png 0.999242 0.0140509 -0.0363065 0.0586092 -0.0145017 0.999821 -0.012184 0.0186178 0.0361287 0.0127013 0.999267 -0.0468192 0.0 0.0 0.0 1.0
office/seq-10/color/frame-000175.color.png office/seq-10/color/frame-000177.color.png 0.999408 0.0156951 -0.0306315 0.0539247 -0.0158097 0.999869 -0.00350276 0.0182803 0.0305725 0.00398492 0.999525 -0.0495863 0.0 0.0 0.0 1.0
office/seq-10/color/frame-000177.color.png office/seq-10/color/frame-000179.color.png 0.998766 0.0124979 -0.048071 0.0765718 -0.0128489 0.999893 -0.00699955 0.028713 0.0479784 0.00760854 0.998819 -0.0650548 0.0 0.0 0.0 1.0
office/seq-10/color/frame-000179.color.png office/seq-10/color/frame-000181.color.png 0.999131 0.0148665 -0.0389363 0.069253 -0.0145654 0.999862 0.00800459 -0.000663638 0.0390499 -0.00743049 0.99921 -0.0677404 0.0 0.0 0.0 1.0
office/seq-10/color/frame-000181.color.png office/seq-10/color/frame-000183.color.png 0.999288 0.00672197 -0.0371347 0.0578978 -0.00684908 0.999971 -0.00329716 0.014118 0.0371115 0.00354914 0.999305 -0.0478429 0.0 0.0 0.0 1.0
office/seq-10/color/frame-000183.color.png office/seq-10/color/frame-000185.color.png 0.999228 0.00432038 -0.0390489 0.0636088 -0.00360625 0.999825 0.01834 -0.0572457 0.0391213 -0.018185 0.999069 -0.0924758 0.0 0.0 0.0 1.0
office/seq-10/color/frame-000185.color.png office/seq-10/color/frame-000187.color.png 0.999054 0.00571157 -0.0431105 0.0570259 -0.00542997 0.999963 0.00664663 -0.00138593 0.0431469 -0.00640627 0.999048 -0.0803918 0.0 0.0 0.0 1.0
office/seq-10/color/frame-000187.color.png office/seq-10/color/frame-000189.color.png 0.999347 0.00911631 -0.0349572 0.0406394 -0.00909023 0.999958 0.000905431 0.00814444 0.0349639 -0.000587018 0.999388 -0.0615069 0.0 0.0 0.0 1.0
office/seq-10/color/frame-000189.color.png office/seq-10/color/frame-000191.color.png 0.9989 0.00256766 -0.0468221 0.0613822 -0.00249432 0.999996 0.00162299 0.00773948 0.046826 -0.00150444 0.998902 -0.0622017 0.0 0.0 0.0 1.0
office/seq-10/color/frame-000191.color.png office/seq-10/color/frame-000193.color.png 0.999468 0.00911101 -0.0313246 0.0210791 -0.00912029 0.999958 -0.000151723 0.0111982 0.0313221 0.000437304 0.999509 -0.0659804 0.0 0.0 0.0 1.0
office/seq-10/color/frame-000193.color.png office/seq-10/color/frame-000195.color.png 0.999355 0.0155363 -0.0323856 0.0240518 -0.0156078 0.999876 -0.00195457 0.0218315 0.032351 0.00245878 0.999474 -0.0624113 0.0 0.0 0.0 1.0
office/seq-10/color/frame-000195.color.png office/seq-10/color/frame-000197.color.png 0.998122 0.00304981 -0.0611881 0.101212 -0.00263678 0.999973 0.00682912 -0.0114508 0.0612074 -0.00665495 0.998103 -0.0772437 0.0 0.0 0.0 1.0
office/seq-10/color/frame-000197.color.png office/seq-10/color/frame-000199.color.png 0.999578 0.00889146 -0.0276396 0.0235376 -0.00907492 0.999938 -0.00651711 0.025523 0.0275799 0.00676524 0.999597 -0.035136 0.0 0.0 0.0 1.0
office/seq-10/color/frame-000199.color.png office/seq-10/color/frame-000201.color.png 0.999833 0.00926024 -0.015741 0.00406301 -0.00927952 0.999956 -0.00115573 0.0160471 0.0157296 0.00130159 0.999876 -0.035318 0.0 0.0 0.0 1.0
office/seq-10/color/frame-000201.color.png office/seq-10/color/frame-000203.color.png 0.99978 0.00566758 -0.0202139 0.00988328 -0.00570067 0.999982 -0.00157791 0.0154691 0.0202046 0.00169274 0.999794 -0.0326015 0.0 0.0 0.0 1.0
office/seq-10/color/frame-000203.color.png office/seq-10/color/frame-000205.color.png 0.999959 0.00138341 -0.00892137 -0.00355637 -0.00140122 0.999997 -0.00198785 0.0015316 0.0089185 0.00200031 0.999958 -0.0252835 0.0 0.0 0.0 1.0
office/seq-10/color/frame-000205.color.png office/seq-10/color/frame-000207.color.png 0.999747 -0.00530244 -0.0218535 0.0258213 0.00547407 0.999955 0.00779797 -0.0116892 0.0218112 -0.00791567 0.999731 -0.0473769 0.0 0.0 0.0 1.0
office/seq-10/color/frame-000207.color.png office/seq-10/color/frame-000209.color.png 0.999954 -0.000922698 -0.00959503 -0.00288248 0.000955833 0.999994 0.00344624 -0.00621271 0.00959185 -0.00345526 0.999948 -0.0371183 0.0 0.0 0.0 1.0
office/seq-10/color/frame-000209.color.png office/seq-10/color/frame-000211.color.png 0.999882 -0.00224375 -0.0152084 0.0153826 0.00230684 0.999989 0.00412843 0.00210059 0.0151989 -0.00416302 0.999876 -0.0174876 0.0 0.0 0.0 1.0
office/seq-10/color/frame-000211.color.png office/seq-10/color/frame-000213.color.png 0.999996 0.00182481 -0.001899 -0.0106094 -0.00182152 0.999997 0.00171705 0.00949013 0.00190215 -0.00171359 0.999997 -0.0286706 0.0 0.0 0.0 1.0
office/seq-10/color/frame-000213.color.png office/seq-10/color/frame-000215.color.png 0.999904 0.00456046 -0.0130976 0.00892305 -0.00447386 0.999968 0.00664693 -0.00193024 0.0131275 -0.00658772 0.999892 -0.0294508 0.0 0.0 0.0 1.0
office/seq-10/color/frame-000215.color.png office/seq-10/color/frame-000217.color.png 0.999963 0.00469879 -0.00718044 -0.00739062 -0.00467171 0.999982 0.00376913 0.00670129 0.00719818 -0.00373546 0.999967 -0.0357487 0.0 0.0 0.0 1.0
office/seq-10/color/frame-000217.color.png office/seq-10/color/frame-000219.color.png 0.99979 -0.000372729 -0.0204715 0.0204922 0.000555518 0.99996 0.00892321 0.000756443 0.0204673 -0.00893271 0.999751 -0.0315434 0.0 0.0 0.0 1.0
office/seq-10/color/frame-000219.color.png office/seq-10/color/frame-000221.color.png 0.999947 0.00155629 -0.0101347 0.000191331 -0.00152295 0.999993 0.00329918 -0.000492156 0.0101398 -0.00328358 0.999943 -0.0259802 0.0 0.0 0.0 1.0
office/seq-10/color/frame-000221.color.png office/seq-10/color/frame-000223.color.png 0.999664 -0.00476552 -0.0254817 0.0226058 0.00492524 0.999969 0.00620857 -0.017256 0.0254513 -0.00633201 0.999656 -0.0308508 0.0 0.0 0.0 1.0
office/seq-10/color/frame-000223.color.png office/seq-10/color/frame-000225.color.png 0.999427 -0.0128627 -0.0312998 0.0315801 0.0129563 0.999912 0.00278881 -0.00755143 0.0312612 -0.00319277 0.999506 -0.0408875 0.0 0.0 0.0 1.0
office/seq-10/color/frame-000225.color.png office/seq-10/color/frame-000227.color.png 0.999833 -0.00153187 -0.0182171 -0.014706 0.00141068 0.999977 -0.00666445 -0.00193983 0.0182269 0.00663769 0.999812 -0.0413745 0.0 0.0 0.0 1.0
office/seq-10/color/frame-000227.color.png office/seq-10/color/frame-000229.color.png 0.999855 -0.00457968 -0.0164258 -0.000442147 0.00442678 0.999947 -0.00933177 -0.011315 0.0164677 0.00925766 0.999822 -0.0206082 0.0 0.0 0.0 1.0
office/seq-10/color/frame-000229.color.png office/seq-10/color/frame-000231.color.png 0.99955 -0.0102127 -0.0282064 0.035198 0.00978537 0.999836 -0.0152474 0.0097183 0.0283574 0.0149645 0.999486 -0.0500292 0.0 0.0 0.0 1.0
office/seq-10/color/frame-000231.color.png office/seq-10/color/frame-000233.color.png 0.998915 -0.00244334 -0.0464956 0.0392357 0.00180054 0.999902 -0.0138609 0.0138227 0.0465249 0.0137622 0.998822 -0.0571654 0.0 0.0 0.0 1.0
office/seq-10/color/frame-000233.color.png office/seq-10/color/frame-000235.color.png 0.999613 0.00501003 -0.02736 0.0139501 -0.00521252 0.99996 -0.00733195 0.00681859 0.0273221 0.0074717 0.999599 -0.0425081 0.0 0.0 0.0 1.0
office/seq-10/color/frame-000235.color.png office/seq-10/color/frame-000237.color.png 0.999129 0.0135357 -0.0394642 0.0361179 -0.0142539 0.999737 -0.0179754 0.0273477 0.0392106 0.0185223 0.999059 -0.0485248 0.0 0.0 0.0 1.0
office/seq-10/color/frame-000237.color.png office/seq-10/color/frame-000239.color.png 0.998561 0.0053447 -0.0533596 0.0482485 -0.0060851 0.999887 -0.0137226 0.0214751 0.0532802 0.0140275 0.998481 -0.0604961 0.0 0.0 0.0 1.0
office/seq-10/color/frame-000239.color.png office/seq-10/color/frame-000241.color.png 0.999138 -0.00208589 -0.0414585 0.0337101 0.00167817 0.99995 -0.00986646 0.0279112 0.041477 0.00978839 0.999092 -0.0566252 0.0 0.0 0.0 1.0
office/seq-10/color/frame-000241.color.png office/seq-10/color/frame-000243.color.png 0.999239 0.0119476 -0.0371298 0.031914 -0.0119652 0.999928 -0.000253216 0.0117037 0.0371242 0.000697289 0.99931 -0.0584705 0.0 0.0 0.0 1.0
office/seq-10/color/frame-000243.color.png office/seq-10/color/frame-000245.color.png 0.999103 0.0152253 -0.0395156 0.0329592 -0.0149617 0.999864 0.00695893 0.0146362 0.0396161 -0.0063615 0.999195 -0.0558683 0.0 0.0 0.0 1.0
office/seq-10/color/frame-000245.color.png office/seq-10/color/frame-000247.color.png 0.999194 0.0115057 -0.0384604 0.0368081 -0.0112597 0.999915 0.00660484 0.0193675 0.0385332 -0.00616642 0.999238 -0.0482839 0.0 0.0 0.0 1.0
office/seq-10/color/frame-000247.color.png office/seq-10/color/frame-000249.color.png 0.999697 0.00826767 -0.023172 0.0188847 -0.00834432 0.99996 -0.00321843 0.0178857 0.0231444 0.00341081 0.999726 -0.0266579 0.0 0.0 0.0 1.0
office/seq-10/color/frame-000249.color.png office/seq-10/color/frame-000251.color.png 0.999274 0.00732211 -0.0373792 0.0286486 -0.00721579 0.999969 0.00297821 0.0139155 0.0373999 -0.00270634 0.999297 -0.0508472 0.0 0.0 0.0 1.0
office/seq-10/color/frame-000251.color.png office/seq-10/color/frame-000253.color.png 0.999486 0.0167109 -0.0273588 0.01717 -0.016821 0.999851 -0.00379338 0.0233936 0.0272913 0.00425161 0.999618 -0.040357 0.0 0.0 0.0 1.0
office/seq-10/color/frame-000253.color.png office/seq-10/color/frame-000255.color.png 0.999797 0.00855462 -0.0182652 0.015833 -0.00859985 0.99996 -0.00240173 0.0332121 0.0182439 0.0025583 0.99983 -0.0465875 0.0 0.0 0.0 1.0
office/seq-10/color/frame-000255.color.png office/seq-10/color/frame-000257.color.png 0.999768 0.0119693 -0.0179151 0.0120195 -0.0118995 0.999921 0.004 0.0198595 0.0179615 -0.00378586 0.999831 -0.0295004 0.0 0.0 0.0 1.0
office/seq-10/color/frame-000257.color.png office/seq-10/color/frame-000259.color.png 0.99955 0.0182629 -0.0237735 0.0205364 -0.0178126 0.99966 0.0190211 0.0138491 0.0241128 -0.0185891 0.999536 -0.0338771 0.0 0.0 0.0 1.0
office/seq-10/color/frame-000259.color.png office/seq-10/color/frame-000261.color.png 0.999286 0.0197364 -0.0322239 0.0130059 -0.0179283 0.9983 0.0554671 -0.0274973 0.0332638 -0.0548497 0.99794 -0.0620739 0.0 0.0 0.0 1.0
office/seq-10/color/frame-000261.color.png office/seq-10/color/frame-000263.color.png 0.999918 0.00373138 -0.0122712 0.0098536 -0.00283453 0.997378 0.072307 -0.0515345 0.0125088 -0.0722663 0.997307 -0.0609289 0.0 0.0 0.0 1.0
office/seq-10/color/frame-000263.color.png office/seq-10/color/frame-000265.color.png 0.999999 -0.00115385 -0.000283647 -0.0110732 0.0011732 0.996619 0.0821533 -0.0642661 0.00018792 -0.0821536 0.996619 -0.0414664 0.0 0.0 0.0 1.0
office/seq-10/color/frame-000265.color.png office/seq-10/color/frame-000267.color.png 0.999845 -0.0118172 0.0130143 -0.0425146 0.0108465 0.997325 0.0722892 -0.0777562 -0.0138338 -0.0721369 0.997299 -0.00547183 0.0 0.0 0.0 1.0
office/seq-10/color/frame-000267.color.png office/seq-10/color/frame-000269.color.png 0.999091 -0.0148 0.0399752 -0.0491226 0.0143597 0.999833 0.0112796 -0.0377594 -0.0401355 -0.0106953 0.999137 0.0802851 0.0 0.0 0.0 1.0
office/seq-10/color/frame-000269.color.png office/seq-10/color/frame-000271.color.png 0.996114 -0.0206059 0.0856312 -0.0959421 0.0229741 0.999378 -0.0267623 0.00408882 -0.0850264 0.0286256 0.995967 0.138274 0.0 0.0 0.0 1.0
office/seq-10/color/frame-000271.color.png office/seq-10/color/frame-000273.color.png 0.996983 -0.0124159 0.0766179 -0.0765671 0.0152931 0.999195 -0.0370818 -0.00712562 -0.0760958 0.0381416 0.996371 0.136138 0.0 0.0 0.0 1.0
office/seq-10/color/frame-000273.color.png office/seq-10/color/frame-000275.color.png 0.997024 -0.0259105 0.0726023 -0.0806217 0.028225 0.99912 -0.0310367 -0.0217483 -0.0717342 0.0329936 0.996878 0.108712 0.0 0.0 0.0 1.0
office/seq-10/color/frame-000275.color.png office/seq-10/color/frame-000277.color.png 0.998655 -0.0187052 0.0483584 -0.0600417 0.0197032 0.999601 -0.0202401 -0.0114601 -0.0479605 0.0211657 0.998625 0.0716598 0.0 0.0 0.0 1.0
office/seq-10/color/frame-000277.color.png office/seq-10/color/frame-000279.color.png 0.998713 -0.0170165 0.0477836 -0.0730718 0.0179759 0.999644 -0.0197225 -0.0140846 -0.0474309 0.020556 0.998663 0.0750956 0.0 0.0 0.0 1.0
office/seq-10/color/frame-000279.color.png office/seq-10/color/frame-000281.color.png 0.998907 -0.0114441 0.0453249 -0.053848 0.0137767 0.998578 -0.05149 0.0212166 -0.0446712 0.0520582 0.997644 0.073067 0.0 0.0 0.0 1.0
office/seq-10/color/frame-000281.color.png office/seq-10/color/frame-000283.color.png 0.998846 0.00527704 0.0477466 -0.0569828 -0.00257417 0.9984 -0.0564931 0.042991 -0.0479683 0.056305 0.997261 0.0735405 0.0 0.0 0.0 1.0
office/seq-10/color/frame-000283.color.png office/seq-10/color/frame-000285.color.png 0.999269 0.00580987 0.0377747 -0.0383152 -0.0043227 0.999217 -0.0393334 0.0361121 -0.0379737 0.0391414 0.998512 0.0628044 0.0 0.0 0.0 1.0
office/seq-10/color/frame-000285.color.png office/seq-10/color/frame-000287.color.png 0.999391 0.00391088 0.0346604 -0.0386693 -0.00281374 0.999495 -0.0316468 0.0332329 -0.0347667 0.03153 0.998898 0.041679 0.0 0.0 0.0 1.0
office/seq-10/color/frame-000287.color.png office/seq-10/color/frame-000289.color.png 0.999503 -0.00349518 0.031343 -0.0413018 0.00436926 0.999602 -0.0278619 0.0130265 -0.0312331 0.027985 0.99912 0.0465793 0.0 0.0 0.0 1.0
office/seq-10/color/frame-000289.color.png office/seq-10/color/frame-000291.color.png 0.999506 0.00458991 0.0310949 -0.031514 -0.00390165 0.999747 -0.02216 0.014211 -0.0311887 0.0220277 0.999271 0.0248691 0.0 0.0 0.0 1.0
office/seq-10/color/frame-000291.color.png office/seq-10/color/frame-000293.color.png 0.999315 -7.59215e-05 0.0369931 -0.0290798 0.000819324 0.999798 -0.02008 0.0106688 -0.0369841 0.0200966 0.999114 0.0300981 0.0 0.0 0.0 1.0
office/seq-10/color/frame-000293.color.png office/seq-10/color/frame-000295.color.png 0.999598 0.00529866 0.0278678 -0.0293359 -0.00487815 0.999874 -0.0151348 0.000484109 -0.0279443 0.0149928 0.999497 0.0290338 0.0 0.0 0.0 1.0
office/seq-10/color/frame-000295.color.png office/seq-10/color/frame-000297.color.png 0.999675 0.000446178 0.0254939 -0.0266187 -9.24608e-05 0.999904 -0.0138716 0.00430804 -0.0254977 0.0138648 0.999579 0.0109855 0.0 0.0 0.0 1.0
office/seq-10/color/frame-000297.color.png office/seq-10/color/frame-000299.color.png 0.99987 -0.00980484 0.0127833 -0.0071187 0.00998556 0.99985 -0.014155 0.00829208 -0.0126425 0.0142808 0.999818 0.0167859 0.0 0.0 0.0 1.0
office/seq-10/color/frame-000299.color.png office/seq-10/color/frame-000301.color.png 0.999936 -0.00749049 0.00843512 -0.0141896 0.0074654 0.999968 0.00299689 -0.0307696 -0.00845738 -0.00293373 0.99996 0.00468445 0.0 0.0 0.0 1.0
office/seq-10/color/frame-000301.color.png office/seq-10/color/frame-000303.color.png 0.999753 -0.0112527 0.019166 -0.0152258 0.0111934 0.999932 0.00319993 -0.033819 -0.0192007 -0.0029846 0.999811 0.00505239 0.0 0.0 0.0 1.0
office/seq-10/color/frame-000303.color.png office/seq-10/color/frame-000305.color.png 0.999862 -0.0119973 0.0114772 -0.0146964 0.0120392 0.999921 -0.00358846 -0.00013423 -0.0114333 0.00372615 0.999928 0.0103394 0.0 0.0 0.0 1.0
office/seq-10/color/frame-000305.color.png office/seq-10/color/frame-000307.color.png 0.999738 -0.0135372 0.01847 0.00191283 0.0135752 0.999906 -0.0019316 -0.0130931 -0.0184421 0.00218187 0.999828 0.0363621 0.0 0.0 0.0 1.0
office/seq-10/color/frame-000307.color.png office/seq-10/color/frame-000309.color.png 0.999157 -0.0190591 0.0363593 -0.0195167 0.0189705 0.999816 0.00278286 -0.0335937 -0.0364057 -0.00209076 0.999335 0.0409834 0.0 0.0 0.0 1.0
office/seq-10/color/frame-000309.color.png office/seq-10/color/frame-000311.color.png 0.998946 -0.0169329 0.0426548 -0.00835645 0.0165026 0.99981 0.0104173 -0.0479875 -0.0428231 -0.00970241 0.999036 0.0518352 0.0 0.0 0.0 1.0
office/seq-10/color/frame-000311.color.png office/seq-10/color/frame-000313.color.png 0.999602 -0.0146482 0.0241133 -0.00947285 0.0145994 0.999891 0.00220058 0.00355196 -0.024143 -0.00184765 0.999707 0.0303096 0.0 0.0 0.0 1.0
office/seq-10/color/frame-000313.color.png office/seq-10/color/frame-000315.color.png 0.998325 -0.0116159 0.0566837 -0.0166863 0.0101652 0.999615 0.025815 -0.040113 -0.0569617 -0.0251956 0.998058 0.0612027 0.0 0.0 0.0 1.0
office/seq-10/color/frame-000315.color.png office/seq-10/color/frame-000317.color.png 0.999605 -0.00267167 0.0279854 0.00419867 0.00220348 0.999857 0.0167447 0.000605106 -0.0280262 -0.0166764 0.999468 0.0235597 0.0 0.0 0.0 1.0
office/seq-10/color/frame-000317.color.png office/seq-10/color/frame-000319.color.png 0.999068 -0.00673601 0.0426407 -0.0573488 0.00516056 0.999304 0.03695 -0.0267302 -0.0428599 -0.0366955 0.998407 0.00321853 0.0 0.0 0.0 1.0
office/seq-10/color/frame-000319.color.png office/seq-10/color/frame-000321.color.png 0.998848 0.0101197 0.0469043 -0.0116932 -0.0134981 0.997293 0.0722806 -0.036079 -0.0460459 -0.0728305 0.996281 0.024947 0.0 0.0 0.0 1.0
office/seq-10/color/frame-000321.color.png office/seq-10/color/frame-000323.color.png 0.999526 -0.00268823 0.0306758 -0.0208331 0.00172852 0.99951 0.0312683 -0.0202448 -0.0307447 -0.0312004 0.99904 0.029898 0.0 0.0 0.0 1.0
office/seq-10/color/frame-000323.color.png office/seq-10/color/frame-000325.color.png 0.999676 -0.00323613 0.0252408 -0.0125353 0.00273635 0.9998 0.01981 -0.0184658 -0.0253 -0.0197345 0.999485 0.0165479 0.0 0.0 0.0 1.0
office/seq-10/color/frame-000325.color.png office/seq-10/color/frame-000327.color.png 0.999694 0.00276947 0.0245716 -0.010385 -0.00377951 0.999146 0.0411555 -0.0351416 -0.0244366 -0.0412358 0.998851 0.00978005 0.0 0.0 0.0 1.0
office/seq-10/color/frame-000327.color.png office/seq-10/color/frame-000329.color.png 0.999872 -0.00722959 0.0142745 0.00398123 0.00690422 0.999718 0.0227137 -0.0136736 -0.0144347 -0.0226123 0.99964 0.0110756 0.0 0.0 0.0 1.0
office/seq-10/color/frame-000329.color.png office/seq-10/color/frame-000331.color.png 0.999828 -2.25378e-05 0.0185455 -0.00982165 -0.00092917 0.998682 0.0513085 -0.0441034 -0.0185223 -0.0513168 0.998511 -0.000599802 0.0 0.0 0.0 1.0
office/seq-10/color/frame-000331.color.png office/seq-10/color/frame-000333.color.png 0.999986 0.00464196 0.00242229 0.0184525 -0.00467679 0.999883 0.0145981 -0.014133 -0.00235411 -0.0146093 0.99989 0.00619733 0.0 0.0 0.0 1.0
office/seq-10/color/frame-000333.color.png office/seq-10/color/frame-000335.color.png 0.99994 0.00236507 0.0107046 -0.0194137 -0.00241339 0.999987 0.00450262 0.00341856 -0.0106939 -0.00452812 0.999933 0.012179 0.0 0.0 0.0 1.0
office/seq-10/color/frame-000335.color.png office/seq-10/color/frame-000337.color.png 0.999986 0.00148338 0.00502227 0.00426233 -0.00150675 0.999988 0.00464955 -0.000988901 -0.00501528 -0.00465701 0.999977 0.0106794 0.0 0.0 0.0 1.0
office/seq-10/color/frame-000337.color.png office/seq-10/color/frame-000339.color.png 0.999957 0.00133717 0.00921407 -0.020249 -0.00148703 0.999866 0.0162726 -0.0263214 -0.00919111 -0.0162857 0.999825 0.0143958 0.0 0.0 0.0 1.0
office/seq-10/color/frame-000339.color.png office/seq-10/color/frame-000341.color.png 0.999915 -0.00193402 0.0128705 -0.0118562 0.00184748 0.999976 0.00673158 -0.00993586 -0.0128832 -0.00670719 0.999895 0.01037 0.0 0.0 0.0 1.0
office/seq-10/color/frame-000341.color.png office/seq-10/color/frame-000343.color.png 0.999912 -0.0089295 0.00979355 -0.0294757 0.00880731 0.999884 0.0124537 -0.0449234 -0.00990355 -0.0123664 0.999874 0.0275013 0.0 0.0 0.0 1.0
office/seq-10/color/frame-000343.color.png office/seq-10/color/frame-000345.color.png 0.999951 -0.00513739 -0.0084739 -0.0107663 0.00507934 0.999964 -0.00685564 -0.0324374 0.0085088 0.0068123 0.999941 -0.0126511 0.0 0.0 0.0 1.0
office/seq-10/color/frame-000345.color.png office/seq-10/color/frame-000347.color.png 0.999462 -0.0160295 -0.0285981 0.00599217 0.0157321 0.99982 -0.0105963 -0.00776738 0.0287629 0.0101407 0.999535 -0.0242403 0.0 0.0 0.0 1.0
office/seq-10/color/frame-000347.color.png office/seq-10/color/frame-000349.color.png 0.999721 0.000683403 -0.0236237 -0.00048244 -0.000689673 1.0 -0.000256274 -0.0116935 0.0236235 0.000272457 0.999721 -0.0190814 0.0 0.0 0.0 1.0
office/seq-10/color/frame-000349.color.png office/seq-10/color/frame-000351.color.png 0.997474 -0.0175676 -0.0688203 0.0343657 0.016472 0.999729 -0.0164558 -0.0103158 0.0690908 0.0152806 0.997493 -0.0517787 0.0 0.0 0.0 1.0
office/seq-10/color/frame-000351.color.png office/seq-10/color/frame-000353.color.png 0.999386 -2.22193e-05 -0.0350384 -0.00374734 -0.000129758 0.99999 -0.00433583 -0.0035767 0.0350381 0.00433779 0.999377 -0.0392093 0.0 0.0 0.0 1.0
office/seq-10/color/frame-000353.color.png office/seq-10/color/frame-000355.color.png 0.998933 -0.000386464 -0.0461828 0.025969 8.81328e-05 0.999979 -0.00646175 0.00399578 0.0461844 0.00645069 0.998912 -0.0195665 0.0 0.0 0.0 1.0
