office/seq-10/color/frame-000000.color.png office/seq-10/color/frame-000001.color.png 0.999989 0.00329833 -0.00324192 0.00583804 -0.00330483 0.999992 -0.00200244 -0.00470569 0.00323529 0.00201313 0.999993 0.00370535 0.0 0.0 0.0 1.0
office/seq-10/color/frame-000001.color.png office/seq-10/color/frame-000002.color.png 1.0 0.000484646 8.82264e-05 0.00365603 -0.000484572 1.0 -0.000835006 -0.00343035 -8.86307e-05 0.000834964 1.0 0.000102371 0.0 0.0 0.0 1.0
office/seq-10/color/frame-000002.color.png office/seq-10/color/frame-000003.color.png 0.999996 -0.00145917 0.00258794 0.000726602 0.00146294 0.999998 -0.00145617 -0.000285965 -0.00258581 0.00145995 0.999996 0.000568541 0.0 0.0 0.0 1.0
office/seq-10/color/frame-000003.color.png office/seq-10/color/frame-000004.color.png 0.999989 -0.00444003 0.00161203 0.0043013 0.00443999 0.99999 2.88114e-05 0.00183717 -0.00161214 -2.16537e-05 0.999999 -0.000166975 0.0 0.0 0.0 1.0
office/seq-10/color/frame-000004.color.png office/seq-10/color/frame-000005.color.png 0.999829 -0.0182358 0.00303197 0.00270352 0.0182192 0.999819 0.00540543 0.00388151 -0.00312999 -0.00534926 0.999981 0.00694833 0.0 0.0 0.0 1.0
office/seq-10/color/frame-000005.color.png office/seq-10/color/frame-000006.color.png 0.999979 -0.00563884 -0.00305835 0.00190919 0.00564439 0.999982 0.00180983 0.00397719 0.00304809 -0.00182705 0.999994 0.00139794 0.0 0.0 0.0 1.0
office/seq-10/color/frame-000006.color.png office/seq-10/color/frame-000007.color.png 0.999984 -0.00276102 -0.00502119 0.00547078 0.00278395 0.999986 0.00456536 0.00304648 0.00500851 -0.00457926 0.999977 0.00488478 0.0 0.0 0.0 1.0
office/seq-10/color/frame-000007.color.png office/seq-10/color/frame-000008.color.png 0.999982 -0.00200406 -0.00563263 0.00865942 0.00205941 0.999949 0.00983831 -0.00236336 0.00561263 -0.00984974 0.999936 0.0013657 0.0 0.0 0.0 1.0
office/seq-10/color/frame-000008.color.png office/seq-10/color/frame-000009.color.png 0.999943 -0.00643665 -0.0085041 0.00564831 0.00657041 0.999854 0.0157955 -0.00607652 0.00840118 -0.0158505 0.999839 0.0148508 0.0 0.0 0.0 1.0
office/seq-10/color/frame-000009.color.png office/seq-10/color/frame-000010.color.png 0.999983 -0.000163332 -0.00580663 0.00599311 0.000207492 0.999971 0.00760644 -0.00363334 0.00580521 -0.00760751 0.999954 0.00343689 0.0 0.0 0.0 1.0
office/seq-10/color/frame-000010.color.png office/seq-10/color/frame-000011.color.png 0.999974 0.00131921 -0.00705254 0.00963872 -0.00127547 0.99998 0.00620088 0.00080914 0.00706059 -0.00619174 0.999956 0.00886912 0.0 0.0 0.0 1.0
office/seq-10/color/frame-000011.color.png office/seq-10/color/frame-000012.color.png 0.999992 0.000364731 -0.00382914 0.00324327 -0.000336558 0.999973 0.0073582 -0.0044758 0.00383171 -0.00735685 0.999966 0.00776817 0.0 0.0 0.0 1.0
office/seq-10/color/frame-000012.color.png office/seq-10/color/frame-000013.color.png 0.999992 0.00110756 -0.00383232 0.00660137 -0.00108169 0.999977 0.00674433 -0.00591381 0.00383971 -0.00674012 0.99997 0.00674681 0.0 0.0 0.0 1.0
office/seq-10/color/frame-000013.color.png office/seq-10/color/frame-000014.color.png 0.999998 -0.000111868 -0.00194866 0.0119786 0.000135807 0.999924 0.0122936 -0.00473866 0.00194714 -0.0122938 0.999923 0.0169552 0.0 0.0 0.0 1.0
office/seq-10/color/frame-000014.color.png office/seq-10/color/frame-000015.color.png 0.999999 0.000613106 0.00105992 0.00341675 -0.000618494 0.999987 0.00509847 -0.00783088 -0.00105677 -0.00509911 0.999986 0.0125664 0.0 0.0 0.0 1.0
office/seq-10/color/frame-000015.color.png office/seq-10/color/frame-000016.color.png 0.999985 -0.00118714 -0.00532567 0.0214984 0.00118827 0.999999 0.000212045 -0.00569417 0.00532541 -0.000218385 0.999986 -0.00299089 0.0 0.0 0.0 1.0
office/seq-10/color/frame-000016.color.png office/seq-10/color/frame-000017.color.png 0.999999 -0.000100851 -0.00130519 0.00756269 9.83884e-05 0.999998 -0.00188927 0.00324066 0.00130537 0.00188915 0.999997 0.00239144 0.0 0.0 0.0 1.0
office/seq-10/color/frame-000017.color.png office/seq-10/color/frame-000018.color.png 0.999989 -0.00217176 -0.0040838 0.00991676 0.00217655 0.999997 0.00116809 0.00633452 0.00408126 -0.00117698 0.999991 0.00269654 0.0 0.0 0.0 1.0
office/seq-10/color/frame-000018.color.png office/seq-10/color/frame-000019.color.png 0.999997 -0.000566005 -0.00247787 0.00755867 0.000589062 0.999956 0.00931563 -0.0116731 0.00247249 -0.00931705 0.999954 0.0118891 0.0 0.0 0.0 1.0
office/seq-10/color/frame-000019.color.png office/seq-10/color/frame-000020.color.png 0.999995 -0.00319172 0.000184723 0.00467227 0.00319134 0.999993 0.0020265 -0.00344197 -0.000191191 -0.00202589 0.999998 0.00799213 0.0 0.0 0.0 1.0
office/seq-10/color/frame-000020.color.png office/seq-10/color/frame-000021.color.png 0.999998 -0.00157168 -0.00136059 0.0117471 0.00157843 0.999986 0.00497807 -0.012844 0.00135276 -0.00498023 0.999987 0.0193528 0.0 0.0 0.0 1.0
office/seq-10/color/frame-000021.color.png office/seq-10/color/frame-000022.color.png 0.999973 -0.00723442 -0.0013645 0.0115457 0.0072299 0.999969 -0.00328164 -0.000148561 0.00138819 0.00327169 0.999994 0.0049046 0.0 0.0 0.0 1.0
office/seq-10/color/frame-000022.color.png office/seq-10/color/frame-000023.color.png 0.999982 -0.00555736 -0.00211887 0.0128857 0.00555931 0.999984 0.000914784 0.00259838 0.00211374 -0.00092653 0.999997 0.00137039 0.0 0.0 0.0 1.0
office/seq-10/color/frame-000023.color.png office/seq-10/color/frame-000024.color.png 0.999996 -0.00213157 0.00193182 0.000580654 0.00211945 0.999978 0.00625404 -0.00695086 -0.0019451 -0.00624992 0.999978 0.0150035 0.0 0.0 0.0 1.0
office/seq-10/color/frame-000024.color.png office/seq-10/color/frame-000025.color.png 0.999998 -0.0014815 -0.00102514 0.00651193 0.00148269 0.999998 0.00116248 -0.0052077 0.00102341 -0.00116401 0.999999 0.00895588 0.0 0.0 0.0 1.0
office/seq-10/color/frame-000025.color.png office/seq-10/color/frame-000026.color.png 0.999998 0.00122342 -0.00151975 0.00852452 -0.00122232 0.999999 0.000731907 -0.0054577 0.00152064 -0.000730043 0.999999 0.00736004 0.0 0.0 0.0 1.0
office/seq-10/color/frame-000026.color.png office/seq-10/color/frame-000027.color.png 0.999998 0.000240311 0.00193319 0.00628865 -0.000239137 1.0 -0.000609896 -0.00387943 -0.00193333 0.000609399 0.999998 0.00808866 0.0 0.0 0.0 1.0
office/seq-10/color/frame-000027.color.png office/seq-10/color/frame-000028.color.png 0.999997 -0.000791865 0.00222964 0.0186495 0.000798 0.999996 -0.00275111 0.00146882 -0.00222745 0.00275288 0.999994 0.00832286 0.0 0.0 0.0 1.0
office/seq-10/color/frame-000028.color.png office/seq-10/color/frame-000029.color.png 0.999999 -0.000560879 0.00131615 0.00654797 0.000557241 0.999996 0.0027644 -0.00114859 -0.00131768 -0.00276365 0.999995 0.00746015 0.0 0.0 0.0 1.0
office/seq-10/color/frame-000029.color.png office/seq-10/color/frame-000030.color.png 1.0 -0.000135254 -0.000353456 0.00872456 0.000136302 0.999996 0.00297345 -0.0047612 0.000353043 -0.0029735 0.999996 0.00587897 0.0 0.0 0.0 1.0
office/seq-10/color/frame-000030.color.png office/seq-10/color/frame-000031.color.png 0.999999 0.000932545 0.0012841 0.00409417 -0.000935588 0.999997 0.00237966 -0.00564233 -0.00128187 -0.00238085 0.999996 0.00593792 0.0 0.0 0.0 1.0
office/seq-10/color/frame-000031.color.png office/seq-10/color/frame-000032.color.png 0.999999 5.86929e-06 0.00153565 0.0067396 -6.94315e-06 1.0 0.000698762 -0.00340162 -0.00153564 -0.000698798 0.999999 0.00788797 0.0 0.0 0.0 1.0
office/seq-10/color/frame-000032.color.png office/seq-10/color/frame-000033.color.png 0.999989 -0.00242194 0.00390222 0.0044703 0.00242481 0.999997 -0.000735157 -0.00219531 -0.00390042 0.000744589 0.999992 0.00339739 0.0 0.0 0.0 1.0
office/seq-10/color/frame-000033.color.png office/seq-10/color/frame-000034.color.png 0.999921 -0.0114754 0.00508353 0.011465 0.0114354 0.999904 0.00782515 0.00317033 -0.00517284 -0.00776638 0.999957 0.00715633 0.0 0.0 0.0 1.0
office/seq-10/color/frame-000034.color.png office/seq-10/color/frame-000035.color.png 1.0 -0.000330141 0.000533084 0.00728989 0.000326737 0.99998 0.00636311 -0.004758 -0.000535163 -0.00636292 0.99998 0.00497876 0.0 0.0 0.0 1.0
office/seq-10/color/frame-000035.color.png office/seq-10/color/frame-000036.color.png 0.999992 0.00354035 0.00182997 0.00241327 -0.00355109 0.999976 0.00589951 -0.00495413 -0.00180904 -0.00590597 0.999981 0.00630206 0.0 0.0 0.0 1.0
office/seq-10/color/frame-000036.color.png office/seq-10/color/frame-000037.color.png 0.999999 0.000576553 0.00120781 0.00578889 -0.000581522 0.999991 0.00412468 -0.00681239 -0.00120542 -0.00412539 0.999991 0.00451128 0.0 0.0 0.0 1.0
office/seq-10/color/frame-000037.color.png office/seq-10/color/frame-000038.color.png 0.999996 -0.00173538 0.00232574 0.00120094 0.00173531 0.999999 3.06636e-05 0.00165258 -0.0023258 -2.66009e-05 0.999997 0.00491884 0.0 0.0 0.0 1.0
office/seq-10/color/frame-000038.color.png office/seq-10/color/frame-000039.color.png 1.0 -0.000130619 -0.0006986 0.0170057 0.000136976 0.999959 0.00908872 -0.00373779 0.000697387 -0.00908885 0.999958 0.00385672 0.0 0.0 0.0 1.0
office/seq-10/color/frame-000039.color.png office/seq-10/color/frame-000040.color.png 0.999991 0.00100447 0.00419061 0.00305986 -0.00103583 0.999971 0.0074826 -0.00669041 -0.00418297 -0.00748685 0.999963 0.00471345 0.0 0.0 0.0 1.0
office/seq-10/color/frame-000040.color.png office/seq-10/color/frame-000041.color.png 0.999973 0.00239485 0.00695619 -0.00338238 -0.00244819 0.999968 0.00766962 -0.0152612 -0.0069376 -0.0076864 0.999946 0.00746173 0.0 0.0 0.0 1.0
office/seq-10/color/frame-000041.color.png office/seq-10/color/frame-000042.color.png 0.999996 -0.00181545 0.0020899 0.00633001 0.00181938 0.999997 -0.0018751 0.00364165 -0.00208649 0.00187882 0.999996 0.00234228 0.0 0.0 0.0 1.0
office/seq-10/color/frame-000042.color.png office/seq-10/color/frame-000043.color.png 0.999997 0.00209205 -0.000917488 0.00831297 -0.00209113 0.999997 0.00100885 0.0021002 0.000919596 -0.00100692 0.999999 0.00146079 0.0 0.0 0.0 1.0
office/seq-10/color/frame-000043.color.png office/seq-10/color/frame-000044.color.png 0.999995 0.00221787 0.00203541 0.00762621 -0.00222718 0.999987 0.00458758 -0.00676681 -0.00202521 -0.00459207 0.999987 0.00640196 0.0 0.0 0.0 1.0
office/seq-10/color/frame-000044.color.png office/seq-10/color/frame-000045.color.png 0.999978 -0.00172481 0.00648576 0.00586802 0.00170986 0.999996 0.00230875 -0.000867471 -0.00648972 -0.0022976 0.999976 0.00224853 0.0 0.0 0.0 1.0
office/seq-10/color/frame-000045.color.png office/seq-10/color/frame-000046.color.png 0.999871 0.00154585 0.015997 -0.000409126 -0.00163325 0.999984 0.00545265 -0.0140446 -0.0159883 -0.0054781 0.999857 0.0152788 0.0 0.0 0.0 1.0
office/seq-10/color/frame-000046.color.png office/seq-10/color/frame-000047.color.png 0.999991 0.00343164 0.00243232 0.0122012 -0.00342747 0.999993 -0.00171876 0.00598944 -0.00243821 0.00171038 0.999995 0.000493973 0.0 0.0 0.0 1.0
office/seq-10/color/frame-000047.color.png office/seq-10/color/frame-000048.color.png 0.999991 0.000147922 0.00428712 0.0116732 -0.000166097 0.999991 0.00424152 -0.000901692 -0.00428646 -0.00424218 0.999982 0.00411344 0.0 0.0 0.0 1.0
office/seq-10/color/frame-000048.color.png office/seq-10/color/frame-000049.color.png 0.999951 -0.002873 0.00946773 0.00540942 0.00280777 0.999972 0.00689684 -0.00729978 -0.00948729 -0.00686992 0.999931 0.00559837 0.0 0.0 0.0 1.0
office/seq-10/color/frame-000049.color.png office/seq-10/color/frame-000050.color.png 0.999908 -0.00819672 0.010832 0.00597435 0.00813246 0.999949 0.00596172 -0.00780666 -0.0108803 -0.00587312 0.999924 0.0149554 0.0 0.0 0.0 1.0
office/seq-10/color/frame-000050.color.png office/seq-10/color/frame-000051.color.png 0.999774 -0.00219553 0.0211474 0.0182484 0.00208342 0.999984 0.00532147 -0.00703419 -0.0211587 -0.00527616 0.999762 0.0121567 0.0 0.0 0.0 1.0
office/seq-10/color/frame-000051.color.png office/seq-10/color/frame-000052.color.png 0.99987 -0.00172999 0.0160447 0.00157368 0.00169268 0.999996 0.00233931 -0.00321554 -0.0160487 -0.00231188 0.999869 0.0106527 0.0 0.0 0.0 1.0
office/seq-10/color/frame-000052.color.png office/seq-10/color/frame-000053.color.png 0.99992 -0.00246075 0.0124184 0.0159813 0.00242699 0.999993 0.00273157 -0.00680395 -0.012425 -0.00270121 0.999919 0.00511137 0.0 0.0 0.0 1.0
office/seq-10/color/frame-000053.color.png office/seq-10/color/frame-000054.color.png 0.999835 -0.00353464 0.0178147 -0.00331068 0.00350451 0.999992 0.00172294 -0.00312158 -0.0178207 -0.00166018 0.99984 0.0158347 0.0 0.0 0.0 1.0
office/seq-10/color/frame-000054.color.png office/seq-10/color/frame-000055.color.png 0.999932 -0.00134246 0.011621 0.000611722 0.00132558 0.999998 0.00146065 -0.00520217 -0.011623 -0.00144511 0.999931 0.00715661 0.0 0.0 0.0 1.0
office/seq-10/color/frame-000055.color.png office/seq-10/color/frame-000056.color.png 0.99942 -0.00897001 0.0328595 0.0140617 0.00891197 0.999958 0.00191231 -0.0184847 -0.0328753 -0.00161841 0.999458 0.0322201 0.0 0.0 0.0 1.0
office/seq-10/color/frame-000056.color.png office/seq-10/color/frame-000057.color.png 0.999858 -0.00150897 0.0167627 -0.00487679 0.00156643 0.999993 -0.00341426 -0.00528795 -0.0167575 0.00344007 0.999854 0.00976145 0.0 0.0 0.0 1.0
office/seq-10/color/frame-000057.color.png office/seq-10/color/frame-000058.color.png 0.999918 -0.00188466 0.0126303 0.0122359 0.00190883 0.999996 -0.00190197 -0.00561284 -0.0126267 0.00192591 0.999918 0.00502783 0.0 0.0 0.0 1.0
office/seq-10/color/frame-000058.color.png office/seq-10/color/frame-000059.color.png 0.999849 -0.00503145 0.0166136 0.00886497 0.00509256 0.99998 -0.00363902 0.00628746 -0.0165949 0.00372311 0.999855 0.0134819 0.0 0.0 0.0 1.0
office/seq-10/color/frame-000059.color.png office/seq-10/color/frame-000060.color.png 0.99949 -7.88587e-07 0.0319326 -0.00943857 -0.000182112 0.999984 0.00572579 -0.0172244 -0.0319321 -0.00572868 0.999474 0.0224608 0.0 0.0 0.0 1.0
office/seq-10/color/frame-000060.color.png office/seq-10/color/frame-000061.color.png 0.999959 -0.00148888 0.00897171 0.012954 0.00150121 0.999998 -0.00137206 -0.00479847 -0.00896963 0.00138545 0.999959 0.0112496 0.0 0.0 0.0 1.0
office/seq-10/color/frame-000061.color.png office/seq-10/color/frame-000062.color.png 0.999951 4.81778e-05 0.00990639 0.0166154 -2.86065e-05 0.999998 -0.00197503 -0.00229146 -0.00990647 0.00197463 0.999949 0.0101233 0.0 0.0 0.0 1.0
office/seq-10/color/frame-000062.color.png office/seq-10/color/frame-000063.color.png 0.999599 -0.00217336 0.0282379 -0.0196298 0.00232835 0.999982 -0.00545651 -0.00371665 -0.0282255 0.0055201 0.999586 0.0169854 0.0 0.0 0.0 1.0
office/seq-10/color/frame-000063.color.png office/seq-10/color/frame-000064.color.png 0.999982 -0.00520218 0.0029801 0.0101787 0.00520039 0.999986 0.000601318 -0.0054372 -0.00298322 -0.000585848 0.999995 0.00441509 0.0 0.0 0.0 1.0
office/seq-10/color/frame-000064.color.png office/seq-10/color/frame-000065.color.png 0.999996 -0.00280777 -0.000819884 0.0190583 0.00281179 0.999984 0.00490648 -0.0125004 0.000806087 -0.00490871 0.999988 0.00361037 0.0 0.0 0.0 1.0
office/seq-10/color/frame-000065.color.png office/seq-10/color/frame-000066.color.png 0.99995 -0.0088812 0.00453451 0.00396752 0.00889929 0.999952 -0.00398476 -0.00999466 -0.00449887 0.00402489 0.999982 0.0119492 0.0 0.0 0.0 1.0
office/seq-10/color/frame-000066.color.png office/seq-10/color/frame-000067.color.png 0.999944 -0.0103684 0.0021671 0.0152608 0.0103706 0.999946 -0.000996038 -0.0107333 -0.00215671 0.0010184 0.999997 0.00665402 0.0 0.0 0.0 1.0
office/seq-10/color/frame-000067.color.png office/seq-10/color/frame-000068.color.png 0.999923 -0.00990314 0.00742141 0.00253475 0.00991737 0.999949 -0.00188941 -0.00936164 -0.00740237 0.00196285 0.999971 0.00221932 0.0 0.0 0.0 1.0
office/seq-10/color/frame-000068.color.png office/seq-10/color/frame-000069.color.png 0.999974 -0.00473686 0.00553337 0.0113679 0.00473646 0.999989 9.07986e-05 -0.00207503 -0.00553369 -6.45356e-05 0.999985 0.00814053 0.0 0.0 0.0 1.0
office/seq-10/color/frame-000069.color.png office/seq-10/color/frame-000070.color.png 0.999696 -0.0102866 0.0224244 0.00490743 0.0101733 0.999935 0.00515701 -0.0234759 -0.022476 -0.00492731 0.999735 0.014887 0.0 0.0 0.0 1.0
office/seq-10/color/frame-000070.color.png office/seq-10/color/frame-000071.color.png 0.999946 -0.00810113 0.00655821 0.00391585 0.0080883 0.999965 0.0019803 -0.0105632 -0.00657408 -0.00192721 0.999976 0.0070487 0.0 0.0 0.0 1.0
office/seq-10/color/frame-000071.color.png office/seq-10/color/frame-000072.color.png 0.999859 -0.0142357 0.00894471 0.0320835 0.0142465 0.999898 -0.00114359 -0.00927962 -0.00892747 0.00127087 0.999959 0.0154321 0.0 0.0 0.0 1.0
office/seq-10/color/frame-000072.color.png office/seq-10/color/frame-000073.color.png 0.999795 -0.00971685 0.0177428 -0.0109259 0.00969561 0.999952 0.00128314 -0.00964519 -0.0177544 -0.00111086 0.999842 0.00660583 0.0 0.0 0.0 1.0
office/seq-10/color/frame-000073.color.png office/seq-10/color/frame-000074.color.png 0.999924 -0.00785981 0.00952766 0.00424796 0.00781047 0.999956 0.00520086 -0.0164712 -0.00956802 -0.00512603 0.999941 0.0171028 0.0 0.0 0.0 1.0
office/seq-10/color/frame-000074.color.png office/seq-10/color/frame-000075.color.png 0.999983 -0.00577023 0.000341207 0.0278724 0.00576974 0.999982 0.00152104 -0.0111177 -0.000349998 -0.00151905 0.999999 0.00654513 0.0 0.0 0.0 1.0
office/seq-10/color/frame-000075.color.png office/seq-10/color/frame-000076.color.png 0.999774 0.000708715 0.0212632 0.0193934 -0.000872823 0.99997 0.00770822 -0.00993095 -0.0212571 -0.00772505 0.999744 0.0219448 0.0 0.0 0.0 1.0
office/seq-10/color/frame-000076.color.png office/seq-10/color/frame-000077.color.png 0.999831 -0.00100609 0.0183519 -0.000712276 0.00097244 0.999998 0.00184194 0.000938267 -0.0183538 -0.00182377 0.99983 0.0193586 0.0 0.0 0.0 1.0
office/seq-10/color/frame-000077.color.png office/seq-10/color/frame-000078.color.png 0.999885 -0.00125162 0.015143 0.00213546 0.00120948 0.999995 0.00279616 -0.00448817 -0.0151464 -0.00277748 0.999881 0.0206844 0.0 0.0 0.0 1.0
office/seq-10/color/frame-000078.color.png office/seq-10/color/frame-000079.color.png 0.99994 -0.00200694 0.0107765 0.00626528 0.0020109 0.999998 -0.00036769 -0.0027886 -0.0107758 0.000389288 0.999942 0.0133795 0.0 0.0 0.0 1.0
office/seq-10/color/frame-000079.color.png office/seq-10/color/frame-000080.color.png 0.999628 -0.00171813 0.0272182 0.0049513 0.00159961 0.999989 0.00437753 -0.00473115 -0.0272254 -0.0043323 0.99962 0.0278009 0.0 0.0 0.0 1.0
office/seq-10/color/frame-000080.color.png office/seq-10/color/frame-000081.color.png 0.999962 -0.00486869 0.0072075 0.0224724 0.00480837 0.999953 0.00836468 -0.0254529 -0.00724779 -0.00832971 0.999939 0.00932091 0.0 0.0 0.0 1.0
office/seq-10/color/frame-000081.color.png office/seq-10/color/frame-000082.color.png 0.999888 0.000474529 0.0149782 -0.00116432 -0.000469866 1.0 -0.000314133 -0.000214487 -0.0149784 0.000307051 0.999888 0.018942 0.0 0.0 0.0 1.0
office/seq-10/color/frame-000082.color.png office/seq-10/color/frame-000083.color.png 0.999916 -0.00777307 0.0103676 0.011577 0.00781589 0.999961 -0.00410202 -0.00812572 -0.0103353 0.00418265 0.999938 0.0190816 0.0 0.0 0.0 1.0
office/seq-10/color/frame-000083.color.png office/seq-10/color/frame-000084.color.png 0.99978 -0.00486862 0.0203778 0.0124332 0.00497571 0.999974 -0.00520747 -0.0102031 -0.0203519 0.00530777 0.999779 0.0339317 0.0 0.0 0.0 1.0
office/seq-10/color/frame-000084.color.png office/seq-10/color/frame-000085.color.png 0.99994 -0.000506272 0.0109656 0.00747329 0.00057819 0.999978 -0.00655728 0.00257966 -0.0109621 0.00656324 0.999918 0.0196832 0.0 0.0 0.0 1.0
office/seq-10/color/frame-000085.color.png office/seq-10/color/frame-000086.color.png 0.999942 0.000406993 0.0107652 0.00233024 -0.000328925 0.999974 -0.00725088 0.00437212 -0.0107679 0.00724692 0.999916 0.0169388 0.0 0.0 0.0 1.0
office/seq-10/color/frame-000086.color.png office/seq-10/color/frame-000087.color.png 0.999851 -0.00545525 0.016351 0.00958061 0.0056641 0.999903 -0.0127544 -0.0105981 -0.0162798 0.012845 0.999785 0.0279745 0.0 0.0 0.0 1.0
office/seq-10/color/frame-000087.color.png office/seq-10/color/frame-000088.color.png 0.999966 -0.00400893 0.00718815 0.0135011 0.004028 0.999988 -0.00264077 -0.00793767 -0.00717756 0.00266962 0.999971 0.010646 0.0 0.0 0.0 1.0
office/seq-10/color/frame-000088.color.png office/seq-10/color/frame-000089.color.png 0.99996 -0.0023249 0.00858281 0.00296938 0.00232915 0.999997 -0.000488387 -0.0055809 -0.00858174 0.00050837 0.999963 0.0164198 0.0 0.0 0.0 1.0
office/seq-10/color/frame-000089.color.png office/seq-10/color/frame-000090.color.png 0.999969 -0.00162161 0.00767922 0.00615013 0.00165526 0.999989 -0.00437396 -0.00172704 -0.00767195 0.00438656 0.999961 0.0114399 0.0 0.0 0.0 1.0
office/seq-10/color/frame-000090.color.png office/seq-10/color/frame-000091.color.png 0.999743 -0.00877462 0.0209043 -0.00486374 0.00876717 0.999961 0.000447923 -0.00792161 -0.0209075 -0.000264513 0.999781 0.0286753 0.0 0.0 0.0 1.0
office/seq-10/color/frame-000091.color.png office/seq-10/color/frame-000092.color.png 0.999944 -0.00768109 0.00732919 0.00321311 0.00764583 0.999959 0.00482415 -0.0116007 -0.00736599 -0.00476785 0.999961 0.0121596 0.0 0.0 0.0 1.0
office/seq-10/color/frame-000092.color.png office/seq-10/color/frame-000093.color.png 0.999947 -0.00769914 0.00675859 0.00686371 0.00768428 0.999968 0.00222829 -0.00812793 -0.00677547 -0.00217627 0.999975 0.0177615 0.0 0.0 0.0 1.0
office/seq-10/color/frame-000093.color.png office/seq-10/color/frame-000094.color.png 0.999959 -0.00695722 0.00578051 0.00769985 0.00695593 0.999976 0.000234365 -0.00595605 -0.00578212 -0.000194131 0.999983 0.0157184 0.0 0.0 0.0 1.0
office/seq-10/color/frame-000094.color.png office/seq-10/color/frame-000095.color.png 0.999969 -0.00444825 0.00641308 0.00166059 0.00445985 0.999988 -0.0017906 -0.00407678 -0.00640496 0.00181911 0.999978 0.0108839 0.0 0.0 0.0 1.0
office/seq-10/color/frame-000095.color.png office/seq-10/color/frame-000096.color.png 0.999877 -0.00142997 0.0155911 -0.00170374 0.00139517 0.999997 0.00224035 0.000651509 -0.0155942 -0.00221828 0.999876 0.0263221 0.0 0.0 0.0 1.0
office/seq-10/color/frame-000096.color.png office/seq-10/color/frame-000097.color.png 0.999952 -0.00875449 0.00440233 0.00323695 0.00874614 0.99996 0.00193528 -0.012608 -0.00441922 -0.0018967 0.999988 0.01354 0.0 0.0 0.0 1.0
office/seq-10/color/frame-000097.color.png office/seq-10/color/frame-000098.color.png 0.999986 -0.00504806 -0.00138068 0.00749004 0.0050461 0.999986 -0.00142028 -0.00624549 0.00138797 0.00141327 0.999998 0.00458187 0.0 0.0 0.0 1.0
office/seq-10/color/frame-000098.color.png office/seq-10/color/frame-000099.color.png 0.999981 -0.00424317 0.00440922 -0.00695497 0.00424319 0.999991 -7.47645e-06 -0.00619924 -0.0044092 2.62216e-05 0.99999 0.0128784 0.0 0.0 0.0 1.0
office/seq-10/color/frame-000099.color.png office/seq-10/color/frame-000100.color.png 0.999999 -0.000174843 -0.00140814 0.00879771 0.000175485 1.0 0.00050054 0.00324708 0.00140803 -0.00050085 0.999999 0.00613505 0.0 0.0 0.0 1.0
office/seq-10/color/frame-000100.color.png office/seq-10/color/frame-000101.color.png 0.99994 -0.00941148 -0.00563537 0.00615764 0.0094709 0.999899 0.0106078 -0.0269975 0.00553513 -0.0106605 0.999928 0.0067147 0.0 0.0 0.0 1.0
office/seq-10/color/frame-000101.color.png office/seq-10/color/frame-000102.color.png 0.99991 -0.00718036 -0.0112913 0.0182844 0.00722162 0.999967 0.00361389 -0.0146233 0.0112648 -0.00369512 0.99993 -0.00677437 0.0 0.0 0.0 1.0
office/seq-10/color/frame-000102.color.png office/seq-10/color/frame-000103.color.png 0.999985 0.00503108 -0.00236521 -0.000803947 -0.00502124 0.999979 0.00411846 0.00903696 0.00238591 -0.00410647 0.999989 0.00236976 0.0 0.0 0.0 1.0
office/seq-10/color/frame-000103.color.png office/seq-10/color/frame-000104.color.png 0.999955 0.00243465 -0.00919342 0.023912 -0.00234952 0.999954 0.00926334 -0.00222728 0.00921546 -0.00924135 0.999915 -0.00292742 0.0 0.0 0.0 1.0
office/seq-10/color/frame-000104.color.png office/seq-10/color/frame-000105.color.png 0.999988 0.0030453 -0.00392936 0.00345993 -0.00301481 0.999966 0.00774386 -0.00908682 0.00395299 -0.00773187 0.999962 -0.00143576 0.0 0.0 0.0 1.0
office/seq-10/color/frame-000105.color.png office/seq-10/color/frame-000106.color.png 0.999966 -0.00707313 -0.00418273 0.00727987 0.00710007 0.999954 0.00647567 -0.0151988 0.00413674 -0.00650514 0.99997 0.00682664 0.0 0.0 0.0 1.0
office/seq-10/color/frame-000106.color.png office/seq-10/color/frame-000107.color.png 0.999966 -0.00398289 -0.00720395 0.00864506 0.00402067 0.999978 0.00523124 -0.00949845 0.00718299 -0.00526002 0.99996 -0.00422108 0.0 0.0 0.0 1.0
office/seq-10/color/frame-000107.color.png office/seq-10/color/frame-000108.color.png 0.999994 -0.00236742 -0.00235249 0.00542569 0.00237 0.999997 0.00107981 -0.00545669 0.00234986 -0.00108546 0.999997 0.00518209 0.0 0.0 0.0 1.0
office/seq-10/color/frame-000108.color.png office/seq-10/color/frame-000109.color.png 0.999992 -0.000159854 -0.00391953 0.00977051 0.000157683 1.0 -0.000548144 0.000171125 0.00391957 0.000547484 0.999992 0.00255471 0.0 0.0 0.0 1.0
office/seq-10/color/frame-000109.color.png office/seq-10/color/frame-000110.color.png 0.999987 0.00218271 -0.00461379 0.00986123 -0.00217913 0.999997 0.000760432 0.000587761 0.00461538 -0.000750322 0.999989 -9.69768e-05 0.0 0.0 0.0 1.0
office/seq-10/color/frame-000110.color.png office/seq-10/color/frame-000111.color.png 0.999978 0.00317323 -0.00576346 0.0110717 -0.00317089 0.999995 0.000420918 0.00146443 0.00576478 -0.00040263 0.999983 -3.8445e-05 0.0 0.0 0.0 1.0
office/seq-10/color/frame-000111.color.png office/seq-10/color/frame-000112.color.png 0.999848 0.00156064 -0.0173341 0.024177 -0.00164598 0.999987 -0.00490709 0.000633419 0.0173263 0.00493491 0.999838 -0.0060572 0.0 0.0 0.0 1.0
office/seq-10/color/frame-000112.color.png office/seq-10/color/frame-000113.color.png 0.999971 -0.00119673 -0.00755263 0.00816321 0.00112783 0.999958 -0.00912112 0.0115775 0.00756316 0.00911229 0.99993 -0.000211537 0.0 0.0 0.0 1.0
office/seq-10/color/frame-000113.color.png office/seq-10/color/frame-000114.color.png 0.999925 -0.00785414 -0.00938633 0.012495 0.00784986 0.999969 -0.000484354 -0.00443211 0.00938986 0.000410579 0.999956 -0.00687969 0.0 0.0 0.0 1.0
office/seq-10/color/frame-000114.color.png office/seq-10/color/frame-000115.color.png 0.999942 -0.000661171 -0.0107458 0.0214553 0.0006692 0.999999 0.000742153 0.00276548 0.0107453 -0.000749308 0.999942 -0.00526351 0.0 0.0 0.0 1.0
office/seq-10/color/frame-000115.color.png office/seq-10/color/frame-000116.color.png 0.999973 0.00361222 -0.00637295 0.0182123 -0.00364034 0.999984 -0.0044053 0.00704706 0.00635693 0.00442843 0.99997 0.000495911 0.0 0.0 0.0 1.0
office/seq-10/color/frame-000116.color.png office/seq-10/color/frame-000117.color.png 0.999994 0.00200613 -0.00267873 0.0136567 -0.00202268 0.999979 -0.00619257 0.0138164 0.00266634 0.00619793 0.999977 0.00198209 0.0 0.0 0.0 1.0
office/seq-10/color/frame-000117.color.png office/seq-10/color/frame-000118.color.png 0.999905 0.0137539 -0.000236127 0.0226778 -0.0137532 0.999901 0.0028405 0.0259707 0.000275133 -0.00283696 0.999996 0.00273412 0.0 0.0 0.0 1.0
office/seq-10/color/frame-000118.color.png office/seq-10/color/frame-000119.color.png 0.999997 -0.00222046 0.000502792 0.00990319 0.00221909 0.999994 0.00276416 -0.00798446 -0.0005089 -0.00276301 0.999996 0.00484008 0.0 0.0 0.0 1.0
office/seq-10/color/frame-000119.color.png office/seq-10/color/frame-000120.color.png 0.999984 -0.000669193 -0.00558952 0.0154066 0.000648818 0.999993 -0.00365206 0.00402942 0.00559181 0.0036483 0.999978 -0.000947535 0.0 0.0 0.0 1.0
office/seq-10/color/frame-000120.color.png office/seq-10/color/frame-000121.color.png 0.999963 -0.00674928 -0.00539812 0.0122491 0.00671053 0.999952 -0.00715536 -0.00178614 0.00544622 0.00711887 0.99996 -0.000685573 0.0 0.0 0.0 1.0
office/seq-10/color/frame-000121.color.png office/seq-10/color/frame-000122.color.png 0.999919 -0.0053751 -0.0115115 0.021667 0.0053026 0.999966 -0.0063189 -0.00428948 0.0115452 0.00625738 0.999914 -0.0110978 0.0 0.0 0.0 1.0
office/seq-10/color/frame-000122.color.png office/seq-10/color/frame-000123.color.png 0.999838 0.00570249 -0.0170509 0.0277348 -0.00580077 0.999967 -0.00572099 0.0113218 0.0170176 0.005819 0.999838 -0.0160257 0.0 0.0 0.0 1.0
office/seq-10/color/frame-000123.color.png office/seq-10/color/frame-000124.color.png 0.999696 0.013695 -0.0204945 0.0336834 -0.0138204 0.999887 -0.00598799 0.0272567 0.0204101 0.00626942 0.999772 -0.0173769 0.0 0.0 0.0 1.0
office/seq-10/color/frame-000124.color.png office/seq-10/color/frame-000125.color.png 0.999456 0.0231131 -0.0235196 0.0526903 -0.0232005 0.999725 -0.00344968 0.050209 0.0234335 0.00399351 0.999717 -0.0183083 0.0 0.0 0.0 1.0
office/seq-10/color/frame-000125.color.png office/seq-10/color/frame-000126.color.png 0.999915 0.00793475 -0.0103661 0.0414698 -0.00783568 0.999924 0.00956778 0.00621566 0.0104413 -0.00948573 0.9999 -0.0105332 0.0 0.0 0.0 1.0
office/seq-10/color/frame-000126.color.png office/seq-10/color/frame-000127.color.png 0.999941 0.0108028 0.00119201 0.00178587 -0.0108167 0.999866 0.012326 0.000730902 -0.00105872 -0.0123383 0.999923 0.00576073 0.0 0.0 0.0 1.0
office/seq-10/color/frame-000127.color.png office/seq-10/color/frame-000128.color.png 0.999957 0.00321542 -0.00873611 0.00483358 -0.00311153 0.999925 0.0118709 -0.0186288 0.00877368 -0.0118432 0.999891 -0.00799447 0.0 0.0 0.0 1.0
office/seq-10/color/frame-000128.color.png office/seq-10/color/frame-000129.color.png 0.999614 0.004099 -0.0274753 0.0268586 -0.00403119 0.999989 0.00252224 -0.00520477 0.0274854 -0.00241044 0.999619 -0.0266628 0.0 0.0 0.0 1.0
office/seq-10/color/frame-000129.color.png office/seq-10/color/frame-000130.color.png 0.999092 0.00119901 -0.0425825 0.0647285 -0.00168047 0.999935 -0.0112705 0.0114 0.0425661 0.0113318 0.999029 -0.0563516 0.0 0.0 0.0 1.0
office/seq-10/color/frame-000130.color.png office/seq-10/color/frame-000131.color.png 0.999049 0.038525 -0.0204062 0.0468842 -0.038685 0.999223 -0.00750902 0.0765386 0.0201011 0.00829125 0.999763 -0.0152201 0.0 0.0 0.0 1.0
office/seq-10/color/frame-000131.color.png office/seq-10/color/frame-000132.color.png 0.999967 0.00764313 -0.00262921 0.00632787 -0.00762412 0.999945 0.00717573 -0.00227627 0.00268394 -0.00715549 0.999971 -0.00037545 0.0 0.0 0.0 1.0
office/seq-10/color/frame-000132.color.png office/seq-10/color/frame-000133.color.png 0.999976 0.00048245 -0.00693706 0.0114001 -0.000499879 0.999997 -0.00251213 0.00270364 0.00693588 0.00251559 0.999973 -0.00614464 0.0 0.0 0.0 1.0
office/seq-10/color/frame-000133.color.png office/seq-10/color/frame-000134.color.png 0.999971 -0.00388517 -0.00655374 0.00644481 0.00390593 0.999987 0.00316361 -0.0113431 0.00654133 -0.00318912 0.999973 -0.00378388 0.0 0.0 0.0 1.0
office/seq-10/color/frame-000134.color.png office/seq-10/color/frame-000135.color.png 0.999836 0.00497494 -0.0174254 0.019446 -0.00474901 0.999904 0.0129807 -0.00831908 0.0174883 -0.0128958 0.999764 -0.0212045 0.0 0.0 0.0 1.0
office/seq-10/color/frame-000135.color.png office/seq-10/color/frame-000136.color.png 0.999074 0.0184652 -0.0388708 0.0382037 -0.0175804 0.999581 0.0229844 -0.00182179 0.039279 -0.0222798 0.99898 -0.0472857 0.0 0.0 0.0 1.0
office/seq-10/color/frame-000136.color.png office/seq-10/color/frame-000137.color.png 0.999855 0.00520726 -0.0162215 0.016561 -0.00508268 0.999957 0.00771175 -0.00788796 0.0162609 -0.0076282 0.999839 -0.0233685 0.0 0.0 0.0 1.0
office/seq-10/color/frame-000137.color.png office/seq-10/color/frame-000138.color.png 0.999908 -0.00236223 -0.01337 0.0144677 0.00237115 0.999997 0.000650728 -0.0121606 0.0133684 -0.000682321 0.99991 -0.0155555 0.0 0.0 0.0 1.0
office/seq-10/color/frame-000138.color.png office/seq-10/color/frame-000139.color.png 0.999928 -0.0044289 -0.0111167 0.00510871 0.00443583 0.99999 0.000599044 -0.012966 0.0111139 -0.000648286 0.999938 -0.0171668 0.0 0.0 0.0 1.0
office/seq-10/color/frame-000139.color.png office/seq-10/color/frame-000140.color.png 0.999905 0.000470607 -0.0137491 0.00376236 -0.000388481 0.999982 0.00597601 -0.00816494 0.0137517 -0.00597009 0.999888 -0.0146541 0.0 0.0 0.0 1.0
office/seq-10/color/frame-000140.color.png office/seq-10/color/frame-000141.color.png 0.999738 0.00430027 -0.0225001 0.0175753 -0.00409469 0.999949 0.00917547 -0.0105725 0.0225384 -0.00908093 0.999705 -0.0292138 0.0 0.0 0.0 1.0
office/seq-10/color/frame-000141.color.png office/seq-10/color/frame-000142.color.png 0.999656 0.0062832 -0.0254601 0.023064 -0.00609653 0.999954 0.00740159 -0.00278956 0.0255055 -0.00724381 0.999648 -0.0338775 0.0 0.0 0.0 1.0
office/seq-10/color/frame-000142.color.png office/seq-10/color/frame-000143.color.png 0.999034 0.017907 -0.0401268 0.0378493 -0.0177276 0.999831 0.00482267 0.00512037 0.0402063 -0.00410672 0.999183 -0.0486419 0.0 0.0 0.0 1.0
office/seq-10/color/frame-000143.color.png office/seq-10/color/frame-000144.color.png 0.999788 0.00772135 -0.0190959 0.0184833 -0.0076763 0.999968 0.00243001 0.00405076 0.0191141 -0.00228294 0.999815 -0.0220862 0.0 0.0 0.0 1.0
office/seq-10/color/frame-000144.color.png office/seq-10/color/frame-000145.color.png 0.999629 0.00699249 -0.0263254 0.0310297 -0.0068631 0.999964 0.00500251 -0.00546956 0.0263594 -0.00481997 0.999641 -0.0312225 0.0 0.0 0.0 1.0
office/seq-10/color/frame-000145.color.png office/seq-10/color/frame-000146.color.png 0.999668 0.00463878 -0.0253392 0.0228083 -0.00471819 0.999984 -0.00307448 -0.000967324 0.0253245 0.00319304 0.999674 -0.0260311 0.0 0.0 0.0 1.0
office/seq-10/color/frame-000146.color.png office/seq-10/color/frame-000147.color.png 0.999647 0.0121508 -0.0236072 0.01851 -0.0122448 0.999918 -0.00384427 0.00848395 0.0235585 0.004132 0.999714 -0.0374434 0.0 0.0 0.0 1.0
office/seq-10/color/frame-000147.color.png office/seq-10/color/frame-000148.color.png 0.999759 0.010275 -0.0193842 0.0209324 -0.0102888 0.999947 -0.0006133 0.0100456 0.0193769 0.000812534 0.999812 -0.0185525 0.0 0.0 0.0 1.0
office/seq-10/color/frame-000148.color.png office/seq-10/color/frame-000149.color.png 0.999698 0.0105289 -0.0221943 0.0248094 -0.0105076 0.999944 0.00107316 0.000311434 0.0222043 -0.000839652 0.999753 -0.0318748 0.0 0.0 0.0 1.0
office/seq-10/color/frame-000149.color.png office/seq-10/color/frame-000150.color.png 0.999731 0.0113219 -0.0202223 0.0177759 -0.0114462 0.999916 -0.00604148 0.0146674 0.0201522 0.00627136 0.999777 -0.0118468 0.0 0.0 0.0 1.0
office/seq-10/color/frame-000150.color.png office/seq-10/color/frame-000151.color.png 0.999776 0.00205481 -0.0210515 0.0147997 -0.00198354 0.999992 0.00340666 -0.0191257 0.0210584 -0.00336413 0.999773 -0.0362699 0.0 0.0 0.0 1.0
office/seq-10/color/frame-000151.color.png office/seq-10/color/frame-000152.color.png 0.999733 0.00322524 -0.0228928 0.0191653 -0.00317935 0.999993 0.00204034 7.33435e-05 0.0228992 -0.00196704 0.999736 -0.0253994 0.0 0.0 0.0 1.0
office/seq-10/color/frame-000152.color.png office/seq-10/color/frame-000153.color.png 0.999695 0.00326424 -0.024489 0.0218254 -0.0031705 0.999987 0.00386592 -0.0151554 0.0245013 -0.00378706 0.999692 -0.0337669 0.0 0.0 0.0 1.0
office/seq-10/color/frame-000153.color.png office/seq-10/color/frame-000154.color.png 0.99975 0.00761321 -0.0210416 0.0240055 -0.0076509 0.999969 -0.00171151 0.00456044 0.0210279 0.00187206 0.999777 -0.0190672 0.0 0.0 0.0 1.0
office/seq-10/color/frame-000154.color.png office/seq-10/color/frame-000155.color.png 0.999661 0.0175616 -0.0192191 0.0218002 -0.0176335 0.999838 -0.00358094 0.0139593 0.0191531 0.00391861 0.999809 -0.0250038 0.0 0.0 0.0 1.0
office/seq-10/color/frame-000155.color.png office/seq-10/color/frame-000156.color.png 0.99985 0.00136614 -0.0172937 0.0167354 -0.0013033 0.999993 0.00364463 -0.0136945 0.0172986 -0.00362153 0.999844 -0.0210464 0.0 0.0 0.0 1.0
office/seq-10/color/frame-000156.color.png office/seq-10/color/frame-000157.color.png 0.999666 -0.00960543 -0.0239809 0.0355953 0.00974536 0.999936 0.00572495 -0.0373317 0.0239244 -0.00595676 0.999696 -0.0127689 0.0 0.0 0.0 1.0
office/seq-10/color/frame-000157.color.png office/seq-10/color/frame-000158.color.png 0.999971 0.00219664 -0.00725569 0.0108993 -0.0023321 0.999822 -0.0187131 0.0204062 0.00721328 0.0187295 0.999799 0.00395977 0.0 0.0 0.0 1.0
office/seq-10/color/frame-000158.color.png office/seq-10/color/frame-000159.color.png 0.999995 0.000241176 -0.00318746 -0.00120544 -0.000268549 0.999963 -0.00858965 -0.0155337 0.00318523 0.0085905 0.999958 -0.00201994 0.0 0.0 0.0 1.0
office/seq-10/color/frame-000159.color.png office/seq-10/color/frame-000160.color.png 0.999922 -0.00606167 -0.0109734 0.00762868 0.00595176 0.999932 -0.0100219 -0.0109381 0.0110334 0.00995583 0.99989 -0.00939476 0.0 0.0 0.0 1.0
office/seq-10/color/frame-000160.color.png office/seq-10/color/frame-000161.color.png 0.999918 -0.00367912 -0.0122619 0.0148214 0.00349768 0.999885 -0.0147865 0.00220907 0.0123149 0.0147424 0.999815 -0.00803244 0.0 0.0 0.0 1.0
office/seq-10/color/frame-000161.color.png office/seq-10/color/frame-000162.color.png 0.999824 0.000759574 -0.0187711 0.0324676 -0.000841294 0.99999 -0.0043456 -0.0175664 0.0187676 0.00436062 0.999814 -0.0336201 0.0 0.0 0.0 1.0
office/seq-10/color/frame-000162.color.png office/seq-10/color/frame-000163.color.png 0.999837 -0.00241282 -0.0178755 0.0314689 0.00232727 0.999986 -0.00480521 -0.00482428 0.0178868 0.00476283 0.999829 -0.0178528 0.0 0.0 0.0 1.0
office/seq-10/color/frame-000163.color.png office/seq-10/color/frame-000164.color.png 0.999976 0.00405382 -0.0056669 0.00272143 -0.00406668 0.999989 -0.00226097 -0.0061518 0.00565768 0.00228398 0.999981 -0.00975776 0.0 0.0 0.0 1.0
office/seq-10/color/frame-000164.color.png office/seq-10/color/frame-000165.color.png 0.999838 0.0041594 -0.0175195 0.0278227 -0.00426096 0.999974 -0.00576326 -0.00157344 0.0174951 0.00583694 0.99983 -0.0160787 0.0 0.0 0.0 1.0
office/seq-10/color/frame-000165.color.png office/seq-10/color/frame-000166.color.png 0.999908 0.00155495 -0.0134635 0.0265663 -0.00167598 0.999958 -0.008984 0.00877464 0.013449 0.00900573 0.999869 -0.0117266 0.0 0.0 0.0 1.0
office/seq-10/color/frame-000166.color.png office/seq-10/color/frame-000167.color.png 0.999934 0.00712281 -0.00897651 0.0124754 -0.00712931 0.999974 -0.00069281 -0.00699866 0.0089713 0.000756777 0.999959 -0.0205411 0.0 0.0 0.0 1.0
office/seq-10/color/frame-000167.color.png office/seq-10/color/frame-000168.color.png 0.999814 0.00651134 -0.0181493 0.0234548 -0.00659724 0.999967 -0.00467682 0.0119979 0.0181183 0.0047957 0.999824 -0.0254604 0.0 0.0 0.0 1.0
office/seq-10/color/frame-000168.color.png office/seq-10/color/frame-000169.color.png 0.9998 0.00282133 -0.0198014 0.0359342 -0.00282502 0.999996 -0.000158093 -0.0013265 0.0198009 0.000214 0.999804 -0.0221775 0.0 0.0 0.0 1.0
office/seq-10/color/frame-000169.color.png office/seq-10/color/frame-000170.color.png 0.999864 0.00785623 -0.0145102 0.0217233 -0.00788822 0.999967 -0.00214858 0.00480109 0.0144928 0.00226276 0.999892 -0.02041 0.0 0.0 0.0 1.0
office/seq-10/color/frame-000170.color.png office/seq-10/color/frame-000171.color.png 0.999672 0.00758454 -0.0244595 0.0506643 -0.00755186 0.99997 0.00142781 -0.0112181 0.0244696 -0.00124264 0.9997 -0.0354981 0.0 0.0 0.0 1.0
office/seq-10/color/frame-000171.color.png office/seq-10/color/frame-000172.color.png 0.9999 0.00715365 -0.0121835 0.0219401 -0.00722283 0.999958 -0.00564341 0.0109673 0.0121426 0.0057308 0.99991 -0.0147205 0.0 0.0 0.0 1.0
office/seq-10/color/frame-000172.color.png office/seq-10/color/frame-000173.color.png 0.999875 0.00828927 -0.0134533 0.0233809 -0.00829505 0.999966 -0.000375341 -0.00188541 0.0134497 0.000486942 0.999909 -0.0228969 0.0 0.0 0.0 1.0
office/seq-10/color/frame-000173.color.png office/seq-10/color/frame-000174.color.png 0.999898 0.00738244 -0.0121988 0.014065 -0.00742403 0.999967 -0.00336565 0.00296891 0.0121737 0.00345591 0.99992 -0.0180984 0.0 0.0 0.0 1.0
