chess/seq-03/color/frame-000000.color.png chess/seq-03/color/frame-000001.color.png 0.999997 -0.000882725 -0.00225104 0.00068112 0.000888572 0.999996 0.00259778 -0.000320558 0.00224874 -0.00259977 0.999994 0.00336342 0.0 0.0 0.0 1.0
chess/seq-03/color/frame-000001.color.png chess/seq-03/color/frame-000002.color.png 1.0 9.36398e-05 0.00011561 -0.000612974 -9.36596e-05 1.0 0.00017139 0.00223025 -0.000115594 -0.000171401 1.0 0.00317134 0.0 0.0 0.0 1.0
chess/seq-03/color/frame-000002.color.png chess/seq-03/color/frame-000003.color.png 1.0 -7.20457e-05 0.000296797 -0.000952661 7.16174e-05 0.999999 0.00144301 -0.00179126 -0.0002969 -0.00144299 0.999999 -9.52836e-06 0.0 0.0 0.0 1.0
chess/seq-03/color/frame-000003.color.png chess/seq-03/color/frame-000004.color.png 0.999997 -0.00149509 -0.00202592 0.000863411 0.00149457 0.999999 -0.000259567 -0.00111578 0.00202631 0.000256539 0.999998 0.00256123 0.0 0.0 0.0 1.0
chess/seq-03/color/frame-000004.color.png chess/seq-03/color/frame-000005.color.png 1.0 -0.00064803 -0.00016913 0.00064716 0.000648051 1.0 0.000123693 -0.000378834 0.00016905 -0.000123803 1.0 0.00213508 0.0 0.0 0.0 1.0
chess/seq-03/color/frame-000005.color.png chess/seq-03/color/frame-000006.color.png 1.0 -0.000302492 4.53867e-05 0.000813562 0.000302509 1.0 -0.000369472 -0.00137665 -4.52752e-05 0.000369486 1.0 -0.00033363 0.0 0.0 0.0 1.0
chess/seq-03/color/frame-000006.color.png chess/seq-03/color/frame-000007.color.png 0.999997 -0.0021439 -0.000832714 -0.000892963 0.0021426 0.999996 -0.00156096 0.00165595 0.000836057 0.00155917 0.999998 0.00258617 0.0 0.0 0.0 1.0
chess/seq-03/color/frame-000007.color.png chess/seq-03/color/frame-000008.color.png 0.999999 -0.000985797 -0.000243228 -0.000318679 0.000986059 0.999999 0.00107658 7.94564e-05 0.000242167 -0.00107682 0.999999 0.00108256 0.0 0.0 0.0 1.0
chess/seq-03/color/frame-000008.color.png chess/seq-03/color/frame-000009.color.png 0.999999 0.000279232 -0.00126447 0.000403743 -0.000277881 0.999999 0.00107003 -0.000784462 0.00126477 -0.00106967 0.999999 0.00284389 0.0 0.0 0.0 1.0
chess/seq-03/color/frame-000009.color.png chess/seq-03/color/frame-000010.color.png 0.999979 0.000626742 -0.0064347 -0.00510992 -0.000622545 1.0 0.000654097 -0.00326268 0.00643511 -0.000650078 0.999979 0.004013 0.0 0.0 0.0 1.0
chess/seq-03/color/frame-000010.color.png chess/seq-03/color/frame-000011.color.png 0.99994 0.00532463 -0.0095983 0.00188055 -0.00534224 0.999984 -0.00180988 -0.000733431 0.00958851 0.00186105 0.999952 0.00786645 0.0 0.0 0.0 1.0
chess/seq-03/color/frame-000011.color.png chess/seq-03/color/frame-000012.color.png 0.999928 0.00552895 -0.0106088 -0.00104419 -0.0055553 0.999981 -0.00245583 -0.00172539 0.0105951 0.00251459 0.999941 0.0051663 0.0 0.0 0.0 1.0
chess/seq-03/color/frame-000012.color.png chess/seq-03/color/frame-000013.color.png 0.999705 0.0132441 -0.0203399 -0.00230435 -0.0133439 0.9999 -0.00478082 -0.00509439 0.0202745 0.00505082 0.999782 0.0141064 0.0 0.0 0.0 1.0
chess/seq-03/color/frame-000013.color.png chess/seq-03/color/frame-000014.color.png 0.999937 0.0060588 -0.00947001 0.00258314 -0.00606301 0.999981 -0.000415818 -0.00229417 0.00946731 0.000473209 0.999955 0.00679391 0.0 0.0 0.0 1.0
chess/seq-03/color/frame-000014.color.png chess/seq-03/color/frame-000015.color.png 0.999707 0.0173473 -0.016858 9.76673e-05 -0.0172243 0.999824 0.00741264 -0.0102873 0.0169837 -0.00712011 0.99983 0.0191844 0.0 0.0 0.0 1.0
chess/seq-03/color/frame-000015.color.png chess/seq-03/color/frame-000016.color.png 0.999939 0.00783768 -0.00779607 0.000470297 -0.00780825 0.999962 0.00379749 -0.005238 0.00782554 -0.00373639 0.999962 0.0112233 0.0 0.0 0.0 1.0
chess/seq-03/color/frame-000016.color.png chess/seq-03/color/frame-000017.color.png 0.999945 0.00782986 -0.00693006 0.00107829 -0.00780279 0.999962 0.00392242 -0.00488232 0.00696049 -0.00386813 0.999968 0.0129599 0.0 0.0 0.0 1.0
chess/seq-03/color/frame-000017.color.png chess/seq-03/color/frame-000018.color.png 0.9998 0.0125379 -0.0155829 0.00408638 -0.0124595 0.999909 0.00512105 -0.0126919 0.0156457 -0.00492587 0.999866 0.0289916 0.0 0.0 0.0 1.0
chess/seq-03/color/frame-000018.color.png chess/seq-03/color/frame-000019.color.png 0.999959 0.00511767 -0.00741951 0.00317213 -0.00510365 0.999985 0.00190854 -0.00440505 0.0074292 -0.00187061 0.999971 0.0157801 0.0 0.0 0.0 1.0
chess/seq-03/color/frame-000019.color.png chess/seq-03/color/frame-000020.color.png 0.999884 0.00715273 -0.0134624 0.00364683 -0.00709063 0.999964 0.00465467 -0.014456 0.0134952 -0.00455866 0.999898 0.0267747 0.0 0.0 0.0 1.0
chess/seq-03/color/frame-000020.color.png chess/seq-03/color/frame-000021.color.png 0.999952 0.00545241 -0.00813627 0.00583972 -0.00544024 0.999984 0.00151771 -0.0058943 0.0081444 -0.00147337 0.999966 0.0106889 0.0 0.0 0.0 1.0
chess/seq-03/color/frame-000021.color.png chess/seq-03/color/frame-000022.color.png 0.999972 0.00391977 -0.00641668 0.00295372 -0.0039063 0.99999 0.00211139 -0.00820875 0.00642494 -0.00208627 0.999977 0.0166766 0.0 0.0 0.0 1.0
chess/seq-03/color/frame-000022.color.png chess/seq-03/color/frame-000023.color.png 0.999918 0.00741875 -0.0104725 0.00612648 -0.00745171 0.999967 -0.00311327 -0.0099925 0.010449 0.00319106 0.99994 0.0267517 0.0 0.0 0.0 1.0
chess/seq-03/color/frame-000023.color.png chess/seq-03/color/frame-000024.color.png 0.99998 0.00258417 -0.00572395 0.00613005 -0.00257601 0.999996 0.00143609 -0.0101874 0.00572765 -0.00142131 0.999983 0.0104198 0.0 0.0 0.0 1.0
chess/seq-03/color/frame-000024.color.png chess/seq-03/color/frame-000025.color.png 0.999872 0.0139352 -0.00785466 0.00857601 -0.0139522 0.9999 -0.0021101 -0.0117391 0.00782447 0.00221941 0.999967 0.0243607 0.0 0.0 0.0 1.0
chess/seq-03/color/frame-000025.color.png chess/seq-03/color/frame-000026.color.png 0.999939 0.0106213 -0.00308736 0.00113711 -0.0106235 0.999943 -0.000713753 -0.00857289 0.00307963 0.000746514 0.999995 0.0128084 0.0 0.0 0.0 1.0
chess/seq-03/color/frame-000026.color.png chess/seq-03/color/frame-000027.color.png 0.999844 0.0133459 -0.0115777 0.00838433 -0.0133965 0.999901 -0.00430756 -0.0133941 0.011519 0.004462 0.999924 0.0226706 0.0 0.0 0.0 1.0
chess/seq-03/color/frame-000027.color.png chess/seq-03/color/frame-000028.color.png 0.99994 0.00827118 -0.00717729 0.00508723 -0.00829485 0.99996 -0.00326986 -0.00553121 0.00714997 0.0033292 0.999969 0.0117435 0.0 0.0 0.0 1.0
chess/seq-03/color/frame-000028.color.png chess/seq-03/color/frame-000029.color.png 0.999778 0.0164372 -0.0131644 0.0188598 -0.016536 0.999836 -0.00743717 -0.0123957 0.01304 0.00765321 0.999886 0.0233532 0.0 0.0 0.0 1.0
chess/seq-03/color/frame-000029.color.png chess/seq-03/color/frame-000030.color.png 0.99997 0.00750327 -0.00176922 0.00516378 -0.00750837 0.999968 -0.00291066 -0.00964396 0.00174735 0.00292386 0.999994 0.0114397 0.0 0.0 0.0 1.0
chess/seq-03/color/frame-000030.color.png chess/seq-03/color/frame-000031.color.png 0.999982 0.00507166 -0.00315025 0.00709783 -0.00509157 0.999967 -0.00633069 -0.00704609 0.00311807 0.00634661 0.999975 0.0110626 0.0 0.0 0.0 1.0
chess/seq-03/color/frame-000031.color.png chess/seq-03/color/frame-000032.color.png 0.999927 0.0082969 -0.00873175 0.018746 -0.00833391 0.999956 -0.00421009 -0.0154189 0.00869643 0.00428256 0.999953 0.0181971 0.0 0.0 0.0 1.0
chess/seq-03/color/frame-000032.color.png chess/seq-03/color/frame-000033.color.png 0.999981 0.00621594 0.000263567 0.00733487 -0.00621522 0.999977 -0.00262573 -0.00778684 -0.000279887 0.00262404 0.999997 0.00872317 0.0 0.0 0.0 1.0
chess/seq-03/color/frame-000033.color.png chess/seq-03/color/frame-000034.color.png 0.999964 0.00839044 0.000957424 0.00325032 -0.00838007 0.999911 -0.0103631 -0.00550565 -0.00104428 0.0103547 0.999946 0.026015 0.0 0.0 0.0 1.0
chess/seq-03/color/frame-000034.color.png chess/seq-03/color/frame-000035.color.png 0.999979 -0.000642817 -0.00648226 0.00511881 0.00061757 0.999992 -0.00388529 -0.00453928 0.00648466 0.00388119 0.999971 0.0120541 0.0 0.0 0.0 1.0
chess/seq-03/color/frame-000035.color.png chess/seq-03/color/frame-000036.color.png 0.999938 -0.000999258 -0.0111003 0.0141741 0.000997087 1.0 -0.000208593 -0.0127822 0.0111005 0.000197516 0.999938 0.00731423 0.0 0.0 0.0 1.0
chess/seq-03/color/frame-000036.color.png chess/seq-03/color/frame-000037.color.png 0.999807 3.44279e-05 -0.0196316 0.0318536 -4.11193e-06 0.999999 0.00154557 -0.00912449 0.0196316 -0.00154519 0.999806 0.0187142 0.0 0.0 0.0 1.0
chess/seq-03/color/frame-000037.color.png chess/seq-03/color/frame-000038.color.png 0.999994 0.00322128 0.00141927 0.00740537 -0.00322825 0.999983 0.00492858 -0.014929 -0.00140339 -0.00493313 0.999987 0.00681284 0.0 0.0 0.0 1.0
chess/seq-03/color/frame-000038.color.png chess/seq-03/color/frame-000039.color.png 0.999958 0.00484422 0.00776404 0.0128525 -0.00484997 0.999988 0.000725239 -0.00989655 -0.00776041 -0.000762859 0.99997 0.0238011 0.0 0.0 0.0 1.0
chess/seq-03/color/frame-000039.color.png chess/seq-03/color/frame-000040.color.png 0.999997 -0.00209085 0.000894704 0.00943746 0.00208824 0.999994 0.00290208 -0.0113636 -0.000900768 -0.00290022 0.999995 0.0113961 0.0 0.0 0.0 1.0
chess/seq-03/color/frame-000040.color.png chess/seq-03/color/frame-000041.color.png 0.999895 -0.0144558 -0.00141065 0.0147735 0.0144571 0.999895 0.000897341 -0.00583968 0.00139753 -0.000917628 0.999999 0.0257 0.0 0.0 0.0 1.0
chess/seq-03/color/frame-000041.color.png chess/seq-03/color/frame-000042.color.png 0.999999 -0.00140535 6.94623e-05 0.00894664 0.0014051 0.999992 0.00388863 -0.00564075 -7.49213e-05 -0.00388852 0.999992 0.0120673 0.0 0.0 0.0 1.0
chess/seq-03/color/frame-000042.color.png chess/seq-03/color/frame-000043.color.png 0.999953 -0.00318357 0.0091118 0.0093779 0.00308066 0.999932 0.0112857 -0.0223254 -0.00914712 -0.0112571 0.999895 0.0222028 0.0 0.0 0.0 1.0
chess/seq-03/color/frame-000043.color.png chess/seq-03/color/frame-000044.color.png 0.999988 -0.00335039 0.003601 0.00546148 0.00334157 0.999991 0.00246261 -0.00411043 -0.00360922 -0.00245055 0.999991 0.013941 0.0 0.0 0.0 1.0
chess/seq-03/color/frame-000044.color.png chess/seq-03/color/frame-000045.color.png 0.999935 -0.00544266 0.0100696 0.00811224 0.00537576 0.999963 0.00665356 -0.0145804 -0.0101054 -0.006599 0.999927 0.0256895 0.0 0.0 0.0 1.0
chess/seq-03/color/frame-000045.color.png chess/seq-03/color/frame-000046.color.png 0.99996 -0.00322793 0.00837688 0.00402687 0.0031828 0.99998 0.00539509 -0.0142922 -0.00839416 -0.0053682 0.999951 0.0120279 0.0 0.0 0.0 1.0
chess/seq-03/color/frame-000046.color.png chess/seq-03/color/frame-000047.color.png 0.999914 -0.00639917 0.0114678 0.00376944 0.00644286 0.999972 -0.00377269 -0.00879085 -0.0114433 0.00384625 0.999927 0.030154 0.0 0.0 0.0 1.0
chess/seq-03/color/frame-000047.color.png chess/seq-03/color/frame-000048.color.png 0.99999 -0.00430098 0.00149142 0.00697428 0.00429816 0.999989 0.00185877 -0.010714 -0.00149942 -0.00185234 0.999997 0.0081237 0.0 0.0 0.0 1.0
chess/seq-03/color/frame-000048.color.png chess/seq-03/color/frame-000049.color.png 0.999758 -0.0161886 0.014913 -0.000547186 0.0161941 0.999869 -0.000249911 -0.0151443 -0.014907 0.000491353 0.999889 0.0289768 0.0 0.0 0.0 1.0
chess/seq-03/color/frame-000049.color.png chess/seq-03/color/frame-000050.color.png 0.99999 -0.000532335 0.00438756 0.00516126 0.000538349 0.999999 -0.00137104 -0.00682443 -0.00438682 0.00137339 0.99999 0.0175017 0.0 0.0 0.0 1.0
chess/seq-03/color/frame-000050.color.png chess/seq-03/color/frame-000051.color.png 0.999971 -0.00661116 0.00385365 -0.0020524 0.00663657 0.999956 -0.00662504 0.00490317 -0.00380972 0.00665042 0.999971 0.0185692 0.0 0.0 0.0 1.0
chess/seq-03/color/frame-000051.color.png chess/seq-03/color/frame-000052.color.png 0.999861 -0.0137058 -0.00948853 0.0184983 0.0136916 0.999905 -0.00156523 -0.00868237 0.00950909 0.00143511 0.999954 0.019276 0.0 0.0 0.0 1.0
chess/seq-03/color/frame-000052.color.png chess/seq-03/color/frame-000053.color.png 0.999988 -0.00339744 -0.00343818 0.0136206 0.00341094 0.999986 0.00393408 -0.0123645 0.00342478 -0.00394576 0.999986 0.00751054 0.0 0.0 0.0 1.0
chess/seq-03/color/frame-000053.color.png chess/seq-03/color/frame-000054.color.png 0.999997 -0.00162305 0.00202772 0.010626 0.00161812 0.999996 0.00242852 -0.0106344 -0.00203164 -0.00242523 0.999995 0.0145608 0.0 0.0 0.0 1.0
chess/seq-03/color/frame-000054.color.png chess/seq-03/color/frame-000055.color.png 0.999975 -0.00415444 0.00568533 0.00608146 0.00416959 0.999988 -0.00265374 0.00225979 -0.00567424 0.00267738 0.99998 0.0335606 0.0 0.0 0.0 1.0
chess/seq-03/color/frame-000055.color.png chess/seq-03/color/frame-000056.color.png 0.999988 -0.000435174 -0.00480646 0.0112858 0.000427898 0.999999 -0.00151091 -0.000236124 0.00480712 0.00150883 0.999987 0.0110363 0.0 0.0 0.0 1.0
chess/seq-03/color/frame-000056.color.png chess/seq-03/color/frame-000057.color.png 0.999786 0.000786328 -0.0206533 0.0343386 -0.000868926 0.999992 -0.00399061 -0.000376076 0.02065 0.00400771 0.999779 0.0235285 0.0 0.0 0.0 1.0
chess/seq-03/color/frame-000057.color.png chess/seq-03/color/frame-000058.color.png 0.999884 0.00306888 -0.0149504 0.0317949 -0.00304068 0.999994 0.00190697 -0.0116322 0.0149561 -0.00186129 0.999886 0.00376004 0.0 0.0 0.0 1.0
chess/seq-03/color/frame-000058.color.png chess/seq-03/color/frame-000059.color.png 0.999943 0.000855434 -0.010626 0.0217817 -0.000898673 0.999991 -0.0040657 0.00738555 0.0106225 0.00407503 0.999935 0.00936061 0.0 0.0 0.0 1.0
chess/seq-03/color/frame-000059.color.png chess/seq-03/color/frame-000060.color.png 0.999676 0.0151677 -0.0204608 0.0530867 -0.0151067 0.999881 0.00313457 -0.000531077 0.0205058 -0.00282447 0.999786 0.0168207 0.0 0.0 0.0 1.0
chess/seq-03/color/frame-000060.color.png chess/seq-03/color/frame-000061.color.png 0.999947 0.00768914 -0.00686119 0.0196099 -0.0077037 0.999968 -0.00209592 0.0046418 0.0068449 0.00214867 0.999974 0.0092904 0.0 0.0 0.0 1.0
chess/seq-03/color/frame-000061.color.png chess/seq-03/color/frame-000062.color.png 0.999959 0.00441638 -0.00789153 0.0181993 -0.0044483 0.999982 -0.00403279 0.00754133 0.00787352 0.00406773 0.999961 0.00844276 0.0 0.0 0.0 1.0
chess/seq-03/color/frame-000062.color.png chess/seq-03/color/frame-000063.color.png 0.999384 0.00753677 -0.0342721 0.0632462 -0.00765769 0.999965 -0.00339739 0.00100324 0.0342453 0.00365774 0.999407 -0.00304151 0.0 0.0 0.0 1.0
chess/seq-03/color/frame-000063.color.png chess/seq-03/color/frame-000064.color.png 0.999773 0.00251575 -0.0211489 0.0355296 -0.00255691 0.999995 -0.00192056 0.00437951 0.0211439 0.0019742 0.999775 -0.00202852 0.0 0.0 0.0 1.0
chess/seq-03/color/frame-000064.color.png chess/seq-03/color/frame-000065.color.png 0.999204 0.0150244 -0.0369466 0.0736629 -0.015043 0.999887 -0.000225415 0.00164646 0.036939 0.000781027 0.999317 -0.00461584 0.0 0.0 0.0 1.0
chess/seq-03/color/frame-000065.color.png chess/seq-03/color/frame-000066.color.png 0.999832 0.00626901 -0.0172237 0.0304406 -0.00634632 0.99997 -0.00443908 0.00342634 0.0171953 0.00454765 0.999842 -0.00542468 0.0 0.0 0.0 1.0
chess/seq-03/color/frame-000066.color.png chess/seq-03/color/frame-000067.color.png 0.998835 0.00318762 -0.0481543 0.0822089 -0.00324647 0.999994 -0.00114403 0.00527877 0.0481504 0.00129902 0.998839 -0.0128208 0.0 0.0 0.0 1.0
chess/seq-03/color/frame-000067.color.png chess/seq-03/color/frame-000068.color.png 0.999618 0.0140761 -0.023796 0.0452934 -0.0140642 0.999901 0.000664295 0.00375947 0.0238029 -0.000329367 0.999717 -0.00389498 0.0 0.0 0.0 1.0
chess/seq-03/color/frame-000068.color.png chess/seq-03/color/frame-000069.color.png 0.999397 0.0155176 -0.0310754 0.0697395 -0.0153178 0.999861 0.00665734 -0.00238019 0.0311744 -0.00617729 0.999495 -0.00950009 0.0 0.0 0.0 1.0
chess/seq-03/color/frame-000069.color.png chess/seq-03/color/frame-000070.color.png 0.999845 0.0133358 -0.011491 0.0324415 -0.0132983 0.999906 0.0033375 -0.00111383 0.0115344 -0.00318419 0.999928 -0.000530183 0.0 0.0 0.0 1.0
chess/seq-03/color/frame-000070.color.png chess/seq-03/color/frame-000071.color.png 0.999832 0.00842605 -0.0162688 0.0389748 -0.00843709 0.999964 -0.000614573 0.00357404 0.0162631 0.000751734 0.999867 0.00269765 0.0 0.0 0.0 1.0
chess/seq-03/color/frame-000071.color.png chess/seq-03/color/frame-000072.color.png 0.999755 0.00501471 -0.02155 0.0440882 -0.00499144 0.999987 0.00113181 -0.00361633 0.0215554 -0.00102396 0.999767 -0.00574732 0.0 0.0 0.0 1.0
chess/seq-03/color/frame-000072.color.png chess/seq-03/color/frame-000073.color.png 0.999884 -0.000110962 -0.0152642 0.0320811 8.69959e-05 0.999999 -0.00156372 0.00146505 0.0152644 0.00156221 0.999882 0.00160569 0.0 0.0 0.0 1.0
chess/seq-03/color/frame-000073.color.png chess/seq-03/color/frame-000074.color.png 0.999821 0.0166744 -0.00892755 0.0483202 -0.0167237 0.999845 -0.00548138 0.00888929 0.00883478 0.00562972 0.999945 0.0103641 0.0 0.0 0.0 1.0
chess/seq-03/color/frame-000074.color.png chess/seq-03/color/frame-000075.color.png 0.999992 0.00229374 -0.00326708 0.0131078 -0.0023027 0.999994 -0.00272859 0.0040302 0.00326082 0.00273608 0.999991 0.00371176 0.0 0.0 0.0 1.0
chess/seq-03/color/frame-000075.color.png chess/seq-03/color/frame-000076.color.png 0.999778 0.000183114 -0.021074 0.0489906 -0.000184517 1.0 -6.61159e-05 -0.00120965 0.0210738 6.99992e-05 0.999778 -0.00207055 0.0 0.0 0.0 1.0
chess/seq-03/color/frame-000076.color.png chess/seq-03/color/frame-000077.color.png 0.999967 0.00506289 -0.00635795 0.0199848 -0.00507069 0.999986 -0.00120601 -0.00123224 0.00635175 0.00123819 0.999979 0.00346959 0.0 0.0 0.0 1.0
chess/seq-03/color/frame-000077.color.png chess/seq-03/color/frame-000078.color.png 0.999929 0.00159335 -0.0117839 0.0483777 -0.00162123 0.999996 -0.00236033 0.00564921 0.0117799 0.00237929 0.999928 0.0092485 0.0 0.0 0.0 1.0
chess/seq-03/color/frame-000078.color.png chess/seq-03/color/frame-000079.color.png 0.999959 0.00907728 0.000648802 0.0125203 -0.00907755 0.999959 0.000427759 0.00101119 -0.000644829 -0.000433665 1.0 0.0083946 0.0 0.0 0.0 1.0
chess/seq-03/color/frame-000079.color.png chess/seq-03/color/frame-000080.color.png 0.999957 0.00806166 -0.00458979 0.0367754 -0.00810094 0.99993 -0.00860977 0.0113087 0.00452013 0.0086466 0.999952 0.0132204 0.0 0.0 0.0 1.0
chess/seq-03/color/frame-000080.color.png chess/seq-03/color/frame-000081.color.png 0.999986 0.00225955 -0.00483309 0.0226905 -0.00225855 0.999997 0.000232601 -0.0069524 0.00483356 -0.000221681 0.999988 0.000426769 0.0 0.0 0.0 1.0
chess/seq-03/color/frame-000081.color.png chess/seq-03/color/frame-000082.color.png 0.999847 -0.00962792 -0.0146413 0.0455714 0.00950099 0.999917 -0.00871452 0.00680497 0.014724 0.00857409 0.999855 0.0101967 0.0 0.0 0.0 1.0
chess/seq-03/color/frame-000082.color.png chess/seq-03/color/frame-000083.color.png 0.999972 0.00586859 -0.00471127 0.0270143 -0.00586604 0.999983 0.000551417 0.000972927 0.00471447 -0.000523779 0.999989 0.00201607 0.0 0.0 0.0 1.0
chess/seq-03/color/frame-000083.color.png chess/seq-03/color/frame-000084.color.png 0.999951 0.00982329 0.000884873 0.0283293 -0.00982155 0.99995 -0.00186728 0.00415367 -0.000903238 0.00185855 0.999998 0.0124481 0.0 0.0 0.0 1.0
chess/seq-03/color/frame-000084.color.png chess/seq-03/color/frame-000085.color.png 0.999922 -0.00236119 -0.012302 0.0376119 0.002434 0.99998 0.00591117 -0.00990993 0.0122878 -0.00594068 0.999907 -0.00271559 0.0 0.0 0.0 1.0
chess/seq-03/color/frame-000085.color.png chess/seq-03/color/frame-000086.color.png 0.999979 0.0044439 -0.00469898 0.0389404 -0.00440131 0.99995 0.00901523 -0.0159029 0.00473885 -0.00899436 0.999948 0.00709224 0.0 0.0 0.0 1.0
chess/seq-03/color/frame-000086.color.png chess/seq-03/color/frame-000087.color.png 0.999927 0.0110056 0.00508769 0.0273176 -0.010996 0.999938 -0.00191793 0.00973457 -0.00510851 0.0018619 0.999985 0.0189123 0.0 0.0 0.0 1.0
chess/seq-03/color/frame-000087.color.png chess/seq-03/color/frame-000088.color.png 0.999993 0.000344741 0.00364138 0.00244701 -0.000344584 1.0 -3.56553e-05 0.00293148 -0.00364134 3.43859e-05 0.999993 0.0100282 0.0 0.0 0.0 1.0
chess/seq-03/color/frame-000088.color.png chess/seq-03/color/frame-000089.color.png 0.999943 -0.00347166 -0.0100823 0.0402985 0.00356075 0.999955 0.00883356 -0.0144985 0.0100511 -0.00886896 0.99991 -0.00218868 0.0 0.0 0.0 1.0
chess/seq-03/color/frame-000089.color.png chess/seq-03/color/frame-000090.color.png 0.999977 -0.00276471 -0.00622492 0.0321045 0.00280554 0.999975 0.00655749 0.000254065 0.00620664 -0.00657484 0.999959 0.0134788 0.0 0.0 0.0 1.0
chess/seq-03/color/frame-000090.color.png chess/seq-03/color/frame-000091.color.png 1.0 -0.000131105 0.000986006 0.0110765 0.000128604 0.999997 0.00260445 -0.00207007 -0.000986467 -0.00260431 0.999996 0.00602615 0.0 0.0 0.0 1.0
chess/seq-03/color/frame-000091.color.png chess/seq-03/color/frame-000092.color.png 0.999994 -0.00347056 0.000881715 0.0160229 0.00346945 0.999993 0.0011919 0.0018886 -0.000885711 -0.00118887 0.999999 0.00710392 0.0 0.0 0.0 1.0
chess/seq-03/color/frame-000092.color.png chess/seq-03/color/frame-000093.color.png 0.999993 0.000664701 -0.00369679 0.0228182 -0.000660669 0.999999 0.00107072 0.00124383 0.00369756 -0.00106827 0.999993 0.00128806 0.0 0.0 0.0 1.0
chess/seq-03/color/frame-000093.color.png chess/seq-03/color/frame-000094.color.png 0.999994 0.00111976 0.00319824 0.0156766 -0.00110212 0.999984 -0.00551882 0.0225075 -0.00320456 0.00551532 0.99998 0.01448 0.0 0.0 0.0 1.0
chess/seq-03/color/frame-000094.color.png chess/seq-03/color/frame-000095.color.png 0.999979 0.000823548 -0.00636441 0.0233376 -0.000856473 0.999986 -0.00515553 0.0203302 0.00636024 0.0051608 0.999966 -0.00645518 0.0 0.0 0.0 1.0
chess/seq-03/color/frame-000095.color.png chess/seq-03/color/frame-000096.color.png 0.999955 0.000625263 -0.00949121 0.0242512 -0.000659483 0.999993 -0.00361107 0.015158 0.00948866 0.00361719 0.999948 -0.00890827 0.0 0.0 0.0 1.0
chess/seq-03/color/frame-000096.color.png chess/seq-03/color/frame-000097.color.png 0.999886 0.00172967 -0.0149672 0.0350631 -0.00183369 0.999974 -0.0069391 0.0284505 0.0149549 0.00696575 0.999864 -0.0150301 0.0 0.0 0.0 1.0
chess/seq-03/color/frame-000097.color.png chess/seq-03/color/frame-000098.color.png 0.999975 0.00489989 -0.00513107 0.0147499 -0.00492048 0.99998 -0.00400202 0.0211068 0.00511136 0.00402714 0.999979 -0.00632179 0.0 0.0 0.0 1.0
chess/seq-03/color/frame-000098.color.png chess/seq-03/color/frame-000099.color.png 0.999928 0.0103501 -0.00616525 0.0275961 -0.0103701 0.999941 -0.00321967 0.0295584 0.00613158 0.00328338 0.999976 -0.00361538 0.0 0.0 0.0 1.0
chess/seq-03/color/frame-000099.color.png chess/seq-03/color/frame-000100.color.png 0.999851 -0.005634 -0.0163237 0.0337925 0.00560494 0.999983 -0.00182521 0.0178686 0.0163337 0.00173345 0.999865 -0.0201939 0.0 0.0 0.0 1.0
chess/seq-03/color/frame-000100.color.png chess/seq-03/color/frame-000101.color.png 0.99989 -0.0026546 -0.0146093 0.0236863 0.00255305 0.999972 -0.00696834 0.0236712 0.0146273 0.00693029 0.999869 -0.0153244 0.0 0.0 0.0 1.0
chess/seq-03/color/frame-000101.color.png chess/seq-03/color/frame-000102.color.png 0.999978 -0.00152701 -0.00646229 0.012579 0.00148534 0.999978 -0.00644674 0.017197 0.00647208 0.00643697 0.999958 -0.00415361 0.0 0.0 0.0 1.0
chess/seq-03/color/frame-000102.color.png chess/seq-03/color/frame-000103.color.png 0.999887 -0.00940102 -0.0116907 0.022133 0.00936398 0.999951 -0.00322372 0.0100812 0.0117204 0.0031139 0.999927 -0.0108258 0.0 0.0 0.0 1.0
chess/seq-03/color/frame-000103.color.png chess/seq-03/color/frame-000104.color.png 0.999962 -0.00490345 -0.00726087 0.00828135 0.00488522 0.999985 -0.00251796 0.0149359 0.00727321 0.0024824 0.99997 -0.0101345 0.0 0.0 0.0 1.0
chess/seq-03/color/frame-000104.color.png chess/seq-03/color/frame-000105.color.png 0.999965 -0.00225926 -0.00807947 0.0106028 0.00221759 0.999984 -0.00516175 0.0205164 0.00809092 0.00514367 0.999954 -0.00941777 0.0 0.0 0.0 1.0
chess/seq-03/color/frame-000105.color.png chess/seq-03/color/frame-000106.color.png 0.999999 0.00117036 -0.000889346 0.000765204 -0.00117429 0.999989 -0.0044639 0.0155686 0.000884158 0.00446492 0.99999 0.00144446 0.0 0.0 0.0 1.0
chess/seq-03/color/frame-000106.color.png chess/seq-03/color/frame-000107.color.png 0.999996 -0.00189842 0.00197317 -0.00716162 0.00190694 0.999989 -0.00434081 0.0175553 -0.00196492 0.00434459 0.999989 0.00157142 0.0 0.0 0.0 1.0
chess/seq-03/color/frame-000107.color.png chess/seq-03/color/frame-000108.color.png 0.999977 -0.00675251 -0.000881361 -0.00556791 0.00674539 0.999946 -0.00790903 0.012421 0.000934689 0.00790291 0.999968 -0.00193715 0.0 0.0 0.0 1.0
chess/seq-03/color/frame-000108.color.png chess/seq-03/color/frame-000109.color.png 0.99997 -0.00651627 0.0041826 -0.011728 0.00655174 0.999942 -0.008524 0.0131432 -0.00412681 0.00855116 0.999955 0.00361156 0.0 0.0 0.0 1.0
chess/seq-03/color/frame-000109.color.png chess/seq-03/color/frame-000110.color.png 0.999918 -0.0126889 0.00199285 -0.0112545 0.012704 0.999889 -0.00774383 0.0185434 -0.00189441 0.00776849 0.999968 0.000266075 0.0 0.0 0.0 1.0
chess/seq-03/color/frame-000110.color.png chess/seq-03/color/frame-000111.color.png 0.999999 -0.000377603 0.00147332 -0.0108064 0.000377726 1.0 -0.000109637 0.00480233 -0.00147318 0.000110179 0.999999 -0.000292182 0.0 0.0 0.0 1.0
chess/seq-03/color/frame-000111.color.png chess/seq-03/color/frame-000112.color.png 0.99999 -0.000307665 0.00441387 -0.0112714 0.000307036 1.0 0.000141606 0.0115686 -0.00441385 -0.000140252 0.99999 0.00141859 0.0 0.0 0.0 1.0
chess/seq-03/color/frame-000112.color.png chess/seq-03/color/frame-000113.color.png 0.999978 -0.00511524 0.00421509 -0.0145354 0.00510231 0.999982 0.00308041 -0.00395134 -0.00423079 -0.00305881 0.999986 0.00132751 0.0 0.0 0.0 1.0
chess/seq-03/color/frame-000113.color.png chess/seq-03/color/frame-000114.color.png 0.999841 0.00492314 0.0171631 -0.0299644 -0.00484472 0.999978 -0.00460753 0.0182368 -0.0171853 0.00452367 0.999842 0.0170783 0.0 0.0 0.0 1.0
chess/seq-03/color/frame-000114.color.png chess/seq-03/color/frame-000115.color.png 0.999957 -0.00519903 0.00762312 -0.0194082 0.00518895 0.999986 0.00134694 0.00187598 -0.00763004 -0.00130734 0.99997 0.00614679 0.0 0.0 0.0 1.0
chess/seq-03/color/frame-000115.color.png chess/seq-03/color/frame-000116.color.png 0.999975 -0.00623835 0.0033857 -0.0294944 0.0062133 0.999954 0.00735182 -0.00266403 -0.00343151 -0.00733061 0.999967 -1.03712e-05 0.0 0.0 0.0 1.0
chess/seq-03/color/frame-000116.color.png chess/seq-03/color/frame-000117.color.png 0.999989 -0.00350116 0.00307386 -0.0284172 0.00349531 0.999992 0.00190452 0.00796807 -0.00308037 -0.00189375 0.999993 0.00197017 0.0 0.0 0.0 1.0
chess/seq-03/color/frame-000117.color.png chess/seq-03/color/frame-000118.color.png 0.999999 -0.000354223 0.00117209 -0.00828886 0.000352363 0.999999 0.00154886 0.00167001 -0.00117285 -0.00154848 0.999998 0.00125873 0.0 0.0 0.0 1.0
chess/seq-03/color/frame-000118.color.png chess/seq-03/color/frame-000119.color.png 0.999971 -0.00700781 0.00286555 -0.0327098 0.00699658 0.999968 0.00391369 0.00120126 -0.00289279 -0.00389351 0.999988 8.49962e-05 0.0 0.0 0.0 1.0
chess/seq-03/color/frame-000119.color.png chess/seq-03/color/frame-000120.color.png 0.999806 -0.0148518 -0.0129522 -0.0135427 0.0150665 0.999748 0.0166414 -0.0184746 0.0127019 -0.0168334 0.999778 -0.0168501 0.0 0.0 0.0 1.0
chess/seq-03/color/frame-000120.color.png chess/seq-03/color/frame-000121.color.png 0.999968 -0.00401016 -0.00693967 -0.0138268 0.00412356 0.999857 0.0164039 -0.0116778 0.00687281 -0.016432 0.999841 -0.0112588 0.0 0.0 0.0 1.0
chess/seq-03/color/frame-000121.color.png chess/seq-03/color/frame-000122.color.png 0.999991 -0.00086377 -0.00422432 -0.00223076 0.000906292 0.999949 0.0100902 -0.00860886 0.0042155 -0.0100939 0.99994 -0.00470603 0.0 0.0 0.0 1.0
chess/seq-03/color/frame-000122.color.png chess/seq-03/color/frame-000123.color.png 0.999979 -0.00541433 -0.00353484 -0.0070436 0.00545201 0.999928 0.0107198 -0.00437567 0.00347645 -0.0107388 0.999936 -0.00566185 0.0 0.0 0.0 1.0
chess/seq-03/color/frame-000123.color.png chess/seq-03/color/frame-000124.color.png 0.999977 -0.000485794 0.00677161 -0.0230517 0.000350432 0.9998 0.0199768 -0.0130474 -0.00678 -0.0199739 0.999778 0.00390601 0.0 0.0 0.0 1.0
chess/seq-03/color/frame-000124.color.png chess/seq-03/color/frame-000125.color.png 0.999984 -0.00484695 0.00278774 -0.0106361 0.00483222 0.999974 0.00525481 -0.00437456 -0.00281309 -0.00524125 0.999982 0.00184608 0.0 0.0 0.0 1.0
chess/seq-03/color/frame-000125.color.png chess/seq-03/color/frame-000126.color.png 0.99997 0.00715369 0.00304297 -0.00471675 -0.00716723 0.999964 0.00446903 0.00600935 -0.00301088 -0.00449071 0.999985 -0.00687063 0.0 0.0 0.0 1.0
chess/seq-03/color/frame-000126.color.png chess/seq-03/color/frame-000127.color.png 0.999993 0.00269901 0.00257548 -0.00409245 -0.0027155 0.999976 0.00642907 -0.0034035 -0.00255818 -0.00643603 0.999976 0.000416756 0.0 0.0 0.0 1.0
chess/seq-03/color/frame-000127.color.png chess/seq-03/color/frame-000128.color.png 0.99998 0.00577009 -0.00262122 0.00225389 -0.00577252 0.999983 -0.000907388 0.0130252 0.00261604 0.000922496 0.999996 -0.0113562 0.0 0.0 0.0 1.0
chess/seq-03/color/frame-000128.color.png chess/seq-03/color/frame-000129.color.png 0.999922 0.0118658 -0.00392831 -0.00176692 -0.0118946 0.999902 -0.00738235 0.0346394 0.0038402 0.00742849 0.999965 -0.0135096 0.0 0.0 0.0 1.0
chess/seq-03/color/frame-000129.color.png chess/seq-03/color/frame-000130.color.png 0.999959 0.00327662 -0.00842176 0.0081014 -0.00331131 0.999986 -0.00411228 0.0155642 0.0084084 0.00414 0.999956 -0.0121763 0.0 0.0 0.0 1.0
chess/seq-03/color/frame-000130.color.png chess/seq-03/color/frame-000131.color.png 0.999651 0.015535 -0.0213835 0.0272958 -0.0157653 0.999819 -0.0106409 0.0384339 0.0212142 0.0109743 0.999715 -0.0367157 0.0 0.0 0.0 1.0
chess/seq-03/color/frame-000131.color.png chess/seq-03/color/frame-000132.color.png 0.999832 0.0134979 -0.0123577 0.0213348 -0.013593 0.999878 -0.00764997 0.0320306 0.012253 0.0078167 0.999894 -0.0201869 0.0 0.0 0.0 1.0
chess/seq-03/color/frame-000132.color.png chess/seq-03/color/frame-000133.color.png 0.999987 0.00207762 -0.00467143 0.00723481 -0.00210102 0.999985 -0.00500606 0.0154464 0.00466108 0.0050158 0.999977 -0.0107449 0.0 0.0 0.0 1.0
chess/seq-03/color/frame-000133.color.png chess/seq-03/color/frame-000134.color.png 0.999887 0.00640174 -0.0135963 0.0289399 -0.00649223 0.999957 -0.00661978 0.0291697 0.0135533 0.00670729 0.999886 -0.0244311 0.0 0.0 0.0 1.0
chess/seq-03/color/frame-000134.color.png chess/seq-03/color/frame-000135.color.png 0.999999 -0.000793269 -0.00147801 0.00725925 0.000786307 0.999988 -0.00472251 0.0173722 0.00148163 0.00472142 0.999988 -0.0112774 0.0 0.0 0.0 1.0
chess/seq-03/color/frame-000135.color.png chess/seq-03/color/frame-000136.color.png 0.999924 0.000187351 -0.0123293 0.0256119 -0.000263358 0.999981 -0.00616736 0.0201491 0.012328 0.00617012 0.999905 -0.0242854 0.0 0.0 0.0 1.0
chess/seq-03/color/frame-000136.color.png chess/seq-03/color/frame-000137.color.png 0.999983 0.00368573 0.00449644 0.00373352 -0.00361822 0.999882 -0.0149285 0.0298072 -0.00455097 0.014912 0.999878 -0.00175595 0.0 0.0 0.0 1.0
chess/seq-03/color/frame-000137.color.png chess/seq-03/color/frame-000138.color.png 0.999974 -0.0070069 -0.00184045 0.00700724 0.00700395 0.999974 -0.00157584 0.00334063 0.0018515 0.00156293 0.999997 -0.00499809 0.0 0.0 0.0 1.0
chess/seq-03/color/frame-000138.color.png chess/seq-03/color/frame-000139.color.png 0.999978 -0.00484704 -0.00444428 0.0181381 0.00480614 0.999946 -0.00917166 0.018773 0.00448847 0.00915007 0.999948 -0.00900531 0.0 0.0 0.0 1.0
chess/seq-03/color/frame-000139.color.png chess/seq-03/color/frame-000140.color.png 0.999822 -0.00344284 0.0185525 -0.0205786 0.00370616 0.999893 -0.0141772 0.0331287 -0.0185017 0.0142434 0.999727 0.0174839 0.0 0.0 0.0 1.0
chess/seq-03/color/frame-000140.color.png chess/seq-03/color/frame-000141.color.png 0.9999 -0.0134541 0.00442633 0.000673175 0.0134662 0.999906 -0.00272136 0.00145259 -0.00438924 0.00278064 0.999986 0.00286794 0.0 0.0 0.0 1.0
chess/seq-03/color/frame-000141.color.png chess/seq-03/color/frame-000142.color.png 0.999761 -0.0200739 0.00866669 -0.000532031 0.0200725 0.999798 0.000249648 -0.00773707 -0.00867007 -7.56103e-05 0.999963 0.00948799 0.0 0.0 0.0 1.0
chess/seq-03/color/frame-000142.color.png chess/seq-03/color/frame-000143.color.png 0.999967 -0.00767828 0.00261492 0.000743508 0.00768107 0.99997 -0.00107894 -0.00223237 -0.00260663 0.001099 0.999996 0.00292528 0.0 0.0 0.0 1.0
chess/seq-03/color/frame-000143.color.png chess/seq-03/color/frame-000144.color.png 0.999803 -0.018133 0.00811326 -0.000377297 0.0181859 0.999813 -0.00649593 -0.00116563 -0.0079939 0.00664216 0.999946 0.00688481 0.0 0.0 0.0 1.0
chess/seq-03/color/frame-000144.color.png chess/seq-03/color/frame-000145.color.png 0.999906 -0.00879255 0.0105262 -0.00236118 0.00883976 0.999951 -0.00444936 0.00617397 -0.0104865 0.004542 0.999935 0.0111437 0.0 0.0 0.0 1.0
chess/seq-03/color/frame-000145.color.png chess/seq-03/color/frame-000146.color.png 0.999821 -0.0155347 0.010797 -0.0109136 0.0154869 0.99987 0.00450329 -0.00676681 -0.0108655 -0.00433527 0.999932 0.0165583 0.0 0.0 0.0 1.0
chess/seq-03/color/frame-000146.color.png chess/seq-03/color/frame-000147.color.png 0.999866 -0.013552 0.00917472 -0.0075314 0.0135608 0.999908 -0.000890909 -0.00429967 -0.00916186 0.00101519 0.999957 0.0143235 0.0 0.0 0.0 1.0
chess/seq-03/color/frame-000147.color.png chess/seq-03/color/frame-000148.color.png 0.999685 -0.0147802 0.0203086 -0.0165131 0.0148496 0.999884 -0.00327355 -0.00445883 -0.020258 0.00357409 0.999788 0.0207946 0.0 0.0 0.0 1.0
chess/seq-03/color/frame-000148.color.png chess/seq-03/color/frame-000149.color.png 0.999961 -0.0083986 0.00280626 0.00161076 0.00839798 0.999965 0.000246852 -0.00468853 -0.00280828 -0.000223273 0.999996 0.00407803 0.0 0.0 0.0 1.0
chess/seq-03/color/frame-000149.color.png chess/seq-03/color/frame-000150.color.png 0.999875 -0.0118461 0.0104458 -0.00842166 0.0118469 0.99993 -1.36027e-05 -0.00721939 -0.0104448 0.000137402 0.999945 0.0145099 0.0 0.0 0.0 1.0
chess/seq-03/color/frame-000150.color.png chess/seq-03/color/frame-000151.color.png 0.999849 -0.0119357 0.0126136 -0.00895429 0.0120739 0.999867 -0.0109392 0.0121511 -0.0124813 0.0110898 0.999861 0.0142305 0.0 0.0 0.0 1.0
chess/seq-03/color/frame-000151.color.png chess/seq-03/color/frame-000152.color.png 0.999955 -0.00515806 0.00793945 -0.00434411 0.00520607 0.999968 -0.00603767 0.00634363 -0.00790834 0.00607874 0.99995 0.00975525 0.0 0.0 0.0 1.0
chess/seq-03/color/frame-000152.color.png chess/seq-03/color/frame-000153.color.png 0.999956 0.00142068 0.00929369 -0.00971544 -0.00141652 0.999999 -0.000453212 0.0103151 -0.00929419 0.000440049 0.999957 0.0150404 0.0 0.0 0.0 1.0
chess/seq-03/color/frame-000153.color.png chess/seq-03/color/frame-000154.color.png 0.999943 -0.00699027 0.00801869 -0.00911331 0.00695576 0.999966 0.00432048 -0.00498597 -0.00804864 -0.00426449 0.999959 0.0140123 0.0 0.0 0.0 1.0
chess/seq-03/color/frame-000154.color.png chess/seq-03/color/frame-000155.color.png 0.999999 -0.00107063 0.000138382 -0.000784636 0.00107011 0.999991 0.00399937 -0.00455883 -0.00014267 -0.00399921 0.999992 0.00326228 0.0 0.0 0.0 1.0
chess/seq-03/color/frame-000155.color.png chess/seq-03/color/frame-000156.color.png 0.999993 0.000155448 0.00363899 -0.00428212 -0.000173621 0.999987 0.00498372 -0.00547385 -0.00363809 -0.00498433 0.999981 0.00645494 0.0 0.0 0.0 1.0
chess/seq-03/color/frame-000156.color.png chess/seq-03/color/frame-000157.color.png 0.999997 0.00207748 0.000706889 -0.00207794 -0.0020777 0.999998 0.000377244 -0.00112605 -0.000706027 -0.000378673 1.0 0.000890851 0.0 0.0 0.0 1.0
chess/seq-03/color/frame-000157.color.png chess/seq-03/color/frame-000158.color.png 0.999961 0.00571427 -0.00666598 0.00659609 -0.00571184 0.999983 0.000386449 0.00207029 0.00666807 -0.00034842 0.999978 -0.00896001 0.0 0.0 0.0 1.0
chess/seq-03/color/frame-000158.color.png chess/seq-03/color/frame-000159.color.png 0.999924 0.00798544 -0.00944328 0.00593615 -0.00791533 0.999941 0.00744229 -0.00117874 0.00950218 -0.00736696 0.999928 -0.00864708 0.0 0.0 0.0 1.0
chess/seq-03/color/frame-000159.color.png chess/seq-03/color/frame-000160.color.png 0.999954 0.00702215 -0.00661454 0.0064708 -0.00698622 0.999961 0.00543759 -0.00388503 0.00665248 -0.00539109 0.999963 -0.00562894 0.0 0.0 0.0 1.0
chess/seq-03/color/frame-000160.color.png chess/seq-03/color/frame-000161.color.png 0.999861 0.0143448 -0.00848052 0.00371623 -0.0142323 0.999812 0.0131714 -0.0105425 0.00866779 -0.0130489 0.999877 -0.0129925 0.0 0.0 0.0 1.0
chess/seq-03/color/frame-000161.color.png chess/seq-03/color/frame-000162.color.png 0.999715 0.01438 -0.0190671 0.0228702 -0.0141563 0.99983 0.011812 -0.0122503 0.0192338 -0.0115387 0.999748 -0.0242323 0.0 0.0 0.0 1.0
chess/seq-03/color/frame-000162.color.png chess/seq-03/color/frame-000163.color.png 0.999687 0.0125959 -0.0215922 0.020759 -0.0123559 0.999861 0.0112159 -0.0112698 0.0217304 -0.0109456 0.999704 -0.0208737 0.0 0.0 0.0 1.0
chess/seq-03/color/frame-000163.color.png chess/seq-03/color/frame-000164.color.png 0.999946 0.0079612 -0.00670773 0.00346041 -0.00791954 0.999949 0.0062256 -0.00568731 0.00675697 -0.00617213 0.999958 -0.00855029 0.0 0.0 0.0 1.0
chess/seq-03/color/frame-000164.color.png chess/seq-03/color/frame-000165.color.png 0.999751 0.015458 -0.0160597 0.0126303 -0.01523 0.999783 0.0142232 -0.0099663 0.0162761 -0.0139751 0.99977 -0.01729 0.0 0.0 0.0 1.0
chess/seq-03/color/frame-000165.color.png chess/seq-03/color/frame-000166.color.png 0.999456 0.0154711 -0.0291239 0.0305582 -0.0146991 0.99954 0.0265385 -0.0299461 0.0295211 -0.026096 0.999223 -0.0289912 0.0 0.0 0.0 1.0
chess/seq-03/color/frame-000166.color.png chess/seq-03/color/frame-000167.color.png 0.999593 0.0237423 -0.0158118 0.0209579 -0.0234255 0.999527 0.0199334 -0.0153655 0.0162775 -0.0195549 0.999676 -0.0184162 0.0 0.0 0.0 1.0
chess/seq-03/color/frame-000167.color.png chess/seq-03/color/frame-000168.color.png 0.999543 0.0250245 -0.0169495 0.0177349 -0.0248339 0.999627 0.0113669 -0.0111036 0.0172277 -0.0109408 0.999792 -0.0211117 0.0 0.0 0.0 1.0
chess/seq-03/color/frame-000168.color.png chess/seq-03/color/frame-000169.color.png 0.999867 0.0130869 -0.009763 0.0111217 -0.012992 0.999868 0.00973266 -0.00548995 0.00988918 -0.00960458 0.999905 -0.0103235 0.0 0.0 0.0 1.0
chess/seq-03/color/frame-000169.color.png chess/seq-03/color/frame-000170.color.png 0.999593 0.0248066 -0.0141177 0.0134667 -0.0246757 0.999652 0.00936681 -0.013836 0.0143451 -0.0090146 0.999856 -0.0226947 0.0 0.0 0.0 1.0
chess/seq-03/color/frame-000170.color.png chess/seq-03/color/frame-000171.color.png 0.999172 0.0403725 -0.00508687 0.00642049 -0.04034 0.999166 0.00633792 0.00683575 0.00533849 -0.00612746 0.999967 -0.00912893 0.0 0.0 0.0 1.0
chess/seq-03/color/frame-000171.color.png chess/seq-03/color/frame-000172.color.png 0.999936 0.0111795 0.00173932 -0.00140333 -0.011172 0.999928 -0.00427445 0.00623734 -0.00178695 0.00425471 0.999989 0.000176191 0.0 0.0 0.0 1.0
chess/seq-03/color/frame-000172.color.png chess/seq-03/color/frame-000173.color.png 0.999536 0.0296645 0.00691716 -0.0068934 -0.0296709 0.999559 0.000824789 0.00477941 -0.00688958 -0.00102965 0.999976 0.00301993 0.0 0.0 0.0 1.0
chess/seq-03/color/frame-000173.color.png chess/seq-03/color/frame-000174.color.png 0.99963 0.0265125 0.00610145 -0.00608301 -0.0265541 0.999624 0.00683034 -0.00959886 -0.00591815 -0.00698979 0.999958 0.00405931 0.0 0.0 0.0 1.0
chess/seq-03/color/frame-000174.color.png chess/seq-03/color/frame-000175.color.png 0.999864 0.01572 0.00506779 -0.000374079 -0.0157278 0.999875 0.00149196 0.00097787 -0.00504377 -0.00157141 0.999986 0.00252712 0.0 0.0 0.0 1.0
chess/seq-03/color/frame-000175.color.png chess/seq-03/color/frame-000176.color.png 0.999519 0.0296676 0.00902651 -0.0106051 -0.0297267 0.999537 0.00648797 -0.0100071 -0.00882984 -0.00675316 0.999938 0.00898647 0.0 0.0 0.0 1.0
