fire/seq-04/color/frame-000000.color.png fire/seq-04/color/frame-000001.color.png 1.0 0.000316299 -0.000120429 -4.35416e-05 -0.000316292 1.0 5.45106e-05 -0.000330064 0.000120447 -5.44726e-05 1.0 0.000145285 0.0 0.0 0.0 1.0
fire/seq-04/color/frame-000001.color.png fire/seq-04/color/frame-000002.color.png 0.999998 0.00177369 -0.0013462 4.44756e-05 -0.00177494 0.999998 -0.000927475 -0.000528523 0.00134456 0.000929862 0.999999 9.10235e-05 0.0 0.0 0.0 1.0
fire/seq-04/color/frame-000002.color.png fire/seq-04/color/frame-000003.color.png 0.999995 0.00288363 -0.00128451 -0.000515787 -0.00288453 0.999996 -0.000703071 -0.000613135 0.00128248 0.000706773 0.999999 0.000116898 0.0 0.0 0.0 1.0
fire/seq-04/color/frame-000003.color.png fire/seq-04/color/frame-000004.color.png 0.999995 0.00252042 -0.00194305 -0.000537512 -0.00252256 0.999996 -0.00110338 0.00019704 0.00194026 0.00110827 0.999997 -4.65109e-05 0.0 0.0 0.0 1.0
fire/seq-04/color/frame-000004.color.png fire/seq-04/color/frame-000005.color.png 0.999988 0.0029183 -0.00400309 0.0010609 -0.00291774 0.999996 0.000145951 -0.000251705 0.0040035 -0.000134269 0.999992 0.000351909 0.0 0.0 0.0 1.0
fire/seq-04/color/frame-000005.color.png fire/seq-04/color/frame-000006.color.png 0.99999 0.00182341 -0.00419547 0.00141253 -0.00182172 0.999998 0.000407473 -0.000533639 0.00419621 -0.000399825 0.999991 0.00148613 0.0 0.0 0.0 1.0
fire/seq-04/color/frame-000006.color.png fire/seq-04/color/frame-000007.color.png 0.999995 -0.000777004 -0.00286722 0.000234206 0.0007761 1.0 -0.000317103 -0.00144171 0.00286746 0.000314876 0.999996 0.000730166 0.0 0.0 0.0 1.0
fire/seq-04/color/frame-000007.color.png fire/seq-04/color/frame-000008.color.png 0.999983 -0.00299269 -0.00496673 -0.000661974 0.00298995 0.999995 -0.000558097 -0.00464106 0.00496838 0.000543237 0.999987 0.000682581 0.0 0.0 0.0 1.0
fire/seq-04/color/frame-000008.color.png fire/seq-04/color/frame-000009.color.png 0.999943 -0.00101368 -0.0106078 0.00334214 0.000967355 0.99999 -0.00437109 -0.00136794 0.0106121 0.00436059 0.999934 0.000254861 0.0 0.0 0.0 1.0
fire/seq-04/color/frame-000009.color.png fire/seq-04/color/frame-000010.color.png 0.999965 -0.000210479 -0.00837728 0.00195838 0.000171391 0.999989 -0.00466631 0.000782213 0.00837817 0.00466471 0.999954 0.00126093 0.0 0.0 0.0 1.0
fire/seq-04/color/frame-000010.color.png fire/seq-04/color/frame-000011.color.png 0.999979 -0.00342108 -0.00559816 0.0024826 0.00340957 0.999992 -0.00206326 -0.00114095 0.00560517 0.00204413 0.999982 0.00240349 0.0 0.0 0.0 1.0
fire/seq-04/color/frame-000011.color.png fire/seq-04/color/frame-000012.color.png 0.999984 -0.00185584 -0.0053615 0.00043189 0.0018524 0.999998 -0.000645321 -0.00221349 0.00536267 0.000635379 0.999985 0.00179587 0.0 0.0 0.0 1.0
fire/seq-04/color/frame-000012.color.png fire/seq-04/color/frame-000013.color.png 0.999951 0.00360176 -0.00920993 0.00637893 -0.00362185 0.999991 -0.00216539 -0.00113454 0.00920205 0.00219864 0.999955 0.00402118 0.0 0.0 0.0 1.0
fire/seq-04/color/frame-000013.color.png fire/seq-04/color/frame-000014.color.png 0.999986 -0.000161586 -0.00522484 0.00543447 0.000157157 1.0 -0.000848214 -0.00440178 0.00522498 0.000847384 0.999986 0.00402253 0.0 0.0 0.0 1.0
fire/seq-04/color/frame-000014.color.png fire/seq-04/color/frame-000015.color.png 0.999972 -0.00455085 -0.00584794 0.000783941 0.00453168 0.999984 -0.0032871 -0.00333109 0.00586279 0.0032605 0.999978 0.000804072 0.0 0.0 0.0 1.0
fire/seq-04/color/frame-000015.color.png fire/seq-04/color/frame-000016.color.png 0.999885 0.0041004 -0.0146086 0.00149949 -0.00415559 0.999984 -0.00374974 -0.00288535 0.014593 0.00381002 0.999886 0.00408836 0.0 0.0 0.0 1.0
fire/seq-04/color/frame-000016.color.png fire/seq-04/color/frame-000017.color.png 0.999883 0.00526676 -0.0143917 0.00614546 -0.00530842 0.999982 -0.00285775 -0.00203997 0.0143763 0.0029338 0.999892 0.00324573 0.0 0.0 0.0 1.0
fire/seq-04/color/frame-000017.color.png fire/seq-04/color/frame-000018.color.png 0.999492 0.0170674 -0.0269125 0.00740934 -0.0171639 0.999847 -0.00336094 -0.0073939 0.026851 0.00382116 0.999632 0.00557847 0.0 0.0 0.0 1.0
fire/seq-04/color/frame-000018.color.png fire/seq-04/color/frame-000019.color.png 0.999724 0.0139 -0.0189222 0.00913459 -0.0139906 0.999891 -0.00466523 -0.00227045 0.0188553 0.00492867 0.99981 0.00723135 0.0 0.0 0.0 1.0
fire/seq-04/color/frame-000019.color.png fire/seq-04/color/frame-000020.color.png 0.999859 0.00908397 -0.0141498 0.00607534 -0.00916391 0.999942 -0.00559472 -0.00124714 0.0140981 0.00572359 0.999884 0.00245731 0.0 0.0 0.0 1.0
fire/seq-04/color/frame-000020.color.png fire/seq-04/color/frame-000021.color.png 0.999854 0.00519502 -0.0163049 0.00713152 -0.00524832 0.999981 -0.00322874 -0.00237449 0.0162878 0.00331385 0.999862 0.00428554 0.0 0.0 0.0 1.0
fire/seq-04/color/frame-000021.color.png fire/seq-04/color/frame-000022.color.png 0.999857 0.00739335 -0.0152124 0.00274175 -0.00742689 0.99997 -0.00214871 -0.00566781 0.0151961 0.00226138 0.999882 0.00115955 0.0 0.0 0.0 1.0
fire/seq-04/color/frame-000022.color.png fire/seq-04/color/frame-000023.color.png 0.9998 0.00974168 -0.0174912 0.00557781 -0.00983846 0.999937 -0.00545614 -0.00135285 0.017437 0.00562714 0.999832 0.000690211 0.0 0.0 0.0 1.0
fire/seq-04/color/frame-000023.color.png fire/seq-04/color/frame-000024.color.png 0.99972 0.0128692 -0.0198794 0.0137185 -0.0130084 0.999892 -0.00689224 0.00237698 0.0197885 0.00714891 0.999779 0.00436858 0.0 0.0 0.0 1.0
fire/seq-04/color/frame-000024.color.png fire/seq-04/color/frame-000025.color.png 0.999775 0.00681172 -0.0201023 0.0175095 -0.00682429 0.999977 -0.000556273 -0.00695792 0.020098 0.000693343 0.999798 -0.000791203 0.0 0.0 0.0 1.0
fire/seq-04/color/frame-000025.color.png fire/seq-04/color/frame-000026.color.png 0.999935 0.00474583 -0.0103523 0.00326452 -0.00476537 0.999987 -0.00186239 -0.00185347 0.0103433 0.00191158 0.999945 -0.000164591 0.0 0.0 0.0 1.0
fire/seq-04/color/frame-000026.color.png fire/seq-04/color/frame-000027.color.png 0.999796 0.0112086 -0.0167762 0.0161674 -0.0112667 0.999931 -0.00337501 0.00323926 0.0167372 0.00356334 0.999854 0.00448817 0.0 0.0 0.0 1.0
fire/seq-04/color/frame-000027.color.png fire/seq-04/color/frame-000028.color.png 0.99997 0.00624411 -0.00466297 0.00902928 -0.00624434 0.999981 -2.76701e-05 -0.00168429 0.00466276 5.67792e-05 0.999989 0.00221153 0.0 0.0 0.0 1.0
fire/seq-04/color/frame-000028.color.png fire/seq-04/color/frame-000029.color.png 0.999985 0.00128715 -0.00532987 0.0101545 -0.00128346 0.999999 0.000694449 -0.00136749 0.00533075 -0.000687583 0.999986 0.00100579 0.0 0.0 0.0 1.0
fire/seq-04/color/frame-000029.color.png fire/seq-04/color/frame-000030.color.png 0.999953 0.00766499 -0.00593159 0.0187908 -0.00766534 0.999971 -4.07424e-05 -0.00230158 0.00593112 8.62017e-05 0.999983 0.00464426 0.0 0.0 0.0 1.0
fire/seq-04/color/frame-000030.color.png fire/seq-04/color/frame-000031.color.png 0.999999 -0.000405069 0.000984489 0.00537409 0.000405461 1.0 -0.000433817 -0.00283913 -0.000984275 0.000434224 0.999999 0.0011908 0.0 0.0 0.0 1.0
fire/seq-04/color/frame-000031.color.png fire/seq-04/color/frame-000032.color.png 0.999996 -0.00185976 -0.00221591 0.0073581 0.0018581 0.999998 -0.000753982 -0.000616163 0.00221728 0.000749839 0.999997 -0.00181279 0.0 0.0 0.0 1.0
fire/seq-04/color/frame-000032.color.png fire/seq-04/color/frame-000033.color.png 0.999995 0.0012617 -0.00277987 0.00990616 -0.00126506 0.999999 -0.0012116 -0.000855274 0.00277828 0.00121512 0.999995 0.00299769 0.0 0.0 0.0 1.0
fire/seq-04/color/frame-000033.color.png fire/seq-04/color/frame-000034.color.png 0.999987 -0.00460412 0.00208592 0.013848 0.00460463 0.999989 -0.000232289 -0.00407574 -0.0020848 0.000241905 0.999998 0.000332251 0.0 0.0 0.0 1.0
fire/seq-04/color/frame-000034.color.png fire/seq-04/color/frame-000035.color.png 0.999997 -0.000351606 -0.00219125 0.00838287 0.000349231 0.999999 -0.00109138 -0.00153449 0.00219159 0.0010906 0.999997 0.000488959 0.0 0.0 0.0 1.0
fire/seq-04/color/frame-000035.color.png fire/seq-04/color/frame-000036.color.png 1.0 -0.000627123 -0.000234698 0.00769828 0.000626728 0.999999 -0.00157791 -0.00218337 0.000235728 0.00157775 0.999999 -0.00271597 0.0 0.0 0.0 1.0
fire/seq-04/color/frame-000036.color.png fire/seq-04/color/frame-000037.color.png 0.999998 0.00148695 0.00151253 0.00775146 -0.00147751 0.99998 -0.00620866 0.00285377 -0.00152167 0.00620642 0.999979 0.00132842 0.0 0.0 0.0 1.0
fire/seq-04/color/frame-000037.color.png fire/seq-04/color/frame-000038.color.png 0.999997 -0.000833286 0.00220331 0.00486901 0.000837558 0.999998 -0.00193911 -0.00233129 -0.00220178 0.00194095 0.999996 -0.00241929 0.0 0.0 0.0 1.0
fire/seq-04/color/frame-000038.color.png fire/seq-04/color/frame-000039.color.png 0.999916 -0.00577516 -0.0115794 0.0258131 0.00573272 0.999977 -0.003695 -0.00384721 0.0116005 0.00362831 0.999926 -0.00228874 0.0 0.0 0.0 1.0
fire/seq-04/color/frame-000039.color.png fire/seq-04/color/frame-000040.color.png 0.999999 -0.000927346 -0.00112567 0.00606048 0.00092497 0.999997 -0.00211495 0.00027629 0.00112767 0.00211392 0.999997 -0.00174371 0.0 0.0 0.0 1.0
fire/seq-04/color/frame-000040.color.png fire/seq-04/color/frame-000041.color.png 0.999989 -0.00201156 -0.00421746 0.00716875 0.00201289 0.999998 0.000304214 -0.00207626 0.00421675 -0.000312709 0.999991 -0.00697695 0.0 0.0 0.0 1.0
fire/seq-04/color/frame-000041.color.png fire/seq-04/color/frame-000042.color.png 0.999969 -0.00240238 -0.00744196 0.0100782 0.00240202 0.999997 -5.63344e-05 0.000783436 0.00744209 3.8459e-05 0.999972 0.000151776 0.0 0.0 0.0 1.0
fire/seq-04/color/frame-000042.color.png fire/seq-04/color/frame-000043.color.png 0.999978 -0.00419417 -0.00506423 0.00830561 0.00419948 0.999991 0.00103373 -0.00181705 0.0050599 -0.00105497 0.999987 -0.00143132 0.0 0.0 0.0 1.0
fire/seq-04/color/frame-000043.color.png fire/seq-04/color/frame-000044.color.png 0.999962 0.00144122 -0.00856426 0.0140446 -0.00147456 0.999991 -0.00388541 0.00309262 0.00855859 0.00389786 0.999956 -0.00906109 0.0 0.0 0.0 1.0
fire/seq-04/color/frame-000044.color.png fire/seq-04/color/frame-000045.color.png 0.999959 0.00424761 -0.00800196 0.0128157 -0.0042448 0.999991 0.000365602 0.000529826 0.0080035 -0.000331586 0.999968 -0.00320507 0.0 0.0 0.0 1.0
fire/seq-04/color/frame-000045.color.png fire/seq-04/color/frame-000046.color.png 0.999972 0.00567747 -0.00474931 0.00834784 -0.00570147 0.999971 -0.00505454 0.0060887 0.00472046 0.00508149 0.999976 -0.00381909 0.0 0.0 0.0 1.0
fire/seq-04/color/frame-000046.color.png fire/seq-04/color/frame-000047.color.png 0.999971 0.00599161 -0.00479759 0.00893646 -0.00600034 0.99998 -0.00180751 0.00522333 0.00478667 0.00183625 0.999987 -0.00248326 0.0 0.0 0.0 1.0
fire/seq-04/color/frame-000047.color.png fire/seq-04/color/frame-000048.color.png 0.999735 0.0184178 -0.0138089 0.0197049 -0.0183416 0.999816 0.00562787 0.00225873 0.0139099 -0.00537312 0.999889 -0.0111354 0.0 0.0 0.0 1.0
fire/seq-04/color/frame-000048.color.png fire/seq-04/color/frame-000049.color.png 0.999883 0.01176 -0.00977666 0.0140737 -0.0117875 0.999927 -0.00275118 0.00277147 0.00974364 0.00286611 0.999948 -0.00280204 0.0 0.0 0.0 1.0
fire/seq-04/color/frame-000049.color.png fire/seq-04/color/frame-000050.color.png 0.999944 0.008351 -0.00646028 0.0100742 -0.00836624 0.999962 -0.00234202 0.000723459 0.00644051 0.00239594 0.999976 -0.00471263 0.0 0.0 0.0 1.0
fire/seq-04/color/frame-000050.color.png fire/seq-04/color/frame-000051.color.png 0.999925 0.00821689 -0.00913889 0.0123153 -0.00825464 0.999958 -0.0040972 0.00246736 0.00910482 0.00417233 0.99995 -0.00385331 0.0 0.0 0.0 1.0
fire/seq-04/color/frame-000051.color.png fire/seq-04/color/frame-000052.color.png 0.999748 0.020525 -0.0090497 0.0234576 -0.0206327 0.999716 -0.0119645 0.00795262 0.00880152 0.0121482 0.999888 -0.00216158 0.0 0.0 0.0 1.0
fire/seq-04/color/frame-000052.color.png fire/seq-04/color/frame-000053.color.png 0.999944 0.0105461 0.000699476 0.0112989 -0.0105398 0.999908 -0.00857277 0.00295242 -0.000789854 0.0085649 0.999963 -0.00270094 0.0 0.0 0.0 1.0
fire/seq-04/color/frame-000053.color.png fire/seq-04/color/frame-000054.color.png 0.999947 0.0102186 -0.00123731 0.0135092 -0.0102227 0.999942 -0.00329686 0.00353251 0.00120362 0.00330936 0.999994 -0.00587098 0.0 0.0 0.0 1.0
fire/seq-04/color/frame-000054.color.png fire/seq-04/color/frame-000055.color.png 0.999927 0.0113922 -0.00395691 0.0242137 -0.0113866 0.999934 0.00141924 -0.0026182 0.00397281 -0.00137409 0.999991 -0.00205508 0.0 0.0 0.0 1.0
fire/seq-04/color/frame-000055.color.png fire/seq-04/color/frame-000056.color.png 0.999995 0.00302233 0.00121225 0.00839886 -0.00302181 0.999995 -0.000430065 -0.000742562 -0.00121351 0.000426402 0.999999 -0.00215273 0.0 0.0 0.0 1.0
fire/seq-04/color/frame-000056.color.png fire/seq-04/color/frame-000057.color.png 0.999994 0.00335132 -0.000674887 0.00761807 -0.00335055 0.999994 0.00106135 -0.00217116 0.000678383 -0.0010591 0.999999 -0.00552301 0.0 0.0 0.0 1.0
fire/seq-04/color/frame-000057.color.png fire/seq-04/color/frame-000058.color.png 0.999918 0.00689015 -0.0108215 0.0253228 -0.00688045 0.999976 0.000938325 -0.0093367 0.0108277 -0.00086377 0.999941 -0.000267787 0.0 0.0 0.0 1.0
fire/seq-04/color/frame-000058.color.png fire/seq-04/color/frame-000059.color.png 0.999983 0.00352361 -0.00466427 0.00870076 -0.00353834 0.999989 -0.00315807 -0.00214307 0.00465313 0.00317451 0.999984 -0.00583345 0.0 0.0 0.0 1.0
fire/seq-04/color/frame-000059.color.png fire/seq-04/color/frame-000060.color.png 0.99996 0.00580082 -0.00682135 0.0130746 -0.00583676 0.999969 -0.00526233 0.00444115 0.00679059 0.00530197 0.999963 0.000702063 0.0 0.0 0.0 1.0
fire/seq-04/color/frame-000060.color.png fire/seq-04/color/frame-000061.color.png 0.999992 0.00401739 -0.000620775 0.00833812 -0.00401656 0.999991 0.00133907 -0.00256149 0.000626163 -0.00133657 0.999999 -0.00209697 0.0 0.0 0.0 1.0
fire/seq-04/color/frame-000061.color.png fire/seq-04/color/frame-000062.color.png 0.9999 0.00952663 -0.0104486 0.0156008 -0.00951666 0.999954 0.00100276 0.00121403 0.0104577 -0.000903222 0.999945 -0.00955314 0.0 0.0 0.0 1.0
fire/seq-04/color/frame-000062.color.png fire/seq-04/color/frame-000063.color.png 0.999927 0.00988311 -0.00694994 0.0135694 -0.00987866 0.999951 0.000677981 0.00301485 0.00695627 -0.0006093 0.999976 0.00118968 0.0 0.0 0.0 1.0
fire/seq-04/color/frame-000063.color.png fire/seq-04/color/frame-000064.color.png 0.999977 0.006032 -0.00313015 0.00949115 -0.0060194 0.999974 0.0040287 -0.00139007 0.00315453 -0.00400974 0.999987 0.00182947 0.0 0.0 0.0 1.0
fire/seq-04/color/frame-000064.color.png fire/seq-04/color/frame-000065.color.png 0.999827 0.0154935 -0.0102912 0.0184477 -0.0154484 0.999871 0.00444692 -0.000692174 0.0103587 -0.00428716 0.999937 -0.00705036 0.0 0.0 0.0 1.0
fire/seq-04/color/frame-000065.color.png fire/seq-04/color/frame-000066.color.png 0.999952 0.00852199 -0.00487242 0.00918782 -0.00851198 0.999962 0.00207778 0.000796974 0.00488992 -0.00203619 0.999986 -0.00149272 0.0 0.0 0.0 1.0
fire/seq-04/color/frame-000066.color.png fire/seq-04/color/frame-000067.color.png 0.999915 0.0102571 -0.00810112 0.0117492 -0.0102295 0.999942 0.0034281 -0.00183833 0.00813576 -0.00334494 0.999961 -0.00170034 0.0 0.0 0.0 1.0
fire/seq-04/color/frame-000067.color.png fire/seq-04/color/frame-000068.color.png 0.9997 0.0166358 -0.0179757 0.0263768 -0.0167063 0.999853 -0.00377142 0.00743499 0.0179105 0.0040706 0.999831 0.00786238 0.0 0.0 0.0 1.0
fire/seq-04/color/frame-000068.color.png fire/seq-04/color/frame-000069.color.png 0.999948 0.00847904 -0.00573098 0.0115208 -0.00844178 0.999943 0.00649177 -0.00587817 0.00578563 -0.00644307 0.999963 -0.00183618 0.0 0.0 0.0 1.0
fire/seq-04/color/frame-000069.color.png fire/seq-04/color/frame-000070.color.png 0.999839 0.0119006 -0.0134276 0.0139561 -0.0119374 0.999925 -0.00266659 0.000410363 0.0133947 0.00282646 0.999906 0.00481864 0.0 0.0 0.0 1.0
fire/seq-04/color/frame-000070.color.png fire/seq-04/color/frame-000071.color.png 0.999731 0.0204287 -0.0109565 0.0247636 -0.0205112 0.999762 -0.00746863 0.00447096 0.0108012 0.00769135 0.999912 0.00896242 0.0 0.0 0.0 1.0
fire/seq-04/color/frame-000071.color.png fire/seq-04/color/frame-000072.color.png 0.999885 0.0126327 -0.00837054 0.0141465 -0.0126127 0.999918 0.00242594 -0.00501975 0.00840055 -0.00232006 0.999962 0.00540513 0.0 0.0 0.0 1.0
fire/seq-04/color/frame-000072.color.png fire/seq-04/color/frame-000073.color.png 0.999836 0.0161723 -0.0081873 0.0159318 -0.01627 0.999795 -0.0120111 0.00300932 0.00799135 0.0121423 0.999894 0.00613312 0.0 0.0 0.0 1.0
fire/seq-04/color/frame-000073.color.png fire/seq-04/color/frame-000074.color.png 0.99944 0.0303995 -0.0140116 0.0285126 -0.0306352 0.999387 -0.0169221 0.0162358 0.0134886 0.0173419 0.999759 0.00982756 0.0 0.0 0.0 1.0
fire/seq-04/color/frame-000074.color.png fire/seq-04/color/frame-000075.color.png 0.999875 0.0132518 -0.00864016 0.0151349 -0.0132253 0.999908 0.00309383 -0.000682577 0.00868037 -0.00297916 0.999958 0.00651968 0.0 0.0 0.0 1.0
fire/seq-04/color/frame-000075.color.png fire/seq-04/color/frame-000076.color.png 0.999931 0.011116 -0.0037473 0.0114242 -0.0111239 0.999936 -0.00207384 0.00124301 0.00372396 0.0021154 0.999991 0.00568579 0.0 0.0 0.0 1.0
fire/seq-04/color/frame-000076.color.png fire/seq-04/color/frame-000077.color.png 0.99969 0.0245874 -0.00384765 0.0264195 -0.0246102 0.999679 -0.00598445 0.0128685 0.00369925 0.00607725 0.999975 0.0214479 0.0 0.0 0.0 1.0
fire/seq-04/color/frame-000077.color.png fire/seq-04/color/frame-000078.color.png 0.999971 0.00459445 0.00603212 0.00350732 -0.00463182 0.99997 0.00619923 -0.00172114 -0.00600345 -0.00622696 0.999963 0.00574246 0.0 0.0 0.0 1.0
fire/seq-04/color/frame-000078.color.png fire/seq-04/color/frame-000079.color.png 0.999975 0.00655569 -0.00275655 0.0118688 -0.00653841 0.999959 0.00626665 -0.00107689 0.00279754 -0.00624852 0.999977 0.0046996 0.0 0.0 0.0 1.0
fire/seq-04/color/frame-000079.color.png fire/seq-04/color/frame-000080.color.png 0.999978 0.00299061 0.00594524 0.0158629 -0.00307165 0.999902 0.0136891 -0.0133442 -0.00590365 -0.013707 0.999888 0.0217561 0.0 0.0 0.0 1.0
fire/seq-04/color/frame-000080.color.png fire/seq-04/color/frame-000081.color.png 0.999997 -0.00150196 0.00170066 0.00899595 0.00148629 0.999957 0.00915334 -0.0107215 -0.00171435 -0.00915074 0.999957 -0.000175551 0.0 0.0 0.0 1.0
fire/seq-04/color/frame-000081.color.png fire/seq-04/color/frame-000082.color.png 0.999998 0.000234511 -0.00174597 0.00433189 -0.000223965 0.999982 0.00602565 -0.00396766 0.0017474 -0.00602528 0.99998 0.00617233 0.0 0.0 0.0 1.0
fire/seq-04/color/frame-000082.color.png fire/seq-04/color/frame-000083.color.png 0.99999 0.00412861 0.00179623 0.0142266 -0.00413479 0.999985 0.00345297 -0.00220558 -0.00178202 -0.00346037 0.999992 0.0184345 0.0 0.0 0.0 1.0
fire/seq-04/color/frame-000083.color.png fire/seq-04/color/frame-000084.color.png 0.999979 0.00488893 0.00431067 0.00392723 -0.00489537 0.999987 0.0014373 0.00120565 -0.0043035 -0.00145841 0.99999 0.00722852 0.0 0.0 0.0 1.0
fire/seq-04/color/frame-000084.color.png fire/seq-04/color/frame-000085.color.png 0.999976 0.00670134 0.00180005 0.00371671 -0.00670489 0.999976 0.00200009 0.00200745 -0.00178657 -0.00201214 0.999996 0.00783923 0.0 0.0 0.0 1.0
fire/seq-04/color/frame-000085.color.png fire/seq-04/color/frame-000086.color.png 0.99999 0.00411664 0.00192339 0.00247973 -0.00412656 0.999978 0.00518794 -0.00163308 -0.00190198 -0.00519588 0.999985 0.00903714 0.0 0.0 0.0 1.0
fire/seq-04/color/frame-000086.color.png fire/seq-04/color/frame-000087.color.png 0.999997 0.00213825 0.000920031 0.0031324 -0.00214585 0.999963 0.00832709 -0.00627157 -0.000902264 -0.008329 0.999965 0.00313918 0.0 0.0 0.0 1.0
fire/seq-04/color/frame-000087.color.png fire/seq-04/color/frame-000088.color.png 0.99992 0.0118011 -0.00460055 0.0108384 -0.011774 0.999913 0.00587285 -0.00213614 0.00466958 -0.0058182 0.999972 0.0130931 0.0 0.0 0.0 1.0
fire/seq-04/color/frame-000088.color.png fire/seq-04/color/frame-000089.color.png 0.999971 0.00700932 0.00280812 0.00208706 -0.00701803 0.99997 0.00312346 -0.00164405 -0.00278619 -0.0031431 0.999991 0.00521004 0.0 0.0 0.0 1.0
fire/seq-04/color/frame-000089.color.png fire/seq-04/color/frame-000090.color.png 0.999958 0.009155 0.00114144 -0.00126916 -0.00915599 0.999958 0.000812057 0.00201648 -0.00113404 -0.000822385 0.999999 0.00678048 0.0 0.0 0.0 1.0
fire/seq-04/color/frame-000090.color.png fire/seq-04/color/frame-000091.color.png 0.999931 0.0109936 -0.00404649 0.00393301 -0.0110057 0.999935 -0.00300048 0.000957936 0.00401332 0.00304471 0.999987 0.00450218 0.0 0.0 0.0 1.0
fire/seq-04/color/frame-000091.color.png fire/seq-04/color/frame-000092.color.png 0.999906 0.012968 -0.00448708 0.00401026 -0.0129964 0.999896 -0.0063334 0.000955939 0.00440451 0.00639113 0.99997 0.00333294 0.0 0.0 0.0 1.0
fire/seq-04/color/frame-000092.color.png fire/seq-04/color/frame-000093.color.png 0.99982 0.0158294 -0.0103998 0.00131345 -0.0158503 0.999873 -0.00193669 -0.000649571 0.0103679 0.00210117 0.999944 0.00780895 0.0 0.0 0.0 1.0
fire/seq-04/color/frame-000093.color.png fire/seq-04/color/frame-000094.color.png 0.999888 0.0112496 -0.00990467 0.00444978 -0.0112224 0.999933 0.00279501 -0.00389785 0.00993546 -0.0026835 0.999947 -0.0017271 0.0 0.0 0.0 1.0
fire/seq-04/color/frame-000094.color.png fire/seq-04/color/frame-000095.color.png 0.999872 0.012037 -0.0104943 0.00598747 -0.0120673 0.999923 -0.00284275 0.00101525 0.0104593 0.00296901 0.999941 0.00149027 0.0 0.0 0.0 1.0
fire/seq-04/color/frame-000095.color.png fire/seq-04/color/frame-000096.color.png 0.999913 0.0125723 -0.0039136 0.00215191 -0.0125647 0.999919 0.00200197 -0.00704867 0.00393846 -0.00195265 0.99999 0.00376067 0.0 0.0 0.0 1.0
fire/seq-04/color/frame-000096.color.png fire/seq-04/color/frame-000097.color.png 0.999993 0.00331705 0.00183658 -0.000145435 -0.00332558 0.999984 0.00467017 -0.00435778 -0.00182112 -0.00467625 0.999988 -0.00379992 0.0 0.0 0.0 1.0
fire/seq-04/color/frame-000097.color.png fire/seq-04/color/frame-000098.color.png 0.999827 0.0147127 -0.0114143 0.00117433 -0.0146669 0.999884 0.00408612 -0.000756294 0.0114731 -0.00391794 0.999927 -0.0019924 0.0 0.0 0.0 1.0
fire/seq-04/color/frame-000098.color.png fire/seq-04/color/frame-000099.color.png 0.999784 0.0151093 -0.0142563 0.0057103 -0.0151985 0.999865 -0.006162 0.00681385 0.0141613 0.00637727 0.999879 0.00385958 0.0 0.0 0.0 1.0
fire/seq-04/color/frame-000099.color.png fire/seq-04/color/frame-000100.color.png 0.999476 0.028623 -0.0151024 0.00821966 -0.0286604 0.999587 -0.002278 0.000202537 0.0150309 0.00270965 0.999883 0.00251216 0.0 0.0 0.0 1.0
fire/seq-04/color/frame-000100.color.png fire/seq-04/color/frame-000101.color.png 0.999943 0.00713474 -0.00788089 0.000164151 -0.00714487 0.999974 -0.00126268 0.00599653 0.00787185 0.00131896 0.999968 0.00271499 0.0 0.0 0.0 1.0
fire/seq-04/color/frame-000101.color.png fire/seq-04/color/frame-000102.color.png 0.999951 0.00798255 -0.00580714 0.00200981 -0.00796905 0.999965 0.00235678 -0.000204206 0.00582578 -0.00231046 0.99998 -0.00302109 0.0 0.0 0.0 1.0
fire/seq-04/color/frame-000102.color.png fire/seq-04/color/frame-000103.color.png 0.999831 0.0145802 -0.0112197 0.00477862 -0.0145548 0.999891 0.00235052 0.00391161 0.0112526 -0.00218683 0.999934 -0.000844568 0.0 0.0 0.0 1.0
fire/seq-04/color/frame-000103.color.png fire/seq-04/color/frame-000104.color.png 0.999707 0.0209704 -0.0121263 -0.00125933 -0.021004 0.999776 -0.00265269 0.00625041 0.0120679 0.00290673 0.999923 0.00324669 0.0 0.0 0.0 1.0
fire/seq-04/color/frame-000104.color.png fire/seq-04/color/frame-000105.color.png 0.999875 0.0125548 -0.00962593 0.00418961 -0.0125723 0.999919 -0.00175989 0.00211632 0.00960314 0.00188064 0.999952 -0.00149685 0.0 0.0 0.0 1.0
fire/seq-04/color/frame-000105.color.png fire/seq-04/color/frame-000106.color.png 0.999947 0.00959541 -0.0038042 -0.00338364 -0.00958549 0.999951 0.00262084 -2.78652e-05 0.00382912 -0.00258424 0.999989 -0.00182712 0.0 0.0 0.0 1.0
fire/seq-04/color/frame-000106.color.png fire/seq-04/color/frame-000107.color.png 0.999897 0.0101537 -0.0101472 0.00273585 -0.0101665 0.999948 -0.00120152 0.00229236 0.0101346 0.00130453 0.999948 0.00296158 0.0 0.0 0.0 1.0
fire/seq-04/color/frame-000107.color.png fire/seq-04/color/frame-000108.color.png 0.999944 0.00983345 -0.00402816 -0.000798404 -0.00984561 0.999947 -0.00301186 0.00258648 0.00399841 0.00305139 0.999987 0.00268522 0.0 0.0 0.0 1.0
fire/seq-04/color/frame-000108.color.png fire/seq-04/color/frame-000109.color.png 0.99984 0.0134565 -0.0118145 0.000840008 -0.0134659 0.999909 -0.00072361 0.00726733 0.0118037 0.000882471 0.99993 0.00224629 0.0 0.0 0.0 1.0
fire/seq-04/color/frame-000109.color.png fire/seq-04/color/frame-000110.color.png 0.999897 0.012878 -0.0063342 0.00130129 -0.0128717 0.999917 0.00105934 0.00126678 0.00634739 -0.000977712 0.999979 0.00438756 0.0 0.0 0.0 1.0
fire/seq-04/color/frame-000110.color.png fire/seq-04/color/frame-000111.color.png 0.999902 0.0123306 -0.00660002 -0.00312531 -0.0123915 0.99988 -0.00929139 0.0137614 0.00648456 0.00937244 0.999935 0.0118154 0.0 0.0 0.0 1.0
fire/seq-04/color/frame-000111.color.png fire/seq-04/color/frame-000112.color.png 0.999976 0.00681345 0.000952296 -0.00678343 -0.0068078 0.99996 -0.00586838 0.00419232 -0.000992205 0.00586166 0.999982 0.00446919 0.0 0.0 0.0 1.0
fire/seq-04/color/frame-000112.color.png fire/seq-04/color/frame-000113.color.png 0.999964 0.00650795 -0.00550891 0.00125116 -0.00650118 0.999978 0.00124095 -0.00040096 0.00551683 -0.00120511 0.999984 -0.0018872 0.0 0.0 0.0 1.0
fire/seq-04/color/frame-000113.color.png fire/seq-04/color/frame-000114.color.png 0.999928 0.00865148 -0.00827255 0.000760317 -0.00861699 0.999954 0.00419097 0.00209278 0.00830836 -0.00411933 0.999957 0.00308487 0.0 0.0 0.0 1.0
fire/seq-04/color/frame-000114.color.png fire/seq-04/color/frame-000115.color.png 0.999821 0.0149777 -0.0115353 -0.00326425 -0.0149823 0.999888 -0.000301179 0.00626194 0.0115295 0.00047389 0.999933 0.0122135 0.0 0.0 0.0 1.0
fire/seq-04/color/frame-000115.color.png fire/seq-04/color/frame-000116.color.png 0.999923 0.0109106 -0.00598185 0.00134802 -0.010907 0.99994 0.000652838 -0.00236523 0.00598862 -0.000587554 0.999982 0.00121972 0.0 0.0 0.0 1.0
fire/seq-04/color/frame-000116.color.png fire/seq-04/color/frame-000117.color.png 0.999959 0.00792354 -0.0042906 0.00132501 -0.00791172 0.999965 0.00273925 -0.00211138 0.00431209 -0.00270522 0.999987 -0.000756025 0.0 0.0 0.0 1.0
fire/seq-04/color/frame-000117.color.png fire/seq-04/color/frame-000118.color.png 0.999959 0.00677084 -0.00602482 -0.000948548 -0.0067469 0.999969 0.00399191 0.00157225 0.00605183 -0.00395109 0.999974 0.00124905 0.0 0.0 0.0 1.0
fire/seq-04/color/frame-000118.color.png fire/seq-04/color/frame-000119.color.png 0.999915 0.00880876 -0.00960099 -2.67029e-05 -0.00877759 0.999956 0.00327519 0.00104952 0.00962937 -0.00319055 0.999949 -1.30832e-05 0.0 0.0 0.0 1.0
fire/seq-04/color/frame-000119.color.png fire/seq-04/color/frame-000120.color.png 0.999903 0.0102395 -0.00944526 0.000457168 -0.0102583 0.999946 -0.00195715 0.00569901 0.00942488 0.00205371 0.999954 0.001432 0.0 0.0 0.0 1.0
fire/seq-04/color/frame-000120.color.png fire/seq-04/color/frame-000121.color.png 0.999919 0.00944192 -0.00858328 0.00133544 -0.00942344 0.999953 0.0021946 -0.000163436 0.00860347 -0.00211344 0.999961 0.00677931 0.0 0.0 0.0 1.0
fire/seq-04/color/frame-000121.color.png fire/seq-04/color/frame-000122.color.png 0.999846 0.0148122 -0.00940971 -0.00441456 -0.0148211 0.99989 -0.000869164 0.00249523 0.00939584 0.0010085 0.999955 0.00712204 0.0 0.0 0.0 1.0
fire/seq-04/color/frame-000122.color.png fire/seq-04/color/frame-000123.color.png 0.99999 0.000903608 -0.00445114 -0.00372154 -0.00089183 0.999996 0.00263704 -0.000261396 0.00445356 -0.00263309 0.999987 0.00205129 0.0 0.0 0.0 1.0
fire/seq-04/color/frame-000123.color.png fire/seq-04/color/frame-000124.color.png 0.999957 0.00680517 -0.00627149 0.000957012 -0.00677209 0.999963 0.00526717 -0.00397217 0.00630697 -0.00522441 0.999966 0.00116861 0.0 0.0 0.0 1.0
fire/seq-04/color/frame-000124.color.png fire/seq-04/color/frame-000125.color.png 0.999967 0.00401547 -0.00710686 -0.000265896 -0.00401719 0.999992 -0.00022028 0.00509578 0.00710595 0.00024878 0.999975 0.00633979 0.0 0.0 0.0 1.0
fire/seq-04/color/frame-000125.color.png fire/seq-04/color/frame-000126.color.png 0.999958 0.00848062 -0.00358924 -0.00239766 -0.0084867 0.999963 -0.00167714 0.00130284 0.0035749 0.00170751 0.999992 0.00423306 0.0 0.0 0.0 1.0
fire/seq-04/color/frame-000126.color.png fire/seq-04/color/frame-000127.color.png 0.999975 0.0023827 -0.00671576 0.00213754 -0.00237166 0.999996 0.00164191 0.00199401 0.0067197 -0.00162601 0.999976 0.00530308 0.0 0.0 0.0 1.0
fire/seq-04/color/frame-000127.color.png fire/seq-04/color/frame-000128.color.png 0.99998 0.00592387 -0.00221932 -0.0071007 -0.00590796 0.999957 0.00715742 -0.00359434 0.00226153 -0.00714404 0.999972 0.00376642 0.0 0.0 0.0 1.0
fire/seq-04/color/frame-000128.color.png fire/seq-04/color/frame-000129.color.png 0.999984 0.00479425 -0.00293535 -0.00260133 -0.0047837 0.999982 0.00358657 -0.00109953 0.00295262 -0.0035725 0.999989 0.00431097 0.0 0.0 0.0 1.0
fire/seq-04/color/frame-000129.color.png fire/seq-04/color/frame-000130.color.png 0.999955 0.00895183 -0.00306304 -0.00150597 -0.00894196 0.999955 0.00322003 -0.00557995 0.00309167 -0.00319254 0.99999 0.00706345 0.0 0.0 0.0 1.0
fire/seq-04/color/frame-000130.color.png fire/seq-04/color/frame-000131.color.png 0.999995 0.00255463 -0.00208428 -0.0021221 -0.00255483 0.999997 -5.86915e-05 0.00144494 0.0020841 6.40076e-05 0.999998 0.00533044 0.0 0.0 0.0 1.0
fire/seq-04/color/frame-000131.color.png fire/seq-04/color/frame-000132.color.png 0.999994 0.00332108 -0.000563381 -0.00432858 -0.00332226 0.999992 -0.00218798 0.00218821 0.000556182 0.00218986 0.999997 0.00596523 0.0 0.0 0.0 1.0
fire/seq-04/color/frame-000132.color.png fire/seq-04/color/frame-000133.color.png 0.999997 0.00118654 0.00192681 -0.00540465 -0.00118518 0.999999 -0.000690309 -0.000819683 -0.00192763 0.000688086 0.999998 0.00517374 0.0 0.0 0.0 1.0
fire/seq-04/color/frame-000133.color.png fire/seq-04/color/frame-000134.color.png 0.999994 -0.000288292 0.00343163 -0.00851789 0.000278265 0.999996 0.00292467 -0.0031364 -0.00343246 -0.00292377 0.99999 0.00404131 0.0 0.0 0.0 1.0
fire/seq-04/color/frame-000134.color.png fire/seq-04/color/frame-000135.color.png 0.999992 -0.00102947 -0.00382429 -0.00864735 0.00101924 0.999996 -0.00267475 0.00254869 0.00382697 0.00267075 0.999989 0.00922459 0.0 0.0 0.0 1.0
fire/seq-04/color/frame-000135.color.png fire/seq-04/color/frame-000136.color.png 0.999998 -0.000949386 0.00154858 -0.00847611 0.000946533 0.999998 0.00186511 -0.00318766 -0.00155033 -0.00186355 0.999997 0.00264502 0.0 0.0 0.0 1.0
fire/seq-04/color/frame-000136.color.png fire/seq-04/color/frame-000137.color.png 0.999991 -0.00167544 -0.00399282 -0.00308308 0.0016806 0.999998 0.00127617 -0.00102383 0.00399062 -0.00128285 0.999991 0.00443941 0.0 0.0 0.0 1.0
fire/seq-04/color/frame-000137.color.png fire/seq-04/color/frame-000138.color.png 0.999995 -0.00278272 -0.00123855 -0.00651568 0.00278304 0.999996 0.00034788 -0.0019902 0.00123764 -0.00035138 0.999999 0.00543201 0.0 0.0 0.0 1.0
fire/seq-04/color/frame-000138.color.png fire/seq-04/color/frame-000139.color.png 0.999999 0.000687466 -0.00100837 -0.00523618 -0.000690149 0.999996 -0.00270172 0.00115162 0.00100654 0.00270238 0.999996 0.00463796 0.0 0.0 0.0 1.0
fire/seq-04/color/frame-000139.color.png fire/seq-04/color/frame-000140.color.png 0.999999 -0.00164141 -0.00065954 -0.00490832 0.00163854 0.999989 -0.00444886 0.00462109 0.00066677 0.00444781 0.99999 0.00898176 0.0 0.0 0.0 1.0
fire/seq-04/color/frame-000140.color.png fire/seq-04/color/frame-000141.color.png 0.999975 -0.00252314 0.00660822 -0.0124411 0.00251981 0.999997 0.000498759 0.000334501 -0.00660937 -0.000482107 0.999978 0.000391364 0.0 0.0 0.0 1.0
fire/seq-04/color/frame-000141.color.png fire/seq-04/color/frame-000142.color.png 0.99998 0.00298545 -0.00554371 -0.00315529 -0.00298391 0.999996 0.000280776 0.00378561 0.00554444 -0.000264181 0.999985 0.00317097 0.0 0.0 0.0 1.0
fire/seq-04/color/frame-000142.color.png fire/seq-04/color/frame-000143.color.png 0.999998 -0.00135468 -0.00120576 -0.00934139 0.0013505 0.999993 -0.00352933 0.00437832 0.00121057 0.00352759 0.999993 0.0124143 0.0 0.0 0.0 1.0
fire/seq-04/color/frame-000143.color.png fire/seq-04/color/frame-000144.color.png 0.99999 -0.000406217 0.00439584 -0.011991 0.000400666 0.999999 0.0012274 -0.00065887 -0.00439629 -0.00122557 0.99999 0.00179106 0.0 0.0 0.0 1.0
fire/seq-04/color/frame-000144.color.png fire/seq-04/color/frame-000145.color.png 0.999993 -0.00337928 -0.00143113 -0.0065583 0.00338094 0.999994 0.0011053 0.000216901 0.00142731 -0.00111003 0.999998 0.00472265 0.0 0.0 0.0 1.0
fire/seq-04/color/frame-000145.color.png fire/seq-04/color/frame-000146.color.png 0.999998 -0.00144902 -0.000934153 -0.00695866 0.0014483 0.999999 -0.000807777 7.25389e-05 0.000935438 0.000806304 0.999999 0.0033884 0.0 0.0 0.0 1.0
fire/seq-04/color/frame-000146.color.png fire/seq-04/color/frame-000147.color.png 0.999999 -0.0015121 -0.000803376 -0.00798061 0.00151144 0.999999 -0.000712821 0.00195062 0.000804367 0.00071161 1.0 0.00306541 0.0 0.0 0.0 1.0
fire/seq-04/color/frame-000147.color.png fire/seq-04/color/frame-000148.color.png 0.999997 -0.00193296 -0.00166394 -0.0051612 0.0019338 0.999998 0.000452456 -0.000902176 0.00166295 -0.000455687 0.999999 0.000202239 0.0 0.0 0.0 1.0
fire/seq-04/color/frame-000148.color.png fire/seq-04/color/frame-000149.color.png 0.999986 -0.00443323 -0.00280921 -0.00604787 0.00443648 0.99999 0.00114345 0.00211877 0.00280422 -0.00115596 0.999995 0.00281906 0.0 0.0 0.0 1.0
fire/seq-04/color/frame-000149.color.png fire/seq-04/color/frame-000150.color.png 0.999991 -0.000730469 -0.00429855 -0.00266293 0.000719808 0.999997 -0.00245727 0.00462368 0.00430034 0.0024542 0.999988 0.00180221 0.0 0.0 0.0 1.0
fire/seq-04/color/frame-000150.color.png fire/seq-04/color/frame-000151.color.png 0.999996 -0.00119503 -0.0023887 -0.00525203 0.00119084 0.999998 -0.00175676 -0.00172439 0.00239089 0.00175375 0.999996 0.00373286 0.0 0.0 0.0 1.0
fire/seq-04/color/frame-000151.color.png fire/seq-04/color/frame-000152.color.png 0.999967 -0.00808826 -0.000401184 -0.0137589 0.00808654 0.999959 -0.00410826 0.00411469 0.000434329 0.00410498 0.999991 0.00630033 0.0 0.0 0.0 1.0
fire/seq-04/color/frame-000152.color.png fire/seq-04/color/frame-000153.color.png 0.999995 -0.00180424 -0.00250683 -0.00194356 0.00179695 0.999994 -0.00293956 0.0018563 0.00251207 0.00293507 0.999993 0.00535601 0.0 0.0 0.0 1.0
fire/seq-04/color/frame-000153.color.png fire/seq-04/color/frame-000154.color.png 0.999984 -0.00288523 0.00497662 -0.0118355 0.00292267 0.999967 -0.00754483 0.00786173 -0.0049547 0.00755923 0.999959 0.00367373 0.0 0.0 0.0 1.0
fire/seq-04/color/frame-000154.color.png fire/seq-04/color/frame-000155.color.png 0.999989 -0.00460196 3.54848e-05 -0.00619295 0.004602 0.999989 -0.000312863 -3.76999e-05 -3.40699e-05 0.000313103 1.0 0.00360364 0.0 0.0 0.0 1.0
fire/seq-04/color/frame-000155.color.png fire/seq-04/color/frame-000156.color.png 0.999982 -0.00590153 0.0012856 -0.00745386 0.00590441 0.99998 -0.00224081 0.00165626 -0.00127225 0.00224828 0.999997 0.00390422 0.0 0.0 0.0 1.0
fire/seq-04/color/frame-000156.color.png fire/seq-04/color/frame-000157.color.png 0.999932 -0.0107491 0.00454832 -0.0131405 0.0107442 0.999942 0.00111804 -0.00105727 -0.0045602 -0.00106897 0.999989 0.00445622 0.0 0.0 0.0 1.0
fire/seq-04/color/frame-000157.color.png fire/seq-04/color/frame-000158.color.png 0.999983 -0.00552038 0.00171232 -0.00645933 0.00552011 0.999985 0.000146629 -0.000284165 -0.00171302 -0.000137329 0.999999 0.0015294 0.0 0.0 0.0 1.0
fire/seq-04/color/frame-000158.color.png fire/seq-04/color/frame-000159.color.png 0.999971 -0.00747584 0.00149559 -0.00821227 0.00747455 0.999972 0.000875464 -0.0011901 -0.00150215 -0.000864289 0.999998 0.00423008 0.0 0.0 0.0 1.0
fire/seq-04/color/frame-000159.color.png fire/seq-04/color/frame-000160.color.png 0.999947 -0.00914428 0.00479367 -0.0140645 0.0091638 0.99995 -0.00405756 0.00554928 -0.00475632 0.00410129 0.99998 0.00389606 0.0 0.0 0.0 1.0
fire/seq-04/color/frame-000160.color.png fire/seq-04/color/frame-000161.color.png 0.999976 -0.00682608 0.00138482 -0.0050365 0.00682723 0.999976 -0.000823068 0.00265411 -0.00137913 0.000832456 0.999999 0.00194407 0.0 0.0 0.0 1.0
fire/seq-04/color/frame-000161.color.png fire/seq-04/color/frame-000162.color.png 0.999965 -0.00603763 0.00571193 -0.0146878 0.00605063 0.999979 -0.00228316 0.00122243 -0.00569811 0.0023177 0.999981 0.00925893 0.0 0.0 0.0 1.0
fire/seq-04/color/frame-000162.color.png fire/seq-04/color/frame-000163.color.png 0.999915 -0.0112294 0.00658292 -0.0159528 0.0112655 0.999922 -0.00546961 0.00831208 -0.00652096 0.00554341 0.999963 0.00514889 0.0 0.0 0.0 1.0
fire/seq-04/color/frame-000163.color.png fire/seq-04/color/frame-000164.color.png 0.99997 -0.00759332 0.00118303 -0.00705674 0.00759278 0.999971 0.000418361 0.00129721 -0.00118614 -0.00040964 0.999999 0.00276184 0.0 0.0 0.0 1.0
fire/seq-04/color/frame-000164.color.png fire/seq-04/color/frame-000165.color.png 0.999978 -0.00513244 0.00429534 -0.0094088 0.00515748 0.99997 -0.00582359 0.00958043 -0.00426545 0.00584571 0.999974 0.0037055 0.0 0.0 0.0 1.0
fire/seq-04/color/frame-000165.color.png fire/seq-04/color/frame-000166.color.png 0.999945 -0.00812802 0.00660019 -0.0133283 0.00814081 0.999965 -0.00190394 0.00455782 -0.00658434 0.00195757 0.999977 0.00331688 0.0 0.0 0.0 1.0
fire/seq-04/color/frame-000166.color.png fire/seq-04/color/frame-000167.color.png 0.999939 -0.0108954 0.00159972 -0.00611511 0.0108899 0.999935 0.00343902 -0.00164247 -0.00163718 -0.00342138 0.999993 0.00333923 0.0 0.0 0.0 1.0
fire/seq-04/color/frame-000167.color.png fire/seq-04/color/frame-000168.color.png 0.999673 -0.0196787 0.0163126 -0.0279997 0.0197087 0.999804 -0.00169418 0.00408638 -0.0162759 0.00201525 0.999866 0.00671279 0.0 0.0 0.0 1.0
fire/seq-04/color/frame-000168.color.png fire/seq-04/color/frame-000169.color.png 0.999927 -0.0110148 0.00502195 -0.0109755 0.011015 0.999939 7.87287e-06 0.00235638 -0.00502194 4.75009e-05 0.999987 0.00307083 0.0 0.0 0.0 1.0
fire/seq-04/color/frame-000169.color.png fire/seq-04/color/frame-000170.color.png 0.999952 -0.00835372 0.00503105 -0.0104863 0.00835693 0.999965 -0.000635403 0.00237119 -0.00502535 0.000677218 0.999987 0.0015344 0.0 0.0 0.0 1.0
fire/seq-04/color/frame-000170.color.png fire/seq-04/color/frame-000171.color.png 0.999932 -0.00977683 0.00632233 -0.0106434 0.00977513 0.999952 0.000291281 0.00040862 -0.00632496 -0.00022916 0.99998 0.00190341 0.0 0.0 0.0 1.0
fire/seq-04/color/frame-000171.color.png fire/seq-04/color/frame-000172.color.png 0.999937 -0.00878069 0.00694041 -0.0105958 0.00877479 0.999961 0.000894985 0.000777364 -0.00694801 -0.000834106 0.999976 0.00079298 0.0 0.0 0.0 1.0
fire/seq-04/color/frame-000172.color.png fire/seq-04/color/frame-000173.color.png 0.999923 -0.00708078 0.0102363 -0.0167455 0.00711168 0.99997 -0.00298779 0.00537923 -0.0102148 0.00306027 0.999943 0.00052619 0.0 0.0 0.0 1.0
fire/seq-04/color/frame-000173.color.png fire/seq-04/color/frame-000174.color.png 0.999628 -0.0223553 0.0155905 -0.0257 0.0223854 0.999748 -0.00176135 0.00334865 -0.0155472 0.00210965 0.999877 0.00320762 0.0 0.0 0.0 1.0
fire/seq-04/color/frame-000174.color.png fire/seq-04/color/frame-000175.color.png 0.99991 -0.0115114 0.00683057 -0.0116641 0.0115093 0.999934 0.000330346 -0.000362784 -0.0068338 -0.000251711 0.999977 0.00103235 0.0 0.0 0.0 1.0
fire/seq-04/color/frame-000175.color.png fire/seq-04/color/frame-000176.color.png 0.999899 -0.0122107 0.00730176 -0.0119997 0.012218 0.999925 -0.000947515 0.00225314 -0.00728974 0.00103667 0.999973 0.00166202 0.0 0.0 0.0 1.0
