chess/seq-04/color/frame-000000.color.png chess/seq-04/color/frame-000003.color.png 0.999974 0.00711203 0.0012061 0.00101637 -0.00711303 0.999974 0.000828851 0.00231951 -0.00120018 -0.000837409 0.999999 -0.00142225 0.0 0.0 0.0 1.0
chess/seq-04/color/frame-000001.color.png chess/seq-04/color/frame-000004.color.png 0.999956 0.00922479 0.00150428 -0.000283744 -0.00922671 0.999957 0.00127546 0.00116743 -0.00149245 -0.00128929 0.999998 0.000145034 0.0 0.0 0.0 1.0
chess/seq-04/color/frame-000002.color.png chess/seq-04/color/frame-000005.color.png 0.999973 0.00735125 -0.000320037 0.000854871 -0.00735082 0.999972 0.00134246 0.000258784 0.000329897 -0.00134007 0.999999 2.74541e-07 0.0 0.0 0.0 1.0
chess/seq-04/color/frame-000003.color.png chess/seq-04/color/frame-000006.color.png 0.999998 0.00155716 -0.00145237 0.000281892 -0.0015557 0.999998 0.00100476 -0.00101873 0.00145393 -0.00100249 0.999998 0.00138351 0.0 0.0 0.0 1.0
chess/seq-04/color/frame-000004.color.png chess/seq-04/color/frame-000007.color.png 0.999998 0.000409856 -0.00193069 0.00111188 -0.000408898 1.0 0.000497021 -0.00131128 0.00193089 -0.00049623 0.999998 -6.91325e-05 0.0 0.0 0.0 1.0
chess/seq-04/color/frame-000005.color.png chess/seq-04/color/frame-000008.color.png 0.999996 0.000113169 -0.0028288 0.000877022 -0.000113325 1.0 -5.44688e-05 0.00126017 0.00282879 5.4789e-05 0.999996 0.00106881 0.0 0.0 0.0 1.0
chess/seq-04/color/frame-000006.color.png chess/seq-04/color/frame-000009.color.png 0.999993 -8.774e-05 -0.00384316 0.002619 8.96007e-05 1.0 0.000483658 0.00244183 0.00384311 -0.000483999 0.999993 0.00059139 0.0 0.0 0.0 1.0
chess/seq-04/color/frame-000007.color.png chess/seq-04/color/frame-000010.color.png 0.999992 0.00180502 -0.00362127 0.00217723 -0.00179754 0.999996 0.00206883 0.000544232 0.00362499 -0.00206231 0.999991 0.00260343 0.0 0.0 0.0 1.0
chess/seq-04/color/frame-000008.color.png chess/seq-04/color/frame-000011.color.png 0.999996 0.00240468 -0.00147713 0.00122676 -0.00240246 0.999996 0.00149658 -0.00111223 0.00148072 -0.00149302 0.999998 0.0023345 0.0 0.0 0.0 1.0
chess/seq-04/color/frame-000009.color.png chess/seq-04/color/frame-000012.color.png 0.999996 0.00204611 -0.00170563 0.00196225 -0.00204639 0.999998 -0.000162855 -0.00247701 0.0017053 0.000166345 0.999999 0.00379654 0.0 0.0 0.0 1.0
chess/seq-04/color/frame-000010.color.png chess/seq-04/color/frame-000013.color.png 0.999999 0.000712623 -0.0013857 0.0034106 -0.000717106 0.999995 -0.00323795 0.00136554 0.00138338 0.00323894 0.999994 0.000484815 0.0 0.0 0.0 1.0
chess/seq-04/color/frame-000011.color.png chess/seq-04/color/frame-000014.color.png 0.999991 0.00369952 -0.00199212 0.00350295 -0.00370242 0.999992 -0.0014544 0.00281542 0.00198672 0.00146176 0.999997 0.00202402 0.0 0.0 0.0 1.0
chess/seq-04/color/frame-000012.color.png chess/seq-04/color/frame-000015.color.png 0.999972 0.00737303 -0.000919993 0.00451761 -0.00737243 0.999973 0.000653053 0.00199439 0.000924783 -0.000646252 0.999999 -0.000545488 0.0 0.0 0.0 1.0
chess/seq-04/color/frame-000013.color.png chess/seq-04/color/frame-000016.color.png 0.999947 0.0103088 -0.000344618 0.00171721 -0.0103079 0.999944 0.00245744 0.00061438 0.000369932 -0.00245376 0.999997 0.00111313 0.0 0.0 0.0 1.0
chess/seq-04/color/frame-000014.color.png chess/seq-04/color/frame-000017.color.png 0.999903 0.0139104 8.9213e-05 0.00424675 -0.0139106 0.999899 0.00291278 -0.001983 -4.8686e-05 -0.00291374 0.999996 0.00128851 0.0 0.0 0.0 1.0
chess/seq-04/color/frame-000015.color.png chess/seq-04/color/frame-000018.color.png 0.999915 0.0130683 0.000496578 0.00212142 -0.0130688 0.999914 0.000992741 -0.000569132 -0.000483562 -0.000999146 1.0 0.00166882 0.0 0.0 0.0 1.0
chess/seq-04/color/frame-000016.color.png chess/seq-04/color/frame-000019.color.png 0.999927 0.0120498 0.000337504 0.00566035 -0.0120499 0.999928 0.000175361 -0.0012664 -0.000335368 -0.000179416 1.0 0.000687812 0.0 0.0 0.0 1.0
chess/seq-04/color/frame-000017.color.png chess/seq-04/color/frame-000020.color.png 0.999943 0.010551 -0.00136701 0.00644334 -0.0105556 0.999939 -0.00336844 0.00087502 0.00133139 0.00338268 0.999993 -0.000528052 0.0 0.0 0.0 1.0
chess/seq-04/color/frame-000018.color.png chess/seq-04/color/frame-000021.color.png 0.999941 0.0107121 -0.00180903 0.00877218 -0.0107159 0.99994 -0.00208404 -0.00160284 0.0017866 0.0021033 0.999996 -0.00160466 0.0 0.0 0.0 1.0
chess/seq-04/color/frame-000019.color.png chess/seq-04/color/frame-000022.color.png 0.999657 0.0261736 0.000533127 0.0156783 -0.0261733 0.999657 -0.000540069 -0.000693375 -0.000547079 0.00052593 1.0 -0.000422283 0.0 0.0 0.0 1.0
chess/seq-04/color/frame-000020.color.png chess/seq-04/color/frame-000023.color.png 0.999374 0.0345731 0.00756282 0.0111048 -0.0345943 0.999398 0.00269464 -0.00093053 -0.00746511 -0.00295458 0.999968 -0.000560077 0.0 0.0 0.0 1.0
chess/seq-04/color/frame-000021.color.png chess/seq-04/color/frame-000024.color.png 0.998087 0.0606353 0.0120936 0.0139141 -0.0606944 0.998146 0.00457913 -0.00360383 -0.0117935 -0.00530438 0.999916 -0.000271189 0.0 0.0 0.0 1.0
chess/seq-04/color/frame-000022.color.png chess/seq-04/color/frame-000025.color.png 0.998378 0.0557222 0.0117254 0.00864732 -0.0557693 0.998437 0.00372913 -0.00539226 -0.0114993 -0.004377 0.999924 -0.00034466 0.0 0.0 0.0 1.0
chess/seq-04/color/frame-000023.color.png chess/seq-04/color/frame-000026.color.png 0.997079 0.0749206 0.0148415 0.0158697 -0.0750164 0.997164 0.00600484 -0.00373205 -0.0143495 -0.00710065 0.999872 -0.00619656 0.0 0.0 0.0 1.0
chess/seq-04/color/frame-000024.color.png chess/seq-04/color/frame-000027.color.png 0.998009 0.0609535 0.0162288 0.014413 -0.0611102 0.998087 0.00934349 0.00251365 -0.0156282 -0.0103166 0.999825 -0.00435498 0.0 0.0 0.0 1.0
chess/seq-04/color/frame-000025.color.png chess/seq-04/color/frame-000028.color.png 0.996622 0.077068 0.0283847 0.0184995 -0.0776858 0.996749 0.0213432 -0.00123447 -0.0266475 -0.0234762 0.999369 -0.00775604 0.0 0.0 0.0 1.0
chess/seq-04/color/frame-000026.color.png chess/seq-04/color/frame-000029.color.png 0.99761 0.0632997 0.0276931 0.00937895 -0.0640032 0.997629 0.0252978 -0.00595935 -0.0260261 -0.0270098 0.999296 -0.000314697 0.0 0.0 0.0 1.0
chess/seq-04/color/frame-000027.color.png chess/seq-04/color/frame-000030.color.png 0.995624 0.0899038 0.0255174 0.0138757 -0.0906802 0.995394 0.0311025 -0.0142206 -0.0226037 -0.0332803 0.99919 -0.00356604 0.0 0.0 0.0 1.0
chess/seq-04/color/frame-000028.color.png chess/seq-04/color/frame-000031.color.png 0.995845 0.0895977 0.0162896 0.0114128 -0.0900168 0.995571 0.0271247 -0.0128355 -0.0137872 -0.0284783 0.999499 -0.000883833 0.0 0.0 0.0 1.0
chess/seq-04/color/frame-000029.color.png chess/seq-04/color/frame-000032.color.png 0.990237 0.136105 0.030113 0.0177366 -0.137 0.990118 0.029955 -0.0135065 -0.0257385 -0.033788 0.999098 0.000148571 0.0 0.0 0.0 1.0
chess/seq-04/color/frame-000030.color.png chess/seq-04/color/frame-000033.color.png 0.992 0.119726 0.0400228 0.00429042 -0.120849 0.992305 0.0269331 -0.0177834 -0.0364902 -0.0315543 0.998836 -0.000362323 0.0 0.0 0.0 1.0
chess/seq-04/color/frame-000031.color.png chess/seq-04/color/frame-000034.color.png 0.990744 0.127586 0.0463534 0.00226185 -0.128746 0.991412 0.0229539 -0.0243563 -0.0430267 -0.0287093 0.998661 0.000334064 0.0 0.0 0.0 1.0
chess/seq-04/color/frame-000032.color.png chess/seq-04/color/frame-000035.color.png 0.995227 0.0928286 0.0300971 4.44651e-05 -0.0933155 0.995521 0.0151953 -0.0346722 -0.0285518 -0.0179313 0.999431 -0.00373504 0.0 0.0 0.0 1.0
chess/seq-04/color/frame-000033.color.png chess/seq-04/color/frame-000036.color.png 0.99605 0.0863961 0.0205035 -0.000191242 -0.0866041 0.996198 0.00948464 -0.0331477 -0.0196061 -0.0112229 0.999745 0.000473414 0.0 0.0 0.0 1.0
chess/seq-04/color/frame-000034.color.png chess/seq-04/color/frame-000037.color.png 0.996369 0.0842529 0.0122835 0.0120632 -0.0843257 0.996423 0.00552167 -0.0337978 -0.0117743 -0.00653743 0.999909 -0.00537574 0.0 0.0 0.0 1.0
chess/seq-04/color/frame-000035.color.png chess/seq-04/color/frame-000038.color.png 0.994748 0.0973713 0.0315579 0.0108627 -0.0975151 0.995229 0.0030471 -0.0318053 -0.0311106 -0.00610843 0.999497 -0.00924544 0.0 0.0 0.0 1.0
chess/seq-04/color/frame-000036.color.png chess/seq-04/color/frame-000039.color.png 0.99062 0.124356 0.0566336 -0.000205293 -0.124794 0.992174 0.00424042 -0.0327387 -0.055663 -0.0112682 0.998386 0.00605658 0.0 0.0 0.0 1.0
chess/seq-04/color/frame-000037.color.png chess/seq-04/color/frame-000040.color.png 0.993045 0.100354 0.0615669 -0.00557089 -0.100794 0.994899 0.00407697 -0.0250164 -0.0608437 -0.0102542 0.998095 0.0113646 0.0 0.0 0.0 1.0
chess/seq-04/color/frame-000038.color.png chess/seq-04/color/frame-000041.color.png 0.994583 0.0816677 0.0643002 -0.016828 -0.0826316 0.996502 0.0124702 -0.0227293 -0.0630569 -0.0177159 0.997853 0.0256004 0.0 0.0 0.0 1.0
chess/seq-04/color/frame-000039.color.png chess/seq-04/color/frame-000042.color.png 0.998249 0.031458 0.0500816 -0.0227407 -0.0322835 0.999355 0.0157553 -0.0318031 -0.0495536 -0.0173445 0.998621 0.0218939 0.0 0.0 0.0 1.0
chess/seq-04/color/frame-000040.color.png chess/seq-04/color/frame-000043.color.png 0.998856 0.0160376 0.0450391 -0.0391678 -0.0167607 0.999736 0.0157263 -0.0284579 -0.044775 -0.0164632 0.998861 0.0337602 0.0 0.0 0.0 1.0
chess/seq-04/color/frame-000041.color.png chess/seq-04/color/frame-000044.color.png 0.998632 -0.0175564 -0.0492533 0.120727 0.0174344 0.999844 -0.00290618 -0.0189466 0.0492967 0.00204352 0.998782 0.0258915 0.0 0.0 0.0 1.0
chess/seq-04/color/frame-000042.color.png chess/seq-04/color/frame-000045.color.png 0.993845 -0.040285 -0.103198 0.162472 0.0396068 0.999178 -0.00861379 -0.0230655 0.10346 0.00447341 0.994623 0.0249212 0.0 0.0 0.0 1.0
chess/seq-04/color/frame-000043.color.png chess/seq-04/color/frame-000046.color.png 0.990338 -0.0607001 -0.124683 0.195138 0.061244 0.998123 0.000529088 -0.0572119 0.124417 -0.00816005 0.992196 -0.0255039 0.0 0.0 0.0 1.0
chess/seq-04/color/frame-000044.color.png chess/seq-04/color/frame-000047.color.png 0.986904 -0.0721191 -0.144292 0.235306 0.0722236 0.997378 -0.00452022 -0.0311192 0.144239 -0.00596026 0.989525 -0.00169349 0.0 0.0 0.0 1.0
chess/seq-04/color/frame-000045.color.png chess/seq-04/color/frame-000048.color.png 0.991638 -0.101473 -0.0797319 0.0400656 0.100806 0.994829 -0.0123461 -0.0190648 0.0805724 0.00420539 0.99674 0.0172347 0.0 0.0 0.0 1.0
chess/seq-04/color/frame-000046.color.png chess/seq-04/color/frame-000049.color.png 0.985465 -0.10511 -0.133457 0.15833 0.10581 0.994385 -0.00186054 -0.0560386 0.132903 -0.0122875 0.991053 -0.010225 0.0 0.0 0.0 1.0
chess/seq-04/color/frame-000047.color.png chess/seq-04/color/frame-000050.color.png 0.983831 -0.103793 -0.145959 0.192635 0.105388 0.994426 0.00321678 -0.0798135 0.144812 -0.0185471 0.989285 -0.0298747 0.0 0.0 0.0 1.0
chess/seq-04/color/frame-000048.color.png chess/seq-04/color/frame-000051.color.png 0.991778 -0.113715 -0.0586919 -0.0255225 0.113171 0.993497 -0.0125109 -0.0521414 0.0597329 0.00576584 0.998198 0.0110857 0.0 0.0 0.0 1.0
chess/seq-04/color/frame-000049.color.png chess/seq-04/color/frame-000052.color.png 0.99008 -0.132657 -0.0463088 -0.0715123 0.132273 0.991149 -0.011273 -0.066067 0.0473943 0.00503578 0.998864 0.0223257 0.0 0.0 0.0 1.0
chess/seq-04/color/frame-000050.color.png chess/seq-04/color/frame-000053.color.png 0.992619 -0.113784 -0.0419522 -0.05223 0.11391 0.993491 0.000610067 -0.0778646 0.0416098 -0.00538435 0.999119 -0.00137657 0.0 0.0 0.0 1.0
chess/seq-04/color/frame-000051.color.png chess/seq-04/color/frame-000054.color.png 0.993475 -0.109606 -0.0315274 -0.0646802 0.109456 0.993971 -0.00646546 -0.0368982 0.0320459 0.00297242 0.999482 0.0305201 0.0 0.0 0.0 1.0
chess/seq-04/color/frame-000052.color.png chess/seq-04/color/frame-000055.color.png 0.994988 -0.0983475 -0.0180595 -0.0514084 0.098563 0.995065 0.0114579 -0.0670477 0.0168435 -0.0131804 0.999771 -0.00956693 0.0 0.0 0.0 1.0
chess/seq-04/color/frame-000053.color.png chess/seq-04/color/frame-000056.color.png 0.995193 -0.0972532 -0.0115387 -0.0400435 0.0974112 0.995145 0.014026 -0.0686314 0.0101186 -0.0150825 0.999835 0.00563928 0.0 0.0 0.0 1.0
chess/seq-04/color/frame-000054.color.png chess/seq-04/color/frame-000057.color.png 0.994455 -0.105112 0.00334774 -0.0591059 0.105074 0.994415 0.00994943 -0.0257371 -0.00437484 -0.00954251 0.999945 0.0114977 0.0 0.0 0.0 1.0
chess/seq-04/color/frame-000055.color.png chess/seq-04/color/frame-000058.color.png 0.995212 -0.0977319 -0.00133134 -0.0530019 0.0977398 0.995041 0.0184227 -0.033717 -0.000475719 -0.0184646 0.999829 0.00943965 0.0 0.0 0.0 1.0
chess/seq-04/color/frame-000056.color.png chess/seq-04/color/frame-000059.color.png 0.992751 -0.119866 -0.00878191 -0.0600131 0.120129 0.991893 0.0414423 -0.0763138 0.00374318 -0.0421969 0.999102 -0.00507863 0.0 0.0 0.0 1.0
chess/seq-04/color/frame-000057.color.png chess/seq-04/color/frame-000060.color.png 0.994324 -0.105634 -0.0127082 -0.0443957 0.105915 0.994085 0.0240086 -0.0405397 0.0100969 -0.0252183 0.999631 0.000498697 0.0 0.0 0.0 1.0
chess/seq-04/color/frame-000058.color.png chess/seq-04/color/frame-000061.color.png 0.989137 -0.141966 -0.0381262 -0.0306628 0.142882 0.989485 0.0224602 -0.0499833 0.0345367 -0.0276638 0.999021 0.00367183 0.0 0.0 0.0 1.0
chess/seq-04/color/frame-000059.color.png chess/seq-04/color/frame-000062.color.png 0.990734 -0.128648 -0.0435526 -0.0219681 0.130759 0.990169 0.0496737 -0.148648 0.036734 -0.0549082 0.997815 -0.0643325 0.0 0.0 0.0 1.0
chess/seq-04/color/frame-000060.color.png chess/seq-04/color/frame-000063.color.png 0.982079 -0.155973 -0.105794 0.0850934 0.159935 0.986671 0.0300092 -0.118484 0.0997036 -0.0463917 0.993935 -0.0583591 0.0 0.0 0.0 1.0
chess/seq-04/color/frame-000061.color.png chess/seq-04/color/frame-000064.color.png 0.988589 -0.140302 -0.0548365 -0.0445721 0.141079 0.989942 0.0105393 -0.0708098 0.0528062 -0.0181553 0.99844 -0.0254038 0.0 0.0 0.0 1.0
chess/seq-04/color/frame-000062.color.png chess/seq-04/color/frame-000065.color.png 0.989003 -0.13663 -0.0566157 -0.0433218 0.13789 0.990266 0.0189587 -0.0927203 0.0534742 -0.0265569 0.998216 -0.0405556 0.0 0.0 0.0 1.0
chess/seq-04/color/frame-000063.color.png chess/seq-04/color/frame-000066.color.png 0.989583 -0.130628 -0.0605049 -0.0296639 0.131476 0.991266 0.0102495 -0.0415976 0.0586376 -0.0180977 0.998115 -0.0163237 0.0 0.0 0.0 1.0
chess/seq-04/color/frame-000064.color.png chess/seq-04/color/frame-000067.color.png 0.991384 -0.115682 -0.0614377 -0.0155441 0.1173 0.992821 0.0234036 -0.0659375 0.0582892 -0.0304086 0.997836 -0.0296854 0.0 0.0 0.0 1.0
chess/seq-04/color/frame-000065.color.png chess/seq-04/color/frame-000068.color.png 0.992284 -0.107902 -0.0610776 -0.00231075 0.109923 0.993464 0.0307498 -0.0738518 0.0573605 -0.0372264 0.997659 -0.0342676 0.0 0.0 0.0 1.0
chess/seq-04/color/frame-000066.color.png chess/seq-04/color/frame-000069.color.png 0.995847 -0.0909608 0.00384388 -0.117368 0.0908655 0.995658 0.0202279 -0.028332 -0.00566712 -0.0197946 0.999788 0.0084677 0.0 0.0 0.0 1.0
chess/seq-04/color/frame-000067.color.png chess/seq-04/color/frame-000070.color.png 0.996047 -0.0846763 -0.0268267 -0.0070197 0.0852842 0.996105 0.0223894 -0.0433609 0.0248263 -0.0245888 0.999389 -0.0127955 0.0 0.0 0.0 1.0
chess/seq-04/color/frame-000068.color.png chess/seq-04/color/frame-000071.color.png 0.994769 -0.098713 -0.0262822 -0.0199205 0.0996103 0.994398 0.0353529 -0.0879207 0.0226451 -0.037786 0.999029 -0.0275507 0.0 0.0 0.0 1.0
chess/seq-04/color/frame-000069.color.png chess/seq-04/color/frame-000072.color.png 0.994432 -0.101743 -0.0274531 -0.0229454 0.10185 0.994797 0.00251279 -0.0292844 0.0270545 -0.00529487 0.99962 -0.00418751 0.0 0.0 0.0 1.0
chess/seq-04/color/frame-000070.color.png chess/seq-04/color/frame-000073.color.png 0.990837 -0.127494 -0.0445809 -0.00317553 0.127993 0.991739 0.0085175 -0.0494832 0.0431267 -0.0141455 0.998969 -0.00361814 0.0 0.0 0.0 1.0
chess/seq-04/color/frame-000071.color.png chess/seq-04/color/frame-000074.color.png 0.99285 -0.117597 -0.0204859 -0.0086503 0.117915 0.99291 0.0150283 -0.0647024 0.0185735 -0.0173365 0.999677 0.0137503 0.0 0.0 0.0 1.0
chess/seq-04/color/frame-000072.color.png chess/seq-04/color/frame-000075.color.png 0.994024 -0.108544 -0.0115859 0.0318822 0.10854 0.994092 -0.000935274 -0.019442 0.011619 -0.000327873 0.999932 0.0235813 0.0 0.0 0.0 1.0
chess/seq-04/color/frame-000073.color.png chess/seq-04/color/frame-000076.color.png 0.994626 -0.0969551 0.0363027 -0.0982807 0.0967775 0.995284 0.00662113 -0.0340051 -0.0367734 -0.00307227 0.999319 0.0337924 0.0 0.0 0.0 1.0
chess/seq-04/color/frame-000074.color.png chess/seq-04/color/frame-000077.color.png 0.990244 -0.0901011 0.106293 -0.18246 0.0880124 0.995826 0.0241905 -0.0595436 -0.108029 -0.0145994 0.994041 0.0468131 0.0 0.0 0.0 1.0
chess/seq-04/color/frame-000075.color.png chess/seq-04/color/frame-000078.color.png 0.982926 -0.0994953 0.154779 -0.213282 0.0974693 0.995024 0.020643 0.00289869 -0.156063 -0.00520434 0.987733 0.0986616 0.0 0.0 0.0 1.0
chess/seq-04/color/frame-000076.color.png chess/seq-04/color/frame-000079.color.png 0.98739 -0.0839364 0.134222 -0.191137 0.0788473 0.995967 0.042802 -0.0321519 -0.137273 -0.0316792 0.990027 0.0575815 0.0 0.0 0.0 1.0
chess/seq-04/color/frame-000077.color.png chess/seq-04/color/frame-000080.color.png 0.983372 -0.0413006 0.176845 -0.248259 0.0365407 0.998879 0.0300896 0.00863475 -0.17789 -0.0231273 0.983779 0.105645 0.0 0.0 0.0 1.0
chess/seq-04/color/frame-000078.color.png chess/seq-04/color/frame-000081.color.png 0.990279 -0.0324796 0.135249 -0.16289 0.0321404 0.999472 0.00469229 0.0447461 -0.13533 -0.000299686 0.9908 0.0868044 0.0 0.0 0.0 1.0
chess/seq-04/color/frame-000079.color.png chess/seq-04/color/frame-000082.color.png 0.988898 -0.00140484 0.148587 -0.167968 -0.000107803 0.999948 0.010171 0.0392175 -0.148593 -0.0100741 0.988847 0.0796308 0.0 0.0 0.0 1.0
chess/seq-04/color/frame-000080.color.png chess/seq-04/color/frame-000083.color.png 0.990844 0.0152306 0.134151 -0.142851 -0.0157576 0.999872 0.00286657 0.0590864 -0.13409 -0.00495423 0.990957 0.130106 0.0 0.0 0.0 1.0
chess/seq-04/color/frame-000081.color.png chess/seq-04/color/frame-000084.color.png 0.998879 0.0470869 0.0048202 0.142139 -0.0472482 0.998004 0.0419073 -0.0353211 -0.00283727 -0.0420881 0.99911 -0.0208471 0.0 0.0 0.0 1.0
chess/seq-04/color/frame-000082.color.png chess/seq-04/color/frame-000085.color.png 0.997619 0.0593773 0.0350841 0.0850091 -0.0605456 0.997612 0.0332338 0.00840178 -0.033027 -0.0352789 0.998832 0.0149374 0.0 0.0 0.0 1.0
chess/seq-04/color/frame-000083.color.png chess/seq-04/color/frame-000086.color.png 0.995686 0.083114 0.0412402 0.0572636 -0.0842841 0.996062 0.027492 0.024884 -0.0387928 -0.0308493 0.998771 0.0442079 0.0 0.0 0.0 1.0
chess/seq-04/color/frame-000084.color.png chess/seq-04/color/frame-000087.color.png 0.99481 0.101473 0.00755664 0.104945 -0.1017 0.993948 0.0415347 0.0111246 -0.00329627 -0.0420877 0.999109 0.026763 0.0 0.0 0.0 1.0
chess/seq-04/color/frame-000085.color.png chess/seq-04/color/frame-000088.color.png 0.995029 0.0994824 0.00459028 0.0548527 -0.0995881 0.993947 0.0463914 -0.0208666 5.26421e-05 -0.046618 0.998913 -0.00104034 0.0 0.0 0.0 1.0
chess/seq-04/color/frame-000086.color.png chess/seq-04/color/frame-000089.color.png 0.993993 0.109428 -0.0019502 0.0921531 -0.109199 0.992798 0.0492622 -0.00876173 0.0073268 -0.0487533 0.998784 0.0258487 0.0 0.0 0.0 1.0
chess/seq-04/color/frame-000087.color.png chess/seq-04/color/frame-000090.color.png 0.991481 0.126662 0.0303648 0.0514124 -0.127845 0.990953 0.0408363 -0.00496373 -0.0249177 -0.0443704 0.998704 0.030102 0.0 0.0 0.0 1.0
chess/seq-04/color/frame-000088.color.png chess/seq-04/color/frame-000091.color.png 0.989937 0.139365 0.0245486 0.0825064 -0.140289 0.989255 0.041148 -0.010955 -0.0185503 -0.0441779 0.998851 0.0394189 0.0 0.0 0.0 1.0
chess/seq-04/color/frame-000089.color.png chess/seq-04/color/frame-000092.color.png 0.992795 0.117554 0.0232349 0.0439656 -0.118225 0.992534 0.0299837 -0.00624332 -0.0195367 -0.0325146 0.99928 0.0452485 0.0 0.0 0.0 1.0
chess/seq-04/color/frame-000090.color.png chess/seq-04/color/frame-000093.color.png 0.992286 0.123531 0.0104058 0.0760204 -0.123858 0.991444 0.041201 -0.0185418 -0.00522714 -0.042172 0.999097 0.0431965 0.0 0.0 0.0 1.0
chess/seq-04/color/frame-000091.color.png chess/seq-04/color/frame-000094.color.png 0.991829 0.124853 0.0262115 0.0531639 -0.125532 0.991748 0.0260498 0.00112399 -0.0227427 -0.0291274 0.999317 0.0590955 0.0 0.0 0.0 1.0
chess/seq-04/color/frame-000092.color.png chess/seq-04/color/frame-000095.color.png 0.990692 0.131509 0.0351411 0.0502784 -0.132482 0.990819 0.0269557 0.0006001 -0.0312736 -0.0313603 0.999019 0.0523446 0.0 0.0 0.0 1.0
chess/seq-04/color/frame-000093.color.png chess/seq-04/color/frame-000096.color.png 0.98881 0.142737 0.0433769 0.0454181 -0.143776 0.989369 0.02185 -0.00924915 -0.039797 -0.0278421 0.99882 0.0474528 0.0 0.0 0.0 1.0
chess/seq-04/color/frame-000094.color.png chess/seq-04/color/frame-000097.color.png 0.990016 0.134001 0.0437306 0.0282578 -0.134948 0.990662 0.0194615 -0.0139876 -0.0407144 -0.0251685 0.998854 0.0563321 0.0 0.0 0.0 1.0
chess/seq-04/color/frame-000095.color.png chess/seq-04/color/frame-000098.color.png 0.992142 0.120917 0.0321296 0.0235597 -0.12149 0.992455 0.0165179 -0.00754118 -0.0298899 -0.0202916 0.999347 0.0522148 0.0 0.0 0.0 1.0
chess/seq-04/color/frame-000096.color.png chess/seq-04/color/frame-000099.color.png 0.989988 0.0978264 -0.101755 0.326303 -0.0967802 0.99519 0.0151799 -0.0128703 0.102751 -0.00518006 0.994694 0.0112035 0.0 0.0 0.0 1.0
chess/seq-04/color/frame-000097.color.png chess/seq-04/color/frame-000100.color.png 0.993045 0.117701 -0.00301252 0.0581696 -0.117647 0.992955 0.0141218 -0.0115172 0.0046534 -0.0136691 0.999896 0.0436164 0.0 0.0 0.0 1.0
chess/seq-04/color/frame-000098.color.png chess/seq-04/color/frame-000101.color.png 0.993308 0.11547 -0.00248338 0.0543439 -0.115405 0.993146 0.0184984 -0.00960803 0.00460238 -0.018088 0.999826 0.0607876 0.0 0.0 0.0 1.0
chess/seq-04/color/frame-000099.color.png chess/seq-04/color/frame-000102.color.png 0.99316 0.114994 0.0202542 -0.0225473 -0.114517 0.993148 -0.0232829 0.0925295 -0.0227928 0.0208042 0.999524 0.0664888 0.0 0.0 0.0 1.0
chess/seq-04/color/frame-000100.color.png chess/seq-04/color/frame-000103.color.png 0.995922 0.0895939 -0.0106094 0.0267701 -0.0895466 0.995971 0.00486012 -0.00564781 0.0110021 -0.00389029 0.999932 0.0691423 0.0 0.0 0.0 1.0
chess/seq-04/color/frame-000101.color.png chess/seq-04/color/frame-000104.color.png 0.996362 0.0825628 -0.0211293 0.0421677 -0.082531 0.996586 0.00237409 -0.00269848 0.0212532 -0.000621616 0.999774 0.0496368 0.0 0.0 0.0 1.0
chess/seq-04/color/frame-000102.color.png chess/seq-04/color/frame-000105.color.png 0.994226 0.106415 -0.0138311 0.024943 -0.106661 0.994124 -0.0184806 0.0645583 0.0117832 0.0198491 0.999734 0.0591106 0.0 0.0 0.0 1.0
chess/seq-04/color/frame-000103.color.png chess/seq-04/color/frame-000106.color.png 0.993899 0.107453 -0.0248557 0.0750805 -0.107293 0.994198 0.00767991 -0.00381216 0.0255366 -0.00496623 0.999662 0.0531713 0.0 0.0 0.0 1.0
chess/seq-04/color/frame-000104.color.png chess/seq-04/color/frame-000107.color.png 0.99407 0.106947 -0.0196643 0.0695277 -0.106654 0.994177 0.0153957 -0.0156602 0.0211962 -0.0132071 0.999688 0.0389229 0.0 0.0 0.0 1.0
chess/seq-04/color/frame-000105.color.png chess/seq-04/color/frame-000108.color.png 0.996923 0.0783754 0.000846748 0.007263 -0.0783691 0.996907 -0.00596822 0.040453 -0.00131189 0.00588349 0.999982 0.061873 0.0 0.0 0.0 1.0
chess/seq-04/color/frame-000106.color.png chess/seq-04/color/frame-000109.color.png 0.997161 0.0736667 -0.0155943 0.0534695 -0.0735719 0.997268 0.00657213 -0.000221252 0.0160359 -0.00540618 0.999857 0.0392683 0.0 0.0 0.0 1.0
chess/seq-04/color/frame-000107.color.png chess/seq-04/color/frame-000110.color.png 0.994357 0.10482 -0.016342 0.0650832 -0.104843 0.994489 -0.000605997 0.00806051 0.0161884 0.00231593 0.999866 0.0525052 0.0 0.0 0.0 1.0
chess/seq-04/color/frame-000108.color.png chess/seq-04/color/frame-000111.color.png 0.994548 0.102704 -0.018066 0.0566808 -0.103039 0.994502 -0.0186724 0.033341 0.016049 0.0204321 0.999662 0.0572022 0.0 0.0 0.0 1.0
chess/seq-04/color/frame-000109.color.png chess/seq-04/color/frame-000112.color.png 0.992891 0.11473 -0.0316837 0.0800663 -0.116339 0.9917 -0.0547361 0.0861493 0.0251409 0.058033 0.997998 0.0736197 0.0 0.0 0.0 1.0
chess/seq-04/color/frame-000110.color.png chess/seq-04/color/frame-000113.color.png 0.99563 0.0829716 -0.0428616 0.0946229 -0.0842211 0.996048 -0.0282154 0.0287434 0.0403511 0.031702 0.998682 0.0460826 0.0 0.0 0.0 1.0
chess/seq-04/color/frame-000111.color.png chess/seq-04/color/frame-000114.color.png 0.99496 0.0903601 -0.0434605 0.0903949 -0.0917521 0.995294 -0.0311802 0.0472174 0.0404385 0.0350106 0.998568 0.0395607 0.0 0.0 0.0 1.0
chess/seq-04/color/frame-000112.color.png chess/seq-04/color/frame-000115.color.png 0.99184 0.116475 -0.051834 0.124885 -0.116637 0.993175 -0.000100141 -0.0229421 0.0514685 0.00614506 0.998656 0.0460495 0.0 0.0 0.0 1.0
chess/seq-04/color/frame-000113.color.png chess/seq-04/color/frame-000116.color.png 0.991454 0.121878 -0.0465346 0.113665 -0.122798 0.992279 -0.0174172 0.0397963 0.0440525 0.0229827 0.998765 0.0414787 0.0 0.0 0.0 1.0
chess/seq-04/color/frame-000114.color.png chess/seq-04/color/frame-000117.color.png 0.987795 0.141078 -0.0660232 0.121297 -0.144136 0.988575 -0.0440943 0.0881633 0.0590482 0.0530725 0.996843 0.0471865 0.0 0.0 0.0 1.0
chess/seq-04/color/frame-000115.color.png chess/seq-04/color/frame-000118.color.png 0.991561 0.100793 -0.0815376 0.132048 -0.104003 0.993921 -0.0361118 0.0511453 0.0774021 0.0442872 0.996016 0.0484915 0.0 0.0 0.0 1.0
chess/seq-04/color/frame-000116.color.png chess/seq-04/color/frame-000119.color.png 0.989183 0.102601 -0.10483 0.193802 -0.10695 0.993586 -0.0367312 0.0638006 0.100389 0.0475455 0.993812 0.0314913 0.0 0.0 0.0 1.0
chess/seq-04/color/frame-000117.color.png chess/seq-04/color/frame-000120.color.png 0.991806 0.0902846 -0.0903829 0.179307 -0.0929129 0.995353 -0.0252991 0.0502678 0.0876787 0.0334895 0.995586 0.00682724 0.0 0.0 0.0 1.0
chess/seq-04/color/frame-000118.color.png chess/seq-04/color/frame-000121.color.png 0.995923 0.0799278 -0.0418267 0.109369 -0.0807982 0.996539 -0.0195447 0.0381847 0.0401198 0.0228446 0.998934 -0.00456804 0.0 0.0 0.0 1.0
chess/seq-04/color/frame-000119.color.png chess/seq-04/color/frame-000122.color.png 0.994713 0.0805105 -0.0637456 0.162197 -0.0807095 0.996738 -0.000548836 0.0210656 0.0634935 0.00569082 0.997966 0.00693876 0.0 0.0 0.0 1.0
chess/seq-04/color/frame-000120.color.png chess/seq-04/color/frame-000123.color.png 0.995554 0.0626764 -0.0703158 0.170368 -0.061786 0.99798 0.0147686 -0.0101216 0.0710994 -0.0103584 0.997415 -0.00776553 0.0 0.0 0.0 1.0
chess/seq-04/color/frame-000121.color.png chess/seq-04/color/frame-000124.color.png 0.996704 0.0517114 -0.0625072 0.152859 -0.051682 0.998661 0.00208679 0.00676605 0.0625315 0.00115059 0.998042 -0.000917852 0.0 0.0 0.0 1.0
chess/seq-04/color/frame-000122.color.png chess/seq-04/color/frame-000125.color.png 0.996063 0.0566761 -0.0681559 0.17872 -0.0570027 0.99837 -0.00285471 0.0226602 0.067883 0.00672854 0.997671 -0.0125998 0.0 0.0 0.0 1.0
chess/seq-04/color/frame-000123.color.png chess/seq-04/color/frame-000126.color.png 0.996847 0.0640841 -0.046798 0.147219 -0.0645437 0.99788 -0.00837608 0.0437916 0.046162 0.0113702 0.998869 -0.00305432 0.0 0.0 0.0 1.0
chess/seq-04/color/frame-000124.color.png chess/seq-04/color/frame-000127.color.png 0.997177 0.0591999 -0.0461789 0.140449 -0.0595204 0.998211 -0.00559523 0.0290566 0.045765 0.00832801 0.998918 -0.00160038 0.0 0.0 0.0 1.0
chess/seq-04/color/frame-000125.color.png chess/seq-04/color/frame-000128.color.png 0.998386 0.0244153 -0.0512867 0.123021 -0.0245719 0.999695 -0.00242556 0.00949588 0.0512118 0.00368185 0.998681 -0.0176561 0.0 0.0 0.0 1.0
chess/seq-04/color/frame-000126.color.png chess/seq-04/color/frame-000129.color.png 0.997867 0.00128146 -0.0652683 0.133227 -0.00122782 0.999999 0.000862412 -0.00915143 0.0652693 -0.000780458 0.997867 -0.0308769 0.0 0.0 0.0 1.0
chess/seq-04/color/frame-000127.color.png chess/seq-04/color/frame-000130.color.png 0.998028 -0.000131933 -0.0627769 0.129323 0.000424064 0.999989 0.00464022 -0.0157498 0.0627756 -0.00465771 0.998017 -0.0292048 0.0 0.0 0.0 1.0
chess/seq-04/color/frame-000128.color.png chess/seq-04/color/frame-000131.color.png 0.998345 -0.0115671 -0.0563412 0.108329 0.01191 0.999913 0.0057553 -0.0144076 0.0562697 -0.00641681 0.998395 -0.0190897 0.0 0.0 0.0 1.0
chess/seq-04/color/frame-000129.color.png chess/seq-04/color/frame-000132.color.png 0.998826 -0.0105349 -0.0472833 0.0914971 0.0104964 0.999944 -0.001066 -0.00940743 0.0472918 0.000568448 0.998881 -0.00922817 0.0 0.0 0.0 1.0
chess/seq-04/color/frame-000130.color.png chess/seq-04/color/frame-000133.color.png 0.998762 -0.0144749 -0.0475932 0.0898299 0.0144803 0.999895 -0.000229502 -0.0147184 0.0475915 -0.000459947 0.998867 -0.00335997 0.0 0.0 0.0 1.0
chess/seq-04/color/frame-000131.color.png chess/seq-04/color/frame-000134.color.png 0.998842 -0.0166407 -0.0451483 0.0933394 0.0164677 0.999856 -0.00420219 -0.00886548 0.0452117 0.00345386 0.998971 0.00393212 0.0 0.0 0.0 1.0
chess/seq-04/color/frame-000132.color.png chess/seq-04/color/frame-000135.color.png 0.999437 -0.00719097 -0.0327627 0.0710406 0.00728154 0.99997 0.00264592 -0.0153459 0.0327428 -0.00288297 0.99946 0.00110435 0.0 0.0 0.0 1.0
chess/seq-04/color/frame-000133.color.png chess/seq-04/color/frame-000136.color.png 0.998295 -0.0196671 -0.0549553 0.0872669 0.0195101 0.999804 -0.00339421 -0.000360727 0.0550112 0.00231628 0.998483 0.0118431 0.0 0.0 0.0 1.0
chess/seq-04/color/frame-000134.color.png chess/seq-04/color/frame-000137.color.png 0.997352 -0.00650738 -0.0724335 0.138755 0.00701177 0.999953 0.00671126 -0.0284081 0.0723864 -0.00720142 0.997351 -0.0103652 0.0 0.0 0.0 1.0
chess/seq-04/color/frame-000135.color.png chess/seq-04/color/frame-000138.color.png 0.997178 0.000160982 -0.0750776 0.147541 0.00113964 0.99985 0.0172803 -0.0549429 0.0750692 -0.0173171 0.997028 0.00445998 0.0 0.0 0.0 1.0
chess/seq-04/color/frame-000136.color.png chess/seq-04/color/frame-000139.color.png 0.998599 0.00233418 -0.0528724 0.130222 -0.00152949 0.999883 0.0152523 -0.0335779 0.0529018 -0.01515 0.998485 -0.00107992 0.0 0.0 0.0 1.0
chess/seq-04/color/frame-000137.color.png chess/seq-04/color/frame-000140.color.png 0.998916 0.0351697 -0.0305043 0.0921305 -0.0347344 0.999289 0.0146826 0.0117533 0.0309991 -0.0136071 0.999427 0.00726867 0.0 0.0 0.0 1.0
chess/seq-04/color/frame-000138.color.png chess/seq-04/color/frame-000141.color.png 0.998704 0.0404482 -0.0308853 0.0935422 -0.0395048 0.998752 0.0305697 0.000447452 0.0320831 -0.02931 0.999055 0.00856578 0.0 0.0 0.0 1.0
chess/seq-04/color/frame-000139.color.png chess/seq-04/color/frame-000142.color.png 0.99929 0.0256374 -0.0276264 0.0843309 -0.024645 0.999059 0.0356888 -0.0169964 0.0285153 -0.0349825 0.998981 0.00770164 0.0 0.0 0.0 1.0
chess/seq-04/color/frame-000140.color.png chess/seq-04/color/frame-000143.color.png 0.999454 -0.00297114 -0.0329088 0.0759476 0.00455623 0.998827 0.0481998 -0.054888 0.0327269 -0.0483233 0.998295 -0.00222504 0.0 0.0 0.0 1.0
chess/seq-04/color/frame-000141.color.png chess/seq-04/color/frame-000144.color.png 0.998518 -0.0310861 -0.0446766 0.0868501 0.033421 0.998061 0.0524991 -0.0858316 0.042958 -0.0539144 0.997621 -0.00716841 0.0 0.0 0.0 1.0
chess/seq-04/color/frame-000142.color.png chess/seq-04/color/frame-000145.color.png 0.997672 -0.0556805 -0.0393801 0.0492429 0.0573534 0.99744 0.0427074 -0.0658822 0.0369013 -0.0448665 0.998311 -0.00433075 0.0 0.0 0.0 1.0
chess/seq-04/color/frame-000143.color.png chess/seq-04/color/frame-000146.color.png 0.995703 -0.0735418 -0.0562708 0.0842041 0.0766575 0.995519 0.0553712 -0.117645 0.0519465 -0.0594469 0.996879 -0.0237111 0.0 0.0 0.0 1.0
chess/seq-04/color/frame-000144.color.png chess/seq-04/color/frame-000147.color.png 0.9953 -0.0798067 -0.0548481 0.068056 0.0837187 0.993799 0.0731745 -0.156715 0.0486681 -0.0774224 0.99581 -0.0414586 0.0 0.0 0.0 1.0
chess/seq-04/color/frame-000145.color.png chess/seq-04/color/frame-000148.color.png 0.994447 -0.0856282 -0.061176 0.0762727 0.0895163 0.993932 0.0639252 -0.12994 0.0553309 -0.0690465 0.996078 -0.0338947 0.0 0.0 0.0 1.0
chess/seq-04/color/frame-000146.color.png chess/seq-04/color/frame-000149.color.png 0.995148 -0.084543 -0.0503216 0.0611438 0.0878541 0.993831 0.0676922 -0.151148 0.0442881 -0.0717848 0.996437 -0.0403154 0.0 0.0 0.0 1.0
chess/seq-04/color/frame-000147.color.png chess/seq-04/color/frame-000150.color.png 0.995323 -0.0744773 -0.0615234 0.113677 0.0795892 0.993171 0.0853067 -0.19844 0.0547499 -0.0898043 0.994453 -0.0551044 0.0 0.0 0.0 1.0
chess/seq-04/color/frame-000148.color.png chess/seq-04/color/frame-000151.color.png 0.994538 -0.0893309 -0.0539918 0.0710616 0.0928981 0.993376 0.0676291 -0.141866 0.0475928 -0.0722754 0.996248 -0.0419357 0.0 0.0 0.0 1.0
chess/seq-04/color/frame-000149.color.png chess/seq-04/color/frame-000152.color.png 0.994661 -0.0836113 -0.0604838 0.088065 0.0879041 0.99351 0.0721896 -0.158358 0.0540553 -0.0771209 0.995555 -0.0502462 0.0 0.0 0.0 1.0
chess/seq-04/color/frame-000150.color.png chess/seq-04/color/frame-000153.color.png 0.991507 -0.0979302 -0.0855765 0.138639 0.10583 0.990002 0.0932546 -0.228465 0.0755884 -0.101519 0.991958 -0.0573717 0.0 0.0 0.0 1.0
chess/seq-04/color/frame-000151.color.png chess/seq-04/color/frame-000154.color.png 0.986239 -0.126747 -0.106148 0.185857 0.134126 0.988797 0.0655079 -0.156236 0.0966561 -0.0788437 0.99219 -0.0252452 0.0 0.0 0.0 1.0
chess/seq-04/color/frame-000152.color.png chess/seq-04/color/frame-000155.color.png 0.989061 -0.130554 -0.0686635 0.0817525 0.136297 0.986846 0.0869389 -0.236023 0.0564102 -0.0953465 0.993845 -0.0745598 0.0 0.0 0.0 1.0
chess/seq-04/color/frame-000153.color.png chess/seq-04/color/frame-000156.color.png 0.989234 -0.130892 -0.0654455 0.0896953 0.137584 0.984232 0.111162 -0.293928 0.0498633 -0.11897 0.991645 -0.0739824 0.0 0.0 0.0 1.0
chess/seq-04/color/frame-000154.color.png chess/seq-04/color/frame-000157.color.png 0.982728 -0.170562 -0.0717968 0.0950022 0.178173 0.976894 0.118035 -0.301949 0.0500057 -0.128788 0.990411 -0.0599294 0.0 0.0 0.0 1.0
chess/seq-04/color/frame-000155.color.png chess/seq-04/color/frame-000158.color.png 0.989984 -0.133426 -0.0461314 0.0695494 0.137854 0.984093 0.112059 -0.282622 0.0304461 -0.117296 0.99263 -0.0445733 0.0 0.0 0.0 1.0
chess/seq-04/color/frame-000156.color.png chess/seq-04/color/frame-000159.color.png 0.989655 -0.139927 -0.0316706 0.054667 0.142863 0.981406 0.128187 -0.330345 0.0131449 -0.131386 0.991244 -0.0282534 0.0 0.0 0.0 1.0
chess/seq-04/color/frame-000157.color.png chess/seq-04/color/frame-000160.color.png 0.992082 -0.122126 -0.0293166 0.0556985 0.124188 0.988713 0.0838039 -0.214569 0.0187511 -0.0867811 0.996051 -0.0226794 0.0 0.0 0.0 1.0
chess/seq-04/color/frame-000158.color.png chess/seq-04/color/frame-000161.color.png 0.988987 -0.146948 -0.017614 0.0267957 0.14799 0.983257 0.106321 -0.269353 0.00169551 -0.107757 0.994176 -0.0131692 0.0 0.0 0.0 1.0
chess/seq-04/color/frame-000159.color.png chess/seq-04/color/frame-000162.color.png 0.992044 -0.125741 -0.00615459 0.0166335 0.125647 0.985895 0.110561 -0.288196 -0.00783435 -0.110455 0.99385 -0.00106215 0.0 0.0 0.0 1.0
chess/seq-04/color/frame-000160.color.png chess/seq-04/color/frame-000163.color.png 0.989425 -0.144808 -0.00824354 0.0453935 0.144886 0.984113 0.102613 -0.270986 -0.0067466 -0.102722 0.994687 0.00807834 0.0 0.0 0.0 1.0
chess/seq-04/color/frame-000161.color.png chess/seq-04/color/frame-000164.color.png 0.990798 -0.1332 0.0240324 -0.0117252 0.130681 0.987651 0.0864153 -0.254191 -0.035246 -0.0824795 0.995969 0.0322789 0.0 0.0 0.0 1.0
chess/seq-04/color/frame-000162.color.png chess/seq-04/color/frame-000165.color.png 0.995676 -0.0874025 0.0314583 -0.0184149 0.0850421 0.993926 0.0698454 -0.201301 -0.0373718 -0.0668681 0.997062 0.0422339 0.0 0.0 0.0 1.0
chess/seq-04/color/frame-000163.color.png chess/seq-04/color/frame-000166.color.png 0.994758 -0.0940048 0.0402489 -0.0327833 0.0916506 0.994169 0.056811 -0.161691 -0.0453546 -0.0528243 0.997573 0.0467854 0.0 0.0 0.0 1.0
chess/seq-04/color/frame-000164.color.png chess/seq-04/color/frame-000167.color.png 0.993469 -0.10318 0.0487103 -0.0451974 0.100502 0.993439 0.0545661 -0.173433 -0.0540211 -0.0493142 0.997321 0.0560423 0.0 0.0 0.0 1.0
chess/seq-04/color/frame-000165.color.png chess/seq-04/color/frame-000168.color.png 0.989796 -0.131447 0.0550141 -0.0467614 0.127751 0.989606 0.0660318 -0.218739 -0.063122 -0.0583299 0.9963 0.100341 0.0 0.0 0.0 1.0
chess/seq-04/color/frame-000166.color.png chess/seq-04/color/frame-000169.color.png 0.991711 -0.108594 0.0686805 -0.079427 0.104515 0.992685 0.0604474 -0.194098 -0.0747422 -0.0527682 0.995806 0.0637583 0.0 0.0 0.0 1.0
chess/seq-04/color/frame-000167.color.png chess/seq-04/color/frame-000170.color.png 0.992609 -0.10257 0.0648588 -0.0680304 0.0992207 0.993658 0.0529144 -0.178204 -0.069875 -0.046088 0.996491 0.0816194 0.0 0.0 0.0 1.0
chess/seq-04/color/frame-000168.color.png chess/seq-04/color/frame-000171.color.png 0.994244 -0.0891793 0.0593819 -0.0579771 0.0855279 0.99444 0.0614298 -0.194699 -0.0645299 -0.0559975 0.996343 0.0875906 0.0 0.0 0.0 1.0
chess/seq-04/color/frame-000169.color.png chess/seq-04/color/frame-000172.color.png 0.992527 -0.0979273 0.0728046 -0.0652027 0.0943281 0.994217 0.05134 -0.154655 -0.0774112 -0.0440887 0.996024 0.0888985 0.0 0.0 0.0 1.0
chess/seq-04/color/frame-000170.color.png chess/seq-04/color/frame-000173.color.png 0.995201 -0.0828669 0.0520507 -0.0258145 0.0804877 0.995682 0.046258 -0.147438 -0.055659 -0.0418464 0.997572 0.0873052 0.0 0.0 0.0 1.0
chess/seq-04/color/frame-000171.color.png chess/seq-04/color/frame-000174.color.png 0.996593 -0.062908 0.0533374 -0.0371386 0.0604225 0.997066 0.0469985 -0.140384 -0.0561375 -0.0436156 0.99747 0.0940523 0.0 0.0 0.0 1.0
chess/seq-04/color/frame-000172.color.png chess/seq-04/color/frame-000175.color.png 0.997255 -0.0582295 0.0457354 -0.032519 0.0563313 0.997539 0.04175 -0.112054 -0.0480538 -0.0390592 0.998081 0.060362 0.0 0.0 0.0 1.0
chess/seq-04/color/frame-000173.color.png chess/seq-04/color/frame-000176.color.png 0.998905 -0.0430657 0.0182718 0.0112824 0.0424831 0.998611 0.0311578 -0.0864062 -0.0195882 -0.0303475 0.999348 0.0386949 0.0 0.0 0.0 1.0
chess/seq-04/color/frame-000174.color.png chess/seq-04/color/frame-000177.color.png 0.999761 -0.0194774 0.0099394 0.0148196 0.0192056 0.999457 0.0267686 -0.0503171 -0.0104553 -0.0265713 0.999592 0.0279889 0.0 0.0 0.0 1.0
chess/seq-04/color/frame-000175.color.png chess/seq-04/color/frame-000178.color.png 0.999925 -0.0116015 0.00391067 0.0234802 0.0114999 0.99962 0.0250605 -0.0290205 -0.00420003 -0.0250136 0.999678 0.0158638 0.0 0.0 0.0 1.0
chess/seq-04/color/frame-000176.color.png chess/seq-04/color/frame-000179.color.png 0.999849 0.00794353 0.0154388 -2.30074e-05 -0.00831519 0.999674 0.024155 -0.00387642 -0.015242 -0.0242798 0.999589 0.0139242 0.0 0.0 0.0 1.0
chess/seq-04/color/frame-000177.color.png chess/seq-04/color/frame-000180.color.png 0.998251 0.0521377 0.0278748 -0.0177323 -0.0525714 0.998504 0.0150545 0.0630547 -0.0270481 -0.0164936 0.999498 0.0271989 0.0 0.0 0.0 1.0
chess/seq-04/color/frame-000178.color.png chess/seq-04/color/frame-000181.color.png 0.995825 0.0856533 0.0315448 -0.0226586 -0.0861459 0.996175 0.0146045 0.0996851 -0.0301732 -0.0172609 0.999395 0.0456916 0.0 0.0 0.0 1.0
chess/seq-04/color/frame-000179.color.png chess/seq-04/color/frame-000182.color.png 0.99547 0.0928187 0.0205924 0.0157319 -0.0928667 0.995678 0.00139161 0.136009 -0.0203743 -0.00329768 0.999787 0.0383943 0.0 0.0 0.0 1.0
