chess/seq-04/color/frame-000000.color.png chess/seq-04/color/frame-000002.color.png 1.0 0.000853898 -0.000231792 0.000951786 -0.000853746 0.999999 0.000653753 3.45469e-05 0.00023235 -0.000653555 1.0 -0.00142103 0.0 0.0 0.0 1.0
chess/seq-04/color/frame-000001.color.png chess/seq-04/color/frame-000003.color.png 0.999973 0.00714035 0.00189739 0.000524924 -0.00714113 0.999974 0.000407383 0.00123261 -0.00189443 -0.000420921 0.999998 -0.000970188 0.0 0.0 0.0 1.0
chess/seq-04/color/frame-000002.color.png chess/seq-04/color/frame-000004.color.png 0.99997 0.00769326 0.00105782 -0.000646875 -0.00769498 0.999969 0.00162945 0.000642269 -0.00104525 -0.00163754 0.999998 0.000856092 0.0 0.0 0.0 1.0
chess/seq-04/color/frame-000003.color.png chess/seq-04/color/frame-000005.color.png 0.999998 0.00177767 -0.00117226 -0.000389225 -0.00177653 0.999998 0.000968256 -0.0014536 0.00117398 -0.000966171 0.999999 0.000721599 0.0 0.0 0.0 1.0
chess/seq-04/color/frame-000004.color.png chess/seq-04/color/frame-000006.color.png 1.0 0.000128082 -0.000971108 0.000749774 -0.000128521 1.0 -0.000452452 0.00066281 0.00097105 0.000452576 0.999999 0.000736366 0.0 0.0 0.0 1.0
chess/seq-04/color/frame-000005.color.png chess/seq-04/color/frame-000007.color.png 0.999999 0.000642515 -0.00117995 0.000778499 -0.000641844 1.0 0.000570012 -0.000231023 0.00118032 -0.000569254 0.999999 0.000292308 0.0 0.0 0.0 1.0
chess/seq-04/color/frame-000006.color.png chess/seq-04/color/frame-000008.color.png 0.999995 -0.000694334 -0.00315493 0.00134599 0.000694206 1.0 -4.20985e-05 0.0006362 0.00315496 3.9908e-05 0.999995 0.000252557 0.0 0.0 0.0 1.0
chess/seq-04/color/frame-000007.color.png chess/seq-04/color/frame-000009.color.png 0.999997 -0.00021358 -0.00231803 0.000902543 0.00021323 1.0 -0.00015225 0.00338682 0.00231806 0.000151755 0.999997 0.00199306 0.0 0.0 0.0 1.0
chess/seq-04/color/frame-000008.color.png chess/seq-04/color/frame-000010.color.png 0.999995 0.00267837 -0.00175599 0.00164203 -0.00267431 0.999994 0.00230837 -0.00011247 0.00176216 -0.00230366 0.999996 0.00290175 0.0 0.0 0.0 1.0
chess/seq-04/color/frame-000009.color.png chess/seq-04/color/frame-000011.color.png 0.999998 0.00155075 -0.00143259 0.00173985 -0.00154952 0.999999 0.000859172 -0.00238942 0.00143392 -0.000856951 0.999998 0.00177461 0.0 0.0 0.0 1.0
chess/seq-04/color/frame-000010.color.png chess/seq-04/color/frame-000012.color.png 1.0 0.000144744 -0.000606201 0.00164913 -0.00014568 0.999999 -0.00154315 -0.0014564 0.000605976 0.00154324 0.999999 0.000201478 0.0 0.0 0.0 1.0
chess/seq-04/color/frame-000011.color.png chess/seq-04/color/frame-000013.color.png 0.999999 0.00125454 -0.00112868 0.00266142 -0.00125674 0.999997 -0.00195823 0.00101615 0.00112622 0.00195965 0.999997 -0.000879896 0.0 0.0 0.0 1.0
chess/seq-04/color/frame-000012.color.png chess/seq-04/color/frame-000014.color.png 0.999995 0.00282343 -0.00125623 0.00198099 -0.00282408 0.999996 -0.000515922 0.00289594 0.00125477 0.000519467 0.999999 0.000127014 0.0 0.0 0.0 1.0
chess/seq-04/color/frame-000013.color.png chess/seq-04/color/frame-000015.color.png 0.999979 0.00654222 4.51451e-05 0.00198575 -0.00654231 0.999976 0.00238593 -0.000833089 -2.95358e-05 -0.00238617 0.999997 0.000653622 0.0 0.0 0.0 1.0
chess/seq-04/color/frame-000014.color.png chess/seq-04/color/frame-000016.color.png 0.99997 0.00774946 -0.000300947 0.00273246 -0.0077491 0.999969 0.00118515 0.00082476 0.000310121 -0.00118278 0.999999 -0.000140639 0.0 0.0 0.0 1.0
chess/seq-04/color/frame-000015.color.png chess/seq-04/color/frame-000017.color.png 0.999951 0.00985114 -0.000946731 0.00366127 -0.00985044 0.999951 0.000750776 0.00113316 0.000954081 -0.000741413 0.999999 0.00276688 0.0 0.0 0.0 1.0
chess/seq-04/color/frame-000016.color.png chess/seq-04/color/frame-000018.color.png 0.999953 0.00964312 0.00102252 0.00205815 -0.00964377 0.999953 0.000634894 -0.00150221 -0.00101634 -0.000644725 0.999999 0.00158293 0.0 0.0 0.0 1.0
chess/seq-04/color/frame-000017.color.png chess/seq-04/color/frame-000019.color.png 0.999984 0.00554967 0.000806238 0.00197129 -0.00554904 0.999984 -0.000780425 -0.000419358 -0.000810556 0.000775939 0.999999 -0.000954573 0.0 0.0 0.0 1.0
chess/seq-04/color/frame-000018.color.png chess/seq-04/color/frame-000020.color.png 0.999972 0.00714181 -0.00222839 0.0062161 -0.00714604 0.999973 -0.00189626 -0.00128691 0.00221478 0.00191213 0.999996 -0.00087475 0.0 0.0 0.0 1.0
chess/seq-04/color/frame-000019.color.png chess/seq-04/color/frame-000021.color.png 0.999968 0.0079234 -0.00141916 0.00523396 -0.00792677 0.999966 -0.00238018 0.000368988 0.00140025 0.00239136 0.999996 0.000362371 0.0 0.0 0.0 1.0
chess/seq-04/color/frame-000020.color.png chess/seq-04/color/frame-000022.color.png 0.999739 0.0225504 0.0035478 0.00990758 -0.0225571 0.999744 0.00185661 -0.00163228 -0.00350502 -0.00193616 0.999992 -8.41776e-06 0.0 0.0 0.0 1.0
chess/seq-04/color/frame-000021.color.png chess/seq-04/color/frame-000023.color.png 0.999516 0.0306038 0.00553554 0.0124746 -0.0306246 0.999524 0.00370931 -0.00280987 -0.00541939 -0.00387704 0.999978 -0.00223983 0.0 0.0 0.0 1.0
chess/seq-04/color/frame-000022.color.png chess/seq-04/color/frame-000024.color.png 0.999096 0.0414415 0.00942236 0.00534866 -0.0414645 0.999137 0.00226745 -0.00119468 -0.00932026 -0.0026561 0.999953 -0.000247787 0.0 0.0 0.0 1.0
chess/seq-04/color/frame-000023.color.png chess/seq-04/color/frame-000025.color.png 0.998984 0.0444046 0.00775966 0.00801656 -0.0444221 0.999011 0.00209765 -0.00383039 -0.00765884 -0.00244021 0.999968 0.000192855 0.0 0.0 0.0 1.0
chess/seq-04/color/frame-000024.color.png chess/seq-04/color/frame-000026.color.png 0.998928 0.0451825 0.0100801 0.00907681 -0.0452301 0.998966 0.00454325 -0.00126525 -0.00986444 -0.00499431 0.999939 -0.00456422 0.0 0.0 0.0 1.0
chess/seq-04/color/frame-000025.color.png chess/seq-04/color/frame-000027.color.png 0.998868 0.0456547 0.0133386 0.0118314 -0.0457696 0.998916 0.00843109 0.00479346 -0.0129392 -0.00903205 0.999875 -0.00422401 0.0 0.0 0.0 1.0
chess/seq-04/color/frame-000026.color.png chess/seq-04/color/frame-000028.color.png 0.998809 0.0445424 0.0199038 0.0119318 -0.044918 0.998813 0.0188361 -0.00505546 -0.0190412 -0.0197077 0.999624 -0.0014054 0.0 0.0 0.0 1.0
chess/seq-04/color/frame-000027.color.png chess/seq-04/color/frame-000029.color.png 0.99866 0.047067 0.0215279 0.00463854 -0.0475121 0.998657 0.0206563 -0.00892121 -0.0205268 -0.0216514 0.999555 0.000468539 0.0 0.0 0.0 1.0
chess/seq-04/color/frame-000028.color.png chess/seq-04/color/frame-000030.color.png 0.998151 0.0600158 0.00967491 0.00998662 -0.0601857 0.998019 0.0183418 -0.00716362 -0.00855496 -0.0188902 0.999785 -0.00300992 0.0 0.0 0.0 1.0
chess/seq-04/color/frame-000029.color.png chess/seq-04/color/frame-000031.color.png 0.997325 0.0725375 0.00905042 0.0128924 -0.0726997 0.997171 0.0190993 -0.00749888 -0.00763939 -0.0197062 0.999777 -0.000951316 0.0 0.0 0.0 1.0
chess/seq-04/color/frame-000030.color.png chess/seq-04/color/frame-000032.color.png 0.995373 0.0931492 0.023566 0.011883 -0.0935912 0.995441 0.0184004 -0.00672464 -0.0217446 -0.0205208 0.999553 0.00412276 0.0 0.0 0.0 1.0
chess/seq-04/color/frame-000031.color.png chess/seq-04/color/frame-000033.color.png 0.995348 0.0902758 0.0336648 0.00165051 -0.0909108 0.995699 0.0178302 -0.0101316 -0.0319104 -0.0208077 0.999274 -0.00263532 0.0 0.0 0.0 1.0
chess/seq-04/color/frame-000032.color.png chess/seq-04/color/frame-000034.color.png 0.997398 0.0668239 0.0270565 -0.00308597 -0.0672344 0.997631 0.0145589 -0.022036 -0.0260195 -0.0163401 0.999528 -0.00424079 0.0 0.0 0.0 1.0
chess/seq-04/color/frame-000033.color.png chess/seq-04/color/frame-000035.color.png 0.99744 0.0692769 0.0177179 0.000839047 -0.069428 0.997554 0.00805953 -0.0262473 -0.0171163 -0.00926902 0.999811 -0.000395592 0.0 0.0 0.0 1.0
chess/seq-04/color/frame-000034.color.png chess/seq-04/color/frame-000036.color.png 0.998896 0.0464709 0.00686425 0.00237259 -0.0464898 0.998915 0.00261247 -0.0169993 -0.00673539 -0.0029287 0.999973 -0.00131258 0.0 0.0 0.0 1.0
chess/seq-04/color/frame-000035.color.png chess/seq-04/color/frame-000037.color.png 0.998536 0.0533375 0.00902375 0.0067631 -0.0533657 0.998571 0.00291545 -0.0187688 -0.00885533 -0.00339272 0.999955 -0.00220933 0.0 0.0 0.0 1.0
chess/seq-04/color/frame-000036.color.png chess/seq-04/color/frame-000038.color.png 0.996332 0.0801394 0.0300102 0.00588338 -0.0802911 0.996764 0.00388383 -0.0296319 -0.0296019 -0.00627915 0.999542 -0.00627144 0.0 0.0 0.0 1.0
chess/seq-04/color/frame-000037.color.png chess/seq-04/color/frame-000039.color.png 0.994779 0.0880606 0.0515795 -0.00815577 -0.0885382 0.996048 0.00704254 -0.0286732 -0.0507555 -0.0115725 0.998644 0.00852031 0.0 0.0 0.0 1.0
chess/seq-04/color/frame-000038.color.png chess/seq-04/color/frame-000040.color.png 0.997326 0.0603014 0.0412917 -0.0108266 -0.0606204 0.99814 0.00651901 -0.0159294 -0.0408218 -0.00900473 0.999126 0.0110621 0.0 0.0 0.0 1.0
chess/seq-04/color/frame-000039.color.png chess/seq-04/color/frame-000041.color.png 0.998605 0.0385949 0.0360334 -0.00814204 -0.0389923 0.999185 0.0103965 -0.0161803 -0.0356028 -0.011787 0.999297 0.010897 0.0 0.0 0.0 1.0
chess/seq-04/color/frame-000040.color.png chess/seq-04/color/frame-000042.color.png 0.999178 0.0178213 0.0364061 -0.0185057 -0.0181715 0.999792 0.0093059 -0.0167577 -0.0362326 -0.00995977 0.999294 0.0200729 0.0 0.0 0.0 1.0
chess/seq-04/color/frame-000041.color.png chess/seq-04/color/frame-000043.color.png 0.999815 -0.0116217 0.0153266 -0.0226759 0.0115847 0.99993 0.0024964 -0.011286 -0.0153546 -0.0023184 0.999879 0.0172896 0.0 0.0 0.0 1.0
chess/seq-04/color/frame-000042.color.png chess/seq-04/color/frame-000044.color.png 0.999678 -0.0249516 -0.00470177 -0.0373094 0.0249426 0.999687 -0.00197885 -0.020018 0.00474967 0.00186093 0.999987 0.0206209 0.0 0.0 0.0 1.0
chess/seq-04/color/frame-000043.color.png chess/seq-04/color/frame-000045.color.png 0.998305 -0.0518497 -0.0264507 -0.0564224 0.0516521 0.998632 -0.00809975 -0.0270751 0.0268345 0.00671979 0.999617 0.0385265 0.0 0.0 0.0 1.0
chess/seq-04/color/frame-000044.color.png chess/seq-04/color/frame-000046.color.png 0.998088 -0.0531662 -0.0315139 -0.0261545 0.0529502 0.998568 -0.00765034 -0.0129648 0.0318755 0.00596707 0.999474 0.0230488 0.0 0.0 0.0 1.0
chess/seq-04/color/frame-000045.color.png chess/seq-04/color/frame-000047.color.png 0.998513 -0.0511922 -0.0187636 -0.0311444 0.0510753 0.998673 -0.00665574 -0.00410481 0.0190794 0.00568748 0.999802 0.0320395 0.0 0.0 0.0 1.0
chess/seq-04/color/frame-000046.color.png chess/seq-04/color/frame-000048.color.png 0.996281 -0.0812094 -0.0288091 -0.0656975 0.0808322 0.996629 -0.0140248 -0.00676411 0.0298509 0.0116439 0.999486 0.0508369 0.0 0.0 0.0 1.0
chess/seq-04/color/frame-000047.color.png chess/seq-04/color/frame-000049.color.png 0.996092 -0.0794761 -0.0385254 -0.0384432 0.078867 0.996739 -0.0170852 -0.0031434 0.0397576 0.01398 0.999112 0.0348946 0.0 0.0 0.0 1.0
chess/seq-04/color/frame-000048.color.png chess/seq-04/color/frame-000050.color.png 0.996393 -0.074472 -0.0406866 -0.0176589 0.0742099 0.997211 -0.00791475 -0.0246601 0.0411626 0.00486686 0.999141 0.0186057 0.0 0.0 0.0 1.0
chess/seq-04/color/frame-000049.color.png chess/seq-04/color/frame-000051.color.png 0.995835 -0.0854039 -0.0319339 -0.0379671 0.0850121 0.996289 -0.013433 -0.0264095 0.0329626 0.0106623 0.9994 0.0235205 0.0 0.0 0.0 1.0
chess/seq-04/color/frame-000050.color.png chess/seq-04/color/frame-000052.color.png 0.995826 -0.0868814 -0.0279664 -0.0412419 0.0862014 0.995972 -0.0246686 0.00424361 0.029997 0.0221548 0.999304 0.0391629 0.0 0.0 0.0 1.0
chess/seq-04/color/frame-000051.color.png chess/seq-04/color/frame-000053.color.png 0.997092 -0.0707357 -0.0283671 -0.0268295 0.0703093 0.997401 -0.0157553 0.00424662 0.0294079 0.013715 0.999473 0.0239122 0.0 0.0 0.0 1.0
chess/seq-04/color/frame-000052.color.png chess/seq-04/color/frame-000054.color.png 0.997967 -0.0600341 -0.0213871 -0.0207086 0.0598744 0.998174 -0.00803434 -0.00147927 0.0218303 0.00673747 0.999739 0.0202545 0.0 0.0 0.0 1.0
chess/seq-04/color/frame-000053.color.png chess/seq-04/color/frame-000055.color.png 0.997172 -0.0743955 -0.0106212 -0.0297246 0.0742823 0.99718 -0.0106771 0.00387827 0.0113856 0.00985799 0.999887 0.0216587 0.0 0.0 0.0 1.0
chess/seq-04/color/frame-000054.color.png chess/seq-04/color/frame-000056.color.png 0.998248 -0.058759 0.00691388 -0.0418135 0.0587793 0.998267 -0.00277595 -0.00468147 -0.0067388 0.00317748 0.999972 0.0134764 0.0 0.0 0.0 1.0
chess/seq-04/color/frame-000055.color.png chess/seq-04/color/frame-000057.color.png 0.997962 -0.0636683 0.00424919 -0.0446892 0.0636448 0.997958 0.00545834 -0.000169933 -0.00458804 -0.0051768 0.999976 0.0171933 0.0 0.0 0.0 1.0
chess/seq-04/color/frame-000056.color.png chess/seq-04/color/frame-000058.color.png 0.997128 -0.0757028 -0.00235331 -0.0429411 0.0757131 0.997119 0.00466115 0.00657058 0.00199366 -0.00482594 0.999986 0.014576 0.0 0.0 0.0 1.0
chess/seq-04/color/frame-000057.color.png chess/seq-04/color/frame-000059.color.png 0.996733 -0.08041 -0.00763792 -0.0345533 0.0804489 0.996746 0.00492787 0.00771707 0.00721683 -0.00552624 0.999959 0.0101636 0.0 0.0 0.0 1.0
chess/seq-04/color/frame-000058.color.png chess/seq-04/color/frame-000060.color.png 0.997134 -0.0753893 -0.00640199 -0.0385134 0.0754304 0.99713 0.00644787 0.00258887 0.00589751 -0.0069123 0.999959 0.0106322 0.0 0.0 0.0 1.0
chess/seq-04/color/frame-000059.color.png chess/seq-04/color/frame-000061.color.png 0.99581 -0.0903534 -0.0140718 -0.0522515 0.0903832 0.995906 0.00149504 -0.00554913 0.0138791 -0.00276064 0.9999 0.0106297 0.0 0.0 0.0 1.0
chess/seq-04/color/frame-000060.color.png chess/seq-04/color/frame-000062.color.png 0.994792 -0.0991112 -0.0237753 -0.048308 0.0990155 0.995073 -0.00517264 3.04878e-05 0.0241708 0.0027916 0.999704 0.0107204 0.0 0.0 0.0 1.0
chess/seq-04/color/frame-000061.color.png chess/seq-04/color/frame-000063.color.png 0.994191 -0.101719 -0.0351895 -0.0412642 0.101183 0.994728 -0.0166962 0.0130492 0.0367023 0.0130386 0.999241 0.0204647 0.0 0.0 0.0 1.0
chess/seq-04/color/frame-000062.color.png chess/seq-04/color/frame-000064.color.png 0.993805 -0.104443 -0.0380021 -0.0391253 0.104157 0.994516 -0.00942508 -0.00123221 0.0387781 0.0054085 0.999233 0.0128193 0.0 0.0 0.0 1.0
chess/seq-04/color/frame-000063.color.png chess/seq-04/color/frame-000065.color.png 0.996689 -0.0751068 -0.0311375 -0.0178933 0.0749738 0.997171 -0.00541913 0.00161293 0.0314565 0.00306669 0.9995 0.00803909 0.0 0.0 0.0 1.0
chess/seq-04/color/frame-000064.color.png chess/seq-04/color/frame-000066.color.png 0.994449 -0.0939913 -0.0473041 -0.0118668 0.0937555 0.995569 -0.00718276 0.0147396 0.0477696 0.00270788 0.998855 0.0114319 0.0 0.0 0.0 1.0
chess/seq-04/color/frame-000065.color.png chess/seq-04/color/frame-000067.color.png 0.995739 -0.07908 -0.0474358 0.0015088 0.0791725 0.996861 6.99906e-05 0.00904012 0.0472813 -0.0038253 0.998874 0.0111526 0.0 0.0 0.0 1.0
chess/seq-04/color/frame-000066.color.png chess/seq-04/color/frame-000068.color.png 0.997862 -0.0581534 -0.0298165 0.00460209 0.0582639 0.998297 0.0028545 -0.000819266 0.0295997 -0.00458564 0.999551 0.0102549 0.0 0.0 0.0 1.0
chess/seq-04/color/frame-000067.color.png chess/seq-04/color/frame-000069.color.png 0.997466 -0.0683409 -0.01975 -0.00805207 0.0685734 0.997582 0.0113421 -0.0101157 0.0189271 -0.0126677 0.999741 0.0029562 0.0 0.0 0.0 1.0
chess/seq-04/color/frame-000068.color.png chess/seq-04/color/frame-000070.color.png 0.998319 -0.0563982 -0.0133273 -0.00418326 0.0565283 0.998355 0.009592 -0.0110796 0.0127644 -0.0103292 0.999865 -0.00256233 0.0 0.0 0.0 1.0
chess/seq-04/color/frame-000069.color.png chess/seq-04/color/frame-000071.color.png 0.997129 -0.0734669 -0.0183237 -0.0140425 0.0733514 0.997282 -0.00690046 0.00326541 0.0187809 0.00553658 0.999808 0.00082621 0.0 0.0 0.0 1.0
chess/seq-04/color/frame-000070.color.png chess/seq-04/color/frame-000072.color.png 0.997262 -0.0721478 -0.0162139 -0.0319382 0.0720493 0.997379 -0.00658324 0.0034726 0.0166463 0.00539703 0.999847 0.00728872 0.0 0.0 0.0 1.0
chess/seq-04/color/frame-000071.color.png chess/seq-04/color/frame-000073.color.png 0.99642 -0.0791742 -0.0296349 0.00935337 0.0789214 0.996835 -0.00960745 0.0128585 0.0303017 0.00723421 0.999515 0.014118 0.0 0.0 0.0 1.0
chess/seq-04/color/frame-000072.color.png chess/seq-04/color/frame-000074.color.png 0.995834 -0.0890281 -0.0197394 0.0257216 0.0887444 0.995944 -0.0148044 0.025384 0.0209774 0.012991 0.999696 0.026063 0.0 0.0 0.0 1.0
chess/seq-04/color/frame-000073.color.png chess/seq-04/color/frame-000075.color.png 0.998862 -0.0467182 0.00963181 0.0170007 0.0467367 0.998906 -0.00171324 -0.00526041 -0.00954121 0.00216147 0.999952 -0.00103527 0.0 0.0 0.0 1.0
chess/seq-04/color/frame-000074.color.png chess/seq-04/color/frame-000076.color.png 0.998571 -0.0446728 0.029346 0.00953356 0.0448605 0.998977 -0.00575972 0.00944564 -0.0290587 0.00706796 0.999553 0.000422582 0.0 0.0 0.0 1.0
chess/seq-04/color/frame-000075.color.png chess/seq-04/color/frame-000077.color.png 0.996995 -0.0647339 0.0425427 0.0154174 0.0651632 0.997836 -0.00877779 0.0329345 -0.0418824 0.0115237 0.999056 0.012375 0.0 0.0 0.0 1.0
chess/seq-04/color/frame-000076.color.png chess/seq-04/color/frame-000078.color.png 0.997421 -0.0460517 0.0550426 0.0084927 0.0453922 0.998882 0.0131712 0.0206267 -0.0555877 -0.0106387 0.998397 -0.00244257 0.0 0.0 0.0 1.0
chess/seq-04/color/frame-000077.color.png chess/seq-04/color/frame-000079.color.png 0.998742 -0.0286825 0.041138 0.014783 0.0278826 0.999413 0.0198871 0.0101918 -0.0416843 -0.018715 0.998955 0.00960438 0.0 0.0 0.0 1.0
chess/seq-04/color/frame-000078.color.png chess/seq-04/color/frame-000080.color.png 0.999389 -0.025634 0.023748 0.0445959 0.0253071 0.999582 0.0139651 0.00536224 -0.024096 -0.0133555 0.99962 0.0114291 0.0 0.0 0.0 1.0
chess/seq-04/color/frame-000079.color.png chess/seq-04/color/frame-000081.color.png 0.999165 -0.00808866 0.0400619 0.0531793 0.00740525 0.999825 0.0171767 -0.00410458 -0.0401939 -0.0168657 0.99905 0.00994089 0.0 0.0 0.0 1.0
chess/seq-04/color/frame-000080.color.png chess/seq-04/color/frame-000082.color.png 0.999153 0.0106217 0.0397521 0.044444 -0.0110178 0.999892 0.00975939 0.00823537 -0.0396441 -0.0101891 0.999162 0.0217003 0.0 0.0 0.0 1.0
chess/seq-04/color/frame-000081.color.png chess/seq-04/color/frame-000083.color.png 0.999515 0.0233196 0.0206304 0.0584811 -0.023591 0.999637 0.0130038 0.0177683 -0.0203197 -0.0134842 0.999703 0.0179324 0.0 0.0 0.0 1.0
chess/seq-04/color/frame-000082.color.png chess/seq-04/color/frame-000084.color.png 0.999523 0.0262626 0.016247 0.050246 -0.0265683 0.999469 0.0188939 0.00416109 -0.0157421 -0.0193165 0.99969 0.0092293 0.0 0.0 0.0 1.0
chess/seq-04/color/frame-000083.color.png chess/seq-04/color/frame-000085.color.png 0.998572 0.0437658 0.0306355 0.0410576 -0.0444152 0.998796 0.0208504 0.00619742 -0.0296861 -0.0221813 0.999313 0.00924394 0.0 0.0 0.0 1.0
chess/seq-04/color/frame-000084.color.png chess/seq-04/color/frame-000086.color.png 0.997613 0.0642658 0.0252769 0.0527408 -0.0650125 0.997436 0.0299219 -0.000192791 -0.0232891 -0.0314937 0.999233 0.00619146 0.0 0.0 0.0 1.0
chess/seq-04/color/frame-000085.color.png chess/seq-04/color/frame-000087.color.png 0.998068 0.0616121 -0.0080079 0.0565833 -0.0613099 0.99755 0.0336847 -0.00541982 0.0100637 -0.0331287 0.9994 0.0146764 0.0 0.0 0.0 1.0
chess/seq-04/color/frame-000086.color.png chess/seq-04/color/frame-000088.color.png 0.998211 0.0584332 -0.0126545 0.0535879 -0.058041 0.997881 0.0294104 -0.00706151 0.0143462 -0.0286233 0.999487 0.00929886 0.0 0.0 0.0 1.0
chess/seq-04/color/frame-000087.color.png chess/seq-04/color/frame-000089.color.png 0.997016 0.0763581 0.0113447 0.0536285 -0.0766492 0.996667 0.027925 0.00135338 -0.00917456 -0.0287113 0.999546 0.0229874 0.0 0.0 0.0 1.0
chess/seq-04/color/frame-000088.color.png chess/seq-04/color/frame-000090.color.png 0.994839 0.0986268 0.0238363 0.053227 -0.0993831 0.994503 0.0329536 -0.00595936 -0.0204552 -0.0351525 0.999173 0.0305306 0.0 0.0 0.0 1.0
chess/seq-04/color/frame-000089.color.png chess/seq-04/color/frame-000091.color.png 0.995594 0.0913605 0.0211024 0.0276207 -0.0919032 0.995419 0.0263697 -0.00762865 -0.0185966 -0.0281929 0.99943 0.0333041 0.0 0.0 0.0 1.0
chess/seq-04/color/frame-000090.color.png chess/seq-04/color/frame-000092.color.png 0.99764 0.068346 0.00662749 0.034343 -0.0684498 0.997511 0.0169508 -0.00342059 -0.00545248 -0.0173645 0.999834 0.030145 0.0 0.0 0.0 1.0
chess/seq-04/color/frame-000091.color.png chess/seq-04/color/frame-000093.color.png 0.996687 0.0806724 0.0103586 0.0420804 -0.0808994 0.996439 0.0237711 -0.00207064 -0.00840408 -0.0245303 0.999664 0.0300098 0.0 0.0 0.0 1.0
chess/seq-04/color/frame-000092.color.png chess/seq-04/color/frame-000094.color.png 0.995298 0.0943275 0.022005 0.03609 -0.094883 0.995156 0.025734 -0.00370485 -0.019471 -0.0277009 0.999427 0.0344292 0.0 0.0 0.0 1.0
chess/seq-04/color/frame-000093.color.png chess/seq-04/color/frame-000095.color.png 0.99694 0.0743946 0.0239812 0.024663 -0.0746596 0.997155 0.0103496 0.000460982 -0.023143 -0.0121084 0.999659 0.0283344 0.0 0.0 0.0 1.0
chess/seq-04/color/frame-000094.color.png chess/seq-04/color/frame-000096.color.png 0.99381 0.107066 0.0296314 0.0397858 -0.107595 0.994052 0.0168729 -0.00724709 -0.0276486 -0.0199568 0.999418 0.0361807 0.0 0.0 0.0 1.0
chess/seq-04/color/frame-000095.color.png chess/seq-04/color/frame-000097.color.png 0.994772 0.0983238 0.0275824 0.0247846 -0.0988267 0.994951 0.0175033 -0.00927272 -0.0257221 -0.0201377 0.999466 0.0455587 0.0 0.0 0.0 1.0
chess/seq-04/color/frame-000096.color.png chess/seq-04/color/frame-000098.color.png 0.998623 0.0521021 0.00602376 0.0166593 -0.0521231 0.998635 0.00338527 0.00544044 -0.00583913 -0.00369457 0.999976 0.0335431 0.0 0.0 0.0 1.0
chess/seq-04/color/frame-000097.color.png chess/seq-04/color/frame-000099.color.png 0.998612 0.0525186 -0.00402383 0.0214288 -0.0524925 0.998601 0.00634667 -0.000638813 0.0043515 -0.00612667 0.999972 0.0212792 0.0 0.0 0.0 1.0
chess/seq-04/color/frame-000098.color.png chess/seq-04/color/frame-000100.color.png 0.99642 0.0845385 -0.000963336 0.0394909 -0.0845164 0.996321 0.0141667 -0.00449848 0.00215739 -0.0140345 0.999899 0.0414156 0.0 0.0 0.0 1.0
chess/seq-04/color/frame-000099.color.png chess/seq-04/color/frame-000101.color.png 0.996063 0.0886462 0.000524378 0.0415991 -0.0886458 0.995984 0.0125288 -0.00579518 0.000588385 -0.0125259 0.999922 0.0444477 0.0 0.0 0.0 1.0
chess/seq-04/color/frame-000100.color.png chess/seq-04/color/frame-000102.color.png 0.998507 0.0537592 -0.0097386 0.0299691 -0.0537437 0.998553 0.0018447 -0.00121945 0.00982365 -0.00131857 0.999951 0.0310022 0.0 0.0 0.0 1.0
chess/seq-04/color/frame-000101.color.png chess/seq-04/color/frame-000103.color.png 0.998496 0.0527296 -0.0149921 0.031425 -0.0527585 0.998606 -0.00153942 0.00352836 0.01489 0.00232806 0.999886 0.0261967 0.0 0.0 0.0 1.0
chess/seq-04/color/frame-000102.color.png chess/seq-04/color/frame-000104.color.png 0.998461 0.0522897 -0.0184547 0.0388299 -0.0522909 0.998632 0.000421148 0.00320077 0.0184516 0.000544553 0.99983 0.0264676 0.0 0.0 0.0 1.0
chess/seq-04/color/frame-000103.color.png chess/seq-04/color/frame-000105.color.png 0.996688 0.078821 -0.0200015 0.0574184 -0.0788136 0.996889 0.00115869 0.00993642 0.0200306 0.000421527 0.999799 0.0426679 0.0 0.0 0.0 1.0
chess/seq-04/color/frame-000104.color.png chess/seq-04/color/frame-000106.color.png 0.996495 0.0821994 -0.0155248 0.0556011 -0.0821148 0.996605 0.0060154 0.00556156 0.0159665 -0.00471951 0.999861 0.0351985 0.0 0.0 0.0 1.0
chess/seq-04/color/frame-000105.color.png chess/seq-04/color/frame-000107.color.png 0.99829 0.0577345 -0.00912501 0.0347335 -0.0576438 0.998288 0.0099092 -0.00557265 0.0096815 -0.00936623 0.999909 0.023378 0.0 0.0 0.0 1.0
chess/seq-04/color/frame-000106.color.png chess/seq-04/color/frame-000108.color.png 0.998903 0.046111 -0.00811254 0.0298791 -0.0460862 0.998932 0.00322319 0.00738978 0.0082525 -0.00284579 0.999962 0.0268191 0.0 0.0 0.0 1.0
chess/seq-04/color/frame-000107.color.png chess/seq-04/color/frame-000109.color.png 0.998811 0.0478895 -0.00910332 0.0339444 -0.0478498 0.998844 0.00453985 0.00421563 0.0093102 -0.00409891 0.999948 0.0273701 0.0 0.0 0.0 1.0
chess/seq-04/color/frame-000108.color.png chess/seq-04/color/frame-000110.color.png 0.996554 0.0815328 -0.0152733 0.0561501 -0.0815952 0.996659 -0.00350652 0.00901026 0.0149364 0.00474065 0.999877 0.0437284 0.0 0.0 0.0 1.0
chess/seq-04/color/frame-000109.color.png chess/seq-04/color/frame-000111.color.png 0.996846 0.0779456 -0.0149019 0.048775 -0.0781746 0.99682 -0.0154596 0.0195089 0.0136495 0.0165758 0.999769 0.0496023 0.0 0.0 0.0 1.0
chess/seq-04/color/frame-000110.color.png chess/seq-04/color/frame-000112.color.png 0.997636 0.0630025 -0.0274576 0.0635897 -0.0636207 0.997726 -0.022249 0.0204728 0.0259934 0.0239433 0.999375 0.0355571 0.0 0.0 0.0 1.0
chess/seq-04/color/frame-000111.color.png chess/seq-04/color/frame-000113.color.png 0.997671 0.0596373 -0.0331102 0.0729654 -0.0603818 0.997934 -0.021956 0.0252727 0.0317324 0.0239041 0.99921 0.0287957 0.0 0.0 0.0 1.0
chess/seq-04/color/frame-000112.color.png chess/seq-04/color/frame-000114.color.png 0.998354 0.0511019 -0.0260338 0.0587445 -0.0513943 0.998621 -0.0106928 0.0216099 0.0254515 0.0120132 0.999604 0.0196695 0.0 0.0 0.0 1.0
chess/seq-04/color/frame-000113.color.png chess/seq-04/color/frame-000115.color.png 0.995339 0.0902928 -0.0338706 0.0883031 -0.0908222 0.995763 -0.0144288 0.0358857 0.0324242 0.0174378 0.999322 0.0328977 0.0 0.0 0.0 1.0
chess/seq-04/color/frame-000114.color.png chess/seq-04/color/frame-000116.color.png 0.995282 0.09041 -0.0351988 0.0860739 -0.0910156 0.995721 -0.0159967 0.0363627 0.0336019 0.0191249 0.999252 0.0321978 0.0 0.0 0.0 1.0
chess/seq-04/color/frame-000115.color.png chess/seq-04/color/frame-000117.color.png 0.99512 0.079253 -0.0587732 0.103009 -0.0810466 0.996295 -0.0287849 0.0509495 0.0562741 0.0334078 0.997856 0.0310085 0.0 0.0 0.0 1.0
chess/seq-04/color/frame-000116.color.png chess/seq-04/color/frame-000118.color.png 0.995162 0.0705262 -0.0684066 0.109063 -0.0729682 0.996759 -0.0338789 0.0591188 0.0657955 0.0387065 0.997082 0.0261903 0.0 0.0 0.0 1.0
chess/seq-04/color/frame-000117.color.png chess/seq-04/color/frame-000119.color.png 0.996541 0.0613833 -0.0560107 0.11451 -0.0624353 0.9979 -0.0172247 0.0329741 0.0548358 0.0206622 0.998282 0.00842261 0.0 0.0 0.0 1.0
chess/seq-04/color/frame-000118.color.png chess/seq-04/color/frame-000120.color.png 0.99544 0.0730231 -0.0613832 0.137626 -0.0741486 0.997115 -0.016262 0.0355503 0.0600186 0.0207394 0.997982 0.0133119 0.0 0.0 0.0 1.0
chess/seq-04/color/frame-000119.color.png chess/seq-04/color/frame-000121.color.png 0.997771 0.0455229 -0.0487875 0.104226 -0.0459882 0.998906 -0.00845717 0.0282389 0.0483491 0.010682 0.998773 0.001279 0.0 0.0 0.0 1.0
chess/seq-04/color/frame-000120.color.png chess/seq-04/color/frame-000122.color.png 0.998214 0.0456693 -0.0385117 0.108742 -0.0454265 0.998942 0.00715948 0.00220266 0.0387979 -0.00539724 0.999233 -0.00724429 0.0 0.0 0.0 1.0
chess/seq-04/color/frame-000121.color.png chess/seq-04/color/frame-000123.color.png 0.997663 0.0451655 -0.051267 0.128724 -0.0449758 0.998976 0.00484889 0.00284708 0.0514335 -0.00253179 0.998673 -0.00779808 0.0 0.0 0.0 1.0
chess/seq-04/color/frame-000122.color.png chess/seq-04/color/frame-000124.color.png 0.998659 0.0208725 -0.0473769 0.100727 -0.0209666 0.999779 -0.00149193 0.0083614 0.0473354 0.00248326 0.998876 -0.0105412 0.0 0.0 0.0 1.0
chess/seq-04/color/frame-000123.color.png chess/seq-04/color/frame-000125.color.png 0.998739 0.0404409 -0.0297583 0.103641 -0.0405576 0.999172 -0.00333612 0.0162989 0.0295988 0.00453887 0.999552 -0.00887406 0.0 0.0 0.0 1.0
chess/seq-04/color/frame-000124.color.png chess/seq-04/color/frame-000126.color.png 0.997675 0.0535467 -0.0421687 0.139482 -0.0536186 0.998561 -0.0005747 0.0219291 0.0420772 0.00283441 0.99911 -0.00402176 0.0 0.0 0.0 1.0
chess/seq-04/color/frame-000125.color.png chess/seq-04/color/frame-000127.color.png 0.999245 0.0235994 -0.0308626 0.0791544 -0.0236193 0.999721 -0.000276968 0.010702 0.0308475 0.00100568 0.999524 -0.00514948 0.0 0.0 0.0 1.0
chess/seq-04/color/frame-000126.color.png chess/seq-04/color/frame-000128.color.png 0.999454 0.00654007 -0.0323848 0.072415 -0.00679651 0.999946 -0.00782066 0.0116968 0.0323319 0.00803647 0.999445 -0.0111046 0.0 0.0 0.0 1.0
chess/seq-04/color/frame-000127.color.png chess/seq-04/color/frame-000129.color.png 0.998858 -0.00370147 -0.0476351 0.0925767 0.00365607 0.999993 -0.00103934 -0.00233898 0.0476387 0.000864008 0.998864 -0.0230008 0.0 0.0 0.0 1.0
chess/seq-04/color/frame-000128.color.png chess/seq-04/color/frame-000130.color.png 0.998897 -0.00669061 -0.046482 0.095292 0.00703952 0.999948 0.00735005 -0.01764 0.0464305 -0.00766916 0.998892 -0.0217265 0.0 0.0 0.0 1.0
chess/seq-04/color/frame-000129.color.png chess/seq-04/color/frame-000131.color.png 0.999683 -0.00562495 -0.0245423 0.0492122 0.00565411 0.999983 0.00111651 -0.00428391 0.0245357 -0.00125494 0.999698 -0.00418669 0.0 0.0 0.0 1.0
chess/seq-04/color/frame-000130.color.png chess/seq-04/color/frame-000132.color.png 0.999424 -0.0132012 -0.0312794 0.0522245 0.0130725 0.999905 -0.00431422 -0.00280496 0.0313334 0.00390281 0.999501 0.000317335 0.0 0.0 0.0 1.0
chess/seq-04/color/frame-000131.color.png chess/seq-04/color/frame-000133.color.png 0.999304 -0.00771361 -0.0364958 0.0810099 0.00770732 0.99997 -0.000313592 -0.012863 0.036497 3.21358e-05 0.999334 -0.00877005 0.0 0.0 0.0 1.0
chess/seq-04/color/frame-000132.color.png chess/seq-04/color/frame-000134.color.png 0.999619 -0.00586592 -0.0269572 0.0658256 0.00598204 0.999973 0.00423166 -0.0186954 0.0269317 -0.00439131 0.999628 -0.00231135 0.0 0.0 0.0 1.0
chess/seq-04/color/frame-000133.color.png chess/seq-04/color/frame-000135.color.png 0.999712 -0.00966414 -0.0219422 0.0415523 0.00961937 0.999951 -0.00214171 -0.00151256 0.0219618 0.00193 0.999757 0.00435132 0.0 0.0 0.0 1.0
chess/seq-04/color/frame-000134.color.png chess/seq-04/color/frame-000136.color.png 0.999351 -0.00827412 -0.0350628 0.0515627 0.0082446 0.999966 -0.000990928 -0.0015986 0.0350698 0.000701226 0.999385 -0.00155967 0.0 0.0 0.0 1.0
chess/seq-04/color/frame-000135.color.png chess/seq-04/color/frame-000137.color.png 0.99781 -0.00225799 -0.0661106 0.127209 0.0024984 0.99999 0.003554 -0.0179927 0.0661019 -0.0037114 0.997806 -0.00662053 0.0 0.0 0.0 1.0
chess/seq-04/color/frame-000136.color.png chess/seq-04/color/frame-000138.color.png 0.999143 0.006748 -0.0408437 0.0894615 -0.00682705 0.999975 -0.00179625 -0.000844479 0.0408305 0.00207356 0.999164 -0.00207734 0.0 0.0 0.0 1.0
chess/seq-04/color/frame-000137.color.png chess/seq-04/color/frame-000139.color.png 0.999722 0.0138626 -0.0190731 0.0471954 -0.013846 0.999904 0.000994542 0.0129145 0.0190851 -0.000730114 0.999817 0.0038147 0.0 0.0 0.0 1.0
chess/seq-04/color/frame-000138.color.png chess/seq-04/color/frame-000140.color.png 0.99929 0.0295267 -0.0233864 0.0735388 -0.02918 0.999461 0.0150336 0.0109396 0.0238177 -0.0143405 0.999614 0.00629163 0.0 0.0 0.0 1.0
chess/seq-04/color/frame-000139.color.png chess/seq-04/color/frame-000141.color.png 0.999293 0.0290653 -0.0238539 0.0768756 -0.0283467 0.99915 0.0299325 -0.0148635 0.0247037 -0.0292351 0.999267 0.00571728 0.0 0.0 0.0 1.0
chess/seq-04/color/frame-000140.color.png chess/seq-04/color/frame-000142.color.png 0.999821 0.00657442 -0.0177558 0.0474486 -0.00614872 0.999695 0.0239199 -0.0210914 0.0179076 -0.0238064 0.999556 0.00275743 0.0 0.0 0.0 1.0
chess/seq-04/color/frame-000141.color.png chess/seq-04/color/frame-000143.color.png 0.999719 -0.0121149 -0.020363 0.0431762 0.0127544 0.99942 0.0315728 -0.0414489 0.0199685 -0.0318237 0.999294 -0.00395226 0.0 0.0 0.0 1.0
chess/seq-04/color/frame-000142.color.png chess/seq-04/color/frame-000144.color.png 0.998866 -0.0329808 -0.0343497 0.0585736 0.0344902 0.998422 0.0443185 -0.0785788 0.0328338 -0.0454529 0.998427 -0.00839126 0.0 0.0 0.0 1.0
chess/seq-04/color/frame-000143.color.png chess/seq-04/color/frame-000145.color.png 0.99883 -0.041184 -0.0253537 0.0334329 0.0418326 0.998796 0.0256158 -0.0544144 0.0242683 -0.0266464 0.99935 -0.00846493 0.0 0.0 0.0 1.0
chess/seq-04/color/frame-000144.color.png chess/seq-04/color/frame-000146.color.png 0.998161 -0.0522017 -0.0308004 0.0396534 0.0535077 0.997632 0.0432222 -0.0959562 0.0284712 -0.0447908 0.998591 -0.0300622 0.0 0.0 0.0 1.0
chess/seq-04/color/frame-000145.color.png chess/seq-04/color/frame-000147.color.png 0.995975 -0.0702523 -0.0556593 0.0796323 0.0736825 0.995342 0.0621791 -0.134723 0.0510318 -0.0660299 0.996512 -0.0400988 0.0 0.0 0.0 1.0
chess/seq-04/color/frame-000146.color.png chess/seq-04/color/frame-000148.color.png 0.998091 -0.0464224 -0.0407429 0.0644382 0.0481144 0.997976 0.0415831 -0.0909053 0.03873 -0.0434641 0.998304 -0.0268365 0.0 0.0 0.0 1.0
chess/seq-04/color/frame-000147.color.png chess/seq-04/color/frame-000149.color.png 0.997749 -0.0519568 -0.0423969 0.0783065 0.0538019 0.997599 0.0436029 -0.103907 0.0400296 -0.0457858 0.998149 -0.0204592 0.0 0.0 0.0 1.0
chess/seq-04/color/frame-000148.color.png chess/seq-04/color/frame-000150.color.png 0.995444 -0.0746207 -0.0593456 0.099838 0.0785009 0.994728 0.0659868 -0.148799 0.0541087 -0.0703448 0.996054 -0.0417333 0.0 0.0 0.0 1.0
chess/seq-04/color/frame-000149.color.png chess/seq-04/color/frame-000151.color.png 0.998228 -0.0483426 -0.0346933 0.051734 0.0498975 0.99772 0.0454472 -0.0972876 0.0324171 -0.0470978 0.998364 -0.0299866 0.0 0.0 0.0 1.0
chess/seq-04/color/frame-000150.color.png chess/seq-04/color/frame-000152.color.png 0.998352 -0.0488029 -0.0302062 0.03706 0.0500159 0.997915 0.0407935 -0.0898496 0.0281525 -0.0422371 0.998711 -0.0300249 0.0 0.0 0.0 1.0
chess/seq-04/color/frame-000151.color.png chess/seq-04/color/frame-000153.color.png 0.995259 -0.0838228 -0.0493367 0.0607842 0.0865352 0.994691 0.0556821 -0.1384 0.0444073 -0.0596875 0.997229 -0.0485754 0.0 0.0 0.0 1.0
chess/seq-04/color/frame-000152.color.png chess/seq-04/color/frame-000154.color.png 0.996516 -0.0729537 -0.0404092 0.052019 0.0750605 0.995751 0.0533386 -0.138497 0.0363463 -0.056186 0.997759 -0.0496713 0.0 0.0 0.0 1.0
chess/seq-04/color/frame-000153.color.png chess/seq-04/color/frame-000155.color.png 0.995682 -0.0830667 -0.0414392 0.0491842 0.0855337 0.994416 0.0618166 -0.167518 0.036073 -0.0650942 0.997227 -0.053494 0.0 0.0 0.0 1.0
chess/seq-04/color/frame-000154.color.png chess/seq-04/color/frame-000156.color.png 0.992176 -0.112982 -0.0531151 0.0766248 0.117221 0.989465 0.0849651 -0.228578 0.0429561 -0.0905266 0.994967 -0.0612522 0.0 0.0 0.0 1.0
chess/seq-04/color/frame-000155.color.png chess/seq-04/color/frame-000157.color.png 0.99309 -0.110033 -0.0408074 0.0656348 0.113451 0.98909 0.0939678 -0.237345 0.0300226 -0.0979482 0.994739 -0.0489839 0.0 0.0 0.0 1.0
chess/seq-04/color/frame-000156.color.png chess/seq-04/color/frame-000158.color.png 0.996363 -0.0834794 -0.0170728 0.0182287 0.0844006 0.994422 0.0632569 -0.159267 0.0116969 -0.0644677 0.997851 -0.0216756 0.0 0.0 0.0 1.0
chess/seq-04/color/frame-000157.color.png chess/seq-04/color/frame-000159.color.png 0.995717 -0.092234 -0.00629676 -0.00199592 0.0924468 0.993815 0.0615258 -0.163121 0.000583089 -0.0618445 0.998086 -0.0072 0.0 0.0 0.0 1.0
chess/seq-04/color/frame-000158.color.png chess/seq-04/color/frame-000160.color.png 0.995702 -0.0921434 -0.00936791 0.0142944 0.0925889 0.992832 0.0755776 -0.195904 0.0023368 -0.0761201 0.997096 -0.0204604 0.0 0.0 0.0 1.0
chess/seq-04/color/frame-000159.color.png chess/seq-04/color/frame-000161.color.png 0.997545 -0.0691643 -0.0110017 0.0317219 0.0697662 0.995116 0.0698417 -0.173776 0.00611741 -0.0704378 0.997497 -0.0243845 0.0 0.0 0.0 1.0
chess/seq-04/color/frame-000160.color.png chess/seq-04/color/frame-000162.color.png 0.993656 -0.111725 -0.0128228 0.0230551 0.112415 0.989967 0.0856045 -0.223692 0.00312994 -0.086503 0.996247 0.00337696 0.0 0.0 0.0 1.0
chess/seq-04/color/frame-000161.color.png chess/seq-04/color/frame-000163.color.png 0.99488 -0.100618 0.00944144 -0.0060215 0.0998479 0.993074 0.0619186 -0.184327 -0.0156062 -0.0606589 0.998037 0.0174632 0.0 0.0 0.0 1.0
chess/seq-04/color/frame-000162.color.png chess/seq-04/color/frame-000164.color.png 0.996854 -0.0747316 0.0264124 -0.0237976 0.0735169 0.996309 0.044304 -0.132391 -0.0296257 -0.0422229 0.998669 0.0315791 0.0 0.0 0.0 1.0
chess/seq-04/color/frame-000163.color.png chess/seq-04/color/frame-000165.color.png 0.998031 -0.059188 0.0207658 -0.0152686 0.058416 0.997643 0.0359975 -0.10333 -0.0228473 -0.0347136 0.999136 0.0248778 0.0 0.0 0.0 1.0
chess/seq-04/color/frame-000164.color.png chess/seq-04/color/frame-000166.color.png 0.99811 -0.0576204 0.0213688 -0.0182605 0.0567602 0.99763 0.0388881 -0.116666 -0.023559 -0.0376017 0.999015 0.0353175 0.0 0.0 0.0 1.0
chess/seq-04/color/frame-000165.color.png chess/seq-04/color/frame-000167.color.png 0.995614 -0.083167 0.0428456 -0.047852 0.0813667 0.995791 0.0421787 -0.137608 -0.0461732 -0.0385076 0.998191 0.0571361 0.0 0.0 0.0 1.0
chess/seq-04/color/frame-000166.color.png chess/seq-04/color/frame-000168.color.png 0.995392 -0.0819194 0.0498461 -0.0571991 0.079603 0.995727 0.0468065 -0.157513 -0.0534675 -0.042623 0.997659 0.0539659 0.0 0.0 0.0 1.0
chess/seq-04/color/frame-000167.color.png chess/seq-04/color/frame-000169.color.png 0.997515 -0.0613116 0.0347177 -0.0279633 0.0601431 0.997619 0.0337547 -0.119285 -0.0367047 -0.0315827 0.998827 0.0383525 0.0 0.0 0.0 1.0
chess/seq-04/color/frame-000168.color.png chess/seq-04/color/frame-000170.color.png 0.997734 -0.0560712 0.0371744 -0.0272952 0.0547987 0.997905 0.0344087 -0.106975 -0.0390258 -0.0322937 0.998716 0.0457267 0.0 0.0 0.0 1.0
chess/seq-04/color/frame-000169.color.png chess/seq-04/color/frame-000171.color.png 0.996085 -0.0741204 0.0481783 -0.0483232 0.0720501 0.996457 0.043375 -0.141811 -0.0512227 -0.0397338 0.997897 0.0599219 0.0 0.0 0.0 1.0
chess/seq-04/color/frame-000170.color.png chess/seq-04/color/frame-000172.color.png 0.997365 -0.0573643 0.0444195 -0.0378518 0.0562169 0.998062 0.0266654 -0.0878731 -0.0458631 -0.024098 0.998657 0.0587212 0.0 0.0 0.0 1.0
chess/seq-04/color/frame-000171.color.png chess/seq-04/color/frame-000173.color.png 0.99852 -0.0438285 0.0322121 -0.00954318 0.0429396 0.998691 0.0277904 -0.0824463 -0.0333879 -0.0263662 0.999095 0.0637301 0.0 0.0 0.0 1.0
chess/seq-04/color/frame-000172.color.png chess/seq-04/color/frame-000174.color.png 0.998531 -0.0482323 0.0246817 -0.0138012 0.0476979 0.998624 0.0217995 -0.070074 -0.0256993 -0.0205902 0.999458 0.0635397 0.0 0.0 0.0 1.0
chess/seq-04/color/frame-000173.color.png chess/seq-04/color/frame-000175.color.png 0.999151 -0.0342758 0.0228472 -0.0127746 0.0336924 0.999108 0.0254451 -0.0727673 -0.0236989 -0.0246537 0.999415 0.0387543 0.0 0.0 0.0 1.0
chess/seq-04/color/frame-000174.color.png chess/seq-04/color/frame-000176.color.png 0.999728 -0.020219 0.0116096 -0.00430727 0.0199665 0.99957 0.0214711 -0.0528752 -0.0120387 -0.0212335 0.999702 0.0180287 0.0 0.0 0.0 1.0
chess/seq-04/color/frame-000175.color.png chess/seq-04/color/frame-000177.color.png 0.999876 -0.0096764 0.012403 -0.00843 0.00946633 0.999813 0.0168899 -0.0297869 -0.012564 -0.0167704 0.99978 0.00635338 0.0 0.0 0.0 1.0
chess/seq-04/color/frame-000176.color.png chess/seq-04/color/frame-000178.color.png 0.999973 -0.0030484 0.00666281 0.00696194 0.00289162 0.999721 0.0234247 -0.0292762 -0.00673247 -0.0234048 0.999704 0.0127509 0.0 0.0 0.0 1.0
chess/seq-04/color/frame-000177.color.png chess/seq-04/color/frame-000179.color.png 0.999872 0.0138682 0.00801386 0.0034889 -0.0139747 0.999813 0.0133903 0.0137444 -0.00782676 -0.0135005 0.999878 0.012656 0.0 0.0 0.0 1.0
chess/seq-04/color/frame-000178.color.png chess/seq-04/color/frame-000180.color.png 0.998625 0.0494267 0.0174416 -0.00127518 -0.0495001 0.998767 0.00379925 0.0722508 -0.0172322 -0.00465739 0.999841 0.0199829 0.0 0.0 0.0 1.0
