chess/seq-04/color/frame-000000.color.png chess/seq-04/color/frame-000003.color.png 0.999974 0.00711203 0.0012061 0.00101637 -0.00711303 0.999974 0.000828851 0.00231951 -0.00120018 -0.000837409 0.999999 -0.00142225 0.0 0.0 0.0 1.0
chess/seq-04/color/frame-000003.color.png chess/seq-04/color/frame-000006.color.png 0.999998 0.00155716 -0.00145237 0.000281892 -0.0015557 0.999998 0.00100476 -0.00101873 0.00145393 -0.00100249 0.999998 0.00138351 0.0 0.0 0.0 1.0
chess/seq-04/color/frame-000006.color.png chess/seq-04/color/frame-000009.color.png 0.999993 -8.774e-05 -0.00384316 0.002619 8.96007e-05 1.0 0.000483658 0.00244183 0.00384311 -0.000483999 0.999993 0.00059139 0.0 0.0 0.0 1.0
chess/seq-04/color/frame-000009.color.png chess/seq-04/color/frame-000012.color.png 0.999996 0.00204611 -0.00170563 0.00196225 -0.00204639 0.999998 -0.000162855 -0.00247701 0.0017053 0.000166345 0.999999 0.00379654 0.0 0.0 0.0 1.0
chess/seq-04/color/frame-000012.color.png chess/seq-04/color/frame-000015.color.png 0.999972 0.00737303 -0.000919993 0.00451761 -0.00737243 0.999973 0.000653053 0.00199439 0.000924783 -0.000646252 0.999999 -0.000545488 0.0 0.0 0.0 1.0
chess/seq-04/color/frame-000015.color.png chess/seq-04/color/frame-000018.color.png 0.999915 0.0130683 0.000496578 0.00212142 -0.0130688 0.999914 0.000992741 -0.000569132 -0.000483562 -0.000999146 1.0 0.00166882 0.0 0.0 0.0 1.0
chess/seq-04/color/frame-000018.color.png chess/seq-04/color/frame-000021.color.png 0.999941 0.0107121 -0.00180903 0.00877218 -0.0107159 0.99994 -0.00208404 -0.00160284 0.0017866 0.0021033 0.999996 -0.00160466 0.0 0.0 0.0 1.0
chess/seq-04/color/frame-000021.color.png chess/seq-04/color/frame-000024.color.png 0.998087 0.0606353 0.0120936 0.0139141 -0.0606944 0.998146 0.00457913 -0.00360383 -0.0117935 -0.00530438 0.999916 -0.000271189 0.0 0.0 0.0 1.0
chess/seq-04/color/frame-000024.color.png chess/seq-04/color/frame-000027.color.png 0.998009 0.0609535 0.0162288 0.014413 -0.0611102 0.998087 0.00934349 0.00251365 -0.0156282 -0.0103166 0.999825 -0.00435498 0.0 0.0 0.0 1.0
chess/seq-04/color/frame-000027.color.png chess/seq-04/color/frame-000030.color.png 0.995624 0.0899038 0.0255174 0.0138757 -0.0906802 0.995394 0.0311025 -0.0142206 -0.0226037 -0.0332803 0.99919 -0.00356604 0.0 0.0 0.0 1.0
chess/seq-04/color/frame-000030.color.png chess/seq-04/color/frame-000033.color.png 0.992 0.119726 0.0400228 0.00429042 -0.120849 0.992305 0.0269331 -0.0177834 -0.0364902 -0.0315543 0.998836 -0.000362323 0.0 0.0 0.0 1.0
chess/seq-04/color/frame-000033.color.png chess/seq-04/color/frame-000036.color.png 0.99605 0.0863961 0.0205035 -0.000191242 -0.0866041 0.996198 0.00948464 -0.0331477 -0.0196061 -0.0112229 0.999745 0.000473414 0.0 0.0 0.0 1.0
chess/seq-04/color/frame-000036.color.png chess/seq-04/color/frame-000039.color.png 0.99062 0.124356 0.0566336 -0.000205293 -0.124794 0.992174 0.00424042 -0.0327387 -0.055663 -0.0112682 0.998386 0.00605658 0.0 0.0 0.0 1.0
chess/seq-04/color/frame-000039.color.png chess/seq-04/color/frame-000042.color.png 0.998249 0.031458 0.0500816 -0.0227407 -0.0322835 0.999355 0.0157553 -0.0318031 -0.0495536 -0.0173445 0.998621 0.0218939 0.0 0.0 0.0 1.0
chess/seq-04/color/frame-000042.color.png chess/seq-04/color/frame-000045.color.png 0.993845 -0.040285 -0.103198 0.162472 0.0396068 0.999178 -0.00861379 -0.0230655 0.10346 0.00447341 0.994623 0.0249212 0.0 0.0 0.0 1.0
chess/seq-04/color/frame-000045.color.png chess/seq-04/color/frame-000048.color.png 0.991638 -0.101473 -0.0797319 0.0400656 0.100806 0.994829 -0.0123461 -0.0190648 0.0805724 0.00420539 0.99674 0.0172347 0.0 0.0 0.0 1.0
chess/seq-04/color/frame-000048.color.png chess/seq-04/color/frame-000051.color.png 0.991778 -0.113715 -0.0586919 -0.0255225 0.113171 0.993497 -0.0125109 -0.0521414 0.0597329 0.00576584 0.998198 0.0110857 0.0 0.0 0.0 1.0
chess/seq-04/color/frame-000051.color.png chess/seq-04/color/frame-000054.color.png 0.993475 -0.109606 -0.0315274 -0.0646802 0.109456 0.993971 -0.00646546 -0.0368982 0.0320459 0.00297242 0.999482 0.0305201 0.0 0.0 0.0 1.0
chess/seq-04/color/frame-000054.color.png chess/seq-04/color/frame-000057.color.png 0.994455 -0.105112 0.00334774 -0.0591059 0.105074 0.994415 0.00994943 -0.0257371 -0.00437484 -0.00954251 0.999945 0.0114977 0.0 0.0 0.0 1.0
chess/seq-04/color/frame-000057.color.png chess/seq-04/color/frame-000060.color.png 0.994324 -0.105634 -0.0127082 -0.0443957 0.105915 0.994085 0.0240086 -0.0405397 0.0100969 -0.0252183 0.999631 0.000498697 0.0 0.0 0.0 1.0
chess/seq-04/color/frame-000060.color.png chess/seq-04/color/frame-000063.color.png 0.982079 -0.155973 -0.105794 0.0850934 0.159935 0.986671 0.0300092 -0.118484 0.0997036 -0.0463917 0.993935 -0.0583591 0.0 0.0 0.0 1.0
chess/seq-04/color/frame-000063.color.png chess/seq-04/color/frame-000066.color.png 0.989583 -0.130628 -0.0605049 -0.0296639 0.131476 0.991266 0.0102495 -0.0415976 0.0586376 -0.0180977 0.998115 -0.0163237 0.0 0.0 0.0 1.0
chess/seq-04/color/frame-000066.color.png chess/seq-04/color/frame-000069.color.png 0.995847 -0.0909608 0.00384388 -0.117368 0.0908655 0.995658 0.0202279 -0.028332 -0.00566712 -0.0197946 0.999788 0.0084677 0.0 0.0 0.0 1.0
chess/seq-04/color/frame-000069.color.png chess/seq-04/color/frame-000072.color.png 0.994432 -0.101743 -0.0274531 -0.0229454 0.10185 0.994797 0.00251279 -0.0292844 0.0270545 -0.00529487 0.99962 -0.00418751 0.0 0.0 0.0 1.0
chess/seq-04/color/frame-000072.color.png chess/seq-04/color/frame-000075.color.png 0.994024 -0.108544 -0.0115859 0.0318822 0.10854 0.994092 -0.000935274 -0.019442 0.011619 -0.000327873 0.999932 0.0235813 0.0 0.0 0.0 1.0
chess/seq-04/color/frame-000075.color.png chess/seq-04/color/frame-000078.color.png 0.982926 -0.0994953 0.154779 -0.213282 0.0974693 0.995024 0.020643 0.00289869 -0.156063 -0.00520434 0.987733 0.0986616 0.0 0.0 0.0 1.0
chess/seq-04/color/frame-000078.color.png chess/seq-04/color/frame-000081.color.png 0.990279 -0.0324796 0.135249 -0.16289 0.0321404 0.999472 0.00469229 0.0447461 -0.13533 -0.000299686 0.9908 0.0868044 0.0 0.0 0.0 1.0
chess/seq-04/color/frame-000081.color.png chess/seq-04/color/frame-000084.color.png 0.998879 0.0470869 0.0048202 0.142139 -0.0472482 0.998004 0.0419073 -0.0353211 -0.00283727 -0.0420881 0.99911 -0.0208471 0.0 0.0 0.0 1.0
chess/seq-04/color/frame-000084.color.png chess/seq-04/color/frame-000087.color.png 0.99481 0.101473 0.00755664 0.104945 -0.1017 0.993948 0.0415347 0.0111246 -0.00329627 -0.0420877 0.999109 0.026763 0.0 0.0 0.0 1.0
chess/seq-04/color/frame-000087.color.png chess/seq-04/color/frame-000090.color.png 0.991481 0.126662 0.0303648 0.0514124 -0.127845 0.990953 0.0408363 -0.00496373 -0.0249177 -0.0443704 0.998704 0.030102 0.0 0.0 0.0 1.0
chess/seq-04/color/frame-000090.color.png chess/seq-04/color/frame-000093.color.png 0.992286 0.123531 0.0104058 0.0760204 -0.123858 0.991444 0.041201 -0.0185418 -0.00522714 -0.042172 0.999097 0.0431965 0.0 0.0 0.0 1.0
chess/seq-04/color/frame-000093.color.png chess/seq-04/color/frame-000096.color.png 0.98881 0.142737 0.0433769 0.0454181 -0.143776 0.989369 0.02185 -0.00924915 -0.039797 -0.0278421 0.99882 0.0474528 0.0 0.0 0.0 1.0
chess/seq-04/color/frame-000096.color.png chess/seq-04/color/frame-000099.color.png 0.989988 0.0978264 -0.101755 0.326303 -0.0967802 0.99519 0.0151799 -0.0128703 0.102751 -0.00518006 0.994694 0.0112035 0.0 0.0 0.0 1.0
chess/seq-04/color/frame-000099.color.png chess/seq-04/color/frame-000102.color.png 0.99316 0.114994 0.0202542 -0.0225473 -0.114517 0.993148 -0.0232829 0.0925295 -0.0227928 0.0208042 0.999524 0.0664888 0.0 0.0 0.0 1.0
chess/seq-04/color/frame-000102.color.png chess/seq-04/color/frame-000105.color.png 0.994226 0.106415 -0.0138311 0.024943 -0.106661 0.994124 -0.0184806 0.0645583 0.0117832 0.0198491 0.999734 0.0591106 0.0 0.0 0.0 1.0
chess/seq-04/color/frame-000105.color.png chess/seq-04/color/frame-000108.color.png 0.996923 0.0783754 0.000846748 0.007263 -0.0783691 0.996907 -0.00596822 0.040453 -0.00131189 0.00588349 0.999982 0.061873 0.0 0.0 0.0 1.0
chess/seq-04/color/frame-000108.color.png chess/seq-04/color/frame-000111.color.png 0.994548 0.102704 -0.018066 0.0566808 -0.103039 0.994502 -0.0186724 0.033341 0.016049 0.0204321 0.999662 0.0572022 0.0 0.0 0.0 1.0
chess/seq-04/color/frame-000111.color.png chess/seq-04/color/frame-000114.color.png 0.99496 0.0903601 -0.0434605 0.0903949 -0.0917521 0.995294 -0.0311802 0.0472174 0.0404385 0.0350106 0.998568 0.0395607 0.0 0.0 0.0 1.0
chess/seq-04/color/frame-000114.color.png chess/seq-04/color/frame-000117.color.png 0.987795 0.141078 -0.0660232 0.121297 -0.144136 0.988575 -0.0440943 0.0881633 0.0590482 0.0530725 0.996843 0.0471865 0.0 0.0 0.0 1.0
chess/seq-04/color/frame-000117.color.png chess/seq-04/color/frame-000120.color.png 0.991806 0.0902846 -0.0903829 0.179307 -0.0929129 0.995353 -0.0252991 0.0502678 0.0876787 0.0334895 0.995586 0.00682724 0.0 0.0 0.0 1.0
chess/seq-04/color/frame-000120.color.png chess/seq-04/color/frame-000123.color.png 0.995554 0.0626764 -0.0703158 0.170368 -0.061786 0.99798 0.0147686 -0.0101216 0.0710994 -0.0103584 0.997415 -0.00776553 0.0 0.0 0.0 1.0
chess/seq-04/color/frame-000123.color.png chess/seq-04/color/frame-000126.color.png 0.996847 0.0640841 -0.046798 0.147219 -0.0645437 0.99788 -0.00837608 0.0437916 0.046162 0.0113702 0.998869 -0.00305432 0.0 0.0 0.0 1.0
chess/seq-04/color/frame-000126.color.png chess/seq-04/color/frame-000129.color.png 0.997867 0.00128146 -0.0652683 0.133227 -0.00122782 0.999999 0.000862412 -0.00915143 0.0652693 -0.000780458 0.997867 -0.0308769 0.0 0.0 0.0 1.0
chess/seq-04/color/frame-000129.color.png chess/seq-04/color/frame-000132.color.png 0.998826 -0.0105349 -0.0472833 0.0914971 0.0104964 0.999944 -0.001066 -0.00940743 0.0472918 0.000568448 0.998881 -0.00922817 0.0 0.0 0.0 1.0
chess/seq-04/color/frame-000132.color.png chess/seq-04/color/frame-000135.color.png 0.999437 -0.00719097 -0.0327627 0.0710406 0.00728154 0.99997 0.00264592 -0.0153459 0.0327428 -0.00288297 0.99946 0.00110435 0.0 0.0 0.0 1.0
chess/seq-04/color/frame-000135.color.png chess/seq-04/color/frame-000138.color.png 0.997178 0.000160982 -0.0750776 0.147541 0.00113964 0.99985 0.0172803 -0.0549429 0.0750692 -0.0173171 0.997028 0.00445998 0.0 0.0 0.0 1.0
chess/seq-04/color/frame-000138.color.png chess/seq-04/color/frame-000141.color.png 0.998704 0.0404482 -0.0308853 0.0935422 -0.0395048 0.998752 0.0305697 0.000447452 0.0320831 -0.02931 0.999055 0.00856578 0.0 0.0 0.0 1.0
chess/seq-04/color/frame-000141.color.png chess/seq-04/color/frame-000144.color.png 0.998518 -0.0310861 -0.0446766 0.0868501 0.033421 0.998061 0.0524991 -0.0858316 0.042958 -0.0539144 0.997621 -0.00716841 0.0 0.0 0.0 1.0
chess/seq-04/color/frame-000144.color.png chess/seq-04/color/frame-000147.color.png 0.9953 -0.0798067 -0.0548481 0.068056 0.0837187 0.993799 0.0731745 -0.156715 0.0486681 -0.0774224 0.99581 -0.0414586 0.0 0.0 0.0 1.0
chess/seq-04/color/frame-000147.color.png chess/seq-04/color/frame-000150.color.png 0.995323 -0.0744773 -0.0615234 0.113677 0.0795892 0.993171 0.0853067 -0.19844 0.0547499 -0.0898043 0.994453 -0.0551044 0.0 0.0 0.0 1.0
chess/seq-04/color/frame-000150.color.png chess/seq-04/color/frame-000153.color.png 0.991507 -0.0979302 -0.0855765 0.138639 0.10583 0.990002 0.0932546 -0.228465 0.0755884 -0.101519 0.991958 -0.0573717 0.0 0.0 0.0 1.0
chess/seq-04/color/frame-000153.color.png chess/seq-04/color/frame-000156.color.png 0.989234 -0.130892 -0.0654455 0.0896953 0.137584 0.984232 0.111162 -0.293928 0.0498633 -0.11897 0.991645 -0.0739824 0.0 0.0 0.0 1.0
chess/seq-04/color/frame-000156.color.png chess/seq-04/color/frame-000159.color.png 0.989655 -0.139927 -0.0316706 0.054667 0.142863 0.981406 0.128187 -0.330345 0.0131449 -0.131386 0.991244 -0.0282534 0.0 0.0 0.0 1.0
chess/seq-04/color/frame-000159.color.png chess/seq-04/color/frame-000162.color.png 0.992044 -0.125741 -0.00615459 0.0166335 0.125647 0.985895 0.110561 -0.288196 -0.00783435 -0.110455 0.99385 -0.00106215 0.0 0.0 0.0 1.0
chess/seq-04/color/frame-000162.color.png chess/seq-04/color/frame-000165.color.png 0.995676 -0.0874025 0.0314583 -0.0184149 0.0850421 0.993926 0.0698454 -0.201301 -0.0373718 -0.0668681 0.997062 0.0422339 0.0 0.0 0.0 1.0
chess/seq-04/color/frame-000165.color.png chess/seq-04/color/frame-000168.color.png 0.989796 -0.131447 0.0550141 -0.0467614 0.127751 0.989606 0.0660318 -0.218739 -0.063122 -0.0583299 0.9963 0.100341 0.0 0.0 0.0 1.0
chess/seq-04/color/frame-000168.color.png chess/seq-04/color/frame-000171.color.png 0.994244 -0.0891793 0.0593819 -0.0579771 0.0855279 0.99444 0.0614298 -0.194699 -0.0645299 -0.0559975 0.996343 0.0875906 0.0 0.0 0.0 1.0
chess/seq-04/color/frame-000171.color.png chess/seq-04/color/frame-000174.color.png 0.996593 -0.062908 0.0533374 -0.0371386 0.0604225 0.997066 0.0469985 -0.140384 -0.0561375 -0.0436156 0.99747 0.0940523 0.0 0.0 0.0 1.0
chess/seq-04/color/frame-000174.color.png chess/seq-04/color/frame-000177.color.png 0.999761 -0.0194774 0.0099394 0.0148196 0.0192056 0.999457 0.0267686 -0.0503171 -0.0104553 -0.0265713 0.999592 0.0279889 0.0 0.0 0.0 1.0
chess/seq-04/color/frame-000177.color.png chess/seq-04/color/frame-000180.color.png 0.998251 0.0521377 0.0278748 -0.0177323 -0.0525714 0.998504 0.0150545 0.0630547 -0.0270481 -0.0164936 0.999498 0.0271989 0.0 0.0 0.0 1.0
chess/seq-04/color/frame-000180.color.png chess/seq-04/color/frame-000183.color.png 0.996399 0.0842795 0.00925799 0.0254171 -0.0843171 0.996432 0.00374848 0.125335 -0.00890907 -0.00451559 0.99995 0.0344536 0.0 0.0 0.0 1.0
chess/seq-04/color/frame-000183.color.png chess/seq-04/color/frame-000186.color.png 0.998148 0.060807 0.00148133 0.015156 -0.0607935 0.998119 -0.00791434 0.112521 -0.00195982 0.00780968 0.999968 0.0129563 0.0 0.0 0.0 1.0
chess/seq-04/color/frame-000186.color.png chess/seq-04/color/frame-000189.color.png 0.998895 0.0469901 0.000949137 0.0103618 -0.04695 0.998564 -0.0258177 0.119453 -0.00216092 0.0257445 0.999666 0.0161486 0.0 0.0 0.0 1.0
chess/seq-04/color/frame-000189.color.png chess/seq-04/color/frame-000192.color.png 0.997881 0.0647245 -0.00669356 0.0375526 -0.0649319 0.997176 -0.0377419 0.150186 0.00423163 0.0380966 0.999265 0.00226021 0.0 0.0 0.0 1.0
chess/seq-04/color/frame-000192.color.png chess/seq-04/color/frame-000195.color.png 0.99707 0.0698988 -0.0310814 0.0638708 -0.071486 0.996018 -0.053282 0.155876 0.0272334 0.0553477 0.998096 -0.02439 0.0 0.0 0.0 1.0
chess/seq-04/color/frame-000195.color.png chess/seq-04/color/frame-000198.color.png 0.995242 0.0889517 -0.0397604 0.0842782 -0.0911955 0.9941 -0.058718 0.182718 0.0343026 0.0620646 0.997483 -0.0283198 0.0 0.0 0.0 1.0
chess/seq-04/color/frame-000198.color.png chess/seq-04/color/frame-000201.color.png 0.997518 0.0581532 -0.0396903 0.083061 -0.0607073 0.995938 -0.0665053 0.152695 0.0356615 0.0687498 0.996996 -0.0316569 0.0 0.0 0.0 1.0
chess/seq-04/color/frame-000201.color.png chess/seq-04/color/frame-000204.color.png 0.999764 0.0157914 -0.0149221 0.0323091 -0.0163637 0.999104 -0.039042 0.0431413 0.0142924 0.0392769 0.999126 -0.0285214 0.0 0.0 0.0 1.0
chess/seq-04/color/frame-000204.color.png chess/seq-04/color/frame-000207.color.png 0.999939 0.00643381 -0.00892625 0.0252848 -0.00666733 0.99963 -0.0263845 0.0112135 0.00875318 0.0264425 0.999612 -0.012825 0.0 0.0 0.0 1.0
chess/seq-04/color/frame-000207.color.png chess/seq-04/color/frame-000210.color.png 0.99992 0.0124755 0.00217943 0.0174875 -0.0124014 0.999436 -0.0312119 0.0465579 -0.00256767 0.0311823 0.99951 -0.00151908 0.0 0.0 0.0 1.0
chess/seq-04/color/frame-000210.color.png chess/seq-04/color/frame-000213.color.png 0.999577 0.0258926 -0.0132086 0.0477269 -0.0261794 0.999415 -0.0220227 0.0448142 0.0126306 0.0223592 0.99967 -0.0290525 0.0 0.0 0.0 1.0
chess/seq-04/color/frame-000213.color.png chess/seq-04/color/frame-000216.color.png 0.998059 0.0621949 -0.00326923 0.0564861 -0.0622752 0.997299 -0.0389437 0.124255 0.000838362 0.0390716 0.999236 -0.0148809 0.0 0.0 0.0 1.0
chess/seq-04/color/frame-000216.color.png chess/seq-04/color/frame-000219.color.png 0.997335 0.0698939 -0.0209101 0.0796273 -0.0708476 0.996283 -0.0490052 0.156389 0.0174071 0.0503561 0.99858 -0.0411447 0.0 0.0 0.0 1.0
chess/seq-04/color/frame-000219.color.png chess/seq-04/color/frame-000222.color.png 0.997926 0.0417407 -0.0490039 0.0805171 -0.0432343 0.99862 -0.029827 0.0773245 0.0476914 0.0318837 0.998353 -0.0813148 0.0 0.0 0.0 1.0
chess/seq-04/color/frame-000222.color.png chess/seq-04/color/frame-000225.color.png 0.998688 0.0436484 -0.0267806 0.0716186 -0.044073 0.998908 -0.0154757 0.0870523 0.0260757 0.0166357 0.999522 -0.0632583 0.0 0.0 0.0 1.0
chess/seq-04/color/frame-000225.color.png chess/seq-04/color/frame-000228.color.png 0.999036 0.0161234 -0.0408392 0.0597574 -0.0161502 0.999869 -0.000325123 0.0395415 0.0408288 0.000984392 0.999166 -0.0742042 0.0 0.0 0.0 1.0
chess/seq-04/color/frame-000228.color.png chess/seq-04/color/frame-000231.color.png 0.997154 0.0412226 -0.0631219 0.100385 -0.0408391 0.999139 0.00735181 0.0681938 0.0633704 -0.00475301 0.997979 -0.104761 0.0 0.0 0.0 1.0
chess/seq-04/color/frame-000231.color.png chess/seq-04/color/frame-000234.color.png 0.997672 0.0256756 -0.0631795 0.0800916 -0.0250361 0.999627 0.0108944 0.0367351 0.0634359 -0.00928725 0.997943 -0.0971874 0.0 0.0 0.0 1.0
chess/seq-04/color/frame-000234.color.png chess/seq-04/color/frame-000237.color.png 0.998554 0.0161507 -0.051281 0.0452116 -0.0154266 0.999776 0.0144864 0.0341409 0.0515033 -0.0136743 0.998579 -0.086938 0.0 0.0 0.0 1.0
chess/seq-04/color/frame-000237.color.png chess/seq-04/color/frame-000240.color.png 0.999618 0.0254343 -0.0108154 -0.00698948 -0.0253068 0.999611 0.0117612 0.0435253 0.0111103 -0.0114831 0.999872 -0.0137807 0.0 0.0 0.0 1.0
chess/seq-04/color/frame-000240.color.png chess/seq-04/color/frame-000243.color.png 0.999993 0.00236156 -0.00278482 -0.0346661 -0.00233689 0.999959 0.00880232 0.0112237 0.00280546 -0.00879567 0.999957 -0.00163853 0.0 0.0 0.0 1.0
chess/seq-04/color/frame-000243.color.png chess/seq-04/color/frame-000246.color.png 0.999972 0.00584824 -0.00477706 -0.0303974 -0.00583533 0.999979 0.00272177 0.0178753 0.00479286 -0.00269381 0.999985 0.0207876 0.0 0.0 0.0 1.0
chess/seq-04/color/frame-000246.color.png chess/seq-04/color/frame-000249.color.png 0.999316 -0.0275588 0.024643 -0.0905014 0.0272993 0.999569 0.0108035 -0.0398107 -0.0249301 -0.0101233 0.999638 0.0425965 0.0 0.0 0.0 1.0
chess/seq-04/color/frame-000249.color.png chess/seq-04/color/frame-000252.color.png 0.9981 -0.0581849 0.0202591 -0.102925 0.0579307 0.998237 0.0129199 -0.0841643 -0.0209751 -0.0117217 0.999711 0.0449378 0.0 0.0 0.0 1.0
chess/seq-04/color/frame-000252.color.png chess/seq-04/color/frame-000255.color.png 0.996577 -0.0708156 0.0426617 -0.126262 0.0699921 0.997337 0.0204972 -0.103544 -0.0439997 -0.0174411 0.998879 0.0660831 0.0 0.0 0.0 1.0
chess/seq-04/color/frame-000255.color.png chess/seq-04/color/frame-000258.color.png 0.995676 -0.070862 0.0600744 -0.143693 0.0656609 0.994255 0.0845285 -0.183308 -0.065719 -0.0802184 0.994608 0.0836651 0.0 0.0 0.0 1.0
chess/seq-04/color/frame-000258.color.png chess/seq-04/color/frame-000261.color.png 0.997648 -0.0342695 0.0593621 -0.14529 0.0309923 0.99799 0.055274 -0.0747407 -0.061137 -0.0533042 0.996705 0.101764 0.0 0.0 0.0 1.0
chess/seq-04/color/frame-000261.color.png chess/seq-04/color/frame-000264.color.png 0.994809 -0.0898973 0.0476822 -0.135121 0.0842542 0.990415 0.109449 -0.241316 -0.0570643 -0.104863 0.992848 0.0876735 0.0 0.0 0.0 1.0
chess/seq-04/color/frame-000264.color.png chess/seq-04/color/frame-000267.color.png 0.996737 -0.057001 0.0571479 -0.123547 0.0528435 0.996019 0.0717956 -0.151113 -0.0610128 -0.0685414 0.995781 0.0979433 0.0 0.0 0.0 1.0
chess/seq-04/color/frame-000267.color.png chess/seq-04/color/frame-000270.color.png 0.999068 -0.0162929 0.0399692 -0.0900651 0.014426 0.998811 0.0465596 -0.08047 -0.0406803 -0.0459395 0.998116 0.0915315 0.0 0.0 0.0 1.0
chess/seq-04/color/frame-000270.color.png chess/seq-04/color/frame-000273.color.png 0.999192 0.0132434 0.0379401 -0.0660087 -0.013324 0.99991 0.00187227 0.00549772 -0.0379119 -0.00237628 0.999278 0.0803295 0.0 0.0 0.0 1.0
chess/seq-04/color/frame-000273.color.png chess/seq-04/color/frame-000276.color.png 0.998861 0.0289075 0.0379483 -0.0961573 -0.0295871 0.999409 0.0174696 0.00781503 -0.037421 -0.0185725 0.999127 0.0799158 0.0 0.0 0.0 1.0
chess/seq-04/color/frame-000276.color.png chess/seq-04/color/frame-000279.color.png 0.999314 0.0331767 0.0164613 -0.0508739 -0.0334239 0.999329 0.0149795 0.00414997 -0.0159532 -0.0155194 0.999752 0.0341282 0.0 0.0 0.0 1.0
chess/seq-04/color/frame-000279.color.png chess/seq-04/color/frame-000282.color.png 0.999609 0.0154523 0.0233214 -0.0638857 -0.0156968 0.999824 0.0103333 0.000613034 -0.0231577 -0.0106953 0.999675 0.0440551 0.0 0.0 0.0 1.0
chess/seq-04/color/frame-000282.color.png chess/seq-04/color/frame-000285.color.png 0.999861 0.00544051 0.0157367 -0.058683 -0.00561936 0.99992 0.0113429 -0.00751606 -0.0156737 -0.0114297 0.999812 0.0338961 0.0 0.0 0.0 1.0
chess/seq-04/color/frame-000285.color.png chess/seq-04/color/frame-000288.color.png 0.999935 0.00718168 0.00883388 -0.0411833 -0.00714975 0.999968 -0.00363772 0.00738835 -0.00885972 0.00357439 0.999954 0.0163208 0.0 0.0 0.0 1.0
chess/seq-04/color/frame-000288.color.png chess/seq-04/color/frame-000291.color.png 0.999359 -0.00126453 0.035778 -0.105736 0.00189308 0.999844 -0.017539 0.0290537 -0.0357501 0.0175955 0.999206 0.0265759 0.0 0.0 0.0 1.0
chess/seq-04/color/frame-000291.color.png chess/seq-04/color/frame-000294.color.png 0.99922 0.00214081 0.0394257 -0.106115 -0.00223798 0.999995 0.00242079 -0.0130626 -0.0394202 -0.00250712 0.99922 0.0205363 0.0 0.0 0.0 1.0
chess/seq-04/color/frame-000294.color.png chess/seq-04/color/frame-000297.color.png 0.999517 0.00412203 0.0308133 -0.0936275 -0.00398784 0.999982 -0.00441578 0.00983948 -0.030831 0.00429077 0.999515 0.0123802 0.0 0.0 0.0 1.0
chess/seq-04/color/frame-000297.color.png chess/seq-04/color/frame-000300.color.png 0.99962 0.0138327 0.0238579 -0.0806887 -0.013885 0.999902 0.00202443 -0.00106689 -0.0238275 -0.0023549 0.999713 -0.000215769 0.0 0.0 0.0 1.0
chess/seq-04/color/frame-000300.color.png chess/seq-04/color/frame-000303.color.png 0.999906 -0.000953753 0.0136371 -0.0595276 0.00107071 0.999963 -0.00857019 0.0113717 -0.0136284 0.00858398 0.99987 0.00264275 0.0 0.0 0.0 1.0
chess/seq-04/color/frame-000303.color.png chess/seq-04/color/frame-000306.color.png 0.99947 0.0214014 0.0245193 -0.0860227 -0.0212593 0.999756 -0.00604022 0.0234919 -0.0246425 0.00551568 0.999681 0.00424635 0.0 0.0 0.0 1.0
chess/seq-04/color/frame-000306.color.png chess/seq-04/color/frame-000309.color.png 0.999923 0.0122875 -0.00196116 -0.0229021 -0.0122904 0.999923 -0.00147971 0.0132467 0.00194281 0.00150371 0.999997 -0.00125027 0.0 0.0 0.0 1.0
chess/seq-04/color/frame-000309.color.png chess/seq-04/color/frame-000312.color.png 0.999851 0.0109745 0.0133289 -0.0571485 -0.0109237 0.999933 -0.00387227 0.00808454 -0.0133705 0.00372609 0.999904 0.00648427 0.0 0.0 0.0 1.0
chess/seq-04/color/frame-000312.color.png chess/seq-04/color/frame-000315.color.png 0.999332 -0.0133228 0.0340165 -0.103447 0.0130954 0.999891 0.00689938 -0.0238129 -0.0341047 -0.00644928 0.999398 0.0144855 0.0 0.0 0.0 1.0
chess/seq-04/color/frame-000315.color.png chess/seq-04/color/frame-000318.color.png 0.999404 -0.0172887 0.0298728 -0.0762614 0.0175565 0.999808 -0.00872777 0.0058406 -0.0297162 0.00924703 0.999516 0.0261662 0.0 0.0 0.0 1.0
chess/seq-04/color/frame-000318.color.png chess/seq-04/color/frame-000321.color.png 0.99959 -0.0167788 0.0232225 -0.0620073 0.0169291 0.999837 -0.00628957 -0.00875205 -0.0231132 0.00668017 0.999711 0.0172945 0.0 0.0 0.0 1.0
chess/seq-04/color/frame-000321.color.png chess/seq-04/color/frame-000324.color.png 0.999699 -0.0234308 0.00720692 -0.0426406 0.0232954 0.99956 0.0183366 -0.0490428 -0.00763345 -0.0181632 0.999806 -0.00436974 0.0 0.0 0.0 1.0
chess/seq-04/color/frame-000324.color.png chess/seq-04/color/frame-000327.color.png 0.999929 -0.0110942 -0.00442152 -0.0267364 0.0111792 0.999743 0.0197073 -0.0443792 0.00420183 -0.0197554 0.999796 -0.00311196 0.0 0.0 0.0 1.0
chess/seq-04/color/frame-000327.color.png chess/seq-04/color/frame-000330.color.png 0.999926 -0.00114711 0.0121481 -0.0529396 0.000993445 0.999919 0.0126486 -0.0131558 -0.0121617 -0.0126355 0.999846 -0.00463343 0.0 0.0 0.0 1.0
chess/seq-04/color/frame-000330.color.png chess/seq-04/color/frame-000333.color.png 0.999521 0.00311994 0.0307867 -0.094662 -0.00299642 0.999987 -0.00405743 0.0200419 -0.0307989 0.00396314 0.999518 0.0133183 0.0 0.0 0.0 1.0
chess/seq-04/color/frame-000333.color.png chess/seq-04/color/frame-000336.color.png 0.99997 -0.00176531 0.0075887 -0.0222084 0.00163321 0.999848 0.0173799 -0.0271146 -0.0076182 -0.0173669 0.99982 0.00584042 0.0 0.0 0.0 1.0
chess/seq-04/color/frame-000336.color.png chess/seq-04/color/frame-000339.color.png 0.999386 0.00236489 0.03496 -0.0901912 -0.00181429 0.999874 -0.0157738 0.0368226 -0.034993 0.0157007 0.999264 0.0301412 0.0 0.0 0.0 1.0
chess/seq-04/color/frame-000339.color.png chess/seq-04/color/frame-000342.color.png 0.999621 -0.0126264 0.0244697 -0.0637223 0.0128523 0.999876 -0.00909774 0.00718758 -0.0243517 0.00940874 0.999659 0.0126492 0.0 0.0 0.0 1.0
chess/seq-04/color/frame-000342.color.png chess/seq-04/color/frame-000345.color.png 0.999192 0.00207648 0.0401304 -0.07763 -0.00201739 0.999997 -0.00151344 -0.00898254 -0.0401334 0.00143128 0.999193 0.0194869 0.0 0.0 0.0 1.0
chess/seq-04/color/frame-000345.color.png chess/seq-04/color/frame-000348.color.png 0.999118 -0.00746839 0.0413342 -0.0823189 0.00691214 0.999884 0.0135841 -0.0346284 -0.0414308 -0.0132863 0.999053 0.0170377 0.0 0.0 0.0 1.0
chess/seq-04/color/frame-000348.color.png chess/seq-04/color/frame-000351.color.png 0.999295 -0.00104614 0.0375208 -0.0735067 0.000820883 0.999982 0.00601856 -0.001663 -0.0375264 -0.00598346 0.999278 0.0113169 0.0 0.0 0.0 1.0
chess/seq-04/color/frame-000351.color.png chess/seq-04/color/frame-000354.color.png 0.999651 -0.00476637 0.0259905 -0.0536433 0.00402163 0.999582 0.0286304 -0.0491326 -0.0261161 -0.028516 0.999252 0.0190285 0.0 0.0 0.0 1.0
chess/seq-04/color/frame-000354.color.png chess/seq-04/color/frame-000357.color.png 0.99995 0.00246107 0.00967378 -0.0121126 -0.00271952 0.999637 0.0267941 -0.046509 -0.00960434 -0.0268191 0.999594 0.00828969 0.0 0.0 0.0 1.0
chess/seq-04/color/frame-000357.color.png chess/seq-04/color/frame-000360.color.png 0.999975 -0.00529676 0.00477668 -0.00295645 0.00521567 0.999845 0.0168288 -0.026754 -0.00486507 -0.0168035 0.999847 0.0100727 0.0 0.0 0.0 1.0
chess/seq-04/color/frame-000360.color.png chess/seq-04/color/frame-000363.color.png 0.999911 0.0118009 -0.00626934 0.0128753 -0.0116425 0.999627 0.0247178 -0.0422196 0.00655869 -0.0246426 0.999675 0.00723183 0.0 0.0 0.0 1.0
chess/seq-04/color/frame-000363.color.png chess/seq-04/color/frame-000366.color.png 0.999967 0.00703213 0.0040792 0.00231901 -0.00703982 0.999973 0.00187204 -0.0080919 -0.00406592 -0.00190069 0.99999 0.0203465 0.0 0.0 0.0 1.0
chess/seq-04/color/frame-000366.color.png chess/seq-04/color/frame-000369.color.png 1.0 -8.2138e-05 0.000423531 0.00195765 7.63942e-05 0.999908 0.0135469 -0.0346719 -0.000424608 -0.0135469 0.999908 0.015635 0.0 0.0 0.0 1.0
chess/seq-04/color/frame-000369.color.png chess/seq-04/color/frame-000372.color.png 0.999794 0.00863511 -0.0183811 0.0533342 -0.0082167 0.999708 0.0227167 -0.0522167 0.0185719 -0.022561 0.999573 0.00427151 0.0 0.0 0.0 1.0
chess/seq-04/color/frame-000372.color.png chess/seq-04/color/frame-000375.color.png 0.999824 0.0156774 0.0103326 -0.0286931 -0.0158536 0.999726 0.0171957 -0.0314114 -0.0100602 -0.0173565 0.999799 0.0160847 0.0 0.0 0.0 1.0
chess/seq-04/color/frame-000375.color.png chess/seq-04/color/frame-000378.color.png 0.999655 0.0262153 -0.00181345 0.0236373 -0.0261948 0.999602 0.0105098 -0.0194453 0.00208825 -0.0104587 0.999943 0.0126798 0.0 0.0 0.0 1.0
chess/seq-04/color/frame-000378.color.png chess/seq-04/color/frame-000381.color.png 0.999928 0.0109708 -0.00478542 0.0241159 -0.0109349 0.999912 0.00748176 -0.0147394 0.00486709 -0.00742888 0.999961 0.00672042 0.0 0.0 0.0 1.0
chess/seq-04/color/frame-000381.color.png chess/seq-04/color/frame-000384.color.png 0.999958 0.00894705 -0.00216265 0.0160004 -0.00892346 0.999903 0.0106852 -0.0221553 0.00225804 -0.0106655 0.99994 -0.00306809 0.0 0.0 0.0 1.0
chess/seq-04/color/frame-000384.color.png chess/seq-04/color/frame-000387.color.png 0.999937 0.00461787 -0.0102129 0.0318477 -0.00425475 0.999368 0.0352947 -0.0707874 0.0103694 -0.035249 0.999325 -0.0179607 0.0 0.0 0.0 1.0
chess/seq-04/color/frame-000387.color.png chess/seq-04/color/frame-000390.color.png 0.999782 0.0139891 -0.0154926 0.0332303 -0.013621 0.999628 0.0236187 -0.0397438 0.0158173 -0.0234025 0.999601 -0.0329721 0.0 0.0 0.0 1.0
chess/seq-04/color/frame-000390.color.png chess/seq-04/color/frame-000393.color.png 0.999042 0.0355212 -0.0255518 0.0622282 -0.0348426 0.999041 0.0265294 -0.043871 0.0264696 -0.0256137 0.999321 -0.0395591 0.0 0.0 0.0 1.0
chess/seq-04/color/frame-000393.color.png chess/seq-04/color/frame-000396.color.png 0.998174 0.0396634 -0.0455636 0.0955052 -0.0395636 0.999212 0.00309168 0.00311622 0.0456504 -0.00128343 0.998957 -0.0522485 0.0 0.0 0.0 1.0
chess/seq-04/color/frame-000396.color.png chess/seq-04/color/frame-000399.color.png 0.997167 0.0571926 -0.0488499 0.112206 -0.0574837 0.998336 -0.00457393 -0.00195116 0.048507 0.00736902 0.998796 -0.0486381 0.0 0.0 0.0 1.0
chess/seq-04/color/frame-000399.color.png chess/seq-04/color/frame-000402.color.png 0.997458 0.0480318 -0.0526264 0.118831 -0.0488078 0.998716 -0.0135597 0.0185915 0.0519075 0.0160939 0.998522 -0.0459062 0.0 0.0 0.0 1.0
chess/seq-04/color/frame-000402.color.png chess/seq-04/color/frame-000405.color.png 0.9979 0.0457086 -0.045896 0.0983641 -0.0468213 0.998628 -0.0234666 0.0453888 0.0447604 0.0255663 0.998671 -0.0506207 0.0 0.0 0.0 1.0
chess/seq-04/color/frame-000405.color.png chess/seq-04/color/frame-000408.color.png 0.998488 0.0473153 -0.0279661 0.0610183 -0.0477801 0.998727 -0.0161917 0.027079 0.0271644 0.0175034 0.999478 -0.0394319 0.0 0.0 0.0 1.0
chess/seq-04/color/frame-000408.color.png chess/seq-04/color/frame-000411.color.png 0.998987 0.0245219 -0.0377306 0.0610467 -0.025039 0.999598 -0.0132949 0.0219396 0.0373895 0.0142262 0.999199 -0.0371306 0.0 0.0 0.0 1.0
chess/seq-04/color/frame-000411.color.png chess/seq-04/color/frame-000414.color.png 0.999214 0.0259978 -0.0299226 0.0650868 -0.0265837 0.999459 -0.0193542 0.0399914 0.0294032 0.0201344 0.999365 -0.0353811 0.0 0.0 0.0 1.0
chess/seq-04/color/frame-000414.color.png chess/seq-04/color/frame-000417.color.png 0.998915 0.0255108 -0.0389661 0.0574922 -0.026748 0.999144 -0.0315658 0.0667787 0.0381275 0.0325738 0.998742 -0.0344555 0.0 0.0 0.0 1.0
chess/seq-04/color/frame-000417.color.png chess/seq-04/color/frame-000420.color.png 0.995579 0.0540886 -0.0767953 0.149099 -0.0558965 0.998203 -0.021589 0.0533718 0.0754896 0.0257861 0.996813 -0.0358758 0.0 0.0 0.0 1.0
chess/seq-04/color/frame-000420.color.png chess/seq-04/color/frame-000423.color.png 0.997286 0.0588959 -0.0441819 0.068947 -0.0592427 0.998222 -0.00658079 0.0182288 0.0437159 0.00918042 0.999002 -0.0378253 0.0 0.0 0.0 1.0
chess/seq-04/color/frame-000423.color.png chess/seq-04/color/frame-000426.color.png 0.999698 0.0197505 -0.014644 0.00852221 -0.0198822 0.999763 -0.00890039 0.0223824 0.0144647 0.00918872 0.999853 -0.0364103 0.0 0.0 0.0 1.0
chess/seq-04/color/frame-000426.color.png chess/seq-04/color/frame-000429.color.png 0.998157 0.0577208 -0.0187373 0.0335621 -0.0578242 0.998314 -0.00501326 0.0253488 0.0184164 0.0060876 0.999812 -0.0396303 0.0 0.0 0.0 1.0
chess/seq-04/color/frame-000429.color.png chess/seq-04/color/frame-000432.color.png 0.99609 0.079621 -0.038267 0.097076 -0.0797141 0.996817 -0.000913831 0.0104455 0.0380724 0.00396065 0.999267 -0.039546 0.0 0.0 0.0 1.0
chess/seq-04/color/frame-000432.color.png chess/seq-04/color/frame-000435.color.png 0.996549 0.0658685 -0.0505153 0.10099 -0.0664305 0.997746 -0.00952704 0.0432822 0.049774 0.0128499 0.998678 -0.0225896 0.0 0.0 0.0 1.0
chess/seq-04/color/frame-000435.color.png chess/seq-04/color/frame-000438.color.png 0.994342 0.0751727 -0.0750509 0.15522 -0.0754647 0.997148 -0.00105863 0.0122874 0.0747573 0.00671633 0.997179 -0.0335016 0.0 0.0 0.0 1.0
chess/seq-04/color/frame-000438.color.png chess/seq-04/color/frame-000441.color.png 0.996062 0.045766 -0.0759376 0.147098 -0.0461248 0.998931 -0.0029781 0.01964 0.0757201 0.00646908 0.997108 -0.0324271 0.0 0.0 0.0 1.0
chess/seq-04/color/frame-000441.color.png chess/seq-04/color/frame-000444.color.png 0.991432 0.0746284 -0.107208 0.213616 -0.0755689 0.997129 -0.00473069 0.03365 0.106547 0.0127916 0.994225 -0.0403516 0.0 0.0 0.0 1.0
chess/seq-04/color/frame-000444.color.png chess/seq-04/color/frame-000447.color.png 0.993894 0.0441545 -0.101118 0.19148 -0.0433069 0.999006 0.0105632 -0.00220585 0.101483 -0.00611941 0.994818 -0.0567093 0.0 0.0 0.0 1.0
chess/seq-04/color/frame-000447.color.png chess/seq-04/color/frame-000450.color.png 0.994975 0.0520596 -0.0855274 0.178872 -0.0494472 0.998252 0.0323856 -0.012983 0.0870639 -0.0279938 0.995809 -0.0583333 0.0 0.0 0.0 1.0
chess/seq-04/color/frame-000450.color.png chess/seq-04/color/frame-000453.color.png 0.999001 0.0276822 -0.0350779 0.0919723 -0.02701 0.999445 0.0194945 -0.0082038 0.0355981 -0.0185275 0.999194 -0.0229667 0.0 0.0 0.0 1.0
chess/seq-04/color/frame-000453.color.png chess/seq-04/color/frame-000456.color.png 0.999106 0.0190663 -0.0377256 0.08402 -0.0182091 0.999571 0.0229382 -0.0206932 0.0381468 -0.0222309 0.999025 -0.0263704 0.0 0.0 0.0 1.0
chess/seq-04/color/frame-000456.color.png chess/seq-04/color/frame-000459.color.png 0.999116 0.0290398 -0.0303901 0.0850286 -0.0281115 0.999138 0.030537 -0.0288693 0.0312507 -0.0296556 0.999072 -0.0238377 0.0 0.0 0.0 1.0
chess/seq-04/color/frame-000459.color.png chess/seq-04/color/frame-000462.color.png 0.998883 0.0471978 -0.0021587 0.0487674 -0.0471322 0.998597 0.0241251 -0.0114096 0.00329433 -0.0239963 0.999707 0.000468612 0.0 0.0 0.0 1.0
chess/seq-04/color/frame-000462.color.png chess/seq-04/color/frame-000465.color.png 0.999221 0.0390573 0.00556633 0.0495148 -0.0392157 0.998719 0.0319625 -0.0401277 -0.00431086 -0.0321561 0.999474 -0.00285769 0.0 0.0 0.0 1.0
chess/seq-04/color/frame-000465.color.png chess/seq-04/color/frame-000468.color.png 0.999772 0.0202922 0.0066577 0.014218 -0.0202827 0.999793 -0.00148784 0.025782 -0.00668647 0.00135258 0.999977 -0.00299001 0.0 0.0 0.0 1.0
chess/seq-04/color/frame-000468.color.png chess/seq-04/color/frame-000471.color.png 0.999931 0.0089135 -0.00768564 0.0398953 -0.00878529 0.999824 0.0165595 -0.0376337 0.00783185 -0.0164908 0.999833 -0.00870728 0.0 0.0 0.0 1.0
chess/seq-04/color/frame-000471.color.png chess/seq-04/color/frame-000474.color.png 0.998688 0.0126701 0.0496161 -0.0185906 -0.0112404 0.999516 -0.0289901 0.00853169 -0.0499594 0.0283943 0.998347 0.037641 0.0 0.0 0.0 1.0
chess/seq-04/color/frame-000474.color.png chess/seq-04/color/frame-000477.color.png 0.999307 -0.000546981 0.0372095 -0.0241399 0.00075398 0.999984 -0.00555018 -0.0271878 -0.0372059 0.00557449 0.999292 0.0272628 0.0 0.0 0.0 1.0
chess/seq-04/color/frame-000477.color.png chess/seq-04/color/frame-000480.color.png 0.999661 -0.0115398 0.0233389 -1.64509e-05 0.0122098 0.999512 -0.0287701 -0.00247526 -0.0229955 0.0290452 0.999313 0.0359768 0.0 0.0 0.0 1.0
chess/seq-04/color/frame-000480.color.png chess/seq-04/color/frame-000483.color.png 0.999988 -0.0032137 0.00378594 0.0220979 0.00328884 0.999795 -0.0199947 -0.00329822 -0.00372089 0.0200071 0.999793 0.0219107 0.0 0.0 0.0 1.0
chess/seq-04/color/frame-000483.color.png chess/seq-04/color/frame-000486.color.png 0.999686 -0.000351749 -0.0250483 0.0700199 -6.10857e-05 0.999864 -0.0164772 0.0101408 0.0250507 0.0164735 0.99955 0.00338113 0.0 0.0 0.0 1.0
chess/seq-04/color/frame-000486.color.png chess/seq-04/color/frame-000489.color.png 0.999652 -0.00133998 -0.0263401 0.0465853 0.000750458 0.999749 -0.022379 0.0214853 0.0263635 0.0223514 0.999403 -0.00340843 0.0 0.0 0.0 1.0
chess/seq-04/color/frame-000489.color.png chess/seq-04/color/frame-000492.color.png 0.9975 -0.0517919 -0.0480726 0.0437226 0.0511568 0.998587 -0.0143497 -0.0222857 0.048748 0.0118547 0.998741 -0.0272579 0.0 0.0 0.0 1.0
chess/seq-04/color/frame-000492.color.png chess/seq-04/color/frame-000495.color.png 0.997083 -0.0690546 0.032526 -0.0962854 0.0682933 0.997377 0.0239655 -0.0910198 -0.0340956 -0.0216743 0.999184 0.0122563 0.0 0.0 0.0 1.0
chess/seq-04/color/frame-000495.color.png chess/seq-04/color/frame-000498.color.png 0.997826 -0.0529193 0.0392826 -0.0811012 0.0520941 0.998405 0.0217409 -0.0730869 -0.0403706 -0.0196473 0.998992 0.0175158 0.0 0.0 0.0 1.0
chess/seq-04/color/frame-000498.color.png chess/seq-04/color/frame-000501.color.png 0.997103 -0.0652062 0.039166 -0.112116 0.0644396 0.99771 0.0205306 -0.0601293 -0.040415 -0.0179473 0.999022 0.0194128 0.0 0.0 0.0 1.0
chess/seq-04/color/frame-000501.color.png chess/seq-04/color/frame-000504.color.png 0.99547 -0.0795362 0.052099 -0.136832 0.0758841 0.994749 0.0686798 -0.14742 -0.0572878 -0.0644153 0.996278 0.00143051 0.0 0.0 0.0 1.0
chess/seq-04/color/frame-000504.color.png chess/seq-04/color/frame-000507.color.png 0.996303 -0.0626467 0.058788 -0.134541 0.0602444 0.997309 0.0417829 -0.090443 -0.0612473 -0.0380868 0.997396 0.0232972 0.0 0.0 0.0 1.0
chess/seq-04/color/frame-000507.color.png chess/seq-04/color/frame-000510.color.png 0.99545 -0.0832034 0.0464288 -0.117994 0.0811422 0.995702 0.0446431 -0.10351 -0.0499437 -0.0406727 0.997923 0.00426745 0.0 0.0 0.0 1.0
chess/seq-04/color/frame-000510.color.png chess/seq-04/color/frame-000513.color.png 0.996229 -0.0654205 0.0569954 -0.124239 0.0635507 0.997398 0.034024 -0.0770769 -0.059073 -0.0302736 0.997795 0.0206082 0.0 0.0 0.0 1.0
chess/seq-04/color/frame-000513.color.png chess/seq-04/color/frame-000516.color.png 0.996756 -0.0688801 0.0416283 -0.101226 0.067931 0.997406 0.0238039 -0.0688962 -0.0431599 -0.0208988 0.99885 0.00493872 0.0 0.0 0.0 1.0
chess/seq-04/color/frame-000516.color.png chess/seq-04/color/frame-000519.color.png 0.997847 -0.0504964 0.0418458 -0.0977307 0.050432 0.998724 0.00259424 -0.02924 -0.0419235 -0.000478437 0.999121 0.00549614 0.0 0.0 0.0 1.0
chess/seq-04/color/frame-000519.color.png chess/seq-04/color/frame-000522.color.png 0.996829 -0.0633445 0.0481634 -0.112528 0.0633301 0.997991 0.00182441 -0.0254542 -0.0481822 0.00123164 0.998838 0.0141679 0.0 0.0 0.0 1.0
chess/seq-04/color/frame-000522.color.png chess/seq-04/color/frame-000525.color.png 0.998249 -0.0513831 0.0293107 -0.0745048 0.0511351 0.99865 0.00915053 -0.0428073 -0.0297413 -0.00763571 0.999528 0.0014689 0.0 0.0 0.0 1.0
chess/seq-04/color/frame-000525.color.png chess/seq-04/color/frame-000528.color.png 0.996412 -0.0655362 0.0535509 -0.127948 0.0659223 0.99781 -0.00547688 -0.0202359 -0.0530747 0.00898747 0.99855 0.0212603 0.0 0.0 0.0 1.0
chess/seq-04/color/frame-000528.color.png chess/seq-04/color/frame-000531.color.png 0.99851 -0.0478824 0.0261627 -0.0931062 0.0480145 0.998837 -0.00444025 -0.0139621 -0.0259195 0.00568976 0.999648 0.00816894 0.0 0.0 0.0 1.0
chess/seq-04/color/frame-000531.color.png chess/seq-04/color/frame-000534.color.png 0.999593 -0.00794679 0.0273949 -0.070031 0.0075731 0.999877 0.0137204 -0.0109518 -0.0275006 -0.0135074 0.99953 0.0030719 0.0 0.0 0.0 1.0
chess/seq-04/color/frame-000534.color.png chess/seq-04/color/frame-000537.color.png 0.999608 -0.0159645 0.022996 -0.0784508 0.0156836 0.999801 0.012346 -0.0190845 -0.0231885 -0.0119805 0.999659 0.00105023 0.0 0.0 0.0 1.0
chess/seq-04/color/frame-000537.color.png chess/seq-04/color/frame-000540.color.png 0.998182 -0.0424951 0.042734 -0.122351 0.0430264 0.999007 -0.0115918 -0.00809336 -0.042199 0.0134094 0.999019 0.0225188 0.0 0.0 0.0 1.0
