chess/seq-04/color/frame-000001.color.png chess/seq-04/color/frame-000004.color.png 0.999956 0.00922479 0.00150428 -0.000283744 -0.00922671 0.999957 0.00127546 0.00116743 -0.00149245 -0.00128929 0.999998 0.000145034 0.0 0.0 0.0 1.0
chess/seq-04/color/frame-000004.color.png chess/seq-04/color/frame-000007.color.png 0.999998 0.000409856 -0.00193069 0.00111188 -0.000408898 1.0 0.000497021 -0.00131128 0.00193089 -0.00049623 0.999998 -6.91325e-05 0.0 0.0 0.0 1.0
chess/seq-04/color/frame-000007.color.png chess/seq-04/color/frame-000010.color.png 0.999992 0.00180502 -0.00362127 0.00217723 -0.00179754 0.999996 0.00206883 0.000544232 0.00362499 -0.00206231 0.999991 0.00260343 0.0 0.0 0.0 1.0
chess/seq-04/color/frame-000010.color.png chess/seq-04/color/frame-000013.color.png 0.999999 0.000712623 -0.0013857 0.0034106 -0.000717106 0.999995 -0.00323795 0.00136554 0.00138338 0.00323894 0.999994 0.000484815 0.0 0.0 0.0 1.0
chess/seq-04/color/frame-000013.color.png chess/seq-04/color/frame-000016.color.png 0.999947 0.0103088 -0.000344618 0.00171721 -0.0103079 0.999944 0.00245744 0.00061438 0.000369932 -0.00245376 0.999997 0.00111313 0.0 0.0 0.0 1.0
chess/seq-04/color/frame-000016.color.png chess/seq-04/color/frame-000019.color.png 0.999927 0.0120498 0.000337504 0.00566035 -0.0120499 0.999928 0.000175361 -0.0012664 -0.000335368 -0.000179416 1.0 0.000687812 0.0 0.0 0.0 1.0
chess/seq-04/color/frame-000019.color.png chess/seq-04/color/frame-000022.color.png 0.999657 0.0261736 0.000533127 0.0156783 -0.0261733 0.999657 -0.000540069 -0.000693375 -0.000547079 0.00052593 1.0 -0.000422283 0.0 0.0 0.0 1.0
chess/seq-04/color/frame-000022.color.png chess/seq-04/color/frame-000025.color.png 0.998378 0.0557222 0.0117254 0.00864732 -0.0557693 0.998437 0.00372913 -0.00539226 -0.0114993 -0.004377 0.999924 -0.00034466 0.0 0.0 0.0 1.0
chess/seq-04/color/frame-000025.color.png chess/seq-04/color/frame-000028.color.png 0.996622 0.077068 0.0283847 0.0184995 -0.0776858 0.996749 0.0213432 -0.00123447 -0.0266475 -0.0234762 0.999369 -0.00775604 0.0 0.0 0.0 1.0
chess/seq-04/color/frame-000028.color.png chess/seq-04/color/frame-000031.color.png 0.995845 0.0895977 0.0162896 0.0114128 -0.0900168 0.995571 0.0271247 -0.0128355 -0.0137872 -0.0284783 0.999499 -0.000883833 0.0 0.0 0.0 1.0
chess/seq-04/color/frame-000031.color.png chess/seq-04/color/frame-000034.color.png 0.990744 0.127586 0.0463534 0.00226185 -0.128746 0.991412 0.0229539 -0.0243563 -0.0430267 -0.0287093 0.998661 0.000334064 0.0 0.0 0.0 1.0
chess/seq-04/color/frame-000034.color.png chess/seq-04/color/frame-000037.color.png 0.996369 0.0842529 0.0122835 0.0120632 -0.0843257 0.996423 0.00552167 -0.0337978 -0.0117743 -0.00653743 0.999909 -0.00537574 0.0 0.0 0.0 1.0
chess/seq-04/color/frame-000037.color.png chess/seq-04/color/frame-000040.color.png 0.993045 0.100354 0.0615669 -0.00557089 -0.100794 0.994899 0.00407697 -0.0250164 -0.0608437 -0.0102542 0.998095 0.0113646 0.0 0.0 0.0 1.0
chess/seq-04/color/frame-000040.color.png chess/seq-04/color/frame-000043.color.png 0.998856 0.0160376 0.0450391 -0.0391678 -0.0167607 0.999736 0.0157263 -0.0284579 -0.044775 -0.0164632 0.998861 0.0337602 0.0 0.0 0.0 1.0
chess/seq-04/color/frame-000043.color.png chess/seq-04/color/frame-000046.color.png 0.990338 -0.0607001 -0.124683 0.195138 0.061244 0.998123 0.000529088 -0.0572119 0.124417 -0.00816005 0.992196 -0.0255039 0.0 0.0 0.0 1.0
chess/seq-04/color/frame-000046.color.png chess/seq-04/color/frame-000049.color.png 0.985465 -0.10511 -0.133457 0.15833 0.10581 0.994385 -0.00186054 -0.0560386 0.132903 -0.0122875 0.991053 -0.010225 0.0 0.0 0.0 1.0
chess/seq-04/color/frame-000049.color.png chess/seq-04/color/frame-000052.color.png 0.99008 -0.132657 -0.0463088 -0.0715123 0.132273 0.991149 -0.011273 -0.066067 0.0473943 0.00503578 0.998864 0.0223257 0.0 0.0 0.0 1.0
chess/seq-04/color/frame-000052.color.png chess/seq-04/color/frame-000055.color.png 0.994988 -0.0983475 -0.0180595 -0.0514084 0.098563 0.995065 0.0114579 -0.0670477 0.0168435 -0.0131804 0.999771 -0.00956693 0.0 0.0 0.0 1.0
chess/seq-04/color/frame-000055.color.png chess/seq-04/color/frame-000058.color.png 0.995212 -0.0977319 -0.00133134 -0.0530019 0.0977398 0.995041 0.0184227 -0.033717 -0.000475719 -0.0184646 0.999829 0.00943965 0.0 0.0 0.0 1.0
chess/seq-04/color/frame-000058.color.png chess/seq-04/color/frame-000061.color.png 0.989137 -0.141966 -0.0381262 -0.0306628 0.142882 0.989485 0.0224602 -0.0499833 0.0345367 -0.0276638 0.999021 0.00367183 0.0 0.0 0.0 1.0
chess/seq-04/color/frame-000061.color.png chess/seq-04/color/frame-000064.color.png 0.988589 -0.140302 -0.0548365 -0.0445721 0.141079 0.989942 0.0105393 -0.0708098 0.0528062 -0.0181553 0.99844 -0.0254038 0.0 0.0 0.0 1.0
chess/seq-04/color/frame-000064.color.png chess/seq-04/color/frame-000067.color.png 0.991384 -0.115682 -0.0614377 -0.0155441 0.1173 0.992821 0.0234036 -0.0659375 0.0582892 -0.0304086 0.997836 -0.0296854 0.0 0.0 0.0 1.0
chess/seq-04/color/frame-000067.color.png chess/seq-04/color/frame-000070.color.png 0.996047 -0.0846763 -0.0268267 -0.0070197 0.0852842 0.996105 0.0223894 -0.0433609 0.0248263 -0.0245888 0.999389 -0.0127955 0.0 0.0 0.0 1.0
chess/seq-04/color/frame-000070.color.png chess/seq-04/color/frame-000073.color.png 0.990837 -0.127494 -0.0445809 -0.00317553 0.127993 0.991739 0.0085175 -0.0494832 0.0431267 -0.0141455 0.998969 -0.00361814 0.0 0.0 0.0 1.0
chess/seq-04/color/frame-000073.color.png chess/seq-04/color/frame-000076.color.png 0.994626 -0.0969551 0.0363027 -0.0982807 0.0967775 0.995284 0.00662113 -0.0340051 -0.0367734 -0.00307227 0.999319 0.0337924 0.0 0.0 0.0 1.0
chess/seq-04/color/frame-000076.color.png chess/seq-04/color/frame-000079.color.png 0.98739 -0.0839364 0.134222 -0.191137 0.0788473 0.995967 0.042802 -0.0321519 -0.137273 -0.0316792 0.990027 0.0575815 0.0 0.0 0.0 1.0
chess/seq-04/color/frame-000079.color.png chess/seq-04/color/frame-000082.color.png 0.988898 -0.00140484 0.148587 -0.167968 -0.000107803 0.999948 0.010171 0.0392175 -0.148593 -0.0100741 0.988847 0.0796308 0.0 0.0 0.0 1.0
chess/seq-04/color/frame-000082.color.png chess/seq-04/color/frame-000085.color.png 0.997619 0.0593773 0.0350841 0.0850091 -0.0605456 0.997612 0.0332338 0.00840178 -0.033027 -0.0352789 0.998832 0.0149374 0.0 0.0 0.0 1.0
chess/seq-04/color/frame-000085.color.png chess/seq-04/color/frame-000088.color.png 0.995029 0.0994824 0.00459028 0.0548527 -0.0995881 0.993947 0.0463914 -0.0208666 5.26421e-05 -0.046618 0.998913 -0.00104034 0.0 0.0 0.0 1.0
chess/seq-04/color/frame-000088.color.png chess/seq-04/color/frame-000091.color.png 0.989937 0.139365 0.0245486 0.0825064 -0.140289 0.989255 0.041148 -0.010955 -0.0185503 -0.0441779 0.998851 0.0394189 0.0 0.0 0.0 1.0
chess/seq-04/color/frame-000091.color.png chess/seq-04/color/frame-000094.color.png 0.991829 0.124853 0.0262115 0.0531639 -0.125532 0.991748 0.0260498 0.00112399 -0.0227427 -0.0291274 0.999317 0.0590955 0.0 0.0 0.0 1.0
chess/seq-04/color/frame-000094.color.png chess/seq-04/color/frame-000097.color.png 0.990016 0.134001 0.0437306 0.0282578 -0.134948 0.990662 0.0194615 -0.0139876 -0.0407144 -0.0251685 0.998854 0.0563321 0.0 0.0 0.0 1.0
chess/seq-04/color/frame-000097.color.png chess/seq-04/color/frame-000100.color.png 0.993045 0.117701 -0.00301252 0.0581696 -0.117647 0.992955 0.0141218 -0.0115172 0.0046534 -0.0136691 0.999896 0.0436164 0.0 0.0 0.0 1.0
chess/seq-04/color/frame-000100.color.png chess/seq-04/color/frame-000103.color.png 0.995922 0.0895939 -0.0106094 0.0267701 -0.0895466 0.995971 0.00486012 -0.00564781 0.0110021 -0.00389029 0.999932 0.0691423 0.0 0.0 0.0 1.0
chess/seq-04/color/frame-000103.color.png chess/seq-04/color/frame-000106.color.png 0.993899 0.107453 -0.0248557 0.0750805 -0.107293 0.994198 0.00767991 -0.00381216 0.0255366 -0.00496623 0.999662 0.0531713 0.0 0.0 0.0 1.0
chess/seq-04/color/frame-000106.color.png chess/seq-04/color/frame-000109.color.png 0.997161 0.0736667 -0.0155943 0.0534695 -0.0735719 0.997268 0.00657213 -0.000221252 0.0160359 -0.00540618 0.999857 0.0392683 0.0 0.0 0.0 1.0
chess/seq-04/color/frame-000109.color.png chess/seq-04/color/frame-000112.color.png 0.992891 0.11473 -0.0316837 0.0800663 -0.116339 0.9917 -0.0547361 0.0861493 0.0251409 0.058033 0.997998 0.0736197 0.0 0.0 0.0 1.0
chess/seq-04/color/frame-000112.color.png chess/seq-04/color/frame-000115.color.png 0.99184 0.116475 -0.051834 0.124885 -0.116637 0.993175 -0.000100141 -0.0229421 0.0514685 0.00614506 0.998656 0.0460495 0.0 0.0 0.0 1.0
chess/seq-04/color/frame-000115.color.png chess/seq-04/color/frame-000118.color.png 0.991561 0.100793 -0.0815376 0.132048 -0.104003 0.993921 -0.0361118 0.0511453 0.0774021 0.0442872 0.996016 0.0484915 0.0 0.0 0.0 1.0
chess/seq-04/color/frame-000118.color.png chess/seq-04/color/frame-000121.color.png 0.995923 0.0799278 -0.0418267 0.109369 -0.0807982 0.996539 -0.0195447 0.0381847 0.0401198 0.0228446 0.998934 -0.00456804 0.0 0.0 0.0 1.0
chess/seq-04/color/frame-000121.color.png chess/seq-04/color/frame-000124.color.png 0.996704 0.0517114 -0.0625072 0.152859 -0.051682 0.998661 0.00208679 0.00676605 0.0625315 0.00115059 0.998042 -0.000917852 0.0 0.0 0.0 1.0
chess/seq-04/color/frame-000124.color.png chess/seq-04/color/frame-000127.color.png 0.997177 0.0591999 -0.0461789 0.140449 -0.0595204 0.998211 -0.00559523 0.0290566 0.045765 0.00832801 0.998918 -0.00160038 0.0 0.0 0.0 1.0
chess/seq-04/color/frame-000127.color.png chess/seq-04/color/frame-000130.color.png 0.998028 -0.000131933 -0.0627769 0.129323 0.000424064 0.999989 0.00464022 -0.0157498 0.0627756 -0.00465771 0.998017 -0.0292048 0.0 0.0 0.0 1.0
chess/seq-04/color/frame-000130.color.png chess/seq-04/color/frame-000133.color.png 0.998762 -0.0144749 -0.0475932 0.0898299 0.0144803 0.999895 -0.000229502 -0.0147184 0.0475915 -0.000459947 0.998867 -0.00335997 0.0 0.0 0.0 1.0
chess/seq-04/color/frame-000133.color.png chess/seq-04/color/frame-000136.color.png 0.998295 -0.0196671 -0.0549553 0.0872669 0.0195101 0.999804 -0.00339421 -0.000360727 0.0550112 0.00231628 0.998483 0.0118431 0.0 0.0 0.0 1.0
chess/seq-04/color/frame-000136.color.png chess/seq-04/color/frame-000139.color.png 0.998599 0.00233418 -0.0528724 0.130222 -0.00152949 0.999883 0.0152523 -0.0335779 0.0529018 -0.01515 0.998485 -0.00107992 0.0 0.0 0.0 1.0
chess/seq-04/color/frame-000139.color.png chess/seq-04/color/frame-000142.color.png 0.99929 0.0256374 -0.0276264 0.0843309 -0.024645 0.999059 0.0356888 -0.0169964 0.0285153 -0.0349825 0.998981 0.00770164 0.0 0.0 0.0 1.0
chess/seq-04/color/frame-000142.color.png chess/seq-04/color/frame-000145.color.png 0.997672 -0.0556805 -0.0393801 0.0492429 0.0573534 0.99744 0.0427074 -0.0658822 0.0369013 -0.0448665 0.998311 -0.00433075 0.0 0.0 0.0 1.0
chess/seq-04/color/frame-000145.color.png chess/seq-04/color/frame-000148.color.png 0.994447 -0.0856282 -0.061176 0.0762727 0.0895163 0.993932 0.0639252 -0.12994 0.0553309 -0.0690465 0.996078 -0.0338947 0.0 0.0 0.0 1.0
chess/seq-04/color/frame-000148.color.png chess/seq-04/color/frame-000151.color.png 0.994538 -0.0893309 -0.0539918 0.0710616 0.0928981 0.993376 0.0676291 -0.141866 0.0475928 -0.0722754 0.996248 -0.0419357 0.0 0.0 0.0 1.0
chess/seq-04/color/frame-000151.color.png chess/seq-04/color/frame-000154.color.png 0.986239 -0.126747 -0.106148 0.185857 0.134126 0.988797 0.0655079 -0.156236 0.0966561 -0.0788437 0.99219 -0.0252452 0.0 0.0 0.0 1.0
chess/seq-04/color/frame-000154.color.png chess/seq-04/color/frame-000157.color.png 0.982728 -0.170562 -0.0717968 0.0950022 0.178173 0.976894 0.118035 -0.301949 0.0500057 -0.128788 0.990411 -0.0599294 0.0 0.0 0.0 1.0
chess/seq-04/color/frame-000157.color.png chess/seq-04/color/frame-000160.color.png 0.992082 -0.122126 -0.0293166 0.0556985 0.124188 0.988713 0.0838039 -0.214569 0.0187511 -0.0867811 0.996051 -0.0226794 0.0 0.0 0.0 1.0
chess/seq-04/color/frame-000160.color.png chess/seq-04/color/frame-000163.color.png 0.989425 -0.144808 -0.00824354 0.0453935 0.144886 0.984113 0.102613 -0.270986 -0.0067466 -0.102722 0.994687 0.00807834 0.0 0.0 0.0 1.0
chess/seq-04/color/frame-000163.color.png chess/seq-04/color/frame-000166.color.png 0.994758 -0.0940048 0.0402489 -0.0327833 0.0916506 0.994169 0.056811 -0.161691 -0.0453546 -0.0528243 0.997573 0.0467854 0.0 0.0 0.0 1.0
chess/seq-04/color/frame-000166.color.png chess/seq-04/color/frame-000169.color.png 0.991711 -0.108594 0.0686805 -0.079427 0.104515 0.992685 0.0604474 -0.194098 -0.0747422 -0.0527682 0.995806 0.0637583 0.0 0.0 0.0 1.0
chess/seq-04/color/frame-000169.color.png chess/seq-04/color/frame-000172.color.png 0.992527 -0.0979273 0.0728046 -0.0652027 0.0943281 0.994217 0.05134 -0.154655 -0.0774112 -0.0440887 0.996024 0.0888985 0.0 0.0 0.0 1.0
chess/seq-04/color/frame-000172.color.png chess/seq-04/color/frame-000175.color.png 0.997255 -0.0582295 0.0457354 -0.032519 0.0563313 0.997539 0.04175 -0.112054 -0.0480538 -0.0390592 0.998081 0.060362 0.0 0.0 0.0 1.0
chess/seq-04/color/frame-000175.color.png chess/seq-04/color/frame-000178.color.png 0.999925 -0.0116015 0.00391067 0.0234802 0.0114999 0.99962 0.0250605 -0.0290205 -0.00420003 -0.0250136 0.999678 0.0158638 0.0 0.0 0.0 1.0
chess/seq-04/color/frame-000178.color.png chess/seq-04/color/frame-000181.color.png 0.995825 0.0856533 0.0315448 -0.0226586 -0.0861459 0.996175 0.0146045 0.0996851 -0.0301732 -0.0172609 0.999395 0.0456916 0.0 0.0 0.0 1.0
chess/seq-04/color/frame-000181.color.png chess/seq-04/color/frame-000184.color.png 0.996273 0.085899 0.00783784 0.0155399 -0.0859423 0.996286 0.00534069 0.109915 -0.00735001 -0.00599442 0.999955 0.0157015 0.0 0.0 0.0 1.0
chess/seq-04/color/frame-000184.color.png chess/seq-04/color/frame-000187.color.png 0.998964 0.045192 -0.00535777 0.019364 -0.0452265 0.998955 -0.0065359 0.0796203 0.0050569 0.0067715 0.999964 0.0134014 0.0 0.0 0.0 1.0
chess/seq-04/color/frame-000187.color.png chess/seq-04/color/frame-000190.color.png 0.997645 0.0682831 0.0064881 0.0119025 -0.0681127 0.997398 -0.023611 0.122843 -0.00808354 0.0231135 0.9997 0.0103793 0.0 0.0 0.0 1.0
chess/seq-04/color/frame-000190.color.png chess/seq-04/color/frame-000193.color.png 0.996584 0.0717457 -0.040895 0.117624 -0.073204 0.99669 -0.0353519 0.123536 0.0382233 0.0382248 0.998538 0.00925958 0.0 0.0 0.0 1.0
chess/seq-04/color/frame-000193.color.png chess/seq-04/color/frame-000196.color.png 0.995403 0.0879774 -0.0378638 0.0756257 -0.0898756 0.994608 -0.0517492 0.158296 0.0331069 0.0549143 0.997942 -0.030035 0.0 0.0 0.0 1.0
chess/seq-04/color/frame-000196.color.png chess/seq-04/color/frame-000199.color.png 0.99636 0.0776308 -0.0352213 0.0571733 -0.079474 0.995354 -0.05436 0.132143 0.0308376 0.0569613 0.9979 -0.0318652 0.0 0.0 0.0 1.0
chess/seq-04/color/frame-000199.color.png chess/seq-04/color/frame-000202.color.png 0.999089 0.0388081 -0.0177441 0.033777 -0.0395172 0.998355 -0.0415317 0.0660171 0.016103 0.0421951 0.99898 -0.0231365 0.0 0.0 0.0 1.0
chess/seq-04/color/frame-000202.color.png chess/seq-04/color/frame-000205.color.png 0.999625 0.0272457 -0.00288613 0.0164762 -0.02732 0.999178 -0.0299663 0.0466531 0.00206733 0.0300338 0.999547 -0.0102359 0.0 0.0 0.0 1.0
chess/seq-04/color/frame-000205.color.png chess/seq-04/color/frame-000208.color.png 0.999849 0.00432643 -0.0168245 0.0374757 -0.00488186 0.99944 -0.0331134 0.0197251 0.0166719 0.0331905 0.99931 -0.023351 0.0 0.0 0.0 1.0
chess/seq-04/color/frame-000208.color.png chess/seq-04/color/frame-000211.color.png 0.999611 0.0253056 0.0117508 0.0058403 -0.0250373 0.999435 -0.022442 0.0369323 -0.0123121 0.022139 0.999679 0.000434399 0.0 0.0 0.0 1.0
chess/seq-04/color/frame-000211.color.png chess/seq-04/color/frame-000214.color.png 0.998853 0.0467566 -0.0102819 0.0531807 -0.0471117 0.998184 -0.0375497 0.0945135 0.00850757 0.0379911 0.999242 -0.0262038 0.0 0.0 0.0 1.0
chess/seq-04/color/frame-000214.color.png chess/seq-04/color/frame-000217.color.png 0.998467 0.0540243 -0.0120632 0.0544121 -0.0542947 0.998252 -0.0233407 0.0838006 0.0107813 0.0239598 0.999655 -0.0348196 0.0 0.0 0.0 1.0
chess/seq-04/color/frame-000217.color.png chess/seq-04/color/frame-000220.color.png 0.997567 0.0669378 -0.0195 0.0655904 -0.0675901 0.9971 -0.0349696 0.104605 0.0171027 0.0362025 0.999198 -0.0471765 0.0 0.0 0.0 1.0
chess/seq-04/color/frame-000220.color.png chess/seq-04/color/frame-000223.color.png 0.997287 0.0451083 -0.0581619 0.105433 -0.0465628 0.998629 -0.0239009 0.0677831 0.057004 0.0265442 0.998021 -0.077091 0.0 0.0 0.0 1.0
chess/seq-04/color/frame-000223.color.png chess/seq-04/color/frame-000226.color.png 0.998478 0.0429888 -0.0345573 0.0687267 -0.0431805 0.999056 -0.00481941 0.0662626 0.0343176 0.00630434 0.999391 -0.0588571 0.0 0.0 0.0 1.0
chess/seq-04/color/frame-000226.color.png chess/seq-04/color/frame-000229.color.png 0.998447 0.0255261 -0.0495077 0.0726925 -0.0254778 0.999674 0.00160693 0.0450085 0.0495326 -0.000343126 0.998772 -0.072417 0.0 0.0 0.0 1.0
chess/seq-04/color/frame-000229.color.png chess/seq-04/color/frame-000232.color.png 0.997671 0.0336079 -0.059359 0.0736651 -0.0331776 0.999416 0.00822128 0.0574975 0.0596007 -0.00623281 0.998203 -0.0905004 0.0 0.0 0.0 1.0
chess/seq-04/color/frame-000232.color.png chess/seq-04/color/frame-000235.color.png 0.997999 0.0224697 -0.0591075 0.0518978 -0.0219966 0.999721 0.00863965 0.042189 0.0592851 -0.00732209 0.998214 -0.0788416 0.0 0.0 0.0 1.0
chess/seq-04/color/frame-000235.color.png chess/seq-04/color/frame-000238.color.png 0.99867 0.0176591 -0.0484393 0.0414437 -0.0167763 0.999687 0.018573 0.0192184 0.0487522 -0.0177357 0.998653 -0.0587919 0.0 0.0 0.0 1.0
chess/seq-04/color/frame-000238.color.png chess/seq-04/color/frame-000241.color.png 0.999839 0.0176305 -0.00318556 -0.0247105 -0.0175768 0.999715 0.0161643 0.0180464 0.00346957 -0.0161057 0.999864 -0.00656199 0.0 0.0 0.0 1.0
chess/seq-04/color/frame-000241.color.png chess/seq-04/color/frame-000244.color.png 0.999981 -0.00236233 -0.00564468 -0.0314952 0.00240331 0.999971 0.00727207 0.0063062 0.00562744 -0.0072855 0.999958 0.00516391 0.0 0.0 0.0 1.0
chess/seq-04/color/frame-000244.color.png chess/seq-04/color/frame-000247.color.png 0.999929 0.00160932 0.0117766 -0.0490189 -0.00159588 0.999998 -0.00114639 0.0211345 -0.0117787 0.00112757 0.99993 0.0355179 0.0 0.0 0.0 1.0
chess/seq-04/color/frame-000247.color.png chess/seq-04/color/frame-000250.color.png 0.998962 -0.0400693 0.0216881 -0.0974936 0.0397672 0.999108 0.0141875 -0.0597164 -0.022237 -0.0133103 0.999664 0.0416923 0.0 0.0 0.0 1.0
chess/seq-04/color/frame-000250.color.png chess/seq-04/color/frame-000253.color.png 0.996528 -0.0779384 0.0292731 -0.108806 0.0777131 0.996937 0.00875923 -0.0865863 -0.0298661 -0.00645396 0.999533 0.0559409 0.0 0.0 0.0 1.0
chess/seq-04/color/frame-000253.color.png chess/seq-04/color/frame-000256.color.png 0.996418 -0.0695333 0.0481196 -0.105454 0.0680877 0.997196 0.0310584 -0.0981081 -0.0501444 -0.0276708 0.998359 0.0772548 0.0 0.0 0.0 1.0
chess/seq-04/color/frame-000256.color.png chess/seq-04/color/frame-000259.color.png 0.997202 -0.0615481 0.0424311 -0.110103 0.0581646 0.995346 0.0768266 -0.144206 -0.0469621 -0.0741437 0.996141 0.0651584 0.0 0.0 0.0 1.0
chess/seq-04/color/frame-000259.color.png chess/seq-04/color/frame-000262.color.png 0.997262 -0.0438797 0.0595188 -0.132303 0.0393202 0.996353 0.0757247 -0.127324 -0.0626246 -0.073177 0.995351 0.0922233 0.0 0.0 0.0 1.0
chess/seq-04/color/frame-000262.color.png chess/seq-04/color/frame-000265.color.png 0.995072 -0.0901658 0.0412568 -0.104542 0.0865607 0.992857 0.0821098 -0.183626 -0.0483655 -0.078134 0.995769 0.072999 0.0 0.0 0.0 1.0
chess/seq-04/color/frame-000265.color.png chess/seq-04/color/frame-000268.color.png 0.996488 -0.0500199 0.0671485 -0.132075 0.0455943 0.996784 0.0658957 -0.12055 -0.0702286 -0.0626026 0.995565 0.105083 0.0 0.0 0.0 1.0
chess/seq-04/color/frame-000268.color.png chess/seq-04/color/frame-000271.color.png 0.999269 -0.0155212 0.0349291 -0.0807025 0.0147179 0.999624 0.0231379 -0.0419119 -0.0352751 -0.022607 0.999122 0.0812464 0.0 0.0 0.0 1.0
chess/seq-04/color/frame-000271.color.png chess/seq-04/color/frame-000274.color.png 0.998224 0.0160087 0.0573795 -0.11068 -0.0166193 0.99981 0.0101795 -0.00533557 -0.0572057 -0.011115 0.9983 0.0934486 0.0 0.0 0.0 1.0
chess/seq-04/color/frame-000274.color.png chess/seq-04/color/frame-000277.color.png 0.999196 0.0314044 0.0249019 -0.0574144 -0.0318006 0.999371 0.015677 0.0080117 -0.0243939 -0.0164563 0.999567 0.0549642 0.0 0.0 0.0 1.0
chess/seq-04/color/frame-000277.color.png chess/seq-04/color/frame-000280.color.png 0.999614 0.0256931 0.0106044 -0.0383462 -0.0258747 0.999515 0.0173547 -0.00585651 -0.0101533 -0.0176224 0.999793 0.0366251 0.0 0.0 0.0 1.0
chess/seq-04/color/frame-000280.color.png chess/seq-04/color/frame-000283.color.png 0.999686 0.00639122 0.0242345 -0.0642491 -0.00679491 0.999839 0.0166135 -0.0176122 -0.0241245 -0.0167729 0.999568 0.038808 0.0 0.0 0.0 1.0
chess/seq-04/color/frame-000283.color.png chess/seq-04/color/frame-000286.color.png 0.999797 0.00514254 0.0194758 -0.0675644 -0.00524075 0.999974 0.00499655 -0.000765771 -0.0194495 -0.00509768 0.999798 0.034003 0.0 0.0 0.0 1.0
chess/seq-04/color/frame-000286.color.png chess/seq-04/color/frame-000289.color.png 0.999877 0.00684598 0.0141294 -0.0626042 -0.00665402 0.999886 -0.0135908 0.0320359 -0.0142207 0.013495 0.999808 0.0295106 0.0 0.0 0.0 1.0
chess/seq-04/color/frame-000289.color.png chess/seq-04/color/frame-000292.color.png 0.999547 0.00506569 0.0296655 -0.0771559 -0.00477427 0.99994 -0.00988688 0.0168892 -0.029714 0.0097409 0.999511 0.0216815 0.0 0.0 0.0 1.0
chess/seq-04/color/frame-000292.color.png chess/seq-04/color/frame-000295.color.png 0.999465 0.003294 0.0325562 -0.0956083 -0.00356195 0.99996 0.00817692 -0.0214245 -0.032528 -0.00828855 0.999436 0.0157672 0.0 0.0 0.0 1.0
chess/seq-04/color/frame-000295.color.png chess/seq-04/color/frame-000298.color.png 0.999442 0.00470153 0.0330665 -0.0988799 -0.0046085 0.999985 -0.00288916 0.000557393 -0.0330795 0.00273516 0.999449 0.00834179 0.0 0.0 0.0 1.0
chess/seq-04/color/frame-000298.color.png chess/seq-04/color/frame-000301.color.png 0.999886 0.00556686 0.0140506 -0.0537145 -0.0055352 0.999982 -0.00229196 0.00591898 -0.0140632 0.00221392 0.999899 -0.000285745 0.0 0.0 0.0 1.0
chess/seq-04/color/frame-000301.color.png chess/seq-04/color/frame-000304.color.png 0.999739 0.0163375 0.0159931 -0.0638123 -0.0160682 0.999729 -0.0168227 0.0395781 -0.0162635 0.0165613 0.999731 -0.00151598 0.0 0.0 0.0 1.0
chess/seq-04/color/frame-000304.color.png chess/seq-04/color/frame-000307.color.png 0.999806 0.00863691 0.0176759 -0.0711572 -0.00873507 0.999947 0.00548284 -0.0118452 -0.0176276 -0.00563619 0.999829 -0.000341535 0.0 0.0 0.0 1.0
chess/seq-04/color/frame-000307.color.png chess/seq-04/color/frame-000310.color.png 0.999918 0.0124375 0.00303822 -0.0315648 -0.0124163 0.999899 -0.00689827 0.0209653 -0.00312365 0.00685997 0.999972 0.00428557 0.0 0.0 0.0 1.0
chess/seq-04/color/frame-000310.color.png chess/seq-04/color/frame-000313.color.png 0.999857 0.00433519 0.0163579 -0.0608034 -0.00431815 0.99999 -0.00107727 -0.000874013 -0.0163625 0.0010065 0.999866 0.00974894 0.0 0.0 0.0 1.0
chess/seq-04/color/frame-000313.color.png chess/seq-04/color/frame-000316.color.png 0.999684 -0.015354 0.0198824 -0.0580477 0.0152479 0.999869 0.00548024 -0.0158247 -0.0199639 -0.00517532 0.999787 0.0125887 0.0 0.0 0.0 1.0
chess/seq-04/color/frame-000316.color.png chess/seq-04/color/frame-000319.color.png 0.999006 -0.0140357 0.0423017 -0.104004 0.0149772 0.999645 -0.0220234 0.0352589 -0.0419776 0.0226351 0.998862 0.0311641 0.0 0.0 0.0 1.0
chess/seq-04/color/frame-000319.color.png chess/seq-04/color/frame-000322.color.png 0.999452 -0.0314846 0.0102683 -0.0371007 0.0313773 0.999453 0.0104499 -0.0552869 -0.0105917 -0.010122 0.999893 0.00761616 0.0 0.0 0.0 1.0
chess/seq-04/color/frame-000322.color.png chess/seq-04/color/frame-000325.color.png 0.999855 -0.0079904 0.0150583 -0.0702058 0.00776256 0.999855 0.015128 -0.0322484 -0.015177 -0.0150089 0.999772 8.82149e-05 0.0 0.0 0.0 1.0
chess/seq-04/color/frame-000325.color.png chess/seq-04/color/frame-000328.color.png 0.99996 -0.0020279 -0.0086588 -0.0115356 0.00208803 0.999974 0.00694352 -0.00902423 0.00864448 -0.00696136 0.999938 -0.00702929 0.0 0.0 0.0 1.0
chess/seq-04/color/frame-000328.color.png chess/seq-04/color/frame-000331.color.png 0.999767 -0.0193 0.00965964 -0.0445569 0.0190855 0.999579 0.0218323 -0.0398004 -0.0100769 -0.0216429 0.999715 0.00553548 0.0 0.0 0.0 1.0
chess/seq-04/color/frame-000331.color.png chess/seq-04/color/frame-000334.color.png 0.999631 0.0131107 0.0237834 -0.0608912 -0.0133143 0.999876 0.00842162 -0.0138221 -0.02367 -0.00873513 0.999682 0.0142038 0.0 0.0 0.0 1.0
chess/seq-04/color/frame-000334.color.png chess/seq-04/color/frame-000337.color.png 0.999815 -0.0127685 0.0144213 -0.0522722 0.0126909 0.999905 0.00545635 0.0019896 -0.0144895 -0.00527238 0.999881 0.0125515 0.0 0.0 0.0 1.0
chess/seq-04/color/frame-000337.color.png chess/seq-04/color/frame-000340.color.png 0.999638 -0.0041629 0.0265761 -0.0608439 0.00453212 0.999894 -0.0138486 0.0211851 -0.0265156 0.0139641 0.999551 0.0184232 0.0 0.0 0.0 1.0
chess/seq-04/color/frame-000340.color.png chess/seq-04/color/frame-000343.color.png 0.999354 0.00116108 0.035918 -0.0856988 -0.000999849 0.999989 -0.00450637 -0.00256437 -0.0359229 0.00446756 0.999345 0.0168501 0.0 0.0 0.0 1.0
chess/seq-04/color/frame-000343.color.png chess/seq-04/color/frame-000346.color.png 0.998969 0.00782895 0.0447158 -0.0851561 -0.00778847 0.999969 -0.00107856 -0.00110072 -0.0447228 0.000729158 0.998999 0.013973 0.0 0.0 0.0 1.0
chess/seq-04/color/frame-000346.color.png chess/seq-04/color/frame-000349.color.png 0.999513 -0.0156191 0.0270284 -0.0504146 0.0153319 0.999824 0.0108002 -0.0226502 -0.0271923 -0.0103806 0.999576 0.0133306 0.0 0.0 0.0 1.0
chess/seq-04/color/frame-000349.color.png chess/seq-04/color/frame-000352.color.png 0.999591 -0.00913206 0.0270848 -0.0460468 0.00858797 0.99976 0.0201367 -0.0386702 -0.0272622 -0.0198958 0.99943 0.00979292 0.0 0.0 0.0 1.0
chess/seq-04/color/frame-000352.color.png chess/seq-04/color/frame-000355.color.png 0.999646 -0.00133235 0.0265892 -0.0548401 0.000603353 0.999624 0.0274073 -0.0465328 -0.0266157 -0.0273815 0.999271 0.020445 0.0 0.0 0.0 1.0
chess/seq-04/color/frame-000355.color.png chess/seq-04/color/frame-000358.color.png 0.999865 7.1565e-06 0.0164025 -0.0274566 -0.000433275 0.999662 0.0259749 -0.043455 -0.0163968 -0.0259785 0.999528 0.0115813 0.0 0.0 0.0 1.0
chess/seq-04/color/frame-000358.color.png chess/seq-04/color/frame-000361.color.png 0.999986 -0.00218607 0.00482841 -0.0175861 0.00203291 0.999502 0.0315018 -0.0636772 -0.00489488 -0.0314915 0.999492 0.0129005 0.0 0.0 0.0 1.0
chess/seq-04/color/frame-000361.color.png chess/seq-04/color/frame-000364.color.png 0.999951 0.00977612 -0.00154684 0.00483204 -0.0097495 0.999819 0.0163559 -0.0271498 0.00170646 -0.0163401 0.999865 0.0124896 0.0 0.0 0.0 1.0
chess/seq-04/color/frame-000364.color.png chess/seq-04/color/frame-000367.color.png 0.999983 0.00535822 0.00246044 0.00882088 -0.0053685 0.999977 0.00420363 -0.0162522 -0.00243785 -0.00421676 0.999988 0.015889 0.0 0.0 0.0 1.0
chess/seq-04/color/frame-000367.color.png chess/seq-04/color/frame-000370.color.png 0.999994 0.000220363 -0.00345846 0.0154522 -0.000188711 0.999958 0.00916076 -0.0236639 0.00346034 -0.00916006 0.999952 0.0132637 0.0 0.0 0.0 1.0
chess/seq-04/color/frame-000370.color.png chess/seq-04/color/frame-000373.color.png 0.999872 0.00896435 -0.0132388 0.036813 -0.00866396 0.999708 0.022576 -0.0466902 0.0134373 -0.0224585 0.999657 0.00799143 0.0 0.0 0.0 1.0
chess/seq-04/color/frame-000373.color.png chess/seq-04/color/frame-000376.color.png 0.999784 0.0172171 -0.0116022 0.037987 -0.0170773 0.999782 0.0120457 -0.0224426 0.0118071 -0.0118449 0.99986 0.00949883 0.0 0.0 0.0 1.0
chess/seq-04/color/frame-000376.color.png chess/seq-04/color/frame-000379.color.png 0.999692 0.0246667 0.00259695 0.0140094 -0.0247017 0.99959 0.0144601 -0.0289018 -0.00223921 -0.0145198 0.999892 0.00816798 0.0 0.0 0.0 1.0
chess/seq-04/color/frame-000379.color.png chess/seq-04/color/frame-000382.color.png 0.999911 0.0116826 -0.00637084 0.0269174 -0.0115987 0.999847 0.0130554 -0.0300019 0.00652241 -0.0129804 0.999894 0.00048995 0.0 0.0 0.0 1.0
chess/seq-04/color/frame-000382.color.png chess/seq-04/color/frame-000385.color.png 0.999991 0.00355172 -0.00219301 0.0156054 -0.0035098 0.999817 0.0188261 -0.0428615 0.00225947 -0.0188182 0.99982 -0.00715888 0.0 0.0 0.0 1.0
chess/seq-04/color/frame-000385.color.png chess/seq-04/color/frame-000388.color.png 0.999938 0.00270842 -0.0107974 0.0283275 -0.00234415 0.999432 0.0336065 -0.064032 0.0108823 -0.033579 0.999377 -0.0219646 0.0 0.0 0.0 1.0
chess/seq-04/color/frame-000388.color.png chess/seq-04/color/frame-000391.color.png 0.999557 0.0174179 -0.0241544 0.0518187 -0.0168633 0.999594 0.0229772 -0.0415529 0.0245448 -0.0225598 0.999444 -0.0331194 0.0 0.0 0.0 1.0
chess/seq-04/color/frame-000391.color.png chess/seq-04/color/frame-000394.color.png 0.998761 0.0360161 -0.0343422 0.0771827 -0.034793 0.998761 0.0355731 -0.0695448 0.0355809 -0.0343341 0.998777 -0.0487329 0.0 0.0 0.0 1.0
chess/seq-04/color/frame-000394.color.png chess/seq-04/color/frame-000397.color.png 0.997766 0.0498459 -0.0444713 0.0923017 -0.0500322 0.998743 -0.00308525 0.00508136 0.0442616 0.0053033 0.999006 -0.0428822 0.0 0.0 0.0 1.0
chess/seq-04/color/frame-000397.color.png chess/seq-04/color/frame-000400.color.png 0.997416 0.0532522 -0.0482142 0.107218 -0.0538031 0.9985 -0.0101999 0.00997996 0.0475987 0.0127676 0.998785 -0.0484531 0.0 0.0 0.0 1.0
chess/seq-04/color/frame-000400.color.png chess/seq-04/color/frame-000403.color.png 0.997882 0.0485015 -0.0433411 0.0860817 -0.0491249 0.998702 -0.0134356 0.0188223 0.0426332 0.0155365 0.99897 -0.0452932 0.0 0.0 0.0 1.0
chess/seq-04/color/frame-000403.color.png chess/seq-04/color/frame-000406.color.png 0.998238 0.0469779 -0.0362593 0.0765627 -0.0478472 0.998578 -0.0234907 0.0399423 0.0351042 0.0251841 0.999066 -0.0398358 0.0 0.0 0.0 1.0
chess/seq-04/color/frame-000406.color.png chess/seq-04/color/frame-000409.color.png 0.998408 0.0381051 -0.0415969 0.0895979 -0.0384872 0.999224 -0.00842449 0.0112024 0.0412436 0.010012 0.999099 -0.0406008 0.0 0.0 0.0 1.0
chess/seq-04/color/frame-000409.color.png chess/seq-04/color/frame-000412.color.png 0.999289 0.0314869 -0.020712 0.0220833 -0.0317739 0.999402 -0.013671 0.0249925 0.0202692 0.0143194 0.999692 -0.0276908 0.0 0.0 0.0 1.0
chess/seq-04/color/frame-000412.color.png chess/seq-04/color/frame-000415.color.png 0.999115 0.0240308 -0.0345363 0.0619767 -0.0243659 0.99966 -0.0093139 0.00984198 0.0343007 0.0101473 0.99936 -0.0262021 0.0 0.0 0.0 1.0
chess/seq-04/color/frame-000415.color.png chess/seq-04/color/frame-000418.color.png 0.997916 0.0385032 -0.0517753 0.0878115 -0.039718 0.998954 -0.0226431 0.0442052 0.0508493 0.0246522 0.998402 -0.0242988 0.0 0.0 0.0 1.0
chess/seq-04/color/frame-000418.color.png chess/seq-04/color/frame-000421.color.png 0.995922 0.0606777 -0.0667599 0.118423 -0.0619531 0.997931 -0.0172021 0.041043 0.0655779 0.0212678 0.997621 -0.0354437 0.0 0.0 0.0 1.0
chess/seq-04/color/frame-000421.color.png chess/seq-04/color/frame-000424.color.png 0.998142 0.0451118 -0.0409656 0.0658039 -0.0455825 0.998904 -0.0106275 0.0247387 0.0404413 0.0124751 0.999104 -0.0355155 0.0 0.0 0.0 1.0
chess/seq-04/color/frame-000424.color.png chess/seq-04/color/frame-000427.color.png 0.999298 0.0298916 -0.0225767 0.041244 -0.0298017 0.999547 0.00430545 -0.00436568 0.0226951 -0.00362956 0.999736 -0.0331476 0.0 0.0 0.0 1.0
chess/seq-04/color/frame-000427.color.png chess/seq-04/color/frame-000430.color.png 0.997411 0.0623385 -0.0358384 0.0812445 -0.0624208 0.998049 -0.00118189 0.00919569 0.0356948 0.00341589 0.999357 -0.0354766 0.0 0.0 0.0 1.0
chess/seq-04/color/frame-000430.color.png chess/seq-04/color/frame-000433.color.png 0.995629 0.0896431 -0.0261906 0.0763941 -0.0899191 0.995903 -0.00955372 0.0327198 0.0252268 0.011867 0.999611 -0.0357295 0.0 0.0 0.0 1.0
chess/seq-04/color/frame-000433.color.png chess/seq-04/color/frame-000436.color.png 0.995828 0.0560512 -0.0720004 0.128089 -0.0558946 0.998428 0.00419139 0.00827157 0.0721221 -0.000149485 0.997396 -0.0274886 0.0 0.0 0.0 1.0
chess/seq-04/color/frame-000436.color.png chess/seq-04/color/frame-000439.color.png 0.993593 0.0780734 -0.0817179 0.168883 -0.0788702 0.996863 -0.00656467 0.0206981 0.080949 0.0129677 0.996634 -0.0266887 0.0 0.0 0.0 1.0
chess/seq-04/color/frame-000439.color.png chess/seq-04/color/frame-000442.color.png 0.995039 0.0630776 -0.0769282 0.158432 -0.0627259 0.998006 0.0069826 0.000779092 0.0772153 -0.00212253 0.997012 -0.0333109 0.0 0.0 0.0 1.0
chess/seq-04/color/frame-000442.color.png chess/seq-04/color/frame-000445.color.png 0.994073 0.0348199 -0.102984 0.187055 -0.0354494 0.999362 -0.00428857 0.0254416 0.102769 0.0079139 0.994674 -0.0290378 0.0 0.0 0.0 1.0
chess/seq-04/color/frame-000445.color.png chess/seq-04/color/frame-000448.color.png 0.991358 0.070967 -0.110335 0.223549 -0.0687612 0.997352 0.0236748 -0.0189028 0.111723 -0.0158834 0.993613 -0.057404 0.0 0.0 0.0 1.0
chess/seq-04/color/frame-000448.color.png chess/seq-04/color/frame-000451.color.png 0.997197 0.0386289 -0.0640751 0.132785 -0.036245 0.998622 0.0379582 -0.0390291 0.0654531 -0.0355295 0.997223 -0.0410056 0.0 0.0 0.0 1.0
chess/seq-04/color/frame-000451.color.png chess/seq-04/color/frame-000454.color.png 0.998712 0.0254713 -0.0438752 0.105294 -0.0242263 0.999295 0.0286801 -0.0191735 0.0445748 -0.0275802 0.998625 -0.0278146 0.0 0.0 0.0 1.0
chess/seq-04/color/frame-000454.color.png chess/seq-04/color/frame-000457.color.png 0.99934 0.0149654 -0.0330895 0.0826079 -0.014523 0.999802 0.0135714 -0.00518435 0.033286 -0.0130818 0.99936 -0.0194939 0.0 0.0 0.0 1.0
chess/seq-04/color/frame-000457.color.png chess/seq-04/color/frame-000460.color.png 0.99889 0.0407352 -0.0236721 0.084844 -0.0397227 0.998337 0.0417707 -0.0485417 0.0253343 -0.0407841 0.998847 -0.00983799 0.0 0.0 0.0 1.0
chess/seq-04/color/frame-000460.color.png chess/seq-04/color/frame-000463.color.png 0.99966 0.0254616 -0.0056165 0.0340378 -0.025371 0.999556 0.0156573 -0.00145286 0.00601267 -0.0155096 0.999862 -0.0111581 0.0 0.0 0.0 1.0
chess/seq-04/color/frame-000463.color.png chess/seq-04/color/frame-000466.color.png 0.999336 0.0319071 0.0175684 0.0272992 -0.0323685 0.999121 0.0266388 -0.0392219 -0.016703 -0.0271895 0.999491 0.00390184 0.0 0.0 0.0 1.0
chess/seq-04/color/frame-000466.color.png chess/seq-04/color/frame-000469.color.png 0.999403 0.034378 -0.00331469 0.0323827 -0.0342434 0.998818 0.0345012 -0.052651 0.00449688 -0.0343672 0.999399 -0.0111663 0.0 0.0 0.0 1.0
chess/seq-04/color/frame-000469.color.png chess/seq-04/color/frame-000472.color.png 0.999646 0.0237713 0.0119258 0.0256668 -0.0237327 0.999713 -0.00337155 -0.0223923 -0.0120026 0.00308735 0.999923 -0.000605583 0.0 0.0 0.0 1.0
chess/seq-04/color/frame-000472.color.png chess/seq-04/color/frame-000475.color.png 0.998822 0.0159599 0.0458157 -0.0243912 -0.0144872 0.999373 -0.0322987 0.0226133 -0.0463025 0.031597 0.998428 0.0299898 0.0 0.0 0.0 1.0
chess/seq-04/color/frame-000475.color.png chess/seq-04/color/frame-000478.color.png 0.998846 -0.0197922 0.0437652 -0.0243805 0.020969 0.999426 -0.0265952 0.00878489 -0.0432137 0.0274823 0.998688 0.0312573 0.0 0.0 0.0 1.0
chess/seq-04/color/frame-000478.color.png chess/seq-04/color/frame-000481.color.png 0.999817 -0.0134911 0.0135975 0.000297368 0.0137741 0.999686 -0.0209392 -0.00715327 -0.0133107 0.0211225 0.999688 0.023747 0.0 0.0 0.0 1.0
chess/seq-04/color/frame-000481.color.png chess/seq-04/color/frame-000484.color.png 0.99997 -0.00766203 -0.00101972 0.0299299 0.00763463 0.999669 -0.0245744 0.0126011 0.00120761 0.0245659 0.999697 0.0151589 0.0 0.0 0.0 1.0
chess/seq-04/color/frame-000484.color.png chess/seq-04/color/frame-000487.color.png 0.999678 0.00505316 -0.024857 0.0542122 -0.00557681 0.999763 -0.021039 0.025602 0.0247448 0.0211708 0.99947 -0.000507116 0.0 0.0 0.0 1.0
chess/seq-04/color/frame-000487.color.png chess/seq-04/color/frame-000490.color.png 0.999831 -5.62314e-05 -0.0183587 0.0316698 -0.000395137 0.999698 -0.0245852 0.0261189 0.0183545 0.0245884 0.999529 0.0049578 0.0 0.0 0.0 1.0
chess/seq-04/color/frame-000490.color.png chess/seq-04/color/frame-000493.color.png 0.997765 -0.0403297 -0.053273 0.0433632 0.0393013 0.999023 -0.0202116 -0.00853938 0.054036 0.0180728 0.998375 -0.0266963 0.0 0.0 0.0 1.0
chess/seq-04/color/frame-000493.color.png chess/seq-04/color/frame-000496.color.png 0.994829 -0.0877852 0.0510728 -0.130004 0.0867229 0.995975 0.0226625 -0.0877025 -0.0528566 -0.0181162 0.998438 0.0229963 0.0 0.0 0.0 1.0
chess/seq-04/color/frame-000496.color.png chess/seq-04/color/frame-000499.color.png 0.997458 -0.0547617 0.045599 -0.0955734 0.0539266 0.998357 0.0193481 -0.0470732 -0.0465836 -0.0168401 0.998772 0.0245936 0.0 0.0 0.0 1.0
chess/seq-04/color/frame-000499.color.png chess/seq-04/color/frame-000502.color.png 0.994349 -0.0995979 0.0367521 -0.122699 0.0977645 0.994017 0.0487047 -0.114454 -0.0413831 -0.0448364 0.998137 -0.00462425 0.0 0.0 0.0 1.0
chess/seq-04/color/frame-000502.color.png chess/seq-04/color/frame-000505.color.png 0.996597 -0.0639395 0.0520122 -0.119377 0.0620178 0.997361 0.0377597 -0.0827601 -0.0542893 -0.0344055 0.997932 0.0147918 0.0 0.0 0.0 1.0
chess/seq-04/color/frame-000505.color.png chess/seq-04/color/frame-000508.color.png 0.992216 -0.103179 0.0697284 -0.166998 0.100223 0.993963 0.0446404 -0.105061 -0.0739134 -0.0373045 0.996567 0.0234694 0.0 0.0 0.0 1.0
chess/seq-04/color/frame-000508.color.png chess/seq-04/color/frame-000511.color.png 0.998756 -0.0412392 0.0280203 -0.0712233 0.0404269 0.998763 0.0289636 -0.0490808 -0.0291801 -0.0277946 0.999188 -0.00433779 0.0 0.0 0.0 1.0
chess/seq-04/color/frame-000511.color.png chess/seq-04/color/frame-000514.color.png 0.992913 -0.0943501 0.0722587 -0.164619 0.0921741 0.9952 0.0328862 -0.0835603 -0.0750146 -0.0259928 0.996844 0.0256878 0.0 0.0 0.0 1.0
chess/seq-04/color/frame-000514.color.png chess/seq-04/color/frame-000517.color.png 0.998362 -0.0487206 0.02999 -0.0755876 0.0485191 0.998795 0.0074074 -0.0354447 -0.0303147 -0.0059402 0.999523 -0.004583 0.0 0.0 0.0 1.0
chess/seq-04/color/frame-000517.color.png chess/seq-04/color/frame-000520.color.png 0.99817 -0.0452032 0.040164 -0.0878918 0.0451976 0.998978 0.00105202 -0.015912 -0.0401705 0.000765164 0.999192 0.00619411 0.0 0.0 0.0 1.0
chess/seq-04/color/frame-000520.color.png chess/seq-04/color/frame-000523.color.png 0.99608 -0.0779313 0.0418503 -0.111518 0.0778785 0.996959 0.00289524 -0.0296951 -0.0419487 0.000375329 0.99912 0.00593793 0.0 0.0 0.0 1.0
chess/seq-04/color/frame-000523.color.png chess/seq-04/color/frame-000526.color.png 0.997061 -0.0619518 0.0450707 -0.111611 0.0623337 0.99803 -0.00711895 -0.018066 -0.0445409 0.00990751 0.998958 0.0121543 0.0 0.0 0.0 1.0
chess/seq-04/color/frame-000526.color.png chess/seq-04/color/frame-000529.color.png 0.998371 -0.0392196 0.0414286 -0.0984975 0.0393104 0.999226 -0.00137954 -0.00635725 -0.0413425 0.00300593 0.999141 0.0110099 0.0 0.0 0.0 1.0
chess/seq-04/color/frame-000529.color.png chess/seq-04/color/frame-000532.color.png 0.998868 -0.0445556 0.0166637 -0.0676447 0.0446356 0.998993 -0.00445975 -0.0104125 -0.0164482 0.00519846 0.999851 0.000823379 0.0 0.0 0.0 1.0
chess/seq-04/color/frame-000532.color.png chess/seq-04/color/frame-000535.color.png 0.99916 -0.0153592 0.0380013 -0.101397 0.0146833 0.99973 0.0180044 -0.0172971 -0.0382676 -0.0174313 0.999115 0.00275338 0.0 0.0 0.0 1.0
chess/seq-04/color/frame-000535.color.png chess/seq-04/color/frame-000538.color.png 0.999425 -0.0215724 0.0261678 -0.0792752 0.021447 0.999757 0.00506423 -0.0171838 -0.0262707 -0.00450011 0.999645 0.013111 0.0 0.0 0.0 1.0
chess/seq-04/color/frame-000538.color.png chess/seq-04/color/frame-000541.color.png 0.999026 -0.0328598 0.0294529 -0.095982 0.0332542 0.999362 -0.0130012 -0.00193608 -0.0290069 0.0139679 0.999482 0.0183342 0.0 0.0 0.0 1.0
