chess/seq-04/color/frame-000001.color.png chess/seq-04/color/frame-000003.color.png 0.999973 0.00714035 0.00189739 0.000524924 -0.00714113 0.999974 0.000407383 0.00123261 -0.00189443 -0.000420921 0.999998 -0.000970188 0.0 0.0 0.0 1.0
chess/seq-04/color/frame-000003.color.png chess/seq-04/color/frame-000005.color.png 0.999998 0.00177767 -0.00117226 -0.000389225 -0.00177653 0.999998 0.000968256 -0.0014536 0.00117398 -0.000966171 0.999999 0.000721599 0.0 0.0 0.0 1.0
chess/seq-04/color/frame-000005.color.png chess/seq-04/color/frame-000007.color.png 0.999999 0.000642515 -0.00117995 0.000778499 -0.000641844 1.0 0.000570012 -0.000231023 0.00118032 -0.000569254 0.999999 0.000292308 0.0 0.0 0.0 1.0
chess/seq-04/color/frame-000007.color.png chess/seq-04/color/frame-000009.color.png 0.999997 -0.00021358 -0.00231803 0.000902543 0.00021323 1.0 -0.00015225 0.00338682 0.00231806 0.000151755 0.999997 0.00199306 0.0 0.0 0.0 1.0
chess/seq-04/color/frame-000009.color.png chess/seq-04/color/frame-000011.color.png 0.999998 0.00155075 -0.00143259 0.00173985 -0.00154952 0.999999 0.000859172 -0.00238942 0.00143392 -0.000856951 0.999998 0.00177461 0.0 0.0 0.0 1.0
chess/seq-04/color/frame-000011.color.png chess/seq-04/color/frame-000013.color.png 0.999999 0.00125454 -0.00112868 0.00266142 -0.00125674 0.999997 -0.00195823 0.00101615 0.00112622 0.00195965 0.999997 -0.000879896 0.0 0.0 0.0 1.0
chess/seq-04/color/frame-000013.color.png chess/seq-04/color/frame-000015.color.png 0.999979 0.00654222 4.51451e-05 0.00198575 -0.00654231 0.999976 0.00238593 -0.000833089 -2.95358e-05 -0.00238617 0.999997 0.000653622 0.0 0.0 0.0 1.0
chess/seq-04/color/frame-000015.color.png chess/seq-04/color/frame-000017.color.png 0.999951 0.00985114 -0.000946731 0.00366127 -0.00985044 0.999951 0.000750776 0.00113316 0.000954081 -0.000741413 0.999999 0.00276688 0.0 0.0 0.0 1.0
chess/seq-04/color/frame-000017.color.png chess/seq-04/color/frame-000019.color.png 0.999984 0.00554967 0.000806238 0.00197129 -0.00554904 0.999984 -0.000780425 -0.000419358 -0.000810556 0.000775939 0.999999 -0.000954573 0.0 0.0 0.0 1.0
chess/seq-04/color/frame-000019.color.png chess/seq-04/color/frame-000021.color.png 0.999968 0.0079234 -0.00141916 0.00523396 -0.00792677 0.999966 -0.00238018 0.000368988 0.00140025 0.00239136 0.999996 0.000362371 0.0 0.0 0.0 1.0
chess/seq-04/color/frame-000021.color.png chess/seq-04/color/frame-000023.color.png 0.999516 0.0306038 0.00553554 0.0124746 -0.0306246 0.999524 0.00370931 -0.00280987 -0.00541939 -0.00387704 0.999978 -0.00223983 0.0 0.0 0.0 1.0
chess/seq-04/color/frame-000023.color.png chess/seq-04/color/frame-000025.color.png 0.998984 0.0444046 0.00775966 0.00801656 -0.0444221 0.999011 0.00209765 -0.00383039 -0.00765884 -0.00244021 0.999968 0.000192855 0.0 0.0 0.0 1.0
chess/seq-04/color/frame-000025.color.png chess/seq-04/color/frame-000027.color.png 0.998868 0.0456547 0.0133386 0.0118314 -0.0457696 0.998916 0.00843109 0.00479346 -0.0129392 -0.00903205 0.999875 -0.00422401 0.0 0.0 0.0 1.0
chess/seq-04/color/frame-000027.color.png chess/seq-04/color/frame-000029.color.png 0.99866 0.047067 0.0215279 0.00463854 -0.0475121 0.998657 0.0206563 -0.00892121 -0.0205268 -0.0216514 0.999555 0.000468539 0.0 0.0 0.0 1.0
chess/seq-04/color/frame-000029.color.png chess/seq-04/color/frame-000031.color.png 0.997325 0.0725375 0.00905042 0.0128924 -0.0726997 0.997171 0.0190993 -0.00749888 -0.00763939 -0.0197062 0.999777 -0.000951316 0.0 0.0 0.0 1.0
chess/seq-04/color/frame-000031.color.png chess/seq-04/color/frame-000033.color.png 0.995348 0.0902758 0.0336648 0.00165051 -0.0909108 0.995699 0.0178302 -0.0101316 -0.0319104 -0.0208077 0.999274 -0.00263532 0.0 0.0 0.0 1.0
chess/seq-04/color/frame-000033.color.png chess/seq-04/color/frame-000035.color.png 0.99744 0.0692769 0.0177179 0.000839047 -0.069428 0.997554 0.00805953 -0.0262473 -0.0171163 -0.00926902 0.999811 -0.000395592 0.0 0.0 0.0 1.0
chess/seq-04/color/frame-000035.color.png chess/seq-04/color/frame-000037.color.png 0.998536 0.0533375 0.00902375 0.0067631 -0.0533657 0.998571 0.00291545 -0.0187688 -0.00885533 -0.00339272 0.999955 -0.00220933 0.0 0.0 0.0 1.0
chess/seq-04/color/frame-000037.color.png chess/seq-04/color/frame-000039.color.png 0.994779 0.0880606 0.0515795 -0.00815577 -0.0885382 0.996048 0.00704254 -0.0286732 -0.0507555 -0.0115725 0.998644 0.00852031 0.0 0.0 0.0 1.0
chess/seq-04/color/frame-000039.color.png chess/seq-04/color/frame-000041.color.png 0.998605 0.0385949 0.0360334 -0.00814204 -0.0389923 0.999185 0.0103965 -0.0161803 -0.0356028 -0.011787 0.999297 0.010897 0.0 0.0 0.0 1.0
chess/seq-04/color/frame-000041.color.png chess/seq-04/color/frame-000043.color.png 0.999815 -0.0116217 0.0153266 -0.0226759 0.0115847 0.99993 0.0024964 -0.011286 -0.0153546 -0.0023184 0.999879 0.0172896 0.0 0.0 0.0 1.0
chess/seq-04/color/frame-000043.color.png chess/seq-04/color/frame-000045.color.png 0.998305 -0.0518497 -0.0264507 -0.0564224 0.0516521 0.998632 -0.00809975 -0.0270751 0.0268345 0.00671979 0.999617 0.0385265 0.0 0.0 0.0 1.0
chess/seq-04/color/frame-000045.color.png chess/seq-04/color/frame-000047.color.png 0.998513 -0.0511922 -0.0187636 -0.0311444 0.0510753 0.998673 -0.00665574 -0.00410481 0.0190794 0.00568748 0.999802 0.0320395 0.0 0.0 0.0 1.0
chess/seq-04/color/frame-000047.color.png chess/seq-04/color/frame-000049.color.png 0.996092 -0.0794761 -0.0385254 -0.0384432 0.078867 0.996739 -0.0170852 -0.0031434 0.0397576 0.01398 0.999112 0.0348946 0.0 0.0 0.0 1.0
chess/seq-04/color/frame-000049.color.png chess/seq-04/color/frame-000051.color.png 0.995835 -0.0854039 -0.0319339 -0.0379671 0.0850121 0.996289 -0.013433 -0.0264095 0.0329626 0.0106623 0.9994 0.0235205 0.0 0.0 0.0 1.0
chess/seq-04/color/frame-000051.color.png chess/seq-04/color/frame-000053.color.png 0.997092 -0.0707357 -0.0283671 -0.0268295 0.0703093 0.997401 -0.0157553 0.00424662 0.0294079 0.013715 0.999473 0.0239122 0.0 0.0 0.0 1.0
chess/seq-04/color/frame-000053.color.png chess/seq-04/color/frame-000055.color.png 0.997172 -0.0743955 -0.0106212 -0.0297246 0.0742823 0.99718 -0.0106771 0.00387827 0.0113856 0.00985799 0.999887 0.0216587 0.0 0.0 0.0 1.0
chess/seq-04/color/frame-000055.color.png chess/seq-04/color/frame-000057.color.png 0.997962 -0.0636683 0.00424919 -0.0446892 0.0636448 0.997958 0.00545834 -0.000169933 -0.00458804 -0.0051768 0.999976 0.0171933 0.0 0.0 0.0 1.0
chess/seq-04/color/frame-000057.color.png chess/seq-04/color/frame-000059.color.png 0.996733 -0.08041 -0.00763792 -0.0345533 0.0804489 0.996746 0.00492787 0.00771707 0.00721683 -0.00552624 0.999959 0.0101636 0.0 0.0 0.0 1.0
chess/seq-04/color/frame-000059.color.png chess/seq-04/color/frame-000061.color.png 0.99581 -0.0903534 -0.0140718 -0.0522515 0.0903832 0.995906 0.00149504 -0.00554913 0.0138791 -0.00276064 0.9999 0.0106297 0.0 0.0 0.0 1.0
chess/seq-04/color/frame-000061.color.png chess/seq-04/color/frame-000063.color.png 0.994191 -0.101719 -0.0351895 -0.0412642 0.101183 0.994728 -0.0166962 0.0130492 0.0367023 0.0130386 0.999241 0.0204647 0.0 0.0 0.0 1.0
chess/seq-04/color/frame-000063.color.png chess/seq-04/color/frame-000065.color.png 0.996689 -0.0751068 -0.0311375 -0.0178933 0.0749738 0.997171 -0.00541913 0.00161293 0.0314565 0.00306669 0.9995 0.00803909 0.0 0.0 0.0 1.0
chess/seq-04/color/frame-000065.color.png chess/seq-04/color/frame-000067.color.png 0.995739 -0.07908 -0.0474358 0.0015088 0.0791725 0.996861 6.99906e-05 0.00904012 0.0472813 -0.0038253 0.998874 0.0111526 0.0 0.0 0.0 1.0
chess/seq-04/color/frame-000067.color.png chess/seq-04/color/frame-000069.color.png 0.997466 -0.0683409 -0.01975 -0.00805207 0.0685734 0.997582 0.0113421 -0.0101157 0.0189271 -0.0126677 0.999741 0.0029562 0.0 0.0 0.0 1.0
chess/seq-04/color/frame-000069.color.png chess/seq-04/color/frame-000071.color.png 0.997129 -0.0734669 -0.0183237 -0.0140425 0.0733514 0.997282 -0.00690046 0.00326541 0.0187809 0.00553658 0.999808 0.00082621 0.0 0.0 0.0 1.0
chess/seq-04/color/frame-000071.color.png chess/seq-04/color/frame-000073.color.png 0.99642 -0.0791742 -0.0296349 0.00935337 0.0789214 0.996835 -0.00960745 0.0128585 0.0303017 0.00723421 0.999515 0.014118 0.0 0.0 0.0 1.0
chess/seq-04/color/frame-000073.color.png chess/seq-04/color/frame-000075.color.png 0.998862 -0.0467182 0.00963181 0.0170007 0.0467367 0.998906 -0.00171324 -0.00526041 -0.00954121 0.00216147 0.999952 -0.00103527 0.0 0.0 0.0 1.0
chess/seq-04/color/frame-000075.color.png chess/seq-04/color/frame-000077.color.png 0.996995 -0.0647339 0.0425427 0.0154174 0.0651632 0.997836 -0.00877779 0.0329345 -0.0418824 0.0115237 0.999056 0.012375 0.0 0.0 0.0 1.0
chess/seq-04/color/frame-000077.color.png chess/seq-04/color/frame-000079.color.png 0.998742 -0.0286825 0.041138 0.014783 0.0278826 0.999413 0.0198871 0.0101918 -0.0416843 -0.018715 0.998955 0.00960438 0.0 0.0 0.0 1.0
chess/seq-04/color/frame-000079.color.png chess/seq-04/color/frame-000081.color.png 0.999165 -0.00808866 0.0400619 0.0531793 0.00740525 0.999825 0.0171767 -0.00410458 -0.0401939 -0.0168657 0.99905 0.00994089 0.0 0.0 0.0 1.0
chess/seq-04/color/frame-000081.color.png chess/seq-04/color/frame-000083.color.png 0.999515 0.0233196 0.0206304 0.0584811 -0.023591 0.999637 0.0130038 0.0177683 -0.0203197 -0.0134842 0.999703 0.0179324 0.0 0.0 0.0 1.0
chess/seq-04/color/frame-000083.color.png chess/seq-04/color/frame-000085.color.png 0.998572 0.0437658 0.0306355 0.0410576 -0.0444152 0.998796 0.0208504 0.00619742 -0.0296861 -0.0221813 0.999313 0.00924394 0.0 0.0 0.0 1.0
chess/seq-04/color/frame-000085.color.png chess/seq-04/color/frame-000087.color.png 0.998068 0.0616121 -0.0080079 0.0565833 -0.0613099 0.99755 0.0336847 -0.00541982 0.0100637 -0.0331287 0.9994 0.0146764 0.0 0.0 0.0 1.0
chess/seq-04/color/frame-000087.color.png chess/seq-04/color/frame-000089.color.png 0.997016 0.0763581 0.0113447 0.0536285 -0.0766492 0.996667 0.027925 0.00135338 -0.00917456 -0.0287113 0.999546 0.0229874 0.0 0.0 0.0 1.0
chess/seq-04/color/frame-000089.color.png chess/seq-04/color/frame-000091.color.png 0.995594 0.0913605 0.0211024 0.0276207 -0.0919032 0.995419 0.0263697 -0.00762865 -0.0185966 -0.0281929 0.99943 0.0333041 0.0 0.0 0.0 1.0
chess/seq-04/color/frame-000091.color.png chess/seq-04/color/frame-000093.color.png 0.996687 0.0806724 0.0103586 0.0420804 -0.0808994 0.996439 0.0237711 -0.00207064 -0.00840408 -0.0245303 0.999664 0.0300098 0.0 0.0 0.0 1.0
chess/seq-04/color/frame-000093.color.png chess/seq-04/color/frame-000095.color.png 0.99694 0.0743946 0.0239812 0.024663 -0.0746596 0.997155 0.0103496 0.000460982 -0.023143 -0.0121084 0.999659 0.0283344 0.0 0.0 0.0 1.0
chess/seq-04/color/frame-000095.color.png chess/seq-04/color/frame-000097.color.png 0.994772 0.0983238 0.0275824 0.0247846 -0.0988267 0.994951 0.0175033 -0.00927272 -0.0257221 -0.0201377 0.999466 0.0455587 0.0 0.0 0.0 1.0
chess/seq-04/color/frame-000097.color.png chess/seq-04/color/frame-000099.color.png 0.998612 0.0525186 -0.00402383 0.0214288 -0.0524925 0.998601 0.00634667 -0.000638813 0.0043515 -0.00612667 0.999972 0.0212792 0.0 0.0 0.0 1.0
chess/seq-04/color/frame-000099.color.png chess/seq-04/color/frame-000101.color.png 0.996063 0.0886462 0.000524378 0.0415991 -0.0886458 0.995984 0.0125288 -0.00579518 0.000588385 -0.0125259 0.999922 0.0444477 0.0 0.0 0.0 1.0
chess/seq-04/color/frame-000101.color.png chess/seq-04/color/frame-000103.color.png 0.998496 0.0527296 -0.0149921 0.031425 -0.0527585 0.998606 -0.00153942 0.00352836 0.01489 0.00232806 0.999886 0.0261967 0.0 0.0 0.0 1.0
chess/seq-04/color/frame-000103.color.png chess/seq-04/color/frame-000105.color.png 0.996688 0.078821 -0.0200015 0.0574184 -0.0788136 0.996889 0.00115869 0.00993642 0.0200306 0.000421527 0.999799 0.0426679 0.0 0.0 0.0 1.0
chess/seq-04/color/frame-000105.color.png chess/seq-04/color/frame-000107.color.png 0.99829 0.0577345 -0.00912501 0.0347335 -0.0576438 0.998288 0.0099092 -0.00557265 0.0096815 -0.00936623 0.999909 0.023378 0.0 0.0 0.0 1.0
chess/seq-04/color/frame-000107.color.png chess/seq-04/color/frame-000109.color.png 0.998811 0.0478895 -0.00910332 0.0339444 -0.0478498 0.998844 0.00453985 0.00421563 0.0093102 -0.00409891 0.999948 0.0273701 0.0 0.0 0.0 1.0
chess/seq-04/color/frame-000109.color.png chess/seq-04/color/frame-000111.color.png 0.996846 0.0779456 -0.0149019 0.048775 -0.0781746 0.99682 -0.0154596 0.0195089 0.0136495 0.0165758 0.999769 0.0496023 0.0 0.0 0.0 1.0
chess/seq-04/color/frame-000111.color.png chess/seq-04/color/frame-000113.color.png 0.997671 0.0596373 -0.0331102 0.0729654 -0.0603818 0.997934 -0.021956 0.0252727 0.0317324 0.0239041 0.99921 0.0287957 0.0 0.0 0.0 1.0
chess/seq-04/color/frame-000113.color.png chess/seq-04/color/frame-000115.color.png 0.995339 0.0902928 -0.0338706 0.0883031 -0.0908222 0.995763 -0.0144288 0.0358857 0.0324242 0.0174378 0.999322 0.0328977 0.0 0.0 0.0 1.0
chess/seq-04/color/frame-000115.color.png chess/seq-04/color/frame-000117.color.png 0.99512 0.079253 -0.0587732 0.103009 -0.0810466 0.996295 -0.0287849 0.0509495 0.0562741 0.0334078 0.997856 0.0310085 0.0 0.0 0.0 1.0
chess/seq-04/color/frame-000117.color.png chess/seq-04/color/frame-000119.color.png 0.996541 0.0613833 -0.0560107 0.11451 -0.0624353 0.9979 -0.0172247 0.0329741 0.0548358 0.0206622 0.998282 0.00842261 0.0 0.0 0.0 1.0
chess/seq-04/color/frame-000119.color.png chess/seq-04/color/frame-000121.color.png 0.997771 0.0455229 -0.0487875 0.104226 -0.0459882 0.998906 -0.00845717 0.0282389 0.0483491 0.010682 0.998773 0.001279 0.0 0.0 0.0 1.0
chess/seq-04/color/frame-000121.color.png chess/seq-04/color/frame-000123.color.png 0.997663 0.0451655 -0.051267 0.128724 -0.0449758 0.998976 0.00484889 0.00284708 0.0514335 -0.00253179 0.998673 -0.00779808 0.0 0.0 0.0 1.0
chess/seq-04/color/frame-000123.color.png chess/seq-04/color/frame-000125.color.png 0.998739 0.0404409 -0.0297583 0.103641 -0.0405576 0.999172 -0.00333612 0.0162989 0.0295988 0.00453887 0.999552 -0.00887406 0.0 0.0 0.0 1.0
chess/seq-04/color/frame-000125.color.png chess/seq-04/color/frame-000127.color.png 0.999245 0.0235994 -0.0308626 0.0791544 -0.0236193 0.999721 -0.000276968 0.010702 0.0308475 0.00100568 0.999524 -0.00514948 0.0 0.0 0.0 1.0
chess/seq-04/color/frame-000127.color.png chess/seq-04/color/frame-000129.color.png 0.998858 -0.00370147 -0.0476351 0.0925767 0.00365607 0.999993 -0.00103934 -0.00233898 0.0476387 0.000864008 0.998864 -0.0230008 0.0 0.0 0.0 1.0
chess/seq-04/color/frame-000129.color.png chess/seq-04/color/frame-000131.color.png 0.999683 -0.00562495 -0.0245423 0.0492122 0.00565411 0.999983 0.00111651 -0.00428391 0.0245357 -0.00125494 0.999698 -0.00418669 0.0 0.0 0.0 1.0
chess/seq-04/color/frame-000131.color.png chess/seq-04/color/frame-000133.color.png 0.999304 -0.00771361 -0.0364958 0.0810099 0.00770732 0.99997 -0.000313592 -0.012863 0.036497 3.21358e-05 0.999334 -0.00877005 0.0 0.0 0.0 1.0
chess/seq-04/color/frame-000133.color.png chess/seq-04/color/frame-000135.color.png 0.999712 -0.00966414 -0.0219422 0.0415523 0.00961937 0.999951 -0.00214171 -0.00151256 0.0219618 0.00193 0.999757 0.00435132 0.0 0.0 0.0 1.0
chess/seq-04/color/frame-000135.color.png chess/seq-04/color/frame-000137.color.png 0.99781 -0.00225799 -0.0661106 0.127209 0.0024984 0.99999 0.003554 -0.0179927 0.0661019 -0.0037114 0.997806 -0.00662053 0.0 0.0 0.0 1.0
chess/seq-04/color/frame-000137.color.png chess/seq-04/color/frame-000139.color.png 0.999722 0.0138626 -0.0190731 0.0471954 -0.013846 0.999904 0.000994542 0.0129145 0.0190851 -0.000730114 0.999817 0.0038147 0.0 0.0 0.0 1.0
chess/seq-04/color/frame-000139.color.png chess/seq-04/color/frame-000141.color.png 0.999293 0.0290653 -0.0238539 0.0768756 -0.0283467 0.99915 0.0299325 -0.0148635 0.0247037 -0.0292351 0.999267 0.00571728 0.0 0.0 0.0 1.0
chess/seq-04/color/frame-000141.color.png chess/seq-04/color/frame-000143.color.png 0.999719 -0.0121149 -0.020363 0.0431762 0.0127544 0.99942 0.0315728 -0.0414489 0.0199685 -0.0318237 0.999294 -0.00395226 0.0 0.0 0.0 1.0
chess/seq-04/color/frame-000143.color.png chess/seq-04/color/frame-000145.color.png 0.99883 -0.041184 -0.0253537 0.0334329 0.0418326 0.998796 0.0256158 -0.0544144 0.0242683 -0.0266464 0.99935 -0.00846493 0.0 0.0 0.0 1.0
chess/seq-04/color/frame-000145.color.png chess/seq-04/color/frame-000147.color.png 0.995975 -0.0702523 -0.0556593 0.0796323 0.0736825 0.995342 0.0621791 -0.134723 0.0510318 -0.0660299 0.996512 -0.0400988 0.0 0.0 0.0 1.0
chess/seq-04/color/frame-000147.color.png chess/seq-04/color/frame-000149.color.png 0.997749 -0.0519568 -0.0423969 0.0783065 0.0538019 0.997599 0.0436029 -0.103907 0.0400296 -0.0457858 0.998149 -0.0204592 0.0 0.0 0.0 1.0
chess/seq-04/color/frame-000149.color.png chess/seq-04/color/frame-000151.color.png 0.998228 -0.0483426 -0.0346933 0.051734 0.0498975 0.99772 0.0454472 -0.0972876 0.0324171 -0.0470978 0.998364 -0.0299866 0.0 0.0 0.0 1.0
chess/seq-04/color/frame-000151.color.png chess/seq-04/color/frame-000153.color.png 0.995259 -0.0838228 -0.0493367 0.0607842 0.0865352 0.994691 0.0556821 -0.1384 0.0444073 -0.0596875 0.997229 -0.0485754 0.0 0.0 0.0 1.0
chess/seq-04/color/frame-000153.color.png chess/seq-04/color/frame-000155.color.png 0.995682 -0.0830667 -0.0414392 0.0491842 0.0855337 0.994416 0.0618166 -0.167518 0.036073 -0.0650942 0.997227 -0.053494 0.0 0.0 0.0 1.0
chess/seq-04/color/frame-000155.color.png chess/seq-04/color/frame-000157.color.png 0.99309 -0.110033 -0.0408074 0.0656348 0.113451 0.98909 0.0939678 -0.237345 0.0300226 -0.0979482 0.994739 -0.0489839 0.0 0.0 0.0 1.0
chess/seq-04/color/frame-000157.color.png chess/seq-04/color/frame-000159.color.png 0.995717 -0.092234 -0.00629676 -0.00199592 0.0924468 0.993815 0.0615258 -0.163121 0.000583089 -0.0618445 0.998086 -0.0072 0.0 0.0 0.0 1.0
chess/seq-04/color/frame-000159.color.png chess/seq-04/color/frame-000161.color.png 0.997545 -0.0691643 -0.0110017 0.0317219 0.0697662 0.995116 0.0698417 -0.173776 0.00611741 -0.0704378 0.997497 -0.0243845 0.0 0.0 0.0 1.0
chess/seq-04/color/frame-000161.color.png chess/seq-04/color/frame-000163.color.png 0.99488 -0.100618 0.00944144 -0.0060215 0.0998479 0.993074 0.0619186 -0.184327 -0.0156062 -0.0606589 0.998037 0.0174632 0.0 0.0 0.0 1.0
chess/seq-04/color/frame-000163.color.png chess/seq-04/color/frame-000165.color.png 0.998031 -0.059188 0.0207658 -0.0152686 0.058416 0.997643 0.0359975 -0.10333 -0.0228473 -0.0347136 0.999136 0.0248778 0.0 0.0 0.0 1.0
chess/seq-04/color/frame-000165.color.png chess/seq-04/color/frame-000167.color.png 0.995614 -0.083167 0.0428456 -0.047852 0.0813667 0.995791 0.0421787 -0.137608 -0.0461732 -0.0385076 0.998191 0.0571361 0.0 0.0 0.0 1.0
chess/seq-04/color/frame-000167.color.png chess/seq-04/color/frame-000169.color.png 0.997515 -0.0613116 0.0347177 -0.0279633 0.0601431 0.997619 0.0337547 -0.119285 -0.0367047 -0.0315827 0.998827 0.0383525 0.0 0.0 0.0 1.0
chess/seq-04/color/frame-000169.color.png chess/seq-04/color/frame-000171.color.png 0.996085 -0.0741204 0.0481783 -0.0483232 0.0720501 0.996457 0.043375 -0.141811 -0.0512227 -0.0397338 0.997897 0.0599219 0.0 0.0 0.0 1.0
chess/seq-04/color/frame-000171.color.png chess/seq-04/color/frame-000173.color.png 0.99852 -0.0438285 0.0322121 -0.00954318 0.0429396 0.998691 0.0277904 -0.0824463 -0.0333879 -0.0263662 0.999095 0.0637301 0.0 0.0 0.0 1.0
chess/seq-04/color/frame-000173.color.png chess/seq-04/color/frame-000175.color.png 0.999151 -0.0342758 0.0228472 -0.0127746 0.0336924 0.999108 0.0254451 -0.0727673 -0.0236989 -0.0246537 0.999415 0.0387543 0.0 0.0 0.0 1.0
chess/seq-04/color/frame-000175.color.png chess/seq-04/color/frame-000177.color.png 0.999876 -0.0096764 0.012403 -0.00843 0.00946633 0.999813 0.0168899 -0.0297869 -0.012564 -0.0167704 0.99978 0.00635338 0.0 0.0 0.0 1.0
chess/seq-04/color/frame-000177.color.png chess/seq-04/color/frame-000179.color.png 0.999872 0.0138682 0.00801386 0.0034889 -0.0139747 0.999813 0.0133903 0.0137444 -0.00782676 -0.0135005 0.999878 0.012656 0.0 0.0 0.0 1.0
chess/seq-04/color/frame-000179.color.png chess/seq-04/color/frame-000181.color.png 0.997243 0.0721487 0.0173614 0.00834692 -0.0722307 0.997379 0.00414242 0.0976241 -0.0170169 -0.00538502 0.999841 0.0275421 0.0 0.0 0.0 1.0
chess/seq-04/color/frame-000181.color.png chess/seq-04/color/frame-000183.color.png 0.999108 0.0390977 -0.0159338 0.0456135 -0.0390709 0.999234 0.00199283 0.0770944 0.0159995 -0.00136852 0.999871 0.0205294 0.0 0.0 0.0 1.0
chess/seq-04/color/frame-000183.color.png chess/seq-04/color/frame-000185.color.png 0.998749 0.0499625 0.00169225 0.0122436 -0.0499567 0.998746 -0.00335887 0.0836195 -0.0018581 0.00327012 0.999993 0.0100312 0.0 0.0 0.0 1.0
chess/seq-04/color/frame-000185.color.png chess/seq-04/color/frame-000187.color.png 0.999701 0.0244409 0.00116912 0.00536847 -0.0244304 0.999667 -0.00827345 0.0546771 -0.00137084 0.00824242 0.999965 0.00485933 0.0 0.0 0.0 1.0
chess/seq-04/color/frame-000187.color.png chess/seq-04/color/frame-000189.color.png 0.999323 0.0367879 0.000283347 0.00532532 -0.0367782 0.999187 -0.0165163 0.0791273 -0.000890682 0.0164947 0.999864 0.0132077 0.0 0.0 0.0 1.0
chess/seq-04/color/frame-000189.color.png chess/seq-04/color/frame-000191.color.png 0.998638 0.0521651 -0.000976332 0.0230418 -0.0521741 0.998425 -0.0206222 0.097924 -0.0001011 0.0206451 0.999787 0.0043385 0.0 0.0 0.0 1.0
chess/seq-04/color/frame-000191.color.png chess/seq-04/color/frame-000193.color.png 0.999025 0.0425062 -0.0119221 0.028615 -0.0428104 0.998731 -0.0265326 0.0870251 0.0107792 0.0270171 0.999577 -0.0106045 0.0 0.0 0.0 1.0
chess/seq-04/color/frame-000193.color.png chess/seq-04/color/frame-000195.color.png 0.998539 0.0478995 -0.0250107 0.0516365 -0.0489404 0.997884 -0.0428097 0.121215 0.0229074 0.0439711 0.99877 -0.0189729 0.0 0.0 0.0 1.0
chess/seq-04/color/frame-000195.color.png chess/seq-04/color/frame-000197.color.png 0.998255 0.0571743 -0.0147852 0.0292341 -0.0576164 0.997844 -0.0314448 0.106425 0.0129554 0.0322418 0.999396 -0.0166253 0.0 0.0 0.0 1.0
chess/seq-04/color/frame-000197.color.png chess/seq-04/color/frame-000199.color.png 0.99768 0.0579079 -0.0358055 0.0636103 -0.0594124 0.997329 -0.0424876 0.0985971 0.0332496 0.0445163 0.998455 -0.0309049 0.0 0.0 0.0 1.0
chess/seq-04/color/frame-000199.color.png chess/seq-04/color/frame-000201.color.png 0.99926 0.0376338 -0.00794471 0.0196923 -0.0378872 0.998682 -0.0346204 0.0796456 0.00663143 0.0348958 0.999369 -0.0150013 0.0 0.0 0.0 1.0
chess/seq-04/color/frame-000201.color.png chess/seq-04/color/frame-000203.color.png 0.999902 0.000557415 -0.0139744 0.0224993 -0.000824686 0.999817 -0.0191265 0.00157392 0.013961 0.0191362 0.99972 -0.0246247 0.0 0.0 0.0 1.0
chess/seq-04/color/frame-000203.color.png chess/seq-04/color/frame-000205.color.png 0.999687 0.0249374 -0.00216769 0.0173385 -0.024987 0.999322 -0.027049 0.0583644 0.00149186 0.0270947 0.999632 0.00429153 0.0 0.0 0.0 1.0
chess/seq-04/color/frame-000205.color.png chess/seq-04/color/frame-000207.color.png 0.99993 0.00171885 -0.0116881 0.0282065 -0.00200164 0.999704 -0.0242266 0.0125873 0.011643 0.0242483 0.999638 -0.0207829 0.0 0.0 0.0 1.0
chess/seq-04/color/frame-000207.color.png chess/seq-04/color/frame-000209.color.png 0.999962 0.00702205 -0.00513709 0.0184903 -0.0071139 0.999811 -0.0180864 0.012136 0.00500893 0.0181222 0.999823 -0.00201941 0.0 0.0 0.0 1.0
chess/seq-04/color/frame-000209.color.png chess/seq-04/color/frame-000211.color.png 0.999758 0.0207219 0.00742679 0.00775027 -0.0206719 0.999763 -0.00675816 0.0189709 -0.0075651 0.006603 0.99995 0.0016439 0.0 0.0 0.0 1.0
chess/seq-04/color/frame-000211.color.png chess/seq-04/color/frame-000213.color.png 0.999777 0.0157825 -0.0140156 0.0355436 -0.0160623 0.999669 -0.0200853 0.0395644 0.0136942 0.020306 0.9997 -0.0262572 0.0 0.0 0.0 1.0
chess/seq-04/color/frame-000213.color.png chess/seq-04/color/frame-000215.color.png 0.999094 0.0419944 0.00691786 0.0231333 -0.041828 0.998868 -0.0226665 0.0764896 -0.00786194 0.0223566 0.999719 -0.0017426 0.0 0.0 0.0 1.0
chess/seq-04/color/frame-000215.color.png chess/seq-04/color/frame-000217.color.png 0.999176 0.0387174 -0.0121854 0.0430734 -0.038964 0.999026 -0.0207082 0.06932 0.0113717 0.0211659 0.999711 -0.0323625 0.0 0.0 0.0 1.0
chess/seq-04/color/frame-000217.color.png chess/seq-04/color/frame-000219.color.png 0.998258 0.056359 -0.0174371 0.0615108 -0.0569049 0.997848 -0.0325794 0.10451 0.0155635 0.0335149 0.999317 -0.0274855 0.0 0.0 0.0 1.0
chess/seq-04/color/frame-000219.color.png chess/seq-04/color/frame-000221.color.png 0.999435 0.0282277 -0.0182269 0.0320178 -0.028455 0.999519 -0.0123385 0.0223486 0.0178699 0.0128502 0.999758 -0.0719539 0.0 0.0 0.0 1.0
chess/seq-04/color/frame-000221.color.png chess/seq-04/color/frame-000223.color.png 0.999028 0.0282627 -0.0338271 0.0639004 -0.0289831 0.999359 -0.0210022 0.0646085 0.0332117 0.0219622 0.999207 -0.0515474 0.0 0.0 0.0 1.0
chess/seq-04/color/frame-000223.color.png chess/seq-04/color/frame-000225.color.png 0.999196 0.034293 -0.020757 0.0517639 -0.0344314 0.999387 -0.00634719 0.0569544 0.0205266 0.00705677 0.999764 -0.034914 0.0 0.0 0.0 1.0
chess/seq-04/color/frame-000225.color.png chess/seq-04/color/frame-000227.color.png 0.999602 0.0132444 -0.0248997 0.0361071 -0.0132296 0.999912 0.000759685 0.02088 0.0249074 -0.000429989 0.99969 -0.0409718 0.0 0.0 0.0 1.0
chess/seq-04/color/frame-000227.color.png chess/seq-04/color/frame-000229.color.png 0.999024 0.0209056 -0.0389023 0.0588602 -0.0208485 0.999781 0.00187281 0.0389312 0.038933 -0.00105997 0.999241 -0.0605881 0.0 0.0 0.0 1.0
chess/seq-04/color/frame-000229.color.png chess/seq-04/color/frame-000231.color.png 0.998879 0.0248085 -0.0403131 0.0523121 -0.0246865 0.999689 0.0035186 0.0474986 0.0403879 -0.00251949 0.999181 -0.0685922 0.0 0.0 0.0 1.0
chess/seq-04/color/frame-000231.color.png chess/seq-04/color/frame-000233.color.png 0.999005 0.0187406 -0.0404778 0.0501535 -0.0183666 0.999785 0.00959296 0.0225492 0.0406488 -0.00883992 0.999134 -0.0559446 0.0 0.0 0.0 1.0
chess/seq-04/color/frame-000233.color.png chess/seq-04/color/frame-000235.color.png 0.998989 0.0138554 -0.0427743 0.045785 -0.0135519 0.999881 0.0073771 0.0240368 0.0428715 -0.00679002 0.999058 -0.0620027 0.0 0.0 0.0 1.0
chess/seq-04/color/frame-000235.color.png chess/seq-04/color/frame-000237.color.png 0.99927 0.0092204 -0.0370624 0.0328981 -0.008697 0.999861 0.0142575 0.00617987 0.0371887 -0.0139248 0.999211 -0.0536268 0.0 0.0 0.0 1.0
chess/seq-04/color/frame-000237.color.png chess/seq-04/color/frame-000239.color.png 0.999633 0.0208203 -0.0173304 0.0182059 -0.020569 0.999682 0.0145563 0.0140364 0.0176281 -0.0141945 0.999744 -0.0199217 0.0 0.0 0.0 1.0
chess/seq-04/color/frame-000239.color.png chess/seq-04/color/frame-000241.color.png 0.99999 0.00415258 0.00190148 -0.0271212 -0.00416832 0.999957 0.00832554 0.0108013 -0.00186689 -0.00833337 0.999964 -0.000131249 0.0 0.0 0.0 1.0
chess/seq-04/color/frame-000241.color.png chess/seq-04/color/frame-000243.color.png 0.999999 0.000479364 0.00103041 -0.0308977 -0.000479843 1.0 0.000514972 0.0209784 -0.00103011 -0.000515457 0.999999 0.00852096 0.0 0.0 0.0 1.0
chess/seq-04/color/frame-000243.color.png chess/seq-04/color/frame-000245.color.png 0.999927 -0.00550697 -0.0107262 -0.0112326 0.00560485 0.999943 0.00911283 -0.00517792 0.0106754 -0.00917227 0.999901 0.00151956 0.0 0.0 0.0 1.0
chess/seq-04/color/frame-000245.color.png chess/seq-04/color/frame-000247.color.png 0.999882 0.00533692 0.0143785 -0.040572 -0.00527011 0.999975 -0.0046847 0.0181023 -0.0144032 0.00460835 0.999886 0.0329738 0.0 0.0 0.0 1.0
chess/seq-04/color/frame-000247.color.png chess/seq-04/color/frame-000249.color.png 0.999477 -0.0262227 0.0189096 -0.0733709 0.0260458 0.999615 0.00954518 -0.0381196 -0.0191527 -0.00904766 0.999776 0.032387 0.0 0.0 0.0 1.0
chess/seq-04/color/frame-000249.color.png chess/seq-04/color/frame-000251.color.png 0.999206 -0.0375669 0.0132634 -0.0648185 0.037491 0.999279 0.00592672 -0.0488713 -0.0134764 -0.00542478 0.999894 0.0273545 0.0 0.0 0.0 1.0
chess/seq-04/color/frame-000251.color.png chess/seq-04/color/frame-000253.color.png 0.998421 -0.0520188 0.0212 -0.0798156 0.0517921 0.998596 0.0111033 -0.0711105 -0.0217478 -0.00998779 0.999714 0.0352701 0.0 0.0 0.0 1.0
chess/seq-04/color/frame-000253.color.png chess/seq-04/color/frame-000255.color.png 0.998934 -0.0384278 0.0255812 -0.0678351 0.0381375 0.999204 0.0117429 -0.0544176 -0.0260121 -0.0107548 0.999604 0.0436858 0.0 0.0 0.0 1.0
chess/seq-04/color/frame-000255.color.png chess/seq-04/color/frame-000257.color.png 0.996763 -0.0621844 0.0509619 -0.123124 0.0592962 0.996649 0.0563516 -0.124708 -0.0542954 -0.0531474 0.99711 0.0659997 0.0 0.0 0.0 1.0
chess/seq-04/color/frame-000257.color.png chess/seq-04/color/frame-000259.color.png 0.999296 -0.0288512 0.0239681 -0.0655211 0.0277832 0.998656 0.0437565 -0.0739113 -0.0251983 -0.0430598 0.998755 0.0364794 0.0 0.0 0.0 1.0
chess/seq-04/color/frame-000259.color.png chess/seq-04/color/frame-000261.color.png 0.998843 -0.0146869 0.0457853 -0.0935681 0.0130724 0.999289 0.0353655 -0.04756 -0.0462722 -0.034726 0.998325 0.0660123 0.0 0.0 0.0 1.0
chess/seq-04/color/frame-000261.color.png chess/seq-04/color/frame-000263.color.png 0.998143 -0.0528675 0.030258 -0.0877107 0.0509943 0.996916 0.0596499 -0.130032 -0.0333182 -0.0579962 0.997761 0.0458822 0.0 0.0 0.0 1.0
chess/seq-04/color/frame-000263.color.png chess/seq-04/color/frame-000265.color.png 0.997524 -0.0621166 0.0329746 -0.0834352 0.0599348 0.996182 0.0634727 -0.138799 -0.0367916 -0.0613391 0.997439 0.0560988 0.0 0.0 0.0 1.0
chess/seq-04/color/frame-000265.color.png chess/seq-04/color/frame-000267.color.png 0.99815 -0.0419888 0.043972 -0.0865841 0.0399187 0.9981 0.0469438 -0.0973362 -0.0458592 -0.0451017 0.997929 0.0679277 0.0 0.0 0.0 1.0
chess/seq-04/color/frame-000267.color.png chess/seq-04/color/frame-000269.color.png 0.999498 -0.00843012 0.030527 -0.0685161 0.0074898 0.999498 0.0307868 -0.0465579 -0.0307714 -0.0305427 0.99906 0.059031 0.0 0.0 0.0 1.0
chess/seq-04/color/frame-000269.color.png chess/seq-04/color/frame-000271.color.png 0.999669 -0.0100798 0.0236665 -0.0515326 0.00974873 0.999854 0.0140631 -0.0297428 -0.0238047 -0.0138277 0.999621 0.0535506 0.0 0.0 0.0 1.0
chess/seq-04/color/frame-000271.color.png chess/seq-04/color/frame-000273.color.png 0.99942 0.00971055 0.0326482 -0.0626096 -0.00963326 0.99995 -0.00252261 0.0184116 -0.0326711 0.00220664 0.999464 0.0649729 0.0 0.0 0.0 1.0
chess/seq-04/color/frame-000273.color.png chess/seq-04/color/frame-000275.color.png 0.999661 0.00979587 0.0241198 -0.0520425 -0.0101314 0.999853 0.0138301 -0.013037 -0.0239808 -0.0140698 0.999613 0.0450674 0.0 0.0 0.0 1.0
chess/seq-04/color/frame-000275.color.png chess/seq-04/color/frame-000277.color.png 0.999423 0.0274306 0.0200075 -0.0490633 -0.0276019 0.999584 0.00833646 0.0146516 -0.0197704 -0.00888389 0.999765 0.0445375 0.0 0.0 0.0 1.0
chess/seq-04/color/frame-000277.color.png chess/seq-04/color/frame-000279.color.png 0.999781 0.0199591 0.00625748 -0.0314142 -0.0200481 0.999694 0.0144998 -0.00185129 -0.00596629 -0.0146221 0.999875 0.0254253 0.0 0.0 0.0 1.0
chess/seq-04/color/frame-000279.color.png chess/seq-04/color/frame-000281.color.png 0.999818 0.0146659 0.0121778 -0.0260963 -0.0147302 0.999878 0.00520831 -0.00065887 -0.0120999 -0.00538668 0.999912 0.0206773 0.0 0.0 0.0 1.0
chess/seq-04/color/frame-000281.color.png chess/seq-04/color/frame-000283.color.png 0.999774 0.0045556 0.0207856 -0.0565554 -0.00483625 0.999898 0.013471 -0.0169045 -0.0207222 -0.0135685 0.999693 0.0267828 0.0 0.0 0.0 1.0
chess/seq-04/color/frame-000283.color.png chess/seq-04/color/frame-000285.color.png 0.999934 0.00579655 0.00988571 -0.0397651 -0.00585829 0.999964 0.00622473 0.00121269 -0.00984928 -0.00628224 0.999932 0.0244652 0.0 0.0 0.0 1.0
chess/seq-04/color/frame-000285.color.png chess/seq-04/color/frame-000287.color.png 0.999964 0.00414625 0.00743873 -0.0279537 -0.00411626 0.999983 -0.00403993 0.00777447 -0.00745525 0.00400918 0.999964 0.013055 0.0 0.0 0.0 1.0
chess/seq-04/color/frame-000287.color.png chess/seq-04/color/frame-000289.color.png 0.999893 0.00098418 0.0145592 -0.0570081 -0.000880684 0.999974 -0.00711274 0.0127012 -0.0145658 0.00709909 0.999869 0.0174961 0.0 0.0 0.0 1.0
chess/seq-04/color/frame-000289.color.png chess/seq-04/color/frame-000291.color.png 0.999846 0.00231516 0.0173991 -0.0460543 -0.00211166 0.999929 -0.0117067 0.0220058 -0.017425 0.0116683 0.99978 0.0154635 0.0 0.0 0.0 1.0
chess/seq-04/color/frame-000291.color.png chess/seq-04/color/frame-000293.color.png 0.999449 0.00236251 0.0330987 -0.0871291 -0.00228506 0.999995 -0.00237658 -0.000999242 -0.033104 0.0022996 0.999449 0.0199143 0.0 0.0 0.0 1.0
chess/seq-04/color/frame-000293.color.png chess/seq-04/color/frame-000295.color.png 0.999847 0.00864132 0.0152082 -0.0503268 -0.00875263 0.999935 0.00726628 -0.0098854 -0.0151445 -0.00739826 0.999858 0.000811338 0.0 0.0 0.0 1.0
chess/seq-04/color/frame-000295.color.png chess/seq-04/color/frame-000297.color.png 0.999752 -0.00354895 0.0220001 -0.0618469 0.00370337 0.999969 -0.00698296 0.00848556 -0.0219747 0.0070627 0.999734 0.0115685 0.0 0.0 0.0 1.0
chess/seq-04/color/frame-000297.color.png chess/seq-04/color/frame-000299.color.png 0.999768 0.0105113 0.0188274 -0.0619856 -0.0105632 0.999941 0.00266076 -0.00300682 -0.0187982 -0.00285905 0.999819 0.0010041 0.0 0.0 0.0 1.0
chess/seq-04/color/frame-000299.color.png chess/seq-04/color/frame-000301.color.png 0.999959 0.0024549 0.00871863 -0.0359063 -0.00243287 0.999994 -0.0025373 0.00672913 -0.0087248 0.00251596 0.999959 -0.000430465 0.0 0.0 0.0 1.0
chess/seq-04/color/frame-000301.color.png chess/seq-04/color/frame-000303.color.png 0.999916 -0.000624584 0.0129427 -0.0505082 0.000719532 0.999973 -0.00733265 0.00785568 -0.0129379 0.0073414 0.999889 0.00123763 0.0 0.0 0.0 1.0
chess/seq-04/color/frame-000303.color.png chess/seq-04/color/frame-000305.color.png 0.999585 0.0243631 0.0153519 -0.0523152 -0.0242598 0.999682 -0.00687303 0.0266556 -0.0155145 0.0064977 0.999859 0.00203359 0.0 0.0 0.0 1.0
chess/seq-04/color/frame-000305.color.png chess/seq-04/color/frame-000307.color.png 0.999979 0.00415723 0.00505122 -0.0312108 -0.00420561 0.999945 0.00960359 -0.0227241 -0.00501102 -0.00962462 0.999941 0.000317216 0.0 0.0 0.0 1.0
chess/seq-04/color/frame-000307.color.png chess/seq-04/color/frame-000309.color.png 0.999902 0.00823087 0.011281 -0.0531849 -0.00810974 0.999909 -0.0107444 0.0344793 -0.0113684 0.0106519 0.999879 0.00176275 0.0 0.0 0.0 1.0
chess/seq-04/color/frame-000309.color.png chess/seq-04/color/frame-000311.color.png 0.999899 0.0115637 0.00829882 -0.0397026 -0.0115292 0.999925 -0.00418851 0.0107555 -0.00834665 0.00409239 0.999957 0.00569952 0.0 0.0 0.0 1.0
chess/seq-04/color/frame-000311.color.png chess/seq-04/color/frame-000313.color.png 0.999923 -0.000988883 0.0123327 -0.0390369 0.00102854 0.999994 -0.00321003 0.00597388 -0.0123295 0.00322245 0.999919 0.00546372 0.0 0.0 0.0 1.0
chess/seq-04/color/frame-000313.color.png chess/seq-04/color/frame-000315.color.png 0.999841 -0.0128707 0.0123775 -0.0363579 0.0127923 0.999898 0.00639718 -0.0211717 -0.0124585 -0.0062378 0.999903 0.00813448 0.0 0.0 0.0 1.0
chess/seq-04/color/frame-000315.color.png chess/seq-04/color/frame-000317.color.png 0.999423 -0.0200577 0.0274033 -0.0743967 0.0201822 0.999787 -0.00427602 -0.00389686 -0.0273117 0.00482658 0.999615 0.0216292 0.0 0.0 0.0 1.0
chess/seq-04/color/frame-000317.color.png chess/seq-04/color/frame-000319.color.png 0.999816 0.00284895 0.0189744 -0.042632 -0.00261941 0.999923 -0.0121118 0.0241446 -0.0190075 0.0120599 0.999747 0.0128281 0.0 0.0 0.0 1.0
chess/seq-04/color/frame-000319.color.png chess/seq-04/color/frame-000321.color.png 0.999809 -0.0141116 0.0135353 -0.0397538 0.0141172 0.9999 -0.000317207 -0.0182589 -0.0135294 0.000508194 0.999908 0.00859666 0.0 0.0 0.0 1.0
chess/seq-04/color/frame-000321.color.png chess/seq-04/color/frame-000323.color.png 0.99958 -0.0244538 0.0155346 -0.0637943 0.0241379 0.999504 0.0202047 -0.0585122 -0.016021 -0.0198212 0.999675 0.00556993 0.0 0.0 0.0 1.0
chess/seq-04/color/frame-000323.color.png chess/seq-04/color/frame-000325.color.png 0.999981 -0.00270277 0.00560778 -0.0292468 0.00268199 0.99999 0.00371059 -0.00386882 -0.00561772 -0.00369545 0.999977 -0.000841856 0.0 0.0 0.0 1.0
chess/seq-04/color/frame-000325.color.png chess/seq-04/color/frame-000327.color.png 0.999913 -0.00860718 -0.00999076 -0.00154683 0.00867441 0.99994 0.00670825 -0.0110202 0.0099324 -0.0067944 0.999928 -0.00495315 0.0 0.0 0.0 1.0
chess/seq-04/color/frame-000327.color.png chess/seq-04/color/frame-000329.color.png 0.999919 0.00614383 0.0111356 -0.0395476 -0.00623331 0.999948 0.00801958 -0.0137364 -0.0110857 -0.00808833 0.999906 -0.00272667 0.0 0.0 0.0 1.0
chess/seq-04/color/frame-000329.color.png chess/seq-04/color/frame-000331.color.png 0.999781 -0.0197155 0.00702938 -0.0355145 0.0195964 0.99967 0.0166262 -0.0317812 -0.00735491 -0.0164848 0.999837 0.00498998 0.0 0.0 0.0 1.0
chess/seq-04/color/frame-000331.color.png chess/seq-04/color/frame-000333.color.png 0.99993 0.00647614 0.00987144 -0.0270637 -0.00640295 0.999952 -0.00742771 0.026234 -0.00991903 0.00736386 0.999924 0.00807405 0.0 0.0 0.0 1.0
chess/seq-04/color/frame-000333.color.png chess/seq-04/color/frame-000335.color.png 0.999922 0.00466146 0.0116058 -0.028735 -0.00486573 0.999833 0.0176346 -0.0337692 -0.0115216 -0.0176896 0.999777 0.0036453 0.0 0.0 0.0 1.0
chess/seq-04/color/frame-000335.color.png chess/seq-04/color/frame-000337.color.png 0.99987 -0.00985929 0.0127234 -0.0455072 0.00986735 0.999951 -0.000570345 0.00830516 -0.0127172 0.000695837 0.999919 0.0135844 0.0 0.0 0.0 1.0
chess/seq-04/color/frame-000337.color.png chess/seq-04/color/frame-000339.color.png 0.999663 0.00655101 0.0251243 -0.0573281 -0.00618797 0.999876 -0.0145 0.0326346 -0.0252162 0.0143397 0.999579 0.0171255 0.0 0.0 0.0 1.0
chess/seq-04/color/frame-000339.color.png chess/seq-04/color/frame-000341.color.png 0.999849 -0.0121954 0.012393 -0.0345626 0.0121982 0.999926 -0.000151703 -0.012323 -0.0123902 0.000302829 0.999923 0.00711 0.0 0.0 0.0 1.0
chess/seq-04/color/frame-000341.color.png chess/seq-04/color/frame-000343.color.png 0.999543 -0.00421218 0.0299462 -0.0689422 0.00457505 0.999917 -0.0120596 0.0200906 -0.0298929 0.0121911 0.999479 0.0111665 0.0 0.0 0.0 1.0
chess/seq-04/color/frame-000343.color.png chess/seq-04/color/frame-000345.color.png 0.999629 0.0126392 0.0241186 -0.042516 -0.0126286 0.99992 -0.000590342 -0.00249919 -0.0241241 0.000285522 0.999709 0.0116743 0.0 0.0 0.0 1.0
chess/seq-04/color/frame-000345.color.png chess/seq-04/color/frame-000347.color.png 0.999594 -0.00175472 0.0284539 -0.0523836 0.00163487 0.99999 0.00423418 -0.00918043 -0.028461 -0.00418597 0.999586 0.00960982 0.0 0.0 0.0 1.0
chess/seq-04/color/frame-000347.color.png chess/seq-04/color/frame-000349.color.png 0.999715 -0.0129358 0.0200759 -0.0448367 0.0128 0.999894 0.00688169 -0.0143762 -0.0201629 -0.00662262 0.999775 0.0125687 0.0 0.0 0.0 1.0
chess/seq-04/color/frame-000349.color.png chess/seq-04/color/frame-000351.color.png 0.999659 -0.00360113 0.025859 -0.0472152 0.0033949 0.999962 0.0080144 -0.0114054 -0.0258869 -0.00792388 0.999633 0.00951445 0.0 0.0 0.0 1.0
chess/seq-04/color/frame-000351.color.png chess/seq-04/color/frame-000353.color.png 0.999899 -0.0044112 0.0135277 -0.028083 0.00408045 0.999694 0.024381 -0.0495885 -0.0136311 -0.0243234 0.999611 0.00735974 0.0 0.0 0.0 1.0
chess/seq-04/color/frame-000353.color.png chess/seq-04/color/frame-000355.color.png 0.999899 -0.00191402 0.0141057 -0.0243595 0.00175638 0.999936 0.011181 -0.0146754 -0.0141262 -0.0111551 0.999838 0.0104989 0.0 0.0 0.0 1.0
chess/seq-04/color/frame-000355.color.png chess/seq-04/color/frame-000357.color.png 0.999929 0.00275224 0.0115488 -0.0233015 -0.00297294 0.999812 0.0191354 -0.0317433 -0.0114939 -0.0191684 0.99975 0.00576186 0.0 0.0 0.0 1.0
chess/seq-04/color/frame-000357.color.png chess/seq-04/color/frame-000359.color.png 0.999961 -0.00447234 0.0075513 -0.00788414 0.00441238 0.999959 0.00794199 -0.0106923 -0.0075865 -0.00790841 0.99994 0.00483048 0.0 0.0 0.0 1.0
