chess/seq-04/color/frame-000000.color.png chess/seq-04/color/frame-000002.color.png 1.0 0.000853898 -0.000231792 0.000951786 -0.000853746 0.999999 0.000653753 3.45469e-05 0.00023235 -0.000653555 1.0 -0.00142103 0.0 0.0 0.0 1.0
chess/seq-04/color/frame-000002.color.png chess/seq-04/color/frame-000004.color.png 0.99997 0.00769326 0.00105782 -0.000646875 -0.00769498 0.999969 0.00162945 0.000642269 -0.00104525 -0.00163754 0.999998 0.000856092 0.0 0.0 0.0 1.0
chess/seq-04/color/frame-000004.color.png chess/seq-04/color/frame-000006.color.png 1.0 0.000128082 -0.000971108 0.000749774 -0.000128521 1.0 -0.000452452 0.00066281 0.00097105 0.000452576 0.999999 0.000736366 0.0 0.0 0.0 1.0
chess/seq-04/color/frame-000006.color.png chess/seq-04/color/frame-000008.color.png 0.999995 -0.000694334 -0.00315493 0.00134599 0.000694206 1.0 -4.20985e-05 0.0006362 0.00315496 3.9908e-05 0.999995 0.000252557 0.0 0.0 0.0 1.0
chess/seq-04/color/frame-000008.color.png chess/seq-04/color/frame-000010.color.png 0.999995 0.00267837 -0.00175599 0.00164203 -0.00267431 0.999994 0.00230837 -0.00011247 0.00176216 -0.00230366 0.999996 0.00290175 0.0 0.0 0.0 1.0
chess/seq-04/color/frame-000010.color.png chess/seq-04/color/frame-000012.color.png 1.0 0.000144744 -0.000606201 0.00164913 -0.00014568 0.999999 -0.00154315 -0.0014564 0.000605976 0.00154324 0.999999 0.000201478 0.0 0.0 0.0 1.0
chess/seq-04/color/frame-000012.color.png chess/seq-04/color/frame-000014.color.png 0.999995 0.00282343 -0.00125623 0.00198099 -0.00282408 0.999996 -0.000515922 0.00289594 0.00125477 0.000519467 0.999999 0.000127014 0.0 0.0 0.0 1.0
chess/seq-04/color/frame-000014.color.png chess/seq-04/color/frame-000016.color.png 0.99997 0.00774946 -0.000300947 0.00273246 -0.0077491 0.999969 0.00118515 0.00082476 0.000310121 -0.00118278 0.999999 -0.000140639 0.0 0.0 0.0 1.0
chess/seq-04/color/frame-000016.color.png chess/seq-04/color/frame-000018.color.png 0.999953 0.00964312 0.00102252 0.00205815 -0.00964377 0.999953 0.000634894 -0.00150221 -0.00101634 -0.000644725 0.999999 0.00158293 0.0 0.0 0.0 1.0
chess/seq-04/color/frame-000018.color.png chess/seq-04/color/frame-000020.color.png 0.999972 0.00714181 -0.00222839 0.0062161 -0.00714604 0.999973 -0.00189626 -0.00128691 0.00221478 0.00191213 0.999996 -0.00087475 0.0 0.0 0.0 1.0
chess/seq-04/color/frame-000020.color.png chess/seq-04/color/frame-000022.color.png 0.999739 0.0225504 0.0035478 0.00990758 -0.0225571 0.999744 0.00185661 -0.00163228 -0.00350502 -0.00193616 0.999992 -8.41776e-06 0.0 0.0 0.0 1.0
chess/seq-04/color/frame-000022.color.png chess/seq-04/color/frame-000024.color.png 0.999096 0.0414415 0.00942236 0.00534866 -0.0414645 0.999137 0.00226745 -0.00119468 -0.00932026 -0.0026561 0.999953 -0.000247787 0.0 0.0 0.0 1.0
chess/seq-04/color/frame-000024.color.png chess/seq-04/color/frame-000026.color.png 0.998928 0.0451825 0.0100801 0.00907681 -0.0452301 0.998966 0.00454325 -0.00126525 -0.00986444 -0.00499431 0.999939 -0.00456422 0.0 0.0 0.0 1.0
chess/seq-04/color/frame-000026.color.png chess/seq-04/color/frame-000028.color.png 0.998809 0.0445424 0.0199038 0.0119318 -0.044918 0.998813 0.0188361 -0.00505546 -0.0190412 -0.0197077 0.999624 -0.0014054 0.0 0.0 0.0 1.0
chess/seq-04/color/frame-000028.color.png chess/seq-04/color/frame-000030.color.png 0.998151 0.0600158 0.00967491 0.00998662 -0.0601857 0.998019 0.0183418 -0.00716362 -0.00855496 -0.0188902 0.999785 -0.00300992 0.0 0.0 0.0 1.0
chess/seq-04/color/frame-000030.color.png chess/seq-04/color/frame-000032.color.png 0.995373 0.0931492 0.023566 0.011883 -0.0935912 0.995441 0.0184004 -0.00672464 -0.0217446 -0.0205208 0.999553 0.00412276 0.0 0.0 0.0 1.0
chess/seq-04/color/frame-000032.color.png chess/seq-04/color/frame-000034.color.png 0.997398 0.0668239 0.0270565 -0.00308597 -0.0672344 0.997631 0.0145589 -0.022036 -0.0260195 -0.0163401 0.999528 -0.00424079 0.0 0.0 0.0 1.0
chess/seq-04/color/frame-000034.color.png chess/seq-04/color/frame-000036.color.png 0.998896 0.0464709 0.00686425 0.00237259 -0.0464898 0.998915 0.00261247 -0.0169993 -0.00673539 -0.0029287 0.999973 -0.00131258 0.0 0.0 0.0 1.0
chess/seq-04/color/frame-000036.color.png chess/seq-04/color/frame-000038.color.png 0.996332 0.0801394 0.0300102 0.00588338 -0.0802911 0.996764 0.00388383 -0.0296319 -0.0296019 -0.00627915 0.999542 -0.00627144 0.0 0.0 0.0 1.0
chess/seq-04/color/frame-000038.color.png chess/seq-04/color/frame-000040.color.png 0.997326 0.0603014 0.0412917 -0.0108266 -0.0606204 0.99814 0.00651901 -0.0159294 -0.0408218 -0.00900473 0.999126 0.0110621 0.0 0.0 0.0 1.0
chess/seq-04/color/frame-000040.color.png chess/seq-04/color/frame-000042.color.png 0.999178 0.0178213 0.0364061 -0.0185057 -0.0181715 0.999792 0.0093059 -0.0167577 -0.0362326 -0.00995977 0.999294 0.0200729 0.0 0.0 0.0 1.0
chess/seq-04/color/frame-000042.color.png chess/seq-04/color/frame-000044.color.png 0.999678 -0.0249516 -0.00470177 -0.0373094 0.0249426 0.999687 -0.00197885 -0.020018 0.00474967 0.00186093 0.999987 0.0206209 0.0 0.0 0.0 1.0
chess/seq-04/color/frame-000044.color.png chess/seq-04/color/frame-000046.color.png 0.998088 -0.0531662 -0.0315139 -0.0261545 0.0529502 0.998568 -0.00765034 -0.0129648 0.0318755 0.00596707 0.999474 0.0230488 0.0 0.0 0.0 1.0
chess/seq-04/color/frame-000046.color.png chess/seq-04/color/frame-000048.color.png 0.996281 -0.0812094 -0.0288091 -0.0656975 0.0808322 0.996629 -0.0140248 -0.00676411 0.0298509 0.0116439 0.999486 0.0508369 0.0 0.0 0.0 1.0
chess/seq-04/color/frame-000048.color.png chess/seq-04/color/frame-000050.color.png 0.996393 -0.074472 -0.0406866 -0.0176589 0.0742099 0.997211 -0.00791475 -0.0246601 0.0411626 0.00486686 0.999141 0.0186057 0.0 0.0 0.0 1.0
chess/seq-04/color/frame-000050.color.png chess/seq-04/color/frame-000052.color.png 0.995826 -0.0868814 -0.0279664 -0.0412419 0.0862014 0.995972 -0.0246686 0.00424361 0.029997 0.0221548 0.999304 0.0391629 0.0 0.0 0.0 1.0
chess/seq-04/color/frame-000052.color.png chess/seq-04/color/frame-000054.color.png 0.997967 -0.0600341 -0.0213871 -0.0207086 0.0598744 0.998174 -0.00803434 -0.00147927 0.0218303 0.00673747 0.999739 0.0202545 0.0 0.0 0.0 1.0
chess/seq-04/color/frame-000054.color.png chess/seq-04/color/frame-000056.color.png 0.998248 -0.058759 0.00691388 -0.0418135 0.0587793 0.998267 -0.00277595 -0.00468147 -0.0067388 0.00317748 0.999972 0.0134764 0.0 0.0 0.0 1.0
chess/seq-04/color/frame-000056.color.png chess/seq-04/color/frame-000058.color.png 0.997128 -0.0757028 -0.00235331 -0.0429411 0.0757131 0.997119 0.00466115 0.00657058 0.00199366 -0.00482594 0.999986 0.014576 0.0 0.0 0.0 1.0
chess/seq-04/color/frame-000058.color.png chess/seq-04/color/frame-000060.color.png 0.997134 -0.0753893 -0.00640199 -0.0385134 0.0754304 0.99713 0.00644787 0.00258887 0.00589751 -0.0069123 0.999959 0.0106322 0.0 0.0 0.0 1.0
chess/seq-04/color/frame-000060.color.png chess/seq-04/color/frame-000062.color.png 0.994792 -0.0991112 -0.0237753 -0.048308 0.0990155 0.995073 -0.00517264 3.04878e-05 0.0241708 0.0027916 0.999704 0.0107204 0.0 0.0 0.0 1.0
chess/seq-04/color/frame-000062.color.png chess/seq-04/color/frame-000064.color.png 0.993805 -0.104443 -0.0380021 -0.0391253 0.104157 0.994516 -0.00942508 -0.00123221 0.0387781 0.0054085 0.999233 0.0128193 0.0 0.0 0.0 1.0
chess/seq-04/color/frame-000064.color.png chess/seq-04/color/frame-000066.color.png 0.994449 -0.0939913 -0.0473041 -0.0118668 0.0937555 0.995569 -0.00718276 0.0147396 0.0477696 0.00270788 0.998855 0.0114319 0.0 0.0 0.0 1.0
chess/seq-04/color/frame-000066.color.png chess/seq-04/color/frame-000068.color.png 0.997862 -0.0581534 -0.0298165 0.00460209 0.0582639 0.998297 0.0028545 -0.000819266 0.0295997 -0.00458564 0.999551 0.0102549 0.0 0.0 0.0 1.0
chess/seq-04/color/frame-000068.color.png chess/seq-04/color/frame-000070.color.png 0.998319 -0.0563982 -0.0133273 -0.00418326 0.0565283 0.998355 0.009592 -0.0110796 0.0127644 -0.0103292 0.999865 -0.00256233 0.0 0.0 0.0 1.0
chess/seq-04/color/frame-000070.color.png chess/seq-04/color/frame-000072.color.png 0.997262 -0.0721478 -0.0162139 -0.0319382 0.0720493 0.997379 -0.00658324 0.0034726 0.0166463 0.00539703 0.999847 0.00728872 0.0 0.0 0.0 1.0
chess/seq-04/color/frame-000072.color.png chess/seq-04/color/frame-000074.color.png 0.995834 -0.0890281 -0.0197394 0.0257216 0.0887444 0.995944 -0.0148044 0.025384 0.0209774 0.012991 0.999696 0.026063 0.0 0.0 0.0 1.0
chess/seq-04/color/frame-000074.color.png chess/seq-04/color/frame-000076.color.png 0.998571 -0.0446728 0.029346 0.00953356 0.0448605 0.998977 -0.00575972 0.00944564 -0.0290587 0.00706796 0.999553 0.000422582 0.0 0.0 0.0 1.0
chess/seq-04/color/frame-000076.color.png chess/seq-04/color/frame-000078.color.png 0.997421 -0.0460517 0.0550426 0.0084927 0.0453922 0.998882 0.0131712 0.0206267 -0.0555877 -0.0106387 0.998397 -0.00244257 0.0 0.0 0.0 1.0
chess/seq-04/color/frame-000078.color.png chess/seq-04/color/frame-000080.color.png 0.999389 -0.025634 0.023748 0.0445959 0.0253071 0.999582 0.0139651 0.00536224 -0.024096 -0.0133555 0.99962 0.0114291 0.0 0.0 0.0 1.0
chess/seq-04/color/frame-000080.color.png chess/seq-04/color/frame-000082.color.png 0.999153 0.0106217 0.0397521 0.044444 -0.0110178 0.999892 0.00975939 0.00823537 -0.0396441 -0.0101891 0.999162 0.0217003 0.0 0.0 0.0 1.0
chess/seq-04/color/frame-000082.color.png chess/seq-04/color/frame-000084.color.png 0.999523 0.0262626 0.016247 0.050246 -0.0265683 0.999469 0.0188939 0.00416109 -0.0157421 -0.0193165 0.99969 0.0092293 0.0 0.0 0.0 1.0
chess/seq-04/color/frame-000084.color.png chess/seq-04/color/frame-000086.color.png 0.997613 0.0642658 0.0252769 0.0527408 -0.0650125 0.997436 0.0299219 -0.000192791 -0.0232891 -0.0314937 0.999233 0.00619146 0.0 0.0 0.0 1.0
chess/seq-04/color/frame-000086.color.png chess/seq-04/color/frame-000088.color.png 0.998211 0.0584332 -0.0126545 0.0535879 -0.058041 0.997881 0.0294104 -0.00706151 0.0143462 -0.0286233 0.999487 0.00929886 0.0 0.0 0.0 1.0
chess/seq-04/color/frame-000088.color.png chess/seq-04/color/frame-000090.color.png 0.994839 0.0986268 0.0238363 0.053227 -0.0993831 0.994503 0.0329536 -0.00595936 -0.0204552 -0.0351525 0.999173 0.0305306 0.0 0.0 0.0 1.0
chess/seq-04/color/frame-000090.color.png chess/seq-04/color/frame-000092.color.png 0.99764 0.068346 0.00662749 0.034343 -0.0684498 0.997511 0.0169508 -0.00342059 -0.00545248 -0.0173645 0.999834 0.030145 0.0 0.0 0.0 1.0
chess/seq-04/color/frame-000092.color.png chess/seq-04/color/frame-000094.color.png 0.995298 0.0943275 0.022005 0.03609 -0.094883 0.995156 0.025734 -0.00370485 -0.019471 -0.0277009 0.999427 0.0344292 0.0 0.0 0.0 1.0
chess/seq-04/color/frame-000094.color.png chess/seq-04/color/frame-000096.color.png 0.99381 0.107066 0.0296314 0.0397858 -0.107595 0.994052 0.0168729 -0.00724709 -0.0276486 -0.0199568 0.999418 0.0361807 0.0 0.0 0.0 1.0
chess/seq-04/color/frame-000096.color.png chess/seq-04/color/frame-000098.color.png 0.998623 0.0521021 0.00602376 0.0166593 -0.0521231 0.998635 0.00338527 0.00544044 -0.00583913 -0.00369457 0.999976 0.0335431 0.0 0.0 0.0 1.0
chess/seq-04/color/frame-000098.color.png chess/seq-04/color/frame-000100.color.png 0.99642 0.0845385 -0.000963336 0.0394909 -0.0845164 0.996321 0.0141667 -0.00449848 0.00215739 -0.0140345 0.999899 0.0414156 0.0 0.0 0.0 1.0
chess/seq-04/color/frame-000100.color.png chess/seq-04/color/frame-000102.color.png 0.998507 0.0537592 -0.0097386 0.0299691 -0.0537437 0.998553 0.0018447 -0.00121945 0.00982365 -0.00131857 0.999951 0.0310022 0.0 0.0 0.0 1.0
chess/seq-04/color/frame-000102.color.png chess/seq-04/color/frame-000104.color.png 0.998461 0.0522897 -0.0184547 0.0388299 -0.0522909 0.998632 0.000421148 0.00320077 0.0184516 0.000544553 0.99983 0.0264676 0.0 0.0 0.0 1.0
chess/seq-04/color/frame-000104.color.png chess/seq-04/color/frame-000106.color.png 0.996495 0.0821994 -0.0155248 0.0556011 -0.0821148 0.996605 0.0060154 0.00556156 0.0159665 -0.00471951 0.999861 0.0351985 0.0 0.0 0.0 1.0
chess/seq-04/color/frame-000106.color.png chess/seq-04/color/frame-000108.color.png 0.998903 0.046111 -0.00811254 0.0298791 -0.0460862 0.998932 0.00322319 0.00738978 0.0082525 -0.00284579 0.999962 0.0268191 0.0 0.0 0.0 1.0
chess/seq-04/color/frame-000108.color.png chess/seq-04/color/frame-000110.color.png 0.996554 0.0815328 -0.0152733 0.0561501 -0.0815952 0.996659 -0.00350652 0.00901026 0.0149364 0.00474065 0.999877 0.0437284 0.0 0.0 0.0 1.0
chess/seq-04/color/frame-000110.color.png chess/seq-04/color/frame-000112.color.png 0.997636 0.0630025 -0.0274576 0.0635897 -0.0636207 0.997726 -0.022249 0.0204728 0.0259934 0.0239433 0.999375 0.0355571 0.0 0.0 0.0 1.0
chess/seq-04/color/frame-000112.color.png chess/seq-04/color/frame-000114.color.png 0.998354 0.0511019 -0.0260338 0.0587445 -0.0513943 0.998621 -0.0106928 0.0216099 0.0254515 0.0120132 0.999604 0.0196695 0.0 0.0 0.0 1.0
chess/seq-04/color/frame-000114.color.png chess/seq-04/color/frame-000116.color.png 0.995282 0.09041 -0.0351988 0.0860739 -0.0910156 0.995721 -0.0159967 0.0363627 0.0336019 0.0191249 0.999252 0.0321978 0.0 0.0 0.0 1.0
chess/seq-04/color/frame-000116.color.png chess/seq-04/color/frame-000118.color.png 0.995162 0.0705262 -0.0684066 0.109063 -0.0729682 0.996759 -0.0338789 0.0591188 0.0657955 0.0387065 0.997082 0.0261903 0.0 0.0 0.0 1.0
chess/seq-04/color/frame-000118.color.png chess/seq-04/color/frame-000120.color.png 0.99544 0.0730231 -0.0613832 0.137626 -0.0741486 0.997115 -0.016262 0.0355503 0.0600186 0.0207394 0.997982 0.0133119 0.0 0.0 0.0 1.0
chess/seq-04/color/frame-000120.color.png chess/seq-04/color/frame-000122.color.png 0.998214 0.0456693 -0.0385117 0.108742 -0.0454265 0.998942 0.00715948 0.00220266 0.0387979 -0.00539724 0.999233 -0.00724429 0.0 0.0 0.0 1.0
chess/seq-04/color/frame-000122.color.png chess/seq-04/color/frame-000124.color.png 0.998659 0.0208725 -0.0473769 0.100727 -0.0209666 0.999779 -0.00149193 0.0083614 0.0473354 0.00248326 0.998876 -0.0105412 0.0 0.0 0.0 1.0
chess/seq-04/color/frame-000124.color.png chess/seq-04/color/frame-000126.color.png 0.997675 0.0535467 -0.0421687 0.139482 -0.0536186 0.998561 -0.0005747 0.0219291 0.0420772 0.00283441 0.99911 -0.00402176 0.0 0.0 0.0 1.0
chess/seq-04/color/frame-000126.color.png chess/seq-04/color/frame-000128.color.png 0.999454 0.00654007 -0.0323848 0.072415 -0.00679651 0.999946 -0.00782066 0.0116968 0.0323319 0.00803647 0.999445 -0.0111046 0.0 0.0 0.0 1.0
chess/seq-04/color/frame-000128.color.png chess/seq-04/color/frame-000130.color.png 0.998897 -0.00669061 -0.046482 0.095292 0.00703952 0.999948 0.00735005 -0.01764 0.0464305 -0.00766916 0.998892 -0.0217265 0.0 0.0 0.0 1.0
chess/seq-04/color/frame-000130.color.png chess/seq-04/color/frame-000132.color.png 0.999424 -0.0132012 -0.0312794 0.0522245 0.0130725 0.999905 -0.00431422 -0.00280496 0.0313334 0.00390281 0.999501 0.000317335 0.0 0.0 0.0 1.0
chess/seq-04/color/frame-000132.color.png chess/seq-04/color/frame-000134.color.png 0.999619 -0.00586592 -0.0269572 0.0658256 0.00598204 0.999973 0.00423166 -0.0186954 0.0269317 -0.00439131 0.999628 -0.00231135 0.0 0.0 0.0 1.0
chess/seq-04/color/frame-000134.color.png chess/seq-04/color/frame-000136.color.png 0.999351 -0.00827412 -0.0350628 0.0515627 0.0082446 0.999966 -0.000990928 -0.0015986 0.0350698 0.000701226 0.999385 -0.00155967 0.0 0.0 0.0 1.0
chess/seq-04/color/frame-000136.color.png chess/seq-04/color/frame-000138.color.png 0.999143 0.006748 -0.0408437 0.0894615 -0.00682705 0.999975 -0.00179625 -0.000844479 0.0408305 0.00207356 0.999164 -0.00207734 0.0 0.0 0.0 1.0
chess/seq-04/color/frame-000138.color.png chess/seq-04/color/frame-000140.color.png 0.99929 0.0295267 -0.0233864 0.0735388 -0.02918 0.999461 0.0150336 0.0109396 0.0238177 -0.0143405 0.999614 0.00629163 0.0 0.0 0.0 1.0
chess/seq-04/color/frame-000140.color.png chess/seq-04/color/frame-000142.color.png 0.999821 0.00657442 -0.0177558 0.0474486 -0.00614872 0.999695 0.0239199 -0.0210914 0.0179076 -0.0238064 0.999556 0.00275743 0.0 0.0 0.0 1.0
chess/seq-04/color/frame-000142.color.png chess/seq-04/color/frame-000144.color.png 0.998866 -0.0329808 -0.0343497 0.0585736 0.0344902 0.998422 0.0443185 -0.0785788 0.0328338 -0.0454529 0.998427 -0.00839126 0.0 0.0 0.0 1.0
chess/seq-04/color/frame-000144.color.png chess/seq-04/color/frame-000146.color.png 0.998161 -0.0522017 -0.0308004 0.0396534 0.0535077 0.997632 0.0432222 -0.0959562 0.0284712 -0.0447908 0.998591 -0.0300622 0.0 0.0 0.0 1.0
chess/seq-04/color/frame-000146.color.png chess/seq-04/color/frame-000148.color.png 0.998091 -0.0464224 -0.0407429 0.0644382 0.0481144 0.997976 0.0415831 -0.0909053 0.03873 -0.0434641 0.998304 -0.0268365 0.0 0.0 0.0 1.0
chess/seq-04/color/frame-000148.color.png chess/seq-04/color/frame-000150.color.png 0.995444 -0.0746207 -0.0593456 0.099838 0.0785009 0.994728 0.0659868 -0.148799 0.0541087 -0.0703448 0.996054 -0.0417333 0.0 0.0 0.0 1.0
chess/seq-04/color/frame-000150.color.png chess/seq-04/color/frame-000152.color.png 0.998352 -0.0488029 -0.0302062 0.03706 0.0500159 0.997915 0.0407935 -0.0898496 0.0281525 -0.0422371 0.998711 -0.0300249 0.0 0.0 0.0 1.0
chess/seq-04/color/frame-000152.color.png chess/seq-04/color/frame-000154.color.png 0.996516 -0.0729537 -0.0404092 0.052019 0.0750605 0.995751 0.0533386 -0.138497 0.0363463 -0.056186 0.997759 -0.0496713 0.0 0.0 0.0 1.0
chess/seq-04/color/frame-000154.color.png chess/seq-04/color/frame-000156.color.png 0.992176 -0.112982 -0.0531151 0.0766248 0.117221 0.989465 0.0849651 -0.228578 0.0429561 -0.0905266 0.994967 -0.0612522 0.0 0.0 0.0 1.0
chess/seq-04/color/frame-000156.color.png chess/seq-04/color/frame-000158.color.png 0.996363 -0.0834794 -0.0170728 0.0182287 0.0844006 0.994422 0.0632569 -0.159267 0.0116969 -0.0644677 0.997851 -0.0216756 0.0 0.0 0.0 1.0
chess/seq-04/color/frame-000158.color.png chess/seq-04/color/frame-000160.color.png 0.995702 -0.0921434 -0.00936791 0.0142944 0.0925889 0.992832 0.0755776 -0.195904 0.0023368 -0.0761201 0.997096 -0.0204604 0.0 0.0 0.0 1.0
chess/seq-04/color/frame-000160.color.png chess/seq-04/color/frame-000162.color.png 0.993656 -0.111725 -0.0128228 0.0230551 0.112415 0.989967 0.0856045 -0.223692 0.00312994 -0.086503 0.996247 0.00337696 0.0 0.0 0.0 1.0
chess/seq-04/color/frame-000162.color.png chess/seq-04/color/frame-000164.color.png 0.996854 -0.0747316 0.0264124 -0.0237976 0.0735169 0.996309 0.044304 -0.132391 -0.0296257 -0.0422229 0.998669 0.0315791 0.0 0.0 0.0 1.0
chess/seq-04/color/frame-000164.color.png chess/seq-04/color/frame-000166.color.png 0.99811 -0.0576204 0.0213688 -0.0182605 0.0567602 0.99763 0.0388881 -0.116666 -0.023559 -0.0376017 0.999015 0.0353175 0.0 0.0 0.0 1.0
chess/seq-04/color/frame-000166.color.png chess/seq-04/color/frame-000168.color.png 0.995392 -0.0819194 0.0498461 -0.0571991 0.079603 0.995727 0.0468065 -0.157513 -0.0534675 -0.042623 0.997659 0.0539659 0.0 0.0 0.0 1.0
chess/seq-04/color/frame-000168.color.png chess/seq-04/color/frame-000170.color.png 0.997734 -0.0560712 0.0371744 -0.0272952 0.0547987 0.997905 0.0344087 -0.106975 -0.0390258 -0.0322937 0.998716 0.0457267 0.0 0.0 0.0 1.0
chess/seq-04/color/frame-000170.color.png chess/seq-04/color/frame-000172.color.png 0.997365 -0.0573643 0.0444195 -0.0378518 0.0562169 0.998062 0.0266654 -0.0878731 -0.0458631 -0.024098 0.998657 0.0587212 0.0 0.0 0.0 1.0
chess/seq-04/color/frame-000172.color.png chess/seq-04/color/frame-000174.color.png 0.998531 -0.0482323 0.0246817 -0.0138012 0.0476979 0.998624 0.0217995 -0.070074 -0.0256993 -0.0205902 0.999458 0.0635397 0.0 0.0 0.0 1.0
chess/seq-04/color/frame-000174.color.png chess/seq-04/color/frame-000176.color.png 0.999728 -0.020219 0.0116096 -0.00430727 0.0199665 0.99957 0.0214711 -0.0528752 -0.0120387 -0.0212335 0.999702 0.0180287 0.0 0.0 0.0 1.0
chess/seq-04/color/frame-000176.color.png chess/seq-04/color/frame-000178.color.png 0.999973 -0.0030484 0.00666281 0.00696194 0.00289162 0.999721 0.0234247 -0.0292762 -0.00673247 -0.0234048 0.999704 0.0127509 0.0 0.0 0.0 1.0
chess/seq-04/color/frame-000178.color.png chess/seq-04/color/frame-000180.color.png 0.998625 0.0494267 0.0174416 -0.00127518 -0.0495001 0.998767 0.00379925 0.0722508 -0.0172322 -0.00465739 0.999841 0.0199829 0.0 0.0 0.0 1.0
chess/seq-04/color/frame-000180.color.png chess/seq-04/color/frame-000182.color.png 0.99843 0.0545659 0.0126579 -0.00137925 -0.0545266 0.998506 -0.00343487 0.0950083 -0.0128264 0.00273925 0.999914 0.0227331 0.0 0.0 0.0 1.0
chess/seq-04/color/frame-000182.color.png chess/seq-04/color/frame-000184.color.png 0.997831 0.0656323 0.00515045 0.0125811 -0.0656267 0.997843 -0.00124913 0.100905 -0.00522136 0.00090841 0.999986 0.0126019 0.0 0.0 0.0 1.0
chess/seq-04/color/frame-000184.color.png chess/seq-04/color/frame-000186.color.png 0.999529 0.0305134 -0.00334243 0.0109454 -0.030518 0.999533 -0.00132769 0.0485599 0.00330029 0.00142908 0.999994 0.00570011 0.0 0.0 0.0 1.0
chess/seq-04/color/frame-000186.color.png chess/seq-04/color/frame-000188.color.png 0.99927 0.036739 -0.0104786 0.031691 -0.0368538 0.99926 -0.0109829 0.0650802 0.0100675 0.0113611 0.999885 0.00738001 0.0 0.0 0.0 1.0
chess/seq-04/color/frame-000188.color.png chess/seq-04/color/frame-000190.color.png 0.998998 0.0439674 0.00835712 0.00177836 -0.0438493 0.998943 -0.0138191 0.0785231 -0.00895598 0.0134387 0.99987 0.0135716 0.0 0.0 0.0 1.0
chess/seq-04/color/frame-000190.color.png chess/seq-04/color/frame-000192.color.png 0.999369 0.0335959 -0.0115442 0.0284659 -0.0337893 0.999285 -0.0169825 0.0649378 0.0109654 0.0173619 0.999789 -0.00304306 0.0 0.0 0.0 1.0
chess/seq-04/color/frame-000192.color.png chess/seq-04/color/frame-000194.color.png 0.998068 0.0582323 -0.0216518 0.0470701 -0.0590922 0.997391 -0.0414619 0.121249 0.019181 0.0426613 0.998906 -0.0228356 0.0 0.0 0.0 1.0
chess/seq-04/color/frame-000194.color.png chess/seq-04/color/frame-000196.color.png 0.998386 0.0544985 -0.0159965 0.0314702 -0.055008 0.997929 -0.0333542 0.105184 0.0141456 0.0341803 0.999315 -0.0210993 0.0 0.0 0.0 1.0
chess/seq-04/color/frame-000196.color.png chess/seq-04/color/frame-000198.color.png 0.998627 0.0491586 -0.0181059 0.0368234 -0.049729 0.998233 -0.0325283 0.091097 0.0164748 0.033384 0.999307 -0.0201949 0.0 0.0 0.0 1.0
chess/seq-04/color/frame-000198.color.png chess/seq-04/color/frame-000200.color.png 0.99897 0.0391929 -0.0228536 0.035712 -0.0399729 0.998597 -0.0347327 0.0747052 0.0214603 0.0356105 0.999135 -0.0284967 0.0 0.0 0.0 1.0
chess/seq-04/color/frame-000200.color.png chess/seq-04/color/frame-000202.color.png 0.999614 0.0256272 -0.0107321 0.022536 -0.0259602 0.999146 -0.0321314 0.0403391 0.00989939 0.0323976 0.999426 -0.0189612 0.0 0.0 0.0 1.0
chess/seq-04/color/frame-000202.color.png chess/seq-04/color/frame-000204.color.png 0.999724 0.0201479 -0.0120949 0.0336022 -0.0204474 0.999474 -0.0251726 0.0401188 0.0115814 0.025413 0.99961 -0.0120814 0.0 0.0 0.0 1.0
chess/seq-04/color/frame-000204.color.png chess/seq-04/color/frame-000206.color.png 0.999939 0.0109979 -0.00057826 0.00833344 -0.0110071 0.999751 -0.0193903 0.0227653 0.000364795 0.0193955 0.999812 -0.000900865 0.0 0.0 0.0 1.0
chess/seq-04/color/frame-000206.color.png chess/seq-04/color/frame-000208.color.png 0.999937 0.00245662 -0.0109481 0.0226606 -0.00263076 0.99987 -0.0159208 -0.000191331 0.0109076 0.0159486 0.999813 -0.0201812 0.0 0.0 0.0 1.0
chess/seq-04/color/frame-000208.color.png chess/seq-04/color/frame-000210.color.png 0.999911 0.0119901 0.00589921 0.00373161 -0.0118638 0.999709 -0.0210061 0.0381292 -0.00614941 0.0209342 0.999762 0.0106931 0.0 0.0 0.0 1.0
chess/seq-04/color/frame-000210.color.png chess/seq-04/color/frame-000212.color.png 0.99988 0.0129382 -0.00857289 0.0281262 -0.0129904 0.999897 -0.0060631 0.00484669 0.00849355 0.00617373 0.999945 -0.012217 0.0 0.0 0.0 1.0
chess/seq-04/color/frame-000212.color.png chess/seq-04/color/frame-000214.color.png 0.999017 0.0441274 -0.0042358 0.0490072 -0.0442395 0.998522 -0.0315749 0.08689 0.00283629 0.0317312 0.999492 -0.0240439 0.0 0.0 0.0 1.0
chess/seq-04/color/frame-000214.color.png chess/seq-04/color/frame-000216.color.png 0.999327 0.0364547 -0.00404233 0.0292557 -0.0365116 0.99922 -0.0150309 0.0524336 0.00349118 0.0151683 0.999879 -0.0170721 0.0 0.0 0.0 1.0
chess/seq-04/color/frame-000216.color.png chess/seq-04/color/frame-000218.color.png 0.998931 0.0447489 -0.0115884 0.0486621 -0.0450892 0.998502 -0.0309807 0.106309 0.0101848 0.0314701 0.999453 -0.0268418 0.0 0.0 0.0 1.0
chess/seq-04/color/frame-000218.color.png chess/seq-04/color/frame-000220.color.png 0.998966 0.0378891 -0.025141 0.0553917 -0.0383789 0.999077 -0.0192926 0.05277 0.0243866 0.0202375 0.999498 -0.0176401 0.0 0.0 0.0 1.0
chess/seq-04/color/frame-000220.color.png chess/seq-04/color/frame-000222.color.png 0.998642 0.0291628 -0.0431793 0.0795413 -0.0304218 0.999122 -0.0287932 0.0706092 0.0423017 0.0300676 0.998652 -0.0726671 0.0 0.0 0.0 1.0
chess/seq-04/color/frame-000222.color.png chess/seq-04/color/frame-000224.color.png 0.999532 0.0225786 -0.0206377 0.0425991 -0.0227887 0.99969 -0.0100027 0.0466735 0.0204055 0.0104683 0.999737 -0.0376096 0.0 0.0 0.0 1.0
chess/seq-04/color/frame-000224.color.png chess/seq-04/color/frame-000226.color.png 0.999203 0.0289567 -0.027474 0.0553763 -0.0289224 0.99958 0.00164429 0.0366208 0.02751 -0.000848308 0.999621 -0.0404778 0.0 0.0 0.0 1.0
chess/seq-04/color/frame-000226.color.png chess/seq-04/color/frame-000228.color.png 0.999541 0.0109392 -0.0282369 0.0392325 -0.0110136 0.999936 -0.00247873 0.027637 0.0282081 0.00278852 0.999598 -0.0447702 0.0 0.0 0.0 1.0
chess/seq-04/color/frame-000228.color.png chess/seq-04/color/frame-000230.color.png 0.999026 0.0262513 -0.0354757 0.0548471 -0.0260323 0.999639 0.00661908 0.0351132 0.0356367 -0.00568906 0.999349 -0.0629351 0.0 0.0 0.0 1.0
chess/seq-04/color/frame-000230.color.png chess/seq-04/color/frame-000232.color.png 0.998835 0.0217121 -0.0430986 0.052506 -0.0215998 0.999762 0.00307169 0.0468397 0.0431551 -0.00213734 0.999066 -0.0633827 0.0 0.0 0.0 1.0
chess/seq-04/color/frame-000232.color.png chess/seq-04/color/frame-000234.color.png 0.999258 0.0134792 -0.0360695 0.0372473 -0.0134464 0.999909 0.00115028 0.0381506 0.0360817 -0.000664339 0.999349 -0.0763893 0.0 0.0 0.0 1.0
chess/seq-04/color/frame-000234.color.png chess/seq-04/color/frame-000236.color.png 0.999185 0.0166237 -0.0367735 0.0363094 -0.0162608 0.999816 0.0101452 0.0196406 0.0369353 -0.00953896 0.999272 -0.0467695 0.0 0.0 0.0 1.0
chess/seq-04/color/frame-000236.color.png chess/seq-04/color/frame-000238.color.png 0.999452 0.0125175 -0.0306576 0.0284615 -0.0121884 0.999866 0.0108983 0.0186377 0.0307899 -0.0105186 0.999471 -0.0430782 0.0 0.0 0.0 1.0
chess/seq-04/color/frame-000238.color.png chess/seq-04/color/frame-000240.color.png 0.999848 0.0163889 -0.00589259 0.000142574 -0.0163049 0.999769 0.0140368 0.0123928 0.00612141 -0.0139386 0.999884 -0.00430524 0.0 0.0 0.0 1.0
chess/seq-04/color/frame-000240.color.png chess/seq-04/color/frame-000242.color.png 0.999995 0.00238798 -0.00225121 -0.0181893 -0.00237206 0.999972 0.00707796 0.00510889 0.00226805 -0.00707257 0.999973 -0.00493991 0.0 0.0 0.0 1.0
chess/seq-04/color/frame-000242.color.png chess/seq-04/color/frame-000244.color.png 0.999976 -0.00684049 -0.00132802 -0.0352243 0.00684713 0.999964 0.00502119 0.000191092 0.00129353 -0.00503012 0.999986 0.00150573 0.0 0.0 0.0 1.0
chess/seq-04/color/frame-000244.color.png chess/seq-04/color/frame-000246.color.png 0.99999 0.00445114 0.000510254 -0.0203738 -0.00445094 0.99999 -0.000334617 0.0186863 -0.000511783 0.000332353 1.0 0.0250508 0.0 0.0 0.0 1.0
chess/seq-04/color/frame-000246.color.png chess/seq-04/color/frame-000248.color.png 0.99981 -0.0116587 0.0156464 -0.0515931 0.0116478 0.999932 0.000787043 -0.00922871 -0.0156547 -0.000604637 0.999877 0.0302764 0.0 0.0 0.0 1.0
chess/seq-04/color/frame-000248.color.png chess/seq-04/color/frame-000250.color.png 0.999381 -0.0328772 0.0125427 -0.0686831 0.0327175 0.999384 0.0127305 -0.0462871 -0.0129534 -0.0123123 0.99984 0.0235612 0.0 0.0 0.0 1.0
chess/seq-04/color/frame-000250.color.png chess/seq-04/color/frame-000252.color.png 0.998994 -0.0419399 0.0158538 -0.065546 0.0418802 0.999114 0.00408164 -0.0523457 -0.016011 -0.00341358 0.999866 0.035381 0.0 0.0 0.0 1.0
chess/seq-04/color/frame-000252.color.png chess/seq-04/color/frame-000254.color.png 0.998793 -0.0448394 0.0200652 -0.0665401 0.0445954 0.998928 0.0124474 -0.0627793 -0.0206018 -0.0115375 0.999721 0.0329493 0.0 0.0 0.0 1.0
chess/seq-04/color/frame-000254.color.png chess/seq-04/color/frame-000256.color.png 0.997207 -0.0564141 0.0489358 -0.117721 0.0548562 0.997961 0.0326159 -0.0933468 -0.0506759 -0.0298404 0.998269 0.0689656 0.0 0.0 0.0 1.0
chess/seq-04/color/frame-000256.color.png chess/seq-04/color/frame-000258.color.png 0.99811 -0.0489316 0.0371842 -0.0976794 0.0470817 0.997684 0.0490947 -0.0965967 -0.0395005 -0.0472512 0.998102 0.0428324 0.0 0.0 0.0 1.0
chess/seq-04/color/frame-000258.color.png chess/seq-04/color/frame-000260.color.png 0.99894 -0.0169926 0.0427716 -0.096674 0.0153225 0.999119 0.0390772 -0.0502455 -0.0433979 -0.0383804 0.99832 0.0681689 0.0 0.0 0.0 1.0
chess/seq-04/color/frame-000260.color.png chess/seq-04/color/frame-000262.color.png 0.998886 -0.0349592 0.0317132 -0.0757797 0.0329779 0.997594 0.0609836 -0.118677 -0.0337689 -0.0598698 0.997635 0.0441171 0.0 0.0 0.0 1.0
chess/seq-04/color/frame-000262.color.png chess/seq-04/color/frame-000264.color.png 0.997365 -0.0678654 0.025647 -0.0694431 0.0661089 0.995755 0.0640434 -0.146271 -0.0298846 -0.0621791 0.997617 0.0493096 0.0 0.0 0.0 1.0
chess/seq-04/color/frame-000264.color.png chess/seq-04/color/frame-000266.color.png 0.997859 -0.0476911 0.0447639 -0.0968431 0.0452288 0.997489 0.054494 -0.11448 -0.0472504 -0.0523527 0.99751 0.0694889 0.0 0.0 0.0 1.0
chess/seq-04/color/frame-000266.color.png chess/seq-04/color/frame-000268.color.png 0.999195 -0.0147458 0.037313 -0.0768325 0.0134704 0.999324 0.034204 -0.0553777 -0.0377923 -0.0336738 0.998718 0.0596706 0.0 0.0 0.0 1.0
chess/seq-04/color/frame-000268.color.png chess/seq-04/color/frame-000270.color.png 0.999656 -0.0134774 0.0224741 -0.0517974 0.0129193 0.999609 0.0247963 -0.0488476 -0.0227994 -0.0244975 0.99944 0.0512263 0.0 0.0 0.0 1.0
chess/seq-04/color/frame-000270.color.png chess/seq-04/color/frame-000272.color.png 0.999536 0.010381 0.0286388 -0.0505902 -0.0103761 0.999946 -0.0003182 0.00811842 -0.0286406 2.08844e-05 0.99959 0.0613426 0.0 0.0 0.0 1.0
chess/seq-04/color/frame-000272.color.png chess/seq-04/color/frame-000274.color.png 0.999584 0.00567254 0.0282802 -0.0563643 -0.00588401 0.999955 0.00739923 -0.00566164 -0.0282369 -0.00756256 0.999573 0.0535272 0.0 0.0 0.0 1.0
chess/seq-04/color/frame-000274.color.png chess/seq-04/color/frame-000276.color.png 0.999318 0.0300671 0.0214378 -0.0593818 -0.0303271 0.999469 0.0119082 0.0148565 -0.0210685 -0.0125502 0.999699 0.0478908 0.0 0.0 0.0 1.0
chess/seq-04/color/frame-000276.color.png chess/seq-04/color/frame-000278.color.png 0.999801 0.0170969 0.0102856 -0.0260489 -0.0171539 0.999838 0.00548583 0.0070481 -0.01019 -0.00566116 0.999932 0.0217315 0.0 0.0 0.0 1.0
chess/seq-04/color/frame-000278.color.png chess/seq-04/color/frame-000280.color.png 0.999808 0.016934 0.00987005 -0.0346302 -0.0170255 0.999812 0.00926779 0.00167143 -0.00971125 -0.00943409 0.999908 0.028699 0.0 0.0 0.0 1.0
chess/seq-04/color/frame-000280.color.png chess/seq-04/color/frame-000282.color.png 0.999816 0.0088331 0.0170393 -0.0469358 -0.00903879 0.999887 0.0120299 -0.00900152 -0.0169312 -0.0121817 0.999782 0.0328813 0.0 0.0 0.0 1.0
chess/seq-04/color/frame-000282.color.png chess/seq-04/color/frame-000284.color.png 0.999911 -0.00134354 0.013276 -0.0405596 0.00120297 0.999943 0.0105918 -0.0142034 -0.0132895 -0.0105749 0.999856 0.0150578 0.0 0.0 0.0 1.0
chess/seq-04/color/frame-000284.color.png chess/seq-04/color/frame-000286.color.png 0.999965 0.00565959 0.00614586 -0.0292431 -0.00564533 0.999981 -0.00233831 0.0111236 -0.00615892 0.00230346 0.999978 0.0271828 0.0 0.0 0.0 1.0
chess/seq-04/color/frame-000286.color.png chess/seq-04/color/frame-000288.color.png 0.999911 0.00651102 0.0116072 -0.0443321 -0.00646883 0.999972 -0.00366744 0.00997272 -0.0116308 0.00359207 0.999926 0.00868905 0.0 0.0 0.0 1.0
chess/seq-04/color/frame-000288.color.png chess/seq-04/color/frame-000290.color.png 0.999829 -0.00121743 0.0184536 -0.0612589 0.0014606 0.999912 -0.0131718 0.0240817 -0.018436 0.0131965 0.999743 0.0202858 0.0 0.0 0.0 1.0
chess/seq-04/color/frame-000290.color.png chess/seq-04/color/frame-000292.color.png 0.999759 0.00523658 0.0213407 -0.0531801 -0.00514205 0.999977 -0.0044806 0.00692245 -0.0213635 0.00436977 0.999762 0.0127231 0.0 0.0 0.0 1.0
chess/seq-04/color/frame-000292.color.png chess/seq-04/color/frame-000294.color.png 0.999603 -0.00124667 0.0281465 -0.0782694 0.00105261 0.999976 0.00690807 -0.0261396 -0.0281544 -0.00687574 0.99958 0.0141811 0.0 0.0 0.0 1.0
chess/seq-04/color/frame-000294.color.png chess/seq-04/color/frame-000296.color.png 0.999858 0.00605497 0.0157167 -0.0518281 -0.00593847 0.999955 -0.00744853 0.0272954 -0.0157611 0.00735417 0.999849 0.00858939 0.0 0.0 0.0 1.0
chess/seq-04/color/frame-000296.color.png chess/seq-04/color/frame-000298.color.png 0.999707 0.00309452 0.023996 -0.0723771 -0.00317016 0.99999 0.00311512 -0.0137115 -0.0239861 -0.00319027 0.999707 0.00423908 0.0 0.0 0.0 1.0
chess/seq-04/color/frame-000298.color.png chess/seq-04/color/frame-000300.color.png 0.999754 0.0074718 0.0208984 -0.0663789 -0.00748947 0.999972 0.000766291 -0.00150689 -0.0208922 -0.000922623 0.999781 0.00184405 0.0 0.0 0.0 1.0
chess/seq-04/color/frame-000300.color.png chess/seq-04/color/frame-000302.color.png 0.999972 -0.00173924 0.00728596 -0.0358636 0.00177145 0.999989 -0.00442023 0.00620496 -0.00727824 0.00443306 0.999964 0.00212085 0.0 0.0 0.0 1.0
chess/seq-04/color/frame-000302.color.png chess/seq-04/color/frame-000304.color.png 0.999684 0.0190223 0.0164184 -0.057869 -0.0189026 0.999794 -0.00741454 0.019158 -0.0165561 0.00710182 0.999838 -0.001315 0.0 0.0 0.0 1.0
chess/seq-04/color/frame-000304.color.png chess/seq-04/color/frame-000306.color.png 0.999937 0.00400164 0.0104991 -0.0403799 -0.00399648 0.999992 -0.000508022 0.00245169 -0.0105008 0.000465973 0.999945 0.00425982 0.0 0.0 0.0 1.0
chess/seq-04/color/frame-000306.color.png chess/seq-04/color/frame-000308.color.png 0.999966 0.00823252 -0.000195244 -0.0194826 -0.00823168 0.999958 0.00401763 -0.00271404 0.000228262 -0.00401594 0.999992 -0.00273895 0.0 0.0 0.0 1.0
chess/seq-04/color/frame-000308.color.png chess/seq-04/color/frame-000310.color.png 0.999942 0.00815799 0.00697405 -0.0325053 -0.00811366 0.999947 -0.00636017 0.0158557 -0.00702554 0.00630329 0.999955 0.00275064 0.0 0.0 0.0 1.0
chess/seq-04/color/frame-000310.color.png chess/seq-04/color/frame-000312.color.png 0.999905 0.00750267 0.0115871 -0.0473865 -0.00746554 0.999967 -0.00324583 0.00843945 -0.011611 0.00315904 0.999928 0.00893998 0.0 0.0 0.0 1.0
chess/seq-04/color/frame-000312.color.png chess/seq-04/color/frame-000314.color.png 0.99964 -0.00366738 0.0265701 -0.0768605 0.00368777 0.999993 -0.000716911 -0.0030483 -0.0265673 0.000814561 0.999647 0.00929511 0.0 0.0 0.0 1.0
chess/seq-04/color/frame-000314.color.png chess/seq-04/color/frame-000316.color.png 0.999866 -0.0105445 0.012495 -0.0359007 0.0104855 0.999934 0.00477849 -0.0124724 -0.0125446 -0.00464677 0.99991 0.00899208 0.0 0.0 0.0 1.0
chess/seq-04/color/frame-000316.color.png chess/seq-04/color/frame-000318.color.png 0.999605 -0.0121132 0.0253643 -0.0631418 0.012391 0.999865 -0.0108222 0.0110799 -0.0252298 0.0111322 0.99962 0.0199769 0.0 0.0 0.0 1.0
chess/seq-04/color/frame-000318.color.png chess/seq-04/color/frame-000320.color.png 0.99979 -0.00650215 0.0194358 -0.04754 0.00664314 0.999952 -0.00719844 0.00249398 -0.0193881 0.00732598 0.999785 0.0152667 0.0 0.0 0.0 1.0
chess/seq-04/color/frame-000320.color.png chess/seq-04/color/frame-000322.color.png 0.999675 -0.0240843 0.00833465 -0.0340357 0.0240308 0.99969 0.00645386 -0.0320122 -0.00848748 -0.00625139 0.999944 0.00197411 0.0 0.0 0.0 1.0
chess/seq-04/color/frame-000322.color.png chess/seq-04/color/frame-000324.color.png 0.999937 -0.0108832 0.00285925 -0.0239678 0.0108554 0.999895 0.00954655 -0.0191137 -0.0029629 -0.00951493 0.99995 -0.00353968 0.0 0.0 0.0 1.0
chess/seq-04/color/frame-000324.color.png chess/seq-04/color/frame-000326.color.png 0.999967 -0.00812117 0.000359354 -0.0241192 0.00811333 0.999804 0.0180841 -0.0433073 -0.000506132 -0.0180806 0.999836 0.000367522 0.0 0.0 0.0 1.0
chess/seq-04/color/frame-000326.color.png chess/seq-04/color/frame-000328.color.png 0.999937 0.00563396 0.00967593 -0.0470907 -0.00559443 0.999976 -0.00410338 0.0174576 -0.00969881 0.00404896 0.999945 -0.00428092 0.0 0.0 0.0 1.0
chess/seq-04/color/frame-000328.color.png chess/seq-04/color/frame-000330.color.png 0.999942 -0.00870772 0.00639584 -0.0311578 0.00860214 0.999829 0.0163544 -0.0270325 -0.00653721 -0.0162983 0.999846 0.000780225 0.0 0.0 0.0 1.0
chess/seq-04/color/frame-000330.color.png chess/seq-04/color/frame-000332.color.png 0.999917 -0.0112999 0.00615199 -0.0250166 0.0112716 0.999926 0.00461859 -0.00713655 -0.00620372 -0.00454888 0.99997 0.00611353 0.0 0.0 0.0 1.0
chess/seq-04/color/frame-000332.color.png chess/seq-04/color/frame-000334.color.png 0.999773 0.0144208 0.0156623 -0.033568 -0.0144679 0.999891 0.00290113 -0.00150254 -0.0156188 -0.0031271 0.999873 0.00760746 0.0 0.0 0.0 1.0
chess/seq-04/color/frame-000334.color.png chess/seq-04/color/frame-000336.color.png 0.999951 -0.00812379 0.00559067 -0.0232057 0.0080573 0.999898 0.0118131 -0.0166487 -0.00568607 -0.0117675 0.999915 0.00372553 0.0 0.0 0.0 1.0
chess/seq-04/color/frame-000336.color.png chess/seq-04/color/frame-000338.color.png 0.999771 0.00505845 0.0207943 -0.056971 -0.00490211 0.999959 -0.00756256 0.0221242 -0.0208318 0.00745889 0.999755 0.0181744 0.0 0.0 0.0 1.0
chess/seq-04/color/frame-000338.color.png chess/seq-04/color/frame-000340.color.png 0.999777 -0.0101668 0.0185034 -0.0441545 0.010386 0.999877 -0.0117868 0.0161389 -0.0183813 0.0119764 0.999759 0.00949836 0.0 0.0 0.0 1.0
chess/seq-04/color/frame-000340.color.png chess/seq-04/color/frame-000342.color.png 0.999733 -0.00258212 0.0229419 -0.05891 0.00271328 0.99998 -0.00568946 0.00699165 -0.0229268 0.00575022 0.999721 0.0155362 0.0 0.0 0.0 1.0
chess/seq-04/color/frame-000342.color.png chess/seq-04/color/frame-000344.color.png 0.99959 -0.00249639 0.0285213 -0.058067 0.00258253 0.999992 -0.00298234 -0.00312012 -0.0285136 0.00305474 0.999589 0.0121006 0.0 0.0 0.0 1.0
chess/seq-04/color/frame-000344.color.png chess/seq-04/color/frame-000346.color.png 0.999599 0.00823723 0.0270735 -0.0477647 -0.00841203 0.999945 0.00634795 -0.0186979 -0.0270197 -0.00657319 0.999613 0.0103344 0.0 0.0 0.0 1.0
chess/seq-04/color/frame-000346.color.png chess/seq-04/color/frame-000348.color.png 0.999694 -0.0127598 0.0211935 -0.0408964 0.0127061 0.999916 0.00267067 -0.00491762 -0.0212258 -0.00240053 0.999772 0.00623608 0.0 0.0 0.0 1.0
chess/seq-04/color/frame-000348.color.png chess/seq-04/color/frame-000350.color.png 0.999769 -6.79568e-05 0.0214875 -0.0423078 -0.00014799 0.99995 0.0100481 -0.0173189 -0.021487 -0.010049 0.999719 0.0116853 0.0 0.0 0.0 1.0
chess/seq-04/color/frame-000350.color.png chess/seq-04/color/frame-000352.color.png 0.999853 -0.00771545 0.0152854 -0.0244078 0.00757097 0.999926 0.00948884 -0.0153283 -0.0153575 -0.00937169 0.999838 0.00361466 0.0 0.0 0.0 1.0
chess/seq-04/color/frame-000352.color.png chess/seq-04/color/frame-000354.color.png 0.99977 -0.000107921 0.0214369 -0.0456188 -0.000253621 0.999858 0.0168598 -0.0235021 -0.0214357 -0.0168613 0.999628 0.0123144 0.0 0.0 0.0 1.0
chess/seq-04/color/frame-000354.color.png chess/seq-04/color/frame-000356.color.png 0.999944 -0.00352591 0.00995933 -0.0192997 0.00337827 0.999885 0.0148066 -0.0265163 -0.0100104 -0.0147721 0.999841 0.00723851 0.0 0.0 0.0 1.0
chess/seq-04/color/frame-000356.color.png chess/seq-04/color/frame-000358.color.png 0.999947 0.00209371 0.0101259 -0.0127016 -0.0022739 0.999839 0.0178144 -0.0292633 -0.010087 -0.0178365 0.99979 0.0128024 0.0 0.0 0.0 1.0
