chess/seq-04/color/frame-000002.color.png chess/seq-04/color/frame-000005.color.png 0.999973 0.00735125 -0.000320037 0.000854871 -0.00735082 0.999972 0.00134246 0.000258784 0.000329897 -0.00134007 0.999999 2.74541e-07 0.0 0.0 0.0 1.0
chess/seq-04/color/frame-000005.color.png chess/seq-04/color/frame-000008.color.png 0.999996 0.000113169 -0.0028288 0.000877022 -0.000113325 1.0 -5.44688e-05 0.00126017 0.00282879 5.4789e-05 0.999996 0.00106881 0.0 0.0 0.0 1.0
chess/seq-04/color/frame-000008.color.png chess/seq-04/color/frame-000011.color.png 0.999996 0.00240468 -0.00147713 0.00122676 -0.00240246 0.999996 0.00149658 -0.00111223 0.00148072 -0.00149302 0.999998 0.0023345 0.0 0.0 0.0 1.0
chess/seq-04/color/frame-000011.color.png chess/seq-04/color/frame-000014.color.png 0.999991 0.00369952 -0.00199212 0.00350295 -0.00370242 0.999992 -0.0014544 0.00281542 0.00198672 0.00146176 0.999997 0.00202402 0.0 0.0 0.0 1.0
chess/seq-04/color/frame-000014.color.png chess/seq-04/color/frame-000017.color.png 0.999903 0.0139104 8.9213e-05 0.00424675 -0.0139106 0.999899 0.00291278 -0.001983 -4.8686e-05 -0.00291374 0.999996 0.00128851 0.0 0.0 0.0 1.0
chess/seq-04/color/frame-000017.color.png chess/seq-04/color/frame-000020.color.png 0.999943 0.010551 -0.00136701 0.00644334 -0.0105556 0.999939 -0.00336844 0.00087502 0.00133139 0.00338268 0.999993 -0.000528052 0.0 0.0 0.0 1.0
chess/seq-04/color/frame-000020.color.png chess/seq-04/color/frame-000023.color.png 0.999374 0.0345731 0.00756282 0.0111048 -0.0345943 0.999398 0.00269464 -0.00093053 -0.00746511 -0.00295458 0.999968 -0.000560077 0.0 0.0 0.0 1.0
chess/seq-04/color/frame-000023.color.png chess/seq-04/color/frame-000026.color.png 0.997079 0.0749206 0.0148415 0.0158697 -0.0750164 0.997164 0.00600484 -0.00373205 -0.0143495 -0.00710065 0.999872 -0.00619656 0.0 0.0 0.0 1.0
chess/seq-04/color/frame-000026.color.png chess/seq-04/color/frame-000029.color.png 0.99761 0.0632997 0.0276931 0.00937895 -0.0640032 0.997629 0.0252978 -0.00595935 -0.0260261 -0.0270098 0.999296 -0.000314697 0.0 0.0 0.0 1.0
chess/seq-04/color/frame-000029.color.png chess/seq-04/color/frame-000032.color.png 0.990237 0.136105 0.030113 0.0177366 -0.137 0.990118 0.029955 -0.0135065 -0.0257385 -0.033788 0.999098 0.000148571 0.0 0.0 0.0 1.0
chess/seq-04/color/frame-000032.color.png chess/seq-04/color/frame-000035.color.png 0.995227 0.0928286 0.0300971 4.44651e-05 -0.0933155 0.995521 0.0151953 -0.0346722 -0.0285518 -0.0179313 0.999431 -0.00373504 0.0 0.0 0.0 1.0
chess/seq-04/color/frame-000035.color.png chess/seq-04/color/frame-000038.color.png 0.994748 0.0973713 0.0315579 0.0108627 -0.0975151 0.995229 0.0030471 -0.0318053 -0.0311106 -0.00610843 0.999497 -0.00924544 0.0 0.0 0.0 1.0
chess/seq-04/color/frame-000038.color.png chess/seq-04/color/frame-000041.color.png 0.994583 0.0816677 0.0643002 -0.016828 -0.0826316 0.996502 0.0124702 -0.0227293 -0.0630569 -0.0177159 0.997853 0.0256004 0.0 0.0 0.0 1.0
chess/seq-04/color/frame-000041.color.png chess/seq-04/color/frame-000044.color.png 0.998632 -0.0175564 -0.0492533 0.120727 0.0174344 0.999844 -0.00290618 -0.0189466 0.0492967 0.00204352 0.998782 0.0258915 0.0 0.0 0.0 1.0
chess/seq-04/color/frame-000044.color.png chess/seq-04/color/frame-000047.color.png 0.986904 -0.0721191 -0.144292 0.235306 0.0722236 0.997378 -0.00452022 -0.0311192 0.144239 -0.00596026 0.989525 -0.00169349 0.0 0.0 0.0 1.0
chess/seq-04/color/frame-000047.color.png chess/seq-04/color/frame-000050.color.png 0.983831 -0.103793 -0.145959 0.192635 0.105388 0.994426 0.00321678 -0.0798135 0.144812 -0.0185471 0.989285 -0.0298747 0.0 0.0 0.0 1.0
chess/seq-04/color/frame-000050.color.png chess/seq-04/color/frame-000053.color.png 0.992619 -0.113784 -0.0419522 -0.05223 0.11391 0.993491 0.000610067 -0.0778646 0.0416098 -0.00538435 0.999119 -0.00137657 0.0 0.0 0.0 1.0
chess/seq-04/color/frame-000053.color.png chess/seq-04/color/frame-000056.color.png 0.995193 -0.0972532 -0.0115387 -0.0400435 0.0974112 0.995145 0.014026 -0.0686314 0.0101186 -0.0150825 0.999835 0.00563928 0.0 0.0 0.0 1.0
chess/seq-04/color/frame-000056.color.png chess/seq-04/color/frame-000059.color.png 0.992751 -0.119866 -0.00878191 -0.0600131 0.120129 0.991893 0.0414423 -0.0763138 0.00374318 -0.0421969 0.999102 -0.00507863 0.0 0.0 0.0 1.0
chess/seq-04/color/frame-000059.color.png chess/seq-04/color/frame-000062.color.png 0.990734 -0.128648 -0.0435526 -0.0219681 0.130759 0.990169 0.0496737 -0.148648 0.036734 -0.0549082 0.997815 -0.0643325 0.0 0.0 0.0 1.0
chess/seq-04/color/frame-000062.color.png chess/seq-04/color/frame-000065.color.png 0.989003 -0.13663 -0.0566157 -0.0433218 0.13789 0.990266 0.0189587 -0.0927203 0.0534742 -0.0265569 0.998216 -0.0405556 0.0 0.0 0.0 1.0
chess/seq-04/color/frame-000065.color.png chess/seq-04/color/frame-000068.color.png 0.992284 -0.107902 -0.0610776 -0.00231075 0.109923 0.993464 0.0307498 -0.0738518 0.0573605 -0.0372264 0.997659 -0.0342676 0.0 0.0 0.0 1.0
chess/seq-04/color/frame-000068.color.png chess/seq-04/color/frame-000071.color.png 0.994769 -0.098713 -0.0262822 -0.0199205 0.0996103 0.994398 0.0353529 -0.0879207 0.0226451 -0.037786 0.999029 -0.0275507 0.0 0.0 0.0 1.0
chess/seq-04/color/frame-000071.color.png chess/seq-04/color/frame-000074.color.png 0.99285 -0.117597 -0.0204859 -0.0086503 0.117915 0.99291 0.0150283 -0.0647024 0.0185735 -0.0173365 0.999677 0.0137503 0.0 0.0 0.0 1.0
chess/seq-04/color/frame-000074.color.png chess/seq-04/color/frame-000077.color.png 0.990244 -0.0901011 0.106293 -0.18246 0.0880124 0.995826 0.0241905 -0.0595436 -0.108029 -0.0145994 0.994041 0.0468131 0.0 0.0 0.0 1.0
chess/seq-04/color/frame-000077.color.png chess/seq-04/color/frame-000080.color.png 0.983372 -0.0413006 0.176845 -0.248259 0.0365407 0.998879 0.0300896 0.00863475 -0.17789 -0.0231273 0.983779 0.105645 0.0 0.0 0.0 1.0
chess/seq-04/color/frame-000080.color.png chess/seq-04/color/frame-000083.color.png 0.990844 0.0152306 0.134151 -0.142851 -0.0157576 0.999872 0.00286657 0.0590864 -0.13409 -0.00495423 0.990957 0.130106 0.0 0.0 0.0 1.0
chess/seq-04/color/frame-000083.color.png chess/seq-04/color/frame-000086.color.png 0.995686 0.083114 0.0412402 0.0572636 -0.0842841 0.996062 0.027492 0.024884 -0.0387928 -0.0308493 0.998771 0.0442079 0.0 0.0 0.0 1.0
chess/seq-04/color/frame-000086.color.png chess/seq-04/color/frame-000089.color.png 0.993993 0.109428 -0.0019502 0.0921531 -0.109199 0.992798 0.0492622 -0.00876173 0.0073268 -0.0487533 0.998784 0.0258487 0.0 0.0 0.0 1.0
chess/seq-04/color/frame-000089.color.png chess/seq-04/color/frame-000092.color.png 0.992795 0.117554 0.0232349 0.0439656 -0.118225 0.992534 0.0299837 -0.00624332 -0.0195367 -0.0325146 0.99928 0.0452485 0.0 0.0 0.0 1.0
chess/seq-04/color/frame-000092.color.png chess/seq-04/color/frame-000095.color.png 0.990692 0.131509 0.0351411 0.0502784 -0.132482 0.990819 0.0269557 0.0006001 -0.0312736 -0.0313603 0.999019 0.0523446 0.0 0.0 0.0 1.0
chess/seq-04/color/frame-000095.color.png chess/seq-04/color/frame-000098.color.png 0.992142 0.120917 0.0321296 0.0235597 -0.12149 0.992455 0.0165179 -0.00754118 -0.0298899 -0.0202916 0.999347 0.0522148 0.0 0.0 0.0 1.0
chess/seq-04/color/frame-000098.color.png chess/seq-04/color/frame-000101.color.png 0.993308 0.11547 -0.00248338 0.0543439 -0.115405 0.993146 0.0184984 -0.00960803 0.00460238 -0.018088 0.999826 0.0607876 0.0 0.0 0.0 1.0
chess/seq-04/color/frame-000101.color.png chess/seq-04/color/frame-000104.color.png 0.996362 0.0825628 -0.0211293 0.0421677 -0.082531 0.996586 0.00237409 -0.00269848 0.0212532 -0.000621616 0.999774 0.0496368 0.0 0.0 0.0 1.0
chess/seq-04/color/frame-000104.color.png chess/seq-04/color/frame-000107.color.png 0.99407 0.106947 -0.0196643 0.0695277 -0.106654 0.994177 0.0153957 -0.0156602 0.0211962 -0.0132071 0.999688 0.0389229 0.0 0.0 0.0 1.0
chess/seq-04/color/frame-000107.color.png chess/seq-04/color/frame-000110.color.png 0.994357 0.10482 -0.016342 0.0650832 -0.104843 0.994489 -0.000605997 0.00806051 0.0161884 0.00231593 0.999866 0.0525052 0.0 0.0 0.0 1.0
chess/seq-04/color/frame-000110.color.png chess/seq-04/color/frame-000113.color.png 0.99563 0.0829716 -0.0428616 0.0946229 -0.0842211 0.996048 -0.0282154 0.0287434 0.0403511 0.031702 0.998682 0.0460826 0.0 0.0 0.0 1.0
chess/seq-04/color/frame-000113.color.png chess/seq-04/color/frame-000116.color.png 0.991454 0.121878 -0.0465346 0.113665 -0.122798 0.992279 -0.0174172 0.0397963 0.0440525 0.0229827 0.998765 0.0414787 0.0 0.0 0.0 1.0
chess/seq-04/color/frame-000116.color.png chess/seq-04/color/frame-000119.color.png 0.989183 0.102601 -0.10483 0.193802 -0.10695 0.993586 -0.0367312 0.0638006 0.100389 0.0475455 0.993812 0.0314913 0.0 0.0 0.0 1.0
chess/seq-04/color/frame-000119.color.png chess/seq-04/color/frame-000122.color.png 0.994713 0.0805105 -0.0637456 0.162197 -0.0807095 0.996738 -0.000548836 0.0210656 0.0634935 0.00569082 0.997966 0.00693876 0.0 0.0 0.0 1.0
chess/seq-04/color/frame-000122.color.png chess/seq-04/color/frame-000125.color.png 0.996063 0.0566761 -0.0681559 0.17872 -0.0570027 0.99837 -0.00285471 0.0226602 0.067883 0.00672854 0.997671 -0.0125998 0.0 0.0 0.0 1.0
chess/seq-04/color/frame-000125.color.png chess/seq-04/color/frame-000128.color.png 0.998386 0.0244153 -0.0512867 0.123021 -0.0245719 0.999695 -0.00242556 0.00949588 0.0512118 0.00368185 0.998681 -0.0176561 0.0 0.0 0.0 1.0
chess/seq-04/color/frame-000128.color.png chess/seq-04/color/frame-000131.color.png 0.998345 -0.0115671 -0.0563412 0.108329 0.01191 0.999913 0.0057553 -0.0144076 0.0562697 -0.00641681 0.998395 -0.0190897 0.0 0.0 0.0 1.0
chess/seq-04/color/frame-000131.color.png chess/seq-04/color/frame-000134.color.png 0.998842 -0.0166407 -0.0451483 0.0933394 0.0164677 0.999856 -0.00420219 -0.00886548 0.0452117 0.00345386 0.998971 0.00393212 0.0 0.0 0.0 1.0
chess/seq-04/color/frame-000134.color.png chess/seq-04/color/frame-000137.color.png 0.997352 -0.00650738 -0.0724335 0.138755 0.00701177 0.999953 0.00671126 -0.0284081 0.0723864 -0.00720142 0.997351 -0.0103652 0.0 0.0 0.0 1.0
chess/seq-04/color/frame-000137.color.png chess/seq-04/color/frame-000140.color.png 0.998916 0.0351697 -0.0305043 0.0921305 -0.0347344 0.999289 0.0146826 0.0117533 0.0309991 -0.0136071 0.999427 0.00726867 0.0 0.0 0.0 1.0
chess/seq-04/color/frame-000140.color.png chess/seq-04/color/frame-000143.color.png 0.999454 -0.00297114 -0.0329088 0.0759476 0.00455623 0.998827 0.0481998 -0.054888 0.0327269 -0.0483233 0.998295 -0.00222504 0.0 0.0 0.0 1.0
chess/seq-04/color/frame-000143.color.png chess/seq-04/color/frame-000146.color.png 0.995703 -0.0735418 -0.0562708 0.0842041 0.0766575 0.995519 0.0553712 -0.117645 0.0519465 -0.0594469 0.996879 -0.0237111 0.0 0.0 0.0 1.0
chess/seq-04/color/frame-000146.color.png chess/seq-04/color/frame-000149.color.png 0.995148 -0.084543 -0.0503216 0.0611438 0.0878541 0.993831 0.0676922 -0.151148 0.0442881 -0.0717848 0.996437 -0.0403154 0.0 0.0 0.0 1.0
chess/seq-04/color/frame-000149.color.png chess/seq-04/color/frame-000152.color.png 0.994661 -0.0836113 -0.0604838 0.088065 0.0879041 0.99351 0.0721896 -0.158358 0.0540553 -0.0771209 0.995555 -0.0502462 0.0 0.0 0.0 1.0
chess/seq-04/color/frame-000152.color.png chess/seq-04/color/frame-000155.color.png 0.989061 -0.130554 -0.0686635 0.0817525 0.136297 0.986846 0.0869389 -0.236023 0.0564102 -0.0953465 0.993845 -0.0745598 0.0 0.0 0.0 1.0
chess/seq-04/color/frame-000155.color.png chess/seq-04/color/frame-000158.color.png 0.989984 -0.133426 -0.0461314 0.0695494 0.137854 0.984093 0.112059 -0.282622 0.0304461 -0.117296 0.99263 -0.0445733 0.0 0.0 0.0 1.0
chess/seq-04/color/frame-000158.color.png chess/seq-04/color/frame-000161.color.png 0.988987 -0.146948 -0.017614 0.0267957 0.14799 0.983257 0.106321 -0.269353 0.00169551 -0.107757 0.994176 -0.0131692 0.0 0.0 0.0 1.0
chess/seq-04/color/frame-000161.color.png chess/seq-04/color/frame-000164.color.png 0.990798 -0.1332 0.0240324 -0.0117252 0.130681 0.987651 0.0864153 -0.254191 -0.035246 -0.0824795 0.995969 0.0322789 0.0 0.0 0.0 1.0
chess/seq-04/color/frame-000164.color.png chess/seq-04/color/frame-000167.color.png 0.993469 -0.10318 0.0487103 -0.0451974 0.100502 0.993439 0.0545661 -0.173433 -0.0540211 -0.0493142 0.997321 0.0560423 0.0 0.0 0.0 1.0
chess/seq-04/color/frame-000167.color.png chess/seq-04/color/frame-000170.color.png 0.992609 -0.10257 0.0648588 -0.0680304 0.0992207 0.993658 0.0529144 -0.178204 -0.069875 -0.046088 0.996491 0.0816194 0.0 0.0 0.0 1.0
chess/seq-04/color/frame-000170.color.png chess/seq-04/color/frame-000173.color.png 0.995201 -0.0828669 0.0520507 -0.0258145 0.0804877 0.995682 0.046258 -0.147438 -0.055659 -0.0418464 0.997572 0.0873052 0.0 0.0 0.0 1.0
chess/seq-04/color/frame-000173.color.png chess/seq-04/color/frame-000176.color.png 0.998905 -0.0430657 0.0182718 0.0112824 0.0424831 0.998611 0.0311578 -0.0864062 -0.0195882 -0.0303475 0.999348 0.0386949 0.0 0.0 0.0 1.0
chess/seq-04/color/frame-000176.color.png chess/seq-04/color/frame-000179.color.png 0.999849 0.00794353 0.0154388 -2.30074e-05 -0.00831519 0.999674 0.024155 -0.00387642 -0.015242 -0.0242798 0.999589 0.0139242 0.0 0.0 0.0 1.0
chess/seq-04/color/frame-000179.color.png chess/seq-04/color/frame-000182.color.png 0.99547 0.0928187 0.0205924 0.0157319 -0.0928667 0.995678 0.00139161 0.136009 -0.0203743 -0.00329768 0.999787 0.0383943 0.0 0.0 0.0 1.0
chess/seq-04/color/frame-000182.color.png chess/seq-04/color/frame-000185.color.png 0.996543 0.0830793 0.000430028 0.0316063 -0.0830794 0.996543 4.97054e-05 0.127599 -0.000424442 -8.52672e-05 1.0 0.0134708 0.0 0.0 0.0 1.0
chess/seq-04/color/frame-000185.color.png chess/seq-04/color/frame-000188.color.png 0.9989 0.0467731 0.00338085 0.00316453 -0.0467156 0.998789 -0.0154252 0.0919512 -0.00409822 0.0152503 0.999875 0.00292373 0.0 0.0 0.0 1.0
chess/seq-04/color/frame-000188.color.png chess/seq-04/color/frame-000191.color.png 0.997121 0.0581103 -0.0487066 0.143036 -0.0589366 0.998138 -0.0157031 0.0984396 0.0477035 0.0185285 0.99869 0.0282789 0.0 0.0 0.0 1.0
chess/seq-04/color/frame-000191.color.png chess/seq-04/color/frame-000194.color.png 0.997101 0.0719524 -0.0247371 0.054257 -0.0730521 0.996226 -0.04687 0.142499 0.0212712 0.0485412 0.998595 -0.0259153 0.0 0.0 0.0 1.0
chess/seq-04/color/frame-000194.color.png chess/seq-04/color/frame-000197.color.png 0.996935 0.0735828 -0.0265738 0.056089 -0.074687 0.996268 -0.0432737 0.140055 0.0232905 0.0451258 0.99871 -0.0234222 0.0 0.0 0.0 1.0
chess/seq-04/color/frame-000197.color.png chess/seq-04/color/frame-000200.color.png 0.997055 0.0668498 -0.0375877 0.0636231 -0.0688513 0.996124 -0.0547473 0.126957 0.0337821 0.057174 0.997792 -0.0416017 0.0 0.0 0.0 1.0
chess/seq-04/color/frame-000200.color.png chess/seq-04/color/frame-000203.color.png 0.999473 0.0262631 -0.0190832 0.039197 -0.027002 0.998853 -0.0395518 0.0441272 0.0180226 0.0400462 0.999035 -0.0274818 0.0 0.0 0.0 1.0
chess/seq-04/color/frame-000203.color.png chess/seq-04/color/frame-000206.color.png 0.999602 0.0281796 -0.0013523 0.0203762 -0.0282101 0.998941 -0.0363488 0.0558512 0.000326507 0.0363724 0.999338 -0.00541067 0.0 0.0 0.0 1.0
chess/seq-04/color/frame-000206.color.png chess/seq-04/color/frame-000209.color.png 0.999846 0.00218554 -0.0173912 0.0468696 -0.0027416 0.999484 -0.0320147 0.0195907 0.0173122 0.0320575 0.999336 -0.0188504 0.0 0.0 0.0 1.0
chess/seq-04/color/frame-000209.color.png chess/seq-04/color/frame-000212.color.png 0.999783 0.0203301 0.00452192 0.0119407 -0.0202697 0.99971 -0.0130241 0.0252081 -0.00478512 0.0129296 0.999905 -0.0112591 0.0 0.0 0.0 1.0
chess/seq-04/color/frame-000212.color.png chess/seq-04/color/frame-000215.color.png 0.998199 0.0599354 -0.00266136 0.0519086 -0.0599942 0.997345 -0.0412786 0.121276 0.000180173 0.0413639 0.999144 -0.011644 0.0 0.0 0.0 1.0
chess/seq-04/color/frame-000215.color.png chess/seq-04/color/frame-000218.color.png 0.997317 0.0699331 -0.0216472 0.0835675 -0.0707476 0.996713 -0.039476 0.134668 0.0188153 0.0409015 0.998986 -0.0451356 0.0 0.0 0.0 1.0
chess/seq-04/color/frame-000218.color.png chess/seq-04/color/frame-000221.color.png 0.998216 0.044482 -0.0398292 0.0826098 -0.0456269 0.998557 -0.0283116 0.0694351 0.0385123 0.0300784 0.998805 -0.0680363 0.0 0.0 0.0 1.0
chess/seq-04/color/frame-000221.color.png chess/seq-04/color/frame-000224.color.png 0.998362 0.0385051 -0.0423293 0.0858208 -0.0397872 0.998761 -0.0298756 0.101839 0.0411264 0.0315108 0.998657 -0.0753372 0.0 0.0 0.0 1.0
chess/seq-04/color/frame-000224.color.png chess/seq-04/color/frame-000227.color.png 0.998311 0.0376466 -0.0442468 0.0884136 -0.0375932 0.999291 0.00203707 0.0450262 0.0442922 -0.000370257 0.999019 -0.0472966 0.0 0.0 0.0 1.0
chess/seq-04/color/frame-000227.color.png chess/seq-04/color/frame-000230.color.png 0.997698 0.0326866 -0.0594127 0.0965819 -0.0326011 0.999465 0.00240793 0.0649317 0.0594597 -0.000465433 0.998231 -0.0922642 0.0 0.0 0.0 1.0
chess/seq-04/color/frame-000230.color.png chess/seq-04/color/frame-000233.color.png 0.997309 0.0328578 -0.0655399 0.0883555 -0.0321921 0.999419 0.011188 0.0481434 0.0658694 -0.00904806 0.997787 -0.0965853 0.0 0.0 0.0 1.0
chess/seq-04/color/frame-000233.color.png chess/seq-04/color/frame-000236.color.png 0.998163 0.021104 -0.0567906 0.0582479 -0.0204467 0.999717 0.0121311 0.0330191 0.0570305 -0.0109477 0.998312 -0.0873909 0.0 0.0 0.0 1.0
chess/seq-04/color/frame-000236.color.png chess/seq-04/color/frame-000239.color.png 0.999239 0.0183318 -0.0344375 0.0281903 -0.0176548 0.999647 0.019861 0.023646 0.0347893 -0.0192379 0.999209 -0.051457 0.0 0.0 0.0 1.0
chess/seq-04/color/frame-000239.color.png chess/seq-04/color/frame-000242.color.png 0.999948 0.0100685 0.0015069 -0.0356648 -0.0100822 0.999905 0.00943723 0.0234236 -0.00141168 -0.00945191 0.999954 0.00241697 0.0 0.0 0.0 1.0
chess/seq-04/color/frame-000242.color.png chess/seq-04/color/frame-000245.color.png 0.999963 -0.00759119 -0.00410808 -0.0440296 0.00762265 0.999941 0.00771876 0.0054912 0.00404922 -0.00774983 0.999962 0.00158477 0.0 0.0 0.0 1.0
chess/seq-04/color/frame-000245.color.png chess/seq-04/color/frame-000248.color.png 0.999754 -0.00257113 0.0220103 -0.0682415 0.00259549 0.999996 -0.00107522 -0.00100106 -0.0220074 0.00113212 0.999757 0.0512315 0.0 0.0 0.0 1.0
chess/seq-04/color/frame-000248.color.png chess/seq-04/color/frame-000251.color.png 0.998201 -0.055408 0.0228919 -0.10397 0.0550941 0.998381 0.0141237 -0.0756367 -0.0236374 -0.0128372 0.999638 0.0409372 0.0 0.0 0.0 1.0
chess/seq-04/color/frame-000251.color.png chess/seq-04/color/frame-000254.color.png 0.997616 -0.0636527 0.0266431 -0.0985477 0.0632168 0.997857 0.0168979 -0.0936659 -0.0276616 -0.0151734 0.999502 0.050892 0.0 0.0 0.0 1.0
chess/seq-04/color/frame-000254.color.png chess/seq-04/color/frame-000257.color.png 0.993394 -0.0901113 0.0710568 -0.176099 0.0854375 0.994136 0.0662829 -0.163868 -0.076613 -0.0597741 0.995268 0.101324 0.0 0.0 0.0 1.0
chess/seq-04/color/frame-000257.color.png chess/seq-04/color/frame-000260.color.png 0.998008 -0.029844 0.0555763 -0.128558 0.0262298 0.997562 0.0646628 -0.100519 -0.0573705 -0.0630763 0.996358 0.0865023 0.0 0.0 0.0 1.0
chess/seq-04/color/frame-000260.color.png chess/seq-04/color/frame-000263.color.png 0.996739 -0.0640816 0.0490301 -0.129309 0.0604598 0.995564 0.0720909 -0.143506 -0.0534325 -0.0688915 0.996192 0.0676519 0.0 0.0 0.0 1.0
chess/seq-04/color/frame-000263.color.png chess/seq-04/color/frame-000266.color.png 0.993871 -0.0895282 0.0648425 -0.149157 0.0829786 0.991771 0.0974894 -0.208879 -0.0730369 -0.0915114 0.993122 0.109071 0.0 0.0 0.0 1.0
chess/seq-04/color/frame-000266.color.png chess/seq-04/color/frame-000269.color.png 0.998919 -0.0177256 0.0429778 -0.0864298 0.0157797 0.998853 0.0452007 -0.0758696 -0.0437299 -0.0444737 0.998053 0.0802872 0.0 0.0 0.0 1.0
chess/seq-04/color/frame-000269.color.png chess/seq-04/color/frame-000272.color.png 0.99899 -0.0039304 0.0447587 -0.0917269 0.00342884 0.99993 0.0112764 -0.0157346 -0.0447999 -0.0111115 0.998934 0.0979661 0.0 0.0 0.0 1.0
chess/seq-04/color/frame-000272.color.png chess/seq-04/color/frame-000275.color.png 0.999307 0.00955411 0.0359837 -0.0740304 -0.0101064 0.999833 0.0152002 -0.0123094 -0.0358323 -0.0155534 0.999237 0.0643973 0.0 0.0 0.0 1.0
chess/seq-04/color/frame-000275.color.png chess/seq-04/color/frame-000278.color.png 0.998986 0.0402952 0.0200769 -0.0498424 -0.0406197 0.999046 0.0160257 0.0107047 -0.0194121 -0.016825 0.99967 0.0503143 0.0 0.0 0.0 1.0
chess/seq-04/color/frame-000278.color.png chess/seq-04/color/frame-000281.color.png 0.999537 0.0225743 0.0203926 -0.0651284 -0.0227086 0.999722 0.00637934 0.019004 -0.0202428 -0.00683947 0.999772 0.0434171 0.0 0.0 0.0 1.0
chess/seq-04/color/frame-000281.color.png chess/seq-04/color/frame-000284.color.png 0.999774 0.00430375 0.0208274 -0.0641739 -0.00473879 0.999771 0.0208862 -0.0269245 -0.0207327 -0.0209801 0.999565 0.0349998 0.0 0.0 0.0 1.0
chess/seq-04/color/frame-000284.color.png chess/seq-04/color/frame-000287.color.png 0.999906 0.00889932 0.0104648 -0.0464411 -0.00885755 0.999953 -0.00403211 0.0165376 -0.0105003 0.00393901 0.999937 0.0336093 0.0 0.0 0.0 1.0
chess/seq-04/color/frame-000287.color.png chess/seq-04/color/frame-000290.color.png 0.999761 -0.000254081 0.0218691 -0.078088 0.000517733 0.999927 -0.0120526 0.0196591 -0.0218645 0.0120611 0.999688 0.0234212 0.0 0.0 0.0 1.0
chess/seq-04/color/frame-000290.color.png chess/seq-04/color/frame-000293.color.png 0.999151 0.00169813 0.0411581 -0.103298 -0.00106785 0.999882 -0.015331 0.0290669 -0.0411794 0.015274 0.999035 0.0234743 0.0 0.0 0.0 1.0
chess/seq-04/color/frame-000293.color.png chess/seq-04/color/frame-000296.color.png 0.999653 0.00014267 0.0263495 -0.0850538 -9.18768e-05 0.999998 -0.00192804 0.0115687 -0.0263497 0.00192497 0.999651 0.0117126 0.0 0.0 0.0 1.0
chess/seq-04/color/frame-000296.color.png chess/seq-04/color/frame-000299.color.png 0.999251 0.0207531 0.0326534 -0.101164 -0.021 0.999753 0.00723444 -0.0201065 -0.0324952 -0.00791472 0.999441 0.010053 0.0 0.0 0.0 1.0
chess/seq-04/color/frame-000299.color.png chess/seq-04/color/frame-000302.color.png 0.999892 0.000693024 0.0146928 -0.0618541 -0.000639668 0.999993 -0.00363502 0.00429934 -0.0146952 0.00362525 0.999885 0.00167251 0.0 0.0 0.0 1.0
chess/seq-04/color/frame-000302.color.png chess/seq-04/color/frame-000305.color.png 0.999538 0.0222394 0.020717 -0.0734567 -0.0220133 0.999696 -0.0110789 0.0310689 -0.0209571 0.0106177 0.999724 0.00152314 0.0 0.0 0.0 1.0
chess/seq-04/color/frame-000305.color.png chess/seq-04/color/frame-000308.color.png 0.999925 0.00936313 0.00786203 -0.0499535 -0.00939961 0.999945 0.00461728 -0.00429091 -0.00781838 -0.00469086 0.999959 -0.00244725 0.0 0.0 0.0 1.0
chess/seq-04/color/frame-000308.color.png chess/seq-04/color/frame-000311.color.png 0.999787 0.0165414 0.0123561 -0.057203 -0.0164341 0.999827 -0.00873995 0.0235493 -0.0124985 0.00853502 0.999885 0.00658143 0.0 0.0 0.0 1.0
chess/seq-04/color/frame-000311.color.png chess/seq-04/color/frame-000314.color.png 0.999691 -0.0117347 0.0219251 -0.0680767 0.0117622 0.99993 -0.00112428 -0.00286868 -0.0219104 0.00138182 0.999759 0.0108073 0.0 0.0 0.0 1.0
chess/seq-04/color/frame-000314.color.png chess/seq-04/color/frame-000317.color.png 0.998678 -0.0216832 0.0465956 -0.131357 0.0220742 0.999725 -0.00789402 0.00544521 -0.0464115 0.0089121 0.998883 0.0308819 0.0 0.0 0.0 1.0
chess/seq-04/color/frame-000317.color.png chess/seq-04/color/frame-000320.color.png 0.999751 -0.00492403 0.0217713 -0.0505191 0.00515506 0.999931 -0.0105693 0.00849956 -0.0217179 0.0106789 0.999707 0.0214618 0.0 0.0 0.0 1.0
chess/seq-04/color/frame-000320.color.png chess/seq-04/color/frame-000323.color.png 0.99941 -0.0339408 0.00531981 -0.0357141 0.0338271 0.999224 0.0201768 -0.0670029 -0.00600047 -0.019985 0.999782 -0.000322819 0.0 0.0 0.0 1.0
chess/seq-04/color/frame-000323.color.png chess/seq-04/color/frame-000326.color.png 0.999967 -0.00741822 0.00325442 -0.0377051 0.0073655 0.999846 0.0159183 -0.0327977 -0.003372 -0.0158937 0.999868 -0.00262284 0.0 0.0 0.0 1.0
chess/seq-04/color/frame-000326.color.png chess/seq-04/color/frame-000329.color.png 0.999991 0.00317671 0.00272469 -0.0304205 -0.00318627 0.999989 0.0035216 0.00224143 -0.00271348 -0.00353029 0.99999 -0.00534308 0.0 0.0 0.0 1.0
chess/seq-04/color/frame-000329.color.png chess/seq-04/color/frame-000332.color.png 0.999767 -0.0207892 0.00584025 -0.0350482 0.0207135 0.999704 0.0127361 -0.0174241 -0.00610332 -0.0126122 0.999902 0.00425816 0.0 0.0 0.0 1.0
chess/seq-04/color/frame-000332.color.png chess/seq-04/color/frame-000335.color.png 0.999468 0.0147749 0.0290821 -0.0755333 -0.0150896 0.99983 0.0106341 -0.0119312 -0.02892 -0.0110672 0.99952 0.00647914 0.0 0.0 0.0 1.0
chess/seq-04/color/frame-000335.color.png chess/seq-04/color/frame-000338.color.png 0.999751 -0.00130434 0.0222901 -0.0665051 0.00137814 0.999994 -0.00329527 0.0149148 -0.0222857 0.00332514 0.999746 0.020126 0.0 0.0 0.0 1.0
chess/seq-04/color/frame-000338.color.png chess/seq-04/color/frame-000341.color.png 0.999522 -0.0165581 0.0260982 -0.0657385 0.0169276 0.999759 -0.0140028 0.0188416 -0.0258601 0.0144379 0.999561 0.0157356 0.0 0.0 0.0 1.0
chess/seq-04/color/frame-000341.color.png chess/seq-04/color/frame-000344.color.png 0.998745 -0.00360943 0.0499531 -0.11389 0.00422294 0.999917 -0.0121808 0.0163054 -0.049905 0.0123765 0.998677 0.0238267 0.0 0.0 0.0 1.0
chess/seq-04/color/frame-000344.color.png chess/seq-04/color/frame-000347.color.png 0.999336 0.00252681 0.0363399 -0.0608962 -0.00269485 0.999986 0.00457654 -0.0114173 -0.0363279 -0.00467145 0.999329 0.0137028 0.0 0.0 0.0 1.0
chess/seq-04/color/frame-000347.color.png chess/seq-04/color/frame-000350.color.png 0.999716 -0.00534307 0.0232284 -0.0403719 0.00490579 0.99981 0.0188413 -0.0402756 -0.0233247 -0.018722 0.999553 0.0175116 0.0 0.0 0.0 1.0
chess/seq-04/color/frame-000350.color.png chess/seq-04/color/frame-000353.color.png 0.999321 -0.0106599 0.0352839 -0.0776816 0.00979526 0.99965 0.0245879 -0.0460843 -0.0355337 -0.0242257 0.999075 0.0132107 0.0 0.0 0.0 1.0
chess/seq-04/color/frame-000353.color.png chess/seq-04/color/frame-000356.color.png 0.999807 -0.00266196 0.0194805 -0.036814 0.00229228 0.999817 0.0189764 -0.0271761 -0.0195275 -0.0189281 0.99963 0.00979543 0.0 0.0 0.0 1.0
chess/seq-04/color/frame-000356.color.png chess/seq-04/color/frame-000359.color.png 0.999846 -0.00217435 0.0174042 -0.0303957 0.0018656 0.999841 0.0177338 -0.0251814 -0.01744 -0.0176986 0.999691 0.0142171 0.0 0.0 0.0 1.0
chess/seq-04/color/frame-000359.color.png chess/seq-04/color/frame-000362.color.png 0.999949 0.0071316 -0.00715869 0.0147543 -0.00690957 0.999509 0.0305737 -0.0560403 0.00737322 -0.0305227 0.999507 0.0109597 0.0 0.0 0.0 1.0
chess/seq-04/color/frame-000362.color.png chess/seq-04/color/frame-000365.color.png 0.999967 0.00807574 -0.00129865 0.0107228 -0.00806883 0.999954 0.00526067 -0.00693157 0.00134107 -0.00525007 0.999985 0.0191727 0.0 0.0 0.0 1.0
chess/seq-04/color/frame-000365.color.png chess/seq-04/color/frame-000368.color.png 0.999976 0.00341002 -0.00607133 0.0268567 -0.00333226 0.999913 0.012772 -0.0366803 0.00611436 -0.0127514 0.9999 0.00988376 0.0 0.0 0.0 1.0
chess/seq-04/color/frame-000368.color.png chess/seq-04/color/frame-000371.color.png 0.999948 0.00357478 -0.00954557 0.0316844 -0.00345486 0.999915 0.012551 -0.0316433 0.00958963 -0.0125174 0.999876 0.00952053 0.0 0.0 0.0 1.0
chess/seq-04/color/frame-000371.color.png chess/seq-04/color/frame-000374.color.png 0.999861 0.0120246 -0.0115701 0.0330445 -0.0117998 0.999744 0.0193067 -0.0359085 0.0117993 -0.0191675 0.999747 0.00923777 0.0 0.0 0.0 1.0
chess/seq-04/color/frame-000374.color.png chess/seq-04/color/frame-000377.color.png 0.999664 0.0254425 -0.00489217 0.0266576 -0.0254005 0.999641 0.00846518 -0.0140873 0.00510578 -0.00833799 0.999952 0.0114902 0.0 0.0 0.0 1.0
chess/seq-04/color/frame-000377.color.png chess/seq-04/color/frame-000380.color.png 0.999814 0.0133934 0.0139181 -0.0253061 -0.0135641 0.999833 0.0122465 -0.02584 -0.0137518 -0.0124331 0.999828 0.0164069 0.0 0.0 0.0 1.0
chess/seq-04/color/frame-000380.color.png chess/seq-04/color/frame-000383.color.png 0.999919 0.0105454 -0.00717583 0.0294011 -0.0104447 0.999848 0.013927 -0.0309596 0.00732162 -0.0138509 0.999877 0.000494003 0.0 0.0 0.0 1.0
chess/seq-04/color/frame-000383.color.png chess/seq-04/color/frame-000386.color.png 0.999979 0.00237672 -0.00605938 0.0227407 -0.0021825 0.99949 0.031863 -0.0690178 0.00613201 -0.031849 0.999474 -0.0124248 0.0 0.0 0.0 1.0
chess/seq-04/color/frame-000386.color.png chess/seq-04/color/frame-000389.color.png 0.999908 0.00656017 -0.0118433 0.0288459 -0.00627539 0.999694 0.0239251 -0.0392801 0.0119967 -0.0238486 0.999644 -0.0267348 0.0 0.0 0.0 1.0
chess/seq-04/color/frame-000389.color.png chess/seq-04/color/frame-000392.color.png 0.999236 0.029797 -0.0252894 0.0590227 -0.0289714 0.999055 0.0324092 -0.068135 0.0262312 -0.0316517 0.999155 -0.0369759 0.0 0.0 0.0 1.0
chess/seq-04/color/frame-000392.color.png chess/seq-04/color/frame-000395.color.png 0.998366 0.0362293 -0.0441864 0.0973663 -0.0352432 0.999116 0.0228955 -0.0401899 0.0449769 -0.0213009 0.998761 -0.0514838 0.0 0.0 0.0 1.0
chess/seq-04/color/frame-000395.color.png chess/seq-04/color/frame-000398.color.png 0.99734 0.0555426 -0.0471973 0.107032 -0.0562025 0.998338 -0.01277 0.0270104 0.0464096 0.0153888 0.998804 -0.0487175 0.0 0.0 0.0 1.0
chess/seq-04/color/frame-000398.color.png chess/seq-04/color/frame-000401.color.png 0.99721 0.057983 -0.0470183 0.101803 -0.0585639 0.998222 -0.0110712 0.0145789 0.0462928 0.0137938 0.998833 -0.0446488 0.0 0.0 0.0 1.0
chess/seq-04/color/frame-000401.color.png chess/seq-04/color/frame-000404.color.png 0.997955 0.0455393 -0.0448643 0.0911158 -0.0462479 0.998819 -0.0148835 0.025559 0.0441336 0.016928 0.998882 -0.0499481 0.0 0.0 0.0 1.0
chess/seq-04/color/frame-000404.color.png chess/seq-04/color/frame-000407.color.png 0.998513 0.0472515 -0.0271723 0.057185 -0.0476728 0.998749 -0.0150725 0.0154293 0.0264261 0.0163454 0.999517 -0.0381769 0.0 0.0 0.0 1.0
chess/seq-04/color/frame-000407.color.png chess/seq-04/color/frame-000410.color.png 0.99863 0.0271253 -0.0447558 0.0796954 -0.0274699 0.999597 -0.00710315 0.00574738 0.0445451 0.00832286 0.998973 -0.0425144 0.0 0.0 0.0 1.0
chess/seq-04/color/frame-000410.color.png chess/seq-04/color/frame-000413.color.png 0.999257 0.0345413 -0.0170908 0.0318571 -0.0347774 0.999301 -0.0137073 0.028475 0.0166054 0.0142916 0.99976 -0.0331973 0.0 0.0 0.0 1.0
chess/seq-04/color/frame-000413.color.png chess/seq-04/color/frame-000416.color.png 0.999179 0.0202347 -0.0350968 0.0519849 -0.0211114 0.99947 -0.0247935 0.0497481 0.0345764 0.0255141 0.999076 -0.0307076 0.0 0.0 0.0 1.0
chess/seq-04/color/frame-000416.color.png chess/seq-04/color/frame-000419.color.png 0.996333 0.0513338 -0.0684425 0.131248 -0.0529325 0.998361 -0.0217528 0.0482154 0.0672137 0.0252959 0.997418 -0.0367591 0.0 0.0 0.0 1.0
chess/seq-04/color/frame-000419.color.png chess/seq-04/color/frame-000422.color.png 0.996734 0.062774 -0.0507918 0.0775384 -0.063453 0.997914 -0.0118657 0.0322624 0.049941 0.0150499 0.998639 -0.0379598 0.0 0.0 0.0 1.0
chess/seq-04/color/frame-000422.color.png chess/seq-04/color/frame-000425.color.png 0.999294 0.0251763 -0.0278912 0.0364373 -0.0255495 0.999588 -0.0131045 0.0319899 0.0275497 0.0138078 0.999525 -0.0279044 0.0 0.0 0.0 1.0
chess/seq-04/color/frame-000425.color.png chess/seq-04/color/frame-000428.color.png 0.998203 0.0507561 -0.0318469 0.0689616 -0.0506765 0.99871 0.00330306 0.00438011 0.0319735 -0.0016832 0.999487 -0.0468594 0.0 0.0 0.0 1.0
chess/seq-04/color/frame-000428.color.png chess/seq-04/color/frame-000431.color.png 0.996646 0.0705086 -0.0415459 0.0937136 -0.0705586 0.997508 0.000263601 0.00689733 0.0414609 0.00266868 0.999137 -0.0397395 0.0 0.0 0.0 1.0
chess/seq-04/color/frame-000431.color.png chess/seq-04/color/frame-000434.color.png 0.996443 0.0764884 -0.0353612 0.0923032 -0.0769129 0.996979 -0.0108046 0.0396706 0.034428 0.0134858 0.999316 -0.0216298 0.0 0.0 0.0 1.0
chess/seq-04/color/frame-000434.color.png chess/seq-04/color/frame-000437.color.png 0.994368 0.0707425 -0.078913 0.15074 -0.070448 0.997494 0.00651346 0.000702202 0.0791759 -0.000917407 0.99686 -0.034189 0.0 0.0 0.0 1.0
chess/seq-04/color/frame-000437.color.png chess/seq-04/color/frame-000440.color.png 0.996351 0.0415401 -0.0745522 0.148223 -0.0421764 0.999086 -0.00697997 0.0212287 0.0741941 0.0100988 0.997193 -0.0246446 0.0 0.0 0.0 1.0
chess/seq-04/color/frame-000440.color.png chess/seq-04/color/frame-000443.color.png 0.995504 0.0695945 -0.0642499 0.127525 -0.0698425 0.997557 -0.00162055 0.0278898 0.0639801 0.00610085 0.997932 -0.033716 0.0 0.0 0.0 1.0
chess/seq-04/color/frame-000443.color.png chess/seq-04/color/frame-000446.color.png 0.989079 0.064714 -0.132418 0.246296 -0.0638718 0.997902 0.0106013 -0.00343257 0.132826 -0.00202797 0.991137 -0.0549746 0.0 0.0 0.0 1.0
chess/seq-04/color/frame-000446.color.png chess/seq-04/color/frame-000449.color.png 0.995883 0.0506015 -0.0752138 0.158437 -0.0491548 0.998571 0.0209651 -0.00679803 0.0761672 -0.0171815 0.996947 -0.046164 0.0 0.0 0.0 1.0
chess/seq-04/color/frame-000449.color.png chess/seq-04/color/frame-000452.color.png 0.997857 0.03082 -0.0577272 0.134625 -0.0289838 0.999055 0.0323799 -0.0237926 0.0586706 -0.0306374 0.997807 -0.038801 0.0 0.0 0.0 1.0
chess/seq-04/color/frame-000452.color.png chess/seq-04/color/frame-000455.color.png 0.998961 0.0257705 -0.0375835 0.0798553 -0.024955 0.999446 0.022005 -0.0112568 0.0381298 -0.0210443 0.999051 -0.0234956 0.0 0.0 0.0 1.0
chess/seq-04/color/frame-000455.color.png chess/seq-04/color/frame-000458.color.png 0.999544 0.0186144 -0.0237994 0.0683636 -0.0180519 0.999558 0.023634 -0.0216886 0.0242287 -0.0231935 0.999437 -0.0238432 0.0 0.0 0.0 1.0
chess/seq-04/color/frame-000458.color.png chess/seq-04/color/frame-000461.color.png 0.999123 0.0202725 -0.0366327 0.113452 -0.0189709 0.999188 0.0355357 -0.0400161 0.0373234 -0.0348096 0.998697 -0.00102377 0.0 0.0 0.0 1.0
chess/seq-04/color/frame-000461.color.png chess/seq-04/color/frame-000464.color.png 0.999668 0.0143656 -0.0213951 0.0639937 -0.0136619 0.999372 0.0326807 -0.038451 0.0218511 -0.0323774 0.999237 -0.0146289 0.0 0.0 0.0 1.0
chess/seq-04/color/frame-000464.color.png chess/seq-04/color/frame-000467.color.png 0.99852 0.0443766 0.0314401 -0.00224382 -0.0447967 0.998914 0.0127851 -0.00283629 -0.0308385 -0.0141747 0.999424 0.00981665 0.0 0.0 0.0 1.0
chess/seq-04/color/frame-000467.color.png chess/seq-04/color/frame-000470.color.png 0.999728 0.0222345 -0.00699177 0.0393018 -0.0220884 0.99955 0.0203036 -0.0386211 0.00744003 -0.0201435 0.99977 -0.0124544 0.0 0.0 0.0 1.0
chess/seq-04/color/frame-000470.color.png chess/seq-04/color/frame-000473.color.png 0.999849 0.0134305 0.0110262 0.0481813 -0.013716 0.999562 0.026227 -0.0962567 -0.0106691 -0.0263742 0.999595 0.0139414 0.0 0.0 0.0 1.0
chess/seq-04/color/frame-000473.color.png chess/seq-04/color/frame-000476.color.png 0.997536 0.0250711 0.0655287 -0.0754015 -0.0212144 0.998038 -0.0589023 0.0831445 -0.0668768 0.057367 0.996111 0.0417 0.0 0.0 0.0 1.0
chess/seq-04/color/frame-000476.color.png chess/seq-04/color/frame-000479.color.png 0.997964 0.0240412 0.0590808 -0.0659251 -0.021941 0.999113 -0.0359438 0.0302333 -0.0598925 0.0345743 0.997606 0.0420636 0.0 0.0 0.0 1.0
chess/seq-04/color/frame-000479.color.png chess/seq-04/color/frame-000482.color.png 0.99983 -0.0174254 0.00593572 0.019778 0.0175363 0.999662 -0.0191774 -0.0155603 -0.00559955 0.0192783 0.999798 0.0247979 0.0 0.0 0.0 1.0
chess/seq-04/color/frame-000482.color.png chess/seq-04/color/frame-000485.color.png 0.999883 -0.0140147 -0.00605161 0.0262289 0.013908 0.999753 -0.0173407 0.0152891 0.00629313 0.0172545 0.999831 0.00903308 0.0 0.0 0.0 1.0
chess/seq-04/color/frame-000485.color.png chess/seq-04/color/frame-000488.color.png 0.999527 0.00218607 -0.0306735 0.0605052 -0.00273663 0.999836 -0.0179175 0.0138646 0.0306292 0.017993 0.999369 -0.00753903 0.0 0.0 0.0 1.0
chess/seq-04/color/frame-000488.color.png chess/seq-04/color/frame-000491.color.png 0.997616 -0.0547743 -0.0419857 0.0536988 0.0533257 0.997968 -0.034876 0.0152032 0.0438106 0.0325539 0.998509 -0.00484073 0.0 0.0 0.0 1.0
chess/seq-04/color/frame-000491.color.png chess/seq-04/color/frame-000494.color.png 0.999896 -0.00613924 -0.0130387 -0.0116106 0.00605182 0.999959 -0.00673601 -0.0119371 0.0130796 0.00665636 0.999892 -0.0103074 0.0 0.0 0.0 1.0
chess/seq-04/color/frame-000494.color.png chess/seq-04/color/frame-000497.color.png 0.99403 -0.096191 0.0515017 -0.12974 0.0950986 0.995196 0.0232631 -0.0959942 -0.053492 -0.0182264 0.998402 0.0266278 0.0 0.0 0.0 1.0
chess/seq-04/color/frame-000497.color.png chess/seq-04/color/frame-000500.color.png 0.995604 -0.075149 0.0559057 -0.129203 0.0732002 0.996663 0.0361276 -0.083305 -0.0584341 -0.0318765 0.997782 0.0207808 0.0 0.0 0.0 1.0
chess/seq-04/color/frame-000500.color.png chess/seq-04/color/frame-000503.color.png 0.997155 -0.0694647 0.0292744 -0.10243 0.0679699 0.996469 0.0492912 -0.104096 -0.032595 -0.0471613 0.998355 -0.007774 0.0 0.0 0.0 1.0
chess/seq-04/color/frame-000503.color.png chess/seq-04/color/frame-000506.color.png 0.994533 -0.0800477 0.0670619 -0.150687 0.0772225 0.996055 0.0437161 -0.0962796 -0.0702967 -0.0382984 0.996791 0.0224879 0.0 0.0 0.0 1.0
chess/seq-04/color/frame-000506.color.png chess/seq-04/color/frame-000509.color.png 0.995171 -0.085511 0.0482017 -0.119696 0.0839014 0.995877 0.0344868 -0.0846565 -0.050952 -0.030276 0.998242 0.0113198 0.0 0.0 0.0 1.0
chess/seq-04/color/frame-000509.color.png chess/seq-04/color/frame-000512.color.png 0.997166 -0.0524265 0.053962 -0.122917 0.050511 0.998065 0.0362681 -0.0689407 -0.055759 -0.0334397 0.997884 0.0108511 0.0 0.0 0.0 1.0
chess/seq-04/color/frame-000512.color.png chess/seq-04/color/frame-000515.color.png 0.99466 -0.0898977 0.0506921 -0.118311 0.0888617 0.995793 0.0223402 -0.0701528 -0.0524872 -0.0177163 0.998464 0.0115517 0.0 0.0 0.0 1.0
chess/seq-04/color/frame-000515.color.png chess/seq-04/color/frame-000518.color.png 0.998708 -0.0408715 0.0302054 -0.0761482 0.0408842 0.999164 0.0001952 -0.0202321 -0.0301881 0.00104002 0.999544 0.00138938 0.0 0.0 0.0 1.0
chess/seq-04/color/frame-000518.color.png chess/seq-04/color/frame-000521.color.png 0.998067 -0.0439458 0.0439418 -0.0924971 0.0439379 0.999034 0.00114772 -0.0128773 -0.0439497 0.000785238 0.999033 0.00901759 0.0 0.0 0.0 1.0
chess/seq-04/color/frame-000521.color.png chess/seq-04/color/frame-000524.color.png 0.995704 -0.0839838 0.0390007 -0.112068 0.0838284 0.996465 0.00560502 -0.0392954 -0.0393335 -0.00231156 0.999223 0.00255251 0.0 0.0 0.0 1.0
chess/seq-04/color/frame-000524.color.png chess/seq-04/color/frame-000527.color.png 0.99727 -0.0605446 0.0422673 -0.107478 0.0609047 0.998117 -0.00728438 -0.0165659 -0.0417467 0.0098388 0.99908 0.0162185 0.0 0.0 0.0 1.0
chess/seq-04/color/frame-000527.color.png chess/seq-04/color/frame-000530.color.png 0.998626 -0.0375745 0.0365182 -0.094061 0.037542 0.999294 0.00157667 -0.0163349 -0.0365516 -0.0002036 0.999332 0.00888705 0.0 0.0 0.0 1.0
chess/seq-04/color/frame-000530.color.png chess/seq-04/color/frame-000533.color.png 0.999087 -0.0311759 0.029205 -0.0929187 0.0310562 0.999507 0.00454428 -0.00486827 -0.0293322 -0.00363318 0.999563 0.00692689 0.0 0.0 0.0 1.0
chess/seq-04/color/frame-000533.color.png chess/seq-04/color/frame-000536.color.png 0.999475 -0.0152852 0.0285601 -0.0830813 0.0150498 0.999851 0.00844143 -0.00695848 -0.0286849 -0.00800716 0.999556 0.00314116 0.0 0.0 0.0 1.0
chess/seq-04/color/frame-000536.color.png chess/seq-04/color/frame-000539.color.png 0.99916 -0.0243449 0.0329627 -0.0881198 0.0242973 0.999703 0.00184466 -0.0247588 -0.0329979 -0.00104219 0.999455 0.0132917 0.0 0.0 0.0 1.0
chess/seq-04/color/frame-000539.color.png chess/seq-04/color/frame-000542.color.png 0.999166 -0.029057 0.0286867 -0.0940371 0.0295888 0.999395 -0.0182933 0.00453991 -0.0281378 0.0191268 0.999421 0.0197523 0.0 0.0 0.0 1.0
