chess/seq-04/color/frame-000000.color.png chess/seq-04/color/frame-000001.color.png 1.0 -0.000400025 -0.000845477 0.000672165 0.000400574 1.0 0.000649909 0.000371603 0.000845216 -0.000650247 0.999999 -0.000247169 0.0 0.0 0.0 1.0
chess/seq-04/color/frame-000001.color.png chess/seq-04/color/frame-000002.color.png 0.999999 0.00119232 0.000648672 0.000309361 -0.00119218 0.999999 -0.000220801 0.000239312 -0.000648934 0.000220028 1.0 -0.00121007 0.0 0.0 0.0 1.0
chess/seq-04/color/frame-000002.color.png chess/seq-04/color/frame-000003.color.png 0.999979 0.00628721 0.00143148 4.96358e-05 -0.00628786 0.99998 0.000445916 0.00163001 -0.00142864 -0.000454907 0.999999 -0.000162272 0.0 0.0 0.0 1.0
chess/seq-04/color/frame-000003.color.png chess/seq-04/color/frame-000004.color.png 0.999999 0.00150849 -0.000515446 -0.00051871 -0.00150783 0.999998 0.00128813 -0.00119424 0.000517388 -0.00128735 0.999999 0.00107892 0.0 0.0 0.0 1.0
chess/seq-04/color/frame-000004.color.png chess/seq-04/color/frame-000005.color.png 0.999999 -0.000227629 -0.00113553 0.00107983 0.000227275 1.0 -0.000312444 -0.000163671 0.0011356 0.000312186 0.999999 0.000237774 0.0 0.0 0.0 1.0
chess/seq-04/color/frame-000005.color.png chess/seq-04/color/frame-000006.color.png 1.0 0.000365883 0.00016028 -0.000355047 -0.000365882 1.0 -1.32476e-05 0.00053664 -0.000160285 1.3189e-05 1.0 0.000525408 0.0 0.0 0.0 1.0
chess/seq-04/color/frame-000006.color.png chess/seq-04/color/frame-000007.color.png 0.999999 0.000367937 -0.000986821 0.000218176 -0.000367582 1.0 0.00035685 -0.000335096 0.000986953 -0.000356487 0.999999 -0.000537197 0.0 0.0 0.0 1.0
chess/seq-04/color/frame-000007.color.png chess/seq-04/color/frame-000008.color.png 0.999997 -0.000915109 -0.0022261 0.00129014 0.000915085 1.0 -1.07534e-05 -4.80413e-05 0.00222611 8.71632e-06 0.999998 0.000549266 0.0 0.0 0.0 1.0
chess/seq-04/color/frame-000008.color.png chess/seq-04/color/frame-000009.color.png 1.0 0.000513892 -0.000648523 0.00119945 -0.00051375 1.0 0.000221006 0.00256284 0.000648638 -0.000220673 1.0 0.000166316 0.0 0.0 0.0 1.0
chess/seq-04/color/frame-000009.color.png chess/seq-04/color/frame-000010.color.png 0.999997 0.00195327 -0.00111629 0.000501842 -0.00195163 0.999997 0.00146942 -0.00123516 0.00111916 -0.00146724 0.999998 0.00305721 0.0 0.0 0.0 1.0
chess/seq-04/color/frame-000010.color.png chess/seq-04/color/frame-000011.color.png 1.0 -5.86503e-05 0.000497626 -0.00095274 5.89501e-05 1.0 -0.000604691 -0.0011683 -0.00049759 0.000604721 1.0 -0.000486159 0.0 0.0 0.0 1.0
chess/seq-04/color/frame-000011.color.png chess/seq-04/color/frame-000012.color.png 0.999999 0.000257591 -0.001074 0.00250579 -0.000258454 1.0 -0.00080452 -0.000595845 0.00107379 0.000804797 0.999999 0.000957994 0.0 0.0 0.0 1.0
chess/seq-04/color/frame-000012.color.png chess/seq-04/color/frame-000013.color.png 1.0 0.000483841 -0.000132249 -6.9527e-05 -0.000484028 0.999999 -0.00142621 0.00264743 0.00013156 0.00142627 0.999999 -0.000643048 0.0 0.0 0.0 1.0
chess/seq-04/color/frame-000013.color.png chess/seq-04/color/frame-000014.color.png 0.999997 0.00227997 -0.000954228 0.00167944 -0.002279 0.999997 0.00101301 3.3756e-05 0.000956534 -0.00101084 0.999999 0.000472131 0.0 0.0 0.0 1.0
chess/seq-04/color/frame-000014.color.png chess/seq-04/color/frame-000015.color.png 0.99999 0.00438063 0.000170645 0.00286426 -0.0043808 0.99999 0.000997737 -0.00056437 -0.000166273 -0.000998475 1.0 -1.88854e-05 0.0 0.0 0.0 1.0
chess/seq-04/color/frame-000015.color.png chess/seq-04/color/frame-000016.color.png 0.999994 0.00349445 -0.00024477 -0.000698814 -0.0034944 0.999994 0.000199879 0.00123544 0.000245468 -0.000199022 1.0 0.000133842 0.0 0.0 0.0 1.0
chess/seq-04/color/frame-000016.color.png chess/seq-04/color/frame-000017.color.png 0.999981 0.0060922 9.06793e-05 0.00220617 -0.00609232 0.999981 0.00139105 -0.00206563 -8.22019e-05 -0.00139157 0.999999 0.00203439 0.0 0.0 0.0 1.0
chess/seq-04/color/frame-000017.color.png chess/seq-04/color/frame-000018.color.png 0.999994 0.00328878 0.000589014 0.000738422 -0.00328839 0.999994 -0.000643947 0.000532128 -0.00059113 0.000642006 1.0 -0.000516548 0.0 0.0 0.0 1.0
chess/seq-04/color/frame-000018.color.png chess/seq-04/color/frame-000019.color.png 0.999996 0.00262833 6.61476e-05 0.00152483 -0.00262832 0.999997 -0.000129172 -0.000537853 -6.64872e-05 0.000128999 1.0 -0.00130335 0.0 0.0 0.0 1.0
chess/seq-04/color/frame-000019.color.png chess/seq-04/color/frame-000020.color.png 0.999987 0.00465831 -0.00231273 0.0047196 -0.00466335 0.999987 -0.002179 0.000134603 0.00230255 0.00218976 0.999995 0.000240847 0.0 0.0 0.0 1.0
chess/seq-04/color/frame-000020.color.png chess/seq-04/color/frame-000021.color.png 0.999994 0.00343114 0.00050495 0.00218803 -0.0034311 0.999994 -8.66906e-05 -0.000699523 -0.000505245 8.49574e-05 1.0 -0.00084134 0.0 0.0 0.0 1.0
chess/seq-04/color/frame-000021.color.png chess/seq-04/color/frame-000022.color.png 0.999816 0.0189134 0.00314701 0.0071963 -0.0189199 0.999819 0.00202857 -0.000966893 -0.00310807 -0.00208773 0.999993 0.00139072 0.0 0.0 0.0 1.0
chess/seq-04/color/frame-000022.color.png chess/seq-04/color/frame-000023.color.png 0.99991 0.0128062 0.00403001 0.00107526 -0.0128098 0.999918 0.000857837 0.00098667 -0.00401869 -0.000909383 0.999991 -0.000592972 0.0 0.0 0.0 1.0
chess/seq-04/color/frame-000023.color.png chess/seq-04/color/frame-000024.color.png 0.999571 0.0286635 0.00602129 0.00245685 -0.0286714 0.999588 0.00124143 -0.0016913 -0.00598323 -0.00141354 0.999981 0.000780873 0.0 0.0 0.0 1.0
chess/seq-04/color/frame-000024.color.png chess/seq-04/color/frame-000025.color.png 0.999905 0.0137447 0.00108231 0.00637777 -0.0137457 0.999905 0.000962022 -0.00266633 -0.00106899 -0.000976808 0.999999 -0.0018453 0.0 0.0 0.0 1.0
chess/seq-04/color/frame-000025.color.png chess/seq-04/color/frame-000026.color.png 0.999436 0.0324209 0.00870534 0.00389067 -0.032457 0.999465 0.0040396 0.00082939 -0.00856971 -0.00431987 0.999954 -0.00285631 0.0 0.0 0.0 1.0
chess/seq-04/color/frame-000026.color.png chess/seq-04/color/frame-000027.color.png 0.999876 0.0147962 0.00543389 0.00569052 -0.0148268 0.999874 0.00562737 0.00117042 -0.00534995 -0.00570724 0.999969 -0.000354024 0.0 0.0 0.0 1.0
chess/seq-04/color/frame-000027.color.png chess/seq-04/color/frame-000028.color.png 0.999399 0.0305884 0.0162832 0.00244227 -0.0307854 0.999454 0.0119868 -0.00165943 -0.0159077 -0.0124809 0.999795 -0.000699128 0.0 0.0 0.0 1.0
chess/seq-04/color/frame-000028.color.png chess/seq-04/color/frame-000029.color.png 0.999849 0.0161573 0.00638945 -0.000785906 -0.0162002 0.999846 0.00671451 -0.0020296 -0.00627998 -0.00681699 0.999957 0.000122388 0.0 0.0 0.0 1.0
chess/seq-04/color/frame-000029.color.png chess/seq-04/color/frame-000030.color.png 0.999015 0.0441614 0.00437941 0.0078513 -0.04421 0.998954 0.0117034 -0.0051066 -0.00385799 -0.0118855 0.999922 -0.00132844 0.0 0.0 0.0 1.0
chess/seq-04/color/frame-000030.color.png chess/seq-04/color/frame-000031.color.png 0.999565 0.0290688 0.00493242 0.00428358 -0.0291098 0.999541 0.0084427 -0.00437465 -0.00468474 -0.00858261 0.999952 -0.000297928 0.0 0.0 0.0 1.0
chess/seq-04/color/frame-000031.color.png chess/seq-04/color/frame-000032.color.png 0.99761 0.0660703 0.0202188 0.00369715 -0.0663361 0.997716 0.0127745 -0.00696931 -0.0193286 -0.0140852 0.999714 0.00243401 0.0 0.0 0.0 1.0
chess/seq-04/color/frame-000032.color.png chess/seq-04/color/frame-000033.color.png 0.999682 0.0232512 0.00978639 0.00558215 -0.0233319 0.999694 0.00821094 -0.00980657 -0.00959249 -0.00843666 0.999918 -0.00701541 0.0 0.0 0.0 1.0
chess/seq-04/color/frame-000033.color.png chess/seq-04/color/frame-000034.color.png 0.99913 0.0391893 0.014281 -0.00479578 -0.0392899 0.999205 0.00683935 -0.0143298 -0.0140016 -0.00739449 0.999875 0.0026344 0.0 0.0 0.0 1.0
chess/seq-04/color/frame-000034.color.png chess/seq-04/color/frame-000035.color.png 0.99954 0.030007 0.0044978 0.00293826 -0.0300111 0.999549 0.00083105 -0.0100047 -0.00447085 -0.000965664 0.999989 -0.00227615 0.0 0.0 0.0 1.0
chess/seq-04/color/frame-000035.color.png chess/seq-04/color/frame-000036.color.png 0.999844 0.0173659 0.00322567 -0.00234182 -0.0173712 0.999848 0.00159807 -0.00646986 -0.00319741 -0.00165381 0.999994 0.00380951 0.0 0.0 0.0 1.0
chess/seq-04/color/frame-000036.color.png chess/seq-04/color/frame-000037.color.png 0.999332 0.0362621 0.00464714 0.011412 -0.036277 0.999337 0.00317313 -0.0169808 -0.004529 -0.00333962 0.999984 -0.0085174 0.0 0.0 0.0 1.0
chess/seq-04/color/frame-000037.color.png chess/seq-04/color/frame-000038.color.png 0.998782 0.0434942 0.0233097 0.00183317 -0.0434612 0.999053 -0.00191897 -0.00600736 -0.0233711 0.000903535 0.999726 0.00433382 0.0 0.0 0.0 1.0
chess/seq-04/color/frame-000038.color.png chess/seq-04/color/frame-000039.color.png 0.998608 0.0449135 0.0276609 -0.00673126 -0.045063 0.998973 0.00480896 -0.0101567 -0.0274165 -0.00604876 0.999606 0.00928506 0.0 0.0 0.0 1.0
chess/seq-04/color/frame-000039.color.png chess/seq-04/color/frame-000040.color.png 0.999807 0.0156291 0.0119266 -0.00173893 -0.0157019 0.999858 0.00603757 -0.0155678 -0.0118306 -0.00622369 0.999911 -0.00827371 0.0 0.0 0.0 1.0
chess/seq-04/color/frame-000040.color.png chess/seq-04/color/frame-000041.color.png 0.99935 0.0268504 0.0240431 -0.00605305 -0.0270764 0.999592 0.00911994 -0.0102822 -0.0237884 -0.00976499 0.999669 0.0134388 0.0 0.0 0.0 1.0
chess/seq-04/color/frame-000041.color.png chess/seq-04/color/frame-000042.color.png 0.99992 -0.00679717 0.0107149 -0.00818356 0.00680146 0.999977 -0.000363457 -0.00432508 -0.0107121 0.000436289 0.999943 0.00856633 0.0 0.0 0.0 1.0
chess/seq-04/color/frame-000042.color.png chess/seq-04/color/frame-000043.color.png 0.999978 -0.00449363 0.00494524 -0.0159059 0.00447795 0.999985 0.00319008 -0.00821774 -0.00495948 -0.00316785 0.999983 0.00760716 0.0 0.0 0.0 1.0
chess/seq-04/color/frame-000043.color.png chess/seq-04/color/frame-000044.color.png 0.999802 -0.0187594 -0.00667831 -0.0255845 0.0186948 0.999779 -0.00959136 -0.000736803 0.00685673 0.00946459 0.999932 0.0270396 0.0 0.0 0.0 1.0
chess/seq-04/color/frame-000044.color.png chess/seq-04/color/frame-000045.color.png 0.999081 -0.0365891 -0.0223421 -0.0266267 0.0365844 0.99933 -0.000618433 -0.0219147 0.0223498 -0.000199477 0.99975 0.00746047 0.0 0.0 0.0 1.0
chess/seq-04/color/frame-000045.color.png chess/seq-04/color/frame-000046.color.png 0.999855 -0.0164666 -0.0043712 -0.0121702 0.0164486 0.999856 -0.00415947 0.00376244 0.00443907 0.00408694 0.999982 0.0184532 0.0 0.0 0.0 1.0
chess/seq-04/color/frame-000046.color.png chess/seq-04/color/frame-000047.color.png 0.999414 -0.0324935 -0.0107335 -0.0258415 0.0324689 0.99947 -0.00244405 -0.00478154 0.0108072 0.00209411 0.999939 0.0207548 0.0 0.0 0.0 1.0
chess/seq-04/color/frame-000047.color.png chess/seq-04/color/frame-000048.color.png 0.998125 -0.0568791 -0.0226 -0.0320762 0.0565906 0.99831 -0.013205 0.00249246 0.0233129 0.0119013 0.999657 0.0300265 0.0 0.0 0.0 1.0
chess/seq-04/color/frame-000048.color.png chess/seq-04/color/frame-000049.color.png 0.999432 -0.0274261 -0.0195933 -0.00109736 0.0273896 0.999623 -0.00213126 -0.00933078 0.0196443 0.00159337 0.999806 0.00137497 0.0 0.0 0.0 1.0
chess/seq-04/color/frame-000049.color.png chess/seq-04/color/frame-000050.color.png 0.998876 -0.0424705 -0.0210588 -0.0148516 0.0423749 0.999089 -0.00496027 -0.0129277 0.0212503 0.00406231 0.999766 0.0176636 0.0 0.0 0.0 1.0
chess/seq-04/color/frame-000050.color.png chess/seq-04/color/frame-000051.color.png 0.999236 -0.0380291 -0.00896731 -0.0264072 0.0379112 0.999197 -0.0129797 0.00162457 0.00945374 0.0126299 0.999876 0.022374 0.0 0.0 0.0 1.0
chess/seq-04/color/frame-000051.color.png chess/seq-04/color/frame-000052.color.png 0.998957 -0.0433757 -0.0142769 -0.0242025 0.0432564 0.999027 -0.00856239 0.00011988 0.0146344 0.00793588 0.999861 0.0160248 0.0 0.0 0.0 1.0
chess/seq-04/color/frame-000052.color.png chess/seq-04/color/frame-000053.color.png 0.99966 -0.0234288 -0.0114498 -0.00636006 0.0233598 0.999708 -0.00613251 0.0057053 0.0115901 0.00586296 0.999916 0.0113216 0.0 0.0 0.0 1.0
chess/seq-04/color/frame-000053.color.png chess/seq-04/color/frame-000054.color.png 0.999144 -0.0386307 -0.0147578 -0.00476234 0.0385858 0.99925 -0.00331729 -0.00366503 0.0148749 0.002745 0.999886 0.00962779 0.0 0.0 0.0 1.0
chess/seq-04/color/frame-000054.color.png chess/seq-04/color/frame-000055.color.png 0.999222 -0.03939 0.00211408 -0.0210121 0.0394001 0.999211 -0.00495918 0.00324816 -0.00191706 0.00503862 0.999986 0.0112439 0.0 0.0 0.0 1.0
chess/seq-04/color/frame-000055.color.png chess/seq-04/color/frame-000056.color.png 0.999781 -0.020777 0.00254878 -0.0142356 0.0207805 0.999783 -0.00134907 0.00145534 -0.00252019 0.00140174 0.999996 0.00307794 0.0 0.0 0.0 1.0
chess/seq-04/color/frame-000056.color.png chess/seq-04/color/frame-000057.color.png 0.999011 -0.0444662 -0.000578841 -0.0267549 0.0444681 0.999003 0.00387309 0.00536273 0.000406031 -0.003895 0.999992 0.0100139 0.0 0.0 0.0 1.0
chess/seq-04/color/frame-000057.color.png chess/seq-04/color/frame-000058.color.png 0.999577 -0.0290311 -0.00195256 -0.0148308 0.0290357 0.999576 0.00233272 -0.00123113 0.00188402 -0.00238842 0.999995 0.00150396 0.0 0.0 0.0 1.0
chess/seq-04/color/frame-000058.color.png chess/seq-04/color/frame-000059.color.png 0.998674 -0.0512837 -0.00450923 -0.0222764 0.0513077 0.998669 0.00537234 0.00275961 0.0042277 -0.00559658 0.999975 0.005485 0.0 0.0 0.0 1.0
chess/seq-04/color/frame-000059.color.png chess/seq-04/color/frame-000060.color.png 0.999641 -0.0268075 -0.000611816 -0.0199873 0.0268095 0.999634 0.00364345 -0.00686377 0.000513933 -0.00365854 0.999993 0.00356293 0.0 0.0 0.0 1.0
chess/seq-04/color/frame-000060.color.png chess/seq-04/color/frame-000061.color.png 0.997893 -0.0635403 -0.013089 -0.032723 0.0635147 0.997978 -0.00236051 0.00325 0.0132125 0.00152417 0.999911 0.0081404 0.0 0.0 0.0 1.0
chess/seq-04/color/frame-000061.color.png chess/seq-04/color/frame-000062.color.png 0.999235 -0.0370567 -0.0124843 -0.00993201 0.0369886 0.9993 -0.00564673 0.00636607 0.0126848 0.00518064 0.999906 0.00793351 0.0 0.0 0.0 1.0
chess/seq-04/color/frame-000062.color.png chess/seq-04/color/frame-000063.color.png 0.997345 -0.0670481 -0.0284142 -0.0180034 0.0668069 0.997722 -0.00935563 0.00606748 0.0289768 0.00743252 0.999552 0.00694121 0.0 0.0 0.0 1.0
chess/seq-04/color/frame-000063.color.png chess/seq-04/color/frame-000064.color.png 0.99926 -0.0354092 -0.0149991 -0.00999336 0.0353742 0.999371 -0.00259519 0.00172484 0.0150816 0.00206268 0.999884 0.00513014 0.0 0.0 0.0 1.0
chess/seq-04/color/frame-000064.color.png chess/seq-04/color/frame-000065.color.png 0.999425 -0.0324934 -0.00969772 -0.0208952 0.0324797 0.999471 -0.00156639 -0.00205714 0.00974348 0.00125052 0.999952 0.00559145 0.0 0.0 0.0 1.0
chess/seq-04/color/frame-000065.color.png chess/seq-04/color/frame-000066.color.png 0.997622 -0.0599713 -0.0339524 0.00108342 0.0598837 0.998199 -0.00359168 0.0151688 0.0341066 0.00154995 0.999417 0.00986245 0.0 0.0 0.0 1.0
chess/seq-04/color/frame-000066.color.png chess/seq-04/color/frame-000067.color.png 0.999657 -0.0216307 -0.0147532 0.00301906 0.0216692 0.999762 0.00245742 -0.00142285 0.0146966 -0.00277629 0.999888 0.00310087 0.0 0.0 0.0 1.0
chess/seq-04/color/frame-000067.color.png chess/seq-04/color/frame-000068.color.png 0.999293 -0.0348258 -0.0141345 0.00245617 0.03488 0.999385 0.00360382 -0.00616542 0.0140003 -0.00409427 0.999894 -0.00119962 0.0 0.0 0.0 1.0
chess/seq-04/color/frame-000068.color.png chess/seq-04/color/frame-000069.color.png 0.999474 -0.0319169 -0.00572288 -0.00764312 0.0319685 0.999447 0.00915966 -0.00479746 0.00542736 -0.0093378 0.999942 -0.00118509 0.0 0.0 0.0 1.0
chess/seq-04/color/frame-000069.color.png chess/seq-04/color/frame-000070.color.png 0.999767 -0.0209675 -0.00523495 -0.000526965 0.0209747 0.999779 0.00132061 -0.00781831 0.00520611 -0.0014301 0.999985 -0.00118268 0.0 0.0 0.0 1.0
chess/seq-04/color/frame-000070.color.png chess/seq-04/color/frame-000071.color.png 0.998549 -0.0530631 -0.00914992 -0.0240203 0.0530156 0.998579 -0.00535142 0.00341693 0.00942087 0.00485857 0.999944 0.00307849 0.0 0.0 0.0 1.0
chess/seq-04/color/frame-000071.color.png chess/seq-04/color/frame-000072.color.png 0.999561 -0.0274251 -0.0111961 -0.00108457 0.0274237 0.999624 -0.00027467 -0.00183481 0.0111994 -3.25018e-05 0.999937 0.00187109 0.0 0.0 0.0 1.0
chess/seq-04/color/frame-000072.color.png chess/seq-04/color/frame-000073.color.png 0.99839 -0.0522865 -0.0219878 0.0195481 0.052132 0.998612 -0.00754123 0.0124576 0.0223516 0.00638282 0.99973 0.00961727 0.0 0.0 0.0 1.0
chess/seq-04/color/frame-000073.color.png chess/seq-04/color/frame-000074.color.png 0.999187 -0.0403033 -0.000840602 0.0152788 0.0402972 0.999168 -0.00635211 0.0124223 0.00109586 0.00631308 0.99998 0.0171382 0.0 0.0 0.0 1.0
chess/seq-04/color/frame-000074.color.png chess/seq-04/color/frame-000075.color.png 0.999842 -0.0160143 0.00768839 0.00918075 0.016049 0.999861 -0.0044692 0.00552624 -0.00761571 0.00459189 0.99996 0.00133632 0.0 0.0 0.0 1.0
chess/seq-04/color/frame-000075.color.png chess/seq-04/color/frame-000076.color.png 0.999267 -0.0325297 0.0201974 0.00409743 0.0325763 0.999467 -0.00198873 0.00512987 -0.020122 0.0026452 0.999794 0.00382933 0.0 0.0 0.0 1.0
chess/seq-04/color/frame-000076.color.png chess/seq-04/color/frame-000077.color.png 0.99942 -0.0271997 0.0205017 0.0109627 0.0272623 0.999625 -0.00277659 0.0157918 -0.0204185 0.00333391 0.999786 -0.00211953 0.0 0.0 0.0 1.0
chess/seq-04/color/frame-000077.color.png chess/seq-04/color/frame-000078.color.png 0.999398 -0.0196968 0.0285764 0.00935865 0.01933 0.999728 0.0130574 0.0115444 -0.0288258 -0.0124971 0.999506 0.00821081 0.0 0.0 0.0 1.0
chess/seq-04/color/frame-000078.color.png chess/seq-04/color/frame-000079.color.png 0.999893 -0.00769256 0.0124055 0.00805839 0.00755523 0.99991 0.0110805 -0.0111308 -0.0124896 -0.0109856 0.999862 0.00140327 0.0 0.0 0.0 1.0
chess/seq-04/color/frame-000079.color.png chess/seq-04/color/frame-000080.color.png 0.999732 -0.0123495 0.0195704 0.0184596 0.0121989 0.999895 0.00779145 0.00352961 -0.0196646 -0.00755062 0.999778 0.00471342 0.0 0.0 0.0 1.0
chess/seq-04/color/frame-000080.color.png chess/seq-04/color/frame-000081.color.png 0.999747 0.00145709 0.022442 0.0308887 -0.00159284 0.999981 0.00603159 -0.000257194 -0.0224327 -0.00606582 0.99973 0.00707534 0.0 0.0 0.0 1.0
chess/seq-04/color/frame-000081.color.png chess/seq-04/color/frame-000082.color.png 0.999863 0.00714997 0.0149216 0.0161736 -0.00722685 0.999961 0.0051097 0.00545764 -0.0148845 -0.00521684 0.999876 0.0094386 0.0 0.0 0.0 1.0
chess/seq-04/color/frame-000082.color.png chess/seq-04/color/frame-000083.color.png 0.999871 0.0144734 0.00689751 0.0360077 -0.0145551 0.999823 0.0119414 0.0037668 -0.00672346 -0.0120403 0.999905 0.00419828 0.0 0.0 0.0 1.0
chess/seq-04/color/frame-000083.color.png chess/seq-04/color/frame-000084.color.png 0.999849 0.014218 0.00994304 0.0126281 -0.0142965 0.999867 0.00787643 -0.000635952 -0.00982973 -0.0080174 0.99992 0.000810623 0.0 0.0 0.0 1.0
chess/seq-04/color/frame-000084.color.png chess/seq-04/color/frame-000085.color.png 0.999338 0.0313693 0.0184464 0.0307322 -0.0316793 0.999358 0.0167601 -0.00211135 -0.0179088 -0.0173333 0.999689 0.000195295 0.0 0.0 0.0 1.0
chess/seq-04/color/frame-000085.color.png chess/seq-04/color/frame-000086.color.png 0.999283 0.0372836 0.00663644 0.0197988 -0.0373704 0.999211 0.0134673 0.00403681 -0.00612909 -0.0137056 0.999887 0.0102518 0.0 0.0 0.0 1.0
chess/seq-04/color/frame-000086.color.png chess/seq-04/color/frame-000087.color.png 0.99953 0.0274239 -0.0137234 0.0367535 -0.0272332 0.999533 0.0138953 0.00624436 0.0140981 -0.013515 0.999809 0.0120713 0.0 0.0 0.0 1.0
chess/seq-04/color/frame-000087.color.png chess/seq-04/color/frame-000088.color.png 0.999718 0.0237287 -0.0013684 0.0207558 -0.023715 0.999676 0.00929637 0.000741601 0.00158854 -0.00926128 0.999956 0.00869438 0.0 0.0 0.0 1.0
chess/seq-04/color/frame-000088.color.png chess/seq-04/color/frame-000089.color.png 0.998492 0.0522215 0.0169054 0.0202842 -0.0526035 0.998351 0.0229982 -0.0094083 -0.0156765 -0.0238528 0.999593 0.00849441 0.0 0.0 0.0 1.0
chess/seq-04/color/frame-000089.color.png chess/seq-04/color/frame-000090.color.png 0.998824 0.0477273 0.00858097 0.0251435 -0.0478301 0.998781 0.0122014 -0.000436693 -0.00798817 -0.0125975 0.999889 0.0132091 0.0 0.0 0.0 1.0
chess/seq-04/color/frame-000090.color.png chess/seq-04/color/frame-000091.color.png 0.999023 0.0438328 0.00559438 0.0171733 -0.0439103 0.998929 0.0145781 -0.00711778 -0.00494937 -0.0148095 0.999878 0.0168035 0.0 0.0 0.0 1.0
chess/seq-04/color/frame-000091.color.png chess/seq-04/color/frame-000092.color.png 0.999685 0.0250115 0.00224947 0.0137453 -0.0250218 0.999676 0.00467995 0.00107482 -0.0021317 -0.00473477 0.999987 0.0118158 0.0 0.0 0.0 1.0
chess/seq-04/color/frame-000092.color.png chess/seq-04/color/frame-000093.color.png 0.998325 0.0573377 0.00770129 0.031993 -0.0574454 0.998242 0.0145796 0.00943676 -0.00685179 -0.0149976 0.999864 0.0273468 0.0 0.0 0.0 1.0
chess/seq-04/color/frame-000093.color.png chess/seq-04/color/frame-000094.color.png 0.999316 0.0352959 0.0110336 0.0125907 -0.0353983 0.999331 0.00922637 -0.00828442 -0.0107005 -0.00961068 0.999897 0.0125055 0.0 0.0 0.0 1.0
chess/seq-04/color/frame-000094.color.png chess/seq-04/color/frame-000095.color.png 0.999082 0.0408492 0.0128805 0.0103629 -0.0409037 0.999155 0.00399601 0.00434366 -0.0127064 -0.0045192 0.999909 0.0142299 0.0 0.0 0.0 1.0
chess/seq-04/color/frame-000095.color.png chess/seq-04/color/frame-000096.color.png 0.997618 0.0665131 0.0183073 0.0232887 -0.066746 0.997693 0.0124203 -0.00712669 -0.017439 -0.0136127 0.999755 0.0222559 0.0 0.0 0.0 1.0
chess/seq-04/color/frame-000096.color.png chess/seq-04/color/frame-000097.color.png 0.999526 0.0292384 0.00967508 -0.000403106 -0.0292959 0.999554 0.00585381 -0.00577509 -0.00949957 -0.00613448 0.999936 0.0164931 0.0 0.0 0.0 1.0
chess/seq-04/color/frame-000097.color.png chess/seq-04/color/frame-000098.color.png 0.999634 0.0270428 0.000886998 0.00549634 -0.0270439 0.999634 0.00119409 0.00362462 -0.000854418 -0.00121761 0.999999 0.0135329 0.0 0.0 0.0 1.0
chess/seq-04/color/frame-000098.color.png chess/seq-04/color/frame-000099.color.png 0.999629 0.0260905 -0.00786993 0.0229663 -0.0260325 0.999634 0.00738324 -0.00817162 0.00805967 -0.00717563 0.999942 0.00881016 0.0 0.0 0.0 1.0
chess/seq-04/color/frame-000099.color.png chess/seq-04/color/frame-000100.color.png 0.998182 0.0602176 0.00239918 0.0284684 -0.0602375 0.99814 0.00935951 -0.00448245 -0.00183109 -0.00948699 0.999953 0.0301554 0.0 0.0 0.0 1.0
chess/seq-04/color/frame-000100.color.png chess/seq-04/color/frame-000101.color.png 0.999566 0.0294449 0.00018464 0.00789526 -0.0294455 0.999554 0.00505764 -0.00458583 -3.56664e-05 -0.00506093 0.999987 0.0177498 0.0 0.0 0.0 1.0
chess/seq-04/color/frame-000101.color.png chess/seq-04/color/frame-000102.color.png 0.999604 0.0277365 -0.00468136 0.0104438 -0.0277496 0.999611 -0.00275431 0.00546804 0.00460316 0.00288316 0.999985 0.017067 0.0 0.0 0.0 1.0
chess/seq-04/color/frame-000102.color.png chess/seq-04/color/frame-000103.color.png 0.999616 0.0259504 -0.00971109 0.0191403 -0.0259536 0.999663 -0.000203428 0.00243425 0.0097025 0.00045537 0.999953 0.0118499 0.0 0.0 0.0 1.0
chess/seq-04/color/frame-000103.color.png chess/seq-04/color/frame-000104.color.png 0.9996 0.0267298 -0.00919383 0.0211067 -0.0267245 0.999643 0.000703844 0.000848532 0.00920937 -0.000457858 0.999958 0.0154249 0.0 0.0 0.0 1.0
chess/seq-04/color/frame-000104.color.png chess/seq-04/color/frame-000105.color.png 0.998501 0.0537527 -0.0102872 0.0353802 -0.0537384 0.998554 0.00166448 0.00689876 0.0103618 -0.00110918 0.999946 0.0229089 0.0 0.0 0.0 1.0
chess/seq-04/color/frame-000105.color.png chess/seq-04/color/frame-000106.color.png 0.999642 0.0262945 -0.00492688 0.0192379 -0.0262794 0.99965 0.00309774 0.0028266 0.00500659 -0.00296716 0.999983 0.0150759 0.0 0.0 0.0 1.0
chess/seq-04/color/frame-000106.color.png chess/seq-04/color/frame-000107.color.png 0.999634 0.0267288 -0.00409835 0.0148501 -0.0267151 0.999638 0.00334919 -0.000223786 0.00418638 -0.00323851 0.999986 0.0124912 0.0 0.0 0.0 1.0
chess/seq-04/color/frame-000107.color.png chess/seq-04/color/frame-000108.color.png 0.999744 0.0220754 -0.00488051 0.0173188 -0.0220679 0.999755 0.00158143 0.00387734 0.00491427 -0.00147326 0.999987 0.010883 0.0 0.0 0.0 1.0
chess/seq-04/color/frame-000108.color.png chess/seq-04/color/frame-000109.color.png 0.999678 0.0248544 -0.00520573 0.0190888 -0.02484 0.999687 0.00282142 -0.000445962 0.00527422 -0.00269124 0.999982 0.0152788 0.0 0.0 0.0 1.0
chess/seq-04/color/frame-000109.color.png chess/seq-04/color/frame-000110.color.png 0.998449 0.054829 -0.00964013 0.0361272 -0.0548897 0.998473 -0.00614683 0.00894496 0.00928841 0.00666647 0.999935 0.0257685 0.0 0.0 0.0 1.0
chess/seq-04/color/frame-000110.color.png chess/seq-04/color/frame-000111.color.png 0.999753 0.0207807 -0.00789316 0.0189965 -0.0208361 0.999758 -0.00699901 0.00507891 0.00774579 0.00716174 0.999944 0.0135635 0.0 0.0 0.0 1.0
chess/seq-04/color/frame-000111.color.png chess/seq-04/color/frame-000112.color.png 0.999001 0.040772 -0.0182884 0.0423762 -0.0411598 0.998924 -0.0213576 0.030361 0.017398 0.022089 0.999605 0.029056 0.0 0.0 0.0 1.0
chess/seq-04/color/frame-000112.color.png chess/seq-04/color/frame-000113.color.png 0.999659 0.0217955 -0.0144097 0.0303017 -0.0218591 0.999752 -0.00427455 0.00598869 0.014313 0.00458808 0.999887 0.00633413 0.0 0.0 0.0 1.0
chess/seq-04/color/frame-000113.color.png chess/seq-04/color/frame-000114.color.png 0.999467 0.030527 -0.0116035 0.0280213 -0.0305866 0.99952 -0.00499056 0.0116317 0.0114456 0.00534281 0.99992 0.00967216 0.0 0.0 0.0 1.0
chess/seq-04/color/frame-000114.color.png chess/seq-04/color/frame-000115.color.png 0.997854 0.0618308 -0.0215632 0.0584119 -0.0620378 0.998033 -0.00906457 0.0228957 0.0209603 0.0103829 0.999726 0.0208598 0.0 0.0 0.0 1.0
chess/seq-04/color/frame-000115.color.png chess/seq-04/color/frame-000116.color.png 0.999443 0.0307973 -0.0128665 0.0268386 -0.0308901 0.999498 -0.00707242 0.0147347 0.0126423 0.00746591 0.999892 0.0115355 0.0 0.0 0.0 1.0
chess/seq-04/color/frame-000116.color.png chess/seq-04/color/frame-000117.color.png 0.997681 0.0506261 -0.0454906 0.0755334 -0.0516582 0.998427 -0.0218081 0.0370423 0.044315 0.0241075 0.998727 0.0163088 0.0 0.0 0.0 1.0
chess/seq-04/color/frame-000117.color.png chess/seq-04/color/frame-000118.color.png 0.999493 0.0195793 -0.0251247 0.0398251 -0.019887 0.99973 -0.0120557 0.0214285 0.0248818 0.0125492 0.999611 0.00747722 0.0 0.0 0.0 1.0
chess/seq-04/color/frame-000118.color.png chess/seq-04/color/frame-000119.color.png 0.998615 0.0405603 -0.0335016 0.0808416 -0.0407907 0.999148 -0.0062187 0.012962 0.0332208 0.00757665 0.999419 0.00267506 0.0 0.0 0.0 1.0
chess/seq-04/color/frame-000119.color.png chess/seq-04/color/frame-000120.color.png 0.9992 0.0308666 -0.0254436 0.0516843 -0.0311143 0.999472 -0.00939253 0.0201429 0.0251402 0.0101767 0.999632 0.00524235 0.0 0.0 0.0 1.0
chess/seq-04/color/frame-000120.color.png chess/seq-04/color/frame-000121.color.png 0.999605 0.0134982 -0.0246573 0.0549243 -0.0134837 0.999909 0.000750094 0.00985277 0.0246652 -0.000417312 0.999696 -0.00137395 0.0 0.0 0.0 1.0
chess/seq-04/color/frame-000121.color.png chess/seq-04/color/frame-000122.color.png 0.999473 0.0302691 -0.0117161 0.0488372 -0.0302791 0.999541 -0.000674616 0.0120725 0.0116904 0.00102902 0.999931 0.00542432 0.0 0.0 0.0 1.0
chess/seq-04/color/frame-000122.color.png chess/seq-04/color/frame-000123.color.png 0.999283 0.0117597 -0.0359911 0.0716816 -0.011706 0.99993 0.00170391 0.000264496 0.0360086 -0.00128138 0.999351 -0.011519 0.0 0.0 0.0 1.0
chess/seq-04/color/frame-000123.color.png chess/seq-04/color/frame-000124.color.png 0.999854 0.0116663 -0.0124463 0.0323924 -0.011694 0.999929 -0.00216744 0.00621527 0.0124201 0.00231267 0.99992 -0.000724554 0.0 0.0 0.0 1.0
chess/seq-04/color/frame-000124.color.png chess/seq-04/color/frame-000125.color.png 0.999359 0.0322628 -0.0154934 0.0639774 -0.0323836 0.999447 -0.0076052 0.0286599 0.0152394 0.00810205 0.999851 0.00156587 0.0 0.0 0.0 1.0
chess/seq-04/color/frame-000125.color.png chess/seq-04/color/frame-000126.color.png 0.999545 0.020568 -0.0220711 0.0604146 -0.0204339 0.999771 0.00629126 -0.00478277 0.0221955 -0.0058374 0.999736 -0.0101976 0.0 0.0 0.0 1.0
chess/seq-04/color/frame-000126.color.png chess/seq-04/color/frame-000127.color.png 0.999907 0.00536387 -0.0125632 0.0294925 -0.0053749 0.999985 -0.000855898 -4.66704e-05 0.0125584 0.000923336 0.999921 -0.00392735 0.0 0.0 0.0 1.0
chess/seq-04/color/frame-000127.color.png chess/seq-04/color/frame-000128.color.png 0.999759 -0.00064043 -0.0219615 0.0469491 0.000476802 0.999972 -0.00744809 0.0128478 0.0219657 0.00743583 0.999731 -0.00731421 0.0 0.0 0.0 1.0
chess/seq-04/color/frame-000128.color.png chess/seq-04/color/frame-000129.color.png 0.999409 -0.00543166 -0.0339382 0.0655572 0.00572692 0.999947 0.00860587 -0.0213692 0.0338896 -0.00879512 0.999387 -0.0191536 0.0 0.0 0.0 1.0
chess/seq-04/color/frame-000129.color.png chess/seq-04/color/frame-000130.color.png 0.999863 0.000715168 -0.0165437 0.0434598 -0.000709311 1.0 0.000361332 -0.000813991 0.016544 -0.000349586 0.999863 -0.00355393 0.0 0.0 0.0 1.0
chess/seq-04/color/frame-000130.color.png chess/seq-04/color/frame-000131.color.png 0.999919 -0.00440572 -0.011929 0.0192561 0.00443047 0.999988 0.00205557 -0.00713003 0.0119198 -0.00210826 0.999927 -0.00451684 0.0 0.0 0.0 1.0
chess/seq-04/color/frame-000131.color.png chess/seq-04/color/frame-000132.color.png 0.999756 -0.00826126 -0.0205116 0.0371948 0.00818959 0.99996 -0.00357393 -0.00265664 0.0205404 0.00340509 0.999783 -0.00130194 0.0 0.0 0.0 1.0
chess/seq-04/color/frame-000132.color.png chess/seq-04/color/frame-000133.color.png 0.999886 -0.000350764 -0.0151154 0.0394323 0.000373532 0.999999 0.00151166 -0.00561041 0.0151149 -0.00151715 0.999885 -0.00324386 0.0 0.0 0.0 1.0
chess/seq-04/color/frame-000133.color.png chess/seq-04/color/frame-000134.color.png 0.999917 -0.00488997 -0.0119208 0.0270185 0.0048893 0.999988 -9.32846e-05 -0.00538829 0.011921 3.50016e-05 0.999929 0.00494558 0.0 0.0 0.0 1.0
chess/seq-04/color/frame-000134.color.png chess/seq-04/color/frame-000135.color.png 0.999952 -0.00182765 -0.00961994 0.0171315 0.00183018 0.999998 0.000253457 -0.00136012 0.00961947 -0.000271059 0.999954 -0.00273287 0.0 0.0 0.0 1.0
chess/seq-04/color/frame-000135.color.png chess/seq-04/color/frame-000136.color.png 0.999551 -0.00447404 -0.029634 0.0475277 0.00466667 0.999969 0.00642943 -0.020183 0.0296043 -0.00656485 0.99954 -0.00851768 0.0 0.0 0.0 1.0
chess/seq-04/color/frame-000136.color.png chess/seq-04/color/frame-000137.color.png 0.999565 -0.000187763 -0.0294766 0.0615297 0.000165454 1.0 -0.000757949 -0.00426114 0.0294767 0.000752795 0.999565 -0.00400746 0.0 0.0 0.0 1.0
chess/seq-04/color/frame-000137.color.png chess/seq-04/color/frame-000138.color.png 0.999955 0.005851 -0.00749225 0.0198511 -0.00585747 0.999982 -0.000836961 0.0017556 0.0074873 0.000880751 0.999971 0.00103295 0.0 0.0 0.0 1.0
chess/seq-04/color/frame-000138.color.png chess/seq-04/color/frame-000139.color.png 0.999872 0.00861047 -0.0134536 0.0327109 -0.00861681 0.999963 -0.000409978 0.0180096 0.0134495 0.000525928 0.99991 0.00405383 0.0 0.0 0.0 1.0
chess/seq-04/color/frame-000139.color.png chess/seq-04/color/frame-000140.color.png 0.999778 0.019475 -0.00802031 0.0343069 -0.0193694 0.999727 0.0130352 -0.000502408 0.00827207 -0.012877 0.999883 0.00419235 0.0 0.0 0.0 1.0
chess/seq-04/color/frame-000140.color.png chess/seq-04/color/frame-000141.color.png 0.999862 0.00963777 -0.0134958 0.0360777 -0.00941986 0.999826 0.0161239 -0.0128127 0.013649 -0.0159945 0.999779 0.00131941 0.0 0.0 0.0 1.0
chess/seq-04/color/frame-000141.color.png chess/seq-04/color/frame-000142.color.png 0.999987 -0.00238522 -0.00460504 0.0130228 0.00241686 0.999973 0.00687779 -0.00572789 0.00458841 -0.00688882 0.999966 0.0024147 0.0 0.0 0.0 1.0
chess/seq-04/color/frame-000142.color.png chess/seq-04/color/frame-000143.color.png 0.999799 -0.0127546 -0.0154664 0.0261649 0.0131193 0.999633 0.023706 -0.0336469 0.0151583 -0.0239041 0.999599 -0.00239229 0.0 0.0 0.0 1.0
chess/seq-04/color/frame-000143.color.png chess/seq-04/color/frame-000144.color.png 0.999615 -0.0230562 -0.0154311 0.0232639 0.0234031 0.999469 0.0226921 -0.0500636 0.0148998 -0.0230445 0.999623 -0.010852 0.0 0.0 0.0 1.0
chess/seq-04/color/frame-000144.color.png chess/seq-04/color/frame-000145.color.png 0.999814 -0.0163984 -0.0101473 0.0130575 0.0164819 0.99983 0.00821091 -0.0172637 0.0100108 -0.00837661 0.999915 -0.00481021 0.0 0.0 0.0 1.0
chess/seq-04/color/frame-000145.color.png chess/seq-04/color/frame-000146.color.png 0.999117 -0.0364875 -0.0208198 0.0233175 0.0371319 0.998815 0.0314563 -0.0674081 0.0196473 -0.0322016 0.999288 -0.0185601 0.0 0.0 0.0 1.0
chess/seq-04/color/frame-000146.color.png chess/seq-04/color/frame-000147.color.png 0.998871 -0.0366974 -0.0301641 0.0416405 0.0376069 0.998838 0.0301524 -0.0637103 0.0290227 -0.0312528 0.99909 -0.0218239 0.0 0.0 0.0 1.0
chess/seq-04/color/frame-000147.color.png chess/seq-04/color/frame-000148.color.png 0.999918 -0.010614 -0.00710978 0.0106847 0.0106695 0.999913 0.00781183 -0.016522 0.00702622 -0.00788702 0.999944 -0.000341654 0.0 0.0 0.0 1.0
chess/seq-04/color/frame-000148.color.png chess/seq-04/color/frame-000149.color.png 0.998818 -0.0437917 -0.0210752 0.0272927 0.0444047 0.998577 0.0295524 -0.0683044 0.0197512 -0.0304534 0.999341 -0.0179057 0.0 0.0 0.0 1.0
chess/seq-04/color/frame-000149.color.png chess/seq-04/color/frame-000150.color.png 0.999068 -0.0352172 -0.0249493 0.0376036 0.036006 0.998842 0.0319049 -0.0677623 0.0237968 -0.0327735 0.999179 -0.0225739 0.0 0.0 0.0 1.0
chess/seq-04/color/frame-000150.color.png chess/seq-04/color/frame-000151.color.png 0.999824 -0.015607 -0.0104274 0.0157297 0.0157529 0.999777 0.0140483 -0.0303404 0.0102057 -0.0142101 0.999847 -0.00853777 0.0 0.0 0.0 1.0
chess/seq-04/color/frame-000151.color.png chess/seq-04/color/frame-000152.color.png 0.999144 -0.0354872 -0.021262 0.025721 0.0360268 0.999024 0.0255601 -0.0578055 0.0203342 -0.0263042 0.999447 -0.0218261 0.0 0.0 0.0 1.0
chess/seq-04/color/frame-000152.color.png chess/seq-04/color/frame-000153.color.png 0.998447 -0.044172 -0.0339564 0.0538837 0.0454119 0.998296 0.0366522 -0.0951822 0.0322795 -0.0381373 0.998751 -0.037119 0.0 0.0 0.0 1.0
chess/seq-04/color/frame-000153.color.png chess/seq-04/color/frame-000154.color.png 0.999515 -0.0286968 -0.0121278 0.00951517 0.0289253 0.999399 0.0191161 -0.0477095 0.011572 -0.0194576 0.999744 -0.0180398 0.0 0.0 0.0 1.0
chess/seq-04/color/frame-000154.color.png chess/seq-04/color/frame-000155.color.png 0.998002 -0.0578921 -0.0253192 0.025304 0.0588428 0.997522 0.0385674 -0.105563 0.0230239 -0.0399802 0.998935 -0.0310314 0.0 0.0 0.0 1.0
chess/seq-04/color/frame-000155.color.png chess/seq-04/color/frame-000156.color.png 0.998171 -0.0564797 -0.0215462 0.0295111 0.0573975 0.997352 0.0446647 -0.111896 0.0189666 -0.0458197 0.99877 -0.0292159 0.0 0.0 0.0 1.0
chess/seq-04/color/frame-000156.color.png chess/seq-04/color/frame-000157.color.png 0.998025 -0.059848 -0.0190826 0.0287783 0.0607268 0.996931 0.0493923 -0.122325 0.0160679 -0.0504535 0.998597 -0.0212966 0.0 0.0 0.0 1.0
chess/seq-04/color/frame-000157.color.png chess/seq-04/color/frame-000158.color.png 0.999633 -0.0258254 -0.00821488 0.0194495 0.0259911 0.999447 0.0207461 -0.0576534 0.00767458 -0.020952 0.999751 -0.00785232 0.0 0.0 0.0 1.0
chess/seq-04/color/frame-000158.color.png chess/seq-04/color/frame-000159.color.png 0.997934 -0.0640623 -0.00488129 0.00371647 0.0642225 0.996794 0.0477155 -0.124144 0.00180896 -0.0479304 0.998849 -0.0118445 0.0 0.0 0.0 1.0
chess/seq-04/color/frame-000159.color.png chess/seq-04/color/frame-000160.color.png 0.99958 -0.0287495 -0.0036561 0.00411618 0.0288192 0.99937 0.0207092 -0.0515606 0.00305849 -0.0208059 0.999779 -0.00741255 0.0 0.0 0.0 1.0
chess/seq-04/color/frame-000160.color.png chess/seq-04/color/frame-000161.color.png 0.99894 -0.0459994 -0.00157869 0.00523639 0.046025 0.998051 0.0421395 -0.102728 -0.000362979 -0.0421675 0.999111 -0.00606322 0.0 0.0 0.0 1.0
chess/seq-04/color/frame-000161.color.png chess/seq-04/color/frame-000162.color.png 0.998108 -0.0614126 0.00285223 -0.00547779 0.0612404 0.997248 0.0417747 -0.118434 -0.00540969 -0.041521 0.999123 0.00149393 0.0 0.0 0.0 1.0
chess/seq-04/color/frame-000162.color.png chess/seq-04/color/frame-000163.color.png 0.999374 -0.0349982 0.00513438 0.00775242 0.034865 0.999102 0.0240795 -0.074429 -0.00597272 -0.0238855 0.999697 0.009022 0.0 0.0 0.0 1.0
chess/seq-04/color/frame-000163.color.png chess/seq-04/color/frame-000164.color.png 0.999249 -0.0353402 0.0159194 -0.0133731 0.0349827 0.999141 0.0222009 -0.065194 -0.0166904 -0.0216273 0.999627 0.0164472 0.0 0.0 0.0 1.0
chess/seq-04/color/frame-000164.color.png chess/seq-04/color/frame-000165.color.png 0.999799 -0.0193156 0.00530175 -0.00297236 0.0192426 0.999724 0.0134958 -0.038555 -0.00556096 -0.0133911 0.999895 0.00700164 0.0 0.0 0.0 1.0
chess/seq-04/color/frame-000165.color.png chess/seq-04/color/frame-000166.color.png 0.999182 -0.0352502 0.0198395 -0.0212481 0.034807 0.999146 0.0222571 -0.0714961 -0.020607 -0.0215484 0.999555 0.0250474 0.0 0.0 0.0 1.0
chess/seq-04/color/frame-000166.color.png chess/seq-04/color/frame-000167.color.png 0.998626 -0.049025 0.0185314 -0.0168505 0.0486084 0.998569 0.0223019 -0.0765676 -0.0195983 -0.0213704 0.99958 0.026011 0.0 0.0 0.0 1.0
chess/seq-04/color/frame-000167.color.png chess/seq-04/color/frame-000168.color.png 0.998826 -0.0412168 0.0254595 -0.0325124 0.0406806 0.998947 0.0212332 -0.0755188 -0.0263078 -0.0201726 0.99945 0.0277904 0.0 0.0 0.0 1.0
chess/seq-04/color/frame-000168.color.png chess/seq-04/color/frame-000169.color.png 0.999699 -0.0212419 0.0123033 -0.0109423 0.0211372 0.99974 0.00857584 -0.0309556 -0.0124823 -0.00831317 0.999888 0.0152767 0.0 0.0 0.0 1.0
chess/seq-04/color/frame-000169.color.png chess/seq-04/color/frame-000170.color.png 0.999059 -0.0351269 0.025427 -0.0183351 0.0345327 0.999129 0.0234439 -0.0730355 -0.0262283 -0.0225438 0.999402 0.0292138 0.0 0.0 0.0 1.0
chess/seq-04/color/frame-000170.color.png chess/seq-04/color/frame-000171.color.png 0.999071 -0.0368419 0.0223458 -0.0303289 0.0364278 0.999162 0.0186625 -0.0670887 -0.0230146 -0.0178311 0.999576 0.0303743 0.0 0.0 0.0 1.0
chess/seq-04/color/frame-000171.color.png chess/seq-04/color/frame-000172.color.png 0.999447 -0.0188609 0.0273799 -0.0286375 0.0185302 0.999753 0.0122812 -0.0373424 -0.0276047 -0.0117671 0.99955 0.0280638 0.0 0.0 0.0 1.0
chess/seq-04/color/frame-000172.color.png chess/seq-04/color/frame-000173.color.png 0.999539 -0.0295685 0.00684649 0.00955498 0.0294899 0.999501 0.0113301 -0.034374 -0.00717814 -0.0111229 0.999912 0.0397093 0.0 0.0 0.0 1.0
chess/seq-04/color/frame-000173.color.png chess/seq-04/color/frame-000174.color.png 0.999613 -0.021856 0.0172342 -0.0156599 0.0216271 0.999677 0.0133496 -0.0452869 -0.0175203 -0.0129717 0.999762 0.0185238 0.0 0.0 0.0 1.0
chess/seq-04/color/frame-000174.color.png chess/seq-04/color/frame-000175.color.png 0.999836 -0.014464 0.0109218 -0.00835586 0.0142972 0.999782 0.0151941 -0.0378653 -0.0111392 -0.0150354 0.999825 0.0126073 0.0 0.0 0.0 1.0
chess/seq-04/color/frame-000175.color.png chess/seq-04/color/frame-000176.color.png 0.99999 -0.00433203 0.000759351 0.00430274 0.0043291 0.999982 0.00404107 -0.00770447 -0.000776941 -0.00403767 0.999992 0.00527143 0.0 0.0 0.0 1.0
chess/seq-04/color/frame-000176.color.png chess/seq-04/color/frame-000177.color.png 0.999942 -0.00603336 0.00890771 -0.0088799 0.00591764 0.999898 0.0129577 -0.0234248 -0.00898479 -0.0129042 0.999876 0.00496936 0.0 0.0 0.0 1.0
