chess/seq-05/color/frame-000000.color.png chess/seq-05/color/frame-000001.color.png 1.0 0.000646219 -0.000258477 -0.00041852 -0.000646445 0.999999 -0.000875603 0.00074163 0.00025791 0.00087577 1.0 -0.00268922 0.0 0.0 0.0 1.0
chess/seq-05/color/frame-000001.color.png chess/seq-05/color/frame-000002.color.png 1.0 0.000378918 0.000136574 -0.00100374 -0.000379031 1.0 0.000831789 -0.000330637 -0.000136259 -0.00083184 1.0 -0.000493539 0.0 0.0 0.0 1.0
chess/seq-05/color/frame-000002.color.png chess/seq-05/color/frame-000003.color.png 0.999999 0.000525257 0.00109501 -0.00140556 -0.000523614 0.999999 -0.00150029 0.00163097 -0.0010958 0.00149972 0.999998 0.000644747 0.0 0.0 0.0 1.0
chess/seq-05/color/frame-000003.color.png chess/seq-05/color/frame-000004.color.png 0.999997 -0.0010346 -0.00202275 -0.000612521 0.00103749 0.999998 0.00142519 0.000815935 0.00202127 -0.00142728 0.999997 0.000251593 0.0 0.0 0.0 1.0
chess/seq-05/color/frame-000004.color.png chess/seq-05/color/frame-000005.color.png 0.999997 0.00238958 -0.000308338 -0.00139504 -0.00238935 0.999997 0.000760818 -0.000553909 0.000310155 -0.000760079 1.0 -0.000660316 0.0 0.0 0.0 1.0
chess/seq-05/color/frame-000005.color.png chess/seq-05/color/frame-000006.color.png 0.999998 -0.00045898 -0.00185147 -0.00234622 0.000461996 0.999999 0.00162903 0.000991723 0.00185072 -0.00162989 0.999997 0.000417525 0.0 0.0 0.0 1.0
chess/seq-05/color/frame-000006.color.png chess/seq-05/color/frame-000007.color.png 0.999996 0.000772701 -0.00279283 -0.00105077 -0.000768571 0.999999 0.00147996 -0.000760133 0.00279397 -0.0014778 0.999995 -0.000466872 0.0 0.0 0.0 1.0
chess/seq-05/color/frame-000007.color.png chess/seq-05/color/frame-000008.color.png 0.999998 -0.00192076 -0.000500943 -0.00238144 0.00192092 0.999998 0.000327495 0.00121358 0.000500312 -0.000328457 1.0 0.000738437 0.0 0.0 0.0 1.0
chess/seq-05/color/frame-000008.color.png chess/seq-05/color/frame-000009.color.png 0.99994 -0.00826194 -0.00723743 -0.00618588 0.00826747 0.999966 0.000733312 0.00117875 0.00723113 -0.000793103 0.999974 0.00217113 0.0 0.0 0.0 1.0
chess/seq-05/color/frame-000009.color.png chess/seq-05/color/frame-000010.color.png 0.999894 -0.0119339 -0.00834134 -0.00799488 0.0119048 0.999923 -0.00353054 0.000669517 0.00838283 0.00343087 0.999959 0.0036525 0.0 0.0 0.0 1.0
chess/seq-05/color/frame-000010.color.png chess/seq-05/color/frame-000011.color.png 0.999894 -0.0114532 -0.00900425 -0.00552996 0.0113913 0.999911 -0.00689819 0.000673993 0.00908245 0.00679488 0.999936 -0.00134604 0.0 0.0 0.0 1.0
chess/seq-05/color/frame-000011.color.png chess/seq-05/color/frame-000012.color.png 0.999854 -0.0135357 -0.010385 -0.0073218 0.0134445 0.999871 -0.00880525 0.000445297 0.0105028 0.00866434 0.999907 0.0030584 0.0 0.0 0.0 1.0
chess/seq-05/color/frame-000012.color.png chess/seq-05/color/frame-000013.color.png 0.999778 -0.0147124 -0.0150915 -0.0100782 0.0146585 0.999886 -0.00367804 0.00369497 0.0151439 0.003456 0.999879 0.00393981 0.0 0.0 0.0 1.0
chess/seq-05/color/frame-000013.color.png chess/seq-05/color/frame-000014.color.png 0.999964 -0.00494468 -0.00688573 -0.00122409 0.00494143 0.999988 -0.000487442 -0.00170364 0.00688805 0.000453402 0.999976 -0.000619723 0.0 0.0 0.0 1.0
chess/seq-05/color/frame-000014.color.png chess/seq-05/color/frame-000015.color.png 0.999978 -0.00650412 -0.000961303 -0.0110858 0.0065044 0.999979 0.000278245 -0.00740699 0.000959473 -0.0002845 1.0 0.00339153 0.0 0.0 0.0 1.0
chess/seq-05/color/frame-000015.color.png chess/seq-05/color/frame-000016.color.png 0.999879 -0.0142281 -0.00622944 -0.0070904 0.0141871 0.999878 -0.00657598 0.00223812 0.00632225 0.00648682 0.999959 0.00122538 0.0 0.0 0.0 1.0
chess/seq-05/color/frame-000016.color.png chess/seq-05/color/frame-000017.color.png 0.999825 -0.0180133 -0.00502268 -0.00368866 0.0180434 0.999819 0.00600721 -0.000144543 0.00491358 -0.00609679 0.999969 0.00100146 0.0 0.0 0.0 1.0
chess/seq-05/color/frame-000017.color.png chess/seq-05/color/frame-000018.color.png 0.999705 -0.0242771 -0.000952595 -0.0131636 0.0242845 0.999667 0.00869819 -0.000595612 0.000741096 -0.00871876 0.999962 0.0100618 0.0 0.0 0.0 1.0
chess/seq-05/color/frame-000018.color.png chess/seq-05/color/frame-000019.color.png 0.999555 -0.0296419 -0.00321933 -0.0142327 0.0296538 0.999553 0.00373322 0.00115124 0.00310723 -0.00382703 0.999988 0.00746107 0.0 0.0 0.0 1.0
chess/seq-05/color/frame-000019.color.png chess/seq-05/color/frame-000020.color.png 0.999553 -0.0280724 -0.0102725 -0.0142532 0.0280866 0.999605 0.0012407 -0.00242708 0.0102336 -0.00152867 0.999946 0.00769276 0.0 0.0 0.0 1.0
chess/seq-05/color/frame-000020.color.png chess/seq-05/color/frame-000021.color.png 0.999949 -0.00879601 -0.00493295 -0.00536141 0.00879996 0.999961 0.000776613 -0.00141438 0.00492592 -0.000819979 0.999988 0.000475612 0.0 0.0 0.0 1.0
chess/seq-05/color/frame-000021.color.png chess/seq-05/color/frame-000022.color.png 0.99986 -0.016174 -0.00418658 -0.00926484 0.0161589 0.999863 -0.00360469 -0.00167279 0.00424432 0.00353653 0.999985 0.00171823 0.0 0.0 0.0 1.0
chess/seq-05/color/frame-000022.color.png chess/seq-05/color/frame-000023.color.png 0.999852 -0.0152786 -0.00795328 -0.0080923 0.0152678 0.999882 -0.00142041 -0.0027449 0.00797403 0.00129877 0.999967 0.0026179 0.0 0.0 0.0 1.0
chess/seq-05/color/frame-000023.color.png chess/seq-05/color/frame-000024.color.png 0.999898 -0.014263 0.000349079 -0.0133147 0.0142635 0.999897 -0.00128935 -0.00493288 -0.000330637 0.0012942 0.999999 0.00296289 0.0 0.0 0.0 1.0
chess/seq-05/color/frame-000024.color.png chess/seq-05/color/frame-000025.color.png 0.999915 -0.01305 -0.000312167 -0.00992276 0.0130485 0.999906 -0.00426087 -0.00404841 0.000367733 0.00425643 0.999991 0.00173258 0.0 0.0 0.0 1.0
chess/seq-05/color/frame-000025.color.png chess/seq-05/color/frame-000026.color.png 0.999721 -0.0236318 -0.000652067 -0.00965171 0.023631 0.99972 -0.00129496 -0.00311038 0.000682494 0.00127919 0.999999 0.00226529 0.0 0.0 0.0 1.0
chess/seq-05/color/frame-000026.color.png chess/seq-05/color/frame-000027.color.png 0.999796 -0.0200106 0.00289114 -0.0127825 0.0200138 0.999799 -0.00108076 -0.00521784 -0.00286893 0.0011384 0.999995 0.00227603 0.0 0.0 0.0 1.0
chess/seq-05/color/frame-000027.color.png chess/seq-05/color/frame-000028.color.png 0.999799 -0.0166305 -0.0112366 -0.00925398 0.0166237 0.999862 -0.000695208 -0.00617426 0.0112466 0.000508278 0.999937 0.00905363 0.0 0.0 0.0 1.0
chess/seq-05/color/frame-000028.color.png chess/seq-05/color/frame-000029.color.png 0.999968 -0.00714624 0.0034806 -0.00578278 0.00715628 0.99997 -0.00286026 -0.000586353 -0.00346006 0.00288506 0.99999 0.00427419 0.0 0.0 0.0 1.0
chess/seq-05/color/frame-000029.color.png chess/seq-05/color/frame-000030.color.png 0.999712 -0.0228597 0.00734654 -0.00932272 0.0228929 0.999728 -0.00447582 -0.0048536 -0.00724222 0.00464272 0.999963 -0.00244255 0.0 0.0 0.0 1.0
chess/seq-05/color/frame-000030.color.png chess/seq-05/color/frame-000031.color.png 0.999808 -0.0186418 -0.00601158 -0.0135085 0.0185594 0.999737 -0.0135032 -0.00503899 0.00626172 0.0133891 0.999891 0.00595906 0.0 0.0 0.0 1.0
chess/seq-05/color/frame-000031.color.png chess/seq-05/color/frame-000032.color.png 0.999856 -0.0164219 0.0041635 -0.00890253 0.0164609 0.999819 -0.00951422 -0.00474827 -0.0040065 0.0095814 0.999946 -0.000415321 0.0 0.0 0.0 1.0
chess/seq-05/color/frame-000032.color.png chess/seq-05/color/frame-000033.color.png 0.999918 -0.0114384 0.00584523 -0.0113566 0.0114503 0.999932 -0.00198438 -0.0102293 -0.00582214 0.00205115 0.999981 0.00259789 0.0 0.0 0.0 1.0
chess/seq-05/color/frame-000033.color.png chess/seq-05/color/frame-000034.color.png 0.999943 -0.0090637 0.00560622 -0.0100166 0.00908043 0.999954 -0.00297813 -0.00709867 -0.005579 0.00302887 0.99998 -0.000529431 0.0 0.0 0.0 1.0
chess/seq-05/color/frame-000034.color.png chess/seq-05/color/frame-000035.color.png 0.99998 -0.00618594 -0.00160423 -0.00428472 0.00619022 0.999977 0.00264803 -0.00541253 0.00158782 -0.00265792 0.999995 0.0031921 0.0 0.0 0.0 1.0
chess/seq-05/color/frame-000035.color.png chess/seq-05/color/frame-000036.color.png 0.999979 -0.00318505 0.0057334 -0.004234 0.00323659 0.999954 -0.00899668 -0.00614916 -0.00570449 0.00901505 0.999943 0.00707081 0.0 0.0 0.0 1.0
chess/seq-05/color/frame-000036.color.png chess/seq-05/color/frame-000037.color.png 0.999979 0.00175921 0.00629797 -0.00774652 -0.00175237 0.999998 -0.00109696 -0.0158124 -0.00629988 0.0010859 0.99998 -0.0016869 0.0 0.0 0.0 1.0
chess/seq-05/color/frame-000037.color.png chess/seq-05/color/frame-000038.color.png 0.999955 0.00943606 0.000164906 -0.002599 -0.00943469 0.999931 -0.0070553 -0.0128212 -0.000231469 0.00705343 0.999975 0.00315934 0.0 0.0 0.0 1.0
chess/seq-05/color/frame-000038.color.png chess/seq-05/color/frame-000039.color.png 0.99997 0.00665364 -0.00394705 -7.99596e-05 -0.00670725 0.999883 -0.0137373 -0.0153753 0.00385519 0.0137634 0.999898 0.00295775 0.0 0.0 0.0 1.0
chess/seq-05/color/frame-000039.color.png chess/seq-05/color/frame-000040.color.png 0.999732 0.0146984 0.0178696 -0.00286478 -0.0141635 0.999459 -0.029699 -0.00708182 -0.0182965 0.0294379 0.999399 0.0053268 0.0 0.0 0.0 1.0
chess/seq-05/color/frame-000040.color.png chess/seq-05/color/frame-000041.color.png 0.999928 0.0114554 0.003563 -0.000835896 -0.0114349 0.999918 -0.00571709 -0.0169562 -0.00362821 0.0056759 0.999977 -0.0147796 0.0 0.0 0.0 1.0
chess/seq-05/color/frame-000041.color.png chess/seq-05/color/frame-000042.color.png 0.999684 0.0240656 -0.00721655 0.00167072 -0.0240957 0.999701 -0.00411789 -0.0154475 0.00711531 0.00429049 0.999965 0.0154495 0.0 0.0 0.0 1.0
chess/seq-05/color/frame-000042.color.png chess/seq-05/color/frame-000043.color.png 0.999922 0.0113594 0.00515298 0.00545216 -0.0113583 0.999936 -0.000254061 -0.0186165 -0.00515557 0.000195518 0.999987 0.00439114 0.0 0.0 0.0 1.0
chess/seq-05/color/frame-000043.color.png chess/seq-05/color/frame-000044.color.png 0.999844 0.0176018 -0.00153118 0.00182843 -0.0176108 0.999826 -0.0061141 -0.0150688 0.00142332 0.0061401 0.99998 0.00271674 0.0 0.0 0.0 1.0
chess/seq-05/color/frame-000044.color.png chess/seq-05/color/frame-000045.color.png 0.99974 0.0222078 -0.00511688 0.00933275 -0.0222036 0.999753 0.000894267 -0.0214467 0.00513546 -0.000780443 0.999986 0.00671404 0.0 0.0 0.0 1.0
chess/seq-05/color/frame-000045.color.png chess/seq-05/color/frame-000046.color.png 0.999704 0.0241888 0.00251211 0.00917554 -0.0241742 0.999692 -0.00569874 -0.0179229 -0.00264918 0.00563637 0.999981 0.00473169 0.0 0.0 0.0 1.0
chess/seq-05/color/frame-000046.color.png chess/seq-05/color/frame-000047.color.png 0.999809 0.0188147 -0.00535977 0.00524953 -0.0188335 0.999817 -0.0034796 -0.0214699 0.00529334 0.0035799 0.999979 -0.00514002 0.0 0.0 0.0 1.0
chess/seq-05/color/frame-000047.color.png chess/seq-05/color/frame-000048.color.png 0.999548 0.0152947 -0.0258936 0.0174171 -0.0158227 0.999668 -0.0203121 -0.00854233 0.0255743 0.0207126 0.999458 0.0228992 0.0 0.0 0.0 1.0
chess/seq-05/color/frame-000048.color.png chess/seq-05/color/frame-000049.color.png 0.999743 0.0215684 0.00703919 0.0148592 -0.0214884 0.999706 -0.0112409 -0.0138189 -0.00727957 0.0110867 0.999912 0.0122067 0.0 0.0 0.0 1.0
chess/seq-05/color/frame-000049.color.png chess/seq-05/color/frame-000050.color.png 0.999792 0.0192633 0.00665732 0.0125352 -0.0191902 0.999757 -0.0108873 -0.0122246 -0.00686541 0.0107573 0.999919 0.0021499 0.0 0.0 0.0 1.0
chess/seq-05/color/frame-000050.color.png chess/seq-05/color/frame-000051.color.png 0.999849 0.0150588 0.00867382 0.0123871 -0.0150669 0.999886 0.000872293 -0.0153723 -0.00865972 -0.00100286 0.999962 0.00374999 0.0 0.0 0.0 1.0
chess/seq-05/color/frame-000051.color.png chess/seq-05/color/frame-000052.color.png 0.999803 0.0195669 0.00332147 0.0133851 -0.0195811 0.999799 0.00431944 -0.0179592 -0.00323627 -0.00438361 0.999985 -0.000352301 0.0 0.0 0.0 1.0
chess/seq-05/color/frame-000052.color.png chess/seq-05/color/frame-000053.color.png 0.999866 0.0160914 0.00306741 0.0182384 -0.0161084 0.999855 0.0056035 -0.0131241 -0.0029768 -0.00565213 0.99998 0.00653269 0.0 0.0 0.0 1.0
chess/seq-05/color/frame-000053.color.png chess/seq-05/color/frame-000054.color.png 0.999901 0.012219 0.0070039 0.0137538 -0.0122418 0.99992 0.00322606 -0.0106697 -0.00696395 -0.00331151 0.99997 0.00162944 0.0 0.0 0.0 1.0
chess/seq-05/color/frame-000054.color.png chess/seq-05/color/frame-000055.color.png 0.999908 0.0114205 0.0073444 0.0138454 -0.0115321 0.999816 0.0153346 -0.0217116 -0.0071679 -0.0154179 0.999855 -0.00738835 0.0 0.0 0.0 1.0
chess/seq-05/color/frame-000055.color.png chess/seq-05/color/frame-000056.color.png 0.999932 0.0116045 -0.000789561 0.0178454 -0.0115968 0.999891 0.00907794 -0.00980389 0.000894818 -0.0090682 0.999958 -0.000455245 0.0 0.0 0.0 1.0
chess/seq-05/color/frame-000056.color.png chess/seq-05/color/frame-000057.color.png 0.99987 0.0149692 0.00602796 0.0196262 -0.0150314 0.999833 0.0103981 -0.00713223 -0.00587128 -0.0104873 0.999928 0.00635803 0.0 0.0 0.0 1.0
chess/seq-05/color/frame-000057.color.png chess/seq-05/color/frame-000058.color.png 0.999823 0.0159842 0.00989907 0.0134665 -0.0161193 0.999776 0.0137242 -0.0198717 -0.00967748 -0.0138814 0.999857 0.00302665 0.0 0.0 0.0 1.0
chess/seq-05/color/frame-000058.color.png chess/seq-05/color/frame-000059.color.png 0.999973 0.00730668 0.000242346 0.0100344 -0.00730716 0.999971 0.00198638 -0.00529391 -0.000227832 -0.00198811 0.999998 -0.00187393 0.0 0.0 0.0 1.0
chess/seq-05/color/frame-000059.color.png chess/seq-05/color/frame-000060.color.png 0.999875 0.0157131 0.00171628 0.0192236 -0.0157263 0.999845 0.00793263 -0.0125797 -0.00159139 -0.00795862 0.999967 0.00051336 0.0 0.0 0.0 1.0
chess/seq-05/color/frame-000060.color.png chess/seq-05/color/frame-000061.color.png 0.999823 0.0183948 0.00390937 0.0221847 -0.0184108 0.999822 0.00411819 -0.0114079 -0.00383293 -0.00418945 0.999984 0.00390361 0.0 0.0 0.0 1.0
chess/seq-05/color/frame-000061.color.png chess/seq-05/color/frame-000062.color.png 0.999887 0.0142741 0.00465956 0.0185793 -0.0143089 0.999869 0.00752841 -0.0090487 -0.00455146 -0.00759425 0.999961 0.00479485 0.0 0.0 0.0 1.0
chess/seq-05/color/frame-000062.color.png chess/seq-05/color/frame-000063.color.png 0.999764 0.0217073 0.000388341 0.0216783 -0.0217096 0.999736 0.00748427 -0.0109601 -0.000225765 -0.00749093 0.999972 0.00431022 0.0 0.0 0.0 1.0
chess/seq-05/color/frame-000063.color.png chess/seq-05/color/frame-000064.color.png 0.999804 0.0183432 0.00740057 0.0212845 -0.0184144 0.999784 0.00967239 -0.0110281 -0.00722155 -0.00980677 0.999926 0.00164583 0.0 0.0 0.0 1.0
chess/seq-05/color/frame-000064.color.png chess/seq-05/color/frame-000065.color.png 0.999846 0.015652 0.00789574 0.0166139 -0.0156847 0.999869 0.00410216 -0.0086906 -0.00783051 -0.00422537 0.99996 0.00200421 0.0 0.0 0.0 1.0
chess/seq-05/color/frame-000065.color.png chess/seq-05/color/frame-000066.color.png 0.999931 0.0115036 0.00260423 0.00919615 -0.01153 0.99988 0.0103503 -0.0105436 -0.00248484 -0.0103796 0.999943 0.00539508 0.0 0.0 0.0 1.0
chess/seq-05/color/frame-000066.color.png chess/seq-05/color/frame-000067.color.png 0.999969 0.00727029 -0.00318451 0.00766382 -0.00725467 0.999962 0.00489113 -0.00489011 0.00321996 -0.00486785 0.999983 0.00237656 0.0 0.0 0.0 1.0
chess/seq-05/color/frame-000067.color.png chess/seq-05/color/frame-000068.color.png 0.999917 0.0128213 -0.00106584 0.0178902 -0.0128111 0.999876 0.00913008 -0.0100611 0.00118275 -0.00911566 0.999958 0.0019636 0.0 0.0 0.0 1.0
chess/seq-05/color/frame-000068.color.png chess/seq-05/color/frame-000069.color.png 0.999924 0.0123037 0.00112936 0.0122564 -0.0123087 0.999914 0.00454019 -0.0112107 -0.0010734 -0.00455375 0.999989 0.00583865 0.0 0.0 0.0 1.0
chess/seq-05/color/frame-000069.color.png chess/seq-05/color/frame-000070.color.png 0.999989 0.00469184 0.000730781 0.00402677 -0.00469321 0.999987 0.00192201 -0.00446525 -0.00072177 -0.00192543 0.999998 0.00758442 0.0 0.0 0.0 1.0
chess/seq-05/color/frame-000070.color.png chess/seq-05/color/frame-000071.color.png 0.999917 0.0128364 0.000594078 0.0158984 -0.0128381 0.999913 0.00294408 -0.00848541 -0.000556221 -0.00295144 0.999995 0.00288954 0.0 0.0 0.0 1.0
chess/seq-05/color/frame-000071.color.png chess/seq-05/color/frame-000072.color.png 0.999939 0.00878505 0.00673332 0.00336619 -0.00878371 0.999961 -0.000227615 -0.00494301 -0.00673506 0.000168446 0.999977 0.00779401 0.0 0.0 0.0 1.0
chess/seq-05/color/frame-000072.color.png chess/seq-05/color/frame-000073.color.png 0.999979 0.00180332 0.00627101 0.000589184 -0.00186701 0.999947 0.0101667 -0.0057869 -0.00625235 -0.0101782 0.999929 0.00100747 0.0 0.0 0.0 1.0
chess/seq-05/color/frame-000073.color.png chess/seq-05/color/frame-000074.color.png 0.999997 0.00217649 0.0009489 -0.000968212 -0.00217903 0.999994 0.00266618 -0.00202742 -0.000943098 -0.00266824 0.999996 0.00225979 0.0 0.0 0.0 1.0
chess/seq-05/color/frame-000074.color.png chess/seq-05/color/frame-000075.color.png 0.999999 0.000814078 -0.000689506 -0.000321759 -0.000805882 0.99993 0.0118377 -0.0104491 0.00069911 -0.0118371 0.99993 7.23302e-05 0.0 0.0 0.0 1.0
chess/seq-05/color/frame-000075.color.png chess/seq-05/color/frame-000076.color.png 0.999993 -0.00295127 -0.00226837 -0.00550361 0.00296569 0.999975 0.00636656 -0.00405332 0.00224953 -0.00637324 0.999977 0.00445342 0.0 0.0 0.0 1.0
chess/seq-05/color/frame-000076.color.png chess/seq-05/color/frame-000077.color.png 0.999978 -0.00456904 -0.00476458 -0.00347679 0.00461144 0.99995 0.00892823 -0.0072732 0.00472354 -0.00895 0.999949 0.000777215 0.0 0.0 0.0 1.0
chess/seq-05/color/frame-000077.color.png chess/seq-05/color/frame-000078.color.png 0.999987 -0.00344601 -0.00386103 -0.00787682 0.00350586 0.999872 0.0156083 -0.00761801 0.00380675 -0.0156216 0.999871 0.000134587 0.0 0.0 0.0 1.0
chess/seq-05/color/frame-000078.color.png chess/seq-05/color/frame-000079.color.png 0.999998 -0.000676343 -0.00206859 -0.00330647 0.000691774 0.999972 0.00746614 -0.00777271 0.00206347 -0.00746755 0.99997 0.00366965 0.0 0.0 0.0 1.0
chess/seq-05/color/frame-000079.color.png chess/seq-05/color/frame-000080.color.png 0.999918 -0.0122537 0.00385595 -0.014868 0.012222 0.999892 0.00816229 -0.00816348 -0.00395555 -0.00811449 0.999959 0.00179157 0.0 0.0 0.0 1.0
chess/seq-05/color/frame-000080.color.png chess/seq-05/color/frame-000081.color.png 0.999617 -0.0270273 -0.005989 -0.0261627 0.0270713 0.999606 0.00738527 -0.00172782 0.00578702 -0.00754457 0.999955 0.00946042 0.0 0.0 0.0 1.0
chess/seq-05/color/frame-000081.color.png chess/seq-05/color/frame-000082.color.png 0.999604 -0.013782 -0.0245108 -0.00696268 0.0139916 0.999867 0.00839836 -0.00719684 0.0243918 -0.00873799 0.999664 0.00351578 0.0 0.0 0.0 1.0
chess/seq-05/color/frame-000082.color.png chess/seq-05/color/frame-000083.color.png 0.999985 -0.00195564 -0.00503449 -0.00354308 0.00197251 0.999992 0.00334816 -0.00239539 0.00502788 -0.00335804 0.999982 0.00116065 0.0 0.0 0.0 1.0
chess/seq-05/color/frame-000083.color.png chess/seq-05/color/frame-000084.color.png 0.999925 -0.0117658 0.00331581 -0.0205792 0.0117346 0.999888 0.00927433 -0.00460017 -0.00342454 -0.00923471 0.999952 0.00449303 0.0 0.0 0.0 1.0
chess/seq-05/color/frame-000084.color.png chess/seq-05/color/frame-000085.color.png 0.999818 -0.0190262 -0.00142139 -0.0249807 0.0190416 0.999749 0.0117665 -0.00825876 0.00119716 -0.0117914 0.99993 0.00285795 0.0 0.0 0.0 1.0
chess/seq-05/color/frame-000085.color.png chess/seq-05/color/frame-000086.color.png 0.999793 -0.0185099 0.00841611 -0.0286784 0.0184256 0.99978 0.00999005 -0.00239182 -0.00859918 -0.00983291 0.999915 4.76241e-05 0.0 0.0 0.0 1.0
chess/seq-05/color/frame-000086.color.png chess/seq-05/color/frame-000087.color.png 0.999901 -0.0115277 0.00801491 -0.0177913 0.0114356 0.999869 0.0114451 -0.00790238 -0.00814577 -0.0113523 0.999902 -0.00537637 0.0 0.0 0.0 1.0
chess/seq-05/color/frame-000087.color.png chess/seq-05/color/frame-000088.color.png 0.999719 -0.0180848 0.0153261 -0.0333465 0.0179232 0.999783 0.0106201 -0.00651282 -0.0155149 -0.0103424 0.999826 0.000976324 0.0 0.0 0.0 1.0
chess/seq-05/color/frame-000088.color.png chess/seq-05/color/frame-000089.color.png 0.999928 -0.00961232 0.00719851 -0.0142223 0.00958407 0.999946 0.00394831 0.000964046 -0.00723606 -0.00387907 0.999966 0.000134498 0.0 0.0 0.0 1.0
chess/seq-05/color/frame-000089.color.png chess/seq-05/color/frame-000090.color.png 0.999389 -0.0203019 0.0284373 -0.0440871 0.0199467 0.99972 0.0127177 -0.0055666 -0.0286876 -0.0121427 0.999515 -0.00266507 0.0 0.0 0.0 1.0
chess/seq-05/color/frame-000090.color.png chess/seq-05/color/frame-000091.color.png 0.999717 -0.0164813 0.0171466 -0.0311221 0.0163587 0.99984 0.00726674 -0.0041247 -0.0172636 -0.0069842 0.999827 -0.00183392 0.0 0.0 0.0 1.0
chess/seq-05/color/frame-000091.color.png chess/seq-05/color/frame-000092.color.png 0.999941 -0.00526436 0.0095319 -0.0147573 0.00524142 0.999983 0.00242861 0.000449896 -0.00954453 -0.00237849 0.999952 0.00140062 0.0 0.0 0.0 1.0
chess/seq-05/color/frame-000092.color.png chess/seq-05/color/frame-000093.color.png 0.999598 -0.0152087 0.0239437 -0.0371937 0.0151551 0.999882 0.00241737 -0.00273234 -0.0239777 -0.00205357 0.99971 0.0011839 0.0 0.0 0.0 1.0
chess/seq-05/color/frame-000093.color.png chess/seq-05/color/frame-000094.color.png 0.999956 -0.00428856 0.00828547 -0.0123334 0.00429591 0.99999 -0.000869321 0.00204295 -0.00828166 0.000904862 0.999965 0.002132 0.0 0.0 0.0 1.0
chess/seq-05/color/frame-000094.color.png chess/seq-05/color/frame-000095.color.png 0.999765 -0.0151083 0.0155566 -0.0290844 0.0150898 0.999885 0.00130337 -0.00221288 -0.0155745 -0.00106829 0.999878 0.00337073 0.0 0.0 0.0 1.0
chess/seq-05/color/frame-000095.color.png chess/seq-05/color/frame-000096.color.png 0.999941 -0.00914022 0.00588673 -0.0149305 0.00915422 0.999955 -0.0023535 0.00183737 -0.00586495 0.00240725 0.99998 0.00402078 0.0 0.0 0.0 1.0
chess/seq-05/color/frame-000096.color.png chess/seq-05/color/frame-000097.color.png 0.999822 -0.00767891 0.0172018 -0.0258735 0.00772444 0.999967 -0.00258014 -0.00695378 -0.0171814 0.00271254 0.999849 0.00386125 0.0 0.0 0.0 1.0
chess/seq-05/color/frame-000097.color.png chess/seq-05/color/frame-000098.color.png 0.999586 -0.0200126 0.0206468 -0.036124 0.0202118 0.999751 -0.00948533 0.00649256 -0.0204518 0.00989872 0.999742 0.0081926 0.0 0.0 0.0 1.0
chess/seq-05/color/frame-000098.color.png chess/seq-05/color/frame-000099.color.png 0.99998 -0.00499194 0.00387958 -0.0112142 0.00502921 0.999941 -0.00964982 0.0046047 -0.00383119 0.00966912 0.999946 0.00818822 0.0 0.0 0.0 1.0
chess/seq-05/color/frame-000099.color.png chess/seq-05/color/frame-000100.color.png 0.999913 -0.00482284 0.0122847 -0.0223442 0.00490657 0.999965 -0.00679844 -0.00249064 -0.0122515 0.00685812 0.999901 0.00818291 0.0 0.0 0.0 1.0
chess/seq-05/color/frame-000100.color.png chess/seq-05/color/frame-000101.color.png 0.999969 -0.00671374 0.00419345 -0.0130624 0.00673797 0.999961 -0.00578493 0.00232238 -0.00415446 0.00581299 0.999974 0.00489041 0.0 0.0 0.0 1.0
chess/seq-05/color/frame-000101.color.png chess/seq-05/color/frame-000102.color.png 0.999999 -0.000913981 0.000437394 -0.0174199 0.00091854 0.999944 -0.0105771 -0.0015102 -0.000427707 0.0105775 0.999944 0.0177367 0.0 0.0 0.0 1.0
chess/seq-05/color/frame-000102.color.png chess/seq-05/color/frame-000103.color.png 0.999995 6.96115e-05 0.00316677 -0.0104447 -5.3162e-05 0.999986 -0.0051887 -0.00117004 -0.00316707 0.00518851 0.999982 0.0087375 0.0 0.0 0.0 1.0
chess/seq-05/color/frame-000103.color.png chess/seq-05/color/frame-000104.color.png 0.999958 0.00917285 0.000762373 -0.0163543 -0.00916366 0.999894 -0.011313 -0.003178 -0.00086608 0.0113055 0.999936 0.0180514 0.0 0.0 0.0 1.0
chess/seq-05/color/frame-000104.color.png chess/seq-05/color/frame-000105.color.png 0.999966 0.00418269 -0.007159 -0.00315708 -0.00419309 0.99999 -0.00144317 -0.00872034 0.0071529 0.00147315 0.999974 0.00646365 0.0 0.0 0.0 1.0
chess/seq-05/color/frame-000105.color.png chess/seq-05/color/frame-000106.color.png 0.999918 0.01225 -0.00379196 -0.00783959 -0.0122852 0.99988 -0.00941078 -0.0106592 0.00367622 0.00945659 0.999948 0.0241086 0.0 0.0 0.0 1.0
chess/seq-05/color/frame-000106.color.png chess/seq-05/color/frame-000107.color.png 0.999999 0.00162738 -0.000392146 -0.00702322 -0.00162945 0.999985 -0.00529939 -0.00388241 0.000383528 0.00530002 0.999986 0.00687432 0.0 0.0 0.0 1.0
chess/seq-05/color/frame-000107.color.png chess/seq-05/color/frame-000108.color.png 1.0 -0.00028054 -0.000453383 -0.0188943 0.000277036 0.99997 -0.00776191 -0.00600964 0.000455543 0.00776179 0.99997 0.0176315 0.0 0.0 0.0 1.0
chess/seq-05/color/frame-000108.color.png chess/seq-05/color/frame-000109.color.png 0.999972 -0.000407214 -0.00742423 -0.00949162 0.000353741 0.999974 -0.00720035 -0.00781012 0.00742697 0.00719752 0.999946 0.0175085 0.0 0.0 0.0 1.0
chess/seq-05/color/frame-000109.color.png chess/seq-05/color/frame-000110.color.png 0.999989 0.00104628 0.00449446 -0.00989863 -0.00101829 0.99998 -0.00622973 0.000109375 -0.0045009 0.00622508 0.999971 0.00719899 0.0 0.0 0.0 1.0
chess/seq-05/color/frame-000110.color.png chess/seq-05/color/frame-000111.color.png 0.99993 -0.0112755 0.00354576 -0.0226649 0.011282 0.999935 -0.00180715 -0.00581431 -0.00352515 0.00184703 0.999992 0.0115514 0.0 0.0 0.0 1.0
chess/seq-05/color/frame-000111.color.png chess/seq-05/color/frame-000112.color.png 0.999996 -0.00284912 0.000769773 -0.0076569 0.00285191 0.999989 -0.00366159 -8.10027e-05 -0.00075933 0.00366376 0.999993 0.00583041 0.0 0.0 0.0 1.0
chess/seq-05/color/frame-000112.color.png chess/seq-05/color/frame-000113.color.png 0.999985 0.000364546 0.00551895 -0.017949 -0.000356943 0.999999 -0.00137258 -0.0115857 -0.00551944 0.00137059 0.999984 0.0105017 0.0 0.0 0.0 1.0
chess/seq-05/color/frame-000113.color.png chess/seq-05/color/frame-000114.color.png 0.999991 -0.00375978 0.00181662 -0.0103179 0.00376492 0.999989 -0.00282382 -0.00269628 -0.00180601 0.00283063 0.999994 0.00688338 0.0 0.0 0.0 1.0
chess/seq-05/color/frame-000114.color.png chess/seq-05/color/frame-000115.color.png 0.999995 0.00261767 0.00201608 -0.0121835 -0.00259953 0.999956 -0.0089786 -0.00344342 -0.00203946 0.00897331 0.999958 0.0135012 0.0 0.0 0.0 1.0
chess/seq-05/color/frame-000115.color.png chess/seq-05/color/frame-000116.color.png 0.99996 0.000808537 0.00895036 -0.0170073 -0.00074517 0.999974 -0.00707509 -0.00576997 -0.00895589 0.00706814 0.999935 0.0070864 0.0 0.0 0.0 1.0
chess/seq-05/color/frame-000116.color.png chess/seq-05/color/frame-000117.color.png 0.999991 0.00196325 0.00387741 -0.00442749 -0.0019458 0.999988 -0.0045107 0.000212371 -0.00388621 0.00450312 0.999982 0.00345308 0.0 0.0 0.0 1.0
chess/seq-05/color/frame-000117.color.png chess/seq-05/color/frame-000118.color.png 0.999936 -0.00569438 0.00981371 -0.0212951 0.00575584 0.999964 -0.00624455 0.000527084 -0.00977779 0.00630063 0.999932 0.00540018 0.0 0.0 0.0 1.0
chess/seq-05/color/frame-000118.color.png chess/seq-05/color/frame-000119.color.png 0.99999 -0.00254391 0.00365864 -0.00712442 0.00255408 0.999993 -0.00277347 0.00160342 -0.00365157 0.00278278 0.999989 0.00287867 0.0 0.0 0.0 1.0
chess/seq-05/color/frame-000119.color.png chess/seq-05/color/frame-000120.color.png 0.999891 -0.00235611 0.0145654 -0.0193584 0.00231032 0.999992 0.0031575 -0.00726092 -0.0145727 -0.0031235 0.999889 -0.00493258 0.0 0.0 0.0 1.0
chess/seq-05/color/frame-000120.color.png chess/seq-05/color/frame-000121.color.png 0.999783 -0.00695934 0.0196449 -0.0250116 0.00689894 0.999971 0.00314092 -0.0123018 -0.0196662 -0.00300471 0.999802 -0.00813198 0.0 0.0 0.0 1.0
chess/seq-05/color/frame-000121.color.png chess/seq-05/color/frame-000122.color.png 0.999949 -0.0014224 0.00997335 -0.0123322 0.00149068 0.999975 -0.00683649 0.0035761 -0.00996334 0.006851 0.999927 0.00263619 0.0 0.0 0.0 1.0
chess/seq-05/color/frame-000122.color.png chess/seq-05/color/frame-000123.color.png 0.999817 -0.0114298 0.0153544 -0.0341135 0.0115913 0.999878 -0.0104725 0.00921261 -0.0152329 0.0106486 0.999827 0.005454 0.0 0.0 0.0 1.0
chess/seq-05/color/frame-000123.color.png chess/seq-05/color/frame-000124.color.png 0.999986 -8.15607e-05 0.00535003 -0.0146517 0.000101613 0.999993 -0.00375219 0.0026921 -0.00534968 0.00375268 0.999979 0.00457549 0.0 0.0 0.0 1.0
chess/seq-05/color/frame-000124.color.png chess/seq-05/color/frame-000125.color.png 0.999995 -0.00302928 0.000927579 -0.00634962 0.0030285 0.999995 0.000900873 -0.0043503 -0.00093029 -0.000898054 0.999999 0.0025413 0.0 0.0 0.0 1.0
chess/seq-05/color/frame-000125.color.png chess/seq-05/color/frame-000126.color.png 0.99994 -0.00283127 0.0106109 -0.0168755 0.00283856 0.999996 -0.000672069 -0.00523049 -0.010609 0.000702149 0.999943 -0.00215596 0.0 0.0 0.0 1.0
chess/seq-05/color/frame-000126.color.png chess/seq-05/color/frame-000127.color.png 0.999881 -0.0115604 0.0102537 -0.0265154 0.0115669 0.999933 -0.000570398 -0.00199676 -0.0102465 0.000688935 0.999947 0.00127536 0.0 0.0 0.0 1.0
chess/seq-05/color/frame-000127.color.png chess/seq-05/color/frame-000128.color.png 0.999962 -0.00798988 0.00355424 -0.0125127 0.00801132 0.99995 -0.0060517 0.00737351 -0.00350565 0.00607994 0.999976 0.00544673 0.0 0.0 0.0 1.0
chess/seq-05/color/frame-000128.color.png chess/seq-05/color/frame-000129.color.png 0.999897 -0.00654025 0.0127678 -0.0224807 0.00657166 0.999976 -0.0024208 -0.00152564 -0.0127517 0.00250445 0.999915 0.000884891 0.0 0.0 0.0 1.0
chess/seq-05/color/frame-000129.color.png chess/seq-05/color/frame-000130.color.png 0.999978 -0.00521011 0.00409811 -0.0123941 0.00522755 0.999977 -0.00425379 0.00428754 -0.00407586 0.00427513 0.999983 0.00358862 0.0 0.0 0.0 1.0
chess/seq-05/color/frame-000130.color.png chess/seq-05/color/frame-000131.color.png 0.99987 -0.0141832 0.0076885 -0.0279176 0.0141886 0.999899 -0.000645703 0.00386572 -0.00767851 0.000754698 0.99997 0.00347453 0.0 0.0 0.0 1.0
chess/seq-05/color/frame-000131.color.png chess/seq-05/color/frame-000132.color.png 0.999847 -0.012667 0.0120373 -0.0287352 0.0126681 0.99992 -2.14076e-05 -0.00200975 -0.0120361 0.000173898 0.999927 -0.000515044 0.0 0.0 0.0 1.0
chess/seq-05/color/frame-000132.color.png chess/seq-05/color/frame-000133.color.png 0.999849 -0.0148216 0.00908338 -0.0235578 0.0148374 0.999888 -0.0016682 0.00552571 -0.00905763 0.00180272 0.999957 -0.00103933 0.0 0.0 0.0 1.0
chess/seq-05/color/frame-000133.color.png chess/seq-05/color/frame-000134.color.png 0.999834 -0.0138602 0.0118366 -0.030252 0.0139105 0.999894 -0.00417322 0.0049665 -0.0117774 0.00433718 0.999921 0.00520784 0.0 0.0 0.0 1.0
chess/seq-05/color/frame-000134.color.png chess/seq-05/color/frame-000135.color.png 0.999855 -0.0147122 0.00852578 -0.0295654 0.0146823 0.999886 0.00355633 -0.00455135 -0.0085771 -0.00343066 0.999957 0.000254691 0.0 0.0 0.0 1.0
chess/seq-05/color/frame-000135.color.png chess/seq-05/color/frame-000136.color.png 0.999976 -0.0024824 0.00651088 -0.0101961 0.00249363 0.999995 -0.00171941 0.000353336 -0.00650661 0.00173562 0.999977 0.000999451 0.0 0.0 0.0 1.0
chess/seq-05/color/frame-000136.color.png chess/seq-05/color/frame-000137.color.png 0.999656 -0.00919847 0.0245525 -0.036931 0.00917216 0.999957 0.00118345 -0.00454611 -0.0245623 -0.000957841 0.999698 -0.0107383 0.0 0.0 0.0 1.0
chess/seq-05/color/frame-000137.color.png chess/seq-05/color/frame-000138.color.png 0.999735 -0.0149547 0.0175222 -0.0348226 0.0149785 0.999887 -0.00123077 0.00304961 -0.0175017 0.00149289 0.999846 -0.00142759 0.0 0.0 0.0 1.0
chess/seq-05/color/frame-000138.color.png chess/seq-05/color/frame-000139.color.png 0.999874 -0.0107264 0.0116947 -0.0205877 0.0107509 0.99994 -0.00203464 0.00283492 -0.0116722 0.00216012 0.999929 -0.00263262 0.0 0.0 0.0 1.0
chess/seq-05/color/frame-000139.color.png chess/seq-05/color/frame-000140.color.png 0.999391 -0.0225166 0.0266694 -0.0511072 0.0226156 0.999738 -0.0034208 0.0127023 -0.0265855 0.00402187 0.999638 -0.00856602 0.0 0.0 0.0 1.0
chess/seq-05/color/frame-000140.color.png chess/seq-05/color/frame-000141.color.png 0.99991 -0.0100238 0.00887585 -0.0190095 0.0100361 0.999949 -0.00134573 0.00729084 -0.00886181 0.00143471 0.99996 0.000718594 0.0 0.0 0.0 1.0
chess/seq-05/color/frame-000141.color.png chess/seq-05/color/frame-000142.color.png 0.999913 -0.00824517 0.0103433 -0.0250002 0.00812303 0.999897 0.0117999 -0.0116481 -0.0104396 -0.0117149 0.999877 -0.00686288 0.0 0.0 0.0 1.0
chess/seq-05/color/frame-000142.color.png chess/seq-05/color/frame-000143.color.png 0.999985 -0.00126174 0.00541918 -0.0083077 0.001242 0.999993 0.00363896 -0.00689709 -0.00542364 -0.00363216 0.999979 -0.000965297 0.0 0.0 0.0 1.0
chess/seq-05/color/frame-000143.color.png chess/seq-05/color/frame-000144.color.png 0.999764 -0.00696003 0.0205925 -0.0309429 0.00697835 0.999975 -0.000813005 -0.00213569 -0.0205864 0.000956517 0.999788 -0.00615889 0.0 0.0 0.0 1.0
chess/seq-05/color/frame-000144.color.png chess/seq-05/color/frame-000145.color.png 0.99989 -0.00905675 0.0117374 -0.0231414 0.00911256 0.999947 -0.0047169 0.0117174 -0.0116941 0.00482334 0.99992 0.000488341 0.0 0.0 0.0 1.0
chess/seq-05/color/frame-000145.color.png chess/seq-05/color/frame-000146.color.png 0.99972 -0.020178 0.0123936 -0.036171 0.0201759 0.999797 0.00029532 0.00845665 -0.0123971 -4.51985e-05 0.999923 0.00146002 0.0 0.0 0.0 1.0
chess/seq-05/color/frame-000146.color.png chess/seq-05/color/frame-000147.color.png 0.999918 -0.0114667 0.00564923 -0.0171406 0.0114584 0.999933 0.00148955 0.000447333 -0.00566605 -0.00142472 0.999983 -0.00063765 0.0 0.0 0.0 1.0
chess/seq-05/color/frame-000147.color.png chess/seq-05/color/frame-000148.color.png 0.999512 -0.0232324 0.0208688 -0.0404345 0.0233365 0.999716 -0.00475978 0.0164528 -0.0207522 0.00524452 0.999771 -0.00496352 0.0 0.0 0.0 1.0
chess/seq-05/color/frame-000148.color.png chess/seq-05/color/frame-000149.color.png 0.999901 -0.0101085 0.00974636 -0.0206069 0.0101058 0.999949 0.000320487 0.00239187 -0.00974917 -0.000221974 0.999952 -0.0033558 0.0 0.0 0.0 1.0
chess/seq-05/color/frame-000149.color.png chess/seq-05/color/frame-000150.color.png 0.999844 -0.0119413 0.0129793 -0.0245433 0.0119522 0.999928 -0.000763291 0.00877225 -0.0129693 0.000918281 0.999915 -0.000376999 0.0 0.0 0.0 1.0
chess/seq-05/color/frame-000150.color.png chess/seq-05/color/frame-000151.color.png 0.999914 -0.00956378 0.00892649 -0.0164289 0.00956771 0.999954 -0.000390172 0.00431615 -0.00892232 0.000475548 0.99996 -0.000847399 0.0 0.0 0.0 1.0
chess/seq-05/color/frame-000151.color.png chess/seq-05/color/frame-000152.color.png 0.999345 -0.0267492 0.0243628 -0.0460975 0.0269442 0.999607 -0.00771344 0.0229826 -0.0241468 0.00836484 0.999673 -0.00339848 0.0 0.0 0.0 1.0
chess/seq-05/color/frame-000152.color.png chess/seq-05/color/frame-000153.color.png 0.999815 -0.0142553 0.0129149 -0.0298151 0.0142735 0.999897 -0.00131418 0.00944436 -0.0128948 0.00149826 0.999916 -0.00337178 0.0 0.0 0.0 1.0
chess/seq-05/color/frame-000153.color.png chess/seq-05/color/frame-000154.color.png 0.999729 -0.0219696 0.00775778 -0.0228711 0.021948 0.999755 0.0028502 0.0104809 -0.00781855 -0.00267914 0.999966 -0.00529265 0.0 0.0 0.0 1.0
chess/seq-05/color/frame-000154.color.png chess/seq-05/color/frame-000155.color.png 0.999842 -0.014328 0.0105386 -0.0204371 0.0143173 0.999897 0.00108785 0.0049895 -0.0105532 -0.00093677 0.999944 -0.00193793 0.0 0.0 0.0 1.0
chess/seq-05/color/frame-000155.color.png chess/seq-05/color/frame-000156.color.png 0.99962 -0.0206115 0.0183222 -0.0319855 0.0207426 0.99976 -0.00699538 0.018084 -0.0181736 0.00737271 0.999808 -0.00300169 0.0 0.0 0.0 1.0
chess/seq-05/color/frame-000156.color.png chess/seq-05/color/frame-000157.color.png 0.999903 -0.0106932 0.00888964 -0.0176787 0.0107117 0.999941 -0.00204443 0.00985134 -0.00886717 0.00213942 0.999959 -0.00277799 0.0 0.0 0.0 1.0
chess/seq-05/color/frame-000157.color.png chess/seq-05/color/frame-000158.color.png 0.999963 -0.0078319 0.003416 -0.0103218 0.00782438 0.999967 0.00221213 0.00304055 -0.00343315 -0.0021853 0.999992 -0.000541747 0.0 0.0 0.0 1.0
chess/seq-05/color/frame-000158.color.png chess/seq-05/color/frame-000159.color.png 0.999768 -0.0202942 0.00725614 -0.0151306 0.0202672 0.999788 0.00378599 0.00581676 -0.00733149 -0.00363806 0.999967 -0.00137234 0.0 0.0 0.0 1.0
chess/seq-05/color/frame-000159.color.png chess/seq-05/color/frame-000160.color.png 0.999946 -0.00778581 0.00682932 -0.00932664 0.00779026 0.999969 -0.000636952 0.00541496 -0.00682416 0.000690089 0.999976 -0.00188768 0.0 0.0 0.0 1.0
chess/seq-05/color/frame-000160.color.png chess/seq-05/color/frame-000161.color.png 0.99971 -0.020064 0.0133456 -0.0182628 0.0201308 0.999785 -0.00489383 0.0151682 -0.0132445 0.00516104 0.999899 -0.00207448 0.0 0.0 0.0 1.0
chess/seq-05/color/frame-000161.color.png chess/seq-05/color/frame-000162.color.png 0.999966 -0.00666431 0.00480105 -0.00405777 0.00667573 0.999975 -0.00235669 0.0057748 -0.00478524 0.0023887 0.999986 0.00120121 0.0 0.0 0.0 1.0
chess/seq-05/color/frame-000162.color.png chess/seq-05/color/frame-000163.color.png 0.999979 -0.00509356 0.00400742 -0.00319701 0.00509893 0.999986 -0.00137108 0.00482172 -0.00400037 0.00139155 0.999991 0.000361562 0.0 0.0 0.0 1.0
chess/seq-05/color/frame-000163.color.png chess/seq-05/color/frame-000164.color.png 0.999855 -0.0153645 0.00740723 -0.00713956 0.0153786 0.99988 -0.00184179 0.00925845 -0.007378 0.00195544 0.999971 0.00342536 0.0 0.0 0.0 1.0
chess/seq-05/color/frame-000164.color.png chess/seq-05/color/frame-000165.color.png 0.999978 -0.0062358 0.00203027 0.00290287 0.00623709 0.99998 -0.000597748 0.00303459 -0.00202656 0.000610327 0.999998 0.00166601 0.0 0.0 0.0 1.0
chess/seq-05/color/frame-000165.color.png chess/seq-05/color/frame-000166.color.png 0.999975 -0.00585239 0.00390441 0.00229323 0.00585677 0.999982 -0.00114898 0.00193685 -0.00389758 0.0011719 0.999992 -0.00174129 0.0 0.0 0.0 1.0
chess/seq-05/color/frame-000166.color.png chess/seq-05/color/frame-000167.color.png 0.999822 -0.0100139 0.0160161 -0.00769603 0.0101035 0.999934 -0.0055206 0.0123614 -0.0159598 0.00568145 0.999856 0.00360036 0.0 0.0 0.0 1.0
chess/seq-05/color/frame-000167.color.png chess/seq-05/color/frame-000168.color.png 0.999982 -0.00474962 0.0036027 0.000616074 0.00475823 0.999986 -0.00242548 0.00510108 -0.00359113 0.00244254 0.999991 0.00443369 0.0 0.0 0.0 1.0
chess/seq-05/color/frame-000168.color.png chess/seq-05/color/frame-000169.color.png 0.99999 -0.00425622 0.00170207 0.00440353 0.00425797 0.99999 -0.00100933 0.00506318 -0.00169774 0.00101652 0.999998 0.00204432 0.0 0.0 0.0 1.0
chess/seq-05/color/frame-000169.color.png chess/seq-05/color/frame-000170.color.png 0.999898 -0.0109428 0.00916076 -6.11544e-05 0.0109455 0.99994 -0.000227767 0.00773591 -0.00915769 0.00032803 0.999958 0.00196129 0.0 0.0 0.0 1.0
chess/seq-05/color/frame-000170.color.png chess/seq-05/color/frame-000171.color.png 0.999993 -0.00353843 0.00111539 0.00606227 0.00353598 0.999991 0.00225224 -1.01924e-05 -0.00112347 -0.00224827 0.999997 -0.00102681 0.0 0.0 0.0 1.0
chess/seq-05/color/frame-000171.color.png chess/seq-05/color/frame-000172.color.png 0.999979 -0.00466735 0.00438042 0.0035249 0.00465631 0.999986 0.00251131 -0.00134581 -0.00439203 -0.00249101 0.999987 -0.00127047 0.0 0.0 0.0 1.0
chess/seq-05/color/frame-000172.color.png chess/seq-05/color/frame-000173.color.png 0.999801 -0.0108896 0.0167447 -0.0102707 0.010907 0.99994 -0.000949666 0.0121133 -0.0167333 0.00113226 0.999859 0.00162637 0.0 0.0 0.0 1.0
chess/seq-05/color/frame-000173.color.png chess/seq-05/color/frame-000174.color.png 0.999948 -0.0101521 0.00060798 -0.000783145 0.0101527 0.999948 -0.00102884 0.00818396 -0.000597572 0.00103498 0.999999 0.0059523 0.0 0.0 0.0 1.0
chess/seq-05/color/frame-000174.color.png chess/seq-05/color/frame-000175.color.png 0.999959 -0.00790068 -0.00442608 0.00792569 0.00789768 0.999969 -0.000685455 0.0077216 0.00443142 0.000650536 0.99999 0.00451696 0.0 0.0 0.0 1.0
