fire/seq-02/color/frame-000000.color.png fire/seq-02/color/frame-000002.color.png 0.999994 -0.00310124 0.00156776 -0.00169256 0.00310006 0.999995 0.000754302 0.000803549 -0.00157009 -0.000749437 0.999998 0.00245686 0.0 0.0 0.0 1.0
fire/seq-02/color/frame-000001.color.png fire/seq-02/color/frame-000003.color.png 0.999997 -0.00248798 0.000106987 -0.00175205 0.00248818 0.999995 -0.00193851 0.00233335 -0.000102163 0.00193877 0.999998 0.00261185 0.0 0.0 0.0 1.0
fire/seq-02/color/frame-000002.color.png fire/seq-02/color/frame-000004.color.png 0.999999 -0.000241637 0.000973121 -0.00224226 0.0002445 0.999996 -0.00294273 0.00509404 -0.000972406 0.00294297 0.999995 0.00159908 0.0 0.0 0.0 1.0
fire/seq-02/color/frame-000003.color.png fire/seq-02/color/frame-000005.color.png 0.999992 -0.00350495 0.00167158 -0.00157782 0.00350997 0.999989 -0.00301288 0.00418387 -0.00166101 0.00301873 0.999994 0.00323165 0.0 0.0 0.0 1.0
fire/seq-02/color/frame-000004.color.png fire/seq-02/color/frame-000006.color.png 0.999984 -0.00566901 0.000442153 -0.00164487 0.00567129 0.99997 -0.00532935 0.00654203 -0.000411927 0.00533177 0.999986 0.00350028 0.0 0.0 0.0 1.0
fire/seq-02/color/frame-000005.color.png fire/seq-02/color/frame-000007.color.png 0.999994 -0.00343603 0.000553939 -0.00301526 0.0034377 0.999989 -0.00305633 0.00759989 -0.000543431 0.00305822 0.999995 0.00137804 0.0 0.0 0.0 1.0
fire/seq-02/color/frame-000006.color.png fire/seq-02/color/frame-000008.color.png 0.999993 -0.00311354 0.00227901 -0.00323267 0.00311172 0.999995 0.000802565 0.00326311 -0.0022815 -0.000795468 0.999997 0.0052074 0.0 0.0 0.0 1.0
fire/seq-02/color/frame-000007.color.png fire/seq-02/color/frame-000009.color.png 0.999991 -0.00349104 0.00224325 -0.00192395 0.00350346 0.999978 -0.00555275 0.00559184 -0.00222382 0.00556056 0.999982 0.00818291 0.0 0.0 0.0 1.0
fire/seq-02/color/frame-000008.color.png fire/seq-02/color/frame-000010.color.png 0.999992 0.000700991 0.00384612 -0.00342241 -0.000660165 0.999944 -0.0106064 0.0107513 -0.00385333 0.0106038 0.999936 0.00183932 0.0 0.0 0.0 1.0
fire/seq-02/color/frame-000009.color.png fire/seq-02/color/frame-000011.color.png 0.999981 -0.00131838 0.00607418 -0.0066796 0.00134872 0.999987 -0.00499255 0.0126017 -0.00606752 0.00500064 0.999969 -0.00131183 0.0 0.0 0.0 1.0
fire/seq-02/color/frame-000010.color.png fire/seq-02/color/frame-000012.color.png 0.999945 -0.00923962 0.00504341 -0.00787971 0.00922305 0.999952 0.00330011 0.00771905 -0.00507366 -0.00325341 0.999982 0.00264786 0.0 0.0 0.0 1.0
fire/seq-02/color/frame-000011.color.png fire/seq-02/color/frame-000013.color.png 0.999905 -0.0136663 0.00190774 -0.00385872 0.0136661 0.999907 0.000118973 0.00428722 -0.00190919 -9.28841e-05 0.999998 0.00882029 0.0 0.0 0.0 1.0
fire/seq-02/color/frame-000012.color.png fire/seq-02/color/frame-000014.color.png 0.999972 -0.00697726 0.00279924 -0.00451655 0.00700075 0.99994 -0.00846947 0.00949019 -0.00273997 0.00848883 0.99996 0.00602565 0.0 0.0 0.0 1.0
fire/seq-02/color/frame-000013.color.png fire/seq-02/color/frame-000015.color.png 0.999981 0.000163423 0.0062082 -0.00903977 -0.000129932 0.999985 -0.00539392 0.0120812 -0.006209 0.00539301 0.999966 4.41745e-05 0.0 0.0 0.0 1.0
fire/seq-02/color/frame-000014.color.png fire/seq-02/color/frame-000016.color.png 0.999982 -0.00373951 0.00478789 -0.00846678 0.00373422 0.999992 0.001113 0.00995615 -0.00479202 -0.00109509 0.999988 0.00306995 0.0 0.0 0.0 1.0
fire/seq-02/color/frame-000015.color.png fire/seq-02/color/frame-000017.color.png 0.999961 -0.00855745 0.00200629 -0.00643855 0.00855794 0.999963 -0.000234002 0.00962815 -0.00200422 0.000251162 0.999998 0.00934646 0.0 0.0 0.0 1.0
fire/seq-02/color/frame-000016.color.png fire/seq-02/color/frame-000018.color.png 0.999935 -0.0113186 0.00097188 -0.00546068 0.011322 0.99993 -0.00351203 0.00795821 -0.000932056 0.00352281 0.999993 0.00849435 0.0 0.0 0.0 1.0
fire/seq-02/color/frame-000017.color.png fire/seq-02/color/frame-000019.color.png 0.999983 -0.00536825 0.00240307 -0.00849705 0.00537772 0.999978 -0.00395451 0.00981339 -0.00238179 0.00396737 0.999989 0.00406525 0.0 0.0 0.0 1.0
fire/seq-02/color/frame-000018.color.png fire/seq-02/color/frame-000020.color.png 0.999988 -0.00162366 0.00465678 -0.00926908 0.00162491 0.999999 -0.00026351 0.0111635 -0.00465635 0.00027107 0.999989 0.0058595 0.0 0.0 0.0 1.0
fire/seq-02/color/frame-000019.color.png fire/seq-02/color/frame-000021.color.png 0.999944 -0.00933256 0.00498553 -0.00887227 0.00932933 0.999956 0.000673055 0.00685456 -0.00499159 -0.000626511 0.999987 0.0102295 0.0 0.0 0.0 1.0
fire/seq-02/color/frame-000020.color.png fire/seq-02/color/frame-000022.color.png 0.99996 -0.00792437 0.004192 -0.00897718 0.00794398 0.999958 -0.0046854 0.0132405 -0.00415469 0.00471851 0.99998 0.0124976 0.0 0.0 0.0 1.0
fire/seq-02/color/frame-000021.color.png fire/seq-02/color/frame-000023.color.png 0.999956 -0.00561369 0.00749552 -0.00745359 0.00563361 0.999981 -0.00263891 0.0156117 -0.00748057 0.00268101 0.999969 0.0126494 0.0 0.0 0.0 1.0
fire/seq-02/color/frame-000022.color.png fire/seq-02/color/frame-000024.color.png 0.999834 -0.014787 0.0106687 -0.0094331 0.014773 0.99989 0.0013915 0.0042214 -0.0106881 -0.00123365 0.999942 0.0108466 0.0 0.0 0.0 1.0
fire/seq-02/color/frame-000023.color.png fire/seq-02/color/frame-000025.color.png 0.999849 -0.0161444 0.00645458 -0.00787828 0.0162139 0.99981 -0.0108585 0.00521123 -0.00627804 0.0109615 0.99992 0.0118213 0.0 0.0 0.0 1.0
fire/seq-02/color/frame-000024.color.png fire/seq-02/color/frame-000026.color.png 0.999933 -0.00716669 0.0090754 -0.0111536 0.00731579 0.999837 -0.0165028 0.0131533 -0.00895565 0.016568 0.999823 0.00183518 0.0 0.0 0.0 1.0
fire/seq-02/color/frame-000025.color.png fire/seq-02/color/frame-000027.color.png 0.99986 -0.0108762 0.0126772 -0.0160561 0.010928 0.999932 -0.0040245 0.0104677 -0.0126326 0.00416247 0.999912 -0.000650018 0.0 0.0 0.0 1.0
fire/seq-02/color/frame-000026.color.png fire/seq-02/color/frame-000028.color.png 0.999815 -0.0188975 0.00345033 -0.00787724 0.0188954 0.999821 0.000614415 0.00802527 -0.00346132 -0.00054911 0.999994 0.0102191 0.0 0.0 0.0 1.0
fire/seq-02/color/frame-000027.color.png fire/seq-02/color/frame-000029.color.png 0.99998 -0.00635197 0.000468577 -0.0028924 0.00635231 0.999979 -0.000780688 0.00758015 -0.000463609 0.000783651 1.0 0.0122908 0.0 0.0 0.0 1.0
fire/seq-02/color/frame-000028.color.png fire/seq-02/color/frame-000030.color.png 0.999971 0.000727446 0.00758643 -0.00743887 -0.000697022 0.999992 -0.00401079 0.00555925 -0.00758929 0.0040054 0.999963 0.00855523 0.0 0.0 0.0 1.0
fire/seq-02/color/frame-000029.color.png fire/seq-02/color/frame-000031.color.png 0.999965 -0.00434341 0.00712713 -0.0106484 0.00441949 0.999933 -0.0106917 0.00946853 -0.0070802 0.0107228 0.999918 0.00454921 0.0 0.0 0.0 1.0
fire/seq-02/color/frame-000030.color.png fire/seq-02/color/frame-000032.color.png 0.999978 -0.00378898 0.0053703 -0.0103872 0.00383152 0.999961 -0.00793239 0.0123237 -0.00534003 0.0079528 0.999954 0.00172327 0.0 0.0 0.0 1.0
fire/seq-02/color/frame-000031.color.png fire/seq-02/color/frame-000033.color.png 0.999975 -0.00522715 0.00475705 -0.00598713 0.00523727 0.999984 -0.00211882 0.00811376 -0.00474593 0.00214368 0.999986 0.0049742 0.0 0.0 0.0 1.0
fire/seq-02/color/frame-000032.color.png fire/seq-02/color/frame-000034.color.png 0.999994 -0.0011217 0.0031302 -0.00483198 0.00114076 0.999981 -0.00609638 0.0104381 -0.0031233 0.00609992 0.999976 0.00737926 0.0 0.0 0.0 1.0
fire/seq-02/color/frame-000033.color.png fire/seq-02/color/frame-000035.color.png 0.999975 0.00488203 0.00508564 -0.00826402 -0.00485058 0.999969 -0.00617861 0.0137962 -0.00511564 0.00615379 0.999968 0.00319432 0.0 0.0 0.0 1.0
fire/seq-02/color/frame-000034.color.png fire/seq-02/color/frame-000036.color.png 0.999978 0.000397464 0.00656423 -0.0091246 -0.000400887 1.0 0.000524405 0.012855 -0.00656403 -0.000527027 0.999978 0.00134373 0.0 0.0 0.0 1.0
fire/seq-02/color/frame-000035.color.png fire/seq-02/color/frame-000037.color.png 0.999982 -0.00548917 0.00224912 -0.00196689 0.00547623 0.999969 0.00572099 0.0108561 -0.00228045 -0.00570858 0.999981 0.00803719 0.0 0.0 0.0 1.0
fire/seq-02/color/frame-000036.color.png fire/seq-02/color/frame-000038.color.png 1.0 0.000631507 0.000481404 0.00132897 -0.000633368 0.999992 0.00386565 0.010326 -0.000478973 -0.00386596 0.999992 0.0119118 0.0 0.0 0.0 1.0
fire/seq-02/color/frame-000037.color.png fire/seq-02/color/frame-000039.color.png 0.999973 0.00655763 0.00317636 -0.00346107 -0.00655842 0.999978 0.000235841 0.0136404 -0.00317475 -0.000256657 0.999995 0.00548733 0.0 0.0 0.0 1.0
fire/seq-02/color/frame-000038.color.png fire/seq-02/color/frame-000040.color.png 0.999997 0.00103874 0.00199373 -0.00297198 -0.00104489 0.999995 0.00308163 0.0152416 -0.0019905 -0.0030837 0.999993 0.00900242 0.0 0.0 0.0 1.0
fire/seq-02/color/frame-000039.color.png fire/seq-02/color/frame-000041.color.png 0.999998 -0.00218326 -0.000201174 0.0027748 0.00218376 0.999994 0.00256908 0.0107728 0.000195573 -0.00256953 0.999997 0.0146049 0.0 0.0 0.0 1.0
fire/seq-02/color/frame-000040.color.png fire/seq-02/color/frame-000042.color.png 0.999973 0.00546571 0.00490389 0.0015376 -0.00543897 0.99997 -0.00545106 0.0123365 -0.00493354 0.00542425 0.999973 0.00508864 0.0 0.0 0.0 1.0
fire/seq-02/color/frame-000041.color.png fire/seq-02/color/frame-000043.color.png 0.999942 0.00581645 0.00901411 -0.000448182 -0.0057659 0.999968 -0.00562146 0.0141968 -0.00904654 0.00556918 0.999943 0.00286849 0.0 0.0 0.0 1.0
fire/seq-02/color/frame-000042.color.png fire/seq-02/color/frame-000044.color.png 0.999976 -0.000670313 0.00687338 0.000528522 0.000698563 0.999991 -0.00410703 0.00746174 -0.00687054 0.00411171 0.999968 0.00333057 0.0 0.0 0.0 1.0
fire/seq-02/color/frame-000043.color.png fire/seq-02/color/frame-000045.color.png 0.999978 0.00100304 0.00655204 0.00147447 -0.00092761 0.999933 -0.0115057 0.0126418 -0.00656314 0.0114994 0.999912 -0.0001003 0.0 0.0 0.0 1.0
fire/seq-02/color/frame-000044.color.png fire/seq-02/color/frame-000046.color.png 0.999952 -0.000111556 0.00977524 2.46316e-05 0.000188108 0.999969 -0.00783018 0.0162032 -0.00977408 0.00783166 0.999922 -0.00429918 0.0 0.0 0.0 1.0
fire/seq-02/color/frame-000045.color.png fire/seq-02/color/frame-000047.color.png 0.999967 -0.00209714 0.00787937 -0.00109067 0.0020787 0.999995 0.00234574 0.0125434 -0.00788425 -0.00232927 0.999966 -0.00116086 0.0 0.0 0.0 1.0
fire/seq-02/color/frame-000046.color.png fire/seq-02/color/frame-000048.color.png 0.999983 0.00534595 0.0022898 0.000933208 -0.0053619 0.999961 0.00702201 0.0106698 -0.00225217 -0.00703417 0.999973 0.00446238 0.0 0.0 0.0 1.0
fire/seq-02/color/frame-000047.color.png fire/seq-02/color/frame-000049.color.png 0.999992 0.0036755 -0.00137775 0.00641309 -0.00366274 0.999951 0.00915605 0.00965433 0.00141132 -0.00915092 0.999957 0.00725746 0.0 0.0 0.0 1.0
fire/seq-02/color/frame-000048.color.png fire/seq-02/color/frame-000050.color.png 0.999983 -0.00547848 -0.00184448 0.00750211 0.00549086 0.999962 0.00678385 0.00633353 0.00180721 -0.00679386 0.999975 0.00680791 0.0 0.0 0.0 1.0
fire/seq-02/color/frame-000049.color.png fire/seq-02/color/frame-000051.color.png 0.999973 -0.00504914 -0.00526358 0.00644137 0.0050506 0.999987 0.000268049 0.0136289 0.00526216 -0.00029463 0.999986 0.00135416 0.0 0.0 0.0 1.0
fire/seq-02/color/frame-000050.color.png fire/seq-02/color/frame-000052.color.png 0.999967 0.00636768 -0.00502596 0.00871357 -0.00634097 0.999966 0.00530957 0.0130566 0.00505961 -0.00527754 0.999973 0.00553787 0.0 0.0 0.0 1.0
fire/seq-02/color/frame-000051.color.png fire/seq-02/color/frame-000053.color.png 0.999975 0.00707384 0.000585821 0.00653011 -0.00707841 0.999941 0.00820964 0.00329338 -0.000527716 -0.00821359 0.999966 0.00565238 0.0 0.0 0.0 1.0
fire/seq-02/color/frame-000052.color.png fire/seq-02/color/frame-000054.color.png 0.999994 0.00209259 -0.00278576 0.00776011 -0.00208284 0.999992 0.00350166 0.00218734 0.0027931 -0.00349584 0.99999 0.00194523 0.0 0.0 0.0 1.0
fire/seq-02/color/frame-000053.color.png fire/seq-02/color/frame-000055.color.png 0.999947 0.00890331 -0.00509911 0.00989038 -0.00889916 0.99996 0.000836363 0.00615494 0.00510636 -0.000790937 0.999987 0.00301264 0.0 0.0 0.0 1.0
fire/seq-02/color/frame-000054.color.png fire/seq-02/color/frame-000056.color.png 0.999953 0.00941006 -0.00217189 0.0105251 -0.00941404 0.999954 -0.00182015 0.00601585 0.00215466 0.00184051 0.999996 0.00162931 0.0 0.0 0.0 1.0
fire/seq-02/color/frame-000055.color.png fire/seq-02/color/frame-000057.color.png 0.999986 0.00514078 0.00102938 0.00564392 -0.00513764 0.999982 -0.00304414 0.00770117 -0.001045 0.0030388 0.999995 -0.00594655 0.0 0.0 0.0 1.0
fire/seq-02/color/frame-000056.color.png fire/seq-02/color/frame-000058.color.png 0.999993 0.00291717 -0.00213735 0.00993187 -0.0029097 0.99999 0.00348407 0.0049227 0.00214747 -0.00347781 0.999992 -0.00241135 0.0 0.0 0.0 1.0
fire/seq-02/color/frame-000057.color.png fire/seq-02/color/frame-000059.color.png 0.999986 0.00459844 -0.00256461 0.013639 -0.00458469 0.999975 0.00534335 0.00129288 0.00258914 -0.00533151 0.999982 0.00538535 0.0 0.0 0.0 1.0
fire/seq-02/color/frame-000058.color.png fire/seq-02/color/frame-000060.color.png 0.999972 0.00740772 0.00110915 0.0099619 -0.00740707 0.999972 -0.000580388 0.0033161 -0.0011134 0.000572144 0.999999 0.00175212 0.0 0.0 0.0 1.0
fire/seq-02/color/frame-000059.color.png fire/seq-02/color/frame-000061.color.png 0.999963 0.00858116 -0.000236115 0.0124822 -0.00858195 0.999957 -0.00358803 0.00857276 0.000205284 0.00358993 0.999993 -0.00163484 0.0 0.0 0.0 1.0
fire/seq-02/color/frame-000060.color.png fire/seq-02/color/frame-000062.color.png 0.999952 0.00961515 0.00163314 0.0133951 -0.00961591 0.999954 0.000443193 0.00704706 -0.00162879 -0.000458871 0.999999 0.00205632 0.0 0.0 0.0 1.0
fire/seq-02/color/frame-000061.color.png fire/seq-02/color/frame-000063.color.png 0.999955 0.00878896 0.00366733 0.0118941 -0.00879555 0.99996 0.00178022 0.00303176 -0.00365153 -0.00181239 0.999992 0.00218263 0.0 0.0 0.0 1.0
fire/seq-02/color/frame-000062.color.png fire/seq-02/color/frame-000064.color.png 0.99999 0.0044788 0.000886881 0.0139771 -0.00447674 0.999987 -0.00230315 0.00315368 -0.000897198 0.00229915 0.999997 0.000929549 0.0 0.0 0.0 1.0
fire/seq-02/color/frame-000063.color.png fire/seq-02/color/frame-000065.color.png 0.99999 0.00442002 -0.000194767 0.0180777 -0.00442095 0.999977 -0.00514285 0.0054706 0.000172035 0.00514367 0.999987 0.00165275 0.0 0.0 0.0 1.0
fire/seq-02/color/frame-000064.color.png fire/seq-02/color/frame-000066.color.png 0.999988 0.00389095 0.00289208 0.0130746 -0.003874 0.999975 -0.00584409 0.00738591 -0.00291475 0.00583282 0.999979 -0.00298779 0.0 0.0 0.0 1.0
fire/seq-02/color/frame-000065.color.png fire/seq-02/color/frame-000067.color.png 0.999995 0.00231688 0.00199647 0.00700726 -0.00232009 0.999996 0.00160732 -0.000118047 -0.00199277 -0.00161196 0.999997 -0.00622293 0.0 0.0 0.0 1.0
fire/seq-02/color/frame-000066.color.png fire/seq-02/color/frame-000068.color.png 0.999971 7.29106e-05 -0.00766255 0.0149761 -2.32101e-05 0.999979 0.00648525 -0.00384834 0.00766289 -0.00648488 0.99995 -0.00213812 0.0 0.0 0.0 1.0
fire/seq-02/color/frame-000067.color.png fire/seq-02/color/frame-000069.color.png 0.99992 0.000787539 -0.0126351 0.0177639 -0.000771551 0.999999 0.00127052 0.00220823 0.0126362 -0.00126067 0.999919 -0.000139326 0.0 0.0 0.0 1.0
fire/seq-02/color/frame-000068.color.png fire/seq-02/color/frame-000070.color.png 0.999923 0.000782213 -0.0123737 0.0176543 -0.000761278 0.999998 0.00169728 0.00294745 0.012375 -0.00168774 0.999922 -0.00238164 0.0 0.0 0.0 1.0
fire/seq-02/color/frame-000069.color.png fire/seq-02/color/frame-000071.color.png 0.999902 -0.00287953 -0.0136682 0.0198161 0.00293593 0.999987 0.00410889 -0.00391439 0.0136562 -0.00414863 0.999898 -0.00275385 0.0 0.0 0.0 1.0
fire/seq-02/color/frame-000070.color.png fire/seq-02/color/frame-000072.color.png 0.99987 -0.00228063 -0.0159758 0.0164734 0.00224385 0.999995 -0.00231992 -0.00194246 0.015981 0.00228377 0.99987 -0.00249875 0.0 0.0 0.0 1.0
fire/seq-02/color/frame-000071.color.png fire/seq-02/color/frame-000073.color.png 0.999851 0.00574518 -0.0162503 0.0136009 -0.00584219 0.999965 -0.00592884 0.00918338 0.0162157 0.00602289 0.99985 -0.00315052 0.0 0.0 0.0 1.0
fire/seq-02/color/frame-000072.color.png fire/seq-02/color/frame-000074.color.png 0.999842 0.0110969 -0.013871 0.0146785 -0.0110599 0.999935 0.00274167 0.00328773 0.0139005 -0.00258782 0.9999 -0.0010033 0.0 0.0 0.0 1.0
fire/seq-02/color/frame-000073.color.png fire/seq-02/color/frame-000075.color.png 0.999646 0.0252498 -0.00835527 0.0153162 -0.0251901 0.999657 0.0071649 0.00233543 0.0085333 -0.00695187 0.999939 -0.00100937 0.0 0.0 0.0 1.0
fire/seq-02/color/frame-000074.color.png fire/seq-02/color/frame-000076.color.png 0.998881 0.0467921 0.00679292 0.011596 -0.04685 0.998865 0.00862491 0.00731134 -0.00638162 -0.00893352 0.99994 0.0118164 0.0 0.0 0.0 1.0
fire/seq-02/color/frame-000075.color.png fire/seq-02/color/frame-000077.color.png 0.999353 0.0285097 0.0219086 0.00275763 -0.0286626 0.999567 0.0066983 -0.00171515 -0.0217081 -0.00732193 0.999738 0.0053547 0.0 0.0 0.0 1.0
fire/seq-02/color/frame-000076.color.png fire/seq-02/color/frame-000078.color.png 0.999818 -0.000334824 0.0190699 0.00501012 0.000346137 1.0 -0.000590038 -0.00174922 -0.0190697 0.000596534 0.999818 -0.0085983 0.0 0.0 0.0 1.0
fire/seq-02/color/frame-000077.color.png fire/seq-02/color/frame-000079.color.png 0.999953 -0.00813875 0.00527506 0.0142411 0.00812018 0.999961 0.00353165 -0.00553432 -0.00530359 -0.00348865 0.99998 -0.00441507 0.0 0.0 0.0 1.0
fire/seq-02/color/frame-000078.color.png fire/seq-02/color/frame-000080.color.png 0.999978 -0.00114711 -0.00657289 0.0177063 0.00115755 0.999998 0.00158386 -0.00117737 0.00657106 -0.00159143 0.999977 -0.0026591 0.0 0.0 0.0 1.0
fire/seq-02/color/frame-000079.color.png fire/seq-02/color/frame-000081.color.png 0.999911 0.00622868 -0.0117687 0.0212618 -0.00623946 0.99998 -0.000879478 0.00170043 0.011763 0.000952844 0.99993 -0.000766709 0.0 0.0 0.0 1.0
fire/seq-02/color/frame-000080.color.png fire/seq-02/color/frame-000082.color.png 0.999961 0.00156721 -0.00866116 0.0215187 -0.00157516 0.999998 -0.000911585 -0.00364578 0.00865971 0.000925199 0.999962 -0.00133386 0.0 0.0 0.0 1.0
fire/seq-02/color/frame-000081.color.png fire/seq-02/color/frame-000083.color.png 0.999972 -0.00289443 -0.00695472 0.0216681 0.00287205 0.999991 -0.00322452 -0.00273851 0.00696399 0.00320444 0.999971 -0.00797042 0.0 0.0 0.0 1.0
fire/seq-02/color/frame-000082.color.png fire/seq-02/color/frame-000084.color.png 0.999983 0.00192839 -0.00556226 0.0177665 -0.00194612 0.999993 -0.00318365 0.000220299 0.00555608 0.00319441 0.99998 -0.00732483 0.0 0.0 0.0 1.0
fire/seq-02/color/frame-000083.color.png fire/seq-02/color/frame-000085.color.png 0.999976 0.00452241 -0.00534126 0.0190625 -0.00453027 0.999989 -0.00146125 0.00366437 0.0053346 0.00148541 0.999985 -0.00349508 0.0 0.0 0.0 1.0
fire/seq-02/color/frame-000084.color.png fire/seq-02/color/frame-000086.color.png 0.999986 0.00183509 -0.00489106 0.0190358 -0.00182855 0.999998 0.00134262 -0.000752091 0.00489351 -0.00133365 0.999987 0.000509337 0.0 0.0 0.0 1.0
fire/seq-02/color/frame-000085.color.png fire/seq-02/color/frame-000087.color.png 0.999967 0.00777785 -0.00254227 0.0150764 -0.00776922 0.999964 0.00338607 -0.00351691 0.00256851 -0.00336621 0.999991 -0.00349084 0.0 0.0 0.0 1.0
fire/seq-02/color/frame-000086.color.png fire/seq-02/color/frame-000088.color.png 0.999983 0.00581729 6.33271e-06 0.00560331 -0.0058173 0.999982 0.00127901 -0.000339508 1.12239e-06 -0.00127903 0.999999 -0.00141723 0.0 0.0 0.0 1.0
fire/seq-02/color/frame-000087.color.png fire/seq-02/color/frame-000089.color.png 0.999979 0.00613021 -0.00198111 0.00832075 -0.00612407 0.999977 0.00309123 -0.00137451 0.00200003 -0.00307903 0.999993 -0.00180008 0.0 0.0 0.0 1.0
fire/seq-02/color/frame-000088.color.png fire/seq-02/color/frame-000090.color.png 0.999926 0.0110206 -0.00517511 0.0185788 -0.0109892 0.999921 0.00606573 -0.00557181 0.00524153 -0.00600841 0.999968 -0.00182731 0.0 0.0 0.0 1.0
fire/seq-02/color/frame-000089.color.png fire/seq-02/color/frame-000091.color.png 0.99998 0.00599281 -0.00209928 0.0154776 -0.00598812 0.999979 0.0022362 -0.00713754 0.00211263 -0.0022236 0.999995 -0.00239381 0.0 0.0 0.0 1.0
fire/seq-02/color/frame-000090.color.png fire/seq-02/color/frame-000092.color.png 0.999998 0.00131564 -0.00160393 0.0165086 -0.00131584 0.999999 -0.000119546 -0.00354534 0.00160378 0.000121661 0.999999 -0.00587492 0.0 0.0 0.0 1.0
fire/seq-02/color/frame-000091.color.png fire/seq-02/color/frame-000093.color.png 0.999982 0.00437051 -0.00415458 0.01455 -0.00435531 0.999984 0.00365987 -0.00319391 0.00417051 -0.0036417 0.999985 -0.00281782 0.0 0.0 0.0 1.0
fire/seq-02/color/frame-000092.color.png fire/seq-02/color/frame-000094.color.png 0.999909 0.00993823 -0.00914679 0.0123226 -0.00988066 0.999931 0.00631917 -0.00686541 0.00920896 -0.00622822 0.999938 5.19529e-05 0.0 0.0 0.0 1.0
fire/seq-02/color/frame-000093.color.png fire/seq-02/color/frame-000095.color.png 0.999858 0.00565964 -0.0158488 0.0201086 -0.00562854 0.999982 0.00200625 -0.00988179 0.0158599 -0.00191676 0.999872 -0.00468967 0.0 0.0 0.0 1.0
fire/seq-02/color/frame-000094.color.png fire/seq-02/color/frame-000096.color.png 0.999924 0.00492257 -0.0112587 0.0213309 -0.00497133 0.999978 -0.00430808 -0.00574692 0.0112373 0.00436373 0.999927 -0.0072823 0.0 0.0 0.0 1.0
fire/seq-02/color/frame-000095.color.png fire/seq-02/color/frame-000097.color.png 0.999978 0.00477957 -0.00451796 0.0128707 -0.00480447 0.999973 -0.00551533 0.00234498 0.00449148 0.00553691 0.999975 -0.000321575 0.0 0.0 0.0 1.0
fire/seq-02/color/frame-000096.color.png fire/seq-02/color/frame-000098.color.png 0.999991 0.00407848 -0.000997647 0.0102751 -0.00408046 0.99999 -0.0019818 0.00374611 0.00098956 0.00198586 0.999998 -0.00360923 0.0 0.0 0.0 1.0
fire/seq-02/color/frame-000097.color.png fire/seq-02/color/frame-000099.color.png 0.999919 0.0127374 -0.000769477 0.0152041 -0.0127342 0.999911 0.00403178 -0.000614494 0.000820761 -0.00402164 0.999991 -0.00247212 0.0 0.0 0.0 1.0
fire/seq-02/color/frame-000098.color.png fire/seq-02/color/frame-000100.color.png 0.999868 0.0157931 -0.003823 0.0170082 -0.0157743 0.999864 0.00488108 0.000945762 0.00389957 -0.00482014 0.999981 0.00478841 0.0 0.0 0.0 1.0
fire/seq-02/color/frame-000099.color.png fire/seq-02/color/frame-000101.color.png 0.99993 0.0116065 -0.00217319 0.0146109 -0.0115961 0.999921 0.00474088 -0.00267999 0.00222804 -0.00471535 0.999986 0.000323251 0.0 0.0 0.0 1.0
fire/seq-02/color/frame-000100.color.png fire/seq-02/color/frame-000102.color.png 0.999941 0.0105425 -0.00275545 0.0158434 -0.0105295 0.999934 0.00468609 -0.00206108 0.00280466 -0.0046568 0.999985 -0.000606008 0.0 0.0 0.0 1.0
fire/seq-02/color/frame-000101.color.png fire/seq-02/color/frame-000103.color.png 0.999914 0.0131117 -0.00032835 0.0132742 -0.0131102 0.999905 0.00416471 0.00285135 0.000382926 -0.00416005 0.999991 -0.000104837 0.0 0.0 0.0 1.0
fire/seq-02/color/frame-000102.color.png fire/seq-02/color/frame-000104.color.png 0.999946 0.0102125 0.00176704 0.0119337 -0.0102246 0.999923 0.00698618 -0.00108768 -0.00169556 -0.00700388 0.999974 0.00166839 0.0 0.0 0.0 1.0
fire/seq-02/color/frame-000103.color.png fire/seq-02/color/frame-000105.color.png 0.999999 0.00129999 0.000455476 0.00683478 -0.00130196 0.99999 0.00432901 -0.00321092 -0.000449844 -0.00432959 0.99999 0.00294214 0.0 0.0 0.0 1.0
fire/seq-02/color/frame-000104.color.png fire/seq-02/color/frame-000106.color.png 0.999998 0.000762424 -0.00162715 0.0050258 -0.000759801 0.999998 0.00160753 -0.000367463 0.00162837 -0.00160629 0.999997 0.000785448 0.0 0.0 0.0 1.0
fire/seq-02/color/frame-000105.color.png fire/seq-02/color/frame-000107.color.png 0.99998 0.0029457 -0.0055196 0.0127174 -0.00291082 0.999976 0.00631278 -0.00277418 0.00553806 -0.00629659 0.999965 0.00206394 0.0 0.0 0.0 1.0
fire/seq-02/color/frame-000106.color.png fire/seq-02/color/frame-000108.color.png 0.99996 0.00500206 -0.00740642 0.0113456 -0.00494984 0.999963 0.00705326 -0.00399341 0.00744143 -0.00701632 0.999948 0.00199092 0.0 0.0 0.0 1.0
fire/seq-02/color/frame-000107.color.png fire/seq-02/color/frame-000109.color.png 0.999928 0.00784172 -0.0090812 0.0100263 -0.00779012 0.999953 0.00570499 -0.00523353 0.00912551 -0.00563383 0.999942 0.00124382 0.0 0.0 0.0 1.0
fire/seq-02/color/frame-000108.color.png fire/seq-02/color/frame-000110.color.png 0.999946 0.0060933 -0.00846635 0.0128366 -0.00607616 0.999979 0.00204652 -0.00498055 0.00847865 -0.00199497 0.999962 0.000437304 0.0 0.0 0.0 1.0
fire/seq-02/color/frame-000109.color.png fire/seq-02/color/frame-000111.color.png 0.999976 0.00331711 -0.00600623 0.00932044 -0.0033642 0.999964 -0.00785 0.00297076 0.00597997 0.00787002 0.999951 0.00653405 0.0 0.0 0.0 1.0
fire/seq-02/color/frame-000110.color.png fire/seq-02/color/frame-000112.color.png 0.999988 -0.00165471 -0.00458411 0.00583348 0.00162872 0.999983 -0.00566571 0.00160277 0.00459341 0.00565818 0.999973 0.00268003 0.0 0.0 0.0 1.0
fire/seq-02/color/frame-000111.color.png fire/seq-02/color/frame-000113.color.png 0.999982 0.0049783 -0.00345737 0.00244632 -0.00498416 0.999986 -0.00168742 0.00214638 0.00344892 0.00170462 0.999993 -0.00131564 0.0 0.0 0.0 1.0
fire/seq-02/color/frame-000112.color.png fire/seq-02/color/frame-000114.color.png 0.999859 0.0152323 -0.00711885 0.00595185 -0.0152297 0.999884 0.000410825 0.00279474 0.00712428 -0.000302352 0.999975 0.000423282 0.0 0.0 0.0 1.0
fire/seq-02/color/frame-000113.color.png fire/seq-02/color/frame-000115.color.png 0.999831 0.0178234 -0.00438 0.004316 -0.0178061 0.999834 0.00395901 -0.000151411 0.00444983 -0.00388036 0.999983 0.00303696 0.0 0.0 0.0 1.0
fire/seq-02/color/frame-000114.color.png fire/seq-02/color/frame-000116.color.png 0.999911 0.0127972 -0.00367478 0.00657529 -0.0127818 0.99991 0.0041745 -0.00150962 0.00372787 -0.00412715 0.999985 -0.00225942 0.0 0.0 0.0 1.0
fire/seq-02/color/frame-000115.color.png fire/seq-02/color/frame-000117.color.png 0.999898 0.0142668 -0.000734537 0.00227576 -0.014262 0.99988 0.006099 -0.000418141 0.000821465 -0.0060879 0.999981 0.00327139 0.0 0.0 0.0 1.0
fire/seq-02/color/frame-000116.color.png fire/seq-02/color/frame-000118.color.png 0.999839 0.0178911 -0.00162622 0.00183088 -0.0178761 0.999801 0.00886926 -0.00227214 0.00178458 -0.00883876 0.999959 0.00457366 0.0 0.0 0.0 1.0
fire/seq-02/color/frame-000117.color.png fire/seq-02/color/frame-000119.color.png 0.999957 0.00881079 -0.00278079 0.00427708 -0.00879803 0.999951 0.00454745 -0.00172842 0.00282072 -0.00452279 0.999986 -8.18074e-06 0.0 0.0 0.0 1.0
fire/seq-02/color/frame-000118.color.png fire/seq-02/color/frame-000120.color.png 0.999957 0.00875334 0.0030173 0.00138563 -0.00876611 0.999953 0.00425024 -0.00274651 -0.00297995 -0.00427651 0.999986 0.00209095 0.0 0.0 0.0 1.0
fire/seq-02/color/frame-000119.color.png fire/seq-02/color/frame-000121.color.png 0.999929 0.0113001 0.0038412 0.00863874 -0.011316 0.999927 0.00413133 -0.00294122 -0.00379423 -0.00417451 0.999984 0.00479999 0.0 0.0 0.0 1.0
fire/seq-02/color/frame-000120.color.png fire/seq-02/color/frame-000122.color.png 0.999944 0.0054381 0.00905139 -0.000904024 -0.00546339 0.999981 0.00277299 -0.00557443 -0.00903614 -0.00282228 0.999955 0.00588052 0.0 0.0 0.0 1.0
fire/seq-02/color/frame-000121.color.png fire/seq-02/color/frame-000123.color.png 0.999963 0.00528284 0.00683725 0.00281066 -0.00530732 0.99998 0.00356577 -0.00698155 -0.00681827 -0.00360192 0.99997 0.000608623 0.0 0.0 0.0 1.0
fire/seq-02/color/frame-000122.color.png fire/seq-02/color/frame-000124.color.png 0.999913 0.00538243 0.0120629 0.000911236 -0.00543681 0.999975 0.00448272 -0.00504969 -0.0120385 -0.00454791 0.999917 0.00183852 0.0 0.0 0.0 1.0
fire/seq-02/color/frame-000123.color.png fire/seq-02/color/frame-000125.color.png 0.999975 0.000411655 0.00704683 0.000557989 -0.000424465 0.999998 0.00182411 -0.00161324 -0.00704607 -0.00182706 0.999973 0.00208981 0.0 0.0 0.0 1.0
fire/seq-02/color/frame-000124.color.png fire/seq-02/color/frame-000126.color.png 0.999974 0.000671402 0.00715268 -0.00427049 -0.000690785 0.999996 0.00270208 -0.00284041 -0.00715084 -0.00270696 0.999971 0.00583403 0.0 0.0 0.0 1.0
fire/seq-02/color/frame-000125.color.png fire/seq-02/color/frame-000127.color.png 0.999922 0.00388769 0.0119041 -0.00853649 -0.00397368 0.999966 0.00720479 -0.00729077 -0.0118757 -0.00725153 0.999903 0.00509791 0.0 0.0 0.0 1.0
fire/seq-02/color/frame-000126.color.png fire/seq-02/color/frame-000128.color.png 0.999944 0.0059484 0.00872738 -0.00868812 -0.00600337 0.999962 0.00628666 -0.00496235 -0.00868966 -0.0063387 0.999942 0.00361514 0.0 0.0 0.0 1.0
fire/seq-02/color/frame-000127.color.png fire/seq-02/color/frame-000129.color.png 0.99995 0.00400054 0.00912624 -0.0069828 -0.0040511 0.999977 0.00553299 -0.00717032 -0.00910389 -0.00556969 0.999943 0.00206771 0.0 0.0 0.0 1.0
fire/seq-02/color/frame-000128.color.png fire/seq-02/color/frame-000130.color.png 0.999978 0.00182898 0.00642726 -0.00513336 -0.0018412 0.999997 0.00189761 -0.00398558 -0.00642377 -0.0019094 0.999977 -0.000331581 0.0 0.0 0.0 1.0
fire/seq-02/color/frame-000129.color.png fire/seq-02/color/frame-000131.color.png 0.999968 0.000266999 0.00804236 -0.00522542 -0.000278569 0.999999 0.00143441 -0.00440815 -0.00804197 -0.00143661 0.999967 0.00177586 0.0 0.0 0.0 1.0
fire/seq-02/color/frame-000130.color.png fire/seq-02/color/frame-000132.color.png 0.999873 0.00016689 0.0159515 -0.0101029 -0.000203381 0.999997 0.00228399 -0.00851092 -0.0159511 -0.00228694 0.99987 0.0025142 0.0 0.0 0.0 1.0
fire/seq-02/color/frame-000131.color.png fire/seq-02/color/frame-000133.color.png 0.999857 -0.000941864 0.0168956 -0.0103112 0.000909702 0.999998 0.00191182 -0.0066807 -0.0168974 -0.00189618 0.999855 0.00192313 0.0 0.0 0.0 1.0
fire/seq-02/color/frame-000132.color.png fire/seq-02/color/frame-000134.color.png 0.999779 -0.00274161 0.020849 -0.0134638 0.00267277 0.999991 0.00333004 -0.0084573 -0.0208579 -0.00327358 0.999777 0.00495171 0.0 0.0 0.0 1.0
fire/seq-02/color/frame-000133.color.png fire/seq-02/color/frame-000135.color.png 0.999771 -0.00544504 0.0207007 -0.0160179 0.00539688 0.999983 0.0023822 -0.00973073 -0.0207133 -0.00226993 0.999783 0.00523116 0.0 0.0 0.0 1.0
fire/seq-02/color/frame-000134.color.png fire/seq-02/color/frame-000136.color.png 0.999938 -0.00321851 0.0106295 -0.0103725 0.00321622 0.999995 0.00023277 -0.00438531 -0.0106302 -0.000198568 0.999943 0.0010483 0.0 0.0 0.0 1.0
fire/seq-02/color/frame-000135.color.png fire/seq-02/color/frame-000137.color.png 0.999974 -0.0024711 0.00678918 -0.00606561 0.00245948 0.999995 0.00172103 -0.00516808 -0.0067934 -0.00170429 0.999975 0.0013832 0.0 0.0 0.0 1.0
fire/seq-02/color/frame-000136.color.png fire/seq-02/color/frame-000138.color.png 0.999855 -0.00931375 0.014278 -0.0138592 0.00929652 0.999956 0.0012737 -0.0104283 -0.0142893 -0.00114078 0.999897 0.0015688 0.0 0.0 0.0 1.0
fire/seq-02/color/frame-000137.color.png fire/seq-02/color/frame-000139.color.png 0.999836 -0.0121056 0.0134926 -0.0153092 0.0121227 0.999926 -0.00118982 -0.0109075 -0.0134772 0.00135319 0.999908 0.0027257 0.0 0.0 0.0 1.0
fire/seq-02/color/frame-000138.color.png fire/seq-02/color/frame-000140.color.png 0.99987 -0.0104292 0.0122612 -0.015238 0.0104469 0.999945 -0.00138405 -0.0101749 -0.0122461 0.00151197 0.999924 0.000899225 0.0 0.0 0.0 1.0
fire/seq-02/color/frame-000139.color.png fire/seq-02/color/frame-000141.color.png 0.999958 -0.00408273 0.00820288 -0.0106023 0.00408892 0.999991 -0.000738693 -0.00424315 -0.00819979 0.0007722 0.999966 0.000994511 0.0 0.0 0.0 1.0
fire/seq-02/color/frame-000140.color.png fire/seq-02/color/frame-000142.color.png 0.999969 -0.00174299 0.00773789 -0.011648 0.00173429 0.999998 0.00112471 -0.00279336 -0.00773984 -0.00111125 0.999969 0.00243303 0.0 0.0 0.0 1.0
fire/seq-02/color/frame-000141.color.png fire/seq-02/color/frame-000143.color.png 0.999889 -0.00321236 0.0145146 -0.0208333 0.00315839 0.999988 0.00373901 -0.00879335 -0.0145264 -0.00369275 0.999888 0.00538684 0.0 0.0 0.0 1.0
fire/seq-02/color/frame-000142.color.png fire/seq-02/color/frame-000144.color.png 0.999804 -0.00436269 0.0192984 -0.0248651 0.00432701 0.999989 0.00188996 -0.0105338 -0.0193064 -0.0018061 0.999812 0.00735863 0.0 0.0 0.0 1.0
fire/seq-02/color/frame-000143.color.png fire/seq-02/color/frame-000145.color.png 0.999824 -0.00769716 0.0171053 -0.0229399 0.00773248 0.999968 -0.00200151 -0.00847201 -0.0170894 0.00213342 0.999852 0.00468986 0.0 0.0 0.0 1.0
fire/seq-02/color/frame-000144.color.png fire/seq-02/color/frame-000146.color.png 0.999923 -0.00714428 0.0101448 -0.0138646 0.00716836 0.999972 -0.00233926 -0.00795989 -0.0101277 0.00241181 0.999946 0.00248481 0.0 0.0 0.0 1.0
fire/seq-02/color/frame-000145.color.png fire/seq-02/color/frame-000147.color.png 0.999834 -0.00700911 0.0168012 -0.0208725 0.00707867 0.999967 -0.00408522 -0.00669368 -0.016772 0.00420348 0.999851 0.000477217 0.0 0.0 0.0 1.0
fire/seq-02/color/frame-000146.color.png fire/seq-02/color/frame-000148.color.png 0.999942 -0.00510735 0.0094628 -0.010826 0.00514611 0.999978 -0.00407753 -0.000823393 -0.00944177 0.00412599 0.999947 0.000670813 0.0 0.0 0.0 1.0
fire/seq-02/color/frame-000147.color.png fire/seq-02/color/frame-000149.color.png 0.999949 -0.00588337 0.00826198 -0.00948419 0.00589661 0.999981 -0.00157466 -0.00240667 -0.00825255 0.00162329 0.999965 -0.000981025 0.0 0.0 0.0 1.0
fire/seq-02/color/frame-000148.color.png fire/seq-02/color/frame-000150.color.png 0.9998 -0.0102156 0.0171959 -0.0208259 0.0102582 0.999945 -0.00239579 -0.00403212 -0.0171705 0.00257172 0.999849 0.000663571 0.0 0.0 0.0 1.0
fire/seq-02/color/frame-000149.color.png fire/seq-02/color/frame-000151.color.png 0.999849 -0.00750831 0.0156882 -0.0195834 0.00750262 0.999972 0.000421894 -0.0047024 -0.0156909 -0.000304128 0.999877 0.00056392 0.0 0.0 0.0 1.0
fire/seq-02/color/frame-000150.color.png fire/seq-02/color/frame-000152.color.png 0.999839 -0.00572562 0.0170359 -0.0205522 0.00568734 0.999981 0.002295 -0.00675622 -0.0170487 -0.00219774 0.999852 0.00204527 0.0 0.0 0.0 1.0
fire/seq-02/color/frame-000151.color.png fire/seq-02/color/frame-000153.color.png 0.999946 -0.00327905 0.00985704 -0.011987 0.00327676 0.999995 0.000248985 -0.00314127 -0.0098578 -0.000216677 0.999951 0.00180577 0.0 0.0 0.0 1.0
fire/seq-02/color/frame-000152.color.png fire/seq-02/color/frame-000154.color.png 0.999938 -0.00500975 0.00993248 -0.010794 0.00501858 0.999987 -0.000865826 -0.00446777 -0.00992805 0.000915612 0.99995 -0.000473611 0.0 0.0 0.0 1.0
fire/seq-02/color/frame-000153.color.png fire/seq-02/color/frame-000155.color.png 0.999671 -0.0141183 0.0213923 -0.0227815 0.014232 0.999885 -0.00517362 -0.00658226 -0.0213168 0.00547638 0.999758 0.00362193 0.0 0.0 0.0 1.0
fire/seq-02/color/frame-000154.color.png fire/seq-02/color/frame-000156.color.png 0.99968 -0.0185484 0.0172204 -0.0179176 0.0187018 0.999786 -0.00878937 -0.00309023 -0.0170537 0.0091086 0.999813 -0.00194511 0.0 0.0 0.0 1.0
fire/seq-02/color/frame-000155.color.png fire/seq-02/color/frame-000157.color.png 0.99971 -0.0146483 0.0191269 -0.0173505 0.0147537 0.999877 -0.00538139 -0.00203849 -0.0190457 0.00566201 0.999802 -2.25753e-06 0.0 0.0 0.0 1.0
fire/seq-02/color/frame-000156.color.png fire/seq-02/color/frame-000158.color.png 0.999635 -0.0168094 0.0211315 -0.0189583 0.016883 0.999852 -0.00330781 -0.00530938 -0.0210728 0.00366336 0.999771 -0.00104324 0.0 0.0 0.0 1.0
fire/seq-02/color/frame-000157.color.png fire/seq-02/color/frame-000159.color.png 0.999889 -0.0110335 0.0100275 -0.0103157 0.0110736 0.999931 -0.00395249 -0.000789531 -0.00998317 0.0040631 0.999942 -0.000467286 0.0 0.0 0.0 1.0
fire/seq-02/color/frame-000158.color.png fire/seq-02/color/frame-000160.color.png 0.999932 -0.00853864 0.00798985 -0.0116879 0.00857948 0.99995 -0.00509236 0.000598103 -0.0079459 0.00516057 0.999955 0.00173581 0.0 0.0 0.0 1.0
fire/seq-02/color/frame-000159.color.png fire/seq-02/color/frame-000161.color.png 0.99983 -0.0113306 0.014549 -0.022125 0.0114505 0.999901 -0.00818335 0.000236839 -0.0144548 0.00834855 0.999861 0.00303098 0.0 0.0 0.0 1.0
fire/seq-02/color/frame-000160.color.png fire/seq-02/color/frame-000162.color.png 0.999814 -0.0107278 0.016047 -0.0216828 0.0108456 0.999915 -0.00727083 0.000424884 -0.0159677 0.00744351 0.999845 0.000713289 0.0 0.0 0.0 1.0
fire/seq-02/color/frame-000161.color.png fire/seq-02/color/frame-000163.color.png 0.999606 -0.0228277 0.0163315 -0.017752 0.0229367 0.999716 -0.00651775 -0.0039882 -0.0161781 0.00688977 0.999845 -0.00421532 0.0 0.0 0.0 1.0
fire/seq-02/color/frame-000162.color.png fire/seq-02/color/frame-000164.color.png 0.999488 -0.0263909 0.0180877 -0.0215602 0.0265832 0.999592 -0.0104763 -0.000919417 -0.0178038 0.0109517 0.999781 -0.00200707 0.0 0.0 0.0 1.0
fire/seq-02/color/frame-000163.color.png fire/seq-02/color/frame-000165.color.png 0.999574 -0.0252467 0.0146494 -0.0212764 0.0254533 0.999577 -0.0140944 0.00422832 -0.0142873 0.0144613 0.999793 -0.000917628 0.0 0.0 0.0 1.0
fire/seq-02/color/frame-000164.color.png fire/seq-02/color/frame-000166.color.png 0.99979 -0.0180118 0.00977119 -0.0149768 0.0181152 0.99978 -0.0105922 0.0049945 -0.00957827 0.010767 0.999896 -0.00112946 0.0 0.0 0.0 1.0
fire/seq-02/color/frame-000165.color.png fire/seq-02/color/frame-000167.color.png 0.999803 -0.0124124 0.0155138 -0.019419 0.0125107 0.999902 -0.00625841 -0.0021331 -0.0154346 0.00645126 0.99986 -0.00104944 0.0 0.0 0.0 1.0
fire/seq-02/color/frame-000166.color.png fire/seq-02/color/frame-000168.color.png 0.999728 -0.0146994 0.0181244 -0.0204794 0.0149762 0.999772 -0.0152345 -0.00188716 -0.0178963 0.0155018 0.99972 -0.000566617 0.0 0.0 0.0 1.0
fire/seq-02/color/frame-000167.color.png fire/seq-02/color/frame-000169.color.png 0.999706 -0.0151049 0.018957 -0.0231392 0.0155904 0.999548 -0.0257264 0.00660296 -0.0185599 0.0260144 0.999489 -0.00203771 0.0 0.0 0.0 1.0
fire/seq-02/color/frame-000168.color.png fire/seq-02/color/frame-000170.color.png 0.999789 -0.0123039 0.0164257 -0.0222188 0.0126503 0.999696 -0.021159 0.00653928 -0.0161603 0.0213624 0.999641 -0.00584625 0.0 0.0 0.0 1.0
fire/seq-02/color/frame-000169.color.png fire/seq-02/color/frame-000171.color.png 0.999798 -0.0102846 0.0172524 -0.0255701 0.0105442 0.999832 -0.0150244 0.00192624 -0.0170949 0.0152033 0.999738 -0.00907739 0.0 0.0 0.0 1.0
fire/seq-02/color/frame-000170.color.png fire/seq-02/color/frame-000172.color.png 0.999792 -0.0101927 0.017643 -0.0268534 0.0104907 0.999802 -0.0168847 0.00819133 -0.0174674 0.0170663 0.999702 -0.00736564 0.0 0.0 0.0 1.0
fire/seq-02/color/frame-000171.color.png fire/seq-02/color/frame-000173.color.png 0.999752 -0.0116344 0.0189781 -0.0298031 0.0118955 0.999835 -0.0137034 0.0115704 -0.0188156 0.0139258 0.999726 -0.00409258 0.0 0.0 0.0 1.0
fire/seq-02/color/frame-000172.color.png fire/seq-02/color/frame-000174.color.png 0.999794 -0.00918799 0.0180968 -0.0262398 0.00932588 0.999928 -0.00755 0.0108789 -0.0180262 0.00771722 0.999808 -0.000785753 0.0 0.0 0.0 1.0
fire/seq-02/color/frame-000173.color.png fire/seq-02/color/frame-000175.color.png 0.999759 -0.00977669 0.0196761 -0.0275427 0.00984467 0.999946 -0.00336132 0.0102732 -0.0196421 0.00355421 0.999801 -0.00267239 0.0 0.0 0.0 1.0
fire/seq-02/color/frame-000174.color.png fire/seq-02/color/frame-000176.color.png 0.999789 -0.00951663 0.0182039 -0.0300724 0.00956925 0.99995 -0.00280593 0.00980912 -0.0181763 0.00297953 0.99983 0.00212087 0.0 0.0 0.0 1.0
fire/seq-02/color/frame-000175.color.png fire/seq-02/color/frame-000177.color.png 0.999846 -0.0144037 0.010034 -0.0220391 0.014445 0.999887 -0.00405629 0.00697461 -0.00997448 0.00420063 0.999941 -0.00239903 0.0 0.0 0.0 1.0
fire/seq-02/color/frame-000176.color.png fire/seq-02/color/frame-000178.color.png 0.999741 -0.0206341 0.00960575 -0.0174673 0.0206914 0.999768 -0.00589973 0.00492622 -0.0094817 0.00609695 0.999936 -0.00403722 0.0 0.0 0.0 1.0
