fire/seq-02/color/frame-000000.color.png fire/seq-02/color/frame-000001.color.png 0.999999 -0.000534841 0.00150126 -0.00125426 0.000532226 0.999998 0.00174222 -0.000287545 -0.00150219 -0.00174142 0.999997 0.000684275 0.0 0.0 0.0 1.0
fire/seq-02/color/frame-000001.color.png fire/seq-02/color/frame-000002.color.png 0.999997 -0.00247789 0.000145253 -0.000546102 0.00247804 0.999996 -0.00103993 0.00120912 -0.000142675 0.00104028 0.999999 0.00176824 0.0 0.0 0.0 1.0
fire/seq-02/color/frame-000002.color.png fire/seq-02/color/frame-000003.color.png 1.0 5.16219e-05 0.000373758 -0.00200153 -5.1099e-05 0.999999 -0.00139916 0.00197584 -0.00037383 0.00139914 0.999999 -0.000202506 0.0 0.0 0.0 1.0
fire/seq-02/color/frame-000003.color.png fire/seq-02/color/frame-000004.color.png 1.0 -0.000343087 0.000590961 -0.000245805 0.00034389 0.999999 -0.00135917 0.00274331 -0.000590494 0.00135938 0.999999 0.00176346 0.0 0.0 0.0 1.0
fire/seq-02/color/frame-000004.color.png fire/seq-02/color/frame-000005.color.png 0.999996 -0.00276215 0.000961189 -0.000841328 0.00276394 0.999995 -0.00186919 0.00169914 -0.000956021 0.00187184 0.999998 0.00270963 0.0 0.0 0.0 1.0
fire/seq-02/color/frame-000005.color.png fire/seq-02/color/frame-000006.color.png 0.999996 -0.0026603 -0.000435762 -0.000895896 0.00265878 0.99999 -0.00345515 0.00502693 0.00044495 0.00345398 0.999994 0.00091614 0.0 0.0 0.0 1.0
fire/seq-02/color/frame-000006.color.png fire/seq-02/color/frame-000007.color.png 0.999999 -0.000711114 0.00126725 -0.00263041 0.000710367 0.999999 0.000590273 0.00267283 -0.00126767 -0.000589372 0.999999 0.000796617 0.0 0.0 0.0 1.0
fire/seq-02/color/frame-000007.color.png fire/seq-02/color/frame-000008.color.png 0.999997 -0.00221933 0.000929241 -0.000694306 0.00221992 0.999997 -0.000635846 0.00206576 -0.000927826 0.000637907 0.999999 0.00373468 0.0 0.0 0.0 1.0
fire/seq-02/color/frame-000008.color.png fire/seq-02/color/frame-000009.color.png 0.999999 -0.00128705 0.00102049 -0.000674204 0.00129215 0.999987 -0.00501865 0.00333868 -0.00101402 0.00501996 0.999987 0.00359604 0.0 0.0 0.0 1.0
fire/seq-02/color/frame-000009.color.png fire/seq-02/color/frame-000010.color.png 0.999995 0.00165148 0.0028835 -0.00264866 -0.00163722 0.999987 -0.00494083 0.00611622 -0.00289162 0.00493608 0.999984 -0.00115727 0.0 0.0 0.0 1.0
fire/seq-02/color/frame-000010.color.png fire/seq-02/color/frame-000011.color.png 0.999987 -0.00332491 0.00379053 -0.00494878 0.0033226 0.999994 0.000613688 0.00537639 -0.00379255 -0.000601085 0.999993 -0.000280651 0.0 0.0 0.0 1.0
fire/seq-02/color/frame-000011.color.png fire/seq-02/color/frame-000012.color.png 0.999981 -0.00607615 0.00112018 -0.00270793 0.0060731 0.999978 0.00270603 0.00226746 -0.00113659 -0.00269918 0.999996 0.00284997 0.0 0.0 0.0 1.0
fire/seq-02/color/frame-000012.color.png fire/seq-02/color/frame-000013.color.png 0.999973 -0.00729186 0.000522164 -0.000881882 0.00729367 0.999967 -0.00354177 0.00326215 -0.000496324 0.00354548 0.999994 0.00456161 0.0 0.0 0.0 1.0
fire/seq-02/color/frame-000013.color.png fire/seq-02/color/frame-000014.color.png 0.999997 0.000550658 0.00234135 -0.00390693 -0.000539144 0.999988 -0.00491745 0.00638259 -0.00234403 0.00491618 0.999985 0.00149697 0.0 0.0 0.0 1.0
fire/seq-02/color/frame-000014.color.png fire/seq-02/color/frame-000015.color.png 0.999996 -0.000597623 0.00290748 -0.00362672 0.000599708 1.0 -0.0007151 0.00672006 -0.00290705 0.000716838 0.999996 0.000857456 0.0 0.0 0.0 1.0
fire/seq-02/color/frame-000015.color.png fire/seq-02/color/frame-000016.color.png 0.999992 -0.00348533 0.00183384 -0.00443532 0.00348275 0.999993 0.00140516 0.00369321 -0.00183872 -0.00139876 0.999997 0.00248345 0.0 0.0 0.0 1.0
fire/seq-02/color/frame-000016.color.png fire/seq-02/color/frame-000017.color.png 0.999984 -0.00548354 0.00110802 -0.00309442 0.0054843 0.999985 -0.000686588 0.00346626 -0.00110424 0.000692655 0.999999 0.00421427 0.0 0.0 0.0 1.0
fire/seq-02/color/frame-000017.color.png fire/seq-02/color/frame-000018.color.png 0.999989 -0.00472966 0.000174479 -0.00324265 0.00473008 0.999986 -0.00241864 0.00467633 -0.000163035 0.00241944 0.999997 0.00491653 0.0 0.0 0.0 1.0
fire/seq-02/color/frame-000018.color.png fire/seq-02/color/frame-000019.color.png 0.999999 -0.000249906 0.00136828 -0.00430198 0.000252453 0.999998 -0.00186628 0.00741706 -0.00136781 0.00186663 0.999997 0.00263378 0.0 0.0 0.0 1.0
fire/seq-02/color/frame-000019.color.png fire/seq-02/color/frame-000020.color.png 0.999994 -0.00121744 0.003361 -0.00510997 0.00121233 0.999998 0.00152615 0.00406245 -0.00336285 -0.00152207 0.999993 0.00424396 0.0 0.0 0.0 1.0
fire/seq-02/color/frame-000020.color.png fire/seq-02/color/frame-000021.color.png 0.999968 -0.00785146 0.00142954 -0.00361515 0.0078527 0.999969 -0.000854736 0.00294472 -0.00142279 0.00086593 0.999999 0.00593453 0.0 0.0 0.0 1.0
fire/seq-02/color/frame-000021.color.png fire/seq-02/color/frame-000022.color.png 0.999997 -0.00115455 0.0019467 -0.00378911 0.00116153 0.999993 -0.00359197 0.00854577 -0.00194254 0.00359422 0.999992 0.00470828 0.0 0.0 0.0 1.0
fire/seq-02/color/frame-000022.color.png fire/seq-02/color/frame-000023.color.png 0.999971 -0.0041331 0.00636047 -0.0047152 0.00411687 0.999988 0.00256118 0.00303905 -0.00637097 -0.00253493 0.999977 0.00431661 0.0 0.0 0.0 1.0
fire/seq-02/color/frame-000023.color.png fire/seq-02/color/frame-000024.color.png 0.999934 -0.0108105 0.00401549 -0.00394563 0.0108122 0.999942 -0.000405392 -0.00027699 -0.00401088 0.000448782 0.999992 0.00737407 0.0 0.0 0.0 1.0
fire/seq-02/color/frame-000024.color.png fire/seq-02/color/frame-000025.color.png 0.999982 -0.00539672 0.00247385 -0.00425524 0.00542278 0.999928 -0.0106536 0.00569219 -0.00241618 0.0106668 0.99994 0.00355101 0.0 0.0 0.0 1.0
fire/seq-02/color/frame-000025.color.png fire/seq-02/color/frame-000026.color.png 0.999974 -0.00193372 0.00686281 -0.00730396 0.00198113 0.999974 -0.00690954 0.00921346 -0.00684927 0.00692297 0.999953 -0.000971399 0.0 0.0 0.0 1.0
fire/seq-02/color/frame-000026.color.png fire/seq-02/color/frame-000027.color.png 0.999924 -0.0109142 0.00576328 -0.00838207 0.0109041 0.999939 0.00177851 0.00301474 -0.00578235 -0.00171553 0.999982 0.00149681 0.0 0.0 0.0 1.0
fire/seq-02/color/frame-000027.color.png fire/seq-02/color/frame-000028.color.png 0.999971 -0.00752639 -0.00123301 -0.00126515 0.00752581 0.999971 -0.000484763 0.00415233 0.00123662 0.000475477 0.999999 0.00737064 0.0 0.0 0.0 1.0
fire/seq-02/color/frame-000028.color.png fire/seq-02/color/frame-000029.color.png 0.999992 0.003247 0.00246902 -0.0030158 -0.003247 0.999995 -7.82709e-06 0.00323519 -0.00246903 -2.09979e-07 0.999997 0.00381838 0.0 0.0 0.0 1.0
fire/seq-02/color/frame-000029.color.png fire/seq-02/color/frame-000030.color.png 0.999984 -0.00286575 0.00493719 -0.00437839 0.0028855 0.999988 -0.00400184 0.00212052 -0.00492566 0.00401603 0.99998 0.0044272 0.0 0.0 0.0 1.0
fire/seq-02/color/frame-000030.color.png fire/seq-02/color/frame-000031.color.png 0.999994 -0.00301116 0.00180817 -0.00569183 0.00302292 0.999974 -0.00653766 0.00682945 -0.00178843 0.00654309 0.999977 0.000268936 0.0 0.0 0.0 1.0
fire/seq-02/color/frame-000031.color.png fire/seq-02/color/frame-000032.color.png 0.999995 -0.00123528 0.00276175 -0.00364859 0.00123948 0.999998 -0.00152062 0.00585401 -0.00275989 0.00152403 0.999995 0.00156044 0.0 0.0 0.0 1.0
fire/seq-02/color/frame-000032.color.png fire/seq-02/color/frame-000033.color.png 0.999992 -0.00361164 0.00197168 -0.00204433 0.00361312 0.999993 -0.000749704 0.00267421 -0.00196895 0.000756815 0.999998 0.00429194 0.0 0.0 0.0 1.0
fire/seq-02/color/frame-000033.color.png fire/seq-02/color/frame-000034.color.png 0.999996 0.00256031 0.00143409 -0.00298544 -0.00255373 0.999986 -0.00457823 0.00676443 -0.00144577 0.00457456 0.999988 0.00373992 0.0 0.0 0.0 1.0
fire/seq-02/color/frame-000034.color.png fire/seq-02/color/frame-000035.color.png 0.999995 0.00111575 0.00291953 -0.0044443 -0.00111197 0.999998 -0.0012916 0.00676435 -0.00292097 0.00128834 0.999995 0.000190258 0.0 0.0 0.0 1.0
fire/seq-02/color/frame-000035.color.png fire/seq-02/color/frame-000036.color.png 0.999994 -0.00105876 0.00321371 -0.00392217 0.00105495 0.999999 0.00118755 0.00735909 -0.00321498 -0.00118416 0.999994 0.00243414 0.0 0.0 0.0 1.0
fire/seq-02/color/frame-000036.color.png fire/seq-02/color/frame-000037.color.png 0.999992 -0.00374971 0.0011573 -0.0014827 0.00374568 0.999987 0.00347049 0.00469856 -0.00117032 -0.00346612 0.999993 0.00376199 0.0 0.0 0.0 1.0
fire/seq-02/color/frame-000037.color.png fire/seq-02/color/frame-000038.color.png 0.999995 0.003026 0.000413717 0.000855908 -0.0030261 0.999995 0.000212328 0.00533724 -0.000413067 -0.000213579 1.0 0.00717974 0.0 0.0 0.0 1.0
fire/seq-02/color/frame-000038.color.png fire/seq-02/color/frame-000039.color.png 0.999989 0.004199 0.00218736 -0.00334062 -0.00419932 0.999991 0.000136692 0.00796518 -0.00218678 -0.000145874 0.999998 -0.00164521 0.0 0.0 0.0 1.0
fire/seq-02/color/frame-000039.color.png fire/seq-02/color/frame-000040.color.png 0.999996 -0.00270048 -0.000586183 0.000954159 0.00270339 0.999984 0.00502705 0.00352402 0.000572611 -0.00502861 0.999987 0.0062555 0.0 0.0 0.0 1.0
fire/seq-02/color/frame-000040.color.png fire/seq-02/color/frame-000041.color.png 1.0 0.000550594 -0.000188189 0.00310864 -0.000551128 0.999996 -0.00286888 0.00731161 0.000186622 0.00286898 0.999996 0.00849747 0.0 0.0 0.0 1.0
fire/seq-02/color/frame-000041.color.png fire/seq-02/color/frame-000042.color.png 0.99998 0.00482107 0.00414386 -0.000135235 -0.00480466 0.999981 -0.00395495 0.00822024 -0.00416286 0.00393497 0.999983 -0.000754505 0.0 0.0 0.0 1.0
fire/seq-02/color/frame-000042.color.png fire/seq-02/color/frame-000043.color.png 0.999987 0.00048774 0.00507592 -0.000765927 -0.000484397 1.0 -0.000662511 0.00493824 -0.00507623 0.000660044 0.999987 0.00323632 0.0 0.0 0.0 1.0
fire/seq-02/color/frame-000043.color.png fire/seq-02/color/frame-000044.color.png 0.999997 -0.000696657 0.00228079 0.00066492 0.000708722 0.999986 -0.00529341 0.00553165 -0.00227707 0.00529501 0.999983 0.00185591 0.0 0.0 0.0 1.0
fire/seq-02/color/frame-000044.color.png fire/seq-02/color/frame-000045.color.png 0.99999 0.00292749 0.00348111 0.00222691 -0.00290485 0.999975 -0.006494 0.00774178 -0.00350004 0.00648381 0.999973 -0.00200212 0.0 0.0 0.0 1.0
fire/seq-02/color/frame-000045.color.png fire/seq-02/color/frame-000046.color.png 0.999975 -0.00190511 0.00678884 -0.00323591 0.00190206 0.999998 0.00046039 0.00634034 -0.00678968 -0.000447461 0.999977 -0.00345263 0.0 0.0 0.0 1.0
fire/seq-02/color/frame-000046.color.png fire/seq-02/color/frame-000047.color.png 1.0 -4.50353e-05 0.000696009 0.00286742 4.4039e-05 0.999999 0.00141529 0.00741406 -0.000696074 -0.00141526 0.999999 0.00368041 0.0 0.0 0.0 1.0
fire/seq-02/color/frame-000047.color.png fire/seq-02/color/frame-000048.color.png 0.999983 0.00582381 0.000833288 -0.000371434 -0.00582775 0.999971 0.00481298 0.00445557 -0.000805225 -0.00481775 0.999988 0.00209036 0.0 0.0 0.0 1.0
fire/seq-02/color/frame-000048.color.png fire/seq-02/color/frame-000049.color.png 0.999999 -0.000655577 -0.000742493 0.00452552 0.00065941 0.999986 0.00516199 0.0032521 0.000739095 -0.00516248 0.999986 0.00499302 0.0 0.0 0.0 1.0
fire/seq-02/color/frame-000049.color.png fire/seq-02/color/frame-000050.color.png 0.999988 -0.00475625 0.00100205 -0.000529654 0.00475784 0.999987 -0.00159197 0.00852925 -0.000994464 0.00159672 0.999998 0.00422224 0.0 0.0 0.0 1.0
fire/seq-02/color/frame-000050.color.png fire/seq-02/color/frame-000051.color.png 0.999986 0.000678699 -0.0053049 0.00586426 -0.000673094 0.999999 0.00106245 0.00787894 0.00530563 -0.00105887 0.999985 0.00116028 0.0 0.0 0.0 1.0
fire/seq-02/color/frame-000051.color.png fire/seq-02/color/frame-000052.color.png 0.999984 0.00560395 -0.000887702 0.00476463 -0.0055989 0.999969 0.00559049 0.00199288 0.000919009 -0.00558543 0.999984 0.00373849 0.0 0.0 0.0 1.0
fire/seq-02/color/frame-000052.color.png fire/seq-02/color/frame-000053.color.png 0.999999 -0.00124002 -0.000522499 0.00505633 0.001241 0.999998 0.00186113 0.00122246 0.000520172 -0.00186178 0.999998 0.00204942 0.0 0.0 0.0 1.0
fire/seq-02/color/frame-000053.color.png fire/seq-02/color/frame-000054.color.png 0.999988 0.00346344 -0.00340677 0.0047467 -0.00346227 0.999994 0.000353504 0.002823 0.00340798 -0.000341696 0.999994 -0.000375748 0.0 0.0 0.0 1.0
fire/seq-02/color/frame-000054.color.png fire/seq-02/color/frame-000055.color.png 0.999986 0.00489452 -0.00182308 0.00529952 -0.00489417 0.999988 0.00018619 0.00328289 0.00182399 -0.000177285 0.999998 0.00319588 0.0 0.0 0.0 1.0
fire/seq-02/color/frame-000055.color.png fire/seq-02/color/frame-000056.color.png 0.999995 0.00298319 0.000644444 0.00338901 -0.00298202 0.999994 -0.00184497 0.00257941 -0.00064995 0.00184306 0.999998 -0.00208825 0.0 0.0 0.0 1.0
fire/seq-02/color/frame-000056.color.png fire/seq-02/color/frame-000057.color.png 0.999995 0.00308752 0.000301489 0.00245201 -0.00308744 0.999995 -0.00030526 0.00475809 -0.000302435 0.000304331 1.0 -0.00467104 0.0 0.0 0.0 1.0
fire/seq-02/color/frame-000057.color.png fire/seq-02/color/frame-000058.color.png 0.999997 -0.00024646 -0.0024882 0.0077462 0.000256745 0.999991 0.00413531 -0.000459671 0.00248716 -0.00413594 0.999988 0.00291671 0.0 0.0 0.0 1.0
fire/seq-02/color/frame-000058.color.png fire/seq-02/color/frame-000059.color.png 0.999994 0.00334827 -0.000420627 0.00641626 -0.00334773 0.999994 0.00123271 0.0011695 0.000424747 -0.0012313 0.999999 0.0026408 0.0 0.0 0.0 1.0
fire/seq-02/color/frame-000059.color.png fire/seq-02/color/frame-000060.color.png 0.999992 0.00395444 0.00100584 0.00421925 -0.00395218 0.99999 -0.00223128 0.00244972 -0.00101465 0.00222729 0.999997 0.000246152 0.0 0.0 0.0 1.0
fire/seq-02/color/frame-000060.color.png fire/seq-02/color/frame-000061.color.png 0.999992 0.00407139 -7.99029e-05 0.00647217 -0.00407146 0.999991 -0.000758885 0.00424355 7.68241e-05 0.000759204 1.0 -0.000657082 0.0 0.0 0.0 1.0
fire/seq-02/color/frame-000061.color.png fire/seq-02/color/frame-000062.color.png 0.999983 0.0057163 0.00105143 0.00768983 -0.00571774 0.999983 0.00137577 0.0024749 -0.00104355 -0.00138177 0.999999 0.0022081 0.0 0.0 0.0 1.0
fire/seq-02/color/frame-000062.color.png fire/seq-02/color/frame-000063.color.png 0.999995 0.0027217 0.00192172 0.00529863 -0.00272239 0.999996 0.000364114 0.000462323 -0.00192074 -0.000369342 0.999998 -0.00063169 0.0 0.0 0.0 1.0
fire/seq-02/color/frame-000063.color.png fire/seq-02/color/frame-000064.color.png 0.999993 0.00382427 -4.30488e-05 0.00766419 -0.00382439 0.999989 -0.00261353 0.00329775 3.30563e-05 0.00261368 0.999997 -5.71012e-05 0.0 0.0 0.0 1.0
fire/seq-02/color/frame-000064.color.png fire/seq-02/color/frame-000065.color.png 0.999999 0.000535341 0.00121637 0.007911 -0.000533961 0.999999 -0.00112463 0.000157982 -0.00121697 0.00112396 0.999999 0.000884682 0.0 0.0 0.0 1.0
fire/seq-02/color/frame-000065.color.png fire/seq-02/color/frame-000066.color.png 0.999992 0.00351426 0.00218118 0.00390295 -0.00351107 0.999993 -0.00145914 0.00143564 -0.0021863 0.00145147 0.999997 -0.00492781 0.0 0.0 0.0 1.0
fire/seq-02/color/frame-000066.color.png fire/seq-02/color/frame-000067.color.png 0.999997 0.000246183 -0.0025755 0.00689929 -0.00023965 0.999997 0.00254247 -0.000488609 0.00257615 -0.00254185 0.999994 -0.00297666 0.0 0.0 0.0 1.0
fire/seq-02/color/frame-000067.color.png fire/seq-02/color/frame-000068.color.png 0.999989 -0.000200413 -0.0045906 0.00639901 0.000212667 0.999996 0.00266755 -0.00199202 0.00459005 -0.0026685 0.999986 0.000287011 0.0 0.0 0.0 1.0
fire/seq-02/color/frame-000068.color.png fire/seq-02/color/frame-000069.color.png 0.999965 -0.000577905 -0.00840054 0.0118166 0.000545441 0.999992 -0.00386588 0.00918952 0.0084027 0.00386116 0.999957 0.00182401 0.0 0.0 0.0 1.0
fire/seq-02/color/frame-000069.color.png fire/seq-02/color/frame-000070.color.png 0.999987 -0.00071763 -0.00499645 0.00819074 0.000728253 0.999997 0.00212423 -0.00013724 0.00499491 -0.00212784 0.999985 -0.000557646 0.0 0.0 0.0 1.0
fire/seq-02/color/frame-000070.color.png fire/seq-02/color/frame-000071.color.png 0.999978 -0.00222275 -0.00617705 0.00758999 0.00223543 0.999995 0.00204724 -0.00463989 0.00617247 -0.00206101 0.999979 0.000354975 0.0 0.0 0.0 1.0
fire/seq-02/color/frame-000071.color.png fire/seq-02/color/frame-000072.color.png 0.999919 0.000934532 -0.0126598 0.0130215 -0.000996863 0.999987 -0.00491775 0.0038715 0.0126551 0.00492997 0.999908 -0.00339164 0.0 0.0 0.0 1.0
fire/seq-02/color/frame-000072.color.png fire/seq-02/color/frame-000073.color.png 0.999959 0.0053089 -0.00735665 0.0066098 -0.0053101 0.999986 -0.000144962 0.00342679 0.00735577 0.000184022 0.999973 -0.00203593 0.0 0.0 0.0 1.0
fire/seq-02/color/frame-000073.color.png fire/seq-02/color/frame-000074.color.png 0.99996 0.00815309 -0.00361658 0.0038846 -0.00814188 0.999962 0.00310506 0.000467032 0.00364177 -0.0030755 0.999989 0.00224294 0.0 0.0 0.0 1.0
fire/seq-02/color/frame-000074.color.png fire/seq-02/color/frame-000075.color.png 0.999833 0.0180459 -0.00298824 0.00903022 -0.0180353 0.999831 0.00354898 0.00323272 0.00305177 -0.00349449 0.999989 -0.0023858 0.0 0.0 0.0 1.0
fire/seq-02/color/frame-000075.color.png fire/seq-02/color/frame-000076.color.png 0.999662 0.0233681 0.011348 -0.000322565 -0.0234552 0.999696 0.0075996 -0.00119746 -0.011167 -0.00786321 0.999907 0.00665063 0.0 0.0 0.0 1.0
fire/seq-02/color/frame-000076.color.png fire/seq-02/color/frame-000077.color.png 0.99992 0.00638127 0.0109607 0.00356827 -0.00636327 0.999978 -0.0016766 0.000753492 -0.0109712 0.00160671 0.999938 -0.000223249 0.0 0.0 0.0 1.0
fire/seq-02/color/frame-000077.color.png fire/seq-02/color/frame-000078.color.png 0.999975 -0.00567044 0.00432806 0.0083814 0.00568137 0.999981 -0.00251878 0.00356376 -0.00431368 0.00254332 0.999987 -0.00508733 0.0 0.0 0.0 1.0
fire/seq-02/color/frame-000078.color.png fire/seq-02/color/frame-000079.color.png 0.999992 -0.0034551 -0.00206367 0.00962725 0.0034628 0.999987 0.00374035 -0.0048635 0.00205071 -0.00374747 0.999991 -0.000961691 0.0 0.0 0.0 1.0
fire/seq-02/color/frame-000079.color.png fire/seq-02/color/frame-000080.color.png 0.999986 0.00144699 -0.00498408 0.00827514 -0.00144505 0.999999 0.00039407 -0.000961274 0.00498464 -0.000386845 0.999987 -0.00139211 0.0 0.0 0.0 1.0
fire/seq-02/color/frame-000080.color.png fire/seq-02/color/frame-000081.color.png 0.999978 0.0049553 -0.00429288 0.0091419 -0.00495102 0.999987 0.00100712 -0.00103629 0.00429782 -0.000985843 0.99999 -0.000566006 0.0 0.0 0.0 1.0
fire/seq-02/color/frame-000081.color.png fire/seq-02/color/frame-000082.color.png 0.999996 -0.0012483 -0.00260431 0.00952506 0.00124076 0.999995 -0.00289543 -2.5928e-06 0.00260792 0.00289218 0.999992 -0.00080131 0.0 0.0 0.0 1.0
fire/seq-02/color/frame-000082.color.png fire/seq-02/color/frame-000083.color.png 0.999996 -0.000265565 -0.00276413 0.00964017 0.000262726 0.999999 -0.00102835 -0.0016166 0.00276441 0.00102762 0.999996 -0.00412598 0.0 0.0 0.0 1.0
fire/seq-02/color/frame-000083.color.png fire/seq-02/color/frame-000084.color.png 0.999991 0.00333891 -0.0027609 0.00873414 -0.0033419 0.999994 -0.00108167 0.00109816 0.00275726 0.0010909 0.999995 -0.00356983 0.0 0.0 0.0 1.0
fire/seq-02/color/frame-000084.color.png fire/seq-02/color/frame-000085.color.png 0.999996 0.00266478 -0.000897891 0.00755733 -0.00266257 0.999993 0.00244813 -0.00205752 0.000904408 -0.00244573 0.999997 -0.00083743 0.0 0.0 0.0 1.0
fire/seq-02/color/frame-000085.color.png fire/seq-02/color/frame-000086.color.png 0.999995 0.00231969 -0.00224891 0.0091334 -0.00232075 0.999997 -0.000467775 0.00107679 0.00224783 0.000472996 0.999997 -0.00139385 0.0 0.0 0.0 1.0
fire/seq-02/color/frame-000086.color.png fire/seq-02/color/frame-000087.color.png 0.999989 0.00432739 -0.00176563 0.00825626 -0.00432348 0.999988 0.0022166 -0.0016335 0.0017752 -0.00220895 0.999996 -0.00365576 0.0 0.0 0.0 1.0
fire/seq-02/color/frame-000087.color.png fire/seq-02/color/frame-000088.color.png 1.0 -0.000101746 4.58783e-05 -7.52658e-05 0.000101748 1.0 -3.55409e-05 -5.34058e-05 -4.58834e-05 3.55473e-05 1.0 -0.000134006 0.0 0.0 0.0 1.0
fire/seq-02/color/frame-000088.color.png fire/seq-02/color/frame-000089.color.png 0.999978 0.00646331 -0.00172344 0.00758067 -0.00645804 0.999974 0.00304324 -0.00125289 0.00174308 -0.00303204 0.999994 -0.00163592 0.0 0.0 0.0 1.0
fire/seq-02/color/frame-000089.color.png fire/seq-02/color/frame-000090.color.png 0.999988 0.00495761 0.000197454 0.00515245 -0.00495826 0.999982 0.00335463 -0.00476992 -0.000180827 -0.00335556 0.999994 0.00131895 0.0 0.0 0.0 1.0
fire/seq-02/color/frame-000090.color.png fire/seq-02/color/frame-000091.color.png 0.999995 0.00178344 -0.00268397 0.0115181 -0.00178761 0.999997 -0.00155237 -0.0016537 0.00268121 0.00155715 0.999995 -0.00315014 0.0 0.0 0.0 1.0
fire/seq-02/color/frame-000091.color.png fire/seq-02/color/frame-000092.color.png 0.999998 -0.000816177 -0.00196186 0.00997417 0.000817262 1.0 0.000555123 -0.00130749 0.0019614 -0.000556718 0.999998 -0.00261936 0.0 0.0 0.0 1.0
fire/seq-02/color/frame-000092.color.png fire/seq-02/color/frame-000093.color.png 0.999982 0.00429044 -0.00419384 0.0079466 -0.00427038 0.999979 0.00478023 -0.00428802 0.00421427 -0.00476225 0.99998 -0.00108277 0.0 0.0 0.0 1.0
fire/seq-02/color/frame-000093.color.png fire/seq-02/color/frame-000094.color.png 0.999971 0.00358803 -0.00673579 0.00760618 -0.0035732 0.999991 0.00221287 -0.00391155 0.00674367 -0.00218874 0.999975 -0.00084459 0.0 0.0 0.0 1.0
fire/seq-02/color/frame-000094.color.png fire/seq-02/color/frame-000095.color.png 0.999971 0.00273487 -0.00712748 0.00976224 -0.00274957 0.999994 -0.00205233 -0.00317729 0.00712182 0.00207186 0.999973 -0.00190764 0.0 0.0 0.0 1.0
fire/seq-02/color/frame-000095.color.png fire/seq-02/color/frame-000096.color.png 0.999981 0.00317995 -0.0052081 0.0126151 -0.0032095 0.999979 -0.00567682 0.0029054 0.00518994 0.00569344 0.99997 -0.00339158 0.0 0.0 0.0 1.0
fire/seq-02/color/frame-000096.color.png fire/seq-02/color/frame-000097.color.png 1.0 0.000242692 0.000111448 -0.000198886 -0.000242681 1.0 -3.98779e-05 6.75321e-05 -0.000111457 3.98474e-05 1.0 -0.000301041 0.0 0.0 0.0 1.0
fire/seq-02/color/frame-000097.color.png fire/seq-02/color/frame-000098.color.png 0.999993 0.00281482 -0.00222785 0.0112624 -0.00281421 0.999996 0.00027687 0.000309944 0.00222863 -0.000270599 0.999997 -0.00390559 0.0 0.0 0.0 1.0
fire/seq-02/color/frame-000098.color.png fire/seq-02/color/frame-000099.color.png 0.999959 0.00893704 0.00121347 0.00522119 -0.00894117 0.999954 0.00343811 -0.000696123 -0.00118269 -0.00344883 0.999993 0.00314322 0.0 0.0 0.0 1.0
fire/seq-02/color/frame-000099.color.png fire/seq-02/color/frame-000100.color.png 0.99997 0.00742061 -0.00236018 0.00857908 -0.00741392 0.999969 0.00282627 -0.00111054 0.00238108 -0.00280869 0.999993 0.000316679 0.0 0.0 0.0 1.0
fire/seq-02/color/frame-000100.color.png fire/seq-02/color/frame-000101.color.png 0.999987 0.00500685 -0.00129456 0.00787506 -0.0050045 0.999986 0.00182271 -0.00125778 0.00130367 -0.00181622 0.999997 -6.0387e-05 0.0 0.0 0.0 1.0
fire/seq-02/color/frame-000101.color.png fire/seq-02/color/frame-000102.color.png 0.999984 0.00559541 -0.00049555 0.00679711 -0.00559404 0.999981 0.00273172 -0.000368297 0.000510824 -0.00272891 0.999996 -0.000985898 0.0 0.0 0.0 1.0
fire/seq-02/color/frame-000102.color.png fire/seq-02/color/frame-000103.color.png 0.999975 0.00690891 -0.00158701 0.00916457 -0.00690318 0.99997 0.00357128 -0.000287756 0.00161164 -0.00356024 0.999992 -0.00214313 0.0 0.0 0.0 1.0
fire/seq-02/color/frame-000103.color.png fire/seq-02/color/frame-000104.color.png 0.999985 0.00438389 0.00324117 0.00198796 -0.00439204 0.999987 0.0025144 0.000593305 -0.00323011 -0.00252859 0.999992 0.00636583 0.0 0.0 0.0 1.0
fire/seq-02/color/frame-000104.color.png fire/seq-02/color/frame-000105.color.png 1.0 2.95679e-07 -2.81865e-05 3.58224e-05 -3.13942e-07 1.0 -6.63432e-05 8.23736e-05 2.8186e-05 6.63392e-05 1.0 -0.000137754 0.0 0.0 0.0 1.0
fire/seq-02/color/frame-000105.color.png fire/seq-02/color/frame-000106.color.png 0.999996 -0.00113786 -0.00264606 0.00672263 0.00114298 0.999997 0.00194657 -0.00138491 0.00264383 -0.00194958 0.999995 0.000698067 0.0 0.0 0.0 1.0
fire/seq-02/color/frame-000106.color.png fire/seq-02/color/frame-000107.color.png 0.999992 0.00328859 -0.00202752 0.00447428 -0.00328118 0.999988 0.00364066 -0.000372469 0.00203947 -0.00363398 0.999991 0.00196724 0.0 0.0 0.0 1.0
fire/seq-02/color/frame-000107.color.png fire/seq-02/color/frame-000108.color.png 0.999988 0.00226465 -0.0044639 0.00542718 -0.00225044 0.999992 0.00318638 -0.00264424 0.00447108 -0.00317629 0.999985 0.00101259 0.0 0.0 0.0 1.0
fire/seq-02/color/frame-000108.color.png fire/seq-02/color/frame-000109.color.png 0.999965 0.00368807 -0.00755332 0.00989079 -0.00368824 0.999993 -7.42761e-06 0.000230774 0.00755324 3.52832e-05 0.999972 -0.0016821 0.0 0.0 0.0 1.0
fire/seq-02/color/frame-000109.color.png fire/seq-02/color/frame-000110.color.png 0.999991 0.00389937 -0.00167949 0.00386313 -0.00389927 0.999992 5.21703e-05 -0.00274962 0.00167968 -4.56224e-05 0.999999 0.00212035 0.0 0.0 0.0 1.0
fire/seq-02/color/frame-000110.color.png fire/seq-02/color/frame-000111.color.png 0.999997 0.000546385 -0.00224366 0.0026046 -0.00055059 0.999998 -0.00187976 -0.00300266 0.00224262 0.00188099 0.999996 0.000844486 0.0 0.0 0.0 1.0
fire/seq-02/color/frame-000111.color.png fire/seq-02/color/frame-000112.color.png 1.0 0.000211651 0.000246395 -0.000366718 -0.000211695 1.0 0.000101016 -2.61962e-05 -0.000246374 -0.000101066 1.0 0.00027971 0.0 0.0 0.0 1.0
fire/seq-02/color/frame-000112.color.png fire/seq-02/color/frame-000113.color.png 0.999979 0.00408887 -0.00495298 0.00435877 -0.00409478 0.999991 -0.00118686 0.00123441 0.00494808 0.00120712 0.999987 -0.00317456 0.0 0.0 0.0 1.0
fire/seq-02/color/frame-000113.color.png fire/seq-02/color/frame-000114.color.png 0.999953 0.00848425 -0.00466716 0.0055294 -0.00846961 0.999959 0.00314673 -0.00120442 0.00469367 -0.00310706 0.999984 0.00156678 0.0 0.0 0.0 1.0
fire/seq-02/color/frame-000114.color.png fire/seq-02/color/frame-000115.color.png 0.999961 0.00876097 -0.000905629 0.000669032 -0.00876002 0.999961 0.00102758 0.000294149 0.000914595 -0.00101961 0.999999 0.000881061 0.0 0.0 0.0 1.0
fire/seq-02/color/frame-000115.color.png fire/seq-02/color/frame-000116.color.png 0.999986 0.00491183 -0.00204273 0.00449836 -0.00490705 0.999985 0.00235719 -0.000396445 0.00205428 -0.00234713 0.999995 -0.00180855 0.0 0.0 0.0 1.0
fire/seq-02/color/frame-000116.color.png fire/seq-02/color/frame-000117.color.png 0.999963 0.00853025 0.000605865 -0.00123656 -0.0085325 0.999956 0.00378456 -9.07183e-05 -0.000573555 -0.00378959 0.999993 0.00464078 0.0 0.0 0.0 1.0
fire/seq-02/color/frame-000117.color.png fire/seq-02/color/frame-000118.color.png 0.999952 0.00957965 -0.00199021 0.00289899 -0.00957016 0.999943 0.00469912 -0.00152183 0.00203511 -0.00467985 0.999987 1.74344e-06 0.0 0.0 0.0 1.0
fire/seq-02/color/frame-000118.color.png fire/seq-02/color/frame-000119.color.png 1.0 -7.35409e-05 0.0002791 -0.000369877 7.34691e-05 1.0 0.000180801 -0.000268176 -0.000279108 -0.00018078 1.0 -0.00018774 0.0 0.0 0.0 1.0
fire/seq-02/color/frame-000119.color.png fire/seq-02/color/frame-000120.color.png 0.999959 0.00869586 0.00245894 0.00200832 -0.00870663 0.999952 0.00440969 -0.00320618 -0.00242047 -0.00443092 0.999987 0.00332609 0.0 0.0 0.0 1.0
fire/seq-02/color/frame-000120.color.png fire/seq-02/color/frame-000121.color.png 0.999973 0.00294516 0.00671212 -0.00218019 -0.00296273 0.999992 0.00260684 -0.00407083 -0.00670439 -0.00262665 0.999974 0.00334875 0.0 0.0 0.0 1.0
fire/seq-02/color/frame-000121.color.png fire/seq-02/color/frame-000122.color.png 0.999993 0.00266163 0.00272463 0.00121653 -0.00266347 0.999996 0.000683461 -0.00205107 -0.00272279 -0.000690714 0.999996 0.00152695 0.0 0.0 0.0 1.0
fire/seq-02/color/frame-000122.color.png fire/seq-02/color/frame-000123.color.png 0.999987 0.00327482 0.00391075 0.00186321 -0.00327841 0.999994 0.000914985 -0.00164874 -0.00390774 -0.000927794 0.999992 -0.000130132 0.0 0.0 0.0 1.0
fire/seq-02/color/frame-000123.color.png fire/seq-02/color/frame-000124.color.png 0.999969 0.00172224 0.00774338 -0.000406802 -0.00173892 0.999996 0.00213897 -0.0017169 -0.00773967 -0.00215237 0.999968 0.00114073 0.0 0.0 0.0 1.0
fire/seq-02/color/frame-000124.color.png fire/seq-02/color/frame-000125.color.png 1.0 -8.16696e-05 0.000195192 -0.000249177 8.16758e-05 1.0 5.59248e-05 -0.000120163 -0.000195196 -5.59094e-05 1.0 0.000238061 0.0 0.0 0.0 1.0
fire/seq-02/color/frame-000125.color.png fire/seq-02/color/frame-000126.color.png 0.99997 0.00146595 0.00759414 -0.00489768 -0.00148554 0.999996 0.0025724 -0.00227404 -0.00759034 -0.00258361 0.999968 0.00534261 0.0 0.0 0.0 1.0
fire/seq-02/color/frame-000126.color.png fire/seq-02/color/frame-000127.color.png 0.999982 0.00255521 0.00550878 -0.00554305 -0.00256942 0.999993 0.00257253 -0.0021946 -0.00550217 -0.00258663 0.999982 0.00122581 0.0 0.0 0.0 1.0
fire/seq-02/color/frame-000127.color.png fire/seq-02/color/frame-000128.color.png 0.999986 0.00330069 0.00407548 -0.00364667 -0.00331828 0.999985 0.00431929 -0.00393017 -0.00406116 -0.00433275 0.999982 0.00187567 0.0 0.0 0.0 1.0
fire/seq-02/color/frame-000128.color.png fire/seq-02/color/frame-000129.color.png 0.999992 0.00100192 0.00390474 -0.00190255 -0.00101095 0.999997 0.00231732 -0.00467062 -0.0039024 -0.00232126 0.99999 -0.000224173 0.0 0.0 0.0 1.0
fire/seq-02/color/frame-000129.color.png fire/seq-02/color/frame-000130.color.png 1.0 -4.47275e-05 0.000488046 -0.00074935 4.46694e-05 1.0 2.89979e-05 9.0003e-06 -0.000488046 -2.89727e-05 1.0 0.000272185 0.0 0.0 0.0 1.0
fire/seq-02/color/frame-000130.color.png fire/seq-02/color/frame-000131.color.png 0.999974 -0.00022041 0.00726238 -0.0036481 0.000214633 1.0 0.000795123 -0.00369966 -0.00726256 -0.000793549 0.999973 0.00110488 0.0 0.0 0.0 1.0
fire/seq-02/color/frame-000131.color.png fire/seq-02/color/frame-000132.color.png 0.999983 -0.00214362 0.005438 -0.00110275 0.00215349 0.999996 -0.00180512 -0.000625089 -0.00543411 0.0018168 0.999983 0.00290596 0.0 0.0 0.0 1.0
fire/seq-02/color/frame-000132.color.png fire/seq-02/color/frame-000133.color.png 0.999959 -0.0004219 0.00900807 -0.00534737 0.000412418 0.999999 0.00105243 -0.00233454 -0.00900849 -0.00104866 0.999959 0.00073301 0.0 0.0 0.0 1.0
fire/seq-02/color/frame-000133.color.png fire/seq-02/color/frame-000134.color.png 0.999928 -0.00163367 0.011922 -0.00877199 0.00158949 0.999992 0.00371595 -0.0076091 -0.011928 -0.00369673 0.999922 0.00344004 0.0 0.0 0.0 1.0
fire/seq-02/color/frame-000134.color.png fire/seq-02/color/frame-000135.color.png 0.999956 -0.00409694 0.00843912 -0.00687242 0.00409539 0.999992 0.000198006 -0.00450307 -0.00843985 -0.000163435 0.999964 -0.000234812 0.0 0.0 0.0 1.0
fire/seq-02/color/frame-000135.color.png fire/seq-02/color/frame-000136.color.png 1.0 -0.000239694 -3.99591e-05 0.000101507 0.000239716 1.0 0.00020444 -0.000443086 3.99107e-05 -0.000204448 1.0 1.2368e-05 0.0 0.0 0.0 1.0
fire/seq-02/color/frame-000136.color.png fire/seq-02/color/frame-000137.color.png 0.99996 -0.00206892 0.00871489 -0.00893882 0.00205334 0.999996 0.00179598 -0.00539598 -0.00871857 -0.00177801 0.99996 0.00150721 0.0 0.0 0.0 1.0
fire/seq-02/color/frame-000137.color.png fire/seq-02/color/frame-000138.color.png 0.999942 -0.00407991 0.00992629 -0.0117147 0.00408265 0.999992 -0.000254355 -0.00413688 -0.00992516 0.000294868 0.999951 0.00451554 0.0 0.0 0.0 1.0
fire/seq-02/color/frame-000138.color.png fire/seq-02/color/frame-000139.color.png 0.999965 -0.0053267 0.00641527 -0.00858936 0.00533413 0.999985 -0.0011432 -0.00451382 -0.0064091 0.00117738 0.999979 0.00341468 0.0 0.0 0.0 1.0
fire/seq-02/color/frame-000139.color.png fire/seq-02/color/frame-000140.color.png 0.999965 -0.00474529 0.00689582 -0.00851279 0.00475337 0.999988 -0.00115908 -0.00395121 -0.00689023 0.00119183 0.999976 -0.000154994 0.0 0.0 0.0 1.0
fire/seq-02/color/frame-000140.color.png fire/seq-02/color/frame-000141.color.png 1.0 -5.35915e-05 6.80613e-05 -0.000106961 5.35936e-05 1.0 0.000132215 -0.000324562 -6.80853e-05 -0.000132215 1.0 -5.00605e-05 0.0 0.0 0.0 1.0
fire/seq-02/color/frame-000141.color.png fire/seq-02/color/frame-000142.color.png 0.999971 -0.00351724 0.00677037 -0.00956514 0.00350404 0.999992 0.00195925 -0.00450891 -0.0067772 -0.00193546 0.999975 0.000966951 0.0 0.0 0.0 1.0
fire/seq-02/color/frame-000142.color.png fire/seq-02/color/frame-000143.color.png 0.999979 -0.000778385 0.00637394 -0.00866199 0.000768717 0.999999 0.00152101 -0.00452897 -0.00637513 -0.00151608 0.999978 0.00280322 0.0 0.0 0.0 1.0
fire/seq-02/color/frame-000143.color.png fire/seq-02/color/frame-000144.color.png 0.999948 -0.0038809 0.00945765 -0.0113921 0.0038902 0.999992 -0.000968596 -0.00460826 -0.00945381 0.00100534 0.999955 0.0021977 0.0 0.0 0.0 1.0
fire/seq-02/color/frame-000144.color.png fire/seq-02/color/frame-000145.color.png 0.99997 -0.0038022 0.00670174 -0.0105108 0.00381257 0.999992 -0.00152925 -0.0036051 -0.00669586 0.00155475 0.999976 0.00139517 0.0 0.0 0.0 1.0
fire/seq-02/color/frame-000145.color.png fire/seq-02/color/frame-000146.color.png 0.999962 -0.000490149 0.00867859 -0.0120356 0.000477182 0.999999 0.00149685 -0.00682171 -0.0086793 -0.00149266 0.999961 0.000766359 0.0 0.0 0.0 1.0
fire/seq-02/color/frame-000146.color.png fire/seq-02/color/frame-000147.color.png 0.999947 -0.00508353 0.00889459 -0.0102633 0.00512845 0.999974 -0.00503471 -0.000113904 -0.00886873 0.00508006 0.999948 -0.000392795 0.0 0.0 0.0 1.0
fire/seq-02/color/frame-000147.color.png fire/seq-02/color/frame-000148.color.png 1.0 7.24903e-06 -3.55813e-05 3.27677e-05 -7.24066e-06 1.0 -9.60915e-05 6.45667e-05 3.55696e-05 9.60918e-05 1.0 -1.54749e-05 0.0 0.0 0.0 1.0
fire/seq-02/color/frame-000148.color.png fire/seq-02/color/frame-000149.color.png 0.999954 -0.00558812 0.00774963 -0.00892696 0.0055938 0.999984 -0.000711799 -0.00398405 -0.00774559 0.000755113 0.99997 -0.00102834 0.0 0.0 0.0 1.0
fire/seq-02/color/frame-000149.color.png fire/seq-02/color/frame-000150.color.png 0.999957 -0.0041919 0.0082631 -0.0106292 0.00420801 0.999989 -0.00193249 0.000331789 -0.00825489 0.00196719 0.999964 0.00271772 0.0 0.0 0.0 1.0
fire/seq-02/color/frame-000150.color.png fire/seq-02/color/frame-000151.color.png 0.999954 -0.00306914 0.00914276 -0.0113987 0.00306267 0.999995 0.00072018 -0.0023654 -0.00914493 -0.000692153 0.999958 0.000876337 0.0 0.0 0.0 1.0
fire/seq-02/color/frame-000151.color.png fire/seq-02/color/frame-000152.color.png 0.999952 -0.00342231 0.00922439 -0.0111762 0.00340881 0.999993 0.0014785 -0.00461326 -0.00922937 -0.00144699 0.999956 0.00201083 0.0 0.0 0.0 1.0
fire/seq-02/color/frame-000152.color.png fire/seq-02/color/frame-000153.color.png 1.0 0.000206455 -0.000140983 0.00015825 -0.000206444 1.0 9.04295e-05 1.2815e-05 0.000140997 -9.03898e-05 1.0 4.84735e-05 0.0 0.0 0.0 1.0
fire/seq-02/color/frame-000153.color.png fire/seq-02/color/frame-000154.color.png 0.999933 -0.00595463 0.0098949 -0.00991654 0.00595798 0.999982 -0.000309824 -0.00520198 -0.00989289 0.000368753 0.999951 -0.000112288 0.0 0.0 0.0 1.0
fire/seq-02/color/frame-000154.color.png fire/seq-02/color/frame-000155.color.png 0.999909 -0.0088217 0.0102057 -0.0109681 0.0088796 0.999945 -0.00564319 -0.000880614 -0.0101554 0.0057333 0.999932 0.00183533 0.0 0.0 0.0 1.0
fire/seq-02/color/frame-000155.color.png fire/seq-02/color/frame-000156.color.png 0.999923 -0.0099506 0.00747255 -0.00769088 0.00997966 0.999943 -0.0038609 -0.00115726 -0.00743373 0.00393517 0.999965 -0.00294798 0.0 0.0 0.0 1.0
fire/seq-02/color/frame-000156.color.png fire/seq-02/color/frame-000157.color.png 0.999913 -0.00666968 0.0113434 -0.00921227 0.00668183 0.999977 -0.00103298 -0.00238612 -0.0113362 0.00110869 0.999935 0.000546373 0.0 0.0 0.0 1.0
fire/seq-02/color/frame-000157.color.png fire/seq-02/color/frame-000158.color.png 0.999895 -0.0101859 0.0103388 -0.0104099 0.010217 0.999943 -0.00296307 -0.00167131 -0.010308 0.00306838 0.999942 -0.000410527 0.0 0.0 0.0 1.0
fire/seq-02/color/frame-000158.color.png fire/seq-02/color/frame-000159.color.png 1.0 0.000203962 0.000131038 -0.000198588 -0.000203996 1.0 9.04206e-05 7.32541e-05 -0.000131006 -9.04405e-05 1.0 0.000422254 0.0 0.0 0.0 1.0
fire/seq-02/color/frame-000159.color.png fire/seq-02/color/frame-000160.color.png 0.999938 -0.00698242 0.00867543 -0.0127666 0.00703151 0.999959 -0.00563885 0.0017915 -0.0086357 0.0056995 0.999946 0.0035045 0.0 0.0 0.0 1.0
fire/seq-02/color/frame-000160.color.png fire/seq-02/color/frame-000161.color.png 0.999972 -0.00580844 0.00474119 -0.00751685 0.00582414 0.999977 -0.0033084 -0.00112436 -0.00472187 0.00333592 0.999983 -0.00253312 0.0 0.0 0.0 1.0
fire/seq-02/color/frame-000161.color.png fire/seq-02/color/frame-000162.color.png 0.999935 -0.00814426 0.00796804 -0.00933873 0.0081725 0.999961 -0.0035175 -0.000482589 -0.00793908 0.00358239 0.999962 -0.00219555 0.0 0.0 0.0 1.0
fire/seq-02/color/frame-000162.color.png fire/seq-02/color/frame-000163.color.png 0.999859 -0.0147177 0.00803297 -0.0080173 0.0147551 0.99988 -0.00462037 -0.00144073 -0.00796401 0.00473825 0.999957 -0.00213963 0.0 0.0 0.0 1.0
fire/seq-02/color/frame-000163.color.png fire/seq-02/color/frame-000164.color.png 0.999865 -0.012219 0.0110235 -0.0143601 0.0123117 0.999889 -0.0083794 0.00362017 -0.0109199 0.00851399 0.999904 0.00393957 0.0 0.0 0.0 1.0
fire/seq-02/color/frame-000164.color.png fire/seq-02/color/frame-000165.color.png 0.999926 -0.0109172 0.0054098 -0.00936426 0.0109502 0.999921 -0.0061031 0.00221646 -0.00534274 0.00616189 0.999967 -0.000942096 0.0 0.0 0.0 1.0
fire/seq-02/color/frame-000165.color.png fire/seq-02/color/frame-000166.color.png 0.99996 -0.00619375 0.00649753 -0.0093699 0.00621336 0.999976 -0.0030021 0.000997692 -0.00647876 0.00304235 0.999974 -0.00206467 0.0 0.0 0.0 1.0
fire/seq-02/color/frame-000166.color.png fire/seq-02/color/frame-000167.color.png 0.999949 -0.0054135 0.00856653 -0.00940677 0.00544483 0.999979 -0.00363722 -0.00218877 -0.00854673 0.00368367 0.999957 0.000711799 0.0 0.0 0.0 1.0
fire/seq-02/color/frame-000167.color.png fire/seq-02/color/frame-000168.color.png 0.999908 -0.00883664 0.0103176 -0.0124575 0.00894418 0.999906 -0.0104235 -0.000240684 -0.0102245 0.0105148 0.999892 0.000142016 0.0 0.0 0.0 1.0
fire/seq-02/color/frame-000168.color.png fire/seq-02/color/frame-000169.color.png 0.99993 -0.00794384 0.00879021 -0.0112527 0.00807203 0.99986 -0.0146451 0.00530668 -0.00867268 0.014715 0.999854 -0.00372705 0.0 0.0 0.0 1.0
fire/seq-02/color/frame-000169.color.png fire/seq-02/color/frame-000170.color.png 0.999958 -0.0035202 0.00845878 -0.0122859 0.00358068 0.999968 -0.00714598 0.00123492 -0.00843338 0.00717597 0.999939 -0.00359952 0.0 0.0 0.0 1.0
fire/seq-02/color/frame-000170.color.png fire/seq-02/color/frame-000171.color.png 0.999949 -0.00494025 0.00876907 -0.0132415 0.00501993 0.999946 -0.0090882 0.00319164 -0.00872362 0.00913177 0.99992 -0.0036469 0.0 0.0 0.0 1.0
fire/seq-02/color/frame-000171.color.png fire/seq-02/color/frame-000172.color.png 0.999948 -0.00718152 0.00723189 -0.0119515 0.00723238 0.999949 -0.00703239 0.00340949 -0.00718106 0.00708432 0.999949 -0.00541768 0.0 0.0 0.0 1.0
fire/seq-02/color/frame-000172.color.png fire/seq-02/color/frame-000173.color.png 0.99994 -0.00756869 0.00792579 -0.0128018 0.00761333 0.999955 -0.00561585 0.00501597 -0.0078829 0.00567585 0.999953 -0.00373146 0.0 0.0 0.0 1.0
fire/seq-02/color/frame-000173.color.png fire/seq-02/color/frame-000174.color.png 0.999953 -0.00465522 0.00845638 -0.0109612 0.00467429 0.999987 -0.00223811 0.00595114 -0.00844591 0.00227753 0.999962 -0.0016333 0.0 0.0 0.0 1.0
fire/seq-02/color/frame-000174.color.png fire/seq-02/color/frame-000175.color.png 0.999914 -0.00361364 0.0126066 -0.0184831 0.00361175 0.999994 0.000173323 0.00310929 -0.0126072 -0.000127774 0.99992 -0.000216916 0.0 0.0 0.0 1.0
