fire/seq-02/color/frame-000000.color.png fire/seq-02/color/frame-000003.color.png 0.999994 -0.00309399 0.00169736 -0.00321029 0.00309546 0.999995 -0.000863695 0.00317232 -0.00169468 0.000868944 0.999998 0.00247164 0.0 0.0 0.0 1.0
fire/seq-02/color/frame-000001.color.png fire/seq-02/color/frame-000004.color.png 0.999994 -0.00351352 0.000716886 -0.00208899 0.00351538 0.99999 -0.00260546 0.00361983 -0.000707725 0.00260796 0.999996 0.00378848 0.0 0.0 0.0 1.0
fire/seq-02/color/frame-000002.color.png fire/seq-02/color/frame-000005.color.png 0.999993 -0.00345056 0.00118397 -0.00192012 0.00345575 0.999984 -0.00441231 0.00581627 -0.00116873 0.00441637 0.99999 0.00433333 0.0 0.0 0.0 1.0
fire/seq-02/color/frame-000003.color.png fire/seq-02/color/frame-000006.color.png 0.999983 -0.00563748 0.00134561 -0.00241258 0.00564636 0.999962 -0.00669178 0.00946864 -0.00130783 0.00669927 0.999977 0.00522025 0.0 0.0 0.0 1.0
fire/seq-02/color/frame-000004.color.png fire/seq-02/color/frame-000007.color.png 0.999981 -0.00580947 0.00182741 -0.00464334 0.00581917 0.999969 -0.00534718 0.0103805 -0.00179629 0.00535771 0.999984 0.00324536 0.0 0.0 0.0 1.0
fire/seq-02/color/frame-000005.color.png fire/seq-02/color/frame-000008.color.png 0.999983 -0.00543255 0.00197922 -0.00438376 0.00543931 0.999979 -0.00342601 0.00993421 -0.00196057 0.00343672 0.999992 0.00651867 0.0 0.0 0.0 1.0
fire/seq-02/color/frame-000006.color.png fire/seq-02/color/frame-000009.color.png 0.999986 -0.00413057 0.00343225 -0.0044342 0.00414632 0.999981 -0.00459417 0.0072657 -0.00341321 0.00460834 0.999983 0.00801439 0.0 0.0 0.0 1.0
fire/seq-02/color/frame-000007.color.png fire/seq-02/color/frame-000010.color.png 0.999985 -0.00191778 0.00512157 -0.00451961 0.00196595 0.999954 -0.00941629 0.0103148 -0.00510327 0.00942621 0.999943 0.00744195 0.0 0.0 0.0 1.0
fire/seq-02/color/frame-000008.color.png fire/seq-02/color/frame-000011.color.png 0.999967 -0.00188402 0.00794399 -0.00907925 0.00195476 0.999958 -0.00890582 0.0142081 -0.00792688 0.00892105 0.999929 0.000674842 0.0 0.0 0.0 1.0
fire/seq-02/color/frame-000009.color.png fire/seq-02/color/frame-000012.color.png 0.99994 -0.00781067 0.00769559 -0.0101152 0.00782423 0.999968 -0.00173296 0.0139675 -0.00768181 0.00179307 0.999969 0.00145661 0.0 0.0 0.0 1.0
fire/seq-02/color/frame-000010.color.png fire/seq-02/color/frame-000013.color.png 0.999859 -0.0159047 0.00532363 -0.00851314 0.0159084 0.999873 -0.000647386 0.011805 -0.00531266 0.000731991 0.999986 0.00782276 0.0 0.0 0.0 1.0
fire/seq-02/color/frame-000011.color.png fire/seq-02/color/frame-000014.color.png 0.999898 -0.0136014 0.00433181 -0.00794802 0.0136305 0.999884 -0.00675666 0.0132977 -0.0042394 0.00681501 0.999968 0.00929556 0.0 0.0 0.0 1.0
fire/seq-02/color/frame-000012.color.png fire/seq-02/color/frame-000015.color.png 0.999956 -0.00678063 0.00641367 -0.00932528 0.00684024 0.999933 -0.00931737 0.0163435 -0.00635006 0.00936084 0.999936 0.00619309 0.0 0.0 0.0 1.0
fire/seq-02/color/frame-000013.color.png fire/seq-02/color/frame-000016.color.png 0.999973 -0.00234809 0.00702421 -0.0119656 0.0023778 0.999988 -0.00422467 0.0163861 -0.0070142 0.00424126 0.999966 0.00383598 0.0 0.0 0.0 1.0
fire/seq-02/color/frame-000014.color.png fire/seq-02/color/frame-000017.color.png 0.999939 -0.00982936 0.00510962 -0.0101371 0.00983289 0.999951 -0.000664082 0.0156602 -0.00510284 0.000714286 0.999987 0.0098021 0.0 0.0 0.0 1.0
fire/seq-02/color/frame-000015.color.png fire/seq-02/color/frame-000018.color.png 0.999877 -0.0154632 0.00248267 -0.0092846 0.0154705 0.999876 -0.00292152 0.0130242 -0.00243719 0.00295957 0.999993 0.0123987 0.0 0.0 0.0 1.0
fire/seq-02/color/frame-000016.color.png fire/seq-02/color/frame-000019.color.png 0.99994 -0.0102763 0.00385884 -0.0126763 0.010295 0.999935 -0.00483744 0.014232 -0.00380888 0.00487687 0.999981 0.00745399 0.0 0.0 0.0 1.0
fire/seq-02/color/frame-000017.color.png fire/seq-02/color/frame-000020.color.png 0.999957 -0.00725267 0.00576242 -0.01387 0.00726713 0.99997 -0.00249415 0.0139773 -0.00574416 0.00253591 0.99998 0.00732007 0.0 0.0 0.0 1.0
fire/seq-02/color/frame-000018.color.png fire/seq-02/color/frame-000021.color.png 0.99994 -0.00864058 0.00667582 -0.0139626 0.00864558 0.999962 -0.000720486 0.0136343 -0.00666936 0.000778161 0.999977 0.0123161 0.0 0.0 0.0 1.0
fire/seq-02/color/frame-000019.color.png fire/seq-02/color/frame-000022.color.png 0.999906 -0.0113021 0.00777571 -0.0139961 0.0113227 0.999933 -0.00262137 0.0147421 -0.00774555 0.00270917 0.999966 0.0127617 0.0 0.0 0.0 1.0
fire/seq-02/color/frame-000020.color.png fire/seq-02/color/frame-000023.color.png 0.999871 -0.012355 0.0102893 -0.0130921 0.0123848 0.999919 -0.0028343 0.0159367 -0.0102535 0.00296136 0.999943 0.0142456 0.0 0.0 0.0 1.0
fire/seq-02/color/frame-000021.color.png fire/seq-02/color/frame-000024.color.png 0.999795 -0.0165735 0.0116281 -0.0113589 0.0166026 0.999859 -0.00241514 0.0132328 -0.0115864 0.0026077 0.99993 0.0169228 0.0 0.0 0.0 1.0
fire/seq-02/color/frame-000022.color.png fire/seq-02/color/frame-000025.color.png 0.999737 -0.0199475 0.0113385 -0.0100147 0.0200669 0.999743 -0.0105157 0.0118896 -0.0111258 0.0107405 0.99988 0.0183891 0.0 0.0 0.0 1.0
fire/seq-02/color/frame-000023.color.png fire/seq-02/color/frame-000026.color.png 0.999752 -0.0175565 0.0136937 -0.0162277 0.0178106 0.999667 -0.0186591 0.017257 -0.0133615 0.0188983 0.999732 0.0133836 0.0 0.0 0.0 1.0
fire/seq-02/color/frame-000024.color.png fire/seq-02/color/frame-000027.color.png 0.999749 -0.0168277 0.0147946 -0.0195285 0.0170552 0.999736 -0.0153874 0.0188943 -0.0145318 0.0156359 0.999772 0.00720342 0.0 0.0 0.0 1.0
fire/seq-02/color/frame-000025.color.png fire/seq-02/color/frame-000028.color.png 0.999741 -0.0199397 0.01098 -0.0169444 0.019997 0.999787 -0.00513137 0.0173329 -0.0108754 0.0053496 0.999927 0.0108665 0.0 0.0 0.0 1.0
fire/seq-02/color/frame-000026.color.png fire/seq-02/color/frame-000029.color.png 0.999864 -0.0151462 0.00648526 -0.0118483 0.0151347 0.999884 0.00180889 0.00922925 -0.0065119 -0.00171049 0.999977 0.0131173 0.0 0.0 0.0 1.0
fire/seq-02/color/frame-000027.color.png fire/seq-02/color/frame-000030.color.png 0.99995 -0.0080164 0.00607137 -0.00847997 0.00803928 0.999961 -0.00375247 0.00807186 -0.00604104 0.00380108 0.999975 0.0154005 0.0 0.0 0.0 1.0
fire/seq-02/color/frame-000028.color.png fire/seq-02/color/frame-000031.color.png 0.999949 -0.00246503 0.00973655 -0.0131453 0.00257342 0.999935 -0.0111367 0.0127229 -0.00970848 0.0111612 0.999891 0.00900242 0.0 0.0 0.0 1.0
fire/seq-02/color/frame-000029.color.png fire/seq-02/color/frame-000032.color.png 0.99993 -0.00558686 0.0104463 -0.0153045 0.00572867 0.999891 -0.0135916 0.0176788 -0.0103692 0.0136505 0.999853 0.0059791 0.0 0.0 0.0 1.0
fire/seq-02/color/frame-000030.color.png fire/seq-02/color/frame-000033.color.png 0.99996 -0.00643212 0.00627268 -0.0109906 0.00649546 0.999928 -0.01013 0.0180337 -0.00620708 0.0101703 0.999929 0.00748276 0.0 0.0 0.0 1.0
fire/seq-02/color/frame-000031.color.png fire/seq-02/color/frame-000034.color.png 0.999974 -0.00262697 0.00668913 -0.00984264 0.00267303 0.999973 -0.00689153 0.0152308 -0.00667084 0.00690924 0.999954 0.00998308 0.0 0.0 0.0 1.0
fire/seq-02/color/frame-000032.color.png fire/seq-02/color/frame-000035.color.png 0.999981 0.000521571 0.00612976 -0.00894269 -0.000475053 0.999971 -0.00758764 0.0176249 -0.00613355 0.00758461 0.999952 0.00980734 0.0 0.0 0.0 1.0
fire/seq-02/color/frame-000033.color.png fire/seq-02/color/frame-000036.color.png 0.999965 0.00264792 0.00792007 -0.0124247 -0.00261398 0.999987 -0.00429283 0.0196086 -0.00793134 0.00427199 0.999959 0.00438313 0.0 0.0 0.0 1.0
fire/seq-02/color/frame-000034.color.png fire/seq-02/color/frame-000037.color.png 0.999981 -0.00405695 0.00468575 -0.0049387 0.00404605 0.999989 0.00233578 0.0203804 -0.00469515 -0.00231678 0.999986 0.010846 0.0 0.0 0.0 1.0
fire/seq-02/color/frame-000035.color.png fire/seq-02/color/frame-000038.color.png 0.999992 -0.00123809 0.00373216 -0.00308989 0.00121499 0.99998 0.00618426 0.015748 -0.00373973 -0.00617969 0.999974 0.012492 0.0 0.0 0.0 1.0
fire/seq-02/color/frame-000036.color.png fire/seq-02/color/frame-000039.color.png 0.999984 0.00432448 0.00355532 -0.00350815 -0.00433825 0.999983 0.00387851 0.0183657 -0.00353849 -0.00389387 0.999986 0.0103614 0.0 0.0 0.0 1.0
fire/seq-02/color/frame-000037.color.png fire/seq-02/color/frame-000040.color.png 0.999987 0.00465716 0.00224569 -0.00230967 -0.00467092 0.99997 0.0061621 0.0160258 -0.00221694 -0.0061725 0.999978 0.0117995 0.0 0.0 0.0 1.0
fire/seq-02/color/frame-000038.color.png fire/seq-02/color/frame-000041.color.png 0.999999 -3.39406e-05 0.00158215 0.000723988 2.84542e-05 0.999994 0.00347484 0.0167481 -0.00158226 -0.00347479 0.999993 0.0124865 0.0 0.0 0.0 1.0
fire/seq-02/color/frame-000039.color.png fire/seq-02/color/frame-000042.color.png 0.999992 0.000892424 0.00388749 0.00317515 -0.000890093 0.999999 -0.000605958 0.0161119 -0.00388804 0.000602504 0.999992 0.0106757 0.0 0.0 0.0 1.0
fire/seq-02/color/frame-000040.color.png fire/seq-02/color/frame-000043.color.png 0.999956 0.00399941 0.0085139 0.00303911 -0.00394546 0.999972 -0.00634502 0.017444 -0.00853901 0.00631114 0.999944 0.00606772 0.0 0.0 0.0 1.0
fire/seq-02/color/frame-000041.color.png fire/seq-02/color/frame-000044.color.png 0.999934 0.00399383 0.0107763 0.00133999 -0.00389001 0.999946 -0.00963985 0.0178873 -0.0108142 0.00959729 0.999895 0.00466964 0.0 0.0 0.0 1.0
fire/seq-02/color/frame-000042.color.png fire/seq-02/color/frame-000045.color.png 0.999939 0.00387547 0.0103444 0.00284674 -0.00375172 0.999921 -0.0119555 0.017653 -0.0103899 0.011916 0.999875 0.00304709 0.0 0.0 0.0 1.0
fire/seq-02/color/frame-000043.color.png fire/seq-02/color/frame-000046.color.png 0.999916 -0.000233335 0.0129484 -0.000914633 0.000381059 0.999935 -0.0114065 0.0193181 -0.0129449 0.0114104 0.999851 -0.00191018 0.0 0.0 0.0 1.0
fire/seq-02/color/frame-000044.color.png fire/seq-02/color/frame-000047.color.png 0.999933 -1.33677e-05 0.0115672 0.000762478 7.92482e-05 0.999984 -0.00569395 0.0225356 -0.011567 0.00569446 0.999917 -0.00227694 0.0 0.0 0.0 1.0
fire/seq-02/color/frame-000045.color.png fire/seq-02/color/frame-000048.color.png 0.999962 0.00222656 0.00843534 -0.000690147 -0.0022644 0.999987 0.00448107 0.0218667 -0.00842527 -0.00450001 0.999954 0.00425728 0.0 0.0 0.0 1.0
fire/seq-02/color/frame-000046.color.png fire/seq-02/color/frame-000049.color.png 0.999984 0.00549275 0.00146985 0.00565398 -0.00550793 0.999929 0.0105338 0.0170115 -0.00141189 -0.0105417 0.999943 0.00908718 0.0 0.0 0.0 1.0
fire/seq-02/color/frame-000047.color.png fire/seq-02/color/frame-000050.color.png 0.999997 -0.00145427 -0.0017146 0.00793213 0.00147311 0.999938 0.0110308 0.0115128 0.00169846 -0.0110333 0.999938 0.00928427 0.0 0.0 0.0 1.0
fire/seq-02/color/frame-000048.color.png fire/seq-02/color/frame-000051.color.png 0.999952 -0.00534114 -0.00815392 0.0153786 0.00540539 0.999954 0.00787833 0.0135565 0.00811149 -0.00792205 0.999936 0.00987555 0.0 0.0 0.0 1.0
fire/seq-02/color/frame-000049.color.png fire/seq-02/color/frame-000052.color.png 0.999988 0.00234695 -0.00429555 0.00833006 -0.00232588 0.999985 0.00490099 0.0183513 0.00430699 -0.00489093 0.999979 0.00441796 0.0 0.0 0.0 1.0
fire/seq-02/color/frame-000050.color.png fire/seq-02/color/frame-000053.color.png 0.999963 0.00635542 -0.00570883 0.01385 -0.00630583 0.999943 0.00866647 0.0111424 0.00576358 -0.00863016 0.999946 0.00559849 0.0 0.0 0.0 1.0
fire/seq-02/color/frame-000051.color.png fire/seq-02/color/frame-000054.color.png 0.999959 0.0086433 -0.00280941 0.011038 -0.00861999 0.999929 0.00821296 0.00550602 0.0028802 -0.00818841 0.999962 0.00604448 0.0 0.0 0.0 1.0
fire/seq-02/color/frame-000052.color.png fire/seq-02/color/frame-000055.color.png 0.99996 0.00733799 -0.00506053 0.0140824 -0.00731129 0.999959 0.00527684 0.0028207 0.00509905 -0.00523964 0.999973 0.00472942 0.0 0.0 0.0 1.0
fire/seq-02/color/frame-000053.color.png fire/seq-02/color/frame-000056.color.png 0.999905 0.0133094 -0.00366962 0.0121542 -0.0133178 0.999909 -0.00227417 0.0100774 0.003639 0.00232282 0.999991 0.00448142 0.0 0.0 0.0 1.0
fire/seq-02/color/frame-000054.color.png fire/seq-02/color/frame-000057.color.png 0.999941 0.010848 -0.000308088 0.0101513 -0.0108485 0.99994 -0.00181678 0.00986542 0.000288333 0.00182001 0.999998 -0.00350861 0.0 0.0 0.0 1.0
fire/seq-02/color/frame-000055.color.png fire/seq-02/color/frame-000058.color.png 0.999979 0.00630698 -0.00159534 0.0133247 -0.00630519 0.99998 0.00113439 0.00783953 0.00160248 -0.00112431 0.999998 -0.00328788 0.0 0.0 0.0 1.0
fire/seq-02/color/frame-000056.color.png fire/seq-02/color/frame-000059.color.png 0.999979 0.00592964 -0.00265115 0.0166668 -0.00591837 0.999973 0.0042378 0.00706109 0.00267622 -0.00422203 0.999988 4.51207e-05 0.0 0.0 0.0 1.0
fire/seq-02/color/frame-000057.color.png fire/seq-02/color/frame-000060.color.png 0.999957 0.00927745 -0.000588159 0.016029 -0.00927749 0.999957 -7.2867e-05 0.00993842 0.000587454 7.83324e-05 1.0 0.00560817 0.0 0.0 0.0 1.0
fire/seq-02/color/frame-000058.color.png fire/seq-02/color/frame-000061.color.png 0.99992 0.012626 -0.000886315 0.0193371 -0.0126298 0.99991 -0.00450672 0.0133744 0.000829322 0.00451754 0.99999 0.00339384 0.0 0.0 0.0 1.0
fire/seq-02/color/frame-000059.color.png fire/seq-02/color/frame-000062.color.png 0.999917 0.0127747 0.00151559 0.0193828 -0.0127736 0.999918 -0.000740349 0.00835815 -0.00152492 0.000720947 0.999998 0.000425875 0.0 0.0 0.0 1.0
fire/seq-02/color/frame-000060.color.png fire/seq-02/color/frame-000063.color.png 0.999938 0.0110441 0.00119678 0.0221409 -0.0110442 0.999939 3.89993e-05 0.00845098 -0.00119627 -5.22196e-05 0.999999 0.00166252 0.0 0.0 0.0 1.0
fire/seq-02/color/frame-000061.color.png fire/seq-02/color/frame-000064.color.png 0.999951 0.00941137 0.00293749 0.0207567 -0.00941298 0.999956 0.000533657 0.00327688 -0.00293233 -0.00056129 0.999996 0.00200607 0.0 0.0 0.0 1.0
fire/seq-02/color/frame-000062.color.png fire/seq-02/color/frame-000065.color.png 0.999955 0.00874543 0.00378102 0.0195308 -0.00873162 0.999955 -0.00365328 0.00459662 -0.0038128 0.00362009 0.999986 -0.000508279 0.0 0.0 0.0 1.0
fire/seq-02/color/frame-000063.color.png fire/seq-02/color/frame-000066.color.png 0.999966 0.00693481 0.00448108 0.0181978 -0.00691332 0.999965 -0.00479404 0.00438955 -0.00451416 0.0047629 0.999978 -0.00486441 0.0 0.0 0.0 1.0
fire/seq-02/color/frame-000064.color.png fire/seq-02/color/frame-000067.color.png 0.999981 0.00522151 0.00311743 0.0152351 -0.00521934 0.999986 -0.000704427 0.00244117 -0.00312107 0.000688152 0.999995 -0.00651863 0.0 0.0 0.0 1.0
fire/seq-02/color/frame-000065.color.png fire/seq-02/color/frame-000068.color.png 0.999982 0.00213218 -0.00559481 0.018512 -0.00212095 0.999996 0.00201091 0.00114655 0.00559906 -0.001999 0.999982 -0.00444615 0.0 0.0 0.0 1.0
fire/seq-02/color/frame-000066.color.png fire/seq-02/color/frame-000069.color.png 0.999895 0.00259805 -0.0142712 0.022935 -0.00254426 0.99999 0.00378565 0.00246719 0.0142808 -0.00374894 0.999891 -0.00335853 0.0 0.0 0.0 1.0
fire/seq-02/color/frame-000067.color.png fire/seq-02/color/frame-000070.color.png 0.999817 0.00145667 -0.0191021 0.0274801 -0.00136086 0.999986 0.00502688 0.000192553 0.0191091 -0.00499996 0.999805 -0.000682205 0.0 0.0 0.0 1.0
fire/seq-02/color/frame-000068.color.png fire/seq-02/color/frame-000071.color.png 0.999823 -0.000697254 -0.0187836 0.0262807 0.000743982 0.999997 0.00248135 -8.27014e-05 0.0187818 -0.0024949 0.99982 -0.00348738 0.0 0.0 0.0 1.0
fire/seq-02/color/frame-000069.color.png fire/seq-02/color/frame-000072.color.png 0.999731 -0.00294938 -0.0229979 0.0274522 0.0029286 0.999995 -0.000937223 -0.00102475 0.0230006 0.000869625 0.999735 -0.00149666 0.0 0.0 0.0 1.0
fire/seq-02/color/frame-000070.color.png fire/seq-02/color/frame-000073.color.png 0.999684 0.000387694 -0.025125 0.0258913 -0.000534229 0.999983 -0.00582524 0.00585252 0.0251224 0.00583683 0.999667 -0.00279456 0.0 0.0 0.0 1.0
fire/seq-02/color/frame-000071.color.png fire/seq-02/color/frame-000074.color.png 0.999632 0.0141128 -0.0231701 0.0228318 -0.0141092 0.9999 0.000321771 0.0046874 0.0231723 5.27303e-06 0.999732 -0.00360283 0.0 0.0 0.0 1.0
fire/seq-02/color/frame-000072.color.png fire/seq-02/color/frame-000075.color.png 0.999418 0.0288804 -0.0181668 0.0259486 -0.0288001 0.999574 0.00466679 0.00922835 0.0182938 -0.00414088 0.999824 -0.00318329 0.0 0.0 0.0 1.0
fire/seq-02/color/frame-000073.color.png fire/seq-02/color/frame-000076.color.png 0.998475 0.0551099 0.00314169 0.0165331 -0.0551483 0.998382 0.0138478 0.00510657 -0.00237347 -0.0139999 0.999899 0.00793524 0.0 0.0 0.0 1.0
fire/seq-02/color/frame-000074.color.png fire/seq-02/color/frame-000077.color.png 0.998422 0.0530101 0.0185483 0.0147018 -0.053094 0.998581 0.0040593 0.0108329 -0.0183068 -0.00503771 0.99982 0.0114611 0.0 0.0 0.0 1.0
fire/seq-02/color/frame-000075.color.png fire/seq-02/color/frame-000078.color.png 0.999248 0.0257223 0.0290064 0.00780237 -0.0260043 0.999618 0.00938427 -0.00564983 -0.0287539 -0.0101315 0.999535 0.00103861 0.0 0.0 0.0 1.0
fire/seq-02/color/frame-000076.color.png fire/seq-02/color/frame-000079.color.png 0.999873 -0.00364962 0.0155305 0.0164343 0.00360979 0.99999 0.00259226 -0.00628898 -0.0155399 -0.00253585 0.999876 -0.00789377 0.0 0.0 0.0 1.0
fire/seq-02/color/frame-000077.color.png fire/seq-02/color/frame-000080.color.png 0.999965 -0.00833691 0.000678913 0.0196821 0.00833188 0.99994 0.00709919 -0.0101761 -0.000738065 -0.00709328 0.999975 -0.0102498 0.0 0.0 0.0 1.0
fire/seq-02/color/frame-000078.color.png fire/seq-02/color/frame-000081.color.png 0.999927 0.00376256 -0.0114781 0.0273011 -0.00374137 0.999991 0.00186736 -0.00220329 0.011485 -0.00182427 0.999932 -0.000160694 0.0 0.0 0.0 1.0
fire/seq-02/color/frame-000079.color.png fire/seq-02/color/frame-000082.color.png 0.99991 0.00439471 -0.0126356 0.0287903 -0.00442338 0.999988 -0.00224192 -0.0013704 0.0126256 0.0022976 0.999918 -0.00376542 0.0 0.0 0.0 1.0
fire/seq-02/color/frame-000080.color.png fire/seq-02/color/frame-000083.color.png 0.999931 -0.00158487 -0.0115997 0.0307012 0.00151442 0.99998 -0.00607944 0.00016731 0.0116091 0.00606146 0.999914 -0.0037377 0.0 0.0 0.0 1.0
fire/seq-02/color/frame-000081.color.png fire/seq-02/color/frame-000084.color.png 0.999959 -0.000935301 -0.00899476 0.0286593 0.000894236 0.999989 -0.00456867 -0.00193799 0.00899894 0.00456044 0.999949 -0.00839987 0.0 0.0 0.0 1.0
fire/seq-02/color/frame-000082.color.png fire/seq-02/color/frame-000085.color.png 0.999965 0.005236 -0.00658497 0.0259863 -0.00522011 0.999983 0.00242662 -0.00544992 0.00659756 -0.00239216 0.999975 -0.00984952 0.0 0.0 0.0 1.0
fire/seq-02/color/frame-000083.color.png fire/seq-02/color/frame-000086.color.png 0.999958 0.00776756 -0.00494557 0.0244319 -0.00775111 0.999964 0.0033357 -0.00417301 0.0049713 -0.00329723 0.999982 -0.00547357 0.0 0.0 0.0 1.0
fire/seq-02/color/frame-000084.color.png fire/seq-02/color/frame-000087.color.png 0.999951 0.00757138 -0.00645407 0.0283041 -0.00754636 0.999964 0.00389176 -0.00322425 0.0064833 -0.00384287 0.999972 -0.00249985 0.0 0.0 0.0 1.0
fire/seq-02/color/frame-000085.color.png fire/seq-02/color/frame-000088.color.png 0.999988 0.00232149 -0.00426359 0.0170971 -0.00232175 0.999997 -5.59758e-05 -0.00023663 0.00426345 6.58646e-05 0.999991 0.00124703 0.0 0.0 0.0 1.0
fire/seq-02/color/frame-000086.color.png fire/seq-02/color/frame-000089.color.png 0.99993 0.0112567 -0.00352859 0.0158137 -0.0112399 0.999925 0.00476159 -0.00234628 0.00358192 -0.00472159 0.999982 -0.00568818 0.0 0.0 0.0 1.0
fire/seq-02/color/frame-000087.color.png fire/seq-02/color/frame-000090.color.png 0.999901 0.0140799 -0.000346952 0.0102991 -0.0140773 0.999879 0.00657095 -0.00514475 0.000439428 -0.00656542 0.999978 -0.000681579 0.0 0.0 0.0 1.0
fire/seq-02/color/frame-000088.color.png fire/seq-02/color/frame-000091.color.png 0.999895 0.0139059 -0.00392329 0.0239096 -0.0138887 0.999894 0.00436823 -0.00567821 0.00398361 -0.00431327 0.999983 -0.00340401 0.0 0.0 0.0 1.0
fire/seq-02/color/frame-000089.color.png fire/seq-02/color/frame-000092.color.png 0.999976 0.00655664 -0.0020342 0.0224527 -0.00654933 0.999972 0.00358069 -0.00908342 0.00205761 -0.00356729 0.999991 -0.00545084 0.0 0.0 0.0 1.0
fire/seq-02/color/frame-000090.color.png fire/seq-02/color/frame-000093.color.png 0.999969 0.00535747 -0.00572965 0.024333 -0.00533658 0.999979 0.00365248 -0.00729322 0.0057491 -0.00362178 0.999977 -0.00607152 0.0 0.0 0.0 1.0
fire/seq-02/color/frame-000091.color.png fire/seq-02/color/frame-000094.color.png 0.999906 0.00725781 -0.0115959 0.0236271 -0.00716995 0.999945 0.00760065 -0.00978366 0.0116504 -0.00751681 0.999904 -0.00485326 0.0 0.0 0.0 1.0
fire/seq-02/color/frame-000092.color.png fire/seq-02/color/frame-000095.color.png 0.999693 0.0100865 -0.0226324 0.0325938 -0.010015 0.999945 0.00326969 -0.00785303 0.0226642 -0.00304202 0.999739 -0.00449634 0.0 0.0 0.0 1.0
fire/seq-02/color/frame-000093.color.png fire/seq-02/color/frame-000096.color.png 0.9998 0.0103222 -0.0171444 0.0267413 -0.0103597 0.999944 -0.00209926 -0.0086735 0.0171218 0.00227645 0.999851 -0.00763377 0.0 0.0 0.0 1.0
fire/seq-02/color/frame-000094.color.png fire/seq-02/color/frame-000097.color.png 0.999912 0.00649465 -0.011538 0.0210812 -0.00655521 0.999965 -0.00521951 -0.00412104 0.0115037 0.00529469 0.99992 -0.00603069 0.0 0.0 0.0 1.0
fire/seq-02/color/frame-000095.color.png fire/seq-02/color/frame-000098.color.png 0.999965 0.00757607 -0.00348423 0.0184559 -0.00759364 0.999958 -0.00505859 0.00321503 0.00344576 0.00508487 0.999981 -0.00648493 0.0 0.0 0.0 1.0
fire/seq-02/color/frame-000096.color.png fire/seq-02/color/frame-000099.color.png 0.999936 0.0111832 -0.00157926 0.0170847 -0.0111799 0.999935 0.00207054 0.00153802 0.00160232 -0.00205275 0.999997 -0.00027325 0.0 0.0 0.0 1.0
fire/seq-02/color/frame-000097.color.png fire/seq-02/color/frame-000100.color.png 0.999782 0.0207682 -0.00203705 0.0226114 -0.0207568 0.999769 0.00547828 -5.19603e-05 0.00215036 -0.00543481 0.999983 -0.000370294 0.0 0.0 0.0 1.0
fire/seq-02/color/frame-000098.color.png fire/seq-02/color/frame-000101.color.png 0.999788 0.0202597 -0.00372927 0.0229554 -0.0202235 0.99975 0.00950561 -0.00579323 0.00392092 -0.00942818 0.999948 0.0011491 0.0 0.0 0.0 1.0
fire/seq-02/color/frame-000099.color.png fire/seq-02/color/frame-000102.color.png 0.999808 0.0189846 -0.00488069 0.0245021 -0.0189605 0.999808 0.00492691 0.0010948 0.00497329 -0.00483342 0.999976 0.00179873 0.0 0.0 0.0 1.0
fire/seq-02/color/frame-000100.color.png fire/seq-02/color/frame-000103.color.png 0.999831 0.017581 -0.00542568 0.0271811 -0.0175559 0.999835 0.0046326 0.00265363 0.00550622 -0.00453657 0.999975 0.000636071 0.0 0.0 0.0 1.0
fire/seq-02/color/frame-000101.color.png fire/seq-02/color/frame-000104.color.png 0.999871 0.0159201 0.00221281 0.01646 -0.0159396 0.999832 0.0090862 -0.00127946 -0.00206779 -0.00912029 0.999956 0.0030872 0.0 0.0 0.0 1.0
fire/seq-02/color/frame-000102.color.png fire/seq-02/color/frame-000105.color.png 0.999956 0.00911745 0.00233935 0.0108487 -0.00913332 0.999935 0.00686051 -0.00139338 -0.00227665 -0.00688157 0.999974 0.00331611 0.0 0.0 0.0 1.0
fire/seq-02/color/frame-000103.color.png fire/seq-02/color/frame-000106.color.png 0.999999 0.00114288 1.04271e-05 0.0103298 -0.00114291 0.99998 0.00622899 -0.00394851 -3.30776e-06 -0.006229 0.999981 0.00373449 0.0 0.0 0.0 1.0
fire/seq-02/color/frame-000104.color.png fire/seq-02/color/frame-000107.color.png 0.999956 0.000964765 -0.00933855 0.019314 -0.000930953 0.999993 0.00362834 0.000755683 0.00934198 -0.00361949 0.99995 0.00386363 0.0 0.0 0.0 1.0
fire/seq-02/color/frame-000105.color.png fire/seq-02/color/frame-000108.color.png 0.999947 0.00566455 -0.00856646 0.0157453 -0.00558657 0.999943 0.00909982 -0.00496884 0.00861752 -0.00905148 0.999922 0.00267223 0.0 0.0 0.0 1.0
fire/seq-02/color/frame-000106.color.png fire/seq-02/color/frame-000109.color.png 0.999874 0.00939318 -0.0127787 0.0174013 -0.00928081 0.999918 0.0088255 -0.00520547 0.0128605 -0.00870579 0.999879 0.00137342 0.0 0.0 0.0 1.0
fire/seq-02/color/frame-000107.color.png fire/seq-02/color/frame-000110.color.png 0.999884 0.0122959 -0.00894217 0.0113245 -0.0122608 0.999917 0.00396617 -0.00495037 0.00899019 -0.00385607 0.999952 0.00490247 0.0 0.0 0.0 1.0
fire/seq-02/color/frame-000108.color.png fire/seq-02/color/frame-000111.color.png 0.999926 0.0072937 -0.00969084 0.013989 -0.00730204 0.999973 -0.000823844 -0.00672647 0.00968457 0.000894543 0.999953 0.00155777 0.0 0.0 0.0 1.0
fire/seq-02/color/frame-000109.color.png fire/seq-02/color/frame-000112.color.png 0.999988 0.00142971 -0.0046924 0.00807887 -0.00143804 0.999997 -0.00177042 -0.00559653 0.00468986 0.00177715 0.999987 0.00022918 0.0 0.0 0.0 1.0
fire/seq-02/color/frame-000110.color.png fire/seq-02/color/frame-000113.color.png 0.999954 0.00179714 -0.00944701 0.0116448 -0.00182427 0.999994 -0.00286688 -0.00358108 0.0094418 0.00288399 0.999951 -0.00355544 0.0 0.0 0.0 1.0
fire/seq-02/color/frame-000111.color.png fire/seq-02/color/frame-000114.color.png 0.999878 0.0139031 -0.0071603 0.00627336 -0.0138964 0.999903 0.000975382 0.00174181 0.00717316 -0.000875761 0.999974 -0.00123686 0.0 0.0 0.0 1.0
fire/seq-02/color/frame-000112.color.png fire/seq-02/color/frame-000115.color.png 0.999709 0.0213654 -0.01115 0.0120433 -0.0213288 0.999767 0.0033939 -0.000984237 0.0112199 -0.0031551 0.999932 -0.00149165 0.0 0.0 0.0 1.0
fire/seq-02/color/frame-000113.color.png fire/seq-02/color/frame-000116.color.png 0.99971 0.0235731 -0.0049276 0.00678459 -0.0235448 0.999706 0.00573479 0.000182927 0.00506134 -0.00561711 0.999971 0.0032144 0.0 0.0 0.0 1.0
fire/seq-02/color/frame-000114.color.png fire/seq-02/color/frame-000117.color.png 0.999775 0.021032 -0.00255847 0.00488773 -0.0210133 0.999754 0.00714284 -0.000380293 0.00270807 -0.00708748 0.999971 0.00419626 0.0 0.0 0.0 1.0
fire/seq-02/color/frame-000115.color.png fire/seq-02/color/frame-000118.color.png 0.99969 0.0248338 -0.00199599 0.00353059 -0.0248145 0.99965 0.009141 0.000780478 0.0022223 -0.00908863 0.999956 0.00553861 0.0 0.0 0.0 1.0
fire/seq-02/color/frame-000116.color.png fire/seq-02/color/frame-000119.color.png 0.999847 0.0173662 -0.00212169 0.003095 -0.0173453 0.999804 0.00951723 -0.00307348 0.00228655 -0.00947898 0.999952 0.00460751 0.0 0.0 0.0 1.0
fire/seq-02/color/frame-000117.color.png fire/seq-02/color/frame-000120.color.png 0.99983 0.0183964 -0.000961145 0.00614309 -0.0183871 0.999791 0.00896083 -0.00452812 0.00112579 -0.00894163 0.999959 0.00369145 0.0 0.0 0.0 1.0
fire/seq-02/color/frame-000118.color.png fire/seq-02/color/frame-000121.color.png 0.999864 0.0131613 0.00996325 -0.00133184 -0.013234 0.999886 0.00726612 -0.00719339 -0.00986648 -0.00739698 0.999924 0.00683214 0.0 0.0 0.0 1.0
fire/seq-02/color/frame-000119.color.png fire/seq-02/color/frame-000122.color.png 0.999839 0.0136024 0.0116832 0.00185183 -0.0136879 0.99988 0.00727114 -0.00906824 -0.0115828 -0.00742989 0.999905 0.00563304 0.0 0.0 0.0 1.0
fire/seq-02/color/frame-000120.color.png fire/seq-02/color/frame-000123.color.png 0.999905 0.00777928 0.0113464 0.00371334 -0.00784224 0.999954 0.0055135 -0.00986122 -0.011303 -0.00560196 0.99992 0.00366943 0.0 0.0 0.0 1.0
fire/seq-02/color/frame-000121.color.png fire/seq-02/color/frame-000124.color.png 0.999863 0.00681981 0.0150578 0.00164717 -0.00688662 0.999967 0.00439063 -0.00657986 -0.0150273 -0.00449373 0.999877 0.00271386 0.0 0.0 0.0 1.0
fire/seq-02/color/frame-000122.color.png fire/seq-02/color/frame-000125.color.png 0.999977 0.00412573 0.00538263 0.00973809 -0.0041331 0.999991 0.00135841 -0.000414506 -0.00537697 -0.00138063 0.999985 -0.000871032 0.0 0.0 0.0 1.0
fire/seq-02/color/frame-000123.color.png fire/seq-02/color/frame-000126.color.png 0.999873 0.0030035 0.0156408 -0.00587106 -0.0030682 0.999987 0.00411564 -0.00347154 -0.0156282 -0.00416311 0.999869 0.00788422 0.0 0.0 0.0 1.0
fire/seq-02/color/frame-000124.color.png fire/seq-02/color/frame-000127.color.png 0.999911 0.00340985 0.0128624 -0.0100384 -0.00349229 0.999974 0.00639233 -0.0061757 -0.0128403 -0.00643669 0.999897 0.00605613 0.0 0.0 0.0 1.0
fire/seq-02/color/frame-000125.color.png fire/seq-02/color/frame-000128.color.png 0.999865 0.00543288 0.0155136 -0.0114685 -0.00558787 0.999935 0.00996772 -0.00969703 -0.0154584 -0.0100531 0.99983 0.00773521 0.0 0.0 0.0 1.0
fire/seq-02/color/frame-000126.color.png fire/seq-02/color/frame-000129.color.png 0.999871 0.00750888 0.0141882 -0.0124511 -0.00763679 0.99993 0.0089829 -0.00996149 -0.0141198 -0.00909009 0.999859 0.00395192 0.0 0.0 0.0 1.0
fire/seq-02/color/frame-000127.color.png fire/seq-02/color/frame-000130.color.png 0.99996 0.00402317 0.00802499 -0.0058209 -0.00406609 0.999978 0.005335 -0.00639674 -0.00800335 -0.00536742 0.999953 0.0026847 0.0 0.0 0.0 1.0
fire/seq-02/color/frame-000128.color.png fire/seq-02/color/frame-000131.color.png 0.9999 0.00163384 0.0140251 -0.00926352 -0.00167404 0.999994 0.00285149 -0.00764339 -0.0140204 -0.00287469 0.999898 0.00249273 0.0 0.0 0.0 1.0
fire/seq-02/color/frame-000129.color.png fire/seq-02/color/frame-000132.color.png 0.99987 0.000872417 0.0161061 -0.0105552 -0.000918583 0.999995 0.00285819 -0.00944816 -0.0161035 -0.0028726 0.999866 0.0012935 0.0 0.0 0.0 1.0
fire/seq-02/color/frame-000130.color.png fire/seq-02/color/frame-000133.color.png 0.99968 -8.17377e-05 0.025296 -0.0155145 1.38482e-05 0.999996 0.00268498 -0.0102013 -0.0252962 -0.00268377 0.999676 0.00277387 0.0 0.0 0.0 1.0
fire/seq-02/color/frame-000131.color.png fire/seq-02/color/frame-000134.color.png 0.999609 -0.00277645 0.0278086 -0.0175808 0.00268405 0.999991 0.00336104 -0.0117568 -0.0278177 -0.00328509 0.999608 0.00585315 0.0 0.0 0.0 1.0
fire/seq-02/color/frame-000132.color.png fire/seq-02/color/frame-000135.color.png 0.999523 -0.00604681 0.0303021 -0.022232 0.00600578 0.999981 0.00144498 -0.00892143 -0.0303102 -0.0012623 0.99954 0.00799214 0.0 0.0 0.0 1.0
fire/seq-02/color/frame-000133.color.png fire/seq-02/color/frame-000136.color.png 0.999775 -0.00508861 0.0205735 -0.0158737 0.00500863 0.99998 0.00393605 -0.0119145 -0.020593 -0.00383212 0.999781 0.00518337 0.0 0.0 0.0 1.0
fire/seq-02/color/frame-000134.color.png fire/seq-02/color/frame-000137.color.png 0.99984 -0.00512119 0.0171186 -0.0160048 0.0050989 0.999986 0.00134298 -0.00788227 -0.0171252 -0.00125547 0.999853 0.00492733 0.0 0.0 0.0 1.0
fire/seq-02/color/frame-000135.color.png fire/seq-02/color/frame-000138.color.png 0.999853 -0.00897028 0.014638 -0.0141893 0.00895695 0.999959 0.000974667 -0.00973295 -0.0146461 -0.000843415 0.999892 0.00183811 0.0 0.0 0.0 1.0
fire/seq-02/color/frame-000136.color.png fire/seq-02/color/frame-000139.color.png 0.999636 -0.0103841 0.0249181 -0.0288712 0.0103923 0.999946 -0.000200947 -0.013105 -0.0249147 0.000459823 0.999689 0.00852251 0.0 0.0 0.0 1.0
fire/seq-02/color/frame-000137.color.png fire/seq-02/color/frame-000140.color.png 0.999612 -0.0144585 0.0238047 -0.029264 0.0144988 0.999894 -0.00152392 -0.0141252 -0.0237801 0.00186847 0.999715 0.00837997 0.0 0.0 0.0 1.0
fire/seq-02/color/frame-000138.color.png fire/seq-02/color/frame-000141.color.png 0.999865 -0.0102085 0.0128834 -0.0159785 0.0102309 0.999946 -0.00167483 -0.0100022 -0.0128656 0.00180641 0.999916 0.00135233 0.0 0.0 0.0 1.0
fire/seq-02/color/frame-000139.color.png fire/seq-02/color/frame-000142.color.png 0.999899 -0.0102173 0.00983787 -0.0120969 0.0102388 0.999945 -0.00213541 -0.00401679 -0.00981551 0.00223592 0.999949 0.00472227 0.0 0.0 0.0 1.0
fire/seq-02/color/frame-000140.color.png fire/seq-02/color/frame-000143.color.png 0.999913 -0.00447406 0.0124311 -0.0176933 0.00440167 0.999973 0.00584779 -0.0130807 -0.012457 -0.00579257 0.999906 0.000907399 0.0 0.0 0.0 1.0
fire/seq-02/color/frame-000141.color.png fire/seq-02/color/frame-000144.color.png 0.99968 -0.00711088 0.0242587 -0.0326159 0.00705618 0.999972 0.00233861 -0.0131202 -0.0242746 -0.00216668 0.999703 0.00781339 0.0 0.0 0.0 1.0
fire/seq-02/color/frame-000142.color.png fire/seq-02/color/frame-000145.color.png 0.999657 -0.00883851 0.024672 -0.0330893 0.00882139 0.999961 0.000803361 -0.0157709 -0.0246781 -0.000585428 0.999695 0.00460247 0.0 0.0 0.0 1.0
fire/seq-02/color/frame-000143.color.png fire/seq-02/color/frame-000146.color.png 0.999653 -0.00800027 0.0251029 -0.0340672 0.00808711 0.999962 -0.00336165 -0.0118552 -0.025075 0.0035635 0.999679 0.00614843 0.0 0.0 0.0 1.0
fire/seq-02/color/frame-000144.color.png fire/seq-02/color/frame-000147.color.png 0.999653 -0.011343 0.0237953 -0.0309586 0.0114673 0.999921 -0.00509634 -0.0106801 -0.0237356 0.00536743 0.999704 0.00268234 0.0 0.0 0.0 1.0
fire/seq-02/color/frame-000145.color.png fire/seq-02/color/frame-000148.color.png 0.999878 -0.00792995 0.0134634 -0.0160449 0.00798491 0.99996 -0.00403524 -0.00704058 -0.0134309 0.00414225 0.999901 0.00013797 0.0 0.0 0.0 1.0
fire/seq-02/color/frame-000146.color.png fire/seq-02/color/frame-000149.color.png 0.999774 -0.0108592 0.0182947 -0.0210405 0.0109819 0.999918 -0.00661707 -0.00170848 -0.0182213 0.00681648 0.999811 0.00111625 0.0 0.0 0.0 1.0
fire/seq-02/color/frame-000147.color.png fire/seq-02/color/frame-000150.color.png 0.999841 -0.0114708 0.0136406 -0.0152018 0.0115122 0.999929 -0.00295672 -0.00307852 -0.0136058 0.00311328 0.999903 0.00140432 0.0 0.0 0.0 1.0
fire/seq-02/color/frame-000148.color.png fire/seq-02/color/frame-000151.color.png 0.999535 -0.0111494 0.0283823 -0.0352479 0.0111377 0.999938 0.000568863 -0.00861917 -0.0283868 -0.00025249 0.999597 0.00203729 0.0 0.0 0.0 1.0
fire/seq-02/color/frame-000149.color.png fire/seq-02/color/frame-000152.color.png 0.999603 -0.00982681 0.0264002 -0.0329081 0.00974353 0.999947 0.00328172 -0.0113171 -0.026431 -0.00302319 0.999646 0.00325122 0.0 0.0 0.0 1.0
fire/seq-02/color/frame-000150.color.png fire/seq-02/color/frame-000153.color.png 0.999845 -0.00590634 0.0166026 -0.0204 0.00587331 0.999981 0.00203749 -0.00660999 -0.0166143 -0.00193967 0.99986 0.0014487 0.0 0.0 0.0 1.0
fire/seq-02/color/frame-000151.color.png fire/seq-02/color/frame-000154.color.png 0.999805 -0.0099973 0.01705 -0.0179475 0.0100094 0.99995 -0.000622767 -0.00764163 -0.0170429 0.000793306 0.999855 -0.000252798 0.0 0.0 0.0 1.0
fire/seq-02/color/frame-000152.color.png fire/seq-02/color/frame-000155.color.png 0.999694 -0.0151418 0.0195366 -0.0199719 0.0152463 0.99987 -0.00521118 -0.00725462 -0.0194551 0.00550745 0.999796 0.00024607 0.0 0.0 0.0 1.0
fire/seq-02/color/frame-000153.color.png fire/seq-02/color/frame-000156.color.png 0.999352 -0.0228927 0.0277822 -0.0283829 0.0231794 0.999681 -0.0100443 -0.00582778 -0.0275434 0.0106817 0.999564 0.000735722 0.0 0.0 0.0 1.0
fire/seq-02/color/frame-000154.color.png fire/seq-02/color/frame-000157.color.png 0.999271 -0.0227072 0.030683 -0.0306752 0.0230452 0.999677 -0.0107057 -0.00361674 -0.0304299 0.011405 0.999472 0.00250274 0.0 0.0 0.0 1.0
fire/seq-02/color/frame-000155.color.png fire/seq-02/color/frame-000158.color.png 0.999238 -0.0245495 0.030331 -0.0291152 0.0247945 0.999663 -0.00772757 -0.00479019 -0.030131 0.00847373 0.99951 -0.00106803 0.0 0.0 0.0 1.0
fire/seq-02/color/frame-000156.color.png fire/seq-02/color/frame-000159.color.png 0.999592 -0.0166211 0.0232087 -0.0222673 0.0166997 0.999855 -0.0031958 -0.00510262 -0.0231522 0.00358207 0.999726 0.00156261 0.0 0.0 0.0 1.0
fire/seq-02/color/frame-000157.color.png fire/seq-02/color/frame-000160.color.png 0.999681 -0.0168122 0.0188649 -0.0227983 0.0169443 0.999833 -0.00685959 -0.00146401 -0.0187464 0.00717706 0.999799 0.00325052 0.0 0.0 0.0 1.0
fire/seq-02/color/frame-000158.color.png fire/seq-02/color/frame-000161.color.png 0.999827 -0.0133088 0.0129684 -0.0194788 0.0134205 0.999873 -0.00857034 -5.2087e-05 -0.0128527 0.00874291 0.999879 0.00195893 0.0 0.0 0.0 1.0
fire/seq-02/color/frame-000159.color.png fire/seq-02/color/frame-000162.color.png 0.999547 -0.0221865 0.0203572 -0.0282267 0.0223949 0.999699 -0.0100705 -0.00385179 -0.0201277 0.0105218 0.999742 -0.00469535 0.0 0.0 0.0 1.0
fire/seq-02/color/frame-000160.color.png fire/seq-02/color/frame-000163.color.png 0.999344 -0.0274 0.0236695 -0.0298594 0.027597 0.999587 -0.0080347 -0.00732388 -0.0234396 0.00868263 0.999687 -0.00465044 0.0 0.0 0.0 1.0
fire/seq-02/color/frame-000161.color.png fire/seq-02/color/frame-000164.color.png 0.999026 -0.0333357 0.0289271 -0.0350092 0.0337584 0.999328 -0.0142491 -0.000612549 -0.0284327 0.0152117 0.99948 -0.0023393 0.0 0.0 0.0 1.0
fire/seq-02/color/frame-000162.color.png fire/seq-02/color/frame-000165.color.png 0.99901 -0.0370475 0.0246152 -0.0318742 0.0374981 0.999133 -0.0181025 0.00303023 -0.0239231 0.0190076 0.999533 -0.00065916 0.0 0.0 0.0 1.0
fire/seq-02/color/frame-000163.color.png fire/seq-02/color/frame-000166.color.png 0.999368 -0.0304223 0.0184023 -0.0255176 0.0308287 0.999278 -0.0222197 0.0129273 -0.017713 0.022773 0.999584 -0.0013744 0.0 0.0 0.0 1.0
fire/seq-02/color/frame-000164.color.png fire/seq-02/color/frame-000167.color.png 0.999523 -0.0238565 0.0196128 -0.0266335 0.0241673 0.999584 -0.0157661 0.00437395 -0.0192286 0.0162326 0.999683 -0.000480272 0.0 0.0 0.0 1.0
fire/seq-02/color/frame-000165.color.png fire/seq-02/color/frame-000168.color.png 0.999472 -0.020677 0.0250485 -0.0302203 0.0210623 0.999662 -0.0152162 -0.004278 -0.0247253 0.0157357 0.99957 -0.000822209 0.0 0.0 0.0 1.0
fire/seq-02/color/frame-000166.color.png fire/seq-02/color/frame-000169.color.png 0.999382 -0.0208813 0.0282863 -0.0336107 0.0217009 0.999344 -0.0289865 0.00428291 -0.0276626 0.0295824 0.999179 -0.00115389 0.0 0.0 0.0 1.0
fire/seq-02/color/frame-000167.color.png fire/seq-02/color/frame-000170.color.png 0.999426 -0.0213934 0.0262532 -0.0334452 0.0222547 0.999209 -0.0329655 0.00722022 -0.0255271 0.0335309 0.999111 -0.00467091 0.0 0.0 0.0 1.0
fire/seq-02/color/frame-000168.color.png fire/seq-02/color/frame-000171.color.png 0.99957 -0.0155348 0.0248868 -0.035683 0.0163375 0.999342 -0.0323838 0.0123923 -0.0243674 0.0327764 0.999166 -0.0108349 0.0 0.0 0.0 1.0
fire/seq-02/color/frame-000169.color.png fire/seq-02/color/frame-000172.color.png 0.999579 -0.0168249 0.0236464 -0.0355756 0.0173925 0.999561 -0.0240084 0.00779474 -0.0232321 0.0244095 0.999432 -0.0124909 0.0 0.0 0.0 1.0
fire/seq-02/color/frame-000170.color.png fire/seq-02/color/frame-000173.color.png 0.999527 -0.0161338 0.0261799 -0.0408357 0.0166742 0.99965 -0.0205569 0.0110766 -0.0258391 0.0209837 0.999446 -0.0110523 0.0 0.0 0.0 1.0
fire/seq-02/color/frame-000171.color.png fire/seq-02/color/frame-000174.color.png 0.999533 -0.0184668 0.0243333 -0.0357684 0.0188333 0.999711 -0.0149206 0.0149047 -0.0240507 0.0153719 0.999593 -0.00792834 0.0 0.0 0.0 1.0
fire/seq-02/color/frame-000172.color.png fire/seq-02/color/frame-000175.color.png 0.999461 -0.0154948 0.0289413 -0.0414408 0.0157919 0.999825 -0.0100644 0.0181525 -0.0287804 0.010516 0.99953 -0.00179166 0.0 0.0 0.0 1.0
fire/seq-02/color/frame-000173.color.png fire/seq-02/color/frame-000176.color.png 0.999515 -0.0172759 0.0259205 -0.040776 0.0173893 0.99984 -0.00415357 0.0120126 -0.0258446 0.0046023 0.999655 -0.00423342 0.0 0.0 0.0 1.0
fire/seq-02/color/frame-000174.color.png fire/seq-02/color/frame-000177.color.png 0.999614 -0.0166695 0.0222362 -0.0397978 0.0167605 0.999852 -0.0039125 0.0106367 -0.0221677 0.00428368 0.999745 -0.000796817 0.0 0.0 0.0 1.0
fire/seq-02/color/frame-000175.color.png fire/seq-02/color/frame-000178.color.png 0.999568 -0.0244241 0.01633 -0.0302613 0.0245651 0.999662 -0.00849024 0.0109246 -0.016117 0.00888772 0.999831 0.00125168 0.0 0.0 0.0 1.0
fire/seq-02/color/frame-000176.color.png fire/seq-02/color/frame-000179.color.png 0.999599 -0.0226925 0.0169559 -0.0272715 0.0228716 0.999684 -0.0104466 0.0110751 -0.0167135 0.0108302 0.999802 -0.00222059 0.0 0.0 0.0 1.0
fire/seq-02/color/frame-000177.color.png fire/seq-02/color/frame-000180.color.png 0.999608 -0.015902 0.0230574 -0.0293079 0.0161558 0.99981 -0.0108622 0.0114804 -0.0228801 0.0112304 0.999675 -0.001759 0.0 0.0 0.0 1.0
