fire/seq-02/color/frame-000001.color.png fire/seq-02/color/frame-000003.color.png 0.999997 -0.00248798 0.000106987 -0.00175205 0.00248818 0.999995 -0.00193851 0.00233335 -0.000102163 0.00193877 0.999998 0.00261185 0.0 0.0 0.0 1.0
fire/seq-02/color/frame-000003.color.png fire/seq-02/color/frame-000005.color.png 0.999992 -0.00350495 0.00167158 -0.00157782 0.00350997 0.999989 -0.00301288 0.00418387 -0.00166101 0.00301873 0.999994 0.00323165 0.0 0.0 0.0 1.0
fire/seq-02/color/frame-000005.color.png fire/seq-02/color/frame-000007.color.png 0.999994 -0.00343603 0.000553939 -0.00301526 0.0034377 0.999989 -0.00305633 0.00759989 -0.000543431 0.00305822 0.999995 0.00137804 0.0 0.0 0.0 1.0
fire/seq-02/color/frame-000007.color.png fire/seq-02/color/frame-000009.color.png 0.999991 -0.00349104 0.00224325 -0.00192395 0.00350346 0.999978 -0.00555275 0.00559184 -0.00222382 0.00556056 0.999982 0.00818291 0.0 0.0 0.0 1.0
fire/seq-02/color/frame-000009.color.png fire/seq-02/color/frame-000011.color.png 0.999981 -0.00131838 0.00607418 -0.0066796 0.00134872 0.999987 -0.00499255 0.0126017 -0.00606752 0.00500064 0.999969 -0.00131183 0.0 0.0 0.0 1.0
fire/seq-02/color/frame-000011.color.png fire/seq-02/color/frame-000013.color.png 0.999905 -0.0136663 0.00190774 -0.00385872 0.0136661 0.999907 0.000118973 0.00428722 -0.00190919 -9.28841e-05 0.999998 0.00882029 0.0 0.0 0.0 1.0
fire/seq-02/color/frame-000013.color.png fire/seq-02/color/frame-000015.color.png 0.999981 0.000163423 0.0062082 -0.00903977 -0.000129932 0.999985 -0.00539392 0.0120812 -0.006209 0.00539301 0.999966 4.41745e-05 0.0 0.0 0.0 1.0
fire/seq-02/color/frame-000015.color.png fire/seq-02/color/frame-000017.color.png 0.999961 -0.00855745 0.00200629 -0.00643855 0.00855794 0.999963 -0.000234002 0.00962815 -0.00200422 0.000251162 0.999998 0.00934646 0.0 0.0 0.0 1.0
fire/seq-02/color/frame-000017.color.png fire/seq-02/color/frame-000019.color.png 0.999983 -0.00536825 0.00240307 -0.00849705 0.00537772 0.999978 -0.00395451 0.00981339 -0.00238179 0.00396737 0.999989 0.00406525 0.0 0.0 0.0 1.0
fire/seq-02/color/frame-000019.color.png fire/seq-02/color/frame-000021.color.png 0.999944 -0.00933256 0.00498553 -0.00887227 0.00932933 0.999956 0.000673055 0.00685456 -0.00499159 -0.000626511 0.999987 0.0102295 0.0 0.0 0.0 1.0
fire/seq-02/color/frame-000021.color.png fire/seq-02/color/frame-000023.color.png 0.999956 -0.00561369 0.00749552 -0.00745359 0.00563361 0.999981 -0.00263891 0.0156117 -0.00748057 0.00268101 0.999969 0.0126494 0.0 0.0 0.0 1.0
fire/seq-02/color/frame-000023.color.png fire/seq-02/color/frame-000025.color.png 0.999849 -0.0161444 0.00645458 -0.00787828 0.0162139 0.99981 -0.0108585 0.00521123 -0.00627804 0.0109615 0.99992 0.0118213 0.0 0.0 0.0 1.0
fire/seq-02/color/frame-000025.color.png fire/seq-02/color/frame-000027.color.png 0.99986 -0.0108762 0.0126772 -0.0160561 0.010928 0.999932 -0.0040245 0.0104677 -0.0126326 0.00416247 0.999912 -0.000650018 0.0 0.0 0.0 1.0
fire/seq-02/color/frame-000027.color.png fire/seq-02/color/frame-000029.color.png 0.99998 -0.00635197 0.000468577 -0.0028924 0.00635231 0.999979 -0.000780688 0.00758015 -0.000463609 0.000783651 1.0 0.0122908 0.0 0.0 0.0 1.0
fire/seq-02/color/frame-000029.color.png fire/seq-02/color/frame-000031.color.png 0.999965 -0.00434341 0.00712713 -0.0106484 0.00441949 0.999933 -0.0106917 0.00946853 -0.0070802 0.0107228 0.999918 0.00454921 0.0 0.0 0.0 1.0
fire/seq-02/color/frame-000031.color.png fire/seq-02/color/frame-000033.color.png 0.999975 -0.00522715 0.00475705 -0.00598713 0.00523727 0.999984 -0.00211882 0.00811376 -0.00474593 0.00214368 0.999986 0.0049742 0.0 0.0 0.0 1.0
fire/seq-02/color/frame-000033.color.png fire/seq-02/color/frame-000035.color.png 0.999975 0.00488203 0.00508564 -0.00826402 -0.00485058 0.999969 -0.00617861 0.0137962 -0.00511564 0.00615379 0.999968 0.00319432 0.0 0.0 0.0 1.0
fire/seq-02/color/frame-000035.color.png fire/seq-02/color/frame-000037.color.png 0.999982 -0.00548917 0.00224912 -0.00196689 0.00547623 0.999969 0.00572099 0.0108561 -0.00228045 -0.00570858 0.999981 0.00803719 0.0 0.0 0.0 1.0
fire/seq-02/color/frame-000037.color.png fire/seq-02/color/frame-000039.color.png 0.999973 0.00655763 0.00317636 -0.00346107 -0.00655842 0.999978 0.000235841 0.0136404 -0.00317475 -0.000256657 0.999995 0.00548733 0.0 0.0 0.0 1.0
fire/seq-02/color/frame-000039.color.png fire/seq-02/color/frame-000041.color.png 0.999998 -0.00218326 -0.000201174 0.0027748 0.00218376 0.999994 0.00256908 0.0107728 0.000195573 -0.00256953 0.999997 0.0146049 0.0 0.0 0.0 1.0
fire/seq-02/color/frame-000041.color.png fire/seq-02/color/frame-000043.color.png 0.999942 0.00581645 0.00901411 -0.000448182 -0.0057659 0.999968 -0.00562146 0.0141968 -0.00904654 0.00556918 0.999943 0.00286849 0.0 0.0 0.0 1.0
fire/seq-02/color/frame-000043.color.png fire/seq-02/color/frame-000045.color.png 0.999978 0.00100304 0.00655204 0.00147447 -0.00092761 0.999933 -0.0115057 0.0126418 -0.00656314 0.0114994 0.999912 -0.0001003 0.0 0.0 0.0 1.0
fire/seq-02/color/frame-000045.color.png fire/seq-02/color/frame-000047.color.png 0.999967 -0.00209714 0.00787937 -0.00109067 0.0020787 0.999995 0.00234574 0.0125434 -0.00788425 -0.00232927 0.999966 -0.00116086 0.0 0.0 0.0 1.0
fire/seq-02/color/frame-000047.color.png fire/seq-02/color/frame-000049.color.png 0.999992 0.0036755 -0.00137775 0.00641309 -0.00366274 0.999951 0.00915605 0.00965433 0.00141132 -0.00915092 0.999957 0.00725746 0.0 0.0 0.0 1.0
fire/seq-02/color/frame-000049.color.png fire/seq-02/color/frame-000051.color.png 0.999973 -0.00504914 -0.00526358 0.00644137 0.0050506 0.999987 0.000268049 0.0136289 0.00526216 -0.00029463 0.999986 0.00135416 0.0 0.0 0.0 1.0
fire/seq-02/color/frame-000051.color.png fire/seq-02/color/frame-000053.color.png 0.999975 0.00707384 0.000585821 0.00653011 -0.00707841 0.999941 0.00820964 0.00329338 -0.000527716 -0.00821359 0.999966 0.00565238 0.0 0.0 0.0 1.0
fire/seq-02/color/frame-000053.color.png fire/seq-02/color/frame-000055.color.png 0.999947 0.00890331 -0.00509911 0.00989038 -0.00889916 0.99996 0.000836363 0.00615494 0.00510636 -0.000790937 0.999987 0.00301264 0.0 0.0 0.0 1.0
fire/seq-02/color/frame-000055.color.png fire/seq-02/color/frame-000057.color.png 0.999986 0.00514078 0.00102938 0.00564392 -0.00513764 0.999982 -0.00304414 0.00770117 -0.001045 0.0030388 0.999995 -0.00594655 0.0 0.0 0.0 1.0
fire/seq-02/color/frame-000057.color.png fire/seq-02/color/frame-000059.color.png 0.999986 0.00459844 -0.00256461 0.013639 -0.00458469 0.999975 0.00534335 0.00129288 0.00258914 -0.00533151 0.999982 0.00538535 0.0 0.0 0.0 1.0
fire/seq-02/color/frame-000059.color.png fire/seq-02/color/frame-000061.color.png 0.999963 0.00858116 -0.000236115 0.0124822 -0.00858195 0.999957 -0.00358803 0.00857276 0.000205284 0.00358993 0.999993 -0.00163484 0.0 0.0 0.0 1.0
fire/seq-02/color/frame-000061.color.png fire/seq-02/color/frame-000063.color.png 0.999955 0.00878896 0.00366733 0.0118941 -0.00879555 0.99996 0.00178022 0.00303176 -0.00365153 -0.00181239 0.999992 0.00218263 0.0 0.0 0.0 1.0
fire/seq-02/color/frame-000063.color.png fire/seq-02/color/frame-000065.color.png 0.99999 0.00442002 -0.000194767 0.0180777 -0.00442095 0.999977 -0.00514285 0.0054706 0.000172035 0.00514367 0.999987 0.00165275 0.0 0.0 0.0 1.0
fire/seq-02/color/frame-000065.color.png fire/seq-02/color/frame-000067.color.png 0.999995 0.00231688 0.00199647 0.00700726 -0.00232009 0.999996 0.00160732 -0.000118047 -0.00199277 -0.00161196 0.999997 -0.00622293 0.0 0.0 0.0 1.0
fire/seq-02/color/frame-000067.color.png fire/seq-02/color/frame-000069.color.png 0.99992 0.000787539 -0.0126351 0.0177639 -0.000771551 0.999999 0.00127052 0.00220823 0.0126362 -0.00126067 0.999919 -0.000139326 0.0 0.0 0.0 1.0
fire/seq-02/color/frame-000069.color.png fire/seq-02/color/frame-000071.color.png 0.999902 -0.00287953 -0.0136682 0.0198161 0.00293593 0.999987 0.00410889 -0.00391439 0.0136562 -0.00414863 0.999898 -0.00275385 0.0 0.0 0.0 1.0
fire/seq-02/color/frame-000071.color.png fire/seq-02/color/frame-000073.color.png 0.999851 0.00574518 -0.0162503 0.0136009 -0.00584219 0.999965 -0.00592884 0.00918338 0.0162157 0.00602289 0.99985 -0.00315052 0.0 0.0 0.0 1.0
fire/seq-02/color/frame-000073.color.png fire/seq-02/color/frame-000075.color.png 0.999646 0.0252498 -0.00835527 0.0153162 -0.0251901 0.999657 0.0071649 0.00233543 0.0085333 -0.00695187 0.999939 -0.00100937 0.0 0.0 0.0 1.0
fire/seq-02/color/frame-000075.color.png fire/seq-02/color/frame-000077.color.png 0.999353 0.0285097 0.0219086 0.00275763 -0.0286626 0.999567 0.0066983 -0.00171515 -0.0217081 -0.00732193 0.999738 0.0053547 0.0 0.0 0.0 1.0
fire/seq-02/color/frame-000077.color.png fire/seq-02/color/frame-000079.color.png 0.999953 -0.00813875 0.00527506 0.0142411 0.00812018 0.999961 0.00353165 -0.00553432 -0.00530359 -0.00348865 0.99998 -0.00441507 0.0 0.0 0.0 1.0
fire/seq-02/color/frame-000079.color.png fire/seq-02/color/frame-000081.color.png 0.999911 0.00622868 -0.0117687 0.0212618 -0.00623946 0.99998 -0.000879478 0.00170043 0.011763 0.000952844 0.99993 -0.000766709 0.0 0.0 0.0 1.0
fire/seq-02/color/frame-000081.color.png fire/seq-02/color/frame-000083.color.png 0.999972 -0.00289443 -0.00695472 0.0216681 0.00287205 0.999991 -0.00322452 -0.00273851 0.00696399 0.00320444 0.999971 -0.00797042 0.0 0.0 0.0 1.0
fire/seq-02/color/frame-000083.color.png fire/seq-02/color/frame-000085.color.png 0.999976 0.00452241 -0.00534126 0.0190625 -0.00453027 0.999989 -0.00146125 0.00366437 0.0053346 0.00148541 0.999985 -0.00349508 0.0 0.0 0.0 1.0
fire/seq-02/color/frame-000085.color.png fire/seq-02/color/frame-000087.color.png 0.999967 0.00777785 -0.00254227 0.0150764 -0.00776922 0.999964 0.00338607 -0.00351691 0.00256851 -0.00336621 0.999991 -0.00349084 0.0 0.0 0.0 1.0
fire/seq-02/color/frame-000087.color.png fire/seq-02/color/frame-000089.color.png 0.999979 0.00613021 -0.00198111 0.00832075 -0.00612407 0.999977 0.00309123 -0.00137451 0.00200003 -0.00307903 0.999993 -0.00180008 0.0 0.0 0.0 1.0
fire/seq-02/color/frame-000089.color.png fire/seq-02/color/frame-000091.color.png 0.99998 0.00599281 -0.00209928 0.0154776 -0.00598812 0.999979 0.0022362 -0.00713754 0.00211263 -0.0022236 0.999995 -0.00239381 0.0 0.0 0.0 1.0
fire/seq-02/color/frame-000091.color.png fire/seq-02/color/frame-000093.color.png 0.999982 0.00437051 -0.00415458 0.01455 -0.00435531 0.999984 0.00365987 -0.00319391 0.00417051 -0.0036417 0.999985 -0.00281782 0.0 0.0 0.0 1.0
fire/seq-02/color/frame-000093.color.png fire/seq-02/color/frame-000095.color.png 0.999858 0.00565964 -0.0158488 0.0201086 -0.00562854 0.999982 0.00200625 -0.00988179 0.0158599 -0.00191676 0.999872 -0.00468967 0.0 0.0 0.0 1.0
fire/seq-02/color/frame-000095.color.png fire/seq-02/color/frame-000097.color.png 0.999978 0.00477957 -0.00451796 0.0128707 -0.00480447 0.999973 -0.00551533 0.00234498 0.00449148 0.00553691 0.999975 -0.000321575 0.0 0.0 0.0 1.0
fire/seq-02/color/frame-000097.color.png fire/seq-02/color/frame-000099.color.png 0.999919 0.0127374 -0.000769477 0.0152041 -0.0127342 0.999911 0.00403178 -0.000614494 0.000820761 -0.00402164 0.999991 -0.00247212 0.0 0.0 0.0 1.0
fire/seq-02/color/frame-000099.color.png fire/seq-02/color/frame-000101.color.png 0.99993 0.0116065 -0.00217319 0.0146109 -0.0115961 0.999921 0.00474088 -0.00267999 0.00222804 -0.00471535 0.999986 0.000323251 0.0 0.0 0.0 1.0
fire/seq-02/color/frame-000101.color.png fire/seq-02/color/frame-000103.color.png 0.999914 0.0131117 -0.00032835 0.0132742 -0.0131102 0.999905 0.00416471 0.00285135 0.000382926 -0.00416005 0.999991 -0.000104837 0.0 0.0 0.0 1.0
fire/seq-02/color/frame-000103.color.png fire/seq-02/color/frame-000105.color.png 0.999999 0.00129999 0.000455476 0.00683478 -0.00130196 0.99999 0.00432901 -0.00321092 -0.000449844 -0.00432959 0.99999 0.00294214 0.0 0.0 0.0 1.0
fire/seq-02/color/frame-000105.color.png fire/seq-02/color/frame-000107.color.png 0.99998 0.0029457 -0.0055196 0.0127174 -0.00291082 0.999976 0.00631278 -0.00277418 0.00553806 -0.00629659 0.999965 0.00206394 0.0 0.0 0.0 1.0
fire/seq-02/color/frame-000107.color.png fire/seq-02/color/frame-000109.color.png 0.999928 0.00784172 -0.0090812 0.0100263 -0.00779012 0.999953 0.00570499 -0.00523353 0.00912551 -0.00563383 0.999942 0.00124382 0.0 0.0 0.0 1.0
fire/seq-02/color/frame-000109.color.png fire/seq-02/color/frame-000111.color.png 0.999976 0.00331711 -0.00600623 0.00932044 -0.0033642 0.999964 -0.00785 0.00297076 0.00597997 0.00787002 0.999951 0.00653405 0.0 0.0 0.0 1.0
fire/seq-02/color/frame-000111.color.png fire/seq-02/color/frame-000113.color.png 0.999982 0.0049783 -0.00345737 0.00244632 -0.00498416 0.999986 -0.00168742 0.00214638 0.00344892 0.00170462 0.999993 -0.00131564 0.0 0.0 0.0 1.0
fire/seq-02/color/frame-000113.color.png fire/seq-02/color/frame-000115.color.png 0.999831 0.0178234 -0.00438 0.004316 -0.0178061 0.999834 0.00395901 -0.000151411 0.00444983 -0.00388036 0.999983 0.00303696 0.0 0.0 0.0 1.0
fire/seq-02/color/frame-000115.color.png fire/seq-02/color/frame-000117.color.png 0.999898 0.0142668 -0.000734537 0.00227576 -0.014262 0.99988 0.006099 -0.000418141 0.000821465 -0.0060879 0.999981 0.00327139 0.0 0.0 0.0 1.0
fire/seq-02/color/frame-000117.color.png fire/seq-02/color/frame-000119.color.png 0.999957 0.00881079 -0.00278079 0.00427708 -0.00879803 0.999951 0.00454745 -0.00172842 0.00282072 -0.00452279 0.999986 -8.18074e-06 0.0 0.0 0.0 1.0
fire/seq-02/color/frame-000119.color.png fire/seq-02/color/frame-000121.color.png 0.999929 0.0113001 0.0038412 0.00863874 -0.011316 0.999927 0.00413133 -0.00294122 -0.00379423 -0.00417451 0.999984 0.00479999 0.0 0.0 0.0 1.0
fire/seq-02/color/frame-000121.color.png fire/seq-02/color/frame-000123.color.png 0.999963 0.00528284 0.00683725 0.00281066 -0.00530732 0.99998 0.00356577 -0.00698155 -0.00681827 -0.00360192 0.99997 0.000608623 0.0 0.0 0.0 1.0
fire/seq-02/color/frame-000123.color.png fire/seq-02/color/frame-000125.color.png 0.999975 0.000411655 0.00704683 0.000557989 -0.000424465 0.999998 0.00182411 -0.00161324 -0.00704607 -0.00182706 0.999973 0.00208981 0.0 0.0 0.0 1.0
fire/seq-02/color/frame-000125.color.png fire/seq-02/color/frame-000127.color.png 0.999922 0.00388769 0.0119041 -0.00853649 -0.00397368 0.999966 0.00720479 -0.00729077 -0.0118757 -0.00725153 0.999903 0.00509791 0.0 0.0 0.0 1.0
fire/seq-02/color/frame-000127.color.png fire/seq-02/color/frame-000129.color.png 0.99995 0.00400054 0.00912624 -0.0069828 -0.0040511 0.999977 0.00553299 -0.00717032 -0.00910389 -0.00556969 0.999943 0.00206771 0.0 0.0 0.0 1.0
fire/seq-02/color/frame-000129.color.png fire/seq-02/color/frame-000131.color.png 0.999968 0.000266999 0.00804236 -0.00522542 -0.000278569 0.999999 0.00143441 -0.00440815 -0.00804197 -0.00143661 0.999967 0.00177586 0.0 0.0 0.0 1.0
fire/seq-02/color/frame-000131.color.png fire/seq-02/color/frame-000133.color.png 0.999857 -0.000941864 0.0168956 -0.0103112 0.000909702 0.999998 0.00191182 -0.0066807 -0.0168974 -0.00189618 0.999855 0.00192313 0.0 0.0 0.0 1.0
fire/seq-02/color/frame-000133.color.png fire/seq-02/color/frame-000135.color.png 0.999771 -0.00544504 0.0207007 -0.0160179 0.00539688 0.999983 0.0023822 -0.00973073 -0.0207133 -0.00226993 0.999783 0.00523116 0.0 0.0 0.0 1.0
fire/seq-02/color/frame-000135.color.png fire/seq-02/color/frame-000137.color.png 0.999974 -0.0024711 0.00678918 -0.00606561 0.00245948 0.999995 0.00172103 -0.00516808 -0.0067934 -0.00170429 0.999975 0.0013832 0.0 0.0 0.0 1.0
fire/seq-02/color/frame-000137.color.png fire/seq-02/color/frame-000139.color.png 0.999836 -0.0121056 0.0134926 -0.0153092 0.0121227 0.999926 -0.00118982 -0.0109075 -0.0134772 0.00135319 0.999908 0.0027257 0.0 0.0 0.0 1.0
fire/seq-02/color/frame-000139.color.png fire/seq-02/color/frame-000141.color.png 0.999958 -0.00408273 0.00820288 -0.0106023 0.00408892 0.999991 -0.000738693 -0.00424315 -0.00819979 0.0007722 0.999966 0.000994511 0.0 0.0 0.0 1.0
fire/seq-02/color/frame-000141.color.png fire/seq-02/color/frame-000143.color.png 0.999889 -0.00321236 0.0145146 -0.0208333 0.00315839 0.999988 0.00373901 -0.00879335 -0.0145264 -0.00369275 0.999888 0.00538684 0.0 0.0 0.0 1.0
fire/seq-02/color/frame-000143.color.png fire/seq-02/color/frame-000145.color.png 0.999824 -0.00769716 0.0171053 -0.0229399 0.00773248 0.999968 -0.00200151 -0.00847201 -0.0170894 0.00213342 0.999852 0.00468986 0.0 0.0 0.0 1.0
fire/seq-02/color/frame-000145.color.png fire/seq-02/color/frame-000147.color.png 0.999834 -0.00700911 0.0168012 -0.0208725 0.00707867 0.999967 -0.00408522 -0.00669368 -0.016772 0.00420348 0.999851 0.000477217 0.0 0.0 0.0 1.0
fire/seq-02/color/frame-000147.color.png fire/seq-02/color/frame-000149.color.png 0.999949 -0.00588337 0.00826198 -0.00948419 0.00589661 0.999981 -0.00157466 -0.00240667 -0.00825255 0.00162329 0.999965 -0.000981025 0.0 0.0 0.0 1.0
fire/seq-02/color/frame-000149.color.png fire/seq-02/color/frame-000151.color.png 0.999849 -0.00750831 0.0156882 -0.0195834 0.00750262 0.999972 0.000421894 -0.0047024 -0.0156909 -0.000304128 0.999877 0.00056392 0.0 0.0 0.0 1.0
fire/seq-02/color/frame-000151.color.png fire/seq-02/color/frame-000153.color.png 0.999946 -0.00327905 0.00985704 -0.011987 0.00327676 0.999995 0.000248985 -0.00314127 -0.0098578 -0.000216677 0.999951 0.00180577 0.0 0.0 0.0 1.0
fire/seq-02/color/frame-000153.color.png fire/seq-02/color/frame-000155.color.png 0.999671 -0.0141183 0.0213923 -0.0227815 0.014232 0.999885 -0.00517362 -0.00658226 -0.0213168 0.00547638 0.999758 0.00362193 0.0 0.0 0.0 1.0
fire/seq-02/color/frame-000155.color.png fire/seq-02/color/frame-000157.color.png 0.99971 -0.0146483 0.0191269 -0.0173505 0.0147537 0.999877 -0.00538139 -0.00203849 -0.0190457 0.00566201 0.999802 -2.25753e-06 0.0 0.0 0.0 1.0
fire/seq-02/color/frame-000157.color.png fire/seq-02/color/frame-000159.color.png 0.999889 -0.0110335 0.0100275 -0.0103157 0.0110736 0.999931 -0.00395249 -0.000789531 -0.00998317 0.0040631 0.999942 -0.000467286 0.0 0.0 0.0 1.0
fire/seq-02/color/frame-000159.color.png fire/seq-02/color/frame-000161.color.png 0.99983 -0.0113306 0.014549 -0.022125 0.0114505 0.999901 -0.00818335 0.000236839 -0.0144548 0.00834855 0.999861 0.00303098 0.0 0.0 0.0 1.0
fire/seq-02/color/frame-000161.color.png fire/seq-02/color/frame-000163.color.png 0.999606 -0.0228277 0.0163315 -0.017752 0.0229367 0.999716 -0.00651775 -0.0039882 -0.0161781 0.00688977 0.999845 -0.00421532 0.0 0.0 0.0 1.0
fire/seq-02/color/frame-000163.color.png fire/seq-02/color/frame-000165.color.png 0.999574 -0.0252467 0.0146494 -0.0212764 0.0254533 0.999577 -0.0140944 0.00422832 -0.0142873 0.0144613 0.999793 -0.000917628 0.0 0.0 0.0 1.0
fire/seq-02/color/frame-000165.color.png fire/seq-02/color/frame-000167.color.png 0.999803 -0.0124124 0.0155138 -0.019419 0.0125107 0.999902 -0.00625841 -0.0021331 -0.0154346 0.00645126 0.99986 -0.00104944 0.0 0.0 0.0 1.0
fire/seq-02/color/frame-000167.color.png fire/seq-02/color/frame-000169.color.png 0.999706 -0.0151049 0.018957 -0.0231392 0.0155904 0.999548 -0.0257264 0.00660296 -0.0185599 0.0260144 0.999489 -0.00203771 0.0 0.0 0.0 1.0
fire/seq-02/color/frame-000169.color.png fire/seq-02/color/frame-000171.color.png 0.999798 -0.0102846 0.0172524 -0.0255701 0.0105442 0.999832 -0.0150244 0.00192624 -0.0170949 0.0152033 0.999738 -0.00907739 0.0 0.0 0.0 1.0
fire/seq-02/color/frame-000171.color.png fire/seq-02/color/frame-000173.color.png 0.999752 -0.0116344 0.0189781 -0.0298031 0.0118955 0.999835 -0.0137034 0.0115704 -0.0188156 0.0139258 0.999726 -0.00409258 0.0 0.0 0.0 1.0
fire/seq-02/color/frame-000173.color.png fire/seq-02/color/frame-000175.color.png 0.999759 -0.00977669 0.0196761 -0.0275427 0.00984467 0.999946 -0.00336132 0.0102732 -0.0196421 0.00355421 0.999801 -0.00267239 0.0 0.0 0.0 1.0
fire/seq-02/color/frame-000175.color.png fire/seq-02/color/frame-000177.color.png 0.999846 -0.0144037 0.010034 -0.0220391 0.014445 0.999887 -0.00405629 0.00697461 -0.00997448 0.00420063 0.999941 -0.00239903 0.0 0.0 0.0 1.0
fire/seq-02/color/frame-000177.color.png fire/seq-02/color/frame-000179.color.png 0.999803 -0.0141534 0.0138856 -0.0197622 0.0142631 0.999868 -0.00783766 0.00790547 -0.0137729 0.00803416 0.999873 -0.00120332 0.0 0.0 0.0 1.0
fire/seq-02/color/frame-000179.color.png fire/seq-02/color/frame-000181.color.png 0.999759 -0.00755439 0.020606 -0.0240329 0.00770463 0.999944 -0.00722177 0.00623207 -0.0205503 0.00737877 0.999762 0.000738278 0.0 0.0 0.0 1.0
fire/seq-02/color/frame-000181.color.png fire/seq-02/color/frame-000183.color.png 0.999689 -0.0208731 0.0136136 -0.0147609 0.0210846 0.999656 -0.0155814 0.00904164 -0.0132838 0.0158636 0.999786 -0.00562242 0.0 0.0 0.0 1.0
fire/seq-02/color/frame-000183.color.png fire/seq-02/color/frame-000185.color.png 0.999838 -0.00661178 0.0167147 -0.0195819 0.00674545 0.999946 -0.00795373 0.00820951 -0.0166612 0.00806522 0.999829 -0.00289337 0.0 0.0 0.0 1.0
fire/seq-02/color/frame-000185.color.png fire/seq-02/color/frame-000187.color.png 0.999832 -0.00857968 0.0161782 -0.018557 0.00864291 0.999955 -0.00384076 0.00568655 -0.0161446 0.00397992 0.999862 0.00194439 0.0 0.0 0.0 1.0
fire/seq-02/color/frame-000187.color.png fire/seq-02/color/frame-000189.color.png 0.99967 -0.0122698 0.0225772 -0.0174298 0.0125299 0.999856 -0.0114134 0.00700884 -0.0224339 0.0116925 0.99968 -0.00419086 0.0 0.0 0.0 1.0
fire/seq-02/color/frame-000189.color.png fire/seq-02/color/frame-000191.color.png 0.99978 -0.0118398 0.0173281 -0.0188787 0.0120194 0.999875 -0.0103005 0.00505291 -0.017204 0.0105065 0.999797 -0.00488792 0.0 0.0 0.0 1.0
fire/seq-02/color/frame-000191.color.png fire/seq-02/color/frame-000193.color.png 0.999907 -0.00191213 0.0135187 -0.0160222 0.00196772 0.99999 -0.00409737 0.00495946 -0.0135108 0.0041236 0.9999 -0.00277935 0.0 0.0 0.0 1.0
fire/seq-02/color/frame-000193.color.png fire/seq-02/color/frame-000195.color.png 0.999551 -0.0197771 0.0224937 -0.0203312 0.0199682 0.999766 -0.00830609 0.00210516 -0.0223239 0.00875151 0.999713 0.00617191 0.0 0.0 0.0 1.0
fire/seq-02/color/frame-000195.color.png fire/seq-02/color/frame-000197.color.png 0.999839 -0.013528 0.0117714 -0.0204912 0.0136985 0.999801 -0.0145169 0.0091463 -0.0115728 0.0146758 0.999825 0.0025977 0.0 0.0 0.0 1.0
fire/seq-02/color/frame-000197.color.png fire/seq-02/color/frame-000199.color.png 0.999824 -0.0078187 0.0170782 -0.0176683 0.0079357 0.999945 -0.00679225 0.00600129 -0.017024 0.00692653 0.999831 0.00274747 0.0 0.0 0.0 1.0
fire/seq-02/color/frame-000199.color.png fire/seq-02/color/frame-000201.color.png 0.999754 -0.0116146 0.0189172 -0.0187808 0.0117442 0.999908 -0.00675666 0.00875205 -0.018837 0.00697722 0.999798 0.00217322 0.0 0.0 0.0 1.0
fire/seq-02/color/frame-000201.color.png fire/seq-02/color/frame-000203.color.png 0.999902 -0.010741 0.00893742 -0.0187152 0.0107662 0.999938 -0.00277873 0.00645365 -0.00890702 0.00287472 0.999956 0.00842395 0.0 0.0 0.0 1.0
fire/seq-02/color/frame-000203.color.png fire/seq-02/color/frame-000205.color.png 0.999931 -0.00375152 0.0111504 -0.0186321 0.00372211 0.999989 0.00266193 9.98378e-05 -0.0111602 -0.00262027 0.999934 0.00824338 0.0 0.0 0.0 1.0
fire/seq-02/color/frame-000205.color.png fire/seq-02/color/frame-000207.color.png 0.999708 -0.00850448 0.0226342 -0.029948 0.00856926 0.999959 -0.00276743 0.0085561 -0.0226098 0.00296056 0.99974 0.00850016 0.0 0.0 0.0 1.0
fire/seq-02/color/frame-000207.color.png fire/seq-02/color/frame-000209.color.png 0.999899 -0.0132635 0.00507892 -0.0104068 0.013309 0.999871 -0.00904265 0.00911203 -0.00495842 0.0091093 0.999946 0.0063356 0.0 0.0 0.0 1.0
fire/seq-02/color/frame-000209.color.png fire/seq-02/color/frame-000211.color.png 0.999837 -0.0132843 0.0121954 -0.0253545 0.0133573 0.999893 -0.00592175 0.0101289 -0.0121154 0.00608371 0.999908 0.0116177 0.0 0.0 0.0 1.0
fire/seq-02/color/frame-000211.color.png fire/seq-02/color/frame-000213.color.png 0.999406 -0.0160877 0.0304847 -0.0286036 0.0160126 0.999868 0.00270468 0.0097378 -0.0305242 -0.00221492 0.999532 0.00904873 0.0 0.0 0.0 1.0
fire/seq-02/color/frame-000213.color.png fire/seq-02/color/frame-000215.color.png 0.999878 -0.00985801 0.0121033 -0.0117701 0.00988419 0.999949 -0.00210095 0.00236888 -0.0120819 0.00222033 0.999925 0.00499859 0.0 0.0 0.0 1.0
fire/seq-02/color/frame-000215.color.png fire/seq-02/color/frame-000217.color.png 0.999747 -0.00412087 0.0221148 -0.0212467 0.00410918 0.999991 0.000569105 0.00682621 -0.022117 -0.000478087 0.999755 0.00258525 0.0 0.0 0.0 1.0
fire/seq-02/color/frame-000217.color.png fire/seq-02/color/frame-000219.color.png 0.999645 -0.014462 0.0223609 -0.0298707 0.0144347 0.999895 0.00138461 0.00602508 -0.0223785 -0.00106132 0.999749 0.0149993 0.0 0.0 0.0 1.0
fire/seq-02/color/frame-000219.color.png fire/seq-02/color/frame-000221.color.png 0.999866 -0.0100383 0.0129016 -0.0125172 0.010114 0.999932 -0.00580794 0.00408821 -0.0128424 0.00593763 0.9999 0.000418723 0.0 0.0 0.0 1.0
fire/seq-02/color/frame-000221.color.png fire/seq-02/color/frame-000223.color.png 0.999824 -0.010848 0.0152883 -0.0198896 0.0110289 0.99987 -0.0118019 0.0171701 -0.0151583 0.0119684 0.999813 0.00529823 0.0 0.0 0.0 1.0
fire/seq-02/color/frame-000223.color.png fire/seq-02/color/frame-000225.color.png 0.999473 -0.0164122 0.0279928 -0.0343161 0.0162757 0.999855 0.00509464 -0.00697707 -0.0280724 -0.0046364 0.999595 0.0152282 0.0 0.0 0.0 1.0
fire/seq-02/color/frame-000225.color.png fire/seq-02/color/frame-000227.color.png 0.999878 -0.011687 0.0104005 -0.0117719 0.011846 0.999812 -0.0153675 0.0138316 -0.010219 0.0154889 0.999828 0.00212839 0.0 0.0 0.0 1.0
fire/seq-02/color/frame-000227.color.png fire/seq-02/color/frame-000229.color.png 0.999902 -0.010636 0.00910695 -0.00884593 0.0107126 0.999907 -0.00839342 0.00722669 -0.00901686 0.00849007 0.999923 0.00575605 0.0 0.0 0.0 1.0
fire/seq-02/color/frame-000229.color.png fire/seq-02/color/frame-000231.color.png 0.999389 -0.0198326 0.0287802 -0.020618 0.0202454 0.999695 -0.0141247 0.0201402 -0.0284913 0.0146988 0.999486 -0.00221705 0.0 0.0 0.0 1.0
fire/seq-02/color/frame-000231.color.png fire/seq-02/color/frame-000233.color.png 0.999935 -0.00814788 0.00802283 -0.00957018 0.00814428 0.999967 0.000475405 0.00454925 -0.00802654 -0.000410002 0.999968 0.0110512 0.0 0.0 0.0 1.0
fire/seq-02/color/frame-000233.color.png fire/seq-02/color/frame-000235.color.png 0.999592 -0.0196871 0.0206837 -0.0144319 0.0197862 0.999794 -0.00459603 0.0130567 -0.020589 0.00500338 0.999775 0.0051516 0.0 0.0 0.0 1.0
fire/seq-02/color/frame-000235.color.png fire/seq-02/color/frame-000237.color.png 0.999767 -0.006324 0.0206572 -0.0180147 0.00642784 0.999967 -0.00496342 -0.000705972 -0.0206252 0.00509509 0.999774 0.00880212 0.0 0.0 0.0 1.0
fire/seq-02/color/frame-000237.color.png fire/seq-02/color/frame-000239.color.png 0.999904 -0.00544067 0.0127362 -0.011014 0.005615 0.999891 -0.0136931 0.00880757 -0.0126601 0.0137633 0.999825 0.00810882 0.0 0.0 0.0 1.0
fire/seq-02/color/frame-000239.color.png fire/seq-02/color/frame-000241.color.png 0.99996 -0.00294661 0.00843898 -0.00767523 0.00298568 0.999985 -0.00462235 0.00244309 -0.00842529 0.00464745 0.999954 0.00245222 0.0 0.0 0.0 1.0
fire/seq-02/color/frame-000241.color.png fire/seq-02/color/frame-000243.color.png 0.999916 -0.00788687 0.0102716 -0.00862968 0.00809272 0.999764 -0.0201537 0.00960603 -0.0101102 0.0202351 0.999744 0.00281012 0.0 0.0 0.0 1.0
fire/seq-02/color/frame-000243.color.png fire/seq-02/color/frame-000245.color.png 0.999974 -0.00334353 0.00630493 -0.0106518 0.00343079 0.999898 -0.0138871 0.0098315 -0.00625787 0.0139086 0.999884 0.00915951 0.0 0.0 0.0 1.0
fire/seq-02/color/frame-000245.color.png fire/seq-02/color/frame-000247.color.png 0.999998 -0.001775 -0.00073665 -0.00495493 0.00177042 0.999979 -0.00621032 0.00301398 0.000747551 0.00620886 0.999981 0.00860268 0.0 0.0 0.0 1.0
fire/seq-02/color/frame-000247.color.png fire/seq-02/color/frame-000249.color.png 0.999962 -0.00213579 0.00847553 -0.00739163 0.00214228 0.999997 -0.000753542 0.00325876 -0.00847385 0.000771691 0.999964 0.000587702 0.0 0.0 0.0 1.0
fire/seq-02/color/frame-000249.color.png fire/seq-02/color/frame-000251.color.png 0.999961 -0.00840503 0.00270251 -0.00347531 0.00842888 0.999924 -0.00896675 0.00887066 -0.00262687 0.00898922 0.999956 0.0100103 0.0 0.0 0.0 1.0
fire/seq-02/color/frame-000251.color.png fire/seq-02/color/frame-000253.color.png 0.999996 -0.00222758 -0.0019141 0.00635719 0.00219303 0.999838 -0.0178501 0.0210975 0.00195357 0.0178458 0.999839 0.00832713 0.0 0.0 0.0 1.0
fire/seq-02/color/frame-000253.color.png fire/seq-02/color/frame-000255.color.png 0.999979 0.00464256 -0.00458231 -0.00324321 -0.00463515 0.999988 0.00161526 -0.00202267 0.00458968 -0.00159403 0.999988 0.017109 0.0 0.0 0.0 1.0
fire/seq-02/color/frame-000255.color.png fire/seq-02/color/frame-000257.color.png 0.999723 0.0114248 -0.020562 0.00239503 -0.0111879 0.99987 0.0115996 -0.0144795 0.020692 -0.0113662 0.999721 0.0279214 0.0 0.0 0.0 1.0
fire/seq-02/color/frame-000257.color.png fire/seq-02/color/frame-000259.color.png 0.99997 0.00328526 -0.00706573 0.000272274 -0.00329274 0.999994 -0.00105728 -0.000895962 0.00706218 0.00108044 0.999974 0.0129909 0.0 0.0 0.0 1.0
fire/seq-02/color/frame-000259.color.png fire/seq-02/color/frame-000261.color.png 0.999972 0.00495911 -0.00561965 -0.00235456 -0.00492307 0.999967 0.00641624 -0.00616056 0.00565122 -0.00638833 0.999964 0.0146669 0.0 0.0 0.0 1.0
fire/seq-02/color/frame-000261.color.png fire/seq-02/color/frame-000263.color.png 0.999932 0.00604095 -0.0099451 0.00340319 -0.00598914 0.999968 0.00522392 -0.00488235 0.00997633 -0.00516407 0.999937 0.020761 0.0 0.0 0.0 1.0
fire/seq-02/color/frame-000263.color.png fire/seq-02/color/frame-000265.color.png 0.999917 0.0103562 -0.0076502 0.00136578 -0.0102903 0.99991 0.00861407 -0.0127689 0.00773871 -0.00853474 0.999934 0.0160505 0.0 0.0 0.0 1.0
fire/seq-02/color/frame-000265.color.png fire/seq-02/color/frame-000267.color.png 0.999894 0.00782785 -0.01226 0.00107855 -0.00779507 0.999966 0.00272281 -0.00344899 0.0122809 -0.0026269 0.999921 0.0137241 0.0 0.0 0.0 1.0
fire/seq-02/color/frame-000267.color.png fire/seq-02/color/frame-000269.color.png 0.999949 0.00488125 -0.00883715 0.00228429 -0.00483419 0.999974 0.00533525 -0.00763038 0.00886306 -0.00529227 0.999947 0.0133197 0.0 0.0 0.0 1.0
fire/seq-02/color/frame-000269.color.png fire/seq-02/color/frame-000271.color.png 0.999478 0.0228884 -0.0227915 -0.000426888 -0.0224842 0.999588 0.0178361 -0.0262035 0.0231903 -0.0173145 0.999581 0.0314658 0.0 0.0 0.0 1.0
fire/seq-02/color/frame-000271.color.png fire/seq-02/color/frame-000273.color.png 0.999875 0.0105325 -0.0118114 0.00116444 -0.0104647 0.999928 0.00579504 -0.0098508 0.0118715 -0.00567069 0.999914 0.0144135 0.0 0.0 0.0 1.0
fire/seq-02/color/frame-000273.color.png fire/seq-02/color/frame-000275.color.png 0.999892 0.00692589 -0.0129282 0.00721622 -0.00688525 0.999971 0.0031784 -0.00669296 0.0129497 -0.00308907 0.999911 0.0136516 0.0 0.0 0.0 1.0
fire/seq-02/color/frame-000275.color.png fire/seq-02/color/frame-000277.color.png 0.999939 0.00782459 -0.00778095 -0.00129968 -0.00779099 0.99996 0.00434903 -0.0067203 0.00781462 -0.00428812 0.99996 0.0118173 0.0 0.0 0.0 1.0
fire/seq-02/color/frame-000277.color.png fire/seq-02/color/frame-000279.color.png 0.999939 0.0100297 0.004696 -0.0201972 -0.0100386 0.999948 0.0019002 -0.00589177 -0.00467666 -0.00194724 0.999987 0.0240575 0.0 0.0 0.0 1.0
fire/seq-02/color/frame-000279.color.png fire/seq-02/color/frame-000281.color.png 0.999792 0.00975234 -0.0178958 0.00620812 -0.00962497 0.999928 0.00719264 -0.012067 0.0179648 -0.00701875 0.999814 0.0170927 0.0 0.0 0.0 1.0
fire/seq-02/color/frame-000281.color.png fire/seq-02/color/frame-000283.color.png 0.999732 0.0186191 -0.0138021 -0.00207794 -0.0184699 0.999771 0.0108512 -0.0202425 0.014001 -0.0105934 0.999846 0.0179385 0.0 0.0 0.0 1.0
fire/seq-02/color/frame-000283.color.png fire/seq-02/color/frame-000285.color.png 0.999683 0.0121374 -0.0220512 0.00382817 -0.0119568 0.999894 0.00830882 -0.0147147 0.0221496 -0.00804257 0.999722 0.0164708 0.0 0.0 0.0 1.0
fire/seq-02/color/frame-000285.color.png fire/seq-02/color/frame-000287.color.png 0.999584 0.0220168 -0.0186447 0.00834721 -0.0217938 0.99969 0.0120773 -0.0207661 0.0189051 -0.0116659 0.999753 0.0194014 0.0 0.0 0.0 1.0
fire/seq-02/color/frame-000287.color.png fire/seq-02/color/frame-000289.color.png 0.999813 0.00816157 -0.0175132 -0.000612736 -0.00804257 0.999944 0.00684989 -0.0132879 0.0175679 -0.00670774 0.999823 0.0137823 0.0 0.0 0.0 1.0
fire/seq-02/color/frame-000289.color.png fire/seq-02/color/frame-000291.color.png 0.999667 0.0171182 -0.019288 0.00540787 -0.016967 0.999824 0.00798245 -0.0183207 0.0194214 -0.00765255 0.999782 0.0170007 0.0 0.0 0.0 1.0
fire/seq-02/color/frame-000291.color.png fire/seq-02/color/frame-000293.color.png 0.999497 0.0188055 -0.0255428 0.0125844 -0.0186915 0.999814 0.00468939 -0.0131323 0.0256261 -0.0042096 0.999663 0.0207751 0.0 0.0 0.0 1.0
fire/seq-02/color/frame-000293.color.png fire/seq-02/color/frame-000295.color.png 0.999588 0.0190366 -0.0214793 0.00708294 -0.0188835 0.999795 0.00731151 -0.0193188 0.0216141 -0.0069029 0.999743 0.013329 0.0 0.0 0.0 1.0
fire/seq-02/color/frame-000295.color.png fire/seq-02/color/frame-000297.color.png 0.999516 0.0176033 -0.0256465 0.00858009 -0.017471 0.999833 0.00537451 -0.0195994 0.0257369 -0.00492385 0.999657 0.016948 0.0 0.0 0.0 1.0
fire/seq-02/color/frame-000297.color.png fire/seq-02/color/frame-000299.color.png 0.999398 0.022237 -0.026639 0.0134938 -0.0222694 0.999752 -0.000918679 -0.012587 0.0266119 0.00151134 0.999645 0.0188184 0.0 0.0 0.0 1.0
fire/seq-02/color/frame-000299.color.png fire/seq-02/color/frame-000301.color.png 0.999473 0.0176244 -0.0272654 0.0127103 -0.0175485 0.999842 0.00302184 -0.0142749 0.0273144 -0.00254179 0.999624 0.0153078 0.0 0.0 0.0 1.0
fire/seq-02/color/frame-000301.color.png fire/seq-02/color/frame-000303.color.png 0.999574 0.0194109 -0.0217805 0.00794077 -0.0192875 0.999797 0.00585711 -0.0151737 0.0218897 -0.0054345 0.999745 0.0116156 0.0 0.0 0.0 1.0
fire/seq-02/color/frame-000303.color.png fire/seq-02/color/frame-000305.color.png 0.99972 0.0180603 -0.0152659 0.00476754 -0.0181175 0.999829 -0.0036131 0.00127698 0.0151982 0.00388864 0.999877 0.0163586 0.0 0.0 0.0 1.0
fire/seq-02/color/frame-000305.color.png fire/seq-02/color/frame-000307.color.png 0.999681 0.0101707 -0.0231141 0.0164325 -0.0102232 0.999945 -0.00215524 0.0030309 0.0230908 0.0023909 0.99973 0.00602669 0.0 0.0 0.0 1.0
fire/seq-02/color/frame-000307.color.png fire/seq-02/color/frame-000309.color.png 0.999823 0.00508468 -0.0181321 0.00896388 -0.00496958 0.999967 0.00638578 -0.0119034 0.018164 -0.00629455 0.999815 0.00288612 0.0 0.0 0.0 1.0
fire/seq-02/color/frame-000309.color.png fire/seq-02/color/frame-000311.color.png 0.999608 0.00597887 -0.0273531 0.0166643 -0.00602719 0.99998 -0.00168403 0.000124067 0.0273425 0.00184822 0.999624 0.00400579 0.0 0.0 0.0 1.0
fire/seq-02/color/frame-000311.color.png fire/seq-02/color/frame-000313.color.png 0.9992 0.0200382 -0.0346158 0.033221 -0.0202307 0.999782 -0.00522025 0.0112381 0.0345037 0.00591638 0.999387 0.00699806 0.0 0.0 0.0 1.0
fire/seq-02/color/frame-000313.color.png fire/seq-02/color/frame-000315.color.png 0.999484 0.0164881 -0.0275701 0.0200524 -0.0163449 0.999852 0.00541275 -0.00823969 0.0276553 -0.00495935 0.999605 0.0048027 0.0 0.0 0.0 1.0
fire/seq-02/color/frame-000315.color.png fire/seq-02/color/frame-000317.color.png 0.999821 0.0074589 -0.01739 0.00551587 -0.00738025 0.999962 0.00458383 0.000249684 0.0174236 -0.00445466 0.999838 5.42402e-06 0.0 0.0 0.0 1.0
fire/seq-02/color/frame-000317.color.png fire/seq-02/color/frame-000319.color.png 0.999567 0.0101856 -0.0276216 0.0183219 -0.010087 0.999942 0.00370533 -0.00236133 0.0276577 -0.00342506 0.999611 0.00505155 0.0 0.0 0.0 1.0
fire/seq-02/color/frame-000319.color.png fire/seq-02/color/frame-000321.color.png 0.99955 0.0142931 -0.0263749 0.0212303 -0.0143756 0.999892 -0.0029407 0.00522983 0.0263301 0.0033185 0.999648 0.000520587 0.0 0.0 0.0 1.0
fire/seq-02/color/frame-000321.color.png fire/seq-02/color/frame-000323.color.png 0.999613 0.0100805 -0.0259327 0.0173892 -0.0099716 0.999941 0.00432495 -0.00628549 0.0259748 -0.00406467 0.999654 -0.00690517 0.0 0.0 0.0 1.0
fire/seq-02/color/frame-000323.color.png fire/seq-02/color/frame-000325.color.png 0.999384 0.0193008 -0.0293103 0.0209127 -0.019491 0.999791 -0.00621816 0.0135513 0.0291842 0.00678559 0.999551 0.00373772 0.0 0.0 0.0 1.0
fire/seq-02/color/frame-000325.color.png fire/seq-02/color/frame-000327.color.png 0.99946 0.0201235 -0.0259967 0.0196561 -0.019801 0.999725 0.0126062 -0.0129106 0.0262432 -0.0120846 0.999583 -0.00650194 0.0 0.0 0.0 1.0
fire/seq-02/color/frame-000327.color.png fire/seq-02/color/frame-000329.color.png 0.999816 0.00861425 -0.0171127 0.0137686 -0.00866743 0.999958 -0.00303604 0.0128397 0.0170859 0.00318382 0.999849 -0.00134063 0.0 0.0 0.0 1.0
fire/seq-02/color/frame-000329.color.png fire/seq-02/color/frame-000331.color.png 0.999875 0.00812539 -0.0135692 0.00846791 -0.00799964 0.999925 0.00929587 -0.00610539 0.0136437 -0.0091862 0.999865 -0.00453731 0.0 0.0 0.0 1.0
fire/seq-02/color/frame-000331.color.png fire/seq-02/color/frame-000333.color.png 0.999902 0.00887511 -0.0108624 0.00391382 -0.00880133 0.999938 0.00682066 -0.00744805 0.0109223 -0.00672439 0.999918 -0.0045414 0.0 0.0 0.0 1.0
fire/seq-02/color/frame-000333.color.png fire/seq-02/color/frame-000335.color.png 0.999988 0.00274562 -0.00406295 0.00174779 -0.00275228 0.999995 -0.00163628 0.00245166 0.00405845 0.00164745 0.99999 -0.00367028 0.0 0.0 0.0 1.0
fire/seq-02/color/frame-000335.color.png fire/seq-02/color/frame-000337.color.png 0.99995 0.00252495 -0.00970543 0.006235 -0.00252579 0.999997 -7.35669e-05 -0.00372297 0.00970519 9.80941e-05 0.999953 -0.0057486 0.0 0.0 0.0 1.0
fire/seq-02/color/frame-000337.color.png fire/seq-02/color/frame-000339.color.png 0.999923 0.0102011 -0.00711935 -0.00155079 -0.0102541 0.99992 -0.00744678 -0.00226766 0.00704282 0.00751921 0.999947 -0.0110184 0.0 0.0 0.0 1.0
fire/seq-02/color/frame-000339.color.png fire/seq-02/color/frame-000341.color.png 0.999876 0.013442 -0.00821918 -0.00268215 -0.013502 0.999882 -0.00728672 -0.00119972 0.00812027 0.00739679 0.99994 -0.00635073 0.0 0.0 0.0 1.0
fire/seq-02/color/frame-000341.color.png fire/seq-02/color/frame-000343.color.png 0.999914 0.00958108 -0.00890587 -0.00143385 -0.00965933 0.999915 -0.00878523 0.000634551 0.00882094 0.00887051 0.999922 -0.00779206 0.0 0.0 0.0 1.0
fire/seq-02/color/frame-000343.color.png fire/seq-02/color/frame-000345.color.png 0.999953 0.00748962 -0.00610316 0.000710249 -0.00751311 0.999964 -0.00383398 -0.00251782 0.00607424 0.00387961 0.999974 -0.00335237 0.0 0.0 0.0 1.0
fire/seq-02/color/frame-000345.color.png fire/seq-02/color/frame-000347.color.png 0.999949 0.00830727 -0.0057329 -0.00226915 -0.00837225 0.9999 -0.0114057 0.005355 0.00563757 0.0114531 0.999919 -0.012289 0.0 0.0 0.0 1.0
fire/seq-02/color/frame-000347.color.png fire/seq-02/color/frame-000349.color.png 0.999775 0.0175892 -0.0118414 -0.00291908 -0.0176399 0.999836 -0.00419052 -0.00255713 0.0117658 0.00439848 0.999921 -0.00745726 0.0 0.0 0.0 1.0
fire/seq-02/color/frame-000349.color.png fire/seq-02/color/frame-000351.color.png 0.999904 0.0105817 -0.00896904 -0.00473589 -0.0106417 0.999921 -0.00667387 0.00761124 0.00889771 0.00676867 0.999937 -0.00886306 0.0 0.0 0.0 1.0
fire/seq-02/color/frame-000351.color.png fire/seq-02/color/frame-000353.color.png 0.999958 0.00731702 -0.00549589 -0.00110167 -0.00731365 0.999973 0.00063283 -0.00163907 0.00550037 -0.000592607 0.999985 -0.00384775 0.0 0.0 0.0 1.0
fire/seq-02/color/frame-000353.color.png fire/seq-02/color/frame-000355.color.png 0.999923 0.00385649 -0.0117497 0.000275314 -0.00386982 0.999992 -0.00111249 0.0089964 0.0117453 0.00115789 0.99993 -0.00464892 0.0 0.0 0.0 1.0
fire/seq-02/color/frame-000355.color.png fire/seq-02/color/frame-000357.color.png 0.999904 0.0114303 -0.00784284 -0.00668389 -0.0113764 0.999912 0.00688105 -0.00362194 0.0079208 -0.00679117 0.999946 -0.00600252 0.0 0.0 0.0 1.0
