fire/seq-02/color/frame-000001.color.png fire/seq-02/color/frame-000004.color.png 0.999994 -0.00351352 0.000716886 -0.00208899 0.00351538 0.99999 -0.00260546 0.00361983 -0.000707725 0.00260796 0.999996 0.00378848 0.0 0.0 0.0 1.0
fire/seq-02/color/frame-000004.color.png fire/seq-02/color/frame-000007.color.png 0.999981 -0.00580947 0.00182741 -0.00464334 0.00581917 0.999969 -0.00534718 0.0103805 -0.00179629 0.00535771 0.999984 0.00324536 0.0 0.0 0.0 1.0
fire/seq-02/color/frame-000007.color.png fire/seq-02/color/frame-000010.color.png 0.999985 -0.00191778 0.00512157 -0.00451961 0.00196595 0.999954 -0.00941629 0.0103148 -0.00510327 0.00942621 0.999943 0.00744195 0.0 0.0 0.0 1.0
fire/seq-02/color/frame-000010.color.png fire/seq-02/color/frame-000013.color.png 0.999859 -0.0159047 0.00532363 -0.00851314 0.0159084 0.999873 -0.000647386 0.011805 -0.00531266 0.000731991 0.999986 0.00782276 0.0 0.0 0.0 1.0
fire/seq-02/color/frame-000013.color.png fire/seq-02/color/frame-000016.color.png 0.999973 -0.00234809 0.00702421 -0.0119656 0.0023778 0.999988 -0.00422467 0.0163861 -0.0070142 0.00424126 0.999966 0.00383598 0.0 0.0 0.0 1.0
fire/seq-02/color/frame-000016.color.png fire/seq-02/color/frame-000019.color.png 0.99994 -0.0102763 0.00385884 -0.0126763 0.010295 0.999935 -0.00483744 0.014232 -0.00380888 0.00487687 0.999981 0.00745399 0.0 0.0 0.0 1.0
fire/seq-02/color/frame-000019.color.png fire/seq-02/color/frame-000022.color.png 0.999906 -0.0113021 0.00777571 -0.0139961 0.0113227 0.999933 -0.00262137 0.0147421 -0.00774555 0.00270917 0.999966 0.0127617 0.0 0.0 0.0 1.0
fire/seq-02/color/frame-000022.color.png fire/seq-02/color/frame-000025.color.png 0.999737 -0.0199475 0.0113385 -0.0100147 0.0200669 0.999743 -0.0105157 0.0118896 -0.0111258 0.0107405 0.99988 0.0183891 0.0 0.0 0.0 1.0
fire/seq-02/color/frame-000025.color.png fire/seq-02/color/frame-000028.color.png 0.999741 -0.0199397 0.01098 -0.0169444 0.019997 0.999787 -0.00513137 0.0173329 -0.0108754 0.0053496 0.999927 0.0108665 0.0 0.0 0.0 1.0
fire/seq-02/color/frame-000028.color.png fire/seq-02/color/frame-000031.color.png 0.999949 -0.00246503 0.00973655 -0.0131453 0.00257342 0.999935 -0.0111367 0.0127229 -0.00970848 0.0111612 0.999891 0.00900242 0.0 0.0 0.0 1.0
fire/seq-02/color/frame-000031.color.png fire/seq-02/color/frame-000034.color.png 0.999974 -0.00262697 0.00668913 -0.00984264 0.00267303 0.999973 -0.00689153 0.0152308 -0.00667084 0.00690924 0.999954 0.00998308 0.0 0.0 0.0 1.0
fire/seq-02/color/frame-000034.color.png fire/seq-02/color/frame-000037.color.png 0.999981 -0.00405695 0.00468575 -0.0049387 0.00404605 0.999989 0.00233578 0.0203804 -0.00469515 -0.00231678 0.999986 0.010846 0.0 0.0 0.0 1.0
fire/seq-02/color/frame-000037.color.png fire/seq-02/color/frame-000040.color.png 0.999987 0.00465716 0.00224569 -0.00230967 -0.00467092 0.99997 0.0061621 0.0160258 -0.00221694 -0.0061725 0.999978 0.0117995 0.0 0.0 0.0 1.0
fire/seq-02/color/frame-000040.color.png fire/seq-02/color/frame-000043.color.png 0.999956 0.00399941 0.0085139 0.00303911 -0.00394546 0.999972 -0.00634502 0.017444 -0.00853901 0.00631114 0.999944 0.00606772 0.0 0.0 0.0 1.0
fire/seq-02/color/frame-000043.color.png fire/seq-02/color/frame-000046.color.png 0.999916 -0.000233335 0.0129484 -0.000914633 0.000381059 0.999935 -0.0114065 0.0193181 -0.0129449 0.0114104 0.999851 -0.00191018 0.0 0.0 0.0 1.0
fire/seq-02/color/frame-000046.color.png fire/seq-02/color/frame-000049.color.png 0.999984 0.00549275 0.00146985 0.00565398 -0.00550793 0.999929 0.0105338 0.0170115 -0.00141189 -0.0105417 0.999943 0.00908718 0.0 0.0 0.0 1.0
fire/seq-02/color/frame-000049.color.png fire/seq-02/color/frame-000052.color.png 0.999988 0.00234695 -0.00429555 0.00833006 -0.00232588 0.999985 0.00490099 0.0183513 0.00430699 -0.00489093 0.999979 0.00441796 0.0 0.0 0.0 1.0
fire/seq-02/color/frame-000052.color.png fire/seq-02/color/frame-000055.color.png 0.99996 0.00733799 -0.00506053 0.0140824 -0.00731129 0.999959 0.00527684 0.0028207 0.00509905 -0.00523964 0.999973 0.00472942 0.0 0.0 0.0 1.0
fire/seq-02/color/frame-000055.color.png fire/seq-02/color/frame-000058.color.png 0.999979 0.00630698 -0.00159534 0.0133247 -0.00630519 0.99998 0.00113439 0.00783953 0.00160248 -0.00112431 0.999998 -0.00328788 0.0 0.0 0.0 1.0
fire/seq-02/color/frame-000058.color.png fire/seq-02/color/frame-000061.color.png 0.99992 0.012626 -0.000886315 0.0193371 -0.0126298 0.99991 -0.00450672 0.0133744 0.000829322 0.00451754 0.99999 0.00339384 0.0 0.0 0.0 1.0
fire/seq-02/color/frame-000061.color.png fire/seq-02/color/frame-000064.color.png 0.999951 0.00941137 0.00293749 0.0207567 -0.00941298 0.999956 0.000533657 0.00327688 -0.00293233 -0.00056129 0.999996 0.00200607 0.0 0.0 0.0 1.0
fire/seq-02/color/frame-000064.color.png fire/seq-02/color/frame-000067.color.png 0.999981 0.00522151 0.00311743 0.0152351 -0.00521934 0.999986 -0.000704427 0.00244117 -0.00312107 0.000688152 0.999995 -0.00651863 0.0 0.0 0.0 1.0
fire/seq-02/color/frame-000067.color.png fire/seq-02/color/frame-000070.color.png 0.999817 0.00145667 -0.0191021 0.0274801 -0.00136086 0.999986 0.00502688 0.000192553 0.0191091 -0.00499996 0.999805 -0.000682205 0.0 0.0 0.0 1.0
fire/seq-02/color/frame-000070.color.png fire/seq-02/color/frame-000073.color.png 0.999684 0.000387694 -0.025125 0.0258913 -0.000534229 0.999983 -0.00582524 0.00585252 0.0251224 0.00583683 0.999667 -0.00279456 0.0 0.0 0.0 1.0
fire/seq-02/color/frame-000073.color.png fire/seq-02/color/frame-000076.color.png 0.998475 0.0551099 0.00314169 0.0165331 -0.0551483 0.998382 0.0138478 0.00510657 -0.00237347 -0.0139999 0.999899 0.00793524 0.0 0.0 0.0 1.0
fire/seq-02/color/frame-000076.color.png fire/seq-02/color/frame-000079.color.png 0.999873 -0.00364962 0.0155305 0.0164343 0.00360979 0.99999 0.00259226 -0.00628898 -0.0155399 -0.00253585 0.999876 -0.00789377 0.0 0.0 0.0 1.0
fire/seq-02/color/frame-000079.color.png fire/seq-02/color/frame-000082.color.png 0.99991 0.00439471 -0.0126356 0.0287903 -0.00442338 0.999988 -0.00224192 -0.0013704 0.0126256 0.0022976 0.999918 -0.00376542 0.0 0.0 0.0 1.0
fire/seq-02/color/frame-000082.color.png fire/seq-02/color/frame-000085.color.png 0.999965 0.005236 -0.00658497 0.0259863 -0.00522011 0.999983 0.00242662 -0.00544992 0.00659756 -0.00239216 0.999975 -0.00984952 0.0 0.0 0.0 1.0
fire/seq-02/color/frame-000085.color.png fire/seq-02/color/frame-000088.color.png 0.999988 0.00232149 -0.00426359 0.0170971 -0.00232175 0.999997 -5.59758e-05 -0.00023663 0.00426345 6.58646e-05 0.999991 0.00124703 0.0 0.0 0.0 1.0
fire/seq-02/color/frame-000088.color.png fire/seq-02/color/frame-000091.color.png 0.999895 0.0139059 -0.00392329 0.0239096 -0.0138887 0.999894 0.00436823 -0.00567821 0.00398361 -0.00431327 0.999983 -0.00340401 0.0 0.0 0.0 1.0
fire/seq-02/color/frame-000091.color.png fire/seq-02/color/frame-000094.color.png 0.999906 0.00725781 -0.0115959 0.0236271 -0.00716995 0.999945 0.00760065 -0.00978366 0.0116504 -0.00751681 0.999904 -0.00485326 0.0 0.0 0.0 1.0
fire/seq-02/color/frame-000094.color.png fire/seq-02/color/frame-000097.color.png 0.999912 0.00649465 -0.011538 0.0210812 -0.00655521 0.999965 -0.00521951 -0.00412104 0.0115037 0.00529469 0.99992 -0.00603069 0.0 0.0 0.0 1.0
fire/seq-02/color/frame-000097.color.png fire/seq-02/color/frame-000100.color.png 0.999782 0.0207682 -0.00203705 0.0226114 -0.0207568 0.999769 0.00547828 -5.19603e-05 0.00215036 -0.00543481 0.999983 -0.000370294 0.0 0.0 0.0 1.0
fire/seq-02/color/frame-000100.color.png fire/seq-02/color/frame-000103.color.png 0.999831 0.017581 -0.00542568 0.0271811 -0.0175559 0.999835 0.0046326 0.00265363 0.00550622 -0.00453657 0.999975 0.000636071 0.0 0.0 0.0 1.0
fire/seq-02/color/frame-000103.color.png fire/seq-02/color/frame-000106.color.png 0.999999 0.00114288 1.04271e-05 0.0103298 -0.00114291 0.99998 0.00622899 -0.00394851 -3.30776e-06 -0.006229 0.999981 0.00373449 0.0 0.0 0.0 1.0
fire/seq-02/color/frame-000106.color.png fire/seq-02/color/frame-000109.color.png 0.999874 0.00939318 -0.0127787 0.0174013 -0.00928081 0.999918 0.0088255 -0.00520547 0.0128605 -0.00870579 0.999879 0.00137342 0.0 0.0 0.0 1.0
fire/seq-02/color/frame-000109.color.png fire/seq-02/color/frame-000112.color.png 0.999988 0.00142971 -0.0046924 0.00807887 -0.00143804 0.999997 -0.00177042 -0.00559653 0.00468986 0.00177715 0.999987 0.00022918 0.0 0.0 0.0 1.0
fire/seq-02/color/frame-000112.color.png fire/seq-02/color/frame-000115.color.png 0.999709 0.0213654 -0.01115 0.0120433 -0.0213288 0.999767 0.0033939 -0.000984237 0.0112199 -0.0031551 0.999932 -0.00149165 0.0 0.0 0.0 1.0
fire/seq-02/color/frame-000115.color.png fire/seq-02/color/frame-000118.color.png 0.99969 0.0248338 -0.00199599 0.00353059 -0.0248145 0.99965 0.009141 0.000780478 0.0022223 -0.00908863 0.999956 0.00553861 0.0 0.0 0.0 1.0
fire/seq-02/color/frame-000118.color.png fire/seq-02/color/frame-000121.color.png 0.999864 0.0131613 0.00996325 -0.00133184 -0.013234 0.999886 0.00726612 -0.00719339 -0.00986648 -0.00739698 0.999924 0.00683214 0.0 0.0 0.0 1.0
fire/seq-02/color/frame-000121.color.png fire/seq-02/color/frame-000124.color.png 0.999863 0.00681981 0.0150578 0.00164717 -0.00688662 0.999967 0.00439063 -0.00657986 -0.0150273 -0.00449373 0.999877 0.00271386 0.0 0.0 0.0 1.0
fire/seq-02/color/frame-000124.color.png fire/seq-02/color/frame-000127.color.png 0.999911 0.00340985 0.0128624 -0.0100384 -0.00349229 0.999974 0.00639233 -0.0061757 -0.0128403 -0.00643669 0.999897 0.00605613 0.0 0.0 0.0 1.0
fire/seq-02/color/frame-000127.color.png fire/seq-02/color/frame-000130.color.png 0.99996 0.00402317 0.00802499 -0.0058209 -0.00406609 0.999978 0.005335 -0.00639674 -0.00800335 -0.00536742 0.999953 0.0026847 0.0 0.0 0.0 1.0
fire/seq-02/color/frame-000130.color.png fire/seq-02/color/frame-000133.color.png 0.99968 -8.17377e-05 0.025296 -0.0155145 1.38482e-05 0.999996 0.00268498 -0.0102013 -0.0252962 -0.00268377 0.999676 0.00277387 0.0 0.0 0.0 1.0
fire/seq-02/color/frame-000133.color.png fire/seq-02/color/frame-000136.color.png 0.999775 -0.00508861 0.0205735 -0.0158737 0.00500863 0.99998 0.00393605 -0.0119145 -0.020593 -0.00383212 0.999781 0.00518337 0.0 0.0 0.0 1.0
fire/seq-02/color/frame-000136.color.png fire/seq-02/color/frame-000139.color.png 0.999636 -0.0103841 0.0249181 -0.0288712 0.0103923 0.999946 -0.000200947 -0.013105 -0.0249147 0.000459823 0.999689 0.00852251 0.0 0.0 0.0 1.0
fire/seq-02/color/frame-000139.color.png fire/seq-02/color/frame-000142.color.png 0.999899 -0.0102173 0.00983787 -0.0120969 0.0102388 0.999945 -0.00213541 -0.00401679 -0.00981551 0.00223592 0.999949 0.00472227 0.0 0.0 0.0 1.0
fire/seq-02/color/frame-000142.color.png fire/seq-02/color/frame-000145.color.png 0.999657 -0.00883851 0.024672 -0.0330893 0.00882139 0.999961 0.000803361 -0.0157709 -0.0246781 -0.000585428 0.999695 0.00460247 0.0 0.0 0.0 1.0
fire/seq-02/color/frame-000145.color.png fire/seq-02/color/frame-000148.color.png 0.999878 -0.00792995 0.0134634 -0.0160449 0.00798491 0.99996 -0.00403524 -0.00704058 -0.0134309 0.00414225 0.999901 0.00013797 0.0 0.0 0.0 1.0
fire/seq-02/color/frame-000148.color.png fire/seq-02/color/frame-000151.color.png 0.999535 -0.0111494 0.0283823 -0.0352479 0.0111377 0.999938 0.000568863 -0.00861917 -0.0283868 -0.00025249 0.999597 0.00203729 0.0 0.0 0.0 1.0
fire/seq-02/color/frame-000151.color.png fire/seq-02/color/frame-000154.color.png 0.999805 -0.0099973 0.01705 -0.0179475 0.0100094 0.99995 -0.000622767 -0.00764163 -0.0170429 0.000793306 0.999855 -0.000252798 0.0 0.0 0.0 1.0
fire/seq-02/color/frame-000154.color.png fire/seq-02/color/frame-000157.color.png 0.999271 -0.0227072 0.030683 -0.0306752 0.0230452 0.999677 -0.0107057 -0.00361674 -0.0304299 0.011405 0.999472 0.00250274 0.0 0.0 0.0 1.0
fire/seq-02/color/frame-000157.color.png fire/seq-02/color/frame-000160.color.png 0.999681 -0.0168122 0.0188649 -0.0227983 0.0169443 0.999833 -0.00685959 -0.00146401 -0.0187464 0.00717706 0.999799 0.00325052 0.0 0.0 0.0 1.0
fire/seq-02/color/frame-000160.color.png fire/seq-02/color/frame-000163.color.png 0.999344 -0.0274 0.0236695 -0.0298594 0.027597 0.999587 -0.0080347 -0.00732388 -0.0234396 0.00868263 0.999687 -0.00465044 0.0 0.0 0.0 1.0
fire/seq-02/color/frame-000163.color.png fire/seq-02/color/frame-000166.color.png 0.999368 -0.0304223 0.0184023 -0.0255176 0.0308287 0.999278 -0.0222197 0.0129273 -0.017713 0.022773 0.999584 -0.0013744 0.0 0.0 0.0 1.0
fire/seq-02/color/frame-000166.color.png fire/seq-02/color/frame-000169.color.png 0.999382 -0.0208813 0.0282863 -0.0336107 0.0217009 0.999344 -0.0289865 0.00428291 -0.0276626 0.0295824 0.999179 -0.00115389 0.0 0.0 0.0 1.0
fire/seq-02/color/frame-000169.color.png fire/seq-02/color/frame-000172.color.png 0.999579 -0.0168249 0.0236464 -0.0355756 0.0173925 0.999561 -0.0240084 0.00779474 -0.0232321 0.0244095 0.999432 -0.0124909 0.0 0.0 0.0 1.0
fire/seq-02/color/frame-000172.color.png fire/seq-02/color/frame-000175.color.png 0.999461 -0.0154948 0.0289413 -0.0414408 0.0157919 0.999825 -0.0100644 0.0181525 -0.0287804 0.010516 0.99953 -0.00179166 0.0 0.0 0.0 1.0
fire/seq-02/color/frame-000175.color.png fire/seq-02/color/frame-000178.color.png 0.999568 -0.0244241 0.01633 -0.0302613 0.0245651 0.999662 -0.00849024 0.0109246 -0.016117 0.00888772 0.999831 0.00125168 0.0 0.0 0.0 1.0
fire/seq-02/color/frame-000178.color.png fire/seq-02/color/frame-000181.color.png 0.999593 -0.0124957 0.0256287 -0.0308336 0.0128019 0.999848 -0.0118219 0.0112956 -0.0254772 0.0121452 0.999602 -0.000940204 0.0 0.0 0.0 1.0
fire/seq-02/color/frame-000181.color.png fire/seq-02/color/frame-000184.color.png 0.999458 -0.0234586 0.0231127 -0.0272157 0.0238974 0.999536 -0.0188934 0.0120419 -0.0226588 0.0194355 0.999554 -0.00677266 0.0 0.0 0.0 1.0
fire/seq-02/color/frame-000184.color.png fire/seq-02/color/frame-000187.color.png 0.99967 -0.011675 0.0229024 -0.025063 0.0118157 0.999912 -0.00601693 0.00660218 -0.0228301 0.00628555 0.99972 -0.00242363 0.0 0.0 0.0 1.0
fire/seq-02/color/frame-000187.color.png fire/seq-02/color/frame-000190.color.png 0.999207 -0.0228623 0.0325949 -0.0268303 0.023385 0.999602 -0.0157472 0.00610623 -0.0322219 0.0164969 0.999345 -0.00802343 0.0 0.0 0.0 1.0
fire/seq-02/color/frame-000190.color.png fire/seq-02/color/frame-000193.color.png 0.999746 -0.00406229 0.0221576 -0.0269804 0.00430893 0.999929 -0.0110948 0.0124951 -0.022111 0.0111875 0.999693 -0.00333587 0.0 0.0 0.0 1.0
fire/seq-02/color/frame-000193.color.png fire/seq-02/color/frame-000196.color.png 0.999285 -0.0272722 0.0261904 -0.0266822 0.0277467 0.999454 -0.0179271 0.00833213 -0.0256872 0.018641 0.999496 0.0105503 0.0 0.0 0.0 1.0
fire/seq-02/color/frame-000196.color.png fire/seq-02/color/frame-000199.color.png 0.999715 -0.0137218 0.0195304 -0.0222201 0.0139636 0.999827 -0.0122986 0.0109618 -0.0193583 0.0125678 0.999734 0.000472464 0.0 0.0 0.0 1.0
fire/seq-02/color/frame-000199.color.png fire/seq-02/color/frame-000202.color.png 0.999476 -0.0185634 0.0265357 -0.0317725 0.0187628 0.999797 -0.00728228 0.00949538 -0.0263951 0.00777632 0.999621 0.00900605 0.0 0.0 0.0 1.0
fire/seq-02/color/frame-000202.color.png fire/seq-02/color/frame-000205.color.png 0.999926 -0.00923376 0.007874 -0.0168205 0.00921547 0.999955 0.00236049 0.00241725 -0.00789554 -0.00228776 0.999966 0.00830348 0.0 0.0 0.0 1.0
fire/seq-02/color/frame-000205.color.png fire/seq-02/color/frame-000208.color.png 0.9994 -0.0174723 0.0299145 -0.0411785 0.0175817 0.99984 -0.00340235 0.00674699 -0.0298502 0.00392625 0.999547 0.015416 0.0 0.0 0.0 1.0
fire/seq-02/color/frame-000208.color.png fire/seq-02/color/frame-000211.color.png 0.999735 -0.0153066 0.0171989 -0.0356661 0.0155555 0.999775 -0.014427 0.022165 -0.0169741 0.0146907 0.999748 0.0137007 0.0 0.0 0.0 1.0
fire/seq-02/color/frame-000211.color.png fire/seq-02/color/frame-000214.color.png 0.999044 -0.0236365 0.0367863 -0.0369247 0.023503 0.999716 0.00405647 0.00798337 -0.0368718 -0.00318804 0.999315 0.011645 0.0 0.0 0.0 1.0
fire/seq-02/color/frame-000214.color.png fire/seq-02/color/frame-000217.color.png 0.999559 -0.00674095 0.0289287 -0.0283193 0.0067899 0.999976 -0.00159327 0.00817291 -0.0289173 0.00178896 0.99958 0.00468944 0.0 0.0 0.0 1.0
fire/seq-02/color/frame-000217.color.png fire/seq-02/color/frame-000220.color.png 0.999415 -0.0213252 0.026727 -0.0347529 0.0213264 0.999772 0.000241616 0.00595619 -0.0267261 0.000328519 0.999643 0.0160031 0.0 0.0 0.0 1.0
fire/seq-02/color/frame-000220.color.png fire/seq-02/color/frame-000223.color.png 0.999584 -0.0165695 0.0235963 -0.0253498 0.0168841 0.99977 -0.0131961 0.015052 -0.0233722 0.0135891 0.999634 0.005665 0.0 0.0 0.0 1.0
fire/seq-02/color/frame-000223.color.png fire/seq-02/color/frame-000226.color.png 0.999459 -0.0198473 0.0262422 -0.0302367 0.020149 0.999733 -0.0112832 0.0128834 -0.0260113 0.0118058 0.999592 0.0113277 0.0 0.0 0.0 1.0
fire/seq-02/color/frame-000226.color.png fire/seq-02/color/frame-000229.color.png 0.999779 -0.0162072 0.0133728 -0.0138738 0.0163944 0.999768 -0.0140073 0.0127762 -0.0131426 0.0142234 0.999812 0.00776964 0.0 0.0 0.0 1.0
fire/seq-02/color/frame-000229.color.png fire/seq-02/color/frame-000232.color.png 0.99913 -0.02517 0.0332386 -0.026472 0.0256451 0.999574 -0.0139462 0.0225775 -0.0328735 0.0147866 0.99935 0.0044229 0.0 0.0 0.0 1.0
fire/seq-02/color/frame-000232.color.png fire/seq-02/color/frame-000235.color.png 0.999417 -0.023494 0.0247664 -0.0191223 0.023633 0.999707 -0.00533136 0.0156847 -0.0246338 0.00591351 0.999679 0.00932509 0.0 0.0 0.0 1.0
fire/seq-02/color/frame-000235.color.png fire/seq-02/color/frame-000238.color.png 0.999812 -0.00446693 0.0188882 -0.0140172 0.00463145 0.999952 -0.00867612 0.0038559 -0.0188484 0.008762 0.999784 0.00228089 0.0 0.0 0.0 1.0
fire/seq-02/color/frame-000238.color.png fire/seq-02/color/frame-000241.color.png 0.999852 -0.00685756 0.0157983 -0.0137176 0.00707671 0.999879 -0.0138536 0.00900415 -0.0157015 0.0139633 0.999779 0.010124 0.0 0.0 0.0 1.0
fire/seq-02/color/frame-000241.color.png fire/seq-02/color/frame-000244.color.png 0.99965 -0.0153344 0.0215604 -0.0256158 0.015804 0.999638 -0.0217848 0.00145094 -0.0212185 0.0221179 0.99953 0.016856 0.0 0.0 0.0 1.0
fire/seq-02/color/frame-000244.color.png fire/seq-02/color/frame-000247.color.png 0.999967 -0.00576967 0.00581441 -0.0126494 0.00584034 0.999909 -0.0121958 0.00675352 -0.00574365 0.0122294 0.999909 0.0141913 0.0 0.0 0.0 1.0
fire/seq-02/color/frame-000247.color.png fire/seq-02/color/frame-000250.color.png 0.999924 -0.00683196 0.010301 -0.0110373 0.006893 0.999959 -0.00591221 0.00842707 -0.0102601 0.00598283 0.999929 0.00904903 0.0 0.0 0.0 1.0
fire/seq-02/color/frame-000250.color.png fire/seq-02/color/frame-000253.color.png 0.999962 -0.00776592 0.00398175 -0.00520837 0.00781389 0.999895 -0.0121724 0.00982663 -0.00388692 0.0122029 0.999918 0.00803167 0.0 0.0 0.0 1.0
fire/seq-02/color/frame-000253.color.png fire/seq-02/color/frame-000256.color.png 0.999704 0.0122144 -0.0210535 0.00299913 -0.012045 0.999894 0.00815214 -0.00944139 0.0211508 -0.00789604 0.999745 0.0366029 0.0 0.0 0.0 1.0
fire/seq-02/color/frame-000256.color.png fire/seq-02/color/frame-000259.color.png 0.99989 0.00781463 -0.01261 -0.00203383 -0.00777177 0.999964 0.00344699 -0.00647292 0.0126365 -0.00334858 0.999915 0.0216914 0.0 0.0 0.0 1.0
fire/seq-02/color/frame-000259.color.png fire/seq-02/color/frame-000262.color.png 0.999929 0.00512251 -0.0107495 -0.000582874 -0.00505828 0.999969 0.00599583 -0.00537182 0.0107799 -0.00594114 0.999924 0.0194877 0.0 0.0 0.0 1.0
fire/seq-02/color/frame-000262.color.png fire/seq-02/color/frame-000265.color.png 0.999804 0.0150553 -0.0128622 0.0032981 -0.0150237 0.999884 0.00254824 -0.00136857 0.012899 -0.00235437 0.999914 0.0334194 0.0 0.0 0.0 1.0
fire/seq-02/color/frame-000265.color.png fire/seq-02/color/frame-000268.color.png 0.999833 0.0097288 -0.0154718 0.0027796 -0.00962714 0.999932 0.00663896 -0.00845289 0.0155354 -0.00648892 0.999858 0.0230923 0.0 0.0 0.0 1.0
fire/seq-02/color/frame-000268.color.png fire/seq-02/color/frame-000271.color.png 0.999189 0.0263438 -0.0304338 0.00476199 -0.0257333 0.999463 0.0202798 -0.0295237 0.0309518 -0.0194802 0.999331 0.0378184 0.0 0.0 0.0 1.0
fire/seq-02/color/frame-000271.color.png fire/seq-02/color/frame-000274.color.png 0.999776 0.0103755 -0.0184387 0.00241643 -0.0102313 0.999916 0.00789656 -0.0137138 0.018519 -0.00770614 0.999799 0.0197254 0.0 0.0 0.0 1.0
fire/seq-02/color/frame-000274.color.png fire/seq-02/color/frame-000277.color.png 0.99985 0.0107339 -0.0136014 0.0011462 -0.0106721 0.999932 0.00461183 -0.00936124 0.0136499 -0.00446595 0.999897 0.016422 0.0 0.0 0.0 1.0
fire/seq-02/color/frame-000277.color.png fire/seq-02/color/frame-000280.color.png 0.999775 0.0117561 -0.0176203 -0.000534117 -0.0115632 0.999873 0.0110083 -0.0180485 0.0177474 -0.0108021 0.999784 0.0200723 0.0 0.0 0.0 1.0
fire/seq-02/color/frame-000280.color.png fire/seq-02/color/frame-000283.color.png 0.999358 0.0242203 -0.0263938 0.00711584 -0.0238436 0.999611 0.0144983 -0.0262893 0.0267347 -0.0138597 0.999547 0.0273724 0.0 0.0 0.0 1.0
fire/seq-02/color/frame-000283.color.png fire/seq-02/color/frame-000286.color.png 0.999264 0.0248133 -0.0292627 0.000672996 -0.02427 0.999529 0.018779 -0.0314191 0.0297148 -0.0180549 0.999395 0.025234 0.0 0.0 0.0 1.0
fire/seq-02/color/frame-000286.color.png fire/seq-02/color/frame-000289.color.png 0.999329 0.0201782 -0.0305626 0.0132871 -0.0199867 0.999779 0.00655953 -0.0142008 0.0306883 -0.00594429 0.999511 0.0259873 0.0 0.0 0.0 1.0
fire/seq-02/color/frame-000289.color.png fire/seq-02/color/frame-000292.color.png 0.999385 0.034496 -0.00636738 -0.0265313 -0.0344505 0.999381 0.0071323 -0.0198506 0.0066094 -0.00690854 0.999954 0.040902 0.0 0.0 0.0 1.0
fire/seq-02/color/frame-000292.color.png fire/seq-02/color/frame-000295.color.png 0.998962 0.0269842 -0.036697 0.0211472 -0.0267486 0.999618 0.00689346 -0.0211825 0.036869 -0.0059047 0.999303 0.0256494 0.0 0.0 0.0 1.0
fire/seq-02/color/frame-000295.color.png fire/seq-02/color/frame-000298.color.png 0.998933 0.0260869 -0.0381121 0.0125434 -0.0257476 0.999625 0.00936696 -0.0340951 0.0383421 -0.00837574 0.99923 0.0247672 0.0 0.0 0.0 1.0
fire/seq-02/color/frame-000298.color.png fire/seq-02/color/frame-000301.color.png 0.998745 0.0286672 -0.0410576 0.018211 -0.028616 0.999589 0.0018358 -0.0178317 0.0410933 -0.000658583 0.999155 0.0233546 0.0 0.0 0.0 1.0
fire/seq-02/color/frame-000301.color.png fire/seq-02/color/frame-000304.color.png 0.99862 0.0321596 -0.0415222 0.0291101 -0.0320106 0.999479 0.00425037 -0.0154481 0.0416372 -0.00291535 0.999129 0.0172098 0.0 0.0 0.0 1.0
fire/seq-02/color/frame-000304.color.png fire/seq-02/color/frame-000307.color.png 0.999181 0.0138888 -0.0380141 0.0305816 -0.0140154 0.999897 -0.00306782 0.00229149 0.0379677 0.0035981 0.999273 0.00882125 0.0 0.0 0.0 1.0
fire/seq-02/color/frame-000307.color.png fire/seq-02/color/frame-000310.color.png 0.999201 0.0115173 -0.038272 0.0305912 -0.0115802 0.999932 -0.00142332 0.000123382 0.0382528 0.00186538 0.999266 0.00431794 0.0 0.0 0.0 1.0
fire/seq-02/color/frame-000310.color.png fire/seq-02/color/frame-000313.color.png 0.998989 0.0204573 -0.0400453 0.0230803 -0.0204159 0.999791 0.00144183 -0.00182176 0.0400664 -0.000622851 0.999197 0.00662684 0.0 0.0 0.0 1.0
fire/seq-02/color/frame-000313.color.png fire/seq-02/color/frame-000316.color.png 0.999123 0.0220914 -0.0355642 0.0213271 -0.0219749 0.999752 0.00366454 -0.00111896 0.0356364 -0.00287978 0.999361 0.00512576 0.0 0.0 0.0 1.0
fire/seq-02/color/frame-000316.color.png fire/seq-02/color/frame-000319.color.png 0.999225 0.00772543 -0.038584 0.0242332 -0.00735681 0.999926 0.0096854 -0.0086911 0.0386559 -0.00939406 0.999208 0.00161248 0.0 0.0 0.0 1.0
fire/seq-02/color/frame-000319.color.png fire/seq-02/color/frame-000322.color.png 0.999068 0.0212252 -0.0375934 0.0281359 -0.021276 0.999773 -0.000951665 0.00238654 0.0375646 0.00175062 0.999293 -0.00192699 0.0 0.0 0.0 1.0
fire/seq-02/color/frame-000322.color.png fire/seq-02/color/frame-000325.color.png 0.998984 0.0192976 -0.0407301 0.0235549 -0.0191793 0.999811 0.00329261 -0.00232273 0.0407859 -0.00250809 0.999165 -0.00460145 0.0 0.0 0.0 1.0
fire/seq-02/color/frame-000325.color.png fire/seq-02/color/frame-000328.color.png 0.999353 0.0247496 -0.0261139 0.0127711 -0.0243733 0.999596 0.0146322 -0.0139803 0.0264655 -0.0139862 0.999552 -0.00610182 0.0 0.0 0.0 1.0
fire/seq-02/color/frame-000328.color.png fire/seq-02/color/frame-000331.color.png 0.999711 0.0113533 -0.0211934 0.0123234 -0.0110986 0.999865 0.0120945 -0.00585997 0.0213279 -0.0118559 0.999702 -0.00871485 0.0 0.0 0.0 1.0
fire/seq-02/color/frame-000331.color.png fire/seq-02/color/frame-000334.color.png 0.999842 0.011402 -0.0136553 0.00261605 -0.0112817 0.999897 0.00885483 -0.0112827 0.0137548 -0.00869936 0.999867 -0.00914228 0.0 0.0 0.0 1.0
fire/seq-02/color/frame-000334.color.png fire/seq-02/color/frame-000337.color.png 0.999937 0.0014209 -0.0111376 0.00926584 -0.00143698 0.999998 -0.00143594 -0.00214463 0.0111355 0.00145185 0.999937 -0.00452715 0.0 0.0 0.0 1.0
fire/seq-02/color/frame-000337.color.png fire/seq-02/color/frame-000340.color.png 0.999762 0.0187765 -0.0111044 -0.00310934 -0.0189492 0.999698 -0.0156565 0.00364682 0.010807 0.0158632 0.999816 -0.0138012 0.0 0.0 0.0 1.0
fire/seq-02/color/frame-000340.color.png fire/seq-02/color/frame-000343.color.png 0.999642 0.0217129 -0.0156585 0.00471026 -0.0220644 0.9995 -0.0226337 0.019007 0.0151592 0.0229711 0.999621 -0.007157 0.0 0.0 0.0 1.0
fire/seq-02/color/frame-000343.color.png fire/seq-02/color/frame-000346.color.png 0.999869 0.0117989 -0.0111183 0.00472486 -0.0119197 0.99987 -0.0108613 0.0013397 0.0109887 0.0109925 0.999879 -0.00770789 0.0 0.0 0.0 1.0
fire/seq-02/color/frame-000346.color.png fire/seq-02/color/frame-000349.color.png 0.999757 0.0196364 -0.00997498 -0.0142809 -0.0197435 0.999747 -0.0107488 0.00277489 0.0097614 0.0109431 0.999893 -0.0150381 0.0 0.0 0.0 1.0
fire/seq-02/color/frame-000349.color.png fire/seq-02/color/frame-000352.color.png 0.999707 0.0193094 -0.0145974 -0.00641334 -0.0194044 0.999791 -0.00639618 0.0057129 0.0144708 0.00667753 0.999873 -0.0129334 0.0 0.0 0.0 1.0
fire/seq-02/color/frame-000352.color.png fire/seq-02/color/frame-000355.color.png 0.999897 0.0041605 -0.0136992 0.00244021 -0.00420332 0.999987 -0.00309928 0.012646 0.0136861 0.00315658 0.999901 -0.00759247 0.0 0.0 0.0 1.0
fire/seq-02/color/frame-000355.color.png fire/seq-02/color/frame-000358.color.png 0.99956 0.0216642 -0.020245 0.00312197 -0.0214602 0.999717 0.0102383 -0.00826633 0.020461 -0.0097994 0.999743 -0.00753441 0.0 0.0 0.0 1.0
fire/seq-02/color/frame-000358.color.png fire/seq-02/color/frame-000361.color.png 0.999926 0.0116454 -0.00351058 -0.0171232 -0.0116382 0.99993 0.00208796 -0.00292689 0.00353465 -0.00204697 0.999992 -0.00513655 0.0 0.0 0.0 1.0
fire/seq-02/color/frame-000361.color.png fire/seq-02/color/frame-000364.color.png 0.999261 0.0332058 -0.0193571 0.00383365 -0.0330812 0.99943 0.00672275 -0.0105806 0.0195693 -0.00607742 0.99979 -0.0116328 0.0 0.0 0.0 1.0
fire/seq-02/color/frame-000364.color.png fire/seq-02/color/frame-000367.color.png 0.999853 0.0140986 -0.00978241 -0.00463593 -0.0139357 0.999766 0.0165207 -0.0154891 0.010013 -0.0163819 0.999816 -0.00404084 0.0 0.0 0.0 1.0
fire/seq-02/color/frame-000367.color.png fire/seq-02/color/frame-000370.color.png 0.999996 0.00217538 0.00152752 -0.00240111 -0.0021833 0.999984 0.00517034 0.00727725 -0.00151625 -0.00517366 0.999986 -0.0104156 0.0 0.0 0.0 1.0
fire/seq-02/color/frame-000370.color.png fire/seq-02/color/frame-000373.color.png 0.999746 0.00244559 -0.0223919 0.0271274 -0.00230196 0.999977 0.00643877 0.00227067 0.0224072 -0.00638562 0.999729 -0.00823195 0.0 0.0 0.0 1.0
fire/seq-02/color/frame-000373.color.png fire/seq-02/color/frame-000376.color.png 0.999579 -0.00635804 -0.0283165 0.0287433 0.00687922 0.999808 0.0183459 -0.0116184 0.0281944 -0.018533 0.999431 0.00599621 0.0 0.0 0.0 1.0
fire/seq-02/color/frame-000376.color.png fire/seq-02/color/frame-000379.color.png 0.999889 -0.00678063 -0.0132583 0.0145308 0.00709719 0.999687 0.0239773 -0.027113 0.0130916 -0.0240687 0.999625 0.00289738 0.0 0.0 0.0 1.0
fire/seq-02/color/frame-000379.color.png fire/seq-02/color/frame-000382.color.png 0.999873 -0.000207311 -0.015917 0.0318813 0.000441933 0.999891 0.0147375 -0.0235101 0.0159122 -0.0147427 0.999765 -0.00365847 0.0 0.0 0.0 1.0
fire/seq-02/color/frame-000382.color.png fire/seq-02/color/frame-000385.color.png 0.999913 0.000131819 -0.0132067 0.0460678 0.000242419 0.999599 0.0283317 -0.035284 0.0132051 -0.0283324 0.999511 -0.00110519 0.0 0.0 0.0 1.0
fire/seq-02/color/frame-000385.color.png fire/seq-02/color/frame-000388.color.png 0.99995 0.00677588 -0.00736235 0.0382831 -0.00658958 0.999665 0.025039 -0.0386772 0.00752953 -0.0249893 0.999659 -0.00564117 0.0 0.0 0.0 1.0
fire/seq-02/color/frame-000388.color.png fire/seq-02/color/frame-000391.color.png 0.999723 -0.0014455 -0.0235032 0.0394932 0.00211179 0.999596 0.0283498 -0.0330818 0.0234527 -0.0283915 0.999322 0.00544341 0.0 0.0 0.0 1.0
fire/seq-02/color/frame-000391.color.png fire/seq-02/color/frame-000394.color.png 0.999804 0.0108654 -0.0165207 0.0283745 -0.010357 0.999479 0.0305595 -0.0356169 0.0168441 -0.0303824 0.999396 0.0109132 0.0 0.0 0.0 1.0
fire/seq-02/color/frame-000394.color.png fire/seq-02/color/frame-000397.color.png 0.999839 0.00674796 -0.0166471 0.0257326 -0.00641151 0.999776 0.0201821 -0.0230354 0.0167796 -0.0200721 0.999658 0.000998978 0.0 0.0 0.0 1.0
fire/seq-02/color/frame-000397.color.png fire/seq-02/color/frame-000400.color.png 0.999806 0.0134427 -0.0143801 0.0318806 -0.012922 0.999279 0.0357081 -0.0416347 0.0148497 -0.0355153 0.999259 0.00273386 0.0 0.0 0.0 1.0
fire/seq-02/color/frame-000400.color.png fire/seq-02/color/frame-000403.color.png 0.999792 0.00911791 -0.0182707 0.0280798 -0.0085892 0.999548 0.028813 -0.033597 0.0185252 -0.02865 0.999418 0.00434409 0.0 0.0 0.0 1.0
fire/seq-02/color/frame-000403.color.png fire/seq-02/color/frame-000406.color.png 0.999881 0.0132604 -0.00794095 0.023098 -0.0130588 0.999604 0.0249198 -0.0458051 0.00826825 -0.0248131 0.999658 -0.00960253 0.0 0.0 0.0 1.0
fire/seq-02/color/frame-000406.color.png fire/seq-02/color/frame-000409.color.png 0.999709 0.022808 0.00788472 0.0223782 -0.0228998 0.999669 0.0117578 -0.0426722 -0.00761397 -0.0119349 0.9999 -0.0153474 0.0 0.0 0.0 1.0
fire/seq-02/color/frame-000409.color.png fire/seq-02/color/frame-000412.color.png 0.999852 0.0148999 0.00855355 0.0179297 -0.0150131 0.999798 0.0133326 -0.037641 -0.00835313 -0.0134591 0.999874 -0.0108852 0.0 0.0 0.0 1.0
fire/seq-02/color/frame-000412.color.png fire/seq-02/color/frame-000415.color.png 0.999954 -0.000763708 0.00952428 0.0153211 0.000680721 0.999962 0.00871433 -0.0223122 -0.00953058 -0.00870746 0.999917 -0.0171355 0.0 0.0 0.0 1.0
fire/seq-02/color/frame-000415.color.png fire/seq-02/color/frame-000418.color.png 0.999916 -0.000371373 0.0129386 0.000602186 6.51638e-05 0.99972 0.023658 -0.0386935 -0.0129438 -0.0236552 0.999636 -0.00962671 0.0 0.0 0.0 1.0
fire/seq-02/color/frame-000418.color.png fire/seq-02/color/frame-000421.color.png 0.99991 0.0133128 -0.00188177 0.059673 -0.0132846 0.99981 0.0142555 -0.0333741 0.00207123 -0.0142292 0.999897 -0.0109358 0.0 0.0 0.0 1.0
fire/seq-02/color/frame-000421.color.png fire/seq-02/color/frame-000424.color.png 0.999831 0.00686116 0.0170753 0.015826 -0.00681992 0.999974 -0.0024748 -0.0202221 -0.0170918 0.00235786 0.999851 -0.00993607 0.0 0.0 0.0 1.0
fire/seq-02/color/frame-000424.color.png fire/seq-02/color/frame-000427.color.png 0.999322 0.0239504 0.0279808 0.016395 -0.024272 0.999642 0.0112093 -0.0278899 -0.0277023 -0.0118807 0.999546 -0.0132619 0.0 0.0 0.0 1.0
fire/seq-02/color/frame-000427.color.png fire/seq-02/color/frame-000430.color.png 0.999361 0.0147194 0.0325618 -0.00422069 -0.0150655 0.999832 0.0104085 -0.0385419 -0.0324031 -0.0108924 0.999415 -0.0223184 0.0 0.0 0.0 1.0
fire/seq-02/color/frame-000430.color.png fire/seq-02/color/frame-000433.color.png 0.999535 0.0123564 0.0278867 0.0164808 -0.0126273 0.999875 0.009561 -0.0371668 -0.0277651 -0.00990867 0.999565 -0.012414 0.0 0.0 0.0 1.0
fire/seq-02/color/frame-000433.color.png fire/seq-02/color/frame-000436.color.png 0.999084 0.0176907 0.0389537 0.00559618 -0.0180681 0.999793 0.00936003 -0.0349028 -0.0387801 -0.0100553 0.999197 -0.0234519 0.0 0.0 0.0 1.0
fire/seq-02/color/frame-000436.color.png fire/seq-02/color/frame-000439.color.png 0.99952 0.00981816 0.0293937 0.00777979 -0.0100685 0.999914 0.00838113 -0.0141359 -0.0293088 -0.00867311 0.999533 -0.0191782 0.0 0.0 0.0 1.0
fire/seq-02/color/frame-000439.color.png fire/seq-02/color/frame-000442.color.png 0.999834 0.00243941 0.0180374 0.0123654 -0.00276859 0.99983 0.0182459 -0.037491 -0.0179898 -0.0182929 0.999671 -0.00371576 0.0 0.0 0.0 1.0
fire/seq-02/color/frame-000442.color.png fire/seq-02/color/frame-000445.color.png 0.999796 -0.00122498 0.0201429 0.0138703 0.00133644 0.999984 -0.00551972 0.00270978 -0.0201358 0.00554554 0.999782 -0.0149218 0.0 0.0 0.0 1.0
fire/seq-02/color/frame-000445.color.png fire/seq-02/color/frame-000448.color.png 0.999722 -0.000101399 0.0235703 0.0139606 -0.000164179 0.999937 0.0112627 -0.0230672 -0.02357 -0.0112634 0.999659 -0.0137603 0.0 0.0 0.0 1.0
fire/seq-02/color/frame-000448.color.png fire/seq-02/color/frame-000451.color.png 0.99973 0.00219442 0.0231309 0.0174291 -0.00241352 0.999953 0.00945028 -0.00812507 -0.0231091 -0.00950364 0.999688 -0.0192569 0.0 0.0 0.0 1.0
fire/seq-02/color/frame-000451.color.png fire/seq-02/color/frame-000454.color.png 0.999582 0.00746399 0.0279258 0.0123446 -0.00773184 0.999925 0.00949591 -0.0186313 -0.0278528 -0.0097078 0.999565 -0.0120262 0.0 0.0 0.0 1.0
fire/seq-02/color/frame-000454.color.png fire/seq-02/color/frame-000457.color.png 0.999689 0.00926458 0.0231307 0.0174299 -0.00928583 0.999957 0.000811961 -0.0123802 -0.0231222 -0.00102654 0.999732 -0.00276384 0.0 0.0 0.0 1.0
fire/seq-02/color/frame-000457.color.png fire/seq-02/color/frame-000460.color.png 0.999507 0.00582513 0.0308522 0.0116655 -0.00610153 0.999942 0.00887252 -0.0284702 -0.0307987 -0.00905635 0.999485 -0.00757653 0.0 0.0 0.0 1.0
fire/seq-02/color/frame-000460.color.png fire/seq-02/color/frame-000463.color.png 0.999752 0.0147042 0.0167235 0.0235513 -0.0146882 0.999891 -0.00108346 -0.0251695 -0.0167376 0.000837536 0.99986 0.013551 0.0 0.0 0.0 1.0
fire/seq-02/color/frame-000463.color.png fire/seq-02/color/frame-000466.color.png 0.999767 0.00841954 0.0198627 0.0161387 -0.00818795 0.999898 -0.0117104 -0.0262236 -0.0199593 0.011545 0.999734 0.00546241 0.0 0.0 0.0 1.0
fire/seq-02/color/frame-000466.color.png fire/seq-02/color/frame-000469.color.png 0.999973 -0.00560271 0.00485799 0.0247786 0.00566581 0.999899 -0.013067 -0.0294032 -0.00478428 0.0130942 0.999903 0.0229356 0.0 0.0 0.0 1.0
fire/seq-02/color/frame-000469.color.png fire/seq-02/color/frame-000472.color.png 0.999945 -0.00576451 -0.00875496 0.0179252 0.0056347 0.999875 -0.0147704 -0.00294837 0.00883898 0.0147203 0.999853 0.0262806 0.0 0.0 0.0 1.0
fire/seq-02/color/frame-000472.color.png fire/seq-02/color/frame-000475.color.png 0.999846 -0.00348679 -0.0171716 0.020629 0.00348101 0.999994 -0.000368731 -0.00628299 0.0171728 0.000308923 0.999853 0.0244084 0.0 0.0 0.0 1.0
fire/seq-02/color/frame-000475.color.png fire/seq-02/color/frame-000478.color.png 0.999888 -0.00217742 -0.0148347 0.0213613 0.0021153 0.999989 -0.00419755 -0.0136997 0.0148437 0.00416566 0.999881 0.0273412 0.0 0.0 0.0 1.0
fire/seq-02/color/frame-000478.color.png fire/seq-02/color/frame-000481.color.png 0.999756 0.0112193 -0.0190233 0.028413 -0.0114236 0.999878 -0.0106627 -0.00716379 0.0189013 0.0108774 0.999762 0.0232301 0.0 0.0 0.0 1.0
fire/seq-02/color/frame-000481.color.png fire/seq-02/color/frame-000484.color.png 0.999698 0.00887402 -0.0229025 0.0288963 -0.00910644 0.999908 -0.0100649 -0.0130726 0.0228111 0.0102705 0.999687 0.0297789 0.0 0.0 0.0 1.0
fire/seq-02/color/frame-000484.color.png fire/seq-02/color/frame-000487.color.png 0.999842 0.00845397 -0.0156339 0.0240977 -0.00851672 0.999956 -0.00395189 -0.0316688 0.0155998 0.00408441 0.99987 0.0365438 0.0 0.0 0.0 1.0
fire/seq-02/color/frame-000487.color.png fire/seq-02/color/frame-000490.color.png 0.999857 -0.00164582 -0.0168186 0.014948 0.00135935 0.999854 -0.017028 -0.014562 0.0168442 0.0170027 0.999714 0.025652 0.0 0.0 0.0 1.0
fire/seq-02/color/frame-000490.color.png fire/seq-02/color/frame-000493.color.png 0.999939 0.00704455 -0.00846906 0.0139275 -0.00724165 0.999698 -0.0234796 0.0111707 0.00830111 0.0235396 0.999689 0.0338099 0.0 0.0 0.0 1.0
fire/seq-02/color/frame-000493.color.png fire/seq-02/color/frame-000496.color.png 0.999962 -0.00758929 -0.00438899 -0.00296476 0.00752883 0.999879 -0.0136107 -0.00984836 0.00449175 0.0135772 0.999898 0.0274701 0.0 0.0 0.0 1.0
fire/seq-02/color/frame-000496.color.png fire/seq-02/color/frame-000499.color.png 0.999943 0.000738198 -0.0106499 -0.0106044 -0.000864096 0.99993 -0.0118239 0.00477436 0.0106404 0.0118324 0.999874 0.0216449 0.0 0.0 0.0 1.0
fire/seq-02/color/frame-000499.color.png fire/seq-02/color/frame-000502.color.png 0.999751 -0.00895814 -0.0204473 0.00331891 0.00870048 0.999882 -0.0126548 0.006946 0.0205583 0.0124737 0.999711 0.0332677 0.0 0.0 0.0 1.0
fire/seq-02/color/frame-000502.color.png fire/seq-02/color/frame-000505.color.png 0.99969 -0.00975975 -0.0228969 0.00775152 0.00970273 0.99995 -0.00260053 0.00516924 0.0229211 0.0023776 0.999734 0.0330353 0.0 0.0 0.0 1.0
fire/seq-02/color/frame-000505.color.png fire/seq-02/color/frame-000508.color.png 0.999878 -0.014321 -0.00625202 -0.0112003 0.0142081 0.999742 -0.0177452 0.0133061 0.00650451 0.0176541 0.999823 0.0373186 0.0 0.0 0.0 1.0
fire/seq-02/color/frame-000508.color.png fire/seq-02/color/frame-000511.color.png 0.999838 -0.0179195 0.00160344 -0.0127732 0.0179391 0.999752 -0.0131708 0.00115994 -0.00136702 0.0131975 0.999912 0.0378734 0.0 0.0 0.0 1.0
fire/seq-02/color/frame-000511.color.png fire/seq-02/color/frame-000514.color.png 0.999844 -0.016207 -0.0070508 -0.00171164 0.0161633 0.99985 -0.00620662 -0.00261253 0.00715033 0.00609168 0.999956 0.0349221 0.0 0.0 0.0 1.0
fire/seq-02/color/frame-000514.color.png fire/seq-02/color/frame-000517.color.png 0.99977 -0.0122326 0.017635 -0.0369885 0.0121394 0.999912 0.00537913 -0.0175386 -0.0176993 -0.00516379 0.99983 0.0250418 0.0 0.0 0.0 1.0
fire/seq-02/color/frame-000517.color.png fire/seq-02/color/frame-000520.color.png 0.999722 -0.0233043 -0.00358812 -0.00152604 0.0232769 0.999701 -0.00751259 0.00719327 0.00376211 0.00742698 0.999965 0.0319088 0.0 0.0 0.0 1.0
fire/seq-02/color/frame-000520.color.png fire/seq-02/color/frame-000523.color.png 0.999904 -0.0119403 0.00701019 -0.0201303 0.0119145 0.999922 0.00370391 -0.0108415 -0.00705387 -0.00362004 0.999969 0.0139767 0.0 0.0 0.0 1.0
fire/seq-02/color/frame-000523.color.png fire/seq-02/color/frame-000526.color.png 0.999934 -0.0111645 0.00289707 -0.00721148 0.0112271 0.999682 -0.0225756 0.0296267 -0.00264411 0.0226066 0.999741 0.0218837 0.0 0.0 0.0 1.0
fire/seq-02/color/frame-000526.color.png fire/seq-02/color/frame-000529.color.png 0.999803 -0.0174154 0.00949565 -0.0237258 0.0173972 0.999847 0.00199785 -0.00989652 -0.00952898 -0.00183227 0.999953 0.0308844 0.0 0.0 0.0 1.0
fire/seq-02/color/frame-000529.color.png fire/seq-02/color/frame-000532.color.png 0.999923 -0.0115319 -0.00447402 0.00609003 0.0115541 0.999921 0.0049567 -0.0191443 0.00441652 -0.00500803 0.999978 0.017244 0.0 0.0 0.0 1.0
fire/seq-02/color/frame-000532.color.png fire/seq-02/color/frame-000535.color.png 0.999937 -0.0097615 -0.00555448 0.00140442 0.00974376 0.999947 -0.00321363 0.00731438 0.00558557 0.00315931 0.999979 0.0145 0.0 0.0 0.0 1.0
fire/seq-02/color/frame-000535.color.png fire/seq-02/color/frame-000538.color.png 0.999972 -0.00618311 0.00411754 -0.00837657 0.00617016 0.999976 0.00314849 -0.00391707 -0.00413692 -0.00312297 0.999987 0.0158061 0.0 0.0 0.0 1.0
