fire/seq-02/color/frame-000002.color.png fire/seq-02/color/frame-000005.color.png 0.999993 -0.00345056 0.00118397 -0.00192012 0.00345575 0.999984 -0.00441231 0.00581627 -0.00116873 0.00441637 0.99999 0.00433333 0.0 0.0 0.0 1.0
fire/seq-02/color/frame-000005.color.png fire/seq-02/color/frame-000008.color.png 0.999983 -0.00543255 0.00197922 -0.00438376 0.00543931 0.999979 -0.00342601 0.00993421 -0.00196057 0.00343672 0.999992 0.00651867 0.0 0.0 0.0 1.0
fire/seq-02/color/frame-000008.color.png fire/seq-02/color/frame-000011.color.png 0.999967 -0.00188402 0.00794399 -0.00907925 0.00195476 0.999958 -0.00890582 0.0142081 -0.00792688 0.00892105 0.999929 0.000674842 0.0 0.0 0.0 1.0
fire/seq-02/color/frame-000011.color.png fire/seq-02/color/frame-000014.color.png 0.999898 -0.0136014 0.00433181 -0.00794802 0.0136305 0.999884 -0.00675666 0.0132977 -0.0042394 0.00681501 0.999968 0.00929556 0.0 0.0 0.0 1.0
fire/seq-02/color/frame-000014.color.png fire/seq-02/color/frame-000017.color.png 0.999939 -0.00982936 0.00510962 -0.0101371 0.00983289 0.999951 -0.000664082 0.0156602 -0.00510284 0.000714286 0.999987 0.0098021 0.0 0.0 0.0 1.0
fire/seq-02/color/frame-000017.color.png fire/seq-02/color/frame-000020.color.png 0.999957 -0.00725267 0.00576242 -0.01387 0.00726713 0.99997 -0.00249415 0.0139773 -0.00574416 0.00253591 0.99998 0.00732007 0.0 0.0 0.0 1.0
fire/seq-02/color/frame-000020.color.png fire/seq-02/color/frame-000023.color.png 0.999871 -0.012355 0.0102893 -0.0130921 0.0123848 0.999919 -0.0028343 0.0159367 -0.0102535 0.00296136 0.999943 0.0142456 0.0 0.0 0.0 1.0
fire/seq-02/color/frame-000023.color.png fire/seq-02/color/frame-000026.color.png 0.999752 -0.0175565 0.0136937 -0.0162277 0.0178106 0.999667 -0.0186591 0.017257 -0.0133615 0.0188983 0.999732 0.0133836 0.0 0.0 0.0 1.0
fire/seq-02/color/frame-000026.color.png fire/seq-02/color/frame-000029.color.png 0.999864 -0.0151462 0.00648526 -0.0118483 0.0151347 0.999884 0.00180889 0.00922925 -0.0065119 -0.00171049 0.999977 0.0131173 0.0 0.0 0.0 1.0
fire/seq-02/color/frame-000029.color.png fire/seq-02/color/frame-000032.color.png 0.99993 -0.00558686 0.0104463 -0.0153045 0.00572867 0.999891 -0.0135916 0.0176788 -0.0103692 0.0136505 0.999853 0.0059791 0.0 0.0 0.0 1.0
fire/seq-02/color/frame-000032.color.png fire/seq-02/color/frame-000035.color.png 0.999981 0.000521571 0.00612976 -0.00894269 -0.000475053 0.999971 -0.00758764 0.0176249 -0.00613355 0.00758461 0.999952 0.00980734 0.0 0.0 0.0 1.0
fire/seq-02/color/frame-000035.color.png fire/seq-02/color/frame-000038.color.png 0.999992 -0.00123809 0.00373216 -0.00308989 0.00121499 0.99998 0.00618426 0.015748 -0.00373973 -0.00617969 0.999974 0.012492 0.0 0.0 0.0 1.0
fire/seq-02/color/frame-000038.color.png fire/seq-02/color/frame-000041.color.png 0.999999 -3.39406e-05 0.00158215 0.000723988 2.84542e-05 0.999994 0.00347484 0.0167481 -0.00158226 -0.00347479 0.999993 0.0124865 0.0 0.0 0.0 1.0
fire/seq-02/color/frame-000041.color.png fire/seq-02/color/frame-000044.color.png 0.999934 0.00399383 0.0107763 0.00133999 -0.00389001 0.999946 -0.00963985 0.0178873 -0.0108142 0.00959729 0.999895 0.00466964 0.0 0.0 0.0 1.0
fire/seq-02/color/frame-000044.color.png fire/seq-02/color/frame-000047.color.png 0.999933 -1.33677e-05 0.0115672 0.000762478 7.92482e-05 0.999984 -0.00569395 0.0225356 -0.011567 0.00569446 0.999917 -0.00227694 0.0 0.0 0.0 1.0
fire/seq-02/color/frame-000047.color.png fire/seq-02/color/frame-000050.color.png 0.999997 -0.00145427 -0.0017146 0.00793213 0.00147311 0.999938 0.0110308 0.0115128 0.00169846 -0.0110333 0.999938 0.00928427 0.0 0.0 0.0 1.0
fire/seq-02/color/frame-000050.color.png fire/seq-02/color/frame-000053.color.png 0.999963 0.00635542 -0.00570883 0.01385 -0.00630583 0.999943 0.00866647 0.0111424 0.00576358 -0.00863016 0.999946 0.00559849 0.0 0.0 0.0 1.0
fire/seq-02/color/frame-000053.color.png fire/seq-02/color/frame-000056.color.png 0.999905 0.0133094 -0.00366962 0.0121542 -0.0133178 0.999909 -0.00227417 0.0100774 0.003639 0.00232282 0.999991 0.00448142 0.0 0.0 0.0 1.0
fire/seq-02/color/frame-000056.color.png fire/seq-02/color/frame-000059.color.png 0.999979 0.00592964 -0.00265115 0.0166668 -0.00591837 0.999973 0.0042378 0.00706109 0.00267622 -0.00422203 0.999988 4.51207e-05 0.0 0.0 0.0 1.0
fire/seq-02/color/frame-000059.color.png fire/seq-02/color/frame-000062.color.png 0.999917 0.0127747 0.00151559 0.0193828 -0.0127736 0.999918 -0.000740349 0.00835815 -0.00152492 0.000720947 0.999998 0.000425875 0.0 0.0 0.0 1.0
fire/seq-02/color/frame-000062.color.png fire/seq-02/color/frame-000065.color.png 0.999955 0.00874543 0.00378102 0.0195308 -0.00873162 0.999955 -0.00365328 0.00459662 -0.0038128 0.00362009 0.999986 -0.000508279 0.0 0.0 0.0 1.0
fire/seq-02/color/frame-000065.color.png fire/seq-02/color/frame-000068.color.png 0.999982 0.00213218 -0.00559481 0.018512 -0.00212095 0.999996 0.00201091 0.00114655 0.00559906 -0.001999 0.999982 -0.00444615 0.0 0.0 0.0 1.0
fire/seq-02/color/frame-000068.color.png fire/seq-02/color/frame-000071.color.png 0.999823 -0.000697254 -0.0187836 0.0262807 0.000743982 0.999997 0.00248135 -8.27014e-05 0.0187818 -0.0024949 0.99982 -0.00348738 0.0 0.0 0.0 1.0
fire/seq-02/color/frame-000071.color.png fire/seq-02/color/frame-000074.color.png 0.999632 0.0141128 -0.0231701 0.0228318 -0.0141092 0.9999 0.000321771 0.0046874 0.0231723 5.27303e-06 0.999732 -0.00360283 0.0 0.0 0.0 1.0
fire/seq-02/color/frame-000074.color.png fire/seq-02/color/frame-000077.color.png 0.998422 0.0530101 0.0185483 0.0147018 -0.053094 0.998581 0.0040593 0.0108329 -0.0183068 -0.00503771 0.99982 0.0114611 0.0 0.0 0.0 1.0
fire/seq-02/color/frame-000077.color.png fire/seq-02/color/frame-000080.color.png 0.999965 -0.00833691 0.000678913 0.0196821 0.00833188 0.99994 0.00709919 -0.0101761 -0.000738065 -0.00709328 0.999975 -0.0102498 0.0 0.0 0.0 1.0
fire/seq-02/color/frame-000080.color.png fire/seq-02/color/frame-000083.color.png 0.999931 -0.00158487 -0.0115997 0.0307012 0.00151442 0.99998 -0.00607944 0.00016731 0.0116091 0.00606146 0.999914 -0.0037377 0.0 0.0 0.0 1.0
fire/seq-02/color/frame-000083.color.png fire/seq-02/color/frame-000086.color.png 0.999958 0.00776756 -0.00494557 0.0244319 -0.00775111 0.999964 0.0033357 -0.00417301 0.0049713 -0.00329723 0.999982 -0.00547357 0.0 0.0 0.0 1.0
fire/seq-02/color/frame-000086.color.png fire/seq-02/color/frame-000089.color.png 0.99993 0.0112567 -0.00352859 0.0158137 -0.0112399 0.999925 0.00476159 -0.00234628 0.00358192 -0.00472159 0.999982 -0.00568818 0.0 0.0 0.0 1.0
fire/seq-02/color/frame-000089.color.png fire/seq-02/color/frame-000092.color.png 0.999976 0.00655664 -0.0020342 0.0224527 -0.00654933 0.999972 0.00358069 -0.00908342 0.00205761 -0.00356729 0.999991 -0.00545084 0.0 0.0 0.0 1.0
fire/seq-02/color/frame-000092.color.png fire/seq-02/color/frame-000095.color.png 0.999693 0.0100865 -0.0226324 0.0325938 -0.010015 0.999945 0.00326969 -0.00785303 0.0226642 -0.00304202 0.999739 -0.00449634 0.0 0.0 0.0 1.0
fire/seq-02/color/frame-000095.color.png fire/seq-02/color/frame-000098.color.png 0.999965 0.00757607 -0.00348423 0.0184559 -0.00759364 0.999958 -0.00505859 0.00321503 0.00344576 0.00508487 0.999981 -0.00648493 0.0 0.0 0.0 1.0
fire/seq-02/color/frame-000098.color.png fire/seq-02/color/frame-000101.color.png 0.999788 0.0202597 -0.00372927 0.0229554 -0.0202235 0.99975 0.00950561 -0.00579323 0.00392092 -0.00942818 0.999948 0.0011491 0.0 0.0 0.0 1.0
fire/seq-02/color/frame-000101.color.png fire/seq-02/color/frame-000104.color.png 0.999871 0.0159201 0.00221281 0.01646 -0.0159396 0.999832 0.0090862 -0.00127946 -0.00206779 -0.00912029 0.999956 0.0030872 0.0 0.0 0.0 1.0
fire/seq-02/color/frame-000104.color.png fire/seq-02/color/frame-000107.color.png 0.999956 0.000964765 -0.00933855 0.019314 -0.000930953 0.999993 0.00362834 0.000755683 0.00934198 -0.00361949 0.99995 0.00386363 0.0 0.0 0.0 1.0
fire/seq-02/color/frame-000107.color.png fire/seq-02/color/frame-000110.color.png 0.999884 0.0122959 -0.00894217 0.0113245 -0.0122608 0.999917 0.00396617 -0.00495037 0.00899019 -0.00385607 0.999952 0.00490247 0.0 0.0 0.0 1.0
fire/seq-02/color/frame-000110.color.png fire/seq-02/color/frame-000113.color.png 0.999954 0.00179714 -0.00944701 0.0116448 -0.00182427 0.999994 -0.00286688 -0.00358108 0.0094418 0.00288399 0.999951 -0.00355544 0.0 0.0 0.0 1.0
fire/seq-02/color/frame-000113.color.png fire/seq-02/color/frame-000116.color.png 0.99971 0.0235731 -0.0049276 0.00678459 -0.0235448 0.999706 0.00573479 0.000182927 0.00506134 -0.00561711 0.999971 0.0032144 0.0 0.0 0.0 1.0
fire/seq-02/color/frame-000116.color.png fire/seq-02/color/frame-000119.color.png 0.999847 0.0173662 -0.00212169 0.003095 -0.0173453 0.999804 0.00951723 -0.00307348 0.00228655 -0.00947898 0.999952 0.00460751 0.0 0.0 0.0 1.0
fire/seq-02/color/frame-000119.color.png fire/seq-02/color/frame-000122.color.png 0.999839 0.0136024 0.0116832 0.00185183 -0.0136879 0.99988 0.00727114 -0.00906824 -0.0115828 -0.00742989 0.999905 0.00563304 0.0 0.0 0.0 1.0
fire/seq-02/color/frame-000122.color.png fire/seq-02/color/frame-000125.color.png 0.999977 0.00412573 0.00538263 0.00973809 -0.0041331 0.999991 0.00135841 -0.000414506 -0.00537697 -0.00138063 0.999985 -0.000871032 0.0 0.0 0.0 1.0
fire/seq-02/color/frame-000125.color.png fire/seq-02/color/frame-000128.color.png 0.999865 0.00543288 0.0155136 -0.0114685 -0.00558787 0.999935 0.00996772 -0.00969703 -0.0154584 -0.0100531 0.99983 0.00773521 0.0 0.0 0.0 1.0
fire/seq-02/color/frame-000128.color.png fire/seq-02/color/frame-000131.color.png 0.9999 0.00163384 0.0140251 -0.00926352 -0.00167404 0.999994 0.00285149 -0.00764339 -0.0140204 -0.00287469 0.999898 0.00249273 0.0 0.0 0.0 1.0
fire/seq-02/color/frame-000131.color.png fire/seq-02/color/frame-000134.color.png 0.999609 -0.00277645 0.0278086 -0.0175808 0.00268405 0.999991 0.00336104 -0.0117568 -0.0278177 -0.00328509 0.999608 0.00585315 0.0 0.0 0.0 1.0
fire/seq-02/color/frame-000134.color.png fire/seq-02/color/frame-000137.color.png 0.99984 -0.00512119 0.0171186 -0.0160048 0.0050989 0.999986 0.00134298 -0.00788227 -0.0171252 -0.00125547 0.999853 0.00492733 0.0 0.0 0.0 1.0
fire/seq-02/color/frame-000137.color.png fire/seq-02/color/frame-000140.color.png 0.999612 -0.0144585 0.0238047 -0.029264 0.0144988 0.999894 -0.00152392 -0.0141252 -0.0237801 0.00186847 0.999715 0.00837997 0.0 0.0 0.0 1.0
fire/seq-02/color/frame-000140.color.png fire/seq-02/color/frame-000143.color.png 0.999913 -0.00447406 0.0124311 -0.0176933 0.00440167 0.999973 0.00584779 -0.0130807 -0.012457 -0.00579257 0.999906 0.000907399 0.0 0.0 0.0 1.0
fire/seq-02/color/frame-000143.color.png fire/seq-02/color/frame-000146.color.png 0.999653 -0.00800027 0.0251029 -0.0340672 0.00808711 0.999962 -0.00336165 -0.0118552 -0.025075 0.0035635 0.999679 0.00614843 0.0 0.0 0.0 1.0
fire/seq-02/color/frame-000146.color.png fire/seq-02/color/frame-000149.color.png 0.999774 -0.0108592 0.0182947 -0.0210405 0.0109819 0.999918 -0.00661707 -0.00170848 -0.0182213 0.00681648 0.999811 0.00111625 0.0 0.0 0.0 1.0
fire/seq-02/color/frame-000149.color.png fire/seq-02/color/frame-000152.color.png 0.999603 -0.00982681 0.0264002 -0.0329081 0.00974353 0.999947 0.00328172 -0.0113171 -0.026431 -0.00302319 0.999646 0.00325122 0.0 0.0 0.0 1.0
fire/seq-02/color/frame-000152.color.png fire/seq-02/color/frame-000155.color.png 0.999694 -0.0151418 0.0195366 -0.0199719 0.0152463 0.99987 -0.00521118 -0.00725462 -0.0194551 0.00550745 0.999796 0.00024607 0.0 0.0 0.0 1.0
fire/seq-02/color/frame-000155.color.png fire/seq-02/color/frame-000158.color.png 0.999238 -0.0245495 0.030331 -0.0291152 0.0247945 0.999663 -0.00772757 -0.00479019 -0.030131 0.00847373 0.99951 -0.00106803 0.0 0.0 0.0 1.0
fire/seq-02/color/frame-000158.color.png fire/seq-02/color/frame-000161.color.png 0.999827 -0.0133088 0.0129684 -0.0194788 0.0134205 0.999873 -0.00857034 -5.2087e-05 -0.0128527 0.00874291 0.999879 0.00195893 0.0 0.0 0.0 1.0
fire/seq-02/color/frame-000161.color.png fire/seq-02/color/frame-000164.color.png 0.999026 -0.0333357 0.0289271 -0.0350092 0.0337584 0.999328 -0.0142491 -0.000612549 -0.0284327 0.0152117 0.99948 -0.0023393 0.0 0.0 0.0 1.0
fire/seq-02/color/frame-000164.color.png fire/seq-02/color/frame-000167.color.png 0.999523 -0.0238565 0.0196128 -0.0266335 0.0241673 0.999584 -0.0157661 0.00437395 -0.0192286 0.0162326 0.999683 -0.000480272 0.0 0.0 0.0 1.0
fire/seq-02/color/frame-000167.color.png fire/seq-02/color/frame-000170.color.png 0.999426 -0.0213934 0.0262532 -0.0334452 0.0222547 0.999209 -0.0329655 0.00722022 -0.0255271 0.0335309 0.999111 -0.00467091 0.0 0.0 0.0 1.0
fire/seq-02/color/frame-000170.color.png fire/seq-02/color/frame-000173.color.png 0.999527 -0.0161338 0.0261799 -0.0408357 0.0166742 0.99965 -0.0205569 0.0110766 -0.0258391 0.0209837 0.999446 -0.0110523 0.0 0.0 0.0 1.0
fire/seq-02/color/frame-000173.color.png fire/seq-02/color/frame-000176.color.png 0.999515 -0.0172759 0.0259205 -0.040776 0.0173893 0.99984 -0.00415357 0.0120126 -0.0258446 0.0046023 0.999655 -0.00423342 0.0 0.0 0.0 1.0
fire/seq-02/color/frame-000176.color.png fire/seq-02/color/frame-000179.color.png 0.999599 -0.0226925 0.0169559 -0.0272715 0.0228716 0.999684 -0.0104466 0.0110751 -0.0167135 0.0108302 0.999802 -0.00222059 0.0 0.0 0.0 1.0
fire/seq-02/color/frame-000179.color.png fire/seq-02/color/frame-000182.color.png 0.999496 -0.015084 0.0279185 -0.0325065 0.015516 0.999762 -0.0153247 0.0120315 -0.0276807 0.0157502 0.999493 0.000836805 0.0 0.0 0.0 1.0
fire/seq-02/color/frame-000182.color.png fire/seq-02/color/frame-000185.color.png 0.999487 -0.0179379 0.0265173 -0.0307541 0.0182998 0.999742 -0.013469 0.00943884 -0.0262689 0.0139473 0.999558 -0.0087544 0.0 0.0 0.0 1.0
fire/seq-02/color/frame-000185.color.png fire/seq-02/color/frame-000188.color.png 0.999624 -0.012413 0.0244436 -0.0227194 0.0127214 0.999841 -0.012503 0.0129837 -0.0242845 0.0128092 0.999623 0.000881419 0.0 0.0 0.0 1.0
fire/seq-02/color/frame-000188.color.png fire/seq-02/color/frame-000191.color.png 0.9994 -0.020708 0.0277579 -0.0260962 0.0211553 0.999649 -0.0159192 0.00779355 -0.0274186 0.0164969 0.999488 -0.00543617 0.0 0.0 0.0 1.0
fire/seq-02/color/frame-000191.color.png fire/seq-02/color/frame-000194.color.png 0.999552 -0.0112438 0.0277447 -0.0260002 0.0114427 0.99991 -0.00702193 0.00652468 -0.0276632 0.00733623 0.99959 0.00236048 0.0 0.0 0.0 1.0
fire/seq-02/color/frame-000194.color.png fire/seq-02/color/frame-000197.color.png 0.999584 -0.0235788 0.0166329 -0.0254364 0.02395 0.99946 -0.0224762 0.0132451 -0.0160941 0.0228652 0.999609 0.00207995 0.0 0.0 0.0 1.0
fire/seq-02/color/frame-000197.color.png fire/seq-02/color/frame-000200.color.png 0.999522 -0.0137132 0.0277016 -0.0282485 0.0139553 0.999866 -0.00856848 0.00699176 -0.0275802 0.00895096 0.99958 0.00172091 0.0 0.0 0.0 1.0
fire/seq-02/color/frame-000200.color.png fire/seq-02/color/frame-000203.color.png 0.999665 -0.0154801 0.0207548 -0.0321135 0.0155577 0.999873 -0.00357866 0.00844114 -0.0206968 0.00390038 0.999778 0.010701 0.0 0.0 0.0 1.0
fire/seq-02/color/frame-000203.color.png fire/seq-02/color/frame-000206.color.png 0.999897 -0.0086169 0.0114722 -0.0206542 0.00859158 0.99996 0.00225209 0.000296533 -0.0114912 -0.00215328 0.999932 0.0105318 0.0 0.0 0.0 1.0
fire/seq-02/color/frame-000206.color.png fire/seq-02/color/frame-000209.color.png 0.999446 -0.0223292 0.0246844 -0.0341249 0.022622 0.999676 -0.0116443 0.0149405 -0.0244165 0.0121963 0.999627 0.0138309 0.0 0.0 0.0 1.0
fire/seq-02/color/frame-000209.color.png fire/seq-02/color/frame-000212.color.png 0.999838 -0.0113995 0.0139398 -0.0211933 0.0114872 0.999915 -0.0062294 0.0195707 -0.0138676 0.00638857 0.999883 0.00840554 0.0 0.0 0.0 1.0
fire/seq-02/color/frame-000212.color.png fire/seq-02/color/frame-000215.color.png 0.998942 -0.0256259 0.0381749 -0.039508 0.0256779 0.99967 -0.000872337 0.00649013 -0.03814 0.00185164 0.999271 0.0138093 0.0 0.0 0.0 1.0
fire/seq-02/color/frame-000215.color.png fire/seq-02/color/frame-000218.color.png 0.999113 -0.0153925 0.0391895 -0.0424491 0.0152102 0.999872 0.0049461 0.00466661 -0.0392606 -0.00434562 0.99922 0.0129379 0.0 0.0 0.0 1.0
fire/seq-02/color/frame-000218.color.png fire/seq-02/color/frame-000221.color.png 0.999618 -0.0107806 0.0254314 -0.0334726 0.0110403 0.999888 -0.0100935 0.0152188 -0.0253198 0.0103704 0.999626 0.00545451 0.0 0.0 0.0 1.0
fire/seq-02/color/frame-000221.color.png fire/seq-02/color/frame-000224.color.png 0.999583 -0.0192849 0.0214712 -0.0253888 0.0194077 0.999796 -0.0055249 0.0139595 -0.0213603 0.00593927 0.999754 0.0114622 0.0 0.0 0.0 1.0
fire/seq-02/color/frame-000224.color.png fire/seq-02/color/frame-000227.color.png 0.999644 -0.018171 0.0195505 -0.0201786 0.0185448 0.999645 -0.019109 0.0157226 -0.0191963 0.0194648 0.999626 0.00740558 0.0 0.0 0.0 1.0
fire/seq-02/color/frame-000227.color.png fire/seq-02/color/frame-000230.color.png 0.999279 -0.0211596 0.0315265 -0.0264167 0.0217835 0.999571 -0.0195782 0.023015 -0.0310989 0.0202509 0.999311 0.00284618 0.0 0.0 0.0 1.0
fire/seq-02/color/frame-000230.color.png fire/seq-02/color/frame-000233.color.png 0.999754 -0.0154731 0.015873 -0.0153892 0.0154941 0.999879 -0.00120121 0.00735779 -0.0158525 0.00144687 0.999873 0.0121303 0.0 0.0 0.0 1.0
fire/seq-02/color/frame-000233.color.png fire/seq-02/color/frame-000236.color.png 0.9988 -0.0354372 0.0337986 -0.0275419 0.0355828 0.99936 -0.00371411 0.00220931 -0.0336454 0.00491226 0.999422 0.0127767 0.0 0.0 0.0 1.0
fire/seq-02/color/frame-000236.color.png fire/seq-02/color/frame-000239.color.png 0.999768 -0.00440631 0.0210691 -0.0198312 0.00471773 0.99988 -0.0147533 0.00780718 -0.0210017 0.0148493 0.999669 0.00863633 0.0 0.0 0.0 1.0
fire/seq-02/color/frame-000239.color.png fire/seq-02/color/frame-000242.color.png 0.999855 -0.00489697 0.0163335 -0.0119484 0.00506449 0.999935 -0.0102316 0.00442435 -0.0162823 0.0103129 0.999814 0.00639746 0.0 0.0 0.0 1.0
fire/seq-02/color/frame-000242.color.png fire/seq-02/color/frame-000245.color.png 0.999915 -0.00930414 0.00918488 -0.0133497 0.00955243 0.99958 -0.0273703 0.0161458 -0.00892636 0.0274557 0.999583 0.00968304 0.0 0.0 0.0 1.0
fire/seq-02/color/frame-000245.color.png fire/seq-02/color/frame-000248.color.png 0.999999 -0.0015474 0.000395077 -0.00646794 0.00155095 0.999957 -0.00915352 0.00734328 -0.000380971 0.00915415 0.999958 0.00723839 0.0 0.0 0.0 1.0
fire/seq-02/color/frame-000248.color.png fire/seq-02/color/frame-000251.color.png 0.999881 -0.0103962 0.0114288 -0.0112056 0.0104813 0.999918 -0.00740906 0.00869015 -0.0113507 0.007528 0.999907 0.012777 0.0 0.0 0.0 1.0
fire/seq-02/color/frame-000251.color.png fire/seq-02/color/frame-000254.color.png 0.999986 -0.00303357 0.00443443 -0.00844544 0.00308025 0.999939 -0.0105603 0.00627768 -0.00440223 0.0105739 0.999934 0.0155591 0.0 0.0 0.0 1.0
fire/seq-02/color/frame-000254.color.png fire/seq-02/color/frame-000257.color.png 0.999549 0.0139302 -0.0266154 0.00373012 -0.0136379 0.999845 0.0111341 -0.0127992 0.0267664 -0.0107661 0.999584 0.0368121 0.0 0.0 0.0 1.0
fire/seq-02/color/frame-000257.color.png fire/seq-02/color/frame-000260.color.png 0.999915 0.00642777 -0.0113321 0.000740409 -0.00640105 0.999977 0.0023864 -0.00428878 0.0113472 -0.00231359 0.999933 0.0199324 0.0 0.0 0.0 1.0
fire/seq-02/color/frame-000260.color.png fire/seq-02/color/frame-000263.color.png 0.999886 0.00722567 -0.0132552 0.00115579 -0.00709326 0.999925 0.0100143 -0.00954199 0.0133266 -0.00991907 0.999862 0.0276611 0.0 0.0 0.0 1.0
fire/seq-02/color/frame-000263.color.png fire/seq-02/color/frame-000266.color.png 0.999821 0.0150199 -0.0115415 -0.0015437 -0.0149203 0.999851 0.00866545 -0.0132564 0.0116699 -0.00849173 0.999896 0.0223514 0.0 0.0 0.0 1.0
fire/seq-02/color/frame-000266.color.png fire/seq-02/color/frame-000269.color.png 0.999855 0.00737502 -0.0153704 0.000681758 -0.00725366 0.999942 0.00793466 -0.0104778 0.015428 -0.00782207 0.99985 0.0190393 0.0 0.0 0.0 1.0
fire/seq-02/color/frame-000269.color.png fire/seq-02/color/frame-000272.color.png 0.99911 0.0311623 -0.0284205 0.00402164 -0.0306118 0.999339 0.0196043 -0.0272828 0.0290126 -0.0187168 0.999404 0.047844 0.0 0.0 0.0 1.0
fire/seq-02/color/frame-000272.color.png fire/seq-02/color/frame-000275.color.png 0.999805 0.0114244 -0.0160786 0.00327498 -0.0113367 0.99992 0.00553357 -0.0107681 0.0161405 -0.00535029 0.999855 0.0202964 0.0 0.0 0.0 1.0
fire/seq-02/color/frame-000275.color.png fire/seq-02/color/frame-000278.color.png 0.999812 0.0120435 -0.0152115 0.00375873 -0.0119211 0.999896 0.00810619 -0.0127742 0.0153075 -0.00792338 0.999852 0.0188287 0.0 0.0 0.0 1.0
fire/seq-02/color/frame-000278.color.png fire/seq-02/color/frame-000281.color.png 0.999656 0.0148305 -0.0216078 0.00276709 -0.0146266 0.999847 0.0095641 -0.0161596 0.0217464 -0.00924477 0.999721 0.0233381 0.0 0.0 0.0 1.0
fire/seq-02/color/frame-000281.color.png fire/seq-02/color/frame-000284.color.png 0.999236 0.0255215 -0.0296055 0.00397521 -0.0250389 0.999549 0.0165584 -0.0286786 0.0300149 -0.0158043 0.999425 0.0281692 0.0 0.0 0.0 1.0
fire/seq-02/color/frame-000284.color.png fire/seq-02/color/frame-000287.color.png 0.99929 0.0264129 -0.0268471 0.00706846 -0.0260197 0.99955 0.0148922 -0.0261468 0.0272284 -0.0141831 0.999529 0.0247335 0.0 0.0 0.0 1.0
fire/seq-02/color/frame-000287.color.png fire/seq-02/color/frame-000290.color.png 0.999239 0.0202094 -0.0333529 0.0156584 -0.0199498 0.999768 0.00809707 -0.0170352 0.0335088 -0.00742548 0.999411 0.025439 0.0 0.0 0.0 1.0
fire/seq-02/color/frame-000290.color.png fire/seq-02/color/frame-000293.color.png 0.999247 0.0239113 -0.0305688 0.00160843 -0.0235623 0.999654 0.0117284 -0.0267042 0.0308387 -0.0109993 0.999464 0.0228367 0.0 0.0 0.0 1.0
fire/seq-02/color/frame-000293.color.png fire/seq-02/color/frame-000296.color.png 0.999138 0.0262645 -0.032133 0.0120068 -0.0260428 0.999634 0.00729828 -0.0240492 0.032313 -0.00645513 0.999457 0.024067 0.0 0.0 0.0 1.0
fire/seq-02/color/frame-000296.color.png fire/seq-02/color/frame-000299.color.png 0.999403 0.0320001 -0.0130189 -0.023108 -0.0320026 0.999488 1.00386e-05 -0.0199802 0.0130125 0.000406598 0.999915 0.0403145 0.0 0.0 0.0 1.0
fire/seq-02/color/frame-000299.color.png fire/seq-02/color/frame-000302.color.png 0.998582 0.030067 -0.043942 0.0283194 -0.0301113 0.999547 -0.000344405 -0.012595 0.0439118 0.00166708 0.999034 0.025122 0.0 0.0 0.0 1.0
fire/seq-02/color/frame-000302.color.png fire/seq-02/color/frame-000305.color.png 0.999048 0.0266358 -0.0345366 0.0194037 -0.0264612 0.999635 0.00550208 -0.0150224 0.0346706 -0.00458298 0.999388 0.0153762 0.0 0.0 0.0 1.0
fire/seq-02/color/frame-000305.color.png fire/seq-02/color/frame-000308.color.png 0.999222 0.0131581 -0.0371914 0.0281681 -0.0130639 0.999911 0.00277445 -0.00414021 0.0372244 -0.00228637 0.999304 0.00650513 0.0 0.0 0.0 1.0
fire/seq-02/color/frame-000308.color.png fire/seq-02/color/frame-000311.color.png 0.998964 0.0135101 -0.0434631 0.0388837 -0.0141872 0.999782 -0.0153067 0.021897 0.0432468 0.0159074 0.998938 0.0124895 0.0 0.0 0.0 1.0
fire/seq-02/color/frame-000311.color.png fire/seq-02/color/frame-000314.color.png 0.999017 0.0243461 -0.0370398 0.0200639 -0.0239654 0.999656 0.0106853 -0.0156313 0.0372872 -0.00978712 0.999257 0.00540161 0.0 0.0 0.0 1.0
fire/seq-02/color/frame-000314.color.png fire/seq-02/color/frame-000317.color.png 0.999366 0.0155992 -0.032004 0.0163319 -0.0153341 0.999846 0.0085113 -0.00545165 0.0321318 -0.00801514 0.999451 0.0015313 0.0 0.0 0.0 1.0
fire/seq-02/color/frame-000317.color.png fire/seq-02/color/frame-000320.color.png 0.998846 0.0145981 -0.0457535 0.0349236 -0.014414 0.999887 0.00435158 -0.00307009 0.0458119 -0.00368706 0.998943 0.00235075 0.0 0.0 0.0 1.0
fire/seq-02/color/frame-000320.color.png fire/seq-02/color/frame-000323.color.png 0.999198 0.0176695 -0.0359216 0.0245296 -0.0176673 0.999844 0.000378294 0.000952899 0.0359227 0.000256649 0.999355 -0.00508234 0.0 0.0 0.0 1.0
fire/seq-02/color/frame-000323.color.png fire/seq-02/color/frame-000326.color.png 0.998428 0.0252764 -0.0500344 0.0400635 -0.0249452 0.999663 0.00723238 -0.00600407 0.0502004 -0.00597291 0.998721 -0.00218406 0.0 0.0 0.0 1.0
fire/seq-02/color/frame-000326.color.png fire/seq-02/color/frame-000329.color.png 0.999752 0.0193082 -0.011117 -0.00763011 -0.019236 0.999793 0.00656815 0.00163764 0.0112415 -0.00635266 0.999917 -0.0048472 0.0 0.0 0.0 1.0
fire/seq-02/color/frame-000329.color.png fire/seq-02/color/frame-000332.color.png 0.999707 0.0112507 -0.0214445 0.0144302 -0.0110509 0.999895 0.00941247 -0.00389853 0.0215481 -0.00917272 0.999726 -0.0039205 0.0 0.0 0.0 1.0
fire/seq-02/color/frame-000332.color.png fire/seq-02/color/frame-000335.color.png 0.999933 0.00671959 -0.00946242 0.00483936 -0.00669515 0.999974 0.00261227 -0.00361678 0.00947972 -0.00254876 0.999952 -0.00671807 0.0 0.0 0.0 1.0
fire/seq-02/color/frame-000335.color.png fire/seq-02/color/frame-000338.color.png 0.999907 0.00577646 -0.0123711 0.00608355 -0.00584753 0.999967 -0.00571722 -0.00135949 0.0123376 0.00578908 0.999907 -0.00963092 0.0 0.0 0.0 1.0
fire/seq-02/color/frame-000338.color.png fire/seq-02/color/frame-000341.color.png 0.999676 0.020498 -0.0151332 -0.000338793 -0.0206506 0.999737 -0.00999501 -0.00502911 0.0149243 0.0103043 0.999835 -0.0123478 0.0 0.0 0.0 1.0
fire/seq-02/color/frame-000341.color.png fire/seq-02/color/frame-000344.color.png 0.999765 0.0169587 -0.0134907 -0.00377321 -0.0171259 0.999777 -0.0123727 -0.00220287 0.0132779 0.0126008 0.999833 -0.0127006 0.0 0.0 0.0 1.0
fire/seq-02/color/frame-000344.color.png fire/seq-02/color/frame-000347.color.png 0.999923 0.00937316 -0.00808564 0.00168782 -0.00947095 0.999881 -0.0121415 0.00665709 0.00797087 0.0122172 0.999893 -0.0116647 0.0 0.0 0.0 1.0
fire/seq-02/color/frame-000347.color.png fire/seq-02/color/frame-000350.color.png 0.99957 0.0251958 -0.0150177 -0.00306296 -0.0253875 0.999597 -0.0127177 0.00824273 0.0146912 0.0130935 0.999806 -0.00602478 0.0 0.0 0.0 1.0
fire/seq-02/color/frame-000350.color.png fire/seq-02/color/frame-000353.color.png 0.999874 0.0111884 -0.0112837 -0.00289154 -0.0112233 0.999932 -0.00303244 0.00416726 0.011249 0.00315869 0.999932 -0.00800732 0.0 0.0 0.0 1.0
fire/seq-02/color/frame-000353.color.png fire/seq-02/color/frame-000356.color.png 0.999834 0.00883397 -0.0159279 -0.00454736 -0.00881021 0.99996 0.00156044 0.00849578 0.015941 -0.00141983 0.999872 -0.00775936 0.0 0.0 0.0 1.0
fire/seq-02/color/frame-000356.color.png fire/seq-02/color/frame-000359.color.png 0.999588 0.022684 -0.0176025 -0.00085783 -0.0226103 0.999735 0.00437617 -0.00208691 0.0176971 -0.00397641 0.999836 -0.00674081 0.0 0.0 0.0 1.0
fire/seq-02/color/frame-000359.color.png fire/seq-02/color/frame-000362.color.png 0.999798 0.0161602 -0.0119229 -0.00392228 -0.0161227 0.999865 0.00323791 -0.0058617 0.0119736 -0.00304504 0.999924 -0.00395724 0.0 0.0 0.0 1.0
fire/seq-02/color/frame-000362.color.png fire/seq-02/color/frame-000365.color.png 0.999561 0.0274109 -0.0112676 -0.00213486 -0.0273569 0.999614 0.00491374 -0.00343549 0.0113979 -0.00460331 0.999924 -0.0131187 0.0 0.0 0.0 1.0
fire/seq-02/color/frame-000365.color.png fire/seq-02/color/frame-000368.color.png 0.999745 0.0145759 -0.0172557 0.0122955 -0.014263 0.999734 0.01812 -0.0142718 0.0175152 -0.0178693 0.999687 -0.0108397 0.0 0.0 0.0 1.0
fire/seq-02/color/frame-000368.color.png fire/seq-02/color/frame-000371.color.png 0.999995 0.00157924 -0.0028449 0.00454962 -0.00155929 0.999974 0.00700882 -0.00117823 0.0028559 -0.00700432 0.999971 -0.00750491 0.0 0.0 0.0 1.0
fire/seq-02/color/frame-000371.color.png fire/seq-02/color/frame-000374.color.png 0.999874 -0.00309829 -0.0155391 0.00891811 0.0032709 0.999933 0.0110933 -2.17259e-05 0.0155037 -0.0111427 0.999818 -0.00327051 0.0 0.0 0.0 1.0
fire/seq-02/color/frame-000374.color.png fire/seq-02/color/frame-000377.color.png 0.999653 -0.00195458 -0.0262592 0.026554 0.00234176 0.999889 0.014721 -0.00663728 0.0262275 -0.0147774 0.999547 0.0040186 0.0 0.0 0.0 1.0
fire/seq-02/color/frame-000377.color.png fire/seq-02/color/frame-000380.color.png 0.999662 -0.0136896 -0.0221112 0.0385574 0.014201 0.999631 0.0231412 -0.025752 0.0217862 -0.0234474 0.999488 0.000669122 0.0 0.0 0.0 1.0
fire/seq-02/color/frame-000380.color.png fire/seq-02/color/frame-000383.color.png 0.99979 0.00690259 -0.0193036 0.0431169 -0.0064922 0.999753 0.0212422 -0.0388575 0.0194455 -0.0211124 0.999588 0.000524536 0.0 0.0 0.0 1.0
fire/seq-02/color/frame-000383.color.png fire/seq-02/color/frame-000386.color.png 0.999975 0.00125985 -0.00697822 0.0366951 -0.00110562 0.999756 0.022064 -0.0304531 0.00700433 -0.0220557 0.999732 0.0060077 0.0 0.0 0.0 1.0
fire/seq-02/color/frame-000386.color.png fire/seq-02/color/frame-000389.color.png 0.999949 0.00104589 -0.0100495 0.0389533 -0.000735633 0.999524 0.0308266 -0.0428175 0.0100769 -0.0308177 0.999474 -0.00867273 0.0 0.0 0.0 1.0
fire/seq-02/color/frame-000389.color.png fire/seq-02/color/frame-000392.color.png 0.99958 0.00431185 -0.0286436 0.0447477 -0.00349645 0.999589 0.0284562 -0.02952 0.0287546 -0.0283441 0.999185 0.00511982 0.0 0.0 0.0 1.0
fire/seq-02/color/frame-000392.color.png fire/seq-02/color/frame-000395.color.png 0.999688 0.00730069 -0.0238737 0.0406764 -0.00660049 0.999549 0.0292785 -0.0344538 0.0240767 -0.0291118 0.999286 0.00525083 0.0 0.0 0.0 1.0
fire/seq-02/color/frame-000395.color.png fire/seq-02/color/frame-000398.color.png 0.999831 0.0152095 -0.0102947 0.0166955 -0.014971 0.999627 0.0228597 -0.0250777 0.0106386 -0.0227017 0.999686 0.000737559 0.0 0.0 0.0 1.0
fire/seq-02/color/frame-000398.color.png fire/seq-02/color/frame-000401.color.png 0.999915 0.00589446 -0.0116691 0.0249712 -0.00547674 0.999354 0.0355072 -0.0409748 0.0118709 -0.0354402 0.999301 -0.00520457 0.0 0.0 0.0 1.0
fire/seq-02/color/frame-000401.color.png fire/seq-02/color/frame-000404.color.png 0.99973 0.0125401 -0.019569 0.0390227 -0.0118147 0.999254 0.0367563 -0.0547921 0.0200154 -0.0365151 0.999133 0.0051089 0.0 0.0 0.0 1.0
fire/seq-02/color/frame-000404.color.png fire/seq-02/color/frame-000407.color.png 0.999741 0.0195887 -0.0115975 0.0280027 -0.0194249 0.999712 0.0140701 -0.0348503 0.0118698 -0.0138411 0.999834 -0.00569808 0.0 0.0 0.0 1.0
fire/seq-02/color/frame-000407.color.png fire/seq-02/color/frame-000410.color.png 0.999739 0.0190671 0.0126086 0.0184107 -0.0191931 0.999766 0.00994755 -0.0343202 -0.0124159 -0.0101869 0.999871 -0.0177521 0.0 0.0 0.0 1.0
fire/seq-02/color/frame-000410.color.png fire/seq-02/color/frame-000413.color.png 0.999895 0.00977739 0.0106812 0.0202201 -0.00996146 0.999801 0.0173174 -0.0502248 -0.0105097 -0.017422 0.999793 -0.0194556 0.0 0.0 0.0 1.0
fire/seq-02/color/frame-000413.color.png fire/seq-02/color/frame-000416.color.png 0.999928 0.00915955 0.00777883 0.0151033 -0.00926485 0.999864 0.0136107 -0.0211959 -0.00765313 -0.0136818 0.999877 -0.0106825 0.0 0.0 0.0 1.0
fire/seq-02/color/frame-000416.color.png fire/seq-02/color/frame-000419.color.png 0.999975 -0.00639854 0.00308295 0.0179801 0.00636947 0.999936 0.00933872 -0.017847 -0.00314247 -0.00931888 0.999952 -0.00606509 0.0 0.0 0.0 1.0
fire/seq-02/color/frame-000419.color.png fire/seq-02/color/frame-000422.color.png 0.999799 0.00711626 0.0187407 0.0204203 -0.00739401 0.999863 0.0147958 -0.036438 -0.0186329 -0.0149314 0.999715 -0.0112917 0.0 0.0 0.0 1.0
fire/seq-02/color/frame-000422.color.png fire/seq-02/color/frame-000425.color.png 0.99954 0.0182136 0.0242668 0.0165891 -0.0181547 0.999832 -0.00264586 -0.0176668 -0.0243109 0.00220405 0.999702 -0.0183531 0.0 0.0 0.0 1.0
fire/seq-02/color/frame-000425.color.png fire/seq-02/color/frame-000428.color.png 0.999258 0.0192549 0.0333548 0.0113663 -0.019687 0.999726 0.012674 -0.0432047 -0.0331016 -0.0133212 0.999363 -0.0143546 0.0 0.0 0.0 1.0
fire/seq-02/color/frame-000428.color.png fire/seq-02/color/frame-000431.color.png 0.999732 0.0139389 0.0184811 0.011262 -0.0141683 0.999823 0.012337 -0.026086 -0.0183059 -0.0125956 0.999753 -0.0118722 0.0 0.0 0.0 1.0
fire/seq-02/color/frame-000431.color.png fire/seq-02/color/frame-000434.color.png 0.999238 0.0187746 0.034206 0.0169569 -0.0186412 0.999817 -0.00421319 -0.0167122 -0.0342788 0.00357234 0.999406 -0.0188187 0.0 0.0 0.0 1.0
fire/seq-02/color/frame-000434.color.png fire/seq-02/color/frame-000437.color.png 0.999412 0.00613497 0.0337399 0.000744805 -0.00655868 0.999901 0.0124616 -0.0414382 -0.0336601 -0.0126755 0.999353 -0.0175023 0.0 0.0 0.0 1.0
fire/seq-02/color/frame-000437.color.png fire/seq-02/color/frame-000440.color.png 0.999853 0.00644431 0.0158922 0.014619 -0.00659595 0.999933 0.00951158 -0.00895761 -0.0158298 -0.00961507 0.999828 -0.0112468 0.0 0.0 0.0 1.0
fire/seq-02/color/frame-000440.color.png fire/seq-02/color/frame-000443.color.png 0.99942 0.00085459 0.0340416 -0.00354787 -0.00131881 0.999906 0.0136163 -0.0344206 -0.0340268 -0.0136532 0.999328 -0.0134627 0.0 0.0 0.0 1.0
fire/seq-02/color/frame-000443.color.png fire/seq-02/color/frame-000446.color.png 0.999631 0.00258768 0.0270467 0.00939202 -0.00282981 0.999956 0.00891741 -0.0204386 -0.0270224 -0.00899069 0.999595 -0.0137108 0.0 0.0 0.0 1.0
fire/seq-02/color/frame-000446.color.png fire/seq-02/color/frame-000449.color.png 0.999741 0.00305609 0.022529 0.0135645 -0.0032439 0.99996 0.00830324 -0.0149854 -0.0225027 -0.0083742 0.999712 -0.0160023 0.0 0.0 0.0 1.0
fire/seq-02/color/frame-000449.color.png fire/seq-02/color/frame-000452.color.png 0.999609 0.0053525 0.0274395 0.012021 -0.00570135 0.999904 0.0126505 -0.0161811 -0.0273691 -0.0128019 0.999543 -0.0153046 0.0 0.0 0.0 1.0
fire/seq-02/color/frame-000452.color.png fire/seq-02/color/frame-000455.color.png 0.999614 0.00913492 0.0262306 0.0128805 -0.00950969 0.999854 0.0142009 -0.0256971 -0.0260971 -0.0144449 0.999555 -0.0126585 0.0 0.0 0.0 1.0
fire/seq-02/color/frame-000455.color.png fire/seq-02/color/frame-000458.color.png 0.999699 0.00596814 0.0238119 0.0204978 -0.00583051 0.999966 -0.00584392 -0.00930569 -0.023846 0.00570324 0.999699 -0.0041974 0.0 0.0 0.0 1.0
fire/seq-02/color/frame-000458.color.png fire/seq-02/color/frame-000461.color.png 0.999671 0.00313229 0.0254763 0.0146612 -0.00329577 0.999974 0.0063775 -0.024422 -0.0254556 -0.00645928 0.999655 0.00432305 0.0 0.0 0.0 1.0
fire/seq-02/color/frame-000461.color.png fire/seq-02/color/frame-000464.color.png 0.999631 0.0156266 0.0222262 0.019127 -0.0154163 0.999835 -0.0095998 -0.0329051 -0.0223725 0.00925359 0.999707 0.0041763 0.0 0.0 0.0 1.0
fire/seq-02/color/frame-000464.color.png fire/seq-02/color/frame-000467.color.png 0.999881 0.0101735 0.0115836 0.0231084 -0.010261 0.999919 0.00751656 -0.0355656 -0.0115062 -0.00763461 0.999905 0.0215456 0.0 0.0 0.0 1.0
fire/seq-02/color/frame-000467.color.png fire/seq-02/color/frame-000470.color.png 0.999907 -0.0135987 -0.000365899 0.0193044 0.0135855 0.999598 -0.0248706 -0.0175329 0.000703909 0.0248634 0.999691 0.0306704 0.0 0.0 0.0 1.0
fire/seq-02/color/frame-000470.color.png fire/seq-02/color/frame-000473.color.png 0.999971 -0.00288955 -0.00704816 0.0132506 0.00285908 0.999986 -0.00432689 -0.00678381 0.00706059 0.00430664 0.999966 0.0239237 0.0 0.0 0.0 1.0
fire/seq-02/color/frame-000473.color.png fire/seq-02/color/frame-000476.color.png 0.999831 -0.000420016 -0.0183901 0.0254805 0.00026678 0.999965 -0.00833643 0.00270456 0.0183929 0.00833012 0.999796 0.0254792 0.0 0.0 0.0 1.0
fire/seq-02/color/frame-000476.color.png fire/seq-02/color/frame-000479.color.png 0.999854 -0.00292409 -0.0168295 0.0162345 0.00295802 0.999994 0.00199242 -0.0243272 0.0168235 -0.00204197 0.999857 0.0260089 0.0 0.0 0.0 1.0
fire/seq-02/color/frame-000479.color.png fire/seq-02/color/frame-000482.color.png 0.999759 0.00604401 -0.021083 0.0360295 -0.00621866 0.999947 -0.00822666 -0.0130894 0.0210322 0.00835586 0.999744 0.0270126 0.0 0.0 0.0 1.0
fire/seq-02/color/frame-000482.color.png fire/seq-02/color/frame-000485.color.png 0.999703 0.0173421 -0.0171333 0.02043 -0.017489 0.999811 -0.00846319 -0.0180337 0.0169833 0.00876034 0.999817 0.0257566 0.0 0.0 0.0 1.0
fire/seq-02/color/frame-000485.color.png fire/seq-02/color/frame-000488.color.png 0.999912 0.00734077 -0.0110572 0.0147737 -0.007613 0.999664 -0.0247758 -0.00274324 0.0108716 0.0248578 0.999632 0.0304987 0.0 0.0 0.0 1.0
fire/seq-02/color/frame-000488.color.png fire/seq-02/color/frame-000491.color.png 0.999863 0.00588193 -0.0154768 0.015256 -0.00618433 0.99979 -0.0195601 0.000454932 0.0153585 0.0196531 0.999689 0.0278149 0.0 0.0 0.0 1.0
fire/seq-02/color/frame-000491.color.png fire/seq-02/color/frame-000494.color.png 0.99997 -0.0013803 -0.00760126 0.00879849 0.00120781 0.999743 -0.0226515 -8.82745e-05 0.00763056 0.0226416 0.999715 0.0323618 0.0 0.0 0.0 1.0
fire/seq-02/color/frame-000494.color.png fire/seq-02/color/frame-000497.color.png 0.999916 -0.00817947 -0.0100707 -0.000821248 0.0080926 0.99993 -0.00864517 -0.00768429 0.0101407 0.00856295 0.999912 0.0271474 0.0 0.0 0.0 1.0
fire/seq-02/color/frame-000497.color.png fire/seq-02/color/frame-000500.color.png 0.999788 0.000606979 -0.0205904 0.0072619 -0.000765403 0.99997 -0.00768119 0.00259507 0.0205851 0.00769532 0.999759 0.0273562 0.0 0.0 0.0 1.0
fire/seq-02/color/frame-000500.color.png fire/seq-02/color/frame-000503.color.png 0.999798 -0.00799803 -0.01844 0.00104374 0.00786307 0.999942 -0.00738308 -0.000251681 0.0184979 0.00723659 0.999803 0.0326994 0.0 0.0 0.0 1.0
fire/seq-02/color/frame-000503.color.png fire/seq-02/color/frame-000506.color.png 0.999618 -0.0137242 -0.0239862 0.0107234 0.0136989 0.999905 -0.00121855 -0.0012491 0.0240007 0.000889501 0.999712 0.0354821 0.0 0.0 0.0 1.0
fire/seq-02/color/frame-000506.color.png fire/seq-02/color/frame-000509.color.png 0.999753 -0.0174491 -0.0137454 0.00555004 0.0172582 0.999755 -0.0138957 0.00423101 0.0139845 0.013655 0.999809 0.0347132 0.0 0.0 0.0 1.0
fire/seq-02/color/frame-000509.color.png fire/seq-02/color/frame-000512.color.png 0.999629 -0.0231883 0.0143177 -0.0382559 0.0231459 0.999727 0.00311695 -0.0219257 -0.0143861 -0.00278435 0.999893 0.0352517 0.0 0.0 0.0 1.0
fire/seq-02/color/frame-000512.color.png fire/seq-02/color/frame-000515.color.png 0.999875 -0.0156237 0.00229967 -0.0167361 0.0156444 0.999834 -0.00929283 6.55651e-05 -0.00215411 0.00932765 0.999954 0.0307907 0.0 0.0 0.0 1.0
fire/seq-02/color/frame-000515.color.png fire/seq-02/color/frame-000518.color.png 0.999977 -0.00623851 0.00272129 -0.00288068 0.00625649 0.999958 -0.00663344 0.00730652 -0.00267979 0.00665031 0.999974 0.0158367 0.0 0.0 0.0 1.0
fire/seq-02/color/frame-000518.color.png fire/seq-02/color/frame-000521.color.png 0.999757 -0.0220047 -0.00159015 -0.00714913 0.0219928 0.999733 -0.00711187 0.00689408 0.00174621 0.00707514 0.999973 0.0250477 0.0 0.0 0.0 1.0
fire/seq-02/color/frame-000521.color.png fire/seq-02/color/frame-000524.color.png 0.99986 -0.0165799 -0.0023803 -0.00666547 0.0165716 0.999857 -0.00343792 0.00270402 0.00243695 0.00339798 0.999991 0.0303172 0.0 0.0 0.0 1.0
fire/seq-02/color/frame-000524.color.png fire/seq-02/color/frame-000527.color.png 0.999821 -0.0144345 0.012212 -0.0228894 0.0144752 0.99989 -0.00324866 -0.0067493 -0.0121638 0.00342488 0.99992 0.0222195 0.0 0.0 0.0 1.0
fire/seq-02/color/frame-000527.color.png fire/seq-02/color/frame-000530.color.png 0.999952 -0.00846082 -0.00500795 0.0029788 0.008418 0.999928 -0.00850777 0.0132841 0.00507958 0.00846518 0.999951 0.0189246 0.0 0.0 0.0 1.0
fire/seq-02/color/frame-000530.color.png fire/seq-02/color/frame-000533.color.png 0.999781 -0.019386 0.0078293 -0.0212499 0.0193815 0.999812 0.000657793 -0.0136548 -0.00784059 -0.000505926 0.999969 0.0266839 0.0 0.0 0.0 1.0
fire/seq-02/color/frame-000533.color.png fire/seq-02/color/frame-000536.color.png 0.999946 -0.00471305 0.00931951 -0.0201142 0.0047275 0.999988 -0.00152594 0.00521606 -0.0093122 0.00156993 0.999955 0.0136442 0.0 0.0 0.0 1.0
fire/seq-02/color/frame-000536.color.png fire/seq-02/color/frame-000539.color.png 0.999921 -0.0118007 0.00428354 -0.0127822 0.0117967 0.99993 0.000959495 -0.000590831 -0.00429455 -0.000908875 0.99999 0.0151007 0.0 0.0 0.0 1.0
