fire/seq-02/color/frame-000000.color.png fire/seq-02/color/frame-000003.color.png 0.999994 -0.00309399 0.00169736 -0.00321029 0.00309546 0.999995 -0.000863695 0.00317232 -0.00169468 0.000868944 0.999998 0.00247164 0.0 0.0 0.0 1.0
fire/seq-02/color/frame-000003.color.png fire/seq-02/color/frame-000006.color.png 0.999983 -0.00563748 0.00134561 -0.00241258 0.00564636 0.999962 -0.00669178 0.00946864 -0.00130783 0.00669927 0.999977 0.00522025 0.0 0.0 0.0 1.0
fire/seq-02/color/frame-000006.color.png fire/seq-02/color/frame-000009.color.png 0.999986 -0.00413057 0.00343225 -0.0044342 0.00414632 0.999981 -0.00459417 0.0072657 -0.00341321 0.00460834 0.999983 0.00801439 0.0 0.0 0.0 1.0
fire/seq-02/color/frame-000009.color.png fire/seq-02/color/frame-000012.color.png 0.99994 -0.00781067 0.00769559 -0.0101152 0.00782423 0.999968 -0.00173296 0.0139675 -0.00768181 0.00179307 0.999969 0.00145661 0.0 0.0 0.0 1.0
fire/seq-02/color/frame-000012.color.png fire/seq-02/color/frame-000015.color.png 0.999956 -0.00678063 0.00641367 -0.00932528 0.00684024 0.999933 -0.00931737 0.0163435 -0.00635006 0.00936084 0.999936 0.00619309 0.0 0.0 0.0 1.0
fire/seq-02/color/frame-000015.color.png fire/seq-02/color/frame-000018.color.png 0.999877 -0.0154632 0.00248267 -0.0092846 0.0154705 0.999876 -0.00292152 0.0130242 -0.00243719 0.00295957 0.999993 0.0123987 0.0 0.0 0.0 1.0
fire/seq-02/color/frame-000018.color.png fire/seq-02/color/frame-000021.color.png 0.99994 -0.00864058 0.00667582 -0.0139626 0.00864558 0.999962 -0.000720486 0.0136343 -0.00666936 0.000778161 0.999977 0.0123161 0.0 0.0 0.0 1.0
fire/seq-02/color/frame-000021.color.png fire/seq-02/color/frame-000024.color.png 0.999795 -0.0165735 0.0116281 -0.0113589 0.0166026 0.999859 -0.00241514 0.0132328 -0.0115864 0.0026077 0.99993 0.0169228 0.0 0.0 0.0 1.0
fire/seq-02/color/frame-000024.color.png fire/seq-02/color/frame-000027.color.png 0.999749 -0.0168277 0.0147946 -0.0195285 0.0170552 0.999736 -0.0153874 0.0188943 -0.0145318 0.0156359 0.999772 0.00720342 0.0 0.0 0.0 1.0
fire/seq-02/color/frame-000027.color.png fire/seq-02/color/frame-000030.color.png 0.99995 -0.0080164 0.00607137 -0.00847997 0.00803928 0.999961 -0.00375247 0.00807186 -0.00604104 0.00380108 0.999975 0.0154005 0.0 0.0 0.0 1.0
fire/seq-02/color/frame-000030.color.png fire/seq-02/color/frame-000033.color.png 0.99996 -0.00643212 0.00627268 -0.0109906 0.00649546 0.999928 -0.01013 0.0180337 -0.00620708 0.0101703 0.999929 0.00748276 0.0 0.0 0.0 1.0
fire/seq-02/color/frame-000033.color.png fire/seq-02/color/frame-000036.color.png 0.999965 0.00264792 0.00792007 -0.0124247 -0.00261398 0.999987 -0.00429283 0.0196086 -0.00793134 0.00427199 0.999959 0.00438313 0.0 0.0 0.0 1.0
fire/seq-02/color/frame-000036.color.png fire/seq-02/color/frame-000039.color.png 0.999984 0.00432448 0.00355532 -0.00350815 -0.00433825 0.999983 0.00387851 0.0183657 -0.00353849 -0.00389387 0.999986 0.0103614 0.0 0.0 0.0 1.0
fire/seq-02/color/frame-000039.color.png fire/seq-02/color/frame-000042.color.png 0.999992 0.000892424 0.00388749 0.00317515 -0.000890093 0.999999 -0.000605958 0.0161119 -0.00388804 0.000602504 0.999992 0.0106757 0.0 0.0 0.0 1.0
fire/seq-02/color/frame-000042.color.png fire/seq-02/color/frame-000045.color.png 0.999939 0.00387547 0.0103444 0.00284674 -0.00375172 0.999921 -0.0119555 0.017653 -0.0103899 0.011916 0.999875 0.00304709 0.0 0.0 0.0 1.0
fire/seq-02/color/frame-000045.color.png fire/seq-02/color/frame-000048.color.png 0.999962 0.00222656 0.00843534 -0.000690147 -0.0022644 0.999987 0.00448107 0.0218667 -0.00842527 -0.00450001 0.999954 0.00425728 0.0 0.0 0.0 1.0
fire/seq-02/color/frame-000048.color.png fire/seq-02/color/frame-000051.color.png 0.999952 -0.00534114 -0.00815392 0.0153786 0.00540539 0.999954 0.00787833 0.0135565 0.00811149 -0.00792205 0.999936 0.00987555 0.0 0.0 0.0 1.0
fire/seq-02/color/frame-000051.color.png fire/seq-02/color/frame-000054.color.png 0.999959 0.0086433 -0.00280941 0.011038 -0.00861999 0.999929 0.00821296 0.00550602 0.0028802 -0.00818841 0.999962 0.00604448 0.0 0.0 0.0 1.0
fire/seq-02/color/frame-000054.color.png fire/seq-02/color/frame-000057.color.png 0.999941 0.010848 -0.000308088 0.0101513 -0.0108485 0.99994 -0.00181678 0.00986542 0.000288333 0.00182001 0.999998 -0.00350861 0.0 0.0 0.0 1.0
fire/seq-02/color/frame-000057.color.png fire/seq-02/color/frame-000060.color.png 0.999957 0.00927745 -0.000588159 0.016029 -0.00927749 0.999957 -7.2867e-05 0.00993842 0.000587454 7.83324e-05 1.0 0.00560817 0.0 0.0 0.0 1.0
fire/seq-02/color/frame-000060.color.png fire/seq-02/color/frame-000063.color.png 0.999938 0.0110441 0.00119678 0.0221409 -0.0110442 0.999939 3.89993e-05 0.00845098 -0.00119627 -5.22196e-05 0.999999 0.00166252 0.0 0.0 0.0 1.0
fire/seq-02/color/frame-000063.color.png fire/seq-02/color/frame-000066.color.png 0.999966 0.00693481 0.00448108 0.0181978 -0.00691332 0.999965 -0.00479404 0.00438955 -0.00451416 0.0047629 0.999978 -0.00486441 0.0 0.0 0.0 1.0
fire/seq-02/color/frame-000066.color.png fire/seq-02/color/frame-000069.color.png 0.999895 0.00259805 -0.0142712 0.022935 -0.00254426 0.99999 0.00378565 0.00246719 0.0142808 -0.00374894 0.999891 -0.00335853 0.0 0.0 0.0 1.0
fire/seq-02/color/frame-000069.color.png fire/seq-02/color/frame-000072.color.png 0.999731 -0.00294938 -0.0229979 0.0274522 0.0029286 0.999995 -0.000937223 -0.00102475 0.0230006 0.000869625 0.999735 -0.00149666 0.0 0.0 0.0 1.0
fire/seq-02/color/frame-000072.color.png fire/seq-02/color/frame-000075.color.png 0.999418 0.0288804 -0.0181668 0.0259486 -0.0288001 0.999574 0.00466679 0.00922835 0.0182938 -0.00414088 0.999824 -0.00318329 0.0 0.0 0.0 1.0
fire/seq-02/color/frame-000075.color.png fire/seq-02/color/frame-000078.color.png 0.999248 0.0257223 0.0290064 0.00780237 -0.0260043 0.999618 0.00938427 -0.00564983 -0.0287539 -0.0101315 0.999535 0.00103861 0.0 0.0 0.0 1.0
fire/seq-02/color/frame-000078.color.png fire/seq-02/color/frame-000081.color.png 0.999927 0.00376256 -0.0114781 0.0273011 -0.00374137 0.999991 0.00186736 -0.00220329 0.011485 -0.00182427 0.999932 -0.000160694 0.0 0.0 0.0 1.0
fire/seq-02/color/frame-000081.color.png fire/seq-02/color/frame-000084.color.png 0.999959 -0.000935301 -0.00899476 0.0286593 0.000894236 0.999989 -0.00456867 -0.00193799 0.00899894 0.00456044 0.999949 -0.00839987 0.0 0.0 0.0 1.0
fire/seq-02/color/frame-000084.color.png fire/seq-02/color/frame-000087.color.png 0.999951 0.00757138 -0.00645407 0.0283041 -0.00754636 0.999964 0.00389176 -0.00322425 0.0064833 -0.00384287 0.999972 -0.00249985 0.0 0.0 0.0 1.0
fire/seq-02/color/frame-000087.color.png fire/seq-02/color/frame-000090.color.png 0.999901 0.0140799 -0.000346952 0.0102991 -0.0140773 0.999879 0.00657095 -0.00514475 0.000439428 -0.00656542 0.999978 -0.000681579 0.0 0.0 0.0 1.0
fire/seq-02/color/frame-000090.color.png fire/seq-02/color/frame-000093.color.png 0.999969 0.00535747 -0.00572965 0.024333 -0.00533658 0.999979 0.00365248 -0.00729322 0.0057491 -0.00362178 0.999977 -0.00607152 0.0 0.0 0.0 1.0
fire/seq-02/color/frame-000093.color.png fire/seq-02/color/frame-000096.color.png 0.9998 0.0103222 -0.0171444 0.0267413 -0.0103597 0.999944 -0.00209926 -0.0086735 0.0171218 0.00227645 0.999851 -0.00763377 0.0 0.0 0.0 1.0
fire/seq-02/color/frame-000096.color.png fire/seq-02/color/frame-000099.color.png 0.999936 0.0111832 -0.00157926 0.0170847 -0.0111799 0.999935 0.00207054 0.00153802 0.00160232 -0.00205275 0.999997 -0.00027325 0.0 0.0 0.0 1.0
fire/seq-02/color/frame-000099.color.png fire/seq-02/color/frame-000102.color.png 0.999808 0.0189846 -0.00488069 0.0245021 -0.0189605 0.999808 0.00492691 0.0010948 0.00497329 -0.00483342 0.999976 0.00179873 0.0 0.0 0.0 1.0
fire/seq-02/color/frame-000102.color.png fire/seq-02/color/frame-000105.color.png 0.999956 0.00911745 0.00233935 0.0108487 -0.00913332 0.999935 0.00686051 -0.00139338 -0.00227665 -0.00688157 0.999974 0.00331611 0.0 0.0 0.0 1.0
fire/seq-02/color/frame-000105.color.png fire/seq-02/color/frame-000108.color.png 0.999947 0.00566455 -0.00856646 0.0157453 -0.00558657 0.999943 0.00909982 -0.00496884 0.00861752 -0.00905148 0.999922 0.00267223 0.0 0.0 0.0 1.0
fire/seq-02/color/frame-000108.color.png fire/seq-02/color/frame-000111.color.png 0.999926 0.0072937 -0.00969084 0.013989 -0.00730204 0.999973 -0.000823844 -0.00672647 0.00968457 0.000894543 0.999953 0.00155777 0.0 0.0 0.0 1.0
fire/seq-02/color/frame-000111.color.png fire/seq-02/color/frame-000114.color.png 0.999878 0.0139031 -0.0071603 0.00627336 -0.0138964 0.999903 0.000975382 0.00174181 0.00717316 -0.000875761 0.999974 -0.00123686 0.0 0.0 0.0 1.0
fire/seq-02/color/frame-000114.color.png fire/seq-02/color/frame-000117.color.png 0.999775 0.021032 -0.00255847 0.00488773 -0.0210133 0.999754 0.00714284 -0.000380293 0.00270807 -0.00708748 0.999971 0.00419626 0.0 0.0 0.0 1.0
fire/seq-02/color/frame-000117.color.png fire/seq-02/color/frame-000120.color.png 0.99983 0.0183964 -0.000961145 0.00614309 -0.0183871 0.999791 0.00896083 -0.00452812 0.00112579 -0.00894163 0.999959 0.00369145 0.0 0.0 0.0 1.0
fire/seq-02/color/frame-000120.color.png fire/seq-02/color/frame-000123.color.png 0.999905 0.00777928 0.0113464 0.00371334 -0.00784224 0.999954 0.0055135 -0.00986122 -0.011303 -0.00560196 0.99992 0.00366943 0.0 0.0 0.0 1.0
fire/seq-02/color/frame-000123.color.png fire/seq-02/color/frame-000126.color.png 0.999873 0.0030035 0.0156408 -0.00587106 -0.0030682 0.999987 0.00411564 -0.00347154 -0.0156282 -0.00416311 0.999869 0.00788422 0.0 0.0 0.0 1.0
fire/seq-02/color/frame-000126.color.png fire/seq-02/color/frame-000129.color.png 0.999871 0.00750888 0.0141882 -0.0124511 -0.00763679 0.99993 0.0089829 -0.00996149 -0.0141198 -0.00909009 0.999859 0.00395192 0.0 0.0 0.0 1.0
fire/seq-02/color/frame-000129.color.png fire/seq-02/color/frame-000132.color.png 0.99987 0.000872417 0.0161061 -0.0105552 -0.000918583 0.999995 0.00285819 -0.00944816 -0.0161035 -0.0028726 0.999866 0.0012935 0.0 0.0 0.0 1.0
fire/seq-02/color/frame-000132.color.png fire/seq-02/color/frame-000135.color.png 0.999523 -0.00604681 0.0303021 -0.022232 0.00600578 0.999981 0.00144498 -0.00892143 -0.0303102 -0.0012623 0.99954 0.00799214 0.0 0.0 0.0 1.0
fire/seq-02/color/frame-000135.color.png fire/seq-02/color/frame-000138.color.png 0.999853 -0.00897028 0.014638 -0.0141893 0.00895695 0.999959 0.000974667 -0.00973295 -0.0146461 -0.000843415 0.999892 0.00183811 0.0 0.0 0.0 1.0
fire/seq-02/color/frame-000138.color.png fire/seq-02/color/frame-000141.color.png 0.999865 -0.0102085 0.0128834 -0.0159785 0.0102309 0.999946 -0.00167483 -0.0100022 -0.0128656 0.00180641 0.999916 0.00135233 0.0 0.0 0.0 1.0
fire/seq-02/color/frame-000141.color.png fire/seq-02/color/frame-000144.color.png 0.99968 -0.00711088 0.0242587 -0.0326159 0.00705618 0.999972 0.00233861 -0.0131202 -0.0242746 -0.00216668 0.999703 0.00781339 0.0 0.0 0.0 1.0
fire/seq-02/color/frame-000144.color.png fire/seq-02/color/frame-000147.color.png 0.999653 -0.011343 0.0237953 -0.0309586 0.0114673 0.999921 -0.00509634 -0.0106801 -0.0237356 0.00536743 0.999704 0.00268234 0.0 0.0 0.0 1.0
fire/seq-02/color/frame-000147.color.png fire/seq-02/color/frame-000150.color.png 0.999841 -0.0114708 0.0136406 -0.0152018 0.0115122 0.999929 -0.00295672 -0.00307852 -0.0136058 0.00311328 0.999903 0.00140432 0.0 0.0 0.0 1.0
fire/seq-02/color/frame-000150.color.png fire/seq-02/color/frame-000153.color.png 0.999845 -0.00590634 0.0166026 -0.0204 0.00587331 0.999981 0.00203749 -0.00660999 -0.0166143 -0.00193967 0.99986 0.0014487 0.0 0.0 0.0 1.0
fire/seq-02/color/frame-000153.color.png fire/seq-02/color/frame-000156.color.png 0.999352 -0.0228927 0.0277822 -0.0283829 0.0231794 0.999681 -0.0100443 -0.00582778 -0.0275434 0.0106817 0.999564 0.000735722 0.0 0.0 0.0 1.0
fire/seq-02/color/frame-000156.color.png fire/seq-02/color/frame-000159.color.png 0.999592 -0.0166211 0.0232087 -0.0222673 0.0166997 0.999855 -0.0031958 -0.00510262 -0.0231522 0.00358207 0.999726 0.00156261 0.0 0.0 0.0 1.0
fire/seq-02/color/frame-000159.color.png fire/seq-02/color/frame-000162.color.png 0.999547 -0.0221865 0.0203572 -0.0282267 0.0223949 0.999699 -0.0100705 -0.00385179 -0.0201277 0.0105218 0.999742 -0.00469535 0.0 0.0 0.0 1.0
fire/seq-02/color/frame-000162.color.png fire/seq-02/color/frame-000165.color.png 0.99901 -0.0370475 0.0246152 -0.0318742 0.0374981 0.999133 -0.0181025 0.00303023 -0.0239231 0.0190076 0.999533 -0.00065916 0.0 0.0 0.0 1.0
fire/seq-02/color/frame-000165.color.png fire/seq-02/color/frame-000168.color.png 0.999472 -0.020677 0.0250485 -0.0302203 0.0210623 0.999662 -0.0152162 -0.004278 -0.0247253 0.0157357 0.99957 -0.000822209 0.0 0.0 0.0 1.0
fire/seq-02/color/frame-000168.color.png fire/seq-02/color/frame-000171.color.png 0.99957 -0.0155348 0.0248868 -0.035683 0.0163375 0.999342 -0.0323838 0.0123923 -0.0243674 0.0327764 0.999166 -0.0108349 0.0 0.0 0.0 1.0
fire/seq-02/color/frame-000171.color.png fire/seq-02/color/frame-000174.color.png 0.999533 -0.0184668 0.0243333 -0.0357684 0.0188333 0.999711 -0.0149206 0.0149047 -0.0240507 0.0153719 0.999593 -0.00792834 0.0 0.0 0.0 1.0
fire/seq-02/color/frame-000174.color.png fire/seq-02/color/frame-000177.color.png 0.999614 -0.0166695 0.0222362 -0.0397978 0.0167605 0.999852 -0.0039125 0.0106367 -0.0221677 0.00428368 0.999745 -0.000796817 0.0 0.0 0.0 1.0
fire/seq-02/color/frame-000177.color.png fire/seq-02/color/frame-000180.color.png 0.999608 -0.015902 0.0230574 -0.0293079 0.0161558 0.99981 -0.0108622 0.0114804 -0.0228801 0.0112304 0.999675 -0.001759 0.0 0.0 0.0 1.0
fire/seq-02/color/frame-000180.color.png fire/seq-02/color/frame-000183.color.png 0.999362 -0.0259631 0.0245147 -0.0283632 0.0264799 0.999429 -0.0209981 0.0125659 -0.0239557 0.0216339 0.999479 -0.00457036 0.0 0.0 0.0 1.0
fire/seq-02/color/frame-000183.color.png fire/seq-02/color/frame-000186.color.png 0.999599 -0.0118811 0.0256883 -0.0297875 0.0121532 0.999872 -0.0104613 0.0116489 -0.0255607 0.0107694 0.999615 -0.00309044 0.0 0.0 0.0 1.0
fire/seq-02/color/frame-000186.color.png fire/seq-02/color/frame-000189.color.png 0.999444 -0.0165054 0.02897 -0.0230776 0.0168453 0.999792 -0.0115292 0.00583299 -0.0287736 0.0120108 0.999514 -0.00282376 0.0 0.0 0.0 1.0
fire/seq-02/color/frame-000189.color.png fire/seq-02/color/frame-000192.color.png 0.999641 -0.0144989 0.0225366 -0.027873 0.0147888 0.999809 -0.0127549 0.00768796 -0.0223475 0.0130837 0.999665 -0.00536513 0.0 0.0 0.0 1.0
fire/seq-02/color/frame-000192.color.png fire/seq-02/color/frame-000195.color.png 0.999343 -0.0191348 0.0307857 -0.0270742 0.0194957 0.999744 -0.0114676 0.00724033 -0.0305584 0.0120602 0.99946 0.00775404 0.0 0.0 0.0 1.0
fire/seq-02/color/frame-000195.color.png fire/seq-02/color/frame-000198.color.png 0.999775 -0.0166726 0.0131353 -0.0206265 0.0169284 0.999664 -0.0196037 0.0155548 -0.012804 0.0198217 0.999722 -0.000916973 0.0 0.0 0.0 1.0
fire/seq-02/color/frame-000198.color.png fire/seq-02/color/frame-000201.color.png 0.999438 -0.0172532 0.0287278 -0.0269033 0.0174823 0.999817 -0.00774399 0.0080279 -0.0285889 0.00824185 0.999557 0.00532269 0.0 0.0 0.0 1.0
fire/seq-02/color/frame-000201.color.png fire/seq-02/color/frame-000204.color.png 0.999784 -0.0125403 0.0165827 -0.0319301 0.0125543 0.999921 -0.000739666 0.00709821 -0.0165721 0.000947739 0.999862 0.0119731 0.0 0.0 0.0 1.0
fire/seq-02/color/frame-000204.color.png fire/seq-02/color/frame-000207.color.png 0.999584 -0.0123286 0.0260693 -0.0343894 0.0123655 0.999923 -0.00125815 0.00558822 -0.0260518 0.00157997 0.999659 0.0124201 0.0 0.0 0.0 1.0
fire/seq-02/color/frame-000207.color.png fire/seq-02/color/frame-000210.color.png 0.999674 -0.0173015 0.0187934 -0.035785 0.0176526 0.99967 -0.0186801 0.0235018 -0.018464 0.0190057 0.999649 0.0181306 0.0 0.0 0.0 1.0
fire/seq-02/color/frame-000210.color.png fire/seq-02/color/frame-000213.color.png 0.999293 -0.0192104 0.0323186 -0.0339021 0.019169 0.999815 0.00159123 0.0155625 -0.0323432 -0.000970562 0.999476 0.0125034 0.0 0.0 0.0 1.0
fire/seq-02/color/frame-000213.color.png fire/seq-02/color/frame-000216.color.png 0.999717 -0.0101771 0.02152 -0.0215342 0.0102537 0.999941 -0.00344793 0.00704448 -0.0214837 0.00366763 0.999762 0.00520904 0.0 0.0 0.0 1.0
fire/seq-02/color/frame-000216.color.png fire/seq-02/color/frame-000219.color.png 0.999206 -0.0210925 0.0337999 -0.0413157 0.0209267 0.999767 0.00525049 0.00431433 -0.0339026 -0.00453902 0.999415 0.0148724 0.0 0.0 0.0 1.0
fire/seq-02/color/frame-000219.color.png fire/seq-02/color/frame-000222.color.png 0.999609 -0.0153262 0.0233749 -0.0246703 0.0155722 0.999825 -0.0103822 0.00835377 -0.0232118 0.0107422 0.999673 0.00255293 0.0 0.0 0.0 1.0
fire/seq-02/color/frame-000222.color.png fire/seq-02/color/frame-000225.color.png 0.999401 -0.0208914 0.0275986 -0.0340017 0.0209892 0.999774 -0.00325796 0.00918008 -0.0275242 0.00383532 0.999614 0.0167018 0.0 0.0 0.0 1.0
fire/seq-02/color/frame-000225.color.png fire/seq-02/color/frame-000228.color.png 0.999742 -0.0173714 0.014604 -0.0162324 0.0176361 0.999679 -0.0181954 0.0165039 -0.0142833 0.0184482 0.999728 0.0068799 0.0 0.0 0.0 1.0
fire/seq-02/color/frame-000228.color.png fire/seq-02/color/frame-000231.color.png 0.999077 -0.0241438 0.0355183 -0.0271622 0.0248292 0.999511 -0.0189864 0.0240438 -0.0350425 0.0198508 0.999189 0.000683725 0.0 0.0 0.0 1.0
fire/seq-02/color/frame-000231.color.png fire/seq-02/color/frame-000234.color.png 0.999537 -0.02104 0.021959 -0.0184703 0.021114 0.999772 -0.00314469 0.0142556 -0.0218879 0.0036069 0.999754 0.0129021 0.0 0.0 0.0 1.0
fire/seq-02/color/frame-000234.color.png fire/seq-02/color/frame-000237.color.png 0.999723 -0.0120164 0.0202397 -0.0139774 0.0121206 0.999914 -0.00503598 0.00351903 -0.0201775 0.00527992 0.999783 0.00509924 0.0 0.0 0.0 1.0
fire/seq-02/color/frame-000237.color.png fire/seq-02/color/frame-000240.color.png 0.999854 -0.00742612 0.0153953 -0.013111 0.00771989 0.999788 -0.0191032 0.0122677 -0.0152502 0.0192191 0.999699 0.0104571 0.0 0.0 0.0 1.0
fire/seq-02/color/frame-000240.color.png fire/seq-02/color/frame-000243.color.png 0.999837 -0.00778873 0.0162707 -0.0144157 0.00810387 0.999779 -0.0193976 0.00797014 -0.0161162 0.0195263 0.999679 0.00463191 0.0 0.0 0.0 1.0
fire/seq-02/color/frame-000243.color.png fire/seq-02/color/frame-000246.color.png 0.999965 -0.00622866 0.00566872 -0.0123668 0.00633087 0.999815 -0.0181904 0.0117164 -0.00555436 0.0182257 0.999818 0.0124626 0.0 0.0 0.0 1.0
fire/seq-02/color/frame-000246.color.png fire/seq-02/color/frame-000249.color.png 0.999957 -0.00162546 0.00909716 -0.0102417 0.00164094 0.999997 -0.00168989 0.00366721 -0.00909434 0.00170473 0.999957 0.00703391 0.0 0.0 0.0 1.0
fire/seq-02/color/frame-000249.color.png fire/seq-02/color/frame-000252.color.png 0.999919 -0.0112826 0.00589513 -0.00772667 0.0113716 0.999818 -0.0152917 0.0144404 -0.00572154 0.0153576 0.999866 0.0118711 0.0 0.0 0.0 1.0
fire/seq-02/color/frame-000252.color.png fire/seq-02/color/frame-000255.color.png 0.999963 7.5861e-05 -0.00856529 -0.000961721 -0.000108243 0.999993 -0.00377983 0.000693649 0.00856497 0.0037806 0.999956 0.0169809 0.0 0.0 0.0 1.0
fire/seq-02/color/frame-000255.color.png fire/seq-02/color/frame-000258.color.png 0.999614 0.0152563 -0.0231968 0.00289559 -0.0149907 0.999821 0.0115833 -0.0137175 0.0233694 -0.0112311 0.999664 0.0367762 0.0 0.0 0.0 1.0
fire/seq-02/color/frame-000258.color.png fire/seq-02/color/frame-000261.color.png 0.999963 0.0085244 0.00122058 -0.0155868 -0.00852201 0.999962 -0.00201768 0.00442816 -0.00123775 0.00200714 0.999997 0.0299131 0.0 0.0 0.0 1.0
fire/seq-02/color/frame-000261.color.png fire/seq-02/color/frame-000264.color.png 0.999845 0.010694 -0.0139869 0.00327271 -0.01055 0.999891 0.0103239 -0.0119308 0.0140957 -0.0101747 0.999849 0.0279791 0.0 0.0 0.0 1.0
fire/seq-02/color/frame-000264.color.png fire/seq-02/color/frame-000267.color.png 0.999822 0.0123688 -0.0142318 0.000494897 -0.0122777 0.999904 0.00647656 -0.00962892 0.0143107 -0.00630062 0.999878 0.0253968 0.0 0.0 0.0 1.0
fire/seq-02/color/frame-000267.color.png fire/seq-02/color/frame-000270.color.png 0.999576 0.0202927 -0.0208597 -0.00225639 -0.0199576 0.99967 0.0161497 -0.0240825 0.0211805 -0.0157266 0.999652 0.033432 0.0 0.0 0.0 1.0
fire/seq-02/color/frame-000270.color.png fire/seq-02/color/frame-000273.color.png 0.999617 0.0193502 -0.0197913 0.00280708 -0.0191009 0.999737 0.012709 -0.0198916 0.020032 -0.0123261 0.999723 0.0255202 0.0 0.0 0.0 1.0
fire/seq-02/color/frame-000273.color.png fire/seq-02/color/frame-000276.color.png 0.999814 0.0107939 -0.0159824 0.00490332 -0.0107233 0.999932 0.00449273 -0.00940111 0.0160298 -0.00432048 0.999862 0.0176972 0.0 0.0 0.0 1.0
fire/seq-02/color/frame-000276.color.png fire/seq-02/color/frame-000279.color.png 0.999771 0.0146538 -0.0155797 -0.000313818 -0.0144635 0.99982 0.0122512 -0.0186492 0.0157564 -0.0120231 0.999804 0.0194019 0.0 0.0 0.0 1.0
fire/seq-02/color/frame-000279.color.png fire/seq-02/color/frame-000282.color.png 0.999532 0.0181242 -0.024653 0.00678647 -0.0178048 0.999755 0.0131179 -0.0224047 0.0248848 -0.0126728 0.99961 0.0261796 0.0 0.0 0.0 1.0
fire/seq-02/color/frame-000282.color.png fire/seq-02/color/frame-000285.color.png 0.999232 0.0257535 -0.0295269 0.00467658 -0.0253694 0.99959 0.0133114 -0.0234564 0.0298576 -0.0125521 0.999475 0.0299421 0.0 0.0 0.0 1.0
fire/seq-02/color/frame-000285.color.png fire/seq-02/color/frame-000288.color.png 0.999684 0.0186702 -0.016812 -0.00823903 -0.0185481 0.999801 0.00738975 -0.0166395 0.0169466 -0.00707562 0.999831 0.0307834 0.0 0.0 0.0 1.0
fire/seq-02/color/frame-000288.color.png fire/seq-02/color/frame-000291.color.png 0.999221 0.0237526 -0.0315023 0.0116857 -0.0234042 0.999661 0.011384 -0.0246033 0.031762 -0.0106378 0.999439 0.0254268 0.0 0.0 0.0 1.0
fire/seq-02/color/frame-000291.color.png fire/seq-02/color/frame-000294.color.png 0.998929 0.0277546 -0.0370144 0.0177927 -0.0274575 0.999587 0.00851069 -0.0226349 0.0372353 -0.00748525 0.999279 0.0283868 0.0 0.0 0.0 1.0
fire/seq-02/color/frame-000294.color.png fire/seq-02/color/frame-000297.color.png 0.998991 0.0293188 -0.0340077 0.0120513 -0.0291214 0.999556 0.00628663 -0.0251978 0.034177 -0.00528989 0.999402 0.0280774 0.0 0.0 0.0 1.0
fire/seq-02/color/frame-000297.color.png fire/seq-02/color/frame-000300.color.png 0.998656 0.0308706 -0.0416266 0.0120928 -0.0306048 0.999507 0.00700803 -0.0290281 0.0418225 -0.00572462 0.999109 0.0173029 0.0 0.0 0.0 1.0
fire/seq-02/color/frame-000300.color.png fire/seq-02/color/frame-000303.color.png 0.99904 0.0269449 -0.0345507 0.0160385 -0.0267273 0.99962 0.00674367 -0.0210584 0.0347193 -0.00581376 0.99938 0.0200951 0.0 0.0 0.0 1.0
fire/seq-02/color/frame-000303.color.png fire/seq-02/color/frame-000306.color.png 0.999172 0.0193326 -0.0357897 0.0238494 -0.0192434 0.999811 0.00283521 -0.0102375 0.0358379 -0.00214416 0.999355 0.0130816 0.0 0.0 0.0 1.0
fire/seq-02/color/frame-000306.color.png fire/seq-02/color/frame-000309.color.png 0.999537 0.0127499 -0.027643 0.0138052 -0.0126431 0.999912 0.00403734 -0.00678131 0.027692 -0.00368599 0.99961 0.00678778 0.0 0.0 0.0 1.0
fire/seq-02/color/frame-000309.color.png fire/seq-02/color/frame-000312.color.png 0.998918 0.0137924 -0.0444178 0.0320778 -0.0138802 0.999902 -0.00166838 0.00083071 0.0443904 0.00228314 0.999012 0.00662428 0.0 0.0 0.0 1.0
fire/seq-02/color/frame-000312.color.png fire/seq-02/color/frame-000315.color.png 0.999011 0.025291 -0.0365705 0.0223767 -0.0252624 0.99968 0.00124621 0.000780672 0.0365903 -0.000321165 0.99933 0.00777435 0.0 0.0 0.0 1.0
fire/seq-02/color/frame-000315.color.png fire/seq-02/color/frame-000318.color.png 0.998895 0.0108126 -0.0457347 0.0411323 -0.010789 0.999941 0.000763015 0.00874102 0.0457403 -0.000268705 0.998953 0.000556231 0.0 0.0 0.0 1.0
fire/seq-02/color/frame-000318.color.png fire/seq-02/color/frame-000321.color.png 0.999136 0.0185774 -0.037166 0.0213116 -0.0183772 0.999815 0.00572078 -0.00771341 0.0372652 -0.00503283 0.999293 0.000170946 0.0 0.0 0.0 1.0
fire/seq-02/color/frame-000321.color.png fire/seq-02/color/frame-000324.color.png 0.999245 0.0191694 -0.0337862 0.0166335 -0.0190904 0.999814 0.00265746 -0.00299248 0.0338309 -0.00201049 0.999426 -0.00629517 0.0 0.0 0.0 1.0
fire/seq-02/color/frame-000324.color.png fire/seq-02/color/frame-000327.color.png 0.998906 0.0306673 -0.0353084 0.0200256 -0.0300727 0.999399 0.0172479 -0.0183521 0.0358161 -0.0161672 0.999228 -0.0038282 0.0 0.0 0.0 1.0
fire/seq-02/color/frame-000327.color.png fire/seq-02/color/frame-000330.color.png 0.9996 0.0111642 -0.0260004 0.0214534 -0.0110372 0.999927 0.00502157 0.00457555 0.0260545 -0.00473259 0.999649 -0.00597662 0.0 0.0 0.0 1.0
fire/seq-02/color/frame-000330.color.png fire/seq-02/color/frame-000333.color.png 0.999747 0.0121037 -0.0189539 0.0105618 -0.0119051 0.999873 0.0105562 -0.0102013 0.0190793 -0.0103278 0.999765 -0.00443622 0.0 0.0 0.0 1.0
fire/seq-02/color/frame-000333.color.png fire/seq-02/color/frame-000336.color.png 0.999995 0.00312991 0.000978885 -0.0107582 -0.0031247 0.999981 -0.00528989 0.00647181 -0.000995396 0.00528677 0.999986 2.21729e-05 0.0 0.0 0.0 1.0
fire/seq-02/color/frame-000336.color.png fire/seq-02/color/frame-000339.color.png 0.999871 0.00958325 -0.0128609 0.00614995 -0.00972087 0.999896 -0.0106817 0.000213087 0.0127572 0.0108053 0.99986 -0.0133431 0.0 0.0 0.0 1.0
fire/seq-02/color/frame-000339.color.png fire/seq-02/color/frame-000342.color.png 0.999664 0.0193165 -0.0172634 0.00461453 -0.0194835 0.999765 -0.00955839 -0.00457445 0.0170747 0.00989152 0.999805 -0.0119348 0.0 0.0 0.0 1.0
fire/seq-02/color/frame-000342.color.png fire/seq-02/color/frame-000345.color.png 0.999871 0.0128965 -0.0095516 -0.00223976 -0.0129761 0.999881 -0.00831835 -0.00239751 0.00944319 0.00844123 0.99992 -0.00703955 0.0 0.0 0.0 1.0
fire/seq-02/color/frame-000345.color.png fire/seq-02/color/frame-000348.color.png 0.999839 0.0157623 -0.0085669 -0.0121773 -0.0159257 0.999686 -0.019361 0.0122208 0.00825904 0.0194943 0.999776 -0.0172636 0.0 0.0 0.0 1.0
fire/seq-02/color/frame-000348.color.png fire/seq-02/color/frame-000351.color.png 0.999662 0.0219276 -0.0139672 -0.00663173 -0.0219822 0.999751 -0.00377178 -0.00153553 0.013881 0.00407755 0.999895 -0.012958 0.0 0.0 0.0 1.0
fire/seq-02/color/frame-000351.color.png fire/seq-02/color/frame-000354.color.png 0.999853 0.00929372 -0.0143921 0.00544935 -0.00938274 0.999937 -0.00613033 0.014269 0.0143342 0.00626442 0.999878 -0.00700113 0.0 0.0 0.0 1.0
fire/seq-02/color/frame-000354.color.png fire/seq-02/color/frame-000357.color.png 0.999706 0.0127897 -0.0205845 0.00342226 -0.0125869 0.999871 0.00994868 -0.00594717 0.0207091 -0.00968672 0.999739 -0.00800496 0.0 0.0 0.0 1.0
fire/seq-02/color/frame-000357.color.png fire/seq-02/color/frame-000360.color.png 0.999598 0.0218658 -0.0180221 -0.00420767 -0.0217886 0.999753 0.00447131 -0.00562808 0.0181154 -0.00407682 0.999828 -0.00788605 0.0 0.0 0.0 1.0
fire/seq-02/color/frame-000360.color.png fire/seq-02/color/frame-000363.color.png 0.999699 0.0212432 -0.0122858 -0.00166899 -0.0211683 0.999757 0.00619441 -0.0105791 0.0124144 -0.00593247 0.999905 -0.00583316 0.0 0.0 0.0 1.0
fire/seq-02/color/frame-000363.color.png fire/seq-02/color/frame-000366.color.png 0.999819 0.0171572 -0.00818435 -0.00531691 -0.0171164 0.999841 0.00503015 0.000847578 0.00826936 -0.00488917 0.999954 -0.0119135 0.0 0.0 0.0 1.0
fire/seq-02/color/frame-000366.color.png fire/seq-02/color/frame-000369.color.png 0.999881 0.0110373 -0.0108082 0.0119938 -0.0108597 0.999807 0.0163517 -0.0116877 0.0109866 -0.0162324 0.999808 -0.00904866 0.0 0.0 0.0 1.0
fire/seq-02/color/frame-000369.color.png fire/seq-02/color/frame-000372.color.png 0.999976 0.00188632 -0.00667202 0.00697923 -0.00185698 0.999989 0.00440288 0.00256068 0.00668025 -0.00439037 0.999968 -0.00601161 0.0 0.0 0.0 1.0
fire/seq-02/color/frame-000372.color.png fire/seq-02/color/frame-000375.color.png 0.999815 -0.00817596 -0.0173864 0.0109458 0.00829513 0.999942 0.00679169 0.00893152 0.0173298 -0.00693469 0.999826 0.00681147 0.0 0.0 0.0 1.0
fire/seq-02/color/frame-000375.color.png fire/seq-02/color/frame-000378.color.png 0.999771 -0.000272525 -0.0213918 0.0199574 0.000709914 0.999791 0.0204433 -0.020781 0.0213818 -0.0204537 0.999562 0.00493625 0.0 0.0 0.0 1.0
fire/seq-02/color/frame-000378.color.png fire/seq-02/color/frame-000381.color.png 0.999828 -0.00968919 -0.0157887 0.0316826 0.010056 0.999678 0.0233166 -0.0274641 0.0155577 -0.0234714 0.999603 -4.15444e-05 0.0 0.0 0.0 1.0
fire/seq-02/color/frame-000381.color.png fire/seq-02/color/frame-000384.color.png 0.999698 0.0050288 -0.0240411 0.0623737 -0.00470736 0.999899 0.0134076 -0.0174201 0.024106 -0.0132904 0.999621 0.00118351 0.0 0.0 0.0 1.0
fire/seq-02/color/frame-000384.color.png fire/seq-02/color/frame-000387.color.png 0.999815 0.00836049 -0.0173292 0.0533027 -0.00783863 0.99952 0.0299674 -0.0510142 0.0175715 -0.0298261 0.999401 -0.00121442 0.0 0.0 0.0 1.0
fire/seq-02/color/frame-000387.color.png fire/seq-02/color/frame-000390.color.png 0.999946 -0.00345737 -0.00976236 0.0253908 0.00370484 0.999669 0.0254474 -0.0297655 0.00967114 -0.0254822 0.999628 -0.0064078 0.0 0.0 0.0 1.0
fire/seq-02/color/frame-000390.color.png fire/seq-02/color/frame-000393.color.png 0.999672 0.010282 -0.023473 0.0360977 -0.00937783 0.999222 0.0383114 -0.0468934 0.0238487 -0.0380787 0.99899 0.00457484 0.0 0.0 0.0 1.0
fire/seq-02/color/frame-000393.color.png fire/seq-02/color/frame-000396.color.png 0.999896 0.00359476 -0.0139728 0.0246062 -0.00336686 0.999862 0.0162994 -0.0180899 0.0140295 -0.0162506 0.999769 0.00269647 0.0 0.0 0.0 1.0
fire/seq-02/color/frame-000396.color.png fire/seq-02/color/frame-000399.color.png 0.999663 0.019213 -0.0174328 0.0308764 -0.018463 0.998938 0.0422078 -0.0496829 0.0182252 -0.0418717 0.998957 0.00363076 0.0 0.0 0.0 1.0
fire/seq-02/color/frame-000399.color.png fire/seq-02/color/frame-000402.color.png 0.999715 0.00461446 -0.0234198 0.0392914 -0.00370422 0.999242 0.0387635 -0.0491956 0.023581 -0.0386657 0.998974 0.000292603 0.0 0.0 0.0 1.0
fire/seq-02/color/frame-000402.color.png fire/seq-02/color/frame-000405.color.png 0.99988 0.0117094 -0.0101259 0.030383 -0.0113632 0.999371 0.0335895 -0.0568716 0.0105128 -0.0334704 0.999384 -0.00324561 0.0 0.0 0.0 1.0
fire/seq-02/color/frame-000405.color.png fire/seq-02/color/frame-000408.color.png 0.999697 0.0220258 -0.0109565 0.0416882 -0.0220243 0.999757 0.000253697 -0.0183072 0.0109595 -1.23154e-05 0.99994 -0.00412606 0.0 0.0 0.0 1.0
fire/seq-02/color/frame-000408.color.png fire/seq-02/color/frame-000411.color.png 0.999774 0.0165188 0.0133647 0.0103945 -0.0167258 0.99974 0.0155307 -0.0389266 -0.0131046 -0.0157507 0.99979 -0.016179 0.0 0.0 0.0 1.0
fire/seq-02/color/frame-000411.color.png fire/seq-02/color/frame-000414.color.png 0.999922 -8.63172e-05 0.0124812 0.0122241 -0.000101363 0.999887 0.0150337 -0.0401317 -0.0124811 -0.0150338 0.999809 -0.0126541 0.0 0.0 0.0 1.0
fire/seq-02/color/frame-000414.color.png fire/seq-02/color/frame-000417.color.png 0.999826 0.0120271 0.0142573 0.00276439 -0.0122637 0.999787 0.0166253 -0.0257997 -0.0140543 -0.0167972 0.99976 -0.0152532 0.0 0.0 0.0 1.0
fire/seq-02/color/frame-000417.color.png fire/seq-02/color/frame-000420.color.png 0.999989 0.00144617 -0.00443479 0.0460869 -0.00145567 0.999997 -0.00213525 -0.00215026 0.00443172 0.00214168 0.999988 -0.00575857 0.0 0.0 0.0 1.0
fire/seq-02/color/frame-000420.color.png fire/seq-02/color/frame-000423.color.png 0.999891 1.2155e-05 0.0147904 0.0220464 -0.000270358 0.999848 0.0174552 -0.047809 -0.0147879 -0.0174572 0.999738 0.00174542 0.0 0.0 0.0 1.0
fire/seq-02/color/frame-000423.color.png fire/seq-02/color/frame-000426.color.png 0.998976 0.0235972 0.0385955 -0.00218552 -0.0240602 0.999644 0.0115775 -0.0321189 -0.0383085 -0.0124943 0.999188 -0.0264483 0.0 0.0 0.0 1.0
fire/seq-02/color/frame-000426.color.png fire/seq-02/color/frame-000429.color.png 0.99913 0.0226007 0.0350365 0.0132934 -0.0226667 0.999742 0.00148625 -0.029811 -0.0349939 -0.00227909 0.999385 -0.018961 0.0 0.0 0.0 1.0
fire/seq-02/color/frame-000429.color.png fire/seq-02/color/frame-000432.color.png 0.999831 0.00807409 0.0165407 0.0112795 -0.0082055 0.999935 0.00789251 -0.0245136 -0.0164759 -0.00802689 0.999832 -0.00639603 0.0 0.0 0.0 1.0
fire/seq-02/color/frame-000432.color.png fire/seq-02/color/frame-000435.color.png 0.998946 0.0216469 0.0404851 0.00921394 -0.0218653 0.999749 0.00495708 -0.0287331 -0.0403677 -0.00583703 0.999168 -0.0228285 0.0 0.0 0.0 1.0
fire/seq-02/color/frame-000435.color.png fire/seq-02/color/frame-000438.color.png 0.999479 0.00903805 0.0309693 -0.00249881 -0.00902019 0.999959 -0.000715794 -0.0121665 -0.0309745 0.000436073 0.99952 -0.0221048 0.0 0.0 0.0 1.0
fire/seq-02/color/frame-000438.color.png fire/seq-02/color/frame-000441.color.png 0.999672 0.00477582 0.0251467 0.0051909 -0.00541562 0.999662 0.0254384 -0.0372493 -0.0250168 -0.0255662 0.99936 -0.00107323 0.0 0.0 0.0 1.0
fire/seq-02/color/frame-000441.color.png fire/seq-02/color/frame-000444.color.png 0.999788 -0.00903334 0.0185271 0.0156642 0.0090473 0.999959 -0.000672162 -0.0117342 -0.0185202 0.000839632 0.999828 -0.018584 0.0 0.0 0.0 1.0
fire/seq-02/color/frame-000444.color.png fire/seq-02/color/frame-000447.color.png 0.999452 0.00939352 0.0317516 -0.000917859 -0.00952013 0.999947 0.00383961 -0.00969954 -0.0317139 -0.00413982 0.999488 -0.0158654 0.0 0.0 0.0 1.0
fire/seq-02/color/frame-000447.color.png fire/seq-02/color/frame-000450.color.png 0.99971 0.00426862 0.0237092 0.0138417 -0.0045903 0.999898 0.0135296 -0.0197917 -0.0236491 -0.0136344 0.999627 -0.0158392 0.0 0.0 0.0 1.0
fire/seq-02/color/frame-000450.color.png fire/seq-02/color/frame-000453.color.png 0.999672 -0.000101155 0.0256245 0.0184514 -0.00027056 0.999895 0.0145025 -0.0214184 -0.0256233 -0.0145047 0.999566 -0.00842854 0.0 0.0 0.0 1.0
fire/seq-02/color/frame-000453.color.png fire/seq-02/color/frame-000456.color.png 0.999683 0.00998134 0.0230991 0.0161548 -0.0102431 0.999884 0.0112432 -0.0220097 -0.0229842 -0.0114762 0.99967 -0.00890657 0.0 0.0 0.0 1.0
fire/seq-02/color/frame-000456.color.png fire/seq-02/color/frame-000459.color.png 0.999496 0.010479 0.0299722 0.0123312 -0.010537 0.999943 0.0017766 -0.0183934 -0.0299519 -0.00209154 0.999549 -0.00605479 0.0 0.0 0.0 1.0
fire/seq-02/color/frame-000459.color.png fire/seq-02/color/frame-000462.color.png 0.999812 0.00381664 0.0190028 0.0216058 -0.003778 0.999991 -0.00206935 -0.0198935 -0.0190106 0.00199716 0.999817 0.00470498 0.0 0.0 0.0 1.0
fire/seq-02/color/frame-000462.color.png fire/seq-02/color/frame-000465.color.png 0.999669 0.0128746 0.0222635 0.0144753 -0.0125214 0.999795 -0.0159343 -0.0177878 -0.0224641 0.0156502 0.999625 0.0141095 0.0 0.0 0.0 1.0
fire/seq-02/color/frame-000465.color.png fire/seq-02/color/frame-000468.color.png 0.999923 0.00639548 0.010593 0.0237468 -0.00644626 0.999968 0.00476443 -0.0510019 -0.0105622 -0.00483235 0.999932 0.00589579 0.0 0.0 0.0 1.0
fire/seq-02/color/frame-000468.color.png fire/seq-02/color/frame-000471.color.png 0.999966 -0.00709941 -0.00427529 0.0136337 0.00698617 0.999639 -0.02596 -0.00214645 0.00445805 0.0259293 0.999654 0.0248662 0.0 0.0 0.0 1.0
fire/seq-02/color/frame-000471.color.png fire/seq-02/color/frame-000474.color.png 0.999831 -0.0114018 -0.0144119 0.0206219 0.0114314 0.999933 0.00197689 -0.0121736 0.0143884 -0.0021413 0.999894 0.0284367 0.0 0.0 0.0 1.0
fire/seq-02/color/frame-000474.color.png fire/seq-02/color/frame-000477.color.png 0.999831 0.00601034 -0.017364 0.0279025 -0.00611847 0.999962 -0.00618366 -0.00377023 0.0173262 0.00628882 0.99983 0.024652 0.0 0.0 0.0 1.0
fire/seq-02/color/frame-000477.color.png fire/seq-02/color/frame-000480.color.png 0.999747 0.00748352 -0.021208 0.0246081 -0.00762854 0.999948 -0.00676134 -0.0106179 0.0211563 0.00692143 0.999752 0.0242301 0.0 0.0 0.0 1.0
fire/seq-02/color/frame-000480.color.png fire/seq-02/color/frame-000483.color.png 0.999828 0.00745911 -0.0169849 0.0230039 -0.00768504 0.999882 -0.013276 -0.0104832 0.0168839 0.0134042 0.999768 0.027851 0.0 0.0 0.0 1.0
fire/seq-02/color/frame-000483.color.png fire/seq-02/color/frame-000486.color.png 0.99983 0.0124603 -0.0135545 0.0197122 -0.0125724 0.999887 -0.00821441 -0.0200492 0.0134506 0.00838341 0.999874 0.0296276 0.0 0.0 0.0 1.0
fire/seq-02/color/frame-000486.color.png fire/seq-02/color/frame-000489.color.png 0.999874 -0.0021079 -0.0157302 0.0188206 0.00183319 0.999846 -0.017459 -0.0176152 0.0157646 0.017428 0.999724 0.0360331 0.0 0.0 0.0 1.0
fire/seq-02/color/frame-000489.color.png fire/seq-02/color/frame-000492.color.png 0.999895 0.00928339 -0.0110947 0.0156076 -0.00946753 0.999816 -0.0166587 0.00255972 0.010938 0.016762 0.9998 0.0272603 0.0 0.0 0.0 1.0
fire/seq-02/color/frame-000492.color.png fire/seq-02/color/frame-000495.color.png 0.999954 -0.00570759 -0.00776771 0.00535581 0.00553614 0.999744 -0.0219177 -0.00134799 0.0078908 0.0218736 0.99973 0.0315248 0.0 0.0 0.0 1.0
fire/seq-02/color/frame-000495.color.png fire/seq-02/color/frame-000498.color.png 0.999837 -0.00307133 -0.0177783 0.00568557 0.00294091 0.999969 -0.00735665 -0.00428805 0.0178004 0.00730317 0.999815 0.0284167 0.0 0.0 0.0 1.0
fire/seq-02/color/frame-000498.color.png fire/seq-02/color/frame-000501.color.png 0.99979 -0.00398529 -0.0201024 0.00552914 0.00379458 0.999947 -0.00951895 0.00426048 0.0201392 0.00944063 0.999752 0.0298434 0.0 0.0 0.0 1.0
fire/seq-02/color/frame-000501.color.png fire/seq-02/color/frame-000504.color.png 0.999747 -0.012555 -0.0186648 0.00170626 0.0125182 0.999919 -0.00208314 -0.00281316 0.0186895 0.001849 0.999824 0.0275783 0.0 0.0 0.0 1.0
fire/seq-02/color/frame-000504.color.png fire/seq-02/color/frame-000507.color.png 0.999641 -0.0143038 -0.0226757 0.0116734 0.0142375 0.999894 -0.00308342 -0.00588733 0.0227174 0.00275945 0.999738 0.0383601 0.0 0.0 0.0 1.0
fire/seq-02/color/frame-000507.color.png fire/seq-02/color/frame-000510.color.png 0.999907 -0.0135966 0.00036371 -0.0154072 0.0136012 0.999686 -0.0210623 0.0142395 -7.72199e-05 0.0210653 0.999778 0.0331243 0.0 0.0 0.0 1.0
fire/seq-02/color/frame-000510.color.png fire/seq-02/color/frame-000513.color.png 0.999787 -0.0198663 0.00564421 -0.0247727 0.0198871 0.999796 -0.00365261 -0.00681505 -0.00557049 0.00376408 0.999977 0.0379239 0.0 0.0 0.0 1.0
fire/seq-02/color/frame-000513.color.png fire/seq-02/color/frame-000516.color.png 0.999897 -0.0139252 0.00350284 -0.0145973 0.0139343 0.9999 -0.0025855 -0.00588155 -0.00346649 0.00263405 0.99999 0.0194793 0.0 0.0 0.0 1.0
fire/seq-02/color/frame-000516.color.png fire/seq-02/color/frame-000519.color.png 0.999817 -0.0167727 0.00924257 -0.0159725 0.0167549 0.999858 0.00199668 -0.0106275 -0.00927473 -0.00184144 0.999955 0.0303077 0.0 0.0 0.0 1.0
fire/seq-02/color/frame-000519.color.png fire/seq-02/color/frame-000522.color.png 0.999873 -0.0159565 0.000238081 -0.0142414 0.015955 0.99986 0.00501275 -0.0161596 -0.000318047 -0.00500833 0.999987 0.0221835 0.0 0.0 0.0 1.0
fire/seq-02/color/frame-000522.color.png fire/seq-02/color/frame-000525.color.png 0.99984 -0.0162392 0.00752372 -0.0178721 0.0163828 0.999677 -0.019435 0.0251341 -0.00720568 0.0195552 0.999783 0.0266681 0.0 0.0 0.0 1.0
fire/seq-02/color/frame-000525.color.png fire/seq-02/color/frame-000528.color.png 0.999913 -0.0130884 -0.00191612 -0.000703171 0.0131004 0.999894 0.00637725 -0.0135372 0.00183245 -0.00640179 0.999978 0.0213059 0.0 0.0 0.0 1.0
fire/seq-02/color/frame-000528.color.png fire/seq-02/color/frame-000531.color.png 0.999932 -0.00958077 0.00669845 -0.0159485 0.0097125 0.999755 -0.0199119 0.0260909 -0.00650602 0.0199756 0.999779 0.0215291 0.0 0.0 0.0 1.0
fire/seq-02/color/frame-000531.color.png fire/seq-02/color/frame-000534.color.png 0.999916 -0.0122507 0.00419012 -0.0136065 0.0122272 0.99991 0.00558696 -0.0162796 -0.0042582 -0.00553527 0.999976 0.0153025 0.0 0.0 0.0 1.0
fire/seq-02/color/frame-000534.color.png fire/seq-02/color/frame-000537.color.png 0.999952 -0.0096554 0.00155977 -0.00754663 0.00965106 0.999949 0.00280893 5.91278e-05 -0.00158682 -0.00279374 0.999995 0.0247841 0.0 0.0 0.0 1.0
