fire/seq-02/color/frame-000000.color.png fire/seq-02/color/frame-000002.color.png 0.999994 -0.00310124 0.00156776 -0.00169256 0.00310006 0.999995 0.000754302 0.000803549 -0.00157009 -0.000749437 0.999998 0.00245686 0.0 0.0 0.0 1.0
fire/seq-02/color/frame-000002.color.png fire/seq-02/color/frame-000004.color.png 0.999999 -0.000241637 0.000973121 -0.00224226 0.0002445 0.999996 -0.00294273 0.00509404 -0.000972406 0.00294297 0.999995 0.00159908 0.0 0.0 0.0 1.0
fire/seq-02/color/frame-000004.color.png fire/seq-02/color/frame-000006.color.png 0.999984 -0.00566901 0.000442153 -0.00164487 0.00567129 0.99997 -0.00532935 0.00654203 -0.000411927 0.00533177 0.999986 0.00350028 0.0 0.0 0.0 1.0
fire/seq-02/color/frame-000006.color.png fire/seq-02/color/frame-000008.color.png 0.999993 -0.00311354 0.00227901 -0.00323267 0.00311172 0.999995 0.000802565 0.00326311 -0.0022815 -0.000795468 0.999997 0.0052074 0.0 0.0 0.0 1.0
fire/seq-02/color/frame-000008.color.png fire/seq-02/color/frame-000010.color.png 0.999992 0.000700991 0.00384612 -0.00342241 -0.000660165 0.999944 -0.0106064 0.0107513 -0.00385333 0.0106038 0.999936 0.00183932 0.0 0.0 0.0 1.0
fire/seq-02/color/frame-000010.color.png fire/seq-02/color/frame-000012.color.png 0.999945 -0.00923962 0.00504341 -0.00787971 0.00922305 0.999952 0.00330011 0.00771905 -0.00507366 -0.00325341 0.999982 0.00264786 0.0 0.0 0.0 1.0
fire/seq-02/color/frame-000012.color.png fire/seq-02/color/frame-000014.color.png 0.999972 -0.00697726 0.00279924 -0.00451655 0.00700075 0.99994 -0.00846947 0.00949019 -0.00273997 0.00848883 0.99996 0.00602565 0.0 0.0 0.0 1.0
fire/seq-02/color/frame-000014.color.png fire/seq-02/color/frame-000016.color.png 0.999982 -0.00373951 0.00478789 -0.00846678 0.00373422 0.999992 0.001113 0.00995615 -0.00479202 -0.00109509 0.999988 0.00306995 0.0 0.0 0.0 1.0
fire/seq-02/color/frame-000016.color.png fire/seq-02/color/frame-000018.color.png 0.999935 -0.0113186 0.00097188 -0.00546068 0.011322 0.99993 -0.00351203 0.00795821 -0.000932056 0.00352281 0.999993 0.00849435 0.0 0.0 0.0 1.0
fire/seq-02/color/frame-000018.color.png fire/seq-02/color/frame-000020.color.png 0.999988 -0.00162366 0.00465678 -0.00926908 0.00162491 0.999999 -0.00026351 0.0111635 -0.00465635 0.00027107 0.999989 0.0058595 0.0 0.0 0.0 1.0
fire/seq-02/color/frame-000020.color.png fire/seq-02/color/frame-000022.color.png 0.99996 -0.00792437 0.004192 -0.00897718 0.00794398 0.999958 -0.0046854 0.0132405 -0.00415469 0.00471851 0.99998 0.0124976 0.0 0.0 0.0 1.0
fire/seq-02/color/frame-000022.color.png fire/seq-02/color/frame-000024.color.png 0.999834 -0.014787 0.0106687 -0.0094331 0.014773 0.99989 0.0013915 0.0042214 -0.0106881 -0.00123365 0.999942 0.0108466 0.0 0.0 0.0 1.0
fire/seq-02/color/frame-000024.color.png fire/seq-02/color/frame-000026.color.png 0.999933 -0.00716669 0.0090754 -0.0111536 0.00731579 0.999837 -0.0165028 0.0131533 -0.00895565 0.016568 0.999823 0.00183518 0.0 0.0 0.0 1.0
fire/seq-02/color/frame-000026.color.png fire/seq-02/color/frame-000028.color.png 0.999815 -0.0188975 0.00345033 -0.00787724 0.0188954 0.999821 0.000614415 0.00802527 -0.00346132 -0.00054911 0.999994 0.0102191 0.0 0.0 0.0 1.0
fire/seq-02/color/frame-000028.color.png fire/seq-02/color/frame-000030.color.png 0.999971 0.000727446 0.00758643 -0.00743887 -0.000697022 0.999992 -0.00401079 0.00555925 -0.00758929 0.0040054 0.999963 0.00855523 0.0 0.0 0.0 1.0
fire/seq-02/color/frame-000030.color.png fire/seq-02/color/frame-000032.color.png 0.999978 -0.00378898 0.0053703 -0.0103872 0.00383152 0.999961 -0.00793239 0.0123237 -0.00534003 0.0079528 0.999954 0.00172327 0.0 0.0 0.0 1.0
fire/seq-02/color/frame-000032.color.png fire/seq-02/color/frame-000034.color.png 0.999994 -0.0011217 0.0031302 -0.00483198 0.00114076 0.999981 -0.00609638 0.0104381 -0.0031233 0.00609992 0.999976 0.00737926 0.0 0.0 0.0 1.0
fire/seq-02/color/frame-000034.color.png fire/seq-02/color/frame-000036.color.png 0.999978 0.000397464 0.00656423 -0.0091246 -0.000400887 1.0 0.000524405 0.012855 -0.00656403 -0.000527027 0.999978 0.00134373 0.0 0.0 0.0 1.0
fire/seq-02/color/frame-000036.color.png fire/seq-02/color/frame-000038.color.png 1.0 0.000631507 0.000481404 0.00132897 -0.000633368 0.999992 0.00386565 0.010326 -0.000478973 -0.00386596 0.999992 0.0119118 0.0 0.0 0.0 1.0
fire/seq-02/color/frame-000038.color.png fire/seq-02/color/frame-000040.color.png 0.999997 0.00103874 0.00199373 -0.00297198 -0.00104489 0.999995 0.00308163 0.0152416 -0.0019905 -0.0030837 0.999993 0.00900242 0.0 0.0 0.0 1.0
fire/seq-02/color/frame-000040.color.png fire/seq-02/color/frame-000042.color.png 0.999973 0.00546571 0.00490389 0.0015376 -0.00543897 0.99997 -0.00545106 0.0123365 -0.00493354 0.00542425 0.999973 0.00508864 0.0 0.0 0.0 1.0
fire/seq-02/color/frame-000042.color.png fire/seq-02/color/frame-000044.color.png 0.999976 -0.000670313 0.00687338 0.000528522 0.000698563 0.999991 -0.00410703 0.00746174 -0.00687054 0.00411171 0.999968 0.00333057 0.0 0.0 0.0 1.0
fire/seq-02/color/frame-000044.color.png fire/seq-02/color/frame-000046.color.png 0.999952 -0.000111556 0.00977524 2.46316e-05 0.000188108 0.999969 -0.00783018 0.0162032 -0.00977408 0.00783166 0.999922 -0.00429918 0.0 0.0 0.0 1.0
fire/seq-02/color/frame-000046.color.png fire/seq-02/color/frame-000048.color.png 0.999983 0.00534595 0.0022898 0.000933208 -0.0053619 0.999961 0.00702201 0.0106698 -0.00225217 -0.00703417 0.999973 0.00446238 0.0 0.0 0.0 1.0
fire/seq-02/color/frame-000048.color.png fire/seq-02/color/frame-000050.color.png 0.999983 -0.00547848 -0.00184448 0.00750211 0.00549086 0.999962 0.00678385 0.00633353 0.00180721 -0.00679386 0.999975 0.00680791 0.0 0.0 0.0 1.0
fire/seq-02/color/frame-000050.color.png fire/seq-02/color/frame-000052.color.png 0.999967 0.00636768 -0.00502596 0.00871357 -0.00634097 0.999966 0.00530957 0.0130566 0.00505961 -0.00527754 0.999973 0.00553787 0.0 0.0 0.0 1.0
fire/seq-02/color/frame-000052.color.png fire/seq-02/color/frame-000054.color.png 0.999994 0.00209259 -0.00278576 0.00776011 -0.00208284 0.999992 0.00350166 0.00218734 0.0027931 -0.00349584 0.99999 0.00194523 0.0 0.0 0.0 1.0
fire/seq-02/color/frame-000054.color.png fire/seq-02/color/frame-000056.color.png 0.999953 0.00941006 -0.00217189 0.0105251 -0.00941404 0.999954 -0.00182015 0.00601585 0.00215466 0.00184051 0.999996 0.00162931 0.0 0.0 0.0 1.0
fire/seq-02/color/frame-000056.color.png fire/seq-02/color/frame-000058.color.png 0.999993 0.00291717 -0.00213735 0.00993187 -0.0029097 0.99999 0.00348407 0.0049227 0.00214747 -0.00347781 0.999992 -0.00241135 0.0 0.0 0.0 1.0
fire/seq-02/color/frame-000058.color.png fire/seq-02/color/frame-000060.color.png 0.999972 0.00740772 0.00110915 0.0099619 -0.00740707 0.999972 -0.000580388 0.0033161 -0.0011134 0.000572144 0.999999 0.00175212 0.0 0.0 0.0 1.0
fire/seq-02/color/frame-000060.color.png fire/seq-02/color/frame-000062.color.png 0.999952 0.00961515 0.00163314 0.0133951 -0.00961591 0.999954 0.000443193 0.00704706 -0.00162879 -0.000458871 0.999999 0.00205632 0.0 0.0 0.0 1.0
fire/seq-02/color/frame-000062.color.png fire/seq-02/color/frame-000064.color.png 0.99999 0.0044788 0.000886881 0.0139771 -0.00447674 0.999987 -0.00230315 0.00315368 -0.000897198 0.00229915 0.999997 0.000929549 0.0 0.0 0.0 1.0
fire/seq-02/color/frame-000064.color.png fire/seq-02/color/frame-000066.color.png 0.999988 0.00389095 0.00289208 0.0130746 -0.003874 0.999975 -0.00584409 0.00738591 -0.00291475 0.00583282 0.999979 -0.00298779 0.0 0.0 0.0 1.0
fire/seq-02/color/frame-000066.color.png fire/seq-02/color/frame-000068.color.png 0.999971 7.29106e-05 -0.00766255 0.0149761 -2.32101e-05 0.999979 0.00648525 -0.00384834 0.00766289 -0.00648488 0.99995 -0.00213812 0.0 0.0 0.0 1.0
fire/seq-02/color/frame-000068.color.png fire/seq-02/color/frame-000070.color.png 0.999923 0.000782213 -0.0123737 0.0176543 -0.000761278 0.999998 0.00169728 0.00294745 0.012375 -0.00168774 0.999922 -0.00238164 0.0 0.0 0.0 1.0
fire/seq-02/color/frame-000070.color.png fire/seq-02/color/frame-000072.color.png 0.99987 -0.00228063 -0.0159758 0.0164734 0.00224385 0.999995 -0.00231992 -0.00194246 0.015981 0.00228377 0.99987 -0.00249875 0.0 0.0 0.0 1.0
fire/seq-02/color/frame-000072.color.png fire/seq-02/color/frame-000074.color.png 0.999842 0.0110969 -0.013871 0.0146785 -0.0110599 0.999935 0.00274167 0.00328773 0.0139005 -0.00258782 0.9999 -0.0010033 0.0 0.0 0.0 1.0
fire/seq-02/color/frame-000074.color.png fire/seq-02/color/frame-000076.color.png 0.998881 0.0467921 0.00679292 0.011596 -0.04685 0.998865 0.00862491 0.00731134 -0.00638162 -0.00893352 0.99994 0.0118164 0.0 0.0 0.0 1.0
fire/seq-02/color/frame-000076.color.png fire/seq-02/color/frame-000078.color.png 0.999818 -0.000334824 0.0190699 0.00501012 0.000346137 1.0 -0.000590038 -0.00174922 -0.0190697 0.000596534 0.999818 -0.0085983 0.0 0.0 0.0 1.0
fire/seq-02/color/frame-000078.color.png fire/seq-02/color/frame-000080.color.png 0.999978 -0.00114711 -0.00657289 0.0177063 0.00115755 0.999998 0.00158386 -0.00117737 0.00657106 -0.00159143 0.999977 -0.0026591 0.0 0.0 0.0 1.0
fire/seq-02/color/frame-000080.color.png fire/seq-02/color/frame-000082.color.png 0.999961 0.00156721 -0.00866116 0.0215187 -0.00157516 0.999998 -0.000911585 -0.00364578 0.00865971 0.000925199 0.999962 -0.00133386 0.0 0.0 0.0 1.0
fire/seq-02/color/frame-000082.color.png fire/seq-02/color/frame-000084.color.png 0.999983 0.00192839 -0.00556226 0.0177665 -0.00194612 0.999993 -0.00318365 0.000220299 0.00555608 0.00319441 0.99998 -0.00732483 0.0 0.0 0.0 1.0
fire/seq-02/color/frame-000084.color.png fire/seq-02/color/frame-000086.color.png 0.999986 0.00183509 -0.00489106 0.0190358 -0.00182855 0.999998 0.00134262 -0.000752091 0.00489351 -0.00133365 0.999987 0.000509337 0.0 0.0 0.0 1.0
fire/seq-02/color/frame-000086.color.png fire/seq-02/color/frame-000088.color.png 0.999983 0.00581729 6.33271e-06 0.00560331 -0.0058173 0.999982 0.00127901 -0.000339508 1.12239e-06 -0.00127903 0.999999 -0.00141723 0.0 0.0 0.0 1.0
fire/seq-02/color/frame-000088.color.png fire/seq-02/color/frame-000090.color.png 0.999926 0.0110206 -0.00517511 0.0185788 -0.0109892 0.999921 0.00606573 -0.00557181 0.00524153 -0.00600841 0.999968 -0.00182731 0.0 0.0 0.0 1.0
fire/seq-02/color/frame-000090.color.png fire/seq-02/color/frame-000092.color.png 0.999998 0.00131564 -0.00160393 0.0165086 -0.00131584 0.999999 -0.000119546 -0.00354534 0.00160378 0.000121661 0.999999 -0.00587492 0.0 0.0 0.0 1.0
fire/seq-02/color/frame-000092.color.png fire/seq-02/color/frame-000094.color.png 0.999909 0.00993823 -0.00914679 0.0123226 -0.00988066 0.999931 0.00631917 -0.00686541 0.00920896 -0.00622822 0.999938 5.19529e-05 0.0 0.0 0.0 1.0
fire/seq-02/color/frame-000094.color.png fire/seq-02/color/frame-000096.color.png 0.999924 0.00492257 -0.0112587 0.0213309 -0.00497133 0.999978 -0.00430808 -0.00574692 0.0112373 0.00436373 0.999927 -0.0072823 0.0 0.0 0.0 1.0
fire/seq-02/color/frame-000096.color.png fire/seq-02/color/frame-000098.color.png 0.999991 0.00407848 -0.000997647 0.0102751 -0.00408046 0.99999 -0.0019818 0.00374611 0.00098956 0.00198586 0.999998 -0.00360923 0.0 0.0 0.0 1.0
fire/seq-02/color/frame-000098.color.png fire/seq-02/color/frame-000100.color.png 0.999868 0.0157931 -0.003823 0.0170082 -0.0157743 0.999864 0.00488108 0.000945762 0.00389957 -0.00482014 0.999981 0.00478841 0.0 0.0 0.0 1.0
fire/seq-02/color/frame-000100.color.png fire/seq-02/color/frame-000102.color.png 0.999941 0.0105425 -0.00275545 0.0158434 -0.0105295 0.999934 0.00468609 -0.00206108 0.00280466 -0.0046568 0.999985 -0.000606008 0.0 0.0 0.0 1.0
fire/seq-02/color/frame-000102.color.png fire/seq-02/color/frame-000104.color.png 0.999946 0.0102125 0.00176704 0.0119337 -0.0102246 0.999923 0.00698618 -0.00108768 -0.00169556 -0.00700388 0.999974 0.00166839 0.0 0.0 0.0 1.0
fire/seq-02/color/frame-000104.color.png fire/seq-02/color/frame-000106.color.png 0.999998 0.000762424 -0.00162715 0.0050258 -0.000759801 0.999998 0.00160753 -0.000367463 0.00162837 -0.00160629 0.999997 0.000785448 0.0 0.0 0.0 1.0
fire/seq-02/color/frame-000106.color.png fire/seq-02/color/frame-000108.color.png 0.99996 0.00500206 -0.00740642 0.0113456 -0.00494984 0.999963 0.00705326 -0.00399341 0.00744143 -0.00701632 0.999948 0.00199092 0.0 0.0 0.0 1.0
fire/seq-02/color/frame-000108.color.png fire/seq-02/color/frame-000110.color.png 0.999946 0.0060933 -0.00846635 0.0128366 -0.00607616 0.999979 0.00204652 -0.00498055 0.00847865 -0.00199497 0.999962 0.000437304 0.0 0.0 0.0 1.0
fire/seq-02/color/frame-000110.color.png fire/seq-02/color/frame-000112.color.png 0.999988 -0.00165471 -0.00458411 0.00583348 0.00162872 0.999983 -0.00566571 0.00160277 0.00459341 0.00565818 0.999973 0.00268003 0.0 0.0 0.0 1.0
fire/seq-02/color/frame-000112.color.png fire/seq-02/color/frame-000114.color.png 0.999859 0.0152323 -0.00711885 0.00595185 -0.0152297 0.999884 0.000410825 0.00279474 0.00712428 -0.000302352 0.999975 0.000423282 0.0 0.0 0.0 1.0
fire/seq-02/color/frame-000114.color.png fire/seq-02/color/frame-000116.color.png 0.999911 0.0127972 -0.00367478 0.00657529 -0.0127818 0.99991 0.0041745 -0.00150962 0.00372787 -0.00412715 0.999985 -0.00225942 0.0 0.0 0.0 1.0
fire/seq-02/color/frame-000116.color.png fire/seq-02/color/frame-000118.color.png 0.999839 0.0178911 -0.00162622 0.00183088 -0.0178761 0.999801 0.00886926 -0.00227214 0.00178458 -0.00883876 0.999959 0.00457366 0.0 0.0 0.0 1.0
fire/seq-02/color/frame-000118.color.png fire/seq-02/color/frame-000120.color.png 0.999957 0.00875334 0.0030173 0.00138563 -0.00876611 0.999953 0.00425024 -0.00274651 -0.00297995 -0.00427651 0.999986 0.00209095 0.0 0.0 0.0 1.0
fire/seq-02/color/frame-000120.color.png fire/seq-02/color/frame-000122.color.png 0.999944 0.0054381 0.00905139 -0.000904024 -0.00546339 0.999981 0.00277299 -0.00557443 -0.00903614 -0.00282228 0.999955 0.00588052 0.0 0.0 0.0 1.0
fire/seq-02/color/frame-000122.color.png fire/seq-02/color/frame-000124.color.png 0.999913 0.00538243 0.0120629 0.000911236 -0.00543681 0.999975 0.00448272 -0.00504969 -0.0120385 -0.00454791 0.999917 0.00183852 0.0 0.0 0.0 1.0
fire/seq-02/color/frame-000124.color.png fire/seq-02/color/frame-000126.color.png 0.999974 0.000671402 0.00715268 -0.00427049 -0.000690785 0.999996 0.00270208 -0.00284041 -0.00715084 -0.00270696 0.999971 0.00583403 0.0 0.0 0.0 1.0
fire/seq-02/color/frame-000126.color.png fire/seq-02/color/frame-000128.color.png 0.999944 0.0059484 0.00872738 -0.00868812 -0.00600337 0.999962 0.00628666 -0.00496235 -0.00868966 -0.0063387 0.999942 0.00361514 0.0 0.0 0.0 1.0
fire/seq-02/color/frame-000128.color.png fire/seq-02/color/frame-000130.color.png 0.999978 0.00182898 0.00642726 -0.00513336 -0.0018412 0.999997 0.00189761 -0.00398558 -0.00642377 -0.0019094 0.999977 -0.000331581 0.0 0.0 0.0 1.0
fire/seq-02/color/frame-000130.color.png fire/seq-02/color/frame-000132.color.png 0.999873 0.00016689 0.0159515 -0.0101029 -0.000203381 0.999997 0.00228399 -0.00851092 -0.0159511 -0.00228694 0.99987 0.0025142 0.0 0.0 0.0 1.0
fire/seq-02/color/frame-000132.color.png fire/seq-02/color/frame-000134.color.png 0.999779 -0.00274161 0.020849 -0.0134638 0.00267277 0.999991 0.00333004 -0.0084573 -0.0208579 -0.00327358 0.999777 0.00495171 0.0 0.0 0.0 1.0
fire/seq-02/color/frame-000134.color.png fire/seq-02/color/frame-000136.color.png 0.999938 -0.00321851 0.0106295 -0.0103725 0.00321622 0.999995 0.00023277 -0.00438531 -0.0106302 -0.000198568 0.999943 0.0010483 0.0 0.0 0.0 1.0
fire/seq-02/color/frame-000136.color.png fire/seq-02/color/frame-000138.color.png 0.999855 -0.00931375 0.014278 -0.0138592 0.00929652 0.999956 0.0012737 -0.0104283 -0.0142893 -0.00114078 0.999897 0.0015688 0.0 0.0 0.0 1.0
fire/seq-02/color/frame-000138.color.png fire/seq-02/color/frame-000140.color.png 0.99987 -0.0104292 0.0122612 -0.015238 0.0104469 0.999945 -0.00138405 -0.0101749 -0.0122461 0.00151197 0.999924 0.000899225 0.0 0.0 0.0 1.0
fire/seq-02/color/frame-000140.color.png fire/seq-02/color/frame-000142.color.png 0.999969 -0.00174299 0.00773789 -0.011648 0.00173429 0.999998 0.00112471 -0.00279336 -0.00773984 -0.00111125 0.999969 0.00243303 0.0 0.0 0.0 1.0
fire/seq-02/color/frame-000142.color.png fire/seq-02/color/frame-000144.color.png 0.999804 -0.00436269 0.0192984 -0.0248651 0.00432701 0.999989 0.00188996 -0.0105338 -0.0193064 -0.0018061 0.999812 0.00735863 0.0 0.0 0.0 1.0
fire/seq-02/color/frame-000144.color.png fire/seq-02/color/frame-000146.color.png 0.999923 -0.00714428 0.0101448 -0.0138646 0.00716836 0.999972 -0.00233926 -0.00795989 -0.0101277 0.00241181 0.999946 0.00248481 0.0 0.0 0.0 1.0
fire/seq-02/color/frame-000146.color.png fire/seq-02/color/frame-000148.color.png 0.999942 -0.00510735 0.0094628 -0.010826 0.00514611 0.999978 -0.00407753 -0.000823393 -0.00944177 0.00412599 0.999947 0.000670813 0.0 0.0 0.0 1.0
fire/seq-02/color/frame-000148.color.png fire/seq-02/color/frame-000150.color.png 0.9998 -0.0102156 0.0171959 -0.0208259 0.0102582 0.999945 -0.00239579 -0.00403212 -0.0171705 0.00257172 0.999849 0.000663571 0.0 0.0 0.0 1.0
fire/seq-02/color/frame-000150.color.png fire/seq-02/color/frame-000152.color.png 0.999839 -0.00572562 0.0170359 -0.0205522 0.00568734 0.999981 0.002295 -0.00675622 -0.0170487 -0.00219774 0.999852 0.00204527 0.0 0.0 0.0 1.0
fire/seq-02/color/frame-000152.color.png fire/seq-02/color/frame-000154.color.png 0.999938 -0.00500975 0.00993248 -0.010794 0.00501858 0.999987 -0.000865826 -0.00446777 -0.00992805 0.000915612 0.99995 -0.000473611 0.0 0.0 0.0 1.0
fire/seq-02/color/frame-000154.color.png fire/seq-02/color/frame-000156.color.png 0.99968 -0.0185484 0.0172204 -0.0179176 0.0187018 0.999786 -0.00878937 -0.00309023 -0.0170537 0.0091086 0.999813 -0.00194511 0.0 0.0 0.0 1.0
fire/seq-02/color/frame-000156.color.png fire/seq-02/color/frame-000158.color.png 0.999635 -0.0168094 0.0211315 -0.0189583 0.016883 0.999852 -0.00330781 -0.00530938 -0.0210728 0.00366336 0.999771 -0.00104324 0.0 0.0 0.0 1.0
fire/seq-02/color/frame-000158.color.png fire/seq-02/color/frame-000160.color.png 0.999932 -0.00853864 0.00798985 -0.0116879 0.00857948 0.99995 -0.00509236 0.000598103 -0.0079459 0.00516057 0.999955 0.00173581 0.0 0.0 0.0 1.0
fire/seq-02/color/frame-000160.color.png fire/seq-02/color/frame-000162.color.png 0.999814 -0.0107278 0.016047 -0.0216828 0.0108456 0.999915 -0.00727083 0.000424884 -0.0159677 0.00744351 0.999845 0.000713289 0.0 0.0 0.0 1.0
fire/seq-02/color/frame-000162.color.png fire/seq-02/color/frame-000164.color.png 0.999488 -0.0263909 0.0180877 -0.0215602 0.0265832 0.999592 -0.0104763 -0.000919417 -0.0178038 0.0109517 0.999781 -0.00200707 0.0 0.0 0.0 1.0
fire/seq-02/color/frame-000164.color.png fire/seq-02/color/frame-000166.color.png 0.99979 -0.0180118 0.00977119 -0.0149768 0.0181152 0.99978 -0.0105922 0.0049945 -0.00957827 0.010767 0.999896 -0.00112946 0.0 0.0 0.0 1.0
fire/seq-02/color/frame-000166.color.png fire/seq-02/color/frame-000168.color.png 0.999728 -0.0146994 0.0181244 -0.0204794 0.0149762 0.999772 -0.0152345 -0.00188716 -0.0178963 0.0155018 0.99972 -0.000566617 0.0 0.0 0.0 1.0
fire/seq-02/color/frame-000168.color.png fire/seq-02/color/frame-000170.color.png 0.999789 -0.0123039 0.0164257 -0.0222188 0.0126503 0.999696 -0.021159 0.00653928 -0.0161603 0.0213624 0.999641 -0.00584625 0.0 0.0 0.0 1.0
fire/seq-02/color/frame-000170.color.png fire/seq-02/color/frame-000172.color.png 0.999792 -0.0101927 0.017643 -0.0268534 0.0104907 0.999802 -0.0168847 0.00819133 -0.0174674 0.0170663 0.999702 -0.00736564 0.0 0.0 0.0 1.0
fire/seq-02/color/frame-000172.color.png fire/seq-02/color/frame-000174.color.png 0.999794 -0.00918799 0.0180968 -0.0262398 0.00932588 0.999928 -0.00755 0.0108789 -0.0180262 0.00771722 0.999808 -0.000785753 0.0 0.0 0.0 1.0
fire/seq-02/color/frame-000174.color.png fire/seq-02/color/frame-000176.color.png 0.999789 -0.00951663 0.0182039 -0.0300724 0.00956925 0.99995 -0.00280593 0.00980912 -0.0181763 0.00297953 0.99983 0.00212087 0.0 0.0 0.0 1.0
fire/seq-02/color/frame-000176.color.png fire/seq-02/color/frame-000178.color.png 0.999741 -0.0206341 0.00960575 -0.0174673 0.0206914 0.999768 -0.00589973 0.00492622 -0.0094817 0.00609695 0.999936 -0.00403722 0.0 0.0 0.0 1.0
fire/seq-02/color/frame-000178.color.png fire/seq-02/color/frame-000180.color.png 0.999853 -0.00735762 0.0155046 -0.0189794 0.00745405 0.999953 -0.00616947 0.00673528 -0.0154586 0.00628414 0.999861 -0.00398344 0.0 0.0 0.0 1.0
fire/seq-02/color/frame-000180.color.png fire/seq-02/color/frame-000182.color.png 0.999729 -0.0148201 0.0179576 -0.0216547 0.0150453 0.999809 -0.0124719 0.00748423 -0.0177693 0.0127387 0.999761 0.00107225 0.0 0.0 0.0 1.0
fire/seq-02/color/frame-000182.color.png fire/seq-02/color/frame-000184.color.png 0.999776 -0.0147493 0.0151849 -0.0177624 0.0149306 0.999818 -0.0119007 0.00853431 -0.0150065 0.0121248 0.999814 -0.00641815 0.0 0.0 0.0 1.0
fire/seq-02/color/frame-000184.color.png fire/seq-02/color/frame-000186.color.png 0.999805 -0.00901318 0.017568 -0.0190551 0.00910239 0.999946 -0.00500323 0.00556427 -0.0175219 0.00516218 0.999833 -0.0015303 0.0 0.0 0.0 1.0
fire/seq-02/color/frame-000186.color.png fire/seq-02/color/frame-000188.color.png 0.999812 -0.00658276 0.0182107 -0.016518 0.00674136 0.99994 -0.00866035 0.00777259 -0.0181527 0.00878149 0.999797 -0.00186478 0.0 0.0 0.0 1.0
fire/seq-02/color/frame-000188.color.png fire/seq-02/color/frame-000190.color.png 0.999649 -0.0158687 0.0212363 -0.0170559 0.0161381 0.999791 -0.012576 0.00674924 -0.0210324 0.0129143 0.999695 -0.00180911 0.0 0.0 0.0 1.0
fire/seq-02/color/frame-000190.color.png fire/seq-02/color/frame-000192.color.png 0.999906 -0.00522121 0.0126656 -0.0176409 0.00531568 0.999958 -0.00743509 0.0059825 -0.0126262 0.00750172 0.999892 -0.00179609 0.0 0.0 0.0 1.0
fire/seq-02/color/frame-000192.color.png fire/seq-02/color/frame-000194.color.png 0.999698 -0.0100563 0.0224396 -0.019879 0.0101225 0.999945 -0.00284114 0.00262949 -0.0224097 0.00306739 0.999744 -0.000493124 0.0 0.0 0.0 1.0
fire/seq-02/color/frame-000194.color.png fire/seq-02/color/frame-000196.color.png 0.999759 -0.0197932 0.00954591 -0.0115738 0.0199385 0.999683 -0.0153718 0.00599316 -0.00923866 0.0155584 0.999836 0.00461055 0.0 0.0 0.0 1.0
fire/seq-02/color/frame-000196.color.png fire/seq-02/color/frame-000198.color.png 0.999876 -0.00840245 0.0133499 -0.0198962 0.00855515 0.999898 -0.0114219 0.0108393 -0.0132525 0.0115347 0.999846 -0.00111991 0.0 0.0 0.0 1.0
fire/seq-02/color/frame-000198.color.png fire/seq-02/color/frame-000200.color.png 0.999719 -0.00885722 0.0220064 -0.022073 0.00899269 0.999941 -0.00606446 0.00559576 -0.0219514 0.00626064 0.99974 0.00213197 0.0 0.0 0.0 1.0
fire/seq-02/color/frame-000200.color.png fire/seq-02/color/frame-000202.color.png 0.999787 -0.0132796 0.015795 -0.0216525 0.0133358 0.999905 -0.00346137 0.00594442 -0.0157475 0.00367128 0.999869 0.005817 0.0 0.0 0.0 1.0
fire/seq-02/color/frame-000202.color.png fire/seq-02/color/frame-000204.color.png 0.999965 -0.00540653 0.00639154 -0.0128518 0.00539917 0.999985 0.00116808 0.00443369 -0.00639769 -0.00113352 0.999979 0.00760679 0.0 0.0 0.0 1.0
fire/seq-02/color/frame-000204.color.png fire/seq-02/color/frame-000206.color.png 0.999947 -0.00431116 0.00929014 -0.0164444 0.00431549 0.999991 -0.000442585 0.000891566 -0.00928816 0.000482618 0.999957 0.00699928 0.0 0.0 0.0 1.0
fire/seq-02/color/frame-000206.color.png fire/seq-02/color/frame-000208.color.png 0.999604 -0.0148138 0.023932 -0.0312559 0.0149086 0.999882 -0.00378806 0.00804299 -0.0238732 0.00414337 0.999706 0.0103817 0.0 0.0 0.0 1.0
fire/seq-02/color/frame-000208.color.png fire/seq-02/color/frame-000210.color.png 0.999879 -0.0136901 0.00744267 -0.0180149 0.0137877 0.999817 -0.0132275 0.0154005 -0.00726013 0.0133284 0.999885 0.00887346 0.0 0.0 0.0 1.0
fire/seq-02/color/frame-000210.color.png fire/seq-02/color/frame-000212.color.png 0.999963 -0.00673641 0.00542065 -0.00406721 0.00672503 0.999975 0.00210967 0.00675358 -0.00543484 -0.00207309 0.999983 0.0050486 0.0 0.0 0.0 1.0
fire/seq-02/color/frame-000212.color.png fire/seq-02/color/frame-000214.color.png 0.999155 -0.0233462 0.0338262 -0.0378334 0.0232073 0.999721 0.00449629 0.00102189 -0.0339216 -0.00370748 0.999418 0.0115815 0.0 0.0 0.0 1.0
fire/seq-02/color/frame-000214.color.png fire/seq-02/color/frame-000216.color.png 0.999878 -0.00395637 0.015081 -0.0153258 0.00401208 0.999985 -0.00367014 0.00569901 -0.0150663 0.00373024 0.99988 0.000534222 0.0 0.0 0.0 1.0
fire/seq-02/color/frame-000216.color.png fire/seq-02/color/frame-000218.color.png 0.999443 -0.0106456 0.0316204 -0.0350632 0.0105736 0.999941 0.00244264 0.006871 -0.0316446 -0.00210697 0.999497 0.0130225 0.0 0.0 0.0 1.0
fire/seq-02/color/frame-000218.color.png fire/seq-02/color/frame-000220.color.png 0.999781 -0.0125608 0.0167273 -0.0256068 0.0125612 0.999921 8.179e-05 0.0011082 -0.0167269 0.000128295 0.99986 0.00993574 0.0 0.0 0.0 1.0
fire/seq-02/color/frame-000220.color.png fire/seq-02/color/frame-000222.color.png 0.999788 -0.00952436 0.0182812 -0.0180321 0.00972816 0.999891 -0.0110929 0.0104894 -0.0181735 0.0112684 0.999771 -3.47793e-05 0.0 0.0 0.0 1.0
fire/seq-02/color/frame-000222.color.png fire/seq-02/color/frame-000224.color.png 0.999812 -0.013959 0.0134717 -0.0181868 0.013961 0.999902 -5.15165e-05 0.00808173 -0.0134697 0.000239617 0.999909 0.0103699 0.0 0.0 0.0 1.0
fire/seq-02/color/frame-000224.color.png fire/seq-02/color/frame-000226.color.png 0.999824 -0.0123987 0.0140765 -0.0125573 0.0125751 0.999843 -0.0125134 0.00869967 -0.0139191 0.0126881 0.999823 0.0050827 0.0 0.0 0.0 1.0
fire/seq-02/color/frame-000226.color.png fire/seq-02/color/frame-000228.color.png 0.99989 -0.0118102 0.00896042 -0.010588 0.0119011 0.999878 -0.0101583 0.0106225 -0.00883938 0.0102638 0.999908 0.00594121 0.0 0.0 0.0 1.0
fire/seq-02/color/frame-000228.color.png fire/seq-02/color/frame-000230.color.png 0.999496 -0.0162332 0.0273014 -0.0209434 0.0167264 0.999699 -0.0179347 0.0221394 -0.0270019 0.0183824 0.999466 -0.00181112 0.0 0.0 0.0 1.0
fire/seq-02/color/frame-000230.color.png fire/seq-02/color/frame-000232.color.png 0.999825 -0.0106303 0.0153683 -0.0174114 0.0106594 0.999941 -0.00181604 0.00663829 -0.0153481 0.00197951 0.99988 0.00904316 0.0 0.0 0.0 1.0
fire/seq-02/color/frame-000232.color.png fire/seq-02/color/frame-000234.color.png 0.999744 -0.0142782 0.0175608 -0.0135102 0.0144008 0.999873 -0.00687282 0.0187657 -0.0174605 0.00712389 0.999822 0.00522715 0.0 0.0 0.0 1.0
fire/seq-02/color/frame-000234.color.png fire/seq-02/color/frame-000236.color.png 0.999848 -0.0134144 0.0110963 -0.0040912 0.0134509 0.999904 -0.00321561 0.00294794 -0.011052 0.00336435 0.999933 0.00458866 0.0 0.0 0.0 1.0
fire/seq-02/color/frame-000236.color.png fire/seq-02/color/frame-000238.color.png 0.999893 0.000915425 0.0146294 -0.0130438 -0.000827605 0.999982 -0.00600909 0.00288783 -0.0146347 0.00599642 0.999875 0.0023284 0.0 0.0 0.0 1.0
fire/seq-02/color/frame-000238.color.png fire/seq-02/color/frame-000240.color.png 0.999945 -0.00637326 0.00830085 -0.00841808 0.00646685 0.999915 -0.0113029 0.005835 -0.00822812 0.0113559 0.999902 0.0073134 0.0 0.0 0.0 1.0
fire/seq-02/color/frame-000240.color.png fire/seq-02/color/frame-000242.color.png 0.999882 -0.00519366 0.0144338 -0.0104989 0.00531556 0.99995 -0.00841628 0.00287327 -0.0143893 0.00849201 0.99986 0.00421932 0.0 0.0 0.0 1.0
fire/seq-02/color/frame-000242.color.png fire/seq-02/color/frame-000244.color.png 0.999985 -0.00414093 0.00346695 -0.00695312 0.00421579 0.999752 -0.02185 0.0140561 -0.00337569 0.0218644 0.999755 0.00458667 0.0 0.0 0.0 1.0
fire/seq-02/color/frame-000244.color.png fire/seq-02/color/frame-000246.color.png 0.999931 -0.00536362 0.0104927 -0.0162769 0.00549392 0.999908 -0.0124404 0.00849783 -0.010425 0.0124972 0.999868 0.0138603 0.0 0.0 0.0 1.0
fire/seq-02/color/frame-000246.color.png fire/seq-02/color/frame-000248.color.png 0.999999 0.00163323 -9.03831e-05 -0.000988781 -0.00163363 0.999987 -0.00481801 0.00629582 8.24843e-05 0.00481819 0.999988 0.00351119 0.0 0.0 0.0 1.0
fire/seq-02/color/frame-000248.color.png fire/seq-02/color/frame-000250.color.png 0.999944 -0.00688864 0.00801568 -0.00833815 0.00693832 0.999957 -0.00618881 0.0079226 -0.00797269 0.006244 0.999949 0.00886837 0.0 0.0 0.0 1.0
fire/seq-02/color/frame-000250.color.png fire/seq-02/color/frame-000252.color.png 0.999969 -0.00747349 0.00249475 -0.000182748 0.00749769 0.999924 -0.00981926 0.00909755 -0.00242127 0.00983773 0.999949 0.00451776 0.0 0.0 0.0 1.0
fire/seq-02/color/frame-000252.color.png fire/seq-02/color/frame-000254.color.png 0.999997 0.000613145 0.00246701 -0.0100268 -0.000606607 0.999996 -0.00266538 -0.000197291 -0.00246842 0.00266388 0.999993 0.0105989 0.0 0.0 0.0 1.0
fire/seq-02/color/frame-000254.color.png fire/seq-02/color/frame-000256.color.png 0.99971 0.00939255 -0.0221801 0.00495684 -0.0092242 0.999928 0.00767407 -0.00771256 0.0222505 -0.00746731 0.999725 0.0248133 0.0 0.0 0.0 1.0
fire/seq-02/color/frame-000256.color.png fire/seq-02/color/frame-000258.color.png 0.999942 0.00562523 -0.00921006 0.000755131 -0.00557198 0.999968 0.00579438 -0.00853054 0.00924223 -0.0057428 0.999941 0.0181371 0.0 0.0 0.0 1.0
fire/seq-02/color/frame-000258.color.png fire/seq-02/color/frame-000260.color.png 0.99994 0.00533538 -0.00952555 0.00102359 -0.00532945 0.999986 0.000655786 -0.0017872 0.00952901 -0.000604849 0.999954 0.0103647 0.0 0.0 0.0 1.0
fire/seq-02/color/frame-000260.color.png fire/seq-02/color/frame-000262.color.png 0.999988 0.00394814 -0.00292775 -0.00345653 -0.00393356 0.99998 0.00494203 -0.00441125 0.00294719 -0.00493053 0.999983 0.0197484 0.0 0.0 0.0 1.0
fire/seq-02/color/frame-000262.color.png fire/seq-02/color/frame-000264.color.png 0.999905 0.00913363 -0.0103093 0.000593483 -0.00900672 0.999884 0.0122953 -0.0145015 0.0104204 -0.0122013 0.999871 0.0190336 0.0 0.0 0.0 1.0
fire/seq-02/color/frame-000264.color.png fire/seq-02/color/frame-000266.color.png 0.99993 0.00801134 -0.00875534 -0.000254154 -0.00798583 0.999964 0.00294758 -0.00610755 0.0087786 -0.00287743 0.999957 0.0141735 0.0 0.0 0.0 1.0
fire/seq-02/color/frame-000266.color.png fire/seq-02/color/frame-000268.color.png 0.99992 0.00499958 -0.0116523 0.00388819 -0.00494396 0.999976 0.00480027 -0.00545348 0.0116762 -0.00474227 0.999921 0.0153331 0.0 0.0 0.0 1.0
fire/seq-02/color/frame-000268.color.png fire/seq-02/color/frame-000270.color.png 0.999683 0.0163553 -0.0191275 -0.000831604 -0.0161183 0.999792 0.0124736 -0.0187709 0.0193275 -0.0121614 0.999739 0.0275449 0.0 0.0 0.0 1.0
fire/seq-02/color/frame-000270.color.png fire/seq-02/color/frame-000272.color.png 0.999779 0.0160675 -0.0135402 0.00196701 -0.0159069 0.999803 0.0118864 -0.0179337 0.0137286 -0.0116684 0.999838 0.01878 0.0 0.0 0.0 1.0
fire/seq-02/color/frame-000272.color.png fire/seq-02/color/frame-000274.color.png 0.999881 0.00830172 -0.0130188 0.00355089 -0.00823793 0.999954 0.00494355 -0.00787778 0.0130591 -0.00483581 0.999903 0.0148272 0.0 0.0 0.0 1.0
fire/seq-02/color/frame-000274.color.png fire/seq-02/color/frame-000276.color.png 0.999947 0.00536035 0.00875137 -0.0212837 -0.00533342 0.999981 -0.00309686 -0.000758871 -0.00876786 0.00305007 0.999957 0.0240209 0.0 0.0 0.0 1.0
fire/seq-02/color/frame-000276.color.png fire/seq-02/color/frame-000278.color.png 0.999879 0.00806211 -0.0132838 0.00572652 -0.00795097 0.999933 0.00839348 -0.0127175 0.0133507 -0.00828688 0.999876 0.0131115 0.0 0.0 0.0 1.0
fire/seq-02/color/frame-000278.color.png fire/seq-02/color/frame-000280.color.png 0.99991 0.00974103 -0.00918884 -0.00411463 -0.00969235 0.999939 0.00532727 -0.00858499 0.00924001 -0.00523777 0.999944 0.0161054 0.0 0.0 0.0 1.0
fire/seq-02/color/frame-000280.color.png fire/seq-02/color/frame-000282.color.png 0.999746 0.0132726 -0.0182038 0.00618756 -0.0130725 0.999853 0.0110706 -0.0193429 0.0183482 -0.0108298 0.999773 0.0160402 0.0 0.0 0.0 1.0
fire/seq-02/color/frame-000282.color.png fire/seq-02/color/frame-000284.color.png 0.999651 0.0197715 -0.017509 -0.00258374 -0.0195994 0.999758 0.00994619 -0.0175966 0.0177015 -0.00959962 0.999797 0.0214434 0.0 0.0 0.0 1.0
fire/seq-02/color/frame-000284.color.png fire/seq-02/color/frame-000286.color.png 0.999636 0.0169844 -0.0209808 0.00628006 -0.0167304 0.999785 0.0122274 -0.0208673 0.0211839 -0.0118719 0.999705 0.0161486 0.0 0.0 0.0 1.0
fire/seq-02/color/frame-000286.color.png fire/seq-02/color/frame-000288.color.png 0.99978 0.0126784 -0.016686 0.00344735 -0.0125851 0.999905 0.00568621 -0.0107456 0.0167566 -0.00547493 0.999845 0.014339 0.0 0.0 0.0 1.0
fire/seq-02/color/frame-000288.color.png fire/seq-02/color/frame-000290.color.png 0.999624 0.0160764 -0.0221912 0.0104891 -0.0158953 0.999839 0.00830971 -0.0169747 0.0223211 -0.00795384 0.999719 0.0187533 0.0 0.0 0.0 1.0
fire/seq-02/color/frame-000290.color.png fire/seq-02/color/frame-000292.color.png 0.999637 0.0164665 -0.0213287 0.0021677 -0.0162885 0.999831 0.0084933 -0.0187928 0.021465 -0.00814282 0.999736 0.0162982 0.0 0.0 0.0 1.0
fire/seq-02/color/frame-000292.color.png fire/seq-02/color/frame-000294.color.png 0.999559 0.0186647 -0.0231046 0.0115313 -0.0185629 0.999817 0.00461063 -0.0137033 0.0231863 -0.00417972 0.999722 0.0181684 0.0 0.0 0.0 1.0
fire/seq-02/color/frame-000294.color.png fire/seq-02/color/frame-000296.color.png 0.999578 0.0197306 -0.0213227 0.0055353 -0.0195819 0.999783 0.00716207 -0.0201143 0.0214595 -0.00674151 0.999747 0.0154549 0.0 0.0 0.0 1.0
fire/seq-02/color/frame-000296.color.png fire/seq-02/color/frame-000298.color.png 0.999419 0.0174713 -0.0292711 0.0152949 -0.0174385 0.999847 0.00137497 -0.0161008 0.0292905 -0.000863727 0.999571 0.0187097 0.0 0.0 0.0 1.0
fire/seq-02/color/frame-000298.color.png fire/seq-02/color/frame-000300.color.png 0.999693 0.0209407 -0.0132485 -0.00957626 -0.0209762 0.999777 -0.00254914 -0.0091065 0.0131921 0.00282622 0.999909 0.0255019 0.0 0.0 0.0 1.0
fire/seq-02/color/frame-000300.color.png fire/seq-02/color/frame-000302.color.png 0.99952 0.0188651 -0.0245695 0.0140899 -0.018838 0.999822 0.00133105 -0.0107396 0.0245902 -0.000867583 0.999697 0.0144354 0.0 0.0 0.0 1.0
fire/seq-02/color/frame-000302.color.png fire/seq-02/color/frame-000304.color.png 0.999568 0.0175861 -0.0235408 0.0115665 -0.0173739 0.999807 0.00919149 -0.0192029 0.0236979 -0.0087785 0.999681 0.0101303 0.0 0.0 0.0 1.0
fire/seq-02/color/frame-000304.color.png fire/seq-02/color/frame-000306.color.png 0.999674 0.00891537 -0.023921 0.0158665 -0.00898549 0.999956 -0.00282668 0.00159307 0.0238947 0.00304068 0.99971 0.00461537 0.0 0.0 0.0 1.0
fire/seq-02/color/frame-000306.color.png fire/seq-02/color/frame-000308.color.png 0.999697 0.00955782 -0.0226858 0.0180308 -0.00949546 0.999951 0.00285544 -0.00390004 0.022712 -0.00263912 0.999739 0.00673467 0.0 0.0 0.0 1.0
fire/seq-02/color/frame-000308.color.png fire/seq-02/color/frame-000310.color.png 0.999681 0.00389431 -0.0249699 0.017309 -0.00391698 0.999992 -0.000861183 -0.00237526 0.0249664 0.000958703 0.999688 0.00123274 0.0 0.0 0.0 1.0
fire/seq-02/color/frame-000310.color.png fire/seq-02/color/frame-000312.color.png 0.99946 0.0133287 -0.0300393 0.0225835 -0.013402 0.999908 -0.00223864 0.00390613 0.0300067 0.00263995 0.999546 0.00948077 0.0 0.0 0.0 1.0
fire/seq-02/color/frame-000312.color.png fire/seq-02/color/frame-000314.color.png 0.999498 0.0170193 -0.0267214 0.0187556 -0.0169715 0.999854 0.00201426 -0.00190261 0.0267518 -0.00155972 0.999641 0.0032081 0.0 0.0 0.0 1.0
fire/seq-02/color/frame-000314.color.png fire/seq-02/color/frame-000316.color.png 0.999511 0.0150289 -0.0274112 0.0197182 -0.014983 0.999886 0.00187831 0.00175056 0.0274364 -0.00146674 0.999623 0.000635624 0.0 0.0 0.0 1.0
fire/seq-02/color/frame-000316.color.png fire/seq-02/color/frame-000318.color.png 0.999775 0.00273227 -0.0210442 0.0115463 -0.0026475 0.999988 0.00405447 -0.000507504 0.021055 -0.00399778 0.99977 0.00326174 0.0 0.0 0.0 1.0
fire/seq-02/color/frame-000318.color.png fire/seq-02/color/frame-000320.color.png 0.999557 0.014165 -0.0261559 0.0153207 -0.0140112 0.999884 0.00605141 -0.00894532 0.0262384 -0.00568224 0.99964 0.00146466 0.0 0.0 0.0 1.0
fire/seq-02/color/frame-000320.color.png fire/seq-02/color/frame-000322.color.png 0.999735 0.0110725 -0.020182 0.00943774 -0.0110396 0.999938 0.00173917 -0.00244275 0.0202001 -0.00151591 0.999795 -0.00574595 0.0 0.0 0.0 1.0
fire/seq-02/color/frame-000322.color.png fire/seq-02/color/frame-000324.color.png 0.999648 0.0120797 -0.0236284 0.011433 -0.0120408 0.999926 0.00178826 -0.00160816 0.0236482 -0.00150311 0.999719 -0.000884295 0.0 0.0 0.0 1.0
fire/seq-02/color/frame-000324.color.png fire/seq-02/color/frame-000326.color.png 0.999365 0.0220835 -0.0279651 0.0181834 -0.0219538 0.999747 0.00493752 -0.00278187 0.028067 -0.00432044 0.999597 -0.000539899 0.0 0.0 0.0 1.0
fire/seq-02/color/frame-000326.color.png fire/seq-02/color/frame-000328.color.png 0.999848 0.0109094 -0.0135985 0.00541073 -0.0107911 0.999904 0.00873792 -0.00784373 0.0136924 -0.00858984 0.999869 -0.0029608 0.0 0.0 0.0 1.0
fire/seq-02/color/frame-000328.color.png fire/seq-02/color/frame-000330.color.png 0.9999 0.00879312 -0.0110821 0.00615942 -0.00876533 0.999958 0.00255381 0.0049316 0.0111042 -0.00245641 0.999935 0.000682741 0.0 0.0 0.0 1.0
fire/seq-02/color/frame-000330.color.png fire/seq-02/color/frame-000332.color.png 0.999628 0.0113969 -0.0247802 0.028521 -0.011343 0.999933 0.00231391 0.00406295 0.0248049 -0.00203194 0.99969 -0.00204837 0.0 0.0 0.0 1.0
fire/seq-02/color/frame-000332.color.png fire/seq-02/color/frame-000334.color.png 0.999957 0.00799389 -0.00465564 -0.00369775 -0.00797287 0.999958 0.00451611 -0.00741094 0.00469153 -0.0044788 0.999979 -0.0056757 0.0 0.0 0.0 1.0
fire/seq-02/color/frame-000334.color.png fire/seq-02/color/frame-000336.color.png 0.999972 -0.000367637 -0.00745971 0.00572693 0.000340028 0.999993 -0.0037008 0.0058535 0.00746105 0.00369813 0.999965 -0.00379601 0.0 0.0 0.0 1.0
fire/seq-02/color/frame-000336.color.png fire/seq-02/color/frame-000338.color.png 0.999983 0.00432489 -0.00391453 -0.0009951 -0.00433723 0.999986 -0.00315078 -0.00504914 0.00390083 0.00316772 0.999987 -0.00530419 0.0 0.0 0.0 1.0
fire/seq-02/color/frame-000338.color.png fire/seq-02/color/frame-000340.color.png 0.999816 0.0149187 -0.0120259 0.00259775 -0.0150094 0.999859 -0.00749223 -0.00286567 0.0119125 0.00767135 0.9999 -0.00967708 0.0 0.0 0.0 1.0
fire/seq-02/color/frame-000340.color.png fire/seq-02/color/frame-000342.color.png 0.999897 0.010824 -0.00937424 0.000800192 -0.0109105 0.999898 -0.00923275 0.00182563 0.00927334 0.00933409 0.999913 -0.00584713 0.0 0.0 0.0 1.0
fire/seq-02/color/frame-000342.color.png fire/seq-02/color/frame-000344.color.png 0.999864 0.0123978 -0.0108742 0.00011462 -0.0124716 0.999899 -0.00674972 -0.00447977 0.0107894 0.00688437 0.999918 -0.00765732 0.0 0.0 0.0 1.0
fire/seq-02/color/frame-000344.color.png fire/seq-02/color/frame-000346.color.png 0.999972 0.00328452 -0.00670211 0.00670093 -0.00329124 0.999994 -0.000990355 -0.0057894 0.00669884 0.00101236 0.999977 -0.00597298 0.0 0.0 0.0 1.0
fire/seq-02/color/frame-000346.color.png fire/seq-02/color/frame-000348.color.png 0.99991 0.0120596 -0.00587649 -0.0119388 -0.0121576 0.999782 -0.0169445 0.0157182 0.00567083 0.0170144 0.999839 -0.011008 0.0 0.0 0.0 1.0
fire/seq-02/color/frame-000348.color.png fire/seq-02/color/frame-000350.color.png 0.999879 0.0146596 -0.00529562 -0.00942886 -0.0146444 0.999889 0.00289691 -0.0125498 0.00533751 -0.00281892 0.999982 -0.00923181 0.0 0.0 0.0 1.0
fire/seq-02/color/frame-000350.color.png fire/seq-02/color/frame-000352.color.png 0.999893 0.0110214 -0.00962192 -0.00735843 -0.0110449 0.999936 -0.00239105 0.00342727 0.00959494 0.00249702 0.999951 -0.0109265 0.0 0.0 0.0 1.0
fire/seq-02/color/frame-000352.color.png fire/seq-02/color/frame-000354.color.png 0.999978 0.00234677 -0.00618761 0.00213683 -0.00234952 0.999997 -0.00043642 0.00473556 0.0061866 0.000450934 0.999981 -0.00372425 0.0 0.0 0.0 1.0
fire/seq-02/color/frame-000354.color.png fire/seq-02/color/frame-000356.color.png 0.999879 0.00605871 -0.0142985 0.000624835 -0.00603502 0.99998 0.0017001 0.00422153 0.0143085 -0.00161361 0.999896 -0.00417536 0.0 0.0 0.0 1.0
