stairs/seq-01/color/frame-000000.color.png stairs/seq-01/color/frame-000003.color.png 0.999996 -0.00224231 0.00188118 -0.0014431 0.00224163 0.999997 0.000365671 0.000416808 -0.001882 -0.000361453 0.999998 -0.00214922 0.0 0.0 0.0 1.0
stairs/seq-01/color/frame-000001.color.png stairs/seq-01/color/frame-000004.color.png 0.999996 -0.0025417 0.00130525 0.00025441 0.00254 0.999996 0.00130191 0.000811741 -0.00130856 -0.00129859 0.999998 -0.00103869 0.0 0.0 0.0 1.0
stairs/seq-01/color/frame-000002.color.png stairs/seq-01/color/frame-000005.color.png 0.999998 -0.0017986 0.000828579 0.00113069 0.00179652 0.999995 0.00250416 -0.000271149 -0.000833079 -0.00250267 0.999996 0.00450786 0.0 0.0 0.0 1.0
stairs/seq-01/color/frame-000003.color.png stairs/seq-01/color/frame-000006.color.png 0.999998 -0.00165055 0.000637092 0.00156904 0.00164954 0.999997 0.00157321 -0.00112236 -0.000639686 -0.00157216 0.999999 0.00291282 0.0 0.0 0.0 1.0
stairs/seq-01/color/frame-000004.color.png stairs/seq-01/color/frame-000007.color.png 0.999997 -0.00190584 0.00147003 -3.58692e-05 0.00190261 0.999996 0.00219051 -0.00212417 -0.0014742 -0.00218771 0.999996 5.94475e-06 0.0 0.0 0.0 1.0
stairs/seq-01/color/frame-000005.color.png stairs/seq-01/color/frame-000008.color.png 0.999997 -0.00244163 0.00046777 5.30367e-05 0.00244035 0.999993 0.0027239 -0.00169755 -0.000474417 -0.00272275 0.999996 -0.00073985 0.0 0.0 0.0 1.0
stairs/seq-01/color/frame-000006.color.png stairs/seq-01/color/frame-000009.color.png 0.999999 -0.00082902 0.000677925 0.000508049 0.000828496 0.999999 0.000773299 0.00139803 -0.000678566 -0.000772738 0.999999 0.000994084 0.0 0.0 0.0 1.0
stairs/seq-01/color/frame-000007.color.png stairs/seq-01/color/frame-000010.color.png 1.0 -0.000421232 0.000849879 0.000471557 0.00042089 1.0 0.000402636 0.00184895 -0.000850048 -0.000402278 1.0 -0.000199285 0.0 0.0 0.0 1.0
stairs/seq-01/color/frame-000008.color.png stairs/seq-01/color/frame-000011.color.png 0.999996 -0.00262371 0.000482598 0.000418582 0.00262244 0.999993 0.0026159 -0.00241945 -0.000489458 -0.00261463 0.999996 -0.000134666 0.0 0.0 0.0 1.0
stairs/seq-01/color/frame-000009.color.png stairs/seq-01/color/frame-000012.color.png 1.0 -0.000346076 0.000413648 -0.000962286 0.000345758 1.0 0.000770135 0.00129862 -0.000413915 -0.000769992 1.0 -0.000993083 0.0 0.0 0.0 1.0
stairs/seq-01/color/frame-000010.color.png stairs/seq-01/color/frame-000013.color.png 1.0 -0.0009717 -0.000178939 0.000835083 0.000971753 1.0 0.000298033 -0.000885598 0.000178649 -0.000298207 1.0 0.00228128 0.0 0.0 0.0 1.0
stairs/seq-01/color/frame-000011.color.png stairs/seq-01/color/frame-000014.color.png 0.999995 0.00012527 0.0031693 -0.00586639 -0.000128042 1.0 0.000874335 0.00321817 -0.00316919 -0.000874737 0.999995 -0.00249192 0.0 0.0 0.0 1.0
stairs/seq-01/color/frame-000012.color.png stairs/seq-01/color/frame-000015.color.png 0.999995 -0.00073039 0.0031446 -0.00158663 0.000722471 0.999997 0.00251837 -0.000279016 -0.00314643 -0.00251609 0.999992 0.000433076 0.0 0.0 0.0 1.0
stairs/seq-01/color/frame-000013.color.png stairs/seq-01/color/frame-000016.color.png 0.999982 -0.00369139 0.00469367 -0.00294901 0.00368216 0.999991 0.00197302 0.00163333 -0.00470091 -0.0019557 0.999987 -0.000865116 0.0 0.0 0.0 1.0
stairs/seq-01/color/frame-000014.color.png stairs/seq-01/color/frame-000017.color.png 0.99999 9.90168e-05 0.00448196 0.00264675 -0.000100018 1.0 0.000223226 0.00229378 -0.00448194 -0.000223671 0.99999 0.0029525 0.0 0.0 0.0 1.0
stairs/seq-01/color/frame-000015.color.png stairs/seq-01/color/frame-000018.color.png 0.999981 -0.00306869 0.00544869 0.00229735 0.00306016 0.999994 0.0015741 -0.000664088 -0.00545348 -0.0015574 0.999984 0.00213863 0.0 0.0 0.0 1.0
stairs/seq-01/color/frame-000016.color.png stairs/seq-01/color/frame-000019.color.png 0.999984 -0.00323171 0.0046491 0.00331151 0.00321636 0.999989 0.00330434 -0.00188253 -0.00465973 -0.00328933 0.999984 0.00227196 0.0 0.0 0.0 1.0
stairs/seq-01/color/frame-000017.color.png stairs/seq-01/color/frame-000020.color.png 0.999969 -0.00564772 0.00551408 0.000292957 0.00562741 0.999977 0.00369281 -0.00124049 -0.00553481 -0.00366167 0.999978 0.00253082 0.0 0.0 0.0 1.0
stairs/seq-01/color/frame-000018.color.png stairs/seq-01/color/frame-000021.color.png 0.999948 -0.00603386 0.00825443 0.000228354 0.00601635 0.999979 0.00214414 0.000863557 -0.0082672 -0.00209437 0.999964 0.0012625 0.0 0.0 0.0 1.0
stairs/seq-01/color/frame-000019.color.png stairs/seq-01/color/frame-000022.color.png 0.999952 -0.00415693 0.00883546 0.000766407 0.00413586 0.999988 0.00240164 0.000415684 -0.00884534 -0.00236498 0.999958 0.00292748 0.0 0.0 0.0 1.0
stairs/seq-01/color/frame-000020.color.png stairs/seq-01/color/frame-000023.color.png 0.99995 -0.00338934 0.00936783 0.0020692 0.00337154 0.999993 0.00191549 0.000121707 -0.00937425 -0.00188382 0.999954 0.00188218 0.0 0.0 0.0 1.0
stairs/seq-01/color/frame-000021.color.png stairs/seq-01/color/frame-000024.color.png 0.99991 -0.00321448 0.0129948 0.00258751 0.0031837 0.999992 0.00238818 0.000734163 -0.0130024 -0.0023466 0.999913 0.00179996 0.0 0.0 0.0 1.0
stairs/seq-01/color/frame-000022.color.png stairs/seq-01/color/frame-000025.color.png 0.999886 -0.00417725 0.0144993 0.000548573 0.00412334 0.999985 0.00374545 -0.00113798 -0.0145147 -0.00368524 0.999888 0.00234358 0.0 0.0 0.0 1.0
stairs/seq-01/color/frame-000023.color.png stairs/seq-01/color/frame-000026.color.png 0.99986 -0.00530713 0.0158912 0.00179275 0.00524274 0.999978 0.004091 -0.00274389 -0.0159126 -0.00400711 0.999865 0.00429352 0.0 0.0 0.0 1.0
stairs/seq-01/color/frame-000024.color.png stairs/seq-01/color/frame-000027.color.png 0.999837 -0.00968618 0.0152172 0.00237533 0.00967188 0.999953 0.00101347 -0.000229457 -0.0152263 -0.000866132 0.999884 0.00550809 0.0 0.0 0.0 1.0
stairs/seq-01/color/frame-000025.color.png stairs/seq-01/color/frame-000028.color.png 0.999785 -0.0129904 0.0161687 0.00338526 0.0130185 0.999914 -0.0016313 -0.00154878 -0.0161461 0.00184144 0.999868 0.00675192 0.0 0.0 0.0 1.0
stairs/seq-01/color/frame-000026.color.png stairs/seq-01/color/frame-000029.color.png 0.99981 -0.0118863 0.015447 0.00631914 0.0119917 0.999905 -0.0067457 0.0018339 -0.0153653 0.00692965 0.999858 0.00333865 0.0 0.0 0.0 1.0
stairs/seq-01/color/frame-000027.color.png stairs/seq-01/color/frame-000030.color.png 0.999757 -0.0121351 0.0184224 0.00486444 0.0122603 0.999903 -0.00669754 -9.59362e-05 -0.0183393 0.00692178 0.999808 0.00409566 0.0 0.0 0.0 1.0
stairs/seq-01/color/frame-000028.color.png stairs/seq-01/color/frame-000031.color.png 0.999752 -0.0112393 0.0192472 0.00656647 0.0113683 0.999914 -0.00660279 0.00339731 -0.0191713 0.00681995 0.999793 0.00105579 0.0 0.0 0.0 1.0
stairs/seq-01/color/frame-000029.color.png stairs/seq-01/color/frame-000032.color.png 0.99959 -0.0145842 0.0246199 0.00188039 0.0146894 0.999884 -0.00409879 0.000259519 -0.0245573 0.00445877 0.999689 0.00123903 0.0 0.0 0.0 1.0
stairs/seq-01/color/frame-000030.color.png stairs/seq-01/color/frame-000033.color.png 0.999769 -0.0108029 0.0185942 0.00657984 0.0107984 0.999942 0.000342054 -0.00334244 -0.0185968 -0.000141187 0.999827 0.00411996 0.0 0.0 0.0 1.0
stairs/seq-01/color/frame-000031.color.png stairs/seq-01/color/frame-000034.color.png 0.999403 -0.0228026 0.0259616 0.0112106 0.0228496 0.999738 -0.00151334 -0.0060945 -0.0259203 0.00210565 0.999662 0.00558959 0.0 0.0 0.0 1.0
stairs/seq-01/color/frame-000032.color.png stairs/seq-01/color/frame-000035.color.png 0.999426 -0.0204161 0.0270358 0.00877327 0.0205276 0.999782 -0.00385245 -0.00213108 -0.0269513 0.00440522 0.999627 0.00664194 0.0 0.0 0.0 1.0
stairs/seq-01/color/frame-000033.color.png stairs/seq-01/color/frame-000036.color.png 0.999441 -0.0227116 0.0245521 0.0104508 0.0228513 0.999724 -0.00542153 -0.00283893 -0.0244222 0.00597955 0.999684 0.00138136 0.0 0.0 0.0 1.0
stairs/seq-01/color/frame-000034.color.png stairs/seq-01/color/frame-000037.color.png 0.999747 -0.00963225 0.0203252 0.00393616 0.00972384 0.999943 -0.00441133 -0.000983558 -0.0202815 0.00460785 0.999784 0.000905307 0.0 0.0 0.0 1.0
stairs/seq-01/color/frame-000035.color.png stairs/seq-01/color/frame-000038.color.png 0.99962 -0.016071 0.022401 0.0111315 0.0161446 0.999865 -0.00311176 -0.00490506 -0.022348 0.00347223 0.999744 0.00267739 0.0 0.0 0.0 1.0
stairs/seq-01/color/frame-000036.color.png stairs/seq-01/color/frame-000039.color.png 0.99966 -0.0142969 0.021823 0.00917407 0.0144058 0.999884 -0.00484482 -0.00245788 -0.0217512 0.00515756 0.99975 0.000700213 0.0 0.0 0.0 1.0
stairs/seq-01/color/frame-000037.color.png stairs/seq-01/color/frame-000040.color.png 0.999619 -0.0157504 0.0226691 0.00727942 0.0159072 0.999851 -0.0067538 -0.00308558 -0.0225593 0.00711183 0.99972 0.00328698 0.0 0.0 0.0 1.0
stairs/seq-01/color/frame-000038.color.png stairs/seq-01/color/frame-000041.color.png 0.999777 -0.0138998 0.0159077 0.00697687 0.0140582 0.999852 -0.00988954 -0.00259205 -0.0157679 0.010111 0.999825 -0.000569431 0.0 0.0 0.0 1.0
stairs/seq-01/color/frame-000039.color.png stairs/seq-01/color/frame-000042.color.png 0.999543 -0.0157221 0.0258082 0.00630141 0.0161128 0.999758 -0.0149989 -0.00141609 -0.0255662 0.0154079 0.999554 0.00560806 0.0 0.0 0.0 1.0
stairs/seq-01/color/frame-000040.color.png stairs/seq-01/color/frame-000043.color.png 0.999536 -0.0173949 0.0250084 0.0105085 0.0178114 0.999705 -0.0165287 -0.00159293 -0.0247135 0.0169665 0.99955 0.00233202 0.0 0.0 0.0 1.0
stairs/seq-01/color/frame-000041.color.png stairs/seq-01/color/frame-000044.color.png 0.999537 -0.0143815 0.0268234 0.00853514 0.0147729 0.999786 -0.0144493 -0.0011581 -0.0266099 0.0148389 0.999536 0.000217211 0.0 0.0 0.0 1.0
stairs/seq-01/color/frame-000042.color.png stairs/seq-01/color/frame-000045.color.png 0.999467 -0.0162926 0.0282879 0.00895694 0.0165124 0.999835 -0.00755626 -0.00498722 -0.0281601 0.00801933 0.999571 0.00330577 0.0 0.0 0.0 1.0
stairs/seq-01/color/frame-000043.color.png stairs/seq-01/color/frame-000046.color.png 0.999454 -0.0137859 0.0300241 0.00703058 0.0139736 0.999884 -0.00604859 -0.00369663 -0.0299372 0.00646484 0.999531 0.00190689 0.0 0.0 0.0 1.0
stairs/seq-01/color/frame-000044.color.png stairs/seq-01/color/frame-000047.color.png 0.999592 -0.0135932 0.0251337 0.0134016 0.0136706 0.999902 -0.00291304 -0.00380213 -0.0250916 0.00325544 0.99968 0.00521713 0.0 0.0 0.0 1.0
stairs/seq-01/color/frame-000045.color.png stairs/seq-01/color/frame-000048.color.png 0.999774 -0.011796 0.0176766 0.0100119 0.0118172 0.99993 -0.00109685 -0.00469865 -0.0176624 0.00130549 0.999843 0.0046447 0.0 0.0 0.0 1.0
stairs/seq-01/color/frame-000046.color.png stairs/seq-01/color/frame-000049.color.png 0.9995 -0.0169424 0.0267003 0.00582151 0.0170271 0.999851 -0.00295062 -0.00259316 -0.0266463 0.00340378 0.999639 0.00215436 0.0 0.0 0.0 1.0
stairs/seq-01/color/frame-000047.color.png stairs/seq-01/color/frame-000050.color.png 0.999462 -0.0190465 0.0267149 0.00432198 0.0191445 0.999811 -0.00341413 -0.00311577 -0.0266448 0.00392374 0.999637 0.00616443 0.0 0.0 0.0 1.0
stairs/seq-01/color/frame-000048.color.png stairs/seq-01/color/frame-000051.color.png 0.999467 -0.019703 0.0260099 0.0036414 0.0198261 0.999793 -0.00447996 -0.000828065 -0.0259163 0.00499324 0.999652 0.000907984 0.0 0.0 0.0 1.0
stairs/seq-01/color/frame-000049.color.png stairs/seq-01/color/frame-000052.color.png 0.999522 -0.0188419 0.0244967 0.00626912 0.0189227 0.999816 -0.00307309 -0.0033068 -0.0244342 0.00353516 0.999695 0.00569198 0.0 0.0 0.0 1.0
stairs/seq-01/color/frame-000050.color.png stairs/seq-01/color/frame-000053.color.png 0.999497 -0.0190347 0.0253715 0.0056894 0.0191253 0.999812 -0.00333008 -0.0044139 -0.0253035 0.00381365 0.999672 0.00472653 0.0 0.0 0.0 1.0
stairs/seq-01/color/frame-000051.color.png stairs/seq-01/color/frame-000054.color.png 0.999407 -0.0200555 0.028004 0.00406392 0.0201604 0.999791 -0.00346875 -0.00641544 -0.0279286 0.00403127 0.999602 0.00398893 0.0 0.0 0.0 1.0
stairs/seq-01/color/frame-000052.color.png stairs/seq-01/color/frame-000055.color.png 0.999338 -0.0247747 0.0266301 0.0101341 0.0249458 0.99967 -0.00611044 -0.00108357 -0.0264699 0.0067707 0.999627 0.00259828 0.0 0.0 0.0 1.0
stairs/seq-01/color/frame-000053.color.png stairs/seq-01/color/frame-000056.color.png 0.999286 -0.0213837 0.0311609 0.00753494 0.0215061 0.999762 -0.00359952 -0.00260822 -0.0310764 0.0042671 0.999508 0.00480937 0.0 0.0 0.0 1.0
stairs/seq-01/color/frame-000054.color.png stairs/seq-01/color/frame-000057.color.png 0.999184 -0.0234333 0.0328925 0.0105951 0.023568 0.999715 -0.00371453 -0.00396961 -0.0327961 0.0044867 0.999452 0.00998953 0.0 0.0 0.0 1.0
stairs/seq-01/color/frame-000055.color.png stairs/seq-01/color/frame-000058.color.png 0.999185 -0.0230678 0.0331303 0.00712389 0.0231691 0.999728 -0.00267612 -0.00673072 -0.0330595 0.00344154 0.999447 0.00556395 0.0 0.0 0.0 1.0
stairs/seq-01/color/frame-000056.color.png stairs/seq-01/color/frame-000059.color.png 0.999232 -0.0247223 0.0304069 0.008265 0.0249024 0.999674 -0.0055583 -0.00534543 -0.0302596 0.00631124 0.999522 0.00072863 0.0 0.0 0.0 1.0
stairs/seq-01/color/frame-000057.color.png stairs/seq-01/color/frame-000060.color.png 0.998962 -0.0279256 0.036 0.0110478 0.0281378 0.999589 -0.00539918 -0.00302848 -0.0358344 0.00640653 0.999337 -0.00235078 0.0 0.0 0.0 1.0
stairs/seq-01/color/frame-000058.color.png stairs/seq-01/color/frame-000061.color.png 0.999153 -0.0224579 0.034482 0.0129019 0.0225022 0.999746 -0.000896983 -0.0014855 -0.0344531 0.00167215 0.999405 0.00388673 0.0 0.0 0.0 1.0
stairs/seq-01/color/frame-000059.color.png stairs/seq-01/color/frame-000062.color.png 0.999178 -0.0209632 0.0347002 0.00804658 0.0208388 0.999775 0.00394118 -0.00476046 -0.034775 -0.00321482 0.99939 -0.000524551 0.0 0.0 0.0 1.0
stairs/seq-01/color/frame-000060.color.png stairs/seq-01/color/frame-000063.color.png 0.999196 -0.0203405 0.0345647 0.0124963 0.0202505 0.99979 0.00295162 -0.00817916 -0.0346175 -0.00224929 0.999398 0.0131369 0.0 0.0 0.0 1.0
stairs/seq-01/color/frame-000061.color.png stairs/seq-01/color/frame-000064.color.png 0.999075 -0.0260983 0.0341727 0.00658618 0.0262928 0.999641 -0.00525632 -0.0054909 -0.0340232 0.00614995 0.999402 0.0103759 0.0 0.0 0.0 1.0
stairs/seq-01/color/frame-000062.color.png stairs/seq-01/color/frame-000065.color.png 0.999199 -0.029056 0.027505 0.013617 0.0292731 0.999543 -0.00751995 -0.00625737 -0.0272739 0.00831908 0.999593 0.00483606 0.0 0.0 0.0 1.0
stairs/seq-01/color/frame-000063.color.png stairs/seq-01/color/frame-000066.color.png 0.999365 -0.026169 0.0241871 0.00971273 0.0263699 0.99962 -0.00802619 -0.00620689 -0.0239679 0.00865893 0.999675 -0.00142435 0.0 0.0 0.0 1.0
stairs/seq-01/color/frame-000064.color.png stairs/seq-01/color/frame-000067.color.png 0.999694 -0.0173211 0.0176413 0.0138091 0.017437 0.999827 -0.0064401 -0.00440639 -0.0175268 0.00674576 0.999823 0.00240578 0.0 0.0 0.0 1.0
stairs/seq-01/color/frame-000065.color.png stairs/seq-01/color/frame-000068.color.png 0.999589 -0.0118015 0.026108 0.0109601 0.0119706 0.999908 -0.00633099 -0.0020253 -0.0260309 0.00664094 0.999639 0.016316 0.0 0.0 0.0 1.0
stairs/seq-01/color/frame-000066.color.png stairs/seq-01/color/frame-000069.color.png 0.999764 -0.0116511 0.018331 0.00925274 0.0117461 0.999918 -0.00508796 -0.000697598 -0.0182702 0.00530208 0.999819 -0.000922464 0.0 0.0 0.0 1.0
stairs/seq-01/color/frame-000067.color.png stairs/seq-01/color/frame-000070.color.png 0.99976 -0.0163419 0.0146085 0.0164098 0.0164342 0.999846 -0.00622048 -0.00635794 -0.0145047 0.00645907 0.999874 0.006879 0.0 0.0 0.0 1.0
stairs/seq-01/color/frame-000068.color.png stairs/seq-01/color/frame-000071.color.png 0.999734 -0.0188504 0.013292 0.0127973 0.0189519 0.999792 -0.00754203 -0.00569145 -0.013147 0.00779193 0.999883 -0.00131146 0.0 0.0 0.0 1.0
stairs/seq-01/color/frame-000069.color.png stairs/seq-01/color/frame-000072.color.png 0.999742 -0.0160328 0.0160843 0.0127679 0.0161376 0.999849 -0.00641314 -0.00744755 -0.015979 0.00667105 0.99985 0.0106856 0.0 0.0 0.0 1.0
stairs/seq-01/color/frame-000070.color.png stairs/seq-01/color/frame-000073.color.png 0.999794 -0.0146862 0.0140109 0.0119293 0.0147549 0.99988 -0.00481237 -0.00805348 -0.0139386 0.0050181 0.99989 -0.000548068 0.0 0.0 0.0 1.0
stairs/seq-01/color/frame-000071.color.png stairs/seq-01/color/frame-000074.color.png 0.999824 -0.0141232 0.0123715 0.0129212 0.0141586 0.999896 -0.00277667 -0.00784976 -0.012331 0.00295135 0.99992 0.00613005 0.0 0.0 0.0 1.0
stairs/seq-01/color/frame-000072.color.png stairs/seq-01/color/frame-000075.color.png 0.999915 -0.0115725 0.00599445 0.0214999 0.0115904 0.999928 -0.00295806 -0.003572 -0.00595974 0.00302729 0.999978 0.00139903 0.0 0.0 0.0 1.0
stairs/seq-01/color/frame-000073.color.png stairs/seq-01/color/frame-000076.color.png 0.999938 -0.0107216 0.00311195 0.0243383 0.010708 0.999933 0.00439771 -0.0169009 -0.00315888 -0.00436414 0.999985 -0.00511296 0.0 0.0 0.0 1.0
stairs/seq-01/color/frame-000074.color.png stairs/seq-01/color/frame-000077.color.png 0.999932 -0.0111775 -0.00347767 0.0324762 0.0111645 0.999931 -0.0037424 -0.00756546 0.00351925 0.0037033 0.999987 0.00433243 0.0 0.0 0.0 1.0
stairs/seq-01/color/frame-000075.color.png stairs/seq-01/color/frame-000078.color.png 0.999977 -0.00679852 -0.000130778 0.0245879 0.00679818 0.999974 -0.0025657 -0.0124519 0.0001482 0.00256474 0.999997 0.00706749 0.0 0.0 0.0 1.0
stairs/seq-01/color/frame-000076.color.png stairs/seq-01/color/frame-000079.color.png 0.99998 -0.00277421 0.0057504 0.00424226 0.00280235 0.999984 -0.00490164 -0.0027744 -0.00573677 0.00491763 0.999972 0.004533 0.0 0.0 0.0 1.0
stairs/seq-01/color/frame-000077.color.png stairs/seq-01/color/frame-000080.color.png 0.999983 -0.00309086 0.00492055 0.0213842 0.00311199 0.999986 -0.00429135 -0.0148548 -0.00490722 0.00430659 0.999979 0.00658794 0.0 0.0 0.0 1.0
stairs/seq-01/color/frame-000078.color.png stairs/seq-01/color/frame-000081.color.png 0.999966 -0.000922837 0.00815502 0.0240595 0.000985813 0.99997 -0.00772244 -0.010378 -0.00814766 0.0077302 0.999937 0.00762735 0.0 0.0 0.0 1.0
stairs/seq-01/color/frame-000079.color.png stairs/seq-01/color/frame-000082.color.png 0.99995 0.00300984 0.00955205 0.0208402 -0.00293953 0.999969 -0.00737105 -0.00628755 -0.00957391 0.00734264 0.999927 0.00311014 0.0 0.0 0.0 1.0
stairs/seq-01/color/frame-000080.color.png stairs/seq-01/color/frame-000083.color.png 0.999966 -0.000664668 0.00823849 0.0224471 0.000759655 0.999933 -0.0115288 -0.00633055 -0.00823019 0.0115346 0.9999 -0.0046196 0.0 0.0 0.0 1.0
stairs/seq-01/color/frame-000081.color.png stairs/seq-01/color/frame-000084.color.png 0.999887 -0.014239 0.00476218 0.0209095 0.014302 0.999807 -0.0134851 -0.0159133 -0.00456922 0.0135517 0.999898 -0.010528 0.0 0.0 0.0 1.0
stairs/seq-01/color/frame-000082.color.png stairs/seq-01/color/frame-000085.color.png 0.999863 -0.0141406 0.00858232 0.0388748 0.0143168 0.999681 -0.0208268 -0.0104274 -0.00828506 0.0209468 0.999746 0.00325864 0.0 0.0 0.0 1.0
stairs/seq-01/color/frame-000083.color.png stairs/seq-01/color/frame-000086.color.png 0.999801 -0.0142711 0.0139008 0.0265594 0.0145412 0.999704 -0.0195272 -0.00498552 -0.013618 0.0197254 0.999713 0.0174584 0.0 0.0 0.0 1.0
stairs/seq-01/color/frame-000084.color.png stairs/seq-01/color/frame-000087.color.png 0.999929 -0.00671686 0.00982571 0.0313325 0.00690564 0.99979 -0.0193153 -0.000882551 -0.0096939 0.0193818 0.999765 -0.00360294 0.0 0.0 0.0 1.0
stairs/seq-01/color/frame-000085.color.png stairs/seq-01/color/frame-000088.color.png 0.999954 -0.00347786 0.00895429 0.0255731 0.00360044 0.9999 -0.0137091 -0.00568659 -0.0089057 0.0137407 0.999866 -0.0155447 0.0 0.0 0.0 1.0
stairs/seq-01/color/frame-000086.color.png stairs/seq-01/color/frame-000089.color.png 0.999885 -0.00575482 0.0140543 0.0210444 0.00592419 0.99991 -0.0120368 -0.0108268 -0.0139838 0.0121187 0.999829 -0.00337587 0.0 0.0 0.0 1.0
stairs/seq-01/color/frame-000087.color.png stairs/seq-01/color/frame-000090.color.png 0.999839 -0.0099987 0.014908 0.0289583 0.0101439 0.999902 -0.0096943 -0.0121139 -0.0148097 0.00984398 0.999842 0.00145128 0.0 0.0 0.0 1.0
stairs/seq-01/color/frame-000088.color.png stairs/seq-01/color/frame-000091.color.png 0.999758 -0.0138858 0.0170461 0.0271769 0.0140463 0.999858 -0.00933131 -0.00851849 -0.0169142 0.0095685 0.999811 0.0217767 0.0 0.0 0.0 1.0
stairs/seq-01/color/frame-000089.color.png stairs/seq-01/color/frame-000092.color.png 0.99983 -0.0160773 0.00907794 0.0303507 0.0160952 0.999869 -0.00190571 -0.0164673 -0.00904609 0.00205149 0.999957 0.000973381 0.0 0.0 0.0 1.0
stairs/seq-01/color/frame-000090.color.png stairs/seq-01/color/frame-000093.color.png 0.999875 -0.0157964 -0.000137931 0.035194 0.0157964 0.999875 0.000813557 -0.024942 0.000125176 -0.000815651 1.0 -0.0160451 0.0 0.0 0.0 1.0
stairs/seq-01/color/frame-000091.color.png stairs/seq-01/color/frame-000094.color.png 0.999833 -0.0150161 0.0104121 0.0247065 0.0151386 0.999816 -0.0117804 -0.0107734 -0.0102333 0.011936 0.999876 0.00202772 0.0 0.0 0.0 1.0
stairs/seq-01/color/frame-000092.color.png stairs/seq-01/color/frame-000095.color.png 0.999899 -0.0135496 0.00425101 0.0422221 0.0135994 0.999837 -0.0118978 -0.0261594 -0.00408909 0.0119545 0.99992 -0.00362611 0.0 0.0 0.0 1.0
stairs/seq-01/color/frame-000093.color.png stairs/seq-01/color/frame-000096.color.png 0.999923 -0.00467871 0.0115087 0.0166298 0.00483023 0.999902 -0.0131627 -0.00490958 -0.011446 0.0132173 0.999847 0.00648457 0.0 0.0 0.0 1.0
stairs/seq-01/color/frame-000094.color.png stairs/seq-01/color/frame-000097.color.png 0.999991 -0.00423705 0.000545052 0.0095861 0.00424171 0.999954 -0.008622 -0.00438283 -0.00050855 0.00862425 0.999963 -0.000268653 0.0 0.0 0.0 1.0
stairs/seq-01/color/frame-000095.color.png stairs/seq-01/color/frame-000098.color.png 0.999988 -0.00356374 -0.00345576 0.0128656 0.00356837 0.999993 0.00135968 -0.0114845 0.00345094 -0.00137198 0.999993 0.00305748 0.0 0.0 0.0 1.0
stairs/seq-01/color/frame-000096.color.png stairs/seq-01/color/frame-000099.color.png 0.999953 -0.00902112 -0.00365606 0.0178517 0.0090252 0.999959 0.0011164 -0.0148628 0.00364588 -0.00114933 0.999993 0.00902121 0.0 0.0 0.0 1.0
stairs/seq-01/color/frame-000097.color.png stairs/seq-01/color/frame-000100.color.png 0.999949 -0.00954581 0.00335824 0.0121442 0.00952873 0.999942 0.0050374 -0.0147824 -0.00340606 -0.00500513 0.999982 0.00960437 0.0 0.0 0.0 1.0
stairs/seq-01/color/frame-000098.color.png stairs/seq-01/color/frame-000101.color.png 0.999912 -0.00879136 0.00990935 0.0169621 0.00880692 0.99996 -0.00152271 -0.00371975 -0.00989558 0.00160982 0.99995 0.0210041 0.0 0.0 0.0 1.0
stairs/seq-01/color/frame-000099.color.png stairs/seq-01/color/frame-000102.color.png 0.999944 -0.00408624 0.0097881 0.0139804 0.00406375 0.999989 0.00231778 -0.00254966 -0.00979751 -0.00227784 0.999949 0.0169091 0.0 0.0 0.0 1.0
stairs/seq-01/color/frame-000100.color.png stairs/seq-01/color/frame-000103.color.png 0.999884 -0.00528417 0.014273 0.000997901 0.00513684 0.999933 0.0103469 -0.0124181 -0.0143268 -0.0102724 0.999845 0.0195942 0.0 0.0 0.0 1.0
stairs/seq-01/color/frame-000101.color.png stairs/seq-01/color/frame-000104.color.png 0.999982 -0.00593516 -0.000273377 0.0299454 0.00593938 0.999786 0.0198345 -0.0348042 0.000155607 -0.0198358 0.999803 0.0254663 0.0 0.0 0.0 1.0
stairs/seq-01/color/frame-000102.color.png stairs/seq-01/color/frame-000105.color.png 0.999973 0.00658477 -0.00332275 0.0479982 -0.00651766 0.999782 0.019815 -0.0317195 0.00345244 -0.0197928 0.999798 0.0376323 0.0 0.0 0.0 1.0
stairs/seq-01/color/frame-000103.color.png stairs/seq-01/color/frame-000106.color.png 0.999845 0.00201155 -0.0174922 0.0672539 -0.00178104 0.999911 0.0131884 -0.0359963 0.0175171 -0.0131552 0.99976 0.0202821 0.0 0.0 0.0 1.0
stairs/seq-01/color/frame-000104.color.png stairs/seq-01/color/frame-000107.color.png 0.999998 0.000615349 -0.00185497 0.0162797 -0.00060541 0.999986 0.00527867 -0.0208519 0.0018582 -0.00527758 0.999984 0.0217573 0.0 0.0 0.0 1.0
stairs/seq-01/color/frame-000105.color.png stairs/seq-01/color/frame-000108.color.png 0.999887 -0.00937964 -0.0117705 0.0264319 0.00941092 0.999952 0.00260088 -0.0258636 0.0117456 -0.0027114 0.999927 0.0178048 0.0 0.0 0.0 1.0
stairs/seq-01/color/frame-000106.color.png stairs/seq-01/color/frame-000109.color.png 0.999848 -0.01175 -0.012915 0.0382426 0.0118099 0.99992 0.00457282 -0.0364532 0.0128602 -0.00472464 0.999906 0.0277684 0.0 0.0 0.0 1.0
stairs/seq-01/color/frame-000107.color.png stairs/seq-01/color/frame-000110.color.png 0.999957 0.00162008 -0.00912803 0.0440069 -0.00158385 0.999991 0.00398915 -0.0280041 0.00913434 -0.00397446 0.99995 0.0338406 0.0 0.0 0.0 1.0
stairs/seq-01/color/frame-000108.color.png stairs/seq-01/color/frame-000111.color.png 0.999959 0.00894445 -0.00134122 0.0387693 -0.00893364 0.999929 0.00788664 -0.0403204 0.00141161 -0.00787433 0.999968 0.0359746 0.0 0.0 0.0 1.0
stairs/seq-01/color/frame-000109.color.png stairs/seq-01/color/frame-000112.color.png 0.999818 0.0150967 -0.0116565 0.0389376 -0.0151192 0.999884 -0.00184846 -0.0220472 0.0116273 0.00202434 0.99993 0.0296497 0.0 0.0 0.0 1.0
stairs/seq-01/color/frame-000110.color.png stairs/seq-01/color/frame-000113.color.png 0.999604 0.0205685 -0.0191902 0.0519825 -0.0206851 0.999769 -0.00589563 -0.010889 0.0190645 0.00629027 0.999799 0.0248203 0.0 0.0 0.0 1.0
stairs/seq-01/color/frame-000111.color.png stairs/seq-01/color/frame-000114.color.png 0.99981 0.00948343 -0.017011 0.0340424 -0.00952296 0.999952 -0.00224258 -0.0256516 0.016989 0.00240416 0.999853 0.0217531 0.0 0.0 0.0 1.0
stairs/seq-01/color/frame-000112.color.png stairs/seq-01/color/frame-000115.color.png 0.999761 0.0132396 -0.0174187 0.0358357 -0.0132457 0.999912 -0.00023555 -0.0203583 0.017414 0.000466238 0.999848 0.0253813 0.0 0.0 0.0 1.0
stairs/seq-01/color/frame-000113.color.png stairs/seq-01/color/frame-000116.color.png 0.999369 0.00752096 -0.0347143 0.0432876 -0.00725286 0.999943 0.00784034 -0.0282356 0.0347713 -0.00758364 0.999367 0.0169905 0.0 0.0 0.0 1.0
stairs/seq-01/color/frame-000114.color.png stairs/seq-01/color/frame-000117.color.png 0.998606 0.0111942 -0.0515767 0.0365106 -0.0108273 0.999914 0.00738574 -0.0202838 0.051655 -0.00681704 0.998642 0.00663181 0.0 0.0 0.0 1.0
stairs/seq-01/color/frame-000115.color.png stairs/seq-01/color/frame-000118.color.png 0.998229 0.00530031 -0.0592595 0.0555894 -0.00454977 0.999908 0.0127929 -0.0438217 0.0593219 -0.0125006 0.998161 -0.0198472 0.0 0.0 0.0 1.0
stairs/seq-01/color/frame-000116.color.png stairs/seq-01/color/frame-000119.color.png 0.999274 0.0105317 -0.0366144 0.0252602 -0.0107553 0.999925 -0.00591481 -0.00850508 0.0365493 0.00630433 0.999312 -0.000371203 0.0 0.0 0.0 1.0
stairs/seq-01/color/frame-000117.color.png stairs/seq-01/color/frame-000120.color.png 0.99938 0.0133573 -0.0325687 0.0346554 -0.0136201 0.999876 -0.0078608 -0.00631604 0.0324597 0.00829956 0.999439 -0.00228161 0.0 0.0 0.0 1.0
stairs/seq-01/color/frame-000118.color.png stairs/seq-01/color/frame-000121.color.png 0.99919 0.0179016 -0.0360512 0.030653 -0.0182533 0.999789 -0.00945031 0.00278467 0.0358744 0.0101007 0.999305 0.000862449 0.0 0.0 0.0 1.0
stairs/seq-01/color/frame-000119.color.png stairs/seq-01/color/frame-000122.color.png 0.998957 0.0190734 -0.0414883 0.0361453 -0.0190975 0.999818 -0.000184658 -0.0157228 0.0414772 0.000976809 0.999139 -0.00622255 0.0 0.0 0.0 1.0
stairs/seq-01/color/frame-000120.color.png stairs/seq-01/color/frame-000123.color.png 0.999091 0.0157869 -0.0395902 0.0101941 -0.0155744 0.999863 0.00567048 -0.00917056 0.0396743 -0.00504878 0.9992 -0.0158335 0.0 0.0 0.0 1.0
stairs/seq-01/color/frame-000121.color.png stairs/seq-01/color/frame-000124.color.png 0.99862 0.0237711 -0.0468338 0.0368372 -0.0230833 0.999618 0.0151717 -0.00781447 0.0471766 -0.0140697 0.998788 -0.0183098 0.0 0.0 0.0 1.0
stairs/seq-01/color/frame-000122.color.png stairs/seq-01/color/frame-000125.color.png 0.998648 0.0277189 -0.0439634 0.0486065 -0.026723 0.999376 0.0230814 -0.00827816 0.0445758 -0.0218754 0.998767 -0.0139493 0.0 0.0 0.0 1.0
stairs/seq-01/color/frame-000123.color.png stairs/seq-01/color/frame-000126.color.png 0.998793 0.0369269 -0.0323893 0.050594 -0.0363143 0.999154 0.0193005 0.000317007 0.0330746 -0.018101 0.999289 0.0141678 0.0 0.0 0.0 1.0
stairs/seq-01/color/frame-000124.color.png stairs/seq-01/color/frame-000127.color.png 0.998749 0.0366219 -0.0340381 0.0533552 -0.0360166 0.999185 0.0182283 -0.0192308 0.0346778 -0.0169796 0.999254 -0.0155778 0.0 0.0 0.0 1.0
stairs/seq-01/color/frame-000125.color.png stairs/seq-01/color/frame-000128.color.png 0.998228 0.0492057 -0.0334733 0.0460747 -0.0491688 0.998789 0.0019259 0.0190919 0.0335275 -0.000276647 0.999438 -0.00491023 0.0 0.0 0.0 1.0
stairs/seq-01/color/frame-000126.color.png stairs/seq-01/color/frame-000129.color.png 0.997865 0.0501884 -0.0417821 0.0525054 -0.0502266 0.998738 0.000138222 0.0223188 0.0417363 0.00196065 0.999127 -0.0153722 0.0 0.0 0.0 1.0
stairs/seq-01/color/frame-000127.color.png stairs/seq-01/color/frame-000130.color.png 0.997943 0.0411846 -0.0491222 0.053421 -0.0413107 0.999145 -0.00155441 0.0161745 0.0490161 0.00358048 0.998792 -0.0253672 0.0 0.0 0.0 1.0
stairs/seq-01/color/frame-000128.color.png stairs/seq-01/color/frame-000131.color.png 0.997871 0.0383207 -0.0527659 0.0658574 -0.0380374 0.999256 0.00636266 0.00922307 0.0529704 -0.00434204 0.998587 -0.0319518 0.0 0.0 0.0 1.0
stairs/seq-01/color/frame-000129.color.png stairs/seq-01/color/frame-000132.color.png 0.998535 0.0314277 -0.044053 0.0503089 -0.0313945 0.999506 0.00144616 0.00878537 0.0440766 -6.10121e-05 0.999028 -0.0269455 0.0 0.0 0.0 1.0
stairs/seq-01/color/frame-000130.color.png stairs/seq-01/color/frame-000133.color.png 0.998922 0.0262935 -0.0382544 0.04313 -0.0262426 0.999654 0.00183316 0.0103174 0.0382894 -0.000827295 0.999266 -0.0207824 0.0 0.0 0.0 1.0
stairs/seq-01/color/frame-000131.color.png stairs/seq-01/color/frame-000134.color.png 0.998909 0.0236678 -0.0402525 0.0564129 -0.0232223 0.999664 0.0115003 -0.00746697 0.0405112 -0.010553 0.999123 -0.0331623 0.0 0.0 0.0 1.0
stairs/seq-01/color/frame-000132.color.png stairs/seq-01/color/frame-000135.color.png 0.999159 0.0123769 -0.0391041 0.0387412 -0.0120055 0.999881 0.00971918 -0.0137167 0.0392197 -0.00924155 0.999188 -0.0311136 0.0 0.0 0.0 1.0
stairs/seq-01/color/frame-000133.color.png stairs/seq-01/color/frame-000136.color.png 0.998991 0.0147838 -0.0423998 0.0456038 -0.0141707 0.999791 0.0147238 -0.0161 0.0426086 -0.0141081 0.998992 -0.0317236 0.0 0.0 0.0 1.0
stairs/seq-01/color/frame-000134.color.png stairs/seq-01/color/frame-000137.color.png 0.999271 0.016952 -0.0342045 0.0380057 -0.0168412 0.999852 0.00352606 0.00600737 0.0342592 -0.00294744 0.999409 -0.026484 0.0 0.0 0.0 1.0
stairs/seq-01/color/frame-000135.color.png stairs/seq-01/color/frame-000138.color.png 0.998255 0.0186963 -0.0560215 0.0977622 -0.01758 0.999638 0.0203531 -0.0312056 0.0563817 -0.0193327 0.998222 -0.0476069 0.0 0.0 0.0 1.0
stairs/seq-01/color/frame-000136.color.png stairs/seq-01/color/frame-000139.color.png 0.998972 0.020429 -0.0404687 0.055846 -0.0202462 0.999783 0.00492048 -0.00492901 0.0405604 -0.00409608 0.999169 -0.028048 0.0 0.0 0.0 1.0
stairs/seq-01/color/frame-000137.color.png stairs/seq-01/color/frame-000140.color.png 0.999026 0.0223744 -0.0380414 0.0452383 -0.0220375 0.999714 0.00925174 -0.00450253 0.0382375 -0.00840439 0.999233 -0.034572 0.0 0.0 0.0 1.0
stairs/seq-01/color/frame-000138.color.png stairs/seq-01/color/frame-000141.color.png 0.99917 0.029734 -0.0278565 0.0306193 -0.0296548 0.999555 0.00325081 0.0113806 0.0279408 -0.00242204 0.999607 -0.0264981 0.0 0.0 0.0 1.0
stairs/seq-01/color/frame-000139.color.png stairs/seq-01/color/frame-000142.color.png 0.999349 0.0248756 -0.0261412 0.0325851 -0.0247753 0.999685 0.00415564 0.00778183 0.0262364 -0.00350527 0.99965 -0.0229828 0.0 0.0 0.0 1.0
stairs/seq-01/color/frame-000140.color.png stairs/seq-01/color/frame-000143.color.png 0.999339 0.0234283 -0.0277879 0.0342308 -0.0232093 0.999697 0.00817586 0.00446379 0.0279711 -0.00752552 0.99958 -0.025413 0.0 0.0 0.0 1.0
stairs/seq-01/color/frame-000141.color.png stairs/seq-01/color/frame-000144.color.png 0.999372 0.0168837 -0.0311689 0.0362203 -0.0165376 0.999799 0.0113295 -0.00267777 0.0313539 -0.0108069 0.99945 -0.0238829 0.0 0.0 0.0 1.0
stairs/seq-01/color/frame-000142.color.png stairs/seq-01/color/frame-000145.color.png 0.9996 0.0161966 -0.0231833 0.0268799 -0.0159762 0.999826 0.00966099 0.00195357 0.0233357 -0.00928675 0.999685 -0.0122916 0.0 0.0 0.0 1.0
stairs/seq-01/color/frame-000143.color.png stairs/seq-01/color/frame-000146.color.png 0.999708 0.0218675 -0.0102819 0.0149314 -0.0218465 0.999759 0.00214981 0.00779596 0.0103265 -0.00192455 0.999945 0.00664511 0.0 0.0 0.0 1.0
stairs/seq-01/color/frame-000144.color.png stairs/seq-01/color/frame-000147.color.png 0.999707 0.0164062 -0.017782 0.0242937 -0.0164637 0.99986 -0.00309321 0.0069457 0.0177288 0.00338507 0.999837 -0.00733259 0.0 0.0 0.0 1.0
stairs/seq-01/color/frame-000145.color.png stairs/seq-01/color/frame-000148.color.png 0.99948 0.02097 -0.0244851 0.0330053 -0.0211195 0.99976 -0.00586269 0.0151387 0.0243562 0.00637676 0.999683 -0.0173624 0.0 0.0 0.0 1.0
stairs/seq-01/color/frame-000146.color.png stairs/seq-01/color/frame-000149.color.png 0.999591 0.019504 -0.020915 0.0232198 -0.0193669 0.99979 0.00673885 -0.010462 0.021042 -0.00633104 0.999759 -0.0104138 0.0 0.0 0.0 1.0
stairs/seq-01/color/frame-000147.color.png stairs/seq-01/color/frame-000150.color.png 0.999764 0.0215918 -0.00242583 -0.00316411 -0.0216018 0.999758 -0.00414941 0.0129355 0.00233565 0.00420083 0.999988 0.0128651 0.0 0.0 0.0 1.0
stairs/seq-01/color/frame-000148.color.png stairs/seq-01/color/frame-000151.color.png 0.999735 0.0146503 -0.0177305 0.0156029 -0.0146033 0.999889 0.00277272 -0.00737676 0.0177692 -0.00251306 0.999839 -0.00319064 0.0 0.0 0.0 1.0
stairs/seq-01/color/frame-000149.color.png stairs/seq-01/color/frame-000152.color.png 0.999831 0.00309393 -0.0181337 0.016383 -0.00306215 0.999994 0.00177892 -0.0181309 0.0181391 -0.00172309 0.999834 -0.00802952 0.0 0.0 0.0 1.0
stairs/seq-01/color/frame-000150.color.png stairs/seq-01/color/frame-000153.color.png 0.99985 0.00526175 -0.0165106 0.0127366 -0.00519622 0.999978 0.00400936 -0.0176261 0.0165314 -0.00392297 0.999856 0.00261548 0.0 0.0 0.0 1.0
stairs/seq-01/color/frame-000151.color.png stairs/seq-01/color/frame-000154.color.png 0.999896 0.0105813 -0.00982733 0.0197682 -0.0105748 0.999944 0.000721599 -0.0107157 0.00983442 -0.000617602 0.999951 -0.00293356 0.0 0.0 0.0 1.0
stairs/seq-01/color/frame-000152.color.png stairs/seq-01/color/frame-000155.color.png 0.99995 0.00980231 -0.00181734 0.0156185 -0.00979937 0.999951 0.00162647 -0.0167162 0.0018332 -0.00160858 0.999997 0.0209316 0.0 0.0 0.0 1.0
stairs/seq-01/color/frame-000153.color.png stairs/seq-01/color/frame-000156.color.png 0.999983 0.00550068 -0.00183728 0.0119177 -0.00549404 0.999978 0.00359133 -0.0238727 0.00185699 -0.00358118 0.999992 0.0127061 0.0 0.0 0.0 1.0
stairs/seq-01/color/frame-000154.color.png stairs/seq-01/color/frame-000157.color.png 0.999922 0.011408 0.0050054 0.00368005 -0.0114051 0.999935 -0.000620859 -0.0180795 -0.00501215 0.000563724 0.999987 0.0199219 0.0 0.0 0.0 1.0
stairs/seq-01/color/frame-000155.color.png stairs/seq-01/color/frame-000158.color.png 0.999969 0.00710985 0.00343925 0.000536621 -0.00707775 0.999932 -0.00925639 -0.00105137 -0.00350483 0.00923176 0.999951 0.0185791 0.0 0.0 0.0 1.0
stairs/seq-01/color/frame-000156.color.png stairs/seq-01/color/frame-000159.color.png 0.999976 0.00532497 -0.00434126 0.025283 -0.00535136 0.999967 -0.00608892 -0.0205934 0.00430869 0.00611201 0.999972 0.0187277 0.0 0.0 0.0 1.0
stairs/seq-01/color/frame-000157.color.png stairs/seq-01/color/frame-000160.color.png 0.999921 0.0098783 0.00774501 -0.000665903 -0.00971328 0.999731 -0.0210629 0.0217602 -0.007951 0.020986 0.999748 0.0350403 0.0 0.0 0.0 1.0
stairs/seq-01/color/frame-000158.color.png stairs/seq-01/color/frame-000161.color.png 0.999981 0.0026882 0.00556587 -0.00590563 -0.00269235 0.999996 0.000735266 -0.0328574 -0.00556387 -0.000750237 0.999984 0.0194081 0.0 0.0 0.0 1.0
stairs/seq-01/color/frame-000159.color.png stairs/seq-01/color/frame-000162.color.png 0.999986 0.00388713 0.00372516 -0.000429749 -0.00386421 0.999974 -0.00614342 -0.00583476 -0.00374894 0.00612893 0.999974 0.0230407 0.0 0.0 0.0 1.0
stairs/seq-01/color/frame-000160.color.png stairs/seq-01/color/frame-000163.color.png 0.999913 0.0121192 0.00517452 -0.000709653 -0.0120856 0.999906 -0.00647344 -0.000395954 -0.00525249 0.00641034 0.999966 0.0265564 0.0 0.0 0.0 1.0
stairs/seq-01/color/frame-000161.color.png stairs/seq-01/color/frame-000164.color.png 0.999874 0.014954 0.00530312 0.00116241 -0.0149423 0.999886 -0.00223507 0.00323653 -0.00533594 0.00215555 0.999983 0.0257032 0.0 0.0 0.0 1.0
stairs/seq-01/color/frame-000162.color.png stairs/seq-01/color/frame-000165.color.png 0.99988 0.0149699 0.00407573 0.00801915 -0.0149399 0.999862 -0.00730923 -0.000659108 -0.00418459 0.00724746 0.999965 0.0368463 0.0 0.0 0.0 1.0
stairs/seq-01/color/frame-000163.color.png stairs/seq-01/color/frame-000166.color.png 0.999993 0.00290715 0.00231826 -0.00141549 -0.00290893 0.999995 0.000771338 -0.0198207 -0.002316 -0.000778077 0.999997 0.021825 0.0 0.0 0.0 1.0
stairs/seq-01/color/frame-000164.color.png stairs/seq-01/color/frame-000167.color.png 0.999999 -0.000134327 -0.0017369 0.0045895 0.00010995 0.999902 -0.0140255 0.00507712 0.00173862 0.0140253 0.9999 0.0352101 0.0 0.0 0.0 1.0
stairs/seq-01/color/frame-000165.color.png stairs/seq-01/color/frame-000168.color.png 0.999971 -0.00320705 0.00687262 -0.0174956 0.00316536 0.999977 0.00606726 -0.0272986 -0.00689192 -0.00604533 0.999958 0.0175977 0.0 0.0 0.0 1.0
stairs/seq-01/color/frame-000166.color.png stairs/seq-01/color/frame-000169.color.png 0.999994 -0.00307109 0.0015216 -0.00571781 0.00306387 0.999984 0.00471308 -0.035045 -0.00153605 -0.00470839 0.999988 0.0195457 0.0 0.0 0.0 1.0
stairs/seq-01/color/frame-000167.color.png stairs/seq-01/color/frame-000170.color.png 0.999974 0.00603207 0.0038697 -0.000755429 -0.00603083 0.999982 -0.000332827 -0.0086711 -0.00387163 0.000309482 0.999992 0.021465 0.0 0.0 0.0 1.0
stairs/seq-01/color/frame-000168.color.png stairs/seq-01/color/frame-000171.color.png 0.999965 0.00137007 -0.00827614 0.0244125 -0.00135676 0.999998 0.0016139 -0.0243284 0.00827833 -0.00160261 0.999964 0.0177867 0.0 0.0 0.0 1.0
stairs/seq-01/color/frame-000169.color.png stairs/seq-01/color/frame-000172.color.png 0.999997 -0.00110742 0.00222596 0.00397444 0.00110808 0.999999 -0.000288764 -0.0121568 -0.00222564 0.000291226 0.999997 0.0279407 0.0 0.0 0.0 1.0
stairs/seq-01/color/frame-000170.color.png stairs/seq-01/color/frame-000173.color.png 0.999923 -0.00803175 0.00943678 -0.017878 0.00799521 0.99996 0.00390266 -0.0298842 -0.00946775 -0.00382691 0.999948 0.025126 0.0 0.0 0.0 1.0
stairs/seq-01/color/frame-000171.color.png stairs/seq-01/color/frame-000174.color.png 0.999988 -0.00414137 0.00250393 -0.00390148 0.00413105 0.999983 0.00411254 -0.0111416 -0.00252092 -0.00410215 0.999988 0.0177362 0.0 0.0 0.0 1.0
stairs/seq-01/color/frame-000172.color.png stairs/seq-01/color/frame-000175.color.png 0.999674 -0.0164848 -0.019481 0.0444098 0.0167806 0.999745 0.0151216 -0.0512065 0.0192267 -0.0154436 0.999696 -0.00765756 0.0 0.0 0.0 1.0
stairs/seq-01/color/frame-000173.color.png stairs/seq-01/color/frame-000176.color.png 0.999986 -0.000529418 0.00530917 0.00426364 0.000479504 0.999956 0.0093954 -0.0218074 -0.00531391 -0.00939272 0.999942 0.0122752 0.0 0.0 0.0 1.0
stairs/seq-01/color/frame-000174.color.png stairs/seq-01/color/frame-000177.color.png 0.999993 0.0031921 0.00178703 0.0245759 -0.00320308 0.999976 0.00617818 -0.0174322 -0.00176726 -0.00618387 0.999979 0.0123094 0.0 0.0 0.0 1.0
stairs/seq-01/color/frame-000175.color.png stairs/seq-01/color/frame-000178.color.png 0.99988 0.000176062 0.0154578 -0.00600851 -0.000164558 1.0 -0.000745521 -0.0100794 -0.0154579 0.000742891 0.99988 0.0244665 0.0 0.0 0.0 1.0
