stairs/seq-01/color/frame-000000.color.png stairs/seq-01/color/frame-000002.color.png 0.999999 -0.00133936 0.000130582 0.00205309 0.00133941 0.999999 -0.000342457 -0.000679215 -0.000130124 0.000342631 1.0 0.000672123 0.0 0.0 0.0 1.0
stairs/seq-01/color/frame-000001.color.png stairs/seq-01/color/frame-000003.color.png 0.999996 -0.00275765 0.000931359 0.000406566 0.00275714 0.999996 0.000548585 -0.000721302 -0.000932868 -0.000546015 0.999999 -0.00208783 0.0 0.0 0.0 1.0
stairs/seq-01/color/frame-000002.color.png stairs/seq-01/color/frame-000004.color.png 1.0 0.000210107 0.000633282 -0.00109009 -0.000210731 0.999999 0.000985933 0.00344876 -0.000633074 -0.000986066 0.999999 -0.000915399 0.0 0.0 0.0 1.0
stairs/seq-01/color/frame-000003.color.png stairs/seq-01/color/frame-000005.color.png 1.0 -0.000239993 0.000910054 0.00109284 0.000240098 1.0 -0.000115101 0.00198868 -0.000910027 0.000115319 1.0 0.00431375 0.0 0.0 0.0 1.0
stairs/seq-01/color/frame-000004.color.png stairs/seq-01/color/frame-000006.color.png 0.999994 -0.00302479 0.00189754 -0.000756787 0.00302203 0.999994 0.00145524 -0.0038563 -0.00190193 -0.0014495 0.999997 0.00153588 0.0 0.0 0.0 1.0
stairs/seq-01/color/frame-000005.color.png stairs/seq-01/color/frame-000007.color.png 0.999998 -0.00199424 0.000491613 -0.000557453 0.0019929 0.999994 0.00271373 -0.00226629 -0.000497021 -0.00271275 0.999996 -0.00264079 0.0 0.0 0.0 1.0
stairs/seq-01/color/frame-000006.color.png stairs/seq-01/color/frame-000008.color.png 1.0 -0.000117557 -0.000192456 -4.93596e-05 0.000117644 1.0 0.000454408 0.00214941 0.000192403 -0.00045443 1.0 -0.00174156 0.0 0.0 0.0 1.0
stairs/seq-01/color/frame-000007.color.png stairs/seq-01/color/frame-000009.color.png 0.999999 0.000437243 0.0014288 -0.00197095 -0.000434036 0.999997 -0.00224409 0.00357458 -0.00142978 0.00224346 0.999996 -0.000855499 0.0 0.0 0.0 1.0
stairs/seq-01/color/frame-000008.color.png stairs/seq-01/color/frame-000010.color.png 0.999999 0.000690724 0.00157643 -0.000585846 -0.00069288 0.999999 0.00136779 0.000512239 -0.00157548 -0.00136888 0.999998 -0.00170023 0.0 0.0 0.0 1.0
stairs/seq-01/color/frame-000009.color.png stairs/seq-01/color/frame-000011.color.png 0.999998 -0.00188618 -0.000584757 0.00152188 0.00188766 0.999995 0.00253683 -0.00163193 0.000579969 -0.00253793 0.999997 -2.88592e-05 0.0 0.0 0.0 1.0
stairs/seq-01/color/frame-000010.color.png stairs/seq-01/color/frame-000012.color.png 0.999999 -0.00141896 -0.000993643 0.00140068 0.00141845 0.999999 -0.000515714 0.000665899 0.000994373 0.000514304 0.999999 0.00303605 0.0 0.0 0.0 1.0
stairs/seq-01/color/frame-000011.color.png stairs/seq-01/color/frame-000013.color.png 1.0 0.000387753 0.000491322 0.000715635 -0.000387951 1.0 0.000403931 -0.000926869 -0.000491166 -0.000404122 1.0 0.00234916 0.0 0.0 0.0 1.0
stairs/seq-01/color/frame-000012.color.png stairs/seq-01/color/frame-000014.color.png 0.999998 0.000655907 0.0018828 -0.00379772 -0.000660835 0.999996 0.00261905 0.000473046 -0.00188108 -0.00262028 0.999995 -0.00355899 0.0 0.0 0.0 1.0
stairs/seq-01/color/frame-000013.color.png stairs/seq-01/color/frame-000015.color.png 0.999996 -0.00128388 0.00255999 -0.00161313 0.00127997 0.999998 0.0015292 0.00142685 -0.00256195 -0.00152592 0.999996 0.000972826 0.0 0.0 0.0 1.0
stairs/seq-01/color/frame-000014.color.png stairs/seq-01/color/frame-000016.color.png 0.999989 -0.00403191 0.00246578 0.00218376 0.00403081 0.999992 0.000448253 -0.00122065 -0.00246756 -0.000438309 0.999997 0.00352051 0.0 0.0 0.0 1.0
stairs/seq-01/color/frame-000015.color.png stairs/seq-01/color/frame-000017.color.png 0.999995 -0.000823688 0.0028919 0.00116665 0.000820318 0.999999 0.00116696 0.00104113 -0.00289286 -0.00116458 0.999995 -0.000100008 0.0 0.0 0.0 1.0
stairs/seq-01/color/frame-000016.color.png stairs/seq-01/color/frame-000018.color.png 0.999989 -6.25669e-05 0.00473917 0.000918623 5.88012e-05 1.0 0.000794937 0.000151578 -0.00473922 -0.00079465 0.999988 0.00129276 0.0 0.0 0.0 1.0
stairs/seq-01/color/frame-000017.color.png stairs/seq-01/color/frame-000019.color.png 0.999989 -0.0032295 0.00331917 0.00218926 0.0032233 0.999993 0.00187073 -0.00152877 -0.00332519 -0.00186001 0.999993 0.00161278 0.0 0.0 0.0 1.0
stairs/seq-01/color/frame-000018.color.png stairs/seq-01/color/frame-000020.color.png 0.999995 -0.00271979 0.00169799 0.00158019 0.00271392 0.99999 0.00345157 0.000855612 -0.00170736 -0.00344695 0.999993 0.00219166 0.0 0.0 0.0 1.0
stairs/seq-01/color/frame-000019.color.png stairs/seq-01/color/frame-000021.color.png 0.999962 -0.00347862 0.00794064 -0.0011939 0.00347873 0.999994 -7.20237e-07 0.00179227 -0.00794059 2.83451e-05 0.999969 0.00161182 0.0 0.0 0.0 1.0
stairs/seq-01/color/frame-000020.color.png stairs/seq-01/color/frame-000022.color.png 0.999962 -0.00359287 0.00797707 -6.70779e-05 0.00359122 0.999993 0.00022044 -0.000270496 -0.00797781 -0.000191785 0.999968 0.000405041 0.0 0.0 0.0 1.0
stairs/seq-01/color/frame-000021.color.png stairs/seq-01/color/frame-000023.color.png 0.999994 -0.00156418 0.00294733 0.00334306 0.00155412 0.999993 0.00341203 -0.00178778 -0.00295264 -0.00340744 0.99999 0.00377601 0.0 0.0 0.0 1.0
stairs/seq-01/color/frame-000022.color.png stairs/seq-01/color/frame-000024.color.png 0.999915 -0.00346936 0.0125405 -0.000221266 0.00345613 0.999993 0.00107581 0.000430661 -0.0125442 -0.00103237 0.999921 0.000729938 0.0 0.0 0.0 1.0
stairs/seq-01/color/frame-000023.color.png stairs/seq-01/color/frame-000025.color.png 0.99991 -0.00408816 0.0128135 -0.0022652 0.00404651 0.999986 0.0032753 -0.0010602 -0.0128267 -0.00322316 0.999913 -0.0019482 0.0 0.0 0.0 1.0
stairs/seq-01/color/frame-000024.color.png stairs/seq-01/color/frame-000026.color.png 0.999975 -0.000508246 0.00705081 0.000317943 0.000495107 0.999998 0.00186504 0.00135057 -0.00705175 -0.0018615 0.999973 0.00372819 0.0 0.0 0.0 1.0
stairs/seq-01/color/frame-000025.color.png stairs/seq-01/color/frame-000027.color.png 0.999896 -0.0085959 0.0115619 0.0050995 0.00861221 0.999962 -0.00136091 -0.000217948 -0.0115498 0.00146034 0.999932 0.00559275 0.0 0.0 0.0 1.0
stairs/seq-01/color/frame-000026.color.png stairs/seq-01/color/frame-000028.color.png 0.999873 -0.01226 0.0101509 0.00504933 0.0122654 0.999925 -0.000473507 -0.00470919 -0.0101443 0.000597958 0.999949 0.00372637 0.0 0.0 0.0 1.0
stairs/seq-01/color/frame-000027.color.png stairs/seq-01/color/frame-000029.color.png 0.99994 -0.00567897 0.00939185 0.00102859 0.00571481 0.999977 -0.0037948 -0.000745952 -0.00937006 0.00384825 0.999949 0.00169412 0.0 0.0 0.0 1.0
stairs/seq-01/color/frame-000028.color.png stairs/seq-01/color/frame-000030.color.png 0.999856 -0.00793392 0.0149989 0.00358134 0.00804049 0.999943 -0.00705816 0.00346322 -0.014942 0.00717775 0.999862 0.0019071 0.0 0.0 0.0 1.0
stairs/seq-01/color/frame-000029.color.png stairs/seq-01/color/frame-000031.color.png 0.999862 -0.0103879 0.0129988 0.00696846 0.0104344 0.999939 -0.00351294 0.0016184 -0.0129615 0.00364809 0.999909 0.00358413 0.0 0.0 0.0 1.0
stairs/seq-01/color/frame-000030.color.png stairs/seq-01/color/frame-000032.color.png 0.99988 -0.0095804 0.0122006 0.00295893 0.00955645 0.999952 0.00201989 -0.00538333 -0.0122194 -0.00190306 0.999924 -0.00107583 0.0 0.0 0.0 1.0
stairs/seq-01/color/frame-000031.color.png stairs/seq-01/color/frame-000033.color.png 0.999855 -0.00722907 0.0154145 0.000637906 0.00723877 0.999974 -0.000572238 -0.00141962 -0.01541 0.000683737 0.999881 -0.00208204 0.0 0.0 0.0 1.0
stairs/seq-01/color/frame-000032.color.png stairs/seq-01/color/frame-000034.color.png 0.999626 -0.0165793 0.0217352 0.00589304 0.0166646 0.999854 -0.00375095 -0.000460048 -0.0216699 0.00411176 0.999757 0.00687979 0.0 0.0 0.0 1.0
stairs/seq-01/color/frame-000033.color.png stairs/seq-01/color/frame-000035.color.png 0.999626 -0.0182857 0.0203497 0.00695223 0.0183347 0.99983 -0.00222759 -0.0045772 -0.0203055 0.00259987 0.99979 0.00592962 0.0 0.0 0.0 1.0
stairs/seq-01/color/frame-000034.color.png stairs/seq-01/color/frame-000036.color.png 0.999922 -0.00778835 0.00980389 0.00774132 0.00780641 0.999968 -0.00180451 -0.0023098 -0.00978953 0.0018809 0.99995 0.000416782 0.0 0.0 0.0 1.0
stairs/seq-01/color/frame-000035.color.png stairs/seq-01/color/frame-000037.color.png 0.99992 -0.00481586 0.0117281 0.00474236 0.00485388 0.999983 -0.00321515 -4.49182e-05 -0.0117124 0.00327182 0.999926 0.000153594 0.0 0.0 0.0 1.0
stairs/seq-01/color/frame-000036.color.png stairs/seq-01/color/frame-000038.color.png 0.99974 -0.0113698 0.0197606 0.00505637 0.0114416 0.999928 -0.00352422 -0.00140115 -0.0197191 0.0037494 0.999799 0.00302501 0.0 0.0 0.0 1.0
stairs/seq-01/color/frame-000037.color.png stairs/seq-01/color/frame-000039.color.png 0.999797 -0.0132933 0.0151255 0.0088399 0.0133454 0.999905 -0.00334667 -0.00347998 -0.0150796 0.00354785 0.99988 0.00448089 0.0 0.0 0.0 1.0
stairs/seq-01/color/frame-000038.color.png stairs/seq-01/color/frame-000040.color.png 0.999935 -0.00710188 0.00893281 0.00487045 0.00714618 0.999962 -0.00493797 -0.00133548 -0.00889742 0.00500148 0.999948 0.00234804 0.0 0.0 0.0 1.0
stairs/seq-01/color/frame-000039.color.png stairs/seq-01/color/frame-000041.color.png 0.99988 -0.00842769 0.0130083 0.00266661 0.0085492 0.99992 -0.00931276 0.00117036 -0.0129287 0.00942285 0.999872 -6.62673e-05 0.0 0.0 0.0 1.0
stairs/seq-01/color/frame-000040.color.png stairs/seq-01/color/frame-000042.color.png 0.999791 -0.0122029 0.0163871 0.00933602 0.012403 0.999849 -0.0121651 -0.00122733 -0.0162363 0.0123658 0.999792 -0.00043481 0.0 0.0 0.0 1.0
stairs/seq-01/color/frame-000041.color.png stairs/seq-01/color/frame-000043.color.png 0.999709 -0.0140845 0.0195694 0.00622801 0.0142923 0.999843 -0.0105196 -0.00333793 -0.0194182 0.0107962 0.999753 0.0003796 0.0 0.0 0.0 1.0
stairs/seq-01/color/frame-000042.color.png stairs/seq-01/color/frame-000044.color.png 0.999836 -0.0066349 0.0168631 0.00286671 0.00675352 0.999953 -0.00698757 -0.0015507 -0.0168159 0.0071003 0.999834 0.00213833 0.0 0.0 0.0 1.0
stairs/seq-01/color/frame-000043.color.png stairs/seq-01/color/frame-000045.color.png 0.99976 -0.0101297 0.0193987 0.00847119 0.0101897 0.999944 -0.00299755 -0.00405294 -0.0193672 0.0031945 0.999807 0.00373353 0.0 0.0 0.0 1.0
stairs/seq-01/color/frame-000044.color.png stairs/seq-01/color/frame-000046.color.png 0.999648 -0.0119873 0.0236802 0.00356261 0.0120958 0.999917 -0.00444364 -0.0031717 -0.023625 0.00472851 0.99971 0.0057068 0.0 0.0 0.0 1.0
stairs/seq-01/color/frame-000045.color.png stairs/seq-01/color/frame-000047.color.png 0.999845 -0.00595738 0.0165768 0.000395514 0.00598905 0.99998 -0.00185981 -0.00080934 -0.0165654 0.0019588 0.999861 -0.00486328 0.0 0.0 0.0 1.0
stairs/seq-01/color/frame-000046.color.png stairs/seq-01/color/frame-000048.color.png 0.99994 -0.00622783 0.0090483 0.00651418 0.00624447 0.999979 -0.00180837 0.00271102 -0.00903678 0.00186475 0.999958 -0.00184635 0.0 0.0 0.0 1.0
stairs/seq-01/color/frame-000047.color.png stairs/seq-01/color/frame-000049.color.png 0.999746 -0.0144272 0.0173303 0.00954642 0.0145092 0.999884 -0.0046123 -0.000770331 -0.0172617 0.00486257 0.999839 0.00788669 0.0 0.0 0.0 1.0
stairs/seq-01/color/frame-000048.color.png stairs/seq-01/color/frame-000050.color.png 0.999687 -0.0147455 0.0201864 0.00409514 0.0148085 0.999886 -0.00297526 -0.00220856 -0.0201402 0.00327328 0.999792 0.00147865 0.0 0.0 0.0 1.0
stairs/seq-01/color/frame-000049.color.png stairs/seq-01/color/frame-000051.color.png 0.999899 -0.0100066 0.0101376 0.00360227 0.0100109 0.99995 -0.000376649 -0.00195362 -0.0101334 0.000478106 0.999949 0.00439905 0.0 0.0 0.0 1.0
stairs/seq-01/color/frame-000050.color.png stairs/seq-01/color/frame-000052.color.png 0.999704 -0.0134888 0.0202469 0.00275727 0.013514 0.999908 -0.00110492 -0.00552186 -0.02023 0.0013782 0.999794 0.00499747 0.0 0.0 0.0 1.0
stairs/seq-01/color/frame-000051.color.png stairs/seq-01/color/frame-000053.color.png 0.999691 -0.0156622 0.0192763 0.00548849 0.015762 0.999863 -0.00503535 -0.00143301 -0.0191948 0.00533764 0.999801 0.00185306 0.0 0.0 0.0 1.0
stairs/seq-01/color/frame-000052.color.png stairs/seq-01/color/frame-000054.color.png 0.999867 -0.0121411 0.0109345 0.00596458 0.0121765 0.999921 -0.00317368 -0.00117441 -0.0108952 0.0033064 0.999935 -0.00173308 0.0 0.0 0.0 1.0
stairs/seq-01/color/frame-000053.color.png stairs/seq-01/color/frame-000055.color.png 0.999593 -0.015375 0.0240313 0.00483131 0.0154143 0.99988 -0.00145142 -0.00434215 -0.0240061 0.00182124 0.99971 0.0053485 0.0 0.0 0.0 1.0
stairs/seq-01/color/frame-000054.color.png stairs/seq-01/color/frame-000056.color.png 0.999534 -0.0165005 0.0256611 0.0040419 0.0165874 0.999857 -0.00317615 -0.00172826 -0.025605 0.00360032 0.999666 0.00394546 0.0 0.0 0.0 1.0
stairs/seq-01/color/frame-000055.color.png stairs/seq-01/color/frame-000057.color.png 0.999784 -0.0131765 0.0160996 0.00602102 0.0132324 0.999907 -0.00337274 -0.00137932 -0.0160537 0.00358505 0.999865 0.00484965 0.0 0.0 0.0 1.0
stairs/seq-01/color/frame-000056.color.png stairs/seq-01/color/frame-000058.color.png 0.999521 -0.0191034 0.0243458 0.00488957 0.0192263 0.999804 -0.00482584 -0.00249678 -0.0242488 0.00529159 0.999692 0.00550607 0.0 0.0 0.0 1.0
stairs/seq-01/color/frame-000057.color.png stairs/seq-01/color/frame-000059.color.png 0.999584 -0.0154732 0.0243205 0.00429329 0.0155659 0.999872 -0.00362645 -0.00242091 -0.0242612 0.00400352 0.999698 0.00316159 0.0 0.0 0.0 1.0
stairs/seq-01/color/frame-000058.color.png stairs/seq-01/color/frame-000060.color.png 0.999621 -0.0127865 0.0243661 0.00622988 0.0128067 0.999918 -0.00067248 -0.00337102 -0.0243555 0.000984287 0.999703 0.00661429 0.0 0.0 0.0 1.0
stairs/seq-01/color/frame-000059.color.png stairs/seq-01/color/frame-000061.color.png 0.999479 -0.0175313 0.02711 0.00711478 0.0174818 0.999845 0.00206655 -0.00230417 -0.0271421 -0.00159157 0.99963 -2.04705e-05 0.0 0.0 0.0 1.0
stairs/seq-01/color/frame-000060.color.png stairs/seq-01/color/frame-000062.color.png 0.999731 -0.0130694 0.0191697 0.006634 0.0130456 0.999914 0.00136232 -0.000929156 -0.0191859 -0.00111185 0.999815 0.0003918 0.0 0.0 0.0 1.0
stairs/seq-01/color/frame-000061.color.png stairs/seq-01/color/frame-000063.color.png 0.99967 -0.0138674 0.0216043 0.00525406 0.0138981 0.999903 -0.00127551 -0.0026628 -0.0215844 0.00157538 0.999766 0.00566681 0.0 0.0 0.0 1.0
stairs/seq-01/color/frame-000062.color.png stairs/seq-01/color/frame-000064.color.png 0.999475 -0.023464 0.0223518 0.00996133 0.023613 0.9997 -0.00642296 -0.00558343 -0.0221944 0.00694734 0.99973 -0.0024956 0.0 0.0 0.0 1.0
stairs/seq-01/color/frame-000063.color.png stairs/seq-01/color/frame-000065.color.png 0.999718 -0.0178539 0.0156565 0.00542708 0.0179561 0.999818 -0.00641441 -0.00165849 -0.0155391 0.00669372 0.999857 0.00548009 0.0 0.0 0.0 1.0
stairs/seq-01/color/frame-000064.color.png stairs/seq-01/color/frame-000066.color.png 0.999815 -0.0137016 0.0134989 0.00856675 0.0137454 0.999901 -0.00315888 -0.00551122 -0.0134543 0.00334386 0.999904 0.00466613 0.0 0.0 0.0 1.0
stairs/seq-01/color/frame-000065.color.png stairs/seq-01/color/frame-000067.color.png 0.999846 -0.0114949 0.0132587 0.0111191 0.0115433 0.999927 -0.00357265 -0.00558108 -0.0132167 0.00372514 0.999906 -0.001515 0.0 0.0 0.0 1.0
stairs/seq-01/color/frame-000066.color.png stairs/seq-01/color/frame-000068.color.png 0.999916 -0.00441528 0.0121515 0.00981071 0.00444493 0.999987 -0.0024128 -0.000995839 -0.0121408 0.00246661 0.999923 -0.00078506 0.0 0.0 0.0 1.0
stairs/seq-01/color/frame-000067.color.png stairs/seq-01/color/frame-000069.color.png 0.999849 -0.0133741 0.0110561 0.0131079 0.0134212 0.999901 -0.00419608 -0.00510404 -0.0109989 0.00434381 0.99993 0.00145576 0.0 0.0 0.0 1.0
stairs/seq-01/color/frame-000068.color.png stairs/seq-01/color/frame-000070.color.png 0.999867 -0.0131728 0.00964077 0.00785877 0.0132314 0.999894 -0.00605011 -0.00309277 -0.00956 0.00617686 0.999935 0.00860791 0.0 0.0 0.0 1.0
stairs/seq-01/color/frame-000069.color.png stairs/seq-01/color/frame-000071.color.png 0.999872 -0.0132036 0.00906517 0.00637996 0.013274 0.999882 -0.00775018 -0.00207427 -0.00896178 0.00786953 0.999929 0.00186253 0.0 0.0 0.0 1.0
stairs/seq-01/color/frame-000070.color.png stairs/seq-01/color/frame-000072.color.png 0.999901 -0.01011 0.00974728 0.0100487 0.0101206 0.999948 -0.00104526 -0.0100948 -0.00973621 0.00114384 0.999952 -0.00232806 0.0 0.0 0.0 1.0
stairs/seq-01/color/frame-000071.color.png stairs/seq-01/color/frame-000073.color.png 0.999934 -0.00679276 0.00931178 0.00750464 0.00680492 0.999976 -0.00127308 -0.00619419 -0.00930289 0.00133639 0.999956 0.00567769 0.0 0.0 0.0 1.0
stairs/seq-01/color/frame-000072.color.png stairs/seq-01/color/frame-000074.color.png 0.999929 -0.00760231 0.00919091 0.00592855 0.00762849 0.999967 -0.00281888 -0.00074308 -0.00916923 0.00288879 0.999954 0.00888444 0.0 0.0 0.0 1.0
stairs/seq-01/color/frame-000073.color.png stairs/seq-01/color/frame-000075.color.png 0.999972 -0.00673611 0.0033747 0.0164148 0.00672424 0.999971 0.0035181 -0.00855239 -0.00339829 -0.0034953 0.999988 -0.0043761 0.0 0.0 0.0 1.0
stairs/seq-01/color/frame-000074.color.png stairs/seq-01/color/frame-000076.color.png 0.999929 -0.011852 0.000957263 0.0117022 0.011853 0.999929 -0.00105356 -0.0119827 -0.000944657 0.00106477 0.999999 -0.00354854 0.0 0.0 0.0 1.0
stairs/seq-01/color/frame-000075.color.png stairs/seq-01/color/frame-000077.color.png 0.999965 -0.00818518 0.00181577 0.00993195 0.0081898 0.999963 -0.00259741 -0.010065 -0.00179447 0.00261217 0.999995 0.0108178 0.0 0.0 0.0 1.0
stairs/seq-01/color/frame-000076.color.png stairs/seq-01/color/frame-000078.color.png 0.999999 -0.00121515 0.000839498 0.0120695 0.00121764 0.999995 -0.00302009 -0.00217011 -0.000835697 0.00302113 0.999995 0.00258754 0.0 0.0 0.0 1.0
stairs/seq-01/color/frame-000077.color.png stairs/seq-01/color/frame-000079.color.png 0.999995 -0.000958471 0.00312047 0.00287114 0.000967392 0.999995 -0.00286422 -0.00182141 -0.00311758 0.00286722 0.999991 -0.00711508 0.0 0.0 0.0 1.0
stairs/seq-01/color/frame-000078.color.png stairs/seq-01/color/frame-000080.color.png 0.999995 -0.000211724 0.00310581 0.0146645 0.00022566 0.99999 -0.00448038 -0.004744 -0.00310493 0.00448107 0.999985 0.00378582 0.0 0.0 0.0 1.0
stairs/seq-01/color/frame-000079.color.png stairs/seq-01/color/frame-000081.color.png 0.999922 0.00440532 0.0117129 0.0116022 -0.00436047 0.999983 -0.00385053 -0.00613353 -0.0117298 0.00379914 0.999924 0.0115098 0.0 0.0 0.0 1.0
stairs/seq-01/color/frame-000080.color.png stairs/seq-01/color/frame-000082.color.png 0.999998 0.000154157 -0.00194433 0.02875 -0.000164675 0.999985 -0.00540338 -0.00343771 0.00194355 0.00540374 0.999984 -0.00922232 0.0 0.0 0.0 1.0
stairs/seq-01/color/frame-000081.color.png stairs/seq-01/color/frame-000083.color.png 0.999976 -0.00428067 0.00539182 0.0137852 0.00433566 0.999938 -0.0102266 -0.00498219 -0.00534775 0.0102497 0.999933 0.00512334 0.0 0.0 0.0 1.0
stairs/seq-01/color/frame-000082.color.png stairs/seq-01/color/frame-000084.color.png 0.999858 -0.0164914 0.00348189 0.0207355 0.0165394 0.999762 -0.0142404 -0.0139035 -0.00324621 0.014296 0.999892 -0.00224498 0.0 0.0 0.0 1.0
stairs/seq-01/color/frame-000083.color.png stairs/seq-01/color/frame-000085.color.png 0.999921 -0.0107201 0.00651478 0.0198553 0.0108143 0.999835 -0.014599 -0.00262634 -0.00635713 0.0146683 0.999872 -0.00343615 0.0 0.0 0.0 1.0
stairs/seq-01/color/frame-000084.color.png stairs/seq-01/color/frame-000086.color.png 0.999918 -0.0088417 0.0092146 0.0144109 0.00893305 0.999911 -0.00991007 -0.00947649 -0.00912621 0.00999156 0.999909 0.00332717 0.0 0.0 0.0 1.0
stairs/seq-01/color/frame-000085.color.png stairs/seq-01/color/frame-000087.color.png 0.999916 -0.0126354 -0.00306457 0.0302245 0.0125838 0.999788 -0.0163003 -0.00323006 0.00326973 0.0162604 0.999862 -0.0141022 0.0 0.0 0.0 1.0
stairs/seq-01/color/frame-000086.color.png stairs/seq-01/color/frame-000088.color.png 0.999976 -0.00312579 0.00622965 0.0247162 0.00320028 0.999923 -0.0119822 -0.00356999 -0.00619176 0.0120019 0.999909 -0.00597585 0.0 0.0 0.0 1.0
stairs/seq-01/color/frame-000087.color.png stairs/seq-01/color/frame-000089.color.png 0.999926 -0.00159338 0.0120269 0.0109031 0.00168006 0.999973 -0.00719672 -0.000527047 -0.0120151 0.00721639 0.999902 0.00282123 0.0 0.0 0.0 1.0
stairs/seq-01/color/frame-000088.color.png stairs/seq-01/color/frame-000090.color.png 0.999947 -0.0080567 0.00634221 0.0285028 0.0081013 0.999942 -0.00703193 -0.00551183 -0.00628528 0.00708294 0.999955 0.00304639 0.0 0.0 0.0 1.0
stairs/seq-01/color/frame-000089.color.png stairs/seq-01/color/frame-000091.color.png 0.999945 -0.0104481 -0.00143104 0.0479631 0.0104424 0.999938 -0.00394372 -0.0113885 0.00147221 0.00392856 0.999991 1.42194e-05 0.0 0.0 0.0 1.0
stairs/seq-01/color/frame-000090.color.png stairs/seq-01/color/frame-000092.color.png 0.999947 -0.00932517 0.0043966 0.013138 0.00930661 0.999948 0.00420112 -0.013766 -0.00443546 -0.00415993 0.999981 -0.00100665 0.0 0.0 0.0 1.0
stairs/seq-01/color/frame-000091.color.png stairs/seq-01/color/frame-000093.color.png 0.999909 -0.0124016 0.00531004 0.0121751 0.0124218 0.999916 -0.00379227 -0.0125097 -0.00526263 0.00385791 0.999979 -0.00273084 0.0 0.0 0.0 1.0
stairs/seq-01/color/frame-000092.color.png stairs/seq-01/color/frame-000094.color.png 0.999915 -0.00569385 0.0117639 0.0190724 0.00583593 0.99991 -0.0120778 -0.00278345 -0.011694 0.0121454 0.999858 0.0105252 0.0 0.0 0.0 1.0
stairs/seq-01/color/frame-000093.color.png stairs/seq-01/color/frame-000095.color.png 0.999947 -0.00259366 0.0100037 0.0133204 0.00268076 0.999959 -0.00870497 -0.00641292 -0.00998065 0.00873134 0.999912 0.000635687 0.0 0.0 0.0 1.0
stairs/seq-01/color/frame-000094.color.png stairs/seq-01/color/frame-000096.color.png 0.999997 -0.00141471 0.00184883 0.0141054 0.00142486 0.999984 -0.00551044 -0.006717 -0.001841 0.00551307 0.999983 -0.0023636 0.0 0.0 0.0 1.0
stairs/seq-01/color/frame-000095.color.png stairs/seq-01/color/frame-000097.color.png 0.99999 -0.00439005 -0.000550496 0.00431064 0.00438767 0.999982 -0.00416736 -0.00397313 0.000568716 0.00416488 0.999991 0.00768239 0.0 0.0 0.0 1.0
stairs/seq-01/color/frame-000096.color.png stairs/seq-01/color/frame-000098.color.png 0.999964 -0.0032945 -0.00785693 0.0162461 0.00332648 0.999986 0.00406034 -0.0122626 0.00784332 -0.00408632 0.999961 -0.00228469 0.0 0.0 0.0 1.0
stairs/seq-01/color/frame-000097.color.png stairs/seq-01/color/frame-000099.color.png 0.99999 -0.00417528 -0.00142193 0.0213948 0.00417109 0.999987 -0.00297618 0.00077273 0.00143447 0.0029702 0.999995 0.0162199 0.0 0.0 0.0 1.0
stairs/seq-01/color/frame-000098.color.png stairs/seq-01/color/frame-000100.color.png 0.999953 -0.00861777 0.00448147 0.00793496 0.0086221 0.999962 -0.00095717 -0.00383287 -0.00447302 0.000995764 0.99999 0.0141312 0.0 0.0 0.0 1.0
stairs/seq-01/color/frame-000099.color.png stairs/seq-01/color/frame-000101.color.png 0.999971 -0.00315648 0.00692704 0.0134086 0.00312236 0.999983 0.00493938 -0.00991987 -0.00694261 -0.00491759 0.999964 0.01068 0.0 0.0 0.0 1.0
stairs/seq-01/color/frame-000100.color.png stairs/seq-01/color/frame-000102.color.png 0.999975 -0.00330616 0.00623609 0.0119458 0.00330567 0.999995 9.33616e-05 -0.00403219 -0.0062362 -7.27425e-05 0.999981 0.00902326 0.0 0.0 0.0 1.0
stairs/seq-01/color/frame-000101.color.png stairs/seq-01/color/frame-000103.color.png 0.999985 -0.00245948 0.00485444 0.00710577 0.00241275 0.999951 0.00959222 -0.00734895 -0.00487761 -0.00958037 0.999942 0.0168688 0.0 0.0 0.0 1.0
stairs/seq-01/color/frame-000102.color.png stairs/seq-01/color/frame-000104.color.png 0.999963 0.00700423 0.0049773 0.0221188 -0.00706325 0.999904 0.0119424 -0.00340575 -0.00489327 -0.0119771 0.999916 0.0351774 0.0 0.0 0.0 1.0
stairs/seq-01/color/frame-000103.color.png stairs/seq-01/color/frame-000105.color.png 0.999976 0.00686175 -0.000930134 0.0259866 -0.0068533 0.999938 0.00878967 -0.0175087 0.000990435 -0.00878308 0.999961 0.0235139 0.0 0.0 0.0 1.0
stairs/seq-01/color/frame-000104.color.png stairs/seq-01/color/frame-000106.color.png 0.999986 0.00359964 -0.00398891 0.0189193 -0.00356544 0.999957 0.00857245 -0.0224887 0.00401956 -0.00855809 0.999955 0.0048184 0.0 0.0 0.0 1.0
stairs/seq-01/color/frame-000105.color.png stairs/seq-01/color/frame-000107.color.png 0.999939 -0.00318888 -0.0106168 0.0282288 0.00326446 0.999969 0.00711439 -0.0238523 0.0105936 -0.0071486 0.999918 -0.000711203 0.0 0.0 0.0 1.0
stairs/seq-01/color/frame-000106.color.png stairs/seq-01/color/frame-000108.color.png 0.999931 -0.00854767 -0.00800753 0.019903 0.0085534 0.999963 0.000677492 -0.0228677 0.00800145 -0.000745951 0.999968 0.0238807 0.0 0.0 0.0 1.0
stairs/seq-01/color/frame-000107.color.png stairs/seq-01/color/frame-000109.color.png 0.999958 -0.00589191 -0.00701584 0.0231903 0.00590989 0.999979 0.002537 -0.0214491 0.00700079 -0.00257838 0.999972 0.0199871 0.0 0.0 0.0 1.0
stairs/seq-01/color/frame-000108.color.png stairs/seq-01/color/frame-000110.color.png 0.99999 0.00208676 -0.00384235 0.0270817 -0.00206681 0.999984 0.00518958 -0.0229346 0.0038531 -0.0051816 0.999979 0.0166639 0.0 0.0 0.0 1.0
stairs/seq-01/color/frame-000109.color.png stairs/seq-01/color/frame-000111.color.png 0.999897 0.0142123 0.00197583 0.0210395 -0.0142157 0.999898 0.00170438 -0.0162436 -0.00195131 -0.00173233 0.999997 0.0250929 0.0 0.0 0.0 1.0
stairs/seq-01/color/frame-000110.color.png stairs/seq-01/color/frame-000112.color.png 0.999885 0.0105113 -0.0109436 0.0264786 -0.010534 0.999943 -0.00201579 -0.0142899 0.0109218 0.00213088 0.999938 0.0179584 0.0 0.0 0.0 1.0
stairs/seq-01/color/frame-000111.color.png stairs/seq-01/color/frame-000113.color.png 0.999827 0.00633435 -0.0174728 0.0260337 -0.00638852 0.999975 -0.00304832 -0.0157846 0.0174529 0.00315944 0.999843 0.0114476 0.0 0.0 0.0 1.0
stairs/seq-01/color/frame-000112.color.png stairs/seq-01/color/frame-000114.color.png 0.999958 0.00784482 -0.00463733 0.0199939 -0.0078519 0.999968 -0.00149995 -0.0166046 0.00462541 0.00153627 0.999988 0.0186119 0.0 0.0 0.0 1.0
stairs/seq-01/color/frame-000113.color.png stairs/seq-01/color/frame-000115.color.png 0.999818 0.00640912 -0.0179602 0.0364913 -0.00635301 0.999975 0.00318144 -0.0220995 0.0179802 -0.00306674 0.999834 0.0078128 0.0 0.0 0.0 1.0
stairs/seq-01/color/frame-000114.color.png stairs/seq-01/color/frame-000116.color.png 0.999639 0.00766598 -0.0257691 0.0187144 -0.0075215 0.999955 0.00569906 -0.0109078 0.0258117 -0.00550316 0.999652 0.0193295 0.0 0.0 0.0 1.0
stairs/seq-01/color/frame-000115.color.png stairs/seq-01/color/frame-000117.color.png 0.999091 0.00415484 -0.042423 0.026193 -0.00393385 0.999978 0.00529002 -0.0162063 0.0424439 -0.00511836 0.999086 -0.00403257 0.0 0.0 0.0 1.0
stairs/seq-01/color/frame-000116.color.png stairs/seq-01/color/frame-000118.color.png 0.999433 0.0072435 -0.0328735 0.0294324 -0.00729214 0.999972 -0.00136109 -0.00893205 0.0328626 0.00160003 0.999458 -0.00327474 0.0 0.0 0.0 1.0
stairs/seq-01/color/frame-000117.color.png stairs/seq-01/color/frame-000119.color.png 0.999813 0.00715415 -0.0179686 0.0199999 -0.00719592 0.999972 -0.00225989 -0.0108758 0.0179519 0.00238877 0.999836 0.00224519 0.0 0.0 0.0 1.0
stairs/seq-01/color/frame-000118.color.png stairs/seq-01/color/frame-000120.color.png 0.999611 0.00796753 -0.026709 0.0300372 -0.0080295 0.999965 -0.00221705 -0.0162653 0.0266904 0.00243062 0.999641 -0.012435 0.0 0.0 0.0 1.0
stairs/seq-01/color/frame-000119.color.png stairs/seq-01/color/frame-000121.color.png 0.999625 0.010962 -0.0251157 0.0152099 -0.0109755 0.99994 -0.000399158 -0.0105133 0.0251099 0.000674655 0.999685 -0.00505693 0.0 0.0 0.0 1.0
stairs/seq-01/color/frame-000120.color.png stairs/seq-01/color/frame-000122.color.png 0.999748 0.0116854 -0.0191892 0.000809729 -0.0117493 0.999926 -0.00321698 -0.00313294 0.0191501 0.00344165 0.999811 0.00918324 0.0 0.0 0.0 1.0
stairs/seq-01/color/frame-000121.color.png stairs/seq-01/color/frame-000123.color.png 0.999804 0.00979874 -0.0171869 -0.00838763 -0.0097936 0.999952 0.000383416 -0.00215009 0.0171898 -0.000215006 0.999852 0.00477524 0.0 0.0 0.0 1.0
stairs/seq-01/color/frame-000122.color.png stairs/seq-01/color/frame-000124.color.png 0.999291 0.0170939 -0.0335504 0.0265334 -0.0164999 0.999704 0.0179 -0.00624758 0.0338464 -0.0173337 0.999277 -0.0214314 0.0 0.0 0.0 1.0
stairs/seq-01/color/frame-000123.color.png stairs/seq-01/color/frame-000125.color.png 0.999566 0.0211105 -0.0205525 0.0194529 -0.0207154 0.9996 0.0192541 -0.00933009 0.0209507 -0.01882 0.999603 -0.0046919 0.0 0.0 0.0 1.0
stairs/seq-01/color/frame-000124.color.png stairs/seq-01/color/frame-000126.color.png 0.999505 0.0257802 -0.018038 0.0263495 -0.0256024 0.999622 0.0100222 0.00403327 0.0182896 -0.00955545 0.999787 0.00133142 0.0 0.0 0.0 1.0
stairs/seq-01/color/frame-000125.color.png stairs/seq-01/color/frame-000127.color.png 0.999007 0.0381351 -0.0230445 0.0455931 -0.0380884 0.999271 0.0024633 0.0177527 0.0231217 -0.00158312 0.999731 -0.00263569 0.0 0.0 0.0 1.0
stairs/seq-01/color/frame-000126.color.png stairs/seq-01/color/frame-000128.color.png 0.999072 0.0359657 -0.0237053 0.0319335 -0.0360929 0.999336 -0.00496069 0.0213846 0.0235112 0.0058117 0.999707 -0.00909743 0.0 0.0 0.0 1.0
stairs/seq-01/color/frame-000127.color.png stairs/seq-01/color/frame-000129.color.png 0.999065 0.0274742 -0.0333819 0.0330002 -0.0274177 0.999622 0.00214799 0.00702581 0.0334284 -0.00123074 0.99944 -0.0141115 0.0 0.0 0.0 1.0
stairs/seq-01/color/frame-000128.color.png stairs/seq-01/color/frame-000130.color.png 0.999201 0.0269694 -0.0294934 0.03455 -0.0269169 0.999635 0.00217291 0.00743949 0.0295413 -0.00137728 0.999563 -0.0136252 0.0 0.0 0.0 1.0
stairs/seq-01/color/frame-000129.color.png stairs/seq-01/color/frame-000131.color.png 0.99924 0.0268347 -0.0282797 0.0350362 -0.0269467 0.999631 -0.00358509 0.0191229 0.028173 0.00434441 0.999594 -0.00677398 0.0 0.0 0.0 1.0
stairs/seq-01/color/frame-000130.color.png stairs/seq-01/color/frame-000132.color.png 0.998933 0.0185986 -0.0422785 0.0559612 -0.0184299 0.999821 0.00437788 0.000422746 0.0423523 -0.00359403 0.999096 -0.0286787 0.0 0.0 0.0 1.0
stairs/seq-01/color/frame-000131.color.png stairs/seq-01/color/frame-000133.color.png 0.999667 0.0140733 -0.0216166 0.0236342 -0.0140873 0.999901 -0.000498269 0.00602484 0.0216075 0.000802629 0.999766 -0.0152484 0.0 0.0 0.0 1.0
stairs/seq-01/color/frame-000132.color.png stairs/seq-01/color/frame-000134.color.png 0.999693 0.0132933 -0.0209256 0.0252343 -0.0131985 0.999902 0.00465564 0.00240871 0.0209854 -0.00437802 0.99977 -0.0144753 0.0 0.0 0.0 1.0
stairs/seq-01/color/frame-000133.color.png stairs/seq-01/color/frame-000135.color.png 0.999468 0.013278 -0.0298019 0.031416 -0.0130306 0.999879 0.0084821 -0.00356236 0.0299109 -0.00808926 0.99952 -0.0233552 0.0 0.0 0.0 1.0
stairs/seq-01/color/frame-000134.color.png stairs/seq-01/color/frame-000136.color.png 0.999536 0.00958097 -0.0289066 0.0303523 -0.00936241 0.999927 0.00768677 -0.00834522 0.0289781 -0.00741257 0.999553 -0.0186815 0.0 0.0 0.0 1.0
stairs/seq-01/color/frame-000135.color.png stairs/seq-01/color/frame-000137.color.png 0.999733 0.0116167 -0.0199626 0.0301132 -0.0114836 0.999911 0.00676703 -0.00752378 0.0200395 -0.00653598 0.999778 -0.0137981 0.0 0.0 0.0 1.0
stairs/seq-01/color/frame-000136.color.png stairs/seq-01/color/frame-000138.color.png 0.999715 0.0174238 -0.0163511 0.0200493 -0.0172872 0.999815 0.00845831 -0.00307482 0.0164954 -0.00817323 0.999831 -0.014042 0.0 0.0 0.0 1.0
stairs/seq-01/color/frame-000137.color.png stairs/seq-01/color/frame-000139.color.png 0.999649 0.0192651 -0.0181847 0.00247902 -0.0190417 0.999742 0.0123777 -0.0123605 0.0184185 -0.0120271 0.999758 -0.0324768 0.0 0.0 0.0 1.0
stairs/seq-01/color/frame-000138.color.png stairs/seq-01/color/frame-000140.color.png 0.999268 0.013676 -0.035735 0.056736 -0.0134046 0.99988 0.00782149 -0.0130405 0.0358377 -0.00733675 0.999331 -0.030488 0.0 0.0 0.0 1.0
stairs/seq-01/color/frame-000139.color.png stairs/seq-01/color/frame-000141.color.png 0.999684 0.0190637 -0.0163877 0.0218228 -0.0189784 0.999806 0.00534332 0.00155008 0.0164864 -0.00503062 0.999852 -0.0110184 0.0 0.0 0.0 1.0
stairs/seq-01/color/frame-000140.color.png stairs/seq-01/color/frame-000142.color.png 0.999673 0.0126648 -0.0222165 0.0290105 -0.0126473 0.99992 0.000929641 0.00377077 0.0222265 -0.000648364 0.999753 -0.0186674 0.0 0.0 0.0 1.0
stairs/seq-01/color/frame-000141.color.png stairs/seq-01/color/frame-000143.color.png 0.999873 0.0136321 -0.00831655 -0.00925308 -0.0135583 0.999869 0.00886703 0.00330892 0.00843633 -0.00875314 0.999926 -0.0145771 0.0 0.0 0.0 1.0
stairs/seq-01/color/frame-000142.color.png stairs/seq-01/color/frame-000144.color.png 0.999828 0.0119002 -0.0142142 0.010508 -0.0117873 0.999898 0.00800475 -0.000224024 0.014308 -0.00783582 0.999867 -0.0036529 0.0 0.0 0.0 1.0
stairs/seq-01/color/frame-000143.color.png stairs/seq-01/color/frame-000145.color.png 0.999704 0.00810102 -0.022919 0.0388346 -0.0079461 0.999945 0.00684231 -0.00768206 0.0229731 -0.00665817 0.999714 -0.015923 0.0 0.0 0.0 1.0
stairs/seq-01/color/frame-000144.color.png stairs/seq-01/color/frame-000146.color.png 0.999856 0.0153814 -0.00721325 0.0132555 -0.0153903 0.999881 -0.00118175 0.00936964 0.00719422 0.00129259 0.999973 -0.00289977 0.0 0.0 0.0 1.0
stairs/seq-01/color/frame-000145.color.png stairs/seq-01/color/frame-000147.color.png 0.999906 0.0128374 -0.00480269 -0.00229615 -0.0128486 0.999915 -0.00229239 0.000561267 0.00477287 0.00235389 0.999986 0.00360668 0.0 0.0 0.0 1.0
stairs/seq-01/color/frame-000146.color.png stairs/seq-01/color/frame-000148.color.png 0.999842 0.00801978 -0.0158741 0.0118228 -0.00792342 0.99995 0.00612716 -0.0118296 0.0159224 -0.00600041 0.999855 -0.0160319 0.0 0.0 0.0 1.0
stairs/seq-01/color/frame-000147.color.png stairs/seq-01/color/frame-000149.color.png 0.999839 0.0135866 -0.0117183 0.0147286 -0.0135521 0.999904 0.00301539 -0.00227857 0.0117581 -0.0028561 0.999927 -0.00187367 0.0 0.0 0.0 1.0
stairs/seq-01/color/frame-000148.color.png stairs/seq-01/color/frame-000150.color.png 0.999899 0.0135935 -0.00419949 0.00851738 -0.0136146 0.999895 -0.00505574 0.00372675 0.00413032 0.0051124 0.999978 0.00582811 0.0 0.0 0.0 1.0
stairs/seq-01/color/frame-000149.color.png stairs/seq-01/color/frame-000151.color.png 0.999884 0.00506791 -0.0143643 0.0119727 -0.00509351 0.999985 -0.00174596 0.00159267 0.0143553 0.00181892 0.999895 -0.00636446 0.0 0.0 0.0 1.0
stairs/seq-01/color/frame-000150.color.png stairs/seq-01/color/frame-000152.color.png 0.99925 -0.00428513 -0.0384905 0.0544153 0.0046171 0.999953 0.00854004 -0.0287414 0.0384521 -0.00871135 0.999223 -0.0404623 0.0 0.0 0.0 1.0
stairs/seq-01/color/frame-000151.color.png stairs/seq-01/color/frame-000153.color.png 0.999953 0.00570026 -0.00786311 0.0148952 -0.00568598 0.999982 0.00183766 -0.0157437 0.00787344 -0.00179286 0.999967 0.00560886 0.0 0.0 0.0 1.0
stairs/seq-01/color/frame-000152.color.png stairs/seq-01/color/frame-000154.color.png 0.999888 0.0148658 -0.00182672 0.00801116 -0.0148702 0.999887 -0.00239747 0.0112637 0.00179088 0.00242437 0.999995 0.00631389 0.0 0.0 0.0 1.0
stairs/seq-01/color/frame-000153.color.png stairs/seq-01/color/frame-000155.color.png 0.999945 0.00913608 0.00508119 0.00303978 -0.00912369 0.999955 -0.00245832 -0.000421375 -0.00510342 0.00241183 0.999984 0.0154914 0.0 0.0 0.0 1.0
stairs/seq-01/color/frame-000154.color.png stairs/seq-01/color/frame-000156.color.png 0.999979 0.00520579 0.00379058 -0.00496233 -0.0052055 0.999986 -8.41521e-05 -0.012016 -0.00379097 6.44176e-05 0.999993 0.00989589 0.0 0.0 0.0 1.0
stairs/seq-01/color/frame-000155.color.png stairs/seq-01/color/frame-000157.color.png 0.99955 -0.000493698 -0.0299827 0.0707551 0.000963618 0.999877 0.0156602 -0.0529796 0.0299713 -0.0156821 0.999428 -0.0202623 0.0 0.0 0.0 1.0
stairs/seq-01/color/frame-000156.color.png stairs/seq-01/color/frame-000158.color.png 0.999971 0.00449807 0.0061204 -0.00188696 -0.0044626 0.999973 -0.00579546 -0.0071466 -0.00614631 0.00576798 0.999964 0.0150649 0.0 0.0 0.0 1.0
stairs/seq-01/color/frame-000157.color.png stairs/seq-01/color/frame-000159.color.png 0.999971 0.00710046 0.00280956 0.000925303 -0.00708471 0.999959 -0.00557533 -0.00411722 -0.00284904 0.00555526 0.99998 0.0128723 0.0 0.0 0.0 1.0
stairs/seq-01/color/frame-000158.color.png stairs/seq-01/color/frame-000160.color.png 0.999973 0.0035722 0.00644214 -0.00691384 -0.00356586 0.999993 -0.000995405 -0.0173292 -0.00644565 0.000972407 0.999979 0.0173812 0.0 0.0 0.0 1.0
stairs/seq-01/color/frame-000159.color.png stairs/seq-01/color/frame-000161.color.png 0.999966 3.48929e-05 0.00824844 -0.0120331 2.55231e-05 0.999973 -0.00732475 -0.00594729 -0.00824848 0.00732471 0.999939 0.0207843 0.0 0.0 0.0 1.0
stairs/seq-01/color/frame-000160.color.png stairs/seq-01/color/frame-000162.color.png 0.999982 0.00468323 -0.00374609 0.0103696 -0.00469299 0.999986 -0.0026009 -0.00299647 0.00373385 0.00261843 0.99999 0.00755128 0.0 0.0 0.0 1.0
stairs/seq-01/color/frame-000161.color.png stairs/seq-01/color/frame-000163.color.png 0.999917 0.0126217 0.00254786 0.00690061 -0.012613 0.999915 -0.00340359 0.00340527 -0.0025906 0.00337118 0.999991 0.0197168 0.0 0.0 0.0 1.0
stairs/seq-01/color/frame-000162.color.png stairs/seq-01/color/frame-000164.color.png 0.999881 0.0133036 -0.00781519 0.0388623 -0.013283 0.999908 0.00267521 -0.00964499 0.00785006 -0.00257109 0.999966 0.0208841 0.0 0.0 0.0 1.0
stairs/seq-01/color/frame-000163.color.png stairs/seq-01/color/frame-000165.color.png 0.999979 0.00542123 0.00361167 -0.00384212 -0.00541998 0.999985 -0.000349882 -0.00992346 -0.00361352 0.0003303 0.999993 0.0174552 0.0 0.0 0.0 1.0
stairs/seq-01/color/frame-000164.color.png stairs/seq-01/color/frame-000166.color.png 1.0 0.000324179 0.000893878 -0.000741422 -0.000319424 0.999986 -0.00531708 -0.00666159 -0.000895591 0.00531679 0.999986 0.015615 0.0 0.0 0.0 1.0
stairs/seq-01/color/frame-000165.color.png stairs/seq-01/color/frame-000167.color.png 0.999853 -0.00998345 -0.0139517 0.0250421 0.0101123 0.999907 0.00919984 -0.0486828 0.0138586 -0.00933957 0.99986 -0.000505894 0.0 0.0 0.0 1.0
stairs/seq-01/color/frame-000166.color.png stairs/seq-01/color/frame-000168.color.png 0.999997 0.0022135 -0.000585631 0.00371867 -0.0022132 0.999997 0.000463629 -0.00756592 0.000586657 -0.000462331 1.0 0.016328 0.0 0.0 0.0 1.0
stairs/seq-01/color/frame-000167.color.png stairs/seq-01/color/frame-000169.color.png 0.999991 0.00415319 0.00129481 0.00387615 -0.00414703 0.99998 -0.00473748 0.00320691 -0.00131447 0.00473207 0.999988 0.0238704 0.0 0.0 0.0 1.0
stairs/seq-01/color/frame-000168.color.png stairs/seq-01/color/frame-000170.color.png 0.999991 0.00374106 0.00211296 -0.0021441 -0.00372515 0.999965 -0.00748393 0.00440979 -0.00214089 0.00747599 0.99997 0.0216807 0.0 0.0 0.0 1.0
stairs/seq-01/color/frame-000169.color.png stairs/seq-01/color/frame-000171.color.png 0.999988 -0.00363316 0.00326685 -0.00590461 0.00361134 0.999971 0.0066676 -0.0279906 -0.00329098 -0.00665572 0.999972 0.00930274 0.0 0.0 0.0 1.0
stairs/seq-01/color/frame-000170.color.png stairs/seq-01/color/frame-000172.color.png 0.999963 -0.00660445 0.0054356 -0.0101261 0.00660662 0.999978 -0.000382025 -0.0144231 -0.00543296 0.000417925 0.999985 0.0176773 0.0 0.0 0.0 1.0
stairs/seq-01/color/frame-000171.color.png stairs/seq-01/color/frame-000173.color.png 0.999938 0.000151449 0.0111375 -0.0197573 -9.79988e-05 0.999989 -0.00479939 0.00743216 -0.0111381 0.00479801 0.999926 0.0220109 0.0 0.0 0.0 1.0
stairs/seq-01/color/frame-000172.color.png stairs/seq-01/color/frame-000174.color.png 0.99999 -0.00380847 0.00242984 -0.00735247 0.00378536 0.999948 0.00944674 -0.0208489 -0.00246569 -0.00943745 0.999952 0.00971594 0.0 0.0 0.0 1.0
stairs/seq-01/color/frame-000173.color.png stairs/seq-01/color/frame-000175.color.png 0.999966 -0.00610839 -0.00544804 0.0110911 0.00617173 0.999913 0.0116864 -0.0299321 0.00537619 -0.0117197 0.999917 -0.00156385 0.0 0.0 0.0 1.0
