stairs/seq-01/color/frame-000002.color.png stairs/seq-01/color/frame-000005.color.png 0.999998 -0.0017986 0.000828579 0.00113069 0.00179652 0.999995 0.00250416 -0.000271149 -0.000833079 -0.00250267 0.999996 0.00450786 0.0 0.0 0.0 1.0
stairs/seq-01/color/frame-000005.color.png stairs/seq-01/color/frame-000008.color.png 0.999997 -0.00244163 0.00046777 5.30367e-05 0.00244035 0.999993 0.0027239 -0.00169755 -0.000474417 -0.00272275 0.999996 -0.00073985 0.0 0.0 0.0 1.0
stairs/seq-01/color/frame-000008.color.png stairs/seq-01/color/frame-000011.color.png 0.999996 -0.00262371 0.000482598 0.000418582 0.00262244 0.999993 0.0026159 -0.00241945 -0.000489458 -0.00261463 0.999996 -0.000134666 0.0 0.0 0.0 1.0
stairs/seq-01/color/frame-000011.color.png stairs/seq-01/color/frame-000014.color.png 0.999995 0.00012527 0.0031693 -0.00586639 -0.000128042 1.0 0.000874335 0.00321817 -0.00316919 -0.000874737 0.999995 -0.00249192 0.0 0.0 0.0 1.0
stairs/seq-01/color/frame-000014.color.png stairs/seq-01/color/frame-000017.color.png 0.99999 9.90168e-05 0.00448196 0.00264675 -0.000100018 1.0 0.000223226 0.00229378 -0.00448194 -0.000223671 0.99999 0.0029525 0.0 0.0 0.0 1.0
stairs/seq-01/color/frame-000017.color.png stairs/seq-01/color/frame-000020.color.png 0.999969 -0.00564772 0.00551408 0.000292957 0.00562741 0.999977 0.00369281 -0.00124049 -0.00553481 -0.00366167 0.999978 0.00253082 0.0 0.0 0.0 1.0
stairs/seq-01/color/frame-000020.color.png stairs/seq-01/color/frame-000023.color.png 0.99995 -0.00338934 0.00936783 0.0020692 0.00337154 0.999993 0.00191549 0.000121707 -0.00937425 -0.00188382 0.999954 0.00188218 0.0 0.0 0.0 1.0
stairs/seq-01/color/frame-000023.color.png stairs/seq-01/color/frame-000026.color.png 0.99986 -0.00530713 0.0158912 0.00179275 0.00524274 0.999978 0.004091 -0.00274389 -0.0159126 -0.00400711 0.999865 0.00429352 0.0 0.0 0.0 1.0
stairs/seq-01/color/frame-000026.color.png stairs/seq-01/color/frame-000029.color.png 0.99981 -0.0118863 0.015447 0.00631914 0.0119917 0.999905 -0.0067457 0.0018339 -0.0153653 0.00692965 0.999858 0.00333865 0.0 0.0 0.0 1.0
stairs/seq-01/color/frame-000029.color.png stairs/seq-01/color/frame-000032.color.png 0.99959 -0.0145842 0.0246199 0.00188039 0.0146894 0.999884 -0.00409879 0.000259519 -0.0245573 0.00445877 0.999689 0.00123903 0.0 0.0 0.0 1.0
stairs/seq-01/color/frame-000032.color.png stairs/seq-01/color/frame-000035.color.png 0.999426 -0.0204161 0.0270358 0.00877327 0.0205276 0.999782 -0.00385245 -0.00213108 -0.0269513 0.00440522 0.999627 0.00664194 0.0 0.0 0.0 1.0
stairs/seq-01/color/frame-000035.color.png stairs/seq-01/color/frame-000038.color.png 0.99962 -0.016071 0.022401 0.0111315 0.0161446 0.999865 -0.00311176 -0.00490506 -0.022348 0.00347223 0.999744 0.00267739 0.0 0.0 0.0 1.0
stairs/seq-01/color/frame-000038.color.png stairs/seq-01/color/frame-000041.color.png 0.999777 -0.0138998 0.0159077 0.00697687 0.0140582 0.999852 -0.00988954 -0.00259205 -0.0157679 0.010111 0.999825 -0.000569431 0.0 0.0 0.0 1.0
stairs/seq-01/color/frame-000041.color.png stairs/seq-01/color/frame-000044.color.png 0.999537 -0.0143815 0.0268234 0.00853514 0.0147729 0.999786 -0.0144493 -0.0011581 -0.0266099 0.0148389 0.999536 0.000217211 0.0 0.0 0.0 1.0
stairs/seq-01/color/frame-000044.color.png stairs/seq-01/color/frame-000047.color.png 0.999592 -0.0135932 0.0251337 0.0134016 0.0136706 0.999902 -0.00291304 -0.00380213 -0.0250916 0.00325544 0.99968 0.00521713 0.0 0.0 0.0 1.0
stairs/seq-01/color/frame-000047.color.png stairs/seq-01/color/frame-000050.color.png 0.999462 -0.0190465 0.0267149 0.00432198 0.0191445 0.999811 -0.00341413 -0.00311577 -0.0266448 0.00392374 0.999637 0.00616443 0.0 0.0 0.0 1.0
stairs/seq-01/color/frame-000050.color.png stairs/seq-01/color/frame-000053.color.png 0.999497 -0.0190347 0.0253715 0.0056894 0.0191253 0.999812 -0.00333008 -0.0044139 -0.0253035 0.00381365 0.999672 0.00472653 0.0 0.0 0.0 1.0
stairs/seq-01/color/frame-000053.color.png stairs/seq-01/color/frame-000056.color.png 0.999286 -0.0213837 0.0311609 0.00753494 0.0215061 0.999762 -0.00359952 -0.00260822 -0.0310764 0.0042671 0.999508 0.00480937 0.0 0.0 0.0 1.0
stairs/seq-01/color/frame-000056.color.png stairs/seq-01/color/frame-000059.color.png 0.999232 -0.0247223 0.0304069 0.008265 0.0249024 0.999674 -0.0055583 -0.00534543 -0.0302596 0.00631124 0.999522 0.00072863 0.0 0.0 0.0 1.0
stairs/seq-01/color/frame-000059.color.png stairs/seq-01/color/frame-000062.color.png 0.999178 -0.0209632 0.0347002 0.00804658 0.0208388 0.999775 0.00394118 -0.00476046 -0.034775 -0.00321482 0.99939 -0.000524551 0.0 0.0 0.0 1.0
stairs/seq-01/color/frame-000062.color.png stairs/seq-01/color/frame-000065.color.png 0.999199 -0.029056 0.027505 0.013617 0.0292731 0.999543 -0.00751995 -0.00625737 -0.0272739 0.00831908 0.999593 0.00483606 0.0 0.0 0.0 1.0
stairs/seq-01/color/frame-000065.color.png stairs/seq-01/color/frame-000068.color.png 0.999589 -0.0118015 0.026108 0.0109601 0.0119706 0.999908 -0.00633099 -0.0020253 -0.0260309 0.00664094 0.999639 0.016316 0.0 0.0 0.0 1.0
stairs/seq-01/color/frame-000068.color.png stairs/seq-01/color/frame-000071.color.png 0.999734 -0.0188504 0.013292 0.0127973 0.0189519 0.999792 -0.00754203 -0.00569145 -0.013147 0.00779193 0.999883 -0.00131146 0.0 0.0 0.0 1.0
stairs/seq-01/color/frame-000071.color.png stairs/seq-01/color/frame-000074.color.png 0.999824 -0.0141232 0.0123715 0.0129212 0.0141586 0.999896 -0.00277667 -0.00784976 -0.012331 0.00295135 0.99992 0.00613005 0.0 0.0 0.0 1.0
stairs/seq-01/color/frame-000074.color.png stairs/seq-01/color/frame-000077.color.png 0.999932 -0.0111775 -0.00347767 0.0324762 0.0111645 0.999931 -0.0037424 -0.00756546 0.00351925 0.0037033 0.999987 0.00433243 0.0 0.0 0.0 1.0
stairs/seq-01/color/frame-000077.color.png stairs/seq-01/color/frame-000080.color.png 0.999983 -0.00309086 0.00492055 0.0213842 0.00311199 0.999986 -0.00429135 -0.0148548 -0.00490722 0.00430659 0.999979 0.00658794 0.0 0.0 0.0 1.0
stairs/seq-01/color/frame-000080.color.png stairs/seq-01/color/frame-000083.color.png 0.999966 -0.000664668 0.00823849 0.0224471 0.000759655 0.999933 -0.0115288 -0.00633055 -0.00823019 0.0115346 0.9999 -0.0046196 0.0 0.0 0.0 1.0
stairs/seq-01/color/frame-000083.color.png stairs/seq-01/color/frame-000086.color.png 0.999801 -0.0142711 0.0139008 0.0265594 0.0145412 0.999704 -0.0195272 -0.00498552 -0.013618 0.0197254 0.999713 0.0174584 0.0 0.0 0.0 1.0
stairs/seq-01/color/frame-000086.color.png stairs/seq-01/color/frame-000089.color.png 0.999885 -0.00575482 0.0140543 0.0210444 0.00592419 0.99991 -0.0120368 -0.0108268 -0.0139838 0.0121187 0.999829 -0.00337587 0.0 0.0 0.0 1.0
stairs/seq-01/color/frame-000089.color.png stairs/seq-01/color/frame-000092.color.png 0.99983 -0.0160773 0.00907794 0.0303507 0.0160952 0.999869 -0.00190571 -0.0164673 -0.00904609 0.00205149 0.999957 0.000973381 0.0 0.0 0.0 1.0
stairs/seq-01/color/frame-000092.color.png stairs/seq-01/color/frame-000095.color.png 0.999899 -0.0135496 0.00425101 0.0422221 0.0135994 0.999837 -0.0118978 -0.0261594 -0.00408909 0.0119545 0.99992 -0.00362611 0.0 0.0 0.0 1.0
stairs/seq-01/color/frame-000095.color.png stairs/seq-01/color/frame-000098.color.png 0.999988 -0.00356374 -0.00345576 0.0128656 0.00356837 0.999993 0.00135968 -0.0114845 0.00345094 -0.00137198 0.999993 0.00305748 0.0 0.0 0.0 1.0
stairs/seq-01/color/frame-000098.color.png stairs/seq-01/color/frame-000101.color.png 0.999912 -0.00879136 0.00990935 0.0169621 0.00880692 0.99996 -0.00152271 -0.00371975 -0.00989558 0.00160982 0.99995 0.0210041 0.0 0.0 0.0 1.0
stairs/seq-01/color/frame-000101.color.png stairs/seq-01/color/frame-000104.color.png 0.999982 -0.00593516 -0.000273377 0.0299454 0.00593938 0.999786 0.0198345 -0.0348042 0.000155607 -0.0198358 0.999803 0.0254663 0.0 0.0 0.0 1.0
stairs/seq-01/color/frame-000104.color.png stairs/seq-01/color/frame-000107.color.png 0.999998 0.000615349 -0.00185497 0.0162797 -0.00060541 0.999986 0.00527867 -0.0208519 0.0018582 -0.00527758 0.999984 0.0217573 0.0 0.0 0.0 1.0
stairs/seq-01/color/frame-000107.color.png stairs/seq-01/color/frame-000110.color.png 0.999957 0.00162008 -0.00912803 0.0440069 -0.00158385 0.999991 0.00398915 -0.0280041 0.00913434 -0.00397446 0.99995 0.0338406 0.0 0.0 0.0 1.0
stairs/seq-01/color/frame-000110.color.png stairs/seq-01/color/frame-000113.color.png 0.999604 0.0205685 -0.0191902 0.0519825 -0.0206851 0.999769 -0.00589563 -0.010889 0.0190645 0.00629027 0.999799 0.0248203 0.0 0.0 0.0 1.0
stairs/seq-01/color/frame-000113.color.png stairs/seq-01/color/frame-000116.color.png 0.999369 0.00752096 -0.0347143 0.0432876 -0.00725286 0.999943 0.00784034 -0.0282356 0.0347713 -0.00758364 0.999367 0.0169905 0.0 0.0 0.0 1.0
stairs/seq-01/color/frame-000116.color.png stairs/seq-01/color/frame-000119.color.png 0.999274 0.0105317 -0.0366144 0.0252602 -0.0107553 0.999925 -0.00591481 -0.00850508 0.0365493 0.00630433 0.999312 -0.000371203 0.0 0.0 0.0 1.0
stairs/seq-01/color/frame-000119.color.png stairs/seq-01/color/frame-000122.color.png 0.998957 0.0190734 -0.0414883 0.0361453 -0.0190975 0.999818 -0.000184658 -0.0157228 0.0414772 0.000976809 0.999139 -0.00622255 0.0 0.0 0.0 1.0
stairs/seq-01/color/frame-000122.color.png stairs/seq-01/color/frame-000125.color.png 0.998648 0.0277189 -0.0439634 0.0486065 -0.026723 0.999376 0.0230814 -0.00827816 0.0445758 -0.0218754 0.998767 -0.0139493 0.0 0.0 0.0 1.0
stairs/seq-01/color/frame-000125.color.png stairs/seq-01/color/frame-000128.color.png 0.998228 0.0492057 -0.0334733 0.0460747 -0.0491688 0.998789 0.0019259 0.0190919 0.0335275 -0.000276647 0.999438 -0.00491023 0.0 0.0 0.0 1.0
stairs/seq-01/color/frame-000128.color.png stairs/seq-01/color/frame-000131.color.png 0.997871 0.0383207 -0.0527659 0.0658574 -0.0380374 0.999256 0.00636266 0.00922307 0.0529704 -0.00434204 0.998587 -0.0319518 0.0 0.0 0.0 1.0
stairs/seq-01/color/frame-000131.color.png stairs/seq-01/color/frame-000134.color.png 0.998909 0.0236678 -0.0402525 0.0564129 -0.0232223 0.999664 0.0115003 -0.00746697 0.0405112 -0.010553 0.999123 -0.0331623 0.0 0.0 0.0 1.0
stairs/seq-01/color/frame-000134.color.png stairs/seq-01/color/frame-000137.color.png 0.999271 0.016952 -0.0342045 0.0380057 -0.0168412 0.999852 0.00352606 0.00600737 0.0342592 -0.00294744 0.999409 -0.026484 0.0 0.0 0.0 1.0
stairs/seq-01/color/frame-000137.color.png stairs/seq-01/color/frame-000140.color.png 0.999026 0.0223744 -0.0380414 0.0452383 -0.0220375 0.999714 0.00925174 -0.00450253 0.0382375 -0.00840439 0.999233 -0.034572 0.0 0.0 0.0 1.0
stairs/seq-01/color/frame-000140.color.png stairs/seq-01/color/frame-000143.color.png 0.999339 0.0234283 -0.0277879 0.0342308 -0.0232093 0.999697 0.00817586 0.00446379 0.0279711 -0.00752552 0.99958 -0.025413 0.0 0.0 0.0 1.0
stairs/seq-01/color/frame-000143.color.png stairs/seq-01/color/frame-000146.color.png 0.999708 0.0218675 -0.0102819 0.0149314 -0.0218465 0.999759 0.00214981 0.00779596 0.0103265 -0.00192455 0.999945 0.00664511 0.0 0.0 0.0 1.0
stairs/seq-01/color/frame-000146.color.png stairs/seq-01/color/frame-000149.color.png 0.999591 0.019504 -0.020915 0.0232198 -0.0193669 0.99979 0.00673885 -0.010462 0.021042 -0.00633104 0.999759 -0.0104138 0.0 0.0 0.0 1.0
stairs/seq-01/color/frame-000149.color.png stairs/seq-01/color/frame-000152.color.png 0.999831 0.00309393 -0.0181337 0.016383 -0.00306215 0.999994 0.00177892 -0.0181309 0.0181391 -0.00172309 0.999834 -0.00802952 0.0 0.0 0.0 1.0
stairs/seq-01/color/frame-000152.color.png stairs/seq-01/color/frame-000155.color.png 0.99995 0.00980231 -0.00181734 0.0156185 -0.00979937 0.999951 0.00162647 -0.0167162 0.0018332 -0.00160858 0.999997 0.0209316 0.0 0.0 0.0 1.0
stairs/seq-01/color/frame-000155.color.png stairs/seq-01/color/frame-000158.color.png 0.999969 0.00710985 0.00343925 0.000536621 -0.00707775 0.999932 -0.00925639 -0.00105137 -0.00350483 0.00923176 0.999951 0.0185791 0.0 0.0 0.0 1.0
stairs/seq-01/color/frame-000158.color.png stairs/seq-01/color/frame-000161.color.png 0.999981 0.0026882 0.00556587 -0.00590563 -0.00269235 0.999996 0.000735266 -0.0328574 -0.00556387 -0.000750237 0.999984 0.0194081 0.0 0.0 0.0 1.0
stairs/seq-01/color/frame-000161.color.png stairs/seq-01/color/frame-000164.color.png 0.999874 0.014954 0.00530312 0.00116241 -0.0149423 0.999886 -0.00223507 0.00323653 -0.00533594 0.00215555 0.999983 0.0257032 0.0 0.0 0.0 1.0
stairs/seq-01/color/frame-000164.color.png stairs/seq-01/color/frame-000167.color.png 0.999999 -0.000134327 -0.0017369 0.0045895 0.00010995 0.999902 -0.0140255 0.00507712 0.00173862 0.0140253 0.9999 0.0352101 0.0 0.0 0.0 1.0
stairs/seq-01/color/frame-000167.color.png stairs/seq-01/color/frame-000170.color.png 0.999974 0.00603207 0.0038697 -0.000755429 -0.00603083 0.999982 -0.000332827 -0.0086711 -0.00387163 0.000309482 0.999992 0.021465 0.0 0.0 0.0 1.0
stairs/seq-01/color/frame-000170.color.png stairs/seq-01/color/frame-000173.color.png 0.999923 -0.00803175 0.00943678 -0.017878 0.00799521 0.99996 0.00390266 -0.0298842 -0.00946775 -0.00382691 0.999948 0.025126 0.0 0.0 0.0 1.0
stairs/seq-01/color/frame-000173.color.png stairs/seq-01/color/frame-000176.color.png 0.999986 -0.000529418 0.00530917 0.00426364 0.000479504 0.999956 0.0093954 -0.0218074 -0.00531391 -0.00939272 0.999942 0.0122752 0.0 0.0 0.0 1.0
stairs/seq-01/color/frame-000176.color.png stairs/seq-01/color/frame-000179.color.png 0.999927 -0.0109413 0.0051562 0.00625008 0.0109191 0.999931 0.00432802 -0.0389973 -0.00520319 -0.00427141 0.999977 0.026555 0.0 0.0 0.0 1.0
stairs/seq-01/color/frame-000179.color.png stairs/seq-01/color/frame-000182.color.png 0.999941 -0.0102629 -0.0036381 -0.00619179 0.0102427 0.999932 -0.00553042 -0.00941306 0.00369461 0.00549282 0.999978 0.00741899 0.0 0.0 0.0 1.0
stairs/seq-01/color/frame-000182.color.png stairs/seq-01/color/frame-000185.color.png 0.999949 0.00952663 -0.00349227 0.00957692 -0.00951983 0.999953 0.00196162 -0.00121433 0.0035108 -0.00192827 0.999992 0.005391 0.0 0.0 0.0 1.0
stairs/seq-01/color/frame-000185.color.png stairs/seq-01/color/frame-000188.color.png 0.999924 -0.00768894 -0.00960657 0.0192326 0.00764059 0.999958 -0.00506071 -0.0126447 0.00964508 0.00498693 0.999941 0.00373387 0.0 0.0 0.0 1.0
stairs/seq-01/color/frame-000188.color.png stairs/seq-01/color/frame-000191.color.png 0.999958 0.00507252 -0.00757556 0.0293089 -0.00514586 0.99994 -0.00969306 -0.000572324 0.00752593 0.00973165 0.999924 0.0065828 0.0 0.0 0.0 1.0
stairs/seq-01/color/frame-000191.color.png stairs/seq-01/color/frame-000194.color.png 0.999731 0.00278559 -0.0230178 0.0463553 -0.00300828 0.999949 -0.00964631 0.00168455 0.0229897 0.00971296 0.999689 -0.0100597 0.0 0.0 0.0 1.0
stairs/seq-01/color/frame-000194.color.png stairs/seq-01/color/frame-000197.color.png 0.999814 0.0119289 -0.0151697 0.0287431 -0.0119385 0.999928 -0.000542199 -0.00410259 0.0151622 0.00072319 0.999885 -0.00969017 0.0 0.0 0.0 1.0
stairs/seq-01/color/frame-000197.color.png stairs/seq-01/color/frame-000200.color.png 0.999762 0.00863269 -0.0200532 0.0486506 -0.00876975 0.999939 -0.00675713 -0.00451946 0.0199937 0.00693138 0.999776 -0.00649208 0.0 0.0 0.0 1.0
stairs/seq-01/color/frame-000200.color.png stairs/seq-01/color/frame-000203.color.png 0.99984 0.0160656 -0.00784363 0.0368782 -0.0161352 0.99983 -0.0088847 0.0208596 0.00769956 0.00900984 0.99993 0.00545794 0.0 0.0 0.0 1.0
stairs/seq-01/color/frame-000203.color.png stairs/seq-01/color/frame-000206.color.png 0.999777 0.00786912 -0.019618 0.0439644 -0.007841 0.999968 0.00150985 -0.0120385 0.0196293 -0.00135569 0.999806 -0.0122476 0.0 0.0 0.0 1.0
stairs/seq-01/color/frame-000206.color.png stairs/seq-01/color/frame-000209.color.png 0.99949 0.00687034 -0.0311781 0.0719023 -0.00725306 0.9999 -0.012179 0.00992894 0.0310913 0.0123989 0.99944 -0.0107097 0.0 0.0 0.0 1.0
stairs/seq-01/color/frame-000209.color.png stairs/seq-01/color/frame-000212.color.png 0.999917 0.00749753 -0.0105114 0.0220017 -0.00759389 0.999929 -0.00915775 0.00658083 0.010442 0.00923683 0.999903 -0.00461566 0.0 0.0 0.0 1.0
stairs/seq-01/color/frame-000212.color.png stairs/seq-01/color/frame-000215.color.png 0.999943 0.00288777 -0.0103121 0.0214943 -0.00285905 0.999992 0.00279893 -0.00719815 0.0103201 -0.00276928 0.999943 -0.0107509 0.0 0.0 0.0 1.0
stairs/seq-01/color/frame-000215.color.png stairs/seq-01/color/frame-000218.color.png 0.999995 0.0015035 0.00263715 0.00502026 -0.00150133 0.999999 -0.000823094 -0.0124657 -0.0026384 0.000819122 0.999996 0.00325495 0.0 0.0 0.0 1.0
stairs/seq-01/color/frame-000218.color.png stairs/seq-01/color/frame-000221.color.png 0.999969 0.00129946 -0.00779789 0.0153548 -0.00131637 0.999997 -0.002164 -0.0132051 0.00779505 0.0021742 0.999967 -0.0044083 0.0 0.0 0.0 1.0
stairs/seq-01/color/frame-000221.color.png stairs/seq-01/color/frame-000224.color.png 0.999951 0.00931555 -0.00327495 0.00902259 -0.0093554 0.99988 -0.012371 0.0126389 0.00315931 0.0124011 0.999918 0.00578994 0.0 0.0 0.0 1.0
stairs/seq-01/color/frame-000224.color.png stairs/seq-01/color/frame-000227.color.png 0.999731 0.0032408 -0.0229763 0.0490668 -0.00332796 0.999987 -0.00375645 -0.00146854 0.0229639 0.0038319 0.999729 -0.00610197 0.0 0.0 0.0 1.0
stairs/seq-01/color/frame-000227.color.png stairs/seq-01/color/frame-000230.color.png 0.999982 -0.00300547 -0.00517932 0.00664723 0.00298893 0.99999 -0.00319798 -0.0148987 0.00518885 0.00318244 0.999982 0.00233275 0.0 0.0 0.0 1.0
stairs/seq-01/color/frame-000230.color.png stairs/seq-01/color/frame-000233.color.png 0.999988 -0.00417328 -0.00238468 0.000807166 0.00415073 0.999947 -0.00938453 -0.00910866 0.00242372 0.0093745 0.999953 0.0091176 0.0 0.0 0.0 1.0
stairs/seq-01/color/frame-000233.color.png stairs/seq-01/color/frame-000236.color.png 0.999978 0.00467572 0.0046751 -0.00551796 -0.00461737 0.999912 -0.0124145 0.00174725 -0.00473275 0.0123926 0.999912 0.0233638 0.0 0.0 0.0 1.0
stairs/seq-01/color/frame-000236.color.png stairs/seq-01/color/frame-000239.color.png 0.999987 0.00487481 0.00110862 -0.000769377 -0.00487045 0.999981 -0.00390034 -0.0110022 -0.00112757 0.00389491 0.999992 0.0138072 0.0 0.0 0.0 1.0
stairs/seq-01/color/frame-000239.color.png stairs/seq-01/color/frame-000242.color.png 0.999983 -0.00583747 -8.26601e-05 -0.00552261 0.00583683 0.999963 -0.00631398 -0.0191382 0.000119514 0.0063134 0.99998 0.021896 0.0 0.0 0.0 1.0
stairs/seq-01/color/frame-000242.color.png stairs/seq-01/color/frame-000245.color.png 0.999904 -0.00223741 0.0136515 -0.0277209 0.00234794 0.999964 -0.00808575 -0.0187172 -0.0136329 0.00811703 0.999874 0.0264453 0.0 0.0 0.0 1.0
stairs/seq-01/color/frame-000245.color.png stairs/seq-01/color/frame-000248.color.png 0.999995 0.00321067 0.00050044 -0.00557888 -0.00320896 0.999989 -0.00338384 -0.00893325 -0.000511297 0.00338219 0.999994 0.0175415 0.0 0.0 0.0 1.0
stairs/seq-01/color/frame-000248.color.png stairs/seq-01/color/frame-000251.color.png 0.999749 0.0156675 0.0159958 -0.0182858 -0.0156672 0.999877 -0.000140756 -0.0027476 -0.0159961 -0.000109886 0.999872 0.0329136 0.0 0.0 0.0 1.0
stairs/seq-01/color/frame-000251.color.png stairs/seq-01/color/frame-000254.color.png 0.99984 0.0121266 0.0131182 -0.00740135 -0.0121616 0.999923 0.00258486 -0.0109616 -0.0130858 -0.00274398 0.999911 0.03087 0.0 0.0 0.0 1.0
stairs/seq-01/color/frame-000254.color.png stairs/seq-01/color/frame-000257.color.png 0.999909 -0.00951829 0.00956055 -0.0300262 0.00947968 0.999947 0.00407596 -0.0543834 -0.00959884 -0.00398496 0.999946 0.0241391 0.0 0.0 0.0 1.0
stairs/seq-01/color/frame-000257.color.png stairs/seq-01/color/frame-000260.color.png 0.999965 0.00831392 -0.00106324 0.000264525 -0.00831221 0.999964 0.00161643 -0.00222266 0.00107667 -0.00160753 0.999998 0.0194842 0.0 0.0 0.0 1.0
stairs/seq-01/color/frame-000260.color.png stairs/seq-01/color/frame-000263.color.png 0.999983 8.76401e-05 0.00574004 -0.0231184 -0.00011695 0.999987 0.00510684 -0.0189787 -0.00573953 -0.00510742 0.999971 0.0156953 0.0 0.0 0.0 1.0
stairs/seq-01/color/frame-000263.color.png stairs/seq-01/color/frame-000266.color.png 0.999999 -0.000349558 -0.0010967 -0.00976586 0.000350265 1.0 0.000632864 -0.0225065 0.00109646 -0.000633266 0.999999 0.0226387 0.0 0.0 0.0 1.0
stairs/seq-01/color/frame-000266.color.png stairs/seq-01/color/frame-000269.color.png 0.999975 0.00514244 0.00484101 -0.00863028 -0.00509276 0.999935 -0.0102185 -0.00283009 -0.00489325 0.0101936 0.999936 0.0313448 0.0 0.0 0.0 1.0
stairs/seq-01/color/frame-000269.color.png stairs/seq-01/color/frame-000272.color.png 0.999887 -0.00765614 0.012954 -0.0436853 0.00781791 0.999892 -0.0124843 0.000644445 -0.012857 0.0125842 0.999838 0.0333828 0.0 0.0 0.0 1.0
stairs/seq-01/color/frame-000272.color.png stairs/seq-01/color/frame-000275.color.png 0.99988 -0.0132999 0.00797572 -0.0292919 0.013273 0.999906 0.00341042 -0.0355487 -0.00802035 -0.00330414 0.999962 0.0191472 0.0 0.0 0.0 1.0
stairs/seq-01/color/frame-000275.color.png stairs/seq-01/color/frame-000278.color.png 0.999975 0.00447701 0.00541301 -0.0038783 -0.00453818 0.999925 0.0113434 -0.0141541 -0.00536182 -0.0113677 0.999921 0.00818485 0.0 0.0 0.0 1.0
stairs/seq-01/color/frame-000278.color.png stairs/seq-01/color/frame-000281.color.png 0.999984 -0.00466142 0.00324966 -0.00594819 0.00464071 0.999969 0.00635289 -0.0218509 -0.00327917 -0.00633767 0.999974 0.0130086 0.0 0.0 0.0 1.0
stairs/seq-01/color/frame-000281.color.png stairs/seq-01/color/frame-000284.color.png 0.999996 -0.00255019 -0.0010824 0.00149018 0.00254147 0.999965 -0.00798597 -0.0052675 0.00110272 0.00798319 0.999968 0.0225729 0.0 0.0 0.0 1.0
stairs/seq-01/color/frame-000284.color.png stairs/seq-01/color/frame-000287.color.png 0.999947 0.00535098 -0.00877477 0.0249881 -0.00539022 0.999975 -0.00445512 -0.00423753 0.00875072 0.00450217 0.999951 0.0092324 0.0 0.0 0.0 1.0
stairs/seq-01/color/frame-000287.color.png stairs/seq-01/color/frame-000290.color.png 0.999978 0.00612383 -0.00275668 0.0190161 -0.0061377 0.999968 -0.00504873 -0.00836527 0.00272568 0.0050655 0.999984 0.0215731 0.0 0.0 0.0 1.0
stairs/seq-01/color/frame-000290.color.png stairs/seq-01/color/frame-000293.color.png 0.999974 0.00626206 -0.00360722 0.0175287 -0.00627431 0.999975 -0.003396 -0.00938654 0.00358587 0.00341859 0.999988 0.0114929 0.0 0.0 0.0 1.0
stairs/seq-01/color/frame-000293.color.png stairs/seq-01/color/frame-000296.color.png 0.999907 0.0129501 -0.00425585 0.0174174 -0.0129677 0.999907 -0.00412536 0.00407374 0.00420204 0.00418016 0.999982 0.00880444 0.0 0.0 0.0 1.0
stairs/seq-01/color/frame-000296.color.png stairs/seq-01/color/frame-000299.color.png 0.999746 0.0137927 -0.017851 0.0393531 -0.0138487 0.9999 -0.00301911 -0.000395417 0.0178076 0.00326553 0.999836 -0.000591099 0.0 0.0 0.0 1.0
stairs/seq-01/color/frame-000299.color.png stairs/seq-01/color/frame-000302.color.png 0.999768 0.0102028 -0.018984 0.0371191 -0.0103291 0.999925 -0.00656776 -0.00246418 0.0189156 0.0067623 0.999798 0.00407022 0.0 0.0 0.0 1.0
stairs/seq-01/color/frame-000302.color.png stairs/seq-01/color/frame-000305.color.png 0.99978 0.00620803 -0.0200131 0.0200263 -0.00653039 0.999849 -0.016082 0.0182561 0.0199102 0.0162092 0.99967 0.00321329 0.0 0.0 0.0 1.0
stairs/seq-01/color/frame-000305.color.png stairs/seq-01/color/frame-000308.color.png 0.999956 0.00805717 -0.00475004 0.0191472 -0.00800313 0.999904 0.0112867 -0.0269889 0.00484051 -0.0112482 0.999925 0.00344253 0.0 0.0 0.0 1.0
stairs/seq-01/color/frame-000308.color.png stairs/seq-01/color/frame-000311.color.png 0.999946 -0.000825784 -0.010331 0.00202101 0.000901134 0.999973 0.0072897 -0.0203934 0.0103247 -0.00729863 0.99992 0.0040555 0.0 0.0 0.0 1.0
stairs/seq-01/color/frame-000311.color.png stairs/seq-01/color/frame-000314.color.png 0.999997 0.00157711 0.00187893 -0.0172608 -0.00157093 0.999993 -0.00328845 -0.00365877 -0.00188407 0.00328552 0.999993 0.0254509 0.0 0.0 0.0 1.0
stairs/seq-01/color/frame-000314.color.png stairs/seq-01/color/frame-000317.color.png 0.999941 -0.00730758 0.00804492 -0.0229476 0.00747517 0.999751 -0.0210032 0.00756371 -0.00788942 0.0210621 0.999747 0.0580822 0.0 0.0 0.0 1.0
stairs/seq-01/color/frame-000317.color.png stairs/seq-01/color/frame-000320.color.png 0.999861 -0.00632479 0.0154094 -0.0525093 0.00648441 0.999925 -0.0103304 -0.00202203 -0.0153429 0.0104289 0.999828 0.0463535 0.0 0.0 0.0 1.0
stairs/seq-01/color/frame-000320.color.png stairs/seq-01/color/frame-000323.color.png 0.999795 -0.01991 -0.00370269 -0.0396942 0.0198853 0.99978 -0.00661215 -0.0188693 0.00383352 0.00653716 0.999971 0.0221239 0.0 0.0 0.0 1.0
stairs/seq-01/color/frame-000323.color.png stairs/seq-01/color/frame-000326.color.png 0.999744 -0.019339 0.0117731 -0.0701244 0.0195132 0.999699 -0.0148643 -0.00285029 -0.0114822 0.0150902 0.99982 0.0398425 0.0 0.0 0.0 1.0
stairs/seq-01/color/frame-000326.color.png stairs/seq-01/color/frame-000329.color.png 0.999439 0.00307361 0.0333468 -0.0518944 -0.00308248 0.999995 0.00021453 -0.00831664 -0.033346 -0.00031716 0.999444 0.0455253 0.0 0.0 0.0 1.0
stairs/seq-01/color/frame-000329.color.png stairs/seq-01/color/frame-000332.color.png 0.999906 -0.00359167 0.0132493 -0.0319813 0.00350385 0.999972 0.00664571 -0.0196753 -0.0132728 -0.00659866 0.99989 0.0212598 0.0 0.0 0.0 1.0
stairs/seq-01/color/frame-000332.color.png stairs/seq-01/color/frame-000335.color.png 0.999997 -0.00185214 -0.00175718 -0.0160432 0.00184541 0.999991 -0.00382551 -0.00478292 0.00176427 0.00382226 0.999991 0.0224997 0.0 0.0 0.0 1.0
stairs/seq-01/color/frame-000335.color.png stairs/seq-01/color/frame-000338.color.png 0.999734 0.018188 -0.0141641 0.0306119 -0.0182499 0.999824 -0.00425428 0.00589061 0.0140842 0.00451166 0.999891 0.014717 0.0 0.0 0.0 1.0
stairs/seq-01/color/frame-000338.color.png stairs/seq-01/color/frame-000341.color.png 0.9998 0.0140887 -0.0142237 0.0402186 -0.0141465 0.999892 -0.00397146 -0.000562787 0.0141662 0.00417191 0.999891 0.0214559 0.0 0.0 0.0 1.0
stairs/seq-01/color/frame-000341.color.png stairs/seq-01/color/frame-000344.color.png 0.999982 -0.000784172 -0.00598049 0.0108984 0.000761948 0.999993 -0.00371422 -0.0165617 0.00598334 0.00370955 0.999975 0.0218379 0.0 0.0 0.0 1.0
stairs/seq-01/color/frame-000344.color.png stairs/seq-01/color/frame-000347.color.png 0.999853 -0.0150355 -0.00828058 0.002473 0.015104 0.999852 0.00827308 -0.0470753 0.00815498 -0.00839692 0.999931 0.0117931 0.0 0.0 0.0 1.0
stairs/seq-01/color/frame-000347.color.png stairs/seq-01/color/frame-000350.color.png 0.999729 0.018879 0.0136284 0.0184439 -0.0187537 0.999781 -0.00926147 -0.0027914 -0.0138003 0.00900338 0.999864 0.045498 0.0 0.0 0.0 1.0
stairs/seq-01/color/frame-000350.color.png stairs/seq-01/color/frame-000353.color.png 0.999946 0.0103248 -0.000806635 0.0212488 -0.0103239 0.999946 0.00113304 -0.033384 0.000818279 -0.00112467 0.999999 0.0318269 0.0 0.0 0.0 1.0
stairs/seq-01/color/frame-000353.color.png stairs/seq-01/color/frame-000356.color.png 0.999695 0.0200492 -0.0144408 0.0411679 -0.0199319 0.999768 0.00821902 -0.0125448 0.0146022 -0.00792863 0.999862 -0.0483713 0.0 0.0 0.0 1.0
stairs/seq-01/color/frame-000356.color.png stairs/seq-01/color/frame-000359.color.png 0.999248 -0.00728779 -0.0380792 0.0484909 0.00754043 0.99995 0.00649558 -0.0382941 0.03803 -0.00677789 0.999254 -0.0393767 0.0 0.0 0.0 1.0
stairs/seq-01/color/frame-000359.color.png stairs/seq-01/color/frame-000362.color.png 0.999639 -0.0244308 -0.0111646 -0.0254496 0.0243822 0.999693 -0.00446883 -0.0244591 0.0112704 0.00419502 0.999928 -0.00512624 0.0 0.0 0.0 1.0
stairs/seq-01/color/frame-000362.color.png stairs/seq-01/color/frame-000365.color.png 0.999928 0.0086553 0.0083365 0.013372 -0.00869822 0.999949 0.00512692 -0.0228238 -0.00829174 -0.00519907 0.999952 -1.7643e-05 0.0 0.0 0.0 1.0
stairs/seq-01/color/frame-000365.color.png stairs/seq-01/color/frame-000368.color.png 0.99992 -0.0059433 0.0111977 -0.0185973 0.00580883 0.999911 0.0120034 -0.0489429 -0.011268 -0.0119374 0.999865 -0.00018537 0.0 0.0 0.0 1.0
stairs/seq-01/color/frame-000368.color.png stairs/seq-01/color/frame-000371.color.png 0.999882 0.00560814 0.0142918 -0.0107127 -0.00543419 0.999911 -0.0121809 0.0142426 -0.0143589 0.0121018 0.999824 0.0563871 0.0 0.0 0.0 1.0
stairs/seq-01/color/frame-000371.color.png stairs/seq-01/color/frame-000374.color.png 0.99997 -0.0056734 0.00519964 -0.0375697 0.00561837 0.999929 0.0105348 -0.035737 -0.00525905 -0.0105054 0.999931 0.0123047 0.0 0.0 0.0 1.0
stairs/seq-01/color/frame-000374.color.png stairs/seq-01/color/frame-000377.color.png 0.999965 0.00195638 0.00817491 -0.0414801 -0.00204916 0.999933 0.0113573 -0.0398674 -0.00815212 -0.0113736 0.999902 0.0185874 0.0 0.0 0.0 1.0
stairs/seq-01/color/frame-000377.color.png stairs/seq-01/color/frame-000380.color.png 0.999991 -4.07986e-05 -0.00420871 -0.0221084 5.75585e-05 0.999992 0.00397894 -0.0287048 0.00420849 -0.00397918 0.999983 0.0148486 0.0 0.0 0.0 1.0
stairs/seq-01/color/frame-000380.color.png stairs/seq-01/color/frame-000383.color.png 0.999824 -0.000409822 -0.0187453 0.00699544 0.000427086 1.0 0.000917048 -0.0278422 0.018745 -0.000924877 0.999824 0.00677609 0.0 0.0 0.0 1.0
stairs/seq-01/color/frame-000383.color.png stairs/seq-01/color/frame-000386.color.png 0.999994 -0.00174748 0.00310981 -0.0384052 0.00177149 0.999968 -0.00774127 -0.00256634 -0.00309619 0.00774672 0.999965 0.0263082 0.0 0.0 0.0 1.0
stairs/seq-01/color/frame-000386.color.png stairs/seq-01/color/frame-000389.color.png 0.99985 0.00620328 0.0161493 -0.0352755 -0.00625905 0.999975 0.00340697 -0.0245752 -0.0161277 -0.00350752 0.999864 0.0238128 0.0 0.0 0.0 1.0
stairs/seq-01/color/frame-000389.color.png stairs/seq-01/color/frame-000392.color.png 0.999788 0.0116398 0.0169644 -0.0415078 -0.0120202 0.999675 0.0224951 -0.0478945 -0.0166971 -0.0226943 0.999603 -0.0143648 0.0 0.0 0.0 1.0
stairs/seq-01/color/frame-000392.color.png stairs/seq-01/color/frame-000395.color.png 0.999779 -0.00200967 0.0209261 -0.0620587 0.00180942 0.999952 0.00958481 -0.0375513 -0.0209443 -0.00954485 0.999735 0.000914693 0.0 0.0 0.0 1.0
stairs/seq-01/color/frame-000395.color.png stairs/seq-01/color/frame-000398.color.png 0.999709 -0.0240958 -0.000638665 -0.0430611 0.0241001 0.999679 0.00783124 -0.0448203 0.000449755 -0.00784435 0.999969 -0.012445 0.0 0.0 0.0 1.0
stairs/seq-01/color/frame-000398.color.png stairs/seq-01/color/frame-000401.color.png 0.999862 -0.000225966 0.0165878 -0.0319418 0.000398005 0.999946 -0.0103696 0.00546014 -0.0165846 0.0103748 0.999809 0.0321674 0.0 0.0 0.0 1.0
stairs/seq-01/color/frame-000401.color.png stairs/seq-01/color/frame-000404.color.png 0.999993 0.00342838 -0.00162154 0.00612056 -0.00342785 0.999994 0.00032359 -0.0039674 0.00162266 -0.000318069 0.999999 0.0044353 0.0 0.0 0.0 1.0
stairs/seq-01/color/frame-000404.color.png stairs/seq-01/color/frame-000407.color.png 0.999998 0.000886243 -0.00186074 0.00773197 -0.000917159 0.999861 -0.0166748 0.0167222 0.00184571 0.0166765 0.999859 0.0329311 0.0 0.0 0.0 1.0
stairs/seq-01/color/frame-000407.color.png stairs/seq-01/color/frame-000410.color.png 0.999916 -0.011723 0.00554138 -0.0370937 0.0117006 0.999923 0.00405368 -0.0325769 -0.00558849 -0.00398852 0.999977 -8.78572e-05 0.0 0.0 0.0 1.0
stairs/seq-01/color/frame-000410.color.png stairs/seq-01/color/frame-000413.color.png 0.999972 -0.003505 -0.00660931 0.00995249 0.00351591 0.999992 0.0016378 -0.0208787 0.0066035 -0.00166098 0.999977 0.00343633 0.0 0.0 0.0 1.0
stairs/seq-01/color/frame-000413.color.png stairs/seq-01/color/frame-000416.color.png 0.999968 0.00324754 -0.0072868 0.0162488 -0.00329307 0.999975 -0.00624305 -0.00186288 0.00726637 0.00626687 0.999954 0.0198194 0.0 0.0 0.0 1.0
stairs/seq-01/color/frame-000416.color.png stairs/seq-01/color/frame-000419.color.png 0.999909 0.00190028 -0.0133807 0.0328889 -0.00204788 0.999937 -0.0110259 0.000445604 0.0133589 0.0110523 0.99985 0.0279877 0.0 0.0 0.0 1.0
stairs/seq-01/color/frame-000419.color.png stairs/seq-01/color/frame-000422.color.png 0.999938 -0.00604261 0.00936089 -0.0291083 0.00606784 0.999978 -0.00267054 -0.0226728 -0.00934453 0.00272721 0.999953 0.0229763 0.0 0.0 0.0 1.0
stairs/seq-01/color/frame-000422.color.png stairs/seq-01/color/frame-000425.color.png 0.999964 0.00586634 0.00613703 0.00573403 -0.00592217 0.999941 0.00912048 -0.038782 -0.00608316 -0.00915648 0.99994 0.00391161 0.0 0.0 0.0 1.0
stairs/seq-01/color/frame-000425.color.png stairs/seq-01/color/frame-000428.color.png 0.999996 -0.00261354 0.0014131 -0.00849688 0.00259228 0.999886 0.0148432 -0.0579709 -0.00145175 -0.0148395 0.999889 -0.01161 0.0 0.0 0.0 1.0
stairs/seq-01/color/frame-000428.color.png stairs/seq-01/color/frame-000431.color.png 0.999974 0.00628424 -0.00363513 0.0183386 -0.0062614 0.999961 0.006262 -0.0316279 0.00367434 -0.00623908 0.999974 -0.0116212 0.0 0.0 0.0 1.0
stairs/seq-01/color/frame-000431.color.png stairs/seq-01/color/frame-000434.color.png 0.999962 -0.0014733 -0.00862858 0.0130983 0.00152644 0.99998 0.0061554 -0.044524 0.00861935 -0.00616831 0.999944 -0.0128045 0.0 0.0 0.0 1.0
stairs/seq-01/color/frame-000434.color.png stairs/seq-01/color/frame-000437.color.png 0.999781 -0.0128355 -0.0165044 -0.00449926 0.0128902 0.999912 0.00321192 -0.0421457 0.0164617 -0.00342399 0.999859 -0.0198457 0.0 0.0 0.0 1.0
stairs/seq-01/color/frame-000437.color.png stairs/seq-01/color/frame-000440.color.png 0.99999 0.00302023 -0.00333567 0.000828743 -0.00303669 0.999983 -0.00494082 -0.00874603 0.0033207 0.00495089 0.999982 0.00350869 0.0 0.0 0.0 1.0
stairs/seq-01/color/frame-000440.color.png stairs/seq-01/color/frame-000443.color.png 0.999943 0.0106566 -6.8618e-06 0.0176914 -0.0106563 0.999915 -0.00754849 0.0132201 -7.35735e-05 0.00754817 0.999971 0.0203664 0.0 0.0 0.0 1.0
stairs/seq-01/color/frame-000443.color.png stairs/seq-01/color/frame-000446.color.png 0.999991 0.00374339 -0.0017401 -0.000767648 -0.00374284 0.999993 0.000310945 -0.0139571 0.00174122 -0.000304418 0.999998 0.00611031 0.0 0.0 0.0 1.0
stairs/seq-01/color/frame-000446.color.png stairs/seq-01/color/frame-000449.color.png 0.999945 0.00749074 -0.00732039 0.00619286 -0.00761573 0.999823 -0.017196 0.0153084 0.00719029 0.0172508 0.999825 0.03679 0.0 0.0 0.0 1.0
stairs/seq-01/color/frame-000449.color.png stairs/seq-01/color/frame-000452.color.png 0.999982 0.00307688 0.00523935 -0.0292903 -0.00297748 0.999817 -0.0188743 0.0140188 -0.00529644 0.0188583 0.999808 0.0555468 0.0 0.0 0.0 1.0
stairs/seq-01/color/frame-000452.color.png stairs/seq-01/color/frame-000455.color.png 0.999947 -0.0102529 -0.00128363 -0.0428526 0.0102478 0.99994 -0.00391542 -0.0210981 0.00132369 0.00390206 0.999992 0.010977 0.0 0.0 0.0 1.0
stairs/seq-01/color/frame-000455.color.png stairs/seq-01/color/frame-000458.color.png 0.999965 0.0069443 -0.00469117 -0.00211626 -0.00688325 0.999893 0.0129043 -0.041261 0.00478028 -0.0128716 0.999906 -0.000725985 0.0 0.0 0.0 1.0
stairs/seq-01/color/frame-000458.color.png stairs/seq-01/color/frame-000461.color.png 0.999965 -0.00824195 -0.00158093 -0.0365688 0.00821857 0.999864 -0.0142649 -0.000370264 0.00169825 0.0142514 0.999897 0.0501019 0.0 0.0 0.0 1.0
stairs/seq-01/color/frame-000461.color.png stairs/seq-01/color/frame-000464.color.png 0.999758 0.0129811 -0.0177606 0.0660822 -0.0133197 0.999729 -0.0190818 0.0365632 0.0175081 0.0193137 0.99966 0.0468998 0.0 0.0 0.0 1.0
stairs/seq-01/color/frame-000464.color.png stairs/seq-01/color/frame-000467.color.png 0.999957 0.0087468 -0.00310274 0.00219846 -0.00874635 0.999962 0.000157989 -0.0284278 0.003104 -0.000130835 0.999995 0.00670004 0.0 0.0 0.0 1.0
stairs/seq-01/color/frame-000467.color.png stairs/seq-01/color/frame-000470.color.png 0.999979 0.00637991 0.0012649 0.000316679 -0.00637959 0.99998 -0.000251653 -0.0152321 -0.0012665 0.000243558 0.999999 0.00580692 0.0 0.0 0.0 1.0
stairs/seq-01/color/frame-000470.color.png stairs/seq-01/color/frame-000473.color.png 0.999905 0.0137423 0.0010496 0.0143342 -0.0137438 0.999905 0.00140588 -0.0111823 -0.00103013 -0.00142014 0.999998 -0.000698447 0.0 0.0 0.0 1.0
stairs/seq-01/color/frame-000473.color.png stairs/seq-01/color/frame-000476.color.png 0.999991 0.00337342 0.00235891 -0.00336313 -0.00335705 0.999971 -0.00690022 0.00834894 -0.00238214 0.00689225 0.999973 0.0154124 0.0 0.0 0.0 1.0
stairs/seq-01/color/frame-000476.color.png stairs/seq-01/color/frame-000479.color.png 0.999617 0.00816965 0.0264492 -0.0739209 -0.00828082 0.999957 0.00409615 -0.0351324 -0.0264146 -0.00431357 0.999642 -0.00922084 0.0 0.0 0.0 1.0
stairs/seq-01/color/frame-000479.color.png stairs/seq-01/color/frame-000482.color.png 0.999868 -0.00796279 -0.0141731 0.0159344 0.00775308 0.999861 -0.0147898 0.0111744 0.0142889 0.0146779 0.99979 0.0194453 0.0 0.0 0.0 1.0
stairs/seq-01/color/frame-000482.color.png stairs/seq-01/color/frame-000485.color.png 0.999984 0.00522981 -0.00193763 0.0177546 -0.00527046 0.999753 -0.0216037 0.0449376 0.00182415 0.0216135 0.999765 0.0403825 0.0 0.0 0.0 1.0
stairs/seq-01/color/frame-000485.color.png stairs/seq-01/color/frame-000488.color.png 0.999985 0.00550457 -0.000202886 0.0230783 -0.00550678 0.999896 -0.0133526 0.020864 0.000129348 0.0133535 0.999911 0.0294662 0.0 0.0 0.0 1.0
stairs/seq-01/color/frame-000488.color.png stairs/seq-01/color/frame-000491.color.png 0.999828 -0.0115609 -0.014524 0.0239095 0.0110695 0.999378 -0.0334713 0.0547051 0.014902 0.0333047 0.999334 0.0628868 0.0 0.0 0.0 1.0
stairs/seq-01/color/frame-000491.color.png stairs/seq-01/color/frame-000494.color.png 0.999971 -0.00240799 0.00719674 -0.0252275 0.00251019 0.999896 -0.0142218 0.0316379 -0.00716177 0.0142394 0.999873 0.0300156 0.0 0.0 0.0 1.0
stairs/seq-01/color/frame-000494.color.png stairs/seq-01/color/frame-000497.color.png 0.999951 0.00121346 -0.00977985 0.0342942 -0.0013905 0.999835 -0.018116 0.0392137 0.00975627 0.0181288 0.999788 0.0329984 0.0 0.0 0.0 1.0
