stairs/seq-01/color/frame-000000.color.png stairs/seq-01/color/frame-000001.color.png 0.999999 0.000954754 0.000393001 -0.00110226 -0.000954804 1.0 0.000126663 0.000751616 -0.00039288 -0.000127038 1.0 -7.90788e-05 0.0 0.0 0.0 1.0
stairs/seq-01/color/frame-000001.color.png stairs/seq-01/color/frame-000002.color.png 0.999997 -0.00237377 -0.0002486 0.00321313 0.00237366 0.999997 -0.00041831 -0.00170252 0.000249592 0.000417719 1.0 0.000949867 0.0 0.0 0.0 1.0
stairs/seq-01/color/frame-000002.color.png stairs/seq-01/color/frame-000003.color.png 0.999997 -0.00125594 0.00196127 -0.00392042 0.00125414 0.999999 0.000915745 0.000895463 -0.00196242 -0.000913283 0.999998 -0.00316676 0.0 0.0 0.0 1.0
stairs/seq-01/color/frame-000003.color.png stairs/seq-01/color/frame-000004.color.png 0.999999 0.000655975 -0.00107212 0.00221373 -0.000654717 0.999999 0.00117371 0.000865484 0.00107289 -0.00117301 0.999999 0.00207834 0.0 0.0 0.0 1.0
stairs/seq-01/color/frame-000004.color.png stairs/seq-01/color/frame-000005.color.png 0.999998 -0.000764353 0.00164727 -0.000930448 0.000765294 1.0 -0.000570598 -0.000257693 -0.00164683 0.000571857 0.999998 0.0017145 0.0 0.0 0.0 1.0
stairs/seq-01/color/frame-000005.color.png stairs/seq-01/color/frame-000006.color.png 0.999999 -0.00166359 -4.56133e-05 0.000727074 0.00166366 0.999997 0.00145888 -0.00243273 4.31866e-05 -0.00145895 0.999999 -0.000302558 0.0 0.0 0.0 1.0
stairs/seq-01/color/frame-000006.color.png stairs/seq-01/color/frame-000007.color.png 1.0 0.000535783 0.000135091 0.000157869 -0.000535932 0.999999 0.0011028 0.000544777 -0.0001345 -0.00110288 0.999999 -0.000427757 0.0 0.0 0.0 1.0
stairs/seq-01/color/frame-000007.color.png stairs/seq-01/color/frame-000008.color.png 1.0 -0.000512961 3.008e-05 -0.000118281 0.000512969 1.0 -0.000278956 0.000811223 -2.9937e-05 0.000278971 1.0 0.000117527 0.0 0.0 0.0 1.0
stairs/seq-01/color/frame-000008.color.png stairs/seq-01/color/frame-000009.color.png 1.0 0.000150462 0.000500037 0.000242389 -0.0001504 1.0 -0.000123061 0.000178411 -0.000500055 0.000122987 1.0 0.000373381 0.0 0.0 0.0 1.0
stairs/seq-01/color/frame-000009.color.png stairs/seq-01/color/frame-000010.color.png 1.0 -0.000656769 0.000234668 0.000490135 0.000656407 0.999999 0.00153747 -0.000616363 -0.000235677 -0.00153732 0.999999 -0.00106845 0.0 0.0 0.0 1.0
stairs/seq-01/color/frame-000010.color.png stairs/seq-01/color/frame-000011.color.png 0.999997 -0.00229245 0.000169544 -0.0012914 0.00229237 0.999997 0.000485506 -0.000948032 -0.000170657 -0.000485116 1.0 -0.000413743 0.0 0.0 0.0 1.0
stairs/seq-01/color/frame-000011.color.png stairs/seq-01/color/frame-000012.color.png 0.999998 0.00139167 -0.00139442 0.00273809 -0.00139232 0.999999 -0.000461493 0.00105837 0.00139378 0.000463433 0.999999 0.00256742 0.0 0.0 0.0 1.0
stairs/seq-01/color/frame-000012.color.png stairs/seq-01/color/frame-000013.color.png 0.999998 0.000346388 0.00211617 -0.00319934 -0.00034452 0.999999 -0.000882666 0.00142548 -0.00211648 0.000881936 0.999997 -0.00205957 0.0 0.0 0.0 1.0
stairs/seq-01/color/frame-000013.color.png stairs/seq-01/color/frame-000014.color.png 1.0 -0.000425373 0.000193452 -0.000435368 0.00042477 0.999995 0.00310686 -0.000612969 -0.000194773 -0.00310678 0.999995 0.000270284 0.0 0.0 0.0 1.0
stairs/seq-01/color/frame-000014.color.png stairs/seq-01/color/frame-000015.color.png 0.999998 -5.65775e-05 0.00220556 -0.000522836 5.9427e-05 0.999999 -0.00129183 0.00166128 -0.00220548 0.00129196 0.999997 0.00108104 0.0 0.0 0.0 1.0
stairs/seq-01/color/frame-000015.color.png stairs/seq-01/color/frame-000016.color.png 0.999994 -0.00323288 0.00137944 -0.000230426 0.00323274 0.999995 0.000103357 0.000239467 -0.00137977 -9.88956e-05 0.999999 -0.00110572 0.0 0.0 0.0 1.0
stairs/seq-01/color/frame-000016.color.png stairs/seq-01/color/frame-000017.color.png 0.999997 0.00197946 0.00133736 0.00161365 -0.0019814 0.999997 0.001449 0.000472884 -0.00133449 -0.00145165 0.999998 0.00139865 0.0 0.0 0.0 1.0
stairs/seq-01/color/frame-000017.color.png stairs/seq-01/color/frame-000018.color.png 0.999996 -0.00085519 0.00257912 0.00107089 0.000856605 1.0 -0.000547223 -0.000174505 -0.00257865 0.00054943 0.999996 0.00156157 0.0 0.0 0.0 1.0
stairs/seq-01/color/frame-000018.color.png stairs/seq-01/color/frame-000019.color.png 0.999993 -0.00352802 0.00143926 -0.000806649 0.00352357 0.999989 0.00308575 -0.00228261 -0.00145014 -0.00308066 0.999994 -0.00188647 0.0 0.0 0.0 1.0
stairs/seq-01/color/frame-000019.color.png stairs/seq-01/color/frame-000020.color.png 1.0 -1.65849e-07 -0.000178409 0.00232146 2.7699e-07 1.0 0.000621531 0.00255707 0.000178409 -0.000621531 1.0 0.00284086 0.0 0.0 0.0 1.0
stairs/seq-01/color/frame-000020.color.png stairs/seq-01/color/frame-000021.color.png 0.999975 -0.0030593 0.00642764 9.27707e-05 0.0030683 0.999994 -0.00139122 -0.000373596 -0.00642335 0.00141091 0.999978 0.00170634 0.0 0.0 0.0 1.0
stairs/seq-01/color/frame-000021.color.png stairs/seq-01/color/frame-000022.color.png 0.999999 0.000386798 0.00162086 0.000533261 -0.000389152 0.999999 0.00145322 0.000612692 -0.0016203 -0.00145385 0.999998 0.000311324 0.0 0.0 0.0 1.0
stairs/seq-01/color/frame-000022.color.png stairs/seq-01/color/frame-000023.color.png 0.999996 -0.000374503 0.0026421 0.000485713 0.000373318 1.0 0.000448606 0.000549606 -0.00264226 -0.000447618 0.999996 0.00110539 0.0 0.0 0.0 1.0
stairs/seq-01/color/frame-000023.color.png stairs/seq-01/color/frame-000024.color.png 0.999944 -0.00304081 0.010164 -0.00151515 0.00303733 0.999995 0.000358448 0.000342506 -0.010165 -0.000327556 0.999948 -0.00156024 0.0 0.0 0.0 1.0
stairs/seq-01/color/frame-000024.color.png stairs/seq-01/color/frame-000025.color.png 0.999997 -0.000823568 0.00213399 0.000871113 0.000815011 0.999992 0.0040071 -0.00320778 -0.00213728 -0.00400536 0.99999 0.00220306 0.0 0.0 0.0 1.0
stairs/seq-01/color/frame-000025.color.png stairs/seq-01/color/frame-000026.color.png 0.999983 -0.00189134 0.00540663 -0.000871519 0.00189216 0.999998 -0.00014671 0.000781756 -0.00540634 0.000156935 0.999985 0.00297954 0.0 0.0 0.0 1.0
stairs/seq-01/color/frame-000026.color.png stairs/seq-01/color/frame-000027.color.png 0.999939 -0.00829447 0.00732974 0.00302951 0.00830138 0.999965 -0.000912932 -0.00100298 -0.00732192 0.000973724 0.999973 0.000535959 0.0 0.0 0.0 1.0
stairs/seq-01/color/frame-000027.color.png stairs/seq-01/color/frame-000028.color.png 0.999993 -0.00253905 0.00261471 0.00207187 0.00254049 0.999997 -0.000547423 -0.00120581 -0.00261331 0.000554062 0.999996 0.00243062 0.0 0.0 0.0 1.0
stairs/seq-01/color/frame-000028.color.png stairs/seq-01/color/frame-000029.color.png 0.999985 -0.00239274 0.00501707 0.00200757 0.00240941 0.999992 -0.00331748 0.000585236 -0.0050091 0.00332952 0.999982 -0.000218267 0.0 0.0 0.0 1.0
stairs/seq-01/color/frame-000029.color.png stairs/seq-01/color/frame-000030.color.png 0.999932 -0.00801992 0.00849963 0.00464032 0.00803554 0.999966 -0.00180463 -0.00111175 -0.00848486 0.00187281 0.999962 0.00434806 0.0 0.0 0.0 1.0
stairs/seq-01/color/frame-000030.color.png stairs/seq-01/color/frame-000031.color.png 0.999972 -0.000608973 0.00754252 -0.00313321 0.000625135 0.999997 -0.00213866 0.00452726 -0.00754121 0.00214331 0.999969 -0.00356393 0.0 0.0 0.0 1.0
stairs/seq-01/color/frame-000031.color.png stairs/seq-01/color/frame-000032.color.png 0.999959 -0.00505649 0.00756128 0.000812964 0.00506109 0.999987 -0.000591811 -0.00197784 -0.00755818 0.000630054 0.999971 0.00138632 0.0 0.0 0.0 1.0
stairs/seq-01/color/frame-000032.color.png stairs/seq-01/color/frame-000033.color.png 0.999973 -0.00369808 0.00636244 0.00327789 0.00369319 0.999993 0.000780206 -0.00162808 -0.00636526 -0.000756685 0.99998 0.000507011 0.0 0.0 0.0 1.0
stairs/seq-01/color/frame-000033.color.png stairs/seq-01/color/frame-000034.color.png 0.999812 -0.01303 0.0143329 0.00345564 0.0130677 0.999911 -0.00254394 -0.00180547 -0.0142985 0.00273076 0.999894 0.00512228 0.0 0.0 0.0 1.0
stairs/seq-01/color/frame-000034.color.png stairs/seq-01/color/frame-000035.color.png 0.999971 -0.00486097 0.00593865 0.00382818 0.00486906 0.999987 -0.00134773 -0.000907589 -0.00593201 0.0013766 0.999982 0.00170796 0.0 0.0 0.0 1.0
stairs/seq-01/color/frame-000035.color.png stairs/seq-01/color/frame-000036.color.png 0.999988 -0.00404435 0.00285953 0.00637721 0.00404634 0.999992 -0.000691939 -0.00210327 -0.00285672 0.000703502 0.999996 -0.00098869 0.0 0.0 0.0 1.0
stairs/seq-01/color/frame-000036.color.png stairs/seq-01/color/frame-000037.color.png 0.999963 -0.00337271 0.00792326 0.000512 0.00338921 0.999992 -0.0020703 -0.00010968 -0.00791623 0.00209707 0.999966 0.00296438 0.0 0.0 0.0 1.0
stairs/seq-01/color/frame-000037.color.png stairs/seq-01/color/frame-000038.color.png 0.999879 -0.00923973 0.012508 0.0026697 0.00925743 0.999956 -0.00135943 -0.0013638 -0.0124949 0.00147506 0.999921 -0.000639385 0.0 0.0 0.0 1.0
stairs/seq-01/color/frame-000038.color.png stairs/seq-01/color/frame-000039.color.png 0.999995 -0.00281992 0.00139191 0.00416472 0.00282233 0.999995 -0.0017341 -0.000711605 -0.00138696 0.00173802 0.999998 -0.00505739 0.0 0.0 0.0 1.0
stairs/seq-01/color/frame-000039.color.png stairs/seq-01/color/frame-000040.color.png 0.999964 -0.00412689 0.00742957 0.00170559 0.00414802 0.999987 -0.00283119 -0.00164291 -0.00741777 0.0028619 0.999968 0.00676551 0.0 0.0 0.0 1.0
stairs/seq-01/color/frame-000040.color.png stairs/seq-01/color/frame-000041.color.png 0.999957 -0.00577814 0.00727093 0.000433262 0.00582245 0.999965 -0.00608388 0.00114236 -0.00723558 0.00612595 0.999955 -0.00103821 0.0 0.0 0.0 1.0
stairs/seq-01/color/frame-000041.color.png stairs/seq-01/color/frame-000042.color.png 0.999899 -0.0065624 0.0125753 0.00266171 0.0066392 0.99996 -0.00607689 -0.00180064 -0.0125349 0.00615978 0.999902 -0.000190876 0.0 0.0 0.0 1.0
stairs/seq-01/color/frame-000042.color.png stairs/seq-01/color/frame-000043.color.png 0.999952 -0.00506952 0.00839262 0.00131008 0.00510704 0.999977 -0.00445297 -0.00121419 -0.00836985 0.00449561 0.999955 0.00243787 0.0 0.0 0.0 1.0
stairs/seq-01/color/frame-000043.color.png stairs/seq-01/color/frame-000044.color.png 0.999988 -0.00308584 0.0039076 0.00827696 0.00309914 0.999989 -0.00340252 -0.000434334 -0.00389709 0.00341459 0.999987 0.00116122 0.0 0.0 0.0 1.0
stairs/seq-01/color/frame-000044.color.png stairs/seq-01/color/frame-000045.color.png 0.999893 -0.00689612 0.0128691 0.00491605 0.00689419 0.999976 0.000191217 -0.00302804 -0.0128701 -0.000102461 0.999917 0.00250998 0.0 0.0 0.0 1.0
stairs/seq-01/color/frame-000045.color.png stairs/seq-01/color/frame-000046.color.png 0.999948 -0.00300629 0.00975819 -3.05474e-05 0.00304928 0.999986 -0.0043909 0.00172876 -0.00974485 0.00442041 0.999943 0.0010621 0.0 0.0 0.0 1.0
stairs/seq-01/color/frame-000046.color.png stairs/seq-01/color/frame-000047.color.png 0.999981 -0.00332862 0.00511951 0.00172957 0.0033209 0.999993 0.00151357 -0.00212681 -0.00512451 -0.00149653 0.999986 -0.00753693 0.0 0.0 0.0 1.0
stairs/seq-01/color/frame-000047.color.png stairs/seq-01/color/frame-000048.color.png 0.999973 -0.00414663 0.00612853 0.00137125 0.00415302 0.999991 -0.00103098 0.000558528 -0.00612419 0.00105641 0.999981 0.0068973 0.0 0.0 0.0 1.0
stairs/seq-01/color/frame-000048.color.png stairs/seq-01/color/frame-000049.color.png 0.999834 -0.0112761 0.0143387 0.00375441 0.0113432 0.999925 -0.00460853 -0.000427955 -0.0142856 0.0047704 0.999887 0.00185798 0.0 0.0 0.0 1.0
stairs/seq-01/color/frame-000049.color.png stairs/seq-01/color/frame-000050.color.png 0.999979 -0.0035899 0.00545621 0.00228373 0.00358387 0.999993 0.00110394 -0.00162938 -0.00546012 -0.00108436 0.999984 0.000293178 0.0 0.0 0.0 1.0
stairs/seq-01/color/frame-000050.color.png stairs/seq-01/color/frame-000051.color.png 0.999979 -0.00479221 0.00442576 0.00109667 0.00479148 0.999988 0.000187324 -0.000762112 -0.00442666 -0.000166116 0.99999 -0.00018084 0.0 0.0 0.0 1.0
stairs/seq-01/color/frame-000051.color.png stairs/seq-01/color/frame-000052.color.png 0.999827 -0.00996074 0.0156841 0.000117257 0.0100089 0.999946 -0.00299928 -0.00283297 -0.0156533 0.00315574 0.999872 0.00287041 0.0 0.0 0.0 1.0
stairs/seq-01/color/frame-000052.color.png stairs/seq-01/color/frame-000053.color.png 0.999976 -0.00440526 0.00526867 0.00460063 0.00441105 0.99999 -0.00108193 -7.13598e-05 -0.00526388 0.00110514 0.999986 0.00336571 0.0 0.0 0.0 1.0
stairs/seq-01/color/frame-000053.color.png stairs/seq-01/color/frame-000054.color.png 0.999952 -0.00735095 0.00648299 0.00256053 0.00736385 0.999971 -0.00196639 -0.00184903 -0.00646836 0.00201403 0.999977 0.00317513 0.0 0.0 0.0 1.0
stairs/seq-01/color/frame-000054.color.png stairs/seq-01/color/frame-000055.color.png 0.999823 -0.0107536 0.0154173 0.00162722 0.0107932 0.999939 -0.0024936 0.000599619 -0.0153895 0.00265958 0.999878 -0.0040965 0.0 0.0 0.0 1.0
stairs/seq-01/color/frame-000055.color.png stairs/seq-01/color/frame-000056.color.png 0.99994 -0.00376082 0.0103296 0.00124843 0.00373976 0.999991 0.00206212 -0.00432256 -0.0103373 -0.00202337 0.999945 0.00634933 0.0 0.0 0.0 1.0
stairs/seq-01/color/frame-000056.color.png stairs/seq-01/color/frame-000057.color.png 0.999952 -0.0068975 0.00696984 0.00479624 0.00691758 0.999972 -0.00286407 0.000174491 -0.00694992 0.00291214 0.999972 0.000398267 0.0 0.0 0.0 1.0
stairs/seq-01/color/frame-000057.color.png stairs/seq-01/color/frame-000058.color.png 0.999798 -0.0125472 0.0156855 0.00344912 0.0125986 0.999916 -0.00318193 -0.00174144 -0.0156443 0.0033789 0.999872 0.00324292 0.0 0.0 0.0 1.0
stairs/seq-01/color/frame-000058.color.png stairs/seq-01/color/frame-000059.color.png 0.999963 -0.00525238 0.00678518 0.00221273 0.00527005 0.999983 -0.00259749 0.000204528 -0.00677147 0.00263315 0.999974 -0.00284769 0.0 0.0 0.0 1.0
stairs/seq-01/color/frame-000059.color.png stairs/seq-01/color/frame-000060.color.png 0.999836 -0.00967069 0.0153168 0.00325938 0.00966864 0.999953 0.000211421 -0.00127834 -0.0153181 -6.32974e-05 0.999883 -1.68234e-05 0.0 0.0 0.0 1.0
stairs/seq-01/color/frame-000060.color.png stairs/seq-01/color/frame-000061.color.png 0.999891 -0.00778151 0.0125546 0.00369856 0.00777166 0.999969 0.000828643 0.000593945 -0.0125607 -0.000730983 0.999921 0.00129142 0.0 0.0 0.0 1.0
stairs/seq-01/color/frame-000061.color.png stairs/seq-01/color/frame-000062.color.png 0.999965 -0.00516132 0.00662216 0.00364837 0.00515315 0.999986 0.00125408 -0.00324754 -0.00662856 -0.0012199 0.999977 0.000987772 0.0 0.0 0.0 1.0
stairs/seq-01/color/frame-000062.color.png stairs/seq-01/color/frame-000063.color.png 0.99986 -0.00995471 0.0134222 0.00549526 0.00998957 0.999947 -0.00253151 -0.00149386 -0.0133963 0.00266523 0.999907 0.00406142 0.0 0.0 0.0 1.0
stairs/seq-01/color/frame-000063.color.png stairs/seq-01/color/frame-000064.color.png 0.999869 -0.0112129 0.0117183 0.00149182 0.0112539 0.999931 -0.00343592 -0.00351092 -0.0116789 0.00356735 0.999925 0.00140135 0.0 0.0 0.0 1.0
stairs/seq-01/color/frame-000064.color.png stairs/seq-01/color/frame-000065.color.png 0.99998 -0.00579796 0.00239981 0.00523858 0.00580021 0.999983 -0.000935373 -0.00050965 -0.00239436 0.000949249 0.999997 -0.002368 0.0 0.0 0.0 1.0
stairs/seq-01/color/frame-000065.color.png stairs/seq-01/color/frame-000066.color.png 0.99989 -0.00805975 0.012481 0.00521676 0.00809601 0.999963 -0.00286057 -0.00426939 -0.0124575 0.00296131 0.999918 0.0130019 0.0 0.0 0.0 1.0
stairs/seq-01/color/frame-000066.color.png stairs/seq-01/color/frame-000067.color.png 0.99998 -0.00384371 0.00492901 0.00220701 0.00386738 0.999981 -0.00480843 0.00327168 -0.00491043 0.0048274 0.999976 0.000559147 0.0 0.0 0.0 1.0
stairs/seq-01/color/frame-000067.color.png stairs/seq-01/color/frame-000068.color.png 0.999975 -0.00379389 0.0059714 0.00525531 0.00379309 0.999993 0.00015111 -0.00376433 -0.00597203 -0.000128456 0.999982 -0.00627265 0.0 0.0 0.0 1.0
stairs/seq-01/color/frame-000068.color.png stairs/seq-01/color/frame-000069.color.png 0.999953 -0.00467461 0.0084959 -0.00244124 0.0046978 0.999985 -0.00271651 0.00341955 -0.00848303 0.0027563 0.99996 0.00321605 0.0 0.0 0.0 1.0
stairs/seq-01/color/frame-000069.color.png stairs/seq-01/color/frame-000070.color.png 0.999987 -0.0047382 0.00190069 0.010422 0.00473975 0.999988 -0.000799527 -0.00607383 -0.00189681 0.000808508 0.999998 0.00873917 0.0 0.0 0.0 1.0
stairs/seq-01/color/frame-000070.color.png stairs/seq-01/color/frame-000071.color.png 0.99992 -0.0124431 0.00209246 0.00698309 0.0124603 0.999887 -0.00841252 0.000583854 -0.00198759 0.00843794 0.999962 -0.0079435 0.0 0.0 0.0 1.0
stairs/seq-01/color/frame-000071.color.png stairs/seq-01/color/frame-000072.color.png 0.999965 -0.00249488 0.00797943 0.000604779 0.00245636 0.999985 0.00482572 -0.0123899 -0.00799131 -0.00480595 0.999957 0.00194495 0.0 0.0 0.0 1.0
stairs/seq-01/color/frame-000072.color.png stairs/seq-01/color/frame-000073.color.png 0.999992 -0.0025923 0.00299316 0.00199229 0.00259687 0.999995 -0.00150558 -0.000584442 -0.00298926 0.00151333 0.999994 -0.000715796 0.0 0.0 0.0 1.0
stairs/seq-01/color/frame-000073.color.png stairs/seq-01/color/frame-000074.color.png 0.999984 -0.00475734 0.00310137 0.00581557 0.00475741 0.999989 -3.83205e-05 -0.0011321 -0.00310121 5.31086e-05 0.999995 -0.000714462 0.0 0.0 0.0 1.0
stairs/seq-01/color/frame-000074.color.png stairs/seq-01/color/frame-000075.color.png 0.999988 -0.00472834 0.0015505 0.0197017 0.00473101 0.999987 -0.00165397 -0.00260166 -0.00154255 0.00166127 0.999997 0.0213972 0.0 0.0 0.0 1.0
stairs/seq-01/color/frame-000075.color.png stairs/seq-01/color/frame-000076.color.png 0.999992 -0.00405237 -0.000320406 0.00770842 0.0040518 0.999991 -0.00163338 -0.00329228 0.000326935 0.00163211 0.999999 0.000660792 0.0 0.0 0.0 1.0
stairs/seq-01/color/frame-000076.color.png stairs/seq-01/color/frame-000077.color.png 1.0 1.15307e-05 -0.000878063 0.00602499 -1.22905e-05 1.0 -0.000859151 0.000152964 0.000878006 0.000859126 0.999999 0.000480879 0.0 0.0 0.0 1.0
stairs/seq-01/color/frame-000077.color.png stairs/seq-01/color/frame-000078.color.png 0.999997 -0.00112938 0.00207133 0.0057988 0.00113197 0.999999 -0.00126222 -0.00375477 -0.00206993 0.00126458 0.999997 0.00273408 0.0 0.0 0.0 1.0
stairs/seq-01/color/frame-000078.color.png stairs/seq-01/color/frame-000079.color.png 0.999996 -0.00219591 -0.00161004 0.00720878 0.00219188 0.999994 -0.00252682 -0.00136255 0.00161563 0.00252327 0.999996 -0.00364379 0.0 0.0 0.0 1.0
stairs/seq-01/color/frame-000079.color.png stairs/seq-01/color/frame-000080.color.png 0.999989 0.000379706 0.00460767 0.00612339 -0.000365145 0.999995 -0.00314783 -0.00437575 -0.00460894 0.00314609 0.999984 0.00595326 0.0 0.0 0.0 1.0
stairs/seq-01/color/frame-000080.color.png stairs/seq-01/color/frame-000081.color.png 0.999971 0.00205327 0.00727716 -0.000524372 -0.00206135 0.999997 0.00109476 -0.00796604 -0.0072748 -0.00110973 0.999973 -0.00324877 0.0 0.0 0.0 1.0
stairs/seq-01/color/frame-000081.color.png stairs/seq-01/color/frame-000082.color.png 0.999996 -0.000483181 0.00264291 -0.000234663 0.000485466 1.0 -0.000847689 -0.00282055 -0.00264245 0.000848954 0.999996 0.000494409 0.0 0.0 0.0 1.0
stairs/seq-01/color/frame-000082.color.png stairs/seq-01/color/frame-000083.color.png 0.999987 -0.00473965 0.00179228 0.0155541 0.00475589 0.999946 -0.00919002 -0.00357376 -0.00174866 0.00919843 0.999956 0.00463544 0.0 0.0 0.0 1.0
stairs/seq-01/color/frame-000083.color.png stairs/seq-01/color/frame-000084.color.png 0.999986 -0.0052413 -0.000174423 0.0125327 0.00524086 0.999982 -0.0029724 -0.00634615 0.000189956 0.00297147 0.999995 -0.00875489 0.0 0.0 0.0 1.0
stairs/seq-01/color/frame-000084.color.png stairs/seq-01/color/frame-000085.color.png 0.999981 -0.00307947 0.00535049 0.0122634 0.00312081 0.999965 -0.00774992 -0.000349946 -0.00532641 0.00776647 0.999956 0.00281588 0.0 0.0 0.0 1.0
stairs/seq-01/color/frame-000085.color.png stairs/seq-01/color/frame-000086.color.png 0.999984 -0.00434386 0.00359019 0.00244576 0.00435858 0.999982 -0.00411287 -0.00349607 -0.0035723 0.00412845 0.999985 0.000408683 0.0 0.0 0.0 1.0
stairs/seq-01/color/frame-000086.color.png stairs/seq-01/color/frame-000087.color.png 0.999995 -0.00220078 0.00234079 0.00933477 0.00222616 0.999938 -0.0108668 0.00681621 -0.00231669 0.0108719 0.999938 -0.00364607 0.0 0.0 0.0 1.0
stairs/seq-01/color/frame-000087.color.png stairs/seq-01/color/frame-000088.color.png 0.999989 -0.00206713 0.00415451 0.0124505 0.00207784 0.999995 -0.00257394 -0.00846595 -0.00414916 0.00258253 0.999988 -0.0027471 0.0 0.0 0.0 1.0
stairs/seq-01/color/frame-000088.color.png stairs/seq-01/color/frame-000089.color.png 0.99999 -0.00436086 -0.000702708 0.0184882 0.0043599 0.99999 -0.00136167 -0.00800668 0.000708646 0.00135861 0.999999 -0.00115778 0.0 0.0 0.0 1.0
stairs/seq-01/color/frame-000089.color.png stairs/seq-01/color/frame-000090.color.png 0.999931 -0.00716145 0.00933634 0.000150234 0.00722127 0.999954 -0.00639391 0.00120228 -0.00929017 0.00646088 0.999936 0.00226777 0.0 0.0 0.0 1.0
stairs/seq-01/color/frame-000090.color.png stairs/seq-01/color/frame-000091.color.png 1.0 9.20229e-05 0.000400327 0.0201287 -9.31278e-05 0.999996 0.00269956 -0.00505576 -0.000400032 -0.00269961 0.999996 0.00340436 0.0 0.0 0.0 1.0
stairs/seq-01/color/frame-000091.color.png stairs/seq-01/color/frame-000092.color.png 0.999979 -0.00649886 0.000245684 0.00869742 0.00649848 0.999978 0.00148251 -0.00726558 -0.000255218 -0.00148087 0.999999 -0.000846263 0.0 0.0 0.0 1.0
stairs/seq-01/color/frame-000092.color.png stairs/seq-01/color/frame-000093.color.png 0.999966 -0.00775558 0.00274801 0.0114762 0.00777515 0.999944 -0.00713324 -0.00570684 -0.00269255 0.00715433 0.999971 0.00163589 0.0 0.0 0.0 1.0
stairs/seq-01/color/frame-000093.color.png stairs/seq-01/color/frame-000094.color.png 0.999965 -0.00524067 0.00653412 0.00739032 0.00527577 0.999972 -0.00537826 -0.00543696 -0.00650567 0.00541261 0.999964 0.00438059 0.0 0.0 0.0 1.0
stairs/seq-01/color/frame-000094.color.png stairs/seq-01/color/frame-000095.color.png 0.999992 0.000347422 0.00408545 0.0038904 -0.000324912 0.999985 -0.00553415 0.000162773 -0.00408735 0.00553281 0.999976 0.000784166 0.0 0.0 0.0 1.0
stairs/seq-01/color/frame-000095.color.png stairs/seq-01/color/frame-000096.color.png 1.0 -0.000468857 -0.000234761 0.00844383 0.000468734 1.0 -0.000744246 -0.00397275 0.000235124 0.000744101 1.0 -0.000224631 0.0 0.0 0.0 1.0
stairs/seq-01/color/frame-000096.color.png stairs/seq-01/color/frame-000097.color.png 0.999977 -0.00130824 -0.00669612 0.00705826 0.00131111 0.999999 0.000423441 -0.00378309 0.00669551 -0.000432244 0.999977 -0.00777807 0.0 0.0 0.0 1.0
stairs/seq-01/color/frame-000097.color.png stairs/seq-01/color/frame-000098.color.png 1.0 0.0001723 -0.00040934 0.00745273 -0.000170909 0.999994 0.00334937 -0.00497245 0.000409983 -0.00334927 0.999994 0.00623996 0.0 0.0 0.0 1.0
stairs/seq-01/color/frame-000098.color.png stairs/seq-01/color/frame-000099.color.png 0.999972 -0.00720057 0.00210652 0.00166669 0.0072064 0.99997 -0.00278486 -0.00386637 -0.00208642 0.00279997 0.999994 0.00304732 0.0 0.0 0.0 1.0
stairs/seq-01/color/frame-000099.color.png stairs/seq-01/color/frame-000100.color.png 0.999997 -0.00132982 0.00186315 0.00755352 0.00132482 0.999995 0.00268577 -0.00180291 -0.00186671 -0.00268329 0.999995 0.00925916 0.0 0.0 0.0 1.0
stairs/seq-01/color/frame-000100.color.png stairs/seq-01/color/frame-000101.color.png 0.999961 -0.00122021 0.00875736 2.93851e-05 0.00123729 0.999997 -0.00195007 0.00126413 -0.00875497 0.00196081 0.99996 0.0118696 0.0 0.0 0.0 1.0
stairs/seq-01/color/frame-000101.color.png stairs/seq-01/color/frame-000102.color.png 0.999999 4.04635e-05 -0.00150457 0.00975704 -3.45353e-05 0.999992 0.00388788 -0.00551384 0.00150473 -0.00388785 0.999991 -0.00410438 0.0 0.0 0.0 1.0
stairs/seq-01/color/frame-000102.color.png stairs/seq-01/color/frame-000103.color.png 0.999999 0.000535318 0.00134842 0.0109249 -0.000548447 0.999952 0.00978315 -0.00750445 -0.00134314 -0.00978388 0.999951 0.0116374 0.0 0.0 0.0 1.0
stairs/seq-01/color/frame-000103.color.png stairs/seq-01/color/frame-000104.color.png 0.999998 0.000962104 -0.00195868 0.0186746 -0.000950038 0.99998 0.00619116 -0.0112198 0.00196462 -0.00618928 0.999979 0.0146804 0.0 0.0 0.0 1.0
stairs/seq-01/color/frame-000104.color.png stairs/seq-01/color/frame-000105.color.png 0.999969 0.00781759 0.000409098 0.00892854 -0.00781841 0.999967 0.00205523 -0.00122614 -0.000393069 -0.00205834 0.999998 0.00665975 0.0 0.0 0.0 1.0
stairs/seq-01/color/frame-000105.color.png stairs/seq-01/color/frame-000106.color.png 0.999998 -0.000767632 -0.00191418 0.00668833 0.000771049 0.999998 0.00174934 -0.00551566 0.00191281 -0.00175081 0.999997 0.00392479 0.0 0.0 0.0 1.0
stairs/seq-01/color/frame-000106.color.png stairs/seq-01/color/frame-000107.color.png 0.999978 -0.00525318 -0.00405054 0.0106411 0.00525799 0.999985 0.001185 -0.0127827 0.00404432 -0.00120625 0.999991 0.00888104 0.0 0.0 0.0 1.0
stairs/seq-01/color/frame-000107.color.png stairs/seq-01/color/frame-000108.color.png 0.999984 -0.00312094 -0.00473697 0.011237 0.00312137 0.999995 7.28053e-05 -0.011355 0.00473672 -8.76261e-05 0.999989 0.0134572 0.0 0.0 0.0 1.0
stairs/seq-01/color/frame-000108.color.png stairs/seq-01/color/frame-000109.color.png 0.999999 0.000769663 0.000927036 0.00950283 -0.000772844 0.999994 0.00347925 -0.0099805 -0.000924313 -0.00347997 0.999994 0.0124702 0.0 0.0 0.0 1.0
stairs/seq-01/color/frame-000109.color.png stairs/seq-01/color/frame-000110.color.png 0.999989 0.00437128 -0.00156005 0.0116573 -0.00436925 0.99999 0.00134985 -0.00849193 0.00156602 -0.00134296 0.999998 0.00570115 0.0 0.0 0.0 1.0
stairs/seq-01/color/frame-000110.color.png stairs/seq-01/color/frame-000111.color.png 0.999968 0.0078193 0.00156489 0.0122434 -0.00781752 0.999969 -0.00114284 -0.00626157 -0.0015739 0.00113055 0.999998 0.0161273 0.0 0.0 0.0 1.0
stairs/seq-01/color/frame-000111.color.png stairs/seq-01/color/frame-000112.color.png 0.999918 0.0029343 -0.0125047 0.0153697 -0.00292549 0.999995 0.00072372 -0.0108944 0.0125068 -0.00068709 0.999922 0.00149928 0.0 0.0 0.0 1.0
stairs/seq-01/color/frame-000112.color.png stairs/seq-01/color/frame-000113.color.png 0.999974 0.00510874 -0.00499989 0.0124778 -0.00511129 0.999987 -0.000504475 -0.0092466 0.00499738 0.000530002 0.999988 0.00896697 0.0 0.0 0.0 1.0
stairs/seq-01/color/frame-000113.color.png stairs/seq-01/color/frame-000114.color.png 0.999992 0.00319115 -0.00241225 0.0156359 -0.00318869 0.999994 0.000994322 -0.0110791 0.00241531 -0.000986631 0.999997 0.00803985 0.0 0.0 0.0 1.0
stairs/seq-01/color/frame-000114.color.png stairs/seq-01/color/frame-000115.color.png 0.999925 0.000938789 -0.0121869 0.0101238 -0.000955558 0.999999 -0.00136654 -0.00399889 0.0121857 0.00137811 0.999925 0.00373614 0.0 0.0 0.0 1.0
stairs/seq-01/color/frame-000115.color.png stairs/seq-01/color/frame-000116.color.png 0.999713 0.00421453 -0.0235746 0.0245836 -0.00406041 0.99997 0.00658217 -0.0073109 0.0236015 -0.00648456 0.9997 -0.000284523 0.0 0.0 0.0 1.0
stairs/seq-01/color/frame-000116.color.png stairs/seq-01/color/frame-000117.color.png 0.999802 0.00257477 -0.0197405 0.00831914 -0.00258847 0.999996 -0.000669826 -0.00670888 0.0197387 0.000720777 0.999805 -0.00118917 0.0 0.0 0.0 1.0
stairs/seq-01/color/frame-000117.color.png stairs/seq-01/color/frame-000118.color.png 0.999964 0.00418716 -0.00731734 0.00647622 -0.00417611 0.99999 0.00153228 -0.00664914 0.00732379 -0.00150166 0.999972 -2.27243e-05 0.0 0.0 0.0 1.0
stairs/seq-01/color/frame-000118.color.png stairs/seq-01/color/frame-000119.color.png 0.999868 0.00148843 -0.0161983 0.0252689 -0.0015332 0.999995 -0.00275107 -0.00993124 0.016194 0.00277555 0.999865 -0.00661789 0.0 0.0 0.0 1.0
stairs/seq-01/color/frame-000119.color.png stairs/seq-01/color/frame-000120.color.png 0.999915 0.00595105 -0.0116146 0.00988573 -0.00598956 0.999977 -0.00328357 -0.00157818 0.0115948 0.00335285 0.999927 -5.38975e-05 0.0 0.0 0.0 1.0
stairs/seq-01/color/frame-000120.color.png stairs/seq-01/color/frame-000121.color.png 0.999846 0.00748167 -0.0158673 0.0134004 -0.00749535 0.999972 -0.000803454 0.00234249 0.0158611 0.000922286 0.999874 -0.00286886 0.0 0.0 0.0 1.0
stairs/seq-01/color/frame-000121.color.png stairs/seq-01/color/frame-000122.color.png 0.999884 0.00441706 -0.0145677 0.0107812 -0.00441607 0.99999 9.52326e-05 -0.0104294 0.0145679 -3.09106e-05 0.999894 -0.00379251 0.0 0.0 0.0 1.0
stairs/seq-01/color/frame-000122.color.png stairs/seq-01/color/frame-000123.color.png 0.999988 0.00051957 -0.00484792 -0.0189355 -0.00049434 0.999986 0.00520105 -0.0066323 0.00485057 -0.00519861 0.999975 0.00245184 0.0 0.0 0.0 1.0
stairs/seq-01/color/frame-000123.color.png stairs/seq-01/color/frame-000124.color.png 0.999567 0.0158937 -0.0247482 0.0398559 -0.015549 0.99978 0.0140616 -0.00549603 0.0249662 -0.0136707 0.999595 -0.0133772 0.0 0.0 0.0 1.0
stairs/seq-01/color/frame-000124.color.png stairs/seq-01/color/frame-000125.color.png 0.999918 0.0108854 -0.006815 0.00879389 -0.0108575 0.999933 0.0041304 0.00417787 0.00685957 -0.00405604 0.999968 -0.00108474 0.0 0.0 0.0 1.0
stairs/seq-01/color/frame-000125.color.png stairs/seq-01/color/frame-000126.color.png 0.999847 0.0134847 -0.0111443 0.0170152 -0.0134303 0.999898 0.00494072 0.000515431 0.0112097 -0.00479027 0.999926 0.00297704 0.0 0.0 0.0 1.0
stairs/seq-01/color/frame-000126.color.png stairs/seq-01/color/frame-000127.color.png 0.99977 0.0198574 -0.00815084 0.0169045 -0.0198915 0.999794 -0.00412272 0.0154552 0.00806735 0.00428392 0.999958 -0.00243092 0.0 0.0 0.0 1.0
stairs/seq-01/color/frame-000127.color.png stairs/seq-01/color/frame-000128.color.png 0.999734 0.01517 -0.0173484 0.0179637 -0.0151986 0.999883 -0.00151858 0.00691861 0.0173233 0.00178182 0.999848 -0.00939476 0.0 0.0 0.0 1.0
stairs/seq-01/color/frame-000128.color.png stairs/seq-01/color/frame-000129.color.png 0.999678 0.0143738 -0.0209281 0.0256484 -0.0141944 0.999862 0.0086901 -0.00666225 0.02105 -0.00839023 0.999743 -0.0182041 0.0 0.0 0.0 1.0
stairs/seq-01/color/frame-000129.color.png stairs/seq-01/color/frame-000130.color.png 0.999866 0.010626 -0.0124673 0.0137733 -0.0106736 0.999936 -0.00375742 0.00615293 0.0124266 0.00388999 0.999915 -0.00599706 0.0 0.0 0.0 1.0
stairs/seq-01/color/frame-000130.color.png stairs/seq-01/color/frame-000131.color.png 0.999691 0.0116826 -0.0219191 0.0273393 -0.0116309 0.999929 0.00248516 0.00377101 0.0219466 -0.00222944 0.999757 -0.0142248 0.0 0.0 0.0 1.0
stairs/seq-01/color/frame-000131.color.png stairs/seq-01/color/frame-000132.color.png 0.999909 0.00888892 -0.0101362 0.00911731 -0.00889954 0.99996 -0.00100255 0.00478277 0.0101268 0.00109265 0.999948 -0.0034115 0.0 0.0 0.0 1.0
stairs/seq-01/color/frame-000132.color.png stairs/seq-01/color/frame-000133.color.png 0.999939 0.00665177 -0.00880071 0.0115261 -0.00665592 0.999978 -0.000441799 0.00327939 0.00879759 0.000500348 0.999961 -0.00686973 0.0 0.0 0.0 1.0
stairs/seq-01/color/frame-000133.color.png stairs/seq-01/color/frame-000134.color.png 0.999858 0.00608672 -0.0157288 0.0234158 -0.00593666 0.999937 0.00956885 -0.011685 0.015786 -0.00947411 0.99983 -0.0134536 0.0 0.0 0.0 1.0
stairs/seq-01/color/frame-000134.color.png stairs/seq-01/color/frame-000135.color.png 0.999841 0.00269647 -0.0176379 0.0155206 -0.0026684 0.999995 0.00161481 -0.00202936 0.0176422 -0.00156749 0.999843 -0.0125522 0.0 0.0 0.0 1.0
stairs/seq-01/color/frame-000135.color.png stairs/seq-01/color/frame-000136.color.png 0.99988 0.00780574 -0.0133817 0.0176454 -0.00774346 0.999959 0.00469663 -0.00184861 0.0134178 -0.00459245 0.999899 -0.0123219 0.0 0.0 0.0 1.0
stairs/seq-01/color/frame-000136.color.png stairs/seq-01/color/frame-000137.color.png 0.999966 0.00785062 -0.0023155 0.00293076 -0.00785494 0.999967 -0.0018585 0.00821689 0.00230082 0.00187662 0.999996 0.00124133 0.0 0.0 0.0 1.0
stairs/seq-01/color/frame-000137.color.png stairs/seq-01/color/frame-000138.color.png 0.999828 0.0108461 -0.0150636 0.0210587 -0.0107663 0.999928 0.00537133 0.000547528 0.0151208 -0.00520823 0.999872 -0.0111157 0.0 0.0 0.0 1.0
stairs/seq-01/color/frame-000138.color.png stairs/seq-01/color/frame-000139.color.png 0.999904 0.00755394 -0.0116319 0.00748909 -0.00752851 0.999969 0.00222685 -0.00409481 0.0116484 -0.00213905 0.99993 -0.0146677 0.0 0.0 0.0 1.0
stairs/seq-01/color/frame-000139.color.png stairs/seq-01/color/frame-000140.color.png 0.999923 0.00522568 -0.0112781 0.0170531 -0.00520948 0.999985 0.00146121 0.000210345 0.0112856 -0.00140236 0.999936 -0.00526264 0.0 0.0 0.0 1.0
stairs/seq-01/color/frame-000140.color.png stairs/seq-01/color/frame-000141.color.png 0.999888 0.0143956 -0.00414175 0.00486422 -0.014388 0.999895 0.00184559 0.00526401 0.00416787 -0.00178578 0.99999 -0.00264916 0.0 0.0 0.0 1.0
stairs/seq-01/color/frame-000141.color.png stairs/seq-01/color/frame-000142.color.png 0.999888 0.00421681 -0.0143951 0.0192184 -0.0042418 0.99999 -0.00170344 0.00784513 0.0143877 0.00176431 0.999895 -0.0165597 0.0 0.0 0.0 1.0
stairs/seq-01/color/frame-000142.color.png stairs/seq-01/color/frame-000143.color.png 0.999913 0.00753159 -0.0107922 0.0107768 -0.00747455 0.999958 0.00531366 0.00207624 0.0108318 -0.00523253 0.999928 -0.00743261 0.0 0.0 0.0 1.0
stairs/seq-01/color/frame-000143.color.png stairs/seq-01/color/frame-000144.color.png 0.999931 0.00440024 -0.0108638 0.0141464 -0.00434122 0.999976 0.00544898 -0.00851563 0.0108875 -0.00540145 0.999926 -0.00422347 0.0 0.0 0.0 1.0
stairs/seq-01/color/frame-000144.color.png stairs/seq-01/color/frame-000145.color.png 0.999989 0.004445 -0.0017672 0.00277603 -0.00443914 0.999985 0.00331132 -0.000679106 0.00178188 -0.00330343 0.999993 0.000169486 0.0 0.0 0.0 1.0
stairs/seq-01/color/frame-000145.color.png stairs/seq-01/color/frame-000146.color.png 0.999933 0.0107711 -0.00425967 0.00939965 -0.0107826 0.999938 -0.0026797 0.00601321 0.00423056 0.00272546 0.999987 -0.000173926 0.0 0.0 0.0 1.0
stairs/seq-01/color/frame-000146.color.png stairs/seq-01/color/frame-000147.color.png 0.999983 0.00104919 -0.00564218 -0.00199115 -0.00105901 0.999998 -0.00173898 -0.00217745 0.00564035 0.00174492 0.999983 -8.39829e-05 0.0 0.0 0.0 1.0
stairs/seq-01/color/frame-000147.color.png stairs/seq-01/color/frame-000148.color.png 0.999948 0.00774067 -0.0066639 0.00703979 -0.00772521 0.999967 0.0023452 0.0043425 0.00668183 -0.0022936 0.999975 -0.00760844 0.0 0.0 0.0 1.0
stairs/seq-01/color/frame-000148.color.png stairs/seq-01/color/frame-000149.color.png 0.99993 0.00925724 -0.00739662 0.016293 -0.00923167 0.999951 0.00348075 -0.0101079 0.00742849 -0.00341222 0.999967 0.00247946 0.0 0.0 0.0 1.0
stairs/seq-01/color/frame-000149.color.png stairs/seq-01/color/frame-000150.color.png 0.999958 0.00150508 -0.00902684 0.0218435 -0.00152692 0.999996 -0.00241217 -0.00311652 0.00902317 0.00242585 0.999956 -0.00349081 0.0 0.0 0.0 1.0
stairs/seq-01/color/frame-000150.color.png stairs/seq-01/color/frame-000151.color.png 0.999942 2.96256e-05 -0.0108014 0.00288302 2.05707e-05 0.999989 0.00465046 -0.00698912 0.0108014 -0.00465041 0.999931 -0.00516558 0.0 0.0 0.0 1.0
stairs/seq-01/color/frame-000151.color.png stairs/seq-01/color/frame-000152.color.png 0.999998 0.0013349 -0.00128757 -0.00115806 -0.00133967 0.999992 -0.0037272 -0.000106096 0.00128259 0.00372892 0.999992 0.00277922 0.0 0.0 0.0 1.0
stairs/seq-01/color/frame-000152.color.png stairs/seq-01/color/frame-000153.color.png 0.999985 0.00532575 -0.00146398 0.00200385 -0.00532711 0.999985 -0.000924687 0.000775039 0.00145904 0.000932471 0.999999 0.00342065 0.0 0.0 0.0 1.0
stairs/seq-01/color/frame-000153.color.png stairs/seq-01/color/frame-000154.color.png 0.999986 0.00531144 0.000404056 0.00224531 -0.00531229 0.999983 0.00215233 -0.00200075 -0.000392616 -0.00215445 0.999998 0.000517905 0.0 0.0 0.0 1.0
stairs/seq-01/color/frame-000154.color.png stairs/seq-01/color/frame-000155.color.png 0.999979 0.00194373 0.00611101 -0.00595397 -0.00197337 0.999986 0.00484932 -0.0216755 -0.0061015 -0.00486128 0.99997 0.00830144 0.0 0.0 0.0 1.0
stairs/seq-01/color/frame-000155.color.png stairs/seq-01/color/frame-000156.color.png 0.999841 4.39598e-05 -0.0178296 0.0380054 -3.78125e-05 1.0 0.000345522 -0.00644872 0.0178296 -0.000344793 0.999841 -0.0100439 0.0 0.0 0.0 1.0
stairs/seq-01/color/frame-000156.color.png stairs/seq-01/color/frame-000157.color.png 0.999973 0.00667344 0.00312599 0.00341737 -0.00667199 0.999978 -0.000470784 -0.00542265 -0.00312906 0.000449915 0.999995 0.0104781 0.0 0.0 0.0 1.0
stairs/seq-01/color/frame-000157.color.png stairs/seq-01/color/frame-000158.color.png 0.999998 -0.00032652 0.00190306 -0.00214446 0.000336663 0.999986 -0.00534161 0.00088501 -0.00190129 0.00534224 0.999984 0.00463614 0.0 0.0 0.0 1.0
stairs/seq-01/color/frame-000158.color.png stairs/seq-01/color/frame-000159.color.png 0.999978 0.00634278 -0.00218602 0.00856489 -0.00634434 0.99998 -0.000700391 -0.00381362 0.00218154 0.000714244 0.999997 0.00564483 0.0 0.0 0.0 1.0
stairs/seq-01/color/frame-000159.color.png stairs/seq-01/color/frame-000160.color.png 0.999993 -2.68907e-05 0.00379616 -0.00257051 3.82333e-05 0.999996 -0.00298259 -0.00452426 -0.00379606 0.00298271 0.999988 0.00897253 0.0 0.0 0.0 1.0
stairs/seq-01/color/frame-000160.color.png stairs/seq-01/color/frame-000161.color.png 0.999992 0.00107318 0.00388281 -0.00729585 -0.00105405 0.999987 -0.00492389 0.000949085 -0.00388805 0.00491976 0.99998 0.0159633 0.0 0.0 0.0 1.0
stairs/seq-01/color/frame-000161.color.png stairs/seq-01/color/frame-000162.color.png 0.99997 -0.0011182 -0.00767721 0.0158918 0.00115636 0.999987 0.00496818 -0.0160319 0.00767156 -0.00497691 0.999958 -0.00604692 0.0 0.0 0.0 1.0
stairs/seq-01/color/frame-000162.color.png stairs/seq-01/color/frame-000163.color.png 0.999939 0.0095635 0.00543633 -0.00116897 -0.00954068 0.999946 -0.00421005 0.0056842 -0.0054763 0.00415793 0.999976 0.0158887 0.0 0.0 0.0 1.0
stairs/seq-01/color/frame-000163.color.png stairs/seq-01/color/frame-000164.color.png 0.999992 0.0034377 0.00192537 -0.00171775 -0.00344001 0.999993 0.00119021 0.000803709 -0.00192127 -0.00119682 0.999997 0.00762013 0.0 0.0 0.0 1.0
stairs/seq-01/color/frame-000164.color.png stairs/seq-01/color/frame-000165.color.png 0.999999 0.000662232 0.00134449 -0.00227964 -0.00066057 0.999999 -0.00122775 -0.0128041 -0.00134531 0.00122686 0.999998 0.00995114 0.0 0.0 0.0 1.0
stairs/seq-01/color/frame-000165.color.png stairs/seq-01/color/frame-000166.color.png 0.999997 -0.00180301 0.00123915 -0.00255626 0.00180265 0.999998 0.000285953 -0.00602853 -0.00123966 -0.000283718 0.999999 0.00735351 0.0 0.0 0.0 1.0
stairs/seq-01/color/frame-000166.color.png stairs/seq-01/color/frame-000167.color.png 0.999999 -0.00101999 -0.000131628 -0.0044331 0.00101941 0.99999 -0.00428105 0.000363469 0.000135993 0.00428092 0.999991 0.0122926 0.0 0.0 0.0 1.0
stairs/seq-01/color/frame-000167.color.png stairs/seq-01/color/frame-000168.color.png 0.999999 0.00117757 0.000840847 0.00262445 -0.00118281 0.99998 0.00626636 -0.0132805 -0.00083345 -0.00626735 0.99998 0.000543296 0.0 0.0 0.0 1.0
stairs/seq-01/color/frame-000168.color.png stairs/seq-01/color/frame-000169.color.png 0.999998 -0.00156369 0.00156011 -0.00324303 0.00157562 0.999969 -0.0076744 0.00202918 -0.00154806 0.00767684 0.999969 0.0188408 0.0 0.0 0.0 1.0
stairs/seq-01/color/frame-000169.color.png stairs/seq-01/color/frame-000170.color.png 0.999997 0.00246898 0.00023978 0.00155813 -0.00246967 0.999993 0.00283045 -0.00736672 -0.000232793 -0.00283104 0.999996 0.00259987 0.0 0.0 0.0 1.0
stairs/seq-01/color/frame-000170.color.png stairs/seq-01/color/frame-000171.color.png 0.999984 -0.00466859 0.00319573 -0.00672656 0.00467312 0.999988 -0.00140558 -0.00735503 -0.00318913 0.00142049 0.999994 0.0117487 0.0 0.0 0.0 1.0
stairs/seq-01/color/frame-000171.color.png stairs/seq-01/color/frame-000172.color.png 0.999997 -0.00132368 0.0017938 -0.00195962 0.00132313 0.999999 0.000296773 -0.00411099 -0.00179419 -0.000294393 0.999998 0.0058426 0.0 0.0 0.0 1.0
stairs/seq-01/color/frame-000172.color.png stairs/seq-01/color/frame-000173.color.png 0.999957 0.000686924 0.00925431 -0.0187028 -0.000669406 0.999998 -0.00189368 0.00253165 -0.00925559 0.0018874 0.999955 0.014244 0.0 0.0 0.0 1.0
