stairs/seq-01/color/frame-000000.color.png stairs/seq-01/color/frame-000003.color.png 0.999996 -0.00224231 0.00188118 -0.0014431 0.00224163 0.999997 0.000365671 0.000416808 -0.001882 -0.000361453 0.999998 -0.00214922 0.0 0.0 0.0 1.0
stairs/seq-01/color/frame-000003.color.png stairs/seq-01/color/frame-000006.color.png 0.999998 -0.00165055 0.000637092 0.00156904 0.00164954 0.999997 0.00157321 -0.00112236 -0.000639686 -0.00157216 0.999999 0.00291282 0.0 0.0 0.0 1.0
stairs/seq-01/color/frame-000006.color.png stairs/seq-01/color/frame-000009.color.png 0.999999 -0.00082902 0.000677925 0.000508049 0.000828496 0.999999 0.000773299 0.00139803 -0.000678566 -0.000772738 0.999999 0.000994084 0.0 0.0 0.0 1.0
stairs/seq-01/color/frame-000009.color.png stairs/seq-01/color/frame-000012.color.png 1.0 -0.000346076 0.000413648 -0.000962286 0.000345758 1.0 0.000770135 0.00129862 -0.000413915 -0.000769992 1.0 -0.000993083 0.0 0.0 0.0 1.0
stairs/seq-01/color/frame-000012.color.png stairs/seq-01/color/frame-000015.color.png 0.999995 -0.00073039 0.0031446 -0.00158663 0.000722471 0.999997 0.00251837 -0.000279016 -0.00314643 -0.00251609 0.999992 0.000433076 0.0 0.0 0.0 1.0
stairs/seq-01/color/frame-000015.color.png stairs/seq-01/color/frame-000018.color.png 0.999981 -0.00306869 0.00544869 0.00229735 0.00306016 0.999994 0.0015741 -0.000664088 -0.00545348 -0.0015574 0.999984 0.00213863 0.0 0.0 0.0 1.0
stairs/seq-01/color/frame-000018.color.png stairs/seq-01/color/frame-000021.color.png 0.999948 -0.00603386 0.00825443 0.000228354 0.00601635 0.999979 0.00214414 0.000863557 -0.0082672 -0.00209437 0.999964 0.0012625 0.0 0.0 0.0 1.0
stairs/seq-01/color/frame-000021.color.png stairs/seq-01/color/frame-000024.color.png 0.99991 -0.00321448 0.0129948 0.00258751 0.0031837 0.999992 0.00238818 0.000734163 -0.0130024 -0.0023466 0.999913 0.00179996 0.0 0.0 0.0 1.0
stairs/seq-01/color/frame-000024.color.png stairs/seq-01/color/frame-000027.color.png 0.999837 -0.00968618 0.0152172 0.00237533 0.00967188 0.999953 0.00101347 -0.000229457 -0.0152263 -0.000866132 0.999884 0.00550809 0.0 0.0 0.0 1.0
stairs/seq-01/color/frame-000027.color.png stairs/seq-01/color/frame-000030.color.png 0.999757 -0.0121351 0.0184224 0.00486444 0.0122603 0.999903 -0.00669754 -9.59362e-05 -0.0183393 0.00692178 0.999808 0.00409566 0.0 0.0 0.0 1.0
stairs/seq-01/color/frame-000030.color.png stairs/seq-01/color/frame-000033.color.png 0.999769 -0.0108029 0.0185942 0.00657984 0.0107984 0.999942 0.000342054 -0.00334244 -0.0185968 -0.000141187 0.999827 0.00411996 0.0 0.0 0.0 1.0
stairs/seq-01/color/frame-000033.color.png stairs/seq-01/color/frame-000036.color.png 0.999441 -0.0227116 0.0245521 0.0104508 0.0228513 0.999724 -0.00542153 -0.00283893 -0.0244222 0.00597955 0.999684 0.00138136 0.0 0.0 0.0 1.0
stairs/seq-01/color/frame-000036.color.png stairs/seq-01/color/frame-000039.color.png 0.99966 -0.0142969 0.021823 0.00917407 0.0144058 0.999884 -0.00484482 -0.00245788 -0.0217512 0.00515756 0.99975 0.000700213 0.0 0.0 0.0 1.0
stairs/seq-01/color/frame-000039.color.png stairs/seq-01/color/frame-000042.color.png 0.999543 -0.0157221 0.0258082 0.00630141 0.0161128 0.999758 -0.0149989 -0.00141609 -0.0255662 0.0154079 0.999554 0.00560806 0.0 0.0 0.0 1.0
stairs/seq-01/color/frame-000042.color.png stairs/seq-01/color/frame-000045.color.png 0.999467 -0.0162926 0.0282879 0.00895694 0.0165124 0.999835 -0.00755626 -0.00498722 -0.0281601 0.00801933 0.999571 0.00330577 0.0 0.0 0.0 1.0
stairs/seq-01/color/frame-000045.color.png stairs/seq-01/color/frame-000048.color.png 0.999774 -0.011796 0.0176766 0.0100119 0.0118172 0.99993 -0.00109685 -0.00469865 -0.0176624 0.00130549 0.999843 0.0046447 0.0 0.0 0.0 1.0
stairs/seq-01/color/frame-000048.color.png stairs/seq-01/color/frame-000051.color.png 0.999467 -0.019703 0.0260099 0.0036414 0.0198261 0.999793 -0.00447996 -0.000828065 -0.0259163 0.00499324 0.999652 0.000907984 0.0 0.0 0.0 1.0
stairs/seq-01/color/frame-000051.color.png stairs/seq-01/color/frame-000054.color.png 0.999407 -0.0200555 0.028004 0.00406392 0.0201604 0.999791 -0.00346875 -0.00641544 -0.0279286 0.00403127 0.999602 0.00398893 0.0 0.0 0.0 1.0
stairs/seq-01/color/frame-000054.color.png stairs/seq-01/color/frame-000057.color.png 0.999184 -0.0234333 0.0328925 0.0105951 0.023568 0.999715 -0.00371453 -0.00396961 -0.0327961 0.0044867 0.999452 0.00998953 0.0 0.0 0.0 1.0
stairs/seq-01/color/frame-000057.color.png stairs/seq-01/color/frame-000060.color.png 0.998962 -0.0279256 0.036 0.0110478 0.0281378 0.999589 -0.00539918 -0.00302848 -0.0358344 0.00640653 0.999337 -0.00235078 0.0 0.0 0.0 1.0
stairs/seq-01/color/frame-000060.color.png stairs/seq-01/color/frame-000063.color.png 0.999196 -0.0203405 0.0345647 0.0124963 0.0202505 0.99979 0.00295162 -0.00817916 -0.0346175 -0.00224929 0.999398 0.0131369 0.0 0.0 0.0 1.0
stairs/seq-01/color/frame-000063.color.png stairs/seq-01/color/frame-000066.color.png 0.999365 -0.026169 0.0241871 0.00971273 0.0263699 0.99962 -0.00802619 -0.00620689 -0.0239679 0.00865893 0.999675 -0.00142435 0.0 0.0 0.0 1.0
stairs/seq-01/color/frame-000066.color.png stairs/seq-01/color/frame-000069.color.png 0.999764 -0.0116511 0.018331 0.00925274 0.0117461 0.999918 -0.00508796 -0.000697598 -0.0182702 0.00530208 0.999819 -0.000922464 0.0 0.0 0.0 1.0
stairs/seq-01/color/frame-000069.color.png stairs/seq-01/color/frame-000072.color.png 0.999742 -0.0160328 0.0160843 0.0127679 0.0161376 0.999849 -0.00641314 -0.00744755 -0.015979 0.00667105 0.99985 0.0106856 0.0 0.0 0.0 1.0
stairs/seq-01/color/frame-000072.color.png stairs/seq-01/color/frame-000075.color.png 0.999915 -0.0115725 0.00599445 0.0214999 0.0115904 0.999928 -0.00295806 -0.003572 -0.00595974 0.00302729 0.999978 0.00139903 0.0 0.0 0.0 1.0
stairs/seq-01/color/frame-000075.color.png stairs/seq-01/color/frame-000078.color.png 0.999977 -0.00679852 -0.000130778 0.0245879 0.00679818 0.999974 -0.0025657 -0.0124519 0.0001482 0.00256474 0.999997 0.00706749 0.0 0.0 0.0 1.0
stairs/seq-01/color/frame-000078.color.png stairs/seq-01/color/frame-000081.color.png 0.999966 -0.000922837 0.00815502 0.0240595 0.000985813 0.99997 -0.00772244 -0.010378 -0.00814766 0.0077302 0.999937 0.00762735 0.0 0.0 0.0 1.0
stairs/seq-01/color/frame-000081.color.png stairs/seq-01/color/frame-000084.color.png 0.999887 -0.014239 0.00476218 0.0209095 0.014302 0.999807 -0.0134851 -0.0159133 -0.00456922 0.0135517 0.999898 -0.010528 0.0 0.0 0.0 1.0
stairs/seq-01/color/frame-000084.color.png stairs/seq-01/color/frame-000087.color.png 0.999929 -0.00671686 0.00982571 0.0313325 0.00690564 0.99979 -0.0193153 -0.000882551 -0.0096939 0.0193818 0.999765 -0.00360294 0.0 0.0 0.0 1.0
stairs/seq-01/color/frame-000087.color.png stairs/seq-01/color/frame-000090.color.png 0.999839 -0.0099987 0.014908 0.0289583 0.0101439 0.999902 -0.0096943 -0.0121139 -0.0148097 0.00984398 0.999842 0.00145128 0.0 0.0 0.0 1.0
stairs/seq-01/color/frame-000090.color.png stairs/seq-01/color/frame-000093.color.png 0.999875 -0.0157964 -0.000137931 0.035194 0.0157964 0.999875 0.000813557 -0.024942 0.000125176 -0.000815651 1.0 -0.0160451 0.0 0.0 0.0 1.0
stairs/seq-01/color/frame-000093.color.png stairs/seq-01/color/frame-000096.color.png 0.999923 -0.00467871 0.0115087 0.0166298 0.00483023 0.999902 -0.0131627 -0.00490958 -0.011446 0.0132173 0.999847 0.00648457 0.0 0.0 0.0 1.0
stairs/seq-01/color/frame-000096.color.png stairs/seq-01/color/frame-000099.color.png 0.999953 -0.00902112 -0.00365606 0.0178517 0.0090252 0.999959 0.0011164 -0.0148628 0.00364588 -0.00114933 0.999993 0.00902121 0.0 0.0 0.0 1.0
stairs/seq-01/color/frame-000099.color.png stairs/seq-01/color/frame-000102.color.png 0.999944 -0.00408624 0.0097881 0.0139804 0.00406375 0.999989 0.00231778 -0.00254966 -0.00979751 -0.00227784 0.999949 0.0169091 0.0 0.0 0.0 1.0
stairs/seq-01/color/frame-000102.color.png stairs/seq-01/color/frame-000105.color.png 0.999973 0.00658477 -0.00332275 0.0479982 -0.00651766 0.999782 0.019815 -0.0317195 0.00345244 -0.0197928 0.999798 0.0376323 0.0 0.0 0.0 1.0
stairs/seq-01/color/frame-000105.color.png stairs/seq-01/color/frame-000108.color.png 0.999887 -0.00937964 -0.0117705 0.0264319 0.00941092 0.999952 0.00260088 -0.0258636 0.0117456 -0.0027114 0.999927 0.0178048 0.0 0.0 0.0 1.0
stairs/seq-01/color/frame-000108.color.png stairs/seq-01/color/frame-000111.color.png 0.999959 0.00894445 -0.00134122 0.0387693 -0.00893364 0.999929 0.00788664 -0.0403204 0.00141161 -0.00787433 0.999968 0.0359746 0.0 0.0 0.0 1.0
stairs/seq-01/color/frame-000111.color.png stairs/seq-01/color/frame-000114.color.png 0.99981 0.00948343 -0.017011 0.0340424 -0.00952296 0.999952 -0.00224258 -0.0256516 0.016989 0.00240416 0.999853 0.0217531 0.0 0.0 0.0 1.0
stairs/seq-01/color/frame-000114.color.png stairs/seq-01/color/frame-000117.color.png 0.998606 0.0111942 -0.0515767 0.0365106 -0.0108273 0.999914 0.00738574 -0.0202838 0.051655 -0.00681704 0.998642 0.00663181 0.0 0.0 0.0 1.0
stairs/seq-01/color/frame-000117.color.png stairs/seq-01/color/frame-000120.color.png 0.99938 0.0133573 -0.0325687 0.0346554 -0.0136201 0.999876 -0.0078608 -0.00631604 0.0324597 0.00829956 0.999439 -0.00228161 0.0 0.0 0.0 1.0
stairs/seq-01/color/frame-000120.color.png stairs/seq-01/color/frame-000123.color.png 0.999091 0.0157869 -0.0395902 0.0101941 -0.0155744 0.999863 0.00567048 -0.00917056 0.0396743 -0.00504878 0.9992 -0.0158335 0.0 0.0 0.0 1.0
stairs/seq-01/color/frame-000123.color.png stairs/seq-01/color/frame-000126.color.png 0.998793 0.0369269 -0.0323893 0.050594 -0.0363143 0.999154 0.0193005 0.000317007 0.0330746 -0.018101 0.999289 0.0141678 0.0 0.0 0.0 1.0
stairs/seq-01/color/frame-000126.color.png stairs/seq-01/color/frame-000129.color.png 0.997865 0.0501884 -0.0417821 0.0525054 -0.0502266 0.998738 0.000138222 0.0223188 0.0417363 0.00196065 0.999127 -0.0153722 0.0 0.0 0.0 1.0
stairs/seq-01/color/frame-000129.color.png stairs/seq-01/color/frame-000132.color.png 0.998535 0.0314277 -0.044053 0.0503089 -0.0313945 0.999506 0.00144616 0.00878537 0.0440766 -6.10121e-05 0.999028 -0.0269455 0.0 0.0 0.0 1.0
stairs/seq-01/color/frame-000132.color.png stairs/seq-01/color/frame-000135.color.png 0.999159 0.0123769 -0.0391041 0.0387412 -0.0120055 0.999881 0.00971918 -0.0137167 0.0392197 -0.00924155 0.999188 -0.0311136 0.0 0.0 0.0 1.0
stairs/seq-01/color/frame-000135.color.png stairs/seq-01/color/frame-000138.color.png 0.998255 0.0186963 -0.0560215 0.0977622 -0.01758 0.999638 0.0203531 -0.0312056 0.0563817 -0.0193327 0.998222 -0.0476069 0.0 0.0 0.0 1.0
stairs/seq-01/color/frame-000138.color.png stairs/seq-01/color/frame-000141.color.png 0.99917 0.029734 -0.0278565 0.0306193 -0.0296548 0.999555 0.00325081 0.0113806 0.0279408 -0.00242204 0.999607 -0.0264981 0.0 0.0 0.0 1.0
stairs/seq-01/color/frame-000141.color.png stairs/seq-01/color/frame-000144.color.png 0.999372 0.0168837 -0.0311689 0.0362203 -0.0165376 0.999799 0.0113295 -0.00267777 0.0313539 -0.0108069 0.99945 -0.0238829 0.0 0.0 0.0 1.0
stairs/seq-01/color/frame-000144.color.png stairs/seq-01/color/frame-000147.color.png 0.999707 0.0164062 -0.017782 0.0242937 -0.0164637 0.99986 -0.00309321 0.0069457 0.0177288 0.00338507 0.999837 -0.00733259 0.0 0.0 0.0 1.0
stairs/seq-01/color/frame-000147.color.png stairs/seq-01/color/frame-000150.color.png 0.999764 0.0215918 -0.00242583 -0.00316411 -0.0216018 0.999758 -0.00414941 0.0129355 0.00233565 0.00420083 0.999988 0.0128651 0.0 0.0 0.0 1.0
stairs/seq-01/color/frame-000150.color.png stairs/seq-01/color/frame-000153.color.png 0.99985 0.00526175 -0.0165106 0.0127366 -0.00519622 0.999978 0.00400936 -0.0176261 0.0165314 -0.00392297 0.999856 0.00261548 0.0 0.0 0.0 1.0
stairs/seq-01/color/frame-000153.color.png stairs/seq-01/color/frame-000156.color.png 0.999983 0.00550068 -0.00183728 0.0119177 -0.00549404 0.999978 0.00359133 -0.0238727 0.00185699 -0.00358118 0.999992 0.0127061 0.0 0.0 0.0 1.0
stairs/seq-01/color/frame-000156.color.png stairs/seq-01/color/frame-000159.color.png 0.999976 0.00532497 -0.00434126 0.025283 -0.00535136 0.999967 -0.00608892 -0.0205934 0.00430869 0.00611201 0.999972 0.0187277 0.0 0.0 0.0 1.0
stairs/seq-01/color/frame-000159.color.png stairs/seq-01/color/frame-000162.color.png 0.999986 0.00388713 0.00372516 -0.000429749 -0.00386421 0.999974 -0.00614342 -0.00583476 -0.00374894 0.00612893 0.999974 0.0230407 0.0 0.0 0.0 1.0
stairs/seq-01/color/frame-000162.color.png stairs/seq-01/color/frame-000165.color.png 0.99988 0.0149699 0.00407573 0.00801915 -0.0149399 0.999862 -0.00730923 -0.000659108 -0.00418459 0.00724746 0.999965 0.0368463 0.0 0.0 0.0 1.0
stairs/seq-01/color/frame-000165.color.png stairs/seq-01/color/frame-000168.color.png 0.999971 -0.00320705 0.00687262 -0.0174956 0.00316536 0.999977 0.00606726 -0.0272986 -0.00689192 -0.00604533 0.999958 0.0175977 0.0 0.0 0.0 1.0
stairs/seq-01/color/frame-000168.color.png stairs/seq-01/color/frame-000171.color.png 0.999965 0.00137007 -0.00827614 0.0244125 -0.00135676 0.999998 0.0016139 -0.0243284 0.00827833 -0.00160261 0.999964 0.0177867 0.0 0.0 0.0 1.0
stairs/seq-01/color/frame-000171.color.png stairs/seq-01/color/frame-000174.color.png 0.999988 -0.00414137 0.00250393 -0.00390148 0.00413105 0.999983 0.00411254 -0.0111416 -0.00252092 -0.00410215 0.999988 0.0177362 0.0 0.0 0.0 1.0
stairs/seq-01/color/frame-000174.color.png stairs/seq-01/color/frame-000177.color.png 0.999993 0.0031921 0.00178703 0.0245759 -0.00320308 0.999976 0.00617818 -0.0174322 -0.00176726 -0.00618387 0.999979 0.0123094 0.0 0.0 0.0 1.0
stairs/seq-01/color/frame-000177.color.png stairs/seq-01/color/frame-000180.color.png 0.99988 -0.00943814 0.0123049 -0.023227 0.00953533 0.999924 -0.00786387 -0.0129992 -0.0122298 0.00798026 0.999893 0.0236888 0.0 0.0 0.0 1.0
stairs/seq-01/color/frame-000180.color.png stairs/seq-01/color/frame-000183.color.png 0.999984 -0.00138196 -0.00549196 0.00435919 0.00137994 0.999999 -0.000372535 -0.00689673 0.00549247 0.00036495 0.999985 0.00527874 0.0 0.0 0.0 1.0
stairs/seq-01/color/frame-000183.color.png stairs/seq-01/color/frame-000186.color.png 0.999993 -0.00271619 -0.0024268 -0.000914633 0.00271729 0.999996 0.000453627 -0.0142541 0.00242557 -0.000460219 0.999997 0.00376856 0.0 0.0 0.0 1.0
stairs/seq-01/color/frame-000186.color.png stairs/seq-01/color/frame-000189.color.png 0.99983 -0.0132837 -0.0128043 0.026682 0.0132677 0.999911 -0.00133358 -0.0337348 0.0128209 0.00116347 0.999917 -0.0109334 0.0 0.0 0.0 1.0
stairs/seq-01/color/frame-000189.color.png stairs/seq-01/color/frame-000192.color.png 0.999995 0.00314051 -0.000685691 0.00979191 -0.00314762 0.999939 -0.0105727 0.00281572 0.000652447 0.0105748 0.999944 0.0148246 0.0 0.0 0.0 1.0
stairs/seq-01/color/frame-000192.color.png stairs/seq-01/color/frame-000195.color.png 0.999622 0.00996968 -0.0256368 0.0540349 -0.0103046 0.999863 -0.0129654 0.0157408 0.025504 0.0132247 0.999587 -0.00371879 0.0 0.0 0.0 1.0
stairs/seq-01/color/frame-000195.color.png stairs/seq-01/color/frame-000198.color.png 0.999691 0.0164713 -0.0186111 0.0422287 -0.0165907 0.999843 -0.00628037 0.00556326 0.0185047 0.0065872 0.999807 -0.00560802 0.0 0.0 0.0 1.0
stairs/seq-01/color/frame-000198.color.png stairs/seq-01/color/frame-000201.color.png 0.999931 0.0054948 -0.0103943 0.0257729 -0.0056005 0.999933 -0.0101665 0.00691998 0.0103377 0.0102241 0.999894 0.00143367 0.0 0.0 0.0 1.0
stairs/seq-01/color/frame-000201.color.png stairs/seq-01/color/frame-000204.color.png 0.999893 0.0121343 -0.00814619 0.0325107 -0.0121538 0.999923 -0.00235052 0.0037244 0.00811703 0.00244927 0.999964 -0.00148576 0.0 0.0 0.0 1.0
stairs/seq-01/color/frame-000204.color.png stairs/seq-01/color/frame-000207.color.png 0.999267 0.0161557 -0.0346904 0.0841796 -0.0165493 0.999802 -0.0110901 0.0188743 0.0345044 0.0116561 0.999337 -0.0113457 0.0 0.0 0.0 1.0
stairs/seq-01/color/frame-000207.color.png stairs/seq-01/color/frame-000210.color.png 0.999855 0.00547507 -0.0161342 0.0268546 -0.00550343 0.999983 -0.00171375 -0.00618762 0.0161245 0.0018023 0.999868 -0.0125242 0.0 0.0 0.0 1.0
stairs/seq-01/color/frame-000210.color.png stairs/seq-01/color/frame-000213.color.png 0.999936 0.00818237 -0.00778971 0.0179451 -0.00823852 0.99994 -0.00720375 0.00903481 0.00773031 0.00726747 0.999944 -0.00185621 0.0 0.0 0.0 1.0
stairs/seq-01/color/frame-000213.color.png stairs/seq-01/color/frame-000216.color.png 0.99999 -0.00156949 -0.00429981 0.0123646 0.00157736 0.999997 0.00182639 -0.0139059 0.0042969 -0.00183316 0.999989 -0.0019002 0.0 0.0 0.0 1.0
stairs/seq-01/color/frame-000216.color.png stairs/seq-01/color/frame-000219.color.png 0.999993 0.00201089 0.0032999 0.00414467 -0.00198097 0.999957 -0.00904387 0.00403208 -0.00331792 0.00903728 0.999954 0.0106733 0.0 0.0 0.0 1.0
stairs/seq-01/color/frame-000219.color.png stairs/seq-01/color/frame-000222.color.png 0.999967 0.00484933 -0.00648015 0.0139208 -0.0048563 0.999988 -0.00106086 -0.0201501 0.00647491 0.00109229 0.999978 -0.00884014 0.0 0.0 0.0 1.0
stairs/seq-01/color/frame-000222.color.png stairs/seq-01/color/frame-000225.color.png 0.999994 0.00328031 -0.00127376 -0.00100327 -0.00329547 0.999921 -0.0120941 0.0134311 0.001234 0.0120982 0.999926 0.00932044 0.0 0.0 0.0 1.0
stairs/seq-01/color/frame-000225.color.png stairs/seq-01/color/frame-000228.color.png 0.999823 0.00320141 -0.018552 0.031565 -0.00320061 0.999995 7.33185e-05 -0.0116336 0.0185522 -1.3918e-05 0.999828 0.00487512 0.0 0.0 0.0 1.0
stairs/seq-01/color/frame-000228.color.png stairs/seq-01/color/frame-000231.color.png 0.999962 -0.00214392 -0.00849693 0.0174507 0.00214142 0.999998 -0.000303572 -0.0250121 0.00849754 0.00028535 0.999964 -0.00165844 0.0 0.0 0.0 1.0
stairs/seq-01/color/frame-000231.color.png stairs/seq-01/color/frame-000234.color.png 0.999987 -0.00034829 0.00500345 -0.0113705 0.000413924 0.999914 -0.0131228 0.000959814 -0.00499842 0.0131247 0.999901 0.0186238 0.0 0.0 0.0 1.0
stairs/seq-01/color/frame-000234.color.png stairs/seq-01/color/frame-000237.color.png 0.999981 0.00418339 0.0044724 -0.00409412 -0.00413932 0.999943 -0.00981831 0.000284672 -0.00451326 0.0097996 0.999942 0.0201597 0.0 0.0 0.0 1.0
stairs/seq-01/color/frame-000237.color.png stairs/seq-01/color/frame-000240.color.png 1.0 -0.000476572 0.000124311 -0.00976813 0.000476209 0.999996 0.00291544 -0.0312924 -0.000125698 -0.00291536 0.999996 0.00799567 0.0 0.0 0.0 1.0
stairs/seq-01/color/frame-000240.color.png stairs/seq-01/color/frame-000243.color.png 0.999963 0.00102638 0.00852675 -0.0118119 -0.000956713 0.999966 -0.00817086 -0.0127746 -0.00853485 0.00816239 0.99993 0.0323372 0.0 0.0 0.0 1.0
stairs/seq-01/color/frame-000243.color.png stairs/seq-01/color/frame-000246.color.png 0.999988 -0.00201496 0.00454363 -0.0101954 0.00203045 0.999992 -0.00340623 -0.0218042 -0.00453671 0.00341539 0.999984 0.0183065 0.0 0.0 0.0 1.0
stairs/seq-01/color/frame-000246.color.png stairs/seq-01/color/frame-000249.color.png 0.99994 0.00619089 0.00903842 -0.0239689 -0.00616099 0.999976 -0.00333226 -0.00634319 -0.00905885 0.00327636 0.999954 0.0228319 0.0 0.0 0.0 1.0
stairs/seq-01/color/frame-000249.color.png stairs/seq-01/color/frame-000252.color.png 0.999934 0.0112017 0.00256548 0.0156138 -0.0112271 0.999886 0.0100908 -0.0284569 -0.00245213 -0.0101189 0.999946 0.0206341 0.0 0.0 0.0 1.0
stairs/seq-01/color/frame-000252.color.png stairs/seq-01/color/frame-000255.color.png 0.999757 0.00930956 0.0199749 -0.0257444 -0.00921316 0.999945 -0.00491262 -0.011064 -0.0200195 0.00472739 0.999788 0.0410156 0.0 0.0 0.0 1.0
stairs/seq-01/color/frame-000255.color.png stairs/seq-01/color/frame-000258.color.png 0.999992 -0.00299634 0.00282103 -0.0166497 0.00299264 0.999995 0.00131411 -0.0239567 -0.00282494 -0.00130563 0.999995 0.0204099 0.0 0.0 0.0 1.0
stairs/seq-01/color/frame-000258.color.png stairs/seq-01/color/frame-000261.color.png 0.999963 0.00823049 0.00239885 -0.00364709 -0.00823471 0.999965 0.00175587 -0.0048762 -0.00238432 -0.00177556 0.999996 0.0168938 0.0 0.0 0.0 1.0
stairs/seq-01/color/frame-000261.color.png stairs/seq-01/color/frame-000264.color.png 0.999981 -0.00511363 -0.00336407 -0.0145603 0.00513081 0.999974 0.00511845 -0.0290407 0.00333779 -0.00513562 0.999981 0.0166096 0.0 0.0 0.0 1.0
stairs/seq-01/color/frame-000264.color.png stairs/seq-01/color/frame-000267.color.png 0.99999 0.00342311 0.00287812 -0.0083974 -0.00341423 0.999989 -0.00308786 -0.00842321 -0.00288866 0.003078 0.999991 0.0231794 0.0 0.0 0.0 1.0
stairs/seq-01/color/frame-000267.color.png stairs/seq-01/color/frame-000270.color.png 0.999981 0.00136394 0.00601811 -0.0154489 -0.00128654 0.999917 -0.0128464 -0.00211895 -0.00603513 0.0128384 0.999899 0.0294764 0.0 0.0 0.0 1.0
stairs/seq-01/color/frame-000270.color.png stairs/seq-01/color/frame-000273.color.png 0.999882 -0.0110912 0.0105954 -0.030135 0.0110662 0.999936 0.00241721 -0.0413516 -0.0106215 -0.00229968 0.999941 0.0232791 0.0 0.0 0.0 1.0
stairs/seq-01/color/frame-000273.color.png stairs/seq-01/color/frame-000276.color.png 0.999912 -0.00602938 0.0118329 -0.0363052 0.00608183 0.999972 -0.00440182 0.00344145 -0.0118061 0.0044734 0.99992 0.0233984 0.0 0.0 0.0 1.0
stairs/seq-01/color/frame-000276.color.png stairs/seq-01/color/frame-000279.color.png 0.999989 0.00383272 0.00279323 0.00107086 -0.00387027 0.999901 0.0135674 -0.0213017 -0.00274095 -0.0135781 0.999904 0.00683677 0.0 0.0 0.0 1.0
stairs/seq-01/color/frame-000279.color.png stairs/seq-01/color/frame-000282.color.png 0.999996 -0.000435342 0.00278951 0.00010097 0.00042889 0.999997 0.00231305 -0.013514 -0.00279051 -0.00231186 0.999994 0.0192076 0.0 0.0 0.0 1.0
stairs/seq-01/color/frame-000282.color.png stairs/seq-01/color/frame-000285.color.png 0.999997 -0.00182666 -0.00178248 0.00412261 0.00182282 0.999996 -0.00214901 -0.014115 0.0017864 0.00214575 0.999996 0.013168 0.0 0.0 0.0 1.0
stairs/seq-01/color/frame-000285.color.png stairs/seq-01/color/frame-000288.color.png 0.99998 0.00198513 -0.0060718 0.0159859 -0.00205234 0.999936 -0.0110841 -0.00170839 0.0060494 0.0110963 0.99992 0.0176677 0.0 0.0 0.0 1.0
stairs/seq-01/color/frame-000288.color.png stairs/seq-01/color/frame-000291.color.png 0.999979 0.00509589 -0.00409934 0.0208561 -0.00510538 0.999984 -0.00230604 -0.00951076 0.00408754 0.00232694 0.999989 0.0114827 0.0 0.0 0.0 1.0
stairs/seq-01/color/frame-000291.color.png stairs/seq-01/color/frame-000294.color.png 0.999983 0.00554232 -0.00156167 0.0125253 -0.00554635 0.999981 -0.00259089 -0.0115591 0.00154727 0.0025995 0.999995 0.0182317 0.0 0.0 0.0 1.0
stairs/seq-01/color/frame-000294.color.png stairs/seq-01/color/frame-000297.color.png 0.999772 0.0120346 -0.0176595 0.0368565 -0.0120313 0.999928 0.00029404 -0.0137769 0.0176618 -8.14869e-05 0.999844 -0.000287414 0.0 0.0 0.0 1.0
stairs/seq-01/color/frame-000297.color.png stairs/seq-01/color/frame-000300.color.png 0.99977 0.0128036 -0.0172278 0.0353472 -0.0129486 0.999882 -0.00832875 0.0048064 0.0171191 0.00854992 0.999817 0.00469822 0.0 0.0 0.0 1.0
stairs/seq-01/color/frame-000300.color.png stairs/seq-01/color/frame-000303.color.png 0.999851 0.0113099 -0.0130188 0.0232082 -0.0114373 0.999887 -0.00975324 0.0114729 0.0129071 0.00990067 0.999868 0.00532681 0.0 0.0 0.0 1.0
stairs/seq-01/color/frame-000303.color.png stairs/seq-01/color/frame-000306.color.png 0.999577 0.00346781 -0.0288785 0.0506307 -0.00362529 0.999979 -0.00540275 -0.00342691 0.0288592 0.0055051 0.999568 -1.03116e-05 0.0 0.0 0.0 1.0
stairs/seq-01/color/frame-000306.color.png stairs/seq-01/color/frame-000309.color.png 0.999986 0.00517535 0.00110753 -0.00544906 -0.00517926 0.99998 0.00354611 -0.00720966 -0.00108915 -0.00355174 0.999993 0.00643992 0.0 0.0 0.0 1.0
stairs/seq-01/color/frame-000309.color.png stairs/seq-01/color/frame-000312.color.png 0.99993 0.0114299 -0.0029012 0.000249028 -0.0114176 0.999926 0.00419094 -0.00625765 0.00294889 -0.00415752 0.999987 0.0202759 0.0 0.0 0.0 1.0
stairs/seq-01/color/frame-000312.color.png stairs/seq-01/color/frame-000315.color.png 0.99992 -0.0120607 0.00383922 -0.0341008 0.0121032 0.999864 -0.0112387 -0.00429535 -0.00370316 0.0112842 0.999929 0.0378248 0.0 0.0 0.0 1.0
stairs/seq-01/color/frame-000315.color.png stairs/seq-01/color/frame-000318.color.png 0.999836 -0.0018951 0.0179962 -0.0404801 0.00214131 0.999904 -0.0136726 -0.00387132 -0.0179686 0.0137088 0.999745 0.0570058 0.0 0.0 0.0 1.0
stairs/seq-01/color/frame-000318.color.png stairs/seq-01/color/frame-000321.color.png 0.999757 -0.0208717 0.00713337 -0.0544474 0.0209214 0.999757 -0.00696231 -0.0304025 -0.00698633 0.00710988 0.99995 0.0351786 0.0 0.0 0.0 1.0
stairs/seq-01/color/frame-000321.color.png stairs/seq-01/color/frame-000324.color.png 0.999899 -0.0135753 -0.00416951 -0.0274298 0.0135338 0.99986 -0.00984796 0.000449538 0.00430262 0.00979054 0.999943 0.0223286 0.0 0.0 0.0 1.0
stairs/seq-01/color/frame-000324.color.png stairs/seq-01/color/frame-000327.color.png 0.999833 -0.0164761 0.00794979 -0.0463955 0.0165509 0.999818 -0.00944718 -0.00415337 -0.00779268 0.00957717 0.999924 0.0304756 0.0 0.0 0.0 1.0
stairs/seq-01/color/frame-000327.color.png stairs/seq-01/color/frame-000330.color.png 0.99953 0.0025706 0.0305471 -0.0499868 -0.00250859 0.999995 -0.00206809 -0.00261271 -0.0305522 0.00199047 0.999531 0.0403714 0.0 0.0 0.0 1.0
stairs/seq-01/color/frame-000330.color.png stairs/seq-01/color/frame-000333.color.png 0.999955 -0.0016417 0.00937696 -0.0219021 0.00153339 0.999932 0.0115462 -0.0341316 -0.00939528 -0.0115313 0.999889 0.0241529 0.0 0.0 0.0 1.0
stairs/seq-01/color/frame-000333.color.png stairs/seq-01/color/frame-000336.color.png 0.999947 0.00445637 -0.00924068 -0.00249839 -0.0045388 0.99995 -0.00891927 0.00878704 0.00920046 0.00896073 0.999918 0.0183136 0.0 0.0 0.0 1.0
stairs/seq-01/color/frame-000336.color.png stairs/seq-01/color/frame-000339.color.png 0.99978 0.0202747 -0.00546437 0.0190046 -0.0203307 0.999739 -0.0103975 0.0278764 0.00525212 0.0105063 0.999931 0.0308487 0.0 0.0 0.0 1.0
stairs/seq-01/color/frame-000339.color.png stairs/seq-01/color/frame-000342.color.png 0.999918 0.0102732 -0.00767642 0.026656 -0.0102961 0.999943 -0.00294965 -0.00792718 0.00764571 0.00302848 0.999966 0.0222416 0.0 0.0 0.0 1.0
stairs/seq-01/color/frame-000342.color.png stairs/seq-01/color/frame-000345.color.png 0.999698 -0.0160198 -0.0186494 0.0119902 0.0159342 0.999862 -0.00472811 -0.0324172 0.0187226 0.00442952 0.999815 0.013173 0.0 0.0 0.0 1.0
stairs/seq-01/color/frame-000345.color.png stairs/seq-01/color/frame-000348.color.png 0.999883 0.0149557 0.00329221 0.0356928 -0.0149609 0.999887 0.00156622 -0.0108954 -0.00326841 -0.00161531 0.999993 0.0321912 0.0 0.0 0.0 1.0
stairs/seq-01/color/frame-000348.color.png stairs/seq-01/color/frame-000351.color.png 0.999571 0.0153832 0.0249272 -0.0125694 -0.01513 0.999832 -0.0103149 0.00134754 -0.0250817 0.00993335 0.999636 0.0566294 0.0 0.0 0.0 1.0
stairs/seq-01/color/frame-000351.color.png stairs/seq-01/color/frame-000354.color.png 0.999493 0.0273027 -0.0163652 0.0658457 -0.0271327 0.999576 0.0105221 -0.0346925 0.0166456 -0.0100728 0.999811 -0.00819016 0.0 0.0 0.0 1.0
stairs/seq-01/color/frame-000354.color.png stairs/seq-01/color/frame-000357.color.png 0.999703 -0.0103961 -0.0220522 0.00284278 0.0106164 0.999895 0.00989361 -0.0479213 0.0219469 -0.0101248 0.999708 -0.0437728 0.0 0.0 0.0 1.0
stairs/seq-01/color/frame-000357.color.png stairs/seq-01/color/frame-000360.color.png 0.999565 -0.00477834 -0.0291049 0.0370845 0.00503698 0.999948 0.00881918 -0.0418328 0.0290612 -0.0089619 0.999537 -0.0326742 0.0 0.0 0.0 1.0
stairs/seq-01/color/frame-000360.color.png stairs/seq-01/color/frame-000363.color.png 0.999935 -0.0077225 -0.00841455 0.0150999 0.00775915 0.999961 0.00433272 -0.0409449 0.00838076 -0.00439771 0.999955 -0.00947094 0.0 0.0 0.0 1.0
stairs/seq-01/color/frame-000363.color.png stairs/seq-01/color/frame-000366.color.png 0.999721 0.000525105 0.0236226 -0.0391344 -0.000433712 0.999992 -0.00387391 -0.00260091 -0.0236244 0.00386254 0.999714 0.0232321 0.0 0.0 0.0 1.0
stairs/seq-01/color/frame-000366.color.png stairs/seq-01/color/frame-000369.color.png 0.999895 -0.00780764 0.0121768 -0.0323986 0.00779158 0.999969 0.00136543 -0.020717 -0.0121871 -0.00127035 0.999925 0.0200628 0.0 0.0 0.0 1.0
stairs/seq-01/color/frame-000369.color.png stairs/seq-01/color/frame-000372.color.png 0.999901 0.000722381 0.0140715 -0.0295811 -0.000724097 1.0 0.000116866 -0.0201428 -0.0140714 -0.000127059 0.999901 0.0316831 0.0 0.0 0.0 1.0
stairs/seq-01/color/frame-000372.color.png stairs/seq-01/color/frame-000375.color.png 0.999988 -0.00339022 0.00368053 -0.0286267 0.00338049 0.999991 0.00264325 -0.00989878 -0.00368948 -0.00263073 0.99999 0.0272975 0.0 0.0 0.0 1.0
stairs/seq-01/color/frame-000375.color.png stairs/seq-01/color/frame-000378.color.png 0.999981 -0.00230716 -0.00565561 -0.00977278 0.00236663 0.999942 0.0105277 -0.0422701 0.00563097 -0.010541 0.999929 0.00662088 0.0 0.0 0.0 1.0
stairs/seq-01/color/frame-000378.color.png stairs/seq-01/color/frame-000381.color.png 0.999949 0.00799123 -0.00621263 -0.00831401 -0.007965 0.999959 0.00423803 -0.0202204 0.00624626 -0.0041883 0.999972 0.0102919 0.0 0.0 0.0 1.0
stairs/seq-01/color/frame-000381.color.png stairs/seq-01/color/frame-000384.color.png 0.999985 7.43208e-05 -0.00541658 -0.0287273 -7.7177e-05 1.0 -0.000530158 -0.0253646 0.00541653 0.000530515 0.999985 0.017416 0.0 0.0 0.0 1.0
stairs/seq-01/color/frame-000384.color.png stairs/seq-01/color/frame-000387.color.png 0.999995 -0.0013674 -0.00275589 -0.0177546 0.00136325 0.999998 -0.00150511 -0.0165033 0.00275796 0.00150134 0.999995 0.0175372 0.0 0.0 0.0 1.0
stairs/seq-01/color/frame-000387.color.png stairs/seq-01/color/frame-000390.color.png 0.999619 0.00249031 0.0274794 -0.0737079 -0.00273312 0.999958 0.00880207 -0.0431287 -0.0274563 -0.00887384 0.999584 0.0150777 0.0 0.0 0.0 1.0
stairs/seq-01/color/frame-000390.color.png stairs/seq-01/color/frame-000393.color.png 0.999869 0.0125405 0.0102424 -0.0146913 -0.0128174 0.999542 0.0274305 -0.067741 -0.00989368 -0.0275581 0.999571 -0.0238585 0.0 0.0 0.0 1.0
stairs/seq-01/color/frame-000393.color.png stairs/seq-01/color/frame-000396.color.png 0.999901 -0.0106644 0.00913426 -0.0474337 0.0105869 0.999908 0.00848733 -0.0362624 -0.00922396 -0.0083898 0.999922 -0.00598383 0.0 0.0 0.0 1.0
stairs/seq-01/color/frame-000396.color.png stairs/seq-01/color/frame-000399.color.png 0.999912 -0.013023 -0.00254457 -0.00880384 0.013053 0.999841 0.0121474 -0.056348 0.00238601 -0.0121796 0.999923 -0.0156471 0.0 0.0 0.0 1.0
stairs/seq-01/color/frame-000399.color.png stairs/seq-01/color/frame-000402.color.png 0.999803 -0.0130494 0.0149411 -0.0602677 0.013349 0.999708 -0.0201306 0.0268071 -0.0146741 0.0203262 0.999686 0.0460476 0.0 0.0 0.0 1.0
stairs/seq-01/color/frame-000402.color.png stairs/seq-01/color/frame-000405.color.png 0.999837 0.0175927 -0.00407827 0.0422661 -0.017587 0.999844 0.00142242 0.000324607 0.00410267 -0.00135049 0.999991 0.00836706 0.0 0.0 0.0 1.0
stairs/seq-01/color/frame-000405.color.png stairs/seq-01/color/frame-000408.color.png 0.999836 -0.0081759 0.0161797 -0.0647823 0.00841399 0.999857 -0.0147029 0.0112001 -0.0160572 0.0148367 0.999761 0.0274639 0.0 0.0 0.0 1.0
stairs/seq-01/color/frame-000408.color.png stairs/seq-01/color/frame-000411.color.png 0.999939 -0.0110145 -0.00120906 -0.0153326 0.0110133 0.999939 -0.000961562 -0.0181078 0.00121957 0.000948166 0.999999 0.0119433 0.0 0.0 0.0 1.0
stairs/seq-01/color/frame-000411.color.png stairs/seq-01/color/frame-000414.color.png 0.999987 0.00502201 -0.000316797 0.0106259 -0.00502536 0.99992 -0.0116246 0.0186384 0.000258385 0.0116261 0.999932 0.039749 0.0 0.0 0.0 1.0
stairs/seq-01/color/frame-000414.color.png stairs/seq-01/color/frame-000417.color.png 0.999963 0.00162772 -0.00847076 0.00564331 -0.00164362 0.999997 -0.00186985 -0.025212 0.00846768 0.00188367 0.999962 0.00202906 0.0 0.0 0.0 1.0
stairs/seq-01/color/frame-000417.color.png stairs/seq-01/color/frame-000420.color.png 0.999662 0.00278711 -0.0258631 0.0845814 -0.00312388 0.999911 -0.0129902 0.0160084 0.0258246 0.0130665 0.999581 0.0273857 0.0 0.0 0.0 1.0
stairs/seq-01/color/frame-000420.color.png stairs/seq-01/color/frame-000423.color.png 0.999907 -0.0131387 0.00360962 -0.0312636 0.0131306 0.999911 0.00226225 -0.0352478 -0.00363901 -0.00221466 0.999991 0.00756609 0.0 0.0 0.0 1.0
stairs/seq-01/color/frame-000423.color.png stairs/seq-01/color/frame-000426.color.png 0.999951 0.00596446 0.00786673 0.00412405 -0.00602699 0.99995 0.0079482 -0.0367682 -0.00781895 -0.00799523 0.999938 0.0128633 0.0 0.0 0.0 1.0
stairs/seq-01/color/frame-000426.color.png stairs/seq-01/color/frame-000429.color.png 1.0 -0.000848597 3.07554e-05 -0.00692981 0.000848048 0.999889 0.0148642 -0.0566992 -4.3358e-05 -0.0148642 0.999889 -0.0205479 0.0 0.0 0.0 1.0
stairs/seq-01/color/frame-000429.color.png stairs/seq-01/color/frame-000432.color.png 0.999977 -0.00640484 0.00236287 -0.0259909 0.00634659 0.999695 0.0238848 -0.0954095 -0.00251513 -0.0238693 0.999712 -0.037547 0.0 0.0 0.0 1.0
stairs/seq-01/color/frame-000432.color.png stairs/seq-01/color/frame-000435.color.png 0.999898 0.00975769 0.0103825 -0.0226614 -0.00979432 0.999946 0.00348296 -0.0238532 -0.010348 -0.00358431 0.99994 -0.00814009 0.0 0.0 0.0 1.0
stairs/seq-01/color/frame-000435.color.png stairs/seq-01/color/frame-000438.color.png 0.999742 -0.0128788 -0.0187359 0.00340438 0.0129699 0.999905 0.00474971 -0.046578 0.0186729 -0.00499148 0.999813 -0.0203247 0.0 0.0 0.0 1.0
stairs/seq-01/color/frame-000438.color.png stairs/seq-01/color/frame-000441.color.png 0.999988 0.00385483 -0.00292251 0.00263435 -0.00386575 0.999986 -0.00374391 -0.00608671 0.00290805 0.00375518 0.999989 -0.00678957 0.0 0.0 0.0 1.0
stairs/seq-01/color/frame-000441.color.png stairs/seq-01/color/frame-000444.color.png 0.999982 0.00455914 0.00386943 -0.0138446 -0.0045344 0.999969 -0.00637824 -0.000151396 -0.00389838 0.00636056 0.999972 0.0195109 0.0 0.0 0.0 1.0
stairs/seq-01/color/frame-000444.color.png stairs/seq-01/color/frame-000447.color.png 0.999928 0.0105971 -0.00554657 0.0200586 -0.0105537 0.999914 0.00780054 -0.0391707 0.00562875 -0.00774144 0.999954 -0.00623477 0.0 0.0 0.0 1.0
stairs/seq-01/color/frame-000447.color.png stairs/seq-01/color/frame-000450.color.png 0.999873 0.0137746 -0.00798647 0.0294772 -0.0139233 0.999725 -0.0188635 0.0295062 0.00772444 0.0189723 0.99979 0.0377704 0.0 0.0 0.0 1.0
stairs/seq-01/color/frame-000450.color.png stairs/seq-01/color/frame-000453.color.png 0.999997 0.00216308 0.00123842 -0.016543 -0.00213755 0.999793 -0.0202555 0.0175626 -0.00128196 0.0202528 0.999794 0.058017 0.0 0.0 0.0 1.0
stairs/seq-01/color/frame-000453.color.png stairs/seq-01/color/frame-000456.color.png 0.999994 -0.00323778 -0.00123194 -0.0372242 0.00322854 0.999967 -0.00742703 -0.00503111 0.00125595 0.00742301 0.999972 0.0433737 0.0 0.0 0.0 1.0
stairs/seq-01/color/frame-000456.color.png stairs/seq-01/color/frame-000459.color.png 0.999976 0.00245749 -0.00656451 0.017279 -0.00231231 0.999755 0.0220325 -0.076937 0.00661704 -0.0220167 0.999736 -0.0152897 0.0 0.0 0.0 1.0
stairs/seq-01/color/frame-000459.color.png stairs/seq-01/color/frame-000462.color.png 0.999968 -0.0063884 0.0048236 -0.0618568 0.00646226 0.99986 -0.0154541 0.0130424 -0.00472418 0.0154848 0.999869 0.0506281 0.0 0.0 0.0 1.0
stairs/seq-01/color/frame-000462.color.png stairs/seq-01/color/frame-000465.color.png 0.999811 0.0168783 0.00962087 -0.0128499 -0.0167509 0.999773 -0.0131772 0.00703692 -0.00984111 0.0130135 0.999867 0.0424576 0.0 0.0 0.0 1.0
stairs/seq-01/color/frame-000465.color.png stairs/seq-01/color/frame-000468.color.png 0.999978 0.00543654 0.00386239 -0.0178016 -0.00542189 0.999978 -0.00379633 -0.00508189 -0.00388295 0.00377533 0.999985 0.0194687 0.0 0.0 0.0 1.0
stairs/seq-01/color/frame-000468.color.png stairs/seq-01/color/frame-000471.color.png 0.999848 0.0170435 0.00375991 0.015573 -0.0170485 0.999854 0.00130417 -0.0121362 -0.00373712 -0.00136807 0.999992 0.00500143 0.0 0.0 0.0 1.0
stairs/seq-01/color/frame-000471.color.png stairs/seq-01/color/frame-000474.color.png 0.999941 0.00950975 -0.00519411 0.0151941 -0.00953841 0.999939 -0.00552048 0.00535417 0.0051413 0.00556966 0.999971 -0.00167072 0.0 0.0 0.0 1.0
stairs/seq-01/color/frame-000474.color.png stairs/seq-01/color/frame-000477.color.png 0.999994 0.00321514 -0.00155724 0.0110609 -0.00322533 0.999973 -0.00659277 0.00681496 0.001536 0.00659775 0.999977 0.0105548 0.0 0.0 0.0 1.0
stairs/seq-01/color/frame-000477.color.png stairs/seq-01/color/frame-000480.color.png 0.999928 -0.00543741 -0.010716 0.00878161 0.00521353 0.99977 -0.0208122 0.0202224 0.0108267 0.0207548 0.999726 0.0365701 0.0 0.0 0.0 1.0
stairs/seq-01/color/frame-000480.color.png stairs/seq-01/color/frame-000483.color.png 0.999951 0.00738722 -0.00655381 0.0315916 -0.0074962 0.999831 -0.0167627 0.0421712 0.00642886 0.016811 0.999838 0.0274714 0.0 0.0 0.0 1.0
stairs/seq-01/color/frame-000483.color.png stairs/seq-01/color/frame-000486.color.png 0.99999 -0.00412709 -0.00170939 -0.0015007 0.00412734 0.999991 0.0001486 -0.0287809 0.00170878 -0.000155656 0.999999 -0.0059098 0.0 0.0 0.0 1.0
stairs/seq-01/color/frame-000486.color.png stairs/seq-01/color/frame-000489.color.png 0.999952 -0.00711891 -0.00675906 0.00962451 0.00692211 0.999564 -0.0287082 0.0420814 0.00696044 0.0286601 0.999565 0.0632516 0.0 0.0 0.0 1.0
stairs/seq-01/color/frame-000489.color.png stairs/seq-01/color/frame-000492.color.png 0.999991 -0.00351171 0.00247026 -0.00967023 0.00355768 0.999816 -0.0188648 0.0286853 -0.00240351 0.0188735 0.999819 0.0312492 0.0 0.0 0.0 1.0
stairs/seq-01/color/frame-000492.color.png stairs/seq-01/color/frame-000495.color.png 0.999939 0.00087049 -0.0110139 0.0428689 -0.00090753 0.999994 -0.00336148 0.00260186 0.0110109 0.00337122 0.999934 -0.00121355 0.0 0.0 0.0 1.0
stairs/seq-01/color/frame-000495.color.png stairs/seq-01/color/frame-000498.color.png 0.999995 0.00189901 0.00244815 -0.00453585 -0.00187321 0.999943 -0.0105048 0.0228145 -0.00246794 0.0105002 0.999942 0.0192271 0.0 0.0 0.0 1.0
