stairs/seq-01/color/frame-000000.color.png stairs/seq-01/color/frame-000002.color.png 0.999999 -0.00133936 0.000130582 0.00205309 0.00133941 0.999999 -0.000342457 -0.000679215 -0.000130124 0.000342631 1.0 0.000672123 0.0 0.0 0.0 1.0
stairs/seq-01/color/frame-000002.color.png stairs/seq-01/color/frame-000004.color.png 1.0 0.000210107 0.000633282 -0.00109009 -0.000210731 0.999999 0.000985933 0.00344876 -0.000633074 -0.000986066 0.999999 -0.000915399 0.0 0.0 0.0 1.0
stairs/seq-01/color/frame-000004.color.png stairs/seq-01/color/frame-000006.color.png 0.999994 -0.00302479 0.00189754 -0.000756787 0.00302203 0.999994 0.00145524 -0.0038563 -0.00190193 -0.0014495 0.999997 0.00153588 0.0 0.0 0.0 1.0
stairs/seq-01/color/frame-000006.color.png stairs/seq-01/color/frame-000008.color.png 1.0 -0.000117557 -0.000192456 -4.93596e-05 0.000117644 1.0 0.000454408 0.00214941 0.000192403 -0.00045443 1.0 -0.00174156 0.0 0.0 0.0 1.0
stairs/seq-01/color/frame-000008.color.png stairs/seq-01/color/frame-000010.color.png 0.999999 0.000690724 0.00157643 -0.000585846 -0.00069288 0.999999 0.00136779 0.000512239 -0.00157548 -0.00136888 0.999998 -0.00170023 0.0 0.0 0.0 1.0
stairs/seq-01/color/frame-000010.color.png stairs/seq-01/color/frame-000012.color.png 0.999999 -0.00141896 -0.000993643 0.00140068 0.00141845 0.999999 -0.000515714 0.000665899 0.000994373 0.000514304 0.999999 0.00303605 0.0 0.0 0.0 1.0
stairs/seq-01/color/frame-000012.color.png stairs/seq-01/color/frame-000014.color.png 0.999998 0.000655907 0.0018828 -0.00379772 -0.000660835 0.999996 0.00261905 0.000473046 -0.00188108 -0.00262028 0.999995 -0.00355899 0.0 0.0 0.0 1.0
stairs/seq-01/color/frame-000014.color.png stairs/seq-01/color/frame-000016.color.png 0.999989 -0.00403191 0.00246578 0.00218376 0.00403081 0.999992 0.000448253 -0.00122065 -0.00246756 -0.000438309 0.999997 0.00352051 0.0 0.0 0.0 1.0
stairs/seq-01/color/frame-000016.color.png stairs/seq-01/color/frame-000018.color.png 0.999989 -6.25669e-05 0.00473917 0.000918623 5.88012e-05 1.0 0.000794937 0.000151578 -0.00473922 -0.00079465 0.999988 0.00129276 0.0 0.0 0.0 1.0
stairs/seq-01/color/frame-000018.color.png stairs/seq-01/color/frame-000020.color.png 0.999995 -0.00271979 0.00169799 0.00158019 0.00271392 0.99999 0.00345157 0.000855612 -0.00170736 -0.00344695 0.999993 0.00219166 0.0 0.0 0.0 1.0
stairs/seq-01/color/frame-000020.color.png stairs/seq-01/color/frame-000022.color.png 0.999962 -0.00359287 0.00797707 -6.70779e-05 0.00359122 0.999993 0.00022044 -0.000270496 -0.00797781 -0.000191785 0.999968 0.000405041 0.0 0.0 0.0 1.0
stairs/seq-01/color/frame-000022.color.png stairs/seq-01/color/frame-000024.color.png 0.999915 -0.00346936 0.0125405 -0.000221266 0.00345613 0.999993 0.00107581 0.000430661 -0.0125442 -0.00103237 0.999921 0.000729938 0.0 0.0 0.0 1.0
stairs/seq-01/color/frame-000024.color.png stairs/seq-01/color/frame-000026.color.png 0.999975 -0.000508246 0.00705081 0.000317943 0.000495107 0.999998 0.00186504 0.00135057 -0.00705175 -0.0018615 0.999973 0.00372819 0.0 0.0 0.0 1.0
stairs/seq-01/color/frame-000026.color.png stairs/seq-01/color/frame-000028.color.png 0.999873 -0.01226 0.0101509 0.00504933 0.0122654 0.999925 -0.000473507 -0.00470919 -0.0101443 0.000597958 0.999949 0.00372637 0.0 0.0 0.0 1.0
stairs/seq-01/color/frame-000028.color.png stairs/seq-01/color/frame-000030.color.png 0.999856 -0.00793392 0.0149989 0.00358134 0.00804049 0.999943 -0.00705816 0.00346322 -0.014942 0.00717775 0.999862 0.0019071 0.0 0.0 0.0 1.0
stairs/seq-01/color/frame-000030.color.png stairs/seq-01/color/frame-000032.color.png 0.99988 -0.0095804 0.0122006 0.00295893 0.00955645 0.999952 0.00201989 -0.00538333 -0.0122194 -0.00190306 0.999924 -0.00107583 0.0 0.0 0.0 1.0
stairs/seq-01/color/frame-000032.color.png stairs/seq-01/color/frame-000034.color.png 0.999626 -0.0165793 0.0217352 0.00589304 0.0166646 0.999854 -0.00375095 -0.000460048 -0.0216699 0.00411176 0.999757 0.00687979 0.0 0.0 0.0 1.0
stairs/seq-01/color/frame-000034.color.png stairs/seq-01/color/frame-000036.color.png 0.999922 -0.00778835 0.00980389 0.00774132 0.00780641 0.999968 -0.00180451 -0.0023098 -0.00978953 0.0018809 0.99995 0.000416782 0.0 0.0 0.0 1.0
stairs/seq-01/color/frame-000036.color.png stairs/seq-01/color/frame-000038.color.png 0.99974 -0.0113698 0.0197606 0.00505637 0.0114416 0.999928 -0.00352422 -0.00140115 -0.0197191 0.0037494 0.999799 0.00302501 0.0 0.0 0.0 1.0
stairs/seq-01/color/frame-000038.color.png stairs/seq-01/color/frame-000040.color.png 0.999935 -0.00710188 0.00893281 0.00487045 0.00714618 0.999962 -0.00493797 -0.00133548 -0.00889742 0.00500148 0.999948 0.00234804 0.0 0.0 0.0 1.0
stairs/seq-01/color/frame-000040.color.png stairs/seq-01/color/frame-000042.color.png 0.999791 -0.0122029 0.0163871 0.00933602 0.012403 0.999849 -0.0121651 -0.00122733 -0.0162363 0.0123658 0.999792 -0.00043481 0.0 0.0 0.0 1.0
stairs/seq-01/color/frame-000042.color.png stairs/seq-01/color/frame-000044.color.png 0.999836 -0.0066349 0.0168631 0.00286671 0.00675352 0.999953 -0.00698757 -0.0015507 -0.0168159 0.0071003 0.999834 0.00213833 0.0 0.0 0.0 1.0
stairs/seq-01/color/frame-000044.color.png stairs/seq-01/color/frame-000046.color.png 0.999648 -0.0119873 0.0236802 0.00356261 0.0120958 0.999917 -0.00444364 -0.0031717 -0.023625 0.00472851 0.99971 0.0057068 0.0 0.0 0.0 1.0
stairs/seq-01/color/frame-000046.color.png stairs/seq-01/color/frame-000048.color.png 0.99994 -0.00622783 0.0090483 0.00651418 0.00624447 0.999979 -0.00180837 0.00271102 -0.00903678 0.00186475 0.999958 -0.00184635 0.0 0.0 0.0 1.0
stairs/seq-01/color/frame-000048.color.png stairs/seq-01/color/frame-000050.color.png 0.999687 -0.0147455 0.0201864 0.00409514 0.0148085 0.999886 -0.00297526 -0.00220856 -0.0201402 0.00327328 0.999792 0.00147865 0.0 0.0 0.0 1.0
stairs/seq-01/color/frame-000050.color.png stairs/seq-01/color/frame-000052.color.png 0.999704 -0.0134888 0.0202469 0.00275727 0.013514 0.999908 -0.00110492 -0.00552186 -0.02023 0.0013782 0.999794 0.00499747 0.0 0.0 0.0 1.0
stairs/seq-01/color/frame-000052.color.png stairs/seq-01/color/frame-000054.color.png 0.999867 -0.0121411 0.0109345 0.00596458 0.0121765 0.999921 -0.00317368 -0.00117441 -0.0108952 0.0033064 0.999935 -0.00173308 0.0 0.0 0.0 1.0
stairs/seq-01/color/frame-000054.color.png stairs/seq-01/color/frame-000056.color.png 0.999534 -0.0165005 0.0256611 0.0040419 0.0165874 0.999857 -0.00317615 -0.00172826 -0.025605 0.00360032 0.999666 0.00394546 0.0 0.0 0.0 1.0
stairs/seq-01/color/frame-000056.color.png stairs/seq-01/color/frame-000058.color.png 0.999521 -0.0191034 0.0243458 0.00488957 0.0192263 0.999804 -0.00482584 -0.00249678 -0.0242488 0.00529159 0.999692 0.00550607 0.0 0.0 0.0 1.0
stairs/seq-01/color/frame-000058.color.png stairs/seq-01/color/frame-000060.color.png 0.999621 -0.0127865 0.0243661 0.00622988 0.0128067 0.999918 -0.00067248 -0.00337102 -0.0243555 0.000984287 0.999703 0.00661429 0.0 0.0 0.0 1.0
stairs/seq-01/color/frame-000060.color.png stairs/seq-01/color/frame-000062.color.png 0.999731 -0.0130694 0.0191697 0.006634 0.0130456 0.999914 0.00136232 -0.000929156 -0.0191859 -0.00111185 0.999815 0.0003918 0.0 0.0 0.0 1.0
stairs/seq-01/color/frame-000062.color.png stairs/seq-01/color/frame-000064.color.png 0.999475 -0.023464 0.0223518 0.00996133 0.023613 0.9997 -0.00642296 -0.00558343 -0.0221944 0.00694734 0.99973 -0.0024956 0.0 0.0 0.0 1.0
stairs/seq-01/color/frame-000064.color.png stairs/seq-01/color/frame-000066.color.png 0.999815 -0.0137016 0.0134989 0.00856675 0.0137454 0.999901 -0.00315888 -0.00551122 -0.0134543 0.00334386 0.999904 0.00466613 0.0 0.0 0.0 1.0
stairs/seq-01/color/frame-000066.color.png stairs/seq-01/color/frame-000068.color.png 0.999916 -0.00441528 0.0121515 0.00981071 0.00444493 0.999987 -0.0024128 -0.000995839 -0.0121408 0.00246661 0.999923 -0.00078506 0.0 0.0 0.0 1.0
stairs/seq-01/color/frame-000068.color.png stairs/seq-01/color/frame-000070.color.png 0.999867 -0.0131728 0.00964077 0.00785877 0.0132314 0.999894 -0.00605011 -0.00309277 -0.00956 0.00617686 0.999935 0.00860791 0.0 0.0 0.0 1.0
stairs/seq-01/color/frame-000070.color.png stairs/seq-01/color/frame-000072.color.png 0.999901 -0.01011 0.00974728 0.0100487 0.0101206 0.999948 -0.00104526 -0.0100948 -0.00973621 0.00114384 0.999952 -0.00232806 0.0 0.0 0.0 1.0
stairs/seq-01/color/frame-000072.color.png stairs/seq-01/color/frame-000074.color.png 0.999929 -0.00760231 0.00919091 0.00592855 0.00762849 0.999967 -0.00281888 -0.00074308 -0.00916923 0.00288879 0.999954 0.00888444 0.0 0.0 0.0 1.0
stairs/seq-01/color/frame-000074.color.png stairs/seq-01/color/frame-000076.color.png 0.999929 -0.011852 0.000957263 0.0117022 0.011853 0.999929 -0.00105356 -0.0119827 -0.000944657 0.00106477 0.999999 -0.00354854 0.0 0.0 0.0 1.0
stairs/seq-01/color/frame-000076.color.png stairs/seq-01/color/frame-000078.color.png 0.999999 -0.00121515 0.000839498 0.0120695 0.00121764 0.999995 -0.00302009 -0.00217011 -0.000835697 0.00302113 0.999995 0.00258754 0.0 0.0 0.0 1.0
stairs/seq-01/color/frame-000078.color.png stairs/seq-01/color/frame-000080.color.png 0.999995 -0.000211724 0.00310581 0.0146645 0.00022566 0.99999 -0.00448038 -0.004744 -0.00310493 0.00448107 0.999985 0.00378582 0.0 0.0 0.0 1.0
stairs/seq-01/color/frame-000080.color.png stairs/seq-01/color/frame-000082.color.png 0.999998 0.000154157 -0.00194433 0.02875 -0.000164675 0.999985 -0.00540338 -0.00343771 0.00194355 0.00540374 0.999984 -0.00922232 0.0 0.0 0.0 1.0
stairs/seq-01/color/frame-000082.color.png stairs/seq-01/color/frame-000084.color.png 0.999858 -0.0164914 0.00348189 0.0207355 0.0165394 0.999762 -0.0142404 -0.0139035 -0.00324621 0.014296 0.999892 -0.00224498 0.0 0.0 0.0 1.0
stairs/seq-01/color/frame-000084.color.png stairs/seq-01/color/frame-000086.color.png 0.999918 -0.0088417 0.0092146 0.0144109 0.00893305 0.999911 -0.00991007 -0.00947649 -0.00912621 0.00999156 0.999909 0.00332717 0.0 0.0 0.0 1.0
stairs/seq-01/color/frame-000086.color.png stairs/seq-01/color/frame-000088.color.png 0.999976 -0.00312579 0.00622965 0.0247162 0.00320028 0.999923 -0.0119822 -0.00356999 -0.00619176 0.0120019 0.999909 -0.00597585 0.0 0.0 0.0 1.0
stairs/seq-01/color/frame-000088.color.png stairs/seq-01/color/frame-000090.color.png 0.999947 -0.0080567 0.00634221 0.0285028 0.0081013 0.999942 -0.00703193 -0.00551183 -0.00628528 0.00708294 0.999955 0.00304639 0.0 0.0 0.0 1.0
stairs/seq-01/color/frame-000090.color.png stairs/seq-01/color/frame-000092.color.png 0.999947 -0.00932517 0.0043966 0.013138 0.00930661 0.999948 0.00420112 -0.013766 -0.00443546 -0.00415993 0.999981 -0.00100665 0.0 0.0 0.0 1.0
stairs/seq-01/color/frame-000092.color.png stairs/seq-01/color/frame-000094.color.png 0.999915 -0.00569385 0.0117639 0.0190724 0.00583593 0.99991 -0.0120778 -0.00278345 -0.011694 0.0121454 0.999858 0.0105252 0.0 0.0 0.0 1.0
stairs/seq-01/color/frame-000094.color.png stairs/seq-01/color/frame-000096.color.png 0.999997 -0.00141471 0.00184883 0.0141054 0.00142486 0.999984 -0.00551044 -0.006717 -0.001841 0.00551307 0.999983 -0.0023636 0.0 0.0 0.0 1.0
stairs/seq-01/color/frame-000096.color.png stairs/seq-01/color/frame-000098.color.png 0.999964 -0.0032945 -0.00785693 0.0162461 0.00332648 0.999986 0.00406034 -0.0122626 0.00784332 -0.00408632 0.999961 -0.00228469 0.0 0.0 0.0 1.0
stairs/seq-01/color/frame-000098.color.png stairs/seq-01/color/frame-000100.color.png 0.999953 -0.00861777 0.00448147 0.00793496 0.0086221 0.999962 -0.00095717 -0.00383287 -0.00447302 0.000995764 0.99999 0.0141312 0.0 0.0 0.0 1.0
stairs/seq-01/color/frame-000100.color.png stairs/seq-01/color/frame-000102.color.png 0.999975 -0.00330616 0.00623609 0.0119458 0.00330567 0.999995 9.33616e-05 -0.00403219 -0.0062362 -7.27425e-05 0.999981 0.00902326 0.0 0.0 0.0 1.0
stairs/seq-01/color/frame-000102.color.png stairs/seq-01/color/frame-000104.color.png 0.999963 0.00700423 0.0049773 0.0221188 -0.00706325 0.999904 0.0119424 -0.00340575 -0.00489327 -0.0119771 0.999916 0.0351774 0.0 0.0 0.0 1.0
stairs/seq-01/color/frame-000104.color.png stairs/seq-01/color/frame-000106.color.png 0.999986 0.00359964 -0.00398891 0.0189193 -0.00356544 0.999957 0.00857245 -0.0224887 0.00401956 -0.00855809 0.999955 0.0048184 0.0 0.0 0.0 1.0
stairs/seq-01/color/frame-000106.color.png stairs/seq-01/color/frame-000108.color.png 0.999931 -0.00854767 -0.00800753 0.019903 0.0085534 0.999963 0.000677492 -0.0228677 0.00800145 -0.000745951 0.999968 0.0238807 0.0 0.0 0.0 1.0
stairs/seq-01/color/frame-000108.color.png stairs/seq-01/color/frame-000110.color.png 0.99999 0.00208676 -0.00384235 0.0270817 -0.00206681 0.999984 0.00518958 -0.0229346 0.0038531 -0.0051816 0.999979 0.0166639 0.0 0.0 0.0 1.0
stairs/seq-01/color/frame-000110.color.png stairs/seq-01/color/frame-000112.color.png 0.999885 0.0105113 -0.0109436 0.0264786 -0.010534 0.999943 -0.00201579 -0.0142899 0.0109218 0.00213088 0.999938 0.0179584 0.0 0.0 0.0 1.0
stairs/seq-01/color/frame-000112.color.png stairs/seq-01/color/frame-000114.color.png 0.999958 0.00784482 -0.00463733 0.0199939 -0.0078519 0.999968 -0.00149995 -0.0166046 0.00462541 0.00153627 0.999988 0.0186119 0.0 0.0 0.0 1.0
stairs/seq-01/color/frame-000114.color.png stairs/seq-01/color/frame-000116.color.png 0.999639 0.00766598 -0.0257691 0.0187144 -0.0075215 0.999955 0.00569906 -0.0109078 0.0258117 -0.00550316 0.999652 0.0193295 0.0 0.0 0.0 1.0
stairs/seq-01/color/frame-000116.color.png stairs/seq-01/color/frame-000118.color.png 0.999433 0.0072435 -0.0328735 0.0294324 -0.00729214 0.999972 -0.00136109 -0.00893205 0.0328626 0.00160003 0.999458 -0.00327474 0.0 0.0 0.0 1.0
stairs/seq-01/color/frame-000118.color.png stairs/seq-01/color/frame-000120.color.png 0.999611 0.00796753 -0.026709 0.0300372 -0.0080295 0.999965 -0.00221705 -0.0162653 0.0266904 0.00243062 0.999641 -0.012435 0.0 0.0 0.0 1.0
stairs/seq-01/color/frame-000120.color.png stairs/seq-01/color/frame-000122.color.png 0.999748 0.0116854 -0.0191892 0.000809729 -0.0117493 0.999926 -0.00321698 -0.00313294 0.0191501 0.00344165 0.999811 0.00918324 0.0 0.0 0.0 1.0
stairs/seq-01/color/frame-000122.color.png stairs/seq-01/color/frame-000124.color.png 0.999291 0.0170939 -0.0335504 0.0265334 -0.0164999 0.999704 0.0179 -0.00624758 0.0338464 -0.0173337 0.999277 -0.0214314 0.0 0.0 0.0 1.0
stairs/seq-01/color/frame-000124.color.png stairs/seq-01/color/frame-000126.color.png 0.999505 0.0257802 -0.018038 0.0263495 -0.0256024 0.999622 0.0100222 0.00403327 0.0182896 -0.00955545 0.999787 0.00133142 0.0 0.0 0.0 1.0
stairs/seq-01/color/frame-000126.color.png stairs/seq-01/color/frame-000128.color.png 0.999072 0.0359657 -0.0237053 0.0319335 -0.0360929 0.999336 -0.00496069 0.0213846 0.0235112 0.0058117 0.999707 -0.00909743 0.0 0.0 0.0 1.0
stairs/seq-01/color/frame-000128.color.png stairs/seq-01/color/frame-000130.color.png 0.999201 0.0269694 -0.0294934 0.03455 -0.0269169 0.999635 0.00217291 0.00743949 0.0295413 -0.00137728 0.999563 -0.0136252 0.0 0.0 0.0 1.0
stairs/seq-01/color/frame-000130.color.png stairs/seq-01/color/frame-000132.color.png 0.998933 0.0185986 -0.0422785 0.0559612 -0.0184299 0.999821 0.00437788 0.000422746 0.0423523 -0.00359403 0.999096 -0.0286787 0.0 0.0 0.0 1.0
stairs/seq-01/color/frame-000132.color.png stairs/seq-01/color/frame-000134.color.png 0.999693 0.0132933 -0.0209256 0.0252343 -0.0131985 0.999902 0.00465564 0.00240871 0.0209854 -0.00437802 0.99977 -0.0144753 0.0 0.0 0.0 1.0
stairs/seq-01/color/frame-000134.color.png stairs/seq-01/color/frame-000136.color.png 0.999536 0.00958097 -0.0289066 0.0303523 -0.00936241 0.999927 0.00768677 -0.00834522 0.0289781 -0.00741257 0.999553 -0.0186815 0.0 0.0 0.0 1.0
stairs/seq-01/color/frame-000136.color.png stairs/seq-01/color/frame-000138.color.png 0.999715 0.0174238 -0.0163511 0.0200493 -0.0172872 0.999815 0.00845831 -0.00307482 0.0164954 -0.00817323 0.999831 -0.014042 0.0 0.0 0.0 1.0
stairs/seq-01/color/frame-000138.color.png stairs/seq-01/color/frame-000140.color.png 0.999268 0.013676 -0.035735 0.056736 -0.0134046 0.99988 0.00782149 -0.0130405 0.0358377 -0.00733675 0.999331 -0.030488 0.0 0.0 0.0 1.0
stairs/seq-01/color/frame-000140.color.png stairs/seq-01/color/frame-000142.color.png 0.999673 0.0126648 -0.0222165 0.0290105 -0.0126473 0.99992 0.000929641 0.00377077 0.0222265 -0.000648364 0.999753 -0.0186674 0.0 0.0 0.0 1.0
stairs/seq-01/color/frame-000142.color.png stairs/seq-01/color/frame-000144.color.png 0.999828 0.0119002 -0.0142142 0.010508 -0.0117873 0.999898 0.00800475 -0.000224024 0.014308 -0.00783582 0.999867 -0.0036529 0.0 0.0 0.0 1.0
stairs/seq-01/color/frame-000144.color.png stairs/seq-01/color/frame-000146.color.png 0.999856 0.0153814 -0.00721325 0.0132555 -0.0153903 0.999881 -0.00118175 0.00936964 0.00719422 0.00129259 0.999973 -0.00289977 0.0 0.0 0.0 1.0
stairs/seq-01/color/frame-000146.color.png stairs/seq-01/color/frame-000148.color.png 0.999842 0.00801978 -0.0158741 0.0118228 -0.00792342 0.99995 0.00612716 -0.0118296 0.0159224 -0.00600041 0.999855 -0.0160319 0.0 0.0 0.0 1.0
stairs/seq-01/color/frame-000148.color.png stairs/seq-01/color/frame-000150.color.png 0.999899 0.0135935 -0.00419949 0.00851738 -0.0136146 0.999895 -0.00505574 0.00372675 0.00413032 0.0051124 0.999978 0.00582811 0.0 0.0 0.0 1.0
stairs/seq-01/color/frame-000150.color.png stairs/seq-01/color/frame-000152.color.png 0.99925 -0.00428513 -0.0384905 0.0544153 0.0046171 0.999953 0.00854004 -0.0287414 0.0384521 -0.00871135 0.999223 -0.0404623 0.0 0.0 0.0 1.0
stairs/seq-01/color/frame-000152.color.png stairs/seq-01/color/frame-000154.color.png 0.999888 0.0148658 -0.00182672 0.00801116 -0.0148702 0.999887 -0.00239747 0.0112637 0.00179088 0.00242437 0.999995 0.00631389 0.0 0.0 0.0 1.0
stairs/seq-01/color/frame-000154.color.png stairs/seq-01/color/frame-000156.color.png 0.999979 0.00520579 0.00379058 -0.00496233 -0.0052055 0.999986 -8.41521e-05 -0.012016 -0.00379097 6.44176e-05 0.999993 0.00989589 0.0 0.0 0.0 1.0
stairs/seq-01/color/frame-000156.color.png stairs/seq-01/color/frame-000158.color.png 0.999971 0.00449807 0.0061204 -0.00188696 -0.0044626 0.999973 -0.00579546 -0.0071466 -0.00614631 0.00576798 0.999964 0.0150649 0.0 0.0 0.0 1.0
stairs/seq-01/color/frame-000158.color.png stairs/seq-01/color/frame-000160.color.png 0.999973 0.0035722 0.00644214 -0.00691384 -0.00356586 0.999993 -0.000995405 -0.0173292 -0.00644565 0.000972407 0.999979 0.0173812 0.0 0.0 0.0 1.0
stairs/seq-01/color/frame-000160.color.png stairs/seq-01/color/frame-000162.color.png 0.999982 0.00468323 -0.00374609 0.0103696 -0.00469299 0.999986 -0.0026009 -0.00299647 0.00373385 0.00261843 0.99999 0.00755128 0.0 0.0 0.0 1.0
stairs/seq-01/color/frame-000162.color.png stairs/seq-01/color/frame-000164.color.png 0.999881 0.0133036 -0.00781519 0.0388623 -0.013283 0.999908 0.00267521 -0.00964499 0.00785006 -0.00257109 0.999966 0.0208841 0.0 0.0 0.0 1.0
stairs/seq-01/color/frame-000164.color.png stairs/seq-01/color/frame-000166.color.png 1.0 0.000324179 0.000893878 -0.000741422 -0.000319424 0.999986 -0.00531708 -0.00666159 -0.000895591 0.00531679 0.999986 0.015615 0.0 0.0 0.0 1.0
stairs/seq-01/color/frame-000166.color.png stairs/seq-01/color/frame-000168.color.png 0.999997 0.0022135 -0.000585631 0.00371867 -0.0022132 0.999997 0.000463629 -0.00756592 0.000586657 -0.000462331 1.0 0.016328 0.0 0.0 0.0 1.0
stairs/seq-01/color/frame-000168.color.png stairs/seq-01/color/frame-000170.color.png 0.999991 0.00374106 0.00211296 -0.0021441 -0.00372515 0.999965 -0.00748393 0.00440979 -0.00214089 0.00747599 0.99997 0.0216807 0.0 0.0 0.0 1.0
stairs/seq-01/color/frame-000170.color.png stairs/seq-01/color/frame-000172.color.png 0.999963 -0.00660445 0.0054356 -0.0101261 0.00660662 0.999978 -0.000382025 -0.0144231 -0.00543296 0.000417925 0.999985 0.0176773 0.0 0.0 0.0 1.0
stairs/seq-01/color/frame-000172.color.png stairs/seq-01/color/frame-000174.color.png 0.99999 -0.00380847 0.00242984 -0.00735247 0.00378536 0.999948 0.00944674 -0.0208489 -0.00246569 -0.00943745 0.999952 0.00971594 0.0 0.0 0.0 1.0
stairs/seq-01/color/frame-000174.color.png stairs/seq-01/color/frame-000176.color.png 0.999981 -0.00478133 0.00380476 0.00722337 0.00476057 0.999974 0.0054435 -0.0264638 -0.00383069 -0.00542528 0.999978 0.00444221 0.0 0.0 0.0 1.0
stairs/seq-01/color/frame-000176.color.png stairs/seq-01/color/frame-000178.color.png 0.999968 -0.00250901 0.00756868 -0.00385982 0.00248942 0.999993 0.00259669 -0.0164956 -0.00757514 -0.00257776 0.999968 0.0132515 0.0 0.0 0.0 1.0
stairs/seq-01/color/frame-000178.color.png stairs/seq-01/color/frame-000180.color.png 0.999963 -0.00600701 0.00622926 -0.017543 0.00604409 0.999964 -0.00595169 -0.0057472 -0.00619329 0.00598912 0.999963 0.013305 0.0 0.0 0.0 1.0
stairs/seq-01/color/frame-000180.color.png stairs/seq-01/color/frame-000182.color.png 0.999968 -0.00752232 -0.00262225 -0.00219703 0.00751161 0.999964 -0.00406293 -0.00296074 0.00265271 0.0040431 0.999988 0.00592616 0.0 0.0 0.0 1.0
stairs/seq-01/color/frame-000182.color.png stairs/seq-01/color/frame-000184.color.png 0.99995 0.00941214 -0.00327593 0.011383 -0.00940855 0.999955 0.00110348 -0.000392556 0.00328617 -0.00107261 0.999994 0.00306261 0.0 0.0 0.0 1.0
stairs/seq-01/color/frame-000184.color.png stairs/seq-01/color/frame-000186.color.png 0.999953 -0.00654296 -0.00715788 0.00699097 0.00657038 0.999971 0.00381451 -0.0201908 0.00713271 -0.00386136 0.999967 -0.00222307 0.0 0.0 0.0 1.0
stairs/seq-01/color/frame-000186.color.png stairs/seq-01/color/frame-000188.color.png 0.999949 -0.00324543 -0.00951277 0.0249446 0.00320821 0.999987 -0.00392464 -0.00483841 0.00952539 0.00389392 0.999947 0.00164554 0.0 0.0 0.0 1.0
stairs/seq-01/color/frame-000188.color.png stairs/seq-01/color/frame-000190.color.png 1.0 0.000756967 0.000518788 0.00348532 -0.000753695 0.99998 -0.00628909 -0.000310898 -0.000523538 0.0062887 0.99998 0.00809041 0.0 0.0 0.0 1.0
stairs/seq-01/color/frame-000190.color.png stairs/seq-01/color/frame-000192.color.png 0.999981 0.00424154 -0.00450205 0.017569 -0.00425961 0.999983 -0.0040171 -0.00417179 0.00448493 0.0040362 0.999982 0.000712395 0.0 0.0 0.0 1.0
stairs/seq-01/color/frame-000192.color.png stairs/seq-01/color/frame-000194.color.png 0.999914 0.00436675 -0.0123673 0.0207591 -0.0045151 0.999918 -0.0119917 0.0128967 0.0123139 0.0120465 0.999852 0.00443935 0.0 0.0 0.0 1.0
stairs/seq-01/color/frame-000194.color.png stairs/seq-01/color/frame-000196.color.png 0.999821 0.0114427 -0.0150346 0.0325549 -0.0114612 0.999934 -0.00114391 0.000436842 0.0150205 0.00131603 0.999886 -0.00711286 0.0 0.0 0.0 1.0
stairs/seq-01/color/frame-000196.color.png stairs/seq-01/color/frame-000198.color.png 0.999679 0.00945161 -0.0235043 0.0595891 -0.0094653 0.999955 -0.000472042 -0.00774497 0.0234988 0.000694351 0.999724 -0.0056197 0.0 0.0 0.0 1.0
stairs/seq-01/color/frame-000198.color.png stairs/seq-01/color/frame-000200.color.png 0.999902 0.00180791 -0.0138715 0.0307505 -0.00188745 0.999982 -0.00572298 -0.000665724 0.0138609 0.0057486 0.999887 -0.00581813 0.0 0.0 0.0 1.0
stairs/seq-01/color/frame-000200.color.png stairs/seq-01/color/frame-000202.color.png 0.999888 0.0125784 -0.00807758 0.0302909 -0.0125726 0.999921 0.000767892 0.00241089 0.00808659 -0.000666251 0.999967 -0.0028373 0.0 0.0 0.0 1.0
stairs/seq-01/color/frame-000202.color.png stairs/seq-01/color/frame-000204.color.png 0.999998 0.00145704 0.00142178 -0.000775576 -0.00145052 0.999988 -0.00458305 0.000960946 -0.0014284 0.00458099 0.999988 0.00200874 0.0 0.0 0.0 1.0
stairs/seq-01/color/frame-000204.color.png stairs/seq-01/color/frame-000206.color.png 0.999923 0.00713846 -0.0101696 0.021912 -0.00718077 0.999966 -0.00413023 0.0038619 0.0101398 0.00420293 0.99994 -0.00049758 0.0 0.0 0.0 1.0
stairs/seq-01/color/frame-000206.color.png stairs/seq-01/color/frame-000208.color.png 0.999937 0.00953802 -0.00587673 0.0171174 -0.00958035 0.999928 -0.00721724 0.00780886 0.00580746 0.00727309 0.999957 -0.00133634 0.0 0.0 0.0 1.0
stairs/seq-01/color/frame-000208.color.png stairs/seq-01/color/frame-000210.color.png 0.999903 0.00230923 -0.0137102 0.01873 -0.00235969 0.999991 -0.0036651 0.0013876 0.0137016 0.0036971 0.999899 -0.0108969 0.0 0.0 0.0 1.0
stairs/seq-01/color/frame-000210.color.png stairs/seq-01/color/frame-000212.color.png 0.999626 0.00650832 -0.0265636 0.066026 -0.00671949 0.999946 -0.00786802 0.00649375 0.026511 0.00804357 0.999616 -0.00919735 0.0 0.0 0.0 1.0
stairs/seq-01/color/frame-000212.color.png stairs/seq-01/color/frame-000214.color.png 0.999973 -0.00159916 -0.00717655 0.0116833 0.00161657 0.999996 0.00242046 -0.0123035 0.00717265 -0.00243199 0.999971 -0.00777525 0.0 0.0 0.0 1.0
stairs/seq-01/color/frame-000214.color.png stairs/seq-01/color/frame-000216.color.png 0.999939 0.00398636 -0.0102932 0.0292431 -0.00390196 0.999959 0.00820693 -0.0161481 0.0103255 -0.00816627 0.999913 -0.0100718 0.0 0.0 0.0 1.0
stairs/seq-01/color/frame-000216.color.png stairs/seq-01/color/frame-000218.color.png 0.99999 0.000939284 0.00445083 -0.00207615 -0.000924024 0.999994 -0.00342924 -0.00494593 -0.00445403 0.00342509 0.999984 0.00670886 0.0 0.0 0.0 1.0
stairs/seq-01/color/frame-000218.color.png stairs/seq-01/color/frame-000220.color.png 0.999996 -0.00297427 0.000251781 -0.00510347 0.00297502 0.999991 -0.00305303 -0.00936466 -0.000242708 0.00305378 0.999995 -0.0023334 0.0 0.0 0.0 1.0
stairs/seq-01/color/frame-000220.color.png stairs/seq-01/color/frame-000222.color.png 0.999961 0.0072036 -0.00510089 0.0167886 -0.00723464 0.999955 -0.00609275 0.00227123 0.0050568 0.00612942 0.999968 0.00169015 0.0 0.0 0.0 1.0
stairs/seq-01/color/frame-000222.color.png stairs/seq-01/color/frame-000224.color.png 0.999985 0.00511816 -0.00218597 0.00151908 -0.00513303 0.999963 -0.00685369 0.00803381 0.0021508 0.0068648 0.999974 0.0040167 0.0 0.0 0.0 1.0
stairs/seq-01/color/frame-000224.color.png stairs/seq-01/color/frame-000226.color.png 0.999971 -0.00270514 -0.0071417 0.00274265 0.00270674 0.999996 0.000212668 -0.0102232 0.0071411 -0.00023201 0.999974 -0.00823122 0.0 0.0 0.0 1.0
stairs/seq-01/color/frame-000226.color.png stairs/seq-01/color/frame-000228.color.png 0.999993 -0.00333748 -0.00182655 0.000328302 0.00333363 0.999992 -0.00210824 -0.0115705 0.00183354 0.00210216 0.999996 0.0113248 0.0 0.0 0.0 1.0
stairs/seq-01/color/frame-000228.color.png stairs/seq-01/color/frame-000230.color.png 0.999993 -0.00115795 -0.00354575 0.00796139 0.00115066 0.999997 -0.00205508 -0.0101397 0.00354818 0.002051 0.999992 0.00330532 0.0 0.0 0.0 1.0
stairs/seq-01/color/frame-000230.color.png stairs/seq-01/color/frame-000232.color.png 0.999995 0.000190388 0.00308268 -0.00732315 -0.000154583 0.999933 -0.0116108 0.00865114 -0.00308475 0.0116102 0.999928 0.0128556 0.0 0.0 0.0 1.0
stairs/seq-01/color/frame-000232.color.png stairs/seq-01/color/frame-000234.color.png 0.999992 -0.00317585 -0.00221192 0.00240231 0.0031638 0.99998 -0.00542757 -0.0118874 0.00222916 0.00542052 0.999983 0.00739932 0.0 0.0 0.0 1.0
stairs/seq-01/color/frame-000234.color.png stairs/seq-01/color/frame-000236.color.png 0.999989 0.00470426 0.000625881 0.00332713 -0.00469991 0.999966 -0.00678297 -0.000126481 -0.000657787 0.00677998 0.999977 0.0114363 0.0 0.0 0.0 1.0
stairs/seq-01/color/frame-000236.color.png stairs/seq-01/color/frame-000238.color.png 0.99995 0.00588675 0.00809354 -0.0166197 -0.00578821 0.99991 -0.0121448 0.0163959 -0.00816433 0.0120973 0.999893 0.0205159 0.0 0.0 0.0 1.0
stairs/seq-01/color/frame-000238.color.png stairs/seq-01/color/frame-000240.color.png 0.999988 -0.00475597 -0.00113363 -0.00627005 0.00476283 0.99997 0.00612805 -0.0323068 0.00110444 -0.00613341 0.999981 0.00329137 0.0 0.0 0.0 1.0
stairs/seq-01/color/frame-000240.color.png stairs/seq-01/color/frame-000242.color.png 1.0 -0.000309853 1.13737e-05 0.00348294 0.000309886 0.999996 -0.00278653 -0.0145919 -1.05116e-05 0.00278652 0.999996 0.0180467 0.0 0.0 0.0 1.0
stairs/seq-01/color/frame-000242.color.png stairs/seq-01/color/frame-000244.color.png 0.999975 8.08092e-05 0.00712007 -0.00762987 -4.67804e-05 0.999989 -0.00477953 -0.0093497 -0.00712038 0.00477909 0.999963 0.0208855 0.0 0.0 0.0 1.0
stairs/seq-01/color/frame-000244.color.png stairs/seq-01/color/frame-000246.color.png 0.999987 -0.00180455 0.00484903 -0.0164646 0.00181322 0.999997 -0.00178267 -0.0172642 -0.00484577 0.00179143 0.999987 0.00975037 0.0 0.0 0.0 1.0
stairs/seq-01/color/frame-000246.color.png stairs/seq-01/color/frame-000248.color.png 0.999976 0.00389916 0.00577054 -0.0155222 -0.00385265 0.99996 -0.00804978 0.00717109 -0.00580174 0.0080274 0.999951 0.0174478 0.0 0.0 0.0 1.0
stairs/seq-01/color/frame-000248.color.png stairs/seq-01/color/frame-000250.color.png 0.999963 0.00513652 -0.00696827 0.018932 -0.00509409 0.999969 0.00609375 -0.0177924 0.00699934 -0.00605805 0.999957 0.0138041 0.0 0.0 0.0 1.0
stairs/seq-01/color/frame-000250.color.png stairs/seq-01/color/frame-000252.color.png 0.999877 0.00692928 0.0140723 -0.0172822 -0.00693737 0.999976 0.000525514 -0.00767064 -0.0140683 -0.000623074 0.999901 0.0237882 0.0 0.0 0.0 1.0
stairs/seq-01/color/frame-000252.color.png stairs/seq-01/color/frame-000254.color.png 0.999864 0.0125724 0.0106807 -0.00194561 -0.0125608 0.99992 -0.00114784 -0.000741601 -0.0106943 0.00101352 0.999942 0.0242876 0.0 0.0 0.0 1.0
stairs/seq-01/color/frame-000254.color.png stairs/seq-01/color/frame-000256.color.png 0.999992 0.000885394 0.00396692 -0.00850797 -0.000874623 0.999996 -0.00271836 -0.0103986 -0.00396926 0.00271486 0.999988 0.0186846 0.0 0.0 0.0 1.0
stairs/seq-01/color/frame-000256.color.png stairs/seq-01/color/frame-000258.color.png 0.999966 -0.00770094 0.00285449 -0.0206591 0.00770259 0.99997 -0.000569951 -0.024038 -0.00285004 0.000591946 0.999996 0.0134972 0.0 0.0 0.0 1.0
stairs/seq-01/color/frame-000258.color.png stairs/seq-01/color/frame-000260.color.png 0.999973 0.00717715 -0.00154323 0.00441563 -0.0071689 0.99996 0.00528629 -0.0119318 0.0015811 -0.00527511 0.999985 0.00955087 0.0 0.0 0.0 1.0
stairs/seq-01/color/frame-000260.color.png stairs/seq-01/color/frame-000262.color.png 0.999973 0.000202646 0.007403 -0.0218583 -0.000208729 1.0 0.000820557 -0.00916272 -0.00740282 -0.000822063 0.999972 0.0157371 0.0 0.0 0.0 1.0
stairs/seq-01/color/frame-000262.color.png stairs/seq-01/color/frame-000264.color.png 0.999987 -0.00346285 -0.00386882 -0.00914991 0.0034769 0.999987 0.00363111 -0.019816 0.0038562 -0.0036445 0.999986 0.00793564 0.0 0.0 0.0 1.0
stairs/seq-01/color/frame-000264.color.png stairs/seq-01/color/frame-000266.color.png 0.999994 0.00346247 0.000439949 -0.000393271 -0.00346199 0.999993 -0.00110856 -0.00619489 -0.000443789 0.001107 0.999999 0.0157049 0.0 0.0 0.0 1.0
stairs/seq-01/color/frame-000266.color.png stairs/seq-01/color/frame-000268.color.png 0.999993 0.00263368 0.00282371 -0.00660872 -0.00261061 0.999964 -0.00813927 0.00554454 -0.00284506 0.00813184 0.999963 0.0194958 0.0 0.0 0.0 1.0
stairs/seq-01/color/frame-000268.color.png stairs/seq-01/color/frame-000270.color.png 0.999913 -0.00384249 0.0126228 -0.0340621 0.00402027 0.999893 -0.0140884 0.00461715 -0.0125673 0.014138 0.999821 0.0257467 0.0 0.0 0.0 1.0
stairs/seq-01/color/frame-000270.color.png stairs/seq-01/color/frame-000272.color.png 0.99999 -0.000511626 0.00432203 -0.0120251 0.000525513 0.999995 -0.00321382 -0.00560254 -0.00432035 0.0032161 0.999986 0.016619 0.0 0.0 0.0 1.0
stairs/seq-01/color/frame-000272.color.png stairs/seq-01/color/frame-000274.color.png 0.999925 -0.00781603 0.00938446 -0.0297663 0.00782189 0.999969 -0.00058756 -0.01974 -0.00937957 0.000660931 0.999956 0.0140594 0.0 0.0 0.0 1.0
stairs/seq-01/color/frame-000274.color.png stairs/seq-01/color/frame-000276.color.png 0.999976 -0.00613214 0.00336591 -0.0125043 0.00612161 0.999976 0.00312877 -0.0127068 -0.00338503 -0.00310812 0.99999 0.0106437 0.0 0.0 0.0 1.0
stairs/seq-01/color/frame-000276.color.png stairs/seq-01/color/frame-000278.color.png 0.999981 0.00510844 0.00353254 0.00103241 -0.00515178 0.99991 0.0123707 -0.0167326 -0.00346899 -0.0123886 0.999917 0.0051806 0.0 0.0 0.0 1.0
stairs/seq-01/color/frame-000278.color.png stairs/seq-01/color/frame-000280.color.png 0.999988 -0.00305644 0.00378156 -0.00866443 0.00304583 0.999991 0.00280736 -0.0105505 -0.00379013 -0.00279581 0.999989 0.0111994 0.0 0.0 0.0 1.0
stairs/seq-01/color/frame-000280.color.png stairs/seq-01/color/frame-000282.color.png 0.999999 0.00136504 -0.000511228 0.00598174 -0.0013639 0.999997 0.00221175 -0.0116252 0.000514249 -0.00221107 0.999997 0.0100989 0.0 0.0 0.0 1.0
stairs/seq-01/color/frame-000282.color.png stairs/seq-01/color/frame-000284.color.png 0.999964 -0.00796394 0.0029513 -0.0128186 0.0079795 0.999954 -0.00529949 -0.0100691 -0.00290897 0.00532287 0.999982 0.0117182 0.0 0.0 0.0 1.0
stairs/seq-01/color/frame-000284.color.png stairs/seq-01/color/frame-000286.color.png 0.999976 -0.000953569 -0.00684531 0.0104722 0.000921236 0.999988 -0.00472425 -0.00598586 0.00684977 0.00471783 0.999965 0.00949311 0.0 0.0 0.0 1.0
stairs/seq-01/color/frame-000286.color.png stairs/seq-01/color/frame-000288.color.png 0.999949 0.0100967 0.00052561 0.0119576 -0.0100947 0.999942 -0.00372087 0.00361156 -0.000563141 0.00371534 0.999993 0.0123781 0.0 0.0 0.0 1.0
stairs/seq-01/color/frame-000288.color.png stairs/seq-01/color/frame-000290.color.png 0.99999 0.00267305 -0.00354948 0.0172279 -0.0026734 0.999996 -9.56304e-05 -0.0132763 0.00354921 0.000105109 0.999994 0.0121447 0.0 0.0 0.0 1.0
stairs/seq-01/color/frame-000290.color.png stairs/seq-01/color/frame-000292.color.png 0.999994 0.00306688 -0.00134089 0.0049268 -0.00306432 0.999994 0.00190895 -0.00864744 0.00134672 -0.0019048 0.999997 -0.00142032 0.0 0.0 0.0 1.0
stairs/seq-01/color/frame-000292.color.png stairs/seq-01/color/frame-000294.color.png 0.999976 0.00531279 -0.00450612 0.02029 -0.00534136 0.999965 -0.00635385 -0.000363231 0.00447222 0.00637775 0.99997 0.0143155 0.0 0.0 0.0 1.0
stairs/seq-01/color/frame-000294.color.png stairs/seq-01/color/frame-000296.color.png 0.999934 0.00850325 -0.00774377 0.0196711 -0.00852175 0.999961 -0.00235784 -0.00215006 0.00772341 0.00242367 0.999967 0.00437212 0.0 0.0 0.0 1.0
stairs/seq-01/color/frame-000296.color.png stairs/seq-01/color/frame-000298.color.png 0.99988 0.00873875 -0.0127592 0.0260981 -0.00876637 0.999959 -0.00211114 -0.00276542 0.0127403 0.00222278 0.999916 0.00218886 0.0 0.0 0.0 1.0
stairs/seq-01/color/frame-000298.color.png stairs/seq-01/color/frame-000300.color.png 0.999878 0.00709305 -0.0139198 0.024392 -0.00719056 0.99995 -0.00696646 0.00238287 0.0138697 0.00706566 0.999879 0.00420493 0.0 0.0 0.0 1.0
stairs/seq-01/color/frame-000300.color.png stairs/seq-01/color/frame-000302.color.png 0.999923 0.00585009 -0.0109316 0.0266314 -0.00592452 0.999959 -0.0067897 0.00956547 0.0108915 0.00685397 0.999917 0.00335711 0.0 0.0 0.0 1.0
stairs/seq-01/color/frame-000302.color.png stairs/seq-01/color/frame-000304.color.png 0.999923 0.00189811 -0.0122675 0.0139757 -0.00190038 0.999998 -0.000173246 -0.0142251 0.0122671 0.00019654 0.999925 -0.00707096 0.0 0.0 0.0 1.0
stairs/seq-01/color/frame-000304.color.png stairs/seq-01/color/frame-000306.color.png 0.999845 0.00689835 -0.0162032 0.0260816 -0.00699093 0.99996 -0.00566515 0.00700426 0.0161635 0.00577754 0.999853 2.61664e-05 0.0 0.0 0.0 1.0
stairs/seq-01/color/frame-000306.color.png stairs/seq-01/color/frame-000308.color.png 0.999952 0.00569983 0.0079476 -0.014116 -0.00570706 0.999983 0.000885835 -0.000823498 -0.0079424 -0.000931133 0.999968 0.0116631 0.0 0.0 0.0 1.0
stairs/seq-01/color/frame-000308.color.png stairs/seq-01/color/frame-000310.color.png 0.999954 -0.00161207 -0.00940534 0.00383008 0.00167543 0.999976 0.00673255 -0.016389 0.00939422 -0.006748 0.999933 0.000729084 0.0 0.0 0.0 1.0
stairs/seq-01/color/frame-000310.color.png stairs/seq-01/color/frame-000312.color.png 0.999939 0.0106805 -0.00280925 0.00722873 -0.0106801 0.999943 0.000133799 0.000592113 0.00281055 -0.000103779 0.999996 0.0142558 0.0 0.0 0.0 1.0
stairs/seq-01/color/frame-000312.color.png stairs/seq-01/color/frame-000314.color.png 0.999964 -0.00848012 0.000232499 -0.0195277 0.00848101 0.999956 -0.00410383 -0.00746524 -0.000197684 0.00410567 0.999992 0.0156329 0.0 0.0 0.0 1.0
stairs/seq-01/color/frame-000314.color.png stairs/seq-01/color/frame-000316.color.png 0.999919 -0.00948594 0.0085052 -0.0329475 0.00953437 0.999938 -0.00567234 -0.0150411 -0.00845087 0.00575294 0.999948 0.0332339 0.0 0.0 0.0 1.0
stairs/seq-01/color/frame-000316.color.png stairs/seq-01/color/frame-000318.color.png 0.999918 0.000798757 0.0127651 -0.023995 -0.000593605 0.999871 -0.0160673 0.0106846 -0.0127763 0.0160584 0.999789 0.0486793 0.0 0.0 0.0 1.0
stairs/seq-01/color/frame-000318.color.png stairs/seq-01/color/frame-000320.color.png 0.999949 -0.00702429 0.00729639 -0.0353273 0.00707301 0.999953 -0.00667027 -0.00409222 -0.0072492 0.00672151 0.999951 0.0287597 0.0 0.0 0.0 1.0
stairs/seq-01/color/frame-000320.color.png stairs/seq-01/color/frame-000322.color.png 0.999847 -0.0173821 -0.00208383 -0.0358412 0.0173569 0.999783 -0.0115267 -0.000421286 0.00228375 0.0114888 0.999931 0.0215712 0.0 0.0 0.0 1.0
stairs/seq-01/color/frame-000322.color.png stairs/seq-01/color/frame-000324.color.png 0.999961 -0.00870877 -0.00105496 -0.0138545 0.00870968 0.999962 0.000866751 -0.0236921 0.00104739 -0.000875906 0.999999 0.00971377 0.0 0.0 0.0 1.0
stairs/seq-01/color/frame-000324.color.png stairs/seq-01/color/frame-000326.color.png 0.999876 -0.0131606 0.00866294 -0.0527374 0.0132726 0.999828 -0.0129964 0.0062983 -0.00849046 0.0131098 0.999878 0.0282525 0.0 0.0 0.0 1.0
stairs/seq-01/color/frame-000326.color.png stairs/seq-01/color/frame-000328.color.png 0.999948 0.00403949 0.00938655 -0.00170475 -0.00404593 0.999992 0.000666053 -0.0066148 -0.00938377 -0.000703998 0.999956 0.0255663 0.0 0.0 0.0 1.0
stairs/seq-01/color/frame-000328.color.png stairs/seq-01/color/frame-000330.color.png 0.999701 -0.000755859 0.0244273 -0.0506899 0.000744389 1.0 0.000478599 -0.00416982 -0.0244276 -0.000460237 0.999701 0.025756 0.0 0.0 0.0 1.0
stairs/seq-01/color/frame-000330.color.png stairs/seq-01/color/frame-000332.color.png 0.999923 -0.00361272 0.0118803 -0.0287425 0.00353037 0.99997 0.0069461 -0.0194782 -0.011905 -0.00690369 0.999905 0.0140049 0.0 0.0 0.0 1.0
stairs/seq-01/color/frame-000332.color.png stairs/seq-01/color/frame-000334.color.png 0.999976 -0.00692786 0.000711392 -0.0179008 0.00692811 0.999976 -0.00036535 -0.020713 -0.000708834 0.000370306 1.0 0.013954 0.0 0.0 0.0 1.0
stairs/seq-01/color/frame-000334.color.png stairs/seq-01/color/frame-000336.color.png 0.999904 0.0110347 -0.00841105 0.0107871 -0.0110488 0.999938 -0.001629 0.00526667 0.00839255 0.00172178 0.999963 0.00702584 0.0 0.0 0.0 1.0
stairs/seq-01/color/frame-000336.color.png stairs/seq-01/color/frame-000338.color.png 0.999864 0.0155879 -0.00546086 0.0189885 -0.0156191 0.999862 -0.00570775 0.0147376 0.00537113 0.0057923 0.999969 0.0175815 0.0 0.0 0.0 1.0
stairs/seq-01/color/frame-000338.color.png stairs/seq-01/color/frame-000340.color.png 0.999955 0.00347731 -0.00878655 0.0163406 -0.00347902 0.999994 -0.000180443 -0.00703871 0.00878586 0.000210996 0.999961 0.00727379 0.0 0.0 0.0 1.0
stairs/seq-01/color/frame-000340.color.png stairs/seq-01/color/frame-000342.color.png 0.999936 0.0112001 -0.00162608 0.0167327 -0.0112109 0.999914 -0.00684526 0.0115155 0.00154929 0.00686303 0.999975 0.0260396 0.0 0.0 0.0 1.0
stairs/seq-01/color/frame-000342.color.png stairs/seq-01/color/frame-000344.color.png 0.999961 -0.00459583 -0.00751694 0.00601304 0.00456735 0.999982 -0.00380303 -0.0175138 0.00753427 0.00376855 0.999964 0.0120091 0.0 0.0 0.0 1.0
stairs/seq-01/color/frame-000344.color.png stairs/seq-01/color/frame-000346.color.png 0.999836 -0.0129388 -0.0126549 0.00875551 0.0129902 0.999908 0.00398262 -0.0259154 0.0126022 -0.00414636 0.999912 0.00149107 0.0 0.0 0.0 1.0
stairs/seq-01/color/frame-000346.color.png stairs/seq-01/color/frame-000348.color.png 0.999758 0.0171685 0.0137571 0.00979847 -0.0171233 0.999848 -0.00339407 -0.00207746 -0.0138132 0.0031577 0.9999 0.0385739 0.0 0.0 0.0 1.0
