stairs/seq-01/color/frame-000001.color.png stairs/seq-01/color/frame-000004.color.png 0.999996 -0.0025417 0.00130525 0.00025441 0.00254 0.999996 0.00130191 0.000811741 -0.00130856 -0.00129859 0.999998 -0.00103869 0.0 0.0 0.0 1.0
stairs/seq-01/color/frame-000004.color.png stairs/seq-01/color/frame-000007.color.png 0.999997 -0.00190584 0.00147003 -3.58692e-05 0.00190261 0.999996 0.00219051 -0.00212417 -0.0014742 -0.00218771 0.999996 5.94475e-06 0.0 0.0 0.0 1.0
stairs/seq-01/color/frame-000007.color.png stairs/seq-01/color/frame-000010.color.png 1.0 -0.000421232 0.000849879 0.000471557 0.00042089 1.0 0.000402636 0.00184895 -0.000850048 -0.000402278 1.0 -0.000199285 0.0 0.0 0.0 1.0
stairs/seq-01/color/frame-000010.color.png stairs/seq-01/color/frame-000013.color.png 1.0 -0.0009717 -0.000178939 0.000835083 0.000971753 1.0 0.000298033 -0.000885598 0.000178649 -0.000298207 1.0 0.00228128 0.0 0.0 0.0 1.0
stairs/seq-01/color/frame-000013.color.png stairs/seq-01/color/frame-000016.color.png 0.999982 -0.00369139 0.00469367 -0.00294901 0.00368216 0.999991 0.00197302 0.00163333 -0.00470091 -0.0019557 0.999987 -0.000865116 0.0 0.0 0.0 1.0
stairs/seq-01/color/frame-000016.color.png stairs/seq-01/color/frame-000019.color.png 0.999984 -0.00323171 0.0046491 0.00331151 0.00321636 0.999989 0.00330434 -0.00188253 -0.00465973 -0.00328933 0.999984 0.00227196 0.0 0.0 0.0 1.0
stairs/seq-01/color/frame-000019.color.png stairs/seq-01/color/frame-000022.color.png 0.999952 -0.00415693 0.00883546 0.000766407 0.00413586 0.999988 0.00240164 0.000415684 -0.00884534 -0.00236498 0.999958 0.00292748 0.0 0.0 0.0 1.0
stairs/seq-01/color/frame-000022.color.png stairs/seq-01/color/frame-000025.color.png 0.999886 -0.00417725 0.0144993 0.000548573 0.00412334 0.999985 0.00374545 -0.00113798 -0.0145147 -0.00368524 0.999888 0.00234358 0.0 0.0 0.0 1.0
stairs/seq-01/color/frame-000025.color.png stairs/seq-01/color/frame-000028.color.png 0.999785 -0.0129904 0.0161687 0.00338526 0.0130185 0.999914 -0.0016313 -0.00154878 -0.0161461 0.00184144 0.999868 0.00675192 0.0 0.0 0.0 1.0
stairs/seq-01/color/frame-000028.color.png stairs/seq-01/color/frame-000031.color.png 0.999752 -0.0112393 0.0192472 0.00656647 0.0113683 0.999914 -0.00660279 0.00339731 -0.0191713 0.00681995 0.999793 0.00105579 0.0 0.0 0.0 1.0
stairs/seq-01/color/frame-000031.color.png stairs/seq-01/color/frame-000034.color.png 0.999403 -0.0228026 0.0259616 0.0112106 0.0228496 0.999738 -0.00151334 -0.0060945 -0.0259203 0.00210565 0.999662 0.00558959 0.0 0.0 0.0 1.0
stairs/seq-01/color/frame-000034.color.png stairs/seq-01/color/frame-000037.color.png 0.999747 -0.00963225 0.0203252 0.00393616 0.00972384 0.999943 -0.00441133 -0.000983558 -0.0202815 0.00460785 0.999784 0.000905307 0.0 0.0 0.0 1.0
stairs/seq-01/color/frame-000037.color.png stairs/seq-01/color/frame-000040.color.png 0.999619 -0.0157504 0.0226691 0.00727942 0.0159072 0.999851 -0.0067538 -0.00308558 -0.0225593 0.00711183 0.99972 0.00328698 0.0 0.0 0.0 1.0
stairs/seq-01/color/frame-000040.color.png stairs/seq-01/color/frame-000043.color.png 0.999536 -0.0173949 0.0250084 0.0105085 0.0178114 0.999705 -0.0165287 -0.00159293 -0.0247135 0.0169665 0.99955 0.00233202 0.0 0.0 0.0 1.0
stairs/seq-01/color/frame-000043.color.png stairs/seq-01/color/frame-000046.color.png 0.999454 -0.0137859 0.0300241 0.00703058 0.0139736 0.999884 -0.00604859 -0.00369663 -0.0299372 0.00646484 0.999531 0.00190689 0.0 0.0 0.0 1.0
stairs/seq-01/color/frame-000046.color.png stairs/seq-01/color/frame-000049.color.png 0.9995 -0.0169424 0.0267003 0.00582151 0.0170271 0.999851 -0.00295062 -0.00259316 -0.0266463 0.00340378 0.999639 0.00215436 0.0 0.0 0.0 1.0
stairs/seq-01/color/frame-000049.color.png stairs/seq-01/color/frame-000052.color.png 0.999522 -0.0188419 0.0244967 0.00626912 0.0189227 0.999816 -0.00307309 -0.0033068 -0.0244342 0.00353516 0.999695 0.00569198 0.0 0.0 0.0 1.0
stairs/seq-01/color/frame-000052.color.png stairs/seq-01/color/frame-000055.color.png 0.999338 -0.0247747 0.0266301 0.0101341 0.0249458 0.99967 -0.00611044 -0.00108357 -0.0264699 0.0067707 0.999627 0.00259828 0.0 0.0 0.0 1.0
stairs/seq-01/color/frame-000055.color.png stairs/seq-01/color/frame-000058.color.png 0.999185 -0.0230678 0.0331303 0.00712389 0.0231691 0.999728 -0.00267612 -0.00673072 -0.0330595 0.00344154 0.999447 0.00556395 0.0 0.0 0.0 1.0
stairs/seq-01/color/frame-000058.color.png stairs/seq-01/color/frame-000061.color.png 0.999153 -0.0224579 0.034482 0.0129019 0.0225022 0.999746 -0.000896983 -0.0014855 -0.0344531 0.00167215 0.999405 0.00388673 0.0 0.0 0.0 1.0
stairs/seq-01/color/frame-000061.color.png stairs/seq-01/color/frame-000064.color.png 0.999075 -0.0260983 0.0341727 0.00658618 0.0262928 0.999641 -0.00525632 -0.0054909 -0.0340232 0.00614995 0.999402 0.0103759 0.0 0.0 0.0 1.0
stairs/seq-01/color/frame-000064.color.png stairs/seq-01/color/frame-000067.color.png 0.999694 -0.0173211 0.0176413 0.0138091 0.017437 0.999827 -0.0064401 -0.00440639 -0.0175268 0.00674576 0.999823 0.00240578 0.0 0.0 0.0 1.0
stairs/seq-01/color/frame-000067.color.png stairs/seq-01/color/frame-000070.color.png 0.99976 -0.0163419 0.0146085 0.0164098 0.0164342 0.999846 -0.00622048 -0.00635794 -0.0145047 0.00645907 0.999874 0.006879 0.0 0.0 0.0 1.0
stairs/seq-01/color/frame-000070.color.png stairs/seq-01/color/frame-000073.color.png 0.999794 -0.0146862 0.0140109 0.0119293 0.0147549 0.99988 -0.00481237 -0.00805348 -0.0139386 0.0050181 0.99989 -0.000548068 0.0 0.0 0.0 1.0
stairs/seq-01/color/frame-000073.color.png stairs/seq-01/color/frame-000076.color.png 0.999938 -0.0107216 0.00311195 0.0243383 0.010708 0.999933 0.00439771 -0.0169009 -0.00315888 -0.00436414 0.999985 -0.00511296 0.0 0.0 0.0 1.0
stairs/seq-01/color/frame-000076.color.png stairs/seq-01/color/frame-000079.color.png 0.99998 -0.00277421 0.0057504 0.00424226 0.00280235 0.999984 -0.00490164 -0.0027744 -0.00573677 0.00491763 0.999972 0.004533 0.0 0.0 0.0 1.0
stairs/seq-01/color/frame-000079.color.png stairs/seq-01/color/frame-000082.color.png 0.99995 0.00300984 0.00955205 0.0208402 -0.00293953 0.999969 -0.00737105 -0.00628755 -0.00957391 0.00734264 0.999927 0.00311014 0.0 0.0 0.0 1.0
stairs/seq-01/color/frame-000082.color.png stairs/seq-01/color/frame-000085.color.png 0.999863 -0.0141406 0.00858232 0.0388748 0.0143168 0.999681 -0.0208268 -0.0104274 -0.00828506 0.0209468 0.999746 0.00325864 0.0 0.0 0.0 1.0
stairs/seq-01/color/frame-000085.color.png stairs/seq-01/color/frame-000088.color.png 0.999954 -0.00347786 0.00895429 0.0255731 0.00360044 0.9999 -0.0137091 -0.00568659 -0.0089057 0.0137407 0.999866 -0.0155447 0.0 0.0 0.0 1.0
stairs/seq-01/color/frame-000088.color.png stairs/seq-01/color/frame-000091.color.png 0.999758 -0.0138858 0.0170461 0.0271769 0.0140463 0.999858 -0.00933131 -0.00851849 -0.0169142 0.0095685 0.999811 0.0217767 0.0 0.0 0.0 1.0
stairs/seq-01/color/frame-000091.color.png stairs/seq-01/color/frame-000094.color.png 0.999833 -0.0150161 0.0104121 0.0247065 0.0151386 0.999816 -0.0117804 -0.0107734 -0.0102333 0.011936 0.999876 0.00202772 0.0 0.0 0.0 1.0
stairs/seq-01/color/frame-000094.color.png stairs/seq-01/color/frame-000097.color.png 0.999991 -0.00423705 0.000545052 0.0095861 0.00424171 0.999954 -0.008622 -0.00438283 -0.00050855 0.00862425 0.999963 -0.000268653 0.0 0.0 0.0 1.0
stairs/seq-01/color/frame-000097.color.png stairs/seq-01/color/frame-000100.color.png 0.999949 -0.00954581 0.00335824 0.0121442 0.00952873 0.999942 0.0050374 -0.0147824 -0.00340606 -0.00500513 0.999982 0.00960437 0.0 0.0 0.0 1.0
stairs/seq-01/color/frame-000100.color.png stairs/seq-01/color/frame-000103.color.png 0.999884 -0.00528417 0.014273 0.000997901 0.00513684 0.999933 0.0103469 -0.0124181 -0.0143268 -0.0102724 0.999845 0.0195942 0.0 0.0 0.0 1.0
stairs/seq-01/color/frame-000103.color.png stairs/seq-01/color/frame-000106.color.png 0.999845 0.00201155 -0.0174922 0.0672539 -0.00178104 0.999911 0.0131884 -0.0359963 0.0175171 -0.0131552 0.99976 0.0202821 0.0 0.0 0.0 1.0
stairs/seq-01/color/frame-000106.color.png stairs/seq-01/color/frame-000109.color.png 0.999848 -0.01175 -0.012915 0.0382426 0.0118099 0.99992 0.00457282 -0.0364532 0.0128602 -0.00472464 0.999906 0.0277684 0.0 0.0 0.0 1.0
stairs/seq-01/color/frame-000109.color.png stairs/seq-01/color/frame-000112.color.png 0.999818 0.0150967 -0.0116565 0.0389376 -0.0151192 0.999884 -0.00184846 -0.0220472 0.0116273 0.00202434 0.99993 0.0296497 0.0 0.0 0.0 1.0
stairs/seq-01/color/frame-000112.color.png stairs/seq-01/color/frame-000115.color.png 0.999761 0.0132396 -0.0174187 0.0358357 -0.0132457 0.999912 -0.00023555 -0.0203583 0.017414 0.000466238 0.999848 0.0253813 0.0 0.0 0.0 1.0
stairs/seq-01/color/frame-000115.color.png stairs/seq-01/color/frame-000118.color.png 0.998229 0.00530031 -0.0592595 0.0555894 -0.00454977 0.999908 0.0127929 -0.0438217 0.0593219 -0.0125006 0.998161 -0.0198472 0.0 0.0 0.0 1.0
stairs/seq-01/color/frame-000118.color.png stairs/seq-01/color/frame-000121.color.png 0.99919 0.0179016 -0.0360512 0.030653 -0.0182533 0.999789 -0.00945031 0.00278467 0.0358744 0.0101007 0.999305 0.000862449 0.0 0.0 0.0 1.0
stairs/seq-01/color/frame-000121.color.png stairs/seq-01/color/frame-000124.color.png 0.99862 0.0237711 -0.0468338 0.0368372 -0.0230833 0.999618 0.0151717 -0.00781447 0.0471766 -0.0140697 0.998788 -0.0183098 0.0 0.0 0.0 1.0
stairs/seq-01/color/frame-000124.color.png stairs/seq-01/color/frame-000127.color.png 0.998749 0.0366219 -0.0340381 0.0533552 -0.0360166 0.999185 0.0182283 -0.0192308 0.0346778 -0.0169796 0.999254 -0.0155778 0.0 0.0 0.0 1.0
stairs/seq-01/color/frame-000127.color.png stairs/seq-01/color/frame-000130.color.png 0.997943 0.0411846 -0.0491222 0.053421 -0.0413107 0.999145 -0.00155441 0.0161745 0.0490161 0.00358048 0.998792 -0.0253672 0.0 0.0 0.0 1.0
stairs/seq-01/color/frame-000130.color.png stairs/seq-01/color/frame-000133.color.png 0.998922 0.0262935 -0.0382544 0.04313 -0.0262426 0.999654 0.00183316 0.0103174 0.0382894 -0.000827295 0.999266 -0.0207824 0.0 0.0 0.0 1.0
stairs/seq-01/color/frame-000133.color.png stairs/seq-01/color/frame-000136.color.png 0.998991 0.0147838 -0.0423998 0.0456038 -0.0141707 0.999791 0.0147238 -0.0161 0.0426086 -0.0141081 0.998992 -0.0317236 0.0 0.0 0.0 1.0
stairs/seq-01/color/frame-000136.color.png stairs/seq-01/color/frame-000139.color.png 0.998972 0.020429 -0.0404687 0.055846 -0.0202462 0.999783 0.00492048 -0.00492901 0.0405604 -0.00409608 0.999169 -0.028048 0.0 0.0 0.0 1.0
stairs/seq-01/color/frame-000139.color.png stairs/seq-01/color/frame-000142.color.png 0.999349 0.0248756 -0.0261412 0.0325851 -0.0247753 0.999685 0.00415564 0.00778183 0.0262364 -0.00350527 0.99965 -0.0229828 0.0 0.0 0.0 1.0
stairs/seq-01/color/frame-000142.color.png stairs/seq-01/color/frame-000145.color.png 0.9996 0.0161966 -0.0231833 0.0268799 -0.0159762 0.999826 0.00966099 0.00195357 0.0233357 -0.00928675 0.999685 -0.0122916 0.0 0.0 0.0 1.0
stairs/seq-01/color/frame-000145.color.png stairs/seq-01/color/frame-000148.color.png 0.99948 0.02097 -0.0244851 0.0330053 -0.0211195 0.99976 -0.00586269 0.0151387 0.0243562 0.00637676 0.999683 -0.0173624 0.0 0.0 0.0 1.0
stairs/seq-01/color/frame-000148.color.png stairs/seq-01/color/frame-000151.color.png 0.999735 0.0146503 -0.0177305 0.0156029 -0.0146033 0.999889 0.00277272 -0.00737676 0.0177692 -0.00251306 0.999839 -0.00319064 0.0 0.0 0.0 1.0
stairs/seq-01/color/frame-000151.color.png stairs/seq-01/color/frame-000154.color.png 0.999896 0.0105813 -0.00982733 0.0197682 -0.0105748 0.999944 0.000721599 -0.0107157 0.00983442 -0.000617602 0.999951 -0.00293356 0.0 0.0 0.0 1.0
stairs/seq-01/color/frame-000154.color.png stairs/seq-01/color/frame-000157.color.png 0.999922 0.011408 0.0050054 0.00368005 -0.0114051 0.999935 -0.000620859 -0.0180795 -0.00501215 0.000563724 0.999987 0.0199219 0.0 0.0 0.0 1.0
stairs/seq-01/color/frame-000157.color.png stairs/seq-01/color/frame-000160.color.png 0.999921 0.0098783 0.00774501 -0.000665903 -0.00971328 0.999731 -0.0210629 0.0217602 -0.007951 0.020986 0.999748 0.0350403 0.0 0.0 0.0 1.0
stairs/seq-01/color/frame-000160.color.png stairs/seq-01/color/frame-000163.color.png 0.999913 0.0121192 0.00517452 -0.000709653 -0.0120856 0.999906 -0.00647344 -0.000395954 -0.00525249 0.00641034 0.999966 0.0265564 0.0 0.0 0.0 1.0
stairs/seq-01/color/frame-000163.color.png stairs/seq-01/color/frame-000166.color.png 0.999993 0.00290715 0.00231826 -0.00141549 -0.00290893 0.999995 0.000771338 -0.0198207 -0.002316 -0.000778077 0.999997 0.021825 0.0 0.0 0.0 1.0
stairs/seq-01/color/frame-000166.color.png stairs/seq-01/color/frame-000169.color.png 0.999994 -0.00307109 0.0015216 -0.00571781 0.00306387 0.999984 0.00471308 -0.035045 -0.00153605 -0.00470839 0.999988 0.0195457 0.0 0.0 0.0 1.0
stairs/seq-01/color/frame-000169.color.png stairs/seq-01/color/frame-000172.color.png 0.999997 -0.00110742 0.00222596 0.00397444 0.00110808 0.999999 -0.000288764 -0.0121568 -0.00222564 0.000291226 0.999997 0.0279407 0.0 0.0 0.0 1.0
stairs/seq-01/color/frame-000172.color.png stairs/seq-01/color/frame-000175.color.png 0.999674 -0.0164848 -0.019481 0.0444098 0.0167806 0.999745 0.0151216 -0.0512065 0.0192267 -0.0154436 0.999696 -0.00765756 0.0 0.0 0.0 1.0
stairs/seq-01/color/frame-000175.color.png stairs/seq-01/color/frame-000178.color.png 0.99988 0.000176062 0.0154578 -0.00600851 -0.000164558 1.0 -0.000745521 -0.0100794 -0.0154579 0.000742891 0.99988 0.0244665 0.0 0.0 0.0 1.0
stairs/seq-01/color/frame-000178.color.png stairs/seq-01/color/frame-000181.color.png 0.999916 -0.00860457 0.00974333 -0.0275642 0.00861799 0.999962 -0.00133715 -0.021493 -0.00973145 0.00142101 0.999952 0.0158044 0.0 0.0 0.0 1.0
stairs/seq-01/color/frame-000181.color.png stairs/seq-01/color/frame-000184.color.png 0.999968 0.0056092 -0.0056292 0.0101442 -0.0056402 0.999969 -0.00550766 0.00879234 0.00559813 0.00553924 0.999969 0.00612491 0.0 0.0 0.0 1.0
stairs/seq-01/color/frame-000184.color.png stairs/seq-01/color/frame-000187.color.png 0.999949 -0.00934743 0.00394067 -0.019357 0.00935225 0.999956 -0.00120861 -0.0154968 -0.0039292 0.0012454 0.999992 0.0126218 0.0 0.0 0.0 1.0
stairs/seq-01/color/frame-000187.color.png stairs/seq-01/color/frame-000190.color.png 0.999784 -0.00831094 -0.0190274 0.043154 0.00823884 0.999959 -0.0038649 -0.0188193 0.0190588 0.00370731 0.999812 -0.0207244 0.0 0.0 0.0 1.0
stairs/seq-01/color/frame-000190.color.png stairs/seq-01/color/frame-000193.color.png 0.999994 0.00302466 0.0014313 0.00134468 -0.00301156 0.999954 -0.00906352 -0.00037688 -0.00145865 0.00905915 0.999958 0.00828469 0.0 0.0 0.0 1.0
stairs/seq-01/color/frame-000193.color.png stairs/seq-01/color/frame-000196.color.png 0.999206 0.015476 -0.036718 0.0759902 -0.0155364 0.999878 -0.00136072 -0.00780678 0.0366925 0.00193011 0.999325 -0.0176201 0.0 0.0 0.0 1.0
stairs/seq-01/color/frame-000196.color.png stairs/seq-01/color/frame-000199.color.png 0.999867 0.0135963 -0.00901115 0.0235475 -0.0137191 0.999812 -0.0137123 0.0212931 0.00882303 0.0138341 0.999866 0.00533286 0.0 0.0 0.0 1.0
stairs/seq-01/color/frame-000199.color.png stairs/seq-01/color/frame-000202.color.png 0.999504 0.0111812 -0.0294469 0.077673 -0.0110783 0.999932 0.00365557 -0.0159666 0.0294858 -0.00332754 0.99956 -0.00610197 0.0 0.0 0.0 1.0
stairs/seq-01/color/frame-000202.color.png stairs/seq-01/color/frame-000205.color.png 0.999881 0.00999352 -0.0117698 0.0277382 -0.0100673 0.99993 -0.00622787 0.00774544 0.0117067 0.00634563 0.999911 -0.00248611 0.0 0.0 0.0 1.0
stairs/seq-01/color/frame-000205.color.png stairs/seq-01/color/frame-000208.color.png 0.999877 0.0109606 -0.0111868 0.032832 -0.0110843 0.999877 -0.0110594 0.00946885 0.0110642 0.011182 0.999876 0.00115982 0.0 0.0 0.0 1.0
stairs/seq-01/color/frame-000208.color.png stairs/seq-01/color/frame-000211.color.png 0.999839 0.00706466 -0.0164865 0.02825 -0.00726432 0.999901 -0.0120829 0.0111423 0.0163995 0.0122007 0.999791 -0.00030309 0.0 0.0 0.0 1.0
stairs/seq-01/color/frame-000211.color.png stairs/seq-01/color/frame-000214.color.png 0.999844 -0.0027086 -0.0174784 0.0302049 0.00279508 0.999984 0.0049259 -0.0229079 0.0174647 -0.00497398 0.999835 -0.0163723 0.0 0.0 0.0 1.0
stairs/seq-01/color/frame-000214.color.png stairs/seq-01/color/frame-000217.color.png 0.999995 0.00288104 0.00122129 0.00671613 -0.00288166 0.999996 0.000506226 -0.00362086 -0.00121983 -0.000509744 0.999999 0.00513572 0.0 0.0 0.0 1.0
stairs/seq-01/color/frame-000217.color.png stairs/seq-01/color/frame-000220.color.png 0.999994 -0.00219795 -0.00250118 0.00440705 0.00218072 0.999974 -0.0068683 -0.0103347 0.00251624 0.00686282 0.999973 0.00136745 0.0 0.0 0.0 1.0
stairs/seq-01/color/frame-000220.color.png stairs/seq-01/color/frame-000223.color.png 0.999961 0.00846189 -0.00257608 0.00892019 -0.00848271 0.999931 -0.00818516 0.00489616 0.00250662 0.00820668 0.999963 0.00101918 0.0 0.0 0.0 1.0
stairs/seq-01/color/frame-000223.color.png stairs/seq-01/color/frame-000226.color.png 0.999951 0.00170244 -0.00974874 0.00996101 -0.00172122 0.999997 -0.00191869 -0.0102035 0.00974542 0.00193538 0.999951 -0.00530207 0.0 0.0 0.0 1.0
stairs/seq-01/color/frame-000226.color.png stairs/seq-01/color/frame-000229.color.png 0.998899 -0.00447599 -0.0466971 0.104713 0.00372615 0.999863 -0.0161322 0.0146137 0.0467629 0.0159404 0.998779 -0.00981295 0.0 0.0 0.0 1.0
stairs/seq-01/color/frame-000229.color.png stairs/seq-01/color/frame-000232.color.png 0.99999 0.000196713 -0.00441242 0.0109985 -0.000206711 0.999997 -0.00226485 -0.0199393 0.00441197 0.00226575 0.999988 0.00524324 0.0 0.0 0.0 1.0
stairs/seq-01/color/frame-000232.color.png stairs/seq-01/color/frame-000235.color.png 0.999998 -0.00211916 0.000644092 -0.00427818 0.00212722 0.999916 -0.0127678 -0.001661 -0.000616948 0.0127691 0.999918 0.0172682 0.0 0.0 0.0 1.0
stairs/seq-01/color/frame-000235.color.png stairs/seq-01/color/frame-000238.color.png 0.99995 0.00860472 0.00499289 -0.00445473 -0.00854961 0.999903 -0.0109564 0.00436831 -0.00508673 0.0109131 0.999928 0.0223345 0.0 0.0 0.0 1.0
stairs/seq-01/color/frame-000238.color.png stairs/seq-01/color/frame-000241.color.png 0.999978 -0.00656946 -0.00100488 -0.00960779 0.00657031 0.999978 0.000850008 -0.0321254 0.000999312 -0.000856574 0.999999 0.0139349 0.0 0.0 0.0 1.0
stairs/seq-01/color/frame-000241.color.png stairs/seq-01/color/frame-000244.color.png 0.999932 -0.00177239 0.0114955 -0.0114169 0.0018306 0.999986 -0.00505634 -0.0197389 -0.0114864 0.00507705 0.999921 0.0238355 0.0 0.0 0.0 1.0
stairs/seq-01/color/frame-000244.color.png stairs/seq-01/color/frame-000247.color.png 0.999876 -0.00106995 0.0157302 -0.0430645 0.00122327 0.999952 -0.00974019 -0.0143719 -0.015719 0.00975823 0.999829 0.0299418 0.0 0.0 0.0 1.0
stairs/seq-01/color/frame-000247.color.png stairs/seq-01/color/frame-000250.color.png 0.999896 0.0143931 -0.00115822 0.00883472 -0.0143842 0.99987 0.00732946 -0.0078842 0.00126355 -0.00731202 0.999972 0.00774461 0.0 0.0 0.0 1.0
stairs/seq-01/color/frame-000250.color.png stairs/seq-01/color/frame-000253.color.png 0.999651 0.0131513 0.0229189 -0.027927 -0.0130903 0.99991 -0.00281066 -0.00987774 -0.0229538 0.00250967 0.999733 0.0350283 0.0 0.0 0.0 1.0
stairs/seq-01/color/frame-000253.color.png stairs/seq-01/color/frame-000256.color.png 0.999948 0.00574359 0.00841693 -0.00664246 -0.00575953 0.999982 0.00187088 -0.0169368 -0.00840607 -0.00191928 0.999963 0.0241366 0.0 0.0 0.0 1.0
stairs/seq-01/color/frame-000256.color.png stairs/seq-01/color/frame-000259.color.png 0.999997 -0.00206389 0.00102808 -0.014684 0.00206286 0.999997 0.000991216 -0.0220482 -0.00103005 -0.000989088 0.999999 0.0211952 0.0 0.0 0.0 1.0
stairs/seq-01/color/frame-000259.color.png stairs/seq-01/color/frame-000262.color.png 0.999947 0.00360212 0.00964091 -0.0249702 -0.00363222 0.999989 0.00310649 -0.0172104 -0.00962964 -0.00314133 0.999949 0.0201504 0.0 0.0 0.0 1.0
stairs/seq-01/color/frame-000262.color.png stairs/seq-01/color/frame-000265.color.png 0.999969 -0.0069764 0.00376671 -0.0265507 0.00697616 0.999976 7.62286e-05 -0.0181937 -0.00376712 -4.99385e-05 0.999993 0.0302722 0.0 0.0 0.0 1.0
stairs/seq-01/color/frame-000265.color.png stairs/seq-01/color/frame-000268.color.png 0.999975 0.00528489 0.00475529 -0.00979328 -0.00525243 0.999963 -0.00681128 -0.00416297 -0.00479113 0.0067861 0.999966 0.0260546 0.0 0.0 0.0 1.0
stairs/seq-01/color/frame-000268.color.png stairs/seq-01/color/frame-000271.color.png 0.999997 -0.00229501 0.00117351 -0.0114641 0.00230123 0.999983 -0.00532252 -0.0251211 -0.00116126 0.00532521 0.999985 0.0220118 0.0 0.0 0.0 1.0
stairs/seq-01/color/frame-000271.color.png stairs/seq-01/color/frame-000274.color.png 0.999788 -0.00730161 0.0192428 -0.047137 0.00744024 0.999947 -0.0071427 -0.00707507 -0.0191897 0.00728439 0.999789 0.02816 0.0 0.0 0.0 1.0
stairs/seq-01/color/frame-000274.color.png stairs/seq-01/color/frame-000277.color.png 0.999978 -0.00501539 -0.00431984 0.00825 0.00505698 0.999941 0.00966994 -0.0198923 0.00427108 -0.00969163 0.999944 0.00238687 0.0 0.0 0.0 1.0
stairs/seq-01/color/frame-000277.color.png stairs/seq-01/color/frame-000280.color.png 0.999989 -0.00466845 0.000568427 0.00120622 0.00466581 0.999979 0.00456608 -0.0128278 -0.000589751 -0.00456337 0.999989 0.0206938 0.0 0.0 0.0 1.0
stairs/seq-01/color/frame-000280.color.png stairs/seq-01/color/frame-000283.color.png 0.999969 -0.0011894 0.00776414 -0.0153133 0.00114464 0.999983 0.00576634 -0.0293574 -0.00777086 -0.00575727 0.999953 0.0134704 0.0 0.0 0.0 1.0
stairs/seq-01/color/frame-000283.color.png stairs/seq-01/color/frame-000286.color.png 0.999979 -0.000709315 -0.00646844 0.0088284 0.000661273 0.999972 -0.00742644 -0.00857186 0.00647353 0.00742199 0.999952 0.0136674 0.0 0.0 0.0 1.0
stairs/seq-01/color/frame-000286.color.png stairs/seq-01/color/frame-000289.color.png 0.999923 0.012397 -0.000197694 0.0163037 -0.0123976 0.999917 -0.00357218 0.00523579 0.000153383 0.00357438 0.999994 0.0163252 0.0 0.0 0.0 1.0
stairs/seq-01/color/frame-000289.color.png stairs/seq-01/color/frame-000292.color.png 0.999981 0.00381502 -0.00493425 0.0209013 -0.00382846 0.999989 -0.00271636 -0.0128878 0.00492382 0.00273519 0.999984 0.0122408 0.0 0.0 0.0 1.0
stairs/seq-01/color/frame-000292.color.png stairs/seq-01/color/frame-000295.color.png 0.999936 0.0107901 0.00345214 0.00367093 -0.0107543 0.99989 -0.0102053 0.00136411 -0.00356187 0.0101676 0.999942 0.0247788 0.0 0.0 0.0 1.0
stairs/seq-01/color/frame-000295.color.png stairs/seq-01/color/frame-000298.color.png 0.999728 0.0133744 -0.0191111 0.0429116 -0.0134879 0.999892 -0.00582143 0.00617301 0.0190312 0.00607762 0.9998 0.00414771 0.0 0.0 0.0 1.0
stairs/seq-01/color/frame-000298.color.png stairs/seq-01/color/frame-000301.color.png 0.999721 0.0139274 -0.0190965 0.040402 -0.0141276 0.999846 -0.0103924 0.0109767 0.0189488 0.0106593 0.999764 0.00526154 0.0 0.0 0.0 1.0
stairs/seq-01/color/frame-000301.color.png stairs/seq-01/color/frame-000304.color.png 0.999831 0.00534541 -0.0175845 0.0261022 -0.00538747 0.999983 -0.00234532 -0.0127629 0.0175717 0.00243964 0.999843 -0.00655156 0.0 0.0 0.0 1.0
stairs/seq-01/color/frame-000304.color.png stairs/seq-01/color/frame-000307.color.png 0.999912 0.0121003 -0.00539455 0.0107366 -0.0121834 0.999803 -0.0156414 0.0281566 0.00520423 0.0157058 0.999863 0.0245737 0.0 0.0 0.0 1.0
stairs/seq-01/color/frame-000307.color.png stairs/seq-01/color/frame-000310.color.png 0.99995 -0.00124887 -0.00990002 -0.00048852 0.00139631 0.999888 0.014901 -0.0325905 0.00988028 -0.0149141 0.99984 -0.00659835 0.0 0.0 0.0 1.0
stairs/seq-01/color/frame-000310.color.png stairs/seq-01/color/frame-000313.color.png 0.999934 -0.00112185 -0.011431 0.0109716 0.00111439 0.999999 -0.000659168 -0.0173444 0.0114317 0.000646416 0.999934 0.0212286 0.0 0.0 0.0 1.0
stairs/seq-01/color/frame-000313.color.png stairs/seq-01/color/frame-000316.color.png 0.999926 -0.01141 0.00430146 -0.0295213 0.0114382 0.999913 -0.00658756 -0.0160924 -0.00422594 0.0066362 0.999969 0.0327554 0.0 0.0 0.0 1.0
stairs/seq-01/color/frame-000316.color.png stairs/seq-01/color/frame-000319.color.png 0.999787 -0.00657192 0.0195758 -0.0523934 0.00697633 0.999762 -0.0206629 0.00645304 -0.0194353 0.0207951 0.999595 0.0576994 0.0 0.0 0.0 1.0
stairs/seq-01/color/frame-000319.color.png stairs/seq-01/color/frame-000322.color.png 0.999745 -0.0223733 0.00313626 -0.0582368 0.0224084 0.999681 -0.0116602 -0.0108482 -0.0028744 0.0117275 0.999927 0.0395811 0.0 0.0 0.0 1.0
stairs/seq-01/color/frame-000322.color.png stairs/seq-01/color/frame-000325.color.png 0.999882 -0.015374 -0.000447882 -0.0301101 0.0153708 0.999861 -0.00642314 -0.0203431 0.000546577 0.00641551 0.999979 0.0233805 0.0 0.0 0.0 1.0
stairs/seq-01/color/frame-000325.color.png stairs/seq-01/color/frame-000328.color.png 0.99992 -0.00134885 0.0125493 -0.0233864 0.00137382 0.999997 -0.00198151 -0.0061034 -0.0125466 0.00199863 0.999919 0.030629 0.0 0.0 0.0 1.0
stairs/seq-01/color/frame-000328.color.png stairs/seq-01/color/frame-000331.color.png 0.999155 0.000227446 0.0411029 -0.079438 -0.000373722 0.999994 0.00355111 -0.00972617 -0.0411019 -0.00356347 0.999149 0.0442561 0.0 0.0 0.0 1.0
stairs/seq-01/color/frame-000331.color.png stairs/seq-01/color/frame-000334.color.png 0.99997 -0.00743814 0.002273 -0.0268642 0.00743609 0.999972 0.000910034 -0.0221084 -0.00227969 -0.000893122 0.999997 0.0139939 0.0 0.0 0.0 1.0
stairs/seq-01/color/frame-000334.color.png stairs/seq-01/color/frame-000337.color.png 0.999778 0.0168427 -0.0126662 0.0240171 -0.0169149 0.999841 -0.00561479 0.0160084 0.0125696 0.0058278 0.999904 0.0171231 0.0 0.0 0.0 1.0
stairs/seq-01/color/frame-000337.color.png stairs/seq-01/color/frame-000340.color.png 0.999843 0.0121715 -0.0128424 0.026623 -0.0122034 0.999923 -0.00241016 -0.00496793 0.0128121 0.00256649 0.999915 0.0145586 0.0 0.0 0.0 1.0
stairs/seq-01/color/frame-000340.color.png stairs/seq-01/color/frame-000343.color.png 0.999963 0.00729891 -0.00452857 0.0147852 -0.00734146 0.999928 -0.00945175 -0.00350666 0.00445928 0.00948463 0.999945 0.0351765 0.0 0.0 0.0 1.0
stairs/seq-01/color/frame-000343.color.png stairs/seq-01/color/frame-000346.color.png 0.999841 -0.0134413 -0.0117269 0.00349617 0.0134943 0.999899 0.00445172 -0.0327088 0.0116659 -0.00460924 0.999921 0.0045346 0.0 0.0 0.0 1.0
stairs/seq-01/color/frame-000346.color.png stairs/seq-01/color/frame-000349.color.png 0.999855 0.0161303 0.00549694 0.0362682 -0.0161234 0.999869 -0.00130353 -0.0175155 -0.00551725 0.00121472 0.999984 0.0333381 0.0 0.0 0.0 1.0
stairs/seq-01/color/frame-000349.color.png stairs/seq-01/color/frame-000352.color.png 0.99984 0.0110981 0.0140407 0.00361514 -0.0110899 0.999938 -0.00066073 -0.0216615 -0.0140472 0.000504906 0.999901 0.0326508 0.0 0.0 0.0 1.0
stairs/seq-01/color/frame-000352.color.png stairs/seq-01/color/frame-000355.color.png 0.998662 0.049765 -0.014075 0.10375 -0.0499693 0.998645 -0.0145599 0.0787185 0.0133313 0.0152437 0.999795 -0.0258142 0.0 0.0 0.0 1.0
stairs/seq-01/color/frame-000355.color.png stairs/seq-01/color/frame-000358.color.png 0.999096 0.0140527 -0.0401199 0.0898842 -0.013958 0.999899 0.00264113 -0.00640881 0.040153 -0.00207874 0.999191 -0.017738 0.0 0.0 0.0 1.0
stairs/seq-01/color/frame-000358.color.png stairs/seq-01/color/frame-000361.color.png 0.999565 -0.0204449 -0.0212563 0.00183535 0.0206096 0.999759 0.00755897 -0.0499924 0.0210966 -0.00799378 0.999746 -0.0322522 0.0 0.0 0.0 1.0
stairs/seq-01/color/frame-000361.color.png stairs/seq-01/color/frame-000364.color.png 0.999954 -0.00102155 0.00953457 -0.0114375 0.00117019 0.999878 -0.0155973 0.0138259 -0.00951749 0.0156078 0.999833 0.0346012 0.0 0.0 0.0 1.0
stairs/seq-01/color/frame-000364.color.png stairs/seq-01/color/frame-000367.color.png 0.999757 0.000965179 0.0220053 -0.0347615 -0.00118126 0.999951 0.00980814 -0.0320837 -0.0219948 -0.0098317 0.99971 0.00011766 0.0 0.0 0.0 1.0
stairs/seq-01/color/frame-000367.color.png stairs/seq-01/color/frame-000370.color.png 0.999743 0.00281753 -0.0225052 0.080804 -0.00255693 0.999929 0.0116 -0.0551069 0.0225363 -0.0115395 0.999679 0.0038743 0.0 0.0 0.0 1.0
stairs/seq-01/color/frame-000370.color.png stairs/seq-01/color/frame-000373.color.png 0.999835 -0.000307927 0.0181571 -0.0539881 0.000392262 0.999989 -0.00464104 -0.000808477 -0.0181555 0.00464743 0.999824 0.0382506 0.0 0.0 0.0 1.0
stairs/seq-01/color/frame-000373.color.png stairs/seq-01/color/frame-000376.color.png 0.999999 0.000678106 -0.0011205 -0.0106005 -0.000673222 0.99999 0.00436717 -0.0155133 0.00112341 -0.0043664 0.99999 0.0262526 0.0 0.0 0.0 1.0
stairs/seq-01/color/frame-000376.color.png stairs/seq-01/color/frame-000379.color.png 0.999997 0.00237325 0.000143647 -0.0273662 -0.00237376 0.99999 0.00369437 -0.0144043 -0.000134841 -0.00369472 0.999993 0.0136411 0.0 0.0 0.0 1.0
stairs/seq-01/color/frame-000379.color.png stairs/seq-01/color/frame-000382.color.png 0.999855 0.0101042 -0.0137335 -0.00129634 -0.0100563 0.999943 0.00354995 -0.0266392 0.0137685 -0.00341133 0.999899 0.0137918 0.0 0.0 0.0 1.0
stairs/seq-01/color/frame-000382.color.png stairs/seq-01/color/frame-000385.color.png 0.999985 -0.00488537 -0.00251041 -0.0328187 0.00486914 0.999967 -0.00642886 -0.0179132 0.00254169 0.00641653 0.999976 0.0268018 0.0 0.0 0.0 1.0
stairs/seq-01/color/frame-000385.color.png stairs/seq-01/color/frame-000388.color.png 0.99992 -0.0102197 0.00740074 -0.0433183 0.0102009 0.999945 0.00257323 -0.0329067 -0.00742658 -0.00249747 0.999969 0.0311555 0.0 0.0 0.0 1.0
stairs/seq-01/color/frame-000388.color.png stairs/seq-01/color/frame-000391.color.png 0.999942 0.00378295 0.0100348 -0.036607 -0.00390052 0.999924 0.0117247 -0.0338829 -0.00998972 -0.0117632 0.999881 -0.00426149 0.0 0.0 0.0 1.0
stairs/seq-01/color/frame-000391.color.png stairs/seq-01/color/frame-000394.color.png 0.999643 0.0124954 0.0236036 -0.039188 -0.0128334 0.999817 0.0142192 -0.0359915 -0.0234216 -0.014517 0.99962 0.00165629 0.0 0.0 0.0 1.0
stairs/seq-01/color/frame-000394.color.png stairs/seq-01/color/frame-000397.color.png 0.999709 -0.022605 0.00844981 -0.0679368 0.022573 0.999738 0.00385474 -0.0358528 -0.00853471 -0.00366286 0.999957 -0.00352681 0.0 0.0 0.0 1.0
stairs/seq-01/color/frame-000397.color.png stairs/seq-01/color/frame-000400.color.png 0.999469 -0.0177541 0.0273181 -0.0943766 0.0174979 0.999801 0.00958901 -0.0628365 -0.0274829 -0.00910592 0.999581 0.00284111 0.0 0.0 0.0 1.0
stairs/seq-01/color/frame-000400.color.png stairs/seq-01/color/frame-000403.color.png 0.999879 -0.0105066 0.0114914 -0.0564767 0.0103833 0.999888 0.0107388 -0.0458815 -0.0116029 -0.0106182 0.999876 -0.0151306 0.0 0.0 0.0 1.0
stairs/seq-01/color/frame-000403.color.png stairs/seq-01/color/frame-000406.color.png 0.999953 0.00871884 0.00413591 0.00317472 -0.00867352 0.999903 -0.0108537 0.0138892 -0.00423012 0.0108174 0.999932 0.0260513 0.0 0.0 0.0 1.0
stairs/seq-01/color/frame-000406.color.png stairs/seq-01/color/frame-000409.color.png 0.999842 -0.00457823 -0.0171749 0.0377974 0.00436101 0.99991 -0.012663 0.0146893 0.0172313 0.0125861 0.999772 0.0204709 0.0 0.0 0.0 1.0
stairs/seq-01/color/frame-000409.color.png stairs/seq-01/color/frame-000412.color.png 0.999934 -0.00925536 0.00680219 -0.0416011 0.00925439 0.999957 0.000175557 -0.0172825 -0.00680352 -0.00011259 0.999977 0.00414491 0.0 0.0 0.0 1.0
stairs/seq-01/color/frame-000412.color.png stairs/seq-01/color/frame-000415.color.png 0.999987 0.00456676 -0.00211558 0.00854796 -0.00458171 0.999964 -0.00711127 0.00329041 0.00208303 0.00712085 0.999973 0.0185091 0.0 0.0 0.0 1.0
stairs/seq-01/color/frame-000415.color.png stairs/seq-01/color/frame-000418.color.png 0.999938 0.00125373 -0.0110787 0.0171703 -0.00132498 0.999978 -0.00642662 -0.00926971 0.0110703 0.00644085 0.999918 0.0144526 0.0 0.0 0.0 1.0
stairs/seq-01/color/frame-000418.color.png stairs/seq-01/color/frame-000421.color.png 0.999987 0.00490275 -0.00115928 0.0192632 -0.00491055 0.999965 -0.00683155 -0.00815642 0.00112576 0.00683714 0.999976 0.0268782 0.0 0.0 0.0 1.0
stairs/seq-01/color/frame-000421.color.png stairs/seq-01/color/frame-000424.color.png 0.999718 -0.01077 0.0211542 -0.07579 0.010466 0.999841 0.0144307 -0.0588132 -0.0213062 -0.0142052 0.999672 -0.00372851 0.0 0.0 0.0 1.0
stairs/seq-01/color/frame-000424.color.png stairs/seq-01/color/frame-000427.color.png 0.999981 0.00236991 0.00576021 -0.000234008 -0.00242727 0.999947 0.00996859 -0.0453761 -0.00573628 -0.00998236 0.999934 0.00337374 0.0 0.0 0.0 1.0
stairs/seq-01/color/frame-000427.color.png stairs/seq-01/color/frame-000430.color.png 1.0 -0.000769604 -5.84079e-05 -0.00906748 0.000770499 0.999852 0.0171848 -0.0621769 4.51789e-05 -0.0171848 0.999852 -0.0258533 0.0 0.0 0.0 1.0
stairs/seq-01/color/frame-000430.color.png stairs/seq-01/color/frame-000433.color.png 0.999928 -0.0086689 -0.00827322 -0.00150281 0.0087446 0.99992 0.00915952 -0.0541794 0.00819314 -0.00923122 0.999924 -0.016443 0.0 0.0 0.0 1.0
stairs/seq-01/color/frame-000433.color.png stairs/seq-01/color/frame-000436.color.png 0.99997 0.00462115 -0.00619044 0.010978 -0.00455996 0.999941 0.00986164 -0.0496707 0.00623563 -0.0098331 0.999932 -0.0266699 0.0 0.0 0.0 1.0
stairs/seq-01/color/frame-000436.color.png stairs/seq-01/color/frame-000439.color.png 0.999949 -0.00561532 -0.00837095 -0.010948 0.0055961 0.999982 -0.00231894 -0.0239929 0.00838381 0.002272 0.999962 -0.00810301 0.0 0.0 0.0 1.0
stairs/seq-01/color/frame-000439.color.png stairs/seq-01/color/frame-000442.color.png 0.999985 0.00553163 -0.000677153 0.00480002 -0.00553453 0.999975 -0.00434295 -0.0031842 0.000653115 0.00434661 0.99999 0.000311017 0.0 0.0 0.0 1.0
stairs/seq-01/color/frame-000442.color.png stairs/seq-01/color/frame-000445.color.png 0.999978 0.00627021 -0.00219539 0.00656664 -0.00626538 0.999978 0.00219976 -0.013592 0.00220917 -0.00218597 0.999995 0.00176406 0.0 0.0 0.0 1.0
stairs/seq-01/color/frame-000445.color.png stairs/seq-01/color/frame-000448.color.png 0.999925 0.0105178 -0.00627855 0.0199549 -0.0105937 0.99987 -0.0121821 0.0113109 0.00614961 0.0122478 0.999906 0.0282032 0.0 0.0 0.0 1.0
stairs/seq-01/color/frame-000448.color.png stairs/seq-01/color/frame-000451.color.png 0.999996 0.00252291 0.000888976 -0.0263504 -0.00250782 0.999859 -0.0165904 0.00999606 -0.000930724 0.016588 0.999862 0.0345397 0.0 0.0 0.0 1.0
stairs/seq-01/color/frame-000451.color.png stairs/seq-01/color/frame-000454.color.png 0.999976 -0.00388869 -0.00576339 -0.0115232 0.00376265 0.999757 -0.0217193 0.00988293 0.0058465 0.0216971 0.999747 0.0693831 0.0 0.0 0.0 1.0
stairs/seq-01/color/frame-000454.color.png stairs/seq-01/color/frame-000457.color.png 0.999994 0.00209314 -0.00276206 -0.0163432 -0.00207987 0.999986 0.00480051 -0.0260577 0.00277203 -0.00479476 0.999985 0.011112 0.0 0.0 0.0 1.0
stairs/seq-01/color/frame-000457.color.png stairs/seq-01/color/frame-000460.color.png 0.999807 -0.00298496 0.0194273 -0.0818723 0.00309539 0.999979 -0.00565791 -0.0172193 -0.01941 0.00571697 0.999795 0.0442579 0.0 0.0 0.0 1.0
stairs/seq-01/color/frame-000460.color.png stairs/seq-01/color/frame-000463.color.png 0.999935 0.0108278 -0.00346436 0.00805977 -0.01086 0.999897 -0.00941199 0.00117993 0.00336207 0.00944897 0.99995 0.0357554 0.0 0.0 0.0 1.0
stairs/seq-01/color/frame-000463.color.png stairs/seq-01/color/frame-000466.color.png 0.999958 0.00769222 -0.00499105 0.00845337 -0.007662 0.999952 0.0060465 -0.0376735 0.00503732 -0.00600798 0.999969 -0.00729465 0.0 0.0 0.0 1.0
stairs/seq-01/color/frame-000466.color.png stairs/seq-01/color/frame-000469.color.png 0.999956 0.00932064 -0.00141525 0.00556448 -0.00932097 0.999957 -0.00022349 -0.0204613 0.00141313 0.000236668 0.999999 0.00628948 0.0 0.0 0.0 1.0
stairs/seq-01/color/frame-000469.color.png stairs/seq-01/color/frame-000472.color.png 0.999959 0.00894451 0.000928374 0.00809467 -0.00893944 0.999946 -0.00531252 0.000925303 -0.000975875 0.005304 0.999985 0.0177811 0.0 0.0 0.0 1.0
stairs/seq-01/color/frame-000472.color.png stairs/seq-01/color/frame-000475.color.png 0.999962 0.00868647 -0.000514206 0.00897688 -0.0086851 0.999959 0.0025736 -0.0150282 0.000536533 -0.00256903 0.999997 -0.00771093 0.0 0.0 0.0 1.0
stairs/seq-01/color/frame-000475.color.png stairs/seq-01/color/frame-000478.color.png 0.999992 0.00390247 -0.0012745 0.00804475 -0.00391872 0.999908 -0.013003 0.0164268 0.00122363 0.013008 0.999915 0.0212533 0.0 0.0 0.0 1.0
stairs/seq-01/color/frame-000478.color.png stairs/seq-01/color/frame-000481.color.png 0.999988 -0.00413119 -0.00258815 -0.0130866 0.00407557 0.999768 -0.0211395 0.0308213 0.00267488 0.0211286 0.999773 0.0346879 0.0 0.0 0.0 1.0
stairs/seq-01/color/frame-000481.color.png stairs/seq-01/color/frame-000484.color.png 0.999984 0.00435759 -0.00355105 0.0193494 -0.00436696 0.999987 -0.00262907 -0.0040009 0.00353956 0.00264455 0.99999 -0.00103807 0.0 0.0 0.0 1.0
stairs/seq-01/color/frame-000484.color.png stairs/seq-01/color/frame-000487.color.png 0.999954 0.00846908 -0.00453701 0.0385404 -0.00860279 0.999504 -0.0303101 0.0566936 0.00427806 0.0303478 0.99953 0.0636942 0.0 0.0 0.0 1.0
stairs/seq-01/color/frame-000487.color.png stairs/seq-01/color/frame-000490.color.png 0.999874 -0.0149168 -0.00547927 -0.0124451 0.0148286 0.999765 -0.0158014 0.00616431 0.0057137 0.0157182 0.99986 0.02838 0.0 0.0 0.0 1.0
stairs/seq-01/color/frame-000490.color.png stairs/seq-01/color/frame-000493.color.png 0.999992 -0.00131492 0.00384578 -0.0103363 0.00142408 0.999592 -0.0285248 0.0692518 -0.00380671 0.02853 0.999586 0.0536976 0.0 0.0 0.0 1.0
stairs/seq-01/color/frame-000493.color.png stairs/seq-01/color/frame-000496.color.png 0.999984 0.000293496 -0.00569089 0.0257513 -0.000245456 0.999964 0.00844183 -0.0363433 0.00569316 -0.00844031 0.999948 -0.0218704 0.0 0.0 0.0 1.0
stairs/seq-01/color/frame-000496.color.png stairs/seq-01/color/frame-000499.color.png 0.999895 -0.000818767 -0.0144636 0.042097 0.000608938 0.999895 -0.0145064 0.0169365 0.014474 0.014496 0.99979 0.0280498 0.0 0.0 0.0 1.0
