stairs/seq-01/color/frame-000001.color.png stairs/seq-01/color/frame-000003.color.png 0.999996 -0.00275765 0.000931359 0.000406566 0.00275714 0.999996 0.000548585 -0.000721302 -0.000932868 -0.000546015 0.999999 -0.00208783 0.0 0.0 0.0 1.0
stairs/seq-01/color/frame-000003.color.png stairs/seq-01/color/frame-000005.color.png 1.0 -0.000239993 0.000910054 0.00109284 0.000240098 1.0 -0.000115101 0.00198868 -0.000910027 0.000115319 1.0 0.00431375 0.0 0.0 0.0 1.0
stairs/seq-01/color/frame-000005.color.png stairs/seq-01/color/frame-000007.color.png 0.999998 -0.00199424 0.000491613 -0.000557453 0.0019929 0.999994 0.00271373 -0.00226629 -0.000497021 -0.00271275 0.999996 -0.00264079 0.0 0.0 0.0 1.0
stairs/seq-01/color/frame-000007.color.png stairs/seq-01/color/frame-000009.color.png 0.999999 0.000437243 0.0014288 -0.00197095 -0.000434036 0.999997 -0.00224409 0.00357458 -0.00142978 0.00224346 0.999996 -0.000855499 0.0 0.0 0.0 1.0
stairs/seq-01/color/frame-000009.color.png stairs/seq-01/color/frame-000011.color.png 0.999998 -0.00188618 -0.000584757 0.00152188 0.00188766 0.999995 0.00253683 -0.00163193 0.000579969 -0.00253793 0.999997 -2.88592e-05 0.0 0.0 0.0 1.0
stairs/seq-01/color/frame-000011.color.png stairs/seq-01/color/frame-000013.color.png 1.0 0.000387753 0.000491322 0.000715635 -0.000387951 1.0 0.000403931 -0.000926869 -0.000491166 -0.000404122 1.0 0.00234916 0.0 0.0 0.0 1.0
stairs/seq-01/color/frame-000013.color.png stairs/seq-01/color/frame-000015.color.png 0.999996 -0.00128388 0.00255999 -0.00161313 0.00127997 0.999998 0.0015292 0.00142685 -0.00256195 -0.00152592 0.999996 0.000972826 0.0 0.0 0.0 1.0
stairs/seq-01/color/frame-000015.color.png stairs/seq-01/color/frame-000017.color.png 0.999995 -0.000823688 0.0028919 0.00116665 0.000820318 0.999999 0.00116696 0.00104113 -0.00289286 -0.00116458 0.999995 -0.000100008 0.0 0.0 0.0 1.0
stairs/seq-01/color/frame-000017.color.png stairs/seq-01/color/frame-000019.color.png 0.999989 -0.0032295 0.00331917 0.00218926 0.0032233 0.999993 0.00187073 -0.00152877 -0.00332519 -0.00186001 0.999993 0.00161278 0.0 0.0 0.0 1.0
stairs/seq-01/color/frame-000019.color.png stairs/seq-01/color/frame-000021.color.png 0.999962 -0.00347862 0.00794064 -0.0011939 0.00347873 0.999994 -7.20237e-07 0.00179227 -0.00794059 2.83451e-05 0.999969 0.00161182 0.0 0.0 0.0 1.0
stairs/seq-01/color/frame-000021.color.png stairs/seq-01/color/frame-000023.color.png 0.999994 -0.00156418 0.00294733 0.00334306 0.00155412 0.999993 0.00341203 -0.00178778 -0.00295264 -0.00340744 0.99999 0.00377601 0.0 0.0 0.0 1.0
stairs/seq-01/color/frame-000023.color.png stairs/seq-01/color/frame-000025.color.png 0.99991 -0.00408816 0.0128135 -0.0022652 0.00404651 0.999986 0.0032753 -0.0010602 -0.0128267 -0.00322316 0.999913 -0.0019482 0.0 0.0 0.0 1.0
stairs/seq-01/color/frame-000025.color.png stairs/seq-01/color/frame-000027.color.png 0.999896 -0.0085959 0.0115619 0.0050995 0.00861221 0.999962 -0.00136091 -0.000217948 -0.0115498 0.00146034 0.999932 0.00559275 0.0 0.0 0.0 1.0
stairs/seq-01/color/frame-000027.color.png stairs/seq-01/color/frame-000029.color.png 0.99994 -0.00567897 0.00939185 0.00102859 0.00571481 0.999977 -0.0037948 -0.000745952 -0.00937006 0.00384825 0.999949 0.00169412 0.0 0.0 0.0 1.0
stairs/seq-01/color/frame-000029.color.png stairs/seq-01/color/frame-000031.color.png 0.999862 -0.0103879 0.0129988 0.00696846 0.0104344 0.999939 -0.00351294 0.0016184 -0.0129615 0.00364809 0.999909 0.00358413 0.0 0.0 0.0 1.0
stairs/seq-01/color/frame-000031.color.png stairs/seq-01/color/frame-000033.color.png 0.999855 -0.00722907 0.0154145 0.000637906 0.00723877 0.999974 -0.000572238 -0.00141962 -0.01541 0.000683737 0.999881 -0.00208204 0.0 0.0 0.0 1.0
stairs/seq-01/color/frame-000033.color.png stairs/seq-01/color/frame-000035.color.png 0.999626 -0.0182857 0.0203497 0.00695223 0.0183347 0.99983 -0.00222759 -0.0045772 -0.0203055 0.00259987 0.99979 0.00592962 0.0 0.0 0.0 1.0
stairs/seq-01/color/frame-000035.color.png stairs/seq-01/color/frame-000037.color.png 0.99992 -0.00481586 0.0117281 0.00474236 0.00485388 0.999983 -0.00321515 -4.49182e-05 -0.0117124 0.00327182 0.999926 0.000153594 0.0 0.0 0.0 1.0
stairs/seq-01/color/frame-000037.color.png stairs/seq-01/color/frame-000039.color.png 0.999797 -0.0132933 0.0151255 0.0088399 0.0133454 0.999905 -0.00334667 -0.00347998 -0.0150796 0.00354785 0.99988 0.00448089 0.0 0.0 0.0 1.0
stairs/seq-01/color/frame-000039.color.png stairs/seq-01/color/frame-000041.color.png 0.99988 -0.00842769 0.0130083 0.00266661 0.0085492 0.99992 -0.00931276 0.00117036 -0.0129287 0.00942285 0.999872 -6.62673e-05 0.0 0.0 0.0 1.0
stairs/seq-01/color/frame-000041.color.png stairs/seq-01/color/frame-000043.color.png 0.999709 -0.0140845 0.0195694 0.00622801 0.0142923 0.999843 -0.0105196 -0.00333793 -0.0194182 0.0107962 0.999753 0.0003796 0.0 0.0 0.0 1.0
stairs/seq-01/color/frame-000043.color.png stairs/seq-01/color/frame-000045.color.png 0.99976 -0.0101297 0.0193987 0.00847119 0.0101897 0.999944 -0.00299755 -0.00405294 -0.0193672 0.0031945 0.999807 0.00373353 0.0 0.0 0.0 1.0
stairs/seq-01/color/frame-000045.color.png stairs/seq-01/color/frame-000047.color.png 0.999845 -0.00595738 0.0165768 0.000395514 0.00598905 0.99998 -0.00185981 -0.00080934 -0.0165654 0.0019588 0.999861 -0.00486328 0.0 0.0 0.0 1.0
stairs/seq-01/color/frame-000047.color.png stairs/seq-01/color/frame-000049.color.png 0.999746 -0.0144272 0.0173303 0.00954642 0.0145092 0.999884 -0.0046123 -0.000770331 -0.0172617 0.00486257 0.999839 0.00788669 0.0 0.0 0.0 1.0
stairs/seq-01/color/frame-000049.color.png stairs/seq-01/color/frame-000051.color.png 0.999899 -0.0100066 0.0101376 0.00360227 0.0100109 0.99995 -0.000376649 -0.00195362 -0.0101334 0.000478106 0.999949 0.00439905 0.0 0.0 0.0 1.0
stairs/seq-01/color/frame-000051.color.png stairs/seq-01/color/frame-000053.color.png 0.999691 -0.0156622 0.0192763 0.00548849 0.015762 0.999863 -0.00503535 -0.00143301 -0.0191948 0.00533764 0.999801 0.00185306 0.0 0.0 0.0 1.0
stairs/seq-01/color/frame-000053.color.png stairs/seq-01/color/frame-000055.color.png 0.999593 -0.015375 0.0240313 0.00483131 0.0154143 0.99988 -0.00145142 -0.00434215 -0.0240061 0.00182124 0.99971 0.0053485 0.0 0.0 0.0 1.0
stairs/seq-01/color/frame-000055.color.png stairs/seq-01/color/frame-000057.color.png 0.999784 -0.0131765 0.0160996 0.00602102 0.0132324 0.999907 -0.00337274 -0.00137932 -0.0160537 0.00358505 0.999865 0.00484965 0.0 0.0 0.0 1.0
stairs/seq-01/color/frame-000057.color.png stairs/seq-01/color/frame-000059.color.png 0.999584 -0.0154732 0.0243205 0.00429329 0.0155659 0.999872 -0.00362645 -0.00242091 -0.0242612 0.00400352 0.999698 0.00316159 0.0 0.0 0.0 1.0
stairs/seq-01/color/frame-000059.color.png stairs/seq-01/color/frame-000061.color.png 0.999479 -0.0175313 0.02711 0.00711478 0.0174818 0.999845 0.00206655 -0.00230417 -0.0271421 -0.00159157 0.99963 -2.04705e-05 0.0 0.0 0.0 1.0
stairs/seq-01/color/frame-000061.color.png stairs/seq-01/color/frame-000063.color.png 0.99967 -0.0138674 0.0216043 0.00525406 0.0138981 0.999903 -0.00127551 -0.0026628 -0.0215844 0.00157538 0.999766 0.00566681 0.0 0.0 0.0 1.0
stairs/seq-01/color/frame-000063.color.png stairs/seq-01/color/frame-000065.color.png 0.999718 -0.0178539 0.0156565 0.00542708 0.0179561 0.999818 -0.00641441 -0.00165849 -0.0155391 0.00669372 0.999857 0.00548009 0.0 0.0 0.0 1.0
stairs/seq-01/color/frame-000065.color.png stairs/seq-01/color/frame-000067.color.png 0.999846 -0.0114949 0.0132587 0.0111191 0.0115433 0.999927 -0.00357265 -0.00558108 -0.0132167 0.00372514 0.999906 -0.001515 0.0 0.0 0.0 1.0
stairs/seq-01/color/frame-000067.color.png stairs/seq-01/color/frame-000069.color.png 0.999849 -0.0133741 0.0110561 0.0131079 0.0134212 0.999901 -0.00419608 -0.00510404 -0.0109989 0.00434381 0.99993 0.00145576 0.0 0.0 0.0 1.0
stairs/seq-01/color/frame-000069.color.png stairs/seq-01/color/frame-000071.color.png 0.999872 -0.0132036 0.00906517 0.00637996 0.013274 0.999882 -0.00775018 -0.00207427 -0.00896178 0.00786953 0.999929 0.00186253 0.0 0.0 0.0 1.0
stairs/seq-01/color/frame-000071.color.png stairs/seq-01/color/frame-000073.color.png 0.999934 -0.00679276 0.00931178 0.00750464 0.00680492 0.999976 -0.00127308 -0.00619419 -0.00930289 0.00133639 0.999956 0.00567769 0.0 0.0 0.0 1.0
stairs/seq-01/color/frame-000073.color.png stairs/seq-01/color/frame-000075.color.png 0.999972 -0.00673611 0.0033747 0.0164148 0.00672424 0.999971 0.0035181 -0.00855239 -0.00339829 -0.0034953 0.999988 -0.0043761 0.0 0.0 0.0 1.0
stairs/seq-01/color/frame-000075.color.png stairs/seq-01/color/frame-000077.color.png 0.999965 -0.00818518 0.00181577 0.00993195 0.0081898 0.999963 -0.00259741 -0.010065 -0.00179447 0.00261217 0.999995 0.0108178 0.0 0.0 0.0 1.0
stairs/seq-01/color/frame-000077.color.png stairs/seq-01/color/frame-000079.color.png 0.999995 -0.000958471 0.00312047 0.00287114 0.000967392 0.999995 -0.00286422 -0.00182141 -0.00311758 0.00286722 0.999991 -0.00711508 0.0 0.0 0.0 1.0
stairs/seq-01/color/frame-000079.color.png stairs/seq-01/color/frame-000081.color.png 0.999922 0.00440532 0.0117129 0.0116022 -0.00436047 0.999983 -0.00385053 -0.00613353 -0.0117298 0.00379914 0.999924 0.0115098 0.0 0.0 0.0 1.0
stairs/seq-01/color/frame-000081.color.png stairs/seq-01/color/frame-000083.color.png 0.999976 -0.00428067 0.00539182 0.0137852 0.00433566 0.999938 -0.0102266 -0.00498219 -0.00534775 0.0102497 0.999933 0.00512334 0.0 0.0 0.0 1.0
stairs/seq-01/color/frame-000083.color.png stairs/seq-01/color/frame-000085.color.png 0.999921 -0.0107201 0.00651478 0.0198553 0.0108143 0.999835 -0.014599 -0.00262634 -0.00635713 0.0146683 0.999872 -0.00343615 0.0 0.0 0.0 1.0
stairs/seq-01/color/frame-000085.color.png stairs/seq-01/color/frame-000087.color.png 0.999916 -0.0126354 -0.00306457 0.0302245 0.0125838 0.999788 -0.0163003 -0.00323006 0.00326973 0.0162604 0.999862 -0.0141022 0.0 0.0 0.0 1.0
stairs/seq-01/color/frame-000087.color.png stairs/seq-01/color/frame-000089.color.png 0.999926 -0.00159338 0.0120269 0.0109031 0.00168006 0.999973 -0.00719672 -0.000527047 -0.0120151 0.00721639 0.999902 0.00282123 0.0 0.0 0.0 1.0
stairs/seq-01/color/frame-000089.color.png stairs/seq-01/color/frame-000091.color.png 0.999945 -0.0104481 -0.00143104 0.0479631 0.0104424 0.999938 -0.00394372 -0.0113885 0.00147221 0.00392856 0.999991 1.42194e-05 0.0 0.0 0.0 1.0
stairs/seq-01/color/frame-000091.color.png stairs/seq-01/color/frame-000093.color.png 0.999909 -0.0124016 0.00531004 0.0121751 0.0124218 0.999916 -0.00379227 -0.0125097 -0.00526263 0.00385791 0.999979 -0.00273084 0.0 0.0 0.0 1.0
stairs/seq-01/color/frame-000093.color.png stairs/seq-01/color/frame-000095.color.png 0.999947 -0.00259366 0.0100037 0.0133204 0.00268076 0.999959 -0.00870497 -0.00641292 -0.00998065 0.00873134 0.999912 0.000635687 0.0 0.0 0.0 1.0
stairs/seq-01/color/frame-000095.color.png stairs/seq-01/color/frame-000097.color.png 0.99999 -0.00439005 -0.000550496 0.00431064 0.00438767 0.999982 -0.00416736 -0.00397313 0.000568716 0.00416488 0.999991 0.00768239 0.0 0.0 0.0 1.0
stairs/seq-01/color/frame-000097.color.png stairs/seq-01/color/frame-000099.color.png 0.99999 -0.00417528 -0.00142193 0.0213948 0.00417109 0.999987 -0.00297618 0.00077273 0.00143447 0.0029702 0.999995 0.0162199 0.0 0.0 0.0 1.0
stairs/seq-01/color/frame-000099.color.png stairs/seq-01/color/frame-000101.color.png 0.999971 -0.00315648 0.00692704 0.0134086 0.00312236 0.999983 0.00493938 -0.00991987 -0.00694261 -0.00491759 0.999964 0.01068 0.0 0.0 0.0 1.0
stairs/seq-01/color/frame-000101.color.png stairs/seq-01/color/frame-000103.color.png 0.999985 -0.00245948 0.00485444 0.00710577 0.00241275 0.999951 0.00959222 -0.00734895 -0.00487761 -0.00958037 0.999942 0.0168688 0.0 0.0 0.0 1.0
stairs/seq-01/color/frame-000103.color.png stairs/seq-01/color/frame-000105.color.png 0.999976 0.00686175 -0.000930134 0.0259866 -0.0068533 0.999938 0.00878967 -0.0175087 0.000990435 -0.00878308 0.999961 0.0235139 0.0 0.0 0.0 1.0
stairs/seq-01/color/frame-000105.color.png stairs/seq-01/color/frame-000107.color.png 0.999939 -0.00318888 -0.0106168 0.0282288 0.00326446 0.999969 0.00711439 -0.0238523 0.0105936 -0.0071486 0.999918 -0.000711203 0.0 0.0 0.0 1.0
stairs/seq-01/color/frame-000107.color.png stairs/seq-01/color/frame-000109.color.png 0.999958 -0.00589191 -0.00701584 0.0231903 0.00590989 0.999979 0.002537 -0.0214491 0.00700079 -0.00257838 0.999972 0.0199871 0.0 0.0 0.0 1.0
stairs/seq-01/color/frame-000109.color.png stairs/seq-01/color/frame-000111.color.png 0.999897 0.0142123 0.00197583 0.0210395 -0.0142157 0.999898 0.00170438 -0.0162436 -0.00195131 -0.00173233 0.999997 0.0250929 0.0 0.0 0.0 1.0
stairs/seq-01/color/frame-000111.color.png stairs/seq-01/color/frame-000113.color.png 0.999827 0.00633435 -0.0174728 0.0260337 -0.00638852 0.999975 -0.00304832 -0.0157846 0.0174529 0.00315944 0.999843 0.0114476 0.0 0.0 0.0 1.0
stairs/seq-01/color/frame-000113.color.png stairs/seq-01/color/frame-000115.color.png 0.999818 0.00640912 -0.0179602 0.0364913 -0.00635301 0.999975 0.00318144 -0.0220995 0.0179802 -0.00306674 0.999834 0.0078128 0.0 0.0 0.0 1.0
stairs/seq-01/color/frame-000115.color.png stairs/seq-01/color/frame-000117.color.png 0.999091 0.00415484 -0.042423 0.026193 -0.00393385 0.999978 0.00529002 -0.0162063 0.0424439 -0.00511836 0.999086 -0.00403257 0.0 0.0 0.0 1.0
stairs/seq-01/color/frame-000117.color.png stairs/seq-01/color/frame-000119.color.png 0.999813 0.00715415 -0.0179686 0.0199999 -0.00719592 0.999972 -0.00225989 -0.0108758 0.0179519 0.00238877 0.999836 0.00224519 0.0 0.0 0.0 1.0
stairs/seq-01/color/frame-000119.color.png stairs/seq-01/color/frame-000121.color.png 0.999625 0.010962 -0.0251157 0.0152099 -0.0109755 0.99994 -0.000399158 -0.0105133 0.0251099 0.000674655 0.999685 -0.00505693 0.0 0.0 0.0 1.0
stairs/seq-01/color/frame-000121.color.png stairs/seq-01/color/frame-000123.color.png 0.999804 0.00979874 -0.0171869 -0.00838763 -0.0097936 0.999952 0.000383416 -0.00215009 0.0171898 -0.000215006 0.999852 0.00477524 0.0 0.0 0.0 1.0
stairs/seq-01/color/frame-000123.color.png stairs/seq-01/color/frame-000125.color.png 0.999566 0.0211105 -0.0205525 0.0194529 -0.0207154 0.9996 0.0192541 -0.00933009 0.0209507 -0.01882 0.999603 -0.0046919 0.0 0.0 0.0 1.0
stairs/seq-01/color/frame-000125.color.png stairs/seq-01/color/frame-000127.color.png 0.999007 0.0381351 -0.0230445 0.0455931 -0.0380884 0.999271 0.0024633 0.0177527 0.0231217 -0.00158312 0.999731 -0.00263569 0.0 0.0 0.0 1.0
stairs/seq-01/color/frame-000127.color.png stairs/seq-01/color/frame-000129.color.png 0.999065 0.0274742 -0.0333819 0.0330002 -0.0274177 0.999622 0.00214799 0.00702581 0.0334284 -0.00123074 0.99944 -0.0141115 0.0 0.0 0.0 1.0
stairs/seq-01/color/frame-000129.color.png stairs/seq-01/color/frame-000131.color.png 0.99924 0.0268347 -0.0282797 0.0350362 -0.0269467 0.999631 -0.00358509 0.0191229 0.028173 0.00434441 0.999594 -0.00677398 0.0 0.0 0.0 1.0
stairs/seq-01/color/frame-000131.color.png stairs/seq-01/color/frame-000133.color.png 0.999667 0.0140733 -0.0216166 0.0236342 -0.0140873 0.999901 -0.000498269 0.00602484 0.0216075 0.000802629 0.999766 -0.0152484 0.0 0.0 0.0 1.0
stairs/seq-01/color/frame-000133.color.png stairs/seq-01/color/frame-000135.color.png 0.999468 0.013278 -0.0298019 0.031416 -0.0130306 0.999879 0.0084821 -0.00356236 0.0299109 -0.00808926 0.99952 -0.0233552 0.0 0.0 0.0 1.0
stairs/seq-01/color/frame-000135.color.png stairs/seq-01/color/frame-000137.color.png 0.999733 0.0116167 -0.0199626 0.0301132 -0.0114836 0.999911 0.00676703 -0.00752378 0.0200395 -0.00653598 0.999778 -0.0137981 0.0 0.0 0.0 1.0
stairs/seq-01/color/frame-000137.color.png stairs/seq-01/color/frame-000139.color.png 0.999649 0.0192651 -0.0181847 0.00247902 -0.0190417 0.999742 0.0123777 -0.0123605 0.0184185 -0.0120271 0.999758 -0.0324768 0.0 0.0 0.0 1.0
stairs/seq-01/color/frame-000139.color.png stairs/seq-01/color/frame-000141.color.png 0.999684 0.0190637 -0.0163877 0.0218228 -0.0189784 0.999806 0.00534332 0.00155008 0.0164864 -0.00503062 0.999852 -0.0110184 0.0 0.0 0.0 1.0
stairs/seq-01/color/frame-000141.color.png stairs/seq-01/color/frame-000143.color.png 0.999873 0.0136321 -0.00831655 -0.00925308 -0.0135583 0.999869 0.00886703 0.00330892 0.00843633 -0.00875314 0.999926 -0.0145771 0.0 0.0 0.0 1.0
stairs/seq-01/color/frame-000143.color.png stairs/seq-01/color/frame-000145.color.png 0.999704 0.00810102 -0.022919 0.0388346 -0.0079461 0.999945 0.00684231 -0.00768206 0.0229731 -0.00665817 0.999714 -0.015923 0.0 0.0 0.0 1.0
stairs/seq-01/color/frame-000145.color.png stairs/seq-01/color/frame-000147.color.png 0.999906 0.0128374 -0.00480269 -0.00229615 -0.0128486 0.999915 -0.00229239 0.000561267 0.00477287 0.00235389 0.999986 0.00360668 0.0 0.0 0.0 1.0
stairs/seq-01/color/frame-000147.color.png stairs/seq-01/color/frame-000149.color.png 0.999839 0.0135866 -0.0117183 0.0147286 -0.0135521 0.999904 0.00301539 -0.00227857 0.0117581 -0.0028561 0.999927 -0.00187367 0.0 0.0 0.0 1.0
stairs/seq-01/color/frame-000149.color.png stairs/seq-01/color/frame-000151.color.png 0.999884 0.00506791 -0.0143643 0.0119727 -0.00509351 0.999985 -0.00174596 0.00159267 0.0143553 0.00181892 0.999895 -0.00636446 0.0 0.0 0.0 1.0
stairs/seq-01/color/frame-000151.color.png stairs/seq-01/color/frame-000153.color.png 0.999953 0.00570026 -0.00786311 0.0148952 -0.00568598 0.999982 0.00183766 -0.0157437 0.00787344 -0.00179286 0.999967 0.00560886 0.0 0.0 0.0 1.0
stairs/seq-01/color/frame-000153.color.png stairs/seq-01/color/frame-000155.color.png 0.999945 0.00913608 0.00508119 0.00303978 -0.00912369 0.999955 -0.00245832 -0.000421375 -0.00510342 0.00241183 0.999984 0.0154914 0.0 0.0 0.0 1.0
stairs/seq-01/color/frame-000155.color.png stairs/seq-01/color/frame-000157.color.png 0.99955 -0.000493698 -0.0299827 0.0707551 0.000963618 0.999877 0.0156602 -0.0529796 0.0299713 -0.0156821 0.999428 -0.0202623 0.0 0.0 0.0 1.0
stairs/seq-01/color/frame-000157.color.png stairs/seq-01/color/frame-000159.color.png 0.999971 0.00710046 0.00280956 0.000925303 -0.00708471 0.999959 -0.00557533 -0.00411722 -0.00284904 0.00555526 0.99998 0.0128723 0.0 0.0 0.0 1.0
stairs/seq-01/color/frame-000159.color.png stairs/seq-01/color/frame-000161.color.png 0.999966 3.48929e-05 0.00824844 -0.0120331 2.55231e-05 0.999973 -0.00732475 -0.00594729 -0.00824848 0.00732471 0.999939 0.0207843 0.0 0.0 0.0 1.0
stairs/seq-01/color/frame-000161.color.png stairs/seq-01/color/frame-000163.color.png 0.999917 0.0126217 0.00254786 0.00690061 -0.012613 0.999915 -0.00340359 0.00340527 -0.0025906 0.00337118 0.999991 0.0197168 0.0 0.0 0.0 1.0
stairs/seq-01/color/frame-000163.color.png stairs/seq-01/color/frame-000165.color.png 0.999979 0.00542123 0.00361167 -0.00384212 -0.00541998 0.999985 -0.000349882 -0.00992346 -0.00361352 0.0003303 0.999993 0.0174552 0.0 0.0 0.0 1.0
stairs/seq-01/color/frame-000165.color.png stairs/seq-01/color/frame-000167.color.png 0.999853 -0.00998345 -0.0139517 0.0250421 0.0101123 0.999907 0.00919984 -0.0486828 0.0138586 -0.00933957 0.99986 -0.000505894 0.0 0.0 0.0 1.0
stairs/seq-01/color/frame-000167.color.png stairs/seq-01/color/frame-000169.color.png 0.999991 0.00415319 0.00129481 0.00387615 -0.00414703 0.99998 -0.00473748 0.00320691 -0.00131447 0.00473207 0.999988 0.0238704 0.0 0.0 0.0 1.0
stairs/seq-01/color/frame-000169.color.png stairs/seq-01/color/frame-000171.color.png 0.999988 -0.00363316 0.00326685 -0.00590461 0.00361134 0.999971 0.0066676 -0.0279906 -0.00329098 -0.00665572 0.999972 0.00930274 0.0 0.0 0.0 1.0
stairs/seq-01/color/frame-000171.color.png stairs/seq-01/color/frame-000173.color.png 0.999938 0.000151449 0.0111375 -0.0197573 -9.79988e-05 0.999989 -0.00479939 0.00743216 -0.0111381 0.00479801 0.999926 0.0220109 0.0 0.0 0.0 1.0
stairs/seq-01/color/frame-000173.color.png stairs/seq-01/color/frame-000175.color.png 0.999966 -0.00610839 -0.00544804 0.0110911 0.00617173 0.999913 0.0116864 -0.0299321 0.00537619 -0.0117197 0.999917 -0.00156385 0.0 0.0 0.0 1.0
stairs/seq-01/color/frame-000175.color.png stairs/seq-01/color/frame-000177.color.png 0.999905 0.00590408 0.0124486 -0.00517219 -0.00591988 0.999982 0.00123038 -0.00030303 -0.0124411 -0.00130395 0.999922 0.0180213 0.0 0.0 0.0 1.0
stairs/seq-01/color/frame-000177.color.png stairs/seq-01/color/frame-000179.color.png 0.999856 -0.00808788 0.0149386 -0.0256079 0.00811057 0.999966 -0.00145898 -0.0207325 -0.0149263 0.00157992 0.999887 0.0200835 0.0 0.0 0.0 1.0
stairs/seq-01/color/frame-000179.color.png stairs/seq-01/color/frame-000181.color.png 0.999822 -0.0121035 -0.0144811 0.0226889 0.0120716 0.999924 -0.00228921 -0.0169933 0.0145077 0.00211399 0.999893 -0.00917798 0.0 0.0 0.0 1.0
stairs/seq-01/color/frame-000181.color.png stairs/seq-01/color/frame-000183.color.png 0.999984 0.00390215 -0.00413641 0.0059703 -0.00390886 0.999991 -0.00161256 0.00428247 0.00413009 0.0016287 0.99999 0.00509933 0.0 0.0 0.0 1.0
stairs/seq-01/color/frame-000183.color.png stairs/seq-01/color/frame-000185.color.png 0.999997 0.00241015 -5.31323e-05 -0.000390589 -0.00241013 0.999997 0.000663448 -0.00483298 5.47191e-05 -0.000663319 1.0 0.00388762 0.0 0.0 0.0 1.0
stairs/seq-01/color/frame-000185.color.png stairs/seq-01/color/frame-000187.color.png 0.999944 -0.00810326 -0.00686224 0.0099569 0.0080918 0.999966 -0.00170072 -0.014891 0.00687579 0.0016451 0.999975 -0.000402689 0.0 0.0 0.0 1.0
stairs/seq-01/color/frame-000187.color.png stairs/seq-01/color/frame-000189.color.png 0.999997 -0.00165935 -0.00152593 0.00808823 0.00165049 0.999982 -0.00577176 -0.00361413 0.00153548 0.00576923 0.999982 0.0101753 0.0 0.0 0.0 1.0
stairs/seq-01/color/frame-000189.color.png stairs/seq-01/color/frame-000191.color.png 0.999619 -0.000764892 -0.0275991 0.0708407 0.000629349 0.999988 -0.00491959 -0.0108861 0.0276026 0.00490034 0.999607 -0.011356 0.0 0.0 0.0 1.0
stairs/seq-01/color/frame-000191.color.png stairs/seq-01/color/frame-000193.color.png 0.999985 0.0002527 -0.00546181 0.0133663 -0.000294796 0.99997 -0.00770839 0.0048061 0.0054597 0.00770988 0.999955 0.00445795 0.0 0.0 0.0 1.0
stairs/seq-01/color/frame-000193.color.png stairs/seq-01/color/frame-000195.color.png 0.999848 0.00821567 -0.0153861 0.0287565 -0.00828231 0.999956 -0.00427419 0.00225228 0.0153503 0.00440097 0.999873 -0.00539356 0.0 0.0 0.0 1.0
stairs/seq-01/color/frame-000195.color.png stairs/seq-01/color/frame-000197.color.png 0.999811 0.00933444 -0.0170727 0.0348478 -0.00932906 0.999956 0.00039501 -0.00489444 0.0170757 -0.000235662 0.999854 -0.0101591 0.0 0.0 0.0 1.0
stairs/seq-01/color/frame-000197.color.png stairs/seq-01/color/frame-000199.color.png 0.999963 0.00755879 -0.00410885 0.010428 -0.00758492 0.999951 -0.00637656 0.00417918 0.00406044 0.00640749 0.999971 1.0848e-05 0.0 0.0 0.0 1.0
stairs/seq-01/color/frame-000199.color.png stairs/seq-01/color/frame-000201.color.png 0.999922 0.00342565 -0.0119907 0.0297168 -0.00351247 0.999968 -0.00722637 0.00339633 0.0119656 0.00726792 0.999902 -0.000462562 0.0 0.0 0.0 1.0
stairs/seq-01/color/frame-000201.color.png stairs/seq-01/color/frame-000203.color.png 0.999898 0.0118972 -0.00793692 0.0337806 -0.0119066 0.999928 -0.0011399 0.00441587 0.00792278 0.00123428 0.999968 0.0014075 0.0 0.0 0.0 1.0
stairs/seq-01/color/frame-000203.color.png stairs/seq-01/color/frame-000205.color.png 0.999893 0.00781347 -0.0123237 0.0248693 -0.00781113 0.999969 0.000237769 -0.000408232 0.0123252 -0.000141483 0.999924 -0.0085603 0.0 0.0 0.0 1.0
stairs/seq-01/color/frame-000205.color.png stairs/seq-01/color/frame-000207.color.png 0.999831 0.00726638 -0.0168997 0.0424657 -0.00738013 0.99995 -0.00667884 0.000983 0.0168503 0.00680244 0.999835 -0.00521445 0.0 0.0 0.0 1.0
stairs/seq-01/color/frame-000207.color.png stairs/seq-01/color/frame-000209.color.png 0.999952 0.00267052 -0.00945488 0.0154287 -0.0026773 0.999996 -0.000703296 -0.00688785 0.00945298 0.000728584 0.999955 -0.00760788 0.0 0.0 0.0 1.0
stairs/seq-01/color/frame-000209.color.png stairs/seq-01/color/frame-000211.color.png 0.999889 0.00850619 -0.0122016 0.031775 -0.00854858 0.999958 -0.00342515 -0.00228792 0.0121719 0.00352908 0.99992 -0.00566649 0.0 0.0 0.0 1.0
stairs/seq-01/color/frame-000211.color.png stairs/seq-01/color/frame-000213.color.png 0.999989 0.00166409 -0.00439646 0.00156486 -0.00166452 0.999999 -9.60068e-05 0.000556409 0.00439628 0.000103314 0.99999 -0.00897694 0.0 0.0 0.0 1.0
stairs/seq-01/color/frame-000213.color.png stairs/seq-01/color/frame-000215.color.png 0.99999 -0.00445793 -0.000611251 -0.00216234 0.00446056 0.99998 0.00437165 -0.0200542 0.00059179 -0.00437432 0.99999 -0.00681353 0.0 0.0 0.0 1.0
stairs/seq-01/color/frame-000215.color.png stairs/seq-01/color/frame-000217.color.png 0.999978 0.00463735 -0.004781 0.0247251 -0.00464911 0.999986 -0.00244968 0.00249624 0.00476954 0.00247185 0.999986 0.00812268 0.0 0.0 0.0 1.0
stairs/seq-01/color/frame-000217.color.png stairs/seq-01/color/frame-000219.color.png 0.999993 0.000309306 0.00381359 -0.00500393 -0.000304216 0.999999 -0.00133407 -0.0100937 -0.00381398 0.00133289 0.999992 0.00153786 0.0 0.0 0.0 1.0
stairs/seq-01/color/frame-000219.color.png stairs/seq-01/color/frame-000221.color.png 0.999665 0.00605728 -0.0251529 0.0607375 -0.00639503 0.99989 -0.0133696 0.0206937 0.0250692 0.0135259 0.999594 0.00110185 0.0 0.0 0.0 1.0
stairs/seq-01/color/frame-000221.color.png stairs/seq-01/color/frame-000223.color.png 0.999979 0.00549891 0.00345013 -0.00622606 -0.00546608 0.99994 -0.00945259 0.00897855 -0.00350195 0.00943352 0.99995 0.00862932 0.0 0.0 0.0 1.0
stairs/seq-01/color/frame-000223.color.png stairs/seq-01/color/frame-000225.color.png 0.999997 0.00228288 -0.00089718 0.00265586 -0.00228638 0.99999 -0.00392755 -0.00166684 0.000888271 0.00392962 0.999992 -0.000825942 0.0 0.0 0.0 1.0
stairs/seq-01/color/frame-000225.color.png stairs/seq-01/color/frame-000227.color.png 0.999962 0.000382375 -0.00871593 0.00829566 -0.000432164 0.999984 -0.00571094 0.00561196 0.00871355 0.0057145 0.999946 0.00190192 0.0 0.0 0.0 1.0
stairs/seq-01/color/frame-000227.color.png stairs/seq-01/color/frame-000229.color.png 0.999977 -0.00620158 -0.00254323 -0.00425613 0.00621077 0.999974 0.0036183 -0.0258862 0.00252075 -0.00363402 0.99999 -0.00703871 0.0 0.0 0.0 1.0
stairs/seq-01/color/frame-000229.color.png stairs/seq-01/color/frame-000231.color.png 0.999962 4.29538e-05 -0.00876959 0.0212697 -5.40188e-05 0.999999 -0.00126155 -0.015092 0.00876953 0.00126198 0.999961 0.00233155 0.0 0.0 0.0 1.0
stairs/seq-01/color/frame-000231.color.png stairs/seq-01/color/frame-000233.color.png 0.999996 -0.00232971 0.00140705 -0.0055331 0.00233703 0.999984 -0.00522145 -0.00704139 -0.00139485 0.00522471 0.999985 0.0079729 0.0 0.0 0.0 1.0
stairs/seq-01/color/frame-000233.color.png stairs/seq-01/color/frame-000235.color.png 0.999999 0.00161562 2.78279e-05 0.0010469 -0.00161541 0.999977 -0.00654759 -0.00264281 -3.84606e-05 0.00654753 0.999979 0.00952476 0.0 0.0 0.0 1.0
stairs/seq-01/color/frame-000235.color.png stairs/seq-01/color/frame-000237.color.png 0.999972 0.00492962 0.00564303 -0.00518823 -0.00487686 0.999945 -0.00932512 0.00676459 -0.00568867 0.00929734 0.999941 0.0198609 0.0 0.0 0.0 1.0
stairs/seq-01/color/frame-000237.color.png stairs/seq-01/color/frame-000239.color.png 0.999988 0.00438344 -0.00216402 0.00553346 -0.00438993 0.999986 -0.00300059 -0.00709271 0.00215087 0.00301005 0.999993 0.0102159 0.0 0.0 0.0 1.0
stairs/seq-01/color/frame-000239.color.png stairs/seq-01/color/frame-000241.color.png 0.999979 -0.00425126 -0.00486314 0.00129211 0.0042349 0.999985 -0.00336894 -0.0145853 0.00487735 0.00334827 0.999983 0.0169079 0.0 0.0 0.0 1.0
stairs/seq-01/color/frame-000241.color.png stairs/seq-01/color/frame-000243.color.png 0.99995 -0.0002692 0.00996594 -0.0143924 0.000315398 0.999989 -0.00463422 -0.0124803 -0.0099646 0.00463714 0.99994 0.0217605 0.0 0.0 0.0 1.0
stairs/seq-01/color/frame-000243.color.png stairs/seq-01/color/frame-000245.color.png 0.999965 -0.00156344 0.00821531 -0.0174897 0.00158182 0.999996 -0.00223152 -0.0197543 -0.0082118 0.00224443 0.999964 0.0154705 0.0 0.0 0.0 1.0
stairs/seq-01/color/frame-000245.color.png stairs/seq-01/color/frame-000247.color.png 0.999998 -0.00088863 -0.00158897 0.000134706 0.00088389 0.999995 -0.00298239 -0.0133318 0.00159159 0.00298095 0.999994 0.0110794 0.0 0.0 0.0 1.0
stairs/seq-01/color/frame-000247.color.png stairs/seq-01/color/frame-000249.color.png 0.999967 0.00681585 0.00435775 -0.0110451 -0.0068196 0.999976 0.000846671 -0.0002321 -0.00435188 -0.000876349 0.99999 0.0138704 0.0 0.0 0.0 1.0
stairs/seq-01/color/frame-000249.color.png stairs/seq-01/color/frame-000251.color.png 0.999902 0.0119072 0.00736771 0.00227118 -0.0119337 0.999922 0.00356657 -0.00910819 -0.00732465 -0.00365414 0.999966 0.0165585 0.0 0.0 0.0 1.0
stairs/seq-01/color/frame-000251.color.png stairs/seq-01/color/frame-000253.color.png 0.999932 0.00680445 0.00947191 -0.0103163 -0.00678016 0.999974 -0.00259383 -0.0024007 -0.00948929 0.0025294 0.999952 0.0231922 0.0 0.0 0.0 1.0
stairs/seq-01/color/frame-000253.color.png stairs/seq-01/color/frame-000255.color.png 0.99991 0.00273518 0.0131185 -0.0197519 -0.00274048 0.999996 0.000386238 -0.0159125 -0.0131174 -0.00042214 0.999914 0.0218887 0.0 0.0 0.0 1.0
stairs/seq-01/color/frame-000255.color.png stairs/seq-01/color/frame-000257.color.png 0.999994 -0.00268427 0.00207684 -0.00888264 0.00268323 0.999996 0.000500976 -0.0198696 -0.00207815 -0.000495381 0.999998 0.0127429 0.0 0.0 0.0 1.0
stairs/seq-01/color/frame-000257.color.png stairs/seq-01/color/frame-000259.color.png 0.999989 0.0044693 -0.00129742 -0.00264108 -0.00446486 0.999984 0.00340739 -0.00403666 0.00131264 -0.00340157 0.999993 0.0112224 0.0 0.0 0.0 1.0
stairs/seq-01/color/frame-000259.color.png stairs/seq-01/color/frame-000261.color.png 0.999918 0.00193125 0.0126436 -0.0296127 -0.0018503 0.999978 -0.00641092 0.00491148 -0.0126557 0.006387 0.9999 0.0260546 0.0 0.0 0.0 1.0
stairs/seq-01/color/frame-000261.color.png stairs/seq-01/color/frame-000263.color.png 0.999996 -0.0012011 0.00262916 -0.0161205 0.00118377 0.999978 0.00658293 -0.0195934 -0.00263699 -0.00657977 0.999975 0.00984168 0.0 0.0 0.0 1.0
stairs/seq-01/color/frame-000263.color.png stairs/seq-01/color/frame-000265.color.png 0.999987 -0.000600138 -0.00497185 0.00170249 0.000591619 0.999998 -0.0017148 -0.00616914 0.00497288 0.00171183 0.999986 0.0132351 0.0 0.0 0.0 1.0
stairs/seq-01/color/frame-000265.color.png stairs/seq-01/color/frame-000267.color.png 1.0 0.000520698 -1.97382e-06 -0.00371307 -0.000520704 0.999997 -0.00221115 -0.0128052 8.29285e-07 0.00221115 0.999998 0.015389 0.0 0.0 0.0 1.0
stairs/seq-01/color/frame-000267.color.png stairs/seq-01/color/frame-000269.color.png 0.999977 0.00501809 0.0045062 -0.00430775 -0.0049805 0.999953 -0.00831503 0.000122428 -0.00454773 0.00829241 0.999955 0.025522 0.0 0.0 0.0 1.0
stairs/seq-01/color/frame-000269.color.png stairs/seq-01/color/frame-000271.color.png 0.999994 -0.00356951 0.000331908 -0.0123696 0.003571 0.999983 -0.00461112 -0.00931251 -0.000315445 0.00461227 0.999989 0.0111266 0.0 0.0 0.0 1.0
stairs/seq-01/color/frame-000271.color.png stairs/seq-01/color/frame-000273.color.png 0.999922 -0.00557176 0.0111839 -0.0232176 0.00559534 0.999982 -0.00207819 -0.0157737 -0.0111721 0.0021406 0.999935 0.0189399 0.0 0.0 0.0 1.0
stairs/seq-01/color/frame-000273.color.png stairs/seq-01/color/frame-000275.color.png 0.999865 -0.00865834 0.0139555 -0.044683 0.00868517 0.999961 -0.00186374 -0.00786436 -0.0139388 0.0019847 0.999901 0.0217749 0.0 0.0 0.0 1.0
stairs/seq-01/color/frame-000275.color.png stairs/seq-01/color/frame-000277.color.png 0.999988 0.00441427 0.00222962 0.000476539 -0.00442558 0.999977 0.0050947 -0.000885129 -0.0022071 -0.0051045 0.999985 0.00273085 0.0 0.0 0.0 1.0
stairs/seq-01/color/frame-000277.color.png stairs/seq-01/color/frame-000279.color.png 0.999996 -0.00166956 0.00235915 -0.00345421 0.00164874 0.99996 0.00880019 -0.0205669 -0.00237374 -0.00879628 0.999958 0.00760752 0.0 0.0 0.0 1.0
stairs/seq-01/color/frame-000279.color.png stairs/seq-01/color/frame-000281.color.png 0.999988 -0.0033934 0.00343118 -0.00492305 0.00337552 0.999981 0.0052057 -0.0163405 -0.00344878 -0.00519405 0.999981 0.00920075 0.0 0.0 0.0 1.0
stairs/seq-01/color/frame-000281.color.png stairs/seq-01/color/frame-000283.color.png 0.999994 -0.00248266 -0.00230423 0.00568682 0.00248059 0.999997 -0.000902573 -0.0125428 0.00230648 0.000896855 0.999997 0.0105984 0.0 0.0 0.0 1.0
stairs/seq-01/color/frame-000283.color.png stairs/seq-01/color/frame-000285.color.png 0.999996 0.00213754 -0.00157763 0.00506997 -0.00214173 0.999994 -0.00266206 -0.00407422 0.0015719 0.00266542 0.999995 0.0100526 0.0 0.0 0.0 1.0
stairs/seq-01/color/frame-000285.color.png stairs/seq-01/color/frame-000287.color.png 0.999983 0.000437589 -0.00574912 0.0127299 -0.000493369 0.999953 -0.0097046 0.00613928 0.00574461 0.00970729 0.999936 0.0107653 0.0 0.0 0.0 1.0
stairs/seq-01/color/frame-000287.color.png stairs/seq-01/color/frame-000289.color.png 0.999987 0.00518524 0.000269914 0.00548768 -0.00518477 0.999985 -0.00170371 -0.00106692 -0.000278747 0.00170228 0.999999 0.00941586 0.0 0.0 0.0 1.0
stairs/seq-01/color/frame-000289.color.png stairs/seq-01/color/frame-000291.color.png 0.99999 0.00369739 -0.00252656 0.0162644 -0.00370607 0.999987 -0.00343761 -0.010071 0.00251383 0.00344697 0.999991 0.0134145 0.0 0.0 0.0 1.0
stairs/seq-01/color/frame-000291.color.png stairs/seq-01/color/frame-000293.color.png 0.999992 0.00313209 -0.00257552 0.0110534 -0.00313401 0.999995 -0.000736992 -0.0136659 0.00257322 0.000745032 0.999996 0.0101044 0.0 0.0 0.0 1.0
stairs/seq-01/color/frame-000293.color.png stairs/seq-01/color/frame-000295.color.png 0.999948 0.00953336 -0.0037075 0.0156395 -0.00954278 0.999951 -0.00253177 -0.000429034 0.00368318 0.00256704 0.99999 0.00748605 0.0 0.0 0.0 1.0
stairs/seq-01/color/frame-000295.color.png stairs/seq-01/color/frame-000297.color.png 0.999918 0.0060385 -0.0113146 0.0198413 -0.00607838 0.999975 -0.00349388 0.00208068 0.0112932 0.00356238 0.99993 0.00197852 0.0 0.0 0.0 1.0
stairs/seq-01/color/frame-000297.color.png stairs/seq-01/color/frame-000299.color.png 0.99992 0.010792 -0.00653312 0.0193284 -0.0108208 0.999932 -0.00439323 0.00955021 0.00648527 0.00446358 0.999969 0.0032993 0.0 0.0 0.0 1.0
stairs/seq-01/color/frame-000299.color.png stairs/seq-01/color/frame-000301.color.png 0.999866 0.00905474 -0.0136024 0.0265781 -0.00916927 0.999923 -0.00838142 0.00701773 0.0135255 0.008505 0.999872 0.00658834 0.0 0.0 0.0 1.0
stairs/seq-01/color/frame-000301.color.png stairs/seq-01/color/frame-000303.color.png 0.999909 0.00512651 -0.0124716 0.0185719 -0.00517955 0.999978 -0.00422309 -0.00293124 0.0124497 0.00428732 0.999913 -0.00404221 0.0 0.0 0.0 1.0
stairs/seq-01/color/frame-000303.color.png stairs/seq-01/color/frame-000305.color.png 0.999845 -0.000868745 -0.0175851 0.0187519 0.000689349 0.999948 -0.0102045 0.0051682 0.017593 0.0101908 0.999793 0.0041396 0.0 0.0 0.0 1.0
stairs/seq-01/color/frame-000305.color.png stairs/seq-01/color/frame-000307.color.png 0.99996 0.00873992 -0.00186166 0.0166863 -0.0087422 0.999961 -0.00122102 0.00295126 0.00185088 0.00123721 0.999998 0.0156642 0.0 0.0 0.0 1.0
stairs/seq-01/color/frame-000307.color.png stairs/seq-01/color/frame-000309.color.png 0.999991 0.000155268 -0.00422688 -0.00198919 -0.000108104 0.999938 0.0111563 -0.0237635 0.0042284 -0.0111558 0.999929 -0.00948453 0.0 0.0 0.0 1.0
stairs/seq-01/color/frame-000309.color.png stairs/seq-01/color/frame-000311.color.png 0.999992 0.000766284 -0.00387608 -0.00437945 -0.000765553 1.0 0.000190671 -0.000213623 0.00387623 -0.000187687 0.999992 0.0138956 0.0 0.0 0.0 1.0
stairs/seq-01/color/frame-000311.color.png stairs/seq-01/color/frame-000313.color.png 0.999976 0.00682737 0.000975737 -0.00472474 -0.00683 0.999973 0.00273332 -0.0114232 -0.000957091 -0.00273996 0.999996 0.0126283 0.0 0.0 0.0 1.0
stairs/seq-01/color/frame-000313.color.png stairs/seq-01/color/frame-000315.color.png 0.999944 -0.00917898 0.00519868 -0.028876 0.00922916 0.99991 -0.00971077 3.00407e-05 -0.00510909 0.00975819 0.999939 0.0333079 0.0 0.0 0.0 1.0
stairs/seq-01/color/frame-000315.color.png stairs/seq-01/color/frame-000317.color.png 0.999935 -0.00298875 0.0109665 -0.0267473 0.00312244 0.999921 -0.0121944 -4.81606e-05 -0.0109292 0.0122278 0.999865 0.0427628 0.0 0.0 0.0 1.0
stairs/seq-01/color/frame-000317.color.png stairs/seq-01/color/frame-000319.color.png 0.999932 -0.00519044 0.0104683 -0.0367439 0.00524387 0.999973 -0.00507998 -0.0097537 -0.0104417 0.0051345 0.999932 0.0209095 0.0 0.0 0.0 1.0
stairs/seq-01/color/frame-000319.color.png stairs/seq-01/color/frame-000321.color.png 0.999884 -0.0151822 0.00117535 -0.0259942 0.0151817 0.999885 0.000439234 -0.0338039 -0.00118188 -0.00042132 0.999999 0.0169239 0.0 0.0 0.0 1.0
stairs/seq-01/color/frame-000321.color.png stairs/seq-01/color/frame-000323.color.png 0.999965 -0.00833856 0.000663902 -0.0321814 0.00834581 0.999896 -0.0117767 0.017814 -0.000565633 0.0117818 0.99993 0.0258232 0.0 0.0 0.0 1.0
stairs/seq-01/color/frame-000323.color.png stairs/seq-01/color/frame-000325.color.png 0.999917 -0.0115354 0.00564654 -0.0373559 0.0115924 0.999881 -0.0101509 -0.00339949 -0.00552878 0.0102155 0.999933 0.0245476 0.0 0.0 0.0 1.0
stairs/seq-01/color/frame-000325.color.png stairs/seq-01/color/frame-000327.color.png 0.999988 -0.00466806 0.00169533 -0.0116418 0.00466928 0.999989 -0.000720391 -0.00557816 -0.00169193 0.000728301 0.999998 0.0165567 0.0 0.0 0.0 1.0
stairs/seq-01/color/frame-000327.color.png stairs/seq-01/color/frame-000329.color.png 0.999594 0.00430882 0.028151 -0.0403326 -0.00421151 0.999985 -0.00351489 0.00348985 -0.0281657 0.00339488 0.999598 0.0366386 0.0 0.0 0.0 1.0
stairs/seq-01/color/frame-000329.color.png stairs/seq-01/color/frame-000331.color.png 0.999827 -0.00238759 0.0184349 -0.0402945 0.00234867 0.999995 0.00213222 -0.0098052 -0.0184399 -0.00208854 0.999828 0.0287797 0.0 0.0 0.0 1.0
stairs/seq-01/color/frame-000331.color.png stairs/seq-01/color/frame-000333.color.png 0.999993 -0.00270784 0.00252851 -0.0156386 0.0026888 0.999968 0.00750376 -0.0259967 -0.00254876 -0.00749691 0.999969 0.00764012 0.0 0.0 0.0 1.0
stairs/seq-01/color/frame-000333.color.png stairs/seq-01/color/frame-000335.color.png 0.999991 -0.00301466 -0.00288048 -0.011483 0.00298956 0.999958 -0.00867759 0.0110376 0.00290652 0.00866892 0.999958 0.0130901 0.0 0.0 0.0 1.0
stairs/seq-01/color/frame-000335.color.png stairs/seq-01/color/frame-000337.color.png 0.999828 0.0150376 -0.0108241 0.0276208 -0.0150651 0.999883 -0.00246865 0.00611067 0.0107857 0.00263132 0.999938 0.0129042 0.0 0.0 0.0 1.0
stairs/seq-01/color/frame-000337.color.png stairs/seq-01/color/frame-000339.color.png 0.999887 0.0113661 -0.00984319 0.0232739 -0.0113649 0.999935 0.000169332 -0.00276279 0.00984448 -5.7453e-05 0.999952 0.00476074 0.0 0.0 0.0 1.0
stairs/seq-01/color/frame-000339.color.png stairs/seq-01/color/frame-000341.color.png 0.999933 0.00969549 -0.00639403 0.0184076 -0.00974594 0.999921 -0.00790885 0.00730515 0.00631685 0.00797064 0.999948 0.0262675 0.0 0.0 0.0 1.0
stairs/seq-01/color/frame-000341.color.png stairs/seq-01/color/frame-000343.color.png 0.999988 -0.00297342 -0.0039963 0.00494254 0.00295879 0.999989 -0.00366323 -0.0141653 0.00400712 0.00365135 0.999985 0.0176201 0.0 0.0 0.0 1.0
stairs/seq-01/color/frame-000343.color.png stairs/seq-01/color/frame-000345.color.png 0.999818 -0.0160446 -0.0102944 -0.0084101 0.0160323 0.999871 -0.00127889 -0.0261611 0.0103136 0.0011136 0.999946 0.00785327 0.0 0.0 0.0 1.0
stairs/seq-01/color/frame-000345.color.png stairs/seq-01/color/frame-000347.color.png 0.999992 0.00397654 -8.55996e-06 0.0182239 -0.00397598 0.999886 0.0145912 -0.0355976 6.65688e-05 -0.014591 0.999894 0.00109267 0.0 0.0 0.0 1.0
stairs/seq-01/color/frame-000347.color.png stairs/seq-01/color/frame-000349.color.png 0.999794 0.0176752 0.00996964 0.0187576 -0.0175973 0.999814 -0.00784661 0.00747359 -0.0101065 0.00766955 0.999919 0.0384532 0.0 0.0 0.0 1.0
