office/seq-03/color/frame-000000.color.png office/seq-03/color/frame-000002.color.png 0.999973 -0.00190394 -0.0070556 -0.00293686 0.00192208 0.999995 0.00256538 -0.00138229 0.00705068 -0.00257887 0.999972 0.00599293 0.0 0.0 0.0 1.0
office/seq-03/color/frame-000001.color.png office/seq-03/color/frame-000003.color.png 0.999959 0.00366685 -0.00831604 0.000516646 -0.00366519 0.999993 0.000215209 -0.00147402 0.00831677 -0.00018472 0.999965 0.00408674 0.0 0.0 0.0 1.0
office/seq-03/color/frame-000002.color.png office/seq-03/color/frame-000004.color.png 0.999982 0.00238514 -0.00552689 7.65836e-05 -0.00238953 0.999997 -0.000788315 0.000179584 0.00552499 0.000801507 0.999984 0.00184333 0.0 0.0 0.0 1.0
office/seq-03/color/frame-000003.color.png office/seq-03/color/frame-000005.color.png 0.999975 0.00190303 -0.0067981 -0.00189398 -0.00190045 0.999998 0.000385541 -3.52662e-05 0.00679882 -0.000372612 0.999977 0.00534866 0.0 0.0 0.0 1.0
office/seq-03/color/frame-000004.color.png office/seq-03/color/frame-000006.color.png 0.99994 0.00455476 -0.00998463 0.000328196 -0.00451552 0.999982 0.00394869 -0.00237851 0.0100024 -0.00390337 0.999942 0.00394191 0.0 0.0 0.0 1.0
office/seq-03/color/frame-000005.color.png office/seq-03/color/frame-000007.color.png 0.999944 0.00452571 -0.00959668 0.000709743 -0.00444298 0.999953 0.00862514 -0.00136756 0.00963527 -0.00858202 0.999917 0.00384006 0.0 0.0 0.0 1.0
office/seq-03/color/frame-000006.color.png office/seq-03/color/frame-000008.color.png 0.999973 -0.000715208 -0.00733134 -0.00274185 0.000799868 0.999933 0.0115512 0.000295949 0.00732258 -0.0115568 0.999906 0.00932398 0.0 0.0 0.0 1.0
office/seq-03/color/frame-000007.color.png office/seq-03/color/frame-000009.color.png 0.999958 -0.00352857 -0.00848643 -0.00319799 0.00360324 0.999955 0.00879922 -0.000433379 0.00845499 -0.00882943 0.999925 0.0113668 0.0 0.0 0.0 1.0
office/seq-03/color/frame-000008.color.png office/seq-03/color/frame-000010.color.png 0.999931 0.00303176 -0.0113242 -0.000557535 -0.00297623 0.999983 0.0049176 -0.00245355 0.0113389 -0.00488356 0.999924 0.00919828 0.0 0.0 0.0 1.0
office/seq-03/color/frame-000009.color.png office/seq-03/color/frame-000011.color.png 0.999914 0.00870243 -0.00982867 0.000711553 -0.00863707 0.99994 0.00667243 -0.00281831 0.00988617 -0.00658697 0.999929 0.00755272 0.0 0.0 0.0 1.0
office/seq-03/color/frame-000010.color.png office/seq-03/color/frame-000012.color.png 0.999967 0.00608284 -0.00540222 -0.00284599 -0.00603573 0.999944 0.00869542 -0.00374067 0.00545482 -0.00866253 0.999947 0.0112373 0.0 0.0 0.0 1.0
office/seq-03/color/frame-000011.color.png office/seq-03/color/frame-000013.color.png 0.999966 0.00381827 -0.00732763 -0.00168717 -0.00376884 0.99997 0.00674648 -0.00344596 0.00735316 -0.00671862 0.99995 0.0128425 0.0 0.0 0.0 1.0
office/seq-03/color/frame-000012.color.png office/seq-03/color/frame-000014.color.png 0.999953 0.00378796 -0.00888949 0.00172173 -0.00372166 0.999965 0.00746287 -0.00239535 0.00891744 -0.00742944 0.999933 0.0111002 0.0 0.0 0.0 1.0
office/seq-03/color/frame-000013.color.png office/seq-03/color/frame-000015.color.png 0.999985 0.00278812 -0.00469358 -0.00147322 -0.00272737 0.999913 0.0128998 -0.00643404 0.00472914 -0.0128869 0.999906 0.013563 0.0 0.0 0.0 1.0
office/seq-03/color/frame-000014.color.png office/seq-03/color/frame-000016.color.png 0.999985 0.00443275 -0.00317254 -0.00479422 -0.00439091 0.999905 0.0130766 -0.0149483 0.00323021 -0.0130625 0.999909 0.0203123 0.0 0.0 0.0 1.0
office/seq-03/color/frame-000015.color.png office/seq-03/color/frame-000017.color.png 0.999976 0.00552525 -0.00416839 -0.00723739 -0.00552445 0.999985 0.000204325 -0.0138588 0.00416946 -0.00018129 0.999991 0.0227825 0.0 0.0 0.0 1.0
office/seq-03/color/frame-000016.color.png office/seq-03/color/frame-000018.color.png 0.999958 0.00511038 -0.00764202 0.00210455 -0.00516891 0.999957 -0.00765906 -0.00240757 0.00760254 0.00769823 0.999942 0.0125216 0.0 0.0 0.0 1.0
office/seq-03/color/frame-000017.color.png office/seq-03/color/frame-000019.color.png 0.999973 0.00635013 -0.00381053 0.00360501 -0.00633692 0.999974 0.00347058 -0.00341882 0.00383247 -0.00344634 0.999987 0.00910442 0.0 0.0 0.0 1.0
office/seq-03/color/frame-000018.color.png office/seq-03/color/frame-000020.color.png 0.999988 0.00485743 0.00018024 -0.00115877 -0.00485951 0.999887 0.0142509 -0.0119953 -0.000111003 -0.0142516 0.999898 0.0194611 0.0 0.0 0.0 1.0
office/seq-03/color/frame-000019.color.png office/seq-03/color/frame-000021.color.png 0.999994 0.00307384 0.00179022 -0.00574548 -0.00309663 0.999912 0.0128725 -0.014791 -0.0017505 -0.012878 0.999916 0.0240855 0.0 0.0 0.0 1.0
office/seq-03/color/frame-000020.color.png office/seq-03/color/frame-000022.color.png 0.999997 0.00221799 0.00139094 -0.007857 -0.00222459 0.999986 0.00476331 -0.0127278 -0.00138033 -0.0047664 0.999988 0.0242666 0.0 0.0 0.0 1.0
office/seq-03/color/frame-000021.color.png office/seq-03/color/frame-000023.color.png 0.999972 0.00707307 -0.00242415 -0.00293609 -0.00708459 0.999963 -0.00477758 -0.0112501 0.00239028 0.00479461 0.999986 0.0265448 0.0 0.0 0.0 1.0
office/seq-03/color/frame-000022.color.png office/seq-03/color/frame-000024.color.png 0.999958 0.00915871 -3.84567e-05 -0.000232941 -0.00915871 0.99992 -0.0086521 -0.012538 -4.08022e-05 0.00865211 0.999963 0.0193133 0.0 0.0 0.0 1.0
office/seq-03/color/frame-000023.color.png office/seq-03/color/frame-000025.color.png 0.999993 -0.000994371 0.00365823 0.00228483 0.00101227 0.999988 -0.0048938 -0.00690146 -0.00365333 0.00489748 0.999981 0.0123229 0.0 0.0 0.0 1.0
office/seq-03/color/frame-000024.color.png office/seq-03/color/frame-000026.color.png 0.999966 -0.000914145 0.00821505 -0.00183835 0.00082084 0.999935 0.0113543 -0.0134007 -0.00822489 -0.0113472 0.999902 0.013035 0.0 0.0 0.0 1.0
office/seq-03/color/frame-000025.color.png office/seq-03/color/frame-000027.color.png 0.999903 0.00531208 0.0128705 -0.00607054 -0.00554282 0.999823 0.0179595 -0.0183135 -0.0127729 -0.0180291 0.999756 0.0207238 0.0 0.0 0.0 1.0
office/seq-03/color/frame-000026.color.png office/seq-03/color/frame-000028.color.png 0.999884 0.00419406 0.0146461 -0.00886346 -0.00436173 0.999925 0.0114346 -0.023234 -0.0145971 -0.0114972 0.999827 0.0253128 0.0 0.0 0.0 1.0
office/seq-03/color/frame-000027.color.png office/seq-03/color/frame-000029.color.png 0.999957 -0.0018113 0.00910675 -0.00363263 0.00179518 0.999997 0.00177851 -0.0271115 -0.00910994 -0.00176208 0.999957 0.021741 0.0 0.0 0.0 1.0
office/seq-03/color/frame-000028.color.png office/seq-03/color/frame-000030.color.png 0.999942 -0.000534731 0.0108085 -0.00726517 0.000689394 0.999897 -0.0143102 -0.0126253 -0.0107997 0.0143168 0.999839 0.0241267 0.0 0.0 0.0 1.0
office/seq-03/color/frame-000029.color.png office/seq-03/color/frame-000031.color.png 0.999931 -0.00226443 0.0115673 -0.000611203 0.00243157 0.999892 -0.0144562 -0.00766256 -0.0115333 0.0144833 0.999829 0.0123935 0.0 0.0 0.0 1.0
office/seq-03/color/frame-000030.color.png office/seq-03/color/frame-000032.color.png 0.999857 -0.011861 0.0120809 0.00336501 0.0119303 0.999913 -0.00567795 0.0022567 -0.0120125 0.00582128 0.999911 0.00518142 0.0 0.0 0.0 1.0
office/seq-03/color/frame-000031.color.png office/seq-03/color/frame-000033.color.png 0.999716 -0.0155229 0.0180666 -0.00899553 0.0153285 0.999824 0.0108494 -0.000617228 -0.0182318 -0.0105694 0.999778 0.00890815 0.0 0.0 0.0 1.0
office/seq-03/color/frame-000032.color.png office/seq-03/color/frame-000034.color.png 0.99973 -0.0158267 0.0170394 -0.01135 0.0153175 0.999444 0.0296083 -0.023508 -0.0174985 -0.0293393 0.999416 0.0136521 0.0 0.0 0.0 1.0
office/seq-03/color/frame-000033.color.png office/seq-03/color/frame-000035.color.png 0.999777 -0.0159879 0.0138097 -0.00834361 0.0156301 0.999549 0.0256397 -0.0250693 -0.0142134 -0.0254181 0.999576 0.0186314 0.0 0.0 0.0 1.0
office/seq-03/color/frame-000034.color.png office/seq-03/color/frame-000036.color.png 0.999846 -0.0145104 0.00982558 -0.0067377 0.014369 0.999794 0.0143136 -0.0123938 -0.0100313 -0.0141702 0.999849 0.0139456 0.0 0.0 0.0 1.0
office/seq-03/color/frame-000035.color.png office/seq-03/color/frame-000037.color.png 0.999954 -0.00608149 0.00747399 -0.00431418 0.00594518 0.999818 0.0181263 -0.0165818 -0.00758287 -0.018081 0.999808 0.00815463 0.0 0.0 0.0 1.0
office/seq-03/color/frame-000036.color.png office/seq-03/color/frame-000038.color.png 0.999896 0.00551191 0.0133631 -0.0136006 -0.00582957 0.999699 0.0238505 -0.0229968 -0.0132276 -0.0239259 0.999626 0.0173883 0.0 0.0 0.0 1.0
office/seq-03/color/frame-000037.color.png office/seq-03/color/frame-000039.color.png 0.999875 0.0083042 0.0134805 -0.0243227 -0.00849851 0.99986 0.0144212 -0.0213813 -0.0133588 -0.0145339 0.999805 0.0253174 0.0 0.0 0.0 1.0
office/seq-03/color/frame-000038.color.png office/seq-03/color/frame-000040.color.png 0.999999 -0.00154046 -0.00019815 -0.013209 0.00154067 0.999998 0.00109286 -0.0182605 0.000196464 -0.00109315 0.999999 0.021836 0.0 0.0 0.0 1.0
office/seq-03/color/frame-000039.color.png office/seq-03/color/frame-000041.color.png 0.99988 -0.0138118 -0.00709037 0.00302673 0.0138291 0.999901 0.00240296 -0.0205375 0.00705648 -0.00250071 0.999972 0.00713083 0.0 0.0 0.0 1.0
office/seq-03/color/frame-000040.color.png office/seq-03/color/frame-000042.color.png 0.999925 -0.0122001 -0.00126525 0.00426681 0.0122059 0.999915 0.00464107 -0.0072449 0.00120852 -0.00465616 0.999988 -8.51154e-05 0.0 0.0 0.0 1.0
office/seq-03/color/frame-000041.color.png office/seq-03/color/frame-000043.color.png 0.999982 -0.00228776 0.00549011 -0.00217672 0.00219944 0.999869 0.0160382 -0.0123096 -0.00552609 -0.0160259 0.999856 0.00136101 0.0 0.0 0.0 1.0
office/seq-03/color/frame-000042.color.png office/seq-03/color/frame-000044.color.png 0.999928 -0.00614012 0.0103613 -0.0111885 0.00591028 0.999739 0.0220697 -0.0238023 -0.0104941 -0.0220069 0.999703 0.0129391 0.0 0.0 0.0 1.0
office/seq-03/color/frame-000043.color.png office/seq-03/color/frame-000045.color.png 0.999928 -0.0094914 0.00728272 -0.00858981 0.00944132 0.999932 0.00688047 -0.0127344 -0.00734753 -0.00681125 0.99995 0.0125189 0.0 0.0 0.0 1.0
office/seq-03/color/frame-000044.color.png office/seq-03/color/frame-000046.color.png 0.999968 0.000478559 0.00792948 -0.00572729 -0.000527412 0.999981 0.00615997 -0.016096 -0.00792638 -0.00616395 0.99995 0.00316247 0.0 0.0 0.0 1.0
office/seq-03/color/frame-000045.color.png office/seq-03/color/frame-000047.color.png 0.999957 -1.31541e-05 0.0092386 -0.00451104 -4.54267e-05 0.99998 0.0063411 -0.0121225 -0.0092385 -0.00634121 0.999937 0.00564885 0.0 0.0 0.0 1.0
office/seq-03/color/frame-000046.color.png office/seq-03/color/frame-000048.color.png 0.99994 -0.0101016 0.00431218 -0.0074776 0.0100581 0.999899 0.0100101 -0.0211449 -0.00441287 -0.00996617 0.999941 0.00938579 0.0 0.0 0.0 1.0
office/seq-03/color/frame-000047.color.png office/seq-03/color/frame-000049.color.png 0.999971 -0.00147153 -0.00747291 0.0019819 0.00151619 0.999981 0.00597462 -0.0144661 0.00746397 -0.00598582 0.999954 0.00765005 0.0 0.0 0.0 1.0
office/seq-03/color/frame-000048.color.png office/seq-03/color/frame-000050.color.png 0.999887 0.0142596 -0.00481262 0.00429942 -0.0142125 0.999852 0.00969217 -0.0193687 0.00495012 -0.00962266 0.999942 0.0134518 0.0 0.0 0.0 1.0
office/seq-03/color/frame-000049.color.png office/seq-03/color/frame-000051.color.png 0.999806 0.0165159 0.0107031 -0.0123307 -0.0165965 0.999834 0.00748727 -0.0279156 -0.0105776 -0.00766342 0.999915 0.0183193 0.0 0.0 0.0 1.0
office/seq-03/color/frame-000050.color.png office/seq-03/color/frame-000052.color.png 0.999972 0.00608361 0.00438708 0.000862308 -0.00607229 0.999978 -0.0025889 -0.0171259 -0.00440274 0.00256221 0.999987 0.00291523 0.0 0.0 0.0 1.0
office/seq-03/color/frame-000051.color.png office/seq-03/color/frame-000053.color.png 0.99997 0.00665538 0.00396485 0.00356863 -0.00667989 0.999958 0.00620318 -0.0200126 -0.00392341 -0.00622946 0.999973 0.00248355 0.0 0.0 0.0 1.0
office/seq-03/color/frame-000052.color.png office/seq-03/color/frame-000054.color.png 0.999909 0.009006 0.0100301 0.00218103 -0.0091665 0.999829 0.0160727 -0.0279617 -0.00988361 -0.0161631 0.999821 0.000499934 0.0 0.0 0.0 1.0
office/seq-03/color/frame-000053.color.png office/seq-03/color/frame-000055.color.png 0.999917 0.00622595 0.0112478 0.000744216 -0.00641643 0.999835 0.0169788 -0.0254618 -0.0111402 -0.0170495 0.999793 0.00490853 0.0 0.0 0.0 1.0
office/seq-03/color/frame-000054.color.png office/seq-03/color/frame-000056.color.png 0.999833 0.0108156 0.0147643 -0.00892546 -0.0109217 0.999915 0.00712347 -0.0175738 -0.014686 -0.00728351 0.999866 0.0169503 0.0 0.0 0.0 1.0
office/seq-03/color/frame-000055.color.png office/seq-03/color/frame-000057.color.png 0.999756 0.014577 0.0166006 -0.00714304 -0.0144397 0.999861 -0.00835918 -0.0177714 -0.0167201 0.0081174 0.999827 0.0164248 0.0 0.0 0.0 1.0
office/seq-03/color/frame-000056.color.png office/seq-03/color/frame-000058.color.png 0.99961 0.0226983 0.0162829 -0.00587605 -0.0224478 0.999629 -0.0154019 -0.0270848 -0.0166265 0.0150303 0.999749 0.0200779 0.0 0.0 0.0 1.0
office/seq-03/color/frame-000057.color.png office/seq-03/color/frame-000059.color.png 0.999854 0.0153766 0.00740791 0.00809635 -0.0152511 0.999744 -0.0167094 -0.021945 -0.00766295 0.016594 0.999833 0.00930396 0.0 0.0 0.0 1.0
office/seq-03/color/frame-000058.color.png office/seq-03/color/frame-000060.color.png 0.999935 0.00454397 0.0104345 0.00307488 -0.00437773 0.999864 -0.0158992 -0.0110483 -0.0105053 0.0158526 0.999819 0.00665218 0.0 0.0 0.0 1.0
office/seq-03/color/frame-000059.color.png office/seq-03/color/frame-000061.color.png 0.999952 -0.001052 0.00976595 0.000397377 0.00108014 0.999995 -0.00287719 -0.0249198 -0.00976289 0.00288759 0.999948 0.00998673 0.0 0.0 0.0 1.0
office/seq-03/color/frame-000060.color.png office/seq-03/color/frame-000062.color.png 0.999957 4.11533e-05 0.00925122 -0.00516196 2.2583e-05 0.999976 -0.00688971 -0.017153 -0.00925131 0.00688958 0.999933 0.0160078 0.0 0.0 0.0 1.0
office/seq-03/color/frame-000061.color.png office/seq-03/color/frame-000063.color.png 0.999944 0.00780143 0.00714363 0.00148762 -0.00777542 0.999963 -0.00366247 -0.0273082 -0.00717194 0.00360672 0.999968 0.012678 0.0 0.0 0.0 1.0
office/seq-03/color/frame-000062.color.png office/seq-03/color/frame-000064.color.png 0.999931 0.00184662 0.0116402 -0.000170097 -0.00180776 0.999993 -0.00334856 -0.0251929 -0.0116463 0.00332732 0.999927 0.00460055 0.0 0.0 0.0 1.0
office/seq-03/color/frame-000063.color.png office/seq-03/color/frame-000065.color.png 0.999746 -0.0151554 0.0166848 -0.00726198 0.0152253 0.999876 -0.00407334 -0.0216881 -0.016621 0.00432635 0.999853 0.00609678 0.0 0.0 0.0 1.0
office/seq-03/color/frame-000064.color.png office/seq-03/color/frame-000066.color.png 0.999814 -0.00993419 0.0165373 -0.0117742 0.0100821 0.99991 -0.0088853 -0.0140274 -0.0164475 0.00905035 0.999824 0.0186687 0.0 0.0 0.0 1.0
office/seq-03/color/frame-000065.color.png office/seq-03/color/frame-000067.color.png 0.999912 0.00812596 0.0104567 -0.00532135 -0.00799147 0.999886 -0.01284 -0.012785 -0.0105599 0.0127553 0.999863 0.0132715 0.0 0.0 0.0 1.0
office/seq-03/color/frame-000066.color.png office/seq-03/color/frame-000068.color.png 0.999923 0.0123027 0.00164675 0.00877276 -0.0122991 0.999922 -0.0021645 -0.0288043 -0.00167327 0.00214407 0.999996 0.00117862 0.0 0.0 0.0 1.0
office/seq-03/color/frame-000067.color.png office/seq-03/color/frame-000069.color.png 0.999971 0.00464097 0.00597271 0.00148119 -0.00464009 0.999989 -0.000161585 -0.0125592 -0.00597344 0.000133841 0.999982 0.00220558 0.0 0.0 0.0 1.0
office/seq-03/color/frame-000068.color.png office/seq-03/color/frame-000070.color.png 0.99996 0.00395713 0.00797692 -0.00490132 -0.00398193 0.999987 0.00309654 -0.0161814 -0.00796454 -0.00312818 0.999963 0.00833207 0.0 0.0 0.0 1.0
office/seq-03/color/frame-000069.color.png office/seq-03/color/frame-000071.color.png 0.999981 0.00385776 0.00475946 -0.00231207 -0.00386431 0.999992 0.00136539 -0.0203488 -0.00475413 -0.00138373 0.999988 0.00755823 0.0 0.0 0.0 1.0
office/seq-03/color/frame-000070.color.png office/seq-03/color/frame-000072.color.png 0.999984 -0.000277829 0.00570488 -0.00438768 0.000291035 0.999997 -0.00231781 -0.0100025 -0.0057042 0.00231944 0.999981 0.00662953 0.0 0.0 0.0 1.0
office/seq-03/color/frame-000071.color.png office/seq-03/color/frame-000073.color.png 0.99998 -0.00531802 0.00354159 -0.00529325 0.00531562 0.999986 0.000689485 -0.0071274 -0.00354518 -0.000670626 0.999994 0.000825882 0.0 0.0 0.0 1.0
office/seq-03/color/frame-000072.color.png office/seq-03/color/frame-000074.color.png 0.999996 -0.000374327 0.00281453 -0.00486645 0.000337916 0.999916 0.0129294 -0.0257359 -0.00281911 -0.0129284 0.999912 0.00068298 0.0 0.0 0.0 1.0
office/seq-03/color/frame-000073.color.png office/seq-03/color/frame-000075.color.png 0.999997 0.000708439 0.00249336 -0.00408675 -0.000726836 0.999972 0.00738268 -0.0191977 -0.00248808 -0.00738447 0.99997 0.00592059 0.0 0.0 0.0 1.0
office/seq-03/color/frame-000074.color.png office/seq-03/color/frame-000076.color.png 0.999982 0.00552259 -0.00228874 0.00333785 -0.0055125 0.999975 0.00438779 -0.016147 0.00231292 -0.00437508 0.999988 0.00329426 0.0 0.0 0.0 1.0
office/seq-03/color/frame-000075.color.png office/seq-03/color/frame-000077.color.png 0.999951 0.00988657 0.000238955 0.00169537 -0.00988813 0.999921 0.007782 -0.0177215 -0.000162022 -0.00778398 0.99997 0.00257936 0.0 0.0 0.0 1.0
office/seq-03/color/frame-000076.color.png office/seq-03/color/frame-000078.color.png 0.999982 0.00564871 0.00173146 -0.000844091 -0.00566662 0.999929 0.0105247 -0.0204618 -0.0016719 -0.0105343 0.999943 0.00251645 0.0 0.0 0.0 1.0
office/seq-03/color/frame-000077.color.png office/seq-03/color/frame-000079.color.png 0.999983 0.00497067 0.0029974 -0.00428207 -0.00500293 0.999929 0.0108494 -0.0300583 -0.0029433 -0.0108642 0.999937 0.00479648 0.0 0.0 0.0 1.0
office/seq-03/color/frame-000078.color.png office/seq-03/color/frame-000080.color.png 0.99997 0.00532705 0.00563697 -0.00578641 -0.0053428 0.999982 0.00277846 -0.0215692 -0.00562206 -0.00280846 0.99998 0.00752205 0.0 0.0 0.0 1.0
office/seq-03/color/frame-000079.color.png office/seq-03/color/frame-000081.color.png 0.999979 0.00175451 0.00630812 -0.00627678 -0.00174901 0.999998 -0.000878397 -0.013913 -0.00630961 0.00086736 0.99998 0.00584215 0.0 0.0 0.0 1.0
office/seq-03/color/frame-000080.color.png office/seq-03/color/frame-000082.color.png 0.999978 -0.00411982 0.00517772 -0.00693654 0.00413616 0.999987 -0.00314676 -0.0087145 -0.00516472 0.0031681 0.999982 0.00408518 0.0 0.0 0.0 1.0
office/seq-03/color/frame-000081.color.png office/seq-03/color/frame-000083.color.png 0.999996 -9.36246e-05 0.00278625 -0.00492899 9.86256e-05 0.999998 -0.00179586 -0.0114911 -0.00278608 0.00179612 0.999994 0.00376499 0.0 0.0 0.0 1.0
office/seq-03/color/frame-000082.color.png office/seq-03/color/frame-000084.color.png 0.999989 0.00443636 0.00141403 -0.00203297 -0.00443881 0.999989 0.00173876 -0.0145213 -0.00140627 -0.00174504 0.999997 0.00362492 0.0 0.0 0.0 1.0
office/seq-03/color/frame-000083.color.png office/seq-03/color/frame-000085.color.png 0.999945 0.00631983 0.00839218 -0.00853387 -0.00636029 0.999968 0.00480445 -0.0199218 -0.00836154 -0.00485756 0.999953 0.00576693 0.0 0.0 0.0 1.0
office/seq-03/color/frame-000084.color.png office/seq-03/color/frame-000086.color.png 0.999942 0.00277627 0.0103997 -0.0165227 -0.00280208 0.999993 0.00246842 -0.0196459 -0.0103928 -0.00249739 0.999943 0.0103802 0.0 0.0 0.0 1.0
office/seq-03/color/frame-000085.color.png office/seq-03/color/frame-000087.color.png 0.999997 -0.00224258 0.000863562 -0.0126282 0.00224723 0.999983 -0.00541718 -0.00788176 -0.000851339 0.00541913 0.999985 0.00719005 0.0 0.0 0.0 1.0
office/seq-03/color/frame-000086.color.png office/seq-03/color/frame-000088.color.png 0.999982 -0.00158705 -0.00581911 -0.00380705 0.0015752 0.999997 -0.00203946 -0.0105556 0.00582233 0.00203027 0.999981 0.00401467 0.0 0.0 0.0 1.0
office/seq-03/color/frame-000087.color.png office/seq-03/color/frame-000089.color.png 0.999988 -0.0038676 -0.00310398 -0.00751016 0.00387147 0.999992 0.00123942 -0.0143248 0.00309913 -0.00125143 0.999994 0.00771147 0.0 0.0 0.0 1.0
office/seq-03/color/frame-000088.color.png office/seq-03/color/frame-000090.color.png 0.999986 -0.00378603 -0.00358228 -0.00440654 0.00377386 0.999987 -0.00339896 -0.0103685 0.0035951 0.00338537 0.999988 0.00536737 0.0 0.0 0.0 1.0
office/seq-03/color/frame-000089.color.png office/seq-03/color/frame-000091.color.png 0.999991 0.00211442 -0.00358979 0.00174309 -0.00211997 0.999997 -0.00154338 -0.0109439 0.00358653 0.00155102 0.999992 -0.00015825 0.0 0.0 0.0 1.0
office/seq-03/color/frame-000090.color.png office/seq-03/color/frame-000092.color.png 0.999997 -0.00246517 0.000511453 -0.0053556 0.00246507 0.999997 0.000172972 -0.00729531 -0.000511863 -0.000171703 1.0 0.00112268 0.0 0.0 0.0 1.0
office/seq-03/color/frame-000091.color.png office/seq-03/color/frame-000093.color.png 0.999964 -0.00767134 0.00374766 -0.0135814 0.00764934 0.999954 0.00584693 -0.0161781 -0.00379235 -0.00581809 0.999976 -0.00151971 0.0 0.0 0.0 1.0
office/seq-03/color/frame-000092.color.png office/seq-03/color/frame-000094.color.png 0.999936 -0.0102571 0.00470625 -0.020133 0.0102217 0.99992 0.00749014 -0.0204519 -0.00478269 -0.00744156 0.999961 -0.000199795 0.0 0.0 0.0 1.0
office/seq-03/color/frame-000093.color.png office/seq-03/color/frame-000095.color.png 0.999966 -0.00814325 -0.00118355 -0.0129927 0.00814477 0.999966 0.00127103 -0.00715137 0.00117314 -0.00128063 0.999998 0.00280997 0.0 0.0 0.0 1.0
office/seq-03/color/frame-000094.color.png office/seq-03/color/frame-000096.color.png 0.999962 -0.0077418 -0.00393742 -0.00819138 0.00776501 0.999952 0.00591425 -0.0140696 0.00389149 -0.00594458 0.999975 0.00129229 0.0 0.0 0.0 1.0
office/seq-03/color/frame-000095.color.png office/seq-03/color/frame-000097.color.png 0.999958 -0.00902321 -0.00170986 -0.00714865 0.00903734 0.999923 0.00844775 -0.0154799 0.00163351 -0.00846281 0.999963 -0.00362039 0.0 0.0 0.0 1.0
office/seq-03/color/frame-000096.color.png office/seq-03/color/frame-000098.color.png 0.999986 -0.00538461 -0.000291781 -0.00596908 0.00538607 0.999971 0.00530883 -0.0118783 0.000263167 -0.00531034 0.999986 -0.003411 0.0 0.0 0.0 1.0
office/seq-03/color/frame-000097.color.png office/seq-03/color/frame-000099.color.png 0.999991 -0.00433401 0.000470261 -0.00592893 0.00433125 0.999974 0.00572004 -0.00999475 -0.000495027 -0.00571797 0.999984 -0.00495291 0.0 0.0 0.0 1.0
office/seq-03/color/frame-000098.color.png office/seq-03/color/frame-000100.color.png 0.999949 -0.00167392 0.009987 -0.00872968 0.00148916 0.999828 0.0184793 -0.0322131 -0.0100162 -0.0184634 0.999779 -0.00936788 0.0 0.0 0.0 1.0
office/seq-03/color/frame-000099.color.png office/seq-03/color/frame-000101.color.png 0.999817 -0.00150259 0.0190578 -0.0132079 0.00122864 0.999896 0.0143784 -0.0281603 -0.0190775 -0.0143524 0.999715 -0.0149363 0.0 0.0 0.0 1.0
office/seq-03/color/frame-000100.color.png office/seq-03/color/frame-000102.color.png 0.999876 -0.00082588 0.0157234 -0.0132892 0.000798235 0.999998 0.00176469 -0.00205737 -0.0157249 -0.00175192 0.999875 -0.015713 0.0 0.0 0.0 1.0
office/seq-03/color/frame-000101.color.png office/seq-03/color/frame-000103.color.png 0.999885 0.000796038 0.0151698 -0.0179445 -0.000899923 0.999976 0.00684278 -0.00710899 -0.015164 -0.00685562 0.999862 -0.00633931 0.0 0.0 0.0 1.0
office/seq-03/color/frame-000102.color.png office/seq-03/color/frame-000104.color.png 0.999886 -0.00202567 0.0149631 -0.0179152 0.0017665 0.999848 0.0173137 -0.0226986 -0.0149959 -0.0172853 0.999738 -0.0194815 0.0 0.0 0.0 1.0
office/seq-03/color/frame-000103.color.png office/seq-03/color/frame-000105.color.png 0.999911 -0.00300323 0.0130136 -0.0166415 0.00279313 0.999866 0.016133 -0.0181874 -0.0130603 -0.0160953 0.999785 -0.019296 0.0 0.0 0.0 1.0
office/seq-03/color/frame-000104.color.png office/seq-03/color/frame-000106.color.png 0.999932 -0.00388089 0.0109938 -0.0148996 0.00376223 0.999935 0.0107926 -0.0072161 -0.011035 -0.0107505 0.999881 -0.0127894 0.0 0.0 0.0 1.0
office/seq-03/color/frame-000105.color.png office/seq-03/color/frame-000107.color.png 0.99988 -0.0120654 0.00973121 -0.0197904 0.0119578 0.999868 0.0110337 -0.007465 -0.009863 -0.0109159 0.999892 -0.0163266 0.0 0.0 0.0 1.0
office/seq-03/color/frame-000106.color.png office/seq-03/color/frame-000108.color.png 0.999889 -0.0138167 0.00556676 -0.0157964 0.0137297 0.999787 0.0153867 -0.0164222 -0.00577814 -0.0153085 0.999866 -0.0178384 0.0 0.0 0.0 1.0
office/seq-03/color/frame-000107.color.png office/seq-03/color/frame-000109.color.png 0.999907 -0.0128562 0.00460253 -0.0129938 0.0127885 0.999814 0.0144438 -0.0180473 -0.00478739 -0.0143836 0.999885 -0.0231811 0.0 0.0 0.0 1.0
office/seq-03/color/frame-000108.color.png office/seq-03/color/frame-000110.color.png 0.999798 -0.0194651 0.00492345 -0.0219485 0.0194233 0.999776 0.00839834 -0.00485682 -0.00508582 -0.00830101 0.999953 -0.0138257 0.0 0.0 0.0 1.0
office/seq-03/color/frame-000109.color.png office/seq-03/color/frame-000111.color.png 0.999883 -0.0152777 -0.000371278 -0.0147996 0.0152813 0.999796 0.013248 -0.0138005 0.000168775 -0.0132521 0.999912 -0.0148083 0.0 0.0 0.0 1.0
office/seq-03/color/frame-000110.color.png office/seq-03/color/frame-000112.color.png 0.999971 -0.00760752 0.000565571 -0.00241278 0.00759938 0.999883 0.0132419 -0.0188303 -0.000666246 -0.0132372 0.999912 -0.0181712 0.0 0.0 0.0 1.0
office/seq-03/color/frame-000111.color.png office/seq-03/color/frame-000113.color.png 0.999952 1.18344e-05 0.00980257 0.00030978 -0.000130102 0.999927 0.0120625 -0.020132 -0.00980174 -0.0120632 0.999879 -0.0182095 0.0 0.0 0.0 1.0
office/seq-03/color/frame-000112.color.png office/seq-03/color/frame-000114.color.png 0.999801 0.00680422 0.0187651 -0.00672585 -0.00701133 0.999915 0.0109927 -0.0253444 -0.0186887 -0.0111222 0.999763 -0.0217267 0.0 0.0 0.0 1.0
office/seq-03/color/frame-000113.color.png office/seq-03/color/frame-000115.color.png 0.999828 0.00304524 0.0182827 -0.00869492 -0.00303277 0.999995 -0.00070848 -0.00597209 -0.0182847 0.000652974 0.999833 -0.015983 0.0 0.0 0.0 1.0
office/seq-03/color/frame-000114.color.png office/seq-03/color/frame-000116.color.png 0.999886 0.000214911 0.0151026 -0.00676331 -0.000188337 0.999998 -0.00175988 -0.00148493 -0.015103 0.00175686 0.999884 -0.0167019 0.0 0.0 0.0 1.0
office/seq-03/color/frame-000115.color.png office/seq-03/color/frame-000117.color.png 0.999858 0.0039201 0.0164123 -0.00366087 -0.00401267 0.999976 0.00561046 -0.0153414 -0.01639 -0.00567558 0.999849 -0.0200063 0.0 0.0 0.0 1.0
office/seq-03/color/frame-000116.color.png office/seq-03/color/frame-000118.color.png 0.999724 0.0118758 0.0202914 -0.00511566 -0.0121396 0.999843 0.0129293 -0.0352122 -0.0201346 -0.0131721 0.99971 -0.0255422 0.0 0.0 0.0 1.0
office/seq-03/color/frame-000117.color.png office/seq-03/color/frame-000119.color.png 0.999865 0.00601967 0.0152954 -0.00225049 -0.00599071 0.99998 -0.00193807 -0.00450402 -0.0153067 0.00184615 0.999881 -0.0185892 0.0 0.0 0.0 1.0
office/seq-03/color/frame-000118.color.png office/seq-03/color/frame-000120.color.png 0.999922 0.00701902 0.0103695 0.00196607 -0.00705932 0.999968 0.00385699 -0.00988489 -0.010342 -0.00392979 0.999939 -0.0220393 0.0 0.0 0.0 1.0
office/seq-03/color/frame-000119.color.png office/seq-03/color/frame-000121.color.png 0.999906 0.00871855 0.0105782 0.00705056 -0.00882157 0.999914 0.00972964 -0.0168034 -0.0104925 -0.00982199 0.999897 -0.0202652 0.0 0.0 0.0 1.0
office/seq-03/color/frame-000120.color.png office/seq-03/color/frame-000122.color.png 0.999889 0.00973483 0.011278 0.00664854 -0.00974402 0.999952 0.00075993 -0.00725538 -0.0112701 -0.000869829 0.999936 -0.0138579 0.0 0.0 0.0 1.0
office/seq-03/color/frame-000121.color.png office/seq-03/color/frame-000123.color.png 0.999936 0.00790404 0.00805236 0.00424837 -0.0078599 0.999954 -0.00549975 -0.000408053 -0.0080955 0.00543606 0.999952 -0.0130405 0.0 0.0 0.0 1.0
office/seq-03/color/frame-000122.color.png office/seq-03/color/frame-000124.color.png 0.999981 0.00606849 0.00061917 0.0150709 -0.00606816 0.999981 -0.000557865 -0.0100675 -0.000622482 0.000554118 1.0 -0.0165822 0.0 0.0 0.0 1.0
office/seq-03/color/frame-000123.color.png office/seq-03/color/frame-000125.color.png 0.999952 0.00850396 0.00480719 0.0155592 -0.00853726 0.999939 0.00695432 -0.0282323 -0.00474777 -0.00699501 0.999964 -0.0204057 0.0 0.0 0.0 1.0
office/seq-03/color/frame-000124.color.png office/seq-03/color/frame-000126.color.png 0.999919 0.00357895 0.0121978 0.00618175 -0.00351329 0.999979 -0.00540173 -0.00376874 -0.0122169 0.00535846 0.999911 -0.0153373 0.0 0.0 0.0 1.0
office/seq-03/color/frame-000125.color.png office/seq-03/color/frame-000127.color.png 0.999957 0.0011138 0.0092027 0.00730132 -0.00105461 0.999979 -0.00643267 0.00270885 -0.00920962 0.00642271 0.999937 -0.0106802 0.0 0.0 0.0 1.0
office/seq-03/color/frame-000126.color.png office/seq-03/color/frame-000128.color.png 0.999929 0.00960461 0.00699994 0.0109092 -0.0095841 0.99995 -0.00295556 -0.00730586 -0.00702792 0.00288828 0.999971 -0.00538123 0.0 0.0 0.0 1.0
office/seq-03/color/frame-000127.color.png office/seq-03/color/frame-000129.color.png 0.99995 0.00831391 0.00559537 0.0166225 -0.00827337 0.99994 -0.00723118 -0.00362831 -0.0056552 0.00718453 0.999958 -0.0115616 0.0 0.0 0.0 1.0
office/seq-03/color/frame-000128.color.png office/seq-03/color/frame-000130.color.png 0.999997 0.00160965 0.00188763 0.0172805 -0.00159511 0.999969 -0.0076776 -0.00198209 -0.00189988 0.00767452 0.999969 -0.0165186 0.0 0.0 0.0 1.0
office/seq-03/color/frame-000129.color.png office/seq-03/color/frame-000131.color.png 0.999965 0.00822371 -0.00137615 0.0189362 -0.00823057 0.999953 -0.00504779 -0.00288171 0.0013346 0.00505888 0.999986 -0.00768903 0.0 0.0 0.0 1.0
office/seq-03/color/frame-000130.color.png office/seq-03/color/frame-000132.color.png 0.999939 0.00739744 -0.008187 0.0306974 -0.00744714 0.999954 -0.00605769 -0.00345814 0.00814171 0.00611827 0.999948 -0.0138892 0.0 0.0 0.0 1.0
office/seq-03/color/frame-000131.color.png office/seq-03/color/frame-000133.color.png 0.99998 0.00557019 -0.00311191 0.0219418 -0.00558691 0.99997 -0.00539141 1.92523e-05 0.00308182 0.00540871 0.999981 -0.0107764 0.0 0.0 0.0 1.0
office/seq-03/color/frame-000132.color.png office/seq-03/color/frame-000134.color.png 0.999981 0.00604705 -0.00130896 0.0194425 -0.00604902 0.999981 -0.00150646 -0.00386518 0.00129984 0.00151441 0.999998 -0.013429 0.0 0.0 0.0 1.0
office/seq-03/color/frame-000133.color.png office/seq-03/color/frame-000135.color.png 0.999939 0.00965354 -0.00530164 0.0283858 -0.0096439 0.999952 0.00184148 -0.00546235 0.00531913 -0.00179023 0.999984 -0.0112619 0.0 0.0 0.0 1.0
office/seq-03/color/frame-000134.color.png office/seq-03/color/frame-000136.color.png 0.99987 0.0156153 -0.00400099 0.0270854 -0.0156155 0.999878 -1.87063e-05 -0.00321394 0.00400019 8.1097e-05 0.999992 -0.00416151 0.0 0.0 0.0 1.0
office/seq-03/color/frame-000135.color.png office/seq-03/color/frame-000137.color.png 0.999922 0.0106594 -0.00657913 0.0305368 -0.0106722 0.999941 -0.00191702 -0.00466472 0.00655836 0.00198711 0.999977 -0.0117125 0.0 0.0 0.0 1.0
office/seq-03/color/frame-000136.color.png office/seq-03/color/frame-000138.color.png 0.999989 0.00233979 -0.00417518 0.0250324 -0.00236172 0.999983 -0.00525456 0.00404626 0.00416279 0.00526438 0.999978 -0.00615412 0.0 0.0 0.0 1.0
office/seq-03/color/frame-000137.color.png office/seq-03/color/frame-000139.color.png 0.999992 0.00388788 -0.000725859 0.017888 -0.00389332 0.999963 -0.00762337 0.00602275 0.000696179 0.00762616 0.999971 0.00158435 0.0 0.0 0.0 1.0
office/seq-03/color/frame-000138.color.png office/seq-03/color/frame-000140.color.png 0.999948 0.00293943 -0.00973794 0.0262466 -0.00304531 0.999936 -0.0108772 0.00998038 0.00970534 0.0109063 0.999893 0.000159323 0.0 0.0 0.0 1.0
office/seq-03/color/frame-000139.color.png office/seq-03/color/frame-000141.color.png 0.999868 0.0034341 -0.0158572 0.0287391 -0.00354989 0.999967 -0.00728095 0.00615644 0.0158317 0.0073362 0.999848 -0.00552887 0.0 0.0 0.0 1.0
office/seq-03/color/frame-000140.color.png office/seq-03/color/frame-000142.color.png 0.999865 0.00551221 -0.0155156 0.0319584 -0.00553854 0.999983 -0.00165373 -0.00306803 0.0155062 0.00173942 0.999878 -0.0036968 0.0 0.0 0.0 1.0
office/seq-03/color/frame-000141.color.png office/seq-03/color/frame-000143.color.png 0.99994 0.00399329 -0.0102421 0.0282008 -0.00402699 0.999986 -0.00327078 0.000275612 0.0102289 0.00331187 0.999942 -0.00381774 0.0 0.0 0.0 1.0
office/seq-03/color/frame-000142.color.png office/seq-03/color/frame-000144.color.png 0.999969 0.000959231 -0.00777879 0.0248607 -0.000984137 0.999994 -0.00319959 0.00212109 0.00777571 0.00320719 0.999965 -0.00830671 0.0 0.0 0.0 1.0
office/seq-03/color/frame-000143.color.png office/seq-03/color/frame-000145.color.png 0.999937 0.00652246 -0.00914677 0.0278164 -0.00654449 0.999976 -0.00238081 0.000671864 0.00913101 0.00244048 0.999955 -0.001128 0.0 0.0 0.0 1.0
office/seq-03/color/frame-000144.color.png office/seq-03/color/frame-000146.color.png 0.999884 0.0101078 -0.0113659 0.0269781 -0.0102058 0.999911 -0.00860251 0.0100068 0.0112779 0.00871744 0.999898 0.00693434 0.0 0.0 0.0 1.0
office/seq-03/color/frame-000145.color.png office/seq-03/color/frame-000147.color.png 0.999906 0.00533036 -0.0126251 0.022086 -0.00545055 0.99994 -0.0095053 0.00981522 0.0125737 0.00957323 0.999875 0.00667746 0.0 0.0 0.0 1.0
office/seq-03/color/frame-000146.color.png office/seq-03/color/frame-000148.color.png 0.999902 0.0026203 -0.0137659 0.0238773 -0.0026948 0.999982 -0.00539517 0.000812888 0.0137514 0.00543176 0.999891 0.000942618 0.0 0.0 0.0 1.0
office/seq-03/color/frame-000147.color.png office/seq-03/color/frame-000149.color.png 0.999914 0.00154228 -0.0129901 0.0266293 -0.0016151 0.999983 -0.0055968 -0.000755787 0.0129812 0.00561732 0.9999 0.00144534 0.0 0.0 0.0 1.0
office/seq-03/color/frame-000148.color.png office/seq-03/color/frame-000150.color.png 0.999912 -0.00105415 -0.0132498 0.0273136 0.000970673 0.99998 -0.00630616 2.83718e-05 0.0132561 0.00629272 0.999892 2.95341e-05 0.0 0.0 0.0 1.0
office/seq-03/color/frame-000149.color.png office/seq-03/color/frame-000151.color.png 0.999848 0.00644608 -0.0161842 0.033174 -0.0064806 0.999977 -0.00208101 -0.00950795 0.0161704 0.00218556 0.999867 -0.0101276 0.0 0.0 0.0 1.0
office/seq-03/color/frame-000150.color.png office/seq-03/color/frame-000152.color.png 0.999408 0.0211586 -0.0271267 0.0504582 -0.0214409 0.999718 -0.0101572 0.00913769 0.0269041 0.0107329 0.999581 0.0129429 0.0 0.0 0.0 1.0
office/seq-03/color/frame-000151.color.png office/seq-03/color/frame-000153.color.png 0.999477 0.0143973 -0.0289668 0.045283 -0.0146776 0.999847 -0.00948778 0.00475943 0.0288257 0.009908 0.999535 0.0139164 0.0 0.0 0.0 1.0
office/seq-03/color/frame-000152.color.png office/seq-03/color/frame-000154.color.png 0.999847 -0.00371553 -0.0170962 0.0347275 0.00373209 0.999993 0.000937172 -0.0202036 0.0170926 -0.00100083 0.999853 -0.00479659 0.0 0.0 0.0 1.0
office/seq-03/color/frame-000153.color.png office/seq-03/color/frame-000155.color.png 0.999959 -0.00803411 -0.00421979 0.0207316 0.00799508 0.999926 -0.00918598 -0.00149024 0.00429329 0.00915186 0.999949 0.0135991 0.0 0.0 0.0 1.0
office/seq-03/color/frame-000154.color.png office/seq-03/color/frame-000156.color.png 0.999987 -0.0018686 -0.00474063 0.015386 0.00178188 0.999832 -0.0182316 0.017576 0.00477388 0.0182229 0.999822 0.0304211 0.0 0.0 0.0 1.0
office/seq-03/color/frame-000155.color.png office/seq-03/color/frame-000157.color.png 0.999845 0.0063191 -0.0164428 0.0348946 -0.00647218 0.999936 -0.00927375 0.00249344 0.0163831 0.00937872 0.999822 0.00401118 0.0 0.0 0.0 1.0
office/seq-03/color/frame-000156.color.png office/seq-03/color/frame-000158.color.png 0.999882 0.00653772 -0.0139083 0.0357521 -0.0065303 0.999979 0.000579187 -0.00575513 0.0139117 -0.000488273 0.999903 -0.000445634 0.0 0.0 0.0 1.0
office/seq-03/color/frame-000157.color.png office/seq-03/color/frame-000159.color.png 0.999986 0.00345634 -0.00411363 0.0350113 -0.00345876 0.999994 -0.000577065 -0.00145996 0.00411161 0.000591293 0.999991 0.0192947 0.0 0.0 0.0 1.0
office/seq-03/color/frame-000158.color.png office/seq-03/color/frame-000160.color.png 0.999993 -0.00121257 -0.00362508 0.0333957 0.00121241 0.999999 -4.79821e-05 -0.00662941 0.00362517 4.35839e-05 0.999993 0.019039 0.0 0.0 0.0 1.0
office/seq-03/color/frame-000159.color.png office/seq-03/color/frame-000161.color.png 0.999986 -0.00256589 -0.00469244 0.0273764 0.00258111 0.999991 0.00323771 -0.00830215 0.00468409 -0.00324978 0.999984 0.00762323 0.0 0.0 0.0 1.0
office/seq-03/color/frame-000160.color.png office/seq-03/color/frame-000162.color.png 0.999986 -0.00285532 -0.0044805 0.0289021 0.00285566 0.999996 7.06522e-05 0.00446188 0.00448026 -8.34348e-05 0.99999 0.00281674 0.0 0.0 0.0 1.0
office/seq-03/color/frame-000161.color.png office/seq-03/color/frame-000163.color.png 0.999973 -0.00162894 -0.00712439 0.0320176 0.00164652 0.999996 0.00246105 -0.00844049 0.00712038 -0.0024727 0.999972 0.00492543 0.0 0.0 0.0 1.0
office/seq-03/color/frame-000162.color.png office/seq-03/color/frame-000164.color.png 0.999989 0.00432099 0.00164577 0.0229637 -0.00431984 0.99999 -0.000706815 -0.0114814 -0.00164879 0.000699693 0.999998 0.0163689 0.0 0.0 0.0 1.0
office/seq-03/color/frame-000163.color.png office/seq-03/color/frame-000165.color.png 0.999973 0.00401474 0.00611147 0.0246086 -0.00393858 0.999915 -0.012424 0.0066824 -0.00616083 0.0123996 0.999904 0.0310405 0.0 0.0 0.0 1.0
office/seq-03/color/frame-000164.color.png office/seq-03/color/frame-000166.color.png 0.999999 0.00138046 -0.000849542 0.0356569 -0.00138717 0.999967 -0.0079721 -0.00119942 0.000838495 0.00797329 0.999968 0.0216201 0.0 0.0 0.0 1.0
office/seq-03/color/frame-000165.color.png office/seq-03/color/frame-000167.color.png 0.999978 -0.00622932 -0.0021885 0.033517 0.00622516 0.999979 -0.00190501 -0.00887293 0.00220028 0.00189132 0.999996 0.0283937 0.0 0.0 0.0 1.0
office/seq-03/color/frame-000166.color.png office/seq-03/color/frame-000168.color.png 0.999974 -0.00724993 -0.000213858 0.0264346 0.00724919 0.999969 -0.00317425 -0.00337625 0.000236839 0.00317259 0.999995 0.0371668 0.0 0.0 0.0 1.0
office/seq-03/color/frame-000167.color.png office/seq-03/color/frame-000169.color.png 0.999982 0.00375252 -0.00465831 0.0361735 -0.00377051 0.999985 -0.00385877 -0.00472355 0.0046438 0.00387628 0.999982 0.0214521 0.0 0.0 0.0 1.0
office/seq-03/color/frame-000168.color.png office/seq-03/color/frame-000170.color.png 0.999964 0.00744192 -0.00399681 0.0378388 -0.0074479 0.999971 -0.00148843 -0.00836521 0.00398561 0.00151816 0.999991 0.0126643 0.0 0.0 0.0 1.0
office/seq-03/color/frame-000169.color.png office/seq-03/color/frame-000171.color.png 0.999991 0.00434844 -0.000434082 0.027727 -0.00434794 0.99999 0.00116026 -0.00391746 0.000439106 -0.00115838 0.999999 0.0148987 0.0 0.0 0.0 1.0
office/seq-03/color/frame-000170.color.png office/seq-03/color/frame-000172.color.png 0.999992 0.0037898 0.000767058 0.0219914 -0.00378553 0.999978 -0.00548849 0.0116082 -0.000787848 0.00548556 0.999985 0.0262597 0.0 0.0 0.0 1.0
office/seq-03/color/frame-000171.color.png office/seq-03/color/frame-000173.color.png 0.999944 0.0105936 -0.000339316 0.0229418 -0.0105953 0.99993 -0.00532241 0.00195354 0.00028291 0.00532568 0.999986 0.0359685 0.0 0.0 0.0 1.0
office/seq-03/color/frame-000172.color.png office/seq-03/color/frame-000174.color.png 0.999909 0.013474 7.80502e-05 0.0285653 -0.013471 0.999781 -0.0159876 0.00295305 -0.000293407 0.015985 0.999872 0.0362598 0.0 0.0 0.0 1.0
office/seq-03/color/frame-000173.color.png office/seq-03/color/frame-000175.color.png 0.999997 -0.00140591 -0.00215273 0.0468296 0.00133258 0.999431 -0.0336897 0.00385386 0.00219882 0.0336868 0.99943 0.0344058 0.0 0.0 0.0 1.0
