office/seq-03/color/frame-000000.color.png office/seq-03/color/frame-000001.color.png 0.999991 -0.00347996 -0.00228544 -0.00154093 0.00348433 0.999992 0.00191064 -0.000368837 0.00227878 -0.00191858 0.999995 0.00163133 0.0 0.0 0.0 1.0
office/seq-03/color/frame-000001.color.png office/seq-03/color/frame-000002.color.png 0.999985 0.00151766 -0.00528656 -0.000508939 -0.00151422 0.999999 0.000655973 -0.00109947 0.00528755 -0.000647959 0.999986 0.00369051 0.0 0.0 0.0 1.0
office/seq-03/color/frame-000002.color.png office/seq-03/color/frame-000003.color.png 0.999991 0.0025093 -0.00336838 0.00176397 -0.00251162 0.999997 -0.000685251 4.42716e-05 0.00336665 0.000693705 0.999994 0.000671198 0.0 0.0 0.0 1.0
office/seq-03/color/frame-000003.color.png office/seq-03/color/frame-000004.color.png 0.999999 -9.56892e-05 -0.0017392 -0.00238911 9.47913e-05 1.0 -0.000516453 0.000878808 0.00173925 0.000516287 0.999998 0.00146866 0.0 0.0 0.0 1.0
office/seq-03/color/frame-000004.color.png office/seq-03/color/frame-000005.color.png 0.999985 0.00160578 -0.00531953 0.000405598 -0.0016018 0.999998 0.000751658 -0.000885448 0.00532073 -0.000743126 0.999985 0.00304981 0.0 0.0 0.0 1.0
office/seq-03/color/frame-000005.color.png office/seq-03/color/frame-000006.color.png 0.999986 0.00278892 -0.00448517 -0.000479042 -0.00277242 0.999989 0.00368226 -0.00246607 0.00449539 -0.00366977 0.999983 0.000936476 0.0 0.0 0.0 1.0
office/seq-03/color/frame-000006.color.png office/seq-03/color/frame-000007.color.png 0.999988 0.00166519 -0.00462041 0.00103581 -0.00164495 0.999989 0.00437943 0.00211592 0.00462765 -0.00437177 0.99998 0.00244026 0.0 0.0 0.0 1.0
office/seq-03/color/frame-000007.color.png office/seq-03/color/frame-000008.color.png 0.999993 -0.00200323 -0.00308326 -0.00279878 0.00202554 0.999972 0.0072499 -0.00214778 0.00306865 -0.00725609 0.999969 0.00625909 0.0 0.0 0.0 1.0
office/seq-03/color/frame-000008.color.png office/seq-03/color/frame-000009.color.png 0.999981 -0.00159703 -0.00603139 6.02254e-05 0.00161767 0.999993 0.00341884 -0.00160493 0.00602589 -0.00342853 0.999976 0.0048752 0.0 0.0 0.0 1.0
office/seq-03/color/frame-000009.color.png office/seq-03/color/frame-000010.color.png 0.999977 0.00471032 -0.0048928 -0.00150098 -0.00470325 0.999988 0.00145447 -0.000504252 0.00489959 -0.00143142 0.999987 0.00515335 0.0 0.0 0.0 1.0
office/seq-03/color/frame-000010.color.png office/seq-03/color/frame-000011.color.png 0.999979 0.00445902 -0.00468976 0.00205718 -0.00443636 0.999979 0.00483081 -0.00168827 0.0047112 -0.00480991 0.999977 0.00489631 0.0 0.0 0.0 1.0
office/seq-03/color/frame-000011.color.png office/seq-03/color/frame-000012.color.png 0.999997 0.00154334 -0.00164034 -0.00366219 -0.00153738 0.999992 0.00362797 -0.00191784 0.00164593 -0.00362543 0.999992 0.00686861 0.0 0.0 0.0 1.0
office/seq-03/color/frame-000012.color.png office/seq-03/color/frame-000013.color.png 0.999985 0.00238005 -0.0049417 0.000414422 -0.00237033 0.999995 0.00197131 1.98847e-05 0.00494636 -0.00195956 0.999986 0.00627702 0.0 0.0 0.0 1.0
office/seq-03/color/frame-000013.color.png office/seq-03/color/frame-000014.color.png 0.999996 0.00205376 -0.00209868 -0.00171203 -0.00204124 0.99998 0.00595192 -0.00324445 0.00211087 -0.00594761 0.99998 0.00453489 0.0 0.0 0.0 1.0
office/seq-03/color/frame-000014.color.png office/seq-03/color/frame-000015.color.png 0.999997 0.000816039 -0.00216099 -0.000518947 -0.000799344 0.99997 0.0077146 -0.00449724 0.00216721 -0.00771285 0.999968 0.00821194 0.0 0.0 0.0 1.0
office/seq-03/color/frame-000015.color.png office/seq-03/color/frame-000016.color.png 0.999995 0.00210555 -0.00241694 -0.00119368 -0.00209629 0.999991 0.00382411 -0.00708496 0.00242498 -0.00381904 0.99999 0.0113517 0.0 0.0 0.0 1.0
office/seq-03/color/frame-000016.color.png office/seq-03/color/frame-000017.color.png 0.999988 0.00419568 -0.00252367 -0.00455856 -0.00420484 0.999984 -0.00363632 -0.0070751 0.00250838 0.0036469 0.99999 0.0107349 0.0 0.0 0.0 1.0
office/seq-03/color/frame-000017.color.png office/seq-03/color/frame-000018.color.png 0.99999 0.00136487 -0.00427268 0.00468585 -0.00138626 0.999986 -0.00500649 0.00577155 0.0042658 0.00501237 0.999978 0.00226016 0.0 0.0 0.0 1.0
office/seq-03/color/frame-000018.color.png office/seq-03/color/frame-000019.color.png 0.999993 0.00372681 0.000706758 -0.00126378 -0.00373287 0.999955 0.00877388 -0.0088432 -0.000674038 -0.00877646 0.999961 0.00682281 0.0 0.0 0.0 1.0
office/seq-03/color/frame-000019.color.png office/seq-03/color/frame-000020.color.png 0.999998 0.00214779 -0.000177596 -0.000669276 -0.00214651 0.999974 0.00690578 -0.00596101 0.000192415 -0.00690538 0.999976 0.0129071 0.0 0.0 0.0 1.0
office/seq-03/color/frame-000020.color.png office/seq-03/color/frame-000021.color.png 0.999999 0.00146642 0.000725284 -0.00361441 -0.00146984 0.999988 0.0047221 -0.00709656 -0.000718326 -0.00472317 0.999989 0.0107959 0.0 0.0 0.0 1.0
office/seq-03/color/frame-000021.color.png office/seq-03/color/frame-000022.color.png 0.999999 0.00128521 -0.000501875 -0.00218922 -0.00128453 0.999998 0.00135279 -0.0066931 0.0005036 -0.00135214 0.999999 0.0134607 0.0 0.0 0.0 1.0
office/seq-03/color/frame-000022.color.png office/seq-03/color/frame-000023.color.png 0.999992 0.00340631 -0.00190381 0.000262575 -0.00341757 0.999976 -0.00593985 -0.00346866 0.00188356 0.0059463 0.99998 0.0122112 0.0 0.0 0.0 1.0
office/seq-03/color/frame-000023.color.png office/seq-03/color/frame-000024.color.png 0.999988 0.0046659 0.0013584 0.000104405 -0.00465855 0.999975 -0.00536786 -0.0049859 -0.00138342 0.00536148 0.999985 0.00812516 0.0 0.0 0.0 1.0
office/seq-03/color/frame-000024.color.png office/seq-03/color/frame-000025.color.png 0.999995 -0.00251863 0.00168445 0.00199592 0.00251663 0.999996 0.00118575 -0.00511219 -0.00168744 -0.00118151 0.999998 0.00625843 0.0 0.0 0.0 1.0
office/seq-03/color/frame-000025.color.png office/seq-03/color/frame-000026.color.png 0.999971 0.00205366 0.00729938 -0.00442086 -0.00212208 0.999954 0.00937937 -0.00781346 -0.00727977 -0.0093946 0.999929 0.00478633 0.0 0.0 0.0 1.0
office/seq-03/color/frame-000026.color.png office/seq-03/color/frame-000027.color.png 0.999962 0.00358487 0.00800687 -0.00538169 -0.00367147 0.999935 0.0108266 -0.01521 -0.00796752 -0.0108556 0.999909 0.0136761 0.0 0.0 0.0 1.0
office/seq-03/color/frame-000027.color.png office/seq-03/color/frame-000028.color.png 0.999981 -0.000563403 0.00609796 -0.00390691 0.000554412 0.999999 0.00147486 -0.00943654 -0.00609878 -0.00147143 0.99998 0.0151252 0.0 0.0 0.0 1.0
office/seq-03/color/frame-000028.color.png office/seq-03/color/frame-000029.color.png 0.999989 -0.00271929 0.00375684 -0.00184633 0.00273535 0.999987 -0.0042739 -0.0083289 -0.00374517 0.00428413 0.999984 0.0116951 0.0 0.0 0.0 1.0
office/seq-03/color/frame-000029.color.png office/seq-03/color/frame-000030.color.png 0.99999 0.000403733 0.00438937 -0.00033443 -0.000364607 0.99996 -0.00891417 -0.00394978 -0.00439279 0.00891248 0.999951 0.00852032 0.0 0.0 0.0 1.0
office/seq-03/color/frame-000030.color.png office/seq-03/color/frame-000031.color.png 0.999954 -0.00133986 0.00947797 -0.00379884 0.00139797 0.99998 -0.00612646 -0.00296378 -0.00946958 0.0061394 0.999936 0.00424495 0.0 0.0 0.0 1.0
office/seq-03/color/frame-000031.color.png office/seq-03/color/frame-000032.color.png 0.999959 -0.00691196 0.00580903 0.00187413 0.00690632 0.999976 0.000988742 0.00219665 -0.00581572 -0.000948577 0.999983 0.000163764 0.0 0.0 0.0 1.0
office/seq-03/color/frame-000032.color.png office/seq-03/color/frame-000033.color.png 0.999897 -0.00852301 0.0115118 -0.00958843 0.00836325 0.999869 0.013856 -0.0096553 -0.0116284 -0.0137583 0.999838 0.00729473 0.0 0.0 0.0 1.0
office/seq-03/color/frame-000033.color.png office/seq-03/color/frame-000034.color.png 0.999949 -0.0072759 0.00701141 -0.00399763 0.00718189 0.999885 0.0133401 -0.0103986 -0.00710766 -0.013289 0.999886 0.00528958 0.0 0.0 0.0 1.0
office/seq-03/color/frame-000034.color.png office/seq-03/color/frame-000035.color.png 0.999931 -0.00789126 0.00871274 -0.00881653 0.00780144 0.999917 0.0102956 -0.0102423 -0.00879325 -0.0102269 0.999909 0.0112493 0.0 0.0 0.0 1.0
office/seq-03/color/frame-000035.color.png office/seq-03/color/frame-000036.color.png 0.999972 -0.00707471 0.00257132 -0.00104097 0.00705376 0.999943 0.00806628 -0.00874729 -0.00262823 -0.00804791 0.999964 0.00548762 0.0 0.0 0.0 1.0
office/seq-03/color/frame-000036.color.png office/seq-03/color/frame-000037.color.png 0.999982 0.000408996 0.00596688 -0.00469017 -0.000486608 0.999915 0.0130115 -0.0117907 -0.00596105 -0.0130142 0.999897 0.00334656 0.0 0.0 0.0 1.0
office/seq-03/color/frame-000037.color.png office/seq-03/color/frame-000038.color.png 0.99997 0.00420077 0.0065798 -0.00658406 -0.0042499 0.999963 0.00747126 -0.00546107 -0.00654817 -0.00749898 0.999951 0.010475 0.0 0.0 0.0 1.0
office/seq-03/color/frame-000038.color.png office/seq-03/color/frame-000039.color.png 0.999994 0.00234036 0.00255735 -0.0109715 -0.00233738 0.999997 -0.00116891 -0.00266831 -0.00256007 0.00116291 0.999996 0.0154366 0.0 0.0 0.0 1.0
office/seq-03/color/frame-000039.color.png office/seq-03/color/frame-000040.color.png 0.99999 -0.00432832 0.00141981 -0.00995138 0.00432357 0.999985 0.00333052 -0.0165033 -0.00143421 -0.00332436 0.999993 0.010097 0.0 0.0 0.0 1.0
office/seq-03/color/frame-000040.color.png office/seq-03/color/frame-000041.color.png 0.999941 -0.0083932 -0.00694263 0.0108055 0.00839648 0.999965 0.00044386 -0.0060353 0.00693867 -0.00050209 0.999976 -0.00166672 0.0 0.0 0.0 1.0
office/seq-03/color/frame-000041.color.png office/seq-03/color/frame-000042.color.png 0.999994 -0.00308408 0.0012 0.0015506 0.00307739 0.99998 0.00553631 -0.00481902 -0.00121705 -0.00553258 0.999984 -0.00261351 0.0 0.0 0.0 1.0
office/seq-03/color/frame-000042.color.png office/seq-03/color/frame-000043.color.png 0.999981 0.00136539 0.00607506 -0.00710377 -0.0014502 0.999901 0.0139774 -0.01313 -0.00605538 -0.0139859 0.999884 0.007424 0.0 0.0 0.0 1.0
office/seq-03/color/frame-000043.color.png office/seq-03/color/frame-000044.color.png 0.999968 -0.00614906 0.00509527 -0.0059875 0.00609529 0.999926 0.0105022 -0.0147216 -0.00515948 -0.0104708 0.999932 0.0062291 0.0 0.0 0.0 1.0
office/seq-03/color/frame-000044.color.png office/seq-03/color/frame-000045.color.png 0.999994 -0.00282829 0.00208509 -0.00174011 0.00282334 0.999993 0.00236893 -0.00844681 -0.00209178 -0.00236302 0.999995 0.00478888 0.0 0.0 0.0 1.0
office/seq-03/color/frame-000045.color.png office/seq-03/color/frame-000046.color.png 0.999989 0.00389507 0.00270425 0.00202034 -0.00390134 0.99999 0.00231516 -0.0051482 -0.00269521 -0.00232566 0.999994 -0.00160965 0.0 0.0 0.0 1.0
office/seq-03/color/frame-000046.color.png office/seq-03/color/frame-000047.color.png 0.999977 -0.00388187 0.00559778 -0.00463023 0.00384373 0.999969 0.00680769 -0.0114305 -0.00562404 -0.00678607 0.999961 0.00731376 0.0 0.0 0.0 1.0
office/seq-03/color/frame-000047.color.png office/seq-03/color/frame-000048.color.png 0.999961 -0.0087516 0.00104829 -0.00738969 0.00875375 0.99996 -0.00206507 0.00044407 -0.00103017 0.00207418 0.999997 0.00666621 0.0 0.0 0.0 1.0
office/seq-03/color/frame-000048.color.png office/seq-03/color/frame-000049.color.png 0.999959 0.00654773 -0.00618801 0.00572179 -0.00651617 0.999966 0.00510648 -0.0101543 0.00622123 -0.00506594 0.999968 0.000164747 0.0 0.0 0.0 1.0
office/seq-03/color/frame-000049.color.png office/seq-03/color/frame-000050.color.png 0.999973 0.00740343 2.88053e-05 0.00200041 -0.00740348 0.999964 0.00408357 -0.00801244 1.43827e-06 -0.00408367 0.999992 0.00605929 0.0 0.0 0.0 1.0
office/seq-03/color/frame-000050.color.png office/seq-03/color/frame-000051.color.png 0.999929 0.00986236 0.00666723 -0.00724684 -0.00986364 0.999951 0.000159272 -0.0148428 -0.00666534 -0.000225039 0.999978 0.00785035 0.0 0.0 0.0 1.0
office/seq-03/color/frame-000051.color.png office/seq-03/color/frame-000052.color.png 1.0 0.000346387 6.86806e-06 0.00366878 -0.000346399 0.999998 0.00190134 -0.0118724 -6.20096e-06 -0.00190135 0.999998 0.000941902 0.0 0.0 0.0 1.0
office/seq-03/color/frame-000052.color.png office/seq-03/color/frame-000053.color.png 0.999988 0.00474956 0.00144121 0.00459549 -0.00475887 0.999968 0.00651958 -0.0125354 -0.00141021 -0.00652637 0.999978 0.00335744 0.0 0.0 0.0 1.0
office/seq-03/color/frame-000053.color.png office/seq-03/color/frame-000054.color.png 0.999976 0.00337407 0.00606862 0.00144294 -0.00342739 0.999955 0.00879693 -0.0135447 -0.00603867 -0.00881754 0.999943 -0.000776082 0.0 0.0 0.0 1.0
office/seq-03/color/frame-000054.color.png office/seq-03/color/frame-000055.color.png 0.999972 0.00319796 0.00671416 -0.00385942 -0.00325057 0.999964 0.00783967 -0.0110111 -0.00668883 -0.00786126 0.999947 0.00626424 0.0 0.0 0.0 1.0
office/seq-03/color/frame-000055.color.png office/seq-03/color/frame-000056.color.png 0.999987 0.00307352 0.0040054 0.00230951 -0.00309825 0.999976 0.00618382 -0.018774 -0.0039863 -0.00619618 0.999973 0.0104287 0.0 0.0 0.0 1.0
office/seq-03/color/frame-000056.color.png office/seq-03/color/frame-000057.color.png 0.999946 0.00700753 0.00765767 -0.00115051 -0.00698575 0.999971 -0.00286782 -0.0173016 -0.00767753 0.00281421 0.999967 0.0118875 0.0 0.0 0.0 1.0
office/seq-03/color/frame-000057.color.png office/seq-03/color/frame-000058.color.png 0.999931 0.0109495 0.00425146 0.00251321 -0.0108734 0.999787 -0.0175181 -0.000268877 -0.0044424 0.0174706 0.999837 0.00532299 0.0 0.0 0.0 1.0
office/seq-03/color/frame-000058.color.png office/seq-03/color/frame-000059.color.png 0.999916 0.0113356 0.00624604 0.000546977 -0.0112905 0.99991 -0.00719566 -0.0105229 -0.00632704 0.0071245 0.999955 0.00210854 0.0 0.0 0.0 1.0
office/seq-03/color/frame-000059.color.png office/seq-03/color/frame-000060.color.png 0.99998 0.00201836 0.00599397 0.000295058 -0.00199331 0.999989 -0.00418327 -0.00954154 -0.00600235 0.00417123 0.999973 0.00417849 0.0 0.0 0.0 1.0
office/seq-03/color/frame-000060.color.png office/seq-03/color/frame-000061.color.png 0.999976 -0.0031433 0.00621388 -0.00395737 0.00317756 0.99998 -0.0055113 -0.00298452 -0.00619641 0.00553093 0.999966 0.00809613 0.0 0.0 0.0 1.0
office/seq-03/color/frame-000061.color.png office/seq-03/color/frame-000062.color.png 0.999988 0.00218099 0.00434691 -0.00292936 -0.00216233 0.999988 -0.00429463 -0.00913829 -0.00435625 0.00428518 0.999981 0.00705653 0.0 0.0 0.0 1.0
office/seq-03/color/frame-000062.color.png office/seq-03/color/frame-000063.color.png 0.999979 0.00591307 0.00271031 0.00443513 -0.00592347 0.999975 0.00384825 -0.0249711 -0.00268747 -0.00386422 0.999989 0.00301471 0.0 0.0 0.0 1.0
office/seq-03/color/frame-000063.color.png office/seq-03/color/frame-000064.color.png 0.999982 -0.00233329 0.0055406 0.00212554 0.00233531 0.999997 -0.000360642 -0.0141783 -0.00553973 0.000373599 0.999985 0.00169295 0.0 0.0 0.0 1.0
office/seq-03/color/frame-000064.color.png office/seq-03/color/frame-000065.color.png 0.999868 -0.0114429 0.0115611 -0.0106644 0.0115095 0.999917 -0.00571617 -0.00140041 -0.0114947 0.00584844 0.999917 0.00618568 0.0 0.0 0.0 1.0
office/seq-03/color/frame-000065.color.png office/seq-03/color/frame-000066.color.png 0.999963 -0.00286008 0.00809097 -0.00726822 0.00290351 0.999982 -0.00535982 -0.00675103 -0.00807547 0.00538312 0.999953 0.00741243 0.0 0.0 0.0 1.0
office/seq-03/color/frame-000066.color.png office/seq-03/color/frame-000067.color.png 0.999951 0.00987347 0.000159494 0.00607953 -0.00987259 0.99994 -0.0048162 -0.0117026 -0.000207041 0.0048144 0.999988 0.00507608 0.0 0.0 0.0 1.0
office/seq-03/color/frame-000067.color.png office/seq-03/color/frame-000068.color.png 0.999984 0.00498324 0.00269485 0.00186184 -0.00497971 0.999987 -0.00131574 -0.00914255 -0.00270136 0.0013023 0.999996 -0.000756681 0.0 0.0 0.0 1.0
office/seq-03/color/frame-000068.color.png office/seq-03/color/frame-000069.color.png 0.999979 0.00248676 0.00593567 -0.0051864 -0.00249768 0.999995 0.00182988 -0.00676724 -0.00593111 -0.00184468 0.999981 0.00335184 0.0 0.0 0.0 1.0
office/seq-03/color/frame-000069.color.png office/seq-03/color/frame-000070.color.png 0.999993 0.00205645 0.00312539 -0.00314772 -0.00205584 0.999998 -0.000196745 -0.00650066 -0.00312579 0.000190321 0.999995 0.00652927 0.0 0.0 0.0 1.0
office/seq-03/color/frame-000070.color.png office/seq-03/color/frame-000071.color.png 0.999997 0.00225375 0.000904062 0.00273085 -0.00225492 0.999997 0.00131532 -0.0120719 -0.000901069 -0.00131731 0.999999 -0.00139752 0.0 0.0 0.0 1.0
office/seq-03/color/frame-000071.color.png office/seq-03/color/frame-000072.color.png 0.999991 -0.00376766 0.00206687 -0.00155289 0.00376614 0.999993 0.000732708 -0.00662968 -0.00206962 -0.000724887 0.999998 0.00433198 0.0 0.0 0.0 1.0
office/seq-03/color/frame-000072.color.png office/seq-03/color/frame-000073.color.png 0.999996 -0.0029914 -0.000252831 -0.000385061 0.00299235 0.999988 0.0038193 -0.00743639 0.00024143 -0.00382009 0.999993 -0.0025737 0.0 0.0 0.0 1.0
office/seq-03/color/frame-000073.color.png office/seq-03/color/frame-000074.color.png 0.999993 0.00283728 0.00245387 -0.00336818 -0.00285427 0.999972 0.00694646 -0.0144281 -0.0024341 -0.00695342 0.999973 0.00292468 0.0 0.0 0.0 1.0
office/seq-03/color/frame-000074.color.png office/seq-03/color/frame-000075.color.png 1.0 -0.00092307 0.00014339 -0.000855967 0.000922825 0.999998 0.00167466 -0.0070667 -0.000144931 -0.00167451 0.999999 0.0020718 0.0 0.0 0.0 1.0
office/seq-03/color/frame-000075.color.png office/seq-03/color/frame-000076.color.png 0.999986 0.00512163 -0.0012479 0.00197251 -0.00511709 0.99998 0.00361455 -0.0105308 0.00126638 -0.0036081 0.999993 0.00120273 0.0 0.0 0.0 1.0
office/seq-03/color/frame-000076.color.png office/seq-03/color/frame-000077.color.png 0.99999 0.00411684 0.00168238 -0.000966512 -0.00412327 0.999984 0.00383767 -0.00697982 -0.00166659 -0.00384459 0.999991 0.000584245 0.0 0.0 0.0 1.0
office/seq-03/color/frame-000077.color.png office/seq-03/color/frame-000078.color.png 0.999996 0.00160088 0.00253031 -0.00581262 -0.00161215 0.999989 0.00445139 -0.00951248 -0.00252312 -0.00445544 0.999987 0.00512999 0.0 0.0 0.0 1.0
office/seq-03/color/frame-000078.color.png office/seq-03/color/frame-000079.color.png 0.999995 0.00320632 -0.000498539 0.00382532 -0.00320345 0.999979 0.00562517 -0.0195427 0.000516542 -0.00562352 0.999984 7.76649e-05 0.0 0.0 0.0 1.0
office/seq-03/color/frame-000079.color.png office/seq-03/color/frame-000080.color.png 0.999986 0.00356533 0.0038484 -0.00459074 -0.00355894 0.999992 -0.00167089 -0.00465435 -0.00385437 0.00165715 0.999991 0.00416413 0.0 0.0 0.0 1.0
office/seq-03/color/frame-000080.color.png office/seq-03/color/frame-000081.color.png 0.999992 -0.00129685 0.00370466 -0.0045491 0.00130324 0.999998 -0.00171501 -0.00428104 -0.00370238 0.00171985 0.999992 0.00349355 0.0 0.0 0.0 1.0
office/seq-03/color/frame-000081.color.png office/seq-03/color/frame-000082.color.png 0.999992 -0.00256306 0.00301984 -0.00524487 0.00256566 0.999996 -0.000868887 -0.00533867 -0.00301763 0.000876591 0.999995 0.00231397 0.0 0.0 0.0 1.0
office/seq-03/color/frame-000082.color.png office/seq-03/color/frame-000083.color.png 0.999997 0.00233697 0.000548543 -0.00199595 -0.00233671 0.999997 -0.000479399 -0.00567091 -0.000549653 0.000478125 1.0 0.00289631 0.0 0.0 0.0 1.0
office/seq-03/color/frame-000083.color.png office/seq-03/color/frame-000084.color.png 0.99999 0.00298969 0.00332945 -0.00413847 -0.00300338 0.999987 0.00411532 -0.0134726 -0.00331709 -0.00412525 0.999986 0.0014458 0.0 0.0 0.0 1.0
office/seq-03/color/frame-000084.color.png office/seq-03/color/frame-000085.color.png 0.999986 0.00267071 0.00462628 -0.00373591 -0.00267838 0.999995 0.00165157 -0.0099718 -0.00462187 -0.00166394 0.999988 0.00293949 0.0 0.0 0.0 1.0
office/seq-03/color/frame-000085.color.png office/seq-03/color/frame-000086.color.png 0.999993 -0.00121288 0.00364505 -0.00960892 0.00122834 0.99999 -0.00423679 -0.000657201 -0.00363986 0.00424127 0.999984 0.00548831 0.0 0.0 0.0 1.0
office/seq-03/color/frame-000086.color.png office/seq-03/color/frame-000087.color.png 0.999997 -0.000813025 -0.00229954 -0.00370952 0.000807143 0.999996 -0.00256297 -0.00441915 0.00230164 0.00256107 0.999994 0.00425905 0.0 0.0 0.0 1.0
office/seq-03/color/frame-000087.color.png office/seq-03/color/frame-000088.color.png 0.99999 -5.64437e-05 -0.00439778 0.00158892 6.4894e-05 0.999998 0.00192557 -0.00865191 0.00439765 -0.00192585 0.999989 -0.000288039 0.0 0.0 0.0 1.0
office/seq-03/color/frame-000088.color.png office/seq-03/color/frame-000089.color.png 0.999997 -0.00228894 -0.00016263 -0.00568393 0.00228902 0.999997 0.000436203 -0.00833011 0.000161638 -0.000436584 1.0 0.00460553 0.0 0.0 0.0 1.0
office/seq-03/color/frame-000089.color.png office/seq-03/color/frame-000090.color.png 0.999998 0.00172418 -0.000622585 -0.00284658 -0.00172551 0.999996 -0.00215567 -0.0051862 0.000618863 0.00215674 0.999997 0.00323316 0.0 0.0 0.0 1.0
office/seq-03/color/frame-000090.color.png office/seq-03/color/frame-000091.color.png 0.999999 0.000828342 -0.000986912 0.000529461 -0.000829692 0.999999 -0.00136959 -0.00201011 0.000985773 0.00137039 0.999999 -0.000627369 0.0 0.0 0.0 1.0
office/seq-03/color/frame-000091.color.png office/seq-03/color/frame-000092.color.png 0.999992 -0.0036466 0.00161141 -0.00628749 0.00364112 0.999988 0.00338616 -0.0085417 -0.00162375 -0.00338025 0.999993 -0.000395268 0.0 0.0 0.0 1.0
office/seq-03/color/frame-000092.color.png office/seq-03/color/frame-000093.color.png 0.999988 -0.00470659 0.00155903 -0.0062516 0.0047013 0.999983 0.00337988 -0.00860459 -0.00157489 -0.00337251 0.999993 -0.0011417 0.0 0.0 0.0 1.0
office/seq-03/color/frame-000093.color.png office/seq-03/color/frame-000094.color.png 0.999991 -0.00364539 0.00213173 -0.0109469 0.00364365 0.999993 0.000818897 -0.0055902 -0.00213469 -0.000811125 0.999997 0.00367397 0.0 0.0 0.0 1.0
office/seq-03/color/frame-000094.color.png office/seq-03/color/frame-000095.color.png 0.99999 -0.00321316 -0.00307212 -0.00269134 0.00321515 0.999995 0.000644269 -0.00211161 0.00307001 -0.000654172 0.999995 -0.000278831 0.0 0.0 0.0 1.0
office/seq-03/color/frame-000095.color.png office/seq-03/color/frame-000096.color.png 0.999986 -0.00510705 -0.00142854 -0.00467481 0.00511698 0.999962 0.00703732 -0.0127777 0.00139256 -0.00704452 0.999974 -0.00336215 0.0 0.0 0.0 1.0
office/seq-03/color/frame-000096.color.png office/seq-03/color/frame-000097.color.png 0.999993 -0.00345259 0.00135043 -0.00515006 0.0034451 0.999979 0.00552257 -0.0119054 -0.00136941 -0.00551784 0.999984 -0.00276291 0.0 0.0 0.0 1.0
office/seq-03/color/frame-000097.color.png office/seq-03/color/frame-000098.color.png 0.999997 -0.00225194 0.00123221 -0.00665016 0.00225153 0.999997 0.000334534 -0.00111967 -0.00123297 -0.000331752 0.999999 -0.000179291 0.0 0.0 0.0 1.0
office/seq-03/color/frame-000098.color.png office/seq-03/color/frame-000099.color.png 0.999992 -0.00366211 -0.00159976 0.0019349 0.00366847 0.999985 0.00399304 -0.00630856 0.00158513 -0.00399889 0.999991 -0.00344068 0.0 0.0 0.0 1.0
office/seq-03/color/frame-000099.color.png office/seq-03/color/frame-000100.color.png 0.999968 -0.00276681 0.00747952 -0.00466804 0.0027169 0.999974 0.00667674 -0.00999951 -0.00749781 -0.00665618 0.99995 -0.00565189 0.0 0.0 0.0 1.0
office/seq-03/color/frame-000100.color.png office/seq-03/color/frame-000101.color.png 0.999916 0.00189965 0.0127863 -0.0112345 -0.00194951 0.999991 0.00388749 -0.00688261 -0.0127788 -0.00391209 0.999911 -0.00637054 0.0 0.0 0.0 1.0
office/seq-03/color/frame-000101.color.png office/seq-03/color/frame-000102.color.png 0.999984 0.00134086 0.00556644 -0.00474553 -0.00134936 0.999998 0.00152234 -0.00218332 -0.00556441 -0.0015298 0.999983 -0.00589582 0.0 0.0 0.0 1.0
office/seq-03/color/frame-000102.color.png office/seq-03/color/frame-000103.color.png 0.999984 -0.00152621 0.00551522 -0.00590922 0.00151318 0.999996 0.00236914 -0.00137705 -0.00551871 -0.00236077 0.999982 -0.00744525 0.0 0.0 0.0 1.0
office/seq-03/color/frame-000103.color.png office/seq-03/color/frame-000104.color.png 0.99996 -0.00345863 0.00825096 -0.0108217 0.00340604 0.999974 0.00637801 -0.00460005 -0.00827288 -0.00634967 0.999945 -0.00680265 0.0 0.0 0.0 1.0
office/seq-03/color/frame-000104.color.png office/seq-03/color/frame-000105.color.png 0.99999 -0.00250744 0.00372106 -0.00423537 0.00248751 0.999983 0.00534807 -0.00440204 -0.00373442 -0.00533877 0.999979 -0.00757697 0.0 0.0 0.0 1.0
office/seq-03/color/frame-000105.color.png office/seq-03/color/frame-000106.color.png 0.999972 -0.00206004 0.00713943 -0.0106822 0.00200504 0.999968 0.00770461 -0.00858736 -0.00715503 -0.00769008 0.999945 -0.0104521 0.0 0.0 0.0 1.0
office/seq-03/color/frame-000106.color.png office/seq-03/color/frame-000107.color.png 0.999957 -0.00856726 0.00345591 -0.00993788 0.00855107 0.999952 0.00466934 -0.00170034 -0.00349576 -0.00463954 0.999983 -0.00713584 0.0 0.0 0.0 1.0
office/seq-03/color/frame-000107.color.png office/seq-03/color/frame-000108.color.png 0.999964 -0.0085347 -0.000114496 -0.00307003 0.00853528 0.99994 0.00685832 -0.00701606 5.59536e-05 -0.00685912 0.999976 -0.00961488 0.0 0.0 0.0 1.0
office/seq-03/color/frame-000108.color.png office/seq-03/color/frame-000109.color.png 0.999981 -0.00208527 0.00585862 -0.0116351 0.00201773 0.999932 0.0115134 -0.0171736 -0.0058822 -0.0115013 0.999917 -0.0132216 0.0 0.0 0.0 1.0
office/seq-03/color/frame-000109.color.png office/seq-03/color/frame-000110.color.png 0.999938 -0.0111359 6.16198e-05 -0.0103982 0.0111356 0.999931 0.0036725 -0.00134254 -0.000102524 -0.00367167 0.999993 -0.00781175 0.0 0.0 0.0 1.0
office/seq-03/color/frame-000110.color.png office/seq-03/color/frame-000111.color.png 0.999971 -0.00678013 -0.00335097 -4.40031e-05 0.00679762 0.999963 0.00523556 -0.00641519 0.00331532 -0.00525817 0.999981 -0.0096778 0.0 0.0 0.0 1.0
office/seq-03/color/frame-000111.color.png office/seq-03/color/frame-000112.color.png 0.999992 -0.00373826 0.00109469 0.00235714 0.0037321 0.999977 0.00558472 -0.00819111 -0.00111549 -0.00558057 0.999984 -0.00804979 0.0 0.0 0.0 1.0
office/seq-03/color/frame-000112.color.png office/seq-03/color/frame-000113.color.png 0.999951 0.00109182 0.00986658 -0.00466757 -0.00114102 0.999987 0.00498 -0.00769776 -0.00986105 -0.00499111 0.999939 -0.00661421 0.0 0.0 0.0 1.0
office/seq-03/color/frame-000113.color.png office/seq-03/color/frame-000114.color.png 0.999962 0.00239304 0.00834959 -0.00182645 -0.0024092 0.999995 0.00192821 -0.00857937 -0.0083449 -0.00194813 0.999963 -0.0123542 0.0 0.0 0.0 1.0
office/seq-03/color/frame-000114.color.png office/seq-03/color/frame-000115.color.png 0.999955 0.00275775 0.00909392 -0.00448221 -0.00275399 0.999996 -0.000428727 -0.0015415 -0.00909502 0.000403632 0.999959 -0.00588399 0.0 0.0 0.0 1.0
office/seq-03/color/frame-000115.color.png office/seq-03/color/frame-000116.color.png 0.999971 0.000255498 0.00765213 -0.00334531 -0.000265559 0.999999 0.00131618 -0.00465453 -0.00765182 -0.00131819 0.99997 -0.00840953 0.0 0.0 0.0 1.0
office/seq-03/color/frame-000116.color.png office/seq-03/color/frame-000117.color.png 0.99996 0.00173495 0.00874384 -0.000993356 -0.00175841 0.999995 0.00267596 -0.00733006 -0.0087392 -0.00269124 0.999958 -0.00880772 0.0 0.0 0.0 1.0
office/seq-03/color/frame-000117.color.png office/seq-03/color/frame-000118.color.png 0.999934 0.0061874 0.0096961 -0.000980124 -0.00621065 0.999978 0.00236752 -0.00998181 -0.00968125 -0.00242758 0.99995 -0.0132549 0.0 0.0 0.0 1.0
office/seq-03/color/frame-000118.color.png office/seq-03/color/frame-000119.color.png 0.999963 0.00378151 0.00778571 -0.00391808 -0.00374867 0.999984 -0.00422639 0.00548345 -0.00780149 0.00419712 0.999961 -0.00447166 0.0 0.0 0.0 1.0
office/seq-03/color/frame-000119.color.png office/seq-03/color/frame-000120.color.png 0.999997 0.00059971 0.00240195 0.00537582 -0.000601797 1.0 0.00086304 -0.000226498 -0.00240145 -0.00086455 0.999997 -0.00921521 0.0 0.0 0.0 1.0
office/seq-03/color/frame-000120.color.png office/seq-03/color/frame-000121.color.png 0.99998 0.00203932 0.00597988 0.00318317 -0.00206072 0.999992 0.00357499 -0.00607312 -0.00597255 -0.00358727 0.999976 -0.00945941 0.0 0.0 0.0 1.0
office/seq-03/color/frame-000121.color.png office/seq-03/color/frame-000122.color.png 0.999877 0.0125518 0.00940178 -0.00234401 -0.0126027 0.999906 0.0053703 -0.0174774 -0.00933349 -0.00548814 0.999941 -0.0117489 0.0 0.0 0.0 1.0
office/seq-03/color/frame-000122.color.png office/seq-03/color/frame-000123.color.png 0.999996 0.00289207 -0.000590371 0.00795436 -0.00289192 0.999996 0.000225568 -0.00675023 0.000591081 -0.000223721 1.0 -0.0128839 0.0 0.0 0.0 1.0
office/seq-03/color/frame-000123.color.png office/seq-03/color/frame-000124.color.png 0.999996 0.00272188 0.000653474 0.00750946 -0.00272208 0.999996 0.000285537 -0.0048945 -0.000652687 -0.000287393 1.0 -0.0063054 0.0 0.0 0.0 1.0
office/seq-03/color/frame-000124.color.png office/seq-03/color/frame-000125.color.png 0.999991 0.00272969 0.00338359 0.00832759 -0.00273305 0.999996 0.000987794 -0.0110444 -0.00338089 -0.000996991 0.999994 -0.0117176 0.0 0.0 0.0 1.0
office/seq-03/color/frame-000125.color.png office/seq-03/color/frame-000126.color.png 0.999976 0.000693704 0.00683077 0.00276108 -0.000649612 0.999979 -0.00645514 0.00724882 -0.00683512 0.00645055 0.999956 -0.0045678 0.0 0.0 0.0 1.0
office/seq-03/color/frame-000126.color.png office/seq-03/color/frame-000127.color.png 0.999991 0.00233479 0.00359057 0.00315449 -0.00234323 0.999994 0.00235059 -0.0120282 -0.00358506 -0.00235894 0.999991 -0.0087795 0.0 0.0 0.0 1.0
office/seq-03/color/frame-000127.color.png office/seq-03/color/frame-000128.color.png 0.999981 0.00611898 0.00034843 0.0137949 -0.00611941 0.999981 0.00127737 -0.0126024 -0.000340617 -0.00127957 0.999999 -0.00851446 0.0 0.0 0.0 1.0
office/seq-03/color/frame-000128.color.png office/seq-03/color/frame-000129.color.png 0.999978 0.00270817 0.0061159 0.00180341 -0.00266838 0.999975 -0.00650498 0.00444216 -0.00613337 0.00648862 0.99996 -0.00485185 0.0 0.0 0.0 1.0
office/seq-03/color/frame-000129.color.png office/seq-03/color/frame-000130.color.png 0.999997 0.00259367 0.000217906 0.00845072 -0.00259277 0.999989 -0.00396732 0.00263101 -0.000228215 0.00396673 0.999992 -0.003068 0.0 0.0 0.0 1.0
office/seq-03/color/frame-000130.color.png office/seq-03/color/frame-000131.color.png 0.999986 0.00451156 -0.00292579 0.012741 -0.00451976 0.999986 -0.00279572 -0.00212544 0.00291313 0.00280886 0.999992 -0.00404179 0.0 0.0 0.0 1.0
office/seq-03/color/frame-000131.color.png office/seq-03/color/frame-000132.color.png 0.999989 0.00370284 -0.00276957 0.013123 -0.0037147 0.999984 -0.0042892 0.00255686 0.00275362 0.00429953 0.999987 -0.00599059 0.0 0.0 0.0 1.0
office/seq-03/color/frame-000132.color.png office/seq-03/color/frame-000133.color.png 0.999997 0.00239843 -0.000416224 0.00949549 -0.00239846 0.999997 -1.26724e-07 -0.00433385 0.000416165 1.03246e-06 1.0 -0.00405595 0.0 0.0 0.0 1.0
office/seq-03/color/frame-000133.color.png office/seq-03/color/frame-000134.color.png 0.999993 0.00321124 -0.0021286 0.0123005 -0.00321077 0.999995 0.000215811 -0.0027796 0.0021293 -0.000208944 0.999998 -0.0085071 0.0 0.0 0.0 1.0
office/seq-03/color/frame-000134.color.png office/seq-03/color/frame-000135.color.png 0.999971 0.00734201 -0.00185059 0.0136797 -0.00734118 0.999973 0.000449705 0.000136852 0.00185393 -0.00043611 0.999998 -0.0023191 0.0 0.0 0.0 1.0
office/seq-03/color/frame-000135.color.png office/seq-03/color/frame-000136.color.png 0.999962 0.00827178 -0.00282551 0.0146934 -0.00827651 0.999964 -0.0016621 -9.35197e-05 0.00281164 0.00168544 0.999995 -0.00142416 0.0 0.0 0.0 1.0
office/seq-03/color/frame-000136.color.png office/seq-03/color/frame-000137.color.png 0.999995 0.00244911 -0.00182705 0.0126922 -0.00245265 0.999995 -0.00194744 -0.00203401 0.00182229 0.00195195 0.999996 -0.00999647 0.0 0.0 0.0 1.0
office/seq-03/color/frame-000137.color.png office/seq-03/color/frame-000138.color.png 0.999999 0.00131296 0.000157332 0.00808743 -0.00131261 0.999997 -0.00223576 0.00286949 -0.000160246 0.00223554 0.999998 0.0022684 0.0 0.0 0.0 1.0
office/seq-03/color/frame-000138.color.png office/seq-03/color/frame-000139.color.png 0.999994 0.00161384 -0.00310433 0.0132102 -0.00162835 0.999988 -0.00467624 0.00325298 0.00309671 0.00468125 0.999984 0.00114065 0.0 0.0 0.0 1.0
office/seq-03/color/frame-000139.color.png office/seq-03/color/frame-000140.color.png 0.999986 0.00204096 -0.00494758 0.00909838 -0.00207261 0.999977 -0.00639925 0.0072546 0.00493439 0.00640943 0.999967 0.00023213 0.0 0.0 0.0 1.0
office/seq-03/color/frame-000140.color.png office/seq-03/color/frame-000141.color.png 0.999955 0.00158493 -0.00933477 0.0167278 -0.00159458 0.999998 -0.00102586 -0.000430703 0.00933313 0.00104071 0.999956 -0.00338861 0.0 0.0 0.0 1.0
office/seq-03/color/frame-000141.color.png office/seq-03/color/frame-000142.color.png 0.999971 0.00298597 -0.00705335 0.01759 -0.00299033 0.999995 -0.000609014 -0.00306094 0.00705146 0.000630099 0.999975 -0.00244018 0.0 0.0 0.0 1.0
office/seq-03/color/frame-000142.color.png office/seq-03/color/frame-000143.color.png 0.999989 0.00103639 -0.00454474 0.013157 -0.00104738 0.999997 -0.00241384 0.00218731 0.00454228 0.00241861 0.999987 -0.00396961 0.0 0.0 0.0 1.0
office/seq-03/color/frame-000143.color.png office/seq-03/color/frame-000144.color.png 0.999991 1.93738e-05 -0.00426204 0.0132317 -2.23787e-05 1.0 -0.000700227 0.000545979 0.00426196 0.000700297 0.999991 -0.00283465 0.0 0.0 0.0 1.0
office/seq-03/color/frame-000144.color.png office/seq-03/color/frame-000145.color.png 0.99998 0.00582079 -0.00258142 0.0101137 -0.0058239 0.999982 -0.00121042 0.000378907 0.00257432 0.00122542 0.999996 0.00438461 0.0 0.0 0.0 1.0
office/seq-03/color/frame-000145.color.png office/seq-03/color/frame-000146.color.png 0.99997 0.00464648 -0.00613195 0.0116687 -0.00467235 0.99998 -0.00420857 0.00320899 0.00611229 0.00423709 0.999972 0.001945 0.0 0.0 0.0 1.0
office/seq-03/color/frame-000146.color.png office/seq-03/color/frame-000147.color.png 0.999971 0.00107653 -0.0074838 0.0126738 -0.00110993 0.999989 -0.00445862 0.00399101 0.00747887 0.00446681 0.999962 0.00153561 0.0 0.0 0.0 1.0
office/seq-03/color/frame-000147.color.png office/seq-03/color/frame-000148.color.png 0.999959 0.00128119 -0.00891246 0.017162 -0.00131279 0.999993 -0.00354049 0.00208998 0.00890786 0.00355204 0.999954 -0.000151724 0.0 0.0 0.0 1.0
office/seq-03/color/frame-000148.color.png office/seq-03/color/frame-000149.color.png 0.999991 0.000594128 -0.00412389 0.00996702 -0.000621519 0.999978 -0.00664733 0.00574154 0.00411988 0.00664984 0.999969 0.00177674 0.0 0.0 0.0 1.0
office/seq-03/color/frame-000149.color.png office/seq-03/color/frame-000150.color.png 0.999982 -0.00065646 -0.00596555 0.0112552 0.000645809 0.999998 -0.00178305 -0.00275224 0.00596663 0.00177912 0.999981 -0.002009 0.0 0.0 0.0 1.0
office/seq-03/color/frame-000150.color.png office/seq-03/color/frame-000151.color.png 0.999957 0.00557476 -0.00740821 0.0158446 -0.00559176 0.999982 -0.00227789 0.000472128 0.00739545 0.00231925 0.99997 0.00170758 0.0 0.0 0.0 1.0
office/seq-03/color/frame-000151.color.png office/seq-03/color/frame-000152.color.png 0.999717 0.0154869 -0.0180527 0.0307771 -0.0156038 0.999858 -0.00635679 0.00502807 0.0179517 0.00663666 0.999817 0.00987278 0.0 0.0 0.0 1.0
office/seq-03/color/frame-000152.color.png office/seq-03/color/frame-000153.color.png 0.99992 -0.00014742 -0.0126647 0.0190292 0.000127591 0.999999 -0.00156626 -0.00412184 0.0126649 0.00156451 0.999919 -0.00291625 0.0 0.0 0.0 1.0
office/seq-03/color/frame-000153.color.png office/seq-03/color/frame-000154.color.png 0.999988 -0.00372528 -0.00328702 0.0124723 0.00371949 0.999992 -0.00176333 -0.00587189 0.00329357 0.0017511 0.999993 0.00220537 0.0 0.0 0.0 1.0
office/seq-03/color/frame-000154.color.png office/seq-03/color/frame-000155.color.png 0.999989 -0.00423673 0.00211865 0.0012465 0.00425406 0.999957 -0.00823963 0.00699842 -0.0020836 0.00824857 0.999964 0.0149167 0.0 0.0 0.0 1.0
office/seq-03/color/frame-000155.color.png office/seq-03/color/frame-000156.color.png 0.999963 0.00154596 -0.00843274 0.0176574 -0.0016214 0.999959 -0.00894376 0.00415564 0.0084185 0.00895708 0.999924 0.0050496 0.0 0.0 0.0 1.0
office/seq-03/color/frame-000156.color.png office/seq-03/color/frame-000157.color.png 0.999942 0.00367091 -0.0101598 0.0216549 -0.00369841 0.99999 -0.00268954 0.000572443 0.0101499 0.00272698 0.999945 -0.00285438 0.0 0.0 0.0 1.0
office/seq-03/color/frame-000157.color.png office/seq-03/color/frame-000158.color.png 0.999983 0.00294016 -0.0049459 0.0177549 -0.00291655 0.999984 0.0047713 -0.0106031 0.00495984 -0.00475683 0.999976 -0.000186622 0.0 0.0 0.0 1.0
office/seq-03/color/frame-000158.color.png office/seq-03/color/frame-000159.color.png 0.999999 -1.26759e-05 -0.00141527 0.0229374 5.74853e-06 0.999988 -0.00489117 0.00774568 0.0014153 0.0048912 0.999987 0.0175553 0.0 0.0 0.0 1.0
office/seq-03/color/frame-000159.color.png office/seq-03/color/frame-000160.color.png 0.999996 -0.00118282 -0.00247394 0.0113845 0.00118641 0.999998 0.00144974 -0.00640666 0.00247222 -0.00145269 0.999996 0.00452855 0.0 0.0 0.0 1.0
office/seq-03/color/frame-000160.color.png office/seq-03/color/frame-000161.color.png 0.999991 -0.00310435 -0.00290382 0.0168657 0.00310639 0.999995 0.000691996 -0.001194 0.00290164 -0.00070097 0.999996 0.00180113 0.0 0.0 0.0 1.0
office/seq-03/color/frame-000161.color.png office/seq-03/color/frame-000162.color.png 0.999996 -0.000641292 -0.00285928 0.0152256 0.000648206 0.999997 0.00242457 -0.00101835 0.00285772 -0.00242646 0.999993 0.00311524 0.0 0.0 0.0 1.0
office/seq-03/color/frame-000162.color.png office/seq-03/color/frame-000163.color.png 0.999999 0.00130871 0.000254041 0.00795822 -0.00130936 0.999996 0.00263783 -0.0093419 -0.000250577 -0.00263813 0.999997 0.00852999 0.0 0.0 0.0 1.0
office/seq-03/color/frame-000163.color.png office/seq-03/color/frame-000164.color.png 0.999998 0.00110161 0.00184185 0.015001 -0.00109372 0.99999 -0.00427709 -0.00224853 -0.00184656 0.00427505 0.999989 0.0119557 0.0 0.0 0.0 1.0
office/seq-03/color/frame-000164.color.png office/seq-03/color/frame-000165.color.png 0.999988 0.00259078 0.00408023 0.00971225 -0.00255804 0.999965 -0.00800612 0.00862831 -0.00410084 0.0079956 0.99996 0.015874 0.0 0.0 0.0 1.0
office/seq-03/color/frame-000165.color.png office/seq-03/color/frame-000166.color.png 0.999999 0.000560449 -0.0009826 0.0151221 -0.000562798 0.999997 -0.00235231 -0.00183594 0.000981311 0.00235293 0.999997 0.00827146 0.0 0.0 0.0 1.0
office/seq-03/color/frame-000166.color.png office/seq-03/color/frame-000167.color.png 0.999968 -0.00766935 -0.00222715 0.0214753 0.00766806 0.999971 -0.000606474 -0.00655574 0.00223173 0.000589356 0.999997 0.0183316 0.0 0.0 0.0 1.0
office/seq-03/color/frame-000167.color.png office/seq-03/color/frame-000168.color.png 0.999998 3.28368e-05 -0.0020367 0.0147116 -3.64474e-05 0.999998 -0.00176611 -0.00205803 0.00203666 0.00176618 0.999996 0.00964111 0.0 0.0 0.0 1.0
office/seq-03/color/frame-000168.color.png office/seq-03/color/frame-000169.color.png 0.999994 0.00342199 -0.00102158 0.0164803 -0.00342669 0.999983 -0.0046369 0.00277418 0.00100568 0.00464035 0.999989 0.0135477 0.0 0.0 0.0 1.0
office/seq-03/color/frame-000169.color.png office/seq-03/color/frame-000170.color.png 0.999998 0.00175508 -4.85099e-05 0.0136782 -0.00175516 0.999996 -0.00227308 0.000881076 4.4498e-05 0.00227311 0.999997 0.00824711 0.0 0.0 0.0 1.0
office/seq-03/color/frame-000170.color.png office/seq-03/color/frame-000171.color.png 0.999998 0.00166046 0.00138406 0.00981978 -0.00166264 0.999997 0.00157005 -0.00107968 -0.00138143 -0.00157232 0.999998 0.0097959 0.0 0.0 0.0 1.0
office/seq-03/color/frame-000171.color.png office/seq-03/color/frame-000172.color.png 0.999991 0.00412273 -0.000720849 0.0121004 -0.00412129 0.99999 0.00197145 -0.00367779 0.000728989 -0.00196845 0.999998 0.0132459 0.0 0.0 0.0 1.0
