office/seq-03/color/frame-000000.color.png office/seq-03/color/frame-000003.color.png 0.999943 0.000339226 -0.0106341 -0.000752625 -0.000317297 0.999998 0.00206373 -0.00169036 0.0106348 -0.00206024 0.999941 0.00633273 0.0 0.0 0.0 1.0
office/seq-03/color/frame-000001.color.png office/seq-03/color/frame-000004.color.png 0.999942 0.00428176 -0.00986729 -0.00176656 -0.00427644 0.999991 0.000560741 -0.00202057 0.0098696 -0.000518512 0.999951 0.00692433 0.0 0.0 0.0 1.0
office/seq-03/color/frame-000002.color.png office/seq-03/color/frame-000005.color.png 0.999935 0.00464967 -0.0103626 -0.000181967 -0.00465487 0.999989 -0.000477794 0.000219348 0.0103603 0.000526 0.999946 0.00605166 0.0 0.0 0.0 1.0
office/seq-03/color/frame-000003.color.png office/seq-03/color/frame-000006.color.png 0.999916 0.00464486 -0.0121206 -0.00146428 -0.00460213 0.999983 0.00355112 -0.00166166 0.0121368 -0.00349504 0.99992 0.00484128 0.0 0.0 0.0 1.0
office/seq-03/color/frame-000004.color.png office/seq-03/color/frame-000007.color.png 0.999879 0.00563652 -0.0145073 0.000694105 -0.00551581 0.99995 0.00834734 -0.000261997 0.0145537 -0.00826631 0.99986 0.0055472 0.0 0.0 0.0 1.0
office/seq-03/color/frame-000005.color.png office/seq-03/color/frame-000008.color.png 0.999918 0.00219662 -0.0126097 -0.00168358 -0.00200736 0.999885 0.0150027 -0.00181278 0.0126412 -0.0149761 0.999808 0.00865883 0.0 0.0 0.0 1.0
office/seq-03/color/frame-000006.color.png office/seq-03/color/frame-000009.color.png 0.999891 -0.00210447 -0.0145918 1.76383e-05 0.00231783 0.99989 0.0146205 -0.000867423 0.0145594 -0.0146527 0.999787 0.0129486 0.0 0.0 0.0 1.0
office/seq-03/color/frame-000007.color.png office/seq-03/color/frame-000010.color.png 0.999901 9.0489e-05 -0.0140695 -0.00393689 6.89257e-05 0.999936 0.0113297 -0.00252106 0.0140696 -0.0113295 0.999837 0.0160543 0.0 0.0 0.0 1.0
office/seq-03/color/frame-000008.color.png office/seq-03/color/frame-000011.color.png 0.999861 0.00811596 -0.014561 -0.00132428 -0.00796754 0.999916 0.0102223 -0.00439403 0.0146427 -0.0101049 0.999842 0.0146543 0.0 0.0 0.0 1.0
office/seq-03/color/frame-000009.color.png office/seq-03/color/frame-000012.color.png 0.999882 0.01007 -0.011609 -0.00243483 -0.00996318 0.999908 0.00922114 -0.00289065 0.0117007 -0.00910439 0.99989 0.0167302 0.0 0.0 0.0 1.0
office/seq-03/color/frame-000010.color.png office/seq-03/color/frame-000013.color.png 0.9999 0.00866681 -0.0111455 -0.00113047 -0.00855282 0.999911 0.010234 -0.00278825 0.0112332 -0.0101377 0.999885 0.016778 0.0 0.0 0.0 1.0
office/seq-03/color/frame-000011.color.png office/seq-03/color/frame-000014.color.png 0.999934 0.0049616 -0.0104055 -0.00196734 -0.00483333 0.999913 0.0123159 -0.00594825 0.0104657 -0.0122648 0.99987 0.0180449 0.0 0.0 0.0 1.0
office/seq-03/color/frame-000012.color.png office/seq-03/color/frame-000015.color.png 0.999936 0.00456661 -0.0103105 0.000287101 -0.00440734 0.999871 0.0154181 -0.00699492 0.0103796 -0.0153717 0.999828 0.019175 0.0 0.0 0.0 1.0
office/seq-03/color/frame-000013.color.png office/seq-03/color/frame-000016.color.png 0.999967 0.0046817 -0.00656753 -0.00343823 -0.00455763 0.999813 0.0187809 -0.0174448 0.00665423 -0.0187503 0.999802 0.0253504 0.0 0.0 0.0 1.0
office/seq-03/color/frame-000014.color.png office/seq-03/color/frame-000017.color.png 0.99995 0.00747995 -0.00658601 -0.00700116 -0.00743984 0.999954 0.00609379 -0.0155164 0.00663129 -0.00604449 0.99996 0.0309106 0.0 0.0 0.0 1.0
office/seq-03/color/frame-000015.color.png office/seq-03/color/frame-000018.color.png 0.999928 0.00767902 -0.00918985 -0.00144698 -0.00773103 0.999954 -0.00563754 -0.0068953 0.00914615 0.00570818 0.999942 0.024744 0.0 0.0 0.0 1.0
office/seq-03/color/frame-000016.color.png office/seq-03/color/frame-000019.color.png 0.999928 0.00925955 -0.00764909 0.00170358 -0.00927918 0.999954 -0.00253512 -0.00494864 0.00762527 0.00260591 0.999967 0.0191998 0.0 0.0 0.0 1.0
office/seq-03/color/frame-000017.color.png office/seq-03/color/frame-000020.color.png 0.999964 0.00775039 -0.00335193 0.00206348 -0.0077099 0.999899 0.0119275 -0.0111289 0.00344404 -0.0119012 0.999923 0.0216545 0.0 0.0 0.0 1.0
office/seq-03/color/frame-000018.color.png office/seq-03/color/frame-000021.color.png 0.999961 0.00857709 0.00197152 -0.00722917 -0.00862092 0.999689 0.0234188 -0.028128 -0.00177006 -0.0234349 0.999724 0.0314562 0.0 0.0 0.0 1.0
office/seq-03/color/frame-000019.color.png office/seq-03/color/frame-000022.color.png 0.999987 0.00506606 0.00113372 -0.00822397 -0.00507976 0.99991 0.0124328 -0.0194605 -0.00107062 -0.0124384 0.999922 0.0355855 0.0 0.0 0.0 1.0
office/seq-03/color/frame-000020.color.png office/seq-03/color/frame-000023.color.png 0.999975 0.00689981 -0.00166017 -0.00527325 -0.00690185 0.999975 -0.00123102 -0.0163486 0.00165163 0.00124244 0.999998 0.0370301 0.0 0.0 0.0 1.0
office/seq-03/color/frame-000021.color.png office/seq-03/color/frame-000024.color.png 0.999971 0.00751086 -0.000864941 -0.00191519 -0.00752061 0.999901 -0.0118796 -0.011076 0.000775637 0.0118858 0.999929 0.0320309 0.0 0.0 0.0 1.0
office/seq-03/color/frame-000022.color.png office/seq-03/color/frame-000025.color.png 0.999982 0.00510714 0.00310945 -0.000865975 -0.00507938 0.999948 -0.00887134 -0.0145935 -0.00315458 0.00885538 0.999956 0.0283243 0.0 0.0 0.0 1.0
office/seq-03/color/frame-000023.color.png office/seq-03/color/frame-000026.color.png 0.999952 0.0034631 0.00921058 -0.000259014 -0.00351505 0.999978 0.00562874 -0.017148 -0.00919087 -0.00566084 0.999942 0.0190412 0.0 0.0 0.0 1.0
office/seq-03/color/frame-000024.color.png office/seq-03/color/frame-000027.color.png 0.99981 0.00446128 0.0189961 -0.0117063 -0.00489354 0.999729 0.0227694 -0.0301668 -0.0188893 -0.022858 0.99956 0.0263049 0.0 0.0 0.0 1.0
office/seq-03/color/frame-000025.color.png office/seq-03/color/frame-000028.color.png 0.999768 0.00671387 0.0204869 -0.0113168 -0.00724634 0.999635 0.0260279 -0.039568 -0.0203047 -0.0261703 0.999451 0.0346949 0.0 0.0 0.0 1.0
office/seq-03/color/frame-000026.color.png office/seq-03/color/frame-000029.color.png 0.999837 -0.00170773 0.0179563 -0.00922784 0.00156895 0.999969 0.00773996 -0.0326499 -0.017969 -0.00771053 0.999809 0.0375715 0.0 0.0 0.0 1.0
office/seq-03/color/frame-000027.color.png office/seq-03/color/frame-000030.color.png 0.99984 -0.000535313 0.0178658 -0.0120525 0.000684134 0.999965 -0.00832454 -0.0299899 -0.0178607 0.00833543 0.999806 0.0345466 0.0 0.0 0.0 1.0
office/seq-03/color/frame-000028.color.png office/seq-03/color/frame-000031.color.png 0.999888 -0.00567073 0.0138501 0.000722406 0.00596492 0.999755 -0.021293 -0.0112393 -0.013726 0.0213732 0.999677 0.0188287 0.0 0.0 0.0 1.0
office/seq-03/color/frame-000029.color.png office/seq-03/color/frame-000032.color.png 0.999735 -0.00782172 0.0216758 -0.00589525 0.00817488 0.999835 -0.0162523 -0.000786602 -0.0215451 0.0164252 0.999633 0.0144117 0.0 0.0 0.0 1.0
office/seq-03/color/frame-000030.color.png office/seq-03/color/frame-000033.color.png 0.999553 -0.0176925 0.0240828 -0.0065014 0.017592 0.999836 0.00437731 -0.00107525 -0.0241563 -0.0039517 0.9997 0.0131864 0.0 0.0 0.0 1.0
office/seq-03/color/frame-000031.color.png office/seq-03/color/frame-000034.color.png 0.999276 -0.0244566 0.0291445 -0.0197618 0.0236409 0.999328 0.0280114 -0.0171407 -0.02981 -0.0273021 0.999183 0.0204946 0.0 0.0 0.0 1.0
office/seq-03/color/frame-000032.color.png office/seq-03/color/frame-000035.color.png 0.99939 -0.0237212 0.0256158 -0.0191934 0.0226158 0.998836 0.0426132 -0.0391167 -0.0265968 -0.0420079 0.998763 0.0280398 0.0 0.0 0.0 1.0
office/seq-03/color/frame-000033.color.png office/seq-03/color/frame-000036.color.png 0.999592 -0.0227925 0.0171926 -0.0115672 0.0221887 0.999158 0.0345251 -0.0329678 -0.017965 -0.0341295 0.999256 0.0213063 0.0 0.0 0.0 1.0
office/seq-03/color/frame-000034.color.png office/seq-03/color/frame-000037.color.png 0.999816 -0.0130325 0.0140505 -0.00938788 0.0125738 0.999401 0.0322502 -0.0336384 -0.0144624 -0.0320676 0.999381 0.0155485 0.0 0.0 0.0 1.0
office/seq-03/color/frame-000035.color.png office/seq-03/color/frame-000038.color.png 0.999885 -0.000676465 0.0151309 -0.0134756 0.000247641 0.999599 0.0283248 -0.02585 -0.015144 -0.0283178 0.999484 0.0179201 0.0 0.0 0.0 1.0
office/seq-03/color/frame-000036.color.png office/seq-03/color/frame-000039.color.png 0.999877 0.00824319 0.0133273 -0.0182159 -0.00857533 0.999649 0.0250601 -0.0299527 -0.0131161 -0.0251713 0.999597 0.0253326 0.0 0.0 0.0 1.0
office/seq-03/color/frame-000037.color.png office/seq-03/color/frame-000040.color.png 0.99997 0.00464305 0.0061261 -0.0197292 -0.00471657 0.999916 0.0120414 -0.0289249 -0.00606968 -0.01207 0.999909 0.0330453 0.0 0.0 0.0 1.0
office/seq-03/color/frame-000038.color.png office/seq-03/color/frame-000041.color.png 0.999924 -0.0117152 -0.00382837 -0.00729272 0.0117301 0.999924 0.00389364 -0.0280747 0.00378246 -0.00393825 0.999985 0.0227678 0.0 0.0 0.0 1.0
office/seq-03/color/frame-000039.color.png office/seq-03/color/frame-000042.color.png 0.999869 -0.0160597 -0.00218086 -0.0022177 0.0160707 0.999857 0.00515647 -0.0206936 0.00209774 -0.00519079 0.999984 0.008587 0.0 0.0 0.0 1.0
office/seq-03/color/frame-000040.color.png office/seq-03/color/frame-000043.color.png 0.999907 -0.0135675 0.00112994 0.00407308 0.0135458 0.999757 0.017417 -0.0187745 -0.00136597 -0.0174001 0.999848 0.000306785 0.0 0.0 0.0 1.0
office/seq-03/color/frame-000041.color.png office/seq-03/color/frame-000044.color.png 0.999888 -0.00993755 0.0111434 -0.00894251 0.0097278 0.999777 0.0187214 -0.0137599 -0.011327 -0.0186109 0.999763 0.0104202 0.0 0.0 0.0 1.0
office/seq-03/color/frame-000042.color.png office/seq-03/color/frame-000045.color.png 0.999828 -0.00788232 0.0168015 -0.0213801 0.00751556 0.999735 0.0217814 -0.0270335 -0.0169687 -0.0216514 0.999622 0.0229486 0.0 0.0 0.0 1.0
office/seq-03/color/frame-000043.color.png office/seq-03/color/frame-000046.color.png 0.999907 -0.00332143 0.013228 -0.0122015 0.00317595 0.999934 0.0110039 -0.0215626 -0.0132636 -0.0109608 0.999852 0.0167967 0.0 0.0 0.0 1.0
office/seq-03/color/frame-000044.color.png office/seq-03/color/frame-000047.color.png 0.999906 -0.00233936 0.0135085 -0.010234 0.00222149 0.999959 0.0087341 -0.0199492 -0.0135284 -0.00870328 0.999871 0.0102623 0.0 0.0 0.0 1.0
office/seq-03/color/frame-000045.color.png office/seq-03/color/frame-000048.color.png 0.999925 -0.0099427 0.00719164 -0.0059577 0.00989641 0.99993 0.00644484 -0.014836 -0.00725522 -0.00637315 0.999953 0.00934482 0.0 0.0 0.0 1.0
office/seq-03/color/frame-000046.color.png office/seq-03/color/frame-000049.color.png 0.999968 -0.00796774 -0.000493648 -0.00441482 0.00797207 0.999923 0.00950608 -0.0198736 0.00041786 -0.0095097 0.999955 0.0132707 0.0 0.0 0.0 1.0
office/seq-03/color/frame-000047.color.png office/seq-03/color/frame-000050.color.png 0.999967 0.00556149 -0.00585564 0.000774808 -0.00548945 0.99991 0.0122464 -0.0275724 0.00592322 -0.0122138 0.999908 0.0185013 0.0 0.0 0.0 1.0
office/seq-03/color/frame-000048.color.png office/seq-03/color/frame-000051.color.png 0.999692 0.0246768 0.00275041 -0.00385629 -0.0247043 0.99964 0.0104251 -0.035698 -0.00249217 -0.0104898 0.999942 0.0193992 0.0 0.0 0.0 1.0
office/seq-03/color/frame-000049.color.png office/seq-03/color/frame-000052.color.png 0.999784 0.0189131 0.00858747 -0.00508115 -0.0189658 0.999802 0.0060989 -0.0340802 -0.00847042 -0.00626043 0.999944 0.0173496 0.0 0.0 0.0 1.0
office/seq-03/color/frame-000050.color.png office/seq-03/color/frame-000053.color.png 0.999848 0.0137042 0.0108042 -0.00256808 -0.0137462 0.999898 0.0038168 -0.0297723 -0.0107508 -0.00396478 0.999934 0.00761202 0.0 0.0 0.0 1.0
office/seq-03/color/frame-000051.color.png office/seq-03/color/frame-000054.color.png 0.999936 0.00862242 0.00736242 0.0101789 -0.00876134 0.99978 0.0190513 -0.0405644 -0.00719652 -0.0191146 0.999791 -0.00254214 0.0 0.0 0.0 1.0
office/seq-03/color/frame-000052.color.png office/seq-03/color/frame-000055.color.png 0.999819 0.0101971 0.016084 -0.00123233 -0.0105536 0.999697 0.0222352 -0.0353658 -0.0158524 -0.0224009 0.999623 0.0089705 0.0 0.0 0.0 1.0
office/seq-03/color/frame-000053.color.png office/seq-03/color/frame-000056.color.png 0.99969 0.0144153 0.0203085 -0.00636565 -0.0146754 0.999811 0.0127179 -0.0255322 -0.0201214 -0.013012 0.999713 0.0181076 0.0 0.0 0.0 1.0
office/seq-03/color/frame-000054.color.png office/seq-03/color/frame-000057.color.png 0.999733 0.0168594 0.0157903 0.0017662 -0.0170221 0.999803 0.0102269 -0.0492924 -0.0156148 -0.010493 0.999823 0.025218 0.0 0.0 0.0 1.0
office/seq-03/color/frame-000055.color.png office/seq-03/color/frame-000058.color.png 0.998922 0.0364134 0.0287978 -0.0193062 -0.0360234 0.999254 -0.0139472 -0.0379861 -0.0292842 0.0128948 0.999488 0.0334141 0.0 0.0 0.0 1.0
office/seq-03/color/frame-000056.color.png office/seq-03/color/frame-000059.color.png 0.999546 0.02422 0.0179105 0.000791125 -0.0236977 0.999304 -0.0288192 -0.0249244 -0.018596 0.0283817 0.999424 0.019374 0.0 0.0 0.0 1.0
office/seq-03/color/frame-000057.color.png office/seq-03/color/frame-000060.color.png 0.999633 0.0190038 0.0193256 -0.00319096 -0.0183762 0.999314 -0.0321509 -0.0115598 -0.0199234 0.031784 0.999296 0.0164738 0.0 0.0 0.0 1.0
office/seq-03/color/frame-000058.color.png office/seq-03/color/frame-000061.color.png 0.999877 0.000692313 0.0156643 -0.000642091 -0.000434268 0.999864 -0.0164711 -0.0216869 -0.0156736 0.0164623 0.999742 0.0153122 0.0 0.0 0.0 1.0
office/seq-03/color/frame-000059.color.png office/seq-03/color/frame-000062.color.png 0.999936 -0.00422082 0.0105208 0.00361336 0.00433417 0.999933 -0.0107743 -0.0267769 -0.0104746 0.0108192 0.999887 0.0140329 0.0 0.0 0.0 1.0
office/seq-03/color/frame-000060.color.png office/seq-03/color/frame-000063.color.png 0.99992 0.00348793 0.012181 -0.000872314 -0.00335328 0.999933 -0.0110565 -0.0291175 -0.0122187 0.0110147 0.999865 0.0220947 0.0 0.0 0.0 1.0
office/seq-03/color/frame-000061.color.png office/seq-03/color/frame-000064.color.png 0.999858 0.00777071 0.0149207 -0.00119303 -0.0077812 0.999969 0.00064488 -0.048656 -0.0149152 -0.000760891 0.999888 0.0125364 0.0 0.0 0.0 1.0
office/seq-03/color/frame-000062.color.png office/seq-03/color/frame-000065.color.png 0.999721 -0.00252979 0.0234859 -0.00894711 0.00257861 0.999995 -0.00204862 -0.0420235 -0.0234806 0.00210862 0.999722 0.0139439 0.0 0.0 0.0 1.0
office/seq-03/color/frame-000063.color.png office/seq-03/color/frame-000066.color.png 0.999578 -0.0143001 0.0252964 -0.0149499 0.0144595 0.999877 -0.00612815 -0.0315267 -0.0252057 0.00649136 0.999661 0.00951701 0.0 0.0 0.0 1.0
office/seq-03/color/frame-000064.color.png office/seq-03/color/frame-000067.color.png 0.999775 -0.00318609 0.0209618 -0.0135252 0.00372585 0.999661 -0.0257614 -0.00379807 -0.0208726 0.0258338 0.999448 0.0199113 0.0 0.0 0.0 1.0
office/seq-03/color/frame-000065.color.png office/seq-03/color/frame-000068.color.png 0.999937 0.00939616 0.00606471 0.00957661 -0.00935392 0.999932 -0.00695607 -0.0356459 -0.00612966 0.00689891 0.999957 0.00474712 0.0 0.0 0.0 1.0
office/seq-03/color/frame-000066.color.png office/seq-03/color/frame-000069.color.png 0.999909 0.0124513 0.00511447 0.00916862 -0.0124395 0.99992 -0.00233823 -0.0298034 -0.00514319 0.00227434 0.999984 0.00554106 0.0 0.0 0.0 1.0
office/seq-03/color/frame-000067.color.png office/seq-03/color/frame-000070.color.png 0.999963 0.00828099 0.00228527 0.0101251 -0.00830922 0.999886 0.0126436 -0.0491836 -0.0021803 -0.0126621 0.999917 -0.00251833 0.0 0.0 0.0 1.0
office/seq-03/color/frame-000068.color.png office/seq-03/color/frame-000071.color.png 0.999933 0.00498012 0.0104373 -0.00606184 -0.00499876 0.999986 0.00176225 -0.022977 -0.0104284 -0.00181428 0.999944 0.0112171 0.0 0.0 0.0 1.0
office/seq-03/color/frame-000069.color.png office/seq-03/color/frame-000072.color.png 0.999958 0.00256722 0.00885036 -0.00688621 -0.0025536 0.999996 -0.00155038 -0.0193886 -0.00885435 0.00152771 0.99996 0.0111399 0.0 0.0 0.0 1.0
office/seq-03/color/frame-000070.color.png office/seq-03/color/frame-000073.color.png 0.999975 -0.0036741 0.00611385 -0.00592805 0.00367296 0.999993 0.000196515 -0.0151686 -0.00611454 -0.000174044 0.999981 0.00528339 0.0 0.0 0.0 1.0
office/seq-03/color/frame-000071.color.png office/seq-03/color/frame-000074.color.png 0.99998 -0.00145839 0.00613468 -0.00840778 0.00138957 0.999936 0.0112071 -0.0274285 -0.00615066 -0.0111984 0.999918 0.00415543 0.0 0.0 0.0 1.0
office/seq-03/color/frame-000072.color.png office/seq-03/color/frame-000075.color.png 0.999996 -0.00136116 0.00235463 -0.00469908 0.00133507 0.999938 0.011048 -0.0255035 -0.00236952 -0.0110447 0.999936 0.00407925 0.0 0.0 0.0 1.0
office/seq-03/color/frame-000073.color.png office/seq-03/color/frame-000076.color.png 0.999983 0.00588162 -0.000340867 0.000500269 -0.00587722 0.999914 0.0117371 -0.0309701 0.000409858 -0.0117349 0.999931 0.00203791 0.0 0.0 0.0 1.0
office/seq-03/color/frame-000074.color.png office/seq-03/color/frame-000077.color.png 0.999959 0.00901231 -0.00057757 0.00235637 -0.00900699 0.999922 0.00862362 -0.023721 0.000655201 -0.00861807 0.999963 0.00381848 0.0 0.0 0.0 1.0
office/seq-03/color/frame-000075.color.png office/seq-03/color/frame-000078.color.png 0.99994 0.0109588 0.000196025 0.000808254 -0.0109604 0.999844 0.0138452 -0.0320686 -4.42786e-05 -0.0138465 0.999904 0.0030095 0.0 0.0 0.0 1.0
office/seq-03/color/frame-000076.color.png office/seq-03/color/frame-000079.color.png 0.999935 0.0102832 0.00491821 -0.00484372 -0.0103486 0.999856 0.0134588 -0.0344569 -0.00477908 -0.0135088 0.999897 0.00867987 0.0 0.0 0.0 1.0
office/seq-03/color/frame-000077.color.png office/seq-03/color/frame-000080.color.png 0.999943 0.00778946 0.00730133 -0.00923225 -0.00784849 0.999937 0.00809189 -0.0325481 -0.00723777 -0.00814873 0.999941 0.00923893 0.0 0.0 0.0 1.0
office/seq-03/color/frame-000078.color.png office/seq-03/color/frame-000081.color.png 0.999925 0.00767162 0.00951575 -0.0100862 -0.00770359 0.999965 0.00332885 -0.0285417 -0.00948987 -0.00340192 0.999949 0.0137256 0.0 0.0 0.0 1.0
office/seq-03/color/frame-000079.color.png office/seq-03/color/frame-000082.color.png 0.999946 -0.00487297 0.00915749 -0.0111218 0.00486028 0.999987 0.00140561 -0.0270553 -0.0091642 -0.00136102 0.999957 0.00830719 0.0 0.0 0.0 1.0
office/seq-03/color/frame-000080.color.png office/seq-03/color/frame-000083.color.png 0.999968 -0.0014458 0.00792054 -0.0126658 0.00141901 0.999993 0.00338594 -0.0287333 -0.00792542 -0.00337459 0.999963 0.00880212 0.0 0.0 0.0 1.0
office/seq-03/color/frame-000081.color.png office/seq-03/color/frame-000084.color.png 0.999986 0.00294807 0.00430464 -0.00553097 -0.00295848 0.999993 0.00241246 -0.023097 -0.00429749 -0.00242515 0.999988 0.00577939 0.0 0.0 0.0 1.0
office/seq-03/color/frame-000082.color.png office/seq-03/color/frame-000085.color.png 0.999953 0.00752506 0.00612307 -0.00518505 -0.00756676 0.999948 0.00681684 -0.0315215 -0.00607146 -0.00686282 0.999958 0.00179055 0.0 0.0 0.0 1.0
office/seq-03/color/frame-000083.color.png office/seq-03/color/frame-000086.color.png 0.999963 0.00597926 0.00616368 -0.00470147 -0.00601903 0.999961 0.00645209 -0.0326908 -0.00612488 -0.00648896 0.99996 0.00582635 0.0 0.0 0.0 1.0
office/seq-03/color/frame-000084.color.png office/seq-03/color/frame-000087.color.png 0.999985 -0.000862696 0.00540006 -0.0156074 0.00091099 0.99996 -0.00894705 -0.00649488 -0.00539211 0.00895179 0.999945 0.0115098 0.0 0.0 0.0 1.0
office/seq-03/color/frame-000085.color.png office/seq-03/color/frame-000088.color.png 0.999992 -0.00276774 -0.0027807 -0.0124996 0.0027511 0.999978 -0.00597805 -0.0107323 0.0027972 0.00597042 0.999978 0.00956276 0.0 0.0 0.0 1.0
office/seq-03/color/frame-000086.color.png office/seq-03/color/frame-000089.color.png 0.999964 -0.00564321 -0.0062996 -0.0100161 0.00563902 0.999984 -0.000685057 -0.0213236 0.00630337 0.000649519 0.99998 0.0067395 0.0 0.0 0.0 1.0
office/seq-03/color/frame-000087.color.png office/seq-03/color/frame-000090.color.png 0.999998 0.0015874 -0.00134561 -0.0144774 -0.00158259 0.999992 0.00357141 -0.0287866 0.00135126 -0.00356925 0.999993 0.0119604 0.0 0.0 0.0 1.0
office/seq-03/color/frame-000088.color.png office/seq-03/color/frame-000091.color.png 0.999995 0.00185931 -0.00251303 -0.0065138 -0.00186109 0.999998 -0.000698503 -0.0208471 0.00251172 0.000703117 0.999997 0.00685054 0.0 0.0 0.0 1.0
office/seq-03/color/frame-000089.color.png office/seq-03/color/frame-000092.color.png 0.999997 -0.00189196 -0.00178154 -0.00506201 0.00188391 0.999988 -0.00450214 -0.00662649 0.00179001 0.00449875 0.999988 0.00405648 0.0 0.0 0.0 1.0
office/seq-03/color/frame-000090.color.png office/seq-03/color/frame-000093.color.png 0.999968 -0.00770887 0.00217522 -0.0118916 0.00769842 0.999959 0.00477911 -0.0178885 -0.00221196 -0.00476221 0.999986 -0.00171149 0.0 0.0 0.0 1.0
office/seq-03/color/frame-000091.color.png office/seq-03/color/frame-000094.color.png 0.999888 -0.0140025 0.00532565 -0.0237009 0.0139825 0.999895 0.00378236 -0.0143567 -0.00537808 -0.00370746 0.999979 0.0034883 0.0 0.0 0.0 1.0
office/seq-03/color/frame-000092.color.png office/seq-03/color/frame-000095.color.png 0.99994 -0.0099628 0.00457147 -0.027595 0.00993453 0.999932 0.00616364 -0.0188702 -0.00463257 -0.00611785 0.999971 0.00399888 0.0 0.0 0.0 1.0
office/seq-03/color/frame-000093.color.png office/seq-03/color/frame-000096.color.png 0.999908 -0.0129652 -0.0041048 -0.015196 0.0129874 0.999901 0.00543506 -0.0149221 0.0040339 -0.00548789 0.999977 -5.84126e-05 0.0 0.0 0.0 1.0
office/seq-03/color/frame-000094.color.png office/seq-03/color/frame-000097.color.png 0.999894 -0.0139249 -0.00421934 -0.0111945 0.0139626 0.999862 0.0090454 -0.0189736 0.0040928 -0.00910337 0.99995 -0.00440055 0.0 0.0 0.0 1.0
office/seq-03/color/frame-000095.color.png office/seq-03/color/frame-000098.color.png 0.999943 -0.0104805 -0.00203821 -0.00984722 0.0105019 0.999887 0.0108071 -0.0211142 0.00192476 -0.0108279 0.99994 -0.00606656 0.0 0.0 0.0 1.0
office/seq-03/color/frame-000096.color.png office/seq-03/color/frame-000099.color.png 0.999938 -0.0111045 -0.000685928 -0.00691186 0.01111 0.999901 0.00860246 -0.0160643 0.000590301 -0.00860951 0.999963 -0.0070681 0.0 0.0 0.0 1.0
office/seq-03/color/frame-000097.color.png office/seq-03/color/frame-000100.color.png 0.999951 -0.00880896 0.00452268 -0.00478685 0.00873835 0.999843 0.0153994 -0.0263782 -0.00465763 -0.0153591 0.999871 -0.0108435 0.0 0.0 0.0 1.0
office/seq-03/color/frame-000098.color.png office/seq-03/color/frame-000101.color.png 0.999769 -0.00607374 0.0206139 -0.0193223 0.00579426 0.999891 0.0135905 -0.0249135 -0.0206942 -0.013468 0.999695 -0.0130862 0.0 0.0 0.0 1.0
office/seq-03/color/frame-000099.color.png office/seq-03/color/frame-000102.color.png 0.999665 -0.00129516 0.0258544 -0.0215686 0.00100667 0.999937 0.0111681 -0.0181201 -0.0258672 -0.0111383 0.999603 -0.0158872 0.0 0.0 0.0 1.0
office/seq-03/color/frame-000100.color.png office/seq-03/color/frame-000103.color.png 0.999635 -0.00166046 0.0269804 -0.0290467 0.00162647 0.999998 0.001282 0.00249135 -0.0269824 -0.00123765 0.999635 -0.0120305 0.0 0.0 0.0 1.0
office/seq-03/color/frame-000101.color.png office/seq-03/color/frame-000104.color.png 0.999761 -0.00265061 0.0217063 -0.0250149 0.00220971 0.999791 0.0203112 -0.028084 -0.0217555 -0.0202584 0.999558 -0.0246301 0.0 0.0 0.0 1.0
office/seq-03/color/frame-000102.color.png office/seq-03/color/frame-000105.color.png 0.999767 -0.00675569 0.0205217 -0.0263801 0.00620261 0.999619 0.0268962 -0.0372747 -0.0206955 -0.0267627 0.999428 -0.029955 0.0 0.0 0.0 1.0
office/seq-03/color/frame-000103.color.png office/seq-03/color/frame-000106.color.png 0.99979 -0.00924948 0.0182685 -0.0246827 0.00882035 0.999687 0.0234332 -0.0255991 -0.0184795 -0.0232672 0.999558 -0.0280713 0.0 0.0 0.0 1.0
office/seq-03/color/frame-000104.color.png office/seq-03/color/frame-000107.color.png 0.999796 -0.0163219 0.0118858 -0.0219878 0.0161548 0.999771 0.0140194 -0.00808394 -0.0121119 -0.0138245 0.999831 -0.0260078 0.0 0.0 0.0 1.0
office/seq-03/color/frame-000105.color.png office/seq-03/color/frame-000108.color.png 0.999801 -0.015678 0.0123481 -0.0260683 0.0153918 0.999618 0.0229435 -0.0238298 -0.0127031 -0.0227488 0.99966 -0.0277368 0.0 0.0 0.0 1.0
office/seq-03/color/frame-000106.color.png office/seq-03/color/frame-000109.color.png 0.999794 -0.0155811 0.0130391 -0.0303519 0.0152748 0.999612 0.0232724 -0.0262477 -0.0133966 -0.0230684 0.999644 -0.0278979 0.0 0.0 0.0 1.0
office/seq-03/color/frame-000107.color.png office/seq-03/color/frame-000110.color.png 0.99976 -0.0208325 0.0067941 -0.026412 0.0207008 0.999607 0.0188993 -0.0176421 -0.00718513 -0.0187542 0.999798 -0.0235455 0.0 0.0 0.0 1.0
office/seq-03/color/frame-000108.color.png office/seq-03/color/frame-000111.color.png 0.999721 -0.0236118 0.00024352 -0.0194009 0.0236058 0.999615 0.0145566 -0.0141797 -0.000587125 -0.0145468 0.999894 -0.0263121 0.0 0.0 0.0 1.0
office/seq-03/color/frame-000109.color.png office/seq-03/color/frame-000112.color.png 0.999814 -0.0188778 -0.00391864 -0.00421265 0.0189653 0.999541 0.0236397 -0.0339051 0.00347053 -0.0237097 0.999713 -0.0305646 0.0 0.0 0.0 1.0
office/seq-03/color/frame-000110.color.png office/seq-03/color/frame-000113.color.png 0.999922 -0.0077194 0.00983486 -0.00649865 0.00753833 0.999804 0.0183165 -0.0269482 -0.00997433 -0.0182409 0.999784 -0.0240797 0.0 0.0 0.0 1.0
office/seq-03/color/frame-000111.color.png office/seq-03/color/frame-000114.color.png 0.999724 0.00340957 0.0232474 -0.0113736 -0.00382898 0.99983 0.0180206 -0.0341861 -0.023182 -0.0181047 0.999567 -0.0260401 0.0 0.0 0.0 1.0
office/seq-03/color/frame-000112.color.png office/seq-03/color/frame-000115.color.png 0.999636 0.0049183 0.026523 -0.0101118 -0.00516463 0.999944 0.00922692 -0.0244292 -0.0264761 -0.0093605 0.999606 -0.0304874 0.0 0.0 0.0 1.0
office/seq-03/color/frame-000113.color.png office/seq-03/color/frame-000116.color.png 0.999613 0.00638842 0.0270711 -0.0133171 -0.00655583 0.99996 0.00609918 -0.0217234 -0.0270311 -0.0062743 0.999615 -0.0320527 0.0 0.0 0.0 1.0
office/seq-03/color/frame-000114.color.png office/seq-03/color/frame-000117.color.png 0.999842 -0.00124329 0.0177413 0.00369717 0.00129991 0.999994 -0.00317973 -0.00207466 -0.0177372 0.00320233 0.999838 -0.0272378 0.0 0.0 0.0 1.0
office/seq-03/color/frame-000115.color.png office/seq-03/color/frame-000118.color.png 0.999758 0.00503683 0.0214337 0.00198615 -0.00517082 0.999967 0.00620085 -0.0230672 -0.0214018 -0.00631021 0.999751 -0.0331018 0.0 0.0 0.0 1.0
office/seq-03/color/frame-000116.color.png office/seq-03/color/frame-000119.color.png 0.999656 0.012057 0.0232979 -0.000703529 -0.0121531 0.999918 0.0039867 -0.019323 -0.0232478 -0.00426848 0.999721 -0.0282186 0.0 0.0 0.0 1.0
office/seq-03/color/frame-000117.color.png office/seq-03/color/frame-000120.color.png 0.999653 0.0129067 0.0229839 -0.00434937 -0.0130129 0.999905 0.0044745 -0.0155753 -0.022924 -0.00477212 0.999726 -0.0281531 0.0 0.0 0.0 1.0
office/seq-03/color/frame-000118.color.png office/seq-03/color/frame-000121.color.png 0.999797 0.0117126 0.0163895 0.00684635 -0.0117958 0.999918 0.00499015 -0.0124471 -0.0163296 -0.00518241 0.999853 -0.0282478 0.0 0.0 0.0 1.0
office/seq-03/color/frame-000119.color.png office/seq-03/color/frame-000122.color.png 0.999735 0.0145691 0.0178335 0.00573589 -0.0146759 0.999875 0.00587558 -0.0156787 -0.0177456 -0.00613567 0.999824 -0.0269647 0.0 0.0 0.0 1.0
office/seq-03/color/frame-000120.color.png office/seq-03/color/frame-000123.color.png 0.99975 0.0176736 0.0136841 0.0113567 -0.0178141 0.999789 0.0102166 -0.0334443 -0.0135007 -0.0104578 0.999854 -0.0354031 0.0 0.0 0.0 1.0
office/seq-03/color/frame-000121.color.png office/seq-03/color/frame-000124.color.png 0.99986 0.0129274 0.0105891 0.00866251 -0.0128813 0.999907 -0.00441426 -0.00646794 -0.0106453 0.00427729 0.999934 -0.0162243 0.0 0.0 0.0 1.0
office/seq-03/color/frame-000122.color.png office/seq-03/color/frame-000125.color.png 0.999898 0.0111819 0.00890774 0.0142916 -0.0112007 0.999935 0.00206124 -0.0220436 -0.00888411 -0.00216088 0.999958 -0.0230063 0.0 0.0 0.0 1.0
office/seq-03/color/frame-000123.color.png office/seq-03/color/frame-000126.color.png 0.999876 0.00759456 0.0137923 0.0122801 -0.00751474 0.999955 -0.00583144 -0.00540817 -0.013836 0.00572705 0.999888 -0.0192608 0.0 0.0 0.0 1.0
office/seq-03/color/frame-000124.color.png office/seq-03/color/frame-000127.color.png 0.999895 0.00527316 0.0134642 0.0142833 -0.00515829 0.99995 -0.008552 -0.0026449 -0.0135085 0.00848161 0.999873 -0.0187621 0.0 0.0 0.0 1.0
office/seq-03/color/frame-000125.color.png office/seq-03/color/frame-000128.color.png 0.99996 0.0048092 0.00754915 0.0226574 -0.00473091 0.999935 -0.0103543 -0.000332594 -0.00759845 0.0103182 0.999918 -0.0190704 0.0 0.0 0.0 1.0
office/seq-03/color/frame-000126.color.png office/seq-03/color/frame-000129.color.png 0.999937 0.00948339 0.00601043 0.025936 -0.00944867 0.999939 -0.00577904 -0.0138517 -0.00606486 0.00572187 0.999965 -0.0214597 0.0 0.0 0.0 1.0
office/seq-03/color/frame-000127.color.png office/seq-03/color/frame-000130.color.png 0.99994 0.00933951 0.00577558 0.0250459 -0.00927277 0.999891 -0.0114766 -0.00120169 -0.00588214 0.0114225 0.999918 -0.0161525 0.0 0.0 0.0 1.0
office/seq-03/color/frame-000128.color.png office/seq-03/color/frame-000131.color.png 0.999931 0.0115683 0.00213436 0.0264856 -0.0115515 0.999903 -0.00773324 -0.00833732 -0.00222357 0.00770806 0.999968 -0.0204324 0.0 0.0 0.0 1.0
office/seq-03/color/frame-000129.color.png office/seq-03/color/frame-000132.color.png 0.999929 0.0112173 -0.00414732 0.0315458 -0.01126 0.999882 -0.01043 0.000809312 0.00402994 0.0104759 0.999937 -0.0124552 0.0 0.0 0.0 1.0
office/seq-03/color/frame-000130.color.png office/seq-03/color/frame-000133.color.png 0.99992 0.0116041 -0.00510657 0.0332689 -0.011649 0.999893 -0.00884954 -0.00030905 0.00500332 0.00890827 0.999948 -0.0124203 0.0 0.0 0.0 1.0
office/seq-03/color/frame-000131.color.png office/seq-03/color/frame-000134.color.png 0.999943 0.0105071 -0.00182312 0.0281804 -0.0105216 0.999912 -0.0080923 0.00487685 0.00173787 0.00811101 0.999965 -0.0117674 0.0 0.0 0.0 1.0
office/seq-03/color/frame-000132.color.png office/seq-03/color/frame-000135.color.png 0.999905 0.0114526 -0.00764415 0.0411735 -0.0114439 0.999934 0.00118805 -0.00885606 0.00765717 -0.00110044 0.99997 -0.0198118 0.0 0.0 0.0 1.0
office/seq-03/color/frame-000133.color.png office/seq-03/color/frame-000136.color.png 0.999806 0.0170344 -0.00991955 0.0468583 -0.0170339 0.999855 0.000142285 -0.0075174 0.00992054 2.66576e-05 0.999951 -0.0248324 0.0 0.0 0.0 1.0
office/seq-03/color/frame-000134.color.png office/seq-03/color/frame-000137.color.png 0.999811 0.0176899 -0.00807501 0.0434414 -0.0176999 0.999843 -0.00116716 -0.00469935 0.00805303 0.00130987 0.999967 -0.0145788 0.0 0.0 0.0 1.0
office/seq-03/color/frame-000135.color.png office/seq-03/color/frame-000138.color.png 0.999906 0.013648 -0.00146655 0.0307581 -0.0136518 0.999904 -0.00254498 -0.0043444 0.00143164 0.00256475 0.999996 -0.00504208 0.0 0.0 0.0 1.0
office/seq-03/color/frame-000136.color.png office/seq-03/color/frame-000139.color.png 0.999972 0.0061663 -0.00429075 0.0332249 -0.00619789 0.999954 -0.00738792 0.0037455 0.00424499 0.00741435 0.999964 0.000294417 0.0 0.0 0.0 1.0
office/seq-03/color/frame-000137.color.png office/seq-03/color/frame-000140.color.png 0.999952 0.00400918 -0.00894406 0.0324561 -0.00413632 0.99989 -0.0142453 0.0144773 0.00888602 0.0142816 0.999859 0.00308409 0.0 0.0 0.0 1.0
office/seq-03/color/frame-000138.color.png office/seq-03/color/frame-000141.color.png 0.99982 0.00513104 -0.0182579 0.0408422 -0.00535504 0.999911 -0.0122415 0.0104784 0.0181935 0.012337 0.999758 -0.000672847 0.0 0.0 0.0 1.0
office/seq-03/color/frame-000139.color.png office/seq-03/color/frame-000142.color.png 0.999685 0.00583951 -0.0244214 0.0493472 -0.00604019 0.999948 -0.00815174 0.00290322 0.0243727 0.00829667 0.999669 -0.00935194 0.0 0.0 0.0 1.0
office/seq-03/color/frame-000140.color.png office/seq-03/color/frame-000143.color.png 0.999796 0.00672651 -0.0190553 0.0434552 -0.00681936 0.999965 -0.00481208 0.00104833 0.0190223 0.00494107 0.999807 -0.00814031 0.0 0.0 0.0 1.0
office/seq-03/color/frame-000141.color.png office/seq-03/color/frame-000144.color.png 0.999898 0.00381511 -0.0137895 0.0390126 -0.00386507 0.999986 -0.0035954 -0.000321805 0.0137756 0.00364835 0.999899 -0.00643924 0.0 0.0 0.0 1.0
office/seq-03/color/frame-000142.color.png office/seq-03/color/frame-000145.color.png 0.999923 0.00848949 -0.00909111 0.0322768 -0.00853137 0.999953 -0.00457749 0.00479615 0.00905183 0.00465473 0.999948 0.00258251 0.0 0.0 0.0 1.0
office/seq-03/color/frame-000143.color.png office/seq-03/color/frame-000146.color.png 0.999858 0.0105919 -0.0131048 0.0344017 -0.0106825 0.999919 -0.00686717 0.00558335 0.0130309 0.00700616 0.999891 0.0055217 0.0 0.0 0.0 1.0
office/seq-03/color/frame-000144.color.png office/seq-03/color/frame-000147.color.png 0.999777 0.0116092 -0.0176634 0.0372374 -0.0118385 0.999846 -0.0129309 0.0138831 0.0175105 0.0131371 0.99976 0.008746 0.0 0.0 0.0 1.0
office/seq-03/color/frame-000145.color.png office/seq-03/color/frame-000148.color.png 0.999604 0.00588818 -0.0275354 0.0503222 -0.00618974 0.999922 -0.0108795 0.00424302 0.0274691 0.0110456 0.999561 -0.00572743 0.0 0.0 0.0 1.0
office/seq-03/color/frame-000146.color.png office/seq-03/color/frame-000149.color.png 0.999749 0.0013382 -0.0223713 0.0439917 -0.00149582 0.999974 -0.0070305 -0.0037055 0.0223613 0.00706222 0.999725 -0.00381558 0.0 0.0 0.0 1.0
office/seq-03/color/frame-000147.color.png office/seq-03/color/frame-000150.color.png 0.999786 0.000528349 -0.0206862 0.040617 -0.000670527 0.999976 -0.00686801 -0.00386888 0.0206821 0.00688035 0.999762 0.00115207 0.0 0.0 0.0 1.0
office/seq-03/color/frame-000148.color.png office/seq-03/color/frame-000151.color.png 0.999851 0.00716036 -0.0156833 0.0331673 -0.00727659 0.999946 -0.00736668 -0.0021649 0.0156298 0.00747971 0.99985 0.00467469 0.0 0.0 0.0 1.0
office/seq-03/color/frame-000149.color.png office/seq-03/color/frame-000152.color.png 0.999321 0.0217745 -0.0297167 0.0539847 -0.0221004 0.999699 -0.0106825 0.00514513 0.0294752 0.011332 0.999501 0.0131733 0.0 0.0 0.0 1.0
office/seq-03/color/frame-000150.color.png office/seq-03/color/frame-000153.color.png 0.99886 0.0179728 -0.0442269 0.0796218 -0.0185769 0.999739 -0.0132869 0.0018 0.0439766 0.0140934 0.998933 0.00282653 0.0 0.0 0.0 1.0
office/seq-03/color/frame-000151.color.png office/seq-03/color/frame-000154.color.png 0.99931 0.011078 -0.035459 0.0657729 -0.01134 0.99991 -0.00719634 -0.010857 0.035376 0.00759348 0.999345 0.0117775 0.0 0.0 0.0 1.0
office/seq-03/color/frame-000152.color.png office/seq-03/color/frame-000155.color.png 0.999874 -0.00845915 -0.0134149 0.0321498 0.00833953 0.999925 -0.00894723 -0.00859606 0.0134895 0.0088342 0.99987 0.0146947 0.0 0.0 0.0 1.0
office/seq-03/color/frame-000153.color.png office/seq-03/color/frame-000156.color.png 0.999981 -0.00233942 -0.00571366 0.0238736 0.00225068 0.999877 -0.0154857 0.00223988 0.00574916 0.0154726 0.999864 0.0305394 0.0 0.0 0.0 1.0
office/seq-03/color/frame-000154.color.png office/seq-03/color/frame-000157.color.png 0.999911 0.00189259 -0.0131795 0.032258 -0.00217419 0.999769 -0.0213857 0.0182256 0.013136 0.0214125 0.999684 0.0238336 0.0 0.0 0.0 1.0
office/seq-03/color/frame-000155.color.png office/seq-03/color/frame-000158.color.png 0.999711 0.00865947 -0.0224143 0.054042 -0.00888716 0.99991 -0.0100792 0.0045684 0.022325 0.0102754 0.999698 0.010411 0.0 0.0 0.0 1.0
office/seq-03/color/frame-000156.color.png office/seq-03/color/frame-000159.color.png 0.9998 0.00404075 -0.0195792 0.0676865 -0.00408705 0.999989 -0.00232604 -0.00430661 0.0195696 0.0024056 0.999806 0.00922546 0.0 0.0 0.0 1.0
office/seq-03/color/frame-000157.color.png office/seq-03/color/frame-000160.color.png 0.999954 0.00103385 -0.00954321 0.0520984 -0.00103701 0.999999 -0.000323969 -0.00582677 0.00954284 0.000333811 0.999954 0.0213075 0.0 0.0 0.0 1.0
office/seq-03/color/frame-000158.color.png office/seq-03/color/frame-000161.color.png 0.999969 -0.00410053 -0.0067285 0.0505116 0.00409413 0.999991 -0.000963073 -0.00458223 0.00673244 0.000935528 0.999977 0.0213907 0.0 0.0 0.0 1.0
office/seq-03/color/frame-000159.color.png office/seq-03/color/frame-000162.color.png 0.999962 -0.00378421 -0.00781035 0.0412922 0.00383371 0.999973 0.00633545 -0.00973558 0.00778615 -0.00636512 0.99995 0.00914469 0.0 0.0 0.0 1.0
office/seq-03/color/frame-000160.color.png office/seq-03/color/frame-000163.color.png 0.99998 -0.00154151 -0.0061707 0.0409246 0.00159828 0.999956 0.0092023 -0.016872 0.00615625 -0.00921198 0.999939 0.0136268 0.0 0.0 0.0 1.0
office/seq-03/color/frame-000161.color.png office/seq-03/color/frame-000164.color.png 0.999992 0.00381355 0.000813888 0.0360395 -0.00381779 0.999979 0.00525809 -0.0189102 -0.000793874 -0.0052612 0.999986 0.0284367 0.0 0.0 0.0 1.0
office/seq-03/color/frame-000162.color.png office/seq-03/color/frame-000165.color.png 0.999988 0.00477429 0.000622933 0.0459644 -0.00477053 0.999971 -0.00588548 -0.0126572 -0.000650999 0.00588245 0.999982 0.0332866 0.0 0.0 0.0 1.0
office/seq-03/color/frame-000163.color.png office/seq-03/color/frame-000166.color.png 0.999959 0.00899518 0.000434431 0.0529806 -0.00899249 0.999942 -0.0058518 -0.0152547 -0.000487017 0.00584768 0.999983 0.0268447 0.0 0.0 0.0 1.0
office/seq-03/color/frame-000164.color.png office/seq-03/color/frame-000167.color.png 0.999979 -0.00639312 0.00114585 0.0443476 0.00640881 0.999878 -0.0142433 0.00711995 -0.00105462 0.0142503 0.999898 0.0467029 0.0 0.0 0.0 1.0
office/seq-03/color/frame-000165.color.png office/seq-03/color/frame-000168.color.png 0.999976 -0.00672594 -0.00172924 0.0417007 0.00671244 0.999948 -0.00769885 -0.00471985 0.00178096 0.00768703 0.999969 0.0378338 0.0 0.0 0.0 1.0
office/seq-03/color/frame-000166.color.png office/seq-03/color/frame-000169.color.png 0.999983 -0.00203835 -0.00547529 0.0542473 0.0020253 0.999995 -0.00239232 -0.0144387 0.00548014 0.00238118 0.999982 0.0401812 0.0 0.0 0.0 1.0
office/seq-03/color/frame-000167.color.png office/seq-03/color/frame-000170.color.png 0.999936 0.00678625 -0.00906093 0.0599601 -0.00682338 0.999968 -0.00407489 -0.0105776 0.009033 0.00413645 0.999951 0.0134692 0.0 0.0 0.0 1.0
office/seq-03/color/frame-000168.color.png office/seq-03/color/frame-000171.color.png 0.99997 0.00744215 -0.0020468 0.0460734 -0.00744767 0.999969 -0.00269953 -0.00329244 0.00202664 0.00271473 0.999994 0.0295046 0.0 0.0 0.0 1.0
office/seq-03/color/frame-000169.color.png office/seq-03/color/frame-000172.color.png 0.999985 0.00550198 0.000401046 0.0341292 -0.00550045 0.999978 -0.00372606 0.00754154 -0.000421534 0.0037238 0.999993 0.036104 0.0 0.0 0.0 1.0
office/seq-03/color/frame-000170.color.png office/seq-03/color/frame-000173.color.png 0.99994 0.0109819 0.000544633 0.0341482 -0.0109808 0.999938 -0.00210207 -0.00268751 -0.000567676 0.00209597 0.999998 0.0491329 0.0 0.0 0.0 1.0
office/seq-03/color/frame-000171.color.png office/seq-03/color/frame-000174.color.png 0.999844 0.0176467 0.000216688 0.0361272 -0.0176408 0.99971 -0.0163735 0.00529647 -0.000505548 0.0163671 0.999866 0.0476146 0.0 0.0 0.0 1.0
office/seq-03/color/frame-000172.color.png office/seq-03/color/frame-000175.color.png 0.999968 0.0078114 0.00189145 0.0501039 -0.00774554 0.999438 -0.0326268 -0.0051049 -0.00214527 0.032611 0.999466 0.0680041 0.0 0.0 0.0 1.0
office/seq-03/color/frame-000173.color.png office/seq-03/color/frame-000176.color.png 0.999998 -0.00204127 1.07949e-05 0.0525741 0.00204014 0.999231 -0.0391587 0.00629145 6.91472e-05 0.0391586 0.999233 0.0583483 0.0 0.0 0.0 1.0
office/seq-03/color/frame-000174.color.png office/seq-03/color/frame-000177.color.png 0.999816 -0.0191672 -3.11451e-05 0.0393062 0.0191573 0.999347 -0.0306358 0.00386369 0.000618281 0.0306295 0.99953 0.0573135 0.0 0.0 0.0 1.0
