office/seq-03/color/frame-000001.color.png office/seq-03/color/frame-000004.color.png 0.999942 0.00428176 -0.00986729 -0.00176656 -0.00427644 0.999991 0.000560741 -0.00202057 0.0098696 -0.000518512 0.999951 0.00692433 0.0 0.0 0.0 1.0
office/seq-03/color/frame-000004.color.png office/seq-03/color/frame-000007.color.png 0.999879 0.00563652 -0.0145073 0.000694105 -0.00551581 0.99995 0.00834734 -0.000261997 0.0145537 -0.00826631 0.99986 0.0055472 0.0 0.0 0.0 1.0
office/seq-03/color/frame-000007.color.png office/seq-03/color/frame-000010.color.png 0.999901 9.0489e-05 -0.0140695 -0.00393689 6.89257e-05 0.999936 0.0113297 -0.00252106 0.0140696 -0.0113295 0.999837 0.0160543 0.0 0.0 0.0 1.0
office/seq-03/color/frame-000010.color.png office/seq-03/color/frame-000013.color.png 0.9999 0.00866681 -0.0111455 -0.00113047 -0.00855282 0.999911 0.010234 -0.00278825 0.0112332 -0.0101377 0.999885 0.016778 0.0 0.0 0.0 1.0
office/seq-03/color/frame-000013.color.png office/seq-03/color/frame-000016.color.png 0.999967 0.0046817 -0.00656753 -0.00343823 -0.00455763 0.999813 0.0187809 -0.0174448 0.00665423 -0.0187503 0.999802 0.0253504 0.0 0.0 0.0 1.0
office/seq-03/color/frame-000016.color.png office/seq-03/color/frame-000019.color.png 0.999928 0.00925955 -0.00764909 0.00170358 -0.00927918 0.999954 -0.00253512 -0.00494864 0.00762527 0.00260591 0.999967 0.0191998 0.0 0.0 0.0 1.0
office/seq-03/color/frame-000019.color.png office/seq-03/color/frame-000022.color.png 0.999987 0.00506606 0.00113372 -0.00822397 -0.00507976 0.99991 0.0124328 -0.0194605 -0.00107062 -0.0124384 0.999922 0.0355855 0.0 0.0 0.0 1.0
office/seq-03/color/frame-000022.color.png office/seq-03/color/frame-000025.color.png 0.999982 0.00510714 0.00310945 -0.000865975 -0.00507938 0.999948 -0.00887134 -0.0145935 -0.00315458 0.00885538 0.999956 0.0283243 0.0 0.0 0.0 1.0
office/seq-03/color/frame-000025.color.png office/seq-03/color/frame-000028.color.png 0.999768 0.00671387 0.0204869 -0.0113168 -0.00724634 0.999635 0.0260279 -0.039568 -0.0203047 -0.0261703 0.999451 0.0346949 0.0 0.0 0.0 1.0
office/seq-03/color/frame-000028.color.png office/seq-03/color/frame-000031.color.png 0.999888 -0.00567073 0.0138501 0.000722406 0.00596492 0.999755 -0.021293 -0.0112393 -0.013726 0.0213732 0.999677 0.0188287 0.0 0.0 0.0 1.0
office/seq-03/color/frame-000031.color.png office/seq-03/color/frame-000034.color.png 0.999276 -0.0244566 0.0291445 -0.0197618 0.0236409 0.999328 0.0280114 -0.0171407 -0.02981 -0.0273021 0.999183 0.0204946 0.0 0.0 0.0 1.0
office/seq-03/color/frame-000034.color.png office/seq-03/color/frame-000037.color.png 0.999816 -0.0130325 0.0140505 -0.00938788 0.0125738 0.999401 0.0322502 -0.0336384 -0.0144624 -0.0320676 0.999381 0.0155485 0.0 0.0 0.0 1.0
office/seq-03/color/frame-000037.color.png office/seq-03/color/frame-000040.color.png 0.99997 0.00464305 0.0061261 -0.0197292 -0.00471657 0.999916 0.0120414 -0.0289249 -0.00606968 -0.01207 0.999909 0.0330453 0.0 0.0 0.0 1.0
office/seq-03/color/frame-000040.color.png office/seq-03/color/frame-000043.color.png 0.999907 -0.0135675 0.00112994 0.00407308 0.0135458 0.999757 0.017417 -0.0187745 -0.00136597 -0.0174001 0.999848 0.000306785 0.0 0.0 0.0 1.0
office/seq-03/color/frame-000043.color.png office/seq-03/color/frame-000046.color.png 0.999907 -0.00332143 0.013228 -0.0122015 0.00317595 0.999934 0.0110039 -0.0215626 -0.0132636 -0.0109608 0.999852 0.0167967 0.0 0.0 0.0 1.0
office/seq-03/color/frame-000046.color.png office/seq-03/color/frame-000049.color.png 0.999968 -0.00796774 -0.000493648 -0.00441482 0.00797207 0.999923 0.00950608 -0.0198736 0.00041786 -0.0095097 0.999955 0.0132707 0.0 0.0 0.0 1.0
office/seq-03/color/frame-000049.color.png office/seq-03/color/frame-000052.color.png 0.999784 0.0189131 0.00858747 -0.00508115 -0.0189658 0.999802 0.0060989 -0.0340802 -0.00847042 -0.00626043 0.999944 0.0173496 0.0 0.0 0.0 1.0
office/seq-03/color/frame-000052.color.png office/seq-03/color/frame-000055.color.png 0.999819 0.0101971 0.016084 -0.00123233 -0.0105536 0.999697 0.0222352 -0.0353658 -0.0158524 -0.0224009 0.999623 0.0089705 0.0 0.0 0.0 1.0
office/seq-03/color/frame-000055.color.png office/seq-03/color/frame-000058.color.png 0.998922 0.0364134 0.0287978 -0.0193062 -0.0360234 0.999254 -0.0139472 -0.0379861 -0.0292842 0.0128948 0.999488 0.0334141 0.0 0.0 0.0 1.0
office/seq-03/color/frame-000058.color.png office/seq-03/color/frame-000061.color.png 0.999877 0.000692313 0.0156643 -0.000642091 -0.000434268 0.999864 -0.0164711 -0.0216869 -0.0156736 0.0164623 0.999742 0.0153122 0.0 0.0 0.0 1.0
office/seq-03/color/frame-000061.color.png office/seq-03/color/frame-000064.color.png 0.999858 0.00777071 0.0149207 -0.00119303 -0.0077812 0.999969 0.00064488 -0.048656 -0.0149152 -0.000760891 0.999888 0.0125364 0.0 0.0 0.0 1.0
office/seq-03/color/frame-000064.color.png office/seq-03/color/frame-000067.color.png 0.999775 -0.00318609 0.0209618 -0.0135252 0.00372585 0.999661 -0.0257614 -0.00379807 -0.0208726 0.0258338 0.999448 0.0199113 0.0 0.0 0.0 1.0
office/seq-03/color/frame-000067.color.png office/seq-03/color/frame-000070.color.png 0.999963 0.00828099 0.00228527 0.0101251 -0.00830922 0.999886 0.0126436 -0.0491836 -0.0021803 -0.0126621 0.999917 -0.00251833 0.0 0.0 0.0 1.0
office/seq-03/color/frame-000070.color.png office/seq-03/color/frame-000073.color.png 0.999975 -0.0036741 0.00611385 -0.00592805 0.00367296 0.999993 0.000196515 -0.0151686 -0.00611454 -0.000174044 0.999981 0.00528339 0.0 0.0 0.0 1.0
office/seq-03/color/frame-000073.color.png office/seq-03/color/frame-000076.color.png 0.999983 0.00588162 -0.000340867 0.000500269 -0.00587722 0.999914 0.0117371 -0.0309701 0.000409858 -0.0117349 0.999931 0.00203791 0.0 0.0 0.0 1.0
office/seq-03/color/frame-000076.color.png office/seq-03/color/frame-000079.color.png 0.999935 0.0102832 0.00491821 -0.00484372 -0.0103486 0.999856 0.0134588 -0.0344569 -0.00477908 -0.0135088 0.999897 0.00867987 0.0 0.0 0.0 1.0
office/seq-03/color/frame-000079.color.png office/seq-03/color/frame-000082.color.png 0.999946 -0.00487297 0.00915749 -0.0111218 0.00486028 0.999987 0.00140561 -0.0270553 -0.0091642 -0.00136102 0.999957 0.00830719 0.0 0.0 0.0 1.0
office/seq-03/color/frame-000082.color.png office/seq-03/color/frame-000085.color.png 0.999953 0.00752506 0.00612307 -0.00518505 -0.00756676 0.999948 0.00681684 -0.0315215 -0.00607146 -0.00686282 0.999958 0.00179055 0.0 0.0 0.0 1.0
office/seq-03/color/frame-000085.color.png office/seq-03/color/frame-000088.color.png 0.999992 -0.00276774 -0.0027807 -0.0124996 0.0027511 0.999978 -0.00597805 -0.0107323 0.0027972 0.00597042 0.999978 0.00956276 0.0 0.0 0.0 1.0
office/seq-03/color/frame-000088.color.png office/seq-03/color/frame-000091.color.png 0.999995 0.00185931 -0.00251303 -0.0065138 -0.00186109 0.999998 -0.000698503 -0.0208471 0.00251172 0.000703117 0.999997 0.00685054 0.0 0.0 0.0 1.0
office/seq-03/color/frame-000091.color.png office/seq-03/color/frame-000094.color.png 0.999888 -0.0140025 0.00532565 -0.0237009 0.0139825 0.999895 0.00378236 -0.0143567 -0.00537808 -0.00370746 0.999979 0.0034883 0.0 0.0 0.0 1.0
office/seq-03/color/frame-000094.color.png office/seq-03/color/frame-000097.color.png 0.999894 -0.0139249 -0.00421934 -0.0111945 0.0139626 0.999862 0.0090454 -0.0189736 0.0040928 -0.00910337 0.99995 -0.00440055 0.0 0.0 0.0 1.0
office/seq-03/color/frame-000097.color.png office/seq-03/color/frame-000100.color.png 0.999951 -0.00880896 0.00452268 -0.00478685 0.00873835 0.999843 0.0153994 -0.0263782 -0.00465763 -0.0153591 0.999871 -0.0108435 0.0 0.0 0.0 1.0
office/seq-03/color/frame-000100.color.png office/seq-03/color/frame-000103.color.png 0.999635 -0.00166046 0.0269804 -0.0290467 0.00162647 0.999998 0.001282 0.00249135 -0.0269824 -0.00123765 0.999635 -0.0120305 0.0 0.0 0.0 1.0
office/seq-03/color/frame-000103.color.png office/seq-03/color/frame-000106.color.png 0.99979 -0.00924948 0.0182685 -0.0246827 0.00882035 0.999687 0.0234332 -0.0255991 -0.0184795 -0.0232672 0.999558 -0.0280713 0.0 0.0 0.0 1.0
office/seq-03/color/frame-000106.color.png office/seq-03/color/frame-000109.color.png 0.999794 -0.0155811 0.0130391 -0.0303519 0.0152748 0.999612 0.0232724 -0.0262477 -0.0133966 -0.0230684 0.999644 -0.0278979 0.0 0.0 0.0 1.0
office/seq-03/color/frame-000109.color.png office/seq-03/color/frame-000112.color.png 0.999814 -0.0188778 -0.00391864 -0.00421265 0.0189653 0.999541 0.0236397 -0.0339051 0.00347053 -0.0237097 0.999713 -0.0305646 0.0 0.0 0.0 1.0
office/seq-03/color/frame-000112.color.png office/seq-03/color/frame-000115.color.png 0.999636 0.0049183 0.026523 -0.0101118 -0.00516463 0.999944 0.00922692 -0.0244292 -0.0264761 -0.0093605 0.999606 -0.0304874 0.0 0.0 0.0 1.0
office/seq-03/color/frame-000115.color.png office/seq-03/color/frame-000118.color.png 0.999758 0.00503683 0.0214337 0.00198615 -0.00517082 0.999967 0.00620085 -0.0230672 -0.0214018 -0.00631021 0.999751 -0.0331018 0.0 0.0 0.0 1.0
office/seq-03/color/frame-000118.color.png office/seq-03/color/frame-000121.color.png 0.999797 0.0117126 0.0163895 0.00684635 -0.0117958 0.999918 0.00499015 -0.0124471 -0.0163296 -0.00518241 0.999853 -0.0282478 0.0 0.0 0.0 1.0
office/seq-03/color/frame-000121.color.png office/seq-03/color/frame-000124.color.png 0.99986 0.0129274 0.0105891 0.00866251 -0.0128813 0.999907 -0.00441426 -0.00646794 -0.0106453 0.00427729 0.999934 -0.0162243 0.0 0.0 0.0 1.0
office/seq-03/color/frame-000124.color.png office/seq-03/color/frame-000127.color.png 0.999895 0.00527316 0.0134642 0.0142833 -0.00515829 0.99995 -0.008552 -0.0026449 -0.0135085 0.00848161 0.999873 -0.0187621 0.0 0.0 0.0 1.0
office/seq-03/color/frame-000127.color.png office/seq-03/color/frame-000130.color.png 0.99994 0.00933951 0.00577558 0.0250459 -0.00927277 0.999891 -0.0114766 -0.00120169 -0.00588214 0.0114225 0.999918 -0.0161525 0.0 0.0 0.0 1.0
office/seq-03/color/frame-000130.color.png office/seq-03/color/frame-000133.color.png 0.99992 0.0116041 -0.00510657 0.0332689 -0.011649 0.999893 -0.00884954 -0.00030905 0.00500332 0.00890827 0.999948 -0.0124203 0.0 0.0 0.0 1.0
office/seq-03/color/frame-000133.color.png office/seq-03/color/frame-000136.color.png 0.999806 0.0170344 -0.00991955 0.0468583 -0.0170339 0.999855 0.000142285 -0.0075174 0.00992054 2.66576e-05 0.999951 -0.0248324 0.0 0.0 0.0 1.0
office/seq-03/color/frame-000136.color.png office/seq-03/color/frame-000139.color.png 0.999972 0.0061663 -0.00429075 0.0332249 -0.00619789 0.999954 -0.00738792 0.0037455 0.00424499 0.00741435 0.999964 0.000294417 0.0 0.0 0.0 1.0
office/seq-03/color/frame-000139.color.png office/seq-03/color/frame-000142.color.png 0.999685 0.00583951 -0.0244214 0.0493472 -0.00604019 0.999948 -0.00815174 0.00290322 0.0243727 0.00829667 0.999669 -0.00935194 0.0 0.0 0.0 1.0
office/seq-03/color/frame-000142.color.png office/seq-03/color/frame-000145.color.png 0.999923 0.00848949 -0.00909111 0.0322768 -0.00853137 0.999953 -0.00457749 0.00479615 0.00905183 0.00465473 0.999948 0.00258251 0.0 0.0 0.0 1.0
office/seq-03/color/frame-000145.color.png office/seq-03/color/frame-000148.color.png 0.999604 0.00588818 -0.0275354 0.0503222 -0.00618974 0.999922 -0.0108795 0.00424302 0.0274691 0.0110456 0.999561 -0.00572743 0.0 0.0 0.0 1.0
office/seq-03/color/frame-000148.color.png office/seq-03/color/frame-000151.color.png 0.999851 0.00716036 -0.0156833 0.0331673 -0.00727659 0.999946 -0.00736668 -0.0021649 0.0156298 0.00747971 0.99985 0.00467469 0.0 0.0 0.0 1.0
office/seq-03/color/frame-000151.color.png office/seq-03/color/frame-000154.color.png 0.99931 0.011078 -0.035459 0.0657729 -0.01134 0.99991 -0.00719634 -0.010857 0.035376 0.00759348 0.999345 0.0117775 0.0 0.0 0.0 1.0
office/seq-03/color/frame-000154.color.png office/seq-03/color/frame-000157.color.png 0.999911 0.00189259 -0.0131795 0.032258 -0.00217419 0.999769 -0.0213857 0.0182256 0.013136 0.0214125 0.999684 0.0238336 0.0 0.0 0.0 1.0
office/seq-03/color/frame-000157.color.png office/seq-03/color/frame-000160.color.png 0.999954 0.00103385 -0.00954321 0.0520984 -0.00103701 0.999999 -0.000323969 -0.00582677 0.00954284 0.000333811 0.999954 0.0213075 0.0 0.0 0.0 1.0
office/seq-03/color/frame-000160.color.png office/seq-03/color/frame-000163.color.png 0.99998 -0.00154151 -0.0061707 0.0409246 0.00159828 0.999956 0.0092023 -0.016872 0.00615625 -0.00921198 0.999939 0.0136268 0.0 0.0 0.0 1.0
office/seq-03/color/frame-000163.color.png office/seq-03/color/frame-000166.color.png 0.999959 0.00899518 0.000434431 0.0529806 -0.00899249 0.999942 -0.0058518 -0.0152547 -0.000487017 0.00584768 0.999983 0.0268447 0.0 0.0 0.0 1.0
office/seq-03/color/frame-000166.color.png office/seq-03/color/frame-000169.color.png 0.999983 -0.00203835 -0.00547529 0.0542473 0.0020253 0.999995 -0.00239232 -0.0144387 0.00548014 0.00238118 0.999982 0.0401812 0.0 0.0 0.0 1.0
office/seq-03/color/frame-000169.color.png office/seq-03/color/frame-000172.color.png 0.999985 0.00550198 0.000401046 0.0341292 -0.00550045 0.999978 -0.00372606 0.00754154 -0.000421534 0.0037238 0.999993 0.036104 0.0 0.0 0.0 1.0
office/seq-03/color/frame-000172.color.png office/seq-03/color/frame-000175.color.png 0.999968 0.0078114 0.00189145 0.0501039 -0.00774554 0.999438 -0.0326268 -0.0051049 -0.00214527 0.032611 0.999466 0.0680041 0.0 0.0 0.0 1.0
office/seq-03/color/frame-000175.color.png office/seq-03/color/frame-000178.color.png 0.999887 -0.0147126 -0.00306798 0.0279785 0.0146864 0.999857 -0.00839941 0.00183874 0.00319116 0.0083534 0.99996 0.0318273 0.0 0.0 0.0 1.0
office/seq-03/color/frame-000178.color.png office/seq-03/color/frame-000181.color.png 0.999895 -0.0143158 0.00227768 0.0317597 0.0143455 0.999805 -0.0136017 0.00102317 -0.00208257 0.013633 0.999905 0.0272493 0.0 0.0 0.0 1.0
office/seq-03/color/frame-000181.color.png office/seq-03/color/frame-000184.color.png 0.999682 -0.0097015 -0.0232955 0.0498064 0.00967065 0.999952 -0.00143711 -0.00807256 0.0233083 0.0012114 0.999728 0.049257 0.0 0.0 0.0 1.0
office/seq-03/color/frame-000184.color.png office/seq-03/color/frame-000187.color.png 0.999633 0.0124196 -0.0240905 0.0636253 -0.0124706 0.99992 -0.0019679 0.00552237 0.0240642 0.00226758 0.999708 0.0288442 0.0 0.0 0.0 1.0
office/seq-03/color/frame-000187.color.png office/seq-03/color/frame-000190.color.png 0.99897 0.0379623 -0.0248522 0.0697386 -0.0391633 0.997993 -0.0497672 0.0400068 0.022913 0.0506893 0.998452 0.078134 0.0 0.0 0.0 1.0
office/seq-03/color/frame-000190.color.png office/seq-03/color/frame-000193.color.png 0.998892 0.0142383 -0.044863 0.0788501 -0.0149372 0.999772 -0.0152837 0.0236181 0.0446351 0.0159369 0.998876 0.017471 0.0 0.0 0.0 1.0
office/seq-03/color/frame-000193.color.png office/seq-03/color/frame-000196.color.png 0.998513 0.0192426 -0.0510081 0.11352 -0.0183045 0.999656 0.018794 -0.0214423 0.0513522 -0.0178324 0.998521 -0.0262099 0.0 0.0 0.0 1.0
office/seq-03/color/frame-000196.color.png office/seq-03/color/frame-000199.color.png 0.999746 0.00541839 -0.0218938 0.0411731 -0.00512199 0.999895 0.0135706 -0.0159541 0.021965 -0.013455 0.999668 0.0212966 0.0 0.0 0.0 1.0
office/seq-03/color/frame-000199.color.png office/seq-03/color/frame-000202.color.png 0.999963 0.00584549 0.00628906 0.0131282 -0.0058393 0.999982 -0.00100383 -0.0101249 -0.00629481 0.000967069 0.99998 0.0634683 0.0 0.0 0.0 1.0
office/seq-03/color/frame-000202.color.png office/seq-03/color/frame-000205.color.png 0.999856 -0.0141803 0.00928708 -0.00554061 0.0142433 0.999876 -0.00675544 -0.0106909 -0.00919013 0.00688673 0.999934 0.0664618 0.0 0.0 0.0 1.0
office/seq-03/color/frame-000205.color.png office/seq-03/color/frame-000208.color.png 0.999783 -0.00732598 0.0194897 -0.0159651 0.00718695 0.999948 0.00719448 -0.0209005 -0.0195414 -0.00705286 0.999784 0.0671097 0.0 0.0 0.0 1.0
office/seq-03/color/frame-000208.color.png office/seq-03/color/frame-000211.color.png 0.999229 0.00523903 0.038919 -0.023113 -0.00513811 0.999983 -0.00269302 -0.00950688 -0.0389325 0.00249097 0.999239 0.0912987 0.0 0.0 0.0 1.0
office/seq-03/color/frame-000211.color.png office/seq-03/color/frame-000214.color.png 0.999689 -0.0245848 0.00422198 -0.00577408 0.0246004 0.999691 -0.00366353 -0.0268777 -0.00413062 0.00376625 0.999984 0.0548801 0.0 0.0 0.0 1.0
office/seq-03/color/frame-000214.color.png office/seq-03/color/frame-000217.color.png 0.999284 -0.0150423 0.0347285 -0.0486143 0.0149793 0.999886 0.00207314 -0.0293548 -0.0347557 -0.00155142 0.999395 0.101434 0.0 0.0 0.0 1.0
office/seq-03/color/frame-000217.color.png office/seq-03/color/frame-000220.color.png 0.999218 -0.0282675 0.0276494 -0.0438944 0.0282107 0.999599 0.00244523 -0.0263126 -0.0277074 -0.00166332 0.999615 0.0693796 0.0 0.0 0.0 1.0
office/seq-03/color/frame-000220.color.png office/seq-03/color/frame-000223.color.png 0.999222 -0.03414 0.0197503 -0.0458275 0.0340903 0.999415 0.00284493 -0.0309494 -0.0198359 -0.00216945 0.999801 0.0625696 0.0 0.0 0.0 1.0
office/seq-03/color/frame-000223.color.png office/seq-03/color/frame-000226.color.png 0.999338 -0.0144231 0.0333916 -0.0641961 0.0143916 0.999896 0.00118452 0.0128369 -0.0334052 -0.000703157 0.999442 0.0688287 0.0 0.0 0.0 1.0
office/seq-03/color/frame-000226.color.png office/seq-03/color/frame-000229.color.png 0.999332 -0.0256205 0.0260615 -0.0527204 0.0249496 0.999357 0.0257502 -0.0331827 -0.0267045 -0.0250828 0.999329 0.0342767 0.0 0.0 0.0 1.0
office/seq-03/color/frame-000229.color.png office/seq-03/color/frame-000232.color.png 0.999497 -0.0300382 0.0101794 -0.0265425 0.0297816 0.999256 0.0244913 -0.0375081 -0.0109076 -0.0241758 0.999648 0.031491 0.0 0.0 0.0 1.0
office/seq-03/color/frame-000232.color.png office/seq-03/color/frame-000235.color.png 0.999323 -0.0273752 0.0245598 -0.0696062 0.0270068 0.99952 0.015207 -6.91414e-06 -0.0249643 -0.0145334 0.999583 0.0290401 0.0 0.0 0.0 1.0
office/seq-03/color/frame-000235.color.png office/seq-03/color/frame-000238.color.png 0.999453 -0.0323651 -0.00683337 -0.0109668 0.0325701 0.998945 0.0323862 -0.0511153 0.00577797 -0.032591 0.999452 -0.0150671 0.0 0.0 0.0 1.0
office/seq-03/color/frame-000238.color.png office/seq-03/color/frame-000241.color.png 0.999872 -0.0128244 0.00954364 -0.0271523 0.0125165 0.999421 0.0316526 -0.0289811 -0.00994402 -0.0315291 0.999453 -0.0106995 0.0 0.0 0.0 1.0
office/seq-03/color/frame-000241.color.png office/seq-03/color/frame-000244.color.png 0.999927 -0.00399231 0.0113968 -0.0154315 0.00375842 0.999783 0.0204706 -0.00796843 -0.0114761 -0.0204263 0.999726 -0.00636804 0.0 0.0 0.0 1.0
office/seq-03/color/frame-000244.color.png office/seq-03/color/frame-000247.color.png 0.999952 -0.00948828 0.00262732 -0.0208296 0.00944491 0.999826 0.0160621 -0.00675428 -0.00277927 -0.0160365 0.999867 -0.0137033 0.0 0.0 0.0 1.0
office/seq-03/color/frame-000247.color.png office/seq-03/color/frame-000250.color.png 0.999895 -0.0139568 0.00396121 -0.0258215 0.013978 0.999888 -0.00538729 0.00500429 -0.00388558 0.00544202 0.999978 0.00183022 0.0 0.0 0.0 1.0
office/seq-03/color/frame-000250.color.png office/seq-03/color/frame-000253.color.png 0.999948 -0.00610034 0.00813357 -0.0164408 0.00626871 0.999763 -0.0208336 0.0250288 -0.00800461 0.0208836 0.99975 0.0144178 0.0 0.0 0.0 1.0
office/seq-03/color/frame-000253.color.png office/seq-03/color/frame-000256.color.png 0.999847 -0.0133369 -0.0113383 -0.000415564 0.013055 0.999613 -0.0245803 0.00999498 0.0116618 0.0244285 0.999634 -0.0104898 0.0 0.0 0.0 1.0
office/seq-03/color/frame-000256.color.png office/seq-03/color/frame-000259.color.png 0.999896 0.012365 0.00739233 -0.0115508 -0.0121596 0.999556 -0.0272194 0.0285412 -0.00772558 0.0271267 0.999602 0.00251842 0.0 0.0 0.0 1.0
office/seq-03/color/frame-000259.color.png office/seq-03/color/frame-000262.color.png 0.999932 0.0110887 0.00369638 -0.0122316 -0.0109228 0.999049 -0.0422073 0.0645923 -0.00416087 0.042164 0.999102 0.00322962 0.0 0.0 0.0 1.0
office/seq-03/color/frame-000262.color.png office/seq-03/color/frame-000265.color.png 0.999764 0.0165293 0.0140774 -0.00312275 -0.0162257 0.999639 -0.0214176 0.0305604 -0.0144263 0.0211842 0.999671 0.0123702 0.0 0.0 0.0 1.0
office/seq-03/color/frame-000265.color.png office/seq-03/color/frame-000268.color.png 0.999837 -0.0161988 0.00801837 -0.0210212 0.0164357 0.999402 -0.0304229 0.00137597 -0.00752077 0.0305496 0.999505 -0.000557065 0.0 0.0 0.0 1.0
office/seq-03/color/frame-000268.color.png office/seq-03/color/frame-000271.color.png 0.999877 0.00362191 0.0152432 -0.0193675 -0.00317541 0.999568 -0.0292152 0.0142753 -0.0153424 0.0291632 0.999457 0.00724018 0.0 0.0 0.0 1.0
office/seq-03/color/frame-000271.color.png office/seq-03/color/frame-000274.color.png 0.999976 0.00559274 0.00408783 -0.00272024 -0.0054757 0.99959 -0.0280956 0.0221552 -0.00424329 0.0280726 0.999597 0.00755632 0.0 0.0 0.0 1.0
office/seq-03/color/frame-000274.color.png office/seq-03/color/frame-000277.color.png 0.999783 0.0202502 -0.00496742 0.0218183 -0.0204515 0.9988 -0.0445131 0.0500953 0.00406015 0.0446051 0.998996 0.0206326 0.0 0.0 0.0 1.0
office/seq-03/color/frame-000277.color.png office/seq-03/color/frame-000280.color.png 0.999476 0.0197502 0.0256537 -0.0286121 -0.0193722 0.999701 -0.0149007 -0.00211418 -0.0259404 0.0143959 0.99956 0.0217534 0.0 0.0 0.0 1.0
office/seq-03/color/frame-000280.color.png office/seq-03/color/frame-000283.color.png 0.99965 0.0254306 0.00736566 0.0253804 -0.02529 0.999507 -0.0185769 0.0126181 -0.00783447 0.0183841 0.9998 0.018136 0.0 0.0 0.0 1.0
office/seq-03/color/frame-000283.color.png office/seq-03/color/frame-000286.color.png 0.999976 0.00622736 0.00315658 0.00252819 -0.00617319 0.999838 -0.0168948 0.0104681 -0.00326119 0.0168749 0.999853 0.0245469 0.0 0.0 0.0 1.0
office/seq-03/color/frame-000286.color.png office/seq-03/color/frame-000289.color.png 0.999757 0.0145626 0.0165569 0.0030089 -0.0144053 0.99985 -0.00958124 0.0111063 -0.016694 0.00934042 0.999817 0.0335517 0.0 0.0 0.0 1.0
office/seq-03/color/frame-000289.color.png office/seq-03/color/frame-000292.color.png 0.999901 0.00335507 0.0136786 0.00881773 -0.00319905 0.99993 -0.0114113 -0.00807261 -0.013716 0.0113664 0.999841 0.0421467 0.0 0.0 0.0 1.0
office/seq-03/color/frame-000292.color.png office/seq-03/color/frame-000295.color.png 0.999873 -0.00487806 0.0151904 -0.0182777 0.00503458 0.999934 -0.0102825 -0.0246314 -0.0151392 0.0103576 0.999832 0.0371501 0.0 0.0 0.0 1.0
office/seq-03/color/frame-000295.color.png office/seq-03/color/frame-000298.color.png 0.999934 0.00926537 0.00673883 0.00149763 -0.00915603 0.999829 -0.0160816 0.0202128 -0.00688665 0.0160188 0.999848 0.0337635 0.0 0.0 0.0 1.0
office/seq-03/color/frame-000298.color.png office/seq-03/color/frame-000301.color.png 0.99984 0.0145218 0.0104673 -0.000745475 -0.0144621 0.999879 -0.00575751 -0.00247824 -0.0105496 0.00560522 0.999929 0.0254469 0.0 0.0 0.0 1.0
office/seq-03/color/frame-000301.color.png office/seq-03/color/frame-000304.color.png 0.999942 0.010567 -0.00216461 0.0300927 -0.0105932 0.999866 -0.0124552 0.0114557 0.00203271 0.0124774 0.99992 0.0237248 0.0 0.0 0.0 1.0
office/seq-03/color/frame-000304.color.png office/seq-03/color/frame-000307.color.png 0.999959 0.00630159 0.00652938 -0.00381505 -0.00626005 0.99996 -0.00636173 -0.0183935 -0.00656919 0.00632059 0.999958 0.0326679 0.0 0.0 0.0 1.0
office/seq-03/color/frame-000307.color.png office/seq-03/color/frame-000310.color.png 0.9999 0.013107 0.00531525 0.0184191 -0.0130739 0.999895 -0.00621353 0.0112063 -0.0053961 0.0061434 0.999967 0.021 0.0 0.0 0.0 1.0
office/seq-03/color/frame-000310.color.png office/seq-03/color/frame-000313.color.png 0.999921 0.00237973 -0.0123502 0.0231709 -0.00241375 0.999993 -0.0027422 -0.0178438 0.0123435 0.00277179 0.99992 0.00225413 0.0 0.0 0.0 1.0
office/seq-03/color/frame-000313.color.png office/seq-03/color/frame-000316.color.png 0.999888 0.0147989 -0.00199751 0.0257189 -0.0148373 0.999674 -0.0207966 0.0277649 0.00168917 0.0208239 0.999782 0.0315574 0.0 0.0 0.0 1.0
office/seq-03/color/frame-000316.color.png office/seq-03/color/frame-000319.color.png 0.999666 0.0214824 0.0143547 -0.000382543 -0.0212547 0.999649 -0.0158313 0.0339406 -0.0146897 0.0155209 0.999772 0.0343357 0.0 0.0 0.0 1.0
office/seq-03/color/frame-000319.color.png office/seq-03/color/frame-000322.color.png 0.999929 -0.00209115 -0.0117147 0.0388637 0.00184984 0.999787 -0.0205701 0.00852835 0.0117553 0.0205469 0.99972 0.0237397 0.0 0.0 0.0 1.0
office/seq-03/color/frame-000322.color.png office/seq-03/color/frame-000325.color.png 0.999294 0.0292121 0.0236074 0.0113693 -0.0282751 0.998835 -0.0390921 0.0775247 -0.0247219 0.038397 0.998957 0.0750951 0.0 0.0 0.0 1.0
office/seq-03/color/frame-000325.color.png office/seq-03/color/frame-000328.color.png 0.999456 0.0068741 0.032257 -0.0284275 -0.00676442 0.999971 -0.00350758 -0.0338279 -0.0322802 0.00328749 0.999473 0.047176 0.0 0.0 0.0 1.0
office/seq-03/color/frame-000328.color.png office/seq-03/color/frame-000331.color.png 0.99997 -0.00587941 0.00496935 -0.00600088 0.00594546 0.999893 -0.0133853 0.000914693 -0.0048901 0.0134144 0.999898 0.0205305 0.0 0.0 0.0 1.0
office/seq-03/color/frame-000331.color.png office/seq-03/color/frame-000334.color.png 0.999521 0.0208222 0.0228831 0.0148581 -0.0204061 0.999625 -0.0182707 0.0494614 -0.0232549 0.017795 0.999571 0.0588182 0.0 0.0 0.0 1.0
office/seq-03/color/frame-000334.color.png office/seq-03/color/frame-000337.color.png 0.999822 -0.00228868 0.0187187 -0.00258505 0.00222345 0.999991 0.00350522 -0.05625 -0.0187266 -0.00346288 0.999819 0.0255229 0.0 0.0 0.0 1.0
office/seq-03/color/frame-000337.color.png office/seq-03/color/frame-000340.color.png 0.999926 0.00906692 -0.00807755 0.0615025 -0.00915091 0.999904 -0.0104247 -0.00373709 0.00798224 0.0104978 0.999913 0.0163174 0.0 0.0 0.0 1.0
office/seq-03/color/frame-000340.color.png office/seq-03/color/frame-000343.color.png 0.999679 0.0108651 0.0228999 -0.0212018 -0.0104445 0.999776 -0.0184078 0.0176176 -0.0230947 0.0181627 0.999568 0.0531013 0.0 0.0 0.0 1.0
office/seq-03/color/frame-000343.color.png office/seq-03/color/frame-000346.color.png 0.999918 0.0124642 0.00295686 0.014276 -0.0124298 0.999858 -0.0113787 -0.000552297 -0.00309826 0.011341 0.999931 0.0266689 0.0 0.0 0.0 1.0
office/seq-03/color/frame-000346.color.png office/seq-03/color/frame-000349.color.png 0.999969 -0.00421491 0.00668149 -0.0264527 0.00412254 0.999897 0.0137793 -0.0509731 -0.00673895 -0.0137514 0.999883 -0.013661 0.0 0.0 0.0 1.0
office/seq-03/color/frame-000349.color.png office/seq-03/color/frame-000352.color.png 0.999955 0.00800094 -0.0049888 0.0175528 -0.007984 0.999962 0.00339738 0.00147927 0.00501581 -0.00335738 0.999982 0.00922489 0.0 0.0 0.0 1.0
office/seq-03/color/frame-000352.color.png office/seq-03/color/frame-000355.color.png 0.999914 -0.00886087 -0.00972437 0.0156555 0.00912884 0.99957 0.0278674 -0.0669893 0.00947325 -0.0279538 0.999564 -0.0405573 0.0 0.0 0.0 1.0
office/seq-03/color/frame-000355.color.png office/seq-03/color/frame-000358.color.png 0.999943 -0.0097883 0.00418321 -0.0165355 0.00971941 0.999822 0.0161738 -0.0191499 -0.00434085 -0.0161322 0.99986 0.00134957 0.0 0.0 0.0 1.0
office/seq-03/color/frame-000358.color.png office/seq-03/color/frame-000361.color.png 0.999472 -0.00501515 0.032092 -0.0366455 0.00444342 0.999831 0.0178635 -0.00830281 -0.0321762 -0.0177114 0.999325 0.0149062 0.0 0.0 0.0 1.0
office/seq-03/color/frame-000361.color.png office/seq-03/color/frame-000364.color.png 0.998212 -0.0530683 0.0275102 -0.114407 0.0523425 0.998278 0.026464 -0.100732 -0.0288674 -0.0249768 0.999271 -0.00557339 0.0 0.0 0.0 1.0
office/seq-03/color/frame-000364.color.png office/seq-03/color/frame-000367.color.png 0.999339 -0.026464 0.0249196 -0.0746335 0.0258508 0.999363 0.0246158 -0.0416189 -0.025555 -0.0239554 0.999386 -0.0115925 0.0 0.0 0.0 1.0
office/seq-03/color/frame-000367.color.png office/seq-03/color/frame-000370.color.png 0.999587 -0.028349 0.00469261 -0.041071 0.0282058 0.999205 0.0281876 -0.0538417 -0.00548798 -0.0280436 0.999592 -0.0416784 0.0 0.0 0.0 1.0
office/seq-03/color/frame-000370.color.png office/seq-03/color/frame-000373.color.png 0.999659 -0.0147945 0.0214898 -0.0522346 0.0144575 0.999771 0.015756 -0.000343561 -0.0217182 -0.01544 0.999645 -0.023388 0.0 0.0 0.0 1.0
office/seq-03/color/frame-000373.color.png office/seq-03/color/frame-000376.color.png 0.997626 -0.0540251 0.0426951 -0.128845 0.0538812 0.998537 0.00451483 -0.0228201 -0.0428765 -0.00220364 0.999078 0.0109917 0.0 0.0 0.0 1.0
office/seq-03/color/frame-000376.color.png office/seq-03/color/frame-000379.color.png 0.998272 -0.0499319 0.0309733 -0.0722535 0.0491636 0.998475 0.025093 -0.0588874 -0.0321791 -0.0235268 0.999205 -0.0252695 0.0 0.0 0.0 1.0
office/seq-03/color/frame-000379.color.png office/seq-03/color/frame-000382.color.png 0.998408 -0.0458167 0.0329106 -0.0954364 0.0448727 0.998575 0.028871 -0.0615433 -0.0341865 -0.0273482 0.999041 -0.0199597 0.0 0.0 0.0 1.0
office/seq-03/color/frame-000382.color.png office/seq-03/color/frame-000385.color.png 0.999029 -0.0417664 0.014033 -0.0582088 0.0416374 0.999089 0.00936199 -0.0270755 -0.0144111 -0.0087686 0.999858 -0.0219173 0.0 0.0 0.0 1.0
office/seq-03/color/frame-000385.color.png office/seq-03/color/frame-000388.color.png 0.999211 -0.0271682 0.0289818 -0.0602946 0.0267179 0.999518 0.0158129 -0.0323703 -0.0293975 -0.0150261 0.999455 -0.0213193 0.0 0.0 0.0 1.0
office/seq-03/color/frame-000388.color.png office/seq-03/color/frame-000391.color.png 0.999029 -0.0395388 0.0194424 -0.0811294 0.0395035 0.999217 0.00219289 -0.0285199 -0.0195139 -0.00142272 0.999809 0.0176324 0.0 0.0 0.0 1.0
office/seq-03/color/frame-000391.color.png office/seq-03/color/frame-000394.color.png 0.999681 -0.0103048 0.0230695 -0.0443975 0.00993479 0.999821 0.0160956 -0.0154569 -0.0232313 -0.0158613 0.999604 0.0199566 0.0 0.0 0.0 1.0
office/seq-03/color/frame-000394.color.png office/seq-03/color/frame-000397.color.png 0.998733 -0.0340205 0.0370753 -0.0805652 0.0342116 0.999404 -0.00453149 -0.0135764 -0.036899 0.00579416 0.999302 0.0449634 0.0 0.0 0.0 1.0
office/seq-03/color/frame-000397.color.png office/seq-03/color/frame-000400.color.png 0.998266 -0.0465412 0.0360349 -0.074309 0.0467158 0.9989 -0.00402041 -0.0345305 -0.0358081 0.00569684 0.999343 0.0331166 0.0 0.0 0.0 1.0
office/seq-03/color/frame-000400.color.png office/seq-03/color/frame-000403.color.png 0.997864 -0.0443025 0.0480059 -0.0905933 0.0443051 0.999018 0.00100953 -0.0451767 -0.0480035 0.00111955 0.998847 0.062973 0.0 0.0 0.0 1.0
office/seq-03/color/frame-000403.color.png office/seq-03/color/frame-000406.color.png 0.997491 -0.0400807 0.0583475 -0.103051 0.0400087 0.999196 0.00240326 -0.0405838 -0.0583969 -6.28792e-05 0.998294 0.0908279 0.0 0.0 0.0 1.0
office/seq-03/color/frame-000406.color.png office/seq-03/color/frame-000409.color.png 0.998461 -0.0439943 0.0337709 -0.052568 0.0451138 0.998432 -0.033138 0.00709248 -0.03226 0.0346105 0.99888 0.0839603 0.0 0.0 0.0 1.0
office/seq-03/color/frame-000409.color.png office/seq-03/color/frame-000412.color.png 0.998314 -0.0353479 0.0460336 -0.0878795 0.0357479 0.99933 -0.007896 -0.0250107 -0.0457236 0.00952836 0.998909 0.0785556 0.0 0.0 0.0 1.0
office/seq-03/color/frame-000412.color.png office/seq-03/color/frame-000415.color.png 0.998428 -0.0369731 0.0421221 -0.0826074 0.0371438 0.999304 -0.00327924 -0.0384809 -0.0419716 0.00483857 0.999107 0.0672648 0.0 0.0 0.0 1.0
office/seq-03/color/frame-000415.color.png office/seq-03/color/frame-000418.color.png 0.998963 -0.0358456 0.028064 -0.0760928 0.035923 0.999352 -0.00225172 -0.0284107 -0.0279652 0.00325751 0.999604 0.0498583 0.0 0.0 0.0 1.0
office/seq-03/color/frame-000418.color.png office/seq-03/color/frame-000421.color.png 0.999742 -0.0196806 0.0112908 -0.0338701 0.0195393 0.999731 0.0124773 -0.0353544 -0.0115334 -0.0122535 0.999858 -0.00759232 0.0 0.0 0.0 1.0
office/seq-03/color/frame-000421.color.png office/seq-03/color/frame-000424.color.png 0.999836 -0.0143907 0.0110443 -0.0380423 0.0142542 0.999822 0.0123498 -0.0332758 -0.01122 -0.0121904 0.999863 0.0154818 0.0 0.0 0.0 1.0
office/seq-03/color/frame-000424.color.png office/seq-03/color/frame-000427.color.png 0.99987 -0.0158375 0.00289836 -0.0326554 0.0157935 0.999768 0.0146329 -0.0366957 -0.00312957 -0.0145852 0.999889 0.0125971 0.0 0.0 0.0 1.0
office/seq-03/color/frame-000427.color.png office/seq-03/color/frame-000430.color.png 0.999963 -0.00798862 0.00303628 -0.0232911 0.00797617 0.99996 0.00410387 -0.0159367 -0.00306887 -0.00407956 0.999987 0.012462 0.0 0.0 0.0 1.0
office/seq-03/color/frame-000430.color.png office/seq-03/color/frame-000433.color.png 0.999942 -0.00795988 -0.00729351 -0.00614512 0.00788708 0.999919 -0.00994625 0.0138444 0.00737214 0.00988811 0.999924 0.00267553 0.0 0.0 0.0 1.0
office/seq-03/color/frame-000433.color.png office/seq-03/color/frame-000436.color.png 0.999826 -0.0178103 -0.00550515 -0.024887 0.0178246 0.999838 0.00253582 -0.0171436 0.00545914 -0.00263346 0.999982 -0.00538778 0.0 0.0 0.0 1.0
office/seq-03/color/frame-000436.color.png office/seq-03/color/frame-000439.color.png 0.999948 -0.0100653 -0.00137992 -0.0249914 0.0100729 0.999933 0.0056418 -0.0109084 0.00132297 -0.00565546 0.999983 0.00107265 0.0 0.0 0.0 1.0
office/seq-03/color/frame-000439.color.png office/seq-03/color/frame-000442.color.png 0.999454 -0.0274324 -0.0184353 -0.0177134 0.0273699 0.999619 -0.00363217 -0.0281807 0.0185279 0.00312564 0.999824 -0.0251027 0.0 0.0 0.0 1.0
office/seq-03/color/frame-000442.color.png office/seq-03/color/frame-000445.color.png 0.999791 -0.0201346 -0.00350958 -0.030724 0.0201624 0.999764 0.00807415 -0.0401866 0.00334622 -0.00814324 0.999961 -0.00241554 0.0 0.0 0.0 1.0
office/seq-03/color/frame-000445.color.png office/seq-03/color/frame-000448.color.png 0.999849 -0.0140622 -0.0101684 -0.0282718 0.0141033 0.999893 0.00398952 -0.0221246 0.0101112 -0.0041323 0.99994 -0.0169222 0.0 0.0 0.0 1.0
office/seq-03/color/frame-000448.color.png office/seq-03/color/frame-000451.color.png 0.999768 -0.0198772 -0.00830953 -0.0266281 0.0199111 0.999794 0.00399755 -0.0306399 0.0082283 -0.00416219 0.999958 -0.0288529 0.0 0.0 0.0 1.0
office/seq-03/color/frame-000451.color.png office/seq-03/color/frame-000454.color.png 0.999782 -0.0202312 -0.00511324 -0.0278499 0.020284 0.999739 0.0105247 -0.0418067 0.00489904 -0.0106261 0.999932 -0.0265597 0.0 0.0 0.0 1.0
office/seq-03/color/frame-000454.color.png office/seq-03/color/frame-000457.color.png 0.999674 -0.0248684 -0.00578794 -0.0320672 0.0249846 0.999468 0.0209458 -0.0741053 0.00526389 -0.0210836 0.999764 -0.0284896 0.0 0.0 0.0 1.0
office/seq-03/color/frame-000457.color.png office/seq-03/color/frame-000460.color.png 0.999993 -0.00309272 0.00208512 -0.0182139 0.00307012 0.999937 0.0107787 -0.0265672 -0.0021183 -0.0107722 0.99994 -0.0243937 0.0 0.0 0.0 1.0
office/seq-03/color/frame-000460.color.png office/seq-03/color/frame-000463.color.png 0.999938 -0.010769 -0.00272438 -0.0264235 0.0108112 0.999813 0.016012 -0.0587181 0.00255146 -0.0160405 0.999868 -0.0282896 0.0 0.0 0.0 1.0
office/seq-03/color/frame-000463.color.png office/seq-03/color/frame-000466.color.png 0.999985 -0.00474612 0.00267686 -0.0163246 0.00474544 0.999989 0.000307405 -0.0177084 -0.00267826 -0.000294738 0.999996 0.00123107 0.0 0.0 0.0 1.0
office/seq-03/color/frame-000466.color.png office/seq-03/color/frame-000469.color.png 0.999897 -0.00249514 -0.0141732 0.00586164 0.00265813 0.99993 0.0115018 -0.0420234 0.0141435 -0.0115383 0.999833 -0.0372026 0.0 0.0 0.0 1.0
office/seq-03/color/frame-000469.color.png office/seq-03/color/frame-000472.color.png 0.999972 0.000360823 -0.00748817 0.000927389 -0.000284208 0.999948 0.0102096 -0.0326307 0.00749146 -0.0102071 0.99992 -0.0334467 0.0 0.0 0.0 1.0
office/seq-03/color/frame-000472.color.png office/seq-03/color/frame-000475.color.png 0.999827 0.0141867 0.0120568 -0.00985032 -0.0143664 0.999785 0.0149539 -0.0166304 -0.0118421 -0.0151246 0.999816 0.00253069 0.0 0.0 0.0 1.0
office/seq-03/color/frame-000475.color.png office/seq-03/color/frame-000478.color.png 0.999932 0.0102016 -0.00563087 0.0108314 -0.0102781 0.999853 -0.0137141 0.00230801 0.00549014 0.013771 0.99989 -0.000414252 0.0 0.0 0.0 1.0
office/seq-03/color/frame-000478.color.png office/seq-03/color/frame-000481.color.png 0.999803 0.0115783 -0.0161075 0.0200471 -0.0116413 0.999925 -0.00382333 0.00088203 0.0160621 0.00401014 0.999863 -0.00578356 0.0 0.0 0.0 1.0
office/seq-03/color/frame-000481.color.png office/seq-03/color/frame-000484.color.png 0.999771 -0.00199443 -0.021306 0.02994 0.00190296 0.999989 -0.00431057 -0.00734699 0.0213143 0.00426901 0.999764 -0.0213423 0.0 0.0 0.0 1.0
office/seq-03/color/frame-000484.color.png office/seq-03/color/frame-000487.color.png 0.999979 0.000627287 0.00653096 -0.0132338 -0.000600558 0.999991 -0.00410644 -0.00663912 -0.00653343 0.00410243 0.99997 -0.00200951 0.0 0.0 0.0 1.0
office/seq-03/color/frame-000487.color.png office/seq-03/color/frame-000490.color.png 0.999828 0.00334101 0.0182497 -0.024538 -0.00357966 0.999908 0.0130704 -0.0218127 -0.0182044 -0.0131336 0.999748 0.00703621 0.0 0.0 0.0 1.0
office/seq-03/color/frame-000490.color.png office/seq-03/color/frame-000493.color.png 0.999376 -0.0180357 -0.0303747 0.0207748 0.0181663 0.999827 0.00402783 -0.0782386 0.0302969 -0.00457711 0.99953 -0.0155861 0.0 0.0 0.0 1.0
office/seq-03/color/frame-000493.color.png office/seq-03/color/frame-000496.color.png 0.998902 0.0208326 -0.0419533 0.0927328 -0.0222218 0.999211 -0.0329213 0.0791771 0.0412343 0.0338175 0.998577 0.0155814 0.0 0.0 0.0 1.0
office/seq-03/color/frame-000496.color.png office/seq-03/color/frame-000499.color.png 0.999929 0.00498133 -0.0108374 0.0203301 -0.00494728 0.999983 0.00315803 -0.00507545 0.010853 -0.00310426 0.999936 0.0115184 0.0 0.0 0.0 1.0
office/seq-03/color/frame-000499.color.png office/seq-03/color/frame-000502.color.png 0.999162 0.00113311 -0.0409161 0.0709465 -0.0019462 0.999801 -0.0198375 0.025001 0.0408855 0.0199006 0.998966 -0.00287521 0.0 0.0 0.0 1.0
office/seq-03/color/frame-000502.color.png office/seq-03/color/frame-000505.color.png 0.999648 0.0139 -0.0225909 0.0558255 -0.0138367 0.9999 0.00296064 0.000365138 0.0226297 -0.00264706 0.99974 -0.0216545 0.0 0.0 0.0 1.0
office/seq-03/color/frame-000505.color.png office/seq-03/color/frame-000508.color.png 0.999298 0.0121857 -0.035425 0.0694132 -0.0117442 0.999851 0.012643 -0.0226897 0.0355739 -0.0122181 0.999292 -0.0129122 0.0 0.0 0.0 1.0
office/seq-03/color/frame-000508.color.png office/seq-03/color/frame-000511.color.png 0.999176 0.0183245 -0.0362219 0.0871717 -0.0183746 0.999831 -0.00104784 0.0113599 0.0361965 0.00171253 0.999343 -0.0120708 0.0 0.0 0.0 1.0
office/seq-03/color/frame-000511.color.png office/seq-03/color/frame-000514.color.png 0.999314 0.0215589 -0.0301216 0.0868713 -0.0217801 0.999738 -0.00703454 0.0212215 0.0299621 0.00768576 0.999522 -0.00519478 0.0 0.0 0.0 1.0
office/seq-03/color/frame-000514.color.png office/seq-03/color/frame-000517.color.png 0.999426 0.0338446 -0.00127098 0.0675846 -0.0338555 0.999379 -0.0097972 0.0348817 0.000938526 0.00983455 0.999951 0.00678086 0.0 0.0 0.0 1.0
office/seq-03/color/frame-000517.color.png office/seq-03/color/frame-000520.color.png 0.999178 0.0336121 0.0226695 0.0206968 -0.0332059 0.999285 -0.0180577 0.0514731 -0.0232603 0.0172902 0.99958 0.0415159 0.0 0.0 0.0 1.0
office/seq-03/color/frame-000520.color.png office/seq-03/color/frame-000523.color.png 0.9988 0.0220825 0.0437054 -0.0228851 -0.0215678 0.999693 -0.0122129 0.0512879 -0.0439617 0.0112555 0.99897 0.0353016 0.0 0.0 0.0 1.0
office/seq-03/color/frame-000523.color.png office/seq-03/color/frame-000526.color.png 0.998763 -0.0281074 0.0410269 -0.0745849 0.0289382 0.999385 -0.0198007 -0.0209261 -0.040445 0.0209635 0.998962 0.0446705 0.0 0.0 0.0 1.0
office/seq-03/color/frame-000526.color.png office/seq-03/color/frame-000529.color.png 0.999832 0.0116557 0.0141643 -0.00138485 -0.0112659 0.999564 -0.0272954 0.0655997 -0.0144763 0.0271313 0.999527 0.0176848 0.0 0.0 0.0 1.0
