office/seq-03/color/frame-000000.color.png office/seq-03/color/frame-000003.color.png 0.999943 0.000339226 -0.0106341 -0.000752625 -0.000317297 0.999998 0.00206373 -0.00169036 0.0106348 -0.00206024 0.999941 0.00633273 0.0 0.0 0.0 1.0
office/seq-03/color/frame-000003.color.png office/seq-03/color/frame-000006.color.png 0.999916 0.00464486 -0.0121206 -0.00146428 -0.00460213 0.999983 0.00355112 -0.00166166 0.0121368 -0.00349504 0.99992 0.00484128 0.0 0.0 0.0 1.0
office/seq-03/color/frame-000006.color.png office/seq-03/color/frame-000009.color.png 0.999891 -0.00210447 -0.0145918 1.76383e-05 0.00231783 0.99989 0.0146205 -0.000867423 0.0145594 -0.0146527 0.999787 0.0129486 0.0 0.0 0.0 1.0
office/seq-03/color/frame-000009.color.png office/seq-03/color/frame-000012.color.png 0.999882 0.01007 -0.011609 -0.00243483 -0.00996318 0.999908 0.00922114 -0.00289065 0.0117007 -0.00910439 0.99989 0.0167302 0.0 0.0 0.0 1.0
office/seq-03/color/frame-000012.color.png office/seq-03/color/frame-000015.color.png 0.999936 0.00456661 -0.0103105 0.000287101 -0.00440734 0.999871 0.0154181 -0.00699492 0.0103796 -0.0153717 0.999828 0.019175 0.0 0.0 0.0 1.0
office/seq-03/color/frame-000015.color.png office/seq-03/color/frame-000018.color.png 0.999928 0.00767902 -0.00918985 -0.00144698 -0.00773103 0.999954 -0.00563754 -0.0068953 0.00914615 0.00570818 0.999942 0.024744 0.0 0.0 0.0 1.0
office/seq-03/color/frame-000018.color.png office/seq-03/color/frame-000021.color.png 0.999961 0.00857709 0.00197152 -0.00722917 -0.00862092 0.999689 0.0234188 -0.028128 -0.00177006 -0.0234349 0.999724 0.0314562 0.0 0.0 0.0 1.0
office/seq-03/color/frame-000021.color.png office/seq-03/color/frame-000024.color.png 0.999971 0.00751086 -0.000864941 -0.00191519 -0.00752061 0.999901 -0.0118796 -0.011076 0.000775637 0.0118858 0.999929 0.0320309 0.0 0.0 0.0 1.0
office/seq-03/color/frame-000024.color.png office/seq-03/color/frame-000027.color.png 0.99981 0.00446128 0.0189961 -0.0117063 -0.00489354 0.999729 0.0227694 -0.0301668 -0.0188893 -0.022858 0.99956 0.0263049 0.0 0.0 0.0 1.0
office/seq-03/color/frame-000027.color.png office/seq-03/color/frame-000030.color.png 0.99984 -0.000535313 0.0178658 -0.0120525 0.000684134 0.999965 -0.00832454 -0.0299899 -0.0178607 0.00833543 0.999806 0.0345466 0.0 0.0 0.0 1.0
office/seq-03/color/frame-000030.color.png office/seq-03/color/frame-000033.color.png 0.999553 -0.0176925 0.0240828 -0.0065014 0.017592 0.999836 0.00437731 -0.00107525 -0.0241563 -0.0039517 0.9997 0.0131864 0.0 0.0 0.0 1.0
office/seq-03/color/frame-000033.color.png office/seq-03/color/frame-000036.color.png 0.999592 -0.0227925 0.0171926 -0.0115672 0.0221887 0.999158 0.0345251 -0.0329678 -0.017965 -0.0341295 0.999256 0.0213063 0.0 0.0 0.0 1.0
office/seq-03/color/frame-000036.color.png office/seq-03/color/frame-000039.color.png 0.999877 0.00824319 0.0133273 -0.0182159 -0.00857533 0.999649 0.0250601 -0.0299527 -0.0131161 -0.0251713 0.999597 0.0253326 0.0 0.0 0.0 1.0
office/seq-03/color/frame-000039.color.png office/seq-03/color/frame-000042.color.png 0.999869 -0.0160597 -0.00218086 -0.0022177 0.0160707 0.999857 0.00515647 -0.0206936 0.00209774 -0.00519079 0.999984 0.008587 0.0 0.0 0.0 1.0
office/seq-03/color/frame-000042.color.png office/seq-03/color/frame-000045.color.png 0.999828 -0.00788232 0.0168015 -0.0213801 0.00751556 0.999735 0.0217814 -0.0270335 -0.0169687 -0.0216514 0.999622 0.0229486 0.0 0.0 0.0 1.0
office/seq-03/color/frame-000045.color.png office/seq-03/color/frame-000048.color.png 0.999925 -0.0099427 0.00719164 -0.0059577 0.00989641 0.99993 0.00644484 -0.014836 -0.00725522 -0.00637315 0.999953 0.00934482 0.0 0.0 0.0 1.0
office/seq-03/color/frame-000048.color.png office/seq-03/color/frame-000051.color.png 0.999692 0.0246768 0.00275041 -0.00385629 -0.0247043 0.99964 0.0104251 -0.035698 -0.00249217 -0.0104898 0.999942 0.0193992 0.0 0.0 0.0 1.0
office/seq-03/color/frame-000051.color.png office/seq-03/color/frame-000054.color.png 0.999936 0.00862242 0.00736242 0.0101789 -0.00876134 0.99978 0.0190513 -0.0405644 -0.00719652 -0.0191146 0.999791 -0.00254214 0.0 0.0 0.0 1.0
office/seq-03/color/frame-000054.color.png office/seq-03/color/frame-000057.color.png 0.999733 0.0168594 0.0157903 0.0017662 -0.0170221 0.999803 0.0102269 -0.0492924 -0.0156148 -0.010493 0.999823 0.025218 0.0 0.0 0.0 1.0
office/seq-03/color/frame-000057.color.png office/seq-03/color/frame-000060.color.png 0.999633 0.0190038 0.0193256 -0.00319096 -0.0183762 0.999314 -0.0321509 -0.0115598 -0.0199234 0.031784 0.999296 0.0164738 0.0 0.0 0.0 1.0
office/seq-03/color/frame-000060.color.png office/seq-03/color/frame-000063.color.png 0.99992 0.00348793 0.012181 -0.000872314 -0.00335328 0.999933 -0.0110565 -0.0291175 -0.0122187 0.0110147 0.999865 0.0220947 0.0 0.0 0.0 1.0
office/seq-03/color/frame-000063.color.png office/seq-03/color/frame-000066.color.png 0.999578 -0.0143001 0.0252964 -0.0149499 0.0144595 0.999877 -0.00612815 -0.0315267 -0.0252057 0.00649136 0.999661 0.00951701 0.0 0.0 0.0 1.0
office/seq-03/color/frame-000066.color.png office/seq-03/color/frame-000069.color.png 0.999909 0.0124513 0.00511447 0.00916862 -0.0124395 0.99992 -0.00233823 -0.0298034 -0.00514319 0.00227434 0.999984 0.00554106 0.0 0.0 0.0 1.0
office/seq-03/color/frame-000069.color.png office/seq-03/color/frame-000072.color.png 0.999958 0.00256722 0.00885036 -0.00688621 -0.0025536 0.999996 -0.00155038 -0.0193886 -0.00885435 0.00152771 0.99996 0.0111399 0.0 0.0 0.0 1.0
office/seq-03/color/frame-000072.color.png office/seq-03/color/frame-000075.color.png 0.999996 -0.00136116 0.00235463 -0.00469908 0.00133507 0.999938 0.011048 -0.0255035 -0.00236952 -0.0110447 0.999936 0.00407925 0.0 0.0 0.0 1.0
office/seq-03/color/frame-000075.color.png office/seq-03/color/frame-000078.color.png 0.99994 0.0109588 0.000196025 0.000808254 -0.0109604 0.999844 0.0138452 -0.0320686 -4.42786e-05 -0.0138465 0.999904 0.0030095 0.0 0.0 0.0 1.0
office/seq-03/color/frame-000078.color.png office/seq-03/color/frame-000081.color.png 0.999925 0.00767162 0.00951575 -0.0100862 -0.00770359 0.999965 0.00332885 -0.0285417 -0.00948987 -0.00340192 0.999949 0.0137256 0.0 0.0 0.0 1.0
office/seq-03/color/frame-000081.color.png office/seq-03/color/frame-000084.color.png 0.999986 0.00294807 0.00430464 -0.00553097 -0.00295848 0.999993 0.00241246 -0.023097 -0.00429749 -0.00242515 0.999988 0.00577939 0.0 0.0 0.0 1.0
office/seq-03/color/frame-000084.color.png office/seq-03/color/frame-000087.color.png 0.999985 -0.000862696 0.00540006 -0.0156074 0.00091099 0.99996 -0.00894705 -0.00649488 -0.00539211 0.00895179 0.999945 0.0115098 0.0 0.0 0.0 1.0
office/seq-03/color/frame-000087.color.png office/seq-03/color/frame-000090.color.png 0.999998 0.0015874 -0.00134561 -0.0144774 -0.00158259 0.999992 0.00357141 -0.0287866 0.00135126 -0.00356925 0.999993 0.0119604 0.0 0.0 0.0 1.0
office/seq-03/color/frame-000090.color.png office/seq-03/color/frame-000093.color.png 0.999968 -0.00770887 0.00217522 -0.0118916 0.00769842 0.999959 0.00477911 -0.0178885 -0.00221196 -0.00476221 0.999986 -0.00171149 0.0 0.0 0.0 1.0
office/seq-03/color/frame-000093.color.png office/seq-03/color/frame-000096.color.png 0.999908 -0.0129652 -0.0041048 -0.015196 0.0129874 0.999901 0.00543506 -0.0149221 0.0040339 -0.00548789 0.999977 -5.84126e-05 0.0 0.0 0.0 1.0
office/seq-03/color/frame-000096.color.png office/seq-03/color/frame-000099.color.png 0.999938 -0.0111045 -0.000685928 -0.00691186 0.01111 0.999901 0.00860246 -0.0160643 0.000590301 -0.00860951 0.999963 -0.0070681 0.0 0.0 0.0 1.0
office/seq-03/color/frame-000099.color.png office/seq-03/color/frame-000102.color.png 0.999665 -0.00129516 0.0258544 -0.0215686 0.00100667 0.999937 0.0111681 -0.0181201 -0.0258672 -0.0111383 0.999603 -0.0158872 0.0 0.0 0.0 1.0
office/seq-03/color/frame-000102.color.png office/seq-03/color/frame-000105.color.png 0.999767 -0.00675569 0.0205217 -0.0263801 0.00620261 0.999619 0.0268962 -0.0372747 -0.0206955 -0.0267627 0.999428 -0.029955 0.0 0.0 0.0 1.0
office/seq-03/color/frame-000105.color.png office/seq-03/color/frame-000108.color.png 0.999801 -0.015678 0.0123481 -0.0260683 0.0153918 0.999618 0.0229435 -0.0238298 -0.0127031 -0.0227488 0.99966 -0.0277368 0.0 0.0 0.0 1.0
office/seq-03/color/frame-000108.color.png office/seq-03/color/frame-000111.color.png 0.999721 -0.0236118 0.00024352 -0.0194009 0.0236058 0.999615 0.0145566 -0.0141797 -0.000587125 -0.0145468 0.999894 -0.0263121 0.0 0.0 0.0 1.0
office/seq-03/color/frame-000111.color.png office/seq-03/color/frame-000114.color.png 0.999724 0.00340957 0.0232474 -0.0113736 -0.00382898 0.99983 0.0180206 -0.0341861 -0.023182 -0.0181047 0.999567 -0.0260401 0.0 0.0 0.0 1.0
office/seq-03/color/frame-000114.color.png office/seq-03/color/frame-000117.color.png 0.999842 -0.00124329 0.0177413 0.00369717 0.00129991 0.999994 -0.00317973 -0.00207466 -0.0177372 0.00320233 0.999838 -0.0272378 0.0 0.0 0.0 1.0
office/seq-03/color/frame-000117.color.png office/seq-03/color/frame-000120.color.png 0.999653 0.0129067 0.0229839 -0.00434937 -0.0130129 0.999905 0.0044745 -0.0155753 -0.022924 -0.00477212 0.999726 -0.0281531 0.0 0.0 0.0 1.0
office/seq-03/color/frame-000120.color.png office/seq-03/color/frame-000123.color.png 0.99975 0.0176736 0.0136841 0.0113567 -0.0178141 0.999789 0.0102166 -0.0334443 -0.0135007 -0.0104578 0.999854 -0.0354031 0.0 0.0 0.0 1.0
office/seq-03/color/frame-000123.color.png office/seq-03/color/frame-000126.color.png 0.999876 0.00759456 0.0137923 0.0122801 -0.00751474 0.999955 -0.00583144 -0.00540817 -0.013836 0.00572705 0.999888 -0.0192608 0.0 0.0 0.0 1.0
office/seq-03/color/frame-000126.color.png office/seq-03/color/frame-000129.color.png 0.999937 0.00948339 0.00601043 0.025936 -0.00944867 0.999939 -0.00577904 -0.0138517 -0.00606486 0.00572187 0.999965 -0.0214597 0.0 0.0 0.0 1.0
office/seq-03/color/frame-000129.color.png office/seq-03/color/frame-000132.color.png 0.999929 0.0112173 -0.00414732 0.0315458 -0.01126 0.999882 -0.01043 0.000809312 0.00402994 0.0104759 0.999937 -0.0124552 0.0 0.0 0.0 1.0
office/seq-03/color/frame-000132.color.png office/seq-03/color/frame-000135.color.png 0.999905 0.0114526 -0.00764415 0.0411735 -0.0114439 0.999934 0.00118805 -0.00885606 0.00765717 -0.00110044 0.99997 -0.0198118 0.0 0.0 0.0 1.0
office/seq-03/color/frame-000135.color.png office/seq-03/color/frame-000138.color.png 0.999906 0.013648 -0.00146655 0.0307581 -0.0136518 0.999904 -0.00254498 -0.0043444 0.00143164 0.00256475 0.999996 -0.00504208 0.0 0.0 0.0 1.0
office/seq-03/color/frame-000138.color.png office/seq-03/color/frame-000141.color.png 0.99982 0.00513104 -0.0182579 0.0408422 -0.00535504 0.999911 -0.0122415 0.0104784 0.0181935 0.012337 0.999758 -0.000672847 0.0 0.0 0.0 1.0
office/seq-03/color/frame-000141.color.png office/seq-03/color/frame-000144.color.png 0.999898 0.00381511 -0.0137895 0.0390126 -0.00386507 0.999986 -0.0035954 -0.000321805 0.0137756 0.00364835 0.999899 -0.00643924 0.0 0.0 0.0 1.0
office/seq-03/color/frame-000144.color.png office/seq-03/color/frame-000147.color.png 0.999777 0.0116092 -0.0176634 0.0372374 -0.0118385 0.999846 -0.0129309 0.0138831 0.0175105 0.0131371 0.99976 0.008746 0.0 0.0 0.0 1.0
office/seq-03/color/frame-000147.color.png office/seq-03/color/frame-000150.color.png 0.999786 0.000528349 -0.0206862 0.040617 -0.000670527 0.999976 -0.00686801 -0.00386888 0.0206821 0.00688035 0.999762 0.00115207 0.0 0.0 0.0 1.0
office/seq-03/color/frame-000150.color.png office/seq-03/color/frame-000153.color.png 0.99886 0.0179728 -0.0442269 0.0796218 -0.0185769 0.999739 -0.0132869 0.0018 0.0439766 0.0140934 0.998933 0.00282653 0.0 0.0 0.0 1.0
office/seq-03/color/frame-000153.color.png office/seq-03/color/frame-000156.color.png 0.999981 -0.00233942 -0.00571366 0.0238736 0.00225068 0.999877 -0.0154857 0.00223988 0.00574916 0.0154726 0.999864 0.0305394 0.0 0.0 0.0 1.0
office/seq-03/color/frame-000156.color.png office/seq-03/color/frame-000159.color.png 0.9998 0.00404075 -0.0195792 0.0676865 -0.00408705 0.999989 -0.00232604 -0.00430661 0.0195696 0.0024056 0.999806 0.00922546 0.0 0.0 0.0 1.0
office/seq-03/color/frame-000159.color.png office/seq-03/color/frame-000162.color.png 0.999962 -0.00378421 -0.00781035 0.0412922 0.00383371 0.999973 0.00633545 -0.00973558 0.00778615 -0.00636512 0.99995 0.00914469 0.0 0.0 0.0 1.0
office/seq-03/color/frame-000162.color.png office/seq-03/color/frame-000165.color.png 0.999988 0.00477429 0.000622933 0.0459644 -0.00477053 0.999971 -0.00588548 -0.0126572 -0.000650999 0.00588245 0.999982 0.0332866 0.0 0.0 0.0 1.0
office/seq-03/color/frame-000165.color.png office/seq-03/color/frame-000168.color.png 0.999976 -0.00672594 -0.00172924 0.0417007 0.00671244 0.999948 -0.00769885 -0.00471985 0.00178096 0.00768703 0.999969 0.0378338 0.0 0.0 0.0 1.0
office/seq-03/color/frame-000168.color.png office/seq-03/color/frame-000171.color.png 0.99997 0.00744215 -0.0020468 0.0460734 -0.00744767 0.999969 -0.00269953 -0.00329244 0.00202664 0.00271473 0.999994 0.0295046 0.0 0.0 0.0 1.0
office/seq-03/color/frame-000171.color.png office/seq-03/color/frame-000174.color.png 0.999844 0.0176467 0.000216688 0.0361272 -0.0176408 0.99971 -0.0163735 0.00529647 -0.000505548 0.0163671 0.999866 0.0476146 0.0 0.0 0.0 1.0
office/seq-03/color/frame-000174.color.png office/seq-03/color/frame-000177.color.png 0.999816 -0.0191672 -3.11451e-05 0.0393062 0.0191573 0.999347 -0.0306358 0.00386369 0.000618281 0.0306295 0.99953 0.0573135 0.0 0.0 0.0 1.0
office/seq-03/color/frame-000177.color.png office/seq-03/color/frame-000180.color.png 0.999943 -0.0100788 0.00358973 0.0331024 0.010082 0.999949 -0.000898262 -0.0120444 -0.00358048 0.000934387 0.999993 0.0400135 0.0 0.0 0.0 1.0
office/seq-03/color/frame-000180.color.png office/seq-03/color/frame-000183.color.png 0.999343 -0.0175367 -0.0317208 0.0665054 0.0174174 0.99984 -0.00403444 -0.0153819 0.0317866 0.00347929 0.999489 0.0243936 0.0 0.0 0.0 1.0
office/seq-03/color/frame-000183.color.png office/seq-03/color/frame-000186.color.png 0.999889 0.00895012 -0.0119511 0.0455378 -0.00896602 0.999959 -0.00127792 0.00449014 0.0119391 0.00138493 0.999928 0.0330322 0.0 0.0 0.0 1.0
office/seq-03/color/frame-000186.color.png office/seq-03/color/frame-000189.color.png 0.99918 0.0332456 -0.0231297 0.0680217 -0.0335835 0.999332 -0.0143781 0.00641435 0.0226362 0.0151431 0.999629 0.0548714 0.0 0.0 0.0 1.0
office/seq-03/color/frame-000189.color.png office/seq-03/color/frame-000192.color.png 0.998865 0.0121068 -0.0460635 0.0908319 -0.0142023 0.998866 -0.0454405 0.0406314 0.0454612 0.0460431 0.997904 0.0410085 0.0 0.0 0.0 1.0
office/seq-03/color/frame-000192.color.png office/seq-03/color/frame-000195.color.png 0.997831 0.022533 -0.0618573 0.128045 -0.0218947 0.9997 0.0109784 -0.007348 0.0620861 -0.00960019 0.998025 -0.0351925 0.0 0.0 0.0 1.0
office/seq-03/color/frame-000195.color.png office/seq-03/color/frame-000198.color.png 0.999708 0.0110211 -0.0215109 0.041082 -0.0108609 0.999913 0.00755079 0.00140882 0.0215922 -0.00731495 0.99974 0.0276101 0.0 0.0 0.0 1.0
office/seq-03/color/frame-000198.color.png office/seq-03/color/frame-000201.color.png 0.999927 0.0119925 -0.00126713 0.0250921 -0.0119699 0.999792 0.0165398 -0.0344598 0.00146522 -0.0165234 0.999863 0.043502 0.0 0.0 0.0 1.0
office/seq-03/color/frame-000201.color.png office/seq-03/color/frame-000204.color.png 0.999949 -0.0070494 0.00727196 0.000789285 0.00712672 0.999918 -0.0106683 -0.00106627 -0.00719615 0.0107196 0.999917 0.0722705 0.0 0.0 0.0 1.0
office/seq-03/color/frame-000204.color.png office/seq-03/color/frame-000207.color.png 0.999903 -0.0122422 0.00664229 0.00963414 0.0121982 0.999904 0.0066104 -0.0273678 -0.00672257 -0.00652873 0.999956 0.047153 0.0 0.0 0.0 1.0
office/seq-03/color/frame-000207.color.png office/seq-03/color/frame-000210.color.png 0.999631 0.00797286 0.0259794 0.00164831 -0.00820421 0.999928 0.00881087 -0.0304273 -0.0259073 -0.00902078 0.999624 0.06918 0.0 0.0 0.0 1.0
office/seq-03/color/frame-000210.color.png office/seq-03/color/frame-000213.color.png 0.998946 -0.0165283 0.0428206 -0.0707648 0.0175241 0.999582 -0.0229851 0.0218759 -0.0424228 0.0237113 0.998818 0.124134 0.0 0.0 0.0 1.0
office/seq-03/color/frame-000213.color.png office/seq-03/color/frame-000216.color.png 0.99958 -0.0289759 -0.000871575 0.00335139 0.0289834 0.999527 0.0103278 -0.0550514 0.00057192 -0.0103487 0.999946 0.0505546 0.0 0.0 0.0 1.0
office/seq-03/color/frame-000216.color.png office/seq-03/color/frame-000219.color.png 0.99849 -0.018671 0.051658 -0.0857649 0.0186319 0.999826 0.00123858 -0.0208411 -0.0516721 -0.000274241 0.998664 0.098806 0.0 0.0 0.0 1.0
office/seq-03/color/frame-000219.color.png office/seq-03/color/frame-000222.color.png 0.998915 -0.0374418 0.0276921 -0.0701506 0.0375446 0.99929 -0.00320092 -0.016883 -0.0275526 0.00423714 0.999611 0.0850464 0.0 0.0 0.0 1.0
office/seq-03/color/frame-000222.color.png office/seq-03/color/frame-000225.color.png 0.999424 -0.0260651 0.0217403 -0.0442919 0.025968 0.999652 0.00473372 -0.0137653 -0.0218561 -0.00416641 0.999753 0.0601908 0.0 0.0 0.0 1.0
office/seq-03/color/frame-000225.color.png office/seq-03/color/frame-000228.color.png 0.999523 -0.0209865 0.0226425 -0.0362619 0.0204312 0.999491 0.0244843 -0.0293256 -0.0231447 -0.02401 0.999444 0.0317898 0.0 0.0 0.0 1.0
office/seq-03/color/frame-000228.color.png office/seq-03/color/frame-000231.color.png 0.999516 -0.0258402 0.0173374 -0.0490637 0.0253284 0.999255 0.0291188 -0.0354517 -0.018077 -0.0286656 0.999426 0.0284461 0.0 0.0 0.0 1.0
office/seq-03/color/frame-000231.color.png office/seq-03/color/frame-000234.color.png 0.999571 -0.019911 0.0215032 -0.043861 0.019697 0.999755 0.0101183 0.00273633 -0.0216993 -0.00969045 0.999718 0.0346869 0.0 0.0 0.0 1.0
office/seq-03/color/frame-000234.color.png office/seq-03/color/frame-000237.color.png 0.999332 -0.0358223 0.00716314 -0.0536261 0.0356104 0.998979 0.0277911 -0.032464 -0.00815138 -0.0275174 0.999588 0.00716782 0.0 0.0 0.0 1.0
office/seq-03/color/frame-000237.color.png office/seq-03/color/frame-000240.color.png 0.999833 -0.0172758 0.00592991 -0.0223663 0.0171398 0.999605 0.0222622 -0.0186109 -0.00631223 -0.022157 0.999734 -0.00688088 0.0 0.0 0.0 1.0
office/seq-03/color/frame-000240.color.png office/seq-03/color/frame-000243.color.png 0.999946 -0.00586129 0.00863555 -0.0126557 0.00560549 0.999553 0.0293583 -0.02311 -0.00880369 -0.0293082 0.999532 -0.00982702 0.0 0.0 0.0 1.0
office/seq-03/color/frame-000243.color.png office/seq-03/color/frame-000246.color.png 0.999882 -0.00660818 0.0138453 -0.0402152 0.0063696 0.999832 0.0172046 0.000543118 -0.0139567 -0.0171144 0.999756 -0.00287092 0.0 0.0 0.0 1.0
office/seq-03/color/frame-000246.color.png office/seq-03/color/frame-000249.color.png 0.999929 -0.0116837 -0.00241729 -0.00773376 0.0116888 0.999929 0.00211375 -0.000836194 0.00239243 -0.00214187 0.999995 -0.0109835 0.0 0.0 0.0 1.0
office/seq-03/color/frame-000249.color.png office/seq-03/color/frame-000252.color.png 0.999982 -0.00455158 0.00397701 -0.0138779 0.00460141 0.99991 -0.0126163 0.0287377 -0.00391925 0.0126344 0.999913 0.00486553 0.0 0.0 0.0 1.0
office/seq-03/color/frame-000252.color.png office/seq-03/color/frame-000255.color.png 0.999881 -0.015155 0.00273476 -0.03262 0.0152522 0.999085 -0.0399491 0.0393528 -0.0021268 0.0399861 0.999198 0.00868976 0.0 0.0 0.0 1.0
office/seq-03/color/frame-000255.color.png office/seq-03/color/frame-000258.color.png 0.999957 0.00927355 -2.84192e-05 0.00151074 -0.00927152 0.999665 -0.0241568 0.0271709 -0.000195646 0.024156 0.999708 -0.000699043 0.0 0.0 0.0 1.0
office/seq-03/color/frame-000258.color.png office/seq-03/color/frame-000261.color.png 0.999997 0.00184357 0.00134238 -0.00623769 -0.00180212 0.999541 -0.030255 0.0215638 -0.00139751 0.0302525 0.999541 -0.00202978 0.0 0.0 0.0 1.0
office/seq-03/color/frame-000261.color.png office/seq-03/color/frame-000264.color.png 0.999708 0.0199012 0.0137155 -0.00624138 -0.0195642 0.999514 -0.0242785 0.0319143 -0.014192 0.0240031 0.999611 0.00658941 0.0 0.0 0.0 1.0
office/seq-03/color/frame-000264.color.png office/seq-03/color/frame-000267.color.png 0.999826 -0.0169504 0.00778638 -0.0247828 0.0171981 0.999309 -0.0329391 0.0129544 -0.00722269 0.0330672 0.999427 0.0053376 0.0 0.0 0.0 1.0
office/seq-03/color/frame-000267.color.png office/seq-03/color/frame-000270.color.png 0.99982 0.00204048 0.0188825 -0.0208702 -0.00147996 0.999559 -0.0296497 0.0180508 -0.0189347 0.0296164 0.999382 0.0150275 0.0 0.0 0.0 1.0
office/seq-03/color/frame-000270.color.png office/seq-03/color/frame-000273.color.png 0.999956 0.00662015 0.00666692 -0.00663447 -0.00643926 0.99962 -0.0267983 0.0162201 -0.00684174 0.0267542 0.999619 0.00490332 0.0 0.0 0.0 1.0
office/seq-03/color/frame-000273.color.png office/seq-03/color/frame-000276.color.png 0.999988 0.00331649 -0.00357389 0.00487268 -0.00345055 0.999265 -0.038184 0.00973648 0.00344467 0.0381959 0.999264 0.00740874 0.0 0.0 0.0 1.0
office/seq-03/color/frame-000276.color.png office/seq-03/color/frame-000279.color.png 0.999279 0.0324804 0.0196733 -0.00400066 -0.0321245 0.999319 -0.0181466 0.0287876 -0.0202493 0.0175016 0.999642 0.0176215 0.0 0.0 0.0 1.0
office/seq-03/color/frame-000279.color.png office/seq-03/color/frame-000282.color.png 0.999892 0.0146124 0.00169363 0.0123318 -0.0145685 0.999616 -0.0235492 0.0161745 -0.00203709 0.023522 0.999721 0.0188832 0.0 0.0 0.0 1.0
office/seq-03/color/frame-000282.color.png office/seq-03/color/frame-000285.color.png 0.999722 0.0180451 0.015172 -0.00282305 -0.0177684 0.999677 -0.0181823 0.00702929 -0.0154952 0.0179076 0.999719 0.0352615 0.0 0.0 0.0 1.0
office/seq-03/color/frame-000285.color.png office/seq-03/color/frame-000288.color.png 0.999878 0.0125436 0.00934255 0.0139008 -0.0124652 0.999887 -0.00840443 0.00640237 -0.00944694 0.00828696 0.999921 0.0240073 0.0 0.0 0.0 1.0
office/seq-03/color/frame-000288.color.png office/seq-03/color/frame-000291.color.png 0.999794 0.00371548 0.0199589 -0.0193248 -0.00355404 0.999961 -0.00811656 -0.00207394 -0.0199883 0.00804392 0.999768 0.0378401 0.0 0.0 0.0 1.0
office/seq-03/color/frame-000291.color.png office/seq-03/color/frame-000294.color.png 0.999797 0.00306539 0.0199066 -0.00147492 -0.00278112 0.999894 -0.0142928 -0.00766969 -0.0199483 0.0142346 0.9997 0.0499477 0.0 0.0 0.0 1.0
office/seq-03/color/frame-000294.color.png office/seq-03/color/frame-000297.color.png 0.999999 -0.000498991 0.00156591 0.00335294 0.000520643 0.999904 -0.0138508 -0.0039314 -0.00155879 0.0138515 0.999903 0.0271516 0.0 0.0 0.0 1.0
office/seq-03/color/frame-000297.color.png office/seq-03/color/frame-000300.color.png 0.999916 0.0117888 0.00539919 0.0151978 -0.0117453 0.999899 -0.00802051 -0.000751376 -0.00549325 0.00795645 0.999953 0.0267658 0.0 0.0 0.0 1.0
office/seq-03/color/frame-000300.color.png office/seq-03/color/frame-000303.color.png 0.999868 0.0142416 0.00785396 0.00712913 -0.0141424 0.999821 -0.0125419 0.0169579 -0.00803115 0.0124291 0.999891 0.0315008 0.0 0.0 0.0 1.0
office/seq-03/color/frame-000303.color.png office/seq-03/color/frame-000306.color.png 0.99998 0.00564365 0.00291916 0.00667477 -0.00563415 0.999979 -0.00325637 -0.0293453 -0.00293748 0.00323987 0.99999 0.0203822 0.0 0.0 0.0 1.0
office/seq-03/color/frame-000306.color.png office/seq-03/color/frame-000309.color.png 0.999888 0.0124132 0.00838281 0.0065434 -0.0124244 0.999922 0.00128431 -0.0147643 -0.00836618 -0.00138833 0.999964 0.0169489 0.0 0.0 0.0 1.0
office/seq-03/color/frame-000309.color.png office/seq-03/color/frame-000312.color.png 0.999925 0.000137301 -0.0122019 0.0295043 -0.000216644 0.999979 -0.00650158 -0.0106043 0.0122006 0.00650371 0.999904 0.0115725 0.0 0.0 0.0 1.0
office/seq-03/color/frame-000312.color.png office/seq-03/color/frame-000315.color.png 0.999881 0.0152643 -0.00228746 0.0263647 -0.0153114 0.999636 -0.0222075 0.042574 0.00194774 0.0222399 0.999751 0.0349424 0.0 0.0 0.0 1.0
office/seq-03/color/frame-000315.color.png office/seq-03/color/frame-000318.color.png 0.999804 0.0190306 0.00536604 0.0109996 -0.0189272 0.999646 -0.0187093 0.0322535 -0.00572028 0.0186041 0.99981 0.0317889 0.0 0.0 0.0 1.0
office/seq-03/color/frame-000318.color.png office/seq-03/color/frame-000321.color.png 0.999989 0.00470745 0.00067835 0.0261336 -0.00469671 0.999875 -0.0150808 0.0079838 -0.000749227 0.0150774 0.999886 0.0261406 0.0 0.0 0.0 1.0
office/seq-03/color/frame-000321.color.png office/seq-03/color/frame-000324.color.png 0.999685 0.0196253 0.0156745 0.00266147 -0.0188986 0.998798 -0.0452335 0.0826117 -0.0165434 0.0449231 0.998854 0.076463 0.0 0.0 0.0 1.0
office/seq-03/color/frame-000324.color.png office/seq-03/color/frame-000327.color.png 0.999186 0.0241312 0.0323392 -0.00772351 -0.0237142 0.999631 -0.0132155 0.0257341 -0.0326462 0.0124378 0.99939 0.0520685 0.0 0.0 0.0 1.0
office/seq-03/color/frame-000327.color.png office/seq-03/color/frame-000330.color.png 0.999842 -0.0172405 0.004417 -0.00908309 0.0171804 0.999764 0.0132913 -0.109517 -0.00464518 -0.0132133 0.999902 -0.00627601 0.0 0.0 0.0 1.0
office/seq-03/color/frame-000330.color.png office/seq-03/color/frame-000333.color.png 0.999918 0.00250275 0.0125431 0.00610793 -0.00235914 0.999932 -0.0114536 0.0131552 -0.0125709 0.011423 0.999856 0.0432637 0.0 0.0 0.0 1.0
office/seq-03/color/frame-000333.color.png office/seq-03/color/frame-000336.color.png 0.999239 0.0192794 0.0339025 -0.00375414 -0.0190332 0.99979 -0.00756953 0.00866306 -0.0340414 0.00691854 0.999396 0.0502335 0.0 0.0 0.0 1.0
office/seq-03/color/frame-000336.color.png office/seq-03/color/frame-000339.color.png 0.999985 -0.0050283 0.00197637 0.0059979 0.00504664 0.999943 -0.00940172 -0.0155309 -0.00192891 0.00941152 0.999954 0.0236918 0.0 0.0 0.0 1.0
office/seq-03/color/frame-000339.color.png office/seq-03/color/frame-000342.color.png 0.999616 0.0162344 0.0224386 -0.00508422 -0.0157095 0.999603 -0.0233714 0.0337644 -0.0228091 0.0230099 0.999475 0.0624446 0.0 0.0 0.0 1.0
office/seq-03/color/frame-000342.color.png office/seq-03/color/frame-000345.color.png 0.999849 0.0102758 -0.0140013 0.0671352 -0.0102681 0.999947 0.000623344 -0.0357145 0.0140069 -0.000479453 0.999902 -0.00958455 0.0 0.0 0.0 1.0
office/seq-03/color/frame-000345.color.png office/seq-03/color/frame-000348.color.png 0.999829 0.00439597 0.0179501 -0.0314084 -0.00451814 0.999967 0.00676971 -0.0387775 -0.0179197 -0.00684973 0.999816 0.00973439 0.0 0.0 0.0 1.0
office/seq-03/color/frame-000348.color.png office/seq-03/color/frame-000351.color.png 0.999926 0.00361065 -0.0116181 0.020474 -0.00353305 0.999971 0.00669048 -0.0148821 0.0116418 -0.00664889 0.99991 -0.00238347 0.0 0.0 0.0 1.0
office/seq-03/color/frame-000351.color.png office/seq-03/color/frame-000354.color.png 0.999991 -0.00232628 -0.0034924 0.00669223 0.00236025 0.99995 0.00975457 -0.0149978 0.00346949 -0.00976266 0.999946 -0.00224507 0.0 0.0 0.0 1.0
office/seq-03/color/frame-000354.color.png office/seq-03/color/frame-000357.color.png 0.999932 -0.0113848 -0.00267534 -0.0114317 0.0114353 0.999741 0.0196892 -0.0334324 0.00245041 -0.0197185 0.999803 -0.0156647 0.0 0.0 0.0 1.0
office/seq-03/color/frame-000357.color.png office/seq-03/color/frame-000360.color.png 0.999326 -0.00929282 0.0355234 -0.0671999 0.00880481 0.999865 0.0138683 -0.0056771 -0.0356474 -0.0135462 0.999273 0.0327575 0.0 0.0 0.0 1.0
office/seq-03/color/frame-000360.color.png office/seq-03/color/frame-000363.color.png 0.999034 -0.0295088 0.0325683 -0.0800779 0.0287324 0.999298 0.0240555 -0.0620531 -0.0332552 -0.0230965 0.99918 -0.000475883 0.0 0.0 0.0 1.0
office/seq-03/color/frame-000363.color.png office/seq-03/color/frame-000366.color.png 0.999328 -0.0318813 0.0181034 -0.0722218 0.0315755 0.999358 0.0169341 -0.0405666 -0.0186317 -0.016351 0.999693 -0.00989342 0.0 0.0 0.0 1.0
office/seq-03/color/frame-000366.color.png office/seq-03/color/frame-000369.color.png 0.999553 -0.0291528 0.00662628 -0.0382998 0.0289335 0.999098 0.0310737 -0.0598128 -0.00752611 -0.0308681 0.999495 -0.0400218 0.0 0.0 0.0 1.0
office/seq-03/color/frame-000369.color.png office/seq-03/color/frame-000372.color.png 0.999771 -0.020621 0.00563308 -0.0257484 0.0203859 0.999031 0.0390162 -0.0772482 -0.00643206 -0.0388924 0.999223 -0.0623097 0.0 0.0 0.0 1.0
office/seq-03/color/frame-000372.color.png office/seq-03/color/frame-000375.color.png 0.998735 -0.032338 0.0385085 -0.108842 0.03235 0.999477 0.000313815 0.0224099 -0.0384986 0.000932356 0.999258 0.000890851 0.0 0.0 0.0 1.0
office/seq-03/color/frame-000375.color.png office/seq-03/color/frame-000378.color.png 0.996901 -0.0630186 0.0470779 -0.136866 0.0618114 0.997731 0.0266734 -0.0884995 -0.0486519 -0.0236808 0.998535 -0.0120305 0.0 0.0 0.0 1.0
office/seq-03/color/frame-000378.color.png office/seq-03/color/frame-000381.color.png 0.998596 -0.0433457 0.0304649 -0.0745947 0.0423888 0.998608 0.031382 -0.0595275 -0.0317828 -0.0300465 0.999043 -0.0378013 0.0 0.0 0.0 1.0
office/seq-03/color/frame-000381.color.png office/seq-03/color/frame-000384.color.png 0.999149 -0.0400452 0.00989196 -0.0468603 0.0400894 0.999187 -0.00430777 0.0190359 -0.00971147 0.00470068 0.999942 -0.0186242 0.0 0.0 0.0 1.0
office/seq-03/color/frame-000384.color.png office/seq-03/color/frame-000387.color.png 0.998922 -0.0225491 0.0405662 -0.087822 0.0219881 0.999657 0.0142221 -0.0103003 -0.0408728 -0.0133149 0.999076 0.00827408 0.0 0.0 0.0 1.0
office/seq-03/color/frame-000387.color.png office/seq-03/color/frame-000390.color.png 0.999127 -0.0289533 0.0301196 -0.0997496 0.0285535 0.999499 0.0136229 -0.0324262 -0.0304989 -0.0127509 0.999453 0.0142018 0.0 0.0 0.0 1.0
office/seq-03/color/frame-000390.color.png office/seq-03/color/frame-000393.color.png 0.99942 -0.0307734 0.0145812 -0.0616389 0.030755 0.999526 0.00148787 -0.0132546 -0.0146202 -0.00103854 0.999893 0.00760269 0.0 0.0 0.0 1.0
office/seq-03/color/frame-000393.color.png office/seq-03/color/frame-000396.color.png 0.998911 -0.0320974 0.0338559 -0.0721309 0.0320064 0.999482 0.0032272 -0.0276868 -0.0339418 -0.00214014 0.999422 0.0290804 0.0 0.0 0.0 1.0
office/seq-03/color/frame-000396.color.png office/seq-03/color/frame-000399.color.png 0.99867 -0.0426193 0.0290189 -0.067126 0.0428737 0.999047 -0.00820197 -0.0133425 -0.0286416 0.00943526 0.999545 0.0302228 0.0 0.0 0.0 1.0
office/seq-03/color/frame-000399.color.png office/seq-03/color/frame-000402.color.png 0.997224 -0.0440791 0.0600182 -0.113059 0.0442543 0.999019 -0.00159105 -0.0332743 -0.0598893 0.00424271 0.998196 0.0777469 0.0 0.0 0.0 1.0
office/seq-03/color/frame-000402.color.png office/seq-03/color/frame-000405.color.png 0.997722 -0.0424887 0.0523989 -0.0949023 0.0425211 0.999095 0.000496689 -0.0356351 -0.0523725 0.00173246 0.998626 0.0729367 0.0 0.0 0.0 1.0
office/seq-03/color/frame-000405.color.png office/seq-03/color/frame-000408.color.png 0.998505 -0.0297799 0.0458315 -0.0731189 0.0306822 0.999346 -0.0191127 -0.00454021 -0.0452325 0.0204903 0.998766 0.0820684 0.0 0.0 0.0 1.0
office/seq-03/color/frame-000408.color.png office/seq-03/color/frame-000411.color.png 0.998276 -0.0490728 0.032199 -0.0423348 0.0500145 0.998324 -0.0291236 0.00659037 -0.0307158 0.0306838 0.999057 0.0957314 0.0 0.0 0.0 1.0
office/seq-03/color/frame-000411.color.png office/seq-03/color/frame-000414.color.png 0.998434 -0.0294578 0.0475625 -0.0846752 0.0298088 0.999533 -0.00668778 -0.0122873 -0.0473433 0.00809515 0.998846 0.080554 0.0 0.0 0.0 1.0
office/seq-03/color/frame-000414.color.png office/seq-03/color/frame-000417.color.png 0.998701 -0.0436121 0.0263353 -0.0772492 0.0437853 0.999023 -0.00603588 -0.0425185 -0.0260463 0.00718107 0.999635 0.0405314 0.0 0.0 0.0 1.0
office/seq-03/color/frame-000417.color.png office/seq-03/color/frame-000420.color.png 0.99975 -0.0171097 0.0143643 -0.0361689 0.0169865 0.999818 0.00866424 -0.0204968 -0.01451 -0.0084181 0.999859 0.0100946 0.0 0.0 0.0 1.0
office/seq-03/color/frame-000420.color.png office/seq-03/color/frame-000423.color.png 0.999303 -0.0260041 0.0267834 -0.0725085 0.0252773 0.999313 0.0271234 -0.0691014 -0.0274703 -0.0264274 0.999273 0.0368656 0.0 0.0 0.0 1.0
office/seq-03/color/frame-000423.color.png office/seq-03/color/frame-000426.color.png 0.99992 -0.00628529 -0.0109476 0.00330043 0.00626253 0.999978 -0.00210249 0.00290918 0.0109605 0.00203379 0.999938 -0.0132307 0.0 0.0 0.0 1.0
office/seq-03/color/frame-000426.color.png office/seq-03/color/frame-000429.color.png 0.999879 -0.0155117 0.00078503 -0.0208728 0.0155029 0.999826 0.0103775 -0.0347204 -0.00094584 -0.0103642 0.999946 -0.00318336 0.0 0.0 0.0 1.0
office/seq-03/color/frame-000429.color.png office/seq-03/color/frame-000432.color.png 0.999892 -0.0123165 -0.00805317 -0.0138867 0.0122429 0.999884 -0.00911836 0.00451052 0.00816453 0.0090189 0.999926 0.00749516 0.0 0.0 0.0 1.0
office/seq-03/color/frame-000432.color.png office/seq-03/color/frame-000435.color.png 0.9999 -0.00147219 0.0140669 -0.0420656 0.00136759 0.999971 0.00744474 0.00252545 -0.0140774 -0.00742478 0.999873 0.037977 0.0 0.0 0.0 1.0
office/seq-03/color/frame-000435.color.png office/seq-03/color/frame-000438.color.png 0.9999 -0.0139044 -0.00277087 -0.0192786 0.0139043 0.999903 -3.81429e-05 -0.0134778 0.00277105 -3.2951e-07 0.999996 -0.000777483 0.0 0.0 0.0 1.0
office/seq-03/color/frame-000438.color.png office/seq-03/color/frame-000441.color.png 0.999452 -0.0284533 -0.016906 -0.0221745 0.0284733 0.999594 0.000937564 -0.0339014 0.0168724 -0.00141846 0.999857 -0.0181993 0.0 0.0 0.0 1.0
office/seq-03/color/frame-000441.color.png office/seq-03/color/frame-000444.color.png 0.999915 -0.0123357 -0.00431007 -0.0256395 0.0123351 0.999924 -0.000218621 -0.00563872 0.00431249 0.000165376 0.999991 -0.00555003 0.0 0.0 0.0 1.0
office/seq-03/color/frame-000444.color.png office/seq-03/color/frame-000447.color.png 0.999721 -0.0188644 -0.0141791 -0.0209916 0.0189009 0.999818 0.00245159 -0.0306655 0.0141302 -0.00271887 0.999896 -0.0239385 0.0 0.0 0.0 1.0
office/seq-03/color/frame-000447.color.png office/seq-03/color/frame-000450.color.png 0.999725 -0.0214745 -0.00944376 -0.0288777 0.0215364 0.999747 0.00651217 -0.0373306 0.00930142 -0.00671374 0.999934 -0.0219769 0.0 0.0 0.0 1.0
office/seq-03/color/frame-000450.color.png office/seq-03/color/frame-000453.color.png 0.999875 -0.0155665 -0.00269551 -0.0289779 0.015588 0.999845 0.00813795 -0.031105 0.0025685 -0.00817893 0.999963 -0.0170879 0.0 0.0 0.0 1.0
office/seq-03/color/frame-000453.color.png office/seq-03/color/frame-000456.color.png 0.999529 -0.02855 -0.0112897 -0.0277876 0.0287467 0.999431 0.0176619 -0.0678568 0.010779 -0.0179782 0.99978 -0.0386269 0.0 0.0 0.0 1.0
office/seq-03/color/frame-000456.color.png office/seq-03/color/frame-000459.color.png 0.999935 -0.0107222 -0.00390769 -0.013662 0.0107747 0.999848 0.0136876 -0.0479959 0.00376037 -0.0137288 0.999899 -0.0306287 0.0 0.0 0.0 1.0
office/seq-03/color/frame-000459.color.png office/seq-03/color/frame-000462.color.png 0.999874 -0.0125576 0.00973721 -0.0448293 0.0123165 0.999625 0.0244463 -0.0693712 -0.0100406 -0.0243232 0.999654 -0.019654 0.0 0.0 0.0 1.0
office/seq-03/color/frame-000462.color.png office/seq-03/color/frame-000465.color.png 0.999968 -0.00655545 -0.00468369 -0.012926 0.00654497 0.999976 -0.00225582 -0.0235569 0.00469845 0.00222501 0.999987 -0.00968611 0.0 0.0 0.0 1.0
office/seq-03/color/frame-000465.color.png office/seq-03/color/frame-000468.color.png 0.999925 0.00398231 -0.0115925 0.0114031 -0.00394419 0.999987 0.00331337 -0.00822854 0.0116054 -0.00326739 0.999927 -0.0259941 0.0 0.0 0.0 1.0
office/seq-03/color/frame-000468.color.png office/seq-03/color/frame-000471.color.png 0.999997 -0.00134107 0.00208189 -0.0162451 0.00130726 0.999868 0.0161647 -0.0424275 -0.00210322 -0.016162 0.999867 -0.0118979 0.0 0.0 0.0 1.0
office/seq-03/color/frame-000471.color.png office/seq-03/color/frame-000474.color.png 0.999983 -5.74844e-05 -0.00589838 0.00881082 9.59999e-05 0.999979 0.00652393 -0.0305871 0.0058979 -0.00652431 0.999961 -0.030408 0.0 0.0 0.0 1.0
office/seq-03/color/frame-000474.color.png office/seq-03/color/frame-000477.color.png 0.999958 0.00748226 -0.00538315 0.00551462 -0.0074829 0.999972 -9.97627e-05 -0.0224845 0.00538236 0.000140055 0.999986 -0.00469398 0.0 0.0 0.0 1.0
office/seq-03/color/frame-000477.color.png office/seq-03/color/frame-000480.color.png 0.999686 0.0248803 0.00282411 0.00015384 -0.0248789 0.99969 -0.000558414 0.0158855 -0.00283719 0.000488 0.999996 0.013886 0.0 0.0 0.0 1.0
office/seq-03/color/frame-000480.color.png office/seq-03/color/frame-000483.color.png 0.999795 0.00632677 -0.0192326 0.0255033 -0.00657989 0.999892 -0.0131311 0.0209707 0.0191474 0.0132549 0.999729 -0.0112982 0.0 0.0 0.0 1.0
office/seq-03/color/frame-000483.color.png office/seq-03/color/frame-000486.color.png 0.999955 -0.00331729 -0.00893632 0.0170815 0.0032869 0.999989 -0.00340626 -0.0161977 0.00894757 0.00337673 0.999954 -0.0185076 0.0 0.0 0.0 1.0
office/seq-03/color/frame-000486.color.png office/seq-03/color/frame-000489.color.png 0.9999 -0.00184989 0.0140068 -0.0212911 0.00169145 0.999934 0.0113245 -0.0356435 -0.0140268 -0.0112997 0.999838 -0.00724113 0.0 0.0 0.0 1.0
office/seq-03/color/frame-000489.color.png office/seq-03/color/frame-000492.color.png 0.999895 -0.0049171 -0.0136647 0.00882882 0.00498194 0.999977 0.00472782 -0.0384623 0.0136411 -0.00479536 0.999895 0.0275599 0.0 0.0 0.0 1.0
office/seq-03/color/frame-000492.color.png office/seq-03/color/frame-000495.color.png 0.999269 0.0103831 -0.0367975 0.0662843 -0.0112223 0.99968 -0.0226786 0.0345997 0.0365503 0.023075 0.999065 -0.0110673 0.0 0.0 0.0 1.0
office/seq-03/color/frame-000495.color.png office/seq-03/color/frame-000498.color.png 0.999627 0.0127421 -0.0241691 0.0558558 -0.0129673 0.999874 -0.00917778 0.0316859 0.024049 0.00948776 0.999666 -0.00415015 0.0 0.0 0.0 1.0
office/seq-03/color/frame-000498.color.png office/seq-03/color/frame-000501.color.png 0.999653 -0.00963987 -0.0244988 0.024384 0.00941303 0.999912 -0.0093625 -0.0259323 0.0245869 0.00912859 0.999656 0.0196959 0.0 0.0 0.0 1.0
office/seq-03/color/frame-000501.color.png office/seq-03/color/frame-000504.color.png 0.999281 0.0144214 -0.0350678 0.0865846 -0.0145976 0.999882 -0.00477172 0.0225029 0.0349947 0.00528016 0.999374 -0.0343274 0.0 0.0 0.0 1.0
office/seq-03/color/frame-000504.color.png office/seq-03/color/frame-000507.color.png 0.999622 0.00659004 -0.0266974 0.0479187 -0.00627205 0.999908 0.0119771 -0.0311048 0.0267741 -0.0118052 0.999572 -0.00755513 0.0 0.0 0.0 1.0
office/seq-03/color/frame-000507.color.png office/seq-03/color/frame-000510.color.png 0.998852 0.018608 -0.0441453 0.100021 -0.0186476 0.999826 -0.000489335 0.0100222 0.0441285 0.00131206 0.999025 -0.0182472 0.0 0.0 0.0 1.0
office/seq-03/color/frame-000510.color.png office/seq-03/color/frame-000513.color.png 0.999275 0.0261784 -0.0276479 0.0808633 -0.0261545 0.999657 0.0012274 0.0110743 0.0276704 -0.000503471 0.999617 -0.00860059 0.0 0.0 0.0 1.0
office/seq-03/color/frame-000513.color.png office/seq-03/color/frame-000516.color.png 0.999511 0.0233921 -0.0207467 0.0920379 -0.023616 0.999665 -0.0106114 0.0203264 0.0204916 0.0110962 0.999728 -0.0108098 0.0 0.0 0.0 1.0
office/seq-03/color/frame-000516.color.png office/seq-03/color/frame-000519.color.png 0.999054 0.0373187 0.0223415 0.0255176 -0.0369943 0.999206 -0.0147656 0.047484 -0.0228748 0.013925 0.999641 0.0397125 0.0 0.0 0.0 1.0
office/seq-03/color/frame-000519.color.png office/seq-03/color/frame-000522.color.png 0.999602 0.0133987 0.0248175 0.00391591 -0.0129048 0.999718 -0.0199518 0.0463943 -0.0250778 0.0196236 0.999493 0.0183272 0.0 0.0 0.0 1.0
office/seq-03/color/frame-000522.color.png office/seq-03/color/frame-000525.color.png 0.998603 -0.0018997 0.0528082 -0.0623872 0.00230379 0.999969 -0.00759244 0.00197768 -0.052792 0.00770346 0.998576 0.0466253 0.0 0.0 0.0 1.0
office/seq-03/color/frame-000525.color.png office/seq-03/color/frame-000528.color.png 0.999793 0.00931887 0.0180709 -0.0069921 -0.00886201 0.999643 -0.0252002 0.0528927 -0.0182993 0.0250349 0.999519 0.0309881 0.0 0.0 0.0 1.0
