office/seq-03/color/frame-000000.color.png office/seq-03/color/frame-000002.color.png 0.999973 -0.00190394 -0.0070556 -0.00293686 0.00192208 0.999995 0.00256538 -0.00138229 0.00705068 -0.00257887 0.999972 0.00599293 0.0 0.0 0.0 1.0
office/seq-03/color/frame-000002.color.png office/seq-03/color/frame-000004.color.png 0.999982 0.00238514 -0.00552689 7.65836e-05 -0.00238953 0.999997 -0.000788315 0.000179584 0.00552499 0.000801507 0.999984 0.00184333 0.0 0.0 0.0 1.0
office/seq-03/color/frame-000004.color.png office/seq-03/color/frame-000006.color.png 0.99994 0.00455476 -0.00998463 0.000328196 -0.00451552 0.999982 0.00394869 -0.00237851 0.0100024 -0.00390337 0.999942 0.00394191 0.0 0.0 0.0 1.0
office/seq-03/color/frame-000006.color.png office/seq-03/color/frame-000008.color.png 0.999973 -0.000715208 -0.00733134 -0.00274185 0.000799868 0.999933 0.0115512 0.000295949 0.00732258 -0.0115568 0.999906 0.00932398 0.0 0.0 0.0 1.0
office/seq-03/color/frame-000008.color.png office/seq-03/color/frame-000010.color.png 0.999931 0.00303176 -0.0113242 -0.000557535 -0.00297623 0.999983 0.0049176 -0.00245355 0.0113389 -0.00488356 0.999924 0.00919828 0.0 0.0 0.0 1.0
office/seq-03/color/frame-000010.color.png office/seq-03/color/frame-000012.color.png 0.999967 0.00608284 -0.00540222 -0.00284599 -0.00603573 0.999944 0.00869542 -0.00374067 0.00545482 -0.00866253 0.999947 0.0112373 0.0 0.0 0.0 1.0
office/seq-03/color/frame-000012.color.png office/seq-03/color/frame-000014.color.png 0.999953 0.00378796 -0.00888949 0.00172173 -0.00372166 0.999965 0.00746287 -0.00239535 0.00891744 -0.00742944 0.999933 0.0111002 0.0 0.0 0.0 1.0
office/seq-03/color/frame-000014.color.png office/seq-03/color/frame-000016.color.png 0.999985 0.00443275 -0.00317254 -0.00479422 -0.00439091 0.999905 0.0130766 -0.0149483 0.00323021 -0.0130625 0.999909 0.0203123 0.0 0.0 0.0 1.0
office/seq-03/color/frame-000016.color.png office/seq-03/color/frame-000018.color.png 0.999958 0.00511038 -0.00764202 0.00210455 -0.00516891 0.999957 -0.00765906 -0.00240757 0.00760254 0.00769823 0.999942 0.0125216 0.0 0.0 0.0 1.0
office/seq-03/color/frame-000018.color.png office/seq-03/color/frame-000020.color.png 0.999988 0.00485743 0.00018024 -0.00115877 -0.00485951 0.999887 0.0142509 -0.0119953 -0.000111003 -0.0142516 0.999898 0.0194611 0.0 0.0 0.0 1.0
office/seq-03/color/frame-000020.color.png office/seq-03/color/frame-000022.color.png 0.999997 0.00221799 0.00139094 -0.007857 -0.00222459 0.999986 0.00476331 -0.0127278 -0.00138033 -0.0047664 0.999988 0.0242666 0.0 0.0 0.0 1.0
office/seq-03/color/frame-000022.color.png office/seq-03/color/frame-000024.color.png 0.999958 0.00915871 -3.84567e-05 -0.000232941 -0.00915871 0.99992 -0.0086521 -0.012538 -4.08022e-05 0.00865211 0.999963 0.0193133 0.0 0.0 0.0 1.0
office/seq-03/color/frame-000024.color.png office/seq-03/color/frame-000026.color.png 0.999966 -0.000914145 0.00821505 -0.00183835 0.00082084 0.999935 0.0113543 -0.0134007 -0.00822489 -0.0113472 0.999902 0.013035 0.0 0.0 0.0 1.0
office/seq-03/color/frame-000026.color.png office/seq-03/color/frame-000028.color.png 0.999884 0.00419406 0.0146461 -0.00886346 -0.00436173 0.999925 0.0114346 -0.023234 -0.0145971 -0.0114972 0.999827 0.0253128 0.0 0.0 0.0 1.0
office/seq-03/color/frame-000028.color.png office/seq-03/color/frame-000030.color.png 0.999942 -0.000534731 0.0108085 -0.00726517 0.000689394 0.999897 -0.0143102 -0.0126253 -0.0107997 0.0143168 0.999839 0.0241267 0.0 0.0 0.0 1.0
office/seq-03/color/frame-000030.color.png office/seq-03/color/frame-000032.color.png 0.999857 -0.011861 0.0120809 0.00336501 0.0119303 0.999913 -0.00567795 0.0022567 -0.0120125 0.00582128 0.999911 0.00518142 0.0 0.0 0.0 1.0
office/seq-03/color/frame-000032.color.png office/seq-03/color/frame-000034.color.png 0.99973 -0.0158267 0.0170394 -0.01135 0.0153175 0.999444 0.0296083 -0.023508 -0.0174985 -0.0293393 0.999416 0.0136521 0.0 0.0 0.0 1.0
office/seq-03/color/frame-000034.color.png office/seq-03/color/frame-000036.color.png 0.999846 -0.0145104 0.00982558 -0.0067377 0.014369 0.999794 0.0143136 -0.0123938 -0.0100313 -0.0141702 0.999849 0.0139456 0.0 0.0 0.0 1.0
office/seq-03/color/frame-000036.color.png office/seq-03/color/frame-000038.color.png 0.999896 0.00551191 0.0133631 -0.0136006 -0.00582957 0.999699 0.0238505 -0.0229968 -0.0132276 -0.0239259 0.999626 0.0173883 0.0 0.0 0.0 1.0
office/seq-03/color/frame-000038.color.png office/seq-03/color/frame-000040.color.png 0.999999 -0.00154046 -0.00019815 -0.013209 0.00154067 0.999998 0.00109286 -0.0182605 0.000196464 -0.00109315 0.999999 0.021836 0.0 0.0 0.0 1.0
office/seq-03/color/frame-000040.color.png office/seq-03/color/frame-000042.color.png 0.999925 -0.0122001 -0.00126525 0.00426681 0.0122059 0.999915 0.00464107 -0.0072449 0.00120852 -0.00465616 0.999988 -8.51154e-05 0.0 0.0 0.0 1.0
office/seq-03/color/frame-000042.color.png office/seq-03/color/frame-000044.color.png 0.999928 -0.00614012 0.0103613 -0.0111885 0.00591028 0.999739 0.0220697 -0.0238023 -0.0104941 -0.0220069 0.999703 0.0129391 0.0 0.0 0.0 1.0
office/seq-03/color/frame-000044.color.png office/seq-03/color/frame-000046.color.png 0.999968 0.000478559 0.00792948 -0.00572729 -0.000527412 0.999981 0.00615997 -0.016096 -0.00792638 -0.00616395 0.99995 0.00316247 0.0 0.0 0.0 1.0
office/seq-03/color/frame-000046.color.png office/seq-03/color/frame-000048.color.png 0.99994 -0.0101016 0.00431218 -0.0074776 0.0100581 0.999899 0.0100101 -0.0211449 -0.00441287 -0.00996617 0.999941 0.00938579 0.0 0.0 0.0 1.0
office/seq-03/color/frame-000048.color.png office/seq-03/color/frame-000050.color.png 0.999887 0.0142596 -0.00481262 0.00429942 -0.0142125 0.999852 0.00969217 -0.0193687 0.00495012 -0.00962266 0.999942 0.0134518 0.0 0.0 0.0 1.0
office/seq-03/color/frame-000050.color.png office/seq-03/color/frame-000052.color.png 0.999972 0.00608361 0.00438708 0.000862308 -0.00607229 0.999978 -0.0025889 -0.0171259 -0.00440274 0.00256221 0.999987 0.00291523 0.0 0.0 0.0 1.0
office/seq-03/color/frame-000052.color.png office/seq-03/color/frame-000054.color.png 0.999909 0.009006 0.0100301 0.00218103 -0.0091665 0.999829 0.0160727 -0.0279617 -0.00988361 -0.0161631 0.999821 0.000499934 0.0 0.0 0.0 1.0
office/seq-03/color/frame-000054.color.png office/seq-03/color/frame-000056.color.png 0.999833 0.0108156 0.0147643 -0.00892546 -0.0109217 0.999915 0.00712347 -0.0175738 -0.014686 -0.00728351 0.999866 0.0169503 0.0 0.0 0.0 1.0
office/seq-03/color/frame-000056.color.png office/seq-03/color/frame-000058.color.png 0.99961 0.0226983 0.0162829 -0.00587605 -0.0224478 0.999629 -0.0154019 -0.0270848 -0.0166265 0.0150303 0.999749 0.0200779 0.0 0.0 0.0 1.0
office/seq-03/color/frame-000058.color.png office/seq-03/color/frame-000060.color.png 0.999935 0.00454397 0.0104345 0.00307488 -0.00437773 0.999864 -0.0158992 -0.0110483 -0.0105053 0.0158526 0.999819 0.00665218 0.0 0.0 0.0 1.0
office/seq-03/color/frame-000060.color.png office/seq-03/color/frame-000062.color.png 0.999957 4.11533e-05 0.00925122 -0.00516196 2.2583e-05 0.999976 -0.00688971 -0.017153 -0.00925131 0.00688958 0.999933 0.0160078 0.0 0.0 0.0 1.0
office/seq-03/color/frame-000062.color.png office/seq-03/color/frame-000064.color.png 0.999931 0.00184662 0.0116402 -0.000170097 -0.00180776 0.999993 -0.00334856 -0.0251929 -0.0116463 0.00332732 0.999927 0.00460055 0.0 0.0 0.0 1.0
office/seq-03/color/frame-000064.color.png office/seq-03/color/frame-000066.color.png 0.999814 -0.00993419 0.0165373 -0.0117742 0.0100821 0.99991 -0.0088853 -0.0140274 -0.0164475 0.00905035 0.999824 0.0186687 0.0 0.0 0.0 1.0
office/seq-03/color/frame-000066.color.png office/seq-03/color/frame-000068.color.png 0.999923 0.0123027 0.00164675 0.00877276 -0.0122991 0.999922 -0.0021645 -0.0288043 -0.00167327 0.00214407 0.999996 0.00117862 0.0 0.0 0.0 1.0
office/seq-03/color/frame-000068.color.png office/seq-03/color/frame-000070.color.png 0.99996 0.00395713 0.00797692 -0.00490132 -0.00398193 0.999987 0.00309654 -0.0161814 -0.00796454 -0.00312818 0.999963 0.00833207 0.0 0.0 0.0 1.0
office/seq-03/color/frame-000070.color.png office/seq-03/color/frame-000072.color.png 0.999984 -0.000277829 0.00570488 -0.00438768 0.000291035 0.999997 -0.00231781 -0.0100025 -0.0057042 0.00231944 0.999981 0.00662953 0.0 0.0 0.0 1.0
office/seq-03/color/frame-000072.color.png office/seq-03/color/frame-000074.color.png 0.999996 -0.000374327 0.00281453 -0.00486645 0.000337916 0.999916 0.0129294 -0.0257359 -0.00281911 -0.0129284 0.999912 0.00068298 0.0 0.0 0.0 1.0
office/seq-03/color/frame-000074.color.png office/seq-03/color/frame-000076.color.png 0.999982 0.00552259 -0.00228874 0.00333785 -0.0055125 0.999975 0.00438779 -0.016147 0.00231292 -0.00437508 0.999988 0.00329426 0.0 0.0 0.0 1.0
office/seq-03/color/frame-000076.color.png office/seq-03/color/frame-000078.color.png 0.999982 0.00564871 0.00173146 -0.000844091 -0.00566662 0.999929 0.0105247 -0.0204618 -0.0016719 -0.0105343 0.999943 0.00251645 0.0 0.0 0.0 1.0
office/seq-03/color/frame-000078.color.png office/seq-03/color/frame-000080.color.png 0.99997 0.00532705 0.00563697 -0.00578641 -0.0053428 0.999982 0.00277846 -0.0215692 -0.00562206 -0.00280846 0.99998 0.00752205 0.0 0.0 0.0 1.0
office/seq-03/color/frame-000080.color.png office/seq-03/color/frame-000082.color.png 0.999978 -0.00411982 0.00517772 -0.00693654 0.00413616 0.999987 -0.00314676 -0.0087145 -0.00516472 0.0031681 0.999982 0.00408518 0.0 0.0 0.0 1.0
office/seq-03/color/frame-000082.color.png office/seq-03/color/frame-000084.color.png 0.999989 0.00443636 0.00141403 -0.00203297 -0.00443881 0.999989 0.00173876 -0.0145213 -0.00140627 -0.00174504 0.999997 0.00362492 0.0 0.0 0.0 1.0
office/seq-03/color/frame-000084.color.png office/seq-03/color/frame-000086.color.png 0.999942 0.00277627 0.0103997 -0.0165227 -0.00280208 0.999993 0.00246842 -0.0196459 -0.0103928 -0.00249739 0.999943 0.0103802 0.0 0.0 0.0 1.0
office/seq-03/color/frame-000086.color.png office/seq-03/color/frame-000088.color.png 0.999982 -0.00158705 -0.00581911 -0.00380705 0.0015752 0.999997 -0.00203946 -0.0105556 0.00582233 0.00203027 0.999981 0.00401467 0.0 0.0 0.0 1.0
office/seq-03/color/frame-000088.color.png office/seq-03/color/frame-000090.color.png 0.999986 -0.00378603 -0.00358228 -0.00440654 0.00377386 0.999987 -0.00339896 -0.0103685 0.0035951 0.00338537 0.999988 0.00536737 0.0 0.0 0.0 1.0
office/seq-03/color/frame-000090.color.png office/seq-03/color/frame-000092.color.png 0.999997 -0.00246517 0.000511453 -0.0053556 0.00246507 0.999997 0.000172972 -0.00729531 -0.000511863 -0.000171703 1.0 0.00112268 0.0 0.0 0.0 1.0
office/seq-03/color/frame-000092.color.png office/seq-03/color/frame-000094.color.png 0.999936 -0.0102571 0.00470625 -0.020133 0.0102217 0.99992 0.00749014 -0.0204519 -0.00478269 -0.00744156 0.999961 -0.000199795 0.0 0.0 0.0 1.0
office/seq-03/color/frame-000094.color.png office/seq-03/color/frame-000096.color.png 0.999962 -0.0077418 -0.00393742 -0.00819138 0.00776501 0.999952 0.00591425 -0.0140696 0.00389149 -0.00594458 0.999975 0.00129229 0.0 0.0 0.0 1.0
office/seq-03/color/frame-000096.color.png office/seq-03/color/frame-000098.color.png 0.999986 -0.00538461 -0.000291781 -0.00596908 0.00538607 0.999971 0.00530883 -0.0118783 0.000263167 -0.00531034 0.999986 -0.003411 0.0 0.0 0.0 1.0
office/seq-03/color/frame-000098.color.png office/seq-03/color/frame-000100.color.png 0.999949 -0.00167392 0.009987 -0.00872968 0.00148916 0.999828 0.0184793 -0.0322131 -0.0100162 -0.0184634 0.999779 -0.00936788 0.0 0.0 0.0 1.0
office/seq-03/color/frame-000100.color.png office/seq-03/color/frame-000102.color.png 0.999876 -0.00082588 0.0157234 -0.0132892 0.000798235 0.999998 0.00176469 -0.00205737 -0.0157249 -0.00175192 0.999875 -0.015713 0.0 0.0 0.0 1.0
office/seq-03/color/frame-000102.color.png office/seq-03/color/frame-000104.color.png 0.999886 -0.00202567 0.0149631 -0.0179152 0.0017665 0.999848 0.0173137 -0.0226986 -0.0149959 -0.0172853 0.999738 -0.0194815 0.0 0.0 0.0 1.0
office/seq-03/color/frame-000104.color.png office/seq-03/color/frame-000106.color.png 0.999932 -0.00388089 0.0109938 -0.0148996 0.00376223 0.999935 0.0107926 -0.0072161 -0.011035 -0.0107505 0.999881 -0.0127894 0.0 0.0 0.0 1.0
office/seq-03/color/frame-000106.color.png office/seq-03/color/frame-000108.color.png 0.999889 -0.0138167 0.00556676 -0.0157964 0.0137297 0.999787 0.0153867 -0.0164222 -0.00577814 -0.0153085 0.999866 -0.0178384 0.0 0.0 0.0 1.0
office/seq-03/color/frame-000108.color.png office/seq-03/color/frame-000110.color.png 0.999798 -0.0194651 0.00492345 -0.0219485 0.0194233 0.999776 0.00839834 -0.00485682 -0.00508582 -0.00830101 0.999953 -0.0138257 0.0 0.0 0.0 1.0
office/seq-03/color/frame-000110.color.png office/seq-03/color/frame-000112.color.png 0.999971 -0.00760752 0.000565571 -0.00241278 0.00759938 0.999883 0.0132419 -0.0188303 -0.000666246 -0.0132372 0.999912 -0.0181712 0.0 0.0 0.0 1.0
office/seq-03/color/frame-000112.color.png office/seq-03/color/frame-000114.color.png 0.999801 0.00680422 0.0187651 -0.00672585 -0.00701133 0.999915 0.0109927 -0.0253444 -0.0186887 -0.0111222 0.999763 -0.0217267 0.0 0.0 0.0 1.0
office/seq-03/color/frame-000114.color.png office/seq-03/color/frame-000116.color.png 0.999886 0.000214911 0.0151026 -0.00676331 -0.000188337 0.999998 -0.00175988 -0.00148493 -0.015103 0.00175686 0.999884 -0.0167019 0.0 0.0 0.0 1.0
office/seq-03/color/frame-000116.color.png office/seq-03/color/frame-000118.color.png 0.999724 0.0118758 0.0202914 -0.00511566 -0.0121396 0.999843 0.0129293 -0.0352122 -0.0201346 -0.0131721 0.99971 -0.0255422 0.0 0.0 0.0 1.0
office/seq-03/color/frame-000118.color.png office/seq-03/color/frame-000120.color.png 0.999922 0.00701902 0.0103695 0.00196607 -0.00705932 0.999968 0.00385699 -0.00988489 -0.010342 -0.00392979 0.999939 -0.0220393 0.0 0.0 0.0 1.0
office/seq-03/color/frame-000120.color.png office/seq-03/color/frame-000122.color.png 0.999889 0.00973483 0.011278 0.00664854 -0.00974402 0.999952 0.00075993 -0.00725538 -0.0112701 -0.000869829 0.999936 -0.0138579 0.0 0.0 0.0 1.0
office/seq-03/color/frame-000122.color.png office/seq-03/color/frame-000124.color.png 0.999981 0.00606849 0.00061917 0.0150709 -0.00606816 0.999981 -0.000557865 -0.0100675 -0.000622482 0.000554118 1.0 -0.0165822 0.0 0.0 0.0 1.0
office/seq-03/color/frame-000124.color.png office/seq-03/color/frame-000126.color.png 0.999919 0.00357895 0.0121978 0.00618175 -0.00351329 0.999979 -0.00540173 -0.00376874 -0.0122169 0.00535846 0.999911 -0.0153373 0.0 0.0 0.0 1.0
office/seq-03/color/frame-000126.color.png office/seq-03/color/frame-000128.color.png 0.999929 0.00960461 0.00699994 0.0109092 -0.0095841 0.99995 -0.00295556 -0.00730586 -0.00702792 0.00288828 0.999971 -0.00538123 0.0 0.0 0.0 1.0
office/seq-03/color/frame-000128.color.png office/seq-03/color/frame-000130.color.png 0.999997 0.00160965 0.00188763 0.0172805 -0.00159511 0.999969 -0.0076776 -0.00198209 -0.00189988 0.00767452 0.999969 -0.0165186 0.0 0.0 0.0 1.0
office/seq-03/color/frame-000130.color.png office/seq-03/color/frame-000132.color.png 0.999939 0.00739744 -0.008187 0.0306974 -0.00744714 0.999954 -0.00605769 -0.00345814 0.00814171 0.00611827 0.999948 -0.0138892 0.0 0.0 0.0 1.0
office/seq-03/color/frame-000132.color.png office/seq-03/color/frame-000134.color.png 0.999981 0.00604705 -0.00130896 0.0194425 -0.00604902 0.999981 -0.00150646 -0.00386518 0.00129984 0.00151441 0.999998 -0.013429 0.0 0.0 0.0 1.0
office/seq-03/color/frame-000134.color.png office/seq-03/color/frame-000136.color.png 0.99987 0.0156153 -0.00400099 0.0270854 -0.0156155 0.999878 -1.87063e-05 -0.00321394 0.00400019 8.1097e-05 0.999992 -0.00416151 0.0 0.0 0.0 1.0
office/seq-03/color/frame-000136.color.png office/seq-03/color/frame-000138.color.png 0.999989 0.00233979 -0.00417518 0.0250324 -0.00236172 0.999983 -0.00525456 0.00404626 0.00416279 0.00526438 0.999978 -0.00615412 0.0 0.0 0.0 1.0
office/seq-03/color/frame-000138.color.png office/seq-03/color/frame-000140.color.png 0.999948 0.00293943 -0.00973794 0.0262466 -0.00304531 0.999936 -0.0108772 0.00998038 0.00970534 0.0109063 0.999893 0.000159323 0.0 0.0 0.0 1.0
office/seq-03/color/frame-000140.color.png office/seq-03/color/frame-000142.color.png 0.999865 0.00551221 -0.0155156 0.0319584 -0.00553854 0.999983 -0.00165373 -0.00306803 0.0155062 0.00173942 0.999878 -0.0036968 0.0 0.0 0.0 1.0
office/seq-03/color/frame-000142.color.png office/seq-03/color/frame-000144.color.png 0.999969 0.000959231 -0.00777879 0.0248607 -0.000984137 0.999994 -0.00319959 0.00212109 0.00777571 0.00320719 0.999965 -0.00830671 0.0 0.0 0.0 1.0
office/seq-03/color/frame-000144.color.png office/seq-03/color/frame-000146.color.png 0.999884 0.0101078 -0.0113659 0.0269781 -0.0102058 0.999911 -0.00860251 0.0100068 0.0112779 0.00871744 0.999898 0.00693434 0.0 0.0 0.0 1.0
office/seq-03/color/frame-000146.color.png office/seq-03/color/frame-000148.color.png 0.999902 0.0026203 -0.0137659 0.0238773 -0.0026948 0.999982 -0.00539517 0.000812888 0.0137514 0.00543176 0.999891 0.000942618 0.0 0.0 0.0 1.0
office/seq-03/color/frame-000148.color.png office/seq-03/color/frame-000150.color.png 0.999912 -0.00105415 -0.0132498 0.0273136 0.000970673 0.99998 -0.00630616 2.83718e-05 0.0132561 0.00629272 0.999892 2.95341e-05 0.0 0.0 0.0 1.0
office/seq-03/color/frame-000150.color.png office/seq-03/color/frame-000152.color.png 0.999408 0.0211586 -0.0271267 0.0504582 -0.0214409 0.999718 -0.0101572 0.00913769 0.0269041 0.0107329 0.999581 0.0129429 0.0 0.0 0.0 1.0
office/seq-03/color/frame-000152.color.png office/seq-03/color/frame-000154.color.png 0.999847 -0.00371553 -0.0170962 0.0347275 0.00373209 0.999993 0.000937172 -0.0202036 0.0170926 -0.00100083 0.999853 -0.00479659 0.0 0.0 0.0 1.0
office/seq-03/color/frame-000154.color.png office/seq-03/color/frame-000156.color.png 0.999987 -0.0018686 -0.00474063 0.015386 0.00178188 0.999832 -0.0182316 0.017576 0.00477388 0.0182229 0.999822 0.0304211 0.0 0.0 0.0 1.0
office/seq-03/color/frame-000156.color.png office/seq-03/color/frame-000158.color.png 0.999882 0.00653772 -0.0139083 0.0357521 -0.0065303 0.999979 0.000579187 -0.00575513 0.0139117 -0.000488273 0.999903 -0.000445634 0.0 0.0 0.0 1.0
office/seq-03/color/frame-000158.color.png office/seq-03/color/frame-000160.color.png 0.999993 -0.00121257 -0.00362508 0.0333957 0.00121241 0.999999 -4.79821e-05 -0.00662941 0.00362517 4.35839e-05 0.999993 0.019039 0.0 0.0 0.0 1.0
office/seq-03/color/frame-000160.color.png office/seq-03/color/frame-000162.color.png 0.999986 -0.00285532 -0.0044805 0.0289021 0.00285566 0.999996 7.06522e-05 0.00446188 0.00448026 -8.34348e-05 0.99999 0.00281674 0.0 0.0 0.0 1.0
office/seq-03/color/frame-000162.color.png office/seq-03/color/frame-000164.color.png 0.999989 0.00432099 0.00164577 0.0229637 -0.00431984 0.99999 -0.000706815 -0.0114814 -0.00164879 0.000699693 0.999998 0.0163689 0.0 0.0 0.0 1.0
office/seq-03/color/frame-000164.color.png office/seq-03/color/frame-000166.color.png 0.999999 0.00138046 -0.000849542 0.0356569 -0.00138717 0.999967 -0.0079721 -0.00119942 0.000838495 0.00797329 0.999968 0.0216201 0.0 0.0 0.0 1.0
office/seq-03/color/frame-000166.color.png office/seq-03/color/frame-000168.color.png 0.999974 -0.00724993 -0.000213858 0.0264346 0.00724919 0.999969 -0.00317425 -0.00337625 0.000236839 0.00317259 0.999995 0.0371668 0.0 0.0 0.0 1.0
office/seq-03/color/frame-000168.color.png office/seq-03/color/frame-000170.color.png 0.999964 0.00744192 -0.00399681 0.0378388 -0.0074479 0.999971 -0.00148843 -0.00836521 0.00398561 0.00151816 0.999991 0.0126643 0.0 0.0 0.0 1.0
office/seq-03/color/frame-000170.color.png office/seq-03/color/frame-000172.color.png 0.999992 0.0037898 0.000767058 0.0219914 -0.00378553 0.999978 -0.00548849 0.0116082 -0.000787848 0.00548556 0.999985 0.0262597 0.0 0.0 0.0 1.0
office/seq-03/color/frame-000172.color.png office/seq-03/color/frame-000174.color.png 0.999909 0.013474 7.80502e-05 0.0285653 -0.013471 0.999781 -0.0159876 0.00295305 -0.000293407 0.015985 0.999872 0.0362598 0.0 0.0 0.0 1.0
office/seq-03/color/frame-000174.color.png office/seq-03/color/frame-000176.color.png 0.999938 -0.0108577 0.00263859 0.026874 0.010931 0.999503 -0.0295512 0.00694066 -0.00231648 0.0295782 0.99956 0.0484349 0.0 0.0 0.0 1.0
office/seq-03/color/frame-000176.color.png office/seq-03/color/frame-000178.color.png 0.999914 -0.0110234 -0.00716581 0.0299385 0.0110503 0.999932 0.00372653 -0.0131423 0.00712425 -0.00380543 0.999967 0.00531223 0.0 0.0 0.0 1.0
office/seq-03/color/frame-000178.color.png office/seq-03/color/frame-000180.color.png 0.999966 -0.00509344 0.00643835 0.0178749 0.00510944 0.999984 -0.00246984 -0.010204 -0.00642566 0.00250268 0.999976 0.0272768 0.0 0.0 0.0 1.0
office/seq-03/color/frame-000180.color.png office/seq-03/color/frame-000182.color.png 0.999661 -0.0163704 -0.0202367 0.0401523 0.016379 0.999866 0.000255642 -0.0101864 0.0202298 -0.000586983 0.999795 0.0246623 0.0 0.0 0.0 1.0
office/seq-03/color/frame-000182.color.png office/seq-03/color/frame-000184.color.png 0.999873 9.16415e-05 -0.0159121 0.0469276 -0.000181376 0.999984 -0.00563829 -0.00171602 0.0159113 0.00564041 0.999857 0.0162733 0.0 0.0 0.0 1.0
office/seq-03/color/frame-000184.color.png office/seq-03/color/frame-000186.color.png 0.999924 0.0079251 -0.00941466 0.0320543 -0.00793948 0.999967 -0.00149277 0.00534451 0.00940255 0.00156747 0.999955 0.0258798 0.0 0.0 0.0 1.0
office/seq-03/color/frame-000186.color.png office/seq-03/color/frame-000188.color.png 0.999738 0.0164316 -0.0159561 0.0416308 -0.0164858 0.999859 -0.00327358 0.000456631 0.0159001 0.00353575 0.999867 0.0215859 0.0 0.0 0.0 1.0
office/seq-03/color/frame-000188.color.png office/seq-03/color/frame-000190.color.png 0.999354 0.0298786 -0.0199455 0.0547957 -0.030779 0.998445 -0.0464783 0.0394624 0.0185258 0.0470622 0.99872 0.0597713 0.0 0.0 0.0 1.0
office/seq-03/color/frame-000190.color.png office/seq-03/color/frame-000192.color.png 0.99962 0.0011507 -0.0275335 0.0487252 -0.00146434 0.999934 -0.0113723 0.0117415 0.0275186 0.0114083 0.999556 0.0198717 0.0 0.0 0.0 1.0
office/seq-03/color/frame-000192.color.png office/seq-03/color/frame-000194.color.png 0.998444 0.0159302 -0.0534307 0.107701 -0.0155687 0.999853 0.00717492 -0.00728822 0.0535371 -0.00633193 0.998546 -0.0336999 0.0 0.0 0.0 1.0
office/seq-03/color/frame-000194.color.png office/seq-03/color/frame-000196.color.png 0.999709 0.0180438 -0.0159815 0.0414905 -0.0179156 0.999806 0.00812747 2.66433e-05 0.016125 -0.00783878 0.999839 0.011408 0.0 0.0 0.0 1.0
office/seq-03/color/frame-000196.color.png office/seq-03/color/frame-000198.color.png 0.999849 0.00489125 -0.0166936 0.0303457 -0.00470804 0.999928 0.0109965 -0.015439 0.0167462 -0.0109162 0.9998 0.00998211 0.0 0.0 0.0 1.0
office/seq-03/color/frame-000198.color.png office/seq-03/color/frame-000200.color.png 0.999931 0.00648263 -0.00978127 0.0323216 -0.00632102 0.999844 0.0164654 -0.031209 0.00988649 -0.0164025 0.999817 0.00800401 0.0 0.0 0.0 1.0
office/seq-03/color/frame-000200.color.png office/seq-03/color/frame-000202.color.png 0.999987 -0.00115013 0.00496227 0.0071758 0.00118258 0.999978 -0.00653712 -0.00116843 -0.00495465 0.0065429 0.999966 0.0533649 0.0 0.0 0.0 1.0
office/seq-03/color/frame-000202.color.png office/seq-03/color/frame-000204.color.png 0.999979 -0.00508706 0.00411222 0.00298756 0.00510749 0.999975 -0.00497315 -0.00490338 -0.00408681 0.00499406 0.999979 0.0490247 0.0 0.0 0.0 1.0
office/seq-03/color/frame-000204.color.png office/seq-03/color/frame-000206.color.png 0.999972 -0.005862 0.00455485 0.00556558 0.00584257 0.999974 0.00426968 -0.0237134 -0.00457975 -0.00424295 0.999981 0.0251153 0.0 0.0 0.0 1.0
office/seq-03/color/frame-000206.color.png office/seq-03/color/frame-000208.color.png 0.999871 -0.00321844 0.0157654 -0.0119864 0.0030955 0.999965 0.00781674 -0.0196563 -0.01579 -0.00776694 0.999845 0.0467839 0.0 0.0 0.0 1.0
office/seq-03/color/frame-000208.color.png office/seq-03/color/frame-000210.color.png 0.999675 0.00655623 0.024631 -0.017089 -0.00652831 0.999978 -0.00121298 -0.000351131 -0.0246385 0.00105177 0.999696 0.0587953 0.0 0.0 0.0 1.0
office/seq-03/color/frame-000210.color.png office/seq-03/color/frame-000212.color.png 0.999463 -0.00967186 0.0313103 -0.0399745 0.01027 0.999767 -0.0189983 0.0206236 -0.0311192 0.0193097 0.999329 0.0929164 0.0 0.0 0.0 1.0
office/seq-03/color/frame-000212.color.png office/seq-03/color/frame-000214.color.png 0.999707 -0.0241253 0.00175786 -0.0210108 0.0241285 0.999707 -0.00179455 -0.0143573 -0.00171404 0.00183645 0.999997 0.0389272 0.0 0.0 0.0 1.0
office/seq-03/color/frame-000214.color.png office/seq-03/color/frame-000216.color.png 0.999871 -0.0144949 0.00689495 -0.00327897 0.0144458 0.99987 0.0071178 -0.0393345 -0.00699726 -0.00701727 0.999951 0.0418288 0.0 0.0 0.0 1.0
office/seq-03/color/frame-000216.color.png office/seq-03/color/frame-000218.color.png 0.999294 -0.00827806 0.0366359 -0.0529379 0.00835749 0.999963 -0.00201613 -0.00380194 -0.0366179 0.00232089 0.999327 0.0700307 0.0 0.0 0.0 1.0
office/seq-03/color/frame-000218.color.png office/seq-03/color/frame-000220.color.png 0.999493 -0.0253685 0.0192269 -0.0438069 0.025476 0.999661 -0.00536506 -0.00461799 -0.0190842 0.00585217 0.999801 0.0563794 0.0 0.0 0.0 1.0
office/seq-03/color/frame-000220.color.png office/seq-03/color/frame-000222.color.png 0.99959 -0.0244629 0.0148931 -0.0364169 0.0244492 0.999701 0.00110083 -0.0215629 -0.0149156 -0.000736277 0.999888 0.0519671 0.0 0.0 0.0 1.0
office/seq-03/color/frame-000222.color.png office/seq-03/color/frame-000224.color.png 0.999693 -0.0198071 0.0148508 -0.0319241 0.0197659 0.9998 0.00291652 -0.0126348 -0.0149056 -0.00262208 0.999885 0.037802 0.0 0.0 0.0 1.0
office/seq-03/color/frame-000224.color.png office/seq-03/color/frame-000226.color.png 0.999853 -0.0107882 0.0133431 -0.0225586 0.0106969 0.999919 0.00689374 -0.0080412 -0.0134164 -0.00674998 0.999887 0.0315135 0.0 0.0 0.0 1.0
office/seq-03/color/frame-000226.color.png office/seq-03/color/frame-000228.color.png 0.999665 -0.0153599 0.0208217 -0.040973 0.0149353 0.99968 0.0203995 -0.0262165 -0.0211284 -0.0200816 0.999575 0.0254848 0.0 0.0 0.0 1.0
office/seq-03/color/frame-000228.color.png office/seq-03/color/frame-000230.color.png 0.999687 -0.0140627 0.0206925 -0.0512006 0.0138939 0.999869 0.00828044 0.00450146 -0.0208063 -0.00799039 0.999751 0.0390986 0.0 0.0 0.0 1.0
office/seq-03/color/frame-000230.color.png office/seq-03/color/frame-000232.color.png 0.999813 -0.0175808 0.00800354 -0.0199041 0.0174626 0.999741 0.0145994 -0.0198001 -0.0082581 -0.0144569 0.999861 0.0211265 0.0 0.0 0.0 1.0
office/seq-03/color/frame-000232.color.png office/seq-03/color/frame-000234.color.png 0.999739 -0.0177263 0.0144096 -0.0335929 0.0175498 0.999771 0.0122868 -0.0114002 -0.0146241 -0.0120307 0.999821 0.0125607 0.0 0.0 0.0 1.0
office/seq-03/color/frame-000234.color.png office/seq-03/color/frame-000236.color.png 0.999765 -0.021439 0.00331004 -0.0306205 0.0213736 0.999597 0.0186678 -0.0199947 -0.00370888 -0.0185926 0.99982 0.00263751 0.0 0.0 0.0 1.0
office/seq-03/color/frame-000236.color.png office/seq-03/color/frame-000238.color.png 0.999724 -0.0231916 -0.00371627 -0.00768906 0.0232523 0.999581 0.0172289 -0.0280619 0.00331511 -0.0173106 0.999845 -0.00727999 0.0 0.0 0.0 1.0
office/seq-03/color/frame-000238.color.png office/seq-03/color/frame-000240.color.png 0.999915 -0.00736249 0.0107628 -0.0295294 0.00725716 0.999926 0.00979226 0.00874597 -0.0108341 -0.00971335 0.999894 0.00811052 0.0 0.0 0.0 1.0
office/seq-03/color/frame-000240.color.png office/seq-03/color/frame-000242.color.png 0.999967 -0.00728403 0.00347979 -0.00586599 0.00719499 0.999663 0.0249522 -0.0289848 -0.00366035 -0.0249263 0.999683 -0.0102855 0.0 0.0 0.0 1.0
office/seq-03/color/frame-000242.color.png office/seq-03/color/frame-000244.color.png 0.999936 0.00110156 0.0112761 -0.0194692 -0.00125126 0.999911 0.0132733 0.000792623 -0.0112606 -0.0132866 0.999848 -0.00291383 0.0 0.0 0.0 1.0
office/seq-03/color/frame-000244.color.png office/seq-03/color/frame-000246.color.png 0.999969 -0.00671536 0.00423014 -0.0178272 0.0066795 0.999942 0.0084409 0.00793165 -0.00428653 -0.00841236 0.999955 -0.00376093 0.0 0.0 0.0 1.0
office/seq-03/color/frame-000246.color.png office/seq-03/color/frame-000248.color.png 0.999991 -0.00417098 -0.000887782 -0.00542819 0.00417346 0.999987 0.00282639 0.00374794 0.000875944 -0.00283012 0.999996 -0.00751591 0.0 0.0 0.0 1.0
office/seq-03/color/frame-000248.color.png office/seq-03/color/frame-000250.color.png 0.999957 -0.00914539 -0.00149967 -0.00822902 0.00913861 0.999948 -0.00447104 0.00503808 0.00154048 0.00445714 0.999989 -0.00512052 0.0 0.0 0.0 1.0
office/seq-03/color/frame-000250.color.png office/seq-03/color/frame-000252.color.png 0.999995 -0.00115973 0.0030542 -0.00446999 0.00117108 0.999992 -0.00372291 0.00354379 -0.00304988 0.00372646 0.999988 0.00107157 0.0 0.0 0.0 1.0
office/seq-03/color/frame-000252.color.png office/seq-03/color/frame-000254.color.png 0.999865 -0.0162164 0.00260924 -0.0202838 0.0162821 0.999489 -0.0275223 0.0154611 -0.00216149 0.0275612 0.999618 0.00448537 0.0 0.0 0.0 1.0
office/seq-03/color/frame-000254.color.png office/seq-03/color/frame-000256.color.png 0.999953 -0.00307589 -0.00923823 0.00875902 0.00295853 0.999915 -0.0126959 0.011098 0.00927645 0.0126679 0.999876 -0.0047437 0.0 0.0 0.0 1.0
office/seq-03/color/frame-000256.color.png office/seq-03/color/frame-000258.color.png 0.999906 0.0124991 0.00572679 -0.00988638 -0.0123583 0.999636 -0.0239949 0.0416485 -0.0060247 0.0239219 0.999696 0.00472367 0.0 0.0 0.0 1.0
office/seq-03/color/frame-000258.color.png office/seq-03/color/frame-000260.color.png 0.999989 -0.000258894 0.0045694 -0.0131139 0.000343399 0.999829 -0.0185044 0.0081827 -0.00456379 0.0185058 0.999819 -0.00275266 0.0 0.0 0.0 1.0
office/seq-03/color/frame-000260.color.png office/seq-03/color/frame-000262.color.png 0.99994 0.0109782 0.00029261 0.00274414 -0.0109686 0.999675 -0.0230177 0.0323578 -0.000545197 0.0230131 0.999735 0.00218356 0.0 0.0 0.0 1.0
office/seq-03/color/frame-000262.color.png office/seq-03/color/frame-000264.color.png 0.999879 0.0119201 0.00996243 -0.00263596 -0.0117868 0.999842 -0.0133403 0.0187594 -0.0101199 0.0132213 0.999861 0.00295019 0.0 0.0 0.0 1.0
office/seq-03/color/frame-000264.color.png office/seq-03/color/frame-000266.color.png 0.999797 -0.0174818 0.0100511 -0.0346509 0.0176256 0.999741 -0.0144103 -0.0232167 -0.0097966 0.0145846 0.999846 -0.00824749 0.0 0.0 0.0 1.0
office/seq-03/color/frame-000266.color.png office/seq-03/color/frame-000268.color.png 0.999987 0.00273285 0.00423886 0.00302321 -0.00263265 0.999721 -0.0234697 0.0308114 -0.00430185 0.0234582 0.999716 0.0116034 0.0 0.0 0.0 1.0
office/seq-03/color/frame-000268.color.png office/seq-03/color/frame-000270.color.png 0.999938 0.000977855 0.011088 -0.0118052 -0.000741072 0.999772 -0.0213391 0.013764 -0.0111063 0.0213295 0.999711 0.00490391 0.0 0.0 0.0 1.0
office/seq-03/color/frame-000270.color.png office/seq-03/color/frame-000272.color.png 0.999981 0.00371994 0.00486672 -0.00674427 -0.00361094 0.999747 -0.0222053 0.0201941 -0.00494812 0.0221873 0.999742 0.00682926 0.0 0.0 0.0 1.0
office/seq-03/color/frame-000272.color.png office/seq-03/color/frame-000274.color.png 0.999983 0.00535218 0.00240883 0.00178957 -0.005314 0.999864 -0.0155893 0.00846136 -0.00249186 0.0155762 0.999876 0.00315309 0.0 0.0 0.0 1.0
office/seq-03/color/frame-000274.color.png office/seq-03/color/frame-000276.color.png 0.999991 0.00079955 -0.00406912 0.00187838 -0.000920004 0.999559 -0.0296774 0.00581968 0.00404358 0.0296809 0.999551 0.00545943 0.0 0.0 0.0 1.0
office/seq-03/color/frame-000276.color.png office/seq-03/color/frame-000278.color.png 0.999568 0.0275652 0.0101491 0.00844735 -0.0274135 0.999515 -0.0147928 0.0321868 -0.0105519 0.0145082 0.999839 0.0103145 0.0 0.0 0.0 1.0
office/seq-03/color/frame-000278.color.png office/seq-03/color/frame-000280.color.png 0.999863 0.013416 0.00969003 0.000346363 -0.0132963 0.999836 -0.0123153 0.00389546 -0.00985365 0.0121848 0.999877 0.0126333 0.0 0.0 0.0 1.0
office/seq-03/color/frame-000280.color.png office/seq-03/color/frame-000282.color.png 0.999972 0.00736771 0.00140595 0.00128573 -0.00735017 0.9999 -0.0120874 0.00440925 -0.00149482 0.0120767 0.999926 0.0126573 0.0 0.0 0.0 1.0
office/seq-03/color/frame-000282.color.png office/seq-03/color/frame-000284.color.png 0.999872 0.0128069 0.00962047 0.0104956 -0.0127442 0.999897 -0.00654485 -0.01316 -0.00970334 0.00642141 0.999932 0.0201219 0.0 0.0 0.0 1.0
office/seq-03/color/frame-000284.color.png office/seq-03/color/frame-000286.color.png 0.999954 0.00516286 0.00805451 -0.0137242 -0.00507104 0.999922 -0.0113799 0.0114271 -0.00811257 0.0113385 0.999903 0.0209061 0.0 0.0 0.0 1.0
office/seq-03/color/frame-000286.color.png office/seq-03/color/frame-000288.color.png 0.99994 0.0101606 0.00406433 0.0208976 -0.0101408 0.999937 -0.00485042 0.000524223 -0.00411344 0.00480891 0.99998 0.0142417 0.0 0.0 0.0 1.0
office/seq-03/color/frame-000288.color.png office/seq-03/color/frame-000290.color.png 0.999852 0.00305407 0.0169232 -0.0204567 -0.00310927 0.99999 0.00323736 -0.0247284 -0.0169131 -0.0032895 0.999852 0.0201774 0.0 0.0 0.0 1.0
office/seq-03/color/frame-000290.color.png office/seq-03/color/frame-000292.color.png 0.999971 0.00279012 0.00701772 0.0167511 -0.00269182 0.999899 -0.0139793 0.00860739 -0.00705603 0.0139601 0.999878 0.0338682 0.0 0.0 0.0 1.0
office/seq-03/color/frame-000292.color.png office/seq-03/color/frame-000294.color.png 0.999921 0.00318672 0.0121896 -0.00406963 -0.00305805 0.99994 -0.0105591 0.00618684 -0.0122224 0.0105209 0.99987 0.0332774 0.0 0.0 0.0 1.0
office/seq-03/color/frame-000294.color.png office/seq-03/color/frame-000296.color.png 0.999977 -0.00663706 0.00133726 -0.00790083 0.00664587 0.999956 -0.00669513 -0.0204806 -0.00129286 0.00670385 0.999977 0.0136132 0.0 0.0 0.0 1.0
office/seq-03/color/frame-000296.color.png office/seq-03/color/frame-000298.color.png 0.999941 0.0100971 0.00396382 0.0101465 -0.0100532 0.999889 -0.0109598 0.020758 -0.00407393 0.0109193 0.999932 0.0213623 0.0 0.0 0.0 1.0
office/seq-03/color/frame-000298.color.png office/seq-03/color/frame-000300.color.png 0.999977 0.00666763 -0.000766591 0.0215443 -0.00666725 0.999978 0.000483287 -0.0200021 0.000769718 -0.000478145 0.999999 0.00951779 0.0 0.0 0.0 1.0
office/seq-03/color/frame-000300.color.png office/seq-03/color/frame-000302.color.png 0.999882 0.011188 0.0105401 -0.00653195 -0.0111148 0.999914 -0.00698371 0.0103332 -0.0106173 0.00686571 0.99992 0.0217614 0.0 0.0 0.0 1.0
office/seq-03/color/frame-000302.color.png office/seq-03/color/frame-000304.color.png 0.999956 0.00775372 -0.00522779 0.0280496 -0.00780164 0.999927 -0.00920743 0.0102649 0.00515609 0.00924783 0.999944 0.0105892 0.0 0.0 0.0 1.0
office/seq-03/color/frame-000304.color.png office/seq-03/color/frame-000306.color.png 0.999984 0.00439868 0.00366405 0.00128913 -0.00437716 0.999973 -0.00585582 -0.0097096 -0.00368975 0.00583972 0.999976 0.0232509 0.0 0.0 0.0 1.0
office/seq-03/color/frame-000306.color.png office/seq-03/color/frame-000308.color.png 0.999884 0.0118519 0.00954984 -0.00843996 -0.0117804 0.999902 -0.00750643 0.0178305 -0.00963785 0.00739304 0.999926 0.0259802 0.0 0.0 0.0 1.0
office/seq-03/color/frame-000308.color.png office/seq-03/color/frame-000310.color.png 0.999991 0.00426914 0.000443409 0.0178937 -0.00426969 0.99999 0.00123854 -0.0157644 -0.000438002 -0.00124041 0.999999 0.00747812 0.0 0.0 0.0 1.0
office/seq-03/color/frame-000310.color.png office/seq-03/color/frame-000312.color.png 0.999915 0.000719097 -0.0130234 0.0261096 -0.000769653 0.999992 -0.00387761 -0.00644171 0.0130205 0.00388727 0.999908 -0.00169349 0.0 0.0 0.0 1.0
office/seq-03/color/frame-000312.color.png office/seq-03/color/frame-000314.color.png 0.999937 0.0109853 -0.0021236 0.0185819 -0.0110212 0.999783 -0.0176844 0.0453097 0.00192878 0.0177067 0.999841 0.0286616 0.0 0.0 0.0 1.0
office/seq-03/color/frame-000314.color.png office/seq-03/color/frame-000316.color.png 0.999958 0.00893895 -0.00226151 0.0180594 -0.00897178 0.999848 -0.0149366 0.0174816 0.00212773 0.0149562 0.999886 0.0194163 0.0 0.0 0.0 1.0
office/seq-03/color/frame-000316.color.png office/seq-03/color/frame-000318.color.png 0.999885 0.0129919 0.00782922 -0.00253427 -0.0129342 0.999889 -0.00738041 0.00945663 -0.00792429 0.00727831 0.999942 0.0181575 0.0 0.0 0.0 1.0
office/seq-03/color/frame-000318.color.png office/seq-03/color/frame-000320.color.png 0.99994 0.00788605 0.00762239 0.00750035 -0.00779936 0.999905 -0.0113374 0.0199845 -0.00771104 0.0112773 0.999907 0.0251157 0.0 0.0 0.0 1.0
office/seq-03/color/frame-000320.color.png office/seq-03/color/frame-000322.color.png 0.999914 -0.00175567 -0.0129708 0.0353186 0.00158125 0.999908 -0.0134452 7.49826e-05 0.0129932 0.0134236 0.999825 0.0119991 0.0 0.0 0.0 1.0
office/seq-03/color/frame-000322.color.png office/seq-03/color/frame-000324.color.png 0.999667 0.0193147 0.017077 -0.000372648 -0.0187431 0.999279 -0.0330188 0.0657586 -0.0177023 0.0326877 0.999309 0.0543348 0.0 0.0 0.0 1.0
office/seq-03/color/frame-000324.color.png office/seq-03/color/frame-000326.color.png 0.999604 0.00324534 0.0279584 -0.0442773 -0.0034996 0.999953 0.00905066 -0.0561823 -0.0279277 -0.00914492 0.999568 0.020329 0.0 0.0 0.0 1.0
office/seq-03/color/frame-000326.color.png office/seq-03/color/frame-000328.color.png 0.999804 0.0106109 0.0167159 0.00327694 -0.0104275 0.999885 -0.0110204 0.0127943 -0.0168309 0.0108439 0.9998 0.0362535 0.0 0.0 0.0 1.0
office/seq-03/color/frame-000328.color.png office/seq-03/color/frame-000330.color.png 0.999969 -0.00788347 0.000190894 -0.00294745 0.0078846 0.999945 -0.00689912 -0.0155045 -0.000136496 0.0069004 0.999976 0.00930214 0.0 0.0 0.0 1.0
office/seq-03/color/frame-000330.color.png office/seq-03/color/frame-000332.color.png 0.999946 -0.0025468 0.0100492 -0.00943434 0.00264033 0.999953 -0.00930633 0.0108805 -0.010025 0.00933239 0.999906 0.0297445 0.0 0.0 0.0 1.0
office/seq-03/color/frame-000332.color.png office/seq-03/color/frame-000334.color.png 0.999451 0.0234517 0.0234062 0.00295633 -0.0230807 0.999606 -0.0159991 0.05351 -0.0237722 0.0154501 0.999598 0.0532831 0.0 0.0 0.0 1.0
office/seq-03/color/frame-000334.color.png office/seq-03/color/frame-000336.color.png 0.999985 0.00490201 -0.00251834 0.0617959 -0.00485045 0.999786 0.0201067 -0.0808851 0.00261644 -0.0200943 0.999795 -0.0261656 0.0 0.0 0.0 1.0
office/seq-03/color/frame-000336.color.png office/seq-03/color/frame-000338.color.png 0.999908 -0.0122806 0.00567458 -0.0232778 0.0122995 0.999919 -0.00330369 -0.0324026 -0.0056336 0.00337323 0.999978 0.0134147 0.0 0.0 0.0 1.0
office/seq-03/color/frame-000338.color.png office/seq-03/color/frame-000340.color.png 0.999915 0.0123914 0.00399635 0.0270959 -0.0123371 0.999835 -0.0133317 0.022033 -0.00416089 0.0132813 0.999903 0.0327497 0.0 0.0 0.0 1.0
office/seq-03/color/frame-000340.color.png office/seq-03/color/frame-000342.color.png 0.999864 0.00841301 0.014203 -0.00637352 -0.00829612 0.999931 -0.00826911 0.0022682 -0.0142716 0.00815006 0.999865 0.0262597 0.0 0.0 0.0 1.0
office/seq-03/color/frame-000342.color.png office/seq-03/color/frame-000344.color.png 0.999942 0.00670182 0.00845045 -0.00447816 -0.00662014 0.999931 -0.00965547 0.00455487 -0.00851462 0.00959901 0.999918 0.0234715 0.0 0.0 0.0 1.0
office/seq-03/color/frame-000344.color.png office/seq-03/color/frame-000346.color.png 0.999888 0.0147583 0.00235199 0.0184872 -0.014711 0.999711 -0.0190022 0.0398331 -0.00263177 0.0189655 0.999817 0.0434831 0.0 0.0 0.0 1.0
office/seq-03/color/frame-000346.color.png office/seq-03/color/frame-000348.color.png 0.999998 0.00171949 -0.00120381 0.0164377 -0.00169685 0.999827 0.0185343 -0.0602018 0.00123548 -0.0185322 0.999828 -0.0315293 0.0 0.0 0.0 1.0
office/seq-03/color/frame-000348.color.png office/seq-03/color/frame-000350.color.png 0.999966 0.00346274 -0.00751335 0.0102723 -0.00340844 0.999968 0.00723406 -0.0158778 0.00753823 -0.00720827 0.999946 -0.00733507 0.0 0.0 0.0 1.0
