office/seq-03/color/frame-000001.color.png office/seq-03/color/frame-000003.color.png 0.999959 0.00366685 -0.00831604 0.000516646 -0.00366519 0.999993 0.000215209 -0.00147402 0.00831677 -0.00018472 0.999965 0.00408674 0.0 0.0 0.0 1.0
office/seq-03/color/frame-000003.color.png office/seq-03/color/frame-000005.color.png 0.999975 0.00190303 -0.0067981 -0.00189398 -0.00190045 0.999998 0.000385541 -3.52662e-05 0.00679882 -0.000372612 0.999977 0.00534866 0.0 0.0 0.0 1.0
office/seq-03/color/frame-000005.color.png office/seq-03/color/frame-000007.color.png 0.999944 0.00452571 -0.00959668 0.000709743 -0.00444298 0.999953 0.00862514 -0.00136756 0.00963527 -0.00858202 0.999917 0.00384006 0.0 0.0 0.0 1.0
office/seq-03/color/frame-000007.color.png office/seq-03/color/frame-000009.color.png 0.999958 -0.00352857 -0.00848643 -0.00319799 0.00360324 0.999955 0.00879922 -0.000433379 0.00845499 -0.00882943 0.999925 0.0113668 0.0 0.0 0.0 1.0
office/seq-03/color/frame-000009.color.png office/seq-03/color/frame-000011.color.png 0.999914 0.00870243 -0.00982867 0.000711553 -0.00863707 0.99994 0.00667243 -0.00281831 0.00988617 -0.00658697 0.999929 0.00755272 0.0 0.0 0.0 1.0
office/seq-03/color/frame-000011.color.png office/seq-03/color/frame-000013.color.png 0.999966 0.00381827 -0.00732763 -0.00168717 -0.00376884 0.99997 0.00674648 -0.00344596 0.00735316 -0.00671862 0.99995 0.0128425 0.0 0.0 0.0 1.0
office/seq-03/color/frame-000013.color.png office/seq-03/color/frame-000015.color.png 0.999985 0.00278812 -0.00469358 -0.00147322 -0.00272737 0.999913 0.0128998 -0.00643404 0.00472914 -0.0128869 0.999906 0.013563 0.0 0.0 0.0 1.0
office/seq-03/color/frame-000015.color.png office/seq-03/color/frame-000017.color.png 0.999976 0.00552525 -0.00416839 -0.00723739 -0.00552445 0.999985 0.000204325 -0.0138588 0.00416946 -0.00018129 0.999991 0.0227825 0.0 0.0 0.0 1.0
office/seq-03/color/frame-000017.color.png office/seq-03/color/frame-000019.color.png 0.999973 0.00635013 -0.00381053 0.00360501 -0.00633692 0.999974 0.00347058 -0.00341882 0.00383247 -0.00344634 0.999987 0.00910442 0.0 0.0 0.0 1.0
office/seq-03/color/frame-000019.color.png office/seq-03/color/frame-000021.color.png 0.999994 0.00307384 0.00179022 -0.00574548 -0.00309663 0.999912 0.0128725 -0.014791 -0.0017505 -0.012878 0.999916 0.0240855 0.0 0.0 0.0 1.0
office/seq-03/color/frame-000021.color.png office/seq-03/color/frame-000023.color.png 0.999972 0.00707307 -0.00242415 -0.00293609 -0.00708459 0.999963 -0.00477758 -0.0112501 0.00239028 0.00479461 0.999986 0.0265448 0.0 0.0 0.0 1.0
office/seq-03/color/frame-000023.color.png office/seq-03/color/frame-000025.color.png 0.999993 -0.000994371 0.00365823 0.00228483 0.00101227 0.999988 -0.0048938 -0.00690146 -0.00365333 0.00489748 0.999981 0.0123229 0.0 0.0 0.0 1.0
office/seq-03/color/frame-000025.color.png office/seq-03/color/frame-000027.color.png 0.999903 0.00531208 0.0128705 -0.00607054 -0.00554282 0.999823 0.0179595 -0.0183135 -0.0127729 -0.0180291 0.999756 0.0207238 0.0 0.0 0.0 1.0
office/seq-03/color/frame-000027.color.png office/seq-03/color/frame-000029.color.png 0.999957 -0.0018113 0.00910675 -0.00363263 0.00179518 0.999997 0.00177851 -0.0271115 -0.00910994 -0.00176208 0.999957 0.021741 0.0 0.0 0.0 1.0
office/seq-03/color/frame-000029.color.png office/seq-03/color/frame-000031.color.png 0.999931 -0.00226443 0.0115673 -0.000611203 0.00243157 0.999892 -0.0144562 -0.00766256 -0.0115333 0.0144833 0.999829 0.0123935 0.0 0.0 0.0 1.0
office/seq-03/color/frame-000031.color.png office/seq-03/color/frame-000033.color.png 0.999716 -0.0155229 0.0180666 -0.00899553 0.0153285 0.999824 0.0108494 -0.000617228 -0.0182318 -0.0105694 0.999778 0.00890815 0.0 0.0 0.0 1.0
office/seq-03/color/frame-000033.color.png office/seq-03/color/frame-000035.color.png 0.999777 -0.0159879 0.0138097 -0.00834361 0.0156301 0.999549 0.0256397 -0.0250693 -0.0142134 -0.0254181 0.999576 0.0186314 0.0 0.0 0.0 1.0
office/seq-03/color/frame-000035.color.png office/seq-03/color/frame-000037.color.png 0.999954 -0.00608149 0.00747399 -0.00431418 0.00594518 0.999818 0.0181263 -0.0165818 -0.00758287 -0.018081 0.999808 0.00815463 0.0 0.0 0.0 1.0
office/seq-03/color/frame-000037.color.png office/seq-03/color/frame-000039.color.png 0.999875 0.0083042 0.0134805 -0.0243227 -0.00849851 0.99986 0.0144212 -0.0213813 -0.0133588 -0.0145339 0.999805 0.0253174 0.0 0.0 0.0 1.0
office/seq-03/color/frame-000039.color.png office/seq-03/color/frame-000041.color.png 0.99988 -0.0138118 -0.00709037 0.00302673 0.0138291 0.999901 0.00240296 -0.0205375 0.00705648 -0.00250071 0.999972 0.00713083 0.0 0.0 0.0 1.0
office/seq-03/color/frame-000041.color.png office/seq-03/color/frame-000043.color.png 0.999982 -0.00228776 0.00549011 -0.00217672 0.00219944 0.999869 0.0160382 -0.0123096 -0.00552609 -0.0160259 0.999856 0.00136101 0.0 0.0 0.0 1.0
office/seq-03/color/frame-000043.color.png office/seq-03/color/frame-000045.color.png 0.999928 -0.0094914 0.00728272 -0.00858981 0.00944132 0.999932 0.00688047 -0.0127344 -0.00734753 -0.00681125 0.99995 0.0125189 0.0 0.0 0.0 1.0
office/seq-03/color/frame-000045.color.png office/seq-03/color/frame-000047.color.png 0.999957 -1.31541e-05 0.0092386 -0.00451104 -4.54267e-05 0.99998 0.0063411 -0.0121225 -0.0092385 -0.00634121 0.999937 0.00564885 0.0 0.0 0.0 1.0
office/seq-03/color/frame-000047.color.png office/seq-03/color/frame-000049.color.png 0.999971 -0.00147153 -0.00747291 0.0019819 0.00151619 0.999981 0.00597462 -0.0144661 0.00746397 -0.00598582 0.999954 0.00765005 0.0 0.0 0.0 1.0
office/seq-03/color/frame-000049.color.png office/seq-03/color/frame-000051.color.png 0.999806 0.0165159 0.0107031 -0.0123307 -0.0165965 0.999834 0.00748727 -0.0279156 -0.0105776 -0.00766342 0.999915 0.0183193 0.0 0.0 0.0 1.0
office/seq-03/color/frame-000051.color.png office/seq-03/color/frame-000053.color.png 0.99997 0.00665538 0.00396485 0.00356863 -0.00667989 0.999958 0.00620318 -0.0200126 -0.00392341 -0.00622946 0.999973 0.00248355 0.0 0.0 0.0 1.0
office/seq-03/color/frame-000053.color.png office/seq-03/color/frame-000055.color.png 0.999917 0.00622595 0.0112478 0.000744216 -0.00641643 0.999835 0.0169788 -0.0254618 -0.0111402 -0.0170495 0.999793 0.00490853 0.0 0.0 0.0 1.0
office/seq-03/color/frame-000055.color.png office/seq-03/color/frame-000057.color.png 0.999756 0.014577 0.0166006 -0.00714304 -0.0144397 0.999861 -0.00835918 -0.0177714 -0.0167201 0.0081174 0.999827 0.0164248 0.0 0.0 0.0 1.0
office/seq-03/color/frame-000057.color.png office/seq-03/color/frame-000059.color.png 0.999854 0.0153766 0.00740791 0.00809635 -0.0152511 0.999744 -0.0167094 -0.021945 -0.00766295 0.016594 0.999833 0.00930396 0.0 0.0 0.0 1.0
office/seq-03/color/frame-000059.color.png office/seq-03/color/frame-000061.color.png 0.999952 -0.001052 0.00976595 0.000397377 0.00108014 0.999995 -0.00287719 -0.0249198 -0.00976289 0.00288759 0.999948 0.00998673 0.0 0.0 0.0 1.0
office/seq-03/color/frame-000061.color.png office/seq-03/color/frame-000063.color.png 0.999944 0.00780143 0.00714363 0.00148762 -0.00777542 0.999963 -0.00366247 -0.0273082 -0.00717194 0.00360672 0.999968 0.012678 0.0 0.0 0.0 1.0
office/seq-03/color/frame-000063.color.png office/seq-03/color/frame-000065.color.png 0.999746 -0.0151554 0.0166848 -0.00726198 0.0152253 0.999876 -0.00407334 -0.0216881 -0.016621 0.00432635 0.999853 0.00609678 0.0 0.0 0.0 1.0
office/seq-03/color/frame-000065.color.png office/seq-03/color/frame-000067.color.png 0.999912 0.00812596 0.0104567 -0.00532135 -0.00799147 0.999886 -0.01284 -0.012785 -0.0105599 0.0127553 0.999863 0.0132715 0.0 0.0 0.0 1.0
office/seq-03/color/frame-000067.color.png office/seq-03/color/frame-000069.color.png 0.999971 0.00464097 0.00597271 0.00148119 -0.00464009 0.999989 -0.000161585 -0.0125592 -0.00597344 0.000133841 0.999982 0.00220558 0.0 0.0 0.0 1.0
office/seq-03/color/frame-000069.color.png office/seq-03/color/frame-000071.color.png 0.999981 0.00385776 0.00475946 -0.00231207 -0.00386431 0.999992 0.00136539 -0.0203488 -0.00475413 -0.00138373 0.999988 0.00755823 0.0 0.0 0.0 1.0
office/seq-03/color/frame-000071.color.png office/seq-03/color/frame-000073.color.png 0.99998 -0.00531802 0.00354159 -0.00529325 0.00531562 0.999986 0.000689485 -0.0071274 -0.00354518 -0.000670626 0.999994 0.000825882 0.0 0.0 0.0 1.0
office/seq-03/color/frame-000073.color.png office/seq-03/color/frame-000075.color.png 0.999997 0.000708439 0.00249336 -0.00408675 -0.000726836 0.999972 0.00738268 -0.0191977 -0.00248808 -0.00738447 0.99997 0.00592059 0.0 0.0 0.0 1.0
office/seq-03/color/frame-000075.color.png office/seq-03/color/frame-000077.color.png 0.999951 0.00988657 0.000238955 0.00169537 -0.00988813 0.999921 0.007782 -0.0177215 -0.000162022 -0.00778398 0.99997 0.00257936 0.0 0.0 0.0 1.0
office/seq-03/color/frame-000077.color.png office/seq-03/color/frame-000079.color.png 0.999983 0.00497067 0.0029974 -0.00428207 -0.00500293 0.999929 0.0108494 -0.0300583 -0.0029433 -0.0108642 0.999937 0.00479648 0.0 0.0 0.0 1.0
office/seq-03/color/frame-000079.color.png office/seq-03/color/frame-000081.color.png 0.999979 0.00175451 0.00630812 -0.00627678 -0.00174901 0.999998 -0.000878397 -0.013913 -0.00630961 0.00086736 0.99998 0.00584215 0.0 0.0 0.0 1.0
office/seq-03/color/frame-000081.color.png office/seq-03/color/frame-000083.color.png 0.999996 -9.36246e-05 0.00278625 -0.00492899 9.86256e-05 0.999998 -0.00179586 -0.0114911 -0.00278608 0.00179612 0.999994 0.00376499 0.0 0.0 0.0 1.0
office/seq-03/color/frame-000083.color.png office/seq-03/color/frame-000085.color.png 0.999945 0.00631983 0.00839218 -0.00853387 -0.00636029 0.999968 0.00480445 -0.0199218 -0.00836154 -0.00485756 0.999953 0.00576693 0.0 0.0 0.0 1.0
office/seq-03/color/frame-000085.color.png office/seq-03/color/frame-000087.color.png 0.999997 -0.00224258 0.000863562 -0.0126282 0.00224723 0.999983 -0.00541718 -0.00788176 -0.000851339 0.00541913 0.999985 0.00719005 0.0 0.0 0.0 1.0
office/seq-03/color/frame-000087.color.png office/seq-03/color/frame-000089.color.png 0.999988 -0.0038676 -0.00310398 -0.00751016 0.00387147 0.999992 0.00123942 -0.0143248 0.00309913 -0.00125143 0.999994 0.00771147 0.0 0.0 0.0 1.0
office/seq-03/color/frame-000089.color.png office/seq-03/color/frame-000091.color.png 0.999991 0.00211442 -0.00358979 0.00174309 -0.00211997 0.999997 -0.00154338 -0.0109439 0.00358653 0.00155102 0.999992 -0.00015825 0.0 0.0 0.0 1.0
office/seq-03/color/frame-000091.color.png office/seq-03/color/frame-000093.color.png 0.999964 -0.00767134 0.00374766 -0.0135814 0.00764934 0.999954 0.00584693 -0.0161781 -0.00379235 -0.00581809 0.999976 -0.00151971 0.0 0.0 0.0 1.0
office/seq-03/color/frame-000093.color.png office/seq-03/color/frame-000095.color.png 0.999966 -0.00814325 -0.00118355 -0.0129927 0.00814477 0.999966 0.00127103 -0.00715137 0.00117314 -0.00128063 0.999998 0.00280997 0.0 0.0 0.0 1.0
office/seq-03/color/frame-000095.color.png office/seq-03/color/frame-000097.color.png 0.999958 -0.00902321 -0.00170986 -0.00714865 0.00903734 0.999923 0.00844775 -0.0154799 0.00163351 -0.00846281 0.999963 -0.00362039 0.0 0.0 0.0 1.0
office/seq-03/color/frame-000097.color.png office/seq-03/color/frame-000099.color.png 0.999991 -0.00433401 0.000470261 -0.00592893 0.00433125 0.999974 0.00572004 -0.00999475 -0.000495027 -0.00571797 0.999984 -0.00495291 0.0 0.0 0.0 1.0
office/seq-03/color/frame-000099.color.png office/seq-03/color/frame-000101.color.png 0.999817 -0.00150259 0.0190578 -0.0132079 0.00122864 0.999896 0.0143784 -0.0281603 -0.0190775 -0.0143524 0.999715 -0.0149363 0.0 0.0 0.0 1.0
office/seq-03/color/frame-000101.color.png office/seq-03/color/frame-000103.color.png 0.999885 0.000796038 0.0151698 -0.0179445 -0.000899923 0.999976 0.00684278 -0.00710899 -0.015164 -0.00685562 0.999862 -0.00633931 0.0 0.0 0.0 1.0
office/seq-03/color/frame-000103.color.png office/seq-03/color/frame-000105.color.png 0.999911 -0.00300323 0.0130136 -0.0166415 0.00279313 0.999866 0.016133 -0.0181874 -0.0130603 -0.0160953 0.999785 -0.019296 0.0 0.0 0.0 1.0
office/seq-03/color/frame-000105.color.png office/seq-03/color/frame-000107.color.png 0.99988 -0.0120654 0.00973121 -0.0197904 0.0119578 0.999868 0.0110337 -0.007465 -0.009863 -0.0109159 0.999892 -0.0163266 0.0 0.0 0.0 1.0
office/seq-03/color/frame-000107.color.png office/seq-03/color/frame-000109.color.png 0.999907 -0.0128562 0.00460253 -0.0129938 0.0127885 0.999814 0.0144438 -0.0180473 -0.00478739 -0.0143836 0.999885 -0.0231811 0.0 0.0 0.0 1.0
office/seq-03/color/frame-000109.color.png office/seq-03/color/frame-000111.color.png 0.999883 -0.0152777 -0.000371278 -0.0147996 0.0152813 0.999796 0.013248 -0.0138005 0.000168775 -0.0132521 0.999912 -0.0148083 0.0 0.0 0.0 1.0
office/seq-03/color/frame-000111.color.png office/seq-03/color/frame-000113.color.png 0.999952 1.18344e-05 0.00980257 0.00030978 -0.000130102 0.999927 0.0120625 -0.020132 -0.00980174 -0.0120632 0.999879 -0.0182095 0.0 0.0 0.0 1.0
office/seq-03/color/frame-000113.color.png office/seq-03/color/frame-000115.color.png 0.999828 0.00304524 0.0182827 -0.00869492 -0.00303277 0.999995 -0.00070848 -0.00597209 -0.0182847 0.000652974 0.999833 -0.015983 0.0 0.0 0.0 1.0
office/seq-03/color/frame-000115.color.png office/seq-03/color/frame-000117.color.png 0.999858 0.0039201 0.0164123 -0.00366087 -0.00401267 0.999976 0.00561046 -0.0153414 -0.01639 -0.00567558 0.999849 -0.0200063 0.0 0.0 0.0 1.0
office/seq-03/color/frame-000117.color.png office/seq-03/color/frame-000119.color.png 0.999865 0.00601967 0.0152954 -0.00225049 -0.00599071 0.99998 -0.00193807 -0.00450402 -0.0153067 0.00184615 0.999881 -0.0185892 0.0 0.0 0.0 1.0
office/seq-03/color/frame-000119.color.png office/seq-03/color/frame-000121.color.png 0.999906 0.00871855 0.0105782 0.00705056 -0.00882157 0.999914 0.00972964 -0.0168034 -0.0104925 -0.00982199 0.999897 -0.0202652 0.0 0.0 0.0 1.0
office/seq-03/color/frame-000121.color.png office/seq-03/color/frame-000123.color.png 0.999936 0.00790404 0.00805236 0.00424837 -0.0078599 0.999954 -0.00549975 -0.000408053 -0.0080955 0.00543606 0.999952 -0.0130405 0.0 0.0 0.0 1.0
office/seq-03/color/frame-000123.color.png office/seq-03/color/frame-000125.color.png 0.999952 0.00850396 0.00480719 0.0155592 -0.00853726 0.999939 0.00695432 -0.0282323 -0.00474777 -0.00699501 0.999964 -0.0204057 0.0 0.0 0.0 1.0
office/seq-03/color/frame-000125.color.png office/seq-03/color/frame-000127.color.png 0.999957 0.0011138 0.0092027 0.00730132 -0.00105461 0.999979 -0.00643267 0.00270885 -0.00920962 0.00642271 0.999937 -0.0106802 0.0 0.0 0.0 1.0
office/seq-03/color/frame-000127.color.png office/seq-03/color/frame-000129.color.png 0.99995 0.00831391 0.00559537 0.0166225 -0.00827337 0.99994 -0.00723118 -0.00362831 -0.0056552 0.00718453 0.999958 -0.0115616 0.0 0.0 0.0 1.0
office/seq-03/color/frame-000129.color.png office/seq-03/color/frame-000131.color.png 0.999965 0.00822371 -0.00137615 0.0189362 -0.00823057 0.999953 -0.00504779 -0.00288171 0.0013346 0.00505888 0.999986 -0.00768903 0.0 0.0 0.0 1.0
office/seq-03/color/frame-000131.color.png office/seq-03/color/frame-000133.color.png 0.99998 0.00557019 -0.00311191 0.0219418 -0.00558691 0.99997 -0.00539141 1.92523e-05 0.00308182 0.00540871 0.999981 -0.0107764 0.0 0.0 0.0 1.0
office/seq-03/color/frame-000133.color.png office/seq-03/color/frame-000135.color.png 0.999939 0.00965354 -0.00530164 0.0283858 -0.0096439 0.999952 0.00184148 -0.00546235 0.00531913 -0.00179023 0.999984 -0.0112619 0.0 0.0 0.0 1.0
office/seq-03/color/frame-000135.color.png office/seq-03/color/frame-000137.color.png 0.999922 0.0106594 -0.00657913 0.0305368 -0.0106722 0.999941 -0.00191702 -0.00466472 0.00655836 0.00198711 0.999977 -0.0117125 0.0 0.0 0.0 1.0
office/seq-03/color/frame-000137.color.png office/seq-03/color/frame-000139.color.png 0.999992 0.00388788 -0.000725859 0.017888 -0.00389332 0.999963 -0.00762337 0.00602275 0.000696179 0.00762616 0.999971 0.00158435 0.0 0.0 0.0 1.0
office/seq-03/color/frame-000139.color.png office/seq-03/color/frame-000141.color.png 0.999868 0.0034341 -0.0158572 0.0287391 -0.00354989 0.999967 -0.00728095 0.00615644 0.0158317 0.0073362 0.999848 -0.00552887 0.0 0.0 0.0 1.0
office/seq-03/color/frame-000141.color.png office/seq-03/color/frame-000143.color.png 0.99994 0.00399329 -0.0102421 0.0282008 -0.00402699 0.999986 -0.00327078 0.000275612 0.0102289 0.00331187 0.999942 -0.00381774 0.0 0.0 0.0 1.0
office/seq-03/color/frame-000143.color.png office/seq-03/color/frame-000145.color.png 0.999937 0.00652246 -0.00914677 0.0278164 -0.00654449 0.999976 -0.00238081 0.000671864 0.00913101 0.00244048 0.999955 -0.001128 0.0 0.0 0.0 1.0
office/seq-03/color/frame-000145.color.png office/seq-03/color/frame-000147.color.png 0.999906 0.00533036 -0.0126251 0.022086 -0.00545055 0.99994 -0.0095053 0.00981522 0.0125737 0.00957323 0.999875 0.00667746 0.0 0.0 0.0 1.0
office/seq-03/color/frame-000147.color.png office/seq-03/color/frame-000149.color.png 0.999914 0.00154228 -0.0129901 0.0266293 -0.0016151 0.999983 -0.0055968 -0.000755787 0.0129812 0.00561732 0.9999 0.00144534 0.0 0.0 0.0 1.0
office/seq-03/color/frame-000149.color.png office/seq-03/color/frame-000151.color.png 0.999848 0.00644608 -0.0161842 0.033174 -0.0064806 0.999977 -0.00208101 -0.00950795 0.0161704 0.00218556 0.999867 -0.0101276 0.0 0.0 0.0 1.0
office/seq-03/color/frame-000151.color.png office/seq-03/color/frame-000153.color.png 0.999477 0.0143973 -0.0289668 0.045283 -0.0146776 0.999847 -0.00948778 0.00475943 0.0288257 0.009908 0.999535 0.0139164 0.0 0.0 0.0 1.0
office/seq-03/color/frame-000153.color.png office/seq-03/color/frame-000155.color.png 0.999959 -0.00803411 -0.00421979 0.0207316 0.00799508 0.999926 -0.00918598 -0.00149024 0.00429329 0.00915186 0.999949 0.0135991 0.0 0.0 0.0 1.0
office/seq-03/color/frame-000155.color.png office/seq-03/color/frame-000157.color.png 0.999845 0.0063191 -0.0164428 0.0348946 -0.00647218 0.999936 -0.00927375 0.00249344 0.0163831 0.00937872 0.999822 0.00401118 0.0 0.0 0.0 1.0
office/seq-03/color/frame-000157.color.png office/seq-03/color/frame-000159.color.png 0.999986 0.00345634 -0.00411363 0.0350113 -0.00345876 0.999994 -0.000577065 -0.00145996 0.00411161 0.000591293 0.999991 0.0192947 0.0 0.0 0.0 1.0
office/seq-03/color/frame-000159.color.png office/seq-03/color/frame-000161.color.png 0.999986 -0.00256589 -0.00469244 0.0273764 0.00258111 0.999991 0.00323771 -0.00830215 0.00468409 -0.00324978 0.999984 0.00762323 0.0 0.0 0.0 1.0
office/seq-03/color/frame-000161.color.png office/seq-03/color/frame-000163.color.png 0.999973 -0.00162894 -0.00712439 0.0320176 0.00164652 0.999996 0.00246105 -0.00844049 0.00712038 -0.0024727 0.999972 0.00492543 0.0 0.0 0.0 1.0
office/seq-03/color/frame-000163.color.png office/seq-03/color/frame-000165.color.png 0.999973 0.00401474 0.00611147 0.0246086 -0.00393858 0.999915 -0.012424 0.0066824 -0.00616083 0.0123996 0.999904 0.0310405 0.0 0.0 0.0 1.0
office/seq-03/color/frame-000165.color.png office/seq-03/color/frame-000167.color.png 0.999978 -0.00622932 -0.0021885 0.033517 0.00622516 0.999979 -0.00190501 -0.00887293 0.00220028 0.00189132 0.999996 0.0283937 0.0 0.0 0.0 1.0
office/seq-03/color/frame-000167.color.png office/seq-03/color/frame-000169.color.png 0.999982 0.00375252 -0.00465831 0.0361735 -0.00377051 0.999985 -0.00385877 -0.00472355 0.0046438 0.00387628 0.999982 0.0214521 0.0 0.0 0.0 1.0
office/seq-03/color/frame-000169.color.png office/seq-03/color/frame-000171.color.png 0.999991 0.00434844 -0.000434082 0.027727 -0.00434794 0.99999 0.00116026 -0.00391746 0.000439106 -0.00115838 0.999999 0.0148987 0.0 0.0 0.0 1.0
office/seq-03/color/frame-000171.color.png office/seq-03/color/frame-000173.color.png 0.999944 0.0105936 -0.000339316 0.0229418 -0.0105953 0.99993 -0.00532241 0.00195354 0.00028291 0.00532568 0.999986 0.0359685 0.0 0.0 0.0 1.0
office/seq-03/color/frame-000173.color.png office/seq-03/color/frame-000175.color.png 0.999997 -0.00140591 -0.00215273 0.0468296 0.00133258 0.999431 -0.0336897 0.00385386 0.00219882 0.0336868 0.99943 0.0344058 0.0 0.0 0.0 1.0
office/seq-03/color/frame-000175.color.png office/seq-03/color/frame-000177.color.png 0.999918 -0.0125273 -0.00248628 0.0174877 0.0125086 0.999895 -0.00737789 -0.00441909 0.00257848 0.00734618 0.99997 0.0214319 0.0 0.0 0.0 1.0
office/seq-03/color/frame-000177.color.png office/seq-03/color/frame-000179.color.png 0.999989 -0.00451443 -0.00123706 0.0298699 0.00451884 0.999983 0.00357931 -0.011831 0.00122086 -0.00358488 0.999993 0.0175554 0.0 0.0 0.0 1.0
office/seq-03/color/frame-000179.color.png office/seq-03/color/frame-000181.color.png 0.99994 -0.0100759 0.00419796 0.00954634 0.0101215 0.999888 -0.0109817 0.0087043 -0.00408685 0.0110235 0.999931 0.0328563 0.0 0.0 0.0 1.0
office/seq-03/color/frame-000181.color.png office/seq-03/color/frame-000183.color.png 0.999526 -0.0125546 -0.0281078 0.0521055 0.0126811 0.99991 0.00432614 -0.0245951 0.028051 -0.00468053 0.999595 0.0215925 0.0 0.0 0.0 1.0
office/seq-03/color/frame-000183.color.png office/seq-03/color/frame-000185.color.png 0.999943 0.00656273 -0.00841662 0.0386409 -0.00654916 0.999977 0.00164043 -0.00167143 0.00842721 -0.00158521 0.999963 0.0185924 0.0 0.0 0.0 1.0
office/seq-03/color/frame-000185.color.png office/seq-03/color/frame-000187.color.png 0.999771 0.00838756 -0.0196764 0.0462093 -0.00850862 0.999945 -0.00607787 0.00861961 0.0196243 0.00624391 0.999788 0.0148925 0.0 0.0 0.0 1.0
office/seq-03/color/frame-000187.color.png office/seq-03/color/frame-000189.color.png 0.999755 0.0203767 -0.00860732 0.0269319 -0.0204358 0.999768 -0.00683385 -0.0111725 0.00846604 0.00700805 0.99994 0.036387 0.0 0.0 0.0 1.0
office/seq-03/color/frame-000189.color.png office/seq-03/color/frame-000191.color.png 0.999074 0.0211695 -0.037451 0.089133 -0.0230698 0.998429 -0.0510582 0.0593424 0.0363113 0.051875 0.997993 0.04751 0.0 0.0 0.0 1.0
office/seq-03/color/frame-000191.color.png office/seq-03/color/frame-000193.color.png 0.999701 0.00551416 -0.0238366 0.0289892 -0.00580037 0.999912 -0.011955 0.023798 0.0237686 0.0120897 0.999644 0.0233545 0.0 0.0 0.0 1.0
office/seq-03/color/frame-000193.color.png office/seq-03/color/frame-000195.color.png 0.999087 0.0179791 -0.0387473 0.0860382 -0.0172398 0.999665 0.01933 -0.0225886 0.0390819 -0.0186443 0.999062 -0.0246837 0.0 0.0 0.0 1.0
office/seq-03/color/frame-000195.color.png office/seq-03/color/frame-000197.color.png 0.999841 0.0128685 -0.0123313 0.0271298 -0.0128287 0.999912 0.00330033 0.00929594 0.0123727 -0.00314162 0.999918 0.0219115 0.0 0.0 0.0 1.0
office/seq-03/color/frame-000197.color.png office/seq-03/color/frame-000199.color.png 0.999649 0.00348321 -0.026269 0.0595309 -0.00291953 0.999765 0.0214669 -0.0468159 0.0263376 -0.0213827 0.999424 -0.0202721 0.0 0.0 0.0 1.0
office/seq-03/color/frame-000199.color.png office/seq-03/color/frame-000201.color.png 0.999953 0.00799106 0.00544775 0.010409 -0.0080154 0.999958 0.00446438 -0.0124866 -0.00541185 -0.00450783 0.999975 0.0425969 0.0 0.0 0.0 1.0
office/seq-03/color/frame-000201.color.png office/seq-03/color/frame-000203.color.png 0.999995 -6.59172e-05 0.00320914 0.00438434 9.13223e-05 0.999969 -0.00792409 0.00332665 -0.00320852 0.00792433 0.999963 0.0463306 0.0 0.0 0.0 1.0
office/seq-03/color/frame-000203.color.png office/seq-03/color/frame-000205.color.png 0.999852 -0.015292 0.00790647 -0.00872606 0.0153363 0.999867 -0.00556352 -0.00810605 -0.00782034 0.00568397 0.999953 0.0496178 0.0 0.0 0.0 1.0
office/seq-03/color/frame-000205.color.png office/seq-03/color/frame-000207.color.png 0.99996 -0.00334734 0.00825146 -0.00176704 0.00328473 0.999966 0.0075854 -0.0194743 -0.00827657 -0.00755801 0.999937 0.0341317 0.0 0.0 0.0 1.0
office/seq-03/color/frame-000207.color.png office/seq-03/color/frame-000209.color.png 0.999831 0.000892828 0.0183852 -0.0126924 -0.00097318 0.99999 0.00436283 -0.0141426 -0.0183811 -0.00438 0.999821 0.0486989 0.0 0.0 0.0 1.0
office/seq-03/color/frame-000209.color.png office/seq-03/color/frame-000211.color.png 0.999418 0.00604475 0.0335815 -0.025131 -0.0059398 0.999977 -0.00322571 -0.00627583 -0.0336002 0.00302439 0.999431 0.0733917 0.0 0.0 0.0 1.0
office/seq-03/color/frame-000211.color.png office/seq-03/color/frame-000213.color.png 0.99971 -0.0180088 0.016007 -0.0314244 0.0182544 0.999716 -0.0153315 0.0115398 -0.0157264 0.0156192 0.999754 0.0685275 0.0 0.0 0.0 1.0
office/seq-03/color/frame-000213.color.png office/seq-03/color/frame-000215.color.png 0.999736 -0.0228435 -0.00264544 -0.0117969 0.0228663 0.999699 0.00893676 -0.0401844 0.00244049 -0.00899489 0.999957 0.0310895 0.0 0.0 0.0 1.0
office/seq-03/color/frame-000215.color.png office/seq-03/color/frame-000217.color.png 0.999534 -0.0071204 0.0296882 -0.0320602 0.00720242 0.99997 -0.00265732 -0.00907922 -0.0296684 0.00286992 0.999556 0.0678915 0.0 0.0 0.0 1.0
office/seq-03/color/frame-000217.color.png office/seq-03/color/frame-000219.color.png 0.99944 -0.01712 0.0287492 -0.0513179 0.0171662 0.999852 -0.0013621 -0.00912243 -0.0287216 0.00185483 0.999586 0.0652262 0.0 0.0 0.0 1.0
office/seq-03/color/frame-000219.color.png office/seq-03/color/frame-000221.color.png 0.99956 -0.0276601 0.0107342 -0.0262676 0.0276027 0.999604 0.00545953 -0.03175 -0.0108809 -0.00516084 0.999928 0.039914 0.0 0.0 0.0 1.0
office/seq-03/color/frame-000221.color.png office/seq-03/color/frame-000223.color.png 0.999403 -0.0246034 0.0242737 -0.0727738 0.0244986 0.999689 0.00460446 -0.0367769 -0.0243795 -0.00400701 0.999695 0.0389597 0.0 0.0 0.0 1.0
office/seq-03/color/frame-000223.color.png office/seq-03/color/frame-000225.color.png 0.999727 -0.0165771 0.016492 -0.0339267 0.0165403 0.99986 0.00236899 -0.00296092 -0.0165289 -0.00209554 0.999861 0.0446728 0.0 0.0 0.0 1.0
office/seq-03/color/frame-000225.color.png office/seq-03/color/frame-000227.color.png 0.999793 -0.0106183 0.0173566 -0.0284237 0.0103417 0.999819 0.0159472 -0.0175767 -0.0175228 -0.0157644 0.999722 0.0225726 0.0 0.0 0.0 1.0
office/seq-03/color/frame-000227.color.png office/seq-03/color/frame-000229.color.png 0.999766 -0.0167595 0.0136737 -0.0268511 0.0165569 0.999753 0.0148002 -0.0180804 -0.0139184 -0.0145704 0.999797 0.0213975 0.0 0.0 0.0 1.0
office/seq-03/color/frame-000229.color.png office/seq-03/color/frame-000231.color.png 0.999783 -0.0183736 0.00979887 -0.0313547 0.0181549 0.999594 0.0219605 -0.0284299 -0.0101983 -0.0217778 0.999711 0.0150198 0.0 0.0 0.0 1.0
office/seq-03/color/frame-000231.color.png office/seq-03/color/frame-000233.color.png 0.999877 -0.0107303 0.0114026 -0.0117668 0.0108078 0.999919 -0.00675123 0.0391351 -0.0113293 0.00687363 0.999912 0.0413822 0.0 0.0 0.0 1.0
office/seq-03/color/frame-000233.color.png office/seq-03/color/frame-000235.color.png 0.999709 -0.0202448 0.0130857 -0.0426044 0.0200185 0.999652 0.0172043 -0.0166811 -0.0134295 -0.0169374 0.999766 0.0110776 0.0 0.0 0.0 1.0
office/seq-03/color/frame-000235.color.png office/seq-03/color/frame-000237.color.png 0.999754 -0.0216335 -0.00493467 -0.010381 0.0217447 0.999483 0.0236994 -0.0316767 0.00441944 -0.0238008 0.999707 -0.0118698 0.0 0.0 0.0 1.0
office/seq-03/color/frame-000237.color.png office/seq-03/color/frame-000239.color.png 0.999842 -0.0174982 0.003039 -0.0174001 0.017464 0.999788 0.0109252 -0.0123768 -0.00322955 -0.0108704 0.999936 0.00112677 0.0 0.0 0.0 1.0
office/seq-03/color/frame-000239.color.png office/seq-03/color/frame-000241.color.png 0.999939 -0.0102094 0.00435256 -0.0124667 0.0100848 0.999564 0.0277469 -0.0344622 -0.00463398 -0.0277013 0.999605 -0.0139415 0.0 0.0 0.0 1.0
office/seq-03/color/frame-000241.color.png office/seq-03/color/frame-000243.color.png 0.999988 0.000660139 0.00487214 -0.00116068 -0.000711838 0.999943 0.010616 0.00761658 -0.00486484 -0.0106193 0.999932 -0.00482869 0.0 0.0 0.0 1.0
office/seq-03/color/frame-000243.color.png office/seq-03/color/frame-000245.color.png 0.999857 -0.00588561 0.0158361 -0.0353966 0.00576022 0.999952 0.00795178 0.00686502 -0.0158821 -0.00785943 0.999843 0.0128052 0.0 0.0 0.0 1.0
office/seq-03/color/frame-000245.color.png office/seq-03/color/frame-000247.color.png 0.999935 -0.00844801 -0.00770614 0.00818598 0.00856352 0.99985 0.0150832 -0.0228708 0.00757757 -0.0151482 0.999857 -0.0175579 0.0 0.0 0.0 1.0
office/seq-03/color/frame-000247.color.png office/seq-03/color/frame-000249.color.png 0.999924 -0.0122166 0.00160251 -0.013793 0.0122104 0.999918 0.0038614 -0.0217876 -0.00164954 -0.0038415 0.999991 -0.00525033 0.0 0.0 0.0 1.0
office/seq-03/color/frame-000249.color.png office/seq-03/color/frame-000251.color.png 0.99999 -0.00357391 -0.0025842 -0.00205272 0.0035574 0.999973 -0.00636193 0.0245119 0.00260684 0.00635266 0.999976 -0.00421572 0.0 0.0 0.0 1.0
office/seq-03/color/frame-000251.color.png office/seq-03/color/frame-000253.color.png 0.999931 0.000381324 0.0117503 -0.0240473 -6.25724e-05 0.999632 -0.0271145 0.0475549 -0.0117563 0.0271119 0.999563 0.0200324 0.0 0.0 0.0 1.0
office/seq-03/color/frame-000253.color.png office/seq-03/color/frame-000255.color.png 0.999884 -0.0142351 -0.00541626 -0.0125531 0.0141113 0.999653 -0.0222415 0.0123357 0.00573102 0.0221625 0.999738 -0.00200295 0.0 0.0 0.0 1.0
office/seq-03/color/frame-000255.color.png office/seq-03/color/frame-000257.color.png 0.999985 0.00481653 -0.00245307 0.00319153 -0.00487052 0.999735 -0.0225022 0.041863 0.00234401 0.0225138 0.999744 0.0033915 0.0 0.0 0.0 1.0
office/seq-03/color/frame-000257.color.png office/seq-03/color/frame-000259.color.png 0.999877 0.0120613 0.0100222 -0.0203068 -0.0118932 0.99979 -0.0166671 0.0185346 -0.0102212 0.0165458 0.999811 0.000857115 0.0 0.0 0.0 1.0
office/seq-03/color/frame-000259.color.png office/seq-03/color/frame-000261.color.png 0.999998 -0.00131537 -0.00142358 -0.00251037 0.00128566 0.999785 -0.0206984 0.0121325 0.00145053 0.0206966 0.999785 -0.00285161 0.0 0.0 0.0 1.0
office/seq-03/color/frame-000261.color.png office/seq-03/color/frame-000263.color.png 0.999777 0.0193424 0.00849648 0.000795901 -0.0191703 0.999618 -0.0198882 0.0354774 -0.00887792 0.0197209 0.999766 0.00469887 0.0 0.0 0.0 1.0
office/seq-03/color/frame-000263.color.png office/seq-03/color/frame-000265.color.png 0.999962 0.00476411 0.00728352 -0.00477296 -0.00468398 0.999929 -0.0109799 0.00515175 -0.00733528 0.0109453 0.999913 0.000876307 0.0 0.0 0.0 1.0
office/seq-03/color/frame-000265.color.png office/seq-03/color/frame-000267.color.png 0.999797 -0.0189858 0.00668181 -0.0327469 0.0191305 0.999568 -0.0222937 -0.00633925 -0.00625568 0.022417 0.999729 -0.00479269 0.0 0.0 0.0 1.0
office/seq-03/color/frame-000267.color.png office/seq-03/color/frame-000269.color.png 0.999936 0.0031138 0.0108691 -0.00463784 -0.0028916 0.999788 -0.0204053 0.0195869 -0.0109303 0.0203726 0.999733 0.00943458 0.0 0.0 0.0 1.0
office/seq-03/color/frame-000269.color.png office/seq-03/color/frame-000271.color.png 0.999955 0.0046081 0.00831815 -0.00727636 -0.00443438 0.999774 -0.0207783 0.0137281 -0.00841204 0.0207405 0.99975 0.00988746 0.0 0.0 0.0 1.0
office/seq-03/color/frame-000271.color.png office/seq-03/color/frame-000273.color.png 0.999986 0.00102436 0.00520564 -0.0124262 -0.000938688 0.999865 -0.0164312 0.00419837 -0.00522182 0.0164261 0.999851 4.85182e-05 0.0 0.0 0.0 1.0
office/seq-03/color/frame-000273.color.png office/seq-03/color/frame-000275.color.png 0.999994 0.000589555 0.00352863 -0.0084942 -0.000487191 0.999581 -0.02894 0.00353611 -0.00354424 0.0289381 0.999575 0.0130934 0.0 0.0 0.0 1.0
office/seq-03/color/frame-000275.color.png office/seq-03/color/frame-000277.color.png 0.999875 0.0149334 -0.00527793 0.0205576 -0.0150365 0.999686 -0.0200668 0.0278096 0.0049766 0.0201436 0.999785 0.00575733 0.0 0.0 0.0 1.0
office/seq-03/color/frame-000277.color.png office/seq-03/color/frame-000279.color.png 0.999687 0.0195376 0.0156329 -0.00097996 -0.0194093 0.999777 -0.00832105 0.00791234 -0.015792 0.00801502 0.999843 0.00989974 0.0 0.0 0.0 1.0
office/seq-03/color/frame-000279.color.png office/seq-03/color/frame-000281.color.png 0.999976 0.00553217 0.00426691 -0.00689429 -0.00546982 0.99988 -0.0144826 -0.00299299 -0.00434652 0.0144589 0.999886 0.0108442 0.0 0.0 0.0 1.0
office/seq-03/color/frame-000281.color.png office/seq-03/color/frame-000283.color.png 0.999605 0.0244188 0.0139331 0.00869519 -0.024234 0.999618 -0.0132844 0.0218035 -0.0142522 0.0129415 0.999815 0.0241947 0.0 0.0 0.0 1.0
office/seq-03/color/frame-000283.color.png office/seq-03/color/frame-000285.color.png 0.999985 0.00418387 0.00367937 -0.0090242 -0.00412914 0.999883 -0.0147641 0.0103716 -0.00374069 0.0147487 0.999884 0.019691 0.0 0.0 0.0 1.0
office/seq-03/color/frame-000285.color.png office/seq-03/color/frame-000287.color.png 0.99997 0.00371457 0.00674918 0.00217104 -0.0036872 0.999985 -0.00406105 -0.00580812 -0.00676418 0.00403603 0.999969 0.0179776 0.0 0.0 0.0 1.0
office/seq-03/color/frame-000287.color.png office/seq-03/color/frame-000289.color.png 0.999859 0.0102434 0.0132944 -0.00153744 -0.0101893 0.99994 -0.00413341 0.00271636 -0.013336 0.00399736 0.999903 0.0202395 0.0 0.0 0.0 1.0
office/seq-03/color/frame-000289.color.png office/seq-03/color/frame-000291.color.png 0.999966 0.000785132 0.00818822 -0.000706196 -0.000701896 0.999948 -0.0101623 0.00935501 -0.0081958 0.0101562 0.999915 0.0257235 0.0 0.0 0.0 1.0
office/seq-03/color/frame-000291.color.png office/seq-03/color/frame-000293.color.png 0.999843 0.00421441 0.0172332 -0.00868607 -0.00414868 0.999984 -0.00384791 -0.0194737 -0.0172491 0.00377581 0.999844 0.0310966 0.0 0.0 0.0 1.0
office/seq-03/color/frame-000293.color.png office/seq-03/color/frame-000295.color.png 0.999971 -0.00596621 0.00470987 -0.00303268 0.00602133 0.999913 -0.0117784 -0.0100073 -0.00463908 0.0118064 0.99992 0.0257331 0.0 0.0 0.0 1.0
office/seq-03/color/frame-000295.color.png office/seq-03/color/frame-000297.color.png 0.999999 0.00156435 0.000479286 0.00463957 -0.00156301 0.999995 -0.00276695 -0.0134374 -0.000483697 0.00276619 0.999996 0.0125401 0.0 0.0 0.0 1.0
office/seq-03/color/frame-000297.color.png office/seq-03/color/frame-000299.color.png 0.999955 0.00548124 0.00773612 -0.00250167 -0.00544275 0.999973 -0.00498876 -0.00417018 -0.00776322 0.00494642 0.999958 0.0182513 0.0 0.0 0.0 1.0
office/seq-03/color/frame-000299.color.png office/seq-03/color/frame-000301.color.png 0.999908 0.0126153 0.00497269 0.00849217 -0.0126009 0.999916 -0.00291578 -0.00186241 -0.005009 0.00285286 0.999983 0.0169909 0.0 0.0 0.0 1.0
office/seq-03/color/frame-000301.color.png office/seq-03/color/frame-000303.color.png 0.999977 0.00619438 0.00280381 0.0109485 -0.00617621 0.99996 -0.00644449 -0.000849247 -0.00284357 0.00642701 0.999975 0.0207485 0.0 0.0 0.0 1.0
office/seq-03/color/frame-000303.color.png office/seq-03/color/frame-000305.color.png 0.999981 0.00605527 -0.000605123 0.0121917 -0.00606009 0.999947 -0.00833413 0.00492859 0.000554566 0.00833769 0.999965 0.0147308 0.0 0.0 0.0 1.0
office/seq-03/color/frame-000305.color.png office/seq-03/color/frame-000307.color.png 0.999982 0.00590732 -6.6742e-05 0.0157219 -0.0059076 0.999968 -0.00531254 -0.00622821 3.53288e-05 0.00531282 0.999986 0.0219167 0.0 0.0 0.0 1.0
office/seq-03/color/frame-000307.color.png office/seq-03/color/frame-000309.color.png 0.999871 0.0132922 0.0090075 0.00205654 -0.0132728 0.99991 -0.00221141 0.0090605 -0.00903607 0.00209158 0.999957 0.0141083 0.0 0.0 0.0 1.0
office/seq-03/color/frame-000309.color.png office/seq-03/color/frame-000311.color.png 0.999932 0.000379289 -0.0116678 0.0339062 -0.000450079 0.999981 -0.00606605 -0.00112557 0.0116653 0.00607089 0.999914 -0.000659823 0.0 0.0 0.0 1.0
office/seq-03/color/frame-000311.color.png office/seq-03/color/frame-000313.color.png 0.999989 0.00233198 -0.00398526 0.00438267 -0.00233262 0.999997 -0.000150363 -0.0162638 0.00398496 0.000159672 0.999992 0.00911772 0.0 0.0 0.0 1.0
office/seq-03/color/frame-000313.color.png office/seq-03/color/frame-000315.color.png 0.99992 0.0126205 0.000820061 0.017886 -0.0126026 0.999739 -0.0190486 0.0402675 -0.00106027 0.0190367 0.999818 0.0304394 0.0 0.0 0.0 1.0
office/seq-03/color/frame-000315.color.png office/seq-03/color/frame-000317.color.png 0.999939 0.0109467 -0.00170654 0.0151326 -0.0109642 0.999883 -0.0106454 0.0133796 0.00158977 0.0106635 0.999942 0.0115198 0.0 0.0 0.0 1.0
office/seq-03/color/frame-000317.color.png office/seq-03/color/frame-000319.color.png 0.999802 0.0129099 0.0151496 -0.0133091 -0.0127429 0.999858 -0.0110656 0.0225288 -0.0152903 0.0108703 0.999824 0.0263603 0.0 0.0 0.0 1.0
office/seq-03/color/frame-000319.color.png office/seq-03/color/frame-000321.color.png 0.999978 -0.000276828 -0.00658589 0.0325096 0.000207366 0.999944 -0.0105497 -0.000339746 0.00658838 0.0105481 0.999923 0.0168432 0.0 0.0 0.0 1.0
office/seq-03/color/frame-000321.color.png office/seq-03/color/frame-000323.color.png 0.99999 0.00436897 -0.000408615 0.00673038 -0.00437742 0.999712 -0.0235913 0.0352466 0.000305494 0.0235928 0.999722 0.0385714 0.0 0.0 0.0 1.0
office/seq-03/color/frame-000323.color.png office/seq-03/color/frame-000325.color.png 0.999638 0.0124231 0.0238476 -0.0137447 -0.0122739 0.999904 -0.00639312 -0.0199519 -0.0239248 0.00609814 0.999695 0.0293964 0.0 0.0 0.0 1.0
office/seq-03/color/frame-000325.color.png office/seq-03/color/frame-000327.color.png 0.99962 0.0187351 0.0202152 0.00504571 -0.0186064 0.999806 -0.00653717 0.0172759 -0.0203338 0.00615854 0.999774 0.0280048 0.0 0.0 0.0 1.0
office/seq-03/color/frame-000327.color.png office/seq-03/color/frame-000329.color.png 0.999966 -0.00574287 0.00585751 -0.00369936 0.00579461 0.999944 -0.00886225 -0.0165855 -0.00580622 0.00889585 0.999944 0.0169523 0.0 0.0 0.0 1.0
office/seq-03/color/frame-000329.color.png office/seq-03/color/frame-000331.color.png 0.999993 -0.0014821 0.00359609 -6.59823e-05 0.00150439 0.99998 -0.00619889 -0.000261784 -0.00358681 0.00620427 0.999974 0.0143124 0.0 0.0 0.0 1.0
office/seq-03/color/frame-000331.color.png office/seq-03/color/frame-000333.color.png 0.999953 0.00417639 0.00872628 0.0113412 -0.00409104 0.999944 -0.00977377 0.0164611 -0.00876659 0.00973762 0.999914 0.035046 0.0 0.0 0.0 1.0
office/seq-03/color/frame-000333.color.png office/seq-03/color/frame-000335.color.png 0.999377 0.0175426 0.0306394 -0.0147064 -0.0172638 0.999807 -0.00933836 0.0245523 -0.0307974 0.00880364 0.999487 0.0452991 0.0 0.0 0.0 1.0
office/seq-03/color/frame-000335.color.png office/seq-03/color/frame-000337.color.png 0.999964 -0.003099 -0.00783911 0.0465655 0.00318628 0.999933 0.0111482 -0.0667887 0.00780417 -0.0111728 0.999907 -0.016534 0.0 0.0 0.0 1.0
office/seq-03/color/frame-000337.color.png office/seq-03/color/frame-000339.color.png 0.999992 0.00356002 -0.00178415 0.0227292 -0.00357111 0.999974 -0.00624549 -0.0001297 0.00176182 0.00625181 0.999979 0.0119635 0.0 0.0 0.0 1.0
office/seq-03/color/frame-000339.color.png office/seq-03/color/frame-000341.color.png 0.999882 0.0101978 0.0114786 0.0058158 -0.0100189 0.999829 -0.0155361 0.0177603 -0.0116351 0.0154193 0.999813 0.0378183 0.0 0.0 0.0 1.0
office/seq-03/color/frame-000341.color.png office/seq-03/color/frame-000343.color.png 0.999896 0.0118367 0.00823172 0.0132044 -0.0117782 0.999905 -0.00711556 0.00547445 -0.00831509 0.00701786 0.999941 0.0241129 0.0 0.0 0.0 1.0
office/seq-03/color/frame-000343.color.png office/seq-03/color/frame-000345.color.png 0.999992 0.00143343 0.00388249 -0.0103758 -0.00139813 0.999958 -0.00907949 -0.00065279 -0.00389541 0.00907398 0.999951 0.0177208 0.0 0.0 0.0 1.0
office/seq-03/color/frame-000345.color.png office/seq-03/color/frame-000347.color.png 0.999771 0.0164974 0.0136372 0.000766814 -0.0164049 0.999842 -0.00686632 0.0131937 -0.0137482 0.00664102 0.999883 0.0257516 0.0 0.0 0.0 1.0
office/seq-03/color/frame-000347.color.png office/seq-03/color/frame-000349.color.png 0.999921 -0.00682778 -0.0105886 0.010818 0.00701022 0.999826 0.0172895 -0.0565358 0.0104686 -0.0173623 0.999794 -0.0271609 0.0 0.0 0.0 1.0
office/seq-03/color/frame-000349.color.png office/seq-03/color/frame-000351.color.png 0.999927 0.00698123 -0.00982415 0.0289047 -0.00693854 0.999966 0.00437427 -0.00253737 0.00985437 -0.00430581 0.999942 -0.00906956 0.0 0.0 0.0 1.0
