redkitchen/seq-07/color/frame-000000.color.png redkitchen/seq-07/color/frame-000001.color.png 1.0 8.33376e-06 -0.000440557 0.0010345 -7.74548e-06 0.999999 0.00133528 -0.00154212 0.000440568 -0.00133528 0.999999 0.000855932 0.0 0.0 0.0 1.0
redkitchen/seq-07/color/frame-000001.color.png redkitchen/seq-07/color/frame-000002.color.png 1.0 -0.000384725 0.000446967 0.00306158 0.000384399 1.0 0.000727973 -3.14283e-05 -0.000447247 -0.000727802 1.0 0.00138571 0.0 0.0 0.0 1.0
redkitchen/seq-07/color/frame-000002.color.png redkitchen/seq-07/color/frame-000003.color.png 0.999995 0.000460388 0.00301053 0.00176244 -0.000465345 0.999998 0.0016459 -0.00111687 -0.00300977 -0.0016473 0.999994 0.000396392 0.0 0.0 0.0 1.0
redkitchen/seq-07/color/frame-000003.color.png redkitchen/seq-07/color/frame-000004.color.png 0.999974 -0.003691 0.00621097 0.00111866 0.00367714 0.999991 0.00224212 0.000669775 -0.00621919 -0.00221923 0.999978 0.00566481 0.0 0.0 0.0 1.0
redkitchen/seq-07/color/frame-000004.color.png redkitchen/seq-07/color/frame-000005.color.png 0.99999 -0.00438603 0.000773303 0.000747068 0.00438584 0.99999 0.000256191 0.00124867 -0.00077442 -0.000252796 1.0 0.00330019 0.0 0.0 0.0 1.0
redkitchen/seq-07/color/frame-000005.color.png redkitchen/seq-07/color/frame-000006.color.png 0.999992 -0.00392095 -0.00120216 0.00437545 0.00392236 0.999992 0.00117545 0.000844663 0.00119754 -0.00118015 0.999999 0.0026607 0.0 0.0 0.0 1.0
redkitchen/seq-07/color/frame-000006.color.png redkitchen/seq-07/color/frame-000007.color.png 0.999999 -0.00109723 -0.000612931 0.00545552 0.00109873 0.999996 0.00244801 -0.00100219 0.000610242 -0.00244868 0.999997 0.00221479 0.0 0.0 0.0 1.0
redkitchen/seq-07/color/frame-000007.color.png redkitchen/seq-07/color/frame-000008.color.png 0.999996 -0.00156227 0.00219744 0.00460547 0.00155795 0.999997 0.00196659 -0.000398235 -0.0022005 -0.00196316 0.999996 0.0017642 0.0 0.0 0.0 1.0
redkitchen/seq-07/color/frame-000008.color.png redkitchen/seq-07/color/frame-000009.color.png 0.999995 -0.00244315 0.00167297 0.00494079 0.00243905 0.999994 0.00244804 -0.000417796 -0.00167894 -0.00244394 0.999996 0.00325701 0.0 0.0 0.0 1.0
redkitchen/seq-07/color/frame-000009.color.png redkitchen/seq-07/color/frame-000010.color.png 0.999998 -0.000749522 0.0016513 0.00279059 0.00074682 0.999998 0.00163743 -0.00122236 -0.00165252 -0.00163619 0.999997 0.00438426 0.0 0.0 0.0 1.0
redkitchen/seq-07/color/frame-000010.color.png redkitchen/seq-07/color/frame-000011.color.png 1.0 0.000703351 0.000240453 0.00564234 -0.000703235 1.0 -0.000492081 0.00232417 -0.0002408 0.000491912 1.0 0.00381169 0.0 0.0 0.0 1.0
redkitchen/seq-07/color/frame-000011.color.png redkitchen/seq-07/color/frame-000012.color.png 1.0 -0.000229228 -0.000212154 0.00614541 0.000229505 0.999999 0.00130006 -0.000943116 0.000211853 -0.00130011 0.999999 0.00582719 0.0 0.0 0.0 1.0
redkitchen/seq-07/color/frame-000012.color.png redkitchen/seq-07/color/frame-000013.color.png 0.999998 0.00191885 -0.000786975 0.00704888 -0.00191856 0.999998 0.000374672 0.000236114 0.000787694 -0.000373159 1.0 0.00245554 0.0 0.0 0.0 1.0
redkitchen/seq-07/color/frame-000013.color.png redkitchen/seq-07/color/frame-000014.color.png 0.999992 0.00397126 0.000503943 0.00691735 -0.00397233 0.99999 0.00213768 -0.0022204 -0.000495452 -0.00213967 0.999997 0.00583716 0.0 0.0 0.0 1.0
redkitchen/seq-07/color/frame-000014.color.png redkitchen/seq-07/color/frame-000015.color.png 0.999999 -0.000462491 0.00149479 0.00805648 0.000462456 1.0 2.4916e-05 -0.00196129 -0.0014948 -2.42213e-05 0.999999 0.00461288 0.0 0.0 0.0 1.0
redkitchen/seq-07/color/frame-000015.color.png redkitchen/seq-07/color/frame-000016.color.png 0.999999 -0.00144949 4.4811e-05 0.00805972 0.00144957 0.999997 -0.00185739 -0.0012136 -4.21178e-05 0.00185745 0.999998 0.00522682 0.0 0.0 0.0 1.0
redkitchen/seq-07/color/frame-000016.color.png redkitchen/seq-07/color/frame-000017.color.png 0.999998 -0.000819835 -0.00167611 0.00895167 0.000814875 0.999995 -0.00295842 -0.00134957 0.00167853 0.00295705 0.999994 0.00542854 0.0 0.0 0.0 1.0
redkitchen/seq-07/color/frame-000017.color.png redkitchen/seq-07/color/frame-000018.color.png 0.999996 0.00251414 -0.000868918 0.00687768 -0.00251837 0.999985 -0.00489716 0.00204067 0.00085659 0.00489933 0.999988 0.00442031 0.0 0.0 0.0 1.0
redkitchen/seq-07/color/frame-000018.color.png redkitchen/seq-07/color/frame-000019.color.png 0.999993 0.00307617 -0.00207954 0.0120982 -0.00307609 0.999995 4.23189e-05 0.000584829 0.00207966 -3.59198e-05 0.999998 0.00146301 0.0 0.0 0.0 1.0
redkitchen/seq-07/color/frame-000019.color.png redkitchen/seq-07/color/frame-000020.color.png 0.999985 0.00539166 -0.000492088 0.0105824 -0.0053901 0.999981 0.00313182 -0.00245592 0.000508965 -0.00312913 0.999995 0.00453513 0.0 0.0 0.0 1.0
redkitchen/seq-07/color/frame-000020.color.png redkitchen/seq-07/color/frame-000021.color.png 0.999993 0.0036192 0.00067998 0.00927041 -0.00362017 0.999992 0.00142844 -0.00319267 -0.000674806 -0.00143089 0.999999 0.00534626 0.0 0.0 0.0 1.0
redkitchen/seq-07/color/frame-000021.color.png redkitchen/seq-07/color/frame-000022.color.png 0.999998 0.0020397 0.000549692 0.00902806 -0.00204007 0.999998 0.000671092 -0.004024 -0.000548324 -0.000672214 1.0 0.00338977 0.0 0.0 0.0 1.0
redkitchen/seq-07/color/frame-000022.color.png redkitchen/seq-07/color/frame-000023.color.png 0.999994 0.00328497 -0.00145016 0.0095986 -0.00328799 0.999992 -0.00208322 -0.00108641 0.00144331 0.00208798 0.999997 0.00501607 0.0 0.0 0.0 1.0
redkitchen/seq-07/color/frame-000023.color.png redkitchen/seq-07/color/frame-000024.color.png 0.999995 0.00217198 -0.00212666 0.0128805 -0.00217774 0.999994 -0.00270602 0.000441814 0.00212077 0.00271064 0.999994 0.00315132 0.0 0.0 0.0 1.0
redkitchen/seq-07/color/frame-000024.color.png redkitchen/seq-07/color/frame-000025.color.png 0.999999 0.00143363 -0.000722641 0.011537 -0.00143357 0.999999 8.40933e-05 -0.00305008 0.000722762 -8.30557e-05 1.0 0.00386108 0.0 0.0 0.0 1.0
redkitchen/seq-07/color/frame-000025.color.png redkitchen/seq-07/color/frame-000026.color.png 0.999999 0.00160529 -0.000652856 0.0101053 -0.00160612 0.999998 -0.00127031 -0.00109078 0.000650814 0.00127135 0.999999 0.00492683 0.0 0.0 0.0 1.0
redkitchen/seq-07/color/frame-000026.color.png redkitchen/seq-07/color/frame-000027.color.png 0.999996 0.000634433 -0.00258581 0.0113591 -0.000640851 0.999997 -0.00248265 0.00147999 0.00258423 0.0024843 0.999994 0.00491976 0.0 0.0 0.0 1.0
redkitchen/seq-07/color/frame-000027.color.png redkitchen/seq-07/color/frame-000028.color.png 0.999983 0.00528736 -0.00230556 0.0130423 -0.00528588 0.999986 0.000643888 -0.0023621 0.00230893 -0.000631691 0.999997 0.00328218 0.0 0.0 0.0 1.0
redkitchen/seq-07/color/frame-000028.color.png redkitchen/seq-07/color/frame-000029.color.png 0.999982 0.00589843 -0.000770734 0.0133688 -0.00589835 0.999983 0.000117642 -0.00125067 0.000771414 -0.000113094 1.0 0.00417352 0.0 0.0 0.0 1.0
redkitchen/seq-07/color/frame-000029.color.png redkitchen/seq-07/color/frame-000030.color.png 0.999993 0.00374141 -0.000128181 0.0128042 -0.00374116 0.999991 0.00192066 -0.00396032 0.000135366 -0.00192016 0.999998 0.00113786 0.0 0.0 0.0 1.0
redkitchen/seq-07/color/frame-000030.color.png redkitchen/seq-07/color/frame-000031.color.png 0.999976 0.00440301 -0.00541058 0.0190472 -0.00440926 0.99999 -0.00114442 -0.00393192 0.00540549 0.00116825 0.999985 0.0141242 0.0 0.0 0.0 1.0
redkitchen/seq-07/color/frame-000031.color.png redkitchen/seq-07/color/frame-000032.color.png 0.999992 0.00104974 -0.00386936 0.00703317 -0.00106099 0.999995 -0.00290581 0.00131526 0.0038663 0.00290989 0.999988 0.00327429 0.0 0.0 0.0 1.0
redkitchen/seq-07/color/frame-000032.color.png redkitchen/seq-07/color/frame-000033.color.png 0.999977 0.00488287 -0.00462859 0.0129765 -0.0048815 0.999988 0.000306679 0.000403162 0.00463003 -0.000284076 0.999989 0.000234991 0.0 0.0 0.0 1.0
redkitchen/seq-07/color/frame-000033.color.png redkitchen/seq-07/color/frame-000034.color.png 0.999978 0.00590597 -0.00294055 0.0118828 -0.0058971 0.999978 0.00301832 0.00136948 0.00295832 -0.00300092 0.999991 0.00541425 0.0 0.0 0.0 1.0
redkitchen/seq-07/color/frame-000034.color.png redkitchen/seq-07/color/frame-000035.color.png 0.999993 0.0037942 -0.000802492 0.00611567 -0.00379133 0.999987 0.00353201 -0.00318573 0.000815882 -0.00352894 0.999993 0.00741605 0.0 0.0 0.0 1.0
redkitchen/seq-07/color/frame-000035.color.png redkitchen/seq-07/color/frame-000036.color.png 0.999982 0.00108526 -0.00594574 0.0124954 -0.00107943 0.999999 0.000982347 -0.00164484 0.00594679 -0.000975913 0.999982 0.00693981 0.0 0.0 0.0 1.0
redkitchen/seq-07/color/frame-000036.color.png redkitchen/seq-07/color/frame-000037.color.png 0.99998 0.000919841 -0.00631438 0.00938398 -0.00091142 0.999999 0.00133848 -0.00749854 0.00631561 -0.0013327 0.999979 0.00720946 0.0 0.0 0.0 1.0
redkitchen/seq-07/color/frame-000037.color.png redkitchen/seq-07/color/frame-000038.color.png 0.999973 -0.00406886 -0.00612024 0.0101537 0.00404601 0.999985 -0.00374368 -0.000866689 0.00613539 0.00371882 0.999974 0.0032185 0.0 0.0 0.0 1.0
redkitchen/seq-07/color/frame-000038.color.png redkitchen/seq-07/color/frame-000039.color.png 0.999979 -0.00242071 -0.00599464 0.00905332 0.00241282 0.999996 -0.00132287 0.00276445 0.00599781 0.00130837 0.999981 0.00303851 0.0 0.0 0.0 1.0
redkitchen/seq-07/color/frame-000039.color.png redkitchen/seq-07/color/frame-000040.color.png 0.999978 0.00418371 -0.00518475 0.0111088 -0.00415844 0.999979 0.00487609 -0.00424916 0.00520504 -0.00485442 0.999975 0.00541875 0.0 0.0 0.0 1.0
redkitchen/seq-07/color/frame-000040.color.png redkitchen/seq-07/color/frame-000041.color.png 0.999991 0.00405834 -0.000993538 0.00809669 -0.0040564 0.99999 0.00194781 -0.00274426 0.00100143 -0.00194376 0.999998 0.00753444 0.0 0.0 0.0 1.0
redkitchen/seq-07/color/frame-000041.color.png redkitchen/seq-07/color/frame-000042.color.png 0.999999 0.000833805 0.00100159 0.0044471 -0.000835645 0.999998 0.00183784 -0.00429336 -0.00100004 -0.00183867 0.999998 0.00594494 0.0 0.0 0.0 1.0
redkitchen/seq-07/color/frame-000042.color.png redkitchen/seq-07/color/frame-000043.color.png 0.999987 -0.00183483 -0.0047428 0.0113014 0.00183926 0.999998 0.000928079 -0.00522257 0.00474107 -0.000936788 0.999988 0.0128781 0.0 0.0 0.0 1.0
redkitchen/seq-07/color/frame-000043.color.png redkitchen/seq-07/color/frame-000044.color.png 0.999994 -0.0008445 -0.00352592 0.00409111 0.000834001 0.999995 -0.00297922 0.00160005 0.00352843 0.00297626 0.999989 0.00834481 0.0 0.0 0.0 1.0
redkitchen/seq-07/color/frame-000044.color.png redkitchen/seq-07/color/frame-000045.color.png 0.999976 0.00176025 -0.0067238 0.0113213 -0.00176045 0.999998 -2.43077e-05 -0.0040887 0.00672374 3.61439e-05 0.999977 0.00822164 0.0 0.0 0.0 1.0
redkitchen/seq-07/color/frame-000045.color.png redkitchen/seq-07/color/frame-000046.color.png 0.999985 0.00140703 -0.00520623 0.00729674 -0.00140644 0.999999 0.000115873 4.07174e-05 0.00520639 -0.000108547 0.999987 0.00768422 0.0 0.0 0.0 1.0
redkitchen/seq-07/color/frame-000046.color.png redkitchen/seq-07/color/frame-000047.color.png 0.999979 0.00132132 -0.00629545 0.00797781 -0.00131045 0.999997 0.00173145 -0.00587059 0.00629771 -0.00172316 0.999979 0.00993803 0.0 0.0 0.0 1.0
redkitchen/seq-07/color/frame-000047.color.png redkitchen/seq-07/color/frame-000048.color.png 0.999976 0.000827523 -0.00694804 0.00791553 -0.000831483 0.999999 -0.000565475 -0.00106013 0.00694759 0.000571234 0.999976 0.00845668 0.0 0.0 0.0 1.0
redkitchen/seq-07/color/frame-000048.color.png redkitchen/seq-07/color/frame-000049.color.png 0.99995 0.0064957 -0.00762481 0.00699735 -0.00649587 0.999979 3.26164e-06 -0.00175139 0.00762466 4.62737e-05 0.999971 0.0119986 0.0 0.0 0.0 1.0
redkitchen/seq-07/color/frame-000049.color.png redkitchen/seq-07/color/frame-000050.color.png 0.999938 0.00921433 -0.00631916 0.00981882 -0.00921467 0.999958 -2.4355e-05 -0.00385842 0.00631866 8.25799e-05 0.99998 0.00807631 0.0 0.0 0.0 1.0
redkitchen/seq-07/color/frame-000050.color.png redkitchen/seq-07/color/frame-000051.color.png 0.999963 0.00856984 -0.000212735 0.00178534 -0.00857022 0.999961 -0.00191936 0.00180719 0.000196268 0.00192111 0.999998 0.00985563 0.0 0.0 0.0 1.0
redkitchen/seq-07/color/frame-000051.color.png redkitchen/seq-07/color/frame-000052.color.png 0.999982 0.00537407 -0.00256267 0.00719067 -0.00536983 0.999984 0.00165977 -0.00328033 0.00257155 -0.00164598 0.999995 0.0115596 0.0 0.0 0.0 1.0
redkitchen/seq-07/color/frame-000052.color.png redkitchen/seq-07/color/frame-000053.color.png 0.999974 0.00547627 -0.00463779 0.0094929 -0.00546301 0.999981 0.00286192 -0.00776689 0.00465338 -0.00283651 0.999985 0.015323 0.0 0.0 0.0 1.0
redkitchen/seq-07/color/frame-000053.color.png redkitchen/seq-07/color/frame-000054.color.png 0.999987 0.00322422 -0.00387449 0.0066455 -0.00322421 0.999995 9.82742e-06 -0.00566918 0.0038745 2.66917e-06 0.999993 0.00859317 0.0 0.0 0.0 1.0
redkitchen/seq-07/color/frame-000054.color.png redkitchen/seq-07/color/frame-000055.color.png 0.999973 0.00694818 -0.0025439 0.00480333 -0.00695815 0.999968 -0.00392814 0.00174354 0.00251653 0.00394573 0.999989 0.0108544 0.0 0.0 0.0 1.0
redkitchen/seq-07/color/frame-000055.color.png redkitchen/seq-07/color/frame-000056.color.png 0.999953 0.00927571 -0.00286505 0.0109307 -0.00928356 0.999953 -0.00274153 -0.00173373 0.00283948 0.002768 0.999992 0.0146259 0.0 0.0 0.0 1.0
redkitchen/seq-07/color/frame-000056.color.png redkitchen/seq-07/color/frame-000057.color.png 0.999996 0.00275813 0.000959323 0.00637543 -0.00275604 0.999994 -0.00218127 -0.00711947 -0.000965354 0.00217861 0.999997 0.0126378 0.0 0.0 0.0 1.0
redkitchen/seq-07/color/frame-000057.color.png redkitchen/seq-07/color/frame-000058.color.png 0.999992 -0.00382457 0.000763067 0.00410888 0.00382527 0.999992 -0.000889804 -0.00813034 -0.000759639 0.000892717 0.999999 0.0118176 0.0 0.0 0.0 1.0
redkitchen/seq-07/color/frame-000058.color.png redkitchen/seq-07/color/frame-000059.color.png 0.999993 -0.00294528 -0.00241623 0.00130978 0.00294892 0.999994 0.00150684 -0.010705 0.00241177 -0.00151396 0.999996 0.0125211 0.0 0.0 0.0 1.0
redkitchen/seq-07/color/frame-000059.color.png redkitchen/seq-07/color/frame-000060.color.png 0.999941 0.00625375 -0.00890029 0.0103435 -0.00625745 0.99998 -0.000390136 -0.00364076 0.00889768 0.000445809 0.99996 0.0105262 0.0 0.0 0.0 1.0
redkitchen/seq-07/color/frame-000060.color.png redkitchen/seq-07/color/frame-000061.color.png 0.999951 0.00794414 -0.00591172 0.00852582 -0.00795985 0.999965 -0.00263968 -0.00105754 0.00589056 0.00268661 0.999979 0.00879642 0.0 0.0 0.0 1.0
redkitchen/seq-07/color/frame-000061.color.png redkitchen/seq-07/color/frame-000062.color.png 0.999975 0.0060987 -0.00365887 0.0105842 -0.00610542 0.99998 -0.00182259 -0.00237839 0.00364767 0.00184488 0.999992 0.0134917 0.0 0.0 0.0 1.0
redkitchen/seq-07/color/frame-000062.color.png redkitchen/seq-07/color/frame-000063.color.png 0.999959 0.00895817 -0.00169024 0.00642508 -0.00896076 0.999959 -0.00154468 0.000269085 0.00167633 0.00155976 0.999997 0.0128467 0.0 0.0 0.0 1.0
redkitchen/seq-07/color/frame-000063.color.png redkitchen/seq-07/color/frame-000064.color.png 0.999989 0.00457352 -0.000846816 0.00264013 -0.00457355 0.99999 -2.57987e-05 -0.00910078 0.000846704 2.9672e-05 1.0 0.0100853 0.0 0.0 0.0 1.0
redkitchen/seq-07/color/frame-000064.color.png redkitchen/seq-07/color/frame-000065.color.png 0.999991 -0.00122931 -0.00393701 0.00302914 0.00122164 0.999997 -0.00195472 -0.00714946 0.00393941 0.00194989 0.99999 0.010194 0.0 0.0 0.0 1.0
redkitchen/seq-07/color/frame-000065.color.png redkitchen/seq-07/color/frame-000066.color.png 0.999954 -0.00238087 -0.00924787 0.00654751 0.00237717 0.999997 -0.000404605 -0.00993933 0.00924877 0.000382604 0.999957 0.01117 0.0 0.0 0.0 1.0
redkitchen/seq-07/color/frame-000066.color.png redkitchen/seq-07/color/frame-000067.color.png 0.999925 -0.000530434 -0.0122031 0.0126384 0.000493916 0.999996 -0.00299639 -0.00471766 0.0122046 0.00299013 0.999921 0.00701264 0.0 0.0 0.0 1.0
redkitchen/seq-07/color/frame-000067.color.png redkitchen/seq-07/color/frame-000068.color.png 0.999957 0.00162616 -0.00914362 0.00816804 -0.0016596 0.999992 -0.00364591 -0.0018767 0.00913764 0.00366092 0.999952 0.00806886 0.0 0.0 0.0 1.0
redkitchen/seq-07/color/frame-000068.color.png redkitchen/seq-07/color/frame-000069.color.png 0.999953 0.00469724 -0.00848889 0.0103726 -0.00469451 0.999989 0.000340461 -0.00232795 0.00849041 -0.000300591 0.999964 0.00889462 0.0 0.0 0.0 1.0
redkitchen/seq-07/color/frame-000069.color.png redkitchen/seq-07/color/frame-000070.color.png 0.999952 0.00847544 -0.00481304 0.00416198 -0.00847388 0.999964 0.000346939 -0.000966236 0.0048158 -0.000306141 0.999988 0.00796688 0.0 0.0 0.0 1.0
redkitchen/seq-07/color/frame-000070.color.png redkitchen/seq-07/color/frame-000071.color.png 0.99997 0.00320604 -0.0070809 0.00811261 -0.00318155 0.999989 0.0034646 -0.0106848 0.00709195 -0.00344197 0.999969 0.012256 0.0 0.0 0.0 1.0
redkitchen/seq-07/color/frame-000071.color.png redkitchen/seq-07/color/frame-000072.color.png 0.999944 0.003592 -0.00995059 0.00749817 -0.00357666 0.999992 0.00156052 -0.00962842 0.00995616 -0.00152484 0.999949 0.00675035 0.0 0.0 0.0 1.0
redkitchen/seq-07/color/frame-000072.color.png redkitchen/seq-07/color/frame-000073.color.png 0.999912 0.00222814 -0.0130919 0.0099844 -0.00225979 0.999995 -0.00240304 -0.00227889 0.0130865 0.00243241 0.999911 0.00751495 0.0 0.0 0.0 1.0
redkitchen/seq-07/color/frame-000073.color.png redkitchen/seq-07/color/frame-000074.color.png 0.999906 0.00440168 -0.0129567 0.0119632 -0.00443481 0.999987 -0.00253129 -0.00313151 0.0129454 0.00258852 0.999913 0.00906426 0.0 0.0 0.0 1.0
redkitchen/seq-07/color/frame-000074.color.png redkitchen/seq-07/color/frame-000075.color.png 0.99993 0.00548377 -0.0104805 0.0120249 -0.00556177 0.999957 -0.00742539 0.0102535 0.0104393 0.00748316 0.999918 0.0152336 0.0 0.0 0.0 1.0
redkitchen/seq-07/color/frame-000075.color.png redkitchen/seq-07/color/frame-000076.color.png 0.999946 0.00589914 -0.00857 0.0127555 -0.00592193 0.999979 -0.00263033 0.000360578 0.00855434 0.00268093 0.99996 0.00653362 0.0 0.0 0.0 1.0
redkitchen/seq-07/color/frame-000076.color.png redkitchen/seq-07/color/frame-000077.color.png 0.999977 0.00380417 -0.00567304 0.00422192 -0.003804 0.999993 3.89601e-05 -0.00462188 0.00567314 -1.7381e-05 0.999984 0.0104138 0.0 0.0 0.0 1.0
redkitchen/seq-07/color/frame-000077.color.png redkitchen/seq-07/color/frame-000078.color.png 0.999945 0.00226527 -0.0102115 0.0122612 -0.00227065 0.999997 -0.0005169 -0.00466594 0.0102103 0.000540063 0.999948 0.00919813 0.0 0.0 0.0 1.0
redkitchen/seq-07/color/frame-000078.color.png redkitchen/seq-07/color/frame-000079.color.png 0.999923 0.00683265 -0.0103518 0.0110626 -0.00685582 0.999974 -0.00220681 -0.00111878 0.0103365 0.00227761 0.999944 0.00686246 0.0 0.0 0.0 1.0
redkitchen/seq-07/color/frame-000079.color.png redkitchen/seq-07/color/frame-000080.color.png 0.999925 0.00553773 -0.0109735 0.0127884 -0.00557592 0.999978 -0.00345255 -0.0008443 0.0109543 0.00351347 0.999934 0.00987893 0.0 0.0 0.0 1.0
redkitchen/seq-07/color/frame-000080.color.png redkitchen/seq-07/color/frame-000081.color.png 0.999941 0.00182121 -0.0107109 0.0124783 -0.00186626 0.99999 -0.00419814 -0.00317121 0.0107032 0.00421789 0.999934 0.00874901 0.0 0.0 0.0 1.0
redkitchen/seq-07/color/frame-000081.color.png redkitchen/seq-07/color/frame-000082.color.png 0.999939 0.0041096 -0.0102848 0.0125971 -0.00415323 0.999982 -0.00422178 0.00124562 0.0102672 0.00426423 0.999938 0.00553405 0.0 0.0 0.0 1.0
redkitchen/seq-07/color/frame-000082.color.png redkitchen/seq-07/color/frame-000083.color.png 0.999921 0.00896272 -0.00877697 0.0137535 -0.00899781 0.999952 -0.00396456 0.00512442 0.00874096 0.00404322 0.999954 0.00709099 0.0 0.0 0.0 1.0
redkitchen/seq-07/color/frame-000083.color.png redkitchen/seq-07/color/frame-000084.color.png 0.999933 0.00983611 -0.00617252 0.0106603 -0.00983987 0.999951 -0.000579685 -0.00046736 0.00616649 0.000640387 0.999981 0.00753307 0.0 0.0 0.0 1.0
redkitchen/seq-07/color/frame-000084.color.png redkitchen/seq-07/color/frame-000085.color.png 0.999976 0.00381507 -0.00578954 0.0106933 -0.00380106 0.99999 0.00241962 -0.010585 0.00579866 -0.00239755 0.99998 0.00987881 0.0 0.0 0.0 1.0
redkitchen/seq-07/color/frame-000085.color.png redkitchen/seq-07/color/frame-000086.color.png 0.999959 0.00248674 -0.0086567 0.0113494 -0.00247405 0.999996 0.00148051 -0.00958258 0.00866044 -0.00145904 0.999961 0.00705975 0.0 0.0 0.0 1.0
redkitchen/seq-07/color/frame-000086.color.png redkitchen/seq-07/color/frame-000087.color.png 0.999894 0.00669164 -0.0129101 0.0166882 -0.00671871 0.999975 -0.00205369 -0.00490621 0.012896 0.00214023 0.999914 0.00971818 0.0 0.0 0.0 1.0
redkitchen/seq-07/color/frame-000087.color.png redkitchen/seq-07/color/frame-000088.color.png 0.999894 0.00640843 -0.0130797 0.0165346 -0.0064729 0.999967 -0.00489045 -0.000546217 0.0130479 0.0049746 0.999902 0.00578016 0.0 0.0 0.0 1.0
redkitchen/seq-07/color/frame-000088.color.png redkitchen/seq-07/color/frame-000089.color.png 0.999896 0.00698737 -0.0126066 0.0161472 -0.00707773 0.99995 -0.00714058 0.0049628 0.0125561 0.00722907 0.999895 0.00500166 0.0 0.0 0.0 1.0
redkitchen/seq-07/color/frame-000089.color.png redkitchen/seq-07/color/frame-000090.color.png 0.999939 0.00401358 -0.0103126 0.0108799 -0.00401849 0.999992 -0.000451982 -0.00669861 0.0103106 0.000493404 0.999947 0.00200683 0.0 0.0 0.0 1.0
redkitchen/seq-07/color/frame-000090.color.png redkitchen/seq-07/color/frame-000091.color.png 0.999863 0.00752142 -0.0147521 0.0189979 -0.007567 0.999967 -0.00303777 0.000429899 0.0147287 0.00314898 0.999887 0.00601274 0.0 0.0 0.0 1.0
redkitchen/seq-07/color/frame-000091.color.png redkitchen/seq-07/color/frame-000092.color.png 0.999858 0.00976243 -0.0137431 0.018611 -0.0098557 0.999929 -0.00673516 0.0112676 0.0136764 0.00686964 0.999883 0.00393766 0.0 0.0 0.0 1.0
redkitchen/seq-07/color/frame-000092.color.png redkitchen/seq-07/color/frame-000093.color.png 0.999942 0.00508241 -0.0095411 0.0122148 -0.00507759 0.999987 0.00052782 -0.00699073 0.00954372 -0.000479341 0.999954 -0.00328851 0.0 0.0 0.0 1.0
redkitchen/seq-07/color/frame-000093.color.png redkitchen/seq-07/color/frame-000094.color.png 0.999936 0.00683037 -0.00902189 0.0121005 -0.0068471 0.999975 -0.00182227 0.000779837 0.00900917 0.00188393 0.999958 0.00564194 0.0 0.0 0.0 1.0
redkitchen/seq-07/color/frame-000094.color.png redkitchen/seq-07/color/frame-000095.color.png 0.99994 0.0024063 -0.0107082 0.0131403 -0.00243059 0.999994 -0.00226177 -0.000715464 0.0107026 0.00228766 0.99994 0.00378972 0.0 0.0 0.0 1.0
redkitchen/seq-07/color/frame-000095.color.png redkitchen/seq-07/color/frame-000096.color.png 0.99992 -0.001519 -0.0125188 0.0176064 0.00152067 0.999999 0.000127666 -0.00759456 0.0125187 -0.000146686 0.999922 0.00113636 0.0 0.0 0.0 1.0
redkitchen/seq-07/color/frame-000096.color.png redkitchen/seq-07/color/frame-000097.color.png 0.999914 0.00198945 -0.0129506 0.0156567 -0.00200396 0.999997 -0.00111094 -0.001977 0.0129484 0.0011368 0.999915 0.00187004 0.0 0.0 0.0 1.0
redkitchen/seq-07/color/frame-000097.color.png redkitchen/seq-07/color/frame-000098.color.png 0.999934 0.00290084 -0.0111155 0.0129681 -0.0029077 0.999996 -0.000601893 -0.00105235 0.0111136 0.000634183 0.999938 0.0040186 0.0 0.0 0.0 1.0
redkitchen/seq-07/color/frame-000098.color.png redkitchen/seq-07/color/frame-000099.color.png 0.999958 0.00105679 -0.00909458 0.0112538 -0.00105852 0.999999 -0.00018258 -0.00309041 0.00909451 0.00019218 0.999959 0.00533736 0.0 0.0 0.0 1.0
redkitchen/seq-07/color/frame-000099.color.png redkitchen/seq-07/color/frame-000100.color.png 0.999963 0.000125246 -0.00860466 0.00957417 -0.00011223 0.999999 0.00151583 -0.00971377 0.00860481 -0.00151482 0.999962 0.00402862 0.0 0.0 0.0 1.0
redkitchen/seq-07/color/frame-000100.color.png redkitchen/seq-07/color/frame-000101.color.png 0.999957 -0.000127425 -0.00927744 0.00822675 0.00012653 1.0 -9.59754e-05 -0.00099957 0.00927752 9.47999e-05 0.999957 0.00119597 0.0 0.0 0.0 1.0
redkitchen/seq-07/color/frame-000101.color.png redkitchen/seq-07/color/frame-000102.color.png 1.0 -8.49623e-05 0.000286842 -0.000670493 8.50039e-05 1.0 -0.000187001 0.000417322 -0.000286905 0.000187056 1.0 -0.000278652 0.0 0.0 0.0 1.0
redkitchen/seq-07/color/frame-000102.color.png redkitchen/seq-07/color/frame-000103.color.png 0.999934 0.00457117 -0.0105023 0.0143167 -0.00458308 0.999989 -0.00111273 0.00131854 0.0104971 0.00116075 0.999944 0.00249273 0.0 0.0 0.0 1.0
redkitchen/seq-07/color/frame-000103.color.png redkitchen/seq-07/color/frame-000104.color.png 0.99997 0.00140369 -0.00765848 0.00599927 -0.00140848 0.999999 -0.000621944 -0.000772893 0.00765759 0.000632758 0.99997 0.00493836 0.0 0.0 0.0 1.0
redkitchen/seq-07/color/frame-000104.color.png redkitchen/seq-07/color/frame-000105.color.png 0.999961 0.000492397 -0.00883634 0.00951487 -0.000477126 0.999998 0.00173221 -0.00680271 0.00883723 -0.00172795 0.99996 0.0036391 0.0 0.0 0.0 1.0
redkitchen/seq-07/color/frame-000105.color.png redkitchen/seq-07/color/frame-000106.color.png 0.99996 0.00309403 -0.0084326 0.00880337 -0.00308144 0.999994 0.00149775 -0.00395092 0.00843712 -0.00147168 0.999963 0.00212026 0.0 0.0 0.0 1.0
redkitchen/seq-07/color/frame-000106.color.png redkitchen/seq-07/color/frame-000107.color.png 0.999946 0.00246505 -0.0100981 0.0106332 -0.00247908 0.999996 -0.00137727 0.00256786 0.0100947 0.00140224 0.999948 0.00678772 0.0 0.0 0.0 1.0
redkitchen/seq-07/color/frame-000107.color.png redkitchen/seq-07/color/frame-000108.color.png 0.999967 0.00244996 -0.00778196 0.009354 -0.00244912 0.999997 0.000111007 -0.00442791 0.00778218 -9.1962e-05 0.99997 0.00401813 0.0 0.0 0.0 1.0
redkitchen/seq-07/color/frame-000108.color.png redkitchen/seq-07/color/frame-000109.color.png 0.999991 0.00168525 -0.00393482 -0.00093174 -0.00167599 0.999996 0.00239159 -0.0076746 0.00393888 -0.00238499 0.999989 0.0033806 0.0 0.0 0.0 1.0
redkitchen/seq-07/color/frame-000109.color.png redkitchen/seq-07/color/frame-000110.color.png 0.99997 -0.00127022 -0.00758381 0.00573319 0.00127358 0.999999 0.000433762 -0.00089556 0.00758318 -0.000443378 0.999971 0.00384718 0.0 0.0 0.0 1.0
redkitchen/seq-07/color/frame-000110.color.png redkitchen/seq-07/color/frame-000111.color.png 0.999972 7.81968e-05 -0.00748495 0.00795585 -6.18932e-05 0.999998 0.00217359 -0.00508842 0.00748511 -0.00217309 0.999969 0.00436962 0.0 0.0 0.0 1.0
redkitchen/seq-07/color/frame-000111.color.png redkitchen/seq-07/color/frame-000112.color.png 0.999921 -0.00302346 -0.0121897 0.0220124 0.00307738 0.999986 0.00440557 -0.00915563 0.0121761 -0.00444272 0.999916 0.0100549 0.0 0.0 0.0 1.0
redkitchen/seq-07/color/frame-000112.color.png redkitchen/seq-07/color/frame-000113.color.png 0.999982 -0.00277831 -0.00532123 0.00315225 0.00279014 0.999994 0.00222731 -0.00670928 0.00531507 -0.00224216 0.999983 0.00527507 0.0 0.0 0.0 1.0
redkitchen/seq-07/color/frame-000113.color.png redkitchen/seq-07/color/frame-000114.color.png 0.999972 -0.000102572 -0.00749707 0.00628674 8.79416e-05 0.999998 -0.00195978 -0.0026361 0.00749724 0.0019591 0.99997 0.00783104 0.0 0.0 0.0 1.0
redkitchen/seq-07/color/frame-000114.color.png redkitchen/seq-07/color/frame-000115.color.png 0.999981 0.000657899 -0.00608598 0.00599086 -0.000656435 1.0 0.000248836 -0.00745484 0.00608611 -0.000244847 0.999981 0.00447178 0.0 0.0 0.0 1.0
redkitchen/seq-07/color/frame-000115.color.png redkitchen/seq-07/color/frame-000116.color.png 0.999991 0.00124221 -0.00404057 0.00241822 -0.00124248 0.999999 -8.7398e-05 -0.00406617 0.00404052 9.2446e-05 0.999992 0.0080905 0.0 0.0 0.0 1.0
redkitchen/seq-07/color/frame-000116.color.png redkitchen/seq-07/color/frame-000117.color.png 0.999969 -0.00437513 -0.00662813 0.00608611 0.00435913 0.999987 -0.00242264 0.0015597 0.00663871 0.0023937 0.999975 0.00840425 0.0 0.0 0.0 1.0
redkitchen/seq-07/color/frame-000117.color.png redkitchen/seq-07/color/frame-000118.color.png 0.999982 -0.000299276 -0.00599109 0.000231981 0.000304193 1.0 0.000827128 -0.0120488 0.00599089 -0.000828943 0.999982 0.00499141 0.0 0.0 0.0 1.0
redkitchen/seq-07/color/frame-000118.color.png redkitchen/seq-07/color/frame-000119.color.png 0.999944 -0.00264981 -0.0102525 0.0125619 0.00256 0.999958 -0.00876658 0.0187111 0.0102752 0.00873982 0.999909 0.00999451 0.0 0.0 0.0 1.0
redkitchen/seq-07/color/frame-000119.color.png redkitchen/seq-07/color/frame-000120.color.png 0.999949 -0.00379169 -0.00936594 0.0117161 0.00371428 0.999959 -0.00826803 0.0141943 0.00939688 0.0082328 0.999922 0.015577 0.0 0.0 0.0 1.0
redkitchen/seq-07/color/frame-000120.color.png redkitchen/seq-07/color/frame-000121.color.png 1.0 0.00019597 0.000555101 -0.00152695 -0.000196111 1.0 0.00036187 -0.0013566 -0.000555044 -0.000361946 1.0 -0.000617981 0.0 0.0 0.0 1.0
redkitchen/seq-07/color/frame-000121.color.png redkitchen/seq-07/color/frame-000122.color.png 0.999995 -0.00272632 0.00176023 -0.0171873 0.00272057 0.999991 0.00325354 -0.0231258 -0.00176907 -0.00324875 0.999993 -0.00201821 0.0 0.0 0.0 1.0
redkitchen/seq-07/color/frame-000122.color.png redkitchen/seq-07/color/frame-000123.color.png 0.99995 0.0016772 -0.00989877 0.0145385 -0.0015907 0.999961 0.00874183 -0.030219 0.00991307 -0.00872565 0.999913 0.00661707 0.0 0.0 0.0 1.0
redkitchen/seq-07/color/frame-000123.color.png redkitchen/seq-07/color/frame-000124.color.png 0.999968 0.00300924 -0.00735412 0.00469935 -0.00300819 0.999995 0.00015224 0.00283226 0.00735447 -0.00013011 0.999973 0.00645745 0.0 0.0 0.0 1.0
redkitchen/seq-07/color/frame-000124.color.png redkitchen/seq-07/color/frame-000125.color.png 0.999972 0.00701221 -0.00260575 -0.000548303 -0.00702611 0.999961 -0.0053859 0.00969094 0.00256801 0.00540406 0.999982 0.0104818 0.0 0.0 0.0 1.0
redkitchen/seq-07/color/frame-000125.color.png redkitchen/seq-07/color/frame-000126.color.png 0.999988 -0.000829953 0.00474485 -0.0145394 0.000890203 0.999919 -0.0127151 0.0311437 -0.004734 0.0127191 0.999908 0.00925398 0.0 0.0 0.0 1.0
redkitchen/seq-07/color/frame-000126.color.png redkitchen/seq-07/color/frame-000127.color.png 0.999998 0.000694945 -0.00192401 0.00111079 -0.00069608 1.0 -0.000552639 -0.00984627 0.00192368 0.000553995 0.999998 0.0170401 0.0 0.0 0.0 1.0
redkitchen/seq-07/color/frame-000127.color.png redkitchen/seq-07/color/frame-000128.color.png 0.99998 0.00344386 -0.00530256 0.00392777 -0.00339179 0.999946 0.00979293 -0.0371937 0.0053359 -0.00977472 0.999938 0.00869763 0.0 0.0 0.0 1.0
redkitchen/seq-07/color/frame-000128.color.png redkitchen/seq-07/color/frame-000129.color.png 0.999955 0.00302699 -0.00895806 0.00818646 -0.00302472 0.999995 0.000270303 -0.00280908 0.00895886 -0.000243189 0.99996 0.0084039 0.0 0.0 0.0 1.0
redkitchen/seq-07/color/frame-000129.color.png redkitchen/seq-07/color/frame-000130.color.png 0.999938 0.00342077 -0.0106223 0.00924128 -0.00344811 0.999991 -0.00256555 0.00097996 0.0106135 0.00260202 0.99994 0.0125965 0.0 0.0 0.0 1.0
redkitchen/seq-07/color/frame-000130.color.png redkitchen/seq-07/color/frame-000131.color.png 1.0 0.000191898 0.000387756 -0.000878453 -0.000192133 1.0 0.000399858 -0.00133532 -0.000387699 -0.000399956 1.0 -0.000560999 0.0 0.0 0.0 1.0
redkitchen/seq-07/color/frame-000131.color.png redkitchen/seq-07/color/frame-000132.color.png 0.999987 0.00425839 -0.00271921 -0.00312287 -0.00427687 0.999968 -0.00683733 0.0100059 0.0026898 0.00684888 0.999973 0.00869536 0.0 0.0 0.0 1.0
redkitchen/seq-07/color/frame-000132.color.png redkitchen/seq-07/color/frame-000133.color.png 0.999951 0.00423909 -0.00894686 0.0145959 -0.0042089 0.999986 0.00338572 -0.023799 0.00896121 -0.00334786 0.999954 0.0118845 0.0 0.0 0.0 1.0
redkitchen/seq-07/color/frame-000133.color.png redkitchen/seq-07/color/frame-000134.color.png 0.999995 -0.000385859 -0.00304117 -0.00729793 0.000405581 0.999979 0.00650608 -0.0250483 0.00303863 -0.00650728 0.999974 0.00285971 0.0 0.0 0.0 1.0
redkitchen/seq-07/color/frame-000134.color.png redkitchen/seq-07/color/frame-000135.color.png 0.999957 -0.00268675 -0.00889585 -0.00104576 0.00276111 0.999961 0.00835739 -0.0205125 0.00887307 -0.0083816 0.999925 -0.00427091 0.0 0.0 0.0 1.0
redkitchen/seq-07/color/frame-000135.color.png redkitchen/seq-07/color/frame-000136.color.png 0.999577 0.00492358 -0.0286682 0.0440877 -0.0047329 0.999966 0.00671303 -0.0137118 0.0287002 -0.00657448 0.999566 0.00907171 0.0 0.0 0.0 1.0
redkitchen/seq-07/color/frame-000136.color.png redkitchen/seq-07/color/frame-000137.color.png 0.999833 0.0037014 -0.0178851 0.0149723 -0.00363767 0.999987 0.00359569 -0.00299549 0.0178982 -0.00353003 0.999834 -4.31538e-05 0.0 0.0 0.0 1.0
redkitchen/seq-07/color/frame-000137.color.png redkitchen/seq-07/color/frame-000138.color.png 0.999938 -0.000189838 -0.0111519 0.000164926 0.000156876 0.999996 -0.00295534 0.00807458 0.0111525 0.00295337 0.999933 0.00891471 0.0 0.0 0.0 1.0
redkitchen/seq-07/color/frame-000138.color.png redkitchen/seq-07/color/frame-000139.color.png 0.999982 -0.00026627 -0.00597786 -0.00183544 0.00024335 0.999993 -0.00383602 0.00619632 0.00597887 0.00383452 0.999975 0.00275922 0.0 0.0 0.0 1.0
redkitchen/seq-07/color/frame-000139.color.png redkitchen/seq-07/color/frame-000140.color.png 0.999914 0.00266985 -0.012869 0.0134575 -0.00266543 0.999996 0.000360217 -0.00383615 0.0128699 -0.000325919 0.999917 0.00967574 0.0 0.0 0.0 1.0
redkitchen/seq-07/color/frame-000140.color.png redkitchen/seq-07/color/frame-000141.color.png 0.999749 0.00542033 -0.0217257 0.0281347 -0.00529922 0.99997 0.00562536 -0.0180846 0.0217555 -0.00550884 0.999748 0.010702 0.0 0.0 0.0 1.0
redkitchen/seq-07/color/frame-000141.color.png redkitchen/seq-07/color/frame-000142.color.png 0.999892 0.00496131 -0.0138265 0.0113949 -0.00490955 0.999981 0.00377845 -0.0115655 0.0138448 -0.00371016 0.999897 -0.0062778 0.0 0.0 0.0 1.0
redkitchen/seq-07/color/frame-000142.color.png redkitchen/seq-07/color/frame-000143.color.png 0.999918 0.00620242 -0.0112211 0.008724 -0.0062287 0.999978 -0.00230849 0.00599509 0.0112067 0.00237821 0.999934 0.00015378 0.0 0.0 0.0 1.0
redkitchen/seq-07/color/frame-000143.color.png redkitchen/seq-07/color/frame-000144.color.png 0.999981 0.00317689 -0.00530342 -0.00596449 -0.00316254 0.999991 0.00271186 -0.00653642 0.00531194 -0.00269509 0.999982 -0.00355482 0.0 0.0 0.0 1.0
redkitchen/seq-07/color/frame-000144.color.png redkitchen/seq-07/color/frame-000145.color.png 0.999916 0.00401703 -0.0123017 0.0124516 -0.004023 0.999992 -0.000460959 -0.000386059 0.0122997 0.000510432 0.999924 0.00697041 0.0 0.0 0.0 1.0
redkitchen/seq-07/color/frame-000145.color.png redkitchen/seq-07/color/frame-000146.color.png 0.999849 0.0080935 -0.0153433 0.0170413 -0.00807219 0.999966 0.00144827 -0.00941944 0.0153544 -0.00132411 0.999881 0.0102071 0.0 0.0 0.0 1.0
redkitchen/seq-07/color/frame-000146.color.png redkitchen/seq-07/color/frame-000147.color.png 0.99972 0.00934985 -0.0217394 0.0345011 -0.00930654 0.999955 0.00209408 -0.010076 0.0217579 -0.0018912 0.999761 0.0129694 0.0 0.0 0.0 1.0
redkitchen/seq-07/color/frame-000147.color.png redkitchen/seq-07/color/frame-000148.color.png 0.999905 0.00496239 -0.0128356 0.0129787 -0.00494319 0.999987 0.00152497 -0.0025264 0.0128432 -0.00146146 0.999917 0.00351596 0.0 0.0 0.0 1.0
redkitchen/seq-07/color/frame-000148.color.png redkitchen/seq-07/color/frame-000149.color.png 0.99988 0.00843658 -0.0130045 0.0180137 -0.00844441 0.999964 -0.000547748 0.00509477 0.0129993 0.000657568 0.999915 0.00545073 0.0 0.0 0.0 1.0
redkitchen/seq-07/color/frame-000149.color.png redkitchen/seq-07/color/frame-000150.color.png 0.999889 0.00939118 -0.0115891 0.0125615 -0.00941736 0.999953 -0.00220188 0.00729167 0.011568 0.0023108 0.99993 0.00961244 0.0 0.0 0.0 1.0
redkitchen/seq-07/color/frame-000150.color.png redkitchen/seq-07/color/frame-000151.color.png 0.99996 0.00310914 -0.00842874 0.00830647 -0.00312784 0.999993 -0.00221525 0.00647789 0.00842162 0.00224151 0.999962 0.00815785 0.0 0.0 0.0 1.0
redkitchen/seq-07/color/frame-000151.color.png redkitchen/seq-07/color/frame-000152.color.png 0.999943 0.00730174 -0.00782715 0.0104291 -0.00724573 0.999948 0.00716032 -0.01791 0.00787901 -0.00710319 0.999944 0.00393343 0.0 0.0 0.0 1.0
redkitchen/seq-07/color/frame-000152.color.png redkitchen/seq-07/color/frame-000153.color.png 0.999899 0.00912741 -0.010888 0.0154362 -0.00905141 0.999934 0.0070151 -0.0122585 0.0109515 -0.00691584 0.999916 0.00186968 0.0 0.0 0.0 1.0
redkitchen/seq-07/color/frame-000153.color.png redkitchen/seq-07/color/frame-000154.color.png 0.999768 0.00852385 -0.0197641 0.0265693 -0.00837612 0.999936 0.00754604 -0.0159649 0.0198271 -0.00737878 0.999776 0.00898778 0.0 0.0 0.0 1.0
redkitchen/seq-07/color/frame-000154.color.png redkitchen/seq-07/color/frame-000155.color.png 0.999864 0.0064508 -0.0152008 0.0274265 -0.00641944 0.999977 0.00211137 0.0019272 0.015214 -0.00201356 0.999882 -0.00507951 0.0 0.0 0.0 1.0
redkitchen/seq-07/color/frame-000155.color.png redkitchen/seq-07/color/frame-000156.color.png 0.999937 0.00499717 -0.0100677 0.00456688 -0.00501699 0.999986 -0.00194336 0.00975895 0.0100579 0.00199382 0.999947 0.00292742 0.0 0.0 0.0 1.0
redkitchen/seq-07/color/frame-000156.color.png redkitchen/seq-07/color/frame-000157.color.png 0.999955 0.00328767 -0.00887651 0.0104047 -0.0032872 0.999995 6.24565e-05 0.000353098 0.00887653 -3.32509e-05 0.999961 0.009287 0.0 0.0 0.0 1.0
redkitchen/seq-07/color/frame-000157.color.png redkitchen/seq-07/color/frame-000158.color.png 0.999989 0.00278056 -0.00379074 0.00455752 -0.00277923 0.999996 0.000367928 -0.00182164 0.00379182 -0.000357526 0.999993 0.00318491 0.0 0.0 0.0 1.0
redkitchen/seq-07/color/frame-000158.color.png redkitchen/seq-07/color/frame-000159.color.png 0.999922 0.00522294 -0.0113394 0.00630304 -0.00509173 0.99992 0.0115634 -0.0302072 0.0113989 -0.0115047 0.999869 0.0110576 0.0 0.0 0.0 1.0
redkitchen/seq-07/color/frame-000159.color.png redkitchen/seq-07/color/frame-000160.color.png 0.999909 0.00226356 -0.0133324 0.0177548 -0.0021081 0.99993 0.0116671 -0.0206497 0.0133579 -0.011638 0.999843 -0.0144575 0.0 0.0 0.0 1.0
redkitchen/seq-07/color/frame-000160.color.png redkitchen/seq-07/color/frame-000161.color.png 0.999681 0.00325857 -0.0250354 0.0375174 -0.00311449 0.999978 0.00579032 -0.00787538 0.0250536 -0.00571044 0.99967 0.0106938 0.0 0.0 0.0 1.0
redkitchen/seq-07/color/frame-000161.color.png redkitchen/seq-07/color/frame-000162.color.png 0.999881 -0.00260319 -0.0151894 0.0218919 0.00256929 0.999994 -0.00224883 0.0113703 0.0151953 0.00220949 0.999882 0.000157118 0.0 0.0 0.0 1.0
redkitchen/seq-07/color/frame-000162.color.png redkitchen/seq-07/color/frame-000163.color.png 0.999964 4.7273e-05 -0.00849822 0.0136591 -8.1492e-05 0.999992 -0.00402687 0.0102712 0.008498 0.00402742 0.999956 0.00675976 0.0 0.0 0.0 1.0
redkitchen/seq-07/color/frame-000163.color.png redkitchen/seq-07/color/frame-000164.color.png 0.999989 -0.00181385 -0.00436714 0.00235367 0.00182922 0.999992 0.00350718 -0.00880897 0.00436081 -0.00351512 0.999984 0.000917315 0.0 0.0 0.0 1.0
redkitchen/seq-07/color/frame-000164.color.png redkitchen/seq-07/color/frame-000165.color.png 0.999939 -0.0029543 -0.0106628 0.0112192 0.00302244 0.999975 0.00638329 -0.0130203 0.0106435 -0.00641512 0.999923 0.00771201 0.0 0.0 0.0 1.0
redkitchen/seq-07/color/frame-000165.color.png redkitchen/seq-07/color/frame-000166.color.png 0.999928 -0.000878357 -0.0119254 0.0133868 0.00106809 0.999873 0.0159158 -0.0357412 0.0119099 -0.0159274 0.999802 -0.00339293 0.0 0.0 0.0 1.0
redkitchen/seq-07/color/frame-000166.color.png redkitchen/seq-07/color/frame-000167.color.png 0.999935 -0.00161079 -0.0112578 0.00578442 0.00177567 0.999891 0.0146432 -0.0294091 0.011233 -0.0146622 0.999829 -0.00084877 0.0 0.0 0.0 1.0
redkitchen/seq-07/color/frame-000167.color.png redkitchen/seq-07/color/frame-000168.color.png 0.999904 -0.0099158 -0.0097014 0.00753802 0.00983798 0.999919 -0.0080307 0.0205622 0.00978024 0.00793447 0.999921 0.00416005 0.0 0.0 0.0 1.0
