redkitchen/seq-07/color/frame-000000.color.png redkitchen/seq-07/color/frame-000002.color.png 1.0 -0.000506557 0.000237093 0.00359628 0.000506126 0.999998 0.00181554 -0.00100294 -0.000238012 -0.00181542 0.999998 0.00285596 0.0 0.0 0.0 1.0
redkitchen/seq-07/color/frame-000001.color.png redkitchen/seq-07/color/frame-000003.color.png 0.999994 -0.000283218 0.0034008 0.00506741 0.000277083 0.999998 0.0018043 -0.000107906 -0.00340131 -0.00180335 0.999993 0.00315497 0.0 0.0 0.0 1.0
redkitchen/seq-07/color/frame-000002.color.png redkitchen/seq-07/color/frame-000004.color.png 0.999954 -0.00308108 0.00911198 0.00313139 0.00304341 0.999987 0.00414484 -0.00102346 -0.00912463 -0.00411691 0.99995 0.00559516 0.0 0.0 0.0 1.0
redkitchen/seq-07/color/frame-000003.color.png redkitchen/seq-07/color/frame-000005.color.png 0.999952 -0.0070628 0.00678701 0.00252273 0.00703687 0.999968 0.00383693 -0.000675534 -0.00681389 -0.00378899 0.99997 0.00668556 0.0 0.0 0.0 1.0
redkitchen/seq-07/color/frame-000004.color.png redkitchen/seq-07/color/frame-000006.color.png 0.999966 -0.00826449 -0.000342454 0.00493752 0.00826495 0.999965 0.00136531 0.00218126 0.00033116 -0.00136809 0.999999 0.00587606 0.0 0.0 0.0 1.0
redkitchen/seq-07/color/frame-000005.color.png redkitchen/seq-07/color/frame-000007.color.png 0.999986 -0.00502499 -0.00179908 0.00960252 0.0050299 0.999984 0.00273664 0.00165175 0.0017853 -0.00274565 0.999995 0.00568779 0.0 0.0 0.0 1.0
redkitchen/seq-07/color/frame-000006.color.png redkitchen/seq-07/color/frame-000008.color.png 0.999995 -0.00274145 0.00154645 0.010103 0.0027345 0.999986 0.0044828 -0.00132045 -0.00155872 -0.00447855 0.999989 0.00433924 0.0 0.0 0.0 1.0
redkitchen/seq-07/color/frame-000007.color.png redkitchen/seq-07/color/frame-000009.color.png 0.999983 -0.00416526 0.00406972 0.00897868 0.00414735 0.999982 0.00439966 -0.000796792 -0.00408797 -0.00438271 0.999982 0.00484776 0.0 0.0 0.0 1.0
redkitchen/seq-07/color/frame-000008.color.png redkitchen/seq-07/color/frame-000010.color.png 0.999989 -0.00331125 0.00314708 0.00828385 0.00329878 0.999987 0.00395858 -0.00131509 -0.00316015 -0.00394816 0.999987 0.00712787 0.0 0.0 0.0 1.0
redkitchen/seq-07/color/frame-000009.color.png redkitchen/seq-07/color/frame-000011.color.png 0.999997 5.97286e-05 0.0025674 0.00707439 -6.38254e-05 0.999999 0.00159599 0.000110353 -0.0025673 -0.00159615 0.999995 0.00935025 0.0 0.0 0.0 1.0
redkitchen/seq-07/color/frame-000010.color.png redkitchen/seq-07/color/frame-000012.color.png 1.0 0.000733223 0.000244203 0.0112025 -0.000733403 0.999999 0.000739465 0.00137518 -0.000243663 -0.000739648 1.0 0.0109198 0.0 0.0 0.0 1.0
redkitchen/seq-07/color/frame-000011.color.png redkitchen/seq-07/color/frame-000013.color.png 0.999998 0.00176786 -0.00119381 0.0139466 -0.00176614 0.999997 0.00143433 -3.67827e-05 0.00119634 -0.00143222 0.999998 0.00654937 0.0 0.0 0.0 1.0
redkitchen/seq-07/color/frame-000012.color.png redkitchen/seq-07/color/frame-000014.color.png 0.999977 0.00671378 -9.17755e-05 0.0143877 -0.00671352 0.999974 0.00258159 -0.00208635 0.000109107 -0.00258092 0.999997 0.00829113 0.0 0.0 0.0 1.0
redkitchen/seq-07/color/frame-000013.color.png redkitchen/seq-07/color/frame-000015.color.png 0.999989 0.00417124 0.00201792 0.013849 -0.00417671 0.999988 0.00271036 -0.00526174 -0.00200659 -0.00271876 0.999994 0.0113144 0.0 0.0 0.0 1.0
redkitchen/seq-07/color/frame-000014.color.png redkitchen/seq-07/color/frame-000016.color.png 0.999997 -0.000938602 0.00213088 0.0136186 0.000943429 0.999997 -0.00226662 -0.00253975 -0.00212874 0.00226863 0.999995 0.0103033 0.0 0.0 0.0 1.0
redkitchen/seq-07/color/frame-000015.color.png redkitchen/seq-07/color/frame-000017.color.png 0.999997 -0.00218185 -0.0012635 0.0165126 0.0021751 0.999983 -0.00532375 -0.00148206 0.00127509 0.00532099 0.999985 0.0121264 0.0 0.0 0.0 1.0
redkitchen/seq-07/color/frame-000016.color.png redkitchen/seq-07/color/frame-000018.color.png 0.999993 0.00165307 -0.00328231 0.0178783 -0.001679 0.999967 -0.00791543 0.000939419 0.00326911 0.00792089 0.999963 0.0117673 0.0 0.0 0.0 1.0
redkitchen/seq-07/color/frame-000017.color.png redkitchen/seq-07/color/frame-000019.color.png 0.999983 0.00428316 -0.00388399 0.0212518 -0.00430236 0.999979 -0.00494935 0.00310598 0.00386271 0.00496598 0.99998 0.00349909 0.0 0.0 0.0 1.0
redkitchen/seq-07/color/frame-000018.color.png redkitchen/seq-07/color/frame-000020.color.png 0.999977 0.00605658 -0.00306662 0.0237333 -0.00604616 0.999976 0.00339801 -0.00286285 0.00308712 -0.00337939 0.99999 0.00233422 0.0 0.0 0.0 1.0
redkitchen/seq-07/color/frame-000019.color.png redkitchen/seq-07/color/frame-000021.color.png 0.999963 0.00864067 0.000513087 0.0197832 -0.00864331 0.999948 0.00538706 -0.00758736 -0.000466511 -0.00539129 0.999985 0.00815454 0.0 0.0 0.0 1.0
redkitchen/seq-07/color/frame-000020.color.png redkitchen/seq-07/color/frame-000022.color.png 0.999985 0.0053198 0.00120565 0.0181419 -0.00532126 0.999985 0.00121053 -0.00468705 -0.00119919 -0.00121692 0.999999 0.0116574 0.0 0.0 0.0 1.0
redkitchen/seq-07/color/frame-000021.color.png redkitchen/seq-07/color/frame-000023.color.png 0.999985 0.00541849 -0.00109652 0.0190611 -0.00542114 0.999982 -0.00243242 -0.00292219 0.00108332 0.00243833 0.999996 0.0116737 0.0 0.0 0.0 1.0
redkitchen/seq-07/color/frame-000022.color.png redkitchen/seq-07/color/frame-000024.color.png 0.999974 0.00615334 -0.00365888 0.0227398 -0.00616612 0.999975 -0.00349368 -0.00297798 0.00363729 0.00351615 0.999987 0.00775572 0.0 0.0 0.0 1.0
redkitchen/seq-07/color/frame-000023.color.png redkitchen/seq-07/color/frame-000025.color.png 0.999991 0.00313292 -0.00296887 0.024481 -0.00313962 0.999992 -0.0022543 -0.00388798 0.00296179 0.0022636 0.999993 0.00589525 0.0 0.0 0.0 1.0
redkitchen/seq-07/color/frame-000024.color.png redkitchen/seq-07/color/frame-000026.color.png 0.999995 0.00205717 -0.00230443 0.0237135 -0.00205769 0.999998 -0.000223517 -0.00663426 0.00230397 0.000228257 0.999997 0.00641332 0.0 0.0 0.0 1.0
redkitchen/seq-07/color/frame-000025.color.png redkitchen/seq-07/color/frame-000027.color.png 0.99999 0.0028675 -0.00350236 0.022045 -0.00287872 0.999991 -0.00320374 -0.000562824 0.00349314 0.00321379 0.999989 0.0081 0.0 0.0 0.0 1.0
redkitchen/seq-07/color/frame-000026.color.png redkitchen/seq-07/color/frame-000028.color.png 0.999967 0.00579579 -0.00570372 0.0255023 -0.00580746 0.999981 -0.00203151 -0.000217881 0.00569184 0.00206457 0.999982 0.0118708 0.0 0.0 0.0 1.0
redkitchen/seq-07/color/frame-000027.color.png redkitchen/seq-07/color/frame-000029.color.png 0.999939 0.0108266 -0.00221084 0.0247121 -0.0108254 0.999941 0.000541966 -0.00239479 0.00221658 -0.000517999 0.999997 0.0113709 0.0 0.0 0.0 1.0
redkitchen/seq-07/color/frame-000028.color.png redkitchen/seq-07/color/frame-000030.color.png 0.999954 0.00959361 0.000782944 0.0215632 -0.00959362 0.999954 8.17129e-06 -0.00113508 -0.00078283 -1.56818e-05 1.0 0.00855549 0.0 0.0 0.0 1.0
redkitchen/seq-07/color/frame-000029.color.png redkitchen/seq-07/color/frame-000031.color.png 0.999946 0.0076738 -0.00696497 0.0352852 -0.00766731 0.99997 0.000957111 -0.00916375 0.00697211 -0.000903656 0.999975 0.0159806 0.0 0.0 0.0 1.0
redkitchen/seq-07/color/frame-000030.color.png redkitchen/seq-07/color/frame-000032.color.png 0.999925 0.0053783 -0.0110233 0.0306297 -0.00540332 0.999983 -0.00224192 -0.00727132 0.011011 0.00230131 0.999937 0.0128155 0.0 0.0 0.0 1.0
redkitchen/seq-07/color/frame-000031.color.png redkitchen/seq-07/color/frame-000033.color.png 0.999938 0.00570606 -0.00949888 0.0215039 -0.00572399 0.999982 -0.00186148 0.0009389 0.00948809 0.00191573 0.999953 0.00498773 0.0 0.0 0.0 1.0
redkitchen/seq-07/color/frame-000032.color.png redkitchen/seq-07/color/frame-000034.color.png 0.99991 0.0114808 -0.00698262 0.0242721 -0.0114523 0.999926 0.00410617 0.000498548 0.00702924 -0.00402583 0.999967 0.00532432 0.0 0.0 0.0 1.0
redkitchen/seq-07/color/frame-000033.color.png redkitchen/seq-07/color/frame-000035.color.png 0.999941 0.00988979 -0.00457503 0.0214455 -0.00985968 0.99993 0.00656027 -0.00233774 0.00463959 -0.00651477 0.999968 0.0131058 0.0 0.0 0.0 1.0
redkitchen/seq-07/color/frame-000034.color.png redkitchen/seq-07/color/frame-000036.color.png 0.999977 0.00566905 -0.0036854 0.0103811 -0.00565492 0.999977 0.00383099 -0.00291476 0.00370703 -0.00381006 0.999986 0.0135535 0.0 0.0 0.0 1.0
redkitchen/seq-07/color/frame-000035.color.png redkitchen/seq-07/color/frame-000037.color.png 0.999954 0.00275934 -0.00918887 0.0126671 -0.00275797 0.999996 0.000163102 -0.00437673 0.00918929 -0.000137754 0.999958 0.0141698 0.0 0.0 0.0 1.0
redkitchen/seq-07/color/frame-000036.color.png redkitchen/seq-07/color/frame-000038.color.png 0.999904 -0.00480897 -0.013033 0.0215688 0.00479913 0.999988 -0.000786196 -0.0128434 0.0130366 0.000723571 0.999915 0.00986783 0.0 0.0 0.0 1.0
redkitchen/seq-07/color/frame-000037.color.png redkitchen/seq-07/color/frame-000039.color.png 0.999908 -0.004517 -0.0127626 0.0216573 0.00448046 0.999986 -0.00288994 -0.00229697 0.0127754 0.0028325 0.999914 0.00545557 0.0 0.0 0.0 1.0
redkitchen/seq-07/color/frame-000038.color.png redkitchen/seq-07/color/frame-000040.color.png 0.999941 0.0038182 -0.0101494 0.0176247 -0.00378937 0.999989 0.00285766 0.00136159 0.0101602 -0.00281903 0.999944 0.00508147 0.0 0.0 0.0 1.0
redkitchen/seq-07/color/frame-000039.color.png redkitchen/seq-07/color/frame-000041.color.png 0.99995 0.00707819 -0.00701363 0.0214308 -0.00703269 0.999954 0.00648853 -0.00643047 0.00705922 -0.00643888 0.999954 0.0125805 0.0 0.0 0.0 1.0
redkitchen/seq-07/color/frame-000040.color.png redkitchen/seq-07/color/frame-000042.color.png 0.999986 0.00431078 -0.00291055 0.0198242 -0.00429897 0.999983 0.00404564 -0.0075056 0.00292792 -0.00403308 0.999987 0.0174567 0.0 0.0 0.0 1.0
redkitchen/seq-07/color/frame-000041.color.png redkitchen/seq-07/color/frame-000043.color.png 0.999997 -0.000902487 -0.00237922 0.0121706 0.00090367 1.0 0.000495727 -0.00433131 0.00237878 -0.000497878 0.999997 0.0183388 0.0 0.0 0.0 1.0
redkitchen/seq-07/color/frame-000042.color.png redkitchen/seq-07/color/frame-000044.color.png 0.999963 -0.000713537 -0.00858634 0.0165201 0.000693858 0.999997 -0.00229457 -0.00346872 0.00858796 0.00228853 0.999961 0.0172156 0.0 0.0 0.0 1.0
redkitchen/seq-07/color/frame-000043.color.png redkitchen/seq-07/color/frame-000045.color.png 0.999939 0.00145711 -0.010995 0.0171382 -0.00148121 0.999996 -0.00218334 -0.0047682 0.0109918 0.00219949 0.999937 0.0148007 0.0 0.0 0.0 1.0
redkitchen/seq-07/color/frame-000044.color.png redkitchen/seq-07/color/frame-000046.color.png 0.99994 0.00343075 -0.0104024 0.0145506 -0.00344234 0.999993 -0.00109626 -0.00139093 0.0103985 0.001132 0.999945 0.0159155 0.0 0.0 0.0 1.0
redkitchen/seq-07/color/frame-000045.color.png redkitchen/seq-07/color/frame-000047.color.png 0.999936 0.00293718 -0.0109146 0.013814 -0.00291515 0.999994 0.00203335 -0.00605145 0.0109205 -0.0020014 0.999938 0.0179985 0.0 0.0 0.0 1.0
redkitchen/seq-07/color/frame-000046.color.png redkitchen/seq-07/color/frame-000048.color.png 0.99992 0.00275409 -0.0123271 0.0131067 -0.0027362 0.999995 0.00146756 -0.00789753 0.0123311 -0.00143371 0.999923 0.0176638 0.0 0.0 0.0 1.0
redkitchen/seq-07/color/frame-000047.color.png redkitchen/seq-07/color/frame-000049.color.png 0.999856 0.0083041 -0.0147649 0.0147327 -0.00830811 0.999966 -0.000209418 -0.00370555 0.0147627 0.000332057 0.999891 0.019333 0.0 0.0 0.0 1.0
redkitchen/seq-07/color/frame-000048.color.png redkitchen/seq-07/color/frame-000050.color.png 0.99978 0.0144405 -0.0152207 0.0193333 -0.0144419 0.999896 1.67099e-05 -0.00522676 0.0152193 0.000203111 0.999884 0.020977 0.0 0.0 0.0 1.0
redkitchen/seq-07/color/frame-000049.color.png redkitchen/seq-07/color/frame-000051.color.png 0.999825 0.0171317 -0.00757743 0.0147614 -0.01713 0.999853 0.000293139 -0.00735719 0.00758136 -0.000163286 0.999971 0.0214252 0.0 0.0 0.0 1.0
redkitchen/seq-07/color/frame-000050.color.png redkitchen/seq-07/color/frame-000052.color.png 0.999916 0.0122747 -0.00405033 0.0126642 -0.0122741 0.999925 0.000179461 -0.00225405 0.00405223 -0.000129732 0.999992 0.0204191 0.0 0.0 0.0 1.0
redkitchen/seq-07/color/frame-000051.color.png redkitchen/seq-07/color/frame-000053.color.png 0.999936 0.010208 -0.00481046 0.0104377 -0.010197 0.999945 0.00231712 -0.00490236 0.00483384 -0.00226792 0.999986 0.0267093 0.0 0.0 0.0 1.0
redkitchen/seq-07/color/frame-000052.color.png redkitchen/seq-07/color/frame-000054.color.png 0.99992 0.0113079 -0.0056607 0.00883463 -0.0113052 0.999936 0.000510865 -0.00809722 0.00566611 -0.000446832 0.999984 0.0268937 0.0 0.0 0.0 1.0
redkitchen/seq-07/color/frame-000053.color.png redkitchen/seq-07/color/frame-000055.color.png 0.999883 0.0139102 -0.00637238 0.0109469 -0.0139371 0.999894 -0.00418795 -0.00433576 0.00631347 0.00427627 0.999971 0.0229903 0.0 0.0 0.0 1.0
redkitchen/seq-07/color/frame-000054.color.png redkitchen/seq-07/color/frame-000056.color.png 0.999859 0.0143223 -0.00879053 0.0240336 -0.014342 0.999895 -0.00218002 -0.0119893 0.0087584 0.00230579 0.999959 0.0233483 0.0 0.0 0.0 1.0
redkitchen/seq-07/color/frame-000055.color.png redkitchen/seq-07/color/frame-000057.color.png 0.999941 0.0108418 -0.000705669 0.0147699 -0.0108458 0.999924 -0.00591805 -0.00635236 0.000641411 0.00592536 0.999982 0.0223252 0.0 0.0 0.0 1.0
redkitchen/seq-07/color/frame-000056.color.png redkitchen/seq-07/color/frame-000058.color.png 0.999989 -0.000481253 0.00467441 0.00347647 0.000516358 0.999972 -0.00750919 -0.00336277 -0.00467066 0.00751151 0.999961 0.0246281 0.0 0.0 0.0 1.0
redkitchen/seq-07/color/frame-000057.color.png redkitchen/seq-07/color/frame-000059.color.png 0.999968 -0.00758012 -0.00247579 0.00692394 0.00758098 0.999971 0.000328345 -0.0177218 0.00247327 -0.000347105 0.999997 0.0250896 0.0 0.0 0.0 1.0
redkitchen/seq-07/color/frame-000058.color.png redkitchen/seq-07/color/frame-000060.color.png 0.999906 0.00383773 -0.0131669 0.0157177 -0.00380928 0.99999 0.00218609 -0.01683 0.0131752 -0.00213573 0.999911 0.0235619 0.0 0.0 0.0 1.0
redkitchen/seq-07/color/frame-000059.color.png redkitchen/seq-07/color/frame-000061.color.png 0.999789 0.0143975 -0.0146501 0.0185741 -0.0144405 0.999892 -0.0028367 -0.00558724 0.0146077 0.00304766 0.999889 0.0212842 0.0 0.0 0.0 1.0
redkitchen/seq-07/color/frame-000060.color.png redkitchen/seq-07/color/frame-000062.color.png 0.999865 0.0139231 -0.00868647 0.0175567 -0.013954 0.999897 -0.00350307 -0.00628676 0.00863679 0.0036238 0.999956 0.0212632 0.0 0.0 0.0 1.0
redkitchen/seq-07/color/frame-000061.color.png redkitchen/seq-07/color/frame-000063.color.png 0.999896 0.0134507 -0.00513304 0.0171303 -0.0134609 0.999907 -0.00196287 -0.00649388 0.00510612 0.00203176 0.999985 0.0247668 0.0 0.0 0.0 1.0
redkitchen/seq-07/color/frame-000062.color.png redkitchen/seq-07/color/frame-000064.color.png 0.999897 0.0137889 -0.00397301 0.0123561 -0.0137994 0.999901 -0.00262901 -0.00579132 0.0039364 0.00268357 0.999989 0.025612 0.0 0.0 0.0 1.0
redkitchen/seq-07/color/frame-000063.color.png redkitchen/seq-07/color/frame-000065.color.png 0.999969 0.00366566 -0.00696999 0.010684 -0.00367542 0.999992 -0.00138788 -0.0165639 0.0069649 0.00141345 0.999975 0.0242671 0.0 0.0 0.0 1.0
redkitchen/seq-07/color/frame-000064.color.png redkitchen/seq-07/color/frame-000066.color.png 0.999923 -0.00375263 -0.0118034 0.0066604 0.00372188 0.99999 -0.00262416 -0.0161729 0.0118131 0.00258003 0.999927 0.0203017 0.0 0.0 0.0 1.0
redkitchen/seq-07/color/frame-000065.color.png redkitchen/seq-07/color/frame-000067.color.png 0.999804 -0.00222152 -0.0196874 0.0150708 0.00212672 0.999986 -0.00483677 -0.0116144 0.0196979 0.00479395 0.999794 0.0177782 0.0 0.0 0.0 1.0
redkitchen/seq-07/color/frame-000066.color.png redkitchen/seq-07/color/frame-000068.color.png 0.999791 0.00328303 -0.020189 0.0177128 -0.00344506 0.999962 -0.00799462 -0.00349377 0.020162 0.0080625 0.999764 0.0141222 0.0 0.0 0.0 1.0
redkitchen/seq-07/color/frame-000067.color.png redkitchen/seq-07/color/frame-000069.color.png 0.999822 0.00734603 -0.0173692 0.0192699 -0.00739962 0.999968 -0.00302401 -0.00401147 0.0173464 0.003152 0.999845 0.0151663 0.0 0.0 0.0 1.0
redkitchen/seq-07/color/frame-000068.color.png redkitchen/seq-07/color/frame-000070.color.png 0.999829 0.00994474 -0.0155548 0.0201834 -0.00988801 0.999944 0.00372057 -0.0108148 0.0155909 -0.00356613 0.999872 0.0156305 0.0 0.0 0.0 1.0
redkitchen/seq-07/color/frame-000069.color.png redkitchen/seq-07/color/frame-000071.color.png 0.999857 0.0103303 -0.0133628 0.0150584 -0.0102751 0.999938 0.00419391 -0.0133575 0.0134053 -0.00405601 0.999902 0.0201157 0.0 0.0 0.0 1.0
redkitchen/seq-07/color/frame-000070.color.png redkitchen/seq-07/color/frame-000072.color.png 0.999818 0.00727276 -0.0176277 0.0174537 -0.00718516 0.999962 0.00502717 -0.020609 0.0176636 -0.00489959 0.999832 0.0215968 0.0 0.0 0.0 1.0
redkitchen/seq-07/color/frame-000071.color.png redkitchen/seq-07/color/frame-000073.color.png 0.999686 0.00391731 -0.0247471 0.0191879 -0.00392664 0.999992 -0.000326374 -0.0126007 0.0247456 0.000423441 0.999694 0.0226156 0.0 0.0 0.0 1.0
redkitchen/seq-07/color/frame-000072.color.png redkitchen/seq-07/color/frame-000074.color.png 0.999653 0.00633469 -0.0255818 0.0202576 -0.00647295 0.999965 -0.00532481 -0.0040403 0.0255471 0.00548854 0.999658 0.0169854 0.0 0.0 0.0 1.0
redkitchen/seq-07/color/frame-000073.color.png redkitchen/seq-07/color/frame-000075.color.png 0.999704 0.0101591 -0.0221162 0.0211481 -0.0103308 0.999917 -0.00766433 0.000321761 0.0220365 0.00789054 0.999726 0.0169178 0.0 0.0 0.0 1.0
redkitchen/seq-07/color/frame-000074.color.png redkitchen/seq-07/color/frame-000076.color.png 0.999773 0.0119238 -0.0176754 0.0214098 -0.0120587 0.999899 -0.00755036 0.00432983 0.0175836 0.00776179 0.999815 0.016109 0.0 0.0 0.0 1.0
redkitchen/seq-07/color/frame-000075.color.png redkitchen/seq-07/color/frame-000077.color.png 0.999849 0.0105763 -0.0138106 0.0172251 -0.0106291 0.999936 -0.00375437 -0.000491261 0.0137701 0.0039006 0.999897 0.0187576 0.0 0.0 0.0 1.0
redkitchen/seq-07/color/frame-000076.color.png redkitchen/seq-07/color/frame-000078.color.png 0.999852 0.00570333 -0.0162536 0.0176627 -0.00570574 0.999984 -0.000103138 -0.0102394 0.0162527 0.000195861 0.999868 0.0164152 0.0 0.0 0.0 1.0
redkitchen/seq-07/color/frame-000077.color.png redkitchen/seq-07/color/frame-000079.color.png 0.999741 0.00871738 -0.0210353 0.0235164 -0.00878942 0.999956 -0.00333662 -0.00465223 0.0210052 0.00352065 0.999773 0.0157043 0.0 0.0 0.0 1.0
redkitchen/seq-07/color/frame-000078.color.png redkitchen/seq-07/color/frame-000080.color.png 0.999718 0.0111822 -0.0209716 0.0217595 -0.0113299 0.999912 -0.00693669 0.000187963 0.0208923 0.00717233 0.999756 0.0316136 0.0 0.0 0.0 1.0
redkitchen/seq-07/color/frame-000079.color.png redkitchen/seq-07/color/frame-000081.color.png 0.999737 0.00776617 -0.021581 0.0256611 -0.00796498 0.999927 -0.00914189 0.000288218 0.0215084 0.00931139 0.999725 0.0170194 0.0 0.0 0.0 1.0
redkitchen/seq-07/color/frame-000080.color.png redkitchen/seq-07/color/frame-000082.color.png 0.999759 0.00750378 -0.0206415 0.0247109 -0.00770449 0.999924 -0.0096601 0.00190595 0.0205675 0.00981679 0.99974 0.0133713 0.0 0.0 0.0 1.0
redkitchen/seq-07/color/frame-000081.color.png redkitchen/seq-07/color/frame-000083.color.png 0.999654 0.013945 -0.0222835 0.0356978 -0.0140477 0.999891 -0.00446069 -0.0049623 0.0222189 0.00477217 0.999742 0.0152627 0.0 0.0 0.0 1.0
redkitchen/seq-07/color/frame-000082.color.png redkitchen/seq-07/color/frame-000084.color.png 0.999714 0.0187509 -0.0148526 0.0254937 -0.0187889 0.99982 -0.00242377 -0.00215539 0.0148045 0.00270213 0.999887 0.0120776 0.0 0.0 0.0 1.0
redkitchen/seq-07/color/frame-000083.color.png redkitchen/seq-07/color/frame-000085.color.png 0.999809 0.0154939 -0.0118814 0.0206336 -0.0155102 0.999879 -0.00127821 -0.00178963 0.0118601 0.00146224 0.999929 0.0174795 0.0 0.0 0.0 1.0
redkitchen/seq-07/color/frame-000084.color.png redkitchen/seq-07/color/frame-000086.color.png 0.999882 0.00793422 -0.0131717 0.0186989 -0.00791319 0.999967 0.00164363 -0.0127016 0.0131843 -0.0015392 0.999912 0.0146526 0.0 0.0 0.0 1.0
redkitchen/seq-07/color/frame-000085.color.png redkitchen/seq-07/color/frame-000087.color.png 0.999747 0.00891442 -0.0206368 0.0244129 -0.00896864 0.999957 -0.00253702 -0.00776157 0.0206133 0.00272149 0.999784 0.0175248 0.0 0.0 0.0 1.0
redkitchen/seq-07/color/frame-000086.color.png redkitchen/seq-07/color/frame-000088.color.png 0.999591 0.0142584 -0.0247734 0.0310181 -0.014396 0.999882 -0.0053869 -0.00858799 0.0246937 0.00574133 0.999678 0.0124274 0.0 0.0 0.0 1.0
redkitchen/seq-07/color/frame-000087.color.png redkitchen/seq-07/color/frame-000089.color.png 0.999643 0.0137756 -0.0229068 0.0274589 -0.0140269 0.999843 -0.0108452 0.00104231 0.0227538 0.0111626 0.999679 0.00597781 0.0 0.0 0.0 1.0
redkitchen/seq-07/color/frame-000088.color.png redkitchen/seq-07/color/frame-000090.color.png 0.999624 0.0116564 -0.0248189 0.0306389 -0.0118734 0.999892 -0.00861128 0.00150654 0.0247157 0.00890274 0.999655 0.00951695 0.0 0.0 0.0 1.0
redkitchen/seq-07/color/frame-000089.color.png redkitchen/seq-07/color/frame-000091.color.png 0.999579 0.0114523 -0.0266738 0.0346919 -0.0116316 0.999911 -0.00657688 0.00370765 0.0265961 0.00688438 0.999623 0.00702345 0.0 0.0 0.0 1.0
redkitchen/seq-07/color/frame-000090.color.png redkitchen/seq-07/color/frame-000092.color.png 0.999331 0.0141465 -0.0337135 0.0513316 -0.0144496 0.999857 -0.00876634 0.00985014 0.0335847 0.00924761 0.999393 0.00766748 0.0 0.0 0.0 1.0
redkitchen/seq-07/color/frame-000091.color.png redkitchen/seq-07/color/frame-000093.color.png 0.999626 0.0150482 -0.0228307 0.0304754 -0.0151225 0.999881 -0.00308368 -0.00762954 0.0227816 0.00342776 0.999735 0.00713128 0.0 0.0 0.0 1.0
redkitchen/seq-07/color/frame-000092.color.png redkitchen/seq-07/color/frame-000094.color.png 0.999711 0.0125732 -0.0204685 0.0286993 -0.0126517 0.999913 -0.00370843 0.000661582 0.02042 0.00396631 0.999784 0.00875539 0.0 0.0 0.0 1.0
redkitchen/seq-07/color/frame-000093.color.png redkitchen/seq-07/color/frame-000095.color.png 0.999779 0.00705142 -0.0198168 0.0236025 -0.0071951 0.999948 -0.00718621 0.0108775 0.0197651 0.00732721 0.999778 0.0124379 0.0 0.0 0.0 1.0
redkitchen/seq-07/color/frame-000094.color.png redkitchen/seq-07/color/frame-000096.color.png 0.999745 4.70152e-05 -0.0225588 0.0256913 -0.000138982 0.999992 -0.0040775 -0.00166771 0.0225586 0.00407961 0.999737 0.00708175 0.0 0.0 0.0 1.0
redkitchen/seq-07/color/frame-000095.color.png redkitchen/seq-07/color/frame-000097.color.png 0.999736 0.000783867 -0.022943 0.0240664 -0.000850719 0.999995 -0.00290402 -0.00388724 0.0229406 0.00292276 0.999733 0.00511527 0.0 0.0 0.0 1.0
redkitchen/seq-07/color/frame-000096.color.png redkitchen/seq-07/color/frame-000098.color.png 0.999692 0.00496416 -0.0243233 0.0292829 -0.00501177 0.999986 -0.00189664 -0.00194967 0.0243135 0.00201795 0.999702 0.00606346 0.0 0.0 0.0 1.0
redkitchen/seq-07/color/frame-000097.color.png redkitchen/seq-07/color/frame-000099.color.png 0.999776 0.00500523 -0.0205479 0.0265688 -0.00499771 0.999988 0.000414671 -0.00754598 0.0205496 -0.000311837 0.999789 0.00811702 0.0 0.0 0.0 1.0
redkitchen/seq-07/color/frame-000098.color.png redkitchen/seq-07/color/frame-000100.color.png 0.999881 0.000991847 -0.0153692 0.0150557 -0.000984584 0.999999 0.000478998 -0.0100694 0.0153697 -0.000463811 0.999882 0.00786966 0.0 0.0 0.0 1.0
redkitchen/seq-07/color/frame-000099.color.png redkitchen/seq-07/color/frame-000101.color.png 0.999841 0.00124669 -0.0178059 0.0195628 -0.00123664 0.999999 0.000574654 -0.00921398 0.0178066 -0.000552579 0.999841 0.00471908 0.0 0.0 0.0 1.0
redkitchen/seq-07/color/frame-000100.color.png redkitchen/seq-07/color/frame-000102.color.png 0.999935 0.00167865 -0.0112743 0.0154608 -0.00166174 0.999998 0.00150645 -0.00647172 0.0112768 -0.0014876 0.999935 0.00061655 0.0 0.0 0.0 1.0
redkitchen/seq-07/color/frame-000101.color.png redkitchen/seq-07/color/frame-000103.color.png 0.999945 0.00356665 -0.00982921 0.0108559 -0.00358096 0.999993 -0.00143548 0.00244626 0.00982407 0.00147058 0.999951 0.00227344 0.0 0.0 0.0 1.0
redkitchen/seq-07/color/frame-000102.color.png redkitchen/seq-07/color/frame-000104.color.png 0.999803 0.00465107 -0.0192992 0.0215545 -0.00465333 0.999989 -7.52178e-05 -0.00378034 0.0192986 0.00016501 0.999814 0.00761837 0.0 0.0 0.0 1.0
redkitchen/seq-07/color/frame-000103.color.png redkitchen/seq-07/color/frame-000105.color.png 0.999791 0.00299156 -0.0202338 0.0270559 -0.00284747 0.99997 0.00714744 -0.0249381 0.0202546 -0.0070883 0.99977 0.00668603 0.0 0.0 0.0 1.0
redkitchen/seq-07/color/frame-000104.color.png redkitchen/seq-07/color/frame-000106.color.png 0.999756 0.00363316 -0.0217891 0.0288581 -0.00352334 0.999981 0.00507839 -0.0169483 0.0218072 -0.00500041 0.99975 0.0144845 0.0 0.0 0.0 1.0
redkitchen/seq-07/color/frame-000105.color.png redkitchen/seq-07/color/frame-000107.color.png 0.999801 0.00655799 -0.0188158 0.0200902 -0.00653686 0.999978 0.00118254 -0.00502273 0.0188231 -0.0010593 0.999822 0.0101647 0.0 0.0 0.0 1.0
redkitchen/seq-07/color/frame-000106.color.png redkitchen/seq-07/color/frame-000108.color.png 0.999806 0.00522587 -0.0190169 0.0227308 -0.00522874 0.999986 -0.000100854 -0.00417101 0.0190161 0.000200279 0.999819 0.0104033 0.0 0.0 0.0 1.0
redkitchen/seq-07/color/frame-000107.color.png redkitchen/seq-07/color/frame-000109.color.png 0.999904 0.00275839 -0.0135444 0.0130408 -0.00272538 0.999993 0.0024502 -0.0102153 0.0135511 -0.00241303 0.999905 0.00893682 0.0 0.0 0.0 1.0
redkitchen/seq-07/color/frame-000108.color.png redkitchen/seq-07/color/frame-000110.color.png 0.999916 0.00085052 -0.0128986 0.0119638 -0.000826402 0.999998 0.00188092 -0.00667372 0.0129003 -0.00187013 0.999915 0.00514001 0.0 0.0 0.0 1.0
redkitchen/seq-07/color/frame-000109.color.png redkitchen/seq-07/color/frame-000111.color.png 0.999875 -0.00196005 -0.0157172 0.0165126 0.00197706 0.999997 0.00106623 -0.000909626 0.0157151 -0.00109717 0.999876 0.00821954 0.0 0.0 0.0 1.0
redkitchen/seq-07/color/frame-000110.color.png redkitchen/seq-07/color/frame-000112.color.png 0.999901 -0.00247471 -0.0138296 0.0128621 0.00256113 0.999977 0.0062313 -0.0138974 0.0138138 -0.00626605 0.999885 0.0115971 0.0 0.0 0.0 1.0
redkitchen/seq-07/color/frame-000111.color.png redkitchen/seq-07/color/frame-000113.color.png 0.999934 -0.00587654 -0.00985558 0.00372702 0.00593633 0.999964 0.00605672 -0.0147168 0.00981974 -0.00611488 0.999933 0.0120993 0.0 0.0 0.0 1.0
redkitchen/seq-07/color/frame-000112.color.png redkitchen/seq-07/color/frame-000114.color.png 0.999926 -0.00111651 -0.0120825 0.0089882 0.00113451 0.999998 0.00148526 -0.0132862 0.0120808 -0.00149888 0.999926 0.013006 0.0 0.0 0.0 1.0
redkitchen/seq-07/color/frame-000113.color.png redkitchen/seq-07/color/frame-000115.color.png 0.999853 0.000466006 -0.0171309 0.0232882 -0.000508922 0.999997 -0.00249943 -0.00725284 0.0171296 0.00250776 0.99985 0.0141976 0.0 0.0 0.0 1.0
redkitchen/seq-07/color/frame-000114.color.png redkitchen/seq-07/color/frame-000116.color.png 0.999949 0.000360297 -0.0101052 0.00776184 -0.000382662 0.999998 -0.00221155 -0.00377515 0.0101044 0.00221536 0.999946 0.0137188 0.0 0.0 0.0 1.0
redkitchen/seq-07/color/frame-000115.color.png redkitchen/seq-07/color/frame-000117.color.png 0.999932 -0.00170662 -0.0115729 0.00990134 0.00167032 0.999994 -0.00314617 -0.00331327 0.0115783 0.00312663 0.999928 0.0212854 0.0 0.0 0.0 1.0
redkitchen/seq-07/color/frame-000116.color.png redkitchen/seq-07/color/frame-000118.color.png 0.999895 -0.00358237 -0.0140473 0.010336 0.00356235 0.999993 -0.0014475 -0.0119731 0.0140525 0.00139726 0.9999 0.015013 0.0 0.0 0.0 1.0
redkitchen/seq-07/color/frame-000117.color.png redkitchen/seq-07/color/frame-000119.color.png 0.999887 -0.000883475 -0.0150116 0.00886321 0.000862694 0.999999 -0.00139166 -0.012938 0.0150127 0.00137859 0.999886 0.0118347 0.0 0.0 0.0 1.0
redkitchen/seq-07/color/frame-000118.color.png redkitchen/seq-07/color/frame-000120.color.png 0.999914 -0.00324134 -0.0127429 0.0058316 0.00313884 0.999963 -0.0080568 0.00427184 0.0127685 0.00801607 0.999886 0.0147336 0.0 0.0 0.0 1.0
redkitchen/seq-07/color/frame-000119.color.png redkitchen/seq-07/color/frame-000121.color.png 0.999968 -0.00236452 -0.0076481 0.00823283 0.002333 0.999989 -0.00412155 0.000428438 0.00765773 0.00410357 0.999962 0.0104761 0.0 0.0 0.0 1.0
redkitchen/seq-07/color/frame-000120.color.png redkitchen/seq-07/color/frame-000122.color.png 0.999981 -0.00441144 -0.00434836 -0.000364721 0.00441577 0.99999 0.000972249 -0.0135853 0.0043439 -0.00099138 0.99999 0.00388288 0.0 0.0 0.0 1.0
redkitchen/seq-07/color/frame-000121.color.png redkitchen/seq-07/color/frame-000123.color.png 0.999951 -0.00636389 -0.00762521 -0.00567818 0.00638151 0.999977 0.00228041 -0.0203944 0.00761045 -0.00232897 0.999968 0.00584161 0.0 0.0 0.0 1.0
redkitchen/seq-07/color/frame-000122.color.png redkitchen/seq-07/color/frame-000124.color.png 0.99988 0.00265495 -0.0152878 0.0123246 -0.00244165 0.9999 0.0139557 -0.039706 0.0153233 -0.0139167 0.999786 0.00800085 0.0 0.0 0.0 1.0
redkitchen/seq-07/color/frame-000123.color.png redkitchen/seq-07/color/frame-000125.color.png 0.999823 0.0123042 -0.014233 0.0157869 -0.0122667 0.999921 0.00271918 -0.0112875 0.0142653 -0.0025441 0.999895 0.0183921 0.0 0.0 0.0 1.0
redkitchen/seq-07/color/frame-000124.color.png redkitchen/seq-07/color/frame-000126.color.png 0.999904 0.011758 -0.00733426 0.011669 -0.0118669 0.999817 -0.0149961 0.0278081 0.00715659 0.0150817 0.999861 0.0303943 0.0 0.0 0.0 1.0
redkitchen/seq-07/color/frame-000125.color.png redkitchen/seq-07/color/frame-000127.color.png 0.99999 0.00424455 -0.00147817 -0.00361073 -0.00425988 0.999936 -0.0105332 0.0106531 0.00143345 0.0105393 0.999943 0.0339366 0.0 0.0 0.0 1.0
redkitchen/seq-07/color/frame-000126.color.png redkitchen/seq-07/color/frame-000128.color.png 0.999998 0.000165342 -0.00206433 -0.00964534 -0.000152698 0.999981 0.00610043 -0.0348513 0.00206531 -0.00610009 0.999979 0.0196908 0.0 0.0 0.0 1.0
redkitchen/seq-07/color/frame-000127.color.png redkitchen/seq-07/color/frame-000129.color.png 0.999925 0.00359457 -0.0116965 0.00865132 -0.00349272 0.999956 0.00871343 -0.0350832 0.0117273 -0.00867195 0.999894 0.00992358 0.0 0.0 0.0 1.0
redkitchen/seq-07/color/frame-000128.color.png redkitchen/seq-07/color/frame-000130.color.png 0.999765 0.00817399 -0.0200881 0.019819 -0.00820379 0.999965 -0.00140285 -0.0063386 0.0200758 0.00156731 0.999797 0.020345 0.0 0.0 0.0 1.0
redkitchen/seq-07/color/frame-000129.color.png redkitchen/seq-07/color/frame-000131.color.png 0.999957 0.00382915 -0.00841614 0.00522017 -0.00387182 0.99998 -0.00506943 0.00786763 0.00839659 0.00510182 0.999952 0.0100021 0.0 0.0 0.0 1.0
redkitchen/seq-07/color/frame-000130.color.png redkitchen/seq-07/color/frame-000132.color.png 0.999982 0.001962 -0.00573076 0.00218147 -0.00202663 0.999934 -0.0112838 0.0257722 0.00570829 0.0112953 0.99992 0.0139076 0.0 0.0 0.0 1.0
redkitchen/seq-07/color/frame-000131.color.png redkitchen/seq-07/color/frame-000133.color.png 0.999981 0.00518683 -0.00349721 -0.0127802 -0.00522865 0.999914 -0.0120113 0.0143484 0.0034346 0.0120294 0.999922 0.0192803 0.0 0.0 0.0 1.0
redkitchen/seq-07/color/frame-000132.color.png redkitchen/seq-07/color/frame-000134.color.png 0.999995 0.00117089 -0.00279301 -0.0160839 -0.00115424 0.999982 0.00594726 -0.0354355 0.00279991 -0.00594404 0.999978 0.00758946 0.0 0.0 0.0 1.0
redkitchen/seq-07/color/frame-000133.color.png redkitchen/seq-07/color/frame-000135.color.png 0.999856 -0.000499204 -0.0169795 0.00654197 0.000876608 0.999753 0.0222242 -0.0693257 0.0169643 -0.0222358 0.999609 0.00336885 0.0 0.0 0.0 1.0
redkitchen/seq-07/color/frame-000134.color.png redkitchen/seq-07/color/frame-000136.color.png 0.999693 0.00184722 -0.0246894 0.018438 -0.0013438 0.999791 0.020388 -0.0459366 0.0247219 -0.0203485 0.999487 -0.0206418 0.0 0.0 0.0 1.0
redkitchen/seq-07/color/frame-000135.color.png redkitchen/seq-07/color/frame-000137.color.png 0.999321 0.00668608 -0.0362347 0.0339161 -0.00631931 0.999928 0.0102262 -0.014763 0.0363004 -0.0099903 0.999291 -0.00109458 0.0 0.0 0.0 1.0
redkitchen/seq-07/color/frame-000136.color.png redkitchen/seq-07/color/frame-000138.color.png 0.999537 0.00196567 -0.030365 0.0159963 -0.0020836 0.99999 -0.00385351 0.0185952 0.0303571 0.00391499 0.999531 0.0131159 0.0 0.0 0.0 1.0
redkitchen/seq-07/color/frame-000137.color.png redkitchen/seq-07/color/frame-000139.color.png 0.999814 0.00292484 -0.0190638 0.00293106 -0.00295603 0.999994 -0.00160901 -0.000980556 0.0190589 0.00166506 0.999817 0.012064 0.0 0.0 0.0 1.0
redkitchen/seq-07/color/frame-000138.color.png redkitchen/seq-07/color/frame-000140.color.png 0.999774 0.0073911 -0.0199136 0.016456 -0.0073249 0.999967 0.00339664 -0.0203069 0.0199381 -0.00325009 0.999796 0.0124271 0.0 0.0 0.0 1.0
redkitchen/seq-07/color/frame-000139.color.png redkitchen/seq-07/color/frame-000141.color.png 0.999541 0.00608105 -0.0296857 0.0332433 -0.00590501 0.999965 0.00601504 -0.0197759 0.0297213 -0.00583702 0.999541 0.0122461 0.0 0.0 0.0 1.0
redkitchen/seq-07/color/frame-000140.color.png redkitchen/seq-07/color/frame-000142.color.png 0.999265 0.00952957 -0.0371176 0.0417985 -0.00934044 0.999943 0.00526572 -0.0163728 0.0371656 -0.00491515 0.999297 0.0101873 0.0 0.0 0.0 1.0
redkitchen/seq-07/color/frame-000141.color.png redkitchen/seq-07/color/frame-000143.color.png 0.999391 0.00928164 -0.0336246 0.0357055 -0.00937255 0.999953 -0.00254963 0.00713259 0.0335992 0.00286331 0.999431 0.0119653 0.0 0.0 0.0 1.0
redkitchen/seq-07/color/frame-000142.color.png redkitchen/seq-07/color/frame-000144.color.png 0.999757 0.00313826 -0.0218451 0.0180055 -0.0033928 0.999927 -0.0116223 0.0365381 0.021807 0.0116936 0.999694 0.00398278 0.0 0.0 0.0 1.0
redkitchen/seq-07/color/frame-000143.color.png redkitchen/seq-07/color/frame-000145.color.png 0.999453 0.0108841 -0.0312286 0.0372366 -0.0108334 0.99994 0.00179564 -0.010559 0.0312464 -0.00145643 0.999511 0.0217699 0.0 0.0 0.0 1.0
redkitchen/seq-07/color/frame-000144.color.png redkitchen/seq-07/color/frame-000146.color.png 0.999189 0.0173126 -0.0363623 0.0462933 -0.017186 0.999845 0.00379061 -0.0254674 0.0364222 -0.00316262 0.999332 0.0391394 0.0 0.0 0.0 1.0
redkitchen/seq-07/color/frame-000145.color.png redkitchen/seq-07/color/frame-000147.color.png 0.999563 0.009511 -0.0279971 0.0296937 -0.00964788 0.999942 -0.00475478 0.0115712 0.0279503 0.00502277 0.999597 0.0137037 0.0 0.0 0.0 1.0
redkitchen/seq-07/color/frame-000146.color.png redkitchen/seq-07/color/frame-000148.color.png 0.999658 0.0156403 -0.020934 0.0144859 -0.0154664 0.999845 0.00844327 -0.0242035 0.0210629 -0.00811661 0.999745 -0.00093925 0.0 0.0 0.0 1.0
redkitchen/seq-07/color/frame-000147.color.png redkitchen/seq-07/color/frame-000149.color.png 0.999848 0.0149808 -0.0089482 -0.00938138 -0.0149254 0.999869 0.00621991 -0.0124541 0.00904011 -0.00608538 0.999941 -0.0107931 0.0 0.0 0.0 1.0
redkitchen/seq-07/color/frame-000148.color.png redkitchen/seq-07/color/frame-000150.color.png 0.999609 0.0141285 -0.0241372 0.0263412 -0.0142238 0.999892 -0.00377777 0.0184494 0.0240811 0.00411962 0.999701 0.0140599 0.0 0.0 0.0 1.0
redkitchen/seq-07/color/frame-000149.color.png redkitchen/seq-07/color/frame-000151.color.png 0.999675 0.0146415 -0.0208542 0.0262359 -0.0146926 0.999889 -0.00230065 0.00605452 0.0208182 0.00260633 0.99978 0.0179995 0.0 0.0 0.0 1.0
redkitchen/seq-07/color/frame-000150.color.png redkitchen/seq-07/color/frame-000152.color.png 0.999806 0.010706 -0.0165274 0.016968 -0.0106513 0.999937 0.00339167 -0.0070402 0.0165627 -0.00321495 0.999858 0.0149897 0.0 0.0 0.0 1.0
redkitchen/seq-07/color/frame-000151.color.png redkitchen/seq-07/color/frame-000153.color.png 0.999708 0.0165988 -0.0175849 0.0189487 -0.0163371 0.999755 0.0149207 -0.0330436 0.0178283 -0.0146291 0.999734 0.0072695 0.0 0.0 0.0 1.0
redkitchen/seq-07/color/frame-000152.color.png redkitchen/seq-07/color/frame-000154.color.png 0.999339 0.0223549 -0.0286715 0.0403622 -0.0216551 0.999466 0.0244863 -0.0580996 0.0292035 -0.0238493 0.999289 0.00538409 0.0 0.0 0.0 1.0
redkitchen/seq-07/color/frame-000153.color.png redkitchen/seq-07/color/frame-000155.color.png 0.999187 0.0145113 -0.0376085 0.0514739 -0.0141943 0.999862 0.00868012 -0.00975841 0.0377293 -0.00813929 0.999255 0.0131935 0.0 0.0 0.0 1.0
redkitchen/seq-07/color/frame-000154.color.png redkitchen/seq-07/color/frame-000156.color.png 0.999514 0.00832558 -0.0300522 0.0406532 -0.00848585 0.99995 -0.00520701 0.0274088 0.0300074 0.00545957 0.999535 0.00979531 0.0 0.0 0.0 1.0
redkitchen/seq-07/color/frame-000155.color.png redkitchen/seq-07/color/frame-000157.color.png 0.999809 0.00674322 -0.0183357 0.0228429 -0.00680959 0.99997 -0.00355623 0.0146203 0.0183112 0.00368039 0.999826 0.0114036 0.0 0.0 0.0 1.0
redkitchen/seq-07/color/frame-000156.color.png redkitchen/seq-07/color/frame-000158.color.png 0.999906 0.00329798 -0.0133195 0.0152356 -0.00335066 0.999987 -0.00393586 0.0127305 0.0133064 0.00398001 0.999904 0.0156348 0.0 0.0 0.0 1.0
redkitchen/seq-07/color/frame-000157.color.png redkitchen/seq-07/color/frame-000159.color.png 0.999717 0.011646 -0.0207342 0.0233413 -0.0113234 0.999814 0.0156107 -0.0453928 0.0209121 -0.0153715 0.999663 0.0201788 0.0 0.0 0.0 1.0
redkitchen/seq-07/color/frame-000158.color.png redkitchen/seq-07/color/frame-000160.color.png 0.999688 0.0112483 -0.022288 0.0210753 -0.0107305 0.999673 0.0232215 -0.0543765 0.0225419 -0.022975 0.999482 -0.00531387 0.0 0.0 0.0 1.0
redkitchen/seq-07/color/frame-000159.color.png redkitchen/seq-07/color/frame-000161.color.png 0.999256 0.00596458 -0.0381095 0.055236 -0.00511711 0.999738 0.0222963 -0.0418104 0.0382325 -0.0220846 0.999025 -0.00388396 0.0 0.0 0.0 1.0
redkitchen/seq-07/color/frame-000160.color.png redkitchen/seq-07/color/frame-000162.color.png 0.99911 0.00340875 -0.0420381 0.0618621 -0.00301763 0.999952 0.00936351 -0.0158115 0.0420681 -0.00922837 0.999072 0.0137031 0.0 0.0 0.0 1.0
redkitchen/seq-07/color/frame-000161.color.png redkitchen/seq-07/color/frame-000163.color.png 0.999834 -0.00159357 -0.0181312 0.0235064 0.00138534 0.999933 -0.0114928 0.0331162 0.0181483 0.0114657 0.99977 0.00228214 0.0 0.0 0.0 1.0
redkitchen/seq-07/color/frame-000162.color.png redkitchen/seq-07/color/frame-000164.color.png 0.999854 -0.00258122 -0.0168656 0.0158384 0.00259896 0.999996 0.00103319 -6.97374e-06 0.0168629 -0.00107683 0.999857 0.0163857 0.0 0.0 0.0 1.0
redkitchen/seq-07/color/frame-000163.color.png redkitchen/seq-07/color/frame-000165.color.png 0.999872 -0.00413202 -0.0154817 0.0158872 0.00438957 0.999852 0.0166431 -0.0391385 0.0154106 -0.0167089 0.999742 0.00494719 0.0 0.0 0.0 1.0
redkitchen/seq-07/color/frame-000164.color.png redkitchen/seq-07/color/frame-000166.color.png 0.999844 -0.00406137 -0.0172038 0.0221218 0.00440994 0.999785 0.0202692 -0.043102 0.0171177 -0.0203418 0.999647 -0.00728428 0.0 0.0 0.0 1.0
redkitchen/seq-07/color/frame-000165.color.png redkitchen/seq-07/color/frame-000167.color.png 0.99964 -0.00357105 -0.0266069 0.0305938 0.00429115 0.999625 0.0270559 -0.0548538 0.0265003 -0.0271603 0.99928 0.000811577 0.0 0.0 0.0 1.0
redkitchen/seq-07/color/frame-000166.color.png redkitchen/seq-07/color/frame-000168.color.png 0.999533 -0.0117655 -0.0282044 0.0249593 0.01194 0.999911 0.00602754 -0.00737649 0.0281309 -0.00636149 0.999584 0.0157679 0.0 0.0 0.0 1.0
redkitchen/seq-07/color/frame-000167.color.png redkitchen/seq-07/color/frame-000169.color.png 0.999734 -0.0186799 -0.013528 0.0142274 0.0184295 0.999661 -0.0184056 0.0397367 0.0138672 0.0181514 0.999739 0.0132599 0.0 0.0 0.0 1.0
redkitchen/seq-07/color/frame-000168.color.png redkitchen/seq-07/color/frame-000170.color.png 0.999931 -0.0117298 -0.000755288 -0.00531361 0.0117163 0.999804 -0.0159369 0.0262848 0.000942103 0.0159269 0.999873 0.0142692 0.0 0.0 0.0 1.0
