redkitchen/seq-07/color/frame-000000.color.png redkitchen/seq-07/color/frame-000003.color.png 0.999996 0.000164215 0.00295274 0.00607067 -0.000175382 0.999993 0.00378205 -0.00293574 -0.0029521 -0.00378255 0.999988 0.00253037 0.0 0.0 0.0 1.0
redkitchen/seq-07/color/frame-000001.color.png redkitchen/seq-07/color/frame-000004.color.png 0.999947 -0.00306389 0.00982765 0.00592411 0.00301484 0.999983 0.00500178 -0.00130805 -0.00984281 -0.00497189 0.999939 0.00667459 0.0 0.0 0.0 1.0
redkitchen/seq-07/color/frame-000002.color.png redkitchen/seq-07/color/frame-000005.color.png 0.999928 -0.00736599 0.00951418 0.00463191 0.00732541 0.999964 0.00429301 0.000275807 -0.00954546 -0.00422301 0.999946 0.00919378 0.0 0.0 0.0 1.0
redkitchen/seq-07/color/frame-000003.color.png redkitchen/seq-07/color/frame-000006.color.png 0.999908 -0.0122484 0.00580847 0.00590733 0.0122294 0.99992 0.00328145 0.0036224 -0.0058482 -0.00321012 0.999978 0.0119471 0.0 0.0 0.0 1.0
redkitchen/seq-07/color/frame-000004.color.png redkitchen/seq-07/color/frame-000007.color.png 0.999955 -0.009348 -0.00136123 0.0111764 0.00935255 0.999951 0.00337221 0.00224527 0.00132964 -0.00338479 0.999993 0.00892575 0.0 0.0 0.0 1.0
redkitchen/seq-07/color/frame-000005.color.png redkitchen/seq-07/color/frame-000008.color.png 0.999975 -0.00708115 0.000405145 0.0142205 0.00707911 0.999963 0.00482814 0.00156555 -0.000439319 -0.00482515 0.999988 0.00728677 0.0 0.0 0.0 1.0
redkitchen/seq-07/color/frame-000006.color.png redkitchen/seq-07/color/frame-000009.color.png 0.999981 -0.00506138 0.00349456 0.0147188 0.00503695 0.999963 0.00696571 -0.00186711 -0.00352968 -0.00694797 0.99997 0.00735178 0.0 0.0 0.0 1.0
redkitchen/seq-07/color/frame-000007.color.png redkitchen/seq-07/color/frame-000010.color.png 0.999973 -0.00506349 0.00537807 0.0123842 0.00503001 0.999968 0.0062207 -0.00237055 -0.00540939 -0.00619348 0.999966 0.00935513 0.0 0.0 0.0 1.0
redkitchen/seq-07/color/frame-000008.color.png redkitchen/seq-07/color/frame-000011.color.png 0.99999 -0.00257315 0.00360722 0.013052 0.0025568 0.999986 0.00453094 -0.00149089 -0.00361883 -0.00452167 0.999983 0.0109658 0.0 0.0 0.0 1.0
redkitchen/seq-07/color/frame-000009.color.png redkitchen/seq-07/color/frame-000012.color.png 0.999999 -0.000324074 0.00162129 0.0148017 0.000320258 0.999997 0.00235453 0.000223567 -0.00162205 -0.00235401 0.999996 0.0148095 0.0 0.0 0.0 1.0
redkitchen/seq-07/color/frame-000010.color.png redkitchen/seq-07/color/frame-000013.color.png 0.999996 0.0027067 -0.00019832 0.0181827 -0.00270645 0.999996 0.00123421 0.00156141 0.000201658 -0.00123367 0.999999 0.0113481 0.0 0.0 0.0 1.0
redkitchen/seq-07/color/frame-000011.color.png redkitchen/seq-07/color/frame-000014.color.png 0.999981 0.00611847 -0.000653277 0.0208237 -0.00611646 0.999977 0.00303999 -0.00168028 0.000671861 -0.00303594 0.999995 0.0147032 0.0 0.0 0.0 1.0
redkitchen/seq-07/color/frame-000012.color.png redkitchen/seq-07/color/frame-000015.color.png 0.999978 0.00656142 0.00105466 0.022048 -0.00656457 0.999974 0.00300897 -0.00491559 -0.00103489 -0.00301582 0.999995 0.0124821 0.0 0.0 0.0 1.0
redkitchen/seq-07/color/frame-000013.color.png redkitchen/seq-07/color/frame-000016.color.png 0.999994 0.00271576 0.00216393 0.0215063 -0.00271753 0.999996 0.00081511 -0.00662302 -0.00216171 -0.000820991 0.999997 0.0156965 0.0 0.0 0.0 1.0
redkitchen/seq-07/color/frame-000014.color.png redkitchen/seq-07/color/frame-000017.color.png 0.999999 -0.00151097 0.000203701 0.0239872 0.00151184 0.999989 -0.00434523 -0.00560829 -0.000197134 0.00434554 0.99999 0.0168401 0.0 0.0 0.0 1.0
redkitchen/seq-07/color/frame-000015.color.png redkitchen/seq-07/color/frame-000018.color.png 0.999997 0.00094964 -0.00203248 0.0225132 -0.000971002 0.999944 -0.0105346 0.00120792 0.00202236 0.0105366 0.999942 0.0168444 0.0 0.0 0.0 1.0
redkitchen/seq-07/color/frame-000016.color.png redkitchen/seq-07/color/frame-000019.color.png 0.999978 0.00408843 -0.00522982 0.029603 -0.00413734 0.999947 -0.0093772 0.00465809 0.00519121 0.00939864 0.999942 0.012447 0.0 0.0 0.0 1.0
redkitchen/seq-07/color/frame-000017.color.png redkitchen/seq-07/color/frame-000020.color.png 0.999931 0.0112251 -0.00339462 0.0296364 -0.0112336 0.999934 -0.00249996 0.00147394 0.00336633 0.00253792 0.999991 0.00817476 0.0 0.0 0.0 1.0
redkitchen/seq-07/color/frame-000018.color.png redkitchen/seq-07/color/frame-000021.color.png 0.999931 0.0116132 -0.00157519 0.0311171 -0.0116059 0.999922 0.00457562 -0.00510267 0.0016282 -0.00455703 0.999988 0.00744951 0.0 0.0 0.0 1.0
redkitchen/seq-07/color/frame-000019.color.png redkitchen/seq-07/color/frame-000022.color.png 0.999946 0.0102808 0.00107967 0.0283296 -0.0102866 0.999932 0.00553538 -0.0103189 -0.00102269 -0.00554619 0.999984 0.0148712 0.0 0.0 0.0 1.0
redkitchen/seq-07/color/frame-000020.color.png redkitchen/seq-07/color/frame-000023.color.png 0.999969 0.00770663 -0.0015582 0.03112 -0.00770497 0.99997 0.00106911 -0.0104531 0.00156639 -0.00105707 0.999998 0.0143733 0.0 0.0 0.0 1.0
redkitchen/seq-07/color/frame-000021.color.png redkitchen/seq-07/color/frame-000024.color.png 0.999973 0.00664025 -0.0031332 0.0330803 -0.00665204 0.999971 -0.00376613 -0.00610149 0.0031081 0.00378687 0.999988 0.0142504 0.0 0.0 0.0 1.0
redkitchen/seq-07/color/frame-000022.color.png redkitchen/seq-07/color/frame-000025.color.png 0.999969 0.00732651 -0.00278023 0.0293985 -0.00733928 0.999962 -0.00461118 -0.0038965 0.00274634 0.00463144 0.999986 0.00879827 0.0 0.0 0.0 1.0
redkitchen/seq-07/color/frame-000023.color.png redkitchen/seq-07/color/frame-000026.color.png 0.999982 0.00539982 -0.00248244 0.0304437 -0.0054101 0.999977 -0.00415276 -0.00321348 0.00245996 0.00416611 0.999988 0.0145915 0.0 0.0 0.0 1.0
redkitchen/seq-07/color/frame-000024.color.png redkitchen/seq-07/color/frame-000027.color.png 0.999982 0.0043814 -0.00416212 0.0328183 -0.00439828 0.999982 -0.00405509 -0.00154715 0.00414428 0.00407332 0.999983 0.0142451 0.0 0.0 0.0 1.0
redkitchen/seq-07/color/frame-000025.color.png redkitchen/seq-07/color/frame-000028.color.png 0.999944 0.00660608 -0.00832539 0.0414321 -0.00662137 0.999976 -0.00180954 -0.00495189 0.00831324 0.00186456 0.999964 0.0163663 0.0 0.0 0.0 1.0
redkitchen/seq-07/color/frame-000026.color.png redkitchen/seq-07/color/frame-000029.color.png 0.99991 0.0118544 -0.00626487 0.039637 -0.0118652 0.999928 -0.001686 -0.002371 0.00624443 0.00176018 0.999979 0.0103704 0.0 0.0 0.0 1.0
redkitchen/seq-07/color/frame-000027.color.png redkitchen/seq-07/color/frame-000030.color.png 0.999894 0.0143993 -0.00231274 0.0363116 -0.0143951 0.999895 0.00183713 -0.00640376 0.00233895 -0.00180365 0.999996 0.0101479 0.0 0.0 0.0 1.0
redkitchen/seq-07/color/frame-000028.color.png redkitchen/seq-07/color/frame-000031.color.png 0.999871 0.0145875 -0.00670529 0.0462123 -0.014594 0.999893 -0.000928202 -0.0058183 0.00669104 0.00102594 0.999977 0.0238926 0.0 0.0 0.0 1.0
redkitchen/seq-07/color/frame-000029.color.png redkitchen/seq-07/color/frame-000032.color.png 0.999906 0.0100159 -0.00933015 0.0396153 -0.0100383 0.999947 -0.00235166 -0.00672812 0.0093061 0.00244509 0.999954 0.0217426 0.0 0.0 0.0 1.0
redkitchen/seq-07/color/frame-000030.color.png redkitchen/seq-07/color/frame-000033.color.png 0.999827 0.0107138 -0.0152069 0.0417611 -0.010758 0.999938 -0.00282426 -0.00404157 0.0151757 0.00298737 0.99988 0.0185688 0.0 0.0 0.0 1.0
redkitchen/seq-07/color/frame-000031.color.png redkitchen/seq-07/color/frame-000034.color.png 0.999861 0.0119514 -0.0115914 0.0314161 -0.0119267 0.999926 0.00219428 -0.00176676 0.0116168 -0.00205572 0.999931 0.00655183 0.0 0.0 0.0 1.0
redkitchen/seq-07/color/frame-000032.color.png redkitchen/seq-07/color/frame-000035.color.png 0.999852 0.0150023 -0.00836345 0.0320132 -0.014931 0.999852 0.00851751 -0.00616315 0.00848999 -0.00839138 0.999929 0.0104032 0.0 0.0 0.0 1.0
redkitchen/seq-07/color/frame-000033.color.png redkitchen/seq-07/color/frame-000036.color.png 0.999893 0.0103715 -0.0103028 0.0332109 -0.0102797 0.999907 0.00892525 -0.00638126 0.0103944 -0.00881839 0.999907 0.0204857 0.0 0.0 0.0 1.0
redkitchen/seq-07/color/frame-000034.color.png redkitchen/seq-07/color/frame-000037.color.png 0.999909 0.00589372 -0.0121339 0.0262673 -0.00581665 0.999963 0.00637717 -0.0133225 0.0121711 -0.00630601 0.999906 0.0202878 0.0 0.0 0.0 1.0
redkitchen/seq-07/color/frame-000035.color.png redkitchen/seq-07/color/frame-000038.color.png 0.999867 -0.00305294 -0.0160345 0.0251472 0.00301422 0.999992 -0.00243794 -0.00733377 0.0160419 0.00238929 0.999868 0.0206828 0.0 0.0 0.0 1.0
redkitchen/seq-07/color/frame-000036.color.png redkitchen/seq-07/color/frame-000039.color.png 0.999846 -0.00511425 -0.0167833 0.0242218 0.00507514 0.999984 -0.00237238 -0.00919461 0.0167952 0.00228683 0.999856 0.00811635 0.0 0.0 0.0 1.0
redkitchen/seq-07/color/frame-000037.color.png redkitchen/seq-07/color/frame-000040.color.png 0.999884 -0.00173092 -0.0151528 0.0249594 0.001737 0.999998 0.000388267 -0.0026014 0.0151521 -0.000414543 0.999885 0.00636446 0.0 0.0 0.0 1.0
redkitchen/seq-07/color/frame-000038.color.png redkitchen/seq-07/color/frame-000041.color.png 0.999829 0.00776084 -0.0167999 0.0397677 -0.00766339 0.999954 0.00585683 -0.00412401 0.0168446 -0.00572708 0.999842 0.0140054 0.0 0.0 0.0 1.0
redkitchen/seq-07/color/frame-000039.color.png redkitchen/seq-07/color/frame-000042.color.png 0.999948 0.00853636 -0.00566066 0.0250575 -0.00849536 0.999938 0.0072299 -0.0080836 0.00572203 -0.00718143 0.999958 0.0226347 0.0 0.0 0.0 1.0
redkitchen/seq-07/color/frame-000040.color.png redkitchen/seq-07/color/frame-000043.color.png 0.999975 0.0023268 -0.006704 0.0286801 -0.00230279 0.999991 0.00358752 -0.0103153 0.00671229 -0.00357199 0.999971 0.0315533 0.0 0.0 0.0 1.0
redkitchen/seq-07/color/frame-000041.color.png redkitchen/seq-07/color/frame-000044.color.png 0.999976 -0.00222198 -0.00649834 0.0175993 0.0022194 0.999997 -0.000404111 -0.00838986 0.00649922 0.000389679 0.999979 0.0265033 0.0 0.0 0.0 1.0
redkitchen/seq-07/color/frame-000042.color.png redkitchen/seq-07/color/frame-000045.color.png 0.999891 -0.00180569 -0.0146456 0.0253741 0.00178369 0.999997 -0.0015144 -0.00939804 0.0146483 0.00148811 0.999892 0.0244247 0.0 0.0 0.0 1.0
redkitchen/seq-07/color/frame-000043.color.png redkitchen/seq-07/color/frame-000046.color.png 0.999859 0.00428997 -0.0162167 0.0238147 -0.00434001 0.999986 -0.00305163 -0.0014675 0.0162034 0.00312158 0.999864 0.028719 0.0 0.0 0.0 1.0
redkitchen/seq-07/color/frame-000044.color.png redkitchen/seq-07/color/frame-000047.color.png 0.999852 0.00372626 -0.016807 0.0231031 -0.00370814 0.999992 0.00110945 -0.00855727 0.016811 -0.00104696 0.999858 0.0253743 0.0 0.0 0.0 1.0
redkitchen/seq-07/color/frame-000045.color.png redkitchen/seq-07/color/frame-000048.color.png 0.999791 0.00661243 -0.0193328 0.0252125 -0.00660164 0.999978 0.000622188 -0.00483 0.0193365 -0.000494422 0.999813 0.0246808 0.0 0.0 0.0 1.0
redkitchen/seq-07/color/frame-000046.color.png redkitchen/seq-07/color/frame-000049.color.png 0.999785 0.010062 -0.0181454 0.0161504 -0.0100599 0.999949 0.00020453 -0.00637122 0.0181466 -2.19491e-05 0.999835 0.0279097 0.0 0.0 0.0 1.0
redkitchen/seq-07/color/frame-000047.color.png redkitchen/seq-07/color/frame-000050.color.png 0.999632 0.0177436 -0.0205149 0.0232347 -0.0177671 0.999842 -0.000964543 -0.00551911 0.0204946 0.00132868 0.999789 0.0289056 0.0 0.0 0.0 1.0
redkitchen/seq-07/color/frame-000048.color.png redkitchen/seq-07/color/frame-000051.color.png 0.99957 0.0234581 -0.0175872 0.0287232 -0.023472 0.999724 -0.000582412 -0.00741871 0.0175687 0.000994966 0.999845 0.0287484 0.0 0.0 0.0 1.0
redkitchen/seq-07/color/frame-000049.color.png redkitchen/seq-07/color/frame-000052.color.png 0.999693 0.0220114 -0.0113938 0.0251973 -0.0220062 0.999758 0.000576911 -0.00694271 0.0114037 -0.000326 0.999935 0.0299324 0.0 0.0 0.0 1.0
redkitchen/seq-07/color/frame-000050.color.png redkitchen/seq-07/color/frame-000053.color.png 0.999809 0.0183826 -0.00663596 0.0167976 -0.0183662 0.999828 0.00252032 -0.00797538 0.00668116 -0.00239797 0.999975 0.0342884 0.0 0.0 0.0 1.0
redkitchen/seq-07/color/frame-000051.color.png redkitchen/seq-07/color/frame-000054.color.png 0.999852 0.0143941 -0.00942999 0.0189372 -0.0143648 0.999892 0.00315918 -0.0126177 0.00947442 -0.00302325 0.999951 0.0355912 0.0 0.0 0.0 1.0
redkitchen/seq-07/color/frame-000052.color.png redkitchen/seq-07/color/frame-000055.color.png 0.999806 0.0171663 -0.00968339 0.0163678 -0.0171763 0.999852 -0.000946185 -0.0128233 0.00966571 0.00111233 0.999953 0.0338944 0.0 0.0 0.0 1.0
redkitchen/seq-07/color/frame-000053.color.png redkitchen/seq-07/color/frame-000056.color.png 0.999743 0.0206916 -0.00928495 0.0224238 -0.0207573 0.99976 -0.00703421 -0.00548089 0.00913716 0.00722514 0.999932 0.0310409 0.0 0.0 0.0 1.0
redkitchen/seq-07/color/frame-000054.color.png redkitchen/seq-07/color/frame-000057.color.png 0.999822 0.0187482 -0.00203623 0.0157634 -0.018768 0.999772 -0.0101734 -0.00348361 0.00184506 0.0102098 0.999946 0.0296707 0.0 0.0 0.0 1.0
redkitchen/seq-07/color/frame-000055.color.png redkitchen/seq-07/color/frame-000058.color.png 0.99997 0.00768384 -0.000965291 0.0221144 -0.00769215 0.999931 -0.00894372 -0.0087477 0.000896493 0.00895088 0.99996 0.0388851 0.0 0.0 0.0 1.0
redkitchen/seq-07/color/frame-000056.color.png redkitchen/seq-07/color/frame-000059.color.png 0.99999 -0.00373718 -0.00252606 0.0157495 0.00373287 0.999992 -0.00171701 -0.0247514 0.00253245 0.00170757 0.999995 0.03902 0.0 0.0 0.0 1.0
redkitchen/seq-07/color/frame-000057.color.png redkitchen/seq-07/color/frame-000060.color.png 0.999886 -0.00164496 -0.0150064 0.0266139 0.00167545 0.999997 0.00201932 -0.0271129 0.015003 -0.00204423 0.999885 0.0421851 0.0 0.0 0.0 1.0
redkitchen/seq-07/color/frame-000058.color.png redkitchen/seq-07/color/frame-000061.color.png 0.999794 0.0119229 -0.0163971 0.0171562 -0.0119395 0.999928 -0.000912402 -0.0175422 0.016385 0.00110799 0.999865 0.0307793 0.0 0.0 0.0 1.0
redkitchen/seq-07/color/frame-000059.color.png redkitchen/seq-07/color/frame-000062.color.png 0.999632 0.0198333 -0.0185233 0.0302859 -0.0198826 0.999799 -0.00248545 -0.014385 0.0184702 0.00285282 0.999825 0.0304185 0.0 0.0 0.0 1.0
redkitchen/seq-07/color/frame-000060.color.png redkitchen/seq-07/color/frame-000063.color.png 0.999694 0.02266 -0.00997038 0.0220478 -0.0227145 0.999727 -0.00538636 -0.0053523 0.00984564 0.00561118 0.999936 0.0338876 0.0 0.0 0.0 1.0
redkitchen/seq-07/color/frame-000061.color.png redkitchen/seq-07/color/frame-000064.color.png 0.999799 0.0195448 -0.00441509 0.0147713 -0.0195611 0.999802 -0.00366567 -0.00972714 0.00434254 0.0037513 0.999983 0.0338743 0.0 0.0 0.0 1.0
redkitchen/seq-07/color/frame-000062.color.png redkitchen/seq-07/color/frame-000065.color.png 0.999898 0.0127979 -0.00627113 0.0112159 -0.0128278 0.999906 -0.00473503 -0.0125629 0.00620996 0.004815 0.999969 0.0347953 0.0 0.0 0.0 1.0
redkitchen/seq-07/color/frame-000063.color.png redkitchen/seq-07/color/frame-000066.color.png 0.999875 0.00237295 -0.0156107 0.0162977 -0.00242414 0.999992 -0.00326149 -0.0220045 0.0156028 0.00329892 0.999873 0.033454 0.0 0.0 0.0 1.0
redkitchen/seq-07/color/frame-000064.color.png redkitchen/seq-07/color/frame-000067.color.png 0.999577 -0.00328895 -0.0288986 0.0297202 0.00310866 0.999975 -0.00628013 -0.0203114 0.0289186 0.00618764 0.999563 0.0390421 0.0 0.0 0.0 1.0
redkitchen/seq-07/color/frame-000065.color.png redkitchen/seq-07/color/frame-000068.color.png 0.999571 0.000370791 -0.0292788 0.0242908 -0.000620359 0.999964 -0.00851545 -0.0127464 0.0292745 0.00852996 0.999535 0.0263227 0.0 0.0 0.0 1.0
redkitchen/seq-07/color/frame-000066.color.png redkitchen/seq-07/color/frame-000069.color.png 0.999616 0.00655381 -0.0269125 0.0226943 -0.00674656 0.999952 -0.00707681 -0.00710922 0.0268648 0.00725566 0.999613 0.0248862 0.0 0.0 0.0 1.0
redkitchen/seq-07/color/frame-000067.color.png redkitchen/seq-07/color/frame-000070.color.png 0.999646 0.0116127 -0.0239398 0.0270793 -0.0115954 0.999932 0.000857859 -0.0129697 0.0239481 -0.000579966 0.999713 0.0170987 0.0 0.0 0.0 1.0
redkitchen/seq-07/color/frame-000068.color.png redkitchen/seq-07/color/frame-000071.color.png 0.999697 0.0136543 -0.0204869 0.0240158 -0.0135197 0.999886 0.00669406 -0.0209661 0.0205759 -0.00641506 0.999768 0.0287229 0.0 0.0 0.0 1.0
redkitchen/seq-07/color/frame-000069.color.png redkitchen/seq-07/color/frame-000072.color.png 0.99959 0.0145883 -0.0246212 0.0261393 -0.0144731 0.999883 0.00484903 -0.0206081 0.0246891 -0.0044907 0.999685 0.0304602 0.0 0.0 0.0 1.0
redkitchen/seq-07/color/frame-000070.color.png redkitchen/seq-07/color/frame-000073.color.png 0.999372 0.00943654 -0.0341667 0.0340747 -0.00938109 0.999954 0.00178271 -0.0205643 0.0341819 -0.00146107 0.999415 0.0347649 0.0 0.0 0.0 1.0
redkitchen/seq-07/color/frame-000071.color.png redkitchen/seq-07/color/frame-000074.color.png 0.999273 0.00970146 -0.0368603 0.0309807 -0.00992806 0.999933 -0.00597059 -0.00762977 0.0367998 0.0063322 0.999303 0.0244385 0.0 0.0 0.0 1.0
redkitchen/seq-07/color/frame-000072.color.png redkitchen/seq-07/color/frame-000075.color.png 0.999261 0.0118172 -0.0365761 0.0332582 -0.0121725 0.999881 -0.00950367 -0.00196646 0.0364595 0.00994187 0.999286 0.0255083 0.0 0.0 0.0 1.0
redkitchen/seq-07/color/frame-000073.color.png redkitchen/seq-07/color/frame-000076.color.png 0.999505 0.0163661 -0.0268785 0.0248752 -0.0166757 0.999797 -0.0113324 0.00463298 0.0266875 0.011775 0.999574 0.0178307 0.0 0.0 0.0 1.0
redkitchen/seq-07/color/frame-000074.color.png redkitchen/seq-07/color/frame-000077.color.png 0.999582 0.0149362 -0.0247525 0.0281645 -0.0151063 0.999863 -0.00669853 -0.00277022 0.0246491 0.00706964 0.999671 0.0305235 0.0 0.0 0.0 1.0
redkitchen/seq-07/color/frame-000075.color.png redkitchen/seq-07/color/frame-000078.color.png 0.999678 0.0124328 -0.0221357 0.0231896 -0.0125392 0.999911 -0.00467396 -0.00456786 0.0220755 0.00495002 0.999744 0.0271719 0.0 0.0 0.0 1.0
redkitchen/seq-07/color/frame-000076.color.png redkitchen/seq-07/color/frame-000079.color.png 0.999511 0.0127919 -0.0285174 0.0315962 -0.0128159 0.999918 -0.00066006 -0.0160121 0.0285066 0.00102521 0.999593 0.0302824 0.0 0.0 0.0 1.0
redkitchen/seq-07/color/frame-000077.color.png redkitchen/seq-07/color/frame-000080.color.png 0.99944 0.014978 -0.0299151 0.0315765 -0.0151985 0.999859 -0.00715777 -0.00555214 0.0298037 0.00760843 0.999527 0.0225752 0.0 0.0 0.0 1.0
redkitchen/seq-07/color/frame-000078.color.png redkitchen/seq-07/color/frame-000081.color.png 0.999407 0.0143204 -0.0313253 0.034851 -0.0146671 0.999833 -0.0108645 -0.00188068 0.0311645 0.0113175 0.99945 0.0212865 0.0 0.0 0.0 1.0
redkitchen/seq-07/color/frame-000079.color.png redkitchen/seq-07/color/frame-000082.color.png 0.999505 0.0115623 -0.0292659 0.0333087 -0.0120032 0.999816 -0.0149362 0.00457078 0.0290878 0.0152801 0.99946 0.022202 0.0 0.0 0.0 1.0
redkitchen/seq-07/color/frame-000080.color.png redkitchen/seq-07/color/frame-000083.color.png 0.999465 0.0144461 -0.0293385 0.037518 -0.0148087 0.999816 -0.0121812 0.00305369 0.0291571 0.0126092 0.999495 0.0276242 0.0 0.0 0.0 1.0
redkitchen/seq-07/color/frame-000081.color.png redkitchen/seq-07/color/frame-000084.color.png 0.999449 0.0219929 -0.0248611 0.0369007 -0.0220886 0.99975 -0.00358456 -0.010096 0.024776 0.00413174 0.999685 0.0203376 0.0 0.0 0.0 1.0
redkitchen/seq-07/color/frame-000082.color.png redkitchen/seq-07/color/frame-000085.color.png 0.99952 0.0231184 -0.0206438 0.0329758 -0.0231899 0.999726 -0.00323316 -0.00202 0.0205634 0.00371034 0.999781 0.0234696 0.0 0.0 0.0 1.0
redkitchen/seq-07/color/frame-000083.color.png redkitchen/seq-07/color/frame-000086.color.png 0.999612 0.0183805 -0.020909 0.0321485 -0.0183755 0.999831 0.000430104 -0.0116691 0.0209134 -4.57427e-05 0.999781 0.0261984 0.0 0.0 0.0 1.0
redkitchen/seq-07/color/frame-000084.color.png redkitchen/seq-07/color/frame-000087.color.png 0.999431 0.0156563 -0.029859 0.0427987 -0.01573 0.999874 -0.00223484 -0.0123767 0.0298203 0.00270324 0.999552 0.0300162 0.0 0.0 0.0 1.0
redkitchen/seq-07/color/frame-000085.color.png redkitchen/seq-07/color/frame-000088.color.png 0.999245 0.0163234 -0.0352495 0.0477616 -0.0165126 0.999851 -0.00508096 -0.0145019 0.0351613 0.00565918 0.999366 0.0195088 0.0 0.0 0.0 1.0
redkitchen/seq-07/color/frame-000086.color.png redkitchen/seq-07/color/frame-000089.color.png 0.999033 0.020651 -0.0388192 0.0507078 -0.0212071 0.999678 -0.0139657 -0.00032717 0.0385182 0.0147754 0.999149 0.0184203 0.0 0.0 0.0 1.0
redkitchen/seq-07/color/frame-000087.color.png redkitchen/seq-07/color/frame-000090.color.png 0.99913 0.0189939 -0.037138 0.045525 -0.0194439 0.999741 -0.0117919 -0.0039008 0.0369044 0.0125038 0.999241 0.0170224 0.0 0.0 0.0 1.0
redkitchen/seq-07/color/frame-000088.color.png redkitchen/seq-07/color/frame-000091.color.png 0.99909 0.0174244 -0.0389222 0.0483319 -0.0177156 0.999818 -0.007149 -0.00965798 0.0387906 0.00783204 0.999217 0.0123034 0.0 0.0 0.0 1.0
redkitchen/seq-07/color/frame-000089.color.png redkitchen/seq-07/color/frame-000092.color.png 0.998944 0.0213478 -0.0406953 0.0517837 -0.0217783 0.999711 -0.0101666 0.00490326 0.0404665 0.0110422 0.99912 0.0139955 0.0 0.0 0.0 1.0
redkitchen/seq-07/color/frame-000090.color.png redkitchen/seq-07/color/frame-000093.color.png 0.99911 0.0213002 -0.0364019 0.0458956 -0.0216912 0.999711 -0.0103782 0.00910789 0.0361703 0.0111585 0.999283 0.00151956 0.0 0.0 0.0 1.0
redkitchen/seq-07/color/frame-000091.color.png redkitchen/seq-07/color/frame-000094.color.png 0.999183 0.0216232 -0.0341344 0.0460206 -0.0218374 0.999744 -0.00591294 -0.00234529 0.0339978 0.0066535 0.9994 0.0119615 0.0 0.0 0.0 1.0
redkitchen/seq-07/color/frame-000092.color.png redkitchen/seq-07/color/frame-000095.color.png 0.999455 0.0142698 -0.0297545 0.0369982 -0.0144041 0.999887 -0.00430154 -0.00436255 0.0296897 0.00472776 0.999548 0.016537 0.0 0.0 0.0 1.0
redkitchen/seq-07/color/frame-000093.color.png redkitchen/seq-07/color/frame-000096.color.png 0.999454 0.00632866 -0.0324233 0.0386608 -0.00643319 0.999974 -0.00312034 -0.00907391 0.0324028 0.00332721 0.999469 0.015739 0.0 0.0 0.0 1.0
redkitchen/seq-07/color/frame-000094.color.png redkitchen/seq-07/color/frame-000097.color.png 0.9994 0.00408524 -0.0343907 0.0404005 -0.00423337 0.999982 -0.00423584 -0.0074909 0.0343728 0.00437887 0.999399 0.00771934 0.0 0.0 0.0 1.0
redkitchen/seq-07/color/frame-000095.color.png redkitchen/seq-07/color/frame-000098.color.png 0.999398 0.00374513 -0.0344891 0.0396172 -0.00365641 0.99999 0.00263553 -0.0216898 0.0344987 -0.00250782 0.999402 0.00280583 0.0 0.0 0.0 1.0
redkitchen/seq-07/color/frame-000096.color.png redkitchen/seq-07/color/frame-000099.color.png 0.999343 0.00636603 -0.0356736 0.0488648 -0.00644004 0.999977 -0.00196035 -0.00537336 0.0356603 0.0021888 0.999362 0.00833297 0.0 0.0 0.0 1.0
redkitchen/seq-07/color/frame-000097.color.png redkitchen/seq-07/color/frame-000100.color.png 0.999627 0.00411449 -0.0269956 0.0287982 -0.00412168 0.999991 -0.000208703 -0.0110234 0.0269945 0.000319901 0.999635 0.0129285 0.0 0.0 0.0 1.0
redkitchen/seq-07/color/frame-000098.color.png redkitchen/seq-07/color/frame-000101.color.png 0.999666 0.00235788 -0.0257368 0.0271639 -0.00235008 0.999997 0.000333641 -0.012477 0.0257374 -0.000273054 0.999669 0.0112509 0.0 0.0 0.0 1.0
redkitchen/seq-07/color/frame-000099.color.png redkitchen/seq-07/color/frame-000102.color.png 0.999841 -0.000669363 -0.0177959 0.0187052 0.000694462 0.999999 0.00140333 -0.0102364 0.017795 -0.00141544 0.999841 0.00446028 0.0 0.0 0.0 1.0
redkitchen/seq-07/color/frame-000100.color.png redkitchen/seq-07/color/frame-000103.color.png 0.999761 0.00465223 -0.0213474 0.0266874 -0.00467397 0.999989 -0.000971534 -0.00108588 0.0213425 0.00107108 0.999772 0.0048334 0.0 0.0 0.0 1.0
redkitchen/seq-07/color/frame-000101.color.png redkitchen/seq-07/color/frame-000104.color.png 0.999794 0.00624059 -0.01929 0.0217726 -0.00624246 0.999981 -3.73747e-05 -0.0046621 0.0192895 0.0001578 0.999814 0.00802392 0.0 0.0 0.0 1.0
redkitchen/seq-07/color/frame-000102.color.png redkitchen/seq-07/color/frame-000105.color.png 0.999597 0.00684601 -0.0275302 0.0313132 -0.00683034 0.999977 0.000663655 -0.007916 0.027534 -0.000475356 0.999621 0.00952822 0.0 0.0 0.0 1.0
redkitchen/seq-07/color/frame-000103.color.png redkitchen/seq-07/color/frame-000106.color.png 0.999686 0.00374185 -0.0247974 0.0221745 -0.00366793 0.999989 0.00302866 -0.0115021 0.0248085 -0.00293677 0.999688 0.0124519 0.0 0.0 0.0 1.0
redkitchen/seq-07/color/frame-000104.color.png redkitchen/seq-07/color/frame-000107.color.png 0.999595 0.00620729 -0.0277868 0.0300791 -0.00612876 0.999977 0.00290815 -0.0104767 0.0278042 -0.00273667 0.99961 0.0122582 0.0 0.0 0.0 1.0
redkitchen/seq-07/color/frame-000105.color.png redkitchen/seq-07/color/frame-000108.color.png 0.999567 0.00808918 -0.0282843 0.0322895 -0.0081037 0.999967 -0.000400125 -0.00372809 0.0282801 0.000629151 0.9996 0.0171835 0.0 0.0 0.0 1.0
redkitchen/seq-07/color/frame-000106.color.png redkitchen/seq-07/color/frame-000109.color.png 0.999658 0.00598016 -0.025465 0.0302009 -0.00593461 0.999981 0.00186725 -0.0108055 0.0254756 -0.00171548 0.999674 0.0167356 0.0 0.0 0.0 1.0
redkitchen/seq-07/color/frame-000107.color.png redkitchen/seq-07/color/frame-000110.color.png 0.99962 0.00301884 -0.0274166 0.0385737 -0.00283312 0.999973 0.00681036 -0.0225877 0.0274365 -0.00673008 0.999601 0.00719297 0.0 0.0 0.0 1.0
redkitchen/seq-07/color/frame-000108.color.png redkitchen/seq-07/color/frame-000111.color.png 0.999753 0.00077744 -0.0222314 0.021095 -0.000512889 0.999929 0.0119025 -0.0328112 0.0222391 -0.0118882 0.999682 0.00897807 0.0 0.0 0.0 1.0
redkitchen/seq-07/color/frame-000109.color.png redkitchen/seq-07/color/frame-000112.color.png 0.999786 -0.00291432 -0.0204687 0.020505 0.00307354 0.999965 0.00774633 -0.0192605 0.0204453 -0.00780757 0.999761 0.0108728 0.0 0.0 0.0 1.0
redkitchen/seq-07/color/frame-000110.color.png redkitchen/seq-07/color/frame-000113.color.png 0.99982 -0.00432805 -0.0184578 0.0168325 0.00444638 0.99997 0.00637263 -0.0158852 0.0184295 -0.00645354 0.999809 0.0150604 0.0 0.0 0.0 1.0
redkitchen/seq-07/color/frame-000111.color.png redkitchen/seq-07/color/frame-000114.color.png 0.999789 -0.00477086 -0.0199922 0.0184188 0.00487749 0.999974 0.00529204 -0.02057 0.0199664 -0.00538843 0.999786 0.02038 0.0 0.0 0.0 1.0
redkitchen/seq-07/color/frame-000112.color.png redkitchen/seq-07/color/frame-000115.color.png 0.99983 -0.00341049 -0.0181282 0.0132625 0.00338806 0.999994 -0.00126845 -0.0102355 0.0181324 0.00120688 0.999835 0.0174436 0.0 0.0 0.0 1.0
redkitchen/seq-07/color/frame-000113.color.png redkitchen/seq-07/color/frame-000116.color.png 0.999842 -0.00216887 -0.0176659 0.0159495 0.0020931 0.999988 -0.00430443 -0.0037469 0.0176752 0.00426677 0.999835 0.0183021 0.0 0.0 0.0 1.0
redkitchen/seq-07/color/frame-000114.color.png redkitchen/seq-07/color/frame-000117.color.png 0.999835 -0.00391665 -0.0177295 0.0157225 0.00385509 0.999986 -0.00351009 -0.00609076 0.017743 0.0034412 0.999837 0.0229557 0.0 0.0 0.0 1.0
redkitchen/seq-07/color/frame-000115.color.png redkitchen/seq-07/color/frame-000118.color.png 0.999836 -0.00291658 -0.0178777 0.0126045 0.00292874 0.999996 0.00065829 -0.0214352 0.0178758 -0.00071055 0.99984 0.0222061 0.0 0.0 0.0 1.0
redkitchen/seq-07/color/frame-000116.color.png redkitchen/seq-07/color/frame-000119.color.png 0.999692 -0.00428678 -0.0244377 0.0203218 0.00419973 0.999985 -0.00361347 -0.0125611 0.0244528 0.00350971 0.999695 0.0250874 0.0 0.0 0.0 1.0
redkitchen/seq-07/color/frame-000117.color.png redkitchen/seq-07/color/frame-000120.color.png 0.999757 -0.0045815 -0.021571 0.0165704 0.00432454 0.999919 -0.0119387 0.00651467 0.0216241 0.0118425 0.999696 0.0220451 0.0 0.0 0.0 1.0
redkitchen/seq-07/color/frame-000118.color.png redkitchen/seq-07/color/frame-000121.color.png 0.999868 -0.00309756 -0.0159268 0.0131331 0.00294069 0.999947 -0.00986518 0.00822002 0.0159565 0.00981701 0.999824 0.0204989 0.0 0.0 0.0 1.0
redkitchen/seq-07/color/frame-000119.color.png redkitchen/seq-07/color/frame-000122.color.png 0.999923 -0.0111207 -0.00556329 -0.00810575 0.0110602 0.999881 -0.0107831 0.0100996 0.00568264 0.0107207 0.999926 0.00920844 0.0 0.0 0.0 1.0
redkitchen/seq-07/color/frame-000120.color.png redkitchen/seq-07/color/frame-000123.color.png 0.999898 -0.00192225 -0.0141301 0.0133927 0.00202332 0.999973 0.00714016 -0.0365075 0.014116 -0.00716804 0.999875 0.00987732 0.0 0.0 0.0 1.0
redkitchen/seq-07/color/frame-000121.color.png redkitchen/seq-07/color/frame-000124.color.png 0.999861 0.0011184 -0.0166259 0.00688225 -0.00100986 0.999978 0.00653473 -0.0310423 0.0166329 -0.00651703 0.99984 0.0126399 0.0 0.0 0.0 1.0
redkitchen/seq-07/color/frame-000122.color.png redkitchen/seq-07/color/frame-000125.color.png 0.999772 0.012404 -0.0173688 0.0107753 -0.0123138 0.99991 0.00529052 -0.0223688 0.0174329 -0.00507545 0.999835 0.0207468 0.0 0.0 0.0 1.0
redkitchen/seq-07/color/frame-000123.color.png redkitchen/seq-07/color/frame-000126.color.png 0.999851 0.0163021 -0.00572156 -0.00630903 -0.0163535 0.999825 -0.00906124 0.0119959 0.00557284 0.00915346 0.999943 0.0255558 0.0 0.0 0.0 1.0
redkitchen/seq-07/color/frame-000124.color.png redkitchen/seq-07/color/frame-000127.color.png 0.999942 0.00794083 -0.00732427 0.00271207 -0.0080079 0.999926 -0.00918053 0.00208384 0.00725076 0.00923865 0.999931 0.0438688 0.0 0.0 0.0 1.0
redkitchen/seq-07/color/frame-000125.color.png redkitchen/seq-07/color/frame-000128.color.png 0.999991 0.00366602 -0.0023304 -0.00991714 -0.00367707 0.999982 -0.00476575 -0.0128909 0.00231275 0.00477429 0.999986 0.0358882 0.0 0.0 0.0 1.0
redkitchen/seq-07/color/frame-000126.color.png redkitchen/seq-07/color/frame-000129.color.png 0.999894 0.00263679 -0.0143063 0.00789034 -0.00258457 0.99999 0.00367393 -0.0305032 0.0143158 -0.00363658 0.999891 0.0315912 0.0 0.0 0.0 1.0
redkitchen/seq-07/color/frame-000127.color.png redkitchen/seq-07/color/frame-000130.color.png 0.999637 0.00904066 -0.0253923 0.0248364 -0.00892258 0.999949 0.0047617 -0.0313766 0.0254341 -0.00453342 0.999666 0.0290636 0.0 0.0 0.0 1.0
redkitchen/seq-07/color/frame-000128.color.png redkitchen/seq-07/color/frame-000131.color.png 0.999806 0.00781226 -0.0180841 0.0163767 -0.00785788 0.999966 -0.00244912 -0.00299215 0.0180645 0.00259078 0.999833 0.0169454 0.0 0.0 0.0 1.0
redkitchen/seq-07/color/frame-000129.color.png redkitchen/seq-07/color/frame-000132.color.png 0.999894 0.00761687 -0.012409 0.00355834 -0.00774851 0.999914 -0.0105979 0.0149925 0.0123273 0.0106929 0.999867 0.0187911 0.0 0.0 0.0 1.0
redkitchen/seq-07/color/frame-000130.color.png redkitchen/seq-07/color/frame-000133.color.png 0.99996 0.0052053 -0.00724692 -0.00138259 -0.00530464 0.999891 -0.0137462 0.0184166 0.0071746 0.0137841 0.999879 0.0234115 0.0 0.0 0.0 1.0
redkitchen/seq-07/color/frame-000131.color.png redkitchen/seq-07/color/frame-000134.color.png 0.999831 0.00979028 -0.0155331 -0.00200266 -0.00966368 0.99992 0.00819899 -0.0540987 0.0156121 -0.00804748 0.999846 0.034952 0.0 0.0 0.0 1.0
redkitchen/seq-07/color/frame-000132.color.png redkitchen/seq-07/color/frame-000135.color.png 0.999908 -0.00104605 -0.0135393 -0.0111182 0.00112305 0.999983 0.00567952 -0.0309926 0.0135331 -0.00569414 0.999892 0.0108225 0.0 0.0 0.0 1.0
redkitchen/seq-07/color/frame-000133.color.png redkitchen/seq-07/color/frame-000136.color.png 0.999509 0.00289269 -0.0312115 0.0153155 -0.00190038 0.999493 0.0317745 -0.0875075 0.0312875 -0.0316995 0.999008 -0.0105776 0.0 0.0 0.0 1.0
redkitchen/seq-07/color/frame-000134.color.png redkitchen/seq-07/color/frame-000137.color.png 0.998796 0.00658328 -0.0486056 0.0367079 -0.00547006 0.99972 0.0230016 -0.0478105 0.0487433 -0.0227081 0.998553 -0.00139785 0.0 0.0 0.0 1.0
redkitchen/seq-07/color/frame-000135.color.png redkitchen/seq-07/color/frame-000138.color.png 0.998113 0.0136073 -0.0598788 0.0652054 -0.0129732 0.999856 0.010966 -0.0210327 0.0600194 -0.0101686 0.998145 0.0194939 0.0 0.0 0.0 1.0
redkitchen/seq-07/color/frame-000136.color.png redkitchen/seq-07/color/frame-000139.color.png 0.999003 0.0037823 -0.0444856 0.0358452 -0.00434117 0.999913 -0.0124745 0.0378305 0.0444345 0.0126552 0.998932 0.0300833 0.0 0.0 0.0 1.0
redkitchen/seq-07/color/frame-000137.color.png redkitchen/seq-07/color/frame-000140.color.png 0.999404 0.00552795 -0.0340891 0.0278233 -0.00555616 0.999984 -0.000733423 -0.0061568 0.0340844 0.000922377 0.999418 0.0212077 0.0 0.0 0.0 1.0
redkitchen/seq-07/color/frame-000138.color.png redkitchen/seq-07/color/frame-000141.color.png 0.999517 0.00984456 -0.0294648 0.0116749 -0.00884003 0.999382 0.0340322 -0.103005 0.0297816 -0.0337553 0.998986 -0.00177109 0.0 0.0 0.0 1.0
redkitchen/seq-07/color/frame-000139.color.png redkitchen/seq-07/color/frame-000142.color.png 0.999213 0.0144293 -0.0369403 0.0204279 -0.0136971 0.999706 0.0199979 -0.0603032 0.037218 -0.0194762 0.999117 0.0006845 0.0 0.0 0.0 1.0
redkitchen/seq-07/color/frame-000140.color.png redkitchen/seq-07/color/frame-000143.color.png 0.998994 0.0129557 -0.0429226 0.0355178 -0.0129655 0.999916 5.06673e-05 -0.000523686 0.0429198 0.000505926 0.999078 0.00741816 0.0 0.0 0.0 1.0
redkitchen/seq-07/color/frame-000141.color.png redkitchen/seq-07/color/frame-000144.color.png 0.99891 0.0142796 -0.0444444 0.0443551 -0.014421 0.999892 -0.00286292 0.00593871 0.0443986 0.00350073 0.999008 0.0178087 0.0 0.0 0.0 1.0
redkitchen/seq-07/color/frame-000142.color.png redkitchen/seq-07/color/frame-000145.color.png 0.998801 0.0164363 -0.0461047 0.0600596 -0.0164536 0.999865 6.39314e-06 -0.00643373 0.0460986 0.000752204 0.998937 0.0252844 0.0 0.0 0.0 1.0
redkitchen/seq-07/color/frame-000143.color.png redkitchen/seq-07/color/frame-000146.color.png 0.999065 0.0167598 -0.0398628 0.0401646 -0.016737 0.99986 0.000905029 -0.00986481 0.0398724 -0.000236999 0.999205 0.0241746 0.0 0.0 0.0 1.0
redkitchen/seq-07/color/frame-000144.color.png redkitchen/seq-07/color/frame-000147.color.png 0.999025 0.0170923 -0.0407017 0.0396182 -0.0170873 0.999854 0.000468186 -0.00660276 0.0407036 0.000227746 0.999171 0.0208633 0.0 0.0 0.0 1.0
redkitchen/seq-07/color/frame-000145.color.png redkitchen/seq-07/color/frame-000148.color.png 0.999005 0.0177877 -0.0408954 0.0443687 -0.0177615 0.999842 0.0010033 -0.00510448 0.0409068 -0.00027598 0.999163 0.0167199 0.0 0.0 0.0 1.0
redkitchen/seq-07/color/frame-000146.color.png redkitchen/seq-07/color/frame-000149.color.png 0.999096 0.0208571 -0.0370307 0.0402103 -0.0206018 0.999761 0.00726156 -0.0153455 0.0371733 -0.00649203 0.999288 0.00845909 0.0 0.0 0.0 1.0
redkitchen/seq-07/color/frame-000147.color.png redkitchen/seq-07/color/frame-000150.color.png 0.999274 0.0224603 -0.0307714 0.0309726 -0.0222856 0.999734 0.00600815 -0.00794393 0.0308983 -0.005318 0.999508 0.00515735 0.0 0.0 0.0 1.0
redkitchen/seq-07/color/frame-000148.color.png redkitchen/seq-07/color/frame-000151.color.png 0.999351 0.0185277 -0.0308809 0.0403413 -0.0187351 0.999804 -0.00643949 0.0254821 0.0307556 0.00701391 0.999502 0.0170028 0.0 0.0 0.0 1.0
redkitchen/seq-07/color/frame-000149.color.png redkitchen/seq-07/color/frame-000152.color.png 0.999138 0.0209324 -0.0358361 0.0543838 -0.0210308 0.999776 -0.00237078 0.00783968 0.0357784 0.00312237 0.999355 0.0329316 0.0 0.0 0.0 1.0
redkitchen/seq-07/color/frame-000150.color.png redkitchen/seq-07/color/frame-000153.color.png 0.999402 0.0198282 -0.0283382 0.0388562 -0.0195856 0.999769 0.00881389 -0.0150633 0.0285063 -0.00825367 0.99956 0.0153764 0.0 0.0 0.0 1.0
redkitchen/seq-07/color/frame-000151.color.png redkitchen/seq-07/color/frame-000154.color.png 0.998828 0.02839 -0.0392001 0.0474633 -0.0272434 0.999194 0.0294814 -0.0687223 0.0400053 -0.0283789 0.998796 0.018062 0.0 0.0 0.0 1.0
redkitchen/seq-07/color/frame-000152.color.png redkitchen/seq-07/color/frame-000155.color.png 0.998696 0.0244792 -0.0448065 0.0641504 -0.0236601 0.999545 0.0187202 -0.0309809 0.0452444 -0.0176358 0.99882 0.00469649 0.0 0.0 0.0 1.0
redkitchen/seq-07/color/frame-000153.color.png redkitchen/seq-07/color/frame-000156.color.png 0.997728 0.0183912 -0.064806 0.110317 -0.0182796 0.99983 0.00231409 0.00955307 0.0648376 -0.00112416 0.997895 0.0367677 0.0 0.0 0.0 1.0
redkitchen/seq-07/color/frame-000154.color.png redkitchen/seq-07/color/frame-000157.color.png 0.999327 0.0114213 -0.0348612 0.0587144 -0.0117641 0.999884 -0.00964352 0.0390396 0.034747 0.0100471 0.999346 0.00853908 0.0 0.0 0.0 1.0
redkitchen/seq-07/color/frame-000155.color.png redkitchen/seq-07/color/frame-000158.color.png 0.999549 0.0109945 -0.027948 0.0319177 -0.0110086 0.999939 -0.000350756 0.00586128 0.0279425 0.000658324 0.999609 0.0257981 0.0 0.0 0.0 1.0
redkitchen/seq-07/color/frame-000156.color.png redkitchen/seq-07/color/frame-000159.color.png 0.999568 0.012463 -0.02664 0.0276605 -0.0120921 0.999828 0.0140384 -0.0361151 0.0268103 -0.0137102 0.999546 0.0248027 0.0 0.0 0.0 1.0
redkitchen/seq-07/color/frame-000157.color.png redkitchen/seq-07/color/frame-000160.color.png 0.999055 0.0175419 -0.0397513 0.0396669 -0.0160713 0.999185 0.0370173 -0.0937896 0.0403684 -0.0363435 0.998524 0.0233045 0.0 0.0 0.0 1.0
redkitchen/seq-07/color/frame-000158.color.png redkitchen/seq-07/color/frame-000161.color.png 0.998557 0.013147 -0.0520618 0.0711179 -0.0115332 0.999447 0.0311766 -0.0673661 0.0524429 -0.0305312 0.998157 0.00952864 0.0 0.0 0.0 1.0
redkitchen/seq-07/color/frame-000159.color.png redkitchen/seq-07/color/frame-000162.color.png 0.998654 0.00246848 -0.0517992 0.0715024 -0.0016842 0.999883 0.0151784 -0.0165381 0.0518306 -0.0150708 0.998542 -0.00316501 0.0 0.0 0.0 1.0
redkitchen/seq-07/color/frame-000160.color.png redkitchen/seq-07/color/frame-000163.color.png 0.998615 -0.00288558 -0.0525317 0.0792916 0.00255893 0.999977 -0.00628679 0.0334265 0.0525487 0.00614364 0.9986 0.0272238 0.0 0.0 0.0 1.0
redkitchen/seq-07/color/frame-000161.color.png redkitchen/seq-07/color/frame-000164.color.png 0.999623 -0.00342844 -0.0272382 0.0333874 0.00340223 0.999994 -0.00100626 0.00778681 0.0272415 0.000913197 0.999628 0.00976682 0.0 0.0 0.0 1.0
redkitchen/seq-07/color/frame-000162.color.png redkitchen/seq-07/color/frame-000165.color.png 0.999757 -0.00194776 -0.0219573 0.0203407 0.0022805 0.999883 0.01514 -0.0362253 0.0219252 -0.0151865 0.999644 0.00802481 0.0 0.0 0.0 1.0
redkitchen/seq-07/color/frame-000163.color.png redkitchen/seq-07/color/frame-000166.color.png 0.999827 -0.00356902 -0.0182647 0.0104585 0.00417096 0.999446 0.0330314 -0.0784661 0.0181366 -0.0331018 0.999287 -0.012055 0.0 0.0 0.0 1.0
redkitchen/seq-07/color/frame-000164.color.png redkitchen/seq-07/color/frame-000167.color.png 0.999353 -0.0071115 -0.0352408 0.0273106 0.00823673 0.999457 0.0318875 -0.0627836 0.0349949 -0.0321572 0.99887 0.0126923 0.0 0.0 0.0 1.0
redkitchen/seq-07/color/frame-000165.color.png redkitchen/seq-07/color/frame-000168.color.png 0.999111 -0.0156275 -0.0391464 0.0401065 0.0162906 0.999728 0.0166774 -0.0270625 0.0388752 -0.0173003 0.999094 0.0115979 0.0 0.0 0.0 1.0
redkitchen/seq-07/color/frame-000166.color.png redkitchen/seq-07/color/frame-000169.color.png 0.999277 -0.0218541 -0.0311211 0.0376857 0.0215168 0.999707 -0.0111335 0.0311704 0.0313553 0.0104558 0.999454 0.020707 0.0 0.0 0.0 1.0
redkitchen/seq-07/color/frame-000167.color.png redkitchen/seq-07/color/frame-000170.color.png 0.999663 -0.0224007 -0.0131502 0.00777245 0.0221193 0.999531 -0.0211719 0.0396088 0.0136182 0.0208738 0.999689 0.0219775 0.0 0.0 0.0 1.0
redkitchen/seq-07/color/frame-000168.color.png redkitchen/seq-07/color/frame-000171.color.png 0.99991 -0.0113382 0.00713893 -0.0286292 0.0114545 0.999799 -0.0164686 0.0123637 -0.00695081 0.0165489 0.999839 0.0103669 0.0 0.0 0.0 1.0
redkitchen/seq-07/color/frame-000169.color.png redkitchen/seq-07/color/frame-000172.color.png 0.999964 -0.00255124 0.00807786 -0.0126532 0.00259472 0.999982 -0.00537562 -0.0193282 -0.00806399 0.00539635 0.999953 0.00896418 0.0 0.0 0.0 1.0
