redkitchen/seq-07/color/frame-000001.color.png redkitchen/seq-07/color/frame-000004.color.png 0.999947 -0.00306389 0.00982765 0.00592411 0.00301484 0.999983 0.00500178 -0.00130805 -0.00984281 -0.00497189 0.999939 0.00667459 0.0 0.0 0.0 1.0
redkitchen/seq-07/color/frame-000004.color.png redkitchen/seq-07/color/frame-000007.color.png 0.999955 -0.009348 -0.00136123 0.0111764 0.00935255 0.999951 0.00337221 0.00224527 0.00132964 -0.00338479 0.999993 0.00892575 0.0 0.0 0.0 1.0
redkitchen/seq-07/color/frame-000007.color.png redkitchen/seq-07/color/frame-000010.color.png 0.999973 -0.00506349 0.00537807 0.0123842 0.00503001 0.999968 0.0062207 -0.00237055 -0.00540939 -0.00619348 0.999966 0.00935513 0.0 0.0 0.0 1.0
redkitchen/seq-07/color/frame-000010.color.png redkitchen/seq-07/color/frame-000013.color.png 0.999996 0.0027067 -0.00019832 0.0181827 -0.00270645 0.999996 0.00123421 0.00156141 0.000201658 -0.00123367 0.999999 0.0113481 0.0 0.0 0.0 1.0
redkitchen/seq-07/color/frame-000013.color.png redkitchen/seq-07/color/frame-000016.color.png 0.999994 0.00271576 0.00216393 0.0215063 -0.00271753 0.999996 0.00081511 -0.00662302 -0.00216171 -0.000820991 0.999997 0.0156965 0.0 0.0 0.0 1.0
redkitchen/seq-07/color/frame-000016.color.png redkitchen/seq-07/color/frame-000019.color.png 0.999978 0.00408843 -0.00522982 0.029603 -0.00413734 0.999947 -0.0093772 0.00465809 0.00519121 0.00939864 0.999942 0.012447 0.0 0.0 0.0 1.0
redkitchen/seq-07/color/frame-000019.color.png redkitchen/seq-07/color/frame-000022.color.png 0.999946 0.0102808 0.00107967 0.0283296 -0.0102866 0.999932 0.00553538 -0.0103189 -0.00102269 -0.00554619 0.999984 0.0148712 0.0 0.0 0.0 1.0
redkitchen/seq-07/color/frame-000022.color.png redkitchen/seq-07/color/frame-000025.color.png 0.999969 0.00732651 -0.00278023 0.0293985 -0.00733928 0.999962 -0.00461118 -0.0038965 0.00274634 0.00463144 0.999986 0.00879827 0.0 0.0 0.0 1.0
redkitchen/seq-07/color/frame-000025.color.png redkitchen/seq-07/color/frame-000028.color.png 0.999944 0.00660608 -0.00832539 0.0414321 -0.00662137 0.999976 -0.00180954 -0.00495189 0.00831324 0.00186456 0.999964 0.0163663 0.0 0.0 0.0 1.0
redkitchen/seq-07/color/frame-000028.color.png redkitchen/seq-07/color/frame-000031.color.png 0.999871 0.0145875 -0.00670529 0.0462123 -0.014594 0.999893 -0.000928202 -0.0058183 0.00669104 0.00102594 0.999977 0.0238926 0.0 0.0 0.0 1.0
redkitchen/seq-07/color/frame-000031.color.png redkitchen/seq-07/color/frame-000034.color.png 0.999861 0.0119514 -0.0115914 0.0314161 -0.0119267 0.999926 0.00219428 -0.00176676 0.0116168 -0.00205572 0.999931 0.00655183 0.0 0.0 0.0 1.0
redkitchen/seq-07/color/frame-000034.color.png redkitchen/seq-07/color/frame-000037.color.png 0.999909 0.00589372 -0.0121339 0.0262673 -0.00581665 0.999963 0.00637717 -0.0133225 0.0121711 -0.00630601 0.999906 0.0202878 0.0 0.0 0.0 1.0
redkitchen/seq-07/color/frame-000037.color.png redkitchen/seq-07/color/frame-000040.color.png 0.999884 -0.00173092 -0.0151528 0.0249594 0.001737 0.999998 0.000388267 -0.0026014 0.0151521 -0.000414543 0.999885 0.00636446 0.0 0.0 0.0 1.0
redkitchen/seq-07/color/frame-000040.color.png redkitchen/seq-07/color/frame-000043.color.png 0.999975 0.0023268 -0.006704 0.0286801 -0.00230279 0.999991 0.00358752 -0.0103153 0.00671229 -0.00357199 0.999971 0.0315533 0.0 0.0 0.0 1.0
redkitchen/seq-07/color/frame-000043.color.png redkitchen/seq-07/color/frame-000046.color.png 0.999859 0.00428997 -0.0162167 0.0238147 -0.00434001 0.999986 -0.00305163 -0.0014675 0.0162034 0.00312158 0.999864 0.028719 0.0 0.0 0.0 1.0
redkitchen/seq-07/color/frame-000046.color.png redkitchen/seq-07/color/frame-000049.color.png 0.999785 0.010062 -0.0181454 0.0161504 -0.0100599 0.999949 0.00020453 -0.00637122 0.0181466 -2.19491e-05 0.999835 0.0279097 0.0 0.0 0.0 1.0
redkitchen/seq-07/color/frame-000049.color.png redkitchen/seq-07/color/frame-000052.color.png 0.999693 0.0220114 -0.0113938 0.0251973 -0.0220062 0.999758 0.000576911 -0.00694271 0.0114037 -0.000326 0.999935 0.0299324 0.0 0.0 0.0 1.0
redkitchen/seq-07/color/frame-000052.color.png redkitchen/seq-07/color/frame-000055.color.png 0.999806 0.0171663 -0.00968339 0.0163678 -0.0171763 0.999852 -0.000946185 -0.0128233 0.00966571 0.00111233 0.999953 0.0338944 0.0 0.0 0.0 1.0
redkitchen/seq-07/color/frame-000055.color.png redkitchen/seq-07/color/frame-000058.color.png 0.99997 0.00768384 -0.000965291 0.0221144 -0.00769215 0.999931 -0.00894372 -0.0087477 0.000896493 0.00895088 0.99996 0.0388851 0.0 0.0 0.0 1.0
redkitchen/seq-07/color/frame-000058.color.png redkitchen/seq-07/color/frame-000061.color.png 0.999794 0.0119229 -0.0163971 0.0171562 -0.0119395 0.999928 -0.000912402 -0.0175422 0.016385 0.00110799 0.999865 0.0307793 0.0 0.0 0.0 1.0
redkitchen/seq-07/color/frame-000061.color.png redkitchen/seq-07/color/frame-000064.color.png 0.999799 0.0195448 -0.00441509 0.0147713 -0.0195611 0.999802 -0.00366567 -0.00972714 0.00434254 0.0037513 0.999983 0.0338743 0.0 0.0 0.0 1.0
redkitchen/seq-07/color/frame-000064.color.png redkitchen/seq-07/color/frame-000067.color.png 0.999577 -0.00328895 -0.0288986 0.0297202 0.00310866 0.999975 -0.00628013 -0.0203114 0.0289186 0.00618764 0.999563 0.0390421 0.0 0.0 0.0 1.0
redkitchen/seq-07/color/frame-000067.color.png redkitchen/seq-07/color/frame-000070.color.png 0.999646 0.0116127 -0.0239398 0.0270793 -0.0115954 0.999932 0.000857859 -0.0129697 0.0239481 -0.000579966 0.999713 0.0170987 0.0 0.0 0.0 1.0
redkitchen/seq-07/color/frame-000070.color.png redkitchen/seq-07/color/frame-000073.color.png 0.999372 0.00943654 -0.0341667 0.0340747 -0.00938109 0.999954 0.00178271 -0.0205643 0.0341819 -0.00146107 0.999415 0.0347649 0.0 0.0 0.0 1.0
redkitchen/seq-07/color/frame-000073.color.png redkitchen/seq-07/color/frame-000076.color.png 0.999505 0.0163661 -0.0268785 0.0248752 -0.0166757 0.999797 -0.0113324 0.00463298 0.0266875 0.011775 0.999574 0.0178307 0.0 0.0 0.0 1.0
redkitchen/seq-07/color/frame-000076.color.png redkitchen/seq-07/color/frame-000079.color.png 0.999511 0.0127919 -0.0285174 0.0315962 -0.0128159 0.999918 -0.00066006 -0.0160121 0.0285066 0.00102521 0.999593 0.0302824 0.0 0.0 0.0 1.0
redkitchen/seq-07/color/frame-000079.color.png redkitchen/seq-07/color/frame-000082.color.png 0.999505 0.0115623 -0.0292659 0.0333087 -0.0120032 0.999816 -0.0149362 0.00457078 0.0290878 0.0152801 0.99946 0.022202 0.0 0.0 0.0 1.0
redkitchen/seq-07/color/frame-000082.color.png redkitchen/seq-07/color/frame-000085.color.png 0.99952 0.0231184 -0.0206438 0.0329758 -0.0231899 0.999726 -0.00323316 -0.00202 0.0205634 0.00371034 0.999781 0.0234696 0.0 0.0 0.0 1.0
redkitchen/seq-07/color/frame-000085.color.png redkitchen/seq-07/color/frame-000088.color.png 0.999245 0.0163234 -0.0352495 0.0477616 -0.0165126 0.999851 -0.00508096 -0.0145019 0.0351613 0.00565918 0.999366 0.0195088 0.0 0.0 0.0 1.0
redkitchen/seq-07/color/frame-000088.color.png redkitchen/seq-07/color/frame-000091.color.png 0.99909 0.0174244 -0.0389222 0.0483319 -0.0177156 0.999818 -0.007149 -0.00965798 0.0387906 0.00783204 0.999217 0.0123034 0.0 0.0 0.0 1.0
redkitchen/seq-07/color/frame-000091.color.png redkitchen/seq-07/color/frame-000094.color.png 0.999183 0.0216232 -0.0341344 0.0460206 -0.0218374 0.999744 -0.00591294 -0.00234529 0.0339978 0.0066535 0.9994 0.0119615 0.0 0.0 0.0 1.0
redkitchen/seq-07/color/frame-000094.color.png redkitchen/seq-07/color/frame-000097.color.png 0.9994 0.00408524 -0.0343907 0.0404005 -0.00423337 0.999982 -0.00423584 -0.0074909 0.0343728 0.00437887 0.999399 0.00771934 0.0 0.0 0.0 1.0
redkitchen/seq-07/color/frame-000097.color.png redkitchen/seq-07/color/frame-000100.color.png 0.999627 0.00411449 -0.0269956 0.0287982 -0.00412168 0.999991 -0.000208703 -0.0110234 0.0269945 0.000319901 0.999635 0.0129285 0.0 0.0 0.0 1.0
redkitchen/seq-07/color/frame-000100.color.png redkitchen/seq-07/color/frame-000103.color.png 0.999761 0.00465223 -0.0213474 0.0266874 -0.00467397 0.999989 -0.000971534 -0.00108588 0.0213425 0.00107108 0.999772 0.0048334 0.0 0.0 0.0 1.0
redkitchen/seq-07/color/frame-000103.color.png redkitchen/seq-07/color/frame-000106.color.png 0.999686 0.00374185 -0.0247974 0.0221745 -0.00366793 0.999989 0.00302866 -0.0115021 0.0248085 -0.00293677 0.999688 0.0124519 0.0 0.0 0.0 1.0
redkitchen/seq-07/color/frame-000106.color.png redkitchen/seq-07/color/frame-000109.color.png 0.999658 0.00598016 -0.025465 0.0302009 -0.00593461 0.999981 0.00186725 -0.0108055 0.0254756 -0.00171548 0.999674 0.0167356 0.0 0.0 0.0 1.0
redkitchen/seq-07/color/frame-000109.color.png redkitchen/seq-07/color/frame-000112.color.png 0.999786 -0.00291432 -0.0204687 0.020505 0.00307354 0.999965 0.00774633 -0.0192605 0.0204453 -0.00780757 0.999761 0.0108728 0.0 0.0 0.0 1.0
redkitchen/seq-07/color/frame-000112.color.png redkitchen/seq-07/color/frame-000115.color.png 0.99983 -0.00341049 -0.0181282 0.0132625 0.00338806 0.999994 -0.00126845 -0.0102355 0.0181324 0.00120688 0.999835 0.0174436 0.0 0.0 0.0 1.0
redkitchen/seq-07/color/frame-000115.color.png redkitchen/seq-07/color/frame-000118.color.png 0.999836 -0.00291658 -0.0178777 0.0126045 0.00292874 0.999996 0.00065829 -0.0214352 0.0178758 -0.00071055 0.99984 0.0222061 0.0 0.0 0.0 1.0
redkitchen/seq-07/color/frame-000118.color.png redkitchen/seq-07/color/frame-000121.color.png 0.999868 -0.00309756 -0.0159268 0.0131331 0.00294069 0.999947 -0.00986518 0.00822002 0.0159565 0.00981701 0.999824 0.0204989 0.0 0.0 0.0 1.0
redkitchen/seq-07/color/frame-000121.color.png redkitchen/seq-07/color/frame-000124.color.png 0.999861 0.0011184 -0.0166259 0.00688225 -0.00100986 0.999978 0.00653473 -0.0310423 0.0166329 -0.00651703 0.99984 0.0126399 0.0 0.0 0.0 1.0
redkitchen/seq-07/color/frame-000124.color.png redkitchen/seq-07/color/frame-000127.color.png 0.999942 0.00794083 -0.00732427 0.00271207 -0.0080079 0.999926 -0.00918053 0.00208384 0.00725076 0.00923865 0.999931 0.0438688 0.0 0.0 0.0 1.0
redkitchen/seq-07/color/frame-000127.color.png redkitchen/seq-07/color/frame-000130.color.png 0.999637 0.00904066 -0.0253923 0.0248364 -0.00892258 0.999949 0.0047617 -0.0313766 0.0254341 -0.00453342 0.999666 0.0290636 0.0 0.0 0.0 1.0
redkitchen/seq-07/color/frame-000130.color.png redkitchen/seq-07/color/frame-000133.color.png 0.99996 0.0052053 -0.00724692 -0.00138259 -0.00530464 0.999891 -0.0137462 0.0184166 0.0071746 0.0137841 0.999879 0.0234115 0.0 0.0 0.0 1.0
redkitchen/seq-07/color/frame-000133.color.png redkitchen/seq-07/color/frame-000136.color.png 0.999509 0.00289269 -0.0312115 0.0153155 -0.00190038 0.999493 0.0317745 -0.0875075 0.0312875 -0.0316995 0.999008 -0.0105776 0.0 0.0 0.0 1.0
redkitchen/seq-07/color/frame-000136.color.png redkitchen/seq-07/color/frame-000139.color.png 0.999003 0.0037823 -0.0444856 0.0358452 -0.00434117 0.999913 -0.0124745 0.0378305 0.0444345 0.0126552 0.998932 0.0300833 0.0 0.0 0.0 1.0
redkitchen/seq-07/color/frame-000139.color.png redkitchen/seq-07/color/frame-000142.color.png 0.999213 0.0144293 -0.0369403 0.0204279 -0.0136971 0.999706 0.0199979 -0.0603032 0.037218 -0.0194762 0.999117 0.0006845 0.0 0.0 0.0 1.0
redkitchen/seq-07/color/frame-000142.color.png redkitchen/seq-07/color/frame-000145.color.png 0.998801 0.0164363 -0.0461047 0.0600596 -0.0164536 0.999865 6.39314e-06 -0.00643373 0.0460986 0.000752204 0.998937 0.0252844 0.0 0.0 0.0 1.0
redkitchen/seq-07/color/frame-000145.color.png redkitchen/seq-07/color/frame-000148.color.png 0.999005 0.0177877 -0.0408954 0.0443687 -0.0177615 0.999842 0.0010033 -0.00510448 0.0409068 -0.00027598 0.999163 0.0167199 0.0 0.0 0.0 1.0
redkitchen/seq-07/color/frame-000148.color.png redkitchen/seq-07/color/frame-000151.color.png 0.999351 0.0185277 -0.0308809 0.0403413 -0.0187351 0.999804 -0.00643949 0.0254821 0.0307556 0.00701391 0.999502 0.0170028 0.0 0.0 0.0 1.0
redkitchen/seq-07/color/frame-000151.color.png redkitchen/seq-07/color/frame-000154.color.png 0.998828 0.02839 -0.0392001 0.0474633 -0.0272434 0.999194 0.0294814 -0.0687223 0.0400053 -0.0283789 0.998796 0.018062 0.0 0.0 0.0 1.0
redkitchen/seq-07/color/frame-000154.color.png redkitchen/seq-07/color/frame-000157.color.png 0.999327 0.0114213 -0.0348612 0.0587144 -0.0117641 0.999884 -0.00964352 0.0390396 0.034747 0.0100471 0.999346 0.00853908 0.0 0.0 0.0 1.0
redkitchen/seq-07/color/frame-000157.color.png redkitchen/seq-07/color/frame-000160.color.png 0.999055 0.0175419 -0.0397513 0.0396669 -0.0160713 0.999185 0.0370173 -0.0937896 0.0403684 -0.0363435 0.998524 0.0233045 0.0 0.0 0.0 1.0
redkitchen/seq-07/color/frame-000160.color.png redkitchen/seq-07/color/frame-000163.color.png 0.998615 -0.00288558 -0.0525317 0.0792916 0.00255893 0.999977 -0.00628679 0.0334265 0.0525487 0.00614364 0.9986 0.0272238 0.0 0.0 0.0 1.0
redkitchen/seq-07/color/frame-000163.color.png redkitchen/seq-07/color/frame-000166.color.png 0.999827 -0.00356902 -0.0182647 0.0104585 0.00417096 0.999446 0.0330314 -0.0784661 0.0181366 -0.0331018 0.999287 -0.012055 0.0 0.0 0.0 1.0
redkitchen/seq-07/color/frame-000166.color.png redkitchen/seq-07/color/frame-000169.color.png 0.999277 -0.0218541 -0.0311211 0.0376857 0.0215168 0.999707 -0.0111335 0.0311704 0.0313553 0.0104558 0.999454 0.020707 0.0 0.0 0.0 1.0
redkitchen/seq-07/color/frame-000169.color.png redkitchen/seq-07/color/frame-000172.color.png 0.999964 -0.00255124 0.00807786 -0.0126532 0.00259472 0.999982 -0.00537562 -0.0193282 -0.00806399 0.00539635 0.999953 0.00896418 0.0 0.0 0.0 1.0
redkitchen/seq-07/color/frame-000172.color.png redkitchen/seq-07/color/frame-000175.color.png 0.999936 -0.00377359 0.0106402 -0.039014 0.00361656 0.999885 0.0147392 -0.0362814 -0.0106947 -0.0146998 0.999835 0.00148726 0.0 0.0 0.0 1.0
redkitchen/seq-07/color/frame-000175.color.png redkitchen/seq-07/color/frame-000178.color.png 0.99995 -0.00912166 0.00402349 -0.0313741 0.00916421 0.999901 -0.0106858 0.0205517 -0.00392559 0.0107221 0.999935 0.0263926 0.0 0.0 0.0 1.0
redkitchen/seq-07/color/frame-000178.color.png redkitchen/seq-07/color/frame-000181.color.png 0.999864 0.0147798 0.00731816 -0.0297378 -0.0149419 0.999633 0.0226051 -0.0571688 -0.0069814 -0.0227113 0.999718 -0.00579989 0.0 0.0 0.0 1.0
redkitchen/seq-07/color/frame-000181.color.png redkitchen/seq-07/color/frame-000184.color.png 0.999579 0.0289421 -0.0022024 -0.0162415 -0.0289175 0.999527 0.0104679 -0.0150161 0.00250428 -0.0103998 0.999943 0.00927484 0.0 0.0 0.0 1.0
redkitchen/seq-07/color/frame-000184.color.png redkitchen/seq-07/color/frame-000187.color.png 0.999316 0.0320573 -0.0184169 -0.0161275 -0.031819 0.999408 0.0130936 -0.049155 0.0188258 -0.0124987 0.999745 0.0369467 0.0 0.0 0.0 1.0
redkitchen/seq-07/color/frame-000187.color.png redkitchen/seq-07/color/frame-000190.color.png 0.999074 0.00717365 -0.0424327 0.0589155 -0.00901855 0.999015 -0.0434482 0.101404 0.0420792 0.0437907 0.998154 0.0155684 0.0 0.0 0.0 1.0
redkitchen/seq-07/color/frame-000190.color.png redkitchen/seq-07/color/frame-000193.color.png 0.999898 -0.00511378 0.0133605 -0.0854512 0.00518986 0.99997 -0.00566277 -0.0547818 -0.0133312 0.00573152 0.999895 0.0163834 0.0 0.0 0.0 1.0
redkitchen/seq-07/color/frame-000193.color.png redkitchen/seq-07/color/frame-000196.color.png 0.998125 -0.0211335 -0.0574444 0.0774101 0.0204412 0.999711 -0.0126102 0.0353571 0.0576943 0.0114123 0.998269 0.00902545 0.0 0.0 0.0 1.0
redkitchen/seq-07/color/frame-000196.color.png redkitchen/seq-07/color/frame-000199.color.png 0.99985 0.0152413 -0.00826143 -0.00583395 -0.015277 0.999874 -0.00427226 -0.0136858 0.00819518 0.00439787 0.999957 0.0100396 0.0 0.0 0.0 1.0
redkitchen/seq-07/color/frame-000199.color.png redkitchen/seq-07/color/frame-000202.color.png 0.999116 0.0288593 -0.0305754 0.0443768 -0.0285414 0.999534 0.0107847 -0.0328669 0.0308724 -0.00990244 0.999474 0.000340939 0.0 0.0 0.0 1.0
redkitchen/seq-07/color/frame-000202.color.png redkitchen/seq-07/color/frame-000205.color.png 0.999218 0.0317507 -0.0235533 0.037264 -0.0327334 0.998556 -0.0425861 0.0683516 0.0221672 0.0433238 0.998815 0.0286046 0.0 0.0 0.0 1.0
redkitchen/seq-07/color/frame-000205.color.png redkitchen/seq-07/color/frame-000208.color.png 0.998449 0.0287873 -0.0476619 0.0807198 -0.0300906 0.999186 -0.0268564 0.0343443 0.04685 0.0282489 0.998502 0.0348351 0.0 0.0 0.0 1.0
redkitchen/seq-07/color/frame-000208.color.png redkitchen/seq-07/color/frame-000211.color.png 0.999439 0.0329066 -0.00628099 0.0174026 -0.0330058 0.999321 -0.016395 -0.00428182 0.00573727 0.016593 0.999846 -0.00287211 0.0 0.0 0.0 1.0
redkitchen/seq-07/color/frame-000211.color.png redkitchen/seq-07/color/frame-000214.color.png 0.99798 0.0588275 -0.0239748 0.0560917 -0.0593863 0.997963 -0.0233026 0.0294118 0.0225551 0.0246795 0.999441 0.0288032 0.0 0.0 0.0 1.0
redkitchen/seq-07/color/frame-000214.color.png redkitchen/seq-07/color/frame-000217.color.png 0.995692 0.0919899 -0.0115991 0.0377673 -0.0921729 0.995609 -0.0163625 0.00925368 0.010043 0.0173612 0.999799 0.0123295 0.0 0.0 0.0 1.0
redkitchen/seq-07/color/frame-000217.color.png redkitchen/seq-07/color/frame-000220.color.png 0.997605 0.0638134 -0.026696 0.0453419 -0.0641884 0.997847 -0.0134363 0.0108082 0.0257812 0.0151176 0.999553 0.02167 0.0 0.0 0.0 1.0
redkitchen/seq-07/color/frame-000220.color.png redkitchen/seq-07/color/frame-000223.color.png 0.997783 0.0134877 -0.0651713 0.0518902 -0.0130207 0.999886 0.007586 -0.0141209 0.0652662 -0.00672056 0.997845 0.0488206 0.0 0.0 0.0 1.0
redkitchen/seq-07/color/frame-000223.color.png redkitchen/seq-07/color/frame-000226.color.png 0.999817 -0.00182986 -0.0190364 -0.00299037 0.0021957 0.999813 0.0192126 -0.02997 0.0189977 -0.0192509 0.999634 -0.0223582 0.0 0.0 0.0 1.0
redkitchen/seq-07/color/frame-000226.color.png redkitchen/seq-07/color/frame-000229.color.png 0.999916 0.0116252 -0.00574531 -0.066152 -0.011564 0.999877 0.0105635 -0.0129719 0.00586743 -0.0104961 0.999928 0.0143505 0.0 0.0 0.0 1.0
redkitchen/seq-07/color/frame-000229.color.png redkitchen/seq-07/color/frame-000232.color.png 0.99985 0.000434167 -0.01733 -0.0274755 -0.000565981 0.999971 -0.00759824 0.0163074 0.0173261 0.00760682 0.999821 0.0117838 0.0 0.0 0.0 1.0
redkitchen/seq-07/color/frame-000232.color.png redkitchen/seq-07/color/frame-000235.color.png 0.999512 0.00750781 -0.0303234 0.00114167 -0.00744337 0.99997 0.00223127 0.00285083 0.0303394 -0.00200442 0.999538 0.00437772 0.0 0.0 0.0 1.0
redkitchen/seq-07/color/frame-000235.color.png redkitchen/seq-07/color/frame-000238.color.png 0.99927 0.0168484 -0.0342876 0.00874245 -0.0166386 0.999841 0.00639671 -0.0103875 0.0343899 -0.00582151 0.999392 0.00348747 0.0 0.0 0.0 1.0
redkitchen/seq-07/color/frame-000238.color.png redkitchen/seq-07/color/frame-000241.color.png 0.999896 0.00842766 -0.0116645 -0.0387432 -0.00843226 0.999964 -0.000334711 -0.00751507 0.0116612 0.000433024 0.999932 0.00738478 0.0 0.0 0.0 1.0
redkitchen/seq-07/color/frame-000241.color.png redkitchen/seq-07/color/frame-000244.color.png 0.999958 0.00859937 0.00306092 -0.0517716 -0.0085642 0.9999 -0.0112925 0.0262251 -0.00315771 0.0112658 0.999932 -0.00169075 0.0 0.0 0.0 1.0
redkitchen/seq-07/color/frame-000244.color.png redkitchen/seq-07/color/frame-000247.color.png 0.999888 -0.0141929 -0.00480514 -0.0579098 0.0141478 0.999857 -0.00926432 0.0269089 0.00493596 0.00919528 0.999946 0.000397086 0.0 0.0 0.0 1.0
redkitchen/seq-07/color/frame-000247.color.png redkitchen/seq-07/color/frame-000250.color.png 0.999766 -0.00593307 -0.0207985 -0.0191092 0.00585893 0.999976 -0.00362288 0.0263683 0.0208195 0.00350018 0.999777 0.00217211 0.0 0.0 0.0 1.0
redkitchen/seq-07/color/frame-000250.color.png redkitchen/seq-07/color/frame-000253.color.png 0.999849 0.00619404 -0.0162363 -0.0225407 -0.00624761 0.999975 -0.00324978 0.0069102 0.0162158 0.0033507 0.999863 0.00974989 0.0 0.0 0.0 1.0
redkitchen/seq-07/color/frame-000253.color.png redkitchen/seq-07/color/frame-000256.color.png 0.999591 -0.0148361 -0.0244542 -0.0168142 0.0145513 0.999825 -0.0117911 0.0423488 0.0246248 0.0114305 0.999631 0.0305672 0.0 0.0 0.0 1.0
redkitchen/seq-07/color/frame-000256.color.png redkitchen/seq-07/color/frame-000259.color.png 0.999813 0.00329349 -0.0190444 -0.0241017 -0.00366645 0.999802 -0.0195788 0.0386069 0.0189761 0.0196449 0.999627 0.0258813 0.0 0.0 0.0 1.0
redkitchen/seq-07/color/frame-000259.color.png redkitchen/seq-07/color/frame-000262.color.png 0.999887 -0.00195528 -0.0149105 -0.0116058 0.00188029 0.999986 -0.00504864 0.0126019 0.0149202 0.00502005 0.999876 0.0144475 0.0 0.0 0.0 1.0
redkitchen/seq-07/color/frame-000262.color.png redkitchen/seq-07/color/frame-000265.color.png 0.999734 -0.000843311 -0.0230422 -0.0237441 0.000881446 0.999998 0.00164914 0.00318152 0.0230408 -0.00166891 0.999733 0.0349954 0.0 0.0 0.0 1.0
redkitchen/seq-07/color/frame-000265.color.png redkitchen/seq-07/color/frame-000268.color.png 0.999892 0.0108884 -0.00987642 -0.0207963 -0.0109125 0.999938 -0.00238731 -0.0010947 0.0098498 0.00249468 0.999948 0.00856447 0.0 0.0 0.0 1.0
redkitchen/seq-07/color/frame-000268.color.png redkitchen/seq-07/color/frame-000271.color.png 0.999933 0.00668781 -0.00947909 -0.0238853 -0.00672795 0.999969 -0.00421852 0.00303108 0.00945057 0.00428211 0.999946 0.00672364 0.0 0.0 0.0 1.0
redkitchen/seq-07/color/frame-000271.color.png redkitchen/seq-07/color/frame-000274.color.png 0.999802 -0.00101099 -0.0198952 -0.01375 0.000971567 0.999997 -0.00198986 0.00922501 0.019897 0.00196992 0.9998 0.0178496 0.0 0.0 0.0 1.0
redkitchen/seq-07/color/frame-000274.color.png redkitchen/seq-07/color/frame-000277.color.png 0.999935 0.00284209 -0.0110236 -0.0306227 -0.00281655 0.999993 0.00233955 0.00459862 0.0110302 -0.00230827 0.999937 -0.00299144 0.0 0.0 0.0 1.0
redkitchen/seq-07/color/frame-000277.color.png redkitchen/seq-07/color/frame-000280.color.png 0.99987 0.000399592 -0.0161436 -0.0240091 -0.000518919 0.999973 -0.00739527 0.0204385 0.0161402 0.00740271 0.999842 0.0104526 0.0 0.0 0.0 1.0
redkitchen/seq-07/color/frame-000280.color.png redkitchen/seq-07/color/frame-000283.color.png 0.999907 0.0031173 -0.013241 -0.0300001 -0.00299354 0.999952 0.00936909 -0.00755847 0.0132695 -0.00932859 0.999868 -0.0106022 0.0 0.0 0.0 1.0
redkitchen/seq-07/color/frame-000283.color.png redkitchen/seq-07/color/frame-000286.color.png 0.999843 0.0161783 -0.00719515 -0.0325689 -0.0161322 0.999849 0.00640286 -0.0266072 0.00729772 -0.00628569 0.999954 -0.00246787 0.0 0.0 0.0 1.0
redkitchen/seq-07/color/frame-000286.color.png redkitchen/seq-07/color/frame-000289.color.png 0.999741 0.0142834 0.0177149 -0.0683464 -0.0146769 0.999644 0.0222827 -0.0500532 -0.0173904 -0.0225369 0.999595 -0.0607984 0.0 0.0 0.0 1.0
redkitchen/seq-07/color/frame-000289.color.png redkitchen/seq-07/color/frame-000292.color.png 0.999949 0.00237242 0.00983674 -0.0546817 -0.00246002 0.999957 0.00891078 -0.00712359 -0.00981517 -0.00893455 0.999912 -0.0399721 0.0 0.0 0.0 1.0
redkitchen/seq-07/color/frame-000292.color.png redkitchen/seq-07/color/frame-000295.color.png 0.999825 0.0096203 -0.0160176 -0.00648081 -0.00955723 0.999946 0.00401585 -0.00877327 0.0160554 -0.00386206 0.999864 0.00711989 0.0 0.0 0.0 1.0
redkitchen/seq-07/color/frame-000295.color.png redkitchen/seq-07/color/frame-000298.color.png 0.999728 0.013958 -0.0186972 -0.00104392 -0.0136911 0.999804 0.0143215 -0.0277146 0.0188934 -0.0140616 0.999723 0.0117741 0.0 0.0 0.0 1.0
redkitchen/seq-07/color/frame-000298.color.png redkitchen/seq-07/color/frame-000301.color.png 0.999755 0.0103139 -0.0195851 -0.00414395 -0.0102283 0.999938 0.00445889 -0.00623292 0.0196298 -0.00425753 0.999798 -0.00230086 0.0 0.0 0.0 1.0
redkitchen/seq-07/color/frame-000301.color.png redkitchen/seq-07/color/frame-000304.color.png 0.999701 0.0138412 -0.0201813 0.000557065 -0.0136684 0.999869 0.00867503 -0.0241581 0.0202987 -0.00839654 0.999759 0.0149598 0.0 0.0 0.0 1.0
redkitchen/seq-07/color/frame-000304.color.png redkitchen/seq-07/color/frame-000307.color.png 0.999845 0.00461851 -0.0169684 -0.0198077 -0.00433109 0.999847 0.0169386 -0.014535 0.0170441 -0.0168626 0.999712 0.000202417 0.0 0.0 0.0 1.0
redkitchen/seq-07/color/frame-000307.color.png redkitchen/seq-07/color/frame-000310.color.png 0.999875 0.0035436 -0.0154324 -0.0160826 -0.00345118 0.999976 0.00600629 0.00133377 0.0154534 -0.00595219 0.999863 0.00197542 0.0 0.0 0.0 1.0
redkitchen/seq-07/color/frame-000310.color.png redkitchen/seq-07/color/frame-000313.color.png 0.999805 0.00854336 -0.017795 -0.0187634 -0.00852127 0.999963 0.00132426 0.00114739 0.0178056 -0.0011723 0.999841 0.00470936 0.0 0.0 0.0 1.0
redkitchen/seq-07/color/frame-000313.color.png redkitchen/seq-07/color/frame-000316.color.png 0.999823 0.00642431 -0.0176702 -0.00232422 -0.00634657 0.99997 0.00444541 -0.00503606 0.0176983 -0.00433263 0.999834 0.00121033 0.0 0.0 0.0 1.0
redkitchen/seq-07/color/frame-000316.color.png redkitchen/seq-07/color/frame-000319.color.png 0.999567 0.0210385 -0.0205861 0.0127299 -0.0210909 0.999775 -0.00233074 -0.00669187 0.0205325 0.00276411 0.999785 0.0210581 0.0 0.0 0.0 1.0
redkitchen/seq-07/color/frame-000319.color.png redkitchen/seq-07/color/frame-000322.color.png 0.999731 0.0168492 -0.0159115 0.000285029 -0.0169187 0.999848 -0.00423983 -0.0226094 0.0158375 0.00450786 0.999864 0.008322 0.0 0.0 0.0 1.0
redkitchen/seq-07/color/frame-000322.color.png redkitchen/seq-07/color/frame-000325.color.png 0.999535 0.0126663 -0.027728 0.0219353 -0.0127184 0.999918 -0.0017054 0.00191194 0.027704 0.00205713 0.999614 0.0272759 0.0 0.0 0.0 1.0
redkitchen/seq-07/color/frame-000325.color.png redkitchen/seq-07/color/frame-000328.color.png 0.999714 0.0166576 -0.0171405 0.0116806 -0.0167576 0.999843 -0.00571335 -0.010663 0.0170427 0.00599903 0.999837 0.0117451 0.0 0.0 0.0 1.0
redkitchen/seq-07/color/frame-000328.color.png redkitchen/seq-07/color/frame-000331.color.png 0.999837 0.0139123 -0.0115485 0.00716853 -0.0139231 0.999903 -0.00085799 -0.00699955 0.0115353 0.00101858 0.999933 0.00208282 0.0 0.0 0.0 1.0
redkitchen/seq-07/color/frame-000331.color.png redkitchen/seq-07/color/frame-000334.color.png 0.999845 0.0110889 -0.0136927 0.00285542 -0.0110076 0.999921 0.00600956 -4.50015e-05 0.0137583 -0.00585781 0.999888 0.00579214 0.0 0.0 0.0 1.0
redkitchen/seq-07/color/frame-000334.color.png redkitchen/seq-07/color/frame-000337.color.png 0.999923 0.00755678 0.00986503 -0.0238963 -0.00757828 0.999969 0.00214716 -0.00143984 -0.00984862 -0.00222174 0.999949 -0.0524286 0.0 0.0 0.0 1.0
redkitchen/seq-07/color/frame-000337.color.png redkitchen/seq-07/color/frame-000340.color.png 0.99992 -0.00528025 0.0114957 -0.0267146 0.00525637 0.999984 0.00210135 0.0209289 -0.0115065 -0.00204088 0.999932 -0.0406746 0.0 0.0 0.0 1.0
redkitchen/seq-07/color/frame-000340.color.png redkitchen/seq-07/color/frame-000343.color.png 0.999978 0.00605911 -0.00271025 -0.0101612 -0.00603845 0.999953 0.00754027 -0.00258753 0.00275586 -0.00752367 0.999968 -0.0171149 0.0 0.0 0.0 1.0
redkitchen/seq-07/color/frame-000343.color.png redkitchen/seq-07/color/frame-000346.color.png 0.999971 -0.00358393 0.0066809 -0.0214612 0.00361856 0.99998 -0.00519398 0.0329368 -0.00666225 0.00521798 0.999964 -0.0330653 0.0 0.0 0.0 1.0
redkitchen/seq-07/color/frame-000346.color.png redkitchen/seq-07/color/frame-000349.color.png 0.999921 -0.0102075 0.0073316 -0.0275848 0.0101741 0.999938 0.00457316 0.0377829 -0.00737767 -0.00449818 0.999963 -0.0504063 0.0 0.0 0.0 1.0
redkitchen/seq-07/color/frame-000349.color.png redkitchen/seq-07/color/frame-000352.color.png 0.999896 -0.0136716 0.00452496 -0.0166829 0.0136833 0.999903 -0.00256809 0.048441 -0.00448954 0.00262962 0.999986 -0.0274707 0.0 0.0 0.0 1.0
redkitchen/seq-07/color/frame-000352.color.png redkitchen/seq-07/color/frame-000355.color.png 0.999798 -0.0140782 0.0143383 -0.0248601 0.0142928 0.999786 -0.0149762 0.0513152 -0.0141243 0.0151783 0.999785 -0.0659413 0.0 0.0 0.0 1.0
redkitchen/seq-07/color/frame-000355.color.png redkitchen/seq-07/color/frame-000358.color.png 0.999893 -0.0132749 0.00621782 -0.0197632 0.0133053 0.9999 -0.00485768 0.03686 -0.00615284 0.00493982 0.999969 -0.0371367 0.0 0.0 0.0 1.0
redkitchen/seq-07/color/frame-000358.color.png redkitchen/seq-07/color/frame-000361.color.png 0.99958 -0.0279582 0.00760601 -0.0105035 0.0279822 0.999604 -0.00306156 0.0845073 -0.00751743 0.00327303 0.999966 -0.0398155 0.0 0.0 0.0 1.0
redkitchen/seq-07/color/frame-000361.color.png redkitchen/seq-07/color/frame-000364.color.png 0.999968 -0.00351155 0.00725287 -0.0137076 0.00351922 0.999993 -0.0010355 0.0290402 -0.00724924 0.0010611 0.999973 -0.0432376 0.0 0.0 0.0 1.0
redkitchen/seq-07/color/frame-000364.color.png redkitchen/seq-07/color/frame-000367.color.png 0.99995 -0.00424865 0.00904854 -0.0173838 0.00424536 0.999991 0.000380791 0.0279182 -0.00905008 -0.000342473 0.999959 -0.0444887 0.0 0.0 0.0 1.0
redkitchen/seq-07/color/frame-000367.color.png redkitchen/seq-07/color/frame-000370.color.png 0.999997 0.00209584 0.00115507 -0.00879622 -0.00208641 0.999965 -0.00804706 0.0283694 -0.00117186 0.00804462 0.999967 -0.0239347 0.0 0.0 0.0 1.0
redkitchen/seq-07/color/frame-000370.color.png redkitchen/seq-07/color/frame-000373.color.png 0.999908 0.00772286 0.0111464 -0.0210066 -0.00772057 0.99997 -0.00024627 0.0020915 -0.011148 0.000160277 0.999938 -0.0329826 0.0 0.0 0.0 1.0
redkitchen/seq-07/color/frame-000373.color.png redkitchen/seq-07/color/frame-000376.color.png 0.999972 0.00740335 0.000848536 -0.0154436 -0.00740684 0.999964 0.00414515 0.00882018 -0.000817873 -0.0041514 0.999991 -0.0138525 0.0 0.0 0.0 1.0
redkitchen/seq-07/color/frame-000376.color.png redkitchen/seq-07/color/frame-000379.color.png 0.999879 -0.0107193 0.0112992 -0.0247688 0.0108706 0.999851 -0.013407 0.0462458 -0.0111538 0.0135283 0.999846 -0.0381382 0.0 0.0 0.0 1.0
redkitchen/seq-07/color/frame-000379.color.png redkitchen/seq-07/color/frame-000382.color.png 0.99997 0.00741012 0.00237071 -0.00883698 -0.00739587 0.999955 -0.00602575 0.00323501 -0.00241524 0.00600808 0.999979 -0.0173241 0.0 0.0 0.0 1.0
redkitchen/seq-07/color/frame-000382.color.png redkitchen/seq-07/color/frame-000385.color.png 0.999997 -0.00210404 -0.00116714 -0.00374341 0.00209584 0.999973 -0.00709663 0.0229771 0.00118208 0.00709421 0.999974 -0.0190651 0.0 0.0 0.0 1.0
redkitchen/seq-07/color/frame-000385.color.png redkitchen/seq-07/color/frame-000388.color.png 0.99999 0.00383598 0.00238379 -0.00887704 -0.00384879 0.999978 0.00532584 -0.00336313 -0.00236334 -0.00533497 0.999983 -0.0211659 0.0 0.0 0.0 1.0
redkitchen/seq-07/color/frame-000388.color.png redkitchen/seq-07/color/frame-000391.color.png 0.999947 -0.00861169 -0.00557476 -0.0137684 0.00860638 0.999962 -0.000988081 0.0287031 0.0055831 0.000940102 0.999984 0.0107346 0.0 0.0 0.0 1.0
redkitchen/seq-07/color/frame-000391.color.png redkitchen/seq-07/color/frame-000394.color.png 0.999987 -0.000834646 0.00494791 -0.0156839 0.000818481 0.999994 0.00326022 0.00901291 -0.00495068 -0.00325625 0.999982 -0.0181164 0.0 0.0 0.0 1.0
redkitchen/seq-07/color/frame-000394.color.png redkitchen/seq-07/color/frame-000397.color.png 0.999945 -0.00374036 0.00979533 -0.0216796 0.00383205 0.999949 -0.00934859 0.0194229 -0.00975981 0.00938567 0.999908 -0.0328084 0.0 0.0 0.0 1.0
redkitchen/seq-07/color/frame-000397.color.png redkitchen/seq-07/color/frame-000400.color.png 0.999853 -0.0142781 0.00950797 -0.0329866 0.014484 0.999654 -0.0219583 0.0558152 -0.00919124 0.0220927 0.999714 -0.0270182 0.0 0.0 0.0 1.0
redkitchen/seq-07/color/frame-000400.color.png redkitchen/seq-07/color/frame-000403.color.png 0.999897 0.000444653 0.0143433 -0.0165937 -0.000601688 0.99994 0.0109446 -0.0106854 -0.0143376 -0.0109521 0.999837 -0.0539458 0.0 0.0 0.0 1.0
redkitchen/seq-07/color/frame-000403.color.png redkitchen/seq-07/color/frame-000406.color.png 0.999887 -0.00846569 0.0123942 -0.0162749 0.00845701 0.999964 0.000751677 0.0216713 -0.0124001 -0.000646832 0.999923 -0.0373724 0.0 0.0 0.0 1.0
redkitchen/seq-07/color/frame-000406.color.png redkitchen/seq-07/color/frame-000409.color.png 0.999858 0.00418855 0.0163527 -0.0283532 -0.00403957 0.99995 -0.00912262 -0.00180836 -0.01639 0.00905533 0.999825 -0.0428315 0.0 0.0 0.0 1.0
redkitchen/seq-07/color/frame-000409.color.png redkitchen/seq-07/color/frame-000412.color.png 0.999431 0.0156019 0.0299081 -0.0307 -0.0152852 0.999825 -0.0107925 -0.029727 -0.0300712 0.0103294 0.999494 -0.0832913 0.0 0.0 0.0 1.0
redkitchen/seq-07/color/frame-000412.color.png redkitchen/seq-07/color/frame-000415.color.png 0.999853 -0.00139133 0.0171188 -0.0234618 0.00118175 0.999924 0.0122429 -0.00947134 -0.0171346 -0.0122209 0.999779 -0.0465155 0.0 0.0 0.0 1.0
redkitchen/seq-07/color/frame-000415.color.png redkitchen/seq-07/color/frame-000418.color.png 0.999501 -0.031104 0.00545924 -0.00865483 0.0310744 0.999502 0.00543288 0.0530473 -0.00562547 -0.00526043 0.99997 -0.0257391 0.0 0.0 0.0 1.0
redkitchen/seq-07/color/frame-000418.color.png redkitchen/seq-07/color/frame-000421.color.png 0.999616 -0.0274124 -0.00400679 0.00803494 0.0274505 0.999575 0.00977439 0.0252053 0.00373708 -0.0098806 0.999944 -0.00986099 0.0 0.0 0.0 1.0
redkitchen/seq-07/color/frame-000421.color.png redkitchen/seq-07/color/frame-000424.color.png 0.999312 -0.0370644 -0.00125929 0.00468135 0.0370859 0.998734 0.0339852 0.0432332 -1.90377e-06 -0.0340086 0.999422 -0.0211926 0.0 0.0 0.0 1.0
redkitchen/seq-07/color/frame-000424.color.png redkitchen/seq-07/color/frame-000427.color.png 0.999444 -0.0299755 -0.0146398 0.0127611 0.0301554 0.99947 0.012232 0.0431024 0.0142654 -0.0126668 0.999818 0.0353976 0.0 0.0 0.0 1.0
redkitchen/seq-07/color/frame-000427.color.png redkitchen/seq-07/color/frame-000430.color.png 0.999552 -0.0273268 -0.0121914 0.0164785 0.0274685 0.999555 0.0116208 0.0335962 0.0118684 -0.0119504 0.999858 0.0206566 0.0 0.0 0.0 1.0
redkitchen/seq-07/color/frame-000430.color.png redkitchen/seq-07/color/frame-000433.color.png 0.999843 -0.0134255 -0.0115618 0.0132427 0.0136696 0.99968 0.021287 -0.00708044 0.0112724 -0.0214418 0.999707 0.0258675 0.0 0.0 0.0 1.0
redkitchen/seq-07/color/frame-000433.color.png redkitchen/seq-07/color/frame-000436.color.png 0.999861 -0.01376 -0.00937697 0.0154166 0.0138791 0.999822 0.0127505 0.00574273 0.0091998 -0.0128789 0.999875 0.0193031 0.0 0.0 0.0 1.0
redkitchen/seq-07/color/frame-000436.color.png redkitchen/seq-07/color/frame-000439.color.png 0.999952 -0.00527236 -0.00824126 0.0179498 0.00538439 0.999892 0.0136451 -0.00969142 0.00816848 -0.0136888 0.999873 0.0115857 0.0 0.0 0.0 1.0
redkitchen/seq-07/color/frame-000439.color.png redkitchen/seq-07/color/frame-000442.color.png 0.99965 -0.00968814 -0.0246154 0.0245864 0.0101273 0.999791 0.0177765 -0.00241038 0.0244379 -0.0180197 0.999539 0.0566818 0.0 0.0 0.0 1.0
redkitchen/seq-07/color/frame-000442.color.png redkitchen/seq-07/color/frame-000445.color.png 0.999924 -0.00995615 -0.00731684 0.0127535 0.0100159 0.999916 0.00817399 0.0103678 0.0072348 -0.00824668 0.99994 0.0155947 0.0 0.0 0.0 1.0
redkitchen/seq-07/color/frame-000445.color.png redkitchen/seq-07/color/frame-000448.color.png 0.999916 -0.0129585 0.000909759 0.0133591 0.0129533 0.999901 0.0055314 0.0129767 -0.00098126 -0.00551915 0.999984 0.000515163 0.0 0.0 0.0 1.0
redkitchen/seq-07/color/frame-000448.color.png redkitchen/seq-07/color/frame-000451.color.png 0.999994 -0.00354855 -0.00038958 0.0100293 0.00354883 0.999994 0.000520334 0.000534236 0.000387702 -0.00052171 1.0 0.00230742 0.0 0.0 0.0 1.0
redkitchen/seq-07/color/frame-000451.color.png redkitchen/seq-07/color/frame-000454.color.png 0.999912 -0.0125964 0.0041532 0.00670028 0.0125718 0.999904 0.00587271 0.0101717 -0.00422675 -0.00581995 0.999974 -0.00434881 0.0 0.0 0.0 1.0
redkitchen/seq-07/color/frame-000454.color.png redkitchen/seq-07/color/frame-000457.color.png 0.999937 -0.0108319 0.00285602 0.00593019 0.0108106 0.999914 0.00738473 0.000819951 -0.00293581 -0.00735338 0.999969 -0.00647074 0.0 0.0 0.0 1.0
redkitchen/seq-07/color/frame-000457.color.png redkitchen/seq-07/color/frame-000460.color.png 0.999843 -0.0175122 0.00272213 0.00279212 0.0174899 0.999815 0.00803283 0.0139796 -0.0028622 -0.00798402 0.999964 -0.00886106 0.0 0.0 0.0 1.0
redkitchen/seq-07/color/frame-000460.color.png redkitchen/seq-07/color/frame-000463.color.png 0.999738 -0.022878 0.000221833 0.00860333 0.0228768 0.999728 0.00445783 0.0342653 -0.000323827 -0.00445156 0.99999 0.0108846 0.0 0.0 0.0 1.0
redkitchen/seq-07/color/frame-000463.color.png redkitchen/seq-07/color/frame-000466.color.png 0.999894 -0.0138825 0.00434056 0.00377297 0.0138375 0.999852 0.010239 0.00330934 -0.004482 -0.0101779 0.999938 -0.00291437 0.0 0.0 0.0 1.0
redkitchen/seq-07/color/frame-000466.color.png redkitchen/seq-07/color/frame-000469.color.png 0.99995 0.00157934 0.00984393 0.00145245 -0.00158815 0.999998 0.000883242 -0.023483 -0.0098425 -0.000898765 0.999951 -0.0188276 0.0 0.0 0.0 1.0
redkitchen/seq-07/color/frame-000469.color.png redkitchen/seq-07/color/frame-000472.color.png 0.999897 -0.00288214 0.0140434 -0.0123326 0.00280799 0.999982 0.00529873 -0.013669 -0.0140584 -0.0052587 0.999887 -0.019005 0.0 0.0 0.0 1.0
redkitchen/seq-07/color/frame-000472.color.png redkitchen/seq-07/color/frame-000475.color.png 0.999666 -0.0152431 0.0208753 -0.00962222 0.0153476 0.99987 -0.00485521 0.0366449 -0.0207987 0.00517387 0.99977 -0.0437438 0.0 0.0 0.0 1.0
redkitchen/seq-07/color/frame-000475.color.png redkitchen/seq-07/color/frame-000478.color.png 0.999712 -0.00528918 0.0234306 -0.021492 0.00526146 0.999985 0.00124423 0.006955 -0.0234368 -0.00112052 0.999725 -0.0288301 0.0 0.0 0.0 1.0
redkitchen/seq-07/color/frame-000478.color.png redkitchen/seq-07/color/frame-000481.color.png 0.999378 -0.0152089 0.0318084 -0.0241815 0.0152882 0.999881 -0.00224926 0.0315117 -0.0317705 0.00273408 0.999491 -0.0796956 0.0 0.0 0.0 1.0
redkitchen/seq-07/color/frame-000481.color.png redkitchen/seq-07/color/frame-000484.color.png 0.999453 -0.0198382 0.0264768 -0.0381068 0.0195676 0.999754 0.0104383 0.0223527 -0.0266773 -0.00991449 0.999595 -0.0261732 0.0 0.0 0.0 1.0
redkitchen/seq-07/color/frame-000484.color.png redkitchen/seq-07/color/frame-000487.color.png 0.999332 -0.0167297 0.0324907 -0.0292972 0.0167574 0.99986 -0.000576911 0.0223082 -0.0324764 0.00112106 0.999472 -0.0707391 0.0 0.0 0.0 1.0
redkitchen/seq-07/color/frame-000487.color.png redkitchen/seq-07/color/frame-000490.color.png 0.998734 -0.0263762 0.0428419 -0.041049 0.0260807 0.999632 0.00744176 0.0428474 -0.0430224 -0.00631502 0.999054 -0.0757059 0.0 0.0 0.0 1.0
redkitchen/seq-07/color/frame-000490.color.png redkitchen/seq-07/color/frame-000493.color.png 0.999358 -0.00907053 0.0346618 -0.0377134 0.00883024 0.999936 0.00707972 0.000205129 -0.0347238 -0.00676915 0.999374 -0.068371 0.0 0.0 0.0 1.0
redkitchen/seq-07/color/frame-000493.color.png redkitchen/seq-07/color/frame-000496.color.png 0.999535 -0.0138129 0.027177 -0.0257866 0.0136586 0.99989 0.00585579 0.020191 -0.0272548 -0.00548192 0.999614 -0.0506209 0.0 0.0 0.0 1.0
redkitchen/seq-07/color/frame-000496.color.png redkitchen/seq-07/color/frame-000499.color.png 0.999263 -0.0116654 0.0365805 -0.0411017 0.0118109 0.999923 -0.00376379 0.00421867 -0.0365338 0.00419305 0.999324 -0.0401738 0.0 0.0 0.0 1.0
redkitchen/seq-07/color/frame-000499.color.png redkitchen/seq-07/color/frame-000502.color.png 0.999354 -0.000833125 0.0359224 -0.0467182 0.000989694 0.99999 -0.00434063 -0.0134124 -0.0359184 0.00437343 0.999345 -0.0484416 0.0 0.0 0.0 1.0
redkitchen/seq-07/color/frame-000502.color.png redkitchen/seq-07/color/frame-000505.color.png 0.999343 -0.0124794 0.0340289 -0.0383977 0.0124708 0.999922 0.000464373 0.035204 -0.034032 -3.96713e-05 0.999421 -0.0702794 0.0 0.0 0.0 1.0
redkitchen/seq-07/color/frame-000505.color.png redkitchen/seq-07/color/frame-000508.color.png 0.999358 -0.00219408 0.0357526 -0.026372 0.00222286 0.999997 -0.000765053 0.00846139 -0.0357508 0.00084402 0.99936 -0.0700509 0.0 0.0 0.0 1.0
redkitchen/seq-07/color/frame-000508.color.png redkitchen/seq-07/color/frame-000511.color.png 0.999528 0.00847215 0.0295232 -0.0297238 -0.00851162 0.999963 0.00121127 -0.0202971 -0.0295118 -0.00146196 0.999564 -0.042775 0.0 0.0 0.0 1.0
