redkitchen/seq-07/color/frame-000000.color.png redkitchen/seq-07/color/frame-000003.color.png 0.999996 0.000164215 0.00295274 0.00607067 -0.000175382 0.999993 0.00378205 -0.00293574 -0.0029521 -0.00378255 0.999988 0.00253037 0.0 0.0 0.0 1.0
redkitchen/seq-07/color/frame-000003.color.png redkitchen/seq-07/color/frame-000006.color.png 0.999908 -0.0122484 0.00580847 0.00590733 0.0122294 0.99992 0.00328145 0.0036224 -0.0058482 -0.00321012 0.999978 0.0119471 0.0 0.0 0.0 1.0
redkitchen/seq-07/color/frame-000006.color.png redkitchen/seq-07/color/frame-000009.color.png 0.999981 -0.00506138 0.00349456 0.0147188 0.00503695 0.999963 0.00696571 -0.00186711 -0.00352968 -0.00694797 0.99997 0.00735178 0.0 0.0 0.0 1.0
redkitchen/seq-07/color/frame-000009.color.png redkitchen/seq-07/color/frame-000012.color.png 0.999999 -0.000324074 0.00162129 0.0148017 0.000320258 0.999997 0.00235453 0.000223567 -0.00162205 -0.00235401 0.999996 0.0148095 0.0 0.0 0.0 1.0
redkitchen/seq-07/color/frame-000012.color.png redkitchen/seq-07/color/frame-000015.color.png 0.999978 0.00656142 0.00105466 0.022048 -0.00656457 0.999974 0.00300897 -0.00491559 -0.00103489 -0.00301582 0.999995 0.0124821 0.0 0.0 0.0 1.0
redkitchen/seq-07/color/frame-000015.color.png redkitchen/seq-07/color/frame-000018.color.png 0.999997 0.00094964 -0.00203248 0.0225132 -0.000971002 0.999944 -0.0105346 0.00120792 0.00202236 0.0105366 0.999942 0.0168444 0.0 0.0 0.0 1.0
redkitchen/seq-07/color/frame-000018.color.png redkitchen/seq-07/color/frame-000021.color.png 0.999931 0.0116132 -0.00157519 0.0311171 -0.0116059 0.999922 0.00457562 -0.00510267 0.0016282 -0.00455703 0.999988 0.00744951 0.0 0.0 0.0 1.0
redkitchen/seq-07/color/frame-000021.color.png redkitchen/seq-07/color/frame-000024.color.png 0.999973 0.00664025 -0.0031332 0.0330803 -0.00665204 0.999971 -0.00376613 -0.00610149 0.0031081 0.00378687 0.999988 0.0142504 0.0 0.0 0.0 1.0
redkitchen/seq-07/color/frame-000024.color.png redkitchen/seq-07/color/frame-000027.color.png 0.999982 0.0043814 -0.00416212 0.0328183 -0.00439828 0.999982 -0.00405509 -0.00154715 0.00414428 0.00407332 0.999983 0.0142451 0.0 0.0 0.0 1.0
redkitchen/seq-07/color/frame-000027.color.png redkitchen/seq-07/color/frame-000030.color.png 0.999894 0.0143993 -0.00231274 0.0363116 -0.0143951 0.999895 0.00183713 -0.00640376 0.00233895 -0.00180365 0.999996 0.0101479 0.0 0.0 0.0 1.0
redkitchen/seq-07/color/frame-000030.color.png redkitchen/seq-07/color/frame-000033.color.png 0.999827 0.0107138 -0.0152069 0.0417611 -0.010758 0.999938 -0.00282426 -0.00404157 0.0151757 0.00298737 0.99988 0.0185688 0.0 0.0 0.0 1.0
redkitchen/seq-07/color/frame-000033.color.png redkitchen/seq-07/color/frame-000036.color.png 0.999893 0.0103715 -0.0103028 0.0332109 -0.0102797 0.999907 0.00892525 -0.00638126 0.0103944 -0.00881839 0.999907 0.0204857 0.0 0.0 0.0 1.0
redkitchen/seq-07/color/frame-000036.color.png redkitchen/seq-07/color/frame-000039.color.png 0.999846 -0.00511425 -0.0167833 0.0242218 0.00507514 0.999984 -0.00237238 -0.00919461 0.0167952 0.00228683 0.999856 0.00811635 0.0 0.0 0.0 1.0
redkitchen/seq-07/color/frame-000039.color.png redkitchen/seq-07/color/frame-000042.color.png 0.999948 0.00853636 -0.00566066 0.0250575 -0.00849536 0.999938 0.0072299 -0.0080836 0.00572203 -0.00718143 0.999958 0.0226347 0.0 0.0 0.0 1.0
redkitchen/seq-07/color/frame-000042.color.png redkitchen/seq-07/color/frame-000045.color.png 0.999891 -0.00180569 -0.0146456 0.0253741 0.00178369 0.999997 -0.0015144 -0.00939804 0.0146483 0.00148811 0.999892 0.0244247 0.0 0.0 0.0 1.0
redkitchen/seq-07/color/frame-000045.color.png redkitchen/seq-07/color/frame-000048.color.png 0.999791 0.00661243 -0.0193328 0.0252125 -0.00660164 0.999978 0.000622188 -0.00483 0.0193365 -0.000494422 0.999813 0.0246808 0.0 0.0 0.0 1.0
redkitchen/seq-07/color/frame-000048.color.png redkitchen/seq-07/color/frame-000051.color.png 0.99957 0.0234581 -0.0175872 0.0287232 -0.023472 0.999724 -0.000582412 -0.00741871 0.0175687 0.000994966 0.999845 0.0287484 0.0 0.0 0.0 1.0
redkitchen/seq-07/color/frame-000051.color.png redkitchen/seq-07/color/frame-000054.color.png 0.999852 0.0143941 -0.00942999 0.0189372 -0.0143648 0.999892 0.00315918 -0.0126177 0.00947442 -0.00302325 0.999951 0.0355912 0.0 0.0 0.0 1.0
redkitchen/seq-07/color/frame-000054.color.png redkitchen/seq-07/color/frame-000057.color.png 0.999822 0.0187482 -0.00203623 0.0157634 -0.018768 0.999772 -0.0101734 -0.00348361 0.00184506 0.0102098 0.999946 0.0296707 0.0 0.0 0.0 1.0
redkitchen/seq-07/color/frame-000057.color.png redkitchen/seq-07/color/frame-000060.color.png 0.999886 -0.00164496 -0.0150064 0.0266139 0.00167545 0.999997 0.00201932 -0.0271129 0.015003 -0.00204423 0.999885 0.0421851 0.0 0.0 0.0 1.0
redkitchen/seq-07/color/frame-000060.color.png redkitchen/seq-07/color/frame-000063.color.png 0.999694 0.02266 -0.00997038 0.0220478 -0.0227145 0.999727 -0.00538636 -0.0053523 0.00984564 0.00561118 0.999936 0.0338876 0.0 0.0 0.0 1.0
redkitchen/seq-07/color/frame-000063.color.png redkitchen/seq-07/color/frame-000066.color.png 0.999875 0.00237295 -0.0156107 0.0162977 -0.00242414 0.999992 -0.00326149 -0.0220045 0.0156028 0.00329892 0.999873 0.033454 0.0 0.0 0.0 1.0
redkitchen/seq-07/color/frame-000066.color.png redkitchen/seq-07/color/frame-000069.color.png 0.999616 0.00655381 -0.0269125 0.0226943 -0.00674656 0.999952 -0.00707681 -0.00710922 0.0268648 0.00725566 0.999613 0.0248862 0.0 0.0 0.0 1.0
redkitchen/seq-07/color/frame-000069.color.png redkitchen/seq-07/color/frame-000072.color.png 0.99959 0.0145883 -0.0246212 0.0261393 -0.0144731 0.999883 0.00484903 -0.0206081 0.0246891 -0.0044907 0.999685 0.0304602 0.0 0.0 0.0 1.0
redkitchen/seq-07/color/frame-000072.color.png redkitchen/seq-07/color/frame-000075.color.png 0.999261 0.0118172 -0.0365761 0.0332582 -0.0121725 0.999881 -0.00950367 -0.00196646 0.0364595 0.00994187 0.999286 0.0255083 0.0 0.0 0.0 1.0
redkitchen/seq-07/color/frame-000075.color.png redkitchen/seq-07/color/frame-000078.color.png 0.999678 0.0124328 -0.0221357 0.0231896 -0.0125392 0.999911 -0.00467396 -0.00456786 0.0220755 0.00495002 0.999744 0.0271719 0.0 0.0 0.0 1.0
redkitchen/seq-07/color/frame-000078.color.png redkitchen/seq-07/color/frame-000081.color.png 0.999407 0.0143204 -0.0313253 0.034851 -0.0146671 0.999833 -0.0108645 -0.00188068 0.0311645 0.0113175 0.99945 0.0212865 0.0 0.0 0.0 1.0
redkitchen/seq-07/color/frame-000081.color.png redkitchen/seq-07/color/frame-000084.color.png 0.999449 0.0219929 -0.0248611 0.0369007 -0.0220886 0.99975 -0.00358456 -0.010096 0.024776 0.00413174 0.999685 0.0203376 0.0 0.0 0.0 1.0
redkitchen/seq-07/color/frame-000084.color.png redkitchen/seq-07/color/frame-000087.color.png 0.999431 0.0156563 -0.029859 0.0427987 -0.01573 0.999874 -0.00223484 -0.0123767 0.0298203 0.00270324 0.999552 0.0300162 0.0 0.0 0.0 1.0
redkitchen/seq-07/color/frame-000087.color.png redkitchen/seq-07/color/frame-000090.color.png 0.99913 0.0189939 -0.037138 0.045525 -0.0194439 0.999741 -0.0117919 -0.0039008 0.0369044 0.0125038 0.999241 0.0170224 0.0 0.0 0.0 1.0
redkitchen/seq-07/color/frame-000090.color.png redkitchen/seq-07/color/frame-000093.color.png 0.99911 0.0213002 -0.0364019 0.0458956 -0.0216912 0.999711 -0.0103782 0.00910789 0.0361703 0.0111585 0.999283 0.00151956 0.0 0.0 0.0 1.0
redkitchen/seq-07/color/frame-000093.color.png redkitchen/seq-07/color/frame-000096.color.png 0.999454 0.00632866 -0.0324233 0.0386608 -0.00643319 0.999974 -0.00312034 -0.00907391 0.0324028 0.00332721 0.999469 0.015739 0.0 0.0 0.0 1.0
redkitchen/seq-07/color/frame-000096.color.png redkitchen/seq-07/color/frame-000099.color.png 0.999343 0.00636603 -0.0356736 0.0488648 -0.00644004 0.999977 -0.00196035 -0.00537336 0.0356603 0.0021888 0.999362 0.00833297 0.0 0.0 0.0 1.0
redkitchen/seq-07/color/frame-000099.color.png redkitchen/seq-07/color/frame-000102.color.png 0.999841 -0.000669363 -0.0177959 0.0187052 0.000694462 0.999999 0.00140333 -0.0102364 0.017795 -0.00141544 0.999841 0.00446028 0.0 0.0 0.0 1.0
redkitchen/seq-07/color/frame-000102.color.png redkitchen/seq-07/color/frame-000105.color.png 0.999597 0.00684601 -0.0275302 0.0313132 -0.00683034 0.999977 0.000663655 -0.007916 0.027534 -0.000475356 0.999621 0.00952822 0.0 0.0 0.0 1.0
redkitchen/seq-07/color/frame-000105.color.png redkitchen/seq-07/color/frame-000108.color.png 0.999567 0.00808918 -0.0282843 0.0322895 -0.0081037 0.999967 -0.000400125 -0.00372809 0.0282801 0.000629151 0.9996 0.0171835 0.0 0.0 0.0 1.0
redkitchen/seq-07/color/frame-000108.color.png redkitchen/seq-07/color/frame-000111.color.png 0.999753 0.00077744 -0.0222314 0.021095 -0.000512889 0.999929 0.0119025 -0.0328112 0.0222391 -0.0118882 0.999682 0.00897807 0.0 0.0 0.0 1.0
redkitchen/seq-07/color/frame-000111.color.png redkitchen/seq-07/color/frame-000114.color.png 0.999789 -0.00477086 -0.0199922 0.0184188 0.00487749 0.999974 0.00529204 -0.02057 0.0199664 -0.00538843 0.999786 0.02038 0.0 0.0 0.0 1.0
redkitchen/seq-07/color/frame-000114.color.png redkitchen/seq-07/color/frame-000117.color.png 0.999835 -0.00391665 -0.0177295 0.0157225 0.00385509 0.999986 -0.00351009 -0.00609076 0.017743 0.0034412 0.999837 0.0229557 0.0 0.0 0.0 1.0
redkitchen/seq-07/color/frame-000117.color.png redkitchen/seq-07/color/frame-000120.color.png 0.999757 -0.0045815 -0.021571 0.0165704 0.00432454 0.999919 -0.0119387 0.00651467 0.0216241 0.0118425 0.999696 0.0220451 0.0 0.0 0.0 1.0
redkitchen/seq-07/color/frame-000120.color.png redkitchen/seq-07/color/frame-000123.color.png 0.999898 -0.00192225 -0.0141301 0.0133927 0.00202332 0.999973 0.00714016 -0.0365075 0.014116 -0.00716804 0.999875 0.00987732 0.0 0.0 0.0 1.0
redkitchen/seq-07/color/frame-000123.color.png redkitchen/seq-07/color/frame-000126.color.png 0.999851 0.0163021 -0.00572156 -0.00630903 -0.0163535 0.999825 -0.00906124 0.0119959 0.00557284 0.00915346 0.999943 0.0255558 0.0 0.0 0.0 1.0
redkitchen/seq-07/color/frame-000126.color.png redkitchen/seq-07/color/frame-000129.color.png 0.999894 0.00263679 -0.0143063 0.00789034 -0.00258457 0.99999 0.00367393 -0.0305032 0.0143158 -0.00363658 0.999891 0.0315912 0.0 0.0 0.0 1.0
redkitchen/seq-07/color/frame-000129.color.png redkitchen/seq-07/color/frame-000132.color.png 0.999894 0.00761687 -0.012409 0.00355834 -0.00774851 0.999914 -0.0105979 0.0149925 0.0123273 0.0106929 0.999867 0.0187911 0.0 0.0 0.0 1.0
redkitchen/seq-07/color/frame-000132.color.png redkitchen/seq-07/color/frame-000135.color.png 0.999908 -0.00104605 -0.0135393 -0.0111182 0.00112305 0.999983 0.00567952 -0.0309926 0.0135331 -0.00569414 0.999892 0.0108225 0.0 0.0 0.0 1.0
redkitchen/seq-07/color/frame-000135.color.png redkitchen/seq-07/color/frame-000138.color.png 0.998113 0.0136073 -0.0598788 0.0652054 -0.0129732 0.999856 0.010966 -0.0210327 0.0600194 -0.0101686 0.998145 0.0194939 0.0 0.0 0.0 1.0
redkitchen/seq-07/color/frame-000138.color.png redkitchen/seq-07/color/frame-000141.color.png 0.999517 0.00984456 -0.0294648 0.0116749 -0.00884003 0.999382 0.0340322 -0.103005 0.0297816 -0.0337553 0.998986 -0.00177109 0.0 0.0 0.0 1.0
redkitchen/seq-07/color/frame-000141.color.png redkitchen/seq-07/color/frame-000144.color.png 0.99891 0.0142796 -0.0444444 0.0443551 -0.014421 0.999892 -0.00286292 0.00593871 0.0443986 0.00350073 0.999008 0.0178087 0.0 0.0 0.0 1.0
redkitchen/seq-07/color/frame-000144.color.png redkitchen/seq-07/color/frame-000147.color.png 0.999025 0.0170923 -0.0407017 0.0396182 -0.0170873 0.999854 0.000468186 -0.00660276 0.0407036 0.000227746 0.999171 0.0208633 0.0 0.0 0.0 1.0
redkitchen/seq-07/color/frame-000147.color.png redkitchen/seq-07/color/frame-000150.color.png 0.999274 0.0224603 -0.0307714 0.0309726 -0.0222856 0.999734 0.00600815 -0.00794393 0.0308983 -0.005318 0.999508 0.00515735 0.0 0.0 0.0 1.0
redkitchen/seq-07/color/frame-000150.color.png redkitchen/seq-07/color/frame-000153.color.png 0.999402 0.0198282 -0.0283382 0.0388562 -0.0195856 0.999769 0.00881389 -0.0150633 0.0285063 -0.00825367 0.99956 0.0153764 0.0 0.0 0.0 1.0
redkitchen/seq-07/color/frame-000153.color.png redkitchen/seq-07/color/frame-000156.color.png 0.997728 0.0183912 -0.064806 0.110317 -0.0182796 0.99983 0.00231409 0.00955307 0.0648376 -0.00112416 0.997895 0.0367677 0.0 0.0 0.0 1.0
redkitchen/seq-07/color/frame-000156.color.png redkitchen/seq-07/color/frame-000159.color.png 0.999568 0.012463 -0.02664 0.0276605 -0.0120921 0.999828 0.0140384 -0.0361151 0.0268103 -0.0137102 0.999546 0.0248027 0.0 0.0 0.0 1.0
redkitchen/seq-07/color/frame-000159.color.png redkitchen/seq-07/color/frame-000162.color.png 0.998654 0.00246848 -0.0517992 0.0715024 -0.0016842 0.999883 0.0151784 -0.0165381 0.0518306 -0.0150708 0.998542 -0.00316501 0.0 0.0 0.0 1.0
redkitchen/seq-07/color/frame-000162.color.png redkitchen/seq-07/color/frame-000165.color.png 0.999757 -0.00194776 -0.0219573 0.0203407 0.0022805 0.999883 0.01514 -0.0362253 0.0219252 -0.0151865 0.999644 0.00802481 0.0 0.0 0.0 1.0
redkitchen/seq-07/color/frame-000165.color.png redkitchen/seq-07/color/frame-000168.color.png 0.999111 -0.0156275 -0.0391464 0.0401065 0.0162906 0.999728 0.0166774 -0.0270625 0.0388752 -0.0173003 0.999094 0.0115979 0.0 0.0 0.0 1.0
redkitchen/seq-07/color/frame-000168.color.png redkitchen/seq-07/color/frame-000171.color.png 0.99991 -0.0113382 0.00713893 -0.0286292 0.0114545 0.999799 -0.0164686 0.0123637 -0.00695081 0.0165489 0.999839 0.0103669 0.0 0.0 0.0 1.0
redkitchen/seq-07/color/frame-000171.color.png redkitchen/seq-07/color/frame-000174.color.png 0.999961 -0.0022126 0.00854775 -0.0244752 0.00212778 0.999949 0.00991729 -0.0326447 -0.00856927 -0.00989863 0.999914 0.00811923 0.0 0.0 0.0 1.0
redkitchen/seq-07/color/frame-000174.color.png redkitchen/seq-07/color/frame-000177.color.png 0.999992 -0.00334064 -0.00225656 -0.0184177 0.00333444 0.999991 -0.00275271 0.00173217 0.00226572 0.00274515 0.999994 0.0258414 0.0 0.0 0.0 1.0
redkitchen/seq-07/color/frame-000177.color.png redkitchen/seq-07/color/frame-000180.color.png 0.999905 0.00734507 0.0116246 -0.045317 -0.00755308 0.99981 0.0179442 -0.0497268 -0.0114905 -0.0180304 0.999772 0.00898838 0.0 0.0 0.0 1.0
redkitchen/seq-07/color/frame-000180.color.png redkitchen/seq-07/color/frame-000183.color.png 0.999803 0.0191139 0.00538307 -0.0177356 -0.0191849 0.999725 0.0134722 -0.018084 -0.00512409 -0.0135727 0.999895 -0.0155193 0.0 0.0 0.0 1.0
redkitchen/seq-07/color/frame-000183.color.png redkitchen/seq-07/color/frame-000186.color.png 0.999403 0.0344336 -0.00280147 -0.0252649 -0.0344428 0.999401 -0.00327723 -0.00176609 0.00268695 0.00337165 0.999991 0.0347365 0.0 0.0 0.0 1.0
redkitchen/seq-07/color/frame-000186.color.png redkitchen/seq-07/color/frame-000189.color.png 0.998531 0.0187185 -0.0508491 0.061623 -0.0189874 0.999808 -0.00480961 0.0023123 0.0507493 0.00576804 0.998695 0.00204861 0.0 0.0 0.0 1.0
redkitchen/seq-07/color/frame-000189.color.png redkitchen/seq-07/color/frame-000192.color.png 0.999944 -0.0053713 0.00908148 -0.0381747 0.00592299 0.998068 -0.0618547 0.105352 -0.00873169 0.0619051 0.998044 0.051282 0.0 0.0 0.0 1.0
redkitchen/seq-07/color/frame-000192.color.png redkitchen/seq-07/color/frame-000195.color.png 0.998081 -0.0076426 -0.0614549 0.0485139 0.00958773 0.99946 0.0314191 -0.10887 0.0611815 -0.0319479 0.997615 -0.00123084 0.0 0.0 0.0 1.0
redkitchen/seq-07/color/frame-000195.color.png redkitchen/seq-07/color/frame-000198.color.png 0.999992 -0.00342885 -0.00205047 -0.0246765 0.00339265 0.999843 -0.0173934 0.0329701 0.00210977 0.0173863 0.999847 -0.00329804 0.0 0.0 0.0 1.0
redkitchen/seq-07/color/frame-000198.color.png redkitchen/seq-07/color/frame-000201.color.png 0.999584 0.0229881 -0.017425 0.0215996 -0.0228831 0.999719 0.00620136 -0.0277885 0.0175626 -0.00580006 0.999829 -0.00741243 0.0 0.0 0.0 1.0
redkitchen/seq-07/color/frame-000201.color.png redkitchen/seq-07/color/frame-000204.color.png 0.998241 0.0354229 -0.0475365 0.0769096 -0.0368556 0.998882 -0.0296078 0.0547645 0.0464345 0.0313077 0.998431 0.0470693 0.0 0.0 0.0 1.0
redkitchen/seq-07/color/frame-000204.color.png redkitchen/seq-07/color/frame-000207.color.png 0.999282 0.0292405 -0.0240737 0.0255439 -0.0293377 0.999563 -0.00369009 -0.0283371 0.0239553 0.00439365 0.999703 0.00937831 0.0 0.0 0.0 1.0
redkitchen/seq-07/color/frame-000207.color.png redkitchen/seq-07/color/frame-000210.color.png 0.998998 0.0304704 -0.032777 0.0500782 -0.0319641 0.998427 -0.0460575 0.0556518 0.0313221 0.0470591 0.998401 0.0519954 0.0 0.0 0.0 1.0
redkitchen/seq-07/color/frame-000210.color.png redkitchen/seq-07/color/frame-000213.color.png 0.99803 0.0561659 -0.0279562 0.0596262 -0.0564883 0.998344 -0.0108815 0.00420749 0.0272987 0.0124393 0.99955 0.025712 0.0 0.0 0.0 1.0
redkitchen/seq-07/color/frame-000213.color.png redkitchen/seq-07/color/frame-000216.color.png 0.996319 0.0857179 -0.000290841 0.034802 -0.0856853 0.995835 -0.0311696 0.0346518 -0.00238213 0.0310798 0.999514 -0.00126779 0.0 0.0 0.0 1.0
redkitchen/seq-07/color/frame-000216.color.png redkitchen/seq-07/color/frame-000219.color.png 0.996835 0.0729305 -0.0316419 0.0548506 -0.0732863 0.997258 -0.0102285 0.0118282 0.0308091 0.012515 0.999447 0.0286977 0.0 0.0 0.0 1.0
redkitchen/seq-07/color/frame-000219.color.png redkitchen/seq-07/color/frame-000222.color.png 0.998527 0.0218946 -0.0496401 0.045035 -0.0214011 0.999716 0.0104518 -0.0242227 0.0498548 -0.00937403 0.998712 0.019595 0.0 0.0 0.0 1.0
redkitchen/seq-07/color/frame-000222.color.png redkitchen/seq-07/color/frame-000225.color.png 0.999696 -0.00597334 -0.0239388 -0.0112816 0.00605248 0.999976 0.00323411 -0.00856167 0.023919 -0.00337789 0.999708 0.00933552 0.0 0.0 0.0 1.0
redkitchen/seq-07/color/frame-000225.color.png redkitchen/seq-07/color/frame-000228.color.png 0.999688 0.0188231 -0.0163937 -0.027385 -0.018601 0.999735 0.0135916 -0.0205944 0.0166451 -0.0132825 0.999773 -0.0011934 0.0 0.0 0.0 1.0
redkitchen/seq-07/color/frame-000228.color.png redkitchen/seq-07/color/frame-000231.color.png 0.999839 0.00411338 -0.0174512 -0.0269818 -0.00414789 0.99999 -0.0019417 0.00770575 0.0174431 0.00201389 0.999846 0.0137678 0.0 0.0 0.0 1.0
redkitchen/seq-07/color/frame-000231.color.png redkitchen/seq-07/color/frame-000234.color.png 0.999613 0.00692077 -0.0269331 -0.00679058 -0.00679214 0.999965 0.00486607 -0.00847822 0.0269658 -0.00468135 0.999625 -0.00268984 0.0 0.0 0.0 1.0
redkitchen/seq-07/color/frame-000234.color.png redkitchen/seq-07/color/frame-000237.color.png 0.999471 0.0091695 -0.0312036 0.00776434 -0.00884782 0.999906 0.0104291 -0.00803888 0.0312964 -0.0101474 0.999459 -0.00260079 0.0 0.0 0.0 1.0
redkitchen/seq-07/color/frame-000237.color.png redkitchen/seq-07/color/frame-000240.color.png 0.999877 0.00539586 -0.0146924 -0.0319161 -0.00552655 0.999945 -0.00886715 0.0210919 0.0146437 0.00894735 0.999853 0.011104 0.0 0.0 0.0 1.0
redkitchen/seq-07/color/frame-000240.color.png redkitchen/seq-07/color/frame-000243.color.png 0.999985 0.0054471 -5.80381e-05 -0.0464134 -0.00544756 0.999933 -0.0101613 0.0293632 2.65808e-06 0.0101614 0.999948 0.00128353 0.0 0.0 0.0 1.0
redkitchen/seq-07/color/frame-000243.color.png redkitchen/seq-07/color/frame-000246.color.png 0.999985 0.000360699 -0.00551469 -0.0691047 -0.000341029 0.999994 0.00354771 -0.0140405 0.00551593 -0.00354579 0.999979 0.00495267 0.0 0.0 0.0 1.0
redkitchen/seq-07/color/frame-000246.color.png redkitchen/seq-07/color/frame-000249.color.png 0.999818 -0.0142465 -0.0126692 -0.0269176 0.0141642 0.999878 -0.00656152 0.0367384 0.0127612 0.00638103 0.999898 -0.0121871 0.0 0.0 0.0 1.0
redkitchen/seq-07/color/frame-000249.color.png redkitchen/seq-07/color/frame-000252.color.png 0.999826 0.00632774 -0.0175749 -0.0137601 -0.00640046 0.999971 -0.00408102 0.0128844 0.0175485 0.00419277 0.999837 0.0117761 0.0 0.0 0.0 1.0
redkitchen/seq-07/color/frame-000252.color.png redkitchen/seq-07/color/frame-000255.color.png 0.99964 -0.0123377 -0.0238314 -0.0211826 0.0121862 0.999905 -0.00649364 0.0301341 0.0239093 0.00620089 0.999695 0.0246252 0.0 0.0 0.0 1.0
redkitchen/seq-07/color/frame-000255.color.png redkitchen/seq-07/color/frame-000258.color.png 0.999911 -0.00374745 -0.0128425 -0.0223061 0.00354231 0.999866 -0.0159646 0.0380746 0.0129006 0.0159176 0.99979 0.0163674 0.0 0.0 0.0 1.0
redkitchen/seq-07/color/frame-000258.color.png redkitchen/seq-07/color/frame-000261.color.png 0.999773 0.000598772 -0.0212845 -0.0189559 -0.000897815 0.999901 -0.0140375 0.025732 0.021274 0.0140534 0.999675 0.0276682 0.0 0.0 0.0 1.0
redkitchen/seq-07/color/frame-000261.color.png redkitchen/seq-07/color/frame-000264.color.png 0.999696 0.00210197 -0.0245799 -0.00492644 -0.00206133 0.999996 0.00167932 -2.65241e-05 0.0245834 -0.00162822 0.999696 0.0290166 0.0 0.0 0.0 1.0
redkitchen/seq-07/color/frame-000264.color.png redkitchen/seq-07/color/frame-000267.color.png 0.999982 0.00233519 -0.00550018 -0.033569 -0.00237653 0.999969 -0.00752216 0.0147218 0.00548234 0.00753505 0.999957 0.00709212 0.0 0.0 0.0 1.0
redkitchen/seq-07/color/frame-000267.color.png redkitchen/seq-07/color/frame-000270.color.png 0.999831 0.0100509 -0.0153764 -0.0261477 -0.0101059 0.999943 -0.00350526 0.00210124 0.0153403 0.0036602 0.999875 0.0179797 0.0 0.0 0.0 1.0
redkitchen/seq-07/color/frame-000270.color.png redkitchen/seq-07/color/frame-000273.color.png 0.999777 0.00570391 -0.0203378 -0.0159563 -0.00561162 0.999974 0.00458989 -0.00798857 0.0203634 -0.00447486 0.999783 0.0174738 0.0 0.0 0.0 1.0
redkitchen/seq-07/color/frame-000273.color.png redkitchen/seq-07/color/frame-000276.color.png 0.99994 0.000261191 -0.0109891 -0.0223764 -0.000253565 1.0 0.000696764 0.00656492 0.0109893 -0.000693894 0.999939 -0.00117123 0.0 0.0 0.0 1.0
redkitchen/seq-07/color/frame-000276.color.png redkitchen/seq-07/color/frame-000279.color.png 0.999881 0.00162496 -0.0153132 -0.0262893 -0.00171429 0.999982 -0.00582871 0.0149438 0.0153035 0.00585431 0.999866 0.00759578 0.0 0.0 0.0 1.0
redkitchen/seq-07/color/frame-000279.color.png redkitchen/seq-07/color/frame-000282.color.png 0.999856 -0.00498576 -0.016235 -0.0240717 0.00506917 0.999974 0.0051008 0.00995314 0.0162091 -0.00518246 0.999855 0.00246012 0.0 0.0 0.0 1.0
redkitchen/seq-07/color/frame-000282.color.png redkitchen/seq-07/color/frame-000285.color.png 0.999752 0.0206933 -0.00822109 -0.0295786 -0.0206645 0.99978 0.00356873 -0.0248414 0.00829308 -0.00339789 0.99996 -0.00370598 0.0 0.0 0.0 1.0
redkitchen/seq-07/color/frame-000285.color.png redkitchen/seq-07/color/frame-000288.color.png 0.99997 0.00495092 0.00600969 -0.0496849 -0.005056 0.999833 0.0175818 -0.0259414 -0.0059216 -0.0176118 0.999827 -0.0295827 0.0 0.0 0.0 1.0
redkitchen/seq-07/color/frame-000288.color.png redkitchen/seq-07/color/frame-000291.color.png 0.999961 0.0084359 0.00253126 -0.0473568 -0.00847759 0.999821 0.016941 -0.0276959 -0.00238788 -0.0169618 0.999853 -0.0200621 0.0 0.0 0.0 1.0
redkitchen/seq-07/color/frame-000291.color.png redkitchen/seq-07/color/frame-000294.color.png 0.999915 0.0123578 0.00422882 -0.0310336 -0.012396 0.999882 0.0091285 -0.0287077 -0.00411562 -0.00918012 0.999949 -0.0456942 0.0 0.0 0.0 1.0
redkitchen/seq-07/color/frame-000294.color.png redkitchen/seq-07/color/frame-000297.color.png 0.9999 0.00644888 -0.0125516 -0.00899279 -0.00639142 0.999969 0.00460648 -0.00156355 0.0125809 -0.00452591 0.999911 0.00250673 0.0 0.0 0.0 1.0
redkitchen/seq-07/color/frame-000297.color.png redkitchen/seq-07/color/frame-000300.color.png 0.999654 0.0130275 -0.0228438 0.00100541 -0.0128118 0.999872 0.00956432 -0.0138106 0.0229655 -0.00926827 0.999693 0.0107925 0.0 0.0 0.0 1.0
redkitchen/seq-07/color/frame-000300.color.png redkitchen/seq-07/color/frame-000303.color.png 0.999677 0.0142766 -0.0210178 -0.00357842 -0.014083 0.999857 0.00933302 -0.0215648 0.021148 -0.00903403 0.999736 0.00272036 0.0 0.0 0.0 1.0
redkitchen/seq-07/color/frame-000303.color.png redkitchen/seq-07/color/frame-000306.color.png 0.99979 0.00754639 -0.019076 -0.0186281 -0.00721518 0.999823 0.0173739 -0.0235372 0.0192037 -0.0172326 0.999667 0.00575137 0.0 0.0 0.0 1.0
redkitchen/seq-07/color/frame-000306.color.png redkitchen/seq-07/color/frame-000309.color.png 0.999791 0.00226771 -0.0203051 -0.0177566 -0.00215769 0.999983 0.00543449 0.00672787 0.0203171 -0.00538947 0.999779 0.00801122 0.0 0.0 0.0 1.0
redkitchen/seq-07/color/frame-000309.color.png redkitchen/seq-07/color/frame-000312.color.png 0.999848 0.0130319 -0.0115672 -0.0158287 -0.0129742 0.999903 0.00504289 -0.0126767 0.0116318 -0.00489211 0.99992 0.00196922 0.0 0.0 0.0 1.0
redkitchen/seq-07/color/frame-000312.color.png redkitchen/seq-07/color/frame-000315.color.png 0.999789 -0.00217269 -0.0204166 -0.00720143 0.00218625 0.999997 0.000648182 0.0220149 0.020415 -0.000692798 0.999791 0.00395834 0.0 0.0 0.0 1.0
redkitchen/seq-07/color/frame-000315.color.png redkitchen/seq-07/color/frame-000318.color.png 0.999484 0.0182316 -0.0264493 0.0142537 -0.0181788 0.999832 0.00223616 -0.00683481 0.0264856 -0.00175417 0.999648 0.0309384 0.0 0.0 0.0 1.0
redkitchen/seq-07/color/frame-000318.color.png redkitchen/seq-07/color/frame-000321.color.png 0.99967 0.0223926 -0.012563 -0.00192606 -0.0224997 0.999711 -0.00845505 -0.0299013 0.0123701 0.0087349 0.999885 -0.00294578 0.0 0.0 0.0 1.0
redkitchen/seq-07/color/frame-000321.color.png redkitchen/seq-07/color/frame-000324.color.png 0.999586 0.0136324 -0.0253297 0.0190198 -0.0136877 0.999904 -0.00201506 -0.0055424 0.0252998 0.00236105 0.999677 0.0206207 0.0 0.0 0.0 1.0
redkitchen/seq-07/color/frame-000324.color.png redkitchen/seq-07/color/frame-000327.color.png 0.999728 0.0140561 -0.0185976 0.0105594 -0.0141212 0.999895 -0.00336791 -0.0079416 0.0185482 0.0036295 0.999821 0.0168113 0.0 0.0 0.0 1.0
redkitchen/seq-07/color/frame-000327.color.png redkitchen/seq-07/color/frame-000330.color.png 0.999825 0.0122705 -0.0141206 0.0138277 -0.0123128 0.99992 -0.00291062 -0.00054121 0.0140838 0.00308394 0.999896 0.00706065 0.0 0.0 0.0 1.0
redkitchen/seq-07/color/frame-000330.color.png redkitchen/seq-07/color/frame-000333.color.png 0.999795 0.016031 -0.0123358 0.00447798 -0.0159274 0.999837 0.00845588 -0.0108256 0.0124693 -0.00825754 0.999888 -0.00348711 0.0 0.0 0.0 1.0
redkitchen/seq-07/color/frame-000333.color.png redkitchen/seq-07/color/frame-000336.color.png 0.999968 0.00757917 0.00265611 -0.0193284 -0.00758353 0.99997 0.00165264 -0.000360131 -0.00264348 -0.00167284 0.999995 -0.0231774 0.0 0.0 0.0 1.0
redkitchen/seq-07/color/frame-000336.color.png redkitchen/seq-07/color/frame-000339.color.png 0.999941 -0.00586224 0.00919373 -0.02619 0.00583534 0.999979 0.00296074 0.0259297 -0.00921096 -0.00290684 0.999953 -0.0439094 0.0 0.0 0.0 1.0
redkitchen/seq-07/color/frame-000339.color.png redkitchen/seq-07/color/frame-000342.color.png 0.999936 0.00946831 0.00622875 -0.0149214 -0.00949989 0.999942 0.0050683 -0.0163869 -0.00618037 -0.00512715 0.999968 -0.0446045 0.0 0.0 0.0 1.0
redkitchen/seq-07/color/frame-000342.color.png redkitchen/seq-07/color/frame-000345.color.png 0.999981 -0.0048699 0.0038428 -0.017382 0.00488417 0.999981 -0.00371116 0.0375708 -0.00382471 0.0037298 0.999986 -0.0243785 0.0 0.0 0.0 1.0
redkitchen/seq-07/color/frame-000345.color.png redkitchen/seq-07/color/frame-000348.color.png 0.99996 -0.00401896 0.0079788 -0.0269424 0.00402971 0.999991 -0.00132622 0.0259543 -0.00797328 0.00135839 0.999967 -0.052788 0.0 0.0 0.0 1.0
redkitchen/seq-07/color/frame-000348.color.png redkitchen/seq-07/color/frame-000351.color.png 0.999922 -0.0113121 0.00527746 -0.0178139 0.0112898 0.999927 0.00424699 0.0391523 -0.00532527 -0.00418712 0.999977 -0.02692 0.0 0.0 0.0 1.0
redkitchen/seq-07/color/frame-000351.color.png redkitchen/seq-07/color/frame-000354.color.png 0.999781 -0.0189122 0.00896067 -0.0193291 0.0189899 0.999782 -0.00866712 0.0613109 -0.00879476 0.00883544 0.999922 -0.0460824 0.0 0.0 0.0 1.0
redkitchen/seq-07/color/frame-000354.color.png redkitchen/seq-07/color/frame-000357.color.png 0.999869 -0.0160026 0.00249649 -0.0138478 0.0160149 0.999859 -0.00503404 0.045667 -0.00241547 0.00507328 0.999984 -0.0254459 0.0 0.0 0.0 1.0
redkitchen/seq-07/color/frame-000357.color.png redkitchen/seq-07/color/frame-000360.color.png 0.99962 -0.0241685 0.0132561 -0.0200837 0.0242741 0.999675 -0.00784398 0.0697828 -0.0130623 0.00816283 0.999881 -0.0610069 0.0 0.0 0.0 1.0
redkitchen/seq-07/color/frame-000360.color.png redkitchen/seq-07/color/frame-000363.color.png 0.999972 -0.00513656 0.00548525 -0.00855064 0.00515452 0.999981 -0.00326658 0.0341535 -0.00546838 0.00329478 0.99998 -0.0354122 0.0 0.0 0.0 1.0
redkitchen/seq-07/color/frame-000363.color.png redkitchen/seq-07/color/frame-000366.color.png 0.999942 -0.00658513 0.00858681 -0.0163596 0.00656292 0.999975 0.00260024 0.024411 -0.00860372 -0.00254368 0.99996 -0.0425537 0.0 0.0 0.0 1.0
redkitchen/seq-07/color/frame-000366.color.png redkitchen/seq-07/color/frame-000369.color.png 0.999963 0.00693421 0.00499348 -0.0125043 -0.00689634 0.999948 -0.00752686 0.0178034 -0.00504548 0.00749209 0.999959 -0.0399801 0.0 0.0 0.0 1.0
redkitchen/seq-07/color/frame-000369.color.png redkitchen/seq-07/color/frame-000372.color.png 0.999952 -0.00398108 0.00895164 -0.0167811 0.00402504 0.99998 -0.00489358 0.0355283 -0.00893192 0.00492945 0.999948 -0.0309227 0.0 0.0 0.0 1.0
redkitchen/seq-07/color/frame-000372.color.png redkitchen/seq-07/color/frame-000375.color.png 0.999713 0.0227758 0.00737025 -0.0203445 -0.0227873 0.999739 0.00147164 -0.0320673 -0.00733488 -0.00163919 0.999972 -0.0327233 0.0 0.0 0.0 1.0
redkitchen/seq-07/color/frame-000375.color.png redkitchen/seq-07/color/frame-000378.color.png 0.999865 -0.0144041 0.00792472 -0.0220225 0.0144436 0.999883 -0.00496367 0.0572616 -0.0078523 0.00507755 0.999956 -0.0322672 0.0 0.0 0.0 1.0
redkitchen/seq-07/color/frame-000378.color.png redkitchen/seq-07/color/frame-000381.color.png 0.999951 -5.04614e-05 0.00987399 -0.0131514 0.000174378 0.999921 -0.012541 0.0201194 -0.00987253 0.0125421 0.999873 -0.0372316 0.0 0.0 0.0 1.0
redkitchen/seq-07/color/frame-000381.color.png redkitchen/seq-07/color/frame-000384.color.png 0.999911 0.00625297 -0.011778 -0.00476313 -0.0062681 0.999979 -0.00125301 0.00869805 0.0117699 0.00132659 0.99993 0.015813 0.0 0.0 0.0 1.0
redkitchen/seq-07/color/frame-000384.color.png redkitchen/seq-07/color/frame-000387.color.png 0.999998 -1.14001e-05 0.00196223 -0.0126491 1.03579e-05 1.0 0.000546438 0.00899978 -0.00196216 -0.000546304 0.999998 -0.0158628 0.0 0.0 0.0 1.0
redkitchen/seq-07/color/frame-000387.color.png redkitchen/seq-07/color/frame-000390.color.png 0.999971 0.0018061 -0.00739497 -0.00919271 -0.00177127 0.999987 0.00470146 0.00189546 0.00740345 -0.00468828 0.999962 0.0131747 0.0 0.0 0.0 1.0
redkitchen/seq-07/color/frame-000390.color.png redkitchen/seq-07/color/frame-000393.color.png 0.999917 -0.00889119 0.00931371 -0.0164912 0.00889752 0.99996 -0.000651491 0.0257513 -0.00930763 0.000734354 0.999956 -0.0314291 0.0 0.0 0.0 1.0
redkitchen/seq-07/color/frame-000393.color.png redkitchen/seq-07/color/frame-000396.color.png 0.999995 -0.00259784 0.00200992 -0.0204473 0.0026 0.999996 -0.00104844 0.0145032 -0.0020073 0.00105353 0.999997 -0.00733018 0.0 0.0 0.0 1.0
redkitchen/seq-07/color/frame-000396.color.png redkitchen/seq-07/color/frame-000399.color.png 0.999822 -0.0175665 0.00685777 -0.0240574 0.0176954 0.999659 -0.019198 0.0669727 -0.00651811 0.0193161 0.999792 -0.0227559 0.0 0.0 0.0 1.0
redkitchen/seq-07/color/frame-000399.color.png redkitchen/seq-07/color/frame-000402.color.png 0.999785 0.000315936 0.0207244 -0.0268793 -0.000366599 0.999997 0.00244054 -0.0087216 -0.0207236 -0.00244764 0.999782 -0.0686621 0.0 0.0 0.0 1.0
redkitchen/seq-07/color/frame-000402.color.png redkitchen/seq-07/color/frame-000405.color.png 0.999953 -0.00752492 0.00610262 -0.0156798 0.00750789 0.999968 0.00281213 0.0186942 -0.0061236 -0.00276624 0.999978 -0.0237141 0.0 0.0 0.0 1.0
redkitchen/seq-07/color/frame-000405.color.png redkitchen/seq-07/color/frame-000408.color.png 0.999935 0.00438051 0.0104884 -0.0189016 -0.00432046 0.999974 -0.005755 0.000947222 -0.0105134 0.00570932 0.999928 -0.0283665 0.0 0.0 0.0 1.0
redkitchen/seq-07/color/frame-000408.color.png redkitchen/seq-07/color/frame-000411.color.png 0.999505 -0.0027475 0.0313566 -0.0280716 0.00323642 0.999874 -0.0155482 0.022259 -0.0313098 0.0156421 0.999387 -0.0834183 0.0 0.0 0.0 1.0
redkitchen/seq-07/color/frame-000411.color.png redkitchen/seq-07/color/frame-000414.color.png 0.999707 0.018921 0.0151148 -0.0285239 -0.0190551 0.99978 0.0087734 -0.0546771 -0.0149457 -0.00905898 0.999847 -0.0408148 0.0 0.0 0.0 1.0
redkitchen/seq-07/color/frame-000414.color.png redkitchen/seq-07/color/frame-000417.color.png 0.999604 -0.0241066 0.014492 -0.0152371 0.0239562 0.999658 0.0104659 0.0387681 -0.0147393 -0.0101146 0.99984 -0.0422552 0.0 0.0 0.0 1.0
redkitchen/seq-07/color/frame-000417.color.png redkitchen/seq-07/color/frame-000420.color.png 0.999424 -0.0325291 0.00962366 -0.00138378 0.0324359 0.999427 0.00969651 0.0426624 -0.00993364 -0.00937892 0.999907 -0.0544786 0.0 0.0 0.0 1.0
redkitchen/seq-07/color/frame-000420.color.png redkitchen/seq-07/color/frame-000423.color.png 0.999014 -0.0435072 -0.00883165 0.00964308 0.043732 0.998676 0.0270905 0.0594094 0.00764143 -0.0274499 0.999594 0.00467795 0.0 0.0 0.0 1.0
redkitchen/seq-07/color/frame-000423.color.png redkitchen/seq-07/color/frame-000426.color.png 0.999765 -0.018429 -0.0114025 0.0127954 0.018577 0.999743 0.0130237 0.00217877 0.0111596 -0.0132325 0.99985 0.0176951 0.0 0.0 0.0 1.0
redkitchen/seq-07/color/frame-000426.color.png redkitchen/seq-07/color/frame-000429.color.png 0.999513 -0.0280194 -0.0137618 0.013052 0.0281989 0.999517 0.0130253 0.0358319 0.0133902 -0.013407 0.99982 0.0280843 0.0 0.0 0.0 1.0
redkitchen/seq-07/color/frame-000429.color.png redkitchen/seq-07/color/frame-000432.color.png 0.999656 -0.0255387 -0.00596135 0.0132027 0.0256226 0.999567 0.0144494 0.0354235 0.00558974 -0.0145972 0.999878 0.00879848 0.0 0.0 0.0 1.0
redkitchen/seq-07/color/frame-000432.color.png redkitchen/seq-07/color/frame-000435.color.png 0.999815 -0.0137499 -0.0134212 0.0168855 0.0139795 0.999755 0.0171655 0.00449955 0.0131819 -0.01735 0.999763 0.0298743 0.0 0.0 0.0 1.0
redkitchen/seq-07/color/frame-000435.color.png redkitchen/seq-07/color/frame-000438.color.png 0.999939 -0.00682254 -0.00866845 0.0157013 0.00694351 0.999878 0.0140043 -0.0118108 0.00857192 -0.0140634 0.999864 0.0184419 0.0 0.0 0.0 1.0
redkitchen/seq-07/color/frame-000438.color.png redkitchen/seq-07/color/frame-000441.color.png 0.999848 -0.00481938 -0.0167517 0.0255105 0.00511521 0.999831 0.0176577 -0.0138635 0.0166637 -0.0177408 0.999704 0.0313272 0.0 0.0 0.0 1.0
redkitchen/seq-07/color/frame-000441.color.png redkitchen/seq-07/color/frame-000444.color.png 0.999831 -0.0131094 -0.0128661 0.0187399 0.0132786 0.999825 0.0131517 0.00439605 0.0126914 -0.0133202 0.999831 0.0274842 0.0 0.0 0.0 1.0
redkitchen/seq-07/color/frame-000444.color.png redkitchen/seq-07/color/frame-000447.color.png 0.999959 -0.00903678 -0.000257698 0.00914502 0.00903777 0.999951 0.00414915 0.00611073 0.000220157 -0.00415138 0.999991 0.00214255 0.0 0.0 0.0 1.0
redkitchen/seq-07/color/frame-000447.color.png redkitchen/seq-07/color/frame-000450.color.png 0.999998 -0.00192669 -0.000322156 0.0148292 0.00192765 0.999994 0.00303728 -0.011962 0.000316316 -0.00303791 0.999995 0.00609285 0.0 0.0 0.0 1.0
redkitchen/seq-07/color/frame-000450.color.png redkitchen/seq-07/color/frame-000453.color.png 0.999958 -0.00740327 0.00539891 0.00191188 0.00740374 0.999973 -6.97597e-05 0.00518936 -0.00539821 0.000109748 0.999985 -0.00907302 0.0 0.0 0.0 1.0
redkitchen/seq-07/color/frame-000453.color.png redkitchen/seq-07/color/frame-000456.color.png 0.999936 -0.0108998 0.00307846 0.00634313 0.0108716 0.9999 0.00902333 -0.00888333 -0.00317654 -0.00898928 0.999955 -0.00790519 0.0 0.0 0.0 1.0
redkitchen/seq-07/color/frame-000456.color.png redkitchen/seq-07/color/frame-000459.color.png 0.999939 -0.0106956 0.0028387 0.00416255 0.0106694 0.999902 0.00907061 0.00310889 -0.00293544 -0.00903977 0.999955 -0.00635785 0.0 0.0 0.0 1.0
redkitchen/seq-07/color/frame-000459.color.png redkitchen/seq-07/color/frame-000462.color.png 0.999732 -0.0225735 -0.00512965 0.00973558 0.0225979 0.999733 0.00473497 0.035974 0.00502139 -0.00484965 0.999976 0.0220655 0.0 0.0 0.0 1.0
redkitchen/seq-07/color/frame-000462.color.png redkitchen/seq-07/color/frame-000465.color.png 0.999745 -0.0189589 0.0122312 -0.00177169 0.0188802 0.999801 0.00651459 0.00890419 -0.0123522 -0.00628194 0.999904 -0.0282413 0.0 0.0 0.0 1.0
redkitchen/seq-07/color/frame-000465.color.png redkitchen/seq-07/color/frame-000468.color.png 0.999991 -0.00411507 0.00049939 0.00729251 0.0041119 0.999973 0.00609624 -0.00266027 -0.000524432 -0.00609408 0.999981 0.00884515 0.0 0.0 0.0 1.0
redkitchen/seq-07/color/frame-000468.color.png redkitchen/seq-07/color/frame-000471.color.png 0.999864 -0.00252388 0.0163136 -0.00971425 0.00246298 0.99999 0.00375579 -0.0122071 -0.016323 -0.00371517 0.99986 -0.0256165 0.0 0.0 0.0 1.0
redkitchen/seq-07/color/frame-000471.color.png redkitchen/seq-07/color/frame-000474.color.png 0.999766 -0.0153315 0.0152287 -0.00651014 0.0153569 0.999881 -0.00154939 0.0366497 -0.0152031 0.00178289 0.999883 -0.0323861 0.0 0.0 0.0 1.0
redkitchen/seq-07/color/frame-000474.color.png redkitchen/seq-07/color/frame-000477.color.png 0.99941 -0.0104943 0.0327003 -0.0199951 0.0108427 0.999886 -0.0104937 0.0274294 -0.0325865 0.0108422 0.99941 -0.0621943 0.0 0.0 0.0 1.0
redkitchen/seq-07/color/frame-000477.color.png redkitchen/seq-07/color/frame-000480.color.png 0.999888 -0.00825769 0.0124656 -0.00892007 0.00815337 0.999932 0.00839421 0.0105989 -0.012534 -0.00829176 0.999887 -0.0106788 0.0 0.0 0.0 1.0
redkitchen/seq-07/color/frame-000480.color.png redkitchen/seq-07/color/frame-000483.color.png 0.999014 -0.0178556 0.0406568 -0.0497596 0.0175844 0.999821 0.00701643 0.0123191 -0.0407748 -0.00629466 0.999149 -0.0708362 0.0 0.0 0.0 1.0
redkitchen/seq-07/color/frame-000483.color.png redkitchen/seq-07/color/frame-000486.color.png 0.999717 -0.0109593 0.0211043 -0.021312 0.010916 0.999938 0.0021639 0.0113311 -0.0211267 -0.00193283 0.999775 -0.0400465 0.0 0.0 0.0 1.0
redkitchen/seq-07/color/frame-000486.color.png redkitchen/seq-07/color/frame-000489.color.png 0.998214 -0.0323575 0.0502162 -0.0499502 0.032317 0.999476 0.00161814 0.0621305 -0.0502422 7.56667e-06 0.998737 -0.100275 0.0 0.0 0.0 1.0
redkitchen/seq-07/color/frame-000489.color.png redkitchen/seq-07/color/frame-000492.color.png 0.999424 -0.00435959 0.0336671 -0.0376346 0.00406372 0.999953 0.00885189 -0.0134884 -0.0337041 -0.00871 0.999394 -0.0660822 0.0 0.0 0.0 1.0
redkitchen/seq-07/color/frame-000492.color.png redkitchen/seq-07/color/frame-000495.color.png 0.999638 -0.00286772 0.0267335 -0.0285834 0.0026104 0.99995 0.00965679 -0.0290979 -0.0267599 -0.00958356 0.999596 -0.0389047 0.0 0.0 0.0 1.0
redkitchen/seq-07/color/frame-000495.color.png redkitchen/seq-07/color/frame-000498.color.png 0.99907 -0.0213579 0.0374586 -0.0415173 0.0215195 0.999761 -0.00391753 0.0466575 -0.0373659 0.00472009 0.99929 -0.0548472 0.0 0.0 0.0 1.0
redkitchen/seq-07/color/frame-000498.color.png redkitchen/seq-07/color/frame-000501.color.png 0.999429 -0.0107191 0.032044 -0.0366162 0.0106651 0.999941 0.00185408 0.00432175 -0.032062 -0.00151126 0.999485 -0.0205449 0.0 0.0 0.0 1.0
redkitchen/seq-07/color/frame-000501.color.png redkitchen/seq-07/color/frame-000504.color.png 0.999542 -0.00753708 0.0293135 -0.0322845 0.00750815 0.999971 0.00109743 0.0198595 -0.0293209 -0.000876805 0.99957 -0.05443 0.0 0.0 0.0 1.0
redkitchen/seq-07/color/frame-000504.color.png redkitchen/seq-07/color/frame-000507.color.png 0.999083 -0.00667395 0.042299 -0.0372777 0.00681024 0.999972 -0.00307856 0.0176509 -0.0422772 0.00336382 0.9991 -0.0864178 0.0 0.0 0.0 1.0
redkitchen/seq-07/color/frame-000507.color.png redkitchen/seq-07/color/frame-000510.color.png 0.999465 0.0130271 0.0299922 -0.0270904 -0.0130818 0.999913 0.00162823 -0.0326109 -0.0299684 -0.00201977 0.999549 -0.0521956 0.0 0.0 0.0 1.0
