redkitchen/seq-07/color/frame-000001.color.png redkitchen/seq-07/color/frame-000003.color.png 0.999994 -0.000283218 0.0034008 0.00506741 0.000277083 0.999998 0.0018043 -0.000107906 -0.00340131 -0.00180335 0.999993 0.00315497 0.0 0.0 0.0 1.0
redkitchen/seq-07/color/frame-000003.color.png redkitchen/seq-07/color/frame-000005.color.png 0.999952 -0.0070628 0.00678701 0.00252273 0.00703687 0.999968 0.00383693 -0.000675534 -0.00681389 -0.00378899 0.99997 0.00668556 0.0 0.0 0.0 1.0
redkitchen/seq-07/color/frame-000005.color.png redkitchen/seq-07/color/frame-000007.color.png 0.999986 -0.00502499 -0.00179908 0.00960252 0.0050299 0.999984 0.00273664 0.00165175 0.0017853 -0.00274565 0.999995 0.00568779 0.0 0.0 0.0 1.0
redkitchen/seq-07/color/frame-000007.color.png redkitchen/seq-07/color/frame-000009.color.png 0.999983 -0.00416526 0.00406972 0.00897868 0.00414735 0.999982 0.00439966 -0.000796792 -0.00408797 -0.00438271 0.999982 0.00484776 0.0 0.0 0.0 1.0
redkitchen/seq-07/color/frame-000009.color.png redkitchen/seq-07/color/frame-000011.color.png 0.999997 5.97286e-05 0.0025674 0.00707439 -6.38254e-05 0.999999 0.00159599 0.000110353 -0.0025673 -0.00159615 0.999995 0.00935025 0.0 0.0 0.0 1.0
redkitchen/seq-07/color/frame-000011.color.png redkitchen/seq-07/color/frame-000013.color.png 0.999998 0.00176786 -0.00119381 0.0139466 -0.00176614 0.999997 0.00143433 -3.67827e-05 0.00119634 -0.00143222 0.999998 0.00654937 0.0 0.0 0.0 1.0
redkitchen/seq-07/color/frame-000013.color.png redkitchen/seq-07/color/frame-000015.color.png 0.999989 0.00417124 0.00201792 0.013849 -0.00417671 0.999988 0.00271036 -0.00526174 -0.00200659 -0.00271876 0.999994 0.0113144 0.0 0.0 0.0 1.0
redkitchen/seq-07/color/frame-000015.color.png redkitchen/seq-07/color/frame-000017.color.png 0.999997 -0.00218185 -0.0012635 0.0165126 0.0021751 0.999983 -0.00532375 -0.00148206 0.00127509 0.00532099 0.999985 0.0121264 0.0 0.0 0.0 1.0
redkitchen/seq-07/color/frame-000017.color.png redkitchen/seq-07/color/frame-000019.color.png 0.999983 0.00428316 -0.00388399 0.0212518 -0.00430236 0.999979 -0.00494935 0.00310598 0.00386271 0.00496598 0.99998 0.00349909 0.0 0.0 0.0 1.0
redkitchen/seq-07/color/frame-000019.color.png redkitchen/seq-07/color/frame-000021.color.png 0.999963 0.00864067 0.000513087 0.0197832 -0.00864331 0.999948 0.00538706 -0.00758736 -0.000466511 -0.00539129 0.999985 0.00815454 0.0 0.0 0.0 1.0
redkitchen/seq-07/color/frame-000021.color.png redkitchen/seq-07/color/frame-000023.color.png 0.999985 0.00541849 -0.00109652 0.0190611 -0.00542114 0.999982 -0.00243242 -0.00292219 0.00108332 0.00243833 0.999996 0.0116737 0.0 0.0 0.0 1.0
redkitchen/seq-07/color/frame-000023.color.png redkitchen/seq-07/color/frame-000025.color.png 0.999991 0.00313292 -0.00296887 0.024481 -0.00313962 0.999992 -0.0022543 -0.00388798 0.00296179 0.0022636 0.999993 0.00589525 0.0 0.0 0.0 1.0
redkitchen/seq-07/color/frame-000025.color.png redkitchen/seq-07/color/frame-000027.color.png 0.99999 0.0028675 -0.00350236 0.022045 -0.00287872 0.999991 -0.00320374 -0.000562824 0.00349314 0.00321379 0.999989 0.0081 0.0 0.0 0.0 1.0
redkitchen/seq-07/color/frame-000027.color.png redkitchen/seq-07/color/frame-000029.color.png 0.999939 0.0108266 -0.00221084 0.0247121 -0.0108254 0.999941 0.000541966 -0.00239479 0.00221658 -0.000517999 0.999997 0.0113709 0.0 0.0 0.0 1.0
redkitchen/seq-07/color/frame-000029.color.png redkitchen/seq-07/color/frame-000031.color.png 0.999946 0.0076738 -0.00696497 0.0352852 -0.00766731 0.99997 0.000957111 -0.00916375 0.00697211 -0.000903656 0.999975 0.0159806 0.0 0.0 0.0 1.0
redkitchen/seq-07/color/frame-000031.color.png redkitchen/seq-07/color/frame-000033.color.png 0.999938 0.00570606 -0.00949888 0.0215039 -0.00572399 0.999982 -0.00186148 0.0009389 0.00948809 0.00191573 0.999953 0.00498773 0.0 0.0 0.0 1.0
redkitchen/seq-07/color/frame-000033.color.png redkitchen/seq-07/color/frame-000035.color.png 0.999941 0.00988979 -0.00457503 0.0214455 -0.00985968 0.99993 0.00656027 -0.00233774 0.00463959 -0.00651477 0.999968 0.0131058 0.0 0.0 0.0 1.0
redkitchen/seq-07/color/frame-000035.color.png redkitchen/seq-07/color/frame-000037.color.png 0.999954 0.00275934 -0.00918887 0.0126671 -0.00275797 0.999996 0.000163102 -0.00437673 0.00918929 -0.000137754 0.999958 0.0141698 0.0 0.0 0.0 1.0
redkitchen/seq-07/color/frame-000037.color.png redkitchen/seq-07/color/frame-000039.color.png 0.999908 -0.004517 -0.0127626 0.0216573 0.00448046 0.999986 -0.00288994 -0.00229697 0.0127754 0.0028325 0.999914 0.00545557 0.0 0.0 0.0 1.0
redkitchen/seq-07/color/frame-000039.color.png redkitchen/seq-07/color/frame-000041.color.png 0.99995 0.00707819 -0.00701363 0.0214308 -0.00703269 0.999954 0.00648853 -0.00643047 0.00705922 -0.00643888 0.999954 0.0125805 0.0 0.0 0.0 1.0
redkitchen/seq-07/color/frame-000041.color.png redkitchen/seq-07/color/frame-000043.color.png 0.999997 -0.000902487 -0.00237922 0.0121706 0.00090367 1.0 0.000495727 -0.00433131 0.00237878 -0.000497878 0.999997 0.0183388 0.0 0.0 0.0 1.0
redkitchen/seq-07/color/frame-000043.color.png redkitchen/seq-07/color/frame-000045.color.png 0.999939 0.00145711 -0.010995 0.0171382 -0.00148121 0.999996 -0.00218334 -0.0047682 0.0109918 0.00219949 0.999937 0.0148007 0.0 0.0 0.0 1.0
redkitchen/seq-07/color/frame-000045.color.png redkitchen/seq-07/color/frame-000047.color.png 0.999936 0.00293718 -0.0109146 0.013814 -0.00291515 0.999994 0.00203335 -0.00605145 0.0109205 -0.0020014 0.999938 0.0179985 0.0 0.0 0.0 1.0
redkitchen/seq-07/color/frame-000047.color.png redkitchen/seq-07/color/frame-000049.color.png 0.999856 0.0083041 -0.0147649 0.0147327 -0.00830811 0.999966 -0.000209418 -0.00370555 0.0147627 0.000332057 0.999891 0.019333 0.0 0.0 0.0 1.0
redkitchen/seq-07/color/frame-000049.color.png redkitchen/seq-07/color/frame-000051.color.png 0.999825 0.0171317 -0.00757743 0.0147614 -0.01713 0.999853 0.000293139 -0.00735719 0.00758136 -0.000163286 0.999971 0.0214252 0.0 0.0 0.0 1.0
redkitchen/seq-07/color/frame-000051.color.png redkitchen/seq-07/color/frame-000053.color.png 0.999936 0.010208 -0.00481046 0.0104377 -0.010197 0.999945 0.00231712 -0.00490236 0.00483384 -0.00226792 0.999986 0.0267093 0.0 0.0 0.0 1.0
redkitchen/seq-07/color/frame-000053.color.png redkitchen/seq-07/color/frame-000055.color.png 0.999883 0.0139102 -0.00637238 0.0109469 -0.0139371 0.999894 -0.00418795 -0.00433576 0.00631347 0.00427627 0.999971 0.0229903 0.0 0.0 0.0 1.0
redkitchen/seq-07/color/frame-000055.color.png redkitchen/seq-07/color/frame-000057.color.png 0.999941 0.0108418 -0.000705669 0.0147699 -0.0108458 0.999924 -0.00591805 -0.00635236 0.000641411 0.00592536 0.999982 0.0223252 0.0 0.0 0.0 1.0
redkitchen/seq-07/color/frame-000057.color.png redkitchen/seq-07/color/frame-000059.color.png 0.999968 -0.00758012 -0.00247579 0.00692394 0.00758098 0.999971 0.000328345 -0.0177218 0.00247327 -0.000347105 0.999997 0.0250896 0.0 0.0 0.0 1.0
redkitchen/seq-07/color/frame-000059.color.png redkitchen/seq-07/color/frame-000061.color.png 0.999789 0.0143975 -0.0146501 0.0185741 -0.0144405 0.999892 -0.0028367 -0.00558724 0.0146077 0.00304766 0.999889 0.0212842 0.0 0.0 0.0 1.0
redkitchen/seq-07/color/frame-000061.color.png redkitchen/seq-07/color/frame-000063.color.png 0.999896 0.0134507 -0.00513304 0.0171303 -0.0134609 0.999907 -0.00196287 -0.00649388 0.00510612 0.00203176 0.999985 0.0247668 0.0 0.0 0.0 1.0
redkitchen/seq-07/color/frame-000063.color.png redkitchen/seq-07/color/frame-000065.color.png 0.999969 0.00366566 -0.00696999 0.010684 -0.00367542 0.999992 -0.00138788 -0.0165639 0.0069649 0.00141345 0.999975 0.0242671 0.0 0.0 0.0 1.0
redkitchen/seq-07/color/frame-000065.color.png redkitchen/seq-07/color/frame-000067.color.png 0.999804 -0.00222152 -0.0196874 0.0150708 0.00212672 0.999986 -0.00483677 -0.0116144 0.0196979 0.00479395 0.999794 0.0177782 0.0 0.0 0.0 1.0
redkitchen/seq-07/color/frame-000067.color.png redkitchen/seq-07/color/frame-000069.color.png 0.999822 0.00734603 -0.0173692 0.0192699 -0.00739962 0.999968 -0.00302401 -0.00401147 0.0173464 0.003152 0.999845 0.0151663 0.0 0.0 0.0 1.0
redkitchen/seq-07/color/frame-000069.color.png redkitchen/seq-07/color/frame-000071.color.png 0.999857 0.0103303 -0.0133628 0.0150584 -0.0102751 0.999938 0.00419391 -0.0133575 0.0134053 -0.00405601 0.999902 0.0201157 0.0 0.0 0.0 1.0
redkitchen/seq-07/color/frame-000071.color.png redkitchen/seq-07/color/frame-000073.color.png 0.999686 0.00391731 -0.0247471 0.0191879 -0.00392664 0.999992 -0.000326374 -0.0126007 0.0247456 0.000423441 0.999694 0.0226156 0.0 0.0 0.0 1.0
redkitchen/seq-07/color/frame-000073.color.png redkitchen/seq-07/color/frame-000075.color.png 0.999704 0.0101591 -0.0221162 0.0211481 -0.0103308 0.999917 -0.00766433 0.000321761 0.0220365 0.00789054 0.999726 0.0169178 0.0 0.0 0.0 1.0
redkitchen/seq-07/color/frame-000075.color.png redkitchen/seq-07/color/frame-000077.color.png 0.999849 0.0105763 -0.0138106 0.0172251 -0.0106291 0.999936 -0.00375437 -0.000491261 0.0137701 0.0039006 0.999897 0.0187576 0.0 0.0 0.0 1.0
redkitchen/seq-07/color/frame-000077.color.png redkitchen/seq-07/color/frame-000079.color.png 0.999741 0.00871738 -0.0210353 0.0235164 -0.00878942 0.999956 -0.00333662 -0.00465223 0.0210052 0.00352065 0.999773 0.0157043 0.0 0.0 0.0 1.0
redkitchen/seq-07/color/frame-000079.color.png redkitchen/seq-07/color/frame-000081.color.png 0.999737 0.00776617 -0.021581 0.0256611 -0.00796498 0.999927 -0.00914189 0.000288218 0.0215084 0.00931139 0.999725 0.0170194 0.0 0.0 0.0 1.0
redkitchen/seq-07/color/frame-000081.color.png redkitchen/seq-07/color/frame-000083.color.png 0.999654 0.013945 -0.0222835 0.0356978 -0.0140477 0.999891 -0.00446069 -0.0049623 0.0222189 0.00477217 0.999742 0.0152627 0.0 0.0 0.0 1.0
redkitchen/seq-07/color/frame-000083.color.png redkitchen/seq-07/color/frame-000085.color.png 0.999809 0.0154939 -0.0118814 0.0206336 -0.0155102 0.999879 -0.00127821 -0.00178963 0.0118601 0.00146224 0.999929 0.0174795 0.0 0.0 0.0 1.0
redkitchen/seq-07/color/frame-000085.color.png redkitchen/seq-07/color/frame-000087.color.png 0.999747 0.00891442 -0.0206368 0.0244129 -0.00896864 0.999957 -0.00253702 -0.00776157 0.0206133 0.00272149 0.999784 0.0175248 0.0 0.0 0.0 1.0
redkitchen/seq-07/color/frame-000087.color.png redkitchen/seq-07/color/frame-000089.color.png 0.999643 0.0137756 -0.0229068 0.0274589 -0.0140269 0.999843 -0.0108452 0.00104231 0.0227538 0.0111626 0.999679 0.00597781 0.0 0.0 0.0 1.0
redkitchen/seq-07/color/frame-000089.color.png redkitchen/seq-07/color/frame-000091.color.png 0.999579 0.0114523 -0.0266738 0.0346919 -0.0116316 0.999911 -0.00657688 0.00370765 0.0265961 0.00688438 0.999623 0.00702345 0.0 0.0 0.0 1.0
redkitchen/seq-07/color/frame-000091.color.png redkitchen/seq-07/color/frame-000093.color.png 0.999626 0.0150482 -0.0228307 0.0304754 -0.0151225 0.999881 -0.00308368 -0.00762954 0.0227816 0.00342776 0.999735 0.00713128 0.0 0.0 0.0 1.0
redkitchen/seq-07/color/frame-000093.color.png redkitchen/seq-07/color/frame-000095.color.png 0.999779 0.00705142 -0.0198168 0.0236025 -0.0071951 0.999948 -0.00718621 0.0108775 0.0197651 0.00732721 0.999778 0.0124379 0.0 0.0 0.0 1.0
redkitchen/seq-07/color/frame-000095.color.png redkitchen/seq-07/color/frame-000097.color.png 0.999736 0.000783867 -0.022943 0.0240664 -0.000850719 0.999995 -0.00290402 -0.00388724 0.0229406 0.00292276 0.999733 0.00511527 0.0 0.0 0.0 1.0
redkitchen/seq-07/color/frame-000097.color.png redkitchen/seq-07/color/frame-000099.color.png 0.999776 0.00500523 -0.0205479 0.0265688 -0.00499771 0.999988 0.000414671 -0.00754598 0.0205496 -0.000311837 0.999789 0.00811702 0.0 0.0 0.0 1.0
redkitchen/seq-07/color/frame-000099.color.png redkitchen/seq-07/color/frame-000101.color.png 0.999841 0.00124669 -0.0178059 0.0195628 -0.00123664 0.999999 0.000574654 -0.00921398 0.0178066 -0.000552579 0.999841 0.00471908 0.0 0.0 0.0 1.0
redkitchen/seq-07/color/frame-000101.color.png redkitchen/seq-07/color/frame-000103.color.png 0.999945 0.00356665 -0.00982921 0.0108559 -0.00358096 0.999993 -0.00143548 0.00244626 0.00982407 0.00147058 0.999951 0.00227344 0.0 0.0 0.0 1.0
redkitchen/seq-07/color/frame-000103.color.png redkitchen/seq-07/color/frame-000105.color.png 0.999791 0.00299156 -0.0202338 0.0270559 -0.00284747 0.99997 0.00714744 -0.0249381 0.0202546 -0.0070883 0.99977 0.00668603 0.0 0.0 0.0 1.0
redkitchen/seq-07/color/frame-000105.color.png redkitchen/seq-07/color/frame-000107.color.png 0.999801 0.00655799 -0.0188158 0.0200902 -0.00653686 0.999978 0.00118254 -0.00502273 0.0188231 -0.0010593 0.999822 0.0101647 0.0 0.0 0.0 1.0
redkitchen/seq-07/color/frame-000107.color.png redkitchen/seq-07/color/frame-000109.color.png 0.999904 0.00275839 -0.0135444 0.0130408 -0.00272538 0.999993 0.0024502 -0.0102153 0.0135511 -0.00241303 0.999905 0.00893682 0.0 0.0 0.0 1.0
redkitchen/seq-07/color/frame-000109.color.png redkitchen/seq-07/color/frame-000111.color.png 0.999875 -0.00196005 -0.0157172 0.0165126 0.00197706 0.999997 0.00106623 -0.000909626 0.0157151 -0.00109717 0.999876 0.00821954 0.0 0.0 0.0 1.0
redkitchen/seq-07/color/frame-000111.color.png redkitchen/seq-07/color/frame-000113.color.png 0.999934 -0.00587654 -0.00985558 0.00372702 0.00593633 0.999964 0.00605672 -0.0147168 0.00981974 -0.00611488 0.999933 0.0120993 0.0 0.0 0.0 1.0
redkitchen/seq-07/color/frame-000113.color.png redkitchen/seq-07/color/frame-000115.color.png 0.999853 0.000466006 -0.0171309 0.0232882 -0.000508922 0.999997 -0.00249943 -0.00725284 0.0171296 0.00250776 0.99985 0.0141976 0.0 0.0 0.0 1.0
redkitchen/seq-07/color/frame-000115.color.png redkitchen/seq-07/color/frame-000117.color.png 0.999932 -0.00170662 -0.0115729 0.00990134 0.00167032 0.999994 -0.00314617 -0.00331327 0.0115783 0.00312663 0.999928 0.0212854 0.0 0.0 0.0 1.0
redkitchen/seq-07/color/frame-000117.color.png redkitchen/seq-07/color/frame-000119.color.png 0.999887 -0.000883475 -0.0150116 0.00886321 0.000862694 0.999999 -0.00139166 -0.012938 0.0150127 0.00137859 0.999886 0.0118347 0.0 0.0 0.0 1.0
redkitchen/seq-07/color/frame-000119.color.png redkitchen/seq-07/color/frame-000121.color.png 0.999968 -0.00236452 -0.0076481 0.00823283 0.002333 0.999989 -0.00412155 0.000428438 0.00765773 0.00410357 0.999962 0.0104761 0.0 0.0 0.0 1.0
redkitchen/seq-07/color/frame-000121.color.png redkitchen/seq-07/color/frame-000123.color.png 0.999951 -0.00636389 -0.00762521 -0.00567818 0.00638151 0.999977 0.00228041 -0.0203944 0.00761045 -0.00232897 0.999968 0.00584161 0.0 0.0 0.0 1.0
redkitchen/seq-07/color/frame-000123.color.png redkitchen/seq-07/color/frame-000125.color.png 0.999823 0.0123042 -0.014233 0.0157869 -0.0122667 0.999921 0.00271918 -0.0112875 0.0142653 -0.0025441 0.999895 0.0183921 0.0 0.0 0.0 1.0
redkitchen/seq-07/color/frame-000125.color.png redkitchen/seq-07/color/frame-000127.color.png 0.99999 0.00424455 -0.00147817 -0.00361073 -0.00425988 0.999936 -0.0105332 0.0106531 0.00143345 0.0105393 0.999943 0.0339366 0.0 0.0 0.0 1.0
redkitchen/seq-07/color/frame-000127.color.png redkitchen/seq-07/color/frame-000129.color.png 0.999925 0.00359457 -0.0116965 0.00865132 -0.00349272 0.999956 0.00871343 -0.0350832 0.0117273 -0.00867195 0.999894 0.00992358 0.0 0.0 0.0 1.0
redkitchen/seq-07/color/frame-000129.color.png redkitchen/seq-07/color/frame-000131.color.png 0.999957 0.00382915 -0.00841614 0.00522017 -0.00387182 0.99998 -0.00506943 0.00786763 0.00839659 0.00510182 0.999952 0.0100021 0.0 0.0 0.0 1.0
redkitchen/seq-07/color/frame-000131.color.png redkitchen/seq-07/color/frame-000133.color.png 0.999981 0.00518683 -0.00349721 -0.0127802 -0.00522865 0.999914 -0.0120113 0.0143484 0.0034346 0.0120294 0.999922 0.0192803 0.0 0.0 0.0 1.0
redkitchen/seq-07/color/frame-000133.color.png redkitchen/seq-07/color/frame-000135.color.png 0.999856 -0.000499204 -0.0169795 0.00654197 0.000876608 0.999753 0.0222242 -0.0693257 0.0169643 -0.0222358 0.999609 0.00336885 0.0 0.0 0.0 1.0
redkitchen/seq-07/color/frame-000135.color.png redkitchen/seq-07/color/frame-000137.color.png 0.999321 0.00668608 -0.0362347 0.0339161 -0.00631931 0.999928 0.0102262 -0.014763 0.0363004 -0.0099903 0.999291 -0.00109458 0.0 0.0 0.0 1.0
redkitchen/seq-07/color/frame-000137.color.png redkitchen/seq-07/color/frame-000139.color.png 0.999814 0.00292484 -0.0190638 0.00293106 -0.00295603 0.999994 -0.00160901 -0.000980556 0.0190589 0.00166506 0.999817 0.012064 0.0 0.0 0.0 1.0
redkitchen/seq-07/color/frame-000139.color.png redkitchen/seq-07/color/frame-000141.color.png 0.999541 0.00608105 -0.0296857 0.0332433 -0.00590501 0.999965 0.00601504 -0.0197759 0.0297213 -0.00583702 0.999541 0.0122461 0.0 0.0 0.0 1.0
redkitchen/seq-07/color/frame-000141.color.png redkitchen/seq-07/color/frame-000143.color.png 0.999391 0.00928164 -0.0336246 0.0357055 -0.00937255 0.999953 -0.00254963 0.00713259 0.0335992 0.00286331 0.999431 0.0119653 0.0 0.0 0.0 1.0
redkitchen/seq-07/color/frame-000143.color.png redkitchen/seq-07/color/frame-000145.color.png 0.999453 0.0108841 -0.0312286 0.0372366 -0.0108334 0.99994 0.00179564 -0.010559 0.0312464 -0.00145643 0.999511 0.0217699 0.0 0.0 0.0 1.0
redkitchen/seq-07/color/frame-000145.color.png redkitchen/seq-07/color/frame-000147.color.png 0.999563 0.009511 -0.0279971 0.0296937 -0.00964788 0.999942 -0.00475478 0.0115712 0.0279503 0.00502277 0.999597 0.0137037 0.0 0.0 0.0 1.0
redkitchen/seq-07/color/frame-000147.color.png redkitchen/seq-07/color/frame-000149.color.png 0.999848 0.0149808 -0.0089482 -0.00938138 -0.0149254 0.999869 0.00621991 -0.0124541 0.00904011 -0.00608538 0.999941 -0.0107931 0.0 0.0 0.0 1.0
redkitchen/seq-07/color/frame-000149.color.png redkitchen/seq-07/color/frame-000151.color.png 0.999675 0.0146415 -0.0208542 0.0262359 -0.0146926 0.999889 -0.00230065 0.00605452 0.0208182 0.00260633 0.99978 0.0179995 0.0 0.0 0.0 1.0
redkitchen/seq-07/color/frame-000151.color.png redkitchen/seq-07/color/frame-000153.color.png 0.999708 0.0165988 -0.0175849 0.0189487 -0.0163371 0.999755 0.0149207 -0.0330436 0.0178283 -0.0146291 0.999734 0.0072695 0.0 0.0 0.0 1.0
redkitchen/seq-07/color/frame-000153.color.png redkitchen/seq-07/color/frame-000155.color.png 0.999187 0.0145113 -0.0376085 0.0514739 -0.0141943 0.999862 0.00868012 -0.00975841 0.0377293 -0.00813929 0.999255 0.0131935 0.0 0.0 0.0 1.0
redkitchen/seq-07/color/frame-000155.color.png redkitchen/seq-07/color/frame-000157.color.png 0.999809 0.00674322 -0.0183357 0.0228429 -0.00680959 0.99997 -0.00355623 0.0146203 0.0183112 0.00368039 0.999826 0.0114036 0.0 0.0 0.0 1.0
redkitchen/seq-07/color/frame-000157.color.png redkitchen/seq-07/color/frame-000159.color.png 0.999717 0.011646 -0.0207342 0.0233413 -0.0113234 0.999814 0.0156107 -0.0453928 0.0209121 -0.0153715 0.999663 0.0201788 0.0 0.0 0.0 1.0
redkitchen/seq-07/color/frame-000159.color.png redkitchen/seq-07/color/frame-000161.color.png 0.999256 0.00596458 -0.0381095 0.055236 -0.00511711 0.999738 0.0222963 -0.0418104 0.0382325 -0.0220846 0.999025 -0.00388396 0.0 0.0 0.0 1.0
redkitchen/seq-07/color/frame-000161.color.png redkitchen/seq-07/color/frame-000163.color.png 0.999834 -0.00159357 -0.0181312 0.0235064 0.00138534 0.999933 -0.0114928 0.0331162 0.0181483 0.0114657 0.99977 0.00228214 0.0 0.0 0.0 1.0
redkitchen/seq-07/color/frame-000163.color.png redkitchen/seq-07/color/frame-000165.color.png 0.999872 -0.00413202 -0.0154817 0.0158872 0.00438957 0.999852 0.0166431 -0.0391385 0.0154106 -0.0167089 0.999742 0.00494719 0.0 0.0 0.0 1.0
redkitchen/seq-07/color/frame-000165.color.png redkitchen/seq-07/color/frame-000167.color.png 0.99964 -0.00357105 -0.0266069 0.0305938 0.00429115 0.999625 0.0270559 -0.0548538 0.0265003 -0.0271603 0.99928 0.000811577 0.0 0.0 0.0 1.0
redkitchen/seq-07/color/frame-000167.color.png redkitchen/seq-07/color/frame-000169.color.png 0.999734 -0.0186799 -0.013528 0.0142274 0.0184295 0.999661 -0.0184056 0.0397367 0.0138672 0.0181514 0.999739 0.0132599 0.0 0.0 0.0 1.0
redkitchen/seq-07/color/frame-000169.color.png redkitchen/seq-07/color/frame-000171.color.png 0.99998 -0.00558467 0.00310169 -0.0134509 0.00562 0.999918 -0.0115034 0.00814414 -0.00303715 0.0115206 0.999929 0.0168828 0.0 0.0 0.0 1.0
redkitchen/seq-07/color/frame-000171.color.png redkitchen/seq-07/color/frame-000173.color.png 0.999972 -0.00541251 0.0052562 -0.0158409 0.00541621 0.999985 -0.000698327 -0.00172329 -0.00525225 0.000726734 0.999986 0.00926745 0.0 0.0 0.0 1.0
redkitchen/seq-07/color/frame-000173.color.png redkitchen/seq-07/color/frame-000175.color.png 0.999989 0.00278451 0.00387373 -0.0170382 -0.00284318 0.99988 0.0152277 -0.042829 -0.00383089 -0.0152386 0.999876 0.00301659 0.0 0.0 0.0 1.0
redkitchen/seq-07/color/frame-000175.color.png redkitchen/seq-07/color/frame-000177.color.png 0.999987 -0.00392861 -0.00322841 -0.0123617 0.00391032 0.999976 -0.00565023 0.00949132 0.00325056 0.00563756 0.999979 0.023432 0.0 0.0 0.0 1.0
redkitchen/seq-07/color/frame-000177.color.png redkitchen/seq-07/color/frame-000179.color.png 0.999855 0.0021749 0.0168787 -0.0455652 -0.00235498 0.99994 0.0106562 -0.0349275 -0.0168545 -0.0106944 0.999801 -0.00875068 0.0 0.0 0.0 1.0
redkitchen/seq-07/color/frame-000179.color.png redkitchen/seq-07/color/frame-000181.color.png 0.999924 0.0122895 -0.000992211 -0.0110426 -0.0122721 0.999797 0.0159798 -0.0394352 0.00118842 -0.0159664 0.999872 -0.00168324 0.0 0.0 0.0 1.0
redkitchen/seq-07/color/frame-000181.color.png redkitchen/seq-07/color/frame-000183.color.png 0.999878 0.0155788 0.000936914 -0.0123071 -0.0155872 0.999831 0.00976975 -0.013193 -0.000784513 -0.00978322 0.999952 0.0027256 0.0 0.0 0.0 1.0
redkitchen/seq-07/color/frame-000183.color.png redkitchen/seq-07/color/frame-000185.color.png 0.999775 0.0209669 -0.00320992 -0.00157444 -0.0209979 0.99973 -0.0099489 0.0234776 0.00300042 0.0100141 0.999945 0.0120751 0.0 0.0 0.0 1.0
redkitchen/seq-07/color/frame-000185.color.png redkitchen/seq-07/color/frame-000187.color.png 0.999854 0.0158423 -0.00639479 -0.0262548 -0.0156721 0.999543 0.0258377 -0.0746738 0.00680129 -0.0257337 0.999646 0.00544703 0.0 0.0 0.0 1.0
redkitchen/seq-07/color/frame-000187.color.png redkitchen/seq-07/color/frame-000189.color.png 0.999307 0.0115941 -0.0353669 0.0551953 -0.0121854 0.999789 -0.0165507 0.0362486 0.0351674 0.0169702 0.999237 0.00271642 0.0 0.0 0.0 1.0
redkitchen/seq-07/color/frame-000189.color.png redkitchen/seq-07/color/frame-000191.color.png 0.999934 -0.00995755 -0.00574941 -0.000331402 0.00961277 0.998318 -0.0571672 0.130211 0.00630899 0.0571081 0.998348 0.0392938 0.0 0.0 0.0 1.0
redkitchen/seq-07/color/frame-000191.color.png redkitchen/seq-07/color/frame-000193.color.png 0.999999 -0.00124376 -0.00118323 -0.0536632 0.00126531 0.99983 0.0183855 -0.103275 0.0011602 -0.0183869 0.99983 0.0190673 0.0 0.0 0.0 1.0
redkitchen/seq-07/color/frame-000193.color.png redkitchen/seq-07/color/frame-000195.color.png 0.999221 -0.00617141 -0.0389768 0.0474019 0.00627946 0.999977 0.00265146 -0.013698 0.0389596 -0.00289421 0.999237 -0.0144606 0.0 0.0 0.0 1.0
redkitchen/seq-07/color/frame-000195.color.png redkitchen/seq-07/color/frame-000197.color.png 0.999793 -0.00856549 -0.0184658 0.018342 0.00822652 0.999798 -0.0183578 0.0442735 0.0186193 0.018202 0.999661 0.0266594 0.0 0.0 0.0 1.0
redkitchen/seq-07/color/frame-000197.color.png redkitchen/seq-07/color/frame-000199.color.png 0.999872 0.0150172 -0.00551901 -0.000651121 -0.0150438 0.999875 -0.00481055 -0.00549984 0.0054461 0.00489298 0.999973 0.00205564 0.0 0.0 0.0 1.0
redkitchen/seq-07/color/frame-000199.color.png redkitchen/seq-07/color/frame-000201.color.png 0.999698 0.0188969 -0.0156689 0.020537 -0.018744 0.999776 0.00984746 -0.0346147 0.0158515 -0.00955074 0.999829 -0.00493371 0.0 0.0 0.0 1.0
redkitchen/seq-07/color/frame-000201.color.png redkitchen/seq-07/color/frame-000203.color.png 0.998882 0.0278771 -0.0381889 0.0545555 -0.0284561 0.999487 -0.014701 0.0310849 0.0377595 0.0157713 0.999162 0.0233104 0.0 0.0 0.0 1.0
redkitchen/seq-07/color/frame-000203.color.png redkitchen/seq-07/color/frame-000205.color.png 0.999876 0.0148892 -0.00509266 0.00277352 -0.0150109 0.999581 -0.0247649 0.0297793 0.00472183 0.0248383 0.99968 0.0253338 0.0 0.0 0.0 1.0
redkitchen/seq-07/color/frame-000205.color.png redkitchen/seq-07/color/frame-000207.color.png 0.999527 0.0184524 -0.0245965 0.0494387 -0.018419 0.999829 0.00158405 -0.0229552 0.0246215 -0.0011302 0.999696 0.00110734 0.0 0.0 0.0 1.0
redkitchen/seq-07/color/frame-000207.color.png redkitchen/seq-07/color/frame-000209.color.png 0.999464 0.0158934 -0.0286145 0.0336314 -0.0169541 0.999164 -0.037213 0.060747 0.027999 0.0376781 0.998898 0.0571108 0.0 0.0 0.0 1.0
redkitchen/seq-07/color/frame-000209.color.png redkitchen/seq-07/color/frame-000211.color.png 0.999475 0.0319613 -0.00539588 0.0271202 -0.0319991 0.999463 -0.00706672 -0.0189629 0.00516712 0.00723567 0.99996 -0.0164685 0.0 0.0 0.0 1.0
redkitchen/seq-07/color/frame-000211.color.png redkitchen/seq-07/color/frame-000213.color.png 0.998937 0.041229 -0.0206131 0.0270928 -0.0414693 0.999075 -0.0113706 0.012619 0.0201253 0.0122133 0.999723 0.0337025 0.0 0.0 0.0 1.0
redkitchen/seq-07/color/frame-000213.color.png redkitchen/seq-07/color/frame-000215.color.png 0.99939 0.0333139 -0.0104442 0.0323508 -0.0335452 0.999177 -0.0228167 0.0386654 0.00967551 0.0231532 0.999685 0.0175573 0.0 0.0 0.0 1.0
redkitchen/seq-07/color/frame-000215.color.png redkitchen/seq-07/color/frame-000217.color.png 0.997058 0.0763125 -0.00719369 0.0313846 -0.0763362 0.997077 -0.00307094 -0.0207333 0.00693832 0.00361097 0.999969 0.00223947 0.0 0.0 0.0 1.0
redkitchen/seq-07/color/frame-000217.color.png redkitchen/seq-07/color/frame-000219.color.png 0.998265 0.0547657 -0.0216339 0.0412143 -0.0550521 0.998401 -0.0128745 0.0173321 0.0208942 0.0140431 0.999683 0.025355 0.0 0.0 0.0 1.0
redkitchen/seq-07/color/frame-000219.color.png redkitchen/seq-07/color/frame-000221.color.png 0.999508 0.0150748 -0.0275159 0.0254664 -0.0151517 0.999882 -0.00258858 0.00405955 0.0274736 0.00300417 0.999618 0.0309979 0.0 0.0 0.0 1.0
redkitchen/seq-07/color/frame-000221.color.png redkitchen/seq-07/color/frame-000223.color.png 0.999107 -0.000950863 -0.0422423 0.0303673 0.00107799 0.999995 0.00298669 0.0019269 0.0422392 -0.00302948 0.999103 0.0192209 0.0 0.0 0.0 1.0
redkitchen/seq-07/color/frame-000223.color.png redkitchen/seq-07/color/frame-000225.color.png 0.99995 -0.00505153 -0.00859208 -0.0160196 0.00509204 0.999976 0.00469659 -0.0111565 0.00856815 -0.00474008 0.999952 -0.00334275 0.0 0.0 0.0 1.0
redkitchen/seq-07/color/frame-000225.color.png redkitchen/seq-07/color/frame-000227.color.png 0.99973 0.0153795 -0.0173947 -5.81443e-05 -0.0150772 0.999735 0.0173792 -0.0294355 0.0176574 -0.0171123 0.999698 -0.00343812 0.0 0.0 0.0 1.0
redkitchen/seq-07/color/frame-000227.color.png redkitchen/seq-07/color/frame-000229.color.png 0.999953 0.00881999 0.00393419 -0.0477751 -0.00887355 0.999865 0.0138139 -0.0357384 -0.00381184 -0.0138482 0.999897 -0.0132134 0.0 0.0 0.0 1.0
redkitchen/seq-07/color/frame-000229.color.png redkitchen/seq-07/color/frame-000231.color.png 0.999857 0.00417986 -0.0163977 -0.0166531 -0.00428172 0.999972 -0.00618089 0.00926679 0.0163714 0.00625018 0.999847 0.0158973 0.0 0.0 0.0 1.0
redkitchen/seq-07/color/frame-000231.color.png redkitchen/seq-07/color/frame-000233.color.png 0.99999 0.00135451 -0.00439055 -0.0195193 -0.0013468 0.999998 0.00173599 -0.00330126 0.00439293 -0.00172997 0.999989 -0.0113432 0.0 0.0 0.0 1.0
redkitchen/seq-07/color/frame-000233.color.png redkitchen/seq-07/color/frame-000235.color.png 0.999619 0.0037904 -0.0273295 0.00937247 -0.00379626 0.999993 -0.000162599 0.00892228 0.0273287 0.00026625 0.999627 0.0139686 0.0 0.0 0.0 1.0
redkitchen/seq-07/color/frame-000235.color.png redkitchen/seq-07/color/frame-000237.color.png 0.99955 0.0100808 -0.028239 0.00921327 -0.009903 0.99993 0.00642903 -0.00578386 0.0283019 -0.0061464 0.99958 0.00196397 0.0 0.0 0.0 1.0
redkitchen/seq-07/color/frame-000237.color.png redkitchen/seq-07/color/frame-000239.color.png 0.999919 0.00294771 -0.0123954 -0.0215034 -0.00304464 0.999965 -0.00779884 0.0198519 0.0123719 0.00783592 0.999893 0.0132403 0.0 0.0 0.0 1.0
redkitchen/seq-07/color/frame-000239.color.png redkitchen/seq-07/color/frame-000241.color.png 0.999992 0.00133284 -0.00386462 -0.021805 -0.00133526 0.999999 -0.000639971 0.00543767 0.00386379 0.000645076 0.999992 -0.00195217 0.0 0.0 0.0 1.0
redkitchen/seq-07/color/frame-000241.color.png redkitchen/seq-07/color/frame-000243.color.png 0.999973 0.00705347 0.00190669 -0.0372866 -0.0070298 0.999902 -0.0121363 0.0259426 -0.00199205 0.0121226 0.999924 0.00155139 0.0 0.0 0.0 1.0
redkitchen/seq-07/color/frame-000243.color.png redkitchen/seq-07/color/frame-000245.color.png 0.999983 -0.000665591 -0.00587611 -0.0427222 0.00066722 1.0 0.000276465 0.00271595 0.00587589 -0.000280387 0.999983 0.00903976 0.0 0.0 0.0 1.0
redkitchen/seq-07/color/frame-000245.color.png redkitchen/seq-07/color/frame-000247.color.png 0.99992 -0.0125788 -0.00113939 -0.0370581 0.0125739 0.999912 -0.00416826 0.0197436 0.00119175 0.00415358 0.999991 -0.00152779 0.0 0.0 0.0 1.0
redkitchen/seq-07/color/frame-000247.color.png redkitchen/seq-07/color/frame-000249.color.png 0.999891 -0.00657769 -0.0131923 -0.00931156 0.00651197 0.999966 -0.00502228 0.0256892 0.0132248 0.00493575 0.9999 -0.00830162 0.0 0.0 0.0 1.0
redkitchen/seq-07/color/frame-000249.color.png redkitchen/seq-07/color/frame-000251.color.png 0.999922 0.00451012 -0.0116198 -0.010501 -0.0045616 0.99998 -0.0043989 0.0130295 0.0115998 0.00445161 0.999923 0.00714791 0.0 0.0 0.0 1.0
redkitchen/seq-07/color/frame-000251.color.png redkitchen/seq-07/color/frame-000253.color.png 0.999946 0.000692831 -0.0103679 -0.0124972 -0.000693095 1.0 -3.06506e-05 0.000922441 0.0103678 3.77851e-05 0.999946 0.0106584 0.0 0.0 0.0 1.0
redkitchen/seq-07/color/frame-000253.color.png redkitchen/seq-07/color/frame-000255.color.png 0.999758 -0.0110389 -0.0189989 -0.0111883 0.0108717 0.999901 -0.00888496 0.0341134 0.0190951 0.00867629 0.99978 0.0206957 0.0 0.0 0.0 1.0
redkitchen/seq-07/color/frame-000255.color.png redkitchen/seq-07/color/frame-000257.color.png 0.99996 -0.00494751 -0.00749512 -0.0198953 0.00486616 0.99993 -0.0108197 0.0257583 0.00754816 0.0107828 0.999913 0.0106682 0.0 0.0 0.0 1.0
redkitchen/seq-07/color/frame-000257.color.png redkitchen/seq-07/color/frame-000259.color.png 0.999825 0.00595076 -0.0177295 -0.0073337 -0.00615034 0.999918 -0.0112258 0.0182201 0.0176612 0.0113329 0.99978 0.029258 0.0 0.0 0.0 1.0
redkitchen/seq-07/color/frame-000259.color.png redkitchen/seq-07/color/frame-000261.color.png 0.999958 -0.00262589 -0.00878326 -0.0116547 0.00256784 0.999975 -0.00660267 0.0145895 0.00880042 0.00657986 0.99994 0.00842369 0.0 0.0 0.0 1.0
redkitchen/seq-07/color/frame-000261.color.png redkitchen/seq-07/color/frame-000263.color.png 0.999835 0.00506962 -0.0174475 -0.00065732 -0.00500522 0.999981 0.00372873 -0.013065 0.017466 -0.00364089 0.999841 0.0154369 0.0 0.0 0.0 1.0
redkitchen/seq-07/color/frame-000263.color.png redkitchen/seq-07/color/frame-000265.color.png 0.999896 -0.00526005 -0.013404 -0.0240257 0.00518218 0.999969 -0.00583833 0.0248848 0.0134344 0.00576834 0.999893 0.0324199 0.0 0.0 0.0 1.0
redkitchen/seq-07/color/frame-000265.color.png redkitchen/seq-07/color/frame-000267.color.png 0.999986 0.00514252 0.00126411 -0.0193459 -0.00513907 0.999983 -0.00271721 -7.38502e-05 -0.00127798 0.00271067 0.999995 -0.00894153 0.0 0.0 0.0 1.0
redkitchen/seq-07/color/frame-000267.color.png redkitchen/seq-07/color/frame-000269.color.png 0.999885 0.00879342 -0.0123359 -0.00991035 -0.00879812 0.999961 -0.000330702 -0.00556868 0.0123325 0.000439197 0.999924 0.0195785 0.0 0.0 0.0 1.0
redkitchen/seq-07/color/frame-000269.color.png redkitchen/seq-07/color/frame-000271.color.png 0.999968 0.00497921 -0.00621905 -0.0168192 -0.00499411 0.999985 -0.0023936 0.000322223 0.00620705 0.00242458 0.999978 -0.000130177 0.0 0.0 0.0 1.0
redkitchen/seq-07/color/frame-000271.color.png redkitchen/seq-07/color/frame-000273.color.png 0.999887 0.00174603 -0.0149497 -0.0106119 -0.00173665 0.999998 0.000646035 -0.000376403 0.0149508 -0.000620003 0.999888 0.0135092 0.0 0.0 0.0 1.0
redkitchen/seq-07/color/frame-000273.color.png redkitchen/seq-07/color/frame-000275.color.png 0.999975 -0.00302081 -0.00632542 -0.0130588 0.00300302 0.999992 -0.0028167 0.0117981 0.00633384 0.00279762 0.999976 0.0009408 0.0 0.0 0.0 1.0
redkitchen/seq-07/color/frame-000275.color.png redkitchen/seq-07/color/frame-000277.color.png 0.999948 0.00595701 -0.00826104 -0.0179586 -0.00592513 0.999975 0.00389187 -0.00973034 0.008284 -0.00384278 0.999958 -0.00118506 0.0 0.0 0.0 1.0
redkitchen/seq-07/color/frame-000277.color.png redkitchen/seq-07/color/frame-000279.color.png 0.999947 -0.000450272 -0.0102582 -0.0199182 0.000384237 0.999979 -0.0064488 0.0177494 0.010261 0.00644458 0.999927 0.00415087 0.0 0.0 0.0 1.0
redkitchen/seq-07/color/frame-000279.color.png redkitchen/seq-07/color/frame-000281.color.png 0.999928 -0.00150559 -0.0119035 -0.0220392 0.00151583 0.999999 0.000847457 0.00886917 0.0119022 -0.000865455 0.999929 0.00286198 0.0 0.0 0.0 1.0
redkitchen/seq-07/color/frame-000281.color.png redkitchen/seq-07/color/frame-000283.color.png 0.99997 0.00401908 -0.00666309 -0.0168285 -0.00395839 0.999951 0.00909616 -0.0105425 0.00669927 -0.00906954 0.999936 -0.00809324 0.0 0.0 0.0 1.0
redkitchen/seq-07/color/frame-000283.color.png redkitchen/seq-07/color/frame-000285.color.png 0.999881 0.0145184 -0.00516976 -0.011421 -0.0145254 0.999894 -0.00131641 -0.0165389 0.0051501 0.00139132 0.999986 0.00412762 0.0 0.0 0.0 1.0
redkitchen/seq-07/color/frame-000285.color.png redkitchen/seq-07/color/frame-000287.color.png 0.999996 0.00266654 0.00094318 -0.0341983 -0.00267749 0.999927 0.0117562 -0.0151391 -0.000911804 -0.0117586 0.999931 -0.0139403 0.0 0.0 0.0 1.0
redkitchen/seq-07/color/frame-000287.color.png redkitchen/seq-07/color/frame-000289.color.png 0.999852 0.0129392 0.0113378 -0.0415289 -0.0131243 0.999779 0.0164138 -0.045115 -0.0111229 -0.0165602 0.999801 -0.0428212 0.0 0.0 0.0 1.0
redkitchen/seq-07/color/frame-000289.color.png redkitchen/seq-07/color/frame-000291.color.png 0.999984 0.000175003 -0.00564305 -0.0275627 -0.000116145 0.999946 0.0104238 -0.00929493 0.00564459 -0.0104229 0.99993 0.0128058 0.0 0.0 0.0 1.0
redkitchen/seq-07/color/frame-000291.color.png redkitchen/seq-07/color/frame-000293.color.png 0.999877 0.00993626 0.0121201 -0.0356652 -0.0100076 0.999933 0.00583482 -0.0231778 -0.0120613 -0.0059554 0.99991 -0.0578554 0.0 0.0 0.0 1.0
redkitchen/seq-07/color/frame-000293.color.png redkitchen/seq-07/color/frame-000295.color.png 0.999869 0.00244089 -0.0160101 -0.000574112 -0.00242587 0.999997 0.000949514 0.00857091 0.0160123 -0.000910674 0.999871 0.0255498 0.0 0.0 0.0 1.0
redkitchen/seq-07/color/frame-000295.color.png redkitchen/seq-07/color/frame-000297.color.png 0.999969 0.00788951 -0.000928179 -0.00540221 -0.00788729 0.999966 0.00243439 -0.0171471 0.000947465 -0.00242678 0.999997 -0.0205877 0.0 0.0 0.0 1.0
redkitchen/seq-07/color/frame-000297.color.png redkitchen/seq-07/color/frame-000299.color.png 0.999822 0.0108565 -0.015441 0.00024581 -0.0107177 0.999902 0.009048 -0.01393 0.0155377 -0.00888085 0.99984 0.00423181 0.0 0.0 0.0 1.0
redkitchen/seq-07/color/frame-000299.color.png redkitchen/seq-07/color/frame-000301.color.png 0.999817 0.00704398 -0.0177611 -0.0048002 -0.00697051 0.999967 0.00419205 -0.00591242 0.0177899 -0.00406767 0.999834 0.0100758 0.0 0.0 0.0 1.0
redkitchen/seq-07/color/frame-000301.color.png redkitchen/seq-07/color/frame-000303.color.png 0.999908 0.00846628 -0.0106201 -0.000353098 -0.00842522 0.999957 0.00390575 -0.011105 0.0106527 -0.00381585 0.999936 0.00106311 0.0 0.0 0.0 1.0
redkitchen/seq-07/color/frame-000303.color.png redkitchen/seq-07/color/frame-000305.color.png 0.999786 0.00313641 -0.0204426 -0.0091157 -0.00281629 0.999873 0.0156635 -0.0131657 0.0204892 -0.0156026 0.999668 0.0241944 0.0 0.0 0.0 1.0
redkitchen/seq-07/color/frame-000305.color.png redkitchen/seq-07/color/frame-000307.color.png 0.999965 0.00611643 -0.00577423 -0.0103792 -0.00607967 0.999961 0.00637976 -0.0129045 0.00581302 -0.00634451 0.999963 -0.00988305 0.0 0.0 0.0 1.0
redkitchen/seq-07/color/frame-000307.color.png redkitchen/seq-07/color/frame-000309.color.png 0.999866 0.000434219 -0.0163874 -0.0119798 -0.000384115 0.999995 0.00305746 0.00906855 0.0163888 -0.00305064 0.999861 0.0152729 0.0 0.0 0.0 1.0
redkitchen/seq-07/color/frame-000309.color.png redkitchen/seq-07/color/frame-000311.color.png 0.999952 0.00956511 -0.0022126 -0.0119112 -0.00955727 0.999948 0.00348716 -0.0143824 0.00224577 -0.00346588 0.999992 -0.0143757 0.0 0.0 0.0 1.0
redkitchen/seq-07/color/frame-000311.color.png redkitchen/seq-07/color/frame-000313.color.png 0.999892 0.00228335 -0.0145265 -0.0104852 -0.00230804 0.999996 -0.00168743 0.00824916 0.0145227 0.00172081 0.999893 0.00733399 0.0 0.0 0.0 1.0
redkitchen/seq-07/color/frame-000313.color.png redkitchen/seq-07/color/frame-000315.color.png 0.999965 0.00299446 -0.00775714 -0.00556517 -0.00299865 0.999995 -0.000514787 0.00439107 0.00775547 0.000537901 0.99997 -0.0110034 0.0 0.0 0.0 1.0
redkitchen/seq-07/color/frame-000315.color.png redkitchen/seq-07/color/frame-000317.color.png 0.999691 0.00871299 -0.0232831 0.0185498 -0.00866406 0.99996 0.00219855 0.0114139 0.0233013 -0.00199605 0.999726 0.0327742 0.0 0.0 0.0 1.0
redkitchen/seq-07/color/frame-000317.color.png redkitchen/seq-07/color/frame-000319.color.png 0.999767 0.0214946 -0.00177817 -0.011107 -0.0215018 0.99976 -0.00411651 -0.0386671 0.00168921 0.00415378 0.99999 -0.0174465 0.0 0.0 0.0 1.0
redkitchen/seq-07/color/frame-000319.color.png redkitchen/seq-07/color/frame-000321.color.png 0.999815 0.00998288 -0.0164581 0.00397301 -0.0100367 0.999945 -0.0031964 -0.00549334 0.0164253 0.00336105 0.999859 0.0253609 0.0 0.0 0.0 1.0
redkitchen/seq-07/color/frame-000321.color.png redkitchen/seq-07/color/frame-000323.color.png 0.999791 0.015277 -0.0135547 0.00465238 -0.0152971 0.999882 -0.00137263 -0.0178531 0.0135321 0.00157964 0.999907 -0.00197768 0.0 0.0 0.0 1.0
redkitchen/seq-07/color/frame-000323.color.png redkitchen/seq-07/color/frame-000325.color.png 0.999884 0.00368439 -0.0147952 0.0143807 -0.00368961 0.999993 -0.000328653 0.00580585 0.0147939 0.00038324 0.99989 0.0208315 0.0 0.0 0.0 1.0
redkitchen/seq-07/color/frame-000325.color.png redkitchen/seq-07/color/frame-000327.color.png 0.99992 0.00655909 -0.0108262 0.00808513 -0.00659569 0.999973 -0.00336385 0.00770551 0.0108038 0.00343487 0.999936 0.00628126 0.0 0.0 0.0 1.0
redkitchen/seq-07/color/frame-000327.color.png redkitchen/seq-07/color/frame-000329.color.png 0.999862 0.0132003 -0.0100407 0.00680125 -0.0132361 0.999906 -0.00347949 -0.014775 0.00999374 0.00361202 0.999943 0.00463843 0.0 0.0 0.0 1.0
redkitchen/seq-07/color/frame-000329.color.png redkitchen/seq-07/color/frame-000331.color.png 0.999877 0.0124991 -0.00950256 0.00424445 -0.0124951 0.999922 0.000481599 -0.017706 0.00950797 -0.000362685 0.999955 0.0104873 0.0 0.0 0.0 1.0
redkitchen/seq-07/color/frame-000331.color.png redkitchen/seq-07/color/frame-000333.color.png 0.999856 0.0134843 -0.0102832 0.000633001 -0.0133994 0.999876 0.00828184 -0.0155953 0.0103935 -0.00814286 0.999913 0.00161588 0.0 0.0 0.0 1.0
redkitchen/seq-07/color/frame-000333.color.png redkitchen/seq-07/color/frame-000335.color.png 0.999994 0.00072932 0.00339795 -0.0114336 -0.000722696 0.999998 -0.00197445 0.0143173 -0.00339944 0.00197186 0.999992 -0.0188702 0.0 0.0 0.0 1.0
redkitchen/seq-07/color/frame-000335.color.png redkitchen/seq-07/color/frame-000337.color.png 0.999987 0.00478412 0.00178344 -0.0114542 -0.00479417 0.999972 0.00571969 -0.00367239 -0.00175611 -0.00572816 0.999982 -0.0221103 0.0 0.0 0.0 1.0
redkitchen/seq-07/color/frame-000337.color.png redkitchen/seq-07/color/frame-000339.color.png 0.999956 -0.00594532 0.00727494 -0.0206321 0.00594569 0.999982 -3.06035e-05 0.0210084 -0.00727455 7.38198e-05 0.999974 -0.0266126 0.0 0.0 0.0 1.0
