redkitchen/seq-07/color/frame-000002.color.png redkitchen/seq-07/color/frame-000005.color.png 0.999928 -0.00736599 0.00951418 0.00463191 0.00732541 0.999964 0.00429301 0.000275807 -0.00954546 -0.00422301 0.999946 0.00919378 0.0 0.0 0.0 1.0
redkitchen/seq-07/color/frame-000005.color.png redkitchen/seq-07/color/frame-000008.color.png 0.999975 -0.00708115 0.000405145 0.0142205 0.00707911 0.999963 0.00482814 0.00156555 -0.000439319 -0.00482515 0.999988 0.00728677 0.0 0.0 0.0 1.0
redkitchen/seq-07/color/frame-000008.color.png redkitchen/seq-07/color/frame-000011.color.png 0.99999 -0.00257315 0.00360722 0.013052 0.0025568 0.999986 0.00453094 -0.00149089 -0.00361883 -0.00452167 0.999983 0.0109658 0.0 0.0 0.0 1.0
redkitchen/seq-07/color/frame-000011.color.png redkitchen/seq-07/color/frame-000014.color.png 0.999981 0.00611847 -0.000653277 0.0208237 -0.00611646 0.999977 0.00303999 -0.00168028 0.000671861 -0.00303594 0.999995 0.0147032 0.0 0.0 0.0 1.0
redkitchen/seq-07/color/frame-000014.color.png redkitchen/seq-07/color/frame-000017.color.png 0.999999 -0.00151097 0.000203701 0.0239872 0.00151184 0.999989 -0.00434523 -0.00560829 -0.000197134 0.00434554 0.99999 0.0168401 0.0 0.0 0.0 1.0
redkitchen/seq-07/color/frame-000017.color.png redkitchen/seq-07/color/frame-000020.color.png 0.999931 0.0112251 -0.00339462 0.0296364 -0.0112336 0.999934 -0.00249996 0.00147394 0.00336633 0.00253792 0.999991 0.00817476 0.0 0.0 0.0 1.0
redkitchen/seq-07/color/frame-000020.color.png redkitchen/seq-07/color/frame-000023.color.png 0.999969 0.00770663 -0.0015582 0.03112 -0.00770497 0.99997 0.00106911 -0.0104531 0.00156639 -0.00105707 0.999998 0.0143733 0.0 0.0 0.0 1.0
redkitchen/seq-07/color/frame-000023.color.png redkitchen/seq-07/color/frame-000026.color.png 0.999982 0.00539982 -0.00248244 0.0304437 -0.0054101 0.999977 -0.00415276 -0.00321348 0.00245996 0.00416611 0.999988 0.0145915 0.0 0.0 0.0 1.0
redkitchen/seq-07/color/frame-000026.color.png redkitchen/seq-07/color/frame-000029.color.png 0.99991 0.0118544 -0.00626487 0.039637 -0.0118652 0.999928 -0.001686 -0.002371 0.00624443 0.00176018 0.999979 0.0103704 0.0 0.0 0.0 1.0
redkitchen/seq-07/color/frame-000029.color.png redkitchen/seq-07/color/frame-000032.color.png 0.999906 0.0100159 -0.00933015 0.0396153 -0.0100383 0.999947 -0.00235166 -0.00672812 0.0093061 0.00244509 0.999954 0.0217426 0.0 0.0 0.0 1.0
redkitchen/seq-07/color/frame-000032.color.png redkitchen/seq-07/color/frame-000035.color.png 0.999852 0.0150023 -0.00836345 0.0320132 -0.014931 0.999852 0.00851751 -0.00616315 0.00848999 -0.00839138 0.999929 0.0104032 0.0 0.0 0.0 1.0
redkitchen/seq-07/color/frame-000035.color.png redkitchen/seq-07/color/frame-000038.color.png 0.999867 -0.00305294 -0.0160345 0.0251472 0.00301422 0.999992 -0.00243794 -0.00733377 0.0160419 0.00238929 0.999868 0.0206828 0.0 0.0 0.0 1.0
redkitchen/seq-07/color/frame-000038.color.png redkitchen/seq-07/color/frame-000041.color.png 0.999829 0.00776084 -0.0167999 0.0397677 -0.00766339 0.999954 0.00585683 -0.00412401 0.0168446 -0.00572708 0.999842 0.0140054 0.0 0.0 0.0 1.0
redkitchen/seq-07/color/frame-000041.color.png redkitchen/seq-07/color/frame-000044.color.png 0.999976 -0.00222198 -0.00649834 0.0175993 0.0022194 0.999997 -0.000404111 -0.00838986 0.00649922 0.000389679 0.999979 0.0265033 0.0 0.0 0.0 1.0
redkitchen/seq-07/color/frame-000044.color.png redkitchen/seq-07/color/frame-000047.color.png 0.999852 0.00372626 -0.016807 0.0231031 -0.00370814 0.999992 0.00110945 -0.00855727 0.016811 -0.00104696 0.999858 0.0253743 0.0 0.0 0.0 1.0
redkitchen/seq-07/color/frame-000047.color.png redkitchen/seq-07/color/frame-000050.color.png 0.999632 0.0177436 -0.0205149 0.0232347 -0.0177671 0.999842 -0.000964543 -0.00551911 0.0204946 0.00132868 0.999789 0.0289056 0.0 0.0 0.0 1.0
redkitchen/seq-07/color/frame-000050.color.png redkitchen/seq-07/color/frame-000053.color.png 0.999809 0.0183826 -0.00663596 0.0167976 -0.0183662 0.999828 0.00252032 -0.00797538 0.00668116 -0.00239797 0.999975 0.0342884 0.0 0.0 0.0 1.0
redkitchen/seq-07/color/frame-000053.color.png redkitchen/seq-07/color/frame-000056.color.png 0.999743 0.0206916 -0.00928495 0.0224238 -0.0207573 0.99976 -0.00703421 -0.00548089 0.00913716 0.00722514 0.999932 0.0310409 0.0 0.0 0.0 1.0
redkitchen/seq-07/color/frame-000056.color.png redkitchen/seq-07/color/frame-000059.color.png 0.99999 -0.00373718 -0.00252606 0.0157495 0.00373287 0.999992 -0.00171701 -0.0247514 0.00253245 0.00170757 0.999995 0.03902 0.0 0.0 0.0 1.0
redkitchen/seq-07/color/frame-000059.color.png redkitchen/seq-07/color/frame-000062.color.png 0.999632 0.0198333 -0.0185233 0.0302859 -0.0198826 0.999799 -0.00248545 -0.014385 0.0184702 0.00285282 0.999825 0.0304185 0.0 0.0 0.0 1.0
redkitchen/seq-07/color/frame-000062.color.png redkitchen/seq-07/color/frame-000065.color.png 0.999898 0.0127979 -0.00627113 0.0112159 -0.0128278 0.999906 -0.00473503 -0.0125629 0.00620996 0.004815 0.999969 0.0347953 0.0 0.0 0.0 1.0
redkitchen/seq-07/color/frame-000065.color.png redkitchen/seq-07/color/frame-000068.color.png 0.999571 0.000370791 -0.0292788 0.0242908 -0.000620359 0.999964 -0.00851545 -0.0127464 0.0292745 0.00852996 0.999535 0.0263227 0.0 0.0 0.0 1.0
redkitchen/seq-07/color/frame-000068.color.png redkitchen/seq-07/color/frame-000071.color.png 0.999697 0.0136543 -0.0204869 0.0240158 -0.0135197 0.999886 0.00669406 -0.0209661 0.0205759 -0.00641506 0.999768 0.0287229 0.0 0.0 0.0 1.0
redkitchen/seq-07/color/frame-000071.color.png redkitchen/seq-07/color/frame-000074.color.png 0.999273 0.00970146 -0.0368603 0.0309807 -0.00992806 0.999933 -0.00597059 -0.00762977 0.0367998 0.0063322 0.999303 0.0244385 0.0 0.0 0.0 1.0
redkitchen/seq-07/color/frame-000074.color.png redkitchen/seq-07/color/frame-000077.color.png 0.999582 0.0149362 -0.0247525 0.0281645 -0.0151063 0.999863 -0.00669853 -0.00277022 0.0246491 0.00706964 0.999671 0.0305235 0.0 0.0 0.0 1.0
redkitchen/seq-07/color/frame-000077.color.png redkitchen/seq-07/color/frame-000080.color.png 0.99944 0.014978 -0.0299151 0.0315765 -0.0151985 0.999859 -0.00715777 -0.00555214 0.0298037 0.00760843 0.999527 0.0225752 0.0 0.0 0.0 1.0
redkitchen/seq-07/color/frame-000080.color.png redkitchen/seq-07/color/frame-000083.color.png 0.999465 0.0144461 -0.0293385 0.037518 -0.0148087 0.999816 -0.0121812 0.00305369 0.0291571 0.0126092 0.999495 0.0276242 0.0 0.0 0.0 1.0
redkitchen/seq-07/color/frame-000083.color.png redkitchen/seq-07/color/frame-000086.color.png 0.999612 0.0183805 -0.020909 0.0321485 -0.0183755 0.999831 0.000430104 -0.0116691 0.0209134 -4.57427e-05 0.999781 0.0261984 0.0 0.0 0.0 1.0
redkitchen/seq-07/color/frame-000086.color.png redkitchen/seq-07/color/frame-000089.color.png 0.999033 0.020651 -0.0388192 0.0507078 -0.0212071 0.999678 -0.0139657 -0.00032717 0.0385182 0.0147754 0.999149 0.0184203 0.0 0.0 0.0 1.0
redkitchen/seq-07/color/frame-000089.color.png redkitchen/seq-07/color/frame-000092.color.png 0.998944 0.0213478 -0.0406953 0.0517837 -0.0217783 0.999711 -0.0101666 0.00490326 0.0404665 0.0110422 0.99912 0.0139955 0.0 0.0 0.0 1.0
redkitchen/seq-07/color/frame-000092.color.png redkitchen/seq-07/color/frame-000095.color.png 0.999455 0.0142698 -0.0297545 0.0369982 -0.0144041 0.999887 -0.00430154 -0.00436255 0.0296897 0.00472776 0.999548 0.016537 0.0 0.0 0.0 1.0
redkitchen/seq-07/color/frame-000095.color.png redkitchen/seq-07/color/frame-000098.color.png 0.999398 0.00374513 -0.0344891 0.0396172 -0.00365641 0.99999 0.00263553 -0.0216898 0.0344987 -0.00250782 0.999402 0.00280583 0.0 0.0 0.0 1.0
redkitchen/seq-07/color/frame-000098.color.png redkitchen/seq-07/color/frame-000101.color.png 0.999666 0.00235788 -0.0257368 0.0271639 -0.00235008 0.999997 0.000333641 -0.012477 0.0257374 -0.000273054 0.999669 0.0112509 0.0 0.0 0.0 1.0
redkitchen/seq-07/color/frame-000101.color.png redkitchen/seq-07/color/frame-000104.color.png 0.999794 0.00624059 -0.01929 0.0217726 -0.00624246 0.999981 -3.73747e-05 -0.0046621 0.0192895 0.0001578 0.999814 0.00802392 0.0 0.0 0.0 1.0
redkitchen/seq-07/color/frame-000104.color.png redkitchen/seq-07/color/frame-000107.color.png 0.999595 0.00620729 -0.0277868 0.0300791 -0.00612876 0.999977 0.00290815 -0.0104767 0.0278042 -0.00273667 0.99961 0.0122582 0.0 0.0 0.0 1.0
redkitchen/seq-07/color/frame-000107.color.png redkitchen/seq-07/color/frame-000110.color.png 0.99962 0.00301884 -0.0274166 0.0385737 -0.00283312 0.999973 0.00681036 -0.0225877 0.0274365 -0.00673008 0.999601 0.00719297 0.0 0.0 0.0 1.0
redkitchen/seq-07/color/frame-000110.color.png redkitchen/seq-07/color/frame-000113.color.png 0.99982 -0.00432805 -0.0184578 0.0168325 0.00444638 0.99997 0.00637263 -0.0158852 0.0184295 -0.00645354 0.999809 0.0150604 0.0 0.0 0.0 1.0
redkitchen/seq-07/color/frame-000113.color.png redkitchen/seq-07/color/frame-000116.color.png 0.999842 -0.00216887 -0.0176659 0.0159495 0.0020931 0.999988 -0.00430443 -0.0037469 0.0176752 0.00426677 0.999835 0.0183021 0.0 0.0 0.0 1.0
redkitchen/seq-07/color/frame-000116.color.png redkitchen/seq-07/color/frame-000119.color.png 0.999692 -0.00428678 -0.0244377 0.0203218 0.00419973 0.999985 -0.00361347 -0.0125611 0.0244528 0.00350971 0.999695 0.0250874 0.0 0.0 0.0 1.0
redkitchen/seq-07/color/frame-000119.color.png redkitchen/seq-07/color/frame-000122.color.png 0.999923 -0.0111207 -0.00556329 -0.00810575 0.0110602 0.999881 -0.0107831 0.0100996 0.00568264 0.0107207 0.999926 0.00920844 0.0 0.0 0.0 1.0
redkitchen/seq-07/color/frame-000122.color.png redkitchen/seq-07/color/frame-000125.color.png 0.999772 0.012404 -0.0173688 0.0107753 -0.0123138 0.99991 0.00529052 -0.0223688 0.0174329 -0.00507545 0.999835 0.0207468 0.0 0.0 0.0 1.0
redkitchen/seq-07/color/frame-000125.color.png redkitchen/seq-07/color/frame-000128.color.png 0.999991 0.00366602 -0.0023304 -0.00991714 -0.00367707 0.999982 -0.00476575 -0.0128909 0.00231275 0.00477429 0.999986 0.0358882 0.0 0.0 0.0 1.0
redkitchen/seq-07/color/frame-000128.color.png redkitchen/seq-07/color/frame-000131.color.png 0.999806 0.00781226 -0.0180841 0.0163767 -0.00785788 0.999966 -0.00244912 -0.00299215 0.0180645 0.00259078 0.999833 0.0169454 0.0 0.0 0.0 1.0
redkitchen/seq-07/color/frame-000131.color.png redkitchen/seq-07/color/frame-000134.color.png 0.999831 0.00979028 -0.0155331 -0.00200266 -0.00966368 0.99992 0.00819899 -0.0540987 0.0156121 -0.00804748 0.999846 0.034952 0.0 0.0 0.0 1.0
redkitchen/seq-07/color/frame-000134.color.png redkitchen/seq-07/color/frame-000137.color.png 0.998796 0.00658328 -0.0486056 0.0367079 -0.00547006 0.99972 0.0230016 -0.0478105 0.0487433 -0.0227081 0.998553 -0.00139785 0.0 0.0 0.0 1.0
redkitchen/seq-07/color/frame-000137.color.png redkitchen/seq-07/color/frame-000140.color.png 0.999404 0.00552795 -0.0340891 0.0278233 -0.00555616 0.999984 -0.000733423 -0.0061568 0.0340844 0.000922377 0.999418 0.0212077 0.0 0.0 0.0 1.0
redkitchen/seq-07/color/frame-000140.color.png redkitchen/seq-07/color/frame-000143.color.png 0.998994 0.0129557 -0.0429226 0.0355178 -0.0129655 0.999916 5.06673e-05 -0.000523686 0.0429198 0.000505926 0.999078 0.00741816 0.0 0.0 0.0 1.0
redkitchen/seq-07/color/frame-000143.color.png redkitchen/seq-07/color/frame-000146.color.png 0.999065 0.0167598 -0.0398628 0.0401646 -0.016737 0.99986 0.000905029 -0.00986481 0.0398724 -0.000236999 0.999205 0.0241746 0.0 0.0 0.0 1.0
redkitchen/seq-07/color/frame-000146.color.png redkitchen/seq-07/color/frame-000149.color.png 0.999096 0.0208571 -0.0370307 0.0402103 -0.0206018 0.999761 0.00726156 -0.0153455 0.0371733 -0.00649203 0.999288 0.00845909 0.0 0.0 0.0 1.0
redkitchen/seq-07/color/frame-000149.color.png redkitchen/seq-07/color/frame-000152.color.png 0.999138 0.0209324 -0.0358361 0.0543838 -0.0210308 0.999776 -0.00237078 0.00783968 0.0357784 0.00312237 0.999355 0.0329316 0.0 0.0 0.0 1.0
redkitchen/seq-07/color/frame-000152.color.png redkitchen/seq-07/color/frame-000155.color.png 0.998696 0.0244792 -0.0448065 0.0641504 -0.0236601 0.999545 0.0187202 -0.0309809 0.0452444 -0.0176358 0.99882 0.00469649 0.0 0.0 0.0 1.0
redkitchen/seq-07/color/frame-000155.color.png redkitchen/seq-07/color/frame-000158.color.png 0.999549 0.0109945 -0.027948 0.0319177 -0.0110086 0.999939 -0.000350756 0.00586128 0.0279425 0.000658324 0.999609 0.0257981 0.0 0.0 0.0 1.0
redkitchen/seq-07/color/frame-000158.color.png redkitchen/seq-07/color/frame-000161.color.png 0.998557 0.013147 -0.0520618 0.0711179 -0.0115332 0.999447 0.0311766 -0.0673661 0.0524429 -0.0305312 0.998157 0.00952864 0.0 0.0 0.0 1.0
redkitchen/seq-07/color/frame-000161.color.png redkitchen/seq-07/color/frame-000164.color.png 0.999623 -0.00342844 -0.0272382 0.0333874 0.00340223 0.999994 -0.00100626 0.00778681 0.0272415 0.000913197 0.999628 0.00976682 0.0 0.0 0.0 1.0
redkitchen/seq-07/color/frame-000164.color.png redkitchen/seq-07/color/frame-000167.color.png 0.999353 -0.0071115 -0.0352408 0.0273106 0.00823673 0.999457 0.0318875 -0.0627836 0.0349949 -0.0321572 0.99887 0.0126923 0.0 0.0 0.0 1.0
redkitchen/seq-07/color/frame-000167.color.png redkitchen/seq-07/color/frame-000170.color.png 0.999663 -0.0224007 -0.0131502 0.00777245 0.0221193 0.999531 -0.0211719 0.0396088 0.0136182 0.0208738 0.999689 0.0219775 0.0 0.0 0.0 1.0
redkitchen/seq-07/color/frame-000170.color.png redkitchen/seq-07/color/frame-000173.color.png 0.999964 -0.00591731 0.00606565 -0.0167525 0.00593279 0.999979 -0.00254591 -0.0108032 -0.00605053 0.00258184 0.999978 0.0165429 0.0 0.0 0.0 1.0
redkitchen/seq-07/color/frame-000173.color.png redkitchen/seq-07/color/frame-000176.color.png 0.999997 0.00056879 0.00234019 -0.025172 -0.000595793 0.999933 0.0115355 -0.0323254 -0.00233341 -0.011537 0.999931 0.0120806 0.0 0.0 0.0 1.0
redkitchen/seq-07/color/frame-000176.color.png redkitchen/seq-07/color/frame-000179.color.png 0.999899 -0.00331174 0.0138275 -0.0414605 0.00330226 0.999994 0.000710683 -0.0120425 -0.0138298 -0.000664916 0.999904 0.011454 0.0 0.0 0.0 1.0
redkitchen/seq-07/color/frame-000179.color.png redkitchen/seq-07/color/frame-000182.color.png 0.999806 0.0192248 0.00419736 -0.028403 -0.0193086 0.999594 0.0209392 -0.0433992 -0.00379308 -0.0210162 0.999772 -0.0103612 0.0 0.0 0.0 1.0
redkitchen/seq-07/color/frame-000182.color.png redkitchen/seq-07/color/frame-000185.color.png 0.999632 0.0271416 -0.000224109 -0.0242032 -0.0271423 0.999625 -0.00349944 0.015021 0.000129068 0.00350422 0.999994 0.0142469 0.0 0.0 0.0 1.0
redkitchen/seq-07/color/frame-000185.color.png redkitchen/seq-07/color/frame-000188.color.png 0.999137 0.0289411 -0.0297772 0.0151385 -0.0285909 0.999518 0.0121173 -0.0530101 0.0301135 -0.0112554 0.999483 0.00848567 0.0 0.0 0.0 1.0
redkitchen/seq-07/color/frame-000188.color.png redkitchen/seq-07/color/frame-000191.color.png 0.999727 -0.00443357 -0.0229234 0.0279747 0.00303935 0.998163 -0.0605023 0.137176 0.0231495 0.0604162 0.997905 0.0436219 0.0 0.0 0.0 1.0
redkitchen/seq-07/color/frame-000191.color.png redkitchen/seq-07/color/frame-000194.color.png 0.999917 -0.00461043 -0.0120176 -0.0483525 0.0048043 0.999858 0.0161543 -0.106243 0.0119415 -0.0162107 0.999797 -0.0092659 0.0 0.0 0.0 1.0
redkitchen/seq-07/color/frame-000194.color.png redkitchen/seq-07/color/frame-000197.color.png 0.999387 -0.0160528 -0.0311006 0.0316631 0.0157403 0.999823 -0.0102675 0.0318922 0.0312599 0.00977167 0.999464 0.0120808 0.0 0.0 0.0 1.0
redkitchen/seq-07/color/frame-000197.color.png redkitchen/seq-07/color/frame-000200.color.png 0.99955 0.0269495 -0.0131902 0.00507182 -0.0269578 0.999636 -0.000450016 -0.0282888 0.0131733 0.000805406 0.999913 0.00287843 0.0 0.0 0.0 1.0
redkitchen/seq-07/color/frame-000200.color.png redkitchen/seq-07/color/frame-000203.color.png 0.99791 0.039779 -0.0509215 0.0760874 -0.0405954 0.999062 -0.0150997 0.029706 0.0502732 0.0171353 0.998588 0.0342848 0.0 0.0 0.0 1.0
redkitchen/seq-07/color/frame-000203.color.png redkitchen/seq-07/color/frame-000206.color.png 0.999497 0.0251999 -0.0192715 0.0226541 -0.0255642 0.999495 -0.0188943 0.00136942 0.0187856 0.0193775 0.999636 0.0320829 0.0 0.0 0.0 1.0
redkitchen/seq-07/color/frame-000206.color.png redkitchen/seq-07/color/frame-000209.color.png 0.998979 0.0240561 -0.0382325 0.063052 -0.0257215 0.998714 -0.0436837 0.0697998 0.0371325 0.0446224 0.998314 0.0493237 0.0 0.0 0.0 1.0
redkitchen/seq-07/color/frame-000209.color.png redkitchen/seq-07/color/frame-000212.color.png 0.998926 0.0450113 -0.0109983 0.0249285 -0.045054 0.998978 -0.00366589 -0.0282853 0.010822 0.00415751 0.999933 -0.0167899 0.0 0.0 0.0 1.0
redkitchen/seq-07/color/frame-000212.color.png redkitchen/seq-07/color/frame-000215.color.png 0.997609 0.066916 -0.0172748 0.0477641 -0.0674313 0.997236 -0.0312104 0.0359666 0.0151386 0.0323007 0.999364 0.0345471 0.0 0.0 0.0 1.0
redkitchen/seq-07/color/frame-000215.color.png redkitchen/seq-07/color/frame-000218.color.png 0.995775 0.0893535 -0.0211707 0.0629531 -0.0896598 0.995874 -0.0139894 0.00878406 0.0198334 0.0158284 0.999678 0.0238674 0.0 0.0 0.0 1.0
redkitchen/seq-07/color/frame-000218.color.png redkitchen/seq-07/color/frame-000221.color.png 0.997738 0.052185 -0.0423732 0.0490195 -0.0525404 0.998592 -0.00731453 0.00822842 0.0419318 0.00952428 0.999075 0.0483273 0.0 0.0 0.0 1.0
redkitchen/seq-07/color/frame-000221.color.png redkitchen/seq-07/color/frame-000224.color.png 0.999067 -0.00705623 -0.0426098 0.00522158 0.00705227 0.999975 -0.000243126 0.0125802 0.0426104 -5.76192e-05 0.999092 0.0217596 0.0 0.0 0.0 1.0
redkitchen/seq-07/color/frame-000224.color.png redkitchen/seq-07/color/frame-000227.color.png 0.999735 0.0111298 -0.0201583 -0.00470883 -0.0107503 0.999765 0.0188376 -0.0266437 0.0203632 -0.018616 0.999619 -0.00969696 0.0 0.0 0.0 1.0
redkitchen/seq-07/color/frame-000227.color.png redkitchen/seq-07/color/frame-000230.color.png 0.999958 0.00920188 -0.000491558 -0.0521182 -0.00919207 0.999812 0.0170972 -0.0361347 0.000648839 -0.017092 0.999854 -0.00961959 0.0 0.0 0.0 1.0
redkitchen/seq-07/color/frame-000230.color.png redkitchen/seq-07/color/frame-000233.color.png 0.999823 0.00329591 -0.0185175 -0.0264768 -0.00335282 0.99999 -0.0030415 0.00271773 0.0185073 0.00310319 0.999824 0.00744557 0.0 0.0 0.0 1.0
redkitchen/seq-07/color/frame-000233.color.png redkitchen/seq-07/color/frame-000236.color.png 0.999455 0.01237 -0.0305967 -0.00247401 -0.012211 0.999911 0.0053747 -0.0165938 0.0306604 -0.00499823 0.999517 0.00621796 0.0 0.0 0.0 1.0
redkitchen/seq-07/color/frame-000236.color.png redkitchen/seq-07/color/frame-000239.color.png 0.999139 0.0104425 -0.0401483 -0.00452018 -0.0104554 0.999945 -0.000113026 0.0143789 0.0401449 0.00053271 0.999194 0.0245793 0.0 0.0 0.0 1.0
redkitchen/seq-07/color/frame-000239.color.png redkitchen/seq-07/color/frame-000242.color.png 0.999985 0.00149801 -0.005254 -0.0228781 -0.0015142 0.999994 -0.0030679 0.0108244 0.00524934 0.00307587 0.999982 -0.000179648 0.0 0.0 0.0 1.0
redkitchen/seq-07/color/frame-000242.color.png redkitchen/seq-07/color/frame-000245.color.png 0.999971 0.00730557 0.00210228 -0.0735406 -0.00728877 0.999943 -0.00786358 0.0149481 -0.00215958 0.00784801 0.999967 -0.00509346 0.0 0.0 0.0 1.0
redkitchen/seq-07/color/frame-000245.color.png redkitchen/seq-07/color/frame-000248.color.png 0.999823 -0.0176868 -0.00636567 -0.0517926 0.0176485 0.999826 -0.00601204 0.031471 0.00647087 0.00589857 0.999962 -0.0162169 0.0 0.0 0.0 1.0
redkitchen/seq-07/color/frame-000248.color.png redkitchen/seq-07/color/frame-000251.color.png 0.999826 0.00464761 -0.0180585 -0.00765955 -0.00473871 0.999976 -0.00500717 0.015893 0.0180348 0.00509187 0.999824 0.00575876 0.0 0.0 0.0 1.0
redkitchen/seq-07/color/frame-000251.color.png redkitchen/seq-07/color/frame-000254.color.png 0.999773 -0.00694105 -0.0201629 -0.0185068 0.00685091 0.999966 -0.00453904 0.0196804 0.0201937 0.00439987 0.999786 0.0166714 0.0 0.0 0.0 1.0
redkitchen/seq-07/color/frame-000254.color.png redkitchen/seq-07/color/frame-000257.color.png 0.999805 -0.0103226 -0.0168237 -0.0237504 0.0100467 0.999815 -0.0164023 0.0469413 0.01699 0.0162302 0.999724 0.0256623 0.0 0.0 0.0 1.0
redkitchen/seq-07/color/frame-000257.color.png redkitchen/seq-07/color/frame-000260.color.png 0.999691 0.0074383 -0.02374 -0.0214907 -0.00777124 0.999872 -0.0139603 0.0202008 0.0236331 0.0141403 0.999621 0.0403535 0.0 0.0 0.0 1.0
redkitchen/seq-07/color/frame-000260.color.png redkitchen/seq-07/color/frame-000263.color.png 0.999773 0.00262626 -0.0211308 -0.00653458 -0.00257247 0.999994 0.00256665 -0.00728542 0.0211373 -0.00251167 0.999773 0.0153277 0.0 0.0 0.0 1.0
redkitchen/seq-07/color/frame-000263.color.png redkitchen/seq-07/color/frame-000266.color.png 0.999952 -0.00199494 -0.00955037 -0.0314714 0.00192008 0.999967 -0.00783392 0.0197943 0.00956565 0.00781508 0.999924 0.0192546 0.0 0.0 0.0 1.0
redkitchen/seq-07/color/frame-000266.color.png redkitchen/seq-07/color/frame-000269.color.png 0.999846 0.0101586 -0.0142898 -0.01774 -0.0101923 0.999945 -0.00228602 0.00183237 0.0142658 0.00243126 0.999895 0.0204253 0.0 0.0 0.0 1.0
redkitchen/seq-07/color/frame-000269.color.png redkitchen/seq-07/color/frame-000272.color.png 0.999916 0.0081407 -0.0100905 -0.0230809 -0.00814795 0.999967 -0.000669439 -0.00538862 0.0100847 0.000751674 0.999949 0.00114763 0.0 0.0 0.0 1.0
redkitchen/seq-07/color/frame-000272.color.png redkitchen/seq-07/color/frame-000275.color.png 0.999808 -0.00551143 -0.0188169 -0.0160457 0.00547431 0.999983 -0.0020242 0.0177916 0.0188277 0.00192079 0.999821 0.0178939 0.0 0.0 0.0 1.0
redkitchen/seq-07/color/frame-000275.color.png redkitchen/seq-07/color/frame-000278.color.png 0.999926 0.00476938 -0.0112221 -0.0284599 -0.00475398 0.999988 0.00139516 -0.000840068 0.0112286 -0.00134164 0.999936 -0.00494719 0.0 0.0 0.0 1.0
redkitchen/seq-07/color/frame-000278.color.png redkitchen/seq-07/color/frame-000281.color.png 0.99983 0.0013774 -0.0183684 -0.0375543 -0.0014489 0.999991 -0.00387698 0.013037 0.0183629 0.00390294 0.999824 0.00537622 0.0 0.0 0.0 1.0
redkitchen/seq-07/color/frame-000281.color.png redkitchen/seq-07/color/frame-000284.color.png 0.999879 0.0123978 -0.00945604 -0.020169 -0.0123211 0.999891 0.0081267 -0.0196348 0.00955579 -0.00800929 0.999922 -0.00443041 0.0 0.0 0.0 1.0
redkitchen/seq-07/color/frame-000284.color.png redkitchen/seq-07/color/frame-000287.color.png 0.99996 0.00890864 -0.000698587 -0.0434945 -0.00890008 0.999897 0.0112559 -0.0219127 0.00079887 -0.0112491 0.999936 -0.0150926 0.0 0.0 0.0 1.0
redkitchen/seq-07/color/frame-000287.color.png redkitchen/seq-07/color/frame-000290.color.png 0.99986 0.0139249 0.00925764 -0.0511112 -0.0141134 0.999688 0.0206022 -0.0472237 -0.00896792 -0.0207299 0.999745 -0.0430691 0.0 0.0 0.0 1.0
redkitchen/seq-07/color/frame-000290.color.png redkitchen/seq-07/color/frame-000293.color.png 0.999914 0.00564582 0.0118424 -0.0486531 -0.0057693 0.999929 0.0104227 -0.0178424 -0.0117826 -0.0104901 0.999876 -0.0545037 0.0 0.0 0.0 1.0
redkitchen/seq-07/color/frame-000293.color.png redkitchen/seq-07/color/frame-000296.color.png 0.999853 0.00653346 -0.0158242 -0.00611341 -0.00654266 0.999978 -0.00052903 0.00325143 0.0158204 0.000632476 0.999875 0.0140545 0.0 0.0 0.0 1.0
redkitchen/seq-07/color/frame-000296.color.png redkitchen/seq-07/color/frame-000299.color.png 0.999706 0.015168 -0.0189 0.000928521 -0.0148902 0.99978 0.0147586 -0.0298266 0.0191197 -0.0144728 0.999712 0.0033406 0.0 0.0 0.0 1.0
redkitchen/seq-07/color/frame-000299.color.png redkitchen/seq-07/color/frame-000302.color.png 0.999683 0.0102568 -0.0229987 -0.00391316 -0.0100569 0.999911 0.00878622 -0.0112634 0.0230869 -0.00855205 0.999697 0.0100967 0.0 0.0 0.0 1.0
redkitchen/seq-07/color/frame-000302.color.png redkitchen/seq-07/color/frame-000305.color.png 0.999682 0.0123089 -0.0220231 -0.0126483 -0.0120308 0.999847 0.0127142 -0.0296695 0.0221762 -0.0124452 0.999677 0.0113674 0.0 0.0 0.0 1.0
redkitchen/seq-07/color/frame-000305.color.png redkitchen/seq-07/color/frame-000308.color.png 0.999875 0.000885649 -0.0157764 -0.00385356 -0.000728109 0.99995 0.00999028 0.00709611 0.0157845 -0.00997755 0.999826 0.00849879 0.0 0.0 0.0 1.0
redkitchen/seq-07/color/frame-000308.color.png redkitchen/seq-07/color/frame-000311.color.png 0.99983 0.0111313 -0.0146973 -0.0261173 -0.0110614 0.999927 0.00482341 -0.0125694 0.0147499 -0.00466005 0.99988 0.00522578 0.0 0.0 0.0 1.0
redkitchen/seq-07/color/frame-000311.color.png redkitchen/seq-07/color/frame-000314.color.png 0.999815 0.00333908 -0.0189377 -0.0153168 -0.00334375 0.999994 -0.000209445 0.0076589 0.0189369 0.000272775 0.999821 0.00438726 0.0 0.0 0.0 1.0
redkitchen/seq-07/color/frame-000314.color.png redkitchen/seq-07/color/frame-000317.color.png 0.999652 0.0139128 -0.0223952 0.0156429 -0.0138791 0.999902 0.00165556 0.000730395 0.022416 -0.00134414 0.999748 0.00900102 0.0 0.0 0.0 1.0
redkitchen/seq-07/color/frame-000317.color.png redkitchen/seq-07/color/frame-000320.color.png 0.99972 0.020414 -0.0119992 0.000577331 -0.0205127 0.999756 -0.00816917 -0.015305 0.0118296 0.00841298 0.999895 0.00273073 0.0 0.0 0.0 1.0
redkitchen/seq-07/color/frame-000320.color.png redkitchen/seq-07/color/frame-000323.color.png 0.999561 0.0181789 -0.0233871 0.00953174 -0.0182715 0.999826 -0.00374625 -0.0185969 0.023315 0.00417197 0.999719 0.015395 0.0 0.0 0.0 1.0
redkitchen/seq-07/color/frame-000323.color.png redkitchen/seq-07/color/frame-000326.color.png 0.999816 0.00852408 -0.0172189 0.0121542 -0.00856917 0.99996 -0.00254948 0.00535256 0.0171963 0.00269653 0.999849 0.0115008 0.0 0.0 0.0 1.0
redkitchen/seq-07/color/frame-000326.color.png redkitchen/seq-07/color/frame-000329.color.png 0.99973 0.0135276 -0.0188833 0.0147939 -0.0135928 0.999902 -0.00332974 -0.000925779 0.0188364 0.00358549 0.999816 0.0207336 0.0 0.0 0.0 1.0
redkitchen/seq-07/color/frame-000329.color.png redkitchen/seq-07/color/frame-000332.color.png 0.99978 0.0195369 -0.00760669 0.00251889 -0.0195247 0.999808 0.00168946 -0.0303097 0.00763833 -0.00154062 0.99997 -0.00810146 0.0 0.0 0.0 1.0
redkitchen/seq-07/color/frame-000332.color.png redkitchen/seq-07/color/frame-000335.color.png 0.999951 0.00901502 -0.00417677 -0.00905657 -0.00900557 0.999957 0.00226991 0.00404409 0.004197 -0.00223219 0.999989 -0.0148201 0.0 0.0 0.0 1.0
redkitchen/seq-07/color/frame-000335.color.png redkitchen/seq-07/color/frame-000338.color.png 0.999986 0.00416396 0.00326132 -0.0214959 -0.0041905 0.999958 0.00816096 -0.00284344 -0.00322723 -0.00817445 0.999961 -0.0308713 0.0 0.0 0.0 1.0
redkitchen/seq-07/color/frame-000338.color.png redkitchen/seq-07/color/frame-000341.color.png 0.999923 -0.000258607 0.0123672 -0.0261174 0.000238364 0.999999 0.00163506 0.0152193 -0.0123675 -0.00163202 0.999922 -0.0518317 0.0 0.0 0.0 1.0
redkitchen/seq-07/color/frame-000341.color.png redkitchen/seq-07/color/frame-000344.color.png 0.999996 -0.00248383 0.000972351 -0.011107 0.00248445 0.999997 -0.000644463 0.0271508 -0.00097083 0.000646773 0.999999 -0.0247729 0.0 0.0 0.0 1.0
redkitchen/seq-07/color/frame-000344.color.png redkitchen/seq-07/color/frame-000347.color.png 0.999921 -0.00359876 0.012037 -0.032289 0.0036249 0.999991 -0.00215285 0.0320648 -0.0120291 0.0021963 0.999925 -0.0592664 0.0 0.0 0.0 1.0
redkitchen/seq-07/color/frame-000347.color.png redkitchen/seq-07/color/frame-000350.color.png 0.999939 -0.0107917 0.00215894 -0.0115952 0.0107898 0.999941 0.000927633 0.0342735 -0.00216868 -0.000904251 0.999997 -0.0203884 0.0 0.0 0.0 1.0
redkitchen/seq-07/color/frame-000350.color.png redkitchen/seq-07/color/frame-000353.color.png 0.999824 -0.0186561 0.00211742 -0.0161707 0.0186622 0.999821 -0.00297907 0.0600524 -0.00206153 0.00301819 0.999993 -0.0226321 0.0 0.0 0.0 1.0
redkitchen/seq-07/color/frame-000353.color.png redkitchen/seq-07/color/frame-000356.color.png 0.999791 -0.0178809 0.00995182 -0.0170019 0.0179541 0.999812 -0.00730304 0.0592075 -0.00981935 0.00748008 0.999924 -0.0496486 0.0 0.0 0.0 1.0
redkitchen/seq-07/color/frame-000356.color.png redkitchen/seq-07/color/frame-000359.color.png 0.999818 -0.0187101 0.00368402 -0.0211365 0.01873 0.99981 -0.00544272 0.0555731 -0.00358145 0.00551082 0.999979 -0.0270238 0.0 0.0 0.0 1.0
redkitchen/seq-07/color/frame-000359.color.png redkitchen/seq-07/color/frame-000362.color.png 0.999856 -0.00936801 0.0141815 -0.0153561 0.00946141 0.999934 -0.0065336 0.03944 -0.0141193 0.00666684 0.999878 -0.067089 0.0 0.0 0.0 1.0
redkitchen/seq-07/color/frame-000362.color.png redkitchen/seq-07/color/frame-000365.color.png 0.999911 -0.0101538 0.00869172 -0.0123048 0.0101531 0.999948 0.000115484 0.0435729 -0.00869242 -2.71374e-05 0.999962 -0.0474403 0.0 0.0 0.0 1.0
redkitchen/seq-07/color/frame-000365.color.png redkitchen/seq-07/color/frame-000368.color.png 0.999982 0.00304142 0.00516102 -0.0173242 -0.00302761 0.999992 -0.00266456 0.0205568 -0.00516917 0.00264876 0.999983 -0.0345296 0.0 0.0 0.0 1.0
redkitchen/seq-07/color/frame-000368.color.png redkitchen/seq-07/color/frame-000371.color.png 0.99998 -0.00571234 0.00274689 -0.0157928 0.00572632 0.999971 -0.00508519 0.0469516 -0.00271767 0.0051009 0.999983 -0.0201606 0.0 0.0 0.0 1.0
redkitchen/seq-07/color/frame-000371.color.png redkitchen/seq-07/color/frame-000374.color.png 0.999668 0.0193722 0.0169691 -0.0197055 -0.0193743 0.999812 -4.45405e-05 -0.0317586 -0.0169667 -0.000284271 0.999856 -0.0557625 0.0 0.0 0.0 1.0
redkitchen/seq-07/color/frame-000374.color.png redkitchen/seq-07/color/frame-000377.color.png 0.999975 0.00705302 0.000485698 -0.023412 -0.00705283 0.999975 -0.000413624 -0.00571275 -0.000488596 0.000410263 1.0 -0.0113953 0.0 0.0 0.0 1.0
redkitchen/seq-07/color/frame-000377.color.png redkitchen/seq-07/color/frame-000380.color.png 0.999927 -0.0072434 0.00965702 -0.020658 0.00737459 0.99988 -0.0136311 0.039783 -0.00955717 0.0137013 0.999861 -0.0321546 0.0 0.0 0.0 1.0
redkitchen/seq-07/color/frame-000380.color.png redkitchen/seq-07/color/frame-000383.color.png 0.999927 0.0116057 -0.00324631 -0.00549984 -0.0116111 0.999931 -0.00163762 -0.00629245 0.00322711 0.00167527 0.999993 -0.00562751 0.0 0.0 0.0 1.0
redkitchen/seq-07/color/frame-000383.color.png redkitchen/seq-07/color/frame-000386.color.png 0.999986 -0.00418664 -0.00327644 -0.00770378 0.00417287 0.999982 -0.00420503 0.0217607 0.00329401 0.00419136 0.999986 -0.000544131 0.0 0.0 0.0 1.0
redkitchen/seq-07/color/frame-000386.color.png redkitchen/seq-07/color/frame-000389.color.png 0.999966 -0.00825046 0.000699751 -0.00945163 0.00824814 0.999961 0.00319311 0.0492838 -0.000726093 -0.00318728 0.999995 -0.021921 0.0 0.0 0.0 1.0
redkitchen/seq-07/color/frame-000389.color.png redkitchen/seq-07/color/frame-000392.color.png 0.999879 -0.0155799 5.98845e-05 -0.0137382 0.01558 0.999878 -0.00147929 0.0454121 -3.69835e-05 0.00147999 0.999999 -0.00239241 0.0 0.0 0.0 1.0
redkitchen/seq-07/color/frame-000392.color.png redkitchen/seq-07/color/frame-000395.color.png 0.999972 0.00276344 0.0069977 -0.0240076 -0.00277071 0.999996 0.00102118 0.00149271 -0.00699476 -0.00104047 0.999975 -0.0282447 0.0 0.0 0.0 1.0
redkitchen/seq-07/color/frame-000395.color.png redkitchen/seq-07/color/frame-000398.color.png 0.999904 -0.0124416 0.00617133 -0.0238063 0.0125552 0.999745 -0.0187582 0.049277 -0.00593631 0.0188339 0.999805 -0.0248628 0.0 0.0 0.0 1.0
redkitchen/seq-07/color/frame-000398.color.png redkitchen/seq-07/color/frame-000401.color.png 0.99972 -0.00879559 0.0219589 -0.0321882 0.0090121 0.999912 -0.00977715 0.0310655 -0.021871 0.00997229 0.999711 -0.0661957 0.0 0.0 0.0 1.0
redkitchen/seq-07/color/frame-000401.color.png redkitchen/seq-07/color/frame-000404.color.png 0.999997 -0.000919309 0.00235267 -0.0116339 0.000894362 0.999944 0.0105743 -0.00380073 -0.00236233 -0.0105723 0.999941 -0.0143641 0.0 0.0 0.0 1.0
redkitchen/seq-07/color/frame-000404.color.png redkitchen/seq-07/color/frame-000407.color.png 0.999845 -0.00736537 0.0159976 -0.0148773 0.00744699 0.99996 -0.00504664 0.0315028 -0.0159598 0.00516508 0.999859 -0.0490955 0.0 0.0 0.0 1.0
redkitchen/seq-07/color/frame-000407.color.png redkitchen/seq-07/color/frame-000410.color.png 0.99978 -0.00650095 0.0199568 -0.0282843 0.00672046 0.999917 -0.0109541 0.0297812 -0.019884 0.0110857 0.999741 -0.0455815 0.0 0.0 0.0 1.0
redkitchen/seq-07/color/frame-000410.color.png redkitchen/seq-07/color/frame-000413.color.png 0.999474 0.0186416 0.0265265 -0.0284207 -0.0185518 0.999821 -0.00362274 -0.0397283 -0.0265893 0.00312871 0.999642 -0.0790626 0.0 0.0 0.0 1.0
redkitchen/seq-07/color/frame-000413.color.png redkitchen/seq-07/color/frame-000416.color.png 0.999882 -0.0034207 0.0149922 -0.0251198 0.00327563 0.999948 0.00967777 -0.0178827 -0.0150246 -0.00962743 0.999841 -0.0407462 0.0 0.0 0.0 1.0
redkitchen/seq-07/color/frame-000416.color.png redkitchen/seq-07/color/frame-000419.color.png 0.999446 -0.0332484 0.00150519 -0.00544286 0.0332176 0.999299 0.0172461 0.0415916 -0.00207742 -0.0171864 0.99985 -0.0181431 0.0 0.0 0.0 1.0
redkitchen/seq-07/color/frame-000419.color.png redkitchen/seq-07/color/frame-000422.color.png 0.999236 -0.0372604 -0.0117855 0.0133533 0.0375589 0.998951 0.0262091 0.0466841 0.0107965 -0.0266318 0.999587 0.0192615 0.0 0.0 0.0 1.0
redkitchen/seq-07/color/frame-000422.color.png redkitchen/seq-07/color/frame-000425.color.png 0.999641 -0.0250551 -0.00944688 0.0141356 0.0252354 0.999491 0.0194931 0.0205395 0.0089537 -0.0197244 0.999765 0.00526208 0.0 0.0 0.0 1.0
redkitchen/seq-07/color/frame-000425.color.png redkitchen/seq-07/color/frame-000428.color.png 0.999372 -0.0352269 -0.00393737 0.0090127 0.0352436 0.99937 0.00422145 0.0637954 0.00378616 -0.00435764 0.999983 -0.00931978 0.0 0.0 0.0 1.0
redkitchen/seq-07/color/frame-000428.color.png redkitchen/seq-07/color/frame-000431.color.png 0.999662 -0.0230981 -0.0119056 0.0152094 0.0232637 0.999632 0.0139589 0.0240116 0.0115788 -0.0142311 0.999832 0.0256839 0.0 0.0 0.0 1.0
redkitchen/seq-07/color/frame-000431.color.png redkitchen/seq-07/color/frame-000434.color.png 0.999856 -0.0110318 -0.0128845 0.0195255 0.0112668 0.999769 0.0183081 -0.00858556 0.0126796 -0.0184505 0.999749 0.0262864 0.0 0.0 0.0 1.0
redkitchen/seq-07/color/frame-000434.color.png redkitchen/seq-07/color/frame-000437.color.png 0.999867 -0.0147319 -0.00696256 0.0177288 0.0147939 0.999851 0.00894093 0.0142161 0.00682982 -0.00904275 0.999936 0.0118055 0.0 0.0 0.0 1.0
redkitchen/seq-07/color/frame-000437.color.png redkitchen/seq-07/color/frame-000440.color.png 0.999926 -0.0049883 -0.0111225 0.0188608 0.00516514 0.99986 0.0159252 -0.0070671 0.0110416 -0.0159814 0.999811 0.0158952 0.0 0.0 0.0 1.0
redkitchen/seq-07/color/frame-000440.color.png redkitchen/seq-07/color/frame-000443.color.png 0.99974 -0.014092 -0.0179237 0.0238287 0.0144507 0.999695 0.0200482 0.00477511 0.0176357 -0.020302 0.999638 0.0420223 0.0 0.0 0.0 1.0
redkitchen/seq-07/color/frame-000443.color.png redkitchen/seq-07/color/frame-000446.color.png 0.999912 -0.0108343 -0.00761226 0.0161226 0.0108789 0.999924 0.00583586 0.0120873 0.00754834 -0.00591827 0.999954 0.0204546 0.0 0.0 0.0 1.0
redkitchen/seq-07/color/frame-000446.color.png redkitchen/seq-07/color/frame-000449.color.png 0.99999 -0.00317688 0.00310505 0.00755358 0.00317231 0.999994 0.00146435 -0.00883999 -0.00310967 -0.00145429 0.999994 -0.00796264 0.0 0.0 0.0 1.0
redkitchen/seq-07/color/frame-000449.color.png redkitchen/seq-07/color/frame-000452.color.png 0.999956 -0.0042712 0.00834372 0.00361681 0.00431964 0.999974 -0.00579351 -0.000996053 -0.00831875 0.00582934 0.999948 -0.0259396 0.0 0.0 0.0 1.0
redkitchen/seq-07/color/frame-000452.color.png redkitchen/seq-07/color/frame-000455.color.png 0.999886 -0.0150544 -0.000740809 0.0136802 0.0150615 0.99983 0.0106029 0.0117995 0.000581008 -0.010613 0.999943 0.00750411 0.0 0.0 0.0 1.0
redkitchen/seq-07/color/frame-000455.color.png redkitchen/seq-07/color/frame-000458.color.png 0.999936 -0.00924398 0.00657522 0.00307155 0.00920349 0.999939 0.00616416 -0.00473103 -0.00663181 -0.00610312 0.999959 -0.0179746 0.0 0.0 0.0 1.0
redkitchen/seq-07/color/frame-000458.color.png redkitchen/seq-07/color/frame-000461.color.png 0.99975 -0.0221865 -0.00287139 0.00981855 0.022208 0.999724 0.00767315 0.0212079 0.00270039 -0.00773495 0.999966 0.0124661 0.0 0.0 0.0 1.0
redkitchen/seq-07/color/frame-000461.color.png redkitchen/seq-07/color/frame-000464.color.png 0.999819 -0.0180037 0.00623765 0.00257826 0.0179902 0.999836 0.00219977 0.022326 -0.00627625 -0.00208718 0.999978 -0.0122446 0.0 0.0 0.0 1.0
redkitchen/seq-07/color/frame-000464.color.png redkitchen/seq-07/color/frame-000467.color.png 0.999989 -0.00458238 -0.000207517 0.00869417 0.00458428 0.999938 0.0101502 -0.0188855 0.000161006 -0.010151 0.999948 0.0144542 0.0 0.0 0.0 1.0
redkitchen/seq-07/color/frame-000467.color.png redkitchen/seq-07/color/frame-000470.color.png 0.999887 -0.00579892 0.0138827 -0.00601935 0.00575181 0.999978 0.00342937 0.00556928 -0.0139023 -0.00334923 0.999898 -0.0270767 0.0 0.0 0.0 1.0
redkitchen/seq-07/color/frame-000470.color.png redkitchen/seq-07/color/frame-000473.color.png 0.999814 -0.0128463 0.0144065 -0.00842047 0.012788 0.99991 0.00412743 0.014492 -0.0144582 -0.00394251 0.999888 -0.0176542 0.0 0.0 0.0 1.0
redkitchen/seq-07/color/frame-000473.color.png redkitchen/seq-07/color/frame-000476.color.png 0.999735 -0.00450624 0.0225957 -0.0123129 0.00466074 0.999966 -0.00678984 0.0063031 -0.0225644 0.00689339 0.999722 -0.0483386 0.0 0.0 0.0 1.0
redkitchen/seq-07/color/frame-000476.color.png redkitchen/seq-07/color/frame-000479.color.png 0.999836 -0.0081549 0.016191 -0.00894094 0.00813369 0.999966 0.00137579 0.0200494 -0.0162017 -0.00124385 0.999868 -0.0233456 0.0 0.0 0.0 1.0
redkitchen/seq-07/color/frame-000479.color.png redkitchen/seq-07/color/frame-000482.color.png 0.998641 -0.0305785 0.0421946 -0.0444213 0.0304805 0.999531 0.00296094 0.0658608 -0.0422653 -0.00167086 0.999105 -0.0891884 0.0 0.0 0.0 1.0
redkitchen/seq-07/color/frame-000482.color.png redkitchen/seq-07/color/frame-000485.color.png 0.999706 -0.00769263 0.0229919 -0.0294114 0.00740827 0.999895 0.0124321 -0.0231959 -0.0230852 -0.012258 0.999658 -0.0198187 0.0 0.0 0.0 1.0
redkitchen/seq-07/color/frame-000485.color.png redkitchen/seq-07/color/frame-000488.color.png 0.998905 -0.0205389 0.0420395 -0.0452378 0.0206041 0.999787 -0.00111919 0.0339477 -0.0420075 0.00198416 0.999115 -0.0971208 0.0 0.0 0.0 1.0
redkitchen/seq-07/color/frame-000488.color.png redkitchen/seq-07/color/frame-000491.color.png 0.999614 -0.0141371 0.023909 -0.0236137 0.013988 0.999882 0.00639326 0.0196669 -0.0239966 -0.00605644 0.999694 -0.0374073 0.0 0.0 0.0 1.0
redkitchen/seq-07/color/frame-000491.color.png redkitchen/seq-07/color/frame-000494.color.png 0.999485 -0.0108958 0.0301812 -0.0271413 0.0104678 0.999843 0.0143025 -0.0129362 -0.0303322 -0.0139791 0.999442 -0.036972 0.0 0.0 0.0 1.0
redkitchen/seq-07/color/frame-000494.color.png redkitchen/seq-07/color/frame-000497.color.png 0.998827 -0.0176001 0.0451159 -0.0518684 0.0176492 0.999844 -0.000691307 0.0371242 -0.0450967 0.00148677 0.998981 -0.101074 0.0 0.0 0.0 1.0
redkitchen/seq-07/color/frame-000497.color.png redkitchen/seq-07/color/frame-000500.color.png 0.998558 -0.0150106 0.0515382 -0.0535523 0.0157347 0.999783 -0.0136739 0.0288871 -0.0513217 0.014465 0.998577 -0.0975144 0.0 0.0 0.0 1.0
redkitchen/seq-07/color/frame-000500.color.png redkitchen/seq-07/color/frame-000503.color.png 0.999919 -0.00687778 0.0106577 -0.00826705 0.00674162 0.999896 0.0127611 0.00306755 -0.0107443 -0.0126883 0.999862 0.0258179 0.0 0.0 0.0 1.0
redkitchen/seq-07/color/frame-000503.color.png redkitchen/seq-07/color/frame-000506.color.png 0.999375 -0.00263673 0.035257 -0.0499153 0.00275785 0.99999 -0.00338722 0.000866383 -0.0352478 0.00348241 0.999372 -0.0617222 0.0 0.0 0.0 1.0
redkitchen/seq-07/color/frame-000506.color.png redkitchen/seq-07/color/frame-000509.color.png 0.999467 0.00461873 0.0323296 -0.0257312 -0.00462944 0.999989 0.000256335 -0.00724813 -0.0323281 -0.000405931 0.999477 -0.0655054 0.0 0.0 0.0 1.0
redkitchen/seq-07/color/frame-000509.color.png redkitchen/seq-07/color/frame-000512.color.png 0.999742 0.0042987 0.0223092 -0.0221784 -0.00431446 0.999991 0.00065674 -0.0116801 -0.0223061 -0.000752708 0.999751 -0.0357555 0.0 0.0 0.0 1.0
