pumpkin/seq-06/color/frame-000000.color.png pumpkin/seq-06/color/frame-000002.color.png 0.999999 0.00118963 0.000135834 0.00114848 -0.00118951 0.999999 -0.000874488 0.00385523 -0.000136875 0.000874325 1.0 -0.00052013 0.0 0.0 0.0 1.0
pumpkin/seq-06/color/frame-000001.color.png pumpkin/seq-06/color/frame-000003.color.png 0.999998 0.000407674 0.0019723 -0.000685105 -0.000411678 0.999998 0.00202998 0.00165758 -0.00197147 -0.00203079 0.999996 0.000265323 0.0 0.0 0.0 1.0
pumpkin/seq-06/color/frame-000002.color.png pumpkin/seq-06/color/frame-000004.color.png 0.999995 -0.00184547 0.00271004 -0.00180541 0.00183581 0.999992 0.0035653 -0.00077298 -0.0027166 -0.00356031 0.99999 0.00126045 0.0 0.0 0.0 1.0
pumpkin/seq-06/color/frame-000003.color.png pumpkin/seq-06/color/frame-000005.color.png 0.999997 -0.00234744 0.00104867 0.00209236 0.00234346 0.99999 0.00378017 -0.00626176 -0.00105753 -0.0037777 0.999992 0.00435394 0.0 0.0 0.0 1.0
pumpkin/seq-06/color/frame-000004.color.png pumpkin/seq-06/color/frame-000006.color.png 0.999995 -0.00299685 0.000479811 0.000982933 0.00299718 0.999995 -0.000685376 -0.00503308 -0.000477755 0.000686811 1.0 0.00437085 0.0 0.0 0.0 1.0
pumpkin/seq-06/color/frame-000005.color.png pumpkin/seq-06/color/frame-000007.color.png 0.999995 -0.00308161 -0.000107227 -0.000723205 0.00308085 0.999974 -0.0065211 0.00344817 0.000127319 0.00652073 0.999979 0.00179788 0.0 0.0 0.0 1.0
pumpkin/seq-06/color/frame-000006.color.png pumpkin/seq-06/color/frame-000008.color.png 0.999999 -0.000936505 -0.000726248 0.00120677 0.000932877 0.999987 -0.00498062 0.000964034 0.000730903 0.00497994 0.999987 0.00184329 0.0 0.0 0.0 1.0
pumpkin/seq-06/color/frame-000007.color.png pumpkin/seq-06/color/frame-000009.color.png 0.999999 -0.00117828 -0.000453861 0.00144975 0.00117653 0.999992 -0.00385283 -0.000170115 0.000458397 0.00385229 0.999992 0.00163411 0.0 0.0 0.0 1.0
pumpkin/seq-06/color/frame-000008.color.png pumpkin/seq-06/color/frame-000010.color.png 0.999999 -0.00146826 -0.00010796 0.000509014 0.00146796 0.999995 -0.0026779 0.00092038 0.000111892 0.00267774 0.999996 0.00318161 0.0 0.0 0.0 1.0
pumpkin/seq-06/color/frame-000009.color.png pumpkin/seq-06/color/frame-000011.color.png 0.999999 0.000750336 0.00109358 0.00128379 -0.000750005 1.0 -0.0003033 -0.00710526 -0.00109381 0.000302481 0.999999 0.00592393 0.0 0.0 0.0 1.0
pumpkin/seq-06/color/frame-000010.color.png pumpkin/seq-06/color/frame-000012.color.png 0.999988 -0.00214597 0.00440836 -0.00220912 0.00217575 0.999975 -0.00676212 -0.00901339 -0.00439373 0.00677163 0.999967 0.00793713 0.0 0.0 0.0 1.0
pumpkin/seq-06/color/frame-000011.color.png pumpkin/seq-06/color/frame-000013.color.png 0.999948 -0.0101023 0.00161395 -0.0023992 0.0101277 0.999811 -0.0165751 0.00118102 -0.0014462 0.0165905 0.999861 0.00377146 0.0 0.0 0.0 1.0
pumpkin/seq-06/color/frame-000012.color.png pumpkin/seq-06/color/frame-000014.color.png 0.999933 -0.0106158 -0.00471486 0.00187218 0.0105333 0.999797 -0.0171911 0.00842997 0.0048964 0.0171403 0.999841 0.00174603 0.0 0.0 0.0 1.0
pumpkin/seq-06/color/frame-000013.color.png pumpkin/seq-06/color/frame-000015.color.png 0.99998 -0.00510445 -0.00365655 -0.00208361 0.00506334 0.999925 -0.0111653 0.00653594 0.00371327 0.0111466 0.999931 0.00624502 0.0 0.0 0.0 1.0
pumpkin/seq-06/color/frame-000014.color.png pumpkin/seq-06/color/frame-000016.color.png 0.999988 -0.00347238 -0.00345385 -0.000540449 0.00344954 0.999972 -0.00659731 0.00415765 0.00347667 0.00658531 0.999972 0.00712835 0.0 0.0 0.0 1.0
pumpkin/seq-06/color/frame-000015.color.png pumpkin/seq-06/color/frame-000017.color.png 0.999989 -0.00330123 -0.00326268 0.0023294 0.00329281 0.999991 -0.00258198 0.000463106 0.00327117 0.00257121 0.999991 0.00916232 0.0 0.0 0.0 1.0
pumpkin/seq-06/color/frame-000016.color.png pumpkin/seq-06/color/frame-000018.color.png 0.999994 -0.00316304 -0.00163874 0.000196201 0.00316054 0.999994 -0.00152474 -0.00558614 0.00164355 0.00151956 0.999997 0.0113779 0.0 0.0 0.0 1.0
pumpkin/seq-06/color/frame-000017.color.png pumpkin/seq-06/color/frame-000019.color.png 0.999992 -0.00338039 -0.00212506 -0.00259826 0.00336437 0.999966 -0.00749739 -0.00892451 0.00215033 0.00749017 0.99997 0.0134623 0.0 0.0 0.0 1.0
pumpkin/seq-06/color/frame-000018.color.png pumpkin/seq-06/color/frame-000020.color.png 0.999985 -0.00504627 -0.00217975 -0.00378774 0.00500999 0.999854 -0.0163383 -0.000531397 0.00226188 0.0163271 0.999864 0.0113708 0.0 0.0 0.0 1.0
pumpkin/seq-06/color/frame-000019.color.png pumpkin/seq-06/color/frame-000021.color.png 0.999942 -0.0105316 -0.00209141 0.00101874 0.0104902 0.999766 -0.0189311 0.00949136 0.0022903 0.0189081 0.999819 0.00881182 0.0 0.0 0.0 1.0
pumpkin/seq-06/color/frame-000020.color.png pumpkin/seq-06/color/frame-000022.color.png 0.999901 -0.01398 -0.00154854 0.00073267 0.0139571 0.999805 -0.013946 0.0107807 0.00174321 0.013923 0.999902 0.00922536 0.0 0.0 0.0 1.0
pumpkin/seq-06/color/frame-000021.color.png pumpkin/seq-06/color/frame-000023.color.png 0.999955 -0.00938809 -0.00121444 -0.00133178 0.00938055 0.999937 -0.00607131 0.00319308 0.00127136 0.00605964 0.999981 0.0103085 0.0 0.0 0.0 1.0
pumpkin/seq-06/color/frame-000022.color.png pumpkin/seq-06/color/frame-000024.color.png 0.999981 -0.00601904 -0.000853456 -0.00170718 0.00601701 0.999979 -0.00234434 -0.00108732 0.000867547 0.00233918 0.999997 0.0102673 0.0 0.0 0.0 1.0
pumpkin/seq-06/color/frame-000023.color.png pumpkin/seq-06/color/frame-000025.color.png 0.99998 -0.00538881 -0.00325186 -0.000249113 0.00538448 0.999985 -0.00133593 0.00149769 0.00325901 0.00131839 0.999994 0.0107302 0.0 0.0 0.0 1.0
pumpkin/seq-06/color/frame-000024.color.png pumpkin/seq-06/color/frame-000026.color.png 0.999988 -0.00410868 -0.0027583 -0.00330634 0.00411369 0.99999 0.00180948 -0.000947473 0.00275084 -0.00182081 0.999995 0.0134192 0.0 0.0 0.0 1.0
pumpkin/seq-06/color/frame-000025.color.png pumpkin/seq-06/color/frame-000027.color.png 0.999996 -0.00240923 -0.00164501 -0.000577 0.00241201 0.999996 0.0016904 -0.00207488 0.00164093 -0.00169436 0.999997 0.00708074 0.0 0.0 0.0 1.0
pumpkin/seq-06/color/frame-000026.color.png pumpkin/seq-06/color/frame-000028.color.png 0.999996 -0.00264776 -0.00130136 0.00078665 0.00264916 0.999996 0.00106399 -0.00451698 0.00129854 -0.00106743 0.999999 0.00693902 0.0 0.0 0.0 1.0
pumpkin/seq-06/color/frame-000027.color.png pumpkin/seq-06/color/frame-000029.color.png 0.999995 -0.00283734 -0.00143851 0.000150075 0.00283726 0.999996 -5.86726e-05 -0.00879232 0.00143867 5.46051e-05 0.999999 0.0140818 0.0 0.0 0.0 1.0
pumpkin/seq-06/color/frame-000028.color.png pumpkin/seq-06/color/frame-000030.color.png 0.999997 -0.00219415 0.000112313 -0.00166187 0.00219477 0.99998 -0.00590545 -0.00514485 -9.93498e-05 0.00590568 0.999983 0.0126435 0.0 0.0 0.0 1.0
pumpkin/seq-06/color/frame-000029.color.png pumpkin/seq-06/color/frame-000031.color.png 0.999967 -0.00772893 0.0023545 -0.00613621 0.00774745 0.999938 -0.0079657 -0.00330074 -0.00229278 0.0079837 0.999965 0.0110393 0.0 0.0 0.0 1.0
pumpkin/seq-06/color/frame-000030.color.png pumpkin/seq-06/color/frame-000032.color.png 0.999902 -0.0133978 0.00394978 -0.00627199 0.0134278 0.99988 -0.0076689 -0.00300634 -0.00384656 0.00772119 0.999963 0.0101742 0.0 0.0 0.0 1.0
pumpkin/seq-06/color/frame-000031.color.png pumpkin/seq-06/color/frame-000033.color.png 0.999903 -0.0132861 0.00422218 -0.00356735 0.0133186 0.999881 -0.00774537 -0.00620243 -0.00411878 0.00780086 0.999961 0.00893446 0.0 0.0 0.0 1.0
pumpkin/seq-06/color/frame-000032.color.png pumpkin/seq-06/color/frame-000034.color.png 0.999966 -0.00780751 0.00279498 -0.00317708 0.00783559 0.999918 -0.0101775 -0.00934223 -0.00271528 0.0101991 0.999944 0.010064 0.0 0.0 0.0 1.0
pumpkin/seq-06/color/frame-000033.color.png pumpkin/seq-06/color/frame-000035.color.png 0.999996 -0.00205294 0.0017583 -0.00399205 0.00206307 0.999981 -0.00578971 -0.00591892 -0.00174638 0.00579331 0.999982 0.00654069 0.0 0.0 0.0 1.0
pumpkin/seq-06/color/frame-000034.color.png pumpkin/seq-06/color/frame-000036.color.png 1.0 -0.00063244 -0.000270886 -0.00306983 0.000630143 0.999964 -0.00841161 5.34635e-05 0.000276195 0.00841143 0.999965 0.00549159 0.0 0.0 0.0 1.0
pumpkin/seq-06/color/frame-000035.color.png pumpkin/seq-06/color/frame-000037.color.png 0.999997 -0.00155184 -0.00208919 -0.00150937 0.00151412 0.999838 -0.0179472 0.0102268 0.0021167 0.0179439 0.999837 0.00775454 0.0 0.0 0.0 1.0
pumpkin/seq-06/color/frame-000036.color.png pumpkin/seq-06/color/frame-000038.color.png 0.999999 -0.000540728 0.00140579 -0.00267813 0.000554723 0.99995 -0.00997141 0.00587017 -0.00140033 0.00997217 0.999949 0.0067822 0.0 0.0 0.0 1.0
pumpkin/seq-06/color/frame-000037.color.png pumpkin/seq-06/color/frame-000039.color.png 0.99997 -0.000959276 0.00767259 -0.00846838 0.000947939 0.999998 0.00148112 -0.0171725 -0.00767401 -0.00147378 0.999969 0.0098047 0.0 0.0 0.0 1.0
pumpkin/seq-06/color/frame-000038.color.png pumpkin/seq-06/color/frame-000040.color.png 0.999956 -0.00420291 0.00841215 -0.00798404 0.00424673 0.999977 -0.00519978 -0.0121371 -0.00839011 0.0052353 0.999951 0.00920798 0.0 0.0 0.0 1.0
pumpkin/seq-06/color/frame-000039.color.png pumpkin/seq-06/color/frame-000041.color.png 0.999934 -0.00643042 0.00954143 -0.0118571 0.0065657 0.999877 -0.0142144 -0.0037621 -0.00944886 0.0142761 0.999853 0.0093054 0.0 0.0 0.0 1.0
pumpkin/seq-06/color/frame-000040.color.png pumpkin/seq-06/color/frame-000042.color.png 0.999947 -0.00547329 0.00870825 -0.0126401 0.00560889 0.999862 -0.0156232 -0.00592722 -0.00862154 0.0156711 0.99984 0.00668696 0.0 0.0 0.0 1.0
pumpkin/seq-06/color/frame-000041.color.png pumpkin/seq-06/color/frame-000043.color.png 0.999991 -0.00162914 0.00387484 -0.00583037 0.00166826 0.999947 -0.0101176 0.00270622 -0.00385815 0.0101239 0.999941 0.00361629 0.0 0.0 0.0 1.0
pumpkin/seq-06/color/frame-000042.color.png pumpkin/seq-06/color/frame-000044.color.png 0.999989 -0.0044609 0.00132372 0.00133258 0.00447679 0.999915 -0.0122381 0.0127932 -0.00126901 0.012244 0.999924 0.00242525 0.0 0.0 0.0 1.0
pumpkin/seq-06/color/frame-000043.color.png pumpkin/seq-06/color/frame-000045.color.png 0.999931 -0.010337 0.00561348 -0.00458884 0.0104146 0.999848 -0.0139728 -0.000649348 -0.00546819 0.0140304 0.999887 0.00601166 0.0 0.0 0.0 1.0
pumpkin/seq-06/color/frame-000044.color.png pumpkin/seq-06/color/frame-000046.color.png 0.999897 -0.011606 0.00843644 -0.0137509 0.0117193 0.99984 -0.0135039 -0.00873854 -0.00827836 0.0136013 0.999873 0.00955886 0.0 0.0 0.0 1.0
pumpkin/seq-06/color/frame-000045.color.png pumpkin/seq-06/color/frame-000047.color.png 0.999963 -0.00826852 0.00218872 -0.00271156 0.00830583 0.99981 -0.0176232 0.00386171 -0.00204258 0.0176408 0.999842 0.00523251 0.0 0.0 0.0 1.0
pumpkin/seq-06/color/frame-000046.color.png pumpkin/seq-06/color/frame-000048.color.png 0.999996 -0.00202906 0.00169605 -0.00215155 0.00205212 0.999904 -0.0137095 0.00336484 -0.00166807 0.0137129 0.999905 0.00673063 0.0 0.0 0.0 1.0
pumpkin/seq-06/color/frame-000047.color.png pumpkin/seq-06/color/frame-000049.color.png 0.999982 0.00231042 0.00544128 -0.010496 -0.00225677 0.999949 -0.00984554 -0.0100587 -0.00546375 0.00983311 0.999937 0.0104174 0.0 0.0 0.0 1.0
pumpkin/seq-06/color/frame-000048.color.png pumpkin/seq-06/color/frame-000050.color.png 0.999983 0.00544188 0.00212022 -0.00533621 -0.00541213 0.99989 -0.0137884 -0.00702965 -0.00219502 0.0137767 0.999903 0.00785154 0.0 0.0 0.0 1.0
pumpkin/seq-06/color/frame-000049.color.png pumpkin/seq-06/color/frame-000051.color.png 0.999989 0.00439663 0.00177727 -0.00625806 -0.00436919 0.999876 -0.0151585 -0.00155196 -0.0018437 0.0151505 0.999883 0.00783476 0.0 0.0 0.0 1.0
pumpkin/seq-06/color/frame-000050.color.png pumpkin/seq-06/color/frame-000052.color.png 0.999986 0.00140844 0.00512375 -0.00981159 -0.0013536 0.999942 -0.0106902 -0.0062637 -0.00513851 0.0106831 0.99993 0.00725149 0.0 0.0 0.0 1.0
pumpkin/seq-06/color/frame-000051.color.png pumpkin/seq-06/color/frame-000053.color.png 0.999997 -0.000259961 0.00252531 -0.00366358 0.000272255 0.999988 -0.00487006 -0.00319702 -0.00252403 0.00487073 0.999985 0.00214171 0.0 0.0 0.0 1.0
pumpkin/seq-06/color/frame-000052.color.png pumpkin/seq-06/color/frame-000054.color.png 0.999988 -0.00128893 0.00462489 -0.00745974 0.00132379 0.999971 -0.00754968 0.00274112 -0.00461503 0.0075557 0.999961 0.00565638 0.0 0.0 0.0 1.0
pumpkin/seq-06/color/frame-000053.color.png pumpkin/seq-06/color/frame-000055.color.png 0.99995 -0.00387914 0.00917214 -0.0163979 0.00400623 0.999896 -0.0138797 -0.00346714 -0.00911735 0.0139158 0.999861 0.0103422 0.0 0.0 0.0 1.0
pumpkin/seq-06/color/frame-000054.color.png pumpkin/seq-06/color/frame-000056.color.png 0.999992 -0.00233939 0.00329309 -0.00357962 0.00237055 0.999952 -0.00947804 -0.0146248 -0.00327076 0.00948577 0.99995 0.00402802 0.0 0.0 0.0 1.0
pumpkin/seq-06/color/frame-000055.color.png pumpkin/seq-06/color/frame-000057.color.png 0.999985 -0.000464406 0.0054151 -0.00759362 0.000531949 0.999922 -0.0124812 -0.0060086 -0.00540888 0.0124838 0.999908 0.00714809 0.0 0.0 0.0 1.0
pumpkin/seq-06/color/frame-000056.color.png pumpkin/seq-06/color/frame-000058.color.png 1.0 0.000286989 0.000828163 0.000283211 -0.000275511 0.999904 -0.0138328 -0.00863665 -0.000832054 0.0138325 0.999904 0.00863758 0.0 0.0 0.0 1.0
pumpkin/seq-06/color/frame-000057.color.png pumpkin/seq-06/color/frame-000059.color.png 1.0 0.000740715 0.000393962 -0.00147828 -0.000732403 0.999787 -0.0206321 0.00104966 -0.000409165 0.0206319 0.999787 0.00872833 0.0 0.0 0.0 1.0
pumpkin/seq-06/color/frame-000058.color.png pumpkin/seq-06/color/frame-000060.color.png 0.999953 0.000295585 0.0096574 -0.0124061 -0.000125257 0.999844 -0.0176332 0.00316859 -0.00966111 0.0176313 0.999798 0.00292863 0.0 0.0 0.0 1.0
pumpkin/seq-06/color/frame-000059.color.png pumpkin/seq-06/color/frame-000061.color.png 0.999924 -0.00219389 0.0121324 -0.0109492 0.00229072 0.999966 -0.0079738 -0.00835612 -0.0121145 0.00800098 0.999895 0.00385839 0.0 0.0 0.0 1.0
pumpkin/seq-06/color/frame-000060.color.png pumpkin/seq-06/color/frame-000062.color.png 0.99995 -0.00673037 0.0073381 -0.009046 0.00680018 0.999931 -0.00953101 -0.0093354 -0.00727345 0.0095804 0.999928 0.0105962 0.0 0.0 0.0 1.0
pumpkin/seq-06/color/frame-000061.color.png pumpkin/seq-06/color/frame-000063.color.png 0.999972 -0.00592964 0.00466725 -0.00595108 0.00599093 0.999895 -0.0132298 -0.00344879 -0.00458832 0.0132575 0.999902 0.00429079 0.0 0.0 0.0 1.0
pumpkin/seq-06/color/frame-000062.color.png pumpkin/seq-06/color/frame-000064.color.png 0.99999 -0.00186159 0.00401595 -0.00204008 0.00190688 0.999934 -0.0113077 -0.00999065 -0.00399465 0.0113153 0.999928 0.00711539 0.0 0.0 0.0 1.0
pumpkin/seq-06/color/frame-000063.color.png pumpkin/seq-06/color/frame-000065.color.png 0.999976 0.000176637 0.00695187 -0.0101567 -7.80465e-05 0.999899 -0.0141815 -0.00655128 -0.00695367 0.0141807 0.999875 0.0074399 0.0 0.0 0.0 1.0
pumpkin/seq-06/color/frame-000064.color.png pumpkin/seq-06/color/frame-000066.color.png 0.999989 0.00125877 0.00443685 -0.00478488 -0.00118501 0.999862 -0.016582 -0.00337583 -0.00445711 0.0165766 0.999853 0.00486577 0.0 0.0 0.0 1.0
pumpkin/seq-06/color/frame-000065.color.png pumpkin/seq-06/color/frame-000067.color.png 0.999998 0.000298887 0.00219292 -0.000892229 -0.000262166 0.99986 -0.0167101 -0.00503352 -0.00219761 0.0167094 0.999858 0.00434518 0.0 0.0 0.0 1.0
pumpkin/seq-06/color/frame-000066.color.png pumpkin/seq-06/color/frame-000068.color.png 0.99999 0.00166454 0.00406285 -0.00306642 -0.00159266 0.999843 -0.0176308 -0.00442571 -0.00409155 0.017624 0.999836 0.00474694 0.0 0.0 0.0 1.0
pumpkin/seq-06/color/frame-000067.color.png pumpkin/seq-06/color/frame-000069.color.png 0.999983 -0.00195706 0.00544665 -0.00651173 0.00203787 0.999887 -0.0148748 -0.00874071 -0.00541693 0.0148857 0.999874 -0.00159527 0.0 0.0 0.0 1.0
pumpkin/seq-06/color/frame-000068.color.png pumpkin/seq-06/color/frame-000070.color.png 0.999954 -0.00409467 0.00866123 -0.0125193 0.00423527 0.999859 -0.0162789 -0.00458605 -0.00859335 0.0163149 0.99983 -0.00159991 0.0 0.0 0.0 1.0
pumpkin/seq-06/color/frame-000069.color.png pumpkin/seq-06/color/frame-000071.color.png 0.999951 -0.00174532 0.00978473 -0.00860804 0.00190338 0.999868 -0.0161671 -0.00500867 -0.00975521 0.0161849 0.999821 0.0054269 0.0 0.0 0.0 1.0
pumpkin/seq-06/color/frame-000070.color.png pumpkin/seq-06/color/frame-000072.color.png 0.999985 -0.00102256 0.0054191 -0.00367879 0.00107272 0.999956 -0.00926231 0.000246793 -0.0054094 0.00926798 0.999942 0.00367701 0.0 0.0 0.0 1.0
pumpkin/seq-06/color/frame-000071.color.png pumpkin/seq-06/color/frame-000073.color.png 0.999983 -0.00232202 0.00536731 -0.00434604 0.00237051 0.999956 -0.00904799 0.00158125 -0.00534606 0.00906065 0.999945 0.00225328 0.0 0.0 0.0 1.0
pumpkin/seq-06/color/frame-000072.color.png pumpkin/seq-06/color/frame-000074.color.png 0.999958 -0.00292153 0.00868002 -0.00693002 0.00300552 0.999949 -0.00967928 -0.0143661 -0.00865127 0.00970494 0.999915 -0.00606339 0.0 0.0 0.0 1.0
pumpkin/seq-06/color/frame-000073.color.png pumpkin/seq-06/color/frame-000075.color.png 0.99995 0.00360611 0.00935099 -0.0053747 -0.00348754 0.999914 -0.012663 -0.00810316 -0.00939585 0.0126297 0.999876 -0.000216842 0.0 0.0 0.0 1.0
pumpkin/seq-06/color/frame-000074.color.png pumpkin/seq-06/color/frame-000076.color.png 0.999929 0.00539598 0.0106136 -0.00801851 -0.00526561 0.999911 -0.0122715 -0.00938019 -0.0106789 0.0122148 0.999868 0.00146496 0.0 0.0 0.0 1.0
pumpkin/seq-06/color/frame-000075.color.png pumpkin/seq-06/color/frame-000077.color.png 0.999912 0.00131538 0.0131811 -0.0151882 -0.00119053 0.999954 -0.00947324 -0.0184763 -0.0131929 0.00945673 0.999868 -0.000666574 0.0 0.0 0.0 1.0
pumpkin/seq-06/color/frame-000076.color.png pumpkin/seq-06/color/frame-000078.color.png 0.999948 0.0018001 0.0100164 0.000969484 -0.00166296 0.999905 -0.0136825 -0.0117465 -0.0100401 0.0136652 0.999856 -0.00379771 0.0 0.0 0.0 1.0
pumpkin/seq-06/color/frame-000077.color.png pumpkin/seq-06/color/frame-000079.color.png 0.999934 -0.00209303 0.0112428 -0.00382774 0.00230838 0.999813 -0.0191794 -0.00216167 -0.0112006 0.0192041 0.999753 0.000658438 0.0 0.0 0.0 1.0
pumpkin/seq-06/color/frame-000078.color.png pumpkin/seq-06/color/frame-000080.color.png 0.999905 -0.000987546 0.0137202 -0.0132991 0.00134781 0.999654 -0.0262738 0.0117 -0.0136895 0.0262897 0.999561 0.0116482 0.0 0.0 0.0 1.0
pumpkin/seq-06/color/frame-000079.color.png pumpkin/seq-06/color/frame-000081.color.png 0.999947 0.00250232 0.0100093 -0.00351492 -0.0023556 0.99989 -0.014639 -0.00772999 -0.0100449 0.0146147 0.999843 -0.00451599 0.0 0.0 0.0 1.0
pumpkin/seq-06/color/frame-000080.color.png pumpkin/seq-06/color/frame-000082.color.png 0.999968 1.37675e-06 0.00797695 -0.00445871 0.000124485 0.999876 -0.0157792 0.000301719 -0.00797598 0.0157797 0.999844 -0.000832006 0.0 0.0 0.0 1.0
pumpkin/seq-06/color/frame-000081.color.png pumpkin/seq-06/color/frame-000083.color.png 0.999972 0.000638949 0.00745755 -0.00436905 -0.000567384 0.999954 -0.00959802 -0.00938258 -0.00746337 0.00959346 0.999926 -0.00358038 0.0 0.0 0.0 1.0
pumpkin/seq-06/color/frame-000082.color.png pumpkin/seq-06/color/frame-000084.color.png 0.999919 0.00521967 0.0115939 -0.00263308 -0.00511356 0.999945 -0.0091625 -0.00664747 -0.0116411 0.00910245 0.999891 -0.00216538 0.0 0.0 0.0 1.0
pumpkin/seq-06/color/frame-000083.color.png pumpkin/seq-06/color/frame-000085.color.png 0.999922 0.00271919 0.0121726 -0.00326772 -0.00253299 0.99988 -0.015286 0.00320742 -0.0122127 0.0152539 0.999809 0.0045432 0.0 0.0 0.0 1.0
pumpkin/seq-06/color/frame-000084.color.png pumpkin/seq-06/color/frame-000086.color.png 0.999961 6.90088e-05 0.00879929 -0.00575614 2.59067e-06 0.999967 -0.00813894 -0.0134998 -0.00879954 0.00813859 0.999928 -0.00788748 0.0 0.0 0.0 1.0
pumpkin/seq-06/color/frame-000085.color.png pumpkin/seq-06/color/frame-000087.color.png 0.999957 0.00213702 0.00902546 -0.0063628 -0.00203914 0.999939 -0.0108368 -0.00691283 -0.0090481 0.0108179 0.9999 -0.00423363 0.0 0.0 0.0 1.0
pumpkin/seq-06/color/frame-000086.color.png pumpkin/seq-06/color/frame-000088.color.png 0.999947 0.00126005 0.0101749 -0.00778271 -0.00112945 0.999917 -0.0128279 0.000982776 -0.0101902 0.0128158 0.999866 0.000873253 0.0 0.0 0.0 1.0
pumpkin/seq-06/color/frame-000087.color.png pumpkin/seq-06/color/frame-000089.color.png 0.999984 0.00180362 0.0053252 -0.000113562 -0.00176058 0.999966 -0.00807827 -0.00522345 -0.00533959 0.00806884 0.999953 -0.00552891 0.0 0.0 0.0 1.0
pumpkin/seq-06/color/frame-000088.color.png pumpkin/seq-06/color/frame-000090.color.png 0.999987 0.00116089 0.00498876 -0.00134584 -0.00111991 0.999966 -0.00821197 -0.0082459 -0.00499813 0.00820627 0.999954 -0.00330183 0.0 0.0 0.0 1.0
pumpkin/seq-06/color/frame-000089.color.png pumpkin/seq-06/color/frame-000091.color.png 0.999971 0.000118266 0.00760872 -0.00674501 -2.40816e-05 0.999923 -0.0123763 -0.00137895 -0.00760959 0.0123757 0.999895 0.00112502 0.0 0.0 0.0 1.0
pumpkin/seq-06/color/frame-000090.color.png pumpkin/seq-06/color/frame-000092.color.png 0.999968 0.00301849 0.00745884 -0.00378898 -0.00290167 0.999874 -0.0156234 0.00153746 -0.00750505 0.0156013 0.99985 0.00152165 0.0 0.0 0.0 1.0
pumpkin/seq-06/color/frame-000091.color.png pumpkin/seq-06/color/frame-000093.color.png 0.999976 0.00385758 0.00577711 0.00116105 -0.00377495 0.999891 -0.0142484 -0.00202495 -0.00583146 0.0142264 0.999882 -0.000398636 0.0 0.0 0.0 1.0
pumpkin/seq-06/color/frame-000092.color.png pumpkin/seq-06/color/frame-000094.color.png 0.99999 0.000849596 0.0044691 -0.000797898 -0.000798836 0.999935 -0.0113387 -0.00383911 -0.00447851 0.0113351 0.999926 -0.00341965 0.0 0.0 0.0 1.0
pumpkin/seq-06/color/frame-000093.color.png pumpkin/seq-06/color/frame-000095.color.png 0.999982 0.000535216 0.00593278 -0.00571111 -0.000489671 0.99997 -0.00767829 -0.00963053 -0.00593666 0.00767517 0.999953 -0.00578602 0.0 0.0 0.0 1.0
pumpkin/seq-06/color/frame-000094.color.png pumpkin/seq-06/color/frame-000096.color.png 0.999959 0.00599 0.00678087 0.00115529 -0.00593406 0.999948 -0.00824395 -0.00908338 -0.00682989 0.00820332 0.999943 -0.00469637 0.0 0.0 0.0 1.0
pumpkin/seq-06/color/frame-000095.color.png pumpkin/seq-06/color/frame-000097.color.png 0.999942 0.00722865 0.00793629 -0.00133358 -0.00711199 0.999868 -0.0146343 0.0010875 -0.00804101 0.014577 0.999861 0.00231388 0.0 0.0 0.0 1.0
pumpkin/seq-06/color/frame-000096.color.png pumpkin/seq-06/color/frame-000098.color.png 0.999947 0.00767831 0.00689028 -0.00275776 -0.00759402 0.999897 -0.0121763 -0.00633235 -0.00698307 0.0121233 0.999902 -0.0039077 0.0 0.0 0.0 1.0
pumpkin/seq-06/color/frame-000097.color.png pumpkin/seq-06/color/frame-000099.color.png 0.999954 0.00723348 0.00633086 0.000632763 -0.00713716 0.99986 -0.0151075 -0.000432476 -0.00643928 0.0150617 0.999866 -8.97497e-05 0.0 0.0 0.0 1.0
pumpkin/seq-06/color/frame-000098.color.png pumpkin/seq-06/color/frame-000100.color.png 0.999973 0.00448133 0.00586128 -0.00131659 -0.00438241 0.99985 -0.0167851 0.000335976 -0.00593563 0.0167591 0.999842 0.00261343 0.0 0.0 0.0 1.0
pumpkin/seq-06/color/frame-000099.color.png pumpkin/seq-06/color/frame-000101.color.png 0.999959 0.00753082 0.00511561 -0.0021455 -0.00744882 0.999846 -0.0158638 -0.00540487 -0.00523431 0.0158251 0.999861 -0.0026278 0.0 0.0 0.0 1.0
pumpkin/seq-06/color/frame-000100.color.png pumpkin/seq-06/color/frame-000102.color.png 0.999916 0.0106011 0.00742766 -0.0032513 -0.0104884 0.999831 -0.0150645 -0.0034689 -0.00758608 0.0149852 0.999859 -0.00406525 0.0 0.0 0.0 1.0
pumpkin/seq-06/color/frame-000101.color.png pumpkin/seq-06/color/frame-000103.color.png 0.999948 0.00784593 0.00656143 0.000441089 -0.00774322 0.999849 -0.015535 -0.00166002 -0.00668232 0.0154833 0.999858 -0.00237621 0.0 0.0 0.0 1.0
pumpkin/seq-06/color/frame-000102.color.png pumpkin/seq-06/color/frame-000104.color.png 0.999956 0.00811236 0.00478025 0.00265205 -0.00803988 0.999855 -0.0149876 -0.00490327 -0.00490118 0.0149485 0.999876 -0.00504571 0.0 0.0 0.0 1.0
pumpkin/seq-06/color/frame-000103.color.png pumpkin/seq-06/color/frame-000105.color.png 0.99996 0.00706462 0.00543253 -0.00165188 -0.0069812 0.99986 -0.0152262 -0.00255635 -0.00553933 0.0151876 0.999869 -0.00173602 0.0 0.0 0.0 1.0
pumpkin/seq-06/color/frame-000104.color.png pumpkin/seq-06/color/frame-000106.color.png 0.999961 0.00701228 0.00539231 0.000923872 -0.00696178 0.999932 -0.00932152 -0.0129875 -0.00545731 0.00928376 0.999942 -0.00781783 0.0 0.0 0.0 1.0
pumpkin/seq-06/color/frame-000105.color.png pumpkin/seq-06/color/frame-000107.color.png 0.999951 0.00703455 0.00690785 0.00234321 -0.00695758 0.999914 -0.0110994 -0.00355004 -0.00698534 0.0110509 0.999915 -0.00856084 0.0 0.0 0.0 1.0
pumpkin/seq-06/color/frame-000106.color.png pumpkin/seq-06/color/frame-000108.color.png 0.99996 0.0042577 0.0078989 0.000605613 -0.00418229 0.999946 -0.00954152 -0.00344247 -0.00793908 0.00950805 0.999923 -0.00579478 0.0 0.0 0.0 1.0
pumpkin/seq-06/color/frame-000107.color.png pumpkin/seq-06/color/frame-000109.color.png 0.999959 0.000656949 0.00908811 -0.00687863 -0.000648004 0.999999 -0.000984135 -0.0258407 -0.00908872 0.000978236 0.999958 -0.0146057 0.0 0.0 0.0 1.0
pumpkin/seq-06/color/frame-000108.color.png pumpkin/seq-06/color/frame-000110.color.png 0.999978 0.00367111 0.00554264 -0.00308748 -0.00357771 0.999853 -0.0167627 0.00205967 -0.0056034 0.0167424 0.999844 -0.0026007 0.0 0.0 0.0 1.0
pumpkin/seq-06/color/frame-000109.color.png pumpkin/seq-06/color/frame-000111.color.png 0.999955 0.00867954 0.00395196 0.00321515 -0.00862821 0.99988 -0.0128353 -0.00836214 -0.00406289 0.0128006 0.99991 -0.00934967 0.0 0.0 0.0 1.0
pumpkin/seq-06/color/frame-000110.color.png pumpkin/seq-06/color/frame-000112.color.png 0.999937 0.00844038 0.00739978 0.00134487 -0.00837278 0.999923 -0.0091198 -0.0123698 -0.00747621 0.00905726 0.999931 -0.0128191 0.0 0.0 0.0 1.0
pumpkin/seq-06/color/frame-000111.color.png pumpkin/seq-06/color/frame-000113.color.png 0.999961 0.00405445 0.0078206 -0.000728145 -0.00396483 0.999927 -0.0114416 -0.00187132 -0.00786643 0.0114102 0.999904 -0.00631885 0.0 0.0 0.0 1.0
pumpkin/seq-06/color/frame-000112.color.png pumpkin/seq-06/color/frame-000114.color.png 0.999988 0.003256 0.00367291 0.00117245 -0.00319569 0.999862 -0.0163074 0.00663999 -0.0037255 0.0162955 0.99986 -0.0010439 0.0 0.0 0.0 1.0
pumpkin/seq-06/color/frame-000113.color.png pumpkin/seq-06/color/frame-000115.color.png 0.999953 0.00830537 0.00492335 -0.00010778 -0.00822593 0.999839 -0.0159513 0.00230888 -0.00505499 0.01591 0.999861 -0.00130607 0.0 0.0 0.0 1.0
pumpkin/seq-06/color/frame-000114.color.png pumpkin/seq-06/color/frame-000116.color.png 0.999902 0.00910579 0.0106324 -0.00458181 -0.00902692 0.999932 -0.00744532 -0.0125168 -0.0106994 0.00734852 0.999916 -0.0113607 0.0 0.0 0.0 1.0
pumpkin/seq-06/color/frame-000115.color.png pumpkin/seq-06/color/frame-000117.color.png 0.99997 0.00342834 0.00699677 9.51141e-05 -0.00339469 0.999983 -0.00481274 -0.0118411 -0.00701317 0.00478889 0.999964 -0.0145382 0.0 0.0 0.0 1.0
pumpkin/seq-06/color/frame-000116.color.png pumpkin/seq-06/color/frame-000118.color.png 0.999967 0.00507976 0.00638348 -0.000107795 -0.00498233 0.999872 -0.0151848 0.00992846 -0.00645981 0.0151527 0.999864 0.00011497 0.0 0.0 0.0 1.0
pumpkin/seq-06/color/frame-000117.color.png pumpkin/seq-06/color/frame-000119.color.png 0.999983 0.00357463 0.00469526 0.000181898 -0.00351158 0.999904 -0.013364 0.00669956 -0.00474264 0.0133473 0.9999 -0.000986718 0.0 0.0 0.0 1.0
pumpkin/seq-06/color/frame-000118.color.png pumpkin/seq-06/color/frame-000120.color.png 0.999996 -0.00120028 0.00239844 -3.77297e-05 0.00121052 0.99999 -0.00427726 -0.00174421 -0.00239326 0.00427998 0.999988 -0.0121105 0.0 0.0 0.0 1.0
pumpkin/seq-06/color/frame-000119.color.png pumpkin/seq-06/color/frame-000121.color.png 0.999989 -0.00121461 0.00445711 -0.00474025 0.00122545 0.999996 -0.00242612 -0.00367495 -0.00445414 0.00243167 0.999987 -0.00889995 0.0 0.0 0.0 1.0
pumpkin/seq-06/color/frame-000120.color.png pumpkin/seq-06/color/frame-000122.color.png 0.999981 0.00334649 0.00522407 0.00023523 -0.00335922 0.999991 0.00243052 -0.0201232 -0.00521591 -0.00244802 0.999983 -0.0147267 0.0 0.0 0.0 1.0
pumpkin/seq-06/color/frame-000121.color.png pumpkin/seq-06/color/frame-000123.color.png 0.999978 0.00442154 0.00499013 0.0021823 -0.00437672 0.99995 -0.00896049 -0.00025028 -0.00502951 0.00893841 0.999947 -0.00905605 0.0 0.0 0.0 1.0
pumpkin/seq-06/color/frame-000122.color.png pumpkin/seq-06/color/frame-000124.color.png 0.999988 0.000396684 0.00492191 0.000575438 -0.000322892 0.999888 -0.0149794 0.000835449 -0.00492728 0.0149777 0.999876 -0.0112707 0.0 0.0 0.0 1.0
pumpkin/seq-06/color/frame-000123.color.png pumpkin/seq-06/color/frame-000125.color.png 0.999993 -0.000611873 0.00354556 0.00294431 0.000657175 0.999918 -0.0127945 0.00143382 -0.00353741 0.0127966 0.999912 -0.0128002 0.0 0.0 0.0 1.0
pumpkin/seq-06/color/frame-000124.color.png pumpkin/seq-06/color/frame-000126.color.png 0.999997 0.00172822 0.00189738 0.00119989 -0.00171382 0.99997 -0.00755456 0.00458378 -0.00191038 0.00755133 0.99997 -0.00802242 0.0 0.0 0.0 1.0
pumpkin/seq-06/color/frame-000125.color.png pumpkin/seq-06/color/frame-000127.color.png 0.999991 0.0026203 0.00343822 -0.00379993 -0.00261018 0.999992 -0.00293915 -0.00873846 -0.00344591 0.00293016 0.99999 -0.0100366 0.0 0.0 0.0 1.0
pumpkin/seq-06/color/frame-000126.color.png pumpkin/seq-06/color/frame-000128.color.png 0.999972 0.0048358 0.00565339 -0.0015443 -0.00479185 0.999958 -0.00776358 0.00134292 -0.00569074 0.00773628 0.999954 -0.00371832 0.0 0.0 0.0 1.0
pumpkin/seq-06/color/frame-000127.color.png pumpkin/seq-06/color/frame-000129.color.png 0.999956 0.00395505 0.00852256 -0.00326371 -0.00387953 0.999953 -0.00886364 -0.00408375 -0.00855715 0.00883021 0.999924 -0.00965977 0.0 0.0 0.0 1.0
pumpkin/seq-06/color/frame-000128.color.png pumpkin/seq-06/color/frame-000130.color.png 0.999999 0.000440013 0.00148864 -0.00328244 -0.000436584 0.999997 -0.00230373 -0.0227891 -0.00148963 0.00230302 0.999996 -0.0194396 0.0 0.0 0.0 1.0
pumpkin/seq-06/color/frame-000129.color.png pumpkin/seq-06/color/frame-000131.color.png 0.999967 0.00610031 -0.00529868 0.00660637 -0.00612795 0.999968 -0.00521507 -0.00875241 0.00526664 0.00524751 0.999972 -0.0128006 0.0 0.0 0.0 1.0
pumpkin/seq-06/color/frame-000130.color.png pumpkin/seq-06/color/frame-000132.color.png 0.999988 0.00496243 2.96328e-05 -0.000293851 -0.00496218 0.999972 -0.00553384 -0.00251195 -5.71092e-05 0.0055336 0.999985 -0.00449332 0.0 0.0 0.0 1.0
pumpkin/seq-06/color/frame-000131.color.png pumpkin/seq-06/color/frame-000133.color.png 0.999964 0.0055312 0.00636352 -0.00695556 -0.00547775 0.99995 -0.00838586 0.00211409 -0.00640955 0.00835054 0.999945 0.00121046 0.0 0.0 0.0 1.0
pumpkin/seq-06/color/frame-000132.color.png pumpkin/seq-06/color/frame-000134.color.png 0.999964 0.00849552 2.58044e-05 0.000323683 -0.00849386 0.99982 -0.0169698 0.00402239 -0.000170009 0.016969 0.999856 0.00147335 0.0 0.0 0.0 1.0
pumpkin/seq-06/color/frame-000133.color.png pumpkin/seq-06/color/frame-000135.color.png 0.999968 0.0067457 0.00439806 -0.0119698 -0.00670801 0.999941 -0.00852488 -0.0142904 -0.00445536 0.00849523 0.999954 -0.00311945 0.0 0.0 0.0 1.0
pumpkin/seq-06/color/frame-000134.color.png pumpkin/seq-06/color/frame-000136.color.png 0.99998 0.00606353 0.00182778 -0.00175594 -0.00605447 0.999969 -0.00494226 -0.00702929 -0.00185765 0.004931 0.999986 -0.00308316 0.0 0.0 0.0 1.0
pumpkin/seq-06/color/frame-000135.color.png pumpkin/seq-06/color/frame-000137.color.png 0.999953 0.00610771 -0.00748275 0.0131515 -0.00616617 0.999951 -0.00781521 0.00555322 0.00743466 0.00786092 0.999941 -0.00345516 0.0 0.0 0.0 1.0
pumpkin/seq-06/color/frame-000136.color.png pumpkin/seq-06/color/frame-000138.color.png 0.999996 0.0025388 0.000691598 -0.00709793 -0.00253628 0.99999 -0.00360635 -0.000536561 -0.000700778 0.00360468 0.999993 0.00290642 0.0 0.0 0.0 1.0
pumpkin/seq-06/color/frame-000137.color.png pumpkin/seq-06/color/frame-000139.color.png 0.999999 0.000522277 0.00115203 -0.00619559 -0.000515773 0.999984 -0.00561968 -0.00153664 -0.00115495 0.00561909 0.999984 0.00561804 0.0 0.0 0.0 1.0
pumpkin/seq-06/color/frame-000138.color.png pumpkin/seq-06/color/frame-000140.color.png 0.999988 -0.000403816 -0.00493054 0.00273782 0.000379363 0.999988 -0.0049577 -0.00583857 0.00493251 0.00495572 0.999976 0.00158504 0.0 0.0 0.0 1.0
pumpkin/seq-06/color/frame-000139.color.png pumpkin/seq-06/color/frame-000141.color.png 0.999993 -0.00339114 -0.00151153 -0.00726488 0.00340436 0.999955 0.00881838 -0.0296636 0.00148159 -0.00882345 0.99996 -0.00710144 0.0 0.0 0.0 1.0
pumpkin/seq-06/color/frame-000140.color.png pumpkin/seq-06/color/frame-000142.color.png 0.999998 -0.00153503 -0.00160248 -0.00332421 0.00152853 0.999991 -0.00405342 -0.00466597 0.00160866 0.00405083 0.999991 0.00702813 0.0 0.0 0.0 1.0
pumpkin/seq-06/color/frame-000141.color.png pumpkin/seq-06/color/frame-000143.color.png 0.99999 0.00130127 -0.0041435 -0.00041829 -0.0013596 0.9999 -0.0141018 0.0108485 0.00412471 0.0141072 0.999892 0.0187741 0.0 0.0 0.0 1.0
pumpkin/seq-06/color/frame-000142.color.png pumpkin/seq-06/color/frame-000144.color.png 0.999976 0.00294699 -0.00621305 0.000372902 -0.00296868 0.99999 -0.00347897 -0.0105147 0.00620274 0.00349734 0.999975 0.0091872 0.0 0.0 0.0 1.0
pumpkin/seq-06/color/frame-000143.color.png pumpkin/seq-06/color/frame-000145.color.png 0.999962 0.00376236 -0.00791474 -0.0013531 -0.00381788 0.999968 -0.00701858 -0.00654468 0.00788812 0.00704855 0.999944 0.0219724 0.0 0.0 0.0 1.0
pumpkin/seq-06/color/frame-000144.color.png pumpkin/seq-06/color/frame-000146.color.png 0.999957 0.00332074 -0.00870161 0.00134437 -0.00339471 0.999958 -0.00850242 -0.00408071 0.008673 0.00853171 0.999926 0.021464 0.0 0.0 0.0 1.0
pumpkin/seq-06/color/frame-000145.color.png pumpkin/seq-06/color/frame-000147.color.png 0.999985 0.00082444 -0.00540378 -0.00217851 -0.000827744 1.0 -0.000603788 -0.0175314 0.00540327 0.000608259 0.999985 0.00689324 0.0 0.0 0.0 1.0
pumpkin/seq-06/color/frame-000146.color.png pumpkin/seq-06/color/frame-000148.color.png 0.999976 0.000652811 -0.00691375 0.000928089 -0.00067551 0.999994 -0.00328134 -0.00894487 0.00691158 0.00328602 0.999971 0.0134109 0.0 0.0 0.0 1.0
pumpkin/seq-06/color/frame-000147.color.png pumpkin/seq-06/color/frame-000149.color.png 0.999963 0.000309844 -0.00857647 0.00735502 -0.000351621 0.999988 -0.00487121 0.00234345 0.00857488 0.00487414 0.999951 0.0173312 0.0 0.0 0.0 1.0
pumpkin/seq-06/color/frame-000148.color.png pumpkin/seq-06/color/frame-000150.color.png 0.999975 -0.000972076 -0.00695725 0.00254652 0.000942585 0.999991 -0.00424072 -0.00107393 0.00696133 0.00423396 0.999967 0.0167094 0.0 0.0 0.0 1.0
pumpkin/seq-06/color/frame-000149.color.png pumpkin/seq-06/color/frame-000151.color.png 0.999979 0.000823358 -0.00646381 0.00405538 -0.000874312 0.999969 -0.00788304 -0.000424087 0.00645715 0.00788842 0.999948 0.0191939 0.0 0.0 0.0 1.0
pumpkin/seq-06/color/frame-000150.color.png pumpkin/seq-06/color/frame-000152.color.png 0.999997 0.000360229 -0.00232345 0.00011678 -0.000361137 1.0 -0.000400009 -0.0124088 0.00232328 0.000400903 0.999997 0.00936963 0.0 0.0 0.0 1.0
pumpkin/seq-06/color/frame-000151.color.png pumpkin/seq-06/color/frame-000153.color.png 0.999993 -0.00344824 0.00134516 -0.00565484 0.0034419 0.999983 0.00470871 -0.0231815 -0.00136141 -0.004704 0.999988 0.00497343 0.0 0.0 0.0 1.0
pumpkin/seq-06/color/frame-000152.color.png pumpkin/seq-06/color/frame-000154.color.png 0.999998 -0.000222255 -0.00191784 0.00406474 0.000204348 0.999956 -0.00933532 -0.00202474 0.00191986 0.00933493 0.999955 0.0163294 0.0 0.0 0.0 1.0
pumpkin/seq-06/color/frame-000153.color.png pumpkin/seq-06/color/frame-000155.color.png 0.999985 0.00496195 -0.00232714 0.0117423 -0.0049805 0.999956 -0.00801489 -0.00459972 0.00228728 0.0080263 0.999965 0.00952248 0.0 0.0 0.0 1.0
pumpkin/seq-06/color/frame-000154.color.png pumpkin/seq-06/color/frame-000156.color.png 0.999995 0.00327123 0.000503953 0.00949128 -0.00326845 0.99998 -0.00542406 -0.00685334 -0.000521719 0.00542246 0.999985 0.00584851 0.0 0.0 0.0 1.0
pumpkin/seq-06/color/frame-000155.color.png pumpkin/seq-06/color/frame-000157.color.png 1.0 -0.000132633 0.000340714 0.00998014 0.000138523 0.999851 -0.0172338 0.0098716 -0.000338392 0.0172339 0.999851 0.0225598 0.0 0.0 0.0 1.0
pumpkin/seq-06/color/frame-000156.color.png pumpkin/seq-06/color/frame-000158.color.png 0.999991 -0.00209562 -0.00364719 0.0109749 0.00205341 0.999931 -0.0115366 -0.000973672 0.00367116 0.0115289 0.999927 0.0141266 0.0 0.0 0.0 1.0
pumpkin/seq-06/color/frame-000157.color.png pumpkin/seq-06/color/frame-000159.color.png 0.999993 -0.0027217 -0.00260691 0.00248384 0.00269735 0.999953 -0.00928288 -0.00130025 0.00263204 0.00927569 0.999954 0.0165881 0.0 0.0 0.0 1.0
pumpkin/seq-06/color/frame-000158.color.png pumpkin/seq-06/color/frame-000160.color.png 0.999985 -0.00275835 -0.00483394 0.0117521 0.002737 0.999987 -0.00441421 -0.00455317 0.00484608 0.00440094 0.999979 0.00855279 0.0 0.0 0.0 1.0
pumpkin/seq-06/color/frame-000159.color.png pumpkin/seq-06/color/frame-000161.color.png 0.999991 -0.00387087 0.00173553 0.00834042 0.00386476 0.999986 0.00351963 -0.0169111 -0.00174911 -0.00351287 0.999992 -0.000219643 0.0 0.0 0.0 1.0
pumpkin/seq-06/color/frame-000160.color.png pumpkin/seq-06/color/frame-000162.color.png 0.999974 -0.00508623 0.00517438 0.000280127 0.0051099 0.999977 -0.00457234 -0.0011389 -0.00515102 0.00459868 0.999976 0.0174055 0.0 0.0 0.0 1.0
pumpkin/seq-06/color/frame-000161.color.png pumpkin/seq-06/color/frame-000163.color.png 0.99999 -0.00284093 -0.00350182 0.0171784 0.00283406 0.999994 -0.00195964 0.00370309 0.00350735 0.0019496 0.999992 0.00947843 0.0 0.0 0.0 1.0
pumpkin/seq-06/color/frame-000162.color.png pumpkin/seq-06/color/frame-000164.color.png 0.999983 -0.00575116 0.000962754 0.00669563 0.00575056 0.999983 0.000633685 -0.0036023 -0.000966403 -0.000628245 0.999999 0.010498 0.0 0.0 0.0 1.0
pumpkin/seq-06/color/frame-000163.color.png pumpkin/seq-06/color/frame-000165.color.png 0.999982 -0.00564329 0.00200457 0.00121757 0.00566364 0.999931 -0.0102689 0.0116982 -0.00194652 0.0102803 0.999945 0.0267817 0.0 0.0 0.0 1.0
pumpkin/seq-06/color/frame-000164.color.png pumpkin/seq-06/color/frame-000166.color.png 0.99997 -0.00770916 0.000603159 -0.00586437 0.00771018 0.999969 -0.00168288 -0.0067392 -0.000590181 0.0016876 0.999998 0.0159485 0.0 0.0 0.0 1.0
pumpkin/seq-06/color/frame-000165.color.png pumpkin/seq-06/color/frame-000167.color.png 0.999974 -0.00264096 -0.00673525 0.0100179 0.00273727 0.999893 0.0143323 -0.0335493 0.00669669 -0.0143505 0.999875 -0.0105995 0.0 0.0 0.0 1.0
pumpkin/seq-06/color/frame-000166.color.png pumpkin/seq-06/color/frame-000168.color.png 0.999972 0.00011965 -0.00755042 0.0162302 -0.000135738 0.999998 -0.00213139 -0.00387722 0.0075501 0.00213238 0.999969 0.011461 0.0 0.0 0.0 1.0
pumpkin/seq-06/color/frame-000167.color.png pumpkin/seq-06/color/frame-000169.color.png 0.999981 0.00247579 -0.00566316 0.0185332 -0.00248984 0.999994 -0.00247922 0.00311804 0.00565697 0.00249344 0.999981 0.0103886 0.0 0.0 0.0 1.0
pumpkin/seq-06/color/frame-000168.color.png pumpkin/seq-06/color/frame-000170.color.png 0.999999 0.00106142 0.000839534 0.0097143 -0.00106408 0.999994 0.00316599 -0.0119097 -0.000836126 -0.00316695 0.999995 0.0132979 0.0 0.0 0.0 1.0
pumpkin/seq-06/color/frame-000169.color.png pumpkin/seq-06/color/frame-000171.color.png 0.999981 0.000378641 0.00616975 0.00162338 -0.000455016 0.999923 0.0123808 -0.0388348 -0.00616455 -0.0123834 0.999904 0.00498179 0.0 0.0 0.0 1.0
pumpkin/seq-06/color/frame-000170.color.png pumpkin/seq-06/color/frame-000172.color.png 0.999985 -0.00390558 0.0038429 -0.0018021 0.00392285 0.999982 -0.00450564 -0.00538057 -0.00382519 0.00452055 0.999983 0.0148981 0.0 0.0 0.0 1.0
