pumpkin/seq-06/color/frame-000000.color.png pumpkin/seq-06/color/frame-000003.color.png 0.999999 0.000217617 0.0016625 1.28567e-05 -0.000218951 1.0 0.000802212 0.00405119 -0.00166232 -0.000802575 0.999998 -0.000335485 0.0 0.0 0.0 1.0
pumpkin/seq-06/color/frame-000001.color.png pumpkin/seq-06/color/frame-000004.color.png 0.999997 -0.00141555 0.00190021 0.00150696 0.00140962 0.999994 0.00311817 0.00207406 -0.00190461 -0.00311549 0.999993 0.00134497 0.0 0.0 0.0 1.0
pumpkin/seq-06/color/frame-000002.color.png pumpkin/seq-06/color/frame-000005.color.png 0.999991 -0.00296891 0.00290826 0.000326076 0.00295326 0.999981 0.00537093 -0.00585099 -0.00292415 -0.00536229 0.999981 0.00477884 0.0 0.0 0.0 1.0
pumpkin/seq-06/color/frame-000003.color.png pumpkin/seq-06/color/frame-000006.color.png 0.999992 -0.00372858 0.00156033 0.000426145 0.00372704 0.999993 0.000987902 -0.00561714 -0.001564 -0.000982078 0.999998 0.00541059 0.0 0.0 0.0 1.0
pumpkin/seq-06/color/frame-000004.color.png pumpkin/seq-06/color/frame-000007.color.png 0.999993 -0.00364023 0.000750834 -0.000258841 0.00364297 0.999987 -0.00367739 -0.00357306 -0.000737437 0.0036801 0.999993 0.00486424 0.0 0.0 0.0 1.0
pumpkin/seq-06/color/frame-000005.color.png pumpkin/seq-06/color/frame-000008.color.png 0.999996 -0.00291157 -0.000290748 8.68152e-05 0.00290927 0.999967 -0.00761361 0.00116998 0.000312906 0.00761273 0.999971 0.00235726 0.0 0.0 0.0 1.0
pumpkin/seq-06/color/frame-000006.color.png pumpkin/seq-06/color/frame-000009.color.png 0.999998 -0.00219907 0.000260253 -0.000630909 0.00220099 0.999969 -0.00761696 0.00293114 -0.000243494 0.00761752 0.999971 0.00364202 0.0 0.0 0.0 1.0
pumpkin/seq-06/color/frame-000007.color.png pumpkin/seq-06/color/frame-000010.color.png 1.0 -0.000772551 -0.000283892 0.00117702 0.000771302 0.99999 -0.00437342 -0.00035223 0.000287268 0.0043732 0.99999 0.0040562 0.0 0.0 0.0 1.0
pumpkin/seq-06/color/frame-000008.color.png pumpkin/seq-06/color/frame-000011.color.png 1.0 -0.000526607 0.00057921 0.00211866 0.000528434 0.999995 -0.00315751 -0.00504252 -0.000577544 0.00315782 0.999995 0.00686117 0.0 0.0 0.0 1.0
pumpkin/seq-06/color/frame-000009.color.png pumpkin/seq-06/color/frame-000012.color.png 0.999991 -0.00266045 0.00327308 0.000244961 0.0026811 0.999976 -0.00632057 -0.0110752 -0.00325619 0.00632929 0.999975 0.00870666 0.0 0.0 0.0 1.0
pumpkin/seq-06/color/frame-000010.color.png pumpkin/seq-06/color/frame-000013.color.png 0.99995 -0.00966403 0.00274083 -0.00129091 0.00970737 0.999821 -0.0162659 -0.00568388 -0.00258314 0.0162917 0.999864 0.00755982 0.0 0.0 0.0 1.0
pumpkin/seq-06/color/frame-000011.color.png pumpkin/seq-06/color/frame-000014.color.png 0.999911 -0.0133167 -0.000885232 -0.00231179 0.0132929 0.999649 -0.0228969 0.00455543 0.00118983 0.0228831 0.999737 0.00700653 0.0 0.0 0.0 1.0
pumpkin/seq-06/color/frame-000012.color.png pumpkin/seq-06/color/frame-000015.color.png 0.999909 -0.0121595 -0.00580981 -0.000308233 0.0120335 0.999702 -0.0212485 0.0106435 0.00606645 0.0211766 0.999757 0.00637129 0.0 0.0 0.0 1.0
pumpkin/seq-06/color/frame-000013.color.png pumpkin/seq-06/color/frame-000016.color.png 0.999952 -0.00724351 -0.00654948 0.000731982 0.00715319 0.99988 -0.0137107 0.00857159 0.00664801 0.0136632 0.999885 0.0104015 0.0 0.0 0.0 1.0
pumpkin/seq-06/color/frame-000014.color.png pumpkin/seq-06/color/frame-000017.color.png 0.999975 -0.00542768 -0.00451322 0.000159811 0.0053951 0.99996 -0.00719799 0.00349116 0.0045521 0.00717346 0.999964 0.010757 0.0 0.0 0.0 1.0
pumpkin/seq-06/color/frame-000015.color.png pumpkin/seq-06/color/frame-000018.color.png 0.999979 -0.00499249 -0.00419749 0.00227572 0.00497442 0.999978 -0.00430449 -0.00312902 0.00421889 0.00428352 0.999982 0.0145987 0.0 0.0 0.0 1.0
pumpkin/seq-06/color/frame-000016.color.png pumpkin/seq-06/color/frame-000019.color.png 0.999986 -0.00436465 -0.00297828 -0.00200092 0.00434161 0.999961 -0.00769761 -0.0103057 0.00301176 0.00768457 0.999966 0.0180438 0.0 0.0 0.0 1.0
pumpkin/seq-06/color/frame-000017.color.png pumpkin/seq-06/color/frame-000020.color.png 0.999966 -0.0077665 -0.00293674 -0.00353701 0.00770493 0.999762 -0.0204238 -0.000556991 0.00309466 0.0204005 0.999787 0.0183662 0.0 0.0 0.0 1.0
pumpkin/seq-06/color/frame-000018.color.png pumpkin/seq-06/color/frame-000021.color.png 0.999922 -0.012047 -0.00314955 -0.00187618 0.0119647 0.999617 -0.0249575 0.00488492 0.00344901 0.0249179 0.999683 0.0162322 0.0 0.0 0.0 1.0
pumpkin/seq-06/color/frame-000019.color.png pumpkin/seq-06/color/frame-000022.color.png 0.999849 -0.0171813 -0.00260574 -0.000579032 0.0171113 0.999545 -0.0248435 0.0155703 0.00303139 0.0247952 0.999688 0.0133566 0.0 0.0 0.0 1.0
pumpkin/seq-06/color/frame-000020.color.png pumpkin/seq-06/color/frame-000023.color.png 0.999856 -0.016867 -0.0018927 -0.000267479 0.0168392 0.999762 -0.0138543 0.00775453 0.00212593 0.0138204 0.999902 0.0147555 0.0 0.0 0.0 1.0
pumpkin/seq-06/color/frame-000021.color.png pumpkin/seq-06/color/frame-000024.color.png 0.999923 -0.0122206 -0.00208589 -0.00171604 0.0122061 0.999902 -0.00683465 0.00241666 0.00216921 0.00680865 0.999975 0.0148557 0.0 0.0 0.0 1.0
pumpkin/seq-06/color/frame-000022.color.png pumpkin/seq-06/color/frame-000025.color.png 0.999969 -0.00757434 -0.002364 -0.00375451 0.00756769 0.999967 -0.00280726 0.001349 0.00238518 0.00278928 0.999993 0.0165767 0.0 0.0 0.0 1.0
pumpkin/seq-06/color/frame-000023.color.png pumpkin/seq-06/color/frame-000026.color.png 0.999965 -0.00737904 -0.00382768 -0.00286888 0.00737806 0.999973 -0.000268303 0.000810522 0.00382956 0.000240048 0.999993 0.0186319 0.0 0.0 0.0 1.0
pumpkin/seq-06/color/frame-000024.color.png pumpkin/seq-06/color/frame-000027.color.png 0.999984 -0.00486535 -0.00280633 -0.00289469 0.00487211 0.999985 0.00240286 -0.0023052 0.0027946 -0.0024165 0.999993 0.0139559 0.0 0.0 0.0 1.0
pumpkin/seq-06/color/frame-000025.color.png pumpkin/seq-06/color/frame-000028.color.png 0.999986 -0.00488021 -0.00213295 -0.00126998 0.0048857 0.999985 0.00256766 -0.00629076 0.00212039 -0.00257804 0.999994 0.0146521 0.0 0.0 0.0 1.0
pumpkin/seq-06/color/frame-000026.color.png pumpkin/seq-06/color/frame-000029.color.png 0.999996 -0.00246411 -0.00162063 0.00043103 0.00246732 0.999995 0.00198353 -0.0131008 0.00161574 -0.00198752 0.999997 0.0144705 0.0 0.0 0.0 1.0
pumpkin/seq-06/color/frame-000027.color.png pumpkin/seq-06/color/frame-000030.color.png 0.999989 -0.00473899 0.000107411 -0.00361314 0.00473948 0.999975 -0.00531973 -0.00864661 -8.22003e-05 0.00532015 0.999986 0.0195642 0.0 0.0 0.0 1.0
pumpkin/seq-06/color/frame-000028.color.png pumpkin/seq-06/color/frame-000031.color.png 0.999959 -0.00895551 0.00138391 -0.00467334 0.00896651 0.999927 -0.00815329 -0.00969986 -0.00131079 0.00816537 0.999966 0.0178893 0.0 0.0 0.0 1.0
pumpkin/seq-06/color/frame-000029.color.png pumpkin/seq-06/color/frame-000032.color.png 0.999876 -0.0152371 0.00390559 -0.00687699 0.0152851 0.999804 -0.0125751 -0.00311665 -0.00371322 0.0126333 0.999913 0.0147336 0.0 0.0 0.0 1.0
pumpkin/seq-06/color/frame-000030.color.png pumpkin/seq-06/color/frame-000033.color.png 0.999804 -0.019306 0.00449701 -0.00459384 0.0193558 0.999749 -0.011305 -0.00790537 -0.00427763 0.0113898 0.999926 0.015592 0.0 0.0 0.0 1.0
pumpkin/seq-06/color/frame-000031.color.png pumpkin/seq-06/color/frame-000034.color.png 0.999872 -0.0152614 0.00483694 -0.00499289 0.0153364 0.999756 -0.01587 -0.00656489 -0.00459356 0.0159421 0.999862 0.0155125 0.0 0.0 0.0 1.0
pumpkin/seq-06/color/frame-000032.color.png pumpkin/seq-06/color/frame-000035.color.png 0.999956 -0.00824043 0.00450099 -0.00670473 0.00828575 0.999914 -0.0101458 -0.00929074 -0.004417 0.0101827 0.999938 0.0103771 0.0 0.0 0.0 1.0
pumpkin/seq-06/color/frame-000033.color.png pumpkin/seq-06/color/frame-000036.color.png 0.999996 -0.00272413 0.00109095 -0.00619228 0.00273943 0.999894 -0.0142784 -0.00571812 -0.00105194 0.0142814 0.999898 0.00971573 0.0 0.0 0.0 1.0
pumpkin/seq-06/color/frame-000034.color.png pumpkin/seq-06/color/frame-000037.color.png 0.999999 -0.000842189 -0.00127863 -0.00345255 0.000821973 0.999876 -0.01572 0.00506599 0.00129171 0.0157189 0.999876 0.00753652 0.0 0.0 0.0 1.0
pumpkin/seq-06/color/frame-000035.color.png pumpkin/seq-06/color/frame-000038.color.png 0.999999 -0.00112628 0.000306627 -0.00332017 0.0011315 0.999845 -0.0175562 0.00430214 -0.000286806 0.0175565 0.999846 0.0120479 0.0 0.0 0.0 1.0
pumpkin/seq-06/color/frame-000036.color.png pumpkin/seq-06/color/frame-000039.color.png 0.999981 -0.00210914 0.00577378 -0.00600572 0.00217443 0.999933 -0.0113243 0.00039668 -0.00574951 0.0113367 0.999919 0.0116277 0.0 0.0 0.0 1.0
pumpkin/seq-06/color/frame-000037.color.png pumpkin/seq-06/color/frame-000040.color.png 0.999932 -0.0039929 0.0109674 -0.0102783 0.00407913 0.999961 -0.00784989 -0.0103399 -0.0109356 0.00789406 0.999909 0.0119518 0.0 0.0 0.0 1.0
pumpkin/seq-06/color/frame-000038.color.png pumpkin/seq-06/color/frame-000041.color.png 0.99989 -0.00785206 0.0125607 -0.012733 0.00801042 0.999888 -0.0126073 -0.0160834 -0.0124603 0.0127065 0.999842 0.0138398 0.0 0.0 0.0 1.0
pumpkin/seq-06/color/frame-000039.color.png pumpkin/seq-06/color/frame-000042.color.png 0.999884 -0.00809144 0.0129104 -0.0167608 0.00836352 0.999741 -0.0211621 -0.00792559 -0.0127359 0.0212676 0.999693 0.0111001 0.0 0.0 0.0 1.0
pumpkin/seq-06/color/frame-000040.color.png pumpkin/seq-06/color/frame-000043.color.png 0.999958 -0.00571059 0.00719671 -0.00871752 0.00584019 0.999819 -0.0181182 -0.000307782 -0.00709195 0.0181595 0.99981 0.00840965 0.0 0.0 0.0 1.0
pumpkin/seq-06/color/frame-000041.color.png pumpkin/seq-06/color/frame-000044.color.png 0.999936 -0.00605933 0.00953763 -0.0149503 0.00620992 0.999855 -0.0158402 -0.000224113 -0.00944027 0.0158985 0.999829 0.00474198 0.0 0.0 0.0 1.0
pumpkin/seq-06/color/frame-000042.color.png pumpkin/seq-06/color/frame-000045.color.png 0.999933 -0.0100414 0.00575492 -0.00482801 0.0101277 0.999834 -0.0151724 0.00224034 -0.00560161 0.0152297 0.999868 0.00616711 0.0 0.0 0.0 1.0
pumpkin/seq-06/color/frame-000043.color.png pumpkin/seq-06/color/frame-000046.color.png 0.999844 -0.0161145 0.00728044 -0.00634989 0.0163053 0.999504 -0.0269502 0.00780197 -0.00684254 0.0270647 0.99961 0.0113503 0.0 0.0 0.0 1.0
pumpkin/seq-06/color/frame-000044.color.png pumpkin/seq-06/color/frame-000047.color.png 0.999882 -0.0144342 0.00527715 -0.00541068 0.014575 0.99951 -0.0276987 0.00944081 -0.00487475 0.0277723 0.999602 0.0108747 0.0 0.0 0.0 1.0
pumpkin/seq-06/color/frame-000045.color.png pumpkin/seq-06/color/frame-000048.color.png 0.999943 -0.00870843 0.00621179 -0.0105787 0.00885777 0.999662 -0.0244331 0.00571403 -0.00599691 0.0244867 0.999682 0.0120462 0.0 0.0 0.0 1.0
pumpkin/seq-06/color/frame-000046.color.png pumpkin/seq-06/color/frame-000049.color.png 0.999987 0.000300531 0.00500522 -0.00772898 -0.000199417 0.999796 -0.0201915 0.000195386 -0.00501026 0.0201902 0.999784 0.0106804 0.0 0.0 0.0 1.0
pumpkin/seq-06/color/frame-000047.color.png pumpkin/seq-06/color/frame-000050.color.png 0.999971 0.0050111 0.00569023 -0.0123159 -0.00489788 0.999793 -0.0197371 -0.00617444 -0.00578795 0.0197086 0.999789 0.0121591 0.0 0.0 0.0 1.0
pumpkin/seq-06/color/frame-000048.color.png pumpkin/seq-06/color/frame-000051.color.png 0.999967 0.00692557 0.00425761 -0.0110967 -0.00685346 0.999837 -0.0167265 -0.0183357 -0.00437275 0.0166967 0.999851 0.0127784 0.0 0.0 0.0 1.0
pumpkin/seq-06/color/frame-000049.color.png pumpkin/seq-06/color/frame-000052.color.png 0.999957 0.0041961 0.00831181 -0.0199387 -0.00403636 0.999809 -0.0191424 -0.00827063 -0.00839054 0.019108 0.999782 0.0120529 0.0 0.0 0.0 1.0
pumpkin/seq-06/color/frame-000050.color.png pumpkin/seq-06/color/frame-000053.color.png 0.99999 0.00223709 0.00397676 -0.00716093 -0.00218966 0.999927 -0.0118936 -0.00339534 -0.00400307 0.0118848 0.999921 0.00872624 0.0 0.0 0.0 1.0
pumpkin/seq-06/color/frame-000051.color.png pumpkin/seq-06/color/frame-000054.color.png 0.999973 -0.00214344 0.00696164 -0.0112818 0.00222251 0.999933 -0.0113702 -0.00216235 -0.0069368 0.0113854 0.999911 0.00541535 0.0 0.0 0.0 1.0
pumpkin/seq-06/color/frame-000052.color.png pumpkin/seq-06/color/frame-000055.color.png 0.999986 -0.00352942 0.00407134 -0.00458876 0.0035679 0.999949 -0.0094793 -0.0130597 -0.00403767 0.00949365 0.999947 0.0055674 0.0 0.0 0.0 1.0
pumpkin/seq-06/color/frame-000053.color.png pumpkin/seq-06/color/frame-000056.color.png 0.999957 -0.00373962 0.00847241 -0.0119864 0.00388473 0.999845 -0.017176 -0.0120743 -0.00840687 0.0172081 0.999817 0.0102401 0.0 0.0 0.0 1.0
pumpkin/seq-06/color/frame-000054.color.png pumpkin/seq-06/color/frame-000057.color.png 0.999952 -0.00270988 0.00944064 -0.0148387 0.00290066 0.999791 -0.0202547 -0.00856689 -0.00938378 0.0202812 0.99975 0.0119385 0.0 0.0 0.0 1.0
pumpkin/seq-06/color/frame-000055.color.png pumpkin/seq-06/color/frame-000058.color.png 0.999984 -0.00164168 0.00543766 -0.00984982 0.0017761 0.999691 -0.0248031 -0.000737943 -0.00539525 0.0248124 0.999678 0.014584 0.0 0.0 0.0 1.0
pumpkin/seq-06/color/frame-000056.color.png pumpkin/seq-06/color/frame-000059.color.png 0.999993 0.000808181 0.00360028 -0.00614206 -0.000721956 0.999714 -0.0238904 -0.010685 -0.00361857 0.0238876 0.999708 0.0111835 0.0 0.0 0.0 1.0
pumpkin/seq-06/color/frame-000057.color.png pumpkin/seq-06/color/frame-000060.color.png 0.999984 0.00169532 0.00533524 -0.00265469 -0.00154897 0.999626 -0.0273148 0.00256065 -0.00537956 0.0273061 0.999613 0.011249 0.0 0.0 0.0 1.0
pumpkin/seq-06/color/frame-000058.color.png pumpkin/seq-06/color/frame-000061.color.png 0.999879 -0.00283276 0.0153007 -0.0188322 0.00310132 0.999841 -0.0175591 -0.0106059 -0.0152486 0.0176045 0.999729 0.00653978 0.0 0.0 0.0 1.0
pumpkin/seq-06/color/frame-000059.color.png pumpkin/seq-06/color/frame-000062.color.png 0.999863 -0.00574141 0.0155102 -0.0174497 0.0060057 0.999837 -0.0170457 -0.00420107 -0.0154098 0.0171365 0.999734 0.00938953 0.0 0.0 0.0 1.0
pumpkin/seq-06/color/frame-000060.color.png pumpkin/seq-06/color/frame-000063.color.png 0.999853 -0.00898087 0.0146274 -0.0225324 0.00915955 0.999884 -0.0121936 -0.0198773 -0.0145162 0.0123257 0.999819 0.00633164 0.0 0.0 0.0 1.0
pumpkin/seq-06/color/frame-000061.color.png pumpkin/seq-06/color/frame-000064.color.png 0.99995 -0.00698043 0.00713562 -0.00843646 0.0071159 0.999791 -0.0191381 -0.00681982 -0.00700053 0.0191879 0.999792 0.00907175 0.0 0.0 0.0 1.0
pumpkin/seq-06/color/frame-000062.color.png pumpkin/seq-06/color/frame-000065.color.png 0.999962 -0.00260462 0.00836019 -0.00994979 0.002816 0.999674 -0.0253722 0.00191644 -0.00829139 0.0253948 0.999643 0.0132818 0.0 0.0 0.0 1.0
pumpkin/seq-06/color/frame-000063.color.png pumpkin/seq-06/color/frame-000066.color.png 0.999952 -0.000111918 0.00980441 -0.0144368 0.000338953 0.999732 -0.0231594 -0.00636284 -0.00979918 0.0231616 0.999684 0.00905982 0.0 0.0 0.0 1.0
pumpkin/seq-06/color/frame-000064.color.png pumpkin/seq-06/color/frame-000067.color.png 0.999977 0.00132664 0.00661512 -0.00804581 -0.00113638 0.999588 -0.0286813 0.001276 -0.00665046 0.0286732 0.999567 0.00895934 0.0 0.0 0.0 1.0
pumpkin/seq-06/color/frame-000065.color.png pumpkin/seq-06/color/frame-000068.color.png 0.99998 0.00107103 0.00618859 -0.00648496 -0.000910148 0.999663 -0.0259431 -0.00707197 -0.00621427 0.0259369 0.999644 0.00669061 0.0 0.0 0.0 1.0
pumpkin/seq-06/color/frame-000066.color.png pumpkin/seq-06/color/frame-000069.color.png 0.999993 -0.00158392 0.00349167 -1.96993e-05 0.00165581 0.999785 -0.0206771 -0.0190085 -0.00345819 0.0206828 0.99978 0.000865087 0.0 0.0 0.0 1.0
pumpkin/seq-06/color/frame-000067.color.png pumpkin/seq-06/color/frame-000070.color.png 0.999937 -0.001795 0.0110405 -0.0124782 0.00198478 0.99985 -0.0172012 -0.0240344 -0.011008 0.017222 0.999791 -0.00253424 0.0 0.0 0.0 1.0
pumpkin/seq-06/color/frame-000068.color.png pumpkin/seq-06/color/frame-000071.color.png 0.999922 -0.00431586 0.0116984 -0.0100097 0.00460223 0.999688 -0.0245629 -0.00687727 -0.0115888 0.0246148 0.99963 0.00442585 0.0 0.0 0.0 1.0
pumpkin/seq-06/color/frame-000069.color.png pumpkin/seq-06/color/frame-000072.color.png 0.999951 -0.00160025 0.00973353 -0.00801647 0.00178955 0.999809 -0.0194701 0.00269845 -0.00970052 0.0194866 0.999763 0.00851011 0.0 0.0 0.0 1.0
pumpkin/seq-06/color/frame-000070.color.png pumpkin/seq-06/color/frame-000073.color.png 0.999903 -0.00397313 0.0133447 -0.0147771 0.00419197 0.999857 -0.0164141 -0.00315398 -0.0132776 0.0164684 0.999776 0.00324656 0.0 0.0 0.0 1.0
pumpkin/seq-06/color/frame-000071.color.png pumpkin/seq-06/color/frame-000074.color.png 0.999972 -0.00169013 0.00734674 -0.00250658 0.00175548 0.999959 -0.00890279 -0.0167925 -0.00733139 0.00891548 0.999933 -0.00413868 0.0 0.0 0.0 1.0
pumpkin/seq-06/color/frame-000072.color.png pumpkin/seq-06/color/frame-000075.color.png 0.99989 0.000942293 0.0148252 -0.0109236 -0.000654278 0.999811 -0.0194215 -0.0107122 -0.0148407 0.0194097 0.999701 -0.000896066 0.0 0.0 0.0 1.0
pumpkin/seq-06/color/frame-000073.color.png pumpkin/seq-06/color/frame-000076.color.png 0.999902 0.00568998 0.0128 -0.00643051 -0.00540599 0.999741 -0.0221125 -0.00640421 -0.0129225 0.0220412 0.999673 0.00466284 0.0 0.0 0.0 1.0
pumpkin/seq-06/color/frame-000074.color.png pumpkin/seq-06/color/frame-000077.color.png 0.999817 0.00599017 0.0181668 -0.0163883 -0.00570021 0.999856 -0.015972 -0.0203457 -0.0182598 0.0158656 0.999707 -0.00226867 0.0 0.0 0.0 1.0
pumpkin/seq-06/color/frame-000075.color.png pumpkin/seq-06/color/frame-000078.color.png 0.999846 0.00226119 0.0173909 -0.0107624 -0.00183977 0.999705 -0.0242097 -0.00794312 -0.0174405 0.024174 0.999556 0.00344013 0.0 0.0 0.0 1.0
pumpkin/seq-06/color/frame-000076.color.png pumpkin/seq-06/color/frame-000079.color.png 0.999838 0.000309719 0.0179868 -0.0097547 6.8971e-05 0.999778 -0.0210484 -0.01737 -0.0179894 0.0210463 0.999617 -0.00455585 0.0 0.0 0.0 1.0
pumpkin/seq-06/color/frame-000077.color.png pumpkin/seq-06/color/frame-000080.color.png 0.999874 0.000202134 0.0158648 -0.00327276 0.000297333 0.999505 -0.031472 0.0031826 -0.0158634 0.0314728 0.999379 0.00199109 0.0 0.0 0.0 1.0
pumpkin/seq-06/color/frame-000078.color.png pumpkin/seq-06/color/frame-000081.color.png 0.999867 0.000686772 0.0163078 -0.00946271 -0.000429461 0.999875 -0.0157782 -0.0278312 -0.0163166 0.0157691 0.999743 -0.0109607 0.0 0.0 0.0 1.0
pumpkin/seq-06/color/frame-000079.color.png pumpkin/seq-06/color/frame-000082.color.png 0.999906 0.00166577 0.0135818 -0.00650927 -0.00131583 0.999668 -0.0257371 0.000581205 -0.0136202 0.0257168 0.999576 0.000946179 0.0 0.0 0.0 1.0
pumpkin/seq-06/color/frame-000080.color.png pumpkin/seq-06/color/frame-000083.color.png 0.99992 0.000880389 0.0125861 -0.00818399 -0.000625778 0.999795 -0.0202197 -0.00574161 -0.0126013 0.0202102 0.999716 0.00146471 0.0 0.0 0.0 1.0
pumpkin/seq-06/color/frame-000081.color.png pumpkin/seq-06/color/frame-000084.color.png 0.999887 0.00251093 0.0148219 -0.00736095 -0.002286 0.999882 -0.015174 -0.0101062 -0.0148582 0.0151383 0.999775 -0.00242527 0.0 0.0 0.0 1.0
pumpkin/seq-06/color/frame-000082.color.png pumpkin/seq-06/color/frame-000085.color.png 0.999839 0.0032654 0.0176286 -0.00913601 -0.00305416 0.999923 -0.0119946 -0.016895 -0.0176664 0.0119388 0.999773 -0.00808141 0.0 0.0 0.0 1.0
pumpkin/seq-06/color/frame-000083.color.png pumpkin/seq-06/color/frame-000086.color.png 0.999854 0.0041363 0.0165839 -0.00673078 -0.00379013 0.999775 -0.0208506 0.000551224 -0.0166664 0.0207847 0.999645 0.00238931 0.0 0.0 0.0 1.0
pumpkin/seq-06/color/frame-000084.color.png pumpkin/seq-06/color/frame-000087.color.png 0.999907 0.00275531 0.013371 -0.00598337 -0.00250585 0.999823 -0.0186365 -0.00729498 -0.01342 0.0186013 0.999737 -0.00161998 0.0 0.0 0.0 1.0
pumpkin/seq-06/color/frame-000085.color.png pumpkin/seq-06/color/frame-000088.color.png 0.999914 0.00408362 0.0124836 -0.00495765 -0.00392866 0.999915 -0.0124152 -0.0177572 -0.0125332 0.012365 0.999845 -0.00443541 0.0 0.0 0.0 1.0
pumpkin/seq-06/color/frame-000086.color.png pumpkin/seq-06/color/frame-000089.color.png 0.99994 0.00286295 0.0105745 -0.00348833 -0.00275159 0.999941 -0.0105331 -0.0152593 -0.010604 0.0105034 0.999889 -0.0106792 0.0 0.0 0.0 1.0
pumpkin/seq-06/color/frame-000087.color.png pumpkin/seq-06/color/frame-000090.color.png 0.999958 0.00337456 0.00846175 0.000113651 -0.00326605 0.999913 -0.0128057 -0.00880246 -0.00850423 0.0127775 0.999882 -0.00657307 0.0 0.0 0.0 1.0
pumpkin/seq-06/color/frame-000088.color.png pumpkin/seq-06/color/frame-000091.color.png 0.999966 0.00199078 0.00803448 -0.00286685 -0.00186576 0.999878 -0.0155377 -0.00624178 -0.00806446 0.0155223 0.999847 -0.00194192 0.0 0.0 0.0 1.0
pumpkin/seq-06/color/frame-000089.color.png pumpkin/seq-06/color/frame-000092.color.png 0.999936 0.00106499 0.0112521 -0.00945747 -0.000920532 0.999917 -0.0128341 -0.0184647 -0.0112649 0.012823 0.999854 -0.00597009 0.0 0.0 0.0 1.0
pumpkin/seq-06/color/frame-000090.color.png pumpkin/seq-06/color/frame-000093.color.png 0.999945 0.00369433 0.00978044 -0.00360055 -0.00344599 0.999674 -0.0252855 0.00645131 -0.00987067 0.0252504 0.999632 0.00539213 0.0 0.0 0.0 1.0
pumpkin/seq-06/color/frame-000091.color.png pumpkin/seq-06/color/frame-000094.color.png 0.999961 0.00332492 0.00812327 -0.00135776 -0.00315281 0.999772 -0.0211058 -0.00124446 -0.00819161 0.0210794 0.999744 -0.00144337 0.0 0.0 0.0 1.0
pumpkin/seq-06/color/frame-000092.color.png pumpkin/seq-06/color/frame-000095.color.png 0.999954 0.00437959 0.00847108 -0.00148889 -0.00426672 0.999902 -0.0132972 -0.0116359 -0.00852847 0.0132603 0.999876 -0.00909577 0.0 0.0 0.0 1.0
pumpkin/seq-06/color/frame-000093.color.png pumpkin/seq-06/color/frame-000096.color.png 0.999943 0.00666057 0.00835177 0.00110327 -0.00655441 0.999898 -0.0126728 -0.012187 -0.00843534 0.0126174 0.999885 -0.00815572 0.0 0.0 0.0 1.0
pumpkin/seq-06/color/frame-000094.color.png pumpkin/seq-06/color/frame-000097.color.png 0.999912 0.00806275 0.0105291 -0.00280906 -0.0078757 0.999813 -0.017688 -0.00499655 -0.0106697 0.0176034 0.999788 -0.00162286 0.0 0.0 0.0 1.0
pumpkin/seq-06/color/frame-000095.color.png pumpkin/seq-06/color/frame-000098.color.png 0.999864 0.0106642 0.0126115 -0.00636673 -0.0104189 0.999758 -0.0193546 -0.00495186 -0.0128148 0.0192206 0.999733 -0.00150986 0.0 0.0 0.0 1.0
pumpkin/seq-06/color/frame-000096.color.png pumpkin/seq-06/color/frame-000099.color.png 0.999878 0.00975253 0.01223 -0.00716053 -0.00946315 0.999679 -0.0235 0.000950843 -0.0124552 0.0233813 0.999649 0.00245638 0.0 0.0 0.0 1.0
pumpkin/seq-06/color/frame-000097.color.png pumpkin/seq-06/color/frame-000100.color.png 0.999892 0.0100159 0.0107889 -0.00434944 -0.00976657 0.99969 -0.0229164 -0.00354929 -0.0110151 0.0228085 0.999679 -0.000857651 0.0 0.0 0.0 1.0
pumpkin/seq-06/color/frame-000098.color.png pumpkin/seq-06/color/frame-000101.color.png 0.999919 0.0113158 0.0058418 0.00504765 -0.011188 0.999707 -0.0214601 -0.00984278 -0.00608295 0.021393 0.999753 -0.0041891 0.0 0.0 0.0 1.0
pumpkin/seq-06/color/frame-000099.color.png pumpkin/seq-06/color/frame-000102.color.png 0.999899 0.0120653 0.00754713 -0.000877872 -0.011879 0.999635 -0.02426 -0.00318781 -0.0078371 0.0241679 0.999677 -0.00233079 0.0 0.0 0.0 1.0
pumpkin/seq-06/color/frame-000100.color.png pumpkin/seq-06/color/frame-000103.color.png 0.999842 0.0148801 0.00976463 4.36604e-05 -0.0146977 0.999721 -0.0184968 -0.0154628 -0.0100372 0.0183504 0.999781 -0.00928542 0.0 0.0 0.0 1.0
pumpkin/seq-06/color/frame-000101.color.png pumpkin/seq-06/color/frame-000104.color.png 0.999878 0.0128651 0.00884925 0.00170088 -0.0126377 0.9996 -0.0252948 0.00141755 -0.00917112 0.0251798 0.999641 -0.00294167 0.0 0.0 0.0 1.0
pumpkin/seq-06/color/frame-000102.color.png pumpkin/seq-06/color/frame-000105.color.png 0.99992 0.0110159 0.00622489 0.00482315 -0.010881 0.999714 -0.0212949 -0.00870901 -0.00645768 0.0212256 0.999754 -0.006332 0.0 0.0 0.0 1.0
pumpkin/seq-06/color/frame-000103.color.png pumpkin/seq-06/color/frame-000106.color.png 0.999899 0.0119624 0.00768178 0.00159395 -0.0118006 0.999715 -0.0207727 -0.00554079 -0.00792805 0.0206798 0.999755 -0.00844242 0.0 0.0 0.0 1.0
pumpkin/seq-06/color/frame-000104.color.png pumpkin/seq-06/color/frame-000107.color.png 0.999884 0.0103064 0.0111748 -0.0018983 -0.01018 0.999884 -0.0113104 -0.0207794 -0.0112901 0.0111954 0.999874 -0.0167516 0.0 0.0 0.0 1.0
pumpkin/seq-06/color/frame-000105.color.png pumpkin/seq-06/color/frame-000108.color.png 0.999887 0.00763057 0.0129768 -0.00303368 -0.00743398 0.999858 -0.0151317 -0.00597146 -0.0130904 0.0150333 0.999801 -0.00924319 0.0 0.0 0.0 1.0
pumpkin/seq-06/color/frame-000106.color.png pumpkin/seq-06/color/frame-000109.color.png 0.99992 0.00401661 0.0119546 -0.00399165 -0.00380241 0.999833 -0.0178844 -0.00139993 -0.0120245 0.0178376 0.999768 -0.00573012 0.0 0.0 0.0 1.0
pumpkin/seq-06/color/frame-000107.color.png pumpkin/seq-06/color/frame-000110.color.png 0.999945 0.00521254 0.00908659 -0.00267671 -0.00498688 0.999683 -0.0246842 0.00630891 -0.00921238 0.0246376 0.999654 -1.63764e-05 0.0 0.0 0.0 1.0
pumpkin/seq-06/color/frame-000108.color.png pumpkin/seq-06/color/frame-000111.color.png 0.999929 0.00844235 0.00836856 -0.00231598 -0.00827627 0.999772 -0.0196828 -0.0103968 -0.00853286 0.0196122 0.999771 -0.00961131 0.0 0.0 0.0 1.0
pumpkin/seq-06/color/frame-000109.color.png pumpkin/seq-06/color/frame-000112.color.png 0.999883 0.0126676 0.00860611 0.00384197 -0.0125297 0.999795 -0.0158899 -0.0170033 -0.00880563 0.0157803 0.999837 -0.0159632 0.0 0.0 0.0 1.0
pumpkin/seq-06/color/frame-000110.color.png pumpkin/seq-06/color/frame-000113.color.png 0.999888 0.00828432 0.0124923 -0.00338806 -0.00813558 0.999896 -0.0119105 -0.0191247 -0.0125897 0.0118076 0.999851 -0.0162227 0.0 0.0 0.0 1.0
pumpkin/seq-06/color/frame-000111.color.png pumpkin/seq-06/color/frame-000114.color.png 0.999926 0.0051924 0.0109824 -0.00543524 -0.00507274 0.999928 -0.0108964 -0.0200809 -0.0110382 0.0108398 0.99988 -0.0140237 0.0 0.0 0.0 1.0
pumpkin/seq-06/color/frame-000112.color.png pumpkin/seq-06/color/frame-000115.color.png 0.999931 0.00999725 0.00614036 0.0034119 -0.00988017 0.999774 -0.0188149 -0.00272539 -0.00632706 0.0187528 0.999804 -0.00828525 0.0 0.0 0.0 1.0
pumpkin/seq-06/color/frame-000113.color.png pumpkin/seq-06/color/frame-000116.color.png 0.999885 0.0105964 0.0108083 -0.00425158 -0.0103924 0.99977 -0.0187531 -0.00410211 -0.0110046 0.0186386 0.999766 -0.00908821 0.0 0.0 0.0 1.0
pumpkin/seq-06/color/frame-000114.color.png pumpkin/seq-06/color/frame-000117.color.png 0.999888 0.0100154 0.0110888 -0.000162825 -0.009884 0.999881 -0.0118413 -0.0126168 -0.011206 0.0117304 0.999868 -0.0151927 0.0 0.0 0.0 1.0
pumpkin/seq-06/color/frame-000115.color.png pumpkin/seq-06/color/frame-000118.color.png 0.999893 0.00684842 0.0128956 -0.00532101 -0.0066443 0.999853 -0.0158033 -5.09024e-05 -0.0130019 0.015716 0.999792 -0.0101494 0.0 0.0 0.0 1.0
pumpkin/seq-06/color/frame-000116.color.png pumpkin/seq-06/color/frame-000119.color.png 0.999957 0.00656376 0.00650824 0.00502102 -0.00646328 0.999861 -0.0153441 0.00293112 -0.00660805 0.0153013 0.999861 -0.00866766 0.0 0.0 0.0 1.0
pumpkin/seq-06/color/frame-000117.color.png pumpkin/seq-06/color/frame-000120.color.png 0.999981 0.00362785 0.00506249 0.00215122 -0.00355693 0.999897 -0.0139449 0.00564936 -0.0051126 0.0139267 0.99989 -0.0106639 0.0 0.0 0.0 1.0
pumpkin/seq-06/color/frame-000118.color.png pumpkin/seq-06/color/frame-000121.color.png 0.999989 0.0005765 0.00462161 0.000161126 -0.000565937 0.999997 -0.00229525 -0.0139428 -0.00462294 0.00229262 0.999987 -0.0150052 0.0 0.0 0.0 1.0
pumpkin/seq-06/color/frame-000119.color.png pumpkin/seq-06/color/frame-000122.color.png 0.999983 0.00159654 0.00567778 -0.000465915 -0.00157049 0.999988 -0.00459401 -0.00760946 -0.00568506 0.00458492 0.999973 -0.0161998 0.0 0.0 0.0 1.0
pumpkin/seq-06/color/frame-000120.color.png pumpkin/seq-06/color/frame-000123.color.png 0.999961 0.00349258 0.00804403 -0.00267239 -0.00341716 0.99995 -0.00936865 -0.00613567 -0.0080763 0.00934075 0.999924 -0.0107137 0.0 0.0 0.0 1.0
pumpkin/seq-06/color/frame-000121.color.png pumpkin/seq-06/color/frame-000124.color.png 0.999962 0.00206678 0.00849956 -0.000523105 -0.00191636 0.999842 -0.0176627 -0.00304145 -0.00853474 0.0176457 0.999808 -0.0168236 0.0 0.0 0.0 1.0
pumpkin/seq-06/color/frame-000122.color.png pumpkin/seq-06/color/frame-000125.color.png 0.999976 4.05207e-06 0.00689006 -0.000406072 0.000104942 0.999875 -0.015807 -0.00409117 -0.00688927 0.0158074 0.999851 -0.0185431 0.0 0.0 0.0 1.0
pumpkin/seq-06/color/frame-000123.color.png pumpkin/seq-06/color/frame-000126.color.png 0.999969 -0.000913079 0.00783526 -0.00594981 0.00101962 0.999907 -0.0136021 -0.00569692 -0.00782213 0.0136097 0.999877 -0.0136051 0.0 0.0 0.0 1.0
pumpkin/seq-06/color/frame-000124.color.png pumpkin/seq-06/color/frame-000127.color.png 0.999989 0.00280155 0.00379792 -0.00170374 -0.00276269 0.999944 -0.0102054 0.00208512 -0.00382632 0.0101948 0.999941 -0.0132122 0.0 0.0 0.0 1.0
pumpkin/seq-06/color/frame-000125.color.png pumpkin/seq-06/color/frame-000128.color.png 0.999961 0.004022 0.00783339 -0.0077779 -0.00395717 0.999958 -0.00827917 -0.00506169 -0.00786633 0.00824789 0.999935 -0.0084903 0.0 0.0 0.0 1.0
pumpkin/seq-06/color/frame-000126.color.png pumpkin/seq-06/color/frame-000129.color.png 0.999945 0.00743923 0.00745977 0.00319321 -0.00733942 0.999884 -0.0133204 -0.00203437 -0.00755803 0.013265 0.999883 -0.0151065 0.0 0.0 0.0 1.0
pumpkin/seq-06/color/frame-000127.color.png pumpkin/seq-06/color/frame-000130.color.png 0.999944 0.00637817 0.00838059 -0.00456432 -0.00626119 0.999884 -0.0139122 -0.00689819 -0.00846835 0.013859 0.999868 -0.0119938 0.0 0.0 0.0 1.0
pumpkin/seq-06/color/frame-000128.color.png pumpkin/seq-06/color/frame-000131.color.png 0.999982 0.00555207 0.00242843 -0.00319386 -0.00553713 0.999966 -0.00613382 -0.0239767 -0.0024624 0.0061201 0.999978 -0.0217024 0.0 0.0 0.0 1.0
pumpkin/seq-06/color/frame-000129.color.png pumpkin/seq-06/color/frame-000132.color.png 0.999987 0.00439053 0.00266341 -0.0120013 -0.00438136 0.999985 -0.00344608 -0.0190698 -0.00267849 0.00343423 0.999991 -0.0152489 0.0 0.0 0.0 1.0
pumpkin/seq-06/color/frame-000130.color.png pumpkin/seq-06/color/frame-000133.color.png 0.999995 0.00316208 0.000808478 -0.00579929 -0.00316273 0.999995 0.000815648 -0.022478 -0.000805893 -0.000818293 0.999999 -0.0181722 0.0 0.0 0.0 1.0
pumpkin/seq-06/color/frame-000131.color.png pumpkin/seq-06/color/frame-000134.color.png 0.999926 0.012033 0.00190157 0.000298291 -0.0120096 0.999858 -0.0118448 -0.00984409 -0.00204385 0.0118212 0.999928 -0.00904486 0.0 0.0 0.0 1.0
pumpkin/seq-06/color/frame-000132.color.png pumpkin/seq-06/color/frame-000135.color.png 0.999895 0.0140489 0.00353718 -0.00223176 -0.0139829 0.99974 -0.018034 -0.00268555 -0.00378962 0.0179827 0.999831 -0.000917602 0.0 0.0 0.0 1.0
pumpkin/seq-06/color/frame-000133.color.png pumpkin/seq-06/color/frame-000136.color.png 0.99993 0.0117865 0.00101842 -0.0024925 -0.0117676 0.999788 -0.0168879 -0.00422716 -0.00121727 0.0168747 0.999857 -0.00101818 0.0 0.0 0.0 1.0
pumpkin/seq-06/color/frame-000134.color.png pumpkin/seq-06/color/frame-000137.color.png 0.999976 0.00650267 0.00224796 -0.00728166 -0.00647732 0.999917 -0.0111034 0.000231713 -0.00231998 0.0110886 0.999936 0.00195612 0.0 0.0 0.0 1.0
pumpkin/seq-06/color/frame-000135.color.png pumpkin/seq-06/color/frame-000138.color.png 0.999972 0.00643128 -0.00394602 0.00357641 -0.00644686 0.999972 -0.00394904 -0.00614566 0.00392048 0.00397444 0.999984 -0.00309622 0.0 0.0 0.0 1.0
pumpkin/seq-06/color/frame-000136.color.png pumpkin/seq-06/color/frame-000139.color.png 0.999997 0.00147217 -0.00182068 -0.00496657 -0.00148176 0.999985 -0.00526041 -0.00606981 0.00181289 0.0052631 0.999984 0.000942474 0.0 0.0 0.0 1.0
pumpkin/seq-06/color/frame-000137.color.png pumpkin/seq-06/color/frame-000140.color.png 0.999993 0.000323527 -0.00376682 -0.00254287 -0.000340222 0.99999 -0.0044321 -0.0102687 0.00376534 0.00443334 0.999983 0.0033645 0.0 0.0 0.0 1.0
pumpkin/seq-06/color/frame-000138.color.png pumpkin/seq-06/color/frame-000141.color.png 0.999989 -0.00307537 -0.00358148 -0.00438543 0.00305256 0.999975 -0.0063499 -0.00980067 0.00360095 0.00633892 0.999973 0.00771373 0.0 0.0 0.0 1.0
pumpkin/seq-06/color/frame-000139.color.png pumpkin/seq-06/color/frame-000142.color.png 0.999973 0.000153352 -0.00739739 0.00506468 -0.000196572 0.999983 -0.00583557 -0.00737953 0.00739638 0.0058367 0.999956 0.00831444 0.0 0.0 0.0 1.0
pumpkin/seq-06/color/frame-000140.color.png pumpkin/seq-06/color/frame-000143.color.png 0.999989 -0.000897121 -0.00463448 -0.00372811 0.000863937 0.999974 -0.00716175 -0.00758535 0.00464079 0.00715757 0.999964 0.0128175 0.0 0.0 0.0 1.0
pumpkin/seq-06/color/frame-000141.color.png pumpkin/seq-06/color/frame-000144.color.png 0.999967 0.00402001 -0.0070514 0.000949875 -0.00406749 0.999969 -0.00673516 -0.0106991 0.00702408 0.00676355 0.999952 0.0137215 0.0 0.0 0.0 1.0
pumpkin/seq-06/color/frame-000142.color.png pumpkin/seq-06/color/frame-000145.color.png 0.999918 0.0053793 -0.0115892 0.000340864 -0.00550226 0.999929 -0.0106059 -0.00712824 0.0115313 0.010669 0.999877 0.0259829 0.0 0.0 0.0 1.0
pumpkin/seq-06/color/frame-000143.color.png pumpkin/seq-06/color/frame-000146.color.png 0.999878 0.00673009 -0.0140681 0.00812133 -0.00685458 0.999938 -0.00881894 -0.0109133 0.0140079 0.00891439 0.999862 0.0243966 0.0 0.0 0.0 1.0
pumpkin/seq-06/color/frame-000144.color.png pumpkin/seq-06/color/frame-000147.color.png 0.999894 0.00418484 -0.0139644 0.00457644 -0.00437079 0.999902 -0.0133118 -0.00457671 0.0139073 0.0133713 0.999814 0.0300659 0.0 0.0 0.0 1.0
pumpkin/seq-06/color/frame-000145.color.png pumpkin/seq-06/color/frame-000148.color.png 0.999958 0.00122849 -0.0090583 -0.000246391 -0.00131001 0.999959 -0.00899588 -0.00828165 0.00904689 0.00900724 0.999919 0.0240393 0.0 0.0 0.0 1.0
pumpkin/seq-06/color/frame-000146.color.png pumpkin/seq-06/color/frame-000149.color.png 0.999952 -4.01653e-05 -0.00979426 0.00137621 -1.11329e-05 0.999986 -0.00523759 -0.00733939 0.00979432 0.00523747 0.999938 0.0211697 0.0 0.0 0.0 1.0
pumpkin/seq-06/color/frame-000147.color.png pumpkin/seq-06/color/frame-000150.color.png 0.999945 -0.00187245 -0.0102699 0.0029216 0.00183906 0.999993 -0.00325704 -0.00814965 0.010276 0.00323799 0.999942 0.0231188 0.0 0.0 0.0 1.0
pumpkin/seq-06/color/frame-000148.color.png pumpkin/seq-06/color/frame-000151.color.png 0.999951 -0.000412768 -0.00984717 0.00409147 0.000352625 0.999981 -0.00611338 -0.00478148 0.00984949 0.00610962 0.999933 0.0213325 0.0 0.0 0.0 1.0
pumpkin/seq-06/color/frame-000149.color.png pumpkin/seq-06/color/frame-000152.color.png 0.99998 -0.000581714 -0.00632703 0.00158037 0.000543366 0.999981 -0.00605705 -0.00832841 0.00633049 0.00605342 0.999962 0.0224489 0.0 0.0 0.0 1.0
pumpkin/seq-06/color/frame-000150.color.png pumpkin/seq-06/color/frame-000153.color.png 0.999994 -0.000313764 -0.00350377 0.00322933 0.000291462 0.99998 -0.00637221 -0.00912052 0.00350568 0.00637123 0.999973 0.0203989 0.0 0.0 0.0 1.0
pumpkin/seq-06/color/frame-000151.color.png pumpkin/seq-06/color/frame-000154.color.png 1.0 0.00032882 -0.00073711 0.00286672 -0.000332397 0.999988 -0.00486961 -0.0160418 0.00073548 0.00486992 0.999988 0.0178195 0.0 0.0 0.0 1.0
pumpkin/seq-06/color/frame-000152.color.png pumpkin/seq-06/color/frame-000155.color.png 0.999995 0.00191406 -0.00246028 0.00929959 -0.00193429 0.999964 -0.00824436 -0.0129589 0.00244437 0.00824914 0.999963 0.0156282 0.0 0.0 0.0 1.0
pumpkin/seq-06/color/frame-000153.color.png pumpkin/seq-06/color/frame-000156.color.png 0.999993 0.00239419 0.00271976 0.0041163 -0.00235825 0.999911 -0.0131479 -0.0054788 -0.00275098 0.0131413 0.99991 0.0192666 0.0 0.0 0.0 1.0
pumpkin/seq-06/color/frame-000154.color.png pumpkin/seq-06/color/frame-000157.color.png 1.0 0.00079229 -0.000498471 0.0140568 -0.000798016 0.999933 -0.0115563 -0.00799257 0.000489272 0.0115566 0.999933 0.0141437 0.0 0.0 0.0 1.0
pumpkin/seq-06/color/frame-000155.color.png pumpkin/seq-06/color/frame-000158.color.png 0.999997 -0.00126734 -0.00206498 0.0143243 0.00123505 0.999878 -0.0155671 -0.0014143 0.00208448 0.0155645 0.999877 0.0186453 0.0 0.0 0.0 1.0
pumpkin/seq-06/color/frame-000156.color.png pumpkin/seq-06/color/frame-000159.color.png 0.999981 -0.00309125 -0.00530099 0.0125842 0.0030332 0.999936 -0.0109252 -0.00899625 0.00533439 0.010909 0.999926 0.0164885 0.0 0.0 0.0 1.0
pumpkin/seq-06/color/frame-000157.color.png pumpkin/seq-06/color/frame-000160.color.png 0.999985 -0.00436021 -0.00329459 0.00857523 0.00432323 0.999929 -0.0111462 -0.0043501 0.00334296 0.0111316 0.999932 0.0201971 0.0 0.0 0.0 1.0
pumpkin/seq-06/color/frame-000158.color.png pumpkin/seq-06/color/frame-000161.color.png 0.999987 -0.00504912 -0.000936693 0.0113395 0.00504073 0.999949 -0.00873456 -0.00382236 0.000980728 0.00872978 0.999961 0.0195891 0.0 0.0 0.0 1.0
pumpkin/seq-06/color/frame-000159.color.png pumpkin/seq-06/color/frame-000162.color.png 0.999963 -0.00780634 0.00355579 0.00680985 0.0078096 0.999969 -0.000902259 -0.0121293 -0.0035486 0.000930008 0.999993 0.0135946 0.0 0.0 0.0 1.0
pumpkin/seq-06/color/frame-000160.color.png pumpkin/seq-06/color/frame-000163.color.png 0.999958 -0.00839143 0.00382652 0.00561857 0.00840635 0.999957 -0.00388898 -0.000696868 -0.00379375 0.003921 0.999985 0.0190745 0.0 0.0 0.0 1.0
pumpkin/seq-06/color/frame-000161.color.png pumpkin/seq-06/color/frame-000164.color.png 0.999951 -0.00899794 0.00416648 0.00286588 0.00899157 0.999958 0.00154868 -0.00738621 -0.00418028 -0.00151113 0.99999 0.016844 0.0 0.0 0.0 1.0
pumpkin/seq-06/color/frame-000162.color.png pumpkin/seq-06/color/frame-000165.color.png 0.999975 -0.00693453 0.00116496 0.00950778 0.00693871 0.999969 -0.00360886 7.36713e-05 -0.00113992 0.00361688 0.999993 0.0222914 0.0 0.0 0.0 1.0
pumpkin/seq-06/color/frame-000163.color.png pumpkin/seq-06/color/frame-000166.color.png 0.999963 -0.00813245 -0.00272999 0.00767136 0.00812682 0.999965 -0.00206025 -0.00641912 0.00274669 0.00203796 0.999994 0.0200064 0.0 0.0 0.0 1.0
pumpkin/seq-06/color/frame-000164.color.png pumpkin/seq-06/color/frame-000167.color.png 0.999937 -0.00705386 -0.0087778 0.0122097 0.00702425 0.99997 -0.00339863 -0.00615779 0.00880155 0.00333675 0.999956 0.0188419 0.0 0.0 0.0 1.0
pumpkin/seq-06/color/frame-000165.color.png pumpkin/seq-06/color/frame-000168.color.png 0.999955 -0.00334866 -0.0089245 0.0150635 0.00333233 0.999993 -0.00184338 -0.00792348 0.00893061 0.00181354 0.999958 0.0158708 0.0 0.0 0.0 1.0
pumpkin/seq-06/color/frame-000166.color.png pumpkin/seq-06/color/frame-000169.color.png 0.999992 -0.00286242 -0.00276253 0.00659834 0.00285441 0.999992 -0.0028949 -0.00499257 0.00277076 0.00288698 0.999992 0.021124 0.0 0.0 0.0 1.0
pumpkin/seq-06/color/frame-000167.color.png pumpkin/seq-06/color/frame-000170.color.png 0.999989 -0.000740156 0.00459864 0.00331508 0.000736422 0.999999 0.00081272 -0.0140286 -0.00459927 -0.000809333 0.999989 0.0262485 0.0 0.0 0.0 1.0
pumpkin/seq-06/color/frame-000168.color.png pumpkin/seq-06/color/frame-000171.color.png 0.999999 0.000848122 0.000720187 0.0145998 -0.000849722 0.999997 0.00222388 -0.0167558 -0.000718257 -0.00222454 0.999997 0.0170208 0.0 0.0 0.0 1.0
pumpkin/seq-06/color/frame-000169.color.png pumpkin/seq-06/color/frame-000172.color.png 0.999993 -0.000795209 0.00367926 0.0103016 0.000795649 1.0 -0.000117932 -0.0191272 -0.00367914 0.000120935 0.999993 0.0220578 0.0 0.0 0.0 1.0
pumpkin/seq-06/color/frame-000170.color.png pumpkin/seq-06/color/frame-000173.color.png 0.999991 -0.0034067 0.00257116 0.0033163 0.00342716 0.999962 -0.00800563 -0.00277185 -0.00254379 0.00801427 0.999965 0.0260592 0.0 0.0 0.0 1.0
pumpkin/seq-06/color/frame-000171.color.png pumpkin/seq-06/color/frame-000174.color.png 0.999997 0.00245817 -0.000722152 0.014328 -0.00246213 0.999982 -0.00550952 -0.00177637 0.000708598 0.00551119 0.999985 0.0181048 0.0 0.0 0.0 1.0
pumpkin/seq-06/color/frame-000172.color.png pumpkin/seq-06/color/frame-000175.color.png 0.999978 0.00535873 0.00387467 0.0104403 -0.00534334 0.999978 -0.00397072 -0.00918487 -0.0038959 0.00394995 0.999985 0.015165 0.0 0.0 0.0 1.0
