pumpkin/seq-06/color/frame-000001.color.png pumpkin/seq-06/color/frame-000004.color.png 0.999997 -0.00141555 0.00190021 0.00150696 0.00140962 0.999994 0.00311817 0.00207406 -0.00190461 -0.00311549 0.999993 0.00134497 0.0 0.0 0.0 1.0
pumpkin/seq-06/color/frame-000004.color.png pumpkin/seq-06/color/frame-000007.color.png 0.999993 -0.00364023 0.000750834 -0.000258841 0.00364297 0.999987 -0.00367739 -0.00357306 -0.000737437 0.0036801 0.999993 0.00486424 0.0 0.0 0.0 1.0
pumpkin/seq-06/color/frame-000007.color.png pumpkin/seq-06/color/frame-000010.color.png 1.0 -0.000772551 -0.000283892 0.00117702 0.000771302 0.99999 -0.00437342 -0.00035223 0.000287268 0.0043732 0.99999 0.0040562 0.0 0.0 0.0 1.0
pumpkin/seq-06/color/frame-000010.color.png pumpkin/seq-06/color/frame-000013.color.png 0.99995 -0.00966403 0.00274083 -0.00129091 0.00970737 0.999821 -0.0162659 -0.00568388 -0.00258314 0.0162917 0.999864 0.00755982 0.0 0.0 0.0 1.0
pumpkin/seq-06/color/frame-000013.color.png pumpkin/seq-06/color/frame-000016.color.png 0.999952 -0.00724351 -0.00654948 0.000731982 0.00715319 0.99988 -0.0137107 0.00857159 0.00664801 0.0136632 0.999885 0.0104015 0.0 0.0 0.0 1.0
pumpkin/seq-06/color/frame-000016.color.png pumpkin/seq-06/color/frame-000019.color.png 0.999986 -0.00436465 -0.00297828 -0.00200092 0.00434161 0.999961 -0.00769761 -0.0103057 0.00301176 0.00768457 0.999966 0.0180438 0.0 0.0 0.0 1.0
pumpkin/seq-06/color/frame-000019.color.png pumpkin/seq-06/color/frame-000022.color.png 0.999849 -0.0171813 -0.00260574 -0.000579032 0.0171113 0.999545 -0.0248435 0.0155703 0.00303139 0.0247952 0.999688 0.0133566 0.0 0.0 0.0 1.0
pumpkin/seq-06/color/frame-000022.color.png pumpkin/seq-06/color/frame-000025.color.png 0.999969 -0.00757434 -0.002364 -0.00375451 0.00756769 0.999967 -0.00280726 0.001349 0.00238518 0.00278928 0.999993 0.0165767 0.0 0.0 0.0 1.0
pumpkin/seq-06/color/frame-000025.color.png pumpkin/seq-06/color/frame-000028.color.png 0.999986 -0.00488021 -0.00213295 -0.00126998 0.0048857 0.999985 0.00256766 -0.00629076 0.00212039 -0.00257804 0.999994 0.0146521 0.0 0.0 0.0 1.0
pumpkin/seq-06/color/frame-000028.color.png pumpkin/seq-06/color/frame-000031.color.png 0.999959 -0.00895551 0.00138391 -0.00467334 0.00896651 0.999927 -0.00815329 -0.00969986 -0.00131079 0.00816537 0.999966 0.0178893 0.0 0.0 0.0 1.0
pumpkin/seq-06/color/frame-000031.color.png pumpkin/seq-06/color/frame-000034.color.png 0.999872 -0.0152614 0.00483694 -0.00499289 0.0153364 0.999756 -0.01587 -0.00656489 -0.00459356 0.0159421 0.999862 0.0155125 0.0 0.0 0.0 1.0
pumpkin/seq-06/color/frame-000034.color.png pumpkin/seq-06/color/frame-000037.color.png 0.999999 -0.000842189 -0.00127863 -0.00345255 0.000821973 0.999876 -0.01572 0.00506599 0.00129171 0.0157189 0.999876 0.00753652 0.0 0.0 0.0 1.0
pumpkin/seq-06/color/frame-000037.color.png pumpkin/seq-06/color/frame-000040.color.png 0.999932 -0.0039929 0.0109674 -0.0102783 0.00407913 0.999961 -0.00784989 -0.0103399 -0.0109356 0.00789406 0.999909 0.0119518 0.0 0.0 0.0 1.0
pumpkin/seq-06/color/frame-000040.color.png pumpkin/seq-06/color/frame-000043.color.png 0.999958 -0.00571059 0.00719671 -0.00871752 0.00584019 0.999819 -0.0181182 -0.000307782 -0.00709195 0.0181595 0.99981 0.00840965 0.0 0.0 0.0 1.0
pumpkin/seq-06/color/frame-000043.color.png pumpkin/seq-06/color/frame-000046.color.png 0.999844 -0.0161145 0.00728044 -0.00634989 0.0163053 0.999504 -0.0269502 0.00780197 -0.00684254 0.0270647 0.99961 0.0113503 0.0 0.0 0.0 1.0
pumpkin/seq-06/color/frame-000046.color.png pumpkin/seq-06/color/frame-000049.color.png 0.999987 0.000300531 0.00500522 -0.00772898 -0.000199417 0.999796 -0.0201915 0.000195386 -0.00501026 0.0201902 0.999784 0.0106804 0.0 0.0 0.0 1.0
pumpkin/seq-06/color/frame-000049.color.png pumpkin/seq-06/color/frame-000052.color.png 0.999957 0.0041961 0.00831181 -0.0199387 -0.00403636 0.999809 -0.0191424 -0.00827063 -0.00839054 0.019108 0.999782 0.0120529 0.0 0.0 0.0 1.0
pumpkin/seq-06/color/frame-000052.color.png pumpkin/seq-06/color/frame-000055.color.png 0.999986 -0.00352942 0.00407134 -0.00458876 0.0035679 0.999949 -0.0094793 -0.0130597 -0.00403767 0.00949365 0.999947 0.0055674 0.0 0.0 0.0 1.0
pumpkin/seq-06/color/frame-000055.color.png pumpkin/seq-06/color/frame-000058.color.png 0.999984 -0.00164168 0.00543766 -0.00984982 0.0017761 0.999691 -0.0248031 -0.000737943 -0.00539525 0.0248124 0.999678 0.014584 0.0 0.0 0.0 1.0
pumpkin/seq-06/color/frame-000058.color.png pumpkin/seq-06/color/frame-000061.color.png 0.999879 -0.00283276 0.0153007 -0.0188322 0.00310132 0.999841 -0.0175591 -0.0106059 -0.0152486 0.0176045 0.999729 0.00653978 0.0 0.0 0.0 1.0
pumpkin/seq-06/color/frame-000061.color.png pumpkin/seq-06/color/frame-000064.color.png 0.99995 -0.00698043 0.00713562 -0.00843646 0.0071159 0.999791 -0.0191381 -0.00681982 -0.00700053 0.0191879 0.999792 0.00907175 0.0 0.0 0.0 1.0
pumpkin/seq-06/color/frame-000064.color.png pumpkin/seq-06/color/frame-000067.color.png 0.999977 0.00132664 0.00661512 -0.00804581 -0.00113638 0.999588 -0.0286813 0.001276 -0.00665046 0.0286732 0.999567 0.00895934 0.0 0.0 0.0 1.0
pumpkin/seq-06/color/frame-000067.color.png pumpkin/seq-06/color/frame-000070.color.png 0.999937 -0.001795 0.0110405 -0.0124782 0.00198478 0.99985 -0.0172012 -0.0240344 -0.011008 0.017222 0.999791 -0.00253424 0.0 0.0 0.0 1.0
pumpkin/seq-06/color/frame-000070.color.png pumpkin/seq-06/color/frame-000073.color.png 0.999903 -0.00397313 0.0133447 -0.0147771 0.00419197 0.999857 -0.0164141 -0.00315398 -0.0132776 0.0164684 0.999776 0.00324656 0.0 0.0 0.0 1.0
pumpkin/seq-06/color/frame-000073.color.png pumpkin/seq-06/color/frame-000076.color.png 0.999902 0.00568998 0.0128 -0.00643051 -0.00540599 0.999741 -0.0221125 -0.00640421 -0.0129225 0.0220412 0.999673 0.00466284 0.0 0.0 0.0 1.0
pumpkin/seq-06/color/frame-000076.color.png pumpkin/seq-06/color/frame-000079.color.png 0.999838 0.000309719 0.0179868 -0.0097547 6.8971e-05 0.999778 -0.0210484 -0.01737 -0.0179894 0.0210463 0.999617 -0.00455585 0.0 0.0 0.0 1.0
pumpkin/seq-06/color/frame-000079.color.png pumpkin/seq-06/color/frame-000082.color.png 0.999906 0.00166577 0.0135818 -0.00650927 -0.00131583 0.999668 -0.0257371 0.000581205 -0.0136202 0.0257168 0.999576 0.000946179 0.0 0.0 0.0 1.0
pumpkin/seq-06/color/frame-000082.color.png pumpkin/seq-06/color/frame-000085.color.png 0.999839 0.0032654 0.0176286 -0.00913601 -0.00305416 0.999923 -0.0119946 -0.016895 -0.0176664 0.0119388 0.999773 -0.00808141 0.0 0.0 0.0 1.0
pumpkin/seq-06/color/frame-000085.color.png pumpkin/seq-06/color/frame-000088.color.png 0.999914 0.00408362 0.0124836 -0.00495765 -0.00392866 0.999915 -0.0124152 -0.0177572 -0.0125332 0.012365 0.999845 -0.00443541 0.0 0.0 0.0 1.0
pumpkin/seq-06/color/frame-000088.color.png pumpkin/seq-06/color/frame-000091.color.png 0.999966 0.00199078 0.00803448 -0.00286685 -0.00186576 0.999878 -0.0155377 -0.00624178 -0.00806446 0.0155223 0.999847 -0.00194192 0.0 0.0 0.0 1.0
pumpkin/seq-06/color/frame-000091.color.png pumpkin/seq-06/color/frame-000094.color.png 0.999961 0.00332492 0.00812327 -0.00135776 -0.00315281 0.999772 -0.0211058 -0.00124446 -0.00819161 0.0210794 0.999744 -0.00144337 0.0 0.0 0.0 1.0
pumpkin/seq-06/color/frame-000094.color.png pumpkin/seq-06/color/frame-000097.color.png 0.999912 0.00806275 0.0105291 -0.00280906 -0.0078757 0.999813 -0.017688 -0.00499655 -0.0106697 0.0176034 0.999788 -0.00162286 0.0 0.0 0.0 1.0
pumpkin/seq-06/color/frame-000097.color.png pumpkin/seq-06/color/frame-000100.color.png 0.999892 0.0100159 0.0107889 -0.00434944 -0.00976657 0.99969 -0.0229164 -0.00354929 -0.0110151 0.0228085 0.999679 -0.000857651 0.0 0.0 0.0 1.0
pumpkin/seq-06/color/frame-000100.color.png pumpkin/seq-06/color/frame-000103.color.png 0.999842 0.0148801 0.00976463 4.36604e-05 -0.0146977 0.999721 -0.0184968 -0.0154628 -0.0100372 0.0183504 0.999781 -0.00928542 0.0 0.0 0.0 1.0
pumpkin/seq-06/color/frame-000103.color.png pumpkin/seq-06/color/frame-000106.color.png 0.999899 0.0119624 0.00768178 0.00159395 -0.0118006 0.999715 -0.0207727 -0.00554079 -0.00792805 0.0206798 0.999755 -0.00844242 0.0 0.0 0.0 1.0
pumpkin/seq-06/color/frame-000106.color.png pumpkin/seq-06/color/frame-000109.color.png 0.99992 0.00401661 0.0119546 -0.00399165 -0.00380241 0.999833 -0.0178844 -0.00139993 -0.0120245 0.0178376 0.999768 -0.00573012 0.0 0.0 0.0 1.0
pumpkin/seq-06/color/frame-000109.color.png pumpkin/seq-06/color/frame-000112.color.png 0.999883 0.0126676 0.00860611 0.00384197 -0.0125297 0.999795 -0.0158899 -0.0170033 -0.00880563 0.0157803 0.999837 -0.0159632 0.0 0.0 0.0 1.0
pumpkin/seq-06/color/frame-000112.color.png pumpkin/seq-06/color/frame-000115.color.png 0.999931 0.00999725 0.00614036 0.0034119 -0.00988017 0.999774 -0.0188149 -0.00272539 -0.00632706 0.0187528 0.999804 -0.00828525 0.0 0.0 0.0 1.0
pumpkin/seq-06/color/frame-000115.color.png pumpkin/seq-06/color/frame-000118.color.png 0.999893 0.00684842 0.0128956 -0.00532101 -0.0066443 0.999853 -0.0158033 -5.09024e-05 -0.0130019 0.015716 0.999792 -0.0101494 0.0 0.0 0.0 1.0
pumpkin/seq-06/color/frame-000118.color.png pumpkin/seq-06/color/frame-000121.color.png 0.999989 0.0005765 0.00462161 0.000161126 -0.000565937 0.999997 -0.00229525 -0.0139428 -0.00462294 0.00229262 0.999987 -0.0150052 0.0 0.0 0.0 1.0
pumpkin/seq-06/color/frame-000121.color.png pumpkin/seq-06/color/frame-000124.color.png 0.999962 0.00206678 0.00849956 -0.000523105 -0.00191636 0.999842 -0.0176627 -0.00304145 -0.00853474 0.0176457 0.999808 -0.0168236 0.0 0.0 0.0 1.0
pumpkin/seq-06/color/frame-000124.color.png pumpkin/seq-06/color/frame-000127.color.png 0.999989 0.00280155 0.00379792 -0.00170374 -0.00276269 0.999944 -0.0102054 0.00208512 -0.00382632 0.0101948 0.999941 -0.0132122 0.0 0.0 0.0 1.0
pumpkin/seq-06/color/frame-000127.color.png pumpkin/seq-06/color/frame-000130.color.png 0.999944 0.00637817 0.00838059 -0.00456432 -0.00626119 0.999884 -0.0139122 -0.00689819 -0.00846835 0.013859 0.999868 -0.0119938 0.0 0.0 0.0 1.0
pumpkin/seq-06/color/frame-000130.color.png pumpkin/seq-06/color/frame-000133.color.png 0.999995 0.00316208 0.000808478 -0.00579929 -0.00316273 0.999995 0.000815648 -0.022478 -0.000805893 -0.000818293 0.999999 -0.0181722 0.0 0.0 0.0 1.0
pumpkin/seq-06/color/frame-000133.color.png pumpkin/seq-06/color/frame-000136.color.png 0.99993 0.0117865 0.00101842 -0.0024925 -0.0117676 0.999788 -0.0168879 -0.00422716 -0.00121727 0.0168747 0.999857 -0.00101818 0.0 0.0 0.0 1.0
pumpkin/seq-06/color/frame-000136.color.png pumpkin/seq-06/color/frame-000139.color.png 0.999997 0.00147217 -0.00182068 -0.00496657 -0.00148176 0.999985 -0.00526041 -0.00606981 0.00181289 0.0052631 0.999984 0.000942474 0.0 0.0 0.0 1.0
pumpkin/seq-06/color/frame-000139.color.png pumpkin/seq-06/color/frame-000142.color.png 0.999973 0.000153352 -0.00739739 0.00506468 -0.000196572 0.999983 -0.00583557 -0.00737953 0.00739638 0.0058367 0.999956 0.00831444 0.0 0.0 0.0 1.0
pumpkin/seq-06/color/frame-000142.color.png pumpkin/seq-06/color/frame-000145.color.png 0.999918 0.0053793 -0.0115892 0.000340864 -0.00550226 0.999929 -0.0106059 -0.00712824 0.0115313 0.010669 0.999877 0.0259829 0.0 0.0 0.0 1.0
pumpkin/seq-06/color/frame-000145.color.png pumpkin/seq-06/color/frame-000148.color.png 0.999958 0.00122849 -0.0090583 -0.000246391 -0.00131001 0.999959 -0.00899588 -0.00828165 0.00904689 0.00900724 0.999919 0.0240393 0.0 0.0 0.0 1.0
pumpkin/seq-06/color/frame-000148.color.png pumpkin/seq-06/color/frame-000151.color.png 0.999951 -0.000412768 -0.00984717 0.00409147 0.000352625 0.999981 -0.00611338 -0.00478148 0.00984949 0.00610962 0.999933 0.0213325 0.0 0.0 0.0 1.0
pumpkin/seq-06/color/frame-000151.color.png pumpkin/seq-06/color/frame-000154.color.png 1.0 0.00032882 -0.00073711 0.00286672 -0.000332397 0.999988 -0.00486961 -0.0160418 0.00073548 0.00486992 0.999988 0.0178195 0.0 0.0 0.0 1.0
pumpkin/seq-06/color/frame-000154.color.png pumpkin/seq-06/color/frame-000157.color.png 1.0 0.00079229 -0.000498471 0.0140568 -0.000798016 0.999933 -0.0115563 -0.00799257 0.000489272 0.0115566 0.999933 0.0141437 0.0 0.0 0.0 1.0
pumpkin/seq-06/color/frame-000157.color.png pumpkin/seq-06/color/frame-000160.color.png 0.999985 -0.00436021 -0.00329459 0.00857523 0.00432323 0.999929 -0.0111462 -0.0043501 0.00334296 0.0111316 0.999932 0.0201971 0.0 0.0 0.0 1.0
pumpkin/seq-06/color/frame-000160.color.png pumpkin/seq-06/color/frame-000163.color.png 0.999958 -0.00839143 0.00382652 0.00561857 0.00840635 0.999957 -0.00388898 -0.000696868 -0.00379375 0.003921 0.999985 0.0190745 0.0 0.0 0.0 1.0
pumpkin/seq-06/color/frame-000163.color.png pumpkin/seq-06/color/frame-000166.color.png 0.999963 -0.00813245 -0.00272999 0.00767136 0.00812682 0.999965 -0.00206025 -0.00641912 0.00274669 0.00203796 0.999994 0.0200064 0.0 0.0 0.0 1.0
pumpkin/seq-06/color/frame-000166.color.png pumpkin/seq-06/color/frame-000169.color.png 0.999992 -0.00286242 -0.00276253 0.00659834 0.00285441 0.999992 -0.0028949 -0.00499257 0.00277076 0.00288698 0.999992 0.021124 0.0 0.0 0.0 1.0
pumpkin/seq-06/color/frame-000169.color.png pumpkin/seq-06/color/frame-000172.color.png 0.999993 -0.000795209 0.00367926 0.0103016 0.000795649 1.0 -0.000117932 -0.0191272 -0.00367914 0.000120935 0.999993 0.0220578 0.0 0.0 0.0 1.0
pumpkin/seq-06/color/frame-000172.color.png pumpkin/seq-06/color/frame-000175.color.png 0.999978 0.00535873 0.00387467 0.0104403 -0.00534334 0.999978 -0.00397072 -0.00918487 -0.0038959 0.00394995 0.999985 0.015165 0.0 0.0 0.0 1.0
pumpkin/seq-06/color/frame-000175.color.png pumpkin/seq-06/color/frame-000178.color.png 0.999936 -0.0021569 0.0110912 -0.00229622 0.00228776 0.999928 -0.0117993 -0.00421143 -0.0110649 0.0118238 0.999869 0.0258825 0.0 0.0 0.0 1.0
pumpkin/seq-06/color/frame-000178.color.png pumpkin/seq-06/color/frame-000181.color.png 0.999952 0.00678806 0.00700487 0.0205833 -0.00683846 0.999951 0.00720269 -0.012952 -0.00695559 -0.00725015 0.999949 -0.000109494 0.0 0.0 0.0 1.0
pumpkin/seq-06/color/frame-000181.color.png pumpkin/seq-06/color/frame-000184.color.png 0.999998 -0.000786126 0.00203026 0.000517905 0.000801278 0.999972 -0.00747878 -0.0056856 -0.00202433 0.00748044 0.99997 0.028506 0.0 0.0 0.0 1.0
pumpkin/seq-06/color/frame-000184.color.png pumpkin/seq-06/color/frame-000187.color.png 0.999995 -0.000134825 -0.00323912 0.00698006 0.000121231 0.999991 -0.00419798 -0.0122694 0.00323964 0.00419757 0.999986 0.0219768 0.0 0.0 0.0 1.0
pumpkin/seq-06/color/frame-000187.color.png pumpkin/seq-06/color/frame-000190.color.png 0.999933 -0.00124843 -0.0115024 0.0184473 0.00125635 0.999999 0.000683266 -0.00961125 0.0115016 -0.000697499 0.999934 0.0212208 0.0 0.0 0.0 1.0
pumpkin/seq-06/color/frame-000190.color.png pumpkin/seq-06/color/frame-000193.color.png 0.999975 0.00259674 -0.00654418 0.0217878 -0.00257014 0.999988 0.00407341 -0.00962904 0.00655469 -0.00405667 0.99997 0.012928 0.0 0.0 0.0 1.0
pumpkin/seq-06/color/frame-000193.color.png pumpkin/seq-06/color/frame-000196.color.png 0.999998 -0.000710343 -0.00175218 0.00672406 0.000716994 0.999993 0.00377317 -0.00849089 0.00174946 -0.00377435 0.999991 0.0195737 0.0 0.0 0.0 1.0
pumpkin/seq-06/color/frame-000196.color.png pumpkin/seq-06/color/frame-000199.color.png 0.999989 -0.00450609 -0.0012725 -0.00124963 0.00450851 0.999988 0.00190797 -0.015057 0.00126389 -0.00191357 0.999997 0.020891 0.0 0.0 0.0 1.0
pumpkin/seq-06/color/frame-000199.color.png pumpkin/seq-06/color/frame-000202.color.png 0.999965 0.00310728 -0.00780671 0.0236955 -0.00313717 0.999988 -0.00381856 -0.00344402 0.00779476 0.00384285 0.999962 0.00846678 0.0 0.0 0.0 1.0
pumpkin/seq-06/color/frame-000202.color.png pumpkin/seq-06/color/frame-000205.color.png 0.999987 -0.00306547 0.0041978 -0.00220959 0.00308308 0.999986 -0.00419292 -0.00687271 -0.00418488 0.00420578 0.999982 0.0136994 0.0 0.0 0.0 1.0
pumpkin/seq-06/color/frame-000205.color.png pumpkin/seq-06/color/frame-000208.color.png 0.999998 -0.00152889 0.00157419 0.00756269 0.0015343 0.999993 -0.00342585 -0.00464004 -0.00156896 0.00342821 0.999993 0.00511864 0.0 0.0 0.0 1.0
pumpkin/seq-06/color/frame-000208.color.png pumpkin/seq-06/color/frame-000211.color.png 0.999991 -0.00301797 -0.00285267 0.00330658 0.00300653 0.999988 -0.00399878 0.000856161 0.0028647 0.00399027 0.999988 0.0121519 0.0 0.0 0.0 1.0
pumpkin/seq-06/color/frame-000211.color.png pumpkin/seq-06/color/frame-000214.color.png 0.999992 0.0023951 -0.00331481 0.00751433 -0.00238584 0.999993 0.0027833 -0.000928104 0.00332147 -0.00277544 0.999991 -0.00266343 0.0 0.0 0.0 1.0
pumpkin/seq-06/color/frame-000214.color.png pumpkin/seq-06/color/frame-000217.color.png 0.999993 0.000961675 -0.00373773 0.00212085 -0.00089848 0.999857 0.0168827 -0.00839728 0.00375341 -0.0168793 0.99985 -0.0074487 0.0 0.0 0.0 1.0
pumpkin/seq-06/color/frame-000217.color.png pumpkin/seq-06/color/frame-000220.color.png 0.999991 -0.00316198 -0.00272832 -0.00582583 0.00321855 0.999775 0.0209874 6.57439e-05 0.00266133 -0.0209959 0.999776 -0.0119159 0.0 0.0 0.0 1.0
pumpkin/seq-06/color/frame-000220.color.png pumpkin/seq-06/color/frame-000223.color.png 0.999965 -0.00397755 -0.00738359 -0.0080053 0.00410347 0.999845 0.0171206 -0.000931263 0.00731437 -0.0171504 0.999826 -0.00910437 0.0 0.0 0.0 1.0
pumpkin/seq-06/color/frame-000223.color.png pumpkin/seq-06/color/frame-000226.color.png 0.99994 -0.00126133 -0.0108827 -0.00947688 0.00141889 0.999894 0.0144814 -0.00199711 0.0108633 -0.0144959 0.999836 -0.01024 0.0 0.0 0.0 1.0
pumpkin/seq-06/color/frame-000226.color.png pumpkin/seq-06/color/frame-000229.color.png 0.999739 -0.00103626 -0.0228098 0.00504372 0.00121472 0.999969 0.00781163 0.0198584 0.022801 -0.0078373 0.999709 -0.00839654 0.0 0.0 0.0 1.0
pumpkin/seq-06/color/frame-000229.color.png pumpkin/seq-06/color/frame-000232.color.png 0.999974 0.00263348 -0.0066878 -0.0151816 -0.00244206 0.999592 0.0284698 -0.00609252 0.00676003 -0.0284527 0.999572 -0.0184859 0.0 0.0 0.0 1.0
pumpkin/seq-06/color/frame-000232.color.png pumpkin/seq-06/color/frame-000235.color.png 0.999873 0.00066725 -0.0158996 0.00179838 -0.000478149 0.999929 0.011894 0.0104067 0.0159064 -0.0118849 0.999803 -0.0175861 0.0 0.0 0.0 1.0
pumpkin/seq-06/color/frame-000235.color.png pumpkin/seq-06/color/frame-000238.color.png 0.999961 -0.00472657 -0.00746426 -0.0162439 0.00482393 0.999903 0.0130787 0.0064863 0.00740174 -0.0131142 0.999887 -0.0131572 0.0 0.0 0.0 1.0
pumpkin/seq-06/color/frame-000238.color.png pumpkin/seq-06/color/frame-000241.color.png 0.999951 -0.00265638 -0.00951692 -0.0168593 0.00283375 0.999822 0.0186749 0.0192077 0.00946563 -0.018701 0.99978 -0.0175128 0.0 0.0 0.0 1.0
pumpkin/seq-06/color/frame-000241.color.png pumpkin/seq-06/color/frame-000244.color.png 0.999989 -0.0042825 -0.00202287 -0.0267169 0.00432863 0.999717 0.023367 -0.0113559 0.00192224 -0.0233755 0.999725 -0.0239575 0.0 0.0 0.0 1.0
pumpkin/seq-06/color/frame-000244.color.png pumpkin/seq-06/color/frame-000247.color.png 0.999974 -0.0069419 0.00212863 -0.0248374 0.00692488 0.999945 0.00789427 0.00733551 -0.00218332 -0.00787931 0.999967 -0.0163954 0.0 0.0 0.0 1.0
pumpkin/seq-06/color/frame-000247.color.png pumpkin/seq-06/color/frame-000250.color.png 0.999997 -0.000905122 -0.00220227 -0.00307542 0.000928572 0.999943 0.010674 0.0105379 0.0021925 -0.0106761 0.999941 -0.0292177 0.0 0.0 0.0 1.0
pumpkin/seq-06/color/frame-000250.color.png pumpkin/seq-06/color/frame-000253.color.png 0.999923 -0.0117929 0.00395668 -0.0248475 0.0117374 0.999836 0.0137792 0.0193166 -0.00411854 -0.0137316 0.999897 -0.0294711 0.0 0.0 0.0 1.0
pumpkin/seq-06/color/frame-000253.color.png pumpkin/seq-06/color/frame-000256.color.png 0.999956 -0.00910783 0.00226446 -0.0117214 0.00907472 0.999858 0.0142243 0.0109023 -0.00239369 -0.0142032 0.999896 -0.0202675 0.0 0.0 0.0 1.0
pumpkin/seq-06/color/frame-000256.color.png pumpkin/seq-06/color/frame-000259.color.png 0.999946 -0.0102295 -0.00159297 -0.0138293 0.0102473 0.99988 0.0115924 0.0071823 0.0014742 -0.011608 0.999932 -0.0168998 0.0 0.0 0.0 1.0
pumpkin/seq-06/color/frame-000259.color.png pumpkin/seq-06/color/frame-000262.color.png 0.999979 -0.00392064 0.00507892 -0.0077877 0.00387824 0.999958 0.0083241 0.0169331 -0.00511132 -0.00830432 0.999952 -0.0138842 0.0 0.0 0.0 1.0
pumpkin/seq-06/color/frame-000262.color.png pumpkin/seq-06/color/frame-000265.color.png 0.999983 -0.00340075 0.00481061 -0.00345162 0.00327597 0.999664 0.0257138 0.00967592 -0.00489649 -0.0256974 0.999658 -0.0358213 0.0 0.0 0.0 1.0
pumpkin/seq-06/color/frame-000265.color.png pumpkin/seq-06/color/frame-000268.color.png 0.999915 -0.00640741 0.0113778 -0.0193351 0.00641688 0.999979 -0.000796928 0.0218787 -0.0113724 0.00086983 0.999935 -0.000449359 0.0 0.0 0.0 1.0
pumpkin/seq-06/color/frame-000268.color.png pumpkin/seq-06/color/frame-000271.color.png 0.999981 -0.00171749 0.00583362 -0.00558801 0.00174614 0.999986 -0.004914 0.0182024 -0.00582509 0.00492402 0.999971 -0.00712262 0.0 0.0 0.0 1.0
pumpkin/seq-06/color/frame-000271.color.png pumpkin/seq-06/color/frame-000274.color.png 0.999994 -0.000834943 0.00349425 -0.000691652 0.000834486 1.0 0.000137382 0.00203925 -0.00349438 -0.000134381 0.999994 -0.0250042 0.0 0.0 0.0 1.0
pumpkin/seq-06/color/frame-000274.color.png pumpkin/seq-06/color/frame-000277.color.png 0.999981 0.00428235 0.0045374 -0.00287397 -0.00426192 0.999981 -0.00451801 0.0214652 -0.00455665 0.00449845 0.99998 -0.0144134 0.0 0.0 0.0 1.0
pumpkin/seq-06/color/frame-000277.color.png pumpkin/seq-06/color/frame-000280.color.png 0.999969 -0.000446098 -0.00780075 0.000904113 0.00038759 0.999972 -0.0075052 0.0117243 0.00780387 0.00750202 0.999941 -0.0076931 0.0 0.0 0.0 1.0
pumpkin/seq-06/color/frame-000280.color.png pumpkin/seq-06/color/frame-000283.color.png 0.999994 0.00342397 -0.00102665 -0.00606696 -0.00343856 0.999888 -0.0145947 0.0170028 0.000976556 0.0145982 0.999893 0.0108508 0.0 0.0 0.0 1.0
pumpkin/seq-06/color/frame-000283.color.png pumpkin/seq-06/color/frame-000286.color.png 0.999982 0.00586832 -0.00106005 -0.00698946 -0.00589306 0.999669 -0.0250412 -0.00055632 0.000912776 0.025047 0.999686 -0.00482538 0.0 0.0 0.0 1.0
pumpkin/seq-06/color/frame-000286.color.png pumpkin/seq-06/color/frame-000289.color.png 0.999972 0.00210598 0.00720408 -0.00492953 -0.00190556 0.999614 -0.0277155 0.0105071 -0.00725967 0.027701 0.99959 -1.95652e-05 0.0 0.0 0.0 1.0
pumpkin/seq-06/color/frame-000289.color.png pumpkin/seq-06/color/frame-000292.color.png 0.999967 0.00506784 0.00636593 -0.00148867 -0.00489917 0.999644 -0.0262331 0.0133554 -0.00649662 0.026201 0.999636 0.00357389 0.0 0.0 0.0 1.0
pumpkin/seq-06/color/frame-000292.color.png pumpkin/seq-06/color/frame-000295.color.png 0.999995 9.57875e-05 0.00323908 -0.00435278 -4.41663e-05 0.999873 -0.0159418 -0.00486457 -0.00324018 0.0159415 0.999868 -0.0118458 0.0 0.0 0.0 1.0
pumpkin/seq-06/color/frame-000295.color.png pumpkin/seq-06/color/frame-000298.color.png 0.999984 -0.00569257 -0.000159007 -0.00369373 0.00568956 0.999872 -0.0149688 0.00394532 0.000244202 0.0149677 0.999888 -0.00775992 0.0 0.0 0.0 1.0
pumpkin/seq-06/color/frame-000298.color.png pumpkin/seq-06/color/frame-000301.color.png 0.999988 0.00215065 0.00451546 -0.000463709 -0.00211474 0.999966 -0.00794348 0.00817735 -0.00453241 0.00793383 0.999958 -0.00764048 0.0 0.0 0.0 1.0
pumpkin/seq-06/color/frame-000301.color.png pumpkin/seq-06/color/frame-000304.color.png 0.999994 -0.00110083 0.003338 -0.00929728 0.00113284 0.999953 -0.00959811 0.0121642 -0.00332727 0.00960173 0.999948 0.00104123 0.0 0.0 0.0 1.0
pumpkin/seq-06/color/frame-000304.color.png pumpkin/seq-06/color/frame-000307.color.png 0.999985 -0.00133071 -0.00536369 -0.00354365 0.00136318 0.999981 0.00605222 0.00745398 0.00535553 -0.00605939 0.999967 -0.00634587 0.0 0.0 0.0 1.0
pumpkin/seq-06/color/frame-000307.color.png pumpkin/seq-06/color/frame-000310.color.png 0.999995 -0.00306802 -0.000208019 -0.00809377 0.00306921 0.999976 0.00630251 0.0129862 0.000188666 -0.00630305 0.99998 -0.00743491 0.0 0.0 0.0 1.0
pumpkin/seq-06/color/frame-000310.color.png pumpkin/seq-06/color/frame-000313.color.png 0.999996 -0.00261749 -0.00108748 -0.00453526 0.00262818 0.999947 0.00990764 0.0167655 0.00106149 -0.00991052 0.99995 -0.00954199 0.0 0.0 0.0 1.0
pumpkin/seq-06/color/frame-000313.color.png pumpkin/seq-06/color/frame-000316.color.png 0.999981 -0.00604122 -0.001028 -0.00984198 0.00605363 0.999903 0.0125403 0.00761516 0.000952133 -0.0125461 0.999921 -0.00901616 0.0 0.0 0.0 1.0
pumpkin/seq-06/color/frame-000316.color.png pumpkin/seq-06/color/frame-000319.color.png 0.999994 -0.00227544 0.00252939 -0.00824428 0.00226037 0.99998 0.00594998 0.0120855 -0.00254285 -0.00594437 0.999979 -0.00863153 0.0 0.0 0.0 1.0
pumpkin/seq-06/color/frame-000319.color.png pumpkin/seq-06/color/frame-000322.color.png 0.999973 -0.00692397 -0.00225103 -0.0101368 0.00692146 0.999976 -0.00111381 0.0244376 0.00225866 0.00109838 0.999997 -0.00374728 0.0 0.0 0.0 1.0
pumpkin/seq-06/color/frame-000322.color.png pumpkin/seq-06/color/frame-000325.color.png 0.999988 0.00126761 -0.00481288 0.0021683 -0.00120136 0.999905 0.0137466 0.00507328 0.00482988 -0.0137408 0.999894 -0.017731 0.0 0.0 0.0 1.0
pumpkin/seq-06/color/frame-000325.color.png pumpkin/seq-06/color/frame-000328.color.png 0.999989 -0.00385436 -0.00280329 -0.0104332 0.00386439 0.999986 0.00357598 0.020555 0.00278944 -0.00358674 0.99999 0.00645662 0.0 0.0 0.0 1.0
pumpkin/seq-06/color/frame-000328.color.png pumpkin/seq-06/color/frame-000331.color.png 0.999943 -0.0105224 -0.00202706 -0.0178816 0.0105338 0.999928 0.00569811 0.0131338 0.00196699 -0.00571923 0.999982 -0.000642926 0.0 0.0 0.0 1.0
pumpkin/seq-06/color/frame-000331.color.png pumpkin/seq-06/color/frame-000334.color.png 0.999996 -0.00293666 -0.000174321 -0.00777954 0.00293879 0.999902 0.0136641 0.00421502 0.000134116 -0.0136643 0.999907 -0.00663255 0.0 0.0 0.0 1.0
pumpkin/seq-06/color/frame-000334.color.png pumpkin/seq-06/color/frame-000337.color.png 0.999976 -0.00497051 0.00487777 -0.00963369 0.00489088 0.999857 0.016191 0.014298 -0.00495751 -0.0161669 0.999857 -0.0109806 0.0 0.0 0.0 1.0
pumpkin/seq-06/color/frame-000337.color.png pumpkin/seq-06/color/frame-000340.color.png 0.999975 -0.00674669 0.0021784 -0.00721017 0.00672907 0.999945 0.00799206 0.0230721 -0.00223224 -0.00797713 0.999966 0.000596732 0.0 0.0 0.0 1.0
pumpkin/seq-06/color/frame-000340.color.png pumpkin/seq-06/color/frame-000343.color.png 0.999955 -0.00906771 -0.0026317 -0.0072009 0.00910893 0.999829 0.0160768 0.0115153 0.00248548 -0.0161002 0.999867 -0.00553729 0.0 0.0 0.0 1.0
pumpkin/seq-06/color/frame-000343.color.png pumpkin/seq-06/color/frame-000346.color.png 0.999882 -0.0151738 0.00239429 -0.0230093 0.0151406 0.999797 0.0133063 0.021116 -0.00259575 -0.0132684 0.999909 0.00693075 0.0 0.0 0.0 1.0
pumpkin/seq-06/color/frame-000346.color.png pumpkin/seq-06/color/frame-000349.color.png 0.999719 -0.0236617 0.0011126 -0.0265209 0.0236369 0.999546 0.0186564 0.0228177 -0.0015535 -0.0186249 0.999825 -0.00102663 0.0 0.0 0.0 1.0
pumpkin/seq-06/color/frame-000349.color.png pumpkin/seq-06/color/frame-000352.color.png 0.999891 -0.0145866 -0.00216318 -0.0201135 0.014598 0.999879 0.00536818 0.0225546 0.00208461 -0.0053992 0.999983 0.00906766 0.0 0.0 0.0 1.0
pumpkin/seq-06/color/frame-000352.color.png pumpkin/seq-06/color/frame-000355.color.png 0.99997 -0.00771543 2.96521e-05 -0.0226327 0.00771397 0.999845 0.0158514 0.00290835 -0.000151968 -0.0158507 0.999874 -0.00184624 0.0 0.0 0.0 1.0
pumpkin/seq-06/color/frame-000355.color.png pumpkin/seq-06/color/frame-000358.color.png 0.999906 -0.0134878 -0.00244844 -0.0209905 0.0135046 0.999884 0.00696466 0.0106284 0.00235419 -0.00699704 0.999973 -0.00150853 0.0 0.0 0.0 1.0
pumpkin/seq-06/color/frame-000358.color.png pumpkin/seq-06/color/frame-000361.color.png 0.999595 -0.0181228 0.0219518 -0.0742656 0.0180437 0.99983 0.00379224 0.0202007 -0.0220168 -0.00339466 0.999752 0.0159654 0.0 0.0 0.0 1.0
pumpkin/seq-06/color/frame-000361.color.png pumpkin/seq-06/color/frame-000364.color.png 0.999975 -0.00678611 0.00197137 -0.0249628 0.00675698 0.999874 0.0144004 0.0127323 -0.00206882 -0.0143868 0.999894 -0.001256 0.0 0.0 0.0 1.0
pumpkin/seq-06/color/frame-000364.color.png pumpkin/seq-06/color/frame-000367.color.png 0.999944 -0.00998473 -0.00350363 -0.0223392 0.00999989 0.999941 0.00433283 0.0188684 0.00346009 -0.00436766 0.999984 0.00147449 0.0 0.0 0.0 1.0
pumpkin/seq-06/color/frame-000367.color.png pumpkin/seq-06/color/frame-000370.color.png 0.999988 -0.0043958 0.00212963 -0.0308462 0.00437185 0.999929 0.0111224 0.00468051 -0.00217831 -0.0111128 0.999936 -0.00859793 0.0 0.0 0.0 1.0
pumpkin/seq-06/color/frame-000370.color.png pumpkin/seq-06/color/frame-000373.color.png 0.999968 -0.00350278 -0.00724507 -0.0173342 0.00358201 0.999934 0.01095 0.0136796 0.00720618 -0.0109756 0.999914 -0.0017037 0.0 0.0 0.0 1.0
pumpkin/seq-06/color/frame-000373.color.png pumpkin/seq-06/color/frame-000376.color.png 0.999973 -0.000234605 -0.0073342 -0.0133414 0.000329615 0.999916 0.0129576 -0.00118801 0.00733059 -0.0129597 0.999889 -0.0155627 0.0 0.0 0.0 1.0
pumpkin/seq-06/color/frame-000376.color.png pumpkin/seq-06/color/frame-000379.color.png 0.999984 0.00321474 -0.00463769 -0.0156589 -0.00313852 0.999861 0.0163465 0.00838067 0.00468953 -0.0163317 0.999856 -0.00454279 0.0 0.0 0.0 1.0
pumpkin/seq-06/color/frame-000379.color.png pumpkin/seq-06/color/frame-000382.color.png 0.999983 -0.00124254 -0.00574851 -0.0182253 0.0013311 0.99988 0.0154322 0.0127314 0.00572871 -0.0154397 0.999865 -0.00207281 0.0 0.0 0.0 1.0
pumpkin/seq-06/color/frame-000382.color.png pumpkin/seq-06/color/frame-000385.color.png 0.999956 -0.00594384 -0.00719745 -0.015274 0.0060168 0.99993 0.0101556 0.0208005 0.0071366 -0.0101984 0.999923 0.00292052 0.0 0.0 0.0 1.0
pumpkin/seq-06/color/frame-000385.color.png pumpkin/seq-06/color/frame-000388.color.png 0.999826 -0.00933502 0.0161733 -0.0751968 0.00918948 0.999917 0.00904879 0.0134324 -0.0162565 -0.00889858 0.999828 0.0182417 0.0 0.0 0.0 1.0
pumpkin/seq-06/color/frame-000388.color.png pumpkin/seq-06/color/frame-000391.color.png 0.99998 -0.00141995 -0.00617902 -0.0198649 0.00149009 0.999934 0.0113651 0.0175288 0.00616243 -0.011374 0.999916 -0.00541054 0.0 0.0 0.0 1.0
pumpkin/seq-06/color/frame-000391.color.png pumpkin/seq-06/color/frame-000394.color.png 0.999967 -0.00310715 -0.0075696 -0.0258841 0.00317565 0.999954 0.00905251 0.0125435 0.00754119 -0.00907626 0.999931 -0.00580494 0.0 0.0 0.0 1.0
pumpkin/seq-06/color/frame-000394.color.png pumpkin/seq-06/color/frame-000397.color.png 0.999969 0.000936367 -0.00780969 -0.0251914 -0.000876497 0.99997 0.00766564 0.0133232 0.00781666 -0.00765858 0.99994 -0.00426507 0.0 0.0 0.0 1.0
pumpkin/seq-06/color/frame-000397.color.png pumpkin/seq-06/color/frame-000400.color.png 0.99998 -0.0047211 -0.00427132 -0.0248882 0.00470722 0.999984 -0.00325748 0.0218792 0.00428659 0.00323736 0.999986 -0.00396384 0.0 0.0 0.0 1.0
pumpkin/seq-06/color/frame-000400.color.png pumpkin/seq-06/color/frame-000403.color.png 0.999906 -0.0128608 -0.00470999 -0.0334526 0.012892 0.999895 0.00665836 0.0219453 0.00462384 -0.00671837 0.999967 -0.00896044 0.0 0.0 0.0 1.0
pumpkin/seq-06/color/frame-000403.color.png pumpkin/seq-06/color/frame-000406.color.png 0.999874 -0.0116039 0.0108593 -0.0687375 0.0114818 0.999871 0.0112377 0.000118107 -0.0109883 -0.0111116 0.999878 0.00778224 0.0 0.0 0.0 1.0
pumpkin/seq-06/color/frame-000406.color.png pumpkin/seq-06/color/frame-000409.color.png 1.0 0.000498225 -0.000791581 -0.0288045 -0.000487378 0.999908 0.0135797 -0.00276463 0.00079826 -0.0135793 0.999907 -0.0160946 0.0 0.0 0.0 1.0
pumpkin/seq-06/color/frame-000409.color.png pumpkin/seq-06/color/frame-000412.color.png 0.999986 0.00191417 -0.00484951 -0.0277479 -0.00188386 0.999979 0.00624888 0.00130115 0.00486136 -0.00623959 0.999969 -0.00475533 0.0 0.0 0.0 1.0
pumpkin/seq-06/color/frame-000412.color.png pumpkin/seq-06/color/frame-000415.color.png 0.999984 0.00142934 -0.00545691 -0.0262749 -0.00142356 0.999999 0.00106348 0.00169511 0.00545842 -0.00105577 0.999985 0.00115456 0.0 0.0 0.0 1.0
pumpkin/seq-06/color/frame-000415.color.png pumpkin/seq-06/color/frame-000418.color.png 0.999995 0.00256926 0.00159665 -0.0271733 -0.00256734 0.999996 -0.00120267 0.000129849 -0.00159974 0.00119861 0.999998 -0.0103551 0.0 0.0 0.0 1.0
pumpkin/seq-06/color/frame-000418.color.png pumpkin/seq-06/color/frame-000421.color.png 0.999996 -0.000738296 0.00288985 -0.0358591 0.000738263 1.0 3.05533e-05 0.000504747 -0.00288984 -2.84805e-05 0.999996 -0.0152051 0.0 0.0 0.0 1.0
pumpkin/seq-06/color/frame-000421.color.png pumpkin/seq-06/color/frame-000424.color.png 0.999931 -0.00409807 0.0110075 -0.0611647 0.004144 0.999983 -0.00414701 0.00353679 -0.0109903 0.0041923 0.999931 -0.000160839 0.0 0.0 0.0 1.0
pumpkin/seq-06/color/frame-000424.color.png pumpkin/seq-06/color/frame-000427.color.png 0.999998 0.00158015 -0.00121231 -0.045182 -0.00159068 0.999961 -0.00870669 -0.00289081 0.00119843 0.00870864 0.999961 -0.00594236 0.0 0.0 0.0 1.0
pumpkin/seq-06/color/frame-000427.color.png pumpkin/seq-06/color/frame-000430.color.png 0.999961 0.00696611 -0.00543883 -0.0447211 -0.00699372 0.999963 -0.00507074 -0.00515185 0.00540324 0.00510869 0.999972 0.000639647 0.0 0.0 0.0 1.0
pumpkin/seq-06/color/frame-000430.color.png pumpkin/seq-06/color/frame-000433.color.png 0.999701 0.0214323 -0.0117364 -0.0453924 -0.0215141 0.999745 -0.00688464 -0.0297262 0.0115859 0.00713496 0.999907 0.0142614 0.0 0.0 0.0 1.0
pumpkin/seq-06/color/frame-000433.color.png pumpkin/seq-06/color/frame-000436.color.png 0.999855 0.0144068 -0.00903503 -0.0392615 -0.0144273 0.999894 -0.00220523 -0.0161407 0.00900225 0.00233531 0.999957 0.00377762 0.0 0.0 0.0 1.0
pumpkin/seq-06/color/frame-000436.color.png pumpkin/seq-06/color/frame-000439.color.png 0.999833 0.0121997 -0.013642 -0.0323492 -0.0121859 0.999925 0.00109232 -0.0163573 0.0136543 -0.000925951 0.999906 0.0162657 0.0 0.0 0.0 1.0
pumpkin/seq-06/color/frame-000439.color.png pumpkin/seq-06/color/frame-000442.color.png 0.999809 0.0113625 -0.0158694 -0.0440361 -0.011301 0.999928 0.00395526 -0.0312213 0.0159132 -0.0037751 0.999866 0.0147563 0.0 0.0 0.0 1.0
pumpkin/seq-06/color/frame-000442.color.png pumpkin/seq-06/color/frame-000445.color.png 0.999875 0.0156139 -0.00261876 -0.0466825 -0.015625 0.999869 -0.00427645 -0.0199511 0.00255163 0.0043168 0.999987 0.0110299 0.0 0.0 0.0 1.0
pumpkin/seq-06/color/frame-000445.color.png pumpkin/seq-06/color/frame-000448.color.png 0.999427 0.0293748 -0.0168318 -0.0304617 -0.0295719 0.999495 -0.0115872 -0.0442565 0.0164829 0.0120784 0.999791 0.0135271 0.0 0.0 0.0 1.0
pumpkin/seq-06/color/frame-000448.color.png pumpkin/seq-06/color/frame-000451.color.png 0.999758 0.0153317 -0.0157572 -0.0208596 -0.0155479 0.999785 -0.0136937 -0.0220426 0.0155439 0.0139354 0.999782 0.0088142 0.0 0.0 0.0 1.0
pumpkin/seq-06/color/frame-000451.color.png pumpkin/seq-06/color/frame-000454.color.png 0.999189 0.0257483 -0.0309636 -0.014432 -0.0262274 0.999541 -0.0151684 -0.0209237 0.0305589 0.0159682 0.999406 0.0261758 0.0 0.0 0.0 1.0
pumpkin/seq-06/color/frame-000454.color.png pumpkin/seq-06/color/frame-000457.color.png 0.999133 0.0308769 -0.0279391 -0.0328814 -0.0309707 0.999516 -0.00293109 -0.0378592 0.027835 0.00379387 0.999605 0.0198736 0.0 0.0 0.0 1.0
pumpkin/seq-06/color/frame-000457.color.png pumpkin/seq-06/color/frame-000460.color.png 0.999003 0.0338852 -0.0290563 -0.0238047 -0.0339253 0.999424 -0.000887694 -0.0443666 0.0290095 0.00187254 0.999577 0.0350685 0.0 0.0 0.0 1.0
pumpkin/seq-06/color/frame-000460.color.png pumpkin/seq-06/color/frame-000463.color.png 0.99861 0.0377851 -0.0367461 -0.0365875 -0.0379524 0.999272 -0.00386504 -0.0448 0.0365733 0.00525428 0.999317 0.0282576 0.0 0.0 0.0 1.0
pumpkin/seq-06/color/frame-000463.color.png pumpkin/seq-06/color/frame-000466.color.png 0.999383 0.0206449 -0.0284284 -0.0271287 -0.0207027 0.999784 -0.00174189 -0.0152313 0.0283862 0.00232933 0.999594 0.0228693 0.0 0.0 0.0 1.0
pumpkin/seq-06/color/frame-000466.color.png pumpkin/seq-06/color/frame-000469.color.png 0.999318 0.0217067 -0.0298781 -0.0120879 -0.0217266 0.999764 -0.000343223 -0.0320497 0.0298636 0.00099218 0.999554 0.0215916 0.0 0.0 0.0 1.0
pumpkin/seq-06/color/frame-000469.color.png pumpkin/seq-06/color/frame-000472.color.png 0.999515 0.0168228 -0.0261984 -0.0249985 -0.0169715 0.999841 -0.00546207 -0.00474285 0.0261024 0.00590399 0.999642 0.0219743 0.0 0.0 0.0 1.0
pumpkin/seq-06/color/frame-000472.color.png pumpkin/seq-06/color/frame-000475.color.png 0.999798 0.0147947 -0.0136402 -0.0582533 -0.0147793 0.99989 0.00123311 -0.0140406 0.0136569 -0.00103121 0.999906 0.0243649 0.0 0.0 0.0 1.0
pumpkin/seq-06/color/frame-000475.color.png pumpkin/seq-06/color/frame-000478.color.png 0.999561 0.0249987 -0.0159043 -0.0339773 -0.0249184 0.999676 0.00523045 -0.0271983 0.0160299 -0.00483191 0.99986 0.0252642 0.0 0.0 0.0 1.0
pumpkin/seq-06/color/frame-000478.color.png pumpkin/seq-06/color/frame-000481.color.png 0.999677 0.00965192 -0.0235003 -0.0105381 -0.00928595 0.999835 0.0156325 -0.00354227 0.0236473 -0.0154092 0.999602 0.048226 0.0 0.0 0.0 1.0
pumpkin/seq-06/color/frame-000481.color.png pumpkin/seq-06/color/frame-000484.color.png 0.99985 0.0137819 -0.0104645 -0.0378697 -0.0134359 0.999383 0.0324485 -0.0155313 0.0109053 -0.0323031 0.999419 0.0371037 0.0 0.0 0.0 1.0
pumpkin/seq-06/color/frame-000484.color.png pumpkin/seq-06/color/frame-000487.color.png 0.999963 0.00717537 -0.00466014 -0.00808847 -0.00710331 0.999858 0.0152983 -0.00940004 0.00476924 -0.0152646 0.999872 0.0110203 0.0 0.0 0.0 1.0
pumpkin/seq-06/color/frame-000487.color.png pumpkin/seq-06/color/frame-000490.color.png 0.999948 0.0100631 -0.00144981 -0.00108397 -0.0100378 0.999813 0.0165465 -0.0294875 0.00161607 -0.0165311 0.999862 0.0176995 0.0 0.0 0.0 1.0
pumpkin/seq-06/color/frame-000490.color.png pumpkin/seq-06/color/frame-000493.color.png 0.999949 -5.97964e-05 0.0100808 -0.0123632 0.000219005 0.999875 -0.0157934 -0.0194483 -0.0100786 0.0157948 0.999824 -0.0102651 0.0 0.0 0.0 1.0
pumpkin/seq-06/color/frame-000493.color.png pumpkin/seq-06/color/frame-000496.color.png 0.999879 0.0154665 0.0018653 0.0191382 -0.0154128 0.999544 -0.0259762 -0.0560366 -0.00226623 0.0259443 0.999661 0.0218267 0.0 0.0 0.0 1.0
pumpkin/seq-06/color/frame-000496.color.png pumpkin/seq-06/color/frame-000499.color.png 0.999719 0.0223309 -0.00792194 0.0448359 -0.0224104 0.999698 -0.010089 -0.0746586 0.00769424 0.0102637 0.999918 0.042897 0.0 0.0 0.0 1.0
pumpkin/seq-06/color/frame-000499.color.png pumpkin/seq-06/color/frame-000502.color.png 0.999945 0.010444 -0.000556763 0.0536561 -0.0104476 0.999921 -0.00703678 -0.046956 0.000483255 0.00704215 0.999975 0.0289767 0.0 0.0 0.0 1.0
pumpkin/seq-06/color/frame-000502.color.png pumpkin/seq-06/color/frame-000505.color.png 0.999932 0.00443044 0.0107752 0.0376892 -0.0044271 0.99999 -0.00033659 -0.0528669 -0.0107766 0.000288917 0.999942 0.0187531 0.0 0.0 0.0 1.0
pumpkin/seq-06/color/frame-000505.color.png pumpkin/seq-06/color/frame-000508.color.png 0.999986 0.00475863 -0.0022326 0.0514891 -0.00475999 0.999988 -0.000614358 -0.0322654 0.00222964 0.00062496 0.999997 0.0540531 0.0 0.0 0.0 1.0
pumpkin/seq-06/color/frame-000508.color.png pumpkin/seq-06/color/frame-000511.color.png 0.999993 -0.00299503 0.00217869 0.0132508 0.00297509 0.999954 0.00911738 -0.0425246 -0.00220593 -0.00911088 0.999956 0.0524576 0.0 0.0 0.0 1.0
pumpkin/seq-06/color/frame-000511.color.png pumpkin/seq-06/color/frame-000514.color.png 0.999997 0.000409511 -0.00234996 0.0283669 -0.000425738 0.999976 -0.00690661 -0.0374401 0.00234708 0.00690764 0.999973 0.0584365 0.0 0.0 0.0 1.0
pumpkin/seq-06/color/frame-000514.color.png pumpkin/seq-06/color/frame-000517.color.png 0.999977 0.00535006 0.00406705 0.0327622 -0.00533682 0.99998 -0.00326388 -0.0603452 -0.00408441 0.00324205 0.999986 0.0594477 0.0 0.0 0.0 1.0
pumpkin/seq-06/color/frame-000517.color.png pumpkin/seq-06/color/frame-000520.color.png 0.999963 -0.00698784 0.00504845 0.00957489 0.00701483 0.999961 -0.00535296 -0.0390318 -0.00501085 0.0053882 0.999973 0.0545681 0.0 0.0 0.0 1.0
