pumpkin/seq-06/color/frame-000000.color.png pumpkin/seq-06/color/frame-000001.color.png 1.0 0.000268944 0.000367358 -0.000848184 -0.000268838 1.0 -0.000290085 0.000629652 -0.000367436 0.000289986 1.0 -0.000266291 0.0 0.0 0.0 1.0
pumpkin/seq-06/color/frame-000001.color.png pumpkin/seq-06/color/frame-000002.color.png 1.0 0.000858376 -0.000121719 0.00189613 -0.000858418 0.999999 -0.000345676 0.00283708 0.000121422 0.00034578 1.0 -8.81031e-05 0.0 0.0 0.0 1.0
pumpkin/seq-06/color/frame-000002.color.png pumpkin/seq-06/color/frame-000003.color.png 0.999998 -0.000769281 0.00177312 -0.00174503 0.000766765 0.999999 0.00141954 0.000654092 -0.00177421 -0.00141818 0.999997 9.34462e-05 0.0 0.0 0.0 1.0
pumpkin/seq-06/color/frame-000003.color.png pumpkin/seq-06/color/frame-000004.color.png 0.999999 -0.00135106 0.000492669 0.000753076 0.00135023 0.999998 0.00168682 -0.000543192 -0.000494946 -0.00168615 0.999999 0.00117483 0.0 0.0 0.0 1.0
pumpkin/seq-06/color/frame-000004.color.png pumpkin/seq-06/color/frame-000005.color.png 1.0 -0.000861172 0.000406531 0.00139391 0.000860584 0.999999 0.00144617 -0.00428414 -0.000407776 -0.00144582 0.999999 0.00336227 0.0 0.0 0.0 1.0
pumpkin/seq-06/color/frame-000005.color.png pumpkin/seq-06/color/frame-000006.color.png 0.999999 -0.00166013 0.000476412 -0.00127002 0.00166113 0.999996 -0.00211633 -0.000881669 -0.000472896 0.00211712 0.999998 0.000967148 0.0 0.0 0.0 1.0
pumpkin/seq-06/color/frame-000006.color.png pumpkin/seq-06/color/frame-000007.color.png 0.999999 -0.00140168 -0.000429591 0.00023013 0.00140016 0.999993 -0.00350672 0.00259818 0.000434503 0.00350612 0.999994 0.000245024 0.0 0.0 0.0 1.0
pumpkin/seq-06/color/frame-000007.color.png pumpkin/seq-06/color/frame-000008.color.png 1.0 0.000115486 -0.000475699 0.00135472 -0.000116148 0.999999 -0.00139373 -0.0017251 0.000475537 0.00139379 0.999999 0.00163675 0.0 0.0 0.0 1.0
pumpkin/seq-06/color/frame-000008.color.png pumpkin/seq-06/color/frame-000009.color.png 0.999999 -0.000973317 0.000514534 -0.000994352 0.000974732 0.999996 -0.00275898 0.00228811 -0.000511846 0.00275948 0.999996 0.00157348 0.0 0.0 0.0 1.0
pumpkin/seq-06/color/frame-000009.color.png pumpkin/seq-06/color/frame-000010.color.png 1.0 -0.000358597 -0.000598566 0.00147892 0.00035877 1.0 0.000286753 -0.00173138 0.000598463 -0.000286969 1.0 0.00150858 0.0 0.0 0.0 1.0
pumpkin/seq-06/color/frame-000010.color.png pumpkin/seq-06/color/frame-000011.color.png 0.999999 0.00121047 0.00106652 0.00102556 -0.00121051 0.999999 4.19025e-05 -0.00688073 -0.00106647 -4.31928e-05 0.999999 0.00317152 0.0 0.0 0.0 1.0
pumpkin/seq-06/color/frame-000011.color.png pumpkin/seq-06/color/frame-000012.color.png 0.999987 -0.00347819 0.00375503 -0.00409899 0.00350229 0.999973 -0.00643227 -0.00292806 -0.00373256 0.00644533 0.999972 0.00490659 0.0 0.0 0.0 1.0
pumpkin/seq-06/color/frame-000012.color.png pumpkin/seq-06/color/frame-000013.color.png 0.999973 -0.00706742 -0.0020638 0.00164978 0.00704631 0.999924 -0.0100621 0.00434072 0.00213476 0.0100473 0.999947 -0.00124248 0.0 0.0 0.0 1.0
pumpkin/seq-06/color/frame-000013.color.png pumpkin/seq-06/color/frame-000014.color.png 0.99999 -0.00333256 -0.00296518 0.000729261 0.00330982 0.999965 -0.00763952 0.00515971 0.00299054 0.00762963 0.999966 0.00285035 0.0 0.0 0.0 1.0
pumpkin/seq-06/color/frame-000014.color.png pumpkin/seq-06/color/frame-000015.color.png 0.999998 -0.00167929 -0.00124001 -0.00184079 0.00167499 0.999993 -0.00346436 0.000949577 0.00124582 0.00346227 0.999993 0.00352571 0.0 0.0 0.0 1.0
pumpkin/seq-06/color/frame-000015.color.png pumpkin/seq-06/color/frame-000016.color.png 0.999996 -0.00176348 -0.00235873 0.00166304 0.00175674 0.999994 -0.00285642 0.00266319 0.00236376 0.00285227 0.999993 0.00355146 0.0 0.0 0.0 1.0
pumpkin/seq-06/color/frame-000016.color.png pumpkin/seq-06/color/frame-000017.color.png 0.999999 -0.00125001 -0.000572425 -0.000104273 0.00124985 0.999999 -0.000284627 -0.00121199 0.00057278 0.000283917 1.0 0.00513246 0.0 0.0 0.0 1.0
pumpkin/seq-06/color/frame-000017.color.png pumpkin/seq-06/color/frame-000018.color.png 0.999998 -0.00185256 -0.00101468 0.000151542 0.00185121 0.999997 -0.0013227 -0.00425348 0.00101713 0.00132082 0.999999 0.00647429 0.0 0.0 0.0 1.0
pumpkin/seq-06/color/frame-000018.color.png pumpkin/seq-06/color/frame-000019.color.png 0.999997 -0.00226822 -0.000782272 -0.00304326 0.0022648 0.999988 -0.00434145 -0.0075012 0.000792109 0.00433966 0.99999 0.00739003 0.0 0.0 0.0 1.0
pumpkin/seq-06/color/frame-000019.color.png pumpkin/seq-06/color/frame-000020.color.png 0.999995 -0.00262086 -0.00195411 0.000507556 0.00259738 0.999925 -0.0119266 0.00704791 0.00198522 0.0119215 0.999927 0.00399885 0.0 0.0 0.0 1.0
pumpkin/seq-06/color/frame-000020.color.png pumpkin/seq-06/color/frame-000021.color.png 0.999974 -0.00724089 -0.000214853 4.23306e-05 0.00723892 0.999941 -0.00811029 0.00466469 0.000273569 0.00810852 0.999967 0.0041986 0.0 0.0 0.0 1.0
pumpkin/seq-06/color/frame-000021.color.png pumpkin/seq-06/color/frame-000022.color.png 0.999976 -0.00678909 -0.001041 -0.000342511 0.0067838 0.999965 -0.00499435 0.00417353 0.00107487 0.00498717 0.999987 0.00415863 0.0 0.0 0.0 1.0
pumpkin/seq-06/color/frame-000022.color.png pumpkin/seq-06/color/frame-000023.color.png 0.999997 -0.00236713 -0.000458888 -0.000493836 0.00236655 0.999996 -0.00128444 -0.00113537 0.000461928 0.00128337 0.999999 0.00563258 0.0 0.0 0.0 1.0
pumpkin/seq-06/color/frame-000023.color.png pumpkin/seq-06/color/frame-000024.color.png 0.999995 -0.00308556 -0.00113355 0.000142252 0.00308453 0.999995 -0.00089834 -1.79675e-05 0.00113631 0.000894839 0.999999 0.00528751 0.0 0.0 0.0 1.0
pumpkin/seq-06/color/frame-000024.color.png pumpkin/seq-06/color/frame-000025.color.png 0.999997 -0.00234343 -0.000707176 -0.00351551 0.00234273 0.999997 -0.000973288 0.00233585 0.000709454 0.000971614 0.999999 0.00719234 0.0 0.0 0.0 1.0
pumpkin/seq-06/color/frame-000025.color.png pumpkin/seq-06/color/frame-000026.color.png 0.999994 -0.002248 -0.00243558 0.000959339 0.00225028 0.999997 0.000937856 -0.000229641 0.00243346 -0.000943322 0.999997 0.00626754 0.0 0.0 0.0 1.0
pumpkin/seq-06/color/frame-000026.color.png pumpkin/seq-06/color/frame-000027.color.png 1.0 0.000152706 0.000287559 -0.000418332 -0.000152682 1.0 -5.19706e-05 0.000124766 -0.000287563 5.19303e-05 1.0 5.75781e-05 0.0 0.0 0.0 1.0
pumpkin/seq-06/color/frame-000027.color.png pumpkin/seq-06/color/frame-000028.color.png 0.999995 -0.00304112 -0.000632777 -0.000650532 0.00304176 0.999995 0.0010275 -0.00450003 0.000629646 -0.00102942 0.999999 0.00675157 0.0 0.0 0.0 1.0
pumpkin/seq-06/color/frame-000028.color.png pumpkin/seq-06/color/frame-000029.color.png 1.0 -1.28294e-06 -0.00100838 0.00111211 1.68024e-06 1.0 0.000394782 -0.00745643 0.00100839 -0.000394782 0.999999 0.00768889 0.0 0.0 0.0 1.0
pumpkin/seq-06/color/frame-000029.color.png pumpkin/seq-06/color/frame-000030.color.png 0.999998 -0.00151043 0.00112642 -0.00303115 0.00151597 0.999987 -0.00493338 -3.21683e-05 -0.00111895 0.00493511 0.999987 0.00553934 0.0 0.0 0.0 1.0
pumpkin/seq-06/color/frame-000030.color.png pumpkin/seq-06/color/frame-000031.color.png 0.999977 -0.00669951 0.000689216 -0.00191044 0.00670222 0.999969 -0.00402283 -0.00115855 -0.000662247 0.00402735 0.999992 0.00519556 0.0 0.0 0.0 1.0
pumpkin/seq-06/color/frame-000031.color.png pumpkin/seq-06/color/frame-000032.color.png 0.999969 -0.00735984 0.00269949 -0.00346525 0.0073713 0.999964 -0.00425651 -0.00107816 -0.00266806 0.00427628 0.999987 0.00673022 0.0 0.0 0.0 1.0
pumpkin/seq-06/color/frame-000032.color.png pumpkin/seq-06/color/frame-000033.color.png 0.99998 -0.0062839 0.000694277 0.0019661 0.00628578 0.999977 -0.00271931 -0.00614018 -0.000677171 0.00272362 0.999996 0.00454295 0.0 0.0 0.0 1.0
pumpkin/seq-06/color/frame-000033.color.png pumpkin/seq-06/color/frame-000034.color.png 0.999997 -0.00222848 0.00138397 -0.00297446 0.00223738 0.999977 -0.00647044 -0.00379819 -0.00136952 0.00647353 0.999978 0.00449291 0.0 0.0 0.0 1.0
pumpkin/seq-06/color/frame-000034.color.png pumpkin/seq-06/color/frame-000035.color.png 1.0 0.000424261 0.000753117 -0.00196568 -0.000424872 0.999999 0.000856917 -0.00186164 -0.000752749 -0.000857244 0.999999 7.63685e-05 0.0 0.0 0.0 1.0
pumpkin/seq-06/color/frame-000035.color.png pumpkin/seq-06/color/frame-000036.color.png 0.999998 -0.00143881 -0.00142642 -0.000572789 0.00142653 0.999962 -0.00856249 -0.000402587 0.00143868 0.00856044 0.999962 0.00552591 0.0 0.0 0.0 1.0
pumpkin/seq-06/color/frame-000036.color.png pumpkin/seq-06/color/frame-000037.color.png 1.0 -0.000239944 -0.0004462 -0.00135227 0.000236838 0.999976 -0.00693764 0.00441712 0.000447854 0.00693755 0.999976 0.00185481 0.0 0.0 0.0 1.0
pumpkin/seq-06/color/frame-000037.color.png pumpkin/seq-06/color/frame-000038.color.png 1.0 -0.000247573 0.000537998 0.00198228 0.00024975 0.999992 -0.00405562 0.00405237 -0.00053699 0.00405573 0.999992 0.00477599 0.0 0.0 0.0 1.0
pumpkin/seq-06/color/frame-000038.color.png pumpkin/seq-06/color/frame-000039.color.png 0.999984 -0.00119597 0.0056148 -0.00661458 0.00120805 0.999997 -0.00214744 -0.00423412 -0.00561222 0.0021542 0.999982 0.00518036 0.0 0.0 0.0 1.0
pumpkin/seq-06/color/frame-000039.color.png pumpkin/seq-06/color/frame-000040.color.png 0.999981 -0.00285451 0.00551339 -0.00753179 0.00286401 0.999994 -0.00171686 -0.0113876 -0.00550846 0.00173262 0.999983 0.00375965 0.0 0.0 0.0 1.0
pumpkin/seq-06/color/frame-000040.color.png pumpkin/seq-06/color/frame-000041.color.png 0.999985 -0.00378814 0.00404615 -0.00479739 0.00382221 0.999957 -0.00844132 -0.00128096 -0.00401399 0.00845664 0.999956 0.00554107 0.0 0.0 0.0 1.0
pumpkin/seq-06/color/frame-000041.color.png pumpkin/seq-06/color/frame-000042.color.png 0.999987 -0.00146581 0.00487519 -0.0082092 0.00150976 0.999958 -0.00902618 -0.000632197 -0.00486175 0.00903339 0.999947 0.00294201 0.0 0.0 0.0 1.0
pumpkin/seq-06/color/frame-000042.color.png pumpkin/seq-06/color/frame-000043.color.png 1.0 -0.00012582 9.70718e-05 -0.000242718 0.000125808 1.0 5.67738e-05 2.37748e-05 -9.70848e-05 -5.67193e-05 1.0 -8.09133e-05 0.0 0.0 0.0 1.0
pumpkin/seq-06/color/frame-000043.color.png pumpkin/seq-06/color/frame-000044.color.png 0.999988 -0.00428606 0.00246522 -0.00145591 0.00430429 0.999963 -0.0074427 0.00214028 -0.00243322 0.0074532 0.999969 -0.000187069 0.0 0.0 0.0 1.0
pumpkin/seq-06/color/frame-000044.color.png pumpkin/seq-06/color/frame-000045.color.png 0.999972 -0.00632825 0.0038823 -0.00475829 0.00635432 0.999957 -0.0067353 -0.00246071 -0.00383951 0.00675978 0.99997 0.0066375 0.0 0.0 0.0 1.0
pumpkin/seq-06/color/frame-000045.color.png pumpkin/seq-06/color/frame-000046.color.png 0.999981 -0.00553959 0.00282998 -0.00494386 0.00556241 0.999952 -0.00812694 -0.00297628 -0.00278482 0.00814252 0.999963 0.00417437 0.0 0.0 0.0 1.0
pumpkin/seq-06/color/frame-000046.color.png pumpkin/seq-06/color/frame-000047.color.png 0.999996 -0.00282135 0.000920557 -0.00190234 0.00282838 0.999966 -0.00770708 0.0021629 -0.000898784 0.00770965 0.99997 0.00192246 0.0 0.0 0.0 1.0
pumpkin/seq-06/color/frame-000047.color.png pumpkin/seq-06/color/frame-000048.color.png 0.999996 0.000471729 0.00282434 -0.00491827 -0.000452584 0.999977 -0.00677886 0.0026597 -0.00282748 0.00677753 0.999973 0.00459902 0.0 0.0 0.0 1.0
pumpkin/seq-06/color/frame-000048.color.png pumpkin/seq-06/color/frame-000049.color.png 0.999995 0.00315672 0.000319696 0.000621695 -0.0031553 0.999986 -0.00434779 -0.00942057 -0.00033341 0.00434673 0.999991 0.00598541 0.0 0.0 0.0 1.0
pumpkin/seq-06/color/frame-000049.color.png pumpkin/seq-06/color/frame-000050.color.png 0.999995 0.00254309 0.00163768 -0.00543349 -0.00252727 0.999951 -0.00959694 0.00317605 -0.001662 0.00959275 0.999953 0.00264536 0.0 0.0 0.0 1.0
pumpkin/seq-06/color/frame-000050.color.png pumpkin/seq-06/color/frame-000051.color.png 0.999997 0.00145756 0.0019102 -0.00530924 -0.00145051 0.999992 -0.00368673 -0.00954489 -0.00191558 0.00368399 0.999991 0.00451732 0.0 0.0 0.0 1.0
pumpkin/seq-06/color/frame-000051.color.png pumpkin/seq-06/color/frame-000052.color.png 0.999993 -6.58116e-05 0.00366443 -0.0058891 8.71053e-05 0.999983 -0.00581291 -0.000355095 -0.00366398 0.00581319 0.999976 0.00125125 0.0 0.0 0.0 1.0
pumpkin/seq-06/color/frame-000052.color.png pumpkin/seq-06/color/frame-000053.color.png 1.0 1.83951e-05 -0.000538621 0.00142926 -1.84379e-05 1.0 -0.000103561 0.000212252 0.000538612 0.000103545 1.0 -0.000113815 0.0 0.0 0.0 1.0
pumpkin/seq-06/color/frame-000053.color.png pumpkin/seq-06/color/frame-000054.color.png 0.999989 -0.00198777 0.00424694 -0.00710765 0.00200692 0.999988 -0.00451102 -0.00463425 -0.00423793 0.00451955 0.999981 0.00491746 0.0 0.0 0.0 1.0
pumpkin/seq-06/color/frame-000054.color.png pumpkin/seq-06/color/frame-000055.color.png 0.999998 -0.0015256 0.0015873 -0.00127193 0.00153803 0.999968 -0.00784455 -0.00211533 -0.00157527 0.00784695 0.999968 0.00513637 0.0 0.0 0.0 1.0
pumpkin/seq-06/color/frame-000055.color.png pumpkin/seq-06/color/frame-000056.color.png 0.999997 -0.000377247 0.0023449 -0.00290843 0.000395112 0.999971 -0.00761563 0.00227911 -0.00234195 0.00761653 0.999968 0.00242823 0.0 0.0 0.0 1.0
pumpkin/seq-06/color/frame-000056.color.png pumpkin/seq-06/color/frame-000057.color.png 0.999996 -0.000636677 0.00265204 -0.00381756 0.000652358 0.999982 -0.00591487 -0.00510138 -0.00264822 0.00591653 0.999979 0.00368802 0.0 0.0 0.0 1.0
pumpkin/seq-06/color/frame-000057.color.png pumpkin/seq-06/color/frame-000058.color.png 0.999989 -0.00136823 0.00440315 -0.0124184 0.00139208 0.999984 -0.00542899 -0.0107015 -0.00439567 0.00543511 0.999975 0.00347078 0.0 0.0 0.0 1.0
pumpkin/seq-06/color/frame-000058.color.png pumpkin/seq-06/color/frame-000059.color.png 0.999999 0.00120983 0.000906773 -0.00128456 -0.00120057 0.999948 -0.0101482 -0.000162803 -0.000919006 0.0101471 0.999948 0.00355269 0.0 0.0 0.0 1.0
pumpkin/seq-06/color/frame-000059.color.png pumpkin/seq-06/color/frame-000060.color.png 0.999985 0.000679697 0.00551001 -0.00193494 -0.000643864 0.999979 -0.0064985 0.00180046 -0.00551431 0.00649486 0.999964 0.000355542 0.0 0.0 0.0 1.0
pumpkin/seq-06/color/frame-000060.color.png pumpkin/seq-06/color/frame-000061.color.png 0.99997 -0.00250082 0.00733162 -0.010359 0.00253698 0.999985 -0.00492666 -0.00236436 -0.00731918 0.00494513 0.999961 0.00624904 0.0 0.0 0.0 1.0
pumpkin/seq-06/color/frame-000061.color.png pumpkin/seq-06/color/frame-000062.color.png 0.999993 -0.00314583 0.00177458 -0.0021584 0.00315406 0.999984 -0.00466066 -0.00684822 -0.0017599 0.00466628 0.999988 0.00294343 0.0 0.0 0.0 1.0
pumpkin/seq-06/color/frame-000062.color.png pumpkin/seq-06/color/frame-000063.color.png 0.999994 -0.00226004 0.0024616 -0.00206177 0.00228281 0.999954 -0.00928529 0.00430129 -0.00244051 0.00929086 0.999954 0.00250754 0.0 0.0 0.0 1.0
pumpkin/seq-06/color/frame-000063.color.png pumpkin/seq-06/color/frame-000064.color.png 0.999997 -0.00147906 0.00198556 -0.00208667 0.00148702 0.999991 -0.0040189 -0.00893764 -0.00197959 0.00402181 0.99999 0.00407915 0.0 0.0 0.0 1.0
pumpkin/seq-06/color/frame-000064.color.png pumpkin/seq-06/color/frame-000065.color.png 0.999994 0.00093224 0.00347536 -0.00512318 -0.000909029 0.999977 -0.00667615 -0.00505992 -0.00348152 0.00667292 0.999972 0.000359312 0.0 0.0 0.0 1.0
pumpkin/seq-06/color/frame-000065.color.png pumpkin/seq-06/color/frame-000066.color.png 0.999996 -0.000125644 0.00274941 -0.00439926 0.000158218 0.99993 -0.0118503 0.00566234 -0.00274773 0.0118508 0.999926 0.00722629 0.0 0.0 0.0 1.0
pumpkin/seq-06/color/frame-000066.color.png pumpkin/seq-06/color/frame-000067.color.png 0.999993 -0.000340377 0.00375772 -0.00764065 0.000378822 0.999948 -0.0102341 0.0016147 -0.00375404 0.0102355 0.999941 0.00192134 0.0 0.0 0.0 1.0
pumpkin/seq-06/color/frame-000067.color.png pumpkin/seq-06/color/frame-000068.color.png 0.999999 0.000742701 0.0012023 0.00162289 -0.000733636 0.999972 -0.00751443 -0.00419578 -0.00120783 0.00751352 0.999971 0.000102028 0.0 0.0 0.0 1.0
pumpkin/seq-06/color/frame-000068.color.png pumpkin/seq-06/color/frame-000069.color.png 0.999996 -0.00270146 0.000730802 -6.87167e-05 0.00270273 0.999995 -0.00174343 -0.0180422 -0.000726096 0.00174551 0.999998 -0.0042863 0.0 0.0 0.0 1.0
pumpkin/seq-06/color/frame-000069.color.png pumpkin/seq-06/color/frame-000070.color.png 0.999988 0.000247473 0.0049099 -0.00474622 -0.000193539 0.99994 -0.0109848 0.00467941 -0.00491232 0.0109836 0.999928 0.00450727 0.0 0.0 0.0 1.0
pumpkin/seq-06/color/frame-000070.color.png pumpkin/seq-06/color/frame-000071.color.png 0.999988 -0.00101424 0.00476684 -0.00233947 0.00105427 0.999964 -0.00840001 -0.00110406 -0.00475813 0.00840494 0.999953 0.00272356 0.0 0.0 0.0 1.0
pumpkin/seq-06/color/frame-000071.color.png pumpkin/seq-06/color/frame-000072.color.png 0.999999 -0.000374127 0.0012064 -0.00273801 0.000375814 0.999999 -0.00139105 0.00330047 -0.00120589 0.0013915 0.999998 0.000866264 0.0 0.0 0.0 1.0
pumpkin/seq-06/color/frame-000072.color.png pumpkin/seq-06/color/frame-000073.color.png 0.999978 -0.00300885 0.00595764 -0.00681761 0.00306187 0.999956 -0.00891126 0.00111118 -0.00593057 0.00892932 0.999943 0.00175095 0.0 0.0 0.0 1.0
pumpkin/seq-06/color/frame-000073.color.png pumpkin/seq-06/color/frame-000074.color.png 0.999996 0.00191412 0.00197384 0.00402153 -0.00190046 0.999974 -0.00689954 -0.00179759 -0.00198698 0.00689575 0.999974 -0.000983924 0.0 0.0 0.0 1.0
pumpkin/seq-06/color/frame-000074.color.png pumpkin/seq-06/color/frame-000075.color.png 0.999975 0.00176744 0.00681658 -0.00843033 -0.00172763 0.999981 -0.00583985 -0.00540239 -0.0068268 0.00582794 0.99996 0.000829622 0.0 0.0 0.0 1.0
pumpkin/seq-06/color/frame-000075.color.png pumpkin/seq-06/color/frame-000076.color.png 0.999986 0.00212135 0.00494805 -0.00376509 -0.00209768 0.999986 -0.00478406 -0.00793216 -0.00495812 0.00477366 0.999976 -0.00139189 0.0 0.0 0.0 1.0
pumpkin/seq-06/color/frame-000076.color.png pumpkin/seq-06/color/frame-000077.color.png 0.999977 0.00127349 0.00662575 -0.00590584 -0.00122708 0.999975 -0.00700253 -0.00429381 -0.0066345 0.0069942 0.999954 0.000831917 0.0 0.0 0.0 1.0
pumpkin/seq-06/color/frame-000077.color.png pumpkin/seq-06/color/frame-000078.color.png 0.999985 -0.00111872 0.00544411 -0.000276059 0.0011616 0.999968 -0.0078819 -0.00519758 -0.0054351 0.00788807 0.999954 -0.000828072 0.0 0.0 0.0 1.0
pumpkin/seq-06/color/frame-000078.color.png pumpkin/seq-06/color/frame-000079.color.png 0.999982 -0.00128916 0.00577694 -0.00375116 0.00135631 0.999931 -0.0116387 0.00273716 -0.00576156 0.0116464 0.999916 0.00138251 0.0 0.0 0.0 1.0
pumpkin/seq-06/color/frame-000079.color.png pumpkin/seq-06/color/frame-000080.color.png 0.999982 0.000935275 0.00601307 -0.0041979 -0.000877257 0.999953 -0.00964736 2.75522e-05 -0.0060218 0.00964188 0.999935 0.000247061 0.0 0.0 0.0 1.0
pumpkin/seq-06/color/frame-000080.color.png pumpkin/seq-06/color/frame-000081.color.png 0.999987 0.000800297 0.00509587 -0.00235997 -0.000750292 0.999952 -0.00979982 0.00250205 -0.00510348 0.00979594 0.999939 0.00124177 0.0 0.0 0.0 1.0
pumpkin/seq-06/color/frame-000081.color.png pumpkin/seq-06/color/frame-000082.color.png 0.999995 -0.000941456 0.00311409 -0.00280303 0.000959564 0.999983 -0.00583053 -0.00324535 -0.00310851 0.00583341 0.999978 -0.00241148 0.0 0.0 0.0 1.0
pumpkin/seq-06/color/frame-000082.color.png pumpkin/seq-06/color/frame-000083.color.png 0.999993 0.00253499 0.00289348 0.00210255 -0.00251825 0.99998 -0.00576613 -0.000972331 -0.00290808 0.00575887 0.999979 -0.000269666 0.0 0.0 0.0 1.0
pumpkin/seq-06/color/frame-000083.color.png pumpkin/seq-06/color/frame-000084.color.png 0.99996 0.00222623 0.00871752 -0.0049867 -0.00218028 0.999984 -0.00527915 -0.00170915 -0.00872913 0.00526001 0.999948 0.000772178 0.0 0.0 0.0 1.0
pumpkin/seq-06/color/frame-000084.color.png pumpkin/seq-06/color/frame-000085.color.png 0.999988 -0.000531069 0.0048119 -0.00227986 0.000547663 0.999994 -0.00345417 -0.00826345 -0.00481001 0.00345666 0.999982 -0.00470202 0.0 0.0 0.0 1.0
pumpkin/seq-06/color/frame-000085.color.png pumpkin/seq-06/color/frame-000086.color.png 0.999992 0.00139816 0.00364772 -0.00178851 -0.00136686 0.999962 -0.00855703 0.00250426 -0.00365956 0.00855208 0.999957 0.000900447 0.0 0.0 0.0 1.0
pumpkin/seq-06/color/frame-000086.color.png pumpkin/seq-06/color/frame-000087.color.png 0.99999 0.0010753 0.00442182 -0.00142317 -0.00104655 0.999978 -0.00649961 -0.000949249 -0.00442866 0.00649481 0.999969 7.23153e-05 0.0 0.0 0.0 1.0
pumpkin/seq-06/color/frame-000087.color.png pumpkin/seq-06/color/frame-000088.color.png 0.999989 0.000960412 0.00463319 -0.00308029 -0.000920543 0.999963 -0.00860134 0.00739087 -0.0046413 0.00859706 0.999952 0.00143808 0.0 0.0 0.0 1.0
pumpkin/seq-06/color/frame-000088.color.png pumpkin/seq-06/color/frame-000089.color.png 0.999998 0.00124163 0.00172613 0.000923082 -0.00124097 0.999999 -0.000400193 -0.0116101 -0.00172661 0.000398006 0.999998 -0.00496162 0.0 0.0 0.0 1.0
pumpkin/seq-06/color/frame-000089.color.png pumpkin/seq-06/color/frame-000090.color.png 0.999996 0.00100642 0.00278701 -1.36495e-05 -0.00100218 0.999998 -0.00151949 -0.0090282 -0.00278855 0.00151682 0.999995 -0.00495972 0.0 0.0 0.0 1.0
pumpkin/seq-06/color/frame-000090.color.png pumpkin/seq-06/color/frame-000091.color.png 0.999995 -0.000834142 0.00296995 -0.00315697 0.000868122 0.999934 -0.0114467 0.00911966 -0.00296024 0.0114491 0.99993 0.00630936 0.0 0.0 0.0 1.0
pumpkin/seq-06/color/frame-000091.color.png pumpkin/seq-06/color/frame-000092.color.png 0.999986 0.0031311 0.00436237 -0.00142023 -0.0031008 0.999971 -0.00693789 -0.00258586 -0.00438397 0.00692418 0.999966 -0.00211565 0.0 0.0 0.0 1.0
pumpkin/seq-06/color/frame-000092.color.png pumpkin/seq-06/color/frame-000093.color.png 0.999992 0.000354182 0.00406105 -0.00274584 -0.000327315 0.999978 -0.0066081 -0.00155939 -0.0040633 0.00660674 0.99997 0.000245124 0.0 0.0 0.0 1.0
pumpkin/seq-06/color/frame-000093.color.png pumpkin/seq-06/color/frame-000094.color.png 0.999999 8.45384e-05 0.00161424 -0.000778288 -7.40792e-05 0.999979 -0.00649244 0.00100406 -0.00161475 0.00649233 0.999978 -0.000802442 0.0 0.0 0.0 1.0
pumpkin/seq-06/color/frame-000094.color.png pumpkin/seq-06/color/frame-000095.color.png 0.999993 0.00335504 0.00178448 0.00369596 -0.00334732 0.999985 -0.00431915 -0.00339305 -0.00179893 0.00431312 0.999989 -0.00189735 0.0 0.0 0.0 1.0
pumpkin/seq-06/color/frame-000095.color.png pumpkin/seq-06/color/frame-000096.color.png 0.999979 0.0034955 0.00539707 -0.00222178 -0.00347216 0.999985 -0.00433027 -0.0043378 -0.00541214 0.00431143 0.999976 -0.00301449 0.0 0.0 0.0 1.0
pumpkin/seq-06/color/frame-000096.color.png pumpkin/seq-06/color/frame-000097.color.png 0.999995 0.00152008 0.00293067 -0.00297418 -0.00149938 0.999974 -0.00705349 0.000779629 -0.00294133 0.00704899 0.999971 -0.00252652 0.0 0.0 0.0 1.0
pumpkin/seq-06/color/frame-000097.color.png pumpkin/seq-06/color/frame-000098.color.png 0.999985 0.00487928 0.00249555 0.00166789 -0.00485508 0.999942 -0.009605 0.00370455 -0.00254226 0.00959274 0.999951 0.00437899 0.0 0.0 0.0 1.0
pumpkin/seq-06/color/frame-000098.color.png pumpkin/seq-06/color/frame-000099.color.png 0.999985 0.00244699 0.00492315 -0.00283757 -0.00242625 0.999988 -0.00421165 -0.00761048 -0.00493341 0.0041996 0.999979 -0.00439078 0.0 0.0 0.0 1.0
pumpkin/seq-06/color/frame-000099.color.png pumpkin/seq-06/color/frame-000100.color.png 0.999996 0.00206569 0.00183024 -9.56804e-05 -0.0020566 0.999986 -0.00494964 -0.00854778 -0.00184043 0.00494588 0.999986 -0.00224553 0.0 0.0 0.0 1.0
pumpkin/seq-06/color/frame-000100.color.png pumpkin/seq-06/color/frame-000101.color.png 0.999984 0.00537096 0.00203562 0.000369117 -0.00535576 0.999958 -0.00740895 -0.00407919 -0.00207535 0.00739789 0.99997 -0.00222783 0.0 0.0 0.0 1.0
pumpkin/seq-06/color/frame-000101.color.png pumpkin/seq-06/color/frame-000102.color.png 0.999974 0.00510336 0.00515105 -0.00297897 -0.00506231 0.999956 -0.00794754 0.000850409 -0.00519131 0.00792121 0.999955 -0.00118731 0.0 0.0 0.0 1.0
pumpkin/seq-06/color/frame-000102.color.png pumpkin/seq-06/color/frame-000103.color.png 0.999992 0.00186167 0.00351153 -0.00181547 -0.00183851 0.999977 -0.00659601 -0.00490846 -0.00352373 0.00658943 0.999972 -0.00177966 0.0 0.0 0.0 1.0
pumpkin/seq-06/color/frame-000103.color.png pumpkin/seq-06/color/frame-000104.color.png 0.999988 0.00418196 0.00250283 0.000690311 -0.00416336 0.999964 -0.00738787 -0.00251512 -0.00253367 0.00737739 0.999969 -0.00167277 0.0 0.0 0.0 1.0
pumpkin/seq-06/color/frame-000104.color.png pumpkin/seq-06/color/frame-000105.color.png 0.999988 0.00480639 0.00105058 0.00449044 -0.00480863 0.999986 0.00215533 -0.0217844 -0.00104022 -0.0021603 0.999997 -0.0106392 0.0 0.0 0.0 1.0
pumpkin/seq-06/color/frame-000105.color.png pumpkin/seq-06/color/frame-000106.color.png 0.999987 0.00452644 0.00234632 0.00315201 -0.00451268 0.999973 -0.00583541 -0.00316986 -0.00237269 0.00582471 0.99998 -0.00475882 0.0 0.0 0.0 1.0
pumpkin/seq-06/color/frame-000106.color.png pumpkin/seq-06/color/frame-000107.color.png 0.999986 0.00292336 0.00434976 -2.14875e-05 -0.00289938 0.999981 -0.00551085 4.94719e-05 -0.00436577 0.0054982 0.999975 -0.0024102 0.0 0.0 0.0 1.0
pumpkin/seq-06/color/frame-000107.color.png pumpkin/seq-06/color/frame-000108.color.png 0.999986 -5.27834e-05 0.00519366 -0.00419438 6.48926e-05 0.999997 -0.00233356 -0.00617597 -0.0051935 0.00233386 0.999984 -0.00561897 0.0 0.0 0.0 1.0
pumpkin/seq-06/color/frame-000108.color.png pumpkin/seq-06/color/frame-000109.color.png 0.999996 0.00115245 0.00260453 4.45098e-05 -0.00113412 0.999975 -0.00702966 -0.00165406 -0.00261262 0.00702674 0.999972 -0.00112894 0.0 0.0 0.0 1.0
pumpkin/seq-06/color/frame-000109.color.png pumpkin/seq-06/color/frame-000110.color.png 0.999994 0.00313886 0.00127391 0.00094901 -0.00312906 0.999966 -0.00759795 -0.001771 -0.00129769 0.00759386 0.99997 -0.00305353 0.0 0.0 0.0 1.0
pumpkin/seq-06/color/frame-000110.color.png pumpkin/seq-06/color/frame-000111.color.png 0.999981 0.00505296 0.00361661 -0.000116438 -0.00503202 0.999971 -0.00578061 -0.00598449 -0.00364572 0.00576237 0.999977 -0.00477755 0.0 0.0 0.0 1.0
pumpkin/seq-06/color/frame-000111.color.png pumpkin/seq-06/color/frame-000112.color.png 0.999984 0.00339356 0.00444654 0.00053598 -0.00335513 0.999957 -0.00862633 0.00355774 -0.00447559 0.00861116 0.999953 -0.000667304 0.0 0.0 0.0 1.0
pumpkin/seq-06/color/frame-000112.color.png pumpkin/seq-06/color/frame-000113.color.png 0.999996 0.00114443 0.00260426 0.000904873 -0.00113708 0.999995 -0.002817 -0.0056684 -0.00260749 0.00281392 0.999993 -0.00608492 0.0 0.0 0.0 1.0
pumpkin/seq-06/color/frame-000113.color.png pumpkin/seq-06/color/frame-000114.color.png 0.999996 0.00188548 0.00199412 -0.0019637 -0.0018651 0.999946 -0.0101808 0.00563213 -0.00201318 0.0101771 0.999946 0.00267233 0.0 0.0 0.0 1.0
pumpkin/seq-06/color/frame-000114.color.png pumpkin/seq-06/color/frame-000115.color.png 0.999973 0.00664465 0.00311726 0.00198185 -0.00662553 0.999959 -0.00610885 -0.00273487 -0.00315774 0.00608803 0.999976 -0.00307168 0.0 0.0 0.0 1.0
pumpkin/seq-06/color/frame-000115.color.png pumpkin/seq-06/color/frame-000116.color.png 0.999988 0.00314364 0.00369446 0.00170653 -0.00312064 0.999976 -0.00620924 0.00147897 -0.00371387 0.00619762 0.999974 -0.00416768 0.0 0.0 0.0 1.0
pumpkin/seq-06/color/frame-000116.color.png pumpkin/seq-06/color/frame-000117.color.png 0.999992 0.000397636 0.00395244 -0.00276886 -0.000397233 1.0 -0.000105023 -0.0106033 -0.00395253 0.000103601 0.999992 -0.00793076 0.0 0.0 0.0 1.0
pumpkin/seq-06/color/frame-000117.color.png pumpkin/seq-06/color/frame-000118.color.png 0.999996 0.00186007 0.00193868 -0.000282913 -0.00184809 0.999979 -0.00615156 0.00210261 -0.00195006 0.00614792 0.999979 -0.00251094 0.0 0.0 0.0 1.0
pumpkin/seq-06/color/frame-000118.color.png pumpkin/seq-06/color/frame-000119.color.png 0.999996 0.00142548 0.00236145 0.000698879 -0.00140542 0.999963 -0.00848554 0.00694114 -0.00237341 0.00848214 0.999961 0.00289208 0.0 0.0 0.0 1.0
pumpkin/seq-06/color/frame-000119.color.png pumpkin/seq-06/color/frame-000120.color.png 0.999999 -0.000534073 0.00129639 -0.000509977 0.000531951 0.999998 0.00164507 -0.00526404 -0.00129722 -0.00164442 0.999998 -0.0109479 0.0 0.0 0.0 1.0
pumpkin/seq-06/color/frame-000120.color.png pumpkin/seq-06/color/frame-000121.color.png 0.999999 -0.00022708 0.0016656 -0.000974238 0.000229142 0.999999 -0.00122861 -0.00329092 -0.00166533 0.00122909 0.999998 -0.00226773 0.0 0.0 0.0 1.0
pumpkin/seq-06/color/frame-000121.color.png pumpkin/seq-06/color/frame-000122.color.png 0.999992 0.00157764 0.00363209 -0.00164704 -0.00155503 0.999979 -0.0062266 0.00443104 -0.00364185 0.00622078 0.999974 -0.0025707 0.0 0.0 0.0 1.0
pumpkin/seq-06/color/frame-000122.color.png pumpkin/seq-06/color/frame-000123.color.png 0.999994 0.0013971 0.00307754 -0.00131695 -0.00138256 0.999988 -0.00471631 -0.00112429 -0.0030841 0.00471216 0.999984 -0.00371199 0.0 0.0 0.0 1.0
pumpkin/seq-06/color/frame-000123.color.png pumpkin/seq-06/color/frame-000124.color.png 0.99999 -0.0013374 0.00424444 -0.00267833 0.00137795 0.999953 -0.00955864 -0.00146073 -0.00423148 0.00956448 0.999945 -0.00570432 0.0 0.0 0.0 1.0
pumpkin/seq-06/color/frame-000124.color.png pumpkin/seq-06/color/frame-000125.color.png 0.999999 0.00121455 -0.0002019 0.00550483 -0.0012151 0.999996 -0.0026385 0.000985265 0.000198685 0.00263867 0.999997 -0.00685031 0.0 0.0 0.0 1.0
pumpkin/seq-06/color/frame-000125.color.png pumpkin/seq-06/color/frame-000126.color.png 0.999994 -0.000457412 0.0032899 -0.00762048 0.000460892 0.999999 -0.00106828 -0.00605425 -0.00328936 0.0010697 0.999994 -0.00265267 0.0 0.0 0.0 1.0
pumpkin/seq-06/color/frame-000126.color.png pumpkin/seq-06/color/frame-000127.color.png 0.999998 0.002154 -5.95421e-05 0.00273606 -0.00215386 0.999997 0.00142926 -0.00893697 6.25922e-05 -0.00142897 0.999999 -0.0113881 0.0 0.0 0.0 1.0
pumpkin/seq-06/color/frame-000127.color.png pumpkin/seq-06/color/frame-000128.color.png 0.999988 0.00109039 0.00475958 -0.00491993 -0.00107578 0.999995 -0.00307936 -0.000686944 -0.00476291 0.00307411 0.999984 -0.00266321 0.0 0.0 0.0 1.0
pumpkin/seq-06/color/frame-000128.color.png pumpkin/seq-06/color/frame-000129.color.png 0.999983 0.00338542 0.00482154 -1.30683e-05 -0.00333908 0.999949 -0.00958314 0.00413114 -0.00485376 0.00956702 0.999942 -0.00289622 0.0 0.0 0.0 1.0
pumpkin/seq-06/color/frame-000129.color.png pumpkin/seq-06/color/frame-000130.color.png 0.999992 0.00337849 -0.00225056 0.00284114 -0.0033818 0.999993 -0.00146574 -0.00771263 0.00224564 0.00147324 0.999996 -0.00972718 0.0 0.0 0.0 1.0
pumpkin/seq-06/color/frame-000130.color.png pumpkin/seq-06/color/frame-000131.color.png 0.999997 0.00236058 -0.000851469 1.1161e-05 -0.00236541 0.999981 -0.00566386 0.000862151 0.000838097 0.00566587 0.999984 0.00226037 0.0 0.0 0.0 1.0
pumpkin/seq-06/color/frame-000131.color.png pumpkin/seq-06/color/frame-000132.color.png 0.999996 0.000629867 0.0026997 -0.00534175 -0.000637538 0.999996 0.00284795 -0.00972098 -0.00269792 -0.00284959 0.999992 -0.00678276 0.0 0.0 0.0 1.0
pumpkin/seq-06/color/frame-000132.color.png pumpkin/seq-06/color/frame-000133.color.png 0.999988 0.00494444 0.000108447 0.00457844 -0.00494379 0.999975 -0.00510944 0.0020467 -0.000133752 0.0051089 0.999987 -0.00261315 0.0 0.0 0.0 1.0
pumpkin/seq-06/color/frame-000133.color.png pumpkin/seq-06/color/frame-000134.color.png 0.999974 0.00716564 -0.000678019 0.0011121 -0.00717244 0.999919 -0.010527 0.000165701 0.000602613 0.0105314 0.999944 0.000521645 0.0 0.0 0.0 1.0
pumpkin/seq-06/color/frame-000134.color.png pumpkin/seq-06/color/frame-000135.color.png 0.999995 0.000784806 0.00305274 -0.00789517 -0.000780628 0.999999 -0.00135591 -0.00676319 -0.00305383 0.00135357 0.999994 -0.00146182 0.0 0.0 0.0 1.0
pumpkin/seq-06/color/frame-000135.color.png pumpkin/seq-06/color/frame-000136.color.png 0.999997 0.00179088 0.00189045 -0.00398542 -0.00178965 0.999998 -0.00063517 -0.00747931 -0.00189161 0.000631867 0.999998 -0.00183208 0.0 0.0 0.0 1.0
pumpkin/seq-06/color/frame-000136.color.png pumpkin/seq-06/color/frame-000137.color.png 0.999981 0.00227425 -0.00574866 0.00772937 -0.00228465 0.999996 -0.00180525 0.00197017 0.00574461 0.00181838 0.999982 -0.00584667 0.0 0.0 0.0 1.0
pumpkin/seq-06/color/frame-000137.color.png pumpkin/seq-06/color/frame-000138.color.png 0.999988 5.25053e-06 0.00499525 -0.0125396 -2.73768e-06 1.0 -0.000503554 -0.0044426 -0.00499531 0.000503642 0.999987 0.00516519 0.0 0.0 0.0 1.0
pumpkin/seq-06/color/frame-000138.color.png pumpkin/seq-06/color/frame-000139.color.png 0.999995 0.000930108 -0.00297215 0.00558691 -0.000954929 0.999965 -0.00834753 0.00736001 0.00296431 0.0083502 0.999961 0.00645887 0.0 0.0 0.0 1.0
pumpkin/seq-06/color/frame-000139.color.png pumpkin/seq-06/color/frame-000140.color.png 0.999997 -0.00213898 -0.000723005 -0.00663358 0.00214377 0.999976 0.00661747 -0.0187005 0.000708762 -0.00661883 0.999978 -0.00790192 0.0 0.0 0.0 1.0
pumpkin/seq-06/color/frame-000140.color.png pumpkin/seq-06/color/frame-000141.color.png 0.999997 -0.00233033 -0.000998256 -0.00205673 0.00232933 0.999997 -0.00100764 -0.00476661 0.00100061 0.00100527 0.999999 0.00489171 0.0 0.0 0.0 1.0
pumpkin/seq-06/color/frame-000141.color.png pumpkin/seq-06/color/frame-000142.color.png 0.999989 0.00206243 -0.00412685 0.0074811 -0.00206745 0.999997 -0.00120171 -0.00152406 0.00412436 0.00121021 0.999991 -0.00284678 0.0 0.0 0.0 1.0
pumpkin/seq-06/color/frame-000142.color.png pumpkin/seq-06/color/frame-000143.color.png 0.999996 0.00100888 -0.00251565 -0.000843897 -0.00101963 0.99999 -0.00426067 -0.00135174 0.00251135 0.00426311 0.999988 0.00826642 0.0 0.0 0.0 1.0
pumpkin/seq-06/color/frame-000143.color.png pumpkin/seq-06/color/frame-000144.color.png 0.999992 0.00297037 -0.00280136 0.00123465 -0.00299715 0.999949 -0.00960948 0.00874463 0.00277272 0.00961777 0.99995 0.0148886 0.0 0.0 0.0 1.0
pumpkin/seq-06/color/frame-000144.color.png pumpkin/seq-06/color/frame-000145.color.png 0.999974 0.00274475 -0.00664006 0.00273626 -0.00277503 0.999986 -0.00455734 -0.00174785 0.00662741 0.00457565 0.999968 0.0132387 0.0 0.0 0.0 1.0
pumpkin/seq-06/color/frame-000145.color.png pumpkin/seq-06/color/frame-000146.color.png 0.999989 0.000808771 -0.00465902 0.00359823 -0.000808504 1.0 5.88534e-05 -0.00882274 0.00465908 -5.50881e-05 0.999989 0.00262366 0.0 0.0 0.0 1.0
pumpkin/seq-06/color/frame-000146.color.png pumpkin/seq-06/color/frame-000147.color.png 0.999998 -0.000790989 -0.00184062 -0.00503209 0.000789779 0.999999 -0.000669563 -0.00981298 0.0018411 0.000668191 0.999998 0.00640043 0.0 0.0 0.0 1.0
pumpkin/seq-06/color/frame-000147.color.png pumpkin/seq-06/color/frame-000148.color.png 0.99999 0.00229317 -0.0038166 0.00580738 -0.00230443 0.999993 -0.00293856 0.00148001 0.00380989 0.00294722 0.999988 0.0092815 0.0 0.0 0.0 1.0
pumpkin/seq-06/color/frame-000148.color.png pumpkin/seq-06/color/frame-000149.color.png 0.999993 -0.00290038 -0.00224463 -0.00430526 0.00290423 0.999994 0.00170789 -0.00613594 0.00223965 -0.00171433 0.999996 0.00458295 0.0 0.0 0.0 1.0
pumpkin/seq-06/color/frame-000149.color.png pumpkin/seq-06/color/frame-000150.color.png 0.999997 -0.00140782 -0.0019139 -0.00260234 0.00140179 0.999994 -0.00314107 -0.00115919 0.00191833 0.00313829 0.999993 0.0106792 0.0 0.0 0.0 1.0
pumpkin/seq-06/color/frame-000150.color.png pumpkin/seq-06/color/frame-000151.color.png 0.999983 0.00211396 -0.0054795 0.00840707 -0.0021549 0.99997 -0.00748031 0.00519037 0.0054635 0.00749194 0.999957 0.0124274 0.0 0.0 0.0 1.0
pumpkin/seq-06/color/frame-000151.color.png pumpkin/seq-06/color/frame-000152.color.png 1.0 0.000367877 0.000913158 -0.00153907 -0.000357444 0.999935 -0.0114082 0.0149877 -0.0009173 0.011408 0.999934 0.0197785 0.0 0.0 0.0 1.0
pumpkin/seq-06/color/frame-000152.color.png pumpkin/seq-06/color/frame-000153.color.png 0.999994 -0.00350431 0.000460891 -0.00417519 0.00350032 0.999959 0.00839106 -0.0230329 -0.000490249 -0.0083894 0.999965 -0.00616357 0.0 0.0 0.0 1.0
pumpkin/seq-06/color/frame-000153.color.png pumpkin/seq-06/color/frame-000154.color.png 0.999986 0.00470658 -0.0025257 0.0107487 -0.00470227 0.999988 0.00171187 -0.0136257 0.00253367 -0.00169992 0.999995 -0.00227555 0.0 0.0 0.0 1.0
pumpkin/seq-06/color/frame-000154.color.png pumpkin/seq-06/color/frame-000155.color.png 0.999996 -0.00134115 0.00257017 -0.00517818 0.00134605 0.999997 -0.00190213 -0.00594369 -0.00256755 0.00190564 0.999995 0.00329521 0.0 0.0 0.0 1.0
pumpkin/seq-06/color/frame-000155.color.png pumpkin/seq-06/color/frame-000156.color.png 0.999992 0.00192972 0.00360695 0.000733882 -0.0019092 0.999982 -0.00567955 0.000409514 -0.00361787 0.00567255 0.999977 0.0090502 0.0 0.0 0.0 1.0
pumpkin/seq-06/color/frame-000156.color.png pumpkin/seq-06/color/frame-000157.color.png 0.999993 -0.0017742 -0.00316623 0.00943159 0.00175256 0.999975 -0.00681131 0.000420064 0.00317822 0.00680562 0.999972 0.00782123 0.0 0.0 0.0 1.0
pumpkin/seq-06/color/frame-000157.color.png pumpkin/seq-06/color/frame-000158.color.png 0.999995 -0.00187533 -0.00252348 0.00353414 0.0018528 0.999959 -0.00891144 0.0077869 0.0025401 0.00890681 0.999957 0.0100716 0.0 0.0 0.0 1.0
pumpkin/seq-06/color/frame-000158.color.png pumpkin/seq-06/color/frame-000159.color.png 0.999995 -0.00154544 -0.00291482 0.00291876 0.00154605 0.999999 0.000199411 -0.00850767 0.00291449 -0.000203915 0.999996 0.00362746 0.0 0.0 0.0 1.0
pumpkin/seq-06/color/frame-000159.color.png pumpkin/seq-06/color/frame-000160.color.png 0.999983 -0.00375579 0.0045302 -0.00581852 0.0037377 0.999985 0.00398843 -0.0157771 -0.00454511 -0.00397136 0.999982 0.00170282 0.0 0.0 0.0 1.0
pumpkin/seq-06/color/frame-000160.color.png pumpkin/seq-06/color/frame-000161.color.png 0.999999 0.00139038 0.000369135 0.0106643 -0.00138532 0.999908 -0.0134849 0.0218754 -0.000387842 0.0134841 0.999909 0.0153878 0.0 0.0 0.0 1.0
pumpkin/seq-06/color/frame-000161.color.png pumpkin/seq-06/color/frame-000162.color.png 0.999992 -0.00322604 -0.00254321 0.00666077 0.00322665 0.999995 0.000223483 -0.00191191 0.0025425 -0.000231675 0.999997 0.00459979 0.0 0.0 0.0 1.0
pumpkin/seq-06/color/frame-000162.color.png pumpkin/seq-06/color/frame-000163.color.png 0.999999 -0.00110537 0.000889872 0.00529915 0.00110461 0.999999 0.000887676 -0.00151309 -0.000890862 -0.000886662 0.999999 0.00305836 0.0 0.0 0.0 1.0
pumpkin/seq-06/color/frame-000163.color.png pumpkin/seq-06/color/frame-000164.color.png 0.999996 -0.00291304 -0.000437663 0.00545207 0.0029117 0.999992 -0.00290458 0.00309259 0.000446143 0.00290322 0.999996 0.0122387 0.0 0.0 0.0 1.0
pumpkin/seq-06/color/frame-000164.color.png pumpkin/seq-06/color/frame-000165.color.png 0.999996 -0.0026003 0.000801958 -0.000920653 0.00259735 0.99999 0.00370989 -0.0112536 -0.00081161 -0.00370778 0.999993 0.000393122 0.0 0.0 0.0 1.0
pumpkin/seq-06/color/frame-000165.color.png pumpkin/seq-06/color/frame-000166.color.png 0.999995 -0.00142971 -0.00297124 0.00471608 0.00142111 0.999995 -0.00289597 0.00153744 0.00297536 0.00289178 0.999991 0.00946774 0.0 0.0 0.0 1.0
pumpkin/seq-06/color/frame-000166.color.png pumpkin/seq-06/color/frame-000167.color.png 0.999997 -0.00189206 -0.00159772 0.000425816 0.00190284 0.999975 0.00677874 -0.0182366 0.00158486 -0.00678178 0.999976 -0.00455037 0.0 0.0 0.0 1.0
pumpkin/seq-06/color/frame-000167.color.png pumpkin/seq-06/color/frame-000168.color.png 0.999998 -0.00185121 -0.00063089 0.000827983 0.00184979 0.999996 -0.00222683 0.0007658 0.000635035 0.00222571 0.999997 0.00849283 0.0 0.0 0.0 1.0
pumpkin/seq-06/color/frame-000168.color.png pumpkin/seq-06/color/frame-000169.color.png 1.0 -0.000209738 0.000375189 0.00203343 0.000211335 0.999991 -0.00426007 0.00603947 -0.000374312 0.00426014 0.999991 0.0143455 0.0 0.0 0.0 1.0
pumpkin/seq-06/color/frame-000169.color.png pumpkin/seq-06/color/frame-000170.color.png 0.999992 0.00380825 -0.00105956 0.0141548 -0.00380216 0.999977 0.00570208 -0.0145357 0.00108122 -0.00569801 0.999983 0.00193624 0.0 0.0 0.0 1.0
