pumpkin/seq-06/color/frame-000002.color.png pumpkin/seq-06/color/frame-000005.color.png 0.999991 -0.00296891 0.00290826 0.000326076 0.00295326 0.999981 0.00537093 -0.00585099 -0.00292415 -0.00536229 0.999981 0.00477884 0.0 0.0 0.0 1.0
pumpkin/seq-06/color/frame-000005.color.png pumpkin/seq-06/color/frame-000008.color.png 0.999996 -0.00291157 -0.000290748 8.68152e-05 0.00290927 0.999967 -0.00761361 0.00116998 0.000312906 0.00761273 0.999971 0.00235726 0.0 0.0 0.0 1.0
pumpkin/seq-06/color/frame-000008.color.png pumpkin/seq-06/color/frame-000011.color.png 1.0 -0.000526607 0.00057921 0.00211866 0.000528434 0.999995 -0.00315751 -0.00504252 -0.000577544 0.00315782 0.999995 0.00686117 0.0 0.0 0.0 1.0
pumpkin/seq-06/color/frame-000011.color.png pumpkin/seq-06/color/frame-000014.color.png 0.999911 -0.0133167 -0.000885232 -0.00231179 0.0132929 0.999649 -0.0228969 0.00455543 0.00118983 0.0228831 0.999737 0.00700653 0.0 0.0 0.0 1.0
pumpkin/seq-06/color/frame-000014.color.png pumpkin/seq-06/color/frame-000017.color.png 0.999975 -0.00542768 -0.00451322 0.000159811 0.0053951 0.99996 -0.00719799 0.00349116 0.0045521 0.00717346 0.999964 0.010757 0.0 0.0 0.0 1.0
pumpkin/seq-06/color/frame-000017.color.png pumpkin/seq-06/color/frame-000020.color.png 0.999966 -0.0077665 -0.00293674 -0.00353701 0.00770493 0.999762 -0.0204238 -0.000556991 0.00309466 0.0204005 0.999787 0.0183662 0.0 0.0 0.0 1.0
pumpkin/seq-06/color/frame-000020.color.png pumpkin/seq-06/color/frame-000023.color.png 0.999856 -0.016867 -0.0018927 -0.000267479 0.0168392 0.999762 -0.0138543 0.00775453 0.00212593 0.0138204 0.999902 0.0147555 0.0 0.0 0.0 1.0
pumpkin/seq-06/color/frame-000023.color.png pumpkin/seq-06/color/frame-000026.color.png 0.999965 -0.00737904 -0.00382768 -0.00286888 0.00737806 0.999973 -0.000268303 0.000810522 0.00382956 0.000240048 0.999993 0.0186319 0.0 0.0 0.0 1.0
pumpkin/seq-06/color/frame-000026.color.png pumpkin/seq-06/color/frame-000029.color.png 0.999996 -0.00246411 -0.00162063 0.00043103 0.00246732 0.999995 0.00198353 -0.0131008 0.00161574 -0.00198752 0.999997 0.0144705 0.0 0.0 0.0 1.0
pumpkin/seq-06/color/frame-000029.color.png pumpkin/seq-06/color/frame-000032.color.png 0.999876 -0.0152371 0.00390559 -0.00687699 0.0152851 0.999804 -0.0125751 -0.00311665 -0.00371322 0.0126333 0.999913 0.0147336 0.0 0.0 0.0 1.0
pumpkin/seq-06/color/frame-000032.color.png pumpkin/seq-06/color/frame-000035.color.png 0.999956 -0.00824043 0.00450099 -0.00670473 0.00828575 0.999914 -0.0101458 -0.00929074 -0.004417 0.0101827 0.999938 0.0103771 0.0 0.0 0.0 1.0
pumpkin/seq-06/color/frame-000035.color.png pumpkin/seq-06/color/frame-000038.color.png 0.999999 -0.00112628 0.000306627 -0.00332017 0.0011315 0.999845 -0.0175562 0.00430214 -0.000286806 0.0175565 0.999846 0.0120479 0.0 0.0 0.0 1.0
pumpkin/seq-06/color/frame-000038.color.png pumpkin/seq-06/color/frame-000041.color.png 0.99989 -0.00785206 0.0125607 -0.012733 0.00801042 0.999888 -0.0126073 -0.0160834 -0.0124603 0.0127065 0.999842 0.0138398 0.0 0.0 0.0 1.0
pumpkin/seq-06/color/frame-000041.color.png pumpkin/seq-06/color/frame-000044.color.png 0.999936 -0.00605933 0.00953763 -0.0149503 0.00620992 0.999855 -0.0158402 -0.000224113 -0.00944027 0.0158985 0.999829 0.00474198 0.0 0.0 0.0 1.0
pumpkin/seq-06/color/frame-000044.color.png pumpkin/seq-06/color/frame-000047.color.png 0.999882 -0.0144342 0.00527715 -0.00541068 0.014575 0.99951 -0.0276987 0.00944081 -0.00487475 0.0277723 0.999602 0.0108747 0.0 0.0 0.0 1.0
pumpkin/seq-06/color/frame-000047.color.png pumpkin/seq-06/color/frame-000050.color.png 0.999971 0.0050111 0.00569023 -0.0123159 -0.00489788 0.999793 -0.0197371 -0.00617444 -0.00578795 0.0197086 0.999789 0.0121591 0.0 0.0 0.0 1.0
pumpkin/seq-06/color/frame-000050.color.png pumpkin/seq-06/color/frame-000053.color.png 0.99999 0.00223709 0.00397676 -0.00716093 -0.00218966 0.999927 -0.0118936 -0.00339534 -0.00400307 0.0118848 0.999921 0.00872624 0.0 0.0 0.0 1.0
pumpkin/seq-06/color/frame-000053.color.png pumpkin/seq-06/color/frame-000056.color.png 0.999957 -0.00373962 0.00847241 -0.0119864 0.00388473 0.999845 -0.017176 -0.0120743 -0.00840687 0.0172081 0.999817 0.0102401 0.0 0.0 0.0 1.0
pumpkin/seq-06/color/frame-000056.color.png pumpkin/seq-06/color/frame-000059.color.png 0.999993 0.000808181 0.00360028 -0.00614206 -0.000721956 0.999714 -0.0238904 -0.010685 -0.00361857 0.0238876 0.999708 0.0111835 0.0 0.0 0.0 1.0
pumpkin/seq-06/color/frame-000059.color.png pumpkin/seq-06/color/frame-000062.color.png 0.999863 -0.00574141 0.0155102 -0.0174497 0.0060057 0.999837 -0.0170457 -0.00420107 -0.0154098 0.0171365 0.999734 0.00938953 0.0 0.0 0.0 1.0
pumpkin/seq-06/color/frame-000062.color.png pumpkin/seq-06/color/frame-000065.color.png 0.999962 -0.00260462 0.00836019 -0.00994979 0.002816 0.999674 -0.0253722 0.00191644 -0.00829139 0.0253948 0.999643 0.0132818 0.0 0.0 0.0 1.0
pumpkin/seq-06/color/frame-000065.color.png pumpkin/seq-06/color/frame-000068.color.png 0.99998 0.00107103 0.00618859 -0.00648496 -0.000910148 0.999663 -0.0259431 -0.00707197 -0.00621427 0.0259369 0.999644 0.00669061 0.0 0.0 0.0 1.0
pumpkin/seq-06/color/frame-000068.color.png pumpkin/seq-06/color/frame-000071.color.png 0.999922 -0.00431586 0.0116984 -0.0100097 0.00460223 0.999688 -0.0245629 -0.00687727 -0.0115888 0.0246148 0.99963 0.00442585 0.0 0.0 0.0 1.0
pumpkin/seq-06/color/frame-000071.color.png pumpkin/seq-06/color/frame-000074.color.png 0.999972 -0.00169013 0.00734674 -0.00250658 0.00175548 0.999959 -0.00890279 -0.0167925 -0.00733139 0.00891548 0.999933 -0.00413868 0.0 0.0 0.0 1.0
pumpkin/seq-06/color/frame-000074.color.png pumpkin/seq-06/color/frame-000077.color.png 0.999817 0.00599017 0.0181668 -0.0163883 -0.00570021 0.999856 -0.015972 -0.0203457 -0.0182598 0.0158656 0.999707 -0.00226867 0.0 0.0 0.0 1.0
pumpkin/seq-06/color/frame-000077.color.png pumpkin/seq-06/color/frame-000080.color.png 0.999874 0.000202134 0.0158648 -0.00327276 0.000297333 0.999505 -0.031472 0.0031826 -0.0158634 0.0314728 0.999379 0.00199109 0.0 0.0 0.0 1.0
pumpkin/seq-06/color/frame-000080.color.png pumpkin/seq-06/color/frame-000083.color.png 0.99992 0.000880389 0.0125861 -0.00818399 -0.000625778 0.999795 -0.0202197 -0.00574161 -0.0126013 0.0202102 0.999716 0.00146471 0.0 0.0 0.0 1.0
pumpkin/seq-06/color/frame-000083.color.png pumpkin/seq-06/color/frame-000086.color.png 0.999854 0.0041363 0.0165839 -0.00673078 -0.00379013 0.999775 -0.0208506 0.000551224 -0.0166664 0.0207847 0.999645 0.00238931 0.0 0.0 0.0 1.0
pumpkin/seq-06/color/frame-000086.color.png pumpkin/seq-06/color/frame-000089.color.png 0.99994 0.00286295 0.0105745 -0.00348833 -0.00275159 0.999941 -0.0105331 -0.0152593 -0.010604 0.0105034 0.999889 -0.0106792 0.0 0.0 0.0 1.0
pumpkin/seq-06/color/frame-000089.color.png pumpkin/seq-06/color/frame-000092.color.png 0.999936 0.00106499 0.0112521 -0.00945747 -0.000920532 0.999917 -0.0128341 -0.0184647 -0.0112649 0.012823 0.999854 -0.00597009 0.0 0.0 0.0 1.0
pumpkin/seq-06/color/frame-000092.color.png pumpkin/seq-06/color/frame-000095.color.png 0.999954 0.00437959 0.00847108 -0.00148889 -0.00426672 0.999902 -0.0132972 -0.0116359 -0.00852847 0.0132603 0.999876 -0.00909577 0.0 0.0 0.0 1.0
pumpkin/seq-06/color/frame-000095.color.png pumpkin/seq-06/color/frame-000098.color.png 0.999864 0.0106642 0.0126115 -0.00636673 -0.0104189 0.999758 -0.0193546 -0.00495186 -0.0128148 0.0192206 0.999733 -0.00150986 0.0 0.0 0.0 1.0
pumpkin/seq-06/color/frame-000098.color.png pumpkin/seq-06/color/frame-000101.color.png 0.999919 0.0113158 0.0058418 0.00504765 -0.011188 0.999707 -0.0214601 -0.00984278 -0.00608295 0.021393 0.999753 -0.0041891 0.0 0.0 0.0 1.0
pumpkin/seq-06/color/frame-000101.color.png pumpkin/seq-06/color/frame-000104.color.png 0.999878 0.0128651 0.00884925 0.00170088 -0.0126377 0.9996 -0.0252948 0.00141755 -0.00917112 0.0251798 0.999641 -0.00294167 0.0 0.0 0.0 1.0
pumpkin/seq-06/color/frame-000104.color.png pumpkin/seq-06/color/frame-000107.color.png 0.999884 0.0103064 0.0111748 -0.0018983 -0.01018 0.999884 -0.0113104 -0.0207794 -0.0112901 0.0111954 0.999874 -0.0167516 0.0 0.0 0.0 1.0
pumpkin/seq-06/color/frame-000107.color.png pumpkin/seq-06/color/frame-000110.color.png 0.999945 0.00521254 0.00908659 -0.00267671 -0.00498688 0.999683 -0.0246842 0.00630891 -0.00921238 0.0246376 0.999654 -1.63764e-05 0.0 0.0 0.0 1.0
pumpkin/seq-06/color/frame-000110.color.png pumpkin/seq-06/color/frame-000113.color.png 0.999888 0.00828432 0.0124923 -0.00338806 -0.00813558 0.999896 -0.0119105 -0.0191247 -0.0125897 0.0118076 0.999851 -0.0162227 0.0 0.0 0.0 1.0
pumpkin/seq-06/color/frame-000113.color.png pumpkin/seq-06/color/frame-000116.color.png 0.999885 0.0105964 0.0108083 -0.00425158 -0.0103924 0.99977 -0.0187531 -0.00410211 -0.0110046 0.0186386 0.999766 -0.00908821 0.0 0.0 0.0 1.0
pumpkin/seq-06/color/frame-000116.color.png pumpkin/seq-06/color/frame-000119.color.png 0.999957 0.00656376 0.00650824 0.00502102 -0.00646328 0.999861 -0.0153441 0.00293112 -0.00660805 0.0153013 0.999861 -0.00866766 0.0 0.0 0.0 1.0
pumpkin/seq-06/color/frame-000119.color.png pumpkin/seq-06/color/frame-000122.color.png 0.999983 0.00159654 0.00567778 -0.000465915 -0.00157049 0.999988 -0.00459401 -0.00760946 -0.00568506 0.00458492 0.999973 -0.0161998 0.0 0.0 0.0 1.0
pumpkin/seq-06/color/frame-000122.color.png pumpkin/seq-06/color/frame-000125.color.png 0.999976 4.05207e-06 0.00689006 -0.000406072 0.000104942 0.999875 -0.015807 -0.00409117 -0.00688927 0.0158074 0.999851 -0.0185431 0.0 0.0 0.0 1.0
pumpkin/seq-06/color/frame-000125.color.png pumpkin/seq-06/color/frame-000128.color.png 0.999961 0.004022 0.00783339 -0.0077779 -0.00395717 0.999958 -0.00827917 -0.00506169 -0.00786633 0.00824789 0.999935 -0.0084903 0.0 0.0 0.0 1.0
pumpkin/seq-06/color/frame-000128.color.png pumpkin/seq-06/color/frame-000131.color.png 0.999982 0.00555207 0.00242843 -0.00319386 -0.00553713 0.999966 -0.00613382 -0.0239767 -0.0024624 0.0061201 0.999978 -0.0217024 0.0 0.0 0.0 1.0
pumpkin/seq-06/color/frame-000131.color.png pumpkin/seq-06/color/frame-000134.color.png 0.999926 0.012033 0.00190157 0.000298291 -0.0120096 0.999858 -0.0118448 -0.00984409 -0.00204385 0.0118212 0.999928 -0.00904486 0.0 0.0 0.0 1.0
pumpkin/seq-06/color/frame-000134.color.png pumpkin/seq-06/color/frame-000137.color.png 0.999976 0.00650267 0.00224796 -0.00728166 -0.00647732 0.999917 -0.0111034 0.000231713 -0.00231998 0.0110886 0.999936 0.00195612 0.0 0.0 0.0 1.0
pumpkin/seq-06/color/frame-000137.color.png pumpkin/seq-06/color/frame-000140.color.png 0.999993 0.000323527 -0.00376682 -0.00254287 -0.000340222 0.99999 -0.0044321 -0.0102687 0.00376534 0.00443334 0.999983 0.0033645 0.0 0.0 0.0 1.0
pumpkin/seq-06/color/frame-000140.color.png pumpkin/seq-06/color/frame-000143.color.png 0.999989 -0.000897121 -0.00463448 -0.00372811 0.000863937 0.999974 -0.00716175 -0.00758535 0.00464079 0.00715757 0.999964 0.0128175 0.0 0.0 0.0 1.0
pumpkin/seq-06/color/frame-000143.color.png pumpkin/seq-06/color/frame-000146.color.png 0.999878 0.00673009 -0.0140681 0.00812133 -0.00685458 0.999938 -0.00881894 -0.0109133 0.0140079 0.00891439 0.999862 0.0243966 0.0 0.0 0.0 1.0
pumpkin/seq-06/color/frame-000146.color.png pumpkin/seq-06/color/frame-000149.color.png 0.999952 -4.01653e-05 -0.00979426 0.00137621 -1.11329e-05 0.999986 -0.00523759 -0.00733939 0.00979432 0.00523747 0.999938 0.0211697 0.0 0.0 0.0 1.0
pumpkin/seq-06/color/frame-000149.color.png pumpkin/seq-06/color/frame-000152.color.png 0.99998 -0.000581714 -0.00632703 0.00158037 0.000543366 0.999981 -0.00605705 -0.00832841 0.00633049 0.00605342 0.999962 0.0224489 0.0 0.0 0.0 1.0
pumpkin/seq-06/color/frame-000152.color.png pumpkin/seq-06/color/frame-000155.color.png 0.999995 0.00191406 -0.00246028 0.00929959 -0.00193429 0.999964 -0.00824436 -0.0129589 0.00244437 0.00824914 0.999963 0.0156282 0.0 0.0 0.0 1.0
pumpkin/seq-06/color/frame-000155.color.png pumpkin/seq-06/color/frame-000158.color.png 0.999997 -0.00126734 -0.00206498 0.0143243 0.00123505 0.999878 -0.0155671 -0.0014143 0.00208448 0.0155645 0.999877 0.0186453 0.0 0.0 0.0 1.0
pumpkin/seq-06/color/frame-000158.color.png pumpkin/seq-06/color/frame-000161.color.png 0.999987 -0.00504912 -0.000936693 0.0113395 0.00504073 0.999949 -0.00873456 -0.00382236 0.000980728 0.00872978 0.999961 0.0195891 0.0 0.0 0.0 1.0
pumpkin/seq-06/color/frame-000161.color.png pumpkin/seq-06/color/frame-000164.color.png 0.999951 -0.00899794 0.00416648 0.00286588 0.00899157 0.999958 0.00154868 -0.00738621 -0.00418028 -0.00151113 0.99999 0.016844 0.0 0.0 0.0 1.0
pumpkin/seq-06/color/frame-000164.color.png pumpkin/seq-06/color/frame-000167.color.png 0.999937 -0.00705386 -0.0087778 0.0122097 0.00702425 0.99997 -0.00339863 -0.00615779 0.00880155 0.00333675 0.999956 0.0188419 0.0 0.0 0.0 1.0
pumpkin/seq-06/color/frame-000167.color.png pumpkin/seq-06/color/frame-000170.color.png 0.999989 -0.000740156 0.00459864 0.00331508 0.000736422 0.999999 0.00081272 -0.0140286 -0.00459927 -0.000809333 0.999989 0.0262485 0.0 0.0 0.0 1.0
pumpkin/seq-06/color/frame-000170.color.png pumpkin/seq-06/color/frame-000173.color.png 0.999991 -0.0034067 0.00257116 0.0033163 0.00342716 0.999962 -0.00800563 -0.00277185 -0.00254379 0.00801427 0.999965 0.0260592 0.0 0.0 0.0 1.0
pumpkin/seq-06/color/frame-000173.color.png pumpkin/seq-06/color/frame-000176.color.png 0.999943 0.00544115 0.00921973 0.008521 -0.00540464 0.999978 -0.00398229 -0.0150673 -0.00924115 0.00393228 0.99995 0.0106127 0.0 0.0 0.0 1.0
pumpkin/seq-06/color/frame-000176.color.png pumpkin/seq-06/color/frame-000179.color.png 0.999984 0.005414 0.00170032 0.0185514 -0.00540236 0.999962 -0.00676021 -0.00380698 -0.0017369 0.00675084 0.999976 0.0144371 0.0 0.0 0.0 1.0
pumpkin/seq-06/color/frame-000179.color.png pumpkin/seq-06/color/frame-000182.color.png 0.99991 1.56623e-05 0.0134406 -0.00102143 -7.16716e-05 0.999991 0.00416801 -0.0112285 -0.0134404 -0.00416855 0.999901 0.0149659 0.0 0.0 0.0 1.0
pumpkin/seq-06/color/frame-000182.color.png pumpkin/seq-06/color/frame-000185.color.png 0.999975 0.00254788 -0.00654776 0.0192529 -0.00257259 0.99999 -0.00376373 -0.00917265 0.00653811 0.0037804 0.999972 0.0174811 0.0 0.0 0.0 1.0
pumpkin/seq-06/color/frame-000185.color.png pumpkin/seq-06/color/frame-000188.color.png 0.999985 -0.00131511 -0.00534023 0.0126874 0.00128361 0.999982 -0.00590073 -0.0067673 0.00534794 0.00589382 0.999968 0.0252667 0.0 0.0 0.0 1.0
pumpkin/seq-06/color/frame-000188.color.png pumpkin/seq-06/color/frame-000191.color.png 0.999963 -0.000465259 -0.00860389 0.0126149 0.000495661 0.999994 0.00353224 -0.0139851 0.00860219 -0.00353647 0.999957 0.0181497 0.0 0.0 0.0 1.0
pumpkin/seq-06/color/frame-000191.color.png pumpkin/seq-06/color/frame-000194.color.png 0.999986 0.00286752 -0.00444146 0.0153007 -0.00284927 0.999987 0.00410832 -0.0146129 0.0044532 -0.00409564 0.999982 0.0145035 0.0 0.0 0.0 1.0
pumpkin/seq-06/color/frame-000194.color.png pumpkin/seq-06/color/frame-000197.color.png 0.999982 -0.00582847 0.00116528 -0.00683256 0.00582436 0.999977 0.00352022 -0.0111233 -0.0011858 -0.00351316 0.999993 0.026426 0.0 0.0 0.0 1.0
pumpkin/seq-06/color/frame-000197.color.png pumpkin/seq-06/color/frame-000200.color.png 0.999975 -0.00180796 -0.00689105 0.0162423 0.00179145 0.999996 -0.00240304 -0.00104433 0.00689535 0.00239067 0.999973 0.0156363 0.0 0.0 0.0 1.0
pumpkin/seq-06/color/frame-000200.color.png pumpkin/seq-06/color/frame-000203.color.png 0.999996 -0.00139295 0.00265922 0.00299148 0.00139582 0.999998 -0.00109905 -0.0112779 -0.00265765 0.00110261 0.999996 0.0120186 0.0 0.0 0.0 1.0
pumpkin/seq-06/color/frame-000203.color.png pumpkin/seq-06/color/frame-000206.color.png 0.999999 -0.00155188 -2.71297e-05 0.00458063 0.00155168 0.999979 -0.00635344 -0.00270367 3.69666e-05 0.0063535 0.99998 0.0114321 0.0 0.0 0.0 1.0
pumpkin/seq-06/color/frame-000206.color.png pumpkin/seq-06/color/frame-000209.color.png 0.999989 -0.00430126 0.00201912 0.000398178 0.00431014 0.999981 -0.0044035 -0.00404245 -0.00200017 0.00441203 0.999988 0.00993845 0.0 0.0 0.0 1.0
pumpkin/seq-06/color/frame-000209.color.png pumpkin/seq-06/color/frame-000212.color.png 0.999998 -0.00186499 -0.000612995 -0.00096757 0.00186414 0.999997 -0.00145057 -0.00152165 0.000615701 0.00144951 0.999999 0.00986439 0.0 0.0 0.0 1.0
pumpkin/seq-06/color/frame-000212.color.png pumpkin/seq-06/color/frame-000215.color.png 0.999972 0.00587694 -0.00458583 0.0125413 -0.00584786 0.999963 0.00633335 -0.00217694 0.00462289 -0.00630639 0.999969 -0.00627181 0.0 0.0 0.0 1.0
pumpkin/seq-06/color/frame-000215.color.png pumpkin/seq-06/color/frame-000218.color.png 0.999995 -0.0024441 -0.00189559 -0.00549824 0.00247734 0.99984 0.0177155 -0.00383091 0.00185198 -0.01772 0.999841 -0.00886178 0.0 0.0 0.0 1.0
pumpkin/seq-06/color/frame-000218.color.png pumpkin/seq-06/color/frame-000221.color.png 0.999985 -0.00341295 -0.00426128 -0.00200829 0.00350539 0.999754 0.0218791 0.00119609 0.00418559 -0.0218938 0.999752 -0.0139786 0.0 0.0 0.0 1.0
pumpkin/seq-06/color/frame-000221.color.png pumpkin/seq-06/color/frame-000224.color.png 0.999914 -0.0019142 -0.0130062 -0.00276337 0.00208354 0.999913 0.0130188 0.00549108 0.0129801 -0.0130447 0.999831 -0.00732994 0.0 0.0 0.0 1.0
pumpkin/seq-06/color/frame-000224.color.png pumpkin/seq-06/color/frame-000227.color.png 0.999861 0.00081156 -0.0166567 0.000580467 -0.000553911 0.99988 0.015468 -0.00393134 0.0166672 -0.0154566 0.999742 -0.0157446 0.0 0.0 0.0 1.0
pumpkin/seq-06/color/frame-000227.color.png pumpkin/seq-06/color/frame-000230.color.png 0.999833 -0.00272258 -0.0180739 -0.00575815 0.00286376 0.999966 0.00778997 0.0255296 0.0180521 -0.00784033 0.999806 -0.00238341 0.0 0.0 0.0 1.0
pumpkin/seq-06/color/frame-000230.color.png pumpkin/seq-06/color/frame-000233.color.png 0.999966 0.00314812 -0.00761223 -0.00937847 -0.0029095 0.99951 0.0311565 -0.0138134 0.0077066 -0.0311334 0.999486 -0.028358 0.0 0.0 0.0 1.0
pumpkin/seq-06/color/frame-000233.color.png pumpkin/seq-06/color/frame-000236.color.png 0.999927 -0.00185038 -0.0119778 -0.00791356 0.00193265 0.999975 0.00686175 0.0150379 0.0119648 -0.00688445 0.999905 -0.00979415 0.0 0.0 0.0 1.0
pumpkin/seq-06/color/frame-000236.color.png pumpkin/seq-06/color/frame-000239.color.png 0.999944 -0.0041711 -0.00971504 -0.0133075 0.00432642 0.999862 0.0160229 0.00539762 0.00964688 -0.0160642 0.999824 -0.0152442 0.0 0.0 0.0 1.0
pumpkin/seq-06/color/frame-000239.color.png pumpkin/seq-06/color/frame-000242.color.png 0.999983 -0.00330074 -0.0047064 -0.0275263 0.00341623 0.999688 0.0247409 0.00400394 0.00462326 -0.0247565 0.999683 -0.0239592 0.0 0.0 0.0 1.0
pumpkin/seq-06/color/frame-000242.color.png pumpkin/seq-06/color/frame-000245.color.png 0.999977 -0.00364183 -0.00577406 -0.0128988 0.00370817 0.999927 0.0115178 0.0091897 0.00573168 -0.0115389 0.999917 -0.0153117 0.0 0.0 0.0 1.0
pumpkin/seq-06/color/frame-000245.color.png pumpkin/seq-06/color/frame-000248.color.png 0.999997 -0.0022969 0.000921075 -0.0156332 0.00228916 0.999963 0.00830905 0.0115784 -0.000940105 -0.00830709 0.999965 -0.0220706 0.0 0.0 0.0 1.0
pumpkin/seq-06/color/frame-000248.color.png pumpkin/seq-06/color/frame-000251.color.png 0.999967 -0.00791296 0.00161972 -0.0180008 0.00789559 0.999914 0.0104649 0.00874609 -0.0017024 -0.0104518 0.999944 -0.0230579 0.0 0.0 0.0 1.0
pumpkin/seq-06/color/frame-000251.color.png pumpkin/seq-06/color/frame-000254.color.png 0.999938 -0.0110738 0.000905834 -0.0164465 0.0110552 0.999768 0.0184692 0.0145005 -0.00111015 -0.0184581 0.999829 -0.0302603 0.0 0.0 0.0 1.0
pumpkin/seq-06/color/frame-000254.color.png pumpkin/seq-06/color/frame-000257.color.png 0.999969 -0.00680979 0.00388872 -0.0108933 0.0067633 0.999907 0.0118472 0.010607 -0.00396904 -0.0118205 0.999922 -0.0178256 0.0 0.0 0.0 1.0
pumpkin/seq-06/color/frame-000257.color.png pumpkin/seq-06/color/frame-000260.color.png 0.999945 -0.0104316 0.00087715 -0.0171817 0.0104261 0.999928 0.00601676 0.0173929 -0.000939844 -0.00600724 0.999981 -0.0144632 0.0 0.0 0.0 1.0
pumpkin/seq-06/color/frame-000260.color.png pumpkin/seq-06/color/frame-000263.color.png 0.999973 -0.00348533 0.0065225 -0.0099398 0.00338568 0.999878 0.0152256 0.00555006 -0.00657474 -0.0152031 0.999863 -0.0232767 0.0 0.0 0.0 1.0
pumpkin/seq-06/color/frame-000263.color.png pumpkin/seq-06/color/frame-000266.color.png 0.999953 -0.00565755 0.00788717 -0.00968437 0.00550313 0.999795 0.0194654 0.0173566 -0.00799567 -0.0194211 0.999779 -0.0220519 0.0 0.0 0.0 1.0
pumpkin/seq-06/color/frame-000266.color.png pumpkin/seq-06/color/frame-000269.color.png 0.999977 -0.0036338 0.00567247 -0.00687733 0.00361527 0.999988 0.00327755 0.0106239 -0.00568434 -0.00325688 0.999978 -0.0127891 0.0 0.0 0.0 1.0
pumpkin/seq-06/color/frame-000269.color.png pumpkin/seq-06/color/frame-000272.color.png 0.99998 -0.00109028 0.00626811 -0.00455585 0.00113327 0.999976 -0.00686422 0.0158369 -0.00626043 0.00687112 0.999957 -0.0136234 0.0 0.0 0.0 1.0
pumpkin/seq-06/color/frame-000272.color.png pumpkin/seq-06/color/frame-000275.color.png 0.999997 0.000210095 0.00219724 -0.000938982 -0.000209915 1.0 -8.10918e-05 0.00861037 -0.00219727 8.07676e-05 0.999997 -0.0198044 0.0 0.0 0.0 1.0
pumpkin/seq-06/color/frame-000275.color.png pumpkin/seq-06/color/frame-000278.color.png 1.0 0.000976127 -0.000210056 -0.00361311 -0.000977056 0.999988 -0.00467059 0.0152116 0.000205505 0.00467077 0.999989 -0.0136598 0.0 0.0 0.0 1.0
pumpkin/seq-06/color/frame-000278.color.png pumpkin/seq-06/color/frame-000281.color.png 0.999981 0.00095532 -0.00608642 -0.000336841 -0.000991598 0.999982 -0.00595677 0.0100236 0.00608063 0.00596263 0.999964 -0.00499223 0.0 0.0 0.0 1.0
pumpkin/seq-06/color/frame-000281.color.png pumpkin/seq-06/color/frame-000284.color.png 0.99998 0.00620355 0.000948873 -0.00330462 -0.00618791 0.999857 -0.0157174 0.00744027 -0.00104624 0.0157112 0.999876 0.00249556 0.0 0.0 0.0 1.0
pumpkin/seq-06/color/frame-000284.color.png pumpkin/seq-06/color/frame-000287.color.png 0.999987 0.00496853 0.001184 -0.0103156 -0.00492946 0.999508 -0.030964 0.0125082 -0.00133729 0.0309578 0.99952 0.00572866 0.0 0.0 0.0 1.0
pumpkin/seq-06/color/frame-000287.color.png pumpkin/seq-06/color/frame-000290.color.png 0.999961 0.00399907 0.00794638 -0.00156735 -0.0037819 0.999624 -0.0271553 0.00868845 -0.008052 0.0271242 0.9996 -0.000597298 0.0 0.0 0.0 1.0
pumpkin/seq-06/color/frame-000290.color.png pumpkin/seq-06/color/frame-000293.color.png 0.999965 0.0029191 0.00782809 -0.00994155 -0.00269225 0.99958 -0.0288381 0.00829908 -0.00790896 0.028816 0.999553 0.00356016 0.0 0.0 0.0 1.0
pumpkin/seq-06/color/frame-000293.color.png pumpkin/seq-06/color/frame-000296.color.png 0.999992 -0.00376703 -0.00110213 -0.000864714 0.00375545 0.99994 -0.0103315 -0.00127131 0.001141 0.0103272 0.999946 -0.00660372 0.0 0.0 0.0 1.0
pumpkin/seq-06/color/frame-000296.color.png pumpkin/seq-06/color/frame-000299.color.png 0.999997 -0.00114042 0.00221059 -0.00409022 0.0011788 0.999847 -0.0174387 0.00896958 -0.00219038 0.0174412 0.999846 -0.00701019 0.0 0.0 0.0 1.0
pumpkin/seq-06/color/frame-000299.color.png pumpkin/seq-06/color/frame-000302.color.png 0.999981 -0.000603121 0.00616019 -0.00428873 0.000640417 0.999982 -0.00605424 0.00886582 -0.00615643 0.00605818 0.999963 -0.00653023 0.0 0.0 0.0 1.0
pumpkin/seq-06/color/frame-000302.color.png pumpkin/seq-06/color/frame-000305.color.png 1.0 0.000954614 -0.000283749 -0.00196584 -0.000955768 0.999992 -0.0039942 0.0100776 0.000279934 0.00399438 0.999992 -0.00648879 0.0 0.0 0.0 1.0
pumpkin/seq-06/color/frame-000305.color.png pumpkin/seq-06/color/frame-000308.color.png 0.999996 -0.00287064 -0.00064747 -0.0133863 0.00287498 0.999973 0.00678639 0.00407755 0.00062797 -0.00678828 0.999977 -0.0049365 0.0 0.0 0.0 1.0
pumpkin/seq-06/color/frame-000308.color.png pumpkin/seq-06/color/frame-000311.color.png 0.999989 -0.00398353 -0.00257755 -0.00509727 0.00400547 0.999955 0.00857235 0.0152446 0.0025433 -0.0085826 0.99996 -0.0130899 0.0 0.0 0.0 1.0
pumpkin/seq-06/color/frame-000311.color.png pumpkin/seq-06/color/frame-000314.color.png 0.999992 -0.00350767 -0.00192812 -0.00602534 0.003529 0.999931 0.0111724 0.0158948 0.00188878 -0.0111791 0.999936 -0.0071875 0.0 0.0 0.0 1.0
pumpkin/seq-06/color/frame-000314.color.png pumpkin/seq-06/color/frame-000317.color.png 0.999992 -0.00379022 0.00135318 -0.00819692 0.00377991 0.999964 0.00754843 0.0108465 -0.00138172 -0.00754323 0.999971 -0.00653449 0.0 0.0 0.0 1.0
pumpkin/seq-06/color/frame-000317.color.png pumpkin/seq-06/color/frame-000320.color.png 0.999979 -0.00514954 0.003801 -0.0158702 0.0051398 0.999983 0.00256929 0.0142502 -0.00381415 -0.00254968 0.999989 -0.00325408 0.0 0.0 0.0 1.0
pumpkin/seq-06/color/frame-000320.color.png pumpkin/seq-06/color/frame-000323.color.png 0.999972 -0.00411592 -0.00623144 -0.00170499 0.0041295 0.999989 0.00216489 0.0234709 0.00622243 -0.00219054 0.999978 -0.00888927 0.0 0.0 0.0 1.0
pumpkin/seq-06/color/frame-000323.color.png pumpkin/seq-06/color/frame-000326.color.png 0.999996 -0.00281886 -0.000686387 -0.0135261 0.00282683 0.999925 0.0119485 0.00843975 0.000652694 -0.0119504 0.999928 -0.00400379 0.0 0.0 0.0 1.0
pumpkin/seq-06/color/frame-000326.color.png pumpkin/seq-06/color/frame-000329.color.png 0.99997 -0.00639366 -0.004336 -0.00885913 0.00641485 0.999967 0.00488843 0.0130428 0.00430461 -0.0049162 0.999979 -0.00108076 0.0 0.0 0.0 1.0
pumpkin/seq-06/color/frame-000329.color.png pumpkin/seq-06/color/frame-000332.color.png 0.999965 -0.00734431 -0.00404541 -0.00895631 0.00738647 0.999918 0.0105047 0.0114044 0.00396789 -0.0105342 0.999937 -0.00455956 0.0 0.0 0.0 1.0
pumpkin/seq-06/color/frame-000332.color.png pumpkin/seq-06/color/frame-000335.color.png 0.999985 -0.00296072 0.00461326 -0.0108544 0.00290284 0.999918 0.0124959 0.0148501 -0.00464989 -0.0124821 0.999911 -0.00595257 0.0 0.0 0.0 1.0
pumpkin/seq-06/color/frame-000335.color.png pumpkin/seq-06/color/frame-000338.color.png 0.999961 -0.00771896 0.00438144 -0.0138481 0.00765399 0.999863 0.0146557 0.01016 -0.00449397 -0.0146217 0.999883 -0.00770878 0.0 0.0 0.0 1.0
pumpkin/seq-06/color/frame-000338.color.png pumpkin/seq-06/color/frame-000341.color.png 0.999976 -0.0064961 0.00257525 -0.00879896 0.00646466 0.999906 0.0120466 0.0132756 -0.00265326 -0.0120296 0.999924 -0.00429113 0.0 0.0 0.0 1.0
pumpkin/seq-06/color/frame-000341.color.png pumpkin/seq-06/color/frame-000344.color.png 0.999913 -0.0131591 0.000383087 -0.0189779 0.0131508 0.999775 0.0166642 0.00959916 -0.000602308 -0.0166578 0.999861 -8.56034e-05 0.0 0.0 0.0 1.0
pumpkin/seq-06/color/frame-000344.color.png pumpkin/seq-06/color/frame-000347.color.png 0.999723 -0.0234379 0.00220823 -0.0303921 0.0233924 0.99955 0.0187553 0.0246966 -0.00264679 -0.0186985 0.999822 0.00502962 0.0 0.0 0.0 1.0
pumpkin/seq-06/color/frame-000347.color.png pumpkin/seq-06/color/frame-000350.color.png 0.999874 -0.0158673 -0.000612797 -0.0171175 0.0158733 0.999811 0.0112476 0.0174417 0.000434178 -0.0112559 0.999936 0.00104677 0.0 0.0 0.0 1.0
pumpkin/seq-06/color/frame-000350.color.png pumpkin/seq-06/color/frame-000353.color.png 0.999935 -0.0112843 -0.00143013 -0.0223319 0.0112946 0.999909 0.00746267 0.0184158 0.00134583 -0.00747836 0.999971 0.00700184 0.0 0.0 0.0 1.0
pumpkin/seq-06/color/frame-000353.color.png pumpkin/seq-06/color/frame-000356.color.png 0.999877 -0.0151842 0.00403684 -0.0395778 0.015187 0.999884 -0.000663496 0.0359791 -0.00402634 0.000724741 0.999992 0.0120229 0.0 0.0 0.0 1.0
pumpkin/seq-06/color/frame-000356.color.png pumpkin/seq-06/color/frame-000359.color.png 0.999921 -0.0125784 -0.000250433 -0.0234813 0.0125799 0.999898 0.00681564 0.0152386 0.000164677 -0.0068182 0.999977 -0.00181551 0.0 0.0 0.0 1.0
pumpkin/seq-06/color/frame-000359.color.png pumpkin/seq-06/color/frame-000362.color.png 0.999989 -0.00448896 0.00162044 -0.0230281 0.00446091 0.999847 0.0168912 0.00242292 -0.00169598 -0.0168838 0.999856 -0.00771473 0.0 0.0 0.0 1.0
pumpkin/seq-06/color/frame-000362.color.png pumpkin/seq-06/color/frame-000365.color.png 0.999958 -0.00910316 0.000529591 -0.024628 0.00909877 0.999928 0.00779875 0.0183263 -0.000600606 -0.0077936 0.999969 0.00431299 0.0 0.0 0.0 1.0
pumpkin/seq-06/color/frame-000365.color.png pumpkin/seq-06/color/frame-000368.color.png 0.999969 -0.00743223 -0.00269514 -0.0241764 0.00744449 0.999962 0.00456483 0.0166201 0.00266115 -0.00458475 0.999986 -0.000324912 0.0 0.0 0.0 1.0
pumpkin/seq-06/color/frame-000368.color.png pumpkin/seq-06/color/frame-000371.color.png 0.999984 -0.00542878 -0.00138664 -0.0223768 0.00544811 0.999883 0.0143227 0.00273483 0.00130876 -0.01433 0.999896 -0.0114462 0.0 0.0 0.0 1.0
pumpkin/seq-06/color/frame-000371.color.png pumpkin/seq-06/color/frame-000374.color.png 0.999985 -0.00309666 -0.00441626 -0.0226292 0.00315888 0.999895 0.0141561 0.00262635 0.00437196 -0.0141698 0.99989 0.000422031 0.0 0.0 0.0 1.0
pumpkin/seq-06/color/frame-000374.color.png pumpkin/seq-06/color/frame-000377.color.png 0.999977 0.00269552 -0.0062735 -0.0125129 -0.0026512 0.999972 0.00705626 0.0106305 0.00629231 -0.00703944 0.999955 -0.00709333 0.0 0.0 0.0 1.0
pumpkin/seq-06/color/frame-000377.color.png pumpkin/seq-06/color/frame-000380.color.png 0.999944 -0.00403695 0.00978207 -0.0578091 0.00389668 0.99989 0.0143109 0.00946971 -0.00983879 -0.014272 0.99985 0.00819096 0.0 0.0 0.0 1.0
pumpkin/seq-06/color/frame-000380.color.png pumpkin/seq-06/color/frame-000383.color.png 0.999964 -0.0029907 -0.00795494 -0.0122967 0.00311756 0.999868 0.0159754 0.016421 0.00790609 -0.0159997 0.999841 -0.000368122 0.0 0.0 0.0 1.0
pumpkin/seq-06/color/frame-000383.color.png pumpkin/seq-06/color/frame-000386.color.png 0.999971 -0.00595707 -0.00481076 -0.0212253 0.00601764 0.999902 0.0126723 0.0142764 0.00473476 -0.0127008 0.999908 -0.000273187 0.0 0.0 0.0 1.0
pumpkin/seq-06/color/frame-000386.color.png pumpkin/seq-06/color/frame-000389.color.png 0.999974 0.00256487 -0.00679666 -0.0186332 -0.00247495 0.99991 0.0132032 0.00880673 0.00682992 -0.013186 0.99989 -0.0019068 0.0 0.0 0.0 1.0
pumpkin/seq-06/color/frame-000389.color.png pumpkin/seq-06/color/frame-000392.color.png 0.999983 -0.00312229 -0.00494194 -0.024266 0.00315694 0.99997 0.00702674 0.0234913 0.00491988 -0.0070422 0.999963 -0.00266569 0.0 0.0 0.0 1.0
pumpkin/seq-06/color/frame-000392.color.png pumpkin/seq-06/color/frame-000395.color.png 0.999957 -0.000905892 -0.00921714 -0.0232388 0.00103251 0.999905 0.0137424 0.00240463 0.00920382 -0.0137514 0.999863 -0.0108129 0.0 0.0 0.0 1.0
pumpkin/seq-06/color/frame-000395.color.png pumpkin/seq-06/color/frame-000398.color.png 0.999918 -0.00876279 0.00938014 -0.0676528 0.00868629 0.999929 0.00817123 0.00373413 -0.00945105 -0.00808908 0.999923 0.00552572 0.0 0.0 0.0 1.0
pumpkin/seq-06/color/frame-000398.color.png pumpkin/seq-06/color/frame-000401.color.png 0.999973 -0.00697916 -0.00208766 -0.0279416 0.00698029 0.999975 0.000562459 0.0177483 0.00208363 -0.000577027 0.999998 -0.0157502 0.0 0.0 0.0 1.0
pumpkin/seq-06/color/frame-000401.color.png pumpkin/seq-06/color/frame-000404.color.png 0.999922 -0.00989803 -0.00758582 -0.0282819 0.00994988 0.999927 0.00682998 0.0197735 0.00751772 -0.00690493 0.999948 -0.00466776 0.0 0.0 0.0 1.0
pumpkin/seq-06/color/frame-000404.color.png pumpkin/seq-06/color/frame-000407.color.png 0.999989 0.00154169 -0.00451701 -0.0253097 -0.00148659 0.999925 0.01216 0.00293465 0.00453536 -0.0121531 0.999916 -0.00951774 0.0 0.0 0.0 1.0
pumpkin/seq-06/color/frame-000407.color.png pumpkin/seq-06/color/frame-000410.color.png 0.999998 -0.00168164 -0.00123629 -0.0322742 0.00169021 0.999974 0.00698769 0.00947179 0.00122448 -0.0069898 0.999975 -0.00675785 0.0 0.0 0.0 1.0
pumpkin/seq-06/color/frame-000410.color.png pumpkin/seq-06/color/frame-000413.color.png 0.999987 0.00430119 -0.00259029 -0.0302477 -0.00428582 0.999973 0.00592729 4.41074e-05 0.00261577 -0.00591601 0.999979 -0.00534607 0.0 0.0 0.0 1.0
pumpkin/seq-06/color/frame-000413.color.png pumpkin/seq-06/color/frame-000416.color.png 0.999982 -0.000781874 -0.00595911 -0.0255303 0.00078409 1.0 0.000374262 0.00224178 0.0059588 -0.000378964 0.999982 -0.00176916 0.0 0.0 0.0 1.0
pumpkin/seq-06/color/frame-000416.color.png pumpkin/seq-06/color/frame-000419.color.png 0.999909 -0.00303109 0.0131088 -0.051774 0.003097 0.999983 -0.00500976 0.00104189 -0.0130934 0.0050499 0.999902 -0.000701426 0.0 0.0 0.0 1.0
pumpkin/seq-06/color/frame-000419.color.png pumpkin/seq-06/color/frame-000422.color.png 1.0 0.000611422 5.60501e-05 -0.028906 -0.000611327 0.999999 -0.00110932 0.000553846 -5.67519e-05 0.00110928 0.999999 -0.00970911 0.0 0.0 0.0 1.0
pumpkin/seq-06/color/frame-000422.color.png pumpkin/seq-06/color/frame-000425.color.png 0.999998 0.000327357 0.00215229 -0.0377053 -0.000322182 0.999997 -0.00240943 0.00093095 -0.00215305 0.00240877 0.999995 -0.00558688 0.0 0.0 0.0 1.0
pumpkin/seq-06/color/frame-000425.color.png pumpkin/seq-06/color/frame-000428.color.png 0.999993 0.00368714 0.000188796 -0.0522408 -0.00368507 0.999943 -0.0100033 -0.00178261 -0.00022563 0.0100025 0.99995 -0.0086326 0.0 0.0 0.0 1.0
pumpkin/seq-06/color/frame-000428.color.png pumpkin/seq-06/color/frame-000431.color.png 0.999869 0.0120626 -0.0107717 -0.0379063 -0.0120723 0.999927 -0.000838702 -0.0166711 0.0107608 0.000968709 0.999942 0.00627114 0.0 0.0 0.0 1.0
pumpkin/seq-06/color/frame-000431.color.png pumpkin/seq-06/color/frame-000434.color.png 0.999802 0.0176194 -0.00921921 -0.0520986 -0.0177241 0.999778 -0.0114032 -0.0190562 0.00901625 0.0115642 0.999893 0.00891734 0.0 0.0 0.0 1.0
pumpkin/seq-06/color/frame-000434.color.png pumpkin/seq-06/color/frame-000437.color.png 0.999825 0.0146169 -0.0116319 -0.0360378 -0.0146066 0.999893 0.000963505 -0.0177165 0.0116448 -0.000793388 0.999932 0.0104467 0.0 0.0 0.0 1.0
pumpkin/seq-06/color/frame-000437.color.png pumpkin/seq-06/color/frame-000440.color.png 0.999839 0.0114465 -0.0138196 -0.0283493 -0.011441 0.999934 0.000476235 -0.0154691 0.0138241 -0.000318069 0.999904 0.0130335 0.0 0.0 0.0 1.0
pumpkin/seq-06/color/frame-000440.color.png pumpkin/seq-06/color/frame-000443.color.png 0.999959 0.00885668 -0.00200719 -0.0783672 -0.00885729 0.999961 -0.000280947 -0.0306399 0.0020046 0.000298755 0.999998 0.0211948 0.0 0.0 0.0 1.0
pumpkin/seq-06/color/frame-000443.color.png pumpkin/seq-06/color/frame-000446.color.png 0.999768 0.0187998 -0.0105038 -0.0339363 -0.0188238 0.99982 -0.00218806 -0.0250965 0.0104608 0.00238531 0.999942 0.0082284 0.0 0.0 0.0 1.0
pumpkin/seq-06/color/frame-000446.color.png pumpkin/seq-06/color/frame-000449.color.png 0.99953 0.0272067 -0.0140995 -0.0289807 -0.027364 0.999564 -0.0110874 -0.0437723 0.0137918 0.011468 0.999839 0.00303072 0.0 0.0 0.0 1.0
pumpkin/seq-06/color/frame-000449.color.png pumpkin/seq-06/color/frame-000452.color.png 0.999235 0.0243336 -0.0306113 -0.0136777 -0.0249838 0.999466 -0.0210412 -0.0233788 0.030083 0.0217899 0.99931 0.0225235 0.0 0.0 0.0 1.0
pumpkin/seq-06/color/frame-000452.color.png pumpkin/seq-06/color/frame-000455.color.png 0.999296 0.0284623 -0.0244272 -0.0270749 -0.0287472 0.999522 -0.0113946 -0.0257515 0.0240912 0.0120889 0.999637 0.0180128 0.0 0.0 0.0 1.0
pumpkin/seq-06/color/frame-000455.color.png pumpkin/seq-06/color/frame-000458.color.png 0.999213 0.0273398 -0.0287535 -0.0447239 -0.0275817 0.999587 -0.00804953 -0.0166773 0.0285216 0.00883618 0.999554 0.0487282 0.0 0.0 0.0 1.0
pumpkin/seq-06/color/frame-000458.color.png pumpkin/seq-06/color/frame-000461.color.png 0.998916 0.0326448 -0.0331936 -0.0148126 -0.0326255 0.999467 0.0011248 -0.0464747 0.0332127 -4.05678e-05 0.999448 0.0247939 0.0 0.0 0.0 1.0
pumpkin/seq-06/color/frame-000461.color.png pumpkin/seq-06/color/frame-000464.color.png 0.999264 0.0266572 -0.0275761 -0.0317125 -0.0267606 0.999636 -0.00339074 -0.0316591 0.0274757 0.00412613 0.999614 0.0117926 0.0 0.0 0.0 1.0
pumpkin/seq-06/color/frame-000464.color.png pumpkin/seq-06/color/frame-000467.color.png 0.999303 0.0212347 -0.0307052 -0.0211416 -0.0212383 0.999774 0.000207687 -0.019245 0.0307027 0.000444581 0.999528 0.028865 0.0 0.0 0.0 1.0
pumpkin/seq-06/color/frame-000467.color.png pumpkin/seq-06/color/frame-000470.color.png 0.999372 0.0197711 -0.0294222 -0.0244955 -0.019959 0.999782 -0.00610822 -0.0185913 0.029295 0.00669165 0.999548 0.0282744 0.0 0.0 0.0 1.0
pumpkin/seq-06/color/frame-000470.color.png pumpkin/seq-06/color/frame-000473.color.png 0.999711 0.0164945 -0.0174703 -0.0521984 -0.0164861 0.999864 0.000619657 -0.0234591 0.0174781 -0.000331529 0.999847 0.0228909 0.0 0.0 0.0 1.0
pumpkin/seq-06/color/frame-000473.color.png pumpkin/seq-06/color/frame-000476.color.png 0.999769 0.0166676 -0.0135789 -0.0346404 -0.0166798 0.999861 -0.000786704 -0.0162187 0.013564 0.00101303 0.999907 0.019983 0.0 0.0 0.0 1.0
pumpkin/seq-06/color/frame-000476.color.png pumpkin/seq-06/color/frame-000479.color.png 0.999694 0.0205967 -0.0136648 -0.0393223 -0.0204022 0.999691 0.0142241 -0.0223769 0.0139535 -0.0139409 0.999805 0.0111367 0.0 0.0 0.0 1.0
pumpkin/seq-06/color/frame-000479.color.png pumpkin/seq-06/color/frame-000482.color.png 0.999633 0.00896371 -0.0255658 -0.0234035 -0.00838064 0.999704 0.0228234 0.0133711 0.0257628 -0.0226007 0.999413 0.051476 0.0 0.0 0.0 1.0
pumpkin/seq-06/color/frame-000482.color.png pumpkin/seq-06/color/frame-000485.color.png 0.999931 0.0114049 -0.00281081 -0.0299163 -0.0113244 0.999567 0.027154 -0.0153 0.00311928 -0.0271203 0.999627 0.00907034 0.0 0.0 0.0 1.0
pumpkin/seq-06/color/frame-000485.color.png pumpkin/seq-06/color/frame-000488.color.png 0.999972 0.00704361 0.00251583 -0.0239331 -0.00707451 0.999897 0.0124916 -0.00803292 -0.00242761 -0.0125091 0.999919 0.00789894 0.0 0.0 0.0 1.0
pumpkin/seq-06/color/frame-000488.color.png pumpkin/seq-06/color/frame-000491.color.png 0.999979 0.00645702 0.00045466 -0.000530958 -0.00646007 0.999954 0.0071099 -0.0394383 -0.00040872 -0.00711262 0.999974 0.0181303 0.0 0.0 0.0 1.0
pumpkin/seq-06/color/frame-000491.color.png pumpkin/seq-06/color/frame-000494.color.png 0.999926 0.0120526 -0.00158833 0.0346828 -0.0120821 0.999725 -0.0200952 -0.0607165 0.00134569 0.0201129 0.999797 0.0219817 0.0 0.0 0.0 1.0
pumpkin/seq-06/color/frame-000494.color.png pumpkin/seq-06/color/frame-000497.color.png 0.999658 0.025189 -0.00705115 0.0364137 -0.0253293 0.999467 -0.020579 -0.0687432 0.00652904 0.0207506 0.999763 0.0376006 0.0 0.0 0.0 1.0
pumpkin/seq-06/color/frame-000497.color.png pumpkin/seq-06/color/frame-000500.color.png 0.999749 0.0224041 0.000124915 0.0428805 -0.0224025 0.999721 -0.00753423 -0.0798374 -0.000293708 0.0075295 0.999972 0.0249074 0.0 0.0 0.0 1.0
pumpkin/seq-06/color/frame-000500.color.png pumpkin/seq-06/color/frame-000503.color.png 0.999991 0.00399904 0.00125666 0.0439451 -0.00399492 0.999987 -0.00323555 -0.0395566 -0.00126957 0.00323052 0.999994 0.0331653 0.0 0.0 0.0 1.0
pumpkin/seq-06/color/frame-000503.color.png pumpkin/seq-06/color/frame-000506.color.png 0.999996 0.00151337 -0.00224435 0.0565854 -0.00151637 0.999998 -0.00132252 -0.032364 0.00224235 0.00132588 0.999997 0.0416425 0.0 0.0 0.0 1.0
pumpkin/seq-06/color/frame-000506.color.png pumpkin/seq-06/color/frame-000509.color.png 0.999993 0.0023418 0.0030655 0.0344445 -0.00234703 0.999996 0.00170069 -0.0269878 -0.00306152 -0.00170791 0.999994 0.0445293 0.0 0.0 0.0 1.0
pumpkin/seq-06/color/frame-000509.color.png pumpkin/seq-06/color/frame-000512.color.png 0.999997 0.00179031 -0.00182822 0.0202285 -0.00177632 0.999969 0.0076325 -0.0570513 0.00184185 -0.0076292 0.999969 0.0603925 0.0 0.0 0.0 1.0
pumpkin/seq-06/color/frame-000512.color.png pumpkin/seq-06/color/frame-000515.color.png 0.999985 -0.00441191 0.00310967 0.0177398 0.00445796 0.999878 -0.0149552 -0.0185106 -0.00304333 0.0149688 0.999883 0.0600838 0.0 0.0 0.0 1.0
pumpkin/seq-06/color/frame-000515.color.png pumpkin/seq-06/color/frame-000518.color.png 0.999942 -0.00189953 0.0105639 0.00795913 0.00191919 0.999996 -0.00185377 -0.0528728 -0.0105603 0.00187396 0.999942 0.0422881 0.0 0.0 0.0 1.0
pumpkin/seq-06/color/frame-000518.color.png pumpkin/seq-06/color/frame-000521.color.png 0.99995 -0.0098954 0.00104071 0.0144405 0.00989506 0.999951 0.000334502 -0.0410408 -0.00104397 -0.000324185 0.999999 0.0521269 0.0 0.0 0.0 1.0
