pumpkin/seq-06/color/frame-000000.color.png pumpkin/seq-06/color/frame-000003.color.png 0.999999 0.000217617 0.0016625 1.28567e-05 -0.000218951 1.0 0.000802212 0.00405119 -0.00166232 -0.000802575 0.999998 -0.000335485 0.0 0.0 0.0 1.0
pumpkin/seq-06/color/frame-000003.color.png pumpkin/seq-06/color/frame-000006.color.png 0.999992 -0.00372858 0.00156033 0.000426145 0.00372704 0.999993 0.000987902 -0.00561714 -0.001564 -0.000982078 0.999998 0.00541059 0.0 0.0 0.0 1.0
pumpkin/seq-06/color/frame-000006.color.png pumpkin/seq-06/color/frame-000009.color.png 0.999998 -0.00219907 0.000260253 -0.000630909 0.00220099 0.999969 -0.00761696 0.00293114 -0.000243494 0.00761752 0.999971 0.00364202 0.0 0.0 0.0 1.0
pumpkin/seq-06/color/frame-000009.color.png pumpkin/seq-06/color/frame-000012.color.png 0.999991 -0.00266045 0.00327308 0.000244961 0.0026811 0.999976 -0.00632057 -0.0110752 -0.00325619 0.00632929 0.999975 0.00870666 0.0 0.0 0.0 1.0
pumpkin/seq-06/color/frame-000012.color.png pumpkin/seq-06/color/frame-000015.color.png 0.999909 -0.0121595 -0.00580981 -0.000308233 0.0120335 0.999702 -0.0212485 0.0106435 0.00606645 0.0211766 0.999757 0.00637129 0.0 0.0 0.0 1.0
pumpkin/seq-06/color/frame-000015.color.png pumpkin/seq-06/color/frame-000018.color.png 0.999979 -0.00499249 -0.00419749 0.00227572 0.00497442 0.999978 -0.00430449 -0.00312902 0.00421889 0.00428352 0.999982 0.0145987 0.0 0.0 0.0 1.0
pumpkin/seq-06/color/frame-000018.color.png pumpkin/seq-06/color/frame-000021.color.png 0.999922 -0.012047 -0.00314955 -0.00187618 0.0119647 0.999617 -0.0249575 0.00488492 0.00344901 0.0249179 0.999683 0.0162322 0.0 0.0 0.0 1.0
pumpkin/seq-06/color/frame-000021.color.png pumpkin/seq-06/color/frame-000024.color.png 0.999923 -0.0122206 -0.00208589 -0.00171604 0.0122061 0.999902 -0.00683465 0.00241666 0.00216921 0.00680865 0.999975 0.0148557 0.0 0.0 0.0 1.0
pumpkin/seq-06/color/frame-000024.color.png pumpkin/seq-06/color/frame-000027.color.png 0.999984 -0.00486535 -0.00280633 -0.00289469 0.00487211 0.999985 0.00240286 -0.0023052 0.0027946 -0.0024165 0.999993 0.0139559 0.0 0.0 0.0 1.0
pumpkin/seq-06/color/frame-000027.color.png pumpkin/seq-06/color/frame-000030.color.png 0.999989 -0.00473899 0.000107411 -0.00361314 0.00473948 0.999975 -0.00531973 -0.00864661 -8.22003e-05 0.00532015 0.999986 0.0195642 0.0 0.0 0.0 1.0
pumpkin/seq-06/color/frame-000030.color.png pumpkin/seq-06/color/frame-000033.color.png 0.999804 -0.019306 0.00449701 -0.00459384 0.0193558 0.999749 -0.011305 -0.00790537 -0.00427763 0.0113898 0.999926 0.015592 0.0 0.0 0.0 1.0
pumpkin/seq-06/color/frame-000033.color.png pumpkin/seq-06/color/frame-000036.color.png 0.999996 -0.00272413 0.00109095 -0.00619228 0.00273943 0.999894 -0.0142784 -0.00571812 -0.00105194 0.0142814 0.999898 0.00971573 0.0 0.0 0.0 1.0
pumpkin/seq-06/color/frame-000036.color.png pumpkin/seq-06/color/frame-000039.color.png 0.999981 -0.00210914 0.00577378 -0.00600572 0.00217443 0.999933 -0.0113243 0.00039668 -0.00574951 0.0113367 0.999919 0.0116277 0.0 0.0 0.0 1.0
pumpkin/seq-06/color/frame-000039.color.png pumpkin/seq-06/color/frame-000042.color.png 0.999884 -0.00809144 0.0129104 -0.0167608 0.00836352 0.999741 -0.0211621 -0.00792559 -0.0127359 0.0212676 0.999693 0.0111001 0.0 0.0 0.0 1.0
pumpkin/seq-06/color/frame-000042.color.png pumpkin/seq-06/color/frame-000045.color.png 0.999933 -0.0100414 0.00575492 -0.00482801 0.0101277 0.999834 -0.0151724 0.00224034 -0.00560161 0.0152297 0.999868 0.00616711 0.0 0.0 0.0 1.0
pumpkin/seq-06/color/frame-000045.color.png pumpkin/seq-06/color/frame-000048.color.png 0.999943 -0.00870843 0.00621179 -0.0105787 0.00885777 0.999662 -0.0244331 0.00571403 -0.00599691 0.0244867 0.999682 0.0120462 0.0 0.0 0.0 1.0
pumpkin/seq-06/color/frame-000048.color.png pumpkin/seq-06/color/frame-000051.color.png 0.999967 0.00692557 0.00425761 -0.0110967 -0.00685346 0.999837 -0.0167265 -0.0183357 -0.00437275 0.0166967 0.999851 0.0127784 0.0 0.0 0.0 1.0
pumpkin/seq-06/color/frame-000051.color.png pumpkin/seq-06/color/frame-000054.color.png 0.999973 -0.00214344 0.00696164 -0.0112818 0.00222251 0.999933 -0.0113702 -0.00216235 -0.0069368 0.0113854 0.999911 0.00541535 0.0 0.0 0.0 1.0
pumpkin/seq-06/color/frame-000054.color.png pumpkin/seq-06/color/frame-000057.color.png 0.999952 -0.00270988 0.00944064 -0.0148387 0.00290066 0.999791 -0.0202547 -0.00856689 -0.00938378 0.0202812 0.99975 0.0119385 0.0 0.0 0.0 1.0
pumpkin/seq-06/color/frame-000057.color.png pumpkin/seq-06/color/frame-000060.color.png 0.999984 0.00169532 0.00533524 -0.00265469 -0.00154897 0.999626 -0.0273148 0.00256065 -0.00537956 0.0273061 0.999613 0.011249 0.0 0.0 0.0 1.0
pumpkin/seq-06/color/frame-000060.color.png pumpkin/seq-06/color/frame-000063.color.png 0.999853 -0.00898087 0.0146274 -0.0225324 0.00915955 0.999884 -0.0121936 -0.0198773 -0.0145162 0.0123257 0.999819 0.00633164 0.0 0.0 0.0 1.0
pumpkin/seq-06/color/frame-000063.color.png pumpkin/seq-06/color/frame-000066.color.png 0.999952 -0.000111918 0.00980441 -0.0144368 0.000338953 0.999732 -0.0231594 -0.00636284 -0.00979918 0.0231616 0.999684 0.00905982 0.0 0.0 0.0 1.0
pumpkin/seq-06/color/frame-000066.color.png pumpkin/seq-06/color/frame-000069.color.png 0.999993 -0.00158392 0.00349167 -1.96993e-05 0.00165581 0.999785 -0.0206771 -0.0190085 -0.00345819 0.0206828 0.99978 0.000865087 0.0 0.0 0.0 1.0
pumpkin/seq-06/color/frame-000069.color.png pumpkin/seq-06/color/frame-000072.color.png 0.999951 -0.00160025 0.00973353 -0.00801647 0.00178955 0.999809 -0.0194701 0.00269845 -0.00970052 0.0194866 0.999763 0.00851011 0.0 0.0 0.0 1.0
pumpkin/seq-06/color/frame-000072.color.png pumpkin/seq-06/color/frame-000075.color.png 0.99989 0.000942293 0.0148252 -0.0109236 -0.000654278 0.999811 -0.0194215 -0.0107122 -0.0148407 0.0194097 0.999701 -0.000896066 0.0 0.0 0.0 1.0
pumpkin/seq-06/color/frame-000075.color.png pumpkin/seq-06/color/frame-000078.color.png 0.999846 0.00226119 0.0173909 -0.0107624 -0.00183977 0.999705 -0.0242097 -0.00794312 -0.0174405 0.024174 0.999556 0.00344013 0.0 0.0 0.0 1.0
pumpkin/seq-06/color/frame-000078.color.png pumpkin/seq-06/color/frame-000081.color.png 0.999867 0.000686772 0.0163078 -0.00946271 -0.000429461 0.999875 -0.0157782 -0.0278312 -0.0163166 0.0157691 0.999743 -0.0109607 0.0 0.0 0.0 1.0
pumpkin/seq-06/color/frame-000081.color.png pumpkin/seq-06/color/frame-000084.color.png 0.999887 0.00251093 0.0148219 -0.00736095 -0.002286 0.999882 -0.015174 -0.0101062 -0.0148582 0.0151383 0.999775 -0.00242527 0.0 0.0 0.0 1.0
pumpkin/seq-06/color/frame-000084.color.png pumpkin/seq-06/color/frame-000087.color.png 0.999907 0.00275531 0.013371 -0.00598337 -0.00250585 0.999823 -0.0186365 -0.00729498 -0.01342 0.0186013 0.999737 -0.00161998 0.0 0.0 0.0 1.0
pumpkin/seq-06/color/frame-000087.color.png pumpkin/seq-06/color/frame-000090.color.png 0.999958 0.00337456 0.00846175 0.000113651 -0.00326605 0.999913 -0.0128057 -0.00880246 -0.00850423 0.0127775 0.999882 -0.00657307 0.0 0.0 0.0 1.0
pumpkin/seq-06/color/frame-000090.color.png pumpkin/seq-06/color/frame-000093.color.png 0.999945 0.00369433 0.00978044 -0.00360055 -0.00344599 0.999674 -0.0252855 0.00645131 -0.00987067 0.0252504 0.999632 0.00539213 0.0 0.0 0.0 1.0
pumpkin/seq-06/color/frame-000093.color.png pumpkin/seq-06/color/frame-000096.color.png 0.999943 0.00666057 0.00835177 0.00110327 -0.00655441 0.999898 -0.0126728 -0.012187 -0.00843534 0.0126174 0.999885 -0.00815572 0.0 0.0 0.0 1.0
pumpkin/seq-06/color/frame-000096.color.png pumpkin/seq-06/color/frame-000099.color.png 0.999878 0.00975253 0.01223 -0.00716053 -0.00946315 0.999679 -0.0235 0.000950843 -0.0124552 0.0233813 0.999649 0.00245638 0.0 0.0 0.0 1.0
pumpkin/seq-06/color/frame-000099.color.png pumpkin/seq-06/color/frame-000102.color.png 0.999899 0.0120653 0.00754713 -0.000877872 -0.011879 0.999635 -0.02426 -0.00318781 -0.0078371 0.0241679 0.999677 -0.00233079 0.0 0.0 0.0 1.0
pumpkin/seq-06/color/frame-000102.color.png pumpkin/seq-06/color/frame-000105.color.png 0.99992 0.0110159 0.00622489 0.00482315 -0.010881 0.999714 -0.0212949 -0.00870901 -0.00645768 0.0212256 0.999754 -0.006332 0.0 0.0 0.0 1.0
pumpkin/seq-06/color/frame-000105.color.png pumpkin/seq-06/color/frame-000108.color.png 0.999887 0.00763057 0.0129768 -0.00303368 -0.00743398 0.999858 -0.0151317 -0.00597146 -0.0130904 0.0150333 0.999801 -0.00924319 0.0 0.0 0.0 1.0
pumpkin/seq-06/color/frame-000108.color.png pumpkin/seq-06/color/frame-000111.color.png 0.999929 0.00844235 0.00836856 -0.00231598 -0.00827627 0.999772 -0.0196828 -0.0103968 -0.00853286 0.0196122 0.999771 -0.00961131 0.0 0.0 0.0 1.0
pumpkin/seq-06/color/frame-000111.color.png pumpkin/seq-06/color/frame-000114.color.png 0.999926 0.0051924 0.0109824 -0.00543524 -0.00507274 0.999928 -0.0108964 -0.0200809 -0.0110382 0.0108398 0.99988 -0.0140237 0.0 0.0 0.0 1.0
pumpkin/seq-06/color/frame-000114.color.png pumpkin/seq-06/color/frame-000117.color.png 0.999888 0.0100154 0.0110888 -0.000162825 -0.009884 0.999881 -0.0118413 -0.0126168 -0.011206 0.0117304 0.999868 -0.0151927 0.0 0.0 0.0 1.0
pumpkin/seq-06/color/frame-000117.color.png pumpkin/seq-06/color/frame-000120.color.png 0.999981 0.00362785 0.00506249 0.00215122 -0.00355693 0.999897 -0.0139449 0.00564936 -0.0051126 0.0139267 0.99989 -0.0106639 0.0 0.0 0.0 1.0
pumpkin/seq-06/color/frame-000120.color.png pumpkin/seq-06/color/frame-000123.color.png 0.999961 0.00349258 0.00804403 -0.00267239 -0.00341716 0.99995 -0.00936865 -0.00613567 -0.0080763 0.00934075 0.999924 -0.0107137 0.0 0.0 0.0 1.0
pumpkin/seq-06/color/frame-000123.color.png pumpkin/seq-06/color/frame-000126.color.png 0.999969 -0.000913079 0.00783526 -0.00594981 0.00101962 0.999907 -0.0136021 -0.00569692 -0.00782213 0.0136097 0.999877 -0.0136051 0.0 0.0 0.0 1.0
pumpkin/seq-06/color/frame-000126.color.png pumpkin/seq-06/color/frame-000129.color.png 0.999945 0.00743923 0.00745977 0.00319321 -0.00733942 0.999884 -0.0133204 -0.00203437 -0.00755803 0.013265 0.999883 -0.0151065 0.0 0.0 0.0 1.0
pumpkin/seq-06/color/frame-000129.color.png pumpkin/seq-06/color/frame-000132.color.png 0.999987 0.00439053 0.00266341 -0.0120013 -0.00438136 0.999985 -0.00344608 -0.0190698 -0.00267849 0.00343423 0.999991 -0.0152489 0.0 0.0 0.0 1.0
pumpkin/seq-06/color/frame-000132.color.png pumpkin/seq-06/color/frame-000135.color.png 0.999895 0.0140489 0.00353718 -0.00223176 -0.0139829 0.99974 -0.018034 -0.00268555 -0.00378962 0.0179827 0.999831 -0.000917602 0.0 0.0 0.0 1.0
pumpkin/seq-06/color/frame-000135.color.png pumpkin/seq-06/color/frame-000138.color.png 0.999972 0.00643128 -0.00394602 0.00357641 -0.00644686 0.999972 -0.00394904 -0.00614566 0.00392048 0.00397444 0.999984 -0.00309622 0.0 0.0 0.0 1.0
pumpkin/seq-06/color/frame-000138.color.png pumpkin/seq-06/color/frame-000141.color.png 0.999989 -0.00307537 -0.00358148 -0.00438543 0.00305256 0.999975 -0.0063499 -0.00980067 0.00360095 0.00633892 0.999973 0.00771373 0.0 0.0 0.0 1.0
pumpkin/seq-06/color/frame-000141.color.png pumpkin/seq-06/color/frame-000144.color.png 0.999967 0.00402001 -0.0070514 0.000949875 -0.00406749 0.999969 -0.00673516 -0.0106991 0.00702408 0.00676355 0.999952 0.0137215 0.0 0.0 0.0 1.0
pumpkin/seq-06/color/frame-000144.color.png pumpkin/seq-06/color/frame-000147.color.png 0.999894 0.00418484 -0.0139644 0.00457644 -0.00437079 0.999902 -0.0133118 -0.00457671 0.0139073 0.0133713 0.999814 0.0300659 0.0 0.0 0.0 1.0
pumpkin/seq-06/color/frame-000147.color.png pumpkin/seq-06/color/frame-000150.color.png 0.999945 -0.00187245 -0.0102699 0.0029216 0.00183906 0.999993 -0.00325704 -0.00814965 0.010276 0.00323799 0.999942 0.0231188 0.0 0.0 0.0 1.0
pumpkin/seq-06/color/frame-000150.color.png pumpkin/seq-06/color/frame-000153.color.png 0.999994 -0.000313764 -0.00350377 0.00322933 0.000291462 0.99998 -0.00637221 -0.00912052 0.00350568 0.00637123 0.999973 0.0203989 0.0 0.0 0.0 1.0
pumpkin/seq-06/color/frame-000153.color.png pumpkin/seq-06/color/frame-000156.color.png 0.999993 0.00239419 0.00271976 0.0041163 -0.00235825 0.999911 -0.0131479 -0.0054788 -0.00275098 0.0131413 0.99991 0.0192666 0.0 0.0 0.0 1.0
pumpkin/seq-06/color/frame-000156.color.png pumpkin/seq-06/color/frame-000159.color.png 0.999981 -0.00309125 -0.00530099 0.0125842 0.0030332 0.999936 -0.0109252 -0.00899625 0.00533439 0.010909 0.999926 0.0164885 0.0 0.0 0.0 1.0
pumpkin/seq-06/color/frame-000159.color.png pumpkin/seq-06/color/frame-000162.color.png 0.999963 -0.00780634 0.00355579 0.00680985 0.0078096 0.999969 -0.000902259 -0.0121293 -0.0035486 0.000930008 0.999993 0.0135946 0.0 0.0 0.0 1.0
pumpkin/seq-06/color/frame-000162.color.png pumpkin/seq-06/color/frame-000165.color.png 0.999975 -0.00693453 0.00116496 0.00950778 0.00693871 0.999969 -0.00360886 7.36713e-05 -0.00113992 0.00361688 0.999993 0.0222914 0.0 0.0 0.0 1.0
pumpkin/seq-06/color/frame-000165.color.png pumpkin/seq-06/color/frame-000168.color.png 0.999955 -0.00334866 -0.0089245 0.0150635 0.00333233 0.999993 -0.00184338 -0.00792348 0.00893061 0.00181354 0.999958 0.0158708 0.0 0.0 0.0 1.0
pumpkin/seq-06/color/frame-000168.color.png pumpkin/seq-06/color/frame-000171.color.png 0.999999 0.000848122 0.000720187 0.0145998 -0.000849722 0.999997 0.00222388 -0.0167558 -0.000718257 -0.00222454 0.999997 0.0170208 0.0 0.0 0.0 1.0
pumpkin/seq-06/color/frame-000171.color.png pumpkin/seq-06/color/frame-000174.color.png 0.999997 0.00245817 -0.000722152 0.014328 -0.00246213 0.999982 -0.00550952 -0.00177637 0.000708598 0.00551119 0.999985 0.0181048 0.0 0.0 0.0 1.0
pumpkin/seq-06/color/frame-000174.color.png pumpkin/seq-06/color/frame-000177.color.png 0.999943 0.00299655 0.0102271 0.00940875 -0.00291635 0.999965 -0.00784858 -0.00852755 -0.0102503 0.00781844 0.999917 0.0121637 0.0 0.0 0.0 1.0
pumpkin/seq-06/color/frame-000177.color.png pumpkin/seq-06/color/frame-000180.color.png 0.999954 0.00509259 0.00817067 0.00947424 -0.00507415 0.999984 -0.00227416 -0.00565359 -0.00818213 0.00223258 0.999964 0.0149968 0.0 0.0 0.0 1.0
pumpkin/seq-06/color/frame-000180.color.png pumpkin/seq-06/color/frame-000183.color.png 0.999991 -0.000642416 0.00421428 0.00311875 0.000640268 1.0 0.000512456 -0.0124327 -0.00421463 -0.000509799 0.999991 0.0184581 0.0 0.0 0.0 1.0
pumpkin/seq-06/color/frame-000183.color.png pumpkin/seq-06/color/frame-000186.color.png 0.999989 0.00132955 -0.0044751 0.0113487 -0.00134459 0.999993 -0.00336293 -0.0118916 0.00447063 0.00336893 0.999984 0.0205249 0.0 0.0 0.0 1.0
pumpkin/seq-06/color/frame-000186.color.png pumpkin/seq-06/color/frame-000189.color.png 0.999973 -0.00360211 -0.00634512 0.0109563 0.00357375 0.999984 -0.00447011 -0.00488108 0.00636114 0.00444716 0.99997 0.0257647 0.0 0.0 0.0 1.0
pumpkin/seq-06/color/frame-000189.color.png pumpkin/seq-06/color/frame-000192.color.png 0.999981 0.000706965 -0.00609695 0.0152998 -0.000688751 0.999995 0.00298504 -0.0105445 0.006099 -0.00298068 0.999977 0.0173198 0.0 0.0 0.0 1.0
pumpkin/seq-06/color/frame-000192.color.png pumpkin/seq-06/color/frame-000195.color.png 0.999997 0.00187657 -0.00176577 0.00789161 -0.00187365 0.999997 0.00165695 -0.00898069 0.00176886 -0.00165363 0.999997 0.0216085 0.0 0.0 0.0 1.0
pumpkin/seq-06/color/frame-000195.color.png pumpkin/seq-06/color/frame-000198.color.png 0.999979 -0.00291353 -0.0057013 0.00787487 0.00295062 0.999974 0.0065105 -0.0160415 0.00568224 -0.0065272 0.999963 0.0136731 0.0 0.0 0.0 1.0
pumpkin/seq-06/color/frame-000198.color.png pumpkin/seq-06/color/frame-000201.color.png 0.999998 -0.00116749 -0.0015443 0.00712251 0.00116571 0.999999 -0.00114933 -0.0105522 0.00154564 0.00114747 0.999998 0.0152195 0.0 0.0 0.0 1.0
pumpkin/seq-06/color/frame-000201.color.png pumpkin/seq-06/color/frame-000204.color.png 0.999993 -0.00186285 0.00309101 0.00333631 0.00187421 0.999991 -0.00366632 -0.00449193 -0.00308414 0.00367219 0.999989 0.0137048 0.0 0.0 0.0 1.0
pumpkin/seq-06/color/frame-000204.color.png pumpkin/seq-06/color/frame-000207.color.png 0.999986 -0.00428375 0.00298785 -0.000437127 0.0043001 0.999976 -0.00548162 -0.00570822 -0.00296434 0.00549443 0.99998 0.0115712 0.0 0.0 0.0 1.0
pumpkin/seq-06/color/frame-000207.color.png pumpkin/seq-06/color/frame-000210.color.png 0.999996 -0.00144465 -0.00230239 0.00794287 0.00143363 0.999988 -0.00476494 0.00141382 0.00230921 0.00476164 0.999986 0.00832435 0.0 0.0 0.0 1.0
pumpkin/seq-06/color/frame-000210.color.png pumpkin/seq-06/color/frame-000213.color.png 1.0 -0.000568447 0.000411771 -0.00172877 0.000567317 0.999996 0.00270709 -0.00648463 -0.00041331 -0.00270695 0.999996 0.00371775 0.0 0.0 0.0 1.0
pumpkin/seq-06/color/frame-000213.color.png pumpkin/seq-06/color/frame-000216.color.png 0.999976 0.00247475 -0.00654881 0.00924036 -0.00244291 0.999985 0.00485882 0.00697279 0.0065607 -0.00484264 0.999967 -0.00141498 0.0 0.0 0.0 1.0
pumpkin/seq-06/color/frame-000216.color.png pumpkin/seq-06/color/frame-000219.color.png 0.999988 -0.0024714 -0.00411344 -0.00385796 0.00255934 0.999765 0.0215151 -0.00495964 0.00405932 -0.0215254 0.99976 -0.0132363 0.0 0.0 0.0 1.0
pumpkin/seq-06/color/frame-000219.color.png pumpkin/seq-06/color/frame-000222.color.png 0.999987 -0.00464848 -0.00203642 -0.0110564 0.0046944 0.999721 0.0231455 -0.0072242 0.00192825 -0.0231547 0.99973 -0.0140593 0.0 0.0 0.0 1.0
pumpkin/seq-06/color/frame-000222.color.png pumpkin/seq-06/color/frame-000225.color.png 0.999924 -0.00216887 -0.0121478 -0.00705683 0.00235358 0.999881 0.0152115 -0.000488877 0.0121134 -0.0152391 0.999811 -0.00980094 0.0 0.0 0.0 1.0
pumpkin/seq-06/color/frame-000225.color.png pumpkin/seq-06/color/frame-000228.color.png 0.999829 -0.000100361 -0.0184938 -0.000920173 0.000208957 0.999983 0.00587099 0.0167371 0.0184928 -0.00587379 0.999812 -0.00479522 0.0 0.0 0.0 1.0
pumpkin/seq-06/color/frame-000228.color.png pumpkin/seq-06/color/frame-000231.color.png 0.999874 0.00103566 -0.0158326 -0.00243026 -0.000694151 0.999767 0.0215602 0.00595146 0.0158512 -0.0215464 0.999642 -0.0162581 0.0 0.0 0.0 1.0
pumpkin/seq-06/color/frame-000231.color.png pumpkin/seq-06/color/frame-000234.color.png 0.999959 -0.00113297 -0.00900457 -0.012645 0.00124087 0.999927 0.0119871 0.0121268 0.00899032 -0.0119979 0.999888 -0.00522369 0.0 0.0 0.0 1.0
pumpkin/seq-06/color/frame-000234.color.png pumpkin/seq-06/color/frame-000237.color.png 0.999928 -0.00136576 -0.011924 -0.0044281 0.00150157 0.999934 0.0113856 0.00728682 0.0119077 -0.0114026 0.999864 -0.0173472 0.0 0.0 0.0 1.0
pumpkin/seq-06/color/frame-000237.color.png pumpkin/seq-06/color/frame-000240.color.png 0.999933 -0.00194012 -0.0114399 -0.0135999 0.00220521 0.999728 0.0232073 0.0114319 0.0113917 -0.023231 0.999665 -0.024294 0.0 0.0 0.0 1.0
pumpkin/seq-06/color/frame-000240.color.png pumpkin/seq-06/color/frame-000243.color.png 0.999965 -0.00679064 -0.00483534 -0.0269014 0.00686717 0.999849 0.0159909 0.00344822 0.00472603 -0.0160237 0.999861 -0.0118321 0.0 0.0 0.0 1.0
pumpkin/seq-06/color/frame-000243.color.png pumpkin/seq-06/color/frame-000246.color.png 0.999996 -0.00196768 -0.00198326 -0.0122796 0.00198883 0.999941 0.0107218 0.00602925 0.00196201 -0.0107256 0.999941 -0.0200349 0.0 0.0 0.0 1.0
pumpkin/seq-06/color/frame-000246.color.png pumpkin/seq-06/color/frame-000249.color.png 0.999996 -0.00177977 0.00203393 -0.0157442 0.00176407 0.999969 0.00770469 0.0127897 -0.00204756 -0.00770112 0.999968 -0.020184 0.0 0.0 0.0 1.0
pumpkin/seq-06/color/frame-000249.color.png pumpkin/seq-06/color/frame-000252.color.png 0.999938 -0.0107019 0.00299084 -0.0217135 0.0106575 0.999838 0.0144902 0.0132359 -0.00314544 -0.0144574 0.999891 -0.0320017 0.0 0.0 0.0 1.0
pumpkin/seq-06/color/frame-000252.color.png pumpkin/seq-06/color/frame-000255.color.png 0.999939 -0.0109725 0.00119111 -0.0153567 0.0109514 0.999804 0.0164678 0.0107984 -0.00137158 -0.0164536 0.999864 -0.02378 0.0 0.0 0.0 1.0
pumpkin/seq-06/color/frame-000255.color.png pumpkin/seq-06/color/frame-000258.color.png 0.999944 -0.0105801 0.00057156 -0.0146082 0.0105714 0.999852 0.0135895 0.00510088 -0.000715262 -0.0135827 0.999907 -0.0158078 0.0 0.0 0.0 1.0
pumpkin/seq-06/color/frame-000258.color.png pumpkin/seq-06/color/frame-000261.color.png 0.999965 -0.00743947 0.00392649 -0.0129944 0.00738805 0.999889 0.0129473 0.00522137 -0.00402238 -0.0129179 0.999908 -0.0231866 0.0 0.0 0.0 1.0
pumpkin/seq-06/color/frame-000261.color.png pumpkin/seq-06/color/frame-000264.color.png 0.999978 -0.00451143 0.00475742 -0.00965501 0.00446457 0.999942 0.00980709 0.0228753 -0.00480134 -0.0097856 0.999941 -0.016068 0.0 0.0 0.0 1.0
pumpkin/seq-06/color/frame-000264.color.png pumpkin/seq-06/color/frame-000267.color.png 0.999914 -0.005827 0.0117267 -0.0163286 0.00559415 0.999789 0.0197924 0.00404966 -0.0118395 -0.0197252 0.999735 -0.0240763 0.0 0.0 0.0 1.0
pumpkin/seq-06/color/frame-000267.color.png pumpkin/seq-06/color/frame-000270.color.png 0.999981 -0.002751 0.00559839 -0.00573537 0.00274611 0.999996 0.000879524 0.0143792 -0.00560081 -0.000864073 0.999984 -0.0135212 0.0 0.0 0.0 1.0
pumpkin/seq-06/color/frame-000270.color.png pumpkin/seq-06/color/frame-000273.color.png 0.999985 -0.00103081 0.00545986 -0.00228749 0.00106789 0.999976 -0.00679351 0.0134854 -0.00545272 0.00679936 0.999962 -0.0159025 0.0 0.0 0.0 1.0
pumpkin/seq-06/color/frame-000273.color.png pumpkin/seq-06/color/frame-000276.color.png 0.999973 0.00502611 0.00530282 -0.00410689 -0.00503448 0.999986 0.00156442 0.00988901 -0.00529489 -0.00159115 0.999985 -0.020117 0.0 0.0 0.0 1.0
pumpkin/seq-06/color/frame-000276.color.png pumpkin/seq-06/color/frame-000279.color.png 0.99998 -0.00157126 -0.00618377 -0.000840902 0.00151883 0.999963 -0.00847485 0.0134414 0.00619689 0.00846525 0.999945 -0.00724033 0.0 0.0 0.0 1.0
pumpkin/seq-06/color/frame-000279.color.png pumpkin/seq-06/color/frame-000282.color.png 0.999985 0.00185322 -0.00517797 -0.0012747 -0.00187476 0.99999 -0.00416019 0.00811541 0.00517017 0.00416981 0.999978 -0.00292128 0.0 0.0 0.0 1.0
pumpkin/seq-06/color/frame-000282.color.png pumpkin/seq-06/color/frame-000285.color.png 0.999974 0.0064139 0.00337002 -0.00767481 -0.00633396 0.99971 -0.0232195 0.007516 -0.00351797 0.0231976 0.999725 0.00661892 0.0 0.0 0.0 1.0
pumpkin/seq-06/color/frame-000285.color.png pumpkin/seq-06/color/frame-000288.color.png 0.999989 0.00334004 0.0034248 -0.00805508 -0.00323548 0.999542 -0.0300999 0.00745061 -0.00352377 0.0300884 0.999541 0.0019581 0.0 0.0 0.0 1.0
pumpkin/seq-06/color/frame-000288.color.png pumpkin/seq-06/color/frame-000291.color.png 0.999965 0.00474285 0.00689117 0.000380352 -0.00457062 0.999682 -0.0247974 0.0125186 -0.00700659 0.0247651 0.999669 -0.00313804 0.0 0.0 0.0 1.0
pumpkin/seq-06/color/frame-000291.color.png pumpkin/seq-06/color/frame-000294.color.png 0.999987 0.00120597 0.00496118 -0.00652441 -0.00106783 0.999614 -0.027748 0.00339711 -0.00499276 0.0277424 0.999603 -0.000821814 0.0 0.0 0.0 1.0
pumpkin/seq-06/color/frame-000294.color.png pumpkin/seq-06/color/frame-000297.color.png 0.99998 -0.00629981 0.00026118 -0.00604871 0.00630343 0.999828 -0.0174613 0.00707835 -0.000151092 0.0174627 0.999847 -0.00528646 0.0 0.0 0.0 1.0
pumpkin/seq-06/color/frame-000297.color.png pumpkin/seq-06/color/frame-000300.color.png 0.999978 0.00184476 0.00637217 -0.00772423 -0.00178667 0.999957 -0.00911159 0.00574484 -0.00638873 0.00909993 0.999938 -0.00418869 0.0 0.0 0.0 1.0
pumpkin/seq-06/color/frame-000300.color.png pumpkin/seq-06/color/frame-000303.color.png 0.999998 -0.000822185 0.00176676 -0.000544071 0.000834789 0.999974 -0.00716217 0.0106381 -0.00176077 0.00716357 0.999973 -0.00315657 0.0 0.0 0.0 1.0
pumpkin/seq-06/color/frame-000303.color.png pumpkin/seq-06/color/frame-000306.color.png 0.999983 0.000569845 -0.00573436 0.00325361 -0.00053052 0.999976 0.00684981 0.00191104 0.00573807 -0.00684655 0.99996 -0.0142924 0.0 0.0 0.0 1.0
pumpkin/seq-06/color/frame-000306.color.png pumpkin/seq-06/color/frame-000309.color.png 0.999992 -0.00160556 0.00368648 -0.0136518 0.00158836 0.999988 0.00465471 0.00685884 -0.00369393 -0.00464882 0.999982 -0.00443792 0.0 0.0 0.0 1.0
pumpkin/seq-06/color/frame-000309.color.png pumpkin/seq-06/color/frame-000312.color.png 0.999981 -0.00507414 -0.00351635 -0.00496855 0.00510016 0.999959 0.00743391 0.0219478 0.0034785 -0.00745168 0.999966 -0.0077069 0.0 0.0 0.0 1.0
pumpkin/seq-06/color/frame-000312.color.png pumpkin/seq-06/color/frame-000315.color.png 0.999986 -0.00439384 -0.00288926 -0.00729623 0.0044261 0.999927 0.0112555 0.0150234 0.00283959 -0.0112682 0.999933 -0.00878202 0.0 0.0 0.0 1.0
pumpkin/seq-06/color/frame-000315.color.png pumpkin/seq-06/color/frame-000318.color.png 0.999997 -0.0010462 0.00220225 -0.00502992 0.00103368 0.999983 0.00568257 0.0127804 -0.00220816 -0.00568033 0.999982 -0.00873891 0.0 0.0 0.0 1.0
pumpkin/seq-06/color/frame-000318.color.png pumpkin/seq-06/color/frame-000321.color.png 0.999971 -0.00761129 -0.000752528 -0.0114044 0.00761353 0.999966 0.00301445 0.0187321 0.000729553 -0.00302019 0.999995 -0.0105 0.0 0.0 0.0 1.0
pumpkin/seq-06/color/frame-000321.color.png pumpkin/seq-06/color/frame-000324.color.png 0.999993 -0.00284425 0.00234406 -0.0153524 0.00283076 0.999979 0.00574736 0.0114224 -0.00236039 -0.00574053 0.999981 -0.00443391 0.0 0.0 0.0 1.0
pumpkin/seq-06/color/frame-000324.color.png pumpkin/seq-06/color/frame-000327.color.png 0.999985 -0.00173544 -0.00514382 -0.00576842 0.00178672 0.999949 0.00998389 0.0142909 0.00512631 -0.00999299 0.999937 -0.0033505 0.0 0.0 0.0 1.0
pumpkin/seq-06/color/frame-000327.color.png pumpkin/seq-06/color/frame-000330.color.png 0.999958 -0.00756869 -0.00522294 -0.00890103 0.00759816 0.999955 0.00564946 0.0108885 0.00517994 -0.00568895 0.99997 -0.0029127 0.0 0.0 0.0 1.0
pumpkin/seq-06/color/frame-000330.color.png pumpkin/seq-06/color/frame-000333.color.png 0.99997 -0.00621523 -0.00458842 -0.00487 0.00625784 0.999937 0.00932833 0.0155752 0.00453013 -0.00935665 0.999946 -0.0024463 0.0 0.0 0.0 1.0
pumpkin/seq-06/color/frame-000333.color.png pumpkin/seq-06/color/frame-000336.color.png 0.999952 -0.00555161 0.00808451 -0.0191154 0.0054096 0.999833 0.0174795 0.00529616 -0.00818012 -0.0174351 0.999815 -0.0108997 0.0 0.0 0.0 1.0
pumpkin/seq-06/color/frame-000336.color.png pumpkin/seq-06/color/frame-000339.color.png 0.999957 -0.0079825 0.00483076 -0.0124227 0.00792955 0.999909 0.0108884 0.0182623 -0.00491727 -0.0108496 0.999929 -0.000895128 0.0 0.0 0.0 1.0
pumpkin/seq-06/color/frame-000339.color.png pumpkin/seq-06/color/frame-000342.color.png 0.999972 -0.00727252 0.00164791 -0.0113496 0.00725499 0.99992 0.0103816 0.0199841 -0.00172325 -0.0103694 0.999945 -0.000981461 0.0 0.0 0.0 1.0
pumpkin/seq-06/color/frame-000342.color.png pumpkin/seq-06/color/frame-000345.color.png 0.999905 -0.0135766 0.00245758 -0.0218231 0.0135458 0.999834 0.012161 0.0246395 -0.0026223 -0.0121266 0.999923 0.00577297 0.0 0.0 0.0 1.0
pumpkin/seq-06/color/frame-000345.color.png pumpkin/seq-06/color/frame-000348.color.png 0.999747 -0.0224043 0.00179834 -0.0262449 0.022366 0.999569 0.019042 0.023062 -0.00222423 -0.0189968 0.999817 0.00475261 0.0 0.0 0.0 1.0
pumpkin/seq-06/color/frame-000348.color.png pumpkin/seq-06/color/frame-000351.color.png 0.999856 -0.0169341 -0.00127871 -0.0199331 0.0169417 0.999838 0.00613156 0.0209621 0.00117473 -0.00615248 0.999981 0.0074027 0.0 0.0 0.0 1.0
pumpkin/seq-06/color/frame-000351.color.png pumpkin/seq-06/color/frame-000354.color.png 0.99997 -0.00755908 -0.00144789 -0.0217546 0.0075833 0.999817 0.0175507 0.000985954 0.00131495 -0.0175611 0.999845 -0.00544777 0.0 0.0 0.0 1.0
pumpkin/seq-06/color/frame-000354.color.png pumpkin/seq-06/color/frame-000357.color.png 0.999903 -0.0134449 -0.00358816 -0.0200064 0.0134469 0.999909 0.000554878 0.0224548 0.00358044 -0.000603068 0.999993 0.00865065 0.0 0.0 0.0 1.0
pumpkin/seq-06/color/frame-000357.color.png pumpkin/seq-06/color/frame-000360.color.png 0.99993 -0.0115371 0.00250423 -0.0275115 0.0115125 0.999887 0.00962649 0.0109932 -0.00261508 -0.00959705 0.999951 -0.00244382 0.0 0.0 0.0 1.0
pumpkin/seq-06/color/frame-000360.color.png pumpkin/seq-06/color/frame-000363.color.png 0.999923 -0.00743458 0.00996068 -0.0408995 0.00723798 0.999781 0.0196331 0.0012841 -0.0101045 -0.0195594 0.999758 -0.00341273 0.0 0.0 0.0 1.0
pumpkin/seq-06/color/frame-000363.color.png pumpkin/seq-06/color/frame-000366.color.png 0.999936 -0.0110292 -0.002645 -0.0238143 0.0110394 0.999932 0.0038858 0.0220487 0.00260203 -0.00391475 0.999989 0.00152133 0.0 0.0 0.0 1.0
pumpkin/seq-06/color/frame-000366.color.png pumpkin/seq-06/color/frame-000369.color.png 0.999989 -0.00383902 -0.00251923 -0.0221376 0.00385893 0.999961 0.00795793 0.00878286 0.00248858 -0.00796754 0.999965 -0.00582184 0.0 0.0 0.0 1.0
pumpkin/seq-06/color/frame-000369.color.png pumpkin/seq-06/color/frame-000372.color.png 0.999989 -0.00366477 -0.00306397 -0.0199251 0.00369219 0.999953 0.00897645 0.0167977 0.00303089 -0.00898768 0.999955 -0.00134114 0.0 0.0 0.0 1.0
pumpkin/seq-06/color/frame-000372.color.png pumpkin/seq-06/color/frame-000375.color.png 0.999983 -0.00527858 -0.00253253 -0.027395 0.00531525 0.999878 0.0146904 -0.00277551 0.00245468 -0.0147036 0.999889 -0.00626912 0.0 0.0 0.0 1.0
pumpkin/seq-06/color/frame-000375.color.png pumpkin/seq-06/color/frame-000378.color.png 0.999982 0.0031377 -0.00513936 -0.0141979 -0.00307409 0.999919 0.0123277 0.0075728 0.00517765 -0.0123117 0.999911 -0.00503531 0.0 0.0 0.0 1.0
pumpkin/seq-06/color/frame-000378.color.png pumpkin/seq-06/color/frame-000381.color.png 0.99997 0.0026773 -0.00721683 -0.0152268 -0.00259219 0.999927 0.0117808 0.0167647 0.00724781 -0.0117618 0.999905 -0.00153803 0.0 0.0 0.0 1.0
pumpkin/seq-06/color/frame-000381.color.png pumpkin/seq-06/color/frame-000384.color.png 0.999964 -0.00706378 -0.00466988 -0.0201482 0.00713834 0.999844 0.0161503 0.0118509 0.00455505 -0.016183 0.999859 0.00040802 0.0 0.0 0.0 1.0
pumpkin/seq-06/color/frame-000384.color.png pumpkin/seq-06/color/frame-000387.color.png 0.999993 -0.00357765 0.0013485 -0.0347953 0.00355824 0.999893 0.014172 0.0132212 -0.00139901 -0.0141671 0.999899 0.00105445 0.0 0.0 0.0 1.0
pumpkin/seq-06/color/frame-000387.color.png pumpkin/seq-06/color/frame-000390.color.png 0.999986 0.000298448 -0.00524855 -0.0241259 -0.000228296 0.999911 0.0133696 0.0106605 0.0052521 -0.0133683 0.999897 -0.00612243 0.0 0.0 0.0 1.0
pumpkin/seq-06/color/frame-000390.color.png pumpkin/seq-06/color/frame-000393.color.png 0.999984 -0.00378441 -0.00421283 -0.0295916 0.00381112 0.999973 0.00635515 0.0195632 0.00418863 -0.00637107 0.999971 -0.000541724 0.0 0.0 0.0 1.0
pumpkin/seq-06/color/frame-000393.color.png pumpkin/seq-06/color/frame-000396.color.png 0.999948 0.00120791 -0.0101786 -0.0203341 -0.00112526 0.999966 0.00811629 0.0163144 0.010188 -0.00810444 0.999915 -0.00828523 0.0 0.0 0.0 1.0
pumpkin/seq-06/color/frame-000396.color.png pumpkin/seq-06/color/frame-000399.color.png 0.999969 -0.00421647 -0.00666299 -0.0243842 0.00427623 0.999951 0.00898354 0.0011328 0.00662476 -0.00901168 0.999937 -0.0109312 0.0 0.0 0.0 1.0
pumpkin/seq-06/color/frame-000399.color.png pumpkin/seq-06/color/frame-000402.color.png 0.999814 -0.0162116 0.0104902 -0.0639511 0.0161827 0.999865 0.00283836 0.0171851 -0.0105348 -0.00266806 0.999941 -0.0045109 0.0 0.0 0.0 1.0
pumpkin/seq-06/color/frame-000402.color.png pumpkin/seq-06/color/frame-000405.color.png 0.999956 -0.00423637 -0.00832708 -0.0225101 0.00430508 0.999957 0.00825485 0.0157364 0.00829179 -0.00829037 0.999931 -0.00561103 0.0 0.0 0.0 1.0
pumpkin/seq-06/color/frame-000405.color.png pumpkin/seq-06/color/frame-000408.color.png 0.999992 0.00388576 -0.000706185 -0.0282486 -0.00388194 0.999978 0.00536339 0.0144598 0.00072701 -0.00536059 0.999985 -0.00647754 0.0 0.0 0.0 1.0
pumpkin/seq-06/color/frame-000408.color.png pumpkin/seq-06/color/frame-000411.color.png 0.999991 -0.00180044 -0.00395504 -0.0306787 0.00183306 0.999964 0.00826204 0.00243568 0.00394001 -0.00826919 0.999958 -0.00633623 0.0 0.0 0.0 1.0
pumpkin/seq-06/color/frame-000411.color.png pumpkin/seq-06/color/frame-000414.color.png 0.999975 0.00361932 -0.00607237 -0.0209612 -0.0035801 0.999973 0.00645025 -0.00633806 0.00609558 -0.00642834 0.999961 -0.00436043 0.0 0.0 0.0 1.0
pumpkin/seq-06/color/frame-000414.color.png pumpkin/seq-06/color/frame-000417.color.png 0.999976 -0.00474588 0.00514158 -0.0520787 0.00475735 0.999986 -0.00222974 0.00888598 -0.00513094 0.0022541 0.999984 -0.0043292 0.0 0.0 0.0 1.0
pumpkin/seq-06/color/frame-000417.color.png pumpkin/seq-06/color/frame-000420.color.png 0.99999 0.00153101 0.00426884 -0.0338541 -0.00151938 0.999995 -0.0027089 0.00166525 -0.00427299 0.00270243 0.999987 -0.0136416 0.0 0.0 0.0 1.0
pumpkin/seq-06/color/frame-000420.color.png pumpkin/seq-06/color/frame-000423.color.png 0.999996 0.000250967 0.00290531 -0.0377933 -0.000241411 0.999995 -0.00328811 0.00506566 -0.0029061 0.00328738 0.99999 -0.00974391 0.0 0.0 0.0 1.0
pumpkin/seq-06/color/frame-000423.color.png pumpkin/seq-06/color/frame-000426.color.png 0.999999 -0.000941727 -0.00135154 -0.0452116 0.000934908 0.999987 -0.00506063 -0.00409931 0.00135628 0.00505939 0.999986 -0.00373514 0.0 0.0 0.0 1.0
pumpkin/seq-06/color/frame-000426.color.png pumpkin/seq-06/color/frame-000429.color.png 0.999996 0.0028536 0.000763917 -0.0497432 -0.00284969 0.999983 -0.00511977 -0.00430149 -0.000778483 0.0051175 0.999987 -0.0121285 0.0 0.0 0.0 1.0
pumpkin/seq-06/color/frame-000429.color.png pumpkin/seq-06/color/frame-000432.color.png 0.999916 0.0127873 -0.00227349 -0.0558505 -0.0128023 0.999896 -0.00671155 -0.0155178 0.00218738 0.00674013 0.999975 0.0205184 0.0 0.0 0.0 1.0
pumpkin/seq-06/color/frame-000432.color.png pumpkin/seq-06/color/frame-000435.color.png 0.999804 0.0175457 -0.00914637 -0.0567714 -0.017646 0.999784 -0.0110161 -0.0140852 0.00895111 0.0111754 0.999898 0.00533738 0.0 0.0 0.0 1.0
pumpkin/seq-06/color/frame-000435.color.png pumpkin/seq-06/color/frame-000438.color.png 0.999841 0.0123488 -0.0128575 -0.0366691 -0.0123474 0.999924 0.000186733 -0.0142481 0.0128589 -2.80089e-05 0.999917 0.0207767 0.0 0.0 0.0 1.0
pumpkin/seq-06/color/frame-000438.color.png pumpkin/seq-06/color/frame-000441.color.png 0.999834 0.0117497 -0.0139418 -0.0232576 -0.0117416 0.999931 0.000663519 -0.0160868 0.0139487 -0.000499685 0.999903 0.00940349 0.0 0.0 0.0 1.0
pumpkin/seq-06/color/frame-000441.color.png pumpkin/seq-06/color/frame-000444.color.png 0.999624 0.020775 -0.0178865 -0.0301683 -0.020818 0.999781 -0.00221793 -0.0290933 0.0178365 0.00258947 0.999838 0.0156879 0.0 0.0 0.0 1.0
pumpkin/seq-06/color/frame-000444.color.png pumpkin/seq-06/color/frame-000447.color.png 0.999682 0.0244953 -0.00593992 -0.06152 -0.0245324 0.999679 -0.00627542 -0.0478135 0.0057843 0.00641912 0.999963 0.0187693 0.0 0.0 0.0 1.0
pumpkin/seq-06/color/frame-000447.color.png pumpkin/seq-06/color/frame-000450.color.png 0.999881 0.0119222 -0.0097628 -0.0330725 -0.0120735 0.999806 -0.015593 -0.0119295 0.009575 0.015709 0.999831 0.00482177 0.0 0.0 0.0 1.0
pumpkin/seq-06/color/frame-000450.color.png pumpkin/seq-06/color/frame-000453.color.png 0.999352 0.0242206 -0.0266425 -0.02484 -0.0247408 0.999506 -0.0193727 -0.0191772 0.0261602 0.0200193 0.999457 0.0210846 0.0 0.0 0.0 1.0
pumpkin/seq-06/color/frame-000453.color.png pumpkin/seq-06/color/frame-000456.color.png 0.999031 0.0325713 -0.0296008 -0.0219431 -0.0327973 0.999436 -0.00718359 -0.0363807 0.0293502 0.00814741 0.999536 0.0180849 0.0 0.0 0.0 1.0
pumpkin/seq-06/color/frame-000456.color.png pumpkin/seq-06/color/frame-000459.color.png 0.998904 0.0328224 -0.0333571 -0.0205163 -0.032763 0.99946 0.00232582 -0.0403196 0.0334154 -0.00123031 0.999441 0.0340743 0.0 0.0 0.0 1.0
pumpkin/seq-06/color/frame-000459.color.png pumpkin/seq-06/color/frame-000462.color.png 0.998989 0.0330154 -0.0305052 -0.0252713 -0.033044 0.999454 -0.000431429 -0.0430748 0.0304743 0.00143901 0.999535 0.0233141 0.0 0.0 0.0 1.0
pumpkin/seq-06/color/frame-000462.color.png pumpkin/seq-06/color/frame-000465.color.png 0.999608 0.0182317 -0.0212339 -0.0539058 -0.0182079 0.999833 0.00131547 -0.0383164 0.0212544 -0.000928363 0.999774 0.0186592 0.0 0.0 0.0 1.0
pumpkin/seq-06/color/frame-000465.color.png pumpkin/seq-06/color/frame-000468.color.png 0.999159 0.0256862 -0.0319589 -0.0308701 -0.0256575 0.99967 0.00130643 -0.0300292 0.0319819 -0.000485339 0.999488 0.0202011 0.0 0.0 0.0 1.0
pumpkin/seq-06/color/frame-000468.color.png pumpkin/seq-06/color/frame-000471.color.png 0.999705 0.0109522 -0.0216727 -0.0277128 -0.0110039 0.999937 -0.00227131 -0.00932498 0.0216465 0.00250912 0.999763 0.0172731 0.0 0.0 0.0 1.0
pumpkin/seq-06/color/frame-000471.color.png pumpkin/seq-06/color/frame-000474.color.png 0.999538 0.0194914 -0.0233105 -0.0311962 -0.019519 0.999809 -0.000957419 -0.0180813 0.0232873 0.00141193 0.999728 0.0218924 0.0 0.0 0.0 1.0
pumpkin/seq-06/color/frame-000474.color.png pumpkin/seq-06/color/frame-000477.color.png 0.999477 0.0263812 -0.0186972 -0.0321099 -0.0263614 0.999652 0.00130241 -0.0271081 0.018725 -0.000808823 0.999824 0.0186544 0.0 0.0 0.0 1.0
pumpkin/seq-06/color/frame-000477.color.png pumpkin/seq-06/color/frame-000480.color.png 0.99978 0.0100696 -0.0184062 -0.043178 -0.00980875 0.999851 0.0142053 0.000951901 0.0185465 -0.0140217 0.99973 0.049989 0.0 0.0 0.0 1.0
pumpkin/seq-06/color/frame-000480.color.png pumpkin/seq-06/color/frame-000483.color.png 0.999746 0.0164842 -0.0153424 -0.0237938 -0.0159431 0.999269 0.0347486 -0.0146195 0.015904 -0.0344952 0.999278 0.0313639 0.0 0.0 0.0 1.0
pumpkin/seq-06/color/frame-000483.color.png pumpkin/seq-06/color/frame-000486.color.png 0.999991 0.00417308 0.000153805 -0.0303211 -0.00417496 0.999871 0.0155327 0.00211027 -8.89684e-05 -0.0155332 0.999879 0.00770864 0.0 0.0 0.0 1.0
pumpkin/seq-06/color/frame-000486.color.png pumpkin/seq-06/color/frame-000489.color.png 0.999958 0.00837021 0.00386649 -0.0240997 -0.00844193 0.999785 0.0189177 -0.0216508 -0.00370731 -0.0189495 0.999814 -0.00484553 0.0 0.0 0.0 1.0
pumpkin/seq-06/color/frame-000489.color.png pumpkin/seq-06/color/frame-000492.color.png 0.999991 0.0041124 3.06139e-05 0.0114225 -0.00411219 0.99998 -0.00473468 -0.028601 -5.01234e-05 0.00473446 0.999989 0.0159775 0.0 0.0 0.0 1.0
pumpkin/seq-06/color/frame-000492.color.png pumpkin/seq-06/color/frame-000495.color.png 0.999937 0.011245 0.000800207 0.030954 -0.0112194 0.999573 -0.0269649 -0.0514484 -0.00110307 0.0269542 0.999636 0.0201644 0.0 0.0 0.0 1.0
pumpkin/seq-06/color/frame-000495.color.png pumpkin/seq-06/color/frame-000498.color.png 0.9996 0.0273855 -0.00702333 0.0397817 -0.0274958 0.999492 -0.0161101 -0.0846786 0.00657856 0.0162968 0.999846 0.0478044 0.0 0.0 0.0 1.0
pumpkin/seq-06/color/frame-000498.color.png pumpkin/seq-06/color/frame-000501.color.png 0.999884 0.0148274 -0.0034451 0.0515423 -0.0148574 0.999851 -0.0088548 -0.0589458 0.0033133 0.00890492 0.999955 0.0342278 0.0 0.0 0.0 1.0
pumpkin/seq-06/color/frame-000501.color.png pumpkin/seq-06/color/frame-000504.color.png 0.999954 0.00590429 0.00751889 0.0391147 -0.00587268 0.999974 -0.00421896 -0.0415598 -0.0075436 0.00417462 0.999963 0.0135014 0.0 0.0 0.0 1.0
pumpkin/seq-06/color/frame-000504.color.png pumpkin/seq-06/color/frame-000507.color.png 0.999986 -0.00262153 0.00464487 0.0339811 0.00263434 0.999993 -0.00275168 -0.0188446 -0.00463764 0.00276388 0.999985 0.0413213 0.0 0.0 0.0 1.0
pumpkin/seq-06/color/frame-000507.color.png pumpkin/seq-06/color/frame-000510.color.png 0.999997 -0.00130765 0.00204012 0.0273234 0.00128169 0.999919 0.0126734 -0.042625 -0.00205655 -0.0126708 0.999918 0.0409336 0.0 0.0 0.0 1.0
pumpkin/seq-06/color/frame-000510.color.png pumpkin/seq-06/color/frame-000513.color.png 1.0 -5.53304e-05 0.000805446 0.0137947 5.9465e-05 0.999987 -0.00515441 -0.0300249 -0.00080515 0.00515452 0.999986 0.062667 0.0 0.0 0.0 1.0
pumpkin/seq-06/color/frame-000513.color.png pumpkin/seq-06/color/frame-000516.color.png 0.999992 -0.00265674 0.00280518 0.023864 0.00267778 0.999968 -0.00751587 -0.0385826 -0.00278512 0.00752333 0.999968 0.0559811 0.0 0.0 0.0 1.0
pumpkin/seq-06/color/frame-000516.color.png pumpkin/seq-06/color/frame-000519.color.png 0.999995 0.00292306 -0.000756441 0.0392977 -0.00293058 0.999944 -0.0101493 -0.0520002 0.000726731 0.0101515 0.999948 0.0771854 0.0 0.0 0.0 1.0
