pumpkin/seq-06/color/frame-000000.color.png pumpkin/seq-06/color/frame-000002.color.png 0.999999 0.00118963 0.000135834 0.00114848 -0.00118951 0.999999 -0.000874488 0.00385523 -0.000136875 0.000874325 1.0 -0.00052013 0.0 0.0 0.0 1.0
pumpkin/seq-06/color/frame-000002.color.png pumpkin/seq-06/color/frame-000004.color.png 0.999995 -0.00184547 0.00271004 -0.00180541 0.00183581 0.999992 0.0035653 -0.00077298 -0.0027166 -0.00356031 0.99999 0.00126045 0.0 0.0 0.0 1.0
pumpkin/seq-06/color/frame-000004.color.png pumpkin/seq-06/color/frame-000006.color.png 0.999995 -0.00299685 0.000479811 0.000982933 0.00299718 0.999995 -0.000685376 -0.00503308 -0.000477755 0.000686811 1.0 0.00437085 0.0 0.0 0.0 1.0
pumpkin/seq-06/color/frame-000006.color.png pumpkin/seq-06/color/frame-000008.color.png 0.999999 -0.000936505 -0.000726248 0.00120677 0.000932877 0.999987 -0.00498062 0.000964034 0.000730903 0.00497994 0.999987 0.00184329 0.0 0.0 0.0 1.0
pumpkin/seq-06/color/frame-000008.color.png pumpkin/seq-06/color/frame-000010.color.png 0.999999 -0.00146826 -0.00010796 0.000509014 0.00146796 0.999995 -0.0026779 0.00092038 0.000111892 0.00267774 0.999996 0.00318161 0.0 0.0 0.0 1.0
pumpkin/seq-06/color/frame-000010.color.png pumpkin/seq-06/color/frame-000012.color.png 0.999988 -0.00214597 0.00440836 -0.00220912 0.00217575 0.999975 -0.00676212 -0.00901339 -0.00439373 0.00677163 0.999967 0.00793713 0.0 0.0 0.0 1.0
pumpkin/seq-06/color/frame-000012.color.png pumpkin/seq-06/color/frame-000014.color.png 0.999933 -0.0106158 -0.00471486 0.00187218 0.0105333 0.999797 -0.0171911 0.00842997 0.0048964 0.0171403 0.999841 0.00174603 0.0 0.0 0.0 1.0
pumpkin/seq-06/color/frame-000014.color.png pumpkin/seq-06/color/frame-000016.color.png 0.999988 -0.00347238 -0.00345385 -0.000540449 0.00344954 0.999972 -0.00659731 0.00415765 0.00347667 0.00658531 0.999972 0.00712835 0.0 0.0 0.0 1.0
pumpkin/seq-06/color/frame-000016.color.png pumpkin/seq-06/color/frame-000018.color.png 0.999994 -0.00316304 -0.00163874 0.000196201 0.00316054 0.999994 -0.00152474 -0.00558614 0.00164355 0.00151956 0.999997 0.0113779 0.0 0.0 0.0 1.0
pumpkin/seq-06/color/frame-000018.color.png pumpkin/seq-06/color/frame-000020.color.png 0.999985 -0.00504627 -0.00217975 -0.00378774 0.00500999 0.999854 -0.0163383 -0.000531397 0.00226188 0.0163271 0.999864 0.0113708 0.0 0.0 0.0 1.0
pumpkin/seq-06/color/frame-000020.color.png pumpkin/seq-06/color/frame-000022.color.png 0.999901 -0.01398 -0.00154854 0.00073267 0.0139571 0.999805 -0.013946 0.0107807 0.00174321 0.013923 0.999902 0.00922536 0.0 0.0 0.0 1.0
pumpkin/seq-06/color/frame-000022.color.png pumpkin/seq-06/color/frame-000024.color.png 0.999981 -0.00601904 -0.000853456 -0.00170718 0.00601701 0.999979 -0.00234434 -0.00108732 0.000867547 0.00233918 0.999997 0.0102673 0.0 0.0 0.0 1.0
pumpkin/seq-06/color/frame-000024.color.png pumpkin/seq-06/color/frame-000026.color.png 0.999988 -0.00410868 -0.0027583 -0.00330634 0.00411369 0.99999 0.00180948 -0.000947473 0.00275084 -0.00182081 0.999995 0.0134192 0.0 0.0 0.0 1.0
pumpkin/seq-06/color/frame-000026.color.png pumpkin/seq-06/color/frame-000028.color.png 0.999996 -0.00264776 -0.00130136 0.00078665 0.00264916 0.999996 0.00106399 -0.00451698 0.00129854 -0.00106743 0.999999 0.00693902 0.0 0.0 0.0 1.0
pumpkin/seq-06/color/frame-000028.color.png pumpkin/seq-06/color/frame-000030.color.png 0.999997 -0.00219415 0.000112313 -0.00166187 0.00219477 0.99998 -0.00590545 -0.00514485 -9.93498e-05 0.00590568 0.999983 0.0126435 0.0 0.0 0.0 1.0
pumpkin/seq-06/color/frame-000030.color.png pumpkin/seq-06/color/frame-000032.color.png 0.999902 -0.0133978 0.00394978 -0.00627199 0.0134278 0.99988 -0.0076689 -0.00300634 -0.00384656 0.00772119 0.999963 0.0101742 0.0 0.0 0.0 1.0
pumpkin/seq-06/color/frame-000032.color.png pumpkin/seq-06/color/frame-000034.color.png 0.999966 -0.00780751 0.00279498 -0.00317708 0.00783559 0.999918 -0.0101775 -0.00934223 -0.00271528 0.0101991 0.999944 0.010064 0.0 0.0 0.0 1.0
pumpkin/seq-06/color/frame-000034.color.png pumpkin/seq-06/color/frame-000036.color.png 1.0 -0.00063244 -0.000270886 -0.00306983 0.000630143 0.999964 -0.00841161 5.34635e-05 0.000276195 0.00841143 0.999965 0.00549159 0.0 0.0 0.0 1.0
pumpkin/seq-06/color/frame-000036.color.png pumpkin/seq-06/color/frame-000038.color.png 0.999999 -0.000540728 0.00140579 -0.00267813 0.000554723 0.99995 -0.00997141 0.00587017 -0.00140033 0.00997217 0.999949 0.0067822 0.0 0.0 0.0 1.0
pumpkin/seq-06/color/frame-000038.color.png pumpkin/seq-06/color/frame-000040.color.png 0.999956 -0.00420291 0.00841215 -0.00798404 0.00424673 0.999977 -0.00519978 -0.0121371 -0.00839011 0.0052353 0.999951 0.00920798 0.0 0.0 0.0 1.0
pumpkin/seq-06/color/frame-000040.color.png pumpkin/seq-06/color/frame-000042.color.png 0.999947 -0.00547329 0.00870825 -0.0126401 0.00560889 0.999862 -0.0156232 -0.00592722 -0.00862154 0.0156711 0.99984 0.00668696 0.0 0.0 0.0 1.0
pumpkin/seq-06/color/frame-000042.color.png pumpkin/seq-06/color/frame-000044.color.png 0.999989 -0.0044609 0.00132372 0.00133258 0.00447679 0.999915 -0.0122381 0.0127932 -0.00126901 0.012244 0.999924 0.00242525 0.0 0.0 0.0 1.0
pumpkin/seq-06/color/frame-000044.color.png pumpkin/seq-06/color/frame-000046.color.png 0.999897 -0.011606 0.00843644 -0.0137509 0.0117193 0.99984 -0.0135039 -0.00873854 -0.00827836 0.0136013 0.999873 0.00955886 0.0 0.0 0.0 1.0
pumpkin/seq-06/color/frame-000046.color.png pumpkin/seq-06/color/frame-000048.color.png 0.999996 -0.00202906 0.00169605 -0.00215155 0.00205212 0.999904 -0.0137095 0.00336484 -0.00166807 0.0137129 0.999905 0.00673063 0.0 0.0 0.0 1.0
pumpkin/seq-06/color/frame-000048.color.png pumpkin/seq-06/color/frame-000050.color.png 0.999983 0.00544188 0.00212022 -0.00533621 -0.00541213 0.99989 -0.0137884 -0.00702965 -0.00219502 0.0137767 0.999903 0.00785154 0.0 0.0 0.0 1.0
pumpkin/seq-06/color/frame-000050.color.png pumpkin/seq-06/color/frame-000052.color.png 0.999986 0.00140844 0.00512375 -0.00981159 -0.0013536 0.999942 -0.0106902 -0.0062637 -0.00513851 0.0106831 0.99993 0.00725149 0.0 0.0 0.0 1.0
pumpkin/seq-06/color/frame-000052.color.png pumpkin/seq-06/color/frame-000054.color.png 0.999988 -0.00128893 0.00462489 -0.00745974 0.00132379 0.999971 -0.00754968 0.00274112 -0.00461503 0.0075557 0.999961 0.00565638 0.0 0.0 0.0 1.0
pumpkin/seq-06/color/frame-000054.color.png pumpkin/seq-06/color/frame-000056.color.png 0.999992 -0.00233939 0.00329309 -0.00357962 0.00237055 0.999952 -0.00947804 -0.0146248 -0.00327076 0.00948577 0.99995 0.00402802 0.0 0.0 0.0 1.0
pumpkin/seq-06/color/frame-000056.color.png pumpkin/seq-06/color/frame-000058.color.png 1.0 0.000286989 0.000828163 0.000283211 -0.000275511 0.999904 -0.0138328 -0.00863665 -0.000832054 0.0138325 0.999904 0.00863758 0.0 0.0 0.0 1.0
pumpkin/seq-06/color/frame-000058.color.png pumpkin/seq-06/color/frame-000060.color.png 0.999953 0.000295585 0.0096574 -0.0124061 -0.000125257 0.999844 -0.0176332 0.00316859 -0.00966111 0.0176313 0.999798 0.00292863 0.0 0.0 0.0 1.0
pumpkin/seq-06/color/frame-000060.color.png pumpkin/seq-06/color/frame-000062.color.png 0.99995 -0.00673037 0.0073381 -0.009046 0.00680018 0.999931 -0.00953101 -0.0093354 -0.00727345 0.0095804 0.999928 0.0105962 0.0 0.0 0.0 1.0
pumpkin/seq-06/color/frame-000062.color.png pumpkin/seq-06/color/frame-000064.color.png 0.99999 -0.00186159 0.00401595 -0.00204008 0.00190688 0.999934 -0.0113077 -0.00999065 -0.00399465 0.0113153 0.999928 0.00711539 0.0 0.0 0.0 1.0
pumpkin/seq-06/color/frame-000064.color.png pumpkin/seq-06/color/frame-000066.color.png 0.999989 0.00125877 0.00443685 -0.00478488 -0.00118501 0.999862 -0.016582 -0.00337583 -0.00445711 0.0165766 0.999853 0.00486577 0.0 0.0 0.0 1.0
pumpkin/seq-06/color/frame-000066.color.png pumpkin/seq-06/color/frame-000068.color.png 0.99999 0.00166454 0.00406285 -0.00306642 -0.00159266 0.999843 -0.0176308 -0.00442571 -0.00409155 0.017624 0.999836 0.00474694 0.0 0.0 0.0 1.0
pumpkin/seq-06/color/frame-000068.color.png pumpkin/seq-06/color/frame-000070.color.png 0.999954 -0.00409467 0.00866123 -0.0125193 0.00423527 0.999859 -0.0162789 -0.00458605 -0.00859335 0.0163149 0.99983 -0.00159991 0.0 0.0 0.0 1.0
pumpkin/seq-06/color/frame-000070.color.png pumpkin/seq-06/color/frame-000072.color.png 0.999985 -0.00102256 0.0054191 -0.00367879 0.00107272 0.999956 -0.00926231 0.000246793 -0.0054094 0.00926798 0.999942 0.00367701 0.0 0.0 0.0 1.0
pumpkin/seq-06/color/frame-000072.color.png pumpkin/seq-06/color/frame-000074.color.png 0.999958 -0.00292153 0.00868002 -0.00693002 0.00300552 0.999949 -0.00967928 -0.0143661 -0.00865127 0.00970494 0.999915 -0.00606339 0.0 0.0 0.0 1.0
pumpkin/seq-06/color/frame-000074.color.png pumpkin/seq-06/color/frame-000076.color.png 0.999929 0.00539598 0.0106136 -0.00801851 -0.00526561 0.999911 -0.0122715 -0.00938019 -0.0106789 0.0122148 0.999868 0.00146496 0.0 0.0 0.0 1.0
pumpkin/seq-06/color/frame-000076.color.png pumpkin/seq-06/color/frame-000078.color.png 0.999948 0.0018001 0.0100164 0.000969484 -0.00166296 0.999905 -0.0136825 -0.0117465 -0.0100401 0.0136652 0.999856 -0.00379771 0.0 0.0 0.0 1.0
pumpkin/seq-06/color/frame-000078.color.png pumpkin/seq-06/color/frame-000080.color.png 0.999905 -0.000987546 0.0137202 -0.0132991 0.00134781 0.999654 -0.0262738 0.0117 -0.0136895 0.0262897 0.999561 0.0116482 0.0 0.0 0.0 1.0
pumpkin/seq-06/color/frame-000080.color.png pumpkin/seq-06/color/frame-000082.color.png 0.999968 1.37675e-06 0.00797695 -0.00445871 0.000124485 0.999876 -0.0157792 0.000301719 -0.00797598 0.0157797 0.999844 -0.000832006 0.0 0.0 0.0 1.0
pumpkin/seq-06/color/frame-000082.color.png pumpkin/seq-06/color/frame-000084.color.png 0.999919 0.00521967 0.0115939 -0.00263308 -0.00511356 0.999945 -0.0091625 -0.00664747 -0.0116411 0.00910245 0.999891 -0.00216538 0.0 0.0 0.0 1.0
pumpkin/seq-06/color/frame-000084.color.png pumpkin/seq-06/color/frame-000086.color.png 0.999961 6.90088e-05 0.00879929 -0.00575614 2.59067e-06 0.999967 -0.00813894 -0.0134998 -0.00879954 0.00813859 0.999928 -0.00788748 0.0 0.0 0.0 1.0
pumpkin/seq-06/color/frame-000086.color.png pumpkin/seq-06/color/frame-000088.color.png 0.999947 0.00126005 0.0101749 -0.00778271 -0.00112945 0.999917 -0.0128279 0.000982776 -0.0101902 0.0128158 0.999866 0.000873253 0.0 0.0 0.0 1.0
pumpkin/seq-06/color/frame-000088.color.png pumpkin/seq-06/color/frame-000090.color.png 0.999987 0.00116089 0.00498876 -0.00134584 -0.00111991 0.999966 -0.00821197 -0.0082459 -0.00499813 0.00820627 0.999954 -0.00330183 0.0 0.0 0.0 1.0
pumpkin/seq-06/color/frame-000090.color.png pumpkin/seq-06/color/frame-000092.color.png 0.999968 0.00301849 0.00745884 -0.00378898 -0.00290167 0.999874 -0.0156234 0.00153746 -0.00750505 0.0156013 0.99985 0.00152165 0.0 0.0 0.0 1.0
pumpkin/seq-06/color/frame-000092.color.png pumpkin/seq-06/color/frame-000094.color.png 0.99999 0.000849596 0.0044691 -0.000797898 -0.000798836 0.999935 -0.0113387 -0.00383911 -0.00447851 0.0113351 0.999926 -0.00341965 0.0 0.0 0.0 1.0
pumpkin/seq-06/color/frame-000094.color.png pumpkin/seq-06/color/frame-000096.color.png 0.999959 0.00599 0.00678087 0.00115529 -0.00593406 0.999948 -0.00824395 -0.00908338 -0.00682989 0.00820332 0.999943 -0.00469637 0.0 0.0 0.0 1.0
pumpkin/seq-06/color/frame-000096.color.png pumpkin/seq-06/color/frame-000098.color.png 0.999947 0.00767831 0.00689028 -0.00275776 -0.00759402 0.999897 -0.0121763 -0.00633235 -0.00698307 0.0121233 0.999902 -0.0039077 0.0 0.0 0.0 1.0
pumpkin/seq-06/color/frame-000098.color.png pumpkin/seq-06/color/frame-000100.color.png 0.999973 0.00448133 0.00586128 -0.00131659 -0.00438241 0.99985 -0.0167851 0.000335976 -0.00593563 0.0167591 0.999842 0.00261343 0.0 0.0 0.0 1.0
pumpkin/seq-06/color/frame-000100.color.png pumpkin/seq-06/color/frame-000102.color.png 0.999916 0.0106011 0.00742766 -0.0032513 -0.0104884 0.999831 -0.0150645 -0.0034689 -0.00758608 0.0149852 0.999859 -0.00406525 0.0 0.0 0.0 1.0
pumpkin/seq-06/color/frame-000102.color.png pumpkin/seq-06/color/frame-000104.color.png 0.999956 0.00811236 0.00478025 0.00265205 -0.00803988 0.999855 -0.0149876 -0.00490327 -0.00490118 0.0149485 0.999876 -0.00504571 0.0 0.0 0.0 1.0
pumpkin/seq-06/color/frame-000104.color.png pumpkin/seq-06/color/frame-000106.color.png 0.999961 0.00701228 0.00539231 0.000923872 -0.00696178 0.999932 -0.00932152 -0.0129875 -0.00545731 0.00928376 0.999942 -0.00781783 0.0 0.0 0.0 1.0
pumpkin/seq-06/color/frame-000106.color.png pumpkin/seq-06/color/frame-000108.color.png 0.99996 0.0042577 0.0078989 0.000605613 -0.00418229 0.999946 -0.00954152 -0.00344247 -0.00793908 0.00950805 0.999923 -0.00579478 0.0 0.0 0.0 1.0
pumpkin/seq-06/color/frame-000108.color.png pumpkin/seq-06/color/frame-000110.color.png 0.999978 0.00367111 0.00554264 -0.00308748 -0.00357771 0.999853 -0.0167627 0.00205967 -0.0056034 0.0167424 0.999844 -0.0026007 0.0 0.0 0.0 1.0
pumpkin/seq-06/color/frame-000110.color.png pumpkin/seq-06/color/frame-000112.color.png 0.999937 0.00844038 0.00739978 0.00134487 -0.00837278 0.999923 -0.0091198 -0.0123698 -0.00747621 0.00905726 0.999931 -0.0128191 0.0 0.0 0.0 1.0
pumpkin/seq-06/color/frame-000112.color.png pumpkin/seq-06/color/frame-000114.color.png 0.999988 0.003256 0.00367291 0.00117245 -0.00319569 0.999862 -0.0163074 0.00663999 -0.0037255 0.0162955 0.99986 -0.0010439 0.0 0.0 0.0 1.0
pumpkin/seq-06/color/frame-000114.color.png pumpkin/seq-06/color/frame-000116.color.png 0.999902 0.00910579 0.0106324 -0.00458181 -0.00902692 0.999932 -0.00744532 -0.0125168 -0.0106994 0.00734852 0.999916 -0.0113607 0.0 0.0 0.0 1.0
pumpkin/seq-06/color/frame-000116.color.png pumpkin/seq-06/color/frame-000118.color.png 0.999967 0.00507976 0.00638348 -0.000107795 -0.00498233 0.999872 -0.0151848 0.00992846 -0.00645981 0.0151527 0.999864 0.00011497 0.0 0.0 0.0 1.0
pumpkin/seq-06/color/frame-000118.color.png pumpkin/seq-06/color/frame-000120.color.png 0.999996 -0.00120028 0.00239844 -3.77297e-05 0.00121052 0.99999 -0.00427726 -0.00174421 -0.00239326 0.00427998 0.999988 -0.0121105 0.0 0.0 0.0 1.0
pumpkin/seq-06/color/frame-000120.color.png pumpkin/seq-06/color/frame-000122.color.png 0.999981 0.00334649 0.00522407 0.00023523 -0.00335922 0.999991 0.00243052 -0.0201232 -0.00521591 -0.00244802 0.999983 -0.0147267 0.0 0.0 0.0 1.0
pumpkin/seq-06/color/frame-000122.color.png pumpkin/seq-06/color/frame-000124.color.png 0.999988 0.000396684 0.00492191 0.000575438 -0.000322892 0.999888 -0.0149794 0.000835449 -0.00492728 0.0149777 0.999876 -0.0112707 0.0 0.0 0.0 1.0
pumpkin/seq-06/color/frame-000124.color.png pumpkin/seq-06/color/frame-000126.color.png 0.999997 0.00172822 0.00189738 0.00119989 -0.00171382 0.99997 -0.00755456 0.00458378 -0.00191038 0.00755133 0.99997 -0.00802242 0.0 0.0 0.0 1.0
pumpkin/seq-06/color/frame-000126.color.png pumpkin/seq-06/color/frame-000128.color.png 0.999972 0.0048358 0.00565339 -0.0015443 -0.00479185 0.999958 -0.00776358 0.00134292 -0.00569074 0.00773628 0.999954 -0.00371832 0.0 0.0 0.0 1.0
pumpkin/seq-06/color/frame-000128.color.png pumpkin/seq-06/color/frame-000130.color.png 0.999999 0.000440013 0.00148864 -0.00328244 -0.000436584 0.999997 -0.00230373 -0.0227891 -0.00148963 0.00230302 0.999996 -0.0194396 0.0 0.0 0.0 1.0
pumpkin/seq-06/color/frame-000130.color.png pumpkin/seq-06/color/frame-000132.color.png 0.999988 0.00496243 2.96328e-05 -0.000293851 -0.00496218 0.999972 -0.00553384 -0.00251195 -5.71092e-05 0.0055336 0.999985 -0.00449332 0.0 0.0 0.0 1.0
pumpkin/seq-06/color/frame-000132.color.png pumpkin/seq-06/color/frame-000134.color.png 0.999964 0.00849552 2.58044e-05 0.000323683 -0.00849386 0.99982 -0.0169698 0.00402239 -0.000170009 0.016969 0.999856 0.00147335 0.0 0.0 0.0 1.0
pumpkin/seq-06/color/frame-000134.color.png pumpkin/seq-06/color/frame-000136.color.png 0.99998 0.00606353 0.00182778 -0.00175594 -0.00605447 0.999969 -0.00494226 -0.00702929 -0.00185765 0.004931 0.999986 -0.00308316 0.0 0.0 0.0 1.0
pumpkin/seq-06/color/frame-000136.color.png pumpkin/seq-06/color/frame-000138.color.png 0.999996 0.0025388 0.000691598 -0.00709793 -0.00253628 0.99999 -0.00360635 -0.000536561 -0.000700778 0.00360468 0.999993 0.00290642 0.0 0.0 0.0 1.0
pumpkin/seq-06/color/frame-000138.color.png pumpkin/seq-06/color/frame-000140.color.png 0.999988 -0.000403816 -0.00493054 0.00273782 0.000379363 0.999988 -0.0049577 -0.00583857 0.00493251 0.00495572 0.999976 0.00158504 0.0 0.0 0.0 1.0
pumpkin/seq-06/color/frame-000140.color.png pumpkin/seq-06/color/frame-000142.color.png 0.999998 -0.00153503 -0.00160248 -0.00332421 0.00152853 0.999991 -0.00405342 -0.00466597 0.00160866 0.00405083 0.999991 0.00702813 0.0 0.0 0.0 1.0
pumpkin/seq-06/color/frame-000142.color.png pumpkin/seq-06/color/frame-000144.color.png 0.999976 0.00294699 -0.00621305 0.000372902 -0.00296868 0.99999 -0.00347897 -0.0105147 0.00620274 0.00349734 0.999975 0.0091872 0.0 0.0 0.0 1.0
pumpkin/seq-06/color/frame-000144.color.png pumpkin/seq-06/color/frame-000146.color.png 0.999957 0.00332074 -0.00870161 0.00134437 -0.00339471 0.999958 -0.00850242 -0.00408071 0.008673 0.00853171 0.999926 0.021464 0.0 0.0 0.0 1.0
pumpkin/seq-06/color/frame-000146.color.png pumpkin/seq-06/color/frame-000148.color.png 0.999976 0.000652811 -0.00691375 0.000928089 -0.00067551 0.999994 -0.00328134 -0.00894487 0.00691158 0.00328602 0.999971 0.0134109 0.0 0.0 0.0 1.0
pumpkin/seq-06/color/frame-000148.color.png pumpkin/seq-06/color/frame-000150.color.png 0.999975 -0.000972076 -0.00695725 0.00254652 0.000942585 0.999991 -0.00424072 -0.00107393 0.00696133 0.00423396 0.999967 0.0167094 0.0 0.0 0.0 1.0
pumpkin/seq-06/color/frame-000150.color.png pumpkin/seq-06/color/frame-000152.color.png 0.999997 0.000360229 -0.00232345 0.00011678 -0.000361137 1.0 -0.000400009 -0.0124088 0.00232328 0.000400903 0.999997 0.00936963 0.0 0.0 0.0 1.0
pumpkin/seq-06/color/frame-000152.color.png pumpkin/seq-06/color/frame-000154.color.png 0.999998 -0.000222255 -0.00191784 0.00406474 0.000204348 0.999956 -0.00933532 -0.00202474 0.00191986 0.00933493 0.999955 0.0163294 0.0 0.0 0.0 1.0
pumpkin/seq-06/color/frame-000154.color.png pumpkin/seq-06/color/frame-000156.color.png 0.999995 0.00327123 0.000503953 0.00949128 -0.00326845 0.99998 -0.00542406 -0.00685334 -0.000521719 0.00542246 0.999985 0.00584851 0.0 0.0 0.0 1.0
pumpkin/seq-06/color/frame-000156.color.png pumpkin/seq-06/color/frame-000158.color.png 0.999991 -0.00209562 -0.00364719 0.0109749 0.00205341 0.999931 -0.0115366 -0.000973672 0.00367116 0.0115289 0.999927 0.0141266 0.0 0.0 0.0 1.0
pumpkin/seq-06/color/frame-000158.color.png pumpkin/seq-06/color/frame-000160.color.png 0.999985 -0.00275835 -0.00483394 0.0117521 0.002737 0.999987 -0.00441421 -0.00455317 0.00484608 0.00440094 0.999979 0.00855279 0.0 0.0 0.0 1.0
pumpkin/seq-06/color/frame-000160.color.png pumpkin/seq-06/color/frame-000162.color.png 0.999974 -0.00508623 0.00517438 0.000280127 0.0051099 0.999977 -0.00457234 -0.0011389 -0.00515102 0.00459868 0.999976 0.0174055 0.0 0.0 0.0 1.0
pumpkin/seq-06/color/frame-000162.color.png pumpkin/seq-06/color/frame-000164.color.png 0.999983 -0.00575116 0.000962754 0.00669563 0.00575056 0.999983 0.000633685 -0.0036023 -0.000966403 -0.000628245 0.999999 0.010498 0.0 0.0 0.0 1.0
pumpkin/seq-06/color/frame-000164.color.png pumpkin/seq-06/color/frame-000166.color.png 0.99997 -0.00770916 0.000603159 -0.00586437 0.00771018 0.999969 -0.00168288 -0.0067392 -0.000590181 0.0016876 0.999998 0.0159485 0.0 0.0 0.0 1.0
pumpkin/seq-06/color/frame-000166.color.png pumpkin/seq-06/color/frame-000168.color.png 0.999972 0.00011965 -0.00755042 0.0162302 -0.000135738 0.999998 -0.00213139 -0.00387722 0.0075501 0.00213238 0.999969 0.011461 0.0 0.0 0.0 1.0
pumpkin/seq-06/color/frame-000168.color.png pumpkin/seq-06/color/frame-000170.color.png 0.999999 0.00106142 0.000839534 0.0097143 -0.00106408 0.999994 0.00316599 -0.0119097 -0.000836126 -0.00316695 0.999995 0.0132979 0.0 0.0 0.0 1.0
pumpkin/seq-06/color/frame-000170.color.png pumpkin/seq-06/color/frame-000172.color.png 0.999985 -0.00390558 0.0038429 -0.0018021 0.00392285 0.999982 -0.00450564 -0.00538057 -0.00382519 0.00452055 0.999983 0.0148981 0.0 0.0 0.0 1.0
pumpkin/seq-06/color/frame-000172.color.png pumpkin/seq-06/color/frame-000174.color.png 0.999995 0.00206193 0.00256274 0.00204307 -0.00205941 0.999997 -0.00099299 -0.00820547 -0.0025648 0.000987727 0.999996 0.0129317 0.0 0.0 0.0 1.0
pumpkin/seq-06/color/frame-000174.color.png pumpkin/seq-06/color/frame-000176.color.png 0.999968 0.0018132 0.00775851 0.00406853 -0.00176025 0.999975 -0.00682292 -0.00499758 -0.00777067 0.00680904 0.999947 0.0104077 0.0 0.0 0.0 1.0
pumpkin/seq-06/color/frame-000176.color.png pumpkin/seq-06/color/frame-000178.color.png 0.999991 -5.71068e-05 0.00423437 0.00270257 8.73057e-05 0.999975 -0.00713329 -0.00110731 -0.00423385 0.00713372 0.999966 0.0154223 0.0 0.0 0.0 1.0
pumpkin/seq-06/color/frame-000178.color.png pumpkin/seq-06/color/frame-000180.color.png 0.999972 0.00497855 0.00557547 0.0120456 -0.00499507 0.999983 0.00295708 -0.00837708 -0.00556069 -0.00298491 0.99998 0.00384016 0.0 0.0 0.0 1.0
pumpkin/seq-06/color/frame-000180.color.png pumpkin/seq-06/color/frame-000182.color.png 0.999979 -0.000959755 0.00646548 -0.00171037 0.000943228 0.999996 0.0025568 -0.00931993 -0.00646792 -0.0025506 0.999976 0.0112377 0.0 0.0 0.0 1.0
pumpkin/seq-06/color/frame-000182.color.png pumpkin/seq-06/color/frame-000184.color.png 1.0 -0.000255651 8.79384e-05 0.00273744 0.000255936 0.999995 -0.00313403 -0.00718352 -8.71223e-05 0.00313399 0.999995 0.0122797 0.0 0.0 0.0 1.0
pumpkin/seq-06/color/frame-000184.color.png pumpkin/seq-06/color/frame-000186.color.png 0.999997 -0.0023614 0.00105377 -0.00651915 0.00236233 0.999997 -0.000895583 -0.0145702 -0.00105164 0.000898102 0.999999 0.0193186 0.0 0.0 0.0 1.0
pumpkin/seq-06/color/frame-000186.color.png pumpkin/seq-06/color/frame-000188.color.png 0.999979 0.000402028 -0.00645594 0.0185758 -0.000429768 0.999991 -0.00429539 0.00048399 0.00645417 0.004298 0.99997 0.0133919 0.0 0.0 0.0 1.0
pumpkin/seq-06/color/frame-000188.color.png pumpkin/seq-06/color/frame-000190.color.png 0.999978 -0.00095344 -0.00659361 0.00653576 0.000944356 0.999998 -0.00138086 -0.00437564 0.00659491 0.00137468 0.999977 0.0175493 0.0 0.0 0.0 1.0
pumpkin/seq-06/color/frame-000190.color.png pumpkin/seq-06/color/frame-000192.color.png 0.999999 -0.000761777 -0.0015504 0.00743105 0.000768309 0.999991 0.00421798 -0.0101697 0.0015472 -0.0042191 0.99999 0.00889185 0.0 0.0 0.0 1.0
pumpkin/seq-06/color/frame-000192.color.png pumpkin/seq-06/color/frame-000194.color.png 0.999966 0.00545431 -0.00619647 0.0184459 -0.00545746 0.999985 -0.000493827 -0.0042491 0.00619366 0.000527672 0.999981 0.0128252 0.0 0.0 0.0 1.0
pumpkin/seq-06/color/frame-000194.color.png pumpkin/seq-06/color/frame-000196.color.png 0.999996 -0.00287319 0.000445613 0.0001195 0.00287128 0.999987 0.00426567 -0.00555292 -0.000457873 -0.0042645 0.999991 0.0123838 0.0 0.0 0.0 1.0
pumpkin/seq-06/color/frame-000196.color.png pumpkin/seq-06/color/frame-000198.color.png 0.999981 -0.00242301 -0.00568266 0.0056745 0.00241603 0.999996 -0.00122649 -0.00487164 0.00568563 0.00121284 0.999983 0.0158453 0.0 0.0 0.0 1.0
pumpkin/seq-06/color/frame-000198.color.png pumpkin/seq-06/color/frame-000200.color.png 0.999977 0.00297996 -0.00600673 0.0215157 -0.00295741 0.999988 0.00375857 -0.00956398 0.00601784 -0.0037408 0.999975 0.000231624 0.0 0.0 0.0 1.0
pumpkin/seq-06/color/frame-000200.color.png pumpkin/seq-06/color/frame-000202.color.png 0.999998 -0.00178085 0.00119127 -0.0025423 0.00178598 0.999989 -0.00430004 -0.00351566 -0.00118361 0.0043024 0.99999 0.011829 0.0 0.0 0.0 1.0
pumpkin/seq-06/color/frame-000202.color.png pumpkin/seq-06/color/frame-000204.color.png 0.999999 -0.00110003 0.00115165 0.00529014 0.00110292 0.999996 -0.00255334 -0.00149095 -0.0011488 0.00255427 0.999996 0.00735769 0.0 0.0 0.0 1.0
pumpkin/seq-06/color/frame-000204.color.png pumpkin/seq-06/color/frame-000206.color.png 0.999997 -0.00133473 -0.00219815 0.00715333 0.0013263 0.999992 -0.00384167 -0.00214243 0.00220326 0.00383888 0.99999 0.00569046 0.0 0.0 0.0 1.0
pumpkin/seq-06/color/frame-000206.color.png pumpkin/seq-06/color/frame-000208.color.png 0.999985 -0.00326142 0.00438682 -0.00426605 0.00328786 0.999977 -0.00603189 0.000447273 -0.00436706 0.00604616 0.999972 0.0117254 0.0 0.0 0.0 1.0
pumpkin/seq-06/color/frame-000208.color.png pumpkin/seq-06/color/frame-000210.color.png 1.0 0.000470647 -0.000741533 0.00665581 -0.00046989 0.999999 0.00103031 -0.00730997 0.000742015 -0.00102991 0.999999 0.00403863 0.0 0.0 0.0 1.0
pumpkin/seq-06/color/frame-000210.color.png pumpkin/seq-06/color/frame-000212.color.png 0.999999 -5.93513e-06 -0.00151919 0.00186861 6.50011e-06 1.0 0.000371703 -0.00115758 0.00151917 -0.00037173 0.999999 0.00337684 0.0 0.0 0.0 1.0
pumpkin/seq-06/color/frame-000212.color.png pumpkin/seq-06/color/frame-000214.color.png 1.0 0.000580161 -0.000539992 1.4144e-05 -0.000578874 0.999997 0.00242025 -0.00251573 0.000541411 -0.00241984 0.999997 -0.000496686 0.0 0.0 0.0 1.0
pumpkin/seq-06/color/frame-000214.color.png pumpkin/seq-06/color/frame-000216.color.png 1.0 0.000152721 -0.000963847 -0.00188618 -0.000147126 0.999983 0.00578762 0.00217742 0.000964731 -0.00578745 0.999983 -0.000163108 0.0 0.0 0.0 1.0
pumpkin/seq-06/color/frame-000216.color.png pumpkin/seq-06/color/frame-000218.color.png 0.999995 -0.00206001 -0.00241379 -0.00332163 0.00209406 0.999897 0.0141928 -0.0052678 0.00238429 -0.0141978 0.999896 -0.00876483 0.0 0.0 0.0 1.0
pumpkin/seq-06/color/frame-000218.color.png pumpkin/seq-06/color/frame-000220.color.png 0.999992 -0.000923681 -0.00381208 0.00160611 0.000981289 0.999885 0.0151355 0.000123501 0.00379765 -0.0151392 0.999878 -0.00931874 0.0 0.0 0.0 1.0
pumpkin/seq-06/color/frame-000220.color.png pumpkin/seq-06/color/frame-000222.color.png 0.999995 -0.00324936 -0.000471764 -0.0104486 0.00325599 0.999884 0.0148549 -0.00713193 0.00042347 -0.0148563 0.99989 -0.00833327 0.0 0.0 0.0 1.0
pumpkin/seq-06/color/frame-000222.color.png pumpkin/seq-06/color/frame-000224.color.png 0.999949 0.000290663 -0.010069 0.000794278 -0.000216266 0.999973 0.00738819 0.00770026 0.0100708 -0.00738571 0.999922 -0.00304931 0.0 0.0 0.0 1.0
pumpkin/seq-06/color/frame-000224.color.png pumpkin/seq-06/color/frame-000226.color.png 0.999969 -0.00104535 -0.0077529 -0.00582244 0.00111195 0.999962 0.00859096 -0.00111085 0.00774364 -0.00859933 0.999933 -0.00682589 0.0 0.0 0.0 1.0
pumpkin/seq-06/color/frame-000226.color.png pumpkin/seq-06/color/frame-000228.color.png 0.999952 -0.00294698 -0.00933683 -0.0114278 0.00300131 0.999979 0.00580855 0.00699252 0.00931952 -0.00583627 0.99994 -0.000601858 0.0 0.0 0.0 1.0
pumpkin/seq-06/color/frame-000228.color.png pumpkin/seq-06/color/frame-000230.color.png 0.999921 -0.0007543 -0.0125351 -0.00143302 0.000844584 0.999974 0.00719837 0.0156784 0.0125293 -0.00720845 0.999895 -0.00295788 0.0 0.0 0.0 1.0
pumpkin/seq-06/color/frame-000230.color.png pumpkin/seq-06/color/frame-000232.color.png 0.999962 0.00522566 -0.00694486 0.000820793 -0.00505547 0.999692 0.0243026 -0.0130926 0.00706976 -0.0242666 0.999681 -0.0212719 0.0 0.0 0.0 1.0
pumpkin/seq-06/color/frame-000232.color.png pumpkin/seq-06/color/frame-000234.color.png 0.999972 -0.000851882 -0.00738767 -0.0053054 0.000914275 0.999964 0.00844931 0.0045858 0.0073802 -0.00845586 0.999937 -0.00619751 0.0 0.0 0.0 1.0
pumpkin/seq-06/color/frame-000234.color.png pumpkin/seq-06/color/frame-000236.color.png 0.999965 -0.00139747 -0.00825317 -0.00395995 0.00146222 0.999968 0.00784172 0.00648785 0.00824193 -0.00785348 0.999935 -0.0162219 0.0 0.0 0.0 1.0
pumpkin/seq-06/color/frame-000236.color.png pumpkin/seq-06/color/frame-000238.color.png 0.999942 -0.0011395 -0.0106674 0.00117711 0.00122099 0.99997 0.00763883 0.010293 0.0106585 -0.00765146 0.999914 -0.00985712 0.0 0.0 0.0 1.0
pumpkin/seq-06/color/frame-000238.color.png pumpkin/seq-06/color/frame-000240.color.png 0.999968 0.0023472 -0.00768621 -0.00572174 -0.00218724 0.999782 0.020755 0.00176999 0.00773324 -0.0207374 0.999755 -0.0203152 0.0 0.0 0.0 1.0
pumpkin/seq-06/color/frame-000240.color.png pumpkin/seq-06/color/frame-000242.color.png 0.999975 -0.00397677 -0.00593807 -0.0116663 0.00403308 0.999947 0.00949701 0.00512239 0.00589998 -0.00952067 0.999937 -0.00796404 0.0 0.0 0.0 1.0
pumpkin/seq-06/color/frame-000242.color.png pumpkin/seq-06/color/frame-000244.color.png 0.999996 -0.00106579 -0.0025518 -0.0113667 0.00109766 0.999921 0.0125208 0.00199383 0.00253826 -0.0125236 0.999918 -0.0179501 0.0 0.0 0.0 1.0
pumpkin/seq-06/color/frame-000244.color.png pumpkin/seq-06/color/frame-000246.color.png 0.999996 -0.00205972 -0.0017966 -0.00715123 0.00206854 0.999986 0.00492821 0.00627884 0.00178644 -0.00493188 0.999986 -0.0120064 0.0 0.0 0.0 1.0
pumpkin/seq-06/color/frame-000246.color.png pumpkin/seq-06/color/frame-000248.color.png 0.999971 -0.00519452 0.00561884 -0.023579 0.0051888 0.999986 0.00103562 0.0129876 -0.00562415 -0.00100653 0.999984 -0.00132611 0.0 0.0 0.0 1.0
pumpkin/seq-06/color/frame-000248.color.png pumpkin/seq-06/color/frame-000250.color.png 0.999989 0.000272484 -0.0046086 0.00548801 -0.000229971 0.999957 0.00922575 0.00524387 0.00461094 -0.00922473 0.999947 -0.0271121 0.0 0.0 0.0 1.0
pumpkin/seq-06/color/frame-000250.color.png pumpkin/seq-06/color/frame-000252.color.png 0.999974 -0.00698445 0.00192749 -0.0142185 0.00696194 0.99991 0.0114593 0.00880811 -0.00200739 -0.0114455 0.999932 -0.0226574 0.0 0.0 0.0 1.0
pumpkin/seq-06/color/frame-000252.color.png pumpkin/seq-06/color/frame-000254.color.png 0.999963 -0.00859971 0.000360129 -0.0107724 0.00859666 0.999933 0.00774053 0.0159358 -0.000426642 -0.00773707 0.99997 -0.0097 0.0 0.0 0.0 1.0
pumpkin/seq-06/color/frame-000254.color.png pumpkin/seq-06/color/frame-000256.color.png 0.999956 -0.00587275 0.00728539 -0.0172413 0.00579831 0.999931 0.0101967 0.000973374 -0.00734477 -0.0101541 0.999922 -0.0140835 0.0 0.0 0.0 1.0
pumpkin/seq-06/color/frame-000256.color.png pumpkin/seq-06/color/frame-000258.color.png 0.999975 -0.00654704 -0.00275248 -0.00577447 0.00658101 0.9999 0.0125072 -0.00118247 0.00267032 -0.0125249 0.999918 -0.0145856 0.0 0.0 0.0 1.0
pumpkin/seq-06/color/frame-000258.color.png pumpkin/seq-06/color/frame-000260.color.png 0.999979 -0.00546661 0.00357539 -0.0116785 0.00545592 0.999981 0.00299073 0.0113075 -0.00359167 -0.00297117 0.999989 -0.00806874 0.0 0.0 0.0 1.0
pumpkin/seq-06/color/frame-000260.color.png pumpkin/seq-06/color/frame-000262.color.png 0.999996 -0.00213737 0.00197834 -0.00268078 0.00212482 0.999978 0.00633635 0.0118574 -0.00199184 -0.00633218 0.999978 -0.0122458 0.0 0.0 0.0 1.0
pumpkin/seq-06/color/frame-000262.color.png pumpkin/seq-06/color/frame-000264.color.png 0.999984 -0.00384423 0.00420018 -0.00823475 0.00381473 0.999968 0.00700219 0.0154951 -0.00422696 -0.00698606 0.999967 -0.00856452 0.0 0.0 0.0 1.0
pumpkin/seq-06/color/frame-000264.color.png pumpkin/seq-06/color/frame-000266.color.png 0.999958 -0.00406101 0.00822459 -0.00920562 0.00391119 0.999828 0.0181529 0.0034059 -0.00829688 -0.01812 0.999801 -0.0201345 0.0 0.0 0.0 1.0
pumpkin/seq-06/color/frame-000266.color.png pumpkin/seq-06/color/frame-000268.color.png 0.999985 -0.00307209 0.00441547 -0.00755626 0.00306606 0.999994 0.00137016 0.00967327 -0.00441967 -0.00135651 0.999989 -0.00927585 0.0 0.0 0.0 1.0
pumpkin/seq-06/color/frame-000268.color.png pumpkin/seq-06/color/frame-000270.color.png 0.999989 -0.00241658 0.00408255 -0.00502622 0.00240663 0.999994 0.00243937 0.00440571 -0.00408842 -0.00242957 0.999989 -0.0101171 0.0 0.0 0.0 1.0
pumpkin/seq-06/color/frame-000270.color.png pumpkin/seq-06/color/frame-000272.color.png 0.99998 -2.99388e-05 0.00630985 -0.00443082 6.5261e-05 0.999984 -0.00559685 0.00840357 -0.00630956 0.00559709 0.999964 -0.00932702 0.0 0.0 0.0 1.0
pumpkin/seq-06/color/frame-000272.color.png pumpkin/seq-06/color/frame-000274.color.png 0.999998 0.00113147 -0.00160956 0.0056953 -0.00113446 0.999998 -0.00187317 0.00925812 0.00160743 0.001875 0.999997 -0.0133472 0.0 0.0 0.0 1.0
pumpkin/seq-06/color/frame-000274.color.png pumpkin/seq-06/color/frame-000276.color.png 0.999969 0.00225519 0.0075402 -0.0105775 -0.00225449 0.999997 -0.000100772 0.0105233 -0.00754042 8.38042e-05 0.999972 -0.0100154 0.0 0.0 0.0 1.0
pumpkin/seq-06/color/frame-000276.color.png pumpkin/seq-06/color/frame-000278.color.png 0.999993 -0.00183005 -0.0031619 -0.000485256 0.00182565 0.999997 -0.00137417 0.00125328 0.00316444 0.00136836 0.999994 -0.010762 0.0 0.0 0.0 1.0
pumpkin/seq-06/color/frame-000278.color.png pumpkin/seq-06/color/frame-000280.color.png 0.999995 9.76907e-05 -0.00314405 -0.0028923 -0.000116205 0.999983 -0.0058987 0.0092473 0.00314341 0.00589909 0.999978 -0.00251998 0.0 0.0 0.0 1.0
pumpkin/seq-06/color/frame-000280.color.png pumpkin/seq-06/color/frame-000282.color.png 0.999983 0.00186932 -0.00546633 0.00192174 -0.00189461 0.999988 -0.00462872 0.00963259 0.00545755 0.00463902 0.999974 0.00212193 0.0 0.0 0.0 1.0
pumpkin/seq-06/color/frame-000282.color.png pumpkin/seq-06/color/frame-000284.color.png 0.999991 0.00396973 0.0015195 -0.000818178 -0.0039493 0.999904 -0.013254 0.00267896 -0.00157195 0.0132478 0.999911 0.000498608 0.0 0.0 0.0 1.0
pumpkin/seq-06/color/frame-000284.color.png pumpkin/seq-06/color/frame-000286.color.png 0.999987 0.00498366 0.00129376 -0.0119023 -0.00495246 0.999721 -0.0230921 0.00876197 -0.00140845 0.0230854 0.999733 0.00390913 0.0 0.0 0.0 1.0
pumpkin/seq-06/color/frame-000286.color.png pumpkin/seq-06/color/frame-000288.color.png 0.999997 0.000249984 0.00237581 -0.00150001 -0.00020619 0.999831 -0.0184018 0.0077256 -0.00238004 0.0184013 0.999828 0.00266632 0.0 0.0 0.0 1.0
pumpkin/seq-06/color/frame-000288.color.png pumpkin/seq-06/color/frame-000290.color.png 0.999976 0.00225672 0.00659121 -0.00308771 -0.0021606 0.999892 -0.0145598 0.000714034 -0.00662333 0.0145451 0.999872 -0.00432996 0.0 0.0 0.0 1.0
pumpkin/seq-06/color/frame-000290.color.png pumpkin/seq-06/color/frame-000292.color.png 0.999991 0.00237703 0.00356417 -0.00200988 -0.00231569 0.999851 -0.0171102 0.00637925 -0.00360433 0.0171019 0.999847 0.00144534 0.0 0.0 0.0 1.0
pumpkin/seq-06/color/frame-000292.color.png pumpkin/seq-06/color/frame-000294.color.png 0.999994 0.00123363 0.00311761 -0.0036287 -0.00118264 0.999866 -0.016302 -0.000476986 -0.0031373 0.0162982 0.999862 -0.00578359 0.0 0.0 0.0 1.0
pumpkin/seq-06/color/frame-000294.color.png pumpkin/seq-06/color/frame-000296.color.png 0.999992 -0.00388689 -0.000522921 -0.00327244 0.00388148 0.999943 -0.00995935 0.0110003 0.000561646 0.00995726 0.99995 0.00277716 0.0 0.0 0.0 1.0
pumpkin/seq-06/color/frame-000296.color.png pumpkin/seq-06/color/frame-000298.color.png 1.0 -0.000660975 0.000132629 0.00151044 0.000662339 0.99994 -0.010917 0.00313039 -0.000125397 0.0109171 0.99994 -0.0106731 0.0 0.0 0.0 1.0
pumpkin/seq-06/color/frame-000298.color.png pumpkin/seq-06/color/frame-000300.color.png 0.999994 0.00188991 0.00308976 -0.00248632 -0.00186691 0.999971 -0.00742119 0.00373353 -0.00310374 0.00741542 0.999968 -0.0023695 0.0 0.0 0.0 1.0
pumpkin/seq-06/color/frame-000300.color.png pumpkin/seq-06/color/frame-000302.color.png 0.999996 -0.000940586 0.00248679 1.40071e-05 0.000952777 0.999988 -0.00490386 0.0115264 -0.00248214 0.0049061 0.999985 -0.00112757 0.0 0.0 0.0 1.0
pumpkin/seq-06/color/frame-000302.color.png pumpkin/seq-06/color/frame-000304.color.png 0.999996 -0.000476269 0.00291085 -0.00869823 0.000492582 0.999984 -0.00559669 0.00587621 -0.00290811 0.0055981 0.99998 -0.00334664 0.0 0.0 0.0 1.0
pumpkin/seq-06/color/frame-000304.color.png pumpkin/seq-06/color/frame-000306.color.png 0.999987 -0.000202437 -0.00508947 0.00172006 0.000223661 0.999991 0.00417618 0.00647487 0.00508856 -0.00417726 0.999978 -0.0044632 0.0 0.0 0.0 1.0
pumpkin/seq-06/color/frame-000306.color.png pumpkin/seq-06/color/frame-000308.color.png 1.0 -0.000859341 0.000576677 -0.00658505 0.000858154 0.999997 0.00208045 0.00593935 -0.000578459 -0.00207991 0.999998 -0.00296658 0.0 0.0 0.0 1.0
pumpkin/seq-06/color/frame-000308.color.png pumpkin/seq-06/color/frame-000310.color.png 0.999995 -0.00295007 -0.00138066 -0.00538051 0.00295708 0.999983 0.00510749 0.0097809 0.00136558 -0.00511155 0.999986 -0.00489064 0.0 0.0 0.0 1.0
pumpkin/seq-06/color/frame-000310.color.png pumpkin/seq-06/color/frame-000312.color.png 0.999994 -0.00335696 -0.000577534 -0.00397362 0.00336208 0.999953 0.00909427 0.00578094 0.000546996 -0.00909609 0.999959 -0.0087785 0.0 0.0 0.0 1.0
pumpkin/seq-06/color/frame-000312.color.png pumpkin/seq-06/color/frame-000314.color.png 0.999997 -0.00116516 -0.0019169 -0.00162771 0.0011775 0.999979 0.00644153 0.0130852 0.00190937 -0.00644373 0.999977 -0.00414737 0.0 0.0 0.0 1.0
pumpkin/seq-06/color/frame-000314.color.png pumpkin/seq-06/color/frame-000316.color.png 0.999996 -0.00277158 -0.00102462 -0.00430059 0.00277701 0.999982 0.00529462 0.00958385 0.00100995 -0.00529744 0.999985 -0.00420272 0.0 0.0 0.0 1.0
pumpkin/seq-06/color/frame-000316.color.png pumpkin/seq-06/color/frame-000318.color.png 0.999992 -0.00127617 0.00367701 -0.0083257 0.0012692 0.999997 0.00189376 0.0100741 -0.00367946 -0.00188908 0.999991 -0.00274394 0.0 0.0 0.0 1.0
pumpkin/seq-06/color/frame-000318.color.png pumpkin/seq-06/color/frame-000320.color.png 0.999989 -0.00438203 0.00161626 -0.00931635 0.00437688 0.999985 0.00318019 0.00643475 -0.00163018 -0.00317297 0.999994 -0.00384074 0.0 0.0 0.0 1.0
pumpkin/seq-06/color/frame-000320.color.png pumpkin/seq-06/color/frame-000322.color.png 0.99998 -0.00547463 -0.00316435 -0.00682357 0.00548266 0.999982 0.00252836 0.0139086 0.00315046 -0.00254571 0.999992 -0.00705846 0.0 0.0 0.0 1.0
pumpkin/seq-06/color/frame-000322.color.png pumpkin/seq-06/color/frame-000324.color.png 0.999998 -0.00135096 0.00117119 -0.00723037 0.00134529 0.999987 0.00480704 0.0072937 -0.00117764 -0.00480555 0.999988 -0.00520124 0.0 0.0 0.0 1.0
pumpkin/seq-06/color/frame-000324.color.png pumpkin/seq-06/color/frame-000326.color.png 0.99999 0.000239683 -0.00441868 -0.0010578 -0.000208523 0.999975 0.00705391 0.00960644 0.00442025 -0.00705293 0.999965 -0.000640824 0.0 0.0 0.0 1.0
pumpkin/seq-06/color/frame-000326.color.png pumpkin/seq-06/color/frame-000328.color.png 0.999991 -0.00311787 -0.00302778 -0.00347343 0.00312951 0.999988 0.00383086 0.00869683 0.00301575 -0.00384014 0.999988 -0.000344098 0.0 0.0 0.0 1.0
pumpkin/seq-06/color/frame-000328.color.png pumpkin/seq-06/color/frame-000330.color.png 0.999969 -0.0068177 -0.00406872 -0.00788313 0.00684965 0.999945 0.00789753 -0.000542842 0.00401466 -0.00792511 0.999961 -0.00692149 0.0 0.0 0.0 1.0
pumpkin/seq-06/color/frame-000330.color.png pumpkin/seq-06/color/frame-000332.color.png 0.999985 -0.00527572 -0.00176078 -0.00701314 0.00529225 0.99994 0.00954512 0.00491404 0.00171032 -0.00955433 0.999953 -0.00529016 0.0 0.0 0.0 1.0
pumpkin/seq-06/color/frame-000332.color.png pumpkin/seq-06/color/frame-000334.color.png 1.0 -2.48916e-05 0.000781843 -0.00421691 2.24582e-05 0.999995 0.0031271 0.0133961 -0.000781909 -0.00312704 0.999995 0.0010414 0.0 0.0 0.0 1.0
pumpkin/seq-06/color/frame-000334.color.png pumpkin/seq-06/color/frame-000336.color.png 0.99997 -0.00483872 0.00609948 -0.0140199 0.00476046 0.999907 0.0127797 0.00719811 -0.00616074 -0.0127503 0.9999 -0.00737442 0.0 0.0 0.0 1.0
pumpkin/seq-06/color/frame-000336.color.png pumpkin/seq-06/color/frame-000338.color.png 0.99999 -0.0043709 0.00121826 -0.00275597 0.0043593 0.999946 0.00939387 0.00962475 -0.00125928 -0.00938845 0.999955 -0.0071843 0.0 0.0 0.0 1.0
pumpkin/seq-06/color/frame-000338.color.png pumpkin/seq-06/color/frame-000340.color.png 0.99998 -0.00506237 0.00368308 -0.0106506 0.00504386 0.999975 0.00501864 0.0130284 -0.00370839 -0.0050001 0.999981 0.00374205 0.0 0.0 0.0 1.0
pumpkin/seq-06/color/frame-000340.color.png pumpkin/seq-06/color/frame-000342.color.png 0.999975 -0.00705494 0.000829615 -0.0089789 0.0070436 0.999892 0.0129337 0.00177968 -0.000920746 -0.0129275 0.999916 -0.00336579 0.0 0.0 0.0 1.0
