pumpkin/seq-06/color/frame-000001.color.png pumpkin/seq-06/color/frame-000003.color.png 0.999998 0.000407674 0.0019723 -0.000685105 -0.000411678 0.999998 0.00202998 0.00165758 -0.00197147 -0.00203079 0.999996 0.000265323 0.0 0.0 0.0 1.0
pumpkin/seq-06/color/frame-000003.color.png pumpkin/seq-06/color/frame-000005.color.png 0.999997 -0.00234744 0.00104867 0.00209236 0.00234346 0.99999 0.00378017 -0.00626176 -0.00105753 -0.0037777 0.999992 0.00435394 0.0 0.0 0.0 1.0
pumpkin/seq-06/color/frame-000005.color.png pumpkin/seq-06/color/frame-000007.color.png 0.999995 -0.00308161 -0.000107227 -0.000723205 0.00308085 0.999974 -0.0065211 0.00344817 0.000127319 0.00652073 0.999979 0.00179788 0.0 0.0 0.0 1.0
pumpkin/seq-06/color/frame-000007.color.png pumpkin/seq-06/color/frame-000009.color.png 0.999999 -0.00117828 -0.000453861 0.00144975 0.00117653 0.999992 -0.00385283 -0.000170115 0.000458397 0.00385229 0.999992 0.00163411 0.0 0.0 0.0 1.0
pumpkin/seq-06/color/frame-000009.color.png pumpkin/seq-06/color/frame-000011.color.png 0.999999 0.000750336 0.00109358 0.00128379 -0.000750005 1.0 -0.0003033 -0.00710526 -0.00109381 0.000302481 0.999999 0.00592393 0.0 0.0 0.0 1.0
pumpkin/seq-06/color/frame-000011.color.png pumpkin/seq-06/color/frame-000013.color.png 0.999948 -0.0101023 0.00161395 -0.0023992 0.0101277 0.999811 -0.0165751 0.00118102 -0.0014462 0.0165905 0.999861 0.00377146 0.0 0.0 0.0 1.0
pumpkin/seq-06/color/frame-000013.color.png pumpkin/seq-06/color/frame-000015.color.png 0.99998 -0.00510445 -0.00365655 -0.00208361 0.00506334 0.999925 -0.0111653 0.00653594 0.00371327 0.0111466 0.999931 0.00624502 0.0 0.0 0.0 1.0
pumpkin/seq-06/color/frame-000015.color.png pumpkin/seq-06/color/frame-000017.color.png 0.999989 -0.00330123 -0.00326268 0.0023294 0.00329281 0.999991 -0.00258198 0.000463106 0.00327117 0.00257121 0.999991 0.00916232 0.0 0.0 0.0 1.0
pumpkin/seq-06/color/frame-000017.color.png pumpkin/seq-06/color/frame-000019.color.png 0.999992 -0.00338039 -0.00212506 -0.00259826 0.00336437 0.999966 -0.00749739 -0.00892451 0.00215033 0.00749017 0.99997 0.0134623 0.0 0.0 0.0 1.0
pumpkin/seq-06/color/frame-000019.color.png pumpkin/seq-06/color/frame-000021.color.png 0.999942 -0.0105316 -0.00209141 0.00101874 0.0104902 0.999766 -0.0189311 0.00949136 0.0022903 0.0189081 0.999819 0.00881182 0.0 0.0 0.0 1.0
pumpkin/seq-06/color/frame-000021.color.png pumpkin/seq-06/color/frame-000023.color.png 0.999955 -0.00938809 -0.00121444 -0.00133178 0.00938055 0.999937 -0.00607131 0.00319308 0.00127136 0.00605964 0.999981 0.0103085 0.0 0.0 0.0 1.0
pumpkin/seq-06/color/frame-000023.color.png pumpkin/seq-06/color/frame-000025.color.png 0.99998 -0.00538881 -0.00325186 -0.000249113 0.00538448 0.999985 -0.00133593 0.00149769 0.00325901 0.00131839 0.999994 0.0107302 0.0 0.0 0.0 1.0
pumpkin/seq-06/color/frame-000025.color.png pumpkin/seq-06/color/frame-000027.color.png 0.999996 -0.00240923 -0.00164501 -0.000577 0.00241201 0.999996 0.0016904 -0.00207488 0.00164093 -0.00169436 0.999997 0.00708074 0.0 0.0 0.0 1.0
pumpkin/seq-06/color/frame-000027.color.png pumpkin/seq-06/color/frame-000029.color.png 0.999995 -0.00283734 -0.00143851 0.000150075 0.00283726 0.999996 -5.86726e-05 -0.00879232 0.00143867 5.46051e-05 0.999999 0.0140818 0.0 0.0 0.0 1.0
pumpkin/seq-06/color/frame-000029.color.png pumpkin/seq-06/color/frame-000031.color.png 0.999967 -0.00772893 0.0023545 -0.00613621 0.00774745 0.999938 -0.0079657 -0.00330074 -0.00229278 0.0079837 0.999965 0.0110393 0.0 0.0 0.0 1.0
pumpkin/seq-06/color/frame-000031.color.png pumpkin/seq-06/color/frame-000033.color.png 0.999903 -0.0132861 0.00422218 -0.00356735 0.0133186 0.999881 -0.00774537 -0.00620243 -0.00411878 0.00780086 0.999961 0.00893446 0.0 0.0 0.0 1.0
pumpkin/seq-06/color/frame-000033.color.png pumpkin/seq-06/color/frame-000035.color.png 0.999996 -0.00205294 0.0017583 -0.00399205 0.00206307 0.999981 -0.00578971 -0.00591892 -0.00174638 0.00579331 0.999982 0.00654069 0.0 0.0 0.0 1.0
pumpkin/seq-06/color/frame-000035.color.png pumpkin/seq-06/color/frame-000037.color.png 0.999997 -0.00155184 -0.00208919 -0.00150937 0.00151412 0.999838 -0.0179472 0.0102268 0.0021167 0.0179439 0.999837 0.00775454 0.0 0.0 0.0 1.0
pumpkin/seq-06/color/frame-000037.color.png pumpkin/seq-06/color/frame-000039.color.png 0.99997 -0.000959276 0.00767259 -0.00846838 0.000947939 0.999998 0.00148112 -0.0171725 -0.00767401 -0.00147378 0.999969 0.0098047 0.0 0.0 0.0 1.0
pumpkin/seq-06/color/frame-000039.color.png pumpkin/seq-06/color/frame-000041.color.png 0.999934 -0.00643042 0.00954143 -0.0118571 0.0065657 0.999877 -0.0142144 -0.0037621 -0.00944886 0.0142761 0.999853 0.0093054 0.0 0.0 0.0 1.0
pumpkin/seq-06/color/frame-000041.color.png pumpkin/seq-06/color/frame-000043.color.png 0.999991 -0.00162914 0.00387484 -0.00583037 0.00166826 0.999947 -0.0101176 0.00270622 -0.00385815 0.0101239 0.999941 0.00361629 0.0 0.0 0.0 1.0
pumpkin/seq-06/color/frame-000043.color.png pumpkin/seq-06/color/frame-000045.color.png 0.999931 -0.010337 0.00561348 -0.00458884 0.0104146 0.999848 -0.0139728 -0.000649348 -0.00546819 0.0140304 0.999887 0.00601166 0.0 0.0 0.0 1.0
pumpkin/seq-06/color/frame-000045.color.png pumpkin/seq-06/color/frame-000047.color.png 0.999963 -0.00826852 0.00218872 -0.00271156 0.00830583 0.99981 -0.0176232 0.00386171 -0.00204258 0.0176408 0.999842 0.00523251 0.0 0.0 0.0 1.0
pumpkin/seq-06/color/frame-000047.color.png pumpkin/seq-06/color/frame-000049.color.png 0.999982 0.00231042 0.00544128 -0.010496 -0.00225677 0.999949 -0.00984554 -0.0100587 -0.00546375 0.00983311 0.999937 0.0104174 0.0 0.0 0.0 1.0
pumpkin/seq-06/color/frame-000049.color.png pumpkin/seq-06/color/frame-000051.color.png 0.999989 0.00439663 0.00177727 -0.00625806 -0.00436919 0.999876 -0.0151585 -0.00155196 -0.0018437 0.0151505 0.999883 0.00783476 0.0 0.0 0.0 1.0
pumpkin/seq-06/color/frame-000051.color.png pumpkin/seq-06/color/frame-000053.color.png 0.999997 -0.000259961 0.00252531 -0.00366358 0.000272255 0.999988 -0.00487006 -0.00319702 -0.00252403 0.00487073 0.999985 0.00214171 0.0 0.0 0.0 1.0
pumpkin/seq-06/color/frame-000053.color.png pumpkin/seq-06/color/frame-000055.color.png 0.99995 -0.00387914 0.00917214 -0.0163979 0.00400623 0.999896 -0.0138797 -0.00346714 -0.00911735 0.0139158 0.999861 0.0103422 0.0 0.0 0.0 1.0
pumpkin/seq-06/color/frame-000055.color.png pumpkin/seq-06/color/frame-000057.color.png 0.999985 -0.000464406 0.0054151 -0.00759362 0.000531949 0.999922 -0.0124812 -0.0060086 -0.00540888 0.0124838 0.999908 0.00714809 0.0 0.0 0.0 1.0
pumpkin/seq-06/color/frame-000057.color.png pumpkin/seq-06/color/frame-000059.color.png 1.0 0.000740715 0.000393962 -0.00147828 -0.000732403 0.999787 -0.0206321 0.00104966 -0.000409165 0.0206319 0.999787 0.00872833 0.0 0.0 0.0 1.0
pumpkin/seq-06/color/frame-000059.color.png pumpkin/seq-06/color/frame-000061.color.png 0.999924 -0.00219389 0.0121324 -0.0109492 0.00229072 0.999966 -0.0079738 -0.00835612 -0.0121145 0.00800098 0.999895 0.00385839 0.0 0.0 0.0 1.0
pumpkin/seq-06/color/frame-000061.color.png pumpkin/seq-06/color/frame-000063.color.png 0.999972 -0.00592964 0.00466725 -0.00595108 0.00599093 0.999895 -0.0132298 -0.00344879 -0.00458832 0.0132575 0.999902 0.00429079 0.0 0.0 0.0 1.0
pumpkin/seq-06/color/frame-000063.color.png pumpkin/seq-06/color/frame-000065.color.png 0.999976 0.000176637 0.00695187 -0.0101567 -7.80465e-05 0.999899 -0.0141815 -0.00655128 -0.00695367 0.0141807 0.999875 0.0074399 0.0 0.0 0.0 1.0
pumpkin/seq-06/color/frame-000065.color.png pumpkin/seq-06/color/frame-000067.color.png 0.999998 0.000298887 0.00219292 -0.000892229 -0.000262166 0.99986 -0.0167101 -0.00503352 -0.00219761 0.0167094 0.999858 0.00434518 0.0 0.0 0.0 1.0
pumpkin/seq-06/color/frame-000067.color.png pumpkin/seq-06/color/frame-000069.color.png 0.999983 -0.00195706 0.00544665 -0.00651173 0.00203787 0.999887 -0.0148748 -0.00874071 -0.00541693 0.0148857 0.999874 -0.00159527 0.0 0.0 0.0 1.0
pumpkin/seq-06/color/frame-000069.color.png pumpkin/seq-06/color/frame-000071.color.png 0.999951 -0.00174532 0.00978473 -0.00860804 0.00190338 0.999868 -0.0161671 -0.00500867 -0.00975521 0.0161849 0.999821 0.0054269 0.0 0.0 0.0 1.0
pumpkin/seq-06/color/frame-000071.color.png pumpkin/seq-06/color/frame-000073.color.png 0.999983 -0.00232202 0.00536731 -0.00434604 0.00237051 0.999956 -0.00904799 0.00158125 -0.00534606 0.00906065 0.999945 0.00225328 0.0 0.0 0.0 1.0
pumpkin/seq-06/color/frame-000073.color.png pumpkin/seq-06/color/frame-000075.color.png 0.99995 0.00360611 0.00935099 -0.0053747 -0.00348754 0.999914 -0.012663 -0.00810316 -0.00939585 0.0126297 0.999876 -0.000216842 0.0 0.0 0.0 1.0
pumpkin/seq-06/color/frame-000075.color.png pumpkin/seq-06/color/frame-000077.color.png 0.999912 0.00131538 0.0131811 -0.0151882 -0.00119053 0.999954 -0.00947324 -0.0184763 -0.0131929 0.00945673 0.999868 -0.000666574 0.0 0.0 0.0 1.0
pumpkin/seq-06/color/frame-000077.color.png pumpkin/seq-06/color/frame-000079.color.png 0.999934 -0.00209303 0.0112428 -0.00382774 0.00230838 0.999813 -0.0191794 -0.00216167 -0.0112006 0.0192041 0.999753 0.000658438 0.0 0.0 0.0 1.0
pumpkin/seq-06/color/frame-000079.color.png pumpkin/seq-06/color/frame-000081.color.png 0.999947 0.00250232 0.0100093 -0.00351492 -0.0023556 0.99989 -0.014639 -0.00772999 -0.0100449 0.0146147 0.999843 -0.00451599 0.0 0.0 0.0 1.0
pumpkin/seq-06/color/frame-000081.color.png pumpkin/seq-06/color/frame-000083.color.png 0.999972 0.000638949 0.00745755 -0.00436905 -0.000567384 0.999954 -0.00959802 -0.00938258 -0.00746337 0.00959346 0.999926 -0.00358038 0.0 0.0 0.0 1.0
pumpkin/seq-06/color/frame-000083.color.png pumpkin/seq-06/color/frame-000085.color.png 0.999922 0.00271919 0.0121726 -0.00326772 -0.00253299 0.99988 -0.015286 0.00320742 -0.0122127 0.0152539 0.999809 0.0045432 0.0 0.0 0.0 1.0
pumpkin/seq-06/color/frame-000085.color.png pumpkin/seq-06/color/frame-000087.color.png 0.999957 0.00213702 0.00902546 -0.0063628 -0.00203914 0.999939 -0.0108368 -0.00691283 -0.0090481 0.0108179 0.9999 -0.00423363 0.0 0.0 0.0 1.0
pumpkin/seq-06/color/frame-000087.color.png pumpkin/seq-06/color/frame-000089.color.png 0.999984 0.00180362 0.0053252 -0.000113562 -0.00176058 0.999966 -0.00807827 -0.00522345 -0.00533959 0.00806884 0.999953 -0.00552891 0.0 0.0 0.0 1.0
pumpkin/seq-06/color/frame-000089.color.png pumpkin/seq-06/color/frame-000091.color.png 0.999971 0.000118266 0.00760872 -0.00674501 -2.40816e-05 0.999923 -0.0123763 -0.00137895 -0.00760959 0.0123757 0.999895 0.00112502 0.0 0.0 0.0 1.0
pumpkin/seq-06/color/frame-000091.color.png pumpkin/seq-06/color/frame-000093.color.png 0.999976 0.00385758 0.00577711 0.00116105 -0.00377495 0.999891 -0.0142484 -0.00202495 -0.00583146 0.0142264 0.999882 -0.000398636 0.0 0.0 0.0 1.0
pumpkin/seq-06/color/frame-000093.color.png pumpkin/seq-06/color/frame-000095.color.png 0.999982 0.000535216 0.00593278 -0.00571111 -0.000489671 0.99997 -0.00767829 -0.00963053 -0.00593666 0.00767517 0.999953 -0.00578602 0.0 0.0 0.0 1.0
pumpkin/seq-06/color/frame-000095.color.png pumpkin/seq-06/color/frame-000097.color.png 0.999942 0.00722865 0.00793629 -0.00133358 -0.00711199 0.999868 -0.0146343 0.0010875 -0.00804101 0.014577 0.999861 0.00231388 0.0 0.0 0.0 1.0
pumpkin/seq-06/color/frame-000097.color.png pumpkin/seq-06/color/frame-000099.color.png 0.999954 0.00723348 0.00633086 0.000632763 -0.00713716 0.99986 -0.0151075 -0.000432476 -0.00643928 0.0150617 0.999866 -8.97497e-05 0.0 0.0 0.0 1.0
pumpkin/seq-06/color/frame-000099.color.png pumpkin/seq-06/color/frame-000101.color.png 0.999959 0.00753082 0.00511561 -0.0021455 -0.00744882 0.999846 -0.0158638 -0.00540487 -0.00523431 0.0158251 0.999861 -0.0026278 0.0 0.0 0.0 1.0
pumpkin/seq-06/color/frame-000101.color.png pumpkin/seq-06/color/frame-000103.color.png 0.999948 0.00784593 0.00656143 0.000441089 -0.00774322 0.999849 -0.015535 -0.00166002 -0.00668232 0.0154833 0.999858 -0.00237621 0.0 0.0 0.0 1.0
pumpkin/seq-06/color/frame-000103.color.png pumpkin/seq-06/color/frame-000105.color.png 0.99996 0.00706462 0.00543253 -0.00165188 -0.0069812 0.99986 -0.0152262 -0.00255635 -0.00553933 0.0151876 0.999869 -0.00173602 0.0 0.0 0.0 1.0
pumpkin/seq-06/color/frame-000105.color.png pumpkin/seq-06/color/frame-000107.color.png 0.999951 0.00703455 0.00690785 0.00234321 -0.00695758 0.999914 -0.0110994 -0.00355004 -0.00698534 0.0110509 0.999915 -0.00856084 0.0 0.0 0.0 1.0
pumpkin/seq-06/color/frame-000107.color.png pumpkin/seq-06/color/frame-000109.color.png 0.999959 0.000656949 0.00908811 -0.00687863 -0.000648004 0.999999 -0.000984135 -0.0258407 -0.00908872 0.000978236 0.999958 -0.0146057 0.0 0.0 0.0 1.0
pumpkin/seq-06/color/frame-000109.color.png pumpkin/seq-06/color/frame-000111.color.png 0.999955 0.00867954 0.00395196 0.00321515 -0.00862821 0.99988 -0.0128353 -0.00836214 -0.00406289 0.0128006 0.99991 -0.00934967 0.0 0.0 0.0 1.0
pumpkin/seq-06/color/frame-000111.color.png pumpkin/seq-06/color/frame-000113.color.png 0.999961 0.00405445 0.0078206 -0.000728145 -0.00396483 0.999927 -0.0114416 -0.00187132 -0.00786643 0.0114102 0.999904 -0.00631885 0.0 0.0 0.0 1.0
pumpkin/seq-06/color/frame-000113.color.png pumpkin/seq-06/color/frame-000115.color.png 0.999953 0.00830537 0.00492335 -0.00010778 -0.00822593 0.999839 -0.0159513 0.00230888 -0.00505499 0.01591 0.999861 -0.00130607 0.0 0.0 0.0 1.0
pumpkin/seq-06/color/frame-000115.color.png pumpkin/seq-06/color/frame-000117.color.png 0.99997 0.00342834 0.00699677 9.51141e-05 -0.00339469 0.999983 -0.00481274 -0.0118411 -0.00701317 0.00478889 0.999964 -0.0145382 0.0 0.0 0.0 1.0
pumpkin/seq-06/color/frame-000117.color.png pumpkin/seq-06/color/frame-000119.color.png 0.999983 0.00357463 0.00469526 0.000181898 -0.00351158 0.999904 -0.013364 0.00669956 -0.00474264 0.0133473 0.9999 -0.000986718 0.0 0.0 0.0 1.0
pumpkin/seq-06/color/frame-000119.color.png pumpkin/seq-06/color/frame-000121.color.png 0.999989 -0.00121461 0.00445711 -0.00474025 0.00122545 0.999996 -0.00242612 -0.00367495 -0.00445414 0.00243167 0.999987 -0.00889995 0.0 0.0 0.0 1.0
pumpkin/seq-06/color/frame-000121.color.png pumpkin/seq-06/color/frame-000123.color.png 0.999978 0.00442154 0.00499013 0.0021823 -0.00437672 0.99995 -0.00896049 -0.00025028 -0.00502951 0.00893841 0.999947 -0.00905605 0.0 0.0 0.0 1.0
pumpkin/seq-06/color/frame-000123.color.png pumpkin/seq-06/color/frame-000125.color.png 0.999993 -0.000611873 0.00354556 0.00294431 0.000657175 0.999918 -0.0127945 0.00143382 -0.00353741 0.0127966 0.999912 -0.0128002 0.0 0.0 0.0 1.0
pumpkin/seq-06/color/frame-000125.color.png pumpkin/seq-06/color/frame-000127.color.png 0.999991 0.0026203 0.00343822 -0.00379993 -0.00261018 0.999992 -0.00293915 -0.00873846 -0.00344591 0.00293016 0.99999 -0.0100366 0.0 0.0 0.0 1.0
pumpkin/seq-06/color/frame-000127.color.png pumpkin/seq-06/color/frame-000129.color.png 0.999956 0.00395505 0.00852256 -0.00326371 -0.00387953 0.999953 -0.00886364 -0.00408375 -0.00855715 0.00883021 0.999924 -0.00965977 0.0 0.0 0.0 1.0
pumpkin/seq-06/color/frame-000129.color.png pumpkin/seq-06/color/frame-000131.color.png 0.999967 0.00610031 -0.00529868 0.00660637 -0.00612795 0.999968 -0.00521507 -0.00875241 0.00526664 0.00524751 0.999972 -0.0128006 0.0 0.0 0.0 1.0
pumpkin/seq-06/color/frame-000131.color.png pumpkin/seq-06/color/frame-000133.color.png 0.999964 0.0055312 0.00636352 -0.00695556 -0.00547775 0.99995 -0.00838586 0.00211409 -0.00640955 0.00835054 0.999945 0.00121046 0.0 0.0 0.0 1.0
pumpkin/seq-06/color/frame-000133.color.png pumpkin/seq-06/color/frame-000135.color.png 0.999968 0.0067457 0.00439806 -0.0119698 -0.00670801 0.999941 -0.00852488 -0.0142904 -0.00445536 0.00849523 0.999954 -0.00311945 0.0 0.0 0.0 1.0
pumpkin/seq-06/color/frame-000135.color.png pumpkin/seq-06/color/frame-000137.color.png 0.999953 0.00610771 -0.00748275 0.0131515 -0.00616617 0.999951 -0.00781521 0.00555322 0.00743466 0.00786092 0.999941 -0.00345516 0.0 0.0 0.0 1.0
pumpkin/seq-06/color/frame-000137.color.png pumpkin/seq-06/color/frame-000139.color.png 0.999999 0.000522277 0.00115203 -0.00619559 -0.000515773 0.999984 -0.00561968 -0.00153664 -0.00115495 0.00561909 0.999984 0.00561804 0.0 0.0 0.0 1.0
pumpkin/seq-06/color/frame-000139.color.png pumpkin/seq-06/color/frame-000141.color.png 0.999993 -0.00339114 -0.00151153 -0.00726488 0.00340436 0.999955 0.00881838 -0.0296636 0.00148159 -0.00882345 0.99996 -0.00710144 0.0 0.0 0.0 1.0
pumpkin/seq-06/color/frame-000141.color.png pumpkin/seq-06/color/frame-000143.color.png 0.99999 0.00130127 -0.0041435 -0.00041829 -0.0013596 0.9999 -0.0141018 0.0108485 0.00412471 0.0141072 0.999892 0.0187741 0.0 0.0 0.0 1.0
pumpkin/seq-06/color/frame-000143.color.png pumpkin/seq-06/color/frame-000145.color.png 0.999962 0.00376236 -0.00791474 -0.0013531 -0.00381788 0.999968 -0.00701858 -0.00654468 0.00788812 0.00704855 0.999944 0.0219724 0.0 0.0 0.0 1.0
pumpkin/seq-06/color/frame-000145.color.png pumpkin/seq-06/color/frame-000147.color.png 0.999985 0.00082444 -0.00540378 -0.00217851 -0.000827744 1.0 -0.000603788 -0.0175314 0.00540327 0.000608259 0.999985 0.00689324 0.0 0.0 0.0 1.0
pumpkin/seq-06/color/frame-000147.color.png pumpkin/seq-06/color/frame-000149.color.png 0.999963 0.000309844 -0.00857647 0.00735502 -0.000351621 0.999988 -0.00487121 0.00234345 0.00857488 0.00487414 0.999951 0.0173312 0.0 0.0 0.0 1.0
pumpkin/seq-06/color/frame-000149.color.png pumpkin/seq-06/color/frame-000151.color.png 0.999979 0.000823358 -0.00646381 0.00405538 -0.000874312 0.999969 -0.00788304 -0.000424087 0.00645715 0.00788842 0.999948 0.0191939 0.0 0.0 0.0 1.0
pumpkin/seq-06/color/frame-000151.color.png pumpkin/seq-06/color/frame-000153.color.png 0.999993 -0.00344824 0.00134516 -0.00565484 0.0034419 0.999983 0.00470871 -0.0231815 -0.00136141 -0.004704 0.999988 0.00497343 0.0 0.0 0.0 1.0
pumpkin/seq-06/color/frame-000153.color.png pumpkin/seq-06/color/frame-000155.color.png 0.999985 0.00496195 -0.00232714 0.0117423 -0.0049805 0.999956 -0.00801489 -0.00459972 0.00228728 0.0080263 0.999965 0.00952248 0.0 0.0 0.0 1.0
pumpkin/seq-06/color/frame-000155.color.png pumpkin/seq-06/color/frame-000157.color.png 1.0 -0.000132633 0.000340714 0.00998014 0.000138523 0.999851 -0.0172338 0.0098716 -0.000338392 0.0172339 0.999851 0.0225598 0.0 0.0 0.0 1.0
pumpkin/seq-06/color/frame-000157.color.png pumpkin/seq-06/color/frame-000159.color.png 0.999993 -0.0027217 -0.00260691 0.00248384 0.00269735 0.999953 -0.00928288 -0.00130025 0.00263204 0.00927569 0.999954 0.0165881 0.0 0.0 0.0 1.0
pumpkin/seq-06/color/frame-000159.color.png pumpkin/seq-06/color/frame-000161.color.png 0.999991 -0.00387087 0.00173553 0.00834042 0.00386476 0.999986 0.00351963 -0.0169111 -0.00174911 -0.00351287 0.999992 -0.000219643 0.0 0.0 0.0 1.0
pumpkin/seq-06/color/frame-000161.color.png pumpkin/seq-06/color/frame-000163.color.png 0.99999 -0.00284093 -0.00350182 0.0171784 0.00283406 0.999994 -0.00195964 0.00370309 0.00350735 0.0019496 0.999992 0.00947843 0.0 0.0 0.0 1.0
pumpkin/seq-06/color/frame-000163.color.png pumpkin/seq-06/color/frame-000165.color.png 0.999982 -0.00564329 0.00200457 0.00121757 0.00566364 0.999931 -0.0102689 0.0116982 -0.00194652 0.0102803 0.999945 0.0267817 0.0 0.0 0.0 1.0
pumpkin/seq-06/color/frame-000165.color.png pumpkin/seq-06/color/frame-000167.color.png 0.999974 -0.00264096 -0.00673525 0.0100179 0.00273727 0.999893 0.0143323 -0.0335493 0.00669669 -0.0143505 0.999875 -0.0105995 0.0 0.0 0.0 1.0
pumpkin/seq-06/color/frame-000167.color.png pumpkin/seq-06/color/frame-000169.color.png 0.999981 0.00247579 -0.00566316 0.0185332 -0.00248984 0.999994 -0.00247922 0.00311804 0.00565697 0.00249344 0.999981 0.0103886 0.0 0.0 0.0 1.0
pumpkin/seq-06/color/frame-000169.color.png pumpkin/seq-06/color/frame-000171.color.png 0.999981 0.000378641 0.00616975 0.00162338 -0.000455016 0.999923 0.0123808 -0.0388348 -0.00616455 -0.0123834 0.999904 0.00498179 0.0 0.0 0.0 1.0
pumpkin/seq-06/color/frame-000171.color.png pumpkin/seq-06/color/frame-000173.color.png 0.999999 -0.00114021 0.00020613 0.00594286 0.00114098 0.999991 -0.00397389 -0.00139904 -0.000201634 0.00397411 0.999992 0.0149831 0.0 0.0 0.0 1.0
pumpkin/seq-06/color/frame-000173.color.png pumpkin/seq-06/color/frame-000175.color.png 0.999981 0.00511084 0.00357012 0.00849409 -0.00510492 0.999986 -0.0016552 -0.00995225 -0.00357851 0.00163704 0.999992 0.00826563 0.0 0.0 0.0 1.0
pumpkin/seq-06/color/frame-000175.color.png pumpkin/seq-06/color/frame-000177.color.png 0.99997 -0.000998895 0.00764116 0.00276323 0.00106709 0.99996 -0.00892589 0.000183284 -0.00763194 0.00893374 0.999931 0.0139629 0.0 0.0 0.0 1.0
pumpkin/seq-06/color/frame-000177.color.png pumpkin/seq-06/color/frame-000179.color.png 0.999995 0.00302961 0.0013551 0.00694834 -0.00302477 0.999989 -0.00355677 -0.00405127 -0.00136586 0.00355263 0.999993 0.0101193 0.0 0.0 0.0 1.0
pumpkin/seq-06/color/frame-000179.color.png pumpkin/seq-06/color/frame-000181.color.png 0.999954 0.0024386 0.00923734 0.00745162 -0.00246411 0.999993 0.00274914 -0.00313827 -0.00923055 -0.00277166 0.999954 0.00823492 0.0 0.0 0.0 1.0
pumpkin/seq-06/color/frame-000181.color.png pumpkin/seq-06/color/frame-000183.color.png 0.999999 0.000440876 0.00166395 9.50471e-05 -0.000440636 1.0 -0.000147047 -0.0106427 -0.00166407 0.000146262 0.999999 0.0123597 0.0 0.0 0.0 1.0
pumpkin/seq-06/color/frame-000183.color.png pumpkin/seq-06/color/frame-000185.color.png 0.999994 0.000271883 -0.00332275 0.0100961 -0.000282684 0.999995 -0.00324845 -0.00480443 0.00332186 0.00324931 0.999989 0.0141518 0.0 0.0 0.0 1.0
pumpkin/seq-06/color/frame-000185.color.png pumpkin/seq-06/color/frame-000187.color.png 0.999998 0.000394833 -0.00173759 0.00402672 -0.000396918 0.999999 -0.0011997 -0.012802 0.00173711 0.00120043 0.999998 0.0140532 0.0 0.0 0.0 1.0
pumpkin/seq-06/color/frame-000187.color.png pumpkin/seq-06/color/frame-000189.color.png 0.999971 -0.00355985 -0.00679843 0.00948022 0.00353767 0.999988 -0.00327366 0.000621974 0.00681001 0.00324945 0.999971 0.0179792 0.0 0.0 0.0 1.0
pumpkin/seq-06/color/frame-000189.color.png pumpkin/seq-06/color/frame-000191.color.png 0.999987 0.0020443 -0.00464653 0.0110532 -0.00203253 0.999995 0.0025357 -0.00908494 0.00465168 -0.00252614 0.999986 0.0107684 0.0 0.0 0.0 1.0
pumpkin/seq-06/color/frame-000191.color.png pumpkin/seq-06/color/frame-000193.color.png 0.999993 -0.00359082 0.00129423 -0.00385036 0.00358845 0.999992 0.0018321 -0.00893027 -0.0013008 -0.00182742 0.999997 0.0168719 0.0 0.0 0.0 1.0
pumpkin/seq-06/color/frame-000193.color.png pumpkin/seq-06/color/frame-000195.color.png 0.999988 0.00384561 -0.00297308 0.0125615 -0.00384682 0.999992 -0.000391323 -0.00109994 0.00297152 0.000402799 0.999995 0.0135959 0.0 0.0 0.0 1.0
pumpkin/seq-06/color/frame-000195.color.png pumpkin/seq-06/color/frame-000197.color.png 0.999992 -0.00380847 -0.00147441 -0.000929091 0.00381768 0.999973 0.0062928 -0.0153126 0.00145042 -0.00629847 0.999979 0.0107203 0.0 0.0 0.0 1.0
pumpkin/seq-06/color/frame-000197.color.png pumpkin/seq-06/color/frame-000199.color.png 0.999981 -0.000186114 -0.00610066 0.0147745 0.000198784 0.999998 0.00207421 -0.00528413 0.00610024 -0.00207543 0.999979 0.00581467 0.0 0.0 0.0 1.0
pumpkin/seq-06/color/frame-000199.color.png pumpkin/seq-06/color/frame-000201.color.png 1.0 -0.000400429 -0.000880649 0.00300886 0.000397859 0.999996 -0.00287398 -0.00563729 0.000881854 0.00287357 0.999996 0.0122648 0.0 0.0 0.0 1.0
pumpkin/seq-06/color/frame-000201.color.png pumpkin/seq-06/color/frame-000203.color.png 0.99999 -0.00221655 0.00396366 -0.000757994 0.00222305 0.999996 -0.00162931 -0.00337899 -0.00396006 0.0016382 0.999991 0.00994956 0.0 0.0 0.0 1.0
pumpkin/seq-06/color/frame-000203.color.png pumpkin/seq-06/color/frame-000205.color.png 0.999998 8.6822e-06 -0.00221968 0.00650291 -1.69752e-05 0.999993 -0.00371947 -0.00438219 0.00221965 0.00371948 0.999991 0.00687426 0.0 0.0 0.0 1.0
pumpkin/seq-06/color/frame-000205.color.png pumpkin/seq-06/color/frame-000207.color.png 0.999974 -0.00441326 0.00566068 -0.00592464 0.0044328 0.999984 -0.00344023 -0.00334269 -0.00564537 0.00346521 0.999978 0.00918168 0.0 0.0 0.0 1.0
pumpkin/seq-06/color/frame-000207.color.png pumpkin/seq-06/color/frame-000209.color.png 0.999996 -0.00158775 -0.00233418 0.00652472 0.00157753 0.999989 -0.00437041 0.00260502 0.00234104 0.00436681 0.999988 0.0056262 0.0 0.0 0.0 1.0
pumpkin/seq-06/color/frame-000209.color.png pumpkin/seq-06/color/frame-000211.color.png 0.999992 0.000601066 -0.00383986 0.00840842 -0.000602622 1.0 -0.00039925 -0.00107592 0.00383965 0.000401466 0.999993 0.00228161 0.0 0.0 0.0 1.0
pumpkin/seq-06/color/frame-000211.color.png pumpkin/seq-06/color/frame-000213.color.png 0.999996 0.000525914 0.00264333 -0.00400933 -0.000530889 0.999998 0.00187666 -0.00331932 -0.00264233 -0.00187813 0.999995 0.00276047 0.0 0.0 0.0 1.0
pumpkin/seq-06/color/frame-000213.color.png pumpkin/seq-06/color/frame-000215.color.png 0.999993 0.00102829 -0.00347914 0.00273971 -0.0010253 0.999999 0.000864109 0.00463372 0.00348002 -0.000860332 0.999994 0.00272873 0.0 0.0 0.0 1.0
pumpkin/seq-06/color/frame-000215.color.png pumpkin/seq-06/color/frame-000217.color.png 0.999999 -0.00111768 -0.00101734 -0.0033268 0.00113171 0.999903 0.0139182 -0.00650376 0.00100171 -0.0139193 0.999903 -0.00897548 0.0 0.0 0.0 1.0
pumpkin/seq-06/color/frame-000217.color.png pumpkin/seq-06/color/frame-000219.color.png 0.999988 -0.00457987 -0.00195184 -0.00801203 0.00459984 0.999936 0.010342 0.00254726 0.00190436 -0.010351 0.999945 -0.00216699 0.0 0.0 0.0 1.0
pumpkin/seq-06/color/frame-000219.color.png pumpkin/seq-06/color/frame-000221.color.png 0.999999 -0.0011253 0.000456796 -0.00379442 0.00111588 0.999798 0.0200814 -0.00899678 -0.000479309 -0.0200808 0.999798 -0.0153139 0.0 0.0 0.0 1.0
pumpkin/seq-06/color/frame-000221.color.png pumpkin/seq-06/color/frame-000223.color.png 0.999955 -0.0010935 -0.00938324 0.00021404 0.00116802 0.999968 0.00793632 0.00495195 0.00937427 -0.00794692 0.999925 -0.00438768 0.0 0.0 0.0 1.0
pumpkin/seq-06/color/frame-000223.color.png pumpkin/seq-06/color/frame-000225.color.png 0.999976 -0.00199156 -0.00665575 -0.00777913 0.00206077 0.999944 0.0104096 -0.00193727 0.00663463 -0.0104231 0.999924 -0.0066492 0.0 0.0 0.0 1.0
pumpkin/seq-06/color/frame-000225.color.png pumpkin/seq-06/color/frame-000227.color.png 0.999884 0.000210993 -0.0152145 0.00575289 -0.000171941 0.999997 0.00256903 0.0128764 0.0152151 -0.00256618 0.999881 -0.00327581 0.0 0.0 0.0 1.0
pumpkin/seq-06/color/frame-000227.color.png pumpkin/seq-06/color/frame-000229.color.png 0.999941 -0.00137854 -0.0107533 -0.00536215 0.00147437 0.999959 0.00890825 0.00686502 0.0107405 -0.00892334 0.999902 -0.00758523 0.0 0.0 0.0 1.0
pumpkin/seq-06/color/frame-000229.color.png pumpkin/seq-06/color/frame-000231.color.png 0.999948 0.00198126 -0.00997972 -0.00136992 -0.00182895 0.999882 0.0152484 0.00534093 0.0100088 -0.0152296 0.999834 -0.0106901 0.0 0.0 0.0 1.0
pumpkin/seq-06/color/frame-000231.color.png pumpkin/seq-06/color/frame-000233.color.png 0.999986 0.000898383 -0.0052556 -0.00631567 -0.000836895 0.999931 0.0116844 0.00433713 0.00526571 -0.0116797 0.999918 -0.00793946 0.0 0.0 0.0 1.0
pumpkin/seq-06/color/frame-000233.color.png pumpkin/seq-06/color/frame-000235.color.png 0.99996 -0.00124116 -0.00882592 -0.00553431 0.00127251 0.999993 0.00354667 0.0124153 0.00882146 -0.00355768 0.999955 -0.00576866 0.0 0.0 0.0 1.0
pumpkin/seq-06/color/frame-000235.color.png pumpkin/seq-06/color/frame-000237.color.png 0.999972 -0.00350607 -0.0066447 -0.00704575 0.00355628 0.999965 0.00755992 0.0037297 0.00661796 -0.00758342 0.999949 -0.00893328 0.0 0.0 0.0 1.0
pumpkin/seq-06/color/frame-000237.color.png pumpkin/seq-06/color/frame-000239.color.png 0.999987 -0.00100284 -0.00490804 -0.0103686 0.00106963 0.999906 0.0136279 -3.37064e-05 0.00489394 -0.013633 0.999895 -0.0108555 0.0 0.0 0.0 1.0
pumpkin/seq-06/color/frame-000239.color.png pumpkin/seq-06/color/frame-000241.color.png 0.999986 -0.000949147 -0.00515577 -0.0131894 0.00105353 0.999794 0.0202808 0.00105277 0.00513544 -0.0202857 0.999781 -0.0214207 0.0 0.0 0.0 1.0
pumpkin/seq-06/color/frame-000241.color.png pumpkin/seq-06/color/frame-000243.color.png 0.999977 -0.00476993 -0.00479441 -0.0164954 0.00480754 0.999958 0.00786694 0.00873029 0.00475668 -0.00788999 0.999958 -0.00684974 0.0 0.0 0.0 1.0
pumpkin/seq-06/color/frame-000243.color.png pumpkin/seq-06/color/frame-000245.color.png 0.999991 -0.00418961 -0.000767663 -0.0135756 0.00419366 0.999977 0.00534845 0.00746244 0.000745228 -0.00535153 0.999985 -0.00838816 0.0 0.0 0.0 1.0
pumpkin/seq-06/color/frame-000245.color.png pumpkin/seq-06/color/frame-000247.color.png 0.999994 -0.00323851 0.00122966 -0.0135839 0.00322664 0.999949 0.00952767 -0.00322649 -0.00126046 -0.00952355 0.999954 -0.0173151 0.0 0.0 0.0 1.0
pumpkin/seq-06/color/frame-000247.color.png pumpkin/seq-06/color/frame-000249.color.png 0.999999 0.000517021 -0.00103561 -0.00389653 -0.000515321 0.999998 0.00162143 0.01648 0.00103645 -0.0016209 0.999998 -0.0110769 0.0 0.0 0.0 1.0
pumpkin/seq-06/color/frame-000249.color.png pumpkin/seq-06/color/frame-000251.color.png 0.999968 -0.00794723 6.7281e-05 -0.0121996 0.00794673 0.999953 0.00562807 0.0103623 -0.000112011 -0.00562747 0.999984 -0.0100766 0.0 0.0 0.0 1.0
pumpkin/seq-06/color/frame-000251.color.png pumpkin/seq-06/color/frame-000253.color.png 0.999963 -0.00770326 0.00383927 -0.0184328 0.00765939 0.999907 0.0113144 0.0113203 -0.00392606 -0.0112844 0.999929 -0.0217251 0.0 0.0 0.0 1.0
pumpkin/seq-06/color/frame-000253.color.png pumpkin/seq-06/color/frame-000255.color.png 0.999975 -0.00709367 0.000432969 -0.00889719 0.00708791 0.999901 0.0121235 0.00503749 -0.000518942 -0.0121202 0.999926 -0.0160753 0.0 0.0 0.0 1.0
pumpkin/seq-06/color/frame-000255.color.png pumpkin/seq-06/color/frame-000257.color.png 0.999987 -0.00483354 0.0013982 -0.00472198 0.00482356 0.999963 0.00705046 0.00940877 -0.00143223 -0.00704356 0.999974 -0.0127791 0.0 0.0 0.0 1.0
pumpkin/seq-06/color/frame-000257.color.png pumpkin/seq-06/color/frame-000259.color.png 0.99997 -0.0077296 -6.27119e-05 -0.0145594 0.00772985 0.999948 0.0066761 0.00474438 1.11408e-05 -0.00667644 0.999978 -0.0113483 0.0 0.0 0.0 1.0
pumpkin/seq-06/color/frame-000259.color.png pumpkin/seq-06/color/frame-000261.color.png 0.999995 -0.00230417 0.00218605 -0.00214374 0.00228617 0.999964 0.0081957 0.0079428 -0.00220488 -0.00819061 0.999964 -0.0143154 0.0 0.0 0.0 1.0
pumpkin/seq-06/color/frame-000261.color.png pumpkin/seq-06/color/frame-000263.color.png 0.99998 -0.00313089 0.00551719 -0.00966775 0.0030929 0.999972 0.00687982 0.0102343 -0.00553856 -0.00686266 0.999961 -0.0116408 0.0 0.0 0.0 1.0
pumpkin/seq-06/color/frame-000263.color.png pumpkin/seq-06/color/frame-000265.color.png 0.99998 -0.00309255 0.00556624 -0.00718485 0.00298502 0.999811 0.0192279 0.0052053 -0.00562465 -0.0192108 0.9998 -0.018782 0.0 0.0 0.0 1.0
pumpkin/seq-06/color/frame-000265.color.png pumpkin/seq-06/color/frame-000267.color.png 0.999985 -0.00282081 0.00461343 -0.0052688 0.00280367 0.999989 0.00371721 0.0107315 -0.00462387 -0.00370413 0.999982 -0.0101829 0.0 0.0 0.0 1.0
pumpkin/seq-06/color/frame-000267.color.png pumpkin/seq-06/color/frame-000269.color.png 0.999987 -0.00228132 0.00455128 -0.00491449 0.00226972 0.999994 0.00255496 0.00621179 -0.0045571 -0.00254459 0.999986 -0.010796 0.0 0.0 0.0 1.0
pumpkin/seq-06/color/frame-000269.color.png pumpkin/seq-06/color/frame-000271.color.png 0.999995 -0.00127964 0.00297276 -0.003656 0.00130396 0.999966 -0.00820342 0.0194109 -0.00296213 0.00820722 0.999962 0.000648007 0.0 0.0 0.0 1.0
pumpkin/seq-06/color/frame-000271.color.png pumpkin/seq-06/color/frame-000273.color.png 0.999994 0.000131305 0.00348316 0.00103144 -0.000124775 0.999998 -0.00186555 0.00556281 -0.00348344 0.00186503 0.999992 -0.0166495 0.0 0.0 0.0 1.0
pumpkin/seq-06/color/frame-000273.color.png pumpkin/seq-06/color/frame-000275.color.png 0.999999 0.00071234 0.00149648 -0.00161856 -0.00071406 0.999999 0.00114437 0.00335041 -0.00149568 -0.00114541 0.999998 -0.013048 0.0 0.0 0.0 1.0
pumpkin/seq-06/color/frame-000275.color.png pumpkin/seq-06/color/frame-000277.color.png 0.99999 0.0028882 0.0033743 -0.00325023 -0.00287449 0.999988 -0.00405619 0.015974 -0.00338597 0.00404645 0.999986 -0.00845648 0.0 0.0 0.0 1.0
pumpkin/seq-06/color/frame-000277.color.png pumpkin/seq-06/color/frame-000279.color.png 0.999983 -0.000851655 -0.00568799 -0.00103286 0.00083864 0.999997 -0.00228244 0.000769943 0.00568993 0.00227764 0.999981 -0.00873004 0.0 0.0 0.0 1.0
pumpkin/seq-06/color/frame-000279.color.png pumpkin/seq-06/color/frame-000281.color.png 0.999991 0.00106747 -0.00416635 0.00280459 -0.00108533 0.99999 -0.00429699 0.00926113 0.00416171 0.00430145 0.999982 -0.0029764 0.0 0.0 0.0 1.0
pumpkin/seq-06/color/frame-000281.color.png pumpkin/seq-06/color/frame-000283.color.png 0.999995 0.00298508 2.2671e-05 -0.00497517 -0.00298465 0.99993 -0.0114855 0.0107914 -5.6917e-05 0.0114853 0.999934 0.0096771 0.0 0.0 0.0 1.0
pumpkin/seq-06/color/frame-000283.color.png pumpkin/seq-06/color/frame-000285.color.png 0.999989 0.00404761 0.00256074 -0.00759549 -0.00400657 0.999867 -0.0158365 0.00462437 -0.00262452 0.0158261 0.999871 0.00166425 0.0 0.0 0.0 1.0
pumpkin/seq-06/color/frame-000285.color.png pumpkin/seq-06/color/frame-000287.color.png 0.999998 0.00195622 -7.4337e-05 -0.00542158 -0.00195712 0.999882 -0.0152683 -0.00323626 4.44938e-05 0.0152684 0.999883 -0.00844084 0.0 0.0 0.0 1.0
pumpkin/seq-06/color/frame-000287.color.png pumpkin/seq-06/color/frame-000289.color.png 0.999973 0.00164976 0.00713524 -0.0056695 -0.00148393 0.99973 -0.0231843 0.00948617 -0.00717159 0.0231732 0.999706 0.00780423 0.0 0.0 0.0 1.0
pumpkin/seq-06/color/frame-000289.color.png pumpkin/seq-06/color/frame-000291.color.png 0.999987 0.00262788 0.00439188 -0.000978664 -0.00257189 0.999916 -0.0127007 0.00510028 -0.00442491 0.0126892 0.99991 -0.00378989 0.0 0.0 0.0 1.0
pumpkin/seq-06/color/frame-000291.color.png pumpkin/seq-06/color/frame-000293.color.png 0.999992 0.00173784 0.0037021 -0.00485899 -0.00164866 0.999711 -0.0239685 0.00832623 -0.00374264 0.0239621 0.999706 0.00500257 0.0 0.0 0.0 1.0
pumpkin/seq-06/color/frame-000293.color.png pumpkin/seq-06/color/frame-000295.color.png 0.999999 0.00128313 2.68456e-05 0.00382929 -0.0012829 0.999977 -0.00671436 -0.00139916 -3.54976e-05 0.00671435 0.999977 -0.00906931 0.0 0.0 0.0 1.0
pumpkin/seq-06/color/frame-000295.color.png pumpkin/seq-06/color/frame-000297.color.png 0.999979 -0.00643953 0.000427778 -0.00719389 0.00644496 0.999878 -0.0142027 0.00367555 -0.000336295 0.014205 0.999899 -0.00349157 0.0 0.0 0.0 1.0
pumpkin/seq-06/color/frame-000297.color.png pumpkin/seq-06/color/frame-000299.color.png 0.999997 0.00183916 0.0013945 -0.000579715 -0.00183093 0.999981 -0.00586627 0.00400904 -0.00140526 0.00586381 0.999982 -0.0017269 0.0 0.0 0.0 1.0
pumpkin/seq-06/color/frame-000299.color.png pumpkin/seq-06/color/frame-000301.color.png 0.999981 -0.000824817 0.00612898 -0.00532532 0.000831989 0.999999 -0.001168 -0.000608891 -0.00612801 0.00117309 0.999981 -0.00927333 0.0 0.0 0.0 1.0
pumpkin/seq-06/color/frame-000301.color.png pumpkin/seq-06/color/frame-000303.color.png 1.0 5.04503e-05 1.57511e-05 -0.00172813 -5.03075e-05 0.999955 -0.00947213 0.0149195 -1.62238e-05 0.00947208 0.999955 0.00173766 0.0 0.0 0.0 1.0
pumpkin/seq-06/color/frame-000303.color.png pumpkin/seq-06/color/frame-000305.color.png 1.0 0.000722711 -0.00052056 0.000316292 -0.000720502 0.999991 0.00429106 -0.00183827 0.000523682 -0.00429058 0.999991 -0.0118222 0.0 0.0 0.0 1.0
pumpkin/seq-06/color/frame-000305.color.png pumpkin/seq-06/color/frame-000307.color.png 0.999985 -0.001281 -0.00524723 -0.00258875 0.0013003 0.999992 0.00367318 0.00529224 0.00524248 -0.00368 0.99998 -0.0023844 0.0 0.0 0.0 1.0
pumpkin/seq-06/color/frame-000307.color.png pumpkin/seq-06/color/frame-000309.color.png 0.999995 -0.000721211 0.00318575 -0.00781131 0.000707732 0.999991 0.00421748 0.00423875 -0.00318877 -0.00421521 0.999986 -0.0063552 0.0 0.0 0.0 1.0
pumpkin/seq-06/color/frame-000309.color.png pumpkin/seq-06/color/frame-000311.color.png 0.999993 -0.00318144 -0.00215825 -0.00373465 0.00319765 0.999966 0.00754536 0.00973371 0.00213419 -0.00755223 0.999969 -0.010292 0.0 0.0 0.0 1.0
pumpkin/seq-06/color/frame-000311.color.png pumpkin/seq-06/color/frame-000313.color.png 0.999997 -0.00229142 -0.000296712 -0.00525945 0.00229311 0.999981 0.00578908 0.0124131 0.000283389 -0.00578965 0.999983 -0.00239774 0.0 0.0 0.0 1.0
pumpkin/seq-06/color/frame-000313.color.png pumpkin/seq-06/color/frame-000315.color.png 0.999986 -0.00503222 -0.00167672 -0.00764841 0.00504258 0.999968 0.00625339 0.0103402 0.00164521 -0.00626187 0.999979 -0.000844687 0.0 0.0 0.0 1.0
pumpkin/seq-06/color/frame-000315.color.png pumpkin/seq-06/color/frame-000317.color.png 0.999996 -0.00105232 0.00266665 -0.00522277 0.00103634 0.999982 0.00598738 0.00504442 -0.00267289 -0.00598446 0.999979 -0.00931186 0.0 0.0 0.0 1.0
pumpkin/seq-06/color/frame-000317.color.png pumpkin/seq-06/color/frame-000319.color.png 0.999999 -0.00147645 -0.000919718 -0.00200415 0.00147851 0.999996 0.00222809 0.0114224 0.000916447 -0.00222956 0.999997 -0.00211976 0.0 0.0 0.0 1.0
pumpkin/seq-06/color/frame-000319.color.png pumpkin/seq-06/color/frame-000321.color.png 0.999974 -0.00720337 0.000755912 -0.012371 0.00720332 0.999974 6.75043e-05 0.0156396 -0.000756402 -6.18762e-05 1.0 -0.00613749 0.0 0.0 0.0 1.0
pumpkin/seq-06/color/frame-000321.color.png pumpkin/seq-06/color/frame-000323.color.png 0.999995 0.000185224 -0.00331195 0.000436574 -0.000175872 0.999996 0.0028369 0.0101307 0.00331248 -0.00283639 0.999991 -0.00587096 0.0 0.0 0.0 1.0
pumpkin/seq-06/color/frame-000323.color.png pumpkin/seq-06/color/frame-000325.color.png 0.999997 -0.000699399 -0.00238762 -0.00221804 0.000714806 0.999979 0.00644223 0.0090415 0.00238304 -0.00644391 0.999976 -0.00431806 0.0 0.0 0.0 1.0
pumpkin/seq-06/color/frame-000325.color.png pumpkin/seq-06/color/frame-000327.color.png 0.999996 -0.0026425 -0.000658081 -0.0111371 0.00264578 0.999984 0.00501416 0.0107938 0.000644821 -0.00501584 0.999987 0.000519224 0.0 0.0 0.0 1.0
pumpkin/seq-06/color/frame-000327.color.png pumpkin/seq-06/color/frame-000329.color.png 0.99998 -0.00538991 -0.00329936 -0.00576484 0.00540718 0.999972 0.00525981 0.0035688 0.0032709 -0.00527758 0.999981 -0.00379076 0.0 0.0 0.0 1.0
pumpkin/seq-06/color/frame-000329.color.png pumpkin/seq-06/color/frame-000331.color.png 0.999961 -0.00691682 -0.00546024 -0.00457227 0.00692069 0.999976 0.000693768 0.0178589 0.00545533 -0.000731605 0.999985 0.00385272 0.0 0.0 0.0 1.0
pumpkin/seq-06/color/frame-000331.color.png pumpkin/seq-06/color/frame-000333.color.png 0.999999 -0.00106356 0.000117788 -0.00490993 0.00106254 0.999963 0.0084907 0.00551741 -0.00012681 -0.00849055 0.999964 -0.00281546 0.0 0.0 0.0 1.0
pumpkin/seq-06/color/frame-000333.color.png pumpkin/seq-06/color/frame-000335.color.png 0.999993 -0.00191379 0.00309711 -0.0053356 0.00187469 0.999919 0.0125919 0.005624 -0.00312097 -0.0125859 0.999916 -0.0106044 0.0 0.0 0.0 1.0
pumpkin/seq-06/color/frame-000335.color.png pumpkin/seq-06/color/frame-000337.color.png 0.999995 -0.00185094 0.00265544 -0.00543925 0.00182962 0.999966 0.00801825 0.00959694 -0.00267017 -0.00801343 0.999964 -0.00538523 0.0 0.0 0.0 1.0
pumpkin/seq-06/color/frame-000337.color.png pumpkin/seq-06/color/frame-000339.color.png 0.999957 -0.00896351 0.00216845 -0.0103931 0.00893568 0.999882 0.0124942 0.00129744 -0.0022802 -0.0124743 0.99992 -0.0053143 0.0 0.0 0.0 1.0
pumpkin/seq-06/color/frame-000339.color.png pumpkin/seq-06/color/frame-000341.color.png 0.999987 -0.00368875 0.0033717 -0.00914493 0.0036632 0.999965 0.00756156 0.0105098 -0.00339945 -0.007549 0.999966 -0.0041416 0.0 0.0 0.0 1.0
pumpkin/seq-06/color/frame-000341.color.png pumpkin/seq-06/color/frame-000343.color.png 0.999973 -0.00736856 -0.00058257 -0.0106088 0.00737195 0.999955 0.00603706 0.0159704 0.000538048 -0.00604124 0.999982 0.00527659 0.0 0.0 0.0 1.0
