stairs/seq-03/color/frame-000000.color.png stairs/seq-03/color/frame-000002.color.png 0.999985 -0.0032788 -0.00434969 0.00400379 0.00326108 0.999986 -0.00407593 -0.00144056 0.00436299 0.00406168 0.999982 -0.000846145 0.0 0.0 0.0 1.0
stairs/seq-03/color/frame-000001.color.png stairs/seq-03/color/frame-000003.color.png 0.999995 -0.00303572 -0.000948274 0.00107101 0.00303397 0.999994 -0.00184405 0.000405527 0.000953866 0.00184117 0.999998 0.000552267 0.0 0.0 0.0 1.0
stairs/seq-03/color/frame-000002.color.png stairs/seq-03/color/frame-000004.color.png 0.999994 -0.00122025 0.00327775 -0.00293883 0.00122161 0.999999 -0.000412516 -0.00126761 -0.00327725 0.000416518 0.999995 0.0025477 0.0 0.0 0.0 1.0
stairs/seq-03/color/frame-000003.color.png stairs/seq-03/color/frame-000005.color.png 0.999997 -0.00177577 -0.00138577 0.00345036 0.00177319 0.999997 -0.00186193 -0.00071698 0.00138907 0.00185947 0.999997 -0.00182161 0.0 0.0 0.0 1.0
stairs/seq-03/color/frame-000004.color.png stairs/seq-03/color/frame-000006.color.png 0.999995 -0.00216635 -0.00240575 0.00489658 0.00216123 0.999995 -0.00212526 9.38757e-05 0.00241035 0.00212005 0.999995 0.000185731 0.0 0.0 0.0 1.0
stairs/seq-03/color/frame-000005.color.png stairs/seq-03/color/frame-000007.color.png 0.999998 -0.00202912 0.000804116 -0.00149608 0.00203224 0.99999 -0.00390358 0.00543246 -0.000796187 0.0039052 0.999992 0.00469781 0.0 0.0 0.0 1.0
stairs/seq-03/color/frame-000006.color.png stairs/seq-03/color/frame-000008.color.png 1.0 0.000100401 0.00091705 -0.00371164 -9.91145e-05 0.999999 -0.00140253 0.00102979 -0.00091719 0.00140243 0.999999 0.00471353 0.0 0.0 0.0 1.0
stairs/seq-03/color/frame-000007.color.png stairs/seq-03/color/frame-000009.color.png 0.999996 0.000726145 -0.00255913 0.00261422 -0.000722904 0.999999 0.00126733 -0.00409425 0.00256005 -0.00126548 0.999996 0.00236726 0.0 0.0 0.0 1.0
stairs/seq-03/color/frame-000008.color.png stairs/seq-03/color/frame-000010.color.png 0.999993 0.00126482 -0.00342184 0.00490694 -0.00127195 0.999997 -0.00208067 -0.001993 0.0034192 0.00208501 0.999992 0.000566524 0.0 0.0 0.0 1.0
stairs/seq-03/color/frame-000009.color.png stairs/seq-03/color/frame-000011.color.png 0.999984 0.00288261 -0.00486906 0.00336801 -0.00290845 0.999982 -0.00530768 -0.00276048 0.00485368 0.00532176 0.999974 0.000645397 0.0 0.0 0.0 1.0
stairs/seq-03/color/frame-000010.color.png stairs/seq-03/color/frame-000012.color.png 0.999989 0.00289639 -0.00365884 0.0012244 -0.00291301 0.999985 -0.00454614 -0.00339094 0.00364562 0.00455675 0.999983 0.00241878 0.0 0.0 0.0 1.0
stairs/seq-03/color/frame-000011.color.png stairs/seq-03/color/frame-000013.color.png 0.999967 -0.00102458 -0.00805367 0.0111614 0.000993173 0.999992 -0.00390291 0.00193944 0.0080576 0.00389478 0.99996 -0.00196739 0.0 0.0 0.0 1.0
stairs/seq-03/color/frame-000012.color.png stairs/seq-03/color/frame-000014.color.png 0.999913 -0.00218328 -0.0130015 0.0162354 0.00210738 0.999981 -0.00584837 0.00228245 0.013014 0.00582046 0.999898 0.00071942 0.0 0.0 0.0 1.0
stairs/seq-03/color/frame-000013.color.png stairs/seq-03/color/frame-000015.color.png 0.999925 -0.000676565 -0.0122376 0.0121417 0.000575941 0.999966 -0.00822418 -0.00273282 0.0122428 0.00821652 0.999891 0.0081469 0.0 0.0 0.0 1.0
stairs/seq-03/color/frame-000014.color.png stairs/seq-03/color/frame-000016.color.png 0.999902 -0.00387923 -0.0134527 0.0134449 0.0037814 0.999966 -0.00728955 0.00261035 0.0134806 0.00723796 0.999883 0.00684789 0.0 0.0 0.0 1.0
stairs/seq-03/color/frame-000015.color.png stairs/seq-03/color/frame-000017.color.png 0.999876 -0.00673821 -0.0142502 0.016519 0.00674073 0.999977 0.000128515 -0.000855756 0.014249 -0.000224556 0.999898 0.00623 0.0 0.0 0.0 1.0
stairs/seq-03/color/frame-000016.color.png stairs/seq-03/color/frame-000018.color.png 0.999904 -0.00196393 -0.0136964 0.0181842 0.00200761 0.999993 0.00317581 -0.000537254 0.0136901 -0.00320301 0.999901 0.00347096 0.0 0.0 0.0 1.0
stairs/seq-03/color/frame-000017.color.png stairs/seq-03/color/frame-000019.color.png 0.999979 0.00180019 -0.00616296 0.0188581 -0.0017751 0.99999 0.00407454 -0.00502884 0.00617022 -0.00406351 0.999973 0.000832634 0.0 0.0 0.0 1.0
stairs/seq-03/color/frame-000018.color.png stairs/seq-03/color/frame-000020.color.png 0.999946 0.000453038 -0.0104251 0.0136772 -0.000403783 0.999989 0.00472633 -0.00235401 0.0104271 -0.00472187 0.999934 0.00748698 0.0 0.0 0.0 1.0
stairs/seq-03/color/frame-000019.color.png stairs/seq-03/color/frame-000021.color.png 0.999955 0.00657684 -0.00686821 0.0126553 -0.0065595 0.999975 0.00254531 -0.0022863 0.00688478 -0.00250015 0.999973 0.00588428 0.0 0.0 0.0 1.0
stairs/seq-03/color/frame-000020.color.png stairs/seq-03/color/frame-000022.color.png 0.999991 -0.00249041 -0.00326972 0.0159094 0.0024778 0.99999 -0.00385338 -0.00319794 0.00327927 0.00384525 0.999987 0.00316278 0.0 0.0 0.0 1.0
stairs/seq-03/color/frame-000021.color.png stairs/seq-03/color/frame-000023.color.png 0.999885 -0.0111788 -0.0102149 0.00947829 0.0111694 0.999937 -0.000971251 -0.00477757 0.0102251 0.000857042 0.999947 0.00510974 0.0 0.0 0.0 1.0
stairs/seq-03/color/frame-000022.color.png stairs/seq-03/color/frame-000024.color.png 0.999962 -0.00555352 -0.00672433 0.0136022 0.00557191 0.999981 0.00271923 -0.00752732 0.00670912 -0.0027566 0.999974 0.00520597 0.0 0.0 0.0 1.0
stairs/seq-03/color/frame-000023.color.png stairs/seq-03/color/frame-000025.color.png 0.999994 -0.000452227 0.00326571 -0.000498243 0.000455762 0.999999 -0.00108173 0.000670701 -0.00326518 0.00108321 0.999994 0.0234077 0.0 0.0 0.0 1.0
stairs/seq-03/color/frame-000024.color.png stairs/seq-03/color/frame-000026.color.png 0.999988 0.00468455 0.0015971 -0.000367425 -0.00467619 0.999976 -0.00519604 -0.00194252 -0.00162144 0.0051885 0.999985 0.0182881 0.0 0.0 0.0 1.0
stairs/seq-03/color/frame-000025.color.png stairs/seq-03/color/frame-000027.color.png 0.999962 0.00832519 0.00273324 0.00466518 -0.00831994 0.999963 -0.00192944 -0.00911595 -0.00274921 0.00190663 0.999994 0.0223396 0.0 0.0 0.0 1.0
stairs/seq-03/color/frame-000026.color.png stairs/seq-03/color/frame-000028.color.png 0.99994 0.00914809 0.00609141 0.000282474 -0.00914451 0.999958 -0.000615286 -0.00889985 -0.00609678 0.00055955 0.999981 0.0305431 0.0 0.0 0.0 1.0
stairs/seq-03/color/frame-000027.color.png stairs/seq-03/color/frame-000029.color.png 0.99999 0.00107847 0.00444058 -0.00259405 -0.00107759 0.999999 -0.000202421 -0.0110778 -0.0044408 0.000197629 0.99999 0.0288295 0.0 0.0 0.0 1.0
stairs/seq-03/color/frame-000028.color.png stairs/seq-03/color/frame-000030.color.png 0.999999 -0.00137776 -0.00078073 0.00712378 0.00137624 0.999997 -0.00194067 -0.00616725 0.000783405 0.0019396 0.999998 0.0218432 0.0 0.0 0.0 1.0
stairs/seq-03/color/frame-000029.color.png stairs/seq-03/color/frame-000031.color.png 0.999985 0.00360999 0.00405535 0.00521308 -0.00357855 0.999964 -0.00773413 -0.00469447 -0.00408312 0.0077195 0.999962 0.0247535 0.0 0.0 0.0 1.0
stairs/seq-03/color/frame-000030.color.png stairs/seq-03/color/frame-000032.color.png 0.999937 0.00295434 0.0108186 -0.00243758 -0.00287653 0.99997 -0.00720037 -0.00824885 -0.0108396 0.0071688 0.999916 0.0341305 0.0 0.0 0.0 1.0
stairs/seq-03/color/frame-000031.color.png stairs/seq-03/color/frame-000033.color.png 0.99999 -0.000177517 0.0045415 -0.00175368 0.000194871 0.999993 -0.00382094 -0.00917878 -0.00454078 0.00382179 0.999982 0.0253608 0.0 0.0 0.0 1.0
stairs/seq-03/color/frame-000032.color.png stairs/seq-03/color/frame-000034.color.png 0.999993 -0.00155583 0.00326032 0.00168397 0.00155202 0.999998 0.00116902 -0.0278872 -0.00326213 -0.00116394 0.999994 0.0147453 0.0 0.0 0.0 1.0
stairs/seq-03/color/frame-000033.color.png stairs/seq-03/color/frame-000035.color.png 0.999989 -0.00433287 0.0019757 0.00941623 0.00433635 0.999989 -0.00176145 -0.0206331 -0.00196804 0.00177 0.999996 0.0123021 0.0 0.0 0.0 1.0
stairs/seq-03/color/frame-000034.color.png stairs/seq-03/color/frame-000036.color.png 0.99998 -0.00413065 0.00470214 -0.00313511 0.00415165 0.999981 -0.00446639 -0.00655274 -0.00468361 0.00448583 0.999979 0.026329 0.0 0.0 0.0 1.0
stairs/seq-03/color/frame-000035.color.png stairs/seq-03/color/frame-000037.color.png 0.999997 0.0024504 0.000233567 -0.0002793 -0.00244992 0.999995 -0.00207231 -0.0103737 -0.00023864 0.00207174 0.999998 0.0229419 0.0 0.0 0.0 1.0
stairs/seq-03/color/frame-000036.color.png stairs/seq-03/color/frame-000038.color.png 0.999997 0.00249837 0.000156515 -0.00215124 -0.00249787 0.999992 -0.0030893 -0.00945206 -0.00016424 0.00308889 0.999995 0.0163365 0.0 0.0 0.0 1.0
stairs/seq-03/color/frame-000037.color.png stairs/seq-03/color/frame-000039.color.png 1.0 0.00014449 0.000736514 -0.0031719 -0.000143234 0.999998 -0.00170354 -0.00898171 -0.000736764 0.00170342 0.999998 0.0166256 0.0 0.0 0.0 1.0
stairs/seq-03/color/frame-000038.color.png stairs/seq-03/color/frame-000040.color.png 0.999981 -0.000414001 0.00621719 -0.0079333 0.000421304 0.999999 -0.00117338 -0.0156467 -0.00621669 0.00117599 0.99998 0.0191701 0.0 0.0 0.0 1.0
stairs/seq-03/color/frame-000039.color.png stairs/seq-03/color/frame-000041.color.png 0.999938 -0.00601807 0.00934538 -0.00588427 0.00601408 0.999982 0.000455713 -0.0164263 -0.00934795 -0.000399459 0.999956 0.022958 0.0 0.0 0.0 1.0
stairs/seq-03/color/frame-000040.color.png stairs/seq-03/color/frame-000042.color.png 0.999944 -0.00605639 0.00863049 -0.00658631 0.00602881 0.999977 0.00321823 -0.00723107 -0.00864979 -0.00316603 0.999958 0.0251386 0.0 0.0 0.0 1.0
stairs/seq-03/color/frame-000041.color.png stairs/seq-03/color/frame-000043.color.png 0.999953 0.00341472 0.00909124 -0.00287762 -0.00346787 0.999977 0.00583697 -0.0105646 -0.0090711 -0.00586823 0.999942 0.0166124 0.0 0.0 0.0 1.0
stairs/seq-03/color/frame-000042.color.png stairs/seq-03/color/frame-000044.color.png 0.99997 0.00562406 0.00529797 -0.000615582 -0.00565037 0.999972 0.00496272 -0.0113652 -0.00526991 -0.0049925 0.999974 0.0155021 0.0 0.0 0.0 1.0
stairs/seq-03/color/frame-000043.color.png stairs/seq-03/color/frame-000045.color.png 0.999997 0.00236694 -0.00111189 0.00228752 -0.00236908 0.999995 -0.00192099 -0.00174522 0.00110733 0.00192362 0.999997 0.0187108 0.0 0.0 0.0 1.0
stairs/seq-03/color/frame-000044.color.png stairs/seq-03/color/frame-000046.color.png 0.999998 0.00197272 -0.00045506 0.00751723 -0.00197286 0.999998 -0.000320096 -0.00543667 0.000454421 0.000320985 1.0 0.0252709 0.0 0.0 0.0 1.0
stairs/seq-03/color/frame-000045.color.png stairs/seq-03/color/frame-000047.color.png 0.999992 -0.000874662 -0.00383102 0.0137939 0.000872623 0.999999 -0.000533656 -0.00827643 0.00383148 0.000530311 0.999993 0.021145 0.0 0.0 0.0 1.0
stairs/seq-03/color/frame-000046.color.png stairs/seq-03/color/frame-000048.color.png 0.999955 -0.00238946 -0.00916829 0.0165199 0.00236978 0.999995 -0.00215752 -0.00506601 0.00917341 0.0021357 0.999956 0.0204116 0.0 0.0 0.0 1.0
stairs/seq-03/color/frame-000047.color.png stairs/seq-03/color/frame-000049.color.png 0.999944 -0.000662427 -0.0105931 0.0181172 0.000641936 0.999998 -0.00193769 0.00151084 0.0105944 0.00193079 0.999942 0.0243361 0.0 0.0 0.0 1.0
stairs/seq-03/color/frame-000048.color.png stairs/seq-03/color/frame-000050.color.png 0.999951 0.000554549 -0.00984224 0.0254846 -0.000572818 0.999998 -0.00185365 -0.00642578 0.00984119 0.00185919 0.99995 0.0204463 0.0 0.0 0.0 1.0
stairs/seq-03/color/frame-000049.color.png stairs/seq-03/color/frame-000051.color.png 0.999963 0.00338441 -0.007935 0.0298312 -0.00340712 0.99999 -0.00284931 -0.00317019 0.00792526 0.00287624 0.999965 0.0199571 0.0 0.0 0.0 1.0
stairs/seq-03/color/frame-000050.color.png stairs/seq-03/color/frame-000052.color.png 0.999931 0.00396191 -0.011108 0.0308669 -0.00390787 0.99998 0.00488254 -0.003839 0.0111272 -0.0048388 0.999926 0.0234556 0.0 0.0 0.0 1.0
stairs/seq-03/color/frame-000051.color.png stairs/seq-03/color/frame-000053.color.png 0.999931 0.00116559 -0.0117147 0.0337284 -0.00100176 0.999902 0.0139811 -0.0121454 0.0117298 -0.0139684 0.999834 0.0250069 0.0 0.0 0.0 1.0
stairs/seq-03/color/frame-000052.color.png stairs/seq-03/color/frame-000054.color.png 0.999967 -0.00057846 -0.00813799 0.0326027 0.000612014 0.999991 0.0041213 -0.00137833 0.00813554 -0.00412614 0.999958 0.0289528 0.0 0.0 0.0 1.0
stairs/seq-03/color/frame-000053.color.png stairs/seq-03/color/frame-000055.color.png 0.999886 0.00469754 -0.0143672 0.0423522 -0.00471383 0.999988 -0.00109977 -0.00586349 0.0143619 0.00116738 0.999896 0.0340095 0.0 0.0 0.0 1.0
stairs/seq-03/color/frame-000054.color.png stairs/seq-03/color/frame-000056.color.png 0.999747 0.00611426 -0.0216645 0.0488436 -0.00617703 0.999977 -0.00283195 -0.0104683 0.0216466 0.00296505 0.999761 0.026669 0.0 0.0 0.0 1.0
stairs/seq-03/color/frame-000055.color.png stairs/seq-03/color/frame-000057.color.png 0.999827 0.000329969 -0.0186109 0.0395741 -0.00040414 0.999992 -0.0039817 -0.00721686 0.0186094 0.00398853 0.999819 0.0210654 0.0 0.0 0.0 1.0
stairs/seq-03/color/frame-000056.color.png stairs/seq-03/color/frame-000058.color.png 0.99987 -0.00473756 -0.0154045 0.0394685 0.00474202 0.999989 0.000253246 -0.00411668 0.0154032 -0.000326263 0.999881 0.017084 0.0 0.0 0.0 1.0
stairs/seq-03/color/frame-000057.color.png stairs/seq-03/color/frame-000059.color.png 0.999833 -0.00842244 -0.0162205 0.0388568 0.00843494 0.999964 0.000702356 -0.00671232 0.0162141 -0.000839053 0.999868 0.0115691 0.0 0.0 0.0 1.0
stairs/seq-03/color/frame-000058.color.png stairs/seq-03/color/frame-000060.color.png 0.999812 -0.00915109 -0.0171187 0.0377532 0.0091319 0.999958 -0.00119902 -0.00696205 0.0171289 0.00104247 0.999853 0.0168009 0.0 0.0 0.0 1.0
stairs/seq-03/color/frame-000059.color.png stairs/seq-03/color/frame-000061.color.png 0.999812 -0.00662107 -0.0182254 0.0395098 0.00658562 0.999976 -0.00200463 -0.0010473 0.0182382 0.00188422 0.999832 0.0189645 0.0 0.0 0.0 1.0
stairs/seq-03/color/frame-000060.color.png stairs/seq-03/color/frame-000062.color.png 0.99981 0.000292301 -0.0194823 0.0406772 -0.000396224 0.999986 -0.00533054 0.00801401 0.0194805 0.00533724 0.999796 0.0128785 0.0 0.0 0.0 1.0
stairs/seq-03/color/frame-000061.color.png stairs/seq-03/color/frame-000063.color.png 0.999804 0.00088494 -0.0197564 0.0385868 -0.000957824 0.999993 -0.00367995 0.000773251 0.0197529 0.00369815 0.999798 0.00805643 0.0 0.0 0.0 1.0
stairs/seq-03/color/frame-000062.color.png stairs/seq-03/color/frame-000064.color.png 0.999862 0.0043076 -0.0160125 0.0338013 -0.0043705 0.999983 -0.00389504 0.00207722 0.0159954 0.0039645 0.999864 0.0104609 0.0 0.0 0.0 1.0
stairs/seq-03/color/frame-000063.color.png stairs/seq-03/color/frame-000065.color.png 0.99995 0.00223752 -0.00971948 0.0300972 -0.00225335 0.999996 -0.00161834 0.00343925 0.00971591 0.00164017 0.999951 0.0143429 0.0 0.0 0.0 1.0
stairs/seq-03/color/frame-000064.color.png stairs/seq-03/color/frame-000066.color.png 0.999957 -0.00109908 -0.00923762 0.0266138 0.00107635 0.999996 -0.0024649 0.00193542 0.00924029 0.00245484 0.999954 0.00306809 0.0 0.0 0.0 1.0
stairs/seq-03/color/frame-000065.color.png stairs/seq-03/color/frame-000067.color.png 0.999915 0.00469514 -0.0122007 0.0261433 -0.00474367 0.999981 -0.0039514 0.00383192 0.0121819 0.00400894 0.999918 0.0101859 0.0 0.0 0.0 1.0
stairs/seq-03/color/frame-000066.color.png stairs/seq-03/color/frame-000068.color.png 0.999946 0.00259491 -0.0100389 0.0210854 -0.00266956 0.999969 -0.00743009 0.0098183 0.0100193 0.00745651 0.999922 0.0114525 0.0 0.0 0.0 1.0
stairs/seq-03/color/frame-000067.color.png stairs/seq-03/color/frame-000069.color.png 0.99995 -0.00342203 -0.00939042 0.0232152 0.00338512 0.999986 -0.00394425 0.00362398 0.00940381 0.00391226 0.999948 0.00155562 0.0 0.0 0.0 1.0
stairs/seq-03/color/frame-000068.color.png stairs/seq-03/color/frame-000070.color.png 0.999909 -0.00203014 -0.0133235 0.0306582 0.00206146 0.999995 0.00233677 -0.00429267 0.0133187 -0.00236403 0.999909 0.000822067 0.0 0.0 0.0 1.0
stairs/seq-03/color/frame-000069.color.png stairs/seq-03/color/frame-000071.color.png 0.999989 -0.00435589 -0.00147788 0.0137252 0.00435311 0.999989 -0.00188026 -0.00346889 0.00148601 0.00187381 0.999997 0.00820106 0.0 0.0 0.0 1.0
stairs/seq-03/color/frame-000070.color.png stairs/seq-03/color/frame-000072.color.png 0.999933 -0.00962794 0.00638018 0.0042505 0.00962284 0.999953 0.000828527 -0.00195083 -0.0063879 -0.000767077 0.999979 0.0155704 0.0 0.0 0.0 1.0
stairs/seq-03/color/frame-000071.color.png stairs/seq-03/color/frame-000073.color.png 0.999984 -0.00303477 -0.00486463 0.0162516 0.00307444 0.999962 0.00816919 -0.00953874 0.00483969 -0.00818401 0.999955 0.00901532 0.0 0.0 0.0 1.0
stairs/seq-03/color/frame-000072.color.png stairs/seq-03/color/frame-000074.color.png 0.999995 0.00320304 -0.000102287 0.00791997 -0.00320229 0.999973 0.00659273 -0.00968128 0.000123438 -0.00659237 0.999978 0.0123564 0.0 0.0 0.0 1.0
stairs/seq-03/color/frame-000073.color.png stairs/seq-03/color/frame-000075.color.png 0.999922 0.00606429 0.0109378 0.000474572 -0.00604671 0.99998 -0.0016406 0.0024128 -0.0109476 0.00157434 0.999939 0.0195418 0.0 0.0 0.0 1.0
stairs/seq-03/color/frame-000074.color.png stairs/seq-03/color/frame-000076.color.png 0.999893 0.00386202 0.0141067 -0.00223863 -0.00382848 0.99999 -0.0024044 -0.00174509 -0.0141159 0.00235015 0.999898 0.0217462 0.0 0.0 0.0 1.0
stairs/seq-03/color/frame-000075.color.png stairs/seq-03/color/frame-000077.color.png 0.999833 0.00280589 0.0180671 -0.0043605 -0.00282075 0.999996 0.000797067 -0.00320463 -0.0180648 -0.000847898 0.999836 0.0209618 0.0 0.0 0.0 1.0
stairs/seq-03/color/frame-000076.color.png stairs/seq-03/color/frame-000078.color.png 0.999779 0.0126332 0.016785 0.00365639 -0.0129636 0.999721 0.0197245 -0.0241295 -0.0165312 -0.0199377 0.999665 0.0183497 0.0 0.0 0.0 1.0
stairs/seq-03/color/frame-000077.color.png stairs/seq-03/color/frame-000079.color.png 0.999605 0.0241476 0.0143765 -0.00567049 -0.0244835 0.99942 0.0236683 -0.00662179 -0.0137966 -0.0240109 0.999617 0.0345854 0.0 0.0 0.0 1.0
stairs/seq-03/color/frame-000078.color.png stairs/seq-03/color/frame-000080.color.png 0.99975 0.0180019 0.0132831 -0.00291392 -0.0181385 0.999783 0.0102385 -0.00190344 -0.0130959 -0.0104768 0.999859 0.0361255 0.0 0.0 0.0 1.0
stairs/seq-03/color/frame-000079.color.png stairs/seq-03/color/frame-000081.color.png 0.999914 0.00305882 0.0127257 -0.0069626 -0.00305615 0.999995 -0.000228632 -0.012332 -0.0127263 0.000189719 0.999919 0.033694 0.0 0.0 0.0 1.0
stairs/seq-03/color/frame-000080.color.png stairs/seq-03/color/frame-000082.color.png 0.999992 0.0032436 0.00207777 0.000996113 -0.00323301 0.999982 -0.00507797 -0.00657801 -0.00209417 0.00507122 0.999985 0.0239596 0.0 0.0 0.0 1.0
stairs/seq-03/color/frame-000081.color.png stairs/seq-03/color/frame-000083.color.png 0.999875 0.0146091 0.00608871 0.00246581 -0.0145879 0.999887 -0.00350228 -0.00547321 -0.00613917 0.00341303 0.999975 0.0193645 0.0 0.0 0.0 1.0
stairs/seq-03/color/frame-000082.color.png stairs/seq-03/color/frame-000084.color.png 0.999841 0.0154574 0.00889984 -0.00490111 -0.0154634 0.99988 0.000607825 -0.00756337 -0.0088894 -0.000745355 0.99996 0.0269921 0.0 0.0 0.0 1.0
stairs/seq-03/color/frame-000083.color.png stairs/seq-03/color/frame-000085.color.png 0.999894 0.0144803 -0.00158036 0.00520724 -0.014468 0.999867 0.00749982 -0.0191638 0.00168873 -0.00747616 0.999971 0.01642 0.0 0.0 0.0 1.0
stairs/seq-03/color/frame-000084.color.png stairs/seq-03/color/frame-000086.color.png 0.999864 0.0164509 -0.000644841 0.0044367 -0.0164396 0.999756 0.0147455 -0.0238493 0.000887274 -0.0147329 0.999891 0.0159327 0.0 0.0 0.0 1.0
stairs/seq-03/color/frame-000085.color.png stairs/seq-03/color/frame-000087.color.png 0.999852 0.0168964 0.00328521 -0.00347704 -0.0169525 0.999697 0.0178666 -0.0168148 -0.00298232 -0.0179196 0.999835 0.0242264 0.0 0.0 0.0 1.0
stairs/seq-03/color/frame-000086.color.png stairs/seq-03/color/frame-000088.color.png 0.999819 0.0183849 0.00486942 -0.00309241 -0.0184386 0.999767 0.011228 -0.00605744 -0.00466185 -0.0113157 0.999925 0.0230448 0.0 0.0 0.0 1.0
stairs/seq-03/color/frame-000087.color.png stairs/seq-03/color/frame-000089.color.png 0.999726 0.012853 0.0195863 -0.0148582 -0.0130546 0.999863 0.0102007 -0.017753 -0.0194525 -0.0104536 0.999756 0.0262855 0.0 0.0 0.0 1.0
stairs/seq-03/color/frame-000088.color.png stairs/seq-03/color/frame-000090.color.png 0.999677 0.00528564 0.0248691 -0.0153667 -0.00570024 0.999845 0.0166289 -0.0283992 -0.0247773 -0.0167653 0.999552 0.0306055 0.0 0.0 0.0 1.0
stairs/seq-03/color/frame-000089.color.png stairs/seq-03/color/frame-000091.color.png 0.999918 0.00179653 0.0127194 -0.00651419 -0.00195949 0.999916 0.0128116 -0.0197533 -0.0126953 -0.0128355 0.999837 0.0188708 0.0 0.0 0.0 1.0
stairs/seq-03/color/frame-000090.color.png stairs/seq-03/color/frame-000092.color.png 0.999927 0.00621682 0.0103816 -0.00583887 -0.00632473 0.999926 0.0103941 -0.0161774 -0.0103162 -0.010459 0.999892 0.0172084 0.0 0.0 0.0 1.0
stairs/seq-03/color/frame-000091.color.png stairs/seq-03/color/frame-000093.color.png 0.999967 0.00452468 0.00675757 -0.00559002 -0.00458139 0.999954 0.00840033 -0.0109371 -0.00671927 -0.00843101 0.999942 0.0146481 0.0 0.0 0.0 1.0
stairs/seq-03/color/frame-000092.color.png stairs/seq-03/color/frame-000094.color.png 0.999833 0.0173579 0.00568617 0.00161192 -0.0174571 0.999688 0.0178902 -0.0184641 -0.00537383 -0.0179865 0.999824 0.00196636 0.0 0.0 0.0 1.0
stairs/seq-03/color/frame-000093.color.png stairs/seq-03/color/frame-000095.color.png 0.999683 0.0243328 0.00650975 0.00280604 -0.0245305 0.999179 0.0322511 -0.0320118 -0.00571962 -0.0324006 0.999458 0.00447071 0.0 0.0 0.0 1.0
stairs/seq-03/color/frame-000094.color.png stairs/seq-03/color/frame-000096.color.png 0.999878 0.015436 -0.00241175 0.00151178 -0.0153769 0.999621 0.0228486 -0.0109783 0.00276352 -0.0228087 0.999736 0.00901169 0.0 0.0 0.0 1.0
stairs/seq-03/color/frame-000095.color.png stairs/seq-03/color/frame-000097.color.png 0.999938 0.011091 -0.000831679 -0.00386742 -0.0110776 0.999832 0.0146266 -0.00288358 0.000993763 -0.0146165 0.999893 0.0139894 0.0 0.0 0.0 1.0
stairs/seq-03/color/frame-000096.color.png stairs/seq-03/color/frame-000098.color.png 0.999999 0.000956977 0.000749102 -0.00337797 -0.000963102 0.999966 0.00824519 -0.00939223 -0.000741207 -0.00824591 0.999966 0.0112161 0.0 0.0 0.0 1.0
stairs/seq-03/color/frame-000097.color.png stairs/seq-03/color/frame-000099.color.png 0.999961 -0.00639295 -0.00612027 0.00527546 0.00643167 0.999959 0.0063293 -0.0105086 0.00607955 -0.00636842 0.999961 0.00509632 0.0 0.0 0.0 1.0
stairs/seq-03/color/frame-000098.color.png stairs/seq-03/color/frame-000100.color.png 0.999971 -0.00664368 -0.00372551 0.00629666 0.00669279 0.999889 0.0133359 -0.021045 0.00363651 -0.0133605 0.999904 6.181e-05 0.0 0.0 0.0 1.0
stairs/seq-03/color/frame-000099.color.png stairs/seq-03/color/frame-000101.color.png 0.999985 -0.00503847 -0.00199704 0.00654244 0.00507047 0.999853 0.0163492 -0.024834 0.00191436 -0.0163591 0.999864 0.00203902 0.0 0.0 0.0 1.0
stairs/seq-03/color/frame-000100.color.png stairs/seq-03/color/frame-000102.color.png 0.999983 -0.00189514 -0.00543584 0.00964484 0.0019624 0.999921 0.0123968 -0.0168297 0.00541191 -0.0124072 0.999908 0.00714487 0.0 0.0 0.0 1.0
stairs/seq-03/color/frame-000101.color.png stairs/seq-03/color/frame-000103.color.png 0.999978 0.00650459 0.0010675 0.00556549 -0.00651672 0.999909 0.0117915 -0.0172414 -0.000990679 -0.0117982 0.99993 0.00694191 0.0 0.0 0.0 1.0
stairs/seq-03/color/frame-000102.color.png stairs/seq-03/color/frame-000104.color.png 0.999983 0.00579656 -0.000963931 0.00724688 -0.00578757 0.999942 0.00910299 -0.0136613 0.00101666 -0.00909724 0.999958 0.00664359 0.0 0.0 0.0 1.0
stairs/seq-03/color/frame-000103.color.png stairs/seq-03/color/frame-000105.color.png 0.999933 0.00599246 -0.00992409 0.0161119 -0.00589477 0.999934 0.00984394 -0.0157532 0.00998241 -0.0097848 0.999902 -0.000778854 0.0 0.0 0.0 1.0
stairs/seq-03/color/frame-000104.color.png stairs/seq-03/color/frame-000106.color.png 0.999915 0.00995107 -0.00840784 0.0212537 -0.00976481 0.999712 0.0219083 -0.0328224 0.00862342 -0.0218243 0.999725 -0.00359303 0.0 0.0 0.0 1.0
stairs/seq-03/color/frame-000105.color.png stairs/seq-03/color/frame-000107.color.png 0.999988 0.00470138 0.00148747 0.011994 -0.00472345 0.999874 0.0151834 -0.0278079 -0.00141589 -0.0151903 0.999884 0.00522965 0.0 0.0 0.0 1.0
stairs/seq-03/color/frame-000106.color.png stairs/seq-03/color/frame-000108.color.png 0.999961 -0.00766575 0.00428013 0.00304413 0.00766762 0.999971 -0.000417507 -0.0135934 -0.00427678 0.000450307 0.999991 0.0157478 0.0 0.0 0.0 1.0
stairs/seq-03/color/frame-000107.color.png stairs/seq-03/color/frame-000109.color.png 0.999991 -0.00386001 -0.00194099 0.0124077 0.00385937 0.999992 -0.000340719 -0.0124402 0.00194228 0.000333208 0.999998 0.0102897 0.0 0.0 0.0 1.0
stairs/seq-03/color/frame-000108.color.png stairs/seq-03/color/frame-000110.color.png 0.999947 0.00854343 -0.00569875 0.020232 -0.00855437 0.999962 -0.00190149 -0.00494668 0.00568227 0.0019501 0.999982 0.00714988 0.0 0.0 0.0 1.0
stairs/seq-03/color/frame-000109.color.png stairs/seq-03/color/frame-000111.color.png 0.99985 0.0143504 -0.00968116 0.0287275 -0.0144199 0.99987 -0.00715546 0.00108677 0.00957721 0.00729398 0.999928 0.00771374 0.0 0.0 0.0 1.0
stairs/seq-03/color/frame-000110.color.png stairs/seq-03/color/frame-000112.color.png 0.999673 0.0200352 -0.0158624 0.0414355 -0.0200798 0.999795 -0.00265342 -0.00104687 0.015806 0.00297109 0.999871 0.00241625 0.0 0.0 0.0 1.0
stairs/seq-03/color/frame-000111.color.png stairs/seq-03/color/frame-000113.color.png 0.999325 0.0284091 -0.0233064 0.0513104 -0.0282917 0.999585 0.00535232 -0.00189635 0.0234489 -0.00468931 0.999714 -0.00161541 0.0 0.0 0.0 1.0
stairs/seq-03/color/frame-000112.color.png stairs/seq-03/color/frame-000114.color.png 0.999276 0.0296132 -0.0238664 0.0443781 -0.0293787 0.999517 0.0101129 -0.0153504 0.0241543 -0.00940442 0.999664 -0.00406086 0.0 0.0 0.0 1.0
stairs/seq-03/color/frame-000113.color.png stairs/seq-03/color/frame-000115.color.png 0.999792 0.020353 0.00122043 0.0119195 -0.0203598 0.999776 0.00584115 -0.0146618 -0.00110127 -0.00586479 0.999982 0.0151681 0.0 0.0 0.0 1.0
stairs/seq-03/color/frame-000114.color.png stairs/seq-03/color/frame-000116.color.png 0.999831 0.00596277 0.017376 -0.0060944 -0.00593391 0.999981 -0.00171688 -0.00824425 -0.0173859 0.0016135 0.999848 0.0299056 0.0 0.0 0.0 1.0
stairs/seq-03/color/frame-000115.color.png stairs/seq-03/color/frame-000117.color.png 0.999767 -0.0213884 0.00295279 0.0131765 0.0214403 0.999593 -0.0188117 -0.000395924 -0.00254923 0.0188707 0.999819 0.0147457 0.0 0.0 0.0 1.0
stairs/seq-03/color/frame-000116.color.png stairs/seq-03/color/frame-000118.color.png 0.999692 -0.0242338 -0.00528438 0.0217449 0.024149 0.999587 -0.0155593 -0.00893152 0.00565926 0.0154268 0.999865 0.00435024 0.0 0.0 0.0 1.0
stairs/seq-03/color/frame-000117.color.png stairs/seq-03/color/frame-000119.color.png 0.999815 -0.0191646 -0.0012418 0.0169331 0.0191508 0.999764 -0.0102631 -0.0074392 0.00143819 0.0102374 0.999947 0.0112492 0.0 0.0 0.0 1.0
stairs/seq-03/color/frame-000118.color.png stairs/seq-03/color/frame-000120.color.png 0.999747 -0.0191283 -0.0118722 0.0305921 0.0190126 0.999771 -0.00978439 -0.0155731 0.0120567 0.00955622 0.999882 0.000928521 0.0 0.0 0.0 1.0
stairs/seq-03/color/frame-000119.color.png stairs/seq-03/color/frame-000121.color.png 0.999967 -0.00617913 -0.00519576 0.013097 0.0061856 0.99998 0.00122234 -0.0264048 0.00518812 -0.00125449 0.999986 0.00142246 0.0 0.0 0.0 1.0
stairs/seq-03/color/frame-000120.color.png stairs/seq-03/color/frame-000122.color.png 0.999938 -0.00658171 0.00899972 0.00508589 0.00658374 0.999978 -0.000193501 -0.0177952 -0.00899828 0.000252754 0.99996 0.0050748 0.0 0.0 0.0 1.0
stairs/seq-03/color/frame-000121.color.png stairs/seq-03/color/frame-000123.color.png 0.999993 -0.00358895 -0.00143077 0.020842 0.00359673 0.999979 0.00547685 -0.0204795 0.00141106 -0.00548191 0.999984 0.000525415 0.0 0.0 0.0 1.0
stairs/seq-03/color/frame-000122.color.png stairs/seq-03/color/frame-000124.color.png 0.999805 0.0147676 -0.0130936 0.0269698 -0.0145681 0.999778 0.0152088 -0.0168288 0.0133153 -0.0150151 0.999799 -0.00501728 0.0 0.0 0.0 1.0
stairs/seq-03/color/frame-000123.color.png stairs/seq-03/color/frame-000125.color.png 0.999606 0.0186183 -0.0210268 0.0387886 -0.0182908 0.99971 0.0156624 -0.0113561 0.0213123 -0.0152717 0.999656 -0.012982 0.0 0.0 0.0 1.0
stairs/seq-03/color/frame-000124.color.png stairs/seq-03/color/frame-000126.color.png 0.999549 0.0209605 -0.021518 0.0285718 -0.020515 0.999575 0.0207216 -0.0190399 0.0219431 -0.0202708 0.999554 -0.0128892 0.0 0.0 0.0 1.0
stairs/seq-03/color/frame-000125.color.png stairs/seq-03/color/frame-000127.color.png 0.999809 0.018249 -0.00693383 0.0110866 -0.0181306 0.999695 0.0167692 -0.0204317 0.00723773 -0.0166403 0.999835 -0.00709176 0.0 0.0 0.0 1.0
stairs/seq-03/color/frame-000126.color.png stairs/seq-03/color/frame-000128.color.png 0.99995 0.00698283 0.00720042 -0.000969708 -0.00704605 0.999937 0.00879173 -0.0085322 -0.00713853 -0.00884204 0.999935 0.00792205 0.0 0.0 0.0 1.0
stairs/seq-03/color/frame-000127.color.png stairs/seq-03/color/frame-000129.color.png 0.99996 0.00883382 0.00101205 0.00803632 -0.00884373 0.999908 0.0102803 -0.01123 -0.00092116 -0.0102888 0.999947 0.00154185 0.0 0.0 0.0 1.0
stairs/seq-03/color/frame-000128.color.png stairs/seq-03/color/frame-000130.color.png 0.999939 0.0106695 0.00289354 -0.00111723 -0.0107001 0.999885 0.0107688 -0.0161633 -0.00277833 -0.0107991 0.999938 0.00857031 0.0 0.0 0.0 1.0
stairs/seq-03/color/frame-000129.color.png stairs/seq-03/color/frame-000131.color.png 0.99998 0.00241027 0.0058049 -0.00886428 -0.00243353 0.999989 0.00400065 -0.0104209 -0.00579523 -0.00401465 0.999975 0.0152318 0.0 0.0 0.0 1.0
stairs/seq-03/color/frame-000130.color.png stairs/seq-03/color/frame-000132.color.png 0.999989 -0.00190416 0.00418931 -0.00590205 0.00190604 0.999998 -0.000429535 -0.00460473 -0.0041885 0.000437498 0.999991 0.014935 0.0 0.0 0.0 1.0
stairs/seq-03/color/frame-000131.color.png stairs/seq-03/color/frame-000133.color.png 0.999981 0.00202225 -0.00579665 0.00329101 -0.00197614 0.999966 0.00795203 -0.0194286 0.00581259 -0.00794041 0.999952 0.00577378 0.0 0.0 0.0 1.0
stairs/seq-03/color/frame-000132.color.png stairs/seq-03/color/frame-000134.color.png 0.999967 0.00434047 -0.00682278 0.0029133 -0.00428604 0.999959 0.00797876 -0.0163967 0.00685718 -0.00794925 0.999945 0.00330472 0.0 0.0 0.0 1.0
stairs/seq-03/color/frame-000133.color.png stairs/seq-03/color/frame-000135.color.png 0.999998 0.00183403 0.000111972 -0.00915861 -0.00183463 0.999981 0.00582408 -0.0151708 -0.000101317 -0.00582431 0.999983 0.013845 0.0 0.0 0.0 1.0
stairs/seq-03/color/frame-000134.color.png stairs/seq-03/color/frame-000136.color.png 0.999953 0.0052813 -0.00819575 0.00177294 -0.0052472 0.999977 0.00418333 -0.0187649 0.00821762 -0.00414011 0.999958 0.00700432 0.0 0.0 0.0 1.0
stairs/seq-03/color/frame-000135.color.png stairs/seq-03/color/frame-000137.color.png 0.999972 0.00708897 -0.00250754 -0.00127214 -0.00707872 0.999967 0.00408108 -0.0153282 0.00253638 -0.0040632 0.999988 0.0111079 0.0 0.0 0.0 1.0
stairs/seq-03/color/frame-000136.color.png stairs/seq-03/color/frame-000138.color.png 0.999943 0.00420548 -0.00984581 0.0129782 -0.00409328 0.999927 0.0113845 -0.0363129 0.009893 -0.0113436 0.999887 0.000585318 0.0 0.0 0.0 1.0
stairs/seq-03/color/frame-000137.color.png stairs/seq-03/color/frame-000139.color.png 0.99998 0.0044527 -0.00450109 -0.00897765 -0.00441237 0.99995 0.00892159 -0.0263832 0.00454061 -0.00890155 0.99995 0.00660092 0.0 0.0 0.0 1.0
stairs/seq-03/color/frame-000138.color.png stairs/seq-03/color/frame-000140.color.png 0.99951 -0.000746695 0.0312941 -0.044876 0.000741182 1.0 0.000188449 -0.0208124 -0.0312943 -0.000165174 0.99951 0.0326594 0.0 0.0 0.0 1.0
stairs/seq-03/color/frame-000139.color.png stairs/seq-03/color/frame-000141.color.png 0.999185 -0.00742457 0.0396837 -0.070126 0.00757663 0.999965 -0.00368367 -0.00967109 -0.039655 0.00398134 0.999206 0.026869 0.0 0.0 0.0 1.0
stairs/seq-03/color/frame-000140.color.png stairs/seq-03/color/frame-000142.color.png 0.999317 -0.0158547 0.0333787 -0.053847 0.0157259 0.999868 0.00411744 -0.0273672 -0.0334396 -0.00358971 0.999434 0.0353841 0.0 0.0 0.0 1.0
stairs/seq-03/color/frame-000141.color.png stairs/seq-03/color/frame-000143.color.png 0.999255 -0.0304869 0.0236446 -0.0156088 0.0303424 0.999519 0.00644799 -0.0466481 -0.0238298 -0.00572575 0.9997 0.0341309 0.0 0.0 0.0 1.0
stairs/seq-03/color/frame-000142.color.png stairs/seq-03/color/frame-000144.color.png 0.999806 -0.015482 0.0122103 -0.0228606 0.0153727 0.999841 0.00899775 -0.0325236 -0.0123478 -0.00880827 0.999885 0.0147508 0.0 0.0 0.0 1.0
stairs/seq-03/color/frame-000143.color.png stairs/seq-03/color/frame-000145.color.png 0.999886 -0.00555892 0.0140573 -0.030804 0.00546952 0.999965 0.00639016 -0.0221262 -0.0140923 -0.00631252 0.999881 0.0185168 0.0 0.0 0.0 1.0
stairs/seq-03/color/frame-000144.color.png stairs/seq-03/color/frame-000146.color.png 0.999937 -0.00692817 0.00883485 -0.0126002 0.00684302 0.99993 0.00963244 -0.0301247 -0.00890099 -0.0095714 0.999915 0.00982422 0.0 0.0 0.0 1.0
stairs/seq-03/color/frame-000145.color.png stairs/seq-03/color/frame-000147.color.png 0.999965 -0.00839399 0.00090697 -0.00752664 0.0083806 0.999869 0.013853 -0.034085 -0.0010231 -0.0138449 0.999904 0.00413823 0.0 0.0 0.0 1.0
stairs/seq-03/color/frame-000146.color.png stairs/seq-03/color/frame-000148.color.png 0.999865 -0.00998429 0.0130633 -0.0303157 0.00983769 0.999888 0.0112348 -0.0330206 -0.013174 -0.0111048 0.999852 0.0132318 0.0 0.0 0.0 1.0
stairs/seq-03/color/frame-000147.color.png stairs/seq-03/color/frame-000149.color.png 0.99991 -0.0105306 0.00831402 -0.0131132 0.0104459 0.999894 0.0101689 -0.0356681 -0.00842024 -0.0100812 0.999914 0.00359619 0.0 0.0 0.0 1.0
stairs/seq-03/color/frame-000148.color.png stairs/seq-03/color/frame-000150.color.png 0.999982 -0.00329236 -0.00507743 0.00369579 0.00334083 0.999949 0.00956055 -0.021768 0.00504567 -0.00957734 0.999942 -0.00392365 0.0 0.0 0.0 1.0
stairs/seq-03/color/frame-000149.color.png stairs/seq-03/color/frame-000151.color.png 0.999994 0.00334917 -0.000285572 -0.00210994 -0.00334642 0.999953 0.00907754 -0.0170557 0.000315955 -0.00907652 0.999959 0.000856161 0.0 0.0 0.0 1.0
stairs/seq-03/color/frame-000150.color.png stairs/seq-03/color/frame-000152.color.png 0.999792 0.00465318 -0.0198484 0.0316842 -0.00438611 0.9999 0.0134783 -0.0159603 0.0199091 -0.0133885 0.999712 -0.0238119 0.0 0.0 0.0 1.0
stairs/seq-03/color/frame-000151.color.png stairs/seq-03/color/frame-000153.color.png 0.999586 0.0198876 -0.0208037 0.0338371 -0.0193311 0.999459 0.0266163 -0.0323699 0.0213218 -0.0262031 0.999429 -0.0242636 0.0 0.0 0.0 1.0
stairs/seq-03/color/frame-000152.color.png stairs/seq-03/color/frame-000154.color.png 0.999798 0.016944 -0.010779 0.0287821 -0.0167027 0.999616 0.0220954 -0.0248899 0.0111492 -0.0219109 0.999698 -0.0180148 0.0 0.0 0.0 1.0
stairs/seq-03/color/frame-000153.color.png stairs/seq-03/color/frame-000155.color.png 0.999707 0.0194281 -0.0144402 0.0269789 -0.0190628 0.999505 0.0250194 -0.0210036 0.0149192 -0.0247368 0.999583 -0.0132653 0.0 0.0 0.0 1.0
stairs/seq-03/color/frame-000154.color.png stairs/seq-03/color/frame-000156.color.png 0.999619 0.0228056 -0.0155402 0.034001 -0.0223787 0.999382 0.0271084 -0.0252253 0.0161489 -0.0267503 0.999512 -0.0164 0.0 0.0 0.0 1.0
stairs/seq-03/color/frame-000155.color.png stairs/seq-03/color/frame-000157.color.png 0.998975 0.0166099 -0.0421178 0.0765942 -0.0153273 0.999414 0.0305939 -0.0214922 0.0426013 -0.029917 0.998644 -0.046087 0.0 0.0 0.0 1.0
stairs/seq-03/color/frame-000156.color.png stairs/seq-03/color/frame-000158.color.png 0.997948 0.0369812 -0.0522783 0.0818055 -0.0344413 0.998221 0.0486768 -0.0384603 0.0539854 -0.0467764 0.997445 -0.0465308 0.0 0.0 0.0 1.0
stairs/seq-03/color/frame-000157.color.png stairs/seq-03/color/frame-000159.color.png 0.998395 0.0411992 -0.0388638 0.0602758 -0.0392083 0.997946 0.0506692 -0.0529975 0.0408715 -0.049064 0.997959 -0.0261656 0.0 0.0 0.0 1.0
stairs/seq-03/color/frame-000158.color.png stairs/seq-03/color/frame-000160.color.png 0.998889 0.0294809 -0.0367607 0.0566916 -0.0279565 0.998755 0.0413127 -0.0351121 0.0379329 -0.0402391 0.99847 -0.0258409 0.0 0.0 0.0 1.0
stairs/seq-03/color/frame-000159.color.png stairs/seq-03/color/frame-000161.color.png 0.999561 0.0230543 -0.0185891 0.025751 -0.0225315 0.999358 0.027855 -0.020672 0.0192194 -0.027424 0.999439 -0.00900829 0.0 0.0 0.0 1.0
stairs/seq-03/color/frame-000160.color.png stairs/seq-03/color/frame-000162.color.png 0.999965 0.00721516 0.00431531 -0.00604731 -0.00725361 0.999934 0.00895644 -0.00761342 -0.00425041 -0.00898742 0.999951 0.0110605 0.0 0.0 0.0 1.0
stairs/seq-03/color/frame-000161.color.png stairs/seq-03/color/frame-000163.color.png 0.999998 0.00197901 -0.000432875 0.0112626 -0.00197721 0.999989 0.00416644 -0.0104368 0.000441082 -0.00416554 0.999991 0.0101327 0.0 0.0 0.0 1.0
stairs/seq-03/color/frame-000162.color.png stairs/seq-03/color/frame-000164.color.png 0.999847 0.00187499 -0.0173653 0.0297678 -0.00184199 0.999996 0.00191921 -0.00771385 0.0173689 -0.00188689 0.999847 0.00147831 0.0 0.0 0.0 1.0
stairs/seq-03/color/frame-000163.color.png stairs/seq-03/color/frame-000165.color.png 0.999689 0.00767511 -0.023715 0.0434427 -0.00760687 0.999967 0.0029633 -0.00749034 0.0237369 -0.00278202 0.999714 -0.00406623 0.0 0.0 0.0 1.0
stairs/seq-03/color/frame-000164.color.png stairs/seq-03/color/frame-000166.color.png 0.999858 0.0163955 -0.00380733 0.0208713 -0.0163996 0.999865 -0.00106409 -0.00698113 0.00378937 0.00112631 0.999992 0.011727 0.0 0.0 0.0 1.0
stairs/seq-03/color/frame-000165.color.png stairs/seq-03/color/frame-000167.color.png 0.999952 0.00375909 0.00905419 0.00938195 -0.00365839 0.999932 -0.0111109 -0.00494212 -0.00909533 0.0110771 0.999897 0.0135465 0.0 0.0 0.0 1.0
stairs/seq-03/color/frame-000166.color.png stairs/seq-03/color/frame-000168.color.png 0.999851 -0.00668869 0.0158994 -0.00488985 0.00697004 0.999819 -0.0177073 0.00529742 -0.015778 0.0178156 0.999717 0.0354719 0.0 0.0 0.0 1.0
stairs/seq-03/color/frame-000167.color.png stairs/seq-03/color/frame-000169.color.png 0.999907 -0.00867198 0.0105196 -0.00663686 0.00882203 0.999859 -0.0143055 0.0114454 -0.0103941 0.014397 0.999842 0.0369358 0.0 0.0 0.0 1.0
stairs/seq-03/color/frame-000168.color.png stairs/seq-03/color/frame-000170.color.png 0.999966 0.000714453 -0.00819006 0.0185879 -0.000740856 0.999995 -0.00321666 0.00261861 0.00818772 0.00322261 0.999961 0.00974178 0.0 0.0 0.0 1.0
stairs/seq-03/color/frame-000169.color.png stairs/seq-03/color/frame-000171.color.png 0.999905 0.00134687 -0.013711 0.0360963 -0.00131632 0.999997 0.00223776 -0.0105361 0.013714 -0.00221951 0.999903 0.00165761 0.0 0.0 0.0 1.0
stairs/seq-03/color/frame-000170.color.png stairs/seq-03/color/frame-000172.color.png 0.999993 -0.00208631 0.00319466 0.0125359 0.00208261 0.999997 0.00117923 -0.0057866 -0.0031971 -0.00117255 0.999994 0.0126743 0.0 0.0 0.0 1.0
stairs/seq-03/color/frame-000171.color.png stairs/seq-03/color/frame-000173.color.png 0.999983 -0.00498925 -0.00289882 0.0125459 0.00500129 0.999979 0.00415314 -0.00662959 0.00287805 -0.00416757 0.999987 0.0127857 0.0 0.0 0.0 1.0
stairs/seq-03/color/frame-000172.color.png stairs/seq-03/color/frame-000174.color.png 0.99995 -0.00354713 -0.00939699 0.020782 0.00361293 0.999969 0.00699101 -0.0229443 0.00937181 -0.00702462 0.999931 0.00445724 0.0 0.0 0.0 1.0
stairs/seq-03/color/frame-000173.color.png stairs/seq-03/color/frame-000175.color.png 0.999958 -0.00459971 0.00792618 -0.00309962 0.00462736 0.999983 -0.00346414 -0.00107765 -0.00791016 0.00350062 0.999963 0.0212748 0.0 0.0 0.0 1.0
stairs/seq-03/color/frame-000174.color.png stairs/seq-03/color/frame-000176.color.png 0.999953 -0.00859398 0.00453701 0.00775993 0.008619 0.999948 -0.00552627 -0.00594497 -0.00448919 0.0055651 0.999974 0.0189861 0.0 0.0 0.0 1.0
