stairs/seq-03/color/frame-000000.color.png stairs/seq-03/color/frame-000003.color.png 0.999993 -0.00350092 -0.00113884 9.55594e-05 0.00349664 0.999987 -0.00373272 -0.00399589 0.00115189 0.00372871 0.999992 0.00219217 0.0 0.0 0.0 1.0
stairs/seq-03/color/frame-000001.color.png stairs/seq-03/color/frame-000004.color.png 0.999992 -0.00388532 -0.000977063 0.0021367 0.00388302 0.99999 -0.00234158 0.00117403 0.00098615 0.00233777 0.999997 -0.0009688 0.0 0.0 0.0 1.0
stairs/seq-03/color/frame-000002.color.png stairs/seq-03/color/frame-000005.color.png 0.999997 -0.0024792 0.000732123 0.00276471 0.00248096 0.999994 -0.00240851 -0.000680267 -0.000726147 0.00241032 0.999997 0.00067925 0.0 0.0 0.0 1.0
stairs/seq-03/color/frame-000003.color.png stairs/seq-03/color/frame-000006.color.png 0.999993 -0.00296043 -0.00238091 0.00603546 0.00295486 0.999993 -0.00233953 -0.000466892 0.00238782 0.00233248 0.999994 -0.00013431 0.0 0.0 0.0 1.0
stairs/seq-03/color/frame-000004.color.png stairs/seq-03/color/frame-000007.color.png 0.999997 -0.00227336 -0.00114103 0.00285616 0.0022688 0.99999 -0.00397659 0.000517431 0.00115006 0.00397399 0.999991 0.00282895 0.0 0.0 0.0 1.0
stairs/seq-03/color/frame-000005.color.png stairs/seq-03/color/frame-000008.color.png 0.999998 -0.00180793 -4.93077e-06 -0.0017347 0.00180791 0.999995 -0.00259511 0.00307739 9.62243e-06 0.00259509 0.999997 0.00569365 0.0 0.0 0.0 1.0
stairs/seq-03/color/frame-000006.color.png stairs/seq-03/color/frame-000009.color.png 1.0 0.000325091 -0.000681847 -0.00165485 -0.000326997 0.999996 -0.00279847 0.00245693 0.000680935 0.0027987 0.999996 0.00474236 0.0 0.0 0.0 1.0
stairs/seq-03/color/frame-000007.color.png stairs/seq-03/color/frame-000010.color.png 0.999991 0.00171651 -0.00379632 0.00389392 -0.00172053 0.999998 -0.00105518 -0.0036811 0.0037945 0.0010617 0.999992 0.0033202 0.0 0.0 0.0 1.0
stairs/seq-03/color/frame-000008.color.png stairs/seq-03/color/frame-000011.color.png 0.999974 0.00395555 -0.00604547 0.00470121 -0.00397917 0.999985 -0.0039003 -0.00900094 0.00602995 0.00392425 0.999974 0.00370473 0.0 0.0 0.0 1.0
stairs/seq-03/color/frame-000009.color.png stairs/seq-03/color/frame-000012.color.png 0.999977 0.00387008 -0.00557284 0.00424327 -0.00390874 0.999968 -0.00694271 -0.00139801 0.00554579 0.00696434 0.99996 0.00352483 0.0 0.0 0.0 1.0
stairs/seq-03/color/frame-000010.color.png stairs/seq-03/color/frame-000013.color.png 0.999934 0.00086658 -0.0114865 0.0133774 -0.000957453 0.999968 -0.00790813 0.000928181 0.0114793 0.00791861 0.999903 -0.00073963 0.0 0.0 0.0 1.0
stairs/seq-03/color/frame-000011.color.png stairs/seq-03/color/frame-000014.color.png 0.999901 -0.000909228 -0.0140755 0.0186259 0.000827791 0.999983 -0.00579042 -0.00173784 0.0140806 0.00577819 0.999884 -0.00203784 0.0 0.0 0.0 1.0
stairs/seq-03/color/frame-000012.color.png stairs/seq-03/color/frame-000015.color.png 0.999787 -0.00413323 -0.0202034 0.0229325 0.00389694 0.999924 -0.0117208 0.00134331 0.0202503 0.0116396 0.999727 0.00332398 0.0 0.0 0.0 1.0
stairs/seq-03/color/frame-000013.color.png stairs/seq-03/color/frame-000016.color.png 0.999784 -0.00299335 -0.0205593 0.023421 0.00285142 0.999972 -0.00692917 -0.00681677 0.0205794 0.00686905 0.999765 0.0115258 0.0 0.0 0.0 1.0
stairs/seq-03/color/frame-000014.color.png stairs/seq-03/color/frame-000017.color.png 0.999746 -0.00890102 -0.0207103 0.0220302 0.00870068 0.999915 -0.00974343 0.0111297 0.0207952 0.00956077 0.999738 0.0104789 0.0 0.0 0.0 1.0
stairs/seq-03/color/frame-000015.color.png stairs/seq-03/color/frame-000018.color.png 0.999795 -0.00359932 -0.0199411 0.0253171 0.00369139 0.999983 0.00458231 -0.00524685 0.0199243 -0.00465497 0.999791 0.00521508 0.0 0.0 0.0 1.0
stairs/seq-03/color/frame-000016.color.png stairs/seq-03/color/frame-000019.color.png 0.999925 -0.00306916 -0.0118326 0.0219028 0.00310642 0.99999 0.00313219 -0.0021499 0.0118229 -0.00316871 0.999925 0.00489387 0.0 0.0 0.0 1.0
stairs/seq-03/color/frame-000017.color.png stairs/seq-03/color/frame-000020.color.png 0.999867 0.00320589 -0.015992 0.0208304 -0.00307146 0.99996 0.00842416 -0.00595777 0.0160183 -0.00837393 0.999837 0.0129785 0.0 0.0 0.0 1.0
stairs/seq-03/color/frame-000018.color.png stairs/seq-03/color/frame-000021.color.png 0.999965 0.0060596 -0.00583898 0.0186348 -0.00604199 0.999977 0.00302959 -0.0052984 0.00585721 -0.00299421 0.999978 0.00894804 0.0 0.0 0.0 1.0
stairs/seq-03/color/frame-000019.color.png stairs/seq-03/color/frame-000022.color.png 0.999931 -0.000867292 -0.0117075 0.0147526 0.000874548 1.0 0.000614863 -0.0042759 0.011707 -0.000625057 0.999931 0.00984602 0.0 0.0 0.0 1.0
stairs/seq-03/color/frame-000020.color.png stairs/seq-03/color/frame-000023.color.png 0.999959 -0.00548355 -0.00715638 0.0185192 0.00546822 0.999983 -0.00216153 -0.00823742 0.0071681 0.00212231 0.999972 0.00322233 0.0 0.0 0.0 1.0
stairs/seq-03/color/frame-000021.color.png stairs/seq-03/color/frame-000024.color.png 0.999817 -0.0139338 -0.0131134 0.0204137 0.0139347 0.999903 -2.2635e-05 -0.00669721 0.0131124 -0.0001601 0.999914 0.00970997 0.0 0.0 0.0 1.0
stairs/seq-03/color/frame-000022.color.png stairs/seq-03/color/frame-000025.color.png 0.999982 -0.00366702 -0.0046943 0.0137853 0.00367388 0.999992 0.0014518 -0.00608229 0.00468894 -0.00146902 0.999988 0.0170311 0.0 0.0 0.0 1.0
stairs/seq-03/color/frame-000023.color.png stairs/seq-03/color/frame-000026.color.png 0.999991 0.00320559 -0.00291146 0.0167606 -0.00321054 0.999993 -0.00169579 -0.0115446 0.002906 0.00170512 0.999994 0.0220531 0.0 0.0 0.0 1.0
stairs/seq-03/color/frame-000024.color.png stairs/seq-03/color/frame-000027.color.png 0.999939 0.00956813 0.00546312 0.00301993 -0.00954484 0.999945 -0.00427328 -0.00444951 -0.00550371 0.00422087 0.999976 0.0326194 0.0 0.0 0.0 1.0
stairs/seq-03/color/frame-000025.color.png stairs/seq-03/color/frame-000028.color.png 0.999922 0.0122325 0.00244918 0.010205 -0.0122199 0.999912 -0.00511877 -0.00965132 -0.00251159 0.00508845 0.999984 0.0354956 0.0 0.0 0.0 1.0
stairs/seq-03/color/frame-000026.color.png stairs/seq-03/color/frame-000029.color.png 0.999957 0.00550052 0.00742993 0.00278831 -0.00549753 0.999985 -0.000422832 -0.0103859 -0.00743213 0.000381967 0.999972 0.046308 0.0 0.0 0.0 1.0
stairs/seq-03/color/frame-000027.color.png stairs/seq-03/color/frame-000030.color.png 0.999992 0.00395841 0.000475282 0.00769598 -0.00395794 0.999992 -0.000992412 -0.0196493 -0.000479192 0.000990525 0.999999 0.0390879 0.0 0.0 0.0 1.0
stairs/seq-03/color/frame-000028.color.png stairs/seq-03/color/frame-000031.color.png 0.999973 0.00074604 0.00731766 0.00243898 -0.000722607 0.999995 -0.00320427 -0.0197221 -0.00732001 0.00319889 0.999968 0.0386892 0.0 0.0 0.0 1.0
stairs/seq-03/color/frame-000029.color.png stairs/seq-03/color/frame-000032.color.png 0.999924 0.00489003 0.0112755 -0.00537198 -0.00481679 0.999967 -0.00651319 -0.0206722 -0.011307 0.00645838 0.999915 0.0407496 0.0 0.0 0.0 1.0
stairs/seq-03/color/frame-000030.color.png stairs/seq-03/color/frame-000033.color.png 0.999908 0.00237996 0.0133334 -0.00891823 -0.00227381 0.999966 -0.00797076 -0.0136082 -0.0133519 0.00793971 0.999879 0.0394881 0.0 0.0 0.0 1.0
stairs/seq-03/color/frame-000031.color.png stairs/seq-03/color/frame-000034.color.png 0.999965 -0.00165869 0.00821356 -0.00296409 0.00169212 0.99999 -0.00406462 -0.0244267 -0.00820673 0.00407838 0.999958 0.0341693 0.0 0.0 0.0 1.0
stairs/seq-03/color/frame-000032.color.png stairs/seq-03/color/frame-000035.color.png 0.99997 -0.00501857 0.00592675 -0.000322208 0.00506093 0.999962 -0.00715411 -0.0148773 -0.0058906 0.00718389 0.999957 0.0308057 0.0 0.0 0.0 1.0
stairs/seq-03/color/frame-000033.color.png stairs/seq-03/color/frame-000036.color.png 0.999941 -0.00651598 0.00873607 -0.00567609 0.00659905 0.999933 -0.00951351 -0.00997057 -0.0086735 0.00957058 0.999917 0.041465 0.0 0.0 0.0 1.0
stairs/seq-03/color/frame-000034.color.png stairs/seq-03/color/frame-000037.color.png 0.999997 6.12383e-05 0.00245538 -0.00096748 -4.99232e-05 0.999989 -0.00460787 -0.01331 -0.00245565 0.00460773 0.999986 0.0330907 0.0 0.0 0.0 1.0
stairs/seq-03/color/frame-000035.color.png stairs/seq-03/color/frame-000038.color.png 0.999997 0.00080746 0.00219676 -0.00365444 -0.000796497 0.999987 -0.00498696 -0.0129475 -0.00220078 0.0049852 0.999985 0.0323535 0.0 0.0 0.0 1.0
stairs/seq-03/color/frame-000036.color.png stairs/seq-03/color/frame-000039.color.png 0.999991 0.00412698 -0.000797257 -0.00302416 -0.00412666 0.999991 0.000404712 -0.02179 0.000798939 -0.000401407 0.999999 0.0239793 0.0 0.0 0.0 1.0
stairs/seq-03/color/frame-000037.color.png stairs/seq-03/color/frame-000040.color.png 0.999971 -0.00179493 0.00742913 -0.00854593 0.00183774 0.999982 -0.00575836 -0.012771 -0.00741866 0.00577184 0.999956 0.0260042 0.0 0.0 0.0 1.0
stairs/seq-03/color/frame-000038.color.png stairs/seq-03/color/frame-000041.color.png 0.999956 -0.00503803 0.00797135 -0.00511176 0.00502571 0.999986 0.00156488 -0.022529 -0.00797911 -0.00152475 0.999967 0.0276414 0.0 0.0 0.0 1.0
stairs/seq-03/color/frame-000039.color.png stairs/seq-03/color/frame-000042.color.png 0.99994 -0.00598126 0.00921117 0.00593609 0.00595694 0.999979 0.00266508 -0.0199026 -0.00922692 -0.00261005 0.999954 0.0225067 0.0 0.0 0.0 1.0
stairs/seq-03/color/frame-000040.color.png stairs/seq-03/color/frame-000043.color.png 0.999913 -0.00282594 0.0129211 -0.0078455 0.00274055 0.999974 0.00662177 -0.0123454 -0.0129395 -0.00658578 0.999895 0.0321565 0.0 0.0 0.0 1.0
stairs/seq-03/color/frame-000041.color.png stairs/seq-03/color/frame-000044.color.png 0.999934 0.00577754 0.00992739 -0.00327188 -0.00583261 0.999968 0.00552751 -0.0118332 -0.00989514 -0.00558505 0.999936 0.0274669 0.0 0.0 0.0 1.0
stairs/seq-03/color/frame-000042.color.png stairs/seq-03/color/frame-000045.color.png 0.999976 0.00613468 0.00321649 0.00221566 -0.0061394 0.99998 0.00146112 -0.00743 -0.00320746 -0.00148082 0.999994 0.0278127 0.0 0.0 0.0 1.0
stairs/seq-03/color/frame-000043.color.png stairs/seq-03/color/frame-000046.color.png 0.999992 0.00394916 0.000199573 0.00808311 -0.00394947 0.999991 0.0016012 -0.0130281 -0.000193248 -0.00160198 0.999999 0.0349787 0.0 0.0 0.0 1.0
stairs/seq-03/color/frame-000044.color.png stairs/seq-03/color/frame-000047.color.png 0.999986 -0.000447947 -0.00530165 0.0145688 0.000435506 0.999997 -0.00234765 -0.00899148 0.00530269 0.0023453 0.999983 0.0308945 0.0 0.0 0.0 1.0
stairs/seq-03/color/frame-000045.color.png stairs/seq-03/color/frame-000048.color.png 0.999971 -0.00130249 -0.0075035 0.0206347 0.00129944 0.999999 -0.000410689 -0.0101369 0.00750402 0.000400919 0.999972 0.0325608 0.0 0.0 0.0 1.0
stairs/seq-03/color/frame-000046.color.png stairs/seq-03/color/frame-000049.color.png 0.999855 -0.00247386 -0.0168682 0.0303219 0.00244127 0.999995 -0.00195223 -0.00716284 0.016873 0.00191076 0.999856 0.0295947 0.0 0.0 0.0 1.0
stairs/seq-03/color/frame-000047.color.png stairs/seq-03/color/frame-000050.color.png 0.999919 -0.00121625 -0.0126551 0.0302225 0.001177 0.999994 -0.00310795 -0.00393599 0.0126588 0.00309282 0.999915 0.0343755 0.0 0.0 0.0 1.0
stairs/seq-03/color/frame-000048.color.png stairs/seq-03/color/frame-000051.color.png 0.999912 0.00336963 -0.0128172 0.0355934 -0.0034053 0.99999 -0.00276244 -0.00698094 0.0128078 0.00280584 0.999914 0.035513 0.0 0.0 0.0 1.0
stairs/seq-03/color/frame-000049.color.png stairs/seq-03/color/frame-000052.color.png 0.999884 0.00415317 -0.014675 0.0461703 -0.00409708 0.999984 0.00385023 -0.00966129 0.0146908 -0.00378965 0.999885 0.0323063 0.0 0.0 0.0 1.0
stairs/seq-03/color/frame-000050.color.png stairs/seq-03/color/frame-000053.color.png 0.999842 0.00417543 -0.0172554 0.0514616 -0.00393517 0.999895 0.0139342 -0.0144221 0.0173118 -0.0138641 0.999754 0.0379495 0.0 0.0 0.0 1.0
stairs/seq-03/color/frame-000051.color.png stairs/seq-03/color/frame-000054.color.png 0.999868 -0.000187981 -0.0162348 0.0521452 0.000356621 0.999946 0.0103853 -0.00574495 0.0162319 -0.0103898 0.999814 0.0387326 0.0 0.0 0.0 1.0
stairs/seq-03/color/frame-000052.color.png stairs/seq-03/color/frame-000055.color.png 0.999774 0.00435902 -0.0208017 0.0636847 -0.00424048 0.999975 0.00573918 -0.00965601 0.0208262 -0.00564967 0.999767 0.0437723 0.0 0.0 0.0 1.0
stairs/seq-03/color/frame-000053.color.png stairs/seq-03/color/frame-000056.color.png 0.999691 0.00650152 -0.0240139 0.0623641 -0.00665621 0.999958 -0.00636751 -0.00565377 0.0239714 0.00652537 0.999691 0.0444181 0.0 0.0 0.0 1.0
stairs/seq-03/color/frame-000054.color.png stairs/seq-03/color/frame-000057.color.png 0.999502 0.00705122 -0.0307579 0.0700019 -0.0071713 0.999967 -0.00379561 -0.0128799 0.0307301 0.0040143 0.99952 0.0348119 0.0 0.0 0.0 1.0
stairs/seq-03/color/frame-000055.color.png stairs/seq-03/color/frame-000058.color.png 0.999756 -0.0041114 -0.0217192 0.0486425 0.00400637 0.99998 -0.00487717 -0.00415935 0.0217388 0.00478896 0.999752 0.0328693 0.0 0.0 0.0 1.0
stairs/seq-03/color/frame-000056.color.png stairs/seq-03/color/frame-000059.color.png 0.999646 -0.00955823 -0.0248196 0.0575055 0.00953654 0.999954 -0.000992074 -0.00610429 0.024828 0.000755037 0.999691 0.0233352 0.0 0.0 0.0 1.0
stairs/seq-03/color/frame-000057.color.png stairs/seq-03/color/frame-000060.color.png 0.999623 -0.0133165 -0.0239982 0.0580971 0.0133032 0.999911 -0.000713764 -0.00688407 0.0240055 0.000394231 0.999712 0.0254073 0.0 0.0 0.0 1.0
stairs/seq-03/color/frame-000058.color.png stairs/seq-03/color/frame-000061.color.png 0.999581 -0.0101919 -0.0270846 0.0568815 0.0101069 0.999944 -0.00327354 -0.00326368 0.0271164 0.00299843 0.999628 0.0276358 0.0 0.0 0.0 1.0
stairs/seq-03/color/frame-000059.color.png stairs/seq-03/color/frame-000062.color.png 0.999612 -0.00464214 -0.0274713 0.0609145 0.00455503 0.999984 -0.00323278 -0.00114569 0.0274858 0.00310639 0.999617 0.0202519 0.0 0.0 0.0 1.0
stairs/seq-03/color/frame-000060.color.png stairs/seq-03/color/frame-000063.color.png 0.999515 -0.000750315 -0.0311289 0.0596012 0.000520366 0.999973 -0.00739444 0.00845246 0.0311336 0.00737466 0.999488 0.0150214 0.0 0.0 0.0 1.0
stairs/seq-03/color/frame-000061.color.png stairs/seq-03/color/frame-000064.color.png 0.999696 0.0041892 -0.0243031 0.05071 -0.00431488 0.999977 -0.00512151 0.00155173 0.0242811 0.00522483 0.999691 0.0128603 0.0 0.0 0.0 1.0
stairs/seq-03/color/frame-000062.color.png stairs/seq-03/color/frame-000065.color.png 0.999649 0.00411518 -0.0261617 0.06563 -0.00419778 0.999986 -0.00310321 0.00250062 0.0261486 0.00321194 0.999653 0.00620428 0.0 0.0 0.0 1.0
stairs/seq-03/color/frame-000063.color.png stairs/seq-03/color/frame-000066.color.png 0.999925 0.00346392 -0.0117405 0.0340597 -0.00352024 0.999982 -0.00478044 0.00438556 0.0117237 0.00482141 0.99992 0.0157736 0.0 0.0 0.0 1.0
stairs/seq-03/color/frame-000064.color.png stairs/seq-03/color/frame-000067.color.png 0.999871 0.00228806 -0.0158842 0.0399823 -0.0023487 0.99999 -0.00379986 0.00575985 0.0158753 0.00383668 0.999867 0.0124972 0.0 0.0 0.0 1.0
stairs/seq-03/color/frame-000065.color.png stairs/seq-03/color/frame-000068.color.png 0.999857 0.0048898 -0.0162121 0.0365084 -0.00506243 0.999931 -0.0106241 0.0110182 0.016159 0.0107047 0.999812 0.0130924 0.0 0.0 0.0 1.0
stairs/seq-03/color/frame-000066.color.png stairs/seq-03/color/frame-000069.color.png 0.999898 0.00146105 -0.0141886 0.031475 -0.0015185 0.999991 -0.00403903 0.00382265 0.0141825 0.00406016 0.999891 0.0113375 0.0 0.0 0.0 1.0
stairs/seq-03/color/frame-000067.color.png stairs/seq-03/color/frame-000070.color.png 0.999796 0.000464885 -0.0201852 0.0475722 -0.000479725 1.0 -0.000730604 -0.00742227 0.0201848 0.000740129 0.999796 0.00802356 0.0 0.0 0.0 1.0
stairs/seq-03/color/frame-000068.color.png stairs/seq-03/color/frame-000071.color.png 0.99997 -0.00729308 -0.00256254 0.0157817 0.00729567 0.999973 0.00100196 -0.00789233 0.00255518 -0.00102061 0.999996 0.00865096 0.0 0.0 0.0 1.0
stairs/seq-03/color/frame-000069.color.png stairs/seq-03/color/frame-000072.color.png 0.999952 -0.00978882 0.000446672 0.0148136 0.00978805 0.999951 0.00169037 -0.00610796 -0.000463187 -0.00168592 0.999998 0.0174289 0.0 0.0 0.0 1.0
stairs/seq-03/color/frame-000070.color.png stairs/seq-03/color/frame-000073.color.png 0.999953 -0.00959816 0.00130032 0.0144539 0.00959252 0.999945 0.00427934 -0.00537242 -0.00134131 -0.00426666 0.99999 0.0136552 0.0 0.0 0.0 1.0
stairs/seq-03/color/frame-000071.color.png stairs/seq-03/color/frame-000074.color.png 0.999998 -0.00193734 -0.000427193 0.0160801 0.00194067 0.999967 0.00792817 -0.0066334 0.000411835 -0.00792899 0.999968 0.0187422 0.0 0.0 0.0 1.0
stairs/seq-03/color/frame-000072.color.png stairs/seq-03/color/frame-000075.color.png 0.999972 0.00455125 0.0059498 0.00945503 -0.00456739 0.999986 0.00270157 -0.00428036 -0.00593742 -0.00272866 0.999979 0.0199804 0.0 0.0 0.0 1.0
stairs/seq-03/color/frame-000073.color.png stairs/seq-03/color/frame-000076.color.png 0.999813 0.00732465 0.0179072 -0.000932574 -0.00730794 0.999973 -0.00099831 -0.00242345 -0.017914 0.000867259 0.999839 0.0344803 0.0 0.0 0.0 1.0
stairs/seq-03/color/frame-000074.color.png stairs/seq-03/color/frame-000077.color.png 0.999691 0.00391112 0.0245303 -0.00735143 -0.00394194 0.999992 0.00120821 -0.00866257 -0.0245254 -0.00130453 0.999698 0.0355476 0.0 0.0 0.0 1.0
stairs/seq-03/color/frame-000075.color.png stairs/seq-03/color/frame-000078.color.png 0.999701 0.0129437 0.0207194 0.013707 -0.013334 0.999734 0.0188097 -0.0254809 -0.0204705 -0.0190804 0.999608 0.0330593 0.0 0.0 0.0 1.0
stairs/seq-03/color/frame-000076.color.png stairs/seq-03/color/frame-000079.color.png 0.999347 0.0262367 0.0248451 -0.00647226 -0.0268765 0.999306 0.0257784 -0.0104718 -0.0241515 -0.0264293 0.999359 0.0380149 0.0 0.0 0.0 1.0
stairs/seq-03/color/frame-000077.color.png stairs/seq-03/color/frame-000080.color.png 0.999325 0.0279615 0.0238251 -0.0082024 -0.0285388 0.999299 0.0242424 -0.0123884 -0.0231305 -0.024906 0.999422 0.0436646 0.0 0.0 0.0 1.0
stairs/seq-03/color/frame-000078.color.png stairs/seq-03/color/frame-000081.color.png 0.999655 0.0184769 0.0186504 -0.0109359 -0.0186442 0.999787 0.00883332 -0.0048999 -0.0184833 -0.009178 0.999787 0.0514708 0.0 0.0 0.0 1.0
stairs/seq-03/color/frame-000079.color.png stairs/seq-03/color/frame-000082.color.png 0.999934 0.00848074 0.00779256 0.00646406 -0.00848238 0.999964 0.000178213 -0.0255237 -0.00779077 -0.0002443 0.99997 0.0371743 0.0 0.0 0.0 1.0
stairs/seq-03/color/frame-000080.color.png stairs/seq-03/color/frame-000083.color.png 0.999843 0.0138902 0.0109995 -0.00549319 -0.0138345 0.999891 -0.00512651 -0.0097907 -0.0110695 0.00497353 0.999926 0.0460382 0.0 0.0 0.0 1.0
stairs/seq-03/color/frame-000081.color.png stairs/seq-03/color/frame-000084.color.png 0.999795 0.0190566 0.00680967 -0.0015744 -0.0190469 0.999818 -0.0014832 -0.0139023 -0.00683664 0.0013532 0.999976 0.03675 0.0 0.0 0.0 1.0
stairs/seq-03/color/frame-000082.color.png stairs/seq-03/color/frame-000085.color.png 0.999677 0.0245361 0.006607 0.00142139 -0.0245711 0.999684 0.0052704 -0.0159239 -0.00647561 -0.00543104 0.999964 0.0347095 0.0 0.0 0.0 1.0
stairs/seq-03/color/frame-000083.color.png stairs/seq-03/color/frame-000086.color.png 0.999759 0.0219317 -0.000983719 0.00653836 -0.0219131 0.999631 0.016058 -0.029331 0.00133553 -0.0160325 0.99987 0.0243278 0.0 0.0 0.0 1.0
stairs/seq-03/color/frame-000084.color.png stairs/seq-03/color/frame-000087.color.png 0.999676 0.0254322 0.00102703 0.00457907 -0.0254491 0.999412 0.0229823 -0.0270095 -0.000441941 -0.023001 0.999735 0.0286265 0.0 0.0 0.0 1.0
stairs/seq-03/color/frame-000085.color.png stairs/seq-03/color/frame-000088.color.png 0.999643 0.025877 0.00661776 -0.00601721 -0.0260114 0.999439 0.0210984 -0.0198366 -0.00606809 -0.021263 0.999756 0.0332355 0.0 0.0 0.0 1.0
stairs/seq-03/color/frame-000086.color.png stairs/seq-03/color/frame-000089.color.png 0.999573 0.0213694 0.0199221 -0.0123514 -0.0217542 0.999577 0.0193023 -0.021608 -0.0195012 -0.0197274 0.999615 0.0322198 0.0 0.0 0.0 1.0
stairs/seq-03/color/frame-000087.color.png stairs/seq-03/color/frame-000090.color.png 0.999496 0.0134649 0.0287347 -0.0205727 -0.0139546 0.99976 0.0169106 -0.0243786 -0.0285001 -0.0173031 0.999444 0.0432314 0.0 0.0 0.0 1.0
stairs/seq-03/color/frame-000088.color.png stairs/seq-03/color/frame-000091.color.png 0.999548 0.00581603 0.0294836 -0.01899 -0.00644764 0.999751 0.0213726 -0.0382866 -0.0293519 -0.021553 0.999337 0.0343175 0.0 0.0 0.0 1.0
stairs/seq-03/color/frame-000089.color.png stairs/seq-03/color/frame-000092.color.png 0.999789 0.00512323 0.0199162 -0.011987 -0.00546384 0.999839 0.0170858 -0.0229067 -0.0198254 -0.017191 0.999656 0.0352708 0.0 0.0 0.0 1.0
stairs/seq-03/color/frame-000090.color.png stairs/seq-03/color/frame-000093.color.png 0.999933 0.00969047 0.00630435 0.0055086 -0.00977632 0.999858 0.0137349 -0.022253 -0.00617037 -0.0137956 0.999886 0.0102379 0.0 0.0 0.0 1.0
stairs/seq-03/color/frame-000091.color.png stairs/seq-03/color/frame-000094.color.png 0.999668 0.0216671 0.0139313 -0.00716269 -0.0219555 0.999541 0.0208901 -0.0180072 -0.0134723 -0.021189 0.999685 0.0186113 0.0 0.0 0.0 1.0
stairs/seq-03/color/frame-000092.color.png stairs/seq-03/color/frame-000095.color.png 0.999646 0.0259624 0.00574589 0.00430501 -0.0261435 0.999077 0.0340676 -0.0327312 -0.0048561 -0.0342058 0.999403 0.00387293 0.0 0.0 0.0 1.0
stairs/seq-03/color/frame-000093.color.png stairs/seq-03/color/frame-000096.color.png 0.999506 0.0310338 0.00491356 -0.0014683 -0.031202 0.998753 0.0389722 -0.0284913 -0.00369794 -0.0391063 0.999228 0.0127131 0.0 0.0 0.0 1.0
stairs/seq-03/color/frame-000094.color.png stairs/seq-03/color/frame-000097.color.png 0.999835 0.0181273 -0.00106829 -0.00139055 -0.0180891 0.999421 0.0288056 -0.0124054 0.00158982 -0.0287815 0.999585 0.0141178 0.0 0.0 0.0 1.0
stairs/seq-03/color/frame-000095.color.png stairs/seq-03/color/frame-000098.color.png 0.999968 0.00703489 -0.00375736 0.00176951 -0.00698777 0.999898 0.012416 0.00030905 0.00384429 -0.0123894 0.999916 0.0125343 0.0 0.0 0.0 1.0
stairs/seq-03/color/frame-000096.color.png stairs/seq-03/color/frame-000099.color.png 0.999984 -0.00237491 -0.00518958 0.00650668 0.00243738 0.999924 0.0120576 -0.0100406 0.00516054 -0.01207 0.999914 0.0117299 0.0 0.0 0.0 1.0
stairs/seq-03/color/frame-000097.color.png stairs/seq-03/color/frame-000100.color.png 0.999957 -0.00692001 -0.00611178 0.0104979 0.00701362 0.999856 0.0154294 -0.027463 0.00600415 -0.0154716 0.999862 -6.24061e-05 0.0 0.0 0.0 1.0
stairs/seq-03/color/frame-000098.color.png stairs/seq-03/color/frame-000101.color.png 0.999952 -0.0084336 -0.0050467 0.00602621 0.00855306 0.999672 0.0241292 -0.0371776 0.00484155 -0.0241712 0.999696 0.0084675 0.0 0.0 0.0 1.0
stairs/seq-03/color/frame-000099.color.png stairs/seq-03/color/frame-000102.color.png 0.999988 -0.00325083 -0.00360089 0.00843972 0.00332397 0.999784 0.0205097 -0.0317805 0.00353342 -0.0205214 0.999783 0.00761968 0.0 0.0 0.0 1.0
stairs/seq-03/color/frame-000100.color.png stairs/seq-03/color/frame-000103.color.png 0.999994 0.00221029 -0.00281337 0.0125598 -0.00215371 0.999799 0.0199556 -0.0264438 0.00285689 -0.0199494 0.999797 0.00971484 0.0 0.0 0.0 1.0
stairs/seq-03/color/frame-000101.color.png stairs/seq-03/color/frame-000104.color.png 0.999955 0.00705865 -0.00641346 0.0214492 -0.00699284 0.999923 0.0102289 -0.0131201 0.00648517 -0.0101835 0.999927 0.00286233 0.0 0.0 0.0 1.0
stairs/seq-03/color/frame-000102.color.png stairs/seq-03/color/frame-000105.color.png 0.999908 0.0113328 -0.00750273 0.0195783 -0.011191 0.999763 0.018689 -0.0296305 0.00771278 -0.0186033 0.999797 0.000430882 0.0 0.0 0.0 1.0
stairs/seq-03/color/frame-000103.color.png stairs/seq-03/color/frame-000106.color.png 0.999911 0.00882791 -0.00995957 0.0206769 -0.0086115 0.99973 0.021566 -0.0318427 0.0101473 -0.0214784 0.999718 0.00541443 0.0 0.0 0.0 1.0
stairs/seq-03/color/frame-000104.color.png stairs/seq-03/color/frame-000107.color.png 0.999959 0.00852486 -0.0031346 0.0172667 -0.00844853 0.999686 0.0236011 -0.0404348 0.0033348 -0.0235736 0.999717 0.00562263 0.0 0.0 0.0 1.0
stairs/seq-03/color/frame-000105.color.png stairs/seq-03/color/frame-000108.color.png 0.999973 -0.0063019 0.00382181 0.00798833 0.00625627 0.99991 0.0118313 -0.0314372 -0.00389601 -0.011807 0.999923 0.0178178 0.0 0.0 0.0 1.0
stairs/seq-03/color/frame-000106.color.png stairs/seq-03/color/frame-000109.color.png 0.999994 -0.00272833 0.00207129 0.0137773 0.00272461 0.999995 0.00178596 -0.021025 -0.00207617 -0.00178025 0.999996 0.0127097 0.0 0.0 0.0 1.0
stairs/seq-03/color/frame-000107.color.png stairs/seq-03/color/frame-000110.color.png 0.999978 0.00198971 -0.00628385 0.0270322 -0.00201674 0.999989 -0.00429665 -0.0092091 0.00627524 0.0043092 0.999971 0.0150489 0.0 0.0 0.0 1.0
stairs/seq-03/color/frame-000108.color.png stairs/seq-03/color/frame-000111.color.png 0.999739 0.0195008 -0.0118663 0.0386345 -0.0195352 0.999805 -0.00279005 -0.0126374 0.0118096 0.00302111 0.999926 0.0053066 0.0 0.0 0.0 1.0
stairs/seq-03/color/frame-000109.color.png stairs/seq-03/color/frame-000112.color.png 0.999454 0.0246732 -0.0219851 0.0598221 -0.0248704 0.999652 -0.00874274 0.00573373 0.0217617 0.00928474 0.99972 0.00700021 0.0 0.0 0.0 1.0
stairs/seq-03/color/frame-000110.color.png stairs/seq-03/color/frame-000113.color.png 0.998818 0.0392976 -0.0286146 0.0655233 -0.039223 0.999225 0.00316478 -0.00601429 0.0287168 -0.00203871 0.999586 0.000650406 0.0 0.0 0.0 1.0
stairs/seq-03/color/frame-000111.color.png stairs/seq-03/color/frame-000114.color.png 0.998653 0.0395476 -0.0336044 0.0682109 -0.0392784 0.999191 0.00863517 -0.0094234 0.0339187 -0.0073036 0.999398 -0.00183696 0.0 0.0 0.0 1.0
stairs/seq-03/color/frame-000112.color.png stairs/seq-03/color/frame-000115.color.png 0.999143 0.0405051 -0.00848828 0.0278178 -0.0403966 0.999104 0.0125868 -0.0208558 0.00899052 -0.0122332 0.999885 0.0130076 0.0 0.0 0.0 1.0
stairs/seq-03/color/frame-000113.color.png stairs/seq-03/color/frame-000116.color.png 0.999872 0.015305 0.00468084 0.0166168 -0.0153239 0.999875 0.00400957 -0.0237561 -0.00461889 -0.00408074 0.999981 0.0211875 0.0 0.0 0.0 1.0
stairs/seq-03/color/frame-000114.color.png stairs/seq-03/color/frame-000117.color.png 0.999838 -0.0114202 0.013905 0.00969905 0.0116376 0.99981 -0.0156587 -0.00855345 -0.0137236 0.015818 0.999781 0.0302171 0.0 0.0 0.0 1.0
stairs/seq-03/color/frame-000115.color.png stairs/seq-03/color/frame-000118.color.png 0.999685 -0.0248092 0.00376502 0.0134416 0.024958 0.998599 -0.0466506 0.0885871 -0.00260243 0.0467299 0.998904 0.0336262 0.0 0.0 0.0 1.0
stairs/seq-03/color/frame-000116.color.png stairs/seq-03/color/frame-000119.color.png 0.999414 -0.0342345 0.00054799 0.0186827 0.034238 0.99915 -0.0229389 -0.0115913 0.000237796 0.0229442 0.999737 0.0220754 0.0 0.0 0.0 1.0
stairs/seq-03/color/frame-000117.color.png stairs/seq-03/color/frame-000120.color.png 0.999574 -0.0262169 -0.0128385 0.0340878 0.0260544 0.99958 -0.0126618 -0.0215133 0.013165 0.0123219 0.999838 0.00583804 0.0 0.0 0.0 1.0
stairs/seq-03/color/frame-000118.color.png stairs/seq-03/color/frame-000121.color.png 0.999804 -0.0169408 -0.0102687 0.0409572 0.016932 0.999856 -0.00094264 -0.049509 0.0102832 0.00076859 0.999947 -0.0093894 0.0 0.0 0.0 1.0
stairs/seq-03/color/frame-000119.color.png stairs/seq-03/color/frame-000122.color.png 0.999892 -0.0146157 -0.0016803 0.0177869 0.0146103 0.999888 -0.00320676 -0.0290067 0.00172697 0.00318191 0.999994 0.00606489 0.0 0.0 0.0 1.0
stairs/seq-03/color/frame-000120.color.png stairs/seq-03/color/frame-000123.color.png 0.999982 -0.00221102 0.00550806 0.0160083 0.00215386 0.999944 0.0103643 -0.0356541 -0.00553067 -0.0103522 0.999931 0.00939673 0.0 0.0 0.0 1.0
stairs/seq-03/color/frame-000121.color.png stairs/seq-03/color/frame-000124.color.png 0.999885 0.00446296 -0.0144713 0.044794 -0.00394574 0.999359 0.0355767 -0.108137 0.0146208 -0.0355155 0.999262 -0.0133798 0.0 0.0 0.0 1.0
stairs/seq-03/color/frame-000122.color.png stairs/seq-03/color/frame-000125.color.png 0.999333 0.0204038 -0.030271 0.0688545 -0.0189357 0.998667 0.0480171 -0.116708 0.0312104 -0.0474119 0.998388 -0.0358337 0.0 0.0 0.0 1.0
stairs/seq-03/color/frame-000123.color.png stairs/seq-03/color/frame-000126.color.png 0.998881 0.0319568 -0.0348554 0.0571742 -0.030947 0.999096 0.0291346 -0.029094 0.035755 -0.0280233 0.998968 -0.0316648 0.0 0.0 0.0 1.0
stairs/seq-03/color/frame-000124.color.png stairs/seq-03/color/frame-000127.color.png 0.999639 0.0246213 -0.0107129 0.0116876 -0.0243907 0.999479 0.0211381 -0.0151137 0.0112278 -0.0208692 0.999719 0.000117779 0.0 0.0 0.0 1.0
stairs/seq-03/color/frame-000125.color.png stairs/seq-03/color/frame-000128.color.png 0.999748 0.0217865 -0.0054335 0.00954455 -0.0216563 0.999501 0.0229789 -0.0232055 0.00593144 -0.0228554 0.999721 0.00352186 0.0 0.0 0.0 1.0
stairs/seq-03/color/frame-000126.color.png stairs/seq-03/color/frame-000129.color.png 0.99987 0.0132646 0.0092107 -0.00169611 -0.0134211 0.999763 0.0171472 -0.0255242 -0.00898108 -0.0172686 0.999811 0.0147929 0.0 0.0 0.0 1.0
stairs/seq-03/color/frame-000127.color.png stairs/seq-03/color/frame-000130.color.png 0.999929 0.0114575 0.003115 0.00354016 -0.0115123 0.999768 0.0181852 -0.0274553 -0.00290594 -0.0182198 0.99983 0.00976598 0.0 0.0 0.0 1.0
stairs/seq-03/color/frame-000128.color.png stairs/seq-03/color/frame-000131.color.png 0.999867 0.0108473 0.0122065 -0.0193114 -0.0106477 0.999811 -0.0162967 0.0747615 -0.012381 0.0161645 0.999793 0.0343311 0.0 0.0 0.0 1.0
stairs/seq-03/color/frame-000129.color.png stairs/seq-03/color/frame-000132.color.png 0.999985 0.00121663 0.00530366 -0.00841922 -0.00124675 0.999983 0.00568182 -0.0155953 -0.00529664 -0.00568836 0.99997 0.0189095 0.0 0.0 0.0 1.0
stairs/seq-03/color/frame-000130.color.png stairs/seq-03/color/frame-000133.color.png 0.999975 0.000263974 -0.00702608 0.0138182 -0.000202565 0.999962 0.00874262 -0.0293444 0.00702812 -0.00874098 0.999937 0.00255406 0.0 0.0 0.0 1.0
stairs/seq-03/color/frame-000131.color.png stairs/seq-03/color/frame-000134.color.png 0.999963 0.00334325 -0.00798837 0.00551969 -0.00327128 0.999954 0.00900439 -0.0193554 0.00801808 -0.00897793 0.999928 0.00816143 0.0 0.0 0.0 1.0
stairs/seq-03/color/frame-000132.color.png stairs/seq-03/color/frame-000135.color.png 0.999945 0.00424643 -0.00959053 0.00628096 -0.00414641 0.999937 0.0104265 -0.0247969 0.00963418 -0.0103862 0.9999 0.00429267 0.0 0.0 0.0 1.0
stairs/seq-03/color/frame-000133.color.png stairs/seq-03/color/frame-000136.color.png 0.999916 0.00858918 -0.00972127 0.00277096 -0.00852805 0.999944 0.00630803 -0.0222269 0.00977491 -0.00622456 0.999933 0.00833726 0.0 0.0 0.0 1.0
stairs/seq-03/color/frame-000134.color.png stairs/seq-03/color/frame-000137.color.png 0.99995 0.00887878 -0.00460797 -0.000462949 -0.00884048 0.999927 0.00826158 -0.0276276 0.00468097 -0.00822043 0.999955 0.0160673 0.0 0.0 0.0 1.0
stairs/seq-03/color/frame-000135.color.png stairs/seq-03/color/frame-000138.color.png 0.999918 0.00431068 -0.0120591 0.00152421 -0.00422134 0.999964 0.00741975 -0.0309096 0.0120907 -0.00736827 0.9999 0.0101132 0.0 0.0 0.0 1.0
stairs/seq-03/color/frame-000136.color.png stairs/seq-03/color/frame-000139.color.png 0.999971 0.00767255 -0.000153257 -0.0137048 -0.00766989 0.999883 0.0132287 -0.0348114 0.000254713 -0.0132271 0.999913 0.0170446 0.0 0.0 0.0 1.0
stairs/seq-03/color/frame-000137.color.png stairs/seq-03/color/frame-000140.color.png 0.999848 -0.00215081 0.017326 -0.0266034 0.00203845 0.999977 0.00650117 -0.0463857 -0.0173396 -0.00646489 0.999829 0.0257946 0.0 0.0 0.0 1.0
stairs/seq-03/color/frame-000138.color.png stairs/seq-03/color/frame-000141.color.png 0.999255 -0.00264412 0.0384933 -0.0566304 0.00235768 0.999969 0.00748425 -0.0401011 -0.0385119 -0.00738793 0.999231 0.0409639 0.0 0.0 0.0 1.0
stairs/seq-03/color/frame-000139.color.png stairs/seq-03/color/frame-000142.color.png 0.997736 -0.0178647 0.064835 -0.111004 0.0193108 0.999577 -0.0217463 0.0325903 -0.0644191 0.022949 0.997659 0.0368367 0.0 0.0 0.0 1.0
stairs/seq-03/color/frame-000140.color.png stairs/seq-03/color/frame-000143.color.png 0.998763 -0.0314778 0.0384983 -0.0562634 0.0312509 0.99949 0.00648141 -0.0426043 -0.0386827 -0.00527025 0.999238 0.0380265 0.0 0.0 0.0 1.0
stairs/seq-03/color/frame-000141.color.png stairs/seq-03/color/frame-000144.color.png 0.998827 -0.0280147 0.0395078 -0.0659122 0.0277332 0.999586 0.00765482 -0.0440399 -0.0397059 -0.00655016 0.99919 0.0443448 0.0 0.0 0.0 1.0
stairs/seq-03/color/frame-000142.color.png stairs/seq-03/color/frame-000145.color.png 0.999665 -0.0218851 0.0138208 -0.0110794 0.0215633 0.999502 0.0230211 -0.0823546 -0.0143178 -0.0227153 0.999639 0.04106 0.0 0.0 0.0 1.0
stairs/seq-03/color/frame-000143.color.png stairs/seq-03/color/frame-000146.color.png 0.999787 -0.0128832 0.0161387 -0.0329957 0.0127054 0.999858 0.0110707 -0.0359879 -0.016279 -0.0108633 0.999809 0.0193819 0.0 0.0 0.0 1.0
stairs/seq-03/color/frame-000144.color.png stairs/seq-03/color/frame-000147.color.png 0.999915 -0.0108724 0.00722609 -0.0175102 0.0107524 0.999807 0.0164445 -0.0448038 -0.00740351 -0.0163654 0.999839 0.00914782 0.0 0.0 0.0 1.0
stairs/seq-03/color/frame-000145.color.png stairs/seq-03/color/frame-000148.color.png 0.999723 -0.0186613 0.0143122 -0.0251476 0.0182557 0.999442 0.0279603 -0.0853833 -0.014826 -0.0276913 0.999507 0.0197892 0.0 0.0 0.0 1.0
stairs/seq-03/color/frame-000146.color.png stairs/seq-03/color/frame-000149.color.png 0.999879 -0.0146631 0.0051749 -0.0127723 0.0145804 0.999771 0.0156673 -0.0465297 -0.00540344 -0.0155899 0.999864 0.00373977 0.0 0.0 0.0 1.0
stairs/seq-03/color/frame-000147.color.png stairs/seq-03/color/frame-000150.color.png 0.999941 -0.00800408 0.00735179 -0.0147418 0.00789833 0.999866 0.0143072 -0.0399175 -0.00746533 -0.0142484 0.999871 0.00631917 0.0 0.0 0.0 1.0
stairs/seq-03/color/frame-000148.color.png stairs/seq-03/color/frame-000151.color.png 0.99999 -0.0021766 -0.00392983 0.00137705 0.00220896 0.999964 0.0082451 -0.0186927 0.00391177 -0.00825374 0.999958 -0.00318408 0.0 0.0 0.0 1.0
stairs/seq-03/color/frame-000149.color.png stairs/seq-03/color/frame-000152.color.png 0.999692 0.0141671 -0.0203698 0.028564 -0.0136432 0.999578 0.0256357 -0.0379291 0.0207245 -0.0253499 0.999464 -0.0177563 0.0 0.0 0.0 1.0
stairs/seq-03/color/frame-000150.color.png stairs/seq-03/color/frame-000153.color.png 0.999609 0.0198746 -0.0196669 0.0310895 -0.0192874 0.999376 0.0296109 -0.0380887 0.0202431 -0.0292199 0.999368 -0.0189428 0.0 0.0 0.0 1.0
stairs/seq-03/color/frame-000151.color.png stairs/seq-03/color/frame-000154.color.png 0.999189 0.0278466 -0.0290876 0.0550309 -0.0266621 0.99883 0.0403433 -0.0487869 0.030177 -0.0395349 0.998762 -0.0351877 0.0 0.0 0.0 1.0
stairs/seq-03/color/frame-000152.color.png stairs/seq-03/color/frame-000155.color.png 0.999375 0.0322654 -0.0144339 0.028273 -0.0317052 0.998794 0.0374823 -0.0366435 0.0156258 -0.0370013 0.999193 -0.0157776 0.0 0.0 0.0 1.0
stairs/seq-03/color/frame-000153.color.png stairs/seq-03/color/frame-000156.color.png 0.999388 0.0249438 -0.0245293 0.0572739 -0.0240855 0.999108 0.034684 -0.0309508 0.0253726 -0.0340719 0.999097 -0.0335329 0.0 0.0 0.0 1.0
stairs/seq-03/color/frame-000154.color.png stairs/seq-03/color/frame-000157.color.png 0.998074 0.0346474 -0.0514585 0.0920983 -0.0321936 0.998339 0.0477725 -0.0396172 0.0530283 -0.0460239 0.997532 -0.0519665 0.0 0.0 0.0 1.0
stairs/seq-03/color/frame-000155.color.png stairs/seq-03/color/frame-000158.color.png 0.997398 0.0441187 -0.0570205 0.0960787 -0.0407063 0.997387 0.0596808 -0.0526792 0.0595046 -0.0572043 0.996588 -0.0578852 0.0 0.0 0.0 1.0
stairs/seq-03/color/frame-000156.color.png stairs/seq-03/color/frame-000159.color.png 0.995795 0.0557607 -0.0726836 0.115925 -0.048669 0.994197 0.0959338 -0.146856 0.0776112 -0.0919929 0.99273 -0.0582652 0.0 0.0 0.0 1.0
stairs/seq-03/color/frame-000157.color.png stairs/seq-03/color/frame-000160.color.png 0.997136 0.0551002 -0.0518074 0.0776006 -0.0516026 0.996446 0.066584 -0.0521914 0.055292 -0.0637199 0.996435 -0.0372041 0.0 0.0 0.0 1.0
stairs/seq-03/color/frame-000158.color.png stairs/seq-03/color/frame-000161.color.png 0.99853 0.0375989 -0.0390349 0.061419 -0.0356169 0.998099 0.0502875 -0.048856 0.0408515 -0.0488233 0.997972 -0.026831 0.0 0.0 0.0 1.0
stairs/seq-03/color/frame-000159.color.png stairs/seq-03/color/frame-000162.color.png 0.999387 0.0301642 -0.0177884 0.0331756 -0.0294384 0.998776 0.0397404 -0.0553839 0.0189653 -0.0391924 0.999052 -0.0137714 0.0 0.0 0.0 1.0
stairs/seq-03/color/frame-000160.color.png stairs/seq-03/color/frame-000163.color.png 0.99995 0.0100198 -0.00031125 0.00631738 -0.0100149 0.999863 0.013194 -0.0189397 0.000443438 -0.0131903 0.999913 0.0172563 0.0 0.0 0.0 1.0
stairs/seq-03/color/frame-000161.color.png stairs/seq-03/color/frame-000164.color.png 0.999854 0.00493088 -0.0163565 0.0372875 -0.00482297 0.999966 0.00662781 -0.017608 0.0163886 -0.00654795 0.999844 0.00577927 0.0 0.0 0.0 1.0
stairs/seq-03/color/frame-000162.color.png stairs/seq-03/color/frame-000165.color.png 0.999509 0.00302669 -0.0311894 0.069347 -0.00329509 0.999958 -0.00855735 0.0249813 0.0311622 0.00865596 0.999477 -0.00161123 0.0 0.0 0.0 1.0
stairs/seq-03/color/frame-000163.color.png stairs/seq-03/color/frame-000166.color.png 0.999716 0.0117493 -0.0207089 0.0484344 -0.0117572 0.999931 -0.000264848 -0.0113108 0.0207044 0.000508165 0.999785 0.00664818 0.0 0.0 0.0 1.0
stairs/seq-03/color/frame-000164.color.png stairs/seq-03/color/frame-000167.color.png 0.999873 0.0135719 0.00838921 0.00233889 -0.0134968 0.999869 -0.00894953 -0.00210404 -0.00850953 0.00883505 0.999925 0.0332035 0.0 0.0 0.0 1.0
stairs/seq-03/color/frame-000165.color.png stairs/seq-03/color/frame-000168.color.png 0.999711 -0.0017629 0.0239582 -0.0168878 0.00235927 0.999687 -0.0248868 0.0171742 -0.0239069 0.0249362 0.999403 0.0473011 0.0 0.0 0.0 1.0
stairs/seq-03/color/frame-000166.color.png stairs/seq-03/color/frame-000169.color.png 0.999839 -0.0103265 0.0146631 0.00269723 0.0106966 0.99962 -0.0253901 0.0156407 -0.0143954 0.025543 0.99957 0.0339009 0.0 0.0 0.0 1.0
stairs/seq-03/color/frame-000167.color.png stairs/seq-03/color/frame-000170.color.png 0.999976 -0.0066379 0.00192985 0.00998247 0.00667343 0.999797 -0.019015 0.0229348 -0.00180325 0.0190274 0.999817 0.0301335 0.0 0.0 0.0 1.0
stairs/seq-03/color/frame-000168.color.png stairs/seq-03/color/frame-000171.color.png 0.999909 0.00685332 -0.0116343 0.0322481 -0.00683501 0.999975 0.0016143 -0.00718904 0.0116452 -0.00153465 0.999931 0.0201451 0.0 0.0 0.0 1.0
stairs/seq-03/color/frame-000169.color.png stairs/seq-03/color/frame-000172.color.png 0.99999 0.00347428 -0.00293025 0.0220768 -0.00346288 0.999986 0.00388032 -0.0117202 0.00294368 -0.00387011 0.999988 0.0223811 0.0 0.0 0.0 1.0
stairs/seq-03/color/frame-000170.color.png stairs/seq-03/color/frame-000173.color.png 0.999834 -0.0106391 -0.0147606 0.0539664 0.0107764 0.999899 0.00926178 -0.0323974 0.0146606 -0.00941929 0.999848 0.00414121 0.0 0.0 0.0 1.0
stairs/seq-03/color/frame-000171.color.png stairs/seq-03/color/frame-000174.color.png 0.999897 -0.0129636 -0.00608913 0.0319773 0.0130118 0.999884 0.00795097 -0.0319025 0.0059854 -0.0080294 0.99995 0.0132426 0.0 0.0 0.0 1.0
stairs/seq-03/color/frame-000172.color.png stairs/seq-03/color/frame-000175.color.png 0.999942 -0.00831307 -0.00691594 0.0276123 0.00833538 0.99996 0.00320368 -0.0189999 0.00688903 -0.00326121 0.999971 0.0152774 0.0 0.0 0.0 1.0
stairs/seq-03/color/frame-000173.color.png stairs/seq-03/color/frame-000176.color.png 0.99996 -0.00471673 0.00757716 0.00643677 0.00473767 0.999985 -0.00274731 -0.0152429 -0.00756413 0.00278315 0.999968 0.0302986 0.0 0.0 0.0 1.0
stairs/seq-03/color/frame-000174.color.png stairs/seq-03/color/frame-000177.color.png 0.999944 -0.00888109 0.00576424 0.00512981 0.00894943 0.999889 -0.011946 0.0106619 -0.0056575 0.0119969 0.999912 0.0308011 0.0 0.0 0.0 1.0
stairs/seq-03/color/frame-000175.color.png stairs/seq-03/color/frame-000178.color.png 0.999985 -0.00429652 0.00326503 0.00082761 0.00432625 0.999949 -0.00917392 0.00754237 -0.00322538 0.00918794 0.999953 0.0300779 0.0 0.0 0.0 1.0
