stairs/seq-03/color/frame-000000.color.png stairs/seq-03/color/frame-000001.color.png 1.0 -0.000224128 -0.000251496 -0.000487103 0.000223606 0.999998 -0.00207508 -0.00335355 0.000251961 0.00207502 0.999998 0.000439543 0.0 0.0 0.0 1.0
stairs/seq-03/color/frame-000001.color.png stairs/seq-03/color/frame-000002.color.png 0.999987 -0.00312592 -0.00399916 0.0039832 0.00311553 0.999992 -0.00260161 0.00363801 0.00400725 0.00258912 0.999989 -0.000651423 0.0 0.0 0.0 1.0
stairs/seq-03/color/frame-000002.color.png stairs/seq-03/color/frame-000003.color.png 0.999995 2.32669e-05 0.00312068 -0.0034706 -2.64676e-05 0.999999 0.00102552 -0.00423544 -0.00312066 -0.0010256 0.999995 0.00200785 0.0 0.0 0.0 1.0
stairs/seq-03/color/frame-000003.color.png stairs/seq-03/color/frame-000004.color.png 0.999999 -0.00106518 -2.32533e-05 0.00120013 0.00106516 0.999999 -0.000868031 0.00115531 2.41779e-05 0.000868006 1.0 -2.66309e-05 0.0 0.0 0.0 1.0
stairs/seq-03/color/frame-000004.color.png stairs/seq-03/color/frame-000005.color.png 0.999998 -0.000995992 -0.00188554 0.00379223 0.000993009 0.999998 -0.00158233 -0.000177906 0.00188712 0.00158045 0.999997 -0.00200112 0.0 0.0 0.0 1.0
stairs/seq-03/color/frame-000005.color.png stairs/seq-03/color/frame-000006.color.png 0.999999 -0.00131159 -0.000176255 7.90772e-05 0.00131154 0.999999 -0.000298464 -0.000282255 0.000176647 0.000298234 1.0 0.00192188 0.0 0.0 0.0 1.0
stairs/seq-03/color/frame-000006.color.png stairs/seq-03/color/frame-000007.color.png 0.999999 -0.000454419 0.00134866 -0.00282907 0.000457068 0.999998 -0.00196411 0.000914504 -0.00134776 0.00196472 0.999997 0.00175699 0.0 0.0 0.0 1.0
stairs/seq-03/color/frame-000007.color.png stairs/seq-03/color/frame-000008.color.png 1.0 0.000380214 -0.000626851 -0.000350611 -0.000380244 1.0 -4.86947e-05 0.00173411 0.000626832 4.89318e-05 1.0 0.00363402 0.0 0.0 0.0 1.0
stairs/seq-03/color/frame-000008.color.png stairs/seq-03/color/frame-000009.color.png 0.999998 0.000498725 -0.00175879 0.00264442 -0.00049971 1.0 -0.000559909 -0.00101963 0.00175851 0.000560786 0.999998 0.000229385 0.0 0.0 0.0 1.0
stairs/seq-03/color/frame-000009.color.png stairs/seq-03/color/frame-000010.color.png 0.999999 0.000820282 -0.00152754 0.00184143 -0.000822953 0.999998 -0.0017483 -0.000426458 0.00152611 0.00174956 0.999997 0.000906393 0.0 0.0 0.0 1.0
stairs/seq-03/color/frame-000010.color.png stairs/seq-03/color/frame-000011.color.png 0.999991 0.00181428 -0.00383517 0.00295282 -0.00182647 0.999993 -0.00317704 -0.00269102 0.00382938 0.00318401 0.999988 0.00119262 0.0 0.0 0.0 1.0
stairs/seq-03/color/frame-000011.color.png stairs/seq-03/color/frame-000012.color.png 0.999999 0.00144828 0.000339947 -0.00205607 -0.00144807 0.999999 -0.000637518 -0.00243957 -0.000340867 0.000637027 1.0 0.000858507 0.0 0.0 0.0 1.0
stairs/seq-03/color/frame-000012.color.png stairs/seq-03/color/frame-000013.color.png 0.999967 -0.00103438 -0.00802492 0.0133319 0.0010115 0.999995 -0.00285482 0.00311205 0.00802783 0.0028466 0.999964 -0.00379539 0.0 0.0 0.0 1.0
stairs/seq-03/color/frame-000013.color.png stairs/seq-03/color/frame-000014.color.png 0.999986 -0.00124388 -0.00517949 0.00369385 0.00122906 0.999995 -0.00286309 -0.00132597 0.00518303 0.00285669 0.999982 0.00483005 0.0 0.0 0.0 1.0
stairs/seq-03/color/frame-000014.color.png stairs/seq-03/color/frame-000015.color.png 0.99997 -0.00172425 -0.00749711 0.00768301 0.00167541 0.999977 -0.00651554 0.00146735 0.00750817 0.00650278 0.999951 0.00130795 0.0 0.0 0.0 1.0
stairs/seq-03/color/frame-000015.color.png stairs/seq-03/color/frame-000016.color.png 0.999981 -0.00249956 -0.00558689 0.00431591 0.0024931 0.999996 -0.00116277 0.00234677 0.00558977 0.00114881 0.999984 0.00495316 0.0 0.0 0.0 1.0
stairs/seq-03/color/frame-000016.color.png stairs/seq-03/color/frame-000017.color.png 0.999963 -0.00342335 -0.00791206 0.0117723 0.00343765 0.999992 0.00179457 -0.00375107 0.00790586 -0.0018217 0.999967 -0.0029243 0.0 0.0 0.0 1.0
stairs/seq-03/color/frame-000017.color.png stairs/seq-03/color/frame-000018.color.png 0.999979 0.00183841 -0.00625369 0.00900775 -0.00181901 0.999994 0.00310641 -0.0017486 0.00625935 -0.00309497 0.999976 0.00226032 0.0 0.0 0.0 1.0
stairs/seq-03/color/frame-000018.color.png stairs/seq-03/color/frame-000019.color.png 0.999999 -0.000622638 0.00111002 0.00558621 0.000622223 1.0 0.000372551 -0.00229928 -0.00111024 -0.000371854 0.999999 0.00348078 0.0 0.0 0.0 1.0
stairs/seq-03/color/frame-000019.color.png stairs/seq-03/color/frame-000020.color.png 0.999903 0.000980914 -0.0138766 0.0149205 -0.00093017 0.999993 0.00366265 0.00218197 0.0138801 -0.00364939 0.999897 6.94823e-05 0.0 0.0 0.0 1.0
stairs/seq-03/color/frame-000020.color.png stairs/seq-03/color/frame-000021.color.png 0.999973 0.00572463 0.00469625 0.00496703 -0.00572002 0.999983 -0.000993757 -0.00495913 -0.00470185 0.000966868 0.999988 0.000289323 0.0 0.0 0.0 1.0
stairs/seq-03/color/frame-000021.color.png stairs/seq-03/color/frame-000022.color.png 0.999956 -0.00769389 -0.00537536 0.00334006 0.00767853 0.999966 -0.00287066 0.00097173 0.00539727 0.00282925 0.999982 0.00882347 0.0 0.0 0.0 1.0
stairs/seq-03/color/frame-000022.color.png stairs/seq-03/color/frame-000023.color.png 0.999975 -0.00266405 -0.00657014 0.0105225 0.00268366 0.999992 0.00297849 -0.00808756 0.00656215 -0.00299604 0.999974 -0.0050023 0.0 0.0 0.0 1.0
stairs/seq-03/color/frame-000023.color.png stairs/seq-03/color/frame-000024.color.png 0.999994 -0.00349587 -0.000235764 0.00279474 0.00349583 0.999994 -0.000154003 0.000486676 0.000236283 0.000153178 1.0 0.0103545 0.0 0.0 0.0 1.0
stairs/seq-03/color/frame-000024.color.png stairs/seq-03/color/frame-000025.color.png 0.999994 0.00141501 0.00313072 -0.00325832 -0.00140909 0.999997 -0.00189219 0.00296188 -0.00313339 0.00188776 0.999993 0.0110363 0.0 0.0 0.0 1.0
stairs/seq-03/color/frame-000025.color.png stairs/seq-03/color/frame-000026.color.png 0.999994 0.00328122 -0.00123749 0.00178719 -0.00328663 0.999985 -0.00439789 -0.00209871 0.00122305 0.00440193 0.99999 0.00910021 0.0 0.0 0.0 1.0
stairs/seq-03/color/frame-000026.color.png stairs/seq-03/color/frame-000027.color.png 0.999983 0.00459864 0.00357052 0.00405563 -0.00460572 0.999987 0.00197726 -0.00567903 -0.00356138 -0.00199367 0.999992 0.0135816 0.0 0.0 0.0 1.0
stairs/seq-03/color/frame-000027.color.png stairs/seq-03/color/frame-000028.color.png 0.999989 0.00429796 0.00184129 -0.0014569 -0.00429549 0.99999 -0.00133848 -0.00627103 -0.00184704 0.00133055 0.999997 0.0160387 0.0 0.0 0.0 1.0
stairs/seq-03/color/frame-000028.color.png stairs/seq-03/color/frame-000029.color.png 0.999996 -0.00255211 0.00110674 0.00287475 0.00255023 0.999995 0.00169861 -0.00627636 -0.00111106 -0.00169578 0.999998 0.0117014 0.0 0.0 0.0 1.0
stairs/seq-03/color/frame-000029.color.png stairs/seq-03/color/frame-000030.color.png 0.999994 0.00247443 -0.0025693 0.00636154 -0.00247744 0.999996 -0.00117207 -0.0062926 0.00256637 0.00117843 0.999996 0.00628903 0.0 0.0 0.0 1.0
stairs/seq-03/color/frame-000030.color.png stairs/seq-03/color/frame-000031.color.png 0.999972 0.00239591 0.00703066 -0.00200683 -0.00237375 0.999992 -0.00315923 -0.00768299 -0.00703816 0.00314246 0.99997 0.0174931 0.0 0.0 0.0 1.0
stairs/seq-03/color/frame-000031.color.png stairs/seq-03/color/frame-000032.color.png 0.999985 0.000882807 0.00547298 -0.00519275 -0.000869272 0.999997 -0.00247514 -0.00517813 -0.00547515 0.00247035 0.999982 0.0170207 0.0 0.0 0.0 1.0
stairs/seq-03/color/frame-000032.color.png stairs/seq-03/color/frame-000033.color.png 0.999998 0.000126541 -0.00219524 0.00787824 -0.000125774 1.0 0.000349495 -0.00811106 0.00219527 -0.000349224 0.999998 0.00459781 0.0 0.0 0.0 1.0
stairs/seq-03/color/frame-000033.color.png stairs/seq-03/color/frame-000034.color.png 0.999989 -0.00186877 0.00438412 -0.00335719 0.00187849 0.999996 -0.00221508 -0.010316 -0.00437993 0.0022233 0.999988 0.0107564 0.0 0.0 0.0 1.0
stairs/seq-03/color/frame-000034.color.png stairs/seq-03/color/frame-000035.color.png 0.999993 -0.00307046 0.00221263 -0.000690326 0.0030779 0.99999 -0.00336501 -0.000990801 -0.00220228 0.00337179 0.999992 0.0123581 0.0 0.0 0.0 1.0
stairs/seq-03/color/frame-000035.color.png stairs/seq-03/color/frame-000036.color.png 0.999998 -0.000898222 0.00168018 -0.000264972 0.000899479 0.999999 -0.000748842 -0.00785562 -0.00167952 0.00075035 0.999998 0.0160415 0.0 0.0 0.0 1.0
stairs/seq-03/color/frame-000036.color.png stairs/seq-03/color/frame-000037.color.png 0.999993 0.00343295 -0.00157477 3.82587e-05 -0.00343233 0.999994 0.000396547 -0.00753876 0.00157612 -0.000391134 0.999999 0.00562403 0.0 0.0 0.0 1.0
stairs/seq-03/color/frame-000037.color.png stairs/seq-03/color/frame-000038.color.png 0.999996 -0.000832019 0.00260232 -0.00470901 0.000839559 0.999995 -0.00289756 -0.00249577 -0.0025999 0.00289972 0.999992 0.0089066 0.0 0.0 0.0 1.0
stairs/seq-03/color/frame-000038.color.png stairs/seq-03/color/frame-000039.color.png 0.999996 0.00216371 -0.00175024 0.00162218 -0.00216113 0.999997 0.00147623 -0.00746664 0.00175343 -0.00147244 0.999997 0.0091563 0.0 0.0 0.0 1.0
stairs/seq-03/color/frame-000039.color.png stairs/seq-03/color/frame-000040.color.png 0.999976 -0.0024491 0.0065285 -0.00505643 0.00246268 0.999995 -0.00207274 -0.00929824 -0.00652338 0.00208877 0.999976 0.00674401 0.0 0.0 0.0 1.0
stairs/seq-03/color/frame-000040.color.png stairs/seq-03/color/frame-000041.color.png 0.999988 -0.00418145 0.00256934 -0.000527784 0.00417421 0.999987 0.00281803 -0.00784799 -0.00258109 -0.00280728 0.999993 0.0151208 0.0 0.0 0.0 1.0
stairs/seq-03/color/frame-000041.color.png stairs/seq-03/color/frame-000042.color.png 0.999983 -0.00156305 0.00561654 -0.00508945 0.00156351 0.999999 -7.73648e-05 0.0015123 -0.00561641 8.61493e-05 0.999984 0.0101016 0.0 0.0 0.0 1.0
stairs/seq-03/color/frame-000042.color.png stairs/seq-03/color/frame-000043.color.png 0.999986 0.00340301 0.00405227 0.000679202 -0.00341289 0.999991 0.00243219 -0.00236809 -0.00404397 -0.00244599 0.999989 0.00690831 0.0 0.0 0.0 1.0
stairs/seq-03/color/frame-000043.color.png stairs/seq-03/color/frame-000044.color.png 0.999998 0.00202499 0.000526663 0.000406392 -0.0020256 0.999997 0.00114948 -0.00491773 -0.000524324 -0.00115054 0.999999 0.00963314 0.0 0.0 0.0 1.0
stairs/seq-03/color/frame-000044.color.png stairs/seq-03/color/frame-000045.color.png 0.999999 0.00106511 -0.000718696 -0.00138416 -0.00106738 0.999994 -0.00316941 0.00224383 0.000715313 0.00317017 0.999995 0.0138493 0.0 0.0 0.0 1.0
stairs/seq-03/color/frame-000045.color.png stairs/seq-03/color/frame-000046.color.png 0.999998 0.000399537 0.00183378 0.00417066 -0.000402729 0.999998 0.00174117 -0.00526275 -0.00183308 -0.00174191 0.999997 0.0133397 0.0 0.0 0.0 1.0
stairs/seq-03/color/frame-000046.color.png stairs/seq-03/color/frame-000047.color.png 0.999984 -0.00182264 -0.0054094 0.00900973 0.00180812 0.999995 -0.00268909 -0.001072 0.00541427 0.00267927 0.999982 0.0064081 0.0 0.0 0.0 1.0
stairs/seq-03/color/frame-000047.color.png stairs/seq-03/color/frame-000048.color.png 0.999992 -0.00102728 -0.0037519 0.007312 0.00103136 0.999999 0.00108455 -0.00393726 0.00375079 -0.0010884 0.999992 0.0107112 0.0 0.0 0.0 1.0
stairs/seq-03/color/frame-000048.color.png stairs/seq-03/color/frame-000049.color.png 0.999972 -0.000374949 -0.00742994 0.0126403 0.000367887 0.999999 -0.000952097 -0.000395611 0.0074303 0.00094933 0.999972 0.0124434 0.0 0.0 0.0 1.0
stairs/seq-03/color/frame-000049.color.png stairs/seq-03/color/frame-000050.color.png 0.999997 0.00155546 -0.00164007 0.0108009 -0.00155912 0.999996 -0.00223118 -0.00334577 0.00163659 0.00223373 0.999996 0.0115066 0.0 0.0 0.0 1.0
stairs/seq-03/color/frame-000050.color.png stairs/seq-03/color/frame-000051.color.png 0.999981 0.0024836 -0.00570316 0.0185046 -0.00248491 0.999997 -0.000221707 -0.00164002 0.0057026 0.000235879 0.999984 0.0096184 0.0 0.0 0.0 1.0
stairs/seq-03/color/frame-000051.color.png stairs/seq-03/color/frame-000052.color.png 0.99997 0.00093015 -0.00769082 0.0186396 -0.000878588 0.999977 0.00670509 -0.0068296 0.00769688 -0.00669813 0.999948 0.0124337 0.0 0.0 0.0 1.0
stairs/seq-03/color/frame-000052.color.png stairs/seq-03/color/frame-000053.color.png 0.999987 0.000639624 -0.00505356 0.0180539 -0.000604152 0.999975 0.00701756 -0.00423145 0.00505792 -0.00701442 0.999963 0.0104461 0.0 0.0 0.0 1.0
stairs/seq-03/color/frame-000053.color.png stairs/seq-03/color/frame-000054.color.png 0.999996 -0.00126042 -0.00260977 0.0130568 0.00125435 0.999996 -0.0023267 0.00173587 0.00261269 0.00232342 0.999994 0.0169697 0.0 0.0 0.0 1.0
stairs/seq-03/color/frame-000054.color.png stairs/seq-03/color/frame-000055.color.png 0.999906 0.00667397 -0.0120024 0.0301981 -0.00667191 0.999978 0.000211611 -0.00441542 0.0120036 -0.000131509 0.999928 0.0155567 0.0 0.0 0.0 1.0
stairs/seq-03/color/frame-000055.color.png stairs/seq-03/color/frame-000056.color.png 0.999944 0.00162344 -0.0104662 0.0214202 -0.00165593 0.999994 -0.00309671 -0.00537769 0.0104611 0.00311386 0.99994 0.00941235 0.0 0.0 0.0 1.0
stairs/seq-03/color/frame-000056.color.png stairs/seq-03/color/frame-000057.color.png 0.999966 -0.000866306 -0.00823005 0.0184 0.000856367 0.999999 -0.00121106 -0.00107855 0.00823109 0.00120396 0.999965 0.0111177 0.0 0.0 0.0 1.0
stairs/seq-03/color/frame-000057.color.png stairs/seq-03/color/frame-000058.color.png 0.999971 -0.00347452 -0.00672221 0.0201138 0.00348889 0.999992 0.00212582 -0.00457215 0.00671478 -0.00214921 0.999975 0.0054546 0.0 0.0 0.0 1.0
stairs/seq-03/color/frame-000058.color.png stairs/seq-03/color/frame-000059.color.png 0.999935 -0.004808 -0.0102957 0.0199379 0.00479793 0.999988 -0.00100191 -0.0029965 0.0103003 0.000952443 0.999946 0.00771362 0.0 0.0 0.0 1.0
stairs/seq-03/color/frame-000059.color.png stairs/seq-03/color/frame-000060.color.png 0.999978 -0.00371548 -0.00545334 0.0137936 0.00370955 0.999992 -0.00109775 -0.00190572 0.00545739 0.0010775 0.999985 0.0116647 0.0 0.0 0.0 1.0
stairs/seq-03/color/frame-000060.color.png stairs/seq-03/color/frame-000061.color.png 0.999947 -0.00208352 -0.0101196 0.0191374 0.00207311 0.999997 -0.00103827 0.000977755 0.0101218 0.00101723 0.999948 0.00851861 0.0 0.0 0.0 1.0
stairs/seq-03/color/frame-000061.color.png stairs/seq-03/color/frame-000062.color.png 0.999961 0.000279773 -0.00878107 0.0185526 -0.000309142 0.999994 -0.00334398 0.00443089 0.00878003 0.00334656 0.999956 0.0039638 0.0 0.0 0.0 1.0
stairs/seq-03/color/frame-000062.color.png stairs/seq-03/color/frame-000063.color.png 0.99992 -0.000476048 -0.0126274 0.0236132 0.000445155 0.999997 -0.00244898 0.00188173 0.0126285 0.00244318 0.999917 8.36551e-05 0.0 0.0 0.0 1.0
stairs/seq-03/color/frame-000063.color.png stairs/seq-03/color/frame-000064.color.png 0.999978 0.00398276 -0.0052642 0.0153244 -0.00399068 0.999991 -0.00149362 0.000788242 0.0052582 0.0015146 0.999985 0.0115013 0.0 0.0 0.0 1.0
stairs/seq-03/color/frame-000064.color.png stairs/seq-03/color/frame-000065.color.png 0.999987 -0.00108317 -0.00498196 0.0160735 0.00109104 0.999998 0.00157657 -0.00195467 0.0049803 -0.00158199 0.999986 0.00366786 0.0 0.0 0.0 1.0
stairs/seq-03/color/frame-000065.color.png stairs/seq-03/color/frame-000066.color.png 0.999982 0.00154434 -0.00584007 0.0148665 -0.0015611 0.999995 -0.00286687 0.000239953 0.00583563 0.00287593 0.999979 0.000837892 0.0 0.0 0.0 1.0
stairs/seq-03/color/frame-000066.color.png stairs/seq-03/color/frame-000067.color.png 0.999979 0.00213993 -0.00603358 0.0104565 -0.00214768 0.999997 -0.00127746 0.00404711 0.00603084 0.0012904 0.999981 0.00974074 0.0 0.0 0.0 1.0
stairs/seq-03/color/frame-000067.color.png stairs/seq-03/color/frame-000068.color.png 0.999986 0.000783752 -0.00525318 0.0137919 -0.000814959 0.999982 -0.00594127 0.0055372 0.00524841 0.00594546 0.999969 0.000951648 0.0 0.0 0.0 1.0
stairs/seq-03/color/frame-000068.color.png stairs/seq-03/color/frame-000069.color.png 0.99999 -0.00353388 -0.00267352 0.00605261 0.00353765 0.999993 0.00140458 -6.73532e-06 0.0026685 -0.00141402 0.999995 0.00241071 0.0 0.0 0.0 1.0
stairs/seq-03/color/frame-000069.color.png stairs/seq-03/color/frame-000070.color.png 0.99998 -0.000438973 -0.00638185 0.0116236 0.000446326 0.999999 0.00115095 -0.00480948 0.00638138 -0.00115378 0.999979 0.00233299 0.0 0.0 0.0 1.0
stairs/seq-03/color/frame-000070.color.png stairs/seq-03/color/frame-000071.color.png 0.999976 -0.00377212 0.00576686 -0.000880629 0.00378355 0.999991 -0.00197272 -0.00112753 -0.00575939 0.00199449 0.999981 0.00684273 0.0 0.0 0.0 1.0
stairs/seq-03/color/frame-000071.color.png stairs/seq-03/color/frame-000072.color.png 0.999985 -0.00546993 0.000589474 0.00536519 0.00546801 0.99998 0.00320129 -0.00175971 -0.000606957 -0.00319801 0.999995 0.00765955 0.0 0.0 0.0 1.0
stairs/seq-03/color/frame-000072.color.png stairs/seq-03/color/frame-000073.color.png 0.999989 -0.00054807 -0.00455595 0.00808117 0.000561927 0.999995 0.00303969 -0.00371952 0.00455422 -0.00304223 0.999985 0.00141633 0.0 0.0 0.0 1.0
stairs/seq-03/color/frame-000073.color.png stairs/seq-03/color/frame-000074.color.png 0.999986 0.00337281 0.00417649 0.000799626 -0.00337723 0.999994 0.00105158 0.000741035 -0.00417291 -0.00106567 0.999991 0.00705951 0.0 0.0 0.0 1.0
stairs/seq-03/color/frame-000074.color.png stairs/seq-03/color/frame-000075.color.png 0.999976 0.00352049 0.00596667 0.00188833 -0.00350555 0.999991 -0.00251178 0.00136654 -0.00597543 0.00249082 0.999979 0.0123112 0.0 0.0 0.0 1.0
stairs/seq-03/color/frame-000075.color.png stairs/seq-03/color/frame-000076.color.png 0.99997 0.000483288 0.0077592 -0.00386238 -0.000487403 1.0 0.000528197 -0.00451227 -0.00775893 -0.000531954 0.99997 0.0136391 0.0 0.0 0.0 1.0
stairs/seq-03/color/frame-000076.color.png stairs/seq-03/color/frame-000077.color.png 0.999935 0.00215322 0.011207 -0.00314867 -0.00216363 0.999997 0.000917205 -0.000139073 -0.011205 -0.000941398 0.999937 0.00586933 0.0 0.0 0.0 1.0
stairs/seq-03/color/frame-000077.color.png stairs/seq-03/color/frame-000078.color.png 0.999938 0.00735175 0.00841798 7.77245e-05 -0.00746725 0.999877 0.0137717 -0.0115521 -0.00831575 -0.0138337 0.99987 0.00967842 0.0 0.0 0.0 1.0
stairs/seq-03/color/frame-000078.color.png stairs/seq-03/color/frame-000079.color.png 0.999848 0.0167272 0.00488205 -0.00345713 -0.0167783 0.999803 0.0106206 0.00310847 -0.00470344 -0.0107009 0.999932 0.0246968 0.0 0.0 0.0 1.0
stairs/seq-03/color/frame-000079.color.png stairs/seq-03/color/frame-000080.color.png 0.999925 0.00452013 0.0113891 -0.00789848 -0.00452763 0.99999 0.00063322 -0.00592597 -0.0113862 -0.000684735 0.999935 0.0120154 0.0 0.0 0.0 1.0
stairs/seq-03/color/frame-000080.color.png stairs/seq-03/color/frame-000081.color.png 0.999997 -0.0014772 0.00196858 -0.000732362 0.00147576 0.999999 0.000731408 -0.0102533 -0.00196962 -0.000728502 0.999998 0.0210926 0.0 0.0 0.0 1.0
stairs/seq-03/color/frame-000081.color.png stairs/seq-03/color/frame-000082.color.png 0.999989 0.00450694 -0.00144593 0.00437313 -0.004513 0.999981 -0.0042177 -0.000831425 0.00142684 0.00422418 0.99999 0.00346428 0.0 0.0 0.0 1.0
stairs/seq-03/color/frame-000082.color.png stairs/seq-03/color/frame-000083.color.png 0.999909 0.00967471 0.00944972 -0.00657943 -0.00966305 0.999952 -0.00127898 0.000406817 -0.00946163 0.00118755 0.999954 0.0180494 0.0 0.0 0.0 1.0
stairs/seq-03/color/frame-000083.color.png stairs/seq-03/color/frame-000084.color.png 0.99998 0.00628201 -0.000919466 0.00288358 -0.00627965 0.999977 0.00253574 -0.00943352 0.000935365 -0.00252991 0.999996 0.00788611 0.0 0.0 0.0 1.0
stairs/seq-03/color/frame-000084.color.png stairs/seq-03/color/frame-000085.color.png 0.999972 0.00749138 -0.000444398 0.00188136 -0.00748964 0.999965 0.00378879 -0.00698686 0.00047275 -0.00378535 0.999993 0.0081917 0.0 0.0 0.0 1.0
stairs/seq-03/color/frame-000085.color.png stairs/seq-03/color/frame-000086.color.png 0.99997 0.00762407 0.00150107 -0.00273514 -0.00763778 0.999927 0.00934663 -0.0126251 -0.00142967 -0.00935781 0.999955 0.00950229 0.0 0.0 0.0 1.0
stairs/seq-03/color/frame-000086.color.png stairs/seq-03/color/frame-000087.color.png 0.99995 0.00992093 0.00152755 -0.000977576 -0.00993545 0.999903 0.00980125 -0.00766473 -0.00143016 -0.00981594 0.999951 0.0162294 0.0 0.0 0.0 1.0
stairs/seq-03/color/frame-000087.color.png stairs/seq-03/color/frame-000088.color.png 0.999953 0.0093459 0.00270683 -0.000741363 -0.00935665 0.999948 0.00398347 -0.00502153 -0.00266946 -0.0040086 0.999988 0.00831771 0.0 0.0 0.0 1.0
stairs/seq-03/color/frame-000088.color.png stairs/seq-03/color/frame-000089.color.png 0.999883 0.00374135 0.014812 -0.0081394 -0.00383784 0.999972 0.00649232 -0.0129444 -0.0147873 -0.00654841 0.999869 0.0138664 0.0 0.0 0.0 1.0
stairs/seq-03/color/frame-000089.color.png stairs/seq-03/color/frame-000090.color.png 0.999952 0.000361636 0.00976739 -0.00661677 -0.000428603 0.999976 0.00685408 -0.00703335 -0.00976468 -0.00685794 0.999929 0.0152995 0.0 0.0 0.0 1.0
stairs/seq-03/color/frame-000090.color.png stairs/seq-03/color/frame-000091.color.png 0.999993 0.0013885 0.00351306 -0.00214517 -0.00141006 0.99998 0.00614044 -0.0141633 -0.00350448 -0.00614535 0.999975 0.00847656 0.0 0.0 0.0 1.0
stairs/seq-03/color/frame-000091.color.png stairs/seq-03/color/frame-000092.color.png 0.999965 0.00353068 0.00760701 -0.00598344 -0.00355618 0.999988 0.00334198 -0.000393599 -0.00759511 -0.00336891 0.999965 0.0121955 0.0 0.0 0.0 1.0
stairs/seq-03/color/frame-000092.color.png stairs/seq-03/color/frame-000093.color.png 0.999998 0.001871 -0.000825 0.0015063 -0.00186745 0.999989 0.0042909 -0.00832224 0.000833018 -0.00428936 0.99999 -3.8147e-06 0.0 0.0 0.0 1.0
stairs/seq-03/color/frame-000093.color.png stairs/seq-03/color/frame-000094.color.png 0.999841 0.0163056 0.00724575 -0.0027473 -0.0164056 0.999768 0.0139561 -0.0108763 -0.00701649 -0.0140728 0.999876 0.00398481 0.0 0.0 0.0 1.0
stairs/seq-03/color/frame-000094.color.png stairs/seq-03/color/frame-000095.color.png 0.999974 0.00720263 -0.000447773 0.004246 -0.00719502 0.999859 0.0151553 -0.0123138 0.00055687 -0.0151517 0.999885 0.000998199 0.0 0.0 0.0 1.0
stairs/seq-03/color/frame-000095.color.png stairs/seq-03/color/frame-000096.color.png 0.999955 0.00824274 -0.00465631 0.0045433 -0.00820739 0.999938 0.00756548 0.00152266 0.00471837 -0.00752693 0.99996 0.00362641 0.0 0.0 0.0 1.0
stairs/seq-03/color/frame-000096.color.png stairs/seq-03/color/frame-000097.color.png 0.999993 0.00178366 0.00336288 -0.00755841 -0.00180484 0.999978 0.00630597 -0.002473 -0.00335157 -0.006312 0.999975 0.0119837 0.0 0.0 0.0 1.0
stairs/seq-03/color/frame-000097.color.png stairs/seq-03/color/frame-000098.color.png 0.999996 -0.00223935 -0.00149382 0.00190175 0.0022412 0.999997 0.00122745 -0.00525939 0.00149105 -0.00123081 0.999998 -0.00194412 0.0 0.0 0.0 1.0
stairs/seq-03/color/frame-000098.color.png stairs/seq-03/color/frame-000099.color.png 0.99999 -0.00192235 -0.00408155 0.00284833 0.00195415 0.999968 0.00780718 -0.012112 0.0040664 -0.00781508 0.999961 0.00650072 0.0 0.0 0.0 1.0
stairs/seq-03/color/frame-000099.color.png stairs/seq-03/color/frame-000100.color.png 0.999999 -0.0011848 0.00014917 0.00277397 0.00118329 0.999951 0.00978134 -0.019696 -0.000160756 -0.00978115 0.999952 -0.0051344 0.0 0.0 0.0 1.0
stairs/seq-03/color/frame-000100.color.png stairs/seq-03/color/frame-000101.color.png 0.999988 -0.0034471 -0.00351368 0.00678226 0.00347592 0.99996 0.00822483 -0.00953749 0.00348518 -0.00823695 0.99996 0.00219941 0.0 0.0 0.0 1.0
stairs/seq-03/color/frame-000101.color.png stairs/seq-03/color/frame-000102.color.png 0.999999 0.00111562 -0.00104352 0.000512689 -0.00111125 0.999991 0.00419729 -0.00728053 0.00104821 -0.00419611 0.999991 0.00624323 0.0 0.0 0.0 1.0
stairs/seq-03/color/frame-000102.color.png stairs/seq-03/color/frame-000103.color.png 0.999983 0.00521164 0.00255146 0.00313154 -0.00523026 0.999959 0.00735259 -0.00962639 -0.00251304 -0.0073658 0.99997 0.00266188 0.0 0.0 0.0 1.0
stairs/seq-03/color/frame-000103.color.png stairs/seq-03/color/frame-000104.color.png 0.999992 -0.000371317 -0.003896 0.0067699 0.000368952 1.0 -0.000606209 0.00157869 0.00389624 0.000604764 0.999992 0.00240046 0.0 0.0 0.0 1.0
stairs/seq-03/color/frame-000104.color.png stairs/seq-03/color/frame-000105.color.png 0.999953 0.00770023 -0.00596047 0.00997293 -0.00763504 0.999912 0.0108845 -0.0191069 0.00604376 -0.0108385 0.999923 -0.00324059 0.0 0.0 0.0 1.0
stairs/seq-03/color/frame-000105.color.png stairs/seq-03/color/frame-000106.color.png 0.999999 0.000754906 -0.00101021 0.00764805 -0.000744613 0.999948 0.0101533 -0.0116757 0.0010178 -0.0101525 0.999948 0.00166047 0.0 0.0 0.0 1.0
stairs/seq-03/color/frame-000106.color.png stairs/seq-03/color/frame-000107.color.png 0.999993 -0.000794785 0.0035744 0.000420541 0.000787249 0.999998 0.002115 -0.0090276 -0.00357605 -0.00211217 0.999991 0.00606698 0.0 0.0 0.0 1.0
stairs/seq-03/color/frame-000107.color.png stairs/seq-03/color/frame-000108.color.png 0.999984 -0.00552103 -0.00103449 0.00788575 0.00551903 0.999983 -0.00190134 -0.00579745 0.00104499 0.0018956 0.999998 0.00741196 0.0 0.0 0.0 1.0
stairs/seq-03/color/frame-000108.color.png stairs/seq-03/color/frame-000109.color.png 0.999997 0.00230833 -0.000743954 0.005025 -0.00230785 0.999997 0.000663845 -0.00401479 0.000745461 -0.000662121 1.0 0.0022946 0.0 0.0 0.0 1.0
stairs/seq-03/color/frame-000109.color.png stairs/seq-03/color/frame-000110.color.png 0.999976 0.00520883 -0.0045338 0.0146739 -0.0052241 0.999981 -0.00336494 0.00035882 0.00451621 0.00338854 0.999984 0.00328994 0.0 0.0 0.0 1.0
stairs/seq-03/color/frame-000110.color.png stairs/seq-03/color/frame-000111.color.png 0.999915 0.0113614 -0.00646319 0.0184127 -0.0113738 0.999934 -0.00188563 -0.00467563 0.00644132 0.001959 0.999977 0.000727355 0.0 0.0 0.0 1.0
stairs/seq-03/color/frame-000111.color.png stairs/seq-03/color/frame-000112.color.png 0.999916 0.00897985 -0.00939017 0.0222674 -0.00899215 0.999959 -0.00126667 0.00421801 0.00937843 0.00135099 0.999955 0.00335884 0.0 0.0 0.0 1.0
stairs/seq-03/color/frame-000112.color.png stairs/seq-03/color/frame-000113.color.png 0.999751 0.0183833 -0.0126495 0.0255741 -0.0183086 0.999814 0.00599738 -0.00475761 0.0127574 -0.00576427 0.999902 -0.0038656 0.0 0.0 0.0 1.0
stairs/seq-03/color/frame-000113.color.png stairs/seq-03/color/frame-000114.color.png 0.999885 0.0117089 -0.00958354 0.0140008 -0.0116568 0.999917 0.00547805 -0.0132972 0.00964691 -0.00536568 0.999939 0.00295675 0.0 0.0 0.0 1.0
stairs/seq-03/color/frame-000114.color.png stairs/seq-03/color/frame-000115.color.png 0.999918 0.00798255 0.0100016 -0.00135088 -0.0079824 0.999968 -5.51531e-05 0.000181109 -0.0100017 -2.46695e-05 0.99995 0.014035 0.0 0.0 0.0 1.0
stairs/seq-03/color/frame-000115.color.png stairs/seq-03/color/frame-000116.color.png 0.99996 -0.00634609 0.00622797 -0.00239885 0.00637819 0.999966 -0.00515318 -0.000876635 -0.00619503 0.00519263 0.999967 0.00965059 0.0 0.0 0.0 1.0
stairs/seq-03/color/frame-000116.color.png stairs/seq-03/color/frame-000117.color.png 0.999907 -0.0130607 -0.00379227 0.0177574 0.0130155 0.999847 -0.0117134 -0.00405806 0.00394468 0.011663 0.999924 0.00317633 0.0 0.0 0.0 1.0
stairs/seq-03/color/frame-000117.color.png stairs/seq-03/color/frame-000118.color.png 0.999975 -0.00702827 0.000599689 -0.0020889 0.00702828 0.999975 -5.6674e-05 -0.0131381 -0.000599283 6.08766e-05 1.0 0.00833219 0.0 0.0 0.0 1.0
stairs/seq-03/color/frame-000118.color.png stairs/seq-03/color/frame-000119.color.png 0.999936 -0.0111849 0.00175016 0.0076195 0.0111962 0.999916 -0.0065913 -0.00505424 -0.00167626 0.00661049 0.999977 0.00651282 0.0 0.0 0.0 1.0
stairs/seq-03/color/frame-000119.color.png stairs/seq-03/color/frame-000120.color.png 0.999864 -0.00869127 -0.0140083 0.0229467 0.00862938 0.999953 -0.00447168 -0.00780901 0.0140465 0.00435019 0.999892 -0.00624251 0.0 0.0 0.0 1.0
stairs/seq-03/color/frame-000120.color.png stairs/seq-03/color/frame-000121.color.png 0.999963 0.00135096 0.00854135 -0.00814909 -0.00137467 0.999995 0.00277612 -0.00981364 -0.00853753 -0.0027878 0.99996 0.00839329 0.0 0.0 0.0 1.0
stairs/seq-03/color/frame-000121.color.png stairs/seq-03/color/frame-000122.color.png 0.999973 -0.00721181 0.00105945 0.0117737 0.00721379 0.999972 -0.00191886 -0.00907102 -0.00104555 0.00192647 0.999998 -0.00262624 0.0 0.0 0.0 1.0
stairs/seq-03/color/frame-000122.color.png stairs/seq-03/color/frame-000123.color.png 0.999977 0.00383365 -0.00556121 0.0185297 -0.00379997 0.999974 0.00605632 -0.00755852 0.00558426 -0.00603505 0.999966 -0.00386888 0.0 0.0 0.0 1.0
stairs/seq-03/color/frame-000123.color.png stairs/seq-03/color/frame-000124.color.png 0.999887 0.0109359 -0.0103037 0.0169345 -0.0108294 0.999888 0.010342 -0.0143777 0.0104156 -0.0102292 0.999894 -0.00848055 0.0 0.0 0.0 1.0
stairs/seq-03/color/frame-000124.color.png stairs/seq-03/color/frame-000125.color.png 0.999943 0.00702038 -0.00804517 0.0137748 -0.0069841 0.999965 0.00453106 0.00452322 0.00807668 -0.00447459 0.999957 0.000766516 0.0 0.0 0.0 1.0
stairs/seq-03/color/frame-000125.color.png stairs/seq-03/color/frame-000126.color.png 0.999805 0.0138707 -0.0140285 0.0161414 -0.0136451 0.999778 0.0160477 -0.0234805 0.014248 -0.0158532 0.999773 -0.0148023 0.0 0.0 0.0 1.0
stairs/seq-03/color/frame-000126.color.png stairs/seq-03/color/frame-000127.color.png 0.999959 0.00499607 0.00750811 -0.00641155 -0.00500428 0.999987 0.00107209 0.002222 -0.00750266 -0.00110962 0.999971 0.00903505 0.0 0.0 0.0 1.0
stairs/seq-03/color/frame-000127.color.png stairs/seq-03/color/frame-000128.color.png 0.999996 0.00272773 -0.000511014 0.00575149 -0.00272364 0.999966 0.00780555 -0.0104035 0.000532283 -0.00780411 0.999969 0.000548661 0.0 0.0 0.0 1.0
stairs/seq-03/color/frame-000128.color.png stairs/seq-03/color/frame-000129.color.png 0.999974 0.00677878 0.00257441 -0.000884533 -0.00678973 0.999968 0.00426088 -0.00518459 -0.00254546 -0.00427824 0.999988 0.00401193 0.0 0.0 0.0 1.0
stairs/seq-03/color/frame-000129.color.png stairs/seq-03/color/frame-000130.color.png 0.999993 0.00377888 0.000443273 0.000145257 -0.00378197 0.999967 0.00717365 -0.0140028 -0.000416128 -0.00717529 0.999974 0.00263709 0.0 0.0 0.0 1.0
stairs/seq-03/color/frame-000130.color.png stairs/seq-03/color/frame-000131.color.png 0.999989 0.00182908 0.00431042 -0.00486463 -0.00182332 0.999997 -0.00134482 -0.00143602 -0.00431285 0.00133695 0.99999 0.00923139 0.0 0.0 0.0 1.0
stairs/seq-03/color/frame-000131.color.png stairs/seq-03/color/frame-000132.color.png 0.999997 -0.00230432 -0.000882985 0.00118417 0.00230574 0.999996 0.00159137 -0.0048115 0.000879323 -0.00159341 0.999998 0.00430298 0.0 0.0 0.0 1.0
stairs/seq-03/color/frame-000132.color.png stairs/seq-03/color/frame-000133.color.png 0.999978 0.00367799 -0.00556029 0.00338298 -0.00363848 0.999968 0.0070936 -0.0155551 0.00558616 -0.00707321 0.999959 0.000803947 0.0 0.0 0.0 1.0
stairs/seq-03/color/frame-000133.color.png stairs/seq-03/color/frame-000134.color.png 0.999999 0.00113329 -0.000411868 -0.00260973 -0.00113219 0.999996 0.00270622 -0.00525495 0.00041497 -0.00270575 0.999996 0.0037666 0.0 0.0 0.0 1.0
stairs/seq-03/color/frame-000134.color.png stairs/seq-03/color/frame-000135.color.png 0.999998 0.000758154 -0.00186666 0.000423968 -0.00075436 0.999997 0.00205672 -0.00695693 0.0018682 -0.0020553 0.999996 0.00465333 0.0 0.0 0.0 1.0
stairs/seq-03/color/frame-000135.color.png stairs/seq-03/color/frame-000136.color.png 0.999967 0.00496239 -0.00650403 0.00118327 -0.00495246 0.999987 0.00154192 -0.0100895 0.00651158 -0.00150967 0.999978 0.00344294 0.0 0.0 0.0 1.0
stairs/seq-03/color/frame-000136.color.png stairs/seq-03/color/frame-000137.color.png 0.999982 0.00163318 0.00579854 -0.0078373 -0.00164476 0.999997 0.00198833 -0.00401443 -0.00579528 -0.00199782 0.999981 0.00921494 0.0 0.0 0.0 1.0
stairs/seq-03/color/frame-000137.color.png stairs/seq-03/color/frame-000138.color.png 0.999937 -0.00128696 -0.0111118 0.00860554 0.00132037 0.999995 0.0030025 -0.0142702 0.0111079 -0.00301695 0.999934 -0.00290352 0.0 0.0 0.0 1.0
stairs/seq-03/color/frame-000138.color.png stairs/seq-03/color/frame-000139.color.png 0.99997 0.00403938 0.00659019 -0.0158223 -0.00406584 0.999984 0.00401465 -0.00776446 -0.00657391 -0.00404138 0.99997 0.00498843 0.0 0.0 0.0 1.0
stairs/seq-03/color/frame-000139.color.png stairs/seq-03/color/frame-000140.color.png 0.999651 -0.00738577 0.0253484 -0.0310038 0.00753883 0.999954 -0.00594859 -0.00946355 -0.0253032 0.00613764 0.999661 0.0254918 0.0 0.0 0.0 1.0
stairs/seq-03/color/frame-000140.color.png stairs/seq-03/color/frame-000141.color.png 0.999968 -0.00274579 0.00754669 -0.0148283 0.00270675 0.999983 0.00517629 -0.0136729 -0.00756077 -0.00515568 0.999958 0.012079 0.0 0.0 0.0 1.0
stairs/seq-03/color/frame-000141.color.png stairs/seq-03/color/frame-000142.color.png 0.999582 -0.0131242 0.0257535 -0.0385582 0.0131139 0.999914 0.000569931 -0.0172512 -0.0257588 -0.000231925 0.999668 0.0199139 0.0 0.0 0.0 1.0
stairs/seq-03/color/frame-000142.color.png stairs/seq-03/color/frame-000143.color.png 0.999888 -0.0130227 0.00739258 -0.0105276 0.0130048 0.999912 0.00246696 -0.0149839 -0.00742403 -0.00237061 0.999969 0.011756 0.0 0.0 0.0 1.0
stairs/seq-03/color/frame-000143.color.png stairs/seq-03/color/frame-000144.color.png 0.999988 -0.00121903 0.00478211 -0.0121489 0.00119289 0.999984 0.00545883 -0.0149055 -0.00478867 -0.00545304 0.999974 0.00662428 0.0 0.0 0.0 1.0
stairs/seq-03/color/frame-000144.color.png stairs/seq-03/color/frame-000145.color.png 0.99996 -0.00477251 0.0075822 -0.0151103 0.00476664 0.999988 0.00079109 -0.00733578 -0.0075859 -0.000754891 0.999971 0.0105418 0.0 0.0 0.0 1.0
stairs/seq-03/color/frame-000145.color.png stairs/seq-03/color/frame-000146.color.png 0.999991 -0.00376145 0.00183263 -0.000212252 0.00374865 0.999969 0.00692396 -0.017962 -0.00185862 -0.00691703 0.999974 0.00101614 0.0 0.0 0.0 1.0
stairs/seq-03/color/frame-000146.color.png stairs/seq-03/color/frame-000147.color.png 0.999995 -0.00301441 -0.000801087 -0.00693876 0.00302128 0.999958 0.00867872 -0.0192357 0.000774902 -0.00868111 0.999962 0.000967622 0.0 0.0 0.0 1.0
stairs/seq-03/color/frame-000147.color.png stairs/seq-03/color/frame-000148.color.png 0.999884 -0.00654361 0.0137147 -0.0220264 0.00650988 0.999976 0.00250154 -0.0133786 -0.0137307 -0.00241196 0.999903 0.0102389 0.0 0.0 0.0 1.0
stairs/seq-03/color/frame-000148.color.png stairs/seq-03/color/frame-000149.color.png 0.999957 -0.00666817 -0.00653083 0.0127823 0.00669289 0.99997 0.00377049 -0.0119634 0.0065055 -0.00381403 0.999972 -0.00670826 0.0 0.0 0.0 1.0
stairs/seq-03/color/frame-000149.color.png stairs/seq-03/color/frame-000150.color.png 0.999986 0.00528994 0.000105106 -0.00448221 -0.0052905 0.999965 0.00652645 -0.0116056 -7.05739e-05 -0.00652689 0.999979 0.000716567 0.0 0.0 0.0 1.0
stairs/seq-03/color/frame-000150.color.png stairs/seq-03/color/frame-000151.color.png 0.999999 -0.00159542 0.000230362 0.000752747 0.00159487 0.999996 0.0022656 -0.00496155 -0.000233971 -0.00226518 0.999997 0.00157762 0.0 0.0 0.0 1.0
stairs/seq-03/color/frame-000151.color.png stairs/seq-03/color/frame-000152.color.png 0.999755 0.00945163 -0.0200334 0.0307916 -0.00913997 0.999837 0.0155929 -0.0196876 0.0201775 -0.015406 0.999678 -0.0213134 0.0 0.0 0.0 1.0
stairs/seq-03/color/frame-000152.color.png stairs/seq-03/color/frame-000153.color.png 0.999928 0.0118308 -0.00178091 0.00580633 -0.0118111 0.999873 0.0106982 -0.0121024 0.00190722 -0.0106764 0.999941 -0.00343692 0.0 0.0 0.0 1.0
stairs/seq-03/color/frame-000153.color.png stairs/seq-03/color/frame-000154.color.png 0.99996 0.00623171 -0.00639783 0.01449 -0.0061405 0.99988 0.0141841 -0.0198607 0.00648545 -0.0141442 0.999879 -0.0117369 0.0 0.0 0.0 1.0
stairs/seq-03/color/frame-000154.color.png stairs/seq-03/color/frame-000155.color.png 0.999887 0.0134444 -0.00675581 0.0080362 -0.0133554 0.999826 0.0130483 -0.00715035 0.00693007 -0.0129566 0.999892 -0.00271022 0.0 0.0 0.0 1.0
stairs/seq-03/color/frame-000155.color.png stairs/seq-03/color/frame-000156.color.png 0.999922 0.00864581 -0.0090126 0.0262697 -0.00852945 0.999881 0.0128751 -0.0146484 0.00912285 -0.0127972 0.999877 -0.0139531 0.0 0.0 0.0 1.0
stairs/seq-03/color/frame-000156.color.png stairs/seq-03/color/frame-000157.color.png 0.999355 0.0113521 -0.0340725 0.0530651 -0.0105993 0.999698 0.0221939 -0.0180845 0.0343141 -0.0218184 0.999173 -0.0302999 0.0 0.0 0.0 1.0
stairs/seq-03/color/frame-000157.color.png stairs/seq-03/color/frame-000158.color.png 0.999491 0.025157 -0.0196223 0.0313652 -0.0246274 0.999338 0.0267788 -0.0228591 0.020283 -0.026282 0.999449 -0.0193601 0.0 0.0 0.0 1.0
stairs/seq-03/color/frame-000158.color.png stairs/seq-03/color/frame-000159.color.png 0.999766 0.0123646 -0.0177736 0.024969 -0.0120295 0.99975 0.0188404 -0.0164675 0.0180021 -0.0186221 0.999664 -0.0108058 0.0 0.0 0.0 1.0
stairs/seq-03/color/frame-000159.color.png stairs/seq-03/color/frame-000160.color.png 0.999698 0.0144739 -0.0198404 0.0340372 -0.0140409 0.999664 0.0217878 -0.0184931 0.020149 -0.0215027 0.999566 -0.0177413 0.0 0.0 0.0 1.0
stairs/seq-03/color/frame-000160.color.png stairs/seq-03/color/frame-000161.color.png 0.999986 0.00531997 0.00057144 -0.00489223 -0.00532167 0.999981 0.00305144 0.00132036 -0.000555215 -0.00305442 0.999995 0.00283945 0.0 0.0 0.0 1.0
stairs/seq-03/color/frame-000161.color.png stairs/seq-03/color/frame-000162.color.png 0.999982 0.00501961 0.00322221 -0.000104427 -0.00503956 0.999968 0.00622442 -0.00783312 -0.00319082 -0.0062406 0.999975 0.0127494 0.0 0.0 0.0 1.0
stairs/seq-03/color/frame-000162.color.png stairs/seq-03/color/frame-000163.color.png 0.999995 -0.0012879 -0.00299151 0.00903261 0.00128854 0.999999 0.000211893 -0.00615257 0.00299126 -0.000215769 0.999995 0.00215459 0.0 0.0 0.0 1.0
stairs/seq-03/color/frame-000163.color.png stairs/seq-03/color/frame-000164.color.png 0.999874 0.00222985 -0.0157213 0.0260586 -0.00218433 0.999993 0.00291184 -0.00869346 0.0157276 -0.00287711 0.999872 -0.00584054 0.0 0.0 0.0 1.0
stairs/seq-03/color/frame-000164.color.png stairs/seq-03/color/frame-000165.color.png 0.999942 0.00502723 -0.00956738 0.0229253 -0.00503467 0.999987 -0.000750856 0.00190741 0.00956348 0.000798968 0.999954 -0.00229216 0.0 0.0 0.0 1.0
stairs/seq-03/color/frame-000165.color.png stairs/seq-03/color/frame-000166.color.png 0.999984 0.00482856 0.00283518 0.00613445 -0.00481922 0.999983 -0.00326893 -0.00297207 -0.00285086 0.00325521 0.999991 0.00891566 0.0 0.0 0.0 1.0
stairs/seq-03/color/frame-000166.color.png stairs/seq-03/color/frame-000167.color.png 0.999976 -2.61877e-05 0.00689915 0.000315964 6.38333e-05 0.999985 -0.005459 -0.00740397 -0.00689893 0.00545935 0.999961 0.00970876 0.0 0.0 0.0 1.0
stairs/seq-03/color/frame-000167.color.png stairs/seq-03/color/frame-000168.color.png 0.999907 -0.00599477 0.0122185 -0.0154269 0.00612336 0.999926 -0.0105105 0.010187 -0.0121546 0.0105843 0.99987 0.031953 0.0 0.0 0.0 1.0
stairs/seq-03/color/frame-000168.color.png stairs/seq-03/color/frame-000169.color.png 0.999996 -0.00203609 -0.00203168 0.0101677 0.00202726 0.999989 -0.0043076 0.00273609 0.00204041 0.00430349 0.999989 0.00128233 0.0 0.0 0.0 1.0
stairs/seq-03/color/frame-000169.color.png stairs/seq-03/color/frame-000170.color.png 0.999973 0.000882152 -0.00729738 0.0139884 -0.000883291 1.0 -0.000159796 -0.00100982 0.00729726 0.000166245 0.999973 0.00164795 0.0 0.0 0.0 1.0
stairs/seq-03/color/frame-000170.color.png stairs/seq-03/color/frame-000171.color.png 0.999995 0.000987283 -0.00315181 0.0122212 -0.000984952 0.999999 0.000755097 -0.00531101 0.00315253 -0.000752006 0.999995 0.00395167 0.0 0.0 0.0 1.0
stairs/seq-03/color/frame-000171.color.png stairs/seq-03/color/frame-000172.color.png 0.999983 -0.00118462 0.00563355 0.0020678 0.00117186 0.999997 0.00227349 -0.00511503 -0.00563626 -0.00226686 0.999982 0.0113108 0.0 0.0 0.0 1.0
stairs/seq-03/color/frame-000172.color.png stairs/seq-03/color/frame-000173.color.png 0.999919 -0.00548018 -0.0114767 0.0193751 0.00552435 0.999977 0.00382572 -0.00800914 0.0114556 -0.00388882 0.999927 -0.00257862 0.0 0.0 0.0 1.0
