stairs/seq-03/color/frame-000001.color.png stairs/seq-03/color/frame-000003.color.png 0.999995 -0.00303572 -0.000948274 0.00107101 0.00303397 0.999994 -0.00184405 0.000405527 0.000953866 0.00184117 0.999998 0.000552267 0.0 0.0 0.0 1.0
stairs/seq-03/color/frame-000003.color.png stairs/seq-03/color/frame-000005.color.png 0.999997 -0.00177577 -0.00138577 0.00345036 0.00177319 0.999997 -0.00186193 -0.00071698 0.00138907 0.00185947 0.999997 -0.00182161 0.0 0.0 0.0 1.0
stairs/seq-03/color/frame-000005.color.png stairs/seq-03/color/frame-000007.color.png 0.999998 -0.00202912 0.000804116 -0.00149608 0.00203224 0.99999 -0.00390358 0.00543246 -0.000796187 0.0039052 0.999992 0.00469781 0.0 0.0 0.0 1.0
stairs/seq-03/color/frame-000007.color.png stairs/seq-03/color/frame-000009.color.png 0.999996 0.000726145 -0.00255913 0.00261422 -0.000722904 0.999999 0.00126733 -0.00409425 0.00256005 -0.00126548 0.999996 0.00236726 0.0 0.0 0.0 1.0
stairs/seq-03/color/frame-000009.color.png stairs/seq-03/color/frame-000011.color.png 0.999984 0.00288261 -0.00486906 0.00336801 -0.00290845 0.999982 -0.00530768 -0.00276048 0.00485368 0.00532176 0.999974 0.000645397 0.0 0.0 0.0 1.0
stairs/seq-03/color/frame-000011.color.png stairs/seq-03/color/frame-000013.color.png 0.999967 -0.00102458 -0.00805367 0.0111614 0.000993173 0.999992 -0.00390291 0.00193944 0.0080576 0.00389478 0.99996 -0.00196739 0.0 0.0 0.0 1.0
stairs/seq-03/color/frame-000013.color.png stairs/seq-03/color/frame-000015.color.png 0.999925 -0.000676565 -0.0122376 0.0121417 0.000575941 0.999966 -0.00822418 -0.00273282 0.0122428 0.00821652 0.999891 0.0081469 0.0 0.0 0.0 1.0
stairs/seq-03/color/frame-000015.color.png stairs/seq-03/color/frame-000017.color.png 0.999876 -0.00673821 -0.0142502 0.016519 0.00674073 0.999977 0.000128515 -0.000855756 0.014249 -0.000224556 0.999898 0.00623 0.0 0.0 0.0 1.0
stairs/seq-03/color/frame-000017.color.png stairs/seq-03/color/frame-000019.color.png 0.999979 0.00180019 -0.00616296 0.0188581 -0.0017751 0.99999 0.00407454 -0.00502884 0.00617022 -0.00406351 0.999973 0.000832634 0.0 0.0 0.0 1.0
stairs/seq-03/color/frame-000019.color.png stairs/seq-03/color/frame-000021.color.png 0.999955 0.00657684 -0.00686821 0.0126553 -0.0065595 0.999975 0.00254531 -0.0022863 0.00688478 -0.00250015 0.999973 0.00588428 0.0 0.0 0.0 1.0
stairs/seq-03/color/frame-000021.color.png stairs/seq-03/color/frame-000023.color.png 0.999885 -0.0111788 -0.0102149 0.00947829 0.0111694 0.999937 -0.000971251 -0.00477757 0.0102251 0.000857042 0.999947 0.00510974 0.0 0.0 0.0 1.0
stairs/seq-03/color/frame-000023.color.png stairs/seq-03/color/frame-000025.color.png 0.999994 -0.000452227 0.00326571 -0.000498243 0.000455762 0.999999 -0.00108173 0.000670701 -0.00326518 0.00108321 0.999994 0.0234077 0.0 0.0 0.0 1.0
stairs/seq-03/color/frame-000025.color.png stairs/seq-03/color/frame-000027.color.png 0.999962 0.00832519 0.00273324 0.00466518 -0.00831994 0.999963 -0.00192944 -0.00911595 -0.00274921 0.00190663 0.999994 0.0223396 0.0 0.0 0.0 1.0
stairs/seq-03/color/frame-000027.color.png stairs/seq-03/color/frame-000029.color.png 0.99999 0.00107847 0.00444058 -0.00259405 -0.00107759 0.999999 -0.000202421 -0.0110778 -0.0044408 0.000197629 0.99999 0.0288295 0.0 0.0 0.0 1.0
stairs/seq-03/color/frame-000029.color.png stairs/seq-03/color/frame-000031.color.png 0.999985 0.00360999 0.00405535 0.00521308 -0.00357855 0.999964 -0.00773413 -0.00469447 -0.00408312 0.0077195 0.999962 0.0247535 0.0 0.0 0.0 1.0
stairs/seq-03/color/frame-000031.color.png stairs/seq-03/color/frame-000033.color.png 0.99999 -0.000177517 0.0045415 -0.00175368 0.000194871 0.999993 -0.00382094 -0.00917878 -0.00454078 0.00382179 0.999982 0.0253608 0.0 0.0 0.0 1.0
stairs/seq-03/color/frame-000033.color.png stairs/seq-03/color/frame-000035.color.png 0.999989 -0.00433287 0.0019757 0.00941623 0.00433635 0.999989 -0.00176145 -0.0206331 -0.00196804 0.00177 0.999996 0.0123021 0.0 0.0 0.0 1.0
stairs/seq-03/color/frame-000035.color.png stairs/seq-03/color/frame-000037.color.png 0.999997 0.0024504 0.000233567 -0.0002793 -0.00244992 0.999995 -0.00207231 -0.0103737 -0.00023864 0.00207174 0.999998 0.0229419 0.0 0.0 0.0 1.0
stairs/seq-03/color/frame-000037.color.png stairs/seq-03/color/frame-000039.color.png 1.0 0.00014449 0.000736514 -0.0031719 -0.000143234 0.999998 -0.00170354 -0.00898171 -0.000736764 0.00170342 0.999998 0.0166256 0.0 0.0 0.0 1.0
stairs/seq-03/color/frame-000039.color.png stairs/seq-03/color/frame-000041.color.png 0.999938 -0.00601807 0.00934538 -0.00588427 0.00601408 0.999982 0.000455713 -0.0164263 -0.00934795 -0.000399459 0.999956 0.022958 0.0 0.0 0.0 1.0
stairs/seq-03/color/frame-000041.color.png stairs/seq-03/color/frame-000043.color.png 0.999953 0.00341472 0.00909124 -0.00287762 -0.00346787 0.999977 0.00583697 -0.0105646 -0.0090711 -0.00586823 0.999942 0.0166124 0.0 0.0 0.0 1.0
stairs/seq-03/color/frame-000043.color.png stairs/seq-03/color/frame-000045.color.png 0.999997 0.00236694 -0.00111189 0.00228752 -0.00236908 0.999995 -0.00192099 -0.00174522 0.00110733 0.00192362 0.999997 0.0187108 0.0 0.0 0.0 1.0
stairs/seq-03/color/frame-000045.color.png stairs/seq-03/color/frame-000047.color.png 0.999992 -0.000874662 -0.00383102 0.0137939 0.000872623 0.999999 -0.000533656 -0.00827643 0.00383148 0.000530311 0.999993 0.021145 0.0 0.0 0.0 1.0
stairs/seq-03/color/frame-000047.color.png stairs/seq-03/color/frame-000049.color.png 0.999944 -0.000662427 -0.0105931 0.0181172 0.000641936 0.999998 -0.00193769 0.00151084 0.0105944 0.00193079 0.999942 0.0243361 0.0 0.0 0.0 1.0
stairs/seq-03/color/frame-000049.color.png stairs/seq-03/color/frame-000051.color.png 0.999963 0.00338441 -0.007935 0.0298312 -0.00340712 0.99999 -0.00284931 -0.00317019 0.00792526 0.00287624 0.999965 0.0199571 0.0 0.0 0.0 1.0
stairs/seq-03/color/frame-000051.color.png stairs/seq-03/color/frame-000053.color.png 0.999931 0.00116559 -0.0117147 0.0337284 -0.00100176 0.999902 0.0139811 -0.0121454 0.0117298 -0.0139684 0.999834 0.0250069 0.0 0.0 0.0 1.0
stairs/seq-03/color/frame-000053.color.png stairs/seq-03/color/frame-000055.color.png 0.999886 0.00469754 -0.0143672 0.0423522 -0.00471383 0.999988 -0.00109977 -0.00586349 0.0143619 0.00116738 0.999896 0.0340095 0.0 0.0 0.0 1.0
stairs/seq-03/color/frame-000055.color.png stairs/seq-03/color/frame-000057.color.png 0.999827 0.000329969 -0.0186109 0.0395741 -0.00040414 0.999992 -0.0039817 -0.00721686 0.0186094 0.00398853 0.999819 0.0210654 0.0 0.0 0.0 1.0
stairs/seq-03/color/frame-000057.color.png stairs/seq-03/color/frame-000059.color.png 0.999833 -0.00842244 -0.0162205 0.0388568 0.00843494 0.999964 0.000702356 -0.00671232 0.0162141 -0.000839053 0.999868 0.0115691 0.0 0.0 0.0 1.0
stairs/seq-03/color/frame-000059.color.png stairs/seq-03/color/frame-000061.color.png 0.999812 -0.00662107 -0.0182254 0.0395098 0.00658562 0.999976 -0.00200463 -0.0010473 0.0182382 0.00188422 0.999832 0.0189645 0.0 0.0 0.0 1.0
stairs/seq-03/color/frame-000061.color.png stairs/seq-03/color/frame-000063.color.png 0.999804 0.00088494 -0.0197564 0.0385868 -0.000957824 0.999993 -0.00367995 0.000773251 0.0197529 0.00369815 0.999798 0.00805643 0.0 0.0 0.0 1.0
stairs/seq-03/color/frame-000063.color.png stairs/seq-03/color/frame-000065.color.png 0.99995 0.00223752 -0.00971948 0.0300972 -0.00225335 0.999996 -0.00161834 0.00343925 0.00971591 0.00164017 0.999951 0.0143429 0.0 0.0 0.0 1.0
stairs/seq-03/color/frame-000065.color.png stairs/seq-03/color/frame-000067.color.png 0.999915 0.00469514 -0.0122007 0.0261433 -0.00474367 0.999981 -0.0039514 0.00383192 0.0121819 0.00400894 0.999918 0.0101859 0.0 0.0 0.0 1.0
stairs/seq-03/color/frame-000067.color.png stairs/seq-03/color/frame-000069.color.png 0.99995 -0.00342203 -0.00939042 0.0232152 0.00338512 0.999986 -0.00394425 0.00362398 0.00940381 0.00391226 0.999948 0.00155562 0.0 0.0 0.0 1.0
stairs/seq-03/color/frame-000069.color.png stairs/seq-03/color/frame-000071.color.png 0.999989 -0.00435589 -0.00147788 0.0137252 0.00435311 0.999989 -0.00188026 -0.00346889 0.00148601 0.00187381 0.999997 0.00820106 0.0 0.0 0.0 1.0
stairs/seq-03/color/frame-000071.color.png stairs/seq-03/color/frame-000073.color.png 0.999984 -0.00303477 -0.00486463 0.0162516 0.00307444 0.999962 0.00816919 -0.00953874 0.00483969 -0.00818401 0.999955 0.00901532 0.0 0.0 0.0 1.0
stairs/seq-03/color/frame-000073.color.png stairs/seq-03/color/frame-000075.color.png 0.999922 0.00606429 0.0109378 0.000474572 -0.00604671 0.99998 -0.0016406 0.0024128 -0.0109476 0.00157434 0.999939 0.0195418 0.0 0.0 0.0 1.0
stairs/seq-03/color/frame-000075.color.png stairs/seq-03/color/frame-000077.color.png 0.999833 0.00280589 0.0180671 -0.0043605 -0.00282075 0.999996 0.000797067 -0.00320463 -0.0180648 -0.000847898 0.999836 0.0209618 0.0 0.0 0.0 1.0
stairs/seq-03/color/frame-000077.color.png stairs/seq-03/color/frame-000079.color.png 0.999605 0.0241476 0.0143765 -0.00567049 -0.0244835 0.99942 0.0236683 -0.00662179 -0.0137966 -0.0240109 0.999617 0.0345854 0.0 0.0 0.0 1.0
stairs/seq-03/color/frame-000079.color.png stairs/seq-03/color/frame-000081.color.png 0.999914 0.00305882 0.0127257 -0.0069626 -0.00305615 0.999995 -0.000228632 -0.012332 -0.0127263 0.000189719 0.999919 0.033694 0.0 0.0 0.0 1.0
stairs/seq-03/color/frame-000081.color.png stairs/seq-03/color/frame-000083.color.png 0.999875 0.0146091 0.00608871 0.00246581 -0.0145879 0.999887 -0.00350228 -0.00547321 -0.00613917 0.00341303 0.999975 0.0193645 0.0 0.0 0.0 1.0
stairs/seq-03/color/frame-000083.color.png stairs/seq-03/color/frame-000085.color.png 0.999894 0.0144803 -0.00158036 0.00520724 -0.014468 0.999867 0.00749982 -0.0191638 0.00168873 -0.00747616 0.999971 0.01642 0.0 0.0 0.0 1.0
stairs/seq-03/color/frame-000085.color.png stairs/seq-03/color/frame-000087.color.png 0.999852 0.0168964 0.00328521 -0.00347704 -0.0169525 0.999697 0.0178666 -0.0168148 -0.00298232 -0.0179196 0.999835 0.0242264 0.0 0.0 0.0 1.0
stairs/seq-03/color/frame-000087.color.png stairs/seq-03/color/frame-000089.color.png 0.999726 0.012853 0.0195863 -0.0148582 -0.0130546 0.999863 0.0102007 -0.017753 -0.0194525 -0.0104536 0.999756 0.0262855 0.0 0.0 0.0 1.0
stairs/seq-03/color/frame-000089.color.png stairs/seq-03/color/frame-000091.color.png 0.999918 0.00179653 0.0127194 -0.00651419 -0.00195949 0.999916 0.0128116 -0.0197533 -0.0126953 -0.0128355 0.999837 0.0188708 0.0 0.0 0.0 1.0
stairs/seq-03/color/frame-000091.color.png stairs/seq-03/color/frame-000093.color.png 0.999967 0.00452468 0.00675757 -0.00559002 -0.00458139 0.999954 0.00840033 -0.0109371 -0.00671927 -0.00843101 0.999942 0.0146481 0.0 0.0 0.0 1.0
stairs/seq-03/color/frame-000093.color.png stairs/seq-03/color/frame-000095.color.png 0.999683 0.0243328 0.00650975 0.00280604 -0.0245305 0.999179 0.0322511 -0.0320118 -0.00571962 -0.0324006 0.999458 0.00447071 0.0 0.0 0.0 1.0
stairs/seq-03/color/frame-000095.color.png stairs/seq-03/color/frame-000097.color.png 0.999938 0.011091 -0.000831679 -0.00386742 -0.0110776 0.999832 0.0146266 -0.00288358 0.000993763 -0.0146165 0.999893 0.0139894 0.0 0.0 0.0 1.0
stairs/seq-03/color/frame-000097.color.png stairs/seq-03/color/frame-000099.color.png 0.999961 -0.00639295 -0.00612027 0.00527546 0.00643167 0.999959 0.0063293 -0.0105086 0.00607955 -0.00636842 0.999961 0.00509632 0.0 0.0 0.0 1.0
stairs/seq-03/color/frame-000099.color.png stairs/seq-03/color/frame-000101.color.png 0.999985 -0.00503847 -0.00199704 0.00654244 0.00507047 0.999853 0.0163492 -0.024834 0.00191436 -0.0163591 0.999864 0.00203902 0.0 0.0 0.0 1.0
stairs/seq-03/color/frame-000101.color.png stairs/seq-03/color/frame-000103.color.png 0.999978 0.00650459 0.0010675 0.00556549 -0.00651672 0.999909 0.0117915 -0.0172414 -0.000990679 -0.0117982 0.99993 0.00694191 0.0 0.0 0.0 1.0
stairs/seq-03/color/frame-000103.color.png stairs/seq-03/color/frame-000105.color.png 0.999933 0.00599246 -0.00992409 0.0161119 -0.00589477 0.999934 0.00984394 -0.0157532 0.00998241 -0.0097848 0.999902 -0.000778854 0.0 0.0 0.0 1.0
stairs/seq-03/color/frame-000105.color.png stairs/seq-03/color/frame-000107.color.png 0.999988 0.00470138 0.00148747 0.011994 -0.00472345 0.999874 0.0151834 -0.0278079 -0.00141589 -0.0151903 0.999884 0.00522965 0.0 0.0 0.0 1.0
stairs/seq-03/color/frame-000107.color.png stairs/seq-03/color/frame-000109.color.png 0.999991 -0.00386001 -0.00194099 0.0124077 0.00385937 0.999992 -0.000340719 -0.0124402 0.00194228 0.000333208 0.999998 0.0102897 0.0 0.0 0.0 1.0
stairs/seq-03/color/frame-000109.color.png stairs/seq-03/color/frame-000111.color.png 0.99985 0.0143504 -0.00968116 0.0287275 -0.0144199 0.99987 -0.00715546 0.00108677 0.00957721 0.00729398 0.999928 0.00771374 0.0 0.0 0.0 1.0
stairs/seq-03/color/frame-000111.color.png stairs/seq-03/color/frame-000113.color.png 0.999325 0.0284091 -0.0233064 0.0513104 -0.0282917 0.999585 0.00535232 -0.00189635 0.0234489 -0.00468931 0.999714 -0.00161541 0.0 0.0 0.0 1.0
stairs/seq-03/color/frame-000113.color.png stairs/seq-03/color/frame-000115.color.png 0.999792 0.020353 0.00122043 0.0119195 -0.0203598 0.999776 0.00584115 -0.0146618 -0.00110127 -0.00586479 0.999982 0.0151681 0.0 0.0 0.0 1.0
stairs/seq-03/color/frame-000115.color.png stairs/seq-03/color/frame-000117.color.png 0.999767 -0.0213884 0.00295279 0.0131765 0.0214403 0.999593 -0.0188117 -0.000395924 -0.00254923 0.0188707 0.999819 0.0147457 0.0 0.0 0.0 1.0
stairs/seq-03/color/frame-000117.color.png stairs/seq-03/color/frame-000119.color.png 0.999815 -0.0191646 -0.0012418 0.0169331 0.0191508 0.999764 -0.0102631 -0.0074392 0.00143819 0.0102374 0.999947 0.0112492 0.0 0.0 0.0 1.0
stairs/seq-03/color/frame-000119.color.png stairs/seq-03/color/frame-000121.color.png 0.999967 -0.00617913 -0.00519576 0.013097 0.0061856 0.99998 0.00122234 -0.0264048 0.00518812 -0.00125449 0.999986 0.00142246 0.0 0.0 0.0 1.0
stairs/seq-03/color/frame-000121.color.png stairs/seq-03/color/frame-000123.color.png 0.999993 -0.00358895 -0.00143077 0.020842 0.00359673 0.999979 0.00547685 -0.0204795 0.00141106 -0.00548191 0.999984 0.000525415 0.0 0.0 0.0 1.0
stairs/seq-03/color/frame-000123.color.png stairs/seq-03/color/frame-000125.color.png 0.999606 0.0186183 -0.0210268 0.0387886 -0.0182908 0.99971 0.0156624 -0.0113561 0.0213123 -0.0152717 0.999656 -0.012982 0.0 0.0 0.0 1.0
stairs/seq-03/color/frame-000125.color.png stairs/seq-03/color/frame-000127.color.png 0.999809 0.018249 -0.00693383 0.0110866 -0.0181306 0.999695 0.0167692 -0.0204317 0.00723773 -0.0166403 0.999835 -0.00709176 0.0 0.0 0.0 1.0
stairs/seq-03/color/frame-000127.color.png stairs/seq-03/color/frame-000129.color.png 0.99996 0.00883382 0.00101205 0.00803632 -0.00884373 0.999908 0.0102803 -0.01123 -0.00092116 -0.0102888 0.999947 0.00154185 0.0 0.0 0.0 1.0
stairs/seq-03/color/frame-000129.color.png stairs/seq-03/color/frame-000131.color.png 0.99998 0.00241027 0.0058049 -0.00886428 -0.00243353 0.999989 0.00400065 -0.0104209 -0.00579523 -0.00401465 0.999975 0.0152318 0.0 0.0 0.0 1.0
stairs/seq-03/color/frame-000131.color.png stairs/seq-03/color/frame-000133.color.png 0.999981 0.00202225 -0.00579665 0.00329101 -0.00197614 0.999966 0.00795203 -0.0194286 0.00581259 -0.00794041 0.999952 0.00577378 0.0 0.0 0.0 1.0
stairs/seq-03/color/frame-000133.color.png stairs/seq-03/color/frame-000135.color.png 0.999998 0.00183403 0.000111972 -0.00915861 -0.00183463 0.999981 0.00582408 -0.0151708 -0.000101317 -0.00582431 0.999983 0.013845 0.0 0.0 0.0 1.0
stairs/seq-03/color/frame-000135.color.png stairs/seq-03/color/frame-000137.color.png 0.999972 0.00708897 -0.00250754 -0.00127214 -0.00707872 0.999967 0.00408108 -0.0153282 0.00253638 -0.0040632 0.999988 0.0111079 0.0 0.0 0.0 1.0
stairs/seq-03/color/frame-000137.color.png stairs/seq-03/color/frame-000139.color.png 0.99998 0.0044527 -0.00450109 -0.00897765 -0.00441237 0.99995 0.00892159 -0.0263832 0.00454061 -0.00890155 0.99995 0.00660092 0.0 0.0 0.0 1.0
stairs/seq-03/color/frame-000139.color.png stairs/seq-03/color/frame-000141.color.png 0.999185 -0.00742457 0.0396837 -0.070126 0.00757663 0.999965 -0.00368367 -0.00967109 -0.039655 0.00398134 0.999206 0.026869 0.0 0.0 0.0 1.0
stairs/seq-03/color/frame-000141.color.png stairs/seq-03/color/frame-000143.color.png 0.999255 -0.0304869 0.0236446 -0.0156088 0.0303424 0.999519 0.00644799 -0.0466481 -0.0238298 -0.00572575 0.9997 0.0341309 0.0 0.0 0.0 1.0
stairs/seq-03/color/frame-000143.color.png stairs/seq-03/color/frame-000145.color.png 0.999886 -0.00555892 0.0140573 -0.030804 0.00546952 0.999965 0.00639016 -0.0221262 -0.0140923 -0.00631252 0.999881 0.0185168 0.0 0.0 0.0 1.0
stairs/seq-03/color/frame-000145.color.png stairs/seq-03/color/frame-000147.color.png 0.999965 -0.00839399 0.00090697 -0.00752664 0.0083806 0.999869 0.013853 -0.034085 -0.0010231 -0.0138449 0.999904 0.00413823 0.0 0.0 0.0 1.0
stairs/seq-03/color/frame-000147.color.png stairs/seq-03/color/frame-000149.color.png 0.99991 -0.0105306 0.00831402 -0.0131132 0.0104459 0.999894 0.0101689 -0.0356681 -0.00842024 -0.0100812 0.999914 0.00359619 0.0 0.0 0.0 1.0
stairs/seq-03/color/frame-000149.color.png stairs/seq-03/color/frame-000151.color.png 0.999994 0.00334917 -0.000285572 -0.00210994 -0.00334642 0.999953 0.00907754 -0.0170557 0.000315955 -0.00907652 0.999959 0.000856161 0.0 0.0 0.0 1.0
stairs/seq-03/color/frame-000151.color.png stairs/seq-03/color/frame-000153.color.png 0.999586 0.0198876 -0.0208037 0.0338371 -0.0193311 0.999459 0.0266163 -0.0323699 0.0213218 -0.0262031 0.999429 -0.0242636 0.0 0.0 0.0 1.0
stairs/seq-03/color/frame-000153.color.png stairs/seq-03/color/frame-000155.color.png 0.999707 0.0194281 -0.0144402 0.0269789 -0.0190628 0.999505 0.0250194 -0.0210036 0.0149192 -0.0247368 0.999583 -0.0132653 0.0 0.0 0.0 1.0
stairs/seq-03/color/frame-000155.color.png stairs/seq-03/color/frame-000157.color.png 0.998975 0.0166099 -0.0421178 0.0765942 -0.0153273 0.999414 0.0305939 -0.0214922 0.0426013 -0.029917 0.998644 -0.046087 0.0 0.0 0.0 1.0
stairs/seq-03/color/frame-000157.color.png stairs/seq-03/color/frame-000159.color.png 0.998395 0.0411992 -0.0388638 0.0602758 -0.0392083 0.997946 0.0506692 -0.0529975 0.0408715 -0.049064 0.997959 -0.0261656 0.0 0.0 0.0 1.0
stairs/seq-03/color/frame-000159.color.png stairs/seq-03/color/frame-000161.color.png 0.999561 0.0230543 -0.0185891 0.025751 -0.0225315 0.999358 0.027855 -0.020672 0.0192194 -0.027424 0.999439 -0.00900829 0.0 0.0 0.0 1.0
stairs/seq-03/color/frame-000161.color.png stairs/seq-03/color/frame-000163.color.png 0.999998 0.00197901 -0.000432875 0.0112626 -0.00197721 0.999989 0.00416644 -0.0104368 0.000441082 -0.00416554 0.999991 0.0101327 0.0 0.0 0.0 1.0
stairs/seq-03/color/frame-000163.color.png stairs/seq-03/color/frame-000165.color.png 0.999689 0.00767511 -0.023715 0.0434427 -0.00760687 0.999967 0.0029633 -0.00749034 0.0237369 -0.00278202 0.999714 -0.00406623 0.0 0.0 0.0 1.0
stairs/seq-03/color/frame-000165.color.png stairs/seq-03/color/frame-000167.color.png 0.999952 0.00375909 0.00905419 0.00938195 -0.00365839 0.999932 -0.0111109 -0.00494212 -0.00909533 0.0110771 0.999897 0.0135465 0.0 0.0 0.0 1.0
stairs/seq-03/color/frame-000167.color.png stairs/seq-03/color/frame-000169.color.png 0.999907 -0.00867198 0.0105196 -0.00663686 0.00882203 0.999859 -0.0143055 0.0114454 -0.0103941 0.014397 0.999842 0.0369358 0.0 0.0 0.0 1.0
stairs/seq-03/color/frame-000169.color.png stairs/seq-03/color/frame-000171.color.png 0.999905 0.00134687 -0.013711 0.0360963 -0.00131632 0.999997 0.00223776 -0.0105361 0.013714 -0.00221951 0.999903 0.00165761 0.0 0.0 0.0 1.0
stairs/seq-03/color/frame-000171.color.png stairs/seq-03/color/frame-000173.color.png 0.999983 -0.00498925 -0.00289882 0.0125459 0.00500129 0.999979 0.00415314 -0.00662959 0.00287805 -0.00416757 0.999987 0.0127857 0.0 0.0 0.0 1.0
stairs/seq-03/color/frame-000173.color.png stairs/seq-03/color/frame-000175.color.png 0.999958 -0.00459971 0.00792618 -0.00309962 0.00462736 0.999983 -0.00346414 -0.00107765 -0.00791016 0.00350062 0.999963 0.0212748 0.0 0.0 0.0 1.0
stairs/seq-03/color/frame-000175.color.png stairs/seq-03/color/frame-000177.color.png 0.999982 -0.00471315 -0.00378063 0.0226119 0.00470917 0.999988 -0.00104827 -0.0163193 0.00378555 0.00103055 0.999992 0.0178506 0.0 0.0 0.0 1.0
stairs/seq-03/color/frame-000177.color.png stairs/seq-03/color/frame-000179.color.png 0.999938 -0.000569077 -0.0111576 0.0286071 0.000582213 0.999999 0.00117413 0.00141656 0.0111569 -0.00118066 0.999937 -0.00123978 0.0 0.0 0.0 1.0
stairs/seq-03/color/frame-000179.color.png stairs/seq-03/color/frame-000181.color.png 0.999684 0.0133249 0.0213038 -0.0321282 -0.0128661 0.999685 -0.0215268 0.029605 -0.0215839 0.0212459 0.999541 0.0449374 0.0 0.0 0.0 1.0
stairs/seq-03/color/frame-000181.color.png stairs/seq-03/color/frame-000183.color.png 0.999912 0.00216175 0.0130565 -0.00873029 -0.00222489 0.999986 0.00482621 0.0080328 -0.0130459 -0.00485485 0.999903 0.0122167 0.0 0.0 0.0 1.0
stairs/seq-03/color/frame-000183.color.png stairs/seq-03/color/frame-000185.color.png 0.999995 0.00187361 0.00243087 0.0035904 -0.0018845 0.999988 0.00446443 -0.00814807 -0.00242241 -0.00446893 0.999987 0.00476146 0.0 0.0 0.0 1.0
stairs/seq-03/color/frame-000185.color.png stairs/seq-03/color/frame-000187.color.png 0.999914 0.00737426 -0.0108027 0.0204155 -0.00726799 0.999925 0.00984126 -0.0174834 0.0108744 -0.00976192 0.999893 -0.00910997 0.0 0.0 0.0 1.0
stairs/seq-03/color/frame-000187.color.png stairs/seq-03/color/frame-000189.color.png 0.99998 -0.00572298 0.00253379 -0.00572139 0.00573862 0.999964 -0.0062058 0.00977015 -0.0024982 0.00622022 0.999978 0.013641 0.0 0.0 0.0 1.0
stairs/seq-03/color/frame-000189.color.png stairs/seq-03/color/frame-000191.color.png 0.999995 -4.06324e-05 -0.0031634 0.00492853 4.56824e-05 0.999999 0.00160521 -0.00305951 0.00316334 -0.00160532 0.999994 0.00217819 0.0 0.0 0.0 1.0
stairs/seq-03/color/frame-000191.color.png stairs/seq-03/color/frame-000193.color.png 0.999979 -0.00334528 0.00559546 -0.00614899 0.00336 0.999991 -0.00260803 -0.00728977 -0.00558676 0.00262676 0.999981 0.0103158 0.0 0.0 0.0 1.0
stairs/seq-03/color/frame-000193.color.png stairs/seq-03/color/frame-000195.color.png 0.999992 0.00294104 0.00261271 0.00451803 -0.00295175 0.999987 0.0040725 -0.0103418 -0.00260071 -0.00408024 0.999988 0.00260222 0.0 0.0 0.0 1.0
stairs/seq-03/color/frame-000195.color.png stairs/seq-03/color/frame-000197.color.png 0.999953 0.00943106 0.00211762 -0.00138336 -0.0094478 0.999923 0.00804803 -0.0100265 -0.00204151 -0.00806755 0.999965 0.00577223 0.0 0.0 0.0 1.0
stairs/seq-03/color/frame-000197.color.png stairs/seq-03/color/frame-000199.color.png 0.999998 -0.000417606 0.00171037 -0.00062561 0.000417385 1.0 0.000166139 -0.00336498 -0.00171047 -0.000165526 0.999998 0.00495172 0.0 0.0 0.0 1.0
stairs/seq-03/color/frame-000199.color.png stairs/seq-03/color/frame-000201.color.png 0.999974 0.00467977 0.00541046 -0.00348467 -0.00468836 0.999988 0.00157051 0.000484347 -0.00540304 -0.00159577 0.999984 0.00810516 0.0 0.0 0.0 1.0
stairs/seq-03/color/frame-000201.color.png stairs/seq-03/color/frame-000203.color.png 0.999951 -0.00684293 -0.00709436 0.00577468 0.00689549 0.999949 0.00740878 -0.0226076 0.00704335 -0.00745742 0.999947 -0.00061512 0.0 0.0 0.0 1.0
stairs/seq-03/color/frame-000203.color.png stairs/seq-03/color/frame-000205.color.png 0.999734 -0.00912429 0.0212032 -0.0244409 0.00878862 0.999835 0.0158711 -0.0437614 -0.0213446 -0.0156805 0.999649 0.0104419 0.0 0.0 0.0 1.0
stairs/seq-03/color/frame-000205.color.png stairs/seq-03/color/frame-000207.color.png 0.999951 -0.00678247 0.00723016 -0.010408 0.00673217 0.999953 0.00695651 -0.0182263 -0.00727699 -0.00690746 0.99995 0.00756967 0.0 0.0 0.0 1.0
stairs/seq-03/color/frame-000207.color.png stairs/seq-03/color/frame-000209.color.png 0.99998 -0.00273759 0.00568985 -0.00536728 0.00269887 0.999973 0.00680477 -0.0162311 -0.00570832 -0.00678933 0.999961 0.0100096 0.0 0.0 0.0 1.0
stairs/seq-03/color/frame-000209.color.png stairs/seq-03/color/frame-000211.color.png 0.999989 -0.00457252 0.000737768 -0.00472111 0.00456875 0.999977 0.00495815 -0.0140677 -0.000760426 -0.00495471 0.999987 0.00520861 0.0 0.0 0.0 1.0
stairs/seq-03/color/frame-000211.color.png stairs/seq-03/color/frame-000213.color.png 0.999973 -0.00387069 -0.00629136 0.00728762 0.00387821 0.999992 0.00117699 -0.0102949 0.00628675 -0.00120136 0.99998 0.000286341 0.0 0.0 0.0 1.0
stairs/seq-03/color/frame-000213.color.png stairs/seq-03/color/frame-000215.color.png 0.999969 -0.0039434 -0.00679208 0.00921714 0.00392663 0.999989 -0.00248058 -0.00912845 0.00680182 0.00245378 0.999974 0.000478983 0.0 0.0 0.0 1.0
stairs/seq-03/color/frame-000215.color.png stairs/seq-03/color/frame-000217.color.png 0.999971 -0.0069287 0.00303517 -0.0092932 0.00694338 0.999964 -0.00483672 -0.0052281 -0.0030016 0.0048577 0.999984 0.0109161 0.0 0.0 0.0 1.0
stairs/seq-03/color/frame-000217.color.png stairs/seq-03/color/frame-000219.color.png 0.999988 -0.004777 0.00100738 -0.00182927 0.00478208 0.999976 -0.00510939 -0.00431859 -0.000982976 0.00511426 0.999986 -0.00065279 0.0 0.0 0.0 1.0
stairs/seq-03/color/frame-000219.color.png stairs/seq-03/color/frame-000221.color.png 0.999894 -0.00432865 0.0138779 -0.0224035 0.00437319 0.999985 -0.00317874 -0.00214231 -0.013864 0.003239 0.999899 0.0144842 0.0 0.0 0.0 1.0
stairs/seq-03/color/frame-000221.color.png stairs/seq-03/color/frame-000223.color.png 0.999931 -0.00108453 0.0116971 -0.0169297 0.00108542 0.999999 -7.00836e-05 -0.00573534 -0.011697 8.27781e-05 0.999932 0.0161257 0.0 0.0 0.0 1.0
stairs/seq-03/color/frame-000223.color.png stairs/seq-03/color/frame-000225.color.png 0.999981 0.00212518 0.00578654 -0.00819474 -0.00211781 0.999997 -0.00127664 -1.80006e-05 -0.00578922 0.00126439 0.999982 0.00465214 0.0 0.0 0.0 1.0
stairs/seq-03/color/frame-000225.color.png stairs/seq-03/color/frame-000227.color.png 0.999986 -0.00327518 0.00407239 -0.011771 0.00327813 0.999994 -0.000717032 -0.0031358 -0.00407004 0.000730357 0.999991 0.00735831 0.0 0.0 0.0 1.0
stairs/seq-03/color/frame-000227.color.png stairs/seq-03/color/frame-000229.color.png 0.999987 -0.00415575 -0.00278187 0.00165522 0.00414822 0.999988 -0.00270113 -0.00302881 0.00279309 0.00268959 0.999992 0.00501704 0.0 0.0 0.0 1.0
stairs/seq-03/color/frame-000229.color.png stairs/seq-03/color/frame-000231.color.png 0.999896 0.0105062 -0.00983789 0.0236961 -0.0104144 0.999902 0.00933429 -0.00638574 0.00993496 -0.00923092 0.999908 -0.00528836 0.0 0.0 0.0 1.0
stairs/seq-03/color/frame-000231.color.png stairs/seq-03/color/frame-000233.color.png 0.999819 0.0030142 -0.0187648 0.0404693 -0.00303895 0.999995 -0.00128854 0.00456357 0.0187608 0.00134542 0.999823 -0.00476074 0.0 0.0 0.0 1.0
stairs/seq-03/color/frame-000233.color.png stairs/seq-03/color/frame-000235.color.png 0.999814 0.0172778 -0.00851891 0.0411791 -0.0173332 0.999829 -0.00647446 0.0237297 0.00840561 0.00662085 0.999943 0.0048269 0.0 0.0 0.0 1.0
stairs/seq-03/color/frame-000235.color.png stairs/seq-03/color/frame-000237.color.png 0.999958 0.00246548 -0.00877079 0.0353211 -0.00251921 0.999978 -0.00612313 0.0036276 0.00875548 0.00614509 0.999943 0.008986 0.0 0.0 0.0 1.0
stairs/seq-03/color/frame-000237.color.png stairs/seq-03/color/frame-000239.color.png 0.999906 -0.00229321 -0.0134912 0.0405117 0.00216044 0.999949 -0.00984889 0.013451 0.0135131 0.00981887 0.999861 0.00541675 0.0 0.0 0.0 1.0
stairs/seq-03/color/frame-000239.color.png stairs/seq-03/color/frame-000241.color.png 0.999918 -0.00171104 -0.0127286 0.0380222 0.00162495 0.999976 -0.00677097 0.0096733 0.01274 0.00674967 0.999896 -0.00029695 0.0 0.0 0.0 1.0
stairs/seq-03/color/frame-000241.color.png stairs/seq-03/color/frame-000243.color.png 0.999895 0.00459613 -0.0137174 0.0313067 -0.00468877 0.999966 -0.00672814 0.0210928 0.0136861 0.00679167 0.999883 -0.010181 0.0 0.0 0.0 1.0
stairs/seq-03/color/frame-000243.color.png stairs/seq-03/color/frame-000245.color.png 0.999839 -0.000184583 -0.0179544 0.0525224 0.000213573 0.999999 0.00161183 -0.0200605 0.0179541 -0.00161537 0.999838 0.00594234 0.0 0.0 0.0 1.0
stairs/seq-03/color/frame-000245.color.png stairs/seq-03/color/frame-000247.color.png 0.999911 0.0112837 -0.0071083 0.0262396 -0.0113099 0.999929 -0.0036558 0.0153562 0.00706655 0.00373583 0.999968 -0.00349617 0.0 0.0 0.0 1.0
stairs/seq-03/color/frame-000247.color.png stairs/seq-03/color/frame-000249.color.png 0.999918 0.00161238 -0.0127053 0.032276 -0.00164495 0.999995 -0.00256003 0.00918514 0.0127012 0.00258071 0.999916 -0.00190485 0.0 0.0 0.0 1.0
stairs/seq-03/color/frame-000249.color.png stairs/seq-03/color/frame-000251.color.png 0.999928 0.0118789 -0.00152331 0.0146819 -0.0118721 0.99992 0.00443794 0.0100536 0.00157598 -0.00441949 0.999989 -0.0033108 0.0 0.0 0.0 1.0
stairs/seq-03/color/frame-000251.color.png stairs/seq-03/color/frame-000253.color.png 0.999902 0.013633 0.00329611 0.0125425 -0.0136237 0.999903 -0.00285225 0.0229442 -0.00333473 0.00280704 0.999991 0.00903261 0.0 0.0 0.0 1.0
stairs/seq-03/color/frame-000253.color.png stairs/seq-03/color/frame-000255.color.png 0.999953 0.00790159 -0.00561832 0.0184673 -0.00787528 0.999958 0.00468691 -0.00244749 0.00565508 -0.00464243 0.999973 0.00293791 0.0 0.0 0.0 1.0
stairs/seq-03/color/frame-000255.color.png stairs/seq-03/color/frame-000257.color.png 0.999992 0.00228775 0.00329741 -0.0115953 -0.00228441 0.999997 -0.00101455 0.000359535 -0.0032997 0.001007 0.999994 -0.00361097 0.0 0.0 0.0 1.0
stairs/seq-03/color/frame-000257.color.png stairs/seq-03/color/frame-000259.color.png 0.999875 -0.00247257 0.0156157 -0.0264671 0.00230626 0.999941 0.0106563 -0.0219352 -0.0156411 -0.010619 0.999821 0.0211265 0.0 0.0 0.0 1.0
stairs/seq-03/color/frame-000259.color.png stairs/seq-03/color/frame-000261.color.png 0.999814 0.000433283 0.0193032 -0.0334831 -0.000408766 0.999999 -0.0012733 0.000110745 -0.0193037 0.0012652 0.999813 0.0214176 0.0 0.0 0.0 1.0
stairs/seq-03/color/frame-000261.color.png stairs/seq-03/color/frame-000263.color.png 0.999984 -0.00364061 0.004427 -0.0121112 0.0036194 0.999982 0.00479002 -0.0206564 -0.00444437 -0.00477387 0.999979 0.0126795 0.0 0.0 0.0 1.0
stairs/seq-03/color/frame-000263.color.png stairs/seq-03/color/frame-000265.color.png 0.999963 0.00606277 0.00615698 -0.0117956 -0.00609248 0.99997 0.00481649 -0.00504094 -0.00612756 -0.00485384 0.999969 0.00781953 0.0 0.0 0.0 1.0
stairs/seq-03/color/frame-000265.color.png stairs/seq-03/color/frame-000267.color.png 0.999957 -0.000965984 -0.00917258 0.0102051 0.0010099 0.999988 0.00478689 -0.011933 0.00916784 -0.00479595 0.999947 -0.00313449 0.0 0.0 0.0 1.0
stairs/seq-03/color/frame-000267.color.png stairs/seq-03/color/frame-000269.color.png 0.999993 -0.0037976 0.000629533 -0.00432217 0.00379802 0.999993 -0.000541376 -0.00709897 -0.000627497 0.000543734 1.0 0.00758302 0.0 0.0 0.0 1.0
stairs/seq-03/color/frame-000269.color.png stairs/seq-03/color/frame-000271.color.png 0.99998 -0.00497375 -0.00381866 0.00434816 0.00495224 0.999972 -0.00560848 -0.00135773 0.00384644 0.00558949 0.999977 0.00731885 0.0 0.0 0.0 1.0
stairs/seq-03/color/frame-000271.color.png stairs/seq-03/color/frame-000273.color.png 0.999935 -0.00195647 -0.011253 0.0164924 0.00189975 0.999986 -0.00504777 -0.0047614 0.0112627 0.00502603 0.999924 0.00168574 0.0 0.0 0.0 1.0
stairs/seq-03/color/frame-000273.color.png stairs/seq-03/color/frame-000275.color.png 0.999976 0.00243379 -0.00643034 0.0101272 -0.00244546 0.999995 -0.00180503 0.00209492 0.00642583 0.00182075 0.999978 -0.000651836 0.0 0.0 0.0 1.0
stairs/seq-03/color/frame-000275.color.png stairs/seq-03/color/frame-000277.color.png 0.999998 0.000244788 -0.00192206 0.00153071 -0.000239368 0.999996 0.00282553 -0.00625294 0.00192279 -0.00282506 0.999994 0.00217927 0.0 0.0 0.0 1.0
stairs/seq-03/color/frame-000277.color.png stairs/seq-03/color/frame-000279.color.png 0.99997 -0.000724343 0.00776243 -0.0155926 0.000738589 0.999998 -0.00182952 0.00205857 -0.00776111 0.00183512 0.999968 0.00910902 0.0 0.0 0.0 1.0
stairs/seq-03/color/frame-000279.color.png stairs/seq-03/color/frame-000281.color.png 0.999997 0.00100839 0.00202658 -0.0028891 -0.00101374 0.999996 0.0026299 -0.0046367 -0.00202392 -0.00263183 0.999995 0.00395262 0.0 0.0 0.0 1.0
stairs/seq-03/color/frame-000281.color.png stairs/seq-03/color/frame-000283.color.png 0.999893 0.0074315 0.0125594 -0.0181525 -0.00744688 0.999972 0.00117927 0.0107281 -0.0125503 -0.00127275 0.99992 0.00269628 0.0 0.0 0.0 1.0
stairs/seq-03/color/frame-000283.color.png stairs/seq-03/color/frame-000285.color.png 0.999961 -0.00427291 -0.00773028 0.0124721 0.00439765 0.999859 0.0161951 -0.0318201 0.00766 -0.0162284 0.999839 -0.0070461 0.0 0.0 0.0 1.0
stairs/seq-03/color/frame-000285.color.png stairs/seq-03/color/frame-000287.color.png 0.999901 -0.00197312 -0.0139684 0.0224252 0.00225016 0.999801 0.0198452 -0.028384 0.0139264 -0.0198746 0.999705 -0.0205694 0.0 0.0 0.0 1.0
stairs/seq-03/color/frame-000287.color.png stairs/seq-03/color/frame-000289.color.png 0.999989 0.00418629 -0.00211848 0.00924671 -0.0041657 0.999945 0.00965254 -0.00909221 0.00215886 -0.0096436 0.999951 -0.00830042 0.0 0.0 0.0 1.0
stairs/seq-03/color/frame-000289.color.png stairs/seq-03/color/frame-000291.color.png 0.999861 0.00959233 -0.0136498 0.0270628 -0.00951821 0.99994 0.00548429 0.00729787 0.0137016 -0.00535358 0.999892 -0.0206615 0.0 0.0 0.0 1.0
stairs/seq-03/color/frame-000291.color.png stairs/seq-03/color/frame-000293.color.png 0.999987 0.00256082 -0.0044719 0.00712377 -0.00255091 0.999994 0.00221822 0.00618762 0.00447758 -0.00220681 0.999988 -0.00988698 0.0 0.0 0.0 1.0
stairs/seq-03/color/frame-000293.color.png stairs/seq-03/color/frame-000295.color.png 0.99982 0.00969015 -0.0162821 0.0296026 -0.0095362 0.999909 0.00950584 0.00715935 0.0163728 -0.00934891 0.999822 -0.0283625 0.0 0.0 0.0 1.0
stairs/seq-03/color/frame-000295.color.png stairs/seq-03/color/frame-000297.color.png 0.999997 -0.00136558 0.00212302 -0.00692511 0.00134159 0.999936 0.0112661 -0.0086835 -0.00213832 -0.0112633 0.999934 -0.0118227 0.0 0.0 0.0 1.0
stairs/seq-03/color/frame-000297.color.png stairs/seq-03/color/frame-000299.color.png 0.999931 -0.00212357 0.0115505 -0.0246919 0.00221293 0.999968 -0.00772945 0.0341766 -0.0115336 0.0077545 0.999904 -0.0119039 0.0 0.0 0.0 1.0
stairs/seq-03/color/frame-000299.color.png stairs/seq-03/color/frame-000301.color.png 0.999757 0.00191333 0.0219591 -0.0441842 -0.00191624 0.999998 0.000110286 0.00170034 -0.0219588 -0.000152324 0.999759 0.00496233 0.0 0.0 0.0 1.0
stairs/seq-03/color/frame-000301.color.png stairs/seq-03/color/frame-000303.color.png 0.999756 -0.00920608 0.0200656 -0.0681589 0.00911692 0.999948 0.00453057 -0.0124192 -0.0201062 -0.00434647 0.999788 0.00629818 0.0 0.0 0.0 1.0
stairs/seq-03/color/frame-000303.color.png stairs/seq-03/color/frame-000305.color.png 0.999869 -0.0149177 0.00620344 -0.0447163 0.0149038 0.999886 0.00226476 -0.0103555 -0.00623654 -0.00217211 0.999978 -0.0150334 0.0 0.0 0.0 1.0
stairs/seq-03/color/frame-000305.color.png stairs/seq-03/color/frame-000307.color.png 0.999854 -0.0101509 0.013715 -0.0536059 0.010232 0.999931 -0.00585301 0.00463796 -0.0136547 0.00599261 0.999889 -0.0133308 0.0 0.0 0.0 1.0
stairs/seq-03/color/frame-000307.color.png stairs/seq-03/color/frame-000309.color.png 0.9999 -0.0029539 0.0138253 -0.0464819 0.00294918 0.999996 0.000357663 -0.000961304 -0.0138263 -0.000316916 0.999904 -0.0124917 0.0 0.0 0.0 1.0
stairs/seq-03/color/frame-000309.color.png stairs/seq-03/color/frame-000311.color.png 0.999899 -0.00516218 0.0132692 -0.0418398 0.00504083 0.999945 0.00916507 -0.0103555 -0.0133158 -0.00909738 0.99987 -0.0115759 0.0 0.0 0.0 1.0
stairs/seq-03/color/frame-000311.color.png stairs/seq-03/color/frame-000313.color.png 0.999878 -0.00144169 0.0155686 -0.0388676 0.00132325 0.99997 0.00761608 -0.00320017 -0.0155792 -0.0075944 0.99985 -0.00935173 0.0 0.0 0.0 1.0
stairs/seq-03/color/frame-000313.color.png stairs/seq-03/color/frame-000315.color.png 0.999938 -0.000569829 0.0111103 -0.0333357 0.000516799 0.999988 0.00477389 0.00209171 -0.0111129 -0.00476787 0.999927 -0.00572205 0.0 0.0 0.0 1.0
stairs/seq-03/color/frame-000315.color.png stairs/seq-03/color/frame-000317.color.png 0.99996 -0.00893876 0.000407218 -0.0180519 0.0089404 0.999951 -0.00419517 0.00332397 -0.000369773 0.0041986 0.999991 -0.00982714 0.0 0.0 0.0 1.0
stairs/seq-03/color/frame-000317.color.png stairs/seq-03/color/frame-000319.color.png 1.0 9.89789e-05 0.000136548 -0.00968462 -9.87797e-05 0.999999 -0.00157864 0.00832194 -0.000136667 0.00157868 0.999999 -0.0105191 0.0 0.0 0.0 1.0
stairs/seq-03/color/frame-000319.color.png stairs/seq-03/color/frame-000321.color.png 0.999959 0.00813232 0.00390489 -0.00324851 -0.0081744 0.999907 0.010885 -0.00578105 -0.00381598 -0.0109165 0.999933 -0.0144433 0.0 0.0 0.0 1.0
stairs/seq-03/color/frame-000321.color.png stairs/seq-03/color/frame-000323.color.png 0.99999 0.00360719 -0.00269289 0.00108522 -0.00362148 0.999979 -0.00532147 0.0146913 0.00267358 0.00533119 0.999982 -0.0113238 0.0 0.0 0.0 1.0
stairs/seq-03/color/frame-000323.color.png stairs/seq-03/color/frame-000325.color.png 0.999971 0.00670051 0.00360459 -0.00301099 -0.00666566 0.999932 -0.00960606 0.0195119 -0.00366866 0.0095818 0.999947 -0.0013361 0.0 0.0 0.0 1.0
stairs/seq-03/color/frame-000325.color.png stairs/seq-03/color/frame-000327.color.png 0.999939 0.00659002 -0.00889126 0.0175387 -0.00674989 0.999814 -0.0180752 0.0349039 0.00877048 0.0181342 0.999797 -0.0128753 0.0 0.0 0.0 1.0
stairs/seq-03/color/frame-000327.color.png stairs/seq-03/color/frame-000329.color.png 0.999929 -0.00589325 -0.0103626 0.00955063 0.00578107 0.999925 -0.0108222 0.02016 0.0104256 0.0107615 0.999888 -0.015273 0.0 0.0 0.0 1.0
stairs/seq-03/color/frame-000329.color.png stairs/seq-03/color/frame-000331.color.png 0.999964 -0.00686401 -0.0050357 0.0126809 0.00688744 0.999965 0.00464802 0.00143033 0.00500364 -0.00468257 0.999976 -0.026351 0.0 0.0 0.0 1.0
stairs/seq-03/color/frame-000331.color.png stairs/seq-03/color/frame-000333.color.png 0.999963 -0.00756475 -0.00423861 -0.000398099 0.00759383 0.999947 0.00688206 0.00124246 0.00418633 -0.00691404 0.999967 -0.0154628 0.0 0.0 0.0 1.0
stairs/seq-03/color/frame-000333.color.png stairs/seq-03/color/frame-000335.color.png 0.999779 0.00199037 -0.0209163 0.029004 -0.00182569 0.999967 0.00788782 0.00251579 0.0209314 -0.00784785 0.99975 -0.0330101 0.0 0.0 0.0 1.0
stairs/seq-03/color/frame-000335.color.png stairs/seq-03/color/frame-000337.color.png 0.999924 -0.000474895 0.0123515 -0.00970614 0.000352451 0.999951 0.0099086 -0.00449806 -0.0123556 -0.0099035 0.999875 -0.0168469 0.0 0.0 0.0 1.0
stairs/seq-03/color/frame-000337.color.png stairs/seq-03/color/frame-000339.color.png 0.999877 -0.0128655 0.00891946 -0.0127875 0.0128644 0.999917 0.000181101 -0.00572568 -0.00892105 -6.63217e-05 0.99996 -0.017001 0.0 0.0 0.0 1.0
stairs/seq-03/color/frame-000339.color.png stairs/seq-03/color/frame-000341.color.png 0.999987 -0.00148139 0.00478979 -0.00454229 0.00149803 0.999993 -0.00347008 0.00271481 -0.00478465 0.00347727 0.999982 -0.0164487 0.0 0.0 0.0 1.0
stairs/seq-03/color/frame-000341.color.png stairs/seq-03/color/frame-000343.color.png 0.999961 -0.00855145 0.00231693 -0.01016 0.00857862 0.999891 -0.0119743 0.012197 -0.00221426 0.0119937 0.999926 -0.012188 0.0 0.0 0.0 1.0
stairs/seq-03/color/frame-000343.color.png stairs/seq-03/color/frame-000345.color.png 0.999978 0.00457404 0.00473421 0.000396967 -0.00454366 0.999969 -0.00642439 0.00731736 -0.00476345 0.00640283 0.999968 -0.0154358 0.0 0.0 0.0 1.0
stairs/seq-03/color/frame-000345.color.png stairs/seq-03/color/frame-000347.color.png 0.99988 0.0133324 -0.00790875 0.0185427 -0.0134131 0.999858 -0.010247 0.0195857 0.00777101 0.0103518 0.999916 -0.0137722 0.0 0.0 0.0 1.0
stairs/seq-03/color/frame-000347.color.png stairs/seq-03/color/frame-000349.color.png 0.999761 0.012091 -0.0182003 0.0346413 -0.0121473 0.999922 -0.00298525 0.0096603 0.0181628 0.00320566 0.99983 -0.0197833 0.0 0.0 0.0 1.0
