stairs/seq-03/color/frame-000002.color.png stairs/seq-03/color/frame-000005.color.png 0.999997 -0.0024792 0.000732123 0.00276471 0.00248096 0.999994 -0.00240851 -0.000680267 -0.000726147 0.00241032 0.999997 0.00067925 0.0 0.0 0.0 1.0
stairs/seq-03/color/frame-000005.color.png stairs/seq-03/color/frame-000008.color.png 0.999998 -0.00180793 -4.93077e-06 -0.0017347 0.00180791 0.999995 -0.00259511 0.00307739 9.62243e-06 0.00259509 0.999997 0.00569365 0.0 0.0 0.0 1.0
stairs/seq-03/color/frame-000008.color.png stairs/seq-03/color/frame-000011.color.png 0.999974 0.00395555 -0.00604547 0.00470121 -0.00397917 0.999985 -0.0039003 -0.00900094 0.00602995 0.00392425 0.999974 0.00370473 0.0 0.0 0.0 1.0
stairs/seq-03/color/frame-000011.color.png stairs/seq-03/color/frame-000014.color.png 0.999901 -0.000909228 -0.0140755 0.0186259 0.000827791 0.999983 -0.00579042 -0.00173784 0.0140806 0.00577819 0.999884 -0.00203784 0.0 0.0 0.0 1.0
stairs/seq-03/color/frame-000014.color.png stairs/seq-03/color/frame-000017.color.png 0.999746 -0.00890102 -0.0207103 0.0220302 0.00870068 0.999915 -0.00974343 0.0111297 0.0207952 0.00956077 0.999738 0.0104789 0.0 0.0 0.0 1.0
stairs/seq-03/color/frame-000017.color.png stairs/seq-03/color/frame-000020.color.png 0.999867 0.00320589 -0.015992 0.0208304 -0.00307146 0.99996 0.00842416 -0.00595777 0.0160183 -0.00837393 0.999837 0.0129785 0.0 0.0 0.0 1.0
stairs/seq-03/color/frame-000020.color.png stairs/seq-03/color/frame-000023.color.png 0.999959 -0.00548355 -0.00715638 0.0185192 0.00546822 0.999983 -0.00216153 -0.00823742 0.0071681 0.00212231 0.999972 0.00322233 0.0 0.0 0.0 1.0
stairs/seq-03/color/frame-000023.color.png stairs/seq-03/color/frame-000026.color.png 0.999991 0.00320559 -0.00291146 0.0167606 -0.00321054 0.999993 -0.00169579 -0.0115446 0.002906 0.00170512 0.999994 0.0220531 0.0 0.0 0.0 1.0
stairs/seq-03/color/frame-000026.color.png stairs/seq-03/color/frame-000029.color.png 0.999957 0.00550052 0.00742993 0.00278831 -0.00549753 0.999985 -0.000422832 -0.0103859 -0.00743213 0.000381967 0.999972 0.046308 0.0 0.0 0.0 1.0
stairs/seq-03/color/frame-000029.color.png stairs/seq-03/color/frame-000032.color.png 0.999924 0.00489003 0.0112755 -0.00537198 -0.00481679 0.999967 -0.00651319 -0.0206722 -0.011307 0.00645838 0.999915 0.0407496 0.0 0.0 0.0 1.0
stairs/seq-03/color/frame-000032.color.png stairs/seq-03/color/frame-000035.color.png 0.99997 -0.00501857 0.00592675 -0.000322208 0.00506093 0.999962 -0.00715411 -0.0148773 -0.0058906 0.00718389 0.999957 0.0308057 0.0 0.0 0.0 1.0
stairs/seq-03/color/frame-000035.color.png stairs/seq-03/color/frame-000038.color.png 0.999997 0.00080746 0.00219676 -0.00365444 -0.000796497 0.999987 -0.00498696 -0.0129475 -0.00220078 0.0049852 0.999985 0.0323535 0.0 0.0 0.0 1.0
stairs/seq-03/color/frame-000038.color.png stairs/seq-03/color/frame-000041.color.png 0.999956 -0.00503803 0.00797135 -0.00511176 0.00502571 0.999986 0.00156488 -0.022529 -0.00797911 -0.00152475 0.999967 0.0276414 0.0 0.0 0.0 1.0
stairs/seq-03/color/frame-000041.color.png stairs/seq-03/color/frame-000044.color.png 0.999934 0.00577754 0.00992739 -0.00327188 -0.00583261 0.999968 0.00552751 -0.0118332 -0.00989514 -0.00558505 0.999936 0.0274669 0.0 0.0 0.0 1.0
stairs/seq-03/color/frame-000044.color.png stairs/seq-03/color/frame-000047.color.png 0.999986 -0.000447947 -0.00530165 0.0145688 0.000435506 0.999997 -0.00234765 -0.00899148 0.00530269 0.0023453 0.999983 0.0308945 0.0 0.0 0.0 1.0
stairs/seq-03/color/frame-000047.color.png stairs/seq-03/color/frame-000050.color.png 0.999919 -0.00121625 -0.0126551 0.0302225 0.001177 0.999994 -0.00310795 -0.00393599 0.0126588 0.00309282 0.999915 0.0343755 0.0 0.0 0.0 1.0
stairs/seq-03/color/frame-000050.color.png stairs/seq-03/color/frame-000053.color.png 0.999842 0.00417543 -0.0172554 0.0514616 -0.00393517 0.999895 0.0139342 -0.0144221 0.0173118 -0.0138641 0.999754 0.0379495 0.0 0.0 0.0 1.0
stairs/seq-03/color/frame-000053.color.png stairs/seq-03/color/frame-000056.color.png 0.999691 0.00650152 -0.0240139 0.0623641 -0.00665621 0.999958 -0.00636751 -0.00565377 0.0239714 0.00652537 0.999691 0.0444181 0.0 0.0 0.0 1.0
stairs/seq-03/color/frame-000056.color.png stairs/seq-03/color/frame-000059.color.png 0.999646 -0.00955823 -0.0248196 0.0575055 0.00953654 0.999954 -0.000992074 -0.00610429 0.024828 0.000755037 0.999691 0.0233352 0.0 0.0 0.0 1.0
stairs/seq-03/color/frame-000059.color.png stairs/seq-03/color/frame-000062.color.png 0.999612 -0.00464214 -0.0274713 0.0609145 0.00455503 0.999984 -0.00323278 -0.00114569 0.0274858 0.00310639 0.999617 0.0202519 0.0 0.0 0.0 1.0
stairs/seq-03/color/frame-000062.color.png stairs/seq-03/color/frame-000065.color.png 0.999649 0.00411518 -0.0261617 0.06563 -0.00419778 0.999986 -0.00310321 0.00250062 0.0261486 0.00321194 0.999653 0.00620428 0.0 0.0 0.0 1.0
stairs/seq-03/color/frame-000065.color.png stairs/seq-03/color/frame-000068.color.png 0.999857 0.0048898 -0.0162121 0.0365084 -0.00506243 0.999931 -0.0106241 0.0110182 0.016159 0.0107047 0.999812 0.0130924 0.0 0.0 0.0 1.0
stairs/seq-03/color/frame-000068.color.png stairs/seq-03/color/frame-000071.color.png 0.99997 -0.00729308 -0.00256254 0.0157817 0.00729567 0.999973 0.00100196 -0.00789233 0.00255518 -0.00102061 0.999996 0.00865096 0.0 0.0 0.0 1.0
stairs/seq-03/color/frame-000071.color.png stairs/seq-03/color/frame-000074.color.png 0.999998 -0.00193734 -0.000427193 0.0160801 0.00194067 0.999967 0.00792817 -0.0066334 0.000411835 -0.00792899 0.999968 0.0187422 0.0 0.0 0.0 1.0
stairs/seq-03/color/frame-000074.color.png stairs/seq-03/color/frame-000077.color.png 0.999691 0.00391112 0.0245303 -0.00735143 -0.00394194 0.999992 0.00120821 -0.00866257 -0.0245254 -0.00130453 0.999698 0.0355476 0.0 0.0 0.0 1.0
stairs/seq-03/color/frame-000077.color.png stairs/seq-03/color/frame-000080.color.png 0.999325 0.0279615 0.0238251 -0.0082024 -0.0285388 0.999299 0.0242424 -0.0123884 -0.0231305 -0.024906 0.999422 0.0436646 0.0 0.0 0.0 1.0
stairs/seq-03/color/frame-000080.color.png stairs/seq-03/color/frame-000083.color.png 0.999843 0.0138902 0.0109995 -0.00549319 -0.0138345 0.999891 -0.00512651 -0.0097907 -0.0110695 0.00497353 0.999926 0.0460382 0.0 0.0 0.0 1.0
stairs/seq-03/color/frame-000083.color.png stairs/seq-03/color/frame-000086.color.png 0.999759 0.0219317 -0.000983719 0.00653836 -0.0219131 0.999631 0.016058 -0.029331 0.00133553 -0.0160325 0.99987 0.0243278 0.0 0.0 0.0 1.0
stairs/seq-03/color/frame-000086.color.png stairs/seq-03/color/frame-000089.color.png 0.999573 0.0213694 0.0199221 -0.0123514 -0.0217542 0.999577 0.0193023 -0.021608 -0.0195012 -0.0197274 0.999615 0.0322198 0.0 0.0 0.0 1.0
stairs/seq-03/color/frame-000089.color.png stairs/seq-03/color/frame-000092.color.png 0.999789 0.00512323 0.0199162 -0.011987 -0.00546384 0.999839 0.0170858 -0.0229067 -0.0198254 -0.017191 0.999656 0.0352708 0.0 0.0 0.0 1.0
stairs/seq-03/color/frame-000092.color.png stairs/seq-03/color/frame-000095.color.png 0.999646 0.0259624 0.00574589 0.00430501 -0.0261435 0.999077 0.0340676 -0.0327312 -0.0048561 -0.0342058 0.999403 0.00387293 0.0 0.0 0.0 1.0
stairs/seq-03/color/frame-000095.color.png stairs/seq-03/color/frame-000098.color.png 0.999968 0.00703489 -0.00375736 0.00176951 -0.00698777 0.999898 0.012416 0.00030905 0.00384429 -0.0123894 0.999916 0.0125343 0.0 0.0 0.0 1.0
stairs/seq-03/color/frame-000098.color.png stairs/seq-03/color/frame-000101.color.png 0.999952 -0.0084336 -0.0050467 0.00602621 0.00855306 0.999672 0.0241292 -0.0371776 0.00484155 -0.0241712 0.999696 0.0084675 0.0 0.0 0.0 1.0
stairs/seq-03/color/frame-000101.color.png stairs/seq-03/color/frame-000104.color.png 0.999955 0.00705865 -0.00641346 0.0214492 -0.00699284 0.999923 0.0102289 -0.0131201 0.00648517 -0.0101835 0.999927 0.00286233 0.0 0.0 0.0 1.0
stairs/seq-03/color/frame-000104.color.png stairs/seq-03/color/frame-000107.color.png 0.999959 0.00852486 -0.0031346 0.0172667 -0.00844853 0.999686 0.0236011 -0.0404348 0.0033348 -0.0235736 0.999717 0.00562263 0.0 0.0 0.0 1.0
stairs/seq-03/color/frame-000107.color.png stairs/seq-03/color/frame-000110.color.png 0.999978 0.00198971 -0.00628385 0.0270322 -0.00201674 0.999989 -0.00429665 -0.0092091 0.00627524 0.0043092 0.999971 0.0150489 0.0 0.0 0.0 1.0
stairs/seq-03/color/frame-000110.color.png stairs/seq-03/color/frame-000113.color.png 0.998818 0.0392976 -0.0286146 0.0655233 -0.039223 0.999225 0.00316478 -0.00601429 0.0287168 -0.00203871 0.999586 0.000650406 0.0 0.0 0.0 1.0
stairs/seq-03/color/frame-000113.color.png stairs/seq-03/color/frame-000116.color.png 0.999872 0.015305 0.00468084 0.0166168 -0.0153239 0.999875 0.00400957 -0.0237561 -0.00461889 -0.00408074 0.999981 0.0211875 0.0 0.0 0.0 1.0
stairs/seq-03/color/frame-000116.color.png stairs/seq-03/color/frame-000119.color.png 0.999414 -0.0342345 0.00054799 0.0186827 0.034238 0.99915 -0.0229389 -0.0115913 0.000237796 0.0229442 0.999737 0.0220754 0.0 0.0 0.0 1.0
stairs/seq-03/color/frame-000119.color.png stairs/seq-03/color/frame-000122.color.png 0.999892 -0.0146157 -0.0016803 0.0177869 0.0146103 0.999888 -0.00320676 -0.0290067 0.00172697 0.00318191 0.999994 0.00606489 0.0 0.0 0.0 1.0
stairs/seq-03/color/frame-000122.color.png stairs/seq-03/color/frame-000125.color.png 0.999333 0.0204038 -0.030271 0.0688545 -0.0189357 0.998667 0.0480171 -0.116708 0.0312104 -0.0474119 0.998388 -0.0358337 0.0 0.0 0.0 1.0
stairs/seq-03/color/frame-000125.color.png stairs/seq-03/color/frame-000128.color.png 0.999748 0.0217865 -0.0054335 0.00954455 -0.0216563 0.999501 0.0229789 -0.0232055 0.00593144 -0.0228554 0.999721 0.00352186 0.0 0.0 0.0 1.0
stairs/seq-03/color/frame-000128.color.png stairs/seq-03/color/frame-000131.color.png 0.999867 0.0108473 0.0122065 -0.0193114 -0.0106477 0.999811 -0.0162967 0.0747615 -0.012381 0.0161645 0.999793 0.0343311 0.0 0.0 0.0 1.0
stairs/seq-03/color/frame-000131.color.png stairs/seq-03/color/frame-000134.color.png 0.999963 0.00334325 -0.00798837 0.00551969 -0.00327128 0.999954 0.00900439 -0.0193554 0.00801808 -0.00897793 0.999928 0.00816143 0.0 0.0 0.0 1.0
stairs/seq-03/color/frame-000134.color.png stairs/seq-03/color/frame-000137.color.png 0.99995 0.00887878 -0.00460797 -0.000462949 -0.00884048 0.999927 0.00826158 -0.0276276 0.00468097 -0.00822043 0.999955 0.0160673 0.0 0.0 0.0 1.0
stairs/seq-03/color/frame-000137.color.png stairs/seq-03/color/frame-000140.color.png 0.999848 -0.00215081 0.017326 -0.0266034 0.00203845 0.999977 0.00650117 -0.0463857 -0.0173396 -0.00646489 0.999829 0.0257946 0.0 0.0 0.0 1.0
stairs/seq-03/color/frame-000140.color.png stairs/seq-03/color/frame-000143.color.png 0.998763 -0.0314778 0.0384983 -0.0562634 0.0312509 0.99949 0.00648141 -0.0426043 -0.0386827 -0.00527025 0.999238 0.0380265 0.0 0.0 0.0 1.0
stairs/seq-03/color/frame-000143.color.png stairs/seq-03/color/frame-000146.color.png 0.999787 -0.0128832 0.0161387 -0.0329957 0.0127054 0.999858 0.0110707 -0.0359879 -0.016279 -0.0108633 0.999809 0.0193819 0.0 0.0 0.0 1.0
stairs/seq-03/color/frame-000146.color.png stairs/seq-03/color/frame-000149.color.png 0.999879 -0.0146631 0.0051749 -0.0127723 0.0145804 0.999771 0.0156673 -0.0465297 -0.00540344 -0.0155899 0.999864 0.00373977 0.0 0.0 0.0 1.0
stairs/seq-03/color/frame-000149.color.png stairs/seq-03/color/frame-000152.color.png 0.999692 0.0141671 -0.0203698 0.028564 -0.0136432 0.999578 0.0256357 -0.0379291 0.0207245 -0.0253499 0.999464 -0.0177563 0.0 0.0 0.0 1.0
stairs/seq-03/color/frame-000152.color.png stairs/seq-03/color/frame-000155.color.png 0.999375 0.0322654 -0.0144339 0.028273 -0.0317052 0.998794 0.0374823 -0.0366435 0.0156258 -0.0370013 0.999193 -0.0157776 0.0 0.0 0.0 1.0
stairs/seq-03/color/frame-000155.color.png stairs/seq-03/color/frame-000158.color.png 0.997398 0.0441187 -0.0570205 0.0960787 -0.0407063 0.997387 0.0596808 -0.0526792 0.0595046 -0.0572043 0.996588 -0.0578852 0.0 0.0 0.0 1.0
stairs/seq-03/color/frame-000158.color.png stairs/seq-03/color/frame-000161.color.png 0.99853 0.0375989 -0.0390349 0.061419 -0.0356169 0.998099 0.0502875 -0.048856 0.0408515 -0.0488233 0.997972 -0.026831 0.0 0.0 0.0 1.0
stairs/seq-03/color/frame-000161.color.png stairs/seq-03/color/frame-000164.color.png 0.999854 0.00493088 -0.0163565 0.0372875 -0.00482297 0.999966 0.00662781 -0.017608 0.0163886 -0.00654795 0.999844 0.00577927 0.0 0.0 0.0 1.0
stairs/seq-03/color/frame-000164.color.png stairs/seq-03/color/frame-000167.color.png 0.999873 0.0135719 0.00838921 0.00233889 -0.0134968 0.999869 -0.00894953 -0.00210404 -0.00850953 0.00883505 0.999925 0.0332035 0.0 0.0 0.0 1.0
stairs/seq-03/color/frame-000167.color.png stairs/seq-03/color/frame-000170.color.png 0.999976 -0.0066379 0.00192985 0.00998247 0.00667343 0.999797 -0.019015 0.0229348 -0.00180325 0.0190274 0.999817 0.0301335 0.0 0.0 0.0 1.0
stairs/seq-03/color/frame-000170.color.png stairs/seq-03/color/frame-000173.color.png 0.999834 -0.0106391 -0.0147606 0.0539664 0.0107764 0.999899 0.00926178 -0.0323974 0.0146606 -0.00941929 0.999848 0.00414121 0.0 0.0 0.0 1.0
stairs/seq-03/color/frame-000173.color.png stairs/seq-03/color/frame-000176.color.png 0.99996 -0.00471673 0.00757716 0.00643677 0.00473767 0.999985 -0.00274731 -0.0152429 -0.00756413 0.00278315 0.999968 0.0302986 0.0 0.0 0.0 1.0
stairs/seq-03/color/frame-000176.color.png stairs/seq-03/color/frame-000179.color.png 0.999928 -0.00178886 -0.0119122 0.031379 0.00175953 0.999995 -0.00247171 0.00805002 0.0119167 0.00245049 0.999926 0.00978255 0.0 0.0 0.0 1.0
stairs/seq-03/color/frame-000179.color.png stairs/seq-03/color/frame-000182.color.png 0.998994 0.0148591 0.0423224 -0.0426478 -0.0138178 0.999597 -0.02479 0.039741 -0.0426737 0.0241802 0.998796 0.0609475 0.0 0.0 0.0 1.0
stairs/seq-03/color/frame-000182.color.png stairs/seq-03/color/frame-000185.color.png 0.999988 0.000698879 -0.00476517 0.00423062 -0.000640521 0.999925 0.0122366 -0.0100029 0.00477333 -0.0122334 0.999914 0.0054493 0.0 0.0 0.0 1.0
stairs/seq-03/color/frame-000185.color.png stairs/seq-03/color/frame-000188.color.png 0.999983 0.00435393 -0.00375607 0.00985503 -0.00433584 0.999979 0.0047989 -0.0119365 0.00377689 -0.00478252 0.999981 0.000607371 0.0 0.0 0.0 1.0
stairs/seq-03/color/frame-000188.color.png stairs/seq-03/color/frame-000191.color.png 0.999959 -0.0031903 -0.0084265 0.0115471 0.00319464 0.999995 0.000508992 0.00155902 0.00842484 -0.000535878 0.999964 0.00267351 0.0 0.0 0.0 1.0
stairs/seq-03/color/frame-000191.color.png stairs/seq-03/color/frame-000194.color.png 0.999969 -0.00738663 0.00279022 -0.00801027 0.0073999 0.999961 -0.00477429 -0.00706905 -0.00275486 0.00479478 0.999985 0.0128928 0.0 0.0 0.0 1.0
stairs/seq-03/color/frame-000194.color.png stairs/seq-03/color/frame-000197.color.png 0.999823 0.0156241 0.0104592 -0.00245762 -0.015747 0.999807 0.011775 -0.0163794 -0.0102732 -0.0119376 0.999876 0.00946057 0.0 0.0 0.0 1.0
stairs/seq-03/color/frame-000197.color.png stairs/seq-03/color/frame-000200.color.png 0.999976 0.00276004 0.00630652 -0.00835907 -0.00275926 0.999996 -0.000126291 0.00414962 -0.00630679 0.000108894 0.99998 0.0136068 0.0 0.0 0.0 1.0
stairs/seq-03/color/frame-000200.color.png stairs/seq-03/color/frame-000203.color.png 0.999974 -0.00451058 -0.00555378 0.0079484 0.0045474 0.999968 0.00664556 -0.0197993 0.00552365 -0.00667073 0.999962 0.00147259 0.0 0.0 0.0 1.0
stairs/seq-03/color/frame-000203.color.png stairs/seq-03/color/frame-000206.color.png 0.999519 -0.0161626 0.0264773 -0.0227391 0.0157515 0.999753 0.0156625 -0.0417497 -0.0267239 -0.0152379 0.999527 0.015794 0.0 0.0 0.0 1.0
stairs/seq-03/color/frame-000206.color.png stairs/seq-03/color/frame-000209.color.png 0.999957 -0.00686732 0.00627683 -0.0113753 0.00680224 0.999924 0.0103183 -0.0281172 -0.00634721 -0.0102752 0.999927 0.0118998 0.0 0.0 0.0 1.0
stairs/seq-03/color/frame-000209.color.png stairs/seq-03/color/frame-000212.color.png 0.999985 -0.00551382 0.000289509 -0.00353891 0.00551244 0.999973 0.00483087 -0.0175233 -0.000316153 -0.00482915 0.999988 0.00992155 0.0 0.0 0.0 1.0
stairs/seq-03/color/frame-000212.color.png stairs/seq-03/color/frame-000215.color.png 0.999918 -0.0046861 -0.0118952 0.0126444 0.00468433 0.999989 -0.000177872 -0.0161936 0.0118959 0.000122084 0.999929 -0.00100958 0.0 0.0 0.0 1.0
stairs/seq-03/color/frame-000215.color.png stairs/seq-03/color/frame-000218.color.png 0.999955 -0.00952767 0.000144786 0.000561237 0.00952821 0.999943 -0.00481852 -0.00887406 -9.88737e-05 0.00481966 0.999988 0.00352907 0.0 0.0 0.0 1.0
stairs/seq-03/color/frame-000218.color.png stairs/seq-03/color/frame-000221.color.png 0.999875 -0.0110932 0.0112809 -0.014617 0.0111291 0.999933 -0.00312681 -0.0191327 -0.0112454 0.00325189 0.999931 0.0129026 0.0 0.0 0.0 1.0
stairs/seq-03/color/frame-000221.color.png stairs/seq-03/color/frame-000224.color.png 0.99984 0.00335119 0.0175745 -0.0271505 -0.00336735 0.999994 0.000890102 -0.00706083 -0.0175713 -0.000949105 0.999845 0.0223866 0.0 0.0 0.0 1.0
stairs/seq-03/color/frame-000224.color.png stairs/seq-03/color/frame-000227.color.png 0.999985 -0.00288346 0.00459812 -0.00991607 0.0028889 0.999995 -0.00117106 -0.0104116 -0.00459477 0.0011843 0.999989 0.00821352 0.0 0.0 0.0 1.0
stairs/seq-03/color/frame-000227.color.png stairs/seq-03/color/frame-000230.color.png 0.999977 -0.000794094 -0.00673292 0.0114287 0.000822145 0.999991 0.00417333 -0.00655526 0.00672957 -0.00417881 0.999969 0.00368142 0.0 0.0 0.0 1.0
stairs/seq-03/color/frame-000230.color.png stairs/seq-03/color/frame-000233.color.png 0.99966 0.0105705 -0.0238532 0.0523401 -0.0105368 0.999943 0.00153664 0.00360024 0.0238681 -0.0012848 0.999714 -0.00262988 0.0 0.0 0.0 1.0
stairs/seq-03/color/frame-000233.color.png stairs/seq-03/color/frame-000236.color.png 0.999746 0.0185391 -0.0127832 0.0517584 -0.0186907 0.999755 -0.0118405 0.0316667 0.0125605 0.0120765 0.999848 0.0115788 0.0 0.0 0.0 1.0
stairs/seq-03/color/frame-000236.color.png stairs/seq-03/color/frame-000239.color.png 0.999884 -0.00144809 -0.0151579 0.0559459 0.00125606 0.999919 -0.0126707 0.0169117 0.015175 0.0126502 0.999805 0.0129697 0.0 0.0 0.0 1.0
stairs/seq-03/color/frame-000239.color.png stairs/seq-03/color/frame-000242.color.png 0.999686 -0.00183911 -0.0249942 0.065302 0.00176156 0.999994 -0.00312561 -0.000591576 0.0249998 0.00308062 0.999683 -0.00239205 0.0 0.0 0.0 1.0
stairs/seq-03/color/frame-000242.color.png stairs/seq-03/color/frame-000245.color.png 0.999824 0.00545922 -0.0179398 0.0482271 -0.00572007 0.999878 -0.0145184 0.0342014 0.0178585 0.0146184 0.999734 -0.00937843 0.0 0.0 0.0 1.0
stairs/seq-03/color/frame-000245.color.png stairs/seq-03/color/frame-000248.color.png 0.999767 0.0133103 -0.0170222 0.0444773 -0.0133676 0.999905 -0.00325924 0.0150833 0.0169771 0.003486 0.99985 -0.0088259 0.0 0.0 0.0 1.0
stairs/seq-03/color/frame-000248.color.png stairs/seq-03/color/frame-000251.color.png 0.999878 0.0152016 -0.00366305 0.0268428 -0.0151942 0.999882 0.00205611 0.0199084 0.00369382 -0.00200011 0.999991 0.00214934 0.0 0.0 0.0 1.0
stairs/seq-03/color/frame-000251.color.png stairs/seq-03/color/frame-000254.color.png 0.999906 0.0136526 0.00104786 0.015229 -0.0136563 0.9999 0.00360432 0.00829649 -0.000998458 -0.00361835 0.999993 0.00804448 0.0 0.0 0.0 1.0
stairs/seq-03/color/frame-000254.color.png stairs/seq-03/color/frame-000257.color.png 0.999949 0.0100571 0.00120229 -8.23736e-05 -0.0100552 0.999948 -0.0016263 0.00920361 -0.00121869 0.00161419 0.999998 0.00318921 0.0 0.0 0.0 1.0
stairs/seq-03/color/frame-000257.color.png stairs/seq-03/color/frame-000260.color.png 0.999679 -0.00587662 0.0246325 -0.0419653 0.00558623 0.999914 0.0118441 -0.0256745 -0.0247 -0.0117027 0.999626 0.0256262 0.0 0.0 0.0 1.0
stairs/seq-03/color/frame-000260.color.png stairs/seq-03/color/frame-000263.color.png 0.99988 -0.00481265 0.0147327 -0.0310627 0.00474649 0.999978 0.00452721 -0.0255892 -0.0147542 -0.00445669 0.999881 0.028993 0.0 0.0 0.0 1.0
stairs/seq-03/color/frame-000263.color.png stairs/seq-03/color/frame-000266.color.png 0.999997 0.0023343 0.000150333 -0.00861412 -0.00233574 0.999947 0.0100579 -0.0260758 -0.000126855 -0.0100582 0.999949 0.00907922 0.0 0.0 0.0 1.0
stairs/seq-03/color/frame-000266.color.png stairs/seq-03/color/frame-000269.color.png 0.999996 0.000463935 -0.00284314 0.0041129 -0.000469328 0.999998 -0.0018861 0.00665623 0.00284232 0.00188747 0.999994 0.00266802 0.0 0.0 0.0 1.0
stairs/seq-03/color/frame-000269.color.png stairs/seq-03/color/frame-000272.color.png 0.999971 -0.00288987 -0.00707122 0.00842977 0.00286135 0.999988 -0.00404772 -0.0163261 0.00708279 0.00402733 0.999967 0.0111874 0.0 0.0 0.0 1.0
stairs/seq-03/color/frame-000272.color.png stairs/seq-03/color/frame-000275.color.png 0.99992 0.000376093 -0.0126067 0.0169032 -0.000495814 0.999955 -0.00949164 0.0123834 0.0126026 0.00949718 0.999876 -0.000605464 0.0 0.0 0.0 1.0
stairs/seq-03/color/frame-000275.color.png stairs/seq-03/color/frame-000278.color.png 0.999994 0.00233782 0.00234297 -0.00607783 -0.00233189 0.999994 -0.00253783 0.00998819 -0.00234893 0.00253241 0.999994 -7.39098e-06 0.0 0.0 0.0 1.0
stairs/seq-03/color/frame-000278.color.png stairs/seq-03/color/frame-000281.color.png 0.999985 -0.00134902 0.0053415 -0.0100901 0.00132356 0.999988 0.00477493 -0.0161155 -0.00534782 -0.00476786 0.999974 0.0124584 0.0 0.0 0.0 1.0
stairs/seq-03/color/frame-000281.color.png stairs/seq-03/color/frame-000284.color.png 0.999947 -0.00282929 0.00988799 -0.0177119 0.00270818 0.999921 0.0122369 -0.0216994 -0.00992179 -0.0122095 0.999876 0.00539029 0.0 0.0 0.0 1.0
stairs/seq-03/color/frame-000284.color.png stairs/seq-03/color/frame-000287.color.png 0.999824 0.00340014 -0.0184401 0.0320011 -0.00293367 0.999677 0.0252632 -0.0277726 0.0185201 -0.0252046 0.999511 -0.0307113 0.0 0.0 0.0 1.0
stairs/seq-03/color/frame-000287.color.png stairs/seq-03/color/frame-000290.color.png 0.999938 0.0110795 -0.000230277 0.0113714 -0.0110764 0.99988 0.0107907 -0.00605941 0.000349829 -0.0107875 0.999942 -0.00737572 0.0 0.0 0.0 1.0
stairs/seq-03/color/frame-000290.color.png stairs/seq-03/color/frame-000293.color.png 0.999787 0.00606553 -0.0197255 0.0320303 -0.00591135 0.999952 0.00786705 0.00773305 0.0197723 -0.00774875 0.999774 -0.0279425 0.0 0.0 0.0 1.0
stairs/seq-03/color/frame-000293.color.png stairs/seq-03/color/frame-000296.color.png 0.99973 0.0111605 -0.0203591 0.037056 -0.0109184 0.999869 0.0119612 0.0146008 0.0204899 -0.0117357 0.999721 -0.0409851 0.0 0.0 0.0 1.0
stairs/seq-03/color/frame-000296.color.png stairs/seq-03/color/frame-000299.color.png 0.999836 -0.00593622 0.0171155 -0.0363559 0.00583415 0.999965 0.00600858 0.000346839 -0.0171505 -0.00590767 0.999835 -0.0105262 0.0 0.0 0.0 1.0
stairs/seq-03/color/frame-000299.color.png stairs/seq-03/color/frame-000302.color.png 0.999532 -0.00429848 0.0302816 -0.0679465 0.00430778 0.999991 -0.000241415 0.000518799 -0.0302803 0.000371812 0.999541 0.00443935 0.0 0.0 0.0 1.0
stairs/seq-03/color/frame-000302.color.png stairs/seq-03/color/frame-000305.color.png 0.999702 -0.0189423 0.0154225 -0.0810956 0.0188335 0.999797 0.00716696 -0.0210584 -0.0155551 -0.00687438 0.999855 -0.00956881 0.0 0.0 0.0 1.0
stairs/seq-03/color/frame-000305.color.png stairs/seq-03/color/frame-000308.color.png 0.999827 -0.00972952 0.0158608 -0.0650461 0.00978997 0.999945 -0.00374193 0.00224543 -0.0158235 0.00389654 0.999867 -0.0169883 0.0 0.0 0.0 1.0
stairs/seq-03/color/frame-000308.color.png stairs/seq-03/color/frame-000311.color.png 0.999743 -0.00877783 0.0208956 -0.0619753 0.00858422 0.99992 0.00933955 -0.0148033 -0.0209759 -0.00915785 0.999738 -0.0200205 0.0 0.0 0.0 1.0
stairs/seq-03/color/frame-000311.color.png stairs/seq-03/color/frame-000314.color.png 0.999772 -0.000331608 0.0213364 -0.0577028 7.62167e-05 0.999928 0.011969 -0.00782287 -0.0213388 -0.0119646 0.999701 -0.0113075 0.0 0.0 0.0 1.0
stairs/seq-03/color/frame-000314.color.png stairs/seq-03/color/frame-000317.color.png 0.99992 -0.0108908 0.00648584 -0.0362516 0.0109022 0.999939 -0.00173313 0.00372112 -0.00646654 0.00180378 0.999977 -0.0150295 0.0 0.0 0.0 1.0
stairs/seq-03/color/frame-000317.color.png stairs/seq-03/color/frame-000320.color.png 0.999989 0.00252007 -0.00394791 -0.00395298 -0.002518 0.999997 0.000502716 0.00748026 0.0039491 -0.000492911 0.999992 -0.0290194 0.0 0.0 0.0 1.0
stairs/seq-03/color/frame-000320.color.png stairs/seq-03/color/frame-000323.color.png 0.999927 0.01037 0.00615994 -0.0111098 -0.010379 0.999945 0.00143435 0.0161903 -0.00614468 -0.00149816 0.99998 -0.0107046 0.0 0.0 0.0 1.0
stairs/seq-03/color/frame-000323.color.png stairs/seq-03/color/frame-000326.color.png 0.999956 0.00844648 -0.00403472 0.00965452 -0.00851662 0.999807 -0.0176996 0.0332207 0.00388438 0.0177332 0.999835 -0.0095917 0.0 0.0 0.0 1.0
stairs/seq-03/color/frame-000326.color.png stairs/seq-03/color/frame-000329.color.png 0.999895 -0.00264266 -0.014233 0.0223953 0.002365 0.999807 -0.0194902 0.035387 0.0142818 0.0194545 0.999709 -0.0231991 0.0 0.0 0.0 1.0
stairs/seq-03/color/frame-000329.color.png stairs/seq-03/color/frame-000332.color.png 0.999974 -0.00656799 -0.00288322 0.00795752 0.00659231 0.999942 0.0085235 -5.72205e-06 0.00282708 -0.0085422 0.99996 -0.0284269 0.0 0.0 0.0 1.0
stairs/seq-03/color/frame-000332.color.png stairs/seq-03/color/frame-000335.color.png 0.999651 -0.00458126 -0.0260316 0.0297244 0.00486466 0.99993 0.0108319 0.0081256 0.0259801 -0.0109548 0.999602 -0.0419341 0.0 0.0 0.0 1.0
stairs/seq-03/color/frame-000335.color.png stairs/seq-03/color/frame-000338.color.png 0.999869 -0.00526123 0.0153266 -0.0115606 0.00504412 0.999887 0.0141717 -0.0139608 -0.0153994 -0.0140925 0.999782 -0.0327884 0.0 0.0 0.0 1.0
stairs/seq-03/color/frame-000338.color.png stairs/seq-03/color/frame-000341.color.png 0.999903 -0.0106857 0.00898014 -0.00925261 0.0107425 0.999922 -0.00629325 0.000961244 -0.00891222 0.00638921 0.99994 -0.022532 0.0 0.0 0.0 1.0
stairs/seq-03/color/frame-000341.color.png stairs/seq-03/color/frame-000344.color.png 0.999978 -0.00393264 0.00540937 -0.00429755 0.00401324 0.99988 -0.0149717 0.0126142 -0.00534985 0.0149929 0.999873 -0.023542 0.0 0.0 0.0 1.0
stairs/seq-03/color/frame-000344.color.png stairs/seq-03/color/frame-000347.color.png 0.999871 0.0146289 -0.00670842 0.0128742 -0.0147152 0.999807 -0.0129979 0.0246407 0.00651704 0.013095 0.999893 -0.0168902 0.0 0.0 0.0 1.0
stairs/seq-03/color/frame-000347.color.png stairs/seq-03/color/frame-000350.color.png 0.999309 0.0214433 -0.0303712 0.0603449 -0.0210795 0.999703 0.0122489 -0.00360125 0.0306249 -0.0116002 0.999464 -0.0558958 0.0 0.0 0.0 1.0
stairs/seq-03/color/frame-000350.color.png stairs/seq-03/color/frame-000353.color.png 0.999903 0.0137998 0.00188798 -0.00124758 -0.0138486 0.999488 0.0288477 -0.0208185 -0.00148896 -0.028871 0.999582 -0.00976467 0.0 0.0 0.0 1.0
stairs/seq-03/color/frame-000353.color.png stairs/seq-03/color/frame-000356.color.png 0.999828 -0.0172671 0.00685321 -0.100999 0.0171911 0.999792 0.0109909 -0.0313857 -0.00704159 -0.0108712 0.999916 -0.0520646 0.0 0.0 0.0 1.0
stairs/seq-03/color/frame-000356.color.png stairs/seq-03/color/frame-000359.color.png 0.998948 -0.024869 -0.0385331 0.0545022 0.0246528 0.999678 -0.0060763 -0.0425571 0.0386718 0.00512001 0.999239 -0.0149029 0.0 0.0 0.0 1.0
stairs/seq-03/color/frame-000359.color.png stairs/seq-03/color/frame-000362.color.png 0.999433 0.00246842 -0.0335832 0.0614854 -0.00345031 0.999567 -0.0292108 0.0312987 0.0334966 0.02931 0.999009 -0.00900924 0.0 0.0 0.0 1.0
stairs/seq-03/color/frame-000362.color.png stairs/seq-03/color/frame-000365.color.png 0.999896 0.00731547 -0.0124283 0.0362094 -0.00741116 0.999943 -0.00767761 0.0142543 0.0123714 0.00776889 0.999893 0.000256717 0.0 0.0 0.0 1.0
stairs/seq-03/color/frame-000365.color.png stairs/seq-03/color/frame-000368.color.png 0.998739 0.027035 -0.0422941 0.090723 -0.0269958 0.999634 0.00149898 0.0156286 0.0423192 -0.000355273 0.999104 -0.0148581 0.0 0.0 0.0 1.0
stairs/seq-03/color/frame-000368.color.png stairs/seq-03/color/frame-000371.color.png 0.997818 0.0410299 -0.0517349 0.104685 -0.0413097 0.999137 -0.00434893 0.036489 0.0515118 0.00647665 0.998651 -0.00184643 0.0 0.0 0.0 1.0
stairs/seq-03/color/frame-000371.color.png stairs/seq-03/color/frame-000374.color.png 0.997296 0.0354951 -0.0643416 0.131118 -0.0372439 0.998963 -0.0261861 0.0498839 0.0633454 0.0285116 0.997584 -0.00549805 0.0 0.0 0.0 1.0
stairs/seq-03/color/frame-000374.color.png stairs/seq-03/color/frame-000377.color.png 0.99709 0.0234698 -0.0725378 0.144655 -0.0243146 0.999646 -0.0107856 0.0282907 0.072259 0.012518 0.997307 -0.0114273 0.0 0.0 0.0 1.0
stairs/seq-03/color/frame-000377.color.png stairs/seq-03/color/frame-000380.color.png 0.998341 0.0328493 -0.0472924 0.118301 -0.0328961 0.999459 -0.00021258 0.0263484 0.0472599 0.00176788 0.998881 -0.020192 0.0 0.0 0.0 1.0
stairs/seq-03/color/frame-000380.color.png stairs/seq-03/color/frame-000383.color.png 0.998573 0.0061273 -0.0530541 0.081575 -0.00754675 0.999618 -0.026594 0.0471756 0.0528709 0.0269565 0.998238 -0.0153676 0.0 0.0 0.0 1.0
stairs/seq-03/color/frame-000383.color.png stairs/seq-03/color/frame-000386.color.png 0.998469 0.00632128 -0.0549503 0.0946873 -0.00757815 0.999714 -0.0226961 0.0180442 0.054791 0.0230778 0.998231 -0.0379517 0.0 0.0 0.0 1.0
stairs/seq-03/color/frame-000386.color.png stairs/seq-03/color/frame-000389.color.png 0.999753 0.0222403 -0.0003392 0.0220012 -0.0222389 0.999745 0.00397775 0.0168957 0.000427614 -0.00396914 0.999992 0.0101997 0.0 0.0 0.0 1.0
stairs/seq-03/color/frame-000389.color.png stairs/seq-03/color/frame-000392.color.png 0.999923 0.012324 -0.00123484 0.0121673 -0.012346 0.999729 -0.0197562 0.0301891 0.000991038 0.0197699 0.999804 0.0138193 0.0 0.0 0.0 1.0
stairs/seq-03/color/frame-000392.color.png stairs/seq-03/color/frame-000395.color.png 0.999768 -0.0120177 0.0178666 -0.0305231 0.0118501 0.999885 0.00946311 -0.0418084 -0.0179782 -0.00924929 0.999796 0.0180954 0.0 0.0 0.0 1.0
stairs/seq-03/color/frame-000395.color.png stairs/seq-03/color/frame-000398.color.png 0.999573 -0.0108042 0.0271305 -0.0412108 0.0104851 0.999874 0.0118778 -0.0274548 -0.0272555 -0.0115883 0.999561 0.0432642 0.0 0.0 0.0 1.0
stairs/seq-03/color/frame-000398.color.png stairs/seq-03/color/frame-000401.color.png 0.999785 -0.0130318 0.0161534 -0.0279608 0.0128408 0.999847 0.0118672 -0.0354222 -0.0163056 -0.011657 0.999799 0.0176724 0.0 0.0 0.0 1.0
stairs/seq-03/color/frame-000401.color.png stairs/seq-03/color/frame-000404.color.png 0.999994 0.00297581 0.00209518 0.00668108 -0.00300467 0.999899 0.0139283 -0.0275129 -0.00205336 -0.0139345 0.999901 0.00483263 0.0 0.0 0.0 1.0
stairs/seq-03/color/frame-000404.color.png stairs/seq-03/color/frame-000407.color.png 0.999776 0.0102531 -0.0184956 0.0439534 -0.0103471 0.999934 -0.00498708 0.00309539 0.0184432 0.00517731 0.999817 0.00308168 0.0 0.0 0.0 1.0
stairs/seq-03/color/frame-000407.color.png stairs/seq-03/color/frame-000410.color.png 0.999542 0.0177831 -0.0245014 0.081234 -0.0181524 0.999724 -0.0149345 0.0196914 0.0242291 0.0153724 0.999588 0.00479329 0.0 0.0 0.0 1.0
stairs/seq-03/color/frame-000410.color.png stairs/seq-03/color/frame-000413.color.png 0.999657 0.0260128 0.00316804 0.0556577 -0.0260205 0.999658 0.00246666 0.00636852 -0.00310276 -0.00254826 0.999992 0.0163252 0.0 0.0 0.0 1.0
stairs/seq-03/color/frame-000413.color.png stairs/seq-03/color/frame-000416.color.png 0.999998 0.00120424 -0.00178149 0.0308569 -0.00120008 0.999996 0.00242135 -0.00163668 0.00178427 -0.00241918 0.999996 0.0237234 0.0 0.0 0.0 1.0
stairs/seq-03/color/frame-000416.color.png stairs/seq-03/color/frame-000419.color.png 0.99996 -5.79301e-05 -0.00891527 0.0320937 7.44038e-05 0.999998 0.00184229 -0.00656879 0.00891527 -0.00184287 0.999959 0.00324237 0.0 0.0 0.0 1.0
stairs/seq-03/color/frame-000419.color.png stairs/seq-03/color/frame-000422.color.png 0.999975 -0.000627932 0.00705241 0.00909781 0.000582023 0.999979 0.00650243 -0.00703961 -0.00705639 -0.00649815 0.999954 0.020587 0.0 0.0 0.0 1.0
stairs/seq-03/color/frame-000422.color.png stairs/seq-03/color/frame-000425.color.png 0.999973 -0.00719347 0.00128861 0.0242386 0.00718475 0.999952 0.00665757 -0.0210881 -0.00133633 -0.00664814 0.999977 0.00797558 0.0 0.0 0.0 1.0
stairs/seq-03/color/frame-000425.color.png stairs/seq-03/color/frame-000428.color.png 0.999979 0.00351162 0.00546993 -0.00335324 -0.00352362 0.999991 0.0022074 0.00458974 -0.00546225 -0.00222664 0.999983 0.0167862 0.0 0.0 0.0 1.0
stairs/seq-03/color/frame-000428.color.png stairs/seq-03/color/frame-000431.color.png 0.999815 0.0143724 -0.0128127 0.052428 -0.0143376 0.999893 0.00280558 0.000239193 0.0128518 -0.00262139 0.999914 0.00044477 0.0 0.0 0.0 1.0
stairs/seq-03/color/frame-000431.color.png stairs/seq-03/color/frame-000434.color.png 0.99995 0.00697652 -0.00719857 0.0156418 -0.00702931 0.999948 -0.0073452 0.0137092 0.00714701 0.00739539 0.999947 0.0119077 0.0 0.0 0.0 1.0
stairs/seq-03/color/frame-000434.color.png stairs/seq-03/color/frame-000437.color.png 0.99994 0.0103078 -0.00367224 0.0190932 -0.0103023 0.999946 0.00152855 0.0073117 0.00368778 -0.00149057 0.999992 0.0119488 0.0 0.0 0.0 1.0
stairs/seq-03/color/frame-000437.color.png stairs/seq-03/color/frame-000440.color.png 0.999953 0.00666391 -0.00701137 0.0174748 -0.00666658 0.999978 -0.000358277 0.00926489 0.00700877 0.00040495 0.999975 0.012532 0.0 0.0 0.0 1.0
stairs/seq-03/color/frame-000440.color.png stairs/seq-03/color/frame-000443.color.png 0.999921 0.0107386 -0.00649564 0.0283033 -0.0107246 0.99994 0.00218236 0.00803471 0.00651867 -0.00211247 0.999977 0.0082171 0.0 0.0 0.0 1.0
stairs/seq-03/color/frame-000443.color.png stairs/seq-03/color/frame-000446.color.png 0.999979 0.00611666 0.0023187 0.0116085 -0.00614626 0.999896 0.0130229 -0.0196173 -0.0022388 -0.0130368 0.999913 0.00489855 0.0 0.0 0.0 1.0
stairs/seq-03/color/frame-000446.color.png stairs/seq-03/color/frame-000449.color.png 0.999967 -0.00744984 0.00313205 -0.010247 0.00744082 0.999968 0.00286324 -0.00913221 -0.00315327 -0.00283991 0.999991 0.0133562 0.0 0.0 0.0 1.0
stairs/seq-03/color/frame-000449.color.png stairs/seq-03/color/frame-000452.color.png 0.999937 -0.00914986 0.00645865 -0.0138223 0.00909303 0.99992 0.00877932 -0.0269479 -0.00653848 -0.00872003 0.999941 0.00458193 0.0 0.0 0.0 1.0
stairs/seq-03/color/frame-000452.color.png stairs/seq-03/color/frame-000455.color.png 0.999774 -0.00907388 0.0192489 -0.0401436 0.00909178 0.999958 -0.000840499 -0.00946605 -0.0192405 0.00101521 0.999814 0.0294744 0.0 0.0 0.0 1.0
stairs/seq-03/color/frame-000455.color.png stairs/seq-03/color/frame-000458.color.png 0.999925 0.000136739 0.0122366 -0.0248133 -0.00013779 1.0 8.03556e-05 -0.0105535 -0.0122366 -8.20019e-05 0.999925 0.0213926 0.0 0.0 0.0 1.0
stairs/seq-03/color/frame-000458.color.png stairs/seq-03/color/frame-000461.color.png 0.99994 -0.0102057 0.00402016 -0.0217025 0.0102174 0.999943 -0.00293991 -0.0112776 -0.00399001 0.00298086 0.999988 0.0118061 0.0 0.0 0.0 1.0
stairs/seq-03/color/frame-000461.color.png stairs/seq-03/color/frame-000464.color.png 0.999953 -0.00467437 0.0084637 -0.0228125 0.00467428 0.999989 3.0021e-05 -0.00655711 -0.00846369 9.59757e-06 0.999964 0.0139569 0.0 0.0 0.0 1.0
stairs/seq-03/color/frame-000464.color.png stairs/seq-03/color/frame-000467.color.png 0.99985 0.00994414 0.0141793 -0.0311286 -0.00992042 0.999949 -0.00173298 0.00875801 -0.0141958 0.00159192 0.999898 0.0221963 0.0 0.0 0.0 1.0
stairs/seq-03/color/frame-000467.color.png stairs/seq-03/color/frame-000470.color.png 0.999878 -0.0109632 -0.0111173 0.0169026 0.0107098 0.999687 -0.0226055 0.0142542 0.0113617 0.0224837 0.999683 0.00724375 0.0 0.0 0.0 1.0
stairs/seq-03/color/frame-000470.color.png stairs/seq-03/color/frame-000473.color.png 0.999929 0.00915962 -0.00761436 0.0244986 -0.00923185 0.999912 -0.00950083 0.0138724 0.00752671 0.00957046 0.999926 0.00515127 0.0 0.0 0.0 1.0
stairs/seq-03/color/frame-000473.color.png stairs/seq-03/color/frame-000476.color.png 0.999803 0.0181108 -0.00808277 0.0330926 -0.0181432 0.999828 -0.0039543 0.0236545 0.00800971 0.0041001 0.99996 0.00414848 0.0 0.0 0.0 1.0
stairs/seq-03/color/frame-000476.color.png stairs/seq-03/color/frame-000479.color.png 0.99981 0.0121172 -0.0152995 0.0401745 -0.012246 0.99989 -0.00836006 0.0181448 0.0151965 0.00854591 0.999848 0.00929546 0.0 0.0 0.0 1.0
stairs/seq-03/color/frame-000479.color.png stairs/seq-03/color/frame-000482.color.png 0.999885 0.00875325 -0.0123779 0.0328068 -0.0088179 0.999948 -0.005162 0.0165752 0.0123322 0.00527053 0.99991 0.00197673 0.0 0.0 0.0 1.0
stairs/seq-03/color/frame-000482.color.png stairs/seq-03/color/frame-000485.color.png 0.999951 0.00763478 -0.00639524 0.0218381 -0.00766652 0.999958 -0.00493277 0.0133694 0.00635725 0.00498164 0.999967 0.00516975 0.0 0.0 0.0 1.0
stairs/seq-03/color/frame-000485.color.png stairs/seq-03/color/frame-000488.color.png 0.999993 -0.00257143 -0.00260794 0.0134088 0.00255585 0.999979 -0.00597692 0.00809878 0.00262325 0.00597018 0.999979 0.0106062 0.0 0.0 0.0 1.0
stairs/seq-03/color/frame-000488.color.png stairs/seq-03/color/frame-000491.color.png 0.999999 -0.000471153 0.00129823 0.00683963 0.000483827 0.999953 -0.00966948 0.0120722 -0.00129362 0.00967013 0.999952 0.0166203 0.0 0.0 0.0 1.0
stairs/seq-03/color/frame-000491.color.png stairs/seq-03/color/frame-000494.color.png 0.99999 -0.00279288 -0.00351353 0.0104803 0.00276128 0.999956 -0.00895005 0.00467676 0.00353845 0.00894017 0.999954 0.00454843 0.0 0.0 0.0 1.0
stairs/seq-03/color/frame-000494.color.png stairs/seq-03/color/frame-000497.color.png 0.999996 -0.00182343 0.00240049 0.005018 0.00183887 0.999977 -0.00648945 0.00766432 -0.0023886 0.00649384 0.999976 0.0138503 0.0 0.0 0.0 1.0
