stairs/seq-03/color/frame-000001.color.png stairs/seq-03/color/frame-000004.color.png 0.999992 -0.00388532 -0.000977063 0.0021367 0.00388302 0.99999 -0.00234158 0.00117403 0.00098615 0.00233777 0.999997 -0.0009688 0.0 0.0 0.0 1.0
stairs/seq-03/color/frame-000004.color.png stairs/seq-03/color/frame-000007.color.png 0.999997 -0.00227336 -0.00114103 0.00285616 0.0022688 0.99999 -0.00397659 0.000517431 0.00115006 0.00397399 0.999991 0.00282895 0.0 0.0 0.0 1.0
stairs/seq-03/color/frame-000007.color.png stairs/seq-03/color/frame-000010.color.png 0.999991 0.00171651 -0.00379632 0.00389392 -0.00172053 0.999998 -0.00105518 -0.0036811 0.0037945 0.0010617 0.999992 0.0033202 0.0 0.0 0.0 1.0
stairs/seq-03/color/frame-000010.color.png stairs/seq-03/color/frame-000013.color.png 0.999934 0.00086658 -0.0114865 0.0133774 -0.000957453 0.999968 -0.00790813 0.000928181 0.0114793 0.00791861 0.999903 -0.00073963 0.0 0.0 0.0 1.0
stairs/seq-03/color/frame-000013.color.png stairs/seq-03/color/frame-000016.color.png 0.999784 -0.00299335 -0.0205593 0.023421 0.00285142 0.999972 -0.00692917 -0.00681677 0.0205794 0.00686905 0.999765 0.0115258 0.0 0.0 0.0 1.0
stairs/seq-03/color/frame-000016.color.png stairs/seq-03/color/frame-000019.color.png 0.999925 -0.00306916 -0.0118326 0.0219028 0.00310642 0.99999 0.00313219 -0.0021499 0.0118229 -0.00316871 0.999925 0.00489387 0.0 0.0 0.0 1.0
stairs/seq-03/color/frame-000019.color.png stairs/seq-03/color/frame-000022.color.png 0.999931 -0.000867292 -0.0117075 0.0147526 0.000874548 1.0 0.000614863 -0.0042759 0.011707 -0.000625057 0.999931 0.00984602 0.0 0.0 0.0 1.0
stairs/seq-03/color/frame-000022.color.png stairs/seq-03/color/frame-000025.color.png 0.999982 -0.00366702 -0.0046943 0.0137853 0.00367388 0.999992 0.0014518 -0.00608229 0.00468894 -0.00146902 0.999988 0.0170311 0.0 0.0 0.0 1.0
stairs/seq-03/color/frame-000025.color.png stairs/seq-03/color/frame-000028.color.png 0.999922 0.0122325 0.00244918 0.010205 -0.0122199 0.999912 -0.00511877 -0.00965132 -0.00251159 0.00508845 0.999984 0.0354956 0.0 0.0 0.0 1.0
stairs/seq-03/color/frame-000028.color.png stairs/seq-03/color/frame-000031.color.png 0.999973 0.00074604 0.00731766 0.00243898 -0.000722607 0.999995 -0.00320427 -0.0197221 -0.00732001 0.00319889 0.999968 0.0386892 0.0 0.0 0.0 1.0
stairs/seq-03/color/frame-000031.color.png stairs/seq-03/color/frame-000034.color.png 0.999965 -0.00165869 0.00821356 -0.00296409 0.00169212 0.99999 -0.00406462 -0.0244267 -0.00820673 0.00407838 0.999958 0.0341693 0.0 0.0 0.0 1.0
stairs/seq-03/color/frame-000034.color.png stairs/seq-03/color/frame-000037.color.png 0.999997 6.12383e-05 0.00245538 -0.00096748 -4.99232e-05 0.999989 -0.00460787 -0.01331 -0.00245565 0.00460773 0.999986 0.0330907 0.0 0.0 0.0 1.0
stairs/seq-03/color/frame-000037.color.png stairs/seq-03/color/frame-000040.color.png 0.999971 -0.00179493 0.00742913 -0.00854593 0.00183774 0.999982 -0.00575836 -0.012771 -0.00741866 0.00577184 0.999956 0.0260042 0.0 0.0 0.0 1.0
stairs/seq-03/color/frame-000040.color.png stairs/seq-03/color/frame-000043.color.png 0.999913 -0.00282594 0.0129211 -0.0078455 0.00274055 0.999974 0.00662177 -0.0123454 -0.0129395 -0.00658578 0.999895 0.0321565 0.0 0.0 0.0 1.0
stairs/seq-03/color/frame-000043.color.png stairs/seq-03/color/frame-000046.color.png 0.999992 0.00394916 0.000199573 0.00808311 -0.00394947 0.999991 0.0016012 -0.0130281 -0.000193248 -0.00160198 0.999999 0.0349787 0.0 0.0 0.0 1.0
stairs/seq-03/color/frame-000046.color.png stairs/seq-03/color/frame-000049.color.png 0.999855 -0.00247386 -0.0168682 0.0303219 0.00244127 0.999995 -0.00195223 -0.00716284 0.016873 0.00191076 0.999856 0.0295947 0.0 0.0 0.0 1.0
stairs/seq-03/color/frame-000049.color.png stairs/seq-03/color/frame-000052.color.png 0.999884 0.00415317 -0.014675 0.0461703 -0.00409708 0.999984 0.00385023 -0.00966129 0.0146908 -0.00378965 0.999885 0.0323063 0.0 0.0 0.0 1.0
stairs/seq-03/color/frame-000052.color.png stairs/seq-03/color/frame-000055.color.png 0.999774 0.00435902 -0.0208017 0.0636847 -0.00424048 0.999975 0.00573918 -0.00965601 0.0208262 -0.00564967 0.999767 0.0437723 0.0 0.0 0.0 1.0
stairs/seq-03/color/frame-000055.color.png stairs/seq-03/color/frame-000058.color.png 0.999756 -0.0041114 -0.0217192 0.0486425 0.00400637 0.99998 -0.00487717 -0.00415935 0.0217388 0.00478896 0.999752 0.0328693 0.0 0.0 0.0 1.0
stairs/seq-03/color/frame-000058.color.png stairs/seq-03/color/frame-000061.color.png 0.999581 -0.0101919 -0.0270846 0.0568815 0.0101069 0.999944 -0.00327354 -0.00326368 0.0271164 0.00299843 0.999628 0.0276358 0.0 0.0 0.0 1.0
stairs/seq-03/color/frame-000061.color.png stairs/seq-03/color/frame-000064.color.png 0.999696 0.0041892 -0.0243031 0.05071 -0.00431488 0.999977 -0.00512151 0.00155173 0.0242811 0.00522483 0.999691 0.0128603 0.0 0.0 0.0 1.0
stairs/seq-03/color/frame-000064.color.png stairs/seq-03/color/frame-000067.color.png 0.999871 0.00228806 -0.0158842 0.0399823 -0.0023487 0.99999 -0.00379986 0.00575985 0.0158753 0.00383668 0.999867 0.0124972 0.0 0.0 0.0 1.0
stairs/seq-03/color/frame-000067.color.png stairs/seq-03/color/frame-000070.color.png 0.999796 0.000464885 -0.0201852 0.0475722 -0.000479725 1.0 -0.000730604 -0.00742227 0.0201848 0.000740129 0.999796 0.00802356 0.0 0.0 0.0 1.0
stairs/seq-03/color/frame-000070.color.png stairs/seq-03/color/frame-000073.color.png 0.999953 -0.00959816 0.00130032 0.0144539 0.00959252 0.999945 0.00427934 -0.00537242 -0.00134131 -0.00426666 0.99999 0.0136552 0.0 0.0 0.0 1.0
stairs/seq-03/color/frame-000073.color.png stairs/seq-03/color/frame-000076.color.png 0.999813 0.00732465 0.0179072 -0.000932574 -0.00730794 0.999973 -0.00099831 -0.00242345 -0.017914 0.000867259 0.999839 0.0344803 0.0 0.0 0.0 1.0
stairs/seq-03/color/frame-000076.color.png stairs/seq-03/color/frame-000079.color.png 0.999347 0.0262367 0.0248451 -0.00647226 -0.0268765 0.999306 0.0257784 -0.0104718 -0.0241515 -0.0264293 0.999359 0.0380149 0.0 0.0 0.0 1.0
stairs/seq-03/color/frame-000079.color.png stairs/seq-03/color/frame-000082.color.png 0.999934 0.00848074 0.00779256 0.00646406 -0.00848238 0.999964 0.000178213 -0.0255237 -0.00779077 -0.0002443 0.99997 0.0371743 0.0 0.0 0.0 1.0
stairs/seq-03/color/frame-000082.color.png stairs/seq-03/color/frame-000085.color.png 0.999677 0.0245361 0.006607 0.00142139 -0.0245711 0.999684 0.0052704 -0.0159239 -0.00647561 -0.00543104 0.999964 0.0347095 0.0 0.0 0.0 1.0
stairs/seq-03/color/frame-000085.color.png stairs/seq-03/color/frame-000088.color.png 0.999643 0.025877 0.00661776 -0.00601721 -0.0260114 0.999439 0.0210984 -0.0198366 -0.00606809 -0.021263 0.999756 0.0332355 0.0 0.0 0.0 1.0
stairs/seq-03/color/frame-000088.color.png stairs/seq-03/color/frame-000091.color.png 0.999548 0.00581603 0.0294836 -0.01899 -0.00644764 0.999751 0.0213726 -0.0382866 -0.0293519 -0.021553 0.999337 0.0343175 0.0 0.0 0.0 1.0
stairs/seq-03/color/frame-000091.color.png stairs/seq-03/color/frame-000094.color.png 0.999668 0.0216671 0.0139313 -0.00716269 -0.0219555 0.999541 0.0208901 -0.0180072 -0.0134723 -0.021189 0.999685 0.0186113 0.0 0.0 0.0 1.0
stairs/seq-03/color/frame-000094.color.png stairs/seq-03/color/frame-000097.color.png 0.999835 0.0181273 -0.00106829 -0.00139055 -0.0180891 0.999421 0.0288056 -0.0124054 0.00158982 -0.0287815 0.999585 0.0141178 0.0 0.0 0.0 1.0
stairs/seq-03/color/frame-000097.color.png stairs/seq-03/color/frame-000100.color.png 0.999957 -0.00692001 -0.00611178 0.0104979 0.00701362 0.999856 0.0154294 -0.027463 0.00600415 -0.0154716 0.999862 -6.24061e-05 0.0 0.0 0.0 1.0
stairs/seq-03/color/frame-000100.color.png stairs/seq-03/color/frame-000103.color.png 0.999994 0.00221029 -0.00281337 0.0125598 -0.00215371 0.999799 0.0199556 -0.0264438 0.00285689 -0.0199494 0.999797 0.00971484 0.0 0.0 0.0 1.0
stairs/seq-03/color/frame-000103.color.png stairs/seq-03/color/frame-000106.color.png 0.999911 0.00882791 -0.00995957 0.0206769 -0.0086115 0.99973 0.021566 -0.0318427 0.0101473 -0.0214784 0.999718 0.00541443 0.0 0.0 0.0 1.0
stairs/seq-03/color/frame-000106.color.png stairs/seq-03/color/frame-000109.color.png 0.999994 -0.00272833 0.00207129 0.0137773 0.00272461 0.999995 0.00178596 -0.021025 -0.00207617 -0.00178025 0.999996 0.0127097 0.0 0.0 0.0 1.0
stairs/seq-03/color/frame-000109.color.png stairs/seq-03/color/frame-000112.color.png 0.999454 0.0246732 -0.0219851 0.0598221 -0.0248704 0.999652 -0.00874274 0.00573373 0.0217617 0.00928474 0.99972 0.00700021 0.0 0.0 0.0 1.0
stairs/seq-03/color/frame-000112.color.png stairs/seq-03/color/frame-000115.color.png 0.999143 0.0405051 -0.00848828 0.0278178 -0.0403966 0.999104 0.0125868 -0.0208558 0.00899052 -0.0122332 0.999885 0.0130076 0.0 0.0 0.0 1.0
stairs/seq-03/color/frame-000115.color.png stairs/seq-03/color/frame-000118.color.png 0.999685 -0.0248092 0.00376502 0.0134416 0.024958 0.998599 -0.0466506 0.0885871 -0.00260243 0.0467299 0.998904 0.0336262 0.0 0.0 0.0 1.0
stairs/seq-03/color/frame-000118.color.png stairs/seq-03/color/frame-000121.color.png 0.999804 -0.0169408 -0.0102687 0.0409572 0.016932 0.999856 -0.00094264 -0.049509 0.0102832 0.00076859 0.999947 -0.0093894 0.0 0.0 0.0 1.0
stairs/seq-03/color/frame-000121.color.png stairs/seq-03/color/frame-000124.color.png 0.999885 0.00446296 -0.0144713 0.044794 -0.00394574 0.999359 0.0355767 -0.108137 0.0146208 -0.0355155 0.999262 -0.0133798 0.0 0.0 0.0 1.0
stairs/seq-03/color/frame-000124.color.png stairs/seq-03/color/frame-000127.color.png 0.999639 0.0246213 -0.0107129 0.0116876 -0.0243907 0.999479 0.0211381 -0.0151137 0.0112278 -0.0208692 0.999719 0.000117779 0.0 0.0 0.0 1.0
stairs/seq-03/color/frame-000127.color.png stairs/seq-03/color/frame-000130.color.png 0.999929 0.0114575 0.003115 0.00354016 -0.0115123 0.999768 0.0181852 -0.0274553 -0.00290594 -0.0182198 0.99983 0.00976598 0.0 0.0 0.0 1.0
stairs/seq-03/color/frame-000130.color.png stairs/seq-03/color/frame-000133.color.png 0.999975 0.000263974 -0.00702608 0.0138182 -0.000202565 0.999962 0.00874262 -0.0293444 0.00702812 -0.00874098 0.999937 0.00255406 0.0 0.0 0.0 1.0
stairs/seq-03/color/frame-000133.color.png stairs/seq-03/color/frame-000136.color.png 0.999916 0.00858918 -0.00972127 0.00277096 -0.00852805 0.999944 0.00630803 -0.0222269 0.00977491 -0.00622456 0.999933 0.00833726 0.0 0.0 0.0 1.0
stairs/seq-03/color/frame-000136.color.png stairs/seq-03/color/frame-000139.color.png 0.999971 0.00767255 -0.000153257 -0.0137048 -0.00766989 0.999883 0.0132287 -0.0348114 0.000254713 -0.0132271 0.999913 0.0170446 0.0 0.0 0.0 1.0
stairs/seq-03/color/frame-000139.color.png stairs/seq-03/color/frame-000142.color.png 0.997736 -0.0178647 0.064835 -0.111004 0.0193108 0.999577 -0.0217463 0.0325903 -0.0644191 0.022949 0.997659 0.0368367 0.0 0.0 0.0 1.0
stairs/seq-03/color/frame-000142.color.png stairs/seq-03/color/frame-000145.color.png 0.999665 -0.0218851 0.0138208 -0.0110794 0.0215633 0.999502 0.0230211 -0.0823546 -0.0143178 -0.0227153 0.999639 0.04106 0.0 0.0 0.0 1.0
stairs/seq-03/color/frame-000145.color.png stairs/seq-03/color/frame-000148.color.png 0.999723 -0.0186613 0.0143122 -0.0251476 0.0182557 0.999442 0.0279603 -0.0853833 -0.014826 -0.0276913 0.999507 0.0197892 0.0 0.0 0.0 1.0
stairs/seq-03/color/frame-000148.color.png stairs/seq-03/color/frame-000151.color.png 0.99999 -0.0021766 -0.00392983 0.00137705 0.00220896 0.999964 0.0082451 -0.0186927 0.00391177 -0.00825374 0.999958 -0.00318408 0.0 0.0 0.0 1.0
stairs/seq-03/color/frame-000151.color.png stairs/seq-03/color/frame-000154.color.png 0.999189 0.0278466 -0.0290876 0.0550309 -0.0266621 0.99883 0.0403433 -0.0487869 0.030177 -0.0395349 0.998762 -0.0351877 0.0 0.0 0.0 1.0
stairs/seq-03/color/frame-000154.color.png stairs/seq-03/color/frame-000157.color.png 0.998074 0.0346474 -0.0514585 0.0920983 -0.0321936 0.998339 0.0477725 -0.0396172 0.0530283 -0.0460239 0.997532 -0.0519665 0.0 0.0 0.0 1.0
stairs/seq-03/color/frame-000157.color.png stairs/seq-03/color/frame-000160.color.png 0.997136 0.0551002 -0.0518074 0.0776006 -0.0516026 0.996446 0.066584 -0.0521914 0.055292 -0.0637199 0.996435 -0.0372041 0.0 0.0 0.0 1.0
stairs/seq-03/color/frame-000160.color.png stairs/seq-03/color/frame-000163.color.png 0.99995 0.0100198 -0.00031125 0.00631738 -0.0100149 0.999863 0.013194 -0.0189397 0.000443438 -0.0131903 0.999913 0.0172563 0.0 0.0 0.0 1.0
stairs/seq-03/color/frame-000163.color.png stairs/seq-03/color/frame-000166.color.png 0.999716 0.0117493 -0.0207089 0.0484344 -0.0117572 0.999931 -0.000264848 -0.0113108 0.0207044 0.000508165 0.999785 0.00664818 0.0 0.0 0.0 1.0
stairs/seq-03/color/frame-000166.color.png stairs/seq-03/color/frame-000169.color.png 0.999839 -0.0103265 0.0146631 0.00269723 0.0106966 0.99962 -0.0253901 0.0156407 -0.0143954 0.025543 0.99957 0.0339009 0.0 0.0 0.0 1.0
stairs/seq-03/color/frame-000169.color.png stairs/seq-03/color/frame-000172.color.png 0.99999 0.00347428 -0.00293025 0.0220768 -0.00346288 0.999986 0.00388032 -0.0117202 0.00294368 -0.00387011 0.999988 0.0223811 0.0 0.0 0.0 1.0
stairs/seq-03/color/frame-000172.color.png stairs/seq-03/color/frame-000175.color.png 0.999942 -0.00831307 -0.00691594 0.0276123 0.00833538 0.99996 0.00320368 -0.0189999 0.00688903 -0.00326121 0.999971 0.0152774 0.0 0.0 0.0 1.0
stairs/seq-03/color/frame-000175.color.png stairs/seq-03/color/frame-000178.color.png 0.999985 -0.00429652 0.00326503 0.00082761 0.00432625 0.999949 -0.00917392 0.00754237 -0.00322538 0.00918794 0.999953 0.0300779 0.0 0.0 0.0 1.0
stairs/seq-03/color/frame-000178.color.png stairs/seq-03/color/frame-000181.color.png 0.999886 0.0128177 0.00795083 -0.000121176 -0.0126574 0.999722 -0.0198923 0.0319412 -0.00820368 0.0197894 0.999771 0.0337827 0.0 0.0 0.0 1.0
stairs/seq-03/color/frame-000181.color.png stairs/seq-03/color/frame-000184.color.png 0.999856 0.00951974 0.0140201 0.00739187 -0.00970873 0.999862 0.0134683 -0.00825906 -0.01389 -0.0136023 0.999811 0.00308454 0.0 0.0 0.0 1.0
stairs/seq-03/color/frame-000184.color.png stairs/seq-03/color/frame-000187.color.png 0.999961 0.00213032 -0.00853859 0.00844735 -0.00208824 0.999986 0.00493569 -0.00726545 0.008549 -0.00491774 0.999951 0.00336456 0.0 0.0 0.0 1.0
stairs/seq-03/color/frame-000187.color.png stairs/seq-03/color/frame-000190.color.png 0.999987 -0.00502593 0.000762932 0.00199991 0.00502669 0.999987 -0.000996703 -0.0140708 -0.000757905 0.00100051 0.999999 0.0141513 0.0 0.0 0.0 1.0
stairs/seq-03/color/frame-000190.color.png stairs/seq-03/color/frame-000193.color.png 0.999977 -0.00434841 0.00527853 -0.0138994 0.0043523 0.99999 -0.000716667 -0.00295889 -0.00527532 0.000739658 0.999986 0.0186222 0.0 0.0 0.0 1.0
stairs/seq-03/color/frame-000193.color.png stairs/seq-03/color/frame-000196.color.png 0.99999 0.00335196 0.00284415 0.00365925 -0.00337064 0.999973 0.00658815 -0.018465 -0.00282205 -0.00659769 0.999974 0.00408602 0.0 0.0 0.0 1.0
stairs/seq-03/color/frame-000196.color.png stairs/seq-03/color/frame-000199.color.png 0.999959 0.0082065 0.00394559 -0.00285393 -0.0082248 0.999955 0.00463389 -0.00116402 -0.00390739 -0.00466622 0.999981 0.0120994 0.0 0.0 0.0 1.0
stairs/seq-03/color/frame-000199.color.png stairs/seq-03/color/frame-000202.color.png 0.999986 0.00501727 -0.00148595 0.00831306 -0.00500424 0.99995 0.00861478 -0.0140805 0.00152905 -0.00860724 0.999962 0.00312901 0.0 0.0 0.0 1.0
stairs/seq-03/color/frame-000202.color.png stairs/seq-03/color/frame-000205.color.png 0.999671 -0.0139167 0.021554 -0.0313143 0.0136343 0.99982 0.01319 -0.0398959 -0.0217337 -0.0128917 0.999681 0.0110816 0.0 0.0 0.0 1.0
stairs/seq-03/color/frame-000205.color.png stairs/seq-03/color/frame-000208.color.png 0.999913 -0.0110585 0.00714797 -0.00501174 0.0109562 0.999839 0.0141949 -0.0407876 -0.00730382 -0.0141154 0.999874 0.0137992 0.0 0.0 0.0 1.0
stairs/seq-03/color/frame-000208.color.png stairs/seq-03/color/frame-000211.color.png 0.999963 -0.00647661 0.00563064 -0.0120894 0.0064167 0.999923 0.0105982 -0.0335193 -0.00569886 -0.0105617 0.999928 0.00651717 0.0 0.0 0.0 1.0
stairs/seq-03/color/frame-000211.color.png stairs/seq-03/color/frame-000214.color.png 0.999954 -0.00271707 -0.00917732 0.00380123 0.00268463 0.99999 -0.00354317 0.00483948 0.00918689 0.00351839 0.999952 0.00685143 0.0 0.0 0.0 1.0
stairs/seq-03/color/frame-000214.color.png stairs/seq-03/color/frame-000217.color.png 0.99994 -0.0105715 -0.00299869 0.00977594 0.0105397 0.99989 -0.0104299 -0.000775516 0.00310862 0.0103977 0.999941 0.00298619 0.0 0.0 0.0 1.0
stairs/seq-03/color/frame-000217.color.png stairs/seq-03/color/frame-000220.color.png 0.999911 -0.0076376 0.0109767 -0.0220548 0.00764844 0.99997 -0.000949965 -0.0144584 -0.0109691 0.00103383 0.999939 0.0168092 0.0 0.0 0.0 1.0
stairs/seq-03/color/frame-000220.color.png stairs/seq-03/color/frame-000223.color.png 0.999836 -0.00332748 0.0177749 -0.0278419 0.00338019 0.99999 -0.00293584 -0.00443012 -0.017765 0.00299548 0.999838 0.0185179 0.0 0.0 0.0 1.0
stairs/seq-03/color/frame-000223.color.png stairs/seq-03/color/frame-000226.color.png 0.999995 -0.00268064 0.00187405 -0.00365454 0.00268548 0.999993 -0.0025787 -0.00617093 -0.0018671 0.00258379 0.999995 0.00501466 0.0 0.0 0.0 1.0
stairs/seq-03/color/frame-000226.color.png stairs/seq-03/color/frame-000229.color.png 0.999989 -0.00378403 0.00269185 -0.00585711 0.00378757 0.999992 -0.00130356 -0.00478339 -0.00268692 0.00131368 0.999995 0.0105503 0.0 0.0 0.0 1.0
stairs/seq-03/color/frame-000229.color.png stairs/seq-03/color/frame-000232.color.png 0.999691 0.0149603 -0.0198356 0.0469549 -0.0148065 0.999859 0.00787705 0.00174493 0.0199506 -0.0075809 0.999772 -0.00686669 0.0 0.0 0.0 1.0
stairs/seq-03/color/frame-000232.color.png stairs/seq-03/color/frame-000235.color.png 0.999775 0.0136251 -0.0162867 0.059109 -0.0136793 0.999901 -0.00321504 0.00331658 0.0162414 0.00343713 0.999862 0.00677478 0.0 0.0 0.0 1.0
stairs/seq-03/color/frame-000235.color.png stairs/seq-03/color/frame-000238.color.png 0.999915 0.00612256 -0.0115458 0.0344515 -0.00630677 0.999852 -0.0159878 0.0290365 0.0114462 0.0160592 0.999806 0.00307679 0.0 0.0 0.0 1.0
stairs/seq-03/color/frame-000238.color.png stairs/seq-03/color/frame-000241.color.png 0.999807 -0.00447533 -0.0191096 0.0595261 0.00426424 0.99993 -0.0110756 0.00988662 0.0191578 0.0109919 0.999756 0.00506783 0.0 0.0 0.0 1.0
stairs/seq-03/color/frame-000241.color.png stairs/seq-03/color/frame-000244.color.png 0.999723 0.00101294 -0.0234961 0.0621266 -0.000976244 0.999998 0.00157589 -0.0143777 0.0234976 -0.00155246 0.999723 -0.00304949 0.0 0.0 0.0 1.0
stairs/seq-03/color/frame-000244.color.png stairs/seq-03/color/frame-000247.color.png 0.99984 0.0107011 -0.0143333 0.0424809 -0.0108189 0.999908 -0.0081654 0.0242187 0.0142445 0.00831913 0.999864 -0.00365567 0.0 0.0 0.0 1.0
stairs/seq-03/color/frame-000247.color.png stairs/seq-03/color/frame-000250.color.png 0.999838 0.00778053 -0.0162113 0.0410261 -0.0077203 0.999963 0.00377136 0.00578225 0.01624 -0.00364561 0.999861 -0.00835109 0.0 0.0 0.0 1.0
stairs/seq-03/color/frame-000250.color.png stairs/seq-03/color/frame-000253.color.png 0.999799 0.0193443 0.00521919 0.0189363 -0.0193374 0.999812 -0.00137813 0.025085 -0.00524476 0.00127686 0.999985 0.0140681 0.0 0.0 0.0 1.0
stairs/seq-03/color/frame-000253.color.png stairs/seq-03/color/frame-000256.color.png 0.999952 0.00888167 -0.00420418 0.010583 -0.00887883 0.99996 0.00070398 0.00623137 0.00421023 -0.000666494 0.999991 0.00251341 0.0 0.0 0.0 1.0
stairs/seq-03/color/frame-000256.color.png stairs/seq-03/color/frame-000259.color.png 0.999805 -0.002611 0.0195987 -0.0385891 0.00235935 0.999915 0.0128516 -0.0278737 -0.0196305 -0.0128029 0.999725 0.012624 0.0 0.0 0.0 1.0
stairs/seq-03/color/frame-000259.color.png stairs/seq-03/color/frame-000262.color.png 0.999757 -0.000656523 0.0220396 -0.0348073 0.000625528 0.999999 0.00141369 -0.0116138 -0.0220405 -0.00139958 0.999756 0.0268896 0.0 0.0 0.0 1.0
stairs/seq-03/color/frame-000262.color.png stairs/seq-03/color/frame-000265.color.png 0.999984 0.00369417 0.00434932 -0.00558084 -0.00372703 0.999964 0.00756643 -0.017697 -0.00432122 -0.00758246 0.999962 0.021243 0.0 0.0 0.0 1.0
stairs/seq-03/color/frame-000265.color.png stairs/seq-03/color/frame-000268.color.png 0.999955 -0.00315398 -0.0089343 0.00750417 0.0031877 0.999988 0.00375854 -0.0136354 0.00892233 -0.00378688 0.999953 -0.00113034 0.0 0.0 0.0 1.0
stairs/seq-03/color/frame-000268.color.png stairs/seq-03/color/frame-000271.color.png 0.99997 -0.00704059 -0.00336239 0.00229979 0.0070126 0.999941 -0.00825824 0.00490838 0.00342033 0.00823444 0.99996 0.0151384 0.0 0.0 0.0 1.0
stairs/seq-03/color/frame-000271.color.png stairs/seq-03/color/frame-000274.color.png 0.999892 0.00250505 -0.0144806 0.0190073 -0.00263552 0.999956 -0.00899397 0.00548583 0.0144574 0.00903113 0.999855 -0.00333381 0.0 0.0 0.0 1.0
stairs/seq-03/color/frame-000274.color.png stairs/seq-03/color/frame-000277.color.png 0.999995 -0.000800041 -0.00293666 0.00115412 0.000813055 0.99999 0.0044124 -0.0146841 0.00293311 -0.00441472 0.999986 0.00329602 0.0 0.0 0.0 1.0
stairs/seq-03/color/frame-000277.color.png stairs/seq-03/color/frame-000280.color.png 0.999967 0.000604891 0.00806475 -0.0138984 -0.000587921 0.999998 -0.00210869 0.00308788 -0.00806601 0.00210384 0.999965 0.012144 0.0 0.0 0.0 1.0
stairs/seq-03/color/frame-000280.color.png stairs/seq-03/color/frame-000283.color.png 0.999908 0.00599236 0.0121597 -0.014936 -0.00607738 0.999957 0.00696557 -0.00448751 -0.0121175 -0.00703883 0.999902 0.00582457 0.0 0.0 0.0 1.0
stairs/seq-03/color/frame-000283.color.png stairs/seq-03/color/frame-000286.color.png 0.999761 -0.00315664 -0.0216245 0.0331091 0.00374659 0.99962 0.0272951 -0.0404378 0.0215301 -0.0273696 0.999393 -0.0327171 0.0 0.0 0.0 1.0
stairs/seq-03/color/frame-000286.color.png stairs/seq-03/color/frame-000289.color.png 0.999994 0.00334801 -1.23578e-05 0.00203091 -0.00334752 0.999892 0.0142871 -0.011067 6.02055e-05 -0.0142869 0.999898 -0.00515127 0.0 0.0 0.0 1.0
stairs/seq-03/color/frame-000289.color.png stairs/seq-03/color/frame-000292.color.png 0.999835 0.0136783 -0.0119452 0.0260674 -0.0135701 0.999867 0.00908925 0.00594145 0.0120679 -0.00892567 0.999887 -0.0240366 0.0 0.0 0.0 1.0
stairs/seq-03/color/frame-000292.color.png stairs/seq-03/color/frame-000295.color.png 0.99973 0.00771046 -0.0219239 0.0357928 -0.00753224 0.999938 0.00820017 0.0143138 0.0219858 -0.00803286 0.999726 -0.0362792 0.0 0.0 0.0 1.0
stairs/seq-03/color/frame-000295.color.png stairs/seq-03/color/frame-000298.color.png 0.999977 -0.00614298 0.00276279 -0.016493 0.00610841 0.999905 0.0123735 -0.00436765 -0.00283857 -0.0123564 0.99992 -0.0222023 0.0 0.0 0.0 1.0
stairs/seq-03/color/frame-000298.color.png stairs/seq-03/color/frame-000301.color.png 0.999449 0.00329539 0.0330322 -0.0597122 -0.00318873 0.99999 -0.0032802 0.0124558 -0.0330427 0.00317306 0.999449 0.00875413 0.0 0.0 0.0 1.0
stairs/seq-03/color/frame-000301.color.png stairs/seq-03/color/frame-000304.color.png 0.999648 -0.0148136 0.0220127 -0.0803193 0.0148812 0.999885 -0.00291143 0.00419766 -0.0219669 0.00323801 0.999753 -0.0105441 0.0 0.0 0.0 1.0
stairs/seq-03/color/frame-000304.color.png stairs/seq-03/color/frame-000307.color.png 0.999729 -0.0173821 0.0155156 -0.0771114 0.0174059 0.999847 -0.00139052 -0.00100946 -0.0154891 0.00166014 0.999879 -0.0139352 0.0 0.0 0.0 1.0
stairs/seq-03/color/frame-000307.color.png stairs/seq-03/color/frame-000310.color.png 0.999851 -0.00724202 0.0156754 -0.0608746 0.00717071 0.999964 0.00459948 -0.00897437 -0.0157081 -0.00448643 0.999866 -0.0229182 0.0 0.0 0.0 1.0
stairs/seq-03/color/frame-000310.color.png stairs/seq-03/color/frame-000313.color.png 0.999695 -0.00297947 0.0245179 -0.057755 0.00261511 0.999886 0.0148794 -0.0119698 -0.0245595 -0.0148107 0.999589 -0.0123481 0.0 0.0 0.0 1.0
stairs/seq-03/color/frame-000313.color.png stairs/seq-03/color/frame-000316.color.png 0.999936 -0.00384176 0.0106574 -0.0400771 0.00383029 0.999992 0.00109958 0.00827628 -0.0106616 -0.00105866 0.999943 -0.0134846 0.0 0.0 0.0 1.0
stairs/seq-03/color/frame-000316.color.png stairs/seq-03/color/frame-000319.color.png 0.999984 -0.00559353 0.000523018 -0.0190986 0.0055944 0.999983 -0.00171331 0.00405687 -0.000513393 0.00171624 0.999998 -0.0132035 0.0 0.0 0.0 1.0
stairs/seq-03/color/frame-000319.color.png stairs/seq-03/color/frame-000322.color.png 0.999933 0.0111524 0.00304351 0.000990331 -0.0111839 0.999882 0.010536 -0.00122726 -0.00292563 -0.0105694 0.99994 -0.0234668 0.0 0.0 0.0 1.0
stairs/seq-03/color/frame-000322.color.png stairs/seq-03/color/frame-000325.color.png 0.99997 0.00767937 0.000463697 -0.00141817 -0.00767131 0.99985 -0.0155091 0.0321487 -0.000582743 0.0155051 0.99988 -0.00587749 0.0 0.0 0.0 1.0
stairs/seq-03/color/frame-000325.color.png stairs/seq-03/color/frame-000328.color.png 0.99988 0.00276116 -0.0152404 0.0251336 -0.00314378 0.999679 -0.0251386 0.0421722 0.0151661 0.0251834 0.999568 -0.0196344 0.0 0.0 0.0 1.0
stairs/seq-03/color/frame-000328.color.png stairs/seq-03/color/frame-000331.color.png 0.999912 -0.0098277 -0.00894822 0.0139618 0.00985998 0.999945 0.00356767 0.00672317 0.00891264 -0.00365563 0.999954 -0.0327693 0.0 0.0 0.0 1.0
stairs/seq-03/color/frame-000331.color.png stairs/seq-03/color/frame-000334.color.png 0.999886 -0.00468226 -0.0143419 0.0177134 0.00481835 0.999944 0.00947034 0.00595379 0.0142968 -0.00953834 0.999852 -0.0339578 0.0 0.0 0.0 1.0
stairs/seq-03/color/frame-000334.color.png stairs/seq-03/color/frame-000337.color.png 0.999998 -0.00068698 0.00160162 0.00066328 0.000663385 0.999892 0.0146479 -0.00444496 -0.00161147 -0.0146468 0.999891 -0.030949 0.0 0.0 0.0 1.0
stairs/seq-03/color/frame-000337.color.png stairs/seq-03/color/frame-000340.color.png 0.999814 -0.014893 0.0122485 -0.0177716 0.0148634 0.999886 0.00250453 -0.0116915 -0.0122844 -0.00232203 0.999922 -0.0252199 0.0 0.0 0.0 1.0
stairs/seq-03/color/frame-000340.color.png stairs/seq-03/color/frame-000343.color.png 0.999951 -0.00896749 0.00419782 -0.00976473 0.00903314 0.999833 -0.0158728 0.0129077 -0.00405478 0.0159099 0.999865 -0.0205475 0.0 0.0 0.0 1.0
stairs/seq-03/color/frame-000343.color.png stairs/seq-03/color/frame-000346.color.png 0.999881 0.0146516 0.004792 0.00525743 -0.0146187 0.99987 -0.00682663 0.00898558 -0.00489139 0.00675583 0.999965 -0.0192282 0.0 0.0 0.0 1.0
stairs/seq-03/color/frame-000346.color.png stairs/seq-03/color/frame-000349.color.png 0.999508 0.0161541 -0.0268903 0.0497642 -0.0164601 0.999802 -0.0111959 0.0214325 0.026704 0.011633 0.999576 -0.0337316 0.0 0.0 0.0 1.0
stairs/seq-03/color/frame-000349.color.png stairs/seq-03/color/frame-000352.color.png 0.999888 0.0147677 0.00226508 0.0112522 -0.0148377 0.999281 0.0348798 -0.0252947 -0.00174831 -0.0349096 0.999389 -0.0342313 0.0 0.0 0.0 1.0
stairs/seq-03/color/frame-000352.color.png stairs/seq-03/color/frame-000355.color.png 0.998651 -0.00538945 -0.0516363 0.0501313 0.00573957 0.999962 0.00663435 -0.0176952 0.0515986 -0.00692177 0.998644 -0.0516334 0.0 0.0 0.0 1.0
stairs/seq-03/color/frame-000355.color.png stairs/seq-03/color/frame-000358.color.png 0.997462 0.00746074 -0.0708135 0.0857275 -0.00887134 0.999768 -0.0196265 0.0256495 0.0706506 0.0202049 0.997296 -0.0230325 0.0 0.0 0.0 1.0
stairs/seq-03/color/frame-000358.color.png stairs/seq-03/color/frame-000361.color.png 0.999648 -0.00098454 -0.026514 0.0543359 7.68443e-05 0.999415 -0.0342147 0.0350304 0.0265321 0.0342006 0.999063 -0.00267684 0.0 0.0 0.0 1.0
stairs/seq-03/color/frame-000361.color.png stairs/seq-03/color/frame-000364.color.png 0.999894 0.00710876 -0.0126675 0.0416166 -0.0072105 0.999942 -0.00800584 0.00109255 0.0126098 0.00809637 0.999888 -0.00735688 0.0 0.0 0.0 1.0
stairs/seq-03/color/frame-000364.color.png stairs/seq-03/color/frame-000367.color.png 0.998848 0.0374125 -0.0300463 0.074412 -0.0377856 0.999214 -0.0119426 0.0375294 0.0295759 0.0130641 0.999477 0.00509167 0.0 0.0 0.0 1.0
stairs/seq-03/color/frame-000367.color.png stairs/seq-03/color/frame-000370.color.png 0.998764 0.0257576 -0.0425044 0.0936208 -0.0253128 0.999619 0.010969 0.00338596 0.0427708 -0.00987957 0.999036 -0.0250105 0.0 0.0 0.0 1.0
stairs/seq-03/color/frame-000370.color.png stairs/seq-03/color/frame-000373.color.png 0.996118 0.0447059 -0.0758306 0.146525 -0.0466231 0.998631 -0.0237019 0.055506 0.0746672 0.0271454 0.996839 -0.0134878 0.0 0.0 0.0 1.0
stairs/seq-03/color/frame-000373.color.png stairs/seq-03/color/frame-000376.color.png 0.998811 0.0149216 -0.0464172 0.0926784 -0.0156009 0.999776 -0.0143071 0.0331626 0.0461931 0.0150142 0.99882 0.00595164 0.0 0.0 0.0 1.0
stairs/seq-03/color/frame-000376.color.png stairs/seq-03/color/frame-000379.color.png 0.998006 0.0291073 -0.0560129 0.120372 -0.0295332 0.999541 -0.00679401 0.0337026 0.0557895 0.00843463 0.998407 -0.0176432 0.0 0.0 0.0 1.0
stairs/seq-03/color/frame-000379.color.png stairs/seq-03/color/frame-000382.color.png 0.998536 0.0226525 -0.0491179 0.0806323 -0.0233381 0.999637 -0.0134274 0.0401661 0.0487959 0.0145541 0.998703 -0.0110263 0.0 0.0 0.0 1.0
stairs/seq-03/color/frame-000382.color.png stairs/seq-03/color/frame-000385.color.png 0.997749 -0.00201376 -0.0670334 0.0909554 0.000574473 0.999769 -0.0214834 0.0202152 0.0670612 0.0213966 0.997519 -0.0324715 0.0 0.0 0.0 1.0
stairs/seq-03/color/frame-000385.color.png stairs/seq-03/color/frame-000388.color.png 0.99987 0.00799602 -0.0139952 0.0502982 -0.00801347 0.999967 -0.00118526 0.0287877 0.0139853 0.00129726 0.999901 0.0317928 0.0 0.0 0.0 1.0
stairs/seq-03/color/frame-000388.color.png stairs/seq-03/color/frame-000391.color.png 0.999061 0.0419013 0.0110552 -0.00355703 -0.0418402 0.999108 -0.00569889 0.0204911 -0.0112842 0.00523091 0.999923 0.00683713 0.0 0.0 0.0 1.0
stairs/seq-03/color/frame-000391.color.png stairs/seq-03/color/frame-000394.color.png 0.99984 -0.00789065 0.0160469 -0.0324823 0.0079316 0.999965 -0.0024874 -0.0325558 -0.0160267 0.00261421 0.999868 0.00466406 0.0 0.0 0.0 1.0
stairs/seq-03/color/frame-000394.color.png stairs/seq-03/color/frame-000397.color.png 0.99965 -0.00629955 0.0256996 -0.036238 0.00599596 0.999911 0.011874 -0.0381156 -0.0257723 -0.0117156 0.999599 0.0204244 0.0 0.0 0.0 1.0
stairs/seq-03/color/frame-000397.color.png stairs/seq-03/color/frame-000400.color.png 0.999407 -0.0191192 0.0286383 -0.0635614 0.0186605 0.999695 0.0161976 -0.0492799 -0.0289392 -0.0156535 0.999459 0.0378388 0.0 0.0 0.0 1.0
stairs/seq-03/color/frame-000400.color.png stairs/seq-03/color/frame-000403.color.png 0.99985 0.0079771 0.0153582 -0.0283983 -0.00820574 0.999856 0.0148903 -0.0135462 -0.0152371 -0.0150142 0.999771 0.0274723 0.0 0.0 0.0 1.0
stairs/seq-03/color/frame-000403.color.png stairs/seq-03/color/frame-000406.color.png 0.999965 0.00396707 -0.00732227 0.0109333 -0.00395273 0.99999 0.00198756 -0.00817341 0.00733013 -0.00195854 0.999971 0.0100656 0.0 0.0 0.0 1.0
stairs/seq-03/color/frame-000406.color.png stairs/seq-03/color/frame-000409.color.png 0.999821 0.0135426 -0.0132192 0.0457767 -0.0136457 0.999877 -0.0077508 -0.00314659 0.0131126 0.00792979 0.999883 0.00450861 0.0 0.0 0.0 1.0
stairs/seq-03/color/frame-000409.color.png stairs/seq-03/color/frame-000412.color.png 0.999346 0.0361641 -3.5057e-05 0.0512332 -0.0361637 0.999328 -0.00595091 0.0291214 -0.000180158 0.00594831 0.999982 0.0272938 0.0 0.0 0.0 1.0
stairs/seq-03/color/frame-000412.color.png stairs/seq-03/color/frame-000415.color.png 0.999933 0.0090353 0.00729854 0.0109581 -0.00902379 0.999958 -0.00161339 0.0186547 -0.00731274 0.0015474 0.999972 0.0425749 0.0 0.0 0.0 1.0
stairs/seq-03/color/frame-000415.color.png stairs/seq-03/color/frame-000418.color.png 0.999936 -0.00222406 -0.0111296 0.0394552 0.00224172 0.999996 0.00157545 -0.00591618 0.0111259 -0.00160031 0.999937 0.00528502 0.0 0.0 0.0 1.0
stairs/seq-03/color/frame-000418.color.png stairs/seq-03/color/frame-000421.color.png 0.999979 0.00360089 -0.00527836 0.0420623 -0.00355987 0.999964 0.00776296 -0.0162108 0.00530624 -0.00774402 0.999956 0.00583339 0.0 0.0 0.0 1.0
stairs/seq-03/color/frame-000421.color.png stairs/seq-03/color/frame-000424.color.png 0.999927 -0.00726997 0.00966775 -0.00597215 0.00721667 0.999959 0.00553748 -0.0183247 -0.00970764 -0.00546731 0.999938 0.017735 0.0 0.0 0.0 1.0
stairs/seq-03/color/frame-000424.color.png stairs/seq-03/color/frame-000427.color.png 0.999989 -0.00135993 0.0044991 0.0110543 0.00132167 0.999963 0.00848897 -0.0225518 -0.00451043 -0.00848304 0.999954 0.0124214 0.0 0.0 0.0 1.0
stairs/seq-03/color/frame-000427.color.png stairs/seq-03/color/frame-000430.color.png 0.999915 0.0124727 -0.00369142 0.0205411 -0.0124774 0.999921 -0.00123743 0.0129746 0.00367578 0.00128333 0.999993 0.0149751 0.0 0.0 0.0 1.0
stairs/seq-03/color/frame-000430.color.png stairs/seq-03/color/frame-000433.color.png 0.999954 0.0089671 -0.00339134 0.0151435 -0.00899073 0.999935 -0.00705736 0.0241218 0.00332779 0.00708766 0.999969 0.022893 0.0 0.0 0.0 1.0
stairs/seq-03/color/frame-000433.color.png stairs/seq-03/color/frame-000436.color.png 0.99987 0.00358999 -0.0156837 0.0410588 -0.0035285 0.999986 0.00394816 -0.0107988 0.0156976 -0.00389226 0.999869 -0.00302804 0.0 0.0 0.0 1.0
stairs/seq-03/color/frame-000436.color.png stairs/seq-03/color/frame-000439.color.png 0.999859 0.0132086 -0.0103953 0.0349453 -0.0132166 0.999912 -0.000706723 0.0062961 0.0103851 0.000843953 0.999946 0.00548804 0.0 0.0 0.0 1.0
stairs/seq-03/color/frame-000439.color.png stairs/seq-03/color/frame-000442.color.png 0.999864 0.0148534 -0.00710388 0.0327334 -0.014813 0.999874 0.00573071 -0.000483453 0.00718815 -0.0056247 0.999958 0.00900614 0.0 0.0 0.0 1.0
stairs/seq-03/color/frame-000442.color.png stairs/seq-03/color/frame-000445.color.png 0.999986 0.00293891 -0.00441498 0.0242933 -0.00289871 0.999955 0.00904966 -0.0160839 0.00444131 -0.00903657 0.999949 0.00216389 0.0 0.0 0.0 1.0
stairs/seq-03/color/frame-000445.color.png stairs/seq-03/color/frame-000448.color.png 0.999942 0.0022937 0.0105207 -0.0238084 -0.00234388 0.999986 0.00475535 0.00302392 -0.0105096 -0.00477992 0.999933 0.0167007 0.0 0.0 0.0 1.0
stairs/seq-03/color/frame-000448.color.png stairs/seq-03/color/frame-000451.color.png 0.999912 -0.0132115 0.00139308 -0.00798249 0.0132087 0.999911 0.00196353 -0.0216873 -0.00141899 -0.00194489 0.999997 0.00937045 0.0 0.0 0.0 1.0
stairs/seq-03/color/frame-000451.color.png stairs/seq-03/color/frame-000454.color.png 0.999774 0.00123134 0.0212395 -0.0353304 -0.00133965 0.999986 0.00508681 -0.00560868 -0.0212329 -0.00511411 0.999761 0.0264148 0.0 0.0 0.0 1.0
stairs/seq-03/color/frame-000454.color.png stairs/seq-03/color/frame-000457.color.png 0.999866 -0.0118564 0.0112619 -0.0374074 0.0118433 0.999929 0.00123776 -0.0264603 -0.0112758 -0.00110431 0.999936 0.0155655 0.0 0.0 0.0 1.0
stairs/seq-03/color/frame-000457.color.png stairs/seq-03/color/frame-000460.color.png 0.999987 -0.00183644 0.00471012 -0.0190109 0.00185007 0.999994 -0.00290222 -0.00492615 -0.00470482 0.00291104 0.999985 0.0135776 0.0 0.0 0.0 1.0
stairs/seq-03/color/frame-000460.color.png stairs/seq-03/color/frame-000463.color.png 0.999897 -0.006475 0.0127911 -0.0355176 0.00647201 0.999979 0.000278017 -0.0090425 -0.0127926 -0.000195306 0.999918 0.0211968 0.0 0.0 0.0 1.0
stairs/seq-03/color/frame-000463.color.png stairs/seq-03/color/frame-000466.color.png 0.999909 -0.00132052 0.0134123 -0.0292131 0.00130792 0.999999 0.000946905 -0.00781584 -0.0134134 -0.000929343 0.99991 0.0142889 0.0 0.0 0.0 1.0
stairs/seq-03/color/frame-000466.color.png stairs/seq-03/color/frame-000469.color.png 0.999979 -0.00501186 -0.00401121 0.0036068 0.00493903 0.999826 -0.0179698 0.019402 0.00410049 0.0179496 0.99983 0.0138602 0.0 0.0 0.0 1.0
stairs/seq-03/color/frame-000469.color.png stairs/seq-03/color/frame-000472.color.png 0.999931 0.00204723 -0.0115148 0.020911 -0.00219142 0.999919 -0.0125347 0.00673801 0.0114884 0.0125591 0.999855 0.00343657 0.0 0.0 0.0 1.0
stairs/seq-03/color/frame-000472.color.png stairs/seq-03/color/frame-000475.color.png 0.999725 0.0195112 -0.0130298 0.0432269 -0.0196043 0.999783 -0.00704719 0.0265028 0.0128895 0.00730068 0.99989 0.00310946 0.0 0.0 0.0 1.0
stairs/seq-03/color/frame-000475.color.png stairs/seq-03/color/frame-000478.color.png 0.999799 0.0159584 -0.0121692 0.0448276 -0.0160166 0.999861 -0.00468695 0.0147192 0.0120925 0.00488103 0.999915 0.00819528 0.0 0.0 0.0 1.0
stairs/seq-03/color/frame-000478.color.png stairs/seq-03/color/frame-000481.color.png 0.999786 0.00913002 -0.0185818 0.0506471 -0.0092413 0.99994 -0.00592301 0.00868469 0.0185267 0.00609345 0.99981 -0.00369549 0.0 0.0 0.0 1.0
stairs/seq-03/color/frame-000481.color.png stairs/seq-03/color/frame-000484.color.png 0.999938 0.00962246 -0.00558962 0.0200047 -0.00964454 0.999946 -0.00391717 0.0180289 0.00555163 0.00397081 0.999977 0.010814 0.0 0.0 0.0 1.0
stairs/seq-03/color/frame-000484.color.png stairs/seq-03/color/frame-000487.color.png 0.999949 0.0081213 -0.00601252 0.0241964 -0.00814353 0.99996 -0.00367897 0.0092594 0.00598238 0.00372774 0.999975 0.010054 0.0 0.0 0.0 1.0
stairs/seq-03/color/frame-000487.color.png stairs/seq-03/color/frame-000490.color.png 0.999996 -0.00267163 0.0012462 0.00366235 0.00268677 0.999921 -0.0122566 0.0192271 -0.00121339 0.0122599 0.999924 0.0221527 0.0 0.0 0.0 1.0
stairs/seq-03/color/frame-000490.color.png stairs/seq-03/color/frame-000493.color.png 0.99997 -0.00479468 -0.00613479 0.0186042 0.00475697 0.99997 -0.00615912 -0.00242597 0.00616417 0.00612973 0.999962 0.00633717 0.0 0.0 0.0 1.0
stairs/seq-03/color/frame-000493.color.png stairs/seq-03/color/frame-000496.color.png 0.999992 0.00132138 -0.00387382 0.0191138 -0.00134433 0.999981 -0.00595109 0.00482774 0.00386583 0.00595635 0.999975 0.00526404 0.0 0.0 0.0 1.0
stairs/seq-03/color/frame-000496.color.png stairs/seq-03/color/frame-000499.color.png 0.999992 0.000610292 -0.0038384 0.0167029 -0.000605769 0.999999 0.0012012 -0.00495118 0.00383915 -0.00119883 0.999992 0.010517 0.0 0.0 0.0 1.0
