stairs/seq-03/color/frame-000000.color.png stairs/seq-03/color/frame-000003.color.png 0.999993 -0.00350092 -0.00113884 9.55594e-05 0.00349664 0.999987 -0.00373272 -0.00399589 0.00115189 0.00372871 0.999992 0.00219217 0.0 0.0 0.0 1.0
stairs/seq-03/color/frame-000003.color.png stairs/seq-03/color/frame-000006.color.png 0.999993 -0.00296043 -0.00238091 0.00603546 0.00295486 0.999993 -0.00233953 -0.000466892 0.00238782 0.00233248 0.999994 -0.00013431 0.0 0.0 0.0 1.0
stairs/seq-03/color/frame-000006.color.png stairs/seq-03/color/frame-000009.color.png 1.0 0.000325091 -0.000681847 -0.00165485 -0.000326997 0.999996 -0.00279847 0.00245693 0.000680935 0.0027987 0.999996 0.00474236 0.0 0.0 0.0 1.0
stairs/seq-03/color/frame-000009.color.png stairs/seq-03/color/frame-000012.color.png 0.999977 0.00387008 -0.00557284 0.00424327 -0.00390874 0.999968 -0.00694271 -0.00139801 0.00554579 0.00696434 0.99996 0.00352483 0.0 0.0 0.0 1.0
stairs/seq-03/color/frame-000012.color.png stairs/seq-03/color/frame-000015.color.png 0.999787 -0.00413323 -0.0202034 0.0229325 0.00389694 0.999924 -0.0117208 0.00134331 0.0202503 0.0116396 0.999727 0.00332398 0.0 0.0 0.0 1.0
stairs/seq-03/color/frame-000015.color.png stairs/seq-03/color/frame-000018.color.png 0.999795 -0.00359932 -0.0199411 0.0253171 0.00369139 0.999983 0.00458231 -0.00524685 0.0199243 -0.00465497 0.999791 0.00521508 0.0 0.0 0.0 1.0
stairs/seq-03/color/frame-000018.color.png stairs/seq-03/color/frame-000021.color.png 0.999965 0.0060596 -0.00583898 0.0186348 -0.00604199 0.999977 0.00302959 -0.0052984 0.00585721 -0.00299421 0.999978 0.00894804 0.0 0.0 0.0 1.0
stairs/seq-03/color/frame-000021.color.png stairs/seq-03/color/frame-000024.color.png 0.999817 -0.0139338 -0.0131134 0.0204137 0.0139347 0.999903 -2.2635e-05 -0.00669721 0.0131124 -0.0001601 0.999914 0.00970997 0.0 0.0 0.0 1.0
stairs/seq-03/color/frame-000024.color.png stairs/seq-03/color/frame-000027.color.png 0.999939 0.00956813 0.00546312 0.00301993 -0.00954484 0.999945 -0.00427328 -0.00444951 -0.00550371 0.00422087 0.999976 0.0326194 0.0 0.0 0.0 1.0
stairs/seq-03/color/frame-000027.color.png stairs/seq-03/color/frame-000030.color.png 0.999992 0.00395841 0.000475282 0.00769598 -0.00395794 0.999992 -0.000992412 -0.0196493 -0.000479192 0.000990525 0.999999 0.0390879 0.0 0.0 0.0 1.0
stairs/seq-03/color/frame-000030.color.png stairs/seq-03/color/frame-000033.color.png 0.999908 0.00237996 0.0133334 -0.00891823 -0.00227381 0.999966 -0.00797076 -0.0136082 -0.0133519 0.00793971 0.999879 0.0394881 0.0 0.0 0.0 1.0
stairs/seq-03/color/frame-000033.color.png stairs/seq-03/color/frame-000036.color.png 0.999941 -0.00651598 0.00873607 -0.00567609 0.00659905 0.999933 -0.00951351 -0.00997057 -0.0086735 0.00957058 0.999917 0.041465 0.0 0.0 0.0 1.0
stairs/seq-03/color/frame-000036.color.png stairs/seq-03/color/frame-000039.color.png 0.999991 0.00412698 -0.000797257 -0.00302416 -0.00412666 0.999991 0.000404712 -0.02179 0.000798939 -0.000401407 0.999999 0.0239793 0.0 0.0 0.0 1.0
stairs/seq-03/color/frame-000039.color.png stairs/seq-03/color/frame-000042.color.png 0.99994 -0.00598126 0.00921117 0.00593609 0.00595694 0.999979 0.00266508 -0.0199026 -0.00922692 -0.00261005 0.999954 0.0225067 0.0 0.0 0.0 1.0
stairs/seq-03/color/frame-000042.color.png stairs/seq-03/color/frame-000045.color.png 0.999976 0.00613468 0.00321649 0.00221566 -0.0061394 0.99998 0.00146112 -0.00743 -0.00320746 -0.00148082 0.999994 0.0278127 0.0 0.0 0.0 1.0
stairs/seq-03/color/frame-000045.color.png stairs/seq-03/color/frame-000048.color.png 0.999971 -0.00130249 -0.0075035 0.0206347 0.00129944 0.999999 -0.000410689 -0.0101369 0.00750402 0.000400919 0.999972 0.0325608 0.0 0.0 0.0 1.0
stairs/seq-03/color/frame-000048.color.png stairs/seq-03/color/frame-000051.color.png 0.999912 0.00336963 -0.0128172 0.0355934 -0.0034053 0.99999 -0.00276244 -0.00698094 0.0128078 0.00280584 0.999914 0.035513 0.0 0.0 0.0 1.0
stairs/seq-03/color/frame-000051.color.png stairs/seq-03/color/frame-000054.color.png 0.999868 -0.000187981 -0.0162348 0.0521452 0.000356621 0.999946 0.0103853 -0.00574495 0.0162319 -0.0103898 0.999814 0.0387326 0.0 0.0 0.0 1.0
stairs/seq-03/color/frame-000054.color.png stairs/seq-03/color/frame-000057.color.png 0.999502 0.00705122 -0.0307579 0.0700019 -0.0071713 0.999967 -0.00379561 -0.0128799 0.0307301 0.0040143 0.99952 0.0348119 0.0 0.0 0.0 1.0
stairs/seq-03/color/frame-000057.color.png stairs/seq-03/color/frame-000060.color.png 0.999623 -0.0133165 -0.0239982 0.0580971 0.0133032 0.999911 -0.000713764 -0.00688407 0.0240055 0.000394231 0.999712 0.0254073 0.0 0.0 0.0 1.0
stairs/seq-03/color/frame-000060.color.png stairs/seq-03/color/frame-000063.color.png 0.999515 -0.000750315 -0.0311289 0.0596012 0.000520366 0.999973 -0.00739444 0.00845246 0.0311336 0.00737466 0.999488 0.0150214 0.0 0.0 0.0 1.0
stairs/seq-03/color/frame-000063.color.png stairs/seq-03/color/frame-000066.color.png 0.999925 0.00346392 -0.0117405 0.0340597 -0.00352024 0.999982 -0.00478044 0.00438556 0.0117237 0.00482141 0.99992 0.0157736 0.0 0.0 0.0 1.0
stairs/seq-03/color/frame-000066.color.png stairs/seq-03/color/frame-000069.color.png 0.999898 0.00146105 -0.0141886 0.031475 -0.0015185 0.999991 -0.00403903 0.00382265 0.0141825 0.00406016 0.999891 0.0113375 0.0 0.0 0.0 1.0
stairs/seq-03/color/frame-000069.color.png stairs/seq-03/color/frame-000072.color.png 0.999952 -0.00978882 0.000446672 0.0148136 0.00978805 0.999951 0.00169037 -0.00610796 -0.000463187 -0.00168592 0.999998 0.0174289 0.0 0.0 0.0 1.0
stairs/seq-03/color/frame-000072.color.png stairs/seq-03/color/frame-000075.color.png 0.999972 0.00455125 0.0059498 0.00945503 -0.00456739 0.999986 0.00270157 -0.00428036 -0.00593742 -0.00272866 0.999979 0.0199804 0.0 0.0 0.0 1.0
stairs/seq-03/color/frame-000075.color.png stairs/seq-03/color/frame-000078.color.png 0.999701 0.0129437 0.0207194 0.013707 -0.013334 0.999734 0.0188097 -0.0254809 -0.0204705 -0.0190804 0.999608 0.0330593 0.0 0.0 0.0 1.0
stairs/seq-03/color/frame-000078.color.png stairs/seq-03/color/frame-000081.color.png 0.999655 0.0184769 0.0186504 -0.0109359 -0.0186442 0.999787 0.00883332 -0.0048999 -0.0184833 -0.009178 0.999787 0.0514708 0.0 0.0 0.0 1.0
stairs/seq-03/color/frame-000081.color.png stairs/seq-03/color/frame-000084.color.png 0.999795 0.0190566 0.00680967 -0.0015744 -0.0190469 0.999818 -0.0014832 -0.0139023 -0.00683664 0.0013532 0.999976 0.03675 0.0 0.0 0.0 1.0
stairs/seq-03/color/frame-000084.color.png stairs/seq-03/color/frame-000087.color.png 0.999676 0.0254322 0.00102703 0.00457907 -0.0254491 0.999412 0.0229823 -0.0270095 -0.000441941 -0.023001 0.999735 0.0286265 0.0 0.0 0.0 1.0
stairs/seq-03/color/frame-000087.color.png stairs/seq-03/color/frame-000090.color.png 0.999496 0.0134649 0.0287347 -0.0205727 -0.0139546 0.99976 0.0169106 -0.0243786 -0.0285001 -0.0173031 0.999444 0.0432314 0.0 0.0 0.0 1.0
stairs/seq-03/color/frame-000090.color.png stairs/seq-03/color/frame-000093.color.png 0.999933 0.00969047 0.00630435 0.0055086 -0.00977632 0.999858 0.0137349 -0.022253 -0.00617037 -0.0137956 0.999886 0.0102379 0.0 0.0 0.0 1.0
stairs/seq-03/color/frame-000093.color.png stairs/seq-03/color/frame-000096.color.png 0.999506 0.0310338 0.00491356 -0.0014683 -0.031202 0.998753 0.0389722 -0.0284913 -0.00369794 -0.0391063 0.999228 0.0127131 0.0 0.0 0.0 1.0
stairs/seq-03/color/frame-000096.color.png stairs/seq-03/color/frame-000099.color.png 0.999984 -0.00237491 -0.00518958 0.00650668 0.00243738 0.999924 0.0120576 -0.0100406 0.00516054 -0.01207 0.999914 0.0117299 0.0 0.0 0.0 1.0
stairs/seq-03/color/frame-000099.color.png stairs/seq-03/color/frame-000102.color.png 0.999988 -0.00325083 -0.00360089 0.00843972 0.00332397 0.999784 0.0205097 -0.0317805 0.00353342 -0.0205214 0.999783 0.00761968 0.0 0.0 0.0 1.0
stairs/seq-03/color/frame-000102.color.png stairs/seq-03/color/frame-000105.color.png 0.999908 0.0113328 -0.00750273 0.0195783 -0.011191 0.999763 0.018689 -0.0296305 0.00771278 -0.0186033 0.999797 0.000430882 0.0 0.0 0.0 1.0
stairs/seq-03/color/frame-000105.color.png stairs/seq-03/color/frame-000108.color.png 0.999973 -0.0063019 0.00382181 0.00798833 0.00625627 0.99991 0.0118313 -0.0314372 -0.00389601 -0.011807 0.999923 0.0178178 0.0 0.0 0.0 1.0
stairs/seq-03/color/frame-000108.color.png stairs/seq-03/color/frame-000111.color.png 0.999739 0.0195008 -0.0118663 0.0386345 -0.0195352 0.999805 -0.00279005 -0.0126374 0.0118096 0.00302111 0.999926 0.0053066 0.0 0.0 0.0 1.0
stairs/seq-03/color/frame-000111.color.png stairs/seq-03/color/frame-000114.color.png 0.998653 0.0395476 -0.0336044 0.0682109 -0.0392784 0.999191 0.00863517 -0.0094234 0.0339187 -0.0073036 0.999398 -0.00183696 0.0 0.0 0.0 1.0
stairs/seq-03/color/frame-000114.color.png stairs/seq-03/color/frame-000117.color.png 0.999838 -0.0114202 0.013905 0.00969905 0.0116376 0.99981 -0.0156587 -0.00855345 -0.0137236 0.015818 0.999781 0.0302171 0.0 0.0 0.0 1.0
stairs/seq-03/color/frame-000117.color.png stairs/seq-03/color/frame-000120.color.png 0.999574 -0.0262169 -0.0128385 0.0340878 0.0260544 0.99958 -0.0126618 -0.0215133 0.013165 0.0123219 0.999838 0.00583804 0.0 0.0 0.0 1.0
stairs/seq-03/color/frame-000120.color.png stairs/seq-03/color/frame-000123.color.png 0.999982 -0.00221102 0.00550806 0.0160083 0.00215386 0.999944 0.0103643 -0.0356541 -0.00553067 -0.0103522 0.999931 0.00939673 0.0 0.0 0.0 1.0
stairs/seq-03/color/frame-000123.color.png stairs/seq-03/color/frame-000126.color.png 0.998881 0.0319568 -0.0348554 0.0571742 -0.030947 0.999096 0.0291346 -0.029094 0.035755 -0.0280233 0.998968 -0.0316648 0.0 0.0 0.0 1.0
stairs/seq-03/color/frame-000126.color.png stairs/seq-03/color/frame-000129.color.png 0.99987 0.0132646 0.0092107 -0.00169611 -0.0134211 0.999763 0.0171472 -0.0255242 -0.00898108 -0.0172686 0.999811 0.0147929 0.0 0.0 0.0 1.0
stairs/seq-03/color/frame-000129.color.png stairs/seq-03/color/frame-000132.color.png 0.999985 0.00121663 0.00530366 -0.00841922 -0.00124675 0.999983 0.00568182 -0.0155953 -0.00529664 -0.00568836 0.99997 0.0189095 0.0 0.0 0.0 1.0
stairs/seq-03/color/frame-000132.color.png stairs/seq-03/color/frame-000135.color.png 0.999945 0.00424643 -0.00959053 0.00628096 -0.00414641 0.999937 0.0104265 -0.0247969 0.00963418 -0.0103862 0.9999 0.00429267 0.0 0.0 0.0 1.0
stairs/seq-03/color/frame-000135.color.png stairs/seq-03/color/frame-000138.color.png 0.999918 0.00431068 -0.0120591 0.00152421 -0.00422134 0.999964 0.00741975 -0.0309096 0.0120907 -0.00736827 0.9999 0.0101132 0.0 0.0 0.0 1.0
stairs/seq-03/color/frame-000138.color.png stairs/seq-03/color/frame-000141.color.png 0.999255 -0.00264412 0.0384933 -0.0566304 0.00235768 0.999969 0.00748425 -0.0401011 -0.0385119 -0.00738793 0.999231 0.0409639 0.0 0.0 0.0 1.0
stairs/seq-03/color/frame-000141.color.png stairs/seq-03/color/frame-000144.color.png 0.998827 -0.0280147 0.0395078 -0.0659122 0.0277332 0.999586 0.00765482 -0.0440399 -0.0397059 -0.00655016 0.99919 0.0443448 0.0 0.0 0.0 1.0
stairs/seq-03/color/frame-000144.color.png stairs/seq-03/color/frame-000147.color.png 0.999915 -0.0108724 0.00722609 -0.0175102 0.0107524 0.999807 0.0164445 -0.0448038 -0.00740351 -0.0163654 0.999839 0.00914782 0.0 0.0 0.0 1.0
stairs/seq-03/color/frame-000147.color.png stairs/seq-03/color/frame-000150.color.png 0.999941 -0.00800408 0.00735179 -0.0147418 0.00789833 0.999866 0.0143072 -0.0399175 -0.00746533 -0.0142484 0.999871 0.00631917 0.0 0.0 0.0 1.0
stairs/seq-03/color/frame-000150.color.png stairs/seq-03/color/frame-000153.color.png 0.999609 0.0198746 -0.0196669 0.0310895 -0.0192874 0.999376 0.0296109 -0.0380887 0.0202431 -0.0292199 0.999368 -0.0189428 0.0 0.0 0.0 1.0
stairs/seq-03/color/frame-000153.color.png stairs/seq-03/color/frame-000156.color.png 0.999388 0.0249438 -0.0245293 0.0572739 -0.0240855 0.999108 0.034684 -0.0309508 0.0253726 -0.0340719 0.999097 -0.0335329 0.0 0.0 0.0 1.0
stairs/seq-03/color/frame-000156.color.png stairs/seq-03/color/frame-000159.color.png 0.995795 0.0557607 -0.0726836 0.115925 -0.048669 0.994197 0.0959338 -0.146856 0.0776112 -0.0919929 0.99273 -0.0582652 0.0 0.0 0.0 1.0
stairs/seq-03/color/frame-000159.color.png stairs/seq-03/color/frame-000162.color.png 0.999387 0.0301642 -0.0177884 0.0331756 -0.0294384 0.998776 0.0397404 -0.0553839 0.0189653 -0.0391924 0.999052 -0.0137714 0.0 0.0 0.0 1.0
stairs/seq-03/color/frame-000162.color.png stairs/seq-03/color/frame-000165.color.png 0.999509 0.00302669 -0.0311894 0.069347 -0.00329509 0.999958 -0.00855735 0.0249813 0.0311622 0.00865596 0.999477 -0.00161123 0.0 0.0 0.0 1.0
stairs/seq-03/color/frame-000165.color.png stairs/seq-03/color/frame-000168.color.png 0.999711 -0.0017629 0.0239582 -0.0168878 0.00235927 0.999687 -0.0248868 0.0171742 -0.0239069 0.0249362 0.999403 0.0473011 0.0 0.0 0.0 1.0
stairs/seq-03/color/frame-000168.color.png stairs/seq-03/color/frame-000171.color.png 0.999909 0.00685332 -0.0116343 0.0322481 -0.00683501 0.999975 0.0016143 -0.00718904 0.0116452 -0.00153465 0.999931 0.0201451 0.0 0.0 0.0 1.0
stairs/seq-03/color/frame-000171.color.png stairs/seq-03/color/frame-000174.color.png 0.999897 -0.0129636 -0.00608913 0.0319773 0.0130118 0.999884 0.00795097 -0.0319025 0.0059854 -0.0080294 0.99995 0.0132426 0.0 0.0 0.0 1.0
stairs/seq-03/color/frame-000174.color.png stairs/seq-03/color/frame-000177.color.png 0.999944 -0.00888109 0.00576424 0.00512981 0.00894943 0.999889 -0.011946 0.0106619 -0.0056575 0.0119969 0.999912 0.0308011 0.0 0.0 0.0 1.0
stairs/seq-03/color/frame-000177.color.png stairs/seq-03/color/frame-000180.color.png 0.999931 0.0111319 -0.00364505 -0.000985384 -0.0111434 0.999933 -0.00316442 0.0208369 0.00360954 0.00320481 0.999988 0.0191417 0.0 0.0 0.0 1.0
stairs/seq-03/color/frame-000180.color.png stairs/seq-03/color/frame-000183.color.png 0.999558 0.00104472 0.0297213 -0.0206504 -0.000551971 0.999862 -0.016583 0.02631 -0.0297345 0.0165592 0.999421 0.0387849 0.0 0.0 0.0 1.0
stairs/seq-03/color/frame-000183.color.png stairs/seq-03/color/frame-000186.color.png 0.999996 0.00259295 -0.0012791 -0.00150096 -0.00258337 0.999969 0.0074424 -0.00384057 0.00129833 -0.00743905 0.999972 0.0104814 0.0 0.0 0.0 1.0
stairs/seq-03/color/frame-000186.color.png stairs/seq-03/color/frame-000189.color.png 0.999992 0.00407495 -0.00059082 0.00761801 -0.00407482 0.999992 0.000155791 -0.0062148 0.000591464 -0.000153437 1.0 0.00660586 0.0 0.0 0.0 1.0
stairs/seq-03/color/frame-000189.color.png stairs/seq-03/color/frame-000192.color.png 0.999995 0.00273813 -0.00126313 -0.00473559 -0.00273191 0.999984 0.00488717 -0.0121403 0.00127652 -0.00488373 0.999987 0.00881577 0.0 0.0 0.0 1.0
stairs/seq-03/color/frame-000192.color.png stairs/seq-03/color/frame-000195.color.png 0.999959 -0.00485586 0.00768702 0.00145155 0.00486655 0.999987 -0.00137598 -0.00830096 -0.00768025 0.00141333 0.99997 0.00822949 0.0 0.0 0.0 1.0
stairs/seq-03/color/frame-000195.color.png stairs/seq-03/color/frame-000198.color.png 0.99996 0.00855939 0.00248308 0.00407696 -0.00856936 0.999955 0.00401904 0.00129604 -0.00244857 -0.00404011 0.999989 0.00290799 0.0 0.0 0.0 1.0
stairs/seq-03/color/frame-000198.color.png stairs/seq-03/color/frame-000201.color.png 0.999984 0.00175599 0.00545368 -0.00411087 -0.00175957 0.999998 0.000652633 -0.00152826 -0.00545255 -0.0006622 0.999985 0.0144958 0.0 0.0 0.0 1.0
stairs/seq-03/color/frame-000201.color.png stairs/seq-03/color/frame-000204.color.png 0.999963 -0.00847109 0.00179661 0.00568521 0.00844462 0.999863 0.014227 -0.0438611 -0.00191685 -0.0142113 0.999897 -0.00219214 0.0 0.0 0.0 1.0
stairs/seq-03/color/frame-000204.color.png stairs/seq-03/color/frame-000207.color.png 0.99973 -0.0118342 0.0200274 -0.0354513 0.0115398 0.999825 0.0147511 -0.0334747 -0.0201985 -0.014516 0.999691 0.0237283 0.0 0.0 0.0 1.0
stairs/seq-03/color/frame-000207.color.png stairs/seq-03/color/frame-000210.color.png 0.999966 -0.00644981 0.00511788 -0.00684083 0.0064027 0.999937 0.00917569 -0.0230606 -0.00517674 -0.00914264 0.999945 0.00986052 0.0 0.0 0.0 1.0
stairs/seq-03/color/frame-000210.color.png stairs/seq-03/color/frame-000213.color.png 0.999972 -0.0060418 -0.00431829 0.00141239 0.0060546 0.999977 0.00296829 -0.0150491 0.00430027 -0.00299437 0.999986 0.00581563 0.0 0.0 0.0 1.0
stairs/seq-03/color/frame-000213.color.png stairs/seq-03/color/frame-000216.color.png 0.999976 -0.00663594 -0.00185345 0.00277567 0.00662973 0.999972 -0.00336202 -0.0136153 0.00187571 0.00334961 0.999993 0.00835013 0.0 0.0 0.0 1.0
stairs/seq-03/color/frame-000216.color.png stairs/seq-03/color/frame-000219.color.png 0.999918 -0.0115828 -0.00555113 0.00900435 0.0115679 0.999929 -0.00271073 -0.0225562 0.00558216 0.00264637 0.999981 -0.0025351 0.0 0.0 0.0 1.0
stairs/seq-03/color/frame-000219.color.png stairs/seq-03/color/frame-000222.color.png 0.999862 -0.00437422 0.0159957 -0.0233938 0.00445169 0.999979 -0.00481126 -0.00474334 -0.0159744 0.00488183 0.999861 0.0199941 0.0 0.0 0.0 1.0
stairs/seq-03/color/frame-000222.color.png stairs/seq-03/color/frame-000225.color.png 0.999886 0.00318689 0.0147874 -0.0198533 -0.00313162 0.999988 -0.00375509 0.00695169 -0.0147992 0.00370835 0.999884 0.0123643 0.0 0.0 0.0 1.0
stairs/seq-03/color/frame-000225.color.png stairs/seq-03/color/frame-000228.color.png 0.999972 -0.006952 0.00291696 -0.0154171 0.00695984 0.999972 -0.00268701 -0.00387013 -0.00289819 0.00270731 0.999992 0.0105888 0.0 0.0 0.0 1.0
stairs/seq-03/color/frame-000228.color.png stairs/seq-03/color/frame-000231.color.png 0.999907 0.00950485 -0.00981194 0.0228658 -0.00945227 0.999941 0.005397 0.00107026 0.00986268 -0.00530377 0.999937 -0.00110018 0.0 0.0 0.0 1.0
stairs/seq-03/color/frame-000231.color.png stairs/seq-03/color/frame-000234.color.png 0.999696 0.0108745 -0.0221344 0.0562793 -0.0109174 0.999939 -0.0018203 0.0104014 0.0221132 0.0020613 0.999753 0.000362635 0.0 0.0 0.0 1.0
stairs/seq-03/color/frame-000234.color.png stairs/seq-03/color/frame-000237.color.png 0.999845 0.0144231 -0.0101255 0.0457614 -0.0145669 0.999792 -0.0142792 0.0309274 0.0099174 0.0144244 0.999847 0.0111196 0.0 0.0 0.0 1.0
stairs/seq-03/color/frame-000237.color.png stairs/seq-03/color/frame-000240.color.png 0.999762 0.00120649 -0.021766 0.0543888 -0.00146869 0.999927 -0.0120327 0.0192074 0.0217499 0.0120618 0.999691 -0.00119042 0.0 0.0 0.0 1.0
stairs/seq-03/color/frame-000240.color.png stairs/seq-03/color/frame-000243.color.png 0.999803 -0.00332921 -0.0195532 0.0595493 0.00322387 0.99998 -0.00541788 0.00180137 0.0195708 0.00535383 0.999794 -0.0043565 0.0 0.0 0.0 1.0
stairs/seq-03/color/frame-000243.color.png stairs/seq-03/color/frame-000246.color.png 0.999771 0.00353682 -0.0210985 0.0498815 -0.00364393 0.999981 -0.00503517 0.00768316 0.0210803 0.0051109 0.999765 0.00945377 0.0 0.0 0.0 1.0
stairs/seq-03/color/frame-000246.color.png stairs/seq-03/color/frame-000249.color.png 0.999805 0.0124227 -0.0153392 0.0551865 -0.0124467 0.999921 -0.0014783 0.0107061 0.0153196 0.00166882 0.999881 -0.00968802 0.0 0.0 0.0 1.0
stairs/seq-03/color/frame-000249.color.png stairs/seq-03/color/frame-000252.color.png 0.999825 0.0172353 -0.00723624 0.0324792 -0.0172162 0.999848 0.00270553 0.0199317 0.00728174 -0.00258039 0.99997 -0.0029844 0.0 0.0 0.0 1.0
stairs/seq-03/color/frame-000252.color.png stairs/seq-03/color/frame-000255.color.png 0.999858 0.0164156 0.00391065 0.0108231 -0.0164243 0.999863 0.00222797 0.0138283 -0.00387355 -0.00229192 0.99999 0.0103476 0.0 0.0 0.0 1.0
stairs/seq-03/color/frame-000255.color.png stairs/seq-03/color/frame-000258.color.png 0.999942 0.00257574 0.0104432 -0.0206973 -0.0026583 0.999965 0.00789228 -0.015664 -0.0104225 -0.00791956 0.999914 0.0024215 0.0 0.0 0.0 1.0
stairs/seq-03/color/frame-000258.color.png stairs/seq-03/color/frame-000261.color.png 0.999647 -0.00396184 0.0262806 -0.0452884 0.00389036 0.999989 0.00277123 -0.0118073 -0.0262912 -0.00266806 0.999651 0.0335776 0.0 0.0 0.0 1.0
stairs/seq-03/color/frame-000261.color.png stairs/seq-03/color/frame-000264.color.png 0.999929 0.00107461 0.0118579 -0.023635 -0.00117173 0.999966 0.00819039 -0.0237321 -0.0118488 -0.00820363 0.999896 0.0193411 0.0 0.0 0.0 1.0
stairs/seq-03/color/frame-000264.color.png stairs/seq-03/color/frame-000267.color.png 0.999953 -0.00179334 -0.00951634 0.0067628 0.00187952 0.999957 0.00905313 -0.0237191 0.00949977 -0.00907063 0.999914 0.0037173 0.0 0.0 0.0 1.0
stairs/seq-03/color/frame-000267.color.png stairs/seq-03/color/frame-000270.color.png 0.999987 -0.00293557 -0.00411779 0.00906545 0.00290286 0.999964 -0.00791857 0.00515789 0.0041409 0.00790659 0.99996 0.00504935 0.0 0.0 0.0 1.0
stairs/seq-03/color/frame-000270.color.png stairs/seq-03/color/frame-000273.color.png 0.999892 -0.00823928 -0.0121374 0.0146964 0.00820427 0.999962 -0.00293412 -0.024514 0.0121611 0.00283416 0.999922 0.0103606 0.0 0.0 0.0 1.0
stairs/seq-03/color/frame-000273.color.png stairs/seq-03/color/frame-000276.color.png 0.999964 0.00423417 -0.00729134 0.00967336 -0.00427614 0.999974 -0.00574352 0.0153083 0.00726683 0.00577454 0.999957 -0.0024426 0.0 0.0 0.0 1.0
stairs/seq-03/color/frame-000276.color.png stairs/seq-03/color/frame-000279.color.png 0.999975 -0.00177236 0.00681042 -0.0140134 0.00175193 0.999994 0.00300308 -0.0107772 -0.0068157 -0.00299103 0.999972 0.0124464 0.0 0.0 0.0 1.0
stairs/seq-03/color/frame-000279.color.png stairs/seq-03/color/frame-000282.color.png 0.999967 0.00401261 0.00710562 -0.00996804 -0.00403859 0.999985 0.0036388 0.000498235 -0.0070909 -0.00366736 0.999968 0.00704527 0.0 0.0 0.0 1.0
stairs/seq-03/color/frame-000282.color.png stairs/seq-03/color/frame-000285.color.png 0.999998 -0.00198963 -0.000113762 0.00046885 0.00199161 0.999767 0.0214809 -0.0444639 7.10106e-05 -0.0214812 0.999769 -0.00513923 0.0 0.0 0.0 1.0
stairs/seq-03/color/frame-000285.color.png stairs/seq-03/color/frame-000288.color.png 0.999858 0.00175348 -0.0167474 0.0322909 -0.00149166 0.999877 0.0156281 0.000416338 0.0167727 -0.0156008 0.999738 -0.0339595 0.0 0.0 0.0 1.0
stairs/seq-03/color/frame-000288.color.png stairs/seq-03/color/frame-000291.color.png 0.99982 0.0140682 -0.0127548 0.0253951 -0.0139666 0.99987 0.00802258 0.0123304 0.0128659 -0.00784305 0.999886 -0.0229266 0.0 0.0 0.0 1.0
stairs/seq-03/color/frame-000291.color.png stairs/seq-03/color/frame-000294.color.png 0.999875 0.00276701 -0.0155775 0.0261568 -0.00254891 0.999899 0.0140081 -0.0132596 0.0156147 -0.0139666 0.99978 -0.0173476 0.0 0.0 0.0 1.0
stairs/seq-03/color/frame-000294.color.png stairs/seq-03/color/frame-000297.color.png 0.999977 0.00584027 -0.00335198 0.004888 -0.00580215 0.99992 0.0112722 0.00819224 0.00341763 -0.0112527 0.999931 -0.0329528 0.0 0.0 0.0 1.0
stairs/seq-03/color/frame-000297.color.png stairs/seq-03/color/frame-000300.color.png 0.999761 -0.00573068 0.0210902 -0.0475112 0.00576957 0.999982 -0.00178316 0.00965142 -0.0210796 0.00190451 0.999776 -0.00665021 0.0 0.0 0.0 1.0
stairs/seq-03/color/frame-000300.color.png stairs/seq-03/color/frame-000303.color.png 0.999498 -0.00416307 0.0314072 -0.0851418 0.00392605 0.999963 0.00760557 -0.0155971 -0.0314377 -0.00747843 0.999478 0.011565 0.0 0.0 0.0 1.0
stairs/seq-03/color/frame-000303.color.png stairs/seq-03/color/frame-000306.color.png 0.999761 -0.0156118 0.0153373 -0.0734449 0.0156132 0.999878 2.75519e-05 -0.00253361 -0.0153359 0.000211896 0.999882 -0.0251961 0.0 0.0 0.0 1.0
stairs/seq-03/color/frame-000306.color.png stairs/seq-03/color/frame-000309.color.png 0.999798 -0.0112404 0.0166745 -0.0649482 0.0113677 0.999907 -0.00755865 0.0115716 -0.016588 0.00774662 0.999832 -0.018263 0.0 0.0 0.0 1.0
stairs/seq-03/color/frame-000309.color.png stairs/seq-03/color/frame-000312.color.png 0.999749 -0.00550044 0.0217321 -0.0619196 0.00521342 0.999899 0.0132398 -0.0107833 -0.0218028 -0.0131232 0.999676 -0.0181355 0.0 0.0 0.0 1.0
stairs/seq-03/color/frame-000312.color.png stairs/seq-03/color/frame-000315.color.png 0.99984 0.000765277 0.0178986 -0.0506582 -0.000923166 0.999961 0.00881431 0.000624418 -0.0178911 -0.0088293 0.999801 -0.0101576 0.0 0.0 0.0 1.0
stairs/seq-03/color/frame-000315.color.png stairs/seq-03/color/frame-000318.color.png 0.999948 -0.010098 0.00158426 -0.0264559 0.0101066 0.999934 -0.00548692 0.00256896 -0.00152884 0.00550265 0.999984 -0.0133705 0.0 0.0 0.0 1.0
stairs/seq-03/color/frame-000318.color.png stairs/seq-03/color/frame-000321.color.png 0.999947 0.00813629 0.00627122 -0.0147281 -0.00819418 0.999924 0.00925245 0.00204152 -0.0061954 -0.00930328 0.999938 -0.018662 0.0 0.0 0.0 1.0
stairs/seq-03/color/frame-000321.color.png stairs/seq-03/color/frame-000324.color.png 0.999966 0.00798787 -0.00201227 0.00384748 -0.00799786 0.999955 -0.00501148 0.0133678 0.00197215 0.00502741 0.999985 -0.0156367 0.0 0.0 0.0 1.0
stairs/seq-03/color/frame-000324.color.png stairs/seq-03/color/frame-000327.color.png 0.999934 0.00876073 -0.00743783 0.0164134 -0.0089553 0.999607 -0.0265477 0.0508292 0.00720229 0.0266125 0.99962 -0.0101013 0.0 0.0 0.0 1.0
stairs/seq-03/color/frame-000327.color.png stairs/seq-03/color/frame-000330.color.png 0.999847 -0.010258 -0.014151 0.0224162 0.010148 0.999918 -0.00781976 0.0159045 0.0142301 0.00767493 0.999869 -0.0332174 0.0 0.0 0.0 1.0
stairs/seq-03/color/frame-000330.color.png stairs/seq-03/color/frame-000333.color.png 0.999922 -0.0117812 -0.00408866 -0.00488013 0.0118153 0.999895 0.00840518 0.00766563 0.00398919 -0.00845294 0.999956 -0.02037 0.0 0.0 0.0 1.0
stairs/seq-03/color/frame-000333.color.png stairs/seq-03/color/frame-000336.color.png 0.99973 0.00521478 -0.0226305 0.0457987 -0.00481991 0.999836 0.0174673 -0.00942189 0.0227179 -0.0173535 0.999591 -0.0538207 0.0 0.0 0.0 1.0
stairs/seq-03/color/frame-000336.color.png stairs/seq-03/color/frame-000339.color.png 0.999675 -0.015678 0.0201165 -0.0302781 0.0156493 0.999876 0.00158207 -0.00457263 -0.0201388 -0.00126673 0.999796 -0.0193818 0.0 0.0 0.0 1.0
stairs/seq-03/color/frame-000339.color.png stairs/seq-03/color/frame-000342.color.png 0.999965 -0.00695561 0.00471379 -0.00653082 0.00701375 0.999898 -0.0124212 0.0168217 -0.00462686 0.0124539 0.999912 -0.0198879 0.0 0.0 0.0 1.0
stairs/seq-03/color/frame-000342.color.png stairs/seq-03/color/frame-000345.color.png 0.999981 0.00157303 0.00602154 -0.00285518 -0.00151683 0.999955 -0.0093261 0.00528139 -0.00603593 0.00931675 0.999938 -0.0239 0.0 0.0 0.0 1.0
stairs/seq-03/color/frame-000345.color.png stairs/seq-03/color/frame-000348.color.png 0.999739 0.0193931 -0.0120427 0.0277518 -0.0195691 0.999701 -0.0146679 0.0267543 0.0117546 0.0148998 0.99982 -0.0167955 0.0 0.0 0.0 1.0
stairs/seq-03/color/frame-000348.color.png stairs/seq-03/color/frame-000351.color.png 0.999511 0.026901 -0.0159441 0.044304 -0.0262785 0.998931 0.0380429 -0.03582 0.0169504 -0.0376052 0.999149 -0.0525851 0.0 0.0 0.0 1.0
stairs/seq-03/color/frame-000351.color.png stairs/seq-03/color/frame-000354.color.png 0.99951 -0.0139301 -0.0280363 0.0207524 0.0141745 0.999863 0.00853814 -0.0058912 0.0279135 -0.0089314 0.99957 -0.0286857 0.0 0.0 0.0 1.0
stairs/seq-03/color/frame-000354.color.png stairs/seq-03/color/frame-000357.color.png 0.996746 0.00107686 -0.0806022 0.0903856 -0.00175362 0.999964 -0.00832615 0.00236326 0.0805903 0.00844027 0.996712 -0.0461314 0.0 0.0 0.0 1.0
stairs/seq-03/color/frame-000357.color.png stairs/seq-03/color/frame-000360.color.png 0.999748 0.0129454 -0.0183593 0.0482729 -0.0136251 0.999208 -0.0373926 0.0439472 0.0178607 0.0376334 0.999132 0.011829 0.0 0.0 0.0 1.0
stairs/seq-03/color/frame-000360.color.png stairs/seq-03/color/frame-000363.color.png 0.999755 -0.0107188 -0.0193582 0.0356402 0.010339 0.999754 -0.0196201 0.0123299 0.0195638 0.0194151 0.99962 -0.0102007 0.0 0.0 0.0 1.0
stairs/seq-03/color/frame-000363.color.png stairs/seq-03/color/frame-000366.color.png 0.999112 0.0278166 -0.0316466 0.0777426 -0.0281894 0.999538 -0.0113952 0.0236036 0.0313151 0.0122772 0.999434 -0.00976658 0.0 0.0 0.0 1.0
stairs/seq-03/color/frame-000366.color.png stairs/seq-03/color/frame-000369.color.png 0.998456 0.0428961 -0.0353034 0.0926919 -0.0426475 0.99906 0.00776536 0.0143192 0.0356032 -0.00624769 0.999347 -0.00973296 0.0 0.0 0.0 1.0
stairs/seq-03/color/frame-000369.color.png stairs/seq-03/color/frame-000372.color.png 0.996884 0.0413703 -0.067159 0.131903 -0.0426023 0.998947 -0.0170167 0.0509827 0.0663843 0.0198249 0.997597 -0.0113237 0.0 0.0 0.0 1.0
stairs/seq-03/color/frame-000372.color.png stairs/seq-03/color/frame-000375.color.png 0.998589 0.016392 -0.0505027 0.096698 -0.0171636 0.999742 -0.0148824 0.0341883 0.0502457 0.0157283 0.998613 -0.00250256 0.0 0.0 0.0 1.0
stairs/seq-03/color/frame-000375.color.png stairs/seq-03/color/frame-000378.color.png 0.997182 0.0314537 -0.0681131 0.136077 -0.0325222 0.999364 -0.0146359 0.0421481 0.0676095 0.0168099 0.99757 -0.0214165 0.0 0.0 0.0 1.0
stairs/seq-03/color/frame-000378.color.png stairs/seq-03/color/frame-000381.color.png 0.999139 0.0206531 -0.0359925 0.0731539 -0.0209041 0.99976 -0.00660931 0.0333788 0.0358473 0.00735603 0.99933 -0.00294495 0.0 0.0 0.0 1.0
stairs/seq-03/color/frame-000381.color.png stairs/seq-03/color/frame-000384.color.png 0.998309 0.00807598 -0.0575666 0.0788233 -0.00915638 0.999786 -0.0185278 0.0233701 0.0574046 0.0190235 0.99817 -0.024146 0.0 0.0 0.0 1.0
stairs/seq-03/color/frame-000384.color.png stairs/seq-03/color/frame-000387.color.png 0.999587 0.0125364 -0.0258567 0.053894 -0.0126561 0.99991 -0.00447558 0.00576031 0.0257982 0.00480099 0.999656 -0.0142623 0.0 0.0 0.0 1.0
stairs/seq-03/color/frame-000387.color.png stairs/seq-03/color/frame-000390.color.png 0.999473 0.0320973 0.00489216 0.0212287 -0.0320775 0.999477 -0.00408129 0.0312597 -0.00502055 0.00392202 0.99998 0.012617 0.0 0.0 0.0 1.0
stairs/seq-03/color/frame-000390.color.png stairs/seq-03/color/frame-000393.color.png 0.999995 -0.00273347 -0.0014616 -0.00281996 0.00271729 0.999937 -0.0109223 -0.00380528 0.00149133 0.0109183 0.999939 0.0144404 0.0 0.0 0.0 1.0
stairs/seq-03/color/frame-000393.color.png stairs/seq-03/color/frame-000396.color.png 0.999789 -0.00967077 0.0181423 -0.0233226 0.00946385 0.99989 0.0114589 -0.0421904 -0.0182512 -0.0112846 0.99977 0.022279 0.0 0.0 0.0 1.0
stairs/seq-03/color/frame-000396.color.png stairs/seq-03/color/frame-000399.color.png 0.99951 -0.0152219 0.0273376 -0.0465756 0.0148008 0.99977 0.0155409 -0.0490143 -0.0275678 -0.0151287 0.999505 0.0292521 0.0 0.0 0.0 1.0
stairs/seq-03/color/frame-000399.color.png stairs/seq-03/color/frame-000402.color.png 0.999753 -0.00682999 0.021158 -0.0497306 0.00650628 0.999861 0.0153271 -0.0252339 -0.0212598 -0.0151857 0.999659 0.0306343 0.0 0.0 0.0 1.0
stairs/seq-03/color/frame-000402.color.png stairs/seq-03/color/frame-000405.color.png 0.999922 0.0115966 0.0045547 -0.0127328 -0.0116274 0.999909 0.00677748 -0.00523663 -0.00447582 -0.00682979 0.999967 0.0261462 0.0 0.0 0.0 1.0
stairs/seq-03/color/frame-000405.color.png stairs/seq-03/color/frame-000408.color.png 0.999832 0.0076143 -0.016678 0.0336579 -0.00771679 0.999952 -0.00609427 0.00335395 0.0166308 0.0062219 0.999842 0.00526369 0.0 0.0 0.0 1.0
stairs/seq-03/color/frame-000408.color.png stairs/seq-03/color/frame-000411.color.png 0.999411 0.031477 -0.0136802 0.070276 -0.0316453 0.999424 -0.0122595 0.0196201 0.0132865 0.0126853 0.999831 0.0119357 0.0 0.0 0.0 1.0
stairs/seq-03/color/frame-000411.color.png stairs/seq-03/color/frame-000414.color.png 0.999699 0.0191567 0.0153176 0.0218298 -0.01919 0.999814 0.00202366 0.0156141 -0.0152759 -0.0023171 0.999881 0.0420612 0.0 0.0 0.0 1.0
stairs/seq-03/color/frame-000414.color.png stairs/seq-03/color/frame-000417.color.png 0.999977 -0.000615037 -0.00677551 0.0276799 0.000619586 0.999999 0.000659322 -0.00264108 0.006775 -0.000663409 0.999977 0.0145929 0.0 0.0 0.0 1.0
stairs/seq-03/color/frame-000417.color.png stairs/seq-03/color/frame-000420.color.png 0.999943 0.00418143 -0.00986905 0.0404007 -0.00414079 0.999983 0.00412436 -0.00486857 0.00988611 -0.00408334 0.999943 0.00460744 0.0 0.0 0.0 1.0
stairs/seq-03/color/frame-000420.color.png stairs/seq-03/color/frame-000423.color.png 0.999943 -0.00676164 0.00823302 0.00987703 0.00669389 0.999944 0.00822363 -0.022785 -0.0082883 -0.00816796 0.999932 0.0191699 0.0 0.0 0.0 1.0
stairs/seq-03/color/frame-000423.color.png stairs/seq-03/color/frame-000426.color.png 0.999995 -0.000738035 0.00317923 0.0117384 0.00072121 0.999986 0.00524624 -0.00991279 -0.00318288 -0.00524414 0.999981 0.0106826 0.0 0.0 0.0 1.0
stairs/seq-03/color/frame-000426.color.png stairs/seq-03/color/frame-000429.color.png 0.999983 0.00497551 -0.00306594 0.0260103 -0.00495775 0.999971 0.00575483 -0.0116165 0.00309442 -0.0057394 0.999979 0.00546694 0.0 0.0 0.0 1.0
stairs/seq-03/color/frame-000429.color.png stairs/seq-03/color/frame-000432.color.png 0.999883 0.0142163 -0.00563617 0.0296011 -0.0142366 0.999892 -0.00358036 0.0115868 0.00558461 0.0036603 0.999978 0.0119369 0.0 0.0 0.0 1.0
stairs/seq-03/color/frame-000432.color.png stairs/seq-03/color/frame-000435.color.png 0.999959 0.00319251 -0.00851259 0.0171436 -0.00322195 0.999989 -0.00344851 0.00937688 0.00850155 0.0034758 0.999958 0.0180187 0.0 0.0 0.0 1.0
stairs/seq-03/color/frame-000435.color.png stairs/seq-03/color/frame-000438.color.png 0.99989 0.0108305 -0.0101007 0.0276856 -0.01081 0.999939 0.00209189 0.00542092 0.0101228 -0.00198259 0.999947 0.0090307 0.0 0.0 0.0 1.0
stairs/seq-03/color/frame-000438.color.png stairs/seq-03/color/frame-000441.color.png 0.999861 0.0135206 -0.00971269 0.0376455 -0.013517 0.999909 0.000422003 0.00983906 0.00971755 -0.000290647 0.999953 0.00700617 0.0 0.0 0.0 1.0
stairs/seq-03/color/frame-000441.color.png stairs/seq-03/color/frame-000444.color.png 0.99994 0.00554316 -0.0094697 0.0198948 -0.00550324 0.999976 0.00423793 -0.00224096 0.00949287 -0.0041854 0.999946 0.00461686 0.0 0.0 0.0 1.0
stairs/seq-03/color/frame-000444.color.png stairs/seq-03/color/frame-000447.color.png 0.999931 0.00436822 0.0109305 -0.00737524 -0.00448195 0.999936 0.0104056 -0.0121706 -0.0108844 -0.010454 0.999886 0.0120801 0.0 0.0 0.0 1.0
stairs/seq-03/color/frame-000447.color.png stairs/seq-03/color/frame-000450.color.png 0.999927 -0.0101955 0.00646848 -0.0232819 0.0101706 0.999941 0.00389003 -0.0164135 -0.00650755 -0.003824 0.999972 0.0122408 0.0 0.0 0.0 1.0
stairs/seq-03/color/frame-000450.color.png stairs/seq-03/color/frame-000453.color.png 0.999867 0.00272 0.0160881 -0.0195851 -0.00279327 0.999986 0.0045351 -0.0122342 -0.0160756 -0.00457936 0.99986 0.0200917 0.0 0.0 0.0 1.0
stairs/seq-03/color/frame-000453.color.png stairs/seq-03/color/frame-000456.color.png 0.99987 -0.0116803 0.011142 -0.0390464 0.0116534 0.999929 0.00247511 -0.0203881 -0.01117 -0.00234499 0.999935 0.0200624 0.0 0.0 0.0 1.0
stairs/seq-03/color/frame-000456.color.png stairs/seq-03/color/frame-000459.color.png 0.999915 -0.00297315 0.0126601 -0.0342622 0.00298765 0.999995 -0.0011198 -0.00683433 -0.0126568 0.00115755 0.999919 0.0252224 0.0 0.0 0.0 1.0
stairs/seq-03/color/frame-000459.color.png stairs/seq-03/color/frame-000462.color.png 0.999967 -0.00319559 0.00740712 -0.0205513 0.00320154 0.999995 -0.000794852 -0.0104359 -0.00740458 0.000818582 0.999972 0.0141182 0.0 0.0 0.0 1.0
stairs/seq-03/color/frame-000462.color.png stairs/seq-03/color/frame-000465.color.png 0.999975 -0.0013489 0.00696569 -0.016342 0.00133245 0.999996 0.00236912 -0.0160137 -0.00696883 -0.00235985 0.999973 0.00684941 0.0 0.0 0.0 1.0
stairs/seq-03/color/frame-000465.color.png stairs/seq-03/color/frame-000468.color.png 0.999944 -0.00384841 0.00990347 -0.0287125 0.00397827 0.999906 -0.01314 0.00874203 -0.00985201 0.0131788 0.999865 0.0239255 0.0 0.0 0.0 1.0
stairs/seq-03/color/frame-000468.color.png stairs/seq-03/color/frame-000471.color.png 0.999896 -0.00503094 -0.0134897 0.0200258 0.00481203 0.999857 -0.0162127 0.0127147 0.0135694 0.016146 0.999777 0.0019784 0.0 0.0 0.0 1.0
stairs/seq-03/color/frame-000471.color.png stairs/seq-03/color/frame-000474.color.png 0.99987 0.0116862 -0.011127 0.0322901 -0.0117481 0.999916 -0.00551752 0.0187927 0.0110617 0.00564755 0.999923 0.00633788 0.0 0.0 0.0 1.0
stairs/seq-03/color/frame-000474.color.png stairs/seq-03/color/frame-000477.color.png 0.999749 0.0207143 -0.00851183 0.0458795 -0.020732 0.999783 -0.00199031 0.0103106 0.00846874 0.00216621 0.999962 0.00878823 0.0 0.0 0.0 1.0
stairs/seq-03/color/frame-000477.color.png stairs/seq-03/color/frame-000480.color.png 0.999768 0.00980317 -0.0191679 0.0452034 -0.00997394 0.999911 -0.00883532 0.021557 0.0190796 0.00902432 0.999777 -0.00131321 0.0 0.0 0.0 1.0
stairs/seq-03/color/frame-000480.color.png stairs/seq-03/color/frame-000483.color.png 0.999867 0.010459 -0.0124868 0.0433886 -0.010486 0.999943 -0.00209637 0.00886768 0.0124641 0.00222722 0.99992 0.00423253 0.0 0.0 0.0 1.0
stairs/seq-03/color/frame-000483.color.png stairs/seq-03/color/frame-000486.color.png 0.999948 0.00421992 -0.00931014 0.0270177 -0.004263 0.99998 -0.00462908 0.0102082 0.00929042 0.00466849 0.999946 0.00628209 0.0 0.0 0.0 1.0
stairs/seq-03/color/frame-000486.color.png stairs/seq-03/color/frame-000489.color.png 0.999992 -0.00159272 -0.0035815 0.0227578 0.00157091 0.999981 -0.00604906 0.000146151 0.00359112 0.00604323 0.999975 0.00683308 0.0 0.0 0.0 1.0
stairs/seq-03/color/frame-000489.color.png stairs/seq-03/color/frame-000492.color.png 0.999995 -0.00200213 -0.00246541 0.00699723 0.00198327 0.999969 -0.00763576 0.00499511 0.00248066 0.00763093 0.999968 0.00912142 0.0 0.0 0.0 1.0
stairs/seq-03/color/frame-000492.color.png stairs/seq-03/color/frame-000495.color.png 0.999983 -0.00575114 0.00110272 0.00313556 0.00576202 0.999932 -0.0101092 0.00614434 -0.00104457 0.0101154 0.999948 0.0155152 0.0 0.0 0.0 1.0
stairs/seq-03/color/frame-000495.color.png stairs/seq-03/color/frame-000498.color.png 0.999997 0.00180062 -0.00134074 0.0126199 -0.00180341 0.999996 -0.00194994 0.000760794 0.00133721 0.00195248 0.999997 0.00578272 0.0 0.0 0.0 1.0
