redkitchen/seq-04/color/frame-000000.color.png redkitchen/seq-04/color/frame-000001.color.png 0.999989 0.00456192 -0.00115906 0.000378483 -0.00456351 0.999989 -0.00137916 -0.00126412 0.00115275 0.00138443 0.999998 0.00222681 0.0 0.0 0.0 1.0
redkitchen/seq-04/color/frame-000001.color.png redkitchen/seq-04/color/frame-000002.color.png 0.99998 0.00624987 -0.000690667 -0.00129142 -0.00625083 0.999979 -0.00139111 0.00132134 0.000681958 0.0013954 0.999999 0.000631526 0.0 0.0 0.0 1.0
redkitchen/seq-04/color/frame-000002.color.png redkitchen/seq-04/color/frame-000003.color.png 0.99999 0.00437732 0.000344936 0.000785124 -0.00437777 0.99999 0.00131132 0.00069505 -0.000339192 -0.00131282 0.999999 -0.000249723 0.0 0.0 0.0 1.0
redkitchen/seq-04/color/frame-000003.color.png redkitchen/seq-04/color/frame-000004.color.png 0.999998 0.00177707 0.00114531 -0.00107674 -0.00177957 0.999996 0.0021945 -0.00222596 -0.0011414 -0.00219653 0.999997 0.00120595 0.0 0.0 0.0 1.0
redkitchen/seq-04/color/frame-000004.color.png redkitchen/seq-04/color/frame-000005.color.png 0.999998 -0.0016352 0.000996987 0.000125454 0.00163447 0.999998 0.000723943 5.7287e-05 -0.000998169 -0.000722312 0.999999 0.00106952 0.0 0.0 0.0 1.0
redkitchen/seq-04/color/frame-000005.color.png redkitchen/seq-04/color/frame-000006.color.png 0.999995 -0.00254602 0.00192328 -0.00176283 0.00254187 0.999994 0.00215575 0.000375706 -0.00192875 -0.00215085 0.999996 -0.000365212 0.0 0.0 0.0 1.0
redkitchen/seq-04/color/frame-000006.color.png redkitchen/seq-04/color/frame-000007.color.png 0.999998 -0.00169182 0.000388839 0.00106419 0.00169044 0.999992 0.00352921 -0.000834364 -0.000394807 -0.00352855 0.999994 0.00235893 0.0 0.0 0.0 1.0
redkitchen/seq-04/color/frame-000007.color.png redkitchen/seq-04/color/frame-000008.color.png 0.999998 -0.00195099 0.000815873 0.000761959 0.00195007 0.999997 0.00111647 -0.00205368 -0.00081805 -0.00111488 0.999999 0.00203905 0.0 0.0 0.0 1.0
redkitchen/seq-04/color/frame-000008.color.png redkitchen/seq-04/color/frame-000009.color.png 0.999997 -0.00201822 0.00143382 0.000612095 0.00201869 0.999998 -0.000323674 0.00026157 -0.00143316 0.000326567 0.999999 0.00102548 0.0 0.0 0.0 1.0
redkitchen/seq-04/color/frame-000009.color.png redkitchen/seq-04/color/frame-000010.color.png 0.999999 -8.52317e-05 0.00160687 0.000907311 8.48032e-05 1.0 0.000266769 -0.000574223 -0.0016069 -0.000266635 0.999999 0.00107322 0.0 0.0 0.0 1.0
redkitchen/seq-04/color/frame-000010.color.png redkitchen/seq-04/color/frame-000011.color.png 0.999996 0.000208905 0.00270677 -0.00285396 -0.000210648 1.0 0.000643326 0.000998494 -0.00270663 -0.000643892 0.999996 -0.00201621 0.0 0.0 0.0 1.0
redkitchen/seq-04/color/frame-000011.color.png redkitchen/seq-04/color/frame-000012.color.png 0.999999 -0.000950287 0.000451895 0.00124498 0.000949004 0.999995 0.00283372 -0.00017202 -0.000454587 -0.00283329 0.999996 0.0030448 0.0 0.0 0.0 1.0
redkitchen/seq-04/color/frame-000012.color.png redkitchen/seq-04/color/frame-000013.color.png 0.999999 -0.000967524 0.000667638 0.00150242 0.000966427 0.999998 0.0016405 -0.00100286 -0.000669222 -0.00163985 0.999998 0.00125636 0.0 0.0 0.0 1.0
redkitchen/seq-04/color/frame-000013.color.png redkitchen/seq-04/color/frame-000014.color.png 0.999999 0.00092616 0.00127693 -0.00042221 -0.000926035 1.0 -9.80307e-05 0.000595423 -0.00127702 9.68484e-05 0.999999 0.00168841 0.0 0.0 0.0 1.0
redkitchen/seq-04/color/frame-000014.color.png redkitchen/seq-04/color/frame-000015.color.png 1.0 0.000259731 0.00010602 0.000827865 -0.000259968 0.999997 0.00224627 0.00103634 -0.000105433 -0.00224629 0.999998 -0.00126253 0.0 0.0 0.0 1.0
redkitchen/seq-04/color/frame-000015.color.png redkitchen/seq-04/color/frame-000016.color.png 1.0 0.000341085 0.000314332 0.000649132 -0.000342351 0.999992 0.00403183 -0.00326256 -0.000312955 -0.00403193 0.999992 0.00217179 0.0 0.0 0.0 1.0
redkitchen/seq-04/color/frame-000016.color.png redkitchen/seq-04/color/frame-000017.color.png 0.999999 0.000496925 0.00105375 0.00132466 -0.000495783 0.999999 -0.00108393 0.000865169 -0.00105429 0.00108341 0.999999 0.00148237 0.0 0.0 0.0 1.0
redkitchen/seq-04/color/frame-000017.color.png redkitchen/seq-04/color/frame-000018.color.png 0.999998 0.00162918 0.000996527 0.0025884 -0.00162874 0.999999 -0.000447413 -0.000260167 -0.000997255 0.000445788 0.999999 0.00256995 0.0 0.0 0.0 1.0
redkitchen/seq-04/color/frame-000018.color.png redkitchen/seq-04/color/frame-000019.color.png 0.999995 0.00279714 0.00162077 0.00150377 -0.00279572 0.999996 -0.000877028 0.000118007 -0.00162322 0.000872493 0.999998 -9.66657e-05 0.0 0.0 0.0 1.0
redkitchen/seq-04/color/frame-000019.color.png redkitchen/seq-04/color/frame-000020.color.png 0.999996 -0.000251187 0.00281432 -0.00234712 0.000249011 1.0 0.000774519 -0.00172801 -0.00281451 -0.000773813 0.999996 -0.000772063 0.0 0.0 0.0 1.0
redkitchen/seq-04/color/frame-000020.color.png redkitchen/seq-04/color/frame-000021.color.png 1.0 0.000197515 -1.28373e-05 0.00183369 -0.000197521 1.0 -0.000452294 0.000579596 1.27501e-05 0.000452296 1.0 0.00322415 0.0 0.0 0.0 1.0
redkitchen/seq-04/color/frame-000021.color.png redkitchen/seq-04/color/frame-000022.color.png 0.999984 0.00558538 -5.62679e-05 0.00228142 -0.00558542 0.999984 -0.000570761 -0.000123863 5.30746e-05 0.000571067 1.0 0.000306793 0.0 0.0 0.0 1.0
redkitchen/seq-04/color/frame-000022.color.png redkitchen/seq-04/color/frame-000023.color.png 0.999983 0.00560652 0.00132294 -0.000773421 -0.0056077 0.999984 0.000893575 -0.00208998 -0.00131791 -0.000900987 0.999999 0.000414394 0.0 0.0 0.0 1.0
redkitchen/seq-04/color/frame-000023.color.png redkitchen/seq-04/color/frame-000024.color.png 0.99999 0.00443293 0.000600917 -0.00332394 -0.00443451 0.999987 0.00264911 -0.00238986 -0.000589166 -0.00265174 0.999996 -0.000583719 0.0 0.0 0.0 1.0
redkitchen/seq-04/color/frame-000024.color.png redkitchen/seq-04/color/frame-000025.color.png 0.999964 0.00816131 -0.00245248 -0.00112119 -0.00814546 0.999946 0.006404 -0.00256579 0.00250462 -0.00638378 0.999977 -0.00105791 0.0 0.0 0.0 1.0
redkitchen/seq-04/color/frame-000025.color.png redkitchen/seq-04/color/frame-000026.color.png 0.999901 0.0135376 -0.00387379 0.00589392 -0.013518 0.999896 0.00504812 0.00344167 0.00394173 -0.00499526 0.99998 0.00705869 0.0 0.0 0.0 1.0
redkitchen/seq-04/color/frame-000026.color.png redkitchen/seq-04/color/frame-000027.color.png 0.99997 0.00778476 0.000129097 0.00287324 -0.00778515 0.999964 0.0032582 -0.00299701 -0.00010373 -0.0032591 0.999995 0.00348163 0.0 0.0 0.0 1.0
redkitchen/seq-04/color/frame-000027.color.png redkitchen/seq-04/color/frame-000028.color.png 0.999987 0.00508356 0.000329436 0.00094608 -0.00508355 0.999987 9.35349e-07 -0.00285215 -0.000329423 -2.60786e-06 1.0 0.000690646 0.0 0.0 0.0 1.0
redkitchen/seq-04/color/frame-000028.color.png redkitchen/seq-04/color/frame-000029.color.png 0.999994 0.00313128 0.00169778 -0.000269767 -0.00312946 0.999995 -0.00106932 0.00055389 -0.00170112 0.001064 0.999998 0.000774845 0.0 0.0 0.0 1.0
redkitchen/seq-04/color/frame-000029.color.png redkitchen/seq-04/color/frame-000030.color.png 0.999998 -0.00104115 -0.00170586 -0.00168667 0.0010423 0.999999 0.000683147 -0.0059298 0.00170515 -0.000684925 0.999998 0.00428297 0.0 0.0 0.0 1.0
redkitchen/seq-04/color/frame-000030.color.png redkitchen/seq-04/color/frame-000031.color.png 0.999934 -0.00697891 -0.0090642 0.00161703 0.00690906 0.999946 -0.00771529 -0.00201748 0.00911756 0.00765216 0.999929 0.0021488 0.0 0.0 0.0 1.0
redkitchen/seq-04/color/frame-000031.color.png redkitchen/seq-04/color/frame-000032.color.png 0.99997 -0.00443533 -0.00629841 0.0016731 0.00442019 0.999987 -0.0024176 0.000376295 0.00630906 0.00238969 0.999977 -0.000491373 0.0 0.0 0.0 1.0
redkitchen/seq-04/color/frame-000032.color.png redkitchen/seq-04/color/frame-000033.color.png 0.999997 -0.000938809 0.00220487 -0.0238794 0.000910802 0.999919 0.0126681 -0.00790894 -0.00221659 -0.012666 0.999917 -0.0129545 0.0 0.0 0.0 1.0
redkitchen/seq-04/color/frame-000033.color.png redkitchen/seq-04/color/frame-000034.color.png 0.999691 0.0177436 -0.0174378 0.0186677 -0.0175419 0.999778 0.0116507 0.00575631 0.0176407 -0.0113412 0.99978 0.0132952 0.0 0.0 0.0 1.0
redkitchen/seq-04/color/frame-000034.color.png redkitchen/seq-04/color/frame-000035.color.png 0.999964 0.00522333 -0.00660626 0.00807899 -0.00521754 0.999986 0.000891262 0.00354369 0.00661083 -0.000856767 0.999978 0.00614458 0.0 0.0 0.0 1.0
redkitchen/seq-04/color/frame-000035.color.png redkitchen/seq-04/color/frame-000036.color.png 0.99999 0.00342233 -0.0027214 -0.000361262 -0.00339838 0.999956 0.00875579 0.00252219 0.00275125 -0.00874646 0.999958 -0.00127205 0.0 0.0 0.0 1.0
redkitchen/seq-04/color/frame-000036.color.png redkitchen/seq-04/color/frame-000037.color.png 0.999984 0.00222855 -0.0052442 0.00296328 -0.00215315 0.999895 0.0143401 -0.00822808 0.0052756 -0.0143286 0.999883 0.00585912 0.0 0.0 0.0 1.0
redkitchen/seq-04/color/frame-000037.color.png redkitchen/seq-04/color/frame-000038.color.png 0.999976 -6.45409e-05 -0.00686473 -0.0063772 0.000134969 0.999947 0.0102604 0.00469243 0.00686371 -0.0102611 0.999924 0.00237064 0.0 0.0 0.0 1.0
redkitchen/seq-04/color/frame-000038.color.png redkitchen/seq-04/color/frame-000039.color.png 0.999934 0.0064602 -0.00953539 0.00380289 -0.0062831 0.999809 0.0184867 -0.00664764 0.009653 -0.0184256 0.999784 -0.00268481 0.0 0.0 0.0 1.0
redkitchen/seq-04/color/frame-000039.color.png redkitchen/seq-04/color/frame-000040.color.png 0.999927 0.0111731 -0.00468384 0.0036734 -0.0111127 0.999857 0.0127144 -0.00324958 0.00482524 -0.0126614 0.999908 0.00063853 0.0 0.0 0.0 1.0
redkitchen/seq-04/color/frame-000040.color.png redkitchen/seq-04/color/frame-000041.color.png 0.999845 0.0170856 -0.0041295 0.00129657 -0.0170431 0.999803 0.0101327 -0.0051996 0.0043018 -0.0100607 0.99994 0.00511866 0.0 0.0 0.0 1.0
redkitchen/seq-04/color/frame-000041.color.png redkitchen/seq-04/color/frame-000042.color.png 0.999857 0.0155369 -0.00666191 -2.58386e-05 -0.0154888 0.999854 0.00721598 -0.00221064 0.00677306 -0.00711179 0.999952 -0.000942964 0.0 0.0 0.0 1.0
redkitchen/seq-04/color/frame-000042.color.png redkitchen/seq-04/color/frame-000043.color.png 0.99998 0.00514403 -0.00371306 0.00195161 -0.00513372 0.999983 0.00279417 -0.00641242 0.00372737 -0.00277502 0.999989 0.00389781 0.0 0.0 0.0 1.0
redkitchen/seq-04/color/frame-000043.color.png redkitchen/seq-04/color/frame-000044.color.png 0.999989 0.00285317 -0.00363567 -0.00121076 -0.00286141 0.999993 -0.00227306 -0.00404656 0.00362916 0.00228342 0.999991 -0.000683453 0.0 0.0 0.0 1.0
redkitchen/seq-04/color/frame-000044.color.png redkitchen/seq-04/color/frame-000045.color.png 0.999954 0.00623519 -0.0073287 0.00256437 -0.00622606 0.99998 0.00126811 -0.00598412 0.00733646 -0.0012224 0.999972 -0.00088983 0.0 0.0 0.0 1.0
redkitchen/seq-04/color/frame-000045.color.png redkitchen/seq-04/color/frame-000046.color.png 0.999983 0.000790011 -0.0057576 0.000615308 -0.000787127 0.999999 0.000503485 -0.013419 0.00575798 -0.000498949 0.999983 -0.000600729 0.0 0.0 0.0 1.0
redkitchen/seq-04/color/frame-000046.color.png redkitchen/seq-04/color/frame-000047.color.png 0.999977 -0.00212557 -0.00640691 0.00562474 0.00211187 0.999996 -0.00214598 -0.00249358 0.00641145 0.00213239 0.999977 -0.00421771 0.0 0.0 0.0 1.0
redkitchen/seq-04/color/frame-000047.color.png redkitchen/seq-04/color/frame-000048.color.png 0.999979 0.0059602 -0.00242528 0.00167387 -0.00596137 0.999982 -0.00047025 -0.00577578 0.00242241 0.000484712 0.999997 -0.000341043 0.0 0.0 0.0 1.0
redkitchen/seq-04/color/frame-000048.color.png redkitchen/seq-04/color/frame-000049.color.png 0.999975 0.00701785 0.000306524 0.00234611 -0.00701656 0.999967 -0.00407402 -0.00700387 -0.000335091 0.00407179 0.999992 -0.00332392 0.0 0.0 0.0 1.0
redkitchen/seq-04/color/frame-000049.color.png redkitchen/seq-04/color/frame-000050.color.png 0.99999 0.00442699 -3.66817e-05 0.00124963 -0.00442688 0.99999 0.00104516 -0.00337797 4.13106e-05 -0.00104499 0.999999 -0.0035389 0.0 0.0 0.0 1.0
redkitchen/seq-04/color/frame-000050.color.png redkitchen/seq-04/color/frame-000051.color.png 0.999994 0.00316398 0.00161459 -0.000332141 -0.00317042 0.999987 0.00398969 -0.00911644 -0.00160195 -0.0039948 0.999991 0.00120816 0.0 0.0 0.0 1.0
redkitchen/seq-04/color/frame-000051.color.png redkitchen/seq-04/color/frame-000052.color.png 0.999998 -0.00171933 -0.000870056 -0.00276534 0.00171823 0.999998 -0.0012522 -0.00188707 0.000872209 0.00125073 0.999999 -0.0028121 0.0 0.0 0.0 1.0
redkitchen/seq-04/color/frame-000052.color.png redkitchen/seq-04/color/frame-000053.color.png 0.999962 0.00645789 -0.00585528 0.00263796 -0.00640619 0.999941 0.00880181 -0.0042586 0.00591176 -0.00876395 0.999944 -0.00313501 0.0 0.0 0.0 1.0
redkitchen/seq-04/color/frame-000053.color.png redkitchen/seq-04/color/frame-000054.color.png 0.999993 0.00324589 0.00211664 -0.000774294 -0.00325928 0.999975 0.00634674 -0.002945 -0.002096 -0.00635363 0.999978 -0.00155033 0.0 0.0 0.0 1.0
redkitchen/seq-04/color/frame-000054.color.png redkitchen/seq-04/color/frame-000055.color.png 0.999985 -0.00388437 -0.00391012 -0.00138474 0.00393243 0.999916 0.0123651 -0.0124525 0.0038618 -0.0123803 0.999916 0.00946558 0.0 0.0 0.0 1.0
redkitchen/seq-04/color/frame-000055.color.png redkitchen/seq-04/color/frame-000056.color.png 0.9998 0.013524 -0.0147534 0.00301404 -0.0133504 0.999841 0.0118013 -0.00320619 0.0149106 -0.011602 0.999822 -0.00858253 0.0 0.0 0.0 1.0
redkitchen/seq-04/color/frame-000056.color.png redkitchen/seq-04/color/frame-000057.color.png 0.999988 0.00369261 -0.00306047 0.00262531 -0.00368089 0.999986 0.00382455 -0.000937559 0.00307455 -0.00381326 0.999988 -0.000549197 0.0 0.0 0.0 1.0
redkitchen/seq-04/color/frame-000057.color.png redkitchen/seq-04/color/frame-000058.color.png 0.99999 0.00266287 -0.00351836 -0.00247949 -0.00262252 0.999931 0.011426 -0.0107038 0.00354853 -0.0114166 0.999929 0.000620347 0.0 0.0 0.0 1.0
redkitchen/seq-04/color/frame-000058.color.png redkitchen/seq-04/color/frame-000059.color.png 0.999925 0.0107495 -0.00591224 -0.00167223 -0.0107192 0.999929 0.00512741 -0.00146097 0.00596696 -0.00506369 0.999969 -0.00284005 0.0 0.0 0.0 1.0
redkitchen/seq-04/color/frame-000059.color.png redkitchen/seq-04/color/frame-000060.color.png 0.999973 -0.00320924 -0.00662025 0.00106994 0.00326624 0.999958 0.00862175 -0.00955322 0.0065923 -0.00864316 0.999941 0.00465679 0.0 0.0 0.0 1.0
redkitchen/seq-04/color/frame-000060.color.png redkitchen/seq-04/color/frame-000061.color.png 0.999965 0.00514667 -0.00665256 -7.6605e-05 -0.00511176 0.999973 0.0052566 -0.00460394 0.00667944 -0.00522232 0.999964 -0.00939362 0.0 0.0 0.0 1.0
redkitchen/seq-04/color/frame-000061.color.png redkitchen/seq-04/color/frame-000062.color.png 0.999995 -0.000655933 -0.0031071 0.00392213 0.000654939 1.0 -0.000318741 -0.00143479 0.00310731 0.000316697 0.999995 -0.00101094 0.0 0.0 0.0 1.0
redkitchen/seq-04/color/frame-000062.color.png redkitchen/seq-04/color/frame-000063.color.png 0.999962 -0.00829302 -0.00249945 -0.00448515 0.00831032 0.999941 0.00699784 -0.00471143 0.00244126 -0.00701835 0.999972 0.00392938 0.0 0.0 0.0 1.0
redkitchen/seq-04/color/frame-000063.color.png redkitchen/seq-04/color/frame-000064.color.png 0.999901 0.00768137 -0.01178 0.00191777 -0.00750562 0.999861 0.0148912 -0.00977673 0.0118927 -0.0148012 0.99982 -0.00729808 0.0 0.0 0.0 1.0
redkitchen/seq-04/color/frame-000064.color.png redkitchen/seq-04/color/frame-000065.color.png 0.999991 -0.0040087 -0.00161049 0.000883237 0.00401022 0.999992 0.000922362 -0.00799233 0.00160679 -0.000928835 0.999998 -0.00441051 0.0 0.0 0.0 1.0
redkitchen/seq-04/color/frame-000065.color.png redkitchen/seq-04/color/frame-000066.color.png 0.999919 -0.0123028 -0.0033861 -0.00109898 0.0123311 0.999888 0.00848091 -0.00802024 0.0032814 -0.00852201 0.999958 0.00340978 0.0 0.0 0.0 1.0
redkitchen/seq-04/color/frame-000066.color.png redkitchen/seq-04/color/frame-000067.color.png 0.999904 -0.0025983 -0.0136196 0.00345812 0.00287376 0.999791 0.020245 -0.0156945 0.0135641 -0.0202822 0.999702 0.00382804 0.0 0.0 0.0 1.0
redkitchen/seq-04/color/frame-000067.color.png redkitchen/seq-04/color/frame-000068.color.png 0.999962 -0.00685247 -0.00537189 -0.00609411 0.00688165 0.999962 0.00542886 -0.00143667 0.0053345 -0.00546558 0.999971 -0.00868374 0.0 0.0 0.0 1.0
redkitchen/seq-04/color/frame-000068.color.png redkitchen/seq-04/color/frame-000069.color.png 0.999986 0.00120928 -0.00509251 0.00277174 -0.00117871 0.999981 0.00599326 -0.00208682 0.00509961 -0.00598722 0.999969 -0.00853173 0.0 0.0 0.0 1.0
redkitchen/seq-04/color/frame-000069.color.png redkitchen/seq-04/color/frame-000070.color.png 0.999997 0.000759725 0.00254595 0.0143008 -0.000774832 0.999982 0.00592708 -0.02647 -0.00254137 -0.005929 0.999979 0.00085647 0.0 0.0 0.0 1.0
redkitchen/seq-04/color/frame-000070.color.png redkitchen/seq-04/color/frame-000071.color.png 0.999869 0.00411407 0.0156864 -0.0119916 -0.00390811 0.999906 -0.0131397 0.00257055 -0.0157389 0.0130767 0.999791 -0.00176693 0.0 0.0 0.0 1.0
redkitchen/seq-04/color/frame-000071.color.png redkitchen/seq-04/color/frame-000072.color.png 0.999997 -0.00214108 0.000916617 -0.000430431 0.0021397 0.999997 0.00147204 -0.0101779 -0.000919724 -0.0014701 0.999999 -0.00419514 0.0 0.0 0.0 1.0
redkitchen/seq-04/color/frame-000072.color.png redkitchen/seq-04/color/frame-000073.color.png 0.999977 -0.00598107 0.00303879 0.00692805 0.00598393 0.999982 -0.000919733 -0.00730205 -0.00303329 0.000937926 0.999995 0.00071073 0.0 0.0 0.0 1.0
redkitchen/seq-04/color/frame-000073.color.png redkitchen/seq-04/color/frame-000074.color.png 0.999944 0.000183506 0.0106053 -0.00596003 -9.0722e-05 0.999962 -0.00875197 -0.00503892 -0.0106064 0.00875052 0.999905 0.0011992 0.0 0.0 0.0 1.0
redkitchen/seq-04/color/frame-000074.color.png redkitchen/seq-04/color/frame-000075.color.png 0.999995 -0.00201908 0.00241397 -0.00418762 0.00202312 0.999997 -0.00165957 -0.00353724 -0.00241061 0.00166443 0.999996 -0.00466329 0.0 0.0 0.0 1.0
redkitchen/seq-04/color/frame-000075.color.png redkitchen/seq-04/color/frame-000076.color.png 0.999941 -0.0108586 -0.00102281 -0.0028746 0.0108619 0.999936 0.00320166 0.00421071 0.000987974 -0.00321265 0.999994 -0.00224194 0.0 0.0 0.0 1.0
redkitchen/seq-04/color/frame-000076.color.png redkitchen/seq-04/color/frame-000077.color.png 0.999967 -0.00767723 -0.00273915 -0.0110188 0.00770008 0.999935 0.00843938 -0.00782691 0.00267421 -0.00846012 0.999961 -0.00384293 0.0 0.0 0.0 1.0
redkitchen/seq-04/color/frame-000077.color.png redkitchen/seq-04/color/frame-000078.color.png 0.99988 -0.00612529 -0.0142291 0.0118979 0.00619093 0.99997 0.00457055 -0.0135259 0.0142006 -0.00465813 0.999888 -0.000200395 0.0 0.0 0.0 1.0
redkitchen/seq-04/color/frame-000078.color.png redkitchen/seq-04/color/frame-000079.color.png 0.999995 -0.00291314 -0.00119807 0.00770609 0.00291527 0.999994 0.00181386 -0.00690806 0.00119282 -0.00181734 0.999998 -0.00273099 0.0 0.0 0.0 1.0
redkitchen/seq-04/color/frame-000079.color.png redkitchen/seq-04/color/frame-000080.color.png 0.999983 -0.00104761 0.00573954 0.00113389 0.00103521 0.999997 0.00216419 -0.0156792 -0.00574182 -0.00215814 0.999981 0.00659976 0.0 0.0 0.0 1.0
redkitchen/seq-04/color/frame-000080.color.png redkitchen/seq-04/color/frame-000081.color.png 0.999936 -0.00317774 0.01087 -0.0024256 0.00334421 0.999877 -0.0153326 0.00571266 -0.01082 0.0153679 0.999823 -0.00520167 0.0 0.0 0.0 1.0
redkitchen/seq-04/color/frame-000081.color.png redkitchen/seq-04/color/frame-000082.color.png 0.99998 -0.00206461 0.00599573 -0.00119736 0.00206941 0.999997 -0.00079236 -0.00241411 -0.00599408 0.000804783 0.999982 -0.00422648 0.0 0.0 0.0 1.0
redkitchen/seq-04/color/frame-000082.color.png redkitchen/seq-04/color/frame-000083.color.png 0.999998 -0.000454612 0.00200473 -0.00334068 0.000445896 0.999991 0.00435234 -0.00954926 -0.0020067 -0.00435145 0.999988 0.00328789 0.0 0.0 0.0 1.0
redkitchen/seq-04/color/frame-000083.color.png redkitchen/seq-04/color/frame-000084.color.png 0.999989 -0.00428539 0.00167893 0.00340362 0.00429425 0.999977 -0.00531759 -0.00806585 -0.00165611 0.00532476 0.999984 -0.0010696 0.0 0.0 0.0 1.0
redkitchen/seq-04/color/frame-000084.color.png redkitchen/seq-04/color/frame-000085.color.png 0.999997 0.000218026 0.00223226 0.000360437 -0.000206918 0.999987 -0.00498773 0.000879914 -0.00223332 0.00498727 0.999985 -0.00140807 0.0 0.0 0.0 1.0
redkitchen/seq-04/color/frame-000085.color.png redkitchen/seq-04/color/frame-000086.color.png 1.0 -0.000185353 -3.78772e-05 2.77683e-05 0.000185419 1.0 0.000851434 -0.00538936 3.77073e-05 -0.000851479 1.0 -0.000826032 0.0 0.0 0.0 1.0
redkitchen/seq-04/color/frame-000086.color.png redkitchen/seq-04/color/frame-000087.color.png 0.999995 -0.0022942 0.00216299 0.00358109 0.00230167 0.999991 -0.00345667 -0.0102536 -0.00215503 0.00346161 0.999992 0.00142183 0.0 0.0 0.0 1.0
redkitchen/seq-04/color/frame-000087.color.png redkitchen/seq-04/color/frame-000088.color.png 0.999985 0.00210152 0.00500856 -0.00293094 -0.00207784 0.999987 -0.00473325 -0.00548059 -0.0050184 0.00472274 0.999976 -0.00411275 0.0 0.0 0.0 1.0
redkitchen/seq-04/color/frame-000088.color.png redkitchen/seq-04/color/frame-000089.color.png 0.999999 0.0012311 0.000221503 0.000352822 -0.00123092 0.999999 -0.000799246 -0.00351414 -0.000222564 0.000798993 1.0 -0.00259524 0.0 0.0 0.0 1.0
redkitchen/seq-04/color/frame-000089.color.png redkitchen/seq-04/color/frame-000090.color.png 0.999999 0.000338193 0.00123509 -0.000851739 -0.000339051 1.0 0.000701533 -0.00674379 -0.00123481 -0.000701969 0.999999 0.00116495 0.0 0.0 0.0 1.0
redkitchen/seq-04/color/frame-000090.color.png redkitchen/seq-04/color/frame-000091.color.png 0.999999 0.000753836 -0.000689612 -0.000568155 -0.00075424 1.0 -0.00058818 -0.0076912 0.000689157 0.000588719 1.0 -0.000751805 0.0 0.0 0.0 1.0
redkitchen/seq-04/color/frame-000091.color.png redkitchen/seq-04/color/frame-000092.color.png 0.999996 -0.00199362 -0.00207769 0.00162974 0.00199046 0.999997 -0.00152886 -0.00373697 0.00208074 0.00152473 0.999997 0.000842854 0.0 0.0 0.0 1.0
redkitchen/seq-04/color/frame-000092.color.png redkitchen/seq-04/color/frame-000093.color.png 0.999994 -0.00241148 -0.00249282 0.00103632 0.00240942 0.999997 -0.000832725 -0.0012036 0.0024948 0.000826745 0.999997 0.000937478 0.0 0.0 0.0 1.0
redkitchen/seq-04/color/frame-000093.color.png redkitchen/seq-04/color/frame-000094.color.png 0.99999 0.00225784 -0.00378346 0.0052483 -0.00225372 0.999997 0.00109463 -0.0130839 0.00378593 -0.00108612 0.999992 0.00244024 0.0 0.0 0.0 1.0
redkitchen/seq-04/color/frame-000094.color.png redkitchen/seq-04/color/frame-000095.color.png 0.999995 0.000164385 0.00305927 0.00586192 -0.000147618 0.999985 -0.00547879 0.00162259 -0.00306014 0.00547832 0.99998 -0.000327836 0.0 0.0 0.0 1.0
redkitchen/seq-04/color/frame-000095.color.png redkitchen/seq-04/color/frame-000096.color.png 0.999995 -0.000130388 0.00328057 -0.00377306 0.000128003 1.0 0.000728323 -0.00395241 -0.00328064 -0.000727886 0.999994 0.00111096 0.0 0.0 0.0 1.0
redkitchen/seq-04/color/frame-000096.color.png redkitchen/seq-04/color/frame-000097.color.png 0.999991 -0.00222455 -0.00350767 -0.00550191 0.00223891 0.999989 0.0040937 -0.00623909 0.00349852 -0.00410158 0.999985 -0.00300848 0.0 0.0 0.0 1.0
redkitchen/seq-04/color/frame-000097.color.png redkitchen/seq-04/color/frame-000098.color.png 0.999951 -0.00533653 -0.00833029 0.0100303 0.00538968 0.999965 0.00637356 -0.00587052 0.00829601 -0.00641812 0.999945 0.00479884 0.0 0.0 0.0 1.0
redkitchen/seq-04/color/frame-000098.color.png redkitchen/seq-04/color/frame-000099.color.png 0.999999 0.0010267 -0.00133292 0.00451811 -0.0010241 0.999998 0.00192667 -0.00653943 0.00133483 -0.0019253 0.999997 0.00211387 0.0 0.0 0.0 1.0
redkitchen/seq-04/color/frame-000099.color.png redkitchen/seq-04/color/frame-000100.color.png 0.999998 0.00180921 -0.000551092 0.00298339 -0.00180925 0.999998 2.39046e-06 -0.00279942 0.000551129 -1.36693e-06 1.0 0.00192639 0.0 0.0 0.0 1.0
redkitchen/seq-04/color/frame-000100.color.png redkitchen/seq-04/color/frame-000101.color.png 0.999999 -0.00018836 0.00117273 0.0020751 0.000185839 0.999998 0.00215591 -0.00537306 -0.00117316 -0.00215568 0.999997 0.00136768 0.0 0.0 0.0 1.0
redkitchen/seq-04/color/frame-000101.color.png redkitchen/seq-04/color/frame-000102.color.png 0.999997 0.00221652 -0.000330337 0.00251818 -0.0022158 0.999995 0.00219676 -0.0081346 0.00033522 -0.00219605 0.999997 0.00490214 0.0 0.0 0.0 1.0
redkitchen/seq-04/color/frame-000102.color.png redkitchen/seq-04/color/frame-000103.color.png 0.999995 0.00243374 -0.00215254 0.00770407 -0.00243568 0.999997 -0.000909662 -0.00533494 0.00215033 0.000914922 0.999997 0.00392547 0.0 0.0 0.0 1.0
redkitchen/seq-04/color/frame-000103.color.png redkitchen/seq-04/color/frame-000104.color.png 0.999999 0.00070387 0.00094294 0.000465676 -0.000703168 0.999999 -0.00076801 -0.00295851 -0.000943496 0.000767375 0.999999 0.00174057 0.0 0.0 0.0 1.0
redkitchen/seq-04/color/frame-000104.color.png redkitchen/seq-04/color/frame-000105.color.png 0.999988 0.00358087 -0.00325301 0.00509041 -0.00357306 0.999991 0.00240635 -0.00368094 0.0032616 -0.0023947 0.999992 0.00191845 0.0 0.0 0.0 1.0
redkitchen/seq-04/color/frame-000105.color.png redkitchen/seq-04/color/frame-000106.color.png 0.999999 0.00135254 -0.000811558 0.00471497 -0.00135282 0.999999 -0.000332129 -0.008616 0.000811113 0.000333243 1.0 0.0073374 0.0 0.0 0.0 1.0
redkitchen/seq-04/color/frame-000106.color.png redkitchen/seq-04/color/frame-000107.color.png 0.999995 0.00308373 7.57723e-05 0.0105224 -0.00308331 0.999984 -0.00466089 -0.00567865 -9.01709e-05 0.00466063 0.999989 0.00233632 0.0 0.0 0.0 1.0
redkitchen/seq-04/color/frame-000107.color.png redkitchen/seq-04/color/frame-000108.color.png 0.999973 0.00718686 0.00170887 0.00286443 -0.00718163 0.99997 -0.00304353 -0.00071454 -0.00173064 0.00303112 0.999994 0.00037035 0.0 0.0 0.0 1.0
redkitchen/seq-04/color/frame-000108.color.png redkitchen/seq-04/color/frame-000109.color.png 0.999991 0.00412586 0.000714865 0.00129306 -0.00412548 0.999991 -0.000548602 1.5825e-05 -0.000717163 0.000545644 1.0 0.0020858 0.0 0.0 0.0 1.0
redkitchen/seq-04/color/frame-000109.color.png redkitchen/seq-04/color/frame-000110.color.png 0.999999 -0.000408936 -0.00138039 0.00134782 0.000414738 0.999991 0.00421525 -0.00996172 0.00137865 -0.00421581 0.99999 0.0017348 0.0 0.0 0.0 1.0
redkitchen/seq-04/color/frame-000110.color.png redkitchen/seq-04/color/frame-000111.color.png 0.999987 -0.00248106 -0.00440499 -0.000548534 0.00249103 0.999994 0.00225044 -0.00354654 0.00439939 -0.0022614 0.999988 0.00154436 0.0 0.0 0.0 1.0
redkitchen/seq-04/color/frame-000111.color.png redkitchen/seq-04/color/frame-000112.color.png 0.999957 0.000494362 -0.00926094 0.0137172 -0.000427719 0.999974 0.00719592 -0.00745392 0.00926424 -0.0071916 0.999931 0.00357521 0.0 0.0 0.0 1.0
redkitchen/seq-04/color/frame-000112.color.png redkitchen/seq-04/color/frame-000113.color.png 0.999993 0.00383917 -0.000466467 0.0104477 -0.00383922 0.999993 -4.77162e-05 -0.00631776 0.000466297 4.94856e-05 1.0 0.00937076 0.0 0.0 0.0 1.0
redkitchen/seq-04/color/frame-000113.color.png redkitchen/seq-04/color/frame-000114.color.png 0.99998 0.000543484 0.00635552 0.0032905 -0.000485425 0.999958 -0.00912959 -0.00220603 -0.00636024 0.00912633 0.999938 0.0057473 0.0 0.0 0.0 1.0
redkitchen/seq-04/color/frame-000114.color.png redkitchen/seq-04/color/frame-000115.color.png 1.0 0.000633907 -0.000262658 0.00335064 -0.000634672 0.999996 -0.00287028 0.000269234 0.000260841 0.00287047 0.999996 0.000504419 0.0 0.0 0.0 1.0
redkitchen/seq-04/color/frame-000115.color.png redkitchen/seq-04/color/frame-000116.color.png 0.999993 -0.000494276 -0.00360997 0.00461441 0.000510041 0.99999 0.00437358 -0.0125045 0.00360777 -0.00437538 0.999984 0.00427897 0.0 0.0 0.0 1.0
redkitchen/seq-04/color/frame-000116.color.png redkitchen/seq-04/color/frame-000117.color.png 0.99999 -0.00402091 -0.00169968 0.00661337 0.00401406 0.999984 -0.00401158 -0.00403485 0.00171576 0.0040047 0.99999 0.00600082 0.0 0.0 0.0 1.0
redkitchen/seq-04/color/frame-000117.color.png redkitchen/seq-04/color/frame-000118.color.png 0.999995 0.00304937 -0.000837228 0.00616771 -0.00305369 0.999982 -0.00521531 -0.000657648 0.000821324 0.00521787 0.999986 0.00283189 0.0 0.0 0.0 1.0
redkitchen/seq-04/color/frame-000118.color.png redkitchen/seq-04/color/frame-000119.color.png 0.999991 0.00154746 -0.00381699 0.00683866 -0.00155164 0.999998 -0.00109885 -0.0050424 0.00381527 0.00110472 0.999992 0.00602892 0.0 0.0 0.0 1.0
redkitchen/seq-04/color/frame-000119.color.png redkitchen/seq-04/color/frame-000120.color.png 0.999993 -0.00246529 -0.00269925 0.00714049 0.00245855 0.999994 -0.00248916 -0.00087148 0.00270538 0.00248254 0.999993 0.00538223 0.0 0.0 0.0 1.0
redkitchen/seq-04/color/frame-000120.color.png redkitchen/seq-04/color/frame-000121.color.png 1.0 -9.65788e-05 -0.000117739 0.00500162 9.61996e-05 0.999995 -0.00305818 -0.00314486 0.000118028 0.00305817 0.999995 0.00396675 0.0 0.0 0.0 1.0
redkitchen/seq-04/color/frame-000121.color.png redkitchen/seq-04/color/frame-000122.color.png 0.999988 0.00312272 -0.00369303 0.00789642 -0.0031242 0.999995 -0.000389006 -0.00956815 0.0036918 0.000400569 0.999993 0.00223581 0.0 0.0 0.0 1.0
redkitchen/seq-04/color/frame-000122.color.png redkitchen/seq-04/color/frame-000123.color.png 0.999987 0.00185529 -0.00466526 0.00774072 -0.00186315 0.999997 -0.0016859 -0.0016332 0.00466209 0.0016946 0.999988 0.00771633 0.0 0.0 0.0 1.0
redkitchen/seq-04/color/frame-000123.color.png redkitchen/seq-04/color/frame-000124.color.png 1.0 0.000739376 -0.000437341 0.00430854 -0.000740393 0.999997 -0.00223836 -0.00311837 0.000435685 0.00223871 0.999997 0.000894085 0.0 0.0 0.0 1.0
redkitchen/seq-04/color/frame-000124.color.png redkitchen/seq-04/color/frame-000125.color.png 0.999997 0.00132176 -0.00185417 0.00333676 -0.00132483 0.999998 -0.00166259 4.47035e-05 0.001852 0.00166497 0.999997 0.00325476 0.0 0.0 0.0 1.0
redkitchen/seq-04/color/frame-000125.color.png redkitchen/seq-04/color/frame-000126.color.png 0.999991 -0.000468984 -0.00432054 0.00274003 0.000466799 1.0 -0.000515259 -0.00215724 0.00432078 0.000513237 0.999991 0.00244407 0.0 0.0 0.0 1.0
redkitchen/seq-04/color/frame-000126.color.png redkitchen/seq-04/color/frame-000127.color.png 0.999982 0.000284107 -0.00606164 0.00561176 -0.000269302 0.999997 0.00244475 -0.00586027 0.00606233 -0.00244306 0.999979 0.00154986 0.0 0.0 0.0 1.0
redkitchen/seq-04/color/frame-000127.color.png redkitchen/seq-04/color/frame-000128.color.png 0.999958 0.00428412 -0.0081119 0.00801037 -0.00429 0.999991 -0.000708154 0.00357381 0.0081088 0.000742964 0.999967 0.0016968 0.0 0.0 0.0 1.0
redkitchen/seq-04/color/frame-000128.color.png redkitchen/seq-04/color/frame-000129.color.png 0.999987 0.00153638 -0.00489639 0.00919978 -0.00153437 0.999999 0.000408325 -0.00161645 0.00489698 -0.000400834 0.999988 0.00611488 0.0 0.0 0.0 1.0
redkitchen/seq-04/color/frame-000129.color.png redkitchen/seq-04/color/frame-000130.color.png 0.999991 0.00363448 0.00228562 0.000224411 -0.00362413 0.999983 -0.00452846 0.00358209 -0.00230205 0.00452016 0.999987 0.00265372 0.0 0.0 0.0 1.0
redkitchen/seq-04/color/frame-000130.color.png redkitchen/seq-04/color/frame-000131.color.png 0.999992 0.00331641 -0.00222357 0.00733203 -0.00331812 0.999994 -0.00076882 -0.00113612 0.00222098 0.00077623 0.999997 0.00567815 0.0 0.0 0.0 1.0
redkitchen/seq-04/color/frame-000131.color.png redkitchen/seq-04/color/frame-000132.color.png 0.999997 -0.00188616 -0.00124473 0.000320792 0.00188885 0.999996 0.00218724 -0.00487256 0.0012406 -0.00218964 0.999997 0.00143555 0.0 0.0 0.0 1.0
redkitchen/seq-04/color/frame-000132.color.png redkitchen/seq-04/color/frame-000133.color.png 0.999989 -0.00428041 -0.00187525 -0.000655726 0.0042842 0.999989 0.0020234 -0.002235 0.00186663 -0.00203143 0.999996 0.00261933 0.0 0.0 0.0 1.0
redkitchen/seq-04/color/frame-000133.color.png redkitchen/seq-04/color/frame-000134.color.png 0.999984 -0.00134714 -0.00539074 0.00318955 0.00135342 0.999998 0.00116059 0.000128746 0.00538918 -0.00116785 0.999985 0.00633512 0.0 0.0 0.0 1.0
redkitchen/seq-04/color/frame-000134.color.png redkitchen/seq-04/color/frame-000135.color.png 0.999955 0.00752056 -0.00575906 0.0105872 -0.0074942 0.999961 0.00459305 0.0018146 0.00579334 -0.00454962 0.999973 0.00988419 0.0 0.0 0.0 1.0
redkitchen/seq-04/color/frame-000135.color.png redkitchen/seq-04/color/frame-000136.color.png 0.99999 -0.00371708 -0.0026439 -0.0020608 0.00371981 0.999993 0.00101864 -0.00417954 0.00264012 -0.00102846 0.999996 0.0046403 0.0 0.0 0.0 1.0
redkitchen/seq-04/color/frame-000136.color.png redkitchen/seq-04/color/frame-000137.color.png 0.999992 -0.000108584 -0.0040021 0.00267437 0.000104002 0.999999 -0.00114442 0.00313124 0.00400224 0.00114395 0.999991 0.00347008 0.0 0.0 0.0 1.0
redkitchen/seq-04/color/frame-000137.color.png redkitchen/seq-04/color/frame-000138.color.png 0.999993 -0.000424607 -0.00376774 0.0037289 0.00043374 0.999997 0.00242766 -0.00267002 0.00376673 -0.00242924 0.99999 0.00768144 0.0 0.0 0.0 1.0
redkitchen/seq-04/color/frame-000138.color.png redkitchen/seq-04/color/frame-000139.color.png 0.999992 -0.00265888 -0.00285916 0.000945792 0.0026563 0.999996 -0.000898958 0.00128889 0.00286153 0.000891383 0.999996 0.00679813 0.0 0.0 0.0 1.0
redkitchen/seq-04/color/frame-000139.color.png redkitchen/seq-04/color/frame-000140.color.png 0.999999 -0.000205176 -0.00164422 0.000942856 0.000205277 1.0 5.15466e-05 0.00153601 0.00164422 -5.19327e-05 0.999998 0.00473697 0.0 0.0 0.0 1.0
redkitchen/seq-04/color/frame-000140.color.png redkitchen/seq-04/color/frame-000141.color.png 0.999949 0.0100572 0.000222583 0.00780056 -0.010057 0.999949 -0.00121546 0.00293708 -0.000234848 0.00121317 0.999999 0.0162009 0.0 0.0 0.0 1.0
redkitchen/seq-04/color/frame-000141.color.png redkitchen/seq-04/color/frame-000142.color.png 0.999986 -0.00264399 0.00456417 -0.00269403 0.00263957 0.999996 0.000979762 -0.00134891 -0.00456673 -0.000967714 0.999989 0.00708486 0.0 0.0 0.0 1.0
redkitchen/seq-04/color/frame-000142.color.png redkitchen/seq-04/color/frame-000143.color.png 0.999999 -0.00118808 0.000737958 -0.000551984 0.0011853 0.999992 0.00373084 -0.00512573 -0.000742369 -0.00372997 0.999993 0.00802997 0.0 0.0 0.0 1.0
redkitchen/seq-04/color/frame-000143.color.png redkitchen/seq-04/color/frame-000144.color.png 0.999995 0.00222953 -0.00214178 0.000168413 -0.00222454 0.999995 0.00232892 -0.00147611 0.00214697 -0.00232412 0.999995 0.00803702 0.0 0.0 0.0 1.0
redkitchen/seq-04/color/frame-000144.color.png redkitchen/seq-04/color/frame-000145.color.png 1.0 -0.000228446 -0.000684814 0.00185589 0.000227373 0.999999 -0.0015472 0.00521153 0.000685156 0.001547 0.999998 0.00657395 0.0 0.0 0.0 1.0
redkitchen/seq-04/color/frame-000145.color.png redkitchen/seq-04/color/frame-000146.color.png 0.999996 -0.000870965 0.00255449 0.00399527 0.000871601 1.0 -0.000239425 -0.00106898 -0.0025543 0.000241654 0.999997 0.0144176 0.0 0.0 0.0 1.0
redkitchen/seq-04/color/frame-000146.color.png redkitchen/seq-04/color/frame-000147.color.png 0.999967 -0.000202639 0.00807987 -0.00677335 0.000209898 1.0 -0.000901362 -0.00242078 -0.00807971 0.00090306 0.999967 0.00882439 0.0 0.0 0.0 1.0
redkitchen/seq-04/color/frame-000147.color.png redkitchen/seq-04/color/frame-000148.color.png 0.999996 0.00190025 0.00184836 0.0010027 -0.001902 0.999998 0.000952964 -0.00178164 -0.00184653 -0.000956454 0.999998 0.00939971 0.0 0.0 0.0 1.0
redkitchen/seq-04/color/frame-000148.color.png redkitchen/seq-04/color/frame-000149.color.png 0.999999 0.000580034 0.00110135 -0.00301851 -0.000580979 0.999999 0.000837573 -0.00263458 -0.00110084 -0.000838218 0.999999 0.0129235 0.0 0.0 0.0 1.0
redkitchen/seq-04/color/frame-000149.color.png redkitchen/seq-04/color/frame-000150.color.png 0.99999 -0.00083077 0.0044505 -0.0196057 0.000779366 0.999933 0.0115515 -0.017405 -0.00445987 -0.0115478 0.999924 0.00563896 0.0 0.0 0.0 1.0
redkitchen/seq-04/color/frame-000150.color.png redkitchen/seq-04/color/frame-000151.color.png 0.999918 0.0030678 -0.0124003 0.00741903 -0.00290741 0.999912 0.0129337 -0.00623924 0.0124388 -0.0128966 0.999839 0.0109007 0.0 0.0 0.0 1.0
redkitchen/seq-04/color/frame-000151.color.png redkitchen/seq-04/color/frame-000152.color.png 0.999959 8.02695e-06 -0.00905782 0.00509679 2.34384e-05 0.999994 0.00346985 0.00423586 0.0090579 -0.00346994 0.999953 0.00636727 0.0 0.0 0.0 1.0
redkitchen/seq-04/color/frame-000152.color.png redkitchen/seq-04/color/frame-000153.color.png 0.999995 0.00116187 -0.00303727 0.0104151 -0.00116365 0.999999 -0.000573899 0.00457603 0.00303661 0.000577443 0.999995 0.0180142 0.0 0.0 0.0 1.0
redkitchen/seq-04/color/frame-000153.color.png redkitchen/seq-04/color/frame-000154.color.png 0.999956 0.00923944 0.00178487 0.012293 -0.00923436 0.999953 -0.00282731 0.00332618 -0.00181089 0.00281067 0.999994 0.0206635 0.0 0.0 0.0 1.0
redkitchen/seq-04/color/frame-000154.color.png redkitchen/seq-04/color/frame-000155.color.png 0.999882 0.0068667 0.0137244 -0.0134068 -0.00681697 0.99997 -0.00366491 0.000404477 -0.0137492 0.00357091 0.999899 0.00830564 0.0 0.0 0.0 1.0
redkitchen/seq-04/color/frame-000155.color.png redkitchen/seq-04/color/frame-000156.color.png 0.999975 -0.000404992 0.00706284 -0.00572479 0.000387893 0.999997 0.0024193 -0.00432253 -0.00706379 -0.0024165 0.999972 0.0099971 0.0 0.0 0.0 1.0
redkitchen/seq-04/color/frame-000156.color.png redkitchen/seq-04/color/frame-000157.color.png 0.999992 0.00103158 0.00384109 -0.00299251 -0.00105433 0.999982 0.00592547 -0.00832278 -0.00383491 -0.00592941 0.999975 0.0104465 0.0 0.0 0.0 1.0
redkitchen/seq-04/color/frame-000157.color.png redkitchen/seq-04/color/frame-000158.color.png 0.999998 0.00190394 0.00100628 0.00286911 -0.0019045 0.999998 0.000581111 0.000666678 -0.00100516 -0.000583076 0.999999 0.0153811 0.0 0.0 0.0 1.0
redkitchen/seq-04/color/frame-000158.color.png redkitchen/seq-04/color/frame-000159.color.png 0.999986 0.00293398 0.00443895 -0.000986144 -0.00292714 0.999995 -0.001545 0.000790954 -0.00444345 0.00153204 0.999989 0.0140576 0.0 0.0 0.0 1.0
redkitchen/seq-04/color/frame-000159.color.png redkitchen/seq-04/color/frame-000160.color.png 0.999983 0.00375268 0.00454812 0.00301568 -0.00374248 0.99999 -0.0022515 -0.000849485 -0.00455654 0.00223441 0.999987 0.0148784 0.0 0.0 0.0 1.0
redkitchen/seq-04/color/frame-000160.color.png redkitchen/seq-04/color/frame-000161.color.png 0.999947 -0.0034073 0.00972205 -0.0113924 0.00341326 0.999994 -0.000597582 -0.00264186 -0.00971999 0.000630697 0.999953 0.0127579 0.0 0.0 0.0 1.0
redkitchen/seq-04/color/frame-000161.color.png redkitchen/seq-04/color/frame-000162.color.png 0.999951 -0.00578943 0.00805228 -0.00808509 0.0057672 0.99998 0.00278038 -0.00928587 -0.00806818 -0.00273382 0.999964 0.00657234 0.0 0.0 0.0 1.0
redkitchen/seq-04/color/frame-000162.color.png redkitchen/seq-04/color/frame-000163.color.png 0.999998 -0.00152448 0.00137665 0.00118273 0.00151732 0.999985 0.00516551 -0.00636309 -0.0013845 -0.00516336 0.999986 0.0103633 0.0 0.0 0.0 1.0
redkitchen/seq-04/color/frame-000163.color.png redkitchen/seq-04/color/frame-000164.color.png 0.999993 0.000981 0.00353035 -0.00370535 -0.000984132 0.999999 0.000898939 0.00399011 -0.00352949 -0.000902516 0.999993 0.00968874 0.0 0.0 0.0 1.0
redkitchen/seq-04/color/frame-000164.color.png redkitchen/seq-04/color/frame-000165.color.png 0.999991 -0.00155887 0.00406483 0.00182498 0.00155627 0.999999 0.000631446 -0.000728548 -0.00406577 -0.00062508 0.999992 0.0133045 0.0 0.0 0.0 1.0
redkitchen/seq-04/color/frame-000165.color.png redkitchen/seq-04/color/frame-000166.color.png 0.999974 -0.0029689 0.00657724 -0.00562076 0.00294855 0.999991 0.00310086 -0.00821221 -0.00658641 -0.00308131 0.999974 0.0120357 0.0 0.0 0.0 1.0
redkitchen/seq-04/color/frame-000166.color.png redkitchen/seq-04/color/frame-000167.color.png 0.999996 -0.00251145 0.00144246 -0.0044886 0.00251242 0.999997 -0.000645213 -0.00250852 -0.00144084 0.000648818 0.999999 0.0143657 0.0 0.0 0.0 1.0
