redkitchen/seq-08/color/frame-000000.color.png redkitchen/seq-08/color/frame-000003.color.png 0.999734 0.00033702 -0.0230453 0.00825638 -0.000567515 0.99995 -0.00999603 0.00409036 0.0230408 0.0100065 0.999684 -0.000389958 0.0 0.0 0.0 1.0
redkitchen/seq-08/color/frame-000001.color.png redkitchen/seq-08/color/frame-000004.color.png 0.99989 -0.000122769 -0.0148353 0.0151784 -5.41337e-05 0.999929 -0.0119235 0.0109235 0.0148357 0.011923 0.999819 -0.00156699 0.0 0.0 0.0 1.0
redkitchen/seq-08/color/frame-000002.color.png redkitchen/seq-08/color/frame-000005.color.png 0.999999 0.000694768 0.00094977 0.00711554 -0.000688785 0.99998 -0.00628579 0.009721 -0.000954118 0.00628513 0.99998 -0.0043612 0.0 0.0 0.0 1.0
redkitchen/seq-08/color/frame-000003.color.png redkitchen/seq-08/color/frame-000006.color.png 0.999975 0.00059881 0.00705345 0.00132593 -0.000603929 1.0 0.000723552 0.00803928 -0.00705301 -0.000727792 0.999975 -0.00331349 0.0 0.0 0.0 1.0
redkitchen/seq-08/color/frame-000004.color.png redkitchen/seq-08/color/frame-000007.color.png 0.999985 0.000549818 0.00548415 0.00199583 -0.000583135 0.999981 0.00607545 0.00560299 -0.00548071 -0.00607855 0.999967 -0.00247634 0.0 0.0 0.0 1.0
redkitchen/seq-08/color/frame-000005.color.png redkitchen/seq-08/color/frame-000008.color.png 0.999984 0.000456419 0.00566497 0.00255329 -0.000504758 0.999964 0.00853447 0.00306296 -0.00566087 -0.00853719 0.999947 0.00234616 0.0 0.0 0.0 1.0
redkitchen/seq-08/color/frame-000006.color.png redkitchen/seq-08/color/frame-000009.color.png 0.999967 0.00160271 0.00797562 0.00159968 -0.00166841 0.999965 0.0082382 0.00211666 -0.00796213 -0.00825124 0.999934 -0.000414278 0.0 0.0 0.0 1.0
redkitchen/seq-08/color/frame-000007.color.png redkitchen/seq-08/color/frame-000010.color.png 0.999939 0.00287264 0.0106176 -0.00183138 -0.00296907 0.999954 0.0090775 9.66266e-05 -0.010591 -0.00910848 0.999902 -0.000688938 0.0 0.0 0.0 1.0
redkitchen/seq-08/color/frame-000008.color.png redkitchen/seq-08/color/frame-000011.color.png 0.999944 0.00521546 0.00925149 -0.00505294 -0.00531134 0.999932 0.0103699 -0.00118714 -0.00919678 -0.0104185 0.999904 -0.000311301 0.0 0.0 0.0 1.0
redkitchen/seq-08/color/frame-000009.color.png redkitchen/seq-08/color/frame-000012.color.png 0.999969 0.005834 0.00531745 -0.00841904 -0.00588706 0.999933 0.0100179 -0.000401992 -0.00525864 -0.0100489 0.999936 0.00217399 0.0 0.0 0.0 1.0
redkitchen/seq-08/color/frame-000010.color.png redkitchen/seq-08/color/frame-000013.color.png 0.999977 0.00673437 0.00132283 -0.0106427 -0.00674893 0.999913 0.0113355 -0.00124487 -0.00124638 -0.0113441 0.999935 0.00526755 0.0 0.0 0.0 1.0
redkitchen/seq-08/color/frame-000011.color.png redkitchen/seq-08/color/frame-000014.color.png 0.999969 0.00696041 -0.00369533 -0.00468386 -0.00692208 0.999923 0.0102848 0.00400259 0.00376663 -0.0102589 0.99994 0.00869184 0.0 0.0 0.0 1.0
redkitchen/seq-08/color/frame-000012.color.png redkitchen/seq-08/color/frame-000015.color.png 0.999971 0.0074066 -0.00202813 -0.00640764 -0.00737805 0.999878 0.0137404 -0.00214092 0.00212965 -0.013725 0.999904 0.00932728 0.0 0.0 0.0 1.0
redkitchen/seq-08/color/frame-000013.color.png redkitchen/seq-08/color/frame-000016.color.png 0.999962 0.00873333 -0.000674504 -0.00937544 -0.00872438 0.999886 0.0122954 -0.0004763 0.000781807 -0.012289 0.999924 0.0113815 0.0 0.0 0.0 1.0
redkitchen/seq-08/color/frame-000014.color.png redkitchen/seq-08/color/frame-000017.color.png 0.999957 0.00920829 0.000609196 -0.0210832 -0.00921617 0.999852 0.014539 -0.00587858 -0.000475227 -0.014544 0.999894 0.01029 0.0 0.0 0.0 1.0
redkitchen/seq-08/color/frame-000015.color.png redkitchen/seq-08/color/frame-000018.color.png 0.999915 0.00963168 -0.00880304 -0.0198299 -0.00950809 0.999857 0.0139751 -0.00575724 0.00893638 -0.0138902 0.999864 0.0127635 0.0 0.0 0.0 1.0
redkitchen/seq-08/color/frame-000016.color.png redkitchen/seq-08/color/frame-000019.color.png 0.999831 0.0103335 -0.0152141 -0.0223145 -0.0101257 0.999855 0.0136751 -0.00942141 0.0153532 -0.0135187 0.999791 0.0200533 0.0 0.0 0.0 1.0
redkitchen/seq-08/color/frame-000017.color.png redkitchen/seq-08/color/frame-000020.color.png 0.999633 0.0160438 -0.0218387 -0.0187423 -0.0158184 0.99982 0.0104539 -0.00795779 0.0220025 -0.0101046 0.999707 0.0178119 0.0 0.0 0.0 1.0
redkitchen/seq-08/color/frame-000018.color.png redkitchen/seq-08/color/frame-000021.color.png 0.999472 0.0220477 -0.0238776 -0.0188569 -0.0218383 0.999721 0.00899383 -0.00890804 0.0240692 -0.00846764 0.999674 0.0167155 0.0 0.0 0.0 1.0
redkitchen/seq-08/color/frame-000019.color.png redkitchen/seq-08/color/frame-000022.color.png 0.999347 0.02714 -0.0238389 -0.0232246 -0.026918 0.999592 0.00958555 -0.00973697 0.0240894 -0.0089376 0.99967 0.0171235 0.0 0.0 0.0 1.0
redkitchen/seq-08/color/frame-000020.color.png redkitchen/seq-08/color/frame-000023.color.png 0.999338 0.0241754 -0.027169 -0.0179177 -0.0239733 0.999683 0.00774119 -0.00844832 0.0273475 -0.00708473 0.999601 0.0222626 0.0 0.0 0.0 1.0
redkitchen/seq-08/color/frame-000021.color.png redkitchen/seq-08/color/frame-000024.color.png 0.999484 0.021676 -0.0236845 -0.0221533 -0.0215071 0.999742 0.0073635 -0.0127603 0.023838 -0.00685032 0.999692 0.0214081 0.0 0.0 0.0 1.0
redkitchen/seq-08/color/frame-000022.color.png redkitchen/seq-08/color/frame-000025.color.png 0.999514 0.0210143 -0.02304 -0.0199907 -0.0209173 0.999771 0.00444512 -0.0122686 0.0231281 -0.00396101 0.999725 0.0190477 0.0 0.0 0.0 1.0
redkitchen/seq-08/color/frame-000023.color.png redkitchen/seq-08/color/frame-000026.color.png 0.999532 0.0251397 -0.0174407 -0.0386824 -0.0250426 0.99967 0.00576509 -0.0197282 0.0175799 -0.00532563 0.999831 0.0178802 0.0 0.0 0.0 1.0
redkitchen/seq-08/color/frame-000024.color.png redkitchen/seq-08/color/frame-000027.color.png 0.999297 0.0271981 -0.0258081 -0.0360905 -0.0271338 0.999628 0.00284066 -0.0168068 0.0258758 -0.00213838 0.999663 0.014958 0.0 0.0 0.0 1.0
redkitchen/seq-08/color/frame-000025.color.png redkitchen/seq-08/color/frame-000028.color.png 0.999203 0.0306479 -0.0255859 -0.0513551 -0.0304615 0.999507 0.00764435 -0.0242156 0.0258076 -0.00685886 0.999643 0.0153029 0.0 0.0 0.0 1.0
redkitchen/seq-08/color/frame-000026.color.png redkitchen/seq-08/color/frame-000029.color.png 0.998565 0.0331431 -0.0420513 -0.0216399 -0.0329646 0.999444 0.0049304 -0.0136868 0.0421913 -0.00353713 0.999103 0.0282058 0.0 0.0 0.0 1.0
redkitchen/seq-08/color/frame-000027.color.png redkitchen/seq-08/color/frame-000030.color.png 0.998585 0.0363853 -0.038782 -0.0205844 -0.0362717 0.999335 0.00362893 -0.0152526 0.0388883 -0.0022171 0.999241 0.0338457 0.0 0.0 0.0 1.0
redkitchen/seq-08/color/frame-000028.color.png redkitchen/seq-08/color/frame-000031.color.png 0.998768 0.035877 -0.0342805 -0.0160017 -0.0358039 0.999355 0.00274258 -0.0171458 0.0343568 -0.00151185 0.999408 0.0384496 0.0 0.0 0.0 1.0
redkitchen/seq-08/color/frame-000029.color.png redkitchen/seq-08/color/frame-000032.color.png 0.999286 0.0315419 -0.0207928 -0.0359389 -0.0315014 0.999501 0.00227474 -0.025213 0.0208542 -0.00161811 0.999781 0.0362517 0.0 0.0 0.0 1.0
redkitchen/seq-08/color/frame-000030.color.png redkitchen/seq-08/color/frame-000033.color.png 0.999594 0.0271686 -0.00863011 -0.0662231 -0.0271478 0.999628 0.00252021 -0.0357115 0.00869538 -0.0022849 0.99996 0.0270828 0.0 0.0 0.0 1.0
redkitchen/seq-08/color/frame-000031.color.png redkitchen/seq-08/color/frame-000034.color.png 0.999592 0.0205624 -0.0198313 -0.048581 -0.0206333 0.999781 -0.00337655 -0.0265086 0.0197575 0.00378438 0.999798 0.0316838 0.0 0.0 0.0 1.0
redkitchen/seq-08/color/frame-000032.color.png redkitchen/seq-08/color/frame-000035.color.png 0.999466 0.0186031 -0.0268643 -0.0329405 -0.0186441 0.999825 -0.00127867 -0.025178 0.0268358 0.00177885 0.999638 0.0304322 0.0 0.0 0.0 1.0
redkitchen/seq-08/color/frame-000033.color.png redkitchen/seq-08/color/frame-000036.color.png 0.999495 0.0220162 -0.0229018 -0.0360754 -0.0220068 0.999758 0.000667491 -0.0300689 0.0229109 -0.000163158 0.999738 0.0312791 0.0 0.0 0.0 1.0
redkitchen/seq-08/color/frame-000034.color.png redkitchen/seq-08/color/frame-000037.color.png 0.999522 0.0252762 -0.0178147 -0.03825 -0.0253327 0.999675 -0.00295269 -0.0280839 0.0177343 0.00340256 0.999837 0.0343958 0.0 0.0 0.0 1.0
redkitchen/seq-08/color/frame-000035.color.png redkitchen/seq-08/color/frame-000038.color.png 0.999544 0.0246248 -0.017461 -0.0226229 -0.0247109 0.999683 -0.00473479 -0.0340316 0.0173389 0.0051641 0.999836 0.029244 0.0 0.0 0.0 1.0
redkitchen/seq-08/color/frame-000036.color.png redkitchen/seq-08/color/frame-000039.color.png 0.999832 0.0150547 -0.0104917 -0.0226964 -0.0151838 0.999809 -0.0123392 -0.0231538 0.0103039 0.0124964 0.999869 0.0299394 0.0 0.0 0.0 1.0
redkitchen/seq-08/color/frame-000037.color.png redkitchen/seq-08/color/frame-000040.color.png 0.999862 0.0159449 0.00461635 -0.0425726 -0.0158902 0.999806 -0.0116355 -0.0333179 -0.00480099 0.0115605 0.999922 0.0288923 0.0 0.0 0.0 1.0
redkitchen/seq-08/color/frame-000038.color.png redkitchen/seq-08/color/frame-000041.color.png 0.99984 0.0167938 0.00614472 -0.0453941 -0.0167253 0.999799 -0.0110324 -0.0342254 -0.00632872 0.0109279 0.99992 0.0303246 0.0 0.0 0.0 1.0
redkitchen/seq-08/color/frame-000039.color.png redkitchen/seq-08/color/frame-000042.color.png 0.999783 0.0206863 0.00254626 -0.0448613 -0.0206573 0.999727 -0.0109278 -0.0362938 -0.00277162 0.0108728 0.999937 0.0352293 0.0 0.0 0.0 1.0
redkitchen/seq-08/color/frame-000040.color.png redkitchen/seq-08/color/frame-000043.color.png 0.999754 0.0212837 -0.00629585 -0.0304827 -0.021361 0.999694 -0.0124732 -0.0476966 0.00602847 0.0126047 0.999902 0.0346526 0.0 0.0 0.0 1.0
redkitchen/seq-08/color/frame-000041.color.png redkitchen/seq-08/color/frame-000044.color.png 0.999874 0.0151505 -0.0047175 -0.0277189 -0.0152334 0.999721 -0.0180764 -0.0430753 0.00444229 0.018146 0.999825 0.0338636 0.0 0.0 0.0 1.0
redkitchen/seq-08/color/frame-000042.color.png redkitchen/seq-08/color/frame-000045.color.png 0.999934 0.00930815 -0.00679948 -0.0103448 -0.00944792 0.999739 -0.0208167 -0.0380649 0.00660392 0.0208796 0.99976 0.0233246 0.0 0.0 0.0 1.0
redkitchen/seq-08/color/frame-000043.color.png redkitchen/seq-08/color/frame-000046.color.png 0.999957 0.00854634 0.00367925 -0.023363 -0.00845572 0.999677 -0.0239722 -0.0310374 -0.00388297 0.0239401 0.999706 0.0275732 0.0 0.0 0.0 1.0
redkitchen/seq-08/color/frame-000044.color.png redkitchen/seq-08/color/frame-000047.color.png 0.999974 0.00529955 0.00499268 -0.0278753 -0.00516741 0.999645 -0.0261219 -0.0274722 -0.00512934 0.0260954 0.999646 0.0283919 0.0 0.0 0.0 1.0
redkitchen/seq-08/color/frame-000045.color.png redkitchen/seq-08/color/frame-000048.color.png 0.999983 -0.000325089 0.00587293 -0.0444667 0.00049334 0.999589 -0.0286629 -0.0159742 -0.00586121 0.0286653 0.999572 0.0384059 0.0 0.0 0.0 1.0
redkitchen/seq-08/color/frame-000046.color.png redkitchen/seq-08/color/frame-000049.color.png 0.999934 -0.00176449 -0.01138 -0.0209538 0.00153203 0.999791 -0.0204028 -0.022851 0.0114136 0.020384 0.999727 0.031976 0.0 0.0 0.0 1.0
redkitchen/seq-08/color/frame-000047.color.png redkitchen/seq-08/color/frame-000050.color.png 0.999996 0.00203258 0.00185412 -0.0543946 -0.00201721 0.999964 -0.00824125 -0.0414071 -0.00187079 0.00823747 0.999964 0.0341577 0.0 0.0 0.0 1.0
redkitchen/seq-08/color/frame-000048.color.png redkitchen/seq-08/color/frame-000051.color.png 0.999961 0.00761414 -0.00442362 -0.0288387 -0.00764912 0.999939 -0.0079498 -0.0504048 0.00436286 0.00798333 0.999958 0.0340893 0.0 0.0 0.0 1.0
redkitchen/seq-08/color/frame-000049.color.png redkitchen/seq-08/color/frame-000052.color.png 0.999962 0.00872132 -0.000827686 -0.0181369 -0.00872499 0.999951 -0.0046279 -0.0537224 0.000787254 0.00463494 0.999989 0.0229824 0.0 0.0 0.0 1.0
redkitchen/seq-08/color/frame-000050.color.png redkitchen/seq-08/color/frame-000053.color.png 0.999988 0.00403426 -0.00266537 -0.00945079 -0.00406255 0.999935 -0.0106683 -0.0333295 0.00262222 0.010679 0.999939 0.0200302 0.0 0.0 0.0 1.0
redkitchen/seq-08/color/frame-000051.color.png redkitchen/seq-08/color/frame-000054.color.png 0.999989 0.00144885 -0.0045656 -0.0128013 -0.00148843 0.999961 -0.00867405 -0.0296264 0.00455287 0.00868073 0.999952 0.0240285 0.0 0.0 0.0 1.0
redkitchen/seq-08/color/frame-000052.color.png redkitchen/seq-08/color/frame-000055.color.png 0.99993 -0.00722582 -0.00937266 -0.0155286 0.00716572 0.999954 -0.00642004 -0.0215771 0.00941862 0.00635242 0.999936 0.0277086 0.0 0.0 0.0 1.0
redkitchen/seq-08/color/frame-000053.color.png redkitchen/seq-08/color/frame-000056.color.png 0.999792 -0.00872079 -0.018443 -0.0109578 0.00865173 0.999955 -0.00382246 -0.0240953 0.0184754 0.00366211 0.999823 0.0314543 0.0 0.0 0.0 1.0
redkitchen/seq-08/color/frame-000054.color.png redkitchen/seq-08/color/frame-000057.color.png 0.999727 -0.00127184 -0.0233462 0.00637951 0.00139358 0.999985 0.00520079 -0.0505641 0.0233393 -0.0052319 0.999714 0.0215784 0.0 0.0 0.0 1.0
redkitchen/seq-08/color/frame-000055.color.png redkitchen/seq-08/color/frame-000058.color.png 0.999959 0.0024947 -0.00871265 -0.005346 -0.00249959 0.999997 -0.000555259 -0.0476714 0.0087112 0.00057702 0.999962 0.0222276 0.0 0.0 0.0 1.0
redkitchen/seq-08/color/frame-000056.color.png redkitchen/seq-08/color/frame-000059.color.png 0.99996 0.00826855 -0.00332582 0.00843143 -0.00828543 0.999953 -0.00510129 -0.05095 0.00328349 0.00512864 0.999981 0.0162884 0.0 0.0 0.0 1.0
redkitchen/seq-08/color/frame-000057.color.png redkitchen/seq-08/color/frame-000060.color.png 0.999997 -0.000420327 0.00224429 0.000398308 0.000447812 0.999925 -0.0122403 -0.0351033 -0.00223896 0.0122413 0.999922 0.0211422 0.0 0.0 0.0 1.0
redkitchen/seq-08/color/frame-000058.color.png redkitchen/seq-08/color/frame-000061.color.png 0.999951 -0.00964763 -0.00217082 -0.00429827 0.00961312 0.999835 -0.0153845 -0.0141475 0.00231887 0.0153628 0.999879 0.0238856 0.0 0.0 0.0 1.0
redkitchen/seq-08/color/frame-000059.color.png redkitchen/seq-08/color/frame-000062.color.png 0.999948 -0.00595301 -0.00832828 0.00447166 0.00591481 0.999972 -0.0046036 -0.03582 0.00835542 0.00455411 0.999955 0.0213405 0.0 0.0 0.0 1.0
redkitchen/seq-08/color/frame-000060.color.png redkitchen/seq-08/color/frame-000063.color.png 0.999976 0.00430718 -0.00540831 0.0150161 -0.00432157 0.999987 -0.00264247 -0.0517211 0.00539684 0.00266577 0.999982 0.0153723 0.0 0.0 0.0 1.0
redkitchen/seq-08/color/frame-000061.color.png redkitchen/seq-08/color/frame-000064.color.png 0.999956 0.00853757 0.00376483 0.0205998 -0.00851 0.999937 -0.00728798 -0.056285 -0.00382676 0.00725561 0.999966 0.00932091 0.0 0.0 0.0 1.0
redkitchen/seq-08/color/frame-000062.color.png redkitchen/seq-08/color/frame-000065.color.png 0.999887 0.00293325 0.0147226 0.00381202 -0.00265517 0.999818 -0.0188741 -0.0242297 -0.0147753 0.0188329 0.999713 0.0160636 0.0 0.0 0.0 1.0
redkitchen/seq-08/color/frame-000063.color.png redkitchen/seq-08/color/frame-000066.color.png 0.999903 -0.0105602 0.00904794 -0.003131 0.0107095 0.999805 -0.0166044 -0.0108731 -0.00887089 0.0166997 0.999821 0.0225796 0.0 0.0 0.0 1.0
redkitchen/seq-08/color/frame-000064.color.png redkitchen/seq-08/color/frame-000067.color.png 0.999977 -0.00593965 -0.00320117 0.00973463 0.00589639 0.999893 -0.0133654 -0.0123913 0.00328014 0.0133462 0.999906 0.0317163 0.0 0.0 0.0 1.0
redkitchen/seq-08/color/frame-000065.color.png redkitchen/seq-08/color/frame-000068.color.png 0.999989 0.00472146 -0.000111859 0.0151938 -0.0047221 0.999966 -0.00670605 -0.0323639 8.02015e-05 0.00670651 0.999977 0.0214468 0.0 0.0 0.0 1.0
redkitchen/seq-08/color/frame-000066.color.png redkitchen/seq-08/color/frame-000069.color.png 0.999938 0.00931884 0.00608028 0.0227099 -0.00926738 0.999921 -0.00844578 -0.0316135 -0.0061585 0.00838892 0.999946 0.0155399 0.0 0.0 0.0 1.0
redkitchen/seq-08/color/frame-000067.color.png redkitchen/seq-08/color/frame-000070.color.png 0.999913 0.00647447 0.0114801 0.0159715 -0.00635905 0.999929 -0.0100616 -0.0231091 -0.0115444 0.00998774 0.999884 0.0147078 0.0 0.0 0.0 1.0
redkitchen/seq-08/color/frame-000068.color.png redkitchen/seq-08/color/frame-000071.color.png 0.99993 0.00638167 0.00996229 0.0128459 -0.00627823 0.999927 -0.0103792 -0.0292616 -0.0100277 0.0103159 0.999896 0.0226631 0.0 0.0 0.0 1.0
redkitchen/seq-08/color/frame-000069.color.png redkitchen/seq-08/color/frame-000072.color.png 0.999994 0.00203139 0.00267946 0.0180354 -0.00200167 0.999937 -0.0110218 -0.0289377 -0.00270168 0.0110164 0.999936 0.0230865 0.0 0.0 0.0 1.0
redkitchen/seq-08/color/frame-000070.color.png redkitchen/seq-08/color/frame-000073.color.png 0.999983 -0.0049655 -0.00310838 0.0211582 0.00493794 0.999949 -0.00881868 -0.0245697 0.00315198 0.0088032 0.999956 0.0249542 0.0 0.0 0.0 1.0
redkitchen/seq-08/color/frame-000071.color.png redkitchen/seq-08/color/frame-000074.color.png 0.999986 -0.00451129 -0.00274478 0.0196627 0.00449765 0.999978 -0.00495947 -0.0204284 0.00276705 0.00494707 0.999984 0.025394 0.0 0.0 0.0 1.0
redkitchen/seq-08/color/frame-000072.color.png redkitchen/seq-08/color/frame-000075.color.png 0.999998 -0.0005497 -0.00189096 0.0313232 0.000553959 0.999997 0.00225856 -0.0340082 0.0018897 -0.0022596 0.999996 0.0221198 0.0 0.0 0.0 1.0
redkitchen/seq-08/color/frame-000073.color.png redkitchen/seq-08/color/frame-000076.color.png 0.999974 0.00218214 0.00691694 0.0430369 -0.0022337 0.99997 0.00745066 -0.0510446 -0.00690046 -0.00746592 0.999948 0.00338957 0.0 0.0 0.0 1.0
redkitchen/seq-08/color/frame-000074.color.png redkitchen/seq-08/color/frame-000077.color.png 0.999737 -0.00242846 0.0228188 0.0217612 0.00233551 0.999989 0.00409933 -0.0442502 -0.0228284 -0.00404496 0.999731 0.00727451 0.0 0.0 0.0 1.0
redkitchen/seq-08/color/frame-000075.color.png redkitchen/seq-08/color/frame-000078.color.png 0.999687 -0.0120656 0.0219377 0.0288304 0.011981 0.99992 0.00398506 -0.0341355 -0.021984 -0.00372099 0.999752 0.000195622 0.0 0.0 0.0 1.0
redkitchen/seq-08/color/frame-000076.color.png redkitchen/seq-08/color/frame-000079.color.png 0.99967 -0.01698 0.0192868 0.0194895 0.0168908 0.999846 0.00478039 -0.0217974 -0.019365 -0.00445306 0.999803 0.00174695 0.0 0.0 0.0 1.0
redkitchen/seq-08/color/frame-000077.color.png redkitchen/seq-08/color/frame-000080.color.png 0.999661 -0.0222658 0.0135073 0.0137502 0.0221799 0.999733 0.00647685 -0.015857 -0.013648 -0.00617508 0.999888 0.00693446 0.0 0.0 0.0 1.0
redkitchen/seq-08/color/frame-000078.color.png redkitchen/seq-08/color/frame-000081.color.png 0.999909 -0.0134516 -0.000176794 0.0245586 0.0134526 0.999878 0.00796072 -0.0180514 6.9673e-05 -0.00796239 0.999968 0.00141388 0.0 0.0 0.0 1.0
redkitchen/seq-08/color/frame-000079.color.png redkitchen/seq-08/color/frame-000082.color.png 0.999845 -0.0141975 0.0104056 0.00108348 0.0141729 0.999896 0.00243394 -0.00718194 -0.0104391 -0.00228609 0.999943 0.00784078 0.0 0.0 0.0 1.0
redkitchen/seq-08/color/frame-000080.color.png redkitchen/seq-08/color/frame-000083.color.png 0.999855 -0.01335 0.0106135 0.0219619 0.013313 0.999905 0.00355246 -0.0183138 -0.0106599 -0.00341063 0.999937 0.00826618 0.0 0.0 0.0 1.0
redkitchen/seq-08/color/frame-000081.color.png redkitchen/seq-08/color/frame-000084.color.png 0.999409 -0.0182657 0.0291132 0.0124852 0.0181198 0.999822 0.00526611 -0.0325922 -0.0292042 -0.00473546 0.999562 0.00209877 0.0 0.0 0.0 1.0
redkitchen/seq-08/color/frame-000082.color.png redkitchen/seq-08/color/frame-000085.color.png 0.999297 -0.0242054 0.0286334 0.0353895 0.0241596 0.999706 0.00194733 -0.0214902 -0.0286722 -0.00125417 0.999588 -0.000384361 0.0 0.0 0.0 1.0
redkitchen/seq-08/color/frame-000083.color.png redkitchen/seq-08/color/frame-000086.color.png 0.999076 -0.0301405 0.030652 0.0215136 0.0301405 0.999546 0.000461457 -0.01879 -0.030652 0.00046282 0.99953 -0.0106401 0.0 0.0 0.0 1.0
redkitchen/seq-08/color/frame-000084.color.png redkitchen/seq-08/color/frame-000087.color.png 0.998503 -0.0411192 0.0360785 -0.00655358 0.0413641 0.999126 -0.00606659 0.00238401 -0.0357975 0.00754986 0.999331 0.012406 0.0 0.0 0.0 1.0
redkitchen/seq-08/color/frame-000085.color.png redkitchen/seq-08/color/frame-000088.color.png 0.998424 -0.0450077 0.0335366 0.000800595 0.0452025 0.998965 -0.00507655 -0.00613058 -0.0332734 0.00658448 0.999425 0.0163625 0.0 0.0 0.0 1.0
redkitchen/seq-08/color/frame-000086.color.png redkitchen/seq-08/color/frame-000089.color.png 0.996294 -0.0505623 0.0695765 -0.0924087 0.0512603 0.998651 -0.00828268 0.00330997 -0.0690639 0.0118185 0.997542 -0.013995 0.0 0.0 0.0 1.0
redkitchen/seq-08/color/frame-000087.color.png redkitchen/seq-08/color/frame-000090.color.png 0.997585 -0.0477591 0.0504362 -0.0113386 0.0479217 0.998849 -0.00201758 -0.0111598 -0.0502818 0.00442968 0.998725 -0.00036487 0.0 0.0 0.0 1.0
redkitchen/seq-08/color/frame-000088.color.png redkitchen/seq-08/color/frame-000091.color.png 0.996986 -0.050303 0.0590582 -0.038269 0.0507523 0.998692 -0.00613127 0.00795317 -0.0586726 0.00911012 0.998236 0.00166589 0.0 0.0 0.0 1.0
redkitchen/seq-08/color/frame-000089.color.png redkitchen/seq-08/color/frame-000092.color.png 0.997909 -0.0472363 0.044109 0.00271547 0.0474372 0.998868 -0.00351822 0.0025484 -0.0438929 0.00560328 0.99902 0.00254083 0.0 0.0 0.0 1.0
redkitchen/seq-08/color/frame-000090.color.png redkitchen/seq-08/color/frame-000093.color.png 0.998063 -0.0438894 0.0440866 -0.0049683 0.0439914 0.999031 -0.0013437 0.00133699 -0.0439849 0.00328054 0.999027 0.00409618 0.0 0.0 0.0 1.0
redkitchen/seq-08/color/frame-000091.color.png redkitchen/seq-08/color/frame-000094.color.png 0.997956 -0.0439608 0.0463794 -0.0113188 0.0434815 0.998991 0.0112946 -0.0302236 -0.0468291 -0.00925481 0.99886 -0.0126536 0.0 0.0 0.0 1.0
redkitchen/seq-08/color/frame-000092.color.png redkitchen/seq-08/color/frame-000095.color.png 0.998826 -0.0271031 0.0401518 -0.0352618 0.0273119 0.999616 -0.00466155 0.0156686 -0.0400101 0.0057527 0.999183 0.000231415 0.0 0.0 0.0 1.0
redkitchen/seq-08/color/frame-000093.color.png redkitchen/seq-08/color/frame-000096.color.png 0.999102 -0.0309929 0.0289043 -0.00382139 0.0308019 0.999501 0.00703051 -0.00796354 -0.0291077 -0.00613389 0.999557 -0.00686681 0.0 0.0 0.0 1.0
redkitchen/seq-08/color/frame-000094.color.png redkitchen/seq-08/color/frame-000097.color.png 0.999369 -0.0220805 0.0278352 -0.00162187 0.0218951 0.999736 0.00694625 -0.0077312 -0.0279812 -0.0063324 0.999588 0.011128 0.0 0.0 0.0 1.0
redkitchen/seq-08/color/frame-000095.color.png redkitchen/seq-08/color/frame-000098.color.png 0.998187 -0.0371125 0.0473806 -0.00256763 0.0367394 0.999287 0.00872027 -0.00572997 -0.0476705 -0.00696372 0.998839 -0.00157097 0.0 0.0 0.0 1.0
redkitchen/seq-08/color/frame-000096.color.png redkitchen/seq-08/color/frame-000099.color.png 0.995368 -0.0406949 0.0870977 -0.122407 0.0396379 0.999119 0.0138327 -0.0182621 -0.0875838 -0.0103162 0.996104 -0.0104882 0.0 0.0 0.0 1.0
redkitchen/seq-08/color/frame-000097.color.png redkitchen/seq-08/color/frame-000100.color.png 0.998639 -0.0338989 0.0396387 0.0201514 0.033289 0.999318 0.0159469 -0.0230627 -0.0401523 -0.0146056 0.999087 -0.0115721 0.0 0.0 0.0 1.0
redkitchen/seq-08/color/frame-000098.color.png redkitchen/seq-08/color/frame-000101.color.png 0.999393 -0.030867 0.0161431 0.0268427 0.0306501 0.999439 0.0135159 -0.0261353 -0.0165512 -0.0130129 0.999778 0.0081529 0.0 0.0 0.0 1.0
redkitchen/seq-08/color/frame-000099.color.png redkitchen/seq-08/color/frame-000102.color.png 0.999327 -0.0210151 0.0300443 -0.000744596 0.0207936 0.999754 0.00766499 -0.00610769 -0.030198 -0.00703511 0.999519 0.00162062 0.0 0.0 0.0 1.0
redkitchen/seq-08/color/frame-000100.color.png redkitchen/seq-08/color/frame-000103.color.png 0.999215 -0.0188835 0.0348361 -0.00354014 0.0185574 0.999781 0.0096606 -0.0153893 -0.0350109 -0.00900654 0.999346 0.00325227 0.0 0.0 0.0 1.0
redkitchen/seq-08/color/frame-000101.color.png redkitchen/seq-08/color/frame-000104.color.png 0.997312 -0.0314157 0.0662004 -0.0453949 0.0327519 0.999279 -0.0191957 0.0759167 -0.0655496 0.0213123 0.997622 0.0592315 0.0 0.0 0.0 1.0
redkitchen/seq-08/color/frame-000102.color.png redkitchen/seq-08/color/frame-000105.color.png 0.997908 -0.0268928 0.0587905 -0.0217615 0.0262964 0.999595 0.0108952 0.00495803 -0.0590597 -0.00932641 0.998211 0.0105848 0.0 0.0 0.0 1.0
redkitchen/seq-08/color/frame-000103.color.png redkitchen/seq-08/color/frame-000106.color.png 0.998122 -0.0257101 0.0555938 -0.0140524 0.0248748 0.999568 0.0156656 -0.0039202 -0.0559726 -0.0142533 0.998331 0.0156367 0.0 0.0 0.0 1.0
redkitchen/seq-08/color/frame-000104.color.png redkitchen/seq-08/color/frame-000107.color.png 0.997977 -0.0297575 0.0561828 -0.0223395 0.0290108 0.99948 0.0140602 -0.00576526 -0.056572 -0.0124018 0.998322 0.010303 0.0 0.0 0.0 1.0
redkitchen/seq-08/color/frame-000105.color.png redkitchen/seq-08/color/frame-000108.color.png 0.999151 -0.022686 0.0343997 -0.00548416 0.0225221 0.999733 0.00514306 0.00446755 -0.0345072 -0.00436393 0.999395 0.00452238 0.0 0.0 0.0 1.0
redkitchen/seq-08/color/frame-000106.color.png redkitchen/seq-08/color/frame-000109.color.png 0.999099 -0.0189936 0.037943 -0.0181141 0.0190199 0.999819 -0.000332638 0.0209199 -0.0379298 0.00105401 0.99928 0.0186483 0.0 0.0 0.0 1.0
redkitchen/seq-08/color/frame-000107.color.png redkitchen/seq-08/color/frame-000110.color.png 0.999564 -0.0167313 0.0243247 0.0211299 0.0165469 0.999833 0.00776083 0.0060361 -0.0244506 -0.00735495 0.999674 -0.00201571 0.0 0.0 0.0 1.0
redkitchen/seq-08/color/frame-000108.color.png redkitchen/seq-08/color/frame-000111.color.png 0.997572 -0.0319656 0.0618798 -0.0412396 0.0304729 0.999225 0.0249181 -0.0284421 -0.0626284 -0.022972 0.997772 -0.00392652 0.0 0.0 0.0 1.0
redkitchen/seq-08/color/frame-000109.color.png redkitchen/seq-08/color/frame-000112.color.png 0.998975 -0.0310629 0.0329226 0.0393504 0.0305208 0.999392 0.0168428 -0.0127256 -0.0334258 -0.0158207 0.999316 0.0238409 0.0 0.0 0.0 1.0
redkitchen/seq-08/color/frame-000110.color.png redkitchen/seq-08/color/frame-000113.color.png 0.999137 -0.0251451 0.0330622 -0.00879858 0.0246733 0.999589 0.0146005 -0.021212 -0.0334158 -0.0137721 0.999347 0.00212663 0.0 0.0 0.0 1.0
redkitchen/seq-08/color/frame-000111.color.png redkitchen/seq-08/color/frame-000114.color.png 0.999365 -0.00806653 -0.0346985 0.178667 0.00805762 0.999967 -0.000396549 0.0209024 0.0347006 0.000116716 0.999398 0.0318092 0.0 0.0 0.0 1.0
redkitchen/seq-08/color/frame-000112.color.png redkitchen/seq-08/color/frame-000115.color.png 0.999756 -0.0167631 0.0144273 0.011301 0.0167105 0.999853 0.00376343 0.0109349 -0.0144882 -0.00352142 0.999889 0.0170136 0.0 0.0 0.0 1.0
redkitchen/seq-08/color/frame-000113.color.png redkitchen/seq-08/color/frame-000116.color.png 0.999364 -0.0268658 0.0234442 0.0128582 0.026836 0.999639 0.00158519 0.0213374 -0.0234783 -0.00095502 0.999724 0.0300466 0.0 0.0 0.0 1.0
redkitchen/seq-08/color/frame-000114.color.png redkitchen/seq-08/color/frame-000117.color.png 0.999773 -0.0175663 0.012076 0.015962 0.0174136 0.999768 0.0126352 -0.0166429 -0.0122951 -0.0124221 0.999847 0.00373077 0.0 0.0 0.0 1.0
redkitchen/seq-08/color/frame-000115.color.png redkitchen/seq-08/color/frame-000118.color.png 0.999601 -0.0207403 0.0191901 -0.000223711 0.0206412 0.999773 0.00535012 -0.00541544 -0.0192968 -0.00495189 0.999801 0.0163138 0.0 0.0 0.0 1.0
redkitchen/seq-08/color/frame-000116.color.png redkitchen/seq-08/color/frame-000119.color.png 0.999467 -0.0124002 -0.030186 0.143317 0.0128549 0.999806 0.0149167 -0.0297843 0.0299952 -0.0152968 0.999433 -0.0180627 0.0 0.0 0.0 1.0
redkitchen/seq-08/color/frame-000117.color.png redkitchen/seq-08/color/frame-000120.color.png 0.999378 -0.0319902 0.0148233 0.00744984 0.032034 0.999483 -0.00273349 0.0252727 -0.0147281 0.00320664 0.999886 0.024537 0.0 0.0 0.0 1.0
redkitchen/seq-08/color/frame-000118.color.png redkitchen/seq-08/color/frame-000121.color.png 0.999433 -0.0324016 0.00916261 0.00112274 0.0324132 0.999474 -0.00111956 0.0176446 -0.00912143 0.00141592 0.999958 0.0283462 0.0 0.0 0.0 1.0
redkitchen/seq-08/color/frame-000119.color.png redkitchen/seq-08/color/frame-000122.color.png 0.999745 -0.0225327 -0.00175562 0.0112863 0.0225404 0.999736 0.00449716 -0.00670451 0.00165388 -0.00453558 0.999988 0.00885612 0.0 0.0 0.0 1.0
redkitchen/seq-08/color/frame-000120.color.png redkitchen/seq-08/color/frame-000123.color.png 0.999822 -0.0181557 -0.00518711 0.0211705 0.0182241 0.999743 0.0134555 -0.0280318 0.00494145 -0.0135476 0.999896 -0.0115972 0.0 0.0 0.0 1.0
redkitchen/seq-08/color/frame-000121.color.png redkitchen/seq-08/color/frame-000124.color.png 0.999868 -0.0140899 -0.00804999 0.0452295 0.0141677 0.999853 0.00969329 -0.00487137 0.00791217 -0.00980607 0.999921 -0.0198553 0.0 0.0 0.0 1.0
redkitchen/seq-08/color/frame-000122.color.png redkitchen/seq-08/color/frame-000125.color.png 0.999631 -0.0262051 0.00707529 0.0209565 0.0260626 0.999469 0.0195387 -0.0207046 -0.00758353 -0.0193471 0.999784 -0.00705564 0.0 0.0 0.0 1.0
redkitchen/seq-08/color/frame-000123.color.png redkitchen/seq-08/color/frame-000126.color.png 0.999739 -0.0213858 -0.00806999 0.0613765 0.0214047 0.999768 0.00225627 0.0468577 0.00801992 -0.0024284 0.999965 0.00827527 0.0 0.0 0.0 1.0
redkitchen/seq-08/color/frame-000124.color.png redkitchen/seq-08/color/frame-000127.color.png 0.999675 -0.0177483 -0.0183127 0.06867 0.0178616 0.999822 0.00604122 0.019973 0.0182022 -0.00636634 0.999814 -0.019098 0.0 0.0 0.0 1.0
redkitchen/seq-08/color/frame-000125.color.png redkitchen/seq-08/color/frame-000128.color.png 0.999748 -0.0204215 -0.00930038 0.0159838 0.0204351 0.99979 0.00136696 0.0305165 0.00927044 -0.00155668 0.999956 -0.00180233 0.0 0.0 0.0 1.0
redkitchen/seq-08/color/frame-000126.color.png redkitchen/seq-08/color/frame-000129.color.png 0.999803 -0.012339 -0.0155341 0.0344058 0.0126034 0.999775 0.017036 0.00270116 0.0153204 -0.0172284 0.999734 -0.0104303 0.0 0.0 0.0 1.0
redkitchen/seq-08/color/frame-000127.color.png redkitchen/seq-08/color/frame-000130.color.png 0.999557 -0.0168576 -0.0245251 0.0668983 0.0175648 0.999428 0.028912 -0.00474328 0.0240237 -0.02933 0.999281 -0.0173836 0.0 0.0 0.0 1.0
redkitchen/seq-08/color/frame-000128.color.png redkitchen/seq-08/color/frame-000131.color.png 0.99997 -0.00495146 -0.00603949 0.0523188 0.00500807 0.999943 0.00939453 0.0586081 0.0059927 -0.00942448 0.999938 0.0243175 0.0 0.0 0.0 1.0
redkitchen/seq-08/color/frame-000129.color.png redkitchen/seq-08/color/frame-000132.color.png 0.999929 -0.0103082 -0.00601124 0.0404847 0.010396 0.999837 0.0147656 0.00699306 0.00585809 -0.0148271 0.999873 -0.00964391 0.0 0.0 0.0 1.0
redkitchen/seq-08/color/frame-000130.color.png redkitchen/seq-08/color/frame-000133.color.png 0.999899 -0.0100545 0.0100778 0.0164038 0.00990121 0.999836 0.01515 0.00599623 -0.0102283 -0.0150487 0.999835 -0.00754321 0.0 0.0 0.0 1.0
redkitchen/seq-08/color/frame-000131.color.png redkitchen/seq-08/color/frame-000134.color.png 0.999911 -0.0104442 -0.00822539 0.0790442 0.0108176 0.998849 0.0467353 -0.0750357 0.00772774 -0.0468201 0.998873 -0.0451656 0.0 0.0 0.0 1.0
redkitchen/seq-08/color/frame-000132.color.png redkitchen/seq-08/color/frame-000135.color.png 0.99936 -0.0178235 0.031011 -0.013611 0.016843 0.999359 0.0315968 -0.010365 -0.0315543 -0.0310543 0.999019 -0.010309 0.0 0.0 0.0 1.0
redkitchen/seq-08/color/frame-000133.color.png redkitchen/seq-08/color/frame-000136.color.png 0.999864 -0.0103533 0.0128263 0.0116348 0.0101979 0.999874 0.0121236 0.019684 -0.0129502 -0.0119912 0.999844 -0.00168395 0.0 0.0 0.0 1.0
redkitchen/seq-08/color/frame-000134.color.png redkitchen/seq-08/color/frame-000137.color.png 0.999888 -0.0100116 0.0111113 0.0159635 0.00986987 0.99987 0.0127374 0.0178468 -0.0112373 -0.0126263 0.999857 -0.00803196 0.0 0.0 0.0 1.0
redkitchen/seq-08/color/frame-000135.color.png redkitchen/seq-08/color/frame-000138.color.png 0.999816 -0.0106733 0.0159308 0.0118665 0.0104085 0.999808 0.0166161 0.0145331 -0.0161051 -0.0164472 0.999735 -0.012561 0.0 0.0 0.0 1.0
redkitchen/seq-08/color/frame-000136.color.png redkitchen/seq-08/color/frame-000139.color.png 0.999574 -0.0130717 0.0260822 0.0122515 0.0123683 0.99956 0.0269538 0.0175601 -0.0264231 -0.0266197 0.999296 -0.0154746 0.0 0.0 0.0 1.0
redkitchen/seq-08/color/frame-000137.color.png redkitchen/seq-08/color/frame-000140.color.png 0.99952 -0.014013 0.0276461 0.00133008 0.0133663 0.999636 0.0234407 0.0273928 -0.0279646 -0.0230599 0.999343 -0.0187953 0.0 0.0 0.0 1.0
redkitchen/seq-08/color/frame-000138.color.png redkitchen/seq-08/color/frame-000141.color.png 0.999805 -0.00790098 0.0181044 -0.000978231 0.00757912 0.999813 0.0177734 0.0163624 -0.0182415 -0.0176327 0.999678 -0.0129613 0.0 0.0 0.0 1.0
redkitchen/seq-08/color/frame-000139.color.png redkitchen/seq-08/color/frame-000142.color.png 0.999943 -0.0106202 0.000419152 0.0251306 0.0106113 0.999793 0.0173635 0.0194655 -0.000603363 -0.0173581 0.999849 -0.0421978 0.0 0.0 0.0 1.0
redkitchen/seq-08/color/frame-000140.color.png redkitchen/seq-08/color/frame-000143.color.png 0.999992 -0.00398518 0.000127972 0.0146478 0.0039812 0.999731 0.0228435 0.0175114 -0.000218985 -0.0228427 0.999739 -0.0303612 0.0 0.0 0.0 1.0
redkitchen/seq-08/color/frame-000141.color.png redkitchen/seq-08/color/frame-000144.color.png 0.999914 -0.0119619 0.00530694 0.0150107 0.0117402 0.999131 0.0400012 0.00943977 -0.00578086 -0.0399355 0.999186 -0.046658 0.0 0.0 0.0 1.0
redkitchen/seq-08/color/frame-000142.color.png redkitchen/seq-08/color/frame-000145.color.png 0.999946 -0.0103289 0.00128223 0.0168902 0.0102868 0.999515 0.0293979 0.00200441 -0.00158519 -0.0293831 0.999567 -0.0304656 0.0 0.0 0.0 1.0
redkitchen/seq-08/color/frame-000143.color.png redkitchen/seq-08/color/frame-000146.color.png 0.999883 -0.0124621 0.00889868 0.00661772 0.0122409 0.999625 0.0244954 0.00507247 -0.00920059 -0.0243836 0.99966 -0.0264328 0.0 0.0 0.0 1.0
redkitchen/seq-08/color/frame-000144.color.png redkitchen/seq-08/color/frame-000147.color.png 0.999874 -0.0122945 0.010039 0.00157866 0.0119912 0.999486 0.0297363 -0.0026502 -0.0103994 -0.0296121 0.999507 -0.0274231 0.0 0.0 0.0 1.0
redkitchen/seq-08/color/frame-000145.color.png redkitchen/seq-08/color/frame-000148.color.png 0.999748 -0.0172898 0.0143366 0.00498039 0.0168128 0.999322 0.0327562 0.0133217 -0.0148932 -0.0325069 0.999361 -0.0353701 0.0 0.0 0.0 1.0
redkitchen/seq-08/color/frame-000146.color.png redkitchen/seq-08/color/frame-000149.color.png 0.99986 -0.0149895 0.00750093 0.00528669 0.0147955 0.999571 0.0252836 -0.0023163 -0.0078767 -0.0251691 0.999652 -0.0275198 0.0 0.0 0.0 1.0
redkitchen/seq-08/color/frame-000147.color.png redkitchen/seq-08/color/frame-000150.color.png 0.999816 -0.0161636 0.0102871 -0.000372767 0.0159675 0.999695 0.0188658 0.00646171 -0.010589 -0.0186981 0.999769 -0.0286614 0.0 0.0 0.0 1.0
redkitchen/seq-08/color/frame-000148.color.png redkitchen/seq-08/color/frame-000151.color.png 0.999744 -0.0202151 0.0101668 0.00136644 0.0199782 0.999539 0.0228837 -0.00317806 -0.0106248 -0.0226748 0.999686 -0.0303908 0.0 0.0 0.0 1.0
redkitchen/seq-08/color/frame-000149.color.png redkitchen/seq-08/color/frame-000152.color.png 0.999477 -0.0252926 0.0201488 2.03252e-05 0.0247354 0.999317 0.0274352 0.0024932 -0.020829 -0.0269224 0.999421 -0.0347064 0.0 0.0 0.0 1.0
redkitchen/seq-08/color/frame-000150.color.png redkitchen/seq-08/color/frame-000153.color.png 0.999812 -0.0159648 0.0109895 0.00733721 0.0157693 0.99972 0.0176541 0.00229961 -0.0112682 -0.0174775 0.999784 -0.0307528 0.0 0.0 0.0 1.0
redkitchen/seq-08/color/frame-000151.color.png redkitchen/seq-08/color/frame-000154.color.png 0.999913 -0.00870037 0.009968 0.012046 0.00874845 0.99995 -0.00478582 0.051193 -0.00992583 0.0048726 0.999939 -0.0182967 0.0 0.0 0.0 1.0
redkitchen/seq-08/color/frame-000152.color.png redkitchen/seq-08/color/frame-000155.color.png 0.999851 -0.0141178 0.00991312 -0.00239098 0.014076 0.999892 0.00428234 0.0130693 -0.00997242 -0.00414211 0.999942 -0.0345004 0.0 0.0 0.0 1.0
redkitchen/seq-08/color/frame-000153.color.png redkitchen/seq-08/color/frame-000156.color.png 0.999746 -0.00802638 0.0210694 -0.0120474 0.0077992 0.999911 0.0108425 0.0290864 -0.0211545 -0.0106754 0.999719 -0.0212165 0.0 0.0 0.0 1.0
redkitchen/seq-08/color/frame-000154.color.png redkitchen/seq-08/color/frame-000157.color.png 0.999935 -0.00355024 0.0108366 -0.00307125 0.00343429 0.999937 0.010703 0.0156864 -0.0108739 -0.0106651 0.999884 -0.0185537 0.0 0.0 0.0 1.0
redkitchen/seq-08/color/frame-000155.color.png redkitchen/seq-08/color/frame-000158.color.png 0.999951 -0.00129984 0.00982145 -0.00968128 0.00113711 0.999862 0.0165467 0.0108133 -0.00984169 -0.0165347 0.999815 -0.0178703 0.0 0.0 0.0 1.0
redkitchen/seq-08/color/frame-000156.color.png redkitchen/seq-08/color/frame-000159.color.png 0.999804 -0.0136244 -0.0143786 0.0350583 0.0135614 0.999898 -0.00446951 0.0438736 0.014438 0.00427363 0.999887 -0.0385675 0.0 0.0 0.0 1.0
redkitchen/seq-08/color/frame-000157.color.png redkitchen/seq-08/color/frame-000160.color.png 0.999934 -0.0112218 -0.00257375 0.000445485 0.0112671 0.999768 0.0183535 0.00872946 0.00236718 -0.0183813 0.999828 -0.0292694 0.0 0.0 0.0 1.0
redkitchen/seq-08/color/frame-000158.color.png redkitchen/seq-08/color/frame-000161.color.png 0.999948 -0.00817438 -0.00610897 0.00430143 0.00823227 0.999921 0.00950783 0.00643983 0.00603084 -0.00955764 0.999936 -0.0213872 0.0 0.0 0.0 1.0
redkitchen/seq-08/color/frame-000159.color.png redkitchen/seq-08/color/frame-000162.color.png 0.99996 -0.00774162 -0.00453889 0.0111504 0.00777649 0.99994 0.00769109 0.00854778 0.00447913 -0.00772602 0.99996 -0.0249364 0.0 0.0 0.0 1.0
redkitchen/seq-08/color/frame-000160.color.png redkitchen/seq-08/color/frame-000163.color.png 0.9998 -0.00943472 0.0176247 -0.0192084 0.00942504 0.999955 0.000636515 0.0208541 -0.0176299 -0.000470249 0.999845 0.00322345 0.0 0.0 0.0 1.0
redkitchen/seq-08/color/frame-000161.color.png redkitchen/seq-08/color/frame-000164.color.png 0.999894 -0.00801812 0.0121394 -0.00289816 0.00797148 0.999961 0.00388458 0.0109366 -0.0121701 -0.00378744 0.999919 -0.0117362 0.0 0.0 0.0 1.0
redkitchen/seq-08/color/frame-000162.color.png redkitchen/seq-08/color/frame-000165.color.png 0.99969 -0.00891039 0.0232331 -0.0195847 0.00884659 0.999957 0.00284714 0.00474885 -0.0232574 -0.00264072 0.999726 -0.00100705 0.0 0.0 0.0 1.0
redkitchen/seq-08/color/frame-000163.color.png redkitchen/seq-08/color/frame-000166.color.png 0.999819 -0.00944917 0.0164978 -0.0216561 0.00950559 0.999949 -0.00334485 0.00976862 -0.0164654 0.00350111 0.999858 -0.00692323 0.0 0.0 0.0 1.0
redkitchen/seq-08/color/frame-000164.color.png redkitchen/seq-08/color/frame-000167.color.png 0.99976 -0.0171 0.013674 -0.0142035 0.0172712 0.999773 -0.0125091 0.0354311 -0.013457 0.0127423 0.999828 -0.0176644 0.0 0.0 0.0 1.0
redkitchen/seq-08/color/frame-000165.color.png redkitchen/seq-08/color/frame-000168.color.png 0.999787 -0.0203435 0.00350768 -0.00688034 0.0204218 0.999505 -0.0239331 0.0597391 -0.00301911 0.0239997 0.999707 -0.00510383 0.0 0.0 0.0 1.0
redkitchen/seq-08/color/frame-000166.color.png redkitchen/seq-08/color/frame-000169.color.png 0.999901 -0.0134966 0.00390686 -0.0100629 0.013501 0.999908 -0.00111102 0.00591946 -0.00389155 0.00116365 0.999992 -0.0142009 0.0 0.0 0.0 1.0
redkitchen/seq-08/color/frame-000167.color.png redkitchen/seq-08/color/frame-000170.color.png 0.999933 -0.00938905 0.00677289 -0.0103385 0.0093843 0.999956 0.000746473 0.0042069 -0.00677953 -0.000682795 0.999977 -0.0102611 0.0 0.0 0.0 1.0
redkitchen/seq-08/color/frame-000168.color.png redkitchen/seq-08/color/frame-000171.color.png 0.999944 -0.00772157 0.00720914 -0.00639439 0.00774538 0.999965 -0.00328866 0.00616167 -0.00718351 0.00334433 0.999969 -0.0115832 0.0 0.0 0.0 1.0
redkitchen/seq-08/color/frame-000169.color.png redkitchen/seq-08/color/frame-000172.color.png 0.999819 -0.00872265 0.0168879 -0.0200503 0.00888294 0.999916 -0.00943795 0.0207726 -0.0168043 0.00958626 0.999813 -0.0091531 0.0 0.0 0.0 1.0
