redkitchen/seq-08/color/frame-000000.color.png redkitchen/seq-08/color/frame-000002.color.png 0.999842 -0.000274927 -0.0177661 0.00160543 0.000200702 0.999991 -0.00417956 -0.0021763 0.0177671 0.00417533 0.999833 0.000272109 0.0 0.0 0.0 1.0
redkitchen/seq-08/color/frame-000001.color.png redkitchen/seq-08/color/frame-000003.color.png 0.999865 0.000718155 -0.0163907 0.0116577 -0.00088645 0.999947 -0.0102628 0.00865979 0.0163824 0.010276 0.999813 0.000316111 0.0 0.0 0.0 1.0
redkitchen/seq-08/color/frame-000002.color.png redkitchen/seq-08/color/frame-000004.color.png 0.999992 -0.000745309 -0.00385891 0.00986134 0.000715798 0.999971 -0.00764323 0.00882054 0.00386449 0.00764041 0.999963 -0.00298422 0.0 0.0 0.0 1.0
redkitchen/seq-08/color/frame-000003.color.png redkitchen/seq-08/color/frame-000005.color.png 0.999988 -0.000208404 0.00493802 0.00302282 0.000215281 0.999999 -0.00139211 0.00470879 -0.00493772 0.00139316 0.999987 -0.00470496 0.0 0.0 0.0 1.0
redkitchen/seq-08/color/frame-000004.color.png redkitchen/seq-08/color/frame-000006.color.png 0.999985 0.00188531 0.00518655 -0.000774699 -0.00189934 0.999995 0.0027019 0.00524882 -0.00518142 -0.00271171 0.999983 -0.00192232 0.0 0.0 0.0 1.0
redkitchen/seq-08/color/frame-000005.color.png redkitchen/seq-08/color/frame-000007.color.png 0.999996 0.000199855 0.0026109 0.00165589 -0.000215322 0.999982 0.00592521 0.00302001 -0.00260967 -0.00592576 0.999979 -0.000786738 0.0 0.0 0.0 1.0
redkitchen/seq-08/color/frame-000006.color.png redkitchen/seq-08/color/frame-000008.color.png 0.999988 -0.000155735 0.0048333 0.000725864 0.000123633 0.999978 0.00664144 -0.000677563 -0.00483423 -0.00664076 0.999966 0.000781418 0.0 0.0 0.0 1.0
redkitchen/seq-08/color/frame-000007.color.png redkitchen/seq-08/color/frame-000009.color.png 0.999984 0.000211784 0.00562925 0.00162802 -0.000238126 0.999989 0.00467926 0.00105918 -0.0056282 -0.00468053 0.999973 0.00138558 0.0 0.0 0.0 1.0
redkitchen/seq-08/color/frame-000008.color.png redkitchen/seq-08/color/frame-000010.color.png 0.999971 0.00342027 0.00678575 -0.000398208 -0.00345571 0.999981 0.00521704 0.00267035 -0.00676778 -0.00524034 0.999963 1.73226e-07 0.0 0.0 0.0 1.0
redkitchen/seq-08/color/frame-000009.color.png redkitchen/seq-08/color/frame-000011.color.png 0.999965 0.00493058 0.00676823 -0.00651645 -0.00498128 0.999959 0.00749483 -0.001519 -0.00673101 -0.00752828 0.999949 0.00178883 0.0 0.0 0.0 1.0
redkitchen/seq-08/color/frame-000010.color.png redkitchen/seq-08/color/frame-000012.color.png 0.999988 0.00445825 0.00222292 -0.00831478 -0.0044723 0.99997 0.00635642 -0.000399411 -0.00219451 -0.00636628 0.999977 0.00224263 0.0 0.0 0.0 1.0
redkitchen/seq-08/color/frame-000011.color.png redkitchen/seq-08/color/frame-000013.color.png 0.999991 0.00416117 -0.000784241 -0.0070655 -0.00415412 0.999953 0.00878305 -0.00168078 0.000820753 -0.00877971 0.999961 0.00234207 0.0 0.0 0.0 1.0
redkitchen/seq-08/color/frame-000012.color.png redkitchen/seq-08/color/frame-000014.color.png 0.999982 0.00558815 -0.00202694 -0.00374056 -0.005571 0.99995 0.00837065 0.00165778 0.00207362 -0.00835921 0.999963 0.00821805 0.0 0.0 0.0 1.0
redkitchen/seq-08/color/frame-000013.color.png redkitchen/seq-08/color/frame-000015.color.png 0.99999 0.00409723 -0.00166079 -0.00322703 -0.00408258 0.999954 0.00873071 -0.00126309 0.00169649 -0.00872385 0.99996 0.00529124 0.0 0.0 0.0 1.0
redkitchen/seq-08/color/frame-000014.color.png redkitchen/seq-08/color/frame-000016.color.png 0.99999 0.00449766 -0.000450692 -0.00687711 -0.00449359 0.999952 0.008658 -0.00310739 0.000489611 -0.00865589 0.999963 0.00547098 0.0 0.0 0.0 1.0
redkitchen/seq-08/color/frame-000015.color.png redkitchen/seq-08/color/frame-000017.color.png 0.999961 0.00885304 0.000428831 -0.0172226 -0.00885625 0.999927 0.00816312 -0.000267729 -0.000356532 -0.0081666 0.999967 0.00989014 0.0 0.0 0.0 1.0
redkitchen/seq-08/color/frame-000016.color.png redkitchen/seq-08/color/frame-000018.color.png 0.999947 0.00668385 -0.0078112 -0.0169969 -0.00659763 0.999918 0.011011 -0.00691014 0.00788415 -0.0109589 0.999909 0.009877 0.0 0.0 0.0 1.0
redkitchen/seq-08/color/frame-000017.color.png redkitchen/seq-08/color/frame-000019.color.png 0.999873 0.00628367 -0.0146329 -0.0113427 -0.00616068 0.999945 0.00843501 -0.00733317 0.0146851 -0.00834379 0.999857 0.016348 0.0 0.0 0.0 1.0
redkitchen/seq-08/color/frame-000018.color.png redkitchen/seq-08/color/frame-000020.color.png 0.999804 0.0133299 -0.0146456 -0.0133835 -0.0132374 0.999892 0.00639565 -0.00695932 0.0147293 -0.00620052 0.999872 0.0128621 0.0 0.0 0.0 1.0
redkitchen/seq-08/color/frame-000019.color.png redkitchen/seq-08/color/frame-000021.color.png 0.999676 0.0197792 -0.0160216 -0.0148744 -0.0196886 0.999789 0.00579311 -0.00525072 0.0161328 -0.0054758 0.999855 0.00948367 0.0 0.0 0.0 1.0
redkitchen/seq-08/color/frame-000020.color.png redkitchen/seq-08/color/frame-000022.color.png 0.99968 0.0166295 -0.0190506 -0.0110405 -0.0165234 0.999847 0.00571257 -0.00589487 0.0191427 -0.00539596 0.999802 0.0135815 0.0 0.0 0.0 1.0
redkitchen/seq-08/color/frame-000021.color.png redkitchen/seq-08/color/frame-000023.color.png 0.999737 0.0154994 -0.0168874 -0.0142306 -0.0154195 0.999869 0.00485273 -0.00697284 0.0169604 -0.00459105 0.999846 0.0170653 0.0 0.0 0.0 1.0
redkitchen/seq-08/color/frame-000022.color.png redkitchen/seq-08/color/frame-000024.color.png 0.999787 0.0148246 -0.0143442 -0.0164385 -0.0147915 0.999888 0.002415 -0.006174 0.0143783 -0.0022023 0.999894 0.0131812 0.0 0.0 0.0 1.0
redkitchen/seq-08/color/frame-000023.color.png redkitchen/seq-08/color/frame-000025.color.png 0.999847 0.0132846 -0.011406 -0.021141 -0.0132327 0.999902 0.00461008 -0.0132593 0.0114661 -0.00445843 0.999924 0.00910837 0.0 0.0 0.0 1.0
redkitchen/seq-08/color/frame-000024.color.png redkitchen/seq-08/color/frame-000026.color.png 0.999728 0.0181456 -0.0146725 -0.0226887 -0.0181162 0.999834 0.0021332 -0.0128098 0.0147088 -0.00186683 0.99989 0.0125403 0.0 0.0 0.0 1.0
redkitchen/seq-08/color/frame-000025.color.png redkitchen/seq-08/color/frame-000027.color.png 0.999628 0.0195919 -0.0189879 -0.0265364 -0.0195478 0.999806 0.00250843 -0.012649 0.0190334 -0.00213632 0.999816 0.00615525 0.0 0.0 0.0 1.0
redkitchen/seq-08/color/frame-000026.color.png redkitchen/seq-08/color/frame-000028.color.png 0.999523 0.0202789 -0.0232872 -0.0254945 -0.0201922 0.999788 0.00395109 -0.0109135 0.0233624 -0.00347897 0.999721 0.0127006 0.0 0.0 0.0 1.0
redkitchen/seq-08/color/frame-000027.color.png redkitchen/seq-08/color/frame-000029.color.png 0.999351 0.0244427 -0.0264422 -0.0166868 -0.0243052 0.999689 0.00550901 -0.0137913 0.0265686 -0.00486277 0.999635 0.0183833 0.0 0.0 0.0 1.0
redkitchen/seq-08/color/frame-000028.color.png redkitchen/seq-08/color/frame-000030.color.png 0.999284 0.0256432 -0.0278039 -0.00489562 -0.0256084 0.999671 0.001609 -0.011704 0.027836 -0.000895828 0.999612 0.0255518 0.0 0.0 0.0 1.0
redkitchen/seq-08/color/frame-000029.color.png redkitchen/seq-08/color/frame-000031.color.png 0.999625 0.0232927 -0.0144239 -0.0242061 -0.0232674 0.999727 0.00191416 -0.0141186 0.0144646 -0.00157783 0.999894 0.0257101 0.0 0.0 0.0 1.0
redkitchen/seq-08/color/frame-000030.color.png redkitchen/seq-08/color/frame-000032.color.png 0.999719 0.0206295 -0.0117152 -0.0275862 -0.0206212 0.999787 0.000829005 -0.0183252 0.0117298 -0.000587202 0.999931 0.0222769 0.0 0.0 0.0 1.0
redkitchen/seq-08/color/frame-000031.color.png redkitchen/seq-08/color/frame-000033.color.png 0.999808 0.0157639 -0.0116758 -0.0343237 -0.0158105 0.999867 -0.00391199 -0.01681 0.0116126 0.00409584 0.999924 0.0238757 0.0 0.0 0.0 1.0
redkitchen/seq-08/color/frame-000032.color.png redkitchen/seq-08/color/frame-000034.color.png 0.999776 0.00940227 -0.0189553 -0.0220401 -0.0094957 0.999943 -0.00484716 -0.0130248 0.0189086 0.00502607 0.999809 0.0186631 0.0 0.0 0.0 1.0
redkitchen/seq-08/color/frame-000033.color.png redkitchen/seq-08/color/frame-000035.color.png 0.999771 0.0107941 -0.018498 -0.0206886 -0.0108134 0.999941 -0.000939135 -0.0130305 0.0184868 0.00113893 0.999828 0.0230642 0.0 0.0 0.0 1.0
redkitchen/seq-08/color/frame-000034.color.png redkitchen/seq-08/color/frame-000036.color.png 0.999801 0.0173899 -0.00974415 -0.0349186 -0.0173578 0.999844 0.00337215 -0.0259588 0.00980129 -0.00320234 0.999947 0.0238805 0.0 0.0 0.0 1.0
redkitchen/seq-08/color/frame-000035.color.png redkitchen/seq-08/color/frame-000037.color.png 0.999741 0.0180766 -0.0138082 -0.0176634 -0.018146 0.999823 -0.0049181 -0.0191006 0.0137168 0.00516739 0.999893 0.0260729 0.0 0.0 0.0 1.0
redkitchen/seq-08/color/frame-000036.color.png redkitchen/seq-08/color/frame-000038.color.png 0.999861 0.0150584 -0.00723257 -0.0155079 -0.0150782 0.999883 -0.00268555 -0.0252308 0.00719131 0.00279425 0.99997 0.00731628 0.0 0.0 0.0 1.0
redkitchen/seq-08/color/frame-000037.color.png redkitchen/seq-08/color/frame-000039.color.png 0.999909 0.0134597 0.000497659 -0.0249205 -0.0134564 0.99989 -0.00617058 -0.0265121 -0.000580659 0.00616333 0.999981 0.0217922 0.0 0.0 0.0 1.0
redkitchen/seq-08/color/frame-000038.color.png redkitchen/seq-08/color/frame-000040.color.png 0.99991 0.00925325 0.00972204 -0.0438706 -0.00915802 0.99991 -0.00979418 -0.0197751 -0.00981182 0.00970425 0.999905 0.025738 0.0 0.0 0.0 1.0
redkitchen/seq-08/color/frame-000039.color.png redkitchen/seq-08/color/frame-000041.color.png 0.999928 0.0119832 -0.000677683 -0.0203079 -0.0119884 0.999894 -0.00825449 -0.0206895 0.0005787 0.00826201 0.999966 0.0202696 0.0 0.0 0.0 1.0
redkitchen/seq-08/color/frame-000040.color.png redkitchen/seq-08/color/frame-000042.color.png 0.999872 0.0159923 -0.000513154 -0.0253272 -0.0159956 0.999846 -0.00719608 -0.0248392 0.000398012 0.00720336 0.999974 0.021096 0.0 0.0 0.0 1.0
redkitchen/seq-08/color/frame-000041.color.png redkitchen/seq-08/color/frame-000043.color.png 0.999938 0.01096 0.00180397 -0.0361714 -0.010937 0.999865 -0.0122861 -0.025019 -0.00193835 0.0122656 0.999923 0.0288523 0.0 0.0 0.0 1.0
redkitchen/seq-08/color/frame-000042.color.png redkitchen/seq-08/color/frame-000044.color.png 0.999955 0.00519928 -0.00790234 -0.00620377 -0.00532637 0.999855 -0.0161466 -0.0257898 0.00781723 0.016188 0.999839 0.0213057 0.0 0.0 0.0 1.0
redkitchen/seq-08/color/frame-000043.color.png redkitchen/seq-08/color/frame-000045.color.png 0.999978 0.00658807 -0.00105049 -0.00717622 -0.00660366 0.999856 -0.0156326 -0.0205659 0.000947328 0.0156392 0.999877 0.0153632 0.0 0.0 0.0 1.0
redkitchen/seq-08/color/frame-000044.color.png redkitchen/seq-08/color/frame-000046.color.png 0.999837 0.0125996 0.0129282 -0.0382969 -0.0124304 0.999837 -0.0130849 -0.0297417 -0.013091 0.0129221 0.999831 0.0239988 0.0 0.0 0.0 1.0
redkitchen/seq-08/color/frame-000045.color.png redkitchen/seq-08/color/frame-000047.color.png 0.999985 0.00321816 0.00438577 -0.0218939 -0.00314648 0.999863 -0.0162561 -0.022768 -0.00443747 0.0162421 0.999858 0.018482 0.0 0.0 0.0 1.0
redkitchen/seq-08/color/frame-000046.color.png redkitchen/seq-08/color/frame-000048.color.png 0.999988 -0.00177999 -0.00444254 -0.012281 0.00171303 0.999885 -0.0150339 -0.0149227 0.0044688 0.0150261 0.999877 0.0184788 0.0 0.0 0.0 1.0
redkitchen/seq-08/color/frame-000047.color.png redkitchen/seq-08/color/frame-000049.color.png 0.999933 -0.00230801 -0.011369 -0.0136046 0.0021905 0.999944 -0.0103406 -0.0152747 0.0113922 0.010315 0.999882 0.0234289 0.0 0.0 0.0 1.0
redkitchen/seq-08/color/frame-000048.color.png redkitchen/seq-08/color/frame-000050.color.png 0.999931 -0.00212051 -0.0115904 -0.00743064 0.00203129 0.999968 -0.0077027 -0.0217064 0.0116064 0.00767862 0.999903 0.0198375 0.0 0.0 0.0 1.0
redkitchen/seq-08/color/frame-000049.color.png redkitchen/seq-08/color/frame-000051.color.png 0.999995 0.00295527 -0.00152227 -0.011789 -0.00296244 0.999984 -0.00471896 -0.0315599 0.00150828 0.00472344 0.999988 0.0145375 0.0 0.0 0.0 1.0
redkitchen/seq-08/color/frame-000050.color.png redkitchen/seq-08/color/frame-000052.color.png 0.999987 0.00487515 -0.00175985 -0.00666171 -0.0048879 0.999961 -0.00729229 -0.0268575 0.00172421 0.0073008 0.999972 0.012676 0.0 0.0 0.0 1.0
redkitchen/seq-08/color/frame-000051.color.png redkitchen/seq-08/color/frame-000053.color.png 0.999994 0.00139828 -0.00327078 -0.00442815 -0.00142552 0.999964 -0.0083416 -0.0178877 0.003259 0.00834621 0.99996 0.0129763 0.0 0.0 0.0 1.0
redkitchen/seq-08/color/frame-000052.color.png redkitchen/seq-08/color/frame-000054.color.png 0.999992 0.000182123 -0.00405543 -0.0101961 -0.00020934 0.999977 -0.00672911 -0.0152464 0.0040541 0.0067299 0.999969 0.0233935 0.0 0.0 0.0 1.0
redkitchen/seq-08/color/frame-000053.color.png redkitchen/seq-08/color/frame-000055.color.png 0.999966 -0.00449123 -0.00694642 -0.013129 0.00446616 0.999983 -0.00362012 -0.0144372 0.00696255 0.00358897 0.999969 0.0206808 0.0 0.0 0.0 1.0
redkitchen/seq-08/color/frame-000054.color.png redkitchen/seq-08/color/frame-000056.color.png 0.999785 -0.0096382 -0.0183754 0.00149068 0.00961744 0.999953 -0.0012183 -0.0148466 0.0183863 0.00104131 0.99983 0.0143245 0.0 0.0 0.0 1.0
redkitchen/seq-08/color/frame-000055.color.png redkitchen/seq-08/color/frame-000057.color.png 0.999839 0.0018582 -0.017825 0.0113087 -0.00175357 0.999981 0.00588545 -0.0397855 0.0178356 -0.00585326 0.999824 0.011104 0.0 0.0 0.0 1.0
redkitchen/seq-08/color/frame-000056.color.png redkitchen/seq-08/color/frame-000058.color.png 0.999978 0.00539871 -0.00386757 0.00695825 -0.00539639 0.999985 0.000616136 -0.0384416 0.00387083 -0.000595261 0.999992 0.00893569 0.0 0.0 0.0 1.0
redkitchen/seq-08/color/frame-000057.color.png redkitchen/seq-08/color/frame-000059.color.png 0.99999 0.00166388 0.00408492 -0.00312108 -0.00162906 0.999963 -0.00850257 -0.027114 -0.00409899 0.00849585 0.999956 0.0127846 0.0 0.0 0.0 1.0
redkitchen/seq-08/color/frame-000058.color.png redkitchen/seq-08/color/frame-000060.color.png 0.999998 -0.00207675 0.00030512 1.04308e-05 0.00207953 0.999952 -0.00953847 -0.0196731 -0.00028531 0.00953908 0.999955 0.0124677 0.0 0.0 0.0 1.0
redkitchen/seq-08/color/frame-000059.color.png redkitchen/seq-08/color/frame-000061.color.png 0.999971 -0.0076599 0.000216285 -0.0110295 0.00766038 0.999968 -0.00242236 -0.0193116 -0.000197663 0.00242394 0.999997 0.0142101 0.0 0.0 0.0 1.0
redkitchen/seq-08/color/frame-000060.color.png redkitchen/seq-08/color/frame-000062.color.png 0.999983 -0.00234653 -0.00528407 -0.00230935 0.00233865 0.999996 -0.00150987 -0.0266474 0.00528758 0.00149749 0.999985 0.0157692 0.0 0.0 0.0 1.0
redkitchen/seq-08/color/frame-000061.color.png redkitchen/seq-08/color/frame-000063.color.png 0.999955 0.0066532 -0.00672561 0.0253221 -0.00664498 0.999977 0.00124402 -0.0471999 0.00673373 -0.00119927 0.999977 0.00266832 0.0 0.0 0.0 1.0
redkitchen/seq-08/color/frame-000062.color.png redkitchen/seq-08/color/frame-000064.color.png 0.999929 0.00760069 0.00918827 0.0124283 -0.0075056 0.999918 -0.0103422 -0.0303214 -0.00926612 0.0102725 0.999904 0.00574741 0.0 0.0 0.0 1.0
redkitchen/seq-08/color/frame-000063.color.png redkitchen/seq-08/color/frame-000065.color.png 0.999883 -0.00294629 0.0149994 -0.0108375 0.00318226 0.999871 -0.0157317 -0.00641456 -0.0149511 0.0157776 0.999764 0.0153751 0.0 0.0 0.0 1.0
redkitchen/seq-08/color/frame-000064.color.png redkitchen/seq-08/color/frame-000066.color.png 0.999937 -0.0111662 -0.00139599 0.00351766 0.0111566 0.999915 -0.00673908 -0.00801545 0.00147112 0.00672309 0.999976 0.0150355 0.0 0.0 0.0 1.0
redkitchen/seq-08/color/frame-000065.color.png redkitchen/seq-08/color/frame-000067.color.png 0.999987 0.00209292 -0.00468001 0.0126525 -0.00210015 0.999997 -0.00153507 -0.0283521 0.00467677 0.00154488 0.999988 0.0129743 0.0 0.0 0.0 1.0
redkitchen/seq-08/color/frame-000066.color.png redkitchen/seq-08/color/frame-000068.color.png 0.999933 0.0111405 0.00307086 0.0117184 -0.0111309 0.999933 -0.00310927 -0.0359004 -0.00310527 0.00307487 0.999991 0.015035 0.0 0.0 0.0 1.0
redkitchen/seq-08/color/frame-000067.color.png redkitchen/seq-08/color/frame-000069.color.png 0.999933 0.00453921 0.0106716 0.00570014 -0.00447236 0.99997 -0.00628301 -0.0165176 -0.0106998 0.00623485 0.999923 0.011821 0.0 0.0 0.0 1.0
redkitchen/seq-08/color/frame-000068.color.png redkitchen/seq-08/color/frame-000070.color.png 0.999945 7.76991e-05 0.0105175 0.000887066 2.31645e-05 0.999954 -0.00958421 -0.00276449 -0.0105178 0.00958393 0.999899 0.0170719 0.0 0.0 0.0 1.0
redkitchen/seq-08/color/frame-000069.color.png redkitchen/seq-08/color/frame-000071.color.png 0.999979 0.00400671 0.004994 0.00578657 -0.00395144 0.999932 -0.0110048 -0.0110679 -0.00503779 0.0109849 0.999927 0.0209785 0.0 0.0 0.0 1.0
redkitchen/seq-08/color/frame-000070.color.png redkitchen/seq-08/color/frame-000072.color.png 0.999999 0.00135448 0.000678832 0.0117296 -0.00134988 0.999975 -0.00688013 -0.0241179 -0.000688101 0.0068792 0.999976 0.0150667 0.0 0.0 0.0 1.0
redkitchen/seq-08/color/frame-000071.color.png redkitchen/seq-08/color/frame-000073.color.png 0.999947 -0.00861966 -0.00562763 0.0185367 0.00858521 0.999944 -0.00611235 -0.00876844 0.00567996 0.0060637 0.999965 0.0138533 0.0 0.0 0.0 1.0
redkitchen/seq-08/color/frame-000072.color.png redkitchen/seq-08/color/frame-000074.color.png 0.999989 -0.00366852 -0.0028614 0.0141684 0.00366396 0.999992 -0.00162213 -0.0120013 0.00286735 0.00161162 0.999995 0.0170389 0.0 0.0 0.0 1.0
redkitchen/seq-08/color/frame-000073.color.png redkitchen/seq-08/color/frame-000075.color.png 0.999987 0.00502821 0.000113071 0.0285056 -0.00502889 0.999962 0.00715431 -0.0396359 -7.70862e-05 -0.00715478 0.999974 0.00589669 0.0 0.0 0.0 1.0
redkitchen/seq-08/color/frame-000074.color.png redkitchen/seq-08/color/frame-000076.color.png 0.999939 0.00359105 0.01043 0.029606 -0.00368709 0.999951 0.00919815 -0.0465202 -0.0103965 -0.00923604 0.999903 -0.00513062 0.0 0.0 0.0 1.0
redkitchen/seq-08/color/frame-000075.color.png redkitchen/seq-08/color/frame-000077.color.png 0.999816 -0.00594946 0.0182582 0.0132108 0.00594294 0.999982 0.000408435 -0.0213746 -0.0182603 -0.000299853 0.999833 0.00274879 0.0 0.0 0.0 1.0
redkitchen/seq-08/color/frame-000076.color.png redkitchen/seq-08/color/frame-000078.color.png 0.999731 -0.0117671 0.0200021 -0.00317192 0.0118589 0.99992 -0.00447586 -0.00176966 -0.0199478 0.00471185 0.99979 0.00874642 0.0 0.0 0.0 1.0
redkitchen/seq-08/color/frame-000077.color.png redkitchen/seq-08/color/frame-000079.color.png 0.999864 -0.0150524 0.00680168 0.0175627 0.0150525 0.999887 4.46377e-05 -0.000308335 -0.00680163 5.77541e-05 0.999977 0.00729731 0.0 0.0 0.0 1.0
redkitchen/seq-08/color/frame-000078.color.png redkitchen/seq-08/color/frame-000080.color.png 0.99984 -0.0169982 0.00562394 0.0108022 0.016966 0.99984 0.00572082 -0.00920528 -0.00572027 -0.00562448 0.999968 0.00950873 0.0 0.0 0.0 1.0
redkitchen/seq-08/color/frame-000079.color.png redkitchen/seq-08/color/frame-000081.color.png 0.999968 -0.00599669 0.00531333 -0.00302899 0.00598372 0.999979 0.00245389 -0.00638533 -0.00532792 -0.00242201 0.999983 0.0087361 0.0 0.0 0.0 1.0
redkitchen/seq-08/color/frame-000080.color.png redkitchen/seq-08/color/frame-000082.color.png 0.999985 -0.00487327 0.00232237 0.01384 0.0048552 0.999958 0.00774009 -0.0226496 -0.00235997 -0.00772867 0.999967 0.000405192 0.0 0.0 0.0 1.0
redkitchen/seq-08/color/frame-000081.color.png redkitchen/seq-08/color/frame-000083.color.png 0.999834 -0.0177812 0.00393949 0.0361613 0.0177646 0.999833 0.00421604 -0.0178044 -0.00401381 -0.00414536 0.999983 0.00866181 0.0 0.0 0.0 1.0
redkitchen/seq-08/color/frame-000082.color.png redkitchen/seq-08/color/frame-000084.color.png 0.999817 -0.0154615 0.0112415 0.0401018 0.0154159 0.999873 0.00412376 -0.0222983 -0.0113039 -0.00394973 0.999928 0.00276959 0.0 0.0 0.0 1.0
redkitchen/seq-08/color/frame-000083.color.png redkitchen/seq-08/color/frame-000085.color.png 0.999386 -0.0157295 0.0313175 -0.000211194 0.0157294 0.999876 0.000250923 -0.0149648 -0.0313176 0.000241839 0.999509 0.00199267 0.0 0.0 0.0 1.0
redkitchen/seq-08/color/frame-000084.color.png redkitchen/seq-08/color/frame-000086.color.png 0.999234 -0.024637 0.0303974 -0.0157036 0.0247115 0.999692 -0.00207774 -0.00472516 -0.0303368 0.00282732 0.999536 0.0032945 0.0 0.0 0.0 1.0
redkitchen/seq-08/color/frame-000085.color.png redkitchen/seq-08/color/frame-000087.color.png 0.999243 -0.0298736 0.0249303 -0.0138485 0.0299797 0.999543 -0.0038955 -0.000109613 -0.0248026 0.00463995 0.999681 0.00758356 0.0 0.0 0.0 1.0
redkitchen/seq-08/color/frame-000086.color.png redkitchen/seq-08/color/frame-000088.color.png 0.99893 -0.0347763 0.0304898 -0.0255759 0.0350637 0.999345 -0.00894159 0.0117338 -0.0301589 0.0100011 0.999495 0.0108562 0.0 0.0 0.0 1.0
redkitchen/seq-08/color/frame-000087.color.png redkitchen/seq-08/color/frame-000089.color.png 0.998965 -0.0323063 0.0320291 -0.00474432 0.0326178 0.999425 -0.00925013 0.00706869 -0.0317118 0.0102853 0.999444 0.0132922 0.0 0.0 0.0 1.0
redkitchen/seq-08/color/frame-000088.color.png redkitchen/seq-08/color/frame-000090.color.png 0.999008 -0.0314027 0.0315565 0.00575607 0.0314024 0.999507 0.00050386 -0.0110266 -0.0315567 0.000487594 0.999502 -0.00337699 0.0 0.0 0.0 1.0
redkitchen/seq-08/color/frame-000089.color.png redkitchen/seq-08/color/frame-000091.color.png 0.998994 -0.0332641 0.0300839 -0.00474243 0.033257 0.999447 0.000736934 -0.00352007 -0.0300917 0.000264322 0.999547 -0.00211948 0.0 0.0 0.0 1.0
redkitchen/seq-08/color/frame-000090.color.png redkitchen/seq-08/color/frame-000092.color.png 0.99903 -0.0322046 0.0300184 -0.00649499 0.0323561 0.999466 -0.00457466 0.00877678 -0.029855 0.0055415 0.999539 0.00967047 0.0 0.0 0.0 1.0
redkitchen/seq-08/color/frame-000091.color.png redkitchen/seq-08/color/frame-000093.color.png 0.999203 -0.0284004 0.0280444 0.00345264 0.0284067 0.999596 0.000172858 -0.00325555 -0.028038 0.000623922 0.999607 0.00594342 0.0 0.0 0.0 1.0
redkitchen/seq-08/color/frame-000092.color.png redkitchen/seq-08/color/frame-000094.color.png 0.999239 -0.0269018 0.0282507 -0.000426069 0.0269102 0.999638 8.21099e-05 0.00383633 -0.0282427 0.000678182 0.999601 0.00133449 0.0 0.0 0.0 1.0
redkitchen/seq-08/color/frame-000093.color.png redkitchen/seq-08/color/frame-000095.color.png 0.999832 -0.0106888 0.0149031 -0.00927719 0.0104679 0.999835 0.0148211 -0.0378118 -0.0150591 -0.0146626 0.999779 -0.0281146 0.0 0.0 0.0 1.0
redkitchen/seq-08/color/frame-000094.color.png redkitchen/seq-08/color/frame-000096.color.png 0.999708 -0.0152709 0.0187269 -0.0150967 0.0151594 0.999867 0.00608237 -0.0106645 -0.0188173 -0.0057967 0.999806 -0.0015018 0.0 0.0 0.0 1.0
redkitchen/seq-08/color/frame-000095.color.png redkitchen/seq-08/color/frame-000097.color.png 0.999183 -0.0258076 0.0311085 -0.00563157 0.0258166 0.999667 0.000111823 0.00999522 -0.031101 0.000691382 0.999516 0.00894687 0.0 0.0 0.0 1.0
redkitchen/seq-08/color/frame-000096.color.png redkitchen/seq-08/color/frame-000098.color.png 0.999106 -0.0214052 0.0364641 -0.0124737 0.0213187 0.999769 0.002761 0.00469297 -0.0365147 -0.00198117 0.999331 0.00812924 0.0 0.0 0.0 1.0
redkitchen/seq-08/color/frame-000097.color.png redkitchen/seq-08/color/frame-000099.color.png 0.998947 -0.0218818 0.0403304 -0.0219071 0.0213566 0.999682 0.0134084 -0.0253558 -0.040611 -0.012533 0.999096 -0.00329596 0.0 0.0 0.0 1.0
redkitchen/seq-08/color/frame-000098.color.png redkitchen/seq-08/color/frame-000100.color.png 0.999711 -0.020205 0.0130598 0.0469674 0.0200154 0.999695 0.0144885 -0.027985 -0.0133485 -0.0142229 0.99981 -0.00799757 0.0 0.0 0.0 1.0
redkitchen/seq-08/color/frame-000099.color.png redkitchen/seq-08/color/frame-000101.color.png 0.999857 -0.0115581 0.0123504 0.00668695 0.0116223 0.999919 -0.00513921 0.020423 -0.01229 0.00528202 0.99991 0.0140577 0.0 0.0 0.0 1.0
redkitchen/seq-08/color/frame-000100.color.png redkitchen/seq-08/color/frame-000102.color.png 0.99974 -0.0108405 0.0200686 -0.0140382 0.0106378 0.999892 0.0101819 -0.0239524 -0.0201768 -0.00996577 0.999747 0.00415057 0.0 0.0 0.0 1.0
redkitchen/seq-08/color/frame-000101.color.png redkitchen/seq-08/color/frame-000103.color.png 0.999354 -0.017971 0.0311156 0.00656879 0.0176833 0.999799 0.00949695 -0.0155849 -0.0312799 -0.0089406 0.999471 -0.000685871 0.0 0.0 0.0 1.0
redkitchen/seq-08/color/frame-000102.color.png redkitchen/seq-08/color/frame-000104.color.png 0.998922 -0.0209828 0.0414007 -0.0239209 0.0208585 0.999776 0.00343343 0.00906134 -0.0414635 -0.00256616 0.999137 0.00910777 0.0 0.0 0.0 1.0
redkitchen/seq-08/color/frame-000103.color.png redkitchen/seq-08/color/frame-000105.color.png 0.999685 -0.0146129 0.0203961 0.0368897 0.0144124 0.999847 0.00994313 -0.000703931 -0.0205383 -0.00964605 0.999742 0.0186465 0.0 0.0 0.0 1.0
redkitchen/seq-08/color/frame-000104.color.png redkitchen/seq-08/color/frame-000106.color.png 0.999364 -0.0128361 0.0332745 0.00531846 0.0125026 0.99987 0.0102108 -0.000604391 -0.0334012 -0.0097883 0.999394 0.0107567 0.0 0.0 0.0 1.0
redkitchen/seq-08/color/frame-000105.color.png redkitchen/seq-08/color/frame-000107.color.png 0.999019 -0.0225479 0.0381113 -0.018095 0.0223074 0.999729 0.00672272 -0.00265265 -0.0382526 -0.00586596 0.999251 0.0133464 0.0 0.0 0.0 1.0
redkitchen/seq-08/color/frame-000106.color.png redkitchen/seq-08/color/frame-000108.color.png 0.999705 -0.0139608 0.0198649 -0.0148278 0.0139519 0.999902 0.000586574 0.00438523 -0.0198712 -0.000309249 0.999802 0.00768054 0.0 0.0 0.0 1.0
redkitchen/seq-08/color/frame-000107.color.png redkitchen/seq-08/color/frame-000109.color.png 0.999919 -0.00826519 0.00965231 0.0183663 0.00823773 0.999962 0.0028797 0.00342119 -0.00967573 -0.00279995 0.999949 0.00402319 0.0 0.0 0.0 1.0
redkitchen/seq-08/color/frame-000108.color.png redkitchen/seq-08/color/frame-000110.color.png 0.999887 -0.0133039 0.00698141 0.0767945 0.0131872 0.999777 0.0165081 -0.0191661 -0.00719953 -0.0164141 0.999839 0.00117594 0.0 0.0 0.0 1.0
redkitchen/seq-08/color/frame-000109.color.png redkitchen/seq-08/color/frame-000111.color.png 0.998766 -0.0212817 0.0448668 -0.0354853 0.0206304 0.999676 0.0149297 -0.0177174 -0.04517 -0.0139857 0.998881 0.0154185 0.0 0.0 0.0 1.0
redkitchen/seq-08/color/frame-000110.color.png redkitchen/seq-08/color/frame-000112.color.png 0.998899 -0.0249441 0.0397401 -0.0294571 0.0247467 0.999679 0.00545152 0.005521 -0.0398633 -0.00446208 0.999195 0.0187681 0.0 0.0 0.0 1.0
redkitchen/seq-08/color/frame-000111.color.png redkitchen/seq-08/color/frame-000113.color.png 0.999843 -0.0116601 0.0133294 -0.00112379 0.0116847 0.99993 -0.00176976 0.0144122 -0.0133078 0.00192523 0.99991 0.00485033 0.0 0.0 0.0 1.0
redkitchen/seq-08/color/frame-000112.color.png redkitchen/seq-08/color/frame-000114.color.png 0.999863 -0.0100038 0.0132152 -0.0125443 0.0100121 0.99995 -0.00056644 0.0107858 -0.0132088 0.000698671 0.999913 0.01401 0.0 0.0 0.0 1.0
redkitchen/seq-08/color/frame-000113.color.png redkitchen/seq-08/color/frame-000115.color.png 0.999828 -0.0163791 -0.00873486 0.0764323 0.0165135 0.999743 0.0155454 -0.0191202 0.00847793 -0.015687 0.999841 -0.0202807 0.0 0.0 0.0 1.0
redkitchen/seq-08/color/frame-000114.color.png redkitchen/seq-08/color/frame-000116.color.png 0.999646 -0.0185198 0.0191154 -0.00460604 0.0183428 0.999788 0.00939441 -0.00892305 -0.0192853 -0.00904045 0.999773 0.0176422 0.0 0.0 0.0 1.0
redkitchen/seq-08/color/frame-000115.color.png redkitchen/seq-08/color/frame-000117.color.png 0.999896 -0.00863906 0.011578 -0.00382443 0.00863114 0.999963 0.000732013 0.00574404 -0.0115838 -0.000632009 0.999933 0.0152046 0.0 0.0 0.0 1.0
redkitchen/seq-08/color/frame-000116.color.png redkitchen/seq-08/color/frame-000118.color.png 0.999917 -0.0107921 0.00711372 0.00653163 0.0107946 0.999942 -0.000315704 0.00361317 -0.00711 0.00039246 0.999974 0.00743771 0.0 0.0 0.0 1.0
redkitchen/seq-08/color/frame-000117.color.png redkitchen/seq-08/color/frame-000119.color.png 0.999635 -0.0228195 0.0144665 -0.00147343 0.022713 0.999714 0.00748119 -0.0125794 -0.0146331 -0.00714989 0.999867 0.00515884 0.0 0.0 0.0 1.0
redkitchen/seq-08/color/frame-000118.color.png redkitchen/seq-08/color/frame-000120.color.png 0.999742 -0.0208304 0.00902637 0.00108136 0.020887 0.999762 -0.00622489 0.0313333 -0.00889459 0.00641181 0.99994 0.0262604 0.0 0.0 0.0 1.0
redkitchen/seq-08/color/frame-000119.color.png redkitchen/seq-08/color/frame-000121.color.png 0.999768 -0.0214777 0.00185712 0.00391048 0.0214798 0.999769 -0.0010917 0.0105618 -0.00183327 0.00113135 0.999998 0.0213206 0.0 0.0 0.0 1.0
redkitchen/seq-08/color/frame-000120.color.png redkitchen/seq-08/color/frame-000122.color.png 0.999711 -0.00905127 -0.0222736 0.0625283 0.00922603 0.999927 0.00775567 -0.0172787 0.0222018 -0.00795891 0.999722 -0.0196105 0.0 0.0 0.0 1.0
redkitchen/seq-08/color/frame-000121.color.png redkitchen/seq-08/color/frame-000123.color.png 0.999889 -0.00555906 -0.0138342 0.0481966 0.00562468 0.999973 0.00471174 -0.00381982 0.0138076 -0.00478902 0.999893 -0.0219474 0.0 0.0 0.0 1.0
redkitchen/seq-08/color/frame-000122.color.png redkitchen/seq-08/color/frame-000124.color.png 0.999861 -0.0159227 0.00488756 0.00945419 0.0158795 0.999836 0.00875132 -0.00214761 -0.00502618 -0.0086725 0.99995 -0.00487125 0.0 0.0 0.0 1.0
redkitchen/seq-08/color/frame-000123.color.png redkitchen/seq-08/color/frame-000125.color.png 0.999879 -0.0154167 -0.0018621 0.0452332 0.0153982 0.999835 -0.00960727 0.054714 0.00200988 0.00957744 0.999952 0.0274777 0.0 0.0 0.0 1.0
redkitchen/seq-08/color/frame-000124.color.png redkitchen/seq-08/color/frame-000126.color.png 0.999878 -0.0156303 0.000704482 0.0195918 0.0156271 0.999868 0.00440765 0.0200593 -0.000773267 -0.00439612 0.99999 0.0115535 0.0 0.0 0.0 1.0
redkitchen/seq-08/color/frame-000125.color.png redkitchen/seq-08/color/frame-000127.color.png 0.999936 -0.00988213 0.00550117 -0.014662 0.00986877 0.999948 0.00244892 0.0121771 -0.00552505 -0.00239449 0.999982 0.00654358 0.0 0.0 0.0 1.0
redkitchen/seq-08/color/frame-000126.color.png redkitchen/seq-08/color/frame-000128.color.png 0.999919 -0.00806942 -0.00979893 0.01856 0.00802822 0.999959 -0.00423489 0.0329326 0.00983274 0.0041559 0.999943 -0.00312197 0.0 0.0 0.0 1.0
redkitchen/seq-08/color/frame-000127.color.png redkitchen/seq-08/color/frame-000129.color.png 0.999795 -0.0118517 -0.0164308 0.0358019 0.0121314 0.999781 0.0170267 0.00213444 0.0162253 -0.0172225 0.99972 -0.0112171 0.0 0.0 0.0 1.0
redkitchen/seq-08/color/frame-000128.color.png redkitchen/seq-08/color/frame-000130.color.png 0.999825 -0.00886013 -0.0165022 0.0518755 0.00921212 0.999729 0.021376 -0.00716841 0.0163083 -0.0215242 0.999635 -0.00628483 0.0 0.0 0.0 1.0
redkitchen/seq-08/color/frame-000129.color.png redkitchen/seq-08/color/frame-000131.color.png 0.999959 -0.00776349 -0.00462155 0.0395732 0.00784405 0.999813 0.0176781 0.000617981 0.00448349 -0.0177137 0.999833 -0.00627202 0.0 0.0 0.0 1.0
redkitchen/seq-08/color/frame-000130.color.png redkitchen/seq-08/color/frame-000132.color.png 0.999983 -0.00518989 -0.00243765 0.0261477 0.00525821 0.999567 0.0289375 -0.0543679 0.00228653 -0.0289498 0.999578 -0.0283819 0.0 0.0 0.0 1.0
redkitchen/seq-08/color/frame-000131.color.png redkitchen/seq-08/color/frame-000133.color.png 0.999919 -0.00901237 0.00893851 -0.00377923 0.00884392 0.999786 0.0187077 -0.0307549 -0.00910523 -0.0186272 0.999785 -0.0231256 0.0 0.0 0.0 1.0
redkitchen/seq-08/color/frame-000132.color.png redkitchen/seq-08/color/frame-000134.color.png 0.99978 -0.0114008 0.0175827 0.00249165 0.0111701 0.999851 0.0131699 0.013247 -0.0177302 -0.0129706 0.999759 -0.00181442 0.0 0.0 0.0 1.0
redkitchen/seq-08/color/frame-000133.color.png redkitchen/seq-08/color/frame-000135.color.png 0.999841 -0.00829953 0.0157609 0.00738066 0.00796361 0.999742 0.0212587 -0.00649881 -0.0159333 -0.0211298 0.99965 0.0123567 0.0 0.0 0.0 1.0
redkitchen/seq-08/color/frame-000134.color.png redkitchen/seq-08/color/frame-000136.color.png 0.999977 -0.00648622 0.00173894 0.0145074 0.00647665 0.999964 0.00543038 0.0098477 -0.00177418 -0.00541901 0.999984 -0.00795883 0.0 0.0 0.0 1.0
redkitchen/seq-08/color/frame-000135.color.png redkitchen/seq-08/color/frame-000137.color.png 0.999983 -0.00303625 0.00497653 0.0156418 0.00296151 0.999884 0.0149521 -0.0109012 -0.00502136 -0.0149371 0.999876 -0.00437504 0.0 0.0 0.0 1.0
redkitchen/seq-08/color/frame-000136.color.png redkitchen/seq-08/color/frame-000138.color.png 0.999794 -0.00723802 0.0189369 0.00483412 0.00692263 0.999837 0.0166668 0.0144544 -0.0190544 -0.0165322 0.999682 -0.00511402 0.0 0.0 0.0 1.0
redkitchen/seq-08/color/frame-000137.color.png redkitchen/seq-08/color/frame-000139.color.png 0.999741 -0.0111163 0.019844 0.00187975 0.0107485 0.99977 0.0185466 0.0109194 -0.0200455 -0.0183285 0.999631 -0.0130777 0.0 0.0 0.0 1.0
redkitchen/seq-08/color/frame-000138.color.png redkitchen/seq-08/color/frame-000140.color.png 0.999796 -0.00676481 0.0190537 -0.00398648 0.00642363 0.999819 0.0179105 0.013515 -0.0191714 -0.0177844 0.999658 -0.0076021 0.0 0.0 0.0 1.0
redkitchen/seq-08/color/frame-000139.color.png redkitchen/seq-08/color/frame-000141.color.png 0.999952 -0.00372015 0.00905926 -0.00319225 0.0036434 0.999958 0.00846852 0.00778061 -0.00909043 -0.00843515 0.999923 -0.00196081 0.0 0.0 0.0 1.0
redkitchen/seq-08/color/frame-000140.color.png redkitchen/seq-08/color/frame-000142.color.png 0.999988 -0.00386194 0.00297488 0.0019263 0.00382761 0.999927 0.0114681 0.00654778 -0.00301894 -0.0114566 0.99993 -0.0132783 0.0 0.0 0.0 1.0
redkitchen/seq-08/color/frame-000141.color.png redkitchen/seq-08/color/frame-000143.color.png 0.999991 -0.0010172 0.00418243 0.00892979 0.000907541 0.999658 0.0261388 0.0140741 -0.00420752 -0.0261348 0.99965 -0.0224596 0.0 0.0 0.0 1.0
redkitchen/seq-08/color/frame-000142.color.png redkitchen/seq-08/color/frame-000144.color.png 0.999951 -0.00960303 0.00225772 0.0147758 0.00953347 0.999533 0.0290128 0.0015915 -0.00253532 -0.0289899 0.999577 -0.0311242 0.0 0.0 0.0 1.0
redkitchen/seq-08/color/frame-000143.color.png redkitchen/seq-08/color/frame-000145.color.png 0.999985 -0.00556712 0.000211477 0.0106925 0.00556325 0.999867 0.0153425 -0.00350577 -0.000296889 -0.0153411 0.999882 -0.022722 0.0 0.0 0.0 1.0
redkitchen/seq-08/color/frame-000144.color.png redkitchen/seq-08/color/frame-000146.color.png 0.999971 -0.00473342 0.0060304 0.000319898 0.00468359 0.999955 0.00824957 0.0105855 -0.00606911 -0.00822105 0.999948 -0.0120059 0.0 0.0 0.0 1.0
redkitchen/seq-08/color/frame-000145.color.png redkitchen/seq-08/color/frame-000147.color.png 0.999873 -0.0109607 0.0116 -0.000394166 0.0106179 0.999517 0.0292123 -0.00229922 -0.0119145 -0.0290854 0.999506 -0.0240104 0.0 0.0 0.0 1.0
redkitchen/seq-08/color/frame-000146.color.png redkitchen/seq-08/color/frame-000148.color.png 0.999846 -0.0150759 0.00903838 0.00247145 0.014831 0.999537 0.0265799 -0.00346157 -0.00943493 -0.0264418 0.999606 -0.0240698 0.0 0.0 0.0 1.0
redkitchen/seq-08/color/frame-000147.color.png redkitchen/seq-08/color/frame-000149.color.png 0.999965 -0.00835119 0.00117778 0.00750118 0.00834382 0.999946 0.00617838 0.00653693 -0.00122928 -0.0061683 0.99998 -0.0174482 0.0 0.0 0.0 1.0
redkitchen/seq-08/color/frame-000148.color.png redkitchen/seq-08/color/frame-000150.color.png 0.999894 -0.0129378 0.00672379 -0.00844979 0.0129521 0.999914 -0.00209414 0.0317872 -0.00669606 0.00218105 0.999975 -0.0154299 0.0 0.0 0.0 1.0
redkitchen/seq-08/color/frame-000149.color.png redkitchen/seq-08/color/frame-000151.color.png 0.999732 -0.020509 0.0107678 0.000241756 0.0202766 0.999568 0.0212648 -0.00242025 -0.0111993 -0.0210408 0.999716 -0.0294828 0.0 0.0 0.0 1.0
redkitchen/seq-08/color/frame-000150.color.png redkitchen/seq-08/color/frame-000152.color.png 0.999798 -0.0132902 0.0150415 -0.000650585 0.0129897 0.999717 0.0199054 -0.00036633 -0.0153019 -0.019706 0.999689 -0.0231365 0.0 0.0 0.0 1.0
redkitchen/seq-08/color/frame-000151.color.png redkitchen/seq-08/color/frame-000153.color.png 0.99997 -0.00413628 0.0066055 0.00419939 0.00410637 0.999981 0.00454125 0.00628158 -0.00662421 -0.00451406 0.999968 -0.0155818 0.0 0.0 0.0 1.0
redkitchen/seq-08/color/frame-000152.color.png redkitchen/seq-08/color/frame-000154.color.png 0.999947 -0.00104657 0.0102076 -0.00901204 0.000999381 0.999989 0.00462748 0.00893515 -0.0102122 -0.00461698 0.999937 -0.00286597 0.0 0.0 0.0 1.0
redkitchen/seq-08/color/frame-000153.color.png redkitchen/seq-08/color/frame-000155.color.png 0.999922 -0.011223 0.005442 0.0144479 0.0112845 0.999871 -0.0114154 0.0678194 -0.0053131 0.011476 0.99992 -0.0426334 0.0 0.0 0.0 1.0
redkitchen/seq-08/color/frame-000154.color.png redkitchen/seq-08/color/frame-000156.color.png 0.9999 -0.0107504 0.0091873 -0.00149196 0.0106505 0.999884 0.0108564 0.00854257 -0.00930301 -0.0107575 0.999899 -0.0259307 0.0 0.0 0.0 1.0
redkitchen/seq-08/color/frame-000155.color.png redkitchen/seq-08/color/frame-000157.color.png 0.999985 0.0010416 0.00530817 -0.002518 -0.00106898 0.999986 0.00517325 0.0113159 -0.00530271 -0.00517884 0.999973 -0.0101036 0.0 0.0 0.0 1.0
redkitchen/seq-08/color/frame-000156.color.png redkitchen/seq-08/color/frame-000158.color.png 0.999996 -0.00108573 0.0026793 -0.00490463 0.0010722 0.999987 0.00503617 0.0158493 -0.00268471 -0.00503323 0.999984 -0.00392205 0.0 0.0 0.0 1.0
redkitchen/seq-08/color/frame-000157.color.png redkitchen/seq-08/color/frame-000159.color.png 0.999964 -0.0077215 0.0034437 -0.00827801 0.00766763 0.999853 0.0153704 0.00268191 -0.00356187 -0.0153435 0.999876 -0.0172884 0.0 0.0 0.0 1.0
redkitchen/seq-08/color/frame-000158.color.png redkitchen/seq-08/color/frame-000160.color.png 0.999933 -0.00949748 -0.00661889 0.00495356 0.00954295 0.999931 0.00686728 0.0080272 0.00655324 -0.00693002 0.999955 -0.0264141 0.0 0.0 0.0 1.0
redkitchen/seq-08/color/frame-000159.color.png redkitchen/seq-08/color/frame-000161.color.png 0.999979 -0.00206001 -0.00620853 0.00910568 0.00208718 0.999988 0.00436813 0.00939292 0.00619936 -0.00438102 0.999971 -0.00902137 0.0 0.0 0.0 1.0
redkitchen/seq-08/color/frame-000160.color.png redkitchen/seq-08/color/frame-000162.color.png 0.999996 -0.00258709 0.00136858 0.0036 0.00258366 0.999994 0.00245492 0.00719222 -0.001375 -0.00245131 0.999996 -0.00976875 0.0 0.0 0.0 1.0
redkitchen/seq-08/color/frame-000161.color.png redkitchen/seq-08/color/frame-000163.color.png 0.999891 -0.00942437 0.0113184 -0.00100678 0.00936698 0.999943 0.00511126 0.00754014 -0.0113658 -0.00500473 0.999923 -0.0128753 0.0 0.0 0.0 1.0
redkitchen/seq-08/color/frame-000162.color.png redkitchen/seq-08/color/frame-000164.color.png 0.999936 -0.00420991 0.0104946 -0.00624084 0.00416795 0.999983 0.00402537 9.7096e-05 -0.0105114 -0.00398135 0.999937 -0.00226098 0.0 0.0 0.0 1.0
redkitchen/seq-08/color/frame-000163.color.png redkitchen/seq-08/color/frame-000165.color.png 0.999918 -0.003819 0.0121989 -0.013568 0.00382963 0.999992 -0.000845286 0.0035947 -0.0121957 0.000891895 0.999925 -0.000732481 0.0 0.0 0.0 1.0
redkitchen/seq-08/color/frame-000164.color.png redkitchen/seq-08/color/frame-000166.color.png 0.999806 -0.00841483 0.0178166 -0.0249079 0.00845559 0.999962 -0.00221436 0.00949448 -0.0177973 0.00236454 0.999839 -0.00224009 0.0 0.0 0.0 1.0
redkitchen/seq-08/color/frame-000165.color.png redkitchen/seq-08/color/frame-000167.color.png 0.999896 -0.0133074 0.005498 -0.0124868 0.013338 0.999896 -0.00556292 0.011917 -0.00542332 0.00563574 0.999969 -0.0105309 0.0 0.0 0.0 1.0
redkitchen/seq-08/color/frame-000166.color.png redkitchen/seq-08/color/frame-000168.color.png 0.999892 -0.014671 0.00100078 -0.0050413 0.0146748 0.999885 -0.00386178 0.00993621 -0.000943894 0.00387608 0.999992 -0.0164764 0.0 0.0 0.0 1.0
redkitchen/seq-08/color/frame-000167.color.png redkitchen/seq-08/color/frame-000169.color.png 0.999978 -0.00496351 0.00432543 -0.00798756 0.00496484 0.999988 -0.00030038 0.00398585 -0.00432389 0.000321893 0.999991 -0.00726023 0.0 0.0 0.0 1.0
redkitchen/seq-08/color/frame-000168.color.png redkitchen/seq-08/color/frame-000170.color.png 0.999983 -0.00409168 0.0042266 -0.00572628 0.00410151 0.999989 -0.00232983 0.00775218 -0.00421717 0.00234707 0.999988 0.000501812 0.0 0.0 0.0 1.0
