redkitchen/seq-08/color/frame-000001.color.png redkitchen/seq-08/color/frame-000003.color.png 0.999865 0.000718155 -0.0163907 0.0116577 -0.00088645 0.999947 -0.0102628 0.00865979 0.0163824 0.010276 0.999813 0.000316111 0.0 0.0 0.0 1.0
redkitchen/seq-08/color/frame-000003.color.png redkitchen/seq-08/color/frame-000005.color.png 0.999988 -0.000208404 0.00493802 0.00302282 0.000215281 0.999999 -0.00139211 0.00470879 -0.00493772 0.00139316 0.999987 -0.00470496 0.0 0.0 0.0 1.0
redkitchen/seq-08/color/frame-000005.color.png redkitchen/seq-08/color/frame-000007.color.png 0.999996 0.000199855 0.0026109 0.00165589 -0.000215322 0.999982 0.00592521 0.00302001 -0.00260967 -0.00592576 0.999979 -0.000786738 0.0 0.0 0.0 1.0
redkitchen/seq-08/color/frame-000007.color.png redkitchen/seq-08/color/frame-000009.color.png 0.999984 0.000211784 0.00562925 0.00162802 -0.000238126 0.999989 0.00467926 0.00105918 -0.0056282 -0.00468053 0.999973 0.00138558 0.0 0.0 0.0 1.0
redkitchen/seq-08/color/frame-000009.color.png redkitchen/seq-08/color/frame-000011.color.png 0.999965 0.00493058 0.00676823 -0.00651645 -0.00498128 0.999959 0.00749483 -0.001519 -0.00673101 -0.00752828 0.999949 0.00178883 0.0 0.0 0.0 1.0
redkitchen/seq-08/color/frame-000011.color.png redkitchen/seq-08/color/frame-000013.color.png 0.999991 0.00416117 -0.000784241 -0.0070655 -0.00415412 0.999953 0.00878305 -0.00168078 0.000820753 -0.00877971 0.999961 0.00234207 0.0 0.0 0.0 1.0
redkitchen/seq-08/color/frame-000013.color.png redkitchen/seq-08/color/frame-000015.color.png 0.99999 0.00409723 -0.00166079 -0.00322703 -0.00408258 0.999954 0.00873071 -0.00126309 0.00169649 -0.00872385 0.99996 0.00529124 0.0 0.0 0.0 1.0
redkitchen/seq-08/color/frame-000015.color.png redkitchen/seq-08/color/frame-000017.color.png 0.999961 0.00885304 0.000428831 -0.0172226 -0.00885625 0.999927 0.00816312 -0.000267729 -0.000356532 -0.0081666 0.999967 0.00989014 0.0 0.0 0.0 1.0
redkitchen/seq-08/color/frame-000017.color.png redkitchen/seq-08/color/frame-000019.color.png 0.999873 0.00628367 -0.0146329 -0.0113427 -0.00616068 0.999945 0.00843501 -0.00733317 0.0146851 -0.00834379 0.999857 0.016348 0.0 0.0 0.0 1.0
redkitchen/seq-08/color/frame-000019.color.png redkitchen/seq-08/color/frame-000021.color.png 0.999676 0.0197792 -0.0160216 -0.0148744 -0.0196886 0.999789 0.00579311 -0.00525072 0.0161328 -0.0054758 0.999855 0.00948367 0.0 0.0 0.0 1.0
redkitchen/seq-08/color/frame-000021.color.png redkitchen/seq-08/color/frame-000023.color.png 0.999737 0.0154994 -0.0168874 -0.0142306 -0.0154195 0.999869 0.00485273 -0.00697284 0.0169604 -0.00459105 0.999846 0.0170653 0.0 0.0 0.0 1.0
redkitchen/seq-08/color/frame-000023.color.png redkitchen/seq-08/color/frame-000025.color.png 0.999847 0.0132846 -0.011406 -0.021141 -0.0132327 0.999902 0.00461008 -0.0132593 0.0114661 -0.00445843 0.999924 0.00910837 0.0 0.0 0.0 1.0
redkitchen/seq-08/color/frame-000025.color.png redkitchen/seq-08/color/frame-000027.color.png 0.999628 0.0195919 -0.0189879 -0.0265364 -0.0195478 0.999806 0.00250843 -0.012649 0.0190334 -0.00213632 0.999816 0.00615525 0.0 0.0 0.0 1.0
redkitchen/seq-08/color/frame-000027.color.png redkitchen/seq-08/color/frame-000029.color.png 0.999351 0.0244427 -0.0264422 -0.0166868 -0.0243052 0.999689 0.00550901 -0.0137913 0.0265686 -0.00486277 0.999635 0.0183833 0.0 0.0 0.0 1.0
redkitchen/seq-08/color/frame-000029.color.png redkitchen/seq-08/color/frame-000031.color.png 0.999625 0.0232927 -0.0144239 -0.0242061 -0.0232674 0.999727 0.00191416 -0.0141186 0.0144646 -0.00157783 0.999894 0.0257101 0.0 0.0 0.0 1.0
redkitchen/seq-08/color/frame-000031.color.png redkitchen/seq-08/color/frame-000033.color.png 0.999808 0.0157639 -0.0116758 -0.0343237 -0.0158105 0.999867 -0.00391199 -0.01681 0.0116126 0.00409584 0.999924 0.0238757 0.0 0.0 0.0 1.0
redkitchen/seq-08/color/frame-000033.color.png redkitchen/seq-08/color/frame-000035.color.png 0.999771 0.0107941 -0.018498 -0.0206886 -0.0108134 0.999941 -0.000939135 -0.0130305 0.0184868 0.00113893 0.999828 0.0230642 0.0 0.0 0.0 1.0
redkitchen/seq-08/color/frame-000035.color.png redkitchen/seq-08/color/frame-000037.color.png 0.999741 0.0180766 -0.0138082 -0.0176634 -0.018146 0.999823 -0.0049181 -0.0191006 0.0137168 0.00516739 0.999893 0.0260729 0.0 0.0 0.0 1.0
redkitchen/seq-08/color/frame-000037.color.png redkitchen/seq-08/color/frame-000039.color.png 0.999909 0.0134597 0.000497659 -0.0249205 -0.0134564 0.99989 -0.00617058 -0.0265121 -0.000580659 0.00616333 0.999981 0.0217922 0.0 0.0 0.0 1.0
redkitchen/seq-08/color/frame-000039.color.png redkitchen/seq-08/color/frame-000041.color.png 0.999928 0.0119832 -0.000677683 -0.0203079 -0.0119884 0.999894 -0.00825449 -0.0206895 0.0005787 0.00826201 0.999966 0.0202696 0.0 0.0 0.0 1.0
redkitchen/seq-08/color/frame-000041.color.png redkitchen/seq-08/color/frame-000043.color.png 0.999938 0.01096 0.00180397 -0.0361714 -0.010937 0.999865 -0.0122861 -0.025019 -0.00193835 0.0122656 0.999923 0.0288523 0.0 0.0 0.0 1.0
redkitchen/seq-08/color/frame-000043.color.png redkitchen/seq-08/color/frame-000045.color.png 0.999978 0.00658807 -0.00105049 -0.00717622 -0.00660366 0.999856 -0.0156326 -0.0205659 0.000947328 0.0156392 0.999877 0.0153632 0.0 0.0 0.0 1.0
redkitchen/seq-08/color/frame-000045.color.png redkitchen/seq-08/color/frame-000047.color.png 0.999985 0.00321816 0.00438577 -0.0218939 -0.00314648 0.999863 -0.0162561 -0.022768 -0.00443747 0.0162421 0.999858 0.018482 0.0 0.0 0.0 1.0
redkitchen/seq-08/color/frame-000047.color.png redkitchen/seq-08/color/frame-000049.color.png 0.999933 -0.00230801 -0.011369 -0.0136046 0.0021905 0.999944 -0.0103406 -0.0152747 0.0113922 0.010315 0.999882 0.0234289 0.0 0.0 0.0 1.0
redkitchen/seq-08/color/frame-000049.color.png redkitchen/seq-08/color/frame-000051.color.png 0.999995 0.00295527 -0.00152227 -0.011789 -0.00296244 0.999984 -0.00471896 -0.0315599 0.00150828 0.00472344 0.999988 0.0145375 0.0 0.0 0.0 1.0
redkitchen/seq-08/color/frame-000051.color.png redkitchen/seq-08/color/frame-000053.color.png 0.999994 0.00139828 -0.00327078 -0.00442815 -0.00142552 0.999964 -0.0083416 -0.0178877 0.003259 0.00834621 0.99996 0.0129763 0.0 0.0 0.0 1.0
redkitchen/seq-08/color/frame-000053.color.png redkitchen/seq-08/color/frame-000055.color.png 0.999966 -0.00449123 -0.00694642 -0.013129 0.00446616 0.999983 -0.00362012 -0.0144372 0.00696255 0.00358897 0.999969 0.0206808 0.0 0.0 0.0 1.0
redkitchen/seq-08/color/frame-000055.color.png redkitchen/seq-08/color/frame-000057.color.png 0.999839 0.0018582 -0.017825 0.0113087 -0.00175357 0.999981 0.00588545 -0.0397855 0.0178356 -0.00585326 0.999824 0.011104 0.0 0.0 0.0 1.0
redkitchen/seq-08/color/frame-000057.color.png redkitchen/seq-08/color/frame-000059.color.png 0.99999 0.00166388 0.00408492 -0.00312108 -0.00162906 0.999963 -0.00850257 -0.027114 -0.00409899 0.00849585 0.999956 0.0127846 0.0 0.0 0.0 1.0
redkitchen/seq-08/color/frame-000059.color.png redkitchen/seq-08/color/frame-000061.color.png 0.999971 -0.0076599 0.000216285 -0.0110295 0.00766038 0.999968 -0.00242236 -0.0193116 -0.000197663 0.00242394 0.999997 0.0142101 0.0 0.0 0.0 1.0
redkitchen/seq-08/color/frame-000061.color.png redkitchen/seq-08/color/frame-000063.color.png 0.999955 0.0066532 -0.00672561 0.0253221 -0.00664498 0.999977 0.00124402 -0.0471999 0.00673373 -0.00119927 0.999977 0.00266832 0.0 0.0 0.0 1.0
redkitchen/seq-08/color/frame-000063.color.png redkitchen/seq-08/color/frame-000065.color.png 0.999883 -0.00294629 0.0149994 -0.0108375 0.00318226 0.999871 -0.0157317 -0.00641456 -0.0149511 0.0157776 0.999764 0.0153751 0.0 0.0 0.0 1.0
redkitchen/seq-08/color/frame-000065.color.png redkitchen/seq-08/color/frame-000067.color.png 0.999987 0.00209292 -0.00468001 0.0126525 -0.00210015 0.999997 -0.00153507 -0.0283521 0.00467677 0.00154488 0.999988 0.0129743 0.0 0.0 0.0 1.0
redkitchen/seq-08/color/frame-000067.color.png redkitchen/seq-08/color/frame-000069.color.png 0.999933 0.00453921 0.0106716 0.00570014 -0.00447236 0.99997 -0.00628301 -0.0165176 -0.0106998 0.00623485 0.999923 0.011821 0.0 0.0 0.0 1.0
redkitchen/seq-08/color/frame-000069.color.png redkitchen/seq-08/color/frame-000071.color.png 0.999979 0.00400671 0.004994 0.00578657 -0.00395144 0.999932 -0.0110048 -0.0110679 -0.00503779 0.0109849 0.999927 0.0209785 0.0 0.0 0.0 1.0
redkitchen/seq-08/color/frame-000071.color.png redkitchen/seq-08/color/frame-000073.color.png 0.999947 -0.00861966 -0.00562763 0.0185367 0.00858521 0.999944 -0.00611235 -0.00876844 0.00567996 0.0060637 0.999965 0.0138533 0.0 0.0 0.0 1.0
redkitchen/seq-08/color/frame-000073.color.png redkitchen/seq-08/color/frame-000075.color.png 0.999987 0.00502821 0.000113071 0.0285056 -0.00502889 0.999962 0.00715431 -0.0396359 -7.70862e-05 -0.00715478 0.999974 0.00589669 0.0 0.0 0.0 1.0
redkitchen/seq-08/color/frame-000075.color.png redkitchen/seq-08/color/frame-000077.color.png 0.999816 -0.00594946 0.0182582 0.0132108 0.00594294 0.999982 0.000408435 -0.0213746 -0.0182603 -0.000299853 0.999833 0.00274879 0.0 0.0 0.0 1.0
redkitchen/seq-08/color/frame-000077.color.png redkitchen/seq-08/color/frame-000079.color.png 0.999864 -0.0150524 0.00680168 0.0175627 0.0150525 0.999887 4.46377e-05 -0.000308335 -0.00680163 5.77541e-05 0.999977 0.00729731 0.0 0.0 0.0 1.0
redkitchen/seq-08/color/frame-000079.color.png redkitchen/seq-08/color/frame-000081.color.png 0.999968 -0.00599669 0.00531333 -0.00302899 0.00598372 0.999979 0.00245389 -0.00638533 -0.00532792 -0.00242201 0.999983 0.0087361 0.0 0.0 0.0 1.0
redkitchen/seq-08/color/frame-000081.color.png redkitchen/seq-08/color/frame-000083.color.png 0.999834 -0.0177812 0.00393949 0.0361613 0.0177646 0.999833 0.00421604 -0.0178044 -0.00401381 -0.00414536 0.999983 0.00866181 0.0 0.0 0.0 1.0
redkitchen/seq-08/color/frame-000083.color.png redkitchen/seq-08/color/frame-000085.color.png 0.999386 -0.0157295 0.0313175 -0.000211194 0.0157294 0.999876 0.000250923 -0.0149648 -0.0313176 0.000241839 0.999509 0.00199267 0.0 0.0 0.0 1.0
redkitchen/seq-08/color/frame-000085.color.png redkitchen/seq-08/color/frame-000087.color.png 0.999243 -0.0298736 0.0249303 -0.0138485 0.0299797 0.999543 -0.0038955 -0.000109613 -0.0248026 0.00463995 0.999681 0.00758356 0.0 0.0 0.0 1.0
redkitchen/seq-08/color/frame-000087.color.png redkitchen/seq-08/color/frame-000089.color.png 0.998965 -0.0323063 0.0320291 -0.00474432 0.0326178 0.999425 -0.00925013 0.00706869 -0.0317118 0.0102853 0.999444 0.0132922 0.0 0.0 0.0 1.0
redkitchen/seq-08/color/frame-000089.color.png redkitchen/seq-08/color/frame-000091.color.png 0.998994 -0.0332641 0.0300839 -0.00474243 0.033257 0.999447 0.000736934 -0.00352007 -0.0300917 0.000264322 0.999547 -0.00211948 0.0 0.0 0.0 1.0
redkitchen/seq-08/color/frame-000091.color.png redkitchen/seq-08/color/frame-000093.color.png 0.999203 -0.0284004 0.0280444 0.00345264 0.0284067 0.999596 0.000172858 -0.00325555 -0.028038 0.000623922 0.999607 0.00594342 0.0 0.0 0.0 1.0
redkitchen/seq-08/color/frame-000093.color.png redkitchen/seq-08/color/frame-000095.color.png 0.999832 -0.0106888 0.0149031 -0.00927719 0.0104679 0.999835 0.0148211 -0.0378118 -0.0150591 -0.0146626 0.999779 -0.0281146 0.0 0.0 0.0 1.0
redkitchen/seq-08/color/frame-000095.color.png redkitchen/seq-08/color/frame-000097.color.png 0.999183 -0.0258076 0.0311085 -0.00563157 0.0258166 0.999667 0.000111823 0.00999522 -0.031101 0.000691382 0.999516 0.00894687 0.0 0.0 0.0 1.0
redkitchen/seq-08/color/frame-000097.color.png redkitchen/seq-08/color/frame-000099.color.png 0.998947 -0.0218818 0.0403304 -0.0219071 0.0213566 0.999682 0.0134084 -0.0253558 -0.040611 -0.012533 0.999096 -0.00329596 0.0 0.0 0.0 1.0
redkitchen/seq-08/color/frame-000099.color.png redkitchen/seq-08/color/frame-000101.color.png 0.999857 -0.0115581 0.0123504 0.00668695 0.0116223 0.999919 -0.00513921 0.020423 -0.01229 0.00528202 0.99991 0.0140577 0.0 0.0 0.0 1.0
redkitchen/seq-08/color/frame-000101.color.png redkitchen/seq-08/color/frame-000103.color.png 0.999354 -0.017971 0.0311156 0.00656879 0.0176833 0.999799 0.00949695 -0.0155849 -0.0312799 -0.0089406 0.999471 -0.000685871 0.0 0.0 0.0 1.0
redkitchen/seq-08/color/frame-000103.color.png redkitchen/seq-08/color/frame-000105.color.png 0.999685 -0.0146129 0.0203961 0.0368897 0.0144124 0.999847 0.00994313 -0.000703931 -0.0205383 -0.00964605 0.999742 0.0186465 0.0 0.0 0.0 1.0
redkitchen/seq-08/color/frame-000105.color.png redkitchen/seq-08/color/frame-000107.color.png 0.999019 -0.0225479 0.0381113 -0.018095 0.0223074 0.999729 0.00672272 -0.00265265 -0.0382526 -0.00586596 0.999251 0.0133464 0.0 0.0 0.0 1.0
redkitchen/seq-08/color/frame-000107.color.png redkitchen/seq-08/color/frame-000109.color.png 0.999919 -0.00826519 0.00965231 0.0183663 0.00823773 0.999962 0.0028797 0.00342119 -0.00967573 -0.00279995 0.999949 0.00402319 0.0 0.0 0.0 1.0
redkitchen/seq-08/color/frame-000109.color.png redkitchen/seq-08/color/frame-000111.color.png 0.998766 -0.0212817 0.0448668 -0.0354853 0.0206304 0.999676 0.0149297 -0.0177174 -0.04517 -0.0139857 0.998881 0.0154185 0.0 0.0 0.0 1.0
redkitchen/seq-08/color/frame-000111.color.png redkitchen/seq-08/color/frame-000113.color.png 0.999843 -0.0116601 0.0133294 -0.00112379 0.0116847 0.99993 -0.00176976 0.0144122 -0.0133078 0.00192523 0.99991 0.00485033 0.0 0.0 0.0 1.0
redkitchen/seq-08/color/frame-000113.color.png redkitchen/seq-08/color/frame-000115.color.png 0.999828 -0.0163791 -0.00873486 0.0764323 0.0165135 0.999743 0.0155454 -0.0191202 0.00847793 -0.015687 0.999841 -0.0202807 0.0 0.0 0.0 1.0
redkitchen/seq-08/color/frame-000115.color.png redkitchen/seq-08/color/frame-000117.color.png 0.999896 -0.00863906 0.011578 -0.00382443 0.00863114 0.999963 0.000732013 0.00574404 -0.0115838 -0.000632009 0.999933 0.0152046 0.0 0.0 0.0 1.0
redkitchen/seq-08/color/frame-000117.color.png redkitchen/seq-08/color/frame-000119.color.png 0.999635 -0.0228195 0.0144665 -0.00147343 0.022713 0.999714 0.00748119 -0.0125794 -0.0146331 -0.00714989 0.999867 0.00515884 0.0 0.0 0.0 1.0
redkitchen/seq-08/color/frame-000119.color.png redkitchen/seq-08/color/frame-000121.color.png 0.999768 -0.0214777 0.00185712 0.00391048 0.0214798 0.999769 -0.0010917 0.0105618 -0.00183327 0.00113135 0.999998 0.0213206 0.0 0.0 0.0 1.0
redkitchen/seq-08/color/frame-000121.color.png redkitchen/seq-08/color/frame-000123.color.png 0.999889 -0.00555906 -0.0138342 0.0481966 0.00562468 0.999973 0.00471174 -0.00381982 0.0138076 -0.00478902 0.999893 -0.0219474 0.0 0.0 0.0 1.0
redkitchen/seq-08/color/frame-000123.color.png redkitchen/seq-08/color/frame-000125.color.png 0.999879 -0.0154167 -0.0018621 0.0452332 0.0153982 0.999835 -0.00960727 0.054714 0.00200988 0.00957744 0.999952 0.0274777 0.0 0.0 0.0 1.0
redkitchen/seq-08/color/frame-000125.color.png redkitchen/seq-08/color/frame-000127.color.png 0.999936 -0.00988213 0.00550117 -0.014662 0.00986877 0.999948 0.00244892 0.0121771 -0.00552505 -0.00239449 0.999982 0.00654358 0.0 0.0 0.0 1.0
redkitchen/seq-08/color/frame-000127.color.png redkitchen/seq-08/color/frame-000129.color.png 0.999795 -0.0118517 -0.0164308 0.0358019 0.0121314 0.999781 0.0170267 0.00213444 0.0162253 -0.0172225 0.99972 -0.0112171 0.0 0.0 0.0 1.0
redkitchen/seq-08/color/frame-000129.color.png redkitchen/seq-08/color/frame-000131.color.png 0.999959 -0.00776349 -0.00462155 0.0395732 0.00784405 0.999813 0.0176781 0.000617981 0.00448349 -0.0177137 0.999833 -0.00627202 0.0 0.0 0.0 1.0
redkitchen/seq-08/color/frame-000131.color.png redkitchen/seq-08/color/frame-000133.color.png 0.999919 -0.00901237 0.00893851 -0.00377923 0.00884392 0.999786 0.0187077 -0.0307549 -0.00910523 -0.0186272 0.999785 -0.0231256 0.0 0.0 0.0 1.0
redkitchen/seq-08/color/frame-000133.color.png redkitchen/seq-08/color/frame-000135.color.png 0.999841 -0.00829953 0.0157609 0.00738066 0.00796361 0.999742 0.0212587 -0.00649881 -0.0159333 -0.0211298 0.99965 0.0123567 0.0 0.0 0.0 1.0
redkitchen/seq-08/color/frame-000135.color.png redkitchen/seq-08/color/frame-000137.color.png 0.999983 -0.00303625 0.00497653 0.0156418 0.00296151 0.999884 0.0149521 -0.0109012 -0.00502136 -0.0149371 0.999876 -0.00437504 0.0 0.0 0.0 1.0
redkitchen/seq-08/color/frame-000137.color.png redkitchen/seq-08/color/frame-000139.color.png 0.999741 -0.0111163 0.019844 0.00187975 0.0107485 0.99977 0.0185466 0.0109194 -0.0200455 -0.0183285 0.999631 -0.0130777 0.0 0.0 0.0 1.0
redkitchen/seq-08/color/frame-000139.color.png redkitchen/seq-08/color/frame-000141.color.png 0.999952 -0.00372015 0.00905926 -0.00319225 0.0036434 0.999958 0.00846852 0.00778061 -0.00909043 -0.00843515 0.999923 -0.00196081 0.0 0.0 0.0 1.0
redkitchen/seq-08/color/frame-000141.color.png redkitchen/seq-08/color/frame-000143.color.png 0.999991 -0.0010172 0.00418243 0.00892979 0.000907541 0.999658 0.0261388 0.0140741 -0.00420752 -0.0261348 0.99965 -0.0224596 0.0 0.0 0.0 1.0
redkitchen/seq-08/color/frame-000143.color.png redkitchen/seq-08/color/frame-000145.color.png 0.999985 -0.00556712 0.000211477 0.0106925 0.00556325 0.999867 0.0153425 -0.00350577 -0.000296889 -0.0153411 0.999882 -0.022722 0.0 0.0 0.0 1.0
redkitchen/seq-08/color/frame-000145.color.png redkitchen/seq-08/color/frame-000147.color.png 0.999873 -0.0109607 0.0116 -0.000394166 0.0106179 0.999517 0.0292123 -0.00229922 -0.0119145 -0.0290854 0.999506 -0.0240104 0.0 0.0 0.0 1.0
redkitchen/seq-08/color/frame-000147.color.png redkitchen/seq-08/color/frame-000149.color.png 0.999965 -0.00835119 0.00117778 0.00750118 0.00834382 0.999946 0.00617838 0.00653693 -0.00122928 -0.0061683 0.99998 -0.0174482 0.0 0.0 0.0 1.0
redkitchen/seq-08/color/frame-000149.color.png redkitchen/seq-08/color/frame-000151.color.png 0.999732 -0.020509 0.0107678 0.000241756 0.0202766 0.999568 0.0212648 -0.00242025 -0.0111993 -0.0210408 0.999716 -0.0294828 0.0 0.0 0.0 1.0
redkitchen/seq-08/color/frame-000151.color.png redkitchen/seq-08/color/frame-000153.color.png 0.99997 -0.00413628 0.0066055 0.00419939 0.00410637 0.999981 0.00454125 0.00628158 -0.00662421 -0.00451406 0.999968 -0.0155818 0.0 0.0 0.0 1.0
redkitchen/seq-08/color/frame-000153.color.png redkitchen/seq-08/color/frame-000155.color.png 0.999922 -0.011223 0.005442 0.0144479 0.0112845 0.999871 -0.0114154 0.0678194 -0.0053131 0.011476 0.99992 -0.0426334 0.0 0.0 0.0 1.0
redkitchen/seq-08/color/frame-000155.color.png redkitchen/seq-08/color/frame-000157.color.png 0.999985 0.0010416 0.00530817 -0.002518 -0.00106898 0.999986 0.00517325 0.0113159 -0.00530271 -0.00517884 0.999973 -0.0101036 0.0 0.0 0.0 1.0
redkitchen/seq-08/color/frame-000157.color.png redkitchen/seq-08/color/frame-000159.color.png 0.999964 -0.0077215 0.0034437 -0.00827801 0.00766763 0.999853 0.0153704 0.00268191 -0.00356187 -0.0153435 0.999876 -0.0172884 0.0 0.0 0.0 1.0
redkitchen/seq-08/color/frame-000159.color.png redkitchen/seq-08/color/frame-000161.color.png 0.999979 -0.00206001 -0.00620853 0.00910568 0.00208718 0.999988 0.00436813 0.00939292 0.00619936 -0.00438102 0.999971 -0.00902137 0.0 0.0 0.0 1.0
redkitchen/seq-08/color/frame-000161.color.png redkitchen/seq-08/color/frame-000163.color.png 0.999891 -0.00942437 0.0113184 -0.00100678 0.00936698 0.999943 0.00511126 0.00754014 -0.0113658 -0.00500473 0.999923 -0.0128753 0.0 0.0 0.0 1.0
redkitchen/seq-08/color/frame-000163.color.png redkitchen/seq-08/color/frame-000165.color.png 0.999918 -0.003819 0.0121989 -0.013568 0.00382963 0.999992 -0.000845286 0.0035947 -0.0121957 0.000891895 0.999925 -0.000732481 0.0 0.0 0.0 1.0
redkitchen/seq-08/color/frame-000165.color.png redkitchen/seq-08/color/frame-000167.color.png 0.999896 -0.0133074 0.005498 -0.0124868 0.013338 0.999896 -0.00556292 0.011917 -0.00542332 0.00563574 0.999969 -0.0105309 0.0 0.0 0.0 1.0
redkitchen/seq-08/color/frame-000167.color.png redkitchen/seq-08/color/frame-000169.color.png 0.999978 -0.00496351 0.00432543 -0.00798756 0.00496484 0.999988 -0.00030038 0.00398585 -0.00432389 0.000321893 0.999991 -0.00726023 0.0 0.0 0.0 1.0
redkitchen/seq-08/color/frame-000169.color.png redkitchen/seq-08/color/frame-000171.color.png 0.999943 -0.00324158 0.0101609 -0.011353 0.00326756 0.999991 -0.00253423 0.00879699 -0.0101526 0.00256727 0.999945 -0.00461251 0.0 0.0 0.0 1.0
redkitchen/seq-08/color/frame-000171.color.png redkitchen/seq-08/color/frame-000173.color.png 0.999951 -0.00758228 0.00628052 -0.00845838 0.00760985 0.999962 -0.0043909 0.00513202 -0.00624696 0.00443852 0.999971 -0.00703993 0.0 0.0 0.0 1.0
redkitchen/seq-08/color/frame-000173.color.png redkitchen/seq-08/color/frame-000175.color.png 0.999925 -0.00812216 0.0092138 -0.0227094 0.00815069 0.999962 -0.00306203 0.0060641 -0.00918864 0.00313689 0.999953 -0.00503087 0.0 0.0 0.0 1.0
redkitchen/seq-08/color/frame-000175.color.png redkitchen/seq-08/color/frame-000177.color.png 0.99989 -0.00964527 0.0112646 -0.0138105 0.00964886 0.999953 -0.00026689 0.0093675 -0.0112614 0.000375512 0.999936 -0.00885448 0.0 0.0 0.0 1.0
redkitchen/seq-08/color/frame-000177.color.png redkitchen/seq-08/color/frame-000179.color.png 0.999972 -0.000831463 0.00746514 -0.0122971 0.000793937 0.999987 0.00502488 -0.00699091 -0.0074693 -0.00501881 0.999959 -0.00237885 0.0 0.0 0.0 1.0
redkitchen/seq-08/color/frame-000179.color.png redkitchen/seq-08/color/frame-000181.color.png 0.999976 -0.00104665 0.00684324 -0.0158877 0.00108413 0.999984 -0.00547732 0.0210444 -0.00683736 0.00548464 0.999962 -0.0127348 0.0 0.0 0.0 1.0
redkitchen/seq-08/color/frame-000181.color.png redkitchen/seq-08/color/frame-000183.color.png 0.999974 -0.002417 0.00681596 -0.00404322 0.00239537 0.999992 0.00318737 0.00615479 -0.00682356 -0.00317094 0.999972 -0.00502801 0.0 0.0 0.0 1.0
redkitchen/seq-08/color/frame-000183.color.png redkitchen/seq-08/color/frame-000185.color.png 0.999729 0.00122053 0.0232288 -0.0292786 -0.00143538 0.999956 0.00923618 0.0138689 -0.0232165 -0.00926699 0.999688 0.00150886 0.0 0.0 0.0 1.0
redkitchen/seq-08/color/frame-000185.color.png redkitchen/seq-08/color/frame-000187.color.png 0.999954 0.00849502 -0.00454785 0.00272661 -0.00843083 0.999867 0.0139684 0.00876059 0.00466579 -0.0139295 0.999892 -0.0159477 0.0 0.0 0.0 1.0
redkitchen/seq-08/color/frame-000187.color.png redkitchen/seq-08/color/frame-000189.color.png 0.999975 0.00596875 0.00373044 -0.00306308 -0.00596932 0.999982 0.000164317 0.0122062 -0.00372924 -0.000186502 0.999993 -0.00313309 0.0 0.0 0.0 1.0
redkitchen/seq-08/color/frame-000189.color.png redkitchen/seq-08/color/frame-000191.color.png 0.999984 -0.00569225 0.000496727 -0.00337762 0.0056925 0.999984 -0.000664299 0.022764 -0.000493029 0.000667024 1.0 -0.00955516 0.0 0.0 0.0 1.0
redkitchen/seq-08/color/frame-000191.color.png redkitchen/seq-08/color/frame-000193.color.png 0.999987 -0.00164532 -0.00481481 0.00240433 0.00163262 0.999995 -0.00265081 0.00949485 0.00481913 0.00264292 0.999985 -0.00830984 0.0 0.0 0.0 1.0
redkitchen/seq-08/color/frame-000193.color.png redkitchen/seq-08/color/frame-000195.color.png 0.999923 0.00268563 -0.0121557 0.0112005 -0.00263698 0.999988 0.00400832 0.0154822 0.0121664 -0.00397592 0.999918 -0.0183395 0.0 0.0 0.0 1.0
redkitchen/seq-08/color/frame-000195.color.png redkitchen/seq-08/color/frame-000197.color.png 0.999908 -0.00113474 -0.0135084 0.0141569 0.00110785 0.999997 -0.00199414 0.0151936 0.0135105 0.00197896 0.999907 -0.0147773 0.0 0.0 0.0 1.0
redkitchen/seq-08/color/frame-000197.color.png redkitchen/seq-08/color/frame-000199.color.png 0.999943 0.000333085 -0.0107162 0.0129383 -0.000355324 0.999998 -0.00207291 0.00726784 0.0107155 0.00207669 0.999941 -0.012227 0.0 0.0 0.0 1.0
redkitchen/seq-08/color/frame-000199.color.png redkitchen/seq-08/color/frame-000201.color.png 0.999955 -0.00231225 -0.00917776 0.0216125 0.00229286 0.999995 -0.0021271 0.0124085 0.00918269 0.00210594 0.999956 -0.0130931 0.0 0.0 0.0 1.0
redkitchen/seq-08/color/frame-000201.color.png redkitchen/seq-08/color/frame-000203.color.png 0.999984 -0.0029632 -0.00475801 0.0090425 0.00292077 0.999956 -0.0089002 0.0131474 0.00478413 0.00888615 0.999949 -0.00648902 0.0 0.0 0.0 1.0
redkitchen/seq-08/color/frame-000203.color.png redkitchen/seq-08/color/frame-000205.color.png 0.999963 -0.00105043 -0.0085878 0.0118409 0.00101987 0.999993 -0.00356929 0.010106 0.00859152 0.00356048 0.999957 -0.00756073 0.0 0.0 0.0 1.0
redkitchen/seq-08/color/frame-000205.color.png redkitchen/seq-08/color/frame-000207.color.png 0.999786 -0.00660159 -0.0196114 0.0366613 0.00658416 0.999978 -0.000951706 0.00966529 0.0196173 0.000822322 0.999807 -0.0200086 0.0 0.0 0.0 1.0
redkitchen/seq-08/color/frame-000207.color.png redkitchen/seq-08/color/frame-000209.color.png 0.999996 -0.00143512 0.00235582 0.00769436 0.00141554 0.999965 0.00827644 -0.00142756 -0.00236766 -0.00827311 0.999963 0.00910813 0.0 0.0 0.0 1.0
redkitchen/seq-08/color/frame-000209.color.png redkitchen/seq-08/color/frame-000211.color.png 0.999968 -0.0042696 0.00682353 0.033998 0.0042624 0.99999 0.0010818 0.017196 -0.00682801 -0.00105258 0.999976 0.00212325 0.0 0.0 0.0 1.0
redkitchen/seq-08/color/frame-000211.color.png redkitchen/seq-08/color/frame-000213.color.png 0.999979 -0.00643027 -0.000246048 0.0113615 0.00642831 0.999954 -0.00711231 0.00832199 0.00029167 0.00711056 0.999975 -0.00209413 0.0 0.0 0.0 1.0
redkitchen/seq-08/color/frame-000213.color.png redkitchen/seq-08/color/frame-000215.color.png 0.999738 0.00418961 -0.0224956 0.0480282 -0.0045693 0.999848 -0.0168559 0.0337251 0.0224215 0.0169543 0.999605 -0.028293 0.0 0.0 0.0 1.0
redkitchen/seq-08/color/frame-000215.color.png redkitchen/seq-08/color/frame-000217.color.png 0.999973 0.00734929 0.000704697 0.0150222 -0.00735488 0.999939 0.00829257 0.00681074 -0.00064372 -0.00829759 0.999965 -0.00284395 0.0 0.0 0.0 1.0
redkitchen/seq-08/color/frame-000217.color.png redkitchen/seq-08/color/frame-000219.color.png 0.999911 0.00992201 0.00890461 0.0303012 -0.00991862 0.999951 -0.000432781 0.0268703 -0.00890839 0.000344519 0.99996 0.0106867 0.0 0.0 0.0 1.0
redkitchen/seq-08/color/frame-000219.color.png redkitchen/seq-08/color/frame-000221.color.png 0.999996 0.00176649 0.00210075 0.0272147 -0.00178698 0.99995 0.0098046 -0.000877641 -0.0020833 -0.00980835 0.99995 -0.00392242 0.0 0.0 0.0 1.0
redkitchen/seq-08/color/frame-000221.color.png redkitchen/seq-08/color/frame-000223.color.png 0.999981 0.00206031 0.00581756 0.0163302 -0.00208444 0.999989 0.00413944 0.00559435 -0.00580898 -0.00415145 0.999974 0.00246233 0.0 0.0 0.0 1.0
redkitchen/seq-08/color/frame-000223.color.png redkitchen/seq-08/color/frame-000225.color.png 0.99998 -0.00229681 -0.00591518 0.0356752 0.00228844 0.999996 -0.00142948 0.00687873 0.00591839 0.00141591 0.999982 -0.00883378 0.0 0.0 0.0 1.0
redkitchen/seq-08/color/frame-000225.color.png redkitchen/seq-08/color/frame-000227.color.png 0.999936 0.011151 0.0020421 0.031783 -0.0111598 0.999929 0.00430536 0.0194956 -0.00199388 -0.00432787 0.999989 -0.000537649 0.0 0.0 0.0 1.0
redkitchen/seq-08/color/frame-000227.color.png redkitchen/seq-08/color/frame-000229.color.png 0.999951 0.00952621 -0.00251027 0.0373354 -0.00951387 0.999943 0.00490292 0.00796089 0.00255687 -0.00487879 0.999985 -0.0144828 0.0 0.0 0.0 1.0
redkitchen/seq-08/color/frame-000229.color.png redkitchen/seq-08/color/frame-000231.color.png 0.999988 0.00252051 0.0042404 0.015083 -0.00251612 0.999996 -0.00103427 0.00871871 -0.00424298 0.0010236 0.99999 0.00441787 0.0 0.0 0.0 1.0
redkitchen/seq-08/color/frame-000231.color.png redkitchen/seq-08/color/frame-000233.color.png 0.999951 0.00989619 0.000376747 0.026459 -0.00989133 0.999889 -0.0111474 0.0234944 -0.000487041 0.0111432 0.999938 -0.00753608 0.0 0.0 0.0 1.0
redkitchen/seq-08/color/frame-000233.color.png redkitchen/seq-08/color/frame-000235.color.png 0.999934 0.00107078 -0.0114293 0.0325987 -0.00109442 0.999997 -0.0020591 0.00333404 0.0114271 0.00207141 0.999932 -0.0163359 0.0 0.0 0.0 1.0
redkitchen/seq-08/color/frame-000235.color.png redkitchen/seq-08/color/frame-000237.color.png 0.999985 0.00460245 -0.00293154 0.0168275 -0.00459922 0.999989 0.00110602 0.00596937 0.00293657 -0.00109253 0.999995 -0.0042091 0.0 0.0 0.0 1.0
redkitchen/seq-08/color/frame-000237.color.png redkitchen/seq-08/color/frame-000239.color.png 0.999935 0.0109746 -0.0030734 0.0266311 -0.0109562 0.999922 0.00592846 0.0124419 0.00313817 -0.00589434 0.999978 -0.00982878 0.0 0.0 0.0 1.0
redkitchen/seq-08/color/frame-000239.color.png redkitchen/seq-08/color/frame-000241.color.png 0.999953 0.00963988 -0.000297419 0.0161386 -0.00963715 0.99992 0.00826155 0.0103155 0.000377125 -0.00825833 0.999966 0.00704809 0.0 0.0 0.0 1.0
redkitchen/seq-08/color/frame-000241.color.png redkitchen/seq-08/color/frame-000243.color.png 0.999859 0.0128447 -0.010815 0.0352387 -0.0127532 0.999883 0.00847902 0.0140997 0.0109227 -0.00833988 0.999906 -0.0143848 0.0 0.0 0.0 1.0
redkitchen/seq-08/color/frame-000243.color.png redkitchen/seq-08/color/frame-000245.color.png 0.999992 0.000736181 -0.0039679 0.0155337 -0.000742781 0.999998 -0.00167684 0.00667071 0.00396663 0.00167976 0.999991 -0.00277005 0.0 0.0 0.0 1.0
redkitchen/seq-08/color/frame-000245.color.png redkitchen/seq-08/color/frame-000247.color.png 0.999802 0.012107 -0.0158199 0.0379436 -0.0121172 0.999926 -0.000551622 0.0126758 0.0158121 0.000743288 0.999875 -0.0187547 0.0 0.0 0.0 1.0
redkitchen/seq-08/color/frame-000247.color.png redkitchen/seq-08/color/frame-000249.color.png 0.999793 0.0165389 -0.0118781 0.0354872 -0.0163516 0.999743 0.0156988 0.0131357 0.0121347 -0.0155014 0.999806 -0.0106395 0.0 0.0 0.0 1.0
redkitchen/seq-08/color/frame-000249.color.png redkitchen/seq-08/color/frame-000251.color.png 0.999976 0.00695254 -0.000762407 0.012805 -0.00695386 0.999974 -0.00165978 0.0141478 0.000750877 0.00166498 0.999998 0.00556332 0.0 0.0 0.0 1.0
redkitchen/seq-08/color/frame-000251.color.png redkitchen/seq-08/color/frame-000253.color.png 0.999731 0.00189374 -0.0230972 0.0422044 -0.00196277 0.999994 -0.00296645 0.000901967 0.0230914 0.00301102 0.999729 -0.0335862 0.0 0.0 0.0 1.0
redkitchen/seq-08/color/frame-000253.color.png redkitchen/seq-08/color/frame-000255.color.png 0.999987 0.00425266 0.00272842 0.0180634 -0.00423302 0.999965 -0.00715153 0.0184921 -0.00275874 0.0071399 0.999971 -0.00765929 0.0 0.0 0.0 1.0
redkitchen/seq-08/color/frame-000255.color.png redkitchen/seq-08/color/frame-000257.color.png 0.999867 0.00450125 -0.0156573 0.0345303 -0.00457728 0.999978 -0.00482576 0.0129491 0.0156352 0.00489679 0.999866 -0.0256267 0.0 0.0 0.0 1.0
redkitchen/seq-08/color/frame-000257.color.png redkitchen/seq-08/color/frame-000259.color.png 0.999897 0.0060593 -0.0129972 0.018889 -0.00602111 0.999977 0.00297648 0.00404684 0.013015 -0.00289795 0.999911 -0.019961 0.0 0.0 0.0 1.0
redkitchen/seq-08/color/frame-000259.color.png redkitchen/seq-08/color/frame-000261.color.png 0.999769 0.0214836 -0.000649295 0.0318835 -0.021462 0.999484 0.0238839 0.0128975 0.001162 -0.0238645 0.999714 -0.00662799 0.0 0.0 0.0 1.0
redkitchen/seq-08/color/frame-000261.color.png redkitchen/seq-08/color/frame-000263.color.png 0.999987 0.00492932 0.00157545 0.0162374 -0.00492942 0.999988 7.3483e-05 0.00769847 -0.00157508 -8.12703e-05 0.999999 0.00297558 0.0 0.0 0.0 1.0
redkitchen/seq-08/color/frame-000263.color.png redkitchen/seq-08/color/frame-000265.color.png 0.999797 0.00887058 -0.0181109 0.0296404 -0.00897371 0.999944 -0.00562125 0.0113887 0.0180601 0.00578261 0.99982 -0.0299662 0.0 0.0 0.0 1.0
redkitchen/seq-08/color/frame-000265.color.png redkitchen/seq-08/color/frame-000267.color.png 0.999952 0.00876542 -0.00432598 0.0132389 -0.00874257 0.999948 0.00528176 0.00574618 0.00437195 -0.00524372 0.999977 -0.00832666 0.0 0.0 0.0 1.0
redkitchen/seq-08/color/frame-000267.color.png redkitchen/seq-08/color/frame-000269.color.png 0.999886 0.0107295 -0.0106484 0.0310473 -0.0106891 0.999935 0.0038473 0.0144634 0.010689 -0.00373298 0.999936 -0.0235014 0.0 0.0 0.0 1.0
redkitchen/seq-08/color/frame-000269.color.png redkitchen/seq-08/color/frame-000271.color.png 0.999905 0.00941738 -0.0100628 0.0216482 -0.00937917 0.999949 0.00383717 0.0134134 0.0100984 -0.00374241 0.999942 -0.0177818 0.0 0.0 0.0 1.0
redkitchen/seq-08/color/frame-000271.color.png redkitchen/seq-08/color/frame-000273.color.png 0.999822 0.0156686 -0.0104984 0.02368 -0.0157304 0.999859 -0.00582634 0.0255189 0.0104056 0.00599041 0.999928 -0.017732 0.0 0.0 0.0 1.0
redkitchen/seq-08/color/frame-000273.color.png redkitchen/seq-08/color/frame-000275.color.png 0.999876 0.00946043 -0.0125797 0.0138881 -0.00947046 0.999955 -0.000736658 0.0091996 0.0125721 0.000855715 0.999921 -0.0205258 0.0 0.0 0.0 1.0
redkitchen/seq-08/color/frame-000275.color.png redkitchen/seq-08/color/frame-000277.color.png 0.999667 0.0228577 -0.0119596 0.0293443 -0.0227783 0.999718 0.00673388 0.0207552 0.0121102 -0.00645918 0.999906 -0.0213498 0.0 0.0 0.0 1.0
redkitchen/seq-08/color/frame-000277.color.png redkitchen/seq-08/color/frame-000279.color.png 0.999622 0.0253421 -0.0106804 0.026654 -0.0252926 0.999669 0.00474141 0.0358202 0.010797 -0.0044695 0.999932 -0.0186913 0.0 0.0 0.0 1.0
redkitchen/seq-08/color/frame-000279.color.png redkitchen/seq-08/color/frame-000281.color.png 0.999755 0.0159782 -0.0153261 0.0217427 -0.0159469 0.99987 0.00215783 0.0227884 0.0153587 -0.0019129 0.99988 -0.0236535 0.0 0.0 0.0 1.0
redkitchen/seq-08/color/frame-000281.color.png redkitchen/seq-08/color/frame-000283.color.png 0.999221 0.0322737 -0.0227187 0.0318437 -0.0321834 0.999473 0.00432778 0.0448403 0.0228463 -0.00359325 0.999732 -0.0437439 0.0 0.0 0.0 1.0
redkitchen/seq-08/color/frame-000283.color.png redkitchen/seq-08/color/frame-000285.color.png 0.999839 0.0165913 -0.00675787 0.0128952 -0.0165227 0.999813 0.0100724 0.0172571 0.00692372 -0.00995912 0.999926 -0.0116281 0.0 0.0 0.0 1.0
redkitchen/seq-08/color/frame-000285.color.png redkitchen/seq-08/color/frame-000287.color.png 0.999616 0.0266847 -0.00749451 0.0254534 -0.026645 0.999631 0.00534542 0.0435827 0.0076344 -0.00514372 0.999958 -0.0164735 0.0 0.0 0.0 1.0
redkitchen/seq-08/color/frame-000287.color.png redkitchen/seq-08/color/frame-000289.color.png 0.999861 0.0119115 -0.0117101 0.0141331 -0.0118825 0.999926 0.0025401 0.0157771 0.0117395 -0.00240052 0.999928 -0.0210907 0.0 0.0 0.0 1.0
redkitchen/seq-08/color/frame-000289.color.png redkitchen/seq-08/color/frame-000291.color.png 0.99945 0.0308137 -0.0122492 0.0261785 -0.030669 0.99946 0.011828 0.0444837 0.0126071 -0.0114458 0.999855 -0.0331254 0.0 0.0 0.0 1.0
redkitchen/seq-08/color/frame-000291.color.png redkitchen/seq-08/color/frame-000293.color.png 0.999694 0.0187407 -0.0161716 0.0289005 -0.0188064 0.999815 -0.00391799 0.0393135 0.0160952 0.00422092 0.999861 -0.0350882 0.0 0.0 0.0 1.0
redkitchen/seq-08/color/frame-000293.color.png redkitchen/seq-08/color/frame-000295.color.png 0.999888 0.0114544 -0.00964495 0.00757861 -0.0114916 0.999927 -0.00381181 0.019648 0.00960055 0.00392221 0.999946 -0.0160055 0.0 0.0 0.0 1.0
redkitchen/seq-08/color/frame-000295.color.png redkitchen/seq-08/color/frame-000297.color.png 0.999425 0.0333934 -0.00590078 0.014158 -0.0333107 0.999353 0.0135905 0.0294364 0.00635078 -0.0133862 0.99989 -0.00678661 0.0 0.0 0.0 1.0
redkitchen/seq-08/color/frame-000297.color.png redkitchen/seq-08/color/frame-000299.color.png 0.9998 0.0159252 -0.0121141 0.0260416 -0.0160333 0.999832 -0.0088763 0.0315105 0.0119708 0.00906879 0.999887 -0.0429121 0.0 0.0 0.0 1.0
redkitchen/seq-08/color/frame-000299.color.png redkitchen/seq-08/color/frame-000301.color.png 0.999579 0.0237919 -0.0165914 0.0171188 -0.0238101 0.999716 -0.000898222 0.030518 0.0165654 0.00129286 0.999862 -0.0304745 0.0 0.0 0.0 1.0
redkitchen/seq-08/color/frame-000301.color.png redkitchen/seq-08/color/frame-000303.color.png 0.999819 0.0174323 -0.00764602 0.00195384 -0.0174338 0.999848 -0.00014068 0.0230833 0.0076424 0.000273986 0.999971 -0.011863 0.0 0.0 0.0 1.0
redkitchen/seq-08/color/frame-000303.color.png redkitchen/seq-08/color/frame-000305.color.png 0.99951 0.0294281 -0.0106156 0.00719535 -0.0295329 0.999515 -0.0098451 0.0427517 0.0103208 0.0101538 0.999895 -0.0201639 0.0 0.0 0.0 1.0
redkitchen/seq-08/color/frame-000305.color.png redkitchen/seq-08/color/frame-000307.color.png 0.999857 0.0136925 -0.00991749 0.00974333 -0.0138518 0.999773 -0.0161785 0.014907 0.00969368 0.0163135 0.99982 -0.0198545 0.0 0.0 0.0 1.0
redkitchen/seq-08/color/frame-000307.color.png redkitchen/seq-08/color/frame-000309.color.png 0.999594 0.0201211 -0.0201934 0.00782394 -0.0206494 0.999441 -0.0263037 0.0246513 0.0196529 0.0267099 0.99945 -0.0360671 0.0 0.0 0.0 1.0
redkitchen/seq-08/color/frame-000309.color.png redkitchen/seq-08/color/frame-000311.color.png 0.999544 0.0232546 -0.0192676 0.00601864 -0.0235702 0.999589 -0.016319 0.0200965 0.0188802 0.0167658 0.999681 -0.033012 0.0 0.0 0.0 1.0
redkitchen/seq-08/color/frame-000311.color.png redkitchen/seq-08/color/frame-000313.color.png 0.999702 0.0226216 -0.00916091 0.0132172 -0.0227603 0.999623 -0.0153357 0.027963 0.00881055 0.0155396 0.99984 -0.0195771 0.0 0.0 0.0 1.0
redkitchen/seq-08/color/frame-000313.color.png redkitchen/seq-08/color/frame-000315.color.png 0.999328 0.0182897 -0.0317551 0.00745547 -0.0188384 0.999677 -0.017068 0.02137 0.0314327 0.0176547 0.99935 -0.0581226 0.0 0.0 0.0 1.0
redkitchen/seq-08/color/frame-000315.color.png redkitchen/seq-08/color/frame-000317.color.png 0.999559 0.0275977 -0.0109276 -0.00077939 -0.0277019 0.999571 -0.00949707 0.0226854 0.0106608 0.00979556 0.999895 -0.0196416 0.0 0.0 0.0 1.0
redkitchen/seq-08/color/frame-000317.color.png redkitchen/seq-08/color/frame-000319.color.png 0.999659 0.0167327 -0.0200209 -0.000356078 -0.0171108 0.999676 -0.018867 0.0225586 0.0196987 0.0192031 0.999622 -0.0306637 0.0 0.0 0.0 1.0
redkitchen/seq-08/color/frame-000319.color.png redkitchen/seq-08/color/frame-000321.color.png 0.999362 0.0232072 -0.0271412 0.0126549 -0.023339 0.999717 -0.00455167 0.0120208 0.0270279 0.00518225 0.999621 -0.0597111 0.0 0.0 0.0 1.0
redkitchen/seq-08/color/frame-000321.color.png redkitchen/seq-08/color/frame-000323.color.png 0.999677 0.0196116 -0.0161432 -0.0131721 -0.0198604 0.999684 -0.0153943 0.0180746 0.0158362 0.01571 0.999751 -0.0224013 0.0 0.0 0.0 1.0
redkitchen/seq-08/color/frame-000323.color.png redkitchen/seq-08/color/frame-000325.color.png 0.99957 0.0200026 -0.0214223 0.00775063 -0.0201965 0.999757 -0.00887621 0.0110503 0.0212396 0.00930503 0.999731 -0.0386933 0.0 0.0 0.0 1.0
redkitchen/seq-08/color/frame-000325.color.png redkitchen/seq-08/color/frame-000327.color.png 0.999745 0.0126746 -0.018712 -0.00292802 -0.0129758 0.999787 -0.0160587 0.00232571 0.0185044 0.0162974 0.999696 -0.0324835 0.0 0.0 0.0 1.0
redkitchen/seq-08/color/frame-000327.color.png redkitchen/seq-08/color/frame-000329.color.png 0.999776 0.0122562 -0.0172654 0.00863373 -0.012381 0.999898 -0.00714304 -0.00723533 0.0171761 0.0073552 0.999825 -0.0348915 0.0 0.0 0.0 1.0
redkitchen/seq-08/color/frame-000329.color.png redkitchen/seq-08/color/frame-000331.color.png 0.999883 0.0142397 0.00556133 -0.0143434 -0.0141947 0.999867 -0.00806493 0.00283943 -0.00567542 0.00798505 0.999952 0.0199492 0.0 0.0 0.0 1.0
redkitchen/seq-08/color/frame-000331.color.png redkitchen/seq-08/color/frame-000333.color.png 0.999893 0.0146244 0.000518661 -0.0262083 -0.0146104 0.999678 -0.0207519 0.0143984 -0.000821979 0.0207421 0.999784 0.0237321 0.0 0.0 0.0 1.0
redkitchen/seq-08/color/frame-000333.color.png redkitchen/seq-08/color/frame-000335.color.png 0.999792 0.0107696 -0.0173085 0.00109804 -0.0110511 0.999807 -0.0162534 -0.00959513 0.0171301 0.0164413 0.999718 -0.0375548 0.0 0.0 0.0 1.0
redkitchen/seq-08/color/frame-000335.color.png redkitchen/seq-08/color/frame-000337.color.png 0.9996 0.027779 0.00533825 -0.024648 -0.0276816 0.999463 -0.0175296 0.0215932 -0.00582234 0.0173748 0.999832 0.0178707 0.0 0.0 0.0 1.0
redkitchen/seq-08/color/frame-000337.color.png redkitchen/seq-08/color/frame-000339.color.png 0.999348 0.0289395 -0.0216051 -0.0114521 -0.029235 0.999481 -0.0134885 0.0447482 0.0212036 0.0141114 0.999676 -0.0243221 0.0 0.0 0.0 1.0
redkitchen/seq-08/color/frame-000339.color.png redkitchen/seq-08/color/frame-000341.color.png 0.999336 0.0207423 -0.0299614 -0.000512838 -0.0209068 0.999768 -0.00518596 0.00802207 0.0298469 0.00580891 0.999538 -0.0620756 0.0 0.0 0.0 1.0
