redkitchen/seq-08/color/frame-000002.color.png redkitchen/seq-08/color/frame-000005.color.png 0.999999 0.000694768 0.00094977 0.00711554 -0.000688785 0.99998 -0.00628579 0.009721 -0.000954118 0.00628513 0.99998 -0.0043612 0.0 0.0 0.0 1.0
redkitchen/seq-08/color/frame-000005.color.png redkitchen/seq-08/color/frame-000008.color.png 0.999984 0.000456419 0.00566497 0.00255329 -0.000504758 0.999964 0.00853447 0.00306296 -0.00566087 -0.00853719 0.999947 0.00234616 0.0 0.0 0.0 1.0
redkitchen/seq-08/color/frame-000008.color.png redkitchen/seq-08/color/frame-000011.color.png 0.999944 0.00521546 0.00925149 -0.00505294 -0.00531134 0.999932 0.0103699 -0.00118714 -0.00919678 -0.0104185 0.999904 -0.000311301 0.0 0.0 0.0 1.0
redkitchen/seq-08/color/frame-000011.color.png redkitchen/seq-08/color/frame-000014.color.png 0.999969 0.00696041 -0.00369533 -0.00468386 -0.00692208 0.999923 0.0102848 0.00400259 0.00376663 -0.0102589 0.99994 0.00869184 0.0 0.0 0.0 1.0
redkitchen/seq-08/color/frame-000014.color.png redkitchen/seq-08/color/frame-000017.color.png 0.999957 0.00920829 0.000609196 -0.0210832 -0.00921617 0.999852 0.014539 -0.00587858 -0.000475227 -0.014544 0.999894 0.01029 0.0 0.0 0.0 1.0
redkitchen/seq-08/color/frame-000017.color.png redkitchen/seq-08/color/frame-000020.color.png 0.999633 0.0160438 -0.0218387 -0.0187423 -0.0158184 0.99982 0.0104539 -0.00795779 0.0220025 -0.0101046 0.999707 0.0178119 0.0 0.0 0.0 1.0
redkitchen/seq-08/color/frame-000020.color.png redkitchen/seq-08/color/frame-000023.color.png 0.999338 0.0241754 -0.027169 -0.0179177 -0.0239733 0.999683 0.00774119 -0.00844832 0.0273475 -0.00708473 0.999601 0.0222626 0.0 0.0 0.0 1.0
redkitchen/seq-08/color/frame-000023.color.png redkitchen/seq-08/color/frame-000026.color.png 0.999532 0.0251397 -0.0174407 -0.0386824 -0.0250426 0.99967 0.00576509 -0.0197282 0.0175799 -0.00532563 0.999831 0.0178802 0.0 0.0 0.0 1.0
redkitchen/seq-08/color/frame-000026.color.png redkitchen/seq-08/color/frame-000029.color.png 0.998565 0.0331431 -0.0420513 -0.0216399 -0.0329646 0.999444 0.0049304 -0.0136868 0.0421913 -0.00353713 0.999103 0.0282058 0.0 0.0 0.0 1.0
redkitchen/seq-08/color/frame-000029.color.png redkitchen/seq-08/color/frame-000032.color.png 0.999286 0.0315419 -0.0207928 -0.0359389 -0.0315014 0.999501 0.00227474 -0.025213 0.0208542 -0.00161811 0.999781 0.0362517 0.0 0.0 0.0 1.0
redkitchen/seq-08/color/frame-000032.color.png redkitchen/seq-08/color/frame-000035.color.png 0.999466 0.0186031 -0.0268643 -0.0329405 -0.0186441 0.999825 -0.00127867 -0.025178 0.0268358 0.00177885 0.999638 0.0304322 0.0 0.0 0.0 1.0
redkitchen/seq-08/color/frame-000035.color.png redkitchen/seq-08/color/frame-000038.color.png 0.999544 0.0246248 -0.017461 -0.0226229 -0.0247109 0.999683 -0.00473479 -0.0340316 0.0173389 0.0051641 0.999836 0.029244 0.0 0.0 0.0 1.0
redkitchen/seq-08/color/frame-000038.color.png redkitchen/seq-08/color/frame-000041.color.png 0.99984 0.0167938 0.00614472 -0.0453941 -0.0167253 0.999799 -0.0110324 -0.0342254 -0.00632872 0.0109279 0.99992 0.0303246 0.0 0.0 0.0 1.0
redkitchen/seq-08/color/frame-000041.color.png redkitchen/seq-08/color/frame-000044.color.png 0.999874 0.0151505 -0.0047175 -0.0277189 -0.0152334 0.999721 -0.0180764 -0.0430753 0.00444229 0.018146 0.999825 0.0338636 0.0 0.0 0.0 1.0
redkitchen/seq-08/color/frame-000044.color.png redkitchen/seq-08/color/frame-000047.color.png 0.999974 0.00529955 0.00499268 -0.0278753 -0.00516741 0.999645 -0.0261219 -0.0274722 -0.00512934 0.0260954 0.999646 0.0283919 0.0 0.0 0.0 1.0
redkitchen/seq-08/color/frame-000047.color.png redkitchen/seq-08/color/frame-000050.color.png 0.999996 0.00203258 0.00185412 -0.0543946 -0.00201721 0.999964 -0.00824125 -0.0414071 -0.00187079 0.00823747 0.999964 0.0341577 0.0 0.0 0.0 1.0
redkitchen/seq-08/color/frame-000050.color.png redkitchen/seq-08/color/frame-000053.color.png 0.999988 0.00403426 -0.00266537 -0.00945079 -0.00406255 0.999935 -0.0106683 -0.0333295 0.00262222 0.010679 0.999939 0.0200302 0.0 0.0 0.0 1.0
redkitchen/seq-08/color/frame-000053.color.png redkitchen/seq-08/color/frame-000056.color.png 0.999792 -0.00872079 -0.018443 -0.0109578 0.00865173 0.999955 -0.00382246 -0.0240953 0.0184754 0.00366211 0.999823 0.0314543 0.0 0.0 0.0 1.0
redkitchen/seq-08/color/frame-000056.color.png redkitchen/seq-08/color/frame-000059.color.png 0.99996 0.00826855 -0.00332582 0.00843143 -0.00828543 0.999953 -0.00510129 -0.05095 0.00328349 0.00512864 0.999981 0.0162884 0.0 0.0 0.0 1.0
redkitchen/seq-08/color/frame-000059.color.png redkitchen/seq-08/color/frame-000062.color.png 0.999948 -0.00595301 -0.00832828 0.00447166 0.00591481 0.999972 -0.0046036 -0.03582 0.00835542 0.00455411 0.999955 0.0213405 0.0 0.0 0.0 1.0
redkitchen/seq-08/color/frame-000062.color.png redkitchen/seq-08/color/frame-000065.color.png 0.999887 0.00293325 0.0147226 0.00381202 -0.00265517 0.999818 -0.0188741 -0.0242297 -0.0147753 0.0188329 0.999713 0.0160636 0.0 0.0 0.0 1.0
redkitchen/seq-08/color/frame-000065.color.png redkitchen/seq-08/color/frame-000068.color.png 0.999989 0.00472146 -0.000111859 0.0151938 -0.0047221 0.999966 -0.00670605 -0.0323639 8.02015e-05 0.00670651 0.999977 0.0214468 0.0 0.0 0.0 1.0
redkitchen/seq-08/color/frame-000068.color.png redkitchen/seq-08/color/frame-000071.color.png 0.99993 0.00638167 0.00996229 0.0128459 -0.00627823 0.999927 -0.0103792 -0.0292616 -0.0100277 0.0103159 0.999896 0.0226631 0.0 0.0 0.0 1.0
redkitchen/seq-08/color/frame-000071.color.png redkitchen/seq-08/color/frame-000074.color.png 0.999986 -0.00451129 -0.00274478 0.0196627 0.00449765 0.999978 -0.00495947 -0.0204284 0.00276705 0.00494707 0.999984 0.025394 0.0 0.0 0.0 1.0
redkitchen/seq-08/color/frame-000074.color.png redkitchen/seq-08/color/frame-000077.color.png 0.999737 -0.00242846 0.0228188 0.0217612 0.00233551 0.999989 0.00409933 -0.0442502 -0.0228284 -0.00404496 0.999731 0.00727451 0.0 0.0 0.0 1.0
redkitchen/seq-08/color/frame-000077.color.png redkitchen/seq-08/color/frame-000080.color.png 0.999661 -0.0222658 0.0135073 0.0137502 0.0221799 0.999733 0.00647685 -0.015857 -0.013648 -0.00617508 0.999888 0.00693446 0.0 0.0 0.0 1.0
redkitchen/seq-08/color/frame-000080.color.png redkitchen/seq-08/color/frame-000083.color.png 0.999855 -0.01335 0.0106135 0.0219619 0.013313 0.999905 0.00355246 -0.0183138 -0.0106599 -0.00341063 0.999937 0.00826618 0.0 0.0 0.0 1.0
redkitchen/seq-08/color/frame-000083.color.png redkitchen/seq-08/color/frame-000086.color.png 0.999076 -0.0301405 0.030652 0.0215136 0.0301405 0.999546 0.000461457 -0.01879 -0.030652 0.00046282 0.99953 -0.0106401 0.0 0.0 0.0 1.0
redkitchen/seq-08/color/frame-000086.color.png redkitchen/seq-08/color/frame-000089.color.png 0.996294 -0.0505623 0.0695765 -0.0924087 0.0512603 0.998651 -0.00828268 0.00330997 -0.0690639 0.0118185 0.997542 -0.013995 0.0 0.0 0.0 1.0
redkitchen/seq-08/color/frame-000089.color.png redkitchen/seq-08/color/frame-000092.color.png 0.997909 -0.0472363 0.044109 0.00271547 0.0474372 0.998868 -0.00351822 0.0025484 -0.0438929 0.00560328 0.99902 0.00254083 0.0 0.0 0.0 1.0
redkitchen/seq-08/color/frame-000092.color.png redkitchen/seq-08/color/frame-000095.color.png 0.998826 -0.0271031 0.0401518 -0.0352618 0.0273119 0.999616 -0.00466155 0.0156686 -0.0400101 0.0057527 0.999183 0.000231415 0.0 0.0 0.0 1.0
redkitchen/seq-08/color/frame-000095.color.png redkitchen/seq-08/color/frame-000098.color.png 0.998187 -0.0371125 0.0473806 -0.00256763 0.0367394 0.999287 0.00872027 -0.00572997 -0.0476705 -0.00696372 0.998839 -0.00157097 0.0 0.0 0.0 1.0
redkitchen/seq-08/color/frame-000098.color.png redkitchen/seq-08/color/frame-000101.color.png 0.999393 -0.030867 0.0161431 0.0268427 0.0306501 0.999439 0.0135159 -0.0261353 -0.0165512 -0.0130129 0.999778 0.0081529 0.0 0.0 0.0 1.0
redkitchen/seq-08/color/frame-000101.color.png redkitchen/seq-08/color/frame-000104.color.png 0.997312 -0.0314157 0.0662004 -0.0453949 0.0327519 0.999279 -0.0191957 0.0759167 -0.0655496 0.0213123 0.997622 0.0592315 0.0 0.0 0.0 1.0
redkitchen/seq-08/color/frame-000104.color.png redkitchen/seq-08/color/frame-000107.color.png 0.997977 -0.0297575 0.0561828 -0.0223395 0.0290108 0.99948 0.0140602 -0.00576526 -0.056572 -0.0124018 0.998322 0.010303 0.0 0.0 0.0 1.0
redkitchen/seq-08/color/frame-000107.color.png redkitchen/seq-08/color/frame-000110.color.png 0.999564 -0.0167313 0.0243247 0.0211299 0.0165469 0.999833 0.00776083 0.0060361 -0.0244506 -0.00735495 0.999674 -0.00201571 0.0 0.0 0.0 1.0
redkitchen/seq-08/color/frame-000110.color.png redkitchen/seq-08/color/frame-000113.color.png 0.999137 -0.0251451 0.0330622 -0.00879858 0.0246733 0.999589 0.0146005 -0.021212 -0.0334158 -0.0137721 0.999347 0.00212663 0.0 0.0 0.0 1.0
redkitchen/seq-08/color/frame-000113.color.png redkitchen/seq-08/color/frame-000116.color.png 0.999364 -0.0268658 0.0234442 0.0128582 0.026836 0.999639 0.00158519 0.0213374 -0.0234783 -0.00095502 0.999724 0.0300466 0.0 0.0 0.0 1.0
redkitchen/seq-08/color/frame-000116.color.png redkitchen/seq-08/color/frame-000119.color.png 0.999467 -0.0124002 -0.030186 0.143317 0.0128549 0.999806 0.0149167 -0.0297843 0.0299952 -0.0152968 0.999433 -0.0180627 0.0 0.0 0.0 1.0
redkitchen/seq-08/color/frame-000119.color.png redkitchen/seq-08/color/frame-000122.color.png 0.999745 -0.0225327 -0.00175562 0.0112863 0.0225404 0.999736 0.00449716 -0.00670451 0.00165388 -0.00453558 0.999988 0.00885612 0.0 0.0 0.0 1.0
redkitchen/seq-08/color/frame-000122.color.png redkitchen/seq-08/color/frame-000125.color.png 0.999631 -0.0262051 0.00707529 0.0209565 0.0260626 0.999469 0.0195387 -0.0207046 -0.00758353 -0.0193471 0.999784 -0.00705564 0.0 0.0 0.0 1.0
redkitchen/seq-08/color/frame-000125.color.png redkitchen/seq-08/color/frame-000128.color.png 0.999748 -0.0204215 -0.00930038 0.0159838 0.0204351 0.99979 0.00136696 0.0305165 0.00927044 -0.00155668 0.999956 -0.00180233 0.0 0.0 0.0 1.0
redkitchen/seq-08/color/frame-000128.color.png redkitchen/seq-08/color/frame-000131.color.png 0.99997 -0.00495146 -0.00603949 0.0523188 0.00500807 0.999943 0.00939453 0.0586081 0.0059927 -0.00942448 0.999938 0.0243175 0.0 0.0 0.0 1.0
redkitchen/seq-08/color/frame-000131.color.png redkitchen/seq-08/color/frame-000134.color.png 0.999911 -0.0104442 -0.00822539 0.0790442 0.0108176 0.998849 0.0467353 -0.0750357 0.00772774 -0.0468201 0.998873 -0.0451656 0.0 0.0 0.0 1.0
redkitchen/seq-08/color/frame-000134.color.png redkitchen/seq-08/color/frame-000137.color.png 0.999888 -0.0100116 0.0111113 0.0159635 0.00986987 0.99987 0.0127374 0.0178468 -0.0112373 -0.0126263 0.999857 -0.00803196 0.0 0.0 0.0 1.0
redkitchen/seq-08/color/frame-000137.color.png redkitchen/seq-08/color/frame-000140.color.png 0.99952 -0.014013 0.0276461 0.00133008 0.0133663 0.999636 0.0234407 0.0273928 -0.0279646 -0.0230599 0.999343 -0.0187953 0.0 0.0 0.0 1.0
redkitchen/seq-08/color/frame-000140.color.png redkitchen/seq-08/color/frame-000143.color.png 0.999992 -0.00398518 0.000127972 0.0146478 0.0039812 0.999731 0.0228435 0.0175114 -0.000218985 -0.0228427 0.999739 -0.0303612 0.0 0.0 0.0 1.0
redkitchen/seq-08/color/frame-000143.color.png redkitchen/seq-08/color/frame-000146.color.png 0.999883 -0.0124621 0.00889868 0.00661772 0.0122409 0.999625 0.0244954 0.00507247 -0.00920059 -0.0243836 0.99966 -0.0264328 0.0 0.0 0.0 1.0
redkitchen/seq-08/color/frame-000146.color.png redkitchen/seq-08/color/frame-000149.color.png 0.99986 -0.0149895 0.00750093 0.00528669 0.0147955 0.999571 0.0252836 -0.0023163 -0.0078767 -0.0251691 0.999652 -0.0275198 0.0 0.0 0.0 1.0
redkitchen/seq-08/color/frame-000149.color.png redkitchen/seq-08/color/frame-000152.color.png 0.999477 -0.0252926 0.0201488 2.03252e-05 0.0247354 0.999317 0.0274352 0.0024932 -0.020829 -0.0269224 0.999421 -0.0347064 0.0 0.0 0.0 1.0
redkitchen/seq-08/color/frame-000152.color.png redkitchen/seq-08/color/frame-000155.color.png 0.999851 -0.0141178 0.00991312 -0.00239098 0.014076 0.999892 0.00428234 0.0130693 -0.00997242 -0.00414211 0.999942 -0.0345004 0.0 0.0 0.0 1.0
redkitchen/seq-08/color/frame-000155.color.png redkitchen/seq-08/color/frame-000158.color.png 0.999951 -0.00129984 0.00982145 -0.00968128 0.00113711 0.999862 0.0165467 0.0108133 -0.00984169 -0.0165347 0.999815 -0.0178703 0.0 0.0 0.0 1.0
redkitchen/seq-08/color/frame-000158.color.png redkitchen/seq-08/color/frame-000161.color.png 0.999948 -0.00817438 -0.00610897 0.00430143 0.00823227 0.999921 0.00950783 0.00643983 0.00603084 -0.00955764 0.999936 -0.0213872 0.0 0.0 0.0 1.0
redkitchen/seq-08/color/frame-000161.color.png redkitchen/seq-08/color/frame-000164.color.png 0.999894 -0.00801812 0.0121394 -0.00289816 0.00797148 0.999961 0.00388458 0.0109366 -0.0121701 -0.00378744 0.999919 -0.0117362 0.0 0.0 0.0 1.0
redkitchen/seq-08/color/frame-000164.color.png redkitchen/seq-08/color/frame-000167.color.png 0.99976 -0.0171 0.013674 -0.0142035 0.0172712 0.999773 -0.0125091 0.0354311 -0.013457 0.0127423 0.999828 -0.0176644 0.0 0.0 0.0 1.0
redkitchen/seq-08/color/frame-000167.color.png redkitchen/seq-08/color/frame-000170.color.png 0.999933 -0.00938905 0.00677289 -0.0103385 0.0093843 0.999956 0.000746473 0.0042069 -0.00677953 -0.000682795 0.999977 -0.0102611 0.0 0.0 0.0 1.0
redkitchen/seq-08/color/frame-000170.color.png redkitchen/seq-08/color/frame-000173.color.png 0.999895 -0.00662663 0.0128701 -0.0165564 0.00674548 0.999935 -0.00921744 0.0155645 -0.0128083 0.00930325 0.999875 -0.0102576 0.0 0.0 0.0 1.0
redkitchen/seq-08/color/frame-000173.color.png redkitchen/seq-08/color/frame-000176.color.png 0.999851 -0.0139 0.0102247 -0.0238783 0.0139847 0.999868 -0.00825774 0.0164371 -0.0101085 0.0083995 0.999914 -0.0128406 0.0 0.0 0.0 1.0
redkitchen/seq-08/color/frame-000176.color.png redkitchen/seq-08/color/frame-000179.color.png 0.999777 -0.00272147 0.020939 -0.0303162 0.00255975 0.999967 0.00774643 -0.00266661 -0.0209593 -0.00769111 0.999751 0.000393927 0.0 0.0 0.0 1.0
redkitchen/seq-08/color/frame-000179.color.png redkitchen/seq-08/color/frame-000182.color.png 0.999981 -0.00266025 0.00548891 -0.0142009 0.00268181 0.999989 -0.00391182 0.0175192 -0.0054785 0.00392643 0.999977 -0.0135052 0.0 0.0 0.0 1.0
redkitchen/seq-08/color/frame-000182.color.png redkitchen/seq-08/color/frame-000185.color.png 0.999607 -0.0027337 0.0278971 -0.0316112 0.00228528 0.999868 0.0160901 0.0135496 -0.0279374 -0.01602 0.999481 -0.00699916 0.0 0.0 0.0 1.0
redkitchen/seq-08/color/frame-000185.color.png redkitchen/seq-08/color/frame-000188.color.png 0.999947 0.00988173 -0.00294487 -0.000278741 -0.00983835 0.999849 0.0143585 0.0102799 0.00308643 -0.0143287 0.999893 -0.0128299 0.0 0.0 0.0 1.0
redkitchen/seq-08/color/frame-000188.color.png redkitchen/seq-08/color/frame-000191.color.png 0.999987 0.00358648 0.00364797 -0.00425884 -0.0035934 0.999992 0.00190911 0.0299968 -0.00364111 -0.00192222 0.999991 -0.0151541 0.0 0.0 0.0 1.0
redkitchen/seq-08/color/frame-000191.color.png redkitchen/seq-08/color/frame-000194.color.png 0.999898 -0.00394981 -0.0137068 0.0107134 0.00379026 0.999925 -0.0116418 0.0431599 0.0137517 0.0115885 0.999838 -0.0119007 0.0 0.0 0.0 1.0
redkitchen/seq-08/color/frame-000194.color.png redkitchen/seq-08/color/frame-000197.color.png 0.999851 0.00110234 -0.0172435 0.0177297 -0.00110807 0.999999 -0.000329186 0.0253603 0.0172431 0.00034828 0.999851 -0.0205023 0.0 0.0 0.0 1.0
redkitchen/seq-08/color/frame-000197.color.png redkitchen/seq-08/color/frame-000200.color.png 0.999867 -1.74513e-05 -0.0162905 0.0231291 -2.69603e-05 0.999996 -0.00272042 0.0151171 0.0162905 0.0027205 0.999864 -0.0198918 0.0 0.0 0.0 1.0
redkitchen/seq-08/color/frame-000200.color.png redkitchen/seq-08/color/frame-000203.color.png 0.999965 -0.00428995 -0.00722666 0.0186249 0.00422004 0.999944 -0.00966266 0.018002 0.00726764 0.00963178 0.999927 -0.0101433 0.0 0.0 0.0 1.0
redkitchen/seq-08/color/frame-000203.color.png redkitchen/seq-08/color/frame-000206.color.png 0.999815 -0.00398431 -0.0188052 0.0293956 0.0039092 0.999984 -0.00403017 0.0121789 0.018821 0.00395596 0.999815 -0.0160052 0.0 0.0 0.0 1.0
redkitchen/seq-08/color/frame-000206.color.png redkitchen/seq-08/color/frame-000209.color.png 0.999945 -0.00466922 -0.00942183 0.0308486 0.00471927 0.999975 0.00528887 0.01051 0.00939691 -0.00533301 0.999942 -0.00623044 0.0 0.0 0.0 1.0
redkitchen/seq-08/color/frame-000209.color.png redkitchen/seq-08/color/frame-000212.color.png 0.999923 -0.0103352 0.00691825 0.0434085 0.010407 0.999891 -0.0104295 0.0311529 -0.00680967 0.0105007 0.999922 -0.00961694 0.0 0.0 0.0 1.0
redkitchen/seq-08/color/frame-000212.color.png redkitchen/seq-08/color/frame-000215.color.png 0.999892 0.00271981 -0.0144634 0.0361943 -0.00279437 0.999983 -0.00513717 0.0161781 0.0144491 0.00517707 0.999882 -0.0147052 0.0 0.0 0.0 1.0
redkitchen/seq-08/color/frame-000215.color.png redkitchen/seq-08/color/frame-000218.color.png 0.999775 0.0208978 0.00357405 0.0324202 -0.020942 0.999699 0.0128104 0.0245892 -0.00330529 -0.0128825 0.999911 0.00410239 0.0 0.0 0.0 1.0
redkitchen/seq-08/color/frame-000218.color.png redkitchen/seq-08/color/frame-000221.color.png 0.999967 0.0073926 0.0032784 0.0460209 -0.00734981 0.99989 -0.0128762 0.0396416 -0.00337326 0.0128517 0.999912 -0.00386214 0.0 0.0 0.0 1.0
redkitchen/seq-08/color/frame-000221.color.png redkitchen/seq-08/color/frame-000224.color.png 0.999953 0.00170432 0.00951253 0.0361248 -0.00174944 0.999987 0.00473489 0.0105708 -0.00950438 -0.00475133 0.999943 -0.000701368 0.0 0.0 0.0 1.0
redkitchen/seq-08/color/frame-000224.color.png redkitchen/seq-08/color/frame-000227.color.png 0.999947 0.00969662 0.00335326 0.031558 -0.00972332 0.99992 0.00804956 0.0133622 -0.00327498 -0.00808176 0.999962 0.00512865 0.0 0.0 0.0 1.0
redkitchen/seq-08/color/frame-000227.color.png redkitchen/seq-08/color/frame-000230.color.png 0.999802 0.00697235 -0.0186209 0.0627455 -0.00698833 0.999975 -0.00079464 0.0111867 0.0186151 0.000924605 0.999826 -0.039465 0.0 0.0 0.0 1.0
redkitchen/seq-08/color/frame-000230.color.png redkitchen/seq-08/color/frame-000233.color.png 0.999924 0.0123561 -0.000176719 0.0443952 -0.0123575 0.999842 -0.0127865 0.0315458 1.86832e-05 0.0127877 0.999918 -0.0139537 0.0 0.0 0.0 1.0
redkitchen/seq-08/color/frame-000233.color.png redkitchen/seq-08/color/frame-000236.color.png 0.999918 0.00429961 -0.0120758 0.0308399 -0.00429257 0.999991 0.000608134 0.0034786 0.0120783 -0.000556161 0.999927 -0.0184579 0.0 0.0 0.0 1.0
redkitchen/seq-08/color/frame-000236.color.png redkitchen/seq-08/color/frame-000239.color.png 0.99989 0.0133689 -0.00639216 0.0501576 -0.0133396 0.9999 0.00460632 0.0193163 0.00645314 -0.00452059 0.999969 -0.0121169 0.0 0.0 0.0 1.0
redkitchen/seq-08/color/frame-000239.color.png redkitchen/seq-08/color/frame-000242.color.png 0.999851 0.0171359 -0.00184834 0.0285053 -0.0171161 0.999802 0.0101802 0.0193462 0.00202233 -0.0101471 0.999946 0.00216831 0.0 0.0 0.0 1.0
redkitchen/seq-08/color/frame-000242.color.png redkitchen/seq-08/color/frame-000245.color.png 0.999904 0.00577458 -0.0125862 0.0363822 -0.00571981 0.999974 0.00438537 0.0109002 0.0126112 -0.00431293 0.999911 -0.0130403 0.0 0.0 0.0 1.0
redkitchen/seq-08/color/frame-000245.color.png redkitchen/seq-08/color/frame-000248.color.png 0.999517 0.0207801 -0.0231076 0.0557094 -0.0206438 0.999768 0.00612294 0.0187966 0.0232294 -0.00564303 0.999714 -0.0278031 0.0 0.0 0.0 1.0
redkitchen/seq-08/color/frame-000248.color.png redkitchen/seq-08/color/frame-000251.color.png 0.99991 0.0134084 -0.000961872 0.0260124 -0.0134006 0.99988 0.00774262 0.0160731 0.00106555 -0.00772903 0.99997 0.00464299 0.0 0.0 0.0 1.0
redkitchen/seq-08/color/frame-000251.color.png redkitchen/seq-08/color/frame-000254.color.png 0.999742 0.00370262 -0.022433 0.0406942 -0.00369573 0.999993 0.000347481 -0.00105098 0.0224342 -0.000264455 0.999748 -0.0276908 0.0 0.0 0.0 1.0
redkitchen/seq-08/color/frame-000254.color.png redkitchen/seq-08/color/frame-000257.color.png 0.999771 0.0143034 -0.0159303 0.0523918 -0.014289 0.999897 0.00101571 0.022829 0.0159432 -0.000787899 0.999873 -0.0279338 0.0 0.0 0.0 1.0
redkitchen/seq-08/color/frame-000257.color.png redkitchen/seq-08/color/frame-000260.color.png 0.999906 0.00982094 -0.00959201 0.0264812 -0.00974156 0.999918 0.00828903 0.005835 0.00967271 -0.00819484 0.99992 -0.0187636 0.0 0.0 0.0 1.0
redkitchen/seq-08/color/frame-000260.color.png redkitchen/seq-08/color/frame-000263.color.png 0.999739 0.0223193 0.00495268 0.0310032 -0.0223937 0.999629 0.015503 0.0259335 -0.00460489 -0.0156098 0.999868 0.00827079 0.0 0.0 0.0 1.0
redkitchen/seq-08/color/frame-000263.color.png redkitchen/seq-08/color/frame-000266.color.png 0.999587 0.014462 -0.0248492 0.0475733 -0.0145431 0.999889 -0.00308563 0.0129367 0.0248018 0.00344571 0.999686 -0.0497948 0.0 0.0 0.0 1.0
redkitchen/seq-08/color/frame-000266.color.png redkitchen/seq-08/color/frame-000269.color.png 0.999906 0.0122447 -0.00619378 0.0225868 -0.0122057 0.999906 0.00629256 0.0151426 0.00627027 -0.0062163 0.999961 -0.00978554 0.0 0.0 0.0 1.0
redkitchen/seq-08/color/frame-000269.color.png redkitchen/seq-08/color/frame-000272.color.png 0.999684 0.0239601 -0.00754824 0.0240608 -0.0238827 0.999663 0.0101736 0.026169 0.00778954 -0.00999014 0.99992 -0.00929622 0.0 0.0 0.0 1.0
redkitchen/seq-08/color/frame-000272.color.png redkitchen/seq-08/color/frame-000275.color.png 0.999624 0.0114487 -0.0249021 0.0342104 -0.0117324 0.999868 -0.0112779 0.0201941 0.0247697 0.0115658 0.999626 -0.049876 0.0 0.0 0.0 1.0
redkitchen/seq-08/color/frame-000275.color.png redkitchen/seq-08/color/frame-000278.color.png 0.999267 0.0353102 -0.0147579 0.0401851 -0.0351327 0.999309 0.0121201 0.0333116 0.0151756 -0.0115927 0.999818 -0.0306578 0.0 0.0 0.0 1.0
redkitchen/seq-08/color/frame-000278.color.png redkitchen/seq-08/color/frame-000281.color.png 0.999479 0.0270892 -0.0175413 0.0259988 -0.0270736 0.999633 0.00112368 0.0415519 0.0175654 -0.000648263 0.999846 -0.0297925 0.0 0.0 0.0 1.0
redkitchen/seq-08/color/frame-000281.color.png redkitchen/seq-08/color/frame-000284.color.png 0.998184 0.0513597 -0.031493 0.0478826 -0.0505921 0.998414 0.0247042 0.0519275 0.0327117 -0.0230659 0.999199 -0.0512654 0.0 0.0 0.0 1.0
redkitchen/seq-08/color/frame-000284.color.png redkitchen/seq-08/color/frame-000287.color.png 0.999618 0.0260842 -0.00918279 0.0294703 -0.026038 0.999648 0.0051072 0.0430338 0.00931282 -0.00486616 0.999945 -0.0205111 0.0 0.0 0.0 1.0
redkitchen/seq-08/color/frame-000287.color.png redkitchen/seq-08/color/frame-000290.color.png 0.99947 0.0254592 -0.020288 0.0263216 -0.0251548 0.999569 0.0151141 0.0253095 0.0206641 -0.0145957 0.99968 -0.0386924 0.0 0.0 0.0 1.0
redkitchen/seq-08/color/frame-000290.color.png redkitchen/seq-08/color/frame-000293.color.png 0.999216 0.0368511 -0.0144933 0.0322515 -0.0368338 0.99932 0.00146472 0.0691933 0.0145373 -0.000929818 0.999894 -0.0350902 0.0 0.0 0.0 1.0
redkitchen/seq-08/color/frame-000293.color.png redkitchen/seq-08/color/frame-000296.color.png 0.999566 0.0238016 -0.0173605 0.0187707 -0.0238042 0.999717 5.45896e-05 0.0257047 0.0173569 0.000358701 0.999849 -0.034541 0.0 0.0 0.0 1.0
redkitchen/seq-08/color/frame-000296.color.png redkitchen/seq-08/color/frame-000299.color.png 0.999335 0.0351737 -0.00963611 0.0275902 -0.035146 0.999377 0.00303719 0.0477006 0.00973696 -0.00269646 0.999949 -0.0310546 0.0 0.0 0.0 1.0
redkitchen/seq-08/color/frame-000299.color.png redkitchen/seq-08/color/frame-000302.color.png 0.999617 0.0222871 -0.0164439 0.0160811 -0.0223799 0.999735 -0.00547215 0.0332711 0.0163175 0.00583799 0.99985 -0.0346348 0.0 0.0 0.0 1.0
redkitchen/seq-08/color/frame-000302.color.png redkitchen/seq-08/color/frame-000305.color.png 0.998698 0.0431372 -0.0272143 0.0237339 -0.0434746 0.998983 -0.0119321 0.0631498 0.0266719 0.0130996 0.999559 -0.0525645 0.0 0.0 0.0 1.0
redkitchen/seq-08/color/frame-000305.color.png redkitchen/seq-08/color/frame-000308.color.png 0.999585 0.0233148 -0.0169209 0.010404 -0.0237901 0.999312 -0.0284531 0.0331566 0.0162458 0.0288439 0.999452 -0.0275754 0.0 0.0 0.0 1.0
redkitchen/seq-08/color/frame-000308.color.png redkitchen/seq-08/color/frame-000311.color.png 0.998839 0.0380706 -0.029524 0.00511312 -0.0389152 0.998834 -0.02858 0.0334599 0.0284014 0.0296958 0.999155 -0.051919 0.0 0.0 0.0 1.0
redkitchen/seq-08/color/frame-000311.color.png redkitchen/seq-08/color/frame-000314.color.png 0.999444 0.0285003 -0.0172913 0.0101836 -0.0290643 0.999023 -0.0332891 0.0422099 0.0163257 0.0337731 0.999296 -0.0395057 0.0 0.0 0.0 1.0
redkitchen/seq-08/color/frame-000314.color.png redkitchen/seq-08/color/frame-000317.color.png 0.998596 0.0415237 -0.032877 0.00440252 -0.0418285 0.999088 -0.0086416 0.0290668 0.0324882 0.0100047 0.999422 -0.0565363 0.0 0.0 0.0 1.0
redkitchen/seq-08/color/frame-000317.color.png redkitchen/seq-08/color/frame-000320.color.png 0.998851 0.0308162 -0.0366958 0.00734782 -0.0313731 0.9994 -0.0146971 0.0276245 0.0362209 0.0158315 0.999218 -0.0636601 0.0 0.0 0.0 1.0
redkitchen/seq-08/color/frame-000320.color.png redkitchen/seq-08/color/frame-000323.color.png 0.999203 0.0257173 -0.0305319 -0.000707626 -0.0263313 0.999456 -0.0198808 0.0204025 0.030004 0.0206689 0.999336 -0.0486857 0.0 0.0 0.0 1.0
redkitchen/seq-08/color/frame-000323.color.png redkitchen/seq-08/color/frame-000326.color.png 0.99925 0.0285098 -0.0262022 0.000941277 -0.0288889 0.999482 -0.0142055 0.0129912 0.0257837 0.0149519 0.999556 -0.0456462 0.0 0.0 0.0 1.0
redkitchen/seq-08/color/frame-000326.color.png redkitchen/seq-08/color/frame-000329.color.png 0.999491 0.0202808 -0.0246365 -0.000783563 -0.0206256 0.999692 -0.0138185 -0.00635383 0.0243487 0.0143196 0.999601 -0.0479692 0.0 0.0 0.0 1.0
redkitchen/seq-08/color/frame-000329.color.png redkitchen/seq-08/color/frame-000332.color.png 0.999772 0.02135 0.000424889 -0.0192109 -0.0213421 0.999677 -0.0137819 0.000219122 -0.000718986 0.0137697 0.999905 0.0162051 0.0 0.0 0.0 1.0
redkitchen/seq-08/color/frame-000332.color.png redkitchen/seq-08/color/frame-000335.color.png 0.999521 0.0192969 -0.0241844 -0.00523472 -0.0200685 0.999284 -0.0320784 0.00461046 0.0235481 0.0325484 0.999193 -0.0413337 0.0 0.0 0.0 1.0
redkitchen/seq-08/color/frame-000335.color.png redkitchen/seq-08/color/frame-000338.color.png 0.999471 0.0323655 -0.00318327 -0.0337027 -0.032451 0.998959 -0.0320604 0.0372794 0.00214231 0.0321468 0.999481 0.0142743 0.0 0.0 0.0 1.0
redkitchen/seq-08/color/frame-000338.color.png redkitchen/seq-08/color/frame-000341.color.png 0.998151 0.04423 -0.0416982 -0.000647187 -0.0444455 0.999003 -0.0042595 0.0358266 0.0414682 0.00610492 0.999121 -0.0719243 0.0 0.0 0.0 1.0
redkitchen/seq-08/color/frame-000341.color.png redkitchen/seq-08/color/frame-000344.color.png 0.997727 0.0462894 -0.0489719 -0.0212173 -0.0465556 0.998906 -0.00431016 0.0504208 0.0487188 0.00658028 0.998791 -0.0706348 0.0 0.0 0.0 1.0
redkitchen/seq-08/color/frame-000344.color.png redkitchen/seq-08/color/frame-000347.color.png 0.998458 0.0367824 -0.0415775 -0.0372461 -0.0367435 0.999323 0.00170222 0.0456427 0.0416119 -0.000171918 0.999134 -0.0397961 0.0 0.0 0.0 1.0
redkitchen/seq-08/color/frame-000347.color.png redkitchen/seq-08/color/frame-000350.color.png 0.998477 0.0119501 -0.0538504 -0.0383786 -0.0122774 0.999908 -0.00575272 0.013324 0.0537767 0.00640514 0.998532 -0.0590689 0.0 0.0 0.0 1.0
redkitchen/seq-08/color/frame-000350.color.png redkitchen/seq-08/color/frame-000353.color.png 0.998109 -0.00739009 -0.0610162 -0.00734138 0.00711871 0.999964 -0.00466357 -0.0281871 0.0610484 0.00422037 0.998126 -0.0971427 0.0 0.0 0.0 1.0
redkitchen/seq-08/color/frame-000353.color.png redkitchen/seq-08/color/frame-000356.color.png 0.998807 -0.00326293 -0.0487295 -0.0251747 0.00331809 0.999994 0.00105266 0.0136231 0.0487258 -0.00121312 0.998811 -0.072573 0.0 0.0 0.0 1.0
redkitchen/seq-08/color/frame-000356.color.png redkitchen/seq-08/color/frame-000359.color.png 0.999617 0.0158798 -0.0226697 -0.0574433 -0.015259 0.999511 0.0272977 0.0459209 0.0230921 -0.0269413 0.99937 -0.0297624 0.0 0.0 0.0 1.0
redkitchen/seq-08/color/frame-000359.color.png redkitchen/seq-08/color/frame-000362.color.png 0.99914 0.0347003 -0.0226819 -0.0416197 -0.0334028 0.997912 0.0552727 0.0398765 0.0245526 -0.0544675 0.998214 -0.0420327 0.0 0.0 0.0 1.0
redkitchen/seq-08/color/frame-000362.color.png redkitchen/seq-08/color/frame-000365.color.png 0.999416 -0.0103242 -0.0325826 -0.0500594 0.0111914 0.999585 0.0265525 -0.00716004 0.0322949 -0.0269016 0.999116 -0.0533203 0.0 0.0 0.0 1.0
redkitchen/seq-08/color/frame-000365.color.png redkitchen/seq-08/color/frame-000368.color.png 0.999909 0.00515467 -0.0124323 -0.0434628 -0.00487457 0.999736 0.0224419 0.00769216 0.0125446 -0.0223793 0.999671 -0.027031 0.0 0.0 0.0 1.0
redkitchen/seq-08/color/frame-000368.color.png redkitchen/seq-08/color/frame-000371.color.png 0.999889 -0.0147936 -0.00189831 -0.0430769 0.0148389 0.999534 0.0266895 -0.0226919 0.00150266 -0.0267147 0.999642 -0.0206377 0.0 0.0 0.0 1.0
redkitchen/seq-08/color/frame-000371.color.png redkitchen/seq-08/color/frame-000374.color.png 0.999837 -0.0173455 0.00497753 -0.0508238 0.0172385 0.999635 0.0208079 -0.0239916 -0.00533672 -0.0207187 0.999771 0.00720924 0.0 0.0 0.0 1.0
redkitchen/seq-08/color/frame-000374.color.png redkitchen/seq-08/color/frame-000377.color.png 0.99955 -0.0276106 -0.0117179 -0.0486659 0.0278118 0.999462 0.017365 -0.0062471 0.0112323 -0.0176831 0.99978 -0.00926339 0.0 0.0 0.0 1.0
redkitchen/seq-08/color/frame-000377.color.png redkitchen/seq-08/color/frame-000380.color.png 0.999819 -0.0182599 -0.00529734 -0.03707 0.0184572 0.999031 0.0399544 -0.0239923 0.00456266 -0.040045 0.999188 -0.0122139 0.0 0.0 0.0 1.0
redkitchen/seq-08/color/frame-000380.color.png redkitchen/seq-08/color/frame-000383.color.png 0.999932 -0.0108972 -0.00422747 -0.0293105 0.011016 0.999513 0.0291909 -0.00815374 0.00390742 -0.0292355 0.999565 0.00915428 0.0 0.0 0.0 1.0
redkitchen/seq-08/color/frame-000383.color.png redkitchen/seq-08/color/frame-000386.color.png 0.999662 -0.0229374 0.0121991 -0.0397422 0.0228945 0.999731 0.00364619 -0.0167956 -0.0122796 -0.00336565 0.999919 0.0254453 0.0 0.0 0.0 1.0
redkitchen/seq-08/color/frame-000386.color.png redkitchen/seq-08/color/frame-000389.color.png 0.998847 -0.0463607 0.0125059 -0.0366569 0.0463375 0.998924 0.00213305 -0.0258235 -0.0125913 -0.00155115 0.999919 0.0352051 0.0 0.0 0.0 1.0
redkitchen/seq-08/color/frame-000389.color.png redkitchen/seq-08/color/frame-000392.color.png 0.998749 -0.0490925 0.00947931 -0.0436049 0.0489983 0.99875 0.00991163 -0.0179733 -0.00995402 -0.00943473 0.999906 0.0313788 0.0 0.0 0.0 1.0
redkitchen/seq-08/color/frame-000392.color.png redkitchen/seq-08/color/frame-000395.color.png 0.998776 -0.0445174 0.0215475 -0.0315295 0.0442145 0.998919 0.0143366 -0.0334807 -0.0221625 -0.0133663 0.999665 0.0493043 0.0 0.0 0.0 1.0
redkitchen/seq-08/color/frame-000395.color.png redkitchen/seq-08/color/frame-000398.color.png 0.997208 -0.0673207 0.0323148 -0.0540707 0.0666388 0.99754 0.0217365 -0.0547219 -0.0336986 -0.0195224 0.999241 0.0432473 0.0 0.0 0.0 1.0
redkitchen/seq-08/color/frame-000398.color.png redkitchen/seq-08/color/frame-000401.color.png 0.993936 -0.106783 0.0262215 -0.0374972 0.106281 0.994138 0.01985 -0.0887291 -0.0281874 -0.0169428 0.999459 0.0420748 0.0 0.0 0.0 1.0
redkitchen/seq-08/color/frame-000401.color.png redkitchen/seq-08/color/frame-000404.color.png 0.992465 -0.113342 0.0465519 -0.0482277 0.112732 0.993504 0.0155383 -0.0755688 -0.0480107 -0.0101734 0.998795 0.066532 0.0 0.0 0.0 1.0
redkitchen/seq-08/color/frame-000404.color.png redkitchen/seq-08/color/frame-000407.color.png 0.995474 -0.0911752 0.0268098 -0.0262895 0.0907141 0.995715 0.0179435 -0.0708727 -0.0283309 -0.0154303 0.99948 0.0320338 0.0 0.0 0.0 1.0
redkitchen/seq-08/color/frame-000407.color.png redkitchen/seq-08/color/frame-000410.color.png 0.998104 -0.0513413 0.0339331 -0.0529999 0.0509239 0.998617 0.0130522 -0.0354848 -0.0345563 -0.0112995 0.999339 0.0308852 0.0 0.0 0.0 1.0
redkitchen/seq-08/color/frame-000410.color.png redkitchen/seq-08/color/frame-000413.color.png 0.99676 -0.0757277 0.0271023 -0.0456271 0.0752451 0.996995 0.0184055 -0.0475746 -0.0284147 -0.0163065 0.999463 0.0289124 0.0 0.0 0.0 1.0
redkitchen/seq-08/color/frame-000413.color.png redkitchen/seq-08/color/frame-000416.color.png 0.996587 -0.0761997 0.0317556 -0.0544233 0.075508 0.996893 0.0224419 -0.0472153 -0.033367 -0.0199675 0.999244 0.0308166 0.0 0.0 0.0 1.0
redkitchen/seq-08/color/frame-000416.color.png redkitchen/seq-08/color/frame-000419.color.png 0.993744 -0.0913253 0.0642893 -0.0607837 0.0910773 0.995821 0.00678262 -0.0462839 -0.0646401 -0.000884916 0.997908 0.0509548 0.0 0.0 0.0 1.0
redkitchen/seq-08/color/frame-000419.color.png redkitchen/seq-08/color/frame-000422.color.png 0.994295 -0.0942033 0.0500319 -0.0665146 0.0928921 0.995285 0.027922 -0.0585967 -0.0524263 -0.0231151 0.998357 0.036405 0.0 0.0 0.0 1.0
redkitchen/seq-08/color/frame-000422.color.png redkitchen/seq-08/color/frame-000425.color.png 0.997914 -0.0571884 0.0299434 -0.046628 0.0567663 0.998278 0.0147632 -0.0377492 -0.0307362 -0.0130326 0.999443 -0.000348538 0.0 0.0 0.0 1.0
redkitchen/seq-08/color/frame-000425.color.png redkitchen/seq-08/color/frame-000428.color.png 0.997421 -0.0578489 0.0424934 -0.0598596 0.0570199 0.998163 0.0204679 -0.0217091 -0.0435994 -0.0179921 0.998887 0.0262974 0.0 0.0 0.0 1.0
redkitchen/seq-08/color/frame-000428.color.png redkitchen/seq-08/color/frame-000431.color.png 0.999463 -0.0308438 0.0110882 -0.0411534 0.0305835 0.999269 0.0229273 -0.0275841 -0.0117873 -0.0225759 0.999676 0.00498068 0.0 0.0 0.0 1.0
redkitchen/seq-08/color/frame-000431.color.png redkitchen/seq-08/color/frame-000434.color.png 0.998721 -0.0333728 0.0379804 -0.0541764 0.0320855 0.998906 0.0340101 -0.0165165 -0.0390739 -0.0327479 0.9987 0.0266934 0.0 0.0 0.0 1.0
redkitchen/seq-08/color/frame-000434.color.png redkitchen/seq-08/color/frame-000437.color.png 0.999419 -0.0265557 0.0213727 -0.0348761 0.026054 0.999386 0.0234238 -0.0188359 -0.0219816 -0.0228533 0.999497 0.0104517 0.0 0.0 0.0 1.0
redkitchen/seq-08/color/frame-000437.color.png redkitchen/seq-08/color/frame-000440.color.png 0.999451 -0.00252893 0.0330365 -0.051675 0.00202853 0.999883 0.0151676 0.00607507 -0.033071 -0.0150923 0.999339 0.00942704 0.0 0.0 0.0 1.0
redkitchen/seq-08/color/frame-000440.color.png redkitchen/seq-08/color/frame-000443.color.png 0.998906 -0.0202869 0.0421292 -0.0541101 0.0189628 0.999321 0.0315973 -0.0212844 -0.0427415 -0.0307638 0.998612 0.0122602 0.0 0.0 0.0 1.0
redkitchen/seq-08/color/frame-000443.color.png redkitchen/seq-08/color/frame-000446.color.png 0.999638 -0.0104202 0.0248178 -0.0351335 0.0103275 0.999939 0.00386234 -0.00165354 -0.0248565 -0.00360464 0.999685 0.0090358 0.0 0.0 0.0 1.0
redkitchen/seq-08/color/frame-000446.color.png redkitchen/seq-08/color/frame-000449.color.png 0.999508 -0.0130317 0.0285198 -0.0414993 0.0128213 0.999889 0.00754781 -0.00909272 -0.028615 -0.00717846 0.999565 0.00582582 0.0 0.0 0.0 1.0
redkitchen/seq-08/color/frame-000449.color.png redkitchen/seq-08/color/frame-000452.color.png 0.998786 -0.0294221 0.0395102 -0.060393 0.0292378 0.999559 0.00523618 -0.00934824 -0.0396468 -0.00407466 0.999205 0.010443 0.0 0.0 0.0 1.0
redkitchen/seq-08/color/frame-000452.color.png redkitchen/seq-08/color/frame-000455.color.png 0.999428 -0.0263057 0.021247 -0.0355195 0.0262859 0.999654 0.00121398 -0.00675589 -0.0212716 -0.000654766 0.999774 0.0156131 0.0 0.0 0.0 1.0
redkitchen/seq-08/color/frame-000455.color.png redkitchen/seq-08/color/frame-000458.color.png 0.999919 -0.0113158 0.0058722 -0.0329399 0.0113326 0.999932 -0.00284195 -0.00324962 -0.00583963 0.00290825 0.999979 -0.00712764 0.0 0.0 0.0 1.0
redkitchen/seq-08/color/frame-000458.color.png redkitchen/seq-08/color/frame-000461.color.png 0.999857 -0.0143391 0.00895307 -0.0501796 0.0145234 0.999677 -0.0208661 0.00394457 -0.00865106 0.0209931 0.999742 0.0121772 0.0 0.0 0.0 1.0
redkitchen/seq-08/color/frame-000461.color.png redkitchen/seq-08/color/frame-000464.color.png 0.999965 0.000926559 0.00831353 -0.0401797 -0.00090715 0.999997 -0.00232646 -0.00183576 -0.00831561 0.00231883 0.999963 0.00511441 0.0 0.0 0.0 1.0
redkitchen/seq-08/color/frame-000464.color.png redkitchen/seq-08/color/frame-000467.color.png 0.999676 -0.00806252 0.0241333 -0.0449894 0.00772196 0.99987 0.0141672 -0.0168459 -0.0242444 -0.0139763 0.999608 0.00397006 0.0 0.0 0.0 1.0
redkitchen/seq-08/color/frame-000467.color.png redkitchen/seq-08/color/frame-000470.color.png 0.999869 0.00889179 0.0135359 -0.0299677 -0.00899447 0.999931 0.00754453 -0.00519026 -0.0134679 -0.00766527 0.99988 -0.00324887 0.0 0.0 0.0 1.0
redkitchen/seq-08/color/frame-000470.color.png redkitchen/seq-08/color/frame-000473.color.png 0.999819 0.0109122 0.0156076 -0.0311015 -0.0109879 0.999928 0.00476881 -0.00596749 -0.0155544 -0.00493944 0.999867 0.00182328 0.0 0.0 0.0 1.0
redkitchen/seq-08/color/frame-000473.color.png redkitchen/seq-08/color/frame-000476.color.png 0.999686 0.0226583 0.010678 -0.041535 -0.0226539 0.999743 -0.000515637 -0.0117198 -0.010687 0.000273584 0.999943 -0.0160416 0.0 0.0 0.0 1.0
redkitchen/seq-08/color/frame-000476.color.png redkitchen/seq-08/color/frame-000479.color.png 0.999789 0.0187593 0.0083156 -0.0250955 -0.018752 0.999824 -0.000967223 -0.00156363 -0.00833226 0.000811046 0.999965 -0.00419195 0.0 0.0 0.0 1.0
redkitchen/seq-08/color/frame-000479.color.png redkitchen/seq-08/color/frame-000482.color.png 0.999738 0.0211768 0.0086491 -0.0374727 -0.0211878 0.999775 0.00117527 -0.00827083 -0.0086223 -0.00135818 0.999962 -0.0111126 0.0 0.0 0.0 1.0
redkitchen/seq-08/color/frame-000482.color.png redkitchen/seq-08/color/frame-000485.color.png 0.999786 0.0186353 0.00896815 -0.0316706 -0.018698 0.999801 0.0069521 -0.00344218 -0.00883671 -0.0071183 0.999936 -0.00751305 0.0 0.0 0.0 1.0
redkitchen/seq-08/color/frame-000485.color.png redkitchen/seq-08/color/frame-000488.color.png 0.999378 0.0243411 -0.0255297 -0.0126435 -0.0244823 0.999686 -0.00523341 0.0022393 0.0253943 0.00585521 0.99966 -0.00454202 0.0 0.0 0.0 1.0
redkitchen/seq-08/color/frame-000488.color.png redkitchen/seq-08/color/frame-000491.color.png 0.999209 0.0397192 0.00175932 -0.0356224 -0.039725 0.999205 0.00337053 -0.0203722 -0.00162407 -0.00343777 0.999993 -0.00937301 0.0 0.0 0.0 1.0
redkitchen/seq-08/color/frame-000491.color.png redkitchen/seq-08/color/frame-000494.color.png 0.998494 0.0507876 0.020742 -0.0397397 -0.0506722 0.998697 -0.00604865 -0.0259287 -0.0210222 0.0049885 0.999767 -0.0116388 0.0 0.0 0.0 1.0
redkitchen/seq-08/color/frame-000494.color.png redkitchen/seq-08/color/frame-000497.color.png 0.995823 0.0885347 0.0223022 -0.0460358 -0.0883732 0.996054 -0.00813374 -0.0224586 -0.0229344 0.00612886 0.999718 -0.0196911 0.0 0.0 0.0 1.0
redkitchen/seq-08/color/frame-000497.color.png redkitchen/seq-08/color/frame-000500.color.png 0.99802 0.0618023 0.0116439 -0.0440181 -0.06181 0.998088 0.000309296 -0.0143803 -0.0116026 -0.0010284 0.999932 -0.0114311 0.0 0.0 0.0 1.0
redkitchen/seq-08/color/frame-000500.color.png redkitchen/seq-08/color/frame-000503.color.png 0.99422 0.107161 0.00658798 -0.064268 -0.107121 0.994227 -0.00618798 -0.0238012 -0.00721296 0.00544651 0.999959 -0.00399084 0.0 0.0 0.0 1.0
redkitchen/seq-08/color/frame-000503.color.png redkitchen/seq-08/color/frame-000506.color.png 0.997153 0.0729391 -0.0191415 -0.0250092 -0.0730214 0.997324 -0.00364011 -0.0245373 0.0188247 0.00502749 0.99981 0.00290121 0.0 0.0 0.0 1.0
redkitchen/seq-08/color/frame-000506.color.png redkitchen/seq-08/color/frame-000509.color.png 0.996159 0.0874427 -0.00469512 -0.0449829 -0.0874492 0.996168 -0.00120179 -0.0334265 0.00457208 0.00160776 0.999988 -0.0175538 0.0 0.0 0.0 1.0
redkitchen/seq-08/color/frame-000509.color.png redkitchen/seq-08/color/frame-000512.color.png 0.998803 0.0487863 -0.00364368 -0.029871 -0.0487531 0.998773 0.00869594 -0.0203597 0.0040633 -0.0085079 0.999955 -0.00623022 0.0 0.0 0.0 1.0
redkitchen/seq-08/color/frame-000512.color.png redkitchen/seq-08/color/frame-000515.color.png 0.995892 0.0905527 0.000267193 -0.0336315 -0.0905499 0.995827 0.0113209 -0.0564197 0.00075912 -0.0112986 0.999936 -0.0096768 0.0 0.0 0.0 1.0
