redkitchen/seq-08/color/frame-000000.color.png redkitchen/seq-08/color/frame-000001.color.png 0.999978 -0.00116983 -0.00655485 -0.00388595 0.00117242 0.999999 0.000390432 -0.00464377 0.00655439 -0.000398109 0.999979 -0.000441468 0.0 0.0 0.0 1.0
redkitchen/seq-08/color/frame-000001.color.png redkitchen/seq-08/color/frame-000002.color.png 0.999942 0.000893194 -0.0107134 0.00432133 -0.000941795 0.999989 -0.00453229 0.00219448 0.0107092 0.00454212 0.999932 0.000530723 0.0 0.0 0.0 1.0
redkitchen/seq-08/color/frame-000002.color.png redkitchen/seq-08/color/frame-000003.color.png 0.999983 0.000592091 -0.00587496 0.00787082 -0.000626585 0.999982 -0.00587127 0.00667302 0.00587138 0.00587485 0.999966 -0.000910791 0.0 0.0 0.0 1.0
redkitchen/seq-08/color/frame-000003.color.png redkitchen/seq-08/color/frame-000004.color.png 0.999998 -0.00152395 0.00124506 0.00360973 0.00152623 0.999997 -0.00183199 0.00241585 -0.00124226 0.00183389 0.999997 -0.00148733 0.0 0.0 0.0 1.0
redkitchen/seq-08/color/frame-000004.color.png redkitchen/seq-08/color/frame-000005.color.png 0.99999 0.00153324 0.00419752 -0.0018125 -0.00153262 0.999999 -0.000153149 0.00330131 -0.00419775 0.000146713 0.999991 -0.00259847 0.0 0.0 0.0 1.0
redkitchen/seq-08/color/frame-000005.color.png redkitchen/seq-08/color/frame-000006.color.png 0.999999 0.000493472 0.0010321 0.00105181 -0.000496472 0.999996 0.00290849 0.00192751 -0.00103066 -0.002909 0.999995 -7.9283e-05 0.0 0.0 0.0 1.0
redkitchen/seq-08/color/frame-000006.color.png redkitchen/seq-08/color/frame-000007.color.png 0.999999 0.000174663 0.00140542 0.00158323 -0.000178555 0.999996 0.00276923 0.00222021 -0.00140493 -0.00276948 0.999995 0.00256165 0.0 0.0 0.0 1.0
redkitchen/seq-08/color/frame-000007.color.png redkitchen/seq-08/color/frame-000008.color.png 0.999994 -0.000117634 0.0033602 -0.000514663 0.000106151 0.999994 0.00341753 -0.00196777 -0.00336058 -0.00341715 0.999988 -0.000638327 0.0 0.0 0.0 1.0
redkitchen/seq-08/color/frame-000008.color.png redkitchen/seq-08/color/frame-000009.color.png 0.999994 0.00158752 0.0032255 0.000488092 -0.00159363 0.999997 0.00189468 0.00216205 -0.00322249 -0.00189981 0.999993 -0.000891506 0.0 0.0 0.0 1.0
redkitchen/seq-08/color/frame-000009.color.png redkitchen/seq-08/color/frame-000010.color.png 0.999993 0.00141371 0.00360473 -0.00125366 -0.0014276 0.999992 0.00385385 -0.000581713 -0.00359925 -0.00385897 0.999986 -1.71787e-05 0.0 0.0 0.0 1.0
redkitchen/seq-08/color/frame-000010.color.png redkitchen/seq-08/color/frame-000011.color.png 0.999996 0.00177262 0.00196103 -0.00364414 -0.00177989 0.999992 0.0037143 -0.00201306 -0.00195443 -0.00371778 0.999991 0.00180879 0.0 0.0 0.0 1.0
redkitchen/seq-08/color/frame-000011.color.png redkitchen/seq-08/color/frame-000012.color.png 0.999995 0.00297769 0.000523278 -0.00514706 -0.00297895 0.999993 0.00242163 0.00215728 -0.000516063 -0.00242318 0.999997 0.000440389 0.0 0.0 0.0 1.0
redkitchen/seq-08/color/frame-000012.color.png redkitchen/seq-08/color/frame-000013.color.png 0.999997 0.00195051 -0.00164177 -0.00131763 -0.00194282 0.999987 0.0046686 -0.000460336 0.00165086 -0.00466539 0.999988 0.00269275 0.0 0.0 0.0 1.0
redkitchen/seq-08/color/frame-000013.color.png redkitchen/seq-08/color/frame-000014.color.png 0.999994 0.00336929 -0.00105418 -0.00101851 -0.00336502 0.999986 0.00402994 0.00125385 0.00106775 -0.00402637 0.999991 0.00400579 0.0 0.0 0.0 1.0
redkitchen/seq-08/color/frame-000014.color.png redkitchen/seq-08/color/frame-000015.color.png 0.999998 0.00188348 0.00040318 -0.00363785 -0.00188521 0.999989 0.00432892 -0.00163443 -0.000395021 -0.00432967 0.999991 0.0036803 0.0 0.0 0.0 1.0
redkitchen/seq-08/color/frame-000015.color.png redkitchen/seq-08/color/frame-000016.color.png 0.999996 0.00284061 -0.000415889 -0.00411423 -0.00283898 0.999989 0.00386478 -0.00054221 0.000426861 -0.00386358 0.999992 0.00407342 0.0 0.0 0.0 1.0
redkitchen/seq-08/color/frame-000016.color.png redkitchen/seq-08/color/frame-000017.color.png 0.999995 0.00305455 -0.000736352 -0.0107717 -0.0030507 0.999982 0.00517182 -0.00273227 0.000752137 -0.00516955 0.999986 0.00375854 0.0 0.0 0.0 1.0
redkitchen/seq-08/color/frame-000017.color.png redkitchen/seq-08/color/frame-000018.color.png 0.999969 0.00370631 -0.00695862 -0.00639238 -0.00366091 0.999972 0.00652595 -0.00578505 0.00698261 -0.00650026 0.999955 0.00393147 0.0 0.0 0.0 1.0
redkitchen/seq-08/color/frame-000018.color.png redkitchen/seq-08/color/frame-000019.color.png 0.999976 0.00326203 -0.00619902 -0.00830419 -0.00324305 0.99999 0.00306886 -0.00298129 0.00620897 -0.00304868 0.999976 0.00761943 0.0 0.0 0.0 1.0
redkitchen/seq-08/color/frame-000019.color.png redkitchen/seq-08/color/frame-000020.color.png 0.99993 0.00978302 -0.00662849 -0.009004 -0.00976206 0.999947 0.00318761 -0.00428109 0.00665933 -0.00312268 0.999973 0.00483556 0.0 0.0 0.0 1.0
redkitchen/seq-08/color/frame-000020.color.png redkitchen/seq-08/color/frame-000021.color.png 0.999912 0.0100849 -0.00858855 -0.00737393 -0.010071 0.999948 0.00166605 -0.000399851 0.0086049 -0.00157941 0.999962 0.00437885 0.0 0.0 0.0 1.0
redkitchen/seq-08/color/frame-000021.color.png redkitchen/seq-08/color/frame-000022.color.png 0.999929 0.00674007 -0.0098397 -0.00485675 -0.00670068 0.999969 0.00403056 -0.00527659 0.00986657 -0.00396434 0.999944 0.00790338 0.0 0.0 0.0 1.0
redkitchen/seq-08/color/frame-000022.color.png redkitchen/seq-08/color/frame-000023.color.png 0.999946 0.00762022 -0.0070322 -0.00899501 -0.00760785 0.99997 0.00178165 -0.00386151 0.00704556 -0.00172806 0.999974 0.00758912 0.0 0.0 0.0 1.0
redkitchen/seq-08/color/frame-000023.color.png redkitchen/seq-08/color/frame-000024.color.png 0.999938 0.00687923 -0.00881391 -0.00382685 -0.00687185 0.999976 0.000868067 -0.00250945 0.00881968 -0.000807441 0.999961 0.00669251 0.0 0.0 0.0 1.0
redkitchen/seq-08/color/frame-000024.color.png redkitchen/seq-08/color/frame-000025.color.png 0.999965 0.00731597 -0.00399655 -0.0143539 -0.00730783 0.999971 0.00204972 -0.0074963 0.00401143 -0.00202045 0.99999 0.00693076 0.0 0.0 0.0 1.0
redkitchen/seq-08/color/frame-000025.color.png redkitchen/seq-08/color/frame-000026.color.png 0.999914 0.0112551 -0.00676112 -0.0166601 -0.0112492 0.999936 0.000904957 -0.00723173 0.00677089 -0.000828823 0.999977 0.00394111 0.0 0.0 0.0 1.0
redkitchen/seq-08/color/frame-000026.color.png redkitchen/seq-08/color/frame-000027.color.png 0.999892 0.00867681 -0.0118599 -0.0119633 -0.00865961 0.999961 0.00150175 -0.00667239 0.0118725 -0.00139888 0.999928 0.00860748 0.0 0.0 0.0 1.0
redkitchen/seq-08/color/frame-000027.color.png redkitchen/seq-08/color/frame-000028.color.png 0.999868 0.0113272 -0.0116409 -0.0123823 -0.011299 0.999933 0.00248663 -0.00599439 0.0116683 -0.00235476 0.999929 0.00608515 0.0 0.0 0.0 1.0
redkitchen/seq-08/color/frame-000028.color.png redkitchen/seq-08/color/frame-000029.color.png 0.999782 0.0132068 -0.0161847 -0.00236709 -0.013202 0.999913 0.000402714 -0.00326597 0.0161886 -0.000188961 0.999869 0.0133462 0.0 0.0 0.0 1.0
redkitchen/seq-08/color/frame-000029.color.png redkitchen/seq-08/color/frame-000030.color.png 0.999868 0.0121865 -0.0107365 -0.00475265 -0.0121846 0.999926 0.000243154 -0.00598896 0.0107387 -0.000112301 0.999942 0.0117622 0.0 0.0 0.0 1.0
redkitchen/seq-08/color/frame-000030.color.png redkitchen/seq-08/color/frame-000031.color.png 0.999935 0.0107685 -0.00382503 -0.0159277 -0.0107609 0.99994 0.00201782 -0.00963163 0.00384652 -0.00197652 0.999991 0.0101722 0.0 0.0 0.0 1.0
redkitchen/seq-08/color/frame-000031.color.png redkitchen/seq-08/color/frame-000032.color.png 0.999919 0.00930111 -0.00864466 -0.0108338 -0.00931383 0.999956 -0.00142934 -0.009082 0.008631 0.00150973 0.999961 0.0138926 0.0 0.0 0.0 1.0
redkitchen/seq-08/color/frame-000032.color.png redkitchen/seq-08/color/frame-000033.color.png 0.999958 0.00573263 -0.00722744 -0.0150111 -0.00575654 0.999978 -0.00329344 -0.00680057 0.00720839 0.00333493 0.999969 0.00999065 0.0 0.0 0.0 1.0
redkitchen/seq-08/color/frame-000033.color.png redkitchen/seq-08/color/frame-000034.color.png 0.999941 0.00462385 -0.00982776 -0.0102668 -0.00461944 0.999989 0.000470207 -0.00974946 0.00982982 -0.00042479 0.999952 0.00995252 0.0 0.0 0.0 1.0
redkitchen/seq-08/color/frame-000034.color.png redkitchen/seq-08/color/frame-000035.color.png 0.999949 0.00757977 -0.00670334 -0.0134225 -0.00756737 0.99997 0.00187605 -0.00993005 0.00671737 -0.00182521 0.999976 0.00912115 0.0 0.0 0.0 1.0
redkitchen/seq-08/color/frame-000035.color.png redkitchen/seq-08/color/frame-000036.color.png 0.999934 0.00882027 -0.00734841 -0.0120486 -0.00883617 0.999959 -0.00213647 -0.00905466 0.00732928 0.00220125 0.999971 0.0150367 0.0 0.0 0.0 1.0
redkitchen/seq-08/color/frame-000036.color.png redkitchen/seq-08/color/frame-000037.color.png 0.999953 0.00814569 -0.00524441 -0.0076791 -0.00815611 0.999965 -0.0019698 -0.0105695 0.00522818 0.00201248 0.999984 0.0107308 0.0 0.0 0.0 1.0
redkitchen/seq-08/color/frame-000037.color.png redkitchen/seq-08/color/frame-000038.color.png 0.999955 0.0093502 0.00182526 -0.0181902 -0.00934427 0.999951 -0.00321885 -0.0130078 -0.00185528 0.00320164 0.999993 0.0111954 0.0 0.0 0.0 1.0
redkitchen/seq-08/color/frame-000038.color.png redkitchen/seq-08/color/frame-000039.color.png 0.999994 0.0035759 -0.000268473 -0.00979102 -0.00357746 0.999976 -0.00596832 -0.00681844 0.000247117 0.00596925 0.999982 0.012159 0.0 0.0 0.0 1.0
redkitchen/seq-08/color/frame-000039.color.png redkitchen/seq-08/color/frame-000040.color.png 0.99999 0.00436434 0.000573633 -0.00847304 -0.00436274 0.999987 -0.0027457 -0.0130859 -0.000585579 0.00274315 0.999996 0.00648209 0.0 0.0 0.0 1.0
redkitchen/seq-08/color/frame-000040.color.png redkitchen/seq-08/color/frame-000041.color.png 0.999937 0.0109201 0.00245302 -0.0190861 -0.0109135 0.999937 -0.00267372 -0.0157274 -0.00248211 0.00264681 0.999994 0.0130446 0.0 0.0 0.0 1.0
redkitchen/seq-08/color/frame-000041.color.png redkitchen/seq-08/color/frame-000042.color.png 0.999995 0.00267234 -0.00166828 -0.0148135 -0.00269061 0.999936 -0.0110233 0.00512312 0.00163875 0.0110278 0.999938 0.0204701 0.0 0.0 0.0 1.0
redkitchen/seq-08/color/frame-000042.color.png redkitchen/seq-08/color/frame-000043.color.png 0.999986 0.00396563 -0.00348442 -0.00715747 -0.00399082 0.999966 -0.00725978 -0.014488 0.00345546 0.00727359 0.999968 0.00916146 0.0 0.0 0.0 1.0
redkitchen/seq-08/color/frame-000043.color.png redkitchen/seq-08/color/frame-000044.color.png 0.99998 0.00553081 -0.00321491 0.00148952 -0.00555231 0.999962 -0.00669549 -0.0163034 0.00317779 0.0067132 0.999972 0.00655764 0.0 0.0 0.0 1.0
redkitchen/seq-08/color/frame-000044.color.png redkitchen/seq-08/color/frame-000045.color.png 0.99997 0.00586527 0.00514407 -0.0144509 -0.00585816 0.999982 -0.00138941 -0.0240231 -0.00515211 0.00135922 0.999986 0.00442339 0.0 0.0 0.0 1.0
redkitchen/seq-08/color/frame-000045.color.png redkitchen/seq-08/color/frame-000046.color.png 0.999995 0.00298286 0.0012088 -0.00605562 -0.00297415 0.99997 -0.00711867 -0.0126793 -0.00123001 0.00711504 0.999974 0.00718962 0.0 0.0 0.0 1.0
redkitchen/seq-08/color/frame-000046.color.png redkitchen/seq-08/color/frame-000047.color.png 0.999996 -0.000966772 0.00266013 -0.015804 0.000997562 0.999932 -0.0116383 -0.00350671 -0.00264872 0.0116409 0.999929 0.014717 0.0 0.0 0.0 1.0
redkitchen/seq-08/color/frame-000047.color.png redkitchen/seq-08/color/frame-000048.color.png 0.999984 -0.00352399 -0.00441581 -0.00774252 0.0034874 0.99996 -0.00828041 0.000367731 0.0044448 0.00826488 0.999956 0.0138932 0.0 0.0 0.0 1.0
redkitchen/seq-08/color/frame-000048.color.png redkitchen/seq-08/color/frame-000049.color.png 0.999977 0.00139707 -0.00666735 -0.00687984 -0.00140251 0.999999 -0.0008006 -0.0183311 0.00666622 0.000809926 0.999977 0.0103477 0.0 0.0 0.0 1.0
redkitchen/seq-08/color/frame-000049.color.png redkitchen/seq-08/color/frame-000050.color.png 0.999984 -0.00103549 -0.00549952 0.00308603 0.00101832 0.999995 -0.0031327 -0.0129026 0.00550271 0.00312705 0.99998 0.00362909 0.0 0.0 0.0 1.0
redkitchen/seq-08/color/frame-000050.color.png redkitchen/seq-08/color/frame-000051.color.png 0.999997 0.00230793 0.00113489 -0.0079188 -0.00230315 0.999989 -0.00417942 -0.0117257 -0.00114452 0.0041768 0.999991 0.00911042 0.0 0.0 0.0 1.0
redkitchen/seq-08/color/frame-000051.color.png redkitchen/seq-08/color/frame-000052.color.png 0.999996 0.001014 -0.00254698 0.000127584 -0.00102441 0.999991 -0.00409873 -0.0115682 0.00254283 0.00410133 0.999988 0.00438049 0.0 0.0 0.0 1.0
redkitchen/seq-08/color/frame-000052.color.png redkitchen/seq-08/color/frame-000053.color.png 0.999999 0.000139242 -0.00116602 -0.00309297 -0.000143995 0.999992 -0.00405221 -0.00663474 0.0011654 0.00405237 0.999991 0.00738806 0.0 0.0 0.0 1.0
redkitchen/seq-08/color/frame-000053.color.png redkitchen/seq-08/color/frame-000054.color.png 0.999999 0.000553104 -0.00113799 -0.00945058 -0.000553595 1.0 -0.000383291 -0.0129551 0.0011378 0.000383922 0.999999 0.0118761 0.0 0.0 0.0 1.0
redkitchen/seq-08/color/frame-000054.color.png redkitchen/seq-08/color/frame-000055.color.png 0.999995 -0.00163832 -0.00256119 -0.00996915 0.00163717 0.999999 -0.000453021 -0.0113021 0.00256188 0.000448833 0.999997 0.00820503 0.0 0.0 0.0 1.0
redkitchen/seq-08/color/frame-000055.color.png redkitchen/seq-08/color/frame-000056.color.png 0.99992 -0.005838 -0.0111967 -0.000131726 0.00582607 0.999982 -0.00109897 -0.00422665 0.0112029 0.00103364 0.999937 0.0108255 0.0 0.0 0.0 1.0
redkitchen/seq-08/color/frame-000056.color.png redkitchen/seq-08/color/frame-000057.color.png 0.999967 0.00533628 -0.00609188 0.00840369 -0.00529843 0.999967 0.00620781 -0.0308152 0.00612479 -0.00617534 0.999962 -0.000132501 0.0 0.0 0.0 1.0
redkitchen/seq-08/color/frame-000057.color.png redkitchen/seq-08/color/frame-000058.color.png 0.999996 0.00217475 0.00194173 0.00127184 -0.00217189 0.999996 -0.00148884 -0.0183779 -0.00194495 0.00148462 0.999997 0.00383422 0.0 0.0 0.0 1.0
redkitchen/seq-08/color/frame-000058.color.png redkitchen/seq-08/color/frame-000059.color.png 0.999999 -0.000434602 0.00160574 -0.00365251 0.000448067 0.999965 -0.008393 -0.00587213 -0.00160204 0.00839372 0.999963 0.0107614 0.0 0.0 0.0 1.0
redkitchen/seq-08/color/frame-000059.color.png redkitchen/seq-08/color/frame-000060.color.png 0.999987 -0.00436592 -0.00247957 0.00457019 0.00435853 0.999986 -0.00297406 -0.00871632 0.00249252 0.00296321 0.999992 0.00475445 0.0 0.0 0.0 1.0
redkitchen/seq-08/color/frame-000060.color.png redkitchen/seq-08/color/frame-000061.color.png 0.999987 -0.00482692 -0.00180205 -0.00534725 0.00482166 0.999984 -0.00290878 -0.00355923 0.00181605 0.00290005 0.999994 0.0114463 0.0 0.0 0.0 1.0
redkitchen/seq-08/color/frame-000061.color.png redkitchen/seq-08/color/frame-000062.color.png 0.999988 0.00211833 -0.00442395 0.0052855 -0.00211557 0.999998 0.000618369 -0.02052 0.00442526 -0.000609019 0.99999 0.00314537 0.0 0.0 0.0 1.0
redkitchen/seq-08/color/frame-000062.color.png redkitchen/seq-08/color/frame-000063.color.png 0.999961 0.0085145 0.0022139 0.0119758 -0.00851122 0.999963 -0.00148026 -0.025981 -0.00222644 0.00146136 0.999996 -0.00138915 0.0 0.0 0.0 1.0
redkitchen/seq-08/color/frame-000063.color.png redkitchen/seq-08/color/frame-000064.color.png 0.999973 -0.00140505 0.00724735 0.00118586 0.00146757 0.999962 -0.00863301 -0.00411862 -0.00723495 0.0086434 0.999937 0.004109 0.0 0.0 0.0 1.0
redkitchen/seq-08/color/frame-000064.color.png redkitchen/seq-08/color/frame-000065.color.png 0.99997 -0.00744303 0.0021757 -0.00198695 0.00745729 0.99995 -0.00662693 0.00224358 -0.00212624 0.00664295 0.999976 0.0108628 0.0 0.0 0.0 1.0
redkitchen/seq-08/color/frame-000065.color.png redkitchen/seq-08/color/frame-000066.color.png 0.999995 0.00327397 -0.000520125 -0.000533134 -0.0032745 0.999994 -0.0010739 -0.0130906 0.000516602 0.00107561 0.999999 0.00973108 0.0 0.0 0.0 1.0
redkitchen/seq-08/color/frame-000066.color.png redkitchen/seq-08/color/frame-000067.color.png 0.999989 0.00404592 -0.00246914 0.0104434 -0.00404803 0.999991 -0.000845284 -0.0166244 0.00246569 0.000855246 0.999997 0.00316355 0.0 0.0 0.0 1.0
redkitchen/seq-08/color/frame-000067.color.png redkitchen/seq-08/color/frame-000068.color.png 0.999981 0.00585184 0.00214591 0.0119759 -0.00585138 0.999983 -0.00021803 -0.0208244 -0.00214717 0.000205483 0.999998 0.000805408 0.0 0.0 0.0 1.0
redkitchen/seq-08/color/frame-000068.color.png redkitchen/seq-08/color/frame-000069.color.png 0.999978 -0.0035326 0.00565236 -0.00011909 0.00357185 0.999969 -0.006953 0.00493398 -0.00562762 0.00697303 0.99996 0.0112643 0.0 0.0 0.0 1.0
redkitchen/seq-08/color/frame-000069.color.png redkitchen/seq-08/color/frame-000070.color.png 0.999962 0.00341384 0.00803459 -0.0092192 -0.00337806 0.999984 -0.00446391 -0.00500211 -0.00804972 0.0044366 0.999958 0.00865453 0.0 0.0 0.0 1.0
redkitchen/seq-08/color/frame-000070.color.png redkitchen/seq-08/color/frame-000071.color.png 0.999998 0.00198471 0.000897858 0.00435495 -0.00198143 0.999992 -0.00357882 -0.0116438 -0.000904947 0.00357702 0.999993 0.0101852 0.0 0.0 0.0 1.0
redkitchen/seq-08/color/frame-000071.color.png redkitchen/seq-08/color/frame-000072.color.png 0.999992 -0.00232621 -0.00315269 0.0144981 0.00231392 0.99999 -0.00388801 -0.00797504 0.00316173 0.00388067 0.999988 0.00324622 0.0 0.0 0.0 1.0
redkitchen/seq-08/color/frame-000072.color.png redkitchen/seq-08/color/frame-000073.color.png 0.999995 -0.00323101 -0.000174275 0.000126213 0.00323058 0.999992 -0.00242904 -0.00235724 0.000182127 0.00242846 0.999997 0.00973114 0.0 0.0 0.0 1.0
redkitchen/seq-08/color/frame-000073.color.png redkitchen/seq-08/color/frame-000074.color.png 0.999989 0.000289592 -0.00463623 0.0200318 -0.000266469 0.999988 0.00498625 -0.0206598 0.00463759 -0.00498495 0.999977 0.000826359 0.0 0.0 0.0 1.0
redkitchen/seq-08/color/frame-000074.color.png redkitchen/seq-08/color/frame-000075.color.png 0.999988 0.00475036 0.000965136 0.0197364 -0.0047561 0.99997 0.00602313 -0.0299719 -0.000936465 -0.00602765 0.999981 0.00322944 0.0 0.0 0.0 1.0
redkitchen/seq-08/color/frame-000075.color.png redkitchen/seq-08/color/frame-000076.color.png 0.999947 0.0011535 0.0102214 0.00592047 -0.0011571 0.999999 0.000348931 -0.012657 -0.010221 -0.00036074 0.999948 0.00318819 0.0 0.0 0.0 1.0
redkitchen/seq-08/color/frame-000076.color.png redkitchen/seq-08/color/frame-000077.color.png 0.999926 -0.00413885 0.0114104 -0.00124907 0.00415928 0.99999 -0.00175737 -0.00597584 -0.011403 0.00180471 0.999933 0.00372422 0.0 0.0 0.0 1.0
redkitchen/seq-08/color/frame-000077.color.png redkitchen/seq-08/color/frame-000078.color.png 0.99991 -0.00769095 0.0110155 -0.00874493 0.00773132 0.999964 -0.00362919 0.00546002 -0.0109872 0.00371401 0.999933 0.00810975 0.0 0.0 0.0 1.0
redkitchen/seq-08/color/frame-000078.color.png redkitchen/seq-08/color/frame-000079.color.png 0.999979 -0.00612672 0.00226937 0.0101036 0.00610792 0.999948 0.00820687 -0.0169829 -0.00231953 -0.00819283 0.999964 -0.00473642 0.0 0.0 0.0 1.0
redkitchen/seq-08/color/frame-000079.color.png redkitchen/seq-08/color/frame-000080.color.png 0.999952 -0.00848999 0.00480973 -0.00194341 0.00847225 0.999957 0.00369737 -0.0073306 -0.00484092 -0.00365644 0.999982 0.00614467 0.0 0.0 0.0 1.0
redkitchen/seq-08/color/frame-000080.color.png redkitchen/seq-08/color/frame-000081.color.png 1.0 0.000218765 -0.000818871 0.00239667 -0.000218326 1.0 0.000500627 -0.00138515 0.00081897 -0.000500443 0.999999 -0.000572264 0.0 0.0 0.0 1.0
redkitchen/seq-08/color/frame-000081.color.png redkitchen/seq-08/color/frame-000082.color.png 0.99998 -0.00612409 0.00141477 0.0142874 0.00611523 0.999962 0.00617753 -0.0187956 -0.00145253 -0.00616875 0.99998 0.00333142 0.0 0.0 0.0 1.0
redkitchen/seq-08/color/frame-000082.color.png redkitchen/seq-08/color/frame-000083.color.png 0.99996 -0.00719223 0.00530076 0.0165204 0.0071911 0.999974 0.000225799 -0.00806326 -0.00530224 -0.000187678 0.999986 0.00484607 0.0 0.0 0.0 1.0
redkitchen/seq-08/color/frame-000083.color.png redkitchen/seq-08/color/frame-000084.color.png 0.999859 -0.00673346 0.0153874 -0.000623941 0.00674004 0.999977 -0.000374203 -0.00570565 -0.0153846 0.00047785 0.999882 -0.000333995 0.0 0.0 0.0 1.0
redkitchen/seq-08/color/frame-000084.color.png redkitchen/seq-08/color/frame-000085.color.png 0.99982 -0.0108591 0.0155822 -0.00282334 0.0108687 0.999941 -0.000526875 -0.00466007 -0.0155755 0.00069614 0.999878 -0.00098294 0.0 0.0 0.0 1.0
redkitchen/seq-08/color/frame-000085.color.png redkitchen/seq-08/color/frame-000086.color.png 0.999844 -0.0147383 0.00968437 0.000657722 0.0147535 0.99989 -0.00149635 -0.001028 -0.00966127 0.00163899 0.999952 0.007128 0.0 0.0 0.0 1.0
redkitchen/seq-08/color/frame-000086.color.png redkitchen/seq-08/color/frame-000087.color.png 0.999869 -0.0143773 0.00738881 0.00598264 0.0143785 0.999897 -0.000108351 -0.00582516 -0.00738648 0.000214576 0.999973 0.000531912 0.0 0.0 0.0 1.0
redkitchen/seq-08/color/frame-000087.color.png redkitchen/seq-08/color/frame-000088.color.png 0.999749 -0.0156663 0.0160086 -0.00590383 0.0157119 0.999873 -0.00273095 -0.00131321 -0.0159638 0.0029818 0.999868 0.000352055 0.0 0.0 0.0 1.0
redkitchen/seq-08/color/frame-000088.color.png redkitchen/seq-08/color/frame-000089.color.png 0.99971 -0.014843 0.0189568 -0.00836301 0.014983 0.999861 -0.0072629 0.00899839 -0.0188464 0.00754482 0.999794 0.0170672 0.0 0.0 0.0 1.0
redkitchen/seq-08/color/frame-000089.color.png redkitchen/seq-08/color/frame-000090.color.png 0.999716 -0.0185804 0.0149629 0.00346784 0.0185274 0.999821 0.00367422 -0.0098927 -0.0150285 -0.00339596 0.999881 -0.0128511 0.0 0.0 0.0 1.0
redkitchen/seq-08/color/frame-000090.color.png redkitchen/seq-08/color/frame-000091.color.png 0.999917 -0.0119211 0.00481497 0.0244535 0.0119255 0.999929 -0.000892258 -0.00202662 -0.00480398 0.000949614 0.999988 0.00416589 0.0 0.0 0.0 1.0
redkitchen/seq-08/color/frame-000091.color.png redkitchen/seq-08/color/frame-000092.color.png 0.99971 -0.0155353 0.0184218 -0.0134092 0.0154965 0.999877 0.00224441 -0.010188 -0.0184545 -0.00195828 0.999828 -0.00039205 0.0 0.0 0.0 1.0
redkitchen/seq-08/color/frame-000092.color.png redkitchen/seq-08/color/frame-000093.color.png 0.999604 -0.0167232 0.0226504 -0.0260286 0.0167888 0.999855 -0.00270672 0.00848722 -0.0226019 0.00308591 0.99974 0.000415295 0.0 0.0 0.0 1.0
redkitchen/seq-08/color/frame-000093.color.png redkitchen/seq-08/color/frame-000094.color.png 0.999808 -0.0126907 0.0149523 -0.00243596 0.0127486 0.999912 -0.0037819 0.0130944 -0.0149029 0.00397178 0.999881 0.00387603 0.0 0.0 0.0 1.0
redkitchen/seq-08/color/frame-000094.color.png redkitchen/seq-08/color/frame-000095.color.png 1.0 0.000132029 0.000359406 -0.000802241 -0.000132217 1.0 0.000428122 -0.00107354 -0.000359351 -0.000428165 1.0 -0.00128019 0.0 0.0 0.0 1.0
redkitchen/seq-08/color/frame-000095.color.png redkitchen/seq-08/color/frame-000096.color.png 0.999788 -0.0152004 0.0139101 -4.10005e-05 0.0151363 0.999874 0.00469655 -0.00769234 -0.0139798 -0.004485 0.999892 0.000101328 0.0 0.0 0.0 1.0
redkitchen/seq-08/color/frame-000096.color.png redkitchen/seq-08/color/frame-000097.color.png 0.999598 -0.0130516 0.0251637 -0.0326869 0.0129402 0.999906 0.00458731 -0.00767475 -0.0252212 -0.00425986 0.999673 -0.00496614 0.0 0.0 0.0 1.0
redkitchen/seq-08/color/frame-000097.color.png redkitchen/seq-08/color/frame-000098.color.png 0.999827 -0.00807001 0.0167812 0.00276896 0.00801765 0.999963 0.00318568 -0.00180197 -0.0168063 -0.00305058 0.999854 0.00283659 0.0 0.0 0.0 1.0
redkitchen/seq-08/color/frame-000098.color.png redkitchen/seq-08/color/frame-000099.color.png 0.99965 -0.0141603 0.0223487 -0.0203833 0.0140713 0.999892 0.00413553 -0.00777072 -0.0224049 -0.00381962 0.999742 -0.00236726 0.0 0.0 0.0 1.0
redkitchen/seq-08/color/frame-000099.color.png redkitchen/seq-08/color/frame-000100.color.png 0.999729 -0.0124492 0.0196766 -0.0182443 0.0124954 0.99992 -0.00222484 0.0120344 -0.0196473 0.00247012 0.999804 0.0114625 0.0 0.0 0.0 1.0
redkitchen/seq-08/color/frame-000100.color.png redkitchen/seq-08/color/frame-000101.color.png 0.999604 0.00390452 -0.0278801 0.0855312 -0.0039222 0.999992 -0.000579705 0.00108236 0.0278776 0.00068883 0.999611 0.00572026 0.0 0.0 0.0 1.0
redkitchen/seq-08/color/frame-000101.color.png redkitchen/seq-08/color/frame-000102.color.png 0.999878 -0.00768232 0.0136207 0.00662356 0.00757044 0.999937 0.00824713 -0.0171307 -0.0136832 -0.00814301 0.999873 0.000255167 0.0 0.0 0.0 1.0
redkitchen/seq-08/color/frame-000102.color.png redkitchen/seq-08/color/frame-000103.color.png 0.99972 -0.0107118 0.0211054 -0.0106551 0.0108245 0.999928 -0.00523271 0.0181065 -0.0210479 0.00545969 0.999764 0.0104872 0.0 0.0 0.0 1.0
redkitchen/seq-08/color/frame-000103.color.png redkitchen/seq-08/color/frame-000104.color.png 0.999503 -0.0118412 0.0292226 -0.0379435 0.0115327 0.999876 0.0107018 -0.018631 -0.0293457 -0.0103595 0.999516 0.00431323 0.0 0.0 0.0 1.0
redkitchen/seq-08/color/frame-000104.color.png redkitchen/seq-08/color/frame-000105.color.png 0.999937 -0.00188914 0.0111092 0.0198712 0.00187526 0.999997 0.00125945 0.014479 -0.0111116 -0.00123854 0.999937 0.00665879 0.0 0.0 0.0 1.0
redkitchen/seq-08/color/frame-000105.color.png redkitchen/seq-08/color/frame-000106.color.png 0.999787 -0.0103622 0.0178505 -0.00309663 0.0101616 0.999885 0.0112949 -0.0225035 -0.0179655 -0.0111111 0.999777 -0.00330389 0.0 0.0 0.0 1.0
redkitchen/seq-08/color/frame-000106.color.png redkitchen/seq-08/color/frame-000107.color.png 0.999673 -0.0132618 0.0218804 -0.0227748 0.0133237 0.999908 -0.00268725 0.0128903 -0.0218428 0.0029779 0.999757 0.0107412 0.0 0.0 0.0 1.0
redkitchen/seq-08/color/frame-000107.color.png redkitchen/seq-08/color/frame-000108.color.png 1.0 5.64864e-05 6.01441e-05 -0.000138938 -5.64516e-05 1.0 -0.000543711 0.00153172 -6.01712e-05 0.00054371 1.0 0.000332773 0.0 0.0 0.0 1.0
redkitchen/seq-08/color/frame-000108.color.png redkitchen/seq-08/color/frame-000109.color.png 0.99977 -0.0079874 0.0199183 -0.0114646 0.00794299 0.999966 0.00230784 0.00563449 -0.0199361 -0.00214909 0.999799 0.00907904 0.0 0.0 0.0 1.0
redkitchen/seq-08/color/frame-000109.color.png redkitchen/seq-08/color/frame-000110.color.png 0.999727 -0.0101819 0.0210158 -0.0123279 0.0100653 0.999933 0.00564509 -0.00403976 -0.0210719 -0.00543202 0.999763 0.0104042 0.0 0.0 0.0 1.0
redkitchen/seq-08/color/frame-000110.color.png redkitchen/seq-08/color/frame-000111.color.png 0.999801 -0.0123849 -0.0156356 0.0919672 0.0124174 0.999921 0.00198782 0.00830781 0.0156098 -0.00218158 0.999876 -0.0124968 0.0 0.0 0.0 1.0
redkitchen/seq-08/color/frame-000111.color.png redkitchen/seq-08/color/frame-000112.color.png 0.999824 -0.0113036 0.0150131 -0.00213717 0.0111991 0.999913 0.0070272 -0.01074 -0.0150912 -0.00685782 0.999863 0.00896615 0.0 0.0 0.0 1.0
redkitchen/seq-08/color/frame-000112.color.png redkitchen/seq-08/color/frame-000113.color.png 1.0 -8.34317e-06 -0.000143213 0.000387281 8.39183e-06 1.0 0.000318734 -0.000704825 0.000143234 -0.000318735 1.0 -0.00030309 0.0 0.0 0.0 1.0
redkitchen/seq-08/color/frame-000113.color.png redkitchen/seq-08/color/frame-000114.color.png 0.999905 -0.0085318 0.0108173 -0.00347523 0.00856771 0.999958 -0.00327961 0.0189406 -0.0107889 0.00337198 0.999936 0.0153519 0.0 0.0 0.0 1.0
redkitchen/seq-08/color/frame-000114.color.png redkitchen/seq-08/color/frame-000115.color.png 0.999941 -0.00803729 0.00738594 0.000829682 0.0079939 0.999951 0.00588736 -0.00534409 -0.00743282 -0.00582797 0.999955 0.00349879 0.0 0.0 0.0 1.0
redkitchen/seq-08/color/frame-000115.color.png redkitchen/seq-08/color/frame-000116.color.png 0.999871 -0.0100663 0.0125158 -0.00867453 0.010025 0.999944 0.00335913 -0.00354511 -0.0125489 -0.00323323 0.999916 0.0118676 0.0 0.0 0.0 1.0
redkitchen/seq-08/color/frame-000116.color.png redkitchen/seq-08/color/frame-000117.color.png 0.999998 0.000504933 -0.00203066 0.00714834 -0.000508023 0.999999 -0.00151796 0.0044713 0.00202986 0.00151898 0.999997 0.00214273 0.0 0.0 0.0 1.0
redkitchen/seq-08/color/frame-000117.color.png redkitchen/seq-08/color/frame-000118.color.png 0.999923 -0.0120045 -0.00306784 0.0347075 0.0120411 0.999853 0.0122046 -0.0285546 0.00292089 -0.0122406 0.999921 -0.0170827 0.0 0.0 0.0 1.0
redkitchen/seq-08/color/frame-000118.color.png redkitchen/seq-08/color/frame-000119.color.png 0.99993 -0.0118037 0.00100601 0.0128233 0.011803 0.99993 0.000671644 0.00471193 -0.00101387 -0.000659727 0.999999 -0.000741959 0.0 0.0 0.0 1.0
redkitchen/seq-08/color/frame-000119.color.png redkitchen/seq-08/color/frame-000120.color.png 0.999938 -0.0110516 -0.00110204 0.00982192 0.0110502 0.999938 -0.00126103 0.00880647 0.00111591 0.00124876 0.999999 0.0090369 0.0 0.0 0.0 1.0
redkitchen/seq-08/color/frame-000120.color.png redkitchen/seq-08/color/frame-000121.color.png 0.999959 -0.00863402 -0.00267837 0.0106463 0.00863986 0.99996 0.002185 -0.00245154 0.00265939 -0.00220805 0.999994 0.00296849 0.0 0.0 0.0 1.0
redkitchen/seq-08/color/frame-000121.color.png redkitchen/seq-08/color/frame-000122.color.png 1.0 -3.03069e-05 -0.000357468 0.000951171 3.02834e-05 1.0 -2.49896e-05 7.56979e-05 0.00035752 2.49784e-05 1.0 -0.000424266 0.0 0.0 0.0 1.0
redkitchen/seq-08/color/frame-000122.color.png redkitchen/seq-08/color/frame-000123.color.png 0.99997 -0.00774779 0.000486924 0.00584906 0.00774418 0.999945 0.00703964 -0.0125636 -0.000541459 -0.00703565 0.999975 -0.00513345 0.0 0.0 0.0 1.0
redkitchen/seq-08/color/frame-000123.color.png redkitchen/seq-08/color/frame-000124.color.png 0.999966 -0.00700181 0.00435639 0.00696173 0.00700352 0.999975 -0.000376042 0.0155631 -0.00435367 0.000406539 0.99999 0.0110357 0.0 0.0 0.0 1.0
redkitchen/seq-08/color/frame-000124.color.png redkitchen/seq-08/color/frame-000125.color.png 0.999889 -0.00989236 0.0111747 -0.0144598 0.00978532 0.999906 0.00959639 -0.0165219 -0.0112686 -0.00948597 0.999892 0.0133755 0.0 0.0 0.0 1.0
redkitchen/seq-08/color/frame-000125.color.png redkitchen/seq-08/color/frame-000126.color.png 0.999922 -0.0124212 0.00113961 -0.00748485 0.0124101 0.99988 0.00929531 -0.011461 -0.00125487 -0.00928045 0.999956 -0.00613022 0.0 0.0 0.0 1.0
redkitchen/seq-08/color/frame-000126.color.png redkitchen/seq-08/color/frame-000127.color.png 1.0 0.000466195 -0.000787337 0.00369129 -0.000467018 0.999999 -0.000991043 0.0030666 0.000786909 0.000991403 0.999999 0.00137496 0.0 0.0 0.0 1.0
redkitchen/seq-08/color/frame-000127.color.png redkitchen/seq-08/color/frame-000128.color.png 0.999935 -0.00930543 -0.00665586 0.0102937 0.00934612 0.999938 0.00610812 0.00367177 0.00659857 -0.00616993 0.999959 -0.00254983 0.0 0.0 0.0 1.0
redkitchen/seq-08/color/frame-000128.color.png redkitchen/seq-08/color/frame-000129.color.png 0.999728 -0.00350363 -0.0230469 0.0640123 0.00374167 0.99994 0.0102944 0.00837451 0.0230095 -0.0103778 0.999681 -0.0384083 0.0 0.0 0.0 1.0
redkitchen/seq-08/color/frame-000129.color.png redkitchen/seq-08/color/frame-000130.color.png 0.999994 -0.00235259 -0.00255084 0.0174449 0.00237059 0.999972 0.00707269 0.00949407 0.0025341 -0.0070787 0.999972 -0.00668716 0.0 0.0 0.0 1.0
redkitchen/seq-08/color/frame-000130.color.png redkitchen/seq-08/color/frame-000131.color.png 0.999986 -0.00438201 0.00309867 0.0109003 0.00435491 0.999953 0.00870224 0.000603378 -0.00313661 -0.00868862 0.999957 -0.00319421 0.0 0.0 0.0 1.0
redkitchen/seq-08/color/frame-000131.color.png redkitchen/seq-08/color/frame-000132.color.png 1.0 2.42575e-05 0.000162513 -0.000503898 -2.43017e-05 1.0 3.73572e-05 -9.05395e-05 -0.000162464 -3.73471e-05 1.0 -0.000430703 0.0 0.0 0.0 1.0
redkitchen/seq-08/color/frame-000132.color.png redkitchen/seq-08/color/frame-000133.color.png 0.999954 -0.00744774 0.00604032 0.00950772 0.00742487 0.999965 0.00380706 0.0112488 -0.00606857 -0.00376203 0.999975 -0.00253958 0.0 0.0 0.0 1.0
redkitchen/seq-08/color/frame-000133.color.png redkitchen/seq-08/color/frame-000134.color.png 0.99999 -0.00430917 0.00129539 0.0261961 0.00430189 0.999975 0.00555173 0.0126555 -0.00131921 -0.0055461 0.999984 0.0027678 0.0 0.0 0.0 1.0
redkitchen/seq-08/color/frame-000134.color.png redkitchen/seq-08/color/frame-000135.color.png 0.999971 -0.00613087 0.00451003 0.00781229 0.0060934 0.999947 0.00827689 0.00258374 -0.00456052 -0.00824917 0.999956 -0.0064441 0.0 0.0 0.0 1.0
redkitchen/seq-08/color/frame-000135.color.png redkitchen/seq-08/color/frame-000136.color.png 1.0 0.000480401 -0.000416499 0.00170386 -0.000480694 1.0 -0.000668514 0.00193232 0.000416115 0.00066872 1.0 0.000628293 0.0 0.0 0.0 1.0
redkitchen/seq-08/color/frame-000136.color.png redkitchen/seq-08/color/frame-000137.color.png 0.999987 -0.0038402 -0.00347584 0.0361986 0.00385532 0.999983 0.00435593 0.0160104 0.00345915 -0.00436926 0.999984 -0.0143595 0.0 0.0 0.0 1.0
redkitchen/seq-08/color/frame-000137.color.png redkitchen/seq-08/color/frame-000138.color.png 0.999931 -0.00500716 0.0106091 0.00183225 0.00489505 0.999932 0.0105714 0.00364852 -0.0106613 -0.0105188 0.999888 -0.0047015 0.0 0.0 0.0 1.0
redkitchen/seq-08/color/frame-000138.color.png redkitchen/seq-08/color/frame-000139.color.png 0.999936 -0.00485737 0.0102267 -7.64728e-05 0.0047749 0.999956 0.00806579 0.00806138 -0.0102654 -0.0080164 0.999915 -0.00316656 0.0 0.0 0.0 1.0
redkitchen/seq-08/color/frame-000139.color.png redkitchen/seq-08/color/frame-000140.color.png 0.999964 -0.00113699 0.00839652 -0.000883341 0.00108671 0.999981 0.00599517 0.0186529 -0.00840325 -0.00598585 0.999947 0.000231981 0.0 0.0 0.0 1.0
redkitchen/seq-08/color/frame-000140.color.png redkitchen/seq-08/color/frame-000141.color.png 1.0 -0.000116896 4.81978e-05 -8.4281e-05 0.000116864 1.0 -0.000115153 0.00011605 -4.81654e-05 0.000115118 1.0 7.95126e-05 0.0 0.0 0.0 1.0
redkitchen/seq-08/color/frame-000141.color.png redkitchen/seq-08/color/frame-000142.color.png 0.99999 -0.00334066 0.00308654 0.00245166 0.00330551 0.99993 0.0113273 0.00686935 -0.00312407 -0.0113169 0.999931 -0.0115632 0.0 0.0 0.0 1.0
redkitchen/seq-08/color/frame-000142.color.png redkitchen/seq-08/color/frame-000143.color.png 0.999976 -0.00674352 -0.00139175 0.0081929 0.00675666 0.999931 0.00962635 0.0104392 0.00132673 -0.00963552 0.999953 -0.0216709 0.0 0.0 0.0 1.0
redkitchen/seq-08/color/frame-000143.color.png redkitchen/seq-08/color/frame-000144.color.png 0.999993 -0.00309186 0.00204453 0.00888044 0.00305727 0.999856 0.0166999 -0.00145078 -0.00209581 -0.0166935 0.999859 -0.0127094 0.0 0.0 0.0 1.0
redkitchen/seq-08/color/frame-000144.color.png redkitchen/seq-08/color/frame-000145.color.png 1.0 0.000200565 9.33251e-05 -0.000150502 -0.000200534 1.0 -5.3299e-05 0.000151902 -9.33075e-05 5.32762e-05 1.0 0.000261545 0.0 0.0 0.0 1.0
redkitchen/seq-08/color/frame-000145.color.png redkitchen/seq-08/color/frame-000146.color.png 0.999961 -0.0060721 0.00644955 -0.000304818 0.00601262 0.99994 0.00919637 0.00749555 -0.00650507 -0.00915725 0.999937 -0.0123775 0.0 0.0 0.0 1.0
redkitchen/seq-08/color/frame-000146.color.png redkitchen/seq-08/color/frame-000147.color.png 0.999972 -0.00675074 0.00332943 0.00387555 0.0066995 0.999863 0.0151639 -0.00163239 -0.00343121 -0.0151412 0.999879 -0.0130296 0.0 0.0 0.0 1.0
redkitchen/seq-08/color/frame-000147.color.png redkitchen/seq-08/color/frame-000148.color.png 0.999968 -0.00642052 0.00477265 0.00213879 0.00637199 0.999929 0.0101161 0.00233263 -0.00483721 -0.0100853 0.999937 -0.0109097 0.0 0.0 0.0 1.0
redkitchen/seq-08/color/frame-000148.color.png redkitchen/seq-08/color/frame-000149.color.png 0.999998 -0.000765579 0.00204788 -0.00634056 0.000772128 0.999995 -0.00320109 0.0084424 -0.00204537 0.00320269 0.999993 0.0041818 0.0 0.0 0.0 1.0
redkitchen/seq-08/color/frame-000149.color.png redkitchen/seq-08/color/frame-000150.color.png 0.999963 -0.00709216 0.00494759 0.000122666 0.00705519 0.999947 0.00744535 0.00809908 -0.00500022 -0.00741019 0.99996 -0.011252 0.0 0.0 0.0 1.0
redkitchen/seq-08/color/frame-000150.color.png redkitchen/seq-08/color/frame-000151.color.png 0.999953 -0.00823517 0.00518782 0.00262547 0.0081573 0.999856 0.0148572 -0.00598747 -0.0053094 -0.0148141 0.999876 -0.0122336 0.0 0.0 0.0 1.0
redkitchen/seq-08/color/frame-000151.color.png redkitchen/seq-08/color/frame-000152.color.png 0.999919 -0.00436951 0.011946 -0.00431597 0.00424071 0.999933 0.0107864 -0.00204015 -0.0119922 -0.0107348 0.999871 -0.00469911 0.0 0.0 0.0 1.0
redkitchen/seq-08/color/frame-000152.color.png redkitchen/seq-08/color/frame-000153.color.png 1.0 1.86166e-05 6.95461e-05 -0.000107646 -1.87024e-05 1.0 5.28961e-05 -4.63128e-05 -6.95492e-05 -5.29318e-05 1.0 7.84397e-05 0.0 0.0 0.0 1.0
redkitchen/seq-08/color/frame-000153.color.png redkitchen/seq-08/color/frame-000154.color.png 0.999974 -0.00411785 0.00589893 -0.0015977 0.00411681 0.999991 0.000195183 0.0132342 -0.00589961 -0.000170866 0.999983 -0.00979525 0.0 0.0 0.0 1.0
redkitchen/seq-08/color/frame-000154.color.png redkitchen/seq-08/color/frame-000155.color.png 0.999966 -0.00531233 0.00627122 -0.00464469 0.00530537 0.999985 0.00112476 0.014491 -0.00627718 -0.00109146 0.99998 -0.00550964 0.0 0.0 0.0 1.0
redkitchen/seq-08/color/frame-000155.color.png redkitchen/seq-08/color/frame-000156.color.png 0.99998 0.000915426 0.00617944 -0.00428295 -0.000940057 0.999992 0.00397644 0.0128219 -0.00617574 -0.00398215 0.999973 -0.0090881 0.0 0.0 0.0 1.0
redkitchen/seq-08/color/frame-000156.color.png redkitchen/seq-08/color/frame-000157.color.png 1.0 -0.000133232 -0.00069446 0.001432 0.000132975 1.0 -0.000305257 0.00055176 0.000694549 0.000305111 1.0 -0.00050804 0.0 0.0 0.0 1.0
redkitchen/seq-08/color/frame-000157.color.png redkitchen/seq-08/color/frame-000158.color.png 0.999983 -0.00433322 0.003873 -0.00485331 0.00428834 0.999924 0.0115488 -0.0025014 -0.00392279 -0.011532 0.999926 -0.00781977 0.0 0.0 0.0 1.0
redkitchen/seq-08/color/frame-000158.color.png redkitchen/seq-08/color/frame-000159.color.png 0.999992 -0.00345539 -0.00207804 -0.000653863 0.00346611 0.999981 0.00518263 0.0039587 0.00206007 -0.00518979 0.999984 -0.0107182 0.0 0.0 0.0 1.0
redkitchen/seq-08/color/frame-000159.color.png redkitchen/seq-08/color/frame-000160.color.png 0.999983 -0.00298263 -0.00501879 0.00696903 0.0029872 0.999995 0.000905193 0.00904474 0.00501606 -0.000920207 0.999987 -0.0151387 0.0 0.0 0.0 1.0
redkitchen/seq-08/color/frame-000160.color.png redkitchen/seq-08/color/frame-000161.color.png 1.0 0.000104951 -0.000474005 0.000971138 -0.000105008 1.0 -0.000251691 0.000961334 0.000473928 0.000251722 1.0 0.000932485 0.0 0.0 0.0 1.0
redkitchen/seq-08/color/frame-000161.color.png redkitchen/seq-08/color/frame-000162.color.png 0.999992 -0.00360034 0.00178491 0.00350678 0.00359302 0.999985 0.00405148 0.00465515 -0.00179942 -0.00404509 0.99999 -0.00804132 0.0 0.0 0.0 1.0
redkitchen/seq-08/color/frame-000162.color.png redkitchen/seq-08/color/frame-000163.color.png 0.999936 -0.00534175 0.00992504 -0.00445777 0.00531532 0.999982 0.00268899 0.000779182 -0.00993921 -0.00263601 0.999947 -0.00136724 0.0 0.0 0.0 1.0
redkitchen/seq-08/color/frame-000163.color.png redkitchen/seq-08/color/frame-000164.color.png 1.0 0.000296126 0.000102961 -0.00023216 -0.000296133 1.0 4.90296e-05 0.000273108 -0.000103011 -4.90766e-05 1.0 -0.000305653 0.0 0.0 0.0 1.0
redkitchen/seq-08/color/frame-000164.color.png redkitchen/seq-08/color/frame-000165.color.png 0.99993 -0.00276653 0.0115286 -0.01329 0.00280757 0.99999 -0.00354534 0.00906788 -0.0115186 0.00357749 0.999927 -0.00138831 0.0 0.0 0.0 1.0
redkitchen/seq-08/color/frame-000165.color.png redkitchen/seq-08/color/frame-000166.color.png 0.999969 -0.0069058 0.00384737 -0.00710416 0.00690906 0.999976 -0.000834654 0.00152491 -0.00384159 0.000861121 0.999992 -0.00834283 0.0 0.0 0.0 1.0
redkitchen/seq-08/color/frame-000166.color.png redkitchen/seq-08/color/frame-000167.color.png 0.999968 -0.007565 0.00242855 -0.00664842 0.00756446 0.999971 0.000261498 0.000791714 -0.0024304 -0.000243025 0.999997 -0.00305608 0.0 0.0 0.0 1.0
redkitchen/seq-08/color/frame-000167.color.png redkitchen/seq-08/color/frame-000168.color.png 0.999983 -0.00515721 0.00287556 -0.00549471 0.00515933 0.999986 -0.000756645 0.00548977 -0.0028716 0.000771443 0.999996 -0.00545672 0.0 0.0 0.0 1.0
