redkitchen/seq-08/color/frame-000001.color.png redkitchen/seq-08/color/frame-000004.color.png 0.99989 -0.000122769 -0.0148353 0.0151784 -5.41337e-05 0.999929 -0.0119235 0.0109235 0.0148357 0.011923 0.999819 -0.00156699 0.0 0.0 0.0 1.0
redkitchen/seq-08/color/frame-000004.color.png redkitchen/seq-08/color/frame-000007.color.png 0.999985 0.000549818 0.00548415 0.00199583 -0.000583135 0.999981 0.00607545 0.00560299 -0.00548071 -0.00607855 0.999967 -0.00247634 0.0 0.0 0.0 1.0
redkitchen/seq-08/color/frame-000007.color.png redkitchen/seq-08/color/frame-000010.color.png 0.999939 0.00287264 0.0106176 -0.00183138 -0.00296907 0.999954 0.0090775 9.66266e-05 -0.010591 -0.00910848 0.999902 -0.000688938 0.0 0.0 0.0 1.0
redkitchen/seq-08/color/frame-000010.color.png redkitchen/seq-08/color/frame-000013.color.png 0.999977 0.00673437 0.00132283 -0.0106427 -0.00674893 0.999913 0.0113355 -0.00124487 -0.00124638 -0.0113441 0.999935 0.00526755 0.0 0.0 0.0 1.0
redkitchen/seq-08/color/frame-000013.color.png redkitchen/seq-08/color/frame-000016.color.png 0.999962 0.00873333 -0.000674504 -0.00937544 -0.00872438 0.999886 0.0122954 -0.0004763 0.000781807 -0.012289 0.999924 0.0113815 0.0 0.0 0.0 1.0
redkitchen/seq-08/color/frame-000016.color.png redkitchen/seq-08/color/frame-000019.color.png 0.999831 0.0103335 -0.0152141 -0.0223145 -0.0101257 0.999855 0.0136751 -0.00942141 0.0153532 -0.0135187 0.999791 0.0200533 0.0 0.0 0.0 1.0
redkitchen/seq-08/color/frame-000019.color.png redkitchen/seq-08/color/frame-000022.color.png 0.999347 0.02714 -0.0238389 -0.0232246 -0.026918 0.999592 0.00958555 -0.00973697 0.0240894 -0.0089376 0.99967 0.0171235 0.0 0.0 0.0 1.0
redkitchen/seq-08/color/frame-000022.color.png redkitchen/seq-08/color/frame-000025.color.png 0.999514 0.0210143 -0.02304 -0.0199907 -0.0209173 0.999771 0.00444512 -0.0122686 0.0231281 -0.00396101 0.999725 0.0190477 0.0 0.0 0.0 1.0
redkitchen/seq-08/color/frame-000025.color.png redkitchen/seq-08/color/frame-000028.color.png 0.999203 0.0306479 -0.0255859 -0.0513551 -0.0304615 0.999507 0.00764435 -0.0242156 0.0258076 -0.00685886 0.999643 0.0153029 0.0 0.0 0.0 1.0
redkitchen/seq-08/color/frame-000028.color.png redkitchen/seq-08/color/frame-000031.color.png 0.998768 0.035877 -0.0342805 -0.0160017 -0.0358039 0.999355 0.00274258 -0.0171458 0.0343568 -0.00151185 0.999408 0.0384496 0.0 0.0 0.0 1.0
redkitchen/seq-08/color/frame-000031.color.png redkitchen/seq-08/color/frame-000034.color.png 0.999592 0.0205624 -0.0198313 -0.048581 -0.0206333 0.999781 -0.00337655 -0.0265086 0.0197575 0.00378438 0.999798 0.0316838 0.0 0.0 0.0 1.0
redkitchen/seq-08/color/frame-000034.color.png redkitchen/seq-08/color/frame-000037.color.png 0.999522 0.0252762 -0.0178147 -0.03825 -0.0253327 0.999675 -0.00295269 -0.0280839 0.0177343 0.00340256 0.999837 0.0343958 0.0 0.0 0.0 1.0
redkitchen/seq-08/color/frame-000037.color.png redkitchen/seq-08/color/frame-000040.color.png 0.999862 0.0159449 0.00461635 -0.0425726 -0.0158902 0.999806 -0.0116355 -0.0333179 -0.00480099 0.0115605 0.999922 0.0288923 0.0 0.0 0.0 1.0
redkitchen/seq-08/color/frame-000040.color.png redkitchen/seq-08/color/frame-000043.color.png 0.999754 0.0212837 -0.00629585 -0.0304827 -0.021361 0.999694 -0.0124732 -0.0476966 0.00602847 0.0126047 0.999902 0.0346526 0.0 0.0 0.0 1.0
redkitchen/seq-08/color/frame-000043.color.png redkitchen/seq-08/color/frame-000046.color.png 0.999957 0.00854634 0.00367925 -0.023363 -0.00845572 0.999677 -0.0239722 -0.0310374 -0.00388297 0.0239401 0.999706 0.0275732 0.0 0.0 0.0 1.0
redkitchen/seq-08/color/frame-000046.color.png redkitchen/seq-08/color/frame-000049.color.png 0.999934 -0.00176449 -0.01138 -0.0209538 0.00153203 0.999791 -0.0204028 -0.022851 0.0114136 0.020384 0.999727 0.031976 0.0 0.0 0.0 1.0
redkitchen/seq-08/color/frame-000049.color.png redkitchen/seq-08/color/frame-000052.color.png 0.999962 0.00872132 -0.000827686 -0.0181369 -0.00872499 0.999951 -0.0046279 -0.0537224 0.000787254 0.00463494 0.999989 0.0229824 0.0 0.0 0.0 1.0
redkitchen/seq-08/color/frame-000052.color.png redkitchen/seq-08/color/frame-000055.color.png 0.99993 -0.00722582 -0.00937266 -0.0155286 0.00716572 0.999954 -0.00642004 -0.0215771 0.00941862 0.00635242 0.999936 0.0277086 0.0 0.0 0.0 1.0
redkitchen/seq-08/color/frame-000055.color.png redkitchen/seq-08/color/frame-000058.color.png 0.999959 0.0024947 -0.00871265 -0.005346 -0.00249959 0.999997 -0.000555259 -0.0476714 0.0087112 0.00057702 0.999962 0.0222276 0.0 0.0 0.0 1.0
redkitchen/seq-08/color/frame-000058.color.png redkitchen/seq-08/color/frame-000061.color.png 0.999951 -0.00964763 -0.00217082 -0.00429827 0.00961312 0.999835 -0.0153845 -0.0141475 0.00231887 0.0153628 0.999879 0.0238856 0.0 0.0 0.0 1.0
redkitchen/seq-08/color/frame-000061.color.png redkitchen/seq-08/color/frame-000064.color.png 0.999956 0.00853757 0.00376483 0.0205998 -0.00851 0.999937 -0.00728798 -0.056285 -0.00382676 0.00725561 0.999966 0.00932091 0.0 0.0 0.0 1.0
redkitchen/seq-08/color/frame-000064.color.png redkitchen/seq-08/color/frame-000067.color.png 0.999977 -0.00593965 -0.00320117 0.00973463 0.00589639 0.999893 -0.0133654 -0.0123913 0.00328014 0.0133462 0.999906 0.0317163 0.0 0.0 0.0 1.0
redkitchen/seq-08/color/frame-000067.color.png redkitchen/seq-08/color/frame-000070.color.png 0.999913 0.00647447 0.0114801 0.0159715 -0.00635905 0.999929 -0.0100616 -0.0231091 -0.0115444 0.00998774 0.999884 0.0147078 0.0 0.0 0.0 1.0
redkitchen/seq-08/color/frame-000070.color.png redkitchen/seq-08/color/frame-000073.color.png 0.999983 -0.0049655 -0.00310838 0.0211582 0.00493794 0.999949 -0.00881868 -0.0245697 0.00315198 0.0088032 0.999956 0.0249542 0.0 0.0 0.0 1.0
redkitchen/seq-08/color/frame-000073.color.png redkitchen/seq-08/color/frame-000076.color.png 0.999974 0.00218214 0.00691694 0.0430369 -0.0022337 0.99997 0.00745066 -0.0510446 -0.00690046 -0.00746592 0.999948 0.00338957 0.0 0.0 0.0 1.0
redkitchen/seq-08/color/frame-000076.color.png redkitchen/seq-08/color/frame-000079.color.png 0.99967 -0.01698 0.0192868 0.0194895 0.0168908 0.999846 0.00478039 -0.0217974 -0.019365 -0.00445306 0.999803 0.00174695 0.0 0.0 0.0 1.0
redkitchen/seq-08/color/frame-000079.color.png redkitchen/seq-08/color/frame-000082.color.png 0.999845 -0.0141975 0.0104056 0.00108348 0.0141729 0.999896 0.00243394 -0.00718194 -0.0104391 -0.00228609 0.999943 0.00784078 0.0 0.0 0.0 1.0
redkitchen/seq-08/color/frame-000082.color.png redkitchen/seq-08/color/frame-000085.color.png 0.999297 -0.0242054 0.0286334 0.0353895 0.0241596 0.999706 0.00194733 -0.0214902 -0.0286722 -0.00125417 0.999588 -0.000384361 0.0 0.0 0.0 1.0
redkitchen/seq-08/color/frame-000085.color.png redkitchen/seq-08/color/frame-000088.color.png 0.998424 -0.0450077 0.0335366 0.000800595 0.0452025 0.998965 -0.00507655 -0.00613058 -0.0332734 0.00658448 0.999425 0.0163625 0.0 0.0 0.0 1.0
redkitchen/seq-08/color/frame-000088.color.png redkitchen/seq-08/color/frame-000091.color.png 0.996986 -0.050303 0.0590582 -0.038269 0.0507523 0.998692 -0.00613127 0.00795317 -0.0586726 0.00911012 0.998236 0.00166589 0.0 0.0 0.0 1.0
redkitchen/seq-08/color/frame-000091.color.png redkitchen/seq-08/color/frame-000094.color.png 0.997956 -0.0439608 0.0463794 -0.0113188 0.0434815 0.998991 0.0112946 -0.0302236 -0.0468291 -0.00925481 0.99886 -0.0126536 0.0 0.0 0.0 1.0
redkitchen/seq-08/color/frame-000094.color.png redkitchen/seq-08/color/frame-000097.color.png 0.999369 -0.0220805 0.0278352 -0.00162187 0.0218951 0.999736 0.00694625 -0.0077312 -0.0279812 -0.0063324 0.999588 0.011128 0.0 0.0 0.0 1.0
redkitchen/seq-08/color/frame-000097.color.png redkitchen/seq-08/color/frame-000100.color.png 0.998639 -0.0338989 0.0396387 0.0201514 0.033289 0.999318 0.0159469 -0.0230627 -0.0401523 -0.0146056 0.999087 -0.0115721 0.0 0.0 0.0 1.0
redkitchen/seq-08/color/frame-000100.color.png redkitchen/seq-08/color/frame-000103.color.png 0.999215 -0.0188835 0.0348361 -0.00354014 0.0185574 0.999781 0.0096606 -0.0153893 -0.0350109 -0.00900654 0.999346 0.00325227 0.0 0.0 0.0 1.0
redkitchen/seq-08/color/frame-000103.color.png redkitchen/seq-08/color/frame-000106.color.png 0.998122 -0.0257101 0.0555938 -0.0140524 0.0248748 0.999568 0.0156656 -0.0039202 -0.0559726 -0.0142533 0.998331 0.0156367 0.0 0.0 0.0 1.0
redkitchen/seq-08/color/frame-000106.color.png redkitchen/seq-08/color/frame-000109.color.png 0.999099 -0.0189936 0.037943 -0.0181141 0.0190199 0.999819 -0.000332638 0.0209199 -0.0379298 0.00105401 0.99928 0.0186483 0.0 0.0 0.0 1.0
redkitchen/seq-08/color/frame-000109.color.png redkitchen/seq-08/color/frame-000112.color.png 0.998975 -0.0310629 0.0329226 0.0393504 0.0305208 0.999392 0.0168428 -0.0127256 -0.0334258 -0.0158207 0.999316 0.0238409 0.0 0.0 0.0 1.0
redkitchen/seq-08/color/frame-000112.color.png redkitchen/seq-08/color/frame-000115.color.png 0.999756 -0.0167631 0.0144273 0.011301 0.0167105 0.999853 0.00376343 0.0109349 -0.0144882 -0.00352142 0.999889 0.0170136 0.0 0.0 0.0 1.0
redkitchen/seq-08/color/frame-000115.color.png redkitchen/seq-08/color/frame-000118.color.png 0.999601 -0.0207403 0.0191901 -0.000223711 0.0206412 0.999773 0.00535012 -0.00541544 -0.0192968 -0.00495189 0.999801 0.0163138 0.0 0.0 0.0 1.0
redkitchen/seq-08/color/frame-000118.color.png redkitchen/seq-08/color/frame-000121.color.png 0.999433 -0.0324016 0.00916261 0.00112274 0.0324132 0.999474 -0.00111956 0.0176446 -0.00912143 0.00141592 0.999958 0.0283462 0.0 0.0 0.0 1.0
redkitchen/seq-08/color/frame-000121.color.png redkitchen/seq-08/color/frame-000124.color.png 0.999868 -0.0140899 -0.00804999 0.0452295 0.0141677 0.999853 0.00969329 -0.00487137 0.00791217 -0.00980607 0.999921 -0.0198553 0.0 0.0 0.0 1.0
redkitchen/seq-08/color/frame-000124.color.png redkitchen/seq-08/color/frame-000127.color.png 0.999675 -0.0177483 -0.0183127 0.06867 0.0178616 0.999822 0.00604122 0.019973 0.0182022 -0.00636634 0.999814 -0.019098 0.0 0.0 0.0 1.0
redkitchen/seq-08/color/frame-000127.color.png redkitchen/seq-08/color/frame-000130.color.png 0.999557 -0.0168576 -0.0245251 0.0668983 0.0175648 0.999428 0.028912 -0.00474328 0.0240237 -0.02933 0.999281 -0.0173836 0.0 0.0 0.0 1.0
redkitchen/seq-08/color/frame-000130.color.png redkitchen/seq-08/color/frame-000133.color.png 0.999899 -0.0100545 0.0100778 0.0164038 0.00990121 0.999836 0.01515 0.00599623 -0.0102283 -0.0150487 0.999835 -0.00754321 0.0 0.0 0.0 1.0
redkitchen/seq-08/color/frame-000133.color.png redkitchen/seq-08/color/frame-000136.color.png 0.999864 -0.0103533 0.0128263 0.0116348 0.0101979 0.999874 0.0121236 0.019684 -0.0129502 -0.0119912 0.999844 -0.00168395 0.0 0.0 0.0 1.0
redkitchen/seq-08/color/frame-000136.color.png redkitchen/seq-08/color/frame-000139.color.png 0.999574 -0.0130717 0.0260822 0.0122515 0.0123683 0.99956 0.0269538 0.0175601 -0.0264231 -0.0266197 0.999296 -0.0154746 0.0 0.0 0.0 1.0
redkitchen/seq-08/color/frame-000139.color.png redkitchen/seq-08/color/frame-000142.color.png 0.999943 -0.0106202 0.000419152 0.0251306 0.0106113 0.999793 0.0173635 0.0194655 -0.000603363 -0.0173581 0.999849 -0.0421978 0.0 0.0 0.0 1.0
redkitchen/seq-08/color/frame-000142.color.png redkitchen/seq-08/color/frame-000145.color.png 0.999946 -0.0103289 0.00128223 0.0168902 0.0102868 0.999515 0.0293979 0.00200441 -0.00158519 -0.0293831 0.999567 -0.0304656 0.0 0.0 0.0 1.0
redkitchen/seq-08/color/frame-000145.color.png redkitchen/seq-08/color/frame-000148.color.png 0.999748 -0.0172898 0.0143366 0.00498039 0.0168128 0.999322 0.0327562 0.0133217 -0.0148932 -0.0325069 0.999361 -0.0353701 0.0 0.0 0.0 1.0
redkitchen/seq-08/color/frame-000148.color.png redkitchen/seq-08/color/frame-000151.color.png 0.999744 -0.0202151 0.0101668 0.00136644 0.0199782 0.999539 0.0228837 -0.00317806 -0.0106248 -0.0226748 0.999686 -0.0303908 0.0 0.0 0.0 1.0
redkitchen/seq-08/color/frame-000151.color.png redkitchen/seq-08/color/frame-000154.color.png 0.999913 -0.00870037 0.009968 0.012046 0.00874845 0.99995 -0.00478582 0.051193 -0.00992583 0.0048726 0.999939 -0.0182967 0.0 0.0 0.0 1.0
redkitchen/seq-08/color/frame-000154.color.png redkitchen/seq-08/color/frame-000157.color.png 0.999935 -0.00355024 0.0108366 -0.00307125 0.00343429 0.999937 0.010703 0.0156864 -0.0108739 -0.0106651 0.999884 -0.0185537 0.0 0.0 0.0 1.0
redkitchen/seq-08/color/frame-000157.color.png redkitchen/seq-08/color/frame-000160.color.png 0.999934 -0.0112218 -0.00257375 0.000445485 0.0112671 0.999768 0.0183535 0.00872946 0.00236718 -0.0183813 0.999828 -0.0292694 0.0 0.0 0.0 1.0
redkitchen/seq-08/color/frame-000160.color.png redkitchen/seq-08/color/frame-000163.color.png 0.9998 -0.00943472 0.0176247 -0.0192084 0.00942504 0.999955 0.000636515 0.0208541 -0.0176299 -0.000470249 0.999845 0.00322345 0.0 0.0 0.0 1.0
redkitchen/seq-08/color/frame-000163.color.png redkitchen/seq-08/color/frame-000166.color.png 0.999819 -0.00944917 0.0164978 -0.0216561 0.00950559 0.999949 -0.00334485 0.00976862 -0.0164654 0.00350111 0.999858 -0.00692323 0.0 0.0 0.0 1.0
redkitchen/seq-08/color/frame-000166.color.png redkitchen/seq-08/color/frame-000169.color.png 0.999901 -0.0134966 0.00390686 -0.0100629 0.013501 0.999908 -0.00111102 0.00591946 -0.00389155 0.00116365 0.999992 -0.0142009 0.0 0.0 0.0 1.0
redkitchen/seq-08/color/frame-000169.color.png redkitchen/seq-08/color/frame-000172.color.png 0.999819 -0.00872265 0.0168879 -0.0200503 0.00888294 0.999916 -0.00943795 0.0207726 -0.0168043 0.00958626 0.999813 -0.0091531 0.0 0.0 0.0 1.0
redkitchen/seq-08/color/frame-000172.color.png redkitchen/seq-08/color/frame-000175.color.png 0.999916 -0.0112714 0.0063399 -0.0181183 0.0112885 0.999933 -0.00267907 0.00205785 -0.00630926 0.00275042 0.999976 -0.00940749 0.0 0.0 0.0 1.0
redkitchen/seq-08/color/frame-000175.color.png redkitchen/seq-08/color/frame-000178.color.png 0.999876 -0.00641971 0.0143582 -0.0189801 0.00638766 0.999977 0.00227738 0.00883012 -0.0143725 -0.0021854 0.999894 -0.00560206 0.0 0.0 0.0 1.0
redkitchen/seq-08/color/frame-000178.color.png redkitchen/seq-08/color/frame-000181.color.png 0.999857 -0.00389397 0.0164667 -0.030659 0.00390344 0.999992 -0.000542069 0.0140292 -0.0164645 0.000606248 0.999864 -0.0108375 0.0 0.0 0.0 1.0
redkitchen/seq-08/color/frame-000181.color.png redkitchen/seq-08/color/frame-000184.color.png 0.999819 0.00275273 0.018795 -0.0160902 -0.00289392 0.999968 0.0074897 0.0179482 -0.0187737 -0.00754273 0.999795 -0.00655857 0.0 0.0 0.0 1.0
redkitchen/seq-08/color/frame-000184.color.png redkitchen/seq-08/color/frame-000187.color.png 0.999999 0.000859076 0.00134762 -0.00760776 -0.000885856 0.999799 0.0200177 0.00719548 -0.00133016 -0.0200188 0.999799 -0.0188839 0.0 0.0 0.0 1.0
redkitchen/seq-08/color/frame-000187.color.png redkitchen/seq-08/color/frame-000190.color.png 0.99991 0.0101218 0.00875598 -0.0112604 -0.0101247 0.999949 0.000291816 0.0283469 -0.00875259 -0.00038042 0.999962 -0.00540143 0.0 0.0 0.0 1.0
redkitchen/seq-08/color/frame-000190.color.png redkitchen/seq-08/color/frame-000193.color.png 0.999978 -0.00150519 -0.00648092 0.00371295 0.00147651 0.999989 -0.00442586 0.0223015 0.00648756 0.00441611 0.999969 -0.0138094 0.0 0.0 0.0 1.0
redkitchen/seq-08/color/frame-000193.color.png redkitchen/seq-08/color/frame-000196.color.png 0.999943 0.00103405 -0.0106317 0.00480747 -0.00102343 0.999999 0.00100449 0.0295499 0.0106327 -0.000993527 0.999943 -0.0139937 0.0 0.0 0.0 1.0
redkitchen/seq-08/color/frame-000196.color.png redkitchen/seq-08/color/frame-000199.color.png 0.999821 0.000273669 -0.0189198 0.0224411 -0.000270199 1.0 0.000182223 0.00891912 0.0189198 -0.000177044 0.999821 -0.0200144 0.0 0.0 0.0 1.0
redkitchen/seq-08/color/frame-000199.color.png redkitchen/seq-08/color/frame-000202.color.png 0.999948 -0.000679804 -0.0102032 0.0223072 0.000641377 0.999993 -0.0037596 0.015689 0.0102055 0.00375279 0.999941 -0.013476 0.0 0.0 0.0 1.0
redkitchen/seq-08/color/frame-000202.color.png redkitchen/seq-08/color/frame-000205.color.png 0.999875 -0.00469085 -0.0151069 0.0229827 0.00456835 0.999956 -0.00813348 0.0160048 0.0151444 0.00806347 0.999853 -0.0163321 0.0 0.0 0.0 1.0
redkitchen/seq-08/color/frame-000205.color.png redkitchen/seq-08/color/frame-000208.color.png 0.999884 -0.00848435 -0.0126565 0.0379555 0.00855411 0.999949 0.00546076 0.0118989 0.0126096 -0.00556844 0.999905 -0.00477973 0.0 0.0 0.0 1.0
redkitchen/seq-08/color/frame-000208.color.png redkitchen/seq-08/color/frame-000211.color.png 0.999938 -0.00208554 0.0109837 0.0272027 0.00204407 0.999991 0.0037881 0.016315 -0.0109916 -0.00376536 0.999933 0.00923069 0.0 0.0 0.0 1.0
redkitchen/seq-08/color/frame-000211.color.png redkitchen/seq-08/color/frame-000214.color.png 0.999922 -0.00792123 -0.00970466 0.0330117 0.00782971 0.999925 -0.00942514 0.0112439 0.00977867 0.0093484 0.999909 -0.0106811 0.0 0.0 0.0 1.0
redkitchen/seq-08/color/frame-000214.color.png redkitchen/seq-08/color/frame-000217.color.png 0.999835 0.0128565 -0.0128236 0.0410616 -0.0126998 0.999845 0.0122312 0.0112021 0.0129789 -0.0120663 0.999843 -0.0170911 0.0 0.0 0.0 1.0
redkitchen/seq-08/color/frame-000217.color.png redkitchen/seq-08/color/frame-000220.color.png 0.999897 0.0142844 0.00152306 0.0553464 -0.0142493 0.999678 -0.0210064 0.0651103 -0.00182262 0.0209825 0.999778 -0.00568549 0.0 0.0 0.0 1.0
redkitchen/seq-08/color/frame-000220.color.png redkitchen/seq-08/color/frame-000223.color.png 0.999952 0.00960004 0.00208464 0.0343705 -0.00961856 0.999913 0.00907254 0.0152644 -0.00199744 -0.00909213 0.999957 -0.00613843 0.0 0.0 0.0 1.0
redkitchen/seq-08/color/frame-000223.color.png redkitchen/seq-08/color/frame-000226.color.png 0.999936 0.00263775 0.0109959 0.0287259 -0.00267879 0.999989 0.00372273 0.0112335 -0.0109859 -0.00375199 0.999933 0.00870171 0.0 0.0 0.0 1.0
redkitchen/seq-08/color/frame-000226.color.png redkitchen/seq-08/color/frame-000229.color.png 0.999862 0.0162367 -0.00339986 0.0559475 -0.0162305 0.999867 0.00185988 0.0246566 0.00342969 -0.0018044 0.999993 -0.0204711 0.0 0.0 0.0 1.0
redkitchen/seq-08/color/frame-000229.color.png redkitchen/seq-08/color/frame-000232.color.png 0.999958 0.00185399 -0.00894865 0.0490935 -0.00201177 0.999842 -0.0176553 0.030108 0.00891448 0.0176726 0.999804 -0.0318912 0.0 0.0 0.0 1.0
redkitchen/seq-08/color/frame-000232.color.png redkitchen/seq-08/color/frame-000235.color.png 0.999875 0.00467287 -0.0150844 0.0485132 -0.00475282 0.999975 -0.0052646 0.00967781 0.0150594 0.00533567 0.999872 -0.020368 0.0 0.0 0.0 1.0
redkitchen/seq-08/color/frame-000235.color.png redkitchen/seq-08/color/frame-000238.color.png 0.999928 0.0110416 -0.00463281 0.0295234 -0.0110406 0.999939 0.000243878 0.0172662 0.0046352 -0.000192796 0.999989 -0.00865395 0.0 0.0 0.0 1.0
redkitchen/seq-08/color/frame-000238.color.png redkitchen/seq-08/color/frame-000241.color.png 0.999861 0.0153702 -0.00651247 0.0354162 -0.0152865 0.999802 0.0127074 0.0129887 0.00670659 -0.012606 0.999898 -0.00619264 0.0 0.0 0.0 1.0
redkitchen/seq-08/color/frame-000241.color.png redkitchen/seq-08/color/frame-000244.color.png 0.999808 0.0108418 -0.0163234 0.0541482 -0.0107447 0.999924 0.00602379 0.0192135 0.0163874 -0.0058473 0.999849 -0.0191566 0.0 0.0 0.0 1.0
redkitchen/seq-08/color/frame-000244.color.png redkitchen/seq-08/color/frame-000247.color.png 0.999849 0.0118336 -0.0127136 0.0345644 -0.0118546 0.999929 -0.00156886 0.01381 0.0126942 0.00171936 0.999918 -0.011833 0.0 0.0 0.0 1.0
redkitchen/seq-08/color/frame-000247.color.png redkitchen/seq-08/color/frame-000250.color.png 0.99975 0.0182977 -0.0128402 0.036466 -0.0181363 0.999756 0.0125823 0.0179076 0.0130673 -0.0123464 0.999838 -0.0177667 0.0 0.0 0.0 1.0
redkitchen/seq-08/color/frame-000250.color.png redkitchen/seq-08/color/frame-000253.color.png 0.999739 0.00786109 -0.0214497 0.0539092 -0.00802134 0.999941 -0.00739544 0.0160581 0.0213904 0.00756565 0.999743 -0.0284384 0.0 0.0 0.0 1.0
redkitchen/seq-08/color/frame-000253.color.png redkitchen/seq-08/color/frame-000256.color.png 0.999937 0.0111512 -0.000926963 0.031158 -0.0111496 0.999936 0.00174421 0.0185829 0.000946355 -0.00173377 0.999998 -0.00161123 0.0 0.0 0.0 1.0
redkitchen/seq-08/color/frame-000256.color.png redkitchen/seq-08/color/frame-000259.color.png 0.999651 0.010156 -0.0244014 0.0370812 -0.0100768 0.999944 0.0033683 0.0093589 0.0244342 -0.00312125 0.999696 -0.0319561 0.0 0.0 0.0 1.0
redkitchen/seq-08/color/frame-000259.color.png redkitchen/seq-08/color/frame-000262.color.png 0.999655 0.0251059 0.00775451 0.0387988 -0.0252368 0.999532 0.017273 0.0277196 -0.00731719 -0.0174627 0.999821 0.00476188 0.0 0.0 0.0 1.0
redkitchen/seq-08/color/frame-000262.color.png redkitchen/seq-08/color/frame-000265.color.png 0.999793 0.00677933 -0.0191758 0.0308273 -0.00694369 0.99994 -0.00851609 0.0105079 0.0191169 0.00864749 0.99978 -0.0400092 0.0 0.0 0.0 1.0
redkitchen/seq-08/color/frame-000265.color.png redkitchen/seq-08/color/frame-000268.color.png 0.999854 0.015541 -0.00709623 0.0257643 -0.0154825 0.999846 0.0082283 0.0142407 0.00722298 -0.00811726 0.999941 -0.0124766 0.0 0.0 0.0 1.0
redkitchen/seq-08/color/frame-000268.color.png redkitchen/seq-08/color/frame-000271.color.png 0.999617 0.0173993 -0.0215059 0.0433363 -0.0171315 0.999774 0.0125759 0.0142208 0.0217198 -0.0122026 0.99969 -0.0348288 0.0 0.0 0.0 1.0
redkitchen/seq-08/color/frame-000271.color.png redkitchen/seq-08/color/frame-000274.color.png 0.999413 0.0258188 -0.0225336 0.0381283 -0.0260506 0.99961 -0.0100545 0.0423487 0.0222652 0.0106355 0.999695 -0.0352647 0.0 0.0 0.0 1.0
redkitchen/seq-08/color/frame-000274.color.png redkitchen/seq-08/color/frame-000277.color.png 0.999651 0.0243189 -0.0103189 0.0247043 -0.0242273 0.999667 0.0089138 0.019465 0.0105322 -0.0086606 0.999907 -0.0188539 0.0 0.0 0.0 1.0
redkitchen/seq-08/color/frame-000277.color.png redkitchen/seq-08/color/frame-000280.color.png 0.99965 0.023479 -0.0121718 0.0293013 -0.0234638 0.999724 0.00138608 0.0366744 0.012201 -0.00110004 0.999925 -0.0256885 0.0 0.0 0.0 1.0
redkitchen/seq-08/color/frame-000280.color.png redkitchen/seq-08/color/frame-000283.color.png 0.998411 0.0501461 -0.0257039 0.0323062 -0.0499637 0.998721 0.00769257 0.0672486 0.0260568 -0.00639609 0.99964 -0.046215 0.0 0.0 0.0 1.0
redkitchen/seq-08/color/frame-000283.color.png redkitchen/seq-08/color/frame-000286.color.png 0.999333 0.0355927 -0.0081942 0.0263807 -0.0354045 0.99913 0.0220598 0.0373194 0.00897223 -0.021755 0.999723 -0.00863586 0.0 0.0 0.0 1.0
redkitchen/seq-08/color/frame-000286.color.png redkitchen/seq-08/color/frame-000289.color.png 0.999617 0.0215603 -0.0173427 0.0274227 -0.0215807 0.999767 -0.000987111 0.0393372 0.0173174 0.001361 0.999849 -0.0364386 0.0 0.0 0.0 1.0
redkitchen/seq-08/color/frame-000289.color.png redkitchen/seq-08/color/frame-000292.color.png 0.998921 0.043291 -0.0168012 0.0367146 -0.042916 0.998835 0.0220754 0.0581416 0.0177373 -0.0213306 0.999615 -0.0324961 0.0 0.0 0.0 1.0
redkitchen/seq-08/color/frame-000292.color.png redkitchen/seq-08/color/frame-000295.color.png 0.999588 0.0217936 -0.0186796 0.0193132 -0.0219157 0.99974 -0.00635788 0.0394356 0.0185361 0.00676467 0.999805 -0.0327408 0.0 0.0 0.0 1.0
redkitchen/seq-08/color/frame-000295.color.png redkitchen/seq-08/color/frame-000298.color.png 0.999278 0.0359956 -0.0121956 0.0318264 -0.0359227 0.999336 0.00615722 0.0375061 0.0124092 -0.00571465 0.999907 -0.0366873 0.0 0.0 0.0 1.0
redkitchen/seq-08/color/frame-000298.color.png redkitchen/seq-08/color/frame-000301.color.png 0.999245 0.0288281 -0.0260417 0.0337353 -0.0290343 0.99955 -0.00757724 0.0439969 0.0258116 0.00832759 0.999632 -0.061759 0.0 0.0 0.0 1.0
redkitchen/seq-08/color/frame-000301.color.png redkitchen/seq-08/color/frame-000304.color.png 0.999363 0.0336214 -0.0119955 0.00240862 -0.0337315 0.99939 -0.00908946 0.0536908 0.0116826 0.00948828 0.999887 -0.023378 0.0 0.0 0.0 1.0
redkitchen/seq-08/color/frame-000304.color.png redkitchen/seq-08/color/frame-000307.color.png 0.999481 0.0269498 -0.0176517 0.017921 -0.0273369 0.999382 -0.0220723 0.0336516 0.017046 0.0225434 0.999601 -0.037564 0.0 0.0 0.0 1.0
redkitchen/seq-08/color/frame-000307.color.png redkitchen/seq-08/color/frame-000310.color.png 0.998969 0.029997 -0.034076 0.0141982 -0.0312749 0.998803 -0.0376082 0.0351529 0.032907 0.0386352 0.998711 -0.0595932 0.0 0.0 0.0 1.0
redkitchen/seq-08/color/frame-000310.color.png redkitchen/seq-08/color/frame-000313.color.png 0.999064 0.0425779 -0.00766394 -0.00098598 -0.0426706 0.999013 -0.012366 0.0382887 0.00712987 0.0126814 0.999894 -0.00533205 0.0 0.0 0.0 1.0
redkitchen/seq-08/color/frame-000313.color.png redkitchen/seq-08/color/frame-000316.color.png 0.998742 0.034018 -0.0368414 0.0017786 -0.0347289 0.999219 -0.0188305 0.0338211 0.0361721 0.0200863 0.999144 -0.0665649 0.0 0.0 0.0 1.0
redkitchen/seq-08/color/frame-000316.color.png redkitchen/seq-08/color/frame-000319.color.png 0.99927 0.0252781 -0.0286312 0.00760114 -0.0260541 0.999294 -0.0270611 0.0258651 0.027927 0.0277873 0.999224 -0.0548089 0.0 0.0 0.0 1.0
redkitchen/seq-08/color/frame-000319.color.png redkitchen/seq-08/color/frame-000322.color.png 0.99895 0.0375799 -0.026219 -0.00365341 -0.0378547 0.999233 -0.0100639 0.031089 0.0258207 0.0110459 0.999606 -0.0429877 0.0 0.0 0.0 1.0
redkitchen/seq-08/color/frame-000322.color.png redkitchen/seq-08/color/frame-000325.color.png 0.998913 0.0281629 -0.0371331 0.00877452 -0.029028 0.999315 -0.0229648 0.0241624 0.0364609 0.0240177 0.999046 -0.0765819 0.0 0.0 0.0 1.0
redkitchen/seq-08/color/frame-000325.color.png redkitchen/seq-08/color/frame-000328.color.png 0.999389 0.0208219 -0.0280598 -0.00371277 -0.0214804 0.999496 -0.0233805 0.00756031 0.0275588 0.0239689 0.999333 -0.0439165 0.0 0.0 0.0 1.0
redkitchen/seq-08/color/frame-000328.color.png redkitchen/seq-08/color/frame-000331.color.png 0.999827 0.0184678 -0.00229601 -0.00712287 -0.0184928 0.999765 -0.011329 -0.00289734 0.00208625 0.0113695 0.999933 -0.0029378 0.0 0.0 0.0 1.0
redkitchen/seq-08/color/frame-000331.color.png redkitchen/seq-08/color/frame-000334.color.png 0.999685 0.0102094 -0.0229303 -0.0116454 -0.0110248 0.999301 -0.0357204 -0.00628392 0.0225496 0.035962 0.999099 -0.0356719 0.0 0.0 0.0 1.0
redkitchen/seq-08/color/frame-000334.color.png redkitchen/seq-08/color/frame-000337.color.png 0.999176 0.0404545 0.00337941 -0.0293125 -0.0403807 0.998992 -0.0196088 0.0211588 -0.00416927 0.0194562 0.999802 0.00621966 0.0 0.0 0.0 1.0
redkitchen/seq-08/color/frame-000337.color.png redkitchen/seq-08/color/frame-000340.color.png 0.998925 0.037011 -0.0279084 -0.0144447 -0.0372188 0.999283 -0.00696093 0.0341252 0.0276307 0.00799216 0.999586 -0.0502692 0.0 0.0 0.0 1.0
redkitchen/seq-08/color/frame-000340.color.png redkitchen/seq-08/color/frame-000343.color.png 0.996967 0.0559833 -0.0540627 -0.0368373 -0.0569378 0.998245 -0.01628 0.077618 0.0530564 0.0193089 0.998405 -0.0623263 0.0 0.0 0.0 1.0
redkitchen/seq-08/color/frame-000343.color.png redkitchen/seq-08/color/frame-000346.color.png 0.999291 0.0253319 -0.0278472 -0.0131243 -0.0254386 0.99967 -0.00349307 0.0324349 0.0277495 0.00419901 0.999606 -0.033567 0.0 0.0 0.0 1.0
redkitchen/seq-08/color/frame-000346.color.png redkitchen/seq-08/color/frame-000349.color.png 0.998472 0.0322478 -0.0448836 -0.0396287 -0.0317206 0.99942 0.0124106 0.0122742 0.0452578 -0.0109679 0.998915 -0.0682618 0.0 0.0 0.0 1.0
redkitchen/seq-08/color/frame-000349.color.png redkitchen/seq-08/color/frame-000352.color.png 0.997001 -0.00487861 -0.0772364 -0.0327085 0.00346595 0.999824 -0.0184137 0.00538033 0.0773127 0.0180907 0.996843 -0.0927631 0.0 0.0 0.0 1.0
redkitchen/seq-08/color/frame-000352.color.png redkitchen/seq-08/color/frame-000355.color.png 0.99917 -0.0111667 -0.0391793 -0.0322337 0.0113257 0.999928 0.00384048 -0.0229618 0.0391337 -0.004281 0.999225 -0.0722537 0.0 0.0 0.0 1.0
redkitchen/seq-08/color/frame-000355.color.png redkitchen/seq-08/color/frame-000358.color.png 0.998973 0.0223461 -0.0394147 -0.0229567 -0.0210033 0.999195 0.0341622 0.0088802 0.0401465 -0.0332993 0.998639 -0.0922574 0.0 0.0 0.0 1.0
redkitchen/seq-08/color/frame-000358.color.png redkitchen/seq-08/color/frame-000361.color.png 0.999083 0.04133 -0.0111474 -0.0532197 -0.0406147 0.997481 0.0581602 0.0508603 0.013523 -0.0576541 0.998245 -0.0352916 0.0 0.0 0.0 1.0
redkitchen/seq-08/color/frame-000361.color.png redkitchen/seq-08/color/frame-000364.color.png 0.999514 0.0120734 -0.0287366 -0.0489033 -0.0107727 0.998929 0.0449937 -0.00621495 0.0292491 -0.0446623 0.998574 -0.0502845 0.0 0.0 0.0 1.0
redkitchen/seq-08/color/frame-000364.color.png redkitchen/seq-08/color/frame-000367.color.png 0.999853 0.00762983 -0.0153317 -0.0312325 -0.00729002 0.999729 0.022107 -0.00867674 0.0154962 -0.0219921 0.999638 -0.0573602 0.0 0.0 0.0 1.0
redkitchen/seq-08/color/frame-000367.color.png redkitchen/seq-08/color/frame-000370.color.png 0.999911 -0.0133068 0.000402375 -0.0655357 0.0132899 0.9995 0.0286763 -0.00374877 -0.000783773 -0.0286683 0.999589 -0.00601561 0.0 0.0 0.0 1.0
redkitchen/seq-08/color/frame-000370.color.png redkitchen/seq-08/color/frame-000373.color.png 0.999883 -0.0151542 0.00187729 -0.0455213 0.0151144 0.999691 0.019716 -0.0155913 -0.00217553 -0.0196854 0.999804 0.00142435 0.0 0.0 0.0 1.0
redkitchen/seq-08/color/frame-000373.color.png redkitchen/seq-08/color/frame-000376.color.png 0.999718 -0.0236235 -0.00223902 -0.0647215 0.0236455 0.999666 0.0103867 0.000570595 0.00199284 -0.0104367 0.999943 -0.00847347 0.0 0.0 0.0 1.0
redkitchen/seq-08/color/frame-000376.color.png redkitchen/seq-08/color/frame-000379.color.png 0.999031 -0.0422494 -0.0122999 -0.0291523 0.0426047 0.998635 0.0302121 -0.0103549 0.0110068 -0.0307069 0.999468 -0.00857794 0.0 0.0 0.0 1.0
redkitchen/seq-08/color/frame-000379.color.png redkitchen/seq-08/color/frame-000382.color.png 0.999825 -0.0117249 -0.0145588 -0.0220084 0.0121898 0.999405 0.0322737 -0.00503874 0.0141717 -0.0324455 0.999373 -0.00208612 0.0 0.0 0.0 1.0
redkitchen/seq-08/color/frame-000382.color.png redkitchen/seq-08/color/frame-000385.color.png 0.999691 -0.0159086 0.019129 -0.0486178 0.0157772 0.999851 0.00700496 -0.00522947 -0.0192377 -0.00670099 0.999793 0.0419152 0.0 0.0 0.0 1.0
redkitchen/seq-08/color/frame-000385.color.png redkitchen/seq-08/color/frame-000388.color.png 0.999045 -0.0420609 0.0118368 -0.0356978 0.0420729 0.999114 -0.000771451 -0.0227291 -0.0117939 0.00126876 0.99993 0.0267566 0.0 0.0 0.0 1.0
redkitchen/seq-08/color/frame-000388.color.png redkitchen/seq-08/color/frame-000391.color.png 0.999163 -0.0395107 0.0106068 -0.0411777 0.0394323 0.999194 0.0075115 -0.0174303 -0.010895 -0.00708697 0.999916 0.0307612 0.0 0.0 0.0 1.0
redkitchen/seq-08/color/frame-000391.color.png redkitchen/seq-08/color/frame-000394.color.png 0.998737 -0.0494138 0.00905144 -0.0259427 0.0491991 0.998534 0.0225635 -0.0373745 -0.010153 -0.0220897 0.999704 0.0343544 0.0 0.0 0.0 1.0
redkitchen/seq-08/color/frame-000394.color.png redkitchen/seq-08/color/frame-000397.color.png 0.997002 -0.0633046 0.0444898 -0.0627694 0.0630676 0.997987 0.00671541 -0.030431 -0.0448253 -0.00388946 0.998987 0.0590543 0.0 0.0 0.0 1.0
redkitchen/seq-08/color/frame-000397.color.png redkitchen/seq-08/color/frame-000400.color.png 0.995229 -0.0971681 0.00879108 -0.0281749 0.0969542 0.995042 0.0221506 -0.0741233 -0.0108999 -0.0211925 0.999716 0.041773 0.0 0.0 0.0 1.0
redkitchen/seq-08/color/frame-000400.color.png redkitchen/seq-08/color/frame-000403.color.png 0.991034 -0.123248 0.0515986 -0.0454213 0.122574 0.99233 0.0160305 -0.0924236 -0.0531786 -0.00956214 0.998539 0.0638882 0.0 0.0 0.0 1.0
redkitchen/seq-08/color/frame-000403.color.png redkitchen/seq-08/color/frame-000406.color.png 0.996069 -0.0836757 0.0290683 -0.0420064 0.0832032 0.996386 0.0171011 -0.0602116 -0.0303942 -0.0146153 0.999431 0.0427047 0.0 0.0 0.0 1.0
redkitchen/seq-08/color/frame-000406.color.png redkitchen/seq-08/color/frame-000409.color.png 0.997569 -0.0580812 0.0385141 -0.051493 0.0577283 0.99828 0.0102146 -0.0344702 -0.0390411 -0.00796646 0.999206 0.0383457 0.0 0.0 0.0 1.0
redkitchen/seq-08/color/frame-000409.color.png redkitchen/seq-08/color/frame-000412.color.png 0.997161 -0.0704146 0.0266946 -0.0470598 0.0701369 0.997474 0.0111985 -0.0376535 -0.0274157 -0.0092944 0.999581 0.0292529 0.0 0.0 0.0 1.0
redkitchen/seq-08/color/frame-000412.color.png redkitchen/seq-08/color/frame-000415.color.png 0.996803 -0.0730791 0.0323162 -0.0549378 0.0723305 0.997098 0.0237586 -0.0468006 -0.0339586 -0.0213452 0.999195 0.0275145 0.0 0.0 0.0 1.0
redkitchen/seq-08/color/frame-000415.color.png redkitchen/seq-08/color/frame-000418.color.png 0.993838 -0.103316 0.0401563 -0.0398057 0.102885 0.994613 0.0126672 -0.0633879 -0.0412487 -0.00845767 0.999113 0.0391302 0.0 0.0 0.0 1.0
redkitchen/seq-08/color/frame-000418.color.png redkitchen/seq-08/color/frame-000421.color.png 0.993608 -0.0938836 0.0626749 -0.0709116 0.0923436 0.99536 0.0270362 -0.0562267 -0.0649224 -0.0210758 0.997668 0.0405588 0.0 0.0 0.0 1.0
redkitchen/seq-08/color/frame-000421.color.png redkitchen/seq-08/color/frame-000424.color.png 0.997376 -0.06678 0.027952 -0.0399063 0.0661682 0.99756 0.0222714 -0.0471787 -0.0293711 -0.0203634 0.999361 0.0178126 0.0 0.0 0.0 1.0
redkitchen/seq-08/color/frame-000424.color.png redkitchen/seq-08/color/frame-000427.color.png 0.996997 -0.0666741 0.0393788 -0.0571848 0.0660465 0.997671 0.0170303 -0.0281938 -0.0404225 -0.0143783 0.999079 0.0270302 0.0 0.0 0.0 1.0
redkitchen/seq-08/color/frame-000427.color.png redkitchen/seq-08/color/frame-000430.color.png 0.999047 -0.034144 0.0271997 -0.0474662 0.0332869 0.998953 0.0313698 -0.033271 -0.0282423 -0.0304344 0.999138 0.000486866 0.0 0.0 0.0 1.0
redkitchen/seq-08/color/frame-000430.color.png redkitchen/seq-08/color/frame-000433.color.png 0.999282 -0.0344633 0.0157623 -0.0460343 0.0341009 0.99916 0.0227057 -0.00324233 -0.0165316 -0.0221519 0.999618 0.0247549 0.0 0.0 0.0 1.0
redkitchen/seq-08/color/frame-000433.color.png redkitchen/seq-08/color/frame-000436.color.png 0.999048 -0.0263956 0.034719 -0.0429008 0.0257636 0.999497 0.0185232 -0.00790101 -0.0351905 -0.0176111 0.999225 0.0131067 0.0 0.0 0.0 1.0
redkitchen/seq-08/color/frame-000436.color.png redkitchen/seq-08/color/frame-000439.color.png 0.999665 -0.00870878 0.0243746 -0.0419317 0.00837012 0.999868 0.013962 -0.00104943 -0.0244929 -0.0137534 0.999605 0.00962801 0.0 0.0 0.0 1.0
redkitchen/seq-08/color/frame-000439.color.png redkitchen/seq-08/color/frame-000442.color.png 0.998863 -0.0196213 0.0434365 -0.0571282 0.0181391 0.999248 0.0342573 -0.0164372 -0.0440761 -0.0334305 0.998469 0.0200249 0.0 0.0 0.0 1.0
redkitchen/seq-08/color/frame-000442.color.png redkitchen/seq-08/color/frame-000445.color.png 0.999575 -0.0151788 0.0248715 -0.0306181 0.0147024 0.999707 0.0192276 -0.0178441 -0.0251561 -0.0188538 0.999506 0.00838119 0.0 0.0 0.0 1.0
redkitchen/seq-08/color/frame-000445.color.png redkitchen/seq-08/color/frame-000448.color.png 0.998917 -0.0129961 0.0446876 -0.064499 0.0130054 0.999915 8.24923e-05 0.00310254 -0.0446848 0.000498766 0.999001 0.0123215 0.0 0.0 0.0 1.0
redkitchen/seq-08/color/frame-000448.color.png redkitchen/seq-08/color/frame-000451.color.png 0.999498 -0.0237344 0.0209879 -0.0317061 0.0236229 0.999706 0.00554197 -0.0104297 -0.0211133 -0.00504341 0.999764 0.00751545 0.0 0.0 0.0 1.0
redkitchen/seq-08/color/frame-000451.color.png redkitchen/seq-08/color/frame-000454.color.png 0.999435 -0.0244356 0.0230878 -0.0343305 0.0243631 0.999697 0.00341607 -0.00637848 -0.0231643 -0.00285166 0.999728 0.0105384 0.0 0.0 0.0 1.0
redkitchen/seq-08/color/frame-000454.color.png redkitchen/seq-08/color/frame-000457.color.png 0.999517 -0.0242414 0.0194488 -0.0522633 0.0243221 0.999696 -0.00391957 -0.00909457 -0.019348 0.00439073 0.999803 0.0100823 0.0 0.0 0.0 1.0
redkitchen/seq-08/color/frame-000457.color.png redkitchen/seq-08/color/frame-000460.color.png 0.999935 -0.00852023 0.0075709 -0.0352685 0.00860193 0.999905 -0.0108139 -0.00169223 -0.00747802 0.0108783 0.999913 0.00408846 0.0 0.0 0.0 1.0
redkitchen/seq-08/color/frame-000460.color.png redkitchen/seq-08/color/frame-000463.color.png 0.999961 -0.0069794 0.00535036 -0.0406524 0.00700588 0.999963 -0.00497243 -0.00961693 -0.00531545 0.00500966 0.999973 0.00314364 0.0 0.0 0.0 1.0
redkitchen/seq-08/color/frame-000463.color.png redkitchen/seq-08/color/frame-000466.color.png 0.999751 -0.00290808 0.0221333 -0.0504387 0.00273756 0.999966 0.00772941 -0.000738803 -0.022155 -0.00766684 0.999725 0.0167629 0.0 0.0 0.0 1.0
redkitchen/seq-08/color/frame-000466.color.png redkitchen/seq-08/color/frame-000469.color.png 0.999799 0.00273491 0.0198617 -0.0393808 -0.0028165 0.999988 0.00408128 -0.0077726 -0.0198503 -0.00413643 0.999794 -0.00764251 0.0 0.0 0.0 1.0
redkitchen/seq-08/color/frame-000469.color.png redkitchen/seq-08/color/frame-000472.color.png 0.999795 0.013034 0.015496 -0.0314367 -0.0131797 0.999869 0.0093498 -0.0103222 -0.0153722 -0.00955207 0.999836 0.000593811 0.0 0.0 0.0 1.0
redkitchen/seq-08/color/frame-000472.color.png redkitchen/seq-08/color/frame-000475.color.png 0.999748 0.0154909 0.0162544 -0.0372239 -0.0154358 0.999875 -0.00352025 -0.00292956 -0.0163068 0.00326851 0.999862 -0.0052475 0.0 0.0 0.0 1.0
redkitchen/seq-08/color/frame-000475.color.png redkitchen/seq-08/color/frame-000478.color.png 0.999681 0.0241245 0.00752656 -0.0351817 -0.0241225 0.999709 -0.000350895 -0.0062614 -0.00753284 0.000169206 0.999972 -0.0097401 0.0 0.0 0.0 1.0
redkitchen/seq-08/color/frame-000478.color.png redkitchen/seq-08/color/frame-000481.color.png 0.999877 0.0131506 0.00858699 -0.0248266 -0.0131387 0.999913 -0.00143712 -0.0036608 -0.00860517 0.00132411 0.999962 -0.00521477 0.0 0.0 0.0 1.0
redkitchen/seq-08/color/frame-000481.color.png redkitchen/seq-08/color/frame-000484.color.png 0.999797 0.0200959 0.00155272 -0.023891 -0.0201054 0.999778 0.00635987 -0.00787659 -0.00142457 -0.00638981 0.999979 -0.0120015 0.0 0.0 0.0 1.0
redkitchen/seq-08/color/frame-000484.color.png redkitchen/seq-08/color/frame-000487.color.png 0.99988 0.0146825 0.00502938 -0.0489933 -0.0147587 0.999771 0.0154618 -0.0292214 -0.00480114 -0.0155342 0.999868 -0.0242651 0.0 0.0 0.0 1.0
redkitchen/seq-08/color/frame-000487.color.png redkitchen/seq-08/color/frame-000490.color.png 0.99933 0.0315277 -0.0185697 -0.0137502 -0.0317167 0.999447 -0.00997253 0.00741611 0.018245 0.0105547 0.999778 0.00128676 0.0 0.0 0.0 1.0
redkitchen/seq-08/color/frame-000490.color.png redkitchen/seq-08/color/frame-000493.color.png 0.998978 0.0441995 0.0094351 -0.029797 -0.0442003 0.999023 -0.000104846 -0.0214881 -0.00943052 -0.000312295 0.999956 -0.00603288 0.0 0.0 0.0 1.0
redkitchen/seq-08/color/frame-000493.color.png redkitchen/seq-08/color/frame-000496.color.png 0.996324 0.0814484 0.0265375 -0.0487468 -0.0810256 0.996573 -0.0166438 -0.0195725 -0.027802 0.0144324 0.999509 -0.0230117 0.0 0.0 0.0 1.0
redkitchen/seq-08/color/frame-000496.color.png redkitchen/seq-08/color/frame-000499.color.png 0.997606 0.0661116 0.0202993 -0.0491649 -0.066065 0.997811 -0.0029517 -0.0184641 -0.0204501 0.00160359 0.99979 -0.0147302 0.0 0.0 0.0 1.0
redkitchen/seq-08/color/frame-000499.color.png redkitchen/seq-08/color/frame-000502.color.png 0.994331 0.105878 0.00977024 -0.0545081 -0.105935 0.994358 0.00548024 -0.0315291 -0.0091348 -0.00648418 0.999937 -0.00181773 0.0 0.0 0.0 1.0
redkitchen/seq-08/color/frame-000502.color.png redkitchen/seq-08/color/frame-000505.color.png 0.99451 0.102681 -0.020186 -0.0508177 -0.102819 0.994683 -0.00592069 -0.0383219 0.0194707 0.00796369 0.999779 -0.00962774 0.0 0.0 0.0 1.0
redkitchen/seq-08/color/frame-000505.color.png redkitchen/seq-08/color/frame-000508.color.png 0.997761 0.0663739 -0.0082612 -0.0240197 -0.0664256 0.997772 -0.00614235 -0.0159765 0.00783517 0.00667737 0.999947 -0.00532156 0.0 0.0 0.0 1.0
redkitchen/seq-08/color/frame-000508.color.png redkitchen/seq-08/color/frame-000511.color.png 0.997193 0.0740739 -0.0108925 -0.0253328 -0.0739996 0.997233 0.00706993 -0.0300172 0.0113861 -0.00624405 0.999916 -0.0123133 0.0 0.0 0.0 1.0
redkitchen/seq-08/color/frame-000511.color.png redkitchen/seq-08/color/frame-000514.color.png 0.998142 0.0608575 -0.00281044 -0.0173874 -0.0608357 0.998121 0.0072891 -0.0334367 0.00324877 -0.00710459 0.999969 -0.00408243 0.0 0.0 0.0 1.0
