redkitchen/seq-08/color/frame-000000.color.png redkitchen/seq-08/color/frame-000003.color.png 0.999734 0.00033702 -0.0230453 0.00825638 -0.000567515 0.99995 -0.00999603 0.00409036 0.0230408 0.0100065 0.999684 -0.000389958 0.0 0.0 0.0 1.0
redkitchen/seq-08/color/frame-000003.color.png redkitchen/seq-08/color/frame-000006.color.png 0.999975 0.00059881 0.00705345 0.00132593 -0.000603929 1.0 0.000723552 0.00803928 -0.00705301 -0.000727792 0.999975 -0.00331349 0.0 0.0 0.0 1.0
redkitchen/seq-08/color/frame-000006.color.png redkitchen/seq-08/color/frame-000009.color.png 0.999967 0.00160271 0.00797562 0.00159968 -0.00166841 0.999965 0.0082382 0.00211666 -0.00796213 -0.00825124 0.999934 -0.000414278 0.0 0.0 0.0 1.0
redkitchen/seq-08/color/frame-000009.color.png redkitchen/seq-08/color/frame-000012.color.png 0.999969 0.005834 0.00531745 -0.00841904 -0.00588706 0.999933 0.0100179 -0.000401992 -0.00525864 -0.0100489 0.999936 0.00217399 0.0 0.0 0.0 1.0
redkitchen/seq-08/color/frame-000012.color.png redkitchen/seq-08/color/frame-000015.color.png 0.999971 0.0074066 -0.00202813 -0.00640764 -0.00737805 0.999878 0.0137404 -0.00214092 0.00212965 -0.013725 0.999904 0.00932728 0.0 0.0 0.0 1.0
redkitchen/seq-08/color/frame-000015.color.png redkitchen/seq-08/color/frame-000018.color.png 0.999915 0.00963168 -0.00880304 -0.0198299 -0.00950809 0.999857 0.0139751 -0.00575724 0.00893638 -0.0138902 0.999864 0.0127635 0.0 0.0 0.0 1.0
redkitchen/seq-08/color/frame-000018.color.png redkitchen/seq-08/color/frame-000021.color.png 0.999472 0.0220477 -0.0238776 -0.0188569 -0.0218383 0.999721 0.00899383 -0.00890804 0.0240692 -0.00846764 0.999674 0.0167155 0.0 0.0 0.0 1.0
redkitchen/seq-08/color/frame-000021.color.png redkitchen/seq-08/color/frame-000024.color.png 0.999484 0.021676 -0.0236845 -0.0221533 -0.0215071 0.999742 0.0073635 -0.0127603 0.023838 -0.00685032 0.999692 0.0214081 0.0 0.0 0.0 1.0
redkitchen/seq-08/color/frame-000024.color.png redkitchen/seq-08/color/frame-000027.color.png 0.999297 0.0271981 -0.0258081 -0.0360905 -0.0271338 0.999628 0.00284066 -0.0168068 0.0258758 -0.00213838 0.999663 0.014958 0.0 0.0 0.0 1.0
redkitchen/seq-08/color/frame-000027.color.png redkitchen/seq-08/color/frame-000030.color.png 0.998585 0.0363853 -0.038782 -0.0205844 -0.0362717 0.999335 0.00362893 -0.0152526 0.0388883 -0.0022171 0.999241 0.0338457 0.0 0.0 0.0 1.0
redkitchen/seq-08/color/frame-000030.color.png redkitchen/seq-08/color/frame-000033.color.png 0.999594 0.0271686 -0.00863011 -0.0662231 -0.0271478 0.999628 0.00252021 -0.0357115 0.00869538 -0.0022849 0.99996 0.0270828 0.0 0.0 0.0 1.0
redkitchen/seq-08/color/frame-000033.color.png redkitchen/seq-08/color/frame-000036.color.png 0.999495 0.0220162 -0.0229018 -0.0360754 -0.0220068 0.999758 0.000667491 -0.0300689 0.0229109 -0.000163158 0.999738 0.0312791 0.0 0.0 0.0 1.0
redkitchen/seq-08/color/frame-000036.color.png redkitchen/seq-08/color/frame-000039.color.png 0.999832 0.0150547 -0.0104917 -0.0226964 -0.0151838 0.999809 -0.0123392 -0.0231538 0.0103039 0.0124964 0.999869 0.0299394 0.0 0.0 0.0 1.0
redkitchen/seq-08/color/frame-000039.color.png redkitchen/seq-08/color/frame-000042.color.png 0.999783 0.0206863 0.00254626 -0.0448613 -0.0206573 0.999727 -0.0109278 -0.0362938 -0.00277162 0.0108728 0.999937 0.0352293 0.0 0.0 0.0 1.0
redkitchen/seq-08/color/frame-000042.color.png redkitchen/seq-08/color/frame-000045.color.png 0.999934 0.00930815 -0.00679948 -0.0103448 -0.00944792 0.999739 -0.0208167 -0.0380649 0.00660392 0.0208796 0.99976 0.0233246 0.0 0.0 0.0 1.0
redkitchen/seq-08/color/frame-000045.color.png redkitchen/seq-08/color/frame-000048.color.png 0.999983 -0.000325089 0.00587293 -0.0444667 0.00049334 0.999589 -0.0286629 -0.0159742 -0.00586121 0.0286653 0.999572 0.0384059 0.0 0.0 0.0 1.0
redkitchen/seq-08/color/frame-000048.color.png redkitchen/seq-08/color/frame-000051.color.png 0.999961 0.00761414 -0.00442362 -0.0288387 -0.00764912 0.999939 -0.0079498 -0.0504048 0.00436286 0.00798333 0.999958 0.0340893 0.0 0.0 0.0 1.0
redkitchen/seq-08/color/frame-000051.color.png redkitchen/seq-08/color/frame-000054.color.png 0.999989 0.00144885 -0.0045656 -0.0128013 -0.00148843 0.999961 -0.00867405 -0.0296264 0.00455287 0.00868073 0.999952 0.0240285 0.0 0.0 0.0 1.0
redkitchen/seq-08/color/frame-000054.color.png redkitchen/seq-08/color/frame-000057.color.png 0.999727 -0.00127184 -0.0233462 0.00637951 0.00139358 0.999985 0.00520079 -0.0505641 0.0233393 -0.0052319 0.999714 0.0215784 0.0 0.0 0.0 1.0
redkitchen/seq-08/color/frame-000057.color.png redkitchen/seq-08/color/frame-000060.color.png 0.999997 -0.000420327 0.00224429 0.000398308 0.000447812 0.999925 -0.0122403 -0.0351033 -0.00223896 0.0122413 0.999922 0.0211422 0.0 0.0 0.0 1.0
redkitchen/seq-08/color/frame-000060.color.png redkitchen/seq-08/color/frame-000063.color.png 0.999976 0.00430718 -0.00540831 0.0150161 -0.00432157 0.999987 -0.00264247 -0.0517211 0.00539684 0.00266577 0.999982 0.0153723 0.0 0.0 0.0 1.0
redkitchen/seq-08/color/frame-000063.color.png redkitchen/seq-08/color/frame-000066.color.png 0.999903 -0.0105602 0.00904794 -0.003131 0.0107095 0.999805 -0.0166044 -0.0108731 -0.00887089 0.0166997 0.999821 0.0225796 0.0 0.0 0.0 1.0
redkitchen/seq-08/color/frame-000066.color.png redkitchen/seq-08/color/frame-000069.color.png 0.999938 0.00931884 0.00608028 0.0227099 -0.00926738 0.999921 -0.00844578 -0.0316135 -0.0061585 0.00838892 0.999946 0.0155399 0.0 0.0 0.0 1.0
redkitchen/seq-08/color/frame-000069.color.png redkitchen/seq-08/color/frame-000072.color.png 0.999994 0.00203139 0.00267946 0.0180354 -0.00200167 0.999937 -0.0110218 -0.0289377 -0.00270168 0.0110164 0.999936 0.0230865 0.0 0.0 0.0 1.0
redkitchen/seq-08/color/frame-000072.color.png redkitchen/seq-08/color/frame-000075.color.png 0.999998 -0.0005497 -0.00189096 0.0313232 0.000553959 0.999997 0.00225856 -0.0340082 0.0018897 -0.0022596 0.999996 0.0221198 0.0 0.0 0.0 1.0
redkitchen/seq-08/color/frame-000075.color.png redkitchen/seq-08/color/frame-000078.color.png 0.999687 -0.0120656 0.0219377 0.0288304 0.011981 0.99992 0.00398506 -0.0341355 -0.021984 -0.00372099 0.999752 0.000195622 0.0 0.0 0.0 1.0
redkitchen/seq-08/color/frame-000078.color.png redkitchen/seq-08/color/frame-000081.color.png 0.999909 -0.0134516 -0.000176794 0.0245586 0.0134526 0.999878 0.00796072 -0.0180514 6.9673e-05 -0.00796239 0.999968 0.00141388 0.0 0.0 0.0 1.0
redkitchen/seq-08/color/frame-000081.color.png redkitchen/seq-08/color/frame-000084.color.png 0.999409 -0.0182657 0.0291132 0.0124852 0.0181198 0.999822 0.00526611 -0.0325922 -0.0292042 -0.00473546 0.999562 0.00209877 0.0 0.0 0.0 1.0
redkitchen/seq-08/color/frame-000084.color.png redkitchen/seq-08/color/frame-000087.color.png 0.998503 -0.0411192 0.0360785 -0.00655358 0.0413641 0.999126 -0.00606659 0.00238401 -0.0357975 0.00754986 0.999331 0.012406 0.0 0.0 0.0 1.0
redkitchen/seq-08/color/frame-000087.color.png redkitchen/seq-08/color/frame-000090.color.png 0.997585 -0.0477591 0.0504362 -0.0113386 0.0479217 0.998849 -0.00201758 -0.0111598 -0.0502818 0.00442968 0.998725 -0.00036487 0.0 0.0 0.0 1.0
redkitchen/seq-08/color/frame-000090.color.png redkitchen/seq-08/color/frame-000093.color.png 0.998063 -0.0438894 0.0440866 -0.0049683 0.0439914 0.999031 -0.0013437 0.00133699 -0.0439849 0.00328054 0.999027 0.00409618 0.0 0.0 0.0 1.0
redkitchen/seq-08/color/frame-000093.color.png redkitchen/seq-08/color/frame-000096.color.png 0.999102 -0.0309929 0.0289043 -0.00382139 0.0308019 0.999501 0.00703051 -0.00796354 -0.0291077 -0.00613389 0.999557 -0.00686681 0.0 0.0 0.0 1.0
redkitchen/seq-08/color/frame-000096.color.png redkitchen/seq-08/color/frame-000099.color.png 0.995368 -0.0406949 0.0870977 -0.122407 0.0396379 0.999119 0.0138327 -0.0182621 -0.0875838 -0.0103162 0.996104 -0.0104882 0.0 0.0 0.0 1.0
redkitchen/seq-08/color/frame-000099.color.png redkitchen/seq-08/color/frame-000102.color.png 0.999327 -0.0210151 0.0300443 -0.000744596 0.0207936 0.999754 0.00766499 -0.00610769 -0.030198 -0.00703511 0.999519 0.00162062 0.0 0.0 0.0 1.0
redkitchen/seq-08/color/frame-000102.color.png redkitchen/seq-08/color/frame-000105.color.png 0.997908 -0.0268928 0.0587905 -0.0217615 0.0262964 0.999595 0.0108952 0.00495803 -0.0590597 -0.00932641 0.998211 0.0105848 0.0 0.0 0.0 1.0
redkitchen/seq-08/color/frame-000105.color.png redkitchen/seq-08/color/frame-000108.color.png 0.999151 -0.022686 0.0343997 -0.00548416 0.0225221 0.999733 0.00514306 0.00446755 -0.0345072 -0.00436393 0.999395 0.00452238 0.0 0.0 0.0 1.0
redkitchen/seq-08/color/frame-000108.color.png redkitchen/seq-08/color/frame-000111.color.png 0.997572 -0.0319656 0.0618798 -0.0412396 0.0304729 0.999225 0.0249181 -0.0284421 -0.0626284 -0.022972 0.997772 -0.00392652 0.0 0.0 0.0 1.0
redkitchen/seq-08/color/frame-000111.color.png redkitchen/seq-08/color/frame-000114.color.png 0.999365 -0.00806653 -0.0346985 0.178667 0.00805762 0.999967 -0.000396549 0.0209024 0.0347006 0.000116716 0.999398 0.0318092 0.0 0.0 0.0 1.0
redkitchen/seq-08/color/frame-000114.color.png redkitchen/seq-08/color/frame-000117.color.png 0.999773 -0.0175663 0.012076 0.015962 0.0174136 0.999768 0.0126352 -0.0166429 -0.0122951 -0.0124221 0.999847 0.00373077 0.0 0.0 0.0 1.0
redkitchen/seq-08/color/frame-000117.color.png redkitchen/seq-08/color/frame-000120.color.png 0.999378 -0.0319902 0.0148233 0.00744984 0.032034 0.999483 -0.00273349 0.0252727 -0.0147281 0.00320664 0.999886 0.024537 0.0 0.0 0.0 1.0
redkitchen/seq-08/color/frame-000120.color.png redkitchen/seq-08/color/frame-000123.color.png 0.999822 -0.0181557 -0.00518711 0.0211705 0.0182241 0.999743 0.0134555 -0.0280318 0.00494145 -0.0135476 0.999896 -0.0115972 0.0 0.0 0.0 1.0
redkitchen/seq-08/color/frame-000123.color.png redkitchen/seq-08/color/frame-000126.color.png 0.999739 -0.0213858 -0.00806999 0.0613765 0.0214047 0.999768 0.00225627 0.0468577 0.00801992 -0.0024284 0.999965 0.00827527 0.0 0.0 0.0 1.0
redkitchen/seq-08/color/frame-000126.color.png redkitchen/seq-08/color/frame-000129.color.png 0.999803 -0.012339 -0.0155341 0.0344058 0.0126034 0.999775 0.017036 0.00270116 0.0153204 -0.0172284 0.999734 -0.0104303 0.0 0.0 0.0 1.0
redkitchen/seq-08/color/frame-000129.color.png redkitchen/seq-08/color/frame-000132.color.png 0.999929 -0.0103082 -0.00601124 0.0404847 0.010396 0.999837 0.0147656 0.00699306 0.00585809 -0.0148271 0.999873 -0.00964391 0.0 0.0 0.0 1.0
redkitchen/seq-08/color/frame-000132.color.png redkitchen/seq-08/color/frame-000135.color.png 0.99936 -0.0178235 0.031011 -0.013611 0.016843 0.999359 0.0315968 -0.010365 -0.0315543 -0.0310543 0.999019 -0.010309 0.0 0.0 0.0 1.0
redkitchen/seq-08/color/frame-000135.color.png redkitchen/seq-08/color/frame-000138.color.png 0.999816 -0.0106733 0.0159308 0.0118665 0.0104085 0.999808 0.0166161 0.0145331 -0.0161051 -0.0164472 0.999735 -0.012561 0.0 0.0 0.0 1.0
redkitchen/seq-08/color/frame-000138.color.png redkitchen/seq-08/color/frame-000141.color.png 0.999805 -0.00790098 0.0181044 -0.000978231 0.00757912 0.999813 0.0177734 0.0163624 -0.0182415 -0.0176327 0.999678 -0.0129613 0.0 0.0 0.0 1.0
redkitchen/seq-08/color/frame-000141.color.png redkitchen/seq-08/color/frame-000144.color.png 0.999914 -0.0119619 0.00530694 0.0150107 0.0117402 0.999131 0.0400012 0.00943977 -0.00578086 -0.0399355 0.999186 -0.046658 0.0 0.0 0.0 1.0
redkitchen/seq-08/color/frame-000144.color.png redkitchen/seq-08/color/frame-000147.color.png 0.999874 -0.0122945 0.010039 0.00157866 0.0119912 0.999486 0.0297363 -0.0026502 -0.0103994 -0.0296121 0.999507 -0.0274231 0.0 0.0 0.0 1.0
redkitchen/seq-08/color/frame-000147.color.png redkitchen/seq-08/color/frame-000150.color.png 0.999816 -0.0161636 0.0102871 -0.000372767 0.0159675 0.999695 0.0188658 0.00646171 -0.010589 -0.0186981 0.999769 -0.0286614 0.0 0.0 0.0 1.0
redkitchen/seq-08/color/frame-000150.color.png redkitchen/seq-08/color/frame-000153.color.png 0.999812 -0.0159648 0.0109895 0.00733721 0.0157693 0.99972 0.0176541 0.00229961 -0.0112682 -0.0174775 0.999784 -0.0307528 0.0 0.0 0.0 1.0
redkitchen/seq-08/color/frame-000153.color.png redkitchen/seq-08/color/frame-000156.color.png 0.999746 -0.00802638 0.0210694 -0.0120474 0.0077992 0.999911 0.0108425 0.0290864 -0.0211545 -0.0106754 0.999719 -0.0212165 0.0 0.0 0.0 1.0
redkitchen/seq-08/color/frame-000156.color.png redkitchen/seq-08/color/frame-000159.color.png 0.999804 -0.0136244 -0.0143786 0.0350583 0.0135614 0.999898 -0.00446951 0.0438736 0.014438 0.00427363 0.999887 -0.0385675 0.0 0.0 0.0 1.0
redkitchen/seq-08/color/frame-000159.color.png redkitchen/seq-08/color/frame-000162.color.png 0.99996 -0.00774162 -0.00453889 0.0111504 0.00777649 0.99994 0.00769109 0.00854778 0.00447913 -0.00772602 0.99996 -0.0249364 0.0 0.0 0.0 1.0
redkitchen/seq-08/color/frame-000162.color.png redkitchen/seq-08/color/frame-000165.color.png 0.99969 -0.00891039 0.0232331 -0.0195847 0.00884659 0.999957 0.00284714 0.00474885 -0.0232574 -0.00264072 0.999726 -0.00100705 0.0 0.0 0.0 1.0
redkitchen/seq-08/color/frame-000165.color.png redkitchen/seq-08/color/frame-000168.color.png 0.999787 -0.0203435 0.00350768 -0.00688034 0.0204218 0.999505 -0.0239331 0.0597391 -0.00301911 0.0239997 0.999707 -0.00510383 0.0 0.0 0.0 1.0
redkitchen/seq-08/color/frame-000168.color.png redkitchen/seq-08/color/frame-000171.color.png 0.999944 -0.00772157 0.00720914 -0.00639439 0.00774538 0.999965 -0.00328866 0.00616167 -0.00718351 0.00334433 0.999969 -0.0115832 0.0 0.0 0.0 1.0
redkitchen/seq-08/color/frame-000171.color.png redkitchen/seq-08/color/frame-000174.color.png 0.999842 -0.0100272 0.0146746 -0.0248703 0.0100186 0.99995 0.000658931 0.00213809 -0.0146806 -0.000511868 0.999892 -0.00314295 0.0 0.0 0.0 1.0
redkitchen/seq-08/color/frame-000174.color.png redkitchen/seq-08/color/frame-000177.color.png 0.999796 -0.014662 0.0139158 -0.0229075 0.0147245 0.999882 -0.00440266 0.014868 -0.0138496 0.00460669 0.999894 -0.0141387 0.0 0.0 0.0 1.0
redkitchen/seq-08/color/frame-000177.color.png redkitchen/seq-08/color/frame-000180.color.png 0.999869 0.000890316 0.0161816 -0.0293136 -0.000844711 0.999996 -0.00282137 0.0132642 -0.0161841 0.00280732 0.999865 -0.00337526 0.0 0.0 0.0 1.0
redkitchen/seq-08/color/frame-000180.color.png redkitchen/seq-08/color/frame-000183.color.png 0.99998 -0.00171887 0.00608103 -0.00536555 0.00171563 0.999998 0.000541355 0.0186007 -0.00608195 -0.00053089 0.999981 -0.014554 0.0 0.0 0.0 1.0
redkitchen/seq-08/color/frame-000183.color.png redkitchen/seq-08/color/frame-000186.color.png 0.99985 -0.00145611 0.0172474 -0.0247191 0.00117705 0.999869 0.0161768 0.0139175 -0.0172686 -0.016154 0.99972 -0.011445 0.0 0.0 0.0 1.0
redkitchen/seq-08/color/frame-000186.color.png redkitchen/seq-08/color/frame-000189.color.png 0.999904 0.0138558 -0.000539466 0.00269705 -0.0138508 0.999868 0.00851174 0.0170346 0.000657268 -0.00850351 0.999964 -0.0141526 0.0 0.0 0.0 1.0
redkitchen/seq-08/color/frame-000189.color.png redkitchen/seq-08/color/frame-000192.color.png 0.999997 -0.00231522 -0.000539462 -0.00545865 0.00231718 0.99999 0.00376599 0.0225194 0.000530811 -0.00376718 0.999993 -0.0146421 0.0 0.0 0.0 1.0
redkitchen/seq-08/color/frame-000192.color.png redkitchen/seq-08/color/frame-000195.color.png 0.999933 0.00410067 -0.0108127 0.0087626 -0.004078 0.999989 0.00210876 0.0196581 0.0108212 -0.00206458 0.999939 -0.0163758 0.0 0.0 0.0 1.0
redkitchen/seq-08/color/frame-000195.color.png redkitchen/seq-08/color/frame-000198.color.png 0.999909 -0.00280093 -0.0132186 0.0132691 0.00281369 0.999996 0.000953049 0.0103439 0.0132159 -0.000990171 0.999912 -0.0149219 0.0 0.0 0.0 1.0
redkitchen/seq-08/color/frame-000198.color.png redkitchen/seq-08/color/frame-000201.color.png 0.999745 -0.00271688 -0.0224281 0.0378635 0.00260133 0.999983 -0.0051844 0.02079 0.0224418 0.00512479 0.999735 -0.0252853 0.0 0.0 0.0 1.0
redkitchen/seq-08/color/frame-000201.color.png redkitchen/seq-08/color/frame-000204.color.png 0.999914 -0.00317618 -0.0126926 0.0198721 0.00306292 0.999956 -0.00892627 0.0186572 0.0127204 0.00888657 0.99988 -0.0140128 0.0 0.0 0.0 1.0
redkitchen/seq-08/color/frame-000204.color.png redkitchen/seq-08/color/frame-000207.color.png 0.999892 -0.0065826 -0.0131565 0.027518 0.00662193 0.999974 0.0029461 0.00643408 0.0131368 -0.00303294 0.999909 -0.00730957 0.0 0.0 0.0 1.0
redkitchen/seq-08/color/frame-000207.color.png redkitchen/seq-08/color/frame-000210.color.png 0.999942 0.0093128 0.00547532 0.0215227 -0.0092919 0.99995 -0.00382217 0.0540551 -0.00551057 0.00377115 0.999978 0.0231759 0.0 0.0 0.0 1.0
redkitchen/seq-08/color/frame-000210.color.png redkitchen/seq-08/color/frame-000213.color.png 0.999915 -0.0124188 0.00398627 0.0312422 0.0124787 0.999804 -0.0153565 0.0275782 -0.00379488 0.0154049 0.999874 -0.00173639 0.0 0.0 0.0 1.0
redkitchen/seq-08/color/frame-000213.color.png redkitchen/seq-08/color/frame-000216.color.png 0.999916 0.0101178 -0.00814513 0.0417981 -0.010037 0.999901 0.00991564 0.0122899 0.00824475 -0.00983309 0.999918 -0.00772579 0.0 0.0 0.0 1.0
redkitchen/seq-08/color/frame-000216.color.png redkitchen/seq-08/color/frame-000219.color.png 0.999914 0.0081849 0.0102362 0.0308859 -0.00814659 0.99996 -0.0037756 0.0297056 -0.0102668 0.0036919 0.999941 0.0077827 0.0 0.0 0.0 1.0
redkitchen/seq-08/color/frame-000219.color.png redkitchen/seq-08/color/frame-000222.color.png 0.999967 0.00701264 -0.00408423 0.0345067 -0.00699133 0.999962 0.00519616 0.0128548 0.00412054 -0.0051674 0.999978 -0.00700703 0.0 0.0 0.0 1.0
redkitchen/seq-08/color/frame-000222.color.png redkitchen/seq-08/color/frame-000225.color.png 0.999996 -0.000468613 -0.00289686 0.0556964 0.000473499 0.999998 0.00171571 0.0121622 0.00289604 -0.00171703 0.999994 -0.020918 0.0 0.0 0.0 1.0
redkitchen/seq-08/color/frame-000225.color.png redkitchen/seq-08/color/frame-000228.color.png 0.999878 0.0141217 0.00661779 0.0430938 -0.0141204 0.9999 -0.000242119 0.0294199 -0.00662069 0.000148559 0.999978 -0.000475183 0.0 0.0 0.0 1.0
redkitchen/seq-08/color/frame-000228.color.png redkitchen/seq-08/color/frame-000231.color.png 0.999973 0.00531378 0.00503015 0.0299792 -0.0053423 0.99997 0.00565942 0.00509824 -0.00499986 -0.00568618 0.999971 -0.000938237 0.0 0.0 0.0 1.0
redkitchen/seq-08/color/frame-000231.color.png redkitchen/seq-08/color/frame-000234.color.png 0.999908 0.0103964 -0.00867901 0.0403978 -0.0105238 0.999836 -0.014764 0.0255961 0.00852409 0.014854 0.999853 -0.0226338 0.0 0.0 0.0 1.0
redkitchen/seq-08/color/frame-000234.color.png redkitchen/seq-08/color/frame-000237.color.png 0.999932 0.00875489 -0.00767328 0.0344775 -0.00871078 0.999945 0.00576857 0.00821005 0.00772333 -0.00570144 0.999954 -0.00582828 0.0 0.0 0.0 1.0
redkitchen/seq-08/color/frame-000237.color.png redkitchen/seq-08/color/frame-000240.color.png 0.999818 0.00941741 -0.0166055 0.0493609 -0.00935366 0.999949 0.00391206 0.00943041 0.0166415 -0.00375597 0.999855 -0.0290272 0.0 0.0 0.0 1.0
redkitchen/seq-08/color/frame-000240.color.png redkitchen/seq-08/color/frame-000243.color.png 0.999792 0.0189876 -0.00747616 0.0477248 -0.018906 0.999763 0.0108356 0.0249326 0.00768009 -0.010692 0.999913 -0.00456937 0.0 0.0 0.0 1.0
redkitchen/seq-08/color/frame-000243.color.png redkitchen/seq-08/color/frame-000246.color.png 0.99992 0.00691617 -0.0105985 0.034659 -0.00691105 0.999976 0.000515204 0.0119319 0.0106018 -0.000441953 0.999944 -0.00541279 0.0 0.0 0.0 1.0
redkitchen/seq-08/color/frame-000246.color.png redkitchen/seq-08/color/frame-000249.color.png 0.999433 0.0238448 -0.0237929 0.0598561 -0.0235196 0.999627 0.0138577 0.0200238 0.0241145 -0.0132902 0.999621 -0.0328912 0.0 0.0 0.0 1.0
redkitchen/seq-08/color/frame-000249.color.png redkitchen/seq-08/color/frame-000252.color.png 0.999917 0.00530129 -0.0117723 0.0342644 -0.00540112 0.99995 -0.00846494 0.0161515 0.011727 0.00852784 0.999895 -0.00992467 0.0 0.0 0.0 1.0
redkitchen/seq-08/color/frame-000252.color.png redkitchen/seq-08/color/frame-000255.color.png 0.999878 0.01131 -0.0107498 0.0373729 -0.0112277 0.999907 0.00767929 0.00702211 0.0108356 -0.00755768 0.999913 -0.015223 0.0 0.0 0.0 1.0
redkitchen/seq-08/color/frame-000255.color.png redkitchen/seq-08/color/frame-000258.color.png 0.999314 0.00929142 -0.0358409 0.0652556 -0.00942507 0.999949 -0.0035603 0.020384 0.0358061 0.00389566 0.999351 -0.054753 0.0 0.0 0.0 1.0
redkitchen/seq-08/color/frame-000258.color.png redkitchen/seq-08/color/frame-000261.color.png 0.999798 0.020081 2.11182e-05 0.0312558 -0.0200775 0.999602 0.0198219 0.0162823 0.000376963 -0.0198183 0.999803 -0.00496565 0.0 0.0 0.0 1.0
redkitchen/seq-08/color/frame-000261.color.png redkitchen/seq-08/color/frame-000264.color.png 0.999958 0.00893621 -0.00174214 0.0219388 -0.00895361 0.999908 -0.0102277 0.0239178 0.00165057 0.0102429 0.999946 -0.00525996 0.0 0.0 0.0 1.0
redkitchen/seq-08/color/frame-000264.color.png redkitchen/seq-08/color/frame-000267.color.png 0.999706 0.0134885 -0.0201642 0.0354383 -0.0134293 0.999905 0.00306917 0.00748782 0.0202037 -0.00279755 0.999792 -0.0421985 0.0 0.0 0.0 1.0
redkitchen/seq-08/color/frame-000267.color.png redkitchen/seq-08/color/frame-000270.color.png 0.999583 0.0254624 -0.0136377 0.0400375 -0.0252392 0.999549 0.0162914 0.0247241 0.0140462 -0.0159403 0.999774 -0.0180178 0.0 0.0 0.0 1.0
redkitchen/seq-08/color/frame-000270.color.png redkitchen/seq-08/color/frame-000273.color.png 0.999833 0.0158002 -0.00918045 0.0223587 -0.0158998 0.999814 -0.0108795 0.0329998 0.00900685 0.0110236 0.999899 -0.0174906 0.0 0.0 0.0 1.0
redkitchen/seq-08/color/frame-000273.color.png redkitchen/seq-08/color/frame-000276.color.png 0.999533 0.0197395 -0.0233282 0.0324013 -0.0196641 0.999801 0.00345358 0.0130594 0.0233917 -0.00299312 0.999722 -0.0378717 0.0 0.0 0.0 1.0
redkitchen/seq-08/color/frame-000276.color.png redkitchen/seq-08/color/frame-000279.color.png 0.999283 0.0353091 -0.0136547 0.0410646 -0.0352235 0.999359 0.00645961 0.0462161 0.013874 -0.00597403 0.999886 -0.0294094 0.0 0.0 0.0 1.0
redkitchen/seq-08/color/frame-000279.color.png redkitchen/seq-08/color/frame-000282.color.png 0.999116 0.0355898 -0.0223951 0.0280876 -0.0354878 0.999358 0.00493649 0.0458732 0.0225564 -0.0041374 0.999737 -0.0364531 0.0 0.0 0.0 1.0
redkitchen/seq-08/color/frame-000282.color.png redkitchen/seq-08/color/frame-000285.color.png 0.999414 0.0311892 -0.0140974 0.0257616 -0.0310075 0.999436 0.012926 0.037137 0.0144926 -0.0124813 0.999817 -0.0241321 0.0 0.0 0.0 1.0
redkitchen/seq-08/color/frame-000285.color.png redkitchen/seq-08/color/frame-000288.color.png 0.999145 0.0361279 -0.0201159 0.0422202 -0.0360437 0.99934 0.00452961 0.0587941 0.0202663 -0.00380072 0.999787 -0.0453826 0.0 0.0 0.0 1.0
redkitchen/seq-08/color/frame-000288.color.png redkitchen/seq-08/color/frame-000291.color.png 0.99946 0.0309781 -0.01097 0.0229839 -0.0307613 0.999338 0.0194118 0.0360842 0.011564 -0.019064 0.999751 -0.0195208 0.0 0.0 0.0 1.0
redkitchen/seq-08/color/frame-000291.color.png redkitchen/seq-08/color/frame-000294.color.png 0.999689 0.0198535 -0.0150965 0.026383 -0.0199213 0.999792 -0.00434788 0.0432839 0.015007 0.00464726 0.999877 -0.0315736 0.0 0.0 0.0 1.0
redkitchen/seq-08/color/frame-000294.color.png redkitchen/seq-08/color/frame-000297.color.png 0.99896 0.0430493 -0.0150629 0.0210958 -0.0429247 0.999042 0.00850599 0.0440996 0.0154146 -0.00785051 0.99985 -0.02329 0.0 0.0 0.0 1.0
redkitchen/seq-08/color/frame-000297.color.png redkitchen/seq-08/color/frame-000300.color.png 0.999186 0.0318387 -0.0247833 0.0406423 -0.031954 0.99948 -0.0042716 0.0491403 0.0246344 0.00506009 0.999684 -0.0605197 0.0 0.0 0.0 1.0
redkitchen/seq-08/color/frame-000300.color.png redkitchen/seq-08/color/frame-000303.color.png 0.999471 0.0276117 -0.0171604 0.0103753 -0.027655 0.999615 -0.00229433 0.0352697 0.0170905 0.00276757 0.99985 -0.0303889 0.0 0.0 0.0 1.0
redkitchen/seq-08/color/frame-000303.color.png redkitchen/seq-08/color/frame-000306.color.png 0.99913 0.0389501 -0.014927 0.0106359 -0.0392496 0.999023 -0.0203321 0.0611862 0.0141205 0.0209003 0.999682 -0.0306465 0.0 0.0 0.0 1.0
redkitchen/seq-08/color/frame-000306.color.png redkitchen/seq-08/color/frame-000309.color.png 0.999306 0.0220443 -0.030044 0.021991 -0.0231419 0.999059 -0.0366822 0.021851 0.0292071 0.037352 0.998875 -0.0606342 0.0 0.0 0.0 1.0
redkitchen/seq-08/color/frame-000309.color.png redkitchen/seq-08/color/frame-000312.color.png 0.998999 0.0409589 -0.0179827 0.00192666 -0.0412271 0.99904 -0.0148081 0.03127 0.0173589 0.0155346 0.999729 -0.027284 0.0 0.0 0.0 1.0
redkitchen/seq-08/color/frame-000312.color.png redkitchen/seq-08/color/frame-000315.color.png 0.999056 0.0303486 -0.0310984 0.00214672 -0.0310882 0.999238 -0.0235762 0.0351967 0.0303592 0.0245207 0.999238 -0.0504702 0.0 0.0 0.0 1.0
redkitchen/seq-08/color/frame-000315.color.png redkitchen/seq-08/color/frame-000318.color.png 0.999228 0.0319215 -0.0229084 0.00760138 -0.0325454 0.999095 -0.0274001 0.0389163 0.022013 0.0281245 0.999362 -0.0429683 0.0 0.0 0.0 1.0
redkitchen/seq-08/color/frame-000318.color.png redkitchen/seq-08/color/frame-000321.color.png 0.998731 0.0349247 -0.0362877 0.00711668 -0.0352356 0.999347 -0.00796458 0.019265 0.0359859 0.00923311 0.99931 -0.0711512 0.0 0.0 0.0 1.0
redkitchen/seq-08/color/frame-000321.color.png redkitchen/seq-08/color/frame-000324.color.png 0.999074 0.0268991 -0.0335724 -0.00224352 -0.0276773 0.999354 -0.0229377 0.0251235 0.0329336 0.0238456 0.999173 -0.0508633 0.0 0.0 0.0 1.0
redkitchen/seq-08/color/frame-000324.color.png redkitchen/seq-08/color/frame-000327.color.png 0.999339 0.0316724 -0.0178308 -0.0132667 -0.0322309 0.99897 -0.0319515 0.0380643 0.0168004 0.0325051 0.99933 -0.0375232 0.0 0.0 0.0 1.0
redkitchen/seq-08/color/frame-000327.color.png redkitchen/seq-08/color/frame-000330.color.png 0.999644 0.0226021 -0.0141544 0.0013814 -0.0227246 0.999705 -0.00854729 -0.0047545 0.013957 0.00886592 0.999863 -0.0279301 0.0 0.0 0.0 1.0
redkitchen/seq-08/color/frame-000330.color.png redkitchen/seq-08/color/frame-000333.color.png 0.999849 0.0143027 -0.00985378 -0.0187799 -0.0145962 0.999431 -0.0304139 0.00231788 0.00941317 0.0305531 0.999489 -0.00656826 0.0 0.0 0.0 1.0
redkitchen/seq-08/color/frame-000333.color.png redkitchen/seq-08/color/frame-000336.color.png 0.999745 0.0169205 -0.0149326 -0.002092 -0.0171756 0.999706 -0.0171123 -0.0166351 0.0146387 0.0173645 0.999742 -0.0386037 0.0 0.0 0.0 1.0
redkitchen/seq-08/color/frame-000336.color.png redkitchen/seq-08/color/frame-000339.color.png 0.998753 0.0444343 -0.0227351 -0.0282929 -0.0451742 0.998429 -0.0331383 0.0606056 0.0212269 0.0341241 0.999192 -0.0233465 0.0 0.0 0.0 1.0
redkitchen/seq-08/color/frame-000339.color.png redkitchen/seq-08/color/frame-000342.color.png 0.99882 0.0363755 -0.0321627 -0.0335046 -0.0365611 0.999318 -0.00519414 0.0360845 0.0319519 0.00636391 0.999469 -0.0380291 0.0 0.0 0.0 1.0
redkitchen/seq-08/color/frame-000342.color.png redkitchen/seq-08/color/frame-000345.color.png 0.997973 0.049577 -0.0398928 -0.0203716 -0.0499119 0.998726 -0.00744545 0.062423 0.0394729 0.00942151 0.999176 -0.051168 0.0 0.0 0.0 1.0
redkitchen/seq-08/color/frame-000345.color.png redkitchen/seq-08/color/frame-000348.color.png 0.998242 0.0301708 -0.0510194 -0.0336717 -0.0297171 0.999512 0.00962845 0.0157445 0.051285 -0.0080954 0.998651 -0.0734617 0.0 0.0 0.0 1.0
redkitchen/seq-08/color/frame-000348.color.png redkitchen/seq-08/color/frame-000351.color.png 0.99793 0.00249391 -0.0642597 -0.0332909 -0.0030143 0.999963 -0.00800177 -0.0100667 0.0642374 0.00817892 0.997901 -0.0910788 0.0 0.0 0.0 1.0
redkitchen/seq-08/color/frame-000351.color.png redkitchen/seq-08/color/frame-000354.color.png 0.998937 -0.00558544 -0.0457623 -0.0407676 0.00468637 0.999794 -0.0197297 0.0161811 0.0458631 0.0194943 0.998757 -0.04359 0.0 0.0 0.0 1.0
redkitchen/seq-08/color/frame-000354.color.png redkitchen/seq-08/color/frame-000357.color.png 0.998876 0.0135464 -0.0454236 -0.0247507 -0.0123076 0.999547 0.0274437 0.00147471 0.0457748 -0.0268538 0.998591 -0.0825835 0.0 0.0 0.0 1.0
redkitchen/seq-08/color/frame-000357.color.png redkitchen/seq-08/color/frame-000360.color.png 0.999292 0.0321161 -0.0196099 -0.0394299 -0.0310041 0.998027 0.0545916 0.0502456 0.0213246 -0.0539449 0.998316 -0.0354735 0.0 0.0 0.0 1.0
redkitchen/seq-08/color/frame-000360.color.png redkitchen/seq-08/color/frame-000363.color.png 0.999608 0.0195927 -0.020019 -0.0426074 -0.0189169 0.999263 0.0334018 0.0241419 0.0206587 -0.03301 0.999242 -0.0334738 0.0 0.0 0.0 1.0
redkitchen/seq-08/color/frame-000363.color.png redkitchen/seq-08/color/frame-000366.color.png 0.999291 -0.0143843 -0.0347875 -0.0376356 0.0153549 0.999496 0.0277955 -0.024416 0.0343701 -0.02831 0.999008 -0.0671721 0.0 0.0 0.0 1.0
redkitchen/seq-08/color/frame-000366.color.png redkitchen/seq-08/color/frame-000369.color.png 0.999994 -0.0020572 -0.00257674 -0.055693 0.00212758 0.999615 0.0276717 -0.00135231 0.00251889 -0.0276771 0.999614 -0.00876103 0.0 0.0 0.0 1.0
redkitchen/seq-08/color/frame-000369.color.png redkitchen/seq-08/color/frame-000372.color.png 0.99993 -0.0117796 -0.00132057 -0.0507233 0.0118063 0.999676 0.0225349 -0.012985 0.00105469 -0.0225489 0.999745 -0.00682289 0.0 0.0 0.0 1.0
redkitchen/seq-08/color/frame-000372.color.png redkitchen/seq-08/color/frame-000375.color.png 0.999741 -0.0222835 -0.00464087 -0.0391455 0.0223261 0.999707 0.00933135 -0.00539392 0.0044316 -0.00943253 0.999946 0.00306576 0.0 0.0 0.0 1.0
redkitchen/seq-08/color/frame-000375.color.png redkitchen/seq-08/color/frame-000378.color.png 0.999343 -0.0357167 -0.00624011 -0.0580641 0.0358624 0.999043 0.0250458 -0.00935037 0.0053396 -0.0252531 0.999667 -0.0084227 0.0 0.0 0.0 1.0
redkitchen/seq-08/color/frame-000378.color.png redkitchen/seq-08/color/frame-000381.color.png 0.999922 -0.0101269 -0.00732383 -0.0347291 0.0103307 0.999546 0.0283061 -0.00641201 0.00703388 -0.0283796 0.999572 -0.00968437 0.0 0.0 0.0 1.0
redkitchen/seq-08/color/frame-000381.color.png redkitchen/seq-08/color/frame-000384.color.png 0.999903 -0.0117557 0.00751719 -0.0293968 0.0115277 0.999493 0.0296791 -0.0216452 -0.00786231 -0.0295895 0.999531 0.0163203 0.0 0.0 0.0 1.0
redkitchen/seq-08/color/frame-000384.color.png redkitchen/seq-08/color/frame-000387.color.png 0.999254 -0.0378823 0.00756689 -0.0344641 0.037866 0.99928 0.00226281 -0.0246526 -0.00764715 -0.00197456 0.999969 0.0287469 0.0 0.0 0.0 1.0
redkitchen/seq-08/color/frame-000387.color.png redkitchen/seq-08/color/frame-000390.color.png 0.999126 -0.0407102 0.00948685 -0.0344604 0.0406654 0.999161 0.00488307 -0.0185715 -0.0096777 -0.00449307 0.999943 0.0294911 0.0 0.0 0.0 1.0
redkitchen/seq-08/color/frame-000390.color.png redkitchen/seq-08/color/frame-000393.color.png 0.998375 -0.056575 0.00676441 -0.0345867 0.0563974 0.998119 0.0240525 -0.0359948 -0.00811245 -0.0236319 0.999688 0.0309379 0.0 0.0 0.0 1.0
redkitchen/seq-08/color/frame-000393.color.png redkitchen/seq-08/color/frame-000396.color.png 0.998015 -0.051128 0.0367578 -0.0485474 0.0509537 0.998685 0.00566182 -0.0305471 -0.0369989 -0.00377759 0.999308 0.0580084 0.0 0.0 0.0 1.0
redkitchen/seq-08/color/frame-000396.color.png redkitchen/seq-08/color/frame-000399.color.png 0.997349 -0.0662174 0.030171 -0.0630988 0.065701 0.99768 0.0177944 -0.0435186 -0.0312793 -0.015765 0.999386 0.0444077 0.0 0.0 0.0 1.0
redkitchen/seq-08/color/frame-000399.color.png redkitchen/seq-08/color/frame-000402.color.png 0.991545 -0.126945 0.026899 -0.0203678 0.126631 0.991863 0.0130988 -0.0878103 -0.0283429 -0.00958183 0.999552 0.0585481 0.0 0.0 0.0 1.0
redkitchen/seq-08/color/frame-000402.color.png redkitchen/seq-08/color/frame-000405.color.png 0.993703 -0.104669 0.0399932 -0.0501862 0.103828 0.994339 0.0225653 -0.0781374 -0.0421288 -0.0182708 0.998945 0.0483476 0.0 0.0 0.0 1.0
redkitchen/seq-08/color/frame-000405.color.png redkitchen/seq-08/color/frame-000408.color.png 0.997217 -0.0669464 0.0328049 -0.0407877 0.0666923 0.997735 0.0087815 -0.0339946 -0.0333186 -0.00656922 0.999423 0.0385729 0.0 0.0 0.0 1.0
redkitchen/seq-08/color/frame-000408.color.png redkitchen/seq-08/color/frame-000411.color.png 0.997477 -0.0649911 0.0285634 -0.0508077 0.0646036 0.997809 0.014286 -0.0430157 -0.0294292 -0.0124046 0.99949 0.0300017 0.0 0.0 0.0 1.0
redkitchen/seq-08/color/frame-000411.color.png redkitchen/seq-08/color/frame-000414.color.png 0.996855 -0.0734749 0.0296735 -0.0499239 0.0728502 0.997109 0.0216101 -0.0461719 -0.0311755 -0.0193805 0.999326 0.0268951 0.0 0.0 0.0 1.0
redkitchen/seq-08/color/frame-000414.color.png redkitchen/seq-08/color/frame-000417.color.png 0.996087 -0.082976 0.0304365 -0.0411256 0.0822884 0.996339 0.0231895 -0.0545922 -0.0322492 -0.0205942 0.999268 0.0303683 0.0 0.0 0.0 1.0
redkitchen/seq-08/color/frame-000417.color.png redkitchen/seq-08/color/frame-000420.color.png 0.99294 -0.0920378 0.0748278 -0.0803095 0.09117 0.995723 0.0149392 -0.0427475 -0.0758827 -0.00801164 0.997085 0.0472537 0.0 0.0 0.0 1.0
redkitchen/seq-08/color/frame-000420.color.png redkitchen/seq-08/color/frame-000423.color.png 0.997306 -0.0672025 0.0294054 -0.0390217 0.0667664 0.997647 0.0155731 -0.0336623 -0.0303828 -0.0135679 0.999446 0.0206955 0.0 0.0 0.0 1.0
redkitchen/seq-08/color/frame-000423.color.png redkitchen/seq-08/color/frame-000426.color.png 0.99652 -0.0761756 0.0338353 -0.0532943 0.0754755 0.996916 0.0215096 -0.0420008 -0.0353695 -0.018881 0.999196 0.0216566 0.0 0.0 0.0 1.0
redkitchen/seq-08/color/frame-000426.color.png redkitchen/seq-08/color/frame-000429.color.png 0.998714 -0.0404258 0.0305912 -0.0404965 0.0398189 0.999003 0.020197 -0.02408 -0.0313772 -0.0189529 0.999328 -0.00131106 0.0 0.0 0.0 1.0
redkitchen/seq-08/color/frame-000429.color.png redkitchen/seq-08/color/frame-000432.color.png 0.999191 -0.037972 0.0132314 -0.0540332 0.037584 0.998889 0.0284333 -0.0185497 -0.0142963 -0.027913 0.999508 0.00960955 0.0 0.0 0.0 1.0
redkitchen/seq-08/color/frame-000432.color.png redkitchen/seq-08/color/frame-000435.color.png 0.999082 -0.0277126 0.0326649 -0.0367172 0.0268846 0.999313 0.0255181 -0.0200426 -0.0333496 -0.0246165 0.999141 0.018397 0.0 0.0 0.0 1.0
redkitchen/seq-08/color/frame-000435.color.png redkitchen/seq-08/color/frame-000438.color.png 0.999413 -0.0225165 0.02581 -0.0418244 0.0218713 0.999448 0.0250165 -0.019886 -0.026359 -0.0244373 0.999354 0.00839385 0.0 0.0 0.0 1.0
redkitchen/seq-08/color/frame-000438.color.png redkitchen/seq-08/color/frame-000441.color.png 0.998948 -0.0174385 0.042422 -0.0632807 0.0163606 0.999538 0.0256252 -0.00036291 -0.0428492 -0.0249041 0.998771 0.0160527 0.0 0.0 0.0 1.0
redkitchen/seq-08/color/frame-000441.color.png redkitchen/seq-08/color/frame-000444.color.png 0.999658 -0.0183995 0.0185559 -0.0157834 0.0180355 0.999646 0.0195886 -0.0193894 -0.0189097 -0.0192473 0.999636 0.00628713 0.0 0.0 0.0 1.0
redkitchen/seq-08/color/frame-000444.color.png redkitchen/seq-08/color/frame-000447.color.png 0.998992 -0.017146 0.0414738 -0.0596306 0.0168235 0.999825 0.00811654 -0.00878391 -0.0416058 -0.00741063 0.999107 0.0114374 0.0 0.0 0.0 1.0
redkitchen/seq-08/color/frame-000447.color.png redkitchen/seq-08/color/frame-000450.color.png 0.999508 -0.0198617 0.0242875 -0.0358791 0.0196684 0.999773 0.00817217 -0.00777417 -0.0244442 -0.00769047 0.999672 0.00572991 0.0 0.0 0.0 1.0
redkitchen/seq-08/color/frame-000450.color.png redkitchen/seq-08/color/frame-000453.color.png 0.999472 -0.0207038 0.0250369 -0.037579 0.0206132 0.99978 0.00387096 -0.00938209 -0.0251115 -0.00335282 0.999679 0.00413236 0.0 0.0 0.0 1.0
redkitchen/seq-08/color/frame-000453.color.png redkitchen/seq-08/color/frame-000456.color.png 0.999126 -0.0321349 0.0267146 -0.0530205 0.0320385 0.999478 0.00402643 -0.0153688 -0.0268301 -0.00316701 0.999635 0.0114177 0.0 0.0 0.0 1.0
redkitchen/seq-08/color/frame-000456.color.png redkitchen/seq-08/color/frame-000459.color.png 0.999982 -0.0059962 0.000308672 -0.0233095 0.00599516 0.999976 0.00342304 -0.0172369 -0.000329217 -0.00342116 0.999994 -0.00246024 0.0 0.0 0.0 1.0
redkitchen/seq-08/color/frame-000459.color.png redkitchen/seq-08/color/frame-000462.color.png 0.999947 -0.00893651 0.00502167 -0.0491558 0.00903216 0.999772 -0.0193775 0.0038841 -0.00484737 0.0194218 0.9998 0.00272217 0.0 0.0 0.0 1.0
redkitchen/seq-08/color/frame-000462.color.png redkitchen/seq-08/color/frame-000465.color.png 0.999851 -0.000566671 0.0172819 -0.0434314 0.000562423 1.0 0.00026093 0.00823362 -0.0172821 -0.000251173 0.999851 0.0123427 0.0 0.0 0.0 1.0
redkitchen/seq-08/color/frame-000465.color.png redkitchen/seq-08/color/frame-000468.color.png 0.999762 -0.00133921 0.0217933 -0.0364437 0.00116885 0.999969 0.00782692 -0.0120071 -0.0218031 -0.00779955 0.999732 0.00610462 0.0 0.0 0.0 1.0
redkitchen/seq-08/color/frame-000468.color.png redkitchen/seq-08/color/frame-000471.color.png 0.999602 0.0142831 0.0243404 -0.047281 -0.0145833 0.999819 0.0121955 -0.0124538 -0.0241618 -0.0125457 0.999629 0.00346893 0.0 0.0 0.0 1.0
redkitchen/seq-08/color/frame-000471.color.png redkitchen/seq-08/color/frame-000474.color.png 0.999942 0.00559897 0.00925422 -0.023421 -0.00566847 0.999956 0.00750173 -0.0175617 -0.00921181 -0.00755374 0.999929 -0.0129024 0.0 0.0 0.0 1.0
redkitchen/seq-08/color/frame-000474.color.png redkitchen/seq-08/color/frame-000477.color.png 0.99963 0.0254702 0.00954612 -0.0417442 -0.0254501 0.999674 -0.00222772 -0.00638327 -0.00959975 0.0019839 0.999952 -0.0111089 0.0 0.0 0.0 1.0
redkitchen/seq-08/color/frame-000477.color.png redkitchen/seq-08/color/frame-000480.color.png 0.999822 0.0149347 0.0115059 -0.0253869 -0.0149287 0.999888 -0.000600861 -0.00540747 -0.0115136 0.000429012 0.999934 -0.00718334 0.0 0.0 0.0 1.0
redkitchen/seq-08/color/frame-000480.color.png redkitchen/seq-08/color/frame-000483.color.png 0.999612 0.0270742 0.00654119 -0.0409094 -0.0271011 0.999625 0.00404945 -0.00707524 -0.00642906 -0.00422516 0.99997 -0.0146079 0.0 0.0 0.0 1.0
redkitchen/seq-08/color/frame-000483.color.png redkitchen/seq-08/color/frame-000486.color.png 0.999924 0.0122387 0.0017494 -0.0170152 -0.0122541 0.999883 0.00910561 -0.0113668 -0.0016378 -0.00912632 0.999957 -0.00632317 0.0 0.0 0.0 1.0
redkitchen/seq-08/color/frame-000486.color.png redkitchen/seq-08/color/frame-000489.color.png 0.999836 0.0125836 -0.0129869 -0.0291817 -0.0125574 0.999919 0.002098 -0.0132266 0.0130123 -0.00193458 0.999913 -0.0147405 0.0 0.0 0.0 1.0
redkitchen/seq-08/color/frame-000489.color.png redkitchen/seq-08/color/frame-000492.color.png 0.997677 0.0680243 0.00364429 -0.0362665 -0.0679716 0.997602 -0.0130264 -0.00608897 -0.00452171 0.0127485 0.999908 2.80738e-05 0.0 0.0 0.0 1.0
redkitchen/seq-08/color/frame-000492.color.png redkitchen/seq-08/color/frame-000495.color.png 0.997929 0.0591399 0.0253016 -0.0442403 -0.0585797 0.998033 -0.0223375 0.000730611 -0.0265728 0.020809 0.99943 -0.0174912 0.0 0.0 0.0 1.0
redkitchen/seq-08/color/frame-000495.color.png redkitchen/seq-08/color/frame-000498.color.png 0.997991 0.0612179 0.0163201 -0.0318829 -0.061307 0.998106 0.00502071 -0.0322316 -0.0159818 -0.00601117 0.999854 -0.00780493 0.0 0.0 0.0 1.0
redkitchen/seq-08/color/frame-000498.color.png redkitchen/seq-08/color/frame-000501.color.png 0.994939 0.100296 0.00605823 -0.0454312 -0.100311 0.994954 0.00221209 -0.0236757 -0.00580571 -0.00280857 0.999979 -0.0200882 0.0 0.0 0.0 1.0
redkitchen/seq-08/color/frame-000501.color.png redkitchen/seq-08/color/frame-000504.color.png 0.994193 0.106381 -0.0162201 -0.0472333 -0.106517 0.99428 -0.00779684 -0.0350551 0.0152978 0.00947928 0.999838 -0.00905336 0.0 0.0 0.0 1.0
redkitchen/seq-08/color/frame-000504.color.png redkitchen/seq-08/color/frame-000507.color.png 0.997317 0.0723207 -0.0113564 -0.0258752 -0.0724083 0.997347 -0.00750153 -0.0219444 0.0107838 0.00830372 0.999907 -0.00196102 0.0 0.0 0.0 1.0
redkitchen/seq-08/color/frame-000507.color.png redkitchen/seq-08/color/frame-000510.color.png 0.996823 0.0795859 -0.0031341 -0.0430029 -0.0795787 0.996826 0.0023429 -0.0301464 0.00331063 -0.00208605 0.999992 -0.0162927 0.0 0.0 0.0 1.0
redkitchen/seq-08/color/frame-000510.color.png redkitchen/seq-08/color/frame-000513.color.png 0.9985 0.0546246 -0.00381949 -0.0214857 -0.0545903 0.998472 0.00857559 -0.030621 0.00428202 -0.00835422 0.999956 -0.00133082 0.0 0.0 0.0 1.0
