redkitchen/seq-08/color/frame-000000.color.png redkitchen/seq-08/color/frame-000002.color.png 0.999842 -0.000274927 -0.0177661 0.00160543 0.000200702 0.999991 -0.00417956 -0.0021763 0.0177671 0.00417533 0.999833 0.000272109 0.0 0.0 0.0 1.0
redkitchen/seq-08/color/frame-000002.color.png redkitchen/seq-08/color/frame-000004.color.png 0.999992 -0.000745309 -0.00385891 0.00986134 0.000715798 0.999971 -0.00764323 0.00882054 0.00386449 0.00764041 0.999963 -0.00298422 0.0 0.0 0.0 1.0
redkitchen/seq-08/color/frame-000004.color.png redkitchen/seq-08/color/frame-000006.color.png 0.999985 0.00188531 0.00518655 -0.000774699 -0.00189934 0.999995 0.0027019 0.00524882 -0.00518142 -0.00271171 0.999983 -0.00192232 0.0 0.0 0.0 1.0
redkitchen/seq-08/color/frame-000006.color.png redkitchen/seq-08/color/frame-000008.color.png 0.999988 -0.000155735 0.0048333 0.000725864 0.000123633 0.999978 0.00664144 -0.000677563 -0.00483423 -0.00664076 0.999966 0.000781418 0.0 0.0 0.0 1.0
redkitchen/seq-08/color/frame-000008.color.png redkitchen/seq-08/color/frame-000010.color.png 0.999971 0.00342027 0.00678575 -0.000398208 -0.00345571 0.999981 0.00521704 0.00267035 -0.00676778 -0.00524034 0.999963 1.73226e-07 0.0 0.0 0.0 1.0
redkitchen/seq-08/color/frame-000010.color.png redkitchen/seq-08/color/frame-000012.color.png 0.999988 0.00445825 0.00222292 -0.00831478 -0.0044723 0.99997 0.00635642 -0.000399411 -0.00219451 -0.00636628 0.999977 0.00224263 0.0 0.0 0.0 1.0
redkitchen/seq-08/color/frame-000012.color.png redkitchen/seq-08/color/frame-000014.color.png 0.999982 0.00558815 -0.00202694 -0.00374056 -0.005571 0.99995 0.00837065 0.00165778 0.00207362 -0.00835921 0.999963 0.00821805 0.0 0.0 0.0 1.0
redkitchen/seq-08/color/frame-000014.color.png redkitchen/seq-08/color/frame-000016.color.png 0.99999 0.00449766 -0.000450692 -0.00687711 -0.00449359 0.999952 0.008658 -0.00310739 0.000489611 -0.00865589 0.999963 0.00547098 0.0 0.0 0.0 1.0
redkitchen/seq-08/color/frame-000016.color.png redkitchen/seq-08/color/frame-000018.color.png 0.999947 0.00668385 -0.0078112 -0.0169969 -0.00659763 0.999918 0.011011 -0.00691014 0.00788415 -0.0109589 0.999909 0.009877 0.0 0.0 0.0 1.0
redkitchen/seq-08/color/frame-000018.color.png redkitchen/seq-08/color/frame-000020.color.png 0.999804 0.0133299 -0.0146456 -0.0133835 -0.0132374 0.999892 0.00639565 -0.00695932 0.0147293 -0.00620052 0.999872 0.0128621 0.0 0.0 0.0 1.0
redkitchen/seq-08/color/frame-000020.color.png redkitchen/seq-08/color/frame-000022.color.png 0.99968 0.0166295 -0.0190506 -0.0110405 -0.0165234 0.999847 0.00571257 -0.00589487 0.0191427 -0.00539596 0.999802 0.0135815 0.0 0.0 0.0 1.0
redkitchen/seq-08/color/frame-000022.color.png redkitchen/seq-08/color/frame-000024.color.png 0.999787 0.0148246 -0.0143442 -0.0164385 -0.0147915 0.999888 0.002415 -0.006174 0.0143783 -0.0022023 0.999894 0.0131812 0.0 0.0 0.0 1.0
redkitchen/seq-08/color/frame-000024.color.png redkitchen/seq-08/color/frame-000026.color.png 0.999728 0.0181456 -0.0146725 -0.0226887 -0.0181162 0.999834 0.0021332 -0.0128098 0.0147088 -0.00186683 0.99989 0.0125403 0.0 0.0 0.0 1.0
redkitchen/seq-08/color/frame-000026.color.png redkitchen/seq-08/color/frame-000028.color.png 0.999523 0.0202789 -0.0232872 -0.0254945 -0.0201922 0.999788 0.00395109 -0.0109135 0.0233624 -0.00347897 0.999721 0.0127006 0.0 0.0 0.0 1.0
redkitchen/seq-08/color/frame-000028.color.png redkitchen/seq-08/color/frame-000030.color.png 0.999284 0.0256432 -0.0278039 -0.00489562 -0.0256084 0.999671 0.001609 -0.011704 0.027836 -0.000895828 0.999612 0.0255518 0.0 0.0 0.0 1.0
redkitchen/seq-08/color/frame-000030.color.png redkitchen/seq-08/color/frame-000032.color.png 0.999719 0.0206295 -0.0117152 -0.0275862 -0.0206212 0.999787 0.000829005 -0.0183252 0.0117298 -0.000587202 0.999931 0.0222769 0.0 0.0 0.0 1.0
redkitchen/seq-08/color/frame-000032.color.png redkitchen/seq-08/color/frame-000034.color.png 0.999776 0.00940227 -0.0189553 -0.0220401 -0.0094957 0.999943 -0.00484716 -0.0130248 0.0189086 0.00502607 0.999809 0.0186631 0.0 0.0 0.0 1.0
redkitchen/seq-08/color/frame-000034.color.png redkitchen/seq-08/color/frame-000036.color.png 0.999801 0.0173899 -0.00974415 -0.0349186 -0.0173578 0.999844 0.00337215 -0.0259588 0.00980129 -0.00320234 0.999947 0.0238805 0.0 0.0 0.0 1.0
redkitchen/seq-08/color/frame-000036.color.png redkitchen/seq-08/color/frame-000038.color.png 0.999861 0.0150584 -0.00723257 -0.0155079 -0.0150782 0.999883 -0.00268555 -0.0252308 0.00719131 0.00279425 0.99997 0.00731628 0.0 0.0 0.0 1.0
redkitchen/seq-08/color/frame-000038.color.png redkitchen/seq-08/color/frame-000040.color.png 0.99991 0.00925325 0.00972204 -0.0438706 -0.00915802 0.99991 -0.00979418 -0.0197751 -0.00981182 0.00970425 0.999905 0.025738 0.0 0.0 0.0 1.0
redkitchen/seq-08/color/frame-000040.color.png redkitchen/seq-08/color/frame-000042.color.png 0.999872 0.0159923 -0.000513154 -0.0253272 -0.0159956 0.999846 -0.00719608 -0.0248392 0.000398012 0.00720336 0.999974 0.021096 0.0 0.0 0.0 1.0
redkitchen/seq-08/color/frame-000042.color.png redkitchen/seq-08/color/frame-000044.color.png 0.999955 0.00519928 -0.00790234 -0.00620377 -0.00532637 0.999855 -0.0161466 -0.0257898 0.00781723 0.016188 0.999839 0.0213057 0.0 0.0 0.0 1.0
redkitchen/seq-08/color/frame-000044.color.png redkitchen/seq-08/color/frame-000046.color.png 0.999837 0.0125996 0.0129282 -0.0382969 -0.0124304 0.999837 -0.0130849 -0.0297417 -0.013091 0.0129221 0.999831 0.0239988 0.0 0.0 0.0 1.0
redkitchen/seq-08/color/frame-000046.color.png redkitchen/seq-08/color/frame-000048.color.png 0.999988 -0.00177999 -0.00444254 -0.012281 0.00171303 0.999885 -0.0150339 -0.0149227 0.0044688 0.0150261 0.999877 0.0184788 0.0 0.0 0.0 1.0
redkitchen/seq-08/color/frame-000048.color.png redkitchen/seq-08/color/frame-000050.color.png 0.999931 -0.00212051 -0.0115904 -0.00743064 0.00203129 0.999968 -0.0077027 -0.0217064 0.0116064 0.00767862 0.999903 0.0198375 0.0 0.0 0.0 1.0
redkitchen/seq-08/color/frame-000050.color.png redkitchen/seq-08/color/frame-000052.color.png 0.999987 0.00487515 -0.00175985 -0.00666171 -0.0048879 0.999961 -0.00729229 -0.0268575 0.00172421 0.0073008 0.999972 0.012676 0.0 0.0 0.0 1.0
redkitchen/seq-08/color/frame-000052.color.png redkitchen/seq-08/color/frame-000054.color.png 0.999992 0.000182123 -0.00405543 -0.0101961 -0.00020934 0.999977 -0.00672911 -0.0152464 0.0040541 0.0067299 0.999969 0.0233935 0.0 0.0 0.0 1.0
redkitchen/seq-08/color/frame-000054.color.png redkitchen/seq-08/color/frame-000056.color.png 0.999785 -0.0096382 -0.0183754 0.00149068 0.00961744 0.999953 -0.0012183 -0.0148466 0.0183863 0.00104131 0.99983 0.0143245 0.0 0.0 0.0 1.0
redkitchen/seq-08/color/frame-000056.color.png redkitchen/seq-08/color/frame-000058.color.png 0.999978 0.00539871 -0.00386757 0.00695825 -0.00539639 0.999985 0.000616136 -0.0384416 0.00387083 -0.000595261 0.999992 0.00893569 0.0 0.0 0.0 1.0
redkitchen/seq-08/color/frame-000058.color.png redkitchen/seq-08/color/frame-000060.color.png 0.999998 -0.00207675 0.00030512 1.04308e-05 0.00207953 0.999952 -0.00953847 -0.0196731 -0.00028531 0.00953908 0.999955 0.0124677 0.0 0.0 0.0 1.0
redkitchen/seq-08/color/frame-000060.color.png redkitchen/seq-08/color/frame-000062.color.png 0.999983 -0.00234653 -0.00528407 -0.00230935 0.00233865 0.999996 -0.00150987 -0.0266474 0.00528758 0.00149749 0.999985 0.0157692 0.0 0.0 0.0 1.0
redkitchen/seq-08/color/frame-000062.color.png redkitchen/seq-08/color/frame-000064.color.png 0.999929 0.00760069 0.00918827 0.0124283 -0.0075056 0.999918 -0.0103422 -0.0303214 -0.00926612 0.0102725 0.999904 0.00574741 0.0 0.0 0.0 1.0
redkitchen/seq-08/color/frame-000064.color.png redkitchen/seq-08/color/frame-000066.color.png 0.999937 -0.0111662 -0.00139599 0.00351766 0.0111566 0.999915 -0.00673908 -0.00801545 0.00147112 0.00672309 0.999976 0.0150355 0.0 0.0 0.0 1.0
redkitchen/seq-08/color/frame-000066.color.png redkitchen/seq-08/color/frame-000068.color.png 0.999933 0.0111405 0.00307086 0.0117184 -0.0111309 0.999933 -0.00310927 -0.0359004 -0.00310527 0.00307487 0.999991 0.015035 0.0 0.0 0.0 1.0
redkitchen/seq-08/color/frame-000068.color.png redkitchen/seq-08/color/frame-000070.color.png 0.999945 7.76991e-05 0.0105175 0.000887066 2.31645e-05 0.999954 -0.00958421 -0.00276449 -0.0105178 0.00958393 0.999899 0.0170719 0.0 0.0 0.0 1.0
redkitchen/seq-08/color/frame-000070.color.png redkitchen/seq-08/color/frame-000072.color.png 0.999999 0.00135448 0.000678832 0.0117296 -0.00134988 0.999975 -0.00688013 -0.0241179 -0.000688101 0.0068792 0.999976 0.0150667 0.0 0.0 0.0 1.0
redkitchen/seq-08/color/frame-000072.color.png redkitchen/seq-08/color/frame-000074.color.png 0.999989 -0.00366852 -0.0028614 0.0141684 0.00366396 0.999992 -0.00162213 -0.0120013 0.00286735 0.00161162 0.999995 0.0170389 0.0 0.0 0.0 1.0
redkitchen/seq-08/color/frame-000074.color.png redkitchen/seq-08/color/frame-000076.color.png 0.999939 0.00359105 0.01043 0.029606 -0.00368709 0.999951 0.00919815 -0.0465202 -0.0103965 -0.00923604 0.999903 -0.00513062 0.0 0.0 0.0 1.0
redkitchen/seq-08/color/frame-000076.color.png redkitchen/seq-08/color/frame-000078.color.png 0.999731 -0.0117671 0.0200021 -0.00317192 0.0118589 0.99992 -0.00447586 -0.00176966 -0.0199478 0.00471185 0.99979 0.00874642 0.0 0.0 0.0 1.0
redkitchen/seq-08/color/frame-000078.color.png redkitchen/seq-08/color/frame-000080.color.png 0.99984 -0.0169982 0.00562394 0.0108022 0.016966 0.99984 0.00572082 -0.00920528 -0.00572027 -0.00562448 0.999968 0.00950873 0.0 0.0 0.0 1.0
redkitchen/seq-08/color/frame-000080.color.png redkitchen/seq-08/color/frame-000082.color.png 0.999985 -0.00487327 0.00232237 0.01384 0.0048552 0.999958 0.00774009 -0.0226496 -0.00235997 -0.00772867 0.999967 0.000405192 0.0 0.0 0.0 1.0
redkitchen/seq-08/color/frame-000082.color.png redkitchen/seq-08/color/frame-000084.color.png 0.999817 -0.0154615 0.0112415 0.0401018 0.0154159 0.999873 0.00412376 -0.0222983 -0.0113039 -0.00394973 0.999928 0.00276959 0.0 0.0 0.0 1.0
redkitchen/seq-08/color/frame-000084.color.png redkitchen/seq-08/color/frame-000086.color.png 0.999234 -0.024637 0.0303974 -0.0157036 0.0247115 0.999692 -0.00207774 -0.00472516 -0.0303368 0.00282732 0.999536 0.0032945 0.0 0.0 0.0 1.0
redkitchen/seq-08/color/frame-000086.color.png redkitchen/seq-08/color/frame-000088.color.png 0.99893 -0.0347763 0.0304898 -0.0255759 0.0350637 0.999345 -0.00894159 0.0117338 -0.0301589 0.0100011 0.999495 0.0108562 0.0 0.0 0.0 1.0
redkitchen/seq-08/color/frame-000088.color.png redkitchen/seq-08/color/frame-000090.color.png 0.999008 -0.0314027 0.0315565 0.00575607 0.0314024 0.999507 0.00050386 -0.0110266 -0.0315567 0.000487594 0.999502 -0.00337699 0.0 0.0 0.0 1.0
redkitchen/seq-08/color/frame-000090.color.png redkitchen/seq-08/color/frame-000092.color.png 0.99903 -0.0322046 0.0300184 -0.00649499 0.0323561 0.999466 -0.00457466 0.00877678 -0.029855 0.0055415 0.999539 0.00967047 0.0 0.0 0.0 1.0
redkitchen/seq-08/color/frame-000092.color.png redkitchen/seq-08/color/frame-000094.color.png 0.999239 -0.0269018 0.0282507 -0.000426069 0.0269102 0.999638 8.21099e-05 0.00383633 -0.0282427 0.000678182 0.999601 0.00133449 0.0 0.0 0.0 1.0
redkitchen/seq-08/color/frame-000094.color.png redkitchen/seq-08/color/frame-000096.color.png 0.999708 -0.0152709 0.0187269 -0.0150967 0.0151594 0.999867 0.00608237 -0.0106645 -0.0188173 -0.0057967 0.999806 -0.0015018 0.0 0.0 0.0 1.0
redkitchen/seq-08/color/frame-000096.color.png redkitchen/seq-08/color/frame-000098.color.png 0.999106 -0.0214052 0.0364641 -0.0124737 0.0213187 0.999769 0.002761 0.00469297 -0.0365147 -0.00198117 0.999331 0.00812924 0.0 0.0 0.0 1.0
redkitchen/seq-08/color/frame-000098.color.png redkitchen/seq-08/color/frame-000100.color.png 0.999711 -0.020205 0.0130598 0.0469674 0.0200154 0.999695 0.0144885 -0.027985 -0.0133485 -0.0142229 0.99981 -0.00799757 0.0 0.0 0.0 1.0
redkitchen/seq-08/color/frame-000100.color.png redkitchen/seq-08/color/frame-000102.color.png 0.99974 -0.0108405 0.0200686 -0.0140382 0.0106378 0.999892 0.0101819 -0.0239524 -0.0201768 -0.00996577 0.999747 0.00415057 0.0 0.0 0.0 1.0
redkitchen/seq-08/color/frame-000102.color.png redkitchen/seq-08/color/frame-000104.color.png 0.998922 -0.0209828 0.0414007 -0.0239209 0.0208585 0.999776 0.00343343 0.00906134 -0.0414635 -0.00256616 0.999137 0.00910777 0.0 0.0 0.0 1.0
redkitchen/seq-08/color/frame-000104.color.png redkitchen/seq-08/color/frame-000106.color.png 0.999364 -0.0128361 0.0332745 0.00531846 0.0125026 0.99987 0.0102108 -0.000604391 -0.0334012 -0.0097883 0.999394 0.0107567 0.0 0.0 0.0 1.0
redkitchen/seq-08/color/frame-000106.color.png redkitchen/seq-08/color/frame-000108.color.png 0.999705 -0.0139608 0.0198649 -0.0148278 0.0139519 0.999902 0.000586574 0.00438523 -0.0198712 -0.000309249 0.999802 0.00768054 0.0 0.0 0.0 1.0
redkitchen/seq-08/color/frame-000108.color.png redkitchen/seq-08/color/frame-000110.color.png 0.999887 -0.0133039 0.00698141 0.0767945 0.0131872 0.999777 0.0165081 -0.0191661 -0.00719953 -0.0164141 0.999839 0.00117594 0.0 0.0 0.0 1.0
redkitchen/seq-08/color/frame-000110.color.png redkitchen/seq-08/color/frame-000112.color.png 0.998899 -0.0249441 0.0397401 -0.0294571 0.0247467 0.999679 0.00545152 0.005521 -0.0398633 -0.00446208 0.999195 0.0187681 0.0 0.0 0.0 1.0
redkitchen/seq-08/color/frame-000112.color.png redkitchen/seq-08/color/frame-000114.color.png 0.999863 -0.0100038 0.0132152 -0.0125443 0.0100121 0.99995 -0.00056644 0.0107858 -0.0132088 0.000698671 0.999913 0.01401 0.0 0.0 0.0 1.0
redkitchen/seq-08/color/frame-000114.color.png redkitchen/seq-08/color/frame-000116.color.png 0.999646 -0.0185198 0.0191154 -0.00460604 0.0183428 0.999788 0.00939441 -0.00892305 -0.0192853 -0.00904045 0.999773 0.0176422 0.0 0.0 0.0 1.0
redkitchen/seq-08/color/frame-000116.color.png redkitchen/seq-08/color/frame-000118.color.png 0.999917 -0.0107921 0.00711372 0.00653163 0.0107946 0.999942 -0.000315704 0.00361317 -0.00711 0.00039246 0.999974 0.00743771 0.0 0.0 0.0 1.0
redkitchen/seq-08/color/frame-000118.color.png redkitchen/seq-08/color/frame-000120.color.png 0.999742 -0.0208304 0.00902637 0.00108136 0.020887 0.999762 -0.00622489 0.0313333 -0.00889459 0.00641181 0.99994 0.0262604 0.0 0.0 0.0 1.0
redkitchen/seq-08/color/frame-000120.color.png redkitchen/seq-08/color/frame-000122.color.png 0.999711 -0.00905127 -0.0222736 0.0625283 0.00922603 0.999927 0.00775567 -0.0172787 0.0222018 -0.00795891 0.999722 -0.0196105 0.0 0.0 0.0 1.0
redkitchen/seq-08/color/frame-000122.color.png redkitchen/seq-08/color/frame-000124.color.png 0.999861 -0.0159227 0.00488756 0.00945419 0.0158795 0.999836 0.00875132 -0.00214761 -0.00502618 -0.0086725 0.99995 -0.00487125 0.0 0.0 0.0 1.0
redkitchen/seq-08/color/frame-000124.color.png redkitchen/seq-08/color/frame-000126.color.png 0.999878 -0.0156303 0.000704482 0.0195918 0.0156271 0.999868 0.00440765 0.0200593 -0.000773267 -0.00439612 0.99999 0.0115535 0.0 0.0 0.0 1.0
redkitchen/seq-08/color/frame-000126.color.png redkitchen/seq-08/color/frame-000128.color.png 0.999919 -0.00806942 -0.00979893 0.01856 0.00802822 0.999959 -0.00423489 0.0329326 0.00983274 0.0041559 0.999943 -0.00312197 0.0 0.0 0.0 1.0
redkitchen/seq-08/color/frame-000128.color.png redkitchen/seq-08/color/frame-000130.color.png 0.999825 -0.00886013 -0.0165022 0.0518755 0.00921212 0.999729 0.021376 -0.00716841 0.0163083 -0.0215242 0.999635 -0.00628483 0.0 0.0 0.0 1.0
redkitchen/seq-08/color/frame-000130.color.png redkitchen/seq-08/color/frame-000132.color.png 0.999983 -0.00518989 -0.00243765 0.0261477 0.00525821 0.999567 0.0289375 -0.0543679 0.00228653 -0.0289498 0.999578 -0.0283819 0.0 0.0 0.0 1.0
redkitchen/seq-08/color/frame-000132.color.png redkitchen/seq-08/color/frame-000134.color.png 0.99978 -0.0114008 0.0175827 0.00249165 0.0111701 0.999851 0.0131699 0.013247 -0.0177302 -0.0129706 0.999759 -0.00181442 0.0 0.0 0.0 1.0
redkitchen/seq-08/color/frame-000134.color.png redkitchen/seq-08/color/frame-000136.color.png 0.999977 -0.00648622 0.00173894 0.0145074 0.00647665 0.999964 0.00543038 0.0098477 -0.00177418 -0.00541901 0.999984 -0.00795883 0.0 0.0 0.0 1.0
redkitchen/seq-08/color/frame-000136.color.png redkitchen/seq-08/color/frame-000138.color.png 0.999794 -0.00723802 0.0189369 0.00483412 0.00692263 0.999837 0.0166668 0.0144544 -0.0190544 -0.0165322 0.999682 -0.00511402 0.0 0.0 0.0 1.0
redkitchen/seq-08/color/frame-000138.color.png redkitchen/seq-08/color/frame-000140.color.png 0.999796 -0.00676481 0.0190537 -0.00398648 0.00642363 0.999819 0.0179105 0.013515 -0.0191714 -0.0177844 0.999658 -0.0076021 0.0 0.0 0.0 1.0
redkitchen/seq-08/color/frame-000140.color.png redkitchen/seq-08/color/frame-000142.color.png 0.999988 -0.00386194 0.00297488 0.0019263 0.00382761 0.999927 0.0114681 0.00654778 -0.00301894 -0.0114566 0.99993 -0.0132783 0.0 0.0 0.0 1.0
redkitchen/seq-08/color/frame-000142.color.png redkitchen/seq-08/color/frame-000144.color.png 0.999951 -0.00960303 0.00225772 0.0147758 0.00953347 0.999533 0.0290128 0.0015915 -0.00253532 -0.0289899 0.999577 -0.0311242 0.0 0.0 0.0 1.0
redkitchen/seq-08/color/frame-000144.color.png redkitchen/seq-08/color/frame-000146.color.png 0.999971 -0.00473342 0.0060304 0.000319898 0.00468359 0.999955 0.00824957 0.0105855 -0.00606911 -0.00822105 0.999948 -0.0120059 0.0 0.0 0.0 1.0
redkitchen/seq-08/color/frame-000146.color.png redkitchen/seq-08/color/frame-000148.color.png 0.999846 -0.0150759 0.00903838 0.00247145 0.014831 0.999537 0.0265799 -0.00346157 -0.00943493 -0.0264418 0.999606 -0.0240698 0.0 0.0 0.0 1.0
redkitchen/seq-08/color/frame-000148.color.png redkitchen/seq-08/color/frame-000150.color.png 0.999894 -0.0129378 0.00672379 -0.00844979 0.0129521 0.999914 -0.00209414 0.0317872 -0.00669606 0.00218105 0.999975 -0.0154299 0.0 0.0 0.0 1.0
redkitchen/seq-08/color/frame-000150.color.png redkitchen/seq-08/color/frame-000152.color.png 0.999798 -0.0132902 0.0150415 -0.000650585 0.0129897 0.999717 0.0199054 -0.00036633 -0.0153019 -0.019706 0.999689 -0.0231365 0.0 0.0 0.0 1.0
redkitchen/seq-08/color/frame-000152.color.png redkitchen/seq-08/color/frame-000154.color.png 0.999947 -0.00104657 0.0102076 -0.00901204 0.000999381 0.999989 0.00462748 0.00893515 -0.0102122 -0.00461698 0.999937 -0.00286597 0.0 0.0 0.0 1.0
redkitchen/seq-08/color/frame-000154.color.png redkitchen/seq-08/color/frame-000156.color.png 0.9999 -0.0107504 0.0091873 -0.00149196 0.0106505 0.999884 0.0108564 0.00854257 -0.00930301 -0.0107575 0.999899 -0.0259307 0.0 0.0 0.0 1.0
redkitchen/seq-08/color/frame-000156.color.png redkitchen/seq-08/color/frame-000158.color.png 0.999996 -0.00108573 0.0026793 -0.00490463 0.0010722 0.999987 0.00503617 0.0158493 -0.00268471 -0.00503323 0.999984 -0.00392205 0.0 0.0 0.0 1.0
redkitchen/seq-08/color/frame-000158.color.png redkitchen/seq-08/color/frame-000160.color.png 0.999933 -0.00949748 -0.00661889 0.00495356 0.00954295 0.999931 0.00686728 0.0080272 0.00655324 -0.00693002 0.999955 -0.0264141 0.0 0.0 0.0 1.0
redkitchen/seq-08/color/frame-000160.color.png redkitchen/seq-08/color/frame-000162.color.png 0.999996 -0.00258709 0.00136858 0.0036 0.00258366 0.999994 0.00245492 0.00719222 -0.001375 -0.00245131 0.999996 -0.00976875 0.0 0.0 0.0 1.0
redkitchen/seq-08/color/frame-000162.color.png redkitchen/seq-08/color/frame-000164.color.png 0.999936 -0.00420991 0.0104946 -0.00624084 0.00416795 0.999983 0.00402537 9.7096e-05 -0.0105114 -0.00398135 0.999937 -0.00226098 0.0 0.0 0.0 1.0
redkitchen/seq-08/color/frame-000164.color.png redkitchen/seq-08/color/frame-000166.color.png 0.999806 -0.00841483 0.0178166 -0.0249079 0.00845559 0.999962 -0.00221436 0.00949448 -0.0177973 0.00236454 0.999839 -0.00224009 0.0 0.0 0.0 1.0
redkitchen/seq-08/color/frame-000166.color.png redkitchen/seq-08/color/frame-000168.color.png 0.999892 -0.014671 0.00100078 -0.0050413 0.0146748 0.999885 -0.00386178 0.00993621 -0.000943894 0.00387608 0.999992 -0.0164764 0.0 0.0 0.0 1.0
redkitchen/seq-08/color/frame-000168.color.png redkitchen/seq-08/color/frame-000170.color.png 0.999983 -0.00409168 0.0042266 -0.00572628 0.00410151 0.999989 -0.00232983 0.00775218 -0.00421717 0.00234707 0.999988 0.000501812 0.0 0.0 0.0 1.0
redkitchen/seq-08/color/frame-000170.color.png redkitchen/seq-08/color/frame-000172.color.png 0.999885 -0.00364381 0.0147238 -0.0195256 0.00375912 0.999962 -0.00780344 0.0169053 -0.0146947 0.00785793 0.999861 -0.00570032 0.0 0.0 0.0 1.0
redkitchen/seq-08/color/frame-000172.color.png redkitchen/seq-08/color/frame-000174.color.png 0.99997 -0.00692934 0.00343143 -0.00875664 0.00692768 0.999976 0.000474472 -0.00118777 -0.00343466 -0.000450719 0.999994 -0.005234 0.0 0.0 0.0 1.0
redkitchen/seq-08/color/frame-000174.color.png redkitchen/seq-08/color/frame-000176.color.png 0.999939 -0.00935145 0.00591112 -0.0139066 0.00939916 0.999923 -0.00809977 0.0156128 -0.00583492 0.00815484 0.99995 -0.010148 0.0 0.0 0.0 1.0
redkitchen/seq-08/color/frame-000176.color.png redkitchen/seq-08/color/frame-000178.color.png 0.999954 -0.00425033 0.00863629 -0.0106263 0.00423903 0.99999 0.00132852 0.00355864 -0.0086418 -0.00129184 0.999962 -0.00351164 0.0 0.0 0.0 1.0
redkitchen/seq-08/color/frame-000178.color.png redkitchen/seq-08/color/frame-000180.color.png 0.999905 -0.00104599 0.0137253 -0.026043 0.00104641 0.999999 -2.06932e-05 0.00826848 -0.0137252 3.50567e-05 0.999906 -0.00607064 0.0 0.0 0.0 1.0
redkitchen/seq-08/color/frame-000180.color.png redkitchen/seq-08/color/frame-000182.color.png 0.999997 -0.00138529 0.00201165 -0.00462228 0.00138386 0.999999 0.000738294 0.00518042 -0.00201271 -0.000735508 0.999998 -0.00638157 0.0 0.0 0.0 1.0
redkitchen/seq-08/color/frame-000182.color.png redkitchen/seq-08/color/frame-000184.color.png 0.99985 0.000175066 0.0172925 -0.0148958 -0.000345872 0.999951 0.00987122 0.0114044 -0.0172898 -0.00987574 0.999802 -0.0088281 0.0 0.0 0.0 1.0
redkitchen/seq-08/color/frame-000184.color.png redkitchen/seq-08/color/frame-000186.color.png 0.999937 -0.00143872 0.0110863 -0.0220012 0.0013268 0.999948 0.0100947 0.0097657 -0.0111003 -0.0100793 0.999888 -0.00273997 0.0 0.0 0.0 1.0
redkitchen/seq-08/color/frame-000186.color.png redkitchen/seq-08/color/frame-000188.color.png 0.999948 0.00801568 -0.00621766 0.00861615 -0.00796774 0.999939 0.00771333 0.00550334 0.00627907 -0.00766348 0.999951 -0.0114734 0.0 0.0 0.0 1.0
redkitchen/seq-08/color/frame-000188.color.png redkitchen/seq-08/color/frame-000190.color.png 0.999967 0.00593075 0.00551785 -0.00687101 -0.00593649 0.999982 0.00104372 0.0227143 -0.00551153 -0.00107637 0.999984 -0.0111936 0.0 0.0 0.0 1.0
redkitchen/seq-08/color/frame-000190.color.png redkitchen/seq-08/color/frame-000192.color.png 0.999997 -0.00135959 -0.00185737 -0.00302595 0.00136722 0.999991 0.0040808 0.0103825 0.00185163 -0.00408347 0.99999 -0.0101727 0.0 0.0 0.0 1.0
redkitchen/seq-08/color/frame-000192.color.png redkitchen/seq-08/color/frame-000194.color.png 0.999965 0.00132367 -0.00821085 0.00757074 -0.00130653 0.999997 0.00209214 0.00772844 0.00821369 -0.00208117 0.999964 -0.010824 0.0 0.0 0.0 1.0
redkitchen/seq-08/color/frame-000194.color.png redkitchen/seq-08/color/frame-000196.color.png 0.99995 -0.00130357 -0.00991498 0.0107977 0.00132895 0.999996 0.0025646 0.0149818 0.00991154 -0.00257777 0.999948 -0.0101911 0.0 0.0 0.0 1.0
redkitchen/seq-08/color/frame-000196.color.png redkitchen/seq-08/color/frame-000198.color.png 0.999974 0.0007242 -0.00721553 0.00803354 -0.000736611 0.999998 -0.00172422 0.00843047 0.00721426 0.00172948 0.999972 -0.00590205 0.0 0.0 0.0 1.0
redkitchen/seq-08/color/frame-000198.color.png redkitchen/seq-08/color/frame-000200.color.png 0.999848 -0.000301498 -0.0174481 0.0249785 0.000305274 1.0 0.000214664 0.0102258 0.017448 -0.000219906 0.999848 -0.0199724 0.0 0.0 0.0 1.0
redkitchen/seq-08/color/frame-000200.color.png redkitchen/seq-08/color/frame-000202.color.png 1.0 -0.000461521 0.00036648 0.00526738 0.00046382 0.99998 -0.00627038 0.0135338 -0.00036354 0.00627059 0.99998 -0.00154483 0.0 0.0 0.0 1.0
redkitchen/seq-08/color/frame-000202.color.png redkitchen/seq-08/color/frame-000204.color.png 0.999835 -0.00642641 -0.0169943 0.0261589 0.00625131 0.999927 -0.0103333 0.0174232 0.0170595 0.0102253 0.999802 -0.0195681 0.0 0.0 0.0 1.0
redkitchen/seq-08/color/frame-000204.color.png redkitchen/seq-08/color/frame-000206.color.png 0.999952 -0.00207273 -0.00957665 0.016775 0.00206084 0.999997 -0.00125538 0.00516491 0.00957916 0.00123553 0.999953 -0.00763835 0.0 0.0 0.0 1.0
redkitchen/seq-08/color/frame-000206.color.png redkitchen/seq-08/color/frame-000208.color.png 0.99999 -0.00455676 0.000110073 0.0183031 0.0045556 0.999948 0.00914607 0.00587942 -0.000151717 -0.0091455 0.999958 0.0086201 0.0 0.0 0.0 1.0
redkitchen/seq-08/color/frame-000208.color.png redkitchen/seq-08/color/frame-000210.color.png 0.999927 -0.000326566 0.0121188 0.00294918 0.000238511 0.999973 0.00726515 0.000395717 -0.0121209 -0.00726172 0.9999 0.0130616 0.0 0.0 0.0 1.0
redkitchen/seq-08/color/frame-000210.color.png redkitchen/seq-08/color/frame-000212.color.png 0.999939 -0.0105752 0.0032124 0.028548 0.0106166 0.999857 -0.0131659 0.0258449 -0.00307277 0.0131992 0.999908 -0.0051091 0.0 0.0 0.0 1.0
redkitchen/seq-08/color/frame-000212.color.png redkitchen/seq-08/color/frame-000214.color.png 0.999969 -0.00114253 -0.00783193 0.0184188 0.00109187 0.999978 -0.00647342 0.00970026 0.00783926 0.00646477 0.999948 -0.00623024 0.0 0.0 0.0 1.0
redkitchen/seq-08/color/frame-000214.color.png redkitchen/seq-08/color/frame-000216.color.png 0.999804 0.00974726 -0.0172186 0.049745 -0.00983393 0.999939 -0.00495384 0.0320297 0.0171694 0.00512215 0.999839 -0.0313955 0.0 0.0 0.0 1.0
redkitchen/seq-08/color/frame-000216.color.png redkitchen/seq-08/color/frame-000218.color.png 0.99999 0.0036239 0.0025986 0.022539 -0.00363388 0.999986 0.00384302 0.0108076 -0.00258467 -0.00385236 0.999989 0.00494795 0.0 0.0 0.0 1.0
redkitchen/seq-08/color/frame-000218.color.png redkitchen/seq-08/color/frame-000220.color.png 0.999986 0.00480457 0.00207215 0.0291488 -0.00479612 0.99998 -0.00402757 0.0178473 -0.00209139 0.00401751 0.99999 -0.00195487 0.0 0.0 0.0 1.0
redkitchen/seq-08/color/frame-000220.color.png redkitchen/seq-08/color/frame-000222.color.png 0.999979 0.0036978 -0.00534714 0.022784 -0.00367909 0.999987 0.00351232 0.00645557 0.00536003 -0.0034925 0.99998 -0.0113998 0.0 0.0 0.0 1.0
redkitchen/seq-08/color/frame-000222.color.png redkitchen/seq-08/color/frame-000224.color.png 0.999995 0.00294286 0.00138569 0.0463793 -0.00294943 0.999985 0.00473503 0.0113998 -0.00137166 -0.00473914 0.999988 -0.0100899 0.0 0.0 0.0 1.0
redkitchen/seq-08/color/frame-000224.color.png redkitchen/seq-08/color/frame-000226.color.png 0.999994 0.00348731 -0.000612841 0.0197902 -0.00348266 0.999968 0.00720361 0.00180846 0.000637868 -0.00720142 0.999974 0.00266585 0.0 0.0 0.0 1.0
redkitchen/seq-08/color/frame-000226.color.png redkitchen/seq-08/color/frame-000228.color.png 0.999916 0.0124776 0.0034149 0.0293245 -0.0124774 0.999922 -8.34208e-05 0.0216719 -0.00341573 4.07312e-05 0.999994 -0.00299349 0.0 0.0 0.0 1.0
redkitchen/seq-08/color/frame-000228.color.png redkitchen/seq-08/color/frame-000230.color.png 0.999995 0.00313989 -0.000746454 0.0194247 -0.00313585 0.999981 0.00538012 -0.00105226 0.00076339 -0.00537774 0.999985 -0.00339721 0.0 0.0 0.0 1.0
redkitchen/seq-08/color/frame-000230.color.png redkitchen/seq-08/color/frame-000232.color.png 0.999948 0.00797266 0.00642238 0.0271834 -0.00790709 0.999917 -0.0101691 0.0229017 -0.00650286 0.0101178 0.999928 -0.00979023 0.0 0.0 0.0 1.0
redkitchen/seq-08/color/frame-000232.color.png redkitchen/seq-08/color/frame-000234.color.png 0.999912 0.00247755 -0.013035 0.0322965 -0.00255211 0.999981 -0.00570626 0.00517966 0.0130206 0.00573901 0.999899 -0.0189036 0.0 0.0 0.0 1.0
redkitchen/seq-08/color/frame-000234.color.png redkitchen/seq-08/color/frame-000236.color.png 0.999991 0.00384168 -0.00182831 0.0140213 -0.00383803 0.999991 0.00199952 0.0046821 0.00183588 -0.00199253 0.999996 0.00074327 0.0 0.0 0.0 1.0
redkitchen/seq-08/color/frame-000236.color.png redkitchen/seq-08/color/frame-000238.color.png 0.999875 0.0132622 -0.00857233 0.0358395 -0.0132498 0.999911 0.00150222 0.0180597 0.00859154 -0.00138843 0.999962 -0.0137569 0.0 0.0 0.0 1.0
redkitchen/seq-08/color/frame-000238.color.png redkitchen/seq-08/color/frame-000240.color.png 0.999985 0.00403478 -0.00383097 0.0185778 -0.00400929 0.99997 0.00663276 0.000396222 0.00385757 -0.00661729 0.999971 -0.00852154 0.0 0.0 0.0 1.0
redkitchen/seq-08/color/frame-000240.color.png redkitchen/seq-08/color/frame-000242.color.png 0.999865 0.0163915 -0.00124374 0.029103 -0.0163787 0.999819 0.00972036 0.0191885 0.00140295 -0.00969861 0.999952 0.0052495 0.0 0.0 0.0 1.0
redkitchen/seq-08/color/frame-000242.color.png redkitchen/seq-08/color/frame-000244.color.png 0.999893 0.00579914 -0.0134368 0.0386232 -0.00571722 0.999965 0.00612689 0.0086523 0.0134719 -0.00604949 0.999891 -0.0124226 0.0 0.0 0.0 1.0
redkitchen/seq-08/color/frame-000244.color.png redkitchen/seq-08/color/frame-000246.color.png 0.999974 0.00492661 -0.00530109 0.0177052 -0.00494249 0.999983 -0.00299117 0.00850739 0.00528626 0.00301733 0.999982 -0.00546239 0.0 0.0 0.0 1.0
redkitchen/seq-08/color/frame-000246.color.png redkitchen/seq-08/color/frame-000248.color.png 0.999798 0.0129349 -0.0154068 0.0359288 -0.0129034 0.999915 0.00214609 0.0154676 0.0154333 -0.00194685 0.999879 -0.0267697 0.0 0.0 0.0 1.0
redkitchen/seq-08/color/frame-000248.color.png redkitchen/seq-08/color/frame-000250.color.png 0.999953 0.0092379 -0.00294373 0.0164298 -0.00920693 0.999904 0.0103616 0.00652082 0.00303918 -0.010334 0.999942 0.00404088 0.0 0.0 0.0 1.0
redkitchen/seq-08/color/frame-000250.color.png redkitchen/seq-08/color/frame-000252.color.png 0.999863 0.0037919 -0.0160935 0.0394921 -0.00399513 0.999913 -0.0126138 0.0184305 0.0160442 0.0126763 0.999791 -0.0231288 0.0 0.0 0.0 1.0
redkitchen/seq-08/color/frame-000252.color.png redkitchen/seq-08/color/frame-000254.color.png 0.99995 0.00406312 -0.00913146 0.0178753 -0.00400839 0.999974 0.00600043 -0.00268328 0.00915555 -0.00596353 0.99994 -0.00990508 0.0 0.0 0.0 1.0
redkitchen/seq-08/color/frame-000254.color.png redkitchen/seq-08/color/frame-000256.color.png 0.999964 0.00842453 -0.000509748 0.0302221 -0.00842594 0.99996 -0.00286502 0.0193666 0.000485608 0.0028692 0.999996 -0.00855556 0.0 0.0 0.0 1.0
redkitchen/seq-08/color/frame-000256.color.png redkitchen/seq-08/color/frame-000258.color.png 0.999667 0.00896644 -0.0242053 0.0376104 -0.00891396 0.999958 0.0022761 0.00879343 0.0242247 -0.00205963 0.999704 -0.0340419 0.0 0.0 0.0 1.0
redkitchen/seq-08/color/frame-000258.color.png redkitchen/seq-08/color/frame-000260.color.png 0.99995 0.00940177 -0.00348722 0.0139773 -0.00934853 0.999844 0.0149851 -0.00192416 0.00362756 -0.0149517 0.999882 -0.00586669 0.0 0.0 0.0 1.0
redkitchen/seq-08/color/frame-000260.color.png redkitchen/seq-08/color/frame-000262.color.png 0.999804 0.018348 0.00738901 0.0281667 -0.0183818 0.999821 0.00453848 0.0302863 -0.00730438 -0.00467329 0.999963 0.00715758 0.0 0.0 0.0 1.0
redkitchen/seq-08/color/frame-000262.color.png redkitchen/seq-08/color/frame-000264.color.png 0.999917 0.00269306 -0.0125872 0.0216432 -0.00271612 0.999995 -0.00181258 0.0019632 0.0125822 0.00184653 0.999919 -0.0212113 0.0 0.0 0.0 1.0
redkitchen/seq-08/color/frame-000264.color.png redkitchen/seq-08/color/frame-000266.color.png 0.999813 0.0124101 -0.014798 0.0306666 -0.0123784 0.999921 0.00222751 0.00925872 0.0148245 -0.00204395 0.999888 -0.0259338 0.0 0.0 0.0 1.0
redkitchen/seq-08/color/frame-000266.color.png redkitchen/seq-08/color/frame-000268.color.png 0.999959 0.00760143 -0.00499123 0.0148201 -0.00757737 0.99996 0.00482136 0.00662553 0.00502772 -0.00478334 0.999976 -0.0111537 0.0 0.0 0.0 1.0
redkitchen/seq-08/color/frame-000268.color.png redkitchen/seq-08/color/frame-000270.color.png 0.999786 0.017011 -0.0117597 0.0290703 -0.0168976 0.99981 0.00967692 0.0162044 0.0119222 -0.00947613 0.999884 -0.021243 0.0 0.0 0.0 1.0
redkitchen/seq-08/color/frame-000270.color.png redkitchen/seq-08/color/frame-000272.color.png 0.999933 0.0115184 -0.00128602 0.00864947 -0.0115192 0.999933 -0.000607901 0.0183343 0.00127889 0.00062273 0.999999 0.00182389 0.0 0.0 0.0 1.0
redkitchen/seq-08/color/frame-000272.color.png redkitchen/seq-08/color/frame-000274.color.png 0.999643 0.015538 -0.0217383 0.0285354 -0.0156467 0.999866 -0.00483856 0.0171618 0.0216602 0.00517696 0.999752 -0.0358036 0.0 0.0 0.0 1.0
redkitchen/seq-08/color/frame-000274.color.png redkitchen/seq-08/color/frame-000276.color.png 0.999907 0.0113557 -0.00756504 0.0144311 -0.0113457 0.999935 0.00136716 0.0117157 0.00758013 -0.00128121 0.99997 -0.00943799 0.0 0.0 0.0 1.0
redkitchen/seq-08/color/frame-000276.color.png redkitchen/seq-08/color/frame-000278.color.png 0.999654 0.0252419 -0.00734631 0.0288075 -0.0251738 0.999641 0.00922279 0.0261411 0.0075764 -0.0090347 0.99993 -0.0157529 0.0 0.0 0.0 1.0
redkitchen/seq-08/color/frame-000278.color.png redkitchen/seq-08/color/frame-000280.color.png 0.999893 0.00949773 -0.0111187 0.0183957 -0.00953101 0.99995 -0.00294321 0.0193935 0.0110902 0.00304887 0.999934 -0.0236712 0.0 0.0 0.0 1.0
redkitchen/seq-08/color/frame-000280.color.png redkitchen/seq-08/color/frame-000282.color.png 0.99921 0.0339188 -0.0207133 0.0251418 -0.0338553 0.999421 0.00341393 0.0448422 0.0208171 -0.00271001 0.99978 -0.0335074 0.0 0.0 0.0 1.0
redkitchen/seq-08/color/frame-000282.color.png redkitchen/seq-08/color/frame-000284.color.png 0.999424 0.0307913 -0.0142459 0.0259635 -0.0305933 0.999435 0.0139052 0.0349344 0.0146661 -0.0134613 0.999802 -0.0237998 0.0 0.0 0.0 1.0
redkitchen/seq-08/color/frame-000284.color.png redkitchen/seq-08/color/frame-000286.color.png 0.999884 0.0149632 -0.00287762 0.0145384 -0.0149429 0.999864 0.0069387 0.0190243 0.00298099 -0.00689491 0.999972 -0.00647612 0.0 0.0 0.0 1.0
redkitchen/seq-08/color/frame-000286.color.png redkitchen/seq-08/color/frame-000288.color.png 0.999546 0.0227177 -0.0197868 0.0303475 -0.0227296 0.999742 -0.000378335 0.0386895 0.0197731 0.000827849 0.999804 -0.0435705 0.0 0.0 0.0 1.0
redkitchen/seq-08/color/frame-000288.color.png redkitchen/seq-08/color/frame-000290.color.png 0.999871 0.0136896 -0.00846074 0.0148931 -0.0135799 0.999825 0.012891 0.00831921 0.00863571 -0.0127744 0.999881 -0.0132463 0.0 0.0 0.0 1.0
redkitchen/seq-08/color/frame-000290.color.png redkitchen/seq-08/color/frame-000292.color.png 0.999589 0.0264736 -0.0109868 0.0273598 -0.026401 0.999629 0.00669294 0.0456995 0.0111599 -0.0064001 0.999917 -0.0254424 0.0 0.0 0.0 1.0
redkitchen/seq-08/color/frame-000292.color.png redkitchen/seq-08/color/frame-000294.color.png 0.99992 0.00851363 -0.00937796 0.0119517 -0.00854567 0.999958 -0.00338046 0.017528 0.00934882 0.00346044 0.99995 -0.0210111 0.0 0.0 0.0 1.0
redkitchen/seq-08/color/frame-000294.color.png redkitchen/seq-08/color/frame-000296.color.png 0.999571 0.0240777 -0.0166957 0.0192858 -0.0240984 0.999709 -0.0010386 0.0268639 0.0166658 0.00144049 0.99986 -0.0299717 0.0 0.0 0.0 1.0
redkitchen/seq-08/color/frame-000296.color.png redkitchen/seq-08/color/frame-000298.color.png 0.999602 0.0276236 -0.00568924 0.0216641 -0.0275961 0.999607 0.0048577 0.0344244 0.00582117 -0.00469877 0.999972 -0.0178384 0.0 0.0 0.0 1.0
redkitchen/seq-08/color/frame-000298.color.png redkitchen/seq-08/color/frame-000300.color.png 0.999735 0.0196012 -0.0120875 0.0175476 -0.0196518 0.999799 -0.00408183 0.0314082 0.0120051 0.00431827 0.999919 -0.0275071 0.0 0.0 0.0 1.0
redkitchen/seq-08/color/frame-000300.color.png redkitchen/seq-08/color/frame-000302.color.png 0.999891 0.0104544 -0.0104138 0.00847936 -0.0104397 0.999944 0.00145641 0.00842787 0.0104285 -0.00134756 0.999945 -0.0195668 0.0 0.0 0.0 1.0
redkitchen/seq-08/color/frame-000302.color.png redkitchen/seq-08/color/frame-000304.color.png 0.999324 0.0330207 -0.0161582 0.0107365 -0.0331472 0.999421 -0.00762498 0.0480453 0.0158971 0.00815548 0.99984 -0.0315241 0.0 0.0 0.0 1.0
redkitchen/seq-08/color/frame-000304.color.png redkitchen/seq-08/color/frame-000306.color.png 0.999705 0.0227333 -0.00852528 0.00638914 -0.0228431 0.999654 -0.0130088 0.0344543 0.00822657 0.0131996 0.999879 -0.0164128 0.0 0.0 0.0 1.0
redkitchen/seq-08/color/frame-000306.color.png redkitchen/seq-08/color/frame-000308.color.png 0.99978 0.0149292 -0.0147064 0.0105383 -0.0152011 0.999712 -0.0185637 0.0153694 0.014425 0.0187832 0.99972 -0.020556 0.0 0.0 0.0 1.0
redkitchen/seq-08/color/frame-000308.color.png redkitchen/seq-08/color/frame-000310.color.png 0.999492 0.0184406 -0.0259764 0.0140855 -0.0191693 0.999422 -0.0280875 0.0167754 0.0254434 0.0285712 0.999268 -0.046413 0.0 0.0 0.0 1.0
redkitchen/seq-08/color/frame-000310.color.png redkitchen/seq-08/color/frame-000312.color.png 0.999498 0.0306741 -0.00788552 0.00192666 -0.0307024 0.999522 -0.00347664 0.0221594 0.00777516 0.00371704 0.999963 -0.0143741 0.0 0.0 0.0 1.0
redkitchen/seq-08/color/frame-000312.color.png redkitchen/seq-08/color/frame-000314.color.png 0.999818 0.0145975 -0.0122986 0.00300515 -0.0148975 0.999585 -0.0246662 0.026288 0.0119334 0.0248449 0.99962 -0.0162828 0.0 0.0 0.0 1.0
redkitchen/seq-08/color/frame-000314.color.png redkitchen/seq-08/color/frame-000316.color.png 0.999129 0.0276513 -0.0312566 0.00991666 -0.0277957 0.999605 -0.00419553 0.0153827 0.0311283 0.00506068 0.999503 -0.0610375 0.0 0.0 0.0 1.0
redkitchen/seq-08/color/frame-000316.color.png redkitchen/seq-08/color/frame-000318.color.png 0.999786 0.0184699 -0.009309 -0.00119424 -0.0187003 0.999504 -0.0253177 0.0332715 0.00883677 0.0254864 0.999636 -0.00983618 0.0 0.0 0.0 1.0
redkitchen/seq-08/color/frame-000318.color.png redkitchen/seq-08/color/frame-000320.color.png 0.99924 0.0231629 -0.0313633 0.0106122 -0.0233194 0.999717 -0.00463252 0.0117357 0.0312471 0.00536035 0.999497 -0.055666 0.0 0.0 0.0 1.0
redkitchen/seq-08/color/frame-000320.color.png redkitchen/seq-08/color/frame-000322.color.png 0.999641 0.0246571 -0.0104752 -0.00900829 -0.0246737 0.999695 -0.00145194 0.0106872 0.0104362 0.00170989 0.999944 -0.00671352 0.0 0.0 0.0 1.0
redkitchen/seq-08/color/frame-000322.color.png redkitchen/seq-08/color/frame-000324.color.png 0.999279 0.0185415 -0.0331399 0.012753 -0.0188517 0.999781 -0.00907327 0.00334948 0.0329644 0.00969146 0.999409 -0.066724 0.0 0.0 0.0 1.0
redkitchen/seq-08/color/frame-000324.color.png redkitchen/seq-08/color/frame-000326.color.png 0.999743 0.0178485 -0.014005 -0.00105536 -0.0180312 0.999753 -0.0130385 0.0122502 0.0137689 0.0132877 0.999817 -0.0168747 0.0 0.0 0.0 1.0
redkitchen/seq-08/color/frame-000326.color.png redkitchen/seq-08/color/frame-000328.color.png 0.999719 0.0118021 -0.0205447 -0.00119352 -0.0121292 0.9998 -0.0158728 0.000494018 0.0203533 0.0161175 0.999663 -0.0329815 0.0 0.0 0.0 1.0
redkitchen/seq-08/color/frame-000328.color.png redkitchen/seq-08/color/frame-000330.color.png 0.999869 0.016092 -0.00179555 -0.000563741 -0.0161002 0.99986 -0.00460052 0.00397164 0.00172127 0.00462883 0.999988 -0.00173364 0.0 0.0 0.0 1.0
redkitchen/seq-08/color/frame-000330.color.png redkitchen/seq-08/color/frame-000332.color.png 0.999939 0.00650395 -0.008885 -0.00131857 -0.0066268 0.999882 -0.0138745 -0.0118151 0.00879372 0.0139325 0.999864 -0.0156261 0.0 0.0 0.0 1.0
redkitchen/seq-08/color/frame-000332.color.png redkitchen/seq-08/color/frame-000334.color.png 0.999901 0.00312654 -0.0136951 -0.0124735 -0.00369774 0.999116 -0.0418759 0.0150513 0.013552 0.0419224 0.999029 -0.0191643 0.0 0.0 0.0 1.0
redkitchen/seq-08/color/frame-000334.color.png redkitchen/seq-08/color/frame-000336.color.png 0.999841 0.0178378 0.000227105 -0.00479746 -0.0178368 0.999833 -0.00404484 -0.00471306 -0.000299217 0.00404015 0.999992 -0.00959666 0.0 0.0 0.0 1.0
redkitchen/seq-08/color/frame-000336.color.png redkitchen/seq-08/color/frame-000338.color.png 0.999474 0.0290017 -0.0144729 -0.0143671 -0.0293424 0.999283 -0.0239172 0.0298025 0.0137689 0.0243293 0.999609 -0.017447 0.0 0.0 0.0 1.0
