chess/seq-01/color/frame-000000.color.png chess/seq-01/color/frame-000003.color.png 0.999978 -0.00637427 0.00199428 0.000632422 0.0063718 0.999979 0.00124439 0.000386413 -0.00200217 -0.00123166 0.999997 0.000643346 0.0 0.0 0.0 1.0
chess/seq-01/color/frame-000001.color.png chess/seq-01/color/frame-000004.color.png 0.999996 -0.00252595 -0.00134624 -0.00042399 0.00252522 0.999997 -0.000547297 -0.00067817 0.00134762 0.000543895 0.999999 0.00110312 0.0 0.0 0.0 1.0
chess/seq-01/color/frame-000002.color.png chess/seq-01/color/frame-000005.color.png 0.999996 -0.00265838 -0.00127197 0.00145002 0.00265468 0.999992 -0.0028966 -0.00261037 0.00127966 0.00289321 0.999995 0.00239034 0.0 0.0 0.0 1.0
chess/seq-01/color/frame-000003.color.png chess/seq-01/color/frame-000006.color.png 0.999999 0.00153151 -0.000795432 0.000934097 -0.00153157 0.999999 -7.53554e-05 0.000604319 0.000795316 7.65733e-05 1.0 -0.00246592 0.0 0.0 0.0 1.0
chess/seq-01/color/frame-000004.color.png chess/seq-01/color/frame-000007.color.png 0.999999 0.00121881 -0.000801979 0.000122968 -0.00121788 0.999999 0.0011624 -0.00157149 0.000803395 -0.00116142 0.999999 0.00081889 0.0 0.0 0.0 1.0
chess/seq-01/color/frame-000005.color.png chess/seq-01/color/frame-000008.color.png 0.999996 0.00258968 -0.000920228 -0.00158285 -0.00258938 0.999997 0.000323555 0.00129157 0.000921063 -0.000321171 1.0 -0.00267967 0.0 0.0 0.0 1.0
chess/seq-01/color/frame-000006.color.png chess/seq-01/color/frame-000009.color.png 0.999996 0.002769 -0.000350408 0.00188736 -0.00276886 0.999996 0.000419149 0.0026096 0.000351567 -0.000418177 1.0 0.00091387 0.0 0.0 0.0 1.0
chess/seq-01/color/frame-000007.color.png chess/seq-01/color/frame-000010.color.png 0.999976 0.00682705 0.00131526 -0.00279285 -0.00683053 0.999973 0.00265633 -0.000921604 -0.00129709 -0.00266525 0.999996 0.00155185 0.0 0.0 0.0 1.0
chess/seq-01/color/frame-000008.color.png chess/seq-01/color/frame-000011.color.png 0.999989 0.00450645 -0.00108713 -0.00225167 -0.00450457 0.999988 0.00172578 0.00143878 0.0010949 -0.00172086 0.999998 0.00204846 0.0 0.0 0.0 1.0
chess/seq-01/color/frame-000009.color.png chess/seq-01/color/frame-000012.color.png 0.999985 0.00514719 -0.001713 -0.00303461 -0.00514219 0.999983 0.00291221 -0.00379051 0.00172796 -0.00290336 0.999994 0.00198233 0.0 0.0 0.0 1.0
chess/seq-01/color/frame-000010.color.png chess/seq-01/color/frame-000013.color.png 0.999999 -0.000699346 -0.00095157 -0.0024077 0.000700809 0.999999 0.0015377 -0.00162308 0.000950493 -0.00153836 0.999998 0.00329915 0.0 0.0 0.0 1.0
chess/seq-01/color/frame-000011.color.png chess/seq-01/color/frame-000014.color.png 1.0 0.000135155 -0.000173467 -0.00167989 -0.000134782 0.999998 0.00215629 -0.00180185 0.000173758 -0.00215627 0.999998 0.00232258 0.0 0.0 0.0 1.0
chess/seq-01/color/frame-000012.color.png chess/seq-01/color/frame-000015.color.png 1.0 -0.000490845 0.000727552 -0.00221675 0.00048847 0.999995 0.00326122 -0.00276349 -0.000729149 -0.00326086 0.999994 0.00837044 0.0 0.0 0.0 1.0
chess/seq-01/color/frame-000013.color.png chess/seq-01/color/frame-000016.color.png 0.999984 -0.00405088 -0.00399654 -0.00189681 0.00404694 0.999991 -0.000993688 0.000561156 0.00400054 0.000977498 0.999991 0.00714347 0.0 0.0 0.0 1.0
chess/seq-01/color/frame-000014.color.png chess/seq-01/color/frame-000017.color.png 0.999972 -0.00332105 -0.00671853 -0.00302829 0.0033145 0.999994 -0.000986245 0.00399947 0.00672177 0.000963948 0.999977 0.00886169 0.0 0.0 0.0 1.0
chess/seq-01/color/frame-000015.color.png chess/seq-01/color/frame-000018.color.png 0.999926 -0.00464466 -0.0112628 0.000382172 0.00469446 0.999979 0.00439909 0.00421901 0.0112422 -0.00445163 0.999927 0.0106893 0.0 0.0 0.0 1.0
chess/seq-01/color/frame-000016.color.png chess/seq-01/color/frame-000019.color.png 0.999965 -0.001316 -0.00830825 0.00603138 0.0014072 0.999939 0.0109813 0.000229906 0.00829329 -0.0109926 0.999905 0.0118472 0.0 0.0 0.0 1.0
chess/seq-01/color/frame-000017.color.png chess/seq-01/color/frame-000020.color.png 0.999963 -0.00791811 -0.00335125 0.00257354 0.00796789 0.999854 0.0151119 -0.00323187 0.0032311 -0.0151381 0.99988 0.0193644 0.0 0.0 0.0 1.0
chess/seq-01/color/frame-000018.color.png chess/seq-01/color/frame-000021.color.png 0.999948 -0.0101657 -0.0005242 0.00117915 0.0101708 0.999888 0.0109874 -0.004283 0.000412446 -0.0109922 0.99994 0.0166032 0.0 0.0 0.0 1.0
chess/seq-01/color/frame-000019.color.png chess/seq-01/color/frame-000022.color.png 0.999914 -0.0123201 -0.00459145 -0.000147686 0.0123598 0.999885 0.00872627 0.000526065 0.00448342 -0.00878227 0.999951 0.018616 0.0 0.0 0.0 1.0
chess/seq-01/color/frame-000020.color.png chess/seq-01/color/frame-000023.color.png 0.999947 -0.00631295 -0.00808797 0.00450094 0.00641513 0.999899 0.0126704 -0.00457938 0.00800716 -0.0127216 0.999887 0.0238896 0.0 0.0 0.0 1.0
chess/seq-01/color/frame-000021.color.png chess/seq-01/color/frame-000024.color.png 0.999961 -0.00616208 -0.0062684 0.00313894 0.00622028 0.999937 0.00930756 -0.00160983 0.00621066 -0.0093462 0.999937 0.0232337 0.0 0.0 0.0 1.0
chess/seq-01/color/frame-000022.color.png chess/seq-01/color/frame-000025.color.png 0.999994 -0.00319565 -0.00151826 -0.00274031 0.00321484 0.999913 0.0128133 -0.00628776 0.00147718 -0.0128181 0.999917 0.0220889 0.0 0.0 0.0 1.0
chess/seq-01/color/frame-000023.color.png chess/seq-01/color/frame-000026.color.png 0.999976 -0.00524894 -0.00452304 0.00549131 0.00528416 0.999956 0.00781087 0.00108413 0.00448185 -0.00783459 0.999959 0.01732 0.0 0.0 0.0 1.0
chess/seq-01/color/frame-000024.color.png chess/seq-01/color/frame-000027.color.png 0.999982 -0.00422179 -0.00436867 0.00353747 0.00426567 0.99994 0.0100825 -0.000234141 0.00432584 -0.0101009 0.99994 0.0199171 0.0 0.0 0.0 1.0
chess/seq-01/color/frame-000025.color.png chess/seq-01/color/frame-000028.color.png 0.999984 -0.0053291 -0.00171686 -0.00296651 0.00534864 0.999919 0.0115867 -0.00151406 0.00165498 -0.0115957 0.999931 0.0230027 0.0 0.0 0.0 1.0
chess/seq-01/color/frame-000026.color.png chess/seq-01/color/frame-000029.color.png 0.999992 -0.00386273 -0.00112236 -0.0002763 0.00387504 0.99993 0.0111856 -0.00641242 0.00107908 -0.0111899 0.999937 0.0203979 0.0 0.0 0.0 1.0
chess/seq-01/color/frame-000027.color.png chess/seq-01/color/frame-000030.color.png 0.999968 -0.00629234 0.00502511 -0.00562681 0.00621586 0.999867 0.0150918 -0.00924009 -0.00511941 -0.01506 0.999873 0.0236374 0.0 0.0 0.0 1.0
chess/seq-01/color/frame-000028.color.png chess/seq-01/color/frame-000031.color.png 0.999928 -0.0107062 0.00543578 -0.00218138 0.0106377 0.999866 0.0124723 -0.00562662 -0.00556858 -0.0124135 0.999907 0.0235476 0.0 0.0 0.0 1.0
chess/seq-01/color/frame-000029.color.png chess/seq-01/color/frame-000032.color.png 0.999934 -0.0112011 0.00256602 0.00340044 0.0111752 0.999888 0.00991588 0.00741425 -0.00267681 -0.00988654 0.999948 0.0213035 0.0 0.0 0.0 1.0
chess/seq-01/color/frame-000030.color.png chess/seq-01/color/frame-000033.color.png 0.999894 -0.0145467 -0.000435223 0.00583215 0.0145513 0.999798 0.0138593 -0.00354543 0.000233533 -0.0138641 0.999904 0.0270985 0.0 0.0 0.0 1.0
chess/seq-01/color/frame-000031.color.png chess/seq-01/color/frame-000034.color.png 0.999931 -0.0114142 -0.00268903 0.0119353 0.011434 0.999907 0.00746652 0.00659817 0.00260356 -0.00749674 0.999969 0.0229457 0.0 0.0 0.0 1.0
chess/seq-01/color/frame-000032.color.png chess/seq-01/color/frame-000035.color.png 0.99983 -0.0168122 0.00756058 -0.0127548 0.0166893 0.999732 0.0160405 -0.0156265 -0.00782822 -0.0159116 0.999843 0.0262358 0.0 0.0 0.0 1.0
chess/seq-01/color/frame-000033.color.png chess/seq-01/color/frame-000036.color.png 0.999939 -0.0110043 -0.00033491 0.00679829 0.0110066 0.999908 0.00797133 0.00209753 0.000247157 -0.00797452 0.999968 0.0220844 0.0 0.0 0.0 1.0
chess/seq-01/color/frame-000034.color.png chess/seq-01/color/frame-000037.color.png 0.999981 -0.00582272 0.00201388 0.00456589 0.00579967 0.99992 0.0112642 -0.0025398 -0.0020793 -0.0112523 0.999934 0.0241626 0.0 0.0 0.0 1.0
chess/seq-01/color/frame-000035.color.png chess/seq-01/color/frame-000038.color.png 0.999974 -0.00273766 0.00667059 0.00380084 0.00266901 0.999944 0.0102774 -0.00105297 -0.00669836 -0.0102593 0.999925 0.0259297 0.0 0.0 0.0 1.0
chess/seq-01/color/frame-000036.color.png chess/seq-01/color/frame-000039.color.png 0.999951 -0.0029696 0.00942478 -0.00562816 0.002869 0.999939 0.0106687 -0.00314841 -0.00945589 -0.0106411 0.999899 0.020711 0.0 0.0 0.0 1.0
chess/seq-01/color/frame-000037.color.png chess/seq-01/color/frame-000040.color.png 0.999965 -0.00509305 0.00670836 -0.00988978 0.0050589 0.999974 0.00510061 0.000391453 -0.00673416 -0.00506649 0.999964 0.0258116 0.0 0.0 0.0 1.0
chess/seq-01/color/frame-000038.color.png chess/seq-01/color/frame-000041.color.png 0.999998 0.00055127 -0.00214461 -0.00287656 -0.000536552 0.999976 0.00685577 0.00118515 0.00214834 -0.00685461 0.999974 0.0269166 0.0 0.0 0.0 1.0
chess/seq-01/color/frame-000039.color.png chess/seq-01/color/frame-000042.color.png 0.999999 0.00101879 -0.00118996 -0.00415699 -0.00101181 0.999982 0.00586018 0.00146699 0.0011959 -0.00585895 0.999982 0.0291278 0.0 0.0 0.0 1.0
chess/seq-01/color/frame-000040.color.png chess/seq-01/color/frame-000043.color.png 0.999997 0.00236132 0.000775559 -0.0130945 -0.00237266 0.999885 0.0149654 -0.0214702 -0.000740133 -0.0149672 0.999888 0.0318233 0.0 0.0 0.0 1.0
chess/seq-01/color/frame-000041.color.png chess/seq-01/color/frame-000044.color.png 0.999994 -0.00256659 -0.00234552 -0.00858167 0.0025763 0.999988 0.00414634 -0.00866053 0.00233485 -0.00415234 0.999989 0.025791 0.0 0.0 0.0 1.0
chess/seq-01/color/frame-000042.color.png chess/seq-01/color/frame-000045.color.png 0.999925 -0.00582722 -0.0108034 -0.00108993 0.0058465 0.999981 0.00175388 -0.00374925 0.010793 -0.00181692 0.99994 0.033377 0.0 0.0 0.0 1.0
chess/seq-01/color/frame-000043.color.png chess/seq-01/color/frame-000046.color.png 0.999927 -0.00456008 -0.0111857 0.0060016 0.00455694 0.99999 -0.000306656 0.00197766 0.011187 0.000255689 0.999938 0.0249455 0.0 0.0 0.0 1.0
chess/seq-01/color/frame-000044.color.png chess/seq-01/color/frame-000047.color.png 0.999932 -0.00667108 -0.00953027 0.00293932 0.00672963 0.999959 0.00612416 -0.000426652 0.00948902 -0.00618788 0.999936 0.0329177 0.0 0.0 0.0 1.0
chess/seq-01/color/frame-000045.color.png chess/seq-01/color/frame-000048.color.png 0.999929 -0.00730016 -0.00943085 0.00615321 0.00737126 0.999945 0.00752563 -0.00144804 0.00937539 -0.0075946 0.999927 0.0343246 0.0 0.0 0.0 1.0
chess/seq-01/color/frame-000046.color.png chess/seq-01/color/frame-000049.color.png 0.999909 -0.0105649 -0.00838807 0.00430877 0.010662 0.999876 0.0116156 -0.00181348 0.00826431 -0.011704 0.999897 0.0389768 0.0 0.0 0.0 1.0
chess/seq-01/color/frame-000047.color.png chess/seq-01/color/frame-000050.color.png 0.999778 -0.018394 -0.0102677 0.0152476 0.0184485 0.999816 0.00523816 0.00336932 0.0101695 -0.00542643 0.999934 0.0377373 0.0 0.0 0.0 1.0
chess/seq-01/color/frame-000048.color.png chess/seq-01/color/frame-000051.color.png 0.999842 -0.0172294 -0.00446458 0.00127294 0.0172678 0.999813 0.00871313 -0.0132964 0.00431363 -0.00878885 0.999952 0.0351234 0.0 0.0 0.0 1.0
chess/seq-01/color/frame-000049.color.png chess/seq-01/color/frame-000052.color.png 0.99962 -0.0242558 -0.0130627 0.00971497 0.0242716 0.999705 0.00105556 0.00689974 0.0130332 -0.00137218 0.999914 0.0369637 0.0 0.0 0.0 1.0
chess/seq-01/color/frame-000050.color.png chess/seq-01/color/frame-000053.color.png 0.999757 -0.012964 -0.0178255 0.0153595 0.0130869 0.999891 0.00679568 -0.00372195 0.0177354 -0.00702731 0.999818 0.0328955 0.0 0.0 0.0 1.0
chess/seq-01/color/frame-000051.color.png chess/seq-01/color/frame-000054.color.png 0.999802 -0.0130563 -0.0149918 0.0242496 0.013231 0.999845 0.011611 0.00369573 0.0148379 -0.011807 0.99982 0.0387223 0.0 0.0 0.0 1.0
chess/seq-01/color/frame-000052.color.png chess/seq-01/color/frame-000055.color.png 0.999951 -0.00851882 -0.00507882 0.0192962 0.00858142 0.999886 0.0124318 -0.000390882 0.00497233 -0.0124748 0.99991 0.0311742 0.0 0.0 0.0 1.0
chess/seq-01/color/frame-000053.color.png chess/seq-01/color/frame-000056.color.png 0.999905 -0.0134385 -0.0029911 0.0113662 0.0134857 0.999775 0.0163637 -0.00369116 0.00277054 -0.0164026 0.999862 0.0380167 0.0 0.0 0.0 1.0
chess/seq-01/color/frame-000054.color.png chess/seq-01/color/frame-000057.color.png 0.999916 -0.0108888 -0.00704508 0.014493 0.010962 0.999885 0.0104467 0.00169808 0.00693052 -0.010523 0.999921 0.0251168 0.0 0.0 0.0 1.0
chess/seq-01/color/frame-000055.color.png chess/seq-01/color/frame-000058.color.png 0.999881 -0.0148892 -0.00411699 0.0128548 0.0149671 0.999696 0.0195743 -0.00995789 0.00382431 -0.0196336 0.9998 0.0373355 0.0 0.0 0.0 1.0
chess/seq-01/color/frame-000056.color.png chess/seq-01/color/frame-000059.color.png 0.999926 -0.00994449 -0.00694724 0.0243951 0.0100704 0.999781 0.0183249 -0.000215957 0.00676347 -0.0183935 0.999808 0.0364612 0.0 0.0 0.0 1.0
chess/seq-01/color/frame-000057.color.png chess/seq-01/color/frame-000060.color.png 0.999952 -0.00973941 -0.000989866 0.01202 0.00975744 0.999748 0.0201939 -0.00743116 0.000792943 -0.0202026 0.999796 0.0358024 0.0 0.0 0.0 1.0
chess/seq-01/color/frame-000058.color.png chess/seq-01/color/frame-000061.color.png 0.999996 -0.00217383 -0.00202963 0.01767 0.00221069 0.999829 0.0183486 -0.0133843 0.00198937 -0.018353 0.99983 0.0354329 0.0 0.0 0.0 1.0
chess/seq-01/color/frame-000059.color.png chess/seq-01/color/frame-000062.color.png 0.999985 -0.00134528 0.00525109 0.00811727 0.00130826 0.999974 0.00704759 -0.0051011 -0.00526043 -0.00704059 0.999961 0.0263449 0.0 0.0 0.0 1.0
chess/seq-01/color/frame-000060.color.png chess/seq-01/color/frame-000063.color.png 0.999994 -0.000773756 0.00350115 0.0149735 0.000732565 0.999931 0.0117517 -0.00584934 -0.00351002 -0.011749 0.999925 0.031359 0.0 0.0 0.0 1.0
chess/seq-01/color/frame-000061.color.png chess/seq-01/color/frame-000064.color.png 0.999998 0.00199116 0.000562064 0.0181043 -0.00199539 0.999969 0.00766017 0.000344418 -0.000546789 -0.00766127 0.99997 0.0226144 0.0 0.0 0.0 1.0
chess/seq-01/color/frame-000062.color.png chess/seq-01/color/frame-000065.color.png 0.999952 0.00500922 0.00842906 0.0130322 -0.00511038 0.999915 0.0120245 -0.00192472 -0.00836811 -0.012067 0.999892 0.0255522 0.0 0.0 0.0 1.0
chess/seq-01/color/frame-000063.color.png chess/seq-01/color/frame-000066.color.png 0.999617 -0.00275769 0.0275442 0.00129864 0.00249468 0.999951 0.00957711 -0.00515506 -0.0275692 -0.00950475 0.999575 0.0276823 0.0 0.0 0.0 1.0
chess/seq-01/color/frame-000064.color.png chess/seq-01/color/frame-000067.color.png 0.999532 -0.00588065 0.0300101 -0.0144614 0.00557759 0.999933 0.010172 -0.0116476 -0.0300679 -0.00999991 0.999498 0.0275979 0.0 0.0 0.0 1.0
chess/seq-01/color/frame-000065.color.png chess/seq-01/color/frame-000068.color.png 0.999816 -0.0146503 0.0123643 0.00670288 0.0144809 0.999802 0.0136783 -0.0145364 -0.0125622 -0.0134968 0.99983 0.0316688 0.0 0.0 0.0 1.0
chess/seq-01/color/frame-000066.color.png chess/seq-01/color/frame-000069.color.png 0.999955 -0.00793355 -0.00524047 0.0175809 0.00796868 0.999946 0.00671434 0.000132019 0.00518693 -0.00675582 0.999964 0.0268568 0.0 0.0 0.0 1.0
chess/seq-01/color/frame-000067.color.png chess/seq-01/color/frame-000070.color.png 0.999964 -0.00595704 -0.00605625 0.0286978 0.00603973 0.999888 0.0137313 -0.00925665 0.00597377 -0.0137674 0.999887 0.0339137 0.0 0.0 0.0 1.0
chess/seq-01/color/frame-000068.color.png chess/seq-01/color/frame-000071.color.png 0.999995 -0.000735055 0.0029932 0.0170566 0.000720082 0.999987 0.00499505 0.00329306 -0.00299683 -0.00499285 0.999983 0.0286545 0.0 0.0 0.0 1.0
chess/seq-01/color/frame-000069.color.png chess/seq-01/color/frame-000072.color.png 0.999968 -0.002098 0.00766164 0.0144716 0.00201664 0.999942 0.0106135 -0.0129666 -0.00768346 -0.0105977 0.999914 0.0357267 0.0 0.0 0.0 1.0
chess/seq-01/color/frame-000070.color.png chess/seq-01/color/frame-000073.color.png 0.999952 -0.00342991 0.00919678 0.00492281 0.00341457 0.999993 0.00168637 0.00536023 -0.0092025 -0.00165482 0.999956 0.0262945 0.0 0.0 0.0 1.0
chess/seq-01/color/frame-000071.color.png chess/seq-01/color/frame-000074.color.png 0.999957 -0.00915249 0.00160513 0.0108969 0.00914182 0.999937 0.00656219 -0.00770045 -0.00166508 -0.00654728 0.999977 0.0373182 0.0 0.0 0.0 1.0
chess/seq-01/color/frame-000072.color.png chess/seq-01/color/frame-000075.color.png 0.999918 -0.0114485 -0.00575968 0.0156008 0.0114708 0.999927 0.00385935 -0.000656942 0.00571507 -0.00392508 0.999976 0.0248172 0.0 0.0 0.0 1.0
chess/seq-01/color/frame-000073.color.png chess/seq-01/color/frame-000076.color.png 0.999894 -0.01143 -0.00906555 0.0187936 0.0114969 0.999907 0.00736804 -0.0115538 0.00898049 -0.00747149 0.999932 0.030415 0.0 0.0 0.0 1.0
chess/seq-01/color/frame-000074.color.png chess/seq-01/color/frame-000077.color.png 0.999948 -0.00955032 -0.00361154 0.0174965 0.00956405 0.999947 0.00379964 -0.00227863 0.00357506 -0.00383395 0.999986 0.0213519 0.0 0.0 0.0 1.0
chess/seq-01/color/frame-000075.color.png chess/seq-01/color/frame-000078.color.png 0.999966 -0.00775979 -0.00279776 0.0203443 0.00778489 0.999929 0.00907895 -0.0109334 0.00272711 -0.00910044 0.999955 0.0290253 0.0 0.0 0.0 1.0
chess/seq-01/color/frame-000076.color.png chess/seq-01/color/frame-000079.color.png 0.999942 -0.00604751 0.00889427 0.0194088 0.00599888 0.999967 0.00547834 0.00626554 -0.0089271 -0.0054247 0.999945 0.0347982 0.0 0.0 0.0 1.0
chess/seq-01/color/frame-000077.color.png chess/seq-01/color/frame-000080.color.png 0.999851 -0.00396344 0.0168134 0.00494 0.00372312 0.999891 0.0142987 -0.0149813 -0.0168682 -0.014234 0.999756 0.0359702 0.0 0.0 0.0 1.0
chess/seq-01/color/frame-000078.color.png chess/seq-01/color/frame-000081.color.png 0.999749 -0.00836542 0.020763 -0.00891809 0.00829438 0.999959 0.00350573 0.00211997 -0.0207915 -0.00333258 0.999778 0.0392458 0.0 0.0 0.0 1.0
chess/seq-01/color/frame-000079.color.png chess/seq-01/color/frame-000082.color.png 0.999952 -0.00889721 0.00408815 0.00106089 0.00887677 0.999948 0.00499364 -0.00632932 -0.00413237 -0.00495713 0.999979 0.0298739 0.0 0.0 0.0 1.0
chess/seq-01/color/frame-000080.color.png chess/seq-01/color/frame-000083.color.png 0.999966 -0.00737361 -0.00366687 0.0136081 0.0073933 0.999958 0.00537622 -0.00442927 0.00362706 -0.00540311 0.999979 0.0380734 0.0 0.0 0.0 1.0
chess/seq-01/color/frame-000081.color.png chess/seq-01/color/frame-000084.color.png 0.999988 0.00139013 -0.00461468 0.0161267 -0.00134911 0.99996 0.00888 -0.0149848 0.00462685 -0.0088737 0.99995 0.0310969 0.0 0.0 0.0 1.0
chess/seq-01/color/frame-000082.color.png chess/seq-01/color/frame-000085.color.png 0.999997 -0.00152789 0.0017778 0.00186075 0.00152443 0.999997 0.00196601 -0.00187817 -0.0017808 -0.00196327 0.999997 0.0300136 0.0 0.0 0.0 1.0
chess/seq-01/color/frame-000083.color.png chess/seq-01/color/frame-000086.color.png 0.999929 -0.00598189 -0.0103263 0.0112197 0.0059452 0.999976 -0.00357872 -0.000368461 0.0103475 0.00351706 0.99994 0.0319372 0.0 0.0 0.0 1.0
chess/seq-01/color/frame-000084.color.png chess/seq-01/color/frame-000087.color.png 0.999909 -0.00403085 -0.0128595 0.0173525 0.00397498 0.999983 -0.00436695 0.0052033 0.0128768 0.00431548 0.999908 0.0308729 0.0 0.0 0.0 1.0
chess/seq-01/color/frame-000085.color.png chess/seq-01/color/frame-000088.color.png 0.999978 -0.00119062 -0.00651965 0.0168483 0.00117849 0.999998 -0.00186074 -0.00604324 0.00652185 0.00185305 0.999977 0.04897 0.0 0.0 0.0 1.0
chess/seq-01/color/frame-000086.color.png chess/seq-01/color/frame-000089.color.png 0.999983 -0.000645343 0.00580379 -0.00492799 0.000689037 0.999971 -0.007531 0.0126459 -0.00579876 0.00753483 0.999955 0.0286679 0.0 0.0 0.0 1.0
chess/seq-01/color/frame-000087.color.png chess/seq-01/color/frame-000090.color.png 0.999927 -0.00529808 -0.0108897 0.0153236 0.00534612 0.999976 0.0043876 0.00658118 0.0108662 -0.00444553 0.999931 0.0454096 0.0 0.0 0.0 1.0
chess/seq-01/color/frame-000088.color.png chess/seq-01/color/frame-000091.color.png 0.99988 -0.00581876 -0.0143257 0.0246887 0.0059063 0.999964 0.00607475 0.0175477 0.0142899 -0.00615868 0.999879 0.0381638 0.0 0.0 0.0 1.0
chess/seq-01/color/frame-000089.color.png chess/seq-01/color/frame-000092.color.png 0.999993 0.000449234 -0.00380581 0.0165619 -0.000371753 0.999793 0.0203304 -0.00810855 0.00381416 -0.0203288 0.999786 0.0552564 0.0 0.0 0.0 1.0
chess/seq-01/color/frame-000090.color.png chess/seq-01/color/frame-000093.color.png 0.999946 0.00100722 0.0103004 -0.00410815 -0.00111258 0.999947 0.0102291 -0.000870273 -0.0102896 -0.0102399 0.999895 0.0371487 0.0 0.0 0.0 1.0
chess/seq-01/color/frame-000091.color.png chess/seq-01/color/frame-000094.color.png 0.999998 0.000738713 0.00200157 0.00237474 -0.000760163 0.999942 0.0107121 -0.00181533 -0.00199354 -0.0107136 0.999941 0.0309276 0.0 0.0 0.0 1.0
chess/seq-01/color/frame-000092.color.png chess/seq-01/color/frame-000095.color.png 0.999972 -0.00532522 -0.00527819 0.0127649 0.0053778 0.999936 0.0100005 -0.00323978 0.00522458 -0.0100286 0.999936 0.0314928 0.0 0.0 0.0 1.0
chess/seq-01/color/frame-000093.color.png chess/seq-01/color/frame-000096.color.png 0.999981 -0.00428577 -0.00434449 0.0123049 0.00434175 0.999907 0.0129668 -0.0111519 0.00428851 -0.0129854 0.999906 0.0351787 0.0 0.0 0.0 1.0
chess/seq-01/color/frame-000094.color.png chess/seq-01/color/frame-000097.color.png 0.999991 -0.00413022 -0.00117721 0.00921476 0.00414699 0.999885 0.0145878 -0.0126725 0.00111682 -0.0145925 0.999893 0.0414582 0.0 0.0 0.0 1.0
chess/seq-01/color/frame-000095.color.png chess/seq-01/color/frame-000098.color.png 0.999998 -0.00108483 -0.00147894 0.00819147 0.00109848 0.999957 0.0092386 -0.00405659 0.00146885 -0.00924018 0.999956 0.0293828 0.0 0.0 0.0 1.0
chess/seq-01/color/frame-000096.color.png chess/seq-01/color/frame-000099.color.png 0.999995 0.00202214 -0.00254127 0.00468637 -0.00198157 0.999872 0.0158666 -0.00985654 0.00257303 -0.0158615 0.999871 0.0323976 0.0 0.0 0.0 1.0
chess/seq-01/color/frame-000097.color.png chess/seq-01/color/frame-000100.color.png 0.999989 0.00364608 -0.0027949 0.00283584 -0.00360641 0.999894 0.0140799 -0.0104444 0.00284595 -0.0140697 0.999897 0.0290039 0.0 0.0 0.0 1.0
chess/seq-01/color/frame-000098.color.png chess/seq-01/color/frame-000101.color.png 0.99997 0.00671216 -0.00373051 -0.00179893 -0.0066414 0.999804 0.0186726 -0.0150466 0.00385511 -0.0186473 0.999819 0.0334845 0.0 0.0 0.0 1.0
chess/seq-01/color/frame-000099.color.png chess/seq-01/color/frame-000102.color.png 0.999968 0.00550261 -0.00574361 0.00353029 -0.00541558 0.999872 0.0150532 -0.0128048 0.00582569 -0.0150216 0.99987 0.031441 0.0 0.0 0.0 1.0
chess/seq-01/color/frame-000100.color.png chess/seq-01/color/frame-000103.color.png 0.99996 0.00532242 -0.00723523 -0.00328991 -0.00517915 0.999793 0.0196742 -0.0138847 0.00733845 -0.019636 0.99978 0.0345884 0.0 0.0 0.0 1.0
chess/seq-01/color/frame-000101.color.png chess/seq-01/color/frame-000104.color.png 0.999935 0.00208969 -0.0112419 0.00542879 -0.00186306 0.999796 0.0201318 -0.0196341 0.0112817 -0.0201095 0.999734 0.0368786 0.0 0.0 0.0 1.0
chess/seq-01/color/frame-000102.color.png chess/seq-01/color/frame-000105.color.png 0.999976 -0.000176762 -0.00693087 0.00124389 0.000290441 0.999865 0.0164086 -0.0126278 0.00692704 -0.0164103 0.999841 0.0321627 0.0 0.0 0.0 1.0
chess/seq-01/color/frame-000103.color.png chess/seq-01/color/frame-000106.color.png 0.99997 -0.00450561 -0.00637147 0.00105524 0.00462036 0.999825 0.0181106 -0.0239585 0.00628874 -0.0181395 0.999816 0.0377454 0.0 0.0 0.0 1.0
chess/seq-01/color/frame-000104.color.png chess/seq-01/color/frame-000107.color.png 0.999969 -0.00474031 -0.00621661 0.00186798 0.00481545 0.999915 0.0121339 -0.0215319 0.00615857 -0.0121635 0.999907 0.033864 0.0 0.0 0.0 1.0
chess/seq-01/color/frame-000105.color.png chess/seq-01/color/frame-000108.color.png 0.999959 -0.00667661 -0.006143 -0.00337666 0.00674512 0.999915 0.011196 -0.0163023 0.00606773 -0.0112369 0.999918 0.0412559 0.0 0.0 0.0 1.0
chess/seq-01/color/frame-000106.color.png chess/seq-01/color/frame-000109.color.png 0.999954 -0.00836074 -0.00470999 0.000506461 0.00837577 0.99996 0.00318437 -0.00607673 0.00468319 -0.00322371 0.999984 0.0339199 0.0 0.0 0.0 1.0
chess/seq-01/color/frame-000107.color.png chess/seq-01/color/frame-000110.color.png 0.999956 -0.0083808 -0.0042797 -0.00944525 0.00840168 0.999953 0.00488092 0.000437709 0.00423859 -0.00491659 0.999979 0.0323774 0.0 0.0 0.0 1.0
chess/seq-01/color/frame-000108.color.png chess/seq-01/color/frame-000111.color.png 0.999879 -0.0128964 -0.00864617 0.00504206 0.0129633 0.999886 0.00773239 -0.00622276 0.00854546 -0.00784346 0.999933 0.031634 0.0 0.0 0.0 1.0
chess/seq-01/color/frame-000109.color.png chess/seq-01/color/frame-000112.color.png 0.999952 -0.00840032 -0.00509777 0.00262141 0.00845238 0.999911 0.010264 -0.00969764 0.00501108 -0.0103066 0.999934 0.0270079 0.0 0.0 0.0 1.0
chess/seq-01/color/frame-000110.color.png chess/seq-01/color/frame-000113.color.png 0.99994 -0.0107926 0.00185195 -0.00813194 0.0107594 0.999796 0.0170964 -0.0207323 -0.00203609 -0.0170755 0.999852 0.0340304 0.0 0.0 0.0 1.0
chess/seq-01/color/frame-000111.color.png chess/seq-01/color/frame-000114.color.png 0.99996 -0.00856833 0.00245338 -0.0117717 0.00852925 0.999843 0.0155195 -0.0201673 -0.00258598 -0.015498 0.999877 0.029669 0.0 0.0 0.0 1.0
chess/seq-01/color/frame-000112.color.png chess/seq-01/color/frame-000115.color.png 0.999964 -0.00791198 0.00300278 -0.0154269 0.00785832 0.999817 0.0174668 -0.0196325 -0.00314043 -0.0174426 0.999843 0.0362435 0.0 0.0 0.0 1.0
chess/seq-01/color/frame-000113.color.png chess/seq-01/color/frame-000116.color.png 0.999995 -0.00299895 -0.00123049 -0.00574605 0.00301571 0.999899 0.0138632 -0.0165738 0.00118877 -0.0138668 0.999903 0.0282373 0.0 0.0 0.0 1.0
chess/seq-01/color/frame-000114.color.png chess/seq-01/color/frame-000117.color.png 0.99999 -0.000321995 0.00457055 -0.0192202 0.000248417 0.999871 0.0160858 -0.0175982 -0.00457513 -0.0160845 0.99986 0.0372506 0.0 0.0 0.0 1.0
chess/seq-01/color/frame-000115.color.png chess/seq-01/color/frame-000118.color.png 0.999997 0.00240396 0.000878522 -0.0164771 -0.00241696 0.999883 0.0151086 -0.0181873 -0.000842102 -0.0151107 0.999885 0.0305052 0.0 0.0 0.0 1.0
chess/seq-01/color/frame-000116.color.png chess/seq-01/color/frame-000119.color.png 0.999994 0.00158109 0.00306112 -0.0185202 -0.00162751 0.999883 0.0152283 -0.0154488 -0.00303666 -0.0152332 0.999879 0.0378822 0.0 0.0 0.0 1.0
chess/seq-01/color/frame-000117.color.png chess/seq-01/color/frame-000120.color.png 0.999995 -0.00162794 0.00284051 -0.0135639 0.00158296 0.999874 0.0157817 -0.0232472 -0.00286586 -0.0157771 0.999871 0.0319074 0.0 0.0 0.0 1.0
chess/seq-01/color/frame-000118.color.png chess/seq-01/color/frame-000121.color.png 0.999987 -0.00300353 0.00415183 -0.0170656 0.0029607 0.999943 0.0102859 -0.0147909 -0.00418248 -0.0102735 0.999939 0.0294447 0.0 0.0 0.0 1.0
chess/seq-01/color/frame-000119.color.png chess/seq-01/color/frame-000122.color.png 0.999996 0.00195795 0.00225521 -0.0145052 -0.00198056 0.999947 0.0100774 -0.0140689 -0.00223538 -0.0100818 0.999947 0.0349638 0.0 0.0 0.0 1.0
chess/seq-01/color/frame-000120.color.png chess/seq-01/color/frame-000123.color.png 0.999973 0.00436099 0.00586126 -0.0234897 -0.00439172 0.999977 0.00524217 -0.00465715 -0.00583826 -0.00526773 0.999969 0.0296577 0.0 0.0 0.0 1.0
chess/seq-01/color/frame-000121.color.png chess/seq-01/color/frame-000124.color.png 0.999983 0.00220895 0.00535992 -0.0233229 -0.00225526 0.99996 0.00864895 -0.0116579 -0.00534059 -0.00866086 0.999948 0.0297972 0.0 0.0 0.0 1.0
chess/seq-01/color/frame-000122.color.png chess/seq-01/color/frame-000125.color.png 0.99999 -0.00442208 -0.000957832 -0.0126085 0.00442812 0.99997 0.00640818 -0.0098152 0.000929481 -0.00641245 0.999979 0.0295004 0.0 0.0 0.0 1.0
chess/seq-01/color/frame-000123.color.png chess/seq-01/color/frame-000126.color.png 0.999975 -0.00506876 -0.00499617 -0.00059031 0.00509885 0.999969 0.00603399 -0.0105422 0.00496545 -0.00605942 0.999969 0.0301665 0.0 0.0 0.0 1.0
chess/seq-01/color/frame-000124.color.png chess/seq-01/color/frame-000127.color.png 0.999998 -0.00162102 -0.00144818 -0.00309563 0.00162872 0.999985 0.0053382 -0.0101775 0.00143951 -0.00534062 0.999985 0.0371882 0.0 0.0 0.0 1.0
chess/seq-01/color/frame-000125.color.png chess/seq-01/color/frame-000128.color.png 0.999948 -0.00436016 0.00918864 -0.0189893 0.00435581 0.99999 0.000497603 -0.00520911 -0.00919074 -0.000457491 0.999958 0.0292602 0.0 0.0 0.0 1.0
chess/seq-01/color/frame-000126.color.png chess/seq-01/color/frame-000129.color.png 0.999937 -0.00699063 0.00877109 -0.0209847 0.00700735 0.999974 -0.00187586 0.000277983 -0.00875778 0.00193731 0.99996 0.026832 0.0 0.0 0.0 1.0
chess/seq-01/color/frame-000127.color.png chess/seq-01/color/frame-000130.color.png 0.999843 -0.0177033 0.00104932 -0.00788822 0.0177076 0.999834 -0.00425105 0.000494696 -0.000973887 0.00426896 0.99999 0.0299543 0.0 0.0 0.0 1.0
chess/seq-01/color/frame-000128.color.png chess/seq-01/color/frame-000131.color.png 0.999861 -0.0164177 -0.0030376 -0.000397101 0.0163897 0.999825 -0.00899687 0.0112585 0.00318477 0.00894583 0.999955 0.0236551 0.0 0.0 0.0 1.0
chess/seq-01/color/frame-000129.color.png chess/seq-01/color/frame-000132.color.png 0.999927 -0.0110509 -0.00481954 0.00266666 0.0110189 0.999917 -0.00661562 0.0181477 0.00489224 0.00656202 0.999967 0.0222082 0.0 0.0 0.0 1.0
chess/seq-01/color/frame-000130.color.png chess/seq-01/color/frame-000133.color.png 0.999996 0.00261468 0.000833133 0.00196403 -0.00262653 0.99989 0.0145852 -0.0111324 -0.000794909 -0.0145873 0.999893 0.0237412 0.0 0.0 0.0 1.0
chess/seq-01/color/frame-000131.color.png chess/seq-01/color/frame-000134.color.png 0.999952 0.00742178 0.0064369 -0.0091797 -0.00755452 0.999754 0.0208475 -0.01692 -0.00628058 -0.0208952 0.999762 0.026142 0.0 0.0 0.0 1.0
chess/seq-01/color/frame-000132.color.png chess/seq-01/color/frame-000135.color.png 0.999971 0.00628901 0.0043043 -0.00745959 -0.0064127 0.999549 0.0293478 -0.038077 -0.00411778 -0.0293746 0.99956 0.0300055 0.0 0.0 0.0 1.0
chess/seq-01/color/frame-000133.color.png chess/seq-01/color/frame-000136.color.png 0.999982 0.00478677 -0.00358591 0.00536439 -0.00471861 0.999812 0.0187828 -0.0135297 0.00367516 -0.0187656 0.999817 0.0238533 0.0 0.0 0.0 1.0
chess/seq-01/color/frame-000134.color.png chess/seq-01/color/frame-000137.color.png 0.999926 0.00891088 -0.00822829 0.0159867 -0.00871735 0.999691 0.0232657 -0.0199568 0.00843306 -0.0231922 0.999695 0.0289296 0.0 0.0 0.0 1.0
chess/seq-01/color/frame-000135.color.png chess/seq-01/color/frame-000138.color.png 0.999883 0.0139062 -0.00632542 0.0171665 -0.0137676 0.999675 0.0214549 -0.0129015 0.00662172 -0.0213654 0.99975 0.0289757 0.0 0.0 0.0 1.0
chess/seq-01/color/frame-000136.color.png chess/seq-01/color/frame-000139.color.png 0.999745 0.0224646 -0.00249529 0.0088238 -0.0223872 0.999368 0.0276025 -0.0220435 0.00311379 -0.0275396 0.999616 0.0301406 0.0 0.0 0.0 1.0
chess/seq-01/color/frame-000137.color.png chess/seq-01/color/frame-000140.color.png 0.999665 0.0256324 -0.00350395 0.0113267 -0.0255085 0.999171 0.0317218 -0.0324062 0.00431415 -0.0316218 0.999491 0.0297216 0.0 0.0 0.0 1.0
chess/seq-01/color/frame-000138.color.png chess/seq-01/color/frame-000141.color.png 0.999718 0.0237502 -0.000467811 0.00762994 -0.0237297 0.999373 0.0262773 -0.0204104 0.0010916 -0.0262587 0.999655 0.0309381 0.0 0.0 0.0 1.0
chess/seq-01/color/frame-000139.color.png chess/seq-01/color/frame-000142.color.png 0.999807 0.0195995 0.00109144 -0.000995778 -0.0196158 0.99965 0.0177354 -0.0109199 -0.000743457 -0.0177534 0.999842 0.0212857 0.0 0.0 0.0 1.0
chess/seq-01/color/frame-000140.color.png chess/seq-01/color/frame-000143.color.png 0.999623 0.0255452 -0.0100742 0.0183858 -0.0252436 0.99926 0.0290054 -0.018498 0.0108077 -0.0287401 0.999528 0.0265839 0.0 0.0 0.0 1.0
chess/seq-01/color/frame-000141.color.png chess/seq-01/color/frame-000144.color.png 0.999579 0.0241853 -0.0160207 0.0320915 -0.0236638 0.999208 0.0319769 -0.0204999 0.0167814 -0.0315843 0.99936 0.0277283 0.0 0.0 0.0 1.0
chess/seq-01/color/frame-000142.color.png chess/seq-01/color/frame-000145.color.png 0.999581 0.0254492 -0.0137994 0.0320246 -0.024968 0.99911 0.0339867 -0.0253172 0.0146521 -0.033628 0.999327 0.0287683 0.0 0.0 0.0 1.0
chess/seq-01/color/frame-000143.color.png chess/seq-01/color/frame-000146.color.png 0.999843 0.0172317 -0.0040509 0.0135388 -0.0171188 0.999504 0.026429 -0.0238675 0.0045043 -0.0263555 0.999642 0.024137 0.0 0.0 0.0 1.0
chess/seq-01/color/frame-000144.color.png chess/seq-01/color/frame-000147.color.png 0.999873 0.0152869 -0.00450038 0.0135154 -0.0151703 0.999575 0.0248836 -0.0271296 0.00487887 -0.0248123 0.99968 0.0259876 0.0 0.0 0.0 1.0
chess/seq-01/color/frame-000145.color.png chess/seq-01/color/frame-000148.color.png 0.999923 0.0114585 -0.00468313 0.0131625 -0.0113764 0.999787 0.0172098 -0.0152405 0.00487934 -0.0171552 0.999841 0.0240887 0.0 0.0 0.0 1.0
chess/seq-01/color/frame-000146.color.png chess/seq-01/color/frame-000149.color.png 0.999895 0.00511829 -0.0135435 0.0308817 -0.00489896 0.999857 0.0161757 -0.00934217 0.0136244 -0.0161076 0.999777 0.0250454 0.0 0.0 0.0 1.0
chess/seq-01/color/frame-000147.color.png chess/seq-01/color/frame-000150.color.png 0.999872 0.000386963 -0.0159986 0.0392337 -0.00010424 0.999844 0.0176668 -0.00906566 0.016003 -0.017663 0.999716 0.0256364 0.0 0.0 0.0 1.0
chess/seq-01/color/frame-000148.color.png chess/seq-01/color/frame-000151.color.png 0.999901 0.000842351 -0.0140658 0.0378359 -0.00054385 0.999775 0.021213 -0.0216734 0.0140805 -0.0212033 0.999676 0.0272143 0.0 0.0 0.0 1.0
chess/seq-01/color/frame-000149.color.png chess/seq-01/color/frame-000152.color.png 0.999974 0.00546745 -0.0046191 0.0198029 -0.00543112 0.999955 0.00784529 -0.00117056 0.00466178 -0.00781999 0.999959 0.0170679 0.0 0.0 0.0 1.0
chess/seq-01/color/frame-000150.color.png chess/seq-01/color/frame-000153.color.png 0.999987 0.00472905 -0.00180263 0.0122658 -0.00471252 0.999948 0.00907375 -0.00282784 0.00184544 -0.00906504 0.999957 0.0189451 0.0 0.0 0.0 1.0
chess/seq-01/color/frame-000151.color.png chess/seq-01/color/frame-000154.color.png 0.999987 0.00394142 -0.00311096 0.0185291 -0.00391564 0.999958 0.00824231 -0.000161435 0.00314332 -0.00823008 0.999961 0.0117534 0.0 0.0 0.0 1.0
chess/seq-01/color/frame-000152.color.png chess/seq-01/color/frame-000155.color.png 0.999993 0.00366543 0.000304808 0.013779 -0.00366964 0.999877 0.0152621 -0.0141625 -0.000248828 -0.0152631 0.999883 0.0159332 0.0 0.0 0.0 1.0
chess/seq-01/color/frame-000153.color.png chess/seq-01/color/frame-000156.color.png 0.99996 0.00638317 0.00633181 -0.000218332 -0.00646809 0.999888 0.0134781 -0.0128484 -0.00624508 -0.0135184 0.999889 0.0161227 0.0 0.0 0.0 1.0
chess/seq-01/color/frame-000154.color.png chess/seq-01/color/frame-000157.color.png 0.999982 0.00568312 0.00215819 0.00513801 -0.00570808 0.999915 0.0117359 -0.0120798 -0.0020913 -0.0117479 0.999929 0.016717 0.0 0.0 0.0 1.0
chess/seq-01/color/frame-000155.color.png chess/seq-01/color/frame-000158.color.png 0.999989 0.0042989 -0.00172593 0.0120292 -0.00428666 0.999966 0.0070258 -0.00711761 0.00175609 -0.00701844 0.999974 0.014387 0.0 0.0 0.0 1.0
chess/seq-01/color/frame-000156.color.png chess/seq-01/color/frame-000159.color.png 0.999965 0.00832112 -0.00118919 0.0103103 -0.0083208 0.999965 0.000252533 0.0064138 0.00119127 -0.000242755 0.999999 0.0064311 0.0 0.0 0.0 1.0
chess/seq-01/color/frame-000157.color.png chess/seq-01/color/frame-000160.color.png 0.999927 0.0119637 0.00181758 0.00405413 -0.0119726 0.999916 0.00494973 -0.00350392 -0.00175822 -0.00497106 0.999986 0.0114573 0.0 0.0 0.0 1.0
chess/seq-01/color/frame-000158.color.png chess/seq-01/color/frame-000161.color.png 0.999891 0.0139281 0.00478085 -0.00435093 -0.0139363 0.999902 0.00167215 -0.000626512 -0.0047571 -0.00173857 0.999987 0.0100433 0.0 0.0 0.0 1.0
chess/seq-01/color/frame-000159.color.png chess/seq-01/color/frame-000162.color.png 0.999926 0.0121917 7.54162e-06 0.000697926 -0.0121917 0.999925 0.000897006 -0.00243801 3.39318e-06 -0.000896964 1.0 0.00864697 0.0 0.0 0.0 1.0
chess/seq-01/color/frame-000160.color.png chess/seq-01/color/frame-000163.color.png 0.999976 0.00578526 -0.00394677 0.00558136 -0.00579069 0.999982 -0.00137202 0.00294036 0.00393876 0.00139485 0.999991 0.00643861 0.0 0.0 0.0 1.0
chess/seq-01/color/frame-000161.color.png chess/seq-01/color/frame-000164.color.png 0.999943 0.00399716 -0.00990628 0.0165751 -0.0039836 0.999991 0.00138855 -0.00138135 0.00991172 -0.00134895 0.99995 0.00803804 0.0 0.0 0.0 1.0
chess/seq-01/color/frame-000162.color.png chess/seq-01/color/frame-000165.color.png 0.999929 0.00335896 -0.0114652 0.0230295 -0.00334431 0.999994 0.00129555 -0.000263534 0.0114695 -0.00125709 0.999934 0.0110883 0.0 0.0 0.0 1.0
chess/seq-01/color/frame-000163.color.png chess/seq-01/color/frame-000166.color.png 0.999919 0.00817251 -0.00973893 0.0225443 -0.00817788 0.999966 -0.000511449 0.00247273 0.00973443 0.000591085 0.999952 0.00773668 0.0 0.0 0.0 1.0
chess/seq-01/color/frame-000164.color.png chess/seq-01/color/frame-000167.color.png 0.999885 0.0146781 -0.00370205 0.00876035 -0.0146695 0.99989 0.0023571 0.00174507 0.00373625 -0.00230249 0.99999 0.00865138 0.0 0.0 0.0 1.0
chess/seq-01/color/frame-000165.color.png chess/seq-01/color/frame-000168.color.png 0.99982 0.0189897 0.00019186 -0.00477415 -0.0189905 0.999795 0.00702602 -0.00628102 -5.8393e-05 -0.00702842 0.999975 0.00800049 0.0 0.0 0.0 1.0
chess/seq-01/color/frame-000166.color.png chess/seq-01/color/frame-000169.color.png 0.999896 0.0120356 -0.00794744 0.0140864 -0.0119857 0.999908 0.00629758 -0.00242614 0.00802251 -0.00620181 0.999949 0.0124063 0.0 0.0 0.0 1.0
chess/seq-01/color/frame-000167.color.png chess/seq-01/color/frame-000170.color.png 0.999886 0.0110861 -0.0102812 0.0212661 -0.0109997 0.999904 0.00842695 -0.00899368 0.0103737 -0.0083128 0.999912 0.0170387 0.0 0.0 0.0 1.0
chess/seq-01/color/frame-000168.color.png chess/seq-01/color/frame-000171.color.png 0.999913 0.011397 -0.0067 0.0187626 -0.0113659 0.999925 0.00466399 -0.00239278 0.00675265 -0.00458746 0.999967 0.0157186 0.0 0.0 0.0 1.0
chess/seq-01/color/frame-000169.color.png chess/seq-01/color/frame-000172.color.png 0.999943 0.0106125 0.00109304 0.00513612 -0.0106188 0.999926 0.0059463 -0.00608411 -0.00102987 -0.0059574 0.999982 0.0192981 0.0 0.0 0.0 1.0
chess/seq-01/color/frame-000170.color.png chess/seq-01/color/frame-000173.color.png 0.99997 0.0068195 0.00367366 -0.000739709 -0.00682831 0.999974 0.0023931 -0.00195736 -0.00365725 -0.00241827 0.99999 0.0175643 0.0 0.0 0.0 1.0
chess/seq-01/color/frame-000171.color.png chess/seq-01/color/frame-000174.color.png 0.999992 0.000475003 -0.00393553 0.0164064 -0.000459702 0.999992 0.00389222 -0.00346219 0.00393735 -0.00389054 0.999985 0.0175365 0.0 0.0 0.0 1.0
chess/seq-01/color/frame-000172.color.png chess/seq-01/color/frame-000175.color.png 0.999977 0.00406832 -0.005358 0.0205616 -0.00405696 0.999989 0.00212903 -0.000219867 0.00536661 -0.00210737 0.999983 0.0169457 0.0 0.0 0.0 1.0
chess/seq-01/color/frame-000173.color.png chess/seq-01/color/frame-000176.color.png 0.99994 0.00905718 -0.00617777 0.0257042 -0.00902736 0.999947 0.0048399 -0.00533861 0.00622127 -0.00478372 0.999969 0.0191693 0.0 0.0 0.0 1.0
chess/seq-01/color/frame-000174.color.png chess/seq-01/color/frame-000177.color.png 0.999868 0.0162142 -0.000529948 0.0101795 -0.0162128 0.999865 0.00262393 -0.00152272 0.00057243 -0.00261502 0.999996 0.0205036 0.0 0.0 0.0 1.0
chess/seq-01/color/frame-000175.color.png chess/seq-01/color/frame-000178.color.png 0.999853 0.0170774 -0.00120955 0.00416936 -0.0170742 0.999851 0.00260347 -0.00432036 0.00125382 -0.00258237 0.999996 0.0178039 0.0 0.0 0.0 1.0
chess/seq-01/color/frame-000176.color.png chess/seq-01/color/frame-000179.color.png 0.999789 0.0164988 -0.012272 0.0228239 -0.0165023 0.999864 -0.000179702 0.00244145 0.0122673 0.000382162 0.999925 0.0154496 0.0 0.0 0.0 1.0
