chess/seq-01/color/frame-000000.color.png chess/seq-01/color/frame-000001.color.png 0.99999 -0.00361201 0.00262612 0.0032726 0.00360767 0.999992 0.00165225 0.00206289 -0.00263207 -0.00164276 0.999995 -0.000642673 0.0 0.0 0.0 1.0
chess/seq-01/color/frame-000001.color.png chess/seq-01/color/frame-000002.color.png 1.0 0.000350115 0.000596096 -0.000139371 -0.000352058 0.999995 0.00326144 -0.00307216 -0.000594951 -0.00326165 0.999994 0.000426913 0.0 0.0 0.0 1.0
chess/seq-01/color/frame-000002.color.png chess/seq-01/color/frame-000003.color.png 0.999994 -0.00311728 -0.00129226 -0.00232591 0.00311253 0.999988 -0.003666 0.0013778 0.00130368 0.00366196 0.999992 0.00117827 0.0 0.0 0.0 1.0
chess/seq-01/color/frame-000003.color.png chess/seq-01/color/frame-000004.color.png 0.999999 0.000497813 -0.00100768 0.00300736 -0.000497161 1.0 0.000647993 -0.00132737 0.00100801 -0.000647491 0.999999 -0.00159476 0.0 0.0 0.0 1.0
chess/seq-01/color/frame-000004.color.png chess/seq-01/color/frame-000005.color.png 0.999999 0.000160992 0.00146845 -0.000663709 -0.000160608 1.0 -0.000261213 -0.00183972 -0.00146849 0.000260977 0.999999 0.00355021 0.0 0.0 0.0 1.0
chess/seq-01/color/frame-000005.color.png chess/seq-01/color/frame-000006.color.png 0.999999 0.000817663 -0.00127579 -0.00123316 -0.000818055 1.0 -0.00030667 0.0032493 0.00127554 0.000307713 0.999999 -0.00509052 0.0 0.0 0.0 1.0
chess/seq-01/color/frame-000006.color.png chess/seq-01/color/frame-000007.color.png 1.0 0.000416095 -0.000613693 0.000733717 -0.000415253 0.999999 0.00137137 -0.00202881 0.000614263 -0.00137111 0.999999 0.00295572 0.0 0.0 0.0 1.0
chess/seq-01/color/frame-000007.color.png chess/seq-01/color/frame-000008.color.png 0.999998 0.00163744 0.00108048 -0.00137889 -0.0016366 0.999998 -0.000773146 0.000459383 -0.00108174 0.000771376 0.999999 -0.000317658 0.0 0.0 0.0 1.0
chess/seq-01/color/frame-000008.color.png chess/seq-01/color/frame-000009.color.png 1.0 0.000659346 -0.000637509 0.00199212 -0.000659776 0.999999 -0.000674147 0.00567556 0.000637064 0.000674568 1.0 -0.000949185 0.0 0.0 0.0 1.0
chess/seq-01/color/frame-000009.color.png chess/seq-01/color/frame-000010.color.png 0.999991 0.00427508 0.000804981 -0.00313746 -0.00427847 0.999982 0.00425472 -0.00746919 -0.000786777 -0.00425813 0.999991 0.00246624 0.0 0.0 0.0 1.0
chess/seq-01/color/frame-000010.color.png chess/seq-01/color/frame-000011.color.png 0.999999 -0.000815528 -0.00136993 -0.00111862 0.000813021 0.999998 -0.00182965 0.00300161 0.00137142 0.00182854 0.999997 0.000740026 0.0 0.0 0.0 1.0
chess/seq-01/color/frame-000011.color.png chess/seq-01/color/frame-000012.color.png 0.999998 0.00177033 -0.00124191 0.00144425 -0.00176939 0.999998 0.000750845 -0.00012259 0.00124324 -0.000748646 0.999999 -0.00129056 0.0 0.0 0.0 1.0
chess/seq-01/color/frame-000012.color.png chess/seq-01/color/frame-000013.color.png 0.999998 -0.00167951 0.00123645 -0.00131915 0.0016776 0.999997 0.00154415 -0.00141794 -0.00123904 -0.00154207 0.999998 0.00392722 0.0 0.0 0.0 1.0
chess/seq-01/color/frame-000013.color.png chess/seq-01/color/frame-000014.color.png 1.0 -0.00027744 -0.000565344 -0.000402503 0.000277449 1.0 1.67862e-05 -0.000232374 0.00056534 -1.69439e-05 1.0 -0.00053793 0.0 0.0 0.0 1.0
chess/seq-01/color/frame-000014.color.png chess/seq-01/color/frame-000015.color.png 0.999999 0.00149075 -4.14885e-05 -0.000303493 -0.00149068 0.999998 0.00161626 -0.000753531 4.38979e-05 -0.00161619 0.999999 0.00452885 0.0 0.0 0.0 1.0
chess/seq-01/color/frame-000015.color.png chess/seq-01/color/frame-000016.color.png 0.999982 -0.00510632 -0.00315532 -0.00226302 0.00509712 0.999983 -0.00291632 0.00230912 0.00317016 0.00290018 0.999991 0.00331424 0.0 0.0 0.0 1.0
chess/seq-01/color/frame-000016.color.png chess/seq-01/color/frame-000017.color.png 0.999994 7.18767e-05 -0.00360945 -1.53342e-05 -7.14881e-05 1.0 0.000107828 0.00247047 0.00360946 -0.00010757 0.999993 0.00144729 0.0 0.0 0.0 1.0
chess/seq-01/color/frame-000017.color.png chess/seq-01/color/frame-000018.color.png 0.99999 0.000334955 -0.00445204 0.00263784 -0.000302159 0.999973 0.00736491 -0.00126007 0.00445438 -0.00736349 0.999963 0.00602642 0.0 0.0 0.0 1.0
chess/seq-01/color/frame-000018.color.png chess/seq-01/color/frame-000019.color.png 0.999998 -0.00216422 0.00034027 0.00230788 0.00216274 0.999988 0.00429081 -0.00305393 -0.000349553 -0.00429007 0.999991 0.00606896 0.0 0.0 0.0 1.0
chess/seq-01/color/frame-000019.color.png chess/seq-01/color/frame-000020.color.png 0.999984 -0.00555852 0.0011773 -0.00332639 0.00555383 0.999977 0.00395328 7.88458e-06 -0.00119924 -0.00394667 0.999991 0.00733195 0.0 0.0 0.0 1.0
chess/seq-01/color/frame-000020.color.png chess/seq-01/color/frame-000021.color.png 0.999995 -0.00241572 -0.00201151 0.00216897 0.00242123 0.999993 0.00273793 -0.00118388 0.00200488 -0.00274279 0.999994 0.00299991 0.0 0.0 0.0 1.0
chess/seq-01/color/frame-000021.color.png chess/seq-01/color/frame-000022.color.png 0.999986 -0.0037287 -0.0037361 0.000726468 0.00373671 0.999991 0.00214064 0.00137496 0.00372808 -0.00215457 0.999991 0.00672415 0.0 0.0 0.0 1.0
chess/seq-01/color/frame-000022.color.png chess/seq-01/color/frame-000023.color.png 0.999998 -0.000541275 -0.00180012 0.00023508 0.000555532 0.999968 0.00792916 -0.005065 0.00179578 -0.00793015 0.999967 0.0152864 0.0 0.0 0.0 1.0
chess/seq-01/color/frame-000023.color.png chess/seq-01/color/frame-000024.color.png 0.999998 -0.00192845 -0.000747571 0.00240775 0.00192793 0.999998 -0.000699288 0.00188813 0.000748917 0.000697837 0.999999 0.00150669 0.0 0.0 0.0 1.0
chess/seq-01/color/frame-000024.color.png chess/seq-01/color/frame-000025.color.png 0.999999 -0.000994269 0.000385197 -0.00346897 0.000992312 0.999987 0.00505435 -0.00193003 -0.00039022 -0.00505396 0.999987 0.00627267 0.0 0.0 0.0 1.0
chess/seq-01/color/frame-000025.color.png chess/seq-01/color/frame-000026.color.png 0.999991 -0.00270222 -0.00330933 0.00439171 0.00271227 0.999992 0.00303727 0.00253736 0.0033011 -0.00304624 0.99999 0.00850932 0.0 0.0 0.0 1.0
chess/seq-01/color/frame-000026.color.png chess/seq-01/color/frame-000027.color.png 0.999999 0.000318805 0.00135101 -0.00518147 -0.000324172 0.999992 0.0039819 -0.00636429 -0.00134973 -0.00398231 0.999991 0.00453986 0.0 0.0 0.0 1.0
chess/seq-01/color/frame-000027.color.png chess/seq-01/color/frame-000028.color.png 0.999991 -0.00387181 -0.00176672 0.0037998 0.0038779 0.999987 0.00345912 0.00523499 0.0017533 -0.00346596 0.999992 0.00917019 0.0 0.0 0.0 1.0
chess/seq-01/color/frame-000028.color.png chess/seq-01/color/frame-000029.color.png 0.999999 -0.000405225 -0.00118012 0.00239662 0.000409355 0.999994 0.0035031 -0.00528871 0.0011787 -0.00350357 0.999993 0.00637107 0.0 0.0 0.0 1.0
chess/seq-01/color/frame-000029.color.png chess/seq-01/color/frame-000030.color.png 0.999981 -0.00286466 0.00538349 -0.00435748 0.00283194 0.999978 0.00607633 -0.00378969 -0.00540078 -0.00606097 0.999967 0.00932776 0.0 0.0 0.0 1.0
chess/seq-01/color/frame-000030.color.png chess/seq-01/color/frame-000031.color.png 0.999964 -0.00849808 -8.3455e-05 0.00348176 0.00849828 0.99996 0.0027527 0.00357778 6.00605e-05 -0.00275331 0.999996 0.00870143 0.0 0.0 0.0 1.0
chess/seq-01/color/frame-000031.color.png chess/seq-01/color/frame-000032.color.png 0.999996 0.00049012 -0.00293079 0.00498025 -0.000483721 0.999997 0.00218452 0.0049207 0.00293185 -0.00218308 0.999993 0.00430903 0.0 0.0 0.0 1.0
chess/seq-01/color/frame-000032.color.png chess/seq-01/color/frame-000033.color.png 0.999979 -0.0060254 0.00255938 -0.00281656 0.00600395 0.999948 0.00830629 -0.010444 -0.00260929 -0.00829076 0.999962 0.0134191 0.0 0.0 0.0 1.0
chess/seq-01/color/frame-000033.color.png chess/seq-01/color/frame-000034.color.png 0.99999 -0.00358291 0.00266271 -0.00395764 0.00358214 0.999993 0.000298429 0.00232795 -0.00266376 -0.000288885 0.999996 0.00486767 0.0 0.0 0.0 1.0
chess/seq-01/color/frame-000034.color.png chess/seq-01/color/frame-000035.color.png 0.999971 -0.00754509 0.00114251 -0.00180834 0.00753857 0.999956 0.00560502 -0.00306814 -0.00118475 -0.00559626 0.999984 0.00961234 0.0 0.0 0.0 1.0
chess/seq-01/color/frame-000035.color.png chess/seq-01/color/frame-000036.color.png 0.999999 0.00061271 -0.00163659 0.00585654 -0.000608627 0.999997 0.00249244 0.00123806 0.00163811 -0.00249143 0.999996 0.00926326 0.0 0.0 0.0 1.0
chess/seq-01/color/frame-000036.color.png chess/seq-01/color/frame-000037.color.png 0.999996 0.000891914 0.00282386 -0.000252779 -0.000899621 0.999996 0.00273043 0.00057588 -0.00282142 -0.00273296 0.999992 0.00487818 0.0 0.0 0.0 1.0
chess/seq-01/color/frame-000037.color.png chess/seq-01/color/frame-000038.color.png 0.99997 -0.00370997 0.00684539 -0.00557638 0.00367118 0.999977 0.00566886 -0.0045511 -0.00686627 -0.00564356 0.99996 0.0116404 0.0 0.0 0.0 1.0
chess/seq-01/color/frame-000038.color.png chess/seq-01/color/frame-000039.color.png 1.0 -0.000323313 -0.000379969 0.000502576 0.000323864 0.999999 0.00144356 0.00335444 0.000379502 -0.00144368 0.999999 0.00592698 0.0 0.0 0.0 1.0
chess/seq-01/color/frame-000039.color.png chess/seq-01/color/frame-000040.color.png 0.999998 -0.00118733 -0.0012924 -0.00120854 0.00118277 0.999993 -0.00351474 0.00669894 0.00129656 0.00351321 0.999993 0.00979786 0.0 0.0 0.0 1.0
chess/seq-01/color/frame-000040.color.png chess/seq-01/color/frame-000041.color.png 0.999997 0.00211885 -0.00106699 -0.000787286 -0.00211027 0.999966 0.00796401 -0.00673538 0.00108383 -0.00796173 0.999968 0.0108697 0.0 0.0 0.0 1.0
chess/seq-01/color/frame-000041.color.png chess/seq-01/color/frame-000042.color.png 1.0 -0.000142927 -0.000986953 0.00363101 0.000146484 0.999994 0.00360032 -0.00457497 0.000986434 -0.00360046 0.999993 0.0062402 0.0 0.0 0.0 1.0
chess/seq-01/color/frame-000042.color.png chess/seq-01/color/frame-000043.color.png 0.999998 -0.00161339 -0.000803892 -0.0058005 0.00161427 0.999998 0.00109751 -0.00482356 0.000802119 -0.00109882 0.999999 0.012772 0.0 0.0 0.0 1.0
chess/seq-01/color/frame-000043.color.png chess/seq-01/color/frame-000044.color.png 0.999994 -0.00151954 -0.00330683 0.0011177 0.0015157 0.999998 -0.00116463 0.00238408 0.0033086 0.00115962 0.999994 0.00433858 0.0 0.0 0.0 1.0
chess/seq-01/color/frame-000044.color.png chess/seq-01/color/frame-000045.color.png 0.999975 -0.00218229 -0.00678605 0.00404966 0.0021957 0.999996 0.00196994 -0.0015057 0.00678172 -0.00198479 0.999975 0.0143867 0.0 0.0 0.0 1.0
chess/seq-01/color/frame-000045.color.png chess/seq-01/color/frame-000046.color.png 1.0 5.58736e-05 -0.000978817 0.000353383 -5.51387e-05 1.0 0.000748941 -0.00378101 0.000978857 -0.000748883 0.999999 0.00683054 0.0 0.0 0.0 1.0
chess/seq-01/color/frame-000046.color.png chess/seq-01/color/frame-000047.color.png 0.999984 -0.00480426 -0.0030781 0.00227466 0.00481488 0.999983 0.00345734 0.00499233 0.00306144 -0.00347215 0.999989 0.0135346 0.0 0.0 0.0 1.0
chess/seq-01/color/frame-000047.color.png chess/seq-01/color/frame-000048.color.png 0.999975 -0.00396098 -0.00585671 0.00512654 0.00397653 0.999988 0.00264177 -0.000665752 0.00584618 -0.00266496 0.999979 0.0137586 0.0 0.0 0.0 1.0
chess/seq-01/color/frame-000048.color.png chess/seq-01/color/frame-000049.color.png 0.999999 -0.00160997 -0.000637963 0.000136399 0.00161254 0.999991 0.00404926 -0.00246269 0.00063143 -0.00405027 0.999992 0.00951564 0.0 0.0 0.0 1.0
chess/seq-01/color/frame-000049.color.png chess/seq-01/color/frame-000050.color.png 0.999937 -0.0111618 -0.00134463 0.00308077 0.0111638 0.999937 0.00150456 -0.00177597 0.00132775 -0.00151949 0.999998 0.0153223 0.0 0.0 0.0 1.0
chess/seq-01/color/frame-000050.color.png chess/seq-01/color/frame-000051.color.png 0.999982 -0.00493417 -0.00339419 0.00100026 0.00493694 0.999987 0.000810078 -0.00273087 0.00339016 -0.000826839 0.999994 0.0117176 0.0 0.0 0.0 1.0
chess/seq-01/color/frame-000051.color.png chess/seq-01/color/frame-000052.color.png 0.99993 -0.00798555 -0.00878406 0.00735444 0.00798088 0.999968 -0.000567021 0.00897905 0.0087883 0.000496882 0.999961 0.00995141 0.0 0.0 0.0 1.0
chess/seq-01/color/frame-000052.color.png chess/seq-01/color/frame-000053.color.png 0.999984 -0.00140526 -0.00547501 0.00767614 0.00142705 0.999991 0.00398108 -0.00309438 0.00546936 -0.00398882 0.999977 0.0104658 0.0 0.0 0.0 1.0
chess/seq-01/color/frame-000053.color.png chess/seq-01/color/frame-000054.color.png 0.999996 -0.00282808 -0.000408811 0.00809295 0.00283262 0.99993 0.011498 -0.0116748 0.000376258 -0.011499 0.999934 0.0172721 0.0 0.0 0.0 1.0
chess/seq-01/color/frame-000054.color.png chess/seq-01/color/frame-000055.color.png 0.999989 -0.00477267 0.000522891 0.00452473 0.0047729 0.999988 -0.000447233 0.00783374 -0.00052074 0.000449698 1.0 0.00471771 0.0 0.0 0.0 1.0
chess/seq-01/color/frame-000055.color.png chess/seq-01/color/frame-000056.color.png 0.999972 -0.00618749 -0.0041249 0.00277233 0.00622207 0.999945 0.00842508 -0.00797089 0.00407255 -0.00845054 0.999956 0.015373 0.0 0.0 0.0 1.0
chess/seq-01/color/frame-000056.color.png chess/seq-01/color/frame-000057.color.png 0.999993 -0.000573397 -0.00376957 0.00900229 0.000575754 1.0 0.000622038 0.0076537 0.00376922 -0.000624178 0.999993 0.00547984 0.0 0.0 0.0 1.0
chess/seq-01/color/frame-000057.color.png chess/seq-01/color/frame-000058.color.png 0.999962 -0.00780607 0.00389229 0.000763275 0.00777429 0.999937 0.00811487 -0.00385918 -0.00395539 -0.00808434 0.999959 0.014424 0.0 0.0 0.0 1.0
chess/seq-01/color/frame-000058.color.png chess/seq-01/color/frame-000059.color.png 0.999987 -0.00176626 -0.00474818 0.00760189 0.00181094 0.999954 0.00942318 -0.00416906 0.00473132 -0.00943166 0.999944 0.0135814 0.0 0.0 0.0 1.0
chess/seq-01/color/frame-000059.color.png chess/seq-01/color/frame-000060.color.png 1.0 7.80016e-05 0.000123252 0.00298217 -7.85051e-05 0.999991 0.0043095 -0.00438248 -0.000122898 -0.0043095 0.999991 0.00741285 0.0 0.0 0.0 1.0
chess/seq-01/color/frame-000060.color.png chess/seq-01/color/frame-000061.color.png 0.999996 -0.000393564 0.00285074 0.00614397 0.000381203 0.999991 0.00433022 -0.00378399 -0.00285241 -0.00432912 0.999986 0.0167255 0.0 0.0 0.0 1.0
chess/seq-01/color/frame-000061.color.png chess/seq-01/color/frame-000062.color.png 0.999998 -0.000465568 0.00209123 -0.000705197 0.000467134 1.0 -0.000742799 0.00197199 -0.00209087 0.000743773 0.999998 0.00341177 0.0 0.0 0.0 1.0
chess/seq-01/color/frame-000062.color.png chess/seq-01/color/frame-000063.color.png 1.0 0.000637914 -0.000619946 0.00657194 -0.000633524 0.999975 0.00705167 -0.00101382 0.000624427 -0.00705126 0.999975 0.0112181 0.0 0.0 0.0 1.0
chess/seq-01/color/frame-000063.color.png chess/seq-01/color/frame-000064.color.png 0.999999 0.00176539 0.000196855 0.00971753 -0.00176548 0.999998 0.000499057 0.00200611 -0.00019598 -0.000499391 1.0 0.00712901 0.0 0.0 0.0 1.0
chess/seq-01/color/frame-000064.color.png chess/seq-01/color/frame-000065.color.png 0.999965 0.00263934 0.00793295 -0.00203084 -0.0026573 0.999994 0.00225454 0.00176394 -0.00792696 -0.00227556 0.999966 0.00660518 0.0 0.0 0.0 1.0
chess/seq-01/color/frame-000065.color.png chess/seq-01/color/frame-000066.color.png 0.999806 -0.00612422 0.0186972 -0.00493891 0.00593804 0.999932 0.00999565 -0.0175867 -0.0187572 -0.00988271 0.999775 0.0156773 0.0 0.0 0.0 1.0
chess/seq-01/color/frame-000066.color.png chess/seq-01/color/frame-000067.color.png 0.99999 -0.00337437 0.00286509 -0.00646457 0.00337895 0.999993 -0.00160479 0.00283969 -0.00285965 0.00161443 0.999995 0.0052835 0.0 0.0 0.0 1.0
chess/seq-01/color/frame-000067.color.png chess/seq-01/color/frame-000068.color.png 0.999948 -0.00332585 -0.00962656 0.0190493 0.0033837 0.999976 0.0059977 -0.00150915 0.00960638 -0.00602999 0.999936 0.0134349 0.0 0.0 0.0 1.0
chess/seq-01/color/frame-000068.color.png chess/seq-01/color/frame-000069.color.png 0.999997 -0.00174019 0.00189782 0.00422079 0.0017362 0.999996 0.00210774 -0.00134887 -0.00190149 -0.00210442 0.999996 0.0065048 0.0 0.0 0.0 1.0
chess/seq-01/color/frame-000069.color.png chess/seq-01/color/frame-000070.color.png 0.999999 -0.000252152 0.00163983 0.00556884 0.00024227 0.999982 0.00602606 -0.00793603 -0.00164131 -0.00602562 0.99998 0.0150461 0.0 0.0 0.0 1.0
chess/seq-01/color/frame-000070.color.png chess/seq-01/color/frame-000071.color.png 0.999999 0.00112923 0.000229162 0.00592708 -0.0011291 0.999999 -0.000663914 0.00569794 -0.00022992 0.000663649 1.0 0.00624192 0.0 0.0 0.0 1.0
chess/seq-01/color/frame-000071.color.png chess/seq-01/color/frame-000072.color.png 0.999977 -0.00432586 0.00525567 0.00501822 0.00430678 0.999984 0.00363753 -0.00607764 -0.00527131 -0.00361487 0.999979 0.0173856 0.0 0.0 0.0 1.0
chess/seq-01/color/frame-000072.color.png chess/seq-01/color/frame-000073.color.png 0.999991 -0.000192036 0.00421181 -0.00717308 0.000188768 1.0 0.000775934 2.88151e-06 -0.00421196 -0.000775098 0.999991 0.00292748 0.0 0.0 0.0 1.0
chess/seq-01/color/frame-000073.color.png chess/seq-01/color/frame-000074.color.png 0.999957 -0.00529889 -0.00765349 0.0133471 0.0053134 0.999984 0.00187357 -0.00111429 0.00764344 -0.00191415 0.999969 0.013437 0.0 0.0 0.0 1.0
chess/seq-01/color/frame-000074.color.png chess/seq-01/color/frame-000075.color.png 0.999994 -0.0033812 -0.000676398 0.00443937 0.00338346 0.999989 0.00336158 -0.00601122 0.00066502 -0.00336386 0.999994 0.00422227 0.0 0.0 0.0 1.0
chess/seq-01/color/frame-000075.color.png chess/seq-01/color/frame-000076.color.png 0.999992 -0.00376431 -0.00102395 0.00203296 0.00376378 0.999993 -0.000484701 0.00201219 0.00102577 0.000480788 0.999999 0.0120971 0.0 0.0 0.0 1.0
chess/seq-01/color/frame-000076.color.png chess/seq-01/color/frame-000077.color.png 0.999999 -0.00162862 -0.000434333 0.00745569 0.00162776 0.999997 -0.00200705 0.0111248 0.000437598 0.00200637 0.999998 0.0110098 0.0 0.0 0.0 1.0
chess/seq-01/color/frame-000077.color.png chess/seq-01/color/frame-000078.color.png 0.999996 -0.00277838 0.000898662 0.00509401 0.00277153 0.999968 0.00754025 -0.0126682 -0.000919586 -0.00753773 0.999971 0.00947273 0.0 0.0 0.0 1.0
chess/seq-01/color/frame-000078.color.png chess/seq-01/color/frame-000079.color.png 0.999946 -0.000752427 0.0103732 0.00113197 0.000756136 1.0 -0.000356137 0.00905897 -0.0103729 0.000363976 0.999946 0.0162269 0.0 0.0 0.0 1.0
chess/seq-01/color/frame-000079.color.png chess/seq-01/color/frame-000080.color.png 0.999982 -0.00213376 0.00552915 -0.000850543 0.00208691 0.999962 0.00847562 -0.0163729 -0.00554702 -0.00846392 0.999949 0.00772351 0.0 0.0 0.0 1.0
chess/seq-01/color/frame-000080.color.png chess/seq-01/color/frame-000081.color.png 0.99998 -0.00533374 0.0032703 -0.00476168 0.005339 0.999985 -0.00161459 5.18747e-06 -0.00326164 0.001632 0.999993 0.0113493 0.0 0.0 0.0 1.0
chess/seq-01/color/frame-000081.color.png chess/seq-01/color/frame-000082.color.png 0.999982 -0.00112589 -0.00581368 0.00952852 0.00113445 0.999998 0.00146929 -0.000431074 0.00581202 -0.00147588 0.999982 0.00596029 0.0 0.0 0.0 1.0
chess/seq-01/color/frame-000082.color.png chess/seq-01/color/frame-000083.color.png 0.999998 -0.000774401 -0.0018665 0.0112862 0.0007876 0.999975 0.00708493 -0.00827239 0.00186095 -0.00708634 0.999973 0.0191251 0.0 0.0 0.0 1.0
chess/seq-01/color/frame-000083.color.png chess/seq-01/color/frame-000084.color.png 0.999994 0.00123164 0.00321309 -0.00467584 -0.00122363 0.999996 -0.00248663 0.00145704 -0.00321614 0.00248266 0.999992 0.00850439 0.0 0.0 0.0 1.0
chess/seq-01/color/frame-000084.color.png chess/seq-01/color/frame-000085.color.png 0.999999 -0.000561236 0.00145615 -0.00782113 0.000564996 0.999997 -0.00259252 0.00602872 -0.00145468 0.00259336 0.999996 0.00612843 0.0 0.0 0.0 1.0
chess/seq-01/color/frame-000085.color.png chess/seq-01/color/frame-000086.color.png 0.999886 -0.00649999 -0.0136255 0.0201548 0.00649251 0.999979 -0.000593935 -0.00220993 0.0136291 0.000505378 0.999907 0.0195904 0.0 0.0 0.0 1.0
chess/seq-01/color/frame-000086.color.png chess/seq-01/color/frame-000087.color.png 0.999997 0.00171461 -0.00180993 0.00854577 -0.00171904 0.999995 -0.00245248 0.00530503 0.00180572 0.00245562 0.999995 0.00690812 0.0 0.0 0.0 1.0
chess/seq-01/color/frame-000087.color.png chess/seq-01/color/frame-000088.color.png 0.999971 0.00198436 0.00732147 -0.00767015 -0.00198367 0.999998 -9.83406e-05 -0.00571608 -0.00732166 8.382e-05 0.999973 0.0190152 0.0 0.0 0.0 1.0
chess/seq-01/color/frame-000088.color.png chess/seq-01/color/frame-000089.color.png 0.999994 -0.00327407 -0.00104726 -0.00285995 0.00326955 0.999986 -0.004286 0.0123968 0.00106128 0.00428256 0.99999 0.00272357 0.0 0.0 0.0 1.0
chess/seq-01/color/frame-000089.color.png chess/seq-01/color/frame-000090.color.png 0.999851 -0.00201163 -0.0171637 0.0254635 0.00218991 0.999944 0.0103753 -0.00476011 0.0171419 -0.0104114 0.999799 0.0212112 0.0 0.0 0.0 1.0
chess/seq-01/color/frame-000090.color.png chess/seq-01/color/frame-000091.color.png 0.999997 0.000282354 0.00250284 0.00626479 -0.00029095 0.999994 0.00343837 -0.000390987 -0.00250186 -0.00343908 0.999991 0.0117053 0.0 0.0 0.0 1.0
chess/seq-01/color/frame-000091.color.png chess/seq-01/color/frame-000092.color.png 0.999942 0.00218725 0.0105541 -0.0142184 -0.00225652 0.999976 0.0065526 -0.00348824 -0.0105395 -0.0065761 0.999923 0.0220841 0.0 0.0 0.0 1.0
chess/seq-01/color/frame-000092.color.png chess/seq-01/color/frame-000093.color.png 0.999996 -0.00176771 -0.00226751 0.00230336 0.00176792 0.999998 9.51517e-05 0.0029616 0.00226734 -9.91516e-05 0.999997 0.00581336 0.0 0.0 0.0 1.0
chess/seq-01/color/frame-000093.color.png chess/seq-01/color/frame-000094.color.png 0.999991 -0.000138723 -0.0042801 0.00827691 0.000153617 0.999994 0.00348358 0.00117535 0.00427959 -0.00348419 0.999985 0.00944585 0.0 0.0 0.0 1.0
chess/seq-01/color/frame-000094.color.png chess/seq-01/color/frame-000095.color.png 0.999995 -0.00307139 0.00122545 0.00234245 0.00306339 0.999974 0.00646419 -0.00738669 -0.00124527 -0.00646042 0.999978 0.0165018 0.0 0.0 0.0 1.0
chess/seq-01/color/frame-000095.color.png chess/seq-01/color/frame-000096.color.png 0.999997 -0.00187518 -0.00180132 0.00375946 0.00187794 0.999997 0.00154377 -0.000573065 0.00179842 -0.00154713 0.999997 0.00863874 0.0 0.0 0.0 1.0
chess/seq-01/color/frame-000096.color.png chess/seq-01/color/frame-000097.color.png 0.999999 0.000939385 -0.000604222 0.00322057 -0.000935495 0.999979 0.0063928 -0.00460204 0.000610208 -0.00639222 0.999979 0.015554 0.0 0.0 0.0 1.0
chess/seq-01/color/frame-000097.color.png chess/seq-01/color/frame-000098.color.png 0.999999 0.00105599 0.00106112 -0.000191912 -0.0010569 0.999999 0.000859321 0.00273405 -0.00106021 -0.000860519 0.999999 0.00675446 0.0 0.0 0.0 1.0
chess/seq-01/color/frame-000098.color.png chess/seq-01/color/frame-000099.color.png 0.999996 0.00129864 -0.00262169 0.00013274 -0.00127605 0.999962 0.00860733 -0.00891683 0.00263276 -0.00860392 0.99996 0.0102341 0.0 0.0 0.0 1.0
chess/seq-01/color/frame-000099.color.png chess/seq-01/color/frame-000100.color.png 0.999997 0.00172133 -0.00191814 0.00459065 -0.00171195 0.999987 0.00489268 -0.00584869 0.00192654 -0.00488941 0.999986 0.00941575 0.0 0.0 0.0 1.0
chess/seq-01/color/frame-000100.color.png chess/seq-01/color/frame-000101.color.png 0.999991 0.00416896 -3.1282e-05 -0.00453277 -0.00416862 0.999968 0.00685043 -0.00576748 5.98276e-05 -0.00685019 0.999976 0.0125167 0.0 0.0 0.0 1.0
chess/seq-01/color/frame-000101.color.png chess/seq-01/color/frame-000102.color.png 0.999993 0.000955834 -0.00353941 0.00265649 -0.000936819 0.999985 0.00536696 -0.00695177 0.00354449 -0.00536367 0.999979 0.00997418 0.0 0.0 0.0 1.0
chess/seq-01/color/frame-000102.color.png chess/seq-01/color/frame-000103.color.png 0.999991 0.00119088 -0.00400212 -0.00118174 -0.00115411 0.999957 0.00918255 -0.00576327 0.00401288 -0.00917785 0.99995 0.0135955 0.0 0.0 0.0 1.0
chess/seq-01/color/frame-000103.color.png chess/seq-01/color/frame-000104.color.png 0.999992 -0.00152464 -0.00372249 0.00540385 0.00154495 0.999984 0.00545992 -0.00700242 0.00371411 -0.00546564 0.999978 0.0125929 0.0 0.0 0.0 1.0
chess/seq-01/color/frame-000104.color.png chess/seq-01/color/frame-000105.color.png 1.0 -0.000217959 0.000257213 -0.0014383 0.000217708 0.999999 0.00102884 0.0026475 -0.000257457 -0.00102877 0.999999 0.00751895 0.0 0.0 0.0 1.0
chess/seq-01/color/frame-000105.color.png chess/seq-01/color/frame-000106.color.png 0.99999 -0.00370471 -0.00267553 -0.00275332 0.0037346 0.99993 0.0112621 -0.0181693 0.00263363 -0.011272 0.999933 0.0190064 0.0 0.0 0.0 1.0
chess/seq-01/color/frame-000106.color.png chess/seq-01/color/frame-000107.color.png 0.999992 -0.00324828 -0.00241455 0.00406936 0.00324427 0.999993 -0.00167049 -0.000826096 0.00241995 0.00166267 0.999996 0.0102457 0.0 0.0 0.0 1.0
chess/seq-01/color/frame-000107.color.png chess/seq-01/color/frame-000108.color.png 1.0 -0.000192801 -0.000121542 -0.00634198 0.000193042 0.999998 0.00190284 0.00152722 0.000121174 -0.00190284 0.999998 0.010381 0.0 0.0 0.0 1.0
chess/seq-01/color/frame-000108.color.png chess/seq-01/color/frame-000109.color.png 0.999986 -0.00475467 -0.00219772 0.00254993 0.00476176 0.999983 0.00323534 -0.00763301 0.0021823 -0.00324577 0.999992 0.0123776 0.0 0.0 0.0 1.0
chess/seq-01/color/frame-000109.color.png chess/seq-01/color/frame-000110.color.png 0.999991 -0.00415257 -0.00107139 -0.00717351 0.00415226 0.999991 -0.000289771 0.0067245 0.00107257 0.000285353 0.999999 0.00961226 0.0 0.0 0.0 1.0
chess/seq-01/color/frame-000110.color.png chess/seq-01/color/frame-000111.color.png 0.999978 -0.00340307 -0.00569684 0.0098445 0.00343706 0.999976 0.00596897 -0.00804621 0.0056764 -0.00598841 0.999966 0.0108684 0.0 0.0 0.0 1.0
chess/seq-01/color/frame-000111.color.png chess/seq-01/color/frame-000112.color.png 0.99999 -0.00183427 0.00406542 -0.00565654 0.0018237 0.999995 0.0026048 -0.00237264 -0.00407015 -0.00259745 0.999988 0.00722718 0.0 0.0 0.0 1.0
chess/seq-01/color/frame-000112.color.png chess/seq-01/color/frame-000113.color.png 0.999979 -0.00572618 0.00288944 -0.010611 0.00569764 0.999936 0.00978259 -0.0142129 -0.00294528 -0.00976587 0.999948 0.0136771 0.0 0.0 0.0 1.0
chess/seq-01/color/frame-000113.color.png chess/seq-01/color/frame-000114.color.png 0.999986 -0.000626012 -0.00518251 0.00599077 0.000640136 0.999996 0.00271919 -0.00283547 0.00518078 -0.00272244 0.999983 0.00724411 0.0 0.0 0.0 1.0
chess/seq-01/color/frame-000114.color.png chess/seq-01/color/frame-000115.color.png 0.999991 -0.000301458 0.00418759 -0.00952178 0.000279315 0.999986 0.00528222 -0.00345545 -0.00418913 -0.00528103 0.999977 0.0153793 0.0 0.0 0.0 1.0
chess/seq-01/color/frame-000115.color.png chess/seq-01/color/frame-000116.color.png 0.999999 -0.000226397 -0.000970525 -0.00243333 0.000231883 0.999984 0.00571135 -0.00960257 0.000969225 -0.00571162 0.999983 0.00795186 0.0 0.0 0.0 1.0
chess/seq-01/color/frame-000116.color.png chess/seq-01/color/frame-000117.color.png 0.999996 0.00187488 0.00222792 -0.0103022 -0.00188623 0.999985 0.00512511 -0.00472673 -0.00221827 -0.00512924 0.999984 0.0142919 0.0 0.0 0.0 1.0
chess/seq-01/color/frame-000117.color.png chess/seq-01/color/frame-000118.color.png 0.999999 0.000296795 -0.00144727 -0.00108632 -0.000289619 0.999988 0.00496263 -0.00605309 0.00144872 -0.00496221 0.999987 0.00735366 0.0 0.0 0.0 1.0
chess/seq-01/color/frame-000118.color.png chess/seq-01/color/frame-000119.color.png 0.999996 -0.000627506 0.00263886 -0.00750647 0.000612608 0.999984 0.00564275 -0.00622341 -0.00264234 -0.00564112 0.999981 0.015426 0.0 0.0 0.0 1.0
chess/seq-01/color/frame-000119.color.png chess/seq-01/color/frame-000120.color.png 0.999997 -0.00147889 0.00188223 -0.00543444 0.00146914 0.999986 0.005168 -0.0108234 -0.00188985 -0.0051653 0.999985 0.00972438 0.0 0.0 0.0 1.0
chess/seq-01/color/frame-000120.color.png chess/seq-01/color/frame-000121.color.png 0.999999 0.00139777 0.000439842 -0.0072313 -0.00139733 0.999999 -0.00102044 0.00380214 -0.000441289 0.00101987 0.999999 0.00488257 0.0 0.0 0.0 1.0
chess/seq-01/color/frame-000121.color.png chess/seq-01/color/frame-000122.color.png 0.999996 0.00286039 -0.00073173 -0.000219285 -0.0028553 0.999972 0.00684989 -0.00995767 0.000751312 -0.00684773 0.999976 0.017435 0.0 0.0 0.0 1.0
chess/seq-01/color/frame-000122.color.png chess/seq-01/color/frame-000123.color.png 0.999985 -0.000432277 0.00552754 -0.0139525 0.000425968 0.999999 0.00114081 -0.00323378 -0.00552802 -0.00113852 0.999984 0.00683081 0.0 0.0 0.0 1.0
chess/seq-01/color/frame-000123.color.png chess/seq-01/color/frame-000124.color.png 0.999999 -0.00156403 -0.000623818 -0.00556692 0.00156439 0.999999 0.000517444 0.00209326 0.000622987 -0.000518394 1.0 0.00642133 0.0 0.0 0.0 1.0
chess/seq-01/color/frame-000124.color.png chess/seq-01/color/frame-000125.color.png 0.999968 -0.00375083 -0.00700575 0.00992605 0.00378652 0.99998 0.00509729 -0.00837019 0.0069865 -0.00512367 0.999962 0.0185632 0.0 0.0 0.0 1.0
chess/seq-01/color/frame-000125.color.png chess/seq-01/color/frame-000126.color.png 0.999995 6.1311e-05 0.00324155 -0.00699734 -5.77509e-05 0.999999 -0.00109577 0.00048439 -0.00324161 0.00109564 0.999994 0.00655317 0.0 0.0 0.0 1.0
chess/seq-01/color/frame-000126.color.png chess/seq-01/color/frame-000127.color.png 0.999995 0.000234902 0.00317961 -0.00736108 -0.00023905 0.999999 0.00130419 -0.00189415 -0.00317931 -0.00130504 0.999994 0.0129927 0.0 0.0 0.0 1.0
chess/seq-01/color/frame-000127.color.png chess/seq-01/color/frame-000128.color.png 0.99998 -0.00537735 0.00343875 -0.00578303 0.00537803 0.999985 -0.000196525 -0.00262361 -0.00343764 0.000215082 0.999994 0.00958574 0.0 0.0 0.0 1.0
chess/seq-01/color/frame-000128.color.png chess/seq-01/color/frame-000129.color.png 0.999993 -0.00247742 0.00284217 -0.00953862 0.00248532 0.999993 -0.00278273 0.00393688 -0.00283526 0.00278973 0.999992 0.00323796 0.0 0.0 0.0 1.0
chess/seq-01/color/frame-000129.color.png chess/seq-01/color/frame-000130.color.png 0.999953 -0.00885005 -0.00407355 0.00362056 0.00884587 0.99996 -0.00105362 -0.00182464 0.0040827 0.00101757 0.999991 0.016315 0.0 0.0 0.0 1.0
chess/seq-01/color/frame-000130.color.png chess/seq-01/color/frame-000131.color.png 0.999995 -0.00292909 0.000778881 -0.00245653 0.00293339 0.99998 -0.00565271 0.0106683 -0.000762275 0.00565488 0.999984 0.00345361 0.0 0.0 0.0 1.0
chess/seq-01/color/frame-000131.color.png chess/seq-01/color/frame-000132.color.png 0.999999 0.00137632 -0.000934577 0.00061141 -0.00137663 0.999999 -0.000364395 0.00961678 0.000934053 0.00036573 1.0 0.000619888 0.0 0.0 0.0 1.0
chess/seq-01/color/frame-000132.color.png chess/seq-01/color/frame-000133.color.png 0.999991 0.00416521 0.000316858 0.00540666 -0.00417107 0.999762 0.0214241 -0.0339391 -0.000227544 -0.0214252 0.99977 0.0202307 0.0 0.0 0.0 1.0
chess/seq-01/color/frame-000133.color.png chess/seq-01/color/frame-000134.color.png 0.999977 0.00261907 0.00630551 -0.0137381 -0.00262423 0.999996 0.000812138 0.00464704 -0.00630338 -0.000828624 0.99998 0.00359941 0.0 0.0 0.0 1.0
chess/seq-01/color/frame-000134.color.png chess/seq-01/color/frame-000135.color.png 0.999994 -0.000251094 -0.00344162 0.00282591 0.000273233 0.999979 0.00643304 -0.00629976 0.00343998 -0.00643404 0.999973 0.00798047 0.0 0.0 0.0 1.0
chess/seq-01/color/frame-000135.color.png chess/seq-01/color/frame-000136.color.png 0.999972 0.00334969 -0.00667532 0.0161212 -0.00327804 0.999937 0.0107132 -0.00836132 0.00671077 -0.010691 0.99992 0.0133814 0.0 0.0 0.0 1.0
chess/seq-01/color/frame-000136.color.png chess/seq-01/color/frame-000137.color.png 0.999983 0.00550098 0.00198296 -0.00304072 -0.00551227 0.999968 0.00573125 -0.00394454 -0.00195137 -0.0057421 0.999982 0.00762141 0.0 0.0 0.0 1.0
chess/seq-01/color/frame-000137.color.png chess/seq-01/color/frame-000138.color.png 0.999989 0.00473482 -0.000474309 0.00190319 -0.00473221 0.999975 0.00532297 -0.0019505 0.000499493 -0.00532055 0.999986 0.00715339 0.0 0.0 0.0 1.0
chess/seq-01/color/frame-000138.color.png chess/seq-01/color/frame-000139.color.png 0.99992 0.0123614 -0.00257159 0.00563501 -0.0123163 0.999782 0.0168426 -0.0163674 0.00277922 -0.0168097 0.999855 0.0166391 0.0 0.0 0.0 1.0
chess/seq-01/color/frame-000139.color.png chess/seq-01/color/frame-000140.color.png 0.999974 0.00703828 -0.00172266 0.00741805 -0.0070241 0.999942 0.00812461 -0.00978301 0.00177977 -0.00811228 0.999965 0.00652385 0.0 0.0 0.0 1.0
chess/seq-01/color/frame-000140.color.png chess/seq-01/color/frame-000141.color.png 0.999988 0.0040895 0.00273857 -0.00317915 -0.00409749 0.999987 0.00291626 0.000709475 -0.00272663 -0.00292736 0.999992 0.00619614 0.0 0.0 0.0 1.0
chess/seq-01/color/frame-000141.color.png chess/seq-01/color/frame-000142.color.png 0.99998 0.00612511 -0.0015513 0.000906244 -0.00611604 0.999964 0.00580543 -5.50235e-05 0.0015868 -0.0057958 0.999982 0.00546432 0.0 0.0 0.0 1.0
chess/seq-01/color/frame-000142.color.png chess/seq-01/color/frame-000143.color.png 0.999837 0.013275 -0.0122512 0.0236119 -0.0130135 0.999691 0.0211802 -0.0203568 0.0125285 -0.0210172 0.999701 0.0164235 0.0 0.0 0.0 1.0
chess/seq-01/color/frame-000143.color.png chess/seq-01/color/frame-000144.color.png 0.999981 0.00594348 -0.00179027 0.00507472 -0.00593274 0.999965 0.00595565 -0.00227376 0.00182559 -0.00594492 0.999981 0.006405 0.0 0.0 0.0 1.0
chess/seq-01/color/frame-000144.color.png chess/seq-01/color/frame-000145.color.png 0.999982 0.00586273 0.000969919 0.000560492 -0.00586921 0.999959 0.00682558 -0.0014611 -0.000929864 -0.00683112 0.999976 0.00727963 0.0 0.0 0.0 1.0
chess/seq-01/color/frame-000145.color.png chess/seq-01/color/frame-000146.color.png 0.999973 0.00649573 -0.00340626 0.00710025 -0.00645377 0.999905 0.0121911 -0.0168546 0.00348513 -0.0121688 0.99992 0.00924206 0.0 0.0 0.0 1.0
chess/seq-01/color/frame-000146.color.png chess/seq-01/color/frame-000147.color.png 0.999988 0.00326614 -0.00362909 0.00929169 -0.00324782 0.999982 0.00503897 -0.00668499 0.00364548 -0.00502715 0.999981 0.00924814 0.0 0.0 0.0 1.0
chess/seq-01/color/frame-000147.color.png chess/seq-01/color/frame-000148.color.png 1.0 0.000288092 -6.89536e-05 0.00298782 -0.00028804 1.0 0.000618338 0.00498116 6.91457e-05 -0.00061831 1.0 0.00349903 0.0 0.0 0.0 1.0
chess/seq-01/color/frame-000148.color.png chess/seq-01/color/frame-000149.color.png 0.999945 0.00101764 -0.0103962 0.0198221 -0.000903417 0.999939 0.0109865 -0.00838685 0.0104067 -0.0109766 0.999886 0.0127779 0.0 0.0 0.0 1.0
chess/seq-01/color/frame-000149.color.png chess/seq-01/color/frame-000150.color.png 0.999991 -0.000478881 -0.00431467 0.0137873 0.000508388 0.999977 0.00683797 -0.008463 0.00431129 -0.00684016 0.999967 0.00837207 0.0 0.0 0.0 1.0
chess/seq-01/color/frame-000150.color.png chess/seq-01/color/frame-000151.color.png 0.999998 0.000969577 0.00165537 0.00100535 -0.000975365 0.999994 0.00347483 -0.00398497 -0.00165199 -0.00347635 0.999993 0.0068785 0.0 0.0 0.0 1.0
chess/seq-01/color/frame-000151.color.png chess/seq-01/color/frame-000152.color.png 0.999992 0.00385203 -0.00142781 0.00444214 -0.00385695 0.999986 -0.00348439 0.0140979 0.00141436 0.00348987 0.999993 0.00144196 0.0 0.0 0.0 1.0
chess/seq-01/color/frame-000152.color.png chess/seq-01/color/frame-000153.color.png 0.999995 -0.000967615 -0.00284651 0.0102639 0.000993959 0.999957 0.00926989 -0.0136938 0.0028374 -0.00927263 0.999953 0.0071733 0.0 0.0 0.0 1.0
chess/seq-01/color/frame-000153.color.png chess/seq-01/color/frame-000154.color.png 0.999999 0.00111672 0.00103183 0.00393875 -0.00111887 0.999997 0.00210461 0.00103389 -0.00102946 -0.00210573 0.999997 0.00467455 0.0 0.0 0.0 1.0
chess/seq-01/color/frame-000154.color.png chess/seq-01/color/frame-000155.color.png 0.999994 0.00331126 0.00132199 0.00178118 -0.00331869 0.999979 0.00564582 -0.00565831 -0.00130329 -0.00565018 0.999983 0.00513327 0.0 0.0 0.0 1.0
chess/seq-01/color/frame-000155.color.png chess/seq-01/color/frame-000156.color.png 0.999997 0.00172312 0.00166119 -0.000515029 -0.00172813 0.999994 0.00302105 -0.00206959 -0.00165598 -0.0030238 0.999994 0.00525856 0.0 0.0 0.0 1.0
chess/seq-01/color/frame-000156.color.png chess/seq-01/color/frame-000157.color.png 0.999997 0.0022921 -0.00071948 0.0028331 -0.00229133 0.999997 0.00106783 0.00038296 0.000721944 -0.00106627 0.999999 0.00414598 0.0 0.0 0.0 1.0
chess/seq-01/color/frame-000157.color.png chess/seq-01/color/frame-000158.color.png 0.999996 0.000103685 -0.0027629 0.010164 -0.000102028 1.0 0.000601194 -0.000743221 0.00276296 -0.000600923 0.999996 0.00189233 0.0 0.0 0.0 1.0
chess/seq-01/color/frame-000158.color.png chess/seq-01/color/frame-000159.color.png 0.999989 0.00428347 0.00200254 -0.00114407 -0.00428499 0.99999 0.000764384 0.00198906 -0.00199925 -0.000772896 0.999998 0.00231361 0.0 0.0 0.0 1.0
chess/seq-01/color/frame-000159.color.png chess/seq-01/color/frame-000160.color.png 0.999982 0.00548491 0.00216849 -0.00257431 -0.00549376 0.999977 0.00408875 -0.00679136 -0.002146 -0.00410067 0.999989 0.00710213 0.0 0.0 0.0 1.0
chess/seq-01/color/frame-000160.color.png chess/seq-01/color/frame-000161.color.png 0.999991 0.00414239 0.000561469 -0.00116529 -0.00414151 0.99999 -0.00153851 0.00125916 -0.00056784 0.00153627 0.999999 0.00224721 0.0 0.0 0.0 1.0
chess/seq-01/color/frame-000161.color.png chess/seq-01/color/frame-000162.color.png 0.999993 0.00322479 -0.00203055 0.00207886 -0.00323067 0.999991 -0.00289841 0.00728381 0.00202118 0.00290493 0.999994 4.07696e-05 0.0 0.0 0.0 1.0
chess/seq-01/color/frame-000162.color.png chess/seq-01/color/frame-000163.color.png 0.999996 -0.000959394 -0.00265962 0.00501102 0.000968003 0.999994 0.00323733 -0.00580008 0.0026565 -0.00323984 0.999991 0.00415444 0.0 0.0 0.0 1.0
chess/seq-01/color/frame-000163.color.png chess/seq-01/color/frame-000164.color.png 0.999976 0.0023628 -0.00658425 0.0124624 -0.00236787 0.999997 -0.000762827 0.00214945 0.00658243 0.000778371 0.999978 0.00198424 0.0 0.0 0.0 1.0
chess/seq-01/color/frame-000164.color.png chess/seq-01/color/frame-000165.color.png 0.999988 0.00317079 -0.00369729 0.00808747 -0.0031808 0.999991 -0.00270611 0.00745234 0.00368868 0.00271769 0.999989 0.00248158 0.0 0.0 0.0 1.0
chess/seq-01/color/frame-000165.color.png chess/seq-01/color/frame-000166.color.png 0.999989 0.00468564 -0.000571822 0.00277884 -0.00468561 0.999989 6.70169e-05 0.00210105 0.000572127 -6.43899e-05 1.0 0.00297093 0.0 0.0 0.0 1.0
chess/seq-01/color/frame-000166.color.png chess/seq-01/color/frame-000167.color.png 0.999991 0.00418618 -0.000258554 0.001113 -0.00418521 0.999985 0.00360524 -0.00372283 0.000273641 -0.00360414 0.999993 0.00386369 0.0 0.0 0.0 1.0
chess/seq-01/color/frame-000167.color.png chess/seq-01/color/frame-000168.color.png 0.999989 0.00460797 -0.00121496 -4.54634e-05 -0.00460434 0.999985 0.00296357 -0.00367472 0.00122858 -0.00295786 0.999995 0.00576222 0.0 0.0 0.0 1.0
chess/seq-01/color/frame-000168.color.png chess/seq-01/color/frame-000169.color.png 0.999972 0.00404343 -0.00623411 0.0124449 -0.00403714 0.999991 0.00102651 0.00167889 0.00623822 -0.00100127 0.99998 0.00329506 0.0 0.0 0.0 1.0
chess/seq-01/color/frame-000169.color.png chess/seq-01/color/frame-000170.color.png 0.999992 0.00342962 -0.00215463 0.00664122 -0.00341712 0.999977 0.00576749 -0.0107462 0.00217436 -0.00576001 0.999981 0.00844121 0.0 0.0 0.0 1.0
chess/seq-01/color/frame-000170.color.png chess/seq-01/color/frame-000171.color.png 0.999995 0.0028542 0.00135419 0.000963554 -0.00285204 0.999995 -0.00158626 0.00520489 -0.00135872 0.00158236 0.999998 0.00502944 0.0 0.0 0.0 1.0
chess/seq-01/color/frame-000171.color.png chess/seq-01/color/frame-000172.color.png 0.999995 0.00293417 0.00120252 -0.000121787 -0.00293773 0.999991 0.00297007 -0.00405855 -0.00119378 -0.00297374 0.999995 0.00602198 0.0 0.0 0.0 1.0
chess/seq-01/color/frame-000172.color.png chess/seq-01/color/frame-000173.color.png 0.999998 -0.00174625 0.000373706 0.00134304 0.00174572 0.999998 0.00138367 -0.00357746 -0.000376132 -0.00138292 0.999999 0.00644875 0.0 0.0 0.0 1.0
chess/seq-01/color/frame-000173.color.png chess/seq-01/color/frame-000174.color.png 0.999989 0.00236636 -0.00412964 0.0105178 -0.00237136 0.999996 -0.00120827 0.0053062 0.00412677 0.00121793 0.999991 0.0034889 0.0 0.0 0.0 1.0
