chess/seq-01/color/frame-000000.color.png chess/seq-01/color/frame-000002.color.png 0.999989 -0.00320279 0.00331491 0.00296732 0.0031868 0.999983 0.00481819 -0.0005925 -0.00333028 -0.00480758 0.999983 0.000128991 0.0 0.0 0.0 1.0
chess/seq-01/color/frame-000001.color.png chess/seq-01/color/frame-000003.color.png 0.999995 -0.00316391 -0.000734376 -0.0016731 0.00316343 0.999995 -0.000661433 -0.000780398 0.000736465 0.000659106 0.999999 0.00202364 0.0 0.0 0.0 1.0
chess/seq-01/color/frame-000002.color.png chess/seq-01/color/frame-000004.color.png 0.999994 -0.00268951 -0.00242666 0.00098863 0.00268218 0.999992 -0.00301544 -0.000182571 0.00243475 0.00300891 0.999992 -0.0006483 0.0 0.0 0.0 1.0
chess/seq-01/color/frame-000003.color.png chess/seq-01/color/frame-000005.color.png 1.0 0.000715425 5.67368e-05 0.0029246 -0.000715444 1.0 0.000337188 -0.00283461 -5.64957e-05 -0.000337229 1.0 0.00170122 0.0 0.0 0.0 1.0
chess/seq-01/color/frame-000004.color.png chess/seq-01/color/frame-000006.color.png 0.999999 0.000981148 0.000236774 -0.00215365 -0.000981017 0.999999 -0.000550566 0.00143412 -0.000237314 0.000550333 1.0 -0.0016236 0.0 0.0 0.0 1.0
chess/seq-01/color/frame-000005.color.png chess/seq-01/color/frame-000007.color.png 0.999998 0.00127713 -0.00149583 -0.00140594 -0.00127573 0.999999 0.000936696 0.0014139 0.00149703 -0.000934786 0.999998 -0.00223314 0.0 0.0 0.0 1.0
chess/seq-01/color/frame-000006.color.png chess/seq-01/color/frame-000008.color.png 0.999998 0.00187994 0.000333235 -0.000138469 -0.00188015 0.999998 0.000630477 -0.00170929 -0.000332049 -0.000631102 1.0 0.00280615 0.0 0.0 0.0 1.0
chess/seq-01/color/frame-000007.color.png chess/seq-01/color/frame-000009.color.png 0.999996 0.00261926 0.00141857 -0.00221488 -0.00261881 0.999996 -0.000314574 0.0030557 -0.00141939 0.000310857 0.999999 -0.000720312 0.0 0.0 0.0 1.0
chess/seq-01/color/frame-000008.color.png chess/seq-01/color/frame-000010.color.png 0.999987 0.00502497 0.00020635 -0.00133943 -0.00502566 0.999981 0.00351008 -0.00152783 -0.000188708 -0.00351107 0.999994 0.00162642 0.0 0.0 0.0 1.0
chess/seq-01/color/frame-000009.color.png chess/seq-01/color/frame-000011.color.png 0.999995 0.00289811 -0.00117607 -0.0023993 -0.00289583 0.999994 0.00193398 -0.00321205 0.00118167 -0.00193056 0.999997 0.00287974 0.0 0.0 0.0 1.0
chess/seq-01/color/frame-000010.color.png chess/seq-01/color/frame-000012.color.png 0.999997 0.00101344 -0.00239685 -0.000257529 -0.00101554 0.999999 -0.00087377 0.00223931 0.00239597 0.000876201 0.999997 -0.00103596 0.0 0.0 0.0 1.0
chess/seq-01/color/frame-000011.color.png chess/seq-01/color/frame-000013.color.png 1.0 0.000459714 0.000237254 -0.0010131 -0.000460278 0.999997 0.00238577 -0.00184291 -0.000236157 -0.00238588 0.999997 0.00276078 0.0 0.0 0.0 1.0
chess/seq-01/color/frame-000012.color.png chess/seq-01/color/frame-000014.color.png 0.999998 -0.00189613 0.00058512 -0.00150679 0.00189524 0.999997 0.00151241 -0.0015276 -0.000587986 -0.00151129 0.999999 0.00365445 0.0 0.0 0.0 1.0
chess/seq-01/color/frame-000013.color.png chess/seq-01/color/frame-000015.color.png 0.999999 0.00102688 -0.00092929 0.000447728 -0.00102568 0.999999 0.00128834 3.73526e-05 0.000930611 -0.00128739 0.999999 0.00343361 0.0 0.0 0.0 1.0
chess/seq-01/color/frame-000014.color.png chess/seq-01/color/frame-000016.color.png 0.999989 -0.00339469 -0.0032091 -0.00257985 0.00339093 0.999994 -0.00117755 0.00112718 0.00321308 0.00116665 0.999994 0.00800742 0.0 0.0 0.0 1.0
chess/seq-01/color/frame-000015.color.png chess/seq-01/color/frame-000017.color.png 0.999964 -0.00494481 -0.00683113 -0.0020879 0.00492892 0.999985 -0.00234201 0.00376581 0.00684261 0.00230825 0.999974 0.00544152 0.0 0.0 0.0 1.0
chess/seq-01/color/frame-000016.color.png chess/seq-01/color/frame-000018.color.png 0.999968 0.000240542 -0.00798908 0.00248947 -0.000182982 0.999974 0.00720481 0.00213504 0.00799061 -0.00720312 0.999942 0.00709202 0.0 0.0 0.0 1.0
chess/seq-01/color/frame-000017.color.png chess/seq-01/color/frame-000019.color.png 0.999987 -0.0017599 -0.00474714 0.00634108 0.00181126 0.99994 0.0108376 -0.00272851 0.00472778 -0.010846 0.99993 0.0110048 0.0 0.0 0.0 1.0
chess/seq-01/color/frame-000018.color.png chess/seq-01/color/frame-000020.color.png 0.99997 -0.00768537 0.00134301 -0.000652856 0.00767361 0.999934 0.00855208 -0.0037484 -0.00140864 -0.00854151 0.999962 0.0134708 0.0 0.0 0.0 1.0
chess/seq-01/color/frame-000019.color.png chess/seq-01/color/frame-000021.color.png 0.999967 -0.00810933 -0.000282537 -0.00245576 0.00811126 0.999938 0.00766907 -0.00370429 0.000220327 -0.00767111 0.999971 0.0108415 0.0 0.0 0.0 1.0
chess/seq-01/color/frame-000020.color.png chess/seq-01/color/frame-000022.color.png 0.999965 -0.0063043 -0.00547727 0.00231889 0.00633106 0.999968 0.00488238 5.1313e-05 0.00544632 -0.00491689 0.999973 0.00992235 0.0 0.0 0.0 1.0
chess/seq-01/color/frame-000021.color.png chess/seq-01/color/frame-000023.color.png 0.999978 -0.00382198 -0.00535751 8.5989e-05 0.00387477 0.999944 0.00987912 -0.00304311 0.00531945 -0.00989967 0.999937 0.0203999 0.0 0.0 0.0 1.0
chess/seq-01/color/frame-000022.color.png chess/seq-01/color/frame-000024.color.png 0.999993 -0.00255421 -0.00285078 0.00339031 0.00257392 0.999973 0.00693131 -0.00237262 0.00283299 -0.0069386 0.999972 0.0167788 0.0 0.0 0.0 1.0
chess/seq-01/color/frame-000023.color.png chess/seq-01/color/frame-000025.color.png 0.999995 -0.00312937 -0.000274468 -0.000952507 0.00313057 0.999985 0.00448342 -0.000179525 0.000260424 -0.00448424 0.99999 0.00851269 0.0 0.0 0.0 1.0
chess/seq-01/color/frame-000024.color.png chess/seq-01/color/frame-000026.color.png 0.999989 -0.00360268 -0.0028719 0.000509017 0.00362614 0.99996 0.00820488 0.00014705 0.00284223 -0.00821521 0.999962 0.0149341 0.0 0.0 0.0 1.0
chess/seq-01/color/frame-000025.color.png chess/seq-01/color/frame-000027.color.png 0.999995 -0.00244005 -0.0020681 -0.000589241 0.00245509 0.99997 0.00730315 -0.0046465 0.00205022 -0.0073082 0.999971 0.013054 0.0 0.0 0.0 1.0
chess/seq-01/color/frame-000026.color.png chess/seq-01/color/frame-000028.color.png 0.999993 -0.00360682 -0.000358037 -0.00148237 0.00360943 0.999965 0.00755069 -0.00134597 0.00033079 -0.00755194 0.999971 0.0133243 0.0 0.0 0.0 1.0
chess/seq-01/color/frame-000027.color.png chess/seq-01/color/frame-000029.color.png 0.999996 -0.00297115 -0.000310238 -0.00119419 0.00297323 0.999972 0.00694076 0.000150687 0.000289605 -0.00694165 0.999976 0.0163602 0.0 0.0 0.0 1.0
chess/seq-01/color/frame-000028.color.png chess/seq-01/color/frame-000030.color.png 0.999979 -0.00304154 0.00575553 -0.00636858 0.00298504 0.999948 0.00979949 -0.00940519 -0.00578503 -0.0097821 0.999935 0.0161666 0.0 0.0 0.0 1.0
chess/seq-01/color/frame-000029.color.png chess/seq-01/color/frame-000031.color.png 0.999925 -0.0110022 0.00544171 -0.00141717 0.0109568 0.999906 0.00829939 0.00138676 -0.00553251 -0.00823914 0.999951 0.0181603 0.0 0.0 0.0 1.0
chess/seq-01/color/frame-000030.color.png chess/seq-01/color/frame-000032.color.png 0.999954 -0.00829111 -0.00483181 0.0138232 0.00831222 0.999956 0.00436571 0.00972365 0.0047954 -0.00440567 0.999979 0.0120831 0.0 0.0 0.0 1.0
chess/seq-01/color/frame-000031.color.png chess/seq-01/color/frame-000033.color.png 0.999975 -0.0064536 -0.00296748 0.00972186 0.00648712 0.999914 0.011429 -0.00798471 0.00289347 -0.0114479 0.99993 0.0170255 0.0 0.0 0.0 1.0
chess/seq-01/color/frame-000032.color.png chess/seq-01/color/frame-000034.color.png 0.999941 -0.0104089 0.00322209 -0.00140605 0.0103855 0.99992 0.00718304 -0.00348385 -0.0032966 -0.00714914 0.999969 0.0171313 0.0 0.0 0.0 1.0
chess/seq-01/color/frame-000033.color.png chess/seq-01/color/frame-000035.color.png 0.999927 -0.0120564 0.000517467 0.00287725 0.012054 0.999918 0.00442883 0.00387529 -0.000570819 -0.00442227 0.99999 0.0134918 0.0 0.0 0.0 1.0
chess/seq-01/color/frame-000034.color.png chess/seq-01/color/frame-000036.color.png 0.999974 -0.00708185 -0.00148295 0.00634578 0.00709447 0.999937 0.00869487 -0.00332043 0.00142128 -0.00870517 0.999961 0.0183112 0.0 0.0 0.0 1.0
chess/seq-01/color/frame-000035.color.png chess/seq-01/color/frame-000037.color.png 0.999998 0.00162739 0.00148605 0.00474475 -0.00163577 0.999983 0.00566164 0.000225224 -0.00147681 -0.00566407 0.999983 0.0146799 0.0 0.0 0.0 1.0
chess/seq-01/color/frame-000036.color.png chess/seq-01/color/frame-000038.color.png 0.999955 -0.00200026 0.00922012 -0.00445498 0.00192366 0.999964 0.00830928 -0.00422624 -0.0092364 -0.00829118 0.999923 0.0171178 0.0 0.0 0.0 1.0
chess/seq-01/color/frame-000037.color.png chess/seq-01/color/frame-000039.color.png 0.999948 -0.00372881 0.00945792 -0.0132615 0.00365425 0.999962 0.00788681 -0.00387035 -0.00948697 -0.00785185 0.999924 0.0196605 0.0 0.0 0.0 1.0
chess/seq-01/color/frame-000038.color.png chess/seq-01/color/frame-000040.color.png 0.999998 -0.00204387 -0.000875288 -0.00233437 0.00204357 0.999998 -0.000342479 0.00479755 0.000875989 0.000340685 0.999999 0.0133546 0.0 0.0 0.0 1.0
chess/seq-01/color/frame-000039.color.png chess/seq-01/color/frame-000041.color.png 0.999998 0.000893944 -0.00160982 -0.00370682 -0.000888209 0.999993 0.00354634 0.00269226 0.00161298 -0.00354489 0.999992 0.0198051 0.0 0.0 0.0 1.0
chess/seq-01/color/frame-000040.color.png chess/seq-01/color/frame-000042.color.png 0.999998 0.00203079 -0.00028418 -0.00239736 -0.00202817 0.999958 0.00894753 -0.00333595 0.000302337 -0.00894692 0.99996 0.0210716 0.0 0.0 0.0 1.0
chess/seq-01/color/frame-000041.color.png chess/seq-01/color/frame-000043.color.png 1.0 -0.000790027 0.000641743 -0.00887159 0.000785544 0.999976 0.0069501 -0.0150447 -0.000647219 -0.00694959 0.999976 0.0216474 0.0 0.0 0.0 1.0
chess/seq-01/color/frame-000042.color.png chess/seq-01/color/frame-000044.color.png 0.999988 -0.00357157 -0.00332458 -0.00636965 0.00357229 0.999994 0.000213064 -0.00342435 0.00332379 -0.000224942 0.999994 0.0174032 0.0 0.0 0.0 1.0
chess/seq-01/color/frame-000043.color.png chess/seq-01/color/frame-000045.color.png 0.999933 -0.00455014 -0.0106454 0.00672156 0.00455345 0.99999 0.000286751 0.00226886 0.0106439 -0.000335218 0.999943 0.0177557 0.0 0.0 0.0 1.0
chess/seq-01/color/frame-000044.color.png chess/seq-01/color/frame-000046.color.png 0.999962 -0.00225324 -0.00844538 0.00613237 0.00227359 0.999994 0.0023995 -0.00465358 0.00843993 -0.0024186 0.999961 0.0205271 0.0 0.0 0.0 1.0
chess/seq-01/color/frame-000045.color.png chess/seq-01/color/frame-000047.color.png 0.999989 -0.00366551 -0.00295149 -0.000593412 0.00367871 0.999983 0.00447783 5.66971e-05 0.00293503 -0.00448864 0.999986 0.0211415 0.0 0.0 0.0 1.0
chess/seq-01/color/frame-000046.color.png chess/seq-01/color/frame-000048.color.png 0.99993 -0.00804855 -0.00867618 0.00643919 0.00810933 0.999943 0.00699356 0.00207135 0.0086194 -0.00706342 0.999938 0.0272436 0.0 0.0 0.0 1.0
chess/seq-01/color/frame-000047.color.png chess/seq-01/color/frame-000049.color.png 0.999958 -0.00613741 -0.0068497 0.00680628 0.00617456 0.999966 0.00541634 0.00086634 0.00681623 -0.00545837 0.999962 0.0242823 0.0 0.0 0.0 1.0
chess/seq-01/color/frame-000048.color.png chess/seq-01/color/frame-000050.color.png 0.999907 -0.0134792 -0.0022311 0.00390772 0.0134886 0.9999 0.0042305 -0.000773842 0.00217385 -0.00426021 0.999989 0.0241204 0.0 0.0 0.0 1.0
chess/seq-01/color/frame-000049.color.png chess/seq-01/color/frame-000051.color.png 0.99987 -0.0156644 -0.00373289 0.00130058 0.0156795 0.999869 0.00406765 -0.00910073 0.00366868 -0.00412565 0.999985 0.0254526 0.0 0.0 0.0 1.0
chess/seq-01/color/frame-000050.color.png chess/seq-01/color/frame-000052.color.png 0.99986 -0.0120651 -0.0115599 0.00638222 0.0120804 0.999926 0.00125526 0.00348905 0.0115439 -0.00139475 0.999932 0.0218326 0.0 0.0 0.0 1.0
chess/seq-01/color/frame-000051.color.png chess/seq-01/color/frame-000053.color.png 0.999842 -0.00988322 -0.0147599 0.0162933 0.00992016 0.999948 0.00243248 0.00894842 0.0147351 -0.00257853 0.999888 0.0206617 0.0 0.0 0.0 1.0
chess/seq-01/color/frame-000052.color.png chess/seq-01/color/frame-000054.color.png 0.999974 -0.00443755 -0.00571347 0.0148771 0.00452345 0.999876 0.0151094 -0.0137308 0.00564571 -0.0151348 0.99987 0.0271175 0.0 0.0 0.0 1.0
chess/seq-01/color/frame-000053.color.png chess/seq-01/color/frame-000055.color.png 0.999975 -0.00663581 0.00225962 0.00613144 0.00661534 0.999938 0.00894776 0.00134315 -0.00231886 -0.0089326 0.999957 0.0220165 0.0 0.0 0.0 1.0
chess/seq-01/color/frame-000054.color.png chess/seq-01/color/frame-000056.color.png 0.999942 -0.0104476 -0.00244624 0.0038053 0.0104614 0.999929 0.00572916 0.00570399 0.00238621 -0.00575442 0.999981 0.023488 0.0 0.0 0.0 1.0
chess/seq-01/color/frame-000055.color.png chess/seq-01/color/frame-000057.color.png 0.999953 -0.00643653 -0.00723452 0.0101596 0.00650734 0.999931 0.00980685 -0.00247616 0.0071709 -0.00985348 0.999926 0.0202643 0.0 0.0 0.0 1.0
chess/seq-01/color/frame-000056.color.png chess/seq-01/color/frame-000058.color.png 0.999973 -0.00727879 0.000978908 0.00730601 0.00726784 0.999916 0.0107657 -0.00210558 -0.00105718 -0.0107584 0.999942 0.0173081 0.0 0.0 0.0 1.0
chess/seq-01/color/frame-000057.color.png chess/seq-01/color/frame-000059.color.png 0.999951 -0.00941569 -0.00294004 0.0137697 0.00946654 0.999797 0.0177905 -0.00792074 0.00277191 -0.0178174 0.999838 0.0318429 0.0 0.0 0.0 1.0
chess/seq-01/color/frame-000058.color.png chess/seq-01/color/frame-000060.color.png 0.99998 -0.00255943 -0.00570815 0.0139447 0.00262933 0.999921 0.012277 -0.00403568 0.00567627 -0.0122917 0.999908 0.0228469 0.0 0.0 0.0 1.0
chess/seq-01/color/frame-000059.color.png chess/seq-01/color/frame-000061.color.png 0.999995 -8.17801e-05 0.003037 0.00907205 5.14173e-05 0.99995 0.0100055 -0.0125211 -0.00303767 -0.0100053 0.999945 0.0220163 0.0 0.0 0.0 1.0
chess/seq-01/color/frame-000060.color.png chess/seq-01/color/frame-000062.color.png 0.99999 0.000112682 0.00458044 0.00584565 -0.000129057 0.999994 0.0035727 -0.00287735 -0.00458001 -0.00357324 0.999983 0.0191643 0.0 0.0 0.0 1.0
chess/seq-01/color/frame-000061.color.png chess/seq-01/color/frame-000063.color.png 0.999999 0.000567016 0.00133452 0.00596759 -0.000575735 0.999979 0.00649618 0.000577059 -0.00133082 -0.00649693 0.999978 0.0149389 0.0 0.0 0.0 1.0
chess/seq-01/color/frame-000062.color.png chess/seq-01/color/frame-000064.color.png 0.999996 0.00284324 5.40458e-05 0.0140993 -0.00284357 0.999965 0.00786044 0.000846391 -3.17031e-05 -0.00786055 0.999969 0.017985 0.0 0.0 0.0 1.0
chess/seq-01/color/frame-000063.color.png chess/seq-01/color/frame-000065.color.png 0.999957 0.00679477 0.00629194 0.0112892 -0.00683357 0.999958 0.0061705 -0.00567201 -0.00624974 -0.00621323 0.999961 0.0102305 0.0 0.0 0.0 1.0
chess/seq-01/color/frame-000064.color.png chess/seq-01/color/frame-000066.color.png 0.999624 -0.00398029 0.0271142 -0.00774232 0.00368204 0.999932 0.0110414 -0.0123018 -0.0271563 -0.0109374 0.999571 0.0205015 0.0 0.0 0.0 1.0
chess/seq-01/color/frame-000065.color.png chess/seq-01/color/frame-000067.color.png 0.999649 -0.0114163 0.0239148 -0.0168337 0.0113188 0.999927 0.00420754 -0.00328516 -0.0239611 -0.00393541 0.999705 0.0225192 0.0 0.0 0.0 1.0
chess/seq-01/color/frame-000066.color.png chess/seq-01/color/frame-000068.color.png 0.999927 -0.00883755 -0.0082175 0.0184105 0.00888939 0.999941 0.00629398 -0.00389337 0.00816139 -0.00636656 0.999946 0.0205702 0.0 0.0 0.0 1.0
chess/seq-01/color/frame-000067.color.png chess/seq-01/color/frame-000069.color.png 0.999943 -0.00571763 -0.00901786 0.0278625 0.00577887 0.99996 0.00678179 0.000812268 0.00897874 -0.00683353 0.999936 0.0215965 0.0 0.0 0.0 1.0
chess/seq-01/color/frame-000068.color.png chess/seq-01/color/frame-000070.color.png 0.999991 -0.00211249 0.00367565 0.00876534 0.00208138 0.999962 0.00844392 -0.0103654 -0.00369335 -0.00843622 0.999958 0.0212731 0.0 0.0 0.0 1.0
chess/seq-01/color/frame-000069.color.png chess/seq-01/color/frame-000071.color.png 0.999999 -0.00112735 0.000520513 0.0156816 0.00112431 0.999982 0.00584577 -0.00445231 -0.000527102 -0.00584514 0.999983 0.0175648 0.0 0.0 0.0 1.0
chess/seq-01/color/frame-000070.color.png chess/seq-01/color/frame-000072.color.png 0.999976 -0.000891638 0.00684015 0.006759 0.00086612 0.999993 0.00373145 -0.00245732 -0.00684343 -0.00372543 0.99997 0.0234519 0.0 0.0 0.0 1.0
chess/seq-01/color/frame-000071.color.png chess/seq-01/color/frame-000073.color.png 0.999945 -0.00342606 0.00994816 -0.0038033 0.00338699 0.999987 0.00394451 -0.00434165 -0.00996154 -0.0039106 0.999943 0.0232615 0.0 0.0 0.0 1.0
chess/seq-01/color/frame-000072.color.png chess/seq-01/color/frame-000074.color.png 0.999957 -0.00813232 -0.00451123 0.00992969 0.00813797 0.999966 0.00123411 0.00290655 0.00450103 -0.00127072 0.999989 0.0153555 0.0 0.0 0.0 1.0
chess/seq-01/color/frame-000073.color.png chess/seq-01/color/frame-000075.color.png 0.999934 -0.00859035 -0.00761726 0.0153881 0.00862459 0.999953 0.00447864 -0.00378738 0.00757842 -0.00454403 0.999961 0.0230198 0.0 0.0 0.0 1.0
chess/seq-01/color/frame-000074.color.png chess/seq-01/color/frame-000076.color.png 0.999978 -0.00584562 -0.00313664 0.0097044 0.0058582 0.999975 0.00403022 -0.00733629 0.00311301 -0.00404852 0.999987 0.0176029 0.0 0.0 0.0 1.0
chess/seq-01/color/frame-000075.color.png chess/seq-01/color/frame-000077.color.png 0.999976 -0.00647505 -0.00235206 0.0126939 0.00647481 0.999979 -0.000113637 0.00567873 0.00235274 9.84023e-05 0.999997 0.0179374 0.0 0.0 0.0 1.0
chess/seq-01/color/frame-000076.color.png chess/seq-01/color/frame-000078.color.png 0.999986 -0.0052343 -0.000892467 0.0157918 0.00523887 0.999973 0.00513088 -0.000261989 0.000865589 -0.00513549 0.999986 0.0201125 0.0 0.0 0.0 1.0
chess/seq-01/color/frame-000077.color.png chess/seq-01/color/frame-000079.color.png 0.999939 -0.00341382 0.010493 0.00825585 0.00333898 0.999969 0.00714005 -0.0036837 -0.010517 -0.00710458 0.999919 0.0241201 0.0 0.0 0.0 1.0
chess/seq-01/color/frame-000078.color.png chess/seq-01/color/frame-000080.color.png 0.999858 -0.00162455 0.0167543 -0.00252825 0.00147303 0.999958 0.00904889 -0.00935027 -0.0167683 -0.00902294 0.999819 0.0231334 0.0 0.0 0.0 1.0
chess/seq-01/color/frame-000079.color.png chess/seq-01/color/frame-000081.color.png 0.999926 -0.00713006 0.00981184 -0.00877538 0.00706968 0.999956 0.00616986 -0.0137576 -0.00985538 -0.00610009 0.999933 0.0228497 0.0 0.0 0.0 1.0
chess/seq-01/color/frame-000080.color.png chess/seq-01/color/frame-000082.color.png 0.999972 -0.00730999 -0.00184254 0.00312373 0.00730908 0.999973 -0.000522753 0.00126725 0.0018463 0.000509308 0.999998 0.0180382 0.0 0.0 0.0 1.0
chess/seq-01/color/frame-000081.color.png chess/seq-01/color/frame-000083.color.png 0.999969 -0.0010759 -0.00786152 0.0213062 0.00113167 0.999974 0.00708637 -0.00507526 0.00785368 -0.00709503 0.999944 0.0239015 0.0 0.0 0.0 1.0
chess/seq-01/color/frame-000082.color.png chess/seq-01/color/frame-000084.color.png 0.999999 0.00106337 0.00103591 0.00742283 -0.00106897 0.999985 0.00539633 -0.00902716 -0.00103015 -0.00539743 0.999985 0.0280135 0.0 0.0 0.0 1.0
chess/seq-01/color/frame-000083.color.png chess/seq-01/color/frame-000085.color.png 0.999995 -0.00178414 0.00269372 -0.00632808 0.0017966 0.999988 -0.00462876 0.00612349 -0.00268543 0.0046336 0.999986 0.0119169 0.0 0.0 0.0 1.0
chess/seq-01/color/frame-000084.color.png chess/seq-01/color/frame-000086.color.png 0.999891 -0.00831369 -0.0122333 0.0134079 0.00826352 0.999957 -0.00414457 0.00541873 0.0122672 0.00404303 0.999917 0.0218702 0.0 0.0 0.0 1.0
chess/seq-01/color/frame-000085.color.png chess/seq-01/color/frame-000087.color.png 0.999914 -0.00226712 -0.0129446 0.0217537 0.00224263 0.999996 -0.00190098 -0.000593869 0.0129488 0.0018717 0.999914 0.0263647 0.0 0.0 0.0 1.0
chess/seq-01/color/frame-000086.color.png chess/seq-01/color/frame-000088.color.png 0.999966 0.00402057 0.00725495 -0.00382727 -0.00400067 0.999988 -0.00275803 0.000224112 -0.00726595 0.00272897 0.99997 0.0290826 0.0 0.0 0.0 1.0
chess/seq-01/color/frame-000087.color.png chess/seq-01/color/frame-000089.color.png 0.999976 -0.00391933 0.00562439 -0.00819664 0.00395445 0.999973 -0.00624344 0.0118517 -0.00559977 0.00626559 0.999965 0.0249687 0.0 0.0 0.0 1.0
chess/seq-01/color/frame-000088.color.png chess/seq-01/color/frame-000090.color.png 0.999808 -0.00641866 -0.018505 0.0235098 0.00650518 0.999968 0.0046189 0.0113154 0.0184748 -0.00473841 0.999818 0.0254249 0.0 0.0 0.0 1.0
chess/seq-01/color/frame-000089.color.png chess/seq-01/color/frame-000091.color.png 0.999901 0.00221275 -0.013927 0.0285738 -0.00198665 0.999866 0.0162273 -0.0117591 0.0139611 -0.016198 0.999771 0.0326056 0.0 0.0 0.0 1.0
chess/seq-01/color/frame-000090.color.png chess/seq-01/color/frame-000092.color.png 0.999919 0.00408557 0.0120615 -0.00621647 -0.00422125 0.999928 0.0112428 -0.00729216 -0.0120147 -0.0112928 0.999864 0.0305658 0.0 0.0 0.0 1.0
chess/seq-01/color/frame-000091.color.png chess/seq-01/color/frame-000093.color.png 0.999973 -0.000438269 0.00737405 -0.0087821 0.000387435 0.999976 0.00689652 -0.00100936 -0.0073769 -0.00689341 0.999949 0.0251749 0.0 0.0 0.0 1.0
chess/seq-01/color/frame-000092.color.png chess/seq-01/color/frame-000094.color.png 0.999976 -0.00247372 -0.00654233 0.0108984 0.00249308 0.999993 0.00294591 0.00546164 0.00653499 -0.00296216 0.999974 0.0146198 0.0 0.0 0.0 1.0
chess/seq-01/color/frame-000093.color.png chess/seq-01/color/frame-000095.color.png 0.999991 -0.0034981 -0.00251705 0.00886627 0.00352412 0.99994 0.0104049 -0.00841282 0.00248049 -0.0104137 0.999943 0.0256822 0.0 0.0 0.0 1.0
chess/seq-01/color/frame-000094.color.png chess/seq-01/color/frame-000096.color.png 0.999988 -0.00486338 -0.000187466 0.00502582 0.00486491 0.999943 0.00946839 -0.0118854 0.000141406 -0.00946918 0.999955 0.0248044 0.0 0.0 0.0 1.0
chess/seq-01/color/frame-000095.color.png chess/seq-01/color/frame-000097.color.png 0.999999 4.56966e-05 -0.00146005 0.00439489 -3.51226e-05 0.999974 0.00725304 -0.00236606 0.00146036 -0.00725296 0.999973 0.0254073 0.0 0.0 0.0 1.0
chess/seq-01/color/frame-000096.color.png chess/seq-01/color/frame-000098.color.png 1.0 0.000717147 0.000187975 0.00477956 -0.000718674 0.999965 0.0083219 -0.00516302 -0.000182005 -0.00832202 0.999965 0.0212067 0.0 0.0 0.0 1.0
chess/seq-01/color/frame-000097.color.png chess/seq-01/color/frame-000099.color.png 0.999992 0.000466999 -0.00391263 0.00708063 -0.000425096 0.999943 0.0106924 -0.0100708 0.00391739 -0.0106907 0.999935 0.0128471 0.0 0.0 0.0 1.0
chess/seq-01/color/frame-000098.color.png chess/seq-01/color/frame-000100.color.png 0.999984 0.00359713 -0.00432054 0.00452225 -0.00354311 0.999916 0.0124519 -0.0113142 0.00436497 -0.0124364 0.999913 0.0210297 0.0 0.0 0.0 1.0
chess/seq-01/color/frame-000099.color.png chess/seq-01/color/frame-000101.color.png 0.999986 0.00512487 -0.00163621 -0.00086467 -0.00510737 0.999931 0.0105388 -0.00846267 0.0016901 -0.0105303 0.999943 0.0195466 0.0 0.0 0.0 1.0
chess/seq-01/color/frame-000100.color.png chess/seq-01/color/frame-000102.color.png 0.999983 0.00473703 -0.00324566 -0.00332116 -0.00469839 0.999919 0.0118032 -0.0111211 0.00330133 -0.0117879 0.999925 0.0218931 0.0 0.0 0.0 1.0
chess/seq-01/color/frame-000101.color.png chess/seq-01/color/frame-000103.color.png 0.999966 0.00346458 -0.00751464 0.000433013 -0.00334598 0.999871 0.015735 -0.0168297 0.00756819 -0.0157093 0.999848 0.0219173 0.0 0.0 0.0 1.0
chess/seq-01/color/frame-000102.color.png chess/seq-01/color/frame-000104.color.png 0.999964 0.000344603 -0.00847609 0.00575268 -0.00021566 0.999884 0.0152091 -0.0146416 0.00848033 -0.0152066 0.999848 0.0271865 0.0 0.0 0.0 1.0
chess/seq-01/color/frame-000103.color.png chess/seq-01/color/frame-000105.color.png 0.999992 -0.00197634 -0.00345736 0.00458649 0.00199696 0.99998 0.00598135 -0.00398465 0.00344547 -0.00598821 0.999976 0.0174232 0.0 0.0 0.0 1.0
chess/seq-01/color/frame-000104.color.png chess/seq-01/color/frame-000106.color.png 0.999989 -0.00431085 -0.00173737 -0.00600815 0.00432886 0.999936 0.0104852 -0.0108324 0.00169205 -0.0104926 0.999944 0.026423 0.0 0.0 0.0 1.0
chess/seq-01/color/frame-000105.color.png chess/seq-01/color/frame-000107.color.png 0.999971 -0.00545828 -0.00536835 0.000602394 0.00551017 0.999938 0.00970281 -0.0187074 0.00531505 -0.00973211 0.999938 0.0311627 0.0 0.0 0.0 1.0
chess/seq-01/color/frame-000106.color.png chess/seq-01/color/frame-000108.color.png 0.999992 -0.00200953 -0.00352789 -0.00102514 0.00200566 0.999997 -0.00109783 0.00414158 0.00353009 0.00109084 0.999993 0.0203281 0.0 0.0 0.0 1.0
chess/seq-01/color/frame-000107.color.png chess/seq-01/color/frame-000109.color.png 0.999979 -0.00550719 -0.00335489 -0.000837326 0.00552721 0.999967 0.00598408 -0.00799533 0.00332182 -0.00600246 0.999977 0.0223728 0.0 0.0 0.0 1.0
chess/seq-01/color/frame-000108.color.png chess/seq-01/color/frame-000110.color.png 0.999947 -0.00953849 -0.00376817 -0.0032644 0.0095538 0.999946 0.00406486 -0.00343663 0.00372919 -0.00410063 0.999985 0.021785 0.0 0.0 0.0 1.0
chess/seq-01/color/frame-000109.color.png chess/seq-01/color/frame-000111.color.png 0.99995 -0.00881681 -0.00466558 -0.00217561 0.00883108 0.999956 0.00304345 0.00687331 0.00463853 -0.00308449 0.999985 0.0222148 0.0 0.0 0.0 1.0
chess/seq-01/color/frame-000110.color.png chess/seq-01/color/frame-000112.color.png 0.999986 -0.00499528 -0.00156796 0.00431837 0.00500858 0.999951 0.00857397 -0.010917 0.00152504 -0.00858166 0.999962 0.0164301 0.0 0.0 0.0 1.0
chess/seq-01/color/frame-000111.color.png chess/seq-01/color/frame-000113.color.png 0.999951 -0.00780284 0.00606918 -0.0147945 0.00772774 0.999894 0.0122969 -0.0160162 -0.00616448 -0.0122494 0.999906 0.0222999 0.0 0.0 0.0 1.0
chess/seq-01/color/frame-000112.color.png chess/seq-01/color/frame-000114.color.png 0.999981 -0.00607955 -0.000382301 -0.00925703 0.00608375 0.999906 0.0122497 -0.0161115 0.000307798 -0.0122519 0.999925 0.0234326 0.0 0.0 0.0 1.0
chess/seq-01/color/frame-000113.color.png chess/seq-01/color/frame-000115.color.png 0.999999 0.00017298 0.000912058 -0.00805965 -0.000180188 0.999969 0.0078715 -0.00667893 -0.000910664 -0.00787165 0.999969 0.0209437 0.0 0.0 0.0 1.0
chess/seq-01/color/frame-000114.color.png chess/seq-01/color/frame-000116.color.png 0.999994 -0.000822442 0.00351159 -0.0123664 0.000781174 0.999931 0.0117456 -0.0143216 -0.00352099 -0.0117428 0.999925 0.0258032 0.0 0.0 0.0 1.0
chess/seq-01/color/frame-000115.color.png chess/seq-01/color/frame-000117.color.png 1.0 -0.000445761 0.000375201 -0.00919028 0.00044208 0.999952 0.00974681 -0.0111804 -0.000379516 -0.00974672 0.999952 0.02114 0.0 0.0 0.0 1.0
chess/seq-01/color/frame-000116.color.png chess/seq-01/color/frame-000118.color.png 0.999998 0.00166263 0.00128559 -0.0127655 -0.00167352 0.999963 0.00847421 -0.00647839 -0.00127146 -0.00847635 0.999963 0.0226986 0.0 0.0 0.0 1.0
chess/seq-01/color/frame-000117.color.png chess/seq-01/color/frame-000119.color.png 0.999999 0.00032536 0.00122958 -0.00933464 -0.000337671 0.999949 0.0100431 -0.00987058 -0.00122626 -0.0100435 0.999949 0.0246426 0.0 0.0 0.0 1.0
chess/seq-01/color/frame-000118.color.png chess/seq-01/color/frame-000120.color.png 0.99999 -0.0026289 0.003714 -0.0109441 0.00258886 0.999939 0.0107475 -0.0162304 -0.00374204 -0.0107377 0.999935 0.0260705 0.0 0.0 0.0 1.0
chess/seq-01/color/frame-000119.color.png chess/seq-01/color/frame-000121.color.png 0.999996 -0.00227456 0.00173108 -0.00999275 0.00226697 0.999988 0.00435414 -0.00800265 -0.00174096 -0.00435022 0.999989 0.0138155 0.0 0.0 0.0 1.0
chess/seq-01/color/frame-000120.color.png chess/seq-01/color/frame-000122.color.png 0.999987 0.00481304 -0.00135095 -0.00514863 -0.00480445 0.999969 0.00628571 -0.00756549 0.00138118 -0.00627919 0.999979 0.0223676 0.0 0.0 0.0 1.0
chess/seq-01/color/frame-000121.color.png chess/seq-01/color/frame-000123.color.png 0.999975 0.00412212 0.00578001 -0.01816 -0.00415792 0.999972 0.00620451 -0.00781458 -0.0057543 -0.00622833 0.999964 0.0262141 0.0 0.0 0.0 1.0
chess/seq-01/color/frame-000122.color.png chess/seq-01/color/frame-000124.color.png 0.999979 -0.00305948 0.00574777 -0.0202359 0.00304298 0.999991 0.00288108 -0.00515068 -0.00575653 -0.0028635 0.999979 0.011783 0.0 0.0 0.0 1.0
chess/seq-01/color/frame-000123.color.png chess/seq-01/color/frame-000125.color.png 0.999967 -0.00446722 -0.00673051 0.0021937 0.0045193 0.99996 0.00774986 -0.0119048 0.00669564 -0.00778008 0.999947 0.0248663 0.0 0.0 0.0 1.0
chess/seq-01/color/frame-000124.color.png chess/seq-01/color/frame-000126.color.png 0.999994 -0.000804415 -0.00328718 -0.000352204 0.00081584 0.999994 0.00347592 -0.005681 0.00328436 -0.00347851 0.999989 0.0264211 0.0 0.0 0.0 1.0
chess/seq-01/color/frame-000125.color.png chess/seq-01/color/frame-000127.color.png 0.999982 0.00165175 0.00578783 -0.0138342 -0.00165118 0.999999 -0.000102577 -0.000572799 -0.00578801 9.29479e-05 0.999983 0.0200194 0.0 0.0 0.0 1.0
chess/seq-01/color/frame-000126.color.png chess/seq-01/color/frame-000128.color.png 0.999966 -0.00558376 0.00604071 -0.011387 0.00557977 0.999984 0.000674305 -0.0033173 -0.00604436 -0.00064071 0.999981 0.0218076 0.0 0.0 0.0 1.0
chess/seq-01/color/frame-000127.color.png chess/seq-01/color/frame-000129.color.png 0.999934 -0.0101478 0.00534291 -0.0106649 0.0101614 0.999945 -0.0025185 2.30949e-05 -0.00531707 0.00257271 0.999983 0.0125647 0.0 0.0 0.0 1.0
chess/seq-01/color/frame-000128.color.png chess/seq-01/color/frame-000130.color.png 0.99993 -0.0116726 -0.00194183 -0.00341836 0.0116665 0.999927 -0.00312232 -9.593e-05 0.00197811 0.00309956 0.999993 0.020466 0.0 0.0 0.0 1.0
chess/seq-01/color/frame-000129.color.png chess/seq-01/color/frame-000131.color.png 0.999916 -0.012117 -0.00464577 0.00416835 0.0120893 0.999909 -0.00594237 0.00682352 0.00471735 0.00588567 0.999972 0.0198331 0.0 0.0 0.0 1.0
chess/seq-01/color/frame-000130.color.png chess/seq-01/color/frame-000132.color.png 0.999992 -0.00378201 -0.000990957 0.00134092 0.00377595 0.999975 -0.00603943 0.0200514 0.00101378 0.00603558 0.999981 0.00389636 0.0 0.0 0.0 1.0
chess/seq-01/color/frame-000131.color.png chess/seq-01/color/frame-000133.color.png 0.999984 0.005679 0.000363394 0.0037751 -0.00568503 0.999794 0.0194821 -0.019151 -0.000252685 -0.0194838 0.99981 0.0223445 0.0 0.0 0.0 1.0
chess/seq-01/color/frame-000132.color.png chess/seq-01/color/frame-000134.color.png 0.999949 0.00723529 0.00699632 -0.0092419 -0.00738824 0.999729 0.0220839 -0.0287808 -0.00683464 -0.0221345 0.999732 0.0238695 0.0 0.0 0.0 1.0
chess/seq-01/color/frame-000133.color.png chess/seq-01/color/frame-000135.color.png 0.99999 0.00304501 0.00314496 -0.0118474 -0.00307273 0.999956 0.0088426 -0.00628087 -0.00311789 -0.00885214 0.999956 0.0111938 0.0 0.0 0.0 1.0
chess/seq-01/color/frame-000134.color.png chess/seq-01/color/frame-000136.color.png 0.999949 0.00566225 -0.00841331 0.0127333 -0.00551115 0.999825 0.0178692 -0.017218 0.00851302 -0.0178219 0.999805 0.0202103 0.0 0.0 0.0 1.0
chess/seq-01/color/frame-000135.color.png chess/seq-01/color/frame-000137.color.png 0.99996 0.00709721 -0.00550779 0.0160148 -0.00700639 0.999842 0.0163278 -0.0126244 0.00562279 -0.0162885 0.999852 0.0205275 0.0 0.0 0.0 1.0
chess/seq-01/color/frame-000136.color.png chess/seq-01/color/frame-000138.color.png 0.999954 0.00940491 0.00170758 -0.00116576 -0.00942351 0.999893 0.0112198 -0.00630696 -0.00160187 -0.0112355 0.999936 0.0149894 0.0 0.0 0.0 1.0
chess/seq-01/color/frame-000137.color.png chess/seq-01/color/frame-000139.color.png 0.99984 0.017645 -0.00286683 0.00744557 -0.0175816 0.999629 0.0208081 -0.0147535 0.00323293 -0.0207543 0.999779 0.0233165 0.0 0.0 0.0 1.0
chess/seq-01/color/frame-000138.color.png chess/seq-01/color/frame-000140.color.png 0.999825 0.0182281 -0.00431795 0.0140722 -0.0181146 0.999523 0.025013 -0.0263535 0.00477181 -0.0249304 0.999678 0.0235397 0.0 0.0 0.0 1.0
chess/seq-01/color/frame-000139.color.png chess/seq-01/color/frame-000141.color.png 0.999945 0.0102613 0.00208527 0.00164431 -0.0102856 0.999875 0.0120044 -0.0111866 -0.00196183 -0.0120252 0.999926 0.0154141 0.0 0.0 0.0 1.0
chess/seq-01/color/frame-000140.color.png chess/seq-01/color/frame-000142.color.png 0.999943 0.0106565 0.00096006 -0.0019594 -0.0106638 0.999912 0.00787586 0.00316688 -0.000876029 -0.00788574 0.999968 0.0126673 0.0 0.0 0.0 1.0
chess/seq-01/color/frame-000141.color.png chess/seq-01/color/frame-000143.color.png 0.999684 0.0215912 -0.0128805 0.0223011 -0.0212568 0.999447 0.0255565 -0.0174671 0.0134252 -0.0252746 0.99959 0.0211717 0.0 0.0 0.0 1.0
chess/seq-01/color/frame-000142.color.png chess/seq-01/color/frame-000144.color.png 0.999682 0.0213648 -0.0133704 0.0266796 -0.0210047 0.999428 0.0265124 -0.0210319 0.0139291 -0.0262232 0.999559 0.0222354 0.0 0.0 0.0 1.0
chess/seq-01/color/frame-000143.color.png chess/seq-01/color/frame-000145.color.png 0.999947 0.0101667 -0.00161818 0.0085122 -0.0101437 0.999856 0.013637 -0.00600973 0.00175658 -0.0136199 0.999906 0.0142391 0.0 0.0 0.0 1.0
chess/seq-01/color/frame-000144.color.png chess/seq-01/color/frame-000146.color.png 0.999916 0.0127901 -0.00183683 0.00595465 -0.0127501 0.999711 0.0203824 -0.0212079 0.00209699 -0.0203573 0.99979 0.0177965 0.0 0.0 0.0 1.0
chess/seq-01/color/frame-000145.color.png chess/seq-01/color/frame-000147.color.png 0.999929 0.0102493 -0.0061118 0.0144565 -0.0101345 0.999777 0.0185334 -0.0268636 0.0063004 -0.0184702 0.999809 0.0180712 0.0 0.0 0.0 1.0
chess/seq-01/color/frame-000146.color.png chess/seq-01/color/frame-000148.color.png 0.99999 0.00299042 -0.00343376 0.0119859 -0.00297536 0.999986 0.00438453 0.00148707 0.00344682 -0.00437416 0.999985 0.0122707 0.0 0.0 0.0 1.0
chess/seq-01/color/frame-000147.color.png chess/seq-01/color/frame-000149.color.png 0.999939 0.00247464 -0.0107209 0.0228954 -0.00234615 0.999925 0.0119821 -0.00422056 0.0107498 -0.0119562 0.999871 0.0164127 0.0 0.0 0.0 1.0
chess/seq-01/color/frame-000148.color.png chess/seq-01/color/frame-000150.color.png 0.999886 0.0019976 -0.0149508 0.0334734 -0.00172977 0.999838 0.0179045 -0.0176877 0.0149841 -0.0178766 0.999728 0.0203143 0.0 0.0 0.0 1.0
chess/seq-01/color/frame-000149.color.png chess/seq-01/color/frame-000151.color.png 0.999995 -0.00139918 -0.00285351 0.0161826 0.00142296 0.999964 0.00834436 -0.00746718 0.00284174 -0.00834844 0.999961 0.0152993 0.0 0.0 0.0 1.0
chess/seq-01/color/frame-000150.color.png chess/seq-01/color/frame-000152.color.png 0.999987 0.00492113 0.00136791 0.00291888 -0.00492296 0.999987 0.00132584 0.00695501 -0.00136137 -0.00133255 0.999998 0.00947487 0.0 0.0 0.0 1.0
chess/seq-01/color/frame-000151.color.png chess/seq-01/color/frame-000153.color.png 0.999971 0.00655528 -0.00389203 0.011526 -0.00653037 0.999958 0.00637977 -0.00147409 0.00393368 -0.00635416 0.999972 0.0081979 0.0 0.0 0.0 1.0
chess/seq-01/color/frame-000152.color.png chess/seq-01/color/frame-000154.color.png 0.999991 -0.000862701 -0.00412932 0.0199324 0.000908804 0.999937 0.0111673 -0.0127934 0.00411944 -0.011171 0.999929 0.0105668 0.0 0.0 0.0 1.0
chess/seq-01/color/frame-000153.color.png chess/seq-01/color/frame-000155.color.png 0.999993 0.00235346 0.00276782 0.0058419 -0.00237258 0.999973 0.00692041 -0.0022887 -0.00275144 -0.00692692 0.999972 0.00957596 0.0 0.0 0.0 1.0
chess/seq-01/color/frame-000154.color.png chess/seq-01/color/frame-000156.color.png 0.99998 0.00522958 0.00354088 -0.000436828 -0.00526404 0.999938 0.00977784 -0.0100317 -0.00348955 -0.00979618 0.999946 0.0112658 0.0 0.0 0.0 1.0
chess/seq-01/color/frame-000155.color.png chess/seq-01/color/frame-000157.color.png 0.999995 0.00288563 0.00115596 0.00317423 -0.00289548 0.999959 0.00862232 -0.0140782 -0.00113105 -0.00862554 0.999962 0.00766611 0.0 0.0 0.0 1.0
chess/seq-01/color/frame-000156.color.png chess/seq-01/color/frame-000158.color.png 0.999996 0.00132392 -0.00231516 0.0109837 -0.00131903 0.999997 0.00209967 -0.000669092 0.00231795 -0.00209664 0.999995 0.00829291 0.0 0.0 0.0 1.0
chess/seq-01/color/frame-000157.color.png chess/seq-01/color/frame-000159.color.png 0.999973 0.0072719 -0.00081277 0.00753646 -0.00727213 0.999973 -0.000249324 0.00480868 0.000810938 0.000255175 1.0 0.00308239 0.0 0.0 0.0 1.0
chess/seq-01/color/frame-000158.color.png chess/seq-01/color/frame-000160.color.png 0.999943 0.0104789 0.00215012 0.000851572 -0.0104873 0.999937 0.00392527 -0.00295393 -0.00210884 -0.00394765 0.99999 0.00770962 0.0 0.0 0.0 1.0
chess/seq-01/color/frame-000159.color.png chess/seq-01/color/frame-000161.color.png 0.999935 0.0106994 0.00382993 -0.00679652 -0.0107109 0.999938 0.00299324 -0.00644985 -0.00379768 -0.00303395 0.999988 0.0102702 0.0 0.0 0.0 1.0
chess/seq-01/color/frame-000160.color.png chess/seq-01/color/frame-000162.color.png 0.999955 0.00943563 -0.000404666 -0.00302346 -0.00943744 0.999944 -0.00469654 0.00872649 0.00036033 0.00470011 0.999989 0.00131714 0.0 0.0 0.0 1.0
chess/seq-01/color/frame-000161.color.png chess/seq-01/color/frame-000163.color.png 0.999983 0.0012216 -0.00565605 0.00985333 -0.00121725 0.999999 0.000769586 0.00135712 0.005657 -0.000762772 0.999984 0.00566351 0.0 0.0 0.0 1.0
chess/seq-01/color/frame-000162.color.png chess/seq-01/color/frame-000164.color.png 0.999971 -0.000643437 -0.00755176 0.0148882 0.000685406 0.999984 0.00555282 -0.0115062 0.00754807 -0.0055578 0.999956 0.00960076 0.0 0.0 0.0 1.0
chess/seq-01/color/frame-000163.color.png chess/seq-01/color/frame-000165.color.png 0.999947 0.0041036 -0.009416 0.0198135 -0.00410749 0.999991 -0.000393785 -0.000109822 0.0094143 0.000432387 0.999956 0.00439548 0.0 0.0 0.0 1.0
chess/seq-01/color/frame-000164.color.png chess/seq-01/color/frame-000166.color.png 0.999971 0.0063112 -0.00416251 0.0116276 -0.00632143 0.999977 -0.00244843 0.0078842 0.00414695 0.00247475 0.999988 0.00404775 0.0 0.0 0.0 1.0
chess/seq-01/color/frame-000165.color.png chess/seq-01/color/frame-000167.color.png 0.999946 0.0103451 3.94078e-06 0.000973627 -0.0103451 0.999945 0.00157205 0.00417049 1.23198e-05 -0.00157203 0.999999 0.00708544 0.0 0.0 0.0 1.0
chess/seq-01/color/frame-000166.color.png chess/seq-01/color/frame-000168.color.png 0.999933 0.0115427 -0.000934553 -0.00188656 -0.0115356 0.999907 0.0072497 -0.00789689 0.00101816 -0.00723862 0.999973 0.0113323 0.0 0.0 0.0 1.0
chess/seq-01/color/frame-000167.color.png chess/seq-01/color/frame-000169.color.png 0.999931 0.00961601 -0.00674893 0.0108189 -0.00957083 0.999932 0.00669107 -0.00891128 0.00681281 -0.00662595 0.999955 0.00913906 0.0 0.0 0.0 1.0
chess/seq-01/color/frame-000168.color.png chess/seq-01/color/frame-000170.color.png 0.999933 0.00768363 -0.0086023 0.0194188 -0.00763427 0.999954 0.00575563 -0.00618726 0.00864613 -0.00568942 0.999946 0.0105464 0.0 0.0 0.0 1.0
chess/seq-01/color/frame-000169.color.png chess/seq-01/color/frame-000171.color.png 0.999991 0.00407607 -0.000781061 0.00877036 -0.0040733 0.999986 0.00352524 -0.00435762 0.000795424 -0.00352202 0.999993 0.0126947 0.0 0.0 0.0 1.0
chess/seq-01/color/frame-000170.color.png chess/seq-01/color/frame-000172.color.png 0.999977 0.00618157 0.00274628 0.000273585 -0.0061872 0.999979 0.00204665 -0.000403285 -0.00273358 -0.00206357 0.999994 0.0117674 0.0 0.0 0.0 1.0
chess/seq-01/color/frame-000171.color.png chess/seq-01/color/frame-000173.color.png 0.999994 0.00359849 -0.000252712 0.00373137 -0.00359759 0.999988 0.00346431 -0.00458311 0.00026517 -0.00346328 0.999994 0.0135142 0.0 0.0 0.0 1.0
chess/seq-01/color/frame-000172.color.png chess/seq-01/color/frame-000174.color.png 0.99999 0.000648908 -0.00437376 0.013488 -0.000649016 1.0 -2.79359e-05 0.00253243 0.00437374 3.08222e-05 0.99999 0.00978005 0.0 0.0 0.0 1.0
chess/seq-01/color/frame-000173.color.png chess/seq-01/color/frame-000175.color.png 0.999971 0.0059265 -0.0047227 0.0166953 -0.00591558 0.99998 0.00232484 -0.000864424 0.00473639 -0.00229688 0.999986 0.010229 0.0 0.0 0.0 1.0
chess/seq-01/color/frame-000174.color.png chess/seq-01/color/frame-000176.color.png 0.999963 0.00828641 -0.00230732 0.0146266 -0.0082768 0.999957 0.00414862 -0.00577244 0.0023416 -0.00412943 0.999989 0.0154712 0.0 0.0 0.0 1.0
