chess/seq-01/color/frame-000001.color.png chess/seq-01/color/frame-000003.color.png 0.999995 -0.00316391 -0.000734376 -0.0016731 0.00316343 0.999995 -0.000661433 -0.000780398 0.000736465 0.000659106 0.999999 0.00202364 0.0 0.0 0.0 1.0
chess/seq-01/color/frame-000003.color.png chess/seq-01/color/frame-000005.color.png 1.0 0.000715425 5.67368e-05 0.0029246 -0.000715444 1.0 0.000337188 -0.00283461 -5.64957e-05 -0.000337229 1.0 0.00170122 0.0 0.0 0.0 1.0
chess/seq-01/color/frame-000005.color.png chess/seq-01/color/frame-000007.color.png 0.999998 0.00127713 -0.00149583 -0.00140594 -0.00127573 0.999999 0.000936696 0.0014139 0.00149703 -0.000934786 0.999998 -0.00223314 0.0 0.0 0.0 1.0
chess/seq-01/color/frame-000007.color.png chess/seq-01/color/frame-000009.color.png 0.999996 0.00261926 0.00141857 -0.00221488 -0.00261881 0.999996 -0.000314574 0.0030557 -0.00141939 0.000310857 0.999999 -0.000720312 0.0 0.0 0.0 1.0
chess/seq-01/color/frame-000009.color.png chess/seq-01/color/frame-000011.color.png 0.999995 0.00289811 -0.00117607 -0.0023993 -0.00289583 0.999994 0.00193398 -0.00321205 0.00118167 -0.00193056 0.999997 0.00287974 0.0 0.0 0.0 1.0
chess/seq-01/color/frame-000011.color.png chess/seq-01/color/frame-000013.color.png 1.0 0.000459714 0.000237254 -0.0010131 -0.000460278 0.999997 0.00238577 -0.00184291 -0.000236157 -0.00238588 0.999997 0.00276078 0.0 0.0 0.0 1.0
chess/seq-01/color/frame-000013.color.png chess/seq-01/color/frame-000015.color.png 0.999999 0.00102688 -0.00092929 0.000447728 -0.00102568 0.999999 0.00128834 3.73526e-05 0.000930611 -0.00128739 0.999999 0.00343361 0.0 0.0 0.0 1.0
chess/seq-01/color/frame-000015.color.png chess/seq-01/color/frame-000017.color.png 0.999964 -0.00494481 -0.00683113 -0.0020879 0.00492892 0.999985 -0.00234201 0.00376581 0.00684261 0.00230825 0.999974 0.00544152 0.0 0.0 0.0 1.0
chess/seq-01/color/frame-000017.color.png chess/seq-01/color/frame-000019.color.png 0.999987 -0.0017599 -0.00474714 0.00634108 0.00181126 0.99994 0.0108376 -0.00272851 0.00472778 -0.010846 0.99993 0.0110048 0.0 0.0 0.0 1.0
chess/seq-01/color/frame-000019.color.png chess/seq-01/color/frame-000021.color.png 0.999967 -0.00810933 -0.000282537 -0.00245576 0.00811126 0.999938 0.00766907 -0.00370429 0.000220327 -0.00767111 0.999971 0.0108415 0.0 0.0 0.0 1.0
chess/seq-01/color/frame-000021.color.png chess/seq-01/color/frame-000023.color.png 0.999978 -0.00382198 -0.00535751 8.5989e-05 0.00387477 0.999944 0.00987912 -0.00304311 0.00531945 -0.00989967 0.999937 0.0203999 0.0 0.0 0.0 1.0
chess/seq-01/color/frame-000023.color.png chess/seq-01/color/frame-000025.color.png 0.999995 -0.00312937 -0.000274468 -0.000952507 0.00313057 0.999985 0.00448342 -0.000179525 0.000260424 -0.00448424 0.99999 0.00851269 0.0 0.0 0.0 1.0
chess/seq-01/color/frame-000025.color.png chess/seq-01/color/frame-000027.color.png 0.999995 -0.00244005 -0.0020681 -0.000589241 0.00245509 0.99997 0.00730315 -0.0046465 0.00205022 -0.0073082 0.999971 0.013054 0.0 0.0 0.0 1.0
chess/seq-01/color/frame-000027.color.png chess/seq-01/color/frame-000029.color.png 0.999996 -0.00297115 -0.000310238 -0.00119419 0.00297323 0.999972 0.00694076 0.000150687 0.000289605 -0.00694165 0.999976 0.0163602 0.0 0.0 0.0 1.0
chess/seq-01/color/frame-000029.color.png chess/seq-01/color/frame-000031.color.png 0.999925 -0.0110022 0.00544171 -0.00141717 0.0109568 0.999906 0.00829939 0.00138676 -0.00553251 -0.00823914 0.999951 0.0181603 0.0 0.0 0.0 1.0
chess/seq-01/color/frame-000031.color.png chess/seq-01/color/frame-000033.color.png 0.999975 -0.0064536 -0.00296748 0.00972186 0.00648712 0.999914 0.011429 -0.00798471 0.00289347 -0.0114479 0.99993 0.0170255 0.0 0.0 0.0 1.0
chess/seq-01/color/frame-000033.color.png chess/seq-01/color/frame-000035.color.png 0.999927 -0.0120564 0.000517467 0.00287725 0.012054 0.999918 0.00442883 0.00387529 -0.000570819 -0.00442227 0.99999 0.0134918 0.0 0.0 0.0 1.0
chess/seq-01/color/frame-000035.color.png chess/seq-01/color/frame-000037.color.png 0.999998 0.00162739 0.00148605 0.00474475 -0.00163577 0.999983 0.00566164 0.000225224 -0.00147681 -0.00566407 0.999983 0.0146799 0.0 0.0 0.0 1.0
chess/seq-01/color/frame-000037.color.png chess/seq-01/color/frame-000039.color.png 0.999948 -0.00372881 0.00945792 -0.0132615 0.00365425 0.999962 0.00788681 -0.00387035 -0.00948697 -0.00785185 0.999924 0.0196605 0.0 0.0 0.0 1.0
chess/seq-01/color/frame-000039.color.png chess/seq-01/color/frame-000041.color.png 0.999998 0.000893944 -0.00160982 -0.00370682 -0.000888209 0.999993 0.00354634 0.00269226 0.00161298 -0.00354489 0.999992 0.0198051 0.0 0.0 0.0 1.0
chess/seq-01/color/frame-000041.color.png chess/seq-01/color/frame-000043.color.png 1.0 -0.000790027 0.000641743 -0.00887159 0.000785544 0.999976 0.0069501 -0.0150447 -0.000647219 -0.00694959 0.999976 0.0216474 0.0 0.0 0.0 1.0
chess/seq-01/color/frame-000043.color.png chess/seq-01/color/frame-000045.color.png 0.999933 -0.00455014 -0.0106454 0.00672156 0.00455345 0.99999 0.000286751 0.00226886 0.0106439 -0.000335218 0.999943 0.0177557 0.0 0.0 0.0 1.0
chess/seq-01/color/frame-000045.color.png chess/seq-01/color/frame-000047.color.png 0.999989 -0.00366551 -0.00295149 -0.000593412 0.00367871 0.999983 0.00447783 5.66971e-05 0.00293503 -0.00448864 0.999986 0.0211415 0.0 0.0 0.0 1.0
chess/seq-01/color/frame-000047.color.png chess/seq-01/color/frame-000049.color.png 0.999958 -0.00613741 -0.0068497 0.00680628 0.00617456 0.999966 0.00541634 0.00086634 0.00681623 -0.00545837 0.999962 0.0242823 0.0 0.0 0.0 1.0
chess/seq-01/color/frame-000049.color.png chess/seq-01/color/frame-000051.color.png 0.99987 -0.0156644 -0.00373289 0.00130058 0.0156795 0.999869 0.00406765 -0.00910073 0.00366868 -0.00412565 0.999985 0.0254526 0.0 0.0 0.0 1.0
chess/seq-01/color/frame-000051.color.png chess/seq-01/color/frame-000053.color.png 0.999842 -0.00988322 -0.0147599 0.0162933 0.00992016 0.999948 0.00243248 0.00894842 0.0147351 -0.00257853 0.999888 0.0206617 0.0 0.0 0.0 1.0
chess/seq-01/color/frame-000053.color.png chess/seq-01/color/frame-000055.color.png 0.999975 -0.00663581 0.00225962 0.00613144 0.00661534 0.999938 0.00894776 0.00134315 -0.00231886 -0.0089326 0.999957 0.0220165 0.0 0.0 0.0 1.0
chess/seq-01/color/frame-000055.color.png chess/seq-01/color/frame-000057.color.png 0.999953 -0.00643653 -0.00723452 0.0101596 0.00650734 0.999931 0.00980685 -0.00247616 0.0071709 -0.00985348 0.999926 0.0202643 0.0 0.0 0.0 1.0
chess/seq-01/color/frame-000057.color.png chess/seq-01/color/frame-000059.color.png 0.999951 -0.00941569 -0.00294004 0.0137697 0.00946654 0.999797 0.0177905 -0.00792074 0.00277191 -0.0178174 0.999838 0.0318429 0.0 0.0 0.0 1.0
chess/seq-01/color/frame-000059.color.png chess/seq-01/color/frame-000061.color.png 0.999995 -8.17801e-05 0.003037 0.00907205 5.14173e-05 0.99995 0.0100055 -0.0125211 -0.00303767 -0.0100053 0.999945 0.0220163 0.0 0.0 0.0 1.0
chess/seq-01/color/frame-000061.color.png chess/seq-01/color/frame-000063.color.png 0.999999 0.000567016 0.00133452 0.00596759 -0.000575735 0.999979 0.00649618 0.000577059 -0.00133082 -0.00649693 0.999978 0.0149389 0.0 0.0 0.0 1.0
chess/seq-01/color/frame-000063.color.png chess/seq-01/color/frame-000065.color.png 0.999957 0.00679477 0.00629194 0.0112892 -0.00683357 0.999958 0.0061705 -0.00567201 -0.00624974 -0.00621323 0.999961 0.0102305 0.0 0.0 0.0 1.0
chess/seq-01/color/frame-000065.color.png chess/seq-01/color/frame-000067.color.png 0.999649 -0.0114163 0.0239148 -0.0168337 0.0113188 0.999927 0.00420754 -0.00328516 -0.0239611 -0.00393541 0.999705 0.0225192 0.0 0.0 0.0 1.0
chess/seq-01/color/frame-000067.color.png chess/seq-01/color/frame-000069.color.png 0.999943 -0.00571763 -0.00901786 0.0278625 0.00577887 0.99996 0.00678179 0.000812268 0.00897874 -0.00683353 0.999936 0.0215965 0.0 0.0 0.0 1.0
chess/seq-01/color/frame-000069.color.png chess/seq-01/color/frame-000071.color.png 0.999999 -0.00112735 0.000520513 0.0156816 0.00112431 0.999982 0.00584577 -0.00445231 -0.000527102 -0.00584514 0.999983 0.0175648 0.0 0.0 0.0 1.0
chess/seq-01/color/frame-000071.color.png chess/seq-01/color/frame-000073.color.png 0.999945 -0.00342606 0.00994816 -0.0038033 0.00338699 0.999987 0.00394451 -0.00434165 -0.00996154 -0.0039106 0.999943 0.0232615 0.0 0.0 0.0 1.0
chess/seq-01/color/frame-000073.color.png chess/seq-01/color/frame-000075.color.png 0.999934 -0.00859035 -0.00761726 0.0153881 0.00862459 0.999953 0.00447864 -0.00378738 0.00757842 -0.00454403 0.999961 0.0230198 0.0 0.0 0.0 1.0
chess/seq-01/color/frame-000075.color.png chess/seq-01/color/frame-000077.color.png 0.999976 -0.00647505 -0.00235206 0.0126939 0.00647481 0.999979 -0.000113637 0.00567873 0.00235274 9.84023e-05 0.999997 0.0179374 0.0 0.0 0.0 1.0
chess/seq-01/color/frame-000077.color.png chess/seq-01/color/frame-000079.color.png 0.999939 -0.00341382 0.010493 0.00825585 0.00333898 0.999969 0.00714005 -0.0036837 -0.010517 -0.00710458 0.999919 0.0241201 0.0 0.0 0.0 1.0
chess/seq-01/color/frame-000079.color.png chess/seq-01/color/frame-000081.color.png 0.999926 -0.00713006 0.00981184 -0.00877538 0.00706968 0.999956 0.00616986 -0.0137576 -0.00985538 -0.00610009 0.999933 0.0228497 0.0 0.0 0.0 1.0
chess/seq-01/color/frame-000081.color.png chess/seq-01/color/frame-000083.color.png 0.999969 -0.0010759 -0.00786152 0.0213062 0.00113167 0.999974 0.00708637 -0.00507526 0.00785368 -0.00709503 0.999944 0.0239015 0.0 0.0 0.0 1.0
chess/seq-01/color/frame-000083.color.png chess/seq-01/color/frame-000085.color.png 0.999995 -0.00178414 0.00269372 -0.00632808 0.0017966 0.999988 -0.00462876 0.00612349 -0.00268543 0.0046336 0.999986 0.0119169 0.0 0.0 0.0 1.0
chess/seq-01/color/frame-000085.color.png chess/seq-01/color/frame-000087.color.png 0.999914 -0.00226712 -0.0129446 0.0217537 0.00224263 0.999996 -0.00190098 -0.000593869 0.0129488 0.0018717 0.999914 0.0263647 0.0 0.0 0.0 1.0
chess/seq-01/color/frame-000087.color.png chess/seq-01/color/frame-000089.color.png 0.999976 -0.00391933 0.00562439 -0.00819664 0.00395445 0.999973 -0.00624344 0.0118517 -0.00559977 0.00626559 0.999965 0.0249687 0.0 0.0 0.0 1.0
chess/seq-01/color/frame-000089.color.png chess/seq-01/color/frame-000091.color.png 0.999901 0.00221275 -0.013927 0.0285738 -0.00198665 0.999866 0.0162273 -0.0117591 0.0139611 -0.016198 0.999771 0.0326056 0.0 0.0 0.0 1.0
chess/seq-01/color/frame-000091.color.png chess/seq-01/color/frame-000093.color.png 0.999973 -0.000438269 0.00737405 -0.0087821 0.000387435 0.999976 0.00689652 -0.00100936 -0.0073769 -0.00689341 0.999949 0.0251749 0.0 0.0 0.0 1.0
chess/seq-01/color/frame-000093.color.png chess/seq-01/color/frame-000095.color.png 0.999991 -0.0034981 -0.00251705 0.00886627 0.00352412 0.99994 0.0104049 -0.00841282 0.00248049 -0.0104137 0.999943 0.0256822 0.0 0.0 0.0 1.0
chess/seq-01/color/frame-000095.color.png chess/seq-01/color/frame-000097.color.png 0.999999 4.56966e-05 -0.00146005 0.00439489 -3.51226e-05 0.999974 0.00725304 -0.00236606 0.00146036 -0.00725296 0.999973 0.0254073 0.0 0.0 0.0 1.0
chess/seq-01/color/frame-000097.color.png chess/seq-01/color/frame-000099.color.png 0.999992 0.000466999 -0.00391263 0.00708063 -0.000425096 0.999943 0.0106924 -0.0100708 0.00391739 -0.0106907 0.999935 0.0128471 0.0 0.0 0.0 1.0
chess/seq-01/color/frame-000099.color.png chess/seq-01/color/frame-000101.color.png 0.999986 0.00512487 -0.00163621 -0.00086467 -0.00510737 0.999931 0.0105388 -0.00846267 0.0016901 -0.0105303 0.999943 0.0195466 0.0 0.0 0.0 1.0
chess/seq-01/color/frame-000101.color.png chess/seq-01/color/frame-000103.color.png 0.999966 0.00346458 -0.00751464 0.000433013 -0.00334598 0.999871 0.015735 -0.0168297 0.00756819 -0.0157093 0.999848 0.0219173 0.0 0.0 0.0 1.0
chess/seq-01/color/frame-000103.color.png chess/seq-01/color/frame-000105.color.png 0.999992 -0.00197634 -0.00345736 0.00458649 0.00199696 0.99998 0.00598135 -0.00398465 0.00344547 -0.00598821 0.999976 0.0174232 0.0 0.0 0.0 1.0
chess/seq-01/color/frame-000105.color.png chess/seq-01/color/frame-000107.color.png 0.999971 -0.00545828 -0.00536835 0.000602394 0.00551017 0.999938 0.00970281 -0.0187074 0.00531505 -0.00973211 0.999938 0.0311627 0.0 0.0 0.0 1.0
chess/seq-01/color/frame-000107.color.png chess/seq-01/color/frame-000109.color.png 0.999979 -0.00550719 -0.00335489 -0.000837326 0.00552721 0.999967 0.00598408 -0.00799533 0.00332182 -0.00600246 0.999977 0.0223728 0.0 0.0 0.0 1.0
chess/seq-01/color/frame-000109.color.png chess/seq-01/color/frame-000111.color.png 0.99995 -0.00881681 -0.00466558 -0.00217561 0.00883108 0.999956 0.00304345 0.00687331 0.00463853 -0.00308449 0.999985 0.0222148 0.0 0.0 0.0 1.0
chess/seq-01/color/frame-000111.color.png chess/seq-01/color/frame-000113.color.png 0.999951 -0.00780284 0.00606918 -0.0147945 0.00772774 0.999894 0.0122969 -0.0160162 -0.00616448 -0.0122494 0.999906 0.0222999 0.0 0.0 0.0 1.0
chess/seq-01/color/frame-000113.color.png chess/seq-01/color/frame-000115.color.png 0.999999 0.00017298 0.000912058 -0.00805965 -0.000180188 0.999969 0.0078715 -0.00667893 -0.000910664 -0.00787165 0.999969 0.0209437 0.0 0.0 0.0 1.0
chess/seq-01/color/frame-000115.color.png chess/seq-01/color/frame-000117.color.png 1.0 -0.000445761 0.000375201 -0.00919028 0.00044208 0.999952 0.00974681 -0.0111804 -0.000379516 -0.00974672 0.999952 0.02114 0.0 0.0 0.0 1.0
chess/seq-01/color/frame-000117.color.png chess/seq-01/color/frame-000119.color.png 0.999999 0.00032536 0.00122958 -0.00933464 -0.000337671 0.999949 0.0100431 -0.00987058 -0.00122626 -0.0100435 0.999949 0.0246426 0.0 0.0 0.0 1.0
chess/seq-01/color/frame-000119.color.png chess/seq-01/color/frame-000121.color.png 0.999996 -0.00227456 0.00173108 -0.00999275 0.00226697 0.999988 0.00435414 -0.00800265 -0.00174096 -0.00435022 0.999989 0.0138155 0.0 0.0 0.0 1.0
chess/seq-01/color/frame-000121.color.png chess/seq-01/color/frame-000123.color.png 0.999975 0.00412212 0.00578001 -0.01816 -0.00415792 0.999972 0.00620451 -0.00781458 -0.0057543 -0.00622833 0.999964 0.0262141 0.0 0.0 0.0 1.0
chess/seq-01/color/frame-000123.color.png chess/seq-01/color/frame-000125.color.png 0.999967 -0.00446722 -0.00673051 0.0021937 0.0045193 0.99996 0.00774986 -0.0119048 0.00669564 -0.00778008 0.999947 0.0248663 0.0 0.0 0.0 1.0
chess/seq-01/color/frame-000125.color.png chess/seq-01/color/frame-000127.color.png 0.999982 0.00165175 0.00578783 -0.0138342 -0.00165118 0.999999 -0.000102577 -0.000572799 -0.00578801 9.29479e-05 0.999983 0.0200194 0.0 0.0 0.0 1.0
chess/seq-01/color/frame-000127.color.png chess/seq-01/color/frame-000129.color.png 0.999934 -0.0101478 0.00534291 -0.0106649 0.0101614 0.999945 -0.0025185 2.30949e-05 -0.00531707 0.00257271 0.999983 0.0125647 0.0 0.0 0.0 1.0
chess/seq-01/color/frame-000129.color.png chess/seq-01/color/frame-000131.color.png 0.999916 -0.012117 -0.00464577 0.00416835 0.0120893 0.999909 -0.00594237 0.00682352 0.00471735 0.00588567 0.999972 0.0198331 0.0 0.0 0.0 1.0
chess/seq-01/color/frame-000131.color.png chess/seq-01/color/frame-000133.color.png 0.999984 0.005679 0.000363394 0.0037751 -0.00568503 0.999794 0.0194821 -0.019151 -0.000252685 -0.0194838 0.99981 0.0223445 0.0 0.0 0.0 1.0
chess/seq-01/color/frame-000133.color.png chess/seq-01/color/frame-000135.color.png 0.99999 0.00304501 0.00314496 -0.0118474 -0.00307273 0.999956 0.0088426 -0.00628087 -0.00311789 -0.00885214 0.999956 0.0111938 0.0 0.0 0.0 1.0
chess/seq-01/color/frame-000135.color.png chess/seq-01/color/frame-000137.color.png 0.99996 0.00709721 -0.00550779 0.0160148 -0.00700639 0.999842 0.0163278 -0.0126244 0.00562279 -0.0162885 0.999852 0.0205275 0.0 0.0 0.0 1.0
chess/seq-01/color/frame-000137.color.png chess/seq-01/color/frame-000139.color.png 0.99984 0.017645 -0.00286683 0.00744557 -0.0175816 0.999629 0.0208081 -0.0147535 0.00323293 -0.0207543 0.999779 0.0233165 0.0 0.0 0.0 1.0
chess/seq-01/color/frame-000139.color.png chess/seq-01/color/frame-000141.color.png 0.999945 0.0102613 0.00208527 0.00164431 -0.0102856 0.999875 0.0120044 -0.0111866 -0.00196183 -0.0120252 0.999926 0.0154141 0.0 0.0 0.0 1.0
chess/seq-01/color/frame-000141.color.png chess/seq-01/color/frame-000143.color.png 0.999684 0.0215912 -0.0128805 0.0223011 -0.0212568 0.999447 0.0255565 -0.0174671 0.0134252 -0.0252746 0.99959 0.0211717 0.0 0.0 0.0 1.0
chess/seq-01/color/frame-000143.color.png chess/seq-01/color/frame-000145.color.png 0.999947 0.0101667 -0.00161818 0.0085122 -0.0101437 0.999856 0.013637 -0.00600973 0.00175658 -0.0136199 0.999906 0.0142391 0.0 0.0 0.0 1.0
chess/seq-01/color/frame-000145.color.png chess/seq-01/color/frame-000147.color.png 0.999929 0.0102493 -0.0061118 0.0144565 -0.0101345 0.999777 0.0185334 -0.0268636 0.0063004 -0.0184702 0.999809 0.0180712 0.0 0.0 0.0 1.0
chess/seq-01/color/frame-000147.color.png chess/seq-01/color/frame-000149.color.png 0.999939 0.00247464 -0.0107209 0.0228954 -0.00234615 0.999925 0.0119821 -0.00422056 0.0107498 -0.0119562 0.999871 0.0164127 0.0 0.0 0.0 1.0
chess/seq-01/color/frame-000149.color.png chess/seq-01/color/frame-000151.color.png 0.999995 -0.00139918 -0.00285351 0.0161826 0.00142296 0.999964 0.00834436 -0.00746718 0.00284174 -0.00834844 0.999961 0.0152993 0.0 0.0 0.0 1.0
chess/seq-01/color/frame-000151.color.png chess/seq-01/color/frame-000153.color.png 0.999971 0.00655528 -0.00389203 0.011526 -0.00653037 0.999958 0.00637977 -0.00147409 0.00393368 -0.00635416 0.999972 0.0081979 0.0 0.0 0.0 1.0
chess/seq-01/color/frame-000153.color.png chess/seq-01/color/frame-000155.color.png 0.999993 0.00235346 0.00276782 0.0058419 -0.00237258 0.999973 0.00692041 -0.0022887 -0.00275144 -0.00692692 0.999972 0.00957596 0.0 0.0 0.0 1.0
chess/seq-01/color/frame-000155.color.png chess/seq-01/color/frame-000157.color.png 0.999995 0.00288563 0.00115596 0.00317423 -0.00289548 0.999959 0.00862232 -0.0140782 -0.00113105 -0.00862554 0.999962 0.00766611 0.0 0.0 0.0 1.0
chess/seq-01/color/frame-000157.color.png chess/seq-01/color/frame-000159.color.png 0.999973 0.0072719 -0.00081277 0.00753646 -0.00727213 0.999973 -0.000249324 0.00480868 0.000810938 0.000255175 1.0 0.00308239 0.0 0.0 0.0 1.0
chess/seq-01/color/frame-000159.color.png chess/seq-01/color/frame-000161.color.png 0.999935 0.0106994 0.00382993 -0.00679652 -0.0107109 0.999938 0.00299324 -0.00644985 -0.00379768 -0.00303395 0.999988 0.0102702 0.0 0.0 0.0 1.0
chess/seq-01/color/frame-000161.color.png chess/seq-01/color/frame-000163.color.png 0.999983 0.0012216 -0.00565605 0.00985333 -0.00121725 0.999999 0.000769586 0.00135712 0.005657 -0.000762772 0.999984 0.00566351 0.0 0.0 0.0 1.0
chess/seq-01/color/frame-000163.color.png chess/seq-01/color/frame-000165.color.png 0.999947 0.0041036 -0.009416 0.0198135 -0.00410749 0.999991 -0.000393785 -0.000109822 0.0094143 0.000432387 0.999956 0.00439548 0.0 0.0 0.0 1.0
chess/seq-01/color/frame-000165.color.png chess/seq-01/color/frame-000167.color.png 0.999946 0.0103451 3.94078e-06 0.000973627 -0.0103451 0.999945 0.00157205 0.00417049 1.23198e-05 -0.00157203 0.999999 0.00708544 0.0 0.0 0.0 1.0
chess/seq-01/color/frame-000167.color.png chess/seq-01/color/frame-000169.color.png 0.999931 0.00961601 -0.00674893 0.0108189 -0.00957083 0.999932 0.00669107 -0.00891128 0.00681281 -0.00662595 0.999955 0.00913906 0.0 0.0 0.0 1.0
chess/seq-01/color/frame-000169.color.png chess/seq-01/color/frame-000171.color.png 0.999991 0.00407607 -0.000781061 0.00877036 -0.0040733 0.999986 0.00352524 -0.00435762 0.000795424 -0.00352202 0.999993 0.0126947 0.0 0.0 0.0 1.0
chess/seq-01/color/frame-000171.color.png chess/seq-01/color/frame-000173.color.png 0.999994 0.00359849 -0.000252712 0.00373137 -0.00359759 0.999988 0.00346431 -0.00458311 0.00026517 -0.00346328 0.999994 0.0135142 0.0 0.0 0.0 1.0
chess/seq-01/color/frame-000173.color.png chess/seq-01/color/frame-000175.color.png 0.999971 0.0059265 -0.0047227 0.0166953 -0.00591558 0.99998 0.00232484 -0.000864424 0.00473639 -0.00229688 0.999986 0.010229 0.0 0.0 0.0 1.0
chess/seq-01/color/frame-000175.color.png chess/seq-01/color/frame-000177.color.png 0.999946 0.0103639 0.000706648 0.00441445 -0.0103631 0.999946 -0.0012044 0.00460457 -0.000719103 0.00119705 0.999999 0.0124325 0.0 0.0 0.0 1.0
chess/seq-01/color/frame-000177.color.png chess/seq-01/color/frame-000179.color.png 0.999834 0.010989 -0.014537 0.0268899 -0.0109689 0.999939 0.00145838 -0.00198141 0.0145521 -0.00129872 0.999893 0.0101428 0.0 0.0 0.0 1.0
chess/seq-01/color/frame-000179.color.png chess/seq-01/color/frame-000181.color.png 0.999667 0.0237992 -0.0100178 0.0196064 -0.0237836 0.999716 0.00167306 0.00427308 0.0100548 -0.00143425 0.999948 0.0111686 0.0 0.0 0.0 1.0
chess/seq-01/color/frame-000181.color.png chess/seq-01/color/frame-000183.color.png 0.999793 0.0189991 -0.00730916 0.00713104 -0.0189827 0.999817 0.00231136 0.00157441 0.00735174 -0.00217211 0.999971 0.00867069 0.0 0.0 0.0 1.0
chess/seq-01/color/frame-000183.color.png chess/seq-01/color/frame-000185.color.png 0.999918 0.00479895 -0.0118437 0.0180455 -0.00477323 0.999986 0.00219998 -0.00128382 0.0118541 -0.00214333 0.999927 0.0120661 0.0 0.0 0.0 1.0
chess/seq-01/color/frame-000185.color.png chess/seq-01/color/frame-000187.color.png 0.999819 0.00257789 -0.0188438 0.0300646 -0.00252992 0.999994 0.00256919 0.00116862 0.0188503 -0.00252108 0.999819 0.00377464 0.0 0.0 0.0 1.0
chess/seq-01/color/frame-000187.color.png chess/seq-01/color/frame-000189.color.png 0.999908 0.00631588 -0.0120015 0.021569 -0.00617659 0.999914 0.0116087 -0.0193887 0.0120738 -0.0115334 0.999861 0.0136031 0.0 0.0 0.0 1.0
chess/seq-01/color/frame-000189.color.png chess/seq-01/color/frame-000191.color.png 0.999906 0.00594359 -0.0123231 0.0208401 -0.00594834 0.999982 -0.000349309 9.13292e-05 0.0123208 0.000422558 0.999924 0.00541937 0.0 0.0 0.0 1.0
chess/seq-01/color/frame-000191.color.png chess/seq-01/color/frame-000193.color.png 0.999983 0.00562872 -0.00132943 0.00363873 -0.00562454 0.999979 0.00312816 -0.00893665 0.00134699 -0.00312059 0.999994 0.00828648 0.0 0.0 0.0 1.0
chess/seq-01/color/frame-000193.color.png chess/seq-01/color/frame-000195.color.png 0.999998 -0.000506211 -0.00192292 0.00464554 0.000495369 0.999984 -0.00563158 0.00481688 0.00192576 0.00563064 0.999982 0.000181198 0.0 0.0 0.0 1.0
chess/seq-01/color/frame-000195.color.png chess/seq-01/color/frame-000197.color.png 0.99986 0.0140004 -0.00921574 0.0204311 -0.0140137 0.999901 -0.00137208 -0.00106411 0.0091956 0.00150094 0.999957 -0.000587225 0.0 0.0 0.0 1.0
chess/seq-01/color/frame-000197.color.png chess/seq-01/color/frame-000199.color.png 0.999757 0.0187419 -0.0115854 0.0130353 -0.0186836 0.999812 0.00512138 -0.0123923 0.0116792 -0.00490356 0.99992 -0.0036422 0.0 0.0 0.0 1.0
chess/seq-01/color/frame-000199.color.png chess/seq-01/color/frame-000201.color.png 0.99971 0.0187761 -0.0150874 0.0392958 -0.018884 0.999797 -0.00704163 0.00871453 0.0149521 0.0073245 0.999861 -0.00566959 0.0 0.0 0.0 1.0
chess/seq-01/color/frame-000201.color.png chess/seq-01/color/frame-000203.color.png 0.999717 0.0236833 -0.00215341 0.00130036 -0.0237219 0.999516 -0.0201415 0.0366303 0.00167536 0.0201869 0.999795 -0.0119431 0.0 0.0 0.0 1.0
chess/seq-01/color/frame-000203.color.png chess/seq-01/color/frame-000205.color.png 0.999615 0.0170137 -0.021931 0.037411 -0.0170313 0.999855 -0.000614563 -0.00105344 0.0219174 0.000987852 0.999759 -0.0112057 0.0 0.0 0.0 1.0
chess/seq-01/color/frame-000205.color.png chess/seq-01/color/frame-000207.color.png 0.999515 0.0249896 -0.0185886 0.0385784 -0.0250178 0.999686 -0.00128898 0.00834905 0.0185506 0.00175327 0.999826 -0.00985992 0.0 0.0 0.0 1.0
chess/seq-01/color/frame-000207.color.png chess/seq-01/color/frame-000209.color.png 0.999775 0.0151873 -0.0148272 0.0272311 -0.0152156 0.999883 -0.00179438 0.0127434 0.0147981 0.00201954 0.999888 -0.010561 0.0 0.0 0.0 1.0
chess/seq-01/color/frame-000209.color.png chess/seq-01/color/frame-000211.color.png 0.999387 0.0181901 -0.0298986 0.0554629 -0.0179463 0.999804 0.00840033 -0.0118012 0.0300456 -0.00785849 0.999518 -0.00515342 0.0 0.0 0.0 1.0
chess/seq-01/color/frame-000211.color.png chess/seq-01/color/frame-000213.color.png 0.999918 0.00227505 -0.0125991 0.028259 -0.00234259 0.999983 -0.00534952 0.0133525 0.0125867 0.00537859 0.999906 -0.00527525 0.0 0.0 0.0 1.0
chess/seq-01/color/frame-000213.color.png chess/seq-01/color/frame-000215.color.png 0.999704 0.0166801 -0.0176782 0.0320571 -0.016653 0.99986 0.00167425 0.00418608 0.0177037 -0.00137949 0.999842 -0.00808227 0.0 0.0 0.0 1.0
chess/seq-01/color/frame-000215.color.png chess/seq-01/color/frame-000217.color.png 0.999735 0.00701725 -0.0219388 0.0411089 -0.00702161 0.999975 -0.000119071 0.0012492 0.0219374 0.000273188 0.999759 -0.00894773 0.0 0.0 0.0 1.0
chess/seq-01/color/frame-000217.color.png chess/seq-01/color/frame-000219.color.png 0.999554 0.01121 -0.0276759 0.0539882 -0.0110991 0.99993 0.00415843 -0.00673914 0.0277206 -0.00384941 0.999608 -0.00798714 0.0 0.0 0.0 1.0
chess/seq-01/color/frame-000219.color.png chess/seq-01/color/frame-000221.color.png 0.99971 0.00788846 -0.0227554 0.0493433 -0.00793026 0.999967 -0.00174505 0.00740804 0.022741 0.001925 0.999739 -0.00732553 0.0 0.0 0.0 1.0
chess/seq-01/color/frame-000221.color.png chess/seq-01/color/frame-000223.color.png 0.999941 0.00317804 -0.0103457 0.0222435 -0.0031941 0.999994 -0.00153682 0.00494146 0.0103408 0.00156978 0.999945 -0.00329113 0.0 0.0 0.0 1.0
chess/seq-01/color/frame-000223.color.png chess/seq-01/color/frame-000225.color.png 0.999826 0.00522951 -0.0179213 0.0401244 -0.00524323 0.999986 -0.00072036 0.00111239 0.0179173 0.000814206 0.999839 -0.00732636 0.0 0.0 0.0 1.0
chess/seq-01/color/frame-000225.color.png chess/seq-01/color/frame-000227.color.png 0.999903 0.00209646 -0.0137454 0.0329095 -0.00214062 0.999993 -0.0032001 0.00571557 0.0137386 0.00322908 0.9999 -0.00498843 0.0 0.0 0.0 1.0
chess/seq-01/color/frame-000227.color.png chess/seq-01/color/frame-000229.color.png 0.99986 0.00284807 -0.0164782 0.0393009 -0.00288457 0.999993 -0.00219149 0.00802176 0.0164719 0.00223879 0.999862 -0.0054574 0.0 0.0 0.0 1.0
chess/seq-01/color/frame-000229.color.png chess/seq-01/color/frame-000231.color.png 0.999881 -0.00059789 -0.0154169 0.0431774 0.000529324 0.99999 -0.00445156 0.0091279 0.0154194 0.0044429 0.999871 -0.00877488 0.0 0.0 0.0 1.0
chess/seq-01/color/frame-000231.color.png chess/seq-01/color/frame-000233.color.png 0.999887 0.010589 -0.0106874 0.020195 -0.0105336 0.999931 0.00523079 -0.0104814 0.010742 -0.00511762 0.999929 0.00380838 0.0 0.0 0.0 1.0
chess/seq-01/color/frame-000233.color.png chess/seq-01/color/frame-000235.color.png 0.999963 -0.00132901 -0.00849003 0.0219065 0.00130723 0.999996 -0.00255797 0.00540497 0.00849337 0.00254693 0.999961 -0.00226307 0.0 0.0 0.0 1.0
chess/seq-01/color/frame-000235.color.png chess/seq-01/color/frame-000237.color.png 0.999927 0.00198908 -0.011933 0.0257102 -0.00198011 0.999998 0.000752181 -0.00486495 0.0119345 -0.000728692 0.999928 -0.00278342 0.0 0.0 0.0 1.0
chess/seq-01/color/frame-000237.color.png chess/seq-01/color/frame-000239.color.png 0.999884 0.00755085 -0.0132631 0.0289969 -0.00761563 0.999959 -0.00483495 0.00779112 0.0132261 0.00493553 0.9999 -0.00228655 0.0 0.0 0.0 1.0
chess/seq-01/color/frame-000239.color.png chess/seq-01/color/frame-000241.color.png 0.999926 0.000779666 -0.0120986 0.0252404 -0.000813996 0.999996 -0.00283513 0.00385687 0.0120963 0.00284474 0.999923 -0.002895 0.0 0.0 0.0 1.0
chess/seq-01/color/frame-000241.color.png chess/seq-01/color/frame-000243.color.png 0.999886 0.00676598 -0.0134849 0.0244811 -0.00677542 0.999977 -0.000657807 0.00162538 0.0134801 0.000749157 0.999909 -0.00178599 0.0 0.0 0.0 1.0
chess/seq-01/color/frame-000243.color.png chess/seq-01/color/frame-000245.color.png 0.99982 0.0064769 -0.0178215 0.0371725 -0.00649238 0.999979 -0.000813633 0.00161854 0.0178158 0.000929114 0.999841 0.000174761 0.0 0.0 0.0 1.0
chess/seq-01/color/frame-000245.color.png chess/seq-01/color/frame-000247.color.png 0.999809 0.0151347 -0.0123351 0.0218283 -0.0151675 0.999882 -0.00256954 0.00861884 0.0122948 0.0027561 0.999921 -0.000874639 0.0 0.0 0.0 1.0
chess/seq-01/color/frame-000247.color.png chess/seq-01/color/frame-000249.color.png 0.999817 0.00539708 -0.0183713 0.0329832 -0.00545436 0.99998 -0.00306859 0.0078864 0.0183543 0.00316832 0.999827 -0.00495553 0.0 0.0 0.0 1.0
chess/seq-01/color/frame-000249.color.png chess/seq-01/color/frame-000251.color.png 0.999614 0.000494188 -0.0277637 0.0636809 -0.000388602 0.999993 0.00380968 -0.0017683 0.0277654 -0.00379739 0.999607 0.00305772 0.0 0.0 0.0 1.0
chess/seq-01/color/frame-000251.color.png chess/seq-01/color/frame-000253.color.png 0.999852 0.0117552 -0.0125458 0.0267053 -0.011804 0.999923 -0.00382592 0.0132613 0.0124999 0.00397331 0.999914 -0.000724912 0.0 0.0 0.0 1.0
chess/seq-01/color/frame-000253.color.png chess/seq-01/color/frame-000255.color.png 0.999686 0.0120604 -0.0219847 0.0434484 -0.0120001 0.999924 0.00287856 -0.00470293 0.0220177 -0.00261367 0.999754 -0.00596082 0.0 0.0 0.0 1.0
chess/seq-01/color/frame-000255.color.png chess/seq-01/color/frame-000257.color.png 0.999872 0.0102215 -0.0123001 0.0248773 -0.0101278 0.999919 0.00765493 -0.00965251 0.0123773 -0.0075295 0.999895 0.000838161 0.0 0.0 0.0 1.0
chess/seq-01/color/frame-000257.color.png chess/seq-01/color/frame-000259.color.png 0.999707 0.0150166 -0.0189673 0.0363874 -0.0150055 0.999887 0.000722455 -0.00199459 0.018976 -0.000437603 0.99982 -0.00334561 0.0 0.0 0.0 1.0
chess/seq-01/color/frame-000259.color.png chess/seq-01/color/frame-000261.color.png 0.999916 0.004622 -0.0121323 0.0239707 -0.00463426 0.999989 -0.000967824 0.00138726 0.0121276 0.00102407 0.999926 -0.00262535 0.0 0.0 0.0 1.0
chess/seq-01/color/frame-000261.color.png chess/seq-01/color/frame-000263.color.png 0.999781 -0.00489374 -0.0203562 0.0471137 0.00499948 0.999974 0.0051426 -0.0107581 0.0203306 -0.00524325 0.999779 -0.00722241 0.0 0.0 0.0 1.0
chess/seq-01/color/frame-000263.color.png chess/seq-01/color/frame-000265.color.png 0.99982 0.011509 -0.0151131 0.028907 -0.0113822 0.999899 0.00845375 -0.0180678 0.0152088 -0.00828019 0.99985 0.00106597 0.0 0.0 0.0 1.0
chess/seq-01/color/frame-000265.color.png chess/seq-01/color/frame-000267.color.png 0.999902 0.0136023 -0.00339515 0.00467867 -0.0136163 0.999899 -0.00416914 0.00896179 0.00333814 0.00421484 0.999986 -0.00343752 0.0 0.0 0.0 1.0
chess/seq-01/color/frame-000267.color.png chess/seq-01/color/frame-000269.color.png 0.999836 -0.00765427 -0.0163998 0.0407763 0.00755163 0.999952 -0.0063121 0.0012504 0.0164473 0.00618728 0.999846 -0.0116041 0.0 0.0 0.0 1.0
chess/seq-01/color/frame-000269.color.png chess/seq-01/color/frame-000271.color.png 0.999861 -0.00477106 -0.0159445 0.033929 0.004872 0.999968 0.00629359 -0.0174542 0.0159139 -0.00637043 0.999853 -0.00821579 0.0 0.0 0.0 1.0
chess/seq-01/color/frame-000271.color.png chess/seq-01/color/frame-000273.color.png 0.999811 0.00560663 -0.0186209 0.0448312 -0.00566981 0.999978 -0.00333609 0.00126217 0.0186018 0.00344107 0.999821 -0.0111116 0.0 0.0 0.0 1.0
chess/seq-01/color/frame-000273.color.png chess/seq-01/color/frame-000275.color.png 0.999747 0.00493044 -0.0219679 0.0543351 -0.00518032 0.999922 -0.0113323 0.0122696 0.0219103 0.0114432 0.999694 -0.0180037 0.0 0.0 0.0 1.0
chess/seq-01/color/frame-000275.color.png chess/seq-01/color/frame-000277.color.png 0.99972 -0.00654146 -0.0227377 0.0618597 0.00645273 0.999971 -0.00397264 0.00333045 0.022763 0.00382487 0.999734 -0.0162728 0.0 0.0 0.0 1.0
chess/seq-01/color/frame-000277.color.png chess/seq-01/color/frame-000279.color.png 0.999253 0.020878 -0.032512 0.0802401 -0.020659 0.999762 0.00705557 0.00185578 0.0326515 -0.00637863 0.999446 -0.0189179 0.0 0.0 0.0 1.0
chess/seq-01/color/frame-000279.color.png chess/seq-01/color/frame-000281.color.png 0.999816 0.0159656 -0.0105955 0.0287825 -0.0159957 0.999868 -0.00276686 0.0110946 0.0105499 0.00293582 0.99994 -0.00733352 0.0 0.0 0.0 1.0
chess/seq-01/color/frame-000281.color.png chess/seq-01/color/frame-000283.color.png 0.999587 0.00975084 -0.0270353 0.0660647 -0.009648 0.999946 0.00392652 -0.00159239 0.0270721 -0.00366412 0.999627 -0.0164244 0.0 0.0 0.0 1.0
chess/seq-01/color/frame-000283.color.png chess/seq-01/color/frame-000285.color.png 0.99949 0.0233146 -0.0218372 0.0587691 -0.0234788 0.999698 -0.00728477 0.0297023 0.0216608 0.00779368 0.999735 -0.0153837 0.0 0.0 0.0 1.0
chess/seq-01/color/frame-000285.color.png chess/seq-01/color/frame-000287.color.png 0.999645 0.00230789 -0.0265409 0.0616367 -0.00221655 0.999992 0.00346782 -0.00409765 0.0265487 -0.00340769 0.999642 -0.0183177 0.0 0.0 0.0 1.0
chess/seq-01/color/frame-000287.color.png chess/seq-01/color/frame-000289.color.png 0.999487 0.0102652 -0.0303302 0.0696514 -0.00997015 0.999902 0.00986655 -0.0116377 0.0304286 -0.00955911 0.999491 -0.0219622 0.0 0.0 0.0 1.0
chess/seq-01/color/frame-000289.color.png chess/seq-01/color/frame-000291.color.png 0.99977 0.0132767 -0.016846 0.0426491 -0.0132696 0.999912 0.00053535 0.00708561 0.0168515 -0.000311693 0.999858 -0.0113745 0.0 0.0 0.0 1.0
chess/seq-01/color/frame-000291.color.png chess/seq-01/color/frame-000293.color.png 0.999689 0.0166624 -0.0185329 0.0526963 -0.0167454 0.99985 -0.00433985 0.0228625 0.0184578 0.00464885 0.999819 -0.0133961 0.0 0.0 0.0 1.0
chess/seq-01/color/frame-000293.color.png chess/seq-01/color/frame-000295.color.png 0.999901 0.00489586 -0.013189 0.0330622 -0.00500856 0.999951 -0.0085225 0.0180517 0.0131466 0.00858767 0.999877 -0.0122571 0.0 0.0 0.0 1.0
chess/seq-01/color/frame-000295.color.png chess/seq-01/color/frame-000297.color.png 0.999752 0.00828023 -0.0206663 0.0500689 -0.0084493 0.999931 -0.00810732 0.0127095 0.0205978 0.00828006 0.999754 -0.0186076 0.0 0.0 0.0 1.0
chess/seq-01/color/frame-000297.color.png chess/seq-01/color/frame-000299.color.png 0.999911 0.00315312 -0.0129902 0.0407133 -0.00323983 0.999973 -0.00665113 0.00457224 0.0129689 0.00669257 0.999893 -0.00922239 0.0 0.0 0.0 1.0
chess/seq-01/color/frame-000299.color.png chess/seq-01/color/frame-000301.color.png 0.999997 0.000710879 0.00219019 0.00580454 -0.000704553 0.999996 -0.0028447 -0.00491931 -0.00219202 0.0028431 0.999994 0.00168204 0.0 0.0 0.0 1.0
chess/seq-01/color/frame-000301.color.png chess/seq-01/color/frame-000303.color.png 0.99988 -0.0135399 0.00756024 0.00337869 0.0136345 0.999828 -0.0126043 -0.00617782 -0.00738837 0.0127059 0.999892 0.00569141 0.0 0.0 0.0 1.0
chess/seq-01/color/frame-000303.color.png chess/seq-01/color/frame-000305.color.png 0.999822 -0.0187547 -0.00178291 0.0210235 0.0187407 0.999796 -0.00755952 -0.0132106 0.00192436 0.00752486 0.99997 -0.00408399 0.0 0.0 0.0 1.0
chess/seq-01/color/frame-000305.color.png chess/seq-01/color/frame-000307.color.png 0.999781 -0.0202117 0.00550726 0.00796783 0.0203443 0.999476 -0.0251944 0.0194898 -0.00499512 0.0253009 0.999667 -0.00562084 0.0 0.0 0.0 1.0
chess/seq-01/color/frame-000307.color.png chess/seq-01/color/frame-000309.color.png 0.999969 -0.00782613 -0.000365669 0.0223392 0.00781973 0.999857 -0.0150011 0.00281766 0.000483004 0.0149978 0.999888 -0.0119568 0.0 0.0 0.0 1.0
chess/seq-01/color/frame-000309.color.png chess/seq-01/color/frame-000311.color.png 0.99999 0.000251857 0.00457036 0.00996816 -0.000180535 0.999878 -0.0155952 0.0179744 -0.00457356 0.015594 0.999868 -0.00704789 0.0 0.0 0.0 1.0
chess/seq-01/color/frame-000311.color.png chess/seq-01/color/frame-000313.color.png 0.999906 -0.0102965 0.00909579 0.0163739 0.0104255 0.999844 -0.0142488 0.0021309 -0.00894779 0.0143425 0.999857 -0.018294 0.0 0.0 0.0 1.0
chess/seq-01/color/frame-000313.color.png chess/seq-01/color/frame-000315.color.png 0.999968 -0.000514249 0.00794508 0.00315559 0.000566033 0.999979 -0.00653093 0.00414105 -0.00794148 0.00653509 0.999947 -0.00263166 0.0 0.0 0.0 1.0
chess/seq-01/color/frame-000315.color.png chess/seq-01/color/frame-000317.color.png 0.999866 -0.0150607 0.00643736 0.0120925 0.0150468 0.999884 0.00222852 -0.0145731 -0.00647024 -0.00213129 0.999977 -0.0245844 0.0 0.0 0.0 1.0
chess/seq-01/color/frame-000317.color.png chess/seq-01/color/frame-000319.color.png 0.999759 -0.0193236 -0.0104331 0.034916 0.0192237 0.99977 -0.00957059 0.00947686 0.0106156 0.00936786 0.9999 -0.0266832 0.0 0.0 0.0 1.0
chess/seq-01/color/frame-000319.color.png chess/seq-01/color/frame-000321.color.png 0.999999 0.00096336 -0.00140023 0.0136886 -0.00097188 0.99998 -0.00616242 0.000417754 0.00139438 0.0061637 0.99998 -0.0222836 0.0 0.0 0.0 1.0
chess/seq-01/color/frame-000321.color.png chess/seq-01/color/frame-000323.color.png 0.99992 -0.0125733 -0.0015842 0.016391 0.0125573 0.999874 -0.00970414 -0.00933775 0.00170605 0.00968347 0.999952 -0.0222857 0.0 0.0 0.0 1.0
chess/seq-01/color/frame-000323.color.png chess/seq-01/color/frame-000325.color.png 0.999814 -0.0028109 0.0190953 -0.0200043 0.00326061 0.999717 -0.0235623 0.0207875 -0.0190237 0.0236202 0.99954 -0.00426245 0.0 0.0 0.0 1.0
chess/seq-01/color/frame-000325.color.png chess/seq-01/color/frame-000327.color.png 0.999867 -0.0110166 0.0120583 -0.0200443 0.0111848 0.99984 -0.0139751 0.0111866 -0.0119024 0.014108 0.99983 -0.00106442 0.0 0.0 0.0 1.0
chess/seq-01/color/frame-000327.color.png chess/seq-01/color/frame-000329.color.png 0.999633 -0.0267428 0.00428 -0.0158503 0.0268225 0.999445 -0.0197759 -0.00613683 -0.00374887 0.0198834 0.999795 -0.0257423 0.0 0.0 0.0 1.0
chess/seq-01/color/frame-000329.color.png chess/seq-01/color/frame-000331.color.png 0.999961 -0.00867013 -0.00147607 -0.00757873 0.00865527 0.999915 -0.00978987 -0.00156094 0.00156086 0.00977677 0.999951 -0.0202515 0.0 0.0 0.0 1.0
chess/seq-01/color/frame-000331.color.png chess/seq-01/color/frame-000333.color.png 0.999868 -0.0159517 -0.00296674 -0.00857818 0.0159296 0.999846 -0.00731759 -0.0168884 0.00308297 0.00726939 0.999969 -0.0350862 0.0 0.0 0.0 1.0
chess/seq-01/color/frame-000333.color.png chess/seq-01/color/frame-000335.color.png 0.999937 -0.0087297 0.00701877 -0.020144 0.00876572 0.999949 -0.0051028 1.2964e-05 -0.00697381 0.00516398 0.999962 -0.0135727 0.0 0.0 0.0 1.0
chess/seq-01/color/frame-000335.color.png chess/seq-01/color/frame-000337.color.png 0.999649 -0.0254456 0.00734301 -0.024224 0.0255358 0.999596 -0.0124722 -0.0104645 -0.00702259 0.0126553 0.999895 -0.0220826 0.0 0.0 0.0 1.0
chess/seq-01/color/frame-000337.color.png chess/seq-01/color/frame-000339.color.png 0.999745 -0.0225489 0.00150956 -0.00056535 0.0225609 0.999711 -0.00835468 -0.0179144 -0.00132076 0.0083867 0.999964 -0.0212674 0.0 0.0 0.0 1.0
chess/seq-01/color/frame-000339.color.png chess/seq-01/color/frame-000341.color.png 0.99996 -0.00563184 0.00698489 -0.0089286 0.00571728 0.999909 -0.0122609 -0.00331558 -0.00691527 0.0123003 0.999901 -0.0185491 0.0 0.0 0.0 1.0
chess/seq-01/color/frame-000341.color.png chess/seq-01/color/frame-000343.color.png 0.999905 -0.0118017 0.0071364 -0.0107766 0.011958 0.999681 -0.0222717 0.0252473 -0.00687119 0.0223549 0.999726 -0.0131495 0.0 0.0 0.0 1.0
chess/seq-01/color/frame-000343.color.png chess/seq-01/color/frame-000345.color.png 0.99995 -0.00740342 -0.00668963 0.0130954 0.00722466 0.999626 -0.0263607 0.0299136 0.00688218 0.026311 0.99963 -0.0339761 0.0 0.0 0.0 1.0
chess/seq-01/color/frame-000345.color.png chess/seq-01/color/frame-000347.color.png 0.999982 -0.00195828 -0.0056404 0.018584 0.00183456 0.999759 -0.0218729 0.0299427 0.0056819 0.0218621 0.999745 -0.026262 0.0 0.0 0.0 1.0
chess/seq-01/color/frame-000347.color.png chess/seq-01/color/frame-000349.color.png 0.999983 0.00577158 -0.00121263 0.0131434 -0.00579119 0.999843 -0.0167271 0.020618 0.00111596 0.0167338 0.999859 -0.0226209 0.0 0.0 0.0 1.0
chess/seq-01/color/frame-000349.color.png chess/seq-01/color/frame-000351.color.png 0.999952 -0.00276335 -0.00935684 0.0228091 0.00259454 0.999834 -0.0180193 0.0166904 0.00940512 0.0179942 0.999794 -0.0450035 0.0 0.0 0.0 1.0
chess/seq-01/color/frame-000351.color.png chess/seq-01/color/frame-000353.color.png 0.999996 -0.00247997 -0.000967366 0.0229913 0.00246257 0.999846 -0.0173783 0.0175519 0.00101039 0.0173758 0.999848 -0.0351221 0.0 0.0 0.0 1.0
