chess/seq-01/color/frame-000000.color.png chess/seq-01/color/frame-000002.color.png 0.999989 -0.00320279 0.00331491 0.00296732 0.0031868 0.999983 0.00481819 -0.0005925 -0.00333028 -0.00480758 0.999983 0.000128991 0.0 0.0 0.0 1.0
chess/seq-01/color/frame-000002.color.png chess/seq-01/color/frame-000004.color.png 0.999994 -0.00268951 -0.00242666 0.00098863 0.00268218 0.999992 -0.00301544 -0.000182571 0.00243475 0.00300891 0.999992 -0.0006483 0.0 0.0 0.0 1.0
chess/seq-01/color/frame-000004.color.png chess/seq-01/color/frame-000006.color.png 0.999999 0.000981148 0.000236774 -0.00215365 -0.000981017 0.999999 -0.000550566 0.00143412 -0.000237314 0.000550333 1.0 -0.0016236 0.0 0.0 0.0 1.0
chess/seq-01/color/frame-000006.color.png chess/seq-01/color/frame-000008.color.png 0.999998 0.00187994 0.000333235 -0.000138469 -0.00188015 0.999998 0.000630477 -0.00170929 -0.000332049 -0.000631102 1.0 0.00280615 0.0 0.0 0.0 1.0
chess/seq-01/color/frame-000008.color.png chess/seq-01/color/frame-000010.color.png 0.999987 0.00502497 0.00020635 -0.00133943 -0.00502566 0.999981 0.00351008 -0.00152783 -0.000188708 -0.00351107 0.999994 0.00162642 0.0 0.0 0.0 1.0
chess/seq-01/color/frame-000010.color.png chess/seq-01/color/frame-000012.color.png 0.999997 0.00101344 -0.00239685 -0.000257529 -0.00101554 0.999999 -0.00087377 0.00223931 0.00239597 0.000876201 0.999997 -0.00103596 0.0 0.0 0.0 1.0
chess/seq-01/color/frame-000012.color.png chess/seq-01/color/frame-000014.color.png 0.999998 -0.00189613 0.00058512 -0.00150679 0.00189524 0.999997 0.00151241 -0.0015276 -0.000587986 -0.00151129 0.999999 0.00365445 0.0 0.0 0.0 1.0
chess/seq-01/color/frame-000014.color.png chess/seq-01/color/frame-000016.color.png 0.999989 -0.00339469 -0.0032091 -0.00257985 0.00339093 0.999994 -0.00117755 0.00112718 0.00321308 0.00116665 0.999994 0.00800742 0.0 0.0 0.0 1.0
chess/seq-01/color/frame-000016.color.png chess/seq-01/color/frame-000018.color.png 0.999968 0.000240542 -0.00798908 0.00248947 -0.000182982 0.999974 0.00720481 0.00213504 0.00799061 -0.00720312 0.999942 0.00709202 0.0 0.0 0.0 1.0
chess/seq-01/color/frame-000018.color.png chess/seq-01/color/frame-000020.color.png 0.99997 -0.00768537 0.00134301 -0.000652856 0.00767361 0.999934 0.00855208 -0.0037484 -0.00140864 -0.00854151 0.999962 0.0134708 0.0 0.0 0.0 1.0
chess/seq-01/color/frame-000020.color.png chess/seq-01/color/frame-000022.color.png 0.999965 -0.0063043 -0.00547727 0.00231889 0.00633106 0.999968 0.00488238 5.1313e-05 0.00544632 -0.00491689 0.999973 0.00992235 0.0 0.0 0.0 1.0
chess/seq-01/color/frame-000022.color.png chess/seq-01/color/frame-000024.color.png 0.999993 -0.00255421 -0.00285078 0.00339031 0.00257392 0.999973 0.00693131 -0.00237262 0.00283299 -0.0069386 0.999972 0.0167788 0.0 0.0 0.0 1.0
chess/seq-01/color/frame-000024.color.png chess/seq-01/color/frame-000026.color.png 0.999989 -0.00360268 -0.0028719 0.000509017 0.00362614 0.99996 0.00820488 0.00014705 0.00284223 -0.00821521 0.999962 0.0149341 0.0 0.0 0.0 1.0
chess/seq-01/color/frame-000026.color.png chess/seq-01/color/frame-000028.color.png 0.999993 -0.00360682 -0.000358037 -0.00148237 0.00360943 0.999965 0.00755069 -0.00134597 0.00033079 -0.00755194 0.999971 0.0133243 0.0 0.0 0.0 1.0
chess/seq-01/color/frame-000028.color.png chess/seq-01/color/frame-000030.color.png 0.999979 -0.00304154 0.00575553 -0.00636858 0.00298504 0.999948 0.00979949 -0.00940519 -0.00578503 -0.0097821 0.999935 0.0161666 0.0 0.0 0.0 1.0
chess/seq-01/color/frame-000030.color.png chess/seq-01/color/frame-000032.color.png 0.999954 -0.00829111 -0.00483181 0.0138232 0.00831222 0.999956 0.00436571 0.00972365 0.0047954 -0.00440567 0.999979 0.0120831 0.0 0.0 0.0 1.0
chess/seq-01/color/frame-000032.color.png chess/seq-01/color/frame-000034.color.png 0.999941 -0.0104089 0.00322209 -0.00140605 0.0103855 0.99992 0.00718304 -0.00348385 -0.0032966 -0.00714914 0.999969 0.0171313 0.0 0.0 0.0 1.0
chess/seq-01/color/frame-000034.color.png chess/seq-01/color/frame-000036.color.png 0.999974 -0.00708185 -0.00148295 0.00634578 0.00709447 0.999937 0.00869487 -0.00332043 0.00142128 -0.00870517 0.999961 0.0183112 0.0 0.0 0.0 1.0
chess/seq-01/color/frame-000036.color.png chess/seq-01/color/frame-000038.color.png 0.999955 -0.00200026 0.00922012 -0.00445498 0.00192366 0.999964 0.00830928 -0.00422624 -0.0092364 -0.00829118 0.999923 0.0171178 0.0 0.0 0.0 1.0
chess/seq-01/color/frame-000038.color.png chess/seq-01/color/frame-000040.color.png 0.999998 -0.00204387 -0.000875288 -0.00233437 0.00204357 0.999998 -0.000342479 0.00479755 0.000875989 0.000340685 0.999999 0.0133546 0.0 0.0 0.0 1.0
chess/seq-01/color/frame-000040.color.png chess/seq-01/color/frame-000042.color.png 0.999998 0.00203079 -0.00028418 -0.00239736 -0.00202817 0.999958 0.00894753 -0.00333595 0.000302337 -0.00894692 0.99996 0.0210716 0.0 0.0 0.0 1.0
chess/seq-01/color/frame-000042.color.png chess/seq-01/color/frame-000044.color.png 0.999988 -0.00357157 -0.00332458 -0.00636965 0.00357229 0.999994 0.000213064 -0.00342435 0.00332379 -0.000224942 0.999994 0.0174032 0.0 0.0 0.0 1.0
chess/seq-01/color/frame-000044.color.png chess/seq-01/color/frame-000046.color.png 0.999962 -0.00225324 -0.00844538 0.00613237 0.00227359 0.999994 0.0023995 -0.00465358 0.00843993 -0.0024186 0.999961 0.0205271 0.0 0.0 0.0 1.0
chess/seq-01/color/frame-000046.color.png chess/seq-01/color/frame-000048.color.png 0.99993 -0.00804855 -0.00867618 0.00643919 0.00810933 0.999943 0.00699356 0.00207135 0.0086194 -0.00706342 0.999938 0.0272436 0.0 0.0 0.0 1.0
chess/seq-01/color/frame-000048.color.png chess/seq-01/color/frame-000050.color.png 0.999907 -0.0134792 -0.0022311 0.00390772 0.0134886 0.9999 0.0042305 -0.000773842 0.00217385 -0.00426021 0.999989 0.0241204 0.0 0.0 0.0 1.0
chess/seq-01/color/frame-000050.color.png chess/seq-01/color/frame-000052.color.png 0.99986 -0.0120651 -0.0115599 0.00638222 0.0120804 0.999926 0.00125526 0.00348905 0.0115439 -0.00139475 0.999932 0.0218326 0.0 0.0 0.0 1.0
chess/seq-01/color/frame-000052.color.png chess/seq-01/color/frame-000054.color.png 0.999974 -0.00443755 -0.00571347 0.0148771 0.00452345 0.999876 0.0151094 -0.0137308 0.00564571 -0.0151348 0.99987 0.0271175 0.0 0.0 0.0 1.0
chess/seq-01/color/frame-000054.color.png chess/seq-01/color/frame-000056.color.png 0.999942 -0.0104476 -0.00244624 0.0038053 0.0104614 0.999929 0.00572916 0.00570399 0.00238621 -0.00575442 0.999981 0.023488 0.0 0.0 0.0 1.0
chess/seq-01/color/frame-000056.color.png chess/seq-01/color/frame-000058.color.png 0.999973 -0.00727879 0.000978908 0.00730601 0.00726784 0.999916 0.0107657 -0.00210558 -0.00105718 -0.0107584 0.999942 0.0173081 0.0 0.0 0.0 1.0
chess/seq-01/color/frame-000058.color.png chess/seq-01/color/frame-000060.color.png 0.99998 -0.00255943 -0.00570815 0.0139447 0.00262933 0.999921 0.012277 -0.00403568 0.00567627 -0.0122917 0.999908 0.0228469 0.0 0.0 0.0 1.0
chess/seq-01/color/frame-000060.color.png chess/seq-01/color/frame-000062.color.png 0.99999 0.000112682 0.00458044 0.00584565 -0.000129057 0.999994 0.0035727 -0.00287735 -0.00458001 -0.00357324 0.999983 0.0191643 0.0 0.0 0.0 1.0
chess/seq-01/color/frame-000062.color.png chess/seq-01/color/frame-000064.color.png 0.999996 0.00284324 5.40458e-05 0.0140993 -0.00284357 0.999965 0.00786044 0.000846391 -3.17031e-05 -0.00786055 0.999969 0.017985 0.0 0.0 0.0 1.0
chess/seq-01/color/frame-000064.color.png chess/seq-01/color/frame-000066.color.png 0.999624 -0.00398029 0.0271142 -0.00774232 0.00368204 0.999932 0.0110414 -0.0123018 -0.0271563 -0.0109374 0.999571 0.0205015 0.0 0.0 0.0 1.0
chess/seq-01/color/frame-000066.color.png chess/seq-01/color/frame-000068.color.png 0.999927 -0.00883755 -0.0082175 0.0184105 0.00888939 0.999941 0.00629398 -0.00389337 0.00816139 -0.00636656 0.999946 0.0205702 0.0 0.0 0.0 1.0
chess/seq-01/color/frame-000068.color.png chess/seq-01/color/frame-000070.color.png 0.999991 -0.00211249 0.00367565 0.00876534 0.00208138 0.999962 0.00844392 -0.0103654 -0.00369335 -0.00843622 0.999958 0.0212731 0.0 0.0 0.0 1.0
chess/seq-01/color/frame-000070.color.png chess/seq-01/color/frame-000072.color.png 0.999976 -0.000891638 0.00684015 0.006759 0.00086612 0.999993 0.00373145 -0.00245732 -0.00684343 -0.00372543 0.99997 0.0234519 0.0 0.0 0.0 1.0
chess/seq-01/color/frame-000072.color.png chess/seq-01/color/frame-000074.color.png 0.999957 -0.00813232 -0.00451123 0.00992969 0.00813797 0.999966 0.00123411 0.00290655 0.00450103 -0.00127072 0.999989 0.0153555 0.0 0.0 0.0 1.0
chess/seq-01/color/frame-000074.color.png chess/seq-01/color/frame-000076.color.png 0.999978 -0.00584562 -0.00313664 0.0097044 0.0058582 0.999975 0.00403022 -0.00733629 0.00311301 -0.00404852 0.999987 0.0176029 0.0 0.0 0.0 1.0
chess/seq-01/color/frame-000076.color.png chess/seq-01/color/frame-000078.color.png 0.999986 -0.0052343 -0.000892467 0.0157918 0.00523887 0.999973 0.00513088 -0.000261989 0.000865589 -0.00513549 0.999986 0.0201125 0.0 0.0 0.0 1.0
chess/seq-01/color/frame-000078.color.png chess/seq-01/color/frame-000080.color.png 0.999858 -0.00162455 0.0167543 -0.00252825 0.00147303 0.999958 0.00904889 -0.00935027 -0.0167683 -0.00902294 0.999819 0.0231334 0.0 0.0 0.0 1.0
chess/seq-01/color/frame-000080.color.png chess/seq-01/color/frame-000082.color.png 0.999972 -0.00730999 -0.00184254 0.00312373 0.00730908 0.999973 -0.000522753 0.00126725 0.0018463 0.000509308 0.999998 0.0180382 0.0 0.0 0.0 1.0
chess/seq-01/color/frame-000082.color.png chess/seq-01/color/frame-000084.color.png 0.999999 0.00106337 0.00103591 0.00742283 -0.00106897 0.999985 0.00539633 -0.00902716 -0.00103015 -0.00539743 0.999985 0.0280135 0.0 0.0 0.0 1.0
chess/seq-01/color/frame-000084.color.png chess/seq-01/color/frame-000086.color.png 0.999891 -0.00831369 -0.0122333 0.0134079 0.00826352 0.999957 -0.00414457 0.00541873 0.0122672 0.00404303 0.999917 0.0218702 0.0 0.0 0.0 1.0
chess/seq-01/color/frame-000086.color.png chess/seq-01/color/frame-000088.color.png 0.999966 0.00402057 0.00725495 -0.00382727 -0.00400067 0.999988 -0.00275803 0.000224112 -0.00726595 0.00272897 0.99997 0.0290826 0.0 0.0 0.0 1.0
chess/seq-01/color/frame-000088.color.png chess/seq-01/color/frame-000090.color.png 0.999808 -0.00641866 -0.018505 0.0235098 0.00650518 0.999968 0.0046189 0.0113154 0.0184748 -0.00473841 0.999818 0.0254249 0.0 0.0 0.0 1.0
chess/seq-01/color/frame-000090.color.png chess/seq-01/color/frame-000092.color.png 0.999919 0.00408557 0.0120615 -0.00621647 -0.00422125 0.999928 0.0112428 -0.00729216 -0.0120147 -0.0112928 0.999864 0.0305658 0.0 0.0 0.0 1.0
chess/seq-01/color/frame-000092.color.png chess/seq-01/color/frame-000094.color.png 0.999976 -0.00247372 -0.00654233 0.0108984 0.00249308 0.999993 0.00294591 0.00546164 0.00653499 -0.00296216 0.999974 0.0146198 0.0 0.0 0.0 1.0
chess/seq-01/color/frame-000094.color.png chess/seq-01/color/frame-000096.color.png 0.999988 -0.00486338 -0.000187466 0.00502582 0.00486491 0.999943 0.00946839 -0.0118854 0.000141406 -0.00946918 0.999955 0.0248044 0.0 0.0 0.0 1.0
chess/seq-01/color/frame-000096.color.png chess/seq-01/color/frame-000098.color.png 1.0 0.000717147 0.000187975 0.00477956 -0.000718674 0.999965 0.0083219 -0.00516302 -0.000182005 -0.00832202 0.999965 0.0212067 0.0 0.0 0.0 1.0
chess/seq-01/color/frame-000098.color.png chess/seq-01/color/frame-000100.color.png 0.999984 0.00359713 -0.00432054 0.00452225 -0.00354311 0.999916 0.0124519 -0.0113142 0.00436497 -0.0124364 0.999913 0.0210297 0.0 0.0 0.0 1.0
chess/seq-01/color/frame-000100.color.png chess/seq-01/color/frame-000102.color.png 0.999983 0.00473703 -0.00324566 -0.00332116 -0.00469839 0.999919 0.0118032 -0.0111211 0.00330133 -0.0117879 0.999925 0.0218931 0.0 0.0 0.0 1.0
chess/seq-01/color/frame-000102.color.png chess/seq-01/color/frame-000104.color.png 0.999964 0.000344603 -0.00847609 0.00575268 -0.00021566 0.999884 0.0152091 -0.0146416 0.00848033 -0.0152066 0.999848 0.0271865 0.0 0.0 0.0 1.0
chess/seq-01/color/frame-000104.color.png chess/seq-01/color/frame-000106.color.png 0.999989 -0.00431085 -0.00173737 -0.00600815 0.00432886 0.999936 0.0104852 -0.0108324 0.00169205 -0.0104926 0.999944 0.026423 0.0 0.0 0.0 1.0
chess/seq-01/color/frame-000106.color.png chess/seq-01/color/frame-000108.color.png 0.999992 -0.00200953 -0.00352789 -0.00102514 0.00200566 0.999997 -0.00109783 0.00414158 0.00353009 0.00109084 0.999993 0.0203281 0.0 0.0 0.0 1.0
chess/seq-01/color/frame-000108.color.png chess/seq-01/color/frame-000110.color.png 0.999947 -0.00953849 -0.00376817 -0.0032644 0.0095538 0.999946 0.00406486 -0.00343663 0.00372919 -0.00410063 0.999985 0.021785 0.0 0.0 0.0 1.0
chess/seq-01/color/frame-000110.color.png chess/seq-01/color/frame-000112.color.png 0.999986 -0.00499528 -0.00156796 0.00431837 0.00500858 0.999951 0.00857397 -0.010917 0.00152504 -0.00858166 0.999962 0.0164301 0.0 0.0 0.0 1.0
chess/seq-01/color/frame-000112.color.png chess/seq-01/color/frame-000114.color.png 0.999981 -0.00607955 -0.000382301 -0.00925703 0.00608375 0.999906 0.0122497 -0.0161115 0.000307798 -0.0122519 0.999925 0.0234326 0.0 0.0 0.0 1.0
chess/seq-01/color/frame-000114.color.png chess/seq-01/color/frame-000116.color.png 0.999994 -0.000822442 0.00351159 -0.0123664 0.000781174 0.999931 0.0117456 -0.0143216 -0.00352099 -0.0117428 0.999925 0.0258032 0.0 0.0 0.0 1.0
chess/seq-01/color/frame-000116.color.png chess/seq-01/color/frame-000118.color.png 0.999998 0.00166263 0.00128559 -0.0127655 -0.00167352 0.999963 0.00847421 -0.00647839 -0.00127146 -0.00847635 0.999963 0.0226986 0.0 0.0 0.0 1.0
chess/seq-01/color/frame-000118.color.png chess/seq-01/color/frame-000120.color.png 0.99999 -0.0026289 0.003714 -0.0109441 0.00258886 0.999939 0.0107475 -0.0162304 -0.00374204 -0.0107377 0.999935 0.0260705 0.0 0.0 0.0 1.0
chess/seq-01/color/frame-000120.color.png chess/seq-01/color/frame-000122.color.png 0.999987 0.00481304 -0.00135095 -0.00514863 -0.00480445 0.999969 0.00628571 -0.00756549 0.00138118 -0.00627919 0.999979 0.0223676 0.0 0.0 0.0 1.0
chess/seq-01/color/frame-000122.color.png chess/seq-01/color/frame-000124.color.png 0.999979 -0.00305948 0.00574777 -0.0202359 0.00304298 0.999991 0.00288108 -0.00515068 -0.00575653 -0.0028635 0.999979 0.011783 0.0 0.0 0.0 1.0
chess/seq-01/color/frame-000124.color.png chess/seq-01/color/frame-000126.color.png 0.999994 -0.000804415 -0.00328718 -0.000352204 0.00081584 0.999994 0.00347592 -0.005681 0.00328436 -0.00347851 0.999989 0.0264211 0.0 0.0 0.0 1.0
chess/seq-01/color/frame-000126.color.png chess/seq-01/color/frame-000128.color.png 0.999966 -0.00558376 0.00604071 -0.011387 0.00557977 0.999984 0.000674305 -0.0033173 -0.00604436 -0.00064071 0.999981 0.0218076 0.0 0.0 0.0 1.0
chess/seq-01/color/frame-000128.color.png chess/seq-01/color/frame-000130.color.png 0.99993 -0.0116726 -0.00194183 -0.00341836 0.0116665 0.999927 -0.00312232 -9.593e-05 0.00197811 0.00309956 0.999993 0.020466 0.0 0.0 0.0 1.0
chess/seq-01/color/frame-000130.color.png chess/seq-01/color/frame-000132.color.png 0.999992 -0.00378201 -0.000990957 0.00134092 0.00377595 0.999975 -0.00603943 0.0200514 0.00101378 0.00603558 0.999981 0.00389636 0.0 0.0 0.0 1.0
chess/seq-01/color/frame-000132.color.png chess/seq-01/color/frame-000134.color.png 0.999949 0.00723529 0.00699632 -0.0092419 -0.00738824 0.999729 0.0220839 -0.0287808 -0.00683464 -0.0221345 0.999732 0.0238695 0.0 0.0 0.0 1.0
chess/seq-01/color/frame-000134.color.png chess/seq-01/color/frame-000136.color.png 0.999949 0.00566225 -0.00841331 0.0127333 -0.00551115 0.999825 0.0178692 -0.017218 0.00851302 -0.0178219 0.999805 0.0202103 0.0 0.0 0.0 1.0
chess/seq-01/color/frame-000136.color.png chess/seq-01/color/frame-000138.color.png 0.999954 0.00940491 0.00170758 -0.00116576 -0.00942351 0.999893 0.0112198 -0.00630696 -0.00160187 -0.0112355 0.999936 0.0149894 0.0 0.0 0.0 1.0
chess/seq-01/color/frame-000138.color.png chess/seq-01/color/frame-000140.color.png 0.999825 0.0182281 -0.00431795 0.0140722 -0.0181146 0.999523 0.025013 -0.0263535 0.00477181 -0.0249304 0.999678 0.0235397 0.0 0.0 0.0 1.0
chess/seq-01/color/frame-000140.color.png chess/seq-01/color/frame-000142.color.png 0.999943 0.0106565 0.00096006 -0.0019594 -0.0106638 0.999912 0.00787586 0.00316688 -0.000876029 -0.00788574 0.999968 0.0126673 0.0 0.0 0.0 1.0
chess/seq-01/color/frame-000142.color.png chess/seq-01/color/frame-000144.color.png 0.999682 0.0213648 -0.0133704 0.0266796 -0.0210047 0.999428 0.0265124 -0.0210319 0.0139291 -0.0262232 0.999559 0.0222354 0.0 0.0 0.0 1.0
chess/seq-01/color/frame-000144.color.png chess/seq-01/color/frame-000146.color.png 0.999916 0.0127901 -0.00183683 0.00595465 -0.0127501 0.999711 0.0203824 -0.0212079 0.00209699 -0.0203573 0.99979 0.0177965 0.0 0.0 0.0 1.0
chess/seq-01/color/frame-000146.color.png chess/seq-01/color/frame-000148.color.png 0.99999 0.00299042 -0.00343376 0.0119859 -0.00297536 0.999986 0.00438453 0.00148707 0.00344682 -0.00437416 0.999985 0.0122707 0.0 0.0 0.0 1.0
chess/seq-01/color/frame-000148.color.png chess/seq-01/color/frame-000150.color.png 0.999886 0.0019976 -0.0149508 0.0334734 -0.00172977 0.999838 0.0179045 -0.0176877 0.0149841 -0.0178766 0.999728 0.0203143 0.0 0.0 0.0 1.0
chess/seq-01/color/frame-000150.color.png chess/seq-01/color/frame-000152.color.png 0.999987 0.00492113 0.00136791 0.00291888 -0.00492296 0.999987 0.00132584 0.00695501 -0.00136137 -0.00133255 0.999998 0.00947487 0.0 0.0 0.0 1.0
chess/seq-01/color/frame-000152.color.png chess/seq-01/color/frame-000154.color.png 0.999991 -0.000862701 -0.00412932 0.0199324 0.000908804 0.999937 0.0111673 -0.0127934 0.00411944 -0.011171 0.999929 0.0105668 0.0 0.0 0.0 1.0
chess/seq-01/color/frame-000154.color.png chess/seq-01/color/frame-000156.color.png 0.99998 0.00522958 0.00354088 -0.000436828 -0.00526404 0.999938 0.00977784 -0.0100317 -0.00348955 -0.00979618 0.999946 0.0112658 0.0 0.0 0.0 1.0
chess/seq-01/color/frame-000156.color.png chess/seq-01/color/frame-000158.color.png 0.999996 0.00132392 -0.00231516 0.0109837 -0.00131903 0.999997 0.00209967 -0.000669092 0.00231795 -0.00209664 0.999995 0.00829291 0.0 0.0 0.0 1.0
chess/seq-01/color/frame-000158.color.png chess/seq-01/color/frame-000160.color.png 0.999943 0.0104789 0.00215012 0.000851572 -0.0104873 0.999937 0.00392527 -0.00295393 -0.00210884 -0.00394765 0.99999 0.00770962 0.0 0.0 0.0 1.0
chess/seq-01/color/frame-000160.color.png chess/seq-01/color/frame-000162.color.png 0.999955 0.00943563 -0.000404666 -0.00302346 -0.00943744 0.999944 -0.00469654 0.00872649 0.00036033 0.00470011 0.999989 0.00131714 0.0 0.0 0.0 1.0
chess/seq-01/color/frame-000162.color.png chess/seq-01/color/frame-000164.color.png 0.999971 -0.000643437 -0.00755176 0.0148882 0.000685406 0.999984 0.00555282 -0.0115062 0.00754807 -0.0055578 0.999956 0.00960076 0.0 0.0 0.0 1.0
chess/seq-01/color/frame-000164.color.png chess/seq-01/color/frame-000166.color.png 0.999971 0.0063112 -0.00416251 0.0116276 -0.00632143 0.999977 -0.00244843 0.0078842 0.00414695 0.00247475 0.999988 0.00404775 0.0 0.0 0.0 1.0
chess/seq-01/color/frame-000166.color.png chess/seq-01/color/frame-000168.color.png 0.999933 0.0115427 -0.000934553 -0.00188656 -0.0115356 0.999907 0.0072497 -0.00789689 0.00101816 -0.00723862 0.999973 0.0113323 0.0 0.0 0.0 1.0
chess/seq-01/color/frame-000168.color.png chess/seq-01/color/frame-000170.color.png 0.999933 0.00768363 -0.0086023 0.0194188 -0.00763427 0.999954 0.00575563 -0.00618726 0.00864613 -0.00568942 0.999946 0.0105464 0.0 0.0 0.0 1.0
chess/seq-01/color/frame-000170.color.png chess/seq-01/color/frame-000172.color.png 0.999977 0.00618157 0.00274628 0.000273585 -0.0061872 0.999979 0.00204665 -0.000403285 -0.00273358 -0.00206357 0.999994 0.0117674 0.0 0.0 0.0 1.0
chess/seq-01/color/frame-000172.color.png chess/seq-01/color/frame-000174.color.png 0.99999 0.000648908 -0.00437376 0.013488 -0.000649016 1.0 -2.79359e-05 0.00253243 0.00437374 3.08222e-05 0.99999 0.00978005 0.0 0.0 0.0 1.0
chess/seq-01/color/frame-000174.color.png chess/seq-01/color/frame-000176.color.png 0.999963 0.00828641 -0.00230732 0.0146266 -0.0082768 0.999957 0.00414862 -0.00577244 0.0023416 -0.00412943 0.999989 0.0154712 0.0 0.0 0.0 1.0
chess/seq-01/color/frame-000176.color.png chess/seq-01/color/frame-000178.color.png 0.99995 0.00941108 -0.00350476 0.00586659 -0.0094136 0.999955 -0.00069853 0.00257353 0.00349801 0.000731648 0.999994 0.010102 0.0 0.0 0.0 1.0
chess/seq-01/color/frame-000178.color.png chess/seq-01/color/frame-000180.color.png 0.999735 0.0169659 -0.0155804 0.0324068 -0.0169829 0.999855 -0.000960521 0.00694986 0.0155618 0.00122492 0.999878 0.0061475 0.0 0.0 0.0 1.0
chess/seq-01/color/frame-000180.color.png chess/seq-01/color/frame-000182.color.png 0.999767 0.0210571 -0.00468538 0.0055214 -0.0210465 0.999776 0.00228457 0.00333364 0.00473245 -0.00218551 0.999986 0.0135304 0.0 0.0 0.0 1.0
chess/seq-01/color/frame-000182.color.png chess/seq-01/color/frame-000184.color.png 0.999821 0.0107281 -0.0155572 0.0261045 -0.0106603 0.999933 0.0044291 -0.0043976 0.0156037 -0.00426242 0.999869 0.0101086 0.0 0.0 0.0 1.0
chess/seq-01/color/frame-000184.color.png chess/seq-01/color/frame-000186.color.png 0.999926 0.00587278 -0.0106649 0.0106838 -0.00589078 0.999981 -0.00165728 0.00561121 0.010655 0.00171991 0.999942 0.00445104 0.0 0.0 0.0 1.0
chess/seq-01/color/frame-000186.color.png chess/seq-01/color/frame-000188.color.png 0.999733 0.000741412 -0.0231021 0.045326 -0.000482182 0.999937 0.0112248 -0.0147425 0.023109 -0.0112107 0.99967 0.0119908 0.0 0.0 0.0 1.0
chess/seq-01/color/frame-000188.color.png chess/seq-01/color/frame-000190.color.png 0.999922 0.0118068 -0.00409951 -0.00154315 -0.0117943 0.999926 0.00306261 -0.00494903 0.00413535 -0.00301401 0.999987 0.00845051 0.0 0.0 0.0 1.0
chess/seq-01/color/frame-000190.color.png chess/seq-01/color/frame-000192.color.png 0.999969 0.0051681 -0.00598314 0.0126093 -0.00515309 0.999984 0.00251875 -0.00581073 0.00599605 -0.00248792 0.999979 0.00687873 0.0 0.0 0.0 1.0
chess/seq-01/color/frame-000192.color.png chess/seq-01/color/frame-000194.color.png 0.999999 6.70744e-05 -0.00160447 0.00578287 -7.16292e-05 0.999996 -0.00283566 -0.0015476 0.00160428 0.00283592 0.999995 0.005867 0.0 0.0 0.0 1.0
chess/seq-01/color/frame-000194.color.png chess/seq-01/color/frame-000196.color.png 0.999922 0.00717491 -0.0101875 0.0194838 -0.00715829 0.999973 0.00166658 -0.00626862 0.0101993 -0.0015936 0.999947 0.00092411 0.0 0.0 0.0 1.0
chess/seq-01/color/frame-000196.color.png chess/seq-01/color/frame-000198.color.png 0.999834 0.018151 0.00119787 -0.00563027 -0.0181482 0.999833 -0.00234699 0.0042084 -0.00124025 0.00232492 0.999996 -0.00468922 0.0 0.0 0.0 1.0
chess/seq-01/color/frame-000198.color.png chess/seq-01/color/frame-000200.color.png 0.999501 0.0173854 -0.026365 0.0498607 -0.0174695 0.999843 -0.00296429 -0.000712827 0.0263093 0.00342352 0.999648 -0.0069989 0.0 0.0 0.0 1.0
chess/seq-01/color/frame-000200.color.png chess/seq-01/color/frame-000202.color.png 0.999603 0.0280802 -0.00221075 0.00832298 -0.0280921 0.99959 -0.00558183 0.00275297 0.00205308 0.00564166 0.999982 -0.00366354 0.0 0.0 0.0 1.0
chess/seq-01/color/frame-000202.color.png chess/seq-01/color/frame-000204.color.png 0.99982 0.0161243 -0.0100243 0.0146601 -0.0162596 0.999776 -0.0135663 0.026178 0.00980336 0.0137269 0.999858 -0.0155182 0.0 0.0 0.0 1.0
chess/seq-01/color/frame-000204.color.png chess/seq-01/color/frame-000206.color.png 0.999428 0.020333 -0.0270378 0.0534177 -0.0204269 0.999786 -0.00320162 0.00766046 0.0269669 0.00375188 0.999629 -0.0131189 0.0 0.0 0.0 1.0
chess/seq-01/color/frame-000206.color.png chess/seq-01/color/frame-000208.color.png 0.999727 0.0187878 -0.0139055 0.0282168 -0.0187934 0.999823 -0.000265979 0.00892787 0.0138981 0.000527501 0.999903 -0.00660682 0.0 0.0 0.0 1.0
chess/seq-01/color/frame-000208.color.png chess/seq-01/color/frame-000210.color.png 0.999542 0.0182023 -0.0241913 0.0433746 -0.018061 0.999819 0.00604169 -0.00257766 0.0242968 -0.00560206 0.999689 -0.00937843 0.0 0.0 0.0 1.0
chess/seq-01/color/frame-000210.color.png chess/seq-01/color/frame-000212.color.png 0.999857 0.00691656 -0.0154176 0.0296673 -0.00687467 0.999973 0.00276958 -0.0046713 0.0154364 -0.00266316 0.999877 -0.00150847 0.0 0.0 0.0 1.0
chess/seq-01/color/frame-000212.color.png chess/seq-01/color/frame-000214.color.png 0.99977 0.0114405 -0.0181639 0.0377242 -0.0115742 0.999907 -0.00727294 0.0218196 0.0180789 0.00748144 0.999809 -0.0124058 0.0 0.0 0.0 1.0
chess/seq-01/color/frame-000214.color.png chess/seq-01/color/frame-000216.color.png 0.99971 0.0091536 -0.0222751 0.0427635 -0.00912531 0.999958 0.00137119 0.00143592 0.0222867 -0.00116749 0.999751 -0.00522709 0.0 0.0 0.0 1.0
chess/seq-01/color/frame-000216.color.png chess/seq-01/color/frame-000218.color.png 0.999572 0.00604129 -0.0286185 0.0550787 -0.00598218 0.99998 0.00214927 -0.00146145 0.0286309 -0.0019772 0.999588 -0.0101216 0.0 0.0 0.0 1.0
chess/seq-01/color/frame-000218.color.png chess/seq-01/color/frame-000220.color.png 0.999698 0.0121375 -0.0213881 0.0428118 -0.0121567 0.999926 -0.000764029 0.00383941 0.0213772 0.00102379 0.999771 -0.00791502 0.0 0.0 0.0 1.0
chess/seq-01/color/frame-000220.color.png chess/seq-01/color/frame-000222.color.png 0.999739 0.00750457 -0.0215815 0.0463757 -0.00752549 0.999971 -0.000888047 0.00491662 0.0215742 0.00105029 0.999767 -0.00669074 0.0 0.0 0.0 1.0
chess/seq-01/color/frame-000222.color.png chess/seq-01/color/frame-000224.color.png 0.99995 0.00335545 -0.00939278 0.0195644 -0.00336413 0.999994 -0.000904337 0.00198394 0.00938976 0.00093597 0.999955 -0.00432384 0.0 0.0 0.0 1.0
chess/seq-01/color/frame-000224.color.png chess/seq-01/color/frame-000226.color.png 0.999859 0.00271436 -0.0165967 0.0411972 -0.00273559 0.999996 -0.00126293 0.00269794 0.0165932 0.00130809 0.999861 -0.00506806 0.0 0.0 0.0 1.0
chess/seq-01/color/frame-000226.color.png chess/seq-01/color/frame-000228.color.png 0.999887 0.00156914 -0.0149628 0.0364133 -0.00164246 0.999987 -0.00488289 0.00836941 0.0149549 0.00490711 0.999876 -0.00810659 0.0 0.0 0.0 1.0
chess/seq-01/color/frame-000228.color.png chess/seq-01/color/frame-000230.color.png 0.999859 8.15822e-05 -0.0167756 0.0413083 -7.30916e-05 1.0 0.000501922 -0.000692733 0.0167757 -0.000500725 0.999859 -0.00573254 0.0 0.0 0.0 1.0
chess/seq-01/color/frame-000230.color.png chess/seq-01/color/frame-000232.color.png 0.999873 0.0130285 -0.00922491 0.0218785 -0.0129993 0.99991 0.00322914 7.02441e-05 0.00926614 -0.00310883 0.999952 -0.00294614 0.0 0.0 0.0 1.0
chess/seq-01/color/frame-000232.color.png chess/seq-01/color/frame-000234.color.png 0.999914 -0.00155089 -0.0130493 0.0329016 0.00147504 0.999982 -0.00582369 0.00710148 0.0130581 0.00580399 0.999898 -0.00465393 0.0 0.0 0.0 1.0
chess/seq-01/color/frame-000234.color.png chess/seq-01/color/frame-000236.color.png 0.999952 -0.000653531 -0.00975718 0.0206465 0.000678074 0.999997 0.00251541 -0.0073839 0.00975553 -0.00252189 0.999949 -0.0014745 0.0 0.0 0.0 1.0
chess/seq-01/color/frame-000236.color.png chess/seq-01/color/frame-000238.color.png 0.999887 0.00584 -0.0138778 0.029827 -0.00587684 0.999979 -0.00261537 0.00346561 0.0138622 0.00269662 0.9999 -0.00193501 0.0 0.0 0.0 1.0
chess/seq-01/color/frame-000238.color.png chess/seq-01/color/frame-000240.color.png 0.999925 0.0075169 -0.00961924 0.0187629 -0.00757121 0.999956 -0.00562036 0.00844249 0.00957653 0.00569276 0.999938 -0.00418925 0.0 0.0 0.0 1.0
chess/seq-01/color/frame-000240.color.png chess/seq-01/color/frame-000242.color.png 0.999906 0.000664701 -0.0137058 0.0289919 -0.000660135 1.0 0.000336728 0.00065285 0.0137061 -0.000327644 0.999906 0.00062561 0.0 0.0 0.0 1.0
chess/seq-01/color/frame-000242.color.png chess/seq-01/color/frame-000244.color.png 0.99985 0.00723127 -0.0157268 0.0292878 -0.00725055 0.999973 -0.00117014 0.00332684 0.0157179 0.00128393 0.999876 -0.00153399 0.0 0.0 0.0 1.0
chess/seq-01/color/frame-000244.color.png chess/seq-01/color/frame-000246.color.png 0.999834 0.00939132 -0.0156089 0.0326989 -0.00945702 0.999947 -0.00414131 0.0102859 0.0155691 0.00428831 0.99987 -0.00199497 0.0 0.0 0.0 1.0
chess/seq-01/color/frame-000246.color.png chess/seq-01/color/frame-000248.color.png 0.999863 0.00977066 -0.013334 0.0214993 -0.00981351 0.999947 -0.00315226 0.00842841 0.0133026 0.00328263 0.999906 -0.000729561 0.0 0.0 0.0 1.0
chess/seq-01/color/frame-000248.color.png chess/seq-01/color/frame-000250.color.png 0.9997 0.00795559 -0.0231614 0.0450075 -0.00791792 0.999967 0.0017168 0.00159917 0.0231742 -0.00153284 0.99973 -0.0024792 0.0 0.0 0.0 1.0
chess/seq-01/color/frame-000250.color.png chess/seq-01/color/frame-000252.color.png 0.999829 0.013115 -0.0130104 0.0276605 -0.0131259 0.999913 -0.000755908 0.00343083 0.0129994 0.000926553 0.999915 0.000804543 0.0 0.0 0.0 1.0
chess/seq-01/color/frame-000252.color.png chess/seq-01/color/frame-000254.color.png 0.999731 0.00912396 -0.0213438 0.0423111 -0.00914745 0.999958 -0.00100003 0.010106 0.0213338 0.00119491 0.999772 0.000206947 0.0 0.0 0.0 1.0
chess/seq-01/color/frame-000254.color.png chess/seq-01/color/frame-000256.color.png 0.999827 0.00838942 -0.0166348 0.0370956 -0.00832142 0.999957 0.00415076 -0.00471375 0.0166689 -0.00401146 0.999853 -0.00373137 0.0 0.0 0.0 1.0
chess/seq-01/color/frame-000256.color.png chess/seq-01/color/frame-000258.color.png 0.999753 0.0145416 -0.0168292 0.0305741 -0.0144252 0.999871 0.00701735 -0.0103946 0.0169291 -0.00677297 0.999834 -0.000282407 0.0 0.0 0.0 1.0
chess/seq-01/color/frame-000258.color.png chess/seq-01/color/frame-000260.color.png 0.999833 0.0105073 -0.0149652 0.0311027 -0.0105535 0.99994 -0.00300419 0.00537517 0.0149327 0.00316156 0.999883 -0.00390732 0.0 0.0 0.0 1.0
chess/seq-01/color/frame-000260.color.png chess/seq-01/color/frame-000262.color.png 0.999817 -0.00384516 -0.0187487 0.0388927 0.00389649 0.999989 0.00269832 -0.00920814 0.0187382 -0.00277093 0.999821 -0.00483882 0.0 0.0 0.0 1.0
chess/seq-01/color/frame-000262.color.png chess/seq-01/color/frame-000264.color.png 0.999846 0.00881843 -0.015203 0.0313061 -0.0086386 0.999892 0.0118553 -0.0217936 0.0153058 -0.011722 0.999814 -0.00198328 0.0 0.0 0.0 1.0
chess/seq-01/color/frame-000264.color.png chess/seq-01/color/frame-000266.color.png 0.999895 0.00792646 -0.0121563 0.0295091 -0.00792891 0.999969 -0.000159489 -0.00360134 0.0121547 0.000255792 0.999926 -0.00269318 0.0 0.0 0.0 1.0
chess/seq-01/color/frame-000266.color.png chess/seq-01/color/frame-000268.color.png 0.999921 0.00558899 -0.0112337 0.0207642 -0.00564463 0.999972 -0.00492249 0.00368958 0.0112058 0.00498552 0.999925 -0.00472629 0.0 0.0 0.0 1.0
chess/seq-01/color/frame-000268.color.png chess/seq-01/color/frame-000270.color.png 0.999943 -0.00177395 -0.0105514 0.0261948 0.00179524 0.999996 0.00201102 -0.0101671 0.0105479 -0.0020299 0.999942 -0.00947106 0.0 0.0 0.0 1.0
chess/seq-01/color/frame-000270.color.png chess/seq-01/color/frame-000272.color.png 0.999682 -0.00361256 -0.0249556 0.0553278 0.00369163 0.999988 0.00312469 -0.0139427 0.0249439 -0.00321577 0.999684 -0.0121534 0.0 0.0 0.0 1.0
chess/seq-01/color/frame-000272.color.png chess/seq-01/color/frame-000274.color.png 0.999803 0.00569738 -0.0190189 0.0512396 -0.0059614 0.999886 -0.0138516 0.0165082 0.0189378 0.0139623 0.999723 -0.0173695 0.0 0.0 0.0 1.0
chess/seq-01/color/frame-000274.color.png chess/seq-01/color/frame-000276.color.png 0.999732 -0.00417977 -0.0227573 0.0557674 0.00405878 0.999977 -0.00535795 0.00576313 0.0227791 0.00526428 0.999727 -0.0145625 0.0 0.0 0.0 1.0
chess/seq-01/color/frame-000276.color.png chess/seq-01/color/frame-000278.color.png 0.999848 0.00412698 -0.0169455 0.0442955 -0.0041218 0.999991 0.000334708 0.0084683 0.0169468 -0.000264908 0.999856 -0.0140071 0.0 0.0 0.0 1.0
chess/seq-01/color/frame-000278.color.png chess/seq-01/color/frame-000280.color.png 0.999332 0.0245562 -0.0270844 0.069524 -0.0243925 0.999682 0.00636065 -0.00125406 0.027232 -0.00569576 0.999613 -0.0144286 0.0 0.0 0.0 1.0
chess/seq-01/color/frame-000280.color.png chess/seq-01/color/frame-000282.color.png 0.999817 0.00821976 -0.0172418 0.0434688 -0.00828772 0.999958 -0.00388119 0.0149797 0.0172092 0.00402336 0.999844 -0.0148019 0.0 0.0 0.0 1.0
chess/seq-01/color/frame-000282.color.png chess/seq-01/color/frame-000284.color.png 0.999292 0.0211871 -0.031083 0.0806713 -0.0213126 0.999766 -0.00371051 0.0170948 0.0309971 0.00437043 0.99951 -0.019519 0.0 0.0 0.0 1.0
chess/seq-01/color/frame-000284.color.png chess/seq-01/color/frame-000286.color.png 0.999777 0.0100105 -0.0185635 0.039238 -0.0100199 0.99995 -0.000418296 0.0139851 0.0185584 0.000604212 0.999827 -0.0136691 0.0 0.0 0.0 1.0
chess/seq-01/color/frame-000286.color.png chess/seq-01/color/frame-000288.color.png 0.999422 0.00779421 -0.0330997 0.0785562 -0.00749479 0.99993 0.00916391 -0.0106514 0.0331688 -0.00891064 0.99941 -0.0230529 0.0 0.0 0.0 1.0
chess/seq-01/color/frame-000288.color.png chess/seq-01/color/frame-000290.color.png 0.999789 0.0036206 -0.0202154 0.0536273 -0.0034968 0.999975 0.00615933 -0.00960885 0.0202373 -0.00608727 0.999777 -0.0152655 0.0 0.0 0.0 1.0
chess/seq-01/color/frame-000290.color.png chess/seq-01/color/frame-000292.color.png 0.999663 0.0110857 -0.0234686 0.0623804 -0.0112288 0.999919 -0.00597877 0.0254684 0.0234004 0.00624022 0.999707 -0.0141345 0.0 0.0 0.0 1.0
chess/seq-01/color/frame-000292.color.png chess/seq-01/color/frame-000294.color.png 0.999747 0.0190699 -0.0119148 0.0258914 -0.0191484 0.999795 -0.00650384 0.0224624 0.0117883 0.00673036 0.999908 -0.00936162 0.0 0.0 0.0 1.0
chess/seq-01/color/frame-000294.color.png chess/seq-01/color/frame-000296.color.png 0.999685 0.00724876 -0.024047 0.0602972 -0.0073977 0.999954 -0.00611307 0.0116878 0.0240016 0.00628902 0.999692 -0.0216881 0.0 0.0 0.0 1.0
chess/seq-01/color/frame-000296.color.png chess/seq-01/color/frame-000298.color.png 0.999953 -0.00200362 -0.0095067 0.0302329 0.00192932 0.999968 -0.00782257 0.00928222 0.00952198 0.00780399 0.999924 -0.00921893 0.0 0.0 0.0 1.0
chess/seq-01/color/frame-000298.color.png chess/seq-01/color/frame-000300.color.png 0.999967 0.00524998 -0.00614822 0.0262647 -0.0052907 0.999964 -0.00664236 0.00140227 0.00611321 0.00667466 0.999959 -0.00581121 0.0 0.0 0.0 1.0
chess/seq-01/color/frame-000300.color.png chess/seq-01/color/frame-000302.color.png 0.999965 -0.00323033 0.00766404 0.00234294 0.00330947 0.999941 -0.0103535 -0.000767376 -0.00763022 0.0103785 0.999917 0.00658166 0.0 0.0 0.0 1.0
chess/seq-01/color/frame-000302.color.png chess/seq-01/color/frame-000304.color.png 0.999689 -0.0247703 -0.00284647 0.0199285 0.0247492 0.999667 -0.0072788 -0.0119747 0.00302578 0.00720613 0.999969 -0.00733721 0.0 0.0 0.0 1.0
chess/seq-01/color/frame-000304.color.png chess/seq-01/color/frame-000306.color.png 0.999952 -0.00895243 0.00407633 0.0116946 0.00899442 0.999905 -0.0104254 -0.0133661 -0.00398255 0.0104616 0.999937 0.00215828 0.0 0.0 0.0 1.0
chess/seq-01/color/frame-000306.color.png chess/seq-01/color/frame-000308.color.png 0.999799 -0.0200287 -0.000655463 0.0198682 0.0200166 0.999685 -0.0151067 -0.000987582 0.000957787 0.0150904 0.999886 -0.0155404 0.0 0.0 0.0 1.0
chess/seq-01/color/frame-000308.color.png chess/seq-01/color/frame-000310.color.png 0.999965 -0.00374066 0.00750375 0.0113616 0.00390159 0.99976 -0.021553 0.0217084 -0.00742131 0.0215815 0.999739 -0.0073874 0.0 0.0 0.0 1.0
chess/seq-01/color/frame-000310.color.png chess/seq-01/color/frame-000312.color.png 0.999937 -0.00198632 0.0110564 0.00298995 0.00221266 0.999788 -0.0204874 0.0205528 -0.0110134 0.0205105 0.999729 -0.00716364 0.0 0.0 0.0 1.0
chess/seq-01/color/frame-000312.color.png chess/seq-01/color/frame-000314.color.png 0.999976 -0.00618554 0.0030444 0.0188751 0.00620113 0.999967 -0.00516214 -0.00399587 -0.00301239 0.00518086 0.999982 -0.0169613 0.0 0.0 0.0 1.0
chess/seq-01/color/frame-000314.color.png chess/seq-01/color/frame-000316.color.png 0.999856 -0.0100818 0.0136082 -0.000350714 0.0101474 0.999937 -0.00476175 0.00156868 -0.0135595 0.00489925 0.999896 -0.00693631 0.0 0.0 0.0 1.0
chess/seq-01/color/frame-000316.color.png chess/seq-01/color/frame-000318.color.png 0.999959 -0.00393296 -0.00817257 0.0259963 0.00390128 0.999985 -0.00389439 -0.00139281 0.00818782 0.00386227 0.999959 -0.0254941 0.0 0.0 0.0 1.0
chess/seq-01/color/frame-000318.color.png chess/seq-01/color/frame-000320.color.png 0.999923 -0.0079367 -0.00951423 0.0324112 0.00787737 0.999949 -0.00625385 0.00511713 0.00956341 0.00617828 0.999935 -0.0321318 0.0 0.0 0.0 1.0
chess/seq-01/color/frame-000320.color.png chess/seq-01/color/frame-000322.color.png 0.999883 -0.0150928 -0.0023881 0.0180507 0.0150697 0.999842 -0.00939627 -0.0138503 0.00252944 0.00935933 0.999953 -0.0301113 0.0 0.0 0.0 1.0
chess/seq-01/color/frame-000322.color.png chess/seq-01/color/frame-000324.color.png 0.999903 -0.00666479 0.0121927 -0.00528646 0.00687924 0.999821 -0.0176371 0.0134338 -0.0120729 0.0177192 0.99977 -0.00552499 0.0 0.0 0.0 1.0
chess/seq-01/color/frame-000324.color.png chess/seq-01/color/frame-000326.color.png 0.999767 -0.00972109 0.0192817 -0.0212553 0.0101623 0.999686 -0.0229185 0.0194072 -0.0190528 0.0231091 0.999551 -0.00420582 0.0 0.0 0.0 1.0
chess/seq-01/color/frame-000326.color.png chess/seq-01/color/frame-000328.color.png 0.999859 -0.0149124 0.00771277 -0.0194211 0.0149988 0.999824 -0.011263 -0.00372928 -0.00754349 0.0113772 0.999907 -0.00864279 0.0 0.0 0.0 1.0
chess/seq-01/color/frame-000328.color.png chess/seq-01/color/frame-000330.color.png 0.999764 -0.0216974 -0.00117221 -0.00724089 0.0216776 0.999654 -0.0148902 0.0037633 0.00149491 0.0148612 0.999888 -0.0206034 0.0 0.0 0.0 1.0
chess/seq-01/color/frame-000330.color.png chess/seq-01/color/frame-000332.color.png 0.999844 -0.0175757 -0.00146408 -0.0147593 0.0175563 0.999771 -0.0122865 -0.00598693 0.0016797 0.0122589 0.999923 -0.0319366 0.0 0.0 0.0 1.0
chess/seq-01/color/frame-000332.color.png chess/seq-01/color/frame-000334.color.png 0.99993 -0.0117708 0.00121271 -0.0113428 0.0117783 0.999911 -0.00621361 -0.0114172 -0.0011396 0.00622746 0.99998 -0.0173173 0.0 0.0 0.0 1.0
chess/seq-01/color/frame-000334.color.png chess/seq-01/color/frame-000336.color.png 0.999819 -0.0162773 0.00989419 -0.0205868 0.0163653 0.999827 -0.00888957 -0.00713828 -0.00974771 0.00904981 0.999912 -0.0191804 0.0 0.0 0.0 1.0
chess/seq-01/color/frame-000336.color.png chess/seq-01/color/frame-000338.color.png 0.999686 -0.0250394 0.00043636 -0.0150985 0.0250424 0.999645 -0.00912245 -0.0207577 -0.000207822 0.0091305 0.999958 -0.0283604 0.0 0.0 0.0 1.0
chess/seq-01/color/frame-000338.color.png chess/seq-01/color/frame-000340.color.png 0.999794 -0.0202621 0.000679381 0.00612164 0.0202676 0.999752 -0.00919096 -0.00437631 -0.000492951 0.00920285 0.999958 -0.0212705 0.0 0.0 0.0 1.0
chess/seq-01/color/frame-000340.color.png chess/seq-01/color/frame-000342.color.png 0.999878 -0.00452132 0.014947 -0.0186826 0.00479243 0.999824 -0.0181568 0.0183997 -0.0148622 0.0182263 0.999723 -0.00460982 0.0 0.0 0.0 1.0
chess/seq-01/color/frame-000342.color.png chess/seq-01/color/frame-000344.color.png 0.999967 -0.00809263 -0.00131178 -0.00169933 0.00805503 0.999614 -0.0265956 0.025001 0.00152647 0.0265841 0.999645 -0.0257214 0.0 0.0 0.0 1.0
chess/seq-01/color/frame-000344.color.png chess/seq-01/color/frame-000346.color.png 0.999983 0.00293655 -0.00510575 0.0208361 -0.00304878 0.999751 -0.0221225 0.0249492 0.00503967 0.0221377 0.999742 -0.0362195 0.0 0.0 0.0 1.0
chess/seq-01/color/frame-000346.color.png chess/seq-01/color/frame-000348.color.png 0.999994 -0.00130602 -0.00329619 0.00656772 0.00125289 0.99987 -0.0160627 0.0233117 0.00331669 0.0160584 0.999866 -0.0258858 0.0 0.0 0.0 1.0
chess/seq-01/color/frame-000348.color.png chess/seq-01/color/frame-000350.color.png 0.999956 -0.00580416 -0.00732417 0.0228772 0.00564219 0.999743 -0.0219413 0.0266643 0.00744962 0.0218989 0.999732 -0.0409873 0.0 0.0 0.0 1.0
chess/seq-01/color/frame-000350.color.png chess/seq-01/color/frame-000352.color.png 0.999996 -0.000779359 -0.00291051 0.0212926 0.000725234 0.999828 -0.0185586 0.0177727 0.00292438 0.0185565 0.999824 -0.0354538 0.0 0.0 0.0 1.0
