chess/seq-01/color/frame-000002.color.png chess/seq-01/color/frame-000005.color.png 0.999996 -0.00265838 -0.00127197 0.00145002 0.00265468 0.999992 -0.0028966 -0.00261037 0.00127966 0.00289321 0.999995 0.00239034 0.0 0.0 0.0 1.0
chess/seq-01/color/frame-000005.color.png chess/seq-01/color/frame-000008.color.png 0.999996 0.00258968 -0.000920228 -0.00158285 -0.00258938 0.999997 0.000323555 0.00129157 0.000921063 -0.000321171 1.0 -0.00267967 0.0 0.0 0.0 1.0
chess/seq-01/color/frame-000008.color.png chess/seq-01/color/frame-000011.color.png 0.999989 0.00450645 -0.00108713 -0.00225167 -0.00450457 0.999988 0.00172578 0.00143878 0.0010949 -0.00172086 0.999998 0.00204846 0.0 0.0 0.0 1.0
chess/seq-01/color/frame-000011.color.png chess/seq-01/color/frame-000014.color.png 1.0 0.000135155 -0.000173467 -0.00167989 -0.000134782 0.999998 0.00215629 -0.00180185 0.000173758 -0.00215627 0.999998 0.00232258 0.0 0.0 0.0 1.0
chess/seq-01/color/frame-000014.color.png chess/seq-01/color/frame-000017.color.png 0.999972 -0.00332105 -0.00671853 -0.00302829 0.0033145 0.999994 -0.000986245 0.00399947 0.00672177 0.000963948 0.999977 0.00886169 0.0 0.0 0.0 1.0
chess/seq-01/color/frame-000017.color.png chess/seq-01/color/frame-000020.color.png 0.999963 -0.00791811 -0.00335125 0.00257354 0.00796789 0.999854 0.0151119 -0.00323187 0.0032311 -0.0151381 0.99988 0.0193644 0.0 0.0 0.0 1.0
chess/seq-01/color/frame-000020.color.png chess/seq-01/color/frame-000023.color.png 0.999947 -0.00631295 -0.00808797 0.00450094 0.00641513 0.999899 0.0126704 -0.00457938 0.00800716 -0.0127216 0.999887 0.0238896 0.0 0.0 0.0 1.0
chess/seq-01/color/frame-000023.color.png chess/seq-01/color/frame-000026.color.png 0.999976 -0.00524894 -0.00452304 0.00549131 0.00528416 0.999956 0.00781087 0.00108413 0.00448185 -0.00783459 0.999959 0.01732 0.0 0.0 0.0 1.0
chess/seq-01/color/frame-000026.color.png chess/seq-01/color/frame-000029.color.png 0.999992 -0.00386273 -0.00112236 -0.0002763 0.00387504 0.99993 0.0111856 -0.00641242 0.00107908 -0.0111899 0.999937 0.0203979 0.0 0.0 0.0 1.0
chess/seq-01/color/frame-000029.color.png chess/seq-01/color/frame-000032.color.png 0.999934 -0.0112011 0.00256602 0.00340044 0.0111752 0.999888 0.00991588 0.00741425 -0.00267681 -0.00988654 0.999948 0.0213035 0.0 0.0 0.0 1.0
chess/seq-01/color/frame-000032.color.png chess/seq-01/color/frame-000035.color.png 0.99983 -0.0168122 0.00756058 -0.0127548 0.0166893 0.999732 0.0160405 -0.0156265 -0.00782822 -0.0159116 0.999843 0.0262358 0.0 0.0 0.0 1.0
chess/seq-01/color/frame-000035.color.png chess/seq-01/color/frame-000038.color.png 0.999974 -0.00273766 0.00667059 0.00380084 0.00266901 0.999944 0.0102774 -0.00105297 -0.00669836 -0.0102593 0.999925 0.0259297 0.0 0.0 0.0 1.0
chess/seq-01/color/frame-000038.color.png chess/seq-01/color/frame-000041.color.png 0.999998 0.00055127 -0.00214461 -0.00287656 -0.000536552 0.999976 0.00685577 0.00118515 0.00214834 -0.00685461 0.999974 0.0269166 0.0 0.0 0.0 1.0
chess/seq-01/color/frame-000041.color.png chess/seq-01/color/frame-000044.color.png 0.999994 -0.00256659 -0.00234552 -0.00858167 0.0025763 0.999988 0.00414634 -0.00866053 0.00233485 -0.00415234 0.999989 0.025791 0.0 0.0 0.0 1.0
chess/seq-01/color/frame-000044.color.png chess/seq-01/color/frame-000047.color.png 0.999932 -0.00667108 -0.00953027 0.00293932 0.00672963 0.999959 0.00612416 -0.000426652 0.00948902 -0.00618788 0.999936 0.0329177 0.0 0.0 0.0 1.0
chess/seq-01/color/frame-000047.color.png chess/seq-01/color/frame-000050.color.png 0.999778 -0.018394 -0.0102677 0.0152476 0.0184485 0.999816 0.00523816 0.00336932 0.0101695 -0.00542643 0.999934 0.0377373 0.0 0.0 0.0 1.0
chess/seq-01/color/frame-000050.color.png chess/seq-01/color/frame-000053.color.png 0.999757 -0.012964 -0.0178255 0.0153595 0.0130869 0.999891 0.00679568 -0.00372195 0.0177354 -0.00702731 0.999818 0.0328955 0.0 0.0 0.0 1.0
chess/seq-01/color/frame-000053.color.png chess/seq-01/color/frame-000056.color.png 0.999905 -0.0134385 -0.0029911 0.0113662 0.0134857 0.999775 0.0163637 -0.00369116 0.00277054 -0.0164026 0.999862 0.0380167 0.0 0.0 0.0 1.0
chess/seq-01/color/frame-000056.color.png chess/seq-01/color/frame-000059.color.png 0.999926 -0.00994449 -0.00694724 0.0243951 0.0100704 0.999781 0.0183249 -0.000215957 0.00676347 -0.0183935 0.999808 0.0364612 0.0 0.0 0.0 1.0
chess/seq-01/color/frame-000059.color.png chess/seq-01/color/frame-000062.color.png 0.999985 -0.00134528 0.00525109 0.00811727 0.00130826 0.999974 0.00704759 -0.0051011 -0.00526043 -0.00704059 0.999961 0.0263449 0.0 0.0 0.0 1.0
chess/seq-01/color/frame-000062.color.png chess/seq-01/color/frame-000065.color.png 0.999952 0.00500922 0.00842906 0.0130322 -0.00511038 0.999915 0.0120245 -0.00192472 -0.00836811 -0.012067 0.999892 0.0255522 0.0 0.0 0.0 1.0
chess/seq-01/color/frame-000065.color.png chess/seq-01/color/frame-000068.color.png 0.999816 -0.0146503 0.0123643 0.00670288 0.0144809 0.999802 0.0136783 -0.0145364 -0.0125622 -0.0134968 0.99983 0.0316688 0.0 0.0 0.0 1.0
chess/seq-01/color/frame-000068.color.png chess/seq-01/color/frame-000071.color.png 0.999995 -0.000735055 0.0029932 0.0170566 0.000720082 0.999987 0.00499505 0.00329306 -0.00299683 -0.00499285 0.999983 0.0286545 0.0 0.0 0.0 1.0
chess/seq-01/color/frame-000071.color.png chess/seq-01/color/frame-000074.color.png 0.999957 -0.00915249 0.00160513 0.0108969 0.00914182 0.999937 0.00656219 -0.00770045 -0.00166508 -0.00654728 0.999977 0.0373182 0.0 0.0 0.0 1.0
chess/seq-01/color/frame-000074.color.png chess/seq-01/color/frame-000077.color.png 0.999948 -0.00955032 -0.00361154 0.0174965 0.00956405 0.999947 0.00379964 -0.00227863 0.00357506 -0.00383395 0.999986 0.0213519 0.0 0.0 0.0 1.0
chess/seq-01/color/frame-000077.color.png chess/seq-01/color/frame-000080.color.png 0.999851 -0.00396344 0.0168134 0.00494 0.00372312 0.999891 0.0142987 -0.0149813 -0.0168682 -0.014234 0.999756 0.0359702 0.0 0.0 0.0 1.0
chess/seq-01/color/frame-000080.color.png chess/seq-01/color/frame-000083.color.png 0.999966 -0.00737361 -0.00366687 0.0136081 0.0073933 0.999958 0.00537622 -0.00442927 0.00362706 -0.00540311 0.999979 0.0380734 0.0 0.0 0.0 1.0
chess/seq-01/color/frame-000083.color.png chess/seq-01/color/frame-000086.color.png 0.999929 -0.00598189 -0.0103263 0.0112197 0.0059452 0.999976 -0.00357872 -0.000368461 0.0103475 0.00351706 0.99994 0.0319372 0.0 0.0 0.0 1.0
chess/seq-01/color/frame-000086.color.png chess/seq-01/color/frame-000089.color.png 0.999983 -0.000645343 0.00580379 -0.00492799 0.000689037 0.999971 -0.007531 0.0126459 -0.00579876 0.00753483 0.999955 0.0286679 0.0 0.0 0.0 1.0
chess/seq-01/color/frame-000089.color.png chess/seq-01/color/frame-000092.color.png 0.999993 0.000449234 -0.00380581 0.0165619 -0.000371753 0.999793 0.0203304 -0.00810855 0.00381416 -0.0203288 0.999786 0.0552564 0.0 0.0 0.0 1.0
chess/seq-01/color/frame-000092.color.png chess/seq-01/color/frame-000095.color.png 0.999972 -0.00532522 -0.00527819 0.0127649 0.0053778 0.999936 0.0100005 -0.00323978 0.00522458 -0.0100286 0.999936 0.0314928 0.0 0.0 0.0 1.0
chess/seq-01/color/frame-000095.color.png chess/seq-01/color/frame-000098.color.png 0.999998 -0.00108483 -0.00147894 0.00819147 0.00109848 0.999957 0.0092386 -0.00405659 0.00146885 -0.00924018 0.999956 0.0293828 0.0 0.0 0.0 1.0
chess/seq-01/color/frame-000098.color.png chess/seq-01/color/frame-000101.color.png 0.99997 0.00671216 -0.00373051 -0.00179893 -0.0066414 0.999804 0.0186726 -0.0150466 0.00385511 -0.0186473 0.999819 0.0334845 0.0 0.0 0.0 1.0
chess/seq-01/color/frame-000101.color.png chess/seq-01/color/frame-000104.color.png 0.999935 0.00208969 -0.0112419 0.00542879 -0.00186306 0.999796 0.0201318 -0.0196341 0.0112817 -0.0201095 0.999734 0.0368786 0.0 0.0 0.0 1.0
chess/seq-01/color/frame-000104.color.png chess/seq-01/color/frame-000107.color.png 0.999969 -0.00474031 -0.00621661 0.00186798 0.00481545 0.999915 0.0121339 -0.0215319 0.00615857 -0.0121635 0.999907 0.033864 0.0 0.0 0.0 1.0
chess/seq-01/color/frame-000107.color.png chess/seq-01/color/frame-000110.color.png 0.999956 -0.0083808 -0.0042797 -0.00944525 0.00840168 0.999953 0.00488092 0.000437709 0.00423859 -0.00491659 0.999979 0.0323774 0.0 0.0 0.0 1.0
chess/seq-01/color/frame-000110.color.png chess/seq-01/color/frame-000113.color.png 0.99994 -0.0107926 0.00185195 -0.00813194 0.0107594 0.999796 0.0170964 -0.0207323 -0.00203609 -0.0170755 0.999852 0.0340304 0.0 0.0 0.0 1.0
chess/seq-01/color/frame-000113.color.png chess/seq-01/color/frame-000116.color.png 0.999995 -0.00299895 -0.00123049 -0.00574605 0.00301571 0.999899 0.0138632 -0.0165738 0.00118877 -0.0138668 0.999903 0.0282373 0.0 0.0 0.0 1.0
chess/seq-01/color/frame-000116.color.png chess/seq-01/color/frame-000119.color.png 0.999994 0.00158109 0.00306112 -0.0185202 -0.00162751 0.999883 0.0152283 -0.0154488 -0.00303666 -0.0152332 0.999879 0.0378822 0.0 0.0 0.0 1.0
chess/seq-01/color/frame-000119.color.png chess/seq-01/color/frame-000122.color.png 0.999996 0.00195795 0.00225521 -0.0145052 -0.00198056 0.999947 0.0100774 -0.0140689 -0.00223538 -0.0100818 0.999947 0.0349638 0.0 0.0 0.0 1.0
chess/seq-01/color/frame-000122.color.png chess/seq-01/color/frame-000125.color.png 0.99999 -0.00442208 -0.000957832 -0.0126085 0.00442812 0.99997 0.00640818 -0.0098152 0.000929481 -0.00641245 0.999979 0.0295004 0.0 0.0 0.0 1.0
chess/seq-01/color/frame-000125.color.png chess/seq-01/color/frame-000128.color.png 0.999948 -0.00436016 0.00918864 -0.0189893 0.00435581 0.99999 0.000497603 -0.00520911 -0.00919074 -0.000457491 0.999958 0.0292602 0.0 0.0 0.0 1.0
chess/seq-01/color/frame-000128.color.png chess/seq-01/color/frame-000131.color.png 0.999861 -0.0164177 -0.0030376 -0.000397101 0.0163897 0.999825 -0.00899687 0.0112585 0.00318477 0.00894583 0.999955 0.0236551 0.0 0.0 0.0 1.0
chess/seq-01/color/frame-000131.color.png chess/seq-01/color/frame-000134.color.png 0.999952 0.00742178 0.0064369 -0.0091797 -0.00755452 0.999754 0.0208475 -0.01692 -0.00628058 -0.0208952 0.999762 0.026142 0.0 0.0 0.0 1.0
chess/seq-01/color/frame-000134.color.png chess/seq-01/color/frame-000137.color.png 0.999926 0.00891088 -0.00822829 0.0159867 -0.00871735 0.999691 0.0232657 -0.0199568 0.00843306 -0.0231922 0.999695 0.0289296 0.0 0.0 0.0 1.0
chess/seq-01/color/frame-000137.color.png chess/seq-01/color/frame-000140.color.png 0.999665 0.0256324 -0.00350395 0.0113267 -0.0255085 0.999171 0.0317218 -0.0324062 0.00431415 -0.0316218 0.999491 0.0297216 0.0 0.0 0.0 1.0
chess/seq-01/color/frame-000140.color.png chess/seq-01/color/frame-000143.color.png 0.999623 0.0255452 -0.0100742 0.0183858 -0.0252436 0.99926 0.0290054 -0.018498 0.0108077 -0.0287401 0.999528 0.0265839 0.0 0.0 0.0 1.0
chess/seq-01/color/frame-000143.color.png chess/seq-01/color/frame-000146.color.png 0.999843 0.0172317 -0.0040509 0.0135388 -0.0171188 0.999504 0.026429 -0.0238675 0.0045043 -0.0263555 0.999642 0.024137 0.0 0.0 0.0 1.0
chess/seq-01/color/frame-000146.color.png chess/seq-01/color/frame-000149.color.png 0.999895 0.00511829 -0.0135435 0.0308817 -0.00489896 0.999857 0.0161757 -0.00934217 0.0136244 -0.0161076 0.999777 0.0250454 0.0 0.0 0.0 1.0
chess/seq-01/color/frame-000149.color.png chess/seq-01/color/frame-000152.color.png 0.999974 0.00546745 -0.0046191 0.0198029 -0.00543112 0.999955 0.00784529 -0.00117056 0.00466178 -0.00781999 0.999959 0.0170679 0.0 0.0 0.0 1.0
chess/seq-01/color/frame-000152.color.png chess/seq-01/color/frame-000155.color.png 0.999993 0.00366543 0.000304808 0.013779 -0.00366964 0.999877 0.0152621 -0.0141625 -0.000248828 -0.0152631 0.999883 0.0159332 0.0 0.0 0.0 1.0
chess/seq-01/color/frame-000155.color.png chess/seq-01/color/frame-000158.color.png 0.999989 0.0042989 -0.00172593 0.0120292 -0.00428666 0.999966 0.0070258 -0.00711761 0.00175609 -0.00701844 0.999974 0.014387 0.0 0.0 0.0 1.0
chess/seq-01/color/frame-000158.color.png chess/seq-01/color/frame-000161.color.png 0.999891 0.0139281 0.00478085 -0.00435093 -0.0139363 0.999902 0.00167215 -0.000626512 -0.0047571 -0.00173857 0.999987 0.0100433 0.0 0.0 0.0 1.0
chess/seq-01/color/frame-000161.color.png chess/seq-01/color/frame-000164.color.png 0.999943 0.00399716 -0.00990628 0.0165751 -0.0039836 0.999991 0.00138855 -0.00138135 0.00991172 -0.00134895 0.99995 0.00803804 0.0 0.0 0.0 1.0
chess/seq-01/color/frame-000164.color.png chess/seq-01/color/frame-000167.color.png 0.999885 0.0146781 -0.00370205 0.00876035 -0.0146695 0.99989 0.0023571 0.00174507 0.00373625 -0.00230249 0.99999 0.00865138 0.0 0.0 0.0 1.0
chess/seq-01/color/frame-000167.color.png chess/seq-01/color/frame-000170.color.png 0.999886 0.0110861 -0.0102812 0.0212661 -0.0109997 0.999904 0.00842695 -0.00899368 0.0103737 -0.0083128 0.999912 0.0170387 0.0 0.0 0.0 1.0
chess/seq-01/color/frame-000170.color.png chess/seq-01/color/frame-000173.color.png 0.99997 0.0068195 0.00367366 -0.000739709 -0.00682831 0.999974 0.0023931 -0.00195736 -0.00365725 -0.00241827 0.99999 0.0175643 0.0 0.0 0.0 1.0
chess/seq-01/color/frame-000173.color.png chess/seq-01/color/frame-000176.color.png 0.99994 0.00905718 -0.00617777 0.0257042 -0.00902736 0.999947 0.0048399 -0.00533861 0.00622127 -0.00478372 0.999969 0.0191693 0.0 0.0 0.0 1.0
chess/seq-01/color/frame-000176.color.png chess/seq-01/color/frame-000179.color.png 0.999789 0.0164988 -0.012272 0.0228239 -0.0165023 0.999864 -0.000179702 0.00244145 0.0122673 0.000382162 0.999925 0.0154496 0.0 0.0 0.0 1.0
chess/seq-01/color/frame-000179.color.png chess/seq-01/color/frame-000182.color.png 0.999363 0.0331377 -0.0132425 0.0240385 -0.0331014 0.999448 0.00295126 0.0044213 0.013333 -0.00251111 0.999908 0.0152571 0.0 0.0 0.0 1.0
chess/seq-01/color/frame-000182.color.png chess/seq-01/color/frame-000185.color.png 0.999751 0.0149386 -0.0165535 0.0223002 -0.0148859 0.999884 0.00330115 -0.000797953 0.0166009 -0.00305386 0.999857 0.0163445 0.0 0.0 0.0 1.0
chess/seq-01/color/frame-000185.color.png chess/seq-01/color/frame-000188.color.png 0.999577 0.00466484 -0.0287186 0.0494095 -0.00440289 0.999948 0.00917769 -0.00876009 0.0287599 -0.00904742 0.999545 0.010938 0.0 0.0 0.0 1.0
chess/seq-01/color/frame-000188.color.png chess/seq-01/color/frame-000191.color.png 0.99985 0.010095 -0.0140887 0.0218109 -0.0100363 0.999941 0.00422603 -0.00797526 0.0141306 -0.00408402 0.999892 0.0121695 0.0 0.0 0.0 1.0
chess/seq-01/color/frame-000191.color.png chess/seq-01/color/frame-000194.color.png 0.999983 0.00577747 -0.000889631 0.00285406 -0.0057765 0.999983 0.00109445 -0.0105104 0.000895933 -0.00108918 0.999999 0.0110227 0.0 0.0 0.0 1.0
chess/seq-01/color/frame-000194.color.png chess/seq-01/color/frame-000197.color.png 0.999855 0.012986 -0.0110432 0.0248927 -0.0130447 0.999901 -0.0052644 0.00511796 0.0109737 0.00540769 0.999925 -0.00351763 0.0 0.0 0.0 1.0
chess/seq-01/color/frame-000197.color.png chess/seq-01/color/frame-000200.color.png 0.999369 0.0237464 -0.0263992 0.0487081 -0.0237831 0.999717 -0.0010766 -0.00214469 0.0263661 0.00170366 0.999651 -0.00895023 0.0 0.0 0.0 1.0
chess/seq-01/color/frame-000200.color.png chess/seq-01/color/frame-000203.color.png 0.999178 0.0404955 -0.001965 0.00244667 -0.0405291 0.998934 -0.0221117 0.0383717 0.00106747 0.0221731 0.999754 -0.0130785 0.0 0.0 0.0 1.0
chess/seq-01/color/frame-000203.color.png chess/seq-01/color/frame-000206.color.png 0.999039 0.0273467 -0.0342594 0.0650479 -0.0273947 0.999624 -0.000930679 0.000842722 0.0342211 0.00186844 0.999413 -0.0173062 0.0 0.0 0.0 1.0
chess/seq-01/color/frame-000206.color.png chess/seq-01/color/frame-000209.color.png 0.999398 0.0264257 -0.0224773 0.0436426 -0.0264651 0.999649 -0.00145973 0.0171413 0.0224307 0.00205367 0.999746 -0.0126462 0.0 0.0 0.0 1.0
chess/seq-01/color/frame-000209.color.png chess/seq-01/color/frame-000212.color.png 0.999397 0.0205751 -0.0279714 0.049868 -0.0203801 0.999766 0.00723754 -0.0094539 0.0281138 -0.00666322 0.999582 -0.00598395 0.0 0.0 0.0 1.0
chess/seq-01/color/frame-000212.color.png chess/seq-01/color/frame-000215.color.png 0.999317 0.0175166 -0.0325336 0.0660867 -0.0175878 0.999844 -0.00190442 0.0138971 0.0324952 0.00247541 0.999469 -0.0107548 0.0 0.0 0.0 1.0
chess/seq-01/color/frame-000215.color.png chess/seq-01/color/frame-000218.color.png 0.999166 0.00662699 -0.0402874 0.0799822 -0.00663365 0.999978 -3.31263e-05 0.00401598 0.0402862 0.000300262 0.999188 -0.0139214 0.0 0.0 0.0 1.0
chess/seq-01/color/frame-000218.color.png chess/seq-01/color/frame-000221.color.png 0.999316 0.0131634 -0.0345561 0.0730603 -0.0131866 0.999913 -0.000441583 0.00519076 0.0345473 0.000896952 0.999403 -0.00994992 0.0 0.0 0.0 1.0
chess/seq-01/color/frame-000221.color.png chess/seq-01/color/frame-000224.color.png 0.999727 0.00685832 -0.0223207 0.0478329 -0.00683941 0.999976 0.000921239 -0.00258232 0.0223265 -0.000768335 0.99975 -0.0101535 0.0 0.0 0.0 1.0
chess/seq-01/color/frame-000224.color.png chess/seq-01/color/frame-000227.color.png 0.999762 0.00886412 -0.0199179 0.0455688 -0.00892438 0.999956 -0.00293923 0.00484828 0.019891 0.00311629 0.999797 -0.00768971 0.0 0.0 0.0 1.0
chess/seq-01/color/frame-000227.color.png chess/seq-01/color/frame-000230.color.png 0.999757 0.00722301 -0.0208461 0.049328 -0.00727064 0.999971 -0.00220955 0.00425736 0.0208296 0.00236055 0.99978 -0.00722277 0.0 0.0 0.0 1.0
chess/seq-01/color/frame-000230.color.png chess/seq-01/color/frame-000233.color.png 0.999811 0.012646 -0.0147908 0.0349922 -0.0126314 0.99992 0.00107843 0.000223292 0.0148032 -0.000891455 0.99989 -0.00329602 0.0 0.0 0.0 1.0
chess/seq-01/color/frame-000233.color.png chess/seq-01/color/frame-000236.color.png 0.999867 -0.0028467 -0.0160543 0.0385107 0.00281669 0.999994 -0.00189072 0.000911899 0.0160595 0.0018453 0.999869 -0.00519264 0.0 0.0 0.0 1.0
chess/seq-01/color/frame-000236.color.png chess/seq-01/color/frame-000239.color.png 0.999772 0.0117219 -0.0178423 0.0381024 -0.0118124 0.999918 -0.00497171 0.00744541 0.0177826 0.00518131 0.999828 -0.00266767 0.0 0.0 0.0 1.0
chess/seq-01/color/frame-000239.color.png chess/seq-01/color/frame-000242.color.png 0.999789 -0.0019917 -0.0204242 0.044998 0.00194626 0.999996 -0.00224914 0.00433037 0.0204287 0.00220883 0.999789 -0.00129902 0.0 0.0 0.0 1.0
chess/seq-01/color/frame-000242.color.png chess/seq-01/color/frame-000245.color.png 0.999611 0.0114272 -0.0254276 0.0499473 -0.0114801 0.999932 -0.00193446 0.00411459 0.0254037 0.00222561 0.999675 -0.00164485 0.0 0.0 0.0 1.0
chess/seq-01/color/frame-000245.color.png chess/seq-01/color/frame-000248.color.png 0.999645 0.0162705 -0.0210725 0.0377267 -0.0163942 0.999849 -0.00570955 0.0157529 0.0209766 0.00605309 0.999762 -0.00171649 0.0 0.0 0.0 1.0
chess/seq-01/color/frame-000248.color.png chess/seq-01/color/frame-000251.color.png 0.999435 0.0133727 -0.0308416 0.0621514 -0.0132435 0.999903 0.00438733 -0.00360291 0.0308973 -0.00397638 0.999515 -0.000922561 0.0 0.0 0.0 1.0
chess/seq-01/color/frame-000251.color.png chess/seq-01/color/frame-000254.color.png 0.999554 0.0209214 -0.0212954 0.0398587 -0.0210117 0.999771 -0.00402385 0.0150432 0.0212063 0.00446939 0.999765 -0.00394857 0.0 0.0 0.0 1.0
chess/seq-01/color/frame-000254.color.png chess/seq-01/color/frame-000257.color.png 0.999581 0.0142904 -0.0251564 0.0539947 -0.0140098 0.999838 0.0112965 -0.0174998 0.0253137 -0.0109392 0.99962 -0.00146186 0.0 0.0 0.0 1.0
chess/seq-01/color/frame-000257.color.png chess/seq-01/color/frame-000260.color.png 0.999529 0.0208146 -0.0225321 0.0431198 -0.0208472 0.999782 -0.00121211 0.00212041 0.022502 0.00168116 0.999745 -0.00590265 0.0 0.0 0.0 1.0
chess/seq-01/color/frame-000260.color.png chess/seq-01/color/frame-000263.color.png 0.999469 -0.011522 -0.0304721 0.0686176 0.0116453 0.999925 0.00386711 -0.00655785 0.0304252 -0.00421994 0.999528 -0.00651276 0.0 0.0 0.0 1.0
chess/seq-01/color/frame-000263.color.png chess/seq-01/color/frame-000266.color.png 0.999706 0.016014 -0.0181792 0.0386294 -0.0158924 0.99985 0.00681621 -0.0164373 0.0182856 -0.00652521 0.999811 -0.00124681 0.0 0.0 0.0 1.0
chess/seq-01/color/frame-000266.color.png chess/seq-01/color/frame-000269.color.png 0.999827 0.00414186 -0.0181437 0.0392565 -0.00426008 0.99997 -0.00648437 0.00117835 0.0181163 0.00656039 0.999814 -0.011645 0.0 0.0 0.0 1.0
chess/seq-01/color/frame-000269.color.png chess/seq-01/color/frame-000272.color.png 0.999578 -0.00301351 -0.0288759 0.0638666 0.00321745 0.99997 0.00702049 -0.0234665 0.0288538 -0.0071103 0.999558 -0.0151695 0.0 0.0 0.0 1.0
chess/seq-01/color/frame-000272.color.png chess/seq-01/color/frame-000275.color.png 0.999545 0.00774639 -0.0291367 0.0736443 -0.00816438 0.999865 -0.0142579 0.016509 0.0290223 0.0144893 0.999474 -0.0208718 0.0 0.0 0.0 1.0
chess/seq-01/color/frame-000275.color.png chess/seq-01/color/frame-000278.color.png 0.999568 0.00145886 -0.0293706 0.0764625 -0.00154917 0.999994 -0.00304587 0.00946174 0.0293661 0.00309001 0.999564 -0.0216026 0.0 0.0 0.0 1.0
chess/seq-01/color/frame-000278.color.png chess/seq-01/color/frame-000281.color.png 0.998933 0.0302887 -0.0348522 0.0902046 -0.030219 0.99954 0.00252001 0.00885386 0.0349125 -0.00146405 0.999389 -0.0241044 0.0 0.0 0.0 1.0
chess/seq-01/color/frame-000281.color.png chess/seq-01/color/frame-000284.color.png 0.998866 0.0267312 -0.0394041 0.100011 -0.0268712 0.999634 -0.00302483 0.0207655 0.0393089 0.00408023 0.999219 -0.0248688 0.0 0.0 0.0 1.0
chess/seq-01/color/frame-000284.color.png chess/seq-01/color/frame-000287.color.png 0.999407 0.0107434 -0.0327073 0.0761498 -0.0106645 0.99994 0.00258444 0.00684187 0.0327331 -0.00223415 0.999462 -0.0231378 0.0 0.0 0.0 1.0
chess/seq-01/color/frame-000287.color.png chess/seq-01/color/frame-000290.color.png 0.999084 0.0129388 -0.0407924 0.0981315 -0.0123802 0.999827 0.013918 -0.0165284 0.0409654 -0.0134002 0.999071 -0.026881 0.0 0.0 0.0 1.0
chess/seq-01/color/frame-000290.color.png chess/seq-01/color/frame-000293.color.png 0.999356 0.0229773 -0.0275614 0.07478 -0.0231739 0.999708 -0.00683236 0.0336117 0.0273963 0.00746668 0.999597 -0.0169953 0.0 0.0 0.0 1.0
chess/seq-01/color/frame-000293.color.png chess/seq-01/color/frame-000296.color.png 0.999357 0.0162972 -0.0319334 0.0767886 -0.0164915 0.999847 -0.00583216 0.00960605 0.0318334 0.00635495 0.999473 -0.0243442 0.0 0.0 0.0 1.0
chess/seq-01/color/frame-000296.color.png chess/seq-01/color/frame-000299.color.png 0.999905 0.00661185 -0.0121049 0.0397376 -0.00682705 0.999818 -0.0178185 0.0242933 0.011985 0.0178995 0.999768 -0.016508 0.0 0.0 0.0 1.0
chess/seq-01/color/frame-000299.color.png chess/seq-01/color/frame-000302.color.png 0.999965 -0.00399536 0.00736908 0.00826651 0.00409426 0.999901 -0.0134693 0.000499234 -0.00731459 0.0134991 0.999882 0.00670028 0.0 0.0 0.0 1.0
chess/seq-01/color/frame-000302.color.png chess/seq-01/color/frame-000305.color.png 0.999616 -0.0277118 -0.000856367 0.022155 0.0276979 0.999527 -0.0133827 -0.0146237 0.0012268 0.0133537 0.99991 -0.00514579 0.0 0.0 0.0 1.0
chess/seq-01/color/frame-000305.color.png chess/seq-01/color/frame-000308.color.png 0.999656 -0.0259866 0.00354949 0.0209039 0.0260594 0.999412 -0.0222869 -0.00147254 -0.0029682 0.0223717 0.999745 -0.0109614 0.0 0.0 0.0 1.0
chess/seq-01/color/frame-000308.color.png chess/seq-01/color/frame-000311.color.png 0.999953 0.00178246 0.00957183 0.00974548 -0.00148873 0.999531 -0.0305914 0.0331638 -0.0096219 0.0305759 0.999486 -0.0112169 0.0 0.0 0.0 1.0
chess/seq-01/color/frame-000311.color.png chess/seq-01/color/frame-000314.color.png 0.999842 -0.0131133 0.0120326 0.022117 0.0132908 0.999802 -0.0148058 -0.00110334 -0.0118359 0.0149633 0.999818 -0.0209221 0.0 0.0 0.0 1.0
chess/seq-01/color/frame-000314.color.png chess/seq-01/color/frame-000317.color.png 0.99964 -0.026839 -2.92211e-05 0.0420383 0.0268391 0.999638 -0.00169176 -0.0101292 7.45545e-05 0.00169041 0.999998 -0.0239654 0.0 0.0 0.0 1.0
chess/seq-01/color/frame-000317.color.png chess/seq-01/color/frame-000320.color.png 0.999931 -0.00380195 -0.0111542 0.0381063 0.00369532 0.999947 -0.00956151 0.00621238 0.0111899 0.00951963 0.999892 -0.0406263 0.0 0.0 0.0 1.0
chess/seq-01/color/frame-000320.color.png chess/seq-01/color/frame-000323.color.png 0.999827 -0.0185559 0.00124827 0.0167139 0.0185741 0.99969 -0.0165958 -0.00639124 -0.000940012 0.0166162 0.999861 -0.0328686 0.0 0.0 0.0 1.0
chess/seq-01/color/frame-000323.color.png chess/seq-01/color/frame-000326.color.png 0.999534 -0.012385 0.027896 -0.0296088 0.0133512 0.999308 -0.0347164 0.0312231 -0.0274467 0.0350726 0.999008 -0.00545287 0.0 0.0 0.0 1.0
chess/seq-01/color/frame-000326.color.png chess/seq-01/color/frame-000329.color.png 0.999439 -0.0328224 0.00667787 -0.0223198 0.0329613 0.999217 -0.0218748 -0.00739147 -0.00595463 0.0220826 0.999738 -0.0253451 0.0 0.0 0.0 1.0
chess/seq-01/color/frame-000329.color.png chess/seq-01/color/frame-000332.color.png 0.999747 -0.022481 -0.00121054 -0.0181715 0.0224606 0.999639 -0.0147259 -0.00364147 0.00154131 0.0146949 0.999891 -0.036312 0.0 0.0 0.0 1.0
chess/seq-01/color/frame-000332.color.png chess/seq-01/color/frame-000335.color.png 0.999868 -0.0151669 0.00581683 -0.0239369 0.0152315 0.999821 -0.0112248 -0.00239508 -0.00564573 0.0113122 0.99992 -0.0275103 0.0 0.0 0.0 1.0
chess/seq-01/color/frame-000335.color.png chess/seq-01/color/frame-000338.color.png 0.999466 -0.0321631 0.00579841 -0.0272371 0.0322533 0.999349 -0.0161905 -0.0288132 -0.00527379 0.0163688 0.999852 -0.0406694 0.0 0.0 0.0 1.0
chess/seq-01/color/frame-000338.color.png chess/seq-01/color/frame-000341.color.png 0.999647 -0.024953 0.00909247 -0.00524712 0.0250979 0.999554 -0.016209 -0.000642434 -0.00868394 0.0164314 0.999827 -0.0202924 0.0 0.0 0.0 1.0
chess/seq-01/color/frame-000341.color.png chess/seq-01/color/frame-000344.color.png 0.999872 -0.0154207 0.00430686 -0.00682938 0.0155644 0.999245 -0.0356007 0.0381807 -0.00375459 0.0356631 0.999357 -0.0272501 0.0 0.0 0.0 1.0
chess/seq-01/color/frame-000344.color.png chess/seq-01/color/frame-000347.color.png 0.999962 -0.000235131 -0.00872096 0.0257829 -5.65468e-05 0.999441 -0.0334303 0.042881 0.00872384 0.0334295 0.999403 -0.0485927 0.0 0.0 0.0 1.0
chess/seq-01/color/frame-000347.color.png chess/seq-01/color/frame-000350.color.png 0.999948 -0.00341469 -0.00964456 0.0322601 0.00318435 0.999711 -0.0238078 0.0242703 0.00972307 0.0237758 0.99967 -0.0528516 0.0 0.0 0.0 1.0
chess/seq-01/color/frame-000350.color.png chess/seq-01/color/frame-000353.color.png 0.999998 0.00218863 -0.000429422 0.0269685 -0.00220013 0.999583 -0.0287755 0.0300436 0.000366391 0.0287763 0.999586 -0.0540854 0.0 0.0 0.0 1.0
chess/seq-01/color/frame-000353.color.png chess/seq-01/color/frame-000356.color.png 0.999937 0.0014551 0.0111584 0.00580812 -0.00117541 0.999686 -0.0250241 0.0335234 -0.0111915 0.0250095 0.999625 -0.0359795 0.0 0.0 0.0 1.0
chess/seq-01/color/frame-000356.color.png chess/seq-01/color/frame-000359.color.png 0.999811 -0.0153389 0.0119393 0.00426877 0.0155593 0.999706 -0.0185843 0.00962886 -0.0116506 0.0187665 0.999756 -0.0323459 0.0 0.0 0.0 1.0
chess/seq-01/color/frame-000359.color.png chess/seq-01/color/frame-000362.color.png 0.997256 -0.0195851 0.0713888 -0.0423008 0.0213218 0.999493 -0.0236499 -0.0286161 -0.0708895 0.0251071 0.997168 0.0242488 0.0 0.0 0.0 1.0
chess/seq-01/color/frame-000362.color.png chess/seq-01/color/frame-000365.color.png 0.99816 -0.0482421 0.0367443 -0.0187702 0.0483394 0.998829 -0.00176379 -0.0380641 -0.0366162 0.00353672 0.999323 0.000977397 0.0 0.0 0.0 1.0
chess/seq-01/color/frame-000365.color.png chess/seq-01/color/frame-000368.color.png 0.998355 -0.0372891 0.0435458 -0.0271295 0.0379789 0.999164 -0.0151231 -0.0285221 -0.0429454 0.016752 0.998937 0.00245363 0.0 0.0 0.0 1.0
chess/seq-01/color/frame-000368.color.png chess/seq-01/color/frame-000371.color.png 0.999261 -0.030393 0.0235116 -0.0235544 0.0308114 0.99937 -0.0176423 -0.0127202 -0.0229607 0.0183537 0.999568 -0.0142149 0.0 0.0 0.0 1.0
chess/seq-01/color/frame-000371.color.png chess/seq-01/color/frame-000374.color.png 0.999469 -0.0253873 0.0204351 -0.0199872 0.0260206 0.99917 -0.0313515 0.0147142 -0.0196222 0.0318666 0.9993 -0.0136412 0.0 0.0 0.0 1.0
chess/seq-01/color/frame-000374.color.png chess/seq-01/color/frame-000377.color.png 0.999971 -0.00757368 0.000310918 0.0101671 0.00757889 0.999696 -0.0234533 0.0240947 -0.000133117 0.023455 0.999725 -0.0326006 0.0 0.0 0.0 1.0
chess/seq-01/color/frame-000377.color.png chess/seq-01/color/frame-000380.color.png 0.999891 0.004475 -0.0140359 0.0329555 -0.00474865 0.999798 -0.0195224 0.0199552 0.0139456 0.0195869 0.999711 -0.0455699 0.0 0.0 0.0 1.0
chess/seq-01/color/frame-000380.color.png chess/seq-01/color/frame-000383.color.png 0.999835 -0.0154469 0.00953519 0.0119685 0.0150638 0.999125 0.0390231 -0.0425856 -0.0101296 -0.038873 0.999193 -0.00759315 0.0 0.0 0.0 1.0
chess/seq-01/color/frame-000383.color.png chess/seq-01/color/frame-000386.color.png 0.999785 -0.0199473 0.00567203 0.020596 0.0197434 0.999228 0.0339613 0.00218018 -0.00634511 -0.033842 0.999407 -0.0145299 0.0 0.0 0.0 1.0
chess/seq-01/color/frame-000386.color.png chess/seq-01/color/frame-000389.color.png 0.999978 -0.00581313 0.00328028 0.0294836 0.00561989 0.998409 0.0561141 -0.0799701 -0.00360122 -0.0560944 0.998419 0.00427181 0.0 0.0 0.0 1.0
chess/seq-01/color/frame-000389.color.png chess/seq-01/color/frame-000392.color.png 0.999398 -0.00551432 0.0342559 -0.00510406 0.00504079 0.999891 0.0138969 -0.0230423 -0.0343289 -0.0137158 0.999316 0.017434 0.0 0.0 0.0 1.0
chess/seq-01/color/frame-000392.color.png chess/seq-01/color/frame-000395.color.png 0.999857 -0.0144981 0.00866552 0.0216981 0.0144125 0.999848 0.0098549 -0.0349804 -0.00880702 -0.00972859 0.999914 -0.00322658 0.0 0.0 0.0 1.0
chess/seq-01/color/frame-000395.color.png chess/seq-01/color/frame-000398.color.png 0.999511 -0.0292226 0.0111096 0.0194721 0.0292428 0.999571 -0.00166472 -0.0405485 -0.0110562 0.00198879 0.999937 -0.00116295 0.0 0.0 0.0 1.0
chess/seq-01/color/frame-000398.color.png chess/seq-01/color/frame-000401.color.png 0.999662 -0.0162708 0.0202554 -0.00418711 0.0162786 0.999867 -0.000221413 -0.0268974 -0.0202491 0.000551066 0.999795 0.00593969 0.0 0.0 0.0 1.0
chess/seq-01/color/frame-000401.color.png chess/seq-01/color/frame-000404.color.png 0.999421 -0.0264261 0.0214305 -0.0119357 0.0263524 0.999646 0.00371199 -0.0347624 -0.0215209 -0.0031451 0.999763 0.0103948 0.0 0.0 0.0 1.0
chess/seq-01/color/frame-000404.color.png chess/seq-01/color/frame-000407.color.png 0.999873 -0.0138513 0.0078223 -0.0165793 0.0138621 0.999903 -0.00133252 -0.0133555 -0.00780314 0.00144079 0.999968 -0.0025427 0.0 0.0 0.0 1.0
chess/seq-01/color/frame-000407.color.png chess/seq-01/color/frame-000410.color.png 0.999159 -0.00481919 -0.0407102 0.010663 0.00467478 0.999983 -0.0036427 -0.000525698 0.040727 0.00344933 0.999164 -0.0758775 0.0 0.0 0.0 1.0
chess/seq-01/color/frame-000410.color.png chess/seq-01/color/frame-000413.color.png 0.995569 0.0149221 -0.0928459 0.0480714 -0.0157528 0.999842 -0.00822094 0.043574 0.0927086 0.00964708 0.995646 -0.123245 0.0 0.0 0.0 1.0
chess/seq-01/color/frame-000413.color.png chess/seq-01/color/frame-000416.color.png 0.994981 0.00214941 -0.100043 0.0761045 -0.000493616 0.999863 0.016572 0.0156496 0.100064 -0.0164394 0.994845 -0.119205 0.0 0.0 0.0 1.0
chess/seq-01/color/frame-000416.color.png chess/seq-01/color/frame-000419.color.png 0.999717 0.00202521 -0.023717 0.0116707 -0.00155946 0.999806 0.0196454 -0.0118858 0.023752 -0.0196028 0.999526 -0.0245524 0.0 0.0 0.0 1.0
chess/seq-01/color/frame-000419.color.png chess/seq-01/color/frame-000422.color.png 0.999797 0.000975042 -0.0201156 0.011441 -0.000527021 0.999752 0.0222648 0.00188686 0.0201324 -0.0222497 0.99955 -0.0407168 0.0 0.0 0.0 1.0
chess/seq-01/color/frame-000422.color.png chess/seq-01/color/frame-000425.color.png 0.999892 0.00806168 0.0122687 -0.00543594 -0.0081737 0.999925 0.00911058 0.0117575 -0.0121942 -0.00920987 0.999883 0.0307656 0.0 0.0 0.0 1.0
chess/seq-01/color/frame-000425.color.png chess/seq-01/color/frame-000428.color.png 0.999589 0.0134248 0.0253156 -0.0211508 -0.0135482 0.999897 0.0047109 0.0123314 -0.0252498 -0.00505193 0.999668 0.0394293 0.0 0.0 0.0 1.0
chess/seq-01/color/frame-000428.color.png chess/seq-01/color/frame-000431.color.png 0.999852 -0.000421324 0.0172138 -0.00490904 0.000861724 0.999672 -0.0255835 0.011686 -0.0171974 0.0255946 0.999525 0.0351178 0.0 0.0 0.0 1.0
chess/seq-01/color/frame-000431.color.png chess/seq-01/color/frame-000434.color.png 0.999709 0.0131569 0.0202294 -0.012841 -0.0130729 0.999905 -0.00427626 0.0101093 -0.0202838 0.00401056 0.999786 0.0457149 0.0 0.0 0.0 1.0
chess/seq-01/color/frame-000434.color.png chess/seq-01/color/frame-000437.color.png 0.999959 -0.00148417 0.00892493 -0.00254214 0.00166875 0.999784 -0.0207079 0.0191644 -0.00889233 0.0207219 0.999746 0.0332835 0.0 0.0 0.0 1.0
chess/seq-01/color/frame-000437.color.png chess/seq-01/color/frame-000440.color.png 0.99999 0.00270819 0.00362419 0.00393105 -0.0027009 0.999994 -0.00201816 0.0174112 -0.00362953 0.00200831 0.999991 0.0276905 0.0 0.0 0.0 1.0
chess/seq-01/color/frame-000440.color.png chess/seq-01/color/frame-000443.color.png 0.999926 0.00815398 0.00906621 -0.00683403 -0.00828144 0.999866 0.0141107 0.00207859 -0.00895004 -0.0141847 0.999859 0.0350831 0.0 0.0 0.0 1.0
chess/seq-01/color/frame-000443.color.png chess/seq-01/color/frame-000446.color.png 0.99996 0.00129555 -0.0088357 0.00758123 -0.00120689 0.999949 0.0100242 -0.0210242 0.00884834 -0.0100131 0.999911 0.021642 0.0 0.0 0.0 1.0
chess/seq-01/color/frame-000446.color.png chess/seq-01/color/frame-000449.color.png 0.999945 0.00313957 -0.00996167 0.0168104 -0.00318589 0.999984 -0.00463472 0.00863147 0.00994696 0.00466624 0.99994 0.0309898 0.0 0.0 0.0 1.0
chess/seq-01/color/frame-000449.color.png chess/seq-01/color/frame-000452.color.png 0.999697 0.0193104 0.0153006 -0.00514734 -0.0196168 0.999605 0.0201308 0.027914 -0.0149058 -0.0204249 0.99968 0.0734526 0.0 0.0 0.0 1.0
chess/seq-01/color/frame-000452.color.png chess/seq-01/color/frame-000455.color.png 0.999621 -0.00615926 -0.0268294 0.0261821 0.00600391 0.999965 -0.00587083 -0.00784539 0.0268646 0.00570758 0.999623 0.0141701 0.0 0.0 0.0 1.0
chess/seq-01/color/frame-000455.color.png chess/seq-01/color/frame-000458.color.png 0.99986 0.00240234 0.0165545 -0.00640309 -0.00230132 0.999979 -0.00611598 0.00564292 -0.0165689 0.006077 0.999844 0.0795769 0.0 0.0 0.0 1.0
chess/seq-01/color/frame-000458.color.png chess/seq-01/color/frame-000461.color.png 0.999997 -0.00194765 0.00135004 -0.00974274 0.00193712 0.999968 0.00771109 -0.01304 -0.00136502 -0.00770845 0.999969 0.0523699 0.0 0.0 0.0 1.0
chess/seq-01/color/frame-000461.color.png chess/seq-01/color/frame-000464.color.png 0.998873 -0.0180091 -0.043909 0.0280857 0.0174994 0.999775 -0.0119676 -0.00374624 0.0441147 0.0111857 0.998964 -0.00741535 0.0 0.0 0.0 1.0
chess/seq-01/color/frame-000464.color.png chess/seq-01/color/frame-000467.color.png 0.999949 -0.00342974 -0.00945052 -0.00848019 0.0033457 0.999955 -0.00889243 0.00988029 0.00948063 0.00886036 0.999916 0.0541574 0.0 0.0 0.0 1.0
chess/seq-01/color/frame-000467.color.png chess/seq-01/color/frame-000470.color.png 0.999874 -0.0157866 0.00148776 -0.0127503 0.015772 0.999832 0.00933553 -0.0217562 -0.00163486 -0.00931093 0.999955 0.076193 0.0 0.0 0.0 1.0
chess/seq-01/color/frame-000470.color.png chess/seq-01/color/frame-000473.color.png 0.999878 -0.015611 9.37039e-05 -0.0295701 0.0156077 0.999758 0.0154911 -0.0267574 -0.000335587 -0.0154877 0.99988 0.0702518 0.0 0.0 0.0 1.0
chess/seq-01/color/frame-000473.color.png chess/seq-01/color/frame-000476.color.png 0.999949 -0.0100494 8.88618e-06 -0.01319 0.0100492 0.999925 0.00704224 -0.0227056 -7.95982e-05 -0.00704179 0.999975 0.0441648 0.0 0.0 0.0 1.0
chess/seq-01/color/frame-000476.color.png chess/seq-01/color/frame-000479.color.png 0.999674 -0.0249832 -0.00527409 -0.00620401 0.025021 0.999661 0.00723889 -0.0286479 0.00509151 -0.00736853 0.99996 0.0257188 0.0 0.0 0.0 1.0
chess/seq-01/color/frame-000479.color.png chess/seq-01/color/frame-000482.color.png 0.999538 -0.013844 -0.0270428 0.0229092 0.014077 0.999865 0.00844692 -0.0174078 0.0269222 -0.00882368 0.999599 0.00747716 0.0 0.0 0.0 1.0
chess/seq-01/color/frame-000482.color.png chess/seq-01/color/frame-000485.color.png 0.999457 0.0014625 -0.0329161 0.0410573 -0.000937012 0.999872 0.0159738 -0.0146979 0.0329351 -0.0159343 0.99933 0.0043056 0.0 0.0 0.0 1.0
chess/seq-01/color/frame-000485.color.png chess/seq-01/color/frame-000488.color.png 0.999608 0.00295545 -0.0278347 0.0317347 -0.00285854 0.99999 0.00352375 -0.00307037 0.0278448 -0.00344281 0.999606 0.00921631 0.0 0.0 0.0 1.0
chess/seq-01/color/frame-000488.color.png chess/seq-01/color/frame-000491.color.png 0.999259 0.00423153 -0.0382503 0.0686846 -0.00474108 0.999901 -0.0132405 0.00834781 0.0381904 0.0134121 0.99918 -0.0026021 0.0 0.0 0.0 1.0
chess/seq-01/color/frame-000491.color.png chess/seq-01/color/frame-000494.color.png 0.999372 -0.00528193 -0.0350451 0.0534648 0.0051978 0.999983 -0.00249197 -0.00558688 0.0350577 0.00230825 0.999383 -0.00575602 0.0 0.0 0.0 1.0
chess/seq-01/color/frame-000494.color.png chess/seq-01/color/frame-000497.color.png 0.999479 0.000857535 -0.032258 0.0611455 -0.00056745 0.999959 0.00900154 -0.0110147 0.0322645 -0.00897855 0.999439 0.00369692 0.0 0.0 0.0 1.0
chess/seq-01/color/frame-000497.color.png chess/seq-01/color/frame-000500.color.png 0.999188 0.00968383 -0.0391145 0.0515904 -0.00947882 0.99994 0.00542285 0.00320561 0.0391647 -0.00504771 0.99922 -0.00836873 0.0 0.0 0.0 1.0
chess/seq-01/color/frame-000500.color.png chess/seq-01/color/frame-000503.color.png 0.997621 0.00203346 -0.0689101 0.104352 -0.00154452 0.999973 0.00714878 -0.0426153 0.0689227 -0.00702534 0.997597 -0.05225 0.0 0.0 0.0 1.0
chess/seq-01/color/frame-000503.color.png chess/seq-01/color/frame-000506.color.png 0.997723 -0.0204348 -0.064277 0.0978671 0.019662 0.999727 -0.0126335 0.00895853 0.0645177 0.0113409 0.997852 -0.044713 0.0 0.0 0.0 1.0
chess/seq-01/color/frame-000506.color.png chess/seq-01/color/frame-000509.color.png 0.998096 -0.0065837 -0.0613274 0.0949051 0.00597638 0.999931 -0.0100802 -0.00247465 0.0613896 0.00969456 0.998067 -0.0354462 0.0 0.0 0.0 1.0
chess/seq-01/color/frame-000509.color.png chess/seq-01/color/frame-000512.color.png 0.999131 -0.0111334 -0.0401679 0.0507386 0.0110134 0.999934 -0.00320659 -0.00840246 0.040201 0.0027614 0.999188 -0.0161396 0.0 0.0 0.0 1.0
chess/seq-01/color/frame-000512.color.png chess/seq-01/color/frame-000515.color.png 0.999741 0.00777478 -0.0213979 0.0117806 -0.00824156 0.999728 -0.0218127 0.0413993 0.0212226 0.0219834 0.999533 0.0223864 0.0 0.0 0.0 1.0
chess/seq-01/color/frame-000515.color.png chess/seq-01/color/frame-000518.color.png 0.999814 0.0109572 -0.0158764 0.00300574 -0.0109976 0.999937 -0.00245885 0.000210367 0.0158483 0.00263302 0.999871 0.014479 0.0 0.0 0.0 1.0
chess/seq-01/color/frame-000518.color.png chess/seq-01/color/frame-000521.color.png 0.99958 0.00275775 -0.0288353 0.0280216 -0.002753 0.999996 0.000205326 -0.00376824 0.0288357 -0.000125848 0.999584 -0.00465643 0.0 0.0 0.0 1.0
chess/seq-01/color/frame-000521.color.png chess/seq-01/color/frame-000524.color.png 0.999636 0.00179597 -0.0269312 0.0238 -0.00191863 0.999988 -0.00453044 0.00551143 0.0269227 0.00458049 0.999627 -0.00775468 0.0 0.0 0.0 1.0
chess/seq-01/color/frame-000524.color.png chess/seq-01/color/frame-000527.color.png 0.999115 0.015609 -0.039057 0.0571648 -0.0150791 0.999791 0.0138239 -0.0242054 0.0392646 -0.0132228 0.999141 -0.0231514 0.0 0.0 0.0 1.0
chess/seq-01/color/frame-000527.color.png chess/seq-01/color/frame-000530.color.png 0.998133 0.0155503 -0.0590626 0.0878253 -0.0151737 0.999861 0.00681974 0.00276288 0.0591605 -0.00591089 0.998231 -0.0345407 0.0 0.0 0.0 1.0
chess/seq-01/color/frame-000530.color.png chess/seq-01/color/frame-000533.color.png 0.998598 0.0143533 -0.0509552 0.0823588 -0.0151186 0.999778 -0.0146659 0.0558538 0.0507335 0.0154157 0.998593 -0.0317535 0.0 0.0 0.0 1.0
chess/seq-01/color/frame-000533.color.png chess/seq-01/color/frame-000536.color.png 0.999974 -0.0048137 -0.0053595 0.00628448 0.00478097 0.99997 -0.00610132 0.0239145 0.00538868 0.00607554 0.999967 0.0164509 0.0 0.0 0.0 1.0
