chess/seq-01/color/frame-000001.color.png chess/seq-01/color/frame-000004.color.png 0.999996 -0.00252595 -0.00134624 -0.00042399 0.00252522 0.999997 -0.000547297 -0.00067817 0.00134762 0.000543895 0.999999 0.00110312 0.0 0.0 0.0 1.0
chess/seq-01/color/frame-000004.color.png chess/seq-01/color/frame-000007.color.png 0.999999 0.00121881 -0.000801979 0.000122968 -0.00121788 0.999999 0.0011624 -0.00157149 0.000803395 -0.00116142 0.999999 0.00081889 0.0 0.0 0.0 1.0
chess/seq-01/color/frame-000007.color.png chess/seq-01/color/frame-000010.color.png 0.999976 0.00682705 0.00131526 -0.00279285 -0.00683053 0.999973 0.00265633 -0.000921604 -0.00129709 -0.00266525 0.999996 0.00155185 0.0 0.0 0.0 1.0
chess/seq-01/color/frame-000010.color.png chess/seq-01/color/frame-000013.color.png 0.999999 -0.000699346 -0.00095157 -0.0024077 0.000700809 0.999999 0.0015377 -0.00162308 0.000950493 -0.00153836 0.999998 0.00329915 0.0 0.0 0.0 1.0
chess/seq-01/color/frame-000013.color.png chess/seq-01/color/frame-000016.color.png 0.999984 -0.00405088 -0.00399654 -0.00189681 0.00404694 0.999991 -0.000993688 0.000561156 0.00400054 0.000977498 0.999991 0.00714347 0.0 0.0 0.0 1.0
chess/seq-01/color/frame-000016.color.png chess/seq-01/color/frame-000019.color.png 0.999965 -0.001316 -0.00830825 0.00603138 0.0014072 0.999939 0.0109813 0.000229906 0.00829329 -0.0109926 0.999905 0.0118472 0.0 0.0 0.0 1.0
chess/seq-01/color/frame-000019.color.png chess/seq-01/color/frame-000022.color.png 0.999914 -0.0123201 -0.00459145 -0.000147686 0.0123598 0.999885 0.00872627 0.000526065 0.00448342 -0.00878227 0.999951 0.018616 0.0 0.0 0.0 1.0
chess/seq-01/color/frame-000022.color.png chess/seq-01/color/frame-000025.color.png 0.999994 -0.00319565 -0.00151826 -0.00274031 0.00321484 0.999913 0.0128133 -0.00628776 0.00147718 -0.0128181 0.999917 0.0220889 0.0 0.0 0.0 1.0
chess/seq-01/color/frame-000025.color.png chess/seq-01/color/frame-000028.color.png 0.999984 -0.0053291 -0.00171686 -0.00296651 0.00534864 0.999919 0.0115867 -0.00151406 0.00165498 -0.0115957 0.999931 0.0230027 0.0 0.0 0.0 1.0
chess/seq-01/color/frame-000028.color.png chess/seq-01/color/frame-000031.color.png 0.999928 -0.0107062 0.00543578 -0.00218138 0.0106377 0.999866 0.0124723 -0.00562662 -0.00556858 -0.0124135 0.999907 0.0235476 0.0 0.0 0.0 1.0
chess/seq-01/color/frame-000031.color.png chess/seq-01/color/frame-000034.color.png 0.999931 -0.0114142 -0.00268903 0.0119353 0.011434 0.999907 0.00746652 0.00659817 0.00260356 -0.00749674 0.999969 0.0229457 0.0 0.0 0.0 1.0
chess/seq-01/color/frame-000034.color.png chess/seq-01/color/frame-000037.color.png 0.999981 -0.00582272 0.00201388 0.00456589 0.00579967 0.99992 0.0112642 -0.0025398 -0.0020793 -0.0112523 0.999934 0.0241626 0.0 0.0 0.0 1.0
chess/seq-01/color/frame-000037.color.png chess/seq-01/color/frame-000040.color.png 0.999965 -0.00509305 0.00670836 -0.00988978 0.0050589 0.999974 0.00510061 0.000391453 -0.00673416 -0.00506649 0.999964 0.0258116 0.0 0.0 0.0 1.0
chess/seq-01/color/frame-000040.color.png chess/seq-01/color/frame-000043.color.png 0.999997 0.00236132 0.000775559 -0.0130945 -0.00237266 0.999885 0.0149654 -0.0214702 -0.000740133 -0.0149672 0.999888 0.0318233 0.0 0.0 0.0 1.0
chess/seq-01/color/frame-000043.color.png chess/seq-01/color/frame-000046.color.png 0.999927 -0.00456008 -0.0111857 0.0060016 0.00455694 0.99999 -0.000306656 0.00197766 0.011187 0.000255689 0.999938 0.0249455 0.0 0.0 0.0 1.0
chess/seq-01/color/frame-000046.color.png chess/seq-01/color/frame-000049.color.png 0.999909 -0.0105649 -0.00838807 0.00430877 0.010662 0.999876 0.0116156 -0.00181348 0.00826431 -0.011704 0.999897 0.0389768 0.0 0.0 0.0 1.0
chess/seq-01/color/frame-000049.color.png chess/seq-01/color/frame-000052.color.png 0.99962 -0.0242558 -0.0130627 0.00971497 0.0242716 0.999705 0.00105556 0.00689974 0.0130332 -0.00137218 0.999914 0.0369637 0.0 0.0 0.0 1.0
chess/seq-01/color/frame-000052.color.png chess/seq-01/color/frame-000055.color.png 0.999951 -0.00851882 -0.00507882 0.0192962 0.00858142 0.999886 0.0124318 -0.000390882 0.00497233 -0.0124748 0.99991 0.0311742 0.0 0.0 0.0 1.0
chess/seq-01/color/frame-000055.color.png chess/seq-01/color/frame-000058.color.png 0.999881 -0.0148892 -0.00411699 0.0128548 0.0149671 0.999696 0.0195743 -0.00995789 0.00382431 -0.0196336 0.9998 0.0373355 0.0 0.0 0.0 1.0
chess/seq-01/color/frame-000058.color.png chess/seq-01/color/frame-000061.color.png 0.999996 -0.00217383 -0.00202963 0.01767 0.00221069 0.999829 0.0183486 -0.0133843 0.00198937 -0.018353 0.99983 0.0354329 0.0 0.0 0.0 1.0
chess/seq-01/color/frame-000061.color.png chess/seq-01/color/frame-000064.color.png 0.999998 0.00199116 0.000562064 0.0181043 -0.00199539 0.999969 0.00766017 0.000344418 -0.000546789 -0.00766127 0.99997 0.0226144 0.0 0.0 0.0 1.0
chess/seq-01/color/frame-000064.color.png chess/seq-01/color/frame-000067.color.png 0.999532 -0.00588065 0.0300101 -0.0144614 0.00557759 0.999933 0.010172 -0.0116476 -0.0300679 -0.00999991 0.999498 0.0275979 0.0 0.0 0.0 1.0
chess/seq-01/color/frame-000067.color.png chess/seq-01/color/frame-000070.color.png 0.999964 -0.00595704 -0.00605625 0.0286978 0.00603973 0.999888 0.0137313 -0.00925665 0.00597377 -0.0137674 0.999887 0.0339137 0.0 0.0 0.0 1.0
chess/seq-01/color/frame-000070.color.png chess/seq-01/color/frame-000073.color.png 0.999952 -0.00342991 0.00919678 0.00492281 0.00341457 0.999993 0.00168637 0.00536023 -0.0092025 -0.00165482 0.999956 0.0262945 0.0 0.0 0.0 1.0
chess/seq-01/color/frame-000073.color.png chess/seq-01/color/frame-000076.color.png 0.999894 -0.01143 -0.00906555 0.0187936 0.0114969 0.999907 0.00736804 -0.0115538 0.00898049 -0.00747149 0.999932 0.030415 0.0 0.0 0.0 1.0
chess/seq-01/color/frame-000076.color.png chess/seq-01/color/frame-000079.color.png 0.999942 -0.00604751 0.00889427 0.0194088 0.00599888 0.999967 0.00547834 0.00626554 -0.0089271 -0.0054247 0.999945 0.0347982 0.0 0.0 0.0 1.0
chess/seq-01/color/frame-000079.color.png chess/seq-01/color/frame-000082.color.png 0.999952 -0.00889721 0.00408815 0.00106089 0.00887677 0.999948 0.00499364 -0.00632932 -0.00413237 -0.00495713 0.999979 0.0298739 0.0 0.0 0.0 1.0
chess/seq-01/color/frame-000082.color.png chess/seq-01/color/frame-000085.color.png 0.999997 -0.00152789 0.0017778 0.00186075 0.00152443 0.999997 0.00196601 -0.00187817 -0.0017808 -0.00196327 0.999997 0.0300136 0.0 0.0 0.0 1.0
chess/seq-01/color/frame-000085.color.png chess/seq-01/color/frame-000088.color.png 0.999978 -0.00119062 -0.00651965 0.0168483 0.00117849 0.999998 -0.00186074 -0.00604324 0.00652185 0.00185305 0.999977 0.04897 0.0 0.0 0.0 1.0
chess/seq-01/color/frame-000088.color.png chess/seq-01/color/frame-000091.color.png 0.99988 -0.00581876 -0.0143257 0.0246887 0.0059063 0.999964 0.00607475 0.0175477 0.0142899 -0.00615868 0.999879 0.0381638 0.0 0.0 0.0 1.0
chess/seq-01/color/frame-000091.color.png chess/seq-01/color/frame-000094.color.png 0.999998 0.000738713 0.00200157 0.00237474 -0.000760163 0.999942 0.0107121 -0.00181533 -0.00199354 -0.0107136 0.999941 0.0309276 0.0 0.0 0.0 1.0
chess/seq-01/color/frame-000094.color.png chess/seq-01/color/frame-000097.color.png 0.999991 -0.00413022 -0.00117721 0.00921476 0.00414699 0.999885 0.0145878 -0.0126725 0.00111682 -0.0145925 0.999893 0.0414582 0.0 0.0 0.0 1.0
chess/seq-01/color/frame-000097.color.png chess/seq-01/color/frame-000100.color.png 0.999989 0.00364608 -0.0027949 0.00283584 -0.00360641 0.999894 0.0140799 -0.0104444 0.00284595 -0.0140697 0.999897 0.0290039 0.0 0.0 0.0 1.0
chess/seq-01/color/frame-000100.color.png chess/seq-01/color/frame-000103.color.png 0.99996 0.00532242 -0.00723523 -0.00328991 -0.00517915 0.999793 0.0196742 -0.0138847 0.00733845 -0.019636 0.99978 0.0345884 0.0 0.0 0.0 1.0
chess/seq-01/color/frame-000103.color.png chess/seq-01/color/frame-000106.color.png 0.99997 -0.00450561 -0.00637147 0.00105524 0.00462036 0.999825 0.0181106 -0.0239585 0.00628874 -0.0181395 0.999816 0.0377454 0.0 0.0 0.0 1.0
chess/seq-01/color/frame-000106.color.png chess/seq-01/color/frame-000109.color.png 0.999954 -0.00836074 -0.00470999 0.000506461 0.00837577 0.99996 0.00318437 -0.00607673 0.00468319 -0.00322371 0.999984 0.0339199 0.0 0.0 0.0 1.0
chess/seq-01/color/frame-000109.color.png chess/seq-01/color/frame-000112.color.png 0.999952 -0.00840032 -0.00509777 0.00262141 0.00845238 0.999911 0.010264 -0.00969764 0.00501108 -0.0103066 0.999934 0.0270079 0.0 0.0 0.0 1.0
chess/seq-01/color/frame-000112.color.png chess/seq-01/color/frame-000115.color.png 0.999964 -0.00791198 0.00300278 -0.0154269 0.00785832 0.999817 0.0174668 -0.0196325 -0.00314043 -0.0174426 0.999843 0.0362435 0.0 0.0 0.0 1.0
chess/seq-01/color/frame-000115.color.png chess/seq-01/color/frame-000118.color.png 0.999997 0.00240396 0.000878522 -0.0164771 -0.00241696 0.999883 0.0151086 -0.0181873 -0.000842102 -0.0151107 0.999885 0.0305052 0.0 0.0 0.0 1.0
chess/seq-01/color/frame-000118.color.png chess/seq-01/color/frame-000121.color.png 0.999987 -0.00300353 0.00415183 -0.0170656 0.0029607 0.999943 0.0102859 -0.0147909 -0.00418248 -0.0102735 0.999939 0.0294447 0.0 0.0 0.0 1.0
chess/seq-01/color/frame-000121.color.png chess/seq-01/color/frame-000124.color.png 0.999983 0.00220895 0.00535992 -0.0233229 -0.00225526 0.99996 0.00864895 -0.0116579 -0.00534059 -0.00866086 0.999948 0.0297972 0.0 0.0 0.0 1.0
chess/seq-01/color/frame-000124.color.png chess/seq-01/color/frame-000127.color.png 0.999998 -0.00162102 -0.00144818 -0.00309563 0.00162872 0.999985 0.0053382 -0.0101775 0.00143951 -0.00534062 0.999985 0.0371882 0.0 0.0 0.0 1.0
chess/seq-01/color/frame-000127.color.png chess/seq-01/color/frame-000130.color.png 0.999843 -0.0177033 0.00104932 -0.00788822 0.0177076 0.999834 -0.00425105 0.000494696 -0.000973887 0.00426896 0.99999 0.0299543 0.0 0.0 0.0 1.0
chess/seq-01/color/frame-000130.color.png chess/seq-01/color/frame-000133.color.png 0.999996 0.00261468 0.000833133 0.00196403 -0.00262653 0.99989 0.0145852 -0.0111324 -0.000794909 -0.0145873 0.999893 0.0237412 0.0 0.0 0.0 1.0
chess/seq-01/color/frame-000133.color.png chess/seq-01/color/frame-000136.color.png 0.999982 0.00478677 -0.00358591 0.00536439 -0.00471861 0.999812 0.0187828 -0.0135297 0.00367516 -0.0187656 0.999817 0.0238533 0.0 0.0 0.0 1.0
chess/seq-01/color/frame-000136.color.png chess/seq-01/color/frame-000139.color.png 0.999745 0.0224646 -0.00249529 0.0088238 -0.0223872 0.999368 0.0276025 -0.0220435 0.00311379 -0.0275396 0.999616 0.0301406 0.0 0.0 0.0 1.0
chess/seq-01/color/frame-000139.color.png chess/seq-01/color/frame-000142.color.png 0.999807 0.0195995 0.00109144 -0.000995778 -0.0196158 0.99965 0.0177354 -0.0109199 -0.000743457 -0.0177534 0.999842 0.0212857 0.0 0.0 0.0 1.0
chess/seq-01/color/frame-000142.color.png chess/seq-01/color/frame-000145.color.png 0.999581 0.0254492 -0.0137994 0.0320246 -0.024968 0.99911 0.0339867 -0.0253172 0.0146521 -0.033628 0.999327 0.0287683 0.0 0.0 0.0 1.0
chess/seq-01/color/frame-000145.color.png chess/seq-01/color/frame-000148.color.png 0.999923 0.0114585 -0.00468313 0.0131625 -0.0113764 0.999787 0.0172098 -0.0152405 0.00487934 -0.0171552 0.999841 0.0240887 0.0 0.0 0.0 1.0
chess/seq-01/color/frame-000148.color.png chess/seq-01/color/frame-000151.color.png 0.999901 0.000842351 -0.0140658 0.0378359 -0.00054385 0.999775 0.021213 -0.0216734 0.0140805 -0.0212033 0.999676 0.0272143 0.0 0.0 0.0 1.0
chess/seq-01/color/frame-000151.color.png chess/seq-01/color/frame-000154.color.png 0.999987 0.00394142 -0.00311096 0.0185291 -0.00391564 0.999958 0.00824231 -0.000161435 0.00314332 -0.00823008 0.999961 0.0117534 0.0 0.0 0.0 1.0
chess/seq-01/color/frame-000154.color.png chess/seq-01/color/frame-000157.color.png 0.999982 0.00568312 0.00215819 0.00513801 -0.00570808 0.999915 0.0117359 -0.0120798 -0.0020913 -0.0117479 0.999929 0.016717 0.0 0.0 0.0 1.0
chess/seq-01/color/frame-000157.color.png chess/seq-01/color/frame-000160.color.png 0.999927 0.0119637 0.00181758 0.00405413 -0.0119726 0.999916 0.00494973 -0.00350392 -0.00175822 -0.00497106 0.999986 0.0114573 0.0 0.0 0.0 1.0
chess/seq-01/color/frame-000160.color.png chess/seq-01/color/frame-000163.color.png 0.999976 0.00578526 -0.00394677 0.00558136 -0.00579069 0.999982 -0.00137202 0.00294036 0.00393876 0.00139485 0.999991 0.00643861 0.0 0.0 0.0 1.0
chess/seq-01/color/frame-000163.color.png chess/seq-01/color/frame-000166.color.png 0.999919 0.00817251 -0.00973893 0.0225443 -0.00817788 0.999966 -0.000511449 0.00247273 0.00973443 0.000591085 0.999952 0.00773668 0.0 0.0 0.0 1.0
chess/seq-01/color/frame-000166.color.png chess/seq-01/color/frame-000169.color.png 0.999896 0.0120356 -0.00794744 0.0140864 -0.0119857 0.999908 0.00629758 -0.00242614 0.00802251 -0.00620181 0.999949 0.0124063 0.0 0.0 0.0 1.0
chess/seq-01/color/frame-000169.color.png chess/seq-01/color/frame-000172.color.png 0.999943 0.0106125 0.00109304 0.00513612 -0.0106188 0.999926 0.0059463 -0.00608411 -0.00102987 -0.0059574 0.999982 0.0192981 0.0 0.0 0.0 1.0
chess/seq-01/color/frame-000172.color.png chess/seq-01/color/frame-000175.color.png 0.999977 0.00406832 -0.005358 0.0205616 -0.00405696 0.999989 0.00212903 -0.000219867 0.00536661 -0.00210737 0.999983 0.0169457 0.0 0.0 0.0 1.0
chess/seq-01/color/frame-000175.color.png chess/seq-01/color/frame-000178.color.png 0.999853 0.0170774 -0.00120955 0.00416936 -0.0170742 0.999851 0.00260347 -0.00432036 0.00125382 -0.00258237 0.999996 0.0178039 0.0 0.0 0.0 1.0
chess/seq-01/color/frame-000178.color.png chess/seq-01/color/frame-000181.color.png 0.999358 0.0283922 -0.0218567 0.0446031 -0.0283679 0.999597 0.00142133 0.00609538 0.0218882 -0.000800401 0.99976 0.0170387 0.0 0.0 0.0 1.0
chess/seq-01/color/frame-000181.color.png chess/seq-01/color/frame-000184.color.png 0.999615 0.0218557 -0.0170905 0.0253765 -0.021742 0.99974 0.00680897 -0.00572357 0.0172348 -0.0064348 0.999831 0.0145478 0.0 0.0 0.0 1.0
chess/seq-01/color/frame-000184.color.png chess/seq-01/color/frame-000187.color.png 0.999707 0.00360118 -0.023921 0.0369979 -0.0035253 0.999989 0.00321288 -4.39063e-05 0.0239323 -0.00312772 0.999709 0.00937772 0.0 0.0 0.0 1.0
chess/seq-01/color/frame-000187.color.png chess/seq-01/color/frame-000190.color.png 0.999791 0.0112991 -0.0170128 0.0265648 -0.0111215 0.999883 0.0104971 -0.0170028 0.0171294 -0.0103056 0.9998 0.0153393 0.0 0.0 0.0 1.0
chess/seq-01/color/frame-000190.color.png chess/seq-01/color/frame-000193.color.png 0.999946 0.00882567 -0.00550208 0.0109009 -0.00881224 0.999958 0.00245931 -0.00832557 0.00552357 -0.00241071 0.999982 0.0105082 0.0 0.0 0.0 1.0
chess/seq-01/color/frame-000193.color.png chess/seq-01/color/frame-000196.color.png 0.999916 0.00623505 -0.0114079 0.0236915 -0.00624889 0.99998 -0.00117891 -0.00505875 0.0114003 0.00125007 0.999934 0.0037396 0.0 0.0 0.0 1.0
chess/seq-01/color/frame-000196.color.png chess/seq-01/color/frame-000199.color.png 0.999553 0.0277339 -0.0111222 0.0131506 -0.0277462 0.999615 -0.000952327 -0.00315851 0.0110915 0.00126052 0.999938 -0.00749469 0.0 0.0 0.0 1.0
chess/seq-01/color/frame-000199.color.png chess/seq-01/color/frame-000202.color.png 0.999239 0.0373204 -0.0113717 0.0269643 -0.0375105 0.999152 -0.0169955 0.0253338 0.0107278 0.0174092 0.999791 -0.0109574 0.0 0.0 0.0 1.0
chess/seq-01/color/frame-000202.color.png chess/seq-01/color/frame-000205.color.png 0.999359 0.0235042 -0.0270002 0.0479809 -0.0238233 0.999649 -0.0115566 0.0200577 0.0267191 0.0121925 0.999569 -0.0203849 0.0 0.0 0.0 1.0
chess/seq-01/color/frame-000205.color.png chess/seq-01/color/frame-000208.color.png 0.99914 0.0329194 -0.0252046 0.0514049 -0.0329733 0.999455 -0.0017226 0.0132086 0.0251342 0.00255205 0.999681 -0.0132723 0.0 0.0 0.0 1.0
chess/seq-01/color/frame-000208.color.png chess/seq-01/color/frame-000211.color.png 0.998875 0.0208323 -0.0426103 0.0820461 -0.0204189 0.99974 0.010115 -0.00954437 0.04281 -0.0092336 0.999041 -0.0077194 0.0 0.0 0.0 1.0
chess/seq-01/color/frame-000211.color.png chess/seq-01/color/frame-000214.color.png 0.999747 0.0089177 -0.020637 0.0448432 -0.00904117 0.999942 -0.00589863 0.0189766 0.0205832 0.00608365 0.99977 -0.0107428 0.0 0.0 0.0 1.0
chess/seq-01/color/frame-000214.color.png chess/seq-01/color/frame-000217.color.png 0.999339 0.0172582 -0.031993 0.0569723 -0.017231 0.999851 0.00112623 0.00294147 0.0320077 -0.000574048 0.999488 -0.011318 0.0 0.0 0.0 1.0
chess/seq-01/color/frame-000217.color.png chess/seq-01/color/frame-000220.color.png 0.999111 0.0107148 -0.0407791 0.0844865 -0.0107159 0.999943 0.000192004 0.0043278 0.0407788 0.000245115 0.999168 -0.0116447 0.0 0.0 0.0 1.0
chess/seq-01/color/frame-000220.color.png chess/seq-01/color/frame-000223.color.png 0.999748 0.0124099 -0.0187004 0.0369751 -0.0124199 0.999923 -0.0004183 0.00357567 0.0186938 0.000650458 0.999825 -0.00687385 0.0 0.0 0.0 1.0
chess/seq-01/color/frame-000223.color.png chess/seq-01/color/frame-000226.color.png 0.999582 0.00433508 -0.028598 0.067862 -0.00438304 0.999989 -0.00161217 0.00372451 0.0285906 0.00173679 0.99959 -0.00827432 0.0 0.0 0.0 1.0
chess/seq-01/color/frame-000226.color.png chess/seq-01/color/frame-000229.color.png 0.999779 0.00983603 -0.0185547 0.0416019 -0.00990581 0.999944 -0.00367145 0.00739764 0.0185176 0.00385441 0.999821 -0.00909841 0.0 0.0 0.0 1.0
chess/seq-01/color/frame-000229.color.png chess/seq-01/color/frame-000232.color.png 0.999807 0.0106059 -0.0165422 0.0416165 -0.0105643 0.999941 0.0025967 -0.000784857 0.0165688 -0.00242147 0.99986 -0.00412536 0.0 0.0 0.0 1.0
chess/seq-01/color/frame-000232.color.png chess/seq-01/color/frame-000235.color.png 0.999853 -0.00375895 -0.0167202 0.0419132 0.00368564 0.999983 -0.00441289 0.00549291 0.0167366 0.00435075 0.99985 -0.00264251 0.0 0.0 0.0 1.0
chess/seq-01/color/frame-000235.color.png chess/seq-01/color/frame-000238.color.png 0.999741 0.00688818 -0.0216677 0.0460895 -0.00689306 0.999976 -0.000147943 -0.005233 0.0216662 0.00029725 0.999765 -0.00418854 0.0 0.0 0.0 1.0
chess/seq-01/color/frame-000238.color.png chess/seq-01/color/frame-000241.color.png 0.999831 0.00303229 -0.0181377 0.0397845 -0.00315655 0.999972 -0.0068285 0.0119926 0.0181165 0.00688444 0.999812 -0.00358427 0.0 0.0 0.0 1.0
chess/seq-01/color/frame-000241.color.png chess/seq-01/color/frame-000244.color.png 0.999728 0.00954309 -0.0212789 0.0408433 -0.00952585 0.999954 0.000909809 -0.00200789 0.0212866 -0.000706802 0.999773 -0.00171196 0.0 0.0 0.0 1.0
chess/seq-01/color/frame-000244.color.png chess/seq-01/color/frame-000247.color.png 0.999569 0.0201833 -0.0212964 0.0383168 -0.0202893 0.999783 -0.00476749 0.0148559 0.0211956 0.00519755 0.999762 0.000478387 0.0 0.0 0.0 1.0
chess/seq-01/color/frame-000247.color.png chess/seq-01/color/frame-000250.color.png 0.999475 0.00898896 -0.031143 0.0605091 -0.0089905 0.99996 8.94859e-05 0.00345194 0.0311425 0.000190554 0.999515 -0.00459135 0.0 0.0 0.0 1.0
chess/seq-01/color/frame-000250.color.png chess/seq-01/color/frame-000253.color.png 0.999662 0.0178065 -0.0189227 0.0396636 -0.0178606 0.999837 -0.00269241 0.0124069 0.0188716 0.00302946 0.999817 0.00125229 0.0 0.0 0.0 1.0
chess/seq-01/color/frame-000253.color.png chess/seq-01/color/frame-000256.color.png 0.999493 0.015046 -0.0280561 0.0574584 -0.014883 0.999871 0.00601187 -0.00764472 0.0281431 -0.00559133 0.999588 -0.00508094 0.0 0.0 0.0 1.0
chess/seq-01/color/frame-000256.color.png chess/seq-01/color/frame-000259.color.png 0.999441 0.0221794 -0.0250114 0.0470349 -0.0220382 0.99974 0.00590158 -0.0103926 0.0251357 -0.00534715 0.99967 -0.00302315 0.0 0.0 0.0 1.0
chess/seq-01/color/frame-000259.color.png chess/seq-01/color/frame-000262.color.png 0.999719 0.00187076 -0.0236188 0.0484123 -0.00188513 0.999998 -0.000589264 -0.000856102 0.0236176 0.000633685 0.999721 -0.00671947 0.0 0.0 0.0 1.0
chess/seq-01/color/frame-000262.color.png chess/seq-01/color/frame-000265.color.png 0.999694 0.00339105 -0.0244934 0.0555089 -0.00308825 0.999919 0.0123944 -0.0236502 0.0245334 -0.0123152 0.999623 -0.00103867 0.0 0.0 0.0 1.0
chess/seq-01/color/frame-000265.color.png chess/seq-01/color/frame-000268.color.png 0.999823 0.0110518 -0.0152195 0.0309195 -0.0111445 0.99992 -0.00602235 0.00525572 0.0151517 0.00619105 0.999866 -0.00532472 0.0 0.0 0.0 1.0
chess/seq-01/color/frame-000268.color.png chess/seq-01/color/frame-000271.color.png 0.999677 -0.00844074 -0.0239581 0.0562883 0.00855279 0.999953 0.00457916 -0.0198516 0.0239183 -0.00478258 0.999703 -0.0154191 0.0 0.0 0.0 1.0
chess/seq-01/color/frame-000271.color.png chess/seq-01/color/frame-000274.color.png 0.99944 0.00798037 -0.0324826 0.0816576 -0.00840279 0.999882 -0.0128906 0.011014 0.0323759 0.0131562 0.999389 -0.0226409 0.0 0.0 0.0 1.0
chess/seq-01/color/frame-000274.color.png chess/seq-01/color/frame-000277.color.png 0.999474 -0.0060625 -0.0318658 0.0837628 0.0058878 0.999967 -0.00557373 0.00513456 0.0318985 0.00538335 0.999477 -0.0220801 0.0 0.0 0.0 1.0
chess/seq-01/color/frame-000277.color.png chess/seq-01/color/frame-000280.color.png 0.998899 0.0333934 -0.0329432 0.0803065 -0.0332275 0.999432 0.00557353 0.0102802 0.0331106 -0.00447281 0.999442 -0.0193411 0.0 0.0 0.0 1.0
chess/seq-01/color/frame-000280.color.png chess/seq-01/color/frame-000283.color.png 0.999323 0.0145997 -0.0337555 0.0828245 -0.0146042 0.999893 0.000113152 0.0106065 0.0337536 0.000379819 0.99943 -0.0235184 0.0 0.0 0.0 1.0
chess/seq-01/color/frame-000283.color.png chess/seq-01/color/frame-000286.color.png 0.999011 0.0254246 -0.0364718 0.0897096 -0.0255926 0.999664 -0.00414962 0.0256076 0.0363539 0.00507895 0.999326 -0.0226328 0.0 0.0 0.0 1.0
chess/seq-01/color/frame-000286.color.png chess/seq-01/color/frame-000289.color.png 0.999019 0.00732036 -0.0436779 0.104772 -0.00686278 0.99992 0.0106195 -0.0116491 0.0437523 -0.0103094 0.998989 -0.0301025 0.0 0.0 0.0 1.0
chess/seq-01/color/frame-000289.color.png chess/seq-01/color/frame-000292.color.png 0.999397 0.0177436 -0.029861 0.0829469 -0.0177613 0.999842 -0.000329264 0.0135846 0.0298504 0.000859416 0.999554 -0.0190248 0.0 0.0 0.0 1.0
chess/seq-01/color/frame-000292.color.png chess/seq-01/color/frame-000295.color.png 0.999629 0.0201414 -0.0183536 0.0438623 -0.0203391 0.999736 -0.0106495 0.0303132 0.0181343 0.0110189 0.999775 -0.0161096 0.0 0.0 0.0 1.0
chess/seq-01/color/frame-000295.color.png chess/seq-01/color/frame-000298.color.png 0.999663 0.00666885 -0.0250738 0.0661867 -0.00692742 0.999923 -0.0102413 0.0142096 0.0250035 0.0104115 0.999633 -0.0233982 0.0 0.0 0.0 1.0
chess/seq-01/color/frame-000298.color.png chess/seq-01/color/frame-000301.color.png 0.999953 0.00209177 -0.00943797 0.0391504 -0.00216759 0.999965 -0.00802355 -0.000762649 0.00942087 0.00804361 0.999923 -0.00448024 0.0 0.0 0.0 1.0
chess/seq-01/color/frame-000301.color.png chess/seq-01/color/frame-000304.color.png 0.999688 -0.0242762 0.00580828 0.0124837 0.0243685 0.999569 -0.016396 -0.00832709 -0.00540769 0.0165324 0.999849 0.00219035 0.0 0.0 0.0 1.0
chess/seq-01/color/frame-000304.color.png chess/seq-01/color/frame-000307.color.png 0.999696 -0.0236243 0.00708181 0.0147946 0.023815 0.999319 -0.0281794 0.00701056 -0.0064113 0.0283394 0.999578 -0.00631881 0.0 0.0 0.0 1.0
chess/seq-01/color/frame-000307.color.png chess/seq-01/color/frame-000310.color.png 0.999963 -0.00796292 0.00325194 0.0283571 0.00802527 0.999776 -0.0196102 0.00217896 -0.00309505 0.0196358 0.999802 -0.0159131 0.0 0.0 0.0 1.0
chess/seq-01/color/frame-000310.color.png chess/seq-01/color/frame-000313.color.png 0.999884 -0.00980225 0.011687 0.0149524 0.0100881 0.999645 -0.0246684 0.020046 -0.011441 0.0247834 0.999627 -0.020035 0.0 0.0 0.0 1.0
chess/seq-01/color/frame-000313.color.png chess/seq-01/color/frame-000316.color.png 0.999776 -0.0122319 0.0172871 0.00346148 0.0123803 0.999887 -0.00850122 0.00503568 -0.0171811 0.00871323 0.999815 -0.0117723 0.0 0.0 0.0 1.0
chess/seq-01/color/frame-000316.color.png chess/seq-01/color/frame-000319.color.png 0.999631 -0.0240514 -0.0126384 0.0466608 0.0239586 0.999685 -0.0074391 -0.000959538 0.0128133 0.00713366 0.999892 -0.0454596 0.0 0.0 0.0 1.0
chess/seq-01/color/frame-000319.color.png chess/seq-01/color/frame-000322.color.png 0.999958 -0.00673752 -0.00629664 0.0277671 0.00667524 0.999929 -0.00985169 -0.0124255 0.00636254 0.00980915 0.999932 -0.0419482 0.0 0.0 0.0 1.0
chess/seq-01/color/frame-000322.color.png chess/seq-01/color/frame-000325.color.png 0.999718 -0.00856316 0.0221463 -0.0181139 0.009222 0.999513 -0.0298174 0.0254141 -0.0218801 0.0300132 0.99931 -0.00618541 0.0 0.0 0.0 1.0
chess/seq-01/color/frame-000325.color.png chess/seq-01/color/frame-000328.color.png 0.999657 -0.0200938 0.016796 -0.0288426 0.0204445 0.999571 -0.0209817 0.00185132 -0.0163673 0.0213179 0.999639 -0.0120864 0.0 0.0 0.0 1.0
chess/seq-01/color/frame-000328.color.png chess/seq-01/color/frame-000331.color.png 0.999723 -0.0232039 -0.00394013 -0.0103912 0.0231148 0.999505 -0.0213349 -0.000573337 0.00443321 0.021238 0.999765 -0.0354092 0.0 0.0 0.0 1.0
chess/seq-01/color/frame-000331.color.png chess/seq-01/color/frame-000334.color.png 0.999584 -0.0287561 0.00215374 -0.023625 0.0287839 0.999485 -0.014155 -0.00758362 -0.00174558 0.014211 0.999897 -0.0346811 0.0 0.0 0.0 1.0
chess/seq-01/color/frame-000334.color.png chess/seq-01/color/frame-000337.color.png 0.999529 -0.0295187 0.00834829 -0.0221748 0.0296128 0.999496 -0.0114028 -0.0187051 -0.00800751 0.0116448 0.9999 -0.0358503 0.0 0.0 0.0 1.0
chess/seq-01/color/frame-000337.color.png chess/seq-01/color/frame-000340.color.png 0.999389 -0.0349451 -9.73251e-05 0.00129986 0.0349401 0.999285 -0.0144751 -0.0163018 0.000603142 0.0144628 0.999895 -0.0344672 0.0 0.0 0.0 1.0
chess/seq-01/color/frame-000340.color.png chess/seq-01/color/frame-000343.color.png 0.999884 -0.00394854 0.014734 -0.0178701 0.00436081 0.999597 -0.0280396 0.0208746 -0.0146173 0.0281006 0.999498 -0.018002 0.0 0.0 0.0 1.0
chess/seq-01/color/frame-000343.color.png chess/seq-01/color/frame-000346.color.png 0.999988 -0.00161674 -0.00452574 0.0130073 0.0014432 0.999273 -0.0380886 0.045682 0.004584 0.0380816 0.999264 -0.0474863 0.0 0.0 0.0 1.0
chess/seq-01/color/frame-000346.color.png chess/seq-01/color/frame-000349.color.png 0.999982 0.000598529 -0.00599172 0.0266815 -0.000751533 0.999673 -0.0255777 0.0286448 0.00597442 0.0255818 0.999655 -0.0430834 0.0 0.0 0.0 1.0
chess/seq-01/color/frame-000349.color.png chess/seq-01/color/frame-000352.color.png 0.999911 -0.0077876 -0.0108295 0.0306523 0.00746917 0.999547 -0.0291373 0.0338602 0.0110514 0.0290539 0.999517 -0.0591913 0.0 0.0 0.0 1.0
chess/seq-01/color/frame-000352.color.png chess/seq-01/color/frame-000355.color.png 0.999979 0.00394425 0.00511295 0.0170678 -0.00383078 0.99975 -0.0220375 0.0269281 -0.00519857 0.0220174 0.999744 -0.0404102 0.0 0.0 0.0 1.0
chess/seq-01/color/frame-000355.color.png chess/seq-01/color/frame-000358.color.png 0.999865 0.000157221 0.0164619 0.00791872 0.000259843 0.999679 -0.0253238 0.032733 -0.0164606 0.0253246 0.999544 -0.0290153 0.0 0.0 0.0 1.0
chess/seq-01/color/frame-000358.color.png chess/seq-01/color/frame-000361.color.png 0.999467 -0.0284613 0.0159731 0.0180899 0.0285651 0.999572 -0.00630185 -0.0482031 -0.0157869 0.00675481 0.999852 -0.0338214 0.0 0.0 0.0 1.0
chess/seq-01/color/frame-000361.color.png chess/seq-01/color/frame-000364.color.png 0.996999 -0.0318344 0.0705664 -0.0644736 0.0334542 0.9992 -0.0218944 0.00460199 -0.069813 0.0241894 0.997267 0.0351909 0.0 0.0 0.0 1.0
chess/seq-01/color/frame-000364.color.png chess/seq-01/color/frame-000367.color.png 0.99749 -0.0386527 0.0593293 -0.0437522 0.0391169 0.999212 -0.00668248 -0.0457902 -0.0590242 0.00898649 0.998216 0.0161631 0.0 0.0 0.0 1.0
chess/seq-01/color/frame-000367.color.png chess/seq-01/color/frame-000370.color.png 0.998921 -0.0421846 0.0194117 -0.011571 0.0426065 0.998853 -0.0218613 -0.0124536 -0.0184672 0.0226648 0.999573 -0.0191151 0.0 0.0 0.0 1.0
chess/seq-01/color/frame-000370.color.png chess/seq-01/color/frame-000373.color.png 0.999594 -0.0188919 0.0213118 -0.0135256 0.019315 0.999617 -0.0198185 -0.0174943 -0.0209292 0.0202221 0.999576 -0.020411 0.0 0.0 0.0 1.0
chess/seq-01/color/frame-000373.color.png chess/seq-01/color/frame-000376.color.png 0.999822 -0.0158567 0.01023 -0.0106457 0.0161987 0.999282 -0.0342594 0.0348018 -0.00967931 0.034419 0.999361 -0.0174488 0.0 0.0 0.0 1.0
chess/seq-01/color/frame-000376.color.png chess/seq-01/color/frame-000379.color.png 0.999956 -0.00147192 -0.00931462 0.0207386 0.00121579 0.999623 -0.0274361 0.0292242 0.00935141 0.0274235 0.99958 -0.0475823 0.0 0.0 0.0 1.0
chess/seq-01/color/frame-000379.color.png chess/seq-01/color/frame-000382.color.png 0.999919 -0.00804481 0.00987428 0.0127605 0.00789678 0.999857 0.0149434 0.0114226 -0.0099931 -0.0148642 0.99984 -0.0183949 0.0 0.0 0.0 1.0
chess/seq-01/color/frame-000382.color.png chess/seq-01/color/frame-000385.color.png 0.999927 -0.0119548 -0.00203661 0.0310524 0.0120356 0.998876 0.0458484 -0.0523361 0.00148627 -0.0458696 0.998946 -0.00617313 0.0 0.0 0.0 1.0
chess/seq-01/color/frame-000385.color.png chess/seq-01/color/frame-000388.color.png 0.999969 -0.00677621 0.00397153 0.0232621 0.00655969 0.998614 0.0522193 -0.0518868 -0.00431994 -0.0521916 0.998628 -0.0135026 0.0 0.0 0.0 1.0
chess/seq-01/color/frame-000388.color.png chess/seq-01/color/frame-000391.color.png 0.999696 -0.017158 0.0177134 0.032734 0.0167398 0.999584 0.023488 -0.0377422 -0.018109 -0.0231844 0.999567 0.0181021 0.0 0.0 0.0 1.0
chess/seq-01/color/frame-000391.color.png chess/seq-01/color/frame-000394.color.png 0.999785 -0.00514463 0.0200689 -0.00216913 0.00488444 0.999904 0.0129952 -0.0244621 -0.0201338 -0.0128945 0.999714 0.0025906 0.0 0.0 0.0 1.0
chess/seq-01/color/frame-000394.color.png chess/seq-01/color/frame-000397.color.png 0.999688 -0.0226813 0.0105165 0.0161233 0.0226834 0.999743 -8.43594e-05 -0.036119 -0.0105119 0.000322894 0.999945 -0.00743413 0.0 0.0 0.0 1.0
chess/seq-01/color/frame-000397.color.png chess/seq-01/color/frame-000400.color.png 0.999501 -0.0246062 0.0198109 -0.00677931 0.0246131 0.999697 -0.000104193 -0.0394021 -0.0198023 0.000591745 0.999804 0.00537592 0.0 0.0 0.0 1.0
chess/seq-01/color/frame-000400.color.png chess/seq-01/color/frame-000403.color.png 0.999563 -0.0171702 0.0240551 -0.00363588 0.0170459 0.99984 0.00536431 -0.0391087 -0.0241434 -0.00495194 0.999696 0.0129253 0.0 0.0 0.0 1.0
chess/seq-01/color/frame-000403.color.png chess/seq-01/color/frame-000406.color.png 0.999691 -0.0216801 0.0121421 -0.00818837 0.0217086 0.999762 -0.00222194 -0.0187327 -0.012091 0.00248483 0.999924 7.76052e-05 0.0 0.0 0.0 1.0
chess/seq-01/color/frame-000406.color.png chess/seq-01/color/frame-000409.color.png 0.999873 -0.0127626 -0.00949343 -0.0227947 0.0126999 0.999897 -0.00663217 -0.00193882 0.00957698 0.00651079 0.999933 -0.0436825 0.0 0.0 0.0 1.0
chess/seq-01/color/frame-000409.color.png chess/seq-01/color/frame-000412.color.png 0.997133 0.0093456 -0.0750827 0.0141706 -0.00984256 0.999932 -0.0062518 0.0323029 0.0750191 0.00697289 0.997158 -0.118655 0.0 0.0 0.0 1.0
chess/seq-01/color/frame-000412.color.png chess/seq-01/color/frame-000415.color.png 0.992297 0.00907457 -0.123548 0.104108 -0.00629443 0.999719 0.0228737 -0.00381209 0.12372 -0.0219199 0.992075 -0.148761 0.0 0.0 0.0 1.0
chess/seq-01/color/frame-000415.color.png chess/seq-01/color/frame-000418.color.png 0.999741 -0.00151798 -0.0226829 0.0186179 0.00171992 0.999959 0.00888953 0.0091446 0.0226684 -0.00892626 0.999703 -0.0239852 0.0 0.0 0.0 1.0
chess/seq-01/color/frame-000418.color.png chess/seq-01/color/frame-000421.color.png 0.999479 0.00316471 -0.032116 0.0188197 -0.00268147 0.999883 0.0150808 0.0038521 0.0321599 -0.0149869 0.99937 -0.0244032 0.0 0.0 0.0 1.0
chess/seq-01/color/frame-000421.color.png chess/seq-01/color/frame-000424.color.png 0.999989 0.00436847 0.00194131 0.00096786 -0.00441135 0.999733 0.0227043 -0.00303723 -0.0018416 -0.0227126 0.99974 0.00486907 0.0 0.0 0.0 1.0
chess/seq-01/color/frame-000424.color.png chess/seq-01/color/frame-000427.color.png 0.999698 0.00841995 0.0230786 -0.0178837 -0.00864997 0.999914 0.00988211 0.0159042 -0.0229935 -0.0100787 0.999685 0.0347116 0.0 0.0 0.0 1.0
chess/seq-01/color/frame-000427.color.png chess/seq-01/color/frame-000430.color.png 0.999787 0.0139865 0.0151808 -0.0140214 -0.0136609 0.999679 -0.0213455 0.0157118 -0.0154744 0.0211336 0.999657 0.0256282 0.0 0.0 0.0 1.0
chess/seq-01/color/frame-000430.color.png chess/seq-01/color/frame-000433.color.png 0.999736 -0.00199228 0.0228815 -0.013157 0.00234337 0.99988 -0.0153232 0.0120236 -0.0228483 0.0153728 0.999621 0.0472786 0.0 0.0 0.0 1.0
chess/seq-01/color/frame-000433.color.png chess/seq-01/color/frame-000436.color.png 0.999954 -0.00338422 0.00897491 -0.000555277 0.00350224 0.999907 -0.0131827 0.00285018 -0.00892945 0.0132134 0.999873 0.039885 0.0 0.0 0.0 1.0
chess/seq-01/color/frame-000436.color.png chess/seq-01/color/frame-000439.color.png 0.999861 0.0130812 0.0103731 -0.00225294 -0.0130543 0.999911 -0.00264406 0.0282582 -0.0104067 0.00250828 0.999943 0.02665 0.0 0.0 0.0 1.0
chess/seq-01/color/frame-000439.color.png chess/seq-01/color/frame-000442.color.png 0.999958 0.00718429 0.0056238 0.000689507 -0.00722 0.999954 0.00636176 0.00693606 -0.00557778 -0.00640213 0.999964 0.0402415 0.0 0.0 0.0 1.0
chess/seq-01/color/frame-000442.color.png chess/seq-01/color/frame-000445.color.png 0.999973 0.00431077 -0.0060236 0.00816262 -0.00422606 0.999893 0.0140086 -0.010258 0.00608316 -0.0139827 0.999884 0.024353 0.0 0.0 0.0 1.0
chess/seq-01/color/frame-000445.color.png chess/seq-01/color/frame-000448.color.png 0.999944 -0.00349652 -0.00994625 0.0162542 0.00343958 0.999978 -0.00573851 0.00570809 0.00996613 0.00570396 0.999934 0.0200425 0.0 0.0 0.0 1.0
chess/seq-01/color/frame-000448.color.png chess/seq-01/color/frame-000451.color.png 0.999623 0.0218799 0.0166062 -0.00520837 -0.0220303 0.999717 0.00892979 0.0289986 -0.0164062 -0.00929224 0.999822 0.074533 0.0 0.0 0.0 1.0
chess/seq-01/color/frame-000451.color.png chess/seq-01/color/frame-000454.color.png 0.999847 0.00913998 -0.0149444 0.0082022 -0.00890588 0.999838 0.0156615 -0.0211102 0.0150851 -0.0155259 0.999766 0.0309952 0.0 0.0 0.0 1.0
chess/seq-01/color/frame-000454.color.png chess/seq-01/color/frame-000457.color.png 0.999931 -0.0112315 -0.0033331 0.0160338 0.0111646 0.999748 -0.0194783 0.0224708 0.0035511 0.0194397 0.999805 0.0500233 0.0 0.0 0.0 1.0
chess/seq-01/color/frame-000457.color.png chess/seq-01/color/frame-000460.color.png 0.999998 -0.00103197 0.00156585 0.00557339 0.00100824 0.999887 0.0150148 -0.026309 -0.00158115 -0.0150132 0.999886 0.0507836 0.0 0.0 0.0 1.0
chess/seq-01/color/frame-000460.color.png chess/seq-01/color/frame-000463.color.png 0.999869 -0.0134793 -0.00895689 -0.0175976 0.0133923 0.999863 -0.00971188 -0.00384044 0.00908651 0.00959063 0.999913 0.0473776 0.0 0.0 0.0 1.0
chess/seq-01/color/frame-000463.color.png chess/seq-01/color/frame-000466.color.png 0.999243 -0.00226757 -0.0388318 0.0424637 0.00138223 0.999739 -0.0228087 0.02837 0.0388733 0.0227378 0.998985 0.0153939 0.0 0.0 0.0 1.0
chess/seq-01/color/frame-000466.color.png chess/seq-01/color/frame-000469.color.png 0.999853 -0.0163039 -0.00533501 -0.0172546 0.0163662 0.999796 0.0118321 -0.0224932 0.00514105 -0.0119177 0.999916 0.0764192 0.0 0.0 0.0 1.0
chess/seq-01/color/frame-000469.color.png chess/seq-01/color/frame-000472.color.png 0.999793 -0.0197794 -0.0047027 -0.0179594 0.0198469 0.999694 0.0147759 -0.0271397 0.00440899 -0.0148662 0.99988 0.0570543 0.0 0.0 0.0 1.0
chess/seq-01/color/frame-000472.color.png chess/seq-01/color/frame-000475.color.png 0.9999 -0.011535 0.00816578 -0.038144 0.0114212 0.999839 0.0138454 -0.0260356 -0.00832424 -0.0137508 0.999871 0.0562885 0.0 0.0 0.0 1.0
chess/seq-01/color/frame-000475.color.png chess/seq-01/color/frame-000478.color.png 0.999848 -0.0171732 0.00306726 -0.0140053 0.0171753 0.999852 -0.000620592 -0.0186729 -0.00305615 0.000673192 0.999995 0.0423138 0.0 0.0 0.0 1.0
chess/seq-01/color/frame-000478.color.png chess/seq-01/color/frame-000481.color.png 0.999378 -0.0122977 -0.0330382 0.0366452 0.0125963 0.999881 0.00884489 -0.0150304 0.0329255 -0.00925552 0.999415 -0.00193131 0.0 0.0 0.0 1.0
chess/seq-01/color/frame-000481.color.png chess/seq-01/color/frame-000484.color.png 0.999643 -0.0123022 -0.0237371 0.0255142 0.0127298 0.999758 0.0179487 -0.0355906 0.0235105 -0.0182445 0.999557 0.00787878 0.0 0.0 0.0 1.0
chess/seq-01/color/frame-000484.color.png chess/seq-01/color/frame-000487.color.png 0.999666 0.00605062 -0.0251334 0.0201871 -0.00570072 0.999886 0.0139717 -0.00592286 0.0252151 -0.0138238 0.999587 0.0225652 0.0 0.0 0.0 1.0
chess/seq-01/color/frame-000487.color.png chess/seq-01/color/frame-000490.color.png 0.999403 0.000588246 -0.0345484 0.0565661 -0.00101717 0.999923 -0.0124001 0.010111 0.0345383 0.0124279 0.999326 0.000424743 0.0 0.0 0.0 1.0
chess/seq-01/color/frame-000490.color.png chess/seq-01/color/frame-000493.color.png 0.999094 -0.00285512 -0.042464 0.0613931 0.00228631 0.999907 -0.0134374 0.013442 0.0424986 0.0133282 0.999008 -0.00608552 0.0 0.0 0.0 1.0
chess/seq-01/color/frame-000493.color.png chess/seq-01/color/frame-000496.color.png 0.999427 -0.00276343 -0.0337439 0.0582074 0.00315141 0.999929 0.0114506 -0.0247883 0.0337099 -0.0115504 0.999365 0.000540853 0.0 0.0 0.0 1.0
chess/seq-01/color/frame-000496.color.png chess/seq-01/color/frame-000499.color.png 0.999112 0.0170185 -0.038548 0.059284 -0.0168369 0.999846 0.00503022 0.0105715 0.0386274 -0.00437665 0.999244 -0.00603724 0.0 0.0 0.0 1.0
chess/seq-01/color/frame-000499.color.png chess/seq-01/color/frame-000502.color.png 0.998995 0.000971056 -0.0447988 0.063194 -0.000856393 0.999996 0.00257861 -0.0132748 0.0448011 -0.00253766 0.998993 -0.0223049 0.0 0.0 0.0 1.0
chess/seq-01/color/frame-000502.color.png chess/seq-01/color/frame-000505.color.png 0.996951 -0.0188881 -0.0757113 0.117741 0.0182511 0.999792 -0.00909652 -0.00677958 0.0758675 0.00768698 0.997088 -0.0602229 0.0 0.0 0.0 1.0
chess/seq-01/color/frame-000505.color.png chess/seq-01/color/frame-000508.color.png 0.997522 -0.0121135 -0.0693093 0.105628 0.0116554 0.999907 -0.00700921 -0.0129522 0.069388 0.00618395 0.997571 -0.0429695 0.0 0.0 0.0 1.0
chess/seq-01/color/frame-000508.color.png chess/seq-01/color/frame-000511.color.png 0.999305 -0.00645498 -0.0367259 0.0479337 0.00632308 0.999973 -0.00370712 -0.00470375 0.0367487 0.00347234 0.999318 -0.0230654 0.0 0.0 0.0 1.0
chess/seq-01/color/frame-000511.color.png chess/seq-01/color/frame-000514.color.png 0.999629 0.00392507 -0.0269556 0.025767 -0.0043211 0.999883 -0.0146471 0.0206942 0.0268951 0.0147581 0.999529 0.0121015 0.0 0.0 0.0 1.0
chess/seq-01/color/frame-000514.color.png chess/seq-01/color/frame-000517.color.png 0.999855 0.00925347 -0.0142615 -0.00161839 -0.00936933 0.999924 -0.00808311 0.00632278 0.0141857 0.00821557 0.999866 0.0206494 0.0 0.0 0.0 1.0
chess/seq-01/color/frame-000517.color.png chess/seq-01/color/frame-000520.color.png 0.999245 0.00598569 -0.0383793 0.0380347 -0.00596285 0.999982 0.000710714 -0.00268771 0.0383828 -0.000481345 0.999263 -0.00312245 0.0 0.0 0.0 1.0
chess/seq-01/color/frame-000520.color.png chess/seq-01/color/frame-000523.color.png 0.999649 -0.0003095 -0.0265052 0.0279386 0.000110512 0.999972 -0.00750933 0.0161514 0.0265067 0.00750379 0.99962 -0.00409746 0.0 0.0 0.0 1.0
chess/seq-01/color/frame-000523.color.png chess/seq-01/color/frame-000526.color.png 0.999626 0.0105549 -0.0252177 0.0239786 -0.0105396 0.999944 0.00073942 0.00208068 0.025224 -0.000473375 0.999682 -0.00795138 0.0 0.0 0.0 1.0
chess/seq-01/color/frame-000526.color.png chess/seq-01/color/frame-000529.color.png 0.998529 0.0176491 -0.0512638 0.0693848 -0.0170929 0.99979 0.0112688 -0.00911698 0.0514519 -0.010376 0.998622 -0.0338839 0.0 0.0 0.0 1.0
chess/seq-01/color/frame-000529.color.png chess/seq-01/color/frame-000532.color.png 0.998781 0.0197446 -0.0452393 0.087088 -0.0196967 0.999805 0.00150254 0.00386328 0.0452601 -0.000609631 0.998975 -0.0453207 0.0 0.0 0.0 1.0
chess/seq-01/color/frame-000532.color.png chess/seq-01/color/frame-000535.color.png 0.998673 0.00790066 -0.0508936 0.0941756 -0.00839893 0.999919 -0.00958451 0.0284241 0.0508138 0.00999924 0.998658 -0.0138921 0.0 0.0 0.0 1.0
