chess/seq-01/color/frame-000000.color.png chess/seq-01/color/frame-000003.color.png 0.999978 -0.00637427 0.00199428 0.000632422 0.0063718 0.999979 0.00124439 0.000386413 -0.00200217 -0.00123166 0.999997 0.000643346 0.0 0.0 0.0 1.0
chess/seq-01/color/frame-000003.color.png chess/seq-01/color/frame-000006.color.png 0.999999 0.00153151 -0.000795432 0.000934097 -0.00153157 0.999999 -7.53554e-05 0.000604319 0.000795316 7.65733e-05 1.0 -0.00246592 0.0 0.0 0.0 1.0
chess/seq-01/color/frame-000006.color.png chess/seq-01/color/frame-000009.color.png 0.999996 0.002769 -0.000350408 0.00188736 -0.00276886 0.999996 0.000419149 0.0026096 0.000351567 -0.000418177 1.0 0.00091387 0.0 0.0 0.0 1.0
chess/seq-01/color/frame-000009.color.png chess/seq-01/color/frame-000012.color.png 0.999985 0.00514719 -0.001713 -0.00303461 -0.00514219 0.999983 0.00291221 -0.00379051 0.00172796 -0.00290336 0.999994 0.00198233 0.0 0.0 0.0 1.0
chess/seq-01/color/frame-000012.color.png chess/seq-01/color/frame-000015.color.png 1.0 -0.000490845 0.000727552 -0.00221675 0.00048847 0.999995 0.00326122 -0.00276349 -0.000729149 -0.00326086 0.999994 0.00837044 0.0 0.0 0.0 1.0
chess/seq-01/color/frame-000015.color.png chess/seq-01/color/frame-000018.color.png 0.999926 -0.00464466 -0.0112628 0.000382172 0.00469446 0.999979 0.00439909 0.00421901 0.0112422 -0.00445163 0.999927 0.0106893 0.0 0.0 0.0 1.0
chess/seq-01/color/frame-000018.color.png chess/seq-01/color/frame-000021.color.png 0.999948 -0.0101657 -0.0005242 0.00117915 0.0101708 0.999888 0.0109874 -0.004283 0.000412446 -0.0109922 0.99994 0.0166032 0.0 0.0 0.0 1.0
chess/seq-01/color/frame-000021.color.png chess/seq-01/color/frame-000024.color.png 0.999961 -0.00616208 -0.0062684 0.00313894 0.00622028 0.999937 0.00930756 -0.00160983 0.00621066 -0.0093462 0.999937 0.0232337 0.0 0.0 0.0 1.0
chess/seq-01/color/frame-000024.color.png chess/seq-01/color/frame-000027.color.png 0.999982 -0.00422179 -0.00436867 0.00353747 0.00426567 0.99994 0.0100825 -0.000234141 0.00432584 -0.0101009 0.99994 0.0199171 0.0 0.0 0.0 1.0
chess/seq-01/color/frame-000027.color.png chess/seq-01/color/frame-000030.color.png 0.999968 -0.00629234 0.00502511 -0.00562681 0.00621586 0.999867 0.0150918 -0.00924009 -0.00511941 -0.01506 0.999873 0.0236374 0.0 0.0 0.0 1.0
chess/seq-01/color/frame-000030.color.png chess/seq-01/color/frame-000033.color.png 0.999894 -0.0145467 -0.000435223 0.00583215 0.0145513 0.999798 0.0138593 -0.00354543 0.000233533 -0.0138641 0.999904 0.0270985 0.0 0.0 0.0 1.0
chess/seq-01/color/frame-000033.color.png chess/seq-01/color/frame-000036.color.png 0.999939 -0.0110043 -0.00033491 0.00679829 0.0110066 0.999908 0.00797133 0.00209753 0.000247157 -0.00797452 0.999968 0.0220844 0.0 0.0 0.0 1.0
chess/seq-01/color/frame-000036.color.png chess/seq-01/color/frame-000039.color.png 0.999951 -0.0029696 0.00942478 -0.00562816 0.002869 0.999939 0.0106687 -0.00314841 -0.00945589 -0.0106411 0.999899 0.020711 0.0 0.0 0.0 1.0
chess/seq-01/color/frame-000039.color.png chess/seq-01/color/frame-000042.color.png 0.999999 0.00101879 -0.00118996 -0.00415699 -0.00101181 0.999982 0.00586018 0.00146699 0.0011959 -0.00585895 0.999982 0.0291278 0.0 0.0 0.0 1.0
chess/seq-01/color/frame-000042.color.png chess/seq-01/color/frame-000045.color.png 0.999925 -0.00582722 -0.0108034 -0.00108993 0.0058465 0.999981 0.00175388 -0.00374925 0.010793 -0.00181692 0.99994 0.033377 0.0 0.0 0.0 1.0
chess/seq-01/color/frame-000045.color.png chess/seq-01/color/frame-000048.color.png 0.999929 -0.00730016 -0.00943085 0.00615321 0.00737126 0.999945 0.00752563 -0.00144804 0.00937539 -0.0075946 0.999927 0.0343246 0.0 0.0 0.0 1.0
chess/seq-01/color/frame-000048.color.png chess/seq-01/color/frame-000051.color.png 0.999842 -0.0172294 -0.00446458 0.00127294 0.0172678 0.999813 0.00871313 -0.0132964 0.00431363 -0.00878885 0.999952 0.0351234 0.0 0.0 0.0 1.0
chess/seq-01/color/frame-000051.color.png chess/seq-01/color/frame-000054.color.png 0.999802 -0.0130563 -0.0149918 0.0242496 0.013231 0.999845 0.011611 0.00369573 0.0148379 -0.011807 0.99982 0.0387223 0.0 0.0 0.0 1.0
chess/seq-01/color/frame-000054.color.png chess/seq-01/color/frame-000057.color.png 0.999916 -0.0108888 -0.00704508 0.014493 0.010962 0.999885 0.0104467 0.00169808 0.00693052 -0.010523 0.999921 0.0251168 0.0 0.0 0.0 1.0
chess/seq-01/color/frame-000057.color.png chess/seq-01/color/frame-000060.color.png 0.999952 -0.00973941 -0.000989866 0.01202 0.00975744 0.999748 0.0201939 -0.00743116 0.000792943 -0.0202026 0.999796 0.0358024 0.0 0.0 0.0 1.0
chess/seq-01/color/frame-000060.color.png chess/seq-01/color/frame-000063.color.png 0.999994 -0.000773756 0.00350115 0.0149735 0.000732565 0.999931 0.0117517 -0.00584934 -0.00351002 -0.011749 0.999925 0.031359 0.0 0.0 0.0 1.0
chess/seq-01/color/frame-000063.color.png chess/seq-01/color/frame-000066.color.png 0.999617 -0.00275769 0.0275442 0.00129864 0.00249468 0.999951 0.00957711 -0.00515506 -0.0275692 -0.00950475 0.999575 0.0276823 0.0 0.0 0.0 1.0
chess/seq-01/color/frame-000066.color.png chess/seq-01/color/frame-000069.color.png 0.999955 -0.00793355 -0.00524047 0.0175809 0.00796868 0.999946 0.00671434 0.000132019 0.00518693 -0.00675582 0.999964 0.0268568 0.0 0.0 0.0 1.0
chess/seq-01/color/frame-000069.color.png chess/seq-01/color/frame-000072.color.png 0.999968 -0.002098 0.00766164 0.0144716 0.00201664 0.999942 0.0106135 -0.0129666 -0.00768346 -0.0105977 0.999914 0.0357267 0.0 0.0 0.0 1.0
chess/seq-01/color/frame-000072.color.png chess/seq-01/color/frame-000075.color.png 0.999918 -0.0114485 -0.00575968 0.0156008 0.0114708 0.999927 0.00385935 -0.000656942 0.00571507 -0.00392508 0.999976 0.0248172 0.0 0.0 0.0 1.0
chess/seq-01/color/frame-000075.color.png chess/seq-01/color/frame-000078.color.png 0.999966 -0.00775979 -0.00279776 0.0203443 0.00778489 0.999929 0.00907895 -0.0109334 0.00272711 -0.00910044 0.999955 0.0290253 0.0 0.0 0.0 1.0
chess/seq-01/color/frame-000078.color.png chess/seq-01/color/frame-000081.color.png 0.999749 -0.00836542 0.020763 -0.00891809 0.00829438 0.999959 0.00350573 0.00211997 -0.0207915 -0.00333258 0.999778 0.0392458 0.0 0.0 0.0 1.0
chess/seq-01/color/frame-000081.color.png chess/seq-01/color/frame-000084.color.png 0.999988 0.00139013 -0.00461468 0.0161267 -0.00134911 0.99996 0.00888 -0.0149848 0.00462685 -0.0088737 0.99995 0.0310969 0.0 0.0 0.0 1.0
chess/seq-01/color/frame-000084.color.png chess/seq-01/color/frame-000087.color.png 0.999909 -0.00403085 -0.0128595 0.0173525 0.00397498 0.999983 -0.00436695 0.0052033 0.0128768 0.00431548 0.999908 0.0308729 0.0 0.0 0.0 1.0
chess/seq-01/color/frame-000087.color.png chess/seq-01/color/frame-000090.color.png 0.999927 -0.00529808 -0.0108897 0.0153236 0.00534612 0.999976 0.0043876 0.00658118 0.0108662 -0.00444553 0.999931 0.0454096 0.0 0.0 0.0 1.0
chess/seq-01/color/frame-000090.color.png chess/seq-01/color/frame-000093.color.png 0.999946 0.00100722 0.0103004 -0.00410815 -0.00111258 0.999947 0.0102291 -0.000870273 -0.0102896 -0.0102399 0.999895 0.0371487 0.0 0.0 0.0 1.0
chess/seq-01/color/frame-000093.color.png chess/seq-01/color/frame-000096.color.png 0.999981 -0.00428577 -0.00434449 0.0123049 0.00434175 0.999907 0.0129668 -0.0111519 0.00428851 -0.0129854 0.999906 0.0351787 0.0 0.0 0.0 1.0
chess/seq-01/color/frame-000096.color.png chess/seq-01/color/frame-000099.color.png 0.999995 0.00202214 -0.00254127 0.00468637 -0.00198157 0.999872 0.0158666 -0.00985654 0.00257303 -0.0158615 0.999871 0.0323976 0.0 0.0 0.0 1.0
chess/seq-01/color/frame-000099.color.png chess/seq-01/color/frame-000102.color.png 0.999968 0.00550261 -0.00574361 0.00353029 -0.00541558 0.999872 0.0150532 -0.0128048 0.00582569 -0.0150216 0.99987 0.031441 0.0 0.0 0.0 1.0
chess/seq-01/color/frame-000102.color.png chess/seq-01/color/frame-000105.color.png 0.999976 -0.000176762 -0.00693087 0.00124389 0.000290441 0.999865 0.0164086 -0.0126278 0.00692704 -0.0164103 0.999841 0.0321627 0.0 0.0 0.0 1.0
chess/seq-01/color/frame-000105.color.png chess/seq-01/color/frame-000108.color.png 0.999959 -0.00667661 -0.006143 -0.00337666 0.00674512 0.999915 0.011196 -0.0163023 0.00606773 -0.0112369 0.999918 0.0412559 0.0 0.0 0.0 1.0
chess/seq-01/color/frame-000108.color.png chess/seq-01/color/frame-000111.color.png 0.999879 -0.0128964 -0.00864617 0.00504206 0.0129633 0.999886 0.00773239 -0.00622276 0.00854546 -0.00784346 0.999933 0.031634 0.0 0.0 0.0 1.0
chess/seq-01/color/frame-000111.color.png chess/seq-01/color/frame-000114.color.png 0.99996 -0.00856833 0.00245338 -0.0117717 0.00852925 0.999843 0.0155195 -0.0201673 -0.00258598 -0.015498 0.999877 0.029669 0.0 0.0 0.0 1.0
chess/seq-01/color/frame-000114.color.png chess/seq-01/color/frame-000117.color.png 0.99999 -0.000321995 0.00457055 -0.0192202 0.000248417 0.999871 0.0160858 -0.0175982 -0.00457513 -0.0160845 0.99986 0.0372506 0.0 0.0 0.0 1.0
chess/seq-01/color/frame-000117.color.png chess/seq-01/color/frame-000120.color.png 0.999995 -0.00162794 0.00284051 -0.0135639 0.00158296 0.999874 0.0157817 -0.0232472 -0.00286586 -0.0157771 0.999871 0.0319074 0.0 0.0 0.0 1.0
chess/seq-01/color/frame-000120.color.png chess/seq-01/color/frame-000123.color.png 0.999973 0.00436099 0.00586126 -0.0234897 -0.00439172 0.999977 0.00524217 -0.00465715 -0.00583826 -0.00526773 0.999969 0.0296577 0.0 0.0 0.0 1.0
chess/seq-01/color/frame-000123.color.png chess/seq-01/color/frame-000126.color.png 0.999975 -0.00506876 -0.00499617 -0.00059031 0.00509885 0.999969 0.00603399 -0.0105422 0.00496545 -0.00605942 0.999969 0.0301665 0.0 0.0 0.0 1.0
chess/seq-01/color/frame-000126.color.png chess/seq-01/color/frame-000129.color.png 0.999937 -0.00699063 0.00877109 -0.0209847 0.00700735 0.999974 -0.00187586 0.000277983 -0.00875778 0.00193731 0.99996 0.026832 0.0 0.0 0.0 1.0
chess/seq-01/color/frame-000129.color.png chess/seq-01/color/frame-000132.color.png 0.999927 -0.0110509 -0.00481954 0.00266666 0.0110189 0.999917 -0.00661562 0.0181477 0.00489224 0.00656202 0.999967 0.0222082 0.0 0.0 0.0 1.0
chess/seq-01/color/frame-000132.color.png chess/seq-01/color/frame-000135.color.png 0.999971 0.00628901 0.0043043 -0.00745959 -0.0064127 0.999549 0.0293478 -0.038077 -0.00411778 -0.0293746 0.99956 0.0300055 0.0 0.0 0.0 1.0
chess/seq-01/color/frame-000135.color.png chess/seq-01/color/frame-000138.color.png 0.999883 0.0139062 -0.00632542 0.0171665 -0.0137676 0.999675 0.0214549 -0.0129015 0.00662172 -0.0213654 0.99975 0.0289757 0.0 0.0 0.0 1.0
chess/seq-01/color/frame-000138.color.png chess/seq-01/color/frame-000141.color.png 0.999718 0.0237502 -0.000467811 0.00762994 -0.0237297 0.999373 0.0262773 -0.0204104 0.0010916 -0.0262587 0.999655 0.0309381 0.0 0.0 0.0 1.0
chess/seq-01/color/frame-000141.color.png chess/seq-01/color/frame-000144.color.png 0.999579 0.0241853 -0.0160207 0.0320915 -0.0236638 0.999208 0.0319769 -0.0204999 0.0167814 -0.0315843 0.99936 0.0277283 0.0 0.0 0.0 1.0
chess/seq-01/color/frame-000144.color.png chess/seq-01/color/frame-000147.color.png 0.999873 0.0152869 -0.00450038 0.0135154 -0.0151703 0.999575 0.0248836 -0.0271296 0.00487887 -0.0248123 0.99968 0.0259876 0.0 0.0 0.0 1.0
chess/seq-01/color/frame-000147.color.png chess/seq-01/color/frame-000150.color.png 0.999872 0.000386963 -0.0159986 0.0392337 -0.00010424 0.999844 0.0176668 -0.00906566 0.016003 -0.017663 0.999716 0.0256364 0.0 0.0 0.0 1.0
chess/seq-01/color/frame-000150.color.png chess/seq-01/color/frame-000153.color.png 0.999987 0.00472905 -0.00180263 0.0122658 -0.00471252 0.999948 0.00907375 -0.00282784 0.00184544 -0.00906504 0.999957 0.0189451 0.0 0.0 0.0 1.0
chess/seq-01/color/frame-000153.color.png chess/seq-01/color/frame-000156.color.png 0.99996 0.00638317 0.00633181 -0.000218332 -0.00646809 0.999888 0.0134781 -0.0128484 -0.00624508 -0.0135184 0.999889 0.0161227 0.0 0.0 0.0 1.0
chess/seq-01/color/frame-000156.color.png chess/seq-01/color/frame-000159.color.png 0.999965 0.00832112 -0.00118919 0.0103103 -0.0083208 0.999965 0.000252533 0.0064138 0.00119127 -0.000242755 0.999999 0.0064311 0.0 0.0 0.0 1.0
chess/seq-01/color/frame-000159.color.png chess/seq-01/color/frame-000162.color.png 0.999926 0.0121917 7.54162e-06 0.000697926 -0.0121917 0.999925 0.000897006 -0.00243801 3.39318e-06 -0.000896964 1.0 0.00864697 0.0 0.0 0.0 1.0
chess/seq-01/color/frame-000162.color.png chess/seq-01/color/frame-000165.color.png 0.999929 0.00335896 -0.0114652 0.0230295 -0.00334431 0.999994 0.00129555 -0.000263534 0.0114695 -0.00125709 0.999934 0.0110883 0.0 0.0 0.0 1.0
chess/seq-01/color/frame-000165.color.png chess/seq-01/color/frame-000168.color.png 0.99982 0.0189897 0.00019186 -0.00477415 -0.0189905 0.999795 0.00702602 -0.00628102 -5.8393e-05 -0.00702842 0.999975 0.00800049 0.0 0.0 0.0 1.0
chess/seq-01/color/frame-000168.color.png chess/seq-01/color/frame-000171.color.png 0.999913 0.011397 -0.0067 0.0187626 -0.0113659 0.999925 0.00466399 -0.00239278 0.00675265 -0.00458746 0.999967 0.0157186 0.0 0.0 0.0 1.0
chess/seq-01/color/frame-000171.color.png chess/seq-01/color/frame-000174.color.png 0.999992 0.000475003 -0.00393553 0.0164064 -0.000459702 0.999992 0.00389222 -0.00346219 0.00393735 -0.00389054 0.999985 0.0175365 0.0 0.0 0.0 1.0
chess/seq-01/color/frame-000174.color.png chess/seq-01/color/frame-000177.color.png 0.999868 0.0162142 -0.000529948 0.0101795 -0.0162128 0.999865 0.00262393 -0.00152272 0.00057243 -0.00261502 0.999996 0.0205036 0.0 0.0 0.0 1.0
chess/seq-01/color/frame-000177.color.png chess/seq-01/color/frame-000180.color.png 0.999492 0.0254747 -0.0191515 0.0343586 -0.0254372 0.999674 0.00220299 0.000570819 0.0192014 -0.0017146 0.999814 0.0153707 0.0 0.0 0.0 1.0
chess/seq-01/color/frame-000180.color.png chess/seq-01/color/frame-000183.color.png 0.999527 0.0277786 -0.0132261 0.0203796 -0.0277387 0.99961 0.00318999 0.00442827 0.0133096 -0.00282162 0.999907 0.0169157 0.0 0.0 0.0 1.0
chess/seq-01/color/frame-000183.color.png chess/seq-01/color/frame-000186.color.png 0.999789 0.00378093 -0.0201722 0.031241 -0.00377668 0.999993 0.000248784 0.00537381 0.0201729 -0.00017253 0.999796 0.0131024 0.0 0.0 0.0 1.0
chess/seq-01/color/frame-000186.color.png chess/seq-01/color/frame-000189.color.png 0.99974 0.00825434 -0.0212506 0.0369553 -0.00791926 0.999844 0.0158039 -0.0245059 0.0213778 -0.0156315 0.999649 0.0164826 0.0 0.0 0.0 1.0
chess/seq-01/color/frame-000189.color.png chess/seq-01/color/frame-000192.color.png 0.999862 0.00796583 -0.0145719 0.0266507 -0.00796183 0.999968 0.00033243 -0.00012023 0.0145741 -0.000216434 0.999894 0.0103842 0.0 0.0 0.0 1.0
chess/seq-01/color/frame-000192.color.png chess/seq-01/color/frame-000195.color.png 0.999991 0.00333696 -0.00276127 0.007045 -0.00334553 0.99999 -0.00310575 -0.00515977 0.0027509 0.00311506 0.999991 0.00144255 0.0 0.0 0.0 1.0
chess/seq-01/color/frame-000195.color.png chess/seq-01/color/frame-000198.color.png 0.999668 0.024816 -0.00696213 0.00983222 -0.0248051 0.999691 0.00164792 -0.00444834 0.00700086 -0.00147473 0.999974 -0.00134611 0.0 0.0 0.0 1.0
chess/seq-01/color/frame-000198.color.png chess/seq-01/color/frame-000201.color.png 0.999133 0.030741 -0.0280932 0.0581326 -0.0308263 0.999521 -0.00260657 -0.00581437 0.0279996 0.00347039 0.999602 -0.00972331 0.0 0.0 0.0 1.0
chess/seq-01/color/frame-000201.color.png chess/seq-01/color/frame-000204.color.png 0.999387 0.0340114 -0.00832929 0.00851732 -0.0341686 0.999226 -0.0195153 0.0331813 0.00765909 0.0197879 0.999775 -0.0177364 0.0 0.0 0.0 1.0
chess/seq-01/color/frame-000204.color.png chess/seq-01/color/frame-000207.color.png 0.998939 0.031791 -0.0333303 0.0663726 -0.0319482 0.999481 -0.00419417 0.014522 0.0331796 0.00525452 0.999436 -0.0165368 0.0 0.0 0.0 1.0
chess/seq-01/color/frame-000207.color.png chess/seq-01/color/frame-000210.color.png 0.999175 0.0270557 -0.0302973 0.0537296 -0.0268822 0.99962 0.00611946 0.00195996 0.0304513 -0.00529989 0.999522 -0.0121351 0.0 0.0 0.0 1.0
chess/seq-01/color/frame-000210.color.png chess/seq-01/color/frame-000213.color.png 0.999559 0.0130807 -0.0266492 0.0533805 -0.0131346 0.999912 -0.00185145 0.00567919 0.0266226 0.00220059 0.999643 -0.00858057 0.0 0.0 0.0 1.0
chess/seq-01/color/frame-000213.color.png chess/seq-01/color/frame-000216.color.png 0.999423 0.00841927 -0.0329105 0.0687821 -0.00840934 0.999965 0.000440351 0.00771986 0.032913 -0.000163271 0.999458 -0.011086 0.0 0.0 0.0 1.0
chess/seq-01/color/frame-000216.color.png chess/seq-01/color/frame-000219.color.png 0.999175 0.00960356 -0.0394453 0.0774112 -0.00955783 0.999953 0.00134806 0.00159058 0.0394564 -0.000969942 0.999221 -0.0128263 0.0 0.0 0.0 1.0
chess/seq-01/color/frame-000219.color.png chess/seq-01/color/frame-000222.color.png 0.999403 0.0186697 -0.0290775 0.0583146 -0.0187236 0.999824 -0.00157948 0.00788048 0.0290429 0.00212301 0.999576 -0.0113968 0.0 0.0 0.0 1.0
chess/seq-01/color/frame-000222.color.png chess/seq-01/color/frame-000225.color.png 0.999783 0.0020023 -0.0207585 0.0485336 -0.00204054 0.999996 -0.00182077 0.00398969 0.0207548 0.00186279 0.999783 -0.00744176 0.0 0.0 0.0 1.0
chess/seq-01/color/frame-000225.color.png chess/seq-01/color/frame-000228.color.png 0.999755 0.00435456 -0.0216865 0.0525241 -0.00446696 0.999977 -0.00513737 0.00929641 0.0216636 0.00523293 0.999752 -0.00905657 0.0 0.0 0.0 1.0
chess/seq-01/color/frame-000228.color.png chess/seq-01/color/frame-000231.color.png 0.999808 0.00619733 -0.0185896 0.0476181 -0.00626074 0.999975 -0.00335312 0.00903893 0.0185683 0.00346897 0.999822 -0.0097028 0.0 0.0 0.0 1.0
chess/seq-01/color/frame-000231.color.png chess/seq-01/color/frame-000234.color.png 0.999797 0.00643442 -0.0190717 0.0453394 -0.00642029 0.999979 0.000799659 -0.00157427 0.0190765 -0.000677103 0.999818 -0.00165021 0.0 0.0 0.0 1.0
chess/seq-01/color/frame-000234.color.png chess/seq-01/color/frame-000237.color.png 0.999882 0.00494893 -0.0145373 0.0297318 -0.00490509 0.999983 0.00304878 -0.00998725 0.0145522 -0.0029773 0.99989 -0.00331724 0.0 0.0 0.0 1.0
chess/seq-01/color/frame-000237.color.png chess/seq-01/color/frame-000240.color.png 0.999766 0.00995917 -0.0192042 0.0384268 -0.0101372 0.999906 -0.0091946 0.0166959 0.0191109 0.00938729 0.999773 -0.00328994 0.0 0.0 0.0 1.0
chess/seq-01/color/frame-000240.color.png chess/seq-01/color/frame-000243.color.png 0.999764 0.00525615 -0.02109 0.0423246 -0.00525439 0.999986 0.000137748 -0.000509273 0.0210905 -2.68971e-05 0.999777 -0.00231135 0.0 0.0 0.0 1.0
chess/seq-01/color/frame-000243.color.png chess/seq-01/color/frame-000246.color.png 0.999626 0.0160725 -0.0221028 0.0433272 -0.0161515 0.999864 -0.0033992 0.00964865 0.0220452 0.0037548 0.99975 -0.00112724 0.0 0.0 0.0 1.0
chess/seq-01/color/frame-000246.color.png chess/seq-01/color/frame-000249.color.png 0.99959 0.0097853 -0.0269201 0.0496892 -0.00989949 0.999943 -0.00411515 0.0115564 0.0268783 0.00438001 0.999629 -0.00446367 0.0 0.0 0.0 1.0
chess/seq-01/color/frame-000249.color.png chess/seq-01/color/frame-000252.color.png 0.999563 0.0175357 -0.0237744 0.0503821 -0.0175126 0.999846 0.00118153 0.0022018 0.0237914 -0.000764594 0.999717 0.000179648 0.0 0.0 0.0 1.0
chess/seq-01/color/frame-000252.color.png chess/seq-01/color/frame-000255.color.png 0.999437 0.0196624 -0.0271811 0.0515519 -0.0196196 0.999806 0.00184192 0.00278434 0.027212 -0.00130757 0.999629 -0.00536132 0.0 0.0 0.0 1.0
chess/seq-01/color/frame-000255.color.png chess/seq-01/color/frame-000258.color.png 0.999588 0.0144155 -0.0248087 0.0497101 -0.0141952 0.999858 0.00903213 -0.00894627 0.0249354 -0.00867633 0.999651 0.00104535 0.0 0.0 0.0 1.0
chess/seq-01/color/frame-000258.color.png chess/seq-01/color/frame-000261.color.png 0.999681 0.0120552 -0.0221904 0.0443232 -0.0121034 0.999925 -0.0020363 0.00199116 0.0221643 0.00230412 0.999752 -0.00498724 0.0 0.0 0.0 1.0
chess/seq-01/color/frame-000261.color.png chess/seq-01/color/frame-000264.color.png 0.99969 0.00583081 -0.024188 0.0499373 -0.00551106 0.999897 0.0132561 -0.0266625 0.0242627 -0.0131187 0.99962 -0.00597847 0.0 0.0 0.0 1.0
chess/seq-01/color/frame-000264.color.png chess/seq-01/color/frame-000267.color.png 0.999751 0.0150755 -0.0164732 0.0359026 -0.0150959 0.999885 -0.00110623 -0.00190683 0.0164546 0.00135468 0.999864 -0.00296557 0.0 0.0 0.0 1.0
chess/seq-01/color/frame-000267.color.png chess/seq-01/color/frame-000270.color.png 0.999767 -0.00785408 -0.0201019 0.0472147 0.00778033 0.999963 -0.00374515 -0.00261629 0.0201306 0.00358792 0.999791 -0.0124757 0.0 0.0 0.0 1.0
chess/seq-01/color/frame-000270.color.png chess/seq-01/color/frame-000273.color.png 0.99953 0.000817467 -0.0306441 0.0722015 -0.000715867 0.999994 0.00332716 -0.0197978 0.0306467 -0.00330367 0.999525 -0.0169923 0.0 0.0 0.0 1.0
chess/seq-01/color/frame-000273.color.png chess/seq-01/color/frame-000276.color.png 0.999438 0.00224426 -0.0334309 0.0831115 -0.00280486 0.999856 -0.0167345 0.0203819 0.0333885 0.0168189 0.999301 -0.0271466 0.0 0.0 0.0 1.0
chess/seq-01/color/frame-000276.color.png chess/seq-01/color/frame-000279.color.png 0.998872 0.0156099 -0.0448528 0.116145 -0.0152668 0.999852 0.00798104 -7.5683e-05 0.0449707 -0.00728722 0.998962 -0.0229764 0.0 0.0 0.0 1.0
chess/seq-01/color/frame-000279.color.png chess/seq-01/color/frame-000282.color.png 0.999654 0.0163776 -0.0205967 0.053364 -0.0164906 0.99985 -0.00533347 0.022571 0.0205062 0.00567122 0.999774 -0.0160666 0.0 0.0 0.0 1.0
chess/seq-01/color/frame-000282.color.png chess/seq-01/color/frame-000285.color.png 0.998933 0.029137 -0.0358353 0.0921012 -0.0293718 0.99955 -0.00604031 0.0320706 0.0356432 0.00708632 0.99934 -0.0245273 0.0 0.0 0.0 1.0
chess/seq-01/color/frame-000285.color.png chess/seq-01/color/frame-000288.color.png 0.99882 0.0132457 -0.0467328 0.105151 -0.0127428 0.999858 0.0110408 -0.0113255 0.0468724 -0.0104321 0.998846 -0.030612 0.0 0.0 0.0 1.0
chess/seq-01/color/frame-000288.color.png chess/seq-01/color/frame-000291.color.png 0.999503 0.0101318 -0.0298615 0.0779496 -0.00994936 0.999931 0.00625403 -0.00627362 0.0299229 -0.00595379 0.999534 -0.0191733 0.0 0.0 0.0 1.0
chess/seq-01/color/frame-000291.color.png chess/seq-01/color/frame-000294.color.png 0.999277 0.0304541 -0.0227621 0.0580274 -0.03067 0.999487 -0.009196 0.03434 0.0224704 0.00988741 0.999699 -0.0184965 0.0 0.0 0.0 1.0
chess/seq-01/color/frame-000294.color.png chess/seq-01/color/frame-000297.color.png 0.999477 -0.00216557 -0.0322724 0.083264 0.00180404 0.999935 -0.0112315 0.0199264 0.0322946 0.0111674 0.999416 -0.0255766 0.0 0.0 0.0 1.0
chess/seq-01/color/frame-000297.color.png chess/seq-01/color/frame-000300.color.png 0.999926 0.0030748 -0.0117806 0.0450909 -0.00318637 0.99995 -0.00945174 0.00455733 0.0117509 0.00948861 0.999886 -0.0103352 0.0 0.0 0.0 1.0
chess/seq-01/color/frame-000300.color.png chess/seq-01/color/frame-000303.color.png 0.999868 -0.0126493 0.010231 -0.00131196 0.0128039 0.999803 -0.0151829 -0.00276268 -0.010037 0.015312 0.999832 0.00915682 0.0 0.0 0.0 1.0
chess/seq-01/color/frame-000303.color.png chess/seq-01/color/frame-000306.color.png 0.999729 -0.0228728 0.00431806 0.0189388 0.0229432 0.999592 -0.0170068 -0.0100852 -0.0039272 0.0171013 0.999846 -0.00305057 0.0 0.0 0.0 1.0
chess/seq-01/color/frame-000306.color.png chess/seq-01/color/frame-000309.color.png 0.999769 -0.0215109 -0.000186679 0.0338153 0.0214982 0.999412 -0.0267127 0.00675305 0.000761041 0.0267026 0.999643 -0.0192289 0.0 0.0 0.0 1.0
chess/seq-01/color/frame-000309.color.png chess/seq-01/color/frame-000312.color.png 0.999872 -0.00168504 0.0159164 0.00389588 0.00211907 0.999625 -0.0272917 0.0266749 -0.0158644 0.0273219 0.999501 -0.0106614 0.0 0.0 0.0 1.0
chess/seq-01/color/frame-000312.color.png chess/seq-01/color/frame-000315.color.png 0.999941 -0.00930836 0.00559676 0.0252519 0.00936292 0.999908 -0.00978574 9.46671e-05 -0.00550525 0.0098376 0.999936 -0.0213999 0.0 0.0 0.0 1.0
chess/seq-01/color/frame-000315.color.png chess/seq-01/color/frame-000318.color.png 0.999886 -0.0149901 0.0014709 0.0275595 0.0149924 0.999886 -0.00161675 -0.0125818 -0.00144651 0.00163868 0.999998 -0.0333402 0.0 0.0 0.0 1.0
chess/seq-01/color/frame-000318.color.png chess/seq-01/color/frame-000321.color.png 0.999836 -0.0167975 -0.00672486 0.0345066 0.0166959 0.99975 -0.0148858 0.0130462 0.00697319 0.014771 0.999867 -0.0434076 0.0 0.0 0.0 1.0
chess/seq-01/color/frame-000321.color.png chess/seq-01/color/frame-000324.color.png 0.999897 -0.0115522 0.00851365 0.00539148 0.0117247 0.999721 -0.0204999 -0.00258112 -0.00827443 0.0205976 0.999754 -0.026481 0.0 0.0 0.0 1.0
chess/seq-01/color/frame-000324.color.png chess/seq-01/color/frame-000327.color.png 0.999721 -0.0124918 0.020048 -0.0247819 0.0130116 0.999577 -0.0260162 0.0206143 -0.0197146 0.02627 0.99946 -0.00435758 0.0 0.0 0.0 1.0
chess/seq-01/color/frame-000327.color.png chess/seq-01/color/frame-000330.color.png 0.999384 -0.0347422 0.00496309 -0.0187128 0.0348429 0.999154 -0.0218647 -0.00457373 -0.00419919 0.022024 0.999749 -0.0294468 0.0 0.0 0.0 1.0
chess/seq-01/color/frame-000330.color.png chess/seq-01/color/frame-000333.color.png 0.999712 -0.0237673 -0.00338317 -0.0175095 0.0237052 0.999568 -0.0173694 -0.0118756 0.00379448 0.0172842 0.999843 -0.044974 0.0 0.0 0.0 1.0
chess/seq-01/color/frame-000333.color.png chess/seq-01/color/frame-000336.color.png 0.999681 -0.0236495 0.00890232 -0.0249349 0.0237286 0.999679 -0.00888758 -0.0126202 -0.00868931 0.00909597 0.999921 -0.0175841 0.0 0.0 0.0 1.0
chess/seq-01/color/frame-000336.color.png chess/seq-01/color/frame-000339.color.png 0.999369 -0.0354603 0.0019127 -0.00857449 0.0354834 0.999275 -0.0137655 -0.0216453 -0.00142317 0.0138247 0.999903 -0.0349828 0.0 0.0 0.0 1.0
chess/seq-01/color/frame-000339.color.png chess/seq-01/color/frame-000342.color.png 0.999818 -0.0143459 0.012567 -0.0133518 0.0146092 0.99967 -0.0211307 0.010101 -0.0122596 0.0213103 0.999698 -0.0200555 0.0 0.0 0.0 1.0
chess/seq-01/color/frame-000342.color.png chess/seq-01/color/frame-000345.color.png 0.999972 -0.00624013 -0.00421085 0.00715721 0.00608604 0.999345 -0.0356637 0.0296985 0.00443049 0.0356371 0.999355 -0.0476768 0.0 0.0 0.0 1.0
chess/seq-01/color/frame-000345.color.png chess/seq-01/color/frame-000348.color.png 0.999983 0.00204621 -0.00542771 0.0174526 -0.00219854 0.9996 -0.0281955 0.0413798 0.00536796 0.0282069 0.999588 -0.0371242 0.0 0.0 0.0 1.0
chess/seq-01/color/frame-000348.color.png chess/seq-01/color/frame-000351.color.png 0.999961 0.00161213 -0.00873142 0.0337907 -0.00188132 0.99952 -0.0309196 0.0304177 0.00867751 0.0309347 0.999484 -0.0620922 0.0 0.0 0.0 1.0
chess/seq-01/color/frame-000351.color.png chess/seq-01/color/frame-000354.color.png 0.999965 -0.00829123 0.00110539 0.0243703 0.00831724 0.999628 -0.0259875 0.0315524 -0.000889531 0.0259957 0.999662 -0.0416594 0.0 0.0 0.0 1.0
chess/seq-01/color/frame-000354.color.png chess/seq-01/color/frame-000357.color.png 0.999946 0.000494983 0.0103577 0.0070225 -0.000268318 0.99976 -0.0218905 0.0344513 -0.010366 0.0218866 0.999707 -0.0392394 0.0 0.0 0.0 1.0
chess/seq-01/color/frame-000357.color.png chess/seq-01/color/frame-000360.color.png 0.999852 -0.0111565 0.0130863 -0.0018357 0.011348 0.999828 -0.0146431 -0.0106094 -0.0129208 0.0147895 0.999807 -0.036854 0.0 0.0 0.0 1.0
chess/seq-01/color/frame-000360.color.png chess/seq-01/color/frame-000363.color.png 0.995594 -0.036598 0.0863286 -0.059166 0.0392309 0.998809 -0.0290004 -0.00875898 -0.0851645 0.0322595 0.995844 0.0506865 0.0 0.0 0.0 1.0
chess/seq-01/color/frame-000363.color.png chess/seq-01/color/frame-000366.color.png 0.998446 -0.0369852 0.0416831 -0.0237224 0.0369196 0.999316 0.0023391 -0.049926 -0.0417411 -0.000796554 0.999128 -0.00409037 0.0 0.0 0.0 1.0
chess/seq-01/color/frame-000366.color.png chess/seq-01/color/frame-000369.color.png 0.998839 -0.0328536 0.0352285 -0.0279487 0.033441 0.999309 -0.0162138 -0.027482 -0.0346715 0.0173731 0.999248 -0.00879735 0.0 0.0 0.0 1.0
chess/seq-01/color/frame-000369.color.png chess/seq-01/color/frame-000372.color.png 0.99904 -0.0361745 0.0247192 -0.0153445 0.0367034 0.999099 -0.0212906 -0.0220837 -0.0239267 0.0221774 0.999468 -0.0202592 0.0 0.0 0.0 1.0
chess/seq-01/color/frame-000372.color.png chess/seq-01/color/frame-000375.color.png 0.999898 -0.0137208 0.00383614 0.00976014 0.0138378 0.999381 -0.0323422 0.0231206 -0.00338993 0.0323921 0.999469 -0.0274693 0.0 0.0 0.0 1.0
chess/seq-01/color/frame-000375.color.png chess/seq-01/color/frame-000378.color.png 1.0 -0.000596142 -0.000557444 0.00784695 0.000586508 0.999858 -0.0168488 0.0116266 0.000567449 0.0168484 0.999858 -0.0328015 0.0 0.0 0.0 1.0
chess/seq-01/color/frame-000378.color.png chess/seq-01/color/frame-000381.color.png 0.99995 -0.00774684 0.00633862 0.0124581 0.00777999 0.999956 -0.00518542 0.011117 -0.00629829 0.00523453 0.999967 -0.0344263 0.0 0.0 0.0 1.0
chess/seq-01/color/frame-000381.color.png chess/seq-01/color/frame-000384.color.png 0.99995 -0.00973127 -0.00210408 0.0279541 0.00979885 0.999341 0.034949 -0.0244329 0.00176261 -0.0349679 0.999387 -0.0122113 0.0 0.0 0.0 1.0
chess/seq-01/color/frame-000384.color.png chess/seq-01/color/frame-000387.color.png 0.999844 -0.0170295 -0.0047318 0.0360718 0.0172734 0.998197 0.0574793 -0.0514787 0.0037444 -0.057552 0.998336 -0.0145503 0.0 0.0 0.0 1.0
chess/seq-01/color/frame-000387.color.png chess/seq-01/color/frame-000390.color.png 0.999785 -0.0027426 0.0205576 0.0125988 0.002107 0.999521 0.0308743 -0.0377637 -0.0206324 -0.0308244 0.999312 0.00842202 0.0 0.0 0.0 1.0
chess/seq-01/color/frame-000390.color.png chess/seq-01/color/frame-000393.color.png 0.999621 -0.0147111 0.0232529 0.00262082 0.0145777 0.999876 0.00589766 -0.00263318 -0.0233368 -0.00555644 0.999712 0.0221077 0.0 0.0 0.0 1.0
chess/seq-01/color/frame-000393.color.png chess/seq-01/color/frame-000396.color.png 0.999703 -0.0172158 0.0172636 0.00279307 0.0171172 0.999836 0.00583969 -0.0359307 -0.0173613 -0.00554243 0.999834 -0.000178725 0.0 0.0 0.0 1.0
chess/seq-01/color/frame-000396.color.png chess/seq-01/color/frame-000399.color.png 0.999543 -0.0271182 0.0133529 0.0123045 0.0271709 0.999624 -0.00377734 -0.0328257 -0.0132454 0.00413841 0.999904 -0.000814289 0.0 0.0 0.0 1.0
chess/seq-01/color/frame-000399.color.png chess/seq-01/color/frame-000402.color.png 0.999514 -0.0221438 0.0219203 -0.00408733 0.0220057 0.999737 0.00652565 -0.0470863 -0.0220591 -0.00604013 0.999738 0.00530928 0.0 0.0 0.0 1.0
chess/seq-01/color/frame-000402.color.png chess/seq-01/color/frame-000405.color.png 0.999606 -0.0237737 0.0149596 -0.00456464 0.0237553 0.999717 0.00141209 -0.0333176 -0.0149889 -0.00105614 0.999887 0.00829843 0.0 0.0 0.0 1.0
chess/seq-01/color/frame-000405.color.png chess/seq-01/color/frame-000408.color.png 0.999928 -0.0113608 0.0039635 -0.0229491 0.0113879 0.999911 -0.00690578 0.00339497 -0.00388478 0.00695042 0.999968 -0.0122186 0.0 0.0 0.0 1.0
chess/seq-01/color/frame-000408.color.png chess/seq-01/color/frame-000411.color.png 0.995085 0.000477872 -0.0990225 0.143391 -0.00230863 0.999829 -0.0183748 0.0311607 0.0989969 0.0185131 0.994916 -0.0799339 0.0 0.0 0.0 1.0
chess/seq-01/color/frame-000411.color.png chess/seq-01/color/frame-000414.color.png 0.994795 0.0236906 -0.0991094 0.0533154 -0.0222559 0.999631 0.0155559 0.0214059 0.0994413 -0.0132691 0.994955 -0.168368 0.0 0.0 0.0 1.0
chess/seq-01/color/frame-000414.color.png chess/seq-01/color/frame-000417.color.png 0.999235 -0.00327194 -0.0389604 -0.0259594 0.00386937 0.999876 0.0152697 0.0017243 0.0389056 -0.0154088 0.999124 -0.0701014 0.0 0.0 0.0 1.0
chess/seq-01/color/frame-000417.color.png chess/seq-01/color/frame-000420.color.png 0.999735 -0.00124294 -0.0229762 -0.00348198 0.00176072 0.999745 0.0225289 -0.00472514 0.0229423 -0.0225634 0.999482 -0.0420857 0.0 0.0 0.0 1.0
chess/seq-01/color/frame-000420.color.png chess/seq-01/color/frame-000423.color.png 0.999747 0.0116078 -0.0192859 0.010886 -0.011251 0.999766 0.0185057 0.00394357 0.0194963 -0.0182841 0.999643 -0.0166057 0.0 0.0 0.0 1.0
chess/seq-01/color/frame-000423.color.png chess/seq-01/color/frame-000426.color.png 0.999567 -0.000723116 0.0294017 -0.0165256 0.000553944 0.999983 0.00576172 0.0126239 -0.0294053 -0.00574294 0.999551 0.0376222 0.0 0.0 0.0 1.0
chess/seq-01/color/frame-000426.color.png chess/seq-01/color/frame-000429.color.png 0.999749 0.0155583 0.0161194 -0.0178403 -0.0155594 0.999879 -5.51114e-05 -0.00608526 -0.0161183 -0.000195675 0.99987 0.0389987 0.0 0.0 0.0 1.0
chess/seq-01/color/frame-000429.color.png chess/seq-01/color/frame-000432.color.png 0.99973 -0.00135847 0.0231942 -0.0151024 0.00193339 0.999691 -0.0247831 0.0342732 -0.0231534 0.0248212 0.999424 0.0360716 0.0 0.0 0.0 1.0
chess/seq-01/color/frame-000432.color.png chess/seq-01/color/frame-000435.color.png 0.999677 0.00164711 0.025352 -0.0178632 -0.0012197 0.999857 -0.0168631 0.0142104 -0.0253761 0.0168267 0.999536 0.0496441 0.0 0.0 0.0 1.0
chess/seq-01/color/frame-000435.color.png chess/seq-01/color/frame-000438.color.png 0.999991 0.00389811 0.00171842 0.00252509 -0.00388854 0.999977 -0.00552663 0.00441059 -0.00174002 0.0055199 0.999983 0.0232991 0.0 0.0 0.0 1.0
chess/seq-01/color/frame-000438.color.png chess/seq-01/color/frame-000441.color.png 0.999887 0.0132549 0.0071557 -0.00131524 -0.0132886 0.999901 0.00467717 0.0172405 -0.00709299 -0.0047717 0.999963 0.0405516 0.0 0.0 0.0 1.0
chess/seq-01/color/frame-000441.color.png chess/seq-01/color/frame-000444.color.png 0.999983 -0.00128248 -0.00567761 0.0150002 0.00136072 0.999904 0.0138005 0.000948943 0.00565945 -0.013808 0.999889 0.0293831 0.0 0.0 0.0 1.0
chess/seq-01/color/frame-000444.color.png chess/seq-01/color/frame-000447.color.png 0.999967 0.00259671 -0.00764109 0.0125132 -0.00257256 0.999992 0.00316808 -0.00231422 0.00764923 -0.00314827 0.999966 0.0185311 0.0 0.0 0.0 1.0
chess/seq-01/color/frame-000447.color.png chess/seq-01/color/frame-000450.color.png 0.999843 0.0174973 0.00274473 0.0160991 -0.0174853 0.999838 -0.00436566 0.0223798 -0.00282065 0.00431695 0.999987 0.0480961 0.0 0.0 0.0 1.0
chess/seq-01/color/frame-000450.color.png chess/seq-01/color/frame-000453.color.png 0.99999 0.00444366 -0.000857275 -0.0054059 -0.0044228 0.999728 0.0229095 -0.00659486 0.000958823 -0.0229055 0.999737 0.0487573 0.0 0.0 0.0 1.0
chess/seq-01/color/frame-000453.color.png chess/seq-01/color/frame-000456.color.png 0.999846 -0.00206889 -0.0174366 0.0222485 0.00179454 0.999875 -0.0157306 0.00323074 0.0174671 0.0156968 0.999724 0.0319141 0.0 0.0 0.0 1.0
chess/seq-01/color/frame-000456.color.png chess/seq-01/color/frame-000459.color.png 0.999874 5.34055e-05 0.0158997 -0.00938618 -0.000171834 0.999972 0.00744798 -0.00790055 -0.0158991 -0.00744975 0.999846 0.0650594 0.0 0.0 0.0 1.0
chess/seq-01/color/frame-000459.color.png chess/seq-01/color/frame-000462.color.png 0.99997 -0.00608706 -0.00479937 0.00186884 0.00609591 0.99998 0.00185347 -0.0211557 0.00478803 -0.00188268 0.999987 0.0504166 0.0 0.0 0.0 1.0
chess/seq-01/color/frame-000462.color.png chess/seq-01/color/frame-000465.color.png 0.998698 -0.00386034 -0.0508622 0.0345494 0.00334829 0.999943 -0.0101516 0.00753803 0.0508985 0.00996807 0.998654 -0.0146938 0.0 0.0 0.0 1.0
chess/seq-01/color/frame-000465.color.png chess/seq-01/color/frame-000468.color.png 0.999926 -0.0115289 -0.00380248 -0.0146518 0.0115091 0.99992 -0.005179 0.000697281 0.00386184 0.00513487 0.999979 0.0797824 0.0 0.0 0.0 1.0
chess/seq-01/color/frame-000468.color.png chess/seq-01/color/frame-000471.color.png 0.999592 -0.0285483 0.000459547 -0.0241054 0.0285385 0.999485 0.0147022 -0.0318443 -0.000878888 -0.0146831 0.999892 0.0660247 0.0 0.0 0.0 1.0
chess/seq-01/color/frame-000471.color.png chess/seq-01/color/frame-000474.color.png 0.999959 -0.0060166 0.00674754 -0.0234039 0.00594404 0.999925 0.0107234 -0.0181537 -0.00681161 -0.0106828 0.99992 0.0656401 0.0 0.0 0.0 1.0
chess/seq-01/color/frame-000474.color.png chess/seq-01/color/frame-000477.color.png 0.9999 -0.0136726 0.00351627 -0.0286973 0.0136535 0.999892 0.00539923 -0.0177937 -0.00358965 -0.0053507 0.999979 0.0488118 0.0 0.0 0.0 1.0
chess/seq-01/color/frame-000477.color.png chess/seq-01/color/frame-000480.color.png 0.999402 -0.0234416 -0.0254209 0.0189147 0.0236877 0.999675 0.0094223 -0.029248 0.0251918 -0.0100188 0.999632 0.0128616 0.0 0.0 0.0 1.0
chess/seq-01/color/frame-000480.color.png chess/seq-01/color/frame-000483.color.png 0.999523 -0.00622927 -0.0302369 0.0335932 0.00666415 0.999875 0.0143046 -0.0253225 0.0301439 -0.0144993 0.99944 0.00458801 0.0 0.0 0.0 1.0
chess/seq-01/color/frame-000483.color.png chess/seq-01/color/frame-000486.color.png 0.999827 -0.00237749 -0.018462 0.0192628 0.00266584 0.999874 0.0156105 -0.0111201 0.0184226 -0.0156571 0.999708 0.0161487 0.0 0.0 0.0 1.0
chess/seq-01/color/frame-000486.color.png chess/seq-01/color/frame-000489.color.png 0.999203 0.00579794 -0.0394907 0.05602 -0.0061011 0.999953 -0.00756167 5.0962e-06 0.039445 0.0077966 0.999191 -0.00140071 0.0 0.0 0.0 1.0
chess/seq-01/color/frame-000489.color.png chess/seq-01/color/frame-000492.color.png 0.999585 0.00139066 -0.0287879 0.045468 -0.00172061 0.999933 -0.0114403 0.0105424 0.0287701 0.0114851 0.99952 0.00294566 0.0 0.0 0.0 1.0
chess/seq-01/color/frame-000492.color.png chess/seq-01/color/frame-000495.color.png 0.999277 -0.00402852 -0.0377929 0.0639733 0.00409674 0.99999 0.00172709 -0.0104845 0.0377855 -0.00188069 0.999284 -0.00279701 0.0 0.0 0.0 1.0
chess/seq-01/color/frame-000495.color.png chess/seq-01/color/frame-000498.color.png 0.999576 0.00223942 -0.0290135 0.0442173 -0.0018929 0.999927 0.0119653 -0.0113048 0.029038 -0.0119052 0.999507 0.0014677 0.0 0.0 0.0 1.0
chess/seq-01/color/frame-000498.color.png chess/seq-01/color/frame-000501.color.png 0.999027 0.00521521 -0.0437838 0.063297 -0.00516693 0.999986 0.00121585 0.0112185 0.0437897 -0.00098846 0.99904 -0.0188247 0.0 0.0 0.0 1.0
chess/seq-01/color/frame-000501.color.png chess/seq-01/color/frame-000504.color.png 0.996001 -0.0169869 -0.0877115 0.142503 0.0168019 0.999855 -0.00284678 -0.0355524 0.0877471 0.0013617 0.996142 -0.0642778 0.0 0.0 0.0 1.0
chess/seq-01/color/frame-000504.color.png chess/seq-01/color/frame-000507.color.png 0.998223 -0.00727531 -0.0591477 0.0788579 0.00665223 0.99992 -0.0107251 0.00158812 0.059221 0.0103126 0.998192 -0.0465767 0.0 0.0 0.0 1.0
chess/seq-01/color/frame-000507.color.png chess/seq-01/color/frame-000510.color.png 0.999166 -0.00468903 -0.0405597 0.0566722 0.0043008 0.999944 -0.00965406 0.00756795 0.0406028 0.00947154 0.99913 -0.0148971 0.0 0.0 0.0 1.0
chess/seq-01/color/frame-000510.color.png chess/seq-01/color/frame-000513.color.png 0.999181 -0.00433595 -0.0402371 0.0476006 0.00408767 0.999972 -0.00625046 0.00148444 0.0402631 0.00608087 0.999171 -0.0106268 0.0 0.0 0.0 1.0
chess/seq-01/color/frame-000513.color.png chess/seq-01/color/frame-000516.color.png 0.999832 0.0104037 -0.0151036 0.0125493 -0.0106119 0.999849 -0.0137673 0.0208915 0.014958 0.0139253 0.999791 0.0236806 0.0 0.0 0.0 1.0
chess/seq-01/color/frame-000516.color.png chess/seq-01/color/frame-000519.color.png 0.999654 0.000214566 -0.0262867 0.0180036 -0.000304748 0.999994 -0.00342654 0.00517336 0.0262859 0.00343339 0.999649 0.00481844 0.0 0.0 0.0 1.0
chess/seq-01/color/frame-000519.color.png chess/seq-01/color/frame-000522.color.png 0.999673 0.00751193 -0.0244585 0.0204214 -0.00756122 0.99997 -0.00192211 -0.00384884 0.0244434 0.0021064 0.999699 0.00716305 0.0 0.0 0.0 1.0
chess/seq-01/color/frame-000522.color.png chess/seq-01/color/frame-000525.color.png 0.998959 0.00552141 -0.0452773 0.0572275 -0.00557583 0.999984 -0.00107627 0.0063344 0.0452706 0.00132761 0.998974 -0.0205964 0.0 0.0 0.0 1.0
chess/seq-01/color/frame-000525.color.png chess/seq-01/color/frame-000528.color.png 0.998952 0.0075745 -0.0451281 0.0643749 -0.0072495 0.999947 0.00736073 -0.00125118 0.0451815 -0.00702591 0.998954 -0.0296092 0.0 0.0 0.0 1.0
chess/seq-01/color/frame-000528.color.png chess/seq-01/color/frame-000531.color.png 0.998438 0.0236772 -0.0506158 0.0810196 -0.0234581 0.999713 0.00491793 0.00243665 0.0507177 -0.00372285 0.998706 -0.0367869 0.0 0.0 0.0 1.0
chess/seq-01/color/frame-000531.color.png chess/seq-01/color/frame-000534.color.png 0.999082 0.00897767 -0.0418771 0.068444 -0.00928939 0.999931 -0.00725465 0.0288728 0.0418091 0.00763702 0.999096 -0.0250431 0.0 0.0 0.0 1.0
