redkitchen/seq-12/color/frame-000000.color.png redkitchen/seq-12/color/frame-000001.color.png 0.999993 -0.00359861 -0.00106794 -0.00175618 0.00359981 0.999993 0.00112067 -0.00137236 0.0010639 -0.0011245 0.999999 0.00106491 0.0 0.0 0.0 1.0
redkitchen/seq-12/color/frame-000001.color.png redkitchen/seq-12/color/frame-000002.color.png 0.999991 -0.00283004 -0.00311562 -0.00193551 0.00282657 0.999995 -0.00111515 0.00182631 0.00311877 0.00110633 0.999994 0.00143143 0.0 0.0 0.0 1.0
redkitchen/seq-12/color/frame-000002.color.png redkitchen/seq-12/color/frame-000003.color.png 0.999991 -0.00027749 -0.00430534 -0.00279677 0.000281937 0.999999 0.00103232 0.000388913 0.00430505 -0.00103353 0.99999 0.00217913 0.0 0.0 0.0 1.0
redkitchen/seq-12/color/frame-000003.color.png redkitchen/seq-12/color/frame-000004.color.png 0.999983 0.000291153 -0.00576838 -0.000974353 -0.000281498 0.999999 0.00167456 -0.000203518 0.00576887 -0.00167291 0.999982 0.00161728 0.0 0.0 0.0 1.0
redkitchen/seq-12/color/frame-000004.color.png redkitchen/seq-12/color/frame-000005.color.png 0.999988 0.00122865 -0.00470765 -0.00100523 -0.00121653 0.999996 0.00257539 0.000249548 0.00471079 -0.00256963 0.999986 0.00244059 0.0 0.0 0.0 1.0
redkitchen/seq-12/color/frame-000005.color.png redkitchen/seq-12/color/frame-000006.color.png 0.999989 0.0040495 -0.00244847 -0.00343615 -0.00404056 0.999985 0.00364416 0.000588499 0.00246319 -0.00363423 0.99999 0.00255658 0.0 0.0 0.0 1.0
redkitchen/seq-12/color/frame-000006.color.png redkitchen/seq-12/color/frame-000007.color.png 0.999985 0.00522887 -0.0017726 -0.00482495 -0.00522192 0.999979 0.0039051 -0.00212776 0.00179298 -0.00389579 0.999991 0.003357 0.0 0.0 0.0 1.0
redkitchen/seq-12/color/frame-000007.color.png redkitchen/seq-12/color/frame-000008.color.png 0.999995 0.00216518 -0.00244755 -0.00763083 -0.00216045 0.999996 0.00193206 -0.00503427 0.00245173 -0.00192677 0.999995 0.00184433 0.0 0.0 0.0 1.0
redkitchen/seq-12/color/frame-000008.color.png redkitchen/seq-12/color/frame-000009.color.png 0.999988 -0.000762847 -0.00472714 -0.0105454 0.000746255 0.999994 -0.00351063 0.00195262 0.00472978 0.00350706 0.999983 0.00215262 0.0 0.0 0.0 1.0
redkitchen/seq-12/color/frame-000009.color.png redkitchen/seq-12/color/frame-000010.color.png 0.999996 0.000762364 0.00276062 -0.00435994 -0.000761225 1.0 -0.000413657 0.000393975 -0.00276092 0.00041155 0.999996 -7.88253e-05 0.0 0.0 0.0 1.0
redkitchen/seq-12/color/frame-000010.color.png redkitchen/seq-12/color/frame-000011.color.png 0.999922 0.00150549 -0.0123837 0.00231816 -0.00152933 0.999997 -0.00191549 0.0024743 0.0123807 0.00193428 0.999922 0.00385657 0.0 0.0 0.0 1.0
redkitchen/seq-12/color/frame-000011.color.png redkitchen/seq-12/color/frame-000012.color.png 0.999972 0.00261112 -0.00705404 6.67758e-05 -0.00261267 0.999997 -0.000211446 -0.000150525 0.00705348 0.00022987 0.999975 0.00487856 0.0 0.0 0.0 1.0
redkitchen/seq-12/color/frame-000012.color.png redkitchen/seq-12/color/frame-000013.color.png 1.0 -4.4129e-05 -0.000201245 0.000325482 4.41643e-05 1.0 0.000158942 -0.000283828 0.000201222 -0.000158952 1.0 0.000331815 0.0 0.0 0.0 1.0
redkitchen/seq-12/color/frame-000013.color.png redkitchen/seq-12/color/frame-000014.color.png 0.999999 0.00140276 0.000498533 -0.00725169 -0.00140234 0.999999 -0.000831741 0.0027142 -0.000499687 0.000831041 0.999999 0.00311789 0.0 0.0 0.0 1.0
redkitchen/seq-12/color/frame-000014.color.png redkitchen/seq-12/color/frame-000015.color.png 1.0 -0.000135691 -0.000580449 -0.00829601 0.000137223 0.999996 0.00264512 -0.00218234 0.000580077 -0.00264519 0.999996 0.00361997 0.0 0.0 0.0 1.0
redkitchen/seq-12/color/frame-000015.color.png redkitchen/seq-12/color/frame-000016.color.png 0.999992 0.00118339 -0.00369171 -0.00332815 -0.00118374 0.999999 -9.41714e-05 -0.00339692 0.00369159 9.85407e-05 0.999993 0.00266779 0.0 0.0 0.0 1.0
redkitchen/seq-12/color/frame-000016.color.png redkitchen/seq-12/color/frame-000017.color.png 0.999996 0.00170302 -0.00225797 -0.0053744 -0.00171397 0.999987 -0.00485701 -0.000320949 0.00224967 0.00486086 0.999986 0.00396704 0.0 0.0 0.0 1.0
redkitchen/seq-12/color/frame-000017.color.png redkitchen/seq-12/color/frame-000018.color.png 1.0 -3.54229e-05 0.000102893 -0.000255883 3.54465e-05 1.0 -0.000226312 0.000389019 -0.000102876 0.000226316 1.0 0.000116892 0.0 0.0 0.0 1.0
redkitchen/seq-12/color/frame-000018.color.png redkitchen/seq-12/color/frame-000019.color.png 0.999999 -0.00110873 -0.000604124 -0.0105178 0.00110649 0.999992 -0.00370487 0.000219683 0.000608218 0.0037042 0.999993 0.000122014 0.0 0.0 0.0 1.0
redkitchen/seq-12/color/frame-000019.color.png redkitchen/seq-12/color/frame-000020.color.png 0.999966 -0.00449421 -0.00689757 -0.00194705 0.0044706 0.999984 -0.00343549 0.00223721 0.00691291 0.00340453 0.99997 0.00347708 0.0 0.0 0.0 1.0
redkitchen/seq-12/color/frame-000020.color.png redkitchen/seq-12/color/frame-000021.color.png 0.999987 -0.00311478 -0.00392584 -0.000896014 0.00311284 0.999995 -0.000501692 0.00199339 0.00392737 0.000489465 0.999992 0.00196476 0.0 0.0 0.0 1.0
redkitchen/seq-12/color/frame-000021.color.png redkitchen/seq-12/color/frame-000022.color.png 0.999999 0.000255167 0.00140571 -0.00180198 -0.000255859 1.0 0.000493105 -0.000697069 -0.00140558 -0.000493464 0.999999 -0.000314105 0.0 0.0 0.0 1.0
redkitchen/seq-12/color/frame-000022.color.png redkitchen/seq-12/color/frame-000023.color.png 0.999983 -0.00505199 0.00289509 -0.00568291 0.00504668 0.999986 0.00183768 0.00175917 -0.00290435 -0.00182303 0.999994 0.00350203 0.0 0.0 0.0 1.0
redkitchen/seq-12/color/frame-000023.color.png redkitchen/seq-12/color/frame-000024.color.png 0.999973 -0.00673471 0.00304841 -0.00751805 0.00672092 0.999967 0.00451006 -0.00279984 -0.00307868 -0.00448945 0.999985 0.00279686 0.0 0.0 0.0 1.0
redkitchen/seq-12/color/frame-000024.color.png redkitchen/seq-12/color/frame-000025.color.png 0.999981 -0.00534542 0.00296721 -0.00926987 0.00534381 0.999986 0.000549341 -0.0042306 -0.00297011 -0.000533474 0.999995 0.0055081 0.0 0.0 0.0 1.0
redkitchen/seq-12/color/frame-000025.color.png redkitchen/seq-12/color/frame-000026.color.png 1.0 4.06155e-05 0.000495226 -0.00077635 -4.06628e-05 1.0 9.5983e-05 -0.000122133 -0.000495217 -9.60034e-05 1.0 -0.000235487 0.0 0.0 0.0 1.0
redkitchen/seq-12/color/frame-000026.color.png redkitchen/seq-12/color/frame-000027.color.png 0.999993 0.000813621 0.00358058 -0.00699418 -0.000786052 0.99997 -0.00769435 0.000838014 -0.00358673 0.00769148 0.999964 0.000868898 0.0 0.0 0.0 1.0
redkitchen/seq-12/color/frame-000027.color.png redkitchen/seq-12/color/frame-000028.color.png 0.999994 0.000186282 0.00344856 -0.00674477 -0.000174926 0.999995 -0.00329216 0.00175364 -0.00344917 0.00329153 0.999989 -0.00093326 0.0 0.0 0.0 1.0
redkitchen/seq-12/color/frame-000028.color.png redkitchen/seq-12/color/frame-000029.color.png 1.0 4.24186e-05 0.000101532 -0.000201225 -4.24218e-05 1.0 3.03381e-05 -0.000179471 -0.000101516 -3.03418e-05 1.0 6.10948e-07 0.0 0.0 0.0 1.0
redkitchen/seq-12/color/frame-000029.color.png redkitchen/seq-12/color/frame-000030.color.png 0.999987 -0.00220105 0.00453313 -0.00768539 0.00220004 0.999997 0.00022813 0.000758195 -0.00453362 -0.000218154 0.99999 0.00359754 0.0 0.0 0.0 1.0
redkitchen/seq-12/color/frame-000030.color.png redkitchen/seq-12/color/frame-000031.color.png 0.999978 -0.00471719 0.00453991 -0.00538913 0.00470424 0.999985 0.00285908 -0.00396377 -0.00455333 -0.00283766 0.999986 0.00173935 0.0 0.0 0.0 1.0
redkitchen/seq-12/color/frame-000031.color.png redkitchen/seq-12/color/frame-000032.color.png 0.999943 -0.00654019 0.00843511 -0.010895 0.00655378 0.999977 -0.00158367 0.0021158 -0.00842456 0.00163886 0.999963 0.00239814 0.0 0.0 0.0 1.0
redkitchen/seq-12/color/frame-000032.color.png redkitchen/seq-12/color/frame-000033.color.png 1.0 3.13078e-06 -0.00053551 0.000735179 -3.33329e-06 1.0 -0.000375846 0.000487998 0.000535507 0.000375847 1.0 0.000816301 0.0 0.0 0.0 1.0
redkitchen/seq-12/color/frame-000033.color.png redkitchen/seq-12/color/frame-000034.color.png 0.999976 -0.00335987 0.00609029 -0.010775 0.00334227 0.99999 0.00289906 -0.00305213 -0.00609997 -0.00287863 0.999977 0.00242213 0.0 0.0 0.0 1.0
redkitchen/seq-12/color/frame-000034.color.png redkitchen/seq-12/color/frame-000035.color.png 0.999965 -0.00243907 0.0079479 -0.016377 0.00241821 0.999994 0.00263246 -0.00637382 -0.00795428 -0.00261314 0.999965 0.00356031 0.0 0.0 0.0 1.0
redkitchen/seq-12/color/frame-000035.color.png redkitchen/seq-12/color/frame-000036.color.png 0.999986 0.00055028 0.00517989 -0.0132642 -0.000532815 0.999994 -0.00337293 0.000944344 -0.00518171 0.00337013 0.999981 0.00379084 0.0 0.0 0.0 1.0
redkitchen/seq-12/color/frame-000036.color.png redkitchen/seq-12/color/frame-000037.color.png 1.0 0.000240646 -9.36392e-05 0.000197098 -0.000240639 1.0 6.62196e-05 -0.000190141 9.36564e-05 -6.61975e-05 1.0 -1.71587e-05 0.0 0.0 0.0 1.0
redkitchen/seq-12/color/frame-000037.color.png redkitchen/seq-12/color/frame-000038.color.png 0.999993 0.00125519 0.00354304 -0.0117569 -0.00125572 0.999999 0.000146639 -0.000387197 -0.00354286 -0.000151088 0.999994 0.00344162 0.0 0.0 0.0 1.0
redkitchen/seq-12/color/frame-000038.color.png redkitchen/seq-12/color/frame-000039.color.png 0.999979 -0.00202593 0.00613193 -0.016552 0.00200764 0.999994 0.00298772 -0.00699455 -0.00613794 -0.00297535 0.999977 0.00141835 0.0 0.0 0.0 1.0
redkitchen/seq-12/color/frame-000039.color.png redkitchen/seq-12/color/frame-000040.color.png 0.999982 -0.00510169 0.00320889 -0.0117628 0.00511608 0.999977 -0.00449178 -0.00195088 -0.0031859 0.00450812 0.999985 0.00352176 0.0 0.0 0.0 1.0
redkitchen/seq-12/color/frame-000040.color.png redkitchen/seq-12/color/frame-000041.color.png 0.999986 -0.000532841 0.00528908 -0.0079425 0.000528276 1.0 0.000864655 -0.00137363 -0.00528954 -0.000861848 0.999986 -0.000983767 0.0 0.0 0.0 1.0
redkitchen/seq-12/color/frame-000041.color.png redkitchen/seq-12/color/frame-000042.color.png 0.999997 -0.000880161 0.0023512 -0.0120164 0.000891529 0.999988 -0.00483569 -0.000744693 -0.00234691 0.00483777 0.999986 0.003923 0.0 0.0 0.0 1.0
redkitchen/seq-12/color/frame-000042.color.png redkitchen/seq-12/color/frame-000043.color.png 0.999995 0.00164465 0.00282044 -0.0169557 -0.00163882 0.999997 -0.00207253 -0.00711785 -0.00282384 0.00206789 0.999994 0.00413895 0.0 0.0 0.0 1.0
redkitchen/seq-12/color/frame-000043.color.png redkitchen/seq-12/color/frame-000044.color.png 0.999989 -0.0037268 -0.00271647 -0.00744231 0.00370124 0.999949 -0.00935855 0.00258384 0.00275121 0.00934839 0.999952 0.00728787 0.0 0.0 0.0 1.0
redkitchen/seq-12/color/frame-000044.color.png redkitchen/seq-12/color/frame-000045.color.png 1.0 0.000126859 -0.000147424 0.000155509 -0.000126911 1.0 -0.000326101 0.000290532 0.000147384 0.000326122 1.0 0.000561036 0.0 0.0 0.0 1.0
redkitchen/seq-12/color/frame-000045.color.png redkitchen/seq-12/color/frame-000046.color.png 0.999985 -0.00492822 0.00216987 -0.0115404 0.00494186 0.999968 -0.00632757 0.00128651 -0.00213862 0.0063382 0.999978 0.00529688 0.0 0.0 0.0 1.0
redkitchen/seq-12/color/frame-000046.color.png redkitchen/seq-12/color/frame-000047.color.png 0.999971 -0.00739568 0.00159828 -0.0101376 0.00740177 0.999965 -0.00383851 0.000265952 -0.00156984 0.00385023 0.999991 0.00398631 0.0 0.0 0.0 1.0
redkitchen/seq-12/color/frame-000047.color.png redkitchen/seq-12/color/frame-000048.color.png 0.999985 -0.0045192 0.00305204 -0.00852066 0.00453074 0.999983 -0.00378454 0.00112792 -0.00303488 0.00379832 0.999988 0.00274622 0.0 0.0 0.0 1.0
redkitchen/seq-12/color/frame-000048.color.png redkitchen/seq-12/color/frame-000049.color.png 1.0 9.36585e-05 0.000107925 -0.000124395 -9.36285e-05 1.0 -0.000228472 0.000319354 -0.000107944 0.000228455 1.0 0.000197545 0.0 0.0 0.0 1.0
redkitchen/seq-12/color/frame-000049.color.png redkitchen/seq-12/color/frame-000050.color.png 0.999964 -0.00625637 0.00580761 -0.0120571 0.00626212 0.99998 -0.000972722 -0.00125894 -0.00580141 0.00100906 0.999983 0.00133394 0.0 0.0 0.0 1.0
redkitchen/seq-12/color/frame-000050.color.png redkitchen/seq-12/color/frame-000051.color.png 0.999928 -0.0111033 0.00456509 -0.0156023 0.0111173 0.999933 -0.00306453 -0.00250818 -0.00453075 0.00311506 0.999985 0.00418551 0.0 0.0 0.0 1.0
redkitchen/seq-12/color/frame-000051.color.png redkitchen/seq-12/color/frame-000052.color.png 0.999949 -0.00977084 0.00269117 -0.0165423 0.0097912 0.999923 -0.00765398 -0.00258245 -0.00261618 0.00767995 0.999967 0.00232594 0.0 0.0 0.0 1.0
redkitchen/seq-12/color/frame-000052.color.png redkitchen/seq-12/color/frame-000053.color.png 0.999997 -0.00186281 -0.0016963 0.00182417 0.00186179 0.999998 -0.000609457 0.00122548 0.00169743 0.000606284 0.999998 -0.001619 0.0 0.0 0.0 1.0
redkitchen/seq-12/color/frame-000053.color.png redkitchen/seq-12/color/frame-000054.color.png 0.999996 -0.00297456 8.94974e-05 -0.00699115 0.00297558 0.999878 -0.0153281 0.00963072 -4.38902e-05 0.0153283 0.999883 0.0044937 0.0 0.0 0.0 1.0
redkitchen/seq-12/color/frame-000054.color.png redkitchen/seq-12/color/frame-000055.color.png 0.999983 0.000745997 0.00569923 -0.0112742 -0.000706988 0.999976 -0.00684759 0.00465848 -0.0057042 0.00684345 0.99996 0.00150554 0.0 0.0 0.0 1.0
redkitchen/seq-12/color/frame-000055.color.png redkitchen/seq-12/color/frame-000056.color.png 1.0 7.25132e-05 -0.000430768 0.000232637 -7.27173e-05 1.0 -0.000530543 0.000514023 0.000430731 0.000530563 1.0 0.00231056 0.0 0.0 0.0 1.0
redkitchen/seq-12/color/frame-000056.color.png redkitchen/seq-12/color/frame-000057.color.png 0.999976 -0.00283755 0.00632929 -0.01513 0.00284626 0.999995 -0.00137077 -0.000384927 -0.00632537 0.00138877 0.999979 0.00108513 0.0 0.0 0.0 1.0
redkitchen/seq-12/color/frame-000057.color.png redkitchen/seq-12/color/frame-000058.color.png 0.999991 -3.40204e-05 0.00433283 -0.0238949 4.40601e-05 0.999997 -0.00231739 -0.00825222 -0.00433273 0.00231755 0.999988 7.29561e-05 0.0 0.0 0.0 1.0
redkitchen/seq-12/color/frame-000058.color.png redkitchen/seq-12/color/frame-000059.color.png 0.999938 0.00297809 -0.0107184 -0.00857657 -0.00308252 0.999948 -0.00973916 0.00352212 0.0106889 0.00977161 0.999895 0.00656064 0.0 0.0 0.0 1.0
redkitchen/seq-12/color/frame-000059.color.png redkitchen/seq-12/color/frame-000060.color.png 0.999864 0.0101771 -0.0130128 0.00207797 -0.0102364 0.999938 -0.00450062 0.00180966 0.0129662 0.00463322 0.999905 0.00603935 0.0 0.0 0.0 1.0
redkitchen/seq-12/color/frame-000060.color.png redkitchen/seq-12/color/frame-000061.color.png 0.999999 0.000305287 0.00108953 -0.00191891 -0.000305045 1.0 -0.000204018 0.000803411 -0.00108959 0.00020367 0.999999 -0.00264134 0.0 0.0 0.0 1.0
redkitchen/seq-12/color/frame-000061.color.png redkitchen/seq-12/color/frame-000062.color.png 0.999992 0.00409755 0.000337161 -0.002621 -0.00409846 0.999988 0.00275856 0.00187622 -0.000325851 -0.00275991 0.999996 0.00381172 0.0 0.0 0.0 1.0
redkitchen/seq-12/color/frame-000062.color.png redkitchen/seq-12/color/frame-000063.color.png 0.999811 0.00597686 0.0184914 -0.0207965 -0.00615182 0.999937 0.00941975 -0.00764452 -0.018434 -0.00953173 0.999785 -0.00421503 0.0 0.0 0.0 1.0
redkitchen/seq-12/color/frame-000063.color.png redkitchen/seq-12/color/frame-000064.color.png 0.999943 0.00405029 0.00989466 -0.015804 -0.00409228 0.999983 0.0042264 -0.00745637 -0.00987736 -0.00426664 0.999942 -0.0032775 0.0 0.0 0.0 1.0
redkitchen/seq-12/color/frame-000064.color.png redkitchen/seq-12/color/frame-000065.color.png 1.0 -0.000325305 0.000797977 -0.00192687 0.00032523 1.0 8.97112e-05 -0.000147045 -0.000798007 -8.9474e-05 1.0 -0.00101656 0.0 0.0 0.0 1.0
redkitchen/seq-12/color/frame-000065.color.png redkitchen/seq-12/color/frame-000066.color.png 0.999956 0.0085152 0.00392902 -0.0190766 -0.00850459 0.99996 -0.00270632 -0.00242824 -0.00395192 0.00267279 0.999989 0.00315166 0.0 0.0 0.0 1.0
redkitchen/seq-12/color/frame-000066.color.png redkitchen/seq-12/color/frame-000067.color.png 0.999981 0.00276329 -0.00556548 -0.017481 -0.00277573 0.999994 -0.00222933 -0.00545194 0.00555929 0.00224472 0.999982 0.00260669 0.0 0.0 0.0 1.0
redkitchen/seq-12/color/frame-000067.color.png redkitchen/seq-12/color/frame-000068.color.png 0.999933 0.00238479 -0.0113021 -0.0048022 -0.0024892 0.999954 -0.00923196 0.000576247 0.0112795 0.00925949 0.999893 0.00423144 0.0 0.0 0.0 1.0
redkitchen/seq-12/color/frame-000068.color.png redkitchen/seq-12/color/frame-000069.color.png 1.0 -0.00014866 6.76837e-05 -0.000744402 0.00014866 1.0 -9.26676e-05 0.000161525 -6.76701e-05 9.26605e-05 1.0 0.000839934 0.0 0.0 0.0 1.0
redkitchen/seq-12/color/frame-000069.color.png redkitchen/seq-12/color/frame-000070.color.png 0.999964 0.00594913 -0.00604773 -0.00721306 -0.00601628 0.99992 -0.0111474 0.006464 0.00598093 0.0111833 0.999919 -0.000374913 0.0 0.0 0.0 1.0
redkitchen/seq-12/color/frame-000070.color.png redkitchen/seq-12/color/frame-000071.color.png 0.999981 0.00561409 -0.00245988 -0.00937033 -0.00562547 0.999973 -0.00464608 0.00472368 0.00243373 0.00465985 0.999986 0.00139448 0.0 0.0 0.0 1.0
redkitchen/seq-12/color/frame-000071.color.png redkitchen/seq-12/color/frame-000072.color.png 0.99999 0.0040251 -0.00195623 -0.0116757 -0.0040253 0.999992 -9.96097e-05 -0.000616856 0.00195581 0.000107495 0.999998 0.00139636 0.0 0.0 0.0 1.0
redkitchen/seq-12/color/frame-000072.color.png redkitchen/seq-12/color/frame-000073.color.png 0.999997 0.00228494 -0.000294843 0.000471115 -0.00228507 0.999997 -0.000450682 -9.62839e-05 0.000293814 0.000451343 1.0 0.000209332 0.0 0.0 0.0 1.0
redkitchen/seq-12/color/frame-000073.color.png redkitchen/seq-12/color/frame-000074.color.png 0.999997 -0.000425515 -0.00222258 -0.0117821 0.000419624 0.999996 -0.00265387 0.00272253 0.0022237 0.00265294 0.999994 0.00399749 0.0 0.0 0.0 1.0
redkitchen/seq-12/color/frame-000074.color.png redkitchen/seq-12/color/frame-000075.color.png 1.0 0.000117936 -0.000387016 -0.0138641 -0.000118751 0.999998 -0.00208478 0.000590436 0.000386771 0.00208482 0.999998 -0.00299393 0.0 0.0 0.0 1.0
redkitchen/seq-12/color/frame-000075.color.png redkitchen/seq-12/color/frame-000076.color.png 0.999996 0.000781106 -0.00285524 -0.0108674 -0.000798797 0.999981 -0.00620015 0.00637781 0.00285034 0.00620238 0.999977 0.000384733 0.0 0.0 0.0 1.0
redkitchen/seq-12/color/frame-000076.color.png redkitchen/seq-12/color/frame-000077.color.png 0.999994 0.00219636 -0.00271504 -0.00984854 -0.00220377 0.999994 -0.00272909 0.0033176 0.00270902 0.00273505 0.999992 0.000475377 0.0 0.0 0.0 1.0
redkitchen/seq-12/color/frame-000077.color.png redkitchen/seq-12/color/frame-000078.color.png 0.999998 0.00153463 -0.00112055 -0.0123426 -0.0015355 0.999999 -0.000776197 0.00359044 0.00111936 0.000777907 0.999999 -0.00134571 0.0 0.0 0.0 1.0
redkitchen/seq-12/color/frame-000078.color.png redkitchen/seq-12/color/frame-000079.color.png 0.999999 -0.00043208 -0.00130629 0.00219911 0.000432454 1.0 0.000283934 -0.000729186 0.00130617 -0.000284472 0.999999 0.00228105 0.0 0.0 0.0 1.0
redkitchen/seq-12/color/frame-000079.color.png redkitchen/seq-12/color/frame-000080.color.png 1.0 0.000706634 -0.00051774 -0.0127437 -0.000707064 0.999999 -0.000822734 0.00191811 0.000517157 0.000823098 1.0 0.00113292 0.0 0.0 0.0 1.0
redkitchen/seq-12/color/frame-000080.color.png redkitchen/seq-12/color/frame-000081.color.png 0.999997 0.000501556 -0.0023113 -0.0132011 -0.00050877 0.999995 -0.0031207 6.17392e-05 0.00230972 0.00312185 0.999993 0.00393893 0.0 0.0 0.0 1.0
redkitchen/seq-12/color/frame-000081.color.png redkitchen/seq-12/color/frame-000082.color.png 0.999992 0.00292346 -0.00277952 -0.0171199 -0.00294364 0.999969 -0.00728598 -0.000970567 0.00275814 0.00729407 0.99997 0.00240034 0.0 0.0 0.0 1.0
redkitchen/seq-12/color/frame-000082.color.png redkitchen/seq-12/color/frame-000083.color.png 0.999957 -0.000539243 -0.00924699 -0.00618446 0.000424252 0.999923 -0.0124327 0.00416353 0.00925298 0.0124283 0.99988 0.00155742 0.0 0.0 0.0 1.0
redkitchen/seq-12/color/frame-000083.color.png redkitchen/seq-12/color/frame-000084.color.png 0.999999 -5.93318e-05 0.00123758 -0.00207341 5.84232e-05 1.0 0.000734364 -0.000636633 -0.00123762 -0.000734279 0.999999 -0.00208169 0.0 0.0 0.0 1.0
redkitchen/seq-12/color/frame-000084.color.png redkitchen/seq-12/color/frame-000085.color.png 0.99998 -0.00498041 -0.0038663 -0.00817227 0.00492441 0.999885 -0.0143602 0.0113976 0.00393737 0.0143409 0.999889 1.57356e-05 0.0 0.0 0.0 1.0
redkitchen/seq-12/color/frame-000085.color.png redkitchen/seq-12/color/frame-000086.color.png 0.999975 -0.00707015 -0.000391755 -0.0142305 0.00706544 0.999915 -0.0109485 0.0102157 0.00046913 0.0109454 0.99994 -0.0023687 0.0 0.0 0.0 1.0
redkitchen/seq-12/color/frame-000086.color.png redkitchen/seq-12/color/frame-000087.color.png 0.999998 -0.00118433 0.00136735 -0.0182585 0.00119719 0.999955 -0.00944661 0.00124699 -0.0013561 0.00944822 0.999954 -0.0033634 0.0 0.0 0.0 1.0
redkitchen/seq-12/color/frame-000087.color.png redkitchen/seq-12/color/frame-000088.color.png 0.999991 -0.00249188 -0.00335459 -0.0135068 0.00244428 0.999897 -0.0141214 0.0135998 0.00338943 0.0141131 0.999895 -4.17233e-05 0.0 0.0 0.0 1.0
redkitchen/seq-12/color/frame-000088.color.png redkitchen/seq-12/color/frame-000089.color.png 0.999996 -0.000777958 -0.00281743 -0.0150092 0.00076832 0.999994 -0.00342147 0.0101394 0.00282008 0.00341929 0.99999 -0.00231157 0.0 0.0 0.0 1.0
redkitchen/seq-12/color/frame-000089.color.png redkitchen/seq-12/color/frame-000090.color.png 1.0 -0.000514619 -0.000764705 0.00107229 0.000514138 1.0 -0.000637116 0.00115212 0.000765033 0.000636707 0.999999 0.00277287 0.0 0.0 0.0 1.0
redkitchen/seq-12/color/frame-000090.color.png redkitchen/seq-12/color/frame-000091.color.png 0.999971 -0.00384259 -0.00653559 -0.0065729 0.00387179 0.999983 0.00446395 0.00264783 0.00651832 -0.00448912 0.999969 0.00938769 0.0 0.0 0.0 1.0
redkitchen/seq-12/color/frame-000091.color.png redkitchen/seq-12/color/frame-000092.color.png 1.0 0.000908729 0.000162958 -0.0117778 -0.000908922 0.999999 0.00122471 -0.0043392 -0.000161844 -0.00122484 0.999999 0.00316095 0.0 0.0 0.0 1.0
redkitchen/seq-12/color/frame-000092.color.png redkitchen/seq-12/color/frame-000093.color.png 0.999997 0.00202897 -0.00105348 -0.00965607 -0.00203187 0.999994 -0.00273932 -0.00632882 0.00104791 0.00274148 0.999996 -0.0046301 0.0 0.0 0.0 1.0
redkitchen/seq-12/color/frame-000093.color.png redkitchen/seq-12/color/frame-000094.color.png 0.999956 0.00938166 8.93067e-05 -0.0155896 -0.0093802 0.999901 -0.0104933 -0.0093292 -0.000187738 0.010492 0.999945 0.00123061 0.0 0.0 0.0 1.0
redkitchen/seq-12/color/frame-000094.color.png redkitchen/seq-12/color/frame-000095.color.png 0.999979 0.00588669 -0.0028303 -0.0150246 -0.00592364 0.999895 -0.0132301 -0.000923959 0.00275212 0.0132466 0.999908 0.000489086 0.0 0.0 0.0 1.0
redkitchen/seq-12/color/frame-000095.color.png redkitchen/seq-12/color/frame-000096.color.png 1.0 -4.413e-05 0.000548308 -0.00128615 4.41167e-05 1.0 2.44115e-05 -9.28896e-05 -0.000548317 -2.44631e-05 1.0 -5.70267e-05 0.0 0.0 0.0 1.0
redkitchen/seq-12/color/frame-000096.color.png redkitchen/seq-12/color/frame-000097.color.png 0.999976 0.00337338 -0.00602173 -0.00847685 -0.00343289 0.999945 -0.00990017 0.000245378 0.005988 0.00992063 0.999933 0.00252132 0.0 0.0 0.0 1.0
redkitchen/seq-12/color/frame-000097.color.png redkitchen/seq-12/color/frame-000098.color.png 0.999997 0.00159916 -0.00194129 -0.011668 -0.00162017 0.99994 -0.0108672 -0.00126747 0.0019238 0.0108703 0.999939 0.00600004 0.0 0.0 0.0 1.0
redkitchen/seq-12/color/frame-000098.color.png redkitchen/seq-12/color/frame-000099.color.png 0.999995 0.00301607 -0.000169229 -0.0147319 -0.00301773 0.999937 -0.0108312 0.0095686 0.000136559 0.0108317 0.999941 0.00212851 0.0 0.0 0.0 1.0
redkitchen/seq-12/color/frame-000099.color.png redkitchen/seq-12/color/frame-000100.color.png 0.999998 0.00196516 -0.000940842 -0.0182592 -0.00196383 0.999997 0.00142257 0.00234501 0.000943631 -0.00142069 0.999999 0.000164047 0.0 0.0 0.0 1.0
redkitchen/seq-12/color/frame-000100.color.png redkitchen/seq-12/color/frame-000101.color.png 0.999983 0.00180721 -0.00557206 -0.00599349 -0.00176574 0.999971 0.00743724 -0.0118149 0.00558533 -0.00742734 0.999957 0.00644931 0.0 0.0 0.0 1.0
redkitchen/seq-12/color/frame-000101.color.png redkitchen/seq-12/color/frame-000102.color.png 0.999979 0.00651342 0.000538243 -0.00909281 -0.00651211 0.999976 -0.0023889 -0.00711865 -0.000553792 0.00238533 0.999997 0.00436711 0.0 0.0 0.0 1.0
redkitchen/seq-12/color/frame-000102.color.png redkitchen/seq-12/color/frame-000103.color.png 0.999951 0.00949069 0.00290179 -0.0136988 -0.00948396 0.999952 -0.00232457 -0.00936447 -0.0029237 0.00229697 0.999993 0.0029079 0.0 0.0 0.0 1.0
redkitchen/seq-12/color/frame-000103.color.png redkitchen/seq-12/color/frame-000104.color.png 0.999975 0.00702478 0.000597768 -0.0135984 -0.00702365 0.999974 -0.00185298 -0.00775297 -0.000610777 0.0018487 0.999998 0.00164758 0.0 0.0 0.0 1.0
redkitchen/seq-12/color/frame-000104.color.png redkitchen/seq-12/color/frame-000105.color.png 1.0 0.000134663 0.000174951 -0.000209689 -0.00013465 1.0 -7.93879e-05 -0.000201208 -0.000174961 7.93862e-05 1.0 0.000573128 0.0 0.0 0.0 1.0
redkitchen/seq-12/color/frame-000105.color.png redkitchen/seq-12/color/frame-000106.color.png 0.999986 0.00515919 -0.00149555 -0.0131656 -0.00516201 0.999985 -0.00188416 -0.00666396 0.00148581 0.00189184 0.999997 0.00369725 0.0 0.0 0.0 1.0
redkitchen/seq-12/color/frame-000106.color.png redkitchen/seq-12/color/frame-000107.color.png 0.999979 0.00633612 -0.00159386 -0.00930363 -0.00634097 0.999975 -0.00305777 -0.00379659 0.00157444 0.00306781 0.999994 0.0071968 0.0 0.0 0.0 1.0
redkitchen/seq-12/color/frame-000107.color.png redkitchen/seq-12/color/frame-000108.color.png 0.999967 0.00801135 -0.00106459 -0.0119352 -0.00801126 0.999968 7.98557e-05 -0.0142442 0.0010652 -7.13002e-05 0.999999 0.00580244 0.0 0.0 0.0 1.0
redkitchen/seq-12/color/frame-000108.color.png redkitchen/seq-12/color/frame-000109.color.png 0.999955 0.00940037 -0.000821458 -0.0159398 -0.00940354 0.999948 -0.00394787 -0.0108608 0.000784298 0.00395541 0.999992 0.00760956 0.0 0.0 0.0 1.0
redkitchen/seq-12/color/frame-000109.color.png redkitchen/seq-12/color/frame-000110.color.png 0.999985 0.00544614 -0.000988838 -0.0132113 -0.00545016 0.999977 -0.00412325 -0.00751237 0.00096637 0.00412862 0.999991 0.010432 0.0 0.0 0.0 1.0
redkitchen/seq-12/color/frame-000110.color.png redkitchen/seq-12/color/frame-000111.color.png 0.999996 0.00240935 -0.001551 -0.0139267 -0.00241562 0.999989 -0.00405408 -0.00860199 0.0015412 0.00405774 0.999991 0.00799243 0.0 0.0 0.0 1.0
redkitchen/seq-12/color/frame-000111.color.png redkitchen/seq-12/color/frame-000112.color.png 0.999992 0.00302788 -0.00265115 -0.0129792 -0.00304781 0.999967 -0.00755068 -0.000834636 0.0026282 0.00755872 0.999968 0.0101763 0.0 0.0 0.0 1.0
redkitchen/seq-12/color/frame-000112.color.png redkitchen/seq-12/color/frame-000113.color.png 0.999982 0.00533481 -0.0027497 -0.0073362 -0.00534891 0.999972 -0.00514949 -0.00520075 0.00272216 0.00516409 0.999983 0.0132689 0.0 0.0 0.0 1.0
redkitchen/seq-12/color/frame-000113.color.png redkitchen/seq-12/color/frame-000114.color.png 0.999996 0.00287189 -0.000326767 -0.0123055 -0.00287342 0.999985 -0.00472417 -0.00724301 0.000313193 0.00472505 0.999989 0.00918819 0.0 0.0 0.0 1.0
redkitchen/seq-12/color/frame-000114.color.png redkitchen/seq-12/color/frame-000115.color.png 0.999994 -0.0029485 -0.00173427 -0.0159332 0.00294004 0.999984 -0.00486907 0.00149662 0.00174859 0.00486402 0.999987 0.0101075 0.0 0.0 0.0 1.0
redkitchen/seq-12/color/frame-000115.color.png redkitchen/seq-12/color/frame-000116.color.png 0.999993 -0.00123782 -0.00345864 -0.0116693 0.00123243 0.999998 -0.00155953 -0.00153697 0.00346057 0.00155525 0.999993 0.0102424 0.0 0.0 0.0 1.0
redkitchen/seq-12/color/frame-000116.color.png redkitchen/seq-12/color/frame-000117.color.png 0.999997 0.00246422 -0.000950511 -0.015974 -0.00246457 0.999997 -0.000370126 -0.0134931 0.000949587 0.000372513 0.999999 0.0108717 0.0 0.0 0.0 1.0
redkitchen/seq-12/color/frame-000117.color.png redkitchen/seq-12/color/frame-000118.color.png 0.999986 0.00144908 -0.00518937 -0.00916517 -0.00148061 0.999981 -0.00607669 0.00148728 0.00518046 0.00608427 0.999968 0.0167933 0.0 0.0 0.0 1.0
redkitchen/seq-12/color/frame-000118.color.png redkitchen/seq-12/color/frame-000119.color.png 0.999984 -0.00279002 -0.00498268 -0.0111529 0.00277641 0.999992 -0.00273685 0.00716442 0.00499026 0.00272296 0.999984 0.0134698 0.0 0.0 0.0 1.0
redkitchen/seq-12/color/frame-000119.color.png redkitchen/seq-12/color/frame-000120.color.png 0.999984 2.24566e-05 -0.00557831 -0.0114365 -5.41488e-06 0.999995 0.00305333 -0.0117484 0.00557836 -0.00305326 0.99998 0.0138162 0.0 0.0 0.0 1.0
redkitchen/seq-12/color/frame-000120.color.png redkitchen/seq-12/color/frame-000121.color.png 0.999985 0.00463086 -0.00299405 -0.0134813 -0.00464302 0.999981 -0.00406333 -0.0117642 0.00297519 0.00407724 0.999987 0.0146259 0.0 0.0 0.0 1.0
redkitchen/seq-12/color/frame-000121.color.png redkitchen/seq-12/color/frame-000122.color.png 0.999977 0.00272531 -0.00613524 -0.00317752 -0.00276317 0.999977 -0.00617311 0.00457368 0.00611828 0.00618983 0.999962 0.016472 0.0 0.0 0.0 1.0
redkitchen/seq-12/color/frame-000122.color.png redkitchen/seq-12/color/frame-000123.color.png 0.999999 0.000742141 0.00123624 -0.00409961 -0.000743302 0.999999 0.000940946 -0.00294163 -0.00123554 -0.00094187 0.999999 -0.0040921 0.0 0.0 0.0 1.0
redkitchen/seq-12/color/frame-000123.color.png redkitchen/seq-12/color/frame-000124.color.png 0.999978 0.00626665 -0.00212689 -0.00838232 -0.00626252 0.999978 0.00195054 -0.00891886 0.00213906 -0.00193723 0.999996 0.00898814 0.0 0.0 0.0 1.0
redkitchen/seq-12/color/frame-000124.color.png redkitchen/seq-12/color/frame-000125.color.png 0.999992 0.00358721 -0.00185713 -0.0154299 -0.00358176 0.999989 0.00291359 -0.0113579 0.00186758 -0.00290689 0.999994 0.00944877 0.0 0.0 0.0 1.0
redkitchen/seq-12/color/frame-000125.color.png redkitchen/seq-12/color/frame-000126.color.png 0.999965 0.00662919 -0.0051022 -0.0249741 -0.00663573 0.999977 -0.00126539 -0.0127611 0.00509366 0.00129925 0.999986 0.019705 0.0 0.0 0.0 1.0
redkitchen/seq-12/color/frame-000126.color.png redkitchen/seq-12/color/frame-000127.color.png 0.999909 0.00652867 -0.0118278 0.00560403 -0.00655715 0.999976 -0.00236919 -0.00684406 0.0118121 0.00244655 0.999927 0.0242527 0.0 0.0 0.0 1.0
redkitchen/seq-12/color/frame-000127.color.png redkitchen/seq-12/color/frame-000128.color.png 0.999974 0.00656955 -0.00290494 -0.00647032 -0.00656477 0.999977 0.0016526 -0.00999587 0.00291574 -0.00163355 0.999994 0.00802603 0.0 0.0 0.0 1.0
redkitchen/seq-12/color/frame-000128.color.png redkitchen/seq-12/color/frame-000129.color.png 0.999972 0.00750233 -0.000546091 -0.0179337 -0.00750151 0.999971 0.00146079 -0.013068 0.000557052 -0.00145659 0.999999 0.0102722 0.0 0.0 0.0 1.0
redkitchen/seq-12/color/frame-000129.color.png redkitchen/seq-12/color/frame-000130.color.png 0.999889 0.012381 -0.00823537 0.00147521 -0.0123511 0.999917 0.00366955 -0.0259562 0.00828012 -0.00356747 0.999959 0.0153185 0.0 0.0 0.0 1.0
redkitchen/seq-12/color/frame-000130.color.png redkitchen/seq-12/color/frame-000131.color.png 0.999982 0.00372798 -0.00481023 -0.0113126 -0.00372374 0.999993 0.000888882 -0.00741883 0.00481351 -0.000870977 0.999988 0.0162899 0.0 0.0 0.0 1.0
redkitchen/seq-12/color/frame-000131.color.png redkitchen/seq-12/color/frame-000132.color.png 0.99997 0.00546339 -0.00555846 -0.0127641 -0.00545334 0.999984 0.0018197 -0.0140152 0.00556831 -0.00178933 0.999983 0.0129086 0.0 0.0 0.0 1.0
redkitchen/seq-12/color/frame-000132.color.png redkitchen/seq-12/color/frame-000133.color.png 0.999881 0.012008 -0.00965448 0.00251317 -0.0120362 0.999923 -0.00286789 -0.0148427 0.00961933 0.00298374 0.999949 0.0242799 0.0 0.0 0.0 1.0
redkitchen/seq-12/color/frame-000133.color.png redkitchen/seq-12/color/frame-000134.color.png 0.999921 0.0121478 -0.00316634 -0.00382686 -0.0121405 0.999924 0.00232255 -0.0246532 0.00319428 -0.0022839 0.999992 0.0117969 0.0 0.0 0.0 1.0
redkitchen/seq-12/color/frame-000134.color.png redkitchen/seq-12/color/frame-000135.color.png 0.999982 0.00240002 -0.00543104 -0.0069741 -0.00239855 0.999997 0.000270048 -0.00437689 0.00543165 -0.000257016 0.999985 0.0186549 0.0 0.0 0.0 1.0
redkitchen/seq-12/color/frame-000135.color.png redkitchen/seq-12/color/frame-000136.color.png 0.999937 0.00628163 -0.00925612 0.000128508 -0.0062671 0.999979 0.00160095 -0.0153466 0.00926598 -0.00154279 0.999956 0.0232915 0.0 0.0 0.0 1.0
redkitchen/seq-12/color/frame-000136.color.png redkitchen/seq-12/color/frame-000137.color.png 0.999938 0.00839575 -0.00736186 -0.00236607 -0.00839353 0.999965 0.000338147 -0.0140174 0.00736445 -0.000276337 0.999973 0.0176608 0.0 0.0 0.0 1.0
redkitchen/seq-12/color/frame-000137.color.png redkitchen/seq-12/color/frame-000138.color.png 0.999932 0.0104068 -0.0052109 0.00162005 -0.0104043 0.999946 0.000495149 -0.0159202 0.0052158 -0.000440892 0.999986 0.018302 0.0 0.0 0.0 1.0
redkitchen/seq-12/color/frame-000138.color.png redkitchen/seq-12/color/frame-000139.color.png 0.999976 0.00595681 -0.00345717 -0.0120498 -0.00595296 0.999982 0.00111885 -0.0122441 0.00346377 -0.00109822 0.999993 0.0178859 0.0 0.0 0.0 1.0
redkitchen/seq-12/color/frame-000139.color.png redkitchen/seq-12/color/frame-000140.color.png 0.99984 0.0113095 -0.0138722 0.00238919 -0.0112895 0.999935 0.00152027 -0.0196629 0.0138884 -0.00136345 0.999903 0.0302009 0.0 0.0 0.0 1.0
redkitchen/seq-12/color/frame-000140.color.png redkitchen/seq-12/color/frame-000141.color.png 0.999861 0.0125715 -0.0109921 0.0051856 -0.0125278 0.999913 0.00403753 -0.0247876 0.0110419 -0.00389931 0.999931 0.0209187 0.0 0.0 0.0 1.0
redkitchen/seq-12/color/frame-000141.color.png redkitchen/seq-12/color/frame-000142.color.png 0.999944 0.00824546 -0.00663809 -0.00619268 -0.00823288 0.999964 0.0019127 -0.0153487 0.00665362 -0.00185788 0.999976 0.0201078 0.0 0.0 0.0 1.0
redkitchen/seq-12/color/frame-000142.color.png redkitchen/seq-12/color/frame-000143.color.png 0.999946 0.00664195 -0.00796888 -0.00877094 -0.00663497 0.999978 0.000902059 -0.0158009 0.00797467 -0.000849161 0.999968 0.0279495 0.0 0.0 0.0 1.0
redkitchen/seq-12/color/frame-000143.color.png redkitchen/seq-12/color/frame-000144.color.png 0.99992 0.00958761 -0.00830302 -0.00243104 -0.00958511 0.999954 0.000344834 -0.0185201 0.008306 -0.000265211 0.999965 0.0208883 0.0 0.0 0.0 1.0
redkitchen/seq-12/color/frame-000144.color.png redkitchen/seq-12/color/frame-000145.color.png 0.999906 0.00869759 -0.010619 0.00531185 -0.00869322 0.999962 0.000457222 -0.0172424 0.0106226 -0.000364807 0.999943 0.0237792 0.0 0.0 0.0 1.0
redkitchen/seq-12/color/frame-000145.color.png redkitchen/seq-12/color/frame-000146.color.png 0.999922 0.00740751 -0.0100893 0.00234532 -0.00739419 0.999972 0.00136121 -0.0163788 0.0100991 -0.00128653 0.999948 0.0237809 0.0 0.0 0.0 1.0
redkitchen/seq-12/color/frame-000146.color.png redkitchen/seq-12/color/frame-000147.color.png 0.999921 0.00958105 -0.00820613 -0.000219107 -0.00958312 0.999954 -0.000220228 -0.0189868 0.00820354 0.000298825 0.999966 0.021388 0.0 0.0 0.0 1.0
redkitchen/seq-12/color/frame-000147.color.png redkitchen/seq-12/color/frame-000148.color.png 0.99989 0.0126963 -0.00764692 0.00256598 -0.0126989 0.999919 -0.000282926 -0.0265617 0.00764269 0.000379986 0.999971 0.0194335 0.0 0.0 0.0 1.0
redkitchen/seq-12/color/frame-000148.color.png redkitchen/seq-12/color/frame-000149.color.png 0.999939 0.00646174 -0.00900379 0.00219715 -0.00646454 0.999979 -0.000284692 -0.0148959 0.00900175 0.000342859 0.999959 0.0241365 0.0 0.0 0.0 1.0
redkitchen/seq-12/color/frame-000149.color.png redkitchen/seq-12/color/frame-000150.color.png 0.99995 0.000418907 -0.00996887 0.00137305 -0.000396406 0.999997 0.00225879 -0.00883074 0.0099699 -0.00225471 0.999948 0.0266485 0.0 0.0 0.0 1.0
redkitchen/seq-12/color/frame-000150.color.png redkitchen/seq-12/color/frame-000151.color.png 0.999967 0.00172741 -0.0079971 -0.00458622 -0.0016976 0.999992 0.00373525 -0.0164521 0.00800338 -0.00372155 0.999961 0.0257797 0.0 0.0 0.0 1.0
redkitchen/seq-12/color/frame-000151.color.png redkitchen/seq-12/color/frame-000152.color.png 0.999973 0.00171157 -0.00719184 -0.00156939 -0.0017115 0.999999 1.67009e-05 -0.011048 0.00719185 -4.34835e-06 0.999974 0.0212953 0.0 0.0 0.0 1.0
redkitchen/seq-12/color/frame-000152.color.png redkitchen/seq-12/color/frame-000153.color.png 0.999978 0.0031747 -0.00579351 -0.00133991 -0.00317266 0.999995 0.000356686 -0.0168621 0.00579458 -0.000338295 0.999983 0.0196892 0.0 0.0 0.0 1.0
redkitchen/seq-12/color/frame-000153.color.png redkitchen/seq-12/color/frame-000154.color.png 0.999969 -0.000280519 -0.00784196 -0.00125206 0.000253223 0.999994 -0.00347944 -0.00150445 0.00784294 0.00347735 0.999963 0.0265769 0.0 0.0 0.0 1.0
redkitchen/seq-12/color/frame-000154.color.png redkitchen/seq-12/color/frame-000155.color.png 0.999964 0.00632488 -0.00574916 0.00368881 -0.00632028 0.99998 0.000818252 -0.0204317 0.00575415 -0.000781807 0.999983 0.0162173 0.0 0.0 0.0 1.0
redkitchen/seq-12/color/frame-000155.color.png redkitchen/seq-12/color/frame-000156.color.png 0.999986 0.00518044 -0.00125784 -0.00543165 -0.00518237 0.999985 -0.00155069 -0.0138286 0.00124978 0.00155713 0.999998 0.0119468 0.0 0.0 0.0 1.0
redkitchen/seq-12/color/frame-000156.color.png redkitchen/seq-12/color/frame-000157.color.png 0.999999 -0.00063552 -0.00125088 0.00246716 0.000635578 1.0 4.59255e-05 0.00141224 0.00125084 -4.67332e-05 0.999999 0.00169533 0.0 0.0 0.0 1.0
redkitchen/seq-12/color/frame-000157.color.png redkitchen/seq-12/color/frame-000158.color.png 0.999963 0.000625878 -0.00861581 0.0008986 -0.000636425 0.999999 -0.0012246 -0.00598136 0.00861501 0.00123004 0.999962 0.0273292 0.0 0.0 0.0 1.0
redkitchen/seq-12/color/frame-000158.color.png redkitchen/seq-12/color/frame-000159.color.png 0.99997 0.00191805 -0.00748332 0.00203884 -0.00190956 0.999997 0.00114101 -0.0117499 0.00748549 -0.00112661 0.999971 0.0198213 0.0 0.0 0.0 1.0
redkitchen/seq-12/color/frame-000159.color.png redkitchen/seq-12/color/frame-000160.color.png 0.999971 0.0059269 -0.00471941 0.00305307 -0.00592526 0.999982 0.000359559 -0.0180075 0.00472148 -0.000331637 0.999989 0.0142851 0.0 0.0 0.0 1.0
redkitchen/seq-12/color/frame-000160.color.png redkitchen/seq-12/color/frame-000161.color.png 0.999981 0.00522148 -0.00319032 -0.000177264 -0.00522509 0.999986 -0.00112521 -0.013267 0.0031844 0.00114184 0.999994 0.014751 0.0 0.0 0.0 1.0
redkitchen/seq-12/color/frame-000161.color.png redkitchen/seq-12/color/frame-000162.color.png 0.999984 0.00456873 -0.00343613 -0.000242114 -0.00456903 0.99999 -8.17772e-05 -0.0121846 0.00343571 9.74692e-05 0.999994 0.0154738 0.0 0.0 0.0 1.0
redkitchen/seq-12/color/frame-000162.color.png redkitchen/seq-12/color/frame-000163.color.png 0.999971 0.00664422 -0.00367604 0.00190997 -0.00663766 0.999976 0.00179442 -0.0175889 0.00368783 -0.00176993 0.999992 0.0168969 0.0 0.0 0.0 1.0
redkitchen/seq-12/color/frame-000163.color.png redkitchen/seq-12/color/frame-000164.color.png 0.999985 0.00416132 -0.00359267 0.000335455 -0.00415076 0.999987 0.00295094 -0.0165166 0.00360491 -0.00293603 0.999989 0.0133792 0.0 0.0 0.0 1.0
redkitchen/seq-12/color/frame-000164.color.png redkitchen/seq-12/color/frame-000165.color.png 0.999988 0.00468907 -0.00164797 -0.00301981 -0.00468838 0.999989 0.000375394 -0.0175747 0.0016497 -0.000367706 0.999999 0.012984 0.0 0.0 0.0 1.0
redkitchen/seq-12/color/frame-000165.color.png redkitchen/seq-12/color/frame-000166.color.png 0.999996 0.00261546 -0.00118636 -0.00141251 -0.0026188 0.999993 -0.00280319 -0.00988516 0.00117908 0.00280631 0.999995 0.0115201 0.0 0.0 0.0 1.0
redkitchen/seq-12/color/frame-000166.color.png redkitchen/seq-12/color/frame-000167.color.png 0.999997 0.00128742 -0.00194189 -0.00210559 -0.00129339 0.999994 -0.003099 -0.004706 0.00193785 0.00310154 0.999993 0.0151075 0.0 0.0 0.0 1.0
