fire/seq-01/color/frame-000000.color.png fire/seq-01/color/frame-000001.color.png 0.999997 -3.26804e-05 -0.00232053 -0.00193139 3.02842e-05 0.999999 -0.00103264 0.00120574 0.00232057 0.00103257 0.999997 -0.00225173 0.0 0.0 0.0 1.0
fire/seq-01/color/frame-000001.color.png fire/seq-01/color/frame-000002.color.png 0.999997 0.0016772 -0.00197338 -0.00154343 -0.00167618 0.999999 0.00052137 0.00263962 0.00197425 -0.000518061 0.999998 -0.000551918 0.0 0.0 0.0 1.0
fire/seq-01/color/frame-000002.color.png fire/seq-01/color/frame-000003.color.png 0.999998 0.000279862 -0.00181588 -0.00317379 -0.000274809 0.999996 0.0027817 -6.81302e-05 0.00181665 -0.00278119 0.999994 -0.00128242 0.0 0.0 0.0 1.0
fire/seq-01/color/frame-000003.color.png fire/seq-01/color/frame-000004.color.png 0.999989 0.001893 -0.00431708 0.000343244 -0.00188359 0.999996 0.00218379 0.000245147 0.0043212 -0.00217563 0.999988 0.000806417 0.0 0.0 0.0 1.0
fire/seq-01/color/frame-000004.color.png fire/seq-01/color/frame-000005.color.png 0.999995 0.00285595 -0.00116764 -0.00229894 -0.00285402 0.999995 0.00165594 1.90265e-05 0.00117236 -0.0016526 0.999998 0.000938492 0.0 0.0 0.0 1.0
fire/seq-01/color/frame-000005.color.png fire/seq-01/color/frame-000006.color.png 0.999997 0.00115567 -0.00204427 -0.0025835 -0.00115509 0.999999 0.000284976 0.00138593 0.00204459 -0.000282614 0.999998 -0.000834023 0.0 0.0 0.0 1.0
fire/seq-01/color/frame-000006.color.png fire/seq-01/color/frame-000007.color.png 0.999994 0.00319556 -0.000877157 -0.00239891 -0.00319378 0.999993 0.0020297 0.00208967 0.000883639 -0.00202689 0.999998 -0.00103049 0.0 0.0 0.0 1.0
fire/seq-01/color/frame-000007.color.png fire/seq-01/color/frame-000008.color.png 0.999998 0.00128389 0.00116114 -0.00176329 -0.00128877 0.99999 0.00421131 -8.8024e-05 -0.00115572 -0.0042128 0.99999 0.000818555 0.0 0.0 0.0 1.0
fire/seq-01/color/frame-000008.color.png fire/seq-01/color/frame-000009.color.png 1.0 0.000174323 0.000749248 -0.00288613 -0.000175912 0.999998 0.00212348 0.000605516 -0.000748876 -0.00212361 0.999997 8.31652e-05 0.0 0.0 0.0 1.0
fire/seq-01/color/frame-000009.color.png fire/seq-01/color/frame-000010.color.png 0.999998 0.00182427 -0.00072447 -0.00233731 -0.00182314 0.999997 0.00155634 0.000451459 0.000727307 -0.00155502 0.999999 -0.000777187 0.0 0.0 0.0 1.0
fire/seq-01/color/frame-000010.color.png fire/seq-01/color/frame-000011.color.png 0.999992 0.00371037 0.00174829 -0.0039661 -0.00371319 0.999992 0.00161266 0.0022957 -0.00174229 -0.00161914 0.999997 -0.00148661 0.0 0.0 0.0 1.0
fire/seq-01/color/frame-000011.color.png fire/seq-01/color/frame-000012.color.png 0.999995 0.000444377 0.00299898 -0.00568379 -0.00045561 0.999993 0.00374581 0.00126297 -0.00299729 -0.00374716 0.999988 -0.000580694 0.0 0.0 0.0 1.0
fire/seq-01/color/frame-000012.color.png fire/seq-01/color/frame-000013.color.png 0.999996 -0.00264376 -0.000628423 -0.0031962 0.00264592 0.999991 0.00344942 -0.00138685 0.000619296 -0.00345106 0.999994 0.000124066 0.0 0.0 0.0 1.0
fire/seq-01/color/frame-000013.color.png fire/seq-01/color/frame-000014.color.png 0.999998 0.0020489 -0.00081402 -0.000335865 -0.00204798 0.999997 0.00113129 0.000838071 0.000816333 -0.00112962 0.999999 8.23154e-05 0.0 0.0 0.0 1.0
fire/seq-01/color/frame-000014.color.png fire/seq-01/color/frame-000015.color.png 0.999987 0.00124742 0.00493841 -0.00545501 -0.00125794 0.999997 0.00212687 -0.000766725 -0.00493574 -0.00213306 0.999986 -0.000943879 0.0 0.0 0.0 1.0
fire/seq-01/color/frame-000015.color.png fire/seq-01/color/frame-000016.color.png 0.999991 -0.00192656 0.0038614 -0.00746183 0.00192128 0.999997 0.0013704 -0.00308704 -0.00386403 -0.00136297 0.999992 -0.000836322 0.0 0.0 0.0 1.0
fire/seq-01/color/frame-000016.color.png fire/seq-01/color/frame-000017.color.png 0.999999 0.00112277 -4.44705e-05 -0.00284893 -0.00112286 0.999997 -0.00213476 0.00254628 4.20738e-05 0.00213481 0.999998 -0.00126398 0.0 0.0 0.0 1.0
fire/seq-01/color/frame-000017.color.png fire/seq-01/color/frame-000018.color.png 0.999981 -0.00285855 0.00552026 -0.00744062 0.00284855 0.999994 0.00181793 0.000877767 -0.00552542 -0.00180217 0.999983 -0.000855178 0.0 0.0 0.0 1.0
fire/seq-01/color/frame-000018.color.png fire/seq-01/color/frame-000019.color.png 0.999989 -0.00291515 0.00363841 -0.00707448 0.00290404 0.999991 0.00305453 -0.00367942 -0.00364728 -0.00304393 0.999989 0.000334788 0.0 0.0 0.0 1.0
fire/seq-01/color/frame-000019.color.png fire/seq-01/color/frame-000020.color.png 0.999999 0.00149264 0.000913853 -0.00483642 -0.00149066 0.999996 -0.00217022 0.00226463 -0.00091709 0.00216886 0.999997 0.000344265 0.0 0.0 0.0 1.0
fire/seq-01/color/frame-000020.color.png fire/seq-01/color/frame-000021.color.png 0.999991 9.26129e-05 0.0042303 -0.00729029 -9.56226e-05 1.0 0.000711002 0.000261784 -0.00423023 -0.000711398 0.999991 -0.00160392 0.0 0.0 0.0 1.0
fire/seq-01/color/frame-000021.color.png fire/seq-01/color/frame-000022.color.png 0.999987 -0.00281301 0.00431228 -0.00868717 0.00280166 0.999993 0.00263504 -0.00373203 -0.00431966 -0.00262293 0.999987 0.00198662 0.0 0.0 0.0 1.0
fire/seq-01/color/frame-000022.color.png fire/seq-01/color/frame-000023.color.png 0.999998 6.26496e-05 0.00184512 -0.00447351 -6.02518e-05 0.999999 -0.00130048 -0.00244417 -0.0018452 0.00130037 0.999997 0.00104203 0.0 0.0 0.0 1.0
fire/seq-01/color/frame-000023.color.png fire/seq-01/color/frame-000024.color.png 0.999982 -0.00367543 0.00471951 -0.0128428 0.00369889 0.999981 -0.00497306 0.00108715 -0.00470114 0.00499043 0.999976 -0.000692183 0.0 0.0 0.0 1.0
fire/seq-01/color/frame-000024.color.png fire/seq-01/color/frame-000025.color.png 0.999993 -0.00364753 0.00033734 -0.0084841 0.00364878 0.999986 -0.00378155 0.000516839 -0.000323542 0.00378276 0.999993 -2.33548e-05 0.0 0.0 0.0 1.0
fire/seq-01/color/frame-000025.color.png fire/seq-01/color/frame-000026.color.png 0.999997 -0.0011452 0.00193489 -0.00717814 0.00114789 0.999998 -0.00138717 0.00133294 -0.00193329 0.00138938 0.999997 -0.000846651 0.0 0.0 0.0 1.0
fire/seq-01/color/frame-000026.color.png fire/seq-01/color/frame-000027.color.png 0.999986 -0.00258186 0.00471572 -0.00929976 0.00258007 0.999996 0.000383712 0.00142151 -0.0047167 -0.000371536 0.999989 -0.00137299 0.0 0.0 0.0 1.0
fire/seq-01/color/frame-000027.color.png fire/seq-01/color/frame-000028.color.png 0.999959 -0.00538116 0.00727926 -0.0163458 0.00536021 0.999981 0.00289498 -0.00515007 -0.0072947 -0.00285583 0.999969 0.00271448 0.0 0.0 0.0 1.0
fire/seq-01/color/frame-000028.color.png fire/seq-01/color/frame-000029.color.png 0.999998 -0.00164825 0.00120627 -0.00468726 0.00164918 0.999998 -0.000770247 -0.00347332 -0.001205 0.000772224 0.999999 0.00166914 0.0 0.0 0.0 1.0
fire/seq-01/color/frame-000029.color.png fire/seq-01/color/frame-000030.color.png 0.999979 -0.00116349 0.00635583 -0.0120419 0.00118725 0.999992 -0.00373604 0.000128341 -0.00635142 0.00374352 0.999973 -0.00150315 0.0 0.0 0.0 1.0
fire/seq-01/color/frame-000030.color.png fire/seq-01/color/frame-000031.color.png 0.99998 -0.00498943 0.00384191 -0.0119965 0.00500398 0.99998 -0.00378673 0.000672166 -0.00382295 0.00380588 0.999985 -0.00393387 0.0 0.0 0.0 1.0
fire/seq-01/color/frame-000031.color.png fire/seq-01/color/frame-000032.color.png 0.999984 -0.0026879 0.00492822 -0.0119919 0.00268539 0.999996 0.000515501 -0.00146696 -0.00492958 -0.00050226 0.999988 0.00358522 0.0 0.0 0.0 1.0
fire/seq-01/color/frame-000032.color.png fire/seq-01/color/frame-000033.color.png 0.999949 -0.00531273 0.00856322 -0.0122713 0.00531116 0.999986 0.000205435 -0.00459773 -0.0085642 -0.000159941 0.999963 -0.000678113 0.0 0.0 0.0 1.0
fire/seq-01/color/frame-000033.color.png fire/seq-01/color/frame-000034.color.png 0.999968 -0.00655775 0.00452099 -0.0131239 0.00657333 0.999972 -0.00344112 -0.00133158 -0.0044983 0.00347073 0.999984 -0.00317948 0.0 0.0 0.0 1.0
fire/seq-01/color/frame-000034.color.png fire/seq-01/color/frame-000035.color.png 0.999999 -0.00169079 5.83923e-05 -0.00559215 0.00169087 0.999998 -0.00119703 -0.00317474 -5.63663e-05 0.00119713 0.999999 0.00357535 0.0 0.0 0.0 1.0
fire/seq-01/color/frame-000035.color.png fire/seq-01/color/frame-000036.color.png 0.999996 0.00248974 0.00117964 -0.00357148 -0.00248386 0.999985 -0.00495967 -0.000752568 -0.00119197 0.00495672 0.999987 0.0021354 0.0 0.0 0.0 1.0
fire/seq-01/color/frame-000036.color.png fire/seq-01/color/frame-000037.color.png 0.999959 0.00607939 0.00671493 -0.0114505 -0.00605357 0.999974 -0.00385819 0.00859514 -0.00673821 0.00381738 0.99997 -0.007945 0.0 0.0 0.0 1.0
fire/seq-01/color/frame-000037.color.png fire/seq-01/color/frame-000038.color.png 0.999973 0.00122625 0.0072736 -0.0132675 -0.00123172 0.999999 0.000746401 -0.00138904 -0.00727269 -0.00075534 0.999973 0.00164172 0.0 0.0 0.0 1.0
fire/seq-01/color/frame-000038.color.png fire/seq-01/color/frame-000039.color.png 0.999982 0.00030516 0.00606534 -0.0089279 -0.000371636 0.99994 0.0109626 -0.00295026 -0.00606162 -0.0109646 0.999922 0.000601231 0.0 0.0 0.0 1.0
fire/seq-01/color/frame-000039.color.png fire/seq-01/color/frame-000040.color.png 0.999969 -0.00469481 0.00626037 -0.00620887 0.00465844 0.999972 0.00581099 -0.00372806 -0.00628748 -0.00578165 0.999964 0.00311684 0.0 0.0 0.0 1.0
fire/seq-01/color/frame-000040.color.png fire/seq-01/color/frame-000041.color.png 0.999846 -0.0118663 0.0129259 -0.0179711 0.0118352 0.999927 0.00248366 -0.00518057 -0.0129544 -0.0023303 0.999913 -0.0070572 0.0 0.0 0.0 1.0
fire/seq-01/color/frame-000041.color.png fire/seq-01/color/frame-000042.color.png 0.999754 -0.0191538 0.0112073 -0.0283462 0.0191435 0.999816 0.00103295 0.00222744 -0.0112251 -0.000818148 0.999937 -0.00132233 0.0 0.0 0.0 1.0
fire/seq-01/color/frame-000042.color.png fire/seq-01/color/frame-000043.color.png 0.999966 -0.00557337 -0.00601225 0.0041337 0.0055832 0.999983 0.0016199 -0.00851629 0.00600311 -0.00165341 0.999981 0.00796022 0.0 0.0 0.0 1.0
fire/seq-01/color/frame-000043.color.png fire/seq-01/color/frame-000044.color.png 0.999954 0.00908542 -0.00309514 -0.000813156 -0.00911282 0.999918 -0.00895125 -0.00347617 0.00301359 0.00897905 0.999955 0.00195768 0.0 0.0 0.0 1.0
fire/seq-01/color/frame-000044.color.png fire/seq-01/color/frame-000045.color.png 0.999821 0.0111975 0.0152551 -0.0334066 -0.011117 0.999924 -0.00534974 -0.00137998 -0.0153139 0.00517919 0.999869 -0.00145508 0.0 0.0 0.0 1.0
fire/seq-01/color/frame-000045.color.png fire/seq-01/color/frame-000046.color.png 0.999986 0.00353083 0.0038907 -0.0122654 -0.00352072 0.99999 -0.00260271 0.00966544 -0.00389984 0.00258898 0.999989 -0.00251823 0.0 0.0 0.0 1.0
fire/seq-01/color/frame-000046.color.png fire/seq-01/color/frame-000047.color.png 0.999969 -0.00711991 0.00347382 -0.00784779 0.00706943 0.999872 0.0143363 -0.011706 -0.00357545 -0.0143113 0.999891 0.00136806 0.0 0.0 0.0 1.0
fire/seq-01/color/frame-000047.color.png fire/seq-01/color/frame-000048.color.png 1.0 -1.09352e-05 0.000128527 -0.000114173 1.08793e-05 1.0 0.000465545 -0.000643231 -0.000128565 -0.00046555 1.0 0.000179628 0.0 0.0 0.0 1.0
fire/seq-01/color/frame-000048.color.png fire/seq-01/color/frame-000049.color.png 0.999948 -0.00985228 0.00259947 -0.0117498 0.00983523 0.999931 0.0064907 -0.0100783 -0.00266318 -0.00646479 0.999976 0.00588264 0.0 0.0 0.0 1.0
fire/seq-01/color/frame-000049.color.png fire/seq-01/color/frame-000050.color.png 0.999994 0.00339572 -0.00102946 -0.00276875 -0.00340012 0.999985 -0.00429479 -0.0060665 0.00101484 0.00429827 0.99999 0.00734201 0.0 0.0 0.0 1.0
fire/seq-01/color/frame-000050.color.png fire/seq-01/color/frame-000051.color.png 0.999987 -0.000453767 0.00508088 -0.00977179 0.000477169 0.999989 -0.00460657 0.000550222 -0.0050787 0.00460892 0.999976 -0.000487294 0.0 0.0 0.0 1.0
fire/seq-01/color/frame-000051.color.png fire/seq-01/color/frame-000052.color.png 0.999985 -0.00537415 0.00114012 -0.00331333 0.00537803 0.99998 -0.00341484 0.000561338 -0.00112173 0.00342092 0.999993 0.00130551 0.0 0.0 0.0 1.0
fire/seq-01/color/frame-000052.color.png fire/seq-01/color/frame-000053.color.png 0.999986 -0.00417605 0.00328373 -0.00514108 0.00418624 0.999986 -0.00310123 0.007689 -0.00327073 0.00311493 0.99999 -4.38578e-05 0.0 0.0 0.0 1.0
fire/seq-01/color/frame-000053.color.png fire/seq-01/color/frame-000054.color.png 0.999955 -0.00832569 0.00457106 -0.00682575 0.00828814 0.999932 0.0081703 -0.00968226 -0.00463881 -0.00813205 0.999956 0.00218961 0.0 0.0 0.0 1.0
fire/seq-01/color/frame-000054.color.png fire/seq-01/color/frame-000055.color.png 0.999964 -0.00582765 0.00621174 -0.0149937 0.00582756 0.999983 3.53252e-05 -0.00680314 -0.00621184 8.78865e-07 0.999981 0.00682922 0.0 0.0 0.0 1.0
fire/seq-01/color/frame-000055.color.png fire/seq-01/color/frame-000056.color.png 1.0 -0.000281008 0.000316549 -0.000744462 0.000281095 1.0 -0.000269013 0.000517197 -0.000316469 0.00026911 1.0 6.35311e-05 0.0 0.0 0.0 1.0
fire/seq-01/color/frame-000056.color.png fire/seq-01/color/frame-000057.color.png 0.999997 0.00187497 0.00148665 -0.00317007 -0.00186576 0.999979 -0.00618317 0.0087034 -0.00149819 0.00618037 0.99998 -0.000516772 0.0 0.0 0.0 1.0
fire/seq-01/color/frame-000057.color.png fire/seq-01/color/frame-000058.color.png 0.999982 -0.0019675 0.00566306 -0.00133231 0.00193635 0.999983 0.00550436 0.0101499 -0.00567377 -0.0054933 0.999969 0.00421023 0.0 0.0 0.0 1.0
fire/seq-01/color/frame-000058.color.png fire/seq-01/color/frame-000059.color.png 0.999911 -0.00971137 0.00914504 -0.00559196 0.00957286 0.999841 0.0150697 -0.0120371 -0.00928998 -0.0149808 0.999845 0.00375709 0.0 0.0 0.0 1.0
fire/seq-01/color/frame-000059.color.png fire/seq-01/color/frame-000060.color.png 0.999911 -0.00885312 0.00994756 -0.0142117 0.00869126 0.999831 0.0161981 -0.0277706 -0.0100893 -0.0161102 0.999819 0.00435358 0.0 0.0 0.0 1.0
fire/seq-01/color/frame-000060.color.png fire/seq-01/color/frame-000061.color.png 0.999989 5.4092e-05 0.00465646 -0.00788513 -1.98458e-05 0.999973 -0.00735027 0.00825609 -0.00465673 0.00735012 0.999962 0.00753131 0.0 0.0 0.0 1.0
fire/seq-01/color/frame-000061.color.png fire/seq-01/color/frame-000062.color.png 0.999996 0.00135082 0.0025251 0.00469762 -0.00134969 0.999999 -0.00046148 0.00217515 -0.00252571 0.000458061 0.999997 0.0041391 0.0 0.0 0.0 1.0
fire/seq-01/color/frame-000062.color.png fire/seq-01/color/frame-000063.color.png 0.999843 -0.00651467 0.0164912 -0.0172631 0.00630947 0.999902 0.0124651 -0.0203937 -0.0165708 -0.0123591 0.999786 -0.00011345 0.0 0.0 0.0 1.0
fire/seq-01/color/frame-000063.color.png fire/seq-01/color/frame-000064.color.png 0.999936 -0.00816965 0.00778416 -0.00510314 0.00815773 0.999965 0.00156223 -0.00358692 -0.00779665 -0.00149862 0.999968 0.00524278 0.0 0.0 0.0 1.0
fire/seq-01/color/frame-000064.color.png fire/seq-01/color/frame-000065.color.png 1.0 0.000119843 0.000606956 -0.000991195 -0.000119972 1.0 0.000210232 -0.000306189 -0.000606927 -0.000210307 1.0 0.000398241 0.0 0.0 0.0 1.0
fire/seq-01/color/frame-000065.color.png fire/seq-01/color/frame-000066.color.png 0.999787 -0.00780055 0.019122 -0.0177479 0.00770009 0.999956 0.00532135 -0.0114707 -0.0191626 -0.00517298 0.999803 0.00448485 0.0 0.0 0.0 1.0
fire/seq-01/color/frame-000066.color.png fire/seq-01/color/frame-000067.color.png 0.999792 -0.0142592 0.0146023 -0.0108604 0.0142973 0.999895 -0.0025058 0.000762448 -0.0145651 0.00271405 0.99989 0.00270426 0.0 0.0 0.0 1.0
fire/seq-01/color/frame-000067.color.png fire/seq-01/color/frame-000068.color.png 0.999754 -0.0189769 0.0114418 -0.0119069 0.0189902 0.999819 -0.00106104 -0.00517264 -0.0114196 0.00127805 0.999934 0.00491318 0.0 0.0 0.0 1.0
fire/seq-01/color/frame-000068.color.png fire/seq-01/color/frame-000069.color.png 0.999863 -0.0146999 0.00759983 -0.00127196 0.0147748 0.999842 -0.00989742 0.00788115 -0.00745313 0.0100084 0.999922 0.00697106 0.0 0.0 0.0 1.0
fire/seq-01/color/frame-000069.color.png fire/seq-01/color/frame-000070.color.png 0.999803 -0.0151071 0.0128927 -0.00921446 0.0150892 0.999885 0.00148648 -0.00680833 -0.0129136 -0.00129163 0.999916 0.00171416 0.0 0.0 0.0 1.0
fire/seq-01/color/frame-000070.color.png fire/seq-01/color/frame-000071.color.png 0.999729 -0.0142843 0.0183823 -0.0201523 0.0142529 0.999897 0.00183649 -0.0120472 -0.0184067 -0.00157399 0.999829 0.00746427 0.0 0.0 0.0 1.0
fire/seq-01/color/frame-000071.color.png fire/seq-01/color/frame-000072.color.png 0.999875 -0.0109746 0.0113639 -0.00896272 0.0110598 0.999911 -0.00746496 0.00187697 -0.0112809 0.00758971 0.999908 0.00383796 0.0 0.0 0.0 1.0
fire/seq-01/color/frame-000072.color.png fire/seq-01/color/frame-000073.color.png 0.99989 -0.01167 0.00914516 -0.00634238 0.0117417 0.9999 -0.00783898 0.00986275 -0.00905271 0.0079455 0.999927 0.00228071 0.0 0.0 0.0 1.0
fire/seq-01/color/frame-000073.color.png fire/seq-01/color/frame-000074.color.png 0.999887 -0.0117127 0.00942355 -0.00800335 0.0117332 0.999929 -0.00212362 0.00546184 -0.00939811 0.00223394 0.999953 0.00409418 0.0 0.0 0.0 1.0
fire/seq-01/color/frame-000074.color.png fire/seq-01/color/frame-000075.color.png 0.999869 -0.0144714 0.00721347 -0.00670344 0.014459 0.999894 0.00175182 -0.000716254 -0.00723805 -0.00164729 0.999972 0.00341921 0.0 0.0 0.0 1.0
fire/seq-01/color/frame-000075.color.png fire/seq-01/color/frame-000076.color.png 0.999885 -0.0123998 0.0087864 -0.0119228 0.0123275 0.99989 0.0082396 -0.012604 -0.0088876 -0.00813034 0.999928 0.00504322 0.0 0.0 0.0 1.0
fire/seq-01/color/frame-000076.color.png fire/seq-01/color/frame-000077.color.png 0.999975 -0.00173069 0.00683745 -0.0114788 0.00168615 0.999977 0.00651332 -0.01151 -0.00684864 -0.00650164 0.999955 -0.000637844 0.0 0.0 0.0 1.0
fire/seq-01/color/frame-000077.color.png fire/seq-01/color/frame-000078.color.png 0.999992 -0.00376396 0.00119107 0.00601423 0.0037622 0.999992 0.00142904 -0.00720944 -0.00119636 -0.00142453 0.999998 0.00714339 0.0 0.0 0.0 1.0
fire/seq-01/color/frame-000078.color.png fire/seq-01/color/frame-000079.color.png 0.999878 3.01869e-05 0.0156013 -0.0100607 -5.89872e-05 0.999998 0.00184456 -0.00911517 -0.0156012 -0.00184525 0.999877 -0.000329241 0.0 0.0 0.0 1.0
fire/seq-01/color/frame-000079.color.png fire/seq-01/color/frame-000080.color.png 0.999806 -0.00640403 0.0186457 -0.0149441 0.00641772 0.999979 -0.000671783 -0.00245661 -0.018641 0.000791304 0.999826 -0.00079675 0.0 0.0 0.0 1.0
fire/seq-01/color/frame-000080.color.png fire/seq-01/color/frame-000081.color.png 0.999945 -0.00562291 0.00890779 -0.0091632 0.00560169 0.999981 0.00240621 -0.00611451 -0.00892117 -0.00235615 0.999957 0.000548407 0.0 0.0 0.0 1.0
fire/seq-01/color/frame-000081.color.png fire/seq-01/color/frame-000082.color.png 0.999964 -0.00367548 0.00772301 -0.00521016 0.00362865 0.999975 0.00606365 -0.00615296 -0.00774504 -0.00603542 0.999952 0.000923485 0.0 0.0 0.0 1.0
fire/seq-01/color/frame-000082.color.png fire/seq-01/color/frame-000083.color.png 0.999912 -0.00853234 0.0101905 -0.00602245 0.00848316 0.999952 0.00486238 -0.00629258 -0.0102316 -0.00477552 0.999936 0.00188917 0.0 0.0 0.0 1.0
fire/seq-01/color/frame-000083.color.png fire/seq-01/color/frame-000084.color.png 0.999918 -0.00678424 0.0108622 -0.00537896 0.00677373 0.999977 0.00100317 -0.0115583 -0.0108687 -0.000929536 0.99994 0.00518021 0.0 0.0 0.0 1.0
fire/seq-01/color/frame-000084.color.png fire/seq-01/color/frame-000085.color.png 0.999879 0.000962833 0.0155173 -0.011802 -0.000919809 0.999996 -0.00278067 -0.00236446 -0.0155199 0.00276605 0.999876 -0.00338194 0.0 0.0 0.0 1.0
fire/seq-01/color/frame-000085.color.png fire/seq-01/color/frame-000086.color.png 0.99984 -0.00713259 0.0163954 -0.0144029 0.00708436 0.99997 0.0029964 -0.0107321 -0.0164163 -0.00287972 0.999861 -0.00300637 0.0 0.0 0.0 1.0
fire/seq-01/color/frame-000086.color.png fire/seq-01/color/frame-000087.color.png 0.999906 -0.00534912 0.0126323 -0.00632459 0.00540474 0.999976 -0.00437026 -0.00314239 -0.0126087 0.00443808 0.999911 -0.000146419 0.0 0.0 0.0 1.0
fire/seq-01/color/frame-000087.color.png fire/seq-01/color/frame-000088.color.png 0.999874 -0.00457032 0.0151811 -0.00931364 0.00458733 0.999989 -0.00108786 -0.00014165 -0.0151758 0.00115741 0.999884 -0.00255591 0.0 0.0 0.0 1.0
fire/seq-01/color/frame-000088.color.png fire/seq-01/color/frame-000089.color.png 0.999796 -0.00861841 0.0182634 -0.0131013 0.00858903 0.999962 0.001686 -0.00171265 -0.0182773 -0.00152884 0.999832 -0.0010004 0.0 0.0 0.0 1.0
fire/seq-01/color/frame-000089.color.png fire/seq-01/color/frame-000090.color.png 0.999788 -0.0136496 0.0154168 -0.0139157 0.0136525 0.999907 -7.87575e-05 -0.00642905 -0.0154144 0.000289237 0.999881 -0.000496984 0.0 0.0 0.0 1.0
fire/seq-01/color/frame-000090.color.png fire/seq-01/color/frame-000091.color.png 0.999873 -0.00780058 0.0138677 -0.00940412 0.00786357 0.999959 -0.00449585 -0.000528365 -0.0138319 0.00460431 0.999894 0.00249037 0.0 0.0 0.0 1.0
fire/seq-01/color/frame-000091.color.png fire/seq-01/color/frame-000092.color.png 0.999834 -0.0086596 0.016014 -0.0141876 0.00875897 0.999943 -0.00614839 0.00135869 -0.0159598 0.00628764 0.999853 -0.0017381 0.0 0.0 0.0 1.0
fire/seq-01/color/frame-000092.color.png fire/seq-01/color/frame-000093.color.png 0.999788 -0.0118468 0.0168606 -0.0143706 0.0119099 0.999922 -0.00364914 -0.00477761 -0.0168161 0.00384919 0.999851 -0.00259018 0.0 0.0 0.0 1.0
fire/seq-01/color/frame-000093.color.png fire/seq-01/color/frame-000094.color.png 0.99984 -0.0078145 0.0161134 -0.0133818 0.00788628 0.999959 -0.00439248 -0.00076583 -0.0160784 0.00451881 0.999861 -0.00322014 0.0 0.0 0.0 1.0
fire/seq-01/color/frame-000094.color.png fire/seq-01/color/frame-000095.color.png 0.999707 -0.0103629 0.0218799 -0.0193434 0.0104135 0.999943 -0.00220669 -0.00207245 -0.0218558 0.00243393 0.999758 -0.00339842 0.0 0.0 0.0 1.0
fire/seq-01/color/frame-000095.color.png fire/seq-01/color/frame-000096.color.png 0.999761 -0.010773 0.0190395 -0.018414 0.0108902 0.999922 -0.00605914 0.00192347 -0.0189727 0.00626502 0.9998 -0.000636429 0.0 0.0 0.0 1.0
fire/seq-01/color/frame-000096.color.png fire/seq-01/color/frame-000097.color.png 0.999801 -0.0135804 0.0145793 -0.0139793 0.0136396 0.999899 -0.00397611 -0.00227058 -0.0145239 0.00417422 0.999886 -0.00308874 0.0 0.0 0.0 1.0
fire/seq-01/color/frame-000097.color.png fire/seq-01/color/frame-000098.color.png 0.999751 -0.0124286 0.0185072 -0.0183955 0.0125185 0.99991 -0.00475006 -0.0036355 -0.0184466 0.0049805 0.999817 -0.00320134 0.0 0.0 0.0 1.0
fire/seq-01/color/frame-000098.color.png fire/seq-01/color/frame-000099.color.png 0.999706 -0.00995634 0.0221202 -0.0277377 0.0100857 0.999933 -0.0057439 0.000139862 -0.0220615 0.00596538 0.999739 0.000598669 0.0 0.0 0.0 1.0
fire/seq-01/color/frame-000099.color.png fire/seq-01/color/frame-000100.color.png 0.9999 -0.00940489 0.0105548 -0.012385 0.00944997 0.999946 -0.00422573 0.00143436 -0.0105145 0.00432502 0.999936 -0.00334021 0.0 0.0 0.0 1.0
fire/seq-01/color/frame-000100.color.png fire/seq-01/color/frame-000101.color.png 0.999853 -0.00985941 0.0140039 -0.0145681 0.00986684 0.999951 -0.000455236 -0.00491771 -0.0139988 0.000593315 0.999902 -0.00114566 0.0 0.0 0.0 1.0
fire/seq-01/color/frame-000101.color.png fire/seq-01/color/frame-000102.color.png 0.999885 -0.0105991 0.0108382 -0.0105354 0.0106154 0.999943 -0.00144834 -0.00567341 -0.0108222 0.0015632 0.99994 -0.00379229 0.0 0.0 0.0 1.0
fire/seq-01/color/frame-000102.color.png fire/seq-01/color/frame-000103.color.png 0.999863 -0.00814453 0.0144249 -0.0138394 0.00814744 0.999967 -0.000137644 -0.00547147 -0.0144233 0.000255204 0.999896 -0.00553393 0.0 0.0 0.0 1.0
fire/seq-01/color/frame-000103.color.png fire/seq-01/color/frame-000104.color.png 0.999883 -0.00464471 0.0145837 -0.0131025 0.00466013 0.999989 -0.00102999 -0.00518572 -0.0145787 0.00109781 0.999893 -0.00729421 0.0 0.0 0.0 1.0
fire/seq-01/color/frame-000104.color.png fire/seq-01/color/frame-000105.color.png 0.999893 -0.00616461 0.0132373 -0.010627 0.00626599 0.999951 -0.00762927 0.00327283 -0.0131898 0.00771138 0.999883 -0.00386682 0.0 0.0 0.0 1.0
fire/seq-01/color/frame-000105.color.png fire/seq-01/color/frame-000106.color.png 0.999891 -0.00794461 0.0124261 -0.0121155 0.00799088 0.999961 -0.00367837 -0.0067631 -0.0123963 0.00377726 0.999916 -0.00399616 0.0 0.0 0.0 1.0
fire/seq-01/color/frame-000106.color.png fire/seq-01/color/frame-000107.color.png 0.99994 -0.00157403 0.0108416 -0.00747389 0.00163176 0.999985 -0.0053059 -0.00494808 -0.010833 0.00532329 0.999927 -0.0017496 0.0 0.0 0.0 1.0
fire/seq-01/color/frame-000107.color.png fire/seq-01/color/frame-000108.color.png 0.999936 -0.00224882 0.0110957 -0.00987619 0.00224472 0.999997 0.000379741 -0.0124998 -0.0110965 -0.000354783 0.999938 -0.00436878 0.0 0.0 0.0 1.0
fire/seq-01/color/frame-000108.color.png fire/seq-01/color/frame-000109.color.png 0.999959 -3.56896e-05 0.00900306 -0.00904685 6.37545e-05 0.999995 -0.00313164 -0.00494438 -0.00900282 0.00313209 0.999955 -0.00238428 0.0 0.0 0.0 1.0
fire/seq-01/color/frame-000109.color.png fire/seq-01/color/frame-000110.color.png 0.999977 -0.00272239 0.00615973 -0.00635785 0.0027516 0.999985 -0.00471645 -0.00433558 -0.00614685 0.00473326 0.99997 0.000142336 0.0 0.0 0.0 1.0
fire/seq-01/color/frame-000110.color.png fire/seq-01/color/frame-000111.color.png 0.999927 0.0062785 0.010299 -0.0105355 -0.00624239 0.999974 -0.00354146 -0.0145532 -0.010321 0.00347687 0.999941 -0.00319001 0.0 0.0 0.0 1.0
fire/seq-01/color/frame-000111.color.png fire/seq-01/color/frame-000112.color.png 0.999979 -0.0003853 0.00640829 -0.00537407 0.000363426 0.999994 0.00341997 -0.0170776 -0.00640949 -0.00341749 0.999974 0.00157672 0.0 0.0 0.0 1.0
fire/seq-01/color/frame-000112.color.png fire/seq-01/color/frame-000113.color.png 0.99999 0.00452751 0.000204833 -0.00287187 -0.00452597 0.999965 -0.00710989 0.00193226 -0.000237067 0.00710886 0.999975 0.000414819 0.0 0.0 0.0 1.0
fire/seq-01/color/frame-000113.color.png fire/seq-01/color/frame-000114.color.png 0.99998 0.00181105 -0.00608633 0.00698131 -0.00183017 0.999993 -0.00313 -0.00678515 0.00608072 0.00314111 0.999977 0.00299019 0.0 0.0 0.0 1.0
fire/seq-01/color/frame-000114.color.png fire/seq-01/color/frame-000115.color.png 0.999944 0.009656 -0.00427753 0.00379145 -0.00967048 0.999947 -0.00342606 -0.00635242 0.00424412 0.00346717 0.999985 0.00174776 0.0 0.0 0.0 1.0
fire/seq-01/color/frame-000115.color.png fire/seq-01/color/frame-000116.color.png 0.999743 0.0196849 -0.0112474 0.00455827 -0.019702 0.999805 -0.001406 -0.0247176 0.0112175 0.00162722 0.999936 0.0127948 0.0 0.0 0.0 1.0
fire/seq-01/color/frame-000116.color.png fire/seq-01/color/frame-000117.color.png 0.999744 0.0197855 -0.0110171 0.0115911 -0.019865 0.999777 -0.00715115 -0.00680733 0.0108731 0.00736808 0.999914 0.00383875 0.0 0.0 0.0 1.0
fire/seq-01/color/frame-000117.color.png fire/seq-01/color/frame-000118.color.png 0.99987 0.0155508 -0.00419181 -0.0017789 -0.0155609 0.999876 -0.0023837 -0.0167933 0.00415428 0.0024487 0.999988 0.00461334 0.0 0.0 0.0 1.0
fire/seq-01/color/frame-000118.color.png fire/seq-01/color/frame-000119.color.png 0.999838 0.0131796 -0.0122766 0.00670493 -0.0132052 0.999911 -0.00200905 -0.0135816 0.0122489 0.00217079 0.999923 0.00513938 0.0 0.0 0.0 1.0
fire/seq-01/color/frame-000119.color.png fire/seq-01/color/frame-000120.color.png 0.99929 0.028005 -0.0251898 0.0212818 -0.0281251 0.999595 -0.00442934 -0.0233144 0.0250556 0.00513467 0.999673 0.0187378 0.0 0.0 0.0 1.0
fire/seq-01/color/frame-000120.color.png fire/seq-01/color/frame-000121.color.png 0.999779 0.0140958 -0.0155825 0.0174133 -0.0140866 0.999901 0.000704601 -0.00946736 0.0155909 -0.000484897 0.999878 0.00118974 0.0 0.0 0.0 1.0
fire/seq-01/color/frame-000121.color.png fire/seq-01/color/frame-000122.color.png 0.999824 0.00918229 -0.0163442 0.015143 -0.00918281 0.999958 4.36557e-05 -0.0033192 0.016344 0.000106445 0.999866 -0.000964731 0.0 0.0 0.0 1.0
fire/seq-01/color/frame-000122.color.png fire/seq-01/color/frame-000123.color.png 0.999958 0.00470843 -0.00780063 0.000364959 -0.00464397 0.999955 0.00826179 -0.0176246 0.00783908 -0.00822523 0.999935 0.00814098 0.0 0.0 0.0 1.0
fire/seq-01/color/frame-000123.color.png fire/seq-01/color/frame-000124.color.png 0.999976 0.0066701 0.00166956 -0.0155741 -0.00667636 0.999971 0.00376343 -0.0119988 -0.00164431 -0.00377448 0.999992 0.00742847 0.0 0.0 0.0 1.0
fire/seq-01/color/frame-000124.color.png fire/seq-01/color/frame-000125.color.png 0.999596 0.00853107 -0.0271225 0.0358064 -0.00854188 0.999963 -0.000286232 -0.00418222 0.0271189 0.000517744 0.999632 0.00175393 0.0 0.0 0.0 1.0
fire/seq-01/color/frame-000125.color.png fire/seq-01/color/frame-000126.color.png 0.999111 0.0255921 -0.0334905 0.0269176 -0.0258595 0.999637 -0.00757628 0.00795269 0.0332846 0.0084356 0.99941 0.0118806 0.0 0.0 0.0 1.0
fire/seq-01/color/frame-000126.color.png fire/seq-01/color/frame-000127.color.png 0.999837 0.0100681 -0.0149775 0.00885218 -0.0100545 0.999949 0.000982822 -0.00809294 0.0149865 -0.000832053 0.999887 0.00896031 0.0 0.0 0.0 1.0
fire/seq-01/color/frame-000127.color.png fire/seq-01/color/frame-000128.color.png 0.999857 0.00958911 -0.0139622 0.00747859 -0.0095695 0.999953 0.00146821 -0.00846094 0.0139757 -0.00133436 0.999902 0.00792205 0.0 0.0 0.0 1.0
fire/seq-01/color/frame-000128.color.png fire/seq-01/color/frame-000129.color.png 0.99978 0.0122887 -0.0169767 0.0110812 -0.0123204 0.999923 -0.00176015 -0.00371671 0.0169537 0.00196891 0.999854 0.00882348 0.0 0.0 0.0 1.0
fire/seq-01/color/frame-000129.color.png fire/seq-01/color/frame-000130.color.png 0.999971 0.00304039 0.00693638 -0.0275271 -0.00317552 0.999804 0.0195524 -0.0434312 -0.00687542 -0.0195739 0.999785 0.0249608 0.0 0.0 0.0 1.0
fire/seq-01/color/frame-000130.color.png fire/seq-01/color/frame-000131.color.png 0.99982 0.0153976 -0.0111227 0.00711232 -0.0153467 0.999871 0.00463725 -0.0170406 0.0111927 -0.00446575 0.999927 0.00954631 0.0 0.0 0.0 1.0
fire/seq-01/color/frame-000131.color.png fire/seq-01/color/frame-000132.color.png 0.999854 0.0119909 -0.0121567 0.00888109 -0.0120104 0.999927 -0.00153581 -0.00646472 0.0121373 0.00168161 0.999925 0.00557339 0.0 0.0 0.0 1.0
fire/seq-01/color/frame-000132.color.png fire/seq-01/color/frame-000133.color.png 0.999869 0.00912982 -0.0133635 0.00751138 -0.00916272 0.999955 -0.00239487 -0.00511169 0.0133411 0.00251702 0.999908 0.00823236 0.0 0.0 0.0 1.0
fire/seq-01/color/frame-000133.color.png fire/seq-01/color/frame-000134.color.png 0.999854 0.00950028 -0.0141847 0.0113505 -0.00946965 0.999953 0.00222229 -0.0136036 0.0142052 -0.00208762 0.999897 0.00659314 0.0 0.0 0.0 1.0
fire/seq-01/color/frame-000134.color.png fire/seq-01/color/frame-000135.color.png 0.999901 0.00844081 -0.0112517 0.0113193 -0.00848434 0.999957 -0.00382402 -0.000283897 0.011219 0.00391911 0.999929 0.00818947 0.0 0.0 0.0 1.0
fire/seq-01/color/frame-000135.color.png fire/seq-01/color/frame-000136.color.png 0.999887 0.00584132 -0.0138677 0.00728869 -0.00591645 0.999968 -0.0053848 0.00210983 0.0138358 0.00546625 0.999889 0.00263688 0.0 0.0 0.0 1.0
fire/seq-01/color/frame-000136.color.png fire/seq-01/color/frame-000137.color.png 0.999933 0.00806359 -0.00829236 0.00231189 -0.00803915 0.999963 0.00297884 -0.0112063 0.00831607 -0.00291198 0.999961 0.0103815 0.0 0.0 0.0 1.0
fire/seq-01/color/frame-000137.color.png fire/seq-01/color/frame-000138.color.png 0.999841 0.00995904 -0.0147624 0.0149775 -0.0100526 0.99993 -0.0062787 0.00260472 0.0146987 0.00642608 0.999871 0.00727868 0.0 0.0 0.0 1.0
fire/seq-01/color/frame-000138.color.png fire/seq-01/color/frame-000139.color.png 0.999866 0.011965 -0.0111316 0.00948119 -0.0119743 0.999928 -0.000767828 -0.0056569 0.0111216 0.000901024 0.999938 0.00277105 0.0 0.0 0.0 1.0
fire/seq-01/color/frame-000139.color.png fire/seq-01/color/frame-000140.color.png 0.999884 0.0121216 -0.00922584 0.00523418 -0.0121457 0.999923 -0.00255441 -0.00485986 0.00919428 0.00266619 0.999954 0.00877663 0.0 0.0 0.0 1.0
fire/seq-01/color/frame-000140.color.png fire/seq-01/color/frame-000141.color.png 0.999821 0.00961699 -0.0163047 0.0166443 -0.00962817 0.999953 -0.000610079 -0.00502384 0.016298 0.000766959 0.999867 -0.00123465 0.0 0.0 0.0 1.0
fire/seq-01/color/frame-000141.color.png fire/seq-01/color/frame-000142.color.png 0.9999 0.0108757 -0.00902926 0.00805861 -0.010879 0.999941 -0.000313071 -0.00284326 0.00902533 0.000411266 0.999959 0.000699073 0.0 0.0 0.0 1.0
fire/seq-01/color/frame-000142.color.png fire/seq-01/color/frame-000143.color.png 0.999837 0.0118747 -0.0135728 0.0148702 -0.0118984 0.999928 -0.00167672 -0.00479233 0.0135519 0.00183794 0.999907 0.00617138 0.0 0.0 0.0 1.0
fire/seq-01/color/frame-000143.color.png fire/seq-01/color/frame-000144.color.png 0.999868 0.01117 -0.0118197 0.00840825 -0.0111607 0.999937 0.000854306 -0.006459 0.0118285 -0.000722284 0.99993 -0.00512409 0.0 0.0 0.0 1.0
fire/seq-01/color/frame-000144.color.png fire/seq-01/color/frame-000145.color.png 0.99994 0.00779945 -0.00765764 0.00654978 -0.00775131 0.99995 0.00629561 -0.0110818 0.00770628 -0.00623588 0.999951 0.00285652 0.0 0.0 0.0 1.0
fire/seq-01/color/frame-000145.color.png fire/seq-01/color/frame-000146.color.png 0.999909 0.00677785 -0.0116308 0.0103927 -0.00679136 0.999976 -0.00112403 0.00169647 0.0116228 0.00120291 0.999932 0.00297648 0.0 0.0 0.0 1.0
fire/seq-01/color/frame-000146.color.png fire/seq-01/color/frame-000147.color.png 0.999844 0.0122977 -0.0126739 0.012709 -0.0122756 0.999923 0.00182577 -0.00532019 0.0126956 -0.0016699 0.999918 0.00313687 0.0 0.0 0.0 1.0
fire/seq-01/color/frame-000147.color.png fire/seq-01/color/frame-000148.color.png 0.999749 0.00990235 -0.0201105 0.0257519 -0.00977707 0.999932 0.00632001 -0.010243 0.0201716 -0.00612181 0.999778 -0.00819209 0.0 0.0 0.0 1.0
fire/seq-01/color/frame-000148.color.png fire/seq-01/color/frame-000149.color.png 0.999929 0.00628239 -0.0100738 0.00708991 -0.00629291 0.99998 -0.00101223 0.00459784 0.0100673 0.00107555 0.999949 0.00314736 0.0 0.0 0.0 1.0
fire/seq-01/color/frame-000149.color.png fire/seq-01/color/frame-000150.color.png 0.999883 0.00848801 -0.0127195 0.00992775 -0.00847015 0.999963 0.00146118 -0.00303036 0.0127314 -0.00135325 0.999918 0.00471395 0.0 0.0 0.0 1.0
fire/seq-01/color/frame-000150.color.png fire/seq-01/color/frame-000151.color.png 0.999875 0.00930172 -0.0128132 0.00988007 -0.00923879 0.999945 0.00495668 -0.00565207 0.0128586 -0.00483769 0.999906 -0.00364745 0.0 0.0 0.0 1.0
fire/seq-01/color/frame-000151.color.png fire/seq-01/color/frame-000152.color.png 0.999974 0.00353023 -0.00636843 -0.001809 -0.00350721 0.999987 0.00362397 1.37091e-05 0.0063811 -0.00360156 0.999973 0.00367829 0.0 0.0 0.0 1.0
fire/seq-01/color/frame-000152.color.png fire/seq-01/color/frame-000153.color.png 0.999797 0.00957241 -0.0177479 0.0128495 -0.00964417 0.999946 -0.00396312 0.0108808 0.017709 0.00413351 0.999834 0.00386809 0.0 0.0 0.0 1.0
fire/seq-01/color/frame-000153.color.png fire/seq-01/color/frame-000154.color.png 0.999771 0.0115536 -0.0179967 0.0138782 -0.0114022 0.999899 0.00849654 -0.011594 0.018093 -0.00828941 0.999802 0.00334305 0.0 0.0 0.0 1.0
fire/seq-01/color/frame-000154.color.png fire/seq-01/color/frame-000155.color.png 0.999843 0.00863793 -0.015481 0.00985301 -0.00862958 0.999963 0.000606669 0.00348955 0.0154857 -0.000472979 0.99988 0.00342245 0.0 0.0 0.0 1.0
fire/seq-01/color/frame-000155.color.png fire/seq-01/color/frame-000156.color.png 0.99987 0.00919979 -0.0132646 0.00567907 -0.00908186 0.999919 0.00892411 -0.0115139 0.0133457 -0.00880248 0.999872 0.00341749 0.0 0.0 0.0 1.0
fire/seq-01/color/frame-000156.color.png fire/seq-01/color/frame-000157.color.png 0.999805 0.011241 -0.0162448 0.0106511 -0.0112279 0.999937 0.000895678 0.00575513 0.0162539 -0.000713094 0.999868 0.00350156 0.0 0.0 0.0 1.0
fire/seq-01/color/frame-000157.color.png fire/seq-01/color/frame-000158.color.png 0.99983 0.00728754 -0.0169272 0.00875169 -0.00723271 0.999968 0.00329838 -0.000789464 0.0169507 -0.0031754 0.999851 0.00157526 0.0 0.0 0.0 1.0
fire/seq-01/color/frame-000158.color.png fire/seq-01/color/frame-000159.color.png 0.999863 0.0108509 -0.0125119 0.00624084 -0.0107016 0.999871 0.0119396 -0.0134462 0.0126398 -0.011804 0.99985 0.00944704 0.0 0.0 0.0 1.0
fire/seq-01/color/frame-000159.color.png fire/seq-01/color/frame-000160.color.png 0.999746 0.0123478 -0.0188769 0.0152606 -0.0121907 0.99989 0.00841446 -0.00694001 0.0189787 -0.0081822 0.999786 0.000554323 0.0 0.0 0.0 1.0
fire/seq-01/color/frame-000160.color.png fire/seq-01/color/frame-000161.color.png 0.999905 0.00350282 -0.0133413 0.00281906 -0.00335438 0.999932 0.011132 -0.00708333 0.0133794 -0.0110862 0.999849 -0.000363976 0.0 0.0 0.0 1.0
fire/seq-01/color/frame-000161.color.png fire/seq-01/color/frame-000162.color.png 0.999948 0.00538107 -0.00871584 -0.00161403 -0.00531162 0.999954 0.00797216 -0.000848442 0.00875836 -0.00792544 0.99993 0.00619139 0.0 0.0 0.0 1.0
fire/seq-01/color/frame-000162.color.png fire/seq-01/color/frame-000163.color.png 1.0 0.000142107 -0.000453387 0.000874817 -0.000142489 1.0 -0.000848769 0.00153574 0.000453235 0.000848833 1.0 0.000124142 0.0 0.0 0.0 1.0
fire/seq-01/color/frame-000163.color.png fire/seq-01/color/frame-000164.color.png 0.999967 0.00253151 -0.00767385 -0.00540298 -0.00248916 0.999982 0.00552283 0.00137994 0.00768768 -0.00550354 0.999955 0.0045581 0.0 0.0 0.0 1.0
fire/seq-01/color/frame-000164.color.png fire/seq-01/color/frame-000165.color.png 0.999924 0.00516551 -0.0112318 0.00489265 -0.00508657 0.999962 0.0070459 -0.00319797 0.0112678 -0.00698823 0.999912 0.000188187 0.0 0.0 0.0 1.0
fire/seq-01/color/frame-000165.color.png fire/seq-01/color/frame-000166.color.png 1.0 1.42015e-05 0.00058114 -0.00114489 -1.38745e-05 1.0 -0.000555253 0.000997007 -0.000581113 0.000555245 1.0 -5.52237e-05 0.0 0.0 0.0 1.0
fire/seq-01/color/frame-000166.color.png fire/seq-01/color/frame-000167.color.png 0.999969 0.00326193 -0.00714468 0.00318968 -0.00321074 0.999969 0.00716446 -0.00491479 0.0071678 -0.0071413 0.999949 -0.00203067 0.0 0.0 0.0 1.0
fire/seq-01/color/frame-000167.color.png fire/seq-01/color/frame-000168.color.png 0.999972 0.00128347 -0.00740629 0.0031907 -0.00125813 0.999993 0.00342544 0.00259987 0.00741062 -0.00341603 0.999967 0.000117794 0.0 0.0 0.0 1.0
fire/seq-01/color/frame-000168.color.png fire/seq-01/color/frame-000169.color.png 0.999973 0.00367333 -0.00637701 0.000336409 -0.00366009 0.999991 0.00208736 0.00153065 0.00638462 -0.00206396 0.999977 0.00308487 0.0 0.0 0.0 1.0
fire/seq-01/color/frame-000169.color.png fire/seq-01/color/frame-000170.color.png 0.999871 0.00747902 -0.0141756 0.0226082 -0.00766243 0.999887 -0.0129286 0.0249188 0.0140773 0.0130356 0.999816 -0.0118566 0.0 0.0 0.0 1.0
fire/seq-01/color/frame-000170.color.png fire/seq-01/color/frame-000171.color.png 0.999968 0.0040798 -0.00686956 0.00139302 -0.00406592 0.99999 0.00203359 0.00264788 0.00687781 -0.00200559 0.999974 -0.00214225 0.0 0.0 0.0 1.0
fire/seq-01/color/frame-000171.color.png fire/seq-01/color/frame-000172.color.png 0.99996 0.00609526 -0.00662702 0.00324005 -0.00606133 0.999969 0.00512718 -0.001991 0.00665805 -0.0050868 0.999965 -0.00238113 0.0 0.0 0.0 1.0
fire/seq-01/color/frame-000172.color.png fire/seq-01/color/frame-000173.color.png 0.999976 0.00404441 -0.00562419 0.00329059 -0.00403998 0.999992 0.000799564 0.00339308 0.00562737 -0.000776824 0.999984 0.000650972 0.0 0.0 0.0 1.0
fire/seq-01/color/frame-000173.color.png fire/seq-01/color/frame-000174.color.png 0.999993 0.00103338 -0.00367607 -0.00270212 -0.00104591 0.999994 -0.00340662 0.00717568 0.00367254 0.00341044 0.999987 0.00353807 0.0 0.0 0.0 1.0
fire/seq-01/color/frame-000174.color.png fire/seq-01/color/frame-000175.color.png 1.0 5.4623e-05 -0.000367291 0.00048393 -5.46874e-05 1.0 -0.00018197 0.000229985 0.000367284 0.00018199 1.0 -0.000261396 0.0 0.0 0.0 1.0
fire/seq-01/color/frame-000175.color.png fire/seq-01/color/frame-000176.color.png 0.999942 0.00578492 -0.00911398 0.00497144 -0.00575241 0.999977 0.00358946 -0.00824341 0.00913454 -0.00353683 0.999952 0.00113824 0.0 0.0 0.0 1.0
