fire/seq-01/color/frame-000000.color.png fire/seq-01/color/frame-000002.color.png 0.99999 0.00167904 -0.00419551 -0.00364959 -0.00168143 0.999998 -0.000563999 0.00389081 0.00419456 0.000571048 0.999991 -0.00309174 0.0 0.0 0.0 1.0
fire/seq-01/color/frame-000001.color.png fire/seq-01/color/frame-000003.color.png 0.999991 0.00229435 -0.00354941 -0.00507494 -0.0022804 0.99999 0.0039301 0.00183577 0.00355839 -0.00392197 0.999986 -0.0015656 0.0 0.0 0.0 1.0
fire/seq-01/color/frame-000002.color.png fire/seq-01/color/frame-000004.color.png 0.999977 0.00208851 -0.00638383 -0.00252306 -0.00205706 0.999986 0.00492921 0.000257941 0.00639404 -0.00491597 0.999968 -0.000285047 0.0 0.0 0.0 1.0
fire/seq-01/color/frame-000003.color.png fire/seq-01/color/frame-000005.color.png 0.999974 0.00436265 -0.00566078 -0.00153037 -0.00434242 0.999984 0.00358114 0.000585241 0.00567632 -0.00355646 0.999978 0.00156219 0.0 0.0 0.0 1.0
fire/seq-01/color/frame-000004.color.png fire/seq-01/color/frame-000006.color.png 0.999987 0.00403541 -0.00322771 -0.00473656 -0.00402848 0.99999 0.00214899 0.00111543 0.00323635 -0.00213596 0.999992 0.000208233 0.0 0.0 0.0 1.0
fire/seq-01/color/frame-000005.color.png fire/seq-01/color/frame-000007.color.png 0.999984 0.00482176 -0.00288884 -0.00482985 -0.00481651 0.999987 0.00182387 0.00464222 0.00289759 -0.00180992 0.999994 -0.00137337 0.0 0.0 0.0 1.0
fire/seq-01/color/frame-000006.color.png fire/seq-01/color/frame-000008.color.png 0.999987 0.00519542 0.000284315 -0.0040775 -0.00519698 0.99997 0.00581547 0.00306895 -0.000254091 -0.00581686 0.999983 -0.000269847 0.0 0.0 0.0 1.0
fire/seq-01/color/frame-000007.color.png fire/seq-01/color/frame-000009.color.png 0.999996 0.000946195 0.00253314 -0.00603396 -0.000964733 0.999973 0.00732701 -0.00101951 -0.00252613 -0.00732943 0.99997 0.000225351 0.0 0.0 0.0 1.0
fire/seq-01/color/frame-000008.color.png fire/seq-01/color/frame-000010.color.png 0.999998 0.00183507 0.000525318 -0.00645442 -0.00183723 0.99999 0.00413862 4.74323e-05 -0.000517722 -0.00413958 0.999991 -0.00158394 0.0 0.0 0.0 1.0
fire/seq-01/color/frame-000009.color.png fire/seq-01/color/frame-000011.color.png 0.999983 0.00580361 0.000832769 -0.00606064 -0.00580631 0.999978 0.00327234 0.00243946 -0.00081376 -0.00327713 0.999994 -0.00320179 0.0 0.0 0.0 1.0
fire/seq-01/color/frame-000010.color.png fire/seq-01/color/frame-000012.color.png 0.999987 0.00354899 0.00374724 -0.00772131 -0.00356833 0.99998 0.00516729 0.00369278 -0.00372883 -0.00518059 0.99998 -0.00200253 0.0 0.0 0.0 1.0
fire/seq-01/color/frame-000011.color.png fire/seq-01/color/frame-000013.color.png 0.999995 -0.00245401 0.00223983 -0.00887495 0.00243737 0.99997 0.007402 -0.000418604 -0.00225792 -0.0073965 0.99997 -0.000488582 0.0 0.0 0.0 1.0
fire/seq-01/color/frame-000012.color.png fire/seq-01/color/frame-000014.color.png 1.0 0.000156357 -0.000368951 -0.00575165 -0.000154894 0.999992 0.00397289 0.000761648 0.000369568 -0.00397282 0.999992 0.00108669 0.0 0.0 0.0 1.0
fire/seq-01/color/frame-000013.color.png fire/seq-01/color/frame-000015.color.png 0.999987 0.00262193 0.00427886 -0.00575006 -0.00263673 0.999991 0.00345571 -0.000518384 -0.00426976 -0.00346695 0.999985 -0.000530719 0.0 0.0 0.0 1.0
fire/seq-01/color/frame-000014.color.png fire/seq-01/color/frame-000016.color.png 0.999959 -0.00138326 0.00897691 -0.0129869 0.00135474 0.999994 0.00318313 -0.00342139 -0.00898126 -0.00317084 0.999955 -0.0016914 0.0 0.0 0.0 1.0
fire/seq-01/color/frame-000015.color.png fire/seq-01/color/frame-000017.color.png 0.99999 -0.00061444 0.00431517 -0.0107743 0.000615492 1.0 -0.000242973 -0.00120977 -0.00431502 0.000245636 0.999991 -0.00171839 0.0 0.0 0.0 1.0
fire/seq-01/color/frame-000016.color.png fire/seq-01/color/frame-000018.color.png 0.999984 -0.00119262 0.00544158 -0.0100963 0.00119201 0.999999 0.000115466 0.00250963 -0.00544172 -0.000108976 0.999985 -0.00309152 0.0 0.0 0.0 1.0
fire/seq-01/color/frame-000017.color.png fire/seq-01/color/frame-000019.color.png 0.999949 -0.00478519 0.00886393 -0.0141845 0.00475171 0.999982 0.00379426 -0.000985742 -0.00888192 -0.00375196 0.999953 -0.00106415 0.0 0.0 0.0 1.0
fire/seq-01/color/frame-000018.color.png fire/seq-01/color/frame-000020.color.png 0.999984 -0.00212418 0.00532791 -0.0127046 0.00211634 0.999997 0.00147624 -0.00238258 -0.00533102 -0.00146493 0.999985 0.000692343 0.0 0.0 0.0 1.0
fire/seq-01/color/frame-000019.color.png fire/seq-01/color/frame-000021.color.png 0.999983 0.000765135 0.00572311 -0.0129072 -0.000760211 0.999999 -0.000862575 0.0014803 -0.00572377 0.000858202 0.999983 -0.000771164 0.0 0.0 0.0 1.0
fire/seq-01/color/frame-000020.color.png fire/seq-01/color/frame-000022.color.png 0.999978 -0.00274047 0.00603162 -0.0123565 0.00272455 0.999993 0.00264545 -0.00236086 -0.00603883 -0.00262896 0.999978 0.000812541 0.0 0.0 0.0 1.0
fire/seq-01/color/frame-000021.color.png fire/seq-01/color/frame-000023.color.png 0.999982 -0.00169043 0.00580762 -0.0130404 0.00169166 0.999999 -0.000206798 -0.00359668 -0.00580726 0.000216617 0.999983 0.00331818 0.0 0.0 0.0 1.0
fire/seq-01/color/frame-000022.color.png fire/seq-01/color/frame-000024.color.png 0.999975 -0.00278911 0.00653449 -0.0170617 0.00282579 0.99998 -0.00561168 -0.00262688 -0.00651872 0.00563 0.999963 0.000682755 0.0 0.0 0.0 1.0
fire/seq-01/color/frame-000023.color.png fire/seq-01/color/frame-000025.color.png 0.99996 -0.00843782 0.00301602 -0.0178116 0.00845828 0.999941 -0.00683837 -0.00201999 -0.00295814 0.00686361 0.999972 -0.00245785 0.0 0.0 0.0 1.0
fire/seq-01/color/frame-000024.color.png fire/seq-01/color/frame-000026.color.png 0.999981 -0.00514138 0.00326737 -0.0174848 0.00515357 0.99998 -0.00373446 -0.00014394 -0.0032481 0.00375124 0.999988 -0.00229393 0.0 0.0 0.0 1.0
fire/seq-01/color/frame-000025.color.png fire/seq-01/color/frame-000027.color.png 0.999968 -0.00328818 0.00730341 -0.0181079 0.00329274 0.999994 -0.000613296 0.00217825 -0.00730135 0.000637324 0.999973 -0.00280079 0.0 0.0 0.0 1.0
fire/seq-01/color/frame-000026.color.png fire/seq-01/color/frame-000028.color.png 0.999895 -0.00813644 0.0120098 -0.0255925 0.00808909 0.999959 0.00398638 -0.00511285 -0.0120417 -0.00388882 0.99992 -0.00200223 0.0 0.0 0.0 1.0
fire/seq-01/color/frame-000027.color.png fire/seq-01/color/frame-000029.color.png 0.999937 -0.00728693 0.00855292 -0.0211579 0.00727323 0.999972 0.00163234 -0.00789599 -0.00856459 -0.00157004 0.999962 0.00540421 0.0 0.0 0.0 1.0
fire/seq-01/color/frame-000028.color.png fire/seq-01/color/frame-000030.color.png 0.999982 -0.00276502 0.00533143 -0.013193 0.00278721 0.999988 -0.00415962 -0.00415693 -0.00531987 0.00417441 0.999977 0.000945777 0.0 0.0 0.0 1.0
fire/seq-01/color/frame-000029.color.png fire/seq-01/color/frame-000031.color.png 0.999898 -0.00631348 0.0128441 -0.0283413 0.0064174 0.999947 -0.00806534 0.00147597 -0.0127925 0.00814694 0.999885 -0.00348269 0.0 0.0 0.0 1.0
fire/seq-01/color/frame-000030.color.png fire/seq-01/color/frame-000032.color.png 0.999953 -0.00806325 0.00548144 -0.0180799 0.00808323 0.999961 -0.00363125 0.000203767 -0.00545196 0.00367539 0.999978 -0.004712 0.0 0.0 0.0 1.0
fire/seq-01/color/frame-000031.color.png fire/seq-01/color/frame-000033.color.png 0.999938 -0.00831156 0.00747015 -0.0137497 0.00831015 0.999965 0.000219982 -0.00466234 -0.00747171 -0.00015789 0.999972 0.000795473 0.0 0.0 0.0 1.0
fire/seq-01/color/frame-000032.color.png fire/seq-01/color/frame-000034.color.png 0.999651 -0.0111214 0.02397 -0.044684 0.0111165 0.999938 0.000337465 -0.0124514 -0.0239723 -7.08858e-05 0.999713 0.00263423 0.0 0.0 0.0 1.0
fire/seq-01/color/frame-000033.color.png fire/seq-01/color/frame-000035.color.png 0.99996 -0.0084152 0.0029083 -0.0158942 0.00842334 0.999961 -0.00280131 -0.00817341 -0.00288462 0.00282569 0.999992 -4.43299e-05 0.0 0.0 0.0 1.0
fire/seq-01/color/frame-000034.color.png fire/seq-01/color/frame-000036.color.png 0.999993 0.00140582 0.00339251 -0.0133536 -0.00138846 0.999986 -0.00511227 -0.00597751 -0.00339966 0.00510753 0.999981 0.00685611 0.0 0.0 0.0 1.0
fire/seq-01/color/frame-000035.color.png fire/seq-01/color/frame-000037.color.png 0.999763 0.0119834 0.018186 -0.0324218 -0.0118462 0.999901 -0.00763441 0.00615986 -0.0182757 0.00741716 0.999806 -0.00759762 0.0 0.0 0.0 1.0
fire/seq-01/color/frame-000036.color.png fire/seq-01/color/frame-000038.color.png 0.999945 0.00696228 0.0077874 -0.0131723 -0.00693288 0.999969 -0.00379611 0.00826257 -0.00781356 0.00374191 0.999962 -0.00720863 0.0 0.0 0.0 1.0
fire/seq-01/color/frame-000037.color.png fire/seq-01/color/frame-000039.color.png 0.999985 0.000177982 0.00554254 -0.00845315 -0.000230726 0.999955 0.00951822 -0.000716687 -0.00554062 -0.00951935 0.999939 0.00102905 0.0 0.0 0.0 1.0
fire/seq-01/color/frame-000038.color.png fire/seq-01/color/frame-000040.color.png 0.999928 -0.00621062 0.0102495 -0.0119325 0.00604102 0.999846 0.016496 -0.00579231 -0.0103504 -0.0164329 0.999811 0.0007105 0.0 0.0 0.0 1.0
fire/seq-01/color/frame-000039.color.png fire/seq-01/color/frame-000041.color.png 0.999638 -0.0178632 0.0201379 -0.0253882 0.0177197 0.999816 0.00728112 -0.00725852 -0.0202642 -0.00692164 0.999771 -0.00029919 0.0 0.0 0.0 1.0
fire/seq-01/color/frame-000040.color.png fire/seq-01/color/frame-000042.color.png 0.999252 -0.0304801 0.0237766 -0.0454861 0.0305166 0.999534 -0.00117376 0.00547661 -0.0237297 0.00189846 0.999717 -0.00552226 0.0 0.0 0.0 1.0
fire/seq-01/color/frame-000041.color.png fire/seq-01/color/frame-000043.color.png 0.999634 -0.0269768 0.00197871 -0.0197852 0.0269678 0.999627 0.00442734 -0.0101862 -0.0020974 -0.00437236 0.999988 0.00294632 0.0 0.0 0.0 1.0
fire/seq-01/color/frame-000042.color.png fire/seq-01/color/frame-000044.color.png 0.999972 0.00437613 -0.00614931 -0.00169349 -0.00439623 0.999985 -0.00325585 -0.0203559 0.00613497 0.00328279 0.999976 0.01 0.0 0.0 0.0 1.0
fire/seq-01/color/frame-000043.color.png fire/seq-01/color/frame-000045.color.png 0.999776 0.0191351 0.00906565 -0.0288582 -0.0190086 0.999724 -0.0138357 -0.00523211 -0.00932789 0.0136603 0.999863 -0.00294468 0.0 0.0 0.0 1.0
fire/seq-01/color/frame-000044.color.png fire/seq-01/color/frame-000046.color.png 0.999886 0.0127591 0.00804466 -0.025472 -0.0126686 0.999857 -0.0112076 0.0142497 -0.00818652 0.0111044 0.999905 -0.00705873 0.0 0.0 0.0 1.0
fire/seq-01/color/frame-000045.color.png fire/seq-01/color/frame-000047.color.png 0.999973 -0.00385039 0.00622878 -0.0184154 0.00379342 0.999951 0.00913451 0.00237576 -0.00626365 -0.00911064 0.999939 -0.00234343 0.0 0.0 0.0 1.0
fire/seq-01/color/frame-000046.color.png fire/seq-01/color/frame-000048.color.png 0.999967 -0.00789342 0.00192051 -0.00604811 0.00787515 0.999925 0.00933182 -0.00286889 -0.00199401 -0.00931639 0.999955 0.00136423 0.0 0.0 0.0 1.0
fire/seq-01/color/frame-000047.color.png fire/seq-01/color/frame-000049.color.png 0.999953 -0.00969479 -0.000322726 -0.0064202 0.00969724 0.999914 0.00878266 -0.0145002 0.000237552 -0.00878539 0.999961 0.00512342 0.0 0.0 0.0 1.0
fire/seq-01/color/frame-000048.color.png fire/seq-01/color/frame-000050.color.png 0.999968 -0.00773315 -0.00197113 -0.00821611 0.00774563 0.999949 0.00639918 -0.0235683 0.00192155 -0.00641424 0.999978 0.0123177 0.0 0.0 0.0 1.0
fire/seq-01/color/frame-000049.color.png fire/seq-01/color/frame-000051.color.png 0.999988 0.00206056 0.00445275 -0.0128234 -0.00202176 0.99996 -0.00869937 -0.00607898 -0.00447047 0.00869027 0.999952 0.00712535 0.0 0.0 0.0 1.0
fire/seq-01/color/frame-000050.color.png fire/seq-01/color/frame-000052.color.png 0.999937 -0.00515779 0.00997003 -0.0201412 0.00523515 0.999956 -0.00774949 0.000976689 -0.00992959 0.0078012 0.99992 -0.000463877 0.0 0.0 0.0 1.0
fire/seq-01/color/frame-000051.color.png fire/seq-01/color/frame-000053.color.png 0.999891 -0.0057079 0.0136036 -0.0247515 0.00580627 0.999957 -0.0072026 0.00986903 -0.013562 0.0072808 0.999881 0.00634329 0.0 0.0 0.0 1.0
fire/seq-01/color/frame-000052.color.png fire/seq-01/color/frame-000054.color.png 0.999642 -0.00959488 0.0249929 -0.0418402 0.00933362 0.999901 0.0105492 -0.0110884 -0.0250917 -0.0103122 0.999632 0.0026973 0.0 0.0 0.0 1.0
fire/seq-01/color/frame-000053.color.png fire/seq-01/color/frame-000055.color.png 0.999875 -0.0151249 0.00465101 -0.0104429 0.0150682 0.999815 0.0119867 -0.0230731 -0.00483145 -0.0119151 0.999917 0.00773268 0.0 0.0 0.0 1.0
fire/seq-01/color/frame-000054.color.png fire/seq-01/color/frame-000056.color.png 0.999964 -0.00733486 -0.00439797 0.00383592 0.00732962 0.999972 -0.00120455 -0.00472286 0.00440663 0.00117227 0.99999 0.00602466 0.0 0.0 0.0 1.0
fire/seq-01/color/frame-000055.color.png fire/seq-01/color/frame-000057.color.png 0.999998 0.00154753 0.00145794 -0.00311658 -0.00153714 0.999974 -0.00709746 0.0105811 -0.00146889 0.00709521 0.999974 0.0013057 0.0 0.0 0.0 1.0
fire/seq-01/color/frame-000056.color.png fire/seq-01/color/frame-000058.color.png 0.999982 0.00192287 0.00563416 -0.00252044 -0.00190403 0.999993 -0.00335177 0.0230379 -0.00564052 0.00334099 0.999979 0.00291278 0.0 0.0 0.0 1.0
fire/seq-01/color/frame-000057.color.png fire/seq-01/color/frame-000059.color.png 0.999804 -0.0122247 0.0155631 -0.00817469 0.0118776 0.999683 0.0222012 -0.00387681 -0.0158295 -0.022012 0.999632 0.00531073 0.0 0.0 0.0 1.0
fire/seq-01/color/frame-000058.color.png fire/seq-01/color/frame-000060.color.png 0.999656 -0.0217794 0.014578 -0.0112978 0.0214073 0.999453 0.0252084 -0.0288566 -0.0151191 -0.0248877 0.999576 0.0104266 0.0 0.0 0.0 1.0
fire/seq-01/color/frame-000059.color.png fire/seq-01/color/frame-000061.color.png 0.999937 -0.0088931 0.00679779 -0.00860417 0.00883286 0.999922 0.00884295 -0.0201798 -0.00687589 -0.00878235 0.999938 0.00965661 0.0 0.0 0.0 1.0
fire/seq-01/color/frame-000060.color.png fire/seq-01/color/frame-000062.color.png 0.999974 0.00568431 0.00451611 0.00161779 -0.00567028 0.999979 -0.00311715 0.00244839 -0.00453373 0.00309146 0.999985 0.0102248 0.0 0.0 0.0 1.0
fire/seq-01/color/frame-000061.color.png fire/seq-01/color/frame-000063.color.png 0.999505 -0.00209476 0.0313862 -0.0332939 0.0018116 0.999957 0.00904714 -0.011755 -0.0314038 -0.00898582 0.999466 0.0141042 0.0 0.0 0.0 1.0
fire/seq-01/color/frame-000062.color.png fire/seq-01/color/frame-000064.color.png 0.999583 -0.017269 0.0231429 -0.0199641 0.0169691 0.99977 0.0130914 -0.0218529 -0.0233637 -0.0126932 0.999646 0.0084448 0.0 0.0 0.0 1.0
fire/seq-01/color/frame-000063.color.png fire/seq-01/color/frame-000065.color.png 0.999942 -0.00813801 0.00710055 -0.00399348 0.00813882 0.999967 -8.76169e-05 -0.00117533 -0.00709958 0.000145406 0.999975 0.00585662 0.0 0.0 0.0 1.0
fire/seq-01/color/frame-000064.color.png fire/seq-01/color/frame-000066.color.png 0.999779 -0.00778316 0.019541 -0.0192498 0.00764918 0.999947 0.00692305 -0.0141428 -0.0195939 -0.00677203 0.999785 0.00202028 0.0 0.0 0.0 1.0
fire/seq-01/color/frame-000065.color.png fire/seq-01/color/frame-000067.color.png 0.999438 -0.0214962 0.0257141 -0.0146893 0.0215088 0.999769 -0.000212238 -0.00575662 -0.0257036 0.000765202 0.999669 0.00836058 0.0 0.0 0.0 1.0
fire/seq-01/color/frame-000066.color.png fire/seq-01/color/frame-000068.color.png 0.999098 -0.0323796 0.0274893 -0.0230716 0.032604 0.999438 -0.00775341 0.0027546 -0.0272228 0.00864267 0.999592 0.0127101 0.0 0.0 0.0 1.0
fire/seq-01/color/frame-000067.color.png fire/seq-01/color/frame-000069.color.png 0.999183 -0.034197 0.0215225 -0.0168731 0.0343982 0.999367 -0.00905059 -0.00124362 -0.0211994 0.00978353 0.999727 0.0105378 0.0 0.0 0.0 1.0
fire/seq-01/color/frame-000068.color.png fire/seq-01/color/frame-000070.color.png 0.999358 -0.0297056 0.0200085 -0.0103002 0.0298637 0.999525 -0.0076474 0.000383273 -0.0197719 0.00824001 0.99977 0.00643359 0.0 0.0 0.0 1.0
fire/seq-01/color/frame-000069.color.png fire/seq-01/color/frame-000071.color.png 0.998946 -0.0317511 0.0331475 -0.0327856 0.0317245 0.999496 0.00133088 -0.0151547 -0.0331731 -0.000277912 0.999449 0.00962292 0.0 0.0 0.0 1.0
fire/seq-01/color/frame-000070.color.png fire/seq-01/color/frame-000072.color.png 0.999248 -0.0275557 0.0272729 -0.0249635 0.0277569 0.99959 -0.00702647 -0.00757223 -0.0270681 0.00777818 0.999603 0.00860575 0.0 0.0 0.0 1.0
fire/seq-01/color/frame-000071.color.png fire/seq-01/color/frame-000073.color.png 0.999498 -0.0219477 0.0228338 -0.0189308 0.0222278 0.99968 -0.0120842 0.00640127 -0.0225612 0.0125857 0.999666 0.00897162 0.0 0.0 0.0 1.0
fire/seq-01/color/frame-000072.color.png fire/seq-01/color/frame-000074.color.png 0.999104 -0.0251656 0.0340269 -0.0404239 0.0249071 0.999658 0.00799998 -0.0152604 -0.0342166 -0.00714529 0.999389 0.00956707 0.0 0.0 0.0 1.0
fire/seq-01/color/frame-000073.color.png fire/seq-01/color/frame-000075.color.png 0.999443 -0.0265165 0.0202837 -0.0209491 0.026384 0.999629 0.00677121 -0.00730067 -0.0204557 -0.00623227 0.999771 0.00646698 0.0 0.0 0.0 1.0
fire/seq-01/color/frame-000074.color.png fire/seq-01/color/frame-000076.color.png 0.999536 -0.0255782 0.0165702 -0.0198867 0.0254028 0.99962 0.010706 -0.0145205 -0.0168378 -0.0102801 0.999805 0.00763926 0.0 0.0 0.0 1.0
fire/seq-01/color/frame-000075.color.png fire/seq-01/color/frame-000077.color.png 0.999904 -0.0108151 0.00871901 -0.0119126 0.010753 0.999917 0.00713916 -0.0110854 -0.00879555 -0.00704473 0.999936 0.00498961 0.0 0.0 0.0 1.0
fire/seq-01/color/frame-000076.color.png fire/seq-01/color/frame-000078.color.png 0.999992 -0.00367071 -0.00164189 0.011911 0.00366302 0.999982 -0.00468943 0.00422601 0.00165909 0.00468337 0.999988 0.00808991 0.0 0.0 0.0 1.0
fire/seq-01/color/frame-000077.color.png fire/seq-01/color/frame-000079.color.png 0.999949 -0.0053336 0.00852518 0.00937995 0.00533351 0.999986 2.24162e-05 -0.01139 -0.00852522 2.3072e-05 0.999964 0.00390178 0.0 0.0 0.0 1.0
fire/seq-01/color/frame-000078.color.png fire/seq-01/color/frame-000080.color.png 0.999568 -0.00727974 0.0284859 -0.0154952 0.00729211 0.999973 -0.00033183 -0.00935674 -0.0284828 0.000539396 0.999594 -0.00265491 0.0 0.0 0.0 1.0
fire/seq-01/color/frame-000079.color.png fire/seq-01/color/frame-000081.color.png 0.999227 -0.00996034 0.0380331 -0.0415518 0.0100177 0.999949 -0.00131743 -0.00113076 -0.038018 0.00169743 0.999276 0.0031946 0.0 0.0 0.0 1.0
fire/seq-01/color/frame-000080.color.png fire/seq-01/color/frame-000082.color.png 0.999831 -0.00737185 0.0168564 -0.0135545 0.00737511 0.999973 -0.000131293 0.00367993 -0.016855 0.000255579 0.999858 0.00384614 0.0 0.0 0.0 1.0
fire/seq-01/color/frame-000081.color.png fire/seq-01/color/frame-000083.color.png 0.999764 -0.0125958 0.0176776 -0.0110283 0.0123535 0.999829 0.0137527 -0.0172936 -0.0178477 -0.0135311 0.999749 0.00119016 0.0 0.0 0.0 1.0
fire/seq-01/color/frame-000082.color.png fire/seq-01/color/frame-000084.color.png 0.999215 -0.0167869 0.0358966 -0.0382543 0.0159665 0.999607 0.0230229 -0.0473579 -0.036269 -0.0224317 0.99909 0.00676152 0.0 0.0 0.0 1.0
fire/seq-01/color/frame-000083.color.png fire/seq-01/color/frame-000085.color.png 0.999723 -0.00529703 0.0229335 -0.0115367 0.0054419 0.999966 -0.0062597 -0.00653157 -0.0228996 0.00638278 0.999717 0.00419858 0.0 0.0 0.0 1.0
fire/seq-01/color/frame-000084.color.png fire/seq-01/color/frame-000086.color.png 0.999567 -0.00551273 0.0289142 -0.0194979 0.00556126 0.999983 -0.00159733 -0.0103105 -0.028905 0.00175745 0.999581 -0.00218827 0.0 0.0 0.0 1.0
fire/seq-01/color/frame-000085.color.png fire/seq-01/color/frame-000087.color.png 0.99951 -0.0110761 0.0292937 -0.0203046 0.0111978 0.999929 -0.00399284 -0.00871369 -0.0292473 0.00431892 0.999563 -2.61962e-05 0.0 0.0 0.0 1.0
fire/seq-01/color/frame-000086.color.png fire/seq-01/color/frame-000088.color.png 0.999606 -0.00829348 0.026817 -0.0161121 0.00859211 0.999902 -0.0110413 0.00662586 -0.0267227 0.0112673 0.999579 -0.00420049 0.0 0.0 0.0 1.0
fire/seq-01/color/frame-000087.color.png fire/seq-01/color/frame-000089.color.png 0.999373 -0.0148015 0.0321713 -0.0221418 0.0146291 0.999877 0.00558837 -0.011708 -0.0322501 -0.00511422 0.999467 -0.00695589 0.0 0.0 0.0 1.0
fire/seq-01/color/frame-000088.color.png fire/seq-01/color/frame-000090.color.png 0.9991 -0.0220522 0.0362442 -0.0302671 0.0217815 0.999732 0.00784526 -0.0171056 -0.0364074 -0.00704872 0.999312 -0.000977308 0.0 0.0 0.0 1.0
fire/seq-01/color/frame-000089.color.png fire/seq-01/color/frame-000091.color.png 0.999415 -0.0218827 0.0262816 -0.0168837 0.0221289 0.999714 -0.00911083 0.000429749 -0.0260746 0.00968708 0.999613 0.00485867 0.0 0.0 0.0 1.0
fire/seq-01/color/frame-000090.color.png fire/seq-01/color/frame-000092.color.png 0.999471 -0.016988 0.0277144 -0.0167072 0.0172692 0.999801 -0.00993983 -0.00150749 -0.02754 0.0104132 0.999566 0.00341278 0.0 0.0 0.0 1.0
fire/seq-01/color/frame-000091.color.png fire/seq-01/color/frame-000093.color.png 0.998954 -0.0230858 0.0394759 -0.0398353 0.0230908 0.999733 0.000326021 -0.0207019 -0.039473 0.000585801 0.99922 -0.00574994 0.0 0.0 0.0 1.0
fire/seq-01/color/frame-000092.color.png fire/seq-01/color/frame-000094.color.png 0.999178 -0.0148159 0.0377307 -0.0345067 0.0154298 0.999753 -0.0160332 0.0104687 -0.037484 0.0166022 0.999159 0.00222218 0.0 0.0 0.0 1.0
fire/seq-01/color/frame-000093.color.png fire/seq-01/color/frame-000095.color.png 0.999167 -0.0183077 0.0364646 -0.0309865 0.0185644 0.999805 -0.00671486 -0.00228444 -0.0363345 0.00738627 0.999312 -0.00724289 0.0 0.0 0.0 1.0
fire/seq-01/color/frame-000094.color.png fire/seq-01/color/frame-000096.color.png 0.999033 -0.0217954 0.0381798 -0.0344445 0.0221168 0.999723 -0.00801585 -0.000803262 -0.0379945 0.00885251 0.999239 -0.00595567 0.0 0.0 0.0 1.0
fire/seq-01/color/frame-000095.color.png fire/seq-01/color/frame-000097.color.png 0.99912 -0.0243426 0.034169 -0.033742 0.0246757 0.999652 -0.0093621 -0.00172615 -0.033929 0.010197 0.999372 -0.00418523 0.0 0.0 0.0 1.0
fire/seq-01/color/frame-000096.color.png fire/seq-01/color/frame-000098.color.png 0.999091 -0.0247532 0.0347069 -0.034086 0.0251046 0.999637 -0.00972282 -0.0033924 -0.0344536 0.0105853 0.99935 -0.00509506 0.0 0.0 0.0 1.0
fire/seq-01/color/frame-000097.color.png fire/seq-01/color/frame-000099.color.png 0.999075 -0.024489 0.0353373 -0.0364296 0.0249464 0.99961 -0.0125617 4.84884e-05 -0.035016 0.0134316 0.999296 -0.00300834 0.0 0.0 0.0 1.0
fire/seq-01/color/frame-000098.color.png fire/seq-01/color/frame-000100.color.png 0.999305 -0.0226656 0.0295854 -0.0350015 0.0229225 0.999702 -0.00837555 -0.00315326 -0.0293868 0.00904787 0.999527 -0.00385171 0.0 0.0 0.0 1.0
fire/seq-01/color/frame-000099.color.png fire/seq-01/color/frame-000101.color.png 0.999434 -0.0205493 0.0266383 -0.0312684 0.0206239 0.999784 -0.00252941 -0.00831389 -0.0265807 0.00307735 0.999642 -0.00525665 0.0 0.0 0.0 1.0
fire/seq-01/color/frame-000100.color.png fire/seq-01/color/frame-000102.color.png 0.999507 -0.0198816 0.024315 -0.0256703 0.0199523 0.999797 -0.00266587 -0.00924134 -0.0242571 0.00314969 0.999701 -0.0077337 0.0 0.0 0.0 1.0
fire/seq-01/color/frame-000101.color.png fire/seq-01/color/frame-000103.color.png 0.999625 -0.0158327 0.0223531 -0.0180466 0.0158968 0.99987 -0.00269773 -0.0085893 -0.0223075 0.00305205 0.999746 -0.00874522 0.0 0.0 0.0 1.0
fire/seq-01/color/frame-000102.color.png fire/seq-01/color/frame-000104.color.png 0.999298 -0.0170397 0.033377 -0.0345944 0.0167934 0.99983 0.00764277 -0.0276588 -0.0335016 -0.00707687 0.999414 -0.0116384 0.0 0.0 0.0 1.0
fire/seq-01/color/frame-000103.color.png fire/seq-01/color/frame-000105.color.png 0.999243 -0.0163243 0.0353071 -0.0351177 0.0161981 0.999861 0.00385831 -0.0243758 -0.0353652 -0.00328343 0.999369 -0.00875685 0.0 0.0 0.0 1.0
fire/seq-01/color/frame-000104.color.png fire/seq-01/color/frame-000106.color.png 0.999533 -0.0139326 0.027182 -0.0230783 0.0142083 0.999849 -0.00997088 -0.00481147 -0.027039 0.0103524 0.999581 -0.00315049 0.0 0.0 0.0 1.0
fire/seq-01/color/frame-000105.color.png fire/seq-01/color/frame-000107.color.png 0.999742 -0.00684709 0.0216759 -0.0140566 0.00713561 0.999887 -0.0132612 -0.00268075 -0.0215826 0.0134124 0.999677 -0.000488788 0.0 0.0 0.0 1.0
fire/seq-01/color/frame-000106.color.png fire/seq-01/color/frame-000108.color.png 0.999763 -0.000966437 0.0217669 -0.0190316 0.00118357 0.99995 -0.00996411 -0.00839758 -0.0217562 0.00998757 0.999713 -0.00969604 0.0 0.0 0.0 1.0
fire/seq-01/color/frame-000107.color.png fire/seq-01/color/frame-000109.color.png 0.999793 -0.000337421 0.0203328 -0.0185982 0.000470936 0.999978 -0.00655965 -0.00983304 -0.0203301 0.00656787 0.999772 -0.00716981 0.0 0.0 0.0 1.0
fire/seq-01/color/frame-000108.color.png fire/seq-01/color/frame-000110.color.png 0.999867 -0.00207555 0.0161624 -0.0177364 0.00221541 0.99996 -0.00865055 -0.00815767 -0.0161438 0.00868529 0.999832 -0.002873 0.0 0.0 0.0 1.0
fire/seq-01/color/frame-000109.color.png fire/seq-01/color/frame-000111.color.png 0.999876 0.00198078 0.0156195 -0.016122 -0.00175259 0.999892 -0.0146107 -0.00768155 -0.0156469 0.0145816 0.999771 -0.00417858 0.0 0.0 0.0 1.0
fire/seq-01/color/frame-000110.color.png fire/seq-01/color/frame-000112.color.png 0.999889 0.00555978 0.013855 -0.0124049 -0.00554225 0.999984 -0.00130136 -0.029736 -0.0138622 0.0012244 0.999903 -0.00258416 0.0 0.0 0.0 1.0
fire/seq-01/color/frame-000111.color.png fire/seq-01/color/frame-000113.color.png 0.999961 0.00479972 0.00739195 -0.00898898 -0.00479772 0.999988 -0.000284138 -0.0208721 -0.00739314 0.000248743 0.999973 0.00303185 0.0 0.0 0.0 1.0
fire/seq-01/color/frame-000112.color.png fire/seq-01/color/frame-000114.color.png 0.999908 0.0132601 -0.00278839 -0.00123852 -0.0132967 0.999819 -0.0136051 0.00299758 0.00260746 0.0136408 0.999904 0.00171959 0.0 0.0 0.0 1.0
fire/seq-01/color/frame-000113.color.png fire/seq-01/color/frame-000115.color.png 0.999896 0.0138228 -0.00423212 -0.000656545 -0.0138335 0.999901 -0.0025018 -0.0197427 0.00419722 0.00256016 0.999988 0.00574499 0.0 0.0 0.0 1.0
fire/seq-01/color/frame-000114.color.png fire/seq-01/color/frame-000116.color.png 0.999275 0.0318613 -0.0208479 0.0147938 -0.0320673 0.999439 -0.00962083 -0.0232433 0.0205299 0.0102826 0.999736 0.00911221 0.0 0.0 0.0 1.0
fire/seq-01/color/frame-000115.color.png fire/seq-01/color/frame-000117.color.png 0.999067 0.0367692 -0.0226687 0.0122028 -0.0369639 0.999283 -0.00822831 -0.0332228 0.0223498 0.00905855 0.999709 0.0121651 0.0 0.0 0.0 1.0
fire/seq-01/color/frame-000116.color.png fire/seq-01/color/frame-000118.color.png 0.999221 0.0317141 -0.0234702 0.0220684 -0.0318483 0.999478 -0.00536596 -0.0300304 0.0232877 0.00610914 0.99971 0.0038406 0.0 0.0 0.0 1.0
fire/seq-01/color/frame-000117.color.png fire/seq-01/color/frame-000119.color.png 0.998829 0.0370264 -0.0311456 0.0327274 -0.0373556 0.999251 -0.0100541 -0.0179023 0.03075 0.0112058 0.999464 0.00391546 0.0 0.0 0.0 1.0
fire/seq-01/color/frame-000118.color.png fire/seq-01/color/frame-000120.color.png 0.998417 0.0438602 -0.0352165 0.024021 -0.0441271 0.999003 -0.0068387 -0.0349941 0.0348814 0.00838189 0.999356 0.0271383 0.0 0.0 0.0 1.0
fire/seq-01/color/frame-000119.color.png fire/seq-01/color/frame-000121.color.png 0.998784 0.0389632 -0.0302195 0.0165498 -0.0390247 0.999237 -0.0014472 -0.0361413 0.0301401 0.00262471 0.999542 0.0217365 0.0 0.0 0.0 1.0
fire/seq-01/color/frame-000120.color.png fire/seq-01/color/frame-000122.color.png 0.999617 0.0188848 -0.0202096 0.0112125 -0.0187644 0.999805 0.00613014 -0.0226542 0.0203215 -0.00574855 0.999777 0.00361139 0.0 0.0 0.0 1.0
fire/seq-01/color/frame-000121.color.png fire/seq-01/color/frame-000123.color.png 0.999755 0.0143926 -0.0168268 0.00568634 -0.0142281 0.99985 0.00985856 -0.023438 0.0169661 -0.00961676 0.99981 0.0138784 0.0 0.0 0.0 1.0
fire/seq-01/color/frame-000122.color.png fire/seq-01/color/frame-000124.color.png 0.999802 0.0147241 -0.0134058 0.000399113 -0.0146503 0.999877 0.00557431 -0.0171391 0.013486 -0.00537682 0.999895 0.0170605 0.0 0.0 0.0 1.0
fire/seq-01/color/frame-000123.color.png fire/seq-01/color/frame-000125.color.png 0.999675 0.014541 -0.0209461 0.0119172 -0.0144263 0.99988 0.00561378 -0.0190085 0.0210251 -0.00530982 0.999765 0.00775918 0.0 0.0 0.0 1.0
fire/seq-01/color/frame-000124.color.png fire/seq-01/color/frame-000126.color.png 0.998815 0.0306675 -0.0377981 0.0229375 -0.030483 0.999521 0.00544966 -0.0202576 0.0379471 -0.00429101 0.99927 0.0201954 0.0 0.0 0.0 1.0
fire/seq-01/color/frame-000125.color.png fire/seq-01/color/frame-000127.color.png 0.998812 0.0282285 -0.0397312 0.0186601 -0.0280255 0.999591 0.00565711 -0.0230391 0.0398747 -0.00453685 0.999194 0.0226712 0.0 0.0 0.0 1.0
fire/seq-01/color/frame-000126.color.png fire/seq-01/color/frame-000128.color.png 0.999504 0.0164415 -0.0268682 0.0107439 -0.0162402 0.999839 0.00769482 -0.0257177 0.0269904 -0.00725468 0.999609 0.0150712 0.0 0.0 0.0 1.0
fire/seq-01/color/frame-000127.color.png fire/seq-01/color/frame-000129.color.png 0.999295 0.0211445 -0.0310294 0.0184439 -0.021175 0.999776 -0.000654124 -0.0120462 0.0310085 0.00131072 0.999518 0.0172656 0.0 0.0 0.0 1.0
fire/seq-01/color/frame-000128.color.png fire/seq-01/color/frame-000130.color.png 0.9995 0.0191251 -0.0251959 0.00666106 -0.0188888 0.999776 0.00958301 -0.0327951 0.0253737 -0.00910229 0.999637 0.0256805 0.0 0.0 0.0 1.0
fire/seq-01/color/frame-000129.color.png fire/seq-01/color/frame-000131.color.png 0.999644 0.0213757 -0.0159631 -0.00218403 -0.021098 0.999627 0.0173655 -0.0484723 0.0163284 -0.0170225 0.999722 0.028617 0.0 0.0 0.0 1.0
fire/seq-01/color/frame-000130.color.png fire/seq-01/color/frame-000132.color.png 0.999271 0.0260017 -0.0279526 0.0243771 -0.0259592 0.999661 0.00188399 -0.0214341 0.0279921 -0.00115698 0.999607 0.0133869 0.0 0.0 0.0 1.0
fire/seq-01/color/frame-000131.color.png fire/seq-01/color/frame-000133.color.png 0.999411 0.0222905 -0.0260919 0.0172998 -0.0224207 0.999738 -0.00470578 -0.00949925 0.0259801 0.00528798 0.999648 0.0140373 0.0 0.0 0.0 1.0
fire/seq-01/color/frame-000132.color.png fire/seq-01/color/frame-000134.color.png 0.99927 0.020555 -0.0321966 0.025255 -0.0207581 0.999767 -0.00599107 -0.00721163 0.0320659 0.00665503 0.999463 0.0136716 0.0 0.0 0.0 1.0
fire/seq-01/color/frame-000133.color.png fire/seq-01/color/frame-000135.color.png 0.999503 0.0169556 -0.0265919 0.0232162 -0.0170218 0.999853 -0.00226527 -0.0121001 0.0265495 0.00271678 0.999644 0.0100273 0.0 0.0 0.0 1.0
fire/seq-01/color/frame-000134.color.png fire/seq-01/color/frame-000136.color.png 0.999551 0.0137314 -0.0266393 0.0200322 -0.0139721 0.999863 -0.00886565 0.000470996 0.026514 0.00923388 0.999606 0.0091897 0.0 0.0 0.0 1.0
fire/seq-01/color/frame-000135.color.png fire/seq-01/color/frame-000137.color.png 0.99963 0.0138816 -0.0233796 0.0101064 -0.0139612 0.999897 -0.00324248 -0.00816905 0.0233322 0.00356771 0.999721 0.0121226 0.0 0.0 0.0 1.0
fire/seq-01/color/frame-000136.color.png fire/seq-01/color/frame-000138.color.png 0.999605 0.0184576 -0.0211995 0.0126737 -0.0184851 0.999829 -0.00110576 -0.0129437 0.0211755 0.0014972 0.999775 0.0179087 0.0 0.0 0.0 1.0
fire/seq-01/color/frame-000137.color.png fire/seq-01/color/frame-000139.color.png 0.99942 0.0222542 -0.0257873 0.0230934 -0.0223147 0.999749 -0.0020613 -0.0119349 0.0257348 0.00263557 0.999665 0.00806579 0.0 0.0 0.0 1.0
fire/seq-01/color/frame-000138.color.png fire/seq-01/color/frame-000140.color.png 0.999427 0.0196859 -0.0275144 0.0268304 -0.0198455 0.999788 -0.00553985 -0.00592113 0.0273995 0.00608272 0.999606 0.00975493 0.0 0.0 0.0 1.0
fire/seq-01/color/frame-000139.color.png fire/seq-01/color/frame-000141.color.png 0.999559 0.0178078 -0.023757 0.0196106 -0.0179197 0.999829 -0.00450525 -0.00758743 0.0236728 0.00492896 0.999708 0.0119157 0.0 0.0 0.0 1.0
fire/seq-01/color/frame-000140.color.png fire/seq-01/color/frame-000142.color.png 0.999515 0.022336 -0.0217265 0.0195616 -0.0223443 0.99975 -0.000137217 -0.00920534 0.0217181 0.00062264 0.999764 0.00481364 0.0 0.0 0.0 1.0
fire/seq-01/color/frame-000141.color.png fire/seq-01/color/frame-000143.color.png 0.999593 0.0206557 -0.0196664 0.0175127 -0.0206939 0.999784 -0.00174387 -0.00770867 0.0196261 0.00215012 0.999805 0.00897881 0.0 0.0 0.0 1.0
fire/seq-01/color/frame-000142.color.png fire/seq-01/color/frame-000144.color.png 0.999735 0.0189277 -0.0131024 0.00201952 -0.0189286 0.999821 5.96182e-05 -0.011751 0.0131011 0.000188373 0.999914 0.00746396 0.0 0.0 0.0 1.0
fire/seq-01/color/frame-000143.color.png fire/seq-01/color/frame-000145.color.png 0.999527 0.0203955 -0.0230376 0.0210021 -0.0202719 0.999779 0.00558673 -0.0149987 0.0231465 -0.00511707 0.999719 -0.00302461 0.0 0.0 0.0 1.0
fire/seq-01/color/frame-000144.color.png fire/seq-01/color/frame-000146.color.png 0.999627 0.016681 -0.0216249 0.0166566 -0.016692 0.999861 -0.000326028 -0.000558436 0.0216164 0.000686902 0.999766 -0.00156242 0.0 0.0 0.0 1.0
fire/seq-01/color/frame-000145.color.png fire/seq-01/color/frame-000147.color.png 0.999554 0.0180363 -0.023787 0.0218168 -0.0180516 0.999837 -0.000429902 -0.00230366 0.0237754 0.000859109 0.999717 0.00815773 0.0 0.0 0.0 1.0
fire/seq-01/color/frame-000146.color.png fire/seq-01/color/frame-000148.color.png 0.999588 0.0203128 -0.0202586 0.0185423 -0.0199312 0.999623 0.0188629 -0.0347319 0.0206342 -0.0184513 0.999617 0.0021266 0.0 0.0 0.0 1.0
fire/seq-01/color/frame-000147.color.png fire/seq-01/color/frame-000149.color.png 0.999591 0.0184041 -0.0218809 0.0182278 -0.0183133 0.999823 0.00434131 -0.00273216 0.0219568 -0.00393883 0.999751 -0.00264102 0.0 0.0 0.0 1.0
fire/seq-01/color/frame-000148.color.png fire/seq-01/color/frame-000150.color.png 0.999644 0.0143093 -0.0225207 0.0160484 -0.014301 0.999897 0.000532897 0.00145507 0.022526 -0.000210663 0.999746 0.00718328 0.0 0.0 0.0 1.0
fire/seq-01/color/frame-000149.color.png fire/seq-01/color/frame-000151.color.png 0.999407 0.0193798 -0.0284813 0.0235916 -0.0192932 0.999808 0.00331289 -0.00306147 0.0285401 -0.00276142 0.999589 -0.00106075 0.0 0.0 0.0 1.0
fire/seq-01/color/frame-000150.color.png fire/seq-01/color/frame-000152.color.png 0.999485 0.0168746 -0.0273039 0.0210475 -0.0167172 0.999842 0.00598342 -0.00145513 0.0274005 -0.0055239 0.999609 -0.00263134 0.0 0.0 0.0 1.0
fire/seq-01/color/frame-000151.color.png fire/seq-01/color/frame-000153.color.png 0.999618 0.0132917 -0.0242275 0.0176419 -0.0132 0.999905 0.00394025 0.00425154 0.0242776 -0.00361893 0.999699 0.0188077 0.0 0.0 0.0 1.0
fire/seq-01/color/frame-000152.color.png fire/seq-01/color/frame-000154.color.png 0.999279 0.0194495 -0.0326106 0.0225072 -0.0192093 0.999786 0.00766458 -0.00669074 0.0327527 -0.00703261 0.999439 0.0113497 0.0 0.0 0.0 1.0
fire/seq-01/color/frame-000153.color.png fire/seq-01/color/frame-000155.color.png 0.999251 0.0183728 -0.0340439 0.0231918 -0.0180803 0.999797 0.00887958 -0.00773215 0.0342001 -0.00825742 0.999381 0.00470996 0.0 0.0 0.0 1.0
fire/seq-01/color/frame-000154.color.png fire/seq-01/color/frame-000156.color.png 0.9994 0.018757 -0.0291209 0.0162504 -0.0185207 0.999793 0.00836402 -0.00514758 0.0292718 -0.00781965 0.999541 0.00848888 0.0 0.0 0.0 1.0
fire/seq-01/color/frame-000155.color.png fire/seq-01/color/frame-000157.color.png 0.999284 0.022948 -0.0300827 0.0191997 -0.0226491 0.999691 0.0102383 -0.00688931 0.0303083 -0.00954962 0.999495 0.00914766 0.0 0.0 0.0 1.0
fire/seq-01/color/frame-000156.color.png fire/seq-01/color/frame-000158.color.png 0.999373 0.0171734 -0.0309503 0.0162209 -0.0169511 0.999829 0.00743084 -0.000793397 0.0310726 -0.00690155 0.999493 0.00615688 0.0 0.0 0.0 1.0
fire/seq-01/color/frame-000157.color.png fire/seq-01/color/frame-000159.color.png 0.999409 0.0182897 -0.0290917 0.0112932 -0.0176443 0.999596 0.0222889 -0.0264722 0.0294877 -0.0217624 0.999328 0.00201635 0.0 0.0 0.0 1.0
fire/seq-01/color/frame-000158.color.png fire/seq-01/color/frame-000160.color.png 0.999293 0.0214243 -0.0308988 0.0197916 -0.021047 0.999701 0.0124828 -0.00634891 0.031157 -0.0118237 0.999445 0.00859639 0.0 0.0 0.0 1.0
fire/seq-01/color/frame-000159.color.png fire/seq-01/color/frame-000161.color.png 0.999263 0.0174005 -0.0342201 0.0211061 -0.0169313 0.999759 0.013951 -0.00278047 0.0344546 -0.0133614 0.999317 7.66516e-05 0.0 0.0 0.0 1.0
fire/seq-01/color/frame-000160.color.png fire/seq-01/color/frame-000162.color.png 0.999604 0.0120096 -0.025442 0.00636238 -0.0115404 0.999762 0.0185079 -0.00591856 0.0256582 -0.018207 0.999505 0.00189428 0.0 0.0 0.0 1.0
fire/seq-01/color/frame-000161.color.png fire/seq-01/color/frame-000163.color.png 0.999909 0.00611804 -0.0119823 0.00360662 -0.00603179 0.999956 0.00722127 -0.000616103 0.0120259 -0.00714834 0.999902 0.00174096 0.0 0.0 0.0 1.0
fire/seq-01/color/frame-000162.color.png fire/seq-01/color/frame-000164.color.png 0.999972 4.87258e-05 -0.00752532 -0.00500268 -2.28756e-05 0.999994 0.00343485 0.00529215 0.00752542 -0.00343458 0.999966 0.00750773 0.0 0.0 0.0 1.0
fire/seq-01/color/frame-000163.color.png fire/seq-01/color/frame-000165.color.png 0.999695 0.00754488 -0.023506 0.00841713 -0.00726087 0.9999 0.0121447 -0.000841975 0.0235952 -0.0119704 0.99965 0.00717768 0.0 0.0 0.0 1.0
fire/seq-01/color/frame-000164.color.png fire/seq-01/color/frame-000166.color.png 0.999929 0.00533993 -0.0106513 0.00598145 -0.00518061 0.999875 0.01493 -0.0171961 0.0107297 -0.0148738 0.999832 0.00416194 0.0 0.0 0.0 1.0
fire/seq-01/color/frame-000165.color.png fire/seq-01/color/frame-000167.color.png 0.999981 0.00302871 -0.00532506 -0.00077194 -0.00300345 0.999984 0.00474581 -0.000120163 0.00533937 -0.00472973 0.999975 -0.00331202 0.0 0.0 0.0 1.0
fire/seq-01/color/frame-000166.color.png fire/seq-01/color/frame-000168.color.png 0.999888 0.00634867 -0.0135624 0.00345558 -0.00625805 0.999958 0.0067135 0.00444975 0.0136045 -0.00662787 0.999886 -0.00354269 0.0 0.0 0.0 1.0
fire/seq-01/color/frame-000167.color.png fire/seq-01/color/frame-000169.color.png 0.999873 0.00725093 -0.0142289 0.00371331 -0.00720171 0.999968 0.00350739 0.00685856 0.0142539 -0.00340447 0.999893 0.000589445 0.0 0.0 0.0 1.0
fire/seq-01/color/frame-000168.color.png fire/seq-01/color/frame-000170.color.png 0.999983 0.00280144 -0.00515407 -0.00338668 -0.00282052 0.999989 -0.00369849 0.0124328 0.00514363 0.00371296 0.99998 0.00205639 0.0 0.0 0.0 1.0
fire/seq-01/color/frame-000169.color.png fire/seq-01/color/frame-000171.color.png 0.999948 0.00323453 -0.0096899 0.00628918 -0.00321309 0.999992 0.00222729 0.00223556 0.00969702 -0.00219604 0.999951 -0.000825524 0.0 0.0 0.0 1.0
fire/seq-01/color/frame-000170.color.png fire/seq-01/color/frame-000172.color.png 0.99989 0.00765615 -0.0126928 0.0038901 -0.00753828 0.999928 0.00930834 -0.00339696 0.0127632 -0.00921164 0.999876 -0.00182277 0.0 0.0 0.0 1.0
fire/seq-01/color/frame-000171.color.png fire/seq-01/color/frame-000173.color.png 0.999725 0.0102186 -0.0211124 0.0221586 -0.0102422 0.999947 -0.00100832 0.015712 0.021101 0.00122428 0.999777 -0.00660761 0.0 0.0 0.0 1.0
fire/seq-01/color/frame-000172.color.png fire/seq-01/color/frame-000174.color.png 0.99994 0.00715941 -0.00826992 -0.0021376 -0.00717749 0.999972 -0.00215919 0.00873357 0.00825424 0.00221842 0.999964 0.00155708 0.0 0.0 0.0 1.0
fire/seq-01/color/frame-000173.color.png fire/seq-01/color/frame-000175.color.png 0.999999 -0.00167566 -0.000218228 -0.00787956 0.00167491 0.999993 -0.00338715 0.00779802 0.000223914 0.00338678 0.999994 0.00843829 0.0 0.0 0.0 1.0
fire/seq-01/color/frame-000174.color.png fire/seq-01/color/frame-000176.color.png 0.999939 0.00523582 -0.00971736 0.00635886 -0.00520962 0.999983 0.00272036 -0.00610763 0.00973144 -0.00266957 0.999949 0.00246049 0.0 0.0 0.0 1.0
fire/seq-01/color/frame-000175.color.png fire/seq-01/color/frame-000177.color.png 0.999854 0.011618 -0.0125369 0.00529253 -0.0115741 0.999927 0.00357119 -0.0054653 0.0125775 -0.00342557 0.999915 0.0012323 0.0 0.0 0.0 1.0
fire/seq-01/color/frame-000176.color.png fire/seq-01/color/frame-000178.color.png 0.999933 0.00720592 -0.00910395 0.00159651 -0.00718094 0.99997 0.00277396 -0.00117639 0.00912365 -0.0027084 0.999955 -0.00123005 0.0 0.0 0.0 1.0
fire/seq-01/color/frame-000177.color.png fire/seq-01/color/frame-000179.color.png 0.999957 0.00524247 -0.00759913 0.00549662 -0.00524127 0.999986 0.000178461 0.00129732 0.00759996 -0.000138624 0.999971 -0.00339034 0.0 0.0 0.0 1.0
