fire/seq-01/color/frame-000000.color.png fire/seq-01/color/frame-000003.color.png 0.999981 0.00190029 -0.00590625 -0.00712789 -0.00188748 0.999996 0.00217437 0.0039149 0.00591036 -0.00216318 0.99998 -0.00388691 0.0 0.0 0.0 1.0
fire/seq-01/color/frame-000001.color.png fire/seq-01/color/frame-000004.color.png 0.999959 0.00424344 -0.00802383 -0.00428996 -0.00419887 0.999976 0.00556374 0.00285127 0.00804725 -0.00552982 0.999952 -0.00104157 0.0 0.0 0.0 1.0
fire/seq-01/color/frame-000002.color.png fire/seq-01/color/frame-000005.color.png 0.99996 0.0047437 -0.00762556 -0.00444238 -0.00469318 0.999967 0.0066299 0.000138504 0.00765676 -0.00659385 0.999949 0.000870048 0.0 0.0 0.0 1.0
fire/seq-01/color/frame-000003.color.png fire/seq-01/color/frame-000006.color.png 0.999951 0.00594869 -0.00787596 -0.00382929 -0.00591393 0.999973 0.00442971 0.00120839 0.0079021 -0.00438292 0.999959 0.000685387 0.0 0.0 0.0 1.0
fire/seq-01/color/frame-000004.color.png fire/seq-01/color/frame-000007.color.png 0.999966 0.00708563 -0.00422038 -0.00690819 -0.0070696 0.999968 0.0038013 0.00416789 0.00424718 -0.00377133 0.999984 -0.000600048 0.0 0.0 0.0 1.0
fire/seq-01/color/frame-000005.color.png fire/seq-01/color/frame-000008.color.png 0.999979 0.00616021 -0.00201625 -0.00605391 -0.00614669 0.999959 0.00664583 0.00385266 0.00205711 -0.0066333 0.999976 -0.000726428 0.0 0.0 0.0 1.0
fire/seq-01/color/frame-000006.color.png fire/seq-01/color/frame-000009.color.png 0.999985 0.00512077 0.00181024 -0.00864336 -0.00513687 0.999946 0.00900156 0.0018562 -0.00176405 -0.00901072 0.999958 -0.00117864 0.0 0.0 0.0 1.0
fire/seq-01/color/frame-000007.color.png fire/seq-01/color/frame-000010.color.png 0.999993 0.00304996 0.00213364 -0.00887564 -0.00306894 0.999955 0.00894966 -0.000803397 -0.00210625 -0.00895615 0.999958 -0.00171923 0.0 0.0 0.0 1.0
fire/seq-01/color/frame-000008.color.png fire/seq-01/color/frame-000011.color.png 0.999986 0.00504298 0.00176774 -0.00972828 -0.00505351 0.999969 0.0060008 0.00183511 -0.00173742 -0.00600964 0.999981 -0.00342624 0.0 0.0 0.0 1.0
fire/seq-01/color/frame-000009.color.png fire/seq-01/color/frame-000012.color.png 0.999978 0.0052454 0.00409246 -0.0115639 -0.00527139 0.999966 0.00636538 0.00468662 -0.00405892 -0.00638682 0.999971 -0.00303609 0.0 0.0 0.0 1.0
fire/seq-01/color/frame-000010.color.png fire/seq-01/color/frame-000013.color.png 0.999993 0.00107795 0.00347053 -0.0116584 -0.00110754 0.999963 0.00853393 0.0026729 -0.0034612 -0.00853772 0.999957 -0.000505817 0.0 0.0 0.0 1.0
fire/seq-01/color/frame-000011.color.png fire/seq-01/color/frame-000014.color.png 0.999997 0.000148453 0.00230183 -0.010364 -0.000167091 0.999967 0.00809699 0.00112918 -0.00230055 -0.00809735 0.999965 0.00024943 0.0 0.0 0.0 1.0
fire/seq-01/color/frame-000012.color.png fire/seq-01/color/frame-000015.color.png 0.999994 0.000974372 0.00343364 -0.00898136 -0.000998393 0.999975 0.00700221 -0.00176911 -0.00342674 -0.00700559 0.999969 -0.000634947 0.0 0.0 0.0 1.0
fire/seq-01/color/frame-000013.color.png fire/seq-01/color/frame-000016.color.png 0.999972 0.00095966 0.00739147 -0.0122386 -0.00099288 0.999989 0.00449215 -0.00288779 -0.00738708 -0.00449937 0.999963 -0.00106407 0.0 0.0 0.0 1.0
fire/seq-01/color/frame-000014.color.png fire/seq-01/color/frame-000017.color.png 0.99997 -0.000503996 0.00777399 -0.0139191 0.000493253 0.999999 0.00138397 -0.00164686 -0.00777467 -0.00138009 0.999969 -0.00291506 0.0 0.0 0.0 1.0
fire/seq-01/color/frame-000015.color.png fire/seq-01/color/frame-000018.color.png 0.999954 -0.00246213 0.0092858 -0.017798 0.00246468 0.999997 -0.000264025 0.00235784 -0.00928512 0.000286901 0.999957 -0.00270263 0.0 0.0 0.0 1.0
fire/seq-01/color/frame-000016.color.png fire/seq-01/color/frame-000019.color.png 0.999953 -0.0045867 0.00851062 -0.0162108 0.0045664 0.999987 0.00240197 -3.26927e-05 -0.00852152 -0.002363 0.999961 -0.00208571 0.0 0.0 0.0 1.0
fire/seq-01/color/frame-000017.color.png fire/seq-01/color/frame-000020.color.png 0.999939 -0.00331219 0.0105559 -0.0201072 0.00329052 0.999992 0.00206934 0.000382497 -0.0105627 -0.00203448 0.999942 -0.000457592 0.0 0.0 0.0 1.0
fire/seq-01/color/frame-000018.color.png fire/seq-01/color/frame-000021.color.png 0.999952 -0.00189391 0.00955977 -0.0201177 0.0018692 0.999995 0.00259284 -0.00244555 -0.00956464 -0.00257485 0.999951 0.000215546 0.0 0.0 0.0 1.0
fire/seq-01/color/frame-000019.color.png fire/seq-01/color/frame-000022.color.png 0.999951 0.000213239 0.00991897 -0.0220686 -0.000228307 0.999999 0.00151797 -0.00154378 -0.00991863 -0.00152016 0.99995 -0.00127742 0.0 0.0 0.0 1.0
fire/seq-01/color/frame-000020.color.png fire/seq-01/color/frame-000023.color.png 0.999943 -0.00245982 0.0104072 -0.0210689 0.00244377 0.999996 0.00155471 -0.0051545 -0.010411 -0.00152919 0.999945 0.00204289 0.0 0.0 0.0 1.0
fire/seq-01/color/frame-000021.color.png fire/seq-01/color/frame-000024.color.png 0.999906 -0.00723166 0.0116208 -0.0277214 0.00726985 0.999968 -0.00324737 -0.0063541 -0.011597 0.00333155 0.999927 0.00185787 0.0 0.0 0.0 1.0
fire/seq-01/color/frame-000022.color.png fire/seq-01/color/frame-000025.color.png 0.999931 -0.00932994 0.00716465 -0.0263749 0.00938823 0.999923 -0.00814555 -0.00463547 -0.0070881 0.00821225 0.999941 -0.00026076 0.0 0.0 0.0 1.0
fire/seq-01/color/frame-000023.color.png fire/seq-01/color/frame-000026.color.png 0.99995 -0.00801695 0.00606025 -0.025856 0.0080687 0.999931 -0.00856226 0.000232899 -0.00599119 0.00861073 0.999945 -0.00133241 0.0 0.0 0.0 1.0
fire/seq-01/color/frame-000024.color.png fire/seq-01/color/frame-000027.color.png 0.999955 -0.00627184 0.00717222 -0.0245972 0.00629689 0.999974 -0.00347531 0.00153367 -0.00715024 0.00352031 0.999968 -0.00232075 0.0 0.0 0.0 1.0
fire/seq-01/color/frame-000025.color.png fire/seq-01/color/frame-000028.color.png 0.999905 -0.00946406 0.0100415 -0.025928 0.00945233 0.999955 0.001215 -0.00156094 -0.0100526 -0.00111997 0.999949 -0.000678106 0.0 0.0 0.0 1.0
fire/seq-01/color/frame-000026.color.png fire/seq-01/color/frame-000029.color.png 0.999912 -0.0094313 0.00933238 -0.0244517 0.00940919 0.999953 0.00241006 -0.00659782 -0.00935466 -0.00232203 0.999954 0.000732407 0.0 0.0 0.0 1.0
fire/seq-01/color/frame-000027.color.png fire/seq-01/color/frame-000030.color.png 0.999905 -0.00688036 0.011949 -0.0280699 0.00691502 0.999972 -0.00286225 -0.00581083 -0.0119289 0.0029446 0.999925 0.00390303 0.0 0.0 0.0 1.0
fire/seq-01/color/frame-000028.color.png fire/seq-01/color/frame-000031.color.png 0.999808 -0.00685095 0.0183368 -0.0404913 0.00696382 0.999957 -0.00609849 -0.00645462 -0.0182942 0.00622502 0.999813 -0.000577717 0.0 0.0 0.0 1.0
fire/seq-01/color/frame-000029.color.png fire/seq-01/color/frame-000032.color.png 0.999797 -0.0119242 0.0162713 -0.0380351 0.0120304 0.999907 -0.00644757 -0.00209915 -0.0161929 0.00664201 0.999847 -0.00169954 0.0 0.0 0.0 1.0
fire/seq-01/color/frame-000030.color.png fire/seq-01/color/frame-000033.color.png 0.99965 -0.0131795 0.0229447 -0.0461379 0.0131904 0.999913 -0.000323071 -0.0103104 -0.0229385 0.00062561 0.999737 -0.00186176 0.0 0.0 0.0 1.0
fire/seq-01/color/frame-000031.color.png fire/seq-01/color/frame-000034.color.png 0.999801 -0.0152089 0.0129098 -0.0283892 0.0152344 0.999882 -0.00188475 -0.00872685 -0.0128796 0.00208104 0.999915 -0.00205005 0.0 0.0 0.0 1.0
fire/seq-01/color/frame-000032.color.png fire/seq-01/color/frame-000035.color.png 0.999822 -0.01316 0.0135501 -0.0326736 0.0132254 0.999901 -0.00474313 -0.00891582 -0.0134864 0.00492148 0.999897 0.00138061 0.0 0.0 0.0 1.0
fire/seq-01/color/frame-000033.color.png fire/seq-01/color/frame-000036.color.png 0.999974 -0.00482942 0.00533839 -0.0217218 0.00488472 0.999934 -0.0103954 -0.00385189 -0.00528782 0.0104212 0.999932 0.000625614 0.0 0.0 0.0 1.0
fire/seq-01/color/frame-000034.color.png fire/seq-01/color/frame-000037.color.png 0.999928 0.00846526 0.00846783 -0.0223676 -0.00837105 0.999903 -0.0110999 0.00651043 -0.00856097 0.0110282 0.999903 -0.00636637 0.0 0.0 0.0 1.0
fire/seq-01/color/frame-000035.color.png fire/seq-01/color/frame-000038.color.png 0.999907 0.00948445 0.00984227 -0.017925 -0.00940311 0.999922 -0.00827927 0.0064571 -0.00992002 0.00818595 0.999917 -0.00605017 0.0 0.0 0.0 1.0
fire/seq-01/color/frame-000036.color.png fire/seq-01/color/frame-000039.color.png 0.999821 0.00647812 0.0177473 -0.029179 -0.00656649 0.999966 0.00492537 0.00926286 -0.0177148 -0.00504103 0.99983 -0.00595748 0.0 0.0 0.0 1.0
fire/seq-01/color/frame-000037.color.png fire/seq-01/color/frame-000040.color.png 0.999743 -0.00258127 0.0225403 -0.0333565 0.00216303 0.999825 0.01856 -0.00919482 -0.0225842 -0.0185064 0.999574 0.00708072 0.0 0.0 0.0 1.0
fire/seq-01/color/frame-000038.color.png fire/seq-01/color/frame-000041.color.png 0.999568 -0.0153155 0.0251029 -0.0337871 0.0148444 0.999712 0.0188494 -0.0105448 -0.0253844 -0.0184686 0.999507 -0.00452499 0.0 0.0 0.0 1.0
fire/seq-01/color/frame-000039.color.png fire/seq-01/color/frame-000042.color.png 0.99874 -0.0390356 0.0315354 -0.0551489 0.0388164 0.999218 0.00753169 -0.00369177 -0.0318048 -0.00629811 0.999474 -0.00315347 0.0 0.0 0.0 1.0
fire/seq-01/color/frame-000040.color.png fire/seq-01/color/frame-000043.color.png 0.999217 -0.0384804 0.0092434 -0.0269206 0.0384916 0.999258 -0.00103895 -0.000629343 -0.00919658 0.00139393 0.999957 -0.000315462 0.0 0.0 0.0 1.0
fire/seq-01/color/frame-000041.color.png fire/seq-01/color/frame-000044.color.png 0.999807 -0.0139032 0.0138907 -0.0445766 0.0139143 0.999903 -0.00070144 -0.0208803 -0.0138795 0.000894578 0.999903 0.0119283 0.0 0.0 0.0 1.0
fire/seq-01/color/frame-000042.color.png fire/seq-01/color/frame-000045.color.png 0.99991 0.0131125 -0.00268546 -0.0134446 -0.0131354 0.999876 -0.00870146 -0.0204677 0.00257102 0.00873595 0.999959 0.00242636 0.0 0.0 0.0 1.0
fire/seq-01/color/frame-000043.color.png fire/seq-01/color/frame-000046.color.png 0.999688 0.0233651 0.00878792 -0.0332845 -0.0232417 0.999633 -0.0138905 -0.00109028 -0.00910924 0.0136819 0.999865 -0.00625854 0.0 0.0 0.0 1.0
fire/seq-01/color/frame-000044.color.png fire/seq-01/color/frame-000047.color.png 0.999952 0.00411372 0.00889193 -0.0309222 -0.00412038 0.999991 0.000731251 0.00707921 -0.00888886 -0.000767855 0.99996 -0.00704398 0.0 0.0 0.0 1.0
fire/seq-01/color/frame-000045.color.png fire/seq-01/color/frame-000048.color.png 0.999981 -0.00287969 0.00539537 -0.0177721 0.00284318 0.999973 0.00676294 0.00617198 -0.0054147 -0.00674747 0.999963 4.34252e-05 0.0 0.0 0.0 1.0
fire/seq-01/color/frame-000046.color.png fire/seq-01/color/frame-000049.color.png 0.999777 -0.0184503 0.0102725 -0.0272265 0.0182685 0.99968 0.0175199 -0.0151155 -0.0105924 -0.0173283 0.999794 0.00824451 0.0 0.0 0.0 1.0
fire/seq-01/color/frame-000047.color.png fire/seq-01/color/frame-000050.color.png 0.999949 -0.00904469 -0.00445554 -0.00361416 0.00905685 0.999955 0.00271813 -0.0171588 0.00443076 -0.00275835 0.999986 0.0124437 0.0 0.0 0.0 1.0
fire/seq-01/color/frame-000048.color.png fire/seq-01/color/frame-000051.color.png 0.999966 -0.00793917 0.00228051 -0.0165574 0.00793856 0.999969 0.000272572 -0.0200328 -0.00228263 -0.000254466 0.999997 0.0101856 0.0 0.0 0.0 1.0
fire/seq-01/color/frame-000049.color.png fire/seq-01/color/frame-000052.color.png 0.999974 -0.00514489 0.00511612 -0.0164408 0.00521459 0.999893 -0.0137044 -0.00360849 -0.00504509 0.0137307 0.999893 0.00805804 0.0 0.0 0.0 1.0
fire/seq-01/color/frame-000050.color.png fire/seq-01/color/frame-000053.color.png 0.999861 -0.00702744 0.0151313 -0.0278885 0.00715344 0.99994 -0.00828879 0.00339595 -0.0150722 0.00839588 0.999851 0.00168326 0.0 0.0 0.0 1.0
fire/seq-01/color/frame-000051.color.png fire/seq-01/color/frame-000054.color.png 0.999544 -0.0150069 0.0261926 -0.0444307 0.0148487 0.99987 0.00622655 -0.00878766 -0.0262826 -0.00583479 0.999637 0.00761737 0.0 0.0 0.0 1.0
fire/seq-01/color/frame-000052.color.png fire/seq-01/color/frame-000055.color.png 0.999791 -0.0183031 0.00916161 -0.0174243 0.0182219 0.999795 0.00887075 -0.0157432 -0.00932211 -0.00870195 0.999919 0.00917312 0.0 0.0 0.0 1.0
fire/seq-01/color/frame-000053.color.png fire/seq-01/color/frame-000056.color.png 0.999816 -0.015028 0.0119177 -0.0239585 0.0148992 0.99983 0.0108208 -0.0208909 -0.0120783 -0.0106412 0.99987 0.0102131 0.0 0.0 0.0 1.0
fire/seq-01/color/frame-000054.color.png fire/seq-01/color/frame-000057.color.png 0.999989 -0.00438238 -0.00149082 -0.00147983 0.00436996 0.999957 -0.00822736 0.0054601 0.0015268 0.00822076 0.999965 0.00602807 0.0 0.0 0.0 1.0
fire/seq-01/color/frame-000055.color.png fire/seq-01/color/frame-000058.color.png 0.999971 0.00216665 0.00727989 -0.0060617 -0.00216077 0.999997 -0.000816162 0.0191498 -0.00728161 0.000800407 0.999973 -0.000271674 0.0 0.0 0.0 1.0
fire/seq-01/color/frame-000056.color.png fire/seq-01/color/frame-000059.color.png 0.99978 -0.00698714 0.019788 -0.0168342 0.00668091 0.999858 0.0155 0.00501943 -0.0198935 -0.0153644 0.999684 0.00552095 0.0 0.0 0.0 1.0
fire/seq-01/color/frame-000057.color.png fire/seq-01/color/frame-000060.color.png 0.999495 -0.0228234 0.0221333 -0.0173511 0.0219788 0.999048 0.0376823 -0.0300184 -0.0229723 -0.0371768 0.999045 0.0110418 0.0 0.0 0.0 1.0
fire/seq-01/color/frame-000058.color.png fire/seq-01/color/frame-000061.color.png 0.999516 -0.0176458 0.0255982 -0.0295124 0.0169879 0.999525 0.0256975 -0.0336281 -0.0260395 -0.0252502 0.999342 0.0190694 0.0 0.0 0.0 1.0
fire/seq-01/color/frame-000059.color.png fire/seq-01/color/frame-000062.color.png 0.99995 -0.00879493 0.00469177 0.0047197 0.00877662 0.999954 0.00390835 -0.00874884 -0.00472589 -0.00386697 0.999981 0.0162987 0.0 0.0 0.0 1.0
fire/seq-01/color/frame-000060.color.png fire/seq-01/color/frame-000063.color.png 0.999723 -0.002393 0.0233984 -0.018826 0.00224268 0.999977 0.0064491 -0.0127132 -0.0234133 -0.00639485 0.999705 0.0144101 0.0 0.0 0.0 1.0
fire/seq-01/color/frame-000061.color.png fire/seq-01/color/frame-000064.color.png 0.999539 -0.0128097 0.0275382 -0.0180341 0.0124276 0.999825 0.0140045 -0.0223063 -0.0277128 -0.0136558 0.999523 0.0146825 0.0 0.0 0.0 1.0
fire/seq-01/color/frame-000062.color.png fire/seq-01/color/frame-000065.color.png 0.999701 -0.014208 0.0199061 -0.0152317 0.0140472 0.999868 0.00819116 -0.0142956 -0.0200199 -0.00790908 0.999768 0.00994632 0.0 0.0 0.0 1.0
fire/seq-01/color/frame-000063.color.png fire/seq-01/color/frame-000066.color.png 0.999722 -0.0153282 0.0179301 -0.00764406 0.0153054 0.999882 0.001408 -0.00588977 -0.0179495 -0.00113317 0.999838 0.0100782 0.0 0.0 0.0 1.0
fire/seq-01/color/frame-000064.color.png fire/seq-01/color/frame-000067.color.png 0.999396 -0.0224339 0.0265571 -0.016312 0.0224144 0.999748 0.00103397 -0.00728954 -0.0265736 -0.000438087 0.999647 0.00514229 0.0 0.0 0.0 1.0
fire/seq-01/color/frame-000065.color.png fire/seq-01/color/frame-000068.color.png 0.998342 -0.0410967 0.0403037 -0.0316582 0.0410208 0.999155 0.00270815 -0.0166823 -0.040381 -0.00105036 0.999184 0.0113675 0.0 0.0 0.0 1.0
fire/seq-01/color/frame-000066.color.png fire/seq-01/color/frame-000069.color.png 0.998271 -0.046556 0.0358938 -0.0271221 0.0468911 0.998863 -0.0085511 -0.00414525 -0.0354549 0.0102194 0.999319 0.0144835 0.0 0.0 0.0 1.0
fire/seq-01/color/frame-000067.color.png fire/seq-01/color/frame-000070.color.png 0.998321 -0.0484653 0.031719 -0.0203833 0.0488363 0.998746 -0.0110274 -0.00121601 -0.0311447 0.012558 0.999436 0.0170371 0.0 0.0 0.0 1.0
fire/seq-01/color/frame-000068.color.png fire/seq-01/color/frame-000071.color.png 0.998386 -0.047189 0.031614 -0.0186237 0.0475329 0.998817 -0.0102161 -0.00657715 -0.0310945 0.0117024 0.999448 0.0118944 0.0 0.0 0.0 1.0
fire/seq-01/color/frame-000069.color.png fire/seq-01/color/frame-000072.color.png 0.997519 -0.0433272 0.0554809 -0.0598818 0.0439295 0.998988 -0.00968177 -0.00686279 -0.0550054 0.012095 0.998413 0.0195491 0.0 0.0 0.0 1.0
fire/seq-01/color/frame-000070.color.png fire/seq-01/color/frame-000073.color.png 0.998517 -0.0390123 0.0379795 -0.0331628 0.0392979 0.999205 -0.00680285 -0.0124507 -0.0376839 0.00828527 0.999255 0.0128453 0.0 0.0 0.0 1.0
fire/seq-01/color/frame-000071.color.png fire/seq-01/color/frame-000074.color.png 0.99813 -0.0341796 0.0506768 -0.0569772 0.0344461 0.999397 -0.00439543 -0.0027557 -0.050496 0.00613284 0.998705 0.0157632 0.0 0.0 0.0 1.0
fire/seq-01/color/frame-000072.color.png fire/seq-01/color/frame-000075.color.png 0.998922 -0.0367811 0.028332 -0.0255651 0.0369029 0.999312 -0.00379148 0.00816292 -0.028173 0.00483292 0.999591 0.00865644 0.0 0.0 0.0 1.0
fire/seq-01/color/frame-000073.color.png fire/seq-01/color/frame-000076.color.png 0.998633 -0.0378571 0.0360321 -0.0454132 0.0376042 0.999263 0.00767199 -0.00634518 -0.036296 -0.00630655 0.999321 0.0148847 0.0 0.0 0.0 1.0
fire/seq-01/color/frame-000074.color.png fire/seq-01/color/frame-000077.color.png 0.999536 -0.0263363 0.0153007 -0.0167654 0.0261821 0.999605 0.0101956 -0.0139077 -0.0155632 -0.00979026 0.999831 0.0108081 0.0 0.0 0.0 1.0
fire/seq-01/color/frame-000075.color.png fire/seq-01/color/frame-000078.color.png 0.999856 -0.0144789 0.00879717 -0.00395977 0.0144411 0.999886 0.00435283 -0.0104483 -0.0088592 -0.00422517 0.999952 0.0126687 0.0 0.0 0.0 1.0
fire/seq-01/color/frame-000076.color.png fire/seq-01/color/frame-000079.color.png 0.99988 -0.00289861 0.0152593 0.00103164 0.00286676 0.999994 0.00210883 -0.0135227 -0.0152653 -0.00206484 0.999881 0.00933667 0.0 0.0 0.0 1.0
fire/seq-01/color/frame-000077.color.png fire/seq-01/color/frame-000080.color.png 0.999355 -0.0101593 0.0344518 -0.017588 0.0101053 0.999947 0.00174001 -0.0171598 -0.0344677 -0.00139075 0.999405 0.00475144 0.0 0.0 0.0 1.0
fire/seq-01/color/frame-000078.color.png fire/seq-01/color/frame-000081.color.png 0.999104 -0.0130955 0.0402517 -0.0287411 0.0129611 0.999909 0.00359874 -0.0177444 -0.0402952 -0.00307382 0.999183 0.00173388 0.0 0.0 0.0 1.0
fire/seq-01/color/frame-000079.color.png fire/seq-01/color/frame-000082.color.png 0.999331 -0.0162266 0.032787 -0.0268163 0.0160392 0.999853 0.00597376 -0.0125054 -0.0328791 -0.00544388 0.999445 0.00190929 0.0 0.0 0.0 1.0
fire/seq-01/color/frame-000080.color.png fire/seq-01/color/frame-000083.color.png 0.999367 -0.0183838 0.0304488 -0.0264807 0.0178701 0.999695 0.0170568 -0.0238471 -0.030753 -0.0165019 0.999391 0.00491966 0.0 0.0 0.0 1.0
fire/seq-01/color/frame-000081.color.png fire/seq-01/color/frame-000084.color.png 0.998863 -0.0217277 0.0424383 -0.042475 0.0207858 0.999531 0.0225107 -0.0417854 -0.0429074 -0.021603 0.998846 0.00531259 0.0 0.0 0.0 1.0
fire/seq-01/color/frame-000082.color.png fire/seq-01/color/frame-000085.color.png 0.999212 -0.0138891 0.0371764 -0.0241928 0.0137459 0.999897 0.00410409 -0.021553 -0.0372296 -0.00358982 0.9993 0.00718364 0.0 0.0 0.0 1.0
fire/seq-01/color/frame-000083.color.png fire/seq-01/color/frame-000086.color.png 0.999081 -0.0115811 0.0412626 -0.0281591 0.0115884 0.999933 6.43304e-05 -0.0230992 -0.0412606 0.000413879 0.999148 0.00350887 0.0 0.0 0.0 1.0
fire/seq-01/color/frame-000084.color.png fire/seq-01/color/frame-000087.color.png 0.999055 -0.0121864 0.0417163 -0.0283003 0.0124291 0.999907 -0.00556289 -0.0140374 -0.0416447 0.00607611 0.999114 -0.0042274 0.0 0.0 0.0 1.0
fire/seq-01/color/frame-000085.color.png fire/seq-01/color/frame-000088.color.png 0.999017 -0.0153676 0.0415801 -0.0257577 0.0155241 0.999874 -0.00344319 -0.0119385 -0.0415218 0.00408532 0.999129 -0.00354242 0.0 0.0 0.0 1.0
fire/seq-01/color/frame-000086.color.png fire/seq-01/color/frame-000089.color.png 0.997963 -0.0209867 0.0602474 -0.055667 0.0202949 0.999721 0.0120705 -0.0335826 -0.060484 -0.0108232 0.998111 -0.000178397 0.0 0.0 0.0 1.0
fire/seq-01/color/frame-000087.color.png fire/seq-01/color/frame-000090.color.png 0.998321 -0.0259988 0.0517593 -0.0408536 0.025907 0.999661 0.00244418 -0.0110721 -0.0518053 -0.0010992 0.998656 -0.00386071 0.0 0.0 0.0 1.0
fire/seq-01/color/frame-000088.color.png fire/seq-01/color/frame-000091.color.png 0.997757 -0.0324212 0.0585607 -0.0562677 0.0323497 0.999474 0.00217013 -0.0174609 -0.0586003 -0.000270824 0.998281 0.00302038 0.0 0.0 0.0 1.0
fire/seq-01/color/frame-000089.color.png fire/seq-01/color/frame-000092.color.png 0.998576 -0.0288057 0.0449044 -0.0341681 0.0293436 0.999505 -0.0113671 -0.0041461 -0.0445548 0.0126685 0.998927 0.00265723 0.0 0.0 0.0 1.0
fire/seq-01/color/frame-000090.color.png fire/seq-01/color/frame-000093.color.png 0.998516 -0.0290469 0.0460761 -0.0356598 0.0296671 0.999477 -0.0128343 -0.00553006 -0.0456792 0.0141822 0.998856 -0.000936866 0.0 0.0 0.0 1.0
fire/seq-01/color/frame-000091.color.png fire/seq-01/color/frame-000094.color.png 0.998553 -0.026628 0.0467259 -0.0365035 0.0275456 0.999438 -0.0191053 0.00596738 -0.0461909 0.0203647 0.998725 -0.00596017 0.0 0.0 0.0 1.0
fire/seq-01/color/frame-000092.color.png fire/seq-01/color/frame-000095.color.png 0.998074 -0.0309327 0.0537727 -0.0465801 0.0314935 0.999458 -0.00961121 -0.00910547 -0.0534462 0.0112862 0.998507 -0.00728285 0.0 0.0 0.0 1.0
fire/seq-01/color/frame-000093.color.png fire/seq-01/color/frame-000096.color.png 0.997923 -0.0331847 0.0552041 -0.049182 0.0338311 0.999369 -0.0108149 -0.00450805 -0.0548103 0.01266 0.998417 -0.00736654 0.0 0.0 0.0 1.0
fire/seq-01/color/frame-000094.color.png fire/seq-01/color/frame-000097.color.png 0.997686 -0.0388346 0.0558161 -0.0545332 0.0390352 0.999235 -0.00250824 -0.0201362 -0.0556759 0.00468121 0.998438 -0.00705767 0.0 0.0 0.0 1.0
fire/seq-01/color/frame-000095.color.png fire/seq-01/color/frame-000098.color.png 0.99772 -0.0355462 0.0573705 -0.0595453 0.0362517 0.999279 -0.0113031 -0.00905412 -0.0569273 0.0133571 0.998289 -0.00561988 0.0 0.0 0.0 1.0
fire/seq-01/color/frame-000096.color.png fire/seq-01/color/frame-000099.color.png 0.998454 -0.0319286 0.045504 -0.0425715 0.0331887 0.999079 -0.0272121 0.018981 -0.0445934 0.0286802 0.998593 -0.00811428 0.0 0.0 0.0 1.0
fire/seq-01/color/frame-000097.color.png fire/seq-01/color/frame-000100.color.png 0.998357 -0.034517 0.0457402 -0.0479226 0.0353096 0.999238 -0.0166339 0.000628531 -0.0451314 0.0182215 0.998815 -0.00685352 0.0 0.0 0.0 1.0
fire/seq-01/color/frame-000098.color.png fire/seq-01/color/frame-000101.color.png 0.998242 -0.0345792 0.0481282 -0.0586022 0.0350095 0.999354 -0.00812437 -0.00899488 -0.0478162 0.00979501 0.998808 -0.00266659 0.0 0.0 0.0 1.0
fire/seq-01/color/frame-000099.color.png fire/seq-01/color/frame-000102.color.png 0.998624 -0.0261029 0.0454902 -0.052812 0.0263459 0.999642 -0.00475061 -0.0109243 -0.0453497 0.00594256 0.998954 -0.00242496 0.0 0.0 0.0 1.0
fire/seq-01/color/frame-000100.color.png fire/seq-01/color/frame-000103.color.png 0.998945 -0.0255449 0.0381725 -0.0358518 0.0255851 0.999672 -0.000564109 -0.0179704 -0.0381454 0.00154021 0.999271 -0.00786877 0.0 0.0 0.0 1.0
fire/seq-01/color/frame-000101.color.png fire/seq-01/color/frame-000104.color.png 0.998945 -0.0214101 0.0406173 -0.0366662 0.0216819 0.999745 -0.00626611 -0.00954026 -0.0404727 0.00714018 0.999155 -0.0139799 0.0 0.0 0.0 1.0
fire/seq-01/color/frame-000102.color.png fire/seq-01/color/frame-000105.color.png 0.998886 -0.0225818 0.041439 -0.0380366 0.0228928 0.999713 -0.00704752 -0.0119513 -0.041268 0.00798834 0.999116 -0.0190046 0.0 0.0 0.0 1.0
fire/seq-01/color/frame-000103.color.png fire/seq-01/color/frame-000106.color.png 0.998824 -0.0189943 0.0446174 -0.0409618 0.019576 0.999729 -0.0126416 -0.00592107 -0.0443652 0.0135001 0.998924 -0.0077295 0.0 0.0 0.0 1.0
fire/seq-01/color/frame-000104.color.png fire/seq-01/color/frame-000107.color.png 0.999164 -0.0135226 0.0385673 -0.0351687 0.0140627 0.999806 -0.0137648 -0.0132451 -0.0383737 0.0142957 0.999161 -0.0108165 0.0 0.0 0.0 1.0
fire/seq-01/color/frame-000105.color.png fire/seq-01/color/frame-000108.color.png 0.999358 -0.00717314 0.0350922 -0.0290019 0.0076064 0.999896 -0.0122277 -0.0153992 -0.0350009 0.0124867 0.999309 -0.00992545 0.0 0.0 0.0 1.0
fire/seq-01/color/frame-000106.color.png fire/seq-01/color/frame-000109.color.png 0.999526 -0.00314577 0.0306277 -0.0265956 0.00358241 0.999893 -0.0142072 -0.0116649 -0.0305796 0.0143102 0.99943 -0.0108404 0.0 0.0 0.0 1.0
fire/seq-01/color/frame-000107.color.png fire/seq-01/color/frame-000110.color.png 0.999629 -0.00405147 0.0269455 -0.0267602 0.00435566 0.999927 -0.0112416 -0.015143 -0.026898 0.0113548 0.999574 -0.00652286 0.0 0.0 0.0 1.0
fire/seq-01/color/frame-000108.color.png fire/seq-01/color/frame-000111.color.png 0.99978 0.00419286 0.0205494 -0.0190793 -0.0037822 0.999793 -0.0199842 -0.00722826 -0.0206288 0.0199022 0.999589 -0.00900713 0.0 0.0 0.0 1.0
fire/seq-01/color/frame-000109.color.png fire/seq-01/color/frame-000112.color.png 0.999781 0.00393411 0.0205392 -0.0213986 -0.00379756 0.99997 -0.00668712 -0.0332273 -0.0205651 0.00660761 0.999767 -0.00500971 0.0 0.0 0.0 1.0
fire/seq-01/color/frame-000110.color.png fire/seq-01/color/frame-000113.color.png 0.999839 0.0120388 0.0132969 -0.0125204 -0.0118968 0.999872 -0.0107036 -0.0215526 -0.013424 0.0105437 0.999854 -0.00325599 0.0 0.0 0.0 1.0
fire/seq-01/color/frame-000111.color.png fire/seq-01/color/frame-000114.color.png 0.999976 0.00689349 0.00010305 -0.00296074 -0.00689261 0.999952 -0.00693504 -0.023443 -0.000150825 0.00693408 0.999976 0.00110126 0.0 0.0 0.0 1.0
fire/seq-01/color/frame-000112.color.png fire/seq-01/color/frame-000115.color.png 0.999868 0.0157367 -0.00393301 -0.000799119 -0.0157719 0.999834 -0.00908799 -0.0190599 0.00378949 0.00914889 0.999951 0.00815859 0.0 0.0 0.0 1.0
fire/seq-01/color/frame-000113.color.png fire/seq-01/color/frame-000116.color.png 0.998981 0.0417516 -0.0171178 0.00666958 -0.0420388 0.998975 -0.0167708 -0.0214976 0.0164002 0.0174733 0.999713 0.0201747 0.0 0.0 0.0 1.0
fire/seq-01/color/frame-000114.color.png fire/seq-01/color/frame-000117.color.png 0.998698 0.0408376 -0.0305691 0.0209401 -0.0408701 0.999164 -0.000440163 -0.058788 0.0305257 0.00168915 0.999532 0.00800496 0.0 0.0 0.0 1.0
fire/seq-01/color/frame-000115.color.png fire/seq-01/color/frame-000118.color.png 0.997649 0.0581849 -0.0362005 0.0320414 -0.0589199 0.998071 -0.0195756 -0.0303681 0.0349916 0.0216625 0.999153 0.0163423 0.0 0.0 0.0 1.0
fire/seq-01/color/frame-000116.color.png fire/seq-01/color/frame-000119.color.png 0.998571 0.0474314 -0.0246378 0.0184522 -0.0477009 0.998807 -0.0104704 -0.036431 0.0241116 0.0116306 0.999642 0.0224503 0.0 0.0 0.0 1.0
fire/seq-01/color/frame-000117.color.png fire/seq-01/color/frame-000120.color.png 0.997368 0.0604431 -0.0400496 0.0232782 -0.0610032 0.998054 -0.0129127 -0.0449168 0.0391912 0.0153218 0.999114 0.0308868 0.0 0.0 0.0 1.0
fire/seq-01/color/frame-000118.color.png fire/seq-01/color/frame-000121.color.png 0.997628 0.0535611 -0.0432297 0.0216754 -0.053528 0.998565 0.00192332 -0.0588014 0.0432706 0.000395242 0.999063 0.0206218 0.0 0.0 0.0 1.0
fire/seq-01/color/frame-000119.color.png fire/seq-01/color/frame-000122.color.png 0.997951 0.0447434 -0.045737 0.0300842 -0.0444463 0.998984 0.00749362 -0.0561035 0.0460259 -0.00544536 0.998925 0.0203612 0.0 0.0 0.0 1.0
fire/seq-01/color/frame-000120.color.png fire/seq-01/color/frame-000123.color.png 0.999133 0.0276875 -0.0310992 0.0170319 -0.0275081 0.999602 0.00618129 -0.0253732 0.031258 -0.00532045 0.999497 0.0123755 0.0 0.0 0.0 1.0
fire/seq-01/color/frame-000121.color.png fire/seq-01/color/frame-000124.color.png 0.998916 0.0284792 -0.0368059 0.0273837 -0.0283244 0.999588 0.00472044 -0.0182843 0.0369251 -0.00367285 0.999311 0.0129079 0.0 0.0 0.0 1.0
fire/seq-01/color/frame-000122.color.png fire/seq-01/color/frame-000125.color.png 0.999363 0.0220419 -0.0280776 0.0125555 -0.0219195 0.999749 0.00465797 -0.0187361 0.0281732 -0.00403956 0.999595 0.0172463 0.0 0.0 0.0 1.0
fire/seq-01/color/frame-000123.color.png fire/seq-01/color/frame-000126.color.png 0.998457 0.0361704 -0.0421402 0.0219358 -0.0356733 0.999286 0.0124908 -0.0384056 0.0425619 -0.0109682 0.999034 0.0307424 0.0 0.0 0.0 1.0
fire/seq-01/color/frame-000124.color.png fire/seq-01/color/frame-000127.color.png 0.997954 0.0376072 -0.0517 0.0290301 -0.0375061 0.999292 0.00292464 -0.0217602 0.0517735 -0.000979605 0.998658 0.0273704 0.0 0.0 0.0 1.0
fire/seq-01/color/frame-000125.color.png fire/seq-01/color/frame-000128.color.png 0.997979 0.0388379 -0.050291 0.0246341 -0.0381545 0.999167 0.0144818 -0.0434408 0.0508114 -0.0125337 0.99863 0.0362564 0.0 0.0 0.0 1.0
fire/seq-01/color/frame-000126.color.png fire/seq-01/color/frame-000129.color.png 0.998977 0.0288153 -0.0348387 0.00674462 -0.0286488 0.999576 0.00526503 -0.0286964 0.0349756 -0.00426155 0.999379 0.0286809 0.0 0.0 0.0 1.0
fire/seq-01/color/frame-000127.color.png fire/seq-01/color/frame-000130.color.png 0.997735 0.0397998 -0.0542277 0.0362047 -0.0406844 0.999055 -0.0153083 0.00893277 0.0535671 0.0174799 0.998411 0.0238608 0.0 0.0 0.0 1.0
fire/seq-01/color/frame-000128.color.png fire/seq-01/color/frame-000131.color.png 0.998461 0.0346403 -0.0433173 0.0266414 -0.0340699 0.999324 0.0138356 -0.0477331 0.0437674 -0.0123384 0.998966 0.0319958 0.0 0.0 0.0 1.0
fire/seq-01/color/frame-000129.color.png fire/seq-01/color/frame-000132.color.png 0.999 0.0335881 -0.029495 0.00971836 -0.0330067 0.999255 0.0199836 -0.0625314 0.0301443 -0.0189901 0.999365 0.0320043 0.0 0.0 0.0 1.0
fire/seq-01/color/frame-000130.color.png fire/seq-01/color/frame-000133.color.png 0.998736 0.0367532 -0.0342862 0.0172014 -0.0367716 0.999324 9.32404e-05 -0.028357 0.0342665 0.00116762 0.999412 0.0216895 0.0 0.0 0.0 1.0
fire/seq-01/color/frame-000131.color.png fire/seq-01/color/frame-000134.color.png 0.99811 0.0325337 -0.0521256 0.0489313 -0.0330533 0.999412 -0.00913797 -0.0109171 0.0517976 0.0108436 0.998599 0.0174176 0.0 0.0 0.0 1.0
fire/seq-01/color/frame-000132.color.png fire/seq-01/color/frame-000135.color.png 0.998234 0.0309753 -0.0506927 0.043915 -0.0313866 0.99948 -0.00733706 -0.0131003 0.0504393 0.00891521 0.998688 0.00947803 0.0 0.0 0.0 1.0
fire/seq-01/color/frame-000133.color.png fire/seq-01/color/frame-000136.color.png 0.999005 0.0244549 -0.0372991 0.0265329 -0.0245304 0.999698 -0.00156484 -0.0215742 0.0372496 0.00247824 0.999303 0.016726 0.0 0.0 0.0 1.0
fire/seq-01/color/frame-000134.color.png fire/seq-01/color/frame-000137.color.png 0.999104 0.0219113 -0.0362158 0.0231247 -0.0219778 0.999758 -0.00143827 -0.0182562 0.0361754 0.00223295 0.999343 0.0148114 0.0 0.0 0.0 1.0
fire/seq-01/color/frame-000135.color.png fire/seq-01/color/frame-000138.color.png 0.999201 0.021917 -0.0334186 0.0177608 -0.0220423 0.999751 -0.00338512 -0.0161665 0.0333362 0.00411902 0.999436 0.0229912 0.0 0.0 0.0 1.0
fire/seq-01/color/frame-000136.color.png fire/seq-01/color/frame-000139.color.png 0.999116 0.0297955 -0.0296423 0.0177866 -0.0300269 0.999522 -0.00739095 -0.00761452 0.0294078 0.0082745 0.999533 0.0242566 0.0 0.0 0.0 1.0
fire/seq-01/color/frame-000137.color.png fire/seq-01/color/frame-000140.color.png 0.999182 0.0289771 -0.0282242 0.0135975 -0.0292166 0.99954 -0.008113 -0.0113391 0.0279762 0.00893099 0.999569 0.01766 0.0 0.0 0.0 1.0
fire/seq-01/color/frame-000138.color.png fire/seq-01/color/frame-000141.color.png 0.998894 0.0317228 -0.0347056 0.0282015 -0.0319421 0.999473 -0.0057815 -0.0125059 0.0345037 0.00688366 0.999381 0.0137007 0.0 0.0 0.0 1.0
fire/seq-01/color/frame-000139.color.png fire/seq-01/color/frame-000142.color.png 0.998946 0.0314028 -0.0334841 0.0284489 -0.0311156 0.999475 0.00906374 -0.0357606 0.0337512 -0.0080123 0.999398 0.00756168 0.0 0.0 0.0 1.0
fire/seq-01/color/frame-000140.color.png fire/seq-01/color/frame-000143.color.png 0.99913 0.0277798 -0.0310996 0.0274085 -0.0275554 0.999591 0.00761941 -0.0302308 0.0312987 -0.00675582 0.999487 0.011031 0.0 0.0 0.0 1.0
fire/seq-01/color/frame-000141.color.png fire/seq-01/color/frame-000144.color.png 0.999152 0.0284063 -0.0298126 0.0215079 -0.0282824 0.99959 0.00456538 -0.0246785 0.0299301 -0.00371834 0.999545 0.00622538 0.0 0.0 0.0 1.0
fire/seq-01/color/frame-000142.color.png fire/seq-01/color/frame-000145.color.png 0.99912 0.030277 -0.0290271 0.0214863 -0.0301476 0.999534 0.00488928 -0.020258 0.0291616 -0.00400988 0.999567 0.00293374 0.0 0.0 0.0 1.0
fire/seq-01/color/frame-000143.color.png fire/seq-01/color/frame-000146.color.png 0.999306 0.0246527 -0.0279107 0.0205246 -0.0245069 0.999684 0.00555243 -0.0158331 0.0280385 -0.00486456 0.999595 0.00640735 0.0 0.0 0.0 1.0
fire/seq-01/color/frame-000144.color.png fire/seq-01/color/frame-000147.color.png 0.998977 0.0297918 -0.0340147 0.0342224 -0.0297742 0.999556 0.00102478 -0.00367248 0.0340302 -1.09691e-05 0.999421 0.0095987 0.0 0.0 0.0 1.0
fire/seq-01/color/frame-000145.color.png fire/seq-01/color/frame-000148.color.png 0.998792 0.0307275 -0.0383493 0.0369112 -0.0304918 0.999512 0.00671622 -0.0120676 0.038537 -0.00553878 0.999242 -0.00190596 0.0 0.0 0.0 1.0
fire/seq-01/color/frame-000146.color.png fire/seq-01/color/frame-000149.color.png 0.998766 0.0303337 -0.0393329 0.0371533 -0.0306487 0.999503 -0.00743106 0.0174801 0.0390879 0.00862738 0.999199 -0.00341043 0.0 0.0 0.0 1.0
fire/seq-01/color/frame-000147.color.png fire/seq-01/color/frame-000150.color.png 0.998836 0.0286438 -0.0388173 0.0355825 -0.0284249 0.999577 0.00617865 -0.00656176 0.0389779 -0.00506807 0.999227 0.000146329 0.0 0.0 0.0 1.0
fire/seq-01/color/frame-000148.color.png fire/seq-01/color/frame-000151.color.png 0.999678 0.0188605 -0.0169985 -0.00673145 -0.0184509 0.999543 0.0239373 -0.0377274 0.0174422 -0.0236159 0.999569 0.00766423 0.0 0.0 0.0 1.0
fire/seq-01/color/frame-000149.color.png fire/seq-01/color/frame-000152.color.png 0.998663 0.0284924 -0.0431201 0.0386458 -0.0284301 0.999594 0.00205831 0.00658846 0.0431613 -0.000829647 0.999068 0.00215715 0.0 0.0 0.0 1.0
fire/seq-01/color/frame-000150.color.png fire/seq-01/color/frame-000153.color.png 0.998891 0.0235283 -0.0407703 0.027201 -0.0232187 0.999698 0.008051 -0.00187135 0.0409473 -0.00709543 0.999136 0.00637808 0.0 0.0 0.0 1.0
fire/seq-01/color/frame-000151.color.png fire/seq-01/color/frame-000154.color.png 0.998553 0.0275931 -0.0461562 0.0322753 -0.0272873 0.999601 0.00724106 0.000299126 0.0463375 -0.0059711 0.998908 0.0126339 0.0 0.0 0.0 1.0
fire/seq-01/color/frame-000152.color.png fire/seq-01/color/frame-000155.color.png 0.99783 0.0323618 -0.0573334 0.0504091 -0.0321516 0.999472 0.00458386 0.00510782 0.0574514 -0.00273058 0.998345 0.016451 0.0 0.0 0.0 1.0
fire/seq-01/color/frame-000153.color.png fire/seq-01/color/frame-000156.color.png 0.998813 0.0262377 -0.0410406 0.0203584 -0.0254539 0.999486 0.0195047 -0.0219513 0.0415313 -0.018437 0.998967 0.0170043 0.0 0.0 0.0 1.0
fire/seq-01/color/frame-000154.color.png fire/seq-01/color/frame-000157.color.png 0.998227 0.0316319 -0.0504176 0.0367818 -0.0309756 0.999426 0.013747 -0.00779191 0.0508235 -0.0121609 0.998634 0.00932474 0.0 0.0 0.0 1.0
fire/seq-01/color/frame-000155.color.png fire/seq-01/color/frame-000158.color.png 0.999026 0.0262394 -0.0354767 0.00436813 -0.0258454 0.9996 0.011518 -0.00376233 0.0357648 -0.0105899 0.999304 0.0126561 0.0 0.0 0.0 1.0
fire/seq-01/color/frame-000156.color.png fire/seq-01/color/frame-000159.color.png 0.998528 0.0278615 -0.0465398 0.0266482 -0.0269894 0.99945 0.0192619 -0.0148658 0.0470509 -0.0179774 0.998731 0.0150799 0.0 0.0 0.0 1.0
fire/seq-01/color/frame-000157.color.png fire/seq-01/color/frame-000160.color.png 0.998252 0.0306738 -0.0505213 0.0298309 -0.0301885 0.999491 0.0103418 0.00451955 0.0508127 -0.00879858 0.998669 0.00446402 0.0 0.0 0.0 1.0
fire/seq-01/color/frame-000158.color.png fire/seq-01/color/frame-000161.color.png 0.99861 0.029173 -0.0439089 0.0206308 -0.027932 0.9992 0.028616 -0.0227845 0.0447087 -0.0273497 0.998626 0.00655487 0.0 0.0 0.0 1.0
fire/seq-01/color/frame-000159.color.png fire/seq-01/color/frame-000162.color.png 0.998704 0.0260178 -0.0437351 0.0195685 -0.0251344 0.999471 0.0206282 -0.00207904 0.0442487 -0.0195022 0.99883 0.00169314 0.0 0.0 0.0 1.0
fire/seq-01/color/frame-000160.color.png fire/seq-01/color/frame-000163.color.png 0.99961 0.0129947 -0.0247273 0.00721562 -0.0125152 0.999732 0.0194481 -0.0078505 0.0249735 -0.0191311 0.999505 0.00504954 0.0 0.0 0.0 1.0
fire/seq-01/color/frame-000161.color.png fire/seq-01/color/frame-000164.color.png 0.999614 0.00995759 -0.0259425 0.00949603 -0.00969513 0.999901 0.0102232 0.0061087 0.0260417 -0.00996773 0.999611 0.00779571 0.0 0.0 0.0 1.0
fire/seq-01/color/frame-000162.color.png fire/seq-01/color/frame-000165.color.png 0.999698 0.0114603 -0.0217173 0.00528175 -0.0113851 0.999929 0.00358599 0.0158632 0.0217568 -0.00333766 0.999758 0.00683719 0.0 0.0 0.0 1.0
fire/seq-01/color/frame-000163.color.png fire/seq-01/color/frame-000166.color.png 0.999733 0.0079856 -0.0216878 0.00364399 -0.00776402 0.999917 0.0102821 0.00255483 0.0217682 -0.010111 0.999712 0.0039849 0.0 0.0 0.0 1.0
fire/seq-01/color/frame-000164.color.png fire/seq-01/color/frame-000167.color.png 0.999893 0.00842397 -0.0119549 -0.00214833 -0.0083105 0.99992 0.00950926 0.00120258 0.0120341 -0.00940889 0.999883 0.00237741 0.0 0.0 0.0 1.0
fire/seq-01/color/frame-000165.color.png fire/seq-01/color/frame-000168.color.png 0.999901 0.00472474 -0.0132627 0.00339913 -0.00460176 0.999946 0.00928814 0.00025335 0.0133058 -0.00922619 0.999869 -0.00156151 0.0 0.0 0.0 1.0
fire/seq-01/color/frame-000166.color.png fire/seq-01/color/frame-000169.color.png 0.999726 0.0122886 -0.0199304 0.00440145 -0.0121506 0.999901 0.00702903 0.00987634 0.0200148 -0.00678493 0.999777 -0.00344729 0.0 0.0 0.0 1.0
fire/seq-01/color/frame-000167.color.png fire/seq-01/color/frame-000170.color.png 0.999859 0.00607554 -0.0156439 0.00647753 -0.00600027 0.99997 0.00485446 0.00531003 0.0156729 -0.00475991 0.999866 0.0021127 0.0 0.0 0.0 1.0
fire/seq-01/color/frame-000168.color.png fire/seq-01/color/frame-000171.color.png 0.999837 0.0102258 -0.0149148 0.00489861 -0.0101217 0.999924 0.00704215 -0.000999093 0.0149857 -0.00689003 0.999864 -0.00124742 0.0 0.0 0.0 1.0
fire/seq-01/color/frame-000169.color.png fire/seq-01/color/frame-000172.color.png 0.999826 0.011126 -0.0150036 0.00844216 -0.0110044 0.999906 0.0081655 -0.000629872 0.0150931 -0.00799897 0.999854 -0.00150242 0.0 0.0 0.0 1.0
fire/seq-01/color/frame-000170.color.png fire/seq-01/color/frame-000173.color.png 0.999695 0.0155412 -0.0192028 0.00987041 -0.0152306 0.999752 0.0162183 -0.0109499 0.0194501 -0.0159209 0.999684 -0.00283511 0.0 0.0 0.0 1.0
fire/seq-01/color/frame-000171.color.png fire/seq-01/color/frame-000174.color.png 0.999927 0.00611993 -0.0104192 -0.00317377 -0.00610677 0.99998 0.00129406 0.0110148 0.0104269 -0.00123034 0.999945 0.0131898 0.0 0.0 0.0 1.0
fire/seq-01/color/frame-000172.color.png fire/seq-01/color/frame-000175.color.png 0.99974 0.00171194 -0.0227442 0.0255927 -0.00181398 0.999988 -0.00446641 0.0143057 0.0227363 0.0045065 0.999731 0.0056771 0.0 0.0 0.0 1.0
fire/seq-01/color/frame-000173.color.png fire/seq-01/color/frame-000176.color.png 0.999606 0.00816686 -0.0268529 0.032517 -0.00825006 0.999961 -0.00298918 0.00676742 0.0268274 0.00320954 0.999635 0.0108688 0.0 0.0 0.0 1.0
fire/seq-01/color/frame-000174.color.png fire/seq-01/color/frame-000177.color.png 0.999885 0.00861691 -0.0124919 0.00395119 -0.00856793 0.999955 0.00396925 -0.00610527 0.0125255 -0.00386176 0.999914 -0.000742689 0.0 0.0 0.0 1.0
fire/seq-01/color/frame-000175.color.png fire/seq-01/color/frame-000178.color.png 0.999843 0.0142755 -0.0104544 -0.00691098 -0.0141966 0.99987 0.00757794 -0.0107167 0.0105612 -0.00742833 0.999916 -0.000587255 0.0 0.0 0.0 1.0
fire/seq-01/color/frame-000176.color.png fire/seq-01/color/frame-000179.color.png 0.999858 0.00846055 -0.0145939 0.00938165 -0.00839891 0.999956 0.00428 -0.00446177 0.0146295 -0.00415682 0.999884 -0.0104598 0.0 0.0 0.0 1.0
fire/seq-01/color/frame-000177.color.png fire/seq-01/color/frame-000180.color.png 0.999886 0.00882398 -0.0122828 0.00294578 -0.00884044 0.99996 -0.00128649 0.00486997 0.0122709 0.00139492 0.999924 0.0026568 0.0 0.0 0.0 1.0
fire/seq-01/color/frame-000178.color.png fire/seq-01/color/frame-000181.color.png 0.999851 0.0111238 -0.0132009 0.00543499 -0.0110765 0.999932 0.00365244 -0.00453833 0.0132407 -0.00350568 0.999906 0.00305787 0.0 0.0 0.0 1.0
