fire/seq-01/color/frame-000001.color.png fire/seq-01/color/frame-000004.color.png 0.999959 0.00424344 -0.00802383 -0.00428996 -0.00419887 0.999976 0.00556374 0.00285127 0.00804725 -0.00552982 0.999952 -0.00104157 0.0 0.0 0.0 1.0
fire/seq-01/color/frame-000004.color.png fire/seq-01/color/frame-000007.color.png 0.999966 0.00708563 -0.00422038 -0.00690819 -0.0070696 0.999968 0.0038013 0.00416789 0.00424718 -0.00377133 0.999984 -0.000600048 0.0 0.0 0.0 1.0
fire/seq-01/color/frame-000007.color.png fire/seq-01/color/frame-000010.color.png 0.999993 0.00304996 0.00213364 -0.00887564 -0.00306894 0.999955 0.00894966 -0.000803397 -0.00210625 -0.00895615 0.999958 -0.00171923 0.0 0.0 0.0 1.0
fire/seq-01/color/frame-000010.color.png fire/seq-01/color/frame-000013.color.png 0.999993 0.00107795 0.00347053 -0.0116584 -0.00110754 0.999963 0.00853393 0.0026729 -0.0034612 -0.00853772 0.999957 -0.000505817 0.0 0.0 0.0 1.0
fire/seq-01/color/frame-000013.color.png fire/seq-01/color/frame-000016.color.png 0.999972 0.00095966 0.00739147 -0.0122386 -0.00099288 0.999989 0.00449215 -0.00288779 -0.00738708 -0.00449937 0.999963 -0.00106407 0.0 0.0 0.0 1.0
fire/seq-01/color/frame-000016.color.png fire/seq-01/color/frame-000019.color.png 0.999953 -0.0045867 0.00851062 -0.0162108 0.0045664 0.999987 0.00240197 -3.26927e-05 -0.00852152 -0.002363 0.999961 -0.00208571 0.0 0.0 0.0 1.0
fire/seq-01/color/frame-000019.color.png fire/seq-01/color/frame-000022.color.png 0.999951 0.000213239 0.00991897 -0.0220686 -0.000228307 0.999999 0.00151797 -0.00154378 -0.00991863 -0.00152016 0.99995 -0.00127742 0.0 0.0 0.0 1.0
fire/seq-01/color/frame-000022.color.png fire/seq-01/color/frame-000025.color.png 0.999931 -0.00932994 0.00716465 -0.0263749 0.00938823 0.999923 -0.00814555 -0.00463547 -0.0070881 0.00821225 0.999941 -0.00026076 0.0 0.0 0.0 1.0
fire/seq-01/color/frame-000025.color.png fire/seq-01/color/frame-000028.color.png 0.999905 -0.00946406 0.0100415 -0.025928 0.00945233 0.999955 0.001215 -0.00156094 -0.0100526 -0.00111997 0.999949 -0.000678106 0.0 0.0 0.0 1.0
fire/seq-01/color/frame-000028.color.png fire/seq-01/color/frame-000031.color.png 0.999808 -0.00685095 0.0183368 -0.0404913 0.00696382 0.999957 -0.00609849 -0.00645462 -0.0182942 0.00622502 0.999813 -0.000577717 0.0 0.0 0.0 1.0
fire/seq-01/color/frame-000031.color.png fire/seq-01/color/frame-000034.color.png 0.999801 -0.0152089 0.0129098 -0.0283892 0.0152344 0.999882 -0.00188475 -0.00872685 -0.0128796 0.00208104 0.999915 -0.00205005 0.0 0.0 0.0 1.0
fire/seq-01/color/frame-000034.color.png fire/seq-01/color/frame-000037.color.png 0.999928 0.00846526 0.00846783 -0.0223676 -0.00837105 0.999903 -0.0110999 0.00651043 -0.00856097 0.0110282 0.999903 -0.00636637 0.0 0.0 0.0 1.0
fire/seq-01/color/frame-000037.color.png fire/seq-01/color/frame-000040.color.png 0.999743 -0.00258127 0.0225403 -0.0333565 0.00216303 0.999825 0.01856 -0.00919482 -0.0225842 -0.0185064 0.999574 0.00708072 0.0 0.0 0.0 1.0
fire/seq-01/color/frame-000040.color.png fire/seq-01/color/frame-000043.color.png 0.999217 -0.0384804 0.0092434 -0.0269206 0.0384916 0.999258 -0.00103895 -0.000629343 -0.00919658 0.00139393 0.999957 -0.000315462 0.0 0.0 0.0 1.0
fire/seq-01/color/frame-000043.color.png fire/seq-01/color/frame-000046.color.png 0.999688 0.0233651 0.00878792 -0.0332845 -0.0232417 0.999633 -0.0138905 -0.00109028 -0.00910924 0.0136819 0.999865 -0.00625854 0.0 0.0 0.0 1.0
fire/seq-01/color/frame-000046.color.png fire/seq-01/color/frame-000049.color.png 0.999777 -0.0184503 0.0102725 -0.0272265 0.0182685 0.99968 0.0175199 -0.0151155 -0.0105924 -0.0173283 0.999794 0.00824451 0.0 0.0 0.0 1.0
fire/seq-01/color/frame-000049.color.png fire/seq-01/color/frame-000052.color.png 0.999974 -0.00514489 0.00511612 -0.0164408 0.00521459 0.999893 -0.0137044 -0.00360849 -0.00504509 0.0137307 0.999893 0.00805804 0.0 0.0 0.0 1.0
fire/seq-01/color/frame-000052.color.png fire/seq-01/color/frame-000055.color.png 0.999791 -0.0183031 0.00916161 -0.0174243 0.0182219 0.999795 0.00887075 -0.0157432 -0.00932211 -0.00870195 0.999919 0.00917312 0.0 0.0 0.0 1.0
fire/seq-01/color/frame-000055.color.png fire/seq-01/color/frame-000058.color.png 0.999971 0.00216665 0.00727989 -0.0060617 -0.00216077 0.999997 -0.000816162 0.0191498 -0.00728161 0.000800407 0.999973 -0.000271674 0.0 0.0 0.0 1.0
fire/seq-01/color/frame-000058.color.png fire/seq-01/color/frame-000061.color.png 0.999516 -0.0176458 0.0255982 -0.0295124 0.0169879 0.999525 0.0256975 -0.0336281 -0.0260395 -0.0252502 0.999342 0.0190694 0.0 0.0 0.0 1.0
fire/seq-01/color/frame-000061.color.png fire/seq-01/color/frame-000064.color.png 0.999539 -0.0128097 0.0275382 -0.0180341 0.0124276 0.999825 0.0140045 -0.0223063 -0.0277128 -0.0136558 0.999523 0.0146825 0.0 0.0 0.0 1.0
fire/seq-01/color/frame-000064.color.png fire/seq-01/color/frame-000067.color.png 0.999396 -0.0224339 0.0265571 -0.016312 0.0224144 0.999748 0.00103397 -0.00728954 -0.0265736 -0.000438087 0.999647 0.00514229 0.0 0.0 0.0 1.0
fire/seq-01/color/frame-000067.color.png fire/seq-01/color/frame-000070.color.png 0.998321 -0.0484653 0.031719 -0.0203833 0.0488363 0.998746 -0.0110274 -0.00121601 -0.0311447 0.012558 0.999436 0.0170371 0.0 0.0 0.0 1.0
fire/seq-01/color/frame-000070.color.png fire/seq-01/color/frame-000073.color.png 0.998517 -0.0390123 0.0379795 -0.0331628 0.0392979 0.999205 -0.00680285 -0.0124507 -0.0376839 0.00828527 0.999255 0.0128453 0.0 0.0 0.0 1.0
fire/seq-01/color/frame-000073.color.png fire/seq-01/color/frame-000076.color.png 0.998633 -0.0378571 0.0360321 -0.0454132 0.0376042 0.999263 0.00767199 -0.00634518 -0.036296 -0.00630655 0.999321 0.0148847 0.0 0.0 0.0 1.0
fire/seq-01/color/frame-000076.color.png fire/seq-01/color/frame-000079.color.png 0.99988 -0.00289861 0.0152593 0.00103164 0.00286676 0.999994 0.00210883 -0.0135227 -0.0152653 -0.00206484 0.999881 0.00933667 0.0 0.0 0.0 1.0
fire/seq-01/color/frame-000079.color.png fire/seq-01/color/frame-000082.color.png 0.999331 -0.0162266 0.032787 -0.0268163 0.0160392 0.999853 0.00597376 -0.0125054 -0.0328791 -0.00544388 0.999445 0.00190929 0.0 0.0 0.0 1.0
fire/seq-01/color/frame-000082.color.png fire/seq-01/color/frame-000085.color.png 0.999212 -0.0138891 0.0371764 -0.0241928 0.0137459 0.999897 0.00410409 -0.021553 -0.0372296 -0.00358982 0.9993 0.00718364 0.0 0.0 0.0 1.0
fire/seq-01/color/frame-000085.color.png fire/seq-01/color/frame-000088.color.png 0.999017 -0.0153676 0.0415801 -0.0257577 0.0155241 0.999874 -0.00344319 -0.0119385 -0.0415218 0.00408532 0.999129 -0.00354242 0.0 0.0 0.0 1.0
fire/seq-01/color/frame-000088.color.png fire/seq-01/color/frame-000091.color.png 0.997757 -0.0324212 0.0585607 -0.0562677 0.0323497 0.999474 0.00217013 -0.0174609 -0.0586003 -0.000270824 0.998281 0.00302038 0.0 0.0 0.0 1.0
fire/seq-01/color/frame-000091.color.png fire/seq-01/color/frame-000094.color.png 0.998553 -0.026628 0.0467259 -0.0365035 0.0275456 0.999438 -0.0191053 0.00596738 -0.0461909 0.0203647 0.998725 -0.00596017 0.0 0.0 0.0 1.0
fire/seq-01/color/frame-000094.color.png fire/seq-01/color/frame-000097.color.png 0.997686 -0.0388346 0.0558161 -0.0545332 0.0390352 0.999235 -0.00250824 -0.0201362 -0.0556759 0.00468121 0.998438 -0.00705767 0.0 0.0 0.0 1.0
fire/seq-01/color/frame-000097.color.png fire/seq-01/color/frame-000100.color.png 0.998357 -0.034517 0.0457402 -0.0479226 0.0353096 0.999238 -0.0166339 0.000628531 -0.0451314 0.0182215 0.998815 -0.00685352 0.0 0.0 0.0 1.0
fire/seq-01/color/frame-000100.color.png fire/seq-01/color/frame-000103.color.png 0.998945 -0.0255449 0.0381725 -0.0358518 0.0255851 0.999672 -0.000564109 -0.0179704 -0.0381454 0.00154021 0.999271 -0.00786877 0.0 0.0 0.0 1.0
fire/seq-01/color/frame-000103.color.png fire/seq-01/color/frame-000106.color.png 0.998824 -0.0189943 0.0446174 -0.0409618 0.019576 0.999729 -0.0126416 -0.00592107 -0.0443652 0.0135001 0.998924 -0.0077295 0.0 0.0 0.0 1.0
fire/seq-01/color/frame-000106.color.png fire/seq-01/color/frame-000109.color.png 0.999526 -0.00314577 0.0306277 -0.0265956 0.00358241 0.999893 -0.0142072 -0.0116649 -0.0305796 0.0143102 0.99943 -0.0108404 0.0 0.0 0.0 1.0
fire/seq-01/color/frame-000109.color.png fire/seq-01/color/frame-000112.color.png 0.999781 0.00393411 0.0205392 -0.0213986 -0.00379756 0.99997 -0.00668712 -0.0332273 -0.0205651 0.00660761 0.999767 -0.00500971 0.0 0.0 0.0 1.0
fire/seq-01/color/frame-000112.color.png fire/seq-01/color/frame-000115.color.png 0.999868 0.0157367 -0.00393301 -0.000799119 -0.0157719 0.999834 -0.00908799 -0.0190599 0.00378949 0.00914889 0.999951 0.00815859 0.0 0.0 0.0 1.0
fire/seq-01/color/frame-000115.color.png fire/seq-01/color/frame-000118.color.png 0.997649 0.0581849 -0.0362005 0.0320414 -0.0589199 0.998071 -0.0195756 -0.0303681 0.0349916 0.0216625 0.999153 0.0163423 0.0 0.0 0.0 1.0
fire/seq-01/color/frame-000118.color.png fire/seq-01/color/frame-000121.color.png 0.997628 0.0535611 -0.0432297 0.0216754 -0.053528 0.998565 0.00192332 -0.0588014 0.0432706 0.000395242 0.999063 0.0206218 0.0 0.0 0.0 1.0
fire/seq-01/color/frame-000121.color.png fire/seq-01/color/frame-000124.color.png 0.998916 0.0284792 -0.0368059 0.0273837 -0.0283244 0.999588 0.00472044 -0.0182843 0.0369251 -0.00367285 0.999311 0.0129079 0.0 0.0 0.0 1.0
fire/seq-01/color/frame-000124.color.png fire/seq-01/color/frame-000127.color.png 0.997954 0.0376072 -0.0517 0.0290301 -0.0375061 0.999292 0.00292464 -0.0217602 0.0517735 -0.000979605 0.998658 0.0273704 0.0 0.0 0.0 1.0
fire/seq-01/color/frame-000127.color.png fire/seq-01/color/frame-000130.color.png 0.997735 0.0397998 -0.0542277 0.0362047 -0.0406844 0.999055 -0.0153083 0.00893277 0.0535671 0.0174799 0.998411 0.0238608 0.0 0.0 0.0 1.0
fire/seq-01/color/frame-000130.color.png fire/seq-01/color/frame-000133.color.png 0.998736 0.0367532 -0.0342862 0.0172014 -0.0367716 0.999324 9.32404e-05 -0.028357 0.0342665 0.00116762 0.999412 0.0216895 0.0 0.0 0.0 1.0
fire/seq-01/color/frame-000133.color.png fire/seq-01/color/frame-000136.color.png 0.999005 0.0244549 -0.0372991 0.0265329 -0.0245304 0.999698 -0.00156484 -0.0215742 0.0372496 0.00247824 0.999303 0.016726 0.0 0.0 0.0 1.0
fire/seq-01/color/frame-000136.color.png fire/seq-01/color/frame-000139.color.png 0.999116 0.0297955 -0.0296423 0.0177866 -0.0300269 0.999522 -0.00739095 -0.00761452 0.0294078 0.0082745 0.999533 0.0242566 0.0 0.0 0.0 1.0
fire/seq-01/color/frame-000139.color.png fire/seq-01/color/frame-000142.color.png 0.998946 0.0314028 -0.0334841 0.0284489 -0.0311156 0.999475 0.00906374 -0.0357606 0.0337512 -0.0080123 0.999398 0.00756168 0.0 0.0 0.0 1.0
fire/seq-01/color/frame-000142.color.png fire/seq-01/color/frame-000145.color.png 0.99912 0.030277 -0.0290271 0.0214863 -0.0301476 0.999534 0.00488928 -0.020258 0.0291616 -0.00400988 0.999567 0.00293374 0.0 0.0 0.0 1.0
fire/seq-01/color/frame-000145.color.png fire/seq-01/color/frame-000148.color.png 0.998792 0.0307275 -0.0383493 0.0369112 -0.0304918 0.999512 0.00671622 -0.0120676 0.038537 -0.00553878 0.999242 -0.00190596 0.0 0.0 0.0 1.0
fire/seq-01/color/frame-000148.color.png fire/seq-01/color/frame-000151.color.png 0.999678 0.0188605 -0.0169985 -0.00673145 -0.0184509 0.999543 0.0239373 -0.0377274 0.0174422 -0.0236159 0.999569 0.00766423 0.0 0.0 0.0 1.0
fire/seq-01/color/frame-000151.color.png fire/seq-01/color/frame-000154.color.png 0.998553 0.0275931 -0.0461562 0.0322753 -0.0272873 0.999601 0.00724106 0.000299126 0.0463375 -0.0059711 0.998908 0.0126339 0.0 0.0 0.0 1.0
fire/seq-01/color/frame-000154.color.png fire/seq-01/color/frame-000157.color.png 0.998227 0.0316319 -0.0504176 0.0367818 -0.0309756 0.999426 0.013747 -0.00779191 0.0508235 -0.0121609 0.998634 0.00932474 0.0 0.0 0.0 1.0
fire/seq-01/color/frame-000157.color.png fire/seq-01/color/frame-000160.color.png 0.998252 0.0306738 -0.0505213 0.0298309 -0.0301885 0.999491 0.0103418 0.00451955 0.0508127 -0.00879858 0.998669 0.00446402 0.0 0.0 0.0 1.0
fire/seq-01/color/frame-000160.color.png fire/seq-01/color/frame-000163.color.png 0.99961 0.0129947 -0.0247273 0.00721562 -0.0125152 0.999732 0.0194481 -0.0078505 0.0249735 -0.0191311 0.999505 0.00504954 0.0 0.0 0.0 1.0
fire/seq-01/color/frame-000163.color.png fire/seq-01/color/frame-000166.color.png 0.999733 0.0079856 -0.0216878 0.00364399 -0.00776402 0.999917 0.0102821 0.00255483 0.0217682 -0.010111 0.999712 0.0039849 0.0 0.0 0.0 1.0
fire/seq-01/color/frame-000166.color.png fire/seq-01/color/frame-000169.color.png 0.999726 0.0122886 -0.0199304 0.00440145 -0.0121506 0.999901 0.00702903 0.00987634 0.0200148 -0.00678493 0.999777 -0.00344729 0.0 0.0 0.0 1.0
fire/seq-01/color/frame-000169.color.png fire/seq-01/color/frame-000172.color.png 0.999826 0.011126 -0.0150036 0.00844216 -0.0110044 0.999906 0.0081655 -0.000629872 0.0150931 -0.00799897 0.999854 -0.00150242 0.0 0.0 0.0 1.0
fire/seq-01/color/frame-000172.color.png fire/seq-01/color/frame-000175.color.png 0.99974 0.00171194 -0.0227442 0.0255927 -0.00181398 0.999988 -0.00446641 0.0143057 0.0227363 0.0045065 0.999731 0.0056771 0.0 0.0 0.0 1.0
fire/seq-01/color/frame-000175.color.png fire/seq-01/color/frame-000178.color.png 0.999843 0.0142755 -0.0104544 -0.00691098 -0.0141966 0.99987 0.00757794 -0.0107167 0.0105612 -0.00742833 0.999916 -0.000587255 0.0 0.0 0.0 1.0
fire/seq-01/color/frame-000178.color.png fire/seq-01/color/frame-000181.color.png 0.999851 0.0111238 -0.0132009 0.00543499 -0.0110765 0.999932 0.00365244 -0.00453833 0.0132407 -0.00350568 0.999906 0.00305787 0.0 0.0 0.0 1.0
fire/seq-01/color/frame-000181.color.png fire/seq-01/color/frame-000184.color.png 0.999946 0.00440795 -0.00939395 -0.00156564 -0.00438106 0.999986 0.00288063 0.00122628 0.00940652 -0.00283932 0.999952 -0.00618174 0.0 0.0 0.0 1.0
fire/seq-01/color/frame-000184.color.png fire/seq-01/color/frame-000187.color.png 0.999505 0.0190191 -0.0250717 0.0134052 -0.0186801 0.999732 0.0136844 -0.00901753 0.0253252 -0.0132092 0.999592 -0.00836957 0.0 0.0 0.0 1.0
fire/seq-01/color/frame-000187.color.png fire/seq-01/color/frame-000190.color.png 0.999843 0.0151363 -0.00924216 0.00483513 -0.0148564 0.999451 0.0296313 -0.013158 0.00968559 -0.0294893 0.999518 -0.0152741 0.0 0.0 0.0 1.0
fire/seq-01/color/frame-000190.color.png fire/seq-01/color/frame-000193.color.png 0.999991 -0.00104311 -0.00413309 0.00336707 0.00112802 0.999787 0.0205938 0.00764295 0.00411073 -0.0205982 0.999779 -0.0116428 0.0 0.0 0.0 1.0
fire/seq-01/color/frame-000193.color.png fire/seq-01/color/frame-000196.color.png 0.999995 -0.0028795 0.00124129 0.00399226 0.00284222 0.999574 0.0290502 0.00747821 -0.00132441 -0.0290466 0.999577 -0.0232111 0.0 0.0 0.0 1.0
fire/seq-01/color/frame-000196.color.png fire/seq-01/color/frame-000199.color.png 0.999998 -0.000226997 0.0018837 0.0024848 0.000211458 0.999966 0.00825042 0.015167 -0.00188551 -0.00825002 0.999964 -0.0113203 0.0 0.0 0.0 1.0
fire/seq-01/color/frame-000199.color.png fire/seq-01/color/frame-000202.color.png 0.999925 0.000870958 0.0122461 0.00527209 -0.00114148 0.999755 0.0221011 0.00436488 -0.0122239 -0.0221135 0.999681 -0.025933 0.0 0.0 0.0 1.0
fire/seq-01/color/frame-000202.color.png fire/seq-01/color/frame-000205.color.png 0.999932 -0.00355028 0.0111308 0.00303036 0.00356959 0.999992 -0.00171653 0.0478064 -0.0111247 0.00175616 0.999937 -0.022772 0.0 0.0 0.0 1.0
fire/seq-01/color/frame-000205.color.png fire/seq-01/color/frame-000208.color.png 0.999955 -0.000439154 0.00952658 0.00834656 0.000226417 0.999751 0.0223216 -0.00742513 -0.00953401 -0.0223184 0.999705 -0.0237641 0.0 0.0 0.0 1.0
fire/seq-01/color/frame-000208.color.png fire/seq-01/color/frame-000211.color.png 0.999904 -0.00817346 0.0112227 0.0261281 0.00802371 0.999879 0.0133233 0.0312266 -0.0113303 -0.013232 0.999848 -0.0134139 0.0 0.0 0.0 1.0
fire/seq-01/color/frame-000211.color.png fire/seq-01/color/frame-000214.color.png 0.999957 0.00557096 0.0074566 0.0246533 -0.00567763 0.999881 0.0143647 -0.00532773 -0.00737568 -0.0144064 0.999869 -0.0176927 0.0 0.0 0.0 1.0
fire/seq-01/color/frame-000214.color.png fire/seq-01/color/frame-000217.color.png 0.999883 0.0102528 0.0113179 0.0392174 -0.0104978 0.999707 0.021798 -0.00256485 -0.0110911 -0.0219143 0.999698 -0.0267999 0.0 0.0 0.0 1.0
fire/seq-01/color/frame-000217.color.png fire/seq-01/color/frame-000220.color.png 0.999951 0.00967155 0.0021818 0.0374251 -0.00971063 0.999778 0.0186717 -0.00848716 -0.00200074 -0.018692 0.999823 -0.0225099 0.0 0.0 0.0 1.0
fire/seq-01/color/frame-000220.color.png fire/seq-01/color/frame-000223.color.png 0.999989 -0.00206196 -0.00429959 0.0385067 0.00209774 0.999963 0.00833148 0.0100751 0.00428225 -0.00834038 0.999956 -0.00847345 0.0 0.0 0.0 1.0
fire/seq-01/color/frame-000223.color.png fire/seq-01/color/frame-000226.color.png 0.999906 0.00861463 -0.0106632 0.0770136 -0.00868794 0.999939 -0.00684777 0.0357248 0.0106036 0.00693973 0.99992 -0.00456509 0.0 0.0 0.0 1.0
fire/seq-01/color/frame-000226.color.png fire/seq-01/color/frame-000229.color.png 0.999999 -0.00106073 -0.000418343 0.0296305 0.00106236 0.999992 0.00394509 0.00224106 0.000414157 -0.00394549 0.999992 -0.00139702 0.0 0.0 0.0 1.0
fire/seq-01/color/frame-000229.color.png fire/seq-01/color/frame-000232.color.png 0.999994 -0.00347849 -0.000702302 0.0438626 0.00347162 0.999949 -0.00953631 0.0294555 0.000735434 0.00953379 0.999954 -0.0161045 0.0 0.0 0.0 1.0
fire/seq-01/color/frame-000232.color.png fire/seq-01/color/frame-000235.color.png 0.999893 -0.0125242 0.00751292 0.0425838 0.0124842 0.999908 0.00535079 0.00412393 -0.00757924 -0.00525643 0.999957 -0.0046205 0.0 0.0 0.0 1.0
fire/seq-01/color/frame-000235.color.png fire/seq-01/color/frame-000238.color.png 0.999974 -0.00702762 -0.00137894 0.0307074 0.00703017 0.999974 0.00185851 0.00203304 0.00136585 -0.00186813 0.999997 0.00414279 0.0 0.0 0.0 1.0
fire/seq-01/color/frame-000238.color.png fire/seq-01/color/frame-000241.color.png 0.99983 -0.0172058 0.00668214 0.0324765 0.0171514 0.99982 0.00812411 -0.00365497 -0.00682072 -0.00800814 0.999945 0.00258774 0.0 0.0 0.0 1.0
fire/seq-01/color/frame-000241.color.png fire/seq-01/color/frame-000244.color.png 0.999982 -0.00600435 0.000139223 0.0279428 0.00600446 0.999982 -0.000849298 0.00806458 -0.000134114 0.000850167 1.0 0.00786212 0.0 0.0 0.0 1.0
fire/seq-01/color/frame-000244.color.png fire/seq-01/color/frame-000247.color.png 0.999928 -0.00959462 0.00716409 0.0451455 0.00962037 0.999947 -0.00356809 0.00570007 -0.0071295 0.00363675 0.999968 0.0117405 0.0 0.0 0.0 1.0
fire/seq-01/color/frame-000247.color.png fire/seq-01/color/frame-000250.color.png 0.999914 -0.00755799 0.0107429 0.0200631 0.00750808 0.999961 0.00467882 -0.00282516 -0.0107778 -0.00459772 0.999931 0.00606943 0.0 0.0 0.0 1.0
fire/seq-01/color/frame-000250.color.png fire/seq-01/color/frame-000253.color.png 0.999956 -0.000716809 0.00938265 0.0316231 0.000638921 0.999965 0.00830124 -0.00652416 -0.00938828 -0.00829492 0.999922 0.0140483 0.0 0.0 0.0 1.0
fire/seq-01/color/frame-000253.color.png fire/seq-01/color/frame-000256.color.png 0.999968 -0.00138517 0.00792911 0.016197 0.00133063 0.999975 0.00687969 -0.00848639 -0.00793844 -0.00686889 0.999945 0.00763586 0.0 0.0 0.0 1.0
fire/seq-01/color/frame-000256.color.png fire/seq-01/color/frame-000259.color.png 0.999998 -0.00130287 0.00169883 0.0316483 0.00129088 0.999974 0.00704358 -0.0209048 -0.00170797 -0.00704138 0.999974 0.0128987 0.0 0.0 0.0 1.0
fire/seq-01/color/frame-000259.color.png fire/seq-01/color/frame-000262.color.png 0.999996 0.00254179 0.000664654 0.0222753 -0.00254433 0.999989 0.00384229 -0.00824645 -0.000654874 -0.00384401 0.999992 0.0108571 0.0 0.0 0.0 1.0
fire/seq-01/color/frame-000262.color.png fire/seq-01/color/frame-000265.color.png 0.999978 -0.00554744 0.00368338 0.0166897 0.0055238 0.999964 0.00639576 -0.0181615 -0.00371872 -0.00637521 0.999973 0.0090418 0.0 0.0 0.0 1.0
fire/seq-01/color/frame-000265.color.png fire/seq-01/color/frame-000268.color.png 0.999961 -0.0075839 -0.00452637 0.0301895 0.00759391 0.999969 0.00219926 -0.0109647 0.00450953 -0.00223358 0.999987 0.0136758 0.0 0.0 0.0 1.0
fire/seq-01/color/frame-000268.color.png fire/seq-01/color/frame-000271.color.png 0.999955 0.00896138 -0.00311127 0.0257863 -0.00897718 0.999947 -0.00510132 -0.00394529 0.00306538 0.00512899 0.999982 -0.00147607 0.0 0.0 0.0 1.0
fire/seq-01/color/frame-000271.color.png fire/seq-01/color/frame-000274.color.png 0.999957 0.00917231 -0.00146354 0.026875 -0.00917322 0.999958 -0.000617267 -0.0129347 0.00145783 0.000630702 0.999999 0.0107896 0.0 0.0 0.0 1.0
fire/seq-01/color/frame-000274.color.png fire/seq-01/color/frame-000277.color.png 0.999973 -0.000446358 -0.00737115 0.0179517 0.000475156 0.999992 0.00390479 -0.0106069 0.00736936 -0.00390821 0.999965 0.00672577 0.0 0.0 0.0 1.0
fire/seq-01/color/frame-000277.color.png fire/seq-01/color/frame-000280.color.png 0.999991 0.00338084 -0.00245045 0.018631 -0.0034203 0.999862 -0.0162829 0.00513479 0.00239506 0.0162911 0.999864 0.00855945 0.0 0.0 0.0 1.0
fire/seq-01/color/frame-000280.color.png fire/seq-01/color/frame-000283.color.png 0.999898 0.00599199 -0.0129641 0.0381901 -0.00609623 0.999949 -0.00801659 -0.00821286 0.0129154 0.00809482 0.999884 0.0129435 0.0 0.0 0.0 1.0
fire/seq-01/color/frame-000283.color.png fire/seq-01/color/frame-000286.color.png 0.999885 0.00845907 -0.0126145 0.0240095 -0.00862127 0.99988 -0.0128594 0.00605881 0.0125042 0.0129667 0.999838 0.00216471 0.0 0.0 0.0 1.0
fire/seq-01/color/frame-000286.color.png fire/seq-01/color/frame-000289.color.png 0.999111 0.00760539 -0.0414554 0.0695173 -0.00741555 0.999961 0.0047313 -0.0387284 0.0414898 -0.00441971 0.999129 0.0121014 0.0 0.0 0.0 1.0
fire/seq-01/color/frame-000289.color.png fire/seq-01/color/frame-000292.color.png 0.999849 0.00742932 -0.015733 0.028576 -0.00762057 0.999897 -0.0121311 -0.00090912 0.0156412 0.0122492 0.999803 0.00478565 0.0 0.0 0.0 1.0
fire/seq-01/color/frame-000292.color.png fire/seq-01/color/frame-000295.color.png 0.99955 0.00629376 -0.029315 0.0475335 -0.00611271 0.999962 0.00626093 -0.0103484 0.0293533 -0.00607893 0.999551 -0.00817886 0.0 0.0 0.0 1.0
fire/seq-01/color/frame-000295.color.png fire/seq-01/color/frame-000298.color.png 0.999857 0.00353758 -0.0165303 0.0298714 -0.00352656 0.999994 0.000697111 0.000224918 0.0165327 -0.000638717 0.999863 -0.00369558 0.0 0.0 0.0 1.0
fire/seq-01/color/frame-000298.color.png fire/seq-01/color/frame-000301.color.png 0.999612 0.0142137 -0.0239682 0.054323 -0.0144951 0.999828 -0.0116072 0.000355214 0.0237991 0.0119501 0.999645 0.000735216 0.0 0.0 0.0 1.0
fire/seq-01/color/frame-000301.color.png fire/seq-01/color/frame-000304.color.png 0.99981 0.00442135 -0.018971 0.0444928 -0.00425865 0.999954 0.00860789 -0.00760967 0.0190082 -0.0085255 0.999783 -0.0035846 0.0 0.0 0.0 1.0
fire/seq-01/color/frame-000304.color.png fire/seq-01/color/frame-000307.color.png 0.999956 -0.00153675 -0.00920878 0.019457 0.00156789 0.999993 0.0033738 -0.00460529 0.00920353 -0.00338807 0.999952 -0.00105907 0.0 0.0 0.0 1.0
fire/seq-01/color/frame-000307.color.png fire/seq-01/color/frame-000310.color.png 0.999657 -0.0193678 -0.0176227 0.0192786 0.019288 0.999803 -0.00469022 -0.0111856 0.0177101 0.00434871 0.999834 -0.0033624 0.0 0.0 0.0 1.0
fire/seq-01/color/frame-000310.color.png fire/seq-01/color/frame-000313.color.png 0.999862 -0.006516 -0.0152663 0.0181203 0.00652554 0.999979 0.00057378 -0.00460693 0.0152622 -0.000673353 0.999883 -0.00257578 0.0 0.0 0.0 1.0
fire/seq-01/color/frame-000313.color.png fire/seq-01/color/frame-000316.color.png 0.999856 -0.00120902 -0.016941 0.0258937 0.00129027 0.999988 0.00478554 -0.0112949 0.016935 -0.00480674 0.999845 -0.00855057 0.0 0.0 0.0 1.0
fire/seq-01/color/frame-000316.color.png fire/seq-01/color/frame-000319.color.png 0.999734 0.00827673 -0.021516 0.028238 -0.00854635 0.999886 -0.0124692 0.0121361 0.0214103 0.0126498 0.999691 0.00759514 0.0 0.0 0.0 1.0
fire/seq-01/color/frame-000319.color.png fire/seq-01/color/frame-000322.color.png 0.999674 -0.00481778 -0.0250902 0.0454071 0.00473296 0.999983 -0.00343828 -0.00399438 0.0251063 0.00331844 0.999679 0.00704925 0.0 0.0 0.0 1.0
fire/seq-01/color/frame-000322.color.png fire/seq-01/color/frame-000325.color.png 0.999954 0.00381665 -0.0088245 0.0295829 -0.00379958 0.999991 0.00194815 -0.0035823 0.0088318 -0.00191454 0.999959 0.00909758 0.0 0.0 0.0 1.0
fire/seq-01/color/frame-000325.color.png fire/seq-01/color/frame-000328.color.png 0.999898 0.00117974 -0.0142565 0.0337935 -0.00125187 0.999986 -0.00505082 -0.00611785 0.0142504 0.00506816 0.999886 0.00886583 0.0 0.0 0.0 1.0
fire/seq-01/color/frame-000328.color.png fire/seq-01/color/frame-000331.color.png 0.999853 0.00459312 -0.0165153 0.0295622 -0.00470096 0.999968 -0.00649664 -0.000890136 0.0164848 0.00657333 0.999843 0.00455289 0.0 0.0 0.0 1.0
fire/seq-01/color/frame-000331.color.png fire/seq-01/color/frame-000334.color.png 0.999789 0.0109612 -0.0173891 0.0332336 -0.0108801 0.999929 0.00475132 -0.00984579 0.01744 -0.00456112 0.999837 -0.00537813 0.0 0.0 0.0 1.0
fire/seq-01/color/frame-000334.color.png fire/seq-01/color/frame-000337.color.png 0.999246 0.0240838 -0.0304469 0.0469535 -0.0243611 0.999665 -0.00876927 0.0121481 0.0302255 0.00950442 0.999498 -0.00411271 0.0 0.0 0.0 1.0
fire/seq-01/color/frame-000337.color.png fire/seq-01/color/frame-000340.color.png 0.998778 0.0276494 -0.040961 0.0565587 -0.027687 0.999617 -0.000349745 0.0104813 0.0409356 0.00148338 0.999161 -0.0135629 0.0 0.0 0.0 1.0
fire/seq-01/color/frame-000340.color.png fire/seq-01/color/frame-000343.color.png 0.99882 0.0275348 -0.0400185 0.0398421 -0.0274524 0.99962 0.00260513 0.00390276 0.0400751 -0.00150344 0.999196 -0.0211318 0.0 0.0 0.0 1.0
fire/seq-01/color/frame-000343.color.png fire/seq-01/color/frame-000346.color.png 0.998657 0.0248533 -0.0454658 0.0448841 -0.0246456 0.999683 0.00512445 0.00398347 0.0455787 -0.00399698 0.998953 -0.020991 0.0 0.0 0.0 1.0
fire/seq-01/color/frame-000346.color.png fire/seq-01/color/frame-000349.color.png 0.998455 0.037699 -0.0408099 0.0472311 -0.038123 0.999226 -0.00966361 0.0243353 0.040414 0.0112044 0.99912 -0.0246742 0.0 0.0 0.0 1.0
fire/seq-01/color/frame-000349.color.png fire/seq-01/color/frame-000352.color.png 0.998196 0.0454251 -0.0392639 0.0517077 -0.045748 0.998926 -0.00736296 0.024642 0.0388873 0.00914596 0.999202 -0.0184959 0.0 0.0 0.0 1.0
fire/seq-01/color/frame-000352.color.png fire/seq-01/color/frame-000355.color.png 0.99769 0.0516011 -0.0441735 0.0539089 -0.0521428 0.998577 -0.0112004 0.0341004 0.0435328 0.0134778 0.998961 -0.0167037 0.0 0.0 0.0 1.0
fire/seq-01/color/frame-000355.color.png fire/seq-01/color/frame-000358.color.png 0.998142 0.0438409 -0.0423136 0.0518361 -0.044102 0.999013 -0.00525743 0.029718 0.0420413 0.00711379 0.99909 -0.0327479 0.0 0.0 0.0 1.0
fire/seq-01/color/frame-000358.color.png fire/seq-01/color/frame-000361.color.png 0.996365 0.0429694 -0.0735492 0.0912141 -0.0435037 0.999037 -0.00567671 0.0447353 0.0732344 0.00885573 0.997276 -0.0277224 0.0 0.0 0.0 1.0
fire/seq-01/color/frame-000361.color.png fire/seq-01/color/frame-000364.color.png 0.99643 0.0551575 -0.0639185 0.077848 -0.0563805 0.998256 -0.0174887 0.0556936 0.0628425 0.02103 0.997802 -0.0556654 0.0 0.0 0.0 1.0
fire/seq-01/color/frame-000364.color.png fire/seq-01/color/frame-000367.color.png 0.996478 0.0673001 -0.0500247 0.0794071 -0.0666635 0.997673 0.0142903 0.0382557 0.05087 -0.0109051 0.998646 -0.0495189 0.0 0.0 0.0 1.0
fire/seq-01/color/frame-000367.color.png fire/seq-01/color/frame-000370.color.png 0.996381 0.0440661 -0.0726911 0.0870937 -0.0451245 0.998897 -0.0129817 0.0330399 0.072039 0.0162146 0.99727 -0.059084 0.0 0.0 0.0 1.0
fire/seq-01/color/frame-000370.color.png fire/seq-01/color/frame-000373.color.png 0.999003 -0.00017929 -0.0446368 0.0466831 0.0001668 1.0 -0.000285686 -0.000160366 0.0446368 0.000278082 0.999003 -0.0549206 0.0 0.0 0.0 1.0
fire/seq-01/color/frame-000373.color.png fire/seq-01/color/frame-000376.color.png 0.998856 0.0236427 -0.0415544 0.0632557 -0.0232692 0.999685 0.00944795 0.00712472 0.0417648 -0.00847019 0.999092 -0.0409016 0.0 0.0 0.0 1.0
fire/seq-01/color/frame-000376.color.png fire/seq-01/color/frame-000379.color.png 0.999251 -0.000912322 -0.0386945 0.0510705 -0.000162724 0.999614 -0.0277711 0.00696635 0.0387049 0.0277566 0.998865 -0.0337599 0.0 0.0 0.0 1.0
fire/seq-01/color/frame-000379.color.png fire/seq-01/color/frame-000382.color.png 0.999713 0.0190035 -0.014568 0.0314188 -0.019329 0.999559 -0.0225283 0.0415687 0.0141335 0.0228035 0.99964 -0.0249478 0.0 0.0 0.0 1.0
fire/seq-01/color/frame-000382.color.png fire/seq-01/color/frame-000385.color.png 0.99961 0.0133014 -0.0245711 0.062102 -0.0128233 0.999727 0.0195114 0.00490087 0.0248239 -0.0191887 0.999508 -0.0536556 0.0 0.0 0.0 1.0
fire/seq-01/color/frame-000385.color.png fire/seq-01/color/frame-000388.color.png 0.999998 0.00170541 -0.00120864 0.0358465 -0.00170064 0.999991 0.00389284 0.0168846 0.00121527 -0.00389073 0.999992 -0.00515753 0.0 0.0 0.0 1.0
fire/seq-01/color/frame-000388.color.png fire/seq-01/color/frame-000391.color.png 0.999573 -0.0168439 0.0238631 0.0263711 0.0169182 0.999853 -0.00291546 -0.00224689 -0.0238104 0.00331801 0.999711 0.00450096 0.0 0.0 0.0 1.0
fire/seq-01/color/frame-000391.color.png fire/seq-01/color/frame-000394.color.png 0.998922 -0.0286612 0.0365021 0.0292244 0.0283852 0.999565 0.00805724 -0.0431062 -0.0367172 -0.00701238 0.999301 0.051745 0.0 0.0 0.0 1.0
fire/seq-01/color/frame-000394.color.png fire/seq-01/color/frame-000397.color.png 0.999088 -0.0166094 0.0393344 0.023523 0.0167959 0.999849 -0.0044173 -0.0160552 -0.039255 0.00507382 0.999216 0.018646 0.0 0.0 0.0 1.0
fire/seq-01/color/frame-000397.color.png fire/seq-01/color/frame-000400.color.png 0.999868 -0.00939987 0.0132589 0.0342089 0.00960775 0.999831 -0.0157008 -0.0203265 -0.0131091 0.0158261 0.999789 0.0258242 0.0 0.0 0.0 1.0
fire/seq-01/color/frame-000400.color.png fire/seq-01/color/frame-000403.color.png 0.999935 -0.0105934 -0.00410442 0.032986 0.0105992 0.999943 0.00140288 -0.0184947 0.00408935 -0.00144622 0.999991 -0.00879206 0.0 0.0 0.0 1.0
fire/seq-01/color/frame-000403.color.png fire/seq-01/color/frame-000406.color.png 0.999927 -0.00375572 -0.0115271 0.0411282 0.00394734 0.999854 0.0166421 -0.0273934 0.011463 -0.0166865 0.999795 -0.017627 0.0 0.0 0.0 1.0
fire/seq-01/color/frame-000406.color.png fire/seq-01/color/frame-000409.color.png 0.999797 0.0123681 -0.0158754 0.0515125 -0.0123066 0.999916 0.00396332 0.0103673 0.0159231 -0.00376711 0.999866 -0.0264924 0.0 0.0 0.0 1.0
fire/seq-01/color/frame-000409.color.png fire/seq-01/color/frame-000412.color.png 0.999362 0.0101879 -0.0342301 0.0649463 -0.00971085 0.999854 0.0140749 -0.0165024 0.0343685 -0.0137336 0.999315 -0.0192271 0.0 0.0 0.0 1.0
fire/seq-01/color/frame-000412.color.png fire/seq-01/color/frame-000415.color.png 0.999723 0.00530939 -0.0229129 0.0591782 -0.00518016 0.99997 0.00569609 -0.0112322 0.0229424 -0.00557582 0.999721 -0.0199287 0.0 0.0 0.0 1.0
fire/seq-01/color/frame-000415.color.png fire/seq-01/color/frame-000418.color.png 1.0 -0.00061716 -5.99431e-05 0.0403301 0.000617319 0.999997 0.00258387 -0.0178604 5.83012e-05 -0.00258392 0.999997 0.00336221 0.0 0.0 0.0 1.0
fire/seq-01/color/frame-000418.color.png fire/seq-01/color/frame-000421.color.png 0.999934 -0.0105765 -0.00454731 0.0354012 0.0106297 0.999873 0.0118548 -0.0360644 0.00442145 -0.0119023 0.999919 0.00600871 0.0 0.0 0.0 1.0
fire/seq-01/color/frame-000421.color.png fire/seq-01/color/frame-000424.color.png 0.999767 -0.0211476 -0.00427697 0.0413136 0.0210689 0.999622 -0.0176781 -0.0331258 0.00464915 0.0175838 0.999835 0.00912145 0.0 0.0 0.0 1.0
fire/seq-01/color/frame-000424.color.png fire/seq-01/color/frame-000427.color.png 0.99993 -0.00614772 0.0101444 0.021836 0.00635821 0.999762 -0.0208483 -0.00816673 -0.0100138 0.0209113 0.999731 0.0274731 0.0 0.0 0.0 1.0
fire/seq-01/color/frame-000427.color.png fire/seq-01/color/frame-000430.color.png 0.999662 -0.0210312 0.0153036 0.0224264 0.0211917 0.999722 -0.0103933 -0.0465975 -0.0150805 0.0107142 0.999829 0.029845 0.0 0.0 0.0 1.0
fire/seq-01/color/frame-000430.color.png fire/seq-01/color/frame-000433.color.png 0.999822 -0.0133783 0.0133166 0.0231479 0.0135537 0.999821 -0.0131781 -0.0328771 -0.013138 0.0133561 0.999825 0.0288448 0.0 0.0 0.0 1.0
fire/seq-01/color/frame-000433.color.png fire/seq-01/color/frame-000436.color.png 0.999759 0.00409282 0.021554 0.0384282 -0.00396451 0.999974 -0.00599388 -0.00190318 -0.021578 0.00590703 0.99975 0.0416353 0.0 0.0 0.0 1.0
fire/seq-01/color/frame-000436.color.png fire/seq-01/color/frame-000439.color.png 0.999912 0.00319311 0.0128684 0.0287519 -0.00314317 0.999987 -0.00389792 0.00235343 -0.0128806 0.00385712 0.99991 0.0309075 0.0 0.0 0.0 1.0
fire/seq-01/color/frame-000439.color.png fire/seq-01/color/frame-000442.color.png 0.999788 0.0142612 0.0148272 0.017343 -0.0145712 0.999673 0.0210174 0.00685793 -0.0145227 -0.021229 0.999669 0.0300122 0.0 0.0 0.0 1.0
fire/seq-01/color/frame-000442.color.png fire/seq-01/color/frame-000445.color.png 0.999959 0.00721347 -0.00540463 0.00898683 -0.00715429 0.999915 0.0108799 -0.0134733 0.0054827 -0.0108408 0.999926 0.00467783 0.0 0.0 0.0 1.0
fire/seq-01/color/frame-000445.color.png fire/seq-01/color/frame-000448.color.png 0.999962 -0.00121758 -0.00863168 -0.00635517 0.00125208 0.999991 0.00399023 -0.0315108 0.00862685 -0.00400098 0.999955 0.00604072 0.0 0.0 0.0 1.0
fire/seq-01/color/frame-000448.color.png fire/seq-01/color/frame-000451.color.png 0.999648 0.00885103 -0.025005 0.00891519 -0.00889102 0.999959 -0.00148556 -0.0136814 0.0249907 0.00170745 0.999686 -0.0134453 0.0 0.0 0.0 1.0
fire/seq-01/color/frame-000451.color.png fire/seq-01/color/frame-000454.color.png 0.999325 0.0206329 -0.0304101 0.0100965 -0.0211227 0.999651 -0.0158765 0.0160686 0.0300719 0.0165079 0.999411 -0.0125809 0.0 0.0 0.0 1.0
fire/seq-01/color/frame-000454.color.png fire/seq-01/color/frame-000457.color.png 0.999236 0.0169284 -0.0352203 0.00172544 -0.0171393 0.999837 -0.00569186 -0.0140522 0.0351182 0.00629117 0.999363 -0.0216498 0.0 0.0 0.0 1.0
fire/seq-01/color/frame-000457.color.png fire/seq-01/color/frame-000460.color.png 0.999113 0.0270154 -0.032295 0.0140142 -0.0271044 0.99963 -0.00232061 0.0288551 0.0322204 0.00319391 0.999476 -0.00672626 0.0 0.0 0.0 1.0
fire/seq-01/color/frame-000460.color.png fire/seq-01/color/frame-000463.color.png 0.999261 0.0380562 -0.00545031 -0.00165141 -0.0380007 0.999228 0.00993042 0.0367723 0.00582411 -0.00971602 0.999936 0.018796 0.0 0.0 0.0 1.0
fire/seq-01/color/frame-000463.color.png fire/seq-01/color/frame-000466.color.png 0.999671 0.0244699 -0.00766819 0.00270116 -0.0243483 0.999582 0.0155816 0.0203844 0.00804624 -0.0153897 0.999849 0.000881076 0.0 0.0 0.0 1.0
fire/seq-01/color/frame-000466.color.png fire/seq-01/color/frame-000469.color.png 0.999349 0.0329645 0.0146566 -0.0138503 -0.0330069 0.999452 0.00265936 0.0473943 -0.0145608 -0.00314146 0.999889 0.0541809 0.0 0.0 0.0 1.0
fire/seq-01/color/frame-000469.color.png fire/seq-01/color/frame-000472.color.png 0.99942 0.0271861 0.0204953 -0.0173941 -0.0271047 0.999624 -0.00423226 0.0316507 -0.0206028 0.0036745 0.999781 0.0493765 0.0 0.0 0.0 1.0
fire/seq-01/color/frame-000472.color.png fire/seq-01/color/frame-000475.color.png 0.999575 0.0277523 0.00894985 -0.0302026 -0.0277143 0.999606 -0.00434584 0.0272563 -0.00906695 0.00409588 0.999951 0.0436016 0.0 0.0 0.0 1.0
fire/seq-01/color/frame-000475.color.png fire/seq-01/color/frame-000478.color.png 0.999816 0.0186753 0.00444124 -0.0355139 -0.0187151 0.999784 0.00906582 0.000293612 -0.00427095 -0.00914732 0.999949 0.00975233 0.0 0.0 0.0 1.0
fire/seq-01/color/frame-000478.color.png fire/seq-01/color/frame-000481.color.png 0.999965 0.0055585 -0.00627745 -0.0410229 -0.00557975 0.999979 -0.00338943 -0.00331223 0.00625849 0.00342438 0.999975 0.00870287 0.0 0.0 0.0 1.0
fire/seq-01/color/frame-000481.color.png fire/seq-01/color/frame-000484.color.png 0.999989 -0.0028062 -0.00370689 -0.0501441 0.00281468 0.999993 0.00233828 -0.0190806 0.00370023 -0.00234863 0.99999 0.00442785 0.0 0.0 0.0 1.0
fire/seq-01/color/frame-000484.color.png fire/seq-01/color/frame-000487.color.png 0.999951 -0.00983093 0.00133955 -0.0549519 0.00981886 0.999913 0.0088253 -0.0273693 -0.00142617 -0.0088118 0.99996 0.0140417 0.0 0.0 0.0 1.0
fire/seq-01/color/frame-000487.color.png fire/seq-01/color/frame-000490.color.png 0.999965 -0.00804855 -0.00222733 -0.0686101 0.00808654 0.999813 0.0175686 -0.0289111 0.00208551 -0.0175859 0.999843 0.000656188 0.0 0.0 0.0 1.0
fire/seq-01/color/frame-000490.color.png fire/seq-01/color/frame-000493.color.png 0.999858 -0.0168099 0.00092695 -0.0619698 0.016803 0.999834 0.00697832 -0.0297394 -0.0010441 -0.00696185 0.999975 0.0026834 0.0 0.0 0.0 1.0
fire/seq-01/color/frame-000493.color.png fire/seq-01/color/frame-000496.color.png 0.999574 -0.0291701 5.87317e-05 -0.084982 0.0291699 0.999572 0.0021489 -0.041409 -0.000121275 -0.0021463 0.999998 0.0198263 0.0 0.0 0.0 1.0
fire/seq-01/color/frame-000496.color.png fire/seq-01/color/frame-000499.color.png 0.999866 -0.0131981 0.00969625 -0.0662487 0.013162 0.999906 0.00378985 -0.0207311 -0.00974539 -0.00366179 0.999946 0.0177191 0.0 0.0 0.0 1.0
fire/seq-01/color/frame-000499.color.png fire/seq-01/color/frame-000502.color.png 0.999996 0.0012441 -0.00239483 -0.0564321 -0.00119751 0.999811 0.0193944 -0.00148237 0.00241852 -0.0193914 0.999809 0.00558776 0.0 0.0 0.0 1.0
fire/seq-01/color/frame-000502.color.png fire/seq-01/color/frame-000505.color.png 0.999915 -0.00317606 0.0126796 -0.0648077 0.00296029 0.999851 0.0169969 -0.0204191 -0.0127317 -0.0169579 0.999775 -0.00499827 0.0 0.0 0.0 1.0
fire/seq-01/color/frame-000505.color.png fire/seq-01/color/frame-000508.color.png 0.99998 -0.00624291 -0.000607759 -0.0447398 0.00624512 0.999973 0.00378052 0.00750595 0.000584081 -0.00378428 0.999993 0.020796 0.0 0.0 0.0 1.0
fire/seq-01/color/frame-000508.color.png fire/seq-01/color/frame-000511.color.png 0.999356 -0.0103767 0.0343402 -0.0721409 0.0102273 0.999937 0.00452487 -0.0112007 -0.034385 -0.0041708 0.9994 0.0288985 0.0 0.0 0.0 1.0
fire/seq-01/color/frame-000511.color.png fire/seq-01/color/frame-000514.color.png 0.999858 -0.00725887 0.0152012 -0.0554512 0.00720647 0.999968 0.00350395 -0.00259435 -0.0152261 -0.00339384 0.999878 0.0221836 0.0 0.0 0.0 1.0
fire/seq-01/color/frame-000514.color.png fire/seq-01/color/frame-000517.color.png 0.999501 -0.00905803 0.0302726 -0.0606754 0.00876992 0.999915 0.00963778 -0.00612903 -0.0303572 -0.0093676 0.999495 0.0217598 0.0 0.0 0.0 1.0
fire/seq-01/color/frame-000517.color.png fire/seq-01/color/frame-000520.color.png 0.999754 -0.00350765 0.0218959 -0.0466525 0.00325177 0.999926 0.011706 -0.0199713 -0.0219353 -0.0116318 0.999692 0.0254055 0.0 0.0 0.0 1.0
fire/seq-01/color/frame-000520.color.png fire/seq-01/color/frame-000523.color.png 0.998808 -0.0276164 0.0402503 -0.0854068 0.0271464 0.999557 0.0121749 -0.0182835 -0.0405687 -0.0110677 0.999115 0.00939125 0.0 0.0 0.0 1.0
fire/seq-01/color/frame-000523.color.png fire/seq-01/color/frame-000526.color.png 0.999026 -0.0132189 0.0421067 -0.0659628 0.0127316 0.999849 0.0118225 0.00770074 -0.0422566 -0.0112748 0.999043 0.00923616 0.0 0.0 0.0 1.0
fire/seq-01/color/frame-000526.color.png fire/seq-01/color/frame-000529.color.png 0.999257 -0.01381 0.0359903 -0.0662805 0.0134612 0.99986 0.00991595 0.00587165 -0.0361222 -0.00942413 0.999303 0.0170581 0.0 0.0 0.0 1.0
fire/seq-01/color/frame-000529.color.png fire/seq-01/color/frame-000532.color.png 0.999241 -0.0187057 0.0341592 -0.0585474 0.0187385 0.999824 -0.000636082 0.000351787 -0.0341413 0.00127574 0.999416 0.002177 0.0 0.0 0.0 1.0
fire/seq-01/color/frame-000532.color.png fire/seq-01/color/frame-000535.color.png 0.999223 -0.0274946 0.0282388 -0.0686924 0.0276898 0.999595 -0.00654543 -0.00123578 -0.0280475 0.00732227 0.99958 0.00804752 0.0 0.0 0.0 1.0
fire/seq-01/color/frame-000535.color.png fire/seq-01/color/frame-000538.color.png 0.999881 -0.0137408 0.00703281 -0.0322928 0.0137184 0.999901 0.00321894 -0.000723124 -0.00707616 -0.00312215 0.99997 -0.0151845 0.0 0.0 0.0 1.0
