fire/seq-01/color/frame-000000.color.png fire/seq-01/color/frame-000003.color.png 0.999981 0.00190029 -0.00590625 -0.00712789 -0.00188748 0.999996 0.00217437 0.0039149 0.00591036 -0.00216318 0.99998 -0.00388691 0.0 0.0 0.0 1.0
fire/seq-01/color/frame-000003.color.png fire/seq-01/color/frame-000006.color.png 0.999951 0.00594869 -0.00787596 -0.00382929 -0.00591393 0.999973 0.00442971 0.00120839 0.0079021 -0.00438292 0.999959 0.000685387 0.0 0.0 0.0 1.0
fire/seq-01/color/frame-000006.color.png fire/seq-01/color/frame-000009.color.png 0.999985 0.00512077 0.00181024 -0.00864336 -0.00513687 0.999946 0.00900156 0.0018562 -0.00176405 -0.00901072 0.999958 -0.00117864 0.0 0.0 0.0 1.0
fire/seq-01/color/frame-000009.color.png fire/seq-01/color/frame-000012.color.png 0.999978 0.0052454 0.00409246 -0.0115639 -0.00527139 0.999966 0.00636538 0.00468662 -0.00405892 -0.00638682 0.999971 -0.00303609 0.0 0.0 0.0 1.0
fire/seq-01/color/frame-000012.color.png fire/seq-01/color/frame-000015.color.png 0.999994 0.000974372 0.00343364 -0.00898136 -0.000998393 0.999975 0.00700221 -0.00176911 -0.00342674 -0.00700559 0.999969 -0.000634947 0.0 0.0 0.0 1.0
fire/seq-01/color/frame-000015.color.png fire/seq-01/color/frame-000018.color.png 0.999954 -0.00246213 0.0092858 -0.017798 0.00246468 0.999997 -0.000264025 0.00235784 -0.00928512 0.000286901 0.999957 -0.00270263 0.0 0.0 0.0 1.0
fire/seq-01/color/frame-000018.color.png fire/seq-01/color/frame-000021.color.png 0.999952 -0.00189391 0.00955977 -0.0201177 0.0018692 0.999995 0.00259284 -0.00244555 -0.00956464 -0.00257485 0.999951 0.000215546 0.0 0.0 0.0 1.0
fire/seq-01/color/frame-000021.color.png fire/seq-01/color/frame-000024.color.png 0.999906 -0.00723166 0.0116208 -0.0277214 0.00726985 0.999968 -0.00324737 -0.0063541 -0.011597 0.00333155 0.999927 0.00185787 0.0 0.0 0.0 1.0
fire/seq-01/color/frame-000024.color.png fire/seq-01/color/frame-000027.color.png 0.999955 -0.00627184 0.00717222 -0.0245972 0.00629689 0.999974 -0.00347531 0.00153367 -0.00715024 0.00352031 0.999968 -0.00232075 0.0 0.0 0.0 1.0
fire/seq-01/color/frame-000027.color.png fire/seq-01/color/frame-000030.color.png 0.999905 -0.00688036 0.011949 -0.0280699 0.00691502 0.999972 -0.00286225 -0.00581083 -0.0119289 0.0029446 0.999925 0.00390303 0.0 0.0 0.0 1.0
fire/seq-01/color/frame-000030.color.png fire/seq-01/color/frame-000033.color.png 0.99965 -0.0131795 0.0229447 -0.0461379 0.0131904 0.999913 -0.000323071 -0.0103104 -0.0229385 0.00062561 0.999737 -0.00186176 0.0 0.0 0.0 1.0
fire/seq-01/color/frame-000033.color.png fire/seq-01/color/frame-000036.color.png 0.999974 -0.00482942 0.00533839 -0.0217218 0.00488472 0.999934 -0.0103954 -0.00385189 -0.00528782 0.0104212 0.999932 0.000625614 0.0 0.0 0.0 1.0
fire/seq-01/color/frame-000036.color.png fire/seq-01/color/frame-000039.color.png 0.999821 0.00647812 0.0177473 -0.029179 -0.00656649 0.999966 0.00492537 0.00926286 -0.0177148 -0.00504103 0.99983 -0.00595748 0.0 0.0 0.0 1.0
fire/seq-01/color/frame-000039.color.png fire/seq-01/color/frame-000042.color.png 0.99874 -0.0390356 0.0315354 -0.0551489 0.0388164 0.999218 0.00753169 -0.00369177 -0.0318048 -0.00629811 0.999474 -0.00315347 0.0 0.0 0.0 1.0
fire/seq-01/color/frame-000042.color.png fire/seq-01/color/frame-000045.color.png 0.99991 0.0131125 -0.00268546 -0.0134446 -0.0131354 0.999876 -0.00870146 -0.0204677 0.00257102 0.00873595 0.999959 0.00242636 0.0 0.0 0.0 1.0
fire/seq-01/color/frame-000045.color.png fire/seq-01/color/frame-000048.color.png 0.999981 -0.00287969 0.00539537 -0.0177721 0.00284318 0.999973 0.00676294 0.00617198 -0.0054147 -0.00674747 0.999963 4.34252e-05 0.0 0.0 0.0 1.0
fire/seq-01/color/frame-000048.color.png fire/seq-01/color/frame-000051.color.png 0.999966 -0.00793917 0.00228051 -0.0165574 0.00793856 0.999969 0.000272572 -0.0200328 -0.00228263 -0.000254466 0.999997 0.0101856 0.0 0.0 0.0 1.0
fire/seq-01/color/frame-000051.color.png fire/seq-01/color/frame-000054.color.png 0.999544 -0.0150069 0.0261926 -0.0444307 0.0148487 0.99987 0.00622655 -0.00878766 -0.0262826 -0.00583479 0.999637 0.00761737 0.0 0.0 0.0 1.0
fire/seq-01/color/frame-000054.color.png fire/seq-01/color/frame-000057.color.png 0.999989 -0.00438238 -0.00149082 -0.00147983 0.00436996 0.999957 -0.00822736 0.0054601 0.0015268 0.00822076 0.999965 0.00602807 0.0 0.0 0.0 1.0
fire/seq-01/color/frame-000057.color.png fire/seq-01/color/frame-000060.color.png 0.999495 -0.0228234 0.0221333 -0.0173511 0.0219788 0.999048 0.0376823 -0.0300184 -0.0229723 -0.0371768 0.999045 0.0110418 0.0 0.0 0.0 1.0
fire/seq-01/color/frame-000060.color.png fire/seq-01/color/frame-000063.color.png 0.999723 -0.002393 0.0233984 -0.018826 0.00224268 0.999977 0.0064491 -0.0127132 -0.0234133 -0.00639485 0.999705 0.0144101 0.0 0.0 0.0 1.0
fire/seq-01/color/frame-000063.color.png fire/seq-01/color/frame-000066.color.png 0.999722 -0.0153282 0.0179301 -0.00764406 0.0153054 0.999882 0.001408 -0.00588977 -0.0179495 -0.00113317 0.999838 0.0100782 0.0 0.0 0.0 1.0
fire/seq-01/color/frame-000066.color.png fire/seq-01/color/frame-000069.color.png 0.998271 -0.046556 0.0358938 -0.0271221 0.0468911 0.998863 -0.0085511 -0.00414525 -0.0354549 0.0102194 0.999319 0.0144835 0.0 0.0 0.0 1.0
fire/seq-01/color/frame-000069.color.png fire/seq-01/color/frame-000072.color.png 0.997519 -0.0433272 0.0554809 -0.0598818 0.0439295 0.998988 -0.00968177 -0.00686279 -0.0550054 0.012095 0.998413 0.0195491 0.0 0.0 0.0 1.0
fire/seq-01/color/frame-000072.color.png fire/seq-01/color/frame-000075.color.png 0.998922 -0.0367811 0.028332 -0.0255651 0.0369029 0.999312 -0.00379148 0.00816292 -0.028173 0.00483292 0.999591 0.00865644 0.0 0.0 0.0 1.0
fire/seq-01/color/frame-000075.color.png fire/seq-01/color/frame-000078.color.png 0.999856 -0.0144789 0.00879717 -0.00395977 0.0144411 0.999886 0.00435283 -0.0104483 -0.0088592 -0.00422517 0.999952 0.0126687 0.0 0.0 0.0 1.0
fire/seq-01/color/frame-000078.color.png fire/seq-01/color/frame-000081.color.png 0.999104 -0.0130955 0.0402517 -0.0287411 0.0129611 0.999909 0.00359874 -0.0177444 -0.0402952 -0.00307382 0.999183 0.00173388 0.0 0.0 0.0 1.0
fire/seq-01/color/frame-000081.color.png fire/seq-01/color/frame-000084.color.png 0.998863 -0.0217277 0.0424383 -0.042475 0.0207858 0.999531 0.0225107 -0.0417854 -0.0429074 -0.021603 0.998846 0.00531259 0.0 0.0 0.0 1.0
fire/seq-01/color/frame-000084.color.png fire/seq-01/color/frame-000087.color.png 0.999055 -0.0121864 0.0417163 -0.0283003 0.0124291 0.999907 -0.00556289 -0.0140374 -0.0416447 0.00607611 0.999114 -0.0042274 0.0 0.0 0.0 1.0
fire/seq-01/color/frame-000087.color.png fire/seq-01/color/frame-000090.color.png 0.998321 -0.0259988 0.0517593 -0.0408536 0.025907 0.999661 0.00244418 -0.0110721 -0.0518053 -0.0010992 0.998656 -0.00386071 0.0 0.0 0.0 1.0
fire/seq-01/color/frame-000090.color.png fire/seq-01/color/frame-000093.color.png 0.998516 -0.0290469 0.0460761 -0.0356598 0.0296671 0.999477 -0.0128343 -0.00553006 -0.0456792 0.0141822 0.998856 -0.000936866 0.0 0.0 0.0 1.0
fire/seq-01/color/frame-000093.color.png fire/seq-01/color/frame-000096.color.png 0.997923 -0.0331847 0.0552041 -0.049182 0.0338311 0.999369 -0.0108149 -0.00450805 -0.0548103 0.01266 0.998417 -0.00736654 0.0 0.0 0.0 1.0
fire/seq-01/color/frame-000096.color.png fire/seq-01/color/frame-000099.color.png 0.998454 -0.0319286 0.045504 -0.0425715 0.0331887 0.999079 -0.0272121 0.018981 -0.0445934 0.0286802 0.998593 -0.00811428 0.0 0.0 0.0 1.0
fire/seq-01/color/frame-000099.color.png fire/seq-01/color/frame-000102.color.png 0.998624 -0.0261029 0.0454902 -0.052812 0.0263459 0.999642 -0.00475061 -0.0109243 -0.0453497 0.00594256 0.998954 -0.00242496 0.0 0.0 0.0 1.0
fire/seq-01/color/frame-000102.color.png fire/seq-01/color/frame-000105.color.png 0.998886 -0.0225818 0.041439 -0.0380366 0.0228928 0.999713 -0.00704752 -0.0119513 -0.041268 0.00798834 0.999116 -0.0190046 0.0 0.0 0.0 1.0
fire/seq-01/color/frame-000105.color.png fire/seq-01/color/frame-000108.color.png 0.999358 -0.00717314 0.0350922 -0.0290019 0.0076064 0.999896 -0.0122277 -0.0153992 -0.0350009 0.0124867 0.999309 -0.00992545 0.0 0.0 0.0 1.0
fire/seq-01/color/frame-000108.color.png fire/seq-01/color/frame-000111.color.png 0.99978 0.00419286 0.0205494 -0.0190793 -0.0037822 0.999793 -0.0199842 -0.00722826 -0.0206288 0.0199022 0.999589 -0.00900713 0.0 0.0 0.0 1.0
fire/seq-01/color/frame-000111.color.png fire/seq-01/color/frame-000114.color.png 0.999976 0.00689349 0.00010305 -0.00296074 -0.00689261 0.999952 -0.00693504 -0.023443 -0.000150825 0.00693408 0.999976 0.00110126 0.0 0.0 0.0 1.0
fire/seq-01/color/frame-000114.color.png fire/seq-01/color/frame-000117.color.png 0.998698 0.0408376 -0.0305691 0.0209401 -0.0408701 0.999164 -0.000440163 -0.058788 0.0305257 0.00168915 0.999532 0.00800496 0.0 0.0 0.0 1.0
fire/seq-01/color/frame-000117.color.png fire/seq-01/color/frame-000120.color.png 0.997368 0.0604431 -0.0400496 0.0232782 -0.0610032 0.998054 -0.0129127 -0.0449168 0.0391912 0.0153218 0.999114 0.0308868 0.0 0.0 0.0 1.0
fire/seq-01/color/frame-000120.color.png fire/seq-01/color/frame-000123.color.png 0.999133 0.0276875 -0.0310992 0.0170319 -0.0275081 0.999602 0.00618129 -0.0253732 0.031258 -0.00532045 0.999497 0.0123755 0.0 0.0 0.0 1.0
fire/seq-01/color/frame-000123.color.png fire/seq-01/color/frame-000126.color.png 0.998457 0.0361704 -0.0421402 0.0219358 -0.0356733 0.999286 0.0124908 -0.0384056 0.0425619 -0.0109682 0.999034 0.0307424 0.0 0.0 0.0 1.0
fire/seq-01/color/frame-000126.color.png fire/seq-01/color/frame-000129.color.png 0.998977 0.0288153 -0.0348387 0.00674462 -0.0286488 0.999576 0.00526503 -0.0286964 0.0349756 -0.00426155 0.999379 0.0286809 0.0 0.0 0.0 1.0
fire/seq-01/color/frame-000129.color.png fire/seq-01/color/frame-000132.color.png 0.999 0.0335881 -0.029495 0.00971836 -0.0330067 0.999255 0.0199836 -0.0625314 0.0301443 -0.0189901 0.999365 0.0320043 0.0 0.0 0.0 1.0
fire/seq-01/color/frame-000132.color.png fire/seq-01/color/frame-000135.color.png 0.998234 0.0309753 -0.0506927 0.043915 -0.0313866 0.99948 -0.00733706 -0.0131003 0.0504393 0.00891521 0.998688 0.00947803 0.0 0.0 0.0 1.0
fire/seq-01/color/frame-000135.color.png fire/seq-01/color/frame-000138.color.png 0.999201 0.021917 -0.0334186 0.0177608 -0.0220423 0.999751 -0.00338512 -0.0161665 0.0333362 0.00411902 0.999436 0.0229912 0.0 0.0 0.0 1.0
fire/seq-01/color/frame-000138.color.png fire/seq-01/color/frame-000141.color.png 0.998894 0.0317228 -0.0347056 0.0282015 -0.0319421 0.999473 -0.0057815 -0.0125059 0.0345037 0.00688366 0.999381 0.0137007 0.0 0.0 0.0 1.0
fire/seq-01/color/frame-000141.color.png fire/seq-01/color/frame-000144.color.png 0.999152 0.0284063 -0.0298126 0.0215079 -0.0282824 0.99959 0.00456538 -0.0246785 0.0299301 -0.00371834 0.999545 0.00622538 0.0 0.0 0.0 1.0
fire/seq-01/color/frame-000144.color.png fire/seq-01/color/frame-000147.color.png 0.998977 0.0297918 -0.0340147 0.0342224 -0.0297742 0.999556 0.00102478 -0.00367248 0.0340302 -1.09691e-05 0.999421 0.0095987 0.0 0.0 0.0 1.0
fire/seq-01/color/frame-000147.color.png fire/seq-01/color/frame-000150.color.png 0.998836 0.0286438 -0.0388173 0.0355825 -0.0284249 0.999577 0.00617865 -0.00656176 0.0389779 -0.00506807 0.999227 0.000146329 0.0 0.0 0.0 1.0
fire/seq-01/color/frame-000150.color.png fire/seq-01/color/frame-000153.color.png 0.998891 0.0235283 -0.0407703 0.027201 -0.0232187 0.999698 0.008051 -0.00187135 0.0409473 -0.00709543 0.999136 0.00637808 0.0 0.0 0.0 1.0
fire/seq-01/color/frame-000153.color.png fire/seq-01/color/frame-000156.color.png 0.998813 0.0262377 -0.0410406 0.0203584 -0.0254539 0.999486 0.0195047 -0.0219513 0.0415313 -0.018437 0.998967 0.0170043 0.0 0.0 0.0 1.0
fire/seq-01/color/frame-000156.color.png fire/seq-01/color/frame-000159.color.png 0.998528 0.0278615 -0.0465398 0.0266482 -0.0269894 0.99945 0.0192619 -0.0148658 0.0470509 -0.0179774 0.998731 0.0150799 0.0 0.0 0.0 1.0
fire/seq-01/color/frame-000159.color.png fire/seq-01/color/frame-000162.color.png 0.998704 0.0260178 -0.0437351 0.0195685 -0.0251344 0.999471 0.0206282 -0.00207904 0.0442487 -0.0195022 0.99883 0.00169314 0.0 0.0 0.0 1.0
fire/seq-01/color/frame-000162.color.png fire/seq-01/color/frame-000165.color.png 0.999698 0.0114603 -0.0217173 0.00528175 -0.0113851 0.999929 0.00358599 0.0158632 0.0217568 -0.00333766 0.999758 0.00683719 0.0 0.0 0.0 1.0
fire/seq-01/color/frame-000165.color.png fire/seq-01/color/frame-000168.color.png 0.999901 0.00472474 -0.0132627 0.00339913 -0.00460176 0.999946 0.00928814 0.00025335 0.0133058 -0.00922619 0.999869 -0.00156151 0.0 0.0 0.0 1.0
fire/seq-01/color/frame-000168.color.png fire/seq-01/color/frame-000171.color.png 0.999837 0.0102258 -0.0149148 0.00489861 -0.0101217 0.999924 0.00704215 -0.000999093 0.0149857 -0.00689003 0.999864 -0.00124742 0.0 0.0 0.0 1.0
fire/seq-01/color/frame-000171.color.png fire/seq-01/color/frame-000174.color.png 0.999927 0.00611993 -0.0104192 -0.00317377 -0.00610677 0.99998 0.00129406 0.0110148 0.0104269 -0.00123034 0.999945 0.0131898 0.0 0.0 0.0 1.0
fire/seq-01/color/frame-000174.color.png fire/seq-01/color/frame-000177.color.png 0.999885 0.00861691 -0.0124919 0.00395119 -0.00856793 0.999955 0.00396925 -0.00610527 0.0125255 -0.00386176 0.999914 -0.000742689 0.0 0.0 0.0 1.0
fire/seq-01/color/frame-000177.color.png fire/seq-01/color/frame-000180.color.png 0.999886 0.00882398 -0.0122828 0.00294578 -0.00884044 0.99996 -0.00128649 0.00486997 0.0122709 0.00139492 0.999924 0.0026568 0.0 0.0 0.0 1.0
fire/seq-01/color/frame-000180.color.png fire/seq-01/color/frame-000183.color.png 0.999759 0.0136525 -0.0172107 0.00592738 -0.013531 0.999883 0.00715569 -0.00542453 0.0173064 -0.00692109 0.999826 -0.00345236 0.0 0.0 0.0 1.0
fire/seq-01/color/frame-000183.color.png fire/seq-01/color/frame-000186.color.png 0.999857 0.011207 -0.0126479 0.000598073 -0.0111907 0.999936 0.00136429 0.00337061 0.0126624 -0.00122256 0.999919 -0.000540704 0.0 0.0 0.0 1.0
fire/seq-01/color/frame-000186.color.png fire/seq-01/color/frame-000189.color.png 0.999767 0.0139217 -0.016519 0.00677609 -0.0134295 0.999473 0.0295458 -0.0177836 0.0169216 -0.0293171 0.999427 -0.0119021 0.0 0.0 0.0 1.0
fire/seq-01/color/frame-000189.color.png fire/seq-01/color/frame-000192.color.png 0.999713 0.0151402 -0.0185883 0.0314169 -0.0150194 0.999865 0.006624 0.0263036 0.0186861 -0.00634291 0.999805 -0.0235802 0.0 0.0 0.0 1.0
fire/seq-01/color/frame-000192.color.png fire/seq-01/color/frame-000195.color.png 0.999985 -0.00524423 -0.00188663 0.000381231 0.00529547 0.999587 0.0282578 0.00989348 0.00173766 -0.0282673 0.999599 -0.0161711 0.0 0.0 0.0 1.0
fire/seq-01/color/frame-000195.color.png fire/seq-01/color/frame-000198.color.png 0.999959 -0.00173155 0.00888473 -0.00330979 0.00152989 0.999742 0.0226548 0.0104892 -0.00892167 -0.0226403 0.999704 -0.0177394 0.0 0.0 0.0 1.0
fire/seq-01/color/frame-000198.color.png fire/seq-01/color/frame-000201.color.png 0.999981 0.00457916 0.00411693 0.0123568 -0.00464021 0.999878 0.0149422 0.00400499 -0.004048 -0.014961 0.99988 -0.0189573 0.0 0.0 0.0 1.0
fire/seq-01/color/frame-000201.color.png fire/seq-01/color/frame-000204.color.png 0.999923 -0.0100054 0.00732609 0.00505853 0.00986608 0.999775 0.0188076 0.00769025 -0.00751262 -0.0187339 0.999796 -0.0226227 0.0 0.0 0.0 1.0
fire/seq-01/color/frame-000204.color.png fire/seq-01/color/frame-000207.color.png 0.999976 -0.000896825 0.00681623 0.0120436 0.000817598 0.999932 0.0116194 0.00821611 -0.00682618 -0.0116135 0.999909 -0.0145384 0.0 0.0 0.0 1.0
fire/seq-01/color/frame-000207.color.png fire/seq-01/color/frame-000210.color.png 0.99988 -0.00856518 0.0129366 0.0202678 0.00824582 0.999665 0.0245404 0.0108266 -0.0131424 -0.0244308 0.999615 -0.0292409 0.0 0.0 0.0 1.0
fire/seq-01/color/frame-000210.color.png fire/seq-01/color/frame-000213.color.png 0.999967 0.000995271 0.00800032 0.0191835 -0.00118133 0.999728 0.0232853 -0.0128227 -0.00797496 -0.0232939 0.999697 -0.0193072 0.0 0.0 0.0 1.0
fire/seq-01/color/frame-000213.color.png fire/seq-01/color/frame-000216.color.png 0.999852 0.0127193 0.0115555 0.0359017 -0.0128799 0.99982 0.0139308 0.00630552 -0.0113762 -0.0140776 0.999836 -0.0278399 0.0 0.0 0.0 1.0
fire/seq-01/color/frame-000216.color.png fire/seq-01/color/frame-000219.color.png 0.999984 0.00562248 -0.000513173 0.0405304 -0.00561342 0.999853 0.016228 -0.00554559 0.000604342 -0.0162248 0.999868 -0.0212222 0.0 0.0 0.0 1.0
fire/seq-01/color/frame-000219.color.png fire/seq-01/color/frame-000222.color.png 0.999984 0.00134127 -0.00549251 0.0494856 -0.00128227 0.999942 0.0107292 0.00955102 0.00550658 -0.010722 0.999927 -0.0178785 0.0 0.0 0.0 1.0
fire/seq-01/color/frame-000222.color.png fire/seq-01/color/frame-000225.color.png 0.99954 0.0171482 -0.0250007 0.0993327 -0.0179488 0.999322 -0.0321565 0.0851338 0.0244324 0.0325904 0.99917 -0.00155972 0.0 0.0 0.0 1.0
fire/seq-01/color/frame-000225.color.png fire/seq-01/color/frame-000228.color.png 0.999994 -0.000925725 -0.00322456 0.0318334 0.000953509 0.999962 0.0086211 -0.00488672 0.00321646 -0.00862412 0.999958 -0.00724075 0.0 0.0 0.0 1.0
fire/seq-01/color/frame-000228.color.png fire/seq-01/color/frame-000231.color.png 0.9999 -0.00437895 0.0134644 0.0337208 0.00424141 0.999939 0.0102265 -0.00144811 -0.0135084 -0.0101684 0.999857 -0.0123947 0.0 0.0 0.0 1.0
fire/seq-01/color/frame-000231.color.png fire/seq-01/color/frame-000234.color.png 0.999949 -0.00929794 -0.00394339 0.0439189 0.00927868 0.999945 -0.00487647 0.0203 0.00398851 0.0048396 0.99998 0.000404119 0.0 0.0 0.0 1.0
fire/seq-01/color/frame-000234.color.png fire/seq-01/color/frame-000237.color.png 0.999902 -0.013243 0.00456315 0.0390915 0.0132088 0.999885 0.00743971 -0.00632647 -0.00466114 -0.00737869 0.999962 -0.00190286 0.0 0.0 0.0 1.0
fire/seq-01/color/frame-000237.color.png fire/seq-01/color/frame-000240.color.png 0.999952 -0.00956651 -0.00201379 0.0379307 0.00956476 0.999954 -0.000873586 0.00965077 0.00202206 0.000854318 0.999998 -0.00574237 0.0 0.0 0.0 1.0
fire/seq-01/color/frame-000240.color.png fire/seq-01/color/frame-000243.color.png 0.999914 -0.012856 0.00260899 0.03571 0.0128404 0.9999 0.0058822 -0.0015903 -0.00268435 -0.0058482 0.999979 0.0125372 0.0 0.0 0.0 1.0
fire/seq-01/color/frame-000243.color.png fire/seq-01/color/frame-000246.color.png 0.999974 -0.0061615 0.00382665 0.0265246 0.00613555 0.999958 0.00675462 -0.0103001 -0.00386811 -0.00673102 0.99997 0.0118943 0.0 0.0 0.0 1.0
fire/seq-01/color/frame-000246.color.png fire/seq-01/color/frame-000249.color.png 0.999874 -0.002896 0.0155949 0.0167248 0.0029336 0.999993 -0.0023884 0.00406098 -0.0155879 0.00243383 0.999875 0.0020961 0.0 0.0 0.0 1.0
fire/seq-01/color/frame-000249.color.png fire/seq-01/color/frame-000252.color.png 0.999944 -0.00593096 0.00879222 0.0314882 0.0058889 0.999971 0.00480074 0.000408143 -0.00882043 -0.00474862 0.99995 0.0125383 0.0 0.0 0.0 1.0
fire/seq-01/color/frame-000252.color.png fire/seq-01/color/frame-000255.color.png 0.999982 -0.00270089 0.0053999 0.0239739 0.00265649 0.999963 0.00821133 -0.0102977 -0.00542188 -0.00819685 0.999952 0.00573366 0.0 0.0 0.0 1.0
fire/seq-01/color/frame-000255.color.png fire/seq-01/color/frame-000258.color.png 0.999985 -0.00411894 0.0034771 0.0329463 0.00408706 0.99995 0.00912635 -0.0192452 -0.00351451 -0.00911206 0.999952 0.0145769 0.0 0.0 0.0 1.0
fire/seq-01/color/frame-000258.color.png fire/seq-01/color/frame-000261.color.png 0.999971 0.00317611 -0.00689309 0.0345859 -0.00318657 0.999994 -0.00150918 -0.00237547 0.00688826 0.00153118 0.999975 0.00676323 0.0 0.0 0.0 1.0
fire/seq-01/color/frame-000261.color.png fire/seq-01/color/frame-000264.color.png 0.999971 -0.00385919 0.00650599 0.0231669 0.00380263 0.999955 0.0086847 -0.0226598 -0.00653922 -0.00865977 0.999941 0.0134209 0.0 0.0 0.0 1.0
fire/seq-01/color/frame-000264.color.png fire/seq-01/color/frame-000267.color.png 0.999993 -0.00373212 5.63755e-05 0.0135852 0.00373217 0.999992 -0.00103646 -0.00296265 -5.25107e-05 0.00103669 0.999999 0.00564776 0.0 0.0 0.0 1.0
fire/seq-01/color/frame-000267.color.png fire/seq-01/color/frame-000270.color.png 0.999998 0.00186004 0.000616592 0.0193009 -0.00185988 0.999998 -0.000266782 -0.00857693 -0.000617091 0.000265557 1.0 0.0100925 0.0 0.0 0.0 1.0
fire/seq-01/color/frame-000270.color.png fire/seq-01/color/frame-000273.color.png 0.999952 0.00978386 -0.000112631 0.0241669 -0.00978392 0.999952 -0.000640587 -0.00891143 0.000106358 0.000641702 1.0 0.00828798 0.0 0.0 0.0 1.0
fire/seq-01/color/frame-000273.color.png fire/seq-01/color/frame-000276.color.png 0.999945 0.00399943 -0.00971955 0.0266226 -0.00406419 0.99997 -0.00665315 0.00030759 0.00969266 0.00669228 0.999931 0.00564048 0.0 0.0 0.0 1.0
fire/seq-01/color/frame-000276.color.png fire/seq-01/color/frame-000279.color.png 0.999807 -0.00133859 -0.0196229 0.054037 0.00123587 0.999985 -0.00524517 -0.0146807 0.0196296 0.00521989 0.999794 0.0149584 0.0 0.0 0.0 1.0
fire/seq-01/color/frame-000279.color.png fire/seq-01/color/frame-000282.color.png 0.99997 0.0039204 -0.00673879 0.0217925 -0.00393388 0.99999 -0.00198966 -0.00699839 0.00673092 0.00201608 0.999975 0.00754544 0.0 0.0 0.0 1.0
fire/seq-01/color/frame-000282.color.png fire/seq-01/color/frame-000285.color.png 0.99993 0.00648801 -0.00990631 0.0239522 -0.0066058 0.999907 -0.0119036 -0.000446767 0.00982816 0.0119683 0.99988 0.00618607 0.0 0.0 0.0 1.0
fire/seq-01/color/frame-000285.color.png fire/seq-01/color/frame-000288.color.png 0.999695 0.00872998 -0.0230957 0.0382395 -0.00899492 0.999895 -0.0113931 -0.00594026 0.0229938 0.0115973 0.999668 0.00788099 0.0 0.0 0.0 1.0
fire/seq-01/color/frame-000288.color.png fire/seq-01/color/frame-000291.color.png 0.999705 0.00909387 -0.0225133 0.0380733 -0.00924894 0.999934 -0.00679289 -0.0099968 0.0224501 0.00699913 0.999724 0.00866153 0.0 0.0 0.0 1.0
fire/seq-01/color/frame-000291.color.png fire/seq-01/color/frame-000294.color.png 0.999409 0.00842202 -0.0333292 0.0581123 -0.00864294 0.999942 -0.00648946 -0.000398576 0.0332726 0.00677369 0.999423 -0.00695012 0.0 0.0 0.0 1.0
fire/seq-01/color/frame-000294.color.png fire/seq-01/color/frame-000297.color.png 0.999372 0.00298454 -0.0353006 0.0603953 -0.0026403 0.999949 0.0097936 -0.0156087 0.035328 -0.0096943 0.999329 -0.00344277 0.0 0.0 0.0 1.0
fire/seq-01/color/frame-000297.color.png fire/seq-01/color/frame-000300.color.png 0.999899 0.00768795 -0.0119739 0.0296884 -0.00775646 0.999954 -0.00568639 -0.00428334 0.0119296 0.00577871 0.999912 0.00280884 0.0 0.0 0.0 1.0
fire/seq-01/color/frame-000300.color.png fire/seq-01/color/frame-000303.color.png 0.999787 0.0152546 -0.0139044 0.0402201 -0.0152794 0.999882 -0.00167925 0.00312528 0.0138771 0.00189136 0.999902 -0.00799807 0.0 0.0 0.0 1.0
fire/seq-01/color/frame-000303.color.png fire/seq-01/color/frame-000306.color.png 0.999877 -0.00259151 -0.0154805 0.0253377 0.00265095 0.999989 0.00382185 -0.00313446 0.0154705 -0.00386247 0.999873 -0.00284014 0.0 0.0 0.0 1.0
fire/seq-01/color/frame-000306.color.png fire/seq-01/color/frame-000309.color.png 0.999762 -0.014218 -0.0165475 0.0241024 0.0142184 0.999899 -9.39138e-05 -0.0143616 0.0165471 -0.000141347 0.999863 0.00192143 0.0 0.0 0.0 1.0
fire/seq-01/color/frame-000309.color.png fire/seq-01/color/frame-000312.color.png 0.999324 -0.0144596 -0.033787 0.0460649 0.0145188 0.999893 0.00150805 -0.0104855 0.0337616 -0.00199754 0.999428 -0.00101587 0.0 0.0 0.0 1.0
fire/seq-01/color/frame-000312.color.png fire/seq-01/color/frame-000315.color.png 0.99995 -0.00213752 -0.00976622 0.0130736 0.00210141 0.999991 -0.00370541 0.00121635 0.00977404 0.00368467 0.999945 -0.00398508 0.0 0.0 0.0 1.0
fire/seq-01/color/frame-000315.color.png fire/seq-01/color/frame-000318.color.png 0.99981 0.00380798 -0.0191182 0.0256903 -0.00380771 0.999993 4.98331e-05 -0.00597832 0.0191183 2.29612e-05 0.999817 0.00145091 0.0 0.0 0.0 1.0
fire/seq-01/color/frame-000318.color.png fire/seq-01/color/frame-000321.color.png 0.999868 0.00456997 -0.0156207 0.0291918 -0.0046463 0.999977 -0.00485554 -0.000353664 0.0155981 0.00492746 0.999866 0.00446458 0.0 0.0 0.0 1.0
fire/seq-01/color/frame-000321.color.png fire/seq-01/color/frame-000324.color.png 0.999924 0.000623292 -0.0123209 0.0324819 -0.000620147 1.0 0.000261333 -0.00218174 0.0123211 -0.000253712 0.999924 0.00218043 0.0 0.0 0.0 1.0
fire/seq-01/color/frame-000324.color.png fire/seq-01/color/frame-000327.color.png 0.999932 -0.00130471 -0.0115729 0.0297989 0.0012751 0.999996 -0.00256423 -0.00698236 0.0115762 0.00254932 0.99993 0.0115311 0.0 0.0 0.0 1.0
fire/seq-01/color/frame-000327.color.png fire/seq-01/color/frame-000330.color.png 0.999772 0.00547848 -0.020626 0.038045 -0.00557248 0.999974 -0.0045021 -0.00405762 0.0206008 0.00461599 0.999777 0.00562446 0.0 0.0 0.0 1.0
fire/seq-01/color/frame-000330.color.png fire/seq-01/color/frame-000333.color.png 0.999795 0.015685 -0.0127868 0.0329026 -0.0158146 0.999824 -0.0100977 0.0070847 0.0126262 0.0102979 0.999867 0.00376748 0.0 0.0 0.0 1.0
fire/seq-01/color/frame-000333.color.png fire/seq-01/color/frame-000336.color.png 0.999226 0.0104328 -0.0379388 0.0498962 -0.0103119 0.999941 0.00337906 -0.00667775 0.0379719 -0.00298523 0.999274 -0.00519139 0.0 0.0 0.0 1.0
fire/seq-01/color/frame-000336.color.png fire/seq-01/color/frame-000339.color.png 0.99937 0.0257299 -0.0244658 0.032406 -0.0257328 0.999669 0.000196276 0.00499406 0.0244626 0.000433425 0.999701 -0.0148547 0.0 0.0 0.0 1.0
fire/seq-01/color/frame-000339.color.png fire/seq-01/color/frame-000342.color.png 0.998712 0.029417 -0.0413382 0.0537469 -0.0291213 0.999546 0.00773756 -0.00805664 0.0415471 -0.00652377 0.999115 -0.0176672 0.0 0.0 0.0 1.0
fire/seq-01/color/frame-000342.color.png fire/seq-01/color/frame-000345.color.png 0.998369 0.0310721 -0.0478847 0.0496491 -0.0310936 0.999516 0.000295555 0.0194838 0.0478708 0.00119382 0.998853 -0.0197174 0.0 0.0 0.0 1.0
fire/seq-01/color/frame-000345.color.png fire/seq-01/color/frame-000348.color.png 0.998275 0.0253691 -0.0529378 0.0586846 -0.0258383 0.999632 -0.00819689 0.0187233 0.0527104 0.00955059 0.998564 -0.0211908 0.0 0.0 0.0 1.0
fire/seq-01/color/frame-000348.color.png fire/seq-01/color/frame-000351.color.png 0.998201 0.0429967 -0.0417753 0.052662 -0.0436082 0.998953 -0.0138383 0.0352296 0.0411366 0.0156351 0.999031 -0.0157794 0.0 0.0 0.0 1.0
fire/seq-01/color/frame-000351.color.png fire/seq-01/color/frame-000354.color.png 0.997808 0.0533305 -0.0391812 0.0536689 -0.0538194 0.998484 -0.0115324 0.0339763 0.0385067 0.0136159 0.999166 -0.0224297 0.0 0.0 0.0 1.0
fire/seq-01/color/frame-000354.color.png fire/seq-01/color/frame-000357.color.png 0.997739 0.0480313 -0.0470139 0.0595791 -0.0483952 0.998806 -0.00663182 0.0299408 0.0466392 0.00889205 0.998872 -0.02826 0.0 0.0 0.0 1.0
fire/seq-01/color/frame-000357.color.png fire/seq-01/color/frame-000360.color.png 0.997656 0.0430929 -0.0531505 0.0680501 -0.0430942 0.99907 0.00112335 0.0263306 0.0531496 0.00116981 0.998586 -0.0385203 0.0 0.0 0.0 1.0
fire/seq-01/color/frame-000360.color.png fire/seq-01/color/frame-000363.color.png 0.99628 0.0467251 -0.0724092 0.0777963 -0.0477983 0.99877 -0.0131601 0.0454049 0.0717053 0.0165721 0.997288 -0.0387081 0.0 0.0 0.0 1.0
fire/seq-01/color/frame-000363.color.png fire/seq-01/color/frame-000366.color.png 0.997009 0.056446 -0.0527901 0.0809438 -0.0559859 0.99838 0.010157 0.0318719 0.053278 -0.00717113 0.998554 -0.0512658 0.0 0.0 0.0 1.0
fire/seq-01/color/frame-000366.color.png fire/seq-01/color/frame-000369.color.png 0.996201 0.0633718 -0.0597381 0.0804834 -0.0642944 0.997838 -0.0136491 0.0572819 0.058744 0.0174381 0.998121 -0.0480083 0.0 0.0 0.0 1.0
fire/seq-01/color/frame-000369.color.png fire/seq-01/color/frame-000372.color.png 0.997242 0.0164736 -0.0723691 0.0889326 -0.0164803 0.999864 0.000504954 -0.00444937 0.0723674 0.000689164 0.997378 -0.0681372 0.0 0.0 0.0 1.0
fire/seq-01/color/frame-000372.color.png fire/seq-01/color/frame-000375.color.png 0.998723 0.0149114 -0.0482631 0.0678994 -0.0143254 0.99982 0.0124628 0.00727111 0.0484404 -0.0117556 0.998757 -0.0581424 0.0 0.0 0.0 1.0
fire/seq-01/color/frame-000375.color.png fire/seq-01/color/frame-000378.color.png 0.999623 0.00633914 -0.0267164 0.0350209 -0.00687404 0.999777 -0.0199753 0.00462008 0.026584 0.0201513 0.999444 -0.0212695 0.0 0.0 0.0 1.0
fire/seq-01/color/frame-000378.color.png fire/seq-01/color/frame-000381.color.png 0.999739 0.00917176 -0.0209227 0.0387198 -0.00957945 0.999764 -0.019472 0.0223287 0.0207391 0.0196674 0.999591 -0.0276535 0.0 0.0 0.0 1.0
fire/seq-01/color/frame-000381.color.png fire/seq-01/color/frame-000384.color.png 0.999606 0.0214481 -0.0180889 0.0478753 -0.0215724 0.999745 -0.00670146 0.0336267 0.0179405 0.00708899 0.999814 -0.0469247 0.0 0.0 0.0 1.0
fire/seq-01/color/frame-000384.color.png fire/seq-01/color/frame-000387.color.png 0.99993 0.00702314 -0.00949944 0.037882 -0.00686681 0.999842 0.0163829 0.0158827 0.00961308 -0.0163166 0.999821 -0.0253569 0.0 0.0 0.0 1.0
fire/seq-01/color/frame-000387.color.png fire/seq-01/color/frame-000390.color.png 0.99961 -0.0163115 0.0226547 0.0244808 0.0165365 0.999815 -0.00977759 0.00509715 -0.022491 0.0101484 0.999695 0.0084894 0.0 0.0 0.0 1.0
fire/seq-01/color/frame-000390.color.png fire/seq-01/color/frame-000393.color.png 0.999497 -0.0176121 0.0263598 0.0384952 0.0174193 0.99982 0.0075226 -0.013483 -0.0264876 -0.00705966 0.999624 0.0306687 0.0 0.0 0.0 1.0
fire/seq-01/color/frame-000393.color.png fire/seq-01/color/frame-000396.color.png 0.998927 -0.0328384 0.0326616 0.0328933 0.0334906 0.999246 -0.0196235 -0.0253318 -0.0319925 0.0206964 0.999274 0.0429529 0.0 0.0 0.0 1.0
fire/seq-01/color/frame-000396.color.png fire/seq-01/color/frame-000399.color.png 0.999678 -0.00819301 0.024034 0.0298824 0.00828238 0.999959 -0.0036213 -0.0265011 -0.0240034 0.00381923 0.999704 0.0257375 0.0 0.0 0.0 1.0
fire/seq-01/color/frame-000399.color.png fire/seq-01/color/frame-000402.color.png 0.999897 -0.0143358 -0.000420044 0.0349782 0.014336 0.999897 0.00102202 -0.0246398 0.000405396 -0.00102802 1.0 -0.0099539 0.0 0.0 0.0 1.0
fire/seq-01/color/frame-000402.color.png fire/seq-01/color/frame-000405.color.png 0.999941 -0.00466582 -0.0098061 0.0360278 0.00477891 0.999922 0.0115354 -0.0176613 0.00975146 -0.0115815 0.999885 -0.0123532 0.0 0.0 0.0 1.0
fire/seq-01/color/frame-000405.color.png fire/seq-01/color/frame-000408.color.png 0.999912 0.00320666 -0.0128638 0.0453538 -0.00320599 0.999995 7.87575e-05 -0.00456366 0.0128641 -3.74609e-05 0.999917 -0.0177166 0.0 0.0 0.0 1.0
fire/seq-01/color/frame-000408.color.png fire/seq-01/color/frame-000411.color.png 0.999416 0.0210419 -0.0269137 0.0575025 -0.0205247 0.999602 0.0193468 0.00465721 0.0273101 -0.0187832 0.999451 -0.0219491 0.0 0.0 0.0 1.0
fire/seq-01/color/frame-000411.color.png fire/seq-01/color/frame-000414.color.png 0.999722 0.00400712 -0.0232464 0.0589694 -0.00395019 0.999989 0.00249467 -0.0165735 0.0232561 -0.00240209 0.999727 -0.0165471 0.0 0.0 0.0 1.0
fire/seq-01/color/frame-000414.color.png fire/seq-01/color/frame-000417.color.png 0.99989 0.00131628 -0.0147658 0.0585568 -0.00135405 0.999996 -0.00255679 -0.0125488 0.0147623 0.00257653 0.999888 -0.00454898 0.0 0.0 0.0 1.0
fire/seq-01/color/frame-000417.color.png fire/seq-01/color/frame-000420.color.png 0.999971 -0.0074713 -0.00129078 0.0308617 0.00749104 0.999843 0.0160532 -0.0316699 0.00117075 -0.0160623 0.99987 0.00933462 0.0 0.0 0.0 1.0
fire/seq-01/color/frame-000420.color.png fire/seq-01/color/frame-000423.color.png 0.99992 -0.0126554 -0.000365167 0.0244009 0.0126543 0.999916 -0.0027409 -0.0363497 0.000399688 0.0027361 0.999996 0.00287086 0.0 0.0 0.0 1.0
fire/seq-01/color/frame-000423.color.png fire/seq-01/color/frame-000426.color.png 0.999825 -0.0171202 0.00751816 0.0345745 0.0172906 0.999581 -0.0231978 -0.0295065 -0.00711769 0.0233237 0.999703 0.0168678 0.0 0.0 0.0 1.0
fire/seq-01/color/frame-000426.color.png fire/seq-01/color/frame-000429.color.png 0.999795 -0.0126563 0.015781 0.0121428 0.0128637 0.999831 -0.0131153 -0.025097 -0.0156125 0.0133156 0.99979 0.0367724 0.0 0.0 0.0 1.0
fire/seq-01/color/frame-000429.color.png fire/seq-01/color/frame-000432.color.png 0.999721 -0.019972 0.0126042 0.0287929 0.020167 0.999676 -0.0155462 -0.0427864 -0.0122896 0.015796 0.9998 0.033652 0.0 0.0 0.0 1.0
fire/seq-01/color/frame-000432.color.png fire/seq-01/color/frame-000435.color.png 0.999902 -0.00438108 0.0133022 0.0360347 0.00460159 0.999852 -0.0165805 -0.00448078 -0.0132276 0.0166401 0.999774 0.0337286 0.0 0.0 0.0 1.0
fire/seq-01/color/frame-000435.color.png fire/seq-01/color/frame-000438.color.png 0.999847 0.00613621 0.0163531 0.0341865 -0.00622839 0.999965 0.0055909 -0.00817531 -0.0163181 -0.00569182 0.999851 0.0329986 0.0 0.0 0.0 1.0
fire/seq-01/color/frame-000438.color.png fire/seq-01/color/frame-000441.color.png 0.999584 0.0152818 0.0244739 0.0154495 -0.0155607 0.999816 0.0112412 0.0138317 -0.0242977 -0.0116174 0.999637 0.0412629 0.0 0.0 0.0 1.0
fire/seq-01/color/frame-000441.color.png fire/seq-01/color/frame-000444.color.png 0.999954 0.00868279 -0.00407194 0.0116057 -0.00859911 0.999761 0.0201143 -0.00943029 0.00424572 -0.0200783 0.99979 -0.00173602 0.0 0.0 0.0 1.0
fire/seq-01/color/frame-000444.color.png fire/seq-01/color/frame-000447.color.png 0.999986 0.00130914 -0.00519539 7.7486e-06 -0.00130851 0.999999 0.000118824 -0.0221123 0.00519556 -0.00011203 0.999986 0.0106812 0.0 0.0 0.0 1.0
fire/seq-01/color/frame-000447.color.png fire/seq-01/color/frame-000450.color.png 0.999702 0.00451419 -0.0240082 0.0035305 -0.00437587 0.999973 0.00581813 -0.0404035 0.0240339 -0.00571137 0.999695 -0.01275 0.0 0.0 0.0 1.0
fire/seq-01/color/frame-000450.color.png fire/seq-01/color/frame-000453.color.png 0.999563 0.0177423 -0.023629 0.00602913 -0.0180646 0.999746 -0.0134953 0.0107673 0.0233835 0.0139163 0.99963 -0.0019491 0.0 0.0 0.0 1.0
fire/seq-01/color/frame-000453.color.png fire/seq-01/color/frame-000456.color.png 0.999253 0.0186471 -0.033848 0.00336695 -0.0188893 0.999798 -0.00685448 -0.00265455 0.0337134 0.00748875 0.999403 -0.0198147 0.0 0.0 0.0 1.0
fire/seq-01/color/frame-000456.color.png fire/seq-01/color/frame-000459.color.png 0.998778 0.0268068 -0.0415209 0.0143139 -0.0267037 0.999639 0.0030354 0.0159978 0.0415872 -0.00192303 0.999133 -0.0229708 0.0 0.0 0.0 1.0
fire/seq-01/color/frame-000459.color.png fire/seq-01/color/frame-000462.color.png 0.999649 0.0250544 -0.00862411 -0.000427961 -0.025127 0.999649 -0.00841225 0.0323007 0.00841047 0.00862603 0.999927 0.0198295 0.0 0.0 0.0 1.0
fire/seq-01/color/frame-000462.color.png fire/seq-01/color/frame-000465.color.png 0.999356 0.0342148 -0.0108065 0.00092411 -0.0339895 0.999214 0.020387 0.0338723 0.0114954 -0.0200065 0.999734 0.000435591 0.0 0.0 0.0 1.0
fire/seq-01/color/frame-000465.color.png fire/seq-01/color/frame-000468.color.png 0.99958 0.0270427 0.0104251 -0.00670564 -0.0270887 0.999624 0.00428916 0.0341124 -0.0103053 -0.00456984 0.999936 0.0402242 0.0 0.0 0.0 1.0
fire/seq-01/color/frame-000468.color.png fire/seq-01/color/frame-000471.color.png 0.999565 0.0249954 0.0156498 -0.0187843 -0.0249967 0.999688 -0.000113324 0.0326878 -0.0156477 -0.000278005 0.999878 0.0490242 0.0 0.0 0.0 1.0
fire/seq-01/color/frame-000471.color.png fire/seq-01/color/frame-000474.color.png 0.999322 0.0315967 0.0188771 -0.0238323 -0.0315275 0.999495 -0.00395152 0.0388034 -0.0189925 0.00335383 0.999814 0.0477312 0.0 0.0 0.0 1.0
fire/seq-01/color/frame-000474.color.png fire/seq-01/color/frame-000477.color.png 0.999807 0.0188463 0.00557424 -0.0371608 -0.0188603 0.999819 0.00244038 0.000307322 -0.00552718 -0.00254498 0.999982 0.0327472 0.0 0.0 0.0 1.0
fire/seq-01/color/frame-000477.color.png fire/seq-01/color/frame-000480.color.png 0.999702 0.0233967 -0.00701279 -0.0464778 -0.0233471 0.999702 0.00705339 0.00722116 0.00717567 -0.00688759 0.999951 0.00595099 0.0 0.0 0.0 1.0
fire/seq-01/color/frame-000480.color.png fire/seq-01/color/frame-000483.color.png 0.999973 -0.0023907 -0.00702324 -0.0454066 0.00239412 0.999997 0.000485893 -0.0153971 0.00702214 -0.000502812 0.999975 0.00225478 0.0 0.0 0.0 1.0
fire/seq-01/color/frame-000483.color.png fire/seq-01/color/frame-000486.color.png 0.999955 -0.00922307 0.00225776 -0.0554972 0.00920541 0.999928 0.00770401 -0.0311431 -0.00232869 -0.00768277 0.999968 0.00898802 0.0 0.0 0.0 1.0
fire/seq-01/color/frame-000486.color.png fire/seq-01/color/frame-000489.color.png 0.999977 -0.00428552 0.00515467 -0.0575066 0.00418578 0.999806 0.0192212 -0.0254747 -0.00523604 -0.0191992 0.999802 0.00198692 0.0 0.0 0.0 1.0
fire/seq-01/color/frame-000489.color.png fire/seq-01/color/frame-000492.color.png 0.99984 -0.0179063 0.000163232 -0.0626459 0.0179062 0.999839 0.000865814 -0.0253442 -0.000178676 -0.000862896 1.0 0.0124832 0.0 0.0 0.0 1.0
fire/seq-01/color/frame-000492.color.png fire/seq-01/color/frame-000495.color.png 0.999774 -0.0189591 -0.0096327 -0.0722566 0.0190949 0.999717 0.0142082 -0.0374871 0.00936055 -0.0143889 0.999853 0.00209594 0.0 0.0 0.0 1.0
fire/seq-01/color/frame-000495.color.png fire/seq-01/color/frame-000498.color.png 0.999799 -0.0199651 0.00195164 -0.0647941 0.0199734 0.999791 -0.00424467 -0.0230422 -0.00186655 0.00428293 0.999989 0.0168774 0.0 0.0 0.0 1.0
fire/seq-01/color/frame-000498.color.png fire/seq-01/color/frame-000501.color.png 0.99994 0.00138979 0.0108864 -0.0569185 -0.00154599 0.999896 0.0143371 -0.00338775 -0.0108652 -0.0143531 0.999838 0.00568759 0.0 0.0 0.0 1.0
fire/seq-01/color/frame-000501.color.png fire/seq-01/color/frame-000504.color.png 0.999881 -0.00775626 0.0133412 -0.0786518 0.00768967 0.999958 0.0050493 -0.00675237 -0.0133797 -0.00494618 0.999898 0.021778 0.0 0.0 0.0 1.0
fire/seq-01/color/frame-000504.color.png fire/seq-01/color/frame-000507.color.png 0.999974 -0.00424004 -0.00591968 -0.0525433 0.00438935 0.999667 0.0254447 -0.0135478 0.00580977 -0.0254699 0.999659 -0.00909764 0.0 0.0 0.0 1.0
fire/seq-01/color/frame-000507.color.png fire/seq-01/color/frame-000510.color.png 0.99932 -0.0081459 0.0359572 -0.0719837 0.00799949 0.999959 0.00421223 -0.0100881 -0.03599 -0.00392181 0.999344 0.0403525 0.0 0.0 0.0 1.0
fire/seq-01/color/frame-000510.color.png fire/seq-01/color/frame-000513.color.png 0.999909 -0.00727809 0.0113391 -0.0417554 0.00718444 0.99994 0.00827767 -0.00857699 -0.0113986 -0.00819546 0.999901 0.00969952 0.0 0.0 0.0 1.0
fire/seq-01/color/frame-000513.color.png fire/seq-01/color/frame-000516.color.png 0.999677 -0.00762389 0.0242235 -0.0561427 0.00768964 0.999967 -0.00262592 0.00335312 -0.0242028 0.0028115 0.999703 0.0261853 0.0 0.0 0.0 1.0
fire/seq-01/color/frame-000516.color.png fire/seq-01/color/frame-000519.color.png 0.999596 -0.0146637 0.0243392 -0.0593233 0.014558 0.999884 0.00451842 0.00155878 -0.0244026 -0.00416231 0.999693 0.0199524 0.0 0.0 0.0 1.0
fire/seq-01/color/frame-000519.color.png fire/seq-01/color/frame-000522.color.png 0.998673 -0.0266809 0.0440415 -0.086112 0.0266724 0.999644 0.000782126 -0.00809681 -0.0440465 0.000393507 0.999029 0.0196283 0.0 0.0 0.0 1.0
fire/seq-01/color/frame-000522.color.png fire/seq-01/color/frame-000525.color.png 0.999143 -0.020635 0.0358707 -0.065503 0.0200472 0.99966 0.0166649 -0.00675875 -0.0362025 -0.0159315 0.999218 0.00702983 0.0 0.0 0.0 1.0
fire/seq-01/color/frame-000525.color.png fire/seq-01/color/frame-000528.color.png 0.999384 -0.00683654 0.0344124 -0.0591919 0.00625057 0.999834 0.0171049 8.05259e-05 -0.0345236 -0.0168792 0.999261 0.0071184 0.0 0.0 0.0 1.0
fire/seq-01/color/frame-000528.color.png fire/seq-01/color/frame-000531.color.png 0.99888 -0.0201614 0.0428026 -0.0705568 0.0202163 0.999795 -0.000849903 0.00267094 -0.0427767 0.00171421 0.999083 0.0165799 0.0 0.0 0.0 1.0
fire/seq-01/color/frame-000531.color.png fire/seq-01/color/frame-000534.color.png 0.999333 -0.0248058 0.0267854 -0.0634532 0.0246903 0.999684 0.00463035 -0.0144536 -0.0268919 -0.00396582 0.999631 -0.00186938 0.0 0.0 0.0 1.0
fire/seq-01/color/frame-000534.color.png fire/seq-01/color/frame-000537.color.png 0.99956 -0.0191333 0.0226408 -0.0556787 0.0190374 0.999809 0.00444674 -0.0127438 -0.0227214 -0.00401375 0.999734 -0.0108559 0.0 0.0 0.0 1.0
