fire/seq-01/color/frame-000001.color.png fire/seq-01/color/frame-000003.color.png 0.999991 0.00229435 -0.00354941 -0.00507494 -0.0022804 0.99999 0.0039301 0.00183577 0.00355839 -0.00392197 0.999986 -0.0015656 0.0 0.0 0.0 1.0
fire/seq-01/color/frame-000003.color.png fire/seq-01/color/frame-000005.color.png 0.999974 0.00436265 -0.00566078 -0.00153037 -0.00434242 0.999984 0.00358114 0.000585241 0.00567632 -0.00355646 0.999978 0.00156219 0.0 0.0 0.0 1.0
fire/seq-01/color/frame-000005.color.png fire/seq-01/color/frame-000007.color.png 0.999984 0.00482176 -0.00288884 -0.00482985 -0.00481651 0.999987 0.00182387 0.00464222 0.00289759 -0.00180992 0.999994 -0.00137337 0.0 0.0 0.0 1.0
fire/seq-01/color/frame-000007.color.png fire/seq-01/color/frame-000009.color.png 0.999996 0.000946195 0.00253314 -0.00603396 -0.000964733 0.999973 0.00732701 -0.00101951 -0.00252613 -0.00732943 0.99997 0.000225351 0.0 0.0 0.0 1.0
fire/seq-01/color/frame-000009.color.png fire/seq-01/color/frame-000011.color.png 0.999983 0.00580361 0.000832769 -0.00606064 -0.00580631 0.999978 0.00327234 0.00243946 -0.00081376 -0.00327713 0.999994 -0.00320179 0.0 0.0 0.0 1.0
fire/seq-01/color/frame-000011.color.png fire/seq-01/color/frame-000013.color.png 0.999995 -0.00245401 0.00223983 -0.00887495 0.00243737 0.99997 0.007402 -0.000418604 -0.00225792 -0.0073965 0.99997 -0.000488582 0.0 0.0 0.0 1.0
fire/seq-01/color/frame-000013.color.png fire/seq-01/color/frame-000015.color.png 0.999987 0.00262193 0.00427886 -0.00575006 -0.00263673 0.999991 0.00345571 -0.000518384 -0.00426976 -0.00346695 0.999985 -0.000530719 0.0 0.0 0.0 1.0
fire/seq-01/color/frame-000015.color.png fire/seq-01/color/frame-000017.color.png 0.99999 -0.00061444 0.00431517 -0.0107743 0.000615492 1.0 -0.000242973 -0.00120977 -0.00431502 0.000245636 0.999991 -0.00171839 0.0 0.0 0.0 1.0
fire/seq-01/color/frame-000017.color.png fire/seq-01/color/frame-000019.color.png 0.999949 -0.00478519 0.00886393 -0.0141845 0.00475171 0.999982 0.00379426 -0.000985742 -0.00888192 -0.00375196 0.999953 -0.00106415 0.0 0.0 0.0 1.0
fire/seq-01/color/frame-000019.color.png fire/seq-01/color/frame-000021.color.png 0.999983 0.000765135 0.00572311 -0.0129072 -0.000760211 0.999999 -0.000862575 0.0014803 -0.00572377 0.000858202 0.999983 -0.000771164 0.0 0.0 0.0 1.0
fire/seq-01/color/frame-000021.color.png fire/seq-01/color/frame-000023.color.png 0.999982 -0.00169043 0.00580762 -0.0130404 0.00169166 0.999999 -0.000206798 -0.00359668 -0.00580726 0.000216617 0.999983 0.00331818 0.0 0.0 0.0 1.0
fire/seq-01/color/frame-000023.color.png fire/seq-01/color/frame-000025.color.png 0.99996 -0.00843782 0.00301602 -0.0178116 0.00845828 0.999941 -0.00683837 -0.00201999 -0.00295814 0.00686361 0.999972 -0.00245785 0.0 0.0 0.0 1.0
fire/seq-01/color/frame-000025.color.png fire/seq-01/color/frame-000027.color.png 0.999968 -0.00328818 0.00730341 -0.0181079 0.00329274 0.999994 -0.000613296 0.00217825 -0.00730135 0.000637324 0.999973 -0.00280079 0.0 0.0 0.0 1.0
fire/seq-01/color/frame-000027.color.png fire/seq-01/color/frame-000029.color.png 0.999937 -0.00728693 0.00855292 -0.0211579 0.00727323 0.999972 0.00163234 -0.00789599 -0.00856459 -0.00157004 0.999962 0.00540421 0.0 0.0 0.0 1.0
fire/seq-01/color/frame-000029.color.png fire/seq-01/color/frame-000031.color.png 0.999898 -0.00631348 0.0128441 -0.0283413 0.0064174 0.999947 -0.00806534 0.00147597 -0.0127925 0.00814694 0.999885 -0.00348269 0.0 0.0 0.0 1.0
fire/seq-01/color/frame-000031.color.png fire/seq-01/color/frame-000033.color.png 0.999938 -0.00831156 0.00747015 -0.0137497 0.00831015 0.999965 0.000219982 -0.00466234 -0.00747171 -0.00015789 0.999972 0.000795473 0.0 0.0 0.0 1.0
fire/seq-01/color/frame-000033.color.png fire/seq-01/color/frame-000035.color.png 0.99996 -0.0084152 0.0029083 -0.0158942 0.00842334 0.999961 -0.00280131 -0.00817341 -0.00288462 0.00282569 0.999992 -4.43299e-05 0.0 0.0 0.0 1.0
fire/seq-01/color/frame-000035.color.png fire/seq-01/color/frame-000037.color.png 0.999763 0.0119834 0.018186 -0.0324218 -0.0118462 0.999901 -0.00763441 0.00615986 -0.0182757 0.00741716 0.999806 -0.00759762 0.0 0.0 0.0 1.0
fire/seq-01/color/frame-000037.color.png fire/seq-01/color/frame-000039.color.png 0.999985 0.000177982 0.00554254 -0.00845315 -0.000230726 0.999955 0.00951822 -0.000716687 -0.00554062 -0.00951935 0.999939 0.00102905 0.0 0.0 0.0 1.0
fire/seq-01/color/frame-000039.color.png fire/seq-01/color/frame-000041.color.png 0.999638 -0.0178632 0.0201379 -0.0253882 0.0177197 0.999816 0.00728112 -0.00725852 -0.0202642 -0.00692164 0.999771 -0.00029919 0.0 0.0 0.0 1.0
fire/seq-01/color/frame-000041.color.png fire/seq-01/color/frame-000043.color.png 0.999634 -0.0269768 0.00197871 -0.0197852 0.0269678 0.999627 0.00442734 -0.0101862 -0.0020974 -0.00437236 0.999988 0.00294632 0.0 0.0 0.0 1.0
fire/seq-01/color/frame-000043.color.png fire/seq-01/color/frame-000045.color.png 0.999776 0.0191351 0.00906565 -0.0288582 -0.0190086 0.999724 -0.0138357 -0.00523211 -0.00932789 0.0136603 0.999863 -0.00294468 0.0 0.0 0.0 1.0
fire/seq-01/color/frame-000045.color.png fire/seq-01/color/frame-000047.color.png 0.999973 -0.00385039 0.00622878 -0.0184154 0.00379342 0.999951 0.00913451 0.00237576 -0.00626365 -0.00911064 0.999939 -0.00234343 0.0 0.0 0.0 1.0
fire/seq-01/color/frame-000047.color.png fire/seq-01/color/frame-000049.color.png 0.999953 -0.00969479 -0.000322726 -0.0064202 0.00969724 0.999914 0.00878266 -0.0145002 0.000237552 -0.00878539 0.999961 0.00512342 0.0 0.0 0.0 1.0
fire/seq-01/color/frame-000049.color.png fire/seq-01/color/frame-000051.color.png 0.999988 0.00206056 0.00445275 -0.0128234 -0.00202176 0.99996 -0.00869937 -0.00607898 -0.00447047 0.00869027 0.999952 0.00712535 0.0 0.0 0.0 1.0
fire/seq-01/color/frame-000051.color.png fire/seq-01/color/frame-000053.color.png 0.999891 -0.0057079 0.0136036 -0.0247515 0.00580627 0.999957 -0.0072026 0.00986903 -0.013562 0.0072808 0.999881 0.00634329 0.0 0.0 0.0 1.0
fire/seq-01/color/frame-000053.color.png fire/seq-01/color/frame-000055.color.png 0.999875 -0.0151249 0.00465101 -0.0104429 0.0150682 0.999815 0.0119867 -0.0230731 -0.00483145 -0.0119151 0.999917 0.00773268 0.0 0.0 0.0 1.0
fire/seq-01/color/frame-000055.color.png fire/seq-01/color/frame-000057.color.png 0.999998 0.00154753 0.00145794 -0.00311658 -0.00153714 0.999974 -0.00709746 0.0105811 -0.00146889 0.00709521 0.999974 0.0013057 0.0 0.0 0.0 1.0
fire/seq-01/color/frame-000057.color.png fire/seq-01/color/frame-000059.color.png 0.999804 -0.0122247 0.0155631 -0.00817469 0.0118776 0.999683 0.0222012 -0.00387681 -0.0158295 -0.022012 0.999632 0.00531073 0.0 0.0 0.0 1.0
fire/seq-01/color/frame-000059.color.png fire/seq-01/color/frame-000061.color.png 0.999937 -0.0088931 0.00679779 -0.00860417 0.00883286 0.999922 0.00884295 -0.0201798 -0.00687589 -0.00878235 0.999938 0.00965661 0.0 0.0 0.0 1.0
fire/seq-01/color/frame-000061.color.png fire/seq-01/color/frame-000063.color.png 0.999505 -0.00209476 0.0313862 -0.0332939 0.0018116 0.999957 0.00904714 -0.011755 -0.0314038 -0.00898582 0.999466 0.0141042 0.0 0.0 0.0 1.0
fire/seq-01/color/frame-000063.color.png fire/seq-01/color/frame-000065.color.png 0.999942 -0.00813801 0.00710055 -0.00399348 0.00813882 0.999967 -8.76169e-05 -0.00117533 -0.00709958 0.000145406 0.999975 0.00585662 0.0 0.0 0.0 1.0
fire/seq-01/color/frame-000065.color.png fire/seq-01/color/frame-000067.color.png 0.999438 -0.0214962 0.0257141 -0.0146893 0.0215088 0.999769 -0.000212238 -0.00575662 -0.0257036 0.000765202 0.999669 0.00836058 0.0 0.0 0.0 1.0
fire/seq-01/color/frame-000067.color.png fire/seq-01/color/frame-000069.color.png 0.999183 -0.034197 0.0215225 -0.0168731 0.0343982 0.999367 -0.00905059 -0.00124362 -0.0211994 0.00978353 0.999727 0.0105378 0.0 0.0 0.0 1.0
fire/seq-01/color/frame-000069.color.png fire/seq-01/color/frame-000071.color.png 0.998946 -0.0317511 0.0331475 -0.0327856 0.0317245 0.999496 0.00133088 -0.0151547 -0.0331731 -0.000277912 0.999449 0.00962292 0.0 0.0 0.0 1.0
fire/seq-01/color/frame-000071.color.png fire/seq-01/color/frame-000073.color.png 0.999498 -0.0219477 0.0228338 -0.0189308 0.0222278 0.99968 -0.0120842 0.00640127 -0.0225612 0.0125857 0.999666 0.00897162 0.0 0.0 0.0 1.0
fire/seq-01/color/frame-000073.color.png fire/seq-01/color/frame-000075.color.png 0.999443 -0.0265165 0.0202837 -0.0209491 0.026384 0.999629 0.00677121 -0.00730067 -0.0204557 -0.00623227 0.999771 0.00646698 0.0 0.0 0.0 1.0
fire/seq-01/color/frame-000075.color.png fire/seq-01/color/frame-000077.color.png 0.999904 -0.0108151 0.00871901 -0.0119126 0.010753 0.999917 0.00713916 -0.0110854 -0.00879555 -0.00704473 0.999936 0.00498961 0.0 0.0 0.0 1.0
fire/seq-01/color/frame-000077.color.png fire/seq-01/color/frame-000079.color.png 0.999949 -0.0053336 0.00852518 0.00937995 0.00533351 0.999986 2.24162e-05 -0.01139 -0.00852522 2.3072e-05 0.999964 0.00390178 0.0 0.0 0.0 1.0
fire/seq-01/color/frame-000079.color.png fire/seq-01/color/frame-000081.color.png 0.999227 -0.00996034 0.0380331 -0.0415518 0.0100177 0.999949 -0.00131743 -0.00113076 -0.038018 0.00169743 0.999276 0.0031946 0.0 0.0 0.0 1.0
fire/seq-01/color/frame-000081.color.png fire/seq-01/color/frame-000083.color.png 0.999764 -0.0125958 0.0176776 -0.0110283 0.0123535 0.999829 0.0137527 -0.0172936 -0.0178477 -0.0135311 0.999749 0.00119016 0.0 0.0 0.0 1.0
fire/seq-01/color/frame-000083.color.png fire/seq-01/color/frame-000085.color.png 0.999723 -0.00529703 0.0229335 -0.0115367 0.0054419 0.999966 -0.0062597 -0.00653157 -0.0228996 0.00638278 0.999717 0.00419858 0.0 0.0 0.0 1.0
fire/seq-01/color/frame-000085.color.png fire/seq-01/color/frame-000087.color.png 0.99951 -0.0110761 0.0292937 -0.0203046 0.0111978 0.999929 -0.00399284 -0.00871369 -0.0292473 0.00431892 0.999563 -2.61962e-05 0.0 0.0 0.0 1.0
fire/seq-01/color/frame-000087.color.png fire/seq-01/color/frame-000089.color.png 0.999373 -0.0148015 0.0321713 -0.0221418 0.0146291 0.999877 0.00558837 -0.011708 -0.0322501 -0.00511422 0.999467 -0.00695589 0.0 0.0 0.0 1.0
fire/seq-01/color/frame-000089.color.png fire/seq-01/color/frame-000091.color.png 0.999415 -0.0218827 0.0262816 -0.0168837 0.0221289 0.999714 -0.00911083 0.000429749 -0.0260746 0.00968708 0.999613 0.00485867 0.0 0.0 0.0 1.0
fire/seq-01/color/frame-000091.color.png fire/seq-01/color/frame-000093.color.png 0.998954 -0.0230858 0.0394759 -0.0398353 0.0230908 0.999733 0.000326021 -0.0207019 -0.039473 0.000585801 0.99922 -0.00574994 0.0 0.0 0.0 1.0
fire/seq-01/color/frame-000093.color.png fire/seq-01/color/frame-000095.color.png 0.999167 -0.0183077 0.0364646 -0.0309865 0.0185644 0.999805 -0.00671486 -0.00228444 -0.0363345 0.00738627 0.999312 -0.00724289 0.0 0.0 0.0 1.0
fire/seq-01/color/frame-000095.color.png fire/seq-01/color/frame-000097.color.png 0.99912 -0.0243426 0.034169 -0.033742 0.0246757 0.999652 -0.0093621 -0.00172615 -0.033929 0.010197 0.999372 -0.00418523 0.0 0.0 0.0 1.0
fire/seq-01/color/frame-000097.color.png fire/seq-01/color/frame-000099.color.png 0.999075 -0.024489 0.0353373 -0.0364296 0.0249464 0.99961 -0.0125617 4.84884e-05 -0.035016 0.0134316 0.999296 -0.00300834 0.0 0.0 0.0 1.0
fire/seq-01/color/frame-000099.color.png fire/seq-01/color/frame-000101.color.png 0.999434 -0.0205493 0.0266383 -0.0312684 0.0206239 0.999784 -0.00252941 -0.00831389 -0.0265807 0.00307735 0.999642 -0.00525665 0.0 0.0 0.0 1.0
fire/seq-01/color/frame-000101.color.png fire/seq-01/color/frame-000103.color.png 0.999625 -0.0158327 0.0223531 -0.0180466 0.0158968 0.99987 -0.00269773 -0.0085893 -0.0223075 0.00305205 0.999746 -0.00874522 0.0 0.0 0.0 1.0
fire/seq-01/color/frame-000103.color.png fire/seq-01/color/frame-000105.color.png 0.999243 -0.0163243 0.0353071 -0.0351177 0.0161981 0.999861 0.00385831 -0.0243758 -0.0353652 -0.00328343 0.999369 -0.00875685 0.0 0.0 0.0 1.0
fire/seq-01/color/frame-000105.color.png fire/seq-01/color/frame-000107.color.png 0.999742 -0.00684709 0.0216759 -0.0140566 0.00713561 0.999887 -0.0132612 -0.00268075 -0.0215826 0.0134124 0.999677 -0.000488788 0.0 0.0 0.0 1.0
fire/seq-01/color/frame-000107.color.png fire/seq-01/color/frame-000109.color.png 0.999793 -0.000337421 0.0203328 -0.0185982 0.000470936 0.999978 -0.00655965 -0.00983304 -0.0203301 0.00656787 0.999772 -0.00716981 0.0 0.0 0.0 1.0
fire/seq-01/color/frame-000109.color.png fire/seq-01/color/frame-000111.color.png 0.999876 0.00198078 0.0156195 -0.016122 -0.00175259 0.999892 -0.0146107 -0.00768155 -0.0156469 0.0145816 0.999771 -0.00417858 0.0 0.0 0.0 1.0
fire/seq-01/color/frame-000111.color.png fire/seq-01/color/frame-000113.color.png 0.999961 0.00479972 0.00739195 -0.00898898 -0.00479772 0.999988 -0.000284138 -0.0208721 -0.00739314 0.000248743 0.999973 0.00303185 0.0 0.0 0.0 1.0
fire/seq-01/color/frame-000113.color.png fire/seq-01/color/frame-000115.color.png 0.999896 0.0138228 -0.00423212 -0.000656545 -0.0138335 0.999901 -0.0025018 -0.0197427 0.00419722 0.00256016 0.999988 0.00574499 0.0 0.0 0.0 1.0
fire/seq-01/color/frame-000115.color.png fire/seq-01/color/frame-000117.color.png 0.999067 0.0367692 -0.0226687 0.0122028 -0.0369639 0.999283 -0.00822831 -0.0332228 0.0223498 0.00905855 0.999709 0.0121651 0.0 0.0 0.0 1.0
fire/seq-01/color/frame-000117.color.png fire/seq-01/color/frame-000119.color.png 0.998829 0.0370264 -0.0311456 0.0327274 -0.0373556 0.999251 -0.0100541 -0.0179023 0.03075 0.0112058 0.999464 0.00391546 0.0 0.0 0.0 1.0
fire/seq-01/color/frame-000119.color.png fire/seq-01/color/frame-000121.color.png 0.998784 0.0389632 -0.0302195 0.0165498 -0.0390247 0.999237 -0.0014472 -0.0361413 0.0301401 0.00262471 0.999542 0.0217365 0.0 0.0 0.0 1.0
fire/seq-01/color/frame-000121.color.png fire/seq-01/color/frame-000123.color.png 0.999755 0.0143926 -0.0168268 0.00568634 -0.0142281 0.99985 0.00985856 -0.023438 0.0169661 -0.00961676 0.99981 0.0138784 0.0 0.0 0.0 1.0
fire/seq-01/color/frame-000123.color.png fire/seq-01/color/frame-000125.color.png 0.999675 0.014541 -0.0209461 0.0119172 -0.0144263 0.99988 0.00561378 -0.0190085 0.0210251 -0.00530982 0.999765 0.00775918 0.0 0.0 0.0 1.0
fire/seq-01/color/frame-000125.color.png fire/seq-01/color/frame-000127.color.png 0.998812 0.0282285 -0.0397312 0.0186601 -0.0280255 0.999591 0.00565711 -0.0230391 0.0398747 -0.00453685 0.999194 0.0226712 0.0 0.0 0.0 1.0
fire/seq-01/color/frame-000127.color.png fire/seq-01/color/frame-000129.color.png 0.999295 0.0211445 -0.0310294 0.0184439 -0.021175 0.999776 -0.000654124 -0.0120462 0.0310085 0.00131072 0.999518 0.0172656 0.0 0.0 0.0 1.0
fire/seq-01/color/frame-000129.color.png fire/seq-01/color/frame-000131.color.png 0.999644 0.0213757 -0.0159631 -0.00218403 -0.021098 0.999627 0.0173655 -0.0484723 0.0163284 -0.0170225 0.999722 0.028617 0.0 0.0 0.0 1.0
fire/seq-01/color/frame-000131.color.png fire/seq-01/color/frame-000133.color.png 0.999411 0.0222905 -0.0260919 0.0172998 -0.0224207 0.999738 -0.00470578 -0.00949925 0.0259801 0.00528798 0.999648 0.0140373 0.0 0.0 0.0 1.0
fire/seq-01/color/frame-000133.color.png fire/seq-01/color/frame-000135.color.png 0.999503 0.0169556 -0.0265919 0.0232162 -0.0170218 0.999853 -0.00226527 -0.0121001 0.0265495 0.00271678 0.999644 0.0100273 0.0 0.0 0.0 1.0
fire/seq-01/color/frame-000135.color.png fire/seq-01/color/frame-000137.color.png 0.99963 0.0138816 -0.0233796 0.0101064 -0.0139612 0.999897 -0.00324248 -0.00816905 0.0233322 0.00356771 0.999721 0.0121226 0.0 0.0 0.0 1.0
fire/seq-01/color/frame-000137.color.png fire/seq-01/color/frame-000139.color.png 0.99942 0.0222542 -0.0257873 0.0230934 -0.0223147 0.999749 -0.0020613 -0.0119349 0.0257348 0.00263557 0.999665 0.00806579 0.0 0.0 0.0 1.0
fire/seq-01/color/frame-000139.color.png fire/seq-01/color/frame-000141.color.png 0.999559 0.0178078 -0.023757 0.0196106 -0.0179197 0.999829 -0.00450525 -0.00758743 0.0236728 0.00492896 0.999708 0.0119157 0.0 0.0 0.0 1.0
fire/seq-01/color/frame-000141.color.png fire/seq-01/color/frame-000143.color.png 0.999593 0.0206557 -0.0196664 0.0175127 -0.0206939 0.999784 -0.00174387 -0.00770867 0.0196261 0.00215012 0.999805 0.00897881 0.0 0.0 0.0 1.0
fire/seq-01/color/frame-000143.color.png fire/seq-01/color/frame-000145.color.png 0.999527 0.0203955 -0.0230376 0.0210021 -0.0202719 0.999779 0.00558673 -0.0149987 0.0231465 -0.00511707 0.999719 -0.00302461 0.0 0.0 0.0 1.0
fire/seq-01/color/frame-000145.color.png fire/seq-01/color/frame-000147.color.png 0.999554 0.0180363 -0.023787 0.0218168 -0.0180516 0.999837 -0.000429902 -0.00230366 0.0237754 0.000859109 0.999717 0.00815773 0.0 0.0 0.0 1.0
fire/seq-01/color/frame-000147.color.png fire/seq-01/color/frame-000149.color.png 0.999591 0.0184041 -0.0218809 0.0182278 -0.0183133 0.999823 0.00434131 -0.00273216 0.0219568 -0.00393883 0.999751 -0.00264102 0.0 0.0 0.0 1.0
fire/seq-01/color/frame-000149.color.png fire/seq-01/color/frame-000151.color.png 0.999407 0.0193798 -0.0284813 0.0235916 -0.0192932 0.999808 0.00331289 -0.00306147 0.0285401 -0.00276142 0.999589 -0.00106075 0.0 0.0 0.0 1.0
fire/seq-01/color/frame-000151.color.png fire/seq-01/color/frame-000153.color.png 0.999618 0.0132917 -0.0242275 0.0176419 -0.0132 0.999905 0.00394025 0.00425154 0.0242776 -0.00361893 0.999699 0.0188077 0.0 0.0 0.0 1.0
fire/seq-01/color/frame-000153.color.png fire/seq-01/color/frame-000155.color.png 0.999251 0.0183728 -0.0340439 0.0231918 -0.0180803 0.999797 0.00887958 -0.00773215 0.0342001 -0.00825742 0.999381 0.00470996 0.0 0.0 0.0 1.0
fire/seq-01/color/frame-000155.color.png fire/seq-01/color/frame-000157.color.png 0.999284 0.022948 -0.0300827 0.0191997 -0.0226491 0.999691 0.0102383 -0.00688931 0.0303083 -0.00954962 0.999495 0.00914766 0.0 0.0 0.0 1.0
fire/seq-01/color/frame-000157.color.png fire/seq-01/color/frame-000159.color.png 0.999409 0.0182897 -0.0290917 0.0112932 -0.0176443 0.999596 0.0222889 -0.0264722 0.0294877 -0.0217624 0.999328 0.00201635 0.0 0.0 0.0 1.0
fire/seq-01/color/frame-000159.color.png fire/seq-01/color/frame-000161.color.png 0.999263 0.0174005 -0.0342201 0.0211061 -0.0169313 0.999759 0.013951 -0.00278047 0.0344546 -0.0133614 0.999317 7.66516e-05 0.0 0.0 0.0 1.0
fire/seq-01/color/frame-000161.color.png fire/seq-01/color/frame-000163.color.png 0.999909 0.00611804 -0.0119823 0.00360662 -0.00603179 0.999956 0.00722127 -0.000616103 0.0120259 -0.00714834 0.999902 0.00174096 0.0 0.0 0.0 1.0
fire/seq-01/color/frame-000163.color.png fire/seq-01/color/frame-000165.color.png 0.999695 0.00754488 -0.023506 0.00841713 -0.00726087 0.9999 0.0121447 -0.000841975 0.0235952 -0.0119704 0.99965 0.00717768 0.0 0.0 0.0 1.0
fire/seq-01/color/frame-000165.color.png fire/seq-01/color/frame-000167.color.png 0.999981 0.00302871 -0.00532506 -0.00077194 -0.00300345 0.999984 0.00474581 -0.000120163 0.00533937 -0.00472973 0.999975 -0.00331202 0.0 0.0 0.0 1.0
fire/seq-01/color/frame-000167.color.png fire/seq-01/color/frame-000169.color.png 0.999873 0.00725093 -0.0142289 0.00371331 -0.00720171 0.999968 0.00350739 0.00685856 0.0142539 -0.00340447 0.999893 0.000589445 0.0 0.0 0.0 1.0
fire/seq-01/color/frame-000169.color.png fire/seq-01/color/frame-000171.color.png 0.999948 0.00323453 -0.0096899 0.00628918 -0.00321309 0.999992 0.00222729 0.00223556 0.00969702 -0.00219604 0.999951 -0.000825524 0.0 0.0 0.0 1.0
fire/seq-01/color/frame-000171.color.png fire/seq-01/color/frame-000173.color.png 0.999725 0.0102186 -0.0211124 0.0221586 -0.0102422 0.999947 -0.00100832 0.015712 0.021101 0.00122428 0.999777 -0.00660761 0.0 0.0 0.0 1.0
fire/seq-01/color/frame-000173.color.png fire/seq-01/color/frame-000175.color.png 0.999999 -0.00167566 -0.000218228 -0.00787956 0.00167491 0.999993 -0.00338715 0.00779802 0.000223914 0.00338678 0.999994 0.00843829 0.0 0.0 0.0 1.0
fire/seq-01/color/frame-000175.color.png fire/seq-01/color/frame-000177.color.png 0.999854 0.011618 -0.0125369 0.00529253 -0.0115741 0.999927 0.00357119 -0.0054653 0.0125775 -0.00342557 0.999915 0.0012323 0.0 0.0 0.0 1.0
fire/seq-01/color/frame-000177.color.png fire/seq-01/color/frame-000179.color.png 0.999957 0.00524247 -0.00759913 0.00549662 -0.00524127 0.999986 0.000178461 0.00129732 0.00759996 -0.000138624 0.999971 -0.00339034 0.0 0.0 0.0 1.0
fire/seq-01/color/frame-000179.color.png fire/seq-01/color/frame-000181.color.png 0.999866 0.0118779 -0.0112587 0.00162417 -0.0118571 0.999928 0.00191147 -0.00113976 0.0112806 -0.00177771 0.999935 0.00266139 0.0 0.0 0.0 1.0
fire/seq-01/color/frame-000181.color.png fire/seq-01/color/frame-000183.color.png 0.999866 0.00951285 -0.0133525 0.00558287 -0.00947958 0.999952 0.00255269 0.000847697 0.0133762 -0.00242576 0.999908 -0.00787802 0.0 0.0 0.0 1.0
fire/seq-01/color/frame-000183.color.png fire/seq-01/color/frame-000185.color.png 0.999972 0.00440394 -0.00605972 0.000146985 -0.00438454 0.999985 0.00321302 -0.00220519 0.00607378 -0.00318637 0.999976 0.00040935 0.0 0.0 0.0 1.0
fire/seq-01/color/frame-000185.color.png fire/seq-01/color/frame-000187.color.png 0.99981 0.00968644 -0.0168943 0.00952739 -0.00948257 0.999882 0.0121058 -0.00937992 0.0170095 -0.0119433 0.999784 -0.00508191 0.0 0.0 0.0 1.0
fire/seq-01/color/frame-000187.color.png fire/seq-01/color/frame-000189.color.png 0.99995 0.00830926 -0.00550017 -0.00143468 -0.00821364 0.999819 0.0171839 -0.00424415 0.00564195 -0.0171379 0.999837 -0.00430624 0.0 0.0 0.0 1.0
fire/seq-01/color/frame-000189.color.png fire/seq-01/color/frame-000191.color.png 0.999969 0.00437418 -0.00650686 0.0085246 -0.00423384 0.999761 0.0214287 -0.00264668 0.00659904 -0.0214005 0.999749 -0.0172148 0.0 0.0 0.0 1.0
fire/seq-01/color/frame-000191.color.png fire/seq-01/color/frame-000193.color.png 1.0 -0.000561212 0.000449886 -0.00261796 0.000556321 0.999942 0.0108094 0.00273708 -0.000455926 -0.0108091 0.999942 -0.00211285 0.0 0.0 0.0 1.0
fire/seq-01/color/frame-000193.color.png fire/seq-01/color/frame-000195.color.png 0.999986 0.000763769 -0.00530265 0.00906307 -0.000759148 0.999999 0.000878142 0.0401395 0.00530332 -0.000874093 0.999986 -0.0183965 0.0 0.0 0.0 1.0
fire/seq-01/color/frame-000195.color.png fire/seq-01/color/frame-000197.color.png 0.999985 -0.00154666 0.00534058 0.000358403 0.00150375 0.999967 0.00803002 0.0227294 -0.00535282 -0.00802188 0.999954 -0.0124115 0.0 0.0 0.0 1.0
fire/seq-01/color/frame-000197.color.png fire/seq-01/color/frame-000199.color.png 0.999997 0.00232896 6.80879e-05 0.0024581 -0.00232933 0.999977 0.00633611 0.00220218 -5.33302e-05 -0.00633626 0.99998 -0.00593318 0.0 0.0 0.0 1.0
fire/seq-01/color/frame-000199.color.png fire/seq-01/color/frame-000201.color.png 0.99996 0.00642466 0.00617509 0.0100752 -0.0065316 0.999826 0.0174504 -0.000803739 -0.00606191 -0.01749 0.999829 -0.0190659 0.0 0.0 0.0 1.0
fire/seq-01/color/frame-000201.color.png fire/seq-01/color/frame-000203.color.png 0.999928 -0.00939137 0.0074065 -0.00161976 0.00934533 0.999937 0.00622936 0.0169971 -0.00746454 -0.0061597 0.999953 -0.0134552 0.0 0.0 0.0 1.0
fire/seq-01/color/frame-000203.color.png fire/seq-01/color/frame-000205.color.png 0.999998 -0.00102312 0.00189293 0.016468 0.000998301 0.999914 0.0130692 0.00429308 -0.00190614 -0.0130673 0.999913 -0.0154993 0.0 0.0 0.0 1.0
fire/seq-01/color/frame-000205.color.png fire/seq-01/color/frame-000207.color.png 0.999997 -0.0012581 0.00184452 0.00822949 0.00124589 0.999977 0.00661202 0.00384176 -0.0018528 -0.0066097 0.999977 -0.00862742 0.0 0.0 0.0 1.0
fire/seq-01/color/frame-000207.color.png fire/seq-01/color/frame-000209.color.png 0.999939 -0.00210515 0.0108538 0.0125759 0.00191524 0.999845 0.0174775 0.00471863 -0.0108889 -0.0174556 0.999788 -0.0199848 0.0 0.0 0.0 1.0
fire/seq-01/color/frame-000209.color.png fire/seq-01/color/frame-000211.color.png 0.999979 -0.00634165 0.00078538 0.0247393 0.00632957 0.999875 0.0145197 0.00764158 -0.000877357 -0.0145144 0.999894 -0.0140488 0.0 0.0 0.0 1.0
fire/seq-01/color/frame-000211.color.png fire/seq-01/color/frame-000213.color.png 0.999935 0.00285665 0.011051 -0.000780165 -0.00290308 0.999987 0.00418674 0.00651491 -0.0110389 -0.00421854 0.99993 -0.00788289 0.0 0.0 0.0 1.0
fire/seq-01/color/frame-000213.color.png fire/seq-01/color/frame-000215.color.png 0.99998 0.00607654 0.00197973 0.0340778 -0.00610388 0.999882 0.014097 -0.00783318 -0.00189384 -0.0141088 0.999899 -0.0180815 0.0 0.0 0.0 1.0
fire/seq-01/color/frame-000215.color.png fire/seq-01/color/frame-000217.color.png 0.99998 0.00449288 0.00438035 0.0322767 -0.00451961 0.999971 0.00611856 0.0162815 -0.00435273 -0.00613826 0.999972 -0.0149459 0.0 0.0 0.0 1.0
fire/seq-01/color/frame-000217.color.png fire/seq-01/color/frame-000219.color.png 0.999972 0.00676846 -0.00329531 0.0266396 -0.00678035 0.999971 -0.0036118 0.0186255 0.00327076 0.00363406 0.999988 -0.00573194 0.0 0.0 0.0 1.0
fire/seq-01/color/frame-000219.color.png fire/seq-01/color/frame-000221.color.png 0.999927 0.00773756 0.00930906 0.0252252 -0.00795227 0.999698 0.0232529 -0.0123696 -0.00912633 -0.0233253 0.999686 -0.0205961 0.0 0.0 0.0 1.0
fire/seq-01/color/frame-000221.color.png fire/seq-01/color/frame-000223.color.png 0.999945 -0.00263686 -0.0101787 0.029745 0.00263023 0.999996 -0.000665661 0.0111623 0.0101805 0.000638856 0.999948 0.000477895 0.0 0.0 0.0 1.0
fire/seq-01/color/frame-000223.color.png fire/seq-01/color/frame-000225.color.png 0.999948 0.00774487 0.00664359 0.0277758 -0.00780475 0.999929 0.00903341 -0.0019175 -0.00657317 -0.00908482 0.999937 -0.0138225 0.0 0.0 0.0 1.0
fire/seq-01/color/frame-000225.color.png fire/seq-01/color/frame-000227.color.png 0.999907 5.63352e-05 -0.0136576 0.0401177 -0.000219281 0.999929 -0.01193 0.0292685 0.013656 0.011932 0.999836 0.00281877 0.0 0.0 0.0 1.0
fire/seq-01/color/frame-000227.color.png fire/seq-01/color/frame-000229.color.png 0.999994 0.00151456 -0.00303421 0.0352807 -0.00149902 0.999986 0.00511426 0.000333428 0.00304191 -0.0051097 0.999982 -0.00159548 0.0 0.0 0.0 1.0
fire/seq-01/color/frame-000229.color.png fire/seq-01/color/frame-000231.color.png 0.999961 -0.00397369 0.00787975 0.0252315 0.00400664 0.999983 -0.00417289 0.0192003 -0.00786304 0.00420432 0.99996 -0.00972336 0.0 0.0 0.0 1.0
fire/seq-01/color/frame-000231.color.png fire/seq-01/color/frame-000233.color.png 0.999986 -0.00486001 -0.00193292 0.0192064 0.00486644 0.999983 0.00333956 -0.000364065 0.00191666 -0.00334893 0.999993 -0.00011139 0.0 0.0 0.0 1.0
fire/seq-01/color/frame-000233.color.png fire/seq-01/color/frame-000235.color.png 0.999883 -0.00632789 0.0139231 0.0162227 0.00624792 0.999964 0.0057806 -0.00267494 -0.0139592 -0.00569295 0.999886 -0.00582215 0.0 0.0 0.0 1.0
fire/seq-01/color/frame-000235.color.png fire/seq-01/color/frame-000237.color.png 0.999888 -0.0117658 -0.00927551 0.0453981 0.0117469 0.999929 -0.00208547 0.00853774 0.00929939 0.0019763 0.999955 0.00231579 0.0 0.0 0.0 1.0
fire/seq-01/color/frame-000237.color.png fire/seq-01/color/frame-000239.color.png 0.999954 -0.00156589 0.00944032 0.00102875 0.00156234 0.999999 0.000386119 0.00156258 -0.00944091 -0.000371358 0.999955 -0.002982 0.0 0.0 0.0 1.0
fire/seq-01/color/frame-000239.color.png fire/seq-01/color/frame-000241.color.png 0.999898 -0.014216 0.00148759 0.0238524 0.0142006 0.99985 0.00988906 -0.00880681 -0.00162795 -0.00986696 0.99995 0.00577576 0.0 0.0 0.0 1.0
fire/seq-01/color/frame-000241.color.png fire/seq-01/color/frame-000243.color.png 0.999972 -0.00742902 0.000462808 0.0271066 0.00742943 0.999972 -0.000900937 0.00694153 -0.000456102 0.000904371 0.999999 0.00539955 0.0 0.0 0.0 1.0
fire/seq-01/color/frame-000243.color.png fire/seq-01/color/frame-000245.color.png 0.999989 -0.003609 0.00308301 0.0122388 0.00358311 0.999959 0.00836386 -0.00973529 -0.00311307 -0.00835273 0.99996 0.00441098 0.0 0.0 0.0 1.0
fire/seq-01/color/frame-000245.color.png fire/seq-01/color/frame-000247.color.png 0.999965 -0.00350043 0.00761372 0.0279318 0.00351887 0.999991 -0.00240993 -0.000803828 -0.00760522 0.0024366 0.999968 0.00573764 0.0 0.0 0.0 1.0
fire/seq-01/color/frame-000247.color.png fire/seq-01/color/frame-000249.color.png 0.999963 -0.0015469 0.00851334 0.00561927 0.00154776 0.999999 -9.52357e-05 0.00197762 -0.00851317 0.000108506 0.999964 0.000441516 0.0 0.0 0.0 1.0
fire/seq-01/color/frame-000249.color.png fire/seq-01/color/frame-000251.color.png 0.999961 -0.0071964 0.00510432 0.0208107 0.00716031 0.99995 0.00705388 -0.00678229 -0.00515483 -0.00701711 0.999962 0.00679446 0.0 0.0 0.0 1.0
fire/seq-01/color/frame-000251.color.png fire/seq-01/color/frame-000253.color.png 0.99999 -0.00153333 0.00421173 0.0274853 0.00151749 0.999992 0.00376182 -0.000485539 -0.00421746 -0.00375538 0.999984 0.00927885 0.0 0.0 0.0 1.0
fire/seq-01/color/frame-000253.color.png fire/seq-01/color/frame-000255.color.png 0.999998 -0.000580673 0.00195135 0.0121178 0.000568043 0.999979 0.00646636 -0.00956117 -0.00195508 -0.00646524 0.999977 0.00355134 0.0 0.0 0.0 1.0
fire/seq-01/color/frame-000255.color.png fire/seq-01/color/frame-000257.color.png 0.999988 -0.0037894 -0.00307254 0.034364 0.00378101 0.999989 -0.00273371 0.00535873 0.00308288 0.0027221 0.999992 0.00929223 0.0 0.0 0.0 1.0
fire/seq-01/color/frame-000257.color.png fire/seq-01/color/frame-000259.color.png 0.999995 0.000855509 -0.00291391 0.0259881 -0.000844969 0.999993 0.00361794 -0.0128392 0.00291699 -0.00361552 0.999989 0.00763146 0.0 0.0 0.0 1.0
fire/seq-01/color/frame-000259.color.png fire/seq-01/color/frame-000261.color.png 0.999999 0.000780108 0.00127532 0.00980495 -0.000780861 1.0 0.000590626 -0.0033569 -0.00127485 -0.00059156 0.999999 0.00375656 0.0 0.0 0.0 1.0
fire/seq-01/color/frame-000261.color.png fire/seq-01/color/frame-000263.color.png 0.999994 -0.00253987 0.00242123 0.0195344 0.00253386 0.999994 0.00248497 -0.00687948 -0.00242753 -0.00247882 0.999994 0.0120472 0.0 0.0 0.0 1.0
fire/seq-01/color/frame-000263.color.png fire/seq-01/color/frame-000265.color.png 0.99999 -0.00364912 0.00245042 0.00652041 0.00364879 0.999993 0.000133719 -0.00481704 -0.00245091 -0.000124791 0.999997 0.00484515 0.0 0.0 0.0 1.0
fire/seq-01/color/frame-000265.color.png fire/seq-01/color/frame-000267.color.png 0.999992 -0.00391157 -0.000129063 0.0132948 0.00391143 0.999992 -0.00109253 -0.00233844 0.000133352 0.001092 0.999999 0.00582451 0.0 0.0 0.0 1.0
fire/seq-01/color/frame-000267.color.png fire/seq-01/color/frame-000269.color.png 0.999997 0.00222004 -0.00126084 0.0225566 -0.0022215 0.999997 -0.0011505 -0.00692672 0.00125827 0.00115332 0.999999 0.0114673 0.0 0.0 0.0 1.0
fire/seq-01/color/frame-000269.color.png fire/seq-01/color/frame-000271.color.png 0.999979 0.00602709 0.00252915 0.00368957 -0.00601991 0.999978 -0.00283488 0.000238329 -0.00254618 0.00281959 0.999993 0.000564247 0.0 0.0 0.0 1.0
fire/seq-01/color/frame-000271.color.png fire/seq-01/color/frame-000273.color.png 0.999988 0.00435973 -0.00237972 0.0201227 -0.00434905 0.999981 0.00447506 -0.0131671 0.00239919 -0.00446464 0.999987 0.00623765 0.0 0.0 0.0 1.0
fire/seq-01/color/frame-000273.color.png fire/seq-01/color/frame-000275.color.png 0.999956 0.00594847 -0.00719328 0.0216686 -0.0059407 0.999982 0.00110072 -0.01117 0.0071997 -0.00105792 0.999974 -0.000430822 0.0 0.0 0.0 1.0
fire/seq-01/color/frame-000275.color.png fire/seq-01/color/frame-000277.color.png 0.99998 0.000529881 -0.00636665 0.0169639 -0.000524502 1.0 0.000847094 -0.00541669 0.00636709 -0.000843727 0.999979 0.00711713 0.0 0.0 0.0 1.0
fire/seq-01/color/frame-000277.color.png fire/seq-01/color/frame-000279.color.png 0.999996 0.00185201 -0.00224175 0.0184714 -0.00187672 0.999937 -0.0110718 -0.0038121 0.0022211 0.011076 0.999936 0.00828182 0.0 0.0 0.0 1.0
fire/seq-01/color/frame-000279.color.png fire/seq-01/color/frame-000281.color.png 0.999997 0.000868961 -0.00204372 0.00840666 -0.000869959 1.0 -0.000490341 -0.00374269 0.0020433 0.000492108 0.999998 0.00116275 0.0 0.0 0.0 1.0
fire/seq-01/color/frame-000281.color.png fire/seq-01/color/frame-000283.color.png 0.999957 0.00651918 -0.00663506 0.022223 -0.00657396 0.999944 -0.00826709 -0.00382969 0.00658079 0.00831034 0.999944 0.00923972 0.0 0.0 0.0 1.0
fire/seq-01/color/frame-000283.color.png fire/seq-01/color/frame-000285.color.png 0.999947 0.00271307 -0.00995564 0.0186286 -0.00276745 0.999981 -0.00545302 -0.000473291 0.00994066 0.00548024 0.999935 0.00125667 0.0 0.0 0.0 1.0
fire/seq-01/color/frame-000285.color.png fire/seq-01/color/frame-000287.color.png 0.999884 0.00781709 -0.0130663 0.0249499 -0.00783094 0.999969 -0.00100892 -0.0127372 0.013058 0.0011112 0.999914 0.00541087 0.0 0.0 0.0 1.0
fire/seq-01/color/frame-000287.color.png fire/seq-01/color/frame-000289.color.png 0.999787 0.00627977 -0.0196682 0.0296475 -0.00649488 0.99992 -0.0108921 -0.00280866 0.0195982 0.0110175 0.999747 0.00717366 0.0 0.0 0.0 1.0
fire/seq-01/color/frame-000289.color.png fire/seq-01/color/frame-000291.color.png 0.999943 0.00441926 -0.00976718 0.0172965 -0.00447345 0.999975 -0.00553128 -0.00202832 0.0097425 0.00557463 0.999937 0.00201727 0.0 0.0 0.0 1.0
fire/seq-01/color/frame-000291.color.png fire/seq-01/color/frame-000293.color.png 0.999809 0.00467366 -0.0189645 0.033316 -0.0048135 0.999962 -0.00733558 -0.00145397 0.0189295 0.00742547 0.999793 -0.000265762 0.0 0.0 0.0 1.0
fire/seq-01/color/frame-000293.color.png fire/seq-01/color/frame-000295.color.png 0.99972 0.00386435 -0.0233528 0.0370032 -0.00373451 0.999977 0.00560165 -0.00505376 0.0233739 -0.00551281 0.999712 -0.0031738 0.0 0.0 0.0 1.0
fire/seq-01/color/frame-000295.color.png fire/seq-01/color/frame-000297.color.png 0.999439 -0.000170283 -0.033481 0.0603045 0.00037649 0.999981 0.00615184 -0.0100668 0.0334793 -0.00616108 0.99942 -0.00232103 0.0 0.0 0.0 1.0
fire/seq-01/color/frame-000297.color.png fire/seq-01/color/frame-000299.color.png 0.999975 0.00457458 -0.00541481 0.0105948 -0.00458189 0.999989 -0.00133648 -0.000880897 0.00540862 0.00136127 0.999985 0.00651176 0.0 0.0 0.0 1.0
fire/seq-01/color/frame-000299.color.png fire/seq-01/color/frame-000301.color.png 0.999843 0.0105497 -0.0142138 0.0353015 -0.010676 0.999904 -0.00884025 -0.000197321 0.0141191 0.00899061 0.99986 -0.00427955 0.0 0.0 0.0 1.0
fire/seq-01/color/frame-000301.color.png fire/seq-01/color/frame-000303.color.png 0.999925 0.0076563 -0.00951966 0.0289369 -0.00762569 0.999966 0.00324924 0.000177681 0.00954423 -0.00317644 0.999949 -0.00373156 0.0 0.0 0.0 1.0
fire/seq-01/color/frame-000303.color.png fire/seq-01/color/frame-000305.color.png 0.999978 -0.0021531 -0.00619123 0.0102749 0.00218379 0.999985 0.0049537 -0.00726658 0.00618048 -0.00496709 0.999969 -0.00313382 0.0 0.0 0.0 1.0
fire/seq-01/color/frame-000305.color.png fire/seq-01/color/frame-000307.color.png 0.999935 -0.00277286 -0.011071 0.021912 0.00277733 0.999996 0.000387129 0.000727534 0.0110698 -0.000417814 0.999939 0.000513971 0.0 0.0 0.0 1.0
fire/seq-01/color/frame-000307.color.png fire/seq-01/color/frame-000309.color.png 0.999873 -0.0123969 -0.0100034 0.010821 0.0123937 0.999923 -0.000379487 -0.0139472 0.0100074 0.000255417 0.99995 -0.00337963 0.0 0.0 0.0 1.0
fire/seq-01/color/frame-000309.color.png fire/seq-01/color/frame-000311.color.png 0.999808 -0.00998116 -0.0168633 0.0203669 0.00992905 0.999946 -0.00317112 -0.00163206 0.016894 0.00300308 0.999853 -0.0041194 0.0 0.0 0.0 1.0
fire/seq-01/color/frame-000311.color.png fire/seq-01/color/frame-000313.color.png 0.999804 -0.0053671 -0.0190284 0.0293563 0.00537204 0.999986 0.000209058 -0.00153133 0.019027 -0.000311218 0.999819 0.00176667 0.0 0.0 0.0 1.0
fire/seq-01/color/frame-000313.color.png fire/seq-01/color/frame-000315.color.png 0.999949 -0.00295561 -0.00964147 0.0127931 0.00291969 0.999989 -0.00373672 0.000680268 0.00965242 0.00370837 0.999947 -0.0030586 0.0 0.0 0.0 1.0
fire/seq-01/color/frame-000315.color.png fire/seq-01/color/frame-000317.color.png 0.999931 0.00338603 -0.0112371 0.016451 -0.00332311 0.999979 0.0056131 -0.0081884 0.0112558 -0.00557535 0.999921 0.00258546 0.0 0.0 0.0 1.0
fire/seq-01/color/frame-000317.color.png fire/seq-01/color/frame-000319.color.png 0.999881 0.00712396 -0.0136536 0.0201228 -0.00725721 0.999926 -0.00973485 0.00864926 0.0135832 0.00983277 0.999859 -0.000809342 0.0 0.0 0.0 1.0
fire/seq-01/color/frame-000319.color.png fire/seq-01/color/frame-000321.color.png 0.999927 -0.0015129 -0.0119906 0.0212003 0.00151657 0.999999 0.000298368 -0.00697598 0.0119901 -0.000316503 0.999928 0.00456782 0.0 0.0 0.0 1.0
fire/seq-01/color/frame-000321.color.png fire/seq-01/color/frame-000323.color.png 0.99998 -0.000230807 -0.00623999 0.0180656 0.000209848 0.999994 -0.00336264 0.00426492 0.00624075 0.00336124 0.999975 0.000593215 0.0 0.0 0.0 1.0
fire/seq-01/color/frame-000323.color.png fire/seq-01/color/frame-000325.color.png 0.999971 0.00108187 -0.0074859 0.0201325 -0.00106673 0.999997 0.00202583 -0.0063259 0.00748809 -0.0020178 0.99997 0.0068804 0.0 0.0 0.0 1.0
fire/seq-01/color/frame-000325.color.png fire/seq-01/color/frame-000327.color.png 0.999825 -0.00279643 -0.0184968 0.0389696 0.00273471 0.999991 -0.0033615 -0.00327012 0.0185061 0.00331033 0.999823 0.00776798 0.0 0.0 0.0 1.0
fire/seq-01/color/frame-000327.color.png fire/seq-01/color/frame-000329.color.png 0.999908 0.00586354 -0.0122191 0.0230783 -0.00594945 0.999958 -0.00700576 0.000270039 0.0121775 0.00707783 0.999901 0.00610973 0.0 0.0 0.0 1.0
fire/seq-01/color/frame-000329.color.png fire/seq-01/color/frame-000331.color.png 0.99997 0.00346821 -0.00693407 0.0136039 -0.00349689 0.999985 -0.00412606 0.00132737 0.00691965 0.00415015 0.999967 0.00324789 0.0 0.0 0.0 1.0
fire/seq-01/color/frame-000331.color.png fire/seq-01/color/frame-000333.color.png 0.999908 0.0108483 -0.00811319 0.0232947 -0.0108779 0.999934 -0.00360653 0.00107539 0.00807351 0.00369451 0.999961 -0.00298703 0.0 0.0 0.0 1.0
fire/seq-01/color/frame-000333.color.png fire/seq-01/color/frame-000335.color.png 0.999566 -0.000389885 -0.0294548 0.0355746 0.000610958 0.999972 0.00749661 -0.0111573 0.0294512 -0.00751136 0.999538 0.00107884 0.0 0.0 0.0 1.0
fire/seq-01/color/frame-000335.color.png fire/seq-01/color/frame-000337.color.png 0.99955 0.0247929 -0.0169136 0.032294 -0.0249754 0.999631 -0.0106678 0.0177213 0.0166429 0.0110854 0.9998 -0.00559327 0.0 0.0 0.0 1.0
fire/seq-01/color/frame-000337.color.png fire/seq-01/color/frame-000339.color.png 0.99965 0.0109598 -0.0240919 0.0278544 -0.0109081 0.999938 0.00227901 -9.86457e-05 0.0241154 -0.00201542 0.999707 -0.013961 0.0 0.0 0.0 1.0
fire/seq-01/color/frame-000339.color.png fire/seq-01/color/frame-000341.color.png 0.99944 0.0233254 -0.0239851 0.0385451 -0.0233384 0.999728 -0.000262375 0.00685403 0.0239724 0.000821994 0.999712 -0.00199696 0.0 0.0 0.0 1.0
fire/seq-01/color/frame-000341.color.png fire/seq-01/color/frame-000343.color.png 0.999416 0.0154165 -0.0305092 0.0270851 -0.0154389 0.999881 -0.000498425 0.00640503 0.0304978 0.000969187 0.999534 -0.0229034 0.0 0.0 0.0 1.0
fire/seq-01/color/frame-000343.color.png fire/seq-01/color/frame-000345.color.png 0.999487 0.0207215 -0.0244359 0.0240875 -0.0205175 0.999753 0.00857064 -0.00224969 0.0246074 -0.00806485 0.999665 -0.016759 0.0 0.0 0.0 1.0
fire/seq-01/color/frame-000345.color.png fire/seq-01/color/frame-000347.color.png 0.999428 0.0163318 -0.0296016 0.0281593 -0.0165076 0.999848 -0.00569931 0.0110624 0.029504 0.00618468 0.999546 -0.0140724 0.0 0.0 0.0 1.0
fire/seq-01/color/frame-000347.color.png fire/seq-01/color/frame-000349.color.png 0.999075 0.0281832 -0.0324845 0.0398244 -0.0283866 0.99958 -0.0058175 0.0170564 0.0323069 0.00673424 0.999455 -0.0159989 0.0 0.0 0.0 1.0
fire/seq-01/color/frame-000349.color.png fire/seq-01/color/frame-000351.color.png 0.999256 0.0305377 -0.023558 0.0301245 -0.030683 0.999512 -0.00583162 0.0155314 0.0233685 0.00655012 0.999705 -0.0191168 0.0 0.0 0.0 1.0
fire/seq-01/color/frame-000351.color.png fire/seq-01/color/frame-000353.color.png 0.998986 0.0351791 -0.0280948 0.0390027 -0.0354593 0.999326 -0.00954359 0.0275462 0.02774 0.0105301 0.99956 -0.0134084 0.0 0.0 0.0 1.0
fire/seq-01/color/frame-000353.color.png fire/seq-01/color/frame-000355.color.png 0.998922 0.0336368 -0.0319986 0.0395659 -0.033961 0.999377 -0.00964097 0.0266769 0.0316543 0.0107172 0.999441 -0.00922623 0.0 0.0 0.0 1.0
fire/seq-01/color/frame-000355.color.png fire/seq-01/color/frame-000357.color.png 0.999059 0.0308739 -0.030452 0.0389782 -0.0310213 0.999509 -0.00437753 0.0221898 0.0303019 0.00531814 0.999527 -0.0192245 0.0 0.0 0.0 1.0
