fire/seq-01/color/frame-000002.color.png fire/seq-01/color/frame-000005.color.png 0.99996 0.0047437 -0.00762556 -0.00444238 -0.00469318 0.999967 0.0066299 0.000138504 0.00765676 -0.00659385 0.999949 0.000870048 0.0 0.0 0.0 1.0
fire/seq-01/color/frame-000005.color.png fire/seq-01/color/frame-000008.color.png 0.999979 0.00616021 -0.00201625 -0.00605391 -0.00614669 0.999959 0.00664583 0.00385266 0.00205711 -0.0066333 0.999976 -0.000726428 0.0 0.0 0.0 1.0
fire/seq-01/color/frame-000008.color.png fire/seq-01/color/frame-000011.color.png 0.999986 0.00504298 0.00176774 -0.00972828 -0.00505351 0.999969 0.0060008 0.00183511 -0.00173742 -0.00600964 0.999981 -0.00342624 0.0 0.0 0.0 1.0
fire/seq-01/color/frame-000011.color.png fire/seq-01/color/frame-000014.color.png 0.999997 0.000148453 0.00230183 -0.010364 -0.000167091 0.999967 0.00809699 0.00112918 -0.00230055 -0.00809735 0.999965 0.00024943 0.0 0.0 0.0 1.0
fire/seq-01/color/frame-000014.color.png fire/seq-01/color/frame-000017.color.png 0.99997 -0.000503996 0.00777399 -0.0139191 0.000493253 0.999999 0.00138397 -0.00164686 -0.00777467 -0.00138009 0.999969 -0.00291506 0.0 0.0 0.0 1.0
fire/seq-01/color/frame-000017.color.png fire/seq-01/color/frame-000020.color.png 0.999939 -0.00331219 0.0105559 -0.0201072 0.00329052 0.999992 0.00206934 0.000382497 -0.0105627 -0.00203448 0.999942 -0.000457592 0.0 0.0 0.0 1.0
fire/seq-01/color/frame-000020.color.png fire/seq-01/color/frame-000023.color.png 0.999943 -0.00245982 0.0104072 -0.0210689 0.00244377 0.999996 0.00155471 -0.0051545 -0.010411 -0.00152919 0.999945 0.00204289 0.0 0.0 0.0 1.0
fire/seq-01/color/frame-000023.color.png fire/seq-01/color/frame-000026.color.png 0.99995 -0.00801695 0.00606025 -0.025856 0.0080687 0.999931 -0.00856226 0.000232899 -0.00599119 0.00861073 0.999945 -0.00133241 0.0 0.0 0.0 1.0
fire/seq-01/color/frame-000026.color.png fire/seq-01/color/frame-000029.color.png 0.999912 -0.0094313 0.00933238 -0.0244517 0.00940919 0.999953 0.00241006 -0.00659782 -0.00935466 -0.00232203 0.999954 0.000732407 0.0 0.0 0.0 1.0
fire/seq-01/color/frame-000029.color.png fire/seq-01/color/frame-000032.color.png 0.999797 -0.0119242 0.0162713 -0.0380351 0.0120304 0.999907 -0.00644757 -0.00209915 -0.0161929 0.00664201 0.999847 -0.00169954 0.0 0.0 0.0 1.0
fire/seq-01/color/frame-000032.color.png fire/seq-01/color/frame-000035.color.png 0.999822 -0.01316 0.0135501 -0.0326736 0.0132254 0.999901 -0.00474313 -0.00891582 -0.0134864 0.00492148 0.999897 0.00138061 0.0 0.0 0.0 1.0
fire/seq-01/color/frame-000035.color.png fire/seq-01/color/frame-000038.color.png 0.999907 0.00948445 0.00984227 -0.017925 -0.00940311 0.999922 -0.00827927 0.0064571 -0.00992002 0.00818595 0.999917 -0.00605017 0.0 0.0 0.0 1.0
fire/seq-01/color/frame-000038.color.png fire/seq-01/color/frame-000041.color.png 0.999568 -0.0153155 0.0251029 -0.0337871 0.0148444 0.999712 0.0188494 -0.0105448 -0.0253844 -0.0184686 0.999507 -0.00452499 0.0 0.0 0.0 1.0
fire/seq-01/color/frame-000041.color.png fire/seq-01/color/frame-000044.color.png 0.999807 -0.0139032 0.0138907 -0.0445766 0.0139143 0.999903 -0.00070144 -0.0208803 -0.0138795 0.000894578 0.999903 0.0119283 0.0 0.0 0.0 1.0
fire/seq-01/color/frame-000044.color.png fire/seq-01/color/frame-000047.color.png 0.999952 0.00411372 0.00889193 -0.0309222 -0.00412038 0.999991 0.000731251 0.00707921 -0.00888886 -0.000767855 0.99996 -0.00704398 0.0 0.0 0.0 1.0
fire/seq-01/color/frame-000047.color.png fire/seq-01/color/frame-000050.color.png 0.999949 -0.00904469 -0.00445554 -0.00361416 0.00905685 0.999955 0.00271813 -0.0171588 0.00443076 -0.00275835 0.999986 0.0124437 0.0 0.0 0.0 1.0
fire/seq-01/color/frame-000050.color.png fire/seq-01/color/frame-000053.color.png 0.999861 -0.00702744 0.0151313 -0.0278885 0.00715344 0.99994 -0.00828879 0.00339595 -0.0150722 0.00839588 0.999851 0.00168326 0.0 0.0 0.0 1.0
fire/seq-01/color/frame-000053.color.png fire/seq-01/color/frame-000056.color.png 0.999816 -0.015028 0.0119177 -0.0239585 0.0148992 0.99983 0.0108208 -0.0208909 -0.0120783 -0.0106412 0.99987 0.0102131 0.0 0.0 0.0 1.0
fire/seq-01/color/frame-000056.color.png fire/seq-01/color/frame-000059.color.png 0.99978 -0.00698714 0.019788 -0.0168342 0.00668091 0.999858 0.0155 0.00501943 -0.0198935 -0.0153644 0.999684 0.00552095 0.0 0.0 0.0 1.0
fire/seq-01/color/frame-000059.color.png fire/seq-01/color/frame-000062.color.png 0.99995 -0.00879493 0.00469177 0.0047197 0.00877662 0.999954 0.00390835 -0.00874884 -0.00472589 -0.00386697 0.999981 0.0162987 0.0 0.0 0.0 1.0
fire/seq-01/color/frame-000062.color.png fire/seq-01/color/frame-000065.color.png 0.999701 -0.014208 0.0199061 -0.0152317 0.0140472 0.999868 0.00819116 -0.0142956 -0.0200199 -0.00790908 0.999768 0.00994632 0.0 0.0 0.0 1.0
fire/seq-01/color/frame-000065.color.png fire/seq-01/color/frame-000068.color.png 0.998342 -0.0410967 0.0403037 -0.0316582 0.0410208 0.999155 0.00270815 -0.0166823 -0.040381 -0.00105036 0.999184 0.0113675 0.0 0.0 0.0 1.0
fire/seq-01/color/frame-000068.color.png fire/seq-01/color/frame-000071.color.png 0.998386 -0.047189 0.031614 -0.0186237 0.0475329 0.998817 -0.0102161 -0.00657715 -0.0310945 0.0117024 0.999448 0.0118944 0.0 0.0 0.0 1.0
fire/seq-01/color/frame-000071.color.png fire/seq-01/color/frame-000074.color.png 0.99813 -0.0341796 0.0506768 -0.0569772 0.0344461 0.999397 -0.00439543 -0.0027557 -0.050496 0.00613284 0.998705 0.0157632 0.0 0.0 0.0 1.0
fire/seq-01/color/frame-000074.color.png fire/seq-01/color/frame-000077.color.png 0.999536 -0.0263363 0.0153007 -0.0167654 0.0261821 0.999605 0.0101956 -0.0139077 -0.0155632 -0.00979026 0.999831 0.0108081 0.0 0.0 0.0 1.0
fire/seq-01/color/frame-000077.color.png fire/seq-01/color/frame-000080.color.png 0.999355 -0.0101593 0.0344518 -0.017588 0.0101053 0.999947 0.00174001 -0.0171598 -0.0344677 -0.00139075 0.999405 0.00475144 0.0 0.0 0.0 1.0
fire/seq-01/color/frame-000080.color.png fire/seq-01/color/frame-000083.color.png 0.999367 -0.0183838 0.0304488 -0.0264807 0.0178701 0.999695 0.0170568 -0.0238471 -0.030753 -0.0165019 0.999391 0.00491966 0.0 0.0 0.0 1.0
fire/seq-01/color/frame-000083.color.png fire/seq-01/color/frame-000086.color.png 0.999081 -0.0115811 0.0412626 -0.0281591 0.0115884 0.999933 6.43304e-05 -0.0230992 -0.0412606 0.000413879 0.999148 0.00350887 0.0 0.0 0.0 1.0
fire/seq-01/color/frame-000086.color.png fire/seq-01/color/frame-000089.color.png 0.997963 -0.0209867 0.0602474 -0.055667 0.0202949 0.999721 0.0120705 -0.0335826 -0.060484 -0.0108232 0.998111 -0.000178397 0.0 0.0 0.0 1.0
fire/seq-01/color/frame-000089.color.png fire/seq-01/color/frame-000092.color.png 0.998576 -0.0288057 0.0449044 -0.0341681 0.0293436 0.999505 -0.0113671 -0.0041461 -0.0445548 0.0126685 0.998927 0.00265723 0.0 0.0 0.0 1.0
fire/seq-01/color/frame-000092.color.png fire/seq-01/color/frame-000095.color.png 0.998074 -0.0309327 0.0537727 -0.0465801 0.0314935 0.999458 -0.00961121 -0.00910547 -0.0534462 0.0112862 0.998507 -0.00728285 0.0 0.0 0.0 1.0
fire/seq-01/color/frame-000095.color.png fire/seq-01/color/frame-000098.color.png 0.99772 -0.0355462 0.0573705 -0.0595453 0.0362517 0.999279 -0.0113031 -0.00905412 -0.0569273 0.0133571 0.998289 -0.00561988 0.0 0.0 0.0 1.0
fire/seq-01/color/frame-000098.color.png fire/seq-01/color/frame-000101.color.png 0.998242 -0.0345792 0.0481282 -0.0586022 0.0350095 0.999354 -0.00812437 -0.00899488 -0.0478162 0.00979501 0.998808 -0.00266659 0.0 0.0 0.0 1.0
fire/seq-01/color/frame-000101.color.png fire/seq-01/color/frame-000104.color.png 0.998945 -0.0214101 0.0406173 -0.0366662 0.0216819 0.999745 -0.00626611 -0.00954026 -0.0404727 0.00714018 0.999155 -0.0139799 0.0 0.0 0.0 1.0
fire/seq-01/color/frame-000104.color.png fire/seq-01/color/frame-000107.color.png 0.999164 -0.0135226 0.0385673 -0.0351687 0.0140627 0.999806 -0.0137648 -0.0132451 -0.0383737 0.0142957 0.999161 -0.0108165 0.0 0.0 0.0 1.0
fire/seq-01/color/frame-000107.color.png fire/seq-01/color/frame-000110.color.png 0.999629 -0.00405147 0.0269455 -0.0267602 0.00435566 0.999927 -0.0112416 -0.015143 -0.026898 0.0113548 0.999574 -0.00652286 0.0 0.0 0.0 1.0
fire/seq-01/color/frame-000110.color.png fire/seq-01/color/frame-000113.color.png 0.999839 0.0120388 0.0132969 -0.0125204 -0.0118968 0.999872 -0.0107036 -0.0215526 -0.013424 0.0105437 0.999854 -0.00325599 0.0 0.0 0.0 1.0
fire/seq-01/color/frame-000113.color.png fire/seq-01/color/frame-000116.color.png 0.998981 0.0417516 -0.0171178 0.00666958 -0.0420388 0.998975 -0.0167708 -0.0214976 0.0164002 0.0174733 0.999713 0.0201747 0.0 0.0 0.0 1.0
fire/seq-01/color/frame-000116.color.png fire/seq-01/color/frame-000119.color.png 0.998571 0.0474314 -0.0246378 0.0184522 -0.0477009 0.998807 -0.0104704 -0.036431 0.0241116 0.0116306 0.999642 0.0224503 0.0 0.0 0.0 1.0
fire/seq-01/color/frame-000119.color.png fire/seq-01/color/frame-000122.color.png 0.997951 0.0447434 -0.045737 0.0300842 -0.0444463 0.998984 0.00749362 -0.0561035 0.0460259 -0.00544536 0.998925 0.0203612 0.0 0.0 0.0 1.0
fire/seq-01/color/frame-000122.color.png fire/seq-01/color/frame-000125.color.png 0.999363 0.0220419 -0.0280776 0.0125555 -0.0219195 0.999749 0.00465797 -0.0187361 0.0281732 -0.00403956 0.999595 0.0172463 0.0 0.0 0.0 1.0
fire/seq-01/color/frame-000125.color.png fire/seq-01/color/frame-000128.color.png 0.997979 0.0388379 -0.050291 0.0246341 -0.0381545 0.999167 0.0144818 -0.0434408 0.0508114 -0.0125337 0.99863 0.0362564 0.0 0.0 0.0 1.0
fire/seq-01/color/frame-000128.color.png fire/seq-01/color/frame-000131.color.png 0.998461 0.0346403 -0.0433173 0.0266414 -0.0340699 0.999324 0.0138356 -0.0477331 0.0437674 -0.0123384 0.998966 0.0319958 0.0 0.0 0.0 1.0
fire/seq-01/color/frame-000131.color.png fire/seq-01/color/frame-000134.color.png 0.99811 0.0325337 -0.0521256 0.0489313 -0.0330533 0.999412 -0.00913797 -0.0109171 0.0517976 0.0108436 0.998599 0.0174176 0.0 0.0 0.0 1.0
fire/seq-01/color/frame-000134.color.png fire/seq-01/color/frame-000137.color.png 0.999104 0.0219113 -0.0362158 0.0231247 -0.0219778 0.999758 -0.00143827 -0.0182562 0.0361754 0.00223295 0.999343 0.0148114 0.0 0.0 0.0 1.0
fire/seq-01/color/frame-000137.color.png fire/seq-01/color/frame-000140.color.png 0.999182 0.0289771 -0.0282242 0.0135975 -0.0292166 0.99954 -0.008113 -0.0113391 0.0279762 0.00893099 0.999569 0.01766 0.0 0.0 0.0 1.0
fire/seq-01/color/frame-000140.color.png fire/seq-01/color/frame-000143.color.png 0.99913 0.0277798 -0.0310996 0.0274085 -0.0275554 0.999591 0.00761941 -0.0302308 0.0312987 -0.00675582 0.999487 0.011031 0.0 0.0 0.0 1.0
fire/seq-01/color/frame-000143.color.png fire/seq-01/color/frame-000146.color.png 0.999306 0.0246527 -0.0279107 0.0205246 -0.0245069 0.999684 0.00555243 -0.0158331 0.0280385 -0.00486456 0.999595 0.00640735 0.0 0.0 0.0 1.0
fire/seq-01/color/frame-000146.color.png fire/seq-01/color/frame-000149.color.png 0.998766 0.0303337 -0.0393329 0.0371533 -0.0306487 0.999503 -0.00743106 0.0174801 0.0390879 0.00862738 0.999199 -0.00341043 0.0 0.0 0.0 1.0
fire/seq-01/color/frame-000149.color.png fire/seq-01/color/frame-000152.color.png 0.998663 0.0284924 -0.0431201 0.0386458 -0.0284301 0.999594 0.00205831 0.00658846 0.0431613 -0.000829647 0.999068 0.00215715 0.0 0.0 0.0 1.0
fire/seq-01/color/frame-000152.color.png fire/seq-01/color/frame-000155.color.png 0.99783 0.0323618 -0.0573334 0.0504091 -0.0321516 0.999472 0.00458386 0.00510782 0.0574514 -0.00273058 0.998345 0.016451 0.0 0.0 0.0 1.0
fire/seq-01/color/frame-000155.color.png fire/seq-01/color/frame-000158.color.png 0.999026 0.0262394 -0.0354767 0.00436813 -0.0258454 0.9996 0.011518 -0.00376233 0.0357648 -0.0105899 0.999304 0.0126561 0.0 0.0 0.0 1.0
fire/seq-01/color/frame-000158.color.png fire/seq-01/color/frame-000161.color.png 0.99861 0.029173 -0.0439089 0.0206308 -0.027932 0.9992 0.028616 -0.0227845 0.0447087 -0.0273497 0.998626 0.00655487 0.0 0.0 0.0 1.0
fire/seq-01/color/frame-000161.color.png fire/seq-01/color/frame-000164.color.png 0.999614 0.00995759 -0.0259425 0.00949603 -0.00969513 0.999901 0.0102232 0.0061087 0.0260417 -0.00996773 0.999611 0.00779571 0.0 0.0 0.0 1.0
fire/seq-01/color/frame-000164.color.png fire/seq-01/color/frame-000167.color.png 0.999893 0.00842397 -0.0119549 -0.00214833 -0.0083105 0.99992 0.00950926 0.00120258 0.0120341 -0.00940889 0.999883 0.00237741 0.0 0.0 0.0 1.0
fire/seq-01/color/frame-000167.color.png fire/seq-01/color/frame-000170.color.png 0.999859 0.00607554 -0.0156439 0.00647753 -0.00600027 0.99997 0.00485446 0.00531003 0.0156729 -0.00475991 0.999866 0.0021127 0.0 0.0 0.0 1.0
fire/seq-01/color/frame-000170.color.png fire/seq-01/color/frame-000173.color.png 0.999695 0.0155412 -0.0192028 0.00987041 -0.0152306 0.999752 0.0162183 -0.0109499 0.0194501 -0.0159209 0.999684 -0.00283511 0.0 0.0 0.0 1.0
fire/seq-01/color/frame-000173.color.png fire/seq-01/color/frame-000176.color.png 0.999606 0.00816686 -0.0268529 0.032517 -0.00825006 0.999961 -0.00298918 0.00676742 0.0268274 0.00320954 0.999635 0.0108688 0.0 0.0 0.0 1.0
fire/seq-01/color/frame-000176.color.png fire/seq-01/color/frame-000179.color.png 0.999858 0.00846055 -0.0145939 0.00938165 -0.00839891 0.999956 0.00428 -0.00446177 0.0146295 -0.00415682 0.999884 -0.0104598 0.0 0.0 0.0 1.0
fire/seq-01/color/frame-000179.color.png fire/seq-01/color/frame-000182.color.png 0.999639 0.0179647 -0.0199915 0.0105573 -0.0179682 0.999839 7.69103e-06 0.00462097 0.0199884 0.000351524 0.9998 -0.0011327 0.0 0.0 0.0 1.0
fire/seq-01/color/frame-000182.color.png fire/seq-01/color/frame-000185.color.png 0.999902 0.0111292 -0.00847433 -0.00684935 -0.0111539 0.999934 -0.00287304 0.0135728 0.00844179 0.00296728 0.99996 -0.00299019 0.0 0.0 0.0 1.0
fire/seq-01/color/frame-000185.color.png fire/seq-01/color/frame-000188.color.png 0.999748 0.0135743 -0.0179009 0.00543976 -0.0131801 0.999672 0.0219587 -0.0110166 0.0181931 -0.0217172 0.999599 -0.00421503 0.0 0.0 0.0 1.0
fire/seq-01/color/frame-000188.color.png fire/seq-01/color/frame-000191.color.png 0.999892 0.0115095 -0.00918671 0.00909132 -0.0112221 0.999465 0.0307404 -0.00816113 0.00953559 -0.0306339 0.999485 -0.0180057 0.0 0.0 0.0 1.0
fire/seq-01/color/frame-000191.color.png fire/seq-01/color/frame-000194.color.png 0.999978 -0.0066234 -0.000853768 -0.00420308 0.00663687 0.999836 0.0168594 0.0123092 0.000741961 -0.0168647 0.999857 -0.0106205 0.0 0.0 0.0 1.0
fire/seq-01/color/frame-000194.color.png fire/seq-01/color/frame-000197.color.png 0.999963 -0.00266695 0.0082357 -0.0038479 0.00245776 0.999677 0.0253073 0.0103012 -0.00830053 -0.0252861 0.999646 -0.0242009 0.0 0.0 0.0 1.0
fire/seq-01/color/frame-000197.color.png fire/seq-01/color/frame-000200.color.png 0.999955 0.00943583 -0.000284882 0.0139025 -0.0094248 0.999596 0.0268167 -0.0197617 0.000537805 -0.0268129 0.99964 -0.020276 0.0 0.0 0.0 1.0
fire/seq-01/color/frame-000200.color.png fire/seq-01/color/frame-000203.color.png 0.999956 -0.00639082 0.00682826 0.0107324 0.00649722 0.999856 -0.015677 0.0737855 -0.00672709 0.0157207 0.999854 -0.0168518 0.0 0.0 0.0 1.0
fire/seq-01/color/frame-000203.color.png fire/seq-01/color/frame-000206.color.png 0.999974 -0.00105885 0.00720151 0.00623053 0.000975034 0.999932 0.0116337 0.00646898 -0.00721334 -0.0116263 0.999906 -0.0180398 0.0 0.0 0.0 1.0
fire/seq-01/color/frame-000206.color.png fire/seq-01/color/frame-000209.color.png 0.999877 -0.00296389 0.0154045 0.0147679 0.0026093 0.999732 0.0229883 0.0112828 -0.0154685 -0.0229453 0.999617 -0.0265897 0.0 0.0 0.0 1.0
fire/seq-01/color/frame-000209.color.png fire/seq-01/color/frame-000212.color.png 0.99998 -0.00548779 0.00308383 0.021079 0.00543798 0.999858 0.015929 0.0055823 -0.00317081 -0.0159119 0.999868 -0.0156353 0.0 0.0 0.0 1.0
fire/seq-01/color/frame-000212.color.png fire/seq-01/color/frame-000215.color.png 0.999973 0.00454385 0.00579937 0.0453117 -0.0046369 0.999859 0.0161346 0.00267175 -0.00572523 -0.016161 0.999853 -0.0251452 0.0 0.0 0.0 1.0
fire/seq-01/color/frame-000215.color.png fire/seq-01/color/frame-000218.color.png 0.999978 0.00580117 -0.003312 0.0471155 -0.00578019 0.999963 0.00631275 0.0163047 0.0033485 -0.0062935 0.999975 -0.0105837 0.0 0.0 0.0 1.0
fire/seq-01/color/frame-000218.color.png fire/seq-01/color/frame-000221.color.png 0.999963 0.0085377 -0.00131716 0.0622942 -0.00851228 0.999798 0.0182268 0.00780091 0.0014725 -0.018215 0.999833 -0.026999 0.0 0.0 0.0 1.0
fire/seq-01/color/frame-000221.color.png fire/seq-01/color/frame-000224.color.png 0.999839 0.00615512 -0.0168526 0.0614024 -0.00609221 0.999974 0.00378215 0.00842115 0.0168754 -0.00367886 0.999851 -0.000219584 0.0 0.0 0.0 1.0
fire/seq-01/color/frame-000224.color.png fire/seq-01/color/frame-000227.color.png 0.999982 0.0046064 0.00384595 0.0308193 -0.00459993 0.999988 -0.00169347 0.0211508 -0.0038537 0.00167574 0.999991 -0.0149883 0.0 0.0 0.0 1.0
fire/seq-01/color/frame-000227.color.png fire/seq-01/color/frame-000230.color.png 0.999983 0.00106355 0.00564966 0.0429178 -0.00110692 0.99997 0.00768298 0.00157401 -0.00564133 -0.0076891 0.999955 -0.0102497 0.0 0.0 0.0 1.0
fire/seq-01/color/frame-000230.color.png fire/seq-01/color/frame-000233.color.png 0.99994 -0.0108814 0.000966705 0.0307705 0.0108802 0.99994 0.00119237 0.00867799 -0.000979611 -0.00118171 0.999999 -0.00483787 0.0 0.0 0.0 1.0
fire/seq-01/color/frame-000233.color.png fire/seq-01/color/frame-000236.color.png 0.999885 -0.0132789 0.00732278 0.0390173 0.0132221 0.999883 0.00775409 -0.00248878 -0.00742489 -0.00765642 0.999943 -0.00522716 0.0 0.0 0.0 1.0
fire/seq-01/color/frame-000236.color.png fire/seq-01/color/frame-000239.color.png 0.999982 -0.00449879 0.00405944 0.0268187 0.00449049 0.999988 0.00204902 -0.000110552 -0.00406861 -0.00203078 0.99999 3.03797e-05 0.0 0.0 0.0 1.0
fire/seq-01/color/frame-000239.color.png fire/seq-01/color/frame-000242.color.png 0.999824 -0.01806 0.00513387 0.0313942 0.0180495 0.999835 0.00208032 0.00650346 -0.00517059 -0.0019873 0.999985 0.00764302 0.0 0.0 0.0 1.0
fire/seq-01/color/frame-000242.color.png fire/seq-01/color/frame-000245.color.png 0.999971 -0.00434127 0.00631555 0.0213672 0.00428962 0.999957 0.00817087 -0.00531334 -0.00635075 -0.00814351 0.999947 0.00535435 0.0 0.0 0.0 1.0
fire/seq-01/color/frame-000245.color.png fire/seq-01/color/frame-000248.color.png 0.99988 -0.00813431 0.0131871 0.0391028 0.00814553 0.999967 -0.00079755 -0.00177512 -0.0131802 0.00090485 0.999913 0.00724452 0.0 0.0 0.0 1.0
fire/seq-01/color/frame-000248.color.png fire/seq-01/color/frame-000251.color.png 0.999966 -0.00808674 0.00140611 0.0265132 0.00808086 0.999959 0.00413728 -0.00175829 -0.00143951 -0.00412576 0.999991 0.00739542 0.0 0.0 0.0 1.0
fire/seq-01/color/frame-000251.color.png fire/seq-01/color/frame-000254.color.png 0.999951 -0.0018187 0.00972281 0.0337876 0.00173253 0.999959 0.00886428 -0.00776969 -0.00973854 -0.00884705 0.999913 0.0119149 0.0 0.0 0.0 1.0
fire/seq-01/color/frame-000254.color.png fire/seq-01/color/frame-000257.color.png 0.999993 -0.00316301 -0.00220721 0.0325143 0.00318105 0.999961 0.0082189 -0.0129945 0.00218112 -0.00822584 0.999964 0.0117723 0.0 0.0 0.0 1.0
fire/seq-01/color/frame-000257.color.png fire/seq-01/color/frame-000260.color.png 0.999992 0.00340485 0.0018874 0.0297471 -0.00340791 0.999993 0.00161789 -0.0116197 -0.00188188 -0.00162436 0.999997 0.0116529 0.0 0.0 0.0 1.0
fire/seq-01/color/frame-000260.color.png fire/seq-01/color/frame-000263.color.png 0.999996 -0.00152851 0.00218056 0.0195863 0.00151499 0.99998 0.00618922 -0.0137574 -0.00218996 -0.00618584 0.999979 0.011093 0.0 0.0 0.0 1.0
fire/seq-01/color/frame-000263.color.png fire/seq-01/color/frame-000266.color.png 0.999972 -0.00705003 0.00263913 0.0134074 0.0070618 0.999965 -0.00447606 -0.0010657 -0.00260749 0.00449457 0.999986 0.00642724 0.0 0.0 0.0 1.0
fire/seq-01/color/frame-000266.color.png fire/seq-01/color/frame-000269.color.png 0.999968 -0.0023991 -0.00760664 0.0398888 0.00243386 0.999986 0.00456463 -0.0178308 0.00759557 -0.00458301 0.999961 0.0145668 0.0 0.0 0.0 1.0
fire/seq-01/color/frame-000269.color.png fire/seq-01/color/frame-000272.color.png 0.999975 0.00636309 -0.0031291 0.0211001 -0.00636348 0.99998 -0.000115926 -0.0046863 0.00312831 0.000135842 0.999995 0.00348751 0.0 0.0 0.0 1.0
fire/seq-01/color/frame-000272.color.png fire/seq-01/color/frame-000275.color.png 0.999966 0.00632693 -0.00520729 0.0266418 -0.00632788 0.99998 -0.000165398 -0.0133267 0.00520613 0.000198319 0.999986 0.00929247 0.0 0.0 0.0 1.0
fire/seq-01/color/frame-000275.color.png fire/seq-01/color/frame-000278.color.png 0.999967 0.00355571 -0.00726504 0.0258986 -0.00358594 0.999985 -0.00415177 -0.00762597 0.00725017 0.00417772 0.999965 0.0129668 0.0 0.0 0.0 1.0
fire/seq-01/color/frame-000278.color.png fire/seq-01/color/frame-000281.color.png 0.999993 0.00188148 -0.00328377 0.0177842 -0.00190428 0.999974 -0.00695064 -0.00404507 0.0032706 0.00695683 0.99997 0.00295584 0.0 0.0 0.0 1.0
fire/seq-01/color/frame-000281.color.png fire/seq-01/color/frame-000284.color.png 0.999809 0.00752244 -0.0180503 0.0425274 -0.00778868 0.999861 -0.0147251 -0.00153223 0.017937 0.0148629 0.999729 0.0153005 0.0 0.0 0.0 1.0
fire/seq-01/color/frame-000284.color.png fire/seq-01/color/frame-000287.color.png 0.999901 0.00874305 -0.0110548 0.0208954 -0.00875901 0.999961 -0.00139689 -0.0121049 0.0110422 0.0014936 0.999938 0.00243355 0.0 0.0 0.0 1.0
fire/seq-01/color/frame-000287.color.png fire/seq-01/color/frame-000290.color.png 0.999262 0.00776249 -0.0376258 0.0616529 -0.00831014 0.999861 -0.0144206 -0.00792432 0.0375087 0.0147226 0.999188 0.0145731 0.0 0.0 0.0 1.0
fire/seq-01/color/frame-000290.color.png fire/seq-01/color/frame-000293.color.png 0.999858 0.00695721 -0.0153246 0.0283056 -0.00712282 0.999917 -0.0107786 0.00417021 0.0152484 0.0108862 0.999824 -0.00369289 0.0 0.0 0.0 1.0
fire/seq-01/color/frame-000293.color.png fire/seq-01/color/frame-000296.color.png 0.999601 0.00351539 -0.0280248 0.0442044 -0.00330468 0.999966 0.00756167 -0.00823832 0.0280504 -0.00746602 0.999579 -0.00531548 0.0 0.0 0.0 1.0
fire/seq-01/color/frame-000296.color.png fire/seq-01/color/frame-000299.color.png 0.999803 0.00931192 -0.017556 0.0343071 -0.0092648 0.999953 0.00276329 -0.00849253 0.0175809 -0.0026001 0.999842 0.00225337 0.0 0.0 0.0 1.0
fire/seq-01/color/frame-000299.color.png fire/seq-01/color/frame-000302.color.png 0.999724 0.0130918 -0.0195169 0.0483693 -0.0132171 0.999893 -0.00630572 -0.00278077 0.0194322 0.00656191 0.99979 -0.00580315 0.0 0.0 0.0 1.0
fire/seq-01/color/frame-000302.color.png fire/seq-01/color/frame-000305.color.png 0.999981 0.00191432 -0.00578265 0.0154502 -0.0018741 0.999974 0.0069509 -0.00594977 0.00579579 -0.00693991 0.999959 -0.00303205 0.0 0.0 0.0 1.0
fire/seq-01/color/frame-000305.color.png fire/seq-01/color/frame-000308.color.png 0.999732 -0.00970025 -0.0210123 0.0386995 0.00970738 0.999953 0.00023752 -0.00476405 0.021009 -0.000441438 0.999779 0.000653908 0.0 0.0 0.0 1.0
fire/seq-01/color/frame-000308.color.png fire/seq-01/color/frame-000311.color.png 0.999691 -0.0163838 -0.0187149 0.0190853 0.0163006 0.999857 -0.00458978 -0.00679126 0.0187875 0.0042833 0.999814 -0.00535232 0.0 0.0 0.0 1.0
fire/seq-01/color/frame-000311.color.png fire/seq-01/color/frame-000314.color.png 0.999915 -0.00372578 -0.0124897 0.014734 0.00369374 0.99999 -0.00258862 -0.00200713 0.0124992 0.00254223 0.999919 -0.000632882 0.0 0.0 0.0 1.0
fire/seq-01/color/frame-000314.color.png fire/seq-01/color/frame-000317.color.png 0.9998 0.00123444 -0.0199732 0.0301928 -0.00114117 0.999988 0.00468046 -0.00853515 0.0199787 -0.00465672 0.99979 -0.0038888 0.0 0.0 0.0 1.0
fire/seq-01/color/frame-000317.color.png fire/seq-01/color/frame-000320.color.png 0.999771 0.00902383 -0.0194245 0.0320756 -0.00919709 0.999918 -0.00884727 0.00735331 0.0193431 0.00902393 0.999772 0.004582 0.0 0.0 0.0 1.0
fire/seq-01/color/frame-000320.color.png fire/seq-01/color/frame-000323.color.png 0.99992 -0.00388163 -0.0120005 0.0278694 0.00388217 0.999993 1.90722e-05 -0.00999916 0.0120003 -6.56874e-05 0.999928 -0.00294897 0.0 0.0 0.0 1.0
fire/seq-01/color/frame-000323.color.png fire/seq-01/color/frame-000326.color.png 0.999309 -0.00390508 -0.036959 0.0730624 0.00390364 0.999992 -0.000111632 -0.00480291 0.0369592 -3.27698e-05 0.999317 0.0164975 0.0 0.0 0.0 1.0
fire/seq-01/color/frame-000326.color.png fire/seq-01/color/frame-000329.color.png 0.99988 0.00687302 -0.0139052 0.0304696 -0.00700885 0.999928 -0.00974235 0.00032562 0.0138373 0.00983872 0.999856 0.0101299 0.0 0.0 0.0 1.0
fire/seq-01/color/frame-000329.color.png fire/seq-01/color/frame-000332.color.png 0.999841 0.00972452 -0.014946 0.0316687 -0.00982527 0.999929 -0.00668376 0.000370115 0.01488 0.00682946 0.999866 0.00204238 0.0 0.0 0.0 1.0
fire/seq-01/color/frame-000332.color.png fire/seq-01/color/frame-000335.color.png 0.999568 0.00292143 -0.0292345 0.0399194 -0.0026653 0.999958 0.00879706 -0.0133196 0.029259 -0.00871528 0.999534 -0.002683 0.0 0.0 0.0 1.0
fire/seq-01/color/frame-000335.color.png fire/seq-01/color/frame-000338.color.png 0.999405 0.0252962 -0.0234366 0.0384097 -0.0253318 0.999678 -0.00122238 0.00106683 0.0233982 0.0018153 0.999725 -0.00919025 0.0 0.0 0.0 1.0
fire/seq-01/color/frame-000338.color.png fire/seq-01/color/frame-000341.color.png 0.998731 0.0373631 -0.0337782 0.046633 -0.0375622 0.99928 -0.00528212 0.0203665 0.0335565 0.00654422 0.999415 -0.0107413 0.0 0.0 0.0 1.0
fire/seq-01/color/frame-000341.color.png fire/seq-01/color/frame-000344.color.png 0.998022 0.0285231 -0.056017 0.0632868 -0.0284596 0.999593 0.00193069 0.0116831 0.0560492 -0.000332666 0.998428 -0.0257213 0.0 0.0 0.0 1.0
fire/seq-01/color/frame-000344.color.png fire/seq-01/color/frame-000347.color.png 0.998958 0.0224272 -0.0397532 0.0364541 -0.0224275 0.999748 0.000438639 0.00328973 0.0397531 0.000453365 0.999209 -0.0241801 0.0 0.0 0.0 1.0
fire/seq-01/color/frame-000347.color.png fire/seq-01/color/frame-000350.color.png 0.998282 0.0427351 -0.0400903 0.04805 -0.043176 0.999015 -0.0101944 0.0285377 0.0396152 0.0119079 0.999144 -0.0202136 0.0 0.0 0.0 1.0
fire/seq-01/color/frame-000350.color.png fire/seq-01/color/frame-000353.color.png 0.997843 0.0502466 -0.0422441 0.057938 -0.0508097 0.998632 -0.0123643 0.0347714 0.0415649 0.0144841 0.999031 -0.0248728 0.0 0.0 0.0 1.0
fire/seq-01/color/frame-000353.color.png fire/seq-01/color/frame-000356.color.png 0.997685 0.0504657 -0.0455943 0.0576561 -0.0507913 0.998691 -0.00600965 0.0262923 0.0452314 0.00831148 0.998942 -0.0267515 0.0 0.0 0.0 1.0
fire/seq-01/color/frame-000356.color.png fire/seq-01/color/frame-000359.color.png 0.998067 0.0387001 -0.048635 0.0588787 -0.0388728 0.999241 -0.00260981 0.0276775 0.0484969 0.00449529 0.998813 -0.0305472 0.0 0.0 0.0 1.0
fire/seq-01/color/frame-000359.color.png fire/seq-01/color/frame-000362.color.png 0.996554 0.0490637 -0.0668794 0.0747768 -0.0498145 0.998712 -0.00960544 0.0462271 0.0663221 0.0129039 0.997715 -0.032441 0.0 0.0 0.0 1.0
fire/seq-01/color/frame-000362.color.png fire/seq-01/color/frame-000365.color.png 0.996158 0.0613616 -0.062475 0.0861241 -0.0618613 0.998066 -0.00609216 0.0515633 0.0619803 0.00993358 0.998028 -0.0508792 0.0 0.0 0.0 1.0
fire/seq-01/color/frame-000365.color.png fire/seq-01/color/frame-000368.color.png 0.996276 0.0612233 -0.0607102 0.0875957 -0.060928 0.99812 0.00670464 0.0396329 0.0610066 -0.00298073 0.998133 -0.0504496 0.0 0.0 0.0 1.0
fire/seq-01/color/frame-000368.color.png fire/seq-01/color/frame-000371.color.png 0.997705 0.0248279 -0.0629889 0.0754703 -0.0255633 0.999614 -0.0108938 0.0140114 0.062694 0.012479 0.997955 -0.0657415 0.0 0.0 0.0 1.0
fire/seq-01/color/frame-000371.color.png fire/seq-01/color/frame-000374.color.png 0.998414 -0.00429249 -0.0561351 0.0659109 0.00501209 0.999907 0.0126834 -0.00438514 0.0560754 -0.0129446 0.998343 -0.0631908 0.0 0.0 0.0 1.0
fire/seq-01/color/frame-000374.color.png fire/seq-01/color/frame-000377.color.png 0.999079 0.0269407 -0.0333992 0.0477138 -0.0276009 0.99943 -0.0194655 0.0262423 0.0328558 0.0203694 0.999252 -0.0222577 0.0 0.0 0.0 1.0
fire/seq-01/color/frame-000377.color.png fire/seq-01/color/frame-000380.color.png 0.999728 0.000598481 -0.0233029 0.0334615 -0.000956837 0.999881 -0.0153675 0.00770241 0.023291 0.0153857 0.99961 -0.023863 0.0 0.0 0.0 1.0
fire/seq-01/color/frame-000380.color.png fire/seq-01/color/frame-000383.color.png 0.999664 0.0196827 -0.0168938 0.0394022 -0.0200017 0.999621 -0.0189281 0.0339965 0.0165148 0.0192596 0.999678 -0.0262754 0.0 0.0 0.0 1.0
fire/seq-01/color/frame-000383.color.png fire/seq-01/color/frame-000386.color.png 0.999844 0.0122393 -0.0127516 0.0383434 -0.0119163 0.999614 0.0251161 0.0114824 0.013054 -0.0249602 0.999603 -0.0503886 0.0 0.0 0.0 1.0
fire/seq-01/color/frame-000386.color.png fire/seq-01/color/frame-000389.color.png 0.999923 -0.00348245 0.0118983 0.0289388 0.00357884 0.999961 -0.00808255 0.0197675 -0.0118697 0.00812465 0.999896 0.00560935 0.0 0.0 0.0 1.0
fire/seq-01/color/frame-000389.color.png fire/seq-01/color/frame-000392.color.png 0.999373 -0.0156309 0.0317617 0.033095 0.0154932 0.999869 0.00457603 -0.00507534 -0.031829 -0.00408112 0.999485 0.022262 0.0 0.0 0.0 1.0
fire/seq-01/color/frame-000392.color.png fire/seq-01/color/frame-000395.color.png 0.998887 -0.0335472 0.0331489 0.0257339 0.0340445 0.999314 -0.0145525 -0.0348217 -0.032638 0.0156649 0.999344 0.0403298 0.0 0.0 0.0 1.0
fire/seq-01/color/frame-000395.color.png fire/seq-01/color/frame-000398.color.png 0.999764 -0.00878365 0.0198911 0.0402391 0.00872431 0.999957 0.00306815 -0.0115769 -0.0199173 -0.00289377 0.999798 0.0155056 0.0 0.0 0.0 1.0
fire/seq-01/color/frame-000398.color.png fire/seq-01/color/frame-000401.color.png 0.999781 -0.0119558 0.0171487 0.0270816 0.0122334 0.999794 -0.0161833 -0.0230534 -0.0169515 0.0163894 0.999722 0.00802821 0.0 0.0 0.0 1.0
fire/seq-01/color/frame-000401.color.png fire/seq-01/color/frame-000404.color.png 0.999976 -0.00506962 -0.00481905 0.0403892 0.00509531 0.999973 0.00535287 -0.0206363 0.00479175 -0.00537739 0.999974 -0.0104138 0.0 0.0 0.0 1.0
fire/seq-01/color/frame-000404.color.png fire/seq-01/color/frame-000407.color.png 0.999773 -0.00528235 -0.0206196 0.0473964 0.00547069 0.999944 0.00908462 -0.0205659 0.0205704 -0.00919521 0.999746 -0.018934 0.0 0.0 0.0 1.0
fire/seq-01/color/frame-000407.color.png fire/seq-01/color/frame-000410.color.png 0.999342 0.0261014 -0.0251822 0.0613608 -0.0255727 0.99945 0.0210953 0.0135461 0.025719 -0.0204375 0.99946 -0.0246575 0.0 0.0 0.0 1.0
fire/seq-01/color/frame-000410.color.png fire/seq-01/color/frame-000413.color.png 0.999664 0.000742286 -0.0259227 0.0576148 -0.000738454 1.0 0.00015292 -0.0143099 0.0259228 -0.000133702 0.999664 -0.0158499 0.0 0.0 0.0 1.0
fire/seq-01/color/frame-000413.color.png fire/seq-01/color/frame-000416.color.png 0.999789 0.00262463 -0.0203602 0.0526173 -0.00269718 0.99999 -0.00352935 -0.00343829 0.0203507 0.00358336 0.999787 -0.0158819 0.0 0.0 0.0 1.0
fire/seq-01/color/frame-000416.color.png fire/seq-01/color/frame-000419.color.png 0.999994 -0.00346778 -0.000919111 0.0467998 0.00348083 0.999887 0.014656 -0.0280387 0.000868119 -0.0146591 0.999892 0.00506502 0.0 0.0 0.0 1.0
fire/seq-01/color/frame-000419.color.png fire/seq-01/color/frame-000422.color.png 0.999907 -0.0134175 0.00222219 0.0277646 0.0134203 0.999909 -0.00119563 -0.0386177 -0.00220599 0.0012253 0.999997 0.00324994 0.0 0.0 0.0 1.0
fire/seq-01/color/frame-000422.color.png fire/seq-01/color/frame-000425.color.png 0.999911 -0.0131031 0.0023159 0.0223056 0.0131344 0.999815 -0.0140614 -0.025915 -0.00213122 0.0140907 0.999898 0.0118641 0.0 0.0 0.0 1.0
fire/seq-01/color/frame-000425.color.png fire/seq-01/color/frame-000428.color.png 0.99974 -0.0129115 0.018809 0.0220585 0.0132459 0.999754 -0.0177663 -0.0310351 -0.0185751 0.0180107 0.999665 0.0382018 0.0 0.0 0.0 1.0
fire/seq-01/color/frame-000428.color.png fire/seq-01/color/frame-000431.color.png 0.999828 -0.0170286 0.00736485 0.0243744 0.0171386 0.999739 -0.0151398 -0.029789 -0.00710515 0.0152634 0.999858 0.0167386 0.0 0.0 0.0 1.0
fire/seq-01/color/frame-000431.color.png fire/seq-01/color/frame-000434.color.png 0.999884 -0.0147916 0.00365461 0.0451314 0.0148561 0.999722 -0.0183122 -0.0250284 -0.0033826 0.0183644 0.999826 0.0446187 0.0 0.0 0.0 1.0
fire/seq-01/color/frame-000434.color.png fire/seq-01/color/frame-000437.color.png 0.999807 0.00500698 0.018987 0.0233815 -0.00508378 0.999979 0.00399835 -0.00212878 -0.0189667 -0.00409406 0.999812 0.0322307 0.0 0.0 0.0 1.0
fire/seq-01/color/frame-000437.color.png fire/seq-01/color/frame-000440.color.png 0.999486 0.0147204 0.0284796 0.0322385 -0.0147342 0.999891 0.000273178 0.016709 -0.0284724 -0.000692736 0.999594 0.0512674 0.0 0.0 0.0 1.0
fire/seq-01/color/frame-000440.color.png fire/seq-01/color/frame-000443.color.png 0.999964 0.00807695 0.00276384 0.0098691 -0.0081518 0.999567 0.0282665 -0.0134032 -0.00253415 -0.028288 0.999597 0.00134698 0.0 0.0 0.0 1.0
fire/seq-01/color/frame-000443.color.png fire/seq-01/color/frame-000446.color.png 0.999953 0.00344205 -0.00906556 0.00233305 -0.00342536 0.999992 0.0018598 -0.0182489 0.00907187 -0.00182873 0.999957 0.0120239 0.0 0.0 0.0 1.0
fire/seq-01/color/frame-000446.color.png fire/seq-01/color/frame-000449.color.png 0.999943 -0.000611971 -0.0106918 -0.00321317 0.000641776 0.999996 0.00278446 -0.0344699 0.01069 -0.00279117 0.999939 -0.00450391 0.0 0.0 0.0 1.0
fire/seq-01/color/frame-000449.color.png fire/seq-01/color/frame-000452.color.png 0.999367 0.0203822 -0.0291439 0.000226021 -0.0204775 0.999786 -0.00297511 -0.00595242 0.029077 0.00357006 0.999571 -0.00133717 0.0 0.0 0.0 1.0
fire/seq-01/color/frame-000452.color.png fire/seq-01/color/frame-000455.color.png 0.999287 0.0213616 -0.0311246 0.0108055 -0.0217129 0.999704 -0.0109964 0.00399363 0.0308804 0.0116644 0.999455 -0.0250329 0.0 0.0 0.0 1.0
fire/seq-01/color/frame-000455.color.png fire/seq-01/color/frame-000458.color.png 0.99957 0.0114087 -0.0270263 0.00718939 -0.0112718 0.999923 0.00521454 -0.0146006 0.0270837 -0.0049078 0.999621 -0.0181163 0.0 0.0 0.0 1.0
fire/seq-01/color/frame-000458.color.png fire/seq-01/color/frame-000461.color.png 0.999047 0.0336804 -0.0277834 0.011834 -0.0339458 0.999382 -0.0091365 0.0398486 0.0274586 0.0100709 0.999572 0.0100968 0.0 0.0 0.0 1.0
fire/seq-01/color/frame-000461.color.png fire/seq-01/color/frame-000464.color.png 0.999573 0.028714 -0.0053986 -0.00316274 -0.0286016 0.999393 0.0198712 0.0205192 0.00596583 -0.0197083 0.999788 0.00695884 0.0 0.0 0.0 1.0
fire/seq-01/color/frame-000464.color.png fire/seq-01/color/frame-000467.color.png 0.999351 0.0359455 0.00224583 -0.000221968 -0.0359676 0.999295 0.0107658 0.0406467 -0.00185722 -0.0108395 0.99994 0.0243928 0.0 0.0 0.0 1.0
fire/seq-01/color/frame-000467.color.png fire/seq-01/color/frame-000470.color.png 0.999682 0.0217831 0.0127359 -0.0179896 -0.0218104 0.99976 0.00199859 0.0314366 -0.0126893 -0.00227575 0.999917 0.045628 0.0 0.0 0.0 1.0
fire/seq-01/color/frame-000470.color.png fire/seq-01/color/frame-000473.color.png 0.999302 0.031267 0.0204454 -0.0194268 -0.0311487 0.999496 -0.00608199 0.0410209 -0.0206253 0.00544098 0.999772 0.0519844 0.0 0.0 0.0 1.0
fire/seq-01/color/frame-000473.color.png fire/seq-01/color/frame-000476.color.png 0.99975 0.0209055 0.00795112 -0.0351764 -0.0208324 0.999741 -0.00918318 0.0198098 -0.00814108 0.00901525 0.999926 0.0362816 0.0 0.0 0.0 1.0
fire/seq-01/color/frame-000476.color.png fire/seq-01/color/frame-000479.color.png 0.999822 0.018003 -0.00565039 -0.0279146 -0.0180032 0.999838 3.13291e-05 0.0194533 0.00565004 7.03952e-05 0.999984 0.001845 0.0 0.0 0.0 1.0
fire/seq-01/color/frame-000479.color.png fire/seq-01/color/frame-000482.color.png 0.999987 0.00356189 -0.00368094 -0.0465944 -0.00356102 0.999994 0.000189156 -0.0108259 0.00368161 -0.000176061 0.999993 0.00776082 0.0 0.0 0.0 1.0
fire/seq-01/color/frame-000482.color.png fire/seq-01/color/frame-000485.color.png 0.999966 -0.00599102 -0.00566524 -0.0471967 0.00601032 0.999976 0.00340406 -0.0229747 0.00564464 -0.00343792 0.999978 0.00165027 0.0 0.0 0.0 1.0
fire/seq-01/color/frame-000485.color.png fire/seq-01/color/frame-000488.color.png 0.999879 -0.0116548 0.0103022 -0.0763229 0.0114163 0.999672 0.0229277 -0.0437143 -0.0105661 -0.0228074 0.999684 0.0126013 0.0 0.0 0.0 1.0
fire/seq-01/color/frame-000488.color.png fire/seq-01/color/frame-000491.color.png 0.999925 -0.0111171 -0.0051968 -0.0537875 0.0111223 0.999938 0.000974448 -0.0186837 0.00518564 -0.00103222 0.999986 0.0082745 0.0 0.0 0.0 1.0
fire/seq-01/color/frame-000491.color.png fire/seq-01/color/frame-000494.color.png 0.999839 -0.01704 -0.00553503 -0.0630097 0.0171121 0.999766 0.0132559 -0.0332726 0.00530796 -0.0133485 0.999897 -0.00340194 0.0 0.0 0.0 1.0
fire/seq-01/color/frame-000494.color.png fire/seq-01/color/frame-000497.color.png 0.999554 -0.0297479 0.00249726 -0.0747026 0.0297578 0.999549 -0.00401604 -0.0386643 -0.00237672 0.00408852 0.999989 0.0169764 0.0 0.0 0.0 1.0
fire/seq-01/color/frame-000497.color.png fire/seq-01/color/frame-000500.color.png 0.999925 -0.00442784 0.0114047 -0.0617648 0.00440502 0.999988 0.00201701 -0.00439805 -0.0114134 -0.00196655 0.999933 0.0091784 0.0 0.0 0.0 1.0
fire/seq-01/color/frame-000500.color.png fire/seq-01/color/frame-000503.color.png 0.999996 -0.00227803 0.00163021 -0.0639478 0.00226401 0.999961 0.00859116 -0.00116563 -0.0016497 -0.00858751 0.999962 0.0175122 0.0 0.0 0.0 1.0
fire/seq-01/color/frame-000503.color.png fire/seq-01/color/frame-000506.color.png 0.999982 -0.00591593 0.00104852 -0.0537883 0.0058825 0.999551 0.0293814 -0.0242586 -0.00122198 -0.0293747 0.999568 -0.0133367 0.0 0.0 0.0 1.0
fire/seq-01/color/frame-000506.color.png fire/seq-01/color/frame-000509.color.png 0.9999 -0.00511711 0.0132149 -0.0477254 0.00524892 0.999937 -0.00995433 0.0143541 -0.0131632 0.0100228 0.999863 0.0347056 0.0 0.0 0.0 1.0
fire/seq-01/color/frame-000509.color.png fire/seq-01/color/frame-000512.color.png 0.999474 -0.01474 0.028881 -0.0687925 0.0143069 0.999783 0.0151476 -0.0224475 -0.029098 -0.0147265 0.999468 0.020083 0.0 0.0 0.0 1.0
fire/seq-01/color/frame-000512.color.png fire/seq-01/color/frame-000515.color.png 0.99982 -0.00621565 0.0179061 -0.0503556 0.00627064 0.999976 -0.00301768 0.00789356 -0.017887 0.00312942 0.999835 0.0281696 0.0 0.0 0.0 1.0
fire/seq-01/color/frame-000515.color.png fire/seq-01/color/frame-000518.color.png 0.999559 -0.0137646 0.0263095 -0.0634327 0.0136364 0.999894 0.00504366 0.00150687 -0.026376 -0.00468275 0.999641 0.0146821 0.0 0.0 0.0 1.0
fire/seq-01/color/frame-000518.color.png fire/seq-01/color/frame-000521.color.png 0.999422 -0.00708812 0.0332578 -0.0699705 0.0060245 0.99947 0.031974 -0.0513673 -0.0334668 -0.0317551 0.998935 0.0365881 0.0 0.0 0.0 1.0
fire/seq-01/color/frame-000521.color.png fire/seq-01/color/frame-000524.color.png 0.999465 -0.0205267 0.0254723 -0.0563048 0.0201503 0.999685 0.0149414 -0.0124036 -0.025771 -0.0144203 0.999564 0.00145614 0.0 0.0 0.0 1.0
fire/seq-01/color/frame-000524.color.png fire/seq-01/color/frame-000527.color.png 0.998959 -0.00832231 0.0448552 -0.0671654 0.00755264 0.999822 0.0173023 0.00317484 -0.0449912 -0.0169454 0.998844 0.00958955 0.0 0.0 0.0 1.0
fire/seq-01/color/frame-000527.color.png fire/seq-01/color/frame-000530.color.png 0.999094 -0.0187665 0.0382065 -0.067813 0.0188146 0.999823 -0.000900252 0.0108883 -0.0381828 0.00161822 0.999269 0.020774 0.0 0.0 0.0 1.0
fire/seq-01/color/frame-000530.color.png fire/seq-01/color/frame-000533.color.png 0.999505 -0.0198112 0.0244477 -0.0537651 0.0195784 0.999761 0.00973458 -0.0128355 -0.0246347 -0.00925113 0.999654 -0.00306976 0.0 0.0 0.0 1.0
fire/seq-01/color/frame-000533.color.png fire/seq-01/color/frame-000536.color.png 0.999239 -0.0257832 0.0292678 -0.0694356 0.0261124 0.999599 -0.010923 0.00310349 -0.0289746 0.011679 0.999512 0.00569105 0.0 0.0 0.0 1.0
fire/seq-01/color/frame-000536.color.png fire/seq-01/color/frame-000539.color.png 0.999954 -0.00627761 0.0072062 -0.0190987 0.00628806 0.999979 -0.00142886 0.0115952 -0.00719709 0.00147406 0.999973 -0.0154446 0.0 0.0 0.0 1.0
