fire/seq-01/color/frame-000000.color.png fire/seq-01/color/frame-000002.color.png 0.99999 0.00167904 -0.00419551 -0.00364959 -0.00168143 0.999998 -0.000563999 0.00389081 0.00419456 0.000571048 0.999991 -0.00309174 0.0 0.0 0.0 1.0
fire/seq-01/color/frame-000002.color.png fire/seq-01/color/frame-000004.color.png 0.999977 0.00208851 -0.00638383 -0.00252306 -0.00205706 0.999986 0.00492921 0.000257941 0.00639404 -0.00491597 0.999968 -0.000285047 0.0 0.0 0.0 1.0
fire/seq-01/color/frame-000004.color.png fire/seq-01/color/frame-000006.color.png 0.999987 0.00403541 -0.00322771 -0.00473656 -0.00402848 0.99999 0.00214899 0.00111543 0.00323635 -0.00213596 0.999992 0.000208233 0.0 0.0 0.0 1.0
fire/seq-01/color/frame-000006.color.png fire/seq-01/color/frame-000008.color.png 0.999987 0.00519542 0.000284315 -0.0040775 -0.00519698 0.99997 0.00581547 0.00306895 -0.000254091 -0.00581686 0.999983 -0.000269847 0.0 0.0 0.0 1.0
fire/seq-01/color/frame-000008.color.png fire/seq-01/color/frame-000010.color.png 0.999998 0.00183507 0.000525318 -0.00645442 -0.00183723 0.99999 0.00413862 4.74323e-05 -0.000517722 -0.00413958 0.999991 -0.00158394 0.0 0.0 0.0 1.0
fire/seq-01/color/frame-000010.color.png fire/seq-01/color/frame-000012.color.png 0.999987 0.00354899 0.00374724 -0.00772131 -0.00356833 0.99998 0.00516729 0.00369278 -0.00372883 -0.00518059 0.99998 -0.00200253 0.0 0.0 0.0 1.0
fire/seq-01/color/frame-000012.color.png fire/seq-01/color/frame-000014.color.png 1.0 0.000156357 -0.000368951 -0.00575165 -0.000154894 0.999992 0.00397289 0.000761648 0.000369568 -0.00397282 0.999992 0.00108669 0.0 0.0 0.0 1.0
fire/seq-01/color/frame-000014.color.png fire/seq-01/color/frame-000016.color.png 0.999959 -0.00138326 0.00897691 -0.0129869 0.00135474 0.999994 0.00318313 -0.00342139 -0.00898126 -0.00317084 0.999955 -0.0016914 0.0 0.0 0.0 1.0
fire/seq-01/color/frame-000016.color.png fire/seq-01/color/frame-000018.color.png 0.999984 -0.00119262 0.00544158 -0.0100963 0.00119201 0.999999 0.000115466 0.00250963 -0.00544172 -0.000108976 0.999985 -0.00309152 0.0 0.0 0.0 1.0
fire/seq-01/color/frame-000018.color.png fire/seq-01/color/frame-000020.color.png 0.999984 -0.00212418 0.00532791 -0.0127046 0.00211634 0.999997 0.00147624 -0.00238258 -0.00533102 -0.00146493 0.999985 0.000692343 0.0 0.0 0.0 1.0
fire/seq-01/color/frame-000020.color.png fire/seq-01/color/frame-000022.color.png 0.999978 -0.00274047 0.00603162 -0.0123565 0.00272455 0.999993 0.00264545 -0.00236086 -0.00603883 -0.00262896 0.999978 0.000812541 0.0 0.0 0.0 1.0
fire/seq-01/color/frame-000022.color.png fire/seq-01/color/frame-000024.color.png 0.999975 -0.00278911 0.00653449 -0.0170617 0.00282579 0.99998 -0.00561168 -0.00262688 -0.00651872 0.00563 0.999963 0.000682755 0.0 0.0 0.0 1.0
fire/seq-01/color/frame-000024.color.png fire/seq-01/color/frame-000026.color.png 0.999981 -0.00514138 0.00326737 -0.0174848 0.00515357 0.99998 -0.00373446 -0.00014394 -0.0032481 0.00375124 0.999988 -0.00229393 0.0 0.0 0.0 1.0
fire/seq-01/color/frame-000026.color.png fire/seq-01/color/frame-000028.color.png 0.999895 -0.00813644 0.0120098 -0.0255925 0.00808909 0.999959 0.00398638 -0.00511285 -0.0120417 -0.00388882 0.99992 -0.00200223 0.0 0.0 0.0 1.0
fire/seq-01/color/frame-000028.color.png fire/seq-01/color/frame-000030.color.png 0.999982 -0.00276502 0.00533143 -0.013193 0.00278721 0.999988 -0.00415962 -0.00415693 -0.00531987 0.00417441 0.999977 0.000945777 0.0 0.0 0.0 1.0
fire/seq-01/color/frame-000030.color.png fire/seq-01/color/frame-000032.color.png 0.999953 -0.00806325 0.00548144 -0.0180799 0.00808323 0.999961 -0.00363125 0.000203767 -0.00545196 0.00367539 0.999978 -0.004712 0.0 0.0 0.0 1.0
fire/seq-01/color/frame-000032.color.png fire/seq-01/color/frame-000034.color.png 0.999651 -0.0111214 0.02397 -0.044684 0.0111165 0.999938 0.000337465 -0.0124514 -0.0239723 -7.08858e-05 0.999713 0.00263423 0.0 0.0 0.0 1.0
fire/seq-01/color/frame-000034.color.png fire/seq-01/color/frame-000036.color.png 0.999993 0.00140582 0.00339251 -0.0133536 -0.00138846 0.999986 -0.00511227 -0.00597751 -0.00339966 0.00510753 0.999981 0.00685611 0.0 0.0 0.0 1.0
fire/seq-01/color/frame-000036.color.png fire/seq-01/color/frame-000038.color.png 0.999945 0.00696228 0.0077874 -0.0131723 -0.00693288 0.999969 -0.00379611 0.00826257 -0.00781356 0.00374191 0.999962 -0.00720863 0.0 0.0 0.0 1.0
fire/seq-01/color/frame-000038.color.png fire/seq-01/color/frame-000040.color.png 0.999928 -0.00621062 0.0102495 -0.0119325 0.00604102 0.999846 0.016496 -0.00579231 -0.0103504 -0.0164329 0.999811 0.0007105 0.0 0.0 0.0 1.0
fire/seq-01/color/frame-000040.color.png fire/seq-01/color/frame-000042.color.png 0.999252 -0.0304801 0.0237766 -0.0454861 0.0305166 0.999534 -0.00117376 0.00547661 -0.0237297 0.00189846 0.999717 -0.00552226 0.0 0.0 0.0 1.0
fire/seq-01/color/frame-000042.color.png fire/seq-01/color/frame-000044.color.png 0.999972 0.00437613 -0.00614931 -0.00169349 -0.00439623 0.999985 -0.00325585 -0.0203559 0.00613497 0.00328279 0.999976 0.01 0.0 0.0 0.0 1.0
fire/seq-01/color/frame-000044.color.png fire/seq-01/color/frame-000046.color.png 0.999886 0.0127591 0.00804466 -0.025472 -0.0126686 0.999857 -0.0112076 0.0142497 -0.00818652 0.0111044 0.999905 -0.00705873 0.0 0.0 0.0 1.0
fire/seq-01/color/frame-000046.color.png fire/seq-01/color/frame-000048.color.png 0.999967 -0.00789342 0.00192051 -0.00604811 0.00787515 0.999925 0.00933182 -0.00286889 -0.00199401 -0.00931639 0.999955 0.00136423 0.0 0.0 0.0 1.0
fire/seq-01/color/frame-000048.color.png fire/seq-01/color/frame-000050.color.png 0.999968 -0.00773315 -0.00197113 -0.00821611 0.00774563 0.999949 0.00639918 -0.0235683 0.00192155 -0.00641424 0.999978 0.0123177 0.0 0.0 0.0 1.0
fire/seq-01/color/frame-000050.color.png fire/seq-01/color/frame-000052.color.png 0.999937 -0.00515779 0.00997003 -0.0201412 0.00523515 0.999956 -0.00774949 0.000976689 -0.00992959 0.0078012 0.99992 -0.000463877 0.0 0.0 0.0 1.0
fire/seq-01/color/frame-000052.color.png fire/seq-01/color/frame-000054.color.png 0.999642 -0.00959488 0.0249929 -0.0418402 0.00933362 0.999901 0.0105492 -0.0110884 -0.0250917 -0.0103122 0.999632 0.0026973 0.0 0.0 0.0 1.0
fire/seq-01/color/frame-000054.color.png fire/seq-01/color/frame-000056.color.png 0.999964 -0.00733486 -0.00439797 0.00383592 0.00732962 0.999972 -0.00120455 -0.00472286 0.00440663 0.00117227 0.99999 0.00602466 0.0 0.0 0.0 1.0
fire/seq-01/color/frame-000056.color.png fire/seq-01/color/frame-000058.color.png 0.999982 0.00192287 0.00563416 -0.00252044 -0.00190403 0.999993 -0.00335177 0.0230379 -0.00564052 0.00334099 0.999979 0.00291278 0.0 0.0 0.0 1.0
fire/seq-01/color/frame-000058.color.png fire/seq-01/color/frame-000060.color.png 0.999656 -0.0217794 0.014578 -0.0112978 0.0214073 0.999453 0.0252084 -0.0288566 -0.0151191 -0.0248877 0.999576 0.0104266 0.0 0.0 0.0 1.0
fire/seq-01/color/frame-000060.color.png fire/seq-01/color/frame-000062.color.png 0.999974 0.00568431 0.00451611 0.00161779 -0.00567028 0.999979 -0.00311715 0.00244839 -0.00453373 0.00309146 0.999985 0.0102248 0.0 0.0 0.0 1.0
fire/seq-01/color/frame-000062.color.png fire/seq-01/color/frame-000064.color.png 0.999583 -0.017269 0.0231429 -0.0199641 0.0169691 0.99977 0.0130914 -0.0218529 -0.0233637 -0.0126932 0.999646 0.0084448 0.0 0.0 0.0 1.0
fire/seq-01/color/frame-000064.color.png fire/seq-01/color/frame-000066.color.png 0.999779 -0.00778316 0.019541 -0.0192498 0.00764918 0.999947 0.00692305 -0.0141428 -0.0195939 -0.00677203 0.999785 0.00202028 0.0 0.0 0.0 1.0
fire/seq-01/color/frame-000066.color.png fire/seq-01/color/frame-000068.color.png 0.999098 -0.0323796 0.0274893 -0.0230716 0.032604 0.999438 -0.00775341 0.0027546 -0.0272228 0.00864267 0.999592 0.0127101 0.0 0.0 0.0 1.0
fire/seq-01/color/frame-000068.color.png fire/seq-01/color/frame-000070.color.png 0.999358 -0.0297056 0.0200085 -0.0103002 0.0298637 0.999525 -0.0076474 0.000383273 -0.0197719 0.00824001 0.99977 0.00643359 0.0 0.0 0.0 1.0
fire/seq-01/color/frame-000070.color.png fire/seq-01/color/frame-000072.color.png 0.999248 -0.0275557 0.0272729 -0.0249635 0.0277569 0.99959 -0.00702647 -0.00757223 -0.0270681 0.00777818 0.999603 0.00860575 0.0 0.0 0.0 1.0
fire/seq-01/color/frame-000072.color.png fire/seq-01/color/frame-000074.color.png 0.999104 -0.0251656 0.0340269 -0.0404239 0.0249071 0.999658 0.00799998 -0.0152604 -0.0342166 -0.00714529 0.999389 0.00956707 0.0 0.0 0.0 1.0
fire/seq-01/color/frame-000074.color.png fire/seq-01/color/frame-000076.color.png 0.999536 -0.0255782 0.0165702 -0.0198867 0.0254028 0.99962 0.010706 -0.0145205 -0.0168378 -0.0102801 0.999805 0.00763926 0.0 0.0 0.0 1.0
fire/seq-01/color/frame-000076.color.png fire/seq-01/color/frame-000078.color.png 0.999992 -0.00367071 -0.00164189 0.011911 0.00366302 0.999982 -0.00468943 0.00422601 0.00165909 0.00468337 0.999988 0.00808991 0.0 0.0 0.0 1.0
fire/seq-01/color/frame-000078.color.png fire/seq-01/color/frame-000080.color.png 0.999568 -0.00727974 0.0284859 -0.0154952 0.00729211 0.999973 -0.00033183 -0.00935674 -0.0284828 0.000539396 0.999594 -0.00265491 0.0 0.0 0.0 1.0
fire/seq-01/color/frame-000080.color.png fire/seq-01/color/frame-000082.color.png 0.999831 -0.00737185 0.0168564 -0.0135545 0.00737511 0.999973 -0.000131293 0.00367993 -0.016855 0.000255579 0.999858 0.00384614 0.0 0.0 0.0 1.0
fire/seq-01/color/frame-000082.color.png fire/seq-01/color/frame-000084.color.png 0.999215 -0.0167869 0.0358966 -0.0382543 0.0159665 0.999607 0.0230229 -0.0473579 -0.036269 -0.0224317 0.99909 0.00676152 0.0 0.0 0.0 1.0
fire/seq-01/color/frame-000084.color.png fire/seq-01/color/frame-000086.color.png 0.999567 -0.00551273 0.0289142 -0.0194979 0.00556126 0.999983 -0.00159733 -0.0103105 -0.028905 0.00175745 0.999581 -0.00218827 0.0 0.0 0.0 1.0
fire/seq-01/color/frame-000086.color.png fire/seq-01/color/frame-000088.color.png 0.999606 -0.00829348 0.026817 -0.0161121 0.00859211 0.999902 -0.0110413 0.00662586 -0.0267227 0.0112673 0.999579 -0.00420049 0.0 0.0 0.0 1.0
fire/seq-01/color/frame-000088.color.png fire/seq-01/color/frame-000090.color.png 0.9991 -0.0220522 0.0362442 -0.0302671 0.0217815 0.999732 0.00784526 -0.0171056 -0.0364074 -0.00704872 0.999312 -0.000977308 0.0 0.0 0.0 1.0
fire/seq-01/color/frame-000090.color.png fire/seq-01/color/frame-000092.color.png 0.999471 -0.016988 0.0277144 -0.0167072 0.0172692 0.999801 -0.00993983 -0.00150749 -0.02754 0.0104132 0.999566 0.00341278 0.0 0.0 0.0 1.0
fire/seq-01/color/frame-000092.color.png fire/seq-01/color/frame-000094.color.png 0.999178 -0.0148159 0.0377307 -0.0345067 0.0154298 0.999753 -0.0160332 0.0104687 -0.037484 0.0166022 0.999159 0.00222218 0.0 0.0 0.0 1.0
fire/seq-01/color/frame-000094.color.png fire/seq-01/color/frame-000096.color.png 0.999033 -0.0217954 0.0381798 -0.0344445 0.0221168 0.999723 -0.00801585 -0.000803262 -0.0379945 0.00885251 0.999239 -0.00595567 0.0 0.0 0.0 1.0
fire/seq-01/color/frame-000096.color.png fire/seq-01/color/frame-000098.color.png 0.999091 -0.0247532 0.0347069 -0.034086 0.0251046 0.999637 -0.00972282 -0.0033924 -0.0344536 0.0105853 0.99935 -0.00509506 0.0 0.0 0.0 1.0
fire/seq-01/color/frame-000098.color.png fire/seq-01/color/frame-000100.color.png 0.999305 -0.0226656 0.0295854 -0.0350015 0.0229225 0.999702 -0.00837555 -0.00315326 -0.0293868 0.00904787 0.999527 -0.00385171 0.0 0.0 0.0 1.0
fire/seq-01/color/frame-000100.color.png fire/seq-01/color/frame-000102.color.png 0.999507 -0.0198816 0.024315 -0.0256703 0.0199523 0.999797 -0.00266587 -0.00924134 -0.0242571 0.00314969 0.999701 -0.0077337 0.0 0.0 0.0 1.0
fire/seq-01/color/frame-000102.color.png fire/seq-01/color/frame-000104.color.png 0.999298 -0.0170397 0.033377 -0.0345944 0.0167934 0.99983 0.00764277 -0.0276588 -0.0335016 -0.00707687 0.999414 -0.0116384 0.0 0.0 0.0 1.0
fire/seq-01/color/frame-000104.color.png fire/seq-01/color/frame-000106.color.png 0.999533 -0.0139326 0.027182 -0.0230783 0.0142083 0.999849 -0.00997088 -0.00481147 -0.027039 0.0103524 0.999581 -0.00315049 0.0 0.0 0.0 1.0
fire/seq-01/color/frame-000106.color.png fire/seq-01/color/frame-000108.color.png 0.999763 -0.000966437 0.0217669 -0.0190316 0.00118357 0.99995 -0.00996411 -0.00839758 -0.0217562 0.00998757 0.999713 -0.00969604 0.0 0.0 0.0 1.0
fire/seq-01/color/frame-000108.color.png fire/seq-01/color/frame-000110.color.png 0.999867 -0.00207555 0.0161624 -0.0177364 0.00221541 0.99996 -0.00865055 -0.00815767 -0.0161438 0.00868529 0.999832 -0.002873 0.0 0.0 0.0 1.0
fire/seq-01/color/frame-000110.color.png fire/seq-01/color/frame-000112.color.png 0.999889 0.00555978 0.013855 -0.0124049 -0.00554225 0.999984 -0.00130136 -0.029736 -0.0138622 0.0012244 0.999903 -0.00258416 0.0 0.0 0.0 1.0
fire/seq-01/color/frame-000112.color.png fire/seq-01/color/frame-000114.color.png 0.999908 0.0132601 -0.00278839 -0.00123852 -0.0132967 0.999819 -0.0136051 0.00299758 0.00260746 0.0136408 0.999904 0.00171959 0.0 0.0 0.0 1.0
fire/seq-01/color/frame-000114.color.png fire/seq-01/color/frame-000116.color.png 0.999275 0.0318613 -0.0208479 0.0147938 -0.0320673 0.999439 -0.00962083 -0.0232433 0.0205299 0.0102826 0.999736 0.00911221 0.0 0.0 0.0 1.0
fire/seq-01/color/frame-000116.color.png fire/seq-01/color/frame-000118.color.png 0.999221 0.0317141 -0.0234702 0.0220684 -0.0318483 0.999478 -0.00536596 -0.0300304 0.0232877 0.00610914 0.99971 0.0038406 0.0 0.0 0.0 1.0
fire/seq-01/color/frame-000118.color.png fire/seq-01/color/frame-000120.color.png 0.998417 0.0438602 -0.0352165 0.024021 -0.0441271 0.999003 -0.0068387 -0.0349941 0.0348814 0.00838189 0.999356 0.0271383 0.0 0.0 0.0 1.0
fire/seq-01/color/frame-000120.color.png fire/seq-01/color/frame-000122.color.png 0.999617 0.0188848 -0.0202096 0.0112125 -0.0187644 0.999805 0.00613014 -0.0226542 0.0203215 -0.00574855 0.999777 0.00361139 0.0 0.0 0.0 1.0
fire/seq-01/color/frame-000122.color.png fire/seq-01/color/frame-000124.color.png 0.999802 0.0147241 -0.0134058 0.000399113 -0.0146503 0.999877 0.00557431 -0.0171391 0.013486 -0.00537682 0.999895 0.0170605 0.0 0.0 0.0 1.0
fire/seq-01/color/frame-000124.color.png fire/seq-01/color/frame-000126.color.png 0.998815 0.0306675 -0.0377981 0.0229375 -0.030483 0.999521 0.00544966 -0.0202576 0.0379471 -0.00429101 0.99927 0.0201954 0.0 0.0 0.0 1.0
fire/seq-01/color/frame-000126.color.png fire/seq-01/color/frame-000128.color.png 0.999504 0.0164415 -0.0268682 0.0107439 -0.0162402 0.999839 0.00769482 -0.0257177 0.0269904 -0.00725468 0.999609 0.0150712 0.0 0.0 0.0 1.0
fire/seq-01/color/frame-000128.color.png fire/seq-01/color/frame-000130.color.png 0.9995 0.0191251 -0.0251959 0.00666106 -0.0188888 0.999776 0.00958301 -0.0327951 0.0253737 -0.00910229 0.999637 0.0256805 0.0 0.0 0.0 1.0
fire/seq-01/color/frame-000130.color.png fire/seq-01/color/frame-000132.color.png 0.999271 0.0260017 -0.0279526 0.0243771 -0.0259592 0.999661 0.00188399 -0.0214341 0.0279921 -0.00115698 0.999607 0.0133869 0.0 0.0 0.0 1.0
fire/seq-01/color/frame-000132.color.png fire/seq-01/color/frame-000134.color.png 0.99927 0.020555 -0.0321966 0.025255 -0.0207581 0.999767 -0.00599107 -0.00721163 0.0320659 0.00665503 0.999463 0.0136716 0.0 0.0 0.0 1.0
fire/seq-01/color/frame-000134.color.png fire/seq-01/color/frame-000136.color.png 0.999551 0.0137314 -0.0266393 0.0200322 -0.0139721 0.999863 -0.00886565 0.000470996 0.026514 0.00923388 0.999606 0.0091897 0.0 0.0 0.0 1.0
fire/seq-01/color/frame-000136.color.png fire/seq-01/color/frame-000138.color.png 0.999605 0.0184576 -0.0211995 0.0126737 -0.0184851 0.999829 -0.00110576 -0.0129437 0.0211755 0.0014972 0.999775 0.0179087 0.0 0.0 0.0 1.0
fire/seq-01/color/frame-000138.color.png fire/seq-01/color/frame-000140.color.png 0.999427 0.0196859 -0.0275144 0.0268304 -0.0198455 0.999788 -0.00553985 -0.00592113 0.0273995 0.00608272 0.999606 0.00975493 0.0 0.0 0.0 1.0
fire/seq-01/color/frame-000140.color.png fire/seq-01/color/frame-000142.color.png 0.999515 0.022336 -0.0217265 0.0195616 -0.0223443 0.99975 -0.000137217 -0.00920534 0.0217181 0.00062264 0.999764 0.00481364 0.0 0.0 0.0 1.0
fire/seq-01/color/frame-000142.color.png fire/seq-01/color/frame-000144.color.png 0.999735 0.0189277 -0.0131024 0.00201952 -0.0189286 0.999821 5.96182e-05 -0.011751 0.0131011 0.000188373 0.999914 0.00746396 0.0 0.0 0.0 1.0
fire/seq-01/color/frame-000144.color.png fire/seq-01/color/frame-000146.color.png 0.999627 0.016681 -0.0216249 0.0166566 -0.016692 0.999861 -0.000326028 -0.000558436 0.0216164 0.000686902 0.999766 -0.00156242 0.0 0.0 0.0 1.0
fire/seq-01/color/frame-000146.color.png fire/seq-01/color/frame-000148.color.png 0.999588 0.0203128 -0.0202586 0.0185423 -0.0199312 0.999623 0.0188629 -0.0347319 0.0206342 -0.0184513 0.999617 0.0021266 0.0 0.0 0.0 1.0
fire/seq-01/color/frame-000148.color.png fire/seq-01/color/frame-000150.color.png 0.999644 0.0143093 -0.0225207 0.0160484 -0.014301 0.999897 0.000532897 0.00145507 0.022526 -0.000210663 0.999746 0.00718328 0.0 0.0 0.0 1.0
fire/seq-01/color/frame-000150.color.png fire/seq-01/color/frame-000152.color.png 0.999485 0.0168746 -0.0273039 0.0210475 -0.0167172 0.999842 0.00598342 -0.00145513 0.0274005 -0.0055239 0.999609 -0.00263134 0.0 0.0 0.0 1.0
fire/seq-01/color/frame-000152.color.png fire/seq-01/color/frame-000154.color.png 0.999279 0.0194495 -0.0326106 0.0225072 -0.0192093 0.999786 0.00766458 -0.00669074 0.0327527 -0.00703261 0.999439 0.0113497 0.0 0.0 0.0 1.0
fire/seq-01/color/frame-000154.color.png fire/seq-01/color/frame-000156.color.png 0.9994 0.018757 -0.0291209 0.0162504 -0.0185207 0.999793 0.00836402 -0.00514758 0.0292718 -0.00781965 0.999541 0.00848888 0.0 0.0 0.0 1.0
fire/seq-01/color/frame-000156.color.png fire/seq-01/color/frame-000158.color.png 0.999373 0.0171734 -0.0309503 0.0162209 -0.0169511 0.999829 0.00743084 -0.000793397 0.0310726 -0.00690155 0.999493 0.00615688 0.0 0.0 0.0 1.0
fire/seq-01/color/frame-000158.color.png fire/seq-01/color/frame-000160.color.png 0.999293 0.0214243 -0.0308988 0.0197916 -0.021047 0.999701 0.0124828 -0.00634891 0.031157 -0.0118237 0.999445 0.00859639 0.0 0.0 0.0 1.0
fire/seq-01/color/frame-000160.color.png fire/seq-01/color/frame-000162.color.png 0.999604 0.0120096 -0.025442 0.00636238 -0.0115404 0.999762 0.0185079 -0.00591856 0.0256582 -0.018207 0.999505 0.00189428 0.0 0.0 0.0 1.0
fire/seq-01/color/frame-000162.color.png fire/seq-01/color/frame-000164.color.png 0.999972 4.87258e-05 -0.00752532 -0.00500268 -2.28756e-05 0.999994 0.00343485 0.00529215 0.00752542 -0.00343458 0.999966 0.00750773 0.0 0.0 0.0 1.0
fire/seq-01/color/frame-000164.color.png fire/seq-01/color/frame-000166.color.png 0.999929 0.00533993 -0.0106513 0.00598145 -0.00518061 0.999875 0.01493 -0.0171961 0.0107297 -0.0148738 0.999832 0.00416194 0.0 0.0 0.0 1.0
fire/seq-01/color/frame-000166.color.png fire/seq-01/color/frame-000168.color.png 0.999888 0.00634867 -0.0135624 0.00345558 -0.00625805 0.999958 0.0067135 0.00444975 0.0136045 -0.00662787 0.999886 -0.00354269 0.0 0.0 0.0 1.0
fire/seq-01/color/frame-000168.color.png fire/seq-01/color/frame-000170.color.png 0.999983 0.00280144 -0.00515407 -0.00338668 -0.00282052 0.999989 -0.00369849 0.0124328 0.00514363 0.00371296 0.99998 0.00205639 0.0 0.0 0.0 1.0
fire/seq-01/color/frame-000170.color.png fire/seq-01/color/frame-000172.color.png 0.99989 0.00765615 -0.0126928 0.0038901 -0.00753828 0.999928 0.00930834 -0.00339696 0.0127632 -0.00921164 0.999876 -0.00182277 0.0 0.0 0.0 1.0
fire/seq-01/color/frame-000172.color.png fire/seq-01/color/frame-000174.color.png 0.99994 0.00715941 -0.00826992 -0.0021376 -0.00717749 0.999972 -0.00215919 0.00873357 0.00825424 0.00221842 0.999964 0.00155708 0.0 0.0 0.0 1.0
fire/seq-01/color/frame-000174.color.png fire/seq-01/color/frame-000176.color.png 0.999939 0.00523582 -0.00971736 0.00635886 -0.00520962 0.999983 0.00272036 -0.00610763 0.00973144 -0.00266957 0.999949 0.00246049 0.0 0.0 0.0 1.0
fire/seq-01/color/frame-000176.color.png fire/seq-01/color/frame-000178.color.png 0.999933 0.00720592 -0.00910395 0.00159651 -0.00718094 0.99997 0.00277396 -0.00117639 0.00912365 -0.0027084 0.999955 -0.00123005 0.0 0.0 0.0 1.0
fire/seq-01/color/frame-000178.color.png fire/seq-01/color/frame-000180.color.png 0.999967 0.00478167 -0.00660397 0.000919819 -0.00480424 0.999983 -0.00340558 0.00716755 0.00658758 0.00343719 0.999972 0.00247467 0.0 0.0 0.0 1.0
fire/seq-01/color/frame-000180.color.png fire/seq-01/color/frame-000182.color.png 0.999494 0.0216184 -0.0233156 0.0289704 -0.021814 0.999729 -0.00816632 0.0204985 0.0231328 0.0086708 0.999695 -0.0045504 0.0 0.0 0.0 1.0
fire/seq-01/color/frame-000182.color.png fire/seq-01/color/frame-000184.color.png 0.999979 0.00256153 -0.00594662 -0.000504136 -0.00255971 0.999997 0.00031286 0.0041534 0.00594741 -0.000297632 0.999982 -0.00233924 0.0 0.0 0.0 1.0
fire/seq-01/color/frame-000184.color.png fire/seq-01/color/frame-000186.color.png 0.999848 0.0105148 -0.0138944 0.00338328 -0.0105379 0.999943 -0.00159359 0.00907889 0.0138769 0.00173977 0.999902 0.00134345 0.0 0.0 0.0 1.0
fire/seq-01/color/frame-000186.color.png fire/seq-01/color/frame-000188.color.png 0.999912 0.00786676 -0.0106603 0.00117964 -0.00766931 0.999801 0.0184383 -0.00797272 0.0108032 -0.0183549 0.999773 -0.00842746 0.0 0.0 0.0 1.0
fire/seq-01/color/frame-000188.color.png fire/seq-01/color/frame-000190.color.png 0.999925 0.0116375 -0.00368938 0.00170678 -0.0115674 0.999762 0.0184848 -0.00783515 0.00390362 -0.0184408 0.999822 -0.00937448 0.0 0.0 0.0 1.0
fire/seq-01/color/frame-000190.color.png fire/seq-01/color/frame-000192.color.png 0.999988 0.00271828 -0.00412566 0.00474155 -0.00265486 0.99988 0.0152969 -0.00564951 0.00416674 -0.0152857 0.999875 -0.013151 0.0 0.0 0.0 1.0
fire/seq-01/color/frame-000192.color.png fire/seq-01/color/frame-000194.color.png 0.999972 -0.00691625 -0.00290705 -0.000890911 0.00696432 0.999833 0.016867 0.0119302 0.00278991 -0.0168868 0.999854 -0.01058 0.0 0.0 0.0 1.0
fire/seq-01/color/frame-000194.color.png fire/seq-01/color/frame-000196.color.png 0.999998 -0.000135719 0.00181627 0.00635201 8.99857e-05 0.999684 0.0251472 -0.00572652 -0.00181911 -0.025147 0.999682 -0.0170752 0.0 0.0 0.0 1.0
fire/seq-01/color/frame-000196.color.png fire/seq-01/color/frame-000198.color.png 0.999982 0.00216905 0.00569201 -0.00425953 -0.00218821 0.999992 0.00336359 0.0233929 -0.00568467 -0.00337599 0.999978 -0.00980638 0.0 0.0 0.0 1.0
fire/seq-01/color/frame-000198.color.png fire/seq-01/color/frame-000200.color.png 0.999997 0.0021667 0.000376526 0.00833547 -0.00217566 0.999669 0.0256539 -0.0302313 -0.000320815 -0.0256547 0.999671 -0.0140029 0.0 0.0 0.0 1.0
fire/seq-01/color/frame-000200.color.png fire/seq-01/color/frame-000202.color.png 0.999987 -0.00255355 0.00454457 0.00928462 0.00257854 0.999981 -0.00550495 0.0387345 -0.00453043 0.00551661 0.999974 -0.0138169 0.0 0.0 0.0 1.0
fire/seq-01/color/frame-000202.color.png fire/seq-01/color/frame-000204.color.png 0.999935 -0.00946473 0.00632417 3.96371e-05 0.00934209 0.999773 0.0191507 -0.00647944 -0.006504 -0.0190904 0.999797 -0.0148904 0.0 0.0 0.0 1.0
fire/seq-01/color/frame-000204.color.png fire/seq-01/color/frame-000206.color.png 0.999989 -8.82812e-05 0.00475118 0.00304365 5.81071e-05 0.99998 0.00635339 0.00187191 -0.00475163 -0.00635304 0.999969 -0.0094445 0.0 0.0 0.0 1.0
fire/seq-01/color/frame-000206.color.png fire/seq-01/color/frame-000208.color.png 0.99999 -0.000189678 0.00449314 0.0176334 0.000101704 0.999809 0.0195646 -0.00240752 -0.004496 -0.0195639 0.999799 -0.0197752 0.0 0.0 0.0 1.0
fire/seq-01/color/frame-000208.color.png fire/seq-01/color/frame-000210.color.png 0.999936 -0.00926758 0.00646475 0.0187315 0.00921322 0.999922 0.0083901 0.0224866 -0.00654201 -0.00833002 0.999944 -0.0174235 0.0 0.0 0.0 1.0
fire/seq-01/color/frame-000210.color.png fire/seq-01/color/frame-000212.color.png 0.999998 -0.00201002 0.000631177 0.0117894 0.00200355 0.999947 0.010085 -0.00197515 -0.000651417 -0.0100837 0.999949 -0.00764417 0.0 0.0 0.0 1.0
fire/seq-01/color/frame-000212.color.png fire/seq-01/color/frame-000214.color.png 0.999953 0.0053732 0.00810687 0.0235537 -0.00548292 0.999893 0.0135728 -0.00256771 -0.00803308 -0.0136166 0.999875 -0.0164347 0.0 0.0 0.0 1.0
fire/seq-01/color/frame-000214.color.png fire/seq-01/color/frame-000216.color.png 0.999875 0.00945839 -0.0126909 0.0634684 -0.00980148 0.999581 -0.0272494 0.0759055 0.0124279 0.0273704 0.999548 -0.00645677 0.0 0.0 0.0 1.0
fire/seq-01/color/frame-000216.color.png fire/seq-01/color/frame-000218.color.png 0.999986 0.00538703 0.000219317 0.0208119 -0.00538872 0.999948 0.00869099 -0.00372779 -0.000172488 -0.00869206 0.999962 -0.00492701 0.0 0.0 0.0 1.0
fire/seq-01/color/frame-000218.color.png fire/seq-01/color/frame-000220.color.png 0.999919 0.00869011 -0.00926908 0.0560228 -0.00868822 0.999962 0.000243239 0.0254997 0.00927084 -0.000162662 0.999957 -0.0142742 0.0 0.0 0.0 1.0
fire/seq-01/color/frame-000220.color.png fire/seq-01/color/frame-000222.color.png 0.999961 0.00206272 0.00859987 0.00482309 -0.00215456 0.999941 0.0106807 -0.00418361 -0.00857732 -0.0106989 0.999906 -0.0105617 0.0 0.0 0.0 1.0
fire/seq-01/color/frame-000222.color.png fire/seq-01/color/frame-000224.color.png 0.999931 0.00256006 -0.0114452 0.0503179 -0.00241976 0.999922 0.0122539 -0.00601244 0.0114757 -0.0122253 0.99986 -0.00330664 0.0 0.0 0.0 1.0
fire/seq-01/color/frame-000224.color.png fire/seq-01/color/frame-000226.color.png 0.999957 0.00377605 0.00841704 0.0237621 -0.00389856 0.999886 0.0145845 -0.0100322 -0.00836102 -0.0146167 0.999858 -0.0166095 0.0 0.0 0.0 1.0
fire/seq-01/color/frame-000226.color.png fire/seq-01/color/frame-000228.color.png 0.999983 -0.000429471 -0.0057273 0.0217833 0.000426824 1.0 -0.000464013 0.00425483 0.0057275 0.000461565 0.999983 -0.000397559 0.0 0.0 0.0 1.0
fire/seq-01/color/frame-000228.color.png fire/seq-01/color/frame-000230.color.png 0.999949 0.00251062 0.00976543 0.0233617 -0.0025175 0.999997 0.000691874 0.0112213 -0.00976365 -0.000716418 0.999952 -0.00559463 0.0 0.0 0.0 1.0
fire/seq-01/color/frame-000230.color.png fire/seq-01/color/frame-000232.color.png 0.999946 -0.00504211 -0.00904416 0.0349165 0.00499101 0.999972 -0.00566302 0.0148591 0.00907245 0.00561757 0.999943 -0.00338947 0.0 0.0 0.0 1.0
fire/seq-01/color/frame-000232.color.png fire/seq-01/color/frame-000234.color.png 0.999972 -0.00732908 0.00138865 0.0348209 0.00733684 0.999957 -0.00566256 0.0216375 -0.00134708 0.0056726 0.999983 0.00257226 0.0 0.0 0.0 1.0
fire/seq-01/color/frame-000234.color.png fire/seq-01/color/frame-000236.color.png 0.999903 -0.00964551 0.0100678 0.0146097 0.00956252 0.99992 0.00825836 -0.00870752 -0.0101467 -0.00816129 0.999915 -0.0037884 0.0 0.0 0.0 1.0
fire/seq-01/color/frame-000236.color.png fire/seq-01/color/frame-000238.color.png 0.999984 -0.00375366 -0.0041777 0.0225341 0.00376686 0.999988 0.00315683 -0.00431933 0.00416581 -0.00317255 0.999986 0.000186961 0.0 0.0 0.0 1.0
fire/seq-01/color/frame-000238.color.png fire/seq-01/color/frame-000240.color.png 0.999923 -0.00833225 0.00921933 0.0170649 0.00830314 0.99996 0.00319186 0.00259683 -0.00924556 -0.00311504 0.999952 -0.00110219 0.0 0.0 0.0 1.0
fire/seq-01/color/frame-000240.color.png fire/seq-01/color/frame-000242.color.png 0.999917 -0.0127444 0.00204876 0.0209914 0.0127357 0.99991 0.00420403 -0.00413039 -0.00210217 -0.00417759 0.999989 0.00351573 0.0 0.0 0.0 1.0
fire/seq-01/color/frame-000242.color.png fire/seq-01/color/frame-000244.color.png 0.999994 -0.00302629 -0.00164697 0.0180455 0.00302913 0.999994 0.00171869 0.00129919 0.00164177 -0.00172365 0.999997 0.00237708 0.0 0.0 0.0 1.0
fire/seq-01/color/frame-000244.color.png fire/seq-01/color/frame-000246.color.png 0.999976 -0.00569739 0.00406055 0.0269313 0.0056768 0.999971 0.00506747 -0.00736663 -0.00408931 -0.00504432 0.999979 0.0108452 0.0 0.0 0.0 1.0
fire/seq-01/color/frame-000246.color.png fire/seq-01/color/frame-000248.color.png 0.999893 -0.00276028 0.014346 0.0193834 0.00278524 0.999995 -0.0017207 0.00266826 -0.0143411 0.00176049 0.999896 0.00268947 0.0 0.0 0.0 1.0
fire/seq-01/color/frame-000248.color.png fire/seq-01/color/frame-000250.color.png 0.999976 -0.00670744 0.00160632 0.0146005 0.00669868 0.999963 0.00539737 -0.0063218 -0.00164246 -0.0053865 0.999984 0.00147992 0.0 0.0 0.0 1.0
fire/seq-01/color/frame-000250.color.png fire/seq-01/color/frame-000252.color.png 0.999999 -0.000272011 0.00137195 0.0266042 0.000268785 0.999997 0.00234699 0.00214085 -0.00137259 -0.00234658 0.999996 0.012261 0.0 0.0 0.0 1.0
fire/seq-01/color/frame-000252.color.png fire/seq-01/color/frame-000254.color.png 0.999958 -0.00266129 0.00881744 0.0187504 0.00260077 0.999973 0.00686836 -0.00727741 -0.00883549 -0.00684518 0.999938 0.00686714 0.0 0.0 0.0 1.0
fire/seq-01/color/frame-000254.color.png fire/seq-01/color/frame-000256.color.png 0.999993 -0.000557247 0.0036245 0.00739416 0.000548617 0.999997 0.00238361 -0.00257902 -0.00362581 -0.00238152 0.999991 0.00594293 0.0 0.0 0.0 1.0
fire/seq-01/color/frame-000256.color.png fire/seq-01/color/frame-000258.color.png 0.999982 -0.0022313 0.00552435 0.0154773 0.00222097 0.999996 0.00187557 -0.00883892 -0.00552851 -0.0018633 0.999983 0.0105446 0.0 0.0 0.0 1.0
fire/seq-01/color/frame-000258.color.png fire/seq-01/color/frame-000260.color.png 0.999991 0.00421994 0.00107439 0.0191416 -0.00422279 0.999988 0.00266955 -0.00915053 -0.00106312 -0.00267406 0.999996 0.00635625 0.0 0.0 0.0 1.0
fire/seq-01/color/frame-000260.color.png fire/seq-01/color/frame-000262.color.png 0.999999 0.00135741 0.000808193 0.0109125 -0.00135808 0.999999 0.000823981 -0.00204876 -0.000807095 -0.000825104 0.999999 0.00547638 0.0 0.0 0.0 1.0
fire/seq-01/color/frame-000262.color.png fire/seq-01/color/frame-000264.color.png 0.999983 -0.00533188 0.00248155 0.0181245 0.00531919 0.999973 0.00509038 -0.0148765 -0.00250861 -0.00507707 0.999984 0.0103656 0.0 0.0 0.0 1.0
fire/seq-01/color/frame-000264.color.png fire/seq-01/color/frame-000266.color.png 0.999986 -0.00521291 -0.00046203 0.00902435 0.00521222 0.999985 -0.00150252 -0.0022679 0.000469852 0.00150002 0.999999 0.00171551 0.0 0.0 0.0 1.0
fire/seq-01/color/frame-000266.color.png fire/seq-01/color/frame-000268.color.png 0.999986 -0.00404932 -0.00338749 0.0203106 0.00406518 0.999981 0.00468622 -0.0107783 0.00336846 -0.00469988 0.999983 0.00966527 0.0 0.0 0.0 1.0
fire/seq-01/color/frame-000268.color.png fire/seq-01/color/frame-000270.color.png 0.999911 0.000899503 -0.0133157 0.0365371 -0.000996174 0.999973 -0.00725502 0.00562441 0.0133088 0.00726766 0.999885 0.00610392 0.0 0.0 0.0 1.0
fire/seq-01/color/frame-000270.color.png fire/seq-01/color/frame-000272.color.png 0.999974 0.00719373 0.00064401 0.0139236 -0.0071938 0.999974 0.000112832 -0.0049831 -0.000643167 -0.000117451 1.0 0.00335896 0.0 0.0 0.0 1.0
fire/seq-01/color/frame-000272.color.png fire/seq-01/color/frame-000274.color.png 0.999967 0.00806621 0.00135039 0.0143221 -0.00806363 0.999966 -0.00190745 -0.0112251 -0.00136575 0.00189653 0.999997 0.0049668 0.0 0.0 0.0 1.0
fire/seq-01/color/frame-000274.color.png fire/seq-01/color/frame-000276.color.png 0.999982 0.000694577 -0.00587797 0.0126192 -0.000690908 1.0 0.000624909 -0.00380585 0.0058784 -0.000620919 0.999982 0.000763766 0.0 0.0 0.0 1.0
fire/seq-01/color/frame-000276.color.png fire/seq-01/color/frame-000278.color.png 0.999977 0.000445396 -0.00668304 0.021398 -0.000480813 0.999986 -0.00529755 -0.00218537 0.0066806 0.00530072 0.999964 0.0154207 0.0 0.0 0.0 1.0
fire/seq-01/color/frame-000278.color.png fire/seq-01/color/frame-000280.color.png 0.999998 0.001612 0.000791758 0.00645905 -0.00160595 0.99997 -0.00756768 0.000397593 -0.00080394 0.00756632 0.999971 -4.12464e-05 0.0 0.0 0.0 1.0
fire/seq-01/color/frame-000280.color.png fire/seq-01/color/frame-000282.color.png 0.999841 0.00153658 -0.0177598 0.0424476 -0.0015575 0.999998 -0.00116371 -0.00876555 0.017758 0.00119122 0.999842 0.0056436 0.0 0.0 0.0 1.0
fire/seq-01/color/frame-000282.color.png fire/seq-01/color/frame-000284.color.png 0.999943 0.00640299 -0.00859234 0.0218276 -0.00649739 0.999918 -0.0110045 -0.00248817 0.00852118 0.0110597 0.999903 0.00688184 0.0 0.0 0.0 1.0
fire/seq-01/color/frame-000284.color.png fire/seq-01/color/frame-000286.color.png 0.999959 0.00565915 -0.00710671 0.0132202 -0.00567817 0.99998 -0.00265722 -0.00224161 0.00709153 0.00269747 0.999971 0.0029797 0.0 0.0 0.0 1.0
fire/seq-01/color/frame-000286.color.png fire/seq-01/color/frame-000288.color.png 0.99984 0.00317148 -0.0175919 0.0269312 -0.00331721 0.99996 -0.0082614 -0.00372678 0.017565 0.00831841 0.999811 0.00772031 0.0 0.0 0.0 1.0
fire/seq-01/color/frame-000288.color.png fire/seq-01/color/frame-000290.color.png 0.999814 0.00951901 -0.0167732 0.0287103 -0.00970366 0.999893 -0.0109619 -0.00334957 0.0166671 0.0111226 0.999799 0.00658552 0.0 0.0 0.0 1.0
fire/seq-01/color/frame-000290.color.png fire/seq-01/color/frame-000292.color.png 0.999962 0.00366779 -0.00785904 0.0147644 -0.00370892 0.999979 -0.0052245 -0.00252238 0.00783971 0.00525343 0.999956 -0.00119631 0.0 0.0 0.0 1.0
fire/seq-01/color/frame-000292.color.png fire/seq-01/color/frame-000294.color.png 0.999808 0.00622208 -0.0186009 0.03155 -0.00620819 0.99998 0.000804295 -0.000374854 0.0186056 -0.000688643 0.999827 -0.010038 0.0 0.0 0.0 1.0
fire/seq-01/color/frame-000294.color.png fire/seq-01/color/frame-000296.color.png 0.999844 0.00116408 -0.0176248 0.0287303 -0.00110883 0.999995 0.00314374 -0.00465354 0.0176283 -0.00312368 0.99984 -0.00253104 0.0 0.0 0.0 1.0
fire/seq-01/color/frame-000296.color.png fire/seq-01/color/frame-000298.color.png 0.999941 0.00331822 -0.010293 0.0183488 -0.00329866 0.999993 0.00191678 -0.00226876 0.0102993 -0.00188274 0.999945 7.44984e-05 0.0 0.0 0.0 1.0
fire/seq-01/color/frame-000298.color.png fire/seq-01/color/frame-000300.color.png 0.999895 0.00784049 -0.0121545 0.0290329 -0.00791607 0.99995 -0.00618226 -0.00311521 0.0121054 0.00627786 0.999907 0.00243037 0.0 0.0 0.0 1.0
fire/seq-01/color/frame-000300.color.png fire/seq-01/color/frame-000302.color.png 0.999861 0.0125166 -0.0109934 0.0289397 -0.0125535 0.999916 -0.00329475 0.00249156 0.0109512 0.00343224 0.999934 -0.00375015 0.0 0.0 0.0 1.0
fire/seq-01/color/frame-000302.color.png fire/seq-01/color/frame-000304.color.png 0.999971 -0.000459187 -0.00763902 0.0181346 0.000506675 0.999981 0.00621542 -0.00547144 0.00763603 -0.00621908 0.999952 -0.00119506 0.0 0.0 0.0 1.0
fire/seq-01/color/frame-000304.color.png fire/seq-01/color/frame-000306.color.png 0.99978 -0.00064229 -0.0209725 0.0353186 0.000772867 0.99998 0.00621884 -0.00764376 0.0209681 -0.00623368 0.999761 -0.00133344 0.0 0.0 0.0 1.0
fire/seq-01/color/frame-000306.color.png fire/seq-01/color/frame-000308.color.png 0.999928 -0.00830373 -0.00866775 0.0175794 0.00831738 0.999964 0.00154075 -0.0110726 0.00865462 -0.00161272 0.999961 0.00214355 0.0 0.0 0.0 1.0
fire/seq-01/color/frame-000308.color.png fire/seq-01/color/frame-000310.color.png 0.999848 -0.0118155 -0.012857 0.0114988 0.0117727 0.999925 -0.00339452 -0.00508079 0.0128961 0.00324263 0.999911 -0.00255126 0.0 0.0 0.0 1.0
fire/seq-01/color/frame-000310.color.png fire/seq-01/color/frame-000312.color.png 0.999879 -0.00579528 -0.0144499 0.0170835 0.00578649 0.999983 -0.000650866 -0.00268075 0.0144534 0.000567175 0.999895 0.000176385 0.0 0.0 0.0 1.0
fire/seq-01/color/frame-000312.color.png fire/seq-01/color/frame-000314.color.png 0.999988 -0.00223712 -0.0044289 0.00507548 0.00222672 0.999995 -0.00235082 -0.00108436 0.00443416 0.00234091 0.999987 -0.00267936 0.0 0.0 0.0 1.0
fire/seq-01/color/frame-000314.color.png fire/seq-01/color/frame-000316.color.png 0.999922 0.000741407 -0.0124304 0.0198969 -0.00071855 0.999998 0.00184236 -0.000374317 0.0124318 -0.00183326 0.999921 -0.00357081 0.0 0.0 0.0 1.0
fire/seq-01/color/frame-000316.color.png fire/seq-01/color/frame-000318.color.png 0.999738 0.000451979 -0.0228669 0.0315086 -0.00049051 0.999998 -0.00167893 -0.00648037 0.0228661 0.0016897 0.999737 0.00412785 0.0 0.0 0.0 1.0
fire/seq-01/color/frame-000318.color.png fire/seq-01/color/frame-000320.color.png 0.999849 0.00560789 -0.0164671 0.0324973 -0.00568394 0.999973 -0.00457456 0.00556526 0.016441 0.00466749 0.999854 -0.000161573 0.0 0.0 0.0 1.0
fire/seq-01/color/frame-000320.color.png fire/seq-01/color/frame-000322.color.png 0.999931 -0.00544492 -0.0104431 0.0176353 0.00539789 0.999975 -0.00452648 -0.00212327 0.0104675 0.00446984 0.999935 0.000982046 0.0 0.0 0.0 1.0
fire/seq-01/color/frame-000322.color.png fire/seq-01/color/frame-000324.color.png 0.999985 0.00359124 -0.00405438 0.0177105 -0.00358138 0.999991 0.00243851 -0.00227529 0.00406313 -0.00242403 0.999989 0.00486715 0.0 0.0 0.0 1.0
fire/seq-01/color/frame-000324.color.png fire/seq-01/color/frame-000326.color.png 0.999955 -0.00209434 -0.0092578 0.0219138 0.00206912 0.999994 -0.00273442 -0.0014374 0.00926352 0.00271514 0.999953 0.007311 0.0 0.0 0.0 1.0
fire/seq-01/color/frame-000326.color.png fire/seq-01/color/frame-000328.color.png 0.99993 0.00433459 -0.0110338 0.0249981 -0.00437541 0.999984 -0.00367788 -0.00405666 0.0110177 0.0037259 0.999932 0.00710063 0.0 0.0 0.0 1.0
fire/seq-01/color/frame-000328.color.png fire/seq-01/color/frame-000330.color.png 0.999969 0.00271491 -0.00741352 0.0125916 -0.00274761 0.999986 -0.0044024 0.00109318 0.00740138 0.00442264 0.999963 0.000597045 0.0 0.0 0.0 1.0
fire/seq-01/color/frame-000330.color.png fire/seq-01/color/frame-000332.color.png 0.999812 0.0100143 -0.0166348 0.0354058 -0.0101756 0.999902 -0.00963688 0.00517088 0.0165368 0.00980433 0.999815 0.00632158 0.0 0.0 0.0 1.0
fire/seq-01/color/frame-000332.color.png fire/seq-01/color/frame-000334.color.png 0.999946 0.00516652 -0.00906369 0.0154022 -0.00510692 0.999965 0.00658685 -0.00726587 0.00909734 -0.0065402 0.999937 -0.00512542 0.0 0.0 0.0 1.0
fire/seq-01/color/frame-000334.color.png fire/seq-01/color/frame-000336.color.png 0.999572 0.012358 -0.0265315 0.0362986 -0.0125235 0.999903 -0.00608091 0.00624877 0.0264538 0.00641055 0.999629 -0.00271168 0.0 0.0 0.0 1.0
fire/seq-01/color/frame-000336.color.png fire/seq-01/color/frame-000338.color.png 0.999834 0.0146404 -0.0108066 0.0167029 -0.01464 0.999893 0.000112439 0.00207442 0.010807 4.58119e-05 0.999942 -0.00121167 0.0 0.0 0.0 1.0
fire/seq-01/color/frame-000338.color.png fire/seq-01/color/frame-000340.color.png 0.999312 0.0247627 -0.0275962 0.0362926 -0.0247983 0.999692 -0.000946474 0.0105175 0.0275643 0.0016301 0.999619 -0.0112739 0.0 0.0 0.0 1.0
fire/seq-01/color/frame-000340.color.png fire/seq-01/color/frame-000342.color.png 0.999521 0.0157373 -0.0266281 0.0315658 -0.0156128 0.999866 0.00487422 -0.00854909 0.0267013 -0.00445615 0.999633 -0.0167685 0.0 0.0 0.0 1.0
fire/seq-01/color/frame-000342.color.png fire/seq-01/color/frame-000344.color.png 0.999256 0.0242278 -0.0299932 0.0280004 -0.0242905 0.999703 -0.00172936 0.0192567 0.0299424 0.00245661 0.999549 -0.0124703 0.0 0.0 0.0 1.0
fire/seq-01/color/frame-000344.color.png fire/seq-01/color/frame-000346.color.png 0.999135 0.0127874 -0.0395668 0.0433801 -0.0126404 0.999912 0.00396557 -0.00292015 0.0396139 -0.00346195 0.999209 -0.016375 0.0 0.0 0.0 1.0
fire/seq-01/color/frame-000346.color.png fire/seq-01/color/frame-000348.color.png 0.999418 0.024054 -0.0241991 0.0238578 -0.0241642 0.999699 -0.00427427 0.0106158 0.024089 0.00485649 0.999698 -0.0174888 0.0 0.0 0.0 1.0
fire/seq-01/color/frame-000348.color.png fire/seq-01/color/frame-000350.color.png 0.999243 0.0309406 -0.0235706 0.0316641 -0.0310974 0.999496 -0.00631325 0.0171562 0.0233633 0.00704149 0.999702 -0.0150338 0.0 0.0 0.0 1.0
fire/seq-01/color/frame-000350.color.png fire/seq-01/color/frame-000352.color.png 0.999054 0.034674 -0.0262437 0.0341909 -0.0348745 0.999366 -0.007223 0.0214009 0.0259767 0.00813143 0.999629 -0.0136828 0.0 0.0 0.0 1.0
fire/seq-01/color/frame-000352.color.png fire/seq-01/color/frame-000354.color.png 0.999084 0.0339004 -0.0260976 0.031906 -0.034065 0.999402 -0.00588586 0.0207882 0.0258824 0.00676953 0.999642 -0.0131911 0.0 0.0 0.0 1.0
fire/seq-01/color/frame-000354.color.png fire/seq-01/color/frame-000356.color.png 0.998932 0.0320614 -0.0332653 0.0431747 -0.0323253 0.99945 -0.00742843 0.022539 0.0330088 0.00849579 0.999419 -0.0221633 0.0 0.0 0.0 1.0
