heads/seq-01/color/frame-000000.color.png heads/seq-01/color/frame-000001.color.png 0.999997 -0.00228976 -0.000636144 -0.000123826 0.00228999 0.999997 0.000355092 0.000977333 0.000635329 -0.000356547 1.0 0.00045583 0.0 0.0 0.0 1.0
heads/seq-01/color/frame-000001.color.png heads/seq-01/color/frame-000002.color.png 0.999992 -0.00381295 0.000726294 -0.0016791 0.00381045 0.999987 0.00340535 -0.000743353 -0.000739269 -0.00340255 0.999994 0.000437889 0.0 0.0 0.0 1.0
heads/seq-01/color/frame-000002.color.png heads/seq-01/color/frame-000003.color.png 0.999994 -0.00323029 -0.0013242 -0.000763173 0.00323429 0.99999 0.00302724 0.000263257 0.00131441 -0.0030315 0.999994 0.00111864 0.0 0.0 0.0 1.0
heads/seq-01/color/frame-000003.color.png heads/seq-01/color/frame-000004.color.png 1.0 5.23301e-05 -0.000947046 -5.50419e-05 -4.99111e-05 0.999997 0.00255313 0.000635593 0.000947176 -0.00255308 0.999996 0.00234483 0.0 0.0 0.0 1.0
heads/seq-01/color/frame-000004.color.png heads/seq-01/color/frame-000005.color.png 0.999998 -0.00148069 0.00131619 -0.000177853 0.00147709 0.999995 0.0027335 -1.9689e-05 -0.00132023 -0.00273155 0.999995 0.00292249 0.0 0.0 0.0 1.0
heads/seq-01/color/frame-000005.color.png heads/seq-01/color/frame-000006.color.png 0.999987 -0.00238835 0.00459819 -0.00332142 0.00236791 0.999987 0.00444348 -0.00182579 -0.00460874 -0.00443253 0.99998 0.00231807 0.0 0.0 0.0 1.0
heads/seq-01/color/frame-000006.color.png heads/seq-01/color/frame-000007.color.png 0.999992 -0.00388451 -0.000124588 -0.00166926 0.00388494 0.999985 0.00374847 -0.00215878 0.000110025 -0.00374892 0.999993 0.00385892 0.0 0.0 0.0 1.0
heads/seq-01/color/frame-000007.color.png heads/seq-01/color/frame-000008.color.png 0.999981 -0.00622435 0.000375248 -0.00384888 0.00622359 0.999979 0.00200124 -0.00141773 -0.000387697 -0.00199887 0.999998 0.00301591 0.0 0.0 0.0 1.0
heads/seq-01/color/frame-000008.color.png heads/seq-01/color/frame-000009.color.png 0.999978 -0.00663113 -0.00101667 -0.00131654 0.00663117 0.999978 3.64228e-05 -0.00163474 0.00101641 -4.31691e-05 0.999999 0.00554742 0.0 0.0 0.0 1.0
heads/seq-01/color/frame-000009.color.png heads/seq-01/color/frame-000010.color.png 0.99999 -0.00402397 0.00213316 -0.00100327 0.00403363 0.999981 -0.00454742 0.000599475 -0.00211482 0.00455598 0.999987 0.00363015 0.0 0.0 0.0 1.0
heads/seq-01/color/frame-000010.color.png heads/seq-01/color/frame-000011.color.png 0.999965 -0.00471239 0.00687099 -0.00293935 0.00472485 0.999987 -0.00179639 -0.000100533 -0.00686243 0.00182879 0.999975 0.00514608 0.0 0.0 0.0 1.0
heads/seq-01/color/frame-000011.color.png heads/seq-01/color/frame-000012.color.png 0.999949 -0.0055457 0.0084902 -0.00515 0.00549497 0.999967 0.00598749 -0.00507744 -0.00852313 -0.00594053 0.999946 0.00470863 0.0 0.0 0.0 1.0
heads/seq-01/color/frame-000012.color.png heads/seq-01/color/frame-000013.color.png 0.999981 -0.00459822 0.00402696 -0.00442671 0.00458839 0.999987 0.00244539 -0.00626645 -0.00403815 -0.00242687 0.999989 0.00662972 0.0 0.0 0.0 1.0
heads/seq-01/color/frame-000013.color.png heads/seq-01/color/frame-000014.color.png 0.999982 -0.00396493 0.00457717 -0.00444866 0.0039893 0.999978 -0.00532965 -0.000413895 -0.00455593 0.0053478 0.999975 0.00535625 0.0 0.0 0.0 1.0
heads/seq-01/color/frame-000014.color.png heads/seq-01/color/frame-000015.color.png 0.999997 -0.000429625 0.00226042 -0.00166786 0.000426285 0.999999 0.00147725 -0.00147766 -0.00226105 -0.00147628 0.999996 -0.000410933 0.0 0.0 0.0 1.0
heads/seq-01/color/frame-000015.color.png heads/seq-01/color/frame-000016.color.png 0.999982 -0.00282216 0.00534517 -0.00380483 0.00283839 0.999991 -0.00303155 -0.000312807 -0.00533656 0.00304666 0.999981 0.00594904 0.0 0.0 0.0 1.0
heads/seq-01/color/frame-000016.color.png heads/seq-01/color/frame-000017.color.png 0.999939 -0.00628256 0.00904539 -0.00569212 0.00626793 0.999979 0.00164366 -0.00405177 -0.00905553 -0.00158687 0.999958 0.00753612 0.0 0.0 0.0 1.0
heads/seq-01/color/frame-000017.color.png heads/seq-01/color/frame-000018.color.png 0.999925 -0.00790704 0.00938 -0.00608112 0.00790403 0.999969 0.00036104 -0.00341991 -0.00938258 -0.000286871 0.999956 0.00624018 0.0 0.0 0.0 1.0
heads/seq-01/color/frame-000018.color.png heads/seq-01/color/frame-000019.color.png 0.999957 -0.00602031 0.00705322 -0.00721317 0.00602514 0.999982 -0.000666332 -0.00250047 -0.00704907 0.000708799 0.999975 0.00814848 0.0 0.0 0.0 1.0
heads/seq-01/color/frame-000019.color.png heads/seq-01/color/frame-000020.color.png 0.999921 -0.012462 0.00154773 -0.00493667 0.0124625 0.999922 -0.000303394 -0.00246333 -0.00154382 0.000322659 0.999999 0.00866401 0.0 0.0 0.0 1.0
heads/seq-01/color/frame-000020.color.png heads/seq-01/color/frame-000021.color.png 1.0 0.000343402 0.000897125 -0.000732932 -0.000343682 1.0 0.000292361 -0.000227872 -0.000897016 -0.000292665 1.0 -0.000305139 0.0 0.0 0.0 1.0
heads/seq-01/color/frame-000021.color.png heads/seq-01/color/frame-000022.color.png 0.999979 -0.00582891 0.002667 -0.00582052 0.00583414 0.999981 -0.00195317 0.00120123 -0.00265556 0.00196869 0.999995 0.00764223 0.0 0.0 0.0 1.0
heads/seq-01/color/frame-000022.color.png heads/seq-01/color/frame-000023.color.png 0.999979 -0.00329114 0.00553012 -0.00712635 0.00327922 0.999992 0.00216108 -0.000744667 -0.00553721 -0.00214291 0.999982 0.00776345 0.0 0.0 0.0 1.0
heads/seq-01/color/frame-000023.color.png heads/seq-01/color/frame-000024.color.png 0.999972 -0.00220633 0.00718616 -0.00645595 0.00218632 0.999994 0.00279017 -0.00126022 -0.00719224 -0.00277437 0.99997 0.00585816 0.0 0.0 0.0 1.0
heads/seq-01/color/frame-000024.color.png heads/seq-01/color/frame-000025.color.png 0.99996 -0.00101531 0.00891905 -0.00779168 0.000948459 0.999972 0.00749521 -0.0034031 -0.00892642 -0.00748646 0.999932 0.00476665 0.0 0.0 0.0 1.0
heads/seq-01/color/frame-000025.color.png heads/seq-01/color/frame-000026.color.png 0.99996 -0.00288743 0.00852719 -0.00747858 0.00279526 0.999938 0.0108008 -0.00583069 -0.00855783 -0.0107766 0.999905 0.00774269 0.0 0.0 0.0 1.0
heads/seq-01/color/frame-000026.color.png heads/seq-01/color/frame-000027.color.png 0.999998 -0.00128739 0.00117461 -0.000944428 0.00128482 0.999997 0.00218739 -0.00180066 -0.00117744 -0.00218588 0.999997 -0.000919767 0.0 0.0 0.0 1.0
heads/seq-01/color/frame-000027.color.png heads/seq-01/color/frame-000028.color.png 0.999965 -0.00194134 0.0080978 -0.00813221 0.00192883 0.999997 0.00155425 -0.00027455 -0.00810077 -0.00153857 0.999966 0.00852523 0.0 0.0 0.0 1.0
heads/seq-01/color/frame-000028.color.png heads/seq-01/color/frame-000029.color.png 0.999979 -0.00643712 0.00027622 -0.00451966 0.00643572 0.999968 0.00478379 -0.00404734 -0.000307013 -0.00478191 0.999989 0.00591528 0.0 0.0 0.0 1.0
heads/seq-01/color/frame-000029.color.png heads/seq-01/color/frame-000030.color.png 0.999972 -0.00726114 0.00193988 -0.00659413 0.00725846 0.999973 0.00136357 -0.00104198 -0.0019497 -0.00134945 0.999997 0.00645417 0.0 0.0 0.0 1.0
heads/seq-01/color/frame-000030.color.png heads/seq-01/color/frame-000031.color.png 0.999998 -0.000458586 0.0018106 -0.00165206 0.000456822 0.999999 0.000992441 -0.000864629 -0.00181107 -0.000991613 0.999998 -7.45654e-05 0.0 0.0 0.0 1.0
heads/seq-01/color/frame-000031.color.png heads/seq-01/color/frame-000032.color.png 0.999968 -0.00756027 0.00242102 -0.00695617 0.00755842 0.999971 0.000771673 0.000965547 -0.00242676 -0.000753352 0.999997 0.0090231 0.0 0.0 0.0 1.0
heads/seq-01/color/frame-000032.color.png heads/seq-01/color/frame-000033.color.png 0.999981 -0.00509808 0.0034554 -0.0062987 0.00508695 0.999982 0.00322046 -0.000459939 -0.00347177 -0.00320283 0.999989 0.00740455 0.0 0.0 0.0 1.0
heads/seq-01/color/frame-000033.color.png heads/seq-01/color/frame-000034.color.png 0.999987 -0.0045558 0.00212924 -0.00369564 0.00455118 0.999987 0.00215944 0.00117724 -0.00213904 -0.00214972 0.999995 0.00788952 0.0 0.0 0.0 1.0
heads/seq-01/color/frame-000034.color.png heads/seq-01/color/frame-000035.color.png 0.999952 -0.00226627 0.00949076 -0.0092546 0.0021843 0.99996 0.00863627 -0.00389329 -0.00950996 -0.00861513 0.999918 0.00720696 0.0 0.0 0.0 1.0
heads/seq-01/color/frame-000035.color.png heads/seq-01/color/frame-000036.color.png 1.0 6.8568e-05 -0.000159711 0.000118479 -6.84922e-05 1.0 0.000397735 -0.000328917 0.000159729 -0.000397718 1.0 -2.08616e-05 0.0 0.0 0.0 1.0
heads/seq-01/color/frame-000036.color.png heads/seq-01/color/frame-000037.color.png 0.999959 0.00325257 0.00842002 -0.00768274 -0.00331682 0.999965 0.00762737 -0.00533136 -0.00839493 -0.00765499 0.999936 0.00655241 0.0 0.0 0.0 1.0
heads/seq-01/color/frame-000037.color.png heads/seq-01/color/frame-000038.color.png 0.999966 -0.00482023 0.00665648 -0.00637634 0.00479525 0.999981 0.00375975 -0.00299224 -0.00667447 -0.00372772 0.999971 0.00621979 0.0 0.0 0.0 1.0
heads/seq-01/color/frame-000038.color.png heads/seq-01/color/frame-000039.color.png 0.999951 -0.00761732 0.00638569 -0.00800796 0.00759213 0.999963 0.00396497 -0.00482175 -0.00641567 -0.0039163 0.999972 0.00856553 0.0 0.0 0.0 1.0
heads/seq-01/color/frame-000039.color.png heads/seq-01/color/frame-000040.color.png 1.0 -6.60588e-05 -1.66309e-05 -6.16908e-06 6.60258e-05 1.0 0.000172499 -0.000111133 1.66293e-05 -0.000172489 1.0 -2.01017e-05 0.0 0.0 0.0 1.0
heads/seq-01/color/frame-000040.color.png heads/seq-01/color/frame-000041.color.png 0.999997 0.000865627 0.00233333 -0.0075897 -0.000857286 0.999993 -0.00355357 -0.00236538 -0.00233636 0.00355156 0.999991 0.00661243 0.0 0.0 0.0 1.0
heads/seq-01/color/frame-000041.color.png heads/seq-01/color/frame-000042.color.png 0.999991 -0.00250923 0.00331148 -0.00381149 0.00254065 0.999951 -0.00952676 0.00432277 -0.00328744 0.0095351 0.999949 0.00608419 0.0 0.0 0.0 1.0
heads/seq-01/color/frame-000042.color.png heads/seq-01/color/frame-000043.color.png 0.999915 -0.00826572 0.010055 -0.00706923 0.00828529 0.999964 -0.00190461 -0.00116526 -0.0100389 0.00198773 0.999947 0.00497244 0.0 0.0 0.0 1.0
heads/seq-01/color/frame-000043.color.png heads/seq-01/color/frame-000044.color.png 0.999999 0.000462929 0.00123567 -0.00103422 -0.000463619 1.0 0.000568177 -0.000418589 -0.00123537 -0.000568709 0.999999 0.000136346 0.0 0.0 0.0 1.0
heads/seq-01/color/frame-000044.color.png heads/seq-01/color/frame-000045.color.png 0.999925 -0.00193686 0.0120976 -0.00899756 0.00188616 0.999989 0.00419919 -0.00597708 -0.0121056 -0.00417607 0.999918 0.00533336 0.0 0.0 0.0 1.0
heads/seq-01/color/frame-000045.color.png heads/seq-01/color/frame-000046.color.png 0.99993 0.000594202 0.011829 -0.00662404 -0.000566447 0.999997 -0.00235049 -0.00336446 -0.0118304 0.00234364 0.999927 0.00841847 0.0 0.0 0.0 1.0
heads/seq-01/color/frame-000046.color.png heads/seq-01/color/frame-000047.color.png 0.999908 -0.00498725 0.01259 -0.00770733 0.00509 0.999954 -0.00814451 0.00030569 -0.0125488 0.00820784 0.999887 0.00414863 0.0 0.0 0.0 1.0
heads/seq-01/color/frame-000047.color.png heads/seq-01/color/frame-000048.color.png 1.0 -7.831e-05 0.000431562 -0.000269994 7.82418e-05 1.0 0.000218237 -0.000217795 -0.000431618 -0.000218198 1.0 -0.000349075 0.0 0.0 0.0 1.0
heads/seq-01/color/frame-000048.color.png heads/seq-01/color/frame-000049.color.png 0.999926 -0.00425778 0.0114176 -0.00821222 0.00431217 0.999979 -0.00474537 -0.00332656 -0.0113972 0.00479424 0.999924 0.00325637 0.0 0.0 0.0 1.0
heads/seq-01/color/frame-000049.color.png heads/seq-01/color/frame-000050.color.png 0.99991 -0.00831871 0.0105388 -0.00717644 0.00846841 0.999863 -0.0142381 0.0045165 -0.0104189 0.014326 0.999843 0.00283849 0.0 0.0 0.0 1.0
heads/seq-01/color/frame-000050.color.png heads/seq-01/color/frame-000051.color.png 0.999904 -0.011156 0.00818687 -0.00508964 0.0112271 0.999899 -0.00869649 0.000753574 -0.00808902 0.00878757 0.999929 0.00288352 0.0 0.0 0.0 1.0
heads/seq-01/color/frame-000051.color.png heads/seq-01/color/frame-000052.color.png 1.0 0.000585608 0.000931719 -0.000733078 -0.000584428 0.999999 -0.00123841 0.0010073 -0.00093247 0.00123787 0.999999 -1.87755e-06 0.0 0.0 0.0 1.0
heads/seq-01/color/frame-000052.color.png heads/seq-01/color/frame-000053.color.png 0.999948 -0.00753434 0.00689254 -0.0042647 0.00758332 0.999946 -0.00711734 -0.00243375 -0.00683851 0.00716924 0.999951 0.00305629 0.0 0.0 0.0 1.0
heads/seq-01/color/frame-000053.color.png heads/seq-01/color/frame-000054.color.png 0.999929 -0.00075619 0.0119104 -0.00692546 0.000947811 0.99987 -0.0160875 0.00437775 -0.0118967 0.0160976 0.9998 0.00121194 0.0 0.0 0.0 1.0
heads/seq-01/color/frame-000054.color.png heads/seq-01/color/frame-000055.color.png 0.999913 -0.00436274 0.0124245 -0.00604023 0.00456772 0.999853 -0.0165206 0.00594245 -0.0123505 0.0165759 0.999786 0.000417143 0.0 0.0 0.0 1.0
heads/seq-01/color/frame-000055.color.png heads/seq-01/color/frame-000056.color.png 1.0 -0.000207194 0.000671606 -0.000670299 0.000206875 1.0 0.00052075 -0.000508808 -0.000671731 -0.000520603 1.0 0.000136226 0.0 0.0 0.0 1.0
heads/seq-01/color/frame-000056.color.png heads/seq-01/color/frame-000057.color.png 0.999886 -0.00511509 0.0141841 -0.0057746 0.00527007 0.999926 -0.0109101 0.00174694 -0.0141272 0.0109836 0.99984 -0.000418574 0.0 0.0 0.0 1.0
heads/seq-01/color/frame-000057.color.png heads/seq-01/color/frame-000058.color.png 0.999654 -0.0126206 0.0230918 -0.0133824 0.0127756 0.999897 -0.00657606 -0.00108235 -0.0230064 0.00686881 0.999712 -0.00123119 0.0 0.0 0.0 1.0
heads/seq-01/color/frame-000058.color.png heads/seq-01/color/frame-000059.color.png 0.999831 -0.00787188 0.0166361 -0.00880052 0.00801401 0.999932 -0.00849356 0.000797808 -0.0165682 0.00862543 0.999825 -0.000638008 0.0 0.0 0.0 1.0
heads/seq-01/color/frame-000059.color.png heads/seq-01/color/frame-000060.color.png 0.999999 -0.000365189 -0.00157592 0.00121072 0.000365057 1.0 -9.41278e-05 0.000219457 0.00157598 9.35576e-05 0.999999 -0.00105557 0.0 0.0 0.0 1.0
heads/seq-01/color/frame-000060.color.png heads/seq-01/color/frame-000061.color.png 0.999848 -0.00304713 0.0171498 -0.00773488 0.0032377 0.999933 -0.0110964 0.00402509 -0.0171148 0.0111502 0.999791 -0.00370777 0.0 0.0 0.0 1.0
heads/seq-01/color/frame-000061.color.png heads/seq-01/color/frame-000062.color.png 0.999776 -0.01267 0.0169446 -0.00717598 0.0127824 0.999897 -0.00653773 0.00059925 -0.0168601 0.00675285 0.999835 -0.00201666 0.0 0.0 0.0 1.0
heads/seq-01/color/frame-000062.color.png heads/seq-01/color/frame-000063.color.png 0.999679 -0.0201878 0.0153301 -0.00685878 0.020345 0.999741 -0.0101677 0.0041405 -0.0151209 0.0104763 0.999831 -0.00179997 0.0 0.0 0.0 1.0
heads/seq-01/color/frame-000063.color.png heads/seq-01/color/frame-000064.color.png 1.0 -0.000306679 -0.000314385 0.000297651 0.000306684 1.0 5.03098e-05 -3.97861e-05 0.000314423 -5.04115e-05 1.0 0.000111043 0.0 0.0 0.0 1.0
heads/seq-01/color/frame-000064.color.png heads/seq-01/color/frame-000065.color.png 0.999708 -0.0132064 0.020229 -0.0101082 0.0133106 0.999899 -0.00502565 -0.0013387 -0.0201606 0.00529343 0.999783 -0.00191021 0.0 0.0 0.0 1.0
heads/seq-01/color/frame-000065.color.png heads/seq-01/color/frame-000066.color.png 0.999724 -0.015032 0.0180461 -0.00729527 0.0152314 0.999824 -0.0109641 0.00352041 -0.0178782 0.011236 0.999777 -0.00326172 0.0 0.0 0.0 1.0
heads/seq-01/color/frame-000066.color.png heads/seq-01/color/frame-000067.color.png 0.999726 -0.0180919 0.0148476 -0.00560822 0.0182462 0.99978 -0.0103301 0.00368783 -0.0146573 0.0105981 0.999836 -0.00384939 0.0 0.0 0.0 1.0
heads/seq-01/color/frame-000067.color.png heads/seq-01/color/frame-000068.color.png 1.0 8.24162e-05 0.000418063 -0.000402346 -8.2578e-05 1.0 0.000487842 -0.000410751 -0.000418095 -0.000487867 1.0 -2.92659e-05 0.0 0.0 0.0 1.0
heads/seq-01/color/frame-000068.color.png heads/seq-01/color/frame-000069.color.png 0.999816 -0.00876127 0.0170447 -0.00634234 0.00885485 0.999946 -0.00542204 -0.000218302 -0.0169962 0.00557195 0.99984 -0.0050492 0.0 0.0 0.0 1.0
heads/seq-01/color/frame-000069.color.png heads/seq-01/color/frame-000070.color.png 0.999675 -0.0110353 0.0229866 -0.00899696 0.0111131 0.999933 -0.00326117 -0.000851125 -0.0229492 0.00351558 0.99973 -0.00675562 0.0 0.0 0.0 1.0
heads/seq-01/color/frame-000070.color.png heads/seq-01/color/frame-000071.color.png 0.999693 -0.015543 0.0192808 -0.00626956 0.01557 0.999878 -0.00124741 -0.00095582 -0.019259 0.00154722 0.999813 -0.00702941 0.0 0.0 0.0 1.0
heads/seq-01/color/frame-000071.color.png heads/seq-01/color/frame-000072.color.png 0.999743 -0.0129223 0.018648 -0.00547408 0.0130877 0.999876 -0.00877512 0.0053826 -0.0185322 0.00901691 0.999788 -0.00575027 0.0 0.0 0.0 1.0
heads/seq-01/color/frame-000072.color.png heads/seq-01/color/frame-000073.color.png 0.999996 -0.00234002 -0.0016719 0.00148192 0.00233997 0.999997 1.6667e-05 0.000250027 0.00167181 -2.05531e-05 0.999999 0.000631154 0.0 0.0 0.0 1.0
heads/seq-01/color/frame-000073.color.png heads/seq-01/color/frame-000074.color.png 0.999753 -0.0172542 0.0139873 -0.00233181 0.017246 0.999851 0.00070747 -0.00131015 -0.0139974 -0.000466078 0.999902 -0.00921461 0.0 0.0 0.0 1.0
heads/seq-01/color/frame-000074.color.png heads/seq-01/color/frame-000075.color.png 0.999583 -0.023302 0.0170696 -0.00618541 0.0233623 0.999721 -0.00333976 0.00155523 -0.0169871 0.00373717 0.999849 -0.00445376 0.0 0.0 0.0 1.0
heads/seq-01/color/frame-000075.color.png heads/seq-01/color/frame-000076.color.png 0.99966 -0.0236349 0.0109706 -0.00145091 0.0237378 0.999675 -0.00934574 0.00738223 -0.0107461 0.00960295 0.999896 -0.00456817 0.0 0.0 0.0 1.0
heads/seq-01/color/frame-000076.color.png heads/seq-01/color/frame-000077.color.png 1.0 -7.47048e-05 -4.6223e-05 -1.1757e-05 7.47409e-05 1.0 -0.000199308 0.000221953 4.62204e-05 0.000199271 1.0 -0.000559822 0.0 0.0 0.0 1.0
heads/seq-01/color/frame-000077.color.png heads/seq-01/color/frame-000078.color.png 0.999272 -0.035828 0.0131455 -0.0044094 0.0358277 0.999358 0.000255655 0.00141828 -0.0131463 0.000215521 0.999914 -0.0054215 0.0 0.0 0.0 1.0
heads/seq-01/color/frame-000078.color.png heads/seq-01/color/frame-000079.color.png 0.999308 -0.0360629 0.00912727 -0.00234747 0.0361567 0.999293 -0.010326 0.00957251 -0.00874843 0.0106488 0.999905 -0.00149779 0.0 0.0 0.0 1.0
heads/seq-01/color/frame-000079.color.png heads/seq-01/color/frame-000080.color.png 0.999547 -0.0298519 0.00390968 0.0021266 0.0298764 0.999534 -0.00631919 0.00536679 -0.0037191 0.00643314 0.999972 -0.00149125 0.0 0.0 0.0 1.0
heads/seq-01/color/frame-000080.color.png heads/seq-01/color/frame-000081.color.png 0.99967 -0.025219 0.00499135 0.00262584 0.0252568 0.999651 -0.00772894 0.0096243 -0.00479473 0.0078525 0.999958 -0.00272129 0.0 0.0 0.0 1.0
heads/seq-01/color/frame-000081.color.png heads/seq-01/color/frame-000082.color.png 0.999999 -0.00117464 -0.00084521 0.000447989 0.00117477 0.999999 8.25061e-05 -0.000150532 0.00084513 -8.35125e-05 1.0 -0.000859246 0.0 0.0 0.0 1.0
heads/seq-01/color/frame-000082.color.png heads/seq-01/color/frame-000083.color.png 0.999343 -0.033236 0.0144546 -0.00299704 0.0332396 0.999447 1.38074e-06 0.00516394 -0.0144467 0.00047911 0.999895 -0.000930563 0.0 0.0 0.0 1.0
heads/seq-01/color/frame-000083.color.png heads/seq-01/color/frame-000084.color.png 0.999651 -0.0255909 0.00662714 0.00181495 0.0256207 0.999662 -0.00446099 0.00643432 -0.00651075 0.00462916 0.999968 -0.00216699 0.0 0.0 0.0 1.0
heads/seq-01/color/frame-000084.color.png heads/seq-01/color/frame-000085.color.png 0.999703 -0.0228243 0.00856295 0.000779837 0.0228704 0.999724 -0.00532294 0.00563003 -0.00843914 0.00551719 0.999949 -0.00188921 0.0 0.0 0.0 1.0
heads/seq-01/color/frame-000085.color.png heads/seq-01/color/frame-000086.color.png 1.0 2.03736e-05 -0.000179788 0.000120834 -2.04478e-05 1.0 3.18852e-05 -1.26958e-05 0.000179766 -3.19111e-05 1.0 -3.44366e-05 0.0 0.0 0.0 1.0
heads/seq-01/color/frame-000086.color.png heads/seq-01/color/frame-000087.color.png 0.999726 -0.0220701 0.0078126 0.00236674 0.0220749 0.999756 -0.000532057 0.00174077 -0.00779885 0.000704373 0.999969 -0.00100799 0.0 0.0 0.0 1.0
heads/seq-01/color/frame-000087.color.png heads/seq-01/color/frame-000088.color.png 0.999877 -0.0145343 0.00589689 0.00283949 0.0145342 0.999894 8.09651e-05 0.00289044 -0.0058975 4.74532e-06 0.999983 0.000137106 0.0 0.0 0.0 1.0
heads/seq-01/color/frame-000088.color.png heads/seq-01/color/frame-000089.color.png 0.999912 -0.0122846 0.0050412 0.00152373 0.0122881 0.999924 -0.000684969 0.00232905 -0.00503231 0.000746908 0.999987 -0.00107418 0.0 0.0 0.0 1.0
heads/seq-01/color/frame-000089.color.png heads/seq-01/color/frame-000090.color.png 1.0 -0.00035335 0.000129676 0.000288397 0.000353393 1.0 -0.000133706 8.5637e-05 -0.000129733 0.000133752 1.0 0.000176936 0.0 0.0 0.0 1.0
heads/seq-01/color/frame-000090.color.png heads/seq-01/color/frame-000091.color.png 0.999961 -0.00866154 -0.00143097 0.00756089 0.00866431 0.99996 0.00198985 0.000769332 0.00141383 -0.00200212 0.999997 0.000207126 0.0 0.0 0.0 1.0
heads/seq-01/color/frame-000091.color.png heads/seq-01/color/frame-000092.color.png 0.999937 -0.0107899 -0.00295372 0.00685715 0.0108084 0.999921 0.00639591 -0.00199068 0.00288434 -0.0064275 0.999975 -0.00173472 0.0 0.0 0.0 1.0
heads/seq-01/color/frame-000092.color.png heads/seq-01/color/frame-000093.color.png 0.999957 -0.00814692 0.00443005 0.00445156 0.00814017 0.999966 0.0015555 0.00222901 -0.00444253 -0.00151933 0.999989 0.00152776 0.0 0.0 0.0 1.0
heads/seq-01/color/frame-000093.color.png heads/seq-01/color/frame-000094.color.png 0.999904 -0.0128498 0.00511568 0.00345743 0.0128662 0.999912 -0.00315867 0.00430848 -0.00507454 0.0032242 0.999982 0.000934735 0.0 0.0 0.0 1.0
heads/seq-01/color/frame-000094.color.png heads/seq-01/color/frame-000095.color.png 1.0 9.85501e-06 -8.03367e-06 -0.000302777 -9.91382e-06 1.0 0.000526621 -0.000504822 7.90457e-06 -0.000526704 1.0 -0.000182405 0.0 0.0 0.0 1.0
heads/seq-01/color/frame-000095.color.png heads/seq-01/color/frame-000096.color.png 0.999965 -0.00839305 -0.000508076 0.00487112 0.00839463 0.99996 0.00302605 0.00172944 0.000482661 -0.00303017 0.999995 0.000259042 0.0 0.0 0.0 1.0
heads/seq-01/color/frame-000096.color.png heads/seq-01/color/frame-000097.color.png 0.999965 -0.00838464 0.000660017 0.00555773 0.00837981 0.999941 0.00682863 -0.000444114 -0.000717256 -0.00682282 0.999976 -0.000218123 0.0 0.0 0.0 1.0
heads/seq-01/color/frame-000097.color.png heads/seq-01/color/frame-000098.color.png 0.999974 -0.00670212 0.0025346 0.00535444 0.00669097 0.999968 0.00444814 0.00178738 -0.00256431 -0.00443107 0.999987 9.35793e-05 0.0 0.0 0.0 1.0
heads/seq-01/color/frame-000098.color.png heads/seq-01/color/frame-000099.color.png 1.0 -8.47263e-05 -9.29865e-05 -7.36937e-05 8.46526e-05 1.0 0.00015821 -0.000114992 9.2989e-05 -0.000158256 1.0 -3.32147e-05 0.0 0.0 0.0 1.0
heads/seq-01/color/frame-000099.color.png heads/seq-01/color/frame-000100.color.png 0.999992 -0.00395551 0.00010891 0.00563569 0.00395461 0.999966 0.00728501 -0.000885278 -0.000137746 -0.0072845 0.999974 -0.00116929 0.0 0.0 0.0 1.0
heads/seq-01/color/frame-000100.color.png heads/seq-01/color/frame-000101.color.png 0.999999 0.00123927 0.000383103 0.00737173 -0.00124157 0.999982 0.00591576 0.00198014 -0.00037589 -0.00591631 0.999982 -0.00184682 0.0 0.0 0.0 1.0
heads/seq-01/color/frame-000101.color.png heads/seq-01/color/frame-000102.color.png 0.999983 0.00317361 0.00496616 0.00555637 -0.0031932 0.999987 0.00395543 0.00579807 -0.00495338 -0.00397114 0.99998 -0.00130913 0.0 0.0 0.0 1.0
heads/seq-01/color/frame-000102.color.png heads/seq-01/color/frame-000103.color.png 0.999984 0.00126731 0.00548521 0.00369845 -0.0013329 0.999928 0.0119516 -0.00158601 -0.00546965 -0.0119588 0.999914 -0.00261189 0.0 0.0 0.0 1.0
heads/seq-01/color/frame-000103.color.png heads/seq-01/color/frame-000104.color.png 0.999995 0.00137988 -0.00281773 0.00221294 -0.00138726 0.999996 -0.00261029 0.00204441 0.00281412 0.00261421 0.999993 -6.89477e-05 0.0 0.0 0.0 1.0
heads/seq-01/color/frame-000104.color.png heads/seq-01/color/frame-000105.color.png 0.999984 0.00196599 0.00530721 0.00284817 -0.00202623 0.999933 0.0113748 -0.00147834 -0.00528452 -0.0113853 0.999921 -0.00211346 0.0 0.0 0.0 1.0
heads/seq-01/color/frame-000105.color.png heads/seq-01/color/frame-000106.color.png 0.999993 0.00230928 0.00311838 0.00377605 -0.00233436 0.999965 0.00809959 -0.000325173 -0.00309951 -0.00810684 0.999962 -0.00181797 0.0 0.0 0.0 1.0
heads/seq-01/color/frame-000106.color.png heads/seq-01/color/frame-000107.color.png 0.999985 0.00546589 0.000733975 0.00508473 -0.00547157 0.999954 0.00789379 0.000235595 -0.000690681 -0.00789762 0.999969 -0.00281672 0.0 0.0 0.0 1.0
heads/seq-01/color/frame-000107.color.png heads/seq-01/color/frame-000108.color.png 0.999976 0.00569465 -0.00392315 0.00774062 -0.00568102 0.999978 0.00344377 0.00335269 0.00394255 -0.00342157 0.999986 -0.0043398 0.0 0.0 0.0 1.0
heads/seq-01/color/frame-000108.color.png heads/seq-01/color/frame-000109.color.png 1.0 0.000297226 0.000208402 0.000113167 -0.000297291 1.0 -1.28731e-05 0.000339299 -0.000208456 1.29015e-05 1.0 0.000348464 0.0 0.0 0.0 1.0
heads/seq-01/color/frame-000109.color.png heads/seq-01/color/frame-000110.color.png 0.999991 0.00424301 -0.00061468 0.00547851 -0.00423712 0.999948 0.00923497 -0.00286753 0.000653908 -0.00923226 0.999957 -0.00238548 0.0 0.0 0.0 1.0
heads/seq-01/color/frame-000110.color.png heads/seq-01/color/frame-000111.color.png 0.999833 0.0161291 -0.00864514 0.00960008 -0.0161404 0.999869 -0.00123407 0.00798266 0.00862401 0.00137339 0.999962 -0.00822319 0.0 0.0 0.0 1.0
heads/seq-01/color/frame-000111.color.png heads/seq-01/color/frame-000112.color.png 0.999967 0.00613274 0.00529755 0.00198267 -0.00618182 0.999938 0.00928262 0.00061845 -0.00524019 -0.00931503 0.999943 -0.00183649 0.0 0.0 0.0 1.0
heads/seq-01/color/frame-000112.color.png heads/seq-01/color/frame-000113.color.png 0.999998 0.0018138 0.000896367 -0.00152028 -0.00181044 0.999992 -0.00363708 0.00255159 -0.000903005 0.00363541 0.999993 -0.00220518 0.0 0.0 0.0 1.0
heads/seq-01/color/frame-000113.color.png heads/seq-01/color/frame-000114.color.png 0.999989 0.00416502 0.00208389 0.00155098 -0.00418092 0.999962 0.00762443 -0.00183675 -0.00205197 -0.00763299 0.999969 -0.00143276 0.0 0.0 0.0 1.0
heads/seq-01/color/frame-000114.color.png heads/seq-01/color/frame-000115.color.png 0.999812 0.0126295 -0.0147238 0.00791454 -0.0125075 0.999887 0.0083561 -0.00221451 0.0148276 -0.0081704 0.999857 -0.00722672 0.0 0.0 0.0 1.0
heads/seq-01/color/frame-000115.color.png heads/seq-01/color/frame-000116.color.png 0.999803 0.015977 -0.0117875 0.007804 -0.0159504 0.99987 0.00234506 0.00573947 0.0118235 -0.0021566 0.999928 -0.00426212 0.0 0.0 0.0 1.0
heads/seq-01/color/frame-000116.color.png heads/seq-01/color/frame-000117.color.png 1.0 0.000258824 -8.15264e-05 0.000205504 -0.000258927 1.0 -0.000551017 0.000510059 8.12703e-05 0.000551083 1.0 0.000130802 0.0 0.0 0.0 1.0
heads/seq-01/color/frame-000117.color.png heads/seq-01/color/frame-000118.color.png 0.99984 0.0116326 -0.0136238 0.0100877 -0.0115931 0.999928 0.00296922 0.00339956 0.0136573 -0.00281082 0.999903 -0.00746299 0.0 0.0 0.0 1.0
heads/seq-01/color/frame-000118.color.png heads/seq-01/color/frame-000119.color.png 0.99974 0.0183129 -0.0136171 0.0109517 -0.0181688 0.999778 0.0106291 0.000491999 0.0138087 -0.010379 0.999851 -0.0109836 0.0 0.0 0.0 1.0
heads/seq-01/color/frame-000119.color.png heads/seq-01/color/frame-000120.color.png 0.999887 0.0142161 0.00484985 0.00055077 -0.014253 0.999869 0.00766282 0.0004403 -0.00474026 -0.0077311 0.999959 -0.00568676 0.0 0.0 0.0 1.0
heads/seq-01/color/frame-000120.color.png heads/seq-01/color/frame-000121.color.png 0.999999 -0.0011683 -0.00105814 0.000667239 0.00116932 0.999999 0.000850375 -0.0008628 0.00105718 -0.000851541 0.999999 -0.000380784 0.0 0.0 0.0 1.0
heads/seq-01/color/frame-000121.color.png heads/seq-01/color/frame-000122.color.png 0.999925 0.0121788 -0.00129027 0.000118439 -0.0121693 0.9999 0.00723957 -0.00219972 0.00137831 -0.00722335 0.999973 -0.00815065 0.0 0.0 0.0 1.0
heads/seq-01/color/frame-000122.color.png heads/seq-01/color/frame-000123.color.png 0.999896 0.0129063 -0.00643636 0.00382254 -0.012908 0.999917 -0.000234516 0.00424875 0.00643287 0.000317555 0.999979 -0.00744663 0.0 0.0 0.0 1.0
heads/seq-01/color/frame-000123.color.png heads/seq-01/color/frame-000124.color.png 0.999844 0.0126627 -0.0122857 0.00529969 -0.0125472 0.999877 0.00944173 -0.000353143 0.0124037 -0.0092861 0.99988 -0.0095475 0.0 0.0 0.0 1.0
heads/seq-01/color/frame-000124.color.png heads/seq-01/color/frame-000125.color.png 1.0 -0.000172051 1.33144e-05 -7.14902e-05 0.00017201 1.0 0.000253984 -0.000272699 -1.33488e-05 -0.000253931 1.0 -2.00719e-05 0.0 0.0 0.0 1.0
heads/seq-01/color/frame-000125.color.png heads/seq-01/color/frame-000126.color.png 0.999815 0.0140858 -0.0130955 0.0065375 -0.0140162 0.999887 0.00538017 0.0028955 0.0131697 -0.00519566 0.9999 -0.00726986 0.0 0.0 0.0 1.0
heads/seq-01/color/frame-000126.color.png heads/seq-01/color/frame-000127.color.png 0.999933 0.00643309 -0.00957359 0.00388831 -0.00640543 0.999975 0.0029297 0.0026067 0.00959218 -0.00286822 0.99995 -0.00769553 0.0 0.0 0.0 1.0
heads/seq-01/color/frame-000127.color.png heads/seq-01/color/frame-000128.color.png 0.99997 -0.00152196 -0.00757702 0.00251454 0.00155796 0.999988 0.00474537 -0.00256011 0.00756982 -0.00475695 0.99996 -0.00447278 0.0 0.0 0.0 1.0
heads/seq-01/color/frame-000128.color.png heads/seq-01/color/frame-000129.color.png 1.0 -2.35772e-05 -7.64198e-05 5.34267e-05 2.36944e-05 1.0 -3.19589e-05 1.5229e-05 7.63325e-05 3.18747e-05 1.0 -4.91738e-06 0.0 0.0 0.0 1.0
heads/seq-01/color/frame-000129.color.png heads/seq-01/color/frame-000130.color.png 0.999887 0.00415048 -0.0144167 0.00279649 -0.00421251 0.999982 -0.00426016 0.000974759 0.0143986 0.00432042 0.999887 -0.011562 0.0 0.0 0.0 1.0
heads/seq-01/color/frame-000130.color.png heads/seq-01/color/frame-000131.color.png 0.999705 0.0138815 -0.01993 0.00706138 -0.0139617 0.999895 -0.00389367 0.00649244 0.019874 0.00417088 0.999794 -0.00928041 0.0 0.0 0.0 1.0
heads/seq-01/color/frame-000131.color.png heads/seq-01/color/frame-000132.color.png 0.9997 0.00774479 -0.0232476 0.0123745 -0.00764925 0.999962 0.00419291 0.00218108 0.0232792 -0.0040139 0.999721 -0.0139669 0.0 0.0 0.0 1.0
heads/seq-01/color/frame-000132.color.png heads/seq-01/color/frame-000133.color.png 0.999938 0.00737134 -0.00834047 0.00721841 -0.00734674 0.999969 0.0029827 0.00200351 0.00836216 -0.00292123 0.999961 -0.00984187 0.0 0.0 0.0 1.0
heads/seq-01/color/frame-000133.color.png heads/seq-01/color/frame-000134.color.png 1.0 -0.00012015 -0.000114412 9.83411e-05 0.000120194 1.0 4.43191e-05 -6.08489e-05 0.000114455 -4.43351e-05 1.0 -2.1331e-05 0.0 0.0 0.0 1.0
heads/seq-01/color/frame-000134.color.png heads/seq-01/color/frame-000135.color.png 0.999964 0.00804466 0.00281753 -0.00286083 -0.00806264 0.999947 0.00646793 -0.00122304 -0.00276527 -0.0064904 0.999975 -0.00449993 0.0 0.0 0.0 1.0
heads/seq-01/color/frame-000135.color.png heads/seq-01/color/frame-000136.color.png 0.999937 0.00503601 -0.0100662 0.00228708 -0.00503969 0.999987 -0.000313785 0.00178459 0.0100644 0.000364486 0.999949 -0.00464876 0.0 0.0 0.0 1.0
heads/seq-01/color/frame-000136.color.png heads/seq-01/color/frame-000137.color.png 0.999832 0.00219181 -0.0181877 0.0036162 -0.00232696 0.99997 -0.0074185 0.0043489 0.018171 0.00745957 0.999807 -0.0150274 0.0 0.0 0.0 1.0
heads/seq-01/color/frame-000137.color.png heads/seq-01/color/frame-000138.color.png 1.0 0.0006636 -0.000200043 0.000117746 -0.000663485 1.0 0.000209706 0.000113495 0.000200189 -0.000209565 1.0 3.94955e-05 0.0 0.0 0.0 1.0
heads/seq-01/color/frame-000138.color.png heads/seq-01/color/frame-000139.color.png 0.999844 0.00756232 -0.015986 0.00906993 -0.00766671 0.99995 -0.00648109 0.0100737 0.0159361 0.00660259 0.999851 -0.00862565 0.0 0.0 0.0 1.0
heads/seq-01/color/frame-000139.color.png heads/seq-01/color/frame-000140.color.png 0.999953 0.00646999 -0.00729265 0.00398639 -0.00638952 0.999919 0.0110074 0.00163504 0.00736328 -0.0109603 0.999913 -0.00673594 0.0 0.0 0.0 1.0
heads/seq-01/color/frame-000140.color.png heads/seq-01/color/frame-000141.color.png 0.999971 0.000354966 -0.0075998 0.0031598 -0.000248313 0.999901 0.0140411 -0.00540933 0.0076041 -0.0140388 0.999873 -0.00584225 0.0 0.0 0.0 1.0
heads/seq-01/color/frame-000141.color.png heads/seq-01/color/frame-000142.color.png 1.0 5.67799e-05 0.00044353 -4.93005e-05 -5.6692e-05 1.0 -1.21764e-05 0.000206467 -0.000443544 1.21208e-05 1.0 0.000581045 0.0 0.0 0.0 1.0
heads/seq-01/color/frame-000142.color.png heads/seq-01/color/frame-000143.color.png 0.99995 0.00414067 -0.00908412 0.00233765 -0.00410706 0.999985 0.00371122 -1.00583e-05 0.00909929 -0.00367368 0.999952 -0.00944455 0.0 0.0 0.0 1.0
heads/seq-01/color/frame-000143.color.png heads/seq-01/color/frame-000144.color.png 0.999965 -0.00401632 -0.0073147 0.00258961 0.00402984 0.99999 0.00184281 -0.0029226 0.00730725 -0.00187227 0.999971 -0.00544032 0.0 0.0 0.0 1.0
heads/seq-01/color/frame-000144.color.png heads/seq-01/color/frame-000145.color.png 0.999914 -0.00138574 -0.0130398 0.00482684 0.00127069 0.99996 -0.0088243 0.00266764 0.0130515 0.00880696 0.999876 -0.00476297 0.0 0.0 0.0 1.0
heads/seq-01/color/frame-000145.color.png heads/seq-01/color/frame-000146.color.png 1.0 0.000221202 0.000316436 -0.00018863 -0.000221058 1.0 -0.000396603 0.000329096 -0.000316459 0.000396553 1.0 5.40316e-05 0.0 0.0 0.0 1.0
heads/seq-01/color/frame-000146.color.png heads/seq-01/color/frame-000147.color.png 0.999761 0.00670004 -0.0207852 0.0106172 -0.00690204 0.999929 -0.00966553 0.00833876 0.020719 0.00980664 0.999737 -0.0070918 0.0 0.0 0.0 1.0
heads/seq-01/color/frame-000147.color.png heads/seq-01/color/frame-000148.color.png 0.999896 0.000235327 -0.01446 0.0107079 -0.000268675 0.999997 -0.00229638 0.00280386 0.0144594 0.00230006 0.999893 -0.00555315 0.0 0.0 0.0 1.0
heads/seq-01/color/frame-000148.color.png heads/seq-01/color/frame-000149.color.png 0.999997 -0.00225751 0.000399743 -0.00148484 0.00225806 0.999997 -0.00122103 0.000608239 -0.000396962 0.00122194 0.999999 -0.0025722 0.0 0.0 0.0 1.0
heads/seq-01/color/frame-000149.color.png heads/seq-01/color/frame-000150.color.png 0.999928 0.00835283 -0.00864659 0.00940384 -0.0083976 0.999951 -0.00515628 0.00765963 0.00860308 0.00522848 0.999949 -0.00485892 0.0 0.0 0.0 1.0
heads/seq-01/color/frame-000150.color.png heads/seq-01/color/frame-000151.color.png 0.999954 0.00723422 -0.00625086 0.0134826 -0.00725429 0.999969 -0.00320482 0.00868279 0.00622743 0.00325004 0.999975 -0.00535802 0.0 0.0 0.0 1.0
heads/seq-01/color/frame-000151.color.png heads/seq-01/color/frame-000152.color.png 0.999976 0.00496846 0.0048197 0.00860937 -0.00498758 0.99998 0.00394502 0.00325456 -0.00480003 -0.00396898 0.999981 -0.00517148 0.0 0.0 0.0 1.0
heads/seq-01/color/frame-000152.color.png heads/seq-01/color/frame-000153.color.png 0.999996 -0.00011107 -0.00265755 0.00170953 0.000111506 1.0 0.00014639 -0.0001442 0.00265759 -0.000146674 0.999996 -0.00156682 0.0 0.0 0.0 1.0
heads/seq-01/color/frame-000153.color.png heads/seq-01/color/frame-000154.color.png 0.999948 0.00976986 0.00274679 0.00641882 -0.00978859 0.999928 0.00687564 0.0030671 -0.00267936 -0.00690219 0.999973 -0.00359107 0.0 0.0 0.0 1.0
heads/seq-01/color/frame-000154.color.png heads/seq-01/color/frame-000155.color.png 0.99994 0.0106583 -0.00235755 0.00996873 -0.0106566 0.999943 0.00072092 0.00724925 0.00236498 -0.000695738 0.999997 -0.00245035 0.0 0.0 0.0 1.0
heads/seq-01/color/frame-000155.color.png heads/seq-01/color/frame-000156.color.png 1.0 9.45719e-05 0.000803625 0.0100944 -9.98847e-05 0.999978 0.00666689 -0.00261709 -0.000802938 -0.00666698 0.999978 -0.00743486 0.0 0.0 0.0 1.0
heads/seq-01/color/frame-000156.color.png heads/seq-01/color/frame-000157.color.png 0.999969 0.00485732 0.00617192 0.00603888 -0.00485707 0.999988 -6.91082e-05 0.00262739 -0.00617215 3.91491e-05 0.999981 -0.00228272 0.0 0.0 0.0 1.0
heads/seq-01/color/frame-000157.color.png heads/seq-01/color/frame-000158.color.png 1.0 0.000298022 -0.000286464 0.000263765 -0.000298371 0.999999 -0.00105386 0.000792406 0.000286102 0.00105392 0.999999 7.01165e-05 0.0 0.0 0.0 1.0
heads/seq-01/color/frame-000158.color.png heads/seq-01/color/frame-000159.color.png 0.99995 0.00657565 -0.00757225 0.0142256 -0.00661715 0.999963 -0.00548009 0.00478181 0.00753599 0.00552994 0.999956 -0.00465683 0.0 0.0 0.0 1.0
heads/seq-01/color/frame-000159.color.png heads/seq-01/color/frame-000160.color.png 0.999962 0.00838712 -0.00225935 0.0147168 -0.00839097 0.999963 -0.00168414 0.00142114 0.00224516 0.00170299 0.999996 -0.00774555 0.0 0.0 0.0 1.0
heads/seq-01/color/frame-000160.color.png heads/seq-01/color/frame-000161.color.png 0.999859 0.00563745 0.0158348 0.0081939 -0.00548154 0.999936 -0.00987013 0.00965949 -0.0158894 0.00978195 0.999826 -0.000261651 0.0 0.0 0.0 1.0
heads/seq-01/color/frame-000161.color.png heads/seq-01/color/frame-000162.color.png 1.0 0.000449041 0.000320811 -8.55029e-05 -0.00044961 0.999998 0.00168363 -0.000732765 -0.000320067 -0.00168378 0.999999 -0.000378706 0.0 0.0 0.0 1.0
heads/seq-01/color/frame-000162.color.png heads/seq-01/color/frame-000163.color.png 0.999961 0.00426467 0.00766781 0.0133157 -0.00428175 0.999988 0.00221654 0.00398285 -0.00765824 -0.00224929 0.999968 -0.000504004 0.0 0.0 0.0 1.0
heads/seq-01/color/frame-000163.color.png heads/seq-01/color/frame-000164.color.png 0.999971 0.0054134 0.00530651 0.0161884 -0.005453 0.999957 0.00749191 -0.00238356 -0.00526577 -0.00752061 0.999958 -0.00787928 0.0 0.0 0.0 1.0
heads/seq-01/color/frame-000164.color.png heads/seq-01/color/frame-000165.color.png 0.999989 -0.000142094 0.00461534 -0.00329982 0.000137785 1.0 0.000911651 -0.000813195 -0.00461545 -0.000911018 0.999989 0.000473812 0.0 0.0 0.0 1.0
heads/seq-01/color/frame-000165.color.png heads/seq-01/color/frame-000166.color.png 0.999778 0.00733076 0.0197491 0.00938782 -0.00720507 0.999954 -0.00642592 0.00791559 -0.0197953 0.00628219 0.999784 0.000251446 0.0 0.0 0.0 1.0
heads/seq-01/color/frame-000166.color.png heads/seq-01/color/frame-000167.color.png 0.999704 -0.000260526 0.0243325 0.00944792 0.000238328 1.0 0.000911107 0.0039336 -0.0243326 -0.000905011 0.999704 0.00555301 0.0 0.0 0.0 1.0
heads/seq-01/color/frame-000167.color.png heads/seq-01/color/frame-000168.color.png 0.999841 0.00220197 0.0177067 0.0125111 -0.00217125 0.999996 -0.0017528 0.00589819 -0.0177106 0.00171407 0.999842 0.00547304 0.0 0.0 0.0 1.0
heads/seq-01/color/frame-000168.color.png heads/seq-01/color/frame-000169.color.png 0.999982 0.00121513 0.00587997 -0.00380793 -0.00121847 0.999999 0.000568399 0.000396671 -0.00587928 -0.000575574 0.999983 0.00395181 0.0 0.0 0.0 1.0
heads/seq-01/color/frame-000169.color.png heads/seq-01/color/frame-000170.color.png 0.999867 0.00286965 0.0160517 0.00868735 -0.00294958 0.999983 0.00496142 0.000977567 -0.0160372 -0.00500808 0.999859 0.0020464 0.0 0.0 0.0 1.0
heads/seq-01/color/frame-000170.color.png heads/seq-01/color/frame-000171.color.png 0.999827 0.000667973 0.0186053 0.00492355 -0.000713107 0.999997 0.00241133 0.000821169 -0.0186036 -0.00242415 0.999824 0.00679404 0.0 0.0 0.0 1.0
heads/seq-01/color/frame-000171.color.png heads/seq-01/color/frame-000172.color.png 0.999995 0.000435122 0.00300118 -0.00175224 -0.000434174 1.0 -0.000319486 0.000482284 -0.00300137 0.000318163 0.999996 0.00187798 0.0 0.0 0.0 1.0
heads/seq-01/color/frame-000172.color.png heads/seq-01/color/frame-000173.color.png 0.999988 -0.00396567 0.00278193 0.0133503 0.00397 0.999991 -0.00154381 -0.00259811 -0.00277585 0.00155483 0.999995 -0.00432589 0.0 0.0 0.0 1.0
heads/seq-01/color/frame-000173.color.png heads/seq-01/color/frame-000174.color.png 0.999926 -0.00308461 0.0117817 0.00942184 0.00320452 0.999943 -0.010166 0.000219865 -0.0117496 0.010203 0.999879 0.00310733 0.0 0.0 0.0 1.0
heads/seq-01/color/frame-000174.color.png heads/seq-01/color/frame-000175.color.png 0.999864 -0.000221572 0.0165123 0.00916596 0.000471889 0.999885 -0.0151548 0.00519794 -0.0165071 0.0151605 0.999749 0.00438046 0.0 0.0 0.0 1.0
