redkitchen/seq-02/color/frame-000000.color.png redkitchen/seq-02/color/frame-000001.color.png 0.999944 -0.00229207 0.0103168 -0.0112454 0.00227694 0.999996 0.00147797 0.00514212 -0.0103201 -0.0014544 0.999946 0.00265674 0.0 0.0 0.0 1.0
redkitchen/seq-02/color/frame-000001.color.png redkitchen/seq-02/color/frame-000002.color.png 1.0 -0.000262473 -0.000797873 -0.000420671 0.000264667 0.999996 0.00275005 6.93258e-05 0.00079715 -0.00275026 0.999996 0.000172589 0.0 0.0 0.0 1.0
redkitchen/seq-02/color/frame-000002.color.png redkitchen/seq-02/color/frame-000003.color.png 0.999999 -0.00068726 -0.0012322 0.000258649 0.000691348 0.999994 0.00332046 -0.00347314 0.0012299 -0.00332131 0.999994 0.000180952 0.0 0.0 0.0 1.0
redkitchen/seq-02/color/frame-000003.color.png redkitchen/seq-02/color/frame-000004.color.png 1.0 -0.000739947 -0.000718416 0.00460265 0.000740571 0.999999 0.000869201 -0.00337311 0.000717773 -0.000869733 0.999999 -0.000832389 0.0 0.0 0.0 1.0
redkitchen/seq-02/color/frame-000004.color.png redkitchen/seq-02/color/frame-000005.color.png 0.999995 0.000324177 0.0030574 0.00352328 -0.00032124 0.999999 -0.000961086 0.00154965 -0.00305771 0.000960098 0.999995 0.000190517 0.0 0.0 0.0 1.0
redkitchen/seq-02/color/frame-000005.color.png redkitchen/seq-02/color/frame-000006.color.png 0.999984 0.000266009 0.00562244 -0.0064479 -0.00026456 1.0 -0.000258476 0.00105164 -0.00562251 0.000256985 0.999984 9.8547e-05 0.0 0.0 0.0 1.0
redkitchen/seq-02/color/frame-000006.color.png redkitchen/seq-02/color/frame-000007.color.png 0.999999 -0.00107566 0.00013423 -0.000405098 0.00107567 0.999999 -6.14115e-05 -0.000452462 -0.000134164 6.15573e-05 1.0 0.0021158 0.0 0.0 0.0 1.0
redkitchen/seq-02/color/frame-000007.color.png redkitchen/seq-02/color/frame-000008.color.png 0.999999 -0.00118514 -0.00032334 0.00236266 0.00118512 0.999999 -4.72363e-05 -0.000801484 0.000323393 4.68523e-05 1.0 -0.00102311 0.0 0.0 0.0 1.0
redkitchen/seq-02/color/frame-000008.color.png redkitchen/seq-02/color/frame-000009.color.png 0.999998 0.000545714 0.00192871 0.000754701 -0.000544882 1.0 -0.000431525 -0.000280481 -0.00192894 0.000430472 0.999998 0.00111656 0.0 0.0 0.0 1.0
redkitchen/seq-02/color/frame-000009.color.png redkitchen/seq-02/color/frame-000010.color.png 0.999996 -0.00178317 0.0019566 0.00178505 0.00178594 0.999997 -0.00141214 0.000762099 -0.00195408 0.00141563 0.999997 -0.000501416 0.0 0.0 0.0 1.0
redkitchen/seq-02/color/frame-000010.color.png redkitchen/seq-02/color/frame-000011.color.png 0.999994 -0.000567997 0.00347797 -0.00276967 0.00056832 1.0 -9.19061e-05 -0.00114933 -0.00347792 9.38823e-05 0.999994 0.000378777 0.0 0.0 0.0 1.0
redkitchen/seq-02/color/frame-000011.color.png redkitchen/seq-02/color/frame-000012.color.png 0.999998 -0.000302138 0.00187182 -0.00253073 0.000304784 0.999999 -0.00141365 -0.00196287 -0.0018714 0.00141422 0.999997 0.000444578 0.0 0.0 0.0 1.0
redkitchen/seq-02/color/frame-000012.color.png redkitchen/seq-02/color/frame-000013.color.png 0.999999 -0.0013081 0.000327176 0.00362357 0.00130893 0.999996 -0.00254528 0.00226301 -0.000323841 0.00254571 0.999997 -0.00140294 0.0 0.0 0.0 1.0
redkitchen/seq-02/color/frame-000013.color.png redkitchen/seq-02/color/frame-000014.color.png 0.999994 -0.00112824 0.00320788 0.000219882 0.00112874 0.999999 -0.000154492 -0.00114313 -0.00320771 0.000158112 0.999995 9.35816e-06 0.0 0.0 0.0 1.0
redkitchen/seq-02/color/frame-000014.color.png redkitchen/seq-02/color/frame-000015.color.png 0.99999 -0.00280687 0.00353974 -0.00329106 0.00281227 0.999995 -0.00152221 9.59323e-05 -0.00353545 0.00153215 0.999993 0.00184676 0.0 0.0 0.0 1.0
redkitchen/seq-02/color/frame-000015.color.png redkitchen/seq-02/color/frame-000016.color.png 0.999998 -0.00139674 0.00169079 -0.000578474 0.0013975 0.999999 -0.000444964 -0.000937293 -0.00169017 0.000447325 0.999999 -0.00235268 0.0 0.0 0.0 1.0
redkitchen/seq-02/color/frame-000016.color.png redkitchen/seq-02/color/frame-000017.color.png 0.999998 -0.00122587 0.00162751 0.00141426 0.00122768 0.999999 -0.00111083 0.00161749 -0.00162615 0.00111282 0.999998 0.00183052 0.0 0.0 0.0 1.0
redkitchen/seq-02/color/frame-000017.color.png redkitchen/seq-02/color/frame-000018.color.png 0.999983 -0.00378817 0.00441173 -0.00336733 0.00378905 0.999993 -0.000193262 -0.00166211 -0.00441098 0.000209975 0.99999 0.00235521 0.0 0.0 0.0 1.0
redkitchen/seq-02/color/frame-000018.color.png redkitchen/seq-02/color/frame-000019.color.png 0.999995 -0.00302809 0.000802492 0.000968353 0.00302869 0.999995 -0.000746503 -0.000667062 -0.000800214 0.00074893 0.999999 0.000372241 0.0 0.0 0.0 1.0
redkitchen/seq-02/color/frame-000019.color.png redkitchen/seq-02/color/frame-000020.color.png 0.999995 -0.0022949 0.00201717 -0.00173574 0.00229578 0.999997 -0.000431955 0.00190739 -0.00201619 0.000436584 0.999998 0.00032128 0.0 0.0 0.0 1.0
redkitchen/seq-02/color/frame-000020.color.png redkitchen/seq-02/color/frame-000021.color.png 1.0 -0.000148471 0.000870867 0.000804489 0.00014698 0.999999 0.00171565 -0.000253855 -0.000871108 -0.00171552 0.999998 0.00241967 0.0 0.0 0.0 1.0
redkitchen/seq-02/color/frame-000021.color.png redkitchen/seq-02/color/frame-000022.color.png 0.999997 -0.00105875 0.00211918 -0.000377703 0.00105454 0.999998 0.00198378 -0.00388422 -0.00212127 -0.00198154 0.999996 0.00131374 0.0 0.0 0.0 1.0
redkitchen/seq-02/color/frame-000022.color.png redkitchen/seq-02/color/frame-000023.color.png 0.999991 -2.64544e-05 0.00424833 -8.24733e-05 2.87638e-05 1.0 -0.000541062 0.00118013 -0.00424832 0.000541179 0.999991 0.00220632 0.0 0.0 0.0 1.0
redkitchen/seq-02/color/frame-000023.color.png redkitchen/seq-02/color/frame-000024.color.png 0.999988 -0.00118512 0.0046332 -0.000778707 0.00118753 0.999999 -0.00051989 0.00591039 -0.00463259 0.000525386 0.999989 0.00342221 0.0 0.0 0.0 1.0
redkitchen/seq-02/color/frame-000024.color.png redkitchen/seq-02/color/frame-000025.color.png 0.999989 -0.00209167 0.0041643 -0.00239841 0.00206951 0.999984 0.00531812 -0.00376008 -0.00417535 -0.00530944 0.999977 0.000742687 0.0 0.0 0.0 1.0
redkitchen/seq-02/color/frame-000025.color.png redkitchen/seq-02/color/frame-000026.color.png 0.999991 -0.00234784 0.00345282 -0.000289029 0.00233629 0.999992 0.00334562 -0.00316399 -0.00346066 -0.00333753 0.999988 0.00512972 0.0 0.0 0.0 1.0
redkitchen/seq-02/color/frame-000026.color.png redkitchen/seq-02/color/frame-000027.color.png 0.999988 -0.00263208 0.004067 0.00297627 0.00262793 0.999996 0.00102605 -0.000284665 -0.00406967 -0.00101535 0.999991 0.000310661 0.0 0.0 0.0 1.0
redkitchen/seq-02/color/frame-000027.color.png redkitchen/seq-02/color/frame-000028.color.png 0.999969 -0.00389852 0.00689603 0.00202598 0.00388746 0.999991 0.00161676 0.0017016 -0.00690228 -0.0015899 0.999975 0.00787679 0.0 0.0 0.0 1.0
redkitchen/seq-02/color/frame-000028.color.png redkitchen/seq-02/color/frame-000029.color.png 0.999931 -0.00708093 0.009367 -0.00358209 0.00705007 0.99997 0.00332243 -0.00123784 -0.00939024 -0.00325617 0.999951 0.0031796 0.0 0.0 0.0 1.0
redkitchen/seq-02/color/frame-000029.color.png redkitchen/seq-02/color/frame-000030.color.png 0.999948 -0.00648343 0.00786024 -0.00469717 0.00646557 0.999976 0.00229764 1.44122e-05 -0.00787497 -0.0022467 0.999966 0.00235988 0.0 0.0 0.0 1.0
redkitchen/seq-02/color/frame-000030.color.png redkitchen/seq-02/color/frame-000031.color.png 0.999862 -0.012434 0.0110319 -0.000969011 0.0123726 0.999908 0.00560874 0.0030256 -0.0111006 -0.00547147 0.999923 0.0069971 0.0 0.0 0.0 1.0
redkitchen/seq-02/color/frame-000031.color.png redkitchen/seq-02/color/frame-000032.color.png 0.999981 -0.00482076 0.00391656 -0.0023576 0.0047953 0.999967 0.0064865 -0.00710336 -0.00394773 -0.00646759 0.999971 0.00837944 0.0 0.0 0.0 1.0
redkitchen/seq-02/color/frame-000032.color.png redkitchen/seq-02/color/frame-000033.color.png 0.999988 -0.00461951 0.00150743 0.00290051 0.00462021 0.999989 -0.000476825 -0.0050289 -0.00150518 0.00048378 0.999999 0.00490947 0.0 0.0 0.0 1.0
redkitchen/seq-02/color/frame-000033.color.png redkitchen/seq-02/color/frame-000034.color.png 0.999985 -0.00491434 0.00259749 0.00255701 0.00492421 0.999981 -0.00380259 0.00517444 -0.00257878 0.00381532 0.999989 0.0014899 0.0 0.0 0.0 1.0
redkitchen/seq-02/color/frame-000034.color.png redkitchen/seq-02/color/frame-000035.color.png 0.999979 -0.00415321 0.00489226 0.0040306 0.00414059 0.999988 0.00258333 7.90562e-05 -0.00490294 -0.00256302 0.999985 0.00359801 0.0 0.0 0.0 1.0
redkitchen/seq-02/color/frame-000035.color.png redkitchen/seq-02/color/frame-000036.color.png 0.999976 -0.00100927 0.0067897 -0.00299165 0.00099341 0.999997 0.00233988 -0.00568405 -0.00679202 -0.00233307 0.999974 0.00689684 0.0 0.0 0.0 1.0
redkitchen/seq-02/color/frame-000036.color.png redkitchen/seq-02/color/frame-000037.color.png 0.999987 -0.00449846 0.0024837 -0.00061951 0.0045101 0.999979 -0.0047131 0.00178493 -0.00246245 0.00472424 0.999986 0.00503343 0.0 0.0 0.0 1.0
redkitchen/seq-02/color/frame-000037.color.png redkitchen/seq-02/color/frame-000038.color.png 0.99999 -0.00455691 0.000318135 0.00424945 0.00455787 0.999985 -0.00296543 0.00126053 -0.000304665 0.00296684 0.999995 0.00200358 0.0 0.0 0.0 1.0
redkitchen/seq-02/color/frame-000038.color.png redkitchen/seq-02/color/frame-000039.color.png 0.999993 -0.00205667 0.00321608 0.00294195 0.00205642 0.999998 8.34684e-05 -0.00144667 -0.00321621 -7.68527e-05 0.999995 0.00324826 0.0 0.0 0.0 1.0
redkitchen/seq-02/color/frame-000039.color.png redkitchen/seq-02/color/frame-000040.color.png 0.999933 -0.00426704 0.0107064 0.0066796 0.00429158 0.999988 -0.00227287 -0.00138782 -0.0106966 0.00231867 0.99994 0.00709613 0.0 0.0 0.0 1.0
redkitchen/seq-02/color/frame-000040.color.png redkitchen/seq-02/color/frame-000041.color.png 0.999979 -0.00216817 0.00602505 0.00276401 0.00217684 0.999997 -0.00142688 0.00402956 -0.00602191 0.00143998 0.999981 0.00414731 0.0 0.0 0.0 1.0
redkitchen/seq-02/color/frame-000041.color.png redkitchen/seq-02/color/frame-000042.color.png 0.999983 -0.00437784 0.00384536 0.00265433 0.00437292 0.99999 0.00128062 0.00312837 -0.00385094 -0.00126378 0.999992 0.0050157 0.0 0.0 0.0 1.0
redkitchen/seq-02/color/frame-000042.color.png redkitchen/seq-02/color/frame-000043.color.png 0.99999 -0.00348363 0.00279895 0.00434218 0.00347074 0.999983 0.00460022 -0.00303153 -0.00281494 -0.00459046 0.999985 0.0049395 0.0 0.0 0.0 1.0
redkitchen/seq-02/color/frame-000043.color.png redkitchen/seq-02/color/frame-000044.color.png 0.999991 -0.00189478 0.00386733 0.00437978 0.00188491 0.999995 0.00255096 -0.00124936 -0.00387213 -0.00254364 0.999989 0.00605462 0.0 0.0 0.0 1.0
redkitchen/seq-02/color/frame-000044.color.png redkitchen/seq-02/color/frame-000045.color.png 0.999983 -0.00390577 0.0044626 0.00885006 0.00389555 0.99999 0.00229664 -0.00137028 -0.00447153 -0.00227922 0.999987 0.00463431 0.0 0.0 0.0 1.0
redkitchen/seq-02/color/frame-000045.color.png redkitchen/seq-02/color/frame-000046.color.png 0.999977 -0.00440775 0.00518549 0.0141346 0.00439331 0.999986 0.00279333 -0.00228381 -0.00519773 -0.00277048 0.999983 0.000176147 0.0 0.0 0.0 1.0
redkitchen/seq-02/color/frame-000046.color.png redkitchen/seq-02/color/frame-000047.color.png 0.999912 -0.00238668 0.0130716 0.00268105 0.00237674 0.999997 0.000777022 0.00193672 -0.0130735 -0.000745887 0.999914 0.0124415 0.0 0.0 0.0 1.0
redkitchen/seq-02/color/frame-000047.color.png redkitchen/seq-02/color/frame-000048.color.png 0.999954 -0.00153538 0.00946891 0.00157282 0.00152158 0.999998 0.00146191 -0.000796412 -0.00947116 -0.00144745 0.999954 0.00561324 0.0 0.0 0.0 1.0
redkitchen/seq-02/color/frame-000048.color.png redkitchen/seq-02/color/frame-000049.color.png 0.999979 0.000610177 0.00638012 0.00402475 -0.000626429 0.999996 0.0025533 -0.00288652 -0.00637852 -0.00255723 0.999976 0.00621046 0.0 0.0 0.0 1.0
redkitchen/seq-02/color/frame-000049.color.png redkitchen/seq-02/color/frame-000050.color.png 0.999894 0.00751158 0.0124506 0.0104047 -0.00757541 0.999958 0.00508569 0.00463345 -0.0124119 -0.00517946 0.99991 0.00900742 0.0 0.0 0.0 1.0
redkitchen/seq-02/color/frame-000050.color.png redkitchen/seq-02/color/frame-000051.color.png 0.999968 0.0035981 0.00717938 0.00478922 -0.00363765 0.999978 0.0054994 -0.00435417 -0.00715944 -0.00552534 0.999959 0.00688504 0.0 0.0 0.0 1.0
redkitchen/seq-02/color/frame-000051.color.png redkitchen/seq-02/color/frame-000052.color.png 0.999984 0.00221708 0.0051774 0.00299071 -0.00223117 0.999994 0.0027168 -0.00141885 -0.00517135 -0.00272832 0.999983 0.00782049 0.0 0.0 0.0 1.0
redkitchen/seq-02/color/frame-000052.color.png redkitchen/seq-02/color/frame-000053.color.png 0.999998 0.00203636 0.000342768 0.0047661 -0.00203659 0.999998 0.000651792 0.00162724 -0.000341458 -0.000652496 1.0 0.00560787 0.0 0.0 0.0 1.0
redkitchen/seq-02/color/frame-000053.color.png redkitchen/seq-02/color/frame-000054.color.png 0.999996 -0.00043365 -0.00264189 0.00865427 0.000439668 0.999997 0.00227085 -0.00214607 0.00264088 -0.00227199 0.999994 0.00255978 0.0 0.0 0.0 1.0
redkitchen/seq-02/color/frame-000054.color.png redkitchen/seq-02/color/frame-000055.color.png 0.999998 0.00138138 -0.00115076 0.00961655 -0.00137889 0.999997 0.00217495 -0.00325048 0.00115376 -0.00217336 0.999997 0.0038604 0.0 0.0 0.0 1.0
redkitchen/seq-02/color/frame-000055.color.png redkitchen/seq-02/color/frame-000056.color.png 1.0 0.000273437 -7.64889e-05 0.0101374 -0.000273464 1.0 -0.000264272 -0.0046283 7.63923e-05 0.000264283 1.0 0.00350696 0.0 0.0 0.0 1.0
redkitchen/seq-02/color/frame-000056.color.png redkitchen/seq-02/color/frame-000057.color.png 0.999991 -0.00293511 0.00318626 0.0215433 0.0029436 0.999992 -0.00265691 0.000615599 -0.00317844 0.00266626 0.999991 0.000918806 0.0 0.0 0.0 1.0
redkitchen/seq-02/color/frame-000057.color.png redkitchen/seq-02/color/frame-000058.color.png 0.999991 -0.00216782 0.00361756 0.00685467 0.00216719 0.999998 0.000180129 2.38605e-05 -0.00361797 -0.000172288 0.999993 0.00888482 0.0 0.0 0.0 1.0
redkitchen/seq-02/color/frame-000058.color.png redkitchen/seq-02/color/frame-000059.color.png 0.99999 -0.00381469 0.00232234 0.00761993 0.00381933 0.999991 -0.0020049 -0.00365884 -0.00231464 0.00201375 0.999995 0.00411773 0.0 0.0 0.0 1.0
redkitchen/seq-02/color/frame-000059.color.png redkitchen/seq-02/color/frame-000060.color.png 0.999989 -0.00391863 0.0024667 0.0133392 0.00393171 0.999978 -0.00530782 0.00278326 -0.00244583 0.00531747 0.999983 0.00287339 0.0 0.0 0.0 1.0
redkitchen/seq-02/color/frame-000060.color.png redkitchen/seq-02/color/frame-000061.color.png 0.999986 -0.000923536 0.00519089 0.00561173 0.000936014 0.999997 -0.00240345 0.00352421 -0.00518866 0.00240827 0.999983 0.00121626 0.0 0.0 0.0 1.0
redkitchen/seq-02/color/frame-000061.color.png redkitchen/seq-02/color/frame-000062.color.png 0.999989 -0.00317502 0.00355925 0.00773995 0.00317563 0.999995 -0.000163355 -0.00228345 -0.00355872 0.000174661 0.999994 0.00549272 0.0 0.0 0.0 1.0
redkitchen/seq-02/color/frame-000062.color.png redkitchen/seq-02/color/frame-000063.color.png 0.999981 -0.00521571 0.00314079 0.00628144 0.00522585 0.999981 -0.00322804 -0.00362669 -0.00312391 0.00324439 0.99999 0.00651683 0.0 0.0 0.0 1.0
redkitchen/seq-02/color/frame-000063.color.png redkitchen/seq-02/color/frame-000064.color.png 0.999913 -0.0126419 0.00380465 0.01426 0.0126696 0.999893 -0.00734591 0.00493262 -0.00371139 0.00739348 0.999966 0.00615598 0.0 0.0 0.0 1.0
redkitchen/seq-02/color/frame-000064.color.png redkitchen/seq-02/color/frame-000065.color.png 0.999979 -0.00635414 0.00102221 0.00894307 0.00635679 0.999976 -0.00259564 -0.00537179 -0.00100567 0.00260209 0.999996 0.00471047 0.0 0.0 0.0 1.0
redkitchen/seq-02/color/frame-000065.color.png redkitchen/seq-02/color/frame-000066.color.png 0.99999 -0.00436515 0.00138538 0.0121346 0.00437132 0.999981 -0.00446578 -0.00380636 -0.00136584 0.0044718 0.999989 0.00201993 0.0 0.0 0.0 1.0
redkitchen/seq-02/color/frame-000066.color.png redkitchen/seq-02/color/frame-000067.color.png 0.999989 -0.00118928 0.00443798 0.00591716 0.00121546 0.999982 -0.00589923 -0.00164593 -0.00443087 0.00590455 0.999973 0.00433241 0.0 0.0 0.0 1.0
redkitchen/seq-02/color/frame-000067.color.png redkitchen/seq-02/color/frame-000068.color.png 0.999988 -0.00410262 0.00257467 0.00798452 0.00412101 0.999966 -0.00717563 0.0043484 -0.00254518 0.00718615 0.999971 0.000801682 0.0 0.0 0.0 1.0
redkitchen/seq-02/color/frame-000068.color.png redkitchen/seq-02/color/frame-000069.color.png 0.999987 -0.00343453 0.00385927 0.00531346 0.00344311 0.999992 -0.00223489 -0.00158967 -0.00385155 0.00224815 0.99999 0.0069965 0.0 0.0 0.0 1.0
redkitchen/seq-02/color/frame-000069.color.png redkitchen/seq-02/color/frame-000070.color.png 0.999986 -0.00218978 0.00477897 0.00956461 0.00223461 0.999954 -0.00937363 0.00292915 -0.00475819 0.00938418 0.999945 0.00985505 0.0 0.0 0.0 1.0
redkitchen/seq-02/color/frame-000070.color.png redkitchen/seq-02/color/frame-000071.color.png 0.999998 -0.00100611 0.00175916 0.00688386 0.001002 0.999997 0.0022963 -2.02451e-05 -0.0017615 -0.00229454 0.999996 0.00527865 0.0 0.0 0.0 1.0
redkitchen/seq-02/color/frame-000071.color.png redkitchen/seq-02/color/frame-000072.color.png 0.999999 0.000520108 0.00094314 0.00984946 -0.000522791 0.999996 0.00286654 -0.00546349 -0.00094169 -0.00286704 0.999995 0.00746365 0.0 0.0 0.0 1.0
redkitchen/seq-02/color/frame-000072.color.png redkitchen/seq-02/color/frame-000073.color.png 0.999998 -0.00115636 0.00180434 0.00801143 0.00115669 0.999999 -0.000191696 -0.00398266 -0.00180411 0.000193788 0.999998 0.00787348 0.0 0.0 0.0 1.0
redkitchen/seq-02/color/frame-000073.color.png redkitchen/seq-02/color/frame-000074.color.png 0.999994 -0.00156338 0.0030205 0.00536811 0.0015693 0.999997 -0.00195331 0.00127907 -0.00301744 0.00195804 0.999994 0.00822379 0.0 0.0 0.0 1.0
redkitchen/seq-02/color/frame-000074.color.png redkitchen/seq-02/color/frame-000075.color.png 0.999974 -0.00141298 0.00707475 0.0163862 0.00139176 0.999995 0.00299826 -0.00763898 -0.00707894 -0.00298833 0.99997 0.015642 0.0 0.0 0.0 1.0
redkitchen/seq-02/color/frame-000075.color.png redkitchen/seq-02/color/frame-000076.color.png 0.999977 -0.00121123 0.00666953 0.00497741 0.00119404 0.999996 0.00258105 -0.0050404 -0.00667265 -0.00257303 0.999974 0.00826949 0.0 0.0 0.0 1.0
redkitchen/seq-02/color/frame-000076.color.png redkitchen/seq-02/color/frame-000077.color.png 0.999988 -0.00174785 0.00452515 0.00517905 0.00174843 0.999999 -0.000133456 -0.000257451 -0.00452491 0.000141365 0.99999 0.0112861 0.0 0.0 0.0 1.0
redkitchen/seq-02/color/frame-000077.color.png redkitchen/seq-02/color/frame-000078.color.png 0.999993 -0.00277514 0.00238971 0.00730956 0.00277162 0.999995 0.00149563 -0.00339105 -0.00239379 -0.00148899 0.999996 0.0092186 0.0 0.0 0.0 1.0
redkitchen/seq-02/color/frame-000078.color.png redkitchen/seq-02/color/frame-000079.color.png 0.999991 -0.00318115 0.00262465 0.00671184 0.00317819 0.999994 0.00111931 -0.00369246 -0.00262819 -0.00111096 0.999996 0.0114036 0.0 0.0 0.0 1.0
redkitchen/seq-02/color/frame-000079.color.png redkitchen/seq-02/color/frame-000080.color.png 0.999992 -0.00356237 0.00190266 0.00998989 0.00355834 0.999991 0.00212328 -0.00587122 -0.00191021 -0.0021165 0.999996 0.0074718 0.0 0.0 0.0 1.0
redkitchen/seq-02/color/frame-000080.color.png redkitchen/seq-02/color/frame-000081.color.png 0.999909 -0.00311188 0.013117 0.0183856 0.00303526 0.999978 0.00585423 -0.0141893 -0.0131349 -0.00581387 0.999897 0.0173709 0.0 0.0 0.0 1.0
redkitchen/seq-02/color/frame-000081.color.png redkitchen/seq-02/color/frame-000082.color.png 0.99996 -0.00312011 0.00843402 -0.00220597 0.00312614 0.999995 -0.000699385 0.00108971 -0.00843187 0.000725728 0.999964 0.0185172 0.0 0.0 0.0 1.0
redkitchen/seq-02/color/frame-000082.color.png redkitchen/seq-02/color/frame-000083.color.png 0.999998 -0.00206188 0.000383521 0.00633371 0.00206096 0.999995 0.00241935 -0.00460253 -0.000388446 -0.00241856 0.999997 0.0116677 0.0 0.0 0.0 1.0
redkitchen/seq-02/color/frame-000083.color.png redkitchen/seq-02/color/frame-000084.color.png 0.999994 0.00283288 -0.00204003 0.00643307 -0.00282666 0.999991 0.00303275 -0.00330577 0.00204858 -0.00302698 0.999993 0.0038054 0.0 0.0 0.0 1.0
redkitchen/seq-02/color/frame-000084.color.png redkitchen/seq-02/color/frame-000085.color.png 0.999991 0.00287925 -0.00298819 0.012733 -0.00286621 0.999986 0.00436295 -0.00695581 0.00300068 -0.00435435 0.999986 0.00499713 0.0 0.0 0.0 1.0
redkitchen/seq-02/color/frame-000085.color.png redkitchen/seq-02/color/frame-000086.color.png 0.999996 0.00180296 0.00216532 0.00446573 -0.00180977 0.999993 0.00313314 -0.00290816 -0.00215956 -0.00313704 0.999993 0.0109855 0.0 0.0 0.0 1.0
redkitchen/seq-02/color/frame-000086.color.png redkitchen/seq-02/color/frame-000087.color.png 0.999991 0.00391195 0.00143305 0.00648725 -0.00391517 0.99999 0.00224777 -0.00445428 -0.00142427 -0.00225335 0.999996 0.0102334 0.0 0.0 0.0 1.0
redkitchen/seq-02/color/frame-000087.color.png redkitchen/seq-02/color/frame-000088.color.png 1.0 -0.000156175 2.7506e-05 0.0150936 0.000156333 0.99998 -0.0063255 -0.00176016 -2.65632e-05 0.00632549 0.99998 0.0148113 0.0 0.0 0.0 1.0
redkitchen/seq-02/color/frame-000088.color.png redkitchen/seq-02/color/frame-000089.color.png 0.999992 -0.00347201 0.0019584 0.0056068 0.00347343 0.999994 -0.000706323 0.000459388 -0.00195591 0.00071313 0.999998 0.00444618 0.0 0.0 0.0 1.0
redkitchen/seq-02/color/frame-000089.color.png redkitchen/seq-02/color/frame-000090.color.png 0.999993 -0.00348035 0.00124388 0.00415155 0.00347849 0.999993 0.00147727 -0.00646819 -0.00124907 -0.00147293 0.999998 0.012807 0.0 0.0 0.0 1.0
redkitchen/seq-02/color/frame-000090.color.png redkitchen/seq-02/color/frame-000091.color.png 0.999987 -0.00487394 -0.00168288 0.0065923 0.0048672 0.99998 -0.00396659 -0.000854447 0.00170217 0.00395835 0.999991 0.00257033 0.0 0.0 0.0 1.0
redkitchen/seq-02/color/frame-000091.color.png redkitchen/seq-02/color/frame-000092.color.png 0.999989 -0.00458335 -0.000305194 0.00697896 0.00458316 0.999989 -0.000608723 0.00222775 0.000307888 0.0006073 1.0 0.00288242 0.0 0.0 0.0 1.0
redkitchen/seq-02/color/frame-000092.color.png redkitchen/seq-02/color/frame-000093.color.png 0.999998 -0.00222689 -0.000276327 0.00742173 0.00222792 0.999991 0.00367116 -0.00511038 0.000268136 -0.00367176 0.999993 0.00401464 0.0 0.0 0.0 1.0
redkitchen/seq-02/color/frame-000093.color.png redkitchen/seq-02/color/frame-000094.color.png 0.999991 -0.00417136 -0.000593553 0.00481388 0.0041722 0.99999 0.0013474 -0.00119905 0.000588006 -0.00134983 0.999999 0.0048905 0.0 0.0 0.0 1.0
redkitchen/seq-02/color/frame-000094.color.png redkitchen/seq-02/color/frame-000095.color.png 0.999982 -0.00472682 -0.00369242 0.0147018 0.0047481 0.999972 0.00579632 -0.0069674 0.00366491 -0.00581378 0.999976 0.00551575 0.0 0.0 0.0 1.0
redkitchen/seq-02/color/frame-000095.color.png redkitchen/seq-02/color/frame-000096.color.png 0.999998 -0.00160322 -0.000640385 0.00566158 0.00160536 0.999993 0.00324035 -0.00424442 0.000635143 -0.00324137 0.999995 0.00438198 0.0 0.0 0.0 1.0
redkitchen/seq-02/color/frame-000096.color.png redkitchen/seq-02/color/frame-000097.color.png 0.999989 -0.00457608 -0.00104782 0.00711858 0.00457639 0.99999 0.000348234 -0.00462229 0.00104621 -0.000353023 0.999999 0.000425309 0.0 0.0 0.0 1.0
redkitchen/seq-02/color/frame-000097.color.png redkitchen/seq-02/color/frame-000098.color.png 0.999992 -0.00383176 0.0014606 0.00369135 0.00383219 0.999993 -0.000265728 -0.00118607 -0.00145964 0.000271327 0.999999 0.00295284 0.0 0.0 0.0 1.0
redkitchen/seq-02/color/frame-000098.color.png redkitchen/seq-02/color/frame-000099.color.png 0.999995 -0.00277543 0.00159932 0.00593448 0.00277348 0.999995 0.0012254 -0.00327648 -0.0016027 -0.00122097 0.999998 0.00496927 0.0 0.0 0.0 1.0
redkitchen/seq-02/color/frame-000099.color.png redkitchen/seq-02/color/frame-000100.color.png 0.999994 -0.00253185 0.00223348 0.00394225 0.00253408 0.999996 -0.000997333 -0.00190844 -0.00223096 0.00100298 0.999997 0.00372714 0.0 0.0 0.0 1.0
redkitchen/seq-02/color/frame-000100.color.png redkitchen/seq-02/color/frame-000101.color.png 0.999981 -0.00620979 0.000573772 0.00875682 0.00621121 0.999977 -0.00258727 -7.30529e-05 -0.000557688 0.00259079 0.999997 -0.001591 0.0 0.0 0.0 1.0
redkitchen/seq-02/color/frame-000101.color.png redkitchen/seq-02/color/frame-000102.color.png 0.999992 -0.00407097 -0.000498752 0.00879657 0.00407061 0.999991 -0.00072371 0.000269786 0.000501668 0.000721684 0.999999 -0.00216085 0.0 0.0 0.0 1.0
redkitchen/seq-02/color/frame-000102.color.png redkitchen/seq-02/color/frame-000103.color.png 0.999998 -0.00170707 -0.000922388 0.0147433 0.00171004 0.999993 0.00317982 -0.00428756 0.000916965 -0.00318138 0.999995 0.000409603 0.0 0.0 0.0 1.0
redkitchen/seq-02/color/frame-000103.color.png redkitchen/seq-02/color/frame-000104.color.png 0.999998 -0.0020736 0.000799694 0.00913227 0.0020737 0.999998 -0.00010597 -0.000770554 -0.000799554 0.000107613 1.0 0.00128308 0.0 0.0 0.0 1.0
redkitchen/seq-02/color/frame-000104.color.png redkitchen/seq-02/color/frame-000105.color.png 0.999993 -0.00326854 0.00160545 0.00593722 0.00327215 0.999992 -0.00226421 0.0016452 -0.00159795 0.00226945 0.999996 0.00140435 0.0 0.0 0.0 1.0
redkitchen/seq-02/color/frame-000105.color.png redkitchen/seq-02/color/frame-000106.color.png 1.0 0.000513515 0.000284853 0.00579327 -0.000513251 0.999999 -0.000769771 0.00469134 -0.00028523 0.000769629 1.0 0.00181711 0.0 0.0 0.0 1.0
redkitchen/seq-02/color/frame-000106.color.png redkitchen/seq-02/color/frame-000107.color.png 0.999994 0.00248823 -0.00219795 0.00995564 -0.00248802 0.999997 0.000111691 0.000353791 0.00219818 -0.000106224 0.999998 0.00215045 0.0 0.0 0.0 1.0
redkitchen/seq-02/color/frame-000107.color.png redkitchen/seq-02/color/frame-000108.color.png 0.999991 0.00381553 -0.00171296 0.0100645 -0.0038196 0.99999 -0.00238738 0.00271112 0.00170393 0.0023939 0.999996 -0.00416705 0.0 0.0 0.0 1.0
redkitchen/seq-02/color/frame-000108.color.png redkitchen/seq-02/color/frame-000109.color.png 0.9999 0.0132817 -0.00481795 0.0185205 -0.013287 0.999911 -0.00106339 0.013878 0.00480336 0.00112728 0.999988 -0.00122833 0.0 0.0 0.0 1.0
redkitchen/seq-02/color/frame-000109.color.png redkitchen/seq-02/color/frame-000110.color.png 0.999967 0.0068276 -0.00444986 0.0100122 -0.00684048 0.999972 -0.00289031 0.00652086 0.00443003 0.00292066 0.999986 -0.00317189 0.0 0.0 0.0 1.0
redkitchen/seq-02/color/frame-000110.color.png redkitchen/seq-02/color/frame-000111.color.png 0.999972 0.00713648 -0.00218324 0.00899822 -0.00713339 0.999973 0.00140734 0.00685326 0.0021932 -0.00139173 0.999997 -0.00621986 0.0 0.0 0.0 1.0
redkitchen/seq-02/color/frame-000111.color.png redkitchen/seq-02/color/frame-000112.color.png 0.999951 0.00991504 -0.000767448 0.00854909 -0.00991207 0.999944 0.00382164 0.00237172 0.000805259 -0.00381383 0.999992 0.000617325 0.0 0.0 0.0 1.0
redkitchen/seq-02/color/frame-000112.color.png redkitchen/seq-02/color/frame-000113.color.png 0.99997 0.00736501 -0.00235967 0.0104791 -0.00736499 0.999973 7.03588e-06 0.00521441 0.00235968 1.0333e-05 0.999997 -0.00263903 0.0 0.0 0.0 1.0
redkitchen/seq-02/color/frame-000113.color.png redkitchen/seq-02/color/frame-000114.color.png 0.999984 0.00483355 -0.00296408 0.00747919 -0.00483729 0.999987 -0.00125398 0.00807652 0.00295795 0.0012683 0.999995 -0.000822872 0.0 0.0 0.0 1.0
redkitchen/seq-02/color/frame-000114.color.png redkitchen/seq-02/color/frame-000115.color.png 0.999954 0.00633369 -0.00718031 0.0146589 -0.00631742 0.999978 0.00229018 0.00118114 0.00719468 -0.00224471 0.999972 -0.00771219 0.0 0.0 0.0 1.0
redkitchen/seq-02/color/frame-000115.color.png redkitchen/seq-02/color/frame-000116.color.png 0.999889 0.0105513 -0.010509 0.0215455 -0.010577 0.999941 -0.00239771 0.00730954 0.0104831 0.0025086 0.999942 -0.00471678 0.0 0.0 0.0 1.0
redkitchen/seq-02/color/frame-000116.color.png redkitchen/seq-02/color/frame-000117.color.png 0.999986 0.00293094 -0.00442166 0.0129839 -0.00293191 0.999996 -0.00021919 6.82622e-05 0.00442099 0.000232134 0.99999 -0.00554386 0.0 0.0 0.0 1.0
redkitchen/seq-02/color/frame-000117.color.png redkitchen/seq-02/color/frame-000118.color.png 0.999994 0.00179452 -0.00288546 0.00729346 -0.0018066 0.99999 -0.00419025 0.0053512 0.00287793 0.00419545 0.999987 0.00340578 0.0 0.0 0.0 1.0
redkitchen/seq-02/color/frame-000118.color.png redkitchen/seq-02/color/frame-000119.color.png 0.999983 0.00101547 -0.00570784 0.0114641 -0.00104908 0.999982 -0.00589059 0.00570232 0.00570176 0.00589648 0.999966 -0.00403303 0.0 0.0 0.0 1.0
redkitchen/seq-02/color/frame-000119.color.png redkitchen/seq-02/color/frame-000120.color.png 0.999988 0.002047 -0.00441244 0.00955409 -0.00205963 0.999994 -0.00285437 0.00525959 0.00440655 0.00286342 0.999986 -0.0036436 0.0 0.0 0.0 1.0
redkitchen/seq-02/color/frame-000120.color.png redkitchen/seq-02/color/frame-000121.color.png 0.999994 0.000688143 -0.00327134 0.00839603 -0.000691856 0.999999 -0.00113726 0.000589371 0.00327053 0.00113951 0.999994 0.000720799 0.0 0.0 0.0 1.0
redkitchen/seq-02/color/frame-000121.color.png redkitchen/seq-02/color/frame-000122.color.png 0.999988 -0.00139637 -0.00474701 0.0116023 0.00136976 0.999983 -0.00560962 -0.00236385 0.00475475 0.00560305 0.999973 0.00216487 0.0 0.0 0.0 1.0
redkitchen/seq-02/color/frame-000122.color.png redkitchen/seq-02/color/frame-000123.color.png 0.999974 -0.00454811 -0.00550936 0.0118585 0.00448522 0.999925 -0.0113771 0.0103061 0.00556075 0.0113521 0.99992 -0.00652313 0.0 0.0 0.0 1.0
redkitchen/seq-02/color/frame-000123.color.png redkitchen/seq-02/color/frame-000124.color.png 0.999969 -0.000440644 -0.00784897 0.0148529 0.000437193 1.0 -0.000438515 0.000253052 0.00784911 0.000435076 0.999969 -0.00404635 0.0 0.0 0.0 1.0
redkitchen/seq-02/color/frame-000124.color.png redkitchen/seq-02/color/frame-000125.color.png 0.999895 0.00306486 -0.0141223 0.0282524 -0.00310337 0.999992 -0.00270397 -0.000346668 0.0141139 0.00274751 0.999897 -0.00599879 0.0 0.0 0.0 1.0
redkitchen/seq-02/color/frame-000125.color.png redkitchen/seq-02/color/frame-000126.color.png 0.999997 0.0010922 -0.00204731 0.00842613 -0.00109843 0.999995 -0.00304285 0.00275115 0.00204401 0.00304509 0.999993 0.00228471 0.0 0.0 0.0 1.0
redkitchen/seq-02/color/frame-000126.color.png redkitchen/seq-02/color/frame-000127.color.png 0.999997 -0.00162785 -0.00205939 0.00829345 0.00162658 0.999998 -0.000618429 3.57553e-05 0.0020604 0.000615082 0.999998 -0.000916928 0.0 0.0 0.0 1.0
redkitchen/seq-02/color/frame-000127.color.png redkitchen/seq-02/color/frame-000128.color.png 0.999999 -0.0015036 -0.000642786 0.006432 0.00150456 0.999998 0.00149447 -0.000453264 0.000640516 -0.00149544 0.999999 0.00396284 0.0 0.0 0.0 1.0
redkitchen/seq-02/color/frame-000128.color.png redkitchen/seq-02/color/frame-000129.color.png 0.999998 -0.000322509 -0.00219449 0.0099498 0.000323972 1.0 0.000657966 -0.00179472 0.00219431 -0.000658674 0.999997 0.00570586 0.0 0.0 0.0 1.0
redkitchen/seq-02/color/frame-000129.color.png redkitchen/seq-02/color/frame-000130.color.png 0.999976 -0.00427665 -0.00539132 0.00826448 0.00426151 0.999987 -0.00281404 -0.000294246 0.00540329 0.002791 0.999981 -0.000937432 0.0 0.0 0.0 1.0
redkitchen/seq-02/color/frame-000130.color.png redkitchen/seq-02/color/frame-000131.color.png 0.999963 -0.00453584 -0.0073276 0.0169649 0.00453916 0.99999 0.000439843 -0.00476514 0.00732556 -0.000473088 0.999973 -0.0045296 0.0 0.0 0.0 1.0
redkitchen/seq-02/color/frame-000131.color.png redkitchen/seq-02/color/frame-000132.color.png 0.999995 -0.00211369 -0.00255381 0.00851017 0.00211501 0.999998 0.000506995 -0.000782244 0.00255273 -0.0005124 0.999996 0.00470483 0.0 0.0 0.0 1.0
redkitchen/seq-02/color/frame-000132.color.png redkitchen/seq-02/color/frame-000133.color.png 0.999864 -0.0118609 -0.0114629 0.0246729 0.0118593 0.999929 -0.000206964 -0.0142125 0.0114645 7.09946e-05 0.999934 0.00270209 0.0 0.0 0.0 1.0
redkitchen/seq-02/color/frame-000133.color.png redkitchen/seq-02/color/frame-000134.color.png 0.999994 -0.00334059 -0.00104608 0.00775754 0.00333892 0.999993 -0.00159279 0.00157033 0.00105139 0.00158929 0.999998 0.00651291 0.0 0.0 0.0 1.0
redkitchen/seq-02/color/frame-000134.color.png redkitchen/seq-02/color/frame-000135.color.png 0.999996 0.000513435 -0.00286393 0.00891817 -0.000511544 1.0 0.000663225 -0.00208268 0.00286429 -0.000661752 0.999996 0.00423151 0.0 0.0 0.0 1.0
redkitchen/seq-02/color/frame-000135.color.png redkitchen/seq-02/color/frame-000136.color.png 0.999985 -0.0015928 -0.0051583 0.013478 0.00159745 0.999998 0.000899596 -0.00435469 0.00515688 -0.000907827 0.999986 -3.92795e-05 0.0 0.0 0.0 1.0
redkitchen/seq-02/color/frame-000136.color.png redkitchen/seq-02/color/frame-000137.color.png 0.999995 -0.00305376 -0.000787434 0.0107868 0.00305687 0.999987 0.0039693 -0.00779443 0.000775265 -0.00397169 0.999992 0.00613093 0.0 0.0 0.0 1.0
redkitchen/seq-02/color/frame-000137.color.png redkitchen/seq-02/color/frame-000138.color.png 0.999998 -0.00198979 0.000879236 0.0111756 0.00198621 0.99999 0.00400776 -0.0119939 -0.000887194 -0.004006 0.999992 0.00836486 0.0 0.0 0.0 1.0
redkitchen/seq-02/color/frame-000138.color.png redkitchen/seq-02/color/frame-000139.color.png 0.999993 0.00162681 0.00331172 0.00837702 -0.0016317 0.999998 0.00146841 -0.00594926 -0.00330928 -0.00147381 0.999993 0.0111791 0.0 0.0 0.0 1.0
redkitchen/seq-02/color/frame-000139.color.png redkitchen/seq-02/color/frame-000140.color.png 0.999986 -0.000290608 0.00531907 0.00950217 0.000283737 0.999999 0.00129434 -0.00449389 -0.00531948 -0.00129281 0.999985 0.00934368 0.0 0.0 0.0 1.0
redkitchen/seq-02/color/frame-000140.color.png redkitchen/seq-02/color/frame-000141.color.png 0.999965 0.00159946 0.00825091 -0.00123048 -0.00160911 0.999998 0.00117087 0.000239924 -0.00824899 -0.00118411 0.999965 0.0222586 0.0 0.0 0.0 1.0
redkitchen/seq-02/color/frame-000141.color.png redkitchen/seq-02/color/frame-000142.color.png 0.999993 -0.00122791 -0.003537 0.0197378 0.00122766 0.999999 -4.81148e-05 -0.00783666 0.00353704 4.37726e-05 0.999994 0.00960559 0.0 0.0 0.0 1.0
redkitchen/seq-02/color/frame-000142.color.png redkitchen/seq-02/color/frame-000143.color.png 0.999986 0.00344695 0.00391349 -0.0011521 -0.00343998 0.999992 -0.00176585 0.000764057 -0.00391958 0.00175237 0.999991 0.00951493 0.0 0.0 0.0 1.0
redkitchen/seq-02/color/frame-000143.color.png redkitchen/seq-02/color/frame-000144.color.png 0.999987 0.00464465 0.00222521 0.0098635 -0.00464777 0.999988 0.00138905 0.00364478 -0.00221865 -0.00139938 0.999997 0.00639027 0.0 0.0 0.0 1.0
redkitchen/seq-02/color/frame-000144.color.png redkitchen/seq-02/color/frame-000145.color.png 0.999953 -0.00265582 0.00929094 0.006796 0.00262958 0.999992 0.00283385 -0.0106601 -0.0092984 -0.00280928 0.999953 0.0291494 0.0 0.0 0.0 1.0
redkitchen/seq-02/color/frame-000145.color.png redkitchen/seq-02/color/frame-000146.color.png 0.999993 -0.00305317 -0.00196572 0.0108811 0.00306046 0.999988 0.00368887 -0.0108685 0.00195443 -0.00369488 0.999991 0.00742137 0.0 0.0 0.0 1.0
redkitchen/seq-02/color/frame-000146.color.png redkitchen/seq-02/color/frame-000147.color.png 0.999995 -0.00309533 0.000573723 0.00601602 0.00309415 0.999993 0.0020081 -0.0102021 -0.000579969 -0.00200631 0.999998 0.011177 0.0 0.0 0.0 1.0
redkitchen/seq-02/color/frame-000147.color.png redkitchen/seq-02/color/frame-000148.color.png 0.999992 -0.00406285 -0.000526398 0.00825661 0.00406201 0.999991 -0.00153902 -0.00624932 0.000532664 0.00153688 0.999999 0.0143476 0.0 0.0 0.0 1.0
redkitchen/seq-02/color/frame-000148.color.png redkitchen/seq-02/color/frame-000149.color.png 0.999978 -0.00177487 -0.00642061 0.0183112 0.00174294 0.999986 -0.00498297 -0.00347576 0.00642935 0.00497166 0.999967 0.0100951 0.0 0.0 0.0 1.0
redkitchen/seq-02/color/frame-000149.color.png redkitchen/seq-02/color/frame-000150.color.png 0.999996 0.000203724 -0.00279098 0.00609028 -0.00021917 0.999985 -0.00551607 0.00651841 0.00278986 0.00551666 0.999981 0.00205845 0.0 0.0 0.0 1.0
redkitchen/seq-02/color/frame-000150.color.png redkitchen/seq-02/color/frame-000151.color.png 0.999982 0.00147803 -0.00579124 0.0115926 -0.00146415 0.999996 0.00239837 0.00159079 0.00579475 -0.00238985 0.99998 0.00106639 0.0 0.0 0.0 1.0
redkitchen/seq-02/color/frame-000151.color.png redkitchen/seq-02/color/frame-000152.color.png 0.999954 0.00772231 -0.00561841 0.00583935 -0.00769077 0.999955 0.00560228 -0.00143382 0.00566142 -0.00555883 0.999968 0.0104775 0.0 0.0 0.0 1.0
redkitchen/seq-02/color/frame-000152.color.png redkitchen/seq-02/color/frame-000153.color.png 0.999929 0.00493307 -0.0108366 0.0210448 -0.00490645 0.999985 0.00248421 -0.00810203 0.0108487 -0.00243086 0.999938 -0.000905216 0.0 0.0 0.0 1.0
redkitchen/seq-02/color/frame-000153.color.png redkitchen/seq-02/color/frame-000154.color.png 0.999984 0.00394974 -0.00394988 0.00753331 -0.00396284 0.999987 -0.00330424 0.00512135 0.00393675 0.00331985 0.999987 0.0049783 0.0 0.0 0.0 1.0
redkitchen/seq-02/color/frame-000154.color.png redkitchen/seq-02/color/frame-000155.color.png 0.999977 0.000881108 -0.00679562 0.00560218 -0.000854196 0.999992 0.00396241 -0.0187454 0.00679902 -0.00395652 0.999969 0.00167757 0.0 0.0 0.0 1.0
redkitchen/seq-02/color/frame-000155.color.png redkitchen/seq-02/color/frame-000156.color.png 0.999874 0.00346705 -0.0154659 0.012783 -0.00350408 0.999991 -0.00236962 0.00146756 0.0154575 0.00242351 0.999878 -0.00144207 0.0 0.0 0.0 1.0
redkitchen/seq-02/color/frame-000156.color.png redkitchen/seq-02/color/frame-000157.color.png 0.999739 0.00949039 -0.0207953 0.0299869 -0.00955062 0.99995 -0.00279925 0.0150525 0.0207677 0.00299714 0.99978 -0.0144826 0.0 0.0 0.0 1.0
redkitchen/seq-02/color/frame-000157.color.png redkitchen/seq-02/color/frame-000158.color.png 0.999844 0.0110584 -0.013772 0.0215467 -0.0110805 0.999937 -0.00152555 0.0200287 0.0137542 0.00167791 0.999904 -0.00486845 0.0 0.0 0.0 1.0
redkitchen/seq-02/color/frame-000158.color.png redkitchen/seq-02/color/frame-000159.color.png 0.999925 0.00843419 -0.00883888 0.0166545 -0.00842112 0.999963 0.00151732 0.00290732 0.00885136 -0.00144277 0.99996 0.00155932 0.0 0.0 0.0 1.0
redkitchen/seq-02/color/frame-000159.color.png redkitchen/seq-02/color/frame-000160.color.png 0.999955 0.00658282 -0.00687361 0.0187857 -0.00659016 0.999978 -0.00104352 0.00550845 0.00686661 0.00108877 0.999976 0.00622445 0.0 0.0 0.0 1.0
redkitchen/seq-02/color/frame-000160.color.png redkitchen/seq-02/color/frame-000161.color.png 0.999973 0.00290731 -0.00674265 0.0142089 -0.00291428 0.999995 -0.00102345 -0.0011801 0.00673963 0.00104308 0.999977 0.00515014 0.0 0.0 0.0 1.0
redkitchen/seq-02/color/frame-000161.color.png redkitchen/seq-02/color/frame-000162.color.png 0.999949 0.00650855 -0.00774221 0.0157847 -0.006518 0.999978 -0.00119539 0.0051218 0.00773427 0.00124579 0.999969 0.00237066 0.0 0.0 0.0 1.0
redkitchen/seq-02/color/frame-000162.color.png redkitchen/seq-02/color/frame-000163.color.png 0.999912 0.0105605 -0.00799384 0.0115331 -0.010584 0.99994 -0.00290908 0.0141333 0.00796264 0.00299344 0.999964 -0.00232184 0.0 0.0 0.0 1.0
redkitchen/seq-02/color/frame-000163.color.png redkitchen/seq-02/color/frame-000164.color.png 0.999878 0.00971209 -0.0122533 0.0215373 -0.00973627 0.999951 -0.00191542 0.00819586 0.0122341 0.00203449 0.999923 -0.00318563 0.0 0.0 0.0 1.0
redkitchen/seq-02/color/frame-000164.color.png redkitchen/seq-02/color/frame-000165.color.png 0.999857 0.0116324 -0.0122994 0.0221348 -0.0116537 0.999931 -0.00166399 0.0147049 0.0122792 0.00180709 0.999923 -0.00485629 0.0 0.0 0.0 1.0
redkitchen/seq-02/color/frame-000165.color.png redkitchen/seq-02/color/frame-000166.color.png 0.999836 0.014256 -0.0111409 0.0202553 -0.0142528 0.999898 0.000370439 0.00967142 0.0111451 -0.000211591 0.999938 -0.00179833 0.0 0.0 0.0 1.0
redkitchen/seq-02/color/frame-000166.color.png redkitchen/seq-02/color/frame-000167.color.png 0.999799 0.0149692 -0.013352 0.0275481 -0.0150096 0.999883 -0.00293023 0.0119978 0.0133066 0.00313005 0.999907 -0.00497031 0.0 0.0 0.0 1.0
