redkitchen/seq-02/color/frame-000000.color.png redkitchen/seq-02/color/frame-000002.color.png 0.99995 -0.0024747 0.00973842 -0.0123107 0.00243319 0.999988 0.00427266 0.00511917 -0.00974888 -0.00424875 0.999943 0.00298416 0.0 0.0 0.0 1.0
redkitchen/seq-02/color/frame-000001.color.png redkitchen/seq-02/color/frame-000003.color.png 0.999998 -0.000574631 -0.00215161 0.000210981 0.000587629 0.999982 0.00604532 -0.00376359 0.0021481 -0.00604657 0.999979 0.00027364 0.0 0.0 0.0 1.0
redkitchen/seq-02/color/frame-000002.color.png redkitchen/seq-02/color/frame-000004.color.png 0.999997 -0.00162376 -0.00194257 0.00496568 0.00163132 0.999991 0.00389542 -0.00626199 0.00193623 -0.00389858 0.999991 -0.000580148 0.0 0.0 0.0 1.0
redkitchen/seq-02/color/frame-000003.color.png redkitchen/seq-02/color/frame-000005.color.png 0.999997 -0.00075654 0.00250173 0.00728734 0.000757526 1.0 -0.000392946 -0.000686331 -0.00250144 0.00039484 0.999997 -0.000199963 0.0 0.0 0.0 1.0
redkitchen/seq-02/color/frame-000004.color.png redkitchen/seq-02/color/frame-000006.color.png 0.999962 0.00080606 0.00867821 -0.00286218 -0.000796541 0.999999 -0.00110013 0.0025046 -0.00867909 0.00109318 0.999962 0.000585282 0.0 0.0 0.0 1.0
redkitchen/seq-02/color/frame-000005.color.png redkitchen/seq-02/color/frame-000007.color.png 0.999982 -0.00116429 0.00581531 -0.00668367 0.00116841 0.999999 -0.000704929 0.00123258 -0.00581449 0.000711711 0.999983 0.00120803 0.0 0.0 0.0 1.0
redkitchen/seq-02/color/frame-000006.color.png redkitchen/seq-02/color/frame-000008.color.png 0.999997 -0.00236832 -0.000456819 0.002773 0.0023683 0.999997 -5.15324e-05 -0.00140214 0.000456941 5.04509e-05 1.0 0.0011883 0.0 0.0 0.0 1.0
redkitchen/seq-02/color/frame-000007.color.png redkitchen/seq-02/color/frame-000009.color.png 0.999999 -0.000252158 0.0014675 0.00352194 0.00025156 1.0 0.000408105 -0.00323817 -0.00146761 -0.000407737 0.999999 -0.000241837 0.0 0.0 0.0 1.0
redkitchen/seq-02/color/frame-000008.color.png redkitchen/seq-02/color/frame-000010.color.png 0.999991 -0.00117855 0.00417114 0.0017377 0.00118595 0.999998 -0.00177151 0.000253453 -0.00416905 0.00177644 0.99999 -0.000142599 0.0 0.0 0.0 1.0
redkitchen/seq-02/color/frame-000009.color.png redkitchen/seq-02/color/frame-000011.color.png 0.99998 -0.00259071 0.00575317 -0.00190154 0.00260362 0.999994 -0.00223756 0.000995472 -0.00574734 0.00225249 0.999981 0.000855546 0.0 0.0 0.0 1.0
redkitchen/seq-02/color/frame-000010.color.png redkitchen/seq-02/color/frame-000012.color.png 0.999986 -0.000784731 0.00525293 -0.00514991 0.000792355 0.999999 -0.00144909 -0.0032265 -0.00525178 0.00145323 0.999985 0.00096039 0.0 0.0 0.0 1.0
redkitchen/seq-02/color/frame-000011.color.png redkitchen/seq-02/color/frame-000013.color.png 0.999997 -0.00169203 0.00196042 0.00168245 0.00169926 0.999992 -0.0036924 0.000364872 -0.00195416 0.00369572 0.999991 -0.000484681 0.0 0.0 0.0 1.0
redkitchen/seq-02/color/frame-000012.color.png redkitchen/seq-02/color/frame-000014.color.png 0.999991 -0.00244554 0.00345881 0.00402793 0.00245532 0.999993 -0.00282601 0.00143939 -0.00345187 0.00283447 0.99999 -0.00137172 0.0 0.0 0.0 1.0
redkitchen/seq-02/color/frame-000013.color.png redkitchen/seq-02/color/frame-000015.color.png 0.999971 -0.00300759 0.00694894 -0.00390711 0.00301858 0.999994 -0.00157153 -0.00100076 -0.00694417 0.00159246 0.999975 0.00157799 0.0 0.0 0.0 1.0
redkitchen/seq-02/color/frame-000014.color.png redkitchen/seq-02/color/frame-000016.color.png 0.999977 -0.00444493 0.00510104 -0.00360139 0.00445441 0.999988 -0.00184829 -0.00122818 -0.00509277 0.00187097 0.999985 -0.000381014 0.0 0.0 0.0 1.0
redkitchen/seq-02/color/frame-000015.color.png redkitchen/seq-02/color/frame-000017.color.png 0.999989 -0.0036066 0.00314695 0.00179032 0.00361386 0.999991 -0.00230217 0.00221965 -0.00313862 0.00231352 0.999992 0.000349343 0.0 0.0 0.0 1.0
redkitchen/seq-02/color/frame-000016.color.png redkitchen/seq-02/color/frame-000018.color.png 0.999971 -0.00458003 0.00613524 -0.00202839 0.00458899 0.999988 -0.0014478 0.000442627 -0.00612854 0.00147591 0.99998 0.00327993 0.0 0.0 0.0 1.0
redkitchen/seq-02/color/frame-000017.color.png redkitchen/seq-02/color/frame-000019.color.png 0.999965 -0.00658059 0.00523369 -0.00251412 0.00658466 0.999978 -0.000760294 -0.0025244 -0.00522857 0.000794729 0.999986 0.00314352 0.0 0.0 0.0 1.0
redkitchen/seq-02/color/frame-000018.color.png redkitchen/seq-02/color/frame-000020.color.png 0.999982 -0.00533253 0.00277475 -0.000889586 0.00533643 0.999985 -0.00139936 0.00153915 -0.00276726 0.00141414 0.999995 0.00168364 0.0 0.0 0.0 1.0
redkitchen/seq-02/color/frame-000019.color.png redkitchen/seq-02/color/frame-000021.color.png 0.999993 -0.00214244 0.00301685 -0.0015643 0.00213717 0.999996 0.00175121 0.000517979 -0.00302059 -0.00174475 0.999994 0.00132057 0.0 0.0 0.0 1.0
redkitchen/seq-02/color/frame-000020.color.png redkitchen/seq-02/color/frame-000022.color.png 0.999994 -0.00103377 0.00332023 -7.92202e-05 0.00102008 0.999991 0.00411989 -0.00461526 -0.00332445 -0.00411648 0.999986 0.00292155 0.0 0.0 0.0 1.0
redkitchen/seq-02/color/frame-000021.color.png redkitchen/seq-02/color/frame-000023.color.png 0.999979 -0.00143428 0.00631345 0.000129408 0.00142724 0.999998 0.0011203 -0.00225709 -0.00631504 -0.00111127 0.999979 0.0054454 0.0 0.0 0.0 1.0
redkitchen/seq-02/color/frame-000022.color.png redkitchen/seq-02/color/frame-000024.color.png 0.999963 -0.00159028 0.00844425 8.82614e-05 0.00159794 0.999998 -0.000900642 0.00637718 -0.0084428 0.000914102 0.999964 0.00514758 0.0 0.0 0.0 1.0
redkitchen/seq-02/color/frame-000023.color.png redkitchen/seq-02/color/frame-000025.color.png 0.999952 -0.0026039 0.00944069 -0.00522953 0.00255622 0.999984 0.00505957 0.00140963 -0.00945372 -0.0050352 0.999943 0.00519095 0.0 0.0 0.0 1.0
redkitchen/seq-02/color/frame-000024.color.png redkitchen/seq-02/color/frame-000026.color.png 0.999959 -0.00443429 0.00784754 -0.00313182 0.00436497 0.999951 0.0088291 -0.00714839 -0.0078863 -0.00879448 0.99993 0.00618461 0.0 0.0 0.0 1.0
redkitchen/seq-02/color/frame-000025.color.png redkitchen/seq-02/color/frame-000027.color.png 0.999962 -0.0038479 0.0078615 0.00173595 0.00381002 0.999981 0.00482776 -0.00398428 -0.00787993 -0.00479762 0.999957 0.00577698 0.0 0.0 0.0 1.0
redkitchen/seq-02/color/frame-000026.color.png redkitchen/seq-02/color/frame-000028.color.png 0.999916 -0.00630967 0.0113534 0.00440562 0.00628124 0.999977 0.0025385 0.0013617 -0.0113692 -0.00246697 0.999932 0.00771562 0.0 0.0 0.0 1.0
redkitchen/seq-02/color/frame-000027.color.png redkitchen/seq-02/color/frame-000029.color.png 0.999776 -0.0110738 0.0180368 -0.00438684 0.0109769 0.999925 0.00546175 -0.000960184 -0.0180959 -0.00526253 0.999822 0.00718476 0.0 0.0 0.0 1.0
redkitchen/seq-02/color/frame-000028.color.png redkitchen/seq-02/color/frame-000030.color.png 0.999772 -0.0146413 0.0155032 -0.00475112 0.0145509 0.999877 0.00592893 -0.00137341 -0.0155881 -0.005702 0.999862 0.00731472 0.0 0.0 0.0 1.0
redkitchen/seq-02/color/frame-000029.color.png redkitchen/seq-02/color/frame-000031.color.png 0.999667 -0.0195477 0.016831 -0.00209558 0.0194198 0.999782 0.00772918 0.00435355 -0.0169785 -0.00739975 0.999829 0.00928044 0.0 0.0 0.0 1.0
redkitchen/seq-02/color/frame-000030.color.png redkitchen/seq-02/color/frame-000032.color.png 0.999738 -0.0167262 0.0156154 -0.00519901 0.0165242 0.999779 0.0129795 -0.00558647 -0.015829 -0.0127181 0.999794 0.0154738 0.0 0.0 0.0 1.0
redkitchen/seq-02/color/frame-000031.color.png redkitchen/seq-02/color/frame-000033.color.png 0.999938 -0.00929916 0.00618105 -0.000824763 0.00925825 0.999935 0.00662016 -0.0135079 -0.00624223 -0.00656252 0.999959 0.0128283 0.0 0.0 0.0 1.0
redkitchen/seq-02/color/frame-000032.color.png redkitchen/seq-02/color/frame-000034.color.png 0.999945 -0.00923579 0.0050513 0.00436653 0.00926252 0.999943 -0.00529376 0.00166002 -0.00500212 0.00534026 0.999973 0.00435464 0.0 0.0 0.0 1.0
redkitchen/seq-02/color/frame-000033.color.png redkitchen/seq-02/color/frame-000035.color.png 0.999935 -0.00862545 0.00738894 0.00650092 0.00863999 0.999961 -0.00194025 0.00698599 -0.00737192 0.00200396 0.999971 0.00617902 0.0 0.0 0.0 1.0
redkitchen/seq-02/color/frame-000034.color.png redkitchen/seq-02/color/frame-000036.color.png 0.999928 -0.005245 0.0107827 0.00244532 0.00519221 0.999974 0.00491685 -0.00528667 -0.0108082 -0.00486052 0.99993 0.0100662 0.0 0.0 0.0 1.0
redkitchen/seq-02/color/frame-000035.color.png redkitchen/seq-02/color/frame-000037.color.png 0.999944 -0.00550497 0.00908648 -0.00342142 0.00552091 0.999983 -0.00172971 -0.00526824 -0.00907681 0.00177979 0.999957 0.0116492 0.0 0.0 0.0 1.0
redkitchen/seq-02/color/frame-000036.color.png redkitchen/seq-02/color/frame-000038.color.png 0.999959 -0.00844557 0.00336498 0.00269017 0.00847043 0.999936 -0.00744488 0.0024283 -0.00330189 0.00747309 0.999967 0.00673149 0.0 0.0 0.0 1.0
redkitchen/seq-02/color/frame-000037.color.png redkitchen/seq-02/color/frame-000039.color.png 0.999969 -0.00705315 0.00341129 0.00743093 0.00706612 0.999968 -0.00380886 0.00141876 -0.0033843 0.00383284 0.999987 0.00554928 0.0 0.0 0.0 1.0
redkitchen/seq-02/color/frame-000038.color.png redkitchen/seq-02/color/frame-000040.color.png 0.999887 -0.00737998 0.013093 0.0119306 0.00741016 0.99997 -0.00225866 -0.0028063 -0.013076 0.00235542 0.999912 0.0101221 0.0 0.0 0.0 1.0
redkitchen/seq-02/color/frame-000039.color.png redkitchen/seq-02/color/frame-000041.color.png 0.999831 -0.00643976 0.0172036 0.00881363 0.00650545 0.999972 -0.00376508 0.00267225 -0.0171789 0.00387636 0.999845 0.0110452 0.0 0.0 0.0 1.0
redkitchen/seq-02/color/frame-000040.color.png redkitchen/seq-02/color/frame-000042.color.png 0.999922 -0.00556627 0.0111449 0.00221917 0.0055681 0.999985 -0.000134943 0.00718165 -0.011144 0.000196988 0.999938 0.00876588 0.0 0.0 0.0 1.0
redkitchen/seq-02/color/frame-000041.color.png redkitchen/seq-02/color/frame-000043.color.png 0.999954 -0.00713339 0.00643284 0.00754048 0.00708882 0.999951 0.00692643 -0.00143606 -0.00648195 -0.00688051 0.999955 0.0106426 0.0 0.0 0.0 1.0
redkitchen/seq-02/color/frame-000042.color.png redkitchen/seq-02/color/frame-000044.color.png 0.999967 -0.00542513 0.00600269 0.0106342 0.00537959 0.999957 0.00757899 -0.00507458 -0.00604356 -0.00754645 0.999953 0.0115181 0.0 0.0 0.0 1.0
redkitchen/seq-02/color/frame-000043.color.png redkitchen/seq-02/color/frame-000045.color.png 0.999949 -0.00483561 0.00888665 0.0101802 0.00479919 0.99998 0.00411152 -0.00140013 -0.00890633 -0.00406867 0.999952 0.00902627 0.0 0.0 0.0 1.0
redkitchen/seq-02/color/frame-000044.color.png redkitchen/seq-02/color/frame-000046.color.png 0.999911 -0.00839081 0.0103745 0.0212196 0.00834784 0.999956 0.00417966 -0.00140712 -0.0104092 -0.00409269 0.999937 0.00868681 0.0 0.0 0.0 1.0
redkitchen/seq-02/color/frame-000045.color.png redkitchen/seq-02/color/frame-000047.color.png 0.999796 -0.00803373 0.0185413 0.0155596 0.00794526 0.999957 0.00484147 -0.0038706 -0.0185794 -0.00469317 0.999816 0.0111684 0.0 0.0 0.0 1.0
redkitchen/seq-02/color/frame-000046.color.png redkitchen/seq-02/color/frame-000048.color.png 0.999714 -0.00323242 0.023673 0.000330959 0.00318867 0.999993 0.00188513 0.00285484 -0.0236789 -0.00180911 0.999718 0.0179413 0.0 0.0 0.0 1.0
redkitchen/seq-02/color/frame-000047.color.png redkitchen/seq-02/color/frame-000049.color.png 0.99988 -0.000505583 0.0155107 0.00743435 0.000456662 0.999995 0.00315599 -0.00138257 -0.0155122 -0.00314852 0.999875 0.0147376 0.0 0.0 0.0 1.0
redkitchen/seq-02/color/frame-000048.color.png redkitchen/seq-02/color/frame-000050.color.png 0.999827 0.00795351 0.0168433 0.0209959 -0.00810594 0.999927 0.00900261 -0.00237087 -0.0167705 -0.00913757 0.999818 0.0119433 0.0 0.0 0.0 1.0
redkitchen/seq-02/color/frame-000049.color.png redkitchen/seq-02/color/frame-000051.color.png 0.999749 0.0103149 0.0199059 0.0146744 -0.0105158 0.999894 0.0100156 0.00108558 -0.0198005 -0.0102224 0.999752 0.0162955 0.0 0.0 0.0 1.0
redkitchen/seq-02/color/frame-000050.color.png redkitchen/seq-02/color/frame-000052.color.png 0.99991 0.00543289 0.0122319 0.00649968 -0.0055276 0.999955 0.00772027 -0.00505694 -0.0121894 -0.00778719 0.999895 0.0135216 0.0 0.0 0.0 1.0
redkitchen/seq-02/color/frame-000051.color.png redkitchen/seq-02/color/frame-000053.color.png 0.999974 0.00460181 0.00559738 0.00828082 -0.0046149 0.999987 0.00232877 0.00287467 -0.00558658 -0.00235454 0.999982 0.0155204 0.0 0.0 0.0 1.0
redkitchen/seq-02/color/frame-000052.color.png redkitchen/seq-02/color/frame-000054.color.png 0.999995 0.00265469 -0.00136935 0.0130313 -0.00265047 0.999992 0.00306989 -0.000847451 0.0013775 -0.00306624 0.999994 0.013008 0.0 0.0 0.0 1.0
redkitchen/seq-02/color/frame-000053.color.png redkitchen/seq-02/color/frame-000055.color.png 0.999988 0.000993248 -0.0047281 0.020737 -0.000968511 0.999986 0.00522965 -0.00848795 0.00473326 -0.005225 0.999975 0.00610602 0.0 0.0 0.0 1.0
redkitchen/seq-02/color/frame-000054.color.png redkitchen/seq-02/color/frame-000056.color.png 0.999997 0.00173945 -0.00158186 0.0207497 -0.00173915 0.999998 0.000196971 -0.00409985 0.00158215 -0.000194229 0.999999 0.0101086 0.0 0.0 0.0 1.0
redkitchen/seq-02/color/frame-000055.color.png redkitchen/seq-02/color/frame-000057.color.png 0.999988 -0.00302319 0.00394431 0.030319 0.00303827 0.999988 -0.0038132 -0.00132597 -0.00393274 0.00382514 0.999985 0.00771195 0.0 0.0 0.0 1.0
redkitchen/seq-02/color/frame-000056.color.png redkitchen/seq-02/color/frame-000058.color.png 0.999967 -0.00515475 0.00634959 0.0297763 0.00516781 0.999985 -0.0020438 -0.000596963 -0.00633895 0.00207654 0.999978 0.00765489 0.0 0.0 0.0 1.0
redkitchen/seq-02/color/frame-000057.color.png redkitchen/seq-02/color/frame-000059.color.png 0.999978 -0.00558853 0.00344781 0.0212982 0.00559062 0.999984 -0.000602189 -0.00746725 -0.00344439 0.000621447 0.999994 0.00670189 0.0 0.0 0.0 1.0
redkitchen/seq-02/color/frame-000058.color.png redkitchen/seq-02/color/frame-000060.color.png 0.999951 -0.00822078 0.00546513 0.0182435 0.00826138 0.999938 -0.00744305 -0.000472551 -0.0054036 0.00748784 0.999957 0.00648464 0.0 0.0 0.0 1.0
redkitchen/seq-02/color/frame-000059.color.png redkitchen/seq-02/color/frame-000061.color.png 0.999953 -0.0051369 0.0082803 0.0166472 0.00519424 0.999963 -0.00691787 0.00516636 -0.00824449 0.00696055 0.999942 0.00583167 0.0 0.0 0.0 1.0
redkitchen/seq-02/color/frame-000060.color.png redkitchen/seq-02/color/frame-000062.color.png 0.999959 -0.00372856 0.0082629 0.0143816 0.00374717 0.999991 -0.00224078 0.000714613 -0.00825449 0.00227165 0.999963 0.00687978 0.0 0.0 0.0 1.0
redkitchen/seq-02/color/frame-000061.color.png redkitchen/seq-02/color/frame-000063.color.png 0.999942 -0.00790084 0.00736368 0.0125613 0.00793648 0.999957 -0.00482721 -0.00279897 -0.00732522 0.00488537 0.999961 0.0151297 0.0 0.0 0.0 1.0
redkitchen/seq-02/color/frame-000062.color.png redkitchen/seq-02/color/frame-000064.color.png 0.99982 -0.0183718 0.00473022 0.0271137 0.0184166 0.999784 -0.00959995 -0.00174128 -0.00455282 0.00968534 0.999943 0.0103452 0.0 0.0 0.0 1.0
redkitchen/seq-02/color/frame-000063.color.png redkitchen/seq-02/color/frame-000065.color.png 0.999788 -0.0200466 0.00478826 0.0235252 0.0200896 0.999757 -0.0090857 -0.00286271 -0.00460495 0.00917997 0.999947 0.0133451 0.0 0.0 0.0 1.0
redkitchen/seq-02/color/frame-000064.color.png redkitchen/seq-02/color/frame-000066.color.png 0.999935 -0.0110951 0.00245857 0.020977 0.0111146 0.999906 -0.00804181 -0.00603447 -0.0023691 0.00806862 0.999965 0.00911093 0.0 0.0 0.0 1.0
redkitchen/seq-02/color/frame-000065.color.png redkitchen/seq-02/color/frame-000067.color.png 0.999969 -0.00613188 0.0050136 0.0196723 0.00618976 0.999913 -0.0116135 -0.00205066 -0.00494194 0.0116442 0.99992 0.00823663 0.0 0.0 0.0 1.0
redkitchen/seq-02/color/frame-000066.color.png redkitchen/seq-02/color/frame-000068.color.png 0.999961 -0.00451891 0.00764656 0.0124167 0.0046199 0.999902 -0.0132326 0.00336362 -0.00758599 0.0132674 0.999883 0.0067751 0.0 0.0 0.0 1.0
redkitchen/seq-02/color/frame-000067.color.png redkitchen/seq-02/color/frame-000069.color.png 0.999952 -0.00757977 0.00623911 0.0132785 0.00763537 0.999931 -0.00893638 0.00177126 -0.00617097 0.00898359 0.999941 0.00726052 0.0 0.0 0.0 1.0
redkitchen/seq-02/color/frame-000068.color.png redkitchen/seq-02/color/frame-000070.color.png 0.999937 -0.00563363 0.00969224 0.0123737 0.0057492 0.999912 -0.0119383 0.00182472 -0.00962415 0.0119933 0.999882 0.0176045 0.0 0.0 0.0 1.0
redkitchen/seq-02/color/frame-000069.color.png redkitchen/seq-02/color/frame-000071.color.png 0.999984 -0.00288081 0.00487804 0.0203206 0.00291188 0.999975 -0.00637738 0.000677116 -0.00485954 0.00639147 0.999968 0.0120026 0.0 0.0 0.0 1.0
redkitchen/seq-02/color/frame-000070.color.png redkitchen/seq-02/color/frame-000072.color.png 0.999991 -0.00016539 0.00414289 0.0137955 0.000142879 0.999985 0.00543719 -0.00545995 -0.0041437 -0.00543655 0.999977 0.0140456 0.0 0.0 0.0 1.0
redkitchen/seq-02/color/frame-000071.color.png redkitchen/seq-02/color/frame-000073.color.png 0.999986 -0.00105773 0.00516921 0.01178 0.00104637 0.999997 0.00220539 -0.00765224 -0.00517157 -0.00219995 0.999984 0.019366 0.0 0.0 0.0 1.0
redkitchen/seq-02/color/frame-000072.color.png redkitchen/seq-02/color/frame-000074.color.png 0.999988 -0.00338274 0.00358309 0.0163444 0.00338795 0.999993 -0.00145552 -0.00483385 -0.00357816 0.00146765 0.999992 0.0138209 0.0 0.0 0.0 1.0
redkitchen/seq-02/color/frame-000073.color.png redkitchen/seq-02/color/frame-000075.color.png 0.99995 -0.00281816 0.0096336 0.0225752 0.00279786 0.999994 0.00211974 -0.00939312 -0.00963946 -0.00209267 0.999951 0.020743 0.0 0.0 0.0 1.0
redkitchen/seq-02/color/frame-000074.color.png redkitchen/seq-02/color/frame-000076.color.png 0.999912 -0.00262503 0.0130127 0.022989 0.00256349 0.999986 0.00474289 -0.011482 -0.0130249 -0.00470912 0.999904 0.0231231 0.0 0.0 0.0 1.0
redkitchen/seq-02/color/frame-000075.color.png redkitchen/seq-02/color/frame-000077.color.png 0.999939 -0.0024944 0.0107735 0.0111969 0.00247077 0.999995 0.00220214 -0.00396109 -0.010779 -0.00217539 0.999939 0.0215327 0.0 0.0 0.0 1.0
redkitchen/seq-02/color/frame-000076.color.png redkitchen/seq-02/color/frame-000078.color.png 0.999966 -0.00391237 0.00728131 0.0112942 0.00388898 0.999987 0.00322674 -0.00807146 -0.00729388 -0.00319831 0.999968 0.018718 0.0 0.0 0.0 1.0
redkitchen/seq-02/color/frame-000077.color.png redkitchen/seq-02/color/frame-000079.color.png 0.999968 -0.00526014 0.00607555 0.0112127 0.00524495 0.999983 0.00252097 -0.00689124 -0.00608872 -0.00248903 0.999978 0.0203165 0.0 0.0 0.0 1.0
redkitchen/seq-02/color/frame-000078.color.png redkitchen/seq-02/color/frame-000080.color.png 0.999962 -0.00713097 0.00501124 0.0148411 0.00711489 0.99997 0.00322297 -0.00992547 -0.00503405 -0.00318718 0.999982 0.0185876 0.0 0.0 0.0 1.0
redkitchen/seq-02/color/frame-000079.color.png redkitchen/seq-02/color/frame-000081.color.png 0.999841 -0.00767971 0.0160733 0.0247659 0.00756029 0.999943 0.00747681 -0.0195064 -0.0161298 -0.00735412 0.999843 0.0272483 0.0 0.0 0.0 1.0
redkitchen/seq-02/color/frame-000080.color.png redkitchen/seq-02/color/frame-000082.color.png 0.999746 -0.00613061 0.0216955 0.0151888 0.00605134 0.999975 0.00371506 -0.00861152 -0.0217177 -0.00358284 0.999758 0.03688 0.0 0.0 0.0 1.0
redkitchen/seq-02/color/frame-000081.color.png redkitchen/seq-02/color/frame-000083.color.png 0.999949 -0.00500865 0.00881017 0.00372672 0.00499687 0.999987 0.00135904 -0.00226422 -0.00881686 -0.00131494 0.99996 0.0315309 0.0 0.0 0.0 1.0
redkitchen/seq-02/color/frame-000082.color.png redkitchen/seq-02/color/frame-000084.color.png 0.999999 0.00100212 -0.000465966 0.0117447 -0.000999445 0.999984 0.00559933 -0.0080388 0.000471586 -0.00559886 0.999984 0.0202323 0.0 0.0 0.0 1.0
redkitchen/seq-02/color/frame-000083.color.png redkitchen/seq-02/color/frame-000085.color.png 0.999977 0.00494097 -0.00474106 0.0194324 -0.00491047 0.999967 0.00642796 -0.00847694 0.00477265 -0.00640455 0.999968 0.0106033 0.0 0.0 0.0 1.0
redkitchen/seq-02/color/frame-000084.color.png redkitchen/seq-02/color/frame-000086.color.png 0.99999 0.00429473 -0.000991383 0.0171078 -0.00428795 0.999968 0.00670944 -0.00789824 0.00102012 -0.00670513 0.999977 0.0144861 0.0 0.0 0.0 1.0
redkitchen/seq-02/color/frame-000085.color.png redkitchen/seq-02/color/frame-000087.color.png 0.999971 0.00549738 0.00523431 0.00639561 -0.00552397 0.999972 0.00507594 -0.00678223 -0.00520628 -0.00510469 0.999973 0.023335 0.0 0.0 0.0 1.0
redkitchen/seq-02/color/frame-000086.color.png redkitchen/seq-02/color/frame-000088.color.png 0.999989 0.00387315 0.00256121 0.0186267 -0.00386349 0.999985 -0.00376142 -0.00628597 -0.00257572 0.00375149 0.99999 0.0269253 0.0 0.0 0.0 1.0
redkitchen/seq-02/color/frame-000087.color.png redkitchen/seq-02/color/frame-000089.color.png 0.999997 -0.00187811 0.00160286 0.0210629 0.0018875 0.999981 -0.00587944 -0.00221251 -0.00159185 0.00588244 0.999981 0.0186795 0.0 0.0 0.0 1.0
redkitchen/seq-02/color/frame-000088.color.png redkitchen/seq-02/color/frame-000090.color.png 0.999973 -0.00661384 0.00310996 0.0099394 0.00661463 0.999978 -0.000236567 -0.00311968 -0.00310838 0.00025712 0.999995 0.0163203 0.0 0.0 0.0 1.0
redkitchen/seq-02/color/frame-000089.color.png redkitchen/seq-02/color/frame-000091.color.png 0.999951 -0.00991435 -0.000801106 0.0112379 0.00991186 0.999946 -0.00310314 -0.0076021 0.000831824 0.00309504 0.999995 0.013664 0.0 0.0 0.0 1.0
redkitchen/seq-02/color/frame-000090.color.png redkitchen/seq-02/color/frame-000092.color.png 0.99993 -0.0111816 -0.00388657 0.0185116 0.0111711 0.999934 -0.00272004 -0.0056308 0.00391674 0.00267643 0.999989 0.00249061 0.0 0.0 0.0 1.0
redkitchen/seq-02/color/frame-000091.color.png redkitchen/seq-02/color/frame-000093.color.png 0.99998 -0.00632868 0.000712203 0.0111551 0.006326 0.999973 0.00368513 -0.00411651 -0.000735495 -0.00368054 0.999993 0.00935584 0.0 0.0 0.0 1.0
redkitchen/seq-02/color/frame-000092.color.png redkitchen/seq-02/color/frame-000094.color.png 0.999979 -0.00637787 -0.00115565 0.0132619 0.00638392 0.999965 0.00534714 -0.00707923 0.00112152 -0.00535441 0.999985 0.00764057 0.0 0.0 0.0 1.0
redkitchen/seq-02/color/frame-000093.color.png redkitchen/seq-02/color/frame-000095.color.png 0.999927 -0.00979183 -0.00714886 0.0260098 0.00984843 0.99992 0.00792212 -0.0114312 0.00707075 -0.00799195 0.999943 0.00489771 0.0 0.0 0.0 1.0
redkitchen/seq-02/color/frame-000094.color.png redkitchen/seq-02/color/frame-000096.color.png 0.999977 -0.00573563 -0.00351643 0.0169363 0.0057632 0.999952 0.00788374 -0.0080002 0.00347105 -0.00790382 0.999963 0.00992894 0.0 0.0 0.0 1.0
redkitchen/seq-02/color/frame-000095.color.png redkitchen/seq-02/color/frame-000097.color.png 0.999985 -0.00540446 -0.00135514 0.0125964 0.00540921 0.999979 0.00349191 -0.00770545 0.00133619 -0.00349918 0.999993 0.00724369 0.0 0.0 0.0 1.0
redkitchen/seq-02/color/frame-000096.color.png redkitchen/seq-02/color/frame-000098.color.png 0.999968 -0.0079342 -0.000642747 0.0143921 0.0079343 0.999968 5.56447e-05 -0.00475584 0.000642206 -6.0743e-05 1.0 0.00279692 0.0 0.0 0.0 1.0
redkitchen/seq-02/color/frame-000097.color.png redkitchen/seq-02/color/frame-000099.color.png 0.999973 -0.00644821 0.00335757 0.00901857 0.00644686 0.999979 0.000408605 -0.00254752 -0.00336012 -0.00038696 0.999994 0.00710076 0.0 0.0 0.0 1.0
redkitchen/seq-02/color/frame-000098.color.png redkitchen/seq-02/color/frame-000100.color.png 0.999977 -0.00576941 0.00344782 0.0106965 0.00577283 0.999983 -0.000992963 -0.00306291 -0.00344197 0.00101284 0.999994 0.00768402 0.0 0.0 0.0 1.0
redkitchen/seq-02/color/frame-000099.color.png redkitchen/seq-02/color/frame-000101.color.png 0.99996 -0.00859395 0.00243105 0.0132073 0.00860353 0.999955 -0.00397801 -0.000432618 -0.00239672 0.00399878 0.999989 0.00238615 0.0 0.0 0.0 1.0
redkitchen/seq-02/color/frame-000100.color.png redkitchen/seq-02/color/frame-000102.color.png 0.999941 -0.0105078 0.00279709 0.0113205 0.0105168 0.999939 -0.00322483 0.000680201 -0.00276306 0.00325405 0.999991 0.00427541 0.0 0.0 0.0 1.0
redkitchen/seq-02/color/frame-000101.color.png redkitchen/seq-02/color/frame-000103.color.png 0.999982 -0.00595359 -0.000637611 0.0221481 0.00595513 0.999979 0.00237835 -0.00360285 0.000623401 -0.00238209 0.999997 0.00147897 0.0 0.0 0.0 1.0
redkitchen/seq-02/color/frame-000102.color.png redkitchen/seq-02/color/frame-000104.color.png 0.999995 -0.00326592 -0.000143044 0.0237291 0.00326633 0.99999 0.00309458 -0.00415057 0.000132962 -0.003095 0.999995 0.00213799 0.0 0.0 0.0 1.0
redkitchen/seq-02/color/frame-000103.color.png redkitchen/seq-02/color/frame-000105.color.png 0.999981 -0.00547628 0.00279725 0.0142752 0.00548264 0.999982 -0.00227755 0.000758603 -0.00278475 0.00229282 0.999993 0.00338402 0.0 0.0 0.0 1.0
redkitchen/seq-02/color/frame-000104.color.png redkitchen/seq-02/color/frame-000106.color.png 0.999992 -0.00278554 0.00281284 0.00942755 0.00279609 0.999989 -0.0037355 0.00778957 -0.00280231 0.00374331 0.999989 0.00278062 0.0 0.0 0.0 1.0
redkitchen/seq-02/color/frame-000105.color.png redkitchen/seq-02/color/frame-000107.color.png 0.999995 0.00285335 -0.00167576 0.0143471 -0.00285432 0.999996 -0.000594019 0.0039033 0.00167405 0.000598804 0.999998 0.00493932 0.0 0.0 0.0 1.0
redkitchen/seq-02/color/frame-000106.color.png redkitchen/seq-02/color/frame-000108.color.png 0.999968 0.00630134 -0.00488633 0.0221788 -0.00631531 0.999976 -0.00284805 0.00460366 0.00486827 0.00287882 0.999984 -0.00277066 0.0 0.0 0.0 1.0
redkitchen/seq-02/color/frame-000107.color.png redkitchen/seq-02/color/frame-000109.color.png 0.999787 0.0188962 -0.00833855 0.0338414 -0.0189098 0.99982 -0.00155291 0.0126981 0.00830775 0.00171028 0.999964 -0.0112149 0.0 0.0 0.0 1.0
redkitchen/seq-02/color/frame-000108.color.png redkitchen/seq-02/color/frame-000110.color.png 0.999753 0.0201786 -0.00927272 0.0283864 -0.0201993 0.999794 -0.00214072 0.0161522 0.00922753 0.00232746 0.999955 -0.00407529 0.0 0.0 0.0 1.0
redkitchen/seq-02/color/frame-000109.color.png redkitchen/seq-02/color/frame-000111.color.png 0.99989 0.0133771 -0.00645686 0.0195053 -0.0133939 0.999907 -0.00257262 0.0150041 0.00642175 0.0026588 0.999976 -0.00831473 0.0 0.0 0.0 1.0
redkitchen/seq-02/color/frame-000110.color.png redkitchen/seq-02/color/frame-000112.color.png 0.999817 0.0185201 -0.0046957 0.023396 -0.0184952 0.999815 0.00528917 0.00995388 0.00479282 -0.00520135 0.999975 -0.00706321 0.0 0.0 0.0 1.0
redkitchen/seq-02/color/frame-000111.color.png redkitchen/seq-02/color/frame-000113.color.png 0.999844 0.0175374 -0.00200453 0.016351 -0.01753 0.999839 0.00369318 0.00820654 0.00206901 -0.00365747 0.999991 -0.000143796 0.0 0.0 0.0 1.0
redkitchen/seq-02/color/frame-000112.color.png redkitchen/seq-02/color/frame-000114.color.png 0.999909 0.0121893 -0.00574349 0.0181609 -0.0121876 0.999926 0.000331982 0.00817081 0.005747 -0.000261957 0.999983 -0.00681275 0.0 0.0 0.0 1.0
redkitchen/seq-02/color/frame-000113.color.png redkitchen/seq-02/color/frame-000115.color.png 0.999894 0.0114173 -0.00903122 0.0195387 -0.0114125 0.999935 0.000574483 0.0109452 0.00903718 -0.000471348 0.999959 -0.0051938 0.0 0.0 0.0 1.0
redkitchen/seq-02/color/frame-000114.color.png redkitchen/seq-02/color/frame-000116.color.png 0.99971 0.0185695 -0.0153232 0.030358 -0.0185956 0.999826 -0.00155946 0.0151789 0.0152916 0.00184397 0.999881 -0.00689289 0.0 0.0 0.0 1.0
redkitchen/seq-02/color/frame-000115.color.png redkitchen/seq-02/color/frame-000117.color.png 0.999815 0.0129882 -0.0141576 0.0317876 -0.0130288 0.999911 -0.00277513 0.00750644 0.0141203 0.00295909 0.999896 -0.0100195 0.0 0.0 0.0 1.0
redkitchen/seq-02/color/frame-000116.color.png redkitchen/seq-02/color/frame-000118.color.png 0.999969 0.00375585 -0.00697347 0.0187181 -0.0037933 0.999978 -0.00536667 0.00721665 0.00695317 0.00539295 0.999961 -0.00111079 0.0 0.0 0.0 1.0
redkitchen/seq-02/color/frame-000117.color.png redkitchen/seq-02/color/frame-000119.color.png 0.999945 0.00315258 -0.0100531 0.0227627 -0.00325207 0.999946 -0.00989558 0.010803 0.0100214 0.00992772 0.9999 -0.00342092 0.0 0.0 0.0 1.0
redkitchen/seq-02/color/frame-000118.color.png redkitchen/seq-02/color/frame-000120.color.png 0.999925 0.00228075 -0.0119968 0.0266253 -0.00238115 0.999962 -0.00835907 0.00877443 0.0119773 0.00838701 0.999893 -0.0120226 0.0 0.0 0.0 1.0
redkitchen/seq-02/color/frame-000119.color.png redkitchen/seq-02/color/frame-000121.color.png 0.999938 0.000854678 -0.0111368 0.0261987 -0.000893239 0.999994 -0.00346086 0.00116081 0.0111337 0.00347058 0.999932 -0.0112067 0.0 0.0 0.0 1.0
redkitchen/seq-02/color/frame-000120.color.png redkitchen/seq-02/color/frame-000122.color.png 0.999965 -0.00179784 -0.00818758 0.0200785 0.00173128 0.999965 -0.00813297 -0.00128617 0.00820192 0.00811851 0.999933 0.00230321 0.0 0.0 0.0 1.0
redkitchen/seq-02/color/frame-000121.color.png redkitchen/seq-02/color/frame-000123.color.png 0.999944 -0.00487107 -0.00934919 0.0206177 0.00472229 0.999863 -0.0158649 0.00699081 0.00942522 0.0158198 0.99983 -0.0044539 0.0 0.0 0.0 1.0
redkitchen/seq-02/color/frame-000122.color.png redkitchen/seq-02/color/frame-000124.color.png 0.999928 -0.00387413 -0.0113837 0.0208552 0.00375119 0.999935 -0.0108016 0.0112347 0.0114248 0.0107581 0.999877 -0.00784233 0.0 0.0 0.0 1.0
redkitchen/seq-02/color/frame-000123.color.png redkitchen/seq-02/color/frame-000125.color.png 0.999802 0.00351431 -0.0196126 0.0369889 -0.00360516 0.999983 -0.00459961 0.00565078 0.0195961 0.0046694 0.999797 -0.00508642 0.0 0.0 0.0 1.0
redkitchen/seq-02/color/frame-000124.color.png redkitchen/seq-02/color/frame-000126.color.png 0.999797 0.00394229 -0.0197546 0.0463495 -0.00404354 0.999979 -0.00508485 -0.000131108 0.0197342 0.0051637 0.999792 -0.00913602 0.0 0.0 0.0 1.0
redkitchen/seq-02/color/frame-000125.color.png redkitchen/seq-02/color/frame-000127.color.png 0.999987 -0.000895733 -0.00504207 0.0190724 0.000877187 0.999993 -0.00367991 0.00129338 0.00504539 0.00367544 0.999981 -0.00188366 0.0 0.0 0.0 1.0
redkitchen/seq-02/color/frame-000126.color.png redkitchen/seq-02/color/frame-000128.color.png 0.999989 -0.00335169 -0.00335401 0.0160336 0.00335529 0.999994 0.00106517 -0.000835121 0.00335037 -0.00107642 0.999994 0.00403932 0.0 0.0 0.0 1.0
redkitchen/seq-02/color/frame-000127.color.png redkitchen/seq-02/color/frame-000129.color.png 0.999996 -0.00226653 -0.0019181 0.0134827 0.00227018 0.999996 0.00190539 -0.0019354 0.00191375 -0.00190974 0.999996 0.0110803 0.0 0.0 0.0 1.0
redkitchen/seq-02/color/frame-000128.color.png redkitchen/seq-02/color/frame-000130.color.png 0.999965 -0.00444673 -0.00711419 0.0170773 0.00442419 0.999985 -0.00317803 -0.000249155 0.00712824 0.00314644 0.99997 0.00493929 0.0 0.0 0.0 1.0
redkitchen/seq-02/color/frame-000129.color.png redkitchen/seq-02/color/frame-000131.color.png 0.999894 -0.00815233 -0.0120315 0.0238816 0.00812454 0.999964 -0.00235576 -0.00398831 0.0120502 0.00225776 0.999925 -0.00109109 0.0 0.0 0.0 1.0
redkitchen/seq-02/color/frame-000130.color.png redkitchen/seq-02/color/frame-000132.color.png 0.999936 -0.00617868 -0.00943046 0.0240649 0.00620022 0.999978 0.00225625 -0.00737277 0.00941632 -0.00231458 0.999953 0.00218925 0.0 0.0 0.0 1.0
redkitchen/seq-02/color/frame-000131.color.png redkitchen/seq-02/color/frame-000133.color.png 0.999768 -0.0122577 -0.017733 0.043093 0.0122876 0.999923 0.00157976 -0.0166021 0.0177122 -0.00179729 0.999841 0.00652283 0.0 0.0 0.0 1.0
redkitchen/seq-02/color/frame-000132.color.png redkitchen/seq-02/color/frame-000134.color.png 0.999827 -0.0146434 -0.0114976 0.0299831 0.0146146 0.99989 -0.00259118 -0.00904392 0.0115342 0.0024227 0.999931 0.0108832 0.0 0.0 0.0 1.0
redkitchen/seq-02/color/frame-000133.color.png redkitchen/seq-02/color/frame-000135.color.png 0.999988 -0.00273222 -0.00411345 0.0170211 0.00273081 0.999996 -0.000345374 -0.0015225 0.00411436 0.000334133 0.999992 0.0105298 0.0 0.0 0.0 1.0
redkitchen/seq-02/color/frame-000134.color.png redkitchen/seq-02/color/frame-000136.color.png 0.999965 -0.000870777 -0.00832146 0.023003 0.000879374 0.999999 0.0010308 -0.00588173 0.00832053 -0.00103808 0.999965 0.00541329 0.0 0.0 0.0 1.0
redkitchen/seq-02/color/frame-000135.color.png redkitchen/seq-02/color/frame-000137.color.png 0.999959 -0.0054716 -0.0072711 0.0285171 0.00551423 0.999968 0.0058547 -0.0151761 0.00723884 -0.00589455 0.999956 0.00327003 0.0 0.0 0.0 1.0
redkitchen/seq-02/color/frame-000136.color.png redkitchen/seq-02/color/frame-000138.color.png 0.999981 -0.00622158 -0.000234384 0.0227779 0.00622327 0.999947 0.00816005 -0.0214224 0.000183606 -0.00816136 0.999967 0.0119583 0.0 0.0 0.0 1.0
redkitchen/seq-02/color/frame-000137.color.png redkitchen/seq-02/color/frame-000139.color.png 0.999993 0.000483285 0.00375851 0.02051 -0.000499088 0.999991 0.00419504 -0.0146204 -0.00375642 -0.00419689 0.999984 0.018238 0.0 0.0 0.0 1.0
redkitchen/seq-02/color/frame-000138.color.png redkitchen/seq-02/color/frame-000140.color.png 0.999974 0.00157757 0.00706547 0.0230609 -0.00158948 0.999997 0.00168094 -0.0070349 -0.0070628 -0.00169213 0.999974 0.0176052 0.0 0.0 0.0 1.0
redkitchen/seq-02/color/frame-000139.color.png redkitchen/seq-02/color/frame-000141.color.png 0.999884 0.00193632 0.0151001 0.00386882 -0.00198131 0.999993 0.00296797 -0.00575769 -0.0150942 -0.00299754 0.999882 0.0349808 0.0 0.0 0.0 1.0
redkitchen/seq-02/color/frame-000140.color.png redkitchen/seq-02/color/frame-000142.color.png 0.999969 0.000410997 0.00788296 0.00882703 -0.000429694 0.999997 0.00237945 -0.0112777 -0.00788195 -0.00238277 0.999966 0.0329512 0.0 0.0 0.0 1.0
redkitchen/seq-02/color/frame-000141.color.png redkitchen/seq-02/color/frame-000143.color.png 0.999984 0.00153089 0.00533791 0.00518852 -0.00151077 0.999992 -0.00377856 -0.00298683 -0.00534364 0.00377044 0.999979 0.0248837 0.0 0.0 0.0 1.0
redkitchen/seq-02/color/frame-000142.color.png redkitchen/seq-02/color/frame-000144.color.png 0.999952 0.00808471 0.00545026 0.0116715 -0.00808278 0.999967 -0.000389095 0.00401117 -0.00545322 0.000345024 0.999985 0.0159491 0.0 0.0 0.0 1.0
redkitchen/seq-02/color/frame-000143.color.png redkitchen/seq-02/color/frame-000145.color.png 0.999934 0.00144383 0.0113782 0.0178235 -0.0015073 0.999983 0.00557385 -0.0110349 -0.0113701 -0.00559064 0.99992 0.0363488 0.0 0.0 0.0 1.0
redkitchen/seq-02/color/frame-000144.color.png redkitchen/seq-02/color/frame-000146.color.png 0.999963 -0.00541976 0.00664512 0.0194225 0.00537096 0.999959 0.00734346 -0.0236886 -0.00668464 -0.0073075 0.999951 0.0361922 0.0 0.0 0.0 1.0
redkitchen/seq-02/color/frame-000145.color.png redkitchen/seq-02/color/frame-000147.color.png 0.999979 -0.00614471 -0.00184455 0.0180629 0.00615458 0.999967 0.00540649 -0.0200342 0.00181129 -0.00541772 0.999984 0.0205326 0.0 0.0 0.0 1.0
redkitchen/seq-02/color/frame-000146.color.png redkitchen/seq-02/color/frame-000148.color.png 0.999984 -0.00563967 -0.00024864 0.0138478 0.00563982 0.999984 0.000658982 -0.0154117 0.000244921 -0.000660379 1.0 0.0246206 0.0 0.0 0.0 1.0
redkitchen/seq-02/color/frame-000147.color.png redkitchen/seq-02/color/frame-000149.color.png 0.999963 -0.00609935 -0.00600999 0.020596 0.00605846 0.999958 -0.00679406 -0.00980207 0.0060512 0.0067574 0.999959 0.0206031 0.0 0.0 0.0 1.0
redkitchen/seq-02/color/frame-000148.color.png redkitchen/seq-02/color/frame-000150.color.png 0.999961 -0.00414031 -0.00784922 0.0214795 0.00404913 0.999925 -0.0115957 0.00252168 0.00789665 0.0115635 0.999902 0.0143666 0.0 0.0 0.0 1.0
redkitchen/seq-02/color/frame-000149.color.png redkitchen/seq-02/color/frame-000151.color.png 0.999976 0.00238505 -0.00652055 0.0108772 -0.002387 0.999997 -0.000285763 7.08252e-05 0.00651983 0.000301315 0.999979 0.00340706 0.0 0.0 0.0 1.0
redkitchen/seq-02/color/frame-000150.color.png redkitchen/seq-02/color/frame-000152.color.png 0.999882 0.00952577 -0.0120785 0.0192974 -0.00943851 0.999929 0.00726116 0.00185351 0.0121468 -0.0071463 0.999901 0.00993383 0.0 0.0 0.0 1.0
redkitchen/seq-02/color/frame-000151.color.png redkitchen/seq-02/color/frame-000153.color.png 0.999769 0.011438 -0.0181789 0.0324818 -0.011341 0.999921 0.00542551 -0.00290747 0.0182395 -0.00521808 0.99982 0.00519115 0.0 0.0 0.0 1.0
redkitchen/seq-02/color/frame-000152.color.png redkitchen/seq-02/color/frame-000154.color.png 0.999869 0.0101658 -0.0125981 0.0238532 -0.0101877 0.999947 -0.00167646 0.00122078 0.0125805 0.00180459 0.999919 0.00457525 0.0 0.0 0.0 1.0
redkitchen/seq-02/color/frame-000153.color.png redkitchen/seq-02/color/frame-000155.color.png 0.999908 0.00873454 -0.0103797 0.0129521 -0.00877921 0.999952 -0.00426439 0.00825693 0.010342 0.00435512 0.999937 0.00425553 0.0 0.0 0.0 1.0
redkitchen/seq-02/color/frame-000154.color.png redkitchen/seq-02/color/frame-000156.color.png 0.999646 0.0129165 -0.0232667 0.0199329 -0.0129541 0.999915 -0.0014659 0.00639531 0.0232457 0.00176678 0.999728 0.00370824 0.0 0.0 0.0 1.0
redkitchen/seq-02/color/frame-000155.color.png redkitchen/seq-02/color/frame-000157.color.png 0.999224 0.0152737 -0.0363206 0.0411504 -0.0153882 0.999877 -0.00287496 0.013837 0.0362723 0.00343164 0.999336 -0.013477 0.0 0.0 0.0 1.0
redkitchen/seq-02/color/frame-000156.color.png redkitchen/seq-02/color/frame-000158.color.png 0.999428 0.0123046 -0.0315102 0.0445539 -0.0123075 0.999924 0.000103713 0.00944385 0.031509 0.000284157 0.999503 -0.0197811 0.0 0.0 0.0 1.0
redkitchen/seq-02/color/frame-000157.color.png redkitchen/seq-02/color/frame-000159.color.png 0.999632 0.0139816 -0.0232627 0.0420839 -0.0139032 0.999897 0.00352703 0.00212102 0.0233096 -0.00320231 0.999723 -0.00142592 0.0 0.0 0.0 1.0
redkitchen/seq-02/color/frame-000158.color.png redkitchen/seq-02/color/frame-000160.color.png 0.999791 0.0153919 -0.0134546 0.0279174 -0.0153878 0.999882 0.000404303 0.00749189 0.0134592 -0.000197184 0.999909 0.00860786 0.0 0.0 0.0 1.0
redkitchen/seq-02/color/frame-000159.color.png redkitchen/seq-02/color/frame-000161.color.png 0.999866 0.0116996 -0.0114374 0.0239375 -0.0117269 0.999929 -0.00231881 0.00860012 0.0114095 0.00245263 0.999932 0.00690931 0.0 0.0 0.0 1.0
redkitchen/seq-02/color/frame-000160.color.png redkitchen/seq-02/color/frame-000162.color.png 0.999825 0.0100853 -0.0157618 0.0324477 -0.0101382 0.999943 -0.00327594 0.00879698 0.0157278 0.00343516 0.99987 0.00221306 0.0 0.0 0.0 1.0
redkitchen/seq-02/color/frame-000161.color.png redkitchen/seq-02/color/frame-000163.color.png 0.999766 0.0136479 -0.0167548 0.0309128 -0.0136967 0.999902 -0.00280252 0.0121568 0.0167149 0.00303135 0.999856 0.000457823 0.0 0.0 0.0 1.0
redkitchen/seq-02/color/frame-000162.color.png redkitchen/seq-02/color/frame-000164.color.png 0.999453 0.0186733 -0.0273009 0.0550919 -0.0187083 0.999824 -0.00102948 0.0106222 0.0272769 0.00153967 0.999627 -0.00538582 0.0 0.0 0.0 1.0
redkitchen/seq-02/color/frame-000163.color.png redkitchen/seq-02/color/frame-000165.color.png 0.999329 0.0224649 -0.0289245 0.0582851 -0.022555 0.999742 -0.00279391 0.0220686 0.0288543 0.00344443 0.999578 -0.00914252 0.0 0.0 0.0 1.0
redkitchen/seq-02/color/frame-000164.color.png redkitchen/seq-02/color/frame-000166.color.png 0.999403 0.0254849 -0.0233345 0.0432707 -0.0254831 0.999675 0.000371026 0.0206248 0.0233363 0.000223832 0.999728 -0.00737202 0.0 0.0 0.0 1.0
redkitchen/seq-02/color/frame-000165.color.png redkitchen/seq-02/color/frame-000167.color.png 0.999293 0.031114 -0.0211033 0.0380778 -0.031197 0.999507 -0.00361267 0.0265112 0.0209805 0.00426847 0.999771 -0.00198573 0.0 0.0 0.0 1.0
redkitchen/seq-02/color/frame-000166.color.png redkitchen/seq-02/color/frame-000168.color.png 0.999296 0.0286898 -0.0241759 0.0421153 -0.028897 0.999548 -0.00826409 0.0325327 0.0239278 0.00895688 0.999674 -0.0102968 0.0 0.0 0.0 1.0
redkitchen/seq-02/color/frame-000167.color.png redkitchen/seq-02/color/frame-000169.color.png 0.999343 0.023723 -0.0273831 0.0470866 -0.0238706 0.999702 -0.00507609 0.0190846 0.0272545 0.00572641 0.999612 -0.016309 0.0 0.0 0.0 1.0
