redkitchen/seq-02/color/frame-000000.color.png redkitchen/seq-02/color/frame-000003.color.png 0.999959 -0.0030173 0.0085837 -0.0120402 0.00295321 0.999968 0.00746883 0.00185346 -0.00860596 -0.00744317 0.999935 0.00300329 0.0 0.0 0.0 1.0
redkitchen/seq-02/color/frame-000001.color.png redkitchen/seq-02/color/frame-000004.color.png 0.999995 -0.0011868 -0.00288143 0.00455066 0.00120582 0.999977 0.00660797 -0.00602691 0.00287352 -0.00661141 0.999974 -0.0002202 0.0 0.0 0.0 1.0
redkitchen/seq-02/color/frame-000002.color.png redkitchen/seq-02/color/frame-000005.color.png 0.999998 -0.000216368 0.00173834 0.00664541 0.000211544 0.999996 0.0027746 -0.00430154 -0.00173893 -0.00277423 0.999995 -0.000855851 0.0 0.0 0.0 1.0
redkitchen/seq-02/color/frame-000003.color.png redkitchen/seq-02/color/frame-000006.color.png 0.999969 -0.000309993 0.00784206 0.0020503 0.000313608 1.0 -0.000459832 -0.000394612 -0.00784192 0.000462278 0.999969 0.000251549 0.0 0.0 0.0 1.0
redkitchen/seq-02/color/frame-000004.color.png redkitchen/seq-02/color/frame-000007.color.png 0.999957 -0.00115401 0.00925163 -0.0039969 0.00116692 0.999998 -0.00139009 0.0022173 -0.00925001 0.00140083 0.999956 0.00130272 0.0 0.0 0.0 1.0
redkitchen/seq-02/color/frame-000005.color.png redkitchen/seq-02/color/frame-000008.color.png 0.999983 -0.00248317 0.00532207 -0.00385714 0.00248462 0.999997 -0.000265504 -0.000654489 -0.00532139 0.000278723 0.999986 0.00150847 0.0 0.0 0.0 1.0
redkitchen/seq-02/color/frame-000006.color.png redkitchen/seq-02/color/frame-000009.color.png 0.999996 -0.00190306 0.00178958 0.0028077 0.00190337 0.999998 -0.000172497 -0.00255508 -0.00178925 0.0001759 0.999998 0.00164183 0.0 0.0 0.0 1.0
redkitchen/seq-02/color/frame-000007.color.png redkitchen/seq-02/color/frame-000010.color.png 0.99999 -0.00147866 0.00424551 0.00332361 0.00148467 0.999998 -0.00141302 -0.00134515 -0.00424342 0.00141931 0.99999 -0.000662634 0.0 0.0 0.0 1.0
redkitchen/seq-02/color/frame-000008.color.png redkitchen/seq-02/color/frame-000011.color.png 0.999971 -0.00232006 0.00724062 -0.000165623 0.00233589 0.999995 -0.00217857 -0.000244005 -0.00723553 0.00219542 0.999971 0.000901083 0.0 0.0 0.0 1.0
redkitchen/seq-02/color/frame-000009.color.png redkitchen/seq-02/color/frame-000012.color.png 0.99997 -0.00255848 0.00731003 -0.00401811 0.002582 0.999991 -0.00321008 -0.00156813 -0.00730176 0.00322886 0.999968 0.000433148 0.0 0.0 0.0 1.0
redkitchen/seq-02/color/frame-000010.color.png redkitchen/seq-02/color/frame-000013.color.png 0.999983 -0.00308424 0.00484699 -0.000174749 0.003106 0.999985 -0.00448973 0.000195873 -0.00483307 0.00450471 0.999978 0.00102559 0.0 0.0 0.0 1.0
redkitchen/seq-02/color/frame-000011.color.png redkitchen/seq-02/color/frame-000014.color.png 0.999983 -0.00228105 0.00527521 0.0016414 0.00230276 0.999989 -0.00411338 -0.000350881 -0.00526576 0.00412546 0.999978 0.000333169 0.0 0.0 0.0 1.0
redkitchen/seq-02/color/frame-000012.color.png redkitchen/seq-02/color/frame-000015.color.png 0.999964 -0.00500975 0.00686894 0.000920985 0.00503638 0.99998 -0.00386455 0.000645579 -0.00684944 0.003899 0.999969 -0.000425683 0.0 0.0 0.0 1.0
redkitchen/seq-02/color/frame-000013.color.png redkitchen/seq-02/color/frame-000016.color.png 0.999953 -0.00583448 0.00771243 -0.00182432 0.00585291 0.99998 -0.00237021 -0.00151179 -0.00769845 0.00241524 0.999968 0.000568427 0.0 0.0 0.0 1.0
redkitchen/seq-02/color/frame-000014.color.png redkitchen/seq-02/color/frame-000017.color.png 0.999961 -0.00586391 0.00664123 -0.00190565 0.00588652 0.999977 -0.00339066 0.00134781 -0.0066212 0.00342962 0.999972 0.0010373 0.0 0.0 0.0 1.0
redkitchen/seq-02/color/frame-000015.color.png redkitchen/seq-02/color/frame-000018.color.png 0.99995 -0.00626843 0.00780771 -0.00231661 0.00628432 0.999978 -0.00201168 -0.000317758 -0.00779493 0.00206065 0.999968 0.00171448 0.0 0.0 0.0 1.0
redkitchen/seq-02/color/frame-000016.color.png redkitchen/seq-02/color/frame-000019.color.png 0.999945 -0.00741508 0.00742611 -0.00229643 0.00743066 0.99997 -0.00207287 -5.4766e-05 -0.00741052 0.00212794 0.99997 0.0045474 0.0 0.0 0.0 1.0
redkitchen/seq-02/color/frame-000017.color.png redkitchen/seq-02/color/frame-000020.color.png 0.999938 -0.00882117 0.00683799 -0.00312904 0.00882833 0.99996 -0.0010166 -0.0012579 -0.00682875 0.0010769 0.999976 0.0026257 0.0 0.0 0.0 1.0
redkitchen/seq-02/color/frame-000018.color.png redkitchen/seq-02/color/frame-000021.color.png 0.999976 -0.00532849 0.00438178 -0.00166447 0.00532561 0.999986 0.000668048 0.000644326 -0.00438528 -0.000644696 0.99999 0.00330667 0.0 0.0 0.0 1.0
redkitchen/seq-02/color/frame-000019.color.png redkitchen/seq-02/color/frame-000022.color.png 0.999984 -0.00286843 0.00481062 -0.000338751 0.00285155 0.99999 0.00351189 -0.00281315 -0.00482065 -0.00349812 0.999982 0.00357515 0.0 0.0 0.0 1.0
redkitchen/seq-02/color/frame-000020.color.png redkitchen/seq-02/color/frame-000023.color.png 0.999969 -0.00113984 0.0078403 -0.000522017 0.00110994 0.999992 0.00381686 -0.00424231 -0.0078446 -0.00380804 0.999962 0.00517112 0.0 0.0 0.0 1.0
redkitchen/seq-02/color/frame-000021.color.png redkitchen/seq-02/color/frame-000024.color.png 0.999946 -0.0027547 0.0100244 0.000820185 0.00274711 0.999996 0.00077108 0.00335748 -0.0100265 -0.0007435 0.999949 0.00689257 0.0 0.0 0.0 1.0
redkitchen/seq-02/color/frame-000022.color.png redkitchen/seq-02/color/frame-000025.color.png 0.999895 -0.00336597 0.014104 -0.006582 0.00330559 0.999985 0.00430172 0.00275458 -0.0141182 -0.00425464 0.999891 0.00891853 0.0 0.0 0.0 1.0
redkitchen/seq-02/color/frame-000023.color.png redkitchen/seq-02/color/frame-000026.color.png 0.999908 -0.00553525 0.0123818 -0.00393304 0.00543664 0.999953 0.00798374 -0.000566769 -0.0124254 -0.00791569 0.999892 0.00906679 0.0 0.0 0.0 1.0
redkitchen/seq-02/color/frame-000024.color.png redkitchen/seq-02/color/frame-000027.color.png 0.999904 -0.00713102 0.0118539 -3.86909e-05 0.00701644 0.999929 0.00967913 -0.0067859 -0.011922 -0.00959503 0.999883 0.00705972 0.0 0.0 0.0 1.0
redkitchen/seq-02/color/frame-000025.color.png redkitchen/seq-02/color/frame-000028.color.png 0.999834 -0.00829221 0.0162023 0.00146667 0.00819467 0.999948 0.00607709 -0.00159353 -0.0162519 -0.00594331 0.99985 0.0102105 0.0 0.0 0.0 1.0
redkitchen/seq-02/color/frame-000026.color.png redkitchen/seq-02/color/frame-000029.color.png 0.999665 -0.0129976 0.0223832 -0.0031647 0.01285 0.999895 0.00672751 -0.00137692 -0.0224683 -0.00643763 0.999727 0.00953333 0.0 0.0 0.0 1.0
redkitchen/seq-02/color/frame-000027.color.png redkitchen/seq-02/color/frame-000030.color.png 0.999557 -0.0174021 0.0241449 -0.0058556 0.0172029 0.999817 0.00843121 -0.00150218 -0.0242872 -0.00801211 0.999673 0.0132822 0.0 0.0 0.0 1.0
redkitchen/seq-02/color/frame-000028.color.png redkitchen/seq-02/color/frame-000031.color.png 0.999329 -0.0263143 0.0254941 -0.00401936 0.0260184 0.999591 0.0118685 0.00144217 -0.025796 -0.0111972 0.999604 0.0148465 0.0 0.0 0.0 1.0
redkitchen/seq-02/color/frame-000029.color.png redkitchen/seq-02/color/frame-000032.color.png 0.999501 -0.0235094 0.0210779 -0.00499864 0.0231967 0.999619 0.0149601 -0.00404087 -0.0214215 -0.0144637 0.999666 0.0175316 0.0 0.0 0.0 1.0
redkitchen/seq-02/color/frame-000030.color.png redkitchen/seq-02/color/frame-000033.color.png 0.999631 -0.0209827 0.0172666 -0.00231136 0.020779 0.999713 0.0118914 -0.00931819 -0.0175112 -0.0115282 0.99978 0.0204931 0.0 0.0 0.0 1.0
redkitchen/seq-02/color/frame-000031.color.png redkitchen/seq-02/color/frame-000034.color.png 0.999862 -0.0136006 0.00957866 -0.000163084 0.0135795 0.999905 0.0022633 -0.00686249 -0.00960851 -0.00213291 0.999952 0.013935 0.0 0.0 0.0 1.0
redkitchen/seq-02/color/frame-000032.color.png redkitchen/seq-02/color/frame-000035.color.png 0.999857 -0.0138563 0.00973833 0.00814883 0.0138725 0.999902 -0.00160831 -8.72742e-06 -0.00971512 0.00174317 0.999951 0.0103456 0.0 0.0 0.0 1.0
redkitchen/seq-02/color/frame-000033.color.png redkitchen/seq-02/color/frame-000036.color.png 0.999848 -0.0104416 0.0139582 0.00418839 0.0104355 0.999945 0.000512069 0.000945387 -0.0139628 -0.000366333 0.999902 0.012752 0.0 0.0 0.0 1.0
redkitchen/seq-02/color/frame-000034.color.png redkitchen/seq-02/color/frame-000037.color.png 0.999865 -0.00975537 0.0131928 0.00180122 0.00974699 0.999952 0.00069814 -0.00521325 -0.013199 -0.000569465 0.999913 0.0144064 0.0 0.0 0.0 1.0
redkitchen/seq-02/color/frame-000035.color.png redkitchen/seq-02/color/frame-000038.color.png 0.999911 -0.00944347 0.00939619 0.000621904 0.00949446 0.99994 -0.00539563 -0.00259589 -0.00934466 0.00548436 0.999941 0.0144376 0.0 0.0 0.0 1.0
redkitchen/seq-02/color/frame-000036.color.png redkitchen/seq-02/color/frame-000039.color.png 0.999924 -0.0106395 0.00622969 0.00622974 0.0106846 0.999917 -0.00726081 0.000316385 -0.00615195 0.00732681 0.999954 0.00663267 0.0 0.0 0.0 1.0
redkitchen/seq-02/color/frame-000037.color.png redkitchen/seq-02/color/frame-000040.color.png 0.99983 -0.0111445 0.0146762 0.0135826 0.0112329 0.999919 -0.00595267 -0.000280354 -0.0146087 0.00611652 0.999875 0.0126927 0.0 0.0 0.0 1.0
redkitchen/seq-02/color/frame-000038.color.png redkitchen/seq-02/color/frame-000041.color.png 0.999773 -0.00933658 0.0191604 0.0145567 0.00940207 0.99995 -0.00333063 -0.000383558 -0.0191283 0.00351002 0.999811 0.0129715 0.0 0.0 0.0 1.0
redkitchen/seq-02/color/frame-000039.color.png redkitchen/seq-02/color/frame-000042.color.png 0.999726 -0.0100144 0.0211404 0.0111418 0.0100611 0.999947 -0.00210388 0.0053012 -0.0211182 0.002316 0.999774 0.0163235 0.0 0.0 0.0 1.0
redkitchen/seq-02/color/frame-000040.color.png redkitchen/seq-02/color/frame-000043.color.png 0.999885 -0.00925179 0.0119878 0.0110452 0.00918756 0.999943 0.00540235 0.00237174 -0.0120371 -0.0052916 0.999914 0.0144506 0.0 0.0 0.0 1.0
redkitchen/seq-02/color/frame-000041.color.png redkitchen/seq-02/color/frame-000044.color.png 0.999907 -0.00929365 0.00994233 0.0118608 0.00920922 0.999921 0.00850389 -0.000746692 -0.0100206 -0.00841154 0.999914 0.0146051 0.0 0.0 0.0 1.0
redkitchen/seq-02/color/frame-000042.color.png redkitchen/seq-02/color/frame-000045.color.png 0.9999 -0.00862704 0.0112409 0.0161867 0.00852317 0.999921 0.00925391 -0.00441273 -0.0113198 -0.00915716 0.999894 0.0122996 0.0 0.0 0.0 1.0
redkitchen/seq-02/color/frame-000043.color.png redkitchen/seq-02/color/frame-000046.color.png 0.99983 -0.0103441 0.01524 0.0225841 0.0102604 0.999932 0.0055573 7.69366e-06 -0.0152965 -0.00539998 0.999868 0.015634 0.0 0.0 0.0 1.0
redkitchen/seq-02/color/frame-000044.color.png redkitchen/seq-02/color/frame-000047.color.png 0.999646 -0.0131701 0.0231 0.0239978 0.0130042 0.999889 0.00731831 -0.00533363 -0.0231938 -0.00701532 0.999706 0.015945 0.0 0.0 0.0 1.0
redkitchen/seq-02/color/frame-000045.color.png redkitchen/seq-02/color/frame-000048.color.png 0.999567 -0.00750186 0.0284496 0.0169324 0.00736619 0.999961 0.00487046 -0.000313682 -0.0284849 -0.00465878 0.999583 0.0190708 0.0 0.0 0.0 1.0
redkitchen/seq-02/color/frame-000046.color.png redkitchen/seq-02/color/frame-000049.color.png 0.999601 -0.00260941 0.0281106 0.00947118 0.00245917 0.999983 0.00537927 -0.00300631 -0.0281241 -0.005308 0.99959 0.0217955 0.0 0.0 0.0 1.0
redkitchen/seq-02/color/frame-000047.color.png redkitchen/seq-02/color/frame-000050.color.png 0.999565 0.00814088 0.0283429 0.0175793 -0.00838353 0.999929 0.00845399 0.00283018 -0.028272 -0.00868792 0.999563 0.0238865 0.0 0.0 0.0 1.0
redkitchen/seq-02/color/frame-000048.color.png redkitchen/seq-02/color/frame-000051.color.png 0.999659 0.00929626 0.024389 0.0244105 -0.00962374 0.999865 0.0133458 -0.00457192 -0.0242617 -0.013576 0.999613 0.0221224 0.0 0.0 0.0 1.0
redkitchen/seq-02/color/frame-000049.color.png redkitchen/seq-02/color/frame-000052.color.png 0.999629 0.0120624 0.024439 0.0200225 -0.0124098 0.999823 0.0141145 -0.00424801 -0.0242644 -0.0144125 0.999602 0.0210639 0.0 0.0 0.0 1.0
redkitchen/seq-02/color/frame-000050.color.png redkitchen/seq-02/color/frame-000053.color.png 0.99988 0.00877142 0.0127695 0.013032 -0.00887473 0.999928 0.008054 -0.00250117 -0.0126979 -0.00816636 0.999886 0.0234669 0.0 0.0 0.0 1.0
redkitchen/seq-02/color/frame-000051.color.png redkitchen/seq-02/color/frame-000054.color.png 0.999984 0.00407474 0.00392926 0.0148171 -0.00409809 0.999974 0.00594439 -0.0029007 -0.00390489 -0.00596041 0.999975 0.0179396 0.0 0.0 0.0 1.0
redkitchen/seq-02/color/frame-000052.color.png redkitchen/seq-02/color/frame-000055.color.png 0.999986 0.00490189 -0.00202234 0.0219347 -0.00489301 0.999978 0.00436667 -0.0016435 0.0020437 -0.00435672 0.999988 0.0183804 0.0 0.0 0.0 1.0
redkitchen/seq-02/color/frame-000053.color.png redkitchen/seq-02/color/frame-000056.color.png 0.999993 0.00230279 -0.00309664 0.0265446 -0.00229151 0.999991 0.00364598 -0.00940592 0.00310497 -0.00363885 0.999989 0.012096 0.0 0.0 0.0 1.0
redkitchen/seq-02/color/frame-000054.color.png redkitchen/seq-02/color/frame-000057.color.png 0.999997 -0.00110799 0.00235602 0.0396012 0.00111147 0.999998 -0.00146557 -0.00523823 -0.0023544 0.00146819 0.999996 0.00917889 0.0 0.0 0.0 1.0
redkitchen/seq-02/color/frame-000055.color.png redkitchen/seq-02/color/frame-000058.color.png 0.99996 -0.00537934 0.00720491 0.0362462 0.00540325 0.99998 -0.00330636 -0.00235895 -0.00718695 0.00334517 0.999969 0.0127983 0.0 0.0 0.0 1.0
redkitchen/seq-02/color/frame-000056.color.png redkitchen/seq-02/color/frame-000059.color.png 0.999926 -0.0096655 0.00734744 0.0400994 0.00969436 0.999945 -0.00390017 -0.00464133 -0.00730932 0.00397111 0.999965 0.0110491 0.0 0.0 0.0 1.0
redkitchen/seq-02/color/frame-000057.color.png redkitchen/seq-02/color/frame-000060.color.png 0.999913 -0.00855915 0.0100386 0.0230381 0.0086107 0.99995 -0.00510316 -0.00573163 -0.00999447 0.00518915 0.999937 0.0102577 0.0 0.0 0.0 1.0
redkitchen/seq-02/color/frame-000058.color.png redkitchen/seq-02/color/frame-000061.color.png 0.999913 -0.00946567 0.00915855 0.028843 0.00953932 0.999922 -0.00803248 -0.00256247 -0.0090818 0.00811914 0.999926 0.0069717 0.0 0.0 0.0 1.0
redkitchen/seq-02/color/frame-000059.color.png redkitchen/seq-02/color/frame-000062.color.png 0.999882 -0.00808252 0.0130593 0.021191 0.00818407 0.999937 -0.0077426 0.00445188 -0.0129959 0.00784856 0.999885 0.0114795 0.0 0.0 0.0 1.0
redkitchen/seq-02/color/frame-000060.color.png redkitchen/seq-02/color/frame-000063.color.png 0.99991 -0.00922021 0.0097909 0.025189 0.0092856 0.999935 -0.00665399 0.000188254 -0.00972889 0.00674431 0.99993 0.0143831 0.0 0.0 0.0 1.0
redkitchen/seq-02/color/frame-000061.color.png redkitchen/seq-02/color/frame-000064.color.png 0.999733 -0.0213791 0.00875525 0.0307717 0.021471 0.999714 -0.0105393 -0.00079862 -0.00852748 0.0107245 0.999906 0.0172195 0.0 0.0 0.0 1.0
redkitchen/seq-02/color/frame-000062.color.png redkitchen/seq-02/color/frame-000065.color.png 0.999686 -0.0243239 0.00609831 0.033934 0.0243984 0.999625 -0.0124423 -0.00588271 -0.00579333 0.0125872 0.999904 0.0171774 0.0 0.0 0.0 1.0
redkitchen/seq-02/color/frame-000063.color.png redkitchen/seq-02/color/frame-000066.color.png 0.999683 -0.0241021 0.00732306 0.0330116 0.0242097 0.999595 -0.0149737 -0.0035905 -0.00695919 0.0151462 0.999861 0.0139749 0.0 0.0 0.0 1.0
redkitchen/seq-02/color/frame-000064.color.png redkitchen/seq-02/color/frame-000067.color.png 0.999888 -0.0117252 0.00928422 0.0206876 0.0118594 0.999824 -0.0145382 -0.00526259 -0.00911214 0.0146467 0.999851 0.0181109 0.0 0.0 0.0 1.0
redkitchen/seq-02/color/frame-000065.color.png redkitchen/seq-02/color/frame-000068.color.png 0.999911 -0.010715 0.00789709 0.026734 0.0108631 0.999761 -0.0189664 0.00125868 -0.00769199 0.0190505 0.999789 0.00690344 0.0 0.0 0.0 1.0
redkitchen/seq-02/color/frame-000066.color.png redkitchen/seq-02/color/frame-000069.color.png 0.999906 -0.00958353 0.00981848 0.0210741 0.00974075 0.999823 -0.0160881 0.00257118 -0.00966254 0.0161823 0.999822 0.0140858 0.0 0.0 0.0 1.0
redkitchen/seq-02/color/frame-000067.color.png redkitchen/seq-02/color/frame-000070.color.png 0.999905 -0.0114868 0.00758042 0.0327141 0.0116193 0.999776 -0.0176722 0.000697237 -0.00737571 0.0177586 0.999815 0.0134091 0.0 0.0 0.0 1.0
redkitchen/seq-02/color/frame-000068.color.png redkitchen/seq-02/color/frame-000071.color.png 0.999929 -0.00781626 0.0090257 0.0251861 0.00790076 0.999925 -0.00935953 0.000509288 -0.00895184 0.00943017 0.999916 0.0197504 0.0 0.0 0.0 1.0
redkitchen/seq-02/color/frame-000069.color.png redkitchen/seq-02/color/frame-000072.color.png 0.999953 -0.00297898 0.00924579 0.0236811 0.00301977 0.999986 -0.00440699 -0.00164409 -0.00923254 0.0044347 0.999947 0.0260889 0.0 0.0 0.0 1.0
redkitchen/seq-02/color/frame-000070.color.png redkitchen/seq-02/color/frame-000073.color.png 0.999973 -0.000731176 0.00735303 0.016848 0.000691443 0.999985 0.00540609 -0.0100293 -0.00735686 -0.00540086 0.999958 0.0178201 0.0 0.0 0.0 1.0
redkitchen/seq-02/color/frame-000071.color.png redkitchen/seq-02/color/frame-000074.color.png 0.999979 -0.00187969 0.00620448 0.021361 0.00186795 0.999996 0.0019043 -0.0101699 -0.00620799 -0.00189267 0.999979 0.0222332 0.0 0.0 0.0 1.0
redkitchen/seq-02/color/frame-000072.color.png redkitchen/seq-02/color/frame-000075.color.png 0.99995 -0.00452154 0.00892237 0.0361015 0.00450822 0.999989 0.00151189 -0.0123413 -0.00892909 -0.00147159 0.999959 0.0242415 0.0 0.0 0.0 1.0
redkitchen/seq-02/color/frame-000073.color.png redkitchen/seq-02/color/frame-000076.color.png 0.999868 -0.00381355 0.0158197 0.0298503 0.00377613 0.99999 0.00239427 -0.00809053 -0.0158287 -0.00233422 0.999872 0.0346749 0.0 0.0 0.0 1.0
redkitchen/seq-02/color/frame-000074.color.png redkitchen/seq-02/color/frame-000077.color.png 0.999797 -0.00337319 0.0198745 0.0237142 0.00326742 0.999981 0.00535149 -0.0125178 -0.0198922 -0.00528547 0.999788 0.03681 0.0 0.0 0.0 1.0
redkitchen/seq-02/color/frame-000075.color.png redkitchen/seq-02/color/frame-000078.color.png 0.999901 -0.004407 0.0133952 0.0190435 0.00432819 0.999973 0.0059057 -0.0127222 -0.0134208 -0.00584714 0.999893 0.0278533 0.0 0.0 0.0 1.0
redkitchen/seq-02/color/frame-000076.color.png redkitchen/seq-02/color/frame-000079.color.png 0.999908 -0.00812054 0.0108505 0.0152162 0.00807284 0.999958 0.00443078 -0.0123373 -0.0108859 -0.00434276 0.999931 0.0299744 0.0 0.0 0.0 1.0
redkitchen/seq-02/color/frame-000077.color.png redkitchen/seq-02/color/frame-000080.color.png 0.999941 -0.00948231 0.0053424 0.0269512 0.00945312 0.99994 0.00545951 -0.0148351 -0.00539383 -0.00540867 0.999971 0.0256899 0.0 0.0 0.0 1.0
redkitchen/seq-02/color/frame-000078.color.png redkitchen/seq-02/color/frame-000081.color.png 0.99975 -0.0103054 0.0198255 0.0289783 0.0101544 0.999919 0.00770529 -0.0194135 -0.0199033 -0.00750205 0.999774 0.0398156 0.0 0.0 0.0 1.0
redkitchen/seq-02/color/frame-000079.color.png redkitchen/seq-02/color/frame-000082.color.png 0.999707 -0.00911491 0.0224326 0.0282084 0.00896782 0.999937 0.00665 -0.0171339 -0.0224919 -0.00644688 0.999726 0.0437849 0.0 0.0 0.0 1.0
redkitchen/seq-02/color/frame-000080.color.png redkitchen/seq-02/color/frame-000083.color.png 0.999674 -0.00960145 0.0236609 0.0174568 0.00946541 0.999938 0.00585504 -0.0141081 -0.0237156 -0.00562918 0.999703 0.0506555 0.0 0.0 0.0 1.0
redkitchen/seq-02/color/frame-000081.color.png redkitchen/seq-02/color/frame-000084.color.png 0.99997 -0.00236821 0.0074051 0.0101919 0.00234101 0.999991 0.00367627 -0.00409484 -0.00741372 -0.00365882 0.999966 0.0374307 0.0 0.0 0.0 1.0
redkitchen/seq-02/color/frame-000082.color.png redkitchen/seq-02/color/frame-000085.color.png 0.999992 0.00290639 -0.00261252 0.0207307 -0.00288259 0.999955 0.0090659 -0.0128566 0.0026387 -0.00905831 0.999956 0.0239695 0.0 0.0 0.0 1.0
redkitchen/seq-02/color/frame-000083.color.png redkitchen/seq-02/color/frame-000086.color.png 0.999971 0.00722152 -0.00229055 0.0227203 -0.00719788 0.999923 0.0101645 -0.0117024 0.00236377 -0.0101477 0.999946 0.020931 0.0 0.0 0.0 1.0
redkitchen/seq-02/color/frame-000084.color.png redkitchen/seq-02/color/frame-000087.color.png 0.999976 0.00672768 0.00137538 0.0210054 -0.00673985 0.999937 0.00901818 -0.0138302 -0.00131459 -0.00902724 0.999958 0.0270038 0.0 0.0 0.0 1.0
redkitchen/seq-02/color/frame-000085.color.png redkitchen/seq-02/color/frame-000088.color.png 0.999978 0.00612043 0.00256675 0.0274843 -0.00611777 0.999981 -0.00104359 -0.00868647 -0.00257309 0.00102786 0.999996 0.0337623 0.0 0.0 0.0 1.0
redkitchen/seq-02/color/frame-000086.color.png redkitchen/seq-02/color/frame-000089.color.png 0.999986 0.00188451 0.00500087 0.0236052 -0.00186846 0.999993 -0.0032104 -0.0094576 -0.00500685 0.00320102 0.999982 0.0318594 0.0 0.0 0.0 1.0
redkitchen/seq-02/color/frame-000087.color.png redkitchen/seq-02/color/frame-000090.color.png 0.999981 -0.00579798 0.00212595 0.0279245 0.00580555 0.999977 -0.0035578 -0.0121032 -0.00210526 0.00357007 0.999991 0.0269247 0.0 0.0 0.0 1.0
redkitchen/seq-02/color/frame-000088.color.png redkitchen/seq-02/color/frame-000091.color.png 0.999923 -0.0121305 0.00274225 0.0135298 0.0121404 0.99992 -0.00363764 -0.00610903 -0.00269786 0.00367066 0.99999 0.0227227 0.0 0.0 0.0 1.0
redkitchen/seq-02/color/frame-000089.color.png redkitchen/seq-02/color/frame-000092.color.png 0.999903 -0.0139302 -0.00054185 0.0167411 0.0139284 0.999898 -0.00314675 -0.00581803 0.000585637 0.00313891 0.999995 0.017666 0.0 0.0 0.0 1.0
redkitchen/seq-02/color/frame-000090.color.png redkitchen/seq-02/color/frame-000093.color.png 0.999929 -0.0118338 -0.00126886 0.0189656 0.0118324 0.999929 -0.00115764 -0.00309791 0.0012825 0.00114254 0.999999 0.0109067 0.0 0.0 0.0 1.0
redkitchen/seq-02/color/frame-000091.color.png redkitchen/seq-02/color/frame-000094.color.png 0.999934 -0.0109633 -0.00332937 0.0233643 0.0109859 0.999916 0.00683538 -0.0110708 0.00325415 -0.00687151 0.999971 0.00318348 0.0 0.0 0.0 1.0
redkitchen/seq-02/color/frame-000092.color.png redkitchen/seq-02/color/frame-000095.color.png 0.999937 -0.0108157 -0.00307454 0.022364 0.0108467 0.999889 0.0102678 -0.0109666 0.00296311 -0.0103005 0.999943 0.0163875 0.0 0.0 0.0 1.0
redkitchen/seq-02/color/frame-000093.color.png redkitchen/seq-02/color/frame-000096.color.png 0.99993 -0.010764 -0.00488235 0.0242126 0.0108121 0.999892 0.00995017 -0.0112885 0.00477484 -0.0100022 0.999939 0.0143851 0.0 0.0 0.0 1.0
redkitchen/seq-02/color/frame-000094.color.png redkitchen/seq-02/color/frame-000097.color.png 0.999938 -0.0103924 -0.00399495 0.0241669 0.0104263 0.999909 0.00857826 -0.0129978 0.00390552 -0.00861936 0.999955 0.0140965 0.0 0.0 0.0 1.0
redkitchen/seq-02/color/frame-000095.color.png redkitchen/seq-02/color/frame-000098.color.png 0.999949 -0.00980743 -0.00235863 0.0223007 0.00981434 0.999947 0.00294168 -0.00990371 0.00232972 -0.00296469 0.999993 0.00422862 0.0 0.0 0.0 1.0
redkitchen/seq-02/color/frame-000096.color.png redkitchen/seq-02/color/frame-000099.color.png 0.99994 -0.010925 0.00102055 0.0192586 0.0109235 0.999939 0.00149052 -0.00912842 -0.00103685 -0.00147932 0.999998 0.00615606 0.0 0.0 0.0 1.0
redkitchen/seq-02/color/frame-000097.color.png redkitchen/seq-02/color/frame-000100.color.png 0.99995 -0.00931411 0.00356039 0.0176846 0.00931638 0.999956 -0.000616464 -0.00516906 -0.00355458 0.000649588 0.999993 0.00809219 0.0 0.0 0.0 1.0
redkitchen/seq-02/color/frame-000098.color.png redkitchen/seq-02/color/frame-000101.color.png 0.999938 -0.0103909 0.0040639 0.019915 0.0103991 0.999944 -0.0020061 -0.00614095 -0.00404294 0.00204824 0.99999 0.00534388 0.0 0.0 0.0 1.0
redkitchen/seq-02/color/frame-000099.color.png redkitchen/seq-02/color/frame-000102.color.png 0.999924 -0.0120609 0.00265556 0.0213401 0.0120725 0.999917 -0.00439498 -0.000112459 -0.00260236 0.00442671 0.999987 0.0034366 0.0 0.0 0.0 1.0
redkitchen/seq-02/color/frame-000100.color.png redkitchen/seq-02/color/frame-000103.color.png 0.999933 -0.0111743 0.00297156 0.0230412 0.0111759 0.999937 -0.000528011 -0.00141785 -0.0029654 0.000561205 0.999995 0.00529274 0.0 0.0 0.0 1.0
redkitchen/seq-02/color/frame-000101.color.png redkitchen/seq-02/color/frame-000104.color.png 0.999973 -0.00718271 0.00131657 0.0274369 0.00717994 0.999972 0.00209857 -0.00251574 -0.00133157 -0.00208906 0.999997 0.00532579 0.0 0.0 0.0 1.0
redkitchen/seq-02/color/frame-000102.color.png redkitchen/seq-02/color/frame-000105.color.png 0.999972 -0.00730603 0.00147326 0.0299957 0.00730629 0.999973 -0.000170734 -0.00109163 -0.00147197 0.000181492 0.999999 0.00368893 0.0 0.0 0.0 1.0
redkitchen/seq-02/color/frame-000103.color.png redkitchen/seq-02/color/frame-000106.color.png 0.999991 -0.00400271 -0.00152368 0.0313554 0.00400129 0.999992 -0.000962931 -0.00088571 0.00152757 0.000956814 0.999998 -0.00466594 0.0 0.0 0.0 1.0
redkitchen/seq-02/color/frame-000104.color.png redkitchen/seq-02/color/frame-000107.color.png 1.0 -0.000272333 0.000137899 0.0208337 0.000272792 0.999994 -0.00344608 0.00722117 -0.000136983 0.00344611 0.999994 0.00607356 0.0 0.0 0.0 1.0
redkitchen/seq-02/color/frame-000105.color.png redkitchen/seq-02/color/frame-000108.color.png 0.999975 0.00685499 -0.00193844 0.020398 -0.00686224 0.999969 -0.00374867 0.0103314 0.0019127 0.00376187 0.999991 0.00222683 0.0 0.0 0.0 1.0
redkitchen/seq-02/color/frame-000106.color.png redkitchen/seq-02/color/frame-000109.color.png 0.999759 0.0204864 -0.00789917 0.0354844 -0.0205136 0.999784 -0.00337351 0.0179446 0.00782831 0.00353473 0.999963 -0.00146714 0.0 0.0 0.0 1.0
redkitchen/seq-02/color/frame-000107.color.png redkitchen/seq-02/color/frame-000110.color.png 0.999649 0.0244033 -0.0103152 0.0371232 -0.0244648 0.999683 -0.00586386 0.0232594 0.0101688 0.00611418 0.999929 -0.00690496 0.0 0.0 0.0 1.0
redkitchen/seq-02/color/frame-000108.color.png redkitchen/seq-02/color/frame-000111.color.png 0.999539 0.0277832 -0.0122509 0.0401584 -0.027803 0.999612 -0.00144339 0.0236843 0.0122061 0.00178335 0.999924 -0.0129804 0.0 0.0 0.0 1.0
redkitchen/seq-02/color/frame-000109.color.png redkitchen/seq-02/color/frame-000112.color.png 0.999717 0.0223231 -0.0081946 0.0307667 -0.0223159 0.999751 0.000977522 0.017162 0.0082143 -0.000794371 0.999966 -0.00936261 0.0 0.0 0.0 1.0
redkitchen/seq-02/color/frame-000110.color.png redkitchen/seq-02/color/frame-000113.color.png 0.999724 0.0230159 -0.00469864 0.028191 -0.0229976 0.999728 0.00389421 0.0159627 0.00478708 -0.00378508 0.999981 -0.0056431 0.0 0.0 0.0 1.0
redkitchen/seq-02/color/frame-000111.color.png redkitchen/seq-02/color/frame-000114.color.png 0.999737 0.0222132 -0.00569164 0.0251598 -0.0222035 0.999752 0.0017553 0.0176176 0.00572921 -0.00162847 0.999982 -0.00148097 0.0 0.0 0.0 1.0
redkitchen/seq-02/color/frame-000112.color.png redkitchen/seq-02/color/frame-000115.color.png 0.999755 0.0195105 -0.0104552 0.0278156 -0.0195024 0.999809 0.000872317 0.0162328 0.0104702 -0.000668197 0.999945 -0.00537869 0.0 0.0 0.0 1.0
redkitchen/seq-02/color/frame-000113.color.png redkitchen/seq-02/color/frame-000116.color.png 0.999508 0.022472 -0.0218995 0.0449132 -0.0224769 0.999747 2.44112e-05 0.0129296 0.0218944 0.000467821 0.99976 -0.0200644 0.0 0.0 0.0 1.0
redkitchen/seq-02/color/frame-000114.color.png redkitchen/seq-02/color/frame-000117.color.png 0.999597 0.0195174 -0.0206076 0.045166 -0.0195255 0.999809 -0.000191078 0.00800459 0.0205999 0.000593368 0.999788 -0.0146885 0.0 0.0 0.0 1.0
redkitchen/seq-02/color/frame-000115.color.png redkitchen/seq-02/color/frame-000118.color.png 0.999694 0.0156837 -0.01913 0.0443296 -0.0158027 0.999857 -0.00608438 0.0108761 0.0190319 0.00638483 0.999799 -0.011447 0.0 0.0 0.0 1.0
redkitchen/seq-02/color/frame-000116.color.png redkitchen/seq-02/color/frame-000119.color.png 0.999897 0.00682937 -0.0126171 0.0298584 -0.00695234 0.999929 -0.00973052 0.0107695 0.0125498 0.00981724 0.999873 -0.00406095 0.0 0.0 0.0 1.0
redkitchen/seq-02/color/frame-000117.color.png redkitchen/seq-02/color/frame-000120.color.png 0.999885 0.00412496 -0.0146065 0.0327352 -0.00432072 0.999901 -0.0133978 0.0165782 0.0145498 0.0134593 0.999804 -0.0091649 0.0 0.0 0.0 1.0
redkitchen/seq-02/color/frame-000118.color.png redkitchen/seq-02/color/frame-000121.color.png 0.999882 0.00323178 -0.0149911 0.0341412 -0.00336292 0.999956 -0.00873067 0.00800628 0.0149622 0.00878006 0.999849 -0.00844434 0.0 0.0 0.0 1.0
redkitchen/seq-02/color/frame-000119.color.png redkitchen/seq-02/color/frame-000122.color.png 0.999918 -0.00100603 -0.0127344 0.03064 0.000891679 0.999959 -0.00898102 -0.00245705 0.012743 0.00896893 0.999879 -0.00482744 0.0 0.0 0.0 1.0
redkitchen/seq-02/color/frame-000120.color.png redkitchen/seq-02/color/frame-000123.color.png 0.999894 -0.00437258 -0.0138993 0.0320035 0.00413386 0.999844 -0.0171559 0.00719292 0.0139721 0.0170966 0.999756 -0.00319657 0.0 0.0 0.0 1.0
redkitchen/seq-02/color/frame-000121.color.png redkitchen/seq-02/color/frame-000124.color.png 0.999849 -0.00689001 -0.0159497 0.0324333 0.00658349 0.999794 -0.0191909 0.0129263 0.0160787 0.019083 0.999689 -0.00443962 0.0 0.0 0.0 1.0
redkitchen/seq-02/color/frame-000122.color.png redkitchen/seq-02/color/frame-000125.color.png 0.999714 -0.000344024 -0.0239234 0.0458887 -1.98912e-05 0.999884 -0.0152093 0.0165079 0.0239259 0.0152054 0.999598 -0.00772977 0.0 0.0 0.0 1.0
redkitchen/seq-02/color/frame-000123.color.png redkitchen/seq-02/color/frame-000126.color.png 0.999779 0.00369512 -0.020718 0.0437416 -0.00384758 0.999966 -0.00732241 0.00566323 0.0206902 0.0074005 0.999758 -0.00242716 0.0 0.0 0.0 1.0
redkitchen/seq-02/color/frame-000124.color.png redkitchen/seq-02/color/frame-000127.color.png 0.999842 0.00299917 -0.0175134 0.0428964 -0.00310371 0.999978 -0.00594439 0.00161602 0.0174952 0.00599781 0.999829 -0.00637937 0.0 0.0 0.0 1.0
redkitchen/seq-02/color/frame-000125.color.png redkitchen/seq-02/color/frame-000128.color.png 0.999926 -0.00332015 -0.0117159 0.0434589 0.00329569 0.999992 -0.00210935 0.00090497 0.0117228 0.00207059 0.999929 0.00319263 0.0 0.0 0.0 1.0
redkitchen/seq-02/color/frame-000126.color.png redkitchen/seq-02/color/frame-000129.color.png 0.999967 -0.00392411 -0.00709159 0.0291626 0.00392744 0.999992 0.000454711 -0.000557616 0.00708976 -0.000482549 0.999975 0.0039382 0.0 0.0 0.0 1.0
redkitchen/seq-02/color/frame-000127.color.png redkitchen/seq-02/color/frame-000130.color.png 0.999913 -0.00793607 -0.0105637 0.0316978 0.00792619 0.999968 -0.000981613 -0.00371221 0.0105712 0.000897793 0.999944 0.0151711 0.0 0.0 0.0 1.0
redkitchen/seq-02/color/frame-000128.color.png redkitchen/seq-02/color/frame-000131.color.png 0.999882 -0.00836736 -0.0129006 0.0293344 0.00834163 0.999963 -0.00204358 -0.0046104 0.0129172 0.00193572 0.999915 0.00483465 0.0 0.0 0.0 1.0
redkitchen/seq-02/color/frame-000129.color.png redkitchen/seq-02/color/frame-000132.color.png 0.999767 -0.0112268 -0.0184468 0.0431665 0.0112185 0.999937 -0.000555951 -0.00921256 0.0184518 0.000348872 0.99983 0.000407577 0.0 0.0 0.0 1.0
redkitchen/seq-02/color/frame-000130.color.png redkitchen/seq-02/color/frame-000133.color.png 0.999659 -0.016887 -0.0199215 0.0461701 0.0169016 0.999857 0.000563838 -0.0165497 0.0199091 -0.000900339 0.999801 0.00630558 0.0 0.0 0.0 1.0
redkitchen/seq-02/color/frame-000131.color.png redkitchen/seq-02/color/frame-000134.color.png 0.999716 -0.016879 -0.0167997 0.0446962 0.0168724 0.999857 -0.000539196 -0.0153107 0.0168064 0.000255589 0.999859 0.00849107 0.0 0.0 0.0 1.0
redkitchen/seq-02/color/frame-000132.color.png redkitchen/seq-02/color/frame-000135.color.png 0.999785 -0.0142531 -0.0150462 0.0406657 0.0142422 0.999898 -0.000832018 -0.0149456 0.0150566 0.000617544 0.999887 0.015289 0.0 0.0 0.0 1.0
redkitchen/seq-02/color/frame-000133.color.png redkitchen/seq-02/color/frame-000136.color.png 0.999949 -0.00446177 -0.0091022 0.030562 0.00446201 0.99999 1.01534e-05 -0.00552448 0.00910209 -5.07662e-05 0.999959 0.0113901 0.0 0.0 0.0 1.0
redkitchen/seq-02/color/frame-000134.color.png redkitchen/seq-02/color/frame-000137.color.png 0.999949 -0.00461154 -0.00903425 0.0343834 0.00466336 0.999973 0.00572425 -0.0151913 0.00900764 -0.00576608 0.999943 0.0106348 0.0 0.0 0.0 1.0
redkitchen/seq-02/color/frame-000135.color.png redkitchen/seq-02/color/frame-000138.color.png 0.999975 -0.00629693 -0.00334056 0.0310192 0.00632635 0.999941 0.00885924 -0.0236998 0.00328452 -0.00888016 0.999955 0.0138076 0.0 0.0 0.0 1.0
redkitchen/seq-02/color/frame-000136.color.png redkitchen/seq-02/color/frame-000139.color.png 0.999981 -0.003859 0.00479044 0.0268631 0.00381918 0.999958 0.00830085 -0.0221985 -0.00482228 -0.0082824 0.999954 0.0279774 0.0 0.0 0.0 1.0
redkitchen/seq-02/color/frame-000137.color.png redkitchen/seq-02/color/frame-000140.color.png 0.999904 0.000748582 0.0138288 0.0171726 -0.000794882 0.999994 0.00334681 -0.0119263 -0.0138262 -0.00335748 0.999899 0.0374723 0.0 0.0 0.0 1.0
redkitchen/seq-02/color/frame-000138.color.png redkitchen/seq-02/color/frame-000141.color.png 0.999872 0.00277819 0.0157385 0.0191458 -0.00282806 0.999991 0.00314014 -0.00810199 -0.0157296 -0.00318425 0.999871 0.0420468 0.0 0.0 0.0 1.0
redkitchen/seq-02/color/frame-000139.color.png redkitchen/seq-02/color/frame-000142.color.png 0.999893 0.00301497 0.0143003 0.0147586 -0.00304856 0.999993 0.0023258 -0.00937247 -0.0142931 -0.00236914 0.999895 0.0449437 0.0 0.0 0.0 1.0
redkitchen/seq-02/color/frame-000140.color.png redkitchen/seq-02/color/frame-000143.color.png 0.999979 0.00337792 0.00554781 0.0239555 -0.00339123 0.999992 0.00238292 -0.0180806 -0.00553972 -0.00240169 0.999982 0.0310743 0.0 0.0 0.0 1.0
redkitchen/seq-02/color/frame-000141.color.png redkitchen/seq-02/color/frame-000144.color.png 0.999945 0.00751313 0.00734323 0.0164005 -0.00751847 0.999971 0.000707861 -0.00573753 -0.00733772 -0.000763031 0.999973 0.0297604 0.0 0.0 0.0 1.0
redkitchen/seq-02/color/frame-000142.color.png redkitchen/seq-02/color/frame-000145.color.png 0.999909 0.00476101 0.0125732 0.0234397 -0.00481069 0.999981 0.00392353 -0.010763 -0.0125543 -0.00398368 0.999913 0.0429014 0.0 0.0 0.0 1.0
redkitchen/seq-02/color/frame-000143.color.png redkitchen/seq-02/color/frame-000146.color.png 0.999955 -0.00243121 0.00919672 0.0294012 0.00235368 0.999962 0.00843272 -0.0205576 -0.00921687 -0.00841069 0.999922 0.0434645 0.0 0.0 0.0 1.0
redkitchen/seq-02/color/frame-000144.color.png redkitchen/seq-02/color/frame-000147.color.png 0.99996 -0.00782291 0.00424078 0.0350602 0.00777807 0.999915 0.010489 -0.0359946 -0.0043225 -0.0104556 0.999936 0.045521 0.0 0.0 0.0 1.0
redkitchen/seq-02/color/frame-000145.color.png redkitchen/seq-02/color/frame-000148.color.png 0.999951 -0.00969441 -0.00207705 0.0234896 0.0097002 0.999949 0.00278173 -0.0230321 0.00205008 -0.00280173 0.999994 0.0311683 0.0 0.0 0.0 1.0
redkitchen/seq-02/color/frame-000146.color.png redkitchen/seq-02/color/frame-000149.color.png 0.999965 -0.00709283 -0.00435709 0.0231915 0.00707418 0.999966 -0.00428031 -0.0191817 0.00438728 0.00424934 0.999981 0.0357338 0.0 0.0 0.0 1.0
redkitchen/seq-02/color/frame-000147.color.png redkitchen/seq-02/color/frame-000150.color.png 0.999946 -0.00673079 -0.00788035 0.0241914 0.00663234 0.9999 -0.0124551 -0.00510713 0.0079634 0.0124021 0.999891 0.0229834 0.0 0.0 0.0 1.0
redkitchen/seq-02/color/frame-000148.color.png redkitchen/seq-02/color/frame-000151.color.png 0.9999 0.0013882 -0.0140545 0.0302131 -0.00146136 0.999986 -0.00519674 -0.00193685 0.014047 0.00521675 0.999888 0.0107996 0.0 0.0 0.0 1.0
redkitchen/seq-02/color/frame-000149.color.png redkitchen/seq-02/color/frame-000152.color.png 0.999833 0.00823045 -0.0163349 0.02798 -0.00813319 0.999949 0.00601162 -0.00512159 0.0163836 -0.00587776 0.999849 0.00582314 0.0 0.0 0.0 1.0
redkitchen/seq-02/color/frame-000150.color.png redkitchen/seq-02/color/frame-000153.color.png 0.999654 0.0153413 -0.0213598 0.0358921 -0.0151455 0.999842 0.00929574 -0.00296517 0.0214991 -0.00896902 0.999729 0.0100225 0.0 0.0 0.0 1.0
redkitchen/seq-02/color/frame-000151.color.png redkitchen/seq-02/color/frame-000154.color.png 0.9997 0.0162789 -0.0183142 0.0300398 -0.0162298 0.999864 0.00282946 -0.000188485 0.0183578 -0.00253137 0.999828 0.0149719 0.0 0.0 0.0 1.0
redkitchen/seq-02/color/frame-000152.color.png redkitchen/seq-02/color/frame-000155.color.png 0.999759 0.0133252 -0.0174542 0.0231991 -0.013432 0.999892 -0.00601944 0.0119538 0.017372 0.00625243 0.99983 0.0066101 0.0 0.0 0.0 1.0
redkitchen/seq-02/color/frame-000153.color.png redkitchen/seq-02/color/frame-000156.color.png 0.999522 0.0155593 -0.0267086 0.0270916 -0.0157182 0.99986 -0.00574711 0.013497 0.0266154 0.00616418 0.999627 0.00364119 0.0 0.0 0.0 1.0
redkitchen/seq-02/color/frame-000154.color.png redkitchen/seq-02/color/frame-000157.color.png 0.998942 0.0184977 -0.0421028 0.0435089 -0.0186747 0.999818 -0.00381487 0.0154745 0.0420245 0.00459709 0.999106 -0.00805712 0.0 0.0 0.0 1.0
redkitchen/seq-02/color/frame-000155.color.png redkitchen/seq-02/color/frame-000158.color.png 0.998385 0.0214124 -0.0526132 0.0720497 -0.02135 0.99977 0.00174762 0.00780785 0.0526386 -0.000621513 0.998613 -0.0220475 0.0 0.0 0.0 1.0
redkitchen/seq-02/color/frame-000156.color.png redkitchen/seq-02/color/frame-000159.color.png 0.998879 0.0226351 -0.0415683 0.0632613 -0.0225804 0.999743 0.00178537 0.0136766 0.0415981 -0.00084474 0.999134 -0.0145842 0.0 0.0 0.0 1.0
redkitchen/seq-02/color/frame-000157.color.png redkitchen/seq-02/color/frame-000160.color.png 0.999383 0.0209294 -0.0282028 0.0553519 -0.020867 0.999779 0.00250535 0.00625901 0.028249 -0.00191529 0.999599 -0.000411808 0.0 0.0 0.0 1.0
redkitchen/seq-02/color/frame-000158.color.png redkitchen/seq-02/color/frame-000161.color.png 0.999583 0.0202099 -0.0206175 0.042843 -0.0202481 0.999794 -0.00164167 0.0124119 0.0205801 0.00205846 0.999786 0.0113097 0.0 0.0 0.0 1.0
redkitchen/seq-02/color/frame-000159.color.png redkitchen/seq-02/color/frame-000162.color.png 0.999615 0.0140119 -0.0239657 0.0526869 -0.0140029 0.999902 0.000545739 -0.00242878 0.023971 -0.000209941 0.999713 -0.000802517 0.0 0.0 0.0 1.0
redkitchen/seq-02/color/frame-000160.color.png redkitchen/seq-02/color/frame-000163.color.png 0.99959 0.0182994 -0.0220438 0.040401 -0.0184081 0.999819 -0.00473869 0.0175255 0.0219531 0.00514253 0.999746 0.00587046 0.0 0.0 0.0 1.0
redkitchen/seq-02/color/frame-000161.color.png redkitchen/seq-02/color/frame-000164.color.png 0.999261 0.0243688 -0.0297119 0.0533459 -0.0245144 0.999689 -0.00454627 0.0216329 0.0295918 0.00527128 0.999548 -0.00329232 0.0 0.0 0.0 1.0
redkitchen/seq-02/color/frame-000162.color.png redkitchen/seq-02/color/frame-000165.color.png 0.999015 0.0305674 -0.0321676 0.0541713 -0.0307943 0.999504 -0.00658209 0.0358385 0.0319505 0.00756619 0.999461 -0.00460839 0.0 0.0 0.0 1.0
redkitchen/seq-02/color/frame-000163.color.png redkitchen/seq-02/color/frame-000166.color.png 0.998679 0.0341185 -0.0384271 0.0731015 -0.0341582 0.999416 -0.000377468 0.0234639 0.0383918 0.00168957 0.999261 -0.0119209 0.0 0.0 0.0 1.0
redkitchen/seq-02/color/frame-000164.color.png redkitchen/seq-02/color/frame-000167.color.png 0.998601 0.0424844 -0.031487 0.0558931 -0.0426326 0.999083 -0.00404992 0.0376194 0.031286 0.00538662 0.999496 -0.00535578 0.0 0.0 0.0 1.0
redkitchen/seq-02/color/frame-000165.color.png redkitchen/seq-02/color/frame-000168.color.png 0.998467 0.0420425 -0.0359869 0.0661825 -0.0422363 0.999097 -0.00464382 0.0329651 0.0357592 0.00615666 0.999341 -0.0145403 0.0 0.0 0.0 1.0
redkitchen/seq-02/color/frame-000166.color.png redkitchen/seq-02/color/frame-000169.color.png 0.998476 0.0387875 -0.0392613 0.0691735 -0.0391989 0.999184 -0.00976466 0.0383116 0.0388505 0.0112888 0.999181 -0.0241014 0.0 0.0 0.0 1.0
redkitchen/seq-02/color/frame-000167.color.png redkitchen/seq-02/color/frame-000170.color.png 0.998486 0.0373119 -0.0404268 0.0703529 -0.0378193 0.999214 -0.0118585 0.0399097 0.0399526 0.0133695 0.999112 -0.0194612 0.0 0.0 0.0 1.0
redkitchen/seq-02/color/frame-000168.color.png redkitchen/seq-02/color/frame-000171.color.png 0.998572 0.0386693 -0.0368695 0.0646021 -0.0391755 0.999146 -0.0131054 0.0405809 0.0363312 0.0145311 0.999234 -0.0189395 0.0 0.0 0.0 1.0
