redkitchen/seq-02/color/frame-000002.color.png redkitchen/seq-02/color/frame-000005.color.png 0.999998 -0.000216368 0.00173834 0.00664541 0.000211544 0.999996 0.0027746 -0.00430154 -0.00173893 -0.00277423 0.999995 -0.000855851 0.0 0.0 0.0 1.0
redkitchen/seq-02/color/frame-000005.color.png redkitchen/seq-02/color/frame-000008.color.png 0.999983 -0.00248317 0.00532207 -0.00385714 0.00248462 0.999997 -0.000265504 -0.000654489 -0.00532139 0.000278723 0.999986 0.00150847 0.0 0.0 0.0 1.0
redkitchen/seq-02/color/frame-000008.color.png redkitchen/seq-02/color/frame-000011.color.png 0.999971 -0.00232006 0.00724062 -0.000165623 0.00233589 0.999995 -0.00217857 -0.000244005 -0.00723553 0.00219542 0.999971 0.000901083 0.0 0.0 0.0 1.0
redkitchen/seq-02/color/frame-000011.color.png redkitchen/seq-02/color/frame-000014.color.png 0.999983 -0.00228105 0.00527521 0.0016414 0.00230276 0.999989 -0.00411338 -0.000350881 -0.00526576 0.00412546 0.999978 0.000333169 0.0 0.0 0.0 1.0
redkitchen/seq-02/color/frame-000014.color.png redkitchen/seq-02/color/frame-000017.color.png 0.999961 -0.00586391 0.00664123 -0.00190565 0.00588652 0.999977 -0.00339066 0.00134781 -0.0066212 0.00342962 0.999972 0.0010373 0.0 0.0 0.0 1.0
redkitchen/seq-02/color/frame-000017.color.png redkitchen/seq-02/color/frame-000020.color.png 0.999938 -0.00882117 0.00683799 -0.00312904 0.00882833 0.99996 -0.0010166 -0.0012579 -0.00682875 0.0010769 0.999976 0.0026257 0.0 0.0 0.0 1.0
redkitchen/seq-02/color/frame-000020.color.png redkitchen/seq-02/color/frame-000023.color.png 0.999969 -0.00113984 0.0078403 -0.000522017 0.00110994 0.999992 0.00381686 -0.00424231 -0.0078446 -0.00380804 0.999962 0.00517112 0.0 0.0 0.0 1.0
redkitchen/seq-02/color/frame-000023.color.png redkitchen/seq-02/color/frame-000026.color.png 0.999908 -0.00553525 0.0123818 -0.00393304 0.00543664 0.999953 0.00798374 -0.000566769 -0.0124254 -0.00791569 0.999892 0.00906679 0.0 0.0 0.0 1.0
redkitchen/seq-02/color/frame-000026.color.png redkitchen/seq-02/color/frame-000029.color.png 0.999665 -0.0129976 0.0223832 -0.0031647 0.01285 0.999895 0.00672751 -0.00137692 -0.0224683 -0.00643763 0.999727 0.00953333 0.0 0.0 0.0 1.0
redkitchen/seq-02/color/frame-000029.color.png redkitchen/seq-02/color/frame-000032.color.png 0.999501 -0.0235094 0.0210779 -0.00499864 0.0231967 0.999619 0.0149601 -0.00404087 -0.0214215 -0.0144637 0.999666 0.0175316 0.0 0.0 0.0 1.0
redkitchen/seq-02/color/frame-000032.color.png redkitchen/seq-02/color/frame-000035.color.png 0.999857 -0.0138563 0.00973833 0.00814883 0.0138725 0.999902 -0.00160831 -8.72742e-06 -0.00971512 0.00174317 0.999951 0.0103456 0.0 0.0 0.0 1.0
redkitchen/seq-02/color/frame-000035.color.png redkitchen/seq-02/color/frame-000038.color.png 0.999911 -0.00944347 0.00939619 0.000621904 0.00949446 0.99994 -0.00539563 -0.00259589 -0.00934466 0.00548436 0.999941 0.0144376 0.0 0.0 0.0 1.0
redkitchen/seq-02/color/frame-000038.color.png redkitchen/seq-02/color/frame-000041.color.png 0.999773 -0.00933658 0.0191604 0.0145567 0.00940207 0.99995 -0.00333063 -0.000383558 -0.0191283 0.00351002 0.999811 0.0129715 0.0 0.0 0.0 1.0
redkitchen/seq-02/color/frame-000041.color.png redkitchen/seq-02/color/frame-000044.color.png 0.999907 -0.00929365 0.00994233 0.0118608 0.00920922 0.999921 0.00850389 -0.000746692 -0.0100206 -0.00841154 0.999914 0.0146051 0.0 0.0 0.0 1.0
redkitchen/seq-02/color/frame-000044.color.png redkitchen/seq-02/color/frame-000047.color.png 0.999646 -0.0131701 0.0231 0.0239978 0.0130042 0.999889 0.00731831 -0.00533363 -0.0231938 -0.00701532 0.999706 0.015945 0.0 0.0 0.0 1.0
redkitchen/seq-02/color/frame-000047.color.png redkitchen/seq-02/color/frame-000050.color.png 0.999565 0.00814088 0.0283429 0.0175793 -0.00838353 0.999929 0.00845399 0.00283018 -0.028272 -0.00868792 0.999563 0.0238865 0.0 0.0 0.0 1.0
redkitchen/seq-02/color/frame-000050.color.png redkitchen/seq-02/color/frame-000053.color.png 0.99988 0.00877142 0.0127695 0.013032 -0.00887473 0.999928 0.008054 -0.00250117 -0.0126979 -0.00816636 0.999886 0.0234669 0.0 0.0 0.0 1.0
redkitchen/seq-02/color/frame-000053.color.png redkitchen/seq-02/color/frame-000056.color.png 0.999993 0.00230279 -0.00309664 0.0265446 -0.00229151 0.999991 0.00364598 -0.00940592 0.00310497 -0.00363885 0.999989 0.012096 0.0 0.0 0.0 1.0
redkitchen/seq-02/color/frame-000056.color.png redkitchen/seq-02/color/frame-000059.color.png 0.999926 -0.0096655 0.00734744 0.0400994 0.00969436 0.999945 -0.00390017 -0.00464133 -0.00730932 0.00397111 0.999965 0.0110491 0.0 0.0 0.0 1.0
redkitchen/seq-02/color/frame-000059.color.png redkitchen/seq-02/color/frame-000062.color.png 0.999882 -0.00808252 0.0130593 0.021191 0.00818407 0.999937 -0.0077426 0.00445188 -0.0129959 0.00784856 0.999885 0.0114795 0.0 0.0 0.0 1.0
redkitchen/seq-02/color/frame-000062.color.png redkitchen/seq-02/color/frame-000065.color.png 0.999686 -0.0243239 0.00609831 0.033934 0.0243984 0.999625 -0.0124423 -0.00588271 -0.00579333 0.0125872 0.999904 0.0171774 0.0 0.0 0.0 1.0
redkitchen/seq-02/color/frame-000065.color.png redkitchen/seq-02/color/frame-000068.color.png 0.999911 -0.010715 0.00789709 0.026734 0.0108631 0.999761 -0.0189664 0.00125868 -0.00769199 0.0190505 0.999789 0.00690344 0.0 0.0 0.0 1.0
redkitchen/seq-02/color/frame-000068.color.png redkitchen/seq-02/color/frame-000071.color.png 0.999929 -0.00781626 0.0090257 0.0251861 0.00790076 0.999925 -0.00935953 0.000509288 -0.00895184 0.00943017 0.999916 0.0197504 0.0 0.0 0.0 1.0
redkitchen/seq-02/color/frame-000071.color.png redkitchen/seq-02/color/frame-000074.color.png 0.999979 -0.00187969 0.00620448 0.021361 0.00186795 0.999996 0.0019043 -0.0101699 -0.00620799 -0.00189267 0.999979 0.0222332 0.0 0.0 0.0 1.0
redkitchen/seq-02/color/frame-000074.color.png redkitchen/seq-02/color/frame-000077.color.png 0.999797 -0.00337319 0.0198745 0.0237142 0.00326742 0.999981 0.00535149 -0.0125178 -0.0198922 -0.00528547 0.999788 0.03681 0.0 0.0 0.0 1.0
redkitchen/seq-02/color/frame-000077.color.png redkitchen/seq-02/color/frame-000080.color.png 0.999941 -0.00948231 0.0053424 0.0269512 0.00945312 0.99994 0.00545951 -0.0148351 -0.00539383 -0.00540867 0.999971 0.0256899 0.0 0.0 0.0 1.0
redkitchen/seq-02/color/frame-000080.color.png redkitchen/seq-02/color/frame-000083.color.png 0.999674 -0.00960145 0.0236609 0.0174568 0.00946541 0.999938 0.00585504 -0.0141081 -0.0237156 -0.00562918 0.999703 0.0506555 0.0 0.0 0.0 1.0
redkitchen/seq-02/color/frame-000083.color.png redkitchen/seq-02/color/frame-000086.color.png 0.999971 0.00722152 -0.00229055 0.0227203 -0.00719788 0.999923 0.0101645 -0.0117024 0.00236377 -0.0101477 0.999946 0.020931 0.0 0.0 0.0 1.0
redkitchen/seq-02/color/frame-000086.color.png redkitchen/seq-02/color/frame-000089.color.png 0.999986 0.00188451 0.00500087 0.0236052 -0.00186846 0.999993 -0.0032104 -0.0094576 -0.00500685 0.00320102 0.999982 0.0318594 0.0 0.0 0.0 1.0
redkitchen/seq-02/color/frame-000089.color.png redkitchen/seq-02/color/frame-000092.color.png 0.999903 -0.0139302 -0.00054185 0.0167411 0.0139284 0.999898 -0.00314675 -0.00581803 0.000585637 0.00313891 0.999995 0.017666 0.0 0.0 0.0 1.0
redkitchen/seq-02/color/frame-000092.color.png redkitchen/seq-02/color/frame-000095.color.png 0.999937 -0.0108157 -0.00307454 0.022364 0.0108467 0.999889 0.0102678 -0.0109666 0.00296311 -0.0103005 0.999943 0.0163875 0.0 0.0 0.0 1.0
redkitchen/seq-02/color/frame-000095.color.png redkitchen/seq-02/color/frame-000098.color.png 0.999949 -0.00980743 -0.00235863 0.0223007 0.00981434 0.999947 0.00294168 -0.00990371 0.00232972 -0.00296469 0.999993 0.00422862 0.0 0.0 0.0 1.0
redkitchen/seq-02/color/frame-000098.color.png redkitchen/seq-02/color/frame-000101.color.png 0.999938 -0.0103909 0.0040639 0.019915 0.0103991 0.999944 -0.0020061 -0.00614095 -0.00404294 0.00204824 0.99999 0.00534388 0.0 0.0 0.0 1.0
redkitchen/seq-02/color/frame-000101.color.png redkitchen/seq-02/color/frame-000104.color.png 0.999973 -0.00718271 0.00131657 0.0274369 0.00717994 0.999972 0.00209857 -0.00251574 -0.00133157 -0.00208906 0.999997 0.00532579 0.0 0.0 0.0 1.0
redkitchen/seq-02/color/frame-000104.color.png redkitchen/seq-02/color/frame-000107.color.png 1.0 -0.000272333 0.000137899 0.0208337 0.000272792 0.999994 -0.00344608 0.00722117 -0.000136983 0.00344611 0.999994 0.00607356 0.0 0.0 0.0 1.0
redkitchen/seq-02/color/frame-000107.color.png redkitchen/seq-02/color/frame-000110.color.png 0.999649 0.0244033 -0.0103152 0.0371232 -0.0244648 0.999683 -0.00586386 0.0232594 0.0101688 0.00611418 0.999929 -0.00690496 0.0 0.0 0.0 1.0
redkitchen/seq-02/color/frame-000110.color.png redkitchen/seq-02/color/frame-000113.color.png 0.999724 0.0230159 -0.00469864 0.028191 -0.0229976 0.999728 0.00389421 0.0159627 0.00478708 -0.00378508 0.999981 -0.0056431 0.0 0.0 0.0 1.0
redkitchen/seq-02/color/frame-000113.color.png redkitchen/seq-02/color/frame-000116.color.png 0.999508 0.022472 -0.0218995 0.0449132 -0.0224769 0.999747 2.44112e-05 0.0129296 0.0218944 0.000467821 0.99976 -0.0200644 0.0 0.0 0.0 1.0
redkitchen/seq-02/color/frame-000116.color.png redkitchen/seq-02/color/frame-000119.color.png 0.999897 0.00682937 -0.0126171 0.0298584 -0.00695234 0.999929 -0.00973052 0.0107695 0.0125498 0.00981724 0.999873 -0.00406095 0.0 0.0 0.0 1.0
redkitchen/seq-02/color/frame-000119.color.png redkitchen/seq-02/color/frame-000122.color.png 0.999918 -0.00100603 -0.0127344 0.03064 0.000891679 0.999959 -0.00898102 -0.00245705 0.012743 0.00896893 0.999879 -0.00482744 0.0 0.0 0.0 1.0
redkitchen/seq-02/color/frame-000122.color.png redkitchen/seq-02/color/frame-000125.color.png 0.999714 -0.000344024 -0.0239234 0.0458887 -1.98912e-05 0.999884 -0.0152093 0.0165079 0.0239259 0.0152054 0.999598 -0.00772977 0.0 0.0 0.0 1.0
redkitchen/seq-02/color/frame-000125.color.png redkitchen/seq-02/color/frame-000128.color.png 0.999926 -0.00332015 -0.0117159 0.0434589 0.00329569 0.999992 -0.00210935 0.00090497 0.0117228 0.00207059 0.999929 0.00319263 0.0 0.0 0.0 1.0
redkitchen/seq-02/color/frame-000128.color.png redkitchen/seq-02/color/frame-000131.color.png 0.999882 -0.00836736 -0.0129006 0.0293344 0.00834163 0.999963 -0.00204358 -0.0046104 0.0129172 0.00193572 0.999915 0.00483465 0.0 0.0 0.0 1.0
redkitchen/seq-02/color/frame-000131.color.png redkitchen/seq-02/color/frame-000134.color.png 0.999716 -0.016879 -0.0167997 0.0446962 0.0168724 0.999857 -0.000539196 -0.0153107 0.0168064 0.000255589 0.999859 0.00849107 0.0 0.0 0.0 1.0
redkitchen/seq-02/color/frame-000134.color.png redkitchen/seq-02/color/frame-000137.color.png 0.999949 -0.00461154 -0.00903425 0.0343834 0.00466336 0.999973 0.00572425 -0.0151913 0.00900764 -0.00576608 0.999943 0.0106348 0.0 0.0 0.0 1.0
redkitchen/seq-02/color/frame-000137.color.png redkitchen/seq-02/color/frame-000140.color.png 0.999904 0.000748582 0.0138288 0.0171726 -0.000794882 0.999994 0.00334681 -0.0119263 -0.0138262 -0.00335748 0.999899 0.0374723 0.0 0.0 0.0 1.0
redkitchen/seq-02/color/frame-000140.color.png redkitchen/seq-02/color/frame-000143.color.png 0.999979 0.00337792 0.00554781 0.0239555 -0.00339123 0.999992 0.00238292 -0.0180806 -0.00553972 -0.00240169 0.999982 0.0310743 0.0 0.0 0.0 1.0
redkitchen/seq-02/color/frame-000143.color.png redkitchen/seq-02/color/frame-000146.color.png 0.999955 -0.00243121 0.00919672 0.0294012 0.00235368 0.999962 0.00843272 -0.0205576 -0.00921687 -0.00841069 0.999922 0.0434645 0.0 0.0 0.0 1.0
redkitchen/seq-02/color/frame-000146.color.png redkitchen/seq-02/color/frame-000149.color.png 0.999965 -0.00709283 -0.00435709 0.0231915 0.00707418 0.999966 -0.00428031 -0.0191817 0.00438728 0.00424934 0.999981 0.0357338 0.0 0.0 0.0 1.0
redkitchen/seq-02/color/frame-000149.color.png redkitchen/seq-02/color/frame-000152.color.png 0.999833 0.00823045 -0.0163349 0.02798 -0.00813319 0.999949 0.00601162 -0.00512159 0.0163836 -0.00587776 0.999849 0.00582314 0.0 0.0 0.0 1.0
redkitchen/seq-02/color/frame-000152.color.png redkitchen/seq-02/color/frame-000155.color.png 0.999759 0.0133252 -0.0174542 0.0231991 -0.013432 0.999892 -0.00601944 0.0119538 0.017372 0.00625243 0.99983 0.0066101 0.0 0.0 0.0 1.0
redkitchen/seq-02/color/frame-000155.color.png redkitchen/seq-02/color/frame-000158.color.png 0.998385 0.0214124 -0.0526132 0.0720497 -0.02135 0.99977 0.00174762 0.00780785 0.0526386 -0.000621513 0.998613 -0.0220475 0.0 0.0 0.0 1.0
redkitchen/seq-02/color/frame-000158.color.png redkitchen/seq-02/color/frame-000161.color.png 0.999583 0.0202099 -0.0206175 0.042843 -0.0202481 0.999794 -0.00164167 0.0124119 0.0205801 0.00205846 0.999786 0.0113097 0.0 0.0 0.0 1.0
redkitchen/seq-02/color/frame-000161.color.png redkitchen/seq-02/color/frame-000164.color.png 0.999261 0.0243688 -0.0297119 0.0533459 -0.0245144 0.999689 -0.00454627 0.0216329 0.0295918 0.00527128 0.999548 -0.00329232 0.0 0.0 0.0 1.0
redkitchen/seq-02/color/frame-000164.color.png redkitchen/seq-02/color/frame-000167.color.png 0.998601 0.0424844 -0.031487 0.0558931 -0.0426326 0.999083 -0.00404992 0.0376194 0.031286 0.00538662 0.999496 -0.00535578 0.0 0.0 0.0 1.0
redkitchen/seq-02/color/frame-000167.color.png redkitchen/seq-02/color/frame-000170.color.png 0.998486 0.0373119 -0.0404268 0.0703529 -0.0378193 0.999214 -0.0118585 0.0399097 0.0399526 0.0133695 0.999112 -0.0194612 0.0 0.0 0.0 1.0
redkitchen/seq-02/color/frame-000170.color.png redkitchen/seq-02/color/frame-000173.color.png 0.998544 0.0339656 -0.0419035 0.076264 -0.0344883 0.999335 -0.0118155 0.0365284 0.0414744 0.0132435 0.999052 -0.0337116 0.0 0.0 0.0 1.0
redkitchen/seq-02/color/frame-000173.color.png redkitchen/seq-02/color/frame-000176.color.png 0.998351 0.0406189 -0.0405688 0.0904423 -0.0406027 0.999175 0.00122399 0.0283495 0.040585 0.000425231 0.999176 -0.0279807 0.0 0.0 0.0 1.0
redkitchen/seq-02/color/frame-000176.color.png redkitchen/seq-02/color/frame-000179.color.png 0.999589 0.0174564 -0.0227581 0.0447541 -0.0175041 0.999845 -0.00189838 0.0120538 0.0227214 0.00229596 0.999739 -0.00388533 0.0 0.0 0.0 1.0
redkitchen/seq-02/color/frame-000179.color.png redkitchen/seq-02/color/frame-000182.color.png 0.999561 0.00189115 -0.029581 0.0487947 -0.00189809 0.999998 -0.000206228 -0.0112945 0.0295806 0.000262283 0.999562 -0.0109442 0.0 0.0 0.0 1.0
redkitchen/seq-02/color/frame-000182.color.png redkitchen/seq-02/color/frame-000185.color.png 0.999846 0.00836931 -0.0154102 0.0319132 -0.0085291 0.99991 -0.0103333 0.0153398 0.0153223 0.0104631 0.999828 0.00769883 0.0 0.0 0.0 1.0
redkitchen/seq-02/color/frame-000185.color.png redkitchen/seq-02/color/frame-000188.color.png 0.999726 0.00558388 -0.0227427 0.0312437 -0.0058127 0.999933 -0.0100071 0.00910202 0.0226853 0.0101366 0.999691 0.00180888 0.0 0.0 0.0 1.0
redkitchen/seq-02/color/frame-000188.color.png redkitchen/seq-02/color/frame-000191.color.png 0.999676 0.000111788 -0.025457 0.0618663 2.07682e-05 0.999987 0.00520644 -0.0277057 0.0254572 -0.00520528 0.999662 0.000174999 0.0 0.0 0.0 1.0
redkitchen/seq-02/color/frame-000191.color.png redkitchen/seq-02/color/frame-000194.color.png 0.999927 0.00657106 -0.010174 0.0165609 -0.00660494 0.999973 -0.0033005 -0.00593388 0.010152 0.00336746 0.999943 0.0300624 0.0 0.0 0.0 1.0
redkitchen/seq-02/color/frame-000194.color.png redkitchen/seq-02/color/frame-000197.color.png 0.999811 0.0178977 -0.0075747 0.0184221 -0.0178702 0.999834 0.00368436 0.000199288 0.00763938 -0.0035483 0.999964 0.026763 0.0 0.0 0.0 1.0
redkitchen/seq-02/color/frame-000197.color.png redkitchen/seq-02/color/frame-000200.color.png 0.999853 -0.0100627 -0.0138942 0.0163423 0.0100851 0.999948 0.00154147 -0.0313232 0.0138779 -0.00168136 0.999902 0.022663 0.0 0.0 0.0 1.0
redkitchen/seq-02/color/frame-000200.color.png redkitchen/seq-02/color/frame-000203.color.png 0.999936 0.00631839 -0.00941916 0.0126247 -0.00622094 0.999927 0.0103379 -0.0242331 0.0094838 -0.0102786 0.999902 0.0223161 0.0 0.0 0.0 1.0
redkitchen/seq-02/color/frame-000203.color.png redkitchen/seq-02/color/frame-000206.color.png 0.999831 0.00060999 -0.0183889 0.0283377 -0.00057624 0.999998 0.00184329 -0.0157925 0.01839 -0.00183239 0.999829 0.0115949 0.0 0.0 0.0 1.0
redkitchen/seq-02/color/frame-000206.color.png redkitchen/seq-02/color/frame-000209.color.png 0.999828 0.00384259 -0.0181235 0.0398418 -0.00369101 0.999958 0.00838828 -0.0236891 0.0181551 -0.00831995 0.9998 0.0108469 0.0 0.0 0.0 1.0
redkitchen/seq-02/color/frame-000209.color.png redkitchen/seq-02/color/frame-000212.color.png 0.999859 0.00772379 -0.014917 0.0224307 -0.00760548 0.999939 0.00797235 -0.017553 0.0149776 -0.00785777 0.999857 0.0112778 0.0 0.0 0.0 1.0
redkitchen/seq-02/color/frame-000212.color.png redkitchen/seq-02/color/frame-000215.color.png 0.999504 0.0080054 -0.0304586 0.051743 -0.00792114 0.999965 0.00288548 -0.00989354 0.0304807 -0.00264278 0.999532 -0.00696087 0.0 0.0 0.0 1.0
redkitchen/seq-02/color/frame-000215.color.png redkitchen/seq-02/color/frame-000218.color.png 0.999857 0.00997904 -0.0136367 0.0313834 -0.00999886 0.999949 -0.00138327 0.00816786 0.0136221 0.00151942 0.999906 0.00448585 0.0 0.0 0.0 1.0
redkitchen/seq-02/color/frame-000218.color.png redkitchen/seq-02/color/frame-000221.color.png 0.999259 0.0122628 -0.0364904 0.0553427 -0.0125059 0.999901 -0.00644143 0.0224533 0.0364079 0.00689301 0.999313 -0.00790727 0.0 0.0 0.0 1.0
redkitchen/seq-02/color/frame-000221.color.png redkitchen/seq-02/color/frame-000224.color.png 0.99897 0.018956 -0.0412303 0.0777389 -0.0195117 0.999724 -0.0131167 0.0357747 0.0409702 0.0139076 0.999064 -0.016603 0.0 0.0 0.0 1.0
redkitchen/seq-02/color/frame-000224.color.png redkitchen/seq-02/color/frame-000227.color.png 0.998446 0.0397651 -0.0390305 0.0911671 -0.0398478 0.999205 -0.00134371 0.0427324 0.038946 0.0028969 0.999237 -0.0232621 0.0 0.0 0.0 1.0
redkitchen/seq-02/color/frame-000227.color.png redkitchen/seq-02/color/frame-000230.color.png 0.998297 0.0359375 -0.045951 0.0930723 -0.035669 0.999342 0.00665009 0.0216511 0.0461597 -0.00499974 0.998922 -0.031123 0.0 0.0 0.0 1.0
redkitchen/seq-02/color/frame-000230.color.png redkitchen/seq-02/color/frame-000233.color.png 0.999408 0.0177979 -0.0294455 0.0573887 -0.0178198 0.999841 -0.000479048 0.0210073 0.0294322 0.00100348 0.999566 -0.0190346 0.0 0.0 0.0 1.0
redkitchen/seq-02/color/frame-000233.color.png redkitchen/seq-02/color/frame-000236.color.png 0.998679 0.0268916 -0.0437863 0.0824951 -0.0268442 0.999638 0.00166793 0.0261886 0.0438154 -0.000490327 0.99904 -0.029815 0.0 0.0 0.0 1.0
redkitchen/seq-02/color/frame-000236.color.png redkitchen/seq-02/color/frame-000239.color.png 0.998742 0.0171201 -0.047134 0.0881424 -0.0163153 0.999715 0.0174086 -0.0195533 0.0474186 -0.0166177 0.998737 -0.0488569 0.0 0.0 0.0 1.0
redkitchen/seq-02/color/frame-000239.color.png redkitchen/seq-02/color/frame-000242.color.png 0.999161 0.0199049 -0.0358059 0.0613285 -0.019984 0.999799 -0.00185262 0.0213565 0.0357618 0.00256656 0.999357 -0.0151154 0.0 0.0 0.0 1.0
redkitchen/seq-02/color/frame-000242.color.png redkitchen/seq-02/color/frame-000245.color.png 0.999142 0.000387266 -0.0414211 0.0851631 0.00046225 0.99979 0.0204967 -0.0581807 0.0414203 -0.0204982 0.998931 -0.0323702 0.0 0.0 0.0 1.0
redkitchen/seq-02/color/frame-000245.color.png redkitchen/seq-02/color/frame-000248.color.png 0.999712 0.0023433 -0.0238824 0.0310344 -0.00221916 0.999984 0.0052232 -0.0148491 0.0238944 -0.00516871 0.999701 -0.00572813 0.0 0.0 0.0 1.0
redkitchen/seq-02/color/frame-000248.color.png redkitchen/seq-02/color/frame-000251.color.png 0.999872 0.00739925 -0.0141847 0.0185946 -0.00739451 0.999973 0.000386516 -0.00130767 0.0141871 -0.000281593 0.999899 0.00930297 0.0 0.0 0.0 1.0
redkitchen/seq-02/color/frame-000251.color.png redkitchen/seq-02/color/frame-000254.color.png 0.999903 -0.00293897 -0.0135903 0.00395834 0.0029296 0.999995 -0.000711528 -0.00904942 0.0135922 0.000671682 0.999907 0.0169082 0.0 0.0 0.0 1.0
redkitchen/seq-02/color/frame-000254.color.png redkitchen/seq-02/color/frame-000257.color.png 0.999982 0.00260862 -0.00541282 -0.00745606 -0.00265004 0.999967 -0.00764822 -0.0052557 0.00539269 0.0076624 0.999956 0.014984 0.0 0.0 0.0 1.0
redkitchen/seq-02/color/frame-000257.color.png redkitchen/seq-02/color/frame-000260.color.png 0.99995 0.00587634 -0.00806007 -0.00180423 -0.00597331 0.999909 -0.0120655 0.0100587 0.00798858 0.012113 0.999895 0.0190499 0.0 0.0 0.0 1.0
redkitchen/seq-02/color/frame-000260.color.png redkitchen/seq-02/color/frame-000263.color.png 0.999921 0.00523198 -0.0114647 0.0160069 -0.00530038 0.999968 -0.00593959 -0.0131492 0.0114332 0.00599983 0.999917 0.0267848 0.0 0.0 0.0 1.0
redkitchen/seq-02/color/frame-000263.color.png redkitchen/seq-02/color/frame-000266.color.png 0.999944 -0.00136767 -0.0104814 -0.00106704 0.00130434 0.999981 -0.00605212 -0.00826222 0.0104894 0.00603819 0.999927 0.0149335 0.0 0.0 0.0 1.0
redkitchen/seq-02/color/frame-000266.color.png redkitchen/seq-02/color/frame-000269.color.png 0.999871 -0.00296484 -0.0158128 0.0102516 0.00308961 0.999964 0.00787642 -0.0264689 0.0157889 -0.00792435 0.999844 -0.00329471 0.0 0.0 0.0 1.0
redkitchen/seq-02/color/frame-000269.color.png redkitchen/seq-02/color/frame-000272.color.png 0.999801 0.0107339 -0.0168371 0.0207216 -0.0106723 0.999936 0.00374534 -0.00549376 0.0168761 -0.00356486 0.999851 -0.00144625 0.0 0.0 0.0 1.0
redkitchen/seq-02/color/frame-000272.color.png redkitchen/seq-02/color/frame-000275.color.png 0.999627 0.0184994 -0.0200753 0.0311973 -0.0185998 0.999815 -0.00482773 0.022279 0.0199824 0.00519932 0.999787 0.000717759 0.0 0.0 0.0 1.0
redkitchen/seq-02/color/frame-000275.color.png redkitchen/seq-02/color/frame-000278.color.png 0.999474 0.0193537 -0.0260129 0.0454086 -0.0194504 0.999805 -0.00347044 0.0168173 0.0259406 0.00397455 0.999656 -0.0116855 0.0 0.0 0.0 1.0
redkitchen/seq-02/color/frame-000278.color.png redkitchen/seq-02/color/frame-000281.color.png 0.999891 0.00580838 -0.0136115 0.0130166 -0.00590636 0.999957 -0.00717113 0.0106581 0.0135693 0.00725079 0.999882 0.00533748 0.0 0.0 0.0 1.0
redkitchen/seq-02/color/frame-000281.color.png redkitchen/seq-02/color/frame-000284.color.png 0.999916 -0.0076809 -0.010457 0.010559 0.00756044 0.999905 -0.0115101 0.0074901 0.0105444 0.01143 0.999879 0.0148506 0.0 0.0 0.0 1.0
redkitchen/seq-02/color/frame-000284.color.png redkitchen/seq-02/color/frame-000287.color.png 0.999603 0.0134782 -0.0247514 0.0466205 -0.0138784 0.999775 -0.0160679 0.0377548 0.0245292 0.0164051 0.999564 -0.00197101 0.0 0.0 0.0 1.0
redkitchen/seq-02/color/frame-000287.color.png redkitchen/seq-02/color/frame-000290.color.png 0.999551 0.0196309 -0.0226268 0.0504458 -0.0198168 0.999771 -0.0080236 0.0229663 0.0224641 0.00846831 0.999712 -0.00422394 0.0 0.0 0.0 1.0
redkitchen/seq-02/color/frame-000290.color.png redkitchen/seq-02/color/frame-000293.color.png 0.998577 0.0296006 -0.0443607 0.0971475 -0.0301094 0.999488 -0.0108456 0.0545247 0.044017 0.0121658 0.998957 -0.0236548 0.0 0.0 0.0 1.0
redkitchen/seq-02/color/frame-000293.color.png redkitchen/seq-02/color/frame-000296.color.png 0.999385 0.0239196 -0.0256515 0.0473835 -0.0242282 0.999637 -0.011787 0.0430555 0.0253601 0.0124012 0.999601 -0.00278652 0.0 0.0 0.0 1.0
redkitchen/seq-02/color/frame-000296.color.png redkitchen/seq-02/color/frame-000299.color.png 0.998834 0.0291558 -0.0384802 0.0790678 -0.0286157 0.999485 0.0145096 -0.0183619 0.0388835 -0.0133916 0.999154 -0.0280228 0.0 0.0 0.0 1.0
redkitchen/seq-02/color/frame-000299.color.png redkitchen/seq-02/color/frame-000302.color.png 0.999319 0.0205643 -0.030623 0.0501386 -0.0207864 0.99976 -0.00694849 0.0398228 0.0304727 0.00758031 0.999507 -0.012846 0.0 0.0 0.0 1.0
redkitchen/seq-02/color/frame-000302.color.png redkitchen/seq-02/color/frame-000305.color.png 0.999511 0.0189539 -0.0248869 0.0381715 -0.0189112 0.999819 0.00194829 0.00884223 0.0249192 -0.00147668 0.999688 -0.0124955 0.0 0.0 0.0 1.0
redkitchen/seq-02/color/frame-000305.color.png redkitchen/seq-02/color/frame-000308.color.png 0.999495 0.0130425 -0.0289684 0.0340945 -0.0130846 0.999914 -0.00126436 0.00899613 0.0289493 0.00164276 0.999579 -0.0110466 0.0 0.0 0.0 1.0
redkitchen/seq-02/color/frame-000308.color.png redkitchen/seq-02/color/frame-000311.color.png 0.999684 0.00672027 -0.0242254 0.0181057 -0.00712379 0.999837 -0.0166081 0.03131 0.0241099 0.0167754 0.999569 0.00575829 0.0 0.0 0.0 1.0
redkitchen/seq-02/color/frame-000311.color.png redkitchen/seq-02/color/frame-000314.color.png 0.999289 0.0269322 -0.0263902 0.034109 -0.0274668 0.99942 -0.020113 0.0454491 0.0258332 0.0208236 0.999449 0.00845933 0.0 0.0 0.0 1.0
redkitchen/seq-02/color/frame-000314.color.png redkitchen/seq-02/color/frame-000317.color.png 0.999546 0.0207458 -0.0218451 0.016831 -0.0209528 0.999737 -0.00928683 0.0361606 0.0216466 0.00974037 0.999718 -0.00427103 0.0 0.0 0.0 1.0
redkitchen/seq-02/color/frame-000317.color.png redkitchen/seq-02/color/frame-000320.color.png 0.99949 0.0129564 -0.0291913 0.041555 -0.0126056 0.999846 0.012173 -0.0175804 0.0293445 -0.0117989 0.9995 -0.0265291 0.0 0.0 0.0 1.0
redkitchen/seq-02/color/frame-000320.color.png redkitchen/seq-02/color/frame-000323.color.png 0.999262 0.0204467 -0.0325169 0.0544016 -0.0202535 0.999775 0.00625895 -0.0127329 0.0326376 -0.0055956 0.999451 -0.0182271 0.0 0.0 0.0 1.0
redkitchen/seq-02/color/frame-000323.color.png redkitchen/seq-02/color/frame-000326.color.png 0.999374 0.0163331 -0.0313832 0.0437861 -0.016397 0.999864 -0.00177932 0.0143147 0.0313499 0.00229279 0.999506 -0.0222571 0.0 0.0 0.0 1.0
redkitchen/seq-02/color/frame-000326.color.png redkitchen/seq-02/color/frame-000329.color.png 0.99898 0.0252268 -0.0374491 0.0626926 -0.0252173 0.999682 0.000724157 0.0105499 0.0374555 0.000220925 0.999298 -0.00912476 0.0 0.0 0.0 1.0
redkitchen/seq-02/color/frame-000329.color.png redkitchen/seq-02/color/frame-000332.color.png 0.998529 0.0325847 -0.0433338 0.0836083 -0.0325567 0.999469 0.00135138 0.0138479 0.0433548 6.14113e-05 0.99906 -0.0076232 0.0 0.0 0.0 1.0
redkitchen/seq-02/color/frame-000332.color.png redkitchen/seq-02/color/frame-000335.color.png 0.998429 0.033589 -0.0448399 0.0865729 -0.0343589 0.999273 -0.016509 0.0446343 0.0442529 0.0180237 0.998858 0.012933 0.0 0.0 0.0 1.0
redkitchen/seq-02/color/frame-000335.color.png redkitchen/seq-02/color/frame-000338.color.png 0.998714 0.0244525 -0.0444128 0.0773208 -0.0254091 0.999454 -0.0211026 0.0450259 0.0438725 0.022204 0.99879 0.0205374 0.0 0.0 0.0 1.0
redkitchen/seq-02/color/frame-000338.color.png redkitchen/seq-02/color/frame-000341.color.png 0.99946 0.0176247 -0.0277438 0.0456102 -0.0173512 0.999799 0.0100673 -0.0326005 0.0279157 -0.00958039 0.999564 -0.00216055 0.0 0.0 0.0 1.0
redkitchen/seq-02/color/frame-000341.color.png redkitchen/seq-02/color/frame-000344.color.png 0.999996 0.000563101 0.0028582 -0.0370396 -0.000594182 0.999941 0.0108652 -0.0404323 -0.00285195 -0.0108669 0.999937 0.017134 0.0 0.0 0.0 1.0
redkitchen/seq-02/color/frame-000344.color.png redkitchen/seq-02/color/frame-000347.color.png 0.999979 -0.00645927 -0.000958103 -0.0374392 0.00648242 0.999634 0.0262812 -0.0854838 0.000788022 -0.0262869 0.999654 -0.00181437 0.0 0.0 0.0 1.0
redkitchen/seq-02/color/frame-000347.color.png redkitchen/seq-02/color/frame-000350.color.png 0.999841 -0.00765486 0.0161061 -0.066185 0.00747879 0.999912 0.0109618 -0.0376308 -0.0161886 -0.0108396 0.99981 0.00576997 0.0 0.0 0.0 1.0
redkitchen/seq-02/color/frame-000350.color.png redkitchen/seq-02/color/frame-000353.color.png 0.999837 -0.0126618 0.0129015 -0.0874992 0.0125801 0.9999 0.00638505 -0.0297312 -0.0129811 -0.00622159 0.999896 0.0118711 0.0 0.0 0.0 1.0
redkitchen/seq-02/color/frame-000353.color.png redkitchen/seq-02/color/frame-000356.color.png 0.999932 -0.00803525 0.00849022 -0.0681904 0.0079685 0.999937 0.00787784 -0.0278302 -0.00855295 -0.00780963 0.999933 -0.00226021 0.0 0.0 0.0 1.0
redkitchen/seq-02/color/frame-000356.color.png redkitchen/seq-02/color/frame-000359.color.png 0.999836 -0.016092 0.00829858 -0.0763904 0.0160488 0.999857 0.00524448 -0.0169632 -0.00838177 -0.00511047 0.999952 -0.00645947 0.0 0.0 0.0 1.0
redkitchen/seq-02/color/frame-000359.color.png redkitchen/seq-02/color/frame-000362.color.png 0.99991 -0.0109245 0.00783901 -0.0687209 0.0109061 0.999938 0.00238952 -0.0109514 -0.00786465 -0.00230386 0.999967 0.00190711 0.0 0.0 0.0 1.0
redkitchen/seq-02/color/frame-000362.color.png redkitchen/seq-02/color/frame-000365.color.png 0.999869 -0.00731463 0.014433 -0.0778383 0.0070891 0.999853 0.0156079 -0.0367811 -0.014545 -0.0155035 0.999774 -0.0166419 0.0 0.0 0.0 1.0
redkitchen/seq-02/color/frame-000365.color.png redkitchen/seq-02/color/frame-000368.color.png 0.999995 0.00310785 0.000185265 -0.0319453 -0.00310815 0.999994 0.00156579 0.00544727 -0.000180427 -0.00156642 0.999999 -0.00521183 0.0 0.0 0.0 1.0
redkitchen/seq-02/color/frame-000368.color.png redkitchen/seq-02/color/frame-000371.color.png 0.999985 0.0021052 -0.00513851 -0.0216588 -0.0021068 0.999998 -0.00032865 0.00274825 0.00513785 0.000339484 0.999987 -0.00579286 0.0 0.0 0.0 1.0
redkitchen/seq-02/color/frame-000371.color.png redkitchen/seq-02/color/frame-000374.color.png 0.999852 0.0139304 -0.0100751 -0.00362164 -0.0138958 0.999897 0.00350169 -0.0120643 0.0101228 -0.00336118 0.999943 0.00180697 0.0 0.0 0.0 1.0
redkitchen/seq-02/color/frame-000374.color.png redkitchen/seq-02/color/frame-000377.color.png 0.999785 0.0117277 -0.0170944 0.0122014 -0.0118145 0.999918 -0.0049831 0.0112941 0.0170345 0.00518403 0.999841 0.00622058 0.0 0.0 0.0 1.0
redkitchen/seq-02/color/frame-000377.color.png redkitchen/seq-02/color/frame-000380.color.png 0.999362 0.0258097 -0.0246897 0.0353491 -0.0258386 0.999666 -0.000851759 0.00548363 0.0246595 0.00148915 0.999695 0.00583076 0.0 0.0 0.0 1.0
redkitchen/seq-02/color/frame-000380.color.png redkitchen/seq-02/color/frame-000383.color.png 0.999306 0.0247066 -0.0278642 0.0383909 -0.0249728 0.999645 -0.00924916 0.0151802 0.0276258 0.00993869 0.999569 0.0187893 0.0 0.0 0.0 1.0
redkitchen/seq-02/color/frame-000383.color.png redkitchen/seq-02/color/frame-000386.color.png 0.999408 0.0190855 -0.0286309 0.04064 -0.0192142 0.999806 -0.00422679 -0.00137269 0.0285448 0.00477435 0.999581 0.013293 0.0 0.0 0.0 1.0
redkitchen/seq-02/color/frame-000386.color.png redkitchen/seq-02/color/frame-000389.color.png 0.999483 0.0243638 -0.0209651 0.0200571 -0.0245366 0.999667 -0.00802405 -0.00250804 0.0207626 0.00853424 0.999748 0.0251467 0.0 0.0 0.0 1.0
redkitchen/seq-02/color/frame-000389.color.png redkitchen/seq-02/color/frame-000392.color.png 0.999999 0.00130102 -4.14626e-05 -0.0281573 -0.00130074 0.99998 0.00618247 -0.0258814 4.95088e-05 -0.00618236 0.999981 0.00151229 0.0 0.0 0.0 1.0
redkitchen/seq-02/color/frame-000392.color.png redkitchen/seq-02/color/frame-000395.color.png 0.99996 -0.0079579 0.00408 -0.0559175 0.00792639 0.999939 0.0076583 -0.0314773 -0.00414063 -0.00762564 0.999962 0.00633502 0.0 0.0 0.0 1.0
redkitchen/seq-02/color/frame-000395.color.png redkitchen/seq-02/color/frame-000398.color.png 0.999985 -0.00226096 0.00494461 -0.0471505 0.00224652 0.999993 0.0029426 -0.00177753 -0.00495124 -0.00293135 0.999983 0.00137782 0.0 0.0 0.0 1.0
redkitchen/seq-02/color/frame-000398.color.png redkitchen/seq-02/color/frame-000401.color.png 0.999986 0.000551276 -0.00534289 -0.0282328 -0.000560421 0.999998 -0.00170562 -0.00313687 0.00534193 0.00170853 0.999984 0.00815821 0.0 0.0 0.0 1.0
redkitchen/seq-02/color/frame-000401.color.png redkitchen/seq-02/color/frame-000404.color.png 0.999846 -0.00789423 0.01565 -0.0749157 0.00795476 0.999961 -0.00381352 0.0175393 -0.0156193 0.00393736 0.99987 -0.00969291 0.0 0.0 0.0 1.0
redkitchen/seq-02/color/frame-000404.color.png redkitchen/seq-02/color/frame-000407.color.png 0.999803 -0.0191854 0.0050827 -0.079156 0.0191975 0.999813 -0.00235171 0.00462425 -0.00503665 0.00244889 0.999984 -0.0207129 0.0 0.0 0.0 1.0
redkitchen/seq-02/color/frame-000407.color.png redkitchen/seq-02/color/frame-000410.color.png 0.999977 -0.00179872 -0.00648198 -0.0184549 0.00175898 0.99998 -0.00613932 0.00966036 0.00649292 0.00612773 0.99996 0.00113273 0.0 0.0 0.0 1.0
redkitchen/seq-02/color/frame-000410.color.png redkitchen/seq-02/color/frame-000413.color.png 0.999942 0.00670906 0.0084726 -0.039034 -0.00668704 0.999974 -0.00262422 0.0114872 -0.00848999 0.00256747 0.999961 -0.0120442 0.0 0.0 0.0 1.0
redkitchen/seq-02/color/frame-000413.color.png redkitchen/seq-02/color/frame-000416.color.png 0.999899 0.00870562 0.0112667 -0.0476614 -0.00872206 0.999961 0.00140461 0.00551724 -0.0112541 -0.0015028 0.999935 -0.011555 0.0 0.0 0.0 1.0
redkitchen/seq-02/color/frame-000416.color.png redkitchen/seq-02/color/frame-000419.color.png 0.999937 0.0108471 0.00299801 -0.0289843 -0.0108436 0.99994 -0.00116519 -0.00609255 -0.00301052 0.0011325 0.999995 0.0027194 0.0 0.0 0.0 1.0
redkitchen/seq-02/color/frame-000419.color.png redkitchen/seq-02/color/frame-000422.color.png 0.999923 0.0123436 -0.0015432 -0.0155101 -0.0123436 0.999924 -0.000106516 -0.00193751 0.00154184 0.000125735 0.999999 0.00771284 0.0 0.0 0.0 1.0
redkitchen/seq-02/color/frame-000422.color.png redkitchen/seq-02/color/frame-000425.color.png 0.999945 0.00696251 -0.00780121 -0.000772417 -0.00704292 0.999922 -0.0103059 0.0216532 0.00772886 0.0103603 0.999916 0.0121856 0.0 0.0 0.0 1.0
redkitchen/seq-02/color/frame-000425.color.png redkitchen/seq-02/color/frame-000428.color.png 0.999742 0.00793999 -0.0212611 0.0226311 -0.00816285 0.999913 -0.0104133 0.0134035 0.0211765 0.0105842 0.99972 0.0354445 0.0 0.0 0.0 1.0
redkitchen/seq-02/color/frame-000428.color.png redkitchen/seq-02/color/frame-000431.color.png 0.999989 -0.00461321 -0.00018904 -0.0344799 0.00461224 0.999974 -0.0055205 0.00570595 0.000214538 0.00551963 0.999985 0.0124204 0.0 0.0 0.0 1.0
redkitchen/seq-02/color/frame-000431.color.png redkitchen/seq-02/color/frame-000434.color.png 0.999929 -0.00359628 0.0113426 -0.068633 0.00353067 0.999977 0.00578257 -0.0315549 -0.0113632 -0.0057422 0.999919 0.00553489 0.0 0.0 0.0 1.0
redkitchen/seq-02/color/frame-000434.color.png redkitchen/seq-02/color/frame-000437.color.png 0.999843 -0.00689514 0.0163445 -0.0663966 0.00665854 0.999873 0.0144887 -0.0257467 -0.0164423 -0.0143775 0.999762 -0.015394 0.0 0.0 0.0 1.0
redkitchen/seq-02/color/frame-000437.color.png redkitchen/seq-02/color/frame-000440.color.png 0.999902 -0.00823092 0.0112872 -0.068128 0.00803666 0.999821 0.0171477 -0.0373249 -0.0114263 -0.0170553 0.999789 -0.0113688 0.0 0.0 0.0 1.0
redkitchen/seq-02/color/frame-000440.color.png redkitchen/seq-02/color/frame-000443.color.png 0.999996 -0.00187733 0.00215304 -0.0309473 0.00188497 0.999992 -0.00354317 0.0139794 -0.00214636 0.00354728 0.999991 -0.0075655 0.0 0.0 0.0 1.0
redkitchen/seq-02/color/frame-000443.color.png redkitchen/seq-02/color/frame-000446.color.png 0.999875 -0.0158276 0.00038607 -0.0471042 0.0158271 0.999874 0.00122243 0.0106597 -0.000405408 -0.00121631 0.999999 -0.0180643 0.0 0.0 0.0 1.0
redkitchen/seq-02/color/frame-000446.color.png redkitchen/seq-02/color/frame-000449.color.png 0.999744 -0.0225805 -0.00127577 -0.0522803 0.0225866 0.999733 0.00496892 0.01133 0.00116327 -0.00499636 0.999987 -0.0215142 0.0 0.0 0.0 1.0
redkitchen/seq-02/color/frame-000449.color.png redkitchen/seq-02/color/frame-000452.color.png 0.99997 -0.007779 -0.000681993 -0.038126 0.00778256 0.999956 0.00522106 0.00471044 0.000641346 -0.00522614 0.999986 -0.0185614 0.0 0.0 0.0 1.0
redkitchen/seq-02/color/frame-000452.color.png redkitchen/seq-02/color/frame-000455.color.png 0.999975 -0.00505035 -0.0048729 -0.0200186 0.00503202 0.99998 -0.00374768 0.0183344 0.00489171 0.00372294 0.999981 -0.0131021 0.0 0.0 0.0 1.0
redkitchen/seq-02/color/frame-000455.color.png redkitchen/seq-02/color/frame-000458.color.png 0.999842 0.00678502 -0.0164285 0.00817931 -0.00674814 0.999975 0.0022999 0.00305414 0.0164437 -0.00218864 0.999862 0.00683618 0.0 0.0 0.0 1.0
redkitchen/seq-02/color/frame-000458.color.png redkitchen/seq-02/color/frame-000461.color.png 0.999969 0.00738125 0.00257153 -0.0284178 -0.00737675 0.999971 -0.00176653 -0.00512362 -0.00258446 0.00174748 0.999995 -0.0250592 0.0 0.0 0.0 1.0
redkitchen/seq-02/color/frame-000461.color.png redkitchen/seq-02/color/frame-000464.color.png 0.999776 0.0179044 -0.0113197 0.00258559 -0.0179588 0.999828 -0.00472443 0.00390995 0.0112332 0.00492667 0.999925 0.0047946 0.0 0.0 0.0 1.0
redkitchen/seq-02/color/frame-000464.color.png redkitchen/seq-02/color/frame-000467.color.png 0.999882 0.00942504 -0.0121214 0.00412208 -0.00947831 0.999946 -0.00434884 0.00820148 0.0120797 0.00446325 0.999917 0.00946045 0.0 0.0 0.0 1.0
redkitchen/seq-02/color/frame-000467.color.png redkitchen/seq-02/color/frame-000470.color.png 0.999407 0.0165653 -0.0301871 0.0339398 -0.0166335 0.99986 -0.00200676 -0.00119412 0.0301496 0.00250766 0.999542 0.0308089 0.0 0.0 0.0 1.0
redkitchen/seq-02/color/frame-000470.color.png redkitchen/seq-02/color/frame-000473.color.png 0.99965 0.0141655 -0.0223443 0.0221779 -0.0141984 0.999898 -0.00131459 -0.0125084 0.0223234 0.00163142 0.999749 0.0257964 0.0 0.0 0.0 1.0
redkitchen/seq-02/color/frame-000473.color.png redkitchen/seq-02/color/frame-000476.color.png 0.999939 0.00286249 -0.0106306 -0.0148138 -0.00284783 0.999995 0.00138934 -0.0103512 0.0106345 -0.00135903 0.999943 0.0130169 0.0 0.0 0.0 1.0
redkitchen/seq-02/color/frame-000476.color.png redkitchen/seq-02/color/frame-000479.color.png 0.999877 0.0116206 -0.0105356 -0.0189753 -0.0117331 0.999874 -0.0106868 0.000700235 0.01041 0.0108091 0.999887 0.0216887 0.0 0.0 0.0 1.0
redkitchen/seq-02/color/frame-000479.color.png redkitchen/seq-02/color/frame-000482.color.png 0.999907 0.00238535 -0.0134616 0.000647306 -0.00239 0.999997 -0.000323511 -0.00210619 0.0134608 0.000355735 0.999909 0.0187874 0.0 0.0 0.0 1.0
redkitchen/seq-02/color/frame-000482.color.png redkitchen/seq-02/color/frame-000485.color.png 0.999973 -0.00466728 -0.00569527 -0.0189371 0.00467798 0.999987 0.00184611 0.00293839 0.00568651 -0.0018728 0.999982 0.0166485 0.0 0.0 0.0 1.0
redkitchen/seq-02/color/frame-000485.color.png redkitchen/seq-02/color/frame-000488.color.png 0.999908 0.0135183 0.00116639 -0.02889 -0.0135212 0.999905 0.00249512 -0.0274514 -0.00113251 -0.00251055 0.999996 -0.00437045 0.0 0.0 0.0 1.0
redkitchen/seq-02/color/frame-000488.color.png redkitchen/seq-02/color/frame-000491.color.png 0.999985 -0.00519565 -0.00142104 -0.0211244 0.0052122 0.999916 0.0119028 -0.00487554 0.00135909 -0.0119101 0.999928 -0.00592589 0.0 0.0 0.0 1.0
redkitchen/seq-02/color/frame-000491.color.png redkitchen/seq-02/color/frame-000494.color.png 0.999896 0.0144369 0.000584689 -0.0170047 -0.0144349 0.99989 -0.00328289 -0.00670862 -0.000632109 0.00327411 0.999994 -0.00435305 0.0 0.0 0.0 1.0
redkitchen/seq-02/color/frame-000494.color.png redkitchen/seq-02/color/frame-000497.color.png 0.999926 0.0115513 -0.00389295 -0.0144671 -0.0115832 0.999899 -0.00825689 0.00228119 0.00379722 0.00830136 0.999958 0.00704932 0.0 0.0 0.0 1.0
redkitchen/seq-02/color/frame-000497.color.png redkitchen/seq-02/color/frame-000500.color.png 0.999968 -0.00183832 -0.00773588 -0.0097456 0.001835 0.999998 -0.000435618 0.00966024 0.00773673 0.000421487 0.99997 0.00150204 0.0 0.0 0.0 1.0
redkitchen/seq-02/color/frame-000500.color.png redkitchen/seq-02/color/frame-000503.color.png 0.999952 -0.00984496 -3.44594e-05 -0.0503621 0.00984513 0.999931 0.00648855 0.00341678 -2.95501e-05 -0.00648867 0.999979 -0.0256205 0.0 0.0 0.0 1.0
redkitchen/seq-02/color/frame-000503.color.png redkitchen/seq-02/color/frame-000506.color.png 0.999971 -0.00716042 0.00252379 -0.0433267 0.00713899 0.999939 0.00840304 -0.00060761 -0.00258377 -0.00838477 0.999961 -0.0251932 0.0 0.0 0.0 1.0
redkitchen/seq-02/color/frame-000506.color.png redkitchen/seq-02/color/frame-000509.color.png 0.999991 0.00317056 -0.00301348 -0.0265176 -0.00317872 0.999991 -0.00271747 0.00658727 0.00300479 0.00272701 0.999992 -0.00801325 0.0 0.0 0.0 1.0
redkitchen/seq-02/color/frame-000509.color.png redkitchen/seq-02/color/frame-000512.color.png 0.999943 -0.00867686 -0.00618825 -0.0259805 0.00868225 0.999962 0.000848728 0.0192142 0.00618064 -0.00090239 0.999981 -0.00889993 0.0 0.0 0.0 1.0
