redkitchen/seq-02/color/frame-000001.color.png redkitchen/seq-02/color/frame-000004.color.png 0.999995 -0.0011868 -0.00288143 0.00455066 0.00120582 0.999977 0.00660797 -0.00602691 0.00287352 -0.00661141 0.999974 -0.0002202 0.0 0.0 0.0 1.0
redkitchen/seq-02/color/frame-000004.color.png redkitchen/seq-02/color/frame-000007.color.png 0.999957 -0.00115401 0.00925163 -0.0039969 0.00116692 0.999998 -0.00139009 0.0022173 -0.00925001 0.00140083 0.999956 0.00130272 0.0 0.0 0.0 1.0
redkitchen/seq-02/color/frame-000007.color.png redkitchen/seq-02/color/frame-000010.color.png 0.99999 -0.00147866 0.00424551 0.00332361 0.00148467 0.999998 -0.00141302 -0.00134515 -0.00424342 0.00141931 0.99999 -0.000662634 0.0 0.0 0.0 1.0
redkitchen/seq-02/color/frame-000010.color.png redkitchen/seq-02/color/frame-000013.color.png 0.999983 -0.00308424 0.00484699 -0.000174749 0.003106 0.999985 -0.00448973 0.000195873 -0.00483307 0.00450471 0.999978 0.00102559 0.0 0.0 0.0 1.0
redkitchen/seq-02/color/frame-000013.color.png redkitchen/seq-02/color/frame-000016.color.png 0.999953 -0.00583448 0.00771243 -0.00182432 0.00585291 0.99998 -0.00237021 -0.00151179 -0.00769845 0.00241524 0.999968 0.000568427 0.0 0.0 0.0 1.0
redkitchen/seq-02/color/frame-000016.color.png redkitchen/seq-02/color/frame-000019.color.png 0.999945 -0.00741508 0.00742611 -0.00229643 0.00743066 0.99997 -0.00207287 -5.4766e-05 -0.00741052 0.00212794 0.99997 0.0045474 0.0 0.0 0.0 1.0
redkitchen/seq-02/color/frame-000019.color.png redkitchen/seq-02/color/frame-000022.color.png 0.999984 -0.00286843 0.00481062 -0.000338751 0.00285155 0.99999 0.00351189 -0.00281315 -0.00482065 -0.00349812 0.999982 0.00357515 0.0 0.0 0.0 1.0
redkitchen/seq-02/color/frame-000022.color.png redkitchen/seq-02/color/frame-000025.color.png 0.999895 -0.00336597 0.014104 -0.006582 0.00330559 0.999985 0.00430172 0.00275458 -0.0141182 -0.00425464 0.999891 0.00891853 0.0 0.0 0.0 1.0
redkitchen/seq-02/color/frame-000025.color.png redkitchen/seq-02/color/frame-000028.color.png 0.999834 -0.00829221 0.0162023 0.00146667 0.00819467 0.999948 0.00607709 -0.00159353 -0.0162519 -0.00594331 0.99985 0.0102105 0.0 0.0 0.0 1.0
redkitchen/seq-02/color/frame-000028.color.png redkitchen/seq-02/color/frame-000031.color.png 0.999329 -0.0263143 0.0254941 -0.00401936 0.0260184 0.999591 0.0118685 0.00144217 -0.025796 -0.0111972 0.999604 0.0148465 0.0 0.0 0.0 1.0
redkitchen/seq-02/color/frame-000031.color.png redkitchen/seq-02/color/frame-000034.color.png 0.999862 -0.0136006 0.00957866 -0.000163084 0.0135795 0.999905 0.0022633 -0.00686249 -0.00960851 -0.00213291 0.999952 0.013935 0.0 0.0 0.0 1.0
redkitchen/seq-02/color/frame-000034.color.png redkitchen/seq-02/color/frame-000037.color.png 0.999865 -0.00975537 0.0131928 0.00180122 0.00974699 0.999952 0.00069814 -0.00521325 -0.013199 -0.000569465 0.999913 0.0144064 0.0 0.0 0.0 1.0
redkitchen/seq-02/color/frame-000037.color.png redkitchen/seq-02/color/frame-000040.color.png 0.99983 -0.0111445 0.0146762 0.0135826 0.0112329 0.999919 -0.00595267 -0.000280354 -0.0146087 0.00611652 0.999875 0.0126927 0.0 0.0 0.0 1.0
redkitchen/seq-02/color/frame-000040.color.png redkitchen/seq-02/color/frame-000043.color.png 0.999885 -0.00925179 0.0119878 0.0110452 0.00918756 0.999943 0.00540235 0.00237174 -0.0120371 -0.0052916 0.999914 0.0144506 0.0 0.0 0.0 1.0
redkitchen/seq-02/color/frame-000043.color.png redkitchen/seq-02/color/frame-000046.color.png 0.99983 -0.0103441 0.01524 0.0225841 0.0102604 0.999932 0.0055573 7.69366e-06 -0.0152965 -0.00539998 0.999868 0.015634 0.0 0.0 0.0 1.0
redkitchen/seq-02/color/frame-000046.color.png redkitchen/seq-02/color/frame-000049.color.png 0.999601 -0.00260941 0.0281106 0.00947118 0.00245917 0.999983 0.00537927 -0.00300631 -0.0281241 -0.005308 0.99959 0.0217955 0.0 0.0 0.0 1.0
redkitchen/seq-02/color/frame-000049.color.png redkitchen/seq-02/color/frame-000052.color.png 0.999629 0.0120624 0.024439 0.0200225 -0.0124098 0.999823 0.0141145 -0.00424801 -0.0242644 -0.0144125 0.999602 0.0210639 0.0 0.0 0.0 1.0
redkitchen/seq-02/color/frame-000052.color.png redkitchen/seq-02/color/frame-000055.color.png 0.999986 0.00490189 -0.00202234 0.0219347 -0.00489301 0.999978 0.00436667 -0.0016435 0.0020437 -0.00435672 0.999988 0.0183804 0.0 0.0 0.0 1.0
redkitchen/seq-02/color/frame-000055.color.png redkitchen/seq-02/color/frame-000058.color.png 0.99996 -0.00537934 0.00720491 0.0362462 0.00540325 0.99998 -0.00330636 -0.00235895 -0.00718695 0.00334517 0.999969 0.0127983 0.0 0.0 0.0 1.0
redkitchen/seq-02/color/frame-000058.color.png redkitchen/seq-02/color/frame-000061.color.png 0.999913 -0.00946567 0.00915855 0.028843 0.00953932 0.999922 -0.00803248 -0.00256247 -0.0090818 0.00811914 0.999926 0.0069717 0.0 0.0 0.0 1.0
redkitchen/seq-02/color/frame-000061.color.png redkitchen/seq-02/color/frame-000064.color.png 0.999733 -0.0213791 0.00875525 0.0307717 0.021471 0.999714 -0.0105393 -0.00079862 -0.00852748 0.0107245 0.999906 0.0172195 0.0 0.0 0.0 1.0
redkitchen/seq-02/color/frame-000064.color.png redkitchen/seq-02/color/frame-000067.color.png 0.999888 -0.0117252 0.00928422 0.0206876 0.0118594 0.999824 -0.0145382 -0.00526259 -0.00911214 0.0146467 0.999851 0.0181109 0.0 0.0 0.0 1.0
redkitchen/seq-02/color/frame-000067.color.png redkitchen/seq-02/color/frame-000070.color.png 0.999905 -0.0114868 0.00758042 0.0327141 0.0116193 0.999776 -0.0176722 0.000697237 -0.00737571 0.0177586 0.999815 0.0134091 0.0 0.0 0.0 1.0
redkitchen/seq-02/color/frame-000070.color.png redkitchen/seq-02/color/frame-000073.color.png 0.999973 -0.000731176 0.00735303 0.016848 0.000691443 0.999985 0.00540609 -0.0100293 -0.00735686 -0.00540086 0.999958 0.0178201 0.0 0.0 0.0 1.0
redkitchen/seq-02/color/frame-000073.color.png redkitchen/seq-02/color/frame-000076.color.png 0.999868 -0.00381355 0.0158197 0.0298503 0.00377613 0.99999 0.00239427 -0.00809053 -0.0158287 -0.00233422 0.999872 0.0346749 0.0 0.0 0.0 1.0
redkitchen/seq-02/color/frame-000076.color.png redkitchen/seq-02/color/frame-000079.color.png 0.999908 -0.00812054 0.0108505 0.0152162 0.00807284 0.999958 0.00443078 -0.0123373 -0.0108859 -0.00434276 0.999931 0.0299744 0.0 0.0 0.0 1.0
redkitchen/seq-02/color/frame-000079.color.png redkitchen/seq-02/color/frame-000082.color.png 0.999707 -0.00911491 0.0224326 0.0282084 0.00896782 0.999937 0.00665 -0.0171339 -0.0224919 -0.00644688 0.999726 0.0437849 0.0 0.0 0.0 1.0
redkitchen/seq-02/color/frame-000082.color.png redkitchen/seq-02/color/frame-000085.color.png 0.999992 0.00290639 -0.00261252 0.0207307 -0.00288259 0.999955 0.0090659 -0.0128566 0.0026387 -0.00905831 0.999956 0.0239695 0.0 0.0 0.0 1.0
redkitchen/seq-02/color/frame-000085.color.png redkitchen/seq-02/color/frame-000088.color.png 0.999978 0.00612043 0.00256675 0.0274843 -0.00611777 0.999981 -0.00104359 -0.00868647 -0.00257309 0.00102786 0.999996 0.0337623 0.0 0.0 0.0 1.0
redkitchen/seq-02/color/frame-000088.color.png redkitchen/seq-02/color/frame-000091.color.png 0.999923 -0.0121305 0.00274225 0.0135298 0.0121404 0.99992 -0.00363764 -0.00610903 -0.00269786 0.00367066 0.99999 0.0227227 0.0 0.0 0.0 1.0
redkitchen/seq-02/color/frame-000091.color.png redkitchen/seq-02/color/frame-000094.color.png 0.999934 -0.0109633 -0.00332937 0.0233643 0.0109859 0.999916 0.00683538 -0.0110708 0.00325415 -0.00687151 0.999971 0.00318348 0.0 0.0 0.0 1.0
redkitchen/seq-02/color/frame-000094.color.png redkitchen/seq-02/color/frame-000097.color.png 0.999938 -0.0103924 -0.00399495 0.0241669 0.0104263 0.999909 0.00857826 -0.0129978 0.00390552 -0.00861936 0.999955 0.0140965 0.0 0.0 0.0 1.0
redkitchen/seq-02/color/frame-000097.color.png redkitchen/seq-02/color/frame-000100.color.png 0.99995 -0.00931411 0.00356039 0.0176846 0.00931638 0.999956 -0.000616464 -0.00516906 -0.00355458 0.000649588 0.999993 0.00809219 0.0 0.0 0.0 1.0
redkitchen/seq-02/color/frame-000100.color.png redkitchen/seq-02/color/frame-000103.color.png 0.999933 -0.0111743 0.00297156 0.0230412 0.0111759 0.999937 -0.000528011 -0.00141785 -0.0029654 0.000561205 0.999995 0.00529274 0.0 0.0 0.0 1.0
redkitchen/seq-02/color/frame-000103.color.png redkitchen/seq-02/color/frame-000106.color.png 0.999991 -0.00400271 -0.00152368 0.0313554 0.00400129 0.999992 -0.000962931 -0.00088571 0.00152757 0.000956814 0.999998 -0.00466594 0.0 0.0 0.0 1.0
redkitchen/seq-02/color/frame-000106.color.png redkitchen/seq-02/color/frame-000109.color.png 0.999759 0.0204864 -0.00789917 0.0354844 -0.0205136 0.999784 -0.00337351 0.0179446 0.00782831 0.00353473 0.999963 -0.00146714 0.0 0.0 0.0 1.0
redkitchen/seq-02/color/frame-000109.color.png redkitchen/seq-02/color/frame-000112.color.png 0.999717 0.0223231 -0.0081946 0.0307667 -0.0223159 0.999751 0.000977522 0.017162 0.0082143 -0.000794371 0.999966 -0.00936261 0.0 0.0 0.0 1.0
redkitchen/seq-02/color/frame-000112.color.png redkitchen/seq-02/color/frame-000115.color.png 0.999755 0.0195105 -0.0104552 0.0278156 -0.0195024 0.999809 0.000872317 0.0162328 0.0104702 -0.000668197 0.999945 -0.00537869 0.0 0.0 0.0 1.0
redkitchen/seq-02/color/frame-000115.color.png redkitchen/seq-02/color/frame-000118.color.png 0.999694 0.0156837 -0.01913 0.0443296 -0.0158027 0.999857 -0.00608438 0.0108761 0.0190319 0.00638483 0.999799 -0.011447 0.0 0.0 0.0 1.0
redkitchen/seq-02/color/frame-000118.color.png redkitchen/seq-02/color/frame-000121.color.png 0.999882 0.00323178 -0.0149911 0.0341412 -0.00336292 0.999956 -0.00873067 0.00800628 0.0149622 0.00878006 0.999849 -0.00844434 0.0 0.0 0.0 1.0
redkitchen/seq-02/color/frame-000121.color.png redkitchen/seq-02/color/frame-000124.color.png 0.999849 -0.00689001 -0.0159497 0.0324333 0.00658349 0.999794 -0.0191909 0.0129263 0.0160787 0.019083 0.999689 -0.00443962 0.0 0.0 0.0 1.0
redkitchen/seq-02/color/frame-000124.color.png redkitchen/seq-02/color/frame-000127.color.png 0.999842 0.00299917 -0.0175134 0.0428964 -0.00310371 0.999978 -0.00594439 0.00161602 0.0174952 0.00599781 0.999829 -0.00637937 0.0 0.0 0.0 1.0
redkitchen/seq-02/color/frame-000127.color.png redkitchen/seq-02/color/frame-000130.color.png 0.999913 -0.00793607 -0.0105637 0.0316978 0.00792619 0.999968 -0.000981613 -0.00371221 0.0105712 0.000897793 0.999944 0.0151711 0.0 0.0 0.0 1.0
redkitchen/seq-02/color/frame-000130.color.png redkitchen/seq-02/color/frame-000133.color.png 0.999659 -0.016887 -0.0199215 0.0461701 0.0169016 0.999857 0.000563838 -0.0165497 0.0199091 -0.000900339 0.999801 0.00630558 0.0 0.0 0.0 1.0
redkitchen/seq-02/color/frame-000133.color.png redkitchen/seq-02/color/frame-000136.color.png 0.999949 -0.00446177 -0.0091022 0.030562 0.00446201 0.99999 1.01534e-05 -0.00552448 0.00910209 -5.07662e-05 0.999959 0.0113901 0.0 0.0 0.0 1.0
redkitchen/seq-02/color/frame-000136.color.png redkitchen/seq-02/color/frame-000139.color.png 0.999981 -0.003859 0.00479044 0.0268631 0.00381918 0.999958 0.00830085 -0.0221985 -0.00482228 -0.0082824 0.999954 0.0279774 0.0 0.0 0.0 1.0
redkitchen/seq-02/color/frame-000139.color.png redkitchen/seq-02/color/frame-000142.color.png 0.999893 0.00301497 0.0143003 0.0147586 -0.00304856 0.999993 0.0023258 -0.00937247 -0.0142931 -0.00236914 0.999895 0.0449437 0.0 0.0 0.0 1.0
redkitchen/seq-02/color/frame-000142.color.png redkitchen/seq-02/color/frame-000145.color.png 0.999909 0.00476101 0.0125732 0.0234397 -0.00481069 0.999981 0.00392353 -0.010763 -0.0125543 -0.00398368 0.999913 0.0429014 0.0 0.0 0.0 1.0
redkitchen/seq-02/color/frame-000145.color.png redkitchen/seq-02/color/frame-000148.color.png 0.999951 -0.00969441 -0.00207705 0.0234896 0.0097002 0.999949 0.00278173 -0.0230321 0.00205008 -0.00280173 0.999994 0.0311683 0.0 0.0 0.0 1.0
redkitchen/seq-02/color/frame-000148.color.png redkitchen/seq-02/color/frame-000151.color.png 0.9999 0.0013882 -0.0140545 0.0302131 -0.00146136 0.999986 -0.00519674 -0.00193685 0.014047 0.00521675 0.999888 0.0107996 0.0 0.0 0.0 1.0
redkitchen/seq-02/color/frame-000151.color.png redkitchen/seq-02/color/frame-000154.color.png 0.9997 0.0162789 -0.0183142 0.0300398 -0.0162298 0.999864 0.00282946 -0.000188485 0.0183578 -0.00253137 0.999828 0.0149719 0.0 0.0 0.0 1.0
redkitchen/seq-02/color/frame-000154.color.png redkitchen/seq-02/color/frame-000157.color.png 0.998942 0.0184977 -0.0421028 0.0435089 -0.0186747 0.999818 -0.00381487 0.0154745 0.0420245 0.00459709 0.999106 -0.00805712 0.0 0.0 0.0 1.0
redkitchen/seq-02/color/frame-000157.color.png redkitchen/seq-02/color/frame-000160.color.png 0.999383 0.0209294 -0.0282028 0.0553519 -0.020867 0.999779 0.00250535 0.00625901 0.028249 -0.00191529 0.999599 -0.000411808 0.0 0.0 0.0 1.0
redkitchen/seq-02/color/frame-000160.color.png redkitchen/seq-02/color/frame-000163.color.png 0.99959 0.0182994 -0.0220438 0.040401 -0.0184081 0.999819 -0.00473869 0.0175255 0.0219531 0.00514253 0.999746 0.00587046 0.0 0.0 0.0 1.0
redkitchen/seq-02/color/frame-000163.color.png redkitchen/seq-02/color/frame-000166.color.png 0.998679 0.0341185 -0.0384271 0.0731015 -0.0341582 0.999416 -0.000377468 0.0234639 0.0383918 0.00168957 0.999261 -0.0119209 0.0 0.0 0.0 1.0
redkitchen/seq-02/color/frame-000166.color.png redkitchen/seq-02/color/frame-000169.color.png 0.998476 0.0387875 -0.0392613 0.0691735 -0.0391989 0.999184 -0.00976466 0.0383116 0.0388505 0.0112888 0.999181 -0.0241014 0.0 0.0 0.0 1.0
redkitchen/seq-02/color/frame-000169.color.png redkitchen/seq-02/color/frame-000172.color.png 0.998583 0.0362726 -0.03893 0.0718846 -0.0369636 0.999169 -0.0171802 0.0471429 0.0382745 0.0185948 0.999094 -0.0197426 0.0 0.0 0.0 1.0
redkitchen/seq-02/color/frame-000172.color.png redkitchen/seq-02/color/frame-000175.color.png 0.998352 0.0363729 -0.0443786 0.0860786 -0.0364528 0.999335 -0.000991131 0.0226211 0.044313 0.00260722 0.999014 -0.0294286 0.0 0.0 0.0 1.0
redkitchen/seq-02/color/frame-000175.color.png redkitchen/seq-02/color/frame-000178.color.png 0.99939 0.0290062 -0.0194554 0.0431635 -0.0290009 0.999579 0.000554363 0.0207686 0.0194633 1.01991e-05 0.999811 -0.00101197 0.0 0.0 0.0 1.0
redkitchen/seq-02/color/frame-000178.color.png redkitchen/seq-02/color/frame-000181.color.png 0.999504 0.00227643 -0.0314147 0.0531852 -0.00229958 0.999997 -0.000700251 -0.00435668 0.0314131 0.000772145 0.999506 -0.0121306 0.0 0.0 0.0 1.0
redkitchen/seq-02/color/frame-000181.color.png redkitchen/seq-02/color/frame-000184.color.png 0.999782 0.00759124 -0.0194439 0.0402938 -0.00776225 0.999932 -0.00873478 0.00847772 0.0193762 0.0088838 0.999773 0.00445032 0.0 0.0 0.0 1.0
redkitchen/seq-02/color/frame-000184.color.png redkitchen/seq-02/color/frame-000187.color.png 0.99975 0.00562267 -0.0216573 0.034447 -0.00580716 0.999947 -0.0084661 0.00542733 0.0216086 0.00858975 0.99973 0.000866175 0.0 0.0 0.0 1.0
redkitchen/seq-02/color/frame-000187.color.png redkitchen/seq-02/color/frame-000190.color.png 0.999479 0.00555158 -0.0318013 0.06434 -0.00570721 0.999972 -0.00480574 -0.00295177 0.0317737 0.00498473 0.999483 -0.0120673 0.0 0.0 0.0 1.0
redkitchen/seq-02/color/frame-000190.color.png redkitchen/seq-02/color/frame-000193.color.png 0.99998 0.00295151 -0.00561981 0.00902879 -0.00295193 0.999996 -6.24511e-05 -0.0110897 0.00561959 7.90382e-05 0.999984 0.0324762 0.0 0.0 0.0 1.0
redkitchen/seq-02/color/frame-000193.color.png redkitchen/seq-02/color/frame-000196.color.png 0.999748 0.0201436 -0.00993412 0.0223309 -0.0201393 0.999797 0.000532423 0.00514066 0.00994285 -0.000332226 0.99995 0.0230751 0.0 0.0 0.0 1.0
redkitchen/seq-02/color/frame-000196.color.png redkitchen/seq-02/color/frame-000199.color.png 0.999908 -0.00773271 -0.0111683 0.0125422 0.00778435 0.999959 0.00458761 -0.0353848 0.0111324 -0.00467413 0.999927 0.0301247 0.0 0.0 0.0 1.0
redkitchen/seq-02/color/frame-000199.color.png redkitchen/seq-02/color/frame-000202.color.png 0.999899 0.00629322 -0.0127736 0.0232958 -0.00621883 0.999964 0.00585504 -0.0137499 0.01281 -0.00577501 0.999901 0.0222676 0.0 0.0 0.0 1.0
redkitchen/seq-02/color/frame-000202.color.png redkitchen/seq-02/color/frame-000205.color.png 0.999849 0.00139393 -0.0172971 0.0258598 -0.00132427 0.999991 0.00403886 -0.0235529 0.0173026 -0.00401534 0.999842 0.0129948 0.0 0.0 0.0 1.0
redkitchen/seq-02/color/frame-000205.color.png redkitchen/seq-02/color/frame-000208.color.png 0.999847 0.00281578 -0.0172808 0.0392143 -0.0025584 0.999886 0.0148982 -0.0444507 0.0173209 -0.0148517 0.99974 -0.00224924 0.0 0.0 0.0 1.0
redkitchen/seq-02/color/frame-000208.color.png redkitchen/seq-02/color/frame-000211.color.png 0.999872 0.00872773 -0.0134325 0.0222149 -0.00861782 0.999929 0.00821896 -0.0160455 0.0135032 -0.00810215 0.999876 0.0138304 0.0 0.0 0.0 1.0
redkitchen/seq-02/color/frame-000211.color.png redkitchen/seq-02/color/frame-000214.color.png 0.999586 0.00582685 -0.0281759 0.0458771 -0.00565589 0.999965 0.00614389 -0.0136557 0.0282107 -0.00598199 0.999584 -0.00337672 0.0 0.0 0.0 1.0
redkitchen/seq-02/color/frame-000214.color.png redkitchen/seq-02/color/frame-000217.color.png 0.99983 0.00791531 -0.0166783 0.0336761 -0.00797388 0.999962 -0.00344984 0.00746372 0.0166503 0.00358225 0.999855 -0.00296056 0.0 0.0 0.0 1.0
redkitchen/seq-02/color/frame-000217.color.png redkitchen/seq-02/color/frame-000220.color.png 0.999615 0.0133779 -0.024309 0.0371798 -0.0134547 0.999905 -0.00299894 0.0127827 0.0242666 0.00332485 0.9997 -0.00157595 0.0 0.0 0.0 1.0
redkitchen/seq-02/color/frame-000220.color.png redkitchen/seq-02/color/frame-000223.color.png 0.998787 0.0180931 -0.0458062 0.083779 -0.0186565 0.999755 -0.0119031 0.0340837 0.0455796 0.0127432 0.998879 -0.0141345 0.0 0.0 0.0 1.0
redkitchen/seq-02/color/frame-000223.color.png redkitchen/seq-02/color/frame-000226.color.png 0.99848 0.0308913 -0.0456345 0.111802 -0.0310348 0.999515 -0.00243937 0.0290228 0.0455371 0.00385191 0.998955 -0.0305923 0.0 0.0 0.0 1.0
redkitchen/seq-02/color/frame-000226.color.png redkitchen/seq-02/color/frame-000229.color.png 0.998303 0.0401731 -0.0421482 0.0854783 -0.0401129 0.999193 0.00227155 0.0384064 0.0422054 -0.000576987 0.999109 -0.0282096 0.0 0.0 0.0 1.0
redkitchen/seq-02/color/frame-000229.color.png redkitchen/seq-02/color/frame-000232.color.png 0.999352 0.0203497 -0.0296724 0.0599349 -0.0201852 0.999779 0.00583426 0.00666749 0.0297846 -0.00523153 0.999543 -0.0198621 0.0 0.0 0.0 1.0
redkitchen/seq-02/color/frame-000232.color.png redkitchen/seq-02/color/frame-000235.color.png 0.998482 0.0290088 -0.0468276 0.0897653 -0.0289708 0.999579 0.00148855 0.0298439 0.046851 -0.000129692 0.998902 -0.0244296 0.0 0.0 0.0 1.0
redkitchen/seq-02/color/frame-000235.color.png redkitchen/seq-02/color/frame-000238.color.png 0.998882 0.0161888 -0.044423 0.0848274 -0.0157178 0.999817 0.0109328 -0.00536418 0.044592 -0.0102223 0.998953 -0.0449322 0.0 0.0 0.0 1.0
redkitchen/seq-02/color/frame-000238.color.png redkitchen/seq-02/color/frame-000241.color.png 0.998881 0.0238592 -0.0408337 0.067979 -0.023656 0.999705 0.00545178 0.011853 0.0409516 -0.00447971 0.999151 -0.0281563 0.0 0.0 0.0 1.0
redkitchen/seq-02/color/frame-000241.color.png redkitchen/seq-02/color/frame-000244.color.png 0.999583 -0.000873002 -0.0288764 0.0470067 0.00102063 0.999986 0.00509954 -0.0113063 0.0288716 -0.00512687 0.99957 -0.0153782 0.0 0.0 0.0 1.0
redkitchen/seq-02/color/frame-000244.color.png redkitchen/seq-02/color/frame-000247.color.png 0.999525 0.00175079 -0.0307694 0.0458944 -0.00153995 0.999975 0.00687125 -0.0191824 0.0307808 -0.00682061 0.999503 -0.0132786 0.0 0.0 0.0 1.0
redkitchen/seq-02/color/frame-000247.color.png redkitchen/seq-02/color/frame-000250.color.png 0.999801 0.00389039 -0.0195818 0.0313742 -0.00380743 0.999984 0.00427168 -0.0161526 0.0195982 -0.0041963 0.999799 0.000638485 0.0 0.0 0.0 1.0
redkitchen/seq-02/color/frame-000250.color.png redkitchen/seq-02/color/frame-000253.color.png 0.999888 0.00645838 -0.0135134 0.00698364 -0.00644689 0.999979 0.000898902 -0.00576466 0.0135189 -0.000811668 0.999908 0.0141264 0.0 0.0 0.0 1.0
redkitchen/seq-02/color/frame-000253.color.png redkitchen/seq-02/color/frame-000256.color.png 0.999993 -0.00277889 -0.00256422 -0.0178716 0.00275881 0.999966 -0.0078055 -0.00220686 0.00258581 0.00779838 0.999966 0.0270505 0.0 0.0 0.0 1.0
redkitchen/seq-02/color/frame-000256.color.png redkitchen/seq-02/color/frame-000259.color.png 0.999956 0.00564479 -0.00752051 -0.00628209 -0.00572881 0.999921 -0.0111932 0.0153028 0.00745668 0.0112357 0.999909 0.0192953 0.0 0.0 0.0 1.0
redkitchen/seq-02/color/frame-000259.color.png redkitchen/seq-02/color/frame-000262.color.png 0.99976 0.0150017 -0.0159469 0.0405701 -0.0150583 0.999881 -0.00343628 -0.0221851 0.0158934 0.00367567 0.999867 0.0162183 0.0 0.0 0.0 1.0
redkitchen/seq-02/color/frame-000262.color.png redkitchen/seq-02/color/frame-000265.color.png 0.999963 -0.0024862 -0.00825949 -0.00437796 0.0024266 0.999971 -0.00721033 -0.00775474 0.00827716 0.00718997 0.99994 0.0208094 0.0 0.0 0.0 1.0
redkitchen/seq-02/color/frame-000265.color.png redkitchen/seq-02/color/frame-000268.color.png 0.999913 -0.006802 -0.0112601 -0.00134718 0.00681657 0.999976 0.00125602 -0.0195816 0.0112515 -0.00133267 0.999936 0.00156891 0.0 0.0 0.0 1.0
redkitchen/seq-02/color/frame-000268.color.png redkitchen/seq-02/color/frame-000271.color.png 0.999773 0.00663039 -0.0202531 0.0239565 -0.00646159 0.999944 0.0083849 -0.0222147 0.0203075 -0.0082521 0.99976 -0.00559163 0.0 0.0 0.0 1.0
redkitchen/seq-02/color/frame-000271.color.png redkitchen/seq-02/color/frame-000274.color.png 0.999624 0.0180402 -0.0206282 0.0303566 -0.0180833 0.999835 -0.00190446 0.0130444 0.0205904 0.00227675 0.999785 -0.00129056 0.0 0.0 0.0 1.0
redkitchen/seq-02/color/frame-000274.color.png redkitchen/seq-02/color/frame-000277.color.png 0.999556 0.0243996 -0.0171357 0.0286546 -0.02446 0.999695 -0.00332087 0.0207348 0.0170494 0.00373856 0.999848 0.00129795 0.0 0.0 0.0 1.0
redkitchen/seq-02/color/frame-000277.color.png redkitchen/seq-02/color/frame-000280.color.png 0.999724 0.00491332 -0.0229527 0.0327599 -0.00511459 0.999949 -0.00871881 0.0249853 0.0229086 0.00883383 0.999699 -0.00643563 0.0 0.0 0.0 1.0
redkitchen/seq-02/color/frame-000280.color.png redkitchen/seq-02/color/frame-000283.color.png 0.999926 -0.00597622 -0.0106177 0.00462997 0.00589669 0.999954 -0.00750597 -0.00527006 0.0106622 0.0074428 0.999915 0.0151777 0.0 0.0 0.0 1.0
redkitchen/seq-02/color/frame-000283.color.png redkitchen/seq-02/color/frame-000286.color.png 0.99983 0.00602135 -0.0174265 0.0288986 -0.00620845 0.999923 -0.0107033 0.019177 0.0173607 0.0108096 0.999791 7.21216e-05 0.0 0.0 0.0 1.0
redkitchen/seq-02/color/frame-000286.color.png redkitchen/seq-02/color/frame-000289.color.png 0.999478 0.0205381 -0.0249561 0.0598727 -0.0210095 0.999603 -0.0187716 0.0486101 0.0245608 0.0192861 0.999512 0.00218105 0.0 0.0 0.0 1.0
redkitchen/seq-02/color/frame-000289.color.png redkitchen/seq-02/color/frame-000292.color.png 0.9992 0.0197337 -0.0347726 0.0720366 -0.0199234 0.999788 -0.00511793 0.0260661 0.034664 0.00580666 0.999382 -0.0242424 0.0 0.0 0.0 1.0
redkitchen/seq-02/color/frame-000292.color.png redkitchen/seq-02/color/frame-000295.color.png 0.998412 0.038648 -0.040978 0.0936805 -0.0388294 0.999239 -0.00363938 0.0333474 0.0408062 0.00522477 0.999153 -0.0138643 0.0 0.0 0.0 1.0
redkitchen/seq-02/color/frame-000295.color.png redkitchen/seq-02/color/frame-000298.color.png 0.999273 0.0217578 -0.0313058 0.0641018 -0.0217772 0.999763 -0.00028167 0.0224234 0.0312924 0.000963146 0.99951 -0.016077 0.0 0.0 0.0 1.0
redkitchen/seq-02/color/frame-000298.color.png redkitchen/seq-02/color/frame-000301.color.png 0.999476 0.0176229 -0.0271485 0.0426264 -0.0177133 0.999838 -0.00309202 0.0196228 0.0270895 0.00357144 0.999627 -0.0105722 0.0 0.0 0.0 1.0
redkitchen/seq-02/color/frame-000301.color.png redkitchen/seq-02/color/frame-000304.color.png 0.999027 0.0274376 -0.034521 0.0596775 -0.0273126 0.999619 0.00408754 0.0157322 0.03462 -0.00314072 0.999396 -0.0161211 0.0 0.0 0.0 1.0
redkitchen/seq-02/color/frame-000304.color.png redkitchen/seq-02/color/frame-000307.color.png 0.999416 0.0163635 -0.0299876 0.0378612 -0.0164044 0.999865 -0.00111829 0.0086478 0.0299653 0.00160948 0.99955 -0.00936794 0.0 0.0 0.0 1.0
redkitchen/seq-02/color/frame-000307.color.png redkitchen/seq-02/color/frame-000310.color.png 0.999643 0.0105576 -0.0245638 0.0199716 -0.0108733 0.99986 -0.0127557 0.0221179 0.0244256 0.0130182 0.999617 0.00032115 0.0 0.0 0.0 1.0
redkitchen/seq-02/color/frame-000310.color.png redkitchen/seq-02/color/frame-000313.color.png 0.999567 0.015471 -0.0250332 0.0325942 -0.0158157 0.999782 -0.0136336 0.0248776 0.0248169 0.0140236 0.999594 0.00612235 0.0 0.0 0.0 1.0
redkitchen/seq-02/color/frame-000313.color.png redkitchen/seq-02/color/frame-000316.color.png 0.999404 0.0227268 -0.0259976 0.03199 -0.0232591 0.999522 -0.0203541 0.0587295 0.0255226 0.0209467 0.999455 0.00504017 0.0 0.0 0.0 1.0
redkitchen/seq-02/color/frame-000316.color.png redkitchen/seq-02/color/frame-000319.color.png 0.999344 0.0196616 -0.0304113 0.0411961 -0.0193176 0.999747 0.011565 -0.0135745 0.030631 -0.0109699 0.999471 -0.0256262 0.0 0.0 0.0 1.0
redkitchen/seq-02/color/frame-000319.color.png redkitchen/seq-02/color/frame-000322.color.png 0.999317 0.0154966 -0.0335567 0.0463411 -0.0151353 0.999825 0.010992 -0.0154771 0.0337211 -0.0104766 0.999376 -0.0248022 0.0 0.0 0.0 1.0
redkitchen/seq-02/color/frame-000322.color.png redkitchen/seq-02/color/frame-000325.color.png 0.999501 0.0177984 -0.0261109 0.033749 -0.01784 0.99984 -0.00136144 0.0113372 0.0260825 0.00182655 0.999658 -0.0175874 0.0 0.0 0.0 1.0
redkitchen/seq-02/color/frame-000325.color.png redkitchen/seq-02/color/frame-000328.color.png 0.999136 0.0241706 -0.0338148 0.0546519 -0.0241994 0.999707 -0.000442027 0.0127868 0.0337943 0.00126 0.999428 -0.00781536 0.0 0.0 0.0 1.0
redkitchen/seq-02/color/frame-000328.color.png redkitchen/seq-02/color/frame-000331.color.png 0.998554 0.031427 -0.0436245 0.0830031 -0.0315909 0.999496 -0.00307296 0.0240197 0.0435059 0.00444669 0.999043 -0.00719404 0.0 0.0 0.0 1.0
redkitchen/seq-02/color/frame-000331.color.png redkitchen/seq-02/color/frame-000334.color.png 0.998341 0.0334799 -0.0468491 0.0981107 -0.0338233 0.999406 -0.00655563 0.0209648 0.0466018 0.00812933 0.99888 0.000865459 0.0 0.0 0.0 1.0
redkitchen/seq-02/color/frame-000334.color.png redkitchen/seq-02/color/frame-000337.color.png 0.998919 0.0293058 -0.0360911 0.0587227 -0.0300596 0.999337 -0.0205224 0.0365123 0.0354658 0.0215849 0.999138 0.0205569 0.0 0.0 0.0 1.0
redkitchen/seq-02/color/frame-000337.color.png redkitchen/seq-02/color/frame-000340.color.png 0.999393 0.0170927 -0.0303441 0.0544794 -0.0170062 0.999851 0.003103 -0.0107574 0.0303926 -0.00258501 0.999535 0.00194788 0.0 0.0 0.0 1.0
redkitchen/seq-02/color/frame-000340.color.png redkitchen/seq-02/color/frame-000343.color.png 0.999851 0.0106637 -0.0136079 -0.00221056 -0.010477 0.999851 0.0137234 -0.0498808 0.0137523 -0.0135787 0.999813 0.0164359 0.0 0.0 0.0 1.0
redkitchen/seq-02/color/frame-000343.color.png redkitchen/seq-02/color/frame-000346.color.png 0.999949 -0.00998526 -0.00116349 -0.0390549 0.0100144 0.999542 0.0285643 -0.0831536 0.000877818 -0.0285744 0.999591 -0.00092864 0.0 0.0 0.0 1.0
redkitchen/seq-02/color/frame-000346.color.png redkitchen/seq-02/color/frame-000349.color.png 0.999811 -0.012925 0.0145034 -0.075622 0.0127809 0.999868 0.00998471 -0.0363377 -0.0146306 -0.00979761 0.999845 0.0125265 0.0 0.0 0.0 1.0
redkitchen/seq-02/color/frame-000349.color.png redkitchen/seq-02/color/frame-000352.color.png 0.999966 -0.00274437 0.00780866 -0.0611189 0.00265452 0.99993 0.0114889 -0.0329512 -0.00783966 -0.0114678 0.999903 0.0120704 0.0 0.0 0.0 1.0
redkitchen/seq-02/color/frame-000352.color.png redkitchen/seq-02/color/frame-000355.color.png 0.999871 -0.00907422 0.0132508 -0.0780909 0.00904413 0.999956 0.00232583 -0.0100155 -0.0132713 -0.0022057 0.99991 0.00375009 0.0 0.0 0.0 1.0
redkitchen/seq-02/color/frame-000355.color.png redkitchen/seq-02/color/frame-000358.color.png 0.999734 -0.0210435 0.00941169 -0.0877089 0.0209992 0.999768 0.00478272 -0.0278128 -0.0095102 -0.00458388 0.999944 -0.00553799 0.0 0.0 0.0 1.0
redkitchen/seq-02/color/frame-000358.color.png redkitchen/seq-02/color/frame-000361.color.png 0.999932 -0.0100044 0.00606557 -0.0619715 0.00996002 0.999924 0.00731215 -0.027409 -0.00613825 -0.00725122 0.999955 -0.0039289 0.0 0.0 0.0 1.0
redkitchen/seq-02/color/frame-000361.color.png redkitchen/seq-02/color/frame-000364.color.png 0.999785 -0.00693987 0.0195571 -0.0916466 0.0067722 0.99994 0.00863086 -0.0193824 -0.0196158 -0.00849658 0.999771 -0.0117729 0.0 0.0 0.0 1.0
redkitchen/seq-02/color/frame-000364.color.png redkitchen/seq-02/color/frame-000367.color.png 0.999997 0.00192911 0.00145143 -0.0361013 -0.00194152 0.999962 0.00855152 -0.0154189 -0.00143492 -0.00855441 0.999962 -0.0101473 0.0 0.0 0.0 1.0
redkitchen/seq-02/color/frame-000367.color.png redkitchen/seq-02/color/frame-000370.color.png 0.999996 -0.00101477 -0.00246043 -0.0276333 0.00100299 0.999988 -0.00478694 0.0107136 0.00246524 0.00478442 0.999985 -0.00250959 0.0 0.0 0.0 1.0
redkitchen/seq-02/color/frame-000370.color.png redkitchen/seq-02/color/frame-000373.color.png 0.99991 0.0109313 -0.00777528 -0.003635 -0.0108669 0.999907 0.00827083 -0.0140018 0.00786503 -0.00818544 0.999936 -0.00834727 0.0 0.0 0.0 1.0
redkitchen/seq-02/color/frame-000373.color.png redkitchen/seq-02/color/frame-000376.color.png 0.999906 0.00719404 -0.0116517 -0.00299014 -0.0072452 0.999964 -0.00434441 0.0119372 0.0116199 0.00442837 0.999923 0.0047071 0.0 0.0 0.0 1.0
redkitchen/seq-02/color/frame-000376.color.png redkitchen/seq-02/color/frame-000379.color.png 0.999304 0.025049 -0.0276426 0.0342678 -0.0251463 0.999679 -0.00318273 0.011412 0.0275539 0.00387557 0.999613 0.0112331 0.0 0.0 0.0 1.0
redkitchen/seq-02/color/frame-000379.color.png redkitchen/seq-02/color/frame-000382.color.png 0.999124 0.0273436 -0.0316844 0.0493241 -0.027709 0.999554 -0.0111566 0.0229418 0.0313652 0.0120247 0.999436 0.0208247 0.0 0.0 0.0 1.0
redkitchen/seq-02/color/frame-000382.color.png redkitchen/seq-02/color/frame-000385.color.png 0.999439 0.0208565 -0.0262204 0.0373378 -0.0208735 0.999782 -0.000375956 -0.0110111 0.0262069 0.000923144 0.999656 0.0112758 0.0 0.0 0.0 1.0
redkitchen/seq-02/color/frame-000385.color.png redkitchen/seq-02/color/frame-000388.color.png 0.999545 0.018379 -0.0239117 0.0321664 -0.0185886 0.99979 -0.00857474 0.00719726 0.0237491 0.00901525 0.999677 0.0225096 0.0 0.0 0.0 1.0
redkitchen/seq-02/color/frame-000388.color.png redkitchen/seq-02/color/frame-000391.color.png 0.999841 0.0143316 -0.0105832 -0.00312112 -0.0143574 0.999894 -0.00235963 -0.0262959 0.0105483 0.00251128 0.999941 0.0181651 0.0 0.0 0.0 1.0
redkitchen/seq-02/color/frame-000391.color.png redkitchen/seq-02/color/frame-000394.color.png 0.999994 0.00329729 -0.000816317 -0.0309376 -0.00328793 0.999933 0.0110732 -0.0434781 0.000852745 -0.0110706 0.999938 0.000796318 0.0 0.0 0.0 1.0
redkitchen/seq-02/color/frame-000394.color.png redkitchen/seq-02/color/frame-000397.color.png 0.999859 -0.0104698 0.0131593 -0.0776166 0.0104157 0.999937 0.00417216 -0.00637591 -0.0132021 -0.00403451 0.999905 0.00232315 0.0 0.0 0.0 1.0
redkitchen/seq-02/color/frame-000397.color.png redkitchen/seq-02/color/frame-000400.color.png 0.999997 -0.00174061 0.00192037 -0.0449733 0.00173223 0.999989 0.00429947 -0.00379825 -0.00192783 -0.00429602 0.999989 -0.00485182 0.0 0.0 0.0 1.0
redkitchen/seq-02/color/frame-000400.color.png redkitchen/seq-02/color/frame-000403.color.png 0.999923 -0.00714036 0.0101761 -0.0670368 0.00720568 0.999954 -0.00638998 0.014037 -0.01013 0.00646284 0.999928 0.000516415 0.0 0.0 0.0 1.0
redkitchen/seq-02/color/frame-000403.color.png redkitchen/seq-02/color/frame-000406.color.png 0.999972 -0.00666664 0.00336895 -0.0588367 0.00667467 0.999975 -0.00239708 -0.00125408 -0.00335285 0.00241946 0.999991 -0.0108001 0.0 0.0 0.0 1.0
redkitchen/seq-02/color/frame-000406.color.png redkitchen/seq-02/color/frame-000409.color.png 0.999934 -0.0112786 -0.00198382 -0.0302739 0.0112847 0.999932 0.00302007 -0.00293374 0.00194961 -0.00304224 0.999993 -0.0170972 0.0 0.0 0.0 1.0
redkitchen/seq-02/color/frame-000409.color.png redkitchen/seq-02/color/frame-000412.color.png 0.99999 -0.00398834 0.0020337 -0.0380038 0.00401341 0.999914 -0.0124652 0.037356 -0.00198383 0.0124732 0.99992 -0.00176287 0.0 0.0 0.0 1.0
redkitchen/seq-02/color/frame-000412.color.png redkitchen/seq-02/color/frame-000415.color.png 0.999875 0.0121699 0.0101426 -0.0444828 -0.012163 0.999926 -0.000743115 0.00679886 -0.010151 0.000619595 0.999948 -0.00882292 0.0 0.0 0.0 1.0
redkitchen/seq-02/color/frame-000415.color.png redkitchen/seq-02/color/frame-000418.color.png 0.999949 0.00909775 0.00430667 -0.0324853 -0.00910462 0.999957 0.00155602 -0.00362146 -0.00429225 -0.0015951 0.99999 -0.00757456 0.0 0.0 0.0 1.0
redkitchen/seq-02/color/frame-000418.color.png redkitchen/seq-02/color/frame-000421.color.png 0.999905 0.0131542 0.00411436 -0.0274661 -0.0131674 0.999908 0.00322291 -0.0129299 -0.00407164 -0.00327678 0.999986 0.00389886 0.0 0.0 0.0 1.0
redkitchen/seq-02/color/frame-000421.color.png redkitchen/seq-02/color/frame-000424.color.png 0.999912 0.0116545 -0.0063615 -0.0100046 -0.0116942 0.999912 -0.00625648 0.014553 0.00628805 0.0063303 0.99996 0.0207536 0.0 0.0 0.0 1.0
redkitchen/seq-02/color/frame-000424.color.png redkitchen/seq-02/color/frame-000427.color.png 0.999719 0.00593051 -0.0229651 0.0281916 -0.00625257 0.999883 -0.0139766 0.0290314 0.0228795 0.0141162 0.999639 0.0314345 0.0 0.0 0.0 1.0
redkitchen/seq-02/color/frame-000427.color.png redkitchen/seq-02/color/frame-000430.color.png 0.999971 -0.00202921 -0.00737676 -0.0144234 0.00197399 0.99997 -0.00748251 0.00116563 0.0073918 0.00746786 0.999945 0.0253079 0.0 0.0 0.0 1.0
redkitchen/seq-02/color/frame-000430.color.png redkitchen/seq-02/color/frame-000433.color.png 1.0 0.000564574 -0.0002482 -0.0216913 -0.000564154 0.999998 0.00171467 -0.0117589 0.000249129 -0.00171452 0.999998 0.00878763 0.0 0.0 0.0 1.0
redkitchen/seq-02/color/frame-000433.color.png redkitchen/seq-02/color/frame-000436.color.png 0.999785 -0.00709694 0.0194672 -0.0834386 0.00679691 0.999858 0.0154291 -0.0409533 -0.019574 -0.0152935 0.999691 -0.011498 0.0 0.0 0.0 1.0
redkitchen/seq-02/color/frame-000436.color.png redkitchen/seq-02/color/frame-000439.color.png 0.999892 -0.00578343 0.013502 -0.0717804 0.00557655 0.999867 0.015308 -0.0312968 -0.0135887 -0.0152311 0.999792 -0.0110157 0.0 0.0 0.0 1.0
redkitchen/seq-02/color/frame-000439.color.png redkitchen/seq-02/color/frame-000442.color.png 0.999954 -0.0060081 0.00751548 -0.0514772 0.00596325 0.999964 0.00598817 -0.00650895 -0.00755117 -0.00594301 0.999954 -0.0117979 0.0 0.0 0.0 1.0
redkitchen/seq-02/color/frame-000442.color.png redkitchen/seq-02/color/frame-000445.color.png 0.999935 -0.0113677 0.00112387 -0.0498638 0.0113692 0.999934 -0.00137316 0.0115149 -0.00110821 0.00138573 0.999998 -0.0142393 0.0 0.0 0.0 1.0
redkitchen/seq-02/color/frame-000445.color.png redkitchen/seq-02/color/frame-000448.color.png 0.999792 -0.0202653 0.00214581 -0.0551581 0.0202608 0.999793 0.00207553 0.0120115 -0.00218744 -0.00203157 0.999995 -0.0261836 0.0 0.0 0.0 1.0
redkitchen/seq-02/color/frame-000448.color.png redkitchen/seq-02/color/frame-000451.color.png 0.999969 -0.00676334 0.00396446 -0.0406382 0.00675112 0.999972 0.00306857 -0.00266862 -0.00398507 -0.00304164 0.999987 -0.0292063 0.0 0.0 0.0 1.0
redkitchen/seq-02/color/frame-000451.color.png redkitchen/seq-02/color/frame-000454.color.png 0.999941 -0.00972642 -0.00486374 -0.0311732 0.00972571 0.999953 -0.000195031 0.0264454 0.00486537 0.000147618 0.999988 -0.0115514 0.0 0.0 0.0 1.0
redkitchen/seq-02/color/frame-000454.color.png redkitchen/seq-02/color/frame-000457.color.png 0.999969 0.00443858 -0.00654965 -0.00300932 -0.00444518 0.99999 -0.00098428 0.000237942 0.0065452 0.00101339 0.999978 -0.0115457 0.0 0.0 0.0 1.0
redkitchen/seq-02/color/frame-000457.color.png redkitchen/seq-02/color/frame-000460.color.png 0.999928 0.00952856 -0.00723662 -0.0120921 -0.00954452 0.999952 -0.00216907 -0.00061655 0.00721557 0.00223794 0.999972 -0.00375843 0.0 0.0 0.0 1.0
redkitchen/seq-02/color/frame-000460.color.png redkitchen/seq-02/color/frame-000463.color.png 0.999938 0.00522174 -0.00987751 0.00325924 -0.00524935 0.999982 -0.00277063 0.0124667 0.00986291 0.00282232 0.999947 0.00638366 0.0 0.0 0.0 1.0
redkitchen/seq-02/color/frame-000463.color.png redkitchen/seq-02/color/frame-000466.color.png 0.999759 0.013378 -0.0174341 0.0141562 -0.0134202 0.999907 -0.00230044 0.0065645 0.0174016 0.00253389 0.999845 0.0113888 0.0 0.0 0.0 1.0
redkitchen/seq-02/color/frame-000466.color.png redkitchen/seq-02/color/frame-000469.color.png 0.999742 0.0164223 -0.0156997 0.0152311 -0.0163853 0.999863 0.00247759 -0.0121119 0.0157383 -0.00221966 0.999874 0.000993252 0.0 0.0 0.0 1.0
redkitchen/seq-02/color/frame-000469.color.png redkitchen/seq-02/color/frame-000472.color.png 0.999451 0.0166164 -0.0286772 0.0228192 -0.0166536 0.999861 -0.00106108 -0.016112 0.0286556 0.0015381 0.999588 0.0348232 0.0 0.0 0.0 1.0
redkitchen/seq-02/color/frame-000472.color.png redkitchen/seq-02/color/frame-000475.color.png 0.999884 -0.000692852 -0.0152419 -0.00267154 0.000636379 0.999993 -0.00369975 0.0224668 0.0152443 0.00368951 0.999877 0.0204639 0.0 0.0 0.0 1.0
redkitchen/seq-02/color/frame-000475.color.png redkitchen/seq-02/color/frame-000478.color.png 0.999897 0.00764009 -0.0121226 -0.0186452 -0.00767989 0.999965 -0.00325024 -0.00077033 0.0120974 0.00334307 0.999921 0.0242722 0.0 0.0 0.0 1.0
redkitchen/seq-02/color/frame-000478.color.png redkitchen/seq-02/color/frame-000481.color.png 0.999909 -0.000639698 -0.013449 -0.000667095 0.000567746 0.999986 -0.00535817 0.0115215 0.0134523 0.00535015 0.999895 0.0191693 0.0 0.0 0.0 1.0
redkitchen/seq-02/color/frame-000481.color.png redkitchen/seq-02/color/frame-000484.color.png 0.999893 0.00136991 -0.0145493 -0.00647771 -0.00129842 0.999987 0.00493239 -0.016505 0.0145558 -0.00491299 0.999882 0.029768 0.0 0.0 0.0 1.0
redkitchen/seq-02/color/frame-000484.color.png redkitchen/seq-02/color/frame-000487.color.png 0.999942 0.00780309 0.00736717 -0.0304165 -0.00779973 0.99997 -0.000481011 -0.0117983 -0.0073707 0.000423614 0.999973 -0.0172269 0.0 0.0 0.0 1.0
redkitchen/seq-02/color/frame-000487.color.png redkitchen/seq-02/color/frame-000490.color.png 0.999992 0.00387908 0.000623063 -0.0247996 -0.00388251 0.999976 0.00570314 -0.0216223 -0.000600912 -0.00570541 0.999983 -0.01108 0.0 0.0 0.0 1.0
redkitchen/seq-02/color/frame-000490.color.png redkitchen/seq-02/color/frame-000493.color.png 0.999917 0.012862 -0.000402045 -0.0164247 -0.0128616 0.999917 0.00120016 -0.00879443 0.000417413 -0.00119499 0.999999 -0.000495672 0.0 0.0 0.0 1.0
redkitchen/seq-02/color/frame-000493.color.png redkitchen/seq-02/color/frame-000496.color.png 0.99995 0.00998911 0.000836637 -0.0209849 -0.00998275 0.999924 -0.00726211 0.0067414 -0.000909054 0.00725345 0.999973 -0.00130677 0.0 0.0 0.0 1.0
redkitchen/seq-02/color/frame-000496.color.png redkitchen/seq-02/color/frame-000499.color.png 0.999973 0.00410998 -0.00617841 -0.0114962 -0.00411117 0.999992 -0.000183398 -0.00193262 0.0061776 0.00020878 0.999981 -0.000995874 0.0 0.0 0.0 1.0
redkitchen/seq-02/color/frame-000499.color.png redkitchen/seq-02/color/frame-000502.color.png 0.999969 -0.00436574 -0.00653607 -0.0425955 0.00438877 0.999984 0.00351733 0.00104582 0.00652057 -0.00354601 0.999973 -0.00562453 0.0 0.0 0.0 1.0
redkitchen/seq-02/color/frame-000502.color.png redkitchen/seq-02/color/frame-000505.color.png 0.999903 -0.0138811 -0.000781279 -0.0415453 0.0138855 0.999885 0.00607312 0.0179104 0.000696823 -0.00608333 0.999981 -0.015403 0.0 0.0 0.0 1.0
redkitchen/seq-02/color/frame-000505.color.png redkitchen/seq-02/color/frame-000508.color.png 0.999979 0.00599459 -0.00245776 -0.0251451 -0.00597943 0.999963 0.00611749 -0.017744 0.00249436 -0.00610276 0.999978 -0.0123274 0.0 0.0 0.0 1.0
redkitchen/seq-02/color/frame-000508.color.png redkitchen/seq-02/color/frame-000511.color.png 0.999974 -0.0042574 -0.00588168 -0.0291252 0.00424021 0.999987 -0.0029076 0.0177221 0.00589397 0.00288252 0.999978 -0.00756264 0.0 0.0 0.0 1.0
