redkitchen/seq-02/color/frame-000001.color.png redkitchen/seq-02/color/frame-000003.color.png 0.999998 -0.000574631 -0.00215161 0.000210981 0.000587629 0.999982 0.00604532 -0.00376359 0.0021481 -0.00604657 0.999979 0.00027364 0.0 0.0 0.0 1.0
redkitchen/seq-02/color/frame-000003.color.png redkitchen/seq-02/color/frame-000005.color.png 0.999997 -0.00075654 0.00250173 0.00728734 0.000757526 1.0 -0.000392946 -0.000686331 -0.00250144 0.00039484 0.999997 -0.000199963 0.0 0.0 0.0 1.0
redkitchen/seq-02/color/frame-000005.color.png redkitchen/seq-02/color/frame-000007.color.png 0.999982 -0.00116429 0.00581531 -0.00668367 0.00116841 0.999999 -0.000704929 0.00123258 -0.00581449 0.000711711 0.999983 0.00120803 0.0 0.0 0.0 1.0
redkitchen/seq-02/color/frame-000007.color.png redkitchen/seq-02/color/frame-000009.color.png 0.999999 -0.000252158 0.0014675 0.00352194 0.00025156 1.0 0.000408105 -0.00323817 -0.00146761 -0.000407737 0.999999 -0.000241837 0.0 0.0 0.0 1.0
redkitchen/seq-02/color/frame-000009.color.png redkitchen/seq-02/color/frame-000011.color.png 0.99998 -0.00259071 0.00575317 -0.00190154 0.00260362 0.999994 -0.00223756 0.000995472 -0.00574734 0.00225249 0.999981 0.000855546 0.0 0.0 0.0 1.0
redkitchen/seq-02/color/frame-000011.color.png redkitchen/seq-02/color/frame-000013.color.png 0.999997 -0.00169203 0.00196042 0.00168245 0.00169926 0.999992 -0.0036924 0.000364872 -0.00195416 0.00369572 0.999991 -0.000484681 0.0 0.0 0.0 1.0
redkitchen/seq-02/color/frame-000013.color.png redkitchen/seq-02/color/frame-000015.color.png 0.999971 -0.00300759 0.00694894 -0.00390711 0.00301858 0.999994 -0.00157153 -0.00100076 -0.00694417 0.00159246 0.999975 0.00157799 0.0 0.0 0.0 1.0
redkitchen/seq-02/color/frame-000015.color.png redkitchen/seq-02/color/frame-000017.color.png 0.999989 -0.0036066 0.00314695 0.00179032 0.00361386 0.999991 -0.00230217 0.00221965 -0.00313862 0.00231352 0.999992 0.000349343 0.0 0.0 0.0 1.0
redkitchen/seq-02/color/frame-000017.color.png redkitchen/seq-02/color/frame-000019.color.png 0.999965 -0.00658059 0.00523369 -0.00251412 0.00658466 0.999978 -0.000760294 -0.0025244 -0.00522857 0.000794729 0.999986 0.00314352 0.0 0.0 0.0 1.0
redkitchen/seq-02/color/frame-000019.color.png redkitchen/seq-02/color/frame-000021.color.png 0.999993 -0.00214244 0.00301685 -0.0015643 0.00213717 0.999996 0.00175121 0.000517979 -0.00302059 -0.00174475 0.999994 0.00132057 0.0 0.0 0.0 1.0
redkitchen/seq-02/color/frame-000021.color.png redkitchen/seq-02/color/frame-000023.color.png 0.999979 -0.00143428 0.00631345 0.000129408 0.00142724 0.999998 0.0011203 -0.00225709 -0.00631504 -0.00111127 0.999979 0.0054454 0.0 0.0 0.0 1.0
redkitchen/seq-02/color/frame-000023.color.png redkitchen/seq-02/color/frame-000025.color.png 0.999952 -0.0026039 0.00944069 -0.00522953 0.00255622 0.999984 0.00505957 0.00140963 -0.00945372 -0.0050352 0.999943 0.00519095 0.0 0.0 0.0 1.0
redkitchen/seq-02/color/frame-000025.color.png redkitchen/seq-02/color/frame-000027.color.png 0.999962 -0.0038479 0.0078615 0.00173595 0.00381002 0.999981 0.00482776 -0.00398428 -0.00787993 -0.00479762 0.999957 0.00577698 0.0 0.0 0.0 1.0
redkitchen/seq-02/color/frame-000027.color.png redkitchen/seq-02/color/frame-000029.color.png 0.999776 -0.0110738 0.0180368 -0.00438684 0.0109769 0.999925 0.00546175 -0.000960184 -0.0180959 -0.00526253 0.999822 0.00718476 0.0 0.0 0.0 1.0
redkitchen/seq-02/color/frame-000029.color.png redkitchen/seq-02/color/frame-000031.color.png 0.999667 -0.0195477 0.016831 -0.00209558 0.0194198 0.999782 0.00772918 0.00435355 -0.0169785 -0.00739975 0.999829 0.00928044 0.0 0.0 0.0 1.0
redkitchen/seq-02/color/frame-000031.color.png redkitchen/seq-02/color/frame-000033.color.png 0.999938 -0.00929916 0.00618105 -0.000824763 0.00925825 0.999935 0.00662016 -0.0135079 -0.00624223 -0.00656252 0.999959 0.0128283 0.0 0.0 0.0 1.0
redkitchen/seq-02/color/frame-000033.color.png redkitchen/seq-02/color/frame-000035.color.png 0.999935 -0.00862545 0.00738894 0.00650092 0.00863999 0.999961 -0.00194025 0.00698599 -0.00737192 0.00200396 0.999971 0.00617902 0.0 0.0 0.0 1.0
redkitchen/seq-02/color/frame-000035.color.png redkitchen/seq-02/color/frame-000037.color.png 0.999944 -0.00550497 0.00908648 -0.00342142 0.00552091 0.999983 -0.00172971 -0.00526824 -0.00907681 0.00177979 0.999957 0.0116492 0.0 0.0 0.0 1.0
redkitchen/seq-02/color/frame-000037.color.png redkitchen/seq-02/color/frame-000039.color.png 0.999969 -0.00705315 0.00341129 0.00743093 0.00706612 0.999968 -0.00380886 0.00141876 -0.0033843 0.00383284 0.999987 0.00554928 0.0 0.0 0.0 1.0
redkitchen/seq-02/color/frame-000039.color.png redkitchen/seq-02/color/frame-000041.color.png 0.999831 -0.00643976 0.0172036 0.00881363 0.00650545 0.999972 -0.00376508 0.00267225 -0.0171789 0.00387636 0.999845 0.0110452 0.0 0.0 0.0 1.0
redkitchen/seq-02/color/frame-000041.color.png redkitchen/seq-02/color/frame-000043.color.png 0.999954 -0.00713339 0.00643284 0.00754048 0.00708882 0.999951 0.00692643 -0.00143606 -0.00648195 -0.00688051 0.999955 0.0106426 0.0 0.0 0.0 1.0
redkitchen/seq-02/color/frame-000043.color.png redkitchen/seq-02/color/frame-000045.color.png 0.999949 -0.00483561 0.00888665 0.0101802 0.00479919 0.99998 0.00411152 -0.00140013 -0.00890633 -0.00406867 0.999952 0.00902627 0.0 0.0 0.0 1.0
redkitchen/seq-02/color/frame-000045.color.png redkitchen/seq-02/color/frame-000047.color.png 0.999796 -0.00803373 0.0185413 0.0155596 0.00794526 0.999957 0.00484147 -0.0038706 -0.0185794 -0.00469317 0.999816 0.0111684 0.0 0.0 0.0 1.0
redkitchen/seq-02/color/frame-000047.color.png redkitchen/seq-02/color/frame-000049.color.png 0.99988 -0.000505583 0.0155107 0.00743435 0.000456662 0.999995 0.00315599 -0.00138257 -0.0155122 -0.00314852 0.999875 0.0147376 0.0 0.0 0.0 1.0
redkitchen/seq-02/color/frame-000049.color.png redkitchen/seq-02/color/frame-000051.color.png 0.999749 0.0103149 0.0199059 0.0146744 -0.0105158 0.999894 0.0100156 0.00108558 -0.0198005 -0.0102224 0.999752 0.0162955 0.0 0.0 0.0 1.0
redkitchen/seq-02/color/frame-000051.color.png redkitchen/seq-02/color/frame-000053.color.png 0.999974 0.00460181 0.00559738 0.00828082 -0.0046149 0.999987 0.00232877 0.00287467 -0.00558658 -0.00235454 0.999982 0.0155204 0.0 0.0 0.0 1.0
redkitchen/seq-02/color/frame-000053.color.png redkitchen/seq-02/color/frame-000055.color.png 0.999988 0.000993248 -0.0047281 0.020737 -0.000968511 0.999986 0.00522965 -0.00848795 0.00473326 -0.005225 0.999975 0.00610602 0.0 0.0 0.0 1.0
redkitchen/seq-02/color/frame-000055.color.png redkitchen/seq-02/color/frame-000057.color.png 0.999988 -0.00302319 0.00394431 0.030319 0.00303827 0.999988 -0.0038132 -0.00132597 -0.00393274 0.00382514 0.999985 0.00771195 0.0 0.0 0.0 1.0
redkitchen/seq-02/color/frame-000057.color.png redkitchen/seq-02/color/frame-000059.color.png 0.999978 -0.00558853 0.00344781 0.0212982 0.00559062 0.999984 -0.000602189 -0.00746725 -0.00344439 0.000621447 0.999994 0.00670189 0.0 0.0 0.0 1.0
redkitchen/seq-02/color/frame-000059.color.png redkitchen/seq-02/color/frame-000061.color.png 0.999953 -0.0051369 0.0082803 0.0166472 0.00519424 0.999963 -0.00691787 0.00516636 -0.00824449 0.00696055 0.999942 0.00583167 0.0 0.0 0.0 1.0
redkitchen/seq-02/color/frame-000061.color.png redkitchen/seq-02/color/frame-000063.color.png 0.999942 -0.00790084 0.00736368 0.0125613 0.00793648 0.999957 -0.00482721 -0.00279897 -0.00732522 0.00488537 0.999961 0.0151297 0.0 0.0 0.0 1.0
redkitchen/seq-02/color/frame-000063.color.png redkitchen/seq-02/color/frame-000065.color.png 0.999788 -0.0200466 0.00478826 0.0235252 0.0200896 0.999757 -0.0090857 -0.00286271 -0.00460495 0.00917997 0.999947 0.0133451 0.0 0.0 0.0 1.0
redkitchen/seq-02/color/frame-000065.color.png redkitchen/seq-02/color/frame-000067.color.png 0.999969 -0.00613188 0.0050136 0.0196723 0.00618976 0.999913 -0.0116135 -0.00205066 -0.00494194 0.0116442 0.99992 0.00823663 0.0 0.0 0.0 1.0
redkitchen/seq-02/color/frame-000067.color.png redkitchen/seq-02/color/frame-000069.color.png 0.999952 -0.00757977 0.00623911 0.0132785 0.00763537 0.999931 -0.00893638 0.00177126 -0.00617097 0.00898359 0.999941 0.00726052 0.0 0.0 0.0 1.0
redkitchen/seq-02/color/frame-000069.color.png redkitchen/seq-02/color/frame-000071.color.png 0.999984 -0.00288081 0.00487804 0.0203206 0.00291188 0.999975 -0.00637738 0.000677116 -0.00485954 0.00639147 0.999968 0.0120026 0.0 0.0 0.0 1.0
redkitchen/seq-02/color/frame-000071.color.png redkitchen/seq-02/color/frame-000073.color.png 0.999986 -0.00105773 0.00516921 0.01178 0.00104637 0.999997 0.00220539 -0.00765224 -0.00517157 -0.00219995 0.999984 0.019366 0.0 0.0 0.0 1.0
redkitchen/seq-02/color/frame-000073.color.png redkitchen/seq-02/color/frame-000075.color.png 0.99995 -0.00281816 0.0096336 0.0225752 0.00279786 0.999994 0.00211974 -0.00939312 -0.00963946 -0.00209267 0.999951 0.020743 0.0 0.0 0.0 1.0
redkitchen/seq-02/color/frame-000075.color.png redkitchen/seq-02/color/frame-000077.color.png 0.999939 -0.0024944 0.0107735 0.0111969 0.00247077 0.999995 0.00220214 -0.00396109 -0.010779 -0.00217539 0.999939 0.0215327 0.0 0.0 0.0 1.0
redkitchen/seq-02/color/frame-000077.color.png redkitchen/seq-02/color/frame-000079.color.png 0.999968 -0.00526014 0.00607555 0.0112127 0.00524495 0.999983 0.00252097 -0.00689124 -0.00608872 -0.00248903 0.999978 0.0203165 0.0 0.0 0.0 1.0
redkitchen/seq-02/color/frame-000079.color.png redkitchen/seq-02/color/frame-000081.color.png 0.999841 -0.00767971 0.0160733 0.0247659 0.00756029 0.999943 0.00747681 -0.0195064 -0.0161298 -0.00735412 0.999843 0.0272483 0.0 0.0 0.0 1.0
redkitchen/seq-02/color/frame-000081.color.png redkitchen/seq-02/color/frame-000083.color.png 0.999949 -0.00500865 0.00881017 0.00372672 0.00499687 0.999987 0.00135904 -0.00226422 -0.00881686 -0.00131494 0.99996 0.0315309 0.0 0.0 0.0 1.0
redkitchen/seq-02/color/frame-000083.color.png redkitchen/seq-02/color/frame-000085.color.png 0.999977 0.00494097 -0.00474106 0.0194324 -0.00491047 0.999967 0.00642796 -0.00847694 0.00477265 -0.00640455 0.999968 0.0106033 0.0 0.0 0.0 1.0
redkitchen/seq-02/color/frame-000085.color.png redkitchen/seq-02/color/frame-000087.color.png 0.999971 0.00549738 0.00523431 0.00639561 -0.00552397 0.999972 0.00507594 -0.00678223 -0.00520628 -0.00510469 0.999973 0.023335 0.0 0.0 0.0 1.0
redkitchen/seq-02/color/frame-000087.color.png redkitchen/seq-02/color/frame-000089.color.png 0.999997 -0.00187811 0.00160286 0.0210629 0.0018875 0.999981 -0.00587944 -0.00221251 -0.00159185 0.00588244 0.999981 0.0186795 0.0 0.0 0.0 1.0
redkitchen/seq-02/color/frame-000089.color.png redkitchen/seq-02/color/frame-000091.color.png 0.999951 -0.00991435 -0.000801106 0.0112379 0.00991186 0.999946 -0.00310314 -0.0076021 0.000831824 0.00309504 0.999995 0.013664 0.0 0.0 0.0 1.0
redkitchen/seq-02/color/frame-000091.color.png redkitchen/seq-02/color/frame-000093.color.png 0.99998 -0.00632868 0.000712203 0.0111551 0.006326 0.999973 0.00368513 -0.00411651 -0.000735495 -0.00368054 0.999993 0.00935584 0.0 0.0 0.0 1.0
redkitchen/seq-02/color/frame-000093.color.png redkitchen/seq-02/color/frame-000095.color.png 0.999927 -0.00979183 -0.00714886 0.0260098 0.00984843 0.99992 0.00792212 -0.0114312 0.00707075 -0.00799195 0.999943 0.00489771 0.0 0.0 0.0 1.0
redkitchen/seq-02/color/frame-000095.color.png redkitchen/seq-02/color/frame-000097.color.png 0.999985 -0.00540446 -0.00135514 0.0125964 0.00540921 0.999979 0.00349191 -0.00770545 0.00133619 -0.00349918 0.999993 0.00724369 0.0 0.0 0.0 1.0
redkitchen/seq-02/color/frame-000097.color.png redkitchen/seq-02/color/frame-000099.color.png 0.999973 -0.00644821 0.00335757 0.00901857 0.00644686 0.999979 0.000408605 -0.00254752 -0.00336012 -0.00038696 0.999994 0.00710076 0.0 0.0 0.0 1.0
redkitchen/seq-02/color/frame-000099.color.png redkitchen/seq-02/color/frame-000101.color.png 0.99996 -0.00859395 0.00243105 0.0132073 0.00860353 0.999955 -0.00397801 -0.000432618 -0.00239672 0.00399878 0.999989 0.00238615 0.0 0.0 0.0 1.0
redkitchen/seq-02/color/frame-000101.color.png redkitchen/seq-02/color/frame-000103.color.png 0.999982 -0.00595359 -0.000637611 0.0221481 0.00595513 0.999979 0.00237835 -0.00360285 0.000623401 -0.00238209 0.999997 0.00147897 0.0 0.0 0.0 1.0
redkitchen/seq-02/color/frame-000103.color.png redkitchen/seq-02/color/frame-000105.color.png 0.999981 -0.00547628 0.00279725 0.0142752 0.00548264 0.999982 -0.00227755 0.000758603 -0.00278475 0.00229282 0.999993 0.00338402 0.0 0.0 0.0 1.0
redkitchen/seq-02/color/frame-000105.color.png redkitchen/seq-02/color/frame-000107.color.png 0.999995 0.00285335 -0.00167576 0.0143471 -0.00285432 0.999996 -0.000594019 0.0039033 0.00167405 0.000598804 0.999998 0.00493932 0.0 0.0 0.0 1.0
redkitchen/seq-02/color/frame-000107.color.png redkitchen/seq-02/color/frame-000109.color.png 0.999787 0.0188962 -0.00833855 0.0338414 -0.0189098 0.99982 -0.00155291 0.0126981 0.00830775 0.00171028 0.999964 -0.0112149 0.0 0.0 0.0 1.0
redkitchen/seq-02/color/frame-000109.color.png redkitchen/seq-02/color/frame-000111.color.png 0.99989 0.0133771 -0.00645686 0.0195053 -0.0133939 0.999907 -0.00257262 0.0150041 0.00642175 0.0026588 0.999976 -0.00831473 0.0 0.0 0.0 1.0
redkitchen/seq-02/color/frame-000111.color.png redkitchen/seq-02/color/frame-000113.color.png 0.999844 0.0175374 -0.00200453 0.016351 -0.01753 0.999839 0.00369318 0.00820654 0.00206901 -0.00365747 0.999991 -0.000143796 0.0 0.0 0.0 1.0
redkitchen/seq-02/color/frame-000113.color.png redkitchen/seq-02/color/frame-000115.color.png 0.999894 0.0114173 -0.00903122 0.0195387 -0.0114125 0.999935 0.000574483 0.0109452 0.00903718 -0.000471348 0.999959 -0.0051938 0.0 0.0 0.0 1.0
redkitchen/seq-02/color/frame-000115.color.png redkitchen/seq-02/color/frame-000117.color.png 0.999815 0.0129882 -0.0141576 0.0317876 -0.0130288 0.999911 -0.00277513 0.00750644 0.0141203 0.00295909 0.999896 -0.0100195 0.0 0.0 0.0 1.0
redkitchen/seq-02/color/frame-000117.color.png redkitchen/seq-02/color/frame-000119.color.png 0.999945 0.00315258 -0.0100531 0.0227627 -0.00325207 0.999946 -0.00989558 0.010803 0.0100214 0.00992772 0.9999 -0.00342092 0.0 0.0 0.0 1.0
redkitchen/seq-02/color/frame-000119.color.png redkitchen/seq-02/color/frame-000121.color.png 0.999938 0.000854678 -0.0111368 0.0261987 -0.000893239 0.999994 -0.00346086 0.00116081 0.0111337 0.00347058 0.999932 -0.0112067 0.0 0.0 0.0 1.0
redkitchen/seq-02/color/frame-000121.color.png redkitchen/seq-02/color/frame-000123.color.png 0.999944 -0.00487107 -0.00934919 0.0206177 0.00472229 0.999863 -0.0158649 0.00699081 0.00942522 0.0158198 0.99983 -0.0044539 0.0 0.0 0.0 1.0
redkitchen/seq-02/color/frame-000123.color.png redkitchen/seq-02/color/frame-000125.color.png 0.999802 0.00351431 -0.0196126 0.0369889 -0.00360516 0.999983 -0.00459961 0.00565078 0.0195961 0.0046694 0.999797 -0.00508642 0.0 0.0 0.0 1.0
redkitchen/seq-02/color/frame-000125.color.png redkitchen/seq-02/color/frame-000127.color.png 0.999987 -0.000895733 -0.00504207 0.0190724 0.000877187 0.999993 -0.00367991 0.00129338 0.00504539 0.00367544 0.999981 -0.00188366 0.0 0.0 0.0 1.0
redkitchen/seq-02/color/frame-000127.color.png redkitchen/seq-02/color/frame-000129.color.png 0.999996 -0.00226653 -0.0019181 0.0134827 0.00227018 0.999996 0.00190539 -0.0019354 0.00191375 -0.00190974 0.999996 0.0110803 0.0 0.0 0.0 1.0
redkitchen/seq-02/color/frame-000129.color.png redkitchen/seq-02/color/frame-000131.color.png 0.999894 -0.00815233 -0.0120315 0.0238816 0.00812454 0.999964 -0.00235576 -0.00398831 0.0120502 0.00225776 0.999925 -0.00109109 0.0 0.0 0.0 1.0
redkitchen/seq-02/color/frame-000131.color.png redkitchen/seq-02/color/frame-000133.color.png 0.999768 -0.0122577 -0.017733 0.043093 0.0122876 0.999923 0.00157976 -0.0166021 0.0177122 -0.00179729 0.999841 0.00652283 0.0 0.0 0.0 1.0
redkitchen/seq-02/color/frame-000133.color.png redkitchen/seq-02/color/frame-000135.color.png 0.999988 -0.00273222 -0.00411345 0.0170211 0.00273081 0.999996 -0.000345374 -0.0015225 0.00411436 0.000334133 0.999992 0.0105298 0.0 0.0 0.0 1.0
redkitchen/seq-02/color/frame-000135.color.png redkitchen/seq-02/color/frame-000137.color.png 0.999959 -0.0054716 -0.0072711 0.0285171 0.00551423 0.999968 0.0058547 -0.0151761 0.00723884 -0.00589455 0.999956 0.00327003 0.0 0.0 0.0 1.0
redkitchen/seq-02/color/frame-000137.color.png redkitchen/seq-02/color/frame-000139.color.png 0.999993 0.000483285 0.00375851 0.02051 -0.000499088 0.999991 0.00419504 -0.0146204 -0.00375642 -0.00419689 0.999984 0.018238 0.0 0.0 0.0 1.0
redkitchen/seq-02/color/frame-000139.color.png redkitchen/seq-02/color/frame-000141.color.png 0.999884 0.00193632 0.0151001 0.00386882 -0.00198131 0.999993 0.00296797 -0.00575769 -0.0150942 -0.00299754 0.999882 0.0349808 0.0 0.0 0.0 1.0
redkitchen/seq-02/color/frame-000141.color.png redkitchen/seq-02/color/frame-000143.color.png 0.999984 0.00153089 0.00533791 0.00518852 -0.00151077 0.999992 -0.00377856 -0.00298683 -0.00534364 0.00377044 0.999979 0.0248837 0.0 0.0 0.0 1.0
redkitchen/seq-02/color/frame-000143.color.png redkitchen/seq-02/color/frame-000145.color.png 0.999934 0.00144383 0.0113782 0.0178235 -0.0015073 0.999983 0.00557385 -0.0110349 -0.0113701 -0.00559064 0.99992 0.0363488 0.0 0.0 0.0 1.0
redkitchen/seq-02/color/frame-000145.color.png redkitchen/seq-02/color/frame-000147.color.png 0.999979 -0.00614471 -0.00184455 0.0180629 0.00615458 0.999967 0.00540649 -0.0200342 0.00181129 -0.00541772 0.999984 0.0205326 0.0 0.0 0.0 1.0
redkitchen/seq-02/color/frame-000147.color.png redkitchen/seq-02/color/frame-000149.color.png 0.999963 -0.00609935 -0.00600999 0.020596 0.00605846 0.999958 -0.00679406 -0.00980207 0.0060512 0.0067574 0.999959 0.0206031 0.0 0.0 0.0 1.0
redkitchen/seq-02/color/frame-000149.color.png redkitchen/seq-02/color/frame-000151.color.png 0.999976 0.00238505 -0.00652055 0.0108772 -0.002387 0.999997 -0.000285763 7.08252e-05 0.00651983 0.000301315 0.999979 0.00340706 0.0 0.0 0.0 1.0
redkitchen/seq-02/color/frame-000151.color.png redkitchen/seq-02/color/frame-000153.color.png 0.999769 0.011438 -0.0181789 0.0324818 -0.011341 0.999921 0.00542551 -0.00290747 0.0182395 -0.00521808 0.99982 0.00519115 0.0 0.0 0.0 1.0
redkitchen/seq-02/color/frame-000153.color.png redkitchen/seq-02/color/frame-000155.color.png 0.999908 0.00873454 -0.0103797 0.0129521 -0.00877921 0.999952 -0.00426439 0.00825693 0.010342 0.00435512 0.999937 0.00425553 0.0 0.0 0.0 1.0
redkitchen/seq-02/color/frame-000155.color.png redkitchen/seq-02/color/frame-000157.color.png 0.999224 0.0152737 -0.0363206 0.0411504 -0.0153882 0.999877 -0.00287496 0.013837 0.0362723 0.00343164 0.999336 -0.013477 0.0 0.0 0.0 1.0
redkitchen/seq-02/color/frame-000157.color.png redkitchen/seq-02/color/frame-000159.color.png 0.999632 0.0139816 -0.0232627 0.0420839 -0.0139032 0.999897 0.00352703 0.00212102 0.0233096 -0.00320231 0.999723 -0.00142592 0.0 0.0 0.0 1.0
redkitchen/seq-02/color/frame-000159.color.png redkitchen/seq-02/color/frame-000161.color.png 0.999866 0.0116996 -0.0114374 0.0239375 -0.0117269 0.999929 -0.00231881 0.00860012 0.0114095 0.00245263 0.999932 0.00690931 0.0 0.0 0.0 1.0
redkitchen/seq-02/color/frame-000161.color.png redkitchen/seq-02/color/frame-000163.color.png 0.999766 0.0136479 -0.0167548 0.0309128 -0.0136967 0.999902 -0.00280252 0.0121568 0.0167149 0.00303135 0.999856 0.000457823 0.0 0.0 0.0 1.0
redkitchen/seq-02/color/frame-000163.color.png redkitchen/seq-02/color/frame-000165.color.png 0.999329 0.0224649 -0.0289245 0.0582851 -0.022555 0.999742 -0.00279391 0.0220686 0.0288543 0.00344443 0.999578 -0.00914252 0.0 0.0 0.0 1.0
redkitchen/seq-02/color/frame-000165.color.png redkitchen/seq-02/color/frame-000167.color.png 0.999293 0.031114 -0.0211033 0.0380778 -0.031197 0.999507 -0.00361267 0.0265112 0.0209805 0.00426847 0.999771 -0.00198573 0.0 0.0 0.0 1.0
redkitchen/seq-02/color/frame-000167.color.png redkitchen/seq-02/color/frame-000169.color.png 0.999343 0.023723 -0.0273831 0.0470866 -0.0238706 0.999702 -0.00507609 0.0190846 0.0272545 0.00572641 0.999612 -0.016309 0.0 0.0 0.0 1.0
redkitchen/seq-02/color/frame-000169.color.png redkitchen/seq-02/color/frame-000171.color.png 0.999371 0.0262333 -0.0238786 0.044937 -0.026508 0.999585 -0.0112592 0.032322 0.0235734 0.0118851 0.999651 -0.0119112 0.0 0.0 0.0 1.0
redkitchen/seq-02/color/frame-000171.color.png redkitchen/seq-02/color/frame-000173.color.png 0.999336 0.0214375 -0.0294545 0.0483336 -0.0216874 0.999731 -0.00818868 0.0282837 0.029271 0.00882203 0.999533 -0.0186721 0.0 0.0 0.0 1.0
redkitchen/seq-02/color/frame-000173.color.png redkitchen/seq-02/color/frame-000175.color.png 0.999276 0.028152 -0.0255905 0.0489081 -0.0282201 0.999599 -0.00230535 0.0269485 0.0255153 0.00302585 0.99967 -0.0199237 0.0 0.0 0.0 1.0
redkitchen/seq-02/color/frame-000175.color.png redkitchen/seq-02/color/frame-000177.color.png 0.999593 0.020839 -0.0194676 0.0506542 -0.0208332 0.999783 0.00050194 0.0156374 0.0194738 -9.6162e-05 0.99981 -0.00223815 0.0 0.0 0.0 1.0
redkitchen/seq-02/color/frame-000177.color.png redkitchen/seq-02/color/frame-000179.color.png 0.999838 0.00677598 -0.0166611 0.0283021 -0.00677946 0.999977 -0.000152069 -0.00152041 0.0166597 0.000264993 0.999861 -0.00804251 0.0 0.0 0.0 1.0
redkitchen/seq-02/color/frame-000179.color.png redkitchen/seq-02/color/frame-000181.color.png 0.999848 0.00351612 -0.0171064 0.0251474 -0.00350859 0.999994 0.000470434 -0.00235868 0.017108 -0.000410341 0.999854 -0.000871539 0.0 0.0 0.0 1.0
redkitchen/seq-02/color/frame-000181.color.png redkitchen/seq-02/color/frame-000183.color.png 0.99979 0.00203518 -0.0203747 0.0467277 -0.00210079 0.999993 -0.00319878 -0.00502917 0.020368 0.00324092 0.999787 -0.0127467 0.0 0.0 0.0 1.0
redkitchen/seq-02/color/frame-000183.color.png redkitchen/seq-02/color/frame-000185.color.png 0.999941 0.00590826 -0.00916845 0.0141729 -0.00597318 0.999957 -0.0070706 0.0103847 0.00912628 0.00712494 0.999933 0.00795507 0.0 0.0 0.0 1.0
redkitchen/seq-02/color/frame-000185.color.png redkitchen/seq-02/color/frame-000187.color.png 0.999871 0.00485948 -0.0152884 0.024392 -0.0049628 0.999965 -0.00672775 0.00615892 0.0152552 0.00680276 0.99986 0.00282806 0.0 0.0 0.0 1.0
redkitchen/seq-02/color/frame-000187.color.png redkitchen/seq-02/color/frame-000189.color.png 0.999599 0.00232026 -0.0282273 0.0578537 -0.00229621 0.999997 0.000885113 -0.0189584 0.0282292 -0.000819946 0.999601 -0.0227117 0.0 0.0 0.0 1.0
redkitchen/seq-02/color/frame-000189.color.png redkitchen/seq-02/color/frame-000191.color.png 0.999978 -6.02218e-05 -0.00663586 0.0194906 8.18001e-05 0.999995 0.0032468 -0.0119578 0.00663561 -0.00324726 0.999973 0.00845337 0.0 0.0 0.0 1.0
redkitchen/seq-02/color/frame-000191.color.png redkitchen/seq-02/color/frame-000193.color.png 0.999972 0.00352777 -0.00652513 0.0119835 -0.003542 0.999991 -0.00216902 -0.00663745 0.0065174 0.00219207 0.999976 0.0195495 0.0 0.0 0.0 1.0
redkitchen/seq-02/color/frame-000193.color.png redkitchen/seq-02/color/frame-000195.color.png 0.999917 0.011263 -0.00622024 0.010066 -0.0112658 0.999936 -0.000409694 0.00390249 0.00621522 0.000479725 0.999981 0.0142802 0.0 0.0 0.0 1.0
redkitchen/seq-02/color/frame-000195.color.png redkitchen/seq-02/color/frame-000197.color.png 0.999937 0.00964314 -0.00573541 0.016506 -0.00961825 0.999944 0.00435204 -0.00710729 0.00577711 -0.00429659 0.999974 0.0169386 0.0 0.0 0.0 1.0
redkitchen/seq-02/color/frame-000197.color.png redkitchen/seq-02/color/frame-000199.color.png 0.999924 -0.00850753 -0.00886467 0.00815833 0.00853013 0.999961 0.00251275 -0.0296653 0.00884289 -0.00258818 0.999958 0.0163194 0.0 0.0 0.0 1.0
redkitchen/seq-02/color/frame-000199.color.png redkitchen/seq-02/color/frame-000201.color.png 0.999945 0.00271029 -0.0101569 0.0203271 -0.0027267 0.999995 -0.00160105 0.00446743 0.0101525 0.00162866 0.999947 0.0163524 0.0 0.0 0.0 1.0
redkitchen/seq-02/color/frame-000201.color.png redkitchen/seq-02/color/frame-000203.color.png 0.999945 -0.00160062 -0.010334 0.0156882 0.00174185 0.999905 0.0136718 -0.0436462 0.0103111 -0.0136891 0.999853 0.0144885 0.0 0.0 0.0 1.0
redkitchen/seq-02/color/frame-000203.color.png redkitchen/seq-02/color/frame-000205.color.png 0.999924 0.00120011 -0.0123122 0.0161654 -0.00123101 0.999996 -0.00250231 -0.0016174 0.0123092 0.00251728 0.999921 0.00676274 0.0 0.0 0.0 1.0
redkitchen/seq-02/color/frame-000205.color.png redkitchen/seq-02/color/frame-000207.color.png 0.999954 -6.51778e-05 -0.00957722 0.0188333 0.000134912 0.999973 0.0072803 -0.0224018 0.00957651 -0.00728126 0.999928 0.00738883 0.0 0.0 0.0 1.0
redkitchen/seq-02/color/frame-000207.color.png redkitchen/seq-02/color/frame-000209.color.png 0.999959 0.00632824 -0.00650823 0.00961506 -0.00630648 0.999975 0.00335663 -0.00584069 0.00652926 -0.00331544 0.999973 0.0110548 0.0 0.0 0.0 1.0
redkitchen/seq-02/color/frame-000209.color.png redkitchen/seq-02/color/frame-000211.color.png 0.999933 0.00539481 -0.0102256 0.0182468 -0.00533931 0.999971 0.00544925 -0.0112311 0.0102547 -0.00539429 0.999933 0.0082643 0.0 0.0 0.0 1.0
redkitchen/seq-02/color/frame-000211.color.png redkitchen/seq-02/color/frame-000213.color.png 0.99991 0.00289068 -0.0131295 0.0145979 -0.0028532 0.999992 0.00287131 -0.0050416 0.0131376 -0.00283359 0.99991 0.00399947 0.0 0.0 0.0 1.0
redkitchen/seq-02/color/frame-000213.color.png redkitchen/seq-02/color/frame-000215.color.png 0.999743 0.00677093 -0.0216128 0.0402368 -0.00675667 0.999977 0.000732751 -0.0051721 0.0216173 -0.000586541 0.999766 -0.00760627 0.0 0.0 0.0 1.0
redkitchen/seq-02/color/frame-000215.color.png redkitchen/seq-02/color/frame-000217.color.png 0.999946 0.0042652 -0.00952901 0.0233449 -0.00427783 0.99999 -0.00130215 0.00451237 0.0095234 0.00134285 0.999954 -0.001441 0.0 0.0 0.0 1.0
redkitchen/seq-02/color/frame-000217.color.png redkitchen/seq-02/color/frame-000219.color.png 0.999782 0.0147032 -0.0148506 0.0330926 -0.0147345 0.999889 -0.00200692 0.0097219 0.0148195 0.0022253 0.999888 0.00776839 0.0 0.0 0.0 1.0
redkitchen/seq-02/color/frame-000219.color.png redkitchen/seq-02/color/frame-000221.color.png 0.999574 0.00262467 -0.0290739 0.0479958 -0.00259796 0.999996 0.000956425 -0.00111148 0.0290763 -0.000880488 0.999577 -0.0262523 0.0 0.0 0.0 1.0
redkitchen/seq-02/color/frame-000221.color.png redkitchen/seq-02/color/frame-000223.color.png 0.999576 0.0127121 -0.026181 0.0456868 -0.0129536 0.999875 -0.0090755 0.0219629 0.0260623 0.00941081 0.999616 -0.0110587 0.0 0.0 0.0 1.0
redkitchen/seq-02/color/frame-000223.color.png redkitchen/seq-02/color/frame-000225.color.png 0.999494 0.0170593 -0.0268488 0.0600694 -0.0172375 0.999831 -0.00642113 0.0299355 0.0267347 0.00688068 0.999619 -0.014245 0.0 0.0 0.0 1.0
redkitchen/seq-02/color/frame-000225.color.png redkitchen/seq-02/color/frame-000227.color.png 0.99924 0.0281453 -0.0269696 0.0623609 -0.0281916 0.999602 -0.00133761 0.0320334 0.0269212 0.00209691 0.999635 -0.015516 0.0 0.0 0.0 1.0
redkitchen/seq-02/color/frame-000227.color.png redkitchen/seq-02/color/frame-000229.color.png 0.999257 0.0230901 -0.0308497 0.061052 -0.0230833 0.999733 0.000576513 0.025386 0.0308547 0.000136036 0.999524 -0.0226027 0.0 0.0 0.0 1.0
redkitchen/seq-02/color/frame-000229.color.png redkitchen/seq-02/color/frame-000231.color.png 0.999397 0.0212068 -0.0274898 0.0481328 -0.0211358 0.999772 0.00287352 0.0166822 0.0275446 -0.00229081 0.999618 -0.0138949 0.0 0.0 0.0 1.0
redkitchen/seq-02/color/frame-000231.color.png redkitchen/seq-02/color/frame-000233.color.png 0.999822 0.00789603 -0.0171133 0.0382229 -0.00783287 0.999962 0.00375106 -0.00330523 0.0171423 -0.00361632 0.999847 -0.0152791 0.0 0.0 0.0 1.0
redkitchen/seq-02/color/frame-000233.color.png redkitchen/seq-02/color/frame-000235.color.png 0.998955 0.0247466 -0.0384315 0.0859896 -0.0244863 0.999674 0.00723128 0.00233591 0.0385977 -0.00628265 0.999235 -0.0275019 0.0 0.0 0.0 1.0
redkitchen/seq-02/color/frame-000235.color.png redkitchen/seq-02/color/frame-000237.color.png 0.999502 0.0131746 -0.0286677 0.0540301 -0.0131283 0.999912 0.00180182 0.0140852 0.0286891 -0.00142458 0.999587 -0.0231541 0.0 0.0 0.0 1.0
redkitchen/seq-02/color/frame-000237.color.png redkitchen/seq-02/color/frame-000239.color.png 0.99937 0.00971203 -0.0341355 0.063305 -0.00928413 0.999877 0.0126698 -0.0180022 0.0342542 -0.0123449 0.999337 -0.0359584 0.0 0.0 0.0 1.0
redkitchen/seq-02/color/frame-000239.color.png redkitchen/seq-02/color/frame-000241.color.png 0.999477 0.0180447 -0.0268282 0.0500176 -0.0180068 0.999836 0.00165705 0.0119227 0.0268538 -0.00117307 0.999639 -0.019062 0.0 0.0 0.0 1.0
redkitchen/seq-02/color/frame-000241.color.png redkitchen/seq-02/color/frame-000243.color.png 0.999899 0.000320203 -0.0141907 0.0129875 -0.000317791 1.0 0.000175366 -0.00232232 0.0141908 -0.000170901 0.999899 -0.00412333 0.0 0.0 0.0 1.0
redkitchen/seq-02/color/frame-000243.color.png redkitchen/seq-02/color/frame-000245.color.png 0.999745 0.0012583 -0.0225469 0.034514 -0.00109279 0.999973 0.00734853 -0.0145643 0.0225556 -0.007322 0.999719 -0.0129342 0.0 0.0 0.0 1.0
redkitchen/seq-02/color/frame-000245.color.png redkitchen/seq-02/color/frame-000247.color.png 0.999774 0.00013654 -0.0212459 0.0397243 -2.68424e-05 0.999987 0.00516117 -0.0168626 0.0212463 -0.00515943 0.999761 -0.013715 0.0 0.0 0.0 1.0
redkitchen/seq-02/color/frame-000247.color.png redkitchen/seq-02/color/frame-000249.color.png 0.999872 8.5586e-05 -0.0159825 0.014359 -5.65661e-05 0.999998 0.00182062 -0.00814384 0.0159827 -0.00181954 0.999871 0.00600624 0.0 0.0 0.0 1.0
redkitchen/seq-02/color/frame-000249.color.png redkitchen/seq-02/color/frame-000251.color.png 0.999965 0.00639214 -0.00541568 0.00337565 -0.00638986 0.999979 0.000428098 0.00368863 0.00541831 -0.000393437 0.999985 0.0119475 0.0 0.0 0.0 1.0
redkitchen/seq-02/color/frame-000251.color.png redkitchen/seq-02/color/frame-000253.color.png 0.999912 0.0043127 -0.0125836 0.0158293 -0.00429499 0.99999 0.00143335 -0.0113174 0.0125895 -0.00137927 0.99992 0.00243258 0.0 0.0 0.0 1.0
redkitchen/seq-02/color/frame-000253.color.png redkitchen/seq-02/color/frame-000255.color.png 0.99999 -0.0044184 0.000742866 -0.0193216 0.0044223 0.999976 -0.00528193 0.000727832 -0.000719584 0.00528524 0.999986 0.0235337 0.0 0.0 0.0 1.0
redkitchen/seq-02/color/frame-000255.color.png redkitchen/seq-02/color/frame-000257.color.png 0.999964 0.0020509 -0.00825963 0.00519395 -0.00210078 0.99998 -0.00603096 0.00107813 0.00824724 0.00604808 0.999948 0.00698459 0.0 0.0 0.0 1.0
redkitchen/seq-02/color/frame-000257.color.png redkitchen/seq-02/color/frame-000259.color.png 0.99997 0.0049452 -0.00600483 0.00295424 -0.00498093 0.99997 -0.00596393 0.00502628 0.00597517 0.00599365 0.999964 0.0134162 0.0 0.0 0.0 1.0
redkitchen/seq-02/color/frame-000259.color.png redkitchen/seq-02/color/frame-000261.color.png 0.999906 0.00618499 -0.0122537 0.0318558 -0.0062234 0.999976 -0.00309492 -0.0137627 0.0122342 0.00317089 0.99992 0.00291777 0.0 0.0 0.0 1.0
redkitchen/seq-02/color/frame-000261.color.png redkitchen/seq-02/color/frame-000263.color.png 0.999999 0.00149814 1.94176e-05 -0.0161544 -0.0014979 0.999964 -0.00836865 0.00288367 -3.20151e-05 0.0083686 0.999965 0.0264142 0.0 0.0 0.0 1.0
redkitchen/seq-02/color/frame-000263.color.png redkitchen/seq-02/color/frame-000265.color.png 0.999956 -0.000842376 -0.00933656 0.00768828 0.000809628 0.999994 -0.00350888 -0.00436133 0.00933941 0.00350117 0.99995 0.0120872 0.0 0.0 0.0 1.0
redkitchen/seq-02/color/frame-000265.color.png redkitchen/seq-02/color/frame-000267.color.png 0.99997 -0.00524898 -0.00575505 -0.00630391 0.00525899 0.999985 0.00172645 -0.0225851 0.00574593 -0.00175663 0.999982 -0.000271559 0.0 0.0 0.0 1.0
redkitchen/seq-02/color/frame-000267.color.png redkitchen/seq-02/color/frame-000269.color.png 0.999942 0.000184656 -0.0107515 0.00738049 -0.000106458 0.999973 0.00727716 -0.020521 0.0107525 -0.00727561 0.999916 -0.00377405 0.0 0.0 0.0 1.0
redkitchen/seq-02/color/frame-000269.color.png redkitchen/seq-02/color/frame-000271.color.png 0.999907 0.00534899 -0.012504 0.0128472 -0.00532402 0.999984 0.00203185 -0.00371867 0.0125146 -0.00196508 0.99992 -0.0012809 0.0 0.0 0.0 1.0
redkitchen/seq-02/color/frame-000271.color.png redkitchen/seq-02/color/frame-000273.color.png 0.999858 0.011322 -0.0125018 0.014987 -0.0113343 0.999935 -0.000917931 0.00852555 0.0124907 0.00105952 0.999922 0.00050211 0.0 0.0 0.0 1.0
redkitchen/seq-02/color/frame-000273.color.png redkitchen/seq-02/color/frame-000275.color.png 0.999867 0.0111509 -0.011932 0.0213304 -0.0112213 0.99992 -0.00584412 0.0254269 0.0118658 0.00597718 0.999912 0.00134277 0.0 0.0 0.0 1.0
redkitchen/seq-02/color/frame-000275.color.png redkitchen/seq-02/color/frame-000277.color.png 0.999744 0.0176203 -0.0141685 0.0244186 -0.017639 0.999844 -0.00120154 0.00950456 0.0141451 0.00145115 0.999899 -0.00185883 0.0 0.0 0.0 1.0
redkitchen/seq-02/color/frame-000277.color.png redkitchen/seq-02/color/frame-000279.color.png 0.999735 0.00507292 -0.0224697 0.0353864 -0.0051677 0.999978 -0.00415679 0.0100851 0.0224481 0.00427177 0.999739 -0.00716043 0.0 0.0 0.0 1.0
redkitchen/seq-02/color/frame-000279.color.png redkitchen/seq-02/color/frame-000281.color.png 0.999949 0.00710041 -0.00725273 0.0143917 -0.00712493 0.999969 -0.00336681 -0.000142157 0.00722869 0.00341833 0.999968 0.00952053 0.0 0.0 0.0 1.0
redkitchen/seq-02/color/frame-000281.color.png redkitchen/seq-02/color/frame-000283.color.png 0.999949 -0.0079259 -0.00628409 -0.000571012 0.00787945 0.999942 -0.00737326 0.00347018 0.00634217 0.00732333 0.999953 0.0105069 0.0 0.0 0.0 1.0
redkitchen/seq-02/color/frame-000283.color.png redkitchen/seq-02/color/frame-000285.color.png 0.999954 0.00150968 -0.00948298 0.0169981 -0.0015315 0.999996 -0.00229778 -0.00576025 0.00947943 0.00231221 0.999952 0.00119841 0.0 0.0 0.0 1.0
redkitchen/seq-02/color/frame-000285.color.png redkitchen/seq-02/color/frame-000287.color.png 0.999794 0.00996175 -0.0176872 0.0332149 -0.010259 0.999806 -0.0167925 0.0447451 0.0175165 0.0169705 0.999703 -0.0016042 0.0 0.0 0.0 1.0
redkitchen/seq-02/color/frame-000287.color.png redkitchen/seq-02/color/frame-000289.color.png 0.999833 0.0128705 -0.0129507 0.0306654 -0.0130265 0.999843 -0.0120445 0.0343749 0.0127935 0.0122112 0.999844 0.000926971 0.0 0.0 0.0 1.0
redkitchen/seq-02/color/frame-000289.color.png redkitchen/seq-02/color/frame-000291.color.png 0.999711 0.0114459 -0.0211412 0.039059 -0.0114734 0.999934 -0.00117695 0.00848103 0.0211264 0.00141924 0.999776 -0.015112 0.0 0.0 0.0 1.0
redkitchen/seq-02/color/frame-000291.color.png redkitchen/seq-02/color/frame-000293.color.png 0.99909 0.0273334 -0.0327274 0.0797505 -0.0274416 0.999619 -0.00285971 0.0256026 0.0326369 0.0037551 0.99946 -0.016504 0.0 0.0 0.0 1.0
redkitchen/seq-02/color/frame-000293.color.png redkitchen/seq-02/color/frame-000295.color.png 0.99969 0.0137655 -0.0207527 0.0402482 -0.013927 0.999874 -0.00765583 0.0328528 0.0206447 0.00794249 0.999755 -0.0045476 0.0 0.0 0.0 1.0
redkitchen/seq-02/color/frame-000295.color.png redkitchen/seq-02/color/frame-000297.color.png 0.999591 0.0164863 -0.023371 0.0515842 -0.0165437 0.999861 -0.00226017 0.0150943 0.0233304 0.00264593 0.999724 -0.0091567 0.0 0.0 0.0 1.0
redkitchen/seq-02/color/frame-000297.color.png redkitchen/seq-02/color/frame-000299.color.png 0.999508 0.0196509 -0.0244458 0.0495201 -0.0194624 0.999779 0.00792351 -0.00963259 0.0245962 -0.00744389 0.99967 -0.0163949 0.0 0.0 0.0 1.0
redkitchen/seq-02/color/frame-000299.color.png redkitchen/seq-02/color/frame-000301.color.png 0.999871 0.00761169 -0.0141475 0.0202686 -0.00770262 0.99995 -0.00638142 0.0249197 0.0140982 0.00648961 0.999879 -0.00529027 0.0 0.0 0.0 1.0
redkitchen/seq-02/color/frame-000301.color.png redkitchen/seq-02/color/frame-000303.color.png 0.999453 0.0207053 -0.0257703 0.0485337 -0.0206675 0.999785 0.001732 0.0175601 0.0258008 -0.00119844 0.999666 -0.0142519 0.0 0.0 0.0 1.0
redkitchen/seq-02/color/frame-000303.color.png redkitchen/seq-02/color/frame-000305.color.png 0.999798 0.0105116 -0.0171489 0.0251833 -0.0105073 0.999945 0.000347706 0.00454575 0.0171516 -0.000167433 0.999853 -0.00874639 0.0 0.0 0.0 1.0
redkitchen/seq-02/color/frame-000305.color.png redkitchen/seq-02/color/frame-000307.color.png 0.999716 0.0113631 -0.0209602 0.0250404 -0.0113465 0.999935 0.000911632 0.0014683 0.0209692 -0.000673567 0.99978 -0.00922775 0.0 0.0 0.0 1.0
redkitchen/seq-02/color/frame-000307.color.png redkitchen/seq-02/color/frame-000309.color.png 0.999884 0.00672651 -0.0136394 0.0125401 -0.00682815 0.999949 -0.00742177 0.0216339 0.0135888 0.00751402 0.999879 0.00295687 0.0 0.0 0.0 1.0
redkitchen/seq-02/color/frame-000309.color.png redkitchen/seq-02/color/frame-000311.color.png 0.999828 0.00391057 -0.0181234 0.0110189 -0.00415358 0.999902 -0.0133922 0.0221838 0.0180692 0.0134651 0.999746 0.00566435 0.0 0.0 0.0 1.0
redkitchen/seq-02/color/frame-000311.color.png redkitchen/seq-02/color/frame-000313.color.png 0.999867 0.0090362 -0.0135461 0.0127357 -0.00919989 0.999885 -0.0120647 0.0241861 0.0134355 0.0121879 0.999835 0.00188637 0.0 0.0 0.0 1.0
redkitchen/seq-02/color/frame-000313.color.png redkitchen/seq-02/color/frame-000315.color.png 0.999671 0.0177952 -0.0184512 0.0215423 -0.018082 0.999716 -0.0154995 0.0456426 0.0181701 0.015828 0.99971 0.00193453 0.0 0.0 0.0 1.0
redkitchen/seq-02/color/frame-000315.color.png redkitchen/seq-02/color/frame-000317.color.png 0.999772 0.0155291 -0.0146585 0.0107667 -0.0155669 0.999876 -0.00246805 0.0163091 0.0146183 0.00269567 0.99989 -0.00350261 0.0 0.0 0.0 1.0
redkitchen/seq-02/color/frame-000317.color.png redkitchen/seq-02/color/frame-000319.color.png 0.999692 0.00835252 -0.0233765 0.0396928 -0.00814517 0.999927 0.00894953 -0.0159776 0.0234496 -0.00875629 0.999687 -0.0204113 0.0 0.0 0.0 1.0
redkitchen/seq-02/color/frame-000319.color.png redkitchen/seq-02/color/frame-000321.color.png 0.99968 0.0102976 -0.0230838 0.023764 -0.0100745 0.999902 0.00976216 -0.0163965 0.0231821 -0.0095265 0.999686 -0.0247512 0.0 0.0 0.0 1.0
redkitchen/seq-02/color/frame-000321.color.png redkitchen/seq-02/color/frame-000323.color.png 0.99984 0.0114309 -0.0137903 0.0245528 -0.0115093 0.999918 -0.00562403 0.0206543 0.0137249 0.0057819 0.999889 0.000675201 0.0 0.0 0.0 1.0
redkitchen/seq-02/color/frame-000323.color.png redkitchen/seq-02/color/frame-000325.color.png 0.999669 0.0106673 -0.0234083 0.0332705 -0.010647 0.999943 0.00099563 0.00306302 0.0234176 -0.000746136 0.999725 -0.0168004 0.0 0.0 0.0 1.0
redkitchen/seq-02/color/frame-000325.color.png redkitchen/seq-02/color/frame-000327.color.png 0.999528 0.0170085 -0.0255948 0.046119 -0.0170201 0.999855 -0.000234665 0.00974149 0.0255871 0.000670262 0.999672 -0.00949168 0.0 0.0 0.0 1.0
redkitchen/seq-02/color/frame-000327.color.png redkitchen/seq-02/color/frame-000329.color.png 0.999693 0.0137012 -0.0206233 0.0354195 -0.0137296 0.999905 -0.00123604 0.010514 0.0206044 0.00151873 0.999787 -0.00739861 0.0 0.0 0.0 1.0
redkitchen/seq-02/color/frame-000329.color.png redkitchen/seq-02/color/frame-000331.color.png 0.999263 0.0237634 -0.0301513 0.0566298 -0.0238627 0.999711 -0.00293419 0.022362 0.0300728 0.0036515 0.999541 -0.00584793 0.0 0.0 0.0 1.0
redkitchen/seq-02/color/frame-000331.color.png redkitchen/seq-02/color/frame-000333.color.png 0.998957 0.026296 -0.0373246 0.0752347 -0.0263771 0.999651 -0.0016864 0.00401646 0.0372673 0.00266915 0.999302 -0.00385141 0.0 0.0 0.0 1.0
redkitchen/seq-02/color/frame-000333.color.png redkitchen/seq-02/color/frame-000335.color.png 0.999561 0.0200293 -0.0218224 0.0449054 -0.0202406 0.99975 -0.00950623 0.0250518 0.0216266 0.00994369 0.999717 0.0118377 0.0 0.0 0.0 1.0
redkitchen/seq-02/color/frame-000335.color.png redkitchen/seq-02/color/frame-000337.color.png 0.999462 0.0186296 -0.0269953 0.047476 -0.0191254 0.999651 -0.018229 0.0355941 0.0266463 0.0187356 0.999469 0.0111439 0.0 0.0 0.0 1.0
redkitchen/seq-02/color/frame-000337.color.png redkitchen/seq-02/color/frame-000339.color.png 0.999588 0.015473 -0.0241498 0.041398 -0.0154314 0.999879 0.00191031 -0.00793755 0.0241764 -0.00153682 0.999706 0.00760579 0.0 0.0 0.0 1.0
