redkitchen/seq-02/color/frame-000000.color.png redkitchen/seq-02/color/frame-000003.color.png 0.999959 -0.0030173 0.0085837 -0.0120402 0.00295321 0.999968 0.00746883 0.00185346 -0.00860596 -0.00744317 0.999935 0.00300329 0.0 0.0 0.0 1.0
redkitchen/seq-02/color/frame-000003.color.png redkitchen/seq-02/color/frame-000006.color.png 0.999969 -0.000309993 0.00784206 0.0020503 0.000313608 1.0 -0.000459832 -0.000394612 -0.00784192 0.000462278 0.999969 0.000251549 0.0 0.0 0.0 1.0
redkitchen/seq-02/color/frame-000006.color.png redkitchen/seq-02/color/frame-000009.color.png 0.999996 -0.00190306 0.00178958 0.0028077 0.00190337 0.999998 -0.000172497 -0.00255508 -0.00178925 0.0001759 0.999998 0.00164183 0.0 0.0 0.0 1.0
redkitchen/seq-02/color/frame-000009.color.png redkitchen/seq-02/color/frame-000012.color.png 0.99997 -0.00255848 0.00731003 -0.00401811 0.002582 0.999991 -0.00321008 -0.00156813 -0.00730176 0.00322886 0.999968 0.000433148 0.0 0.0 0.0 1.0
redkitchen/seq-02/color/frame-000012.color.png redkitchen/seq-02/color/frame-000015.color.png 0.999964 -0.00500975 0.00686894 0.000920985 0.00503638 0.99998 -0.00386455 0.000645579 -0.00684944 0.003899 0.999969 -0.000425683 0.0 0.0 0.0 1.0
redkitchen/seq-02/color/frame-000015.color.png redkitchen/seq-02/color/frame-000018.color.png 0.99995 -0.00626843 0.00780771 -0.00231661 0.00628432 0.999978 -0.00201168 -0.000317758 -0.00779493 0.00206065 0.999968 0.00171448 0.0 0.0 0.0 1.0
redkitchen/seq-02/color/frame-000018.color.png redkitchen/seq-02/color/frame-000021.color.png 0.999976 -0.00532849 0.00438178 -0.00166447 0.00532561 0.999986 0.000668048 0.000644326 -0.00438528 -0.000644696 0.99999 0.00330667 0.0 0.0 0.0 1.0
redkitchen/seq-02/color/frame-000021.color.png redkitchen/seq-02/color/frame-000024.color.png 0.999946 -0.0027547 0.0100244 0.000820185 0.00274711 0.999996 0.00077108 0.00335748 -0.0100265 -0.0007435 0.999949 0.00689257 0.0 0.0 0.0 1.0
redkitchen/seq-02/color/frame-000024.color.png redkitchen/seq-02/color/frame-000027.color.png 0.999904 -0.00713102 0.0118539 -3.86909e-05 0.00701644 0.999929 0.00967913 -0.0067859 -0.011922 -0.00959503 0.999883 0.00705972 0.0 0.0 0.0 1.0
redkitchen/seq-02/color/frame-000027.color.png redkitchen/seq-02/color/frame-000030.color.png 0.999557 -0.0174021 0.0241449 -0.0058556 0.0172029 0.999817 0.00843121 -0.00150218 -0.0242872 -0.00801211 0.999673 0.0132822 0.0 0.0 0.0 1.0
redkitchen/seq-02/color/frame-000030.color.png redkitchen/seq-02/color/frame-000033.color.png 0.999631 -0.0209827 0.0172666 -0.00231136 0.020779 0.999713 0.0118914 -0.00931819 -0.0175112 -0.0115282 0.99978 0.0204931 0.0 0.0 0.0 1.0
redkitchen/seq-02/color/frame-000033.color.png redkitchen/seq-02/color/frame-000036.color.png 0.999848 -0.0104416 0.0139582 0.00418839 0.0104355 0.999945 0.000512069 0.000945387 -0.0139628 -0.000366333 0.999902 0.012752 0.0 0.0 0.0 1.0
redkitchen/seq-02/color/frame-000036.color.png redkitchen/seq-02/color/frame-000039.color.png 0.999924 -0.0106395 0.00622969 0.00622974 0.0106846 0.999917 -0.00726081 0.000316385 -0.00615195 0.00732681 0.999954 0.00663267 0.0 0.0 0.0 1.0
redkitchen/seq-02/color/frame-000039.color.png redkitchen/seq-02/color/frame-000042.color.png 0.999726 -0.0100144 0.0211404 0.0111418 0.0100611 0.999947 -0.00210388 0.0053012 -0.0211182 0.002316 0.999774 0.0163235 0.0 0.0 0.0 1.0
redkitchen/seq-02/color/frame-000042.color.png redkitchen/seq-02/color/frame-000045.color.png 0.9999 -0.00862704 0.0112409 0.0161867 0.00852317 0.999921 0.00925391 -0.00441273 -0.0113198 -0.00915716 0.999894 0.0122996 0.0 0.0 0.0 1.0
redkitchen/seq-02/color/frame-000045.color.png redkitchen/seq-02/color/frame-000048.color.png 0.999567 -0.00750186 0.0284496 0.0169324 0.00736619 0.999961 0.00487046 -0.000313682 -0.0284849 -0.00465878 0.999583 0.0190708 0.0 0.0 0.0 1.0
redkitchen/seq-02/color/frame-000048.color.png redkitchen/seq-02/color/frame-000051.color.png 0.999659 0.00929626 0.024389 0.0244105 -0.00962374 0.999865 0.0133458 -0.00457192 -0.0242617 -0.013576 0.999613 0.0221224 0.0 0.0 0.0 1.0
redkitchen/seq-02/color/frame-000051.color.png redkitchen/seq-02/color/frame-000054.color.png 0.999984 0.00407474 0.00392926 0.0148171 -0.00409809 0.999974 0.00594439 -0.0029007 -0.00390489 -0.00596041 0.999975 0.0179396 0.0 0.0 0.0 1.0
redkitchen/seq-02/color/frame-000054.color.png redkitchen/seq-02/color/frame-000057.color.png 0.999997 -0.00110799 0.00235602 0.0396012 0.00111147 0.999998 -0.00146557 -0.00523823 -0.0023544 0.00146819 0.999996 0.00917889 0.0 0.0 0.0 1.0
redkitchen/seq-02/color/frame-000057.color.png redkitchen/seq-02/color/frame-000060.color.png 0.999913 -0.00855915 0.0100386 0.0230381 0.0086107 0.99995 -0.00510316 -0.00573163 -0.00999447 0.00518915 0.999937 0.0102577 0.0 0.0 0.0 1.0
redkitchen/seq-02/color/frame-000060.color.png redkitchen/seq-02/color/frame-000063.color.png 0.99991 -0.00922021 0.0097909 0.025189 0.0092856 0.999935 -0.00665399 0.000188254 -0.00972889 0.00674431 0.99993 0.0143831 0.0 0.0 0.0 1.0
redkitchen/seq-02/color/frame-000063.color.png redkitchen/seq-02/color/frame-000066.color.png 0.999683 -0.0241021 0.00732306 0.0330116 0.0242097 0.999595 -0.0149737 -0.0035905 -0.00695919 0.0151462 0.999861 0.0139749 0.0 0.0 0.0 1.0
redkitchen/seq-02/color/frame-000066.color.png redkitchen/seq-02/color/frame-000069.color.png 0.999906 -0.00958353 0.00981848 0.0210741 0.00974075 0.999823 -0.0160881 0.00257118 -0.00966254 0.0161823 0.999822 0.0140858 0.0 0.0 0.0 1.0
redkitchen/seq-02/color/frame-000069.color.png redkitchen/seq-02/color/frame-000072.color.png 0.999953 -0.00297898 0.00924579 0.0236811 0.00301977 0.999986 -0.00440699 -0.00164409 -0.00923254 0.0044347 0.999947 0.0260889 0.0 0.0 0.0 1.0
redkitchen/seq-02/color/frame-000072.color.png redkitchen/seq-02/color/frame-000075.color.png 0.99995 -0.00452154 0.00892237 0.0361015 0.00450822 0.999989 0.00151189 -0.0123413 -0.00892909 -0.00147159 0.999959 0.0242415 0.0 0.0 0.0 1.0
redkitchen/seq-02/color/frame-000075.color.png redkitchen/seq-02/color/frame-000078.color.png 0.999901 -0.004407 0.0133952 0.0190435 0.00432819 0.999973 0.0059057 -0.0127222 -0.0134208 -0.00584714 0.999893 0.0278533 0.0 0.0 0.0 1.0
redkitchen/seq-02/color/frame-000078.color.png redkitchen/seq-02/color/frame-000081.color.png 0.99975 -0.0103054 0.0198255 0.0289783 0.0101544 0.999919 0.00770529 -0.0194135 -0.0199033 -0.00750205 0.999774 0.0398156 0.0 0.0 0.0 1.0
redkitchen/seq-02/color/frame-000081.color.png redkitchen/seq-02/color/frame-000084.color.png 0.99997 -0.00236821 0.0074051 0.0101919 0.00234101 0.999991 0.00367627 -0.00409484 -0.00741372 -0.00365882 0.999966 0.0374307 0.0 0.0 0.0 1.0
redkitchen/seq-02/color/frame-000084.color.png redkitchen/seq-02/color/frame-000087.color.png 0.999976 0.00672768 0.00137538 0.0210054 -0.00673985 0.999937 0.00901818 -0.0138302 -0.00131459 -0.00902724 0.999958 0.0270038 0.0 0.0 0.0 1.0
redkitchen/seq-02/color/frame-000087.color.png redkitchen/seq-02/color/frame-000090.color.png 0.999981 -0.00579798 0.00212595 0.0279245 0.00580555 0.999977 -0.0035578 -0.0121032 -0.00210526 0.00357007 0.999991 0.0269247 0.0 0.0 0.0 1.0
redkitchen/seq-02/color/frame-000090.color.png redkitchen/seq-02/color/frame-000093.color.png 0.999929 -0.0118338 -0.00126886 0.0189656 0.0118324 0.999929 -0.00115764 -0.00309791 0.0012825 0.00114254 0.999999 0.0109067 0.0 0.0 0.0 1.0
redkitchen/seq-02/color/frame-000093.color.png redkitchen/seq-02/color/frame-000096.color.png 0.99993 -0.010764 -0.00488235 0.0242126 0.0108121 0.999892 0.00995017 -0.0112885 0.00477484 -0.0100022 0.999939 0.0143851 0.0 0.0 0.0 1.0
redkitchen/seq-02/color/frame-000096.color.png redkitchen/seq-02/color/frame-000099.color.png 0.99994 -0.010925 0.00102055 0.0192586 0.0109235 0.999939 0.00149052 -0.00912842 -0.00103685 -0.00147932 0.999998 0.00615606 0.0 0.0 0.0 1.0
redkitchen/seq-02/color/frame-000099.color.png redkitchen/seq-02/color/frame-000102.color.png 0.999924 -0.0120609 0.00265556 0.0213401 0.0120725 0.999917 -0.00439498 -0.000112459 -0.00260236 0.00442671 0.999987 0.0034366 0.0 0.0 0.0 1.0
redkitchen/seq-02/color/frame-000102.color.png redkitchen/seq-02/color/frame-000105.color.png 0.999972 -0.00730603 0.00147326 0.0299957 0.00730629 0.999973 -0.000170734 -0.00109163 -0.00147197 0.000181492 0.999999 0.00368893 0.0 0.0 0.0 1.0
redkitchen/seq-02/color/frame-000105.color.png redkitchen/seq-02/color/frame-000108.color.png 0.999975 0.00685499 -0.00193844 0.020398 -0.00686224 0.999969 -0.00374867 0.0103314 0.0019127 0.00376187 0.999991 0.00222683 0.0 0.0 0.0 1.0
redkitchen/seq-02/color/frame-000108.color.png redkitchen/seq-02/color/frame-000111.color.png 0.999539 0.0277832 -0.0122509 0.0401584 -0.027803 0.999612 -0.00144339 0.0236843 0.0122061 0.00178335 0.999924 -0.0129804 0.0 0.0 0.0 1.0
redkitchen/seq-02/color/frame-000111.color.png redkitchen/seq-02/color/frame-000114.color.png 0.999737 0.0222132 -0.00569164 0.0251598 -0.0222035 0.999752 0.0017553 0.0176176 0.00572921 -0.00162847 0.999982 -0.00148097 0.0 0.0 0.0 1.0
redkitchen/seq-02/color/frame-000114.color.png redkitchen/seq-02/color/frame-000117.color.png 0.999597 0.0195174 -0.0206076 0.045166 -0.0195255 0.999809 -0.000191078 0.00800459 0.0205999 0.000593368 0.999788 -0.0146885 0.0 0.0 0.0 1.0
redkitchen/seq-02/color/frame-000117.color.png redkitchen/seq-02/color/frame-000120.color.png 0.999885 0.00412496 -0.0146065 0.0327352 -0.00432072 0.999901 -0.0133978 0.0165782 0.0145498 0.0134593 0.999804 -0.0091649 0.0 0.0 0.0 1.0
redkitchen/seq-02/color/frame-000120.color.png redkitchen/seq-02/color/frame-000123.color.png 0.999894 -0.00437258 -0.0138993 0.0320035 0.00413386 0.999844 -0.0171559 0.00719292 0.0139721 0.0170966 0.999756 -0.00319657 0.0 0.0 0.0 1.0
redkitchen/seq-02/color/frame-000123.color.png redkitchen/seq-02/color/frame-000126.color.png 0.999779 0.00369512 -0.020718 0.0437416 -0.00384758 0.999966 -0.00732241 0.00566323 0.0206902 0.0074005 0.999758 -0.00242716 0.0 0.0 0.0 1.0
redkitchen/seq-02/color/frame-000126.color.png redkitchen/seq-02/color/frame-000129.color.png 0.999967 -0.00392411 -0.00709159 0.0291626 0.00392744 0.999992 0.000454711 -0.000557616 0.00708976 -0.000482549 0.999975 0.0039382 0.0 0.0 0.0 1.0
redkitchen/seq-02/color/frame-000129.color.png redkitchen/seq-02/color/frame-000132.color.png 0.999767 -0.0112268 -0.0184468 0.0431665 0.0112185 0.999937 -0.000555951 -0.00921256 0.0184518 0.000348872 0.99983 0.000407577 0.0 0.0 0.0 1.0
redkitchen/seq-02/color/frame-000132.color.png redkitchen/seq-02/color/frame-000135.color.png 0.999785 -0.0142531 -0.0150462 0.0406657 0.0142422 0.999898 -0.000832018 -0.0149456 0.0150566 0.000617544 0.999887 0.015289 0.0 0.0 0.0 1.0
redkitchen/seq-02/color/frame-000135.color.png redkitchen/seq-02/color/frame-000138.color.png 0.999975 -0.00629693 -0.00334056 0.0310192 0.00632635 0.999941 0.00885924 -0.0236998 0.00328452 -0.00888016 0.999955 0.0138076 0.0 0.0 0.0 1.0
redkitchen/seq-02/color/frame-000138.color.png redkitchen/seq-02/color/frame-000141.color.png 0.999872 0.00277819 0.0157385 0.0191458 -0.00282806 0.999991 0.00314014 -0.00810199 -0.0157296 -0.00318425 0.999871 0.0420468 0.0 0.0 0.0 1.0
redkitchen/seq-02/color/frame-000141.color.png redkitchen/seq-02/color/frame-000144.color.png 0.999945 0.00751313 0.00734323 0.0164005 -0.00751847 0.999971 0.000707861 -0.00573753 -0.00733772 -0.000763031 0.999973 0.0297604 0.0 0.0 0.0 1.0
redkitchen/seq-02/color/frame-000144.color.png redkitchen/seq-02/color/frame-000147.color.png 0.99996 -0.00782291 0.00424078 0.0350602 0.00777807 0.999915 0.010489 -0.0359946 -0.0043225 -0.0104556 0.999936 0.045521 0.0 0.0 0.0 1.0
redkitchen/seq-02/color/frame-000147.color.png redkitchen/seq-02/color/frame-000150.color.png 0.999946 -0.00673079 -0.00788035 0.0241914 0.00663234 0.9999 -0.0124551 -0.00510713 0.0079634 0.0124021 0.999891 0.0229834 0.0 0.0 0.0 1.0
redkitchen/seq-02/color/frame-000150.color.png redkitchen/seq-02/color/frame-000153.color.png 0.999654 0.0153413 -0.0213598 0.0358921 -0.0151455 0.999842 0.00929574 -0.00296517 0.0214991 -0.00896902 0.999729 0.0100225 0.0 0.0 0.0 1.0
redkitchen/seq-02/color/frame-000153.color.png redkitchen/seq-02/color/frame-000156.color.png 0.999522 0.0155593 -0.0267086 0.0270916 -0.0157182 0.99986 -0.00574711 0.013497 0.0266154 0.00616418 0.999627 0.00364119 0.0 0.0 0.0 1.0
redkitchen/seq-02/color/frame-000156.color.png redkitchen/seq-02/color/frame-000159.color.png 0.998879 0.0226351 -0.0415683 0.0632613 -0.0225804 0.999743 0.00178537 0.0136766 0.0415981 -0.00084474 0.999134 -0.0145842 0.0 0.0 0.0 1.0
redkitchen/seq-02/color/frame-000159.color.png redkitchen/seq-02/color/frame-000162.color.png 0.999615 0.0140119 -0.0239657 0.0526869 -0.0140029 0.999902 0.000545739 -0.00242878 0.023971 -0.000209941 0.999713 -0.000802517 0.0 0.0 0.0 1.0
redkitchen/seq-02/color/frame-000162.color.png redkitchen/seq-02/color/frame-000165.color.png 0.999015 0.0305674 -0.0321676 0.0541713 -0.0307943 0.999504 -0.00658209 0.0358385 0.0319505 0.00756619 0.999461 -0.00460839 0.0 0.0 0.0 1.0
redkitchen/seq-02/color/frame-000165.color.png redkitchen/seq-02/color/frame-000168.color.png 0.998467 0.0420425 -0.0359869 0.0661825 -0.0422363 0.999097 -0.00464382 0.0329651 0.0357592 0.00615666 0.999341 -0.0145403 0.0 0.0 0.0 1.0
redkitchen/seq-02/color/frame-000168.color.png redkitchen/seq-02/color/frame-000171.color.png 0.998572 0.0386693 -0.0368695 0.0646021 -0.0391755 0.999146 -0.0131054 0.0405809 0.0363312 0.0145311 0.999234 -0.0189395 0.0 0.0 0.0 1.0
redkitchen/seq-02/color/frame-000171.color.png redkitchen/seq-02/color/frame-000174.color.png 0.998401 0.0317136 -0.046793 0.0840555 -0.0321691 0.999442 -0.00901285 0.0348024 0.0464811 0.0105037 0.998864 -0.0368749 0.0 0.0 0.0 1.0
redkitchen/seq-02/color/frame-000174.color.png redkitchen/seq-02/color/frame-000177.color.png 0.998872 0.0371809 -0.0295338 0.0721475 -0.0371344 0.999308 0.00212307 0.0274239 0.0295923 -0.00102396 0.999561 -0.0118728 0.0 0.0 0.0 1.0
redkitchen/seq-02/color/frame-000177.color.png redkitchen/seq-02/color/frame-000180.color.png 0.99965 0.00913818 -0.0248128 0.0417494 -0.00918476 0.999956 -0.00176394 0.00443073 0.0247956 0.00199123 0.999691 -0.00790823 0.0 0.0 0.0 1.0
redkitchen/seq-02/color/frame-000180.color.png redkitchen/seq-02/color/frame-000183.color.png 0.999537 0.0018899 -0.0303654 0.0588609 -0.00196206 0.999995 -0.00234712 -0.0104421 0.0303608 0.00240561 0.999536 -0.0105959 0.0 0.0 0.0 1.0
redkitchen/seq-02/color/frame-000183.color.png redkitchen/seq-02/color/frame-000186.color.png 0.999853 0.00866281 -0.0148348 0.0245878 -0.00878983 0.999925 -0.00851875 0.00844952 0.0147599 0.00864789 0.999854 0.00817156 0.0 0.0 0.0 1.0
redkitchen/seq-02/color/frame-000186.color.png redkitchen/seq-02/color/frame-000189.color.png 0.999627 0.00811632 -0.0260699 0.0398022 -0.00840495 0.999904 -0.0109806 0.0115405 0.0259783 0.0111957 0.9996 -0.00107634 0.0 0.0 0.0 1.0
redkitchen/seq-02/color/frame-000189.color.png redkitchen/seq-02/color/frame-000192.color.png 0.999942 0.00461346 -0.0096952 0.0278404 -0.00456098 0.999975 0.0054305 -0.0210806 0.00972004 -0.00538597 0.999938 0.0202133 0.0 0.0 0.0 1.0
redkitchen/seq-02/color/frame-000192.color.png redkitchen/seq-02/color/frame-000195.color.png 0.999766 0.0063355 -0.0207037 0.0402862 -0.00642568 0.99997 -0.00429243 0.00353995 0.0206758 0.00442446 0.999777 0.0177215 0.0 0.0 0.0 1.0
redkitchen/seq-02/color/frame-000195.color.png redkitchen/seq-02/color/frame-000198.color.png 0.999951 0.00561637 -0.00814822 0.0157385 -0.00554171 0.999943 0.00915513 -0.0295858 0.00819913 -0.00910952 0.999925 0.0287094 0.0 0.0 0.0 1.0
redkitchen/seq-02/color/frame-000198.color.png redkitchen/seq-02/color/frame-000201.color.png 0.999912 -0.000530409 -0.0132412 0.0183833 0.000500661 0.999997 -0.00224917 -0.00805718 0.0132424 0.00224234 0.99991 0.0219229 0.0 0.0 0.0 1.0
redkitchen/seq-02/color/frame-000201.color.png redkitchen/seq-02/color/frame-000204.color.png 0.999902 0.00247784 -0.0137481 0.0196294 -0.00236882 0.999966 0.00793998 -0.0285628 0.0137673 -0.00790663 0.999874 0.0214007 0.0 0.0 0.0 1.0
redkitchen/seq-02/color/frame-000204.color.png redkitchen/seq-02/color/frame-000207.color.png 0.999876 -0.000547187 -0.0157231 0.0271317 0.000668133 0.99997 0.00768711 -0.0280182 0.0157183 -0.00769666 0.999847 0.00922501 0.0 0.0 0.0 1.0
redkitchen/seq-02/color/frame-000207.color.png redkitchen/seq-02/color/frame-000210.color.png 0.999883 0.0094019 -0.0121003 0.0199522 -0.00931574 0.999931 0.00715998 -0.0132723 0.0121668 -0.00704643 0.999901 0.0148292 0.0 0.0 0.0 1.0
redkitchen/seq-02/color/frame-000210.color.png redkitchen/seq-02/color/frame-000213.color.png 0.999623 0.00397259 -0.0271712 0.0518558 -0.00371851 0.999949 0.00939476 -0.0226509 0.0272071 -0.00929017 0.999587 -0.00496185 0.0 0.0 0.0 1.0
redkitchen/seq-02/color/frame-000213.color.png redkitchen/seq-02/color/frame-000216.color.png 0.999499 0.00996986 -0.0300252 0.057285 -0.00996991 0.99995 0.000148162 -0.00288698 0.0300252 0.000151251 0.999549 -0.0041436 0.0 0.0 0.0 1.0
redkitchen/seq-02/color/frame-000216.color.png redkitchen/seq-02/color/frame-000219.color.png 0.999843 0.0129748 -0.0120819 0.0234383 -0.0130472 0.999897 -0.00593982 0.0222316 0.0120036 0.00609654 0.999909 0.00680852 0.0 0.0 0.0 1.0
redkitchen/seq-02/color/frame-000219.color.png redkitchen/seq-02/color/frame-000222.color.png 0.999031 0.0150218 -0.0413663 0.0659183 -0.0152918 0.999864 -0.00621696 0.0207695 0.0412673 0.0068435 0.999125 -0.0171065 0.0 0.0 0.0 1.0
redkitchen/seq-02/color/frame-000222.color.png redkitchen/seq-02/color/frame-000225.color.png 0.998822 0.0227894 -0.0428311 0.0911797 -0.0232206 0.999684 -0.00959837 0.0347809 0.0425987 0.0105817 0.999036 -0.0225068 0.0 0.0 0.0 1.0
redkitchen/seq-02/color/frame-000225.color.png redkitchen/seq-02/color/frame-000228.color.png 0.998415 0.041907 -0.0375723 0.0775516 -0.0419439 0.99912 -0.000193232 0.0450556 0.0375312 0.00176883 0.999294 -0.0206811 0.0 0.0 0.0 1.0
redkitchen/seq-02/color/frame-000228.color.png redkitchen/seq-02/color/frame-000231.color.png 0.998221 0.0308118 -0.0510532 0.104172 -0.0306252 0.999521 0.00443255 0.0237237 0.0511653 -0.00286115 0.998686 -0.0309936 0.0 0.0 0.0 1.0
redkitchen/seq-02/color/frame-000231.color.png redkitchen/seq-02/color/frame-000234.color.png 0.999367 0.0191273 -0.030005 0.0615985 -0.0190249 0.999812 0.0036958 0.0127427 0.03007 -0.00312259 0.999543 -0.0240279 0.0 0.0 0.0 1.0
redkitchen/seq-02/color/frame-000234.color.png redkitchen/seq-02/color/frame-000237.color.png 0.99881 0.0233075 -0.0428343 0.0768155 -0.0231886 0.999726 0.00327097 0.0187729 0.0428989 -0.00227382 0.999077 -0.0324373 0.0 0.0 0.0 1.0
redkitchen/seq-02/color/frame-000237.color.png redkitchen/seq-02/color/frame-000240.color.png 0.998592 0.0190753 -0.0494866 0.0939194 -0.0184561 0.999746 0.0129391 -0.00762323 0.0497208 -0.0120076 0.998691 -0.0466702 0.0 0.0 0.0 1.0
redkitchen/seq-02/color/frame-000240.color.png redkitchen/seq-02/color/frame-000243.color.png 0.999505 0.00989982 -0.0298826 0.0466983 -0.00984309 0.99995 0.00204401 -0.00177443 0.0299014 -0.00174886 0.999551 -0.0131489 0.0 0.0 0.0 1.0
redkitchen/seq-02/color/frame-000243.color.png redkitchen/seq-02/color/frame-000246.color.png 0.999524 0.00137926 -0.0308046 0.0449581 -0.00111344 0.999962 0.00864257 -0.0216736 0.0308153 -0.00860412 0.999488 -0.0201564 0.0 0.0 0.0 1.0
redkitchen/seq-02/color/frame-000246.color.png redkitchen/seq-02/color/frame-000249.color.png 0.999558 0.000833531 -0.0297294 0.0521766 -0.00059147 0.999967 0.00815317 -0.0267595 0.0297351 -0.00813199 0.999525 -0.00596726 0.0 0.0 0.0 1.0
redkitchen/seq-02/color/frame-000249.color.png redkitchen/seq-02/color/frame-000252.color.png 0.999872 0.0101178 -0.0123677 0.0119613 -0.0101154 0.999949 0.000262096 0.000363827 0.0123697 -0.00013695 0.999923 0.012426 0.0 0.0 0.0 1.0
redkitchen/seq-02/color/frame-000252.color.png redkitchen/seq-02/color/frame-000255.color.png 0.999973 -0.00388532 -0.00629742 -0.00623691 0.00387182 0.99999 -0.00215193 -0.0123605 0.00630574 0.00212748 0.999978 0.0245434 0.0 0.0 0.0 1.0
redkitchen/seq-02/color/frame-000255.color.png redkitchen/seq-02/color/frame-000258.color.png 0.999898 0.00670405 -0.0126257 0.0116626 -0.00679786 0.999949 -0.00739812 -0.000821054 0.0125755 0.00748314 0.999893 0.0112729 0.0 0.0 0.0 1.0
redkitchen/seq-02/color/frame-000258.color.png redkitchen/seq-02/color/frame-000261.color.png 0.999956 0.00728592 -0.00591849 -0.00787687 -0.00737609 0.999855 -0.0153576 0.0196732 0.00580572 0.0154006 0.999865 0.0266155 0.0 0.0 0.0 1.0
redkitchen/seq-02/color/frame-000261.color.png redkitchen/seq-02/color/frame-000264.color.png 0.999992 -0.00271082 -0.0030641 -0.0152538 0.0026741 0.999925 -0.0119393 0.00492978 0.00309623 0.0119311 0.999924 0.0295358 0.0 0.0 0.0 1.0
redkitchen/seq-02/color/frame-000264.color.png redkitchen/seq-02/color/frame-000267.color.png 0.999888 -0.00376964 -0.0144858 0.0129137 0.00382732 0.999985 0.00395773 -0.037792 0.0144707 -0.00401268 0.999887 0.00443351 0.0 0.0 0.0 1.0
redkitchen/seq-02/color/frame-000267.color.png redkitchen/seq-02/color/frame-000270.color.png 0.999747 0.00219782 -0.0223812 0.0285873 -0.00194908 0.999936 0.01113 -0.0315797 0.0224044 -0.0110836 0.999687 -0.00556743 0.0 0.0 0.0 1.0
redkitchen/seq-02/color/frame-000270.color.png redkitchen/seq-02/color/frame-000273.color.png 0.999752 0.0148822 -0.0165383 0.0188173 -0.0148355 0.999886 0.00294305 -0.00250173 0.0165803 -0.00269703 0.999859 -0.0020895 0.0 0.0 0.0 1.0
redkitchen/seq-02/color/frame-000273.color.png redkitchen/seq-02/color/frame-000276.color.png 0.999642 0.0224024 -0.014639 0.0204482 -0.022541 0.999702 -0.00937496 0.0424287 0.0144246 0.00970165 0.999849 0.00874734 0.0 0.0 0.0 1.0
redkitchen/seq-02/color/frame-000276.color.png redkitchen/seq-02/color/frame-000279.color.png 0.999458 0.010872 -0.03108 0.0474707 -0.010982 0.999934 -0.00336733 0.00774777 0.0310414 0.0037068 0.999511 -0.0123252 0.0 0.0 0.0 1.0
redkitchen/seq-02/color/frame-000279.color.png redkitchen/seq-02/color/frame-000282.color.png 0.999913 0.00135634 -0.0131414 0.0132948 -0.0014664 0.999964 -0.00836952 0.00512099 0.0131294 0.00838805 0.999879 0.0143629 0.0 0.0 0.0 1.0
redkitchen/seq-02/color/frame-000282.color.png redkitchen/seq-02/color/frame-000285.color.png 0.999931 -0.000402097 -0.0117161 0.0196832 0.00032375 0.999978 -0.00669621 -0.00187057 0.0117186 0.00669201 0.999909 0.00667202 0.0 0.0 0.0 1.0
redkitchen/seq-02/color/frame-000285.color.png redkitchen/seq-02/color/frame-000288.color.png 0.999505 0.0169403 -0.0265222 0.0522567 -0.0176352 0.999501 -0.0261872 0.06916 0.0260653 0.0266419 0.999305 0.00446355 0.0 0.0 0.0 1.0
redkitchen/seq-02/color/frame-000288.color.png redkitchen/seq-02/color/frame-000291.color.png 0.999363 0.0210833 -0.0288108 0.0666429 -0.0211851 0.99977 -0.00323734 0.0174456 0.0287358 0.00384568 0.99958 -0.0194786 0.0 0.0 0.0 1.0
redkitchen/seq-02/color/frame-000291.color.png redkitchen/seq-02/color/frame-000294.color.png 0.998513 0.0332881 -0.0431651 0.0952122 -0.0336497 0.999404 -0.00767489 0.0463385 0.0428839 0.0091159 0.999039 -0.0189053 0.0 0.0 0.0 1.0
redkitchen/seq-02/color/frame-000294.color.png redkitchen/seq-02/color/frame-000297.color.png 0.999263 0.0248878 -0.0292151 0.0542606 -0.0251776 0.999637 -0.00959352 0.0434779 0.0289657 0.010322 0.999527 -0.00528669 0.0 0.0 0.0 1.0
redkitchen/seq-02/color/frame-000297.color.png redkitchen/seq-02/color/frame-000300.color.png 0.999404 0.0191415 -0.0287197 0.0490448 -0.0192326 0.999811 -0.00290035 0.0292547 0.0286589 0.00345092 0.999583 -0.0172024 0.0 0.0 0.0 1.0
redkitchen/seq-02/color/frame-000300.color.png redkitchen/seq-02/color/frame-000303.color.png 0.999063 0.0283053 -0.0327473 0.065316 -0.0281264 0.999587 0.00591047 0.005588 0.032901 -0.00498389 0.999446 -0.0202506 0.0 0.0 0.0 1.0
redkitchen/seq-02/color/frame-000303.color.png redkitchen/seq-02/color/frame-000306.color.png 0.999603 0.0165791 -0.0227914 0.0202965 -0.016677 0.999853 -0.00410947 0.0213256 0.0227199 0.00448791 0.999732 0.0043273 0.0 0.0 0.0 1.0
redkitchen/seq-02/color/frame-000306.color.png redkitchen/seq-02/color/frame-000309.color.png 0.999478 0.0141278 -0.0290427 0.0327256 -0.0142633 0.999888 -0.00446425 0.0154226 0.0289765 0.0048762 0.999568 -0.00452614 0.0 0.0 0.0 1.0
redkitchen/seq-02/color/frame-000309.color.png redkitchen/seq-02/color/frame-000312.color.png 0.999669 0.00963851 -0.0238693 0.0161925 -0.0101487 0.999721 -0.0213434 0.0423766 0.0236568 0.0215786 0.999487 0.00428319 0.0 0.0 0.0 1.0
redkitchen/seq-02/color/frame-000312.color.png redkitchen/seq-02/color/frame-000315.color.png 0.999499 0.0201638 -0.0244046 0.0269811 -0.0207112 0.999535 -0.0223902 0.0611228 0.0239418 0.0228844 0.999451 0.00175381 0.0 0.0 0.0 1.0
redkitchen/seq-02/color/frame-000315.color.png redkitchen/seq-02/color/frame-000318.color.png 0.99957 0.0192689 -0.0220974 0.0120934 -0.0192845 0.999814 -0.000494234 0.0161059 0.0220837 0.000920189 0.999756 -0.0137055 0.0 0.0 0.0 1.0
redkitchen/seq-02/color/frame-000318.color.png redkitchen/seq-02/color/frame-000321.color.png 0.999093 0.0183875 -0.0383974 0.0648139 -0.0175501 0.999603 0.022031 -0.0527303 0.0387873 -0.0213371 0.99902 -0.0351467 0.0 0.0 0.0 1.0
redkitchen/seq-02/color/frame-000321.color.png redkitchen/seq-02/color/frame-000324.color.png 0.999417 0.0177284 -0.0291914 0.0451516 -0.0177774 0.999841 -0.00141926 0.0111716 0.0291616 0.00193738 0.999573 -0.00988817 0.0 0.0 0.0 1.0
redkitchen/seq-02/color/frame-000324.color.png redkitchen/seq-02/color/frame-000327.color.png 0.999133 0.0224404 -0.0350664 0.0603967 -0.0224777 0.999747 -0.000669432 0.0153346 0.0350426 0.00145702 0.999385 -0.0123541 0.0 0.0 0.0 1.0
redkitchen/seq-02/color/frame-000327.color.png redkitchen/seq-02/color/frame-000330.color.png 0.998755 0.0301285 -0.0397543 0.0663673 -0.0300271 0.999544 0.00314312 0.00460488 0.0398309 -0.00194542 0.999204 -0.0076232 0.0 0.0 0.0 1.0
redkitchen/seq-02/color/frame-000330.color.png redkitchen/seq-02/color/frame-000333.color.png 0.998565 0.0310275 -0.0436509 0.0795073 -0.0314776 0.999458 -0.00966111 0.0345867 0.0433274 0.0110211 0.999 -0.00664711 0.0 0.0 0.0 1.0
redkitchen/seq-02/color/frame-000333.color.png redkitchen/seq-02/color/frame-000336.color.png 0.998615 0.0336737 -0.0404344 0.0792878 -0.0346014 0.999149 -0.0224663 0.0510187 0.0396435 0.0238343 0.998929 0.0211771 0.0 0.0 0.0 1.0
redkitchen/seq-02/color/frame-000336.color.png redkitchen/seq-02/color/frame-000339.color.png 0.999357 0.0194987 -0.0300902 0.0534361 -0.0196609 0.999794 -0.00510368 0.00686502 0.0299845 0.00569197 0.999534 0.00816488 0.0 0.0 0.0 1.0
redkitchen/seq-02/color/frame-000339.color.png redkitchen/seq-02/color/frame-000342.color.png 0.999398 0.02008 -0.0283045 0.0490258 -0.0195412 0.999625 0.0191836 -0.0646923 0.0286791 -0.0186189 0.999415 0.00715423 0.0 0.0 0.0 1.0
redkitchen/seq-02/color/frame-000342.color.png redkitchen/seq-02/color/frame-000345.color.png 0.999979 -0.00241872 0.00595379 -0.0483676 0.0023413 0.999913 0.012976 -0.0431589 -0.00598464 -0.0129618 0.999898 0.00756884 0.0 0.0 0.0 1.0
redkitchen/seq-02/color/frame-000345.color.png redkitchen/seq-02/color/frame-000348.color.png 0.999874 -0.0158209 0.000843965 -0.0505537 0.0157977 0.999619 0.0226395 -0.0755277 -0.00120186 -0.0226233 0.999743 0.0101433 0.0 0.0 0.0 1.0
redkitchen/seq-02/color/frame-000348.color.png redkitchen/seq-02/color/frame-000351.color.png 0.999922 -0.00547248 0.011225 -0.0724661 0.00532883 0.999904 0.0127856 -0.035498 -0.0112939 -0.0127248 0.999855 0.00620294 0.0 0.0 0.0 1.0
redkitchen/seq-02/color/frame-000351.color.png redkitchen/seq-02/color/frame-000354.color.png 0.999759 -0.0157508 0.0153113 -0.0835087 0.0157294 0.999875 0.00151649 -0.00700229 -0.0153333 -0.00127535 0.999882 0.00809693 0.0 0.0 0.0 1.0
redkitchen/seq-02/color/frame-000354.color.png redkitchen/seq-02/color/frame-000357.color.png 0.999917 -0.00855117 0.00963855 -0.0732563 0.00845833 0.999918 0.00962533 -0.0432253 -0.00972005 -0.00954296 0.999907 0.00542617 0.0 0.0 0.0 1.0
redkitchen/seq-02/color/frame-000357.color.png redkitchen/seq-02/color/frame-000360.color.png 0.999876 -0.0140799 0.00709875 -0.069084 0.0140175 0.999863 0.00876237 -0.0315571 -0.00722119 -0.00866185 0.999937 -0.0139732 0.0 0.0 0.0 1.0
redkitchen/seq-02/color/frame-000360.color.png redkitchen/seq-02/color/frame-000363.color.png 0.999813 -0.0107557 0.0160904 -0.0928592 0.0106729 0.999929 0.00523021 -0.014587 -0.0161455 -0.0050575 0.999857 -0.000437737 0.0 0.0 0.0 1.0
redkitchen/seq-02/color/frame-000363.color.png redkitchen/seq-02/color/frame-000366.color.png 0.999973 -0.00187132 0.00708208 -0.0536702 0.00176362 0.999883 0.0151748 -0.0323661 -0.00710962 -0.0151618 0.99986 -0.0155725 0.0 0.0 0.0 1.0
redkitchen/seq-02/color/frame-000366.color.png redkitchen/seq-02/color/frame-000369.color.png 0.999998 0.00172819 -0.00134728 -0.0332539 -0.00173899 0.999966 -0.00804938 0.0224723 0.0013333 0.00805162 0.999967 0.000827312 0.0 0.0 0.0 1.0
redkitchen/seq-02/color/frame-000369.color.png redkitchen/seq-02/color/frame-000372.color.png 0.999965 0.00418076 -0.00722767 -0.00669312 -0.00415128 0.999983 0.00409415 -0.00453508 0.00724471 -0.00406398 0.999965 -0.011157 0.0 0.0 0.0 1.0
redkitchen/seq-02/color/frame-000372.color.png redkitchen/seq-02/color/frame-000375.color.png 0.999899 0.0108853 -0.00917706 -0.00894353 -0.0108937 0.99994 -0.000869463 -0.00170863 0.00916704 0.000969317 0.999958 0.000958204 0.0 0.0 0.0 1.0
redkitchen/seq-02/color/frame-000375.color.png redkitchen/seq-02/color/frame-000378.color.png 0.999722 0.0147175 -0.0184193 0.0162547 -0.0148378 0.999869 -0.00641393 0.0164385 0.0183225 0.0066854 0.99981 0.00981164 0.0 0.0 0.0 1.0
redkitchen/seq-02/color/frame-000378.color.png redkitchen/seq-02/color/frame-000381.color.png 0.999198 0.0272691 -0.0293129 0.0434336 -0.0273593 0.999622 -0.00267837 0.00855708 0.0292289 0.00347821 0.999567 0.0126483 0.0 0.0 0.0 1.0
redkitchen/seq-02/color/frame-000381.color.png redkitchen/seq-02/color/frame-000384.color.png 0.999138 0.0261969 -0.0322082 0.0434131 -0.0264965 0.999609 -0.00891077 0.0134509 0.0319621 0.00975652 0.999441 0.0174072 0.0 0.0 0.0 1.0
redkitchen/seq-02/color/frame-000384.color.png redkitchen/seq-02/color/frame-000387.color.png 0.999446 0.0194405 -0.0270097 0.038923 -0.0197524 0.999741 -0.0113302 0.0136108 0.0267824 0.0118574 0.999571 0.0235178 0.0 0.0 0.0 1.0
redkitchen/seq-02/color/frame-000387.color.png redkitchen/seq-02/color/frame-000390.color.png 0.999831 0.0122225 -0.0137233 0.00217209 -0.0122355 0.999925 -0.000866127 -0.0111916 0.0137117 0.00103392 0.999905 0.0151238 0.0 0.0 0.0 1.0
redkitchen/seq-02/color/frame-000390.color.png redkitchen/seq-02/color/frame-000393.color.png 0.999995 0.00286813 0.00113272 -0.0301191 -0.00288169 0.999921 0.0122225 -0.0428159 -0.0010975 -0.0122257 0.999925 -0.00212526 0.0 0.0 0.0 1.0
redkitchen/seq-02/color/frame-000393.color.png redkitchen/seq-02/color/frame-000396.color.png 0.999938 -0.00924209 0.00614827 -0.0576532 0.00918725 0.999918 0.008888 -0.0326716 -0.00622988 -0.00883098 0.999941 0.0103917 0.0 0.0 0.0 1.0
redkitchen/seq-02/color/frame-000396.color.png redkitchen/seq-02/color/frame-000399.color.png 0.999986 -0.00162424 0.00498517 -0.0474587 0.00161831 0.999998 0.00117699 0.00165641 -0.00498713 -0.00116899 0.999987 -0.00504303 0.0 0.0 0.0 1.0
redkitchen/seq-02/color/frame-000399.color.png redkitchen/seq-02/color/frame-000402.color.png 0.999975 -0.00392353 0.00592859 -0.0645255 0.00396008 0.999973 -0.00615927 0.0120996 -0.00590423 0.00618267 0.999964 0.00828052 0.0 0.0 0.0 1.0
redkitchen/seq-02/color/frame-000402.color.png redkitchen/seq-02/color/frame-000405.color.png 0.999966 -0.000227516 0.00818637 -0.0644169 0.000216762 0.999999 0.00130874 -0.0100011 -0.00818666 -0.00130693 0.999966 -0.0144885 0.0 0.0 0.0 1.0
redkitchen/seq-02/color/frame-000405.color.png redkitchen/seq-02/color/frame-000408.color.png 0.999658 -0.026079 -0.00208218 -0.0448138 0.0260822 0.999659 0.00154438 0.0149786 0.00204115 -0.0015981 0.999997 -0.0178444 0.0 0.0 0.0 1.0
redkitchen/seq-02/color/frame-000408.color.png redkitchen/seq-02/color/frame-000411.color.png 0.999994 -0.00351214 -0.0001916 -0.0334944 0.00350959 0.999918 -0.0122992 0.0319239 0.000234828 0.0122984 0.999924 0.000489473 0.0 0.0 0.0 1.0
redkitchen/seq-02/color/frame-000411.color.png redkitchen/seq-02/color/frame-000414.color.png 0.999869 0.0138987 0.00831283 -0.0355181 -0.0138805 0.999901 -0.00224126 -0.000118494 -0.00834315 0.00212569 0.999963 -0.00702953 0.0 0.0 0.0 1.0
redkitchen/seq-02/color/frame-000414.color.png redkitchen/seq-02/color/frame-000417.color.png 0.999887 0.0116709 0.00944261 -0.0447977 -0.0116936 0.999929 0.00235686 -0.00610518 -0.00941446 -0.00246708 0.999953 -0.0126188 0.0 0.0 0.0 1.0
redkitchen/seq-02/color/frame-000417.color.png redkitchen/seq-02/color/frame-000420.color.png 0.999967 0.00687542 0.00436075 -0.0315965 -0.00687575 0.999976 5.0311e-05 0.0021987 -0.00436029 -8.02324e-05 0.999991 0.00297952 0.0 0.0 0.0 1.0
redkitchen/seq-02/color/frame-000420.color.png redkitchen/seq-02/color/frame-000423.color.png 0.999899 0.0138793 -0.00303492 -0.00768074 -0.0138854 0.999902 -0.00197832 -0.00213778 0.00300714 0.00202027 0.999993 0.0128825 0.0 0.0 0.0 1.0
redkitchen/seq-02/color/frame-000423.color.png redkitchen/seq-02/color/frame-000426.color.png 0.999684 0.010407 -0.02289 0.0264751 -0.0107396 0.999838 -0.0144552 0.0251108 0.0227359 0.0146965 0.999633 0.0340307 0.0 0.0 0.0 1.0
redkitchen/seq-02/color/frame-000426.color.png redkitchen/seq-02/color/frame-000429.color.png 0.999958 -0.00100438 -0.00914521 -0.00368866 0.000895592 0.999929 -0.0118999 0.0311031 0.00915645 0.0118911 0.999887 0.019459 0.0 0.0 0.0 1.0
redkitchen/seq-02/color/frame-000429.color.png redkitchen/seq-02/color/frame-000432.color.png 0.999989 0.00318201 -0.00346326 -0.0258394 -0.00317584 0.999993 0.00179996 -0.030926 0.00346899 -0.00178883 0.999992 0.0148854 0.0 0.0 0.0 1.0
redkitchen/seq-02/color/frame-000432.color.png redkitchen/seq-02/color/frame-000435.color.png 0.999772 -0.0119752 0.0176497 -0.0804799 0.0117937 0.999877 0.0103523 -0.0286233 -0.0177715 -0.0101419 0.999791 -0.00800657 0.0 0.0 0.0 1.0
redkitchen/seq-02/color/frame-000435.color.png redkitchen/seq-02/color/frame-000438.color.png 0.999849 -0.00207183 0.0172537 -0.0733693 0.00180206 0.999876 0.0156392 -0.036854 -0.0172839 -0.0156057 0.999729 -0.0132747 0.0 0.0 0.0 1.0
redkitchen/seq-02/color/frame-000438.color.png redkitchen/seq-02/color/frame-000441.color.png 0.999881 -0.00903128 0.0124866 -0.0698119 0.00890922 0.999912 0.00979091 -0.0149034 -0.012574 -0.00967858 0.999874 -0.0178752 0.0 0.0 0.0 1.0
redkitchen/seq-02/color/frame-000441.color.png redkitchen/seq-02/color/frame-000444.color.png 0.999985 -0.00550906 -0.000150555 -0.0403044 0.0055088 0.999983 -0.00163868 0.00588298 0.000159636 0.00163784 0.999999 -0.00649691 0.0 0.0 0.0 1.0
redkitchen/seq-02/color/frame-000444.color.png redkitchen/seq-02/color/frame-000447.color.png 0.999916 -0.0128801 0.00104466 -0.0405374 0.0128758 0.999909 0.00409635 0.000825286 -0.00109733 -0.00408255 0.999991 -0.0181663 0.0 0.0 0.0 1.0
redkitchen/seq-02/color/frame-000447.color.png redkitchen/seq-02/color/frame-000450.color.png 0.999775 -0.0212161 0.000885351 -0.057193 0.0212101 0.999755 0.00633637 0.00735843 -0.00101958 -0.00631609 0.999979 -0.0289381 0.0 0.0 0.0 1.0
redkitchen/seq-02/color/frame-000450.color.png redkitchen/seq-02/color/frame-000453.color.png 0.999994 -0.00262285 0.00210305 -0.0431916 0.00262428 0.999996 -0.000680879 0.0117257 -0.00210123 0.000686373 0.999998 -0.0236282 0.0 0.0 0.0 1.0
redkitchen/seq-02/color/frame-000453.color.png redkitchen/seq-02/color/frame-000456.color.png 0.999936 -0.00656134 -0.00928505 -0.0071941 0.00653053 0.999973 -0.00333953 0.0248005 0.0093067 0.0032787 0.999951 -0.00348568 0.0 0.0 0.0 1.0
redkitchen/seq-02/color/frame-000456.color.png redkitchen/seq-02/color/frame-000459.color.png 0.999911 0.00859702 -0.0101937 -0.00222605 -0.00861403 0.999962 -0.00162184 0.00568604 0.0101793 0.00170943 0.999947 0.000595808 0.0 0.0 0.0 1.0
redkitchen/seq-02/color/frame-000459.color.png redkitchen/seq-02/color/frame-000462.color.png 0.999964 0.00250501 -0.00817061 -0.0049392 -0.00249621 0.999996 0.00107384 0.00147295 0.00817331 -0.00105342 0.999966 -0.00435281 0.0 0.0 0.0 1.0
redkitchen/seq-02/color/frame-000462.color.png redkitchen/seq-02/color/frame-000465.color.png 0.999724 0.0177062 -0.0154617 0.00854981 -0.0177947 0.999826 -0.00560196 0.00718057 0.0153599 0.00587556 0.999865 0.0107758 0.0 0.0 0.0 1.0
redkitchen/seq-02/color/frame-000465.color.png redkitchen/seq-02/color/frame-000468.color.png 0.999908 0.00621965 -0.0120161 0.00224864 -0.0062495 0.999978 -0.00245807 0.0185401 0.0120005 0.00253292 0.999925 0.00383568 0.0 0.0 0.0 1.0
redkitchen/seq-02/color/frame-000468.color.png redkitchen/seq-02/color/frame-000471.color.png 0.999545 0.0122834 -0.0275481 0.0235759 -0.0124609 0.999903 -0.00627863 0.0110161 0.0274683 0.006619 0.999601 0.0310144 0.0 0.0 0.0 1.0
redkitchen/seq-02/color/frame-000471.color.png redkitchen/seq-02/color/frame-000474.color.png 0.999587 0.0150794 -0.024477 0.0270733 -0.0150798 0.999886 0.000166796 -0.0221123 0.0244768 0.000202508 0.9997 0.038023 0.0 0.0 0.0 1.0
redkitchen/seq-02/color/frame-000474.color.png redkitchen/seq-02/color/frame-000477.color.png 0.999975 0.000239845 -0.00700894 -0.0233591 -0.000217241 0.999995 0.00322647 -0.00948721 0.00700964 -0.00322487 0.99997 0.0032742 0.0 0.0 0.0 1.0
redkitchen/seq-02/color/frame-000477.color.png redkitchen/seq-02/color/frame-000480.color.png 0.999866 0.00800658 -0.0142573 -0.00777757 -0.00816571 0.999905 -0.0111394 0.00808072 0.0141668 0.0112543 0.999836 0.0284567 0.0 0.0 0.0 1.0
redkitchen/seq-02/color/frame-000480.color.png redkitchen/seq-02/color/frame-000483.color.png 0.999873 0.0116429 -0.0109139 -0.00275874 -0.011565 0.999908 0.00715764 -0.0457101 0.0109962 -0.00703048 0.999915 0.0139699 0.0 0.0 0.0 1.0
redkitchen/seq-02/color/frame-000483.color.png redkitchen/seq-02/color/frame-000486.color.png 0.999999 0.000316165 0.00108256 -0.0255553 -0.000317667 0.999999 0.00121569 -0.00129998 -0.00108218 -0.00121602 0.999999 0.00247765 0.0 0.0 0.0 1.0
redkitchen/seq-02/color/frame-000486.color.png redkitchen/seq-02/color/frame-000489.color.png 0.999885 0.014805 -0.00335151 -0.0202789 -0.0147891 0.99988 0.00469803 -0.0396825 0.00342065 -0.00464797 0.999983 0.00229549 0.0 0.0 0.0 1.0
redkitchen/seq-02/color/frame-000489.color.png redkitchen/seq-02/color/frame-000492.color.png 0.999984 0.00528734 0.00199468 -0.0195892 -0.0052954 0.999978 0.0040569 -0.00577211 -0.00197311 -0.0040673 0.99999 -0.008389 0.0 0.0 0.0 1.0
redkitchen/seq-02/color/frame-000492.color.png redkitchen/seq-02/color/frame-000495.color.png 0.999953 0.0097011 -0.000492403 -0.0196513 -0.00970218 0.99995 -0.00235827 0.000548244 0.000469411 0.00236289 0.999997 -0.000115156 0.0 0.0 0.0 1.0
redkitchen/seq-02/color/frame-000495.color.png redkitchen/seq-02/color/frame-000498.color.png 0.999984 0.00528296 -0.00216088 -0.0198091 -0.00529351 0.999974 -0.0049251 0.00848782 0.00213491 0.00493646 0.999986 -0.0039072 0.0 0.0 0.0 1.0
redkitchen/seq-02/color/frame-000498.color.png redkitchen/seq-02/color/frame-000501.color.png 0.9999 -0.0117025 -0.0079799 -0.0225892 0.0116891 0.99993 -0.00169839 0.0305858 0.00799921 0.00160489 0.999967 0.000181675 0.0 0.0 0.0 1.0
redkitchen/seq-02/color/frame-000501.color.png redkitchen/seq-02/color/frame-000504.color.png 0.999984 -0.00372702 -0.00422445 -0.0310876 0.00376827 0.999945 0.00977652 -0.0189471 0.00418781 -0.00979234 0.999943 -0.00901532 0.0 0.0 0.0 1.0
redkitchen/seq-02/color/frame-000504.color.png redkitchen/seq-02/color/frame-000507.color.png 0.999978 -0.0065712 0.000700758 -0.0360111 0.00656548 0.999947 0.00791585 0.0040502 -0.000752764 -0.00791106 0.999968 -0.0230145 0.0 0.0 0.0 1.0
redkitchen/seq-02/color/frame-000507.color.png redkitchen/seq-02/color/frame-000510.color.png 0.999997 0.000815624 -0.00214961 -0.0325953 -0.000832606 0.999968 -0.00794773 0.0188103 0.00214314 0.00794954 0.999966 -0.0110943 0.0 0.0 0.0 1.0
