redkitchen/seq-02/color/frame-000000.color.png redkitchen/seq-02/color/frame-000002.color.png 0.99995 -0.0024747 0.00973842 -0.0123107 0.00243319 0.999988 0.00427266 0.00511917 -0.00974888 -0.00424875 0.999943 0.00298416 0.0 0.0 0.0 1.0
redkitchen/seq-02/color/frame-000002.color.png redkitchen/seq-02/color/frame-000004.color.png 0.999997 -0.00162376 -0.00194257 0.00496568 0.00163132 0.999991 0.00389542 -0.00626199 0.00193623 -0.00389858 0.999991 -0.000580148 0.0 0.0 0.0 1.0
redkitchen/seq-02/color/frame-000004.color.png redkitchen/seq-02/color/frame-000006.color.png 0.999962 0.00080606 0.00867821 -0.00286218 -0.000796541 0.999999 -0.00110013 0.0025046 -0.00867909 0.00109318 0.999962 0.000585282 0.0 0.0 0.0 1.0
redkitchen/seq-02/color/frame-000006.color.png redkitchen/seq-02/color/frame-000008.color.png 0.999997 -0.00236832 -0.000456819 0.002773 0.0023683 0.999997 -5.15324e-05 -0.00140214 0.000456941 5.04509e-05 1.0 0.0011883 0.0 0.0 0.0 1.0
redkitchen/seq-02/color/frame-000008.color.png redkitchen/seq-02/color/frame-000010.color.png 0.999991 -0.00117855 0.00417114 0.0017377 0.00118595 0.999998 -0.00177151 0.000253453 -0.00416905 0.00177644 0.99999 -0.000142599 0.0 0.0 0.0 1.0
redkitchen/seq-02/color/frame-000010.color.png redkitchen/seq-02/color/frame-000012.color.png 0.999986 -0.000784731 0.00525293 -0.00514991 0.000792355 0.999999 -0.00144909 -0.0032265 -0.00525178 0.00145323 0.999985 0.00096039 0.0 0.0 0.0 1.0
redkitchen/seq-02/color/frame-000012.color.png redkitchen/seq-02/color/frame-000014.color.png 0.999991 -0.00244554 0.00345881 0.00402793 0.00245532 0.999993 -0.00282601 0.00143939 -0.00345187 0.00283447 0.99999 -0.00137172 0.0 0.0 0.0 1.0
redkitchen/seq-02/color/frame-000014.color.png redkitchen/seq-02/color/frame-000016.color.png 0.999977 -0.00444493 0.00510104 -0.00360139 0.00445441 0.999988 -0.00184829 -0.00122818 -0.00509277 0.00187097 0.999985 -0.000381014 0.0 0.0 0.0 1.0
redkitchen/seq-02/color/frame-000016.color.png redkitchen/seq-02/color/frame-000018.color.png 0.999971 -0.00458003 0.00613524 -0.00202839 0.00458899 0.999988 -0.0014478 0.000442627 -0.00612854 0.00147591 0.99998 0.00327993 0.0 0.0 0.0 1.0
redkitchen/seq-02/color/frame-000018.color.png redkitchen/seq-02/color/frame-000020.color.png 0.999982 -0.00533253 0.00277475 -0.000889586 0.00533643 0.999985 -0.00139936 0.00153915 -0.00276726 0.00141414 0.999995 0.00168364 0.0 0.0 0.0 1.0
redkitchen/seq-02/color/frame-000020.color.png redkitchen/seq-02/color/frame-000022.color.png 0.999994 -0.00103377 0.00332023 -7.92202e-05 0.00102008 0.999991 0.00411989 -0.00461526 -0.00332445 -0.00411648 0.999986 0.00292155 0.0 0.0 0.0 1.0
redkitchen/seq-02/color/frame-000022.color.png redkitchen/seq-02/color/frame-000024.color.png 0.999963 -0.00159028 0.00844425 8.82614e-05 0.00159794 0.999998 -0.000900642 0.00637718 -0.0084428 0.000914102 0.999964 0.00514758 0.0 0.0 0.0 1.0
redkitchen/seq-02/color/frame-000024.color.png redkitchen/seq-02/color/frame-000026.color.png 0.999959 -0.00443429 0.00784754 -0.00313182 0.00436497 0.999951 0.0088291 -0.00714839 -0.0078863 -0.00879448 0.99993 0.00618461 0.0 0.0 0.0 1.0
redkitchen/seq-02/color/frame-000026.color.png redkitchen/seq-02/color/frame-000028.color.png 0.999916 -0.00630967 0.0113534 0.00440562 0.00628124 0.999977 0.0025385 0.0013617 -0.0113692 -0.00246697 0.999932 0.00771562 0.0 0.0 0.0 1.0
redkitchen/seq-02/color/frame-000028.color.png redkitchen/seq-02/color/frame-000030.color.png 0.999772 -0.0146413 0.0155032 -0.00475112 0.0145509 0.999877 0.00592893 -0.00137341 -0.0155881 -0.005702 0.999862 0.00731472 0.0 0.0 0.0 1.0
redkitchen/seq-02/color/frame-000030.color.png redkitchen/seq-02/color/frame-000032.color.png 0.999738 -0.0167262 0.0156154 -0.00519901 0.0165242 0.999779 0.0129795 -0.00558647 -0.015829 -0.0127181 0.999794 0.0154738 0.0 0.0 0.0 1.0
redkitchen/seq-02/color/frame-000032.color.png redkitchen/seq-02/color/frame-000034.color.png 0.999945 -0.00923579 0.0050513 0.00436653 0.00926252 0.999943 -0.00529376 0.00166002 -0.00500212 0.00534026 0.999973 0.00435464 0.0 0.0 0.0 1.0
redkitchen/seq-02/color/frame-000034.color.png redkitchen/seq-02/color/frame-000036.color.png 0.999928 -0.005245 0.0107827 0.00244532 0.00519221 0.999974 0.00491685 -0.00528667 -0.0108082 -0.00486052 0.99993 0.0100662 0.0 0.0 0.0 1.0
redkitchen/seq-02/color/frame-000036.color.png redkitchen/seq-02/color/frame-000038.color.png 0.999959 -0.00844557 0.00336498 0.00269017 0.00847043 0.999936 -0.00744488 0.0024283 -0.00330189 0.00747309 0.999967 0.00673149 0.0 0.0 0.0 1.0
redkitchen/seq-02/color/frame-000038.color.png redkitchen/seq-02/color/frame-000040.color.png 0.999887 -0.00737998 0.013093 0.0119306 0.00741016 0.99997 -0.00225866 -0.0028063 -0.013076 0.00235542 0.999912 0.0101221 0.0 0.0 0.0 1.0
redkitchen/seq-02/color/frame-000040.color.png redkitchen/seq-02/color/frame-000042.color.png 0.999922 -0.00556627 0.0111449 0.00221917 0.0055681 0.999985 -0.000134943 0.00718165 -0.011144 0.000196988 0.999938 0.00876588 0.0 0.0 0.0 1.0
redkitchen/seq-02/color/frame-000042.color.png redkitchen/seq-02/color/frame-000044.color.png 0.999967 -0.00542513 0.00600269 0.0106342 0.00537959 0.999957 0.00757899 -0.00507458 -0.00604356 -0.00754645 0.999953 0.0115181 0.0 0.0 0.0 1.0
redkitchen/seq-02/color/frame-000044.color.png redkitchen/seq-02/color/frame-000046.color.png 0.999911 -0.00839081 0.0103745 0.0212196 0.00834784 0.999956 0.00417966 -0.00140712 -0.0104092 -0.00409269 0.999937 0.00868681 0.0 0.0 0.0 1.0
redkitchen/seq-02/color/frame-000046.color.png redkitchen/seq-02/color/frame-000048.color.png 0.999714 -0.00323242 0.023673 0.000330959 0.00318867 0.999993 0.00188513 0.00285484 -0.0236789 -0.00180911 0.999718 0.0179413 0.0 0.0 0.0 1.0
redkitchen/seq-02/color/frame-000048.color.png redkitchen/seq-02/color/frame-000050.color.png 0.999827 0.00795351 0.0168433 0.0209959 -0.00810594 0.999927 0.00900261 -0.00237087 -0.0167705 -0.00913757 0.999818 0.0119433 0.0 0.0 0.0 1.0
redkitchen/seq-02/color/frame-000050.color.png redkitchen/seq-02/color/frame-000052.color.png 0.99991 0.00543289 0.0122319 0.00649968 -0.0055276 0.999955 0.00772027 -0.00505694 -0.0121894 -0.00778719 0.999895 0.0135216 0.0 0.0 0.0 1.0
redkitchen/seq-02/color/frame-000052.color.png redkitchen/seq-02/color/frame-000054.color.png 0.999995 0.00265469 -0.00136935 0.0130313 -0.00265047 0.999992 0.00306989 -0.000847451 0.0013775 -0.00306624 0.999994 0.013008 0.0 0.0 0.0 1.0
redkitchen/seq-02/color/frame-000054.color.png redkitchen/seq-02/color/frame-000056.color.png 0.999997 0.00173945 -0.00158186 0.0207497 -0.00173915 0.999998 0.000196971 -0.00409985 0.00158215 -0.000194229 0.999999 0.0101086 0.0 0.0 0.0 1.0
redkitchen/seq-02/color/frame-000056.color.png redkitchen/seq-02/color/frame-000058.color.png 0.999967 -0.00515475 0.00634959 0.0297763 0.00516781 0.999985 -0.0020438 -0.000596963 -0.00633895 0.00207654 0.999978 0.00765489 0.0 0.0 0.0 1.0
redkitchen/seq-02/color/frame-000058.color.png redkitchen/seq-02/color/frame-000060.color.png 0.999951 -0.00822078 0.00546513 0.0182435 0.00826138 0.999938 -0.00744305 -0.000472551 -0.0054036 0.00748784 0.999957 0.00648464 0.0 0.0 0.0 1.0
redkitchen/seq-02/color/frame-000060.color.png redkitchen/seq-02/color/frame-000062.color.png 0.999959 -0.00372856 0.0082629 0.0143816 0.00374717 0.999991 -0.00224078 0.000714613 -0.00825449 0.00227165 0.999963 0.00687978 0.0 0.0 0.0 1.0
redkitchen/seq-02/color/frame-000062.color.png redkitchen/seq-02/color/frame-000064.color.png 0.99982 -0.0183718 0.00473022 0.0271137 0.0184166 0.999784 -0.00959995 -0.00174128 -0.00455282 0.00968534 0.999943 0.0103452 0.0 0.0 0.0 1.0
redkitchen/seq-02/color/frame-000064.color.png redkitchen/seq-02/color/frame-000066.color.png 0.999935 -0.0110951 0.00245857 0.020977 0.0111146 0.999906 -0.00804181 -0.00603447 -0.0023691 0.00806862 0.999965 0.00911093 0.0 0.0 0.0 1.0
redkitchen/seq-02/color/frame-000066.color.png redkitchen/seq-02/color/frame-000068.color.png 0.999961 -0.00451891 0.00764656 0.0124167 0.0046199 0.999902 -0.0132326 0.00336362 -0.00758599 0.0132674 0.999883 0.0067751 0.0 0.0 0.0 1.0
redkitchen/seq-02/color/frame-000068.color.png redkitchen/seq-02/color/frame-000070.color.png 0.999937 -0.00563363 0.00969224 0.0123737 0.0057492 0.999912 -0.0119383 0.00182472 -0.00962415 0.0119933 0.999882 0.0176045 0.0 0.0 0.0 1.0
redkitchen/seq-02/color/frame-000070.color.png redkitchen/seq-02/color/frame-000072.color.png 0.999991 -0.00016539 0.00414289 0.0137955 0.000142879 0.999985 0.00543719 -0.00545995 -0.0041437 -0.00543655 0.999977 0.0140456 0.0 0.0 0.0 1.0
redkitchen/seq-02/color/frame-000072.color.png redkitchen/seq-02/color/frame-000074.color.png 0.999988 -0.00338274 0.00358309 0.0163444 0.00338795 0.999993 -0.00145552 -0.00483385 -0.00357816 0.00146765 0.999992 0.0138209 0.0 0.0 0.0 1.0
redkitchen/seq-02/color/frame-000074.color.png redkitchen/seq-02/color/frame-000076.color.png 0.999912 -0.00262503 0.0130127 0.022989 0.00256349 0.999986 0.00474289 -0.011482 -0.0130249 -0.00470912 0.999904 0.0231231 0.0 0.0 0.0 1.0
redkitchen/seq-02/color/frame-000076.color.png redkitchen/seq-02/color/frame-000078.color.png 0.999966 -0.00391237 0.00728131 0.0112942 0.00388898 0.999987 0.00322674 -0.00807146 -0.00729388 -0.00319831 0.999968 0.018718 0.0 0.0 0.0 1.0
redkitchen/seq-02/color/frame-000078.color.png redkitchen/seq-02/color/frame-000080.color.png 0.999962 -0.00713097 0.00501124 0.0148411 0.00711489 0.99997 0.00322297 -0.00992547 -0.00503405 -0.00318718 0.999982 0.0185876 0.0 0.0 0.0 1.0
redkitchen/seq-02/color/frame-000080.color.png redkitchen/seq-02/color/frame-000082.color.png 0.999746 -0.00613061 0.0216955 0.0151888 0.00605134 0.999975 0.00371506 -0.00861152 -0.0217177 -0.00358284 0.999758 0.03688 0.0 0.0 0.0 1.0
redkitchen/seq-02/color/frame-000082.color.png redkitchen/seq-02/color/frame-000084.color.png 0.999999 0.00100212 -0.000465966 0.0117447 -0.000999445 0.999984 0.00559933 -0.0080388 0.000471586 -0.00559886 0.999984 0.0202323 0.0 0.0 0.0 1.0
redkitchen/seq-02/color/frame-000084.color.png redkitchen/seq-02/color/frame-000086.color.png 0.99999 0.00429473 -0.000991383 0.0171078 -0.00428795 0.999968 0.00670944 -0.00789824 0.00102012 -0.00670513 0.999977 0.0144861 0.0 0.0 0.0 1.0
redkitchen/seq-02/color/frame-000086.color.png redkitchen/seq-02/color/frame-000088.color.png 0.999989 0.00387315 0.00256121 0.0186267 -0.00386349 0.999985 -0.00376142 -0.00628597 -0.00257572 0.00375149 0.99999 0.0269253 0.0 0.0 0.0 1.0
redkitchen/seq-02/color/frame-000088.color.png redkitchen/seq-02/color/frame-000090.color.png 0.999973 -0.00661384 0.00310996 0.0099394 0.00661463 0.999978 -0.000236567 -0.00311968 -0.00310838 0.00025712 0.999995 0.0163203 0.0 0.0 0.0 1.0
redkitchen/seq-02/color/frame-000090.color.png redkitchen/seq-02/color/frame-000092.color.png 0.99993 -0.0111816 -0.00388657 0.0185116 0.0111711 0.999934 -0.00272004 -0.0056308 0.00391674 0.00267643 0.999989 0.00249061 0.0 0.0 0.0 1.0
redkitchen/seq-02/color/frame-000092.color.png redkitchen/seq-02/color/frame-000094.color.png 0.999979 -0.00637787 -0.00115565 0.0132619 0.00638392 0.999965 0.00534714 -0.00707923 0.00112152 -0.00535441 0.999985 0.00764057 0.0 0.0 0.0 1.0
redkitchen/seq-02/color/frame-000094.color.png redkitchen/seq-02/color/frame-000096.color.png 0.999977 -0.00573563 -0.00351643 0.0169363 0.0057632 0.999952 0.00788374 -0.0080002 0.00347105 -0.00790382 0.999963 0.00992894 0.0 0.0 0.0 1.0
redkitchen/seq-02/color/frame-000096.color.png redkitchen/seq-02/color/frame-000098.color.png 0.999968 -0.0079342 -0.000642747 0.0143921 0.0079343 0.999968 5.56447e-05 -0.00475584 0.000642206 -6.0743e-05 1.0 0.00279692 0.0 0.0 0.0 1.0
redkitchen/seq-02/color/frame-000098.color.png redkitchen/seq-02/color/frame-000100.color.png 0.999977 -0.00576941 0.00344782 0.0106965 0.00577283 0.999983 -0.000992963 -0.00306291 -0.00344197 0.00101284 0.999994 0.00768402 0.0 0.0 0.0 1.0
redkitchen/seq-02/color/frame-000100.color.png redkitchen/seq-02/color/frame-000102.color.png 0.999941 -0.0105078 0.00279709 0.0113205 0.0105168 0.999939 -0.00322483 0.000680201 -0.00276306 0.00325405 0.999991 0.00427541 0.0 0.0 0.0 1.0
redkitchen/seq-02/color/frame-000102.color.png redkitchen/seq-02/color/frame-000104.color.png 0.999995 -0.00326592 -0.000143044 0.0237291 0.00326633 0.99999 0.00309458 -0.00415057 0.000132962 -0.003095 0.999995 0.00213799 0.0 0.0 0.0 1.0
redkitchen/seq-02/color/frame-000104.color.png redkitchen/seq-02/color/frame-000106.color.png 0.999992 -0.00278554 0.00281284 0.00942755 0.00279609 0.999989 -0.0037355 0.00778957 -0.00280231 0.00374331 0.999989 0.00278062 0.0 0.0 0.0 1.0
redkitchen/seq-02/color/frame-000106.color.png redkitchen/seq-02/color/frame-000108.color.png 0.999968 0.00630134 -0.00488633 0.0221788 -0.00631531 0.999976 -0.00284805 0.00460366 0.00486827 0.00287882 0.999984 -0.00277066 0.0 0.0 0.0 1.0
redkitchen/seq-02/color/frame-000108.color.png redkitchen/seq-02/color/frame-000110.color.png 0.999753 0.0201786 -0.00927272 0.0283864 -0.0201993 0.999794 -0.00214072 0.0161522 0.00922753 0.00232746 0.999955 -0.00407529 0.0 0.0 0.0 1.0
redkitchen/seq-02/color/frame-000110.color.png redkitchen/seq-02/color/frame-000112.color.png 0.999817 0.0185201 -0.0046957 0.023396 -0.0184952 0.999815 0.00528917 0.00995388 0.00479282 -0.00520135 0.999975 -0.00706321 0.0 0.0 0.0 1.0
redkitchen/seq-02/color/frame-000112.color.png redkitchen/seq-02/color/frame-000114.color.png 0.999909 0.0121893 -0.00574349 0.0181609 -0.0121876 0.999926 0.000331982 0.00817081 0.005747 -0.000261957 0.999983 -0.00681275 0.0 0.0 0.0 1.0
redkitchen/seq-02/color/frame-000114.color.png redkitchen/seq-02/color/frame-000116.color.png 0.99971 0.0185695 -0.0153232 0.030358 -0.0185956 0.999826 -0.00155946 0.0151789 0.0152916 0.00184397 0.999881 -0.00689289 0.0 0.0 0.0 1.0
redkitchen/seq-02/color/frame-000116.color.png redkitchen/seq-02/color/frame-000118.color.png 0.999969 0.00375585 -0.00697347 0.0187181 -0.0037933 0.999978 -0.00536667 0.00721665 0.00695317 0.00539295 0.999961 -0.00111079 0.0 0.0 0.0 1.0
redkitchen/seq-02/color/frame-000118.color.png redkitchen/seq-02/color/frame-000120.color.png 0.999925 0.00228075 -0.0119968 0.0266253 -0.00238115 0.999962 -0.00835907 0.00877443 0.0119773 0.00838701 0.999893 -0.0120226 0.0 0.0 0.0 1.0
redkitchen/seq-02/color/frame-000120.color.png redkitchen/seq-02/color/frame-000122.color.png 0.999965 -0.00179784 -0.00818758 0.0200785 0.00173128 0.999965 -0.00813297 -0.00128617 0.00820192 0.00811851 0.999933 0.00230321 0.0 0.0 0.0 1.0
redkitchen/seq-02/color/frame-000122.color.png redkitchen/seq-02/color/frame-000124.color.png 0.999928 -0.00387413 -0.0113837 0.0208552 0.00375119 0.999935 -0.0108016 0.0112347 0.0114248 0.0107581 0.999877 -0.00784233 0.0 0.0 0.0 1.0
redkitchen/seq-02/color/frame-000124.color.png redkitchen/seq-02/color/frame-000126.color.png 0.999797 0.00394229 -0.0197546 0.0463495 -0.00404354 0.999979 -0.00508485 -0.000131108 0.0197342 0.0051637 0.999792 -0.00913602 0.0 0.0 0.0 1.0
redkitchen/seq-02/color/frame-000126.color.png redkitchen/seq-02/color/frame-000128.color.png 0.999989 -0.00335169 -0.00335401 0.0160336 0.00335529 0.999994 0.00106517 -0.000835121 0.00335037 -0.00107642 0.999994 0.00403932 0.0 0.0 0.0 1.0
redkitchen/seq-02/color/frame-000128.color.png redkitchen/seq-02/color/frame-000130.color.png 0.999965 -0.00444673 -0.00711419 0.0170773 0.00442419 0.999985 -0.00317803 -0.000249155 0.00712824 0.00314644 0.99997 0.00493929 0.0 0.0 0.0 1.0
redkitchen/seq-02/color/frame-000130.color.png redkitchen/seq-02/color/frame-000132.color.png 0.999936 -0.00617868 -0.00943046 0.0240649 0.00620022 0.999978 0.00225625 -0.00737277 0.00941632 -0.00231458 0.999953 0.00218925 0.0 0.0 0.0 1.0
redkitchen/seq-02/color/frame-000132.color.png redkitchen/seq-02/color/frame-000134.color.png 0.999827 -0.0146434 -0.0114976 0.0299831 0.0146146 0.99989 -0.00259118 -0.00904392 0.0115342 0.0024227 0.999931 0.0108832 0.0 0.0 0.0 1.0
redkitchen/seq-02/color/frame-000134.color.png redkitchen/seq-02/color/frame-000136.color.png 0.999965 -0.000870777 -0.00832146 0.023003 0.000879374 0.999999 0.0010308 -0.00588173 0.00832053 -0.00103808 0.999965 0.00541329 0.0 0.0 0.0 1.0
redkitchen/seq-02/color/frame-000136.color.png redkitchen/seq-02/color/frame-000138.color.png 0.999981 -0.00622158 -0.000234384 0.0227779 0.00622327 0.999947 0.00816005 -0.0214224 0.000183606 -0.00816136 0.999967 0.0119583 0.0 0.0 0.0 1.0
redkitchen/seq-02/color/frame-000138.color.png redkitchen/seq-02/color/frame-000140.color.png 0.999974 0.00157757 0.00706547 0.0230609 -0.00158948 0.999997 0.00168094 -0.0070349 -0.0070628 -0.00169213 0.999974 0.0176052 0.0 0.0 0.0 1.0
redkitchen/seq-02/color/frame-000140.color.png redkitchen/seq-02/color/frame-000142.color.png 0.999969 0.000410997 0.00788296 0.00882703 -0.000429694 0.999997 0.00237945 -0.0112777 -0.00788195 -0.00238277 0.999966 0.0329512 0.0 0.0 0.0 1.0
redkitchen/seq-02/color/frame-000142.color.png redkitchen/seq-02/color/frame-000144.color.png 0.999952 0.00808471 0.00545026 0.0116715 -0.00808278 0.999967 -0.000389095 0.00401117 -0.00545322 0.000345024 0.999985 0.0159491 0.0 0.0 0.0 1.0
redkitchen/seq-02/color/frame-000144.color.png redkitchen/seq-02/color/frame-000146.color.png 0.999963 -0.00541976 0.00664512 0.0194225 0.00537096 0.999959 0.00734346 -0.0236886 -0.00668464 -0.0073075 0.999951 0.0361922 0.0 0.0 0.0 1.0
redkitchen/seq-02/color/frame-000146.color.png redkitchen/seq-02/color/frame-000148.color.png 0.999984 -0.00563967 -0.00024864 0.0138478 0.00563982 0.999984 0.000658982 -0.0154117 0.000244921 -0.000660379 1.0 0.0246206 0.0 0.0 0.0 1.0
redkitchen/seq-02/color/frame-000148.color.png redkitchen/seq-02/color/frame-000150.color.png 0.999961 -0.00414031 -0.00784922 0.0214795 0.00404913 0.999925 -0.0115957 0.00252168 0.00789665 0.0115635 0.999902 0.0143666 0.0 0.0 0.0 1.0
redkitchen/seq-02/color/frame-000150.color.png redkitchen/seq-02/color/frame-000152.color.png 0.999882 0.00952577 -0.0120785 0.0192974 -0.00943851 0.999929 0.00726116 0.00185351 0.0121468 -0.0071463 0.999901 0.00993383 0.0 0.0 0.0 1.0
redkitchen/seq-02/color/frame-000152.color.png redkitchen/seq-02/color/frame-000154.color.png 0.999869 0.0101658 -0.0125981 0.0238532 -0.0101877 0.999947 -0.00167646 0.00122078 0.0125805 0.00180459 0.999919 0.00457525 0.0 0.0 0.0 1.0
redkitchen/seq-02/color/frame-000154.color.png redkitchen/seq-02/color/frame-000156.color.png 0.999646 0.0129165 -0.0232667 0.0199329 -0.0129541 0.999915 -0.0014659 0.00639531 0.0232457 0.00176678 0.999728 0.00370824 0.0 0.0 0.0 1.0
redkitchen/seq-02/color/frame-000156.color.png redkitchen/seq-02/color/frame-000158.color.png 0.999428 0.0123046 -0.0315102 0.0445539 -0.0123075 0.999924 0.000103713 0.00944385 0.031509 0.000284157 0.999503 -0.0197811 0.0 0.0 0.0 1.0
redkitchen/seq-02/color/frame-000158.color.png redkitchen/seq-02/color/frame-000160.color.png 0.999791 0.0153919 -0.0134546 0.0279174 -0.0153878 0.999882 0.000404303 0.00749189 0.0134592 -0.000197184 0.999909 0.00860786 0.0 0.0 0.0 1.0
redkitchen/seq-02/color/frame-000160.color.png redkitchen/seq-02/color/frame-000162.color.png 0.999825 0.0100853 -0.0157618 0.0324477 -0.0101382 0.999943 -0.00327594 0.00879698 0.0157278 0.00343516 0.99987 0.00221306 0.0 0.0 0.0 1.0
redkitchen/seq-02/color/frame-000162.color.png redkitchen/seq-02/color/frame-000164.color.png 0.999453 0.0186733 -0.0273009 0.0550919 -0.0187083 0.999824 -0.00102948 0.0106222 0.0272769 0.00153967 0.999627 -0.00538582 0.0 0.0 0.0 1.0
redkitchen/seq-02/color/frame-000164.color.png redkitchen/seq-02/color/frame-000166.color.png 0.999403 0.0254849 -0.0233345 0.0432707 -0.0254831 0.999675 0.000371026 0.0206248 0.0233363 0.000223832 0.999728 -0.00737202 0.0 0.0 0.0 1.0
redkitchen/seq-02/color/frame-000166.color.png redkitchen/seq-02/color/frame-000168.color.png 0.999296 0.0286898 -0.0241759 0.0421153 -0.028897 0.999548 -0.00826409 0.0325327 0.0239278 0.00895688 0.999674 -0.0102968 0.0 0.0 0.0 1.0
redkitchen/seq-02/color/frame-000168.color.png redkitchen/seq-02/color/frame-000170.color.png 0.999337 0.0242984 -0.0271122 0.0490164 -0.0244901 0.999677 -0.00676157 0.0213013 0.0269392 0.00742107 0.999609 -0.0186107 0.0 0.0 0.0 1.0
redkitchen/seq-02/color/frame-000170.color.png redkitchen/seq-02/color/frame-000172.color.png 0.999332 0.0241446 -0.0274237 0.0507777 -0.024453 0.999641 -0.0109666 0.0300467 0.027149 0.0116298 0.999564 -0.0183474 0.0 0.0 0.0 1.0
redkitchen/seq-02/color/frame-000172.color.png redkitchen/seq-02/color/frame-000174.color.png 0.999409 0.0232427 -0.0253163 0.0400816 -0.0233885 0.999711 -0.00547853 0.0289526 0.0251817 0.0060674 0.999665 -0.0159258 0.0 0.0 0.0 1.0
redkitchen/seq-02/color/frame-000174.color.png redkitchen/seq-02/color/frame-000176.color.png 0.999356 0.0282771 -0.0220997 0.0488505 -0.0282684 0.9996 0.000706168 0.0228096 0.0221109 -8.09895e-05 0.999755 -0.00796372 0.0 0.0 0.0 1.0
redkitchen/seq-02/color/frame-000176.color.png redkitchen/seq-02/color/frame-000178.color.png 0.999791 0.0174115 -0.0107318 0.0218968 -0.0174165 0.999848 -0.000377578 0.011915 0.0107236 0.000564416 0.999942 0.00335723 0.0 0.0 0.0 1.0
redkitchen/seq-02/color/frame-000178.color.png redkitchen/seq-02/color/frame-000180.color.png 0.999826 0.00277647 -0.0184595 0.0326895 -0.00278516 0.999996 -0.000445035 -0.000361457 0.0184581 0.000496366 0.99983 -0.00900871 0.0 0.0 0.0 1.0
redkitchen/seq-02/color/frame-000180.color.png redkitchen/seq-02/color/frame-000182.color.png 0.999694 -0.000924802 -0.0247098 0.0448948 0.000914828 1.0 -0.000415107 -0.0126944 0.0247101 0.000392373 0.999695 -0.0122383 0.0 0.0 0.0 1.0
redkitchen/seq-02/color/frame-000182.color.png redkitchen/seq-02/color/frame-000184.color.png 0.999951 0.00745883 -0.00647244 0.0135657 -0.00750473 0.999947 -0.00709697 0.011808 0.0064192 0.0071452 0.999954 0.00968719 0.0 0.0 0.0 1.0
redkitchen/seq-02/color/frame-000184.color.png redkitchen/seq-02/color/frame-000186.color.png 0.999885 0.00158644 -0.015065 0.0277188 -0.00164938 0.99999 -0.00416573 -0.00160247 0.0150582 0.00419011 0.999878 -0.000726581 0.0 0.0 0.0 1.0
redkitchen/seq-02/color/frame-000186.color.png redkitchen/seq-02/color/frame-000188.color.png 0.999655 0.00109646 -0.0262371 0.0492816 -0.00120402 0.999991 -0.0040852 -0.00489256 0.0262324 0.00411538 0.999647 -0.0179564 0.0 0.0 0.0 1.0
redkitchen/seq-02/color/frame-000188.color.png redkitchen/seq-02/color/frame-000190.color.png 0.999931 0.00391763 -0.0110969 0.0174879 -0.0039677 0.999982 -0.00449352 0.00441605 0.0110791 0.00453723 0.999928 0.00425911 0.0 0.0 0.0 1.0
redkitchen/seq-02/color/frame-000190.color.png redkitchen/seq-02/color/frame-000192.color.png 0.999984 0.00426775 -0.00362721 0.0134258 -0.0042568 0.999987 0.00302078 -0.0110391 0.00364005 -0.00300529 0.999989 0.0229003 0.0 0.0 0.0 1.0
redkitchen/seq-02/color/frame-000192.color.png redkitchen/seq-02/color/frame-000194.color.png 0.999962 0.00285658 -0.00824068 0.0122006 -0.00287933 0.999992 -0.00274968 -0.00305292 0.00823273 0.0027733 0.999962 0.0147692 0.0 0.0 0.0 1.0
redkitchen/seq-02/color/frame-000194.color.png redkitchen/seq-02/color/frame-000196.color.png 0.999825 0.0177232 -0.00601851 0.0157069 -0.017736 0.999841 -0.0020734 0.0154512 0.00598079 0.00217978 0.99998 0.0191729 0.0 0.0 0.0 1.0
redkitchen/seq-02/color/frame-000196.color.png redkitchen/seq-02/color/frame-000198.color.png 0.999987 -0.00303935 -0.00410146 0.00330377 0.00307909 0.999948 0.00971753 -0.0355915 0.00407172 -0.00973003 0.999944 0.0175869 0.0 0.0 0.0 1.0
redkitchen/seq-02/color/frame-000198.color.png redkitchen/seq-02/color/frame-000200.color.png 0.999768 -0.00844833 -0.0198223 0.0440693 0.00850155 0.99996 0.00260321 -0.0297704 0.0197996 -0.00277113 0.9998 0.000448585 0.0 0.0 0.0 1.0
redkitchen/seq-02/color/frame-000200.color.png redkitchen/seq-02/color/frame-000202.color.png 0.999956 0.00663708 -0.00659156 0.0105799 -0.00660919 0.999969 0.00424154 -0.00440833 0.00661947 -0.00419779 0.999969 0.0166771 0.0 0.0 0.0 1.0
redkitchen/seq-02/color/frame-000202.color.png redkitchen/seq-02/color/frame-000204.color.png 0.999948 0.00198341 -0.00996493 0.0132504 -0.0019384 0.999988 0.00452412 -0.0224284 0.00997381 -0.00450457 0.99994 0.0140669 0.0 0.0 0.0 1.0
redkitchen/seq-02/color/frame-000204.color.png redkitchen/seq-02/color/frame-000206.color.png 0.999937 -0.00213241 -0.0110381 0.0168915 0.00215788 0.999995 0.00229822 -0.0112881 0.0110332 -0.00232189 0.999936 0.00423062 0.0 0.0 0.0 1.0
redkitchen/seq-02/color/frame-000206.color.png redkitchen/seq-02/color/frame-000208.color.png 0.999956 0.00482715 -0.00800368 0.0165238 -0.00478419 0.999974 0.00537635 -0.0152951 0.00802938 -0.00533782 0.999954 0.0102857 0.0 0.0 0.0 1.0
redkitchen/seq-02/color/frame-000208.color.png redkitchen/seq-02/color/frame-000210.color.png 0.999945 0.00508058 -0.00915349 0.0151372 -0.0050191 0.999965 0.0067249 -0.0134534 0.00918739 -0.00667859 0.999936 0.00584292 0.0 0.0 0.0 1.0
redkitchen/seq-02/color/frame-000210.color.png redkitchen/seq-02/color/frame-000212.color.png 0.999955 0.00147657 -0.00941721 0.0125265 -0.00144227 0.999992 0.00364916 -0.0103011 0.0094225 -0.00363541 0.999949 0.013778 0.0 0.0 0.0 1.0
redkitchen/seq-02/color/frame-000212.color.png redkitchen/seq-02/color/frame-000214.color.png 0.999782 0.00373969 -0.0205314 0.0331131 -0.00366494 0.999987 0.00367633 -0.007085 0.0205449 -0.00360028 0.999782 -0.00745344 0.0 0.0 0.0 1.0
redkitchen/seq-02/color/frame-000214.color.png redkitchen/seq-02/color/frame-000216.color.png 0.999798 0.00791696 -0.0184903 0.0393169 -0.00795771 0.999966 -0.00213129 0.00251201 0.0184728 0.00227799 0.999827 -0.00211883 0.0 0.0 0.0 1.0
redkitchen/seq-02/color/frame-000216.color.png redkitchen/seq-02/color/frame-000218.color.png 0.99997 0.00573286 -0.00519676 0.0124533 -0.00574051 0.999982 -0.00145597 0.00756848 0.00518841 0.00148575 0.999985 0.00562882 0.0 0.0 0.0 1.0
redkitchen/seq-02/color/frame-000218.color.png redkitchen/seq-02/color/frame-000220.color.png 0.999782 0.0102397 -0.0181856 0.0241904 -0.0102772 0.999945 -0.00196868 0.00792694 0.0181643 0.00215516 0.999833 -0.00792301 0.0 0.0 0.0 1.0
redkitchen/seq-02/color/frame-000220.color.png redkitchen/seq-02/color/frame-000222.color.png 0.999375 0.00987597 -0.033932 0.0655144 -0.0100762 0.999933 -0.00573589 0.0179085 0.0338732 0.00607421 0.999408 -0.0121285 0.0 0.0 0.0 1.0
redkitchen/seq-02/color/frame-000222.color.png redkitchen/seq-02/color/frame-000224.color.png 0.999523 0.011827 -0.0285299 0.0576018 -0.0120427 0.9999 -0.00739813 0.0183175 0.0284396 0.00773818 0.999566 -0.0172709 0.0 0.0 0.0 1.0
redkitchen/seq-02/color/frame-000224.color.png redkitchen/seq-02/color/frame-000226.color.png 0.999296 0.0273507 -0.0256709 0.0619755 -0.027503 0.999606 -0.00559849 0.0405089 0.0255076 0.00630056 0.999655 -0.0122253 0.0 0.0 0.0 1.0
redkitchen/seq-02/color/frame-000226.color.png redkitchen/seq-02/color/frame-000228.color.png 0.999249 0.027902 -0.0268936 0.0543414 -0.027764 0.9996 0.00549267 0.0135492 0.0270362 -0.00474186 0.999623 -0.0156399 0.0 0.0 0.0 1.0
redkitchen/seq-02/color/frame-000228.color.png redkitchen/seq-02/color/frame-000230.color.png 0.999196 0.0228562 -0.0329491 0.0691923 -0.0226992 0.999729 0.00513455 0.0122229 0.0330574 -0.00438248 0.999444 -0.025859 0.0 0.0 0.0 1.0
redkitchen/seq-02/color/frame-000230.color.png redkitchen/seq-02/color/frame-000232.color.png 0.999851 0.00929135 -0.0145798 0.0299197 -0.00926349 0.999955 0.00197076 0.00353649 0.0145975 -0.0018354 0.999892 -0.0121201 0.0 0.0 0.0 1.0
redkitchen/seq-02/color/frame-000232.color.png redkitchen/seq-02/color/frame-000234.color.png 0.999388 0.0186977 -0.0295769 0.0586184 -0.0187005 0.999825 0.000183086 0.0243199 0.0295752 0.000370121 0.999562 -0.020939 0.0 0.0 0.0 1.0
redkitchen/seq-02/color/frame-000234.color.png redkitchen/seq-02/color/frame-000236.color.png 0.999486 0.0139794 -0.0288461 0.0506474 -0.0140124 0.999901 -0.000943462 0.0179663 0.0288302 0.00134718 0.999583 -0.0215895 0.0 0.0 0.0 1.0
redkitchen/seq-02/color/frame-000236.color.png redkitchen/seq-02/color/frame-000238.color.png 0.999465 0.0126957 -0.0301366 0.0561424 -0.0123974 0.999873 0.0100664 -0.00766701 0.0302604 -0.00968744 0.999495 -0.0295807 0.0 0.0 0.0 1.0
redkitchen/seq-02/color/frame-000238.color.png redkitchen/seq-02/color/frame-000240.color.png 0.999328 0.0157138 -0.0331241 0.063587 -0.015493 0.999856 0.00691001 9.05991e-05 0.033228 -0.00639217 0.999427 -0.0307597 0.0 0.0 0.0 1.0
redkitchen/seq-02/color/frame-000240.color.png redkitchen/seq-02/color/frame-000242.color.png 0.999612 0.00984409 -0.0260515 0.0502535 -0.00972867 0.999942 0.00455206 -0.00907385 0.0260946 -0.00429682 0.99965 -0.0116332 0.0 0.0 0.0 1.0
redkitchen/seq-02/color/frame-000242.color.png redkitchen/seq-02/color/frame-000244.color.png 0.999827 0.00140594 -0.0185417 0.0311699 -0.00130807 0.999985 0.00529262 -0.0109214 0.018549 -0.00526746 0.999814 -0.0132998 0.0 0.0 0.0 1.0
redkitchen/seq-02/color/frame-000244.color.png redkitchen/seq-02/color/frame-000246.color.png 0.999751 -0.000966866 -0.0223061 0.0300188 0.0010561 0.999992 0.00398683 -0.0135233 0.022302 -0.00400939 0.999743 -0.0114204 0.0 0.0 0.0 1.0
redkitchen/seq-02/color/frame-000246.color.png redkitchen/seq-02/color/frame-000248.color.png 0.9999 0.00295104 -0.0138095 0.0182927 -0.00286363 0.999976 0.00634732 -0.0155817 0.0138281 -0.00630718 0.999884 -0.00244737 0.0 0.0 0.0 1.0
redkitchen/seq-02/color/frame-000248.color.png redkitchen/seq-02/color/frame-000250.color.png 0.999913 0.00230832 -0.0129989 0.0231553 -0.0023061 0.999997 0.000187508 -0.00374985 0.0129991 -0.000157448 0.999916 0.000644565 0.0 0.0 0.0 1.0
redkitchen/seq-02/color/frame-000250.color.png redkitchen/seq-02/color/frame-000252.color.png 0.999956 0.00639687 -0.00687179 -0.00141907 -0.0064055 0.999979 -0.00124102 0.00370753 0.0068638 0.00128492 0.999976 0.0100769 0.0 0.0 0.0 1.0
redkitchen/seq-02/color/frame-000252.color.png redkitchen/seq-02/color/frame-000254.color.png 0.999883 -0.00309565 -0.0149452 0.0283494 0.00317216 0.999982 0.00509828 -0.0222071 0.0149291 -0.00514504 0.999875 0.00434697 0.0 0.0 0.0 1.0
redkitchen/seq-02/color/frame-000254.color.png redkitchen/seq-02/color/frame-000256.color.png 0.999994 0.000420606 -0.00339361 -0.00712848 -0.000431004 0.999995 -0.00304694 -0.0135947 0.00339232 0.00304835 0.99999 0.0153719 0.0 0.0 0.0 1.0
redkitchen/seq-02/color/frame-000256.color.png redkitchen/seq-02/color/frame-000258.color.png 0.999953 0.00491777 -0.00835877 0.00668895 -0.00496038 0.999975 -0.00509143 0.00420123 0.0083335 0.00513272 0.999952 0.00847244 0.0 0.0 0.0 1.0
redkitchen/seq-02/color/frame-000258.color.png redkitchen/seq-02/color/frame-000260.color.png 0.999983 0.00373589 -0.00440627 -0.00560522 -0.00378663 0.999926 -0.011561 0.0137532 0.00436297 0.0115773 0.999924 0.0166557 0.0 0.0 0.0 1.0
redkitchen/seq-02/color/frame-000260.color.png redkitchen/seq-02/color/frame-000262.color.png 0.999986 0.00530158 -0.000884811 -0.00787294 -0.00530861 0.999953 -0.00813567 0.0103322 0.000841416 0.00814038 0.999966 0.0217788 0.0 0.0 0.0 1.0
redkitchen/seq-02/color/frame-000262.color.png redkitchen/seq-02/color/frame-000264.color.png 0.999987 -0.00128128 -0.00492727 -0.00202489 0.00125804 0.999988 -0.00471471 -0.00942063 0.00493318 0.00470841 0.999977 0.0150077 0.0 0.0 0.0 1.0
redkitchen/seq-02/color/frame-000264.color.png redkitchen/seq-02/color/frame-000266.color.png 0.999971 -0.000752994 -0.00759235 -0.00217545 0.000718555 0.999989 -0.00453936 -0.00518012 0.0075959 0.00453379 0.999961 0.0100894 0.0 0.0 0.0 1.0
redkitchen/seq-02/color/frame-000266.color.png redkitchen/seq-02/color/frame-000268.color.png 0.999943 -0.00534911 -0.00929097 0.00506175 0.00540439 0.999968 0.00593434 -0.0226982 0.00925888 -0.00598426 0.999939 -0.000557303 0.0 0.0 0.0 1.0
redkitchen/seq-02/color/frame-000268.color.png redkitchen/seq-02/color/frame-000270.color.png 0.999879 0.00526932 -0.0146178 0.018087 -0.00518916 0.999971 0.00551676 -0.0143231 0.0146464 -0.00544019 0.999878 -0.00787723 0.0 0.0 0.0 1.0
redkitchen/seq-02/color/frame-000270.color.png redkitchen/seq-02/color/frame-000272.color.png 0.999928 0.00683448 -0.00983757 0.0149367 -0.00680699 0.999973 0.00282332 -0.00419098 0.00985655 -0.00275614 0.999948 0.000320196 0.0 0.0 0.0 1.0
redkitchen/seq-02/color/frame-000272.color.png redkitchen/seq-02/color/frame-000274.color.png 0.999823 0.010193 -0.0158026 0.0217711 -0.01023 0.999945 -0.00225809 0.0096482 0.0157788 0.00241934 0.999873 -0.0040499 0.0 0.0 0.0 1.0
redkitchen/seq-02/color/frame-000274.color.png redkitchen/seq-02/color/frame-000276.color.png 0.999783 0.0190395 -0.00851618 0.0174754 -0.0190878 0.999802 -0.00562821 0.0293959 0.00840731 0.00578957 0.999948 0.0074954 0.0 0.0 0.0 1.0
redkitchen/seq-02/color/frame-000276.color.png redkitchen/seq-02/color/frame-000278.color.png 0.999731 0.00940791 -0.0211908 0.0325667 -0.00937182 0.999954 0.00180542 -0.00681692 0.0212069 -0.00160642 0.999774 -0.0137954 0.0 0.0 0.0 1.0
redkitchen/seq-02/color/frame-000278.color.png redkitchen/seq-02/color/frame-000280.color.png 0.999866 0.00600962 -0.0151966 0.0267471 -0.00614087 0.999944 -0.00860963 0.0238244 0.015144 0.00870176 0.999847 0.00502825 0.0 0.0 0.0 1.0
redkitchen/seq-02/color/frame-000280.color.png redkitchen/seq-02/color/frame-000282.color.png 0.999949 -0.000329437 -0.010099 0.013585 0.000341561 0.999999 0.00120086 -0.0233286 0.0100985 -0.0012042 0.999948 0.00418317 0.0 0.0 0.0 1.0
redkitchen/seq-02/color/frame-000282.color.png redkitchen/seq-02/color/frame-000284.color.png 0.999979 -0.00450311 -0.00472103 0.000728369 0.0044603 0.999949 -0.00902915 0.0117455 0.00476153 0.00900793 0.999948 0.0137525 0.0 0.0 0.0 1.0
redkitchen/seq-02/color/frame-000284.color.png redkitchen/seq-02/color/frame-000286.color.png 0.999882 0.00552955 -0.0143025 0.0203928 -0.00566368 0.99994 -0.00935598 0.0220446 0.0142499 0.00943588 0.999854 -0.002285 0.0 0.0 0.0 1.0
redkitchen/seq-02/color/frame-000286.color.png redkitchen/seq-02/color/frame-000288.color.png 0.999799 0.0112891 -0.0165983 0.0375133 -0.0116068 0.999749 -0.0191726 0.0488629 0.0163778 0.0193613 0.999678 0.0052532 0.0 0.0 0.0 1.0
redkitchen/seq-02/color/frame-000288.color.png redkitchen/seq-02/color/frame-000290.color.png 0.999817 0.0141131 -0.0129253 0.0273776 -0.014117 0.9999 -0.000207027 0.00464672 0.012921 0.00038945 0.999916 -0.00831926 0.0 0.0 0.0 1.0
redkitchen/seq-02/color/frame-000290.color.png redkitchen/seq-02/color/frame-000292.color.png 0.999564 0.0124693 -0.0267741 0.0527284 -0.0127185 0.999877 -0.00915544 0.0358343 0.0266568 0.009492 0.999599 -0.0137222 0.0 0.0 0.0 1.0
redkitchen/seq-02/color/frame-000292.color.png redkitchen/seq-02/color/frame-000294.color.png 0.999196 0.0269057 -0.0297419 0.0688576 -0.0268997 0.999638 0.000604049 0.0158027 0.0297473 0.000196499 0.999557 -0.0162634 0.0 0.0 0.0 1.0
redkitchen/seq-02/color/frame-000294.color.png redkitchen/seq-02/color/frame-000296.color.png 0.999759 0.0150235 -0.0160249 0.027903 -0.0152542 0.99978 -0.0143788 0.048162 0.0158052 0.0146198 0.999768 0.00633955 0.0 0.0 0.0 1.0
redkitchen/seq-02/color/frame-000296.color.png redkitchen/seq-02/color/frame-000298.color.png 0.999522 0.01919 -0.0242474 0.0563072 -0.0189881 0.999783 0.00853103 -0.00630993 0.0244059 -0.00806656 0.99967 -0.0244181 0.0 0.0 0.0 1.0
redkitchen/seq-02/color/frame-000298.color.png redkitchen/seq-02/color/frame-000300.color.png 0.999747 0.0100951 -0.0200857 0.0286773 -0.0101574 0.999944 -0.00299994 0.01871 0.0200543 0.00320318 0.999794 -0.00698018 0.0 0.0 0.0 1.0
redkitchen/seq-02/color/frame-000300.color.png redkitchen/seq-02/color/frame-000302.color.png 0.999295 0.0233747 -0.0293828 0.0640882 -0.0232732 0.999722 0.00379071 -0.000538886 0.0294634 -0.00310424 0.999561 -0.0119069 0.0 0.0 0.0 1.0
redkitchen/seq-02/color/frame-000302.color.png redkitchen/seq-02/color/frame-000304.color.png 0.999785 0.0144315 -0.0149188 0.019722 -0.014371 0.999888 0.00415697 0.00241131 0.0149771 -0.00394163 0.99988 -0.0102851 0.0 0.0 0.0 1.0
redkitchen/seq-02/color/frame-000304.color.png redkitchen/seq-02/color/frame-000306.color.png 0.999851 0.00808013 -0.0152396 0.0220629 -0.00811894 0.999964 -0.00248984 0.00994861 0.0152189 0.00261314 0.999881 -0.00409484 0.0 0.0 0.0 1.0
redkitchen/seq-02/color/frame-000306.color.png redkitchen/seq-02/color/frame-000308.color.png 0.999676 0.0094265 -0.0236595 0.0315052 -0.00941752 0.999956 0.000493998 0.00103199 0.0236632 -0.000271048 0.99972 -0.00962377 0.0 0.0 0.0 1.0
redkitchen/seq-02/color/frame-000308.color.png redkitchen/seq-02/color/frame-000310.color.png 0.999861 0.00473588 -0.0159844 0.00298142 -0.0049618 0.999888 -0.0141255 0.029781 0.0159158 0.0142029 0.999772 0.00611472 0.0 0.0 0.0 1.0
redkitchen/seq-02/color/frame-000310.color.png redkitchen/seq-02/color/frame-000312.color.png 0.999957 0.00546103 -0.00753906 -0.00285566 -0.00557809 0.999863 -0.0155938 0.0408149 0.00745289 0.0156352 0.99985 0.00277781 0.0 0.0 0.0 1.0
redkitchen/seq-02/color/frame-000312.color.png redkitchen/seq-02/color/frame-000314.color.png 0.999677 0.0175957 -0.0183195 0.0251635 -0.0178555 0.999741 -0.014114 0.0358305 0.0180664 0.0144366 0.999732 0.00221872 0.0 0.0 0.0 1.0
redkitchen/seq-02/color/frame-000314.color.png redkitchen/seq-02/color/frame-000316.color.png 0.99981 0.0111847 -0.0159886 0.0207611 -0.0113598 0.999876 -0.0109056 0.0285773 0.0158646 0.0110852 0.999813 0.00141358 0.0 0.0 0.0 1.0
redkitchen/seq-02/color/frame-000316.color.png redkitchen/seq-02/color/frame-000318.color.png 0.999764 0.0144876 -0.016175 0.00835997 -0.0144063 0.999883 0.00512873 0.000266612 0.0162474 -0.00489467 0.999856 -0.0159388 0.0 0.0 0.0 1.0
redkitchen/seq-02/color/frame-000318.color.png redkitchen/seq-02/color/frame-000320.color.png 0.999774 0.00880345 -0.0193348 0.0332135 -0.00860588 0.99991 0.0102781 -0.0161992 0.0194237 -0.0101093 0.99976 -0.017045 0.0 0.0 0.0 1.0
redkitchen/seq-02/color/frame-000320.color.png redkitchen/seq-02/color/frame-000322.color.png 0.999553 0.0108225 -0.0278778 0.0449725 -0.0106528 0.999924 0.00622876 -0.0113149 0.027943 -0.00592898 0.999592 -0.0188224 0.0 0.0 0.0 1.0
redkitchen/seq-02/color/frame-000322.color.png redkitchen/seq-02/color/frame-000324.color.png 0.999757 0.013004 -0.0177938 0.0147933 -0.0130105 0.999915 -0.000250628 0.00250649 0.017789 0.000482111 0.999842 -0.00640225 0.0 0.0 0.0 1.0
redkitchen/seq-02/color/frame-000324.color.png redkitchen/seq-02/color/frame-000326.color.png 0.999749 0.0112694 -0.0193557 0.0335908 -0.0112799 0.999936 -0.000435194 0.00679415 0.0193496 0.000653397 0.999813 -0.00976086 0.0 0.0 0.0 1.0
redkitchen/seq-02/color/frame-000326.color.png redkitchen/seq-02/color/frame-000328.color.png 0.999557 0.0180856 -0.0236559 0.0399917 -0.0181163 0.999835 -0.00107672 0.0154051 0.0236325 0.00150472 0.99972 -0.00798535 0.0 0.0 0.0 1.0
redkitchen/seq-02/color/frame-000328.color.png redkitchen/seq-02/color/frame-000330.color.png 0.999242 0.0228853 -0.0314816 0.0614386 -0.0229288 0.999737 -0.00102261 0.0127154 0.0314499 0.00174373 0.999504 -0.00664687 0.0 0.0 0.0 1.0
redkitchen/seq-02/color/frame-000330.color.png redkitchen/seq-02/color/frame-000332.color.png 0.999574 0.0170364 -0.0237058 0.0433696 -0.0169871 0.999853 0.00228259 0.00337416 0.0237412 -0.00187887 0.999716 -0.00618005 0.0 0.0 0.0 1.0
redkitchen/seq-02/color/frame-000332.color.png redkitchen/seq-02/color/frame-000334.color.png 0.99898 0.0259729 -0.0369385 0.074156 -0.0262788 0.999624 -0.007824 0.0206735 0.0367214 0.00878674 0.999287 0.00632143 0.0 0.0 0.0 1.0
redkitchen/seq-02/color/frame-000334.color.png redkitchen/seq-02/color/frame-000336.color.png 0.999285 0.0246761 -0.028653 0.0551125 -0.0252465 0.999487 -0.0197196 0.0414209 0.0281517 0.0204289 0.999395 0.0155761 0.0 0.0 0.0 1.0
redkitchen/seq-02/color/frame-000336.color.png redkitchen/seq-02/color/frame-000338.color.png 0.999602 0.0139857 -0.0244816 0.0467331 -0.0141466 0.999879 -0.00641056 0.0091669 0.0243889 0.00675427 0.99968 0.00770164 0.0 0.0 0.0 1.0
