pumpkin/seq-03/color/frame-000000.color.png pumpkin/seq-03/color/frame-000003.color.png 1.0 0.000185177 0.00073196 0.00655229 -0.000188667 0.999989 0.00477071 0.00601647 -0.000731068 -0.00477085 0.999988 0.00225218 0.0 0.0 0.0 1.0
pumpkin/seq-03/color/frame-000001.color.png pumpkin/seq-03/color/frame-000004.color.png 0.999999 0.000111022 0.00116288 0.00604602 -0.000118788 0.999978 0.00668031 0.00490312 -0.00116211 -0.00668045 0.999977 0.00439146 0.0 0.0 0.0 1.0
pumpkin/seq-03/color/frame-000002.color.png pumpkin/seq-03/color/frame-000005.color.png 0.999998 0.00200922 0.000361668 0.0102123 -0.00201301 0.999939 0.010819 -0.00293208 -0.000339909 -0.0108197 0.999941 0.00595534 0.0 0.0 0.0 1.0
pumpkin/seq-03/color/frame-000003.color.png pumpkin/seq-03/color/frame-000006.color.png 0.999992 0.0039481 0.00103119 0.0150403 -0.00395772 0.999947 0.00950222 -0.00286369 -0.000993619 -0.00950622 0.999954 0.0100938 0.0 0.0 0.0 1.0
pumpkin/seq-03/color/frame-000004.color.png pumpkin/seq-03/color/frame-000007.color.png 0.999966 0.00409667 0.0072116 0.007331 -0.00416453 0.999947 0.00941992 -0.0101338 -0.00717263 -0.00944962 0.99993 0.00788429 0.0 0.0 0.0 1.0
pumpkin/seq-03/color/frame-000005.color.png pumpkin/seq-03/color/frame-000008.color.png 0.999949 0.000845995 0.0100472 -0.00229906 -0.000911973 0.999978 0.00656411 -0.00843884 -0.0100415 -0.00657293 0.999928 0.00832748 0.0 0.0 0.0 1.0
pumpkin/seq-03/color/frame-000006.color.png pumpkin/seq-03/color/frame-000009.color.png 0.999963 -0.000492855 0.00858081 -0.0114021 0.000432793 0.999975 0.00699993 -0.00689827 -0.00858404 -0.00699596 0.999939 0.00700549 0.0 0.0 0.0 1.0
pumpkin/seq-03/color/frame-000007.color.png pumpkin/seq-03/color/frame-000010.color.png 0.999999 -0.000610793 -0.00101986 -0.00583226 0.000620014 0.999959 0.0090657 -0.00270151 0.00101428 -0.00906632 0.999958 0.0095327 0.0 0.0 0.0 1.0
pumpkin/seq-03/color/frame-000008.color.png pumpkin/seq-03/color/frame-000011.color.png 0.999971 0.00315093 -0.00687172 -0.00197899 -0.00305535 0.999899 0.0138754 -0.000580955 0.00691474 -0.013854 0.99988 0.00903528 0.0 0.0 0.0 1.0
pumpkin/seq-03/color/frame-000009.color.png pumpkin/seq-03/color/frame-000012.color.png 0.999919 0.00253527 -0.012477 0.0095383 -0.00227484 0.99978 0.020843 -0.00687839 0.0125271 -0.020813 0.999705 0.0138645 0.0 0.0 0.0 1.0
pumpkin/seq-03/color/frame-000010.color.png pumpkin/seq-03/color/frame-000013.color.png 0.999936 0.00278362 -0.0109281 0.0142563 -0.00254393 0.999757 0.0218861 -0.0104846 0.0109864 -0.0218569 0.999701 0.0193923 0.0 0.0 0.0 1.0
pumpkin/seq-03/color/frame-000011.color.png pumpkin/seq-03/color/frame-000014.color.png 0.999972 -0.00135126 -0.00741445 0.0191455 0.00149542 0.999809 0.0194728 -0.0134091 0.00738672 -0.0194833 0.999783 0.0233591 0.0 0.0 0.0 1.0
pumpkin/seq-03/color/frame-000012.color.png pumpkin/seq-03/color/frame-000015.color.png 0.999998 -0.00155361 -0.00158068 0.0159958 0.00157435 0.999911 0.0132121 -0.0105396 0.00156001 -0.0132146 0.999911 0.0248978 0.0 0.0 0.0 1.0
pumpkin/seq-03/color/frame-000013.color.png pumpkin/seq-03/color/frame-000016.color.png 0.999995 -0.000137458 0.00322789 0.0132841 0.000108339 0.999959 0.00901936 -0.00341999 -0.003229 -0.00901898 0.999954 0.0180494 0.0 0.0 0.0 1.0
pumpkin/seq-03/color/frame-000014.color.png pumpkin/seq-03/color/frame-000017.color.png 0.999947 0.00369779 0.00961524 0.0069375 -0.00379844 0.999938 0.0104708 0.0010658 -0.00957593 -0.0105067 0.999899 0.016901 0.0 0.0 0.0 1.0
pumpkin/seq-03/color/frame-000015.color.png pumpkin/seq-03/color/frame-000018.color.png 0.999925 0.000256678 0.0122636 0.00538555 -0.000438597 0.99989 0.0148337 -0.0055807 -0.0122585 -0.014838 0.999815 0.0193914 0.0 0.0 0.0 1.0
pumpkin/seq-03/color/frame-000016.color.png pumpkin/seq-03/color/frame-000019.color.png 0.999882 -0.00363028 0.0149442 0.00349119 0.00339928 0.999875 0.0154537 -0.012083 -0.0149984 -0.015401 0.999769 0.024103 0.0 0.0 0.0 1.0
pumpkin/seq-03/color/frame-000017.color.png pumpkin/seq-03/color/frame-000020.color.png 0.999912 -0.00716857 0.0111694 0.0152781 0.00703855 0.999907 0.0116369 -0.0115054 -0.0112518 -0.0115573 0.99987 0.0239806 0.0 0.0 0.0 1.0
pumpkin/seq-03/color/frame-000018.color.png pumpkin/seq-03/color/frame-000021.color.png 0.999841 -0.00021224 0.017806 0.00528437 2.32308e-05 0.999944 0.0106144 -0.00679818 -0.0178073 -0.0106123 0.999785 0.0209435 0.0 0.0 0.0 1.0
pumpkin/seq-03/color/frame-000019.color.png pumpkin/seq-03/color/frame-000022.color.png 0.999804 0.000766965 0.0197727 0.00313218 -0.00105455 0.999894 0.0145385 -0.00641613 -0.0197595 -0.0145565 0.999699 0.0234418 0.0 0.0 0.0 1.0
pumpkin/seq-03/color/frame-000020.color.png pumpkin/seq-03/color/frame-000023.color.png 0.999746 0.00148261 0.0224824 -0.00585965 -0.00194084 0.999791 0.0203734 -0.015792 -0.0224475 -0.0204119 0.99954 0.0284502 0.0 0.0 0.0 1.0
pumpkin/seq-03/color/frame-000021.color.png pumpkin/seq-03/color/frame-000024.color.png 0.999814 -0.00333098 0.018997 -0.000316586 0.00295114 0.999796 0.0199876 -0.0214546 -0.0190597 -0.0199278 0.99962 0.033404 0.0 0.0 0.0 1.0
pumpkin/seq-03/color/frame-000022.color.png pumpkin/seq-03/color/frame-000025.color.png 0.999809 -0.00482163 0.0189435 -0.000458393 0.00450126 0.999847 0.0169182 -0.0227398 -0.0190221 -0.0168297 0.999677 0.0339177 0.0 0.0 0.0 1.0
pumpkin/seq-03/color/frame-000023.color.png pumpkin/seq-03/color/frame-000026.color.png 0.99976 -0.00669561 0.0208551 -0.00393622 0.00642713 0.999896 0.0129139 -0.0170126 -0.0209394 -0.0127767 0.999699 0.0317897 0.0 0.0 0.0 1.0
pumpkin/seq-03/color/frame-000024.color.png pumpkin/seq-03/color/frame-000027.color.png 0.999741 -0.0075017 0.0214752 -0.0052378 0.00718205 0.999863 0.014923 -0.0156706 -0.0215842 -0.0147649 0.999658 0.0323588 0.0 0.0 0.0 1.0
pumpkin/seq-03/color/frame-000025.color.png pumpkin/seq-03/color/frame-000028.color.png 0.999821 -0.00613845 0.0178765 3.82699e-05 0.00578586 0.999789 0.0197093 -0.0241011 -0.0179937 -0.0196023 0.999646 0.0348485 0.0 0.0 0.0 1.0
pumpkin/seq-03/color/frame-000026.color.png pumpkin/seq-03/color/frame-000029.color.png 0.999884 -0.0010461 0.0151715 0.0108388 0.00071101 0.999756 0.0220754 -0.0322048 -0.0151909 -0.0220621 0.999641 0.0357699 0.0 0.0 0.0 1.0
pumpkin/seq-03/color/frame-000027.color.png pumpkin/seq-03/color/frame-000030.color.png 0.999804 -0.000351651 0.0198196 0.00813306 -4.52003e-05 0.9998 0.0200196 -0.0349502 -0.0198226 -0.0200165 0.999603 0.0366039 0.0 0.0 0.0 1.0
pumpkin/seq-03/color/frame-000028.color.png pumpkin/seq-03/color/frame-000031.color.png 0.999584 -0.000789749 0.0288337 -0.00768318 0.000301784 0.999857 0.0169238 -0.0322924 -0.028843 -0.016908 0.999441 0.0361387 0.0 0.0 0.0 1.0
pumpkin/seq-03/color/frame-000029.color.png pumpkin/seq-03/color/frame-000032.color.png 0.999551 -0.00474762 0.0295969 -0.0194269 0.00435307 0.999901 0.0133812 -0.0211633 -0.0296575 -0.0132463 0.999472 0.0389401 0.0 0.0 0.0 1.0
pumpkin/seq-03/color/frame-000030.color.png pumpkin/seq-03/color/frame-000033.color.png 0.9996 0.000572851 0.028282 -0.016284 -0.00129562 0.999673 0.0255443 -0.0382203 -0.0282581 -0.0255707 0.999274 0.0530147 0.0 0.0 0.0 1.0
pumpkin/seq-03/color/frame-000031.color.png pumpkin/seq-03/color/frame-000034.color.png 0.999741 0.00492189 0.0222128 -0.010082 -0.00552326 0.999618 0.0270936 -0.0422316 -0.0220709 -0.0272093 0.999386 0.0527454 0.0 0.0 0.0 1.0
pumpkin/seq-03/color/frame-000032.color.png pumpkin/seq-03/color/frame-000035.color.png 0.999766 0.0093386 0.0194925 -0.0026992 -0.0098278 0.999635 0.0251542 -0.0422879 -0.0192505 -0.0253398 0.999494 0.0514171 0.0 0.0 0.0 1.0
pumpkin/seq-03/color/frame-000033.color.png pumpkin/seq-03/color/frame-000036.color.png 0.99987 0.00832509 0.0138191 -0.0017523 -0.00852679 0.999857 0.014602 -0.0261077 -0.0136955 -0.014718 0.999798 0.0366621 0.0 0.0 0.0 1.0
pumpkin/seq-03/color/frame-000034.color.png pumpkin/seq-03/color/frame-000037.color.png 0.999899 0.00754903 0.0120349 -0.000428814 -0.00773737 0.999847 0.0156802 -0.0262608 -0.0119147 -0.0157718 0.999805 0.0358506 0.0 0.0 0.0 1.0
pumpkin/seq-03/color/frame-000035.color.png pumpkin/seq-03/color/frame-000038.color.png 0.999925 0.00511817 0.0111547 -0.000257034 -0.00533727 0.999792 0.0197003 -0.0399881 -0.0110516 -0.0197584 0.999744 0.0390754 0.0 0.0 0.0 1.0
pumpkin/seq-03/color/frame-000036.color.png pumpkin/seq-03/color/frame-000039.color.png 0.999876 0.00399623 0.0152436 -0.00749891 -0.00424446 0.999858 0.016286 -0.0375883 -0.0151764 -0.0163486 0.999751 0.0349874 0.0 0.0 0.0 1.0
pumpkin/seq-03/color/frame-000037.color.png pumpkin/seq-03/color/frame-000040.color.png 0.999907 -0.00178535 0.0135166 0.00105897 0.00161632 0.999921 0.0125064 -0.027346 -0.0135378 -0.0124834 0.99983 0.0304726 0.0 0.0 0.0 1.0
pumpkin/seq-03/color/frame-000038.color.png pumpkin/seq-03/color/frame-000041.color.png 0.999894 -0.00166521 0.0144785 -0.0044218 0.00145033 0.999889 0.0148399 -0.0235363 -0.0145016 -0.0148173 0.999785 0.0295361 0.0 0.0 0.0 1.0
pumpkin/seq-03/color/frame-000039.color.png pumpkin/seq-03/color/frame-000042.color.png 0.999941 -0.000600215 0.0108664 -0.00509413 0.000377634 0.99979 0.0204737 -0.0292052 -0.0108764 -0.0204684 0.999731 0.0308664 0.0 0.0 0.0 1.0
pumpkin/seq-03/color/frame-000040.color.png pumpkin/seq-03/color/frame-000043.color.png 0.999982 0.00155832 0.00577566 0.00138289 -0.00169723 0.999707 0.0241261 -0.0369223 -0.00573638 -0.0241354 0.999692 0.0341586 0.0 0.0 0.0 1.0
pumpkin/seq-03/color/frame-000041.color.png pumpkin/seq-03/color/frame-000044.color.png 0.999979 0.00549094 0.00332813 0.00882489 -0.00556684 0.999714 0.0232418 -0.0402239 -0.00319958 -0.0232599 0.999724 0.0318392 0.0 0.0 0.0 1.0
pumpkin/seq-03/color/frame-000042.color.png pumpkin/seq-03/color/frame-000045.color.png 0.999921 0.0115193 0.00494065 0.0136201 -0.0116176 0.999725 0.0203523 -0.0397168 -0.00470484 -0.0204082 0.999781 0.0315127 0.0 0.0 0.0 1.0
pumpkin/seq-03/color/frame-000043.color.png pumpkin/seq-03/color/frame-000046.color.png 0.999875 0.0117462 0.0106113 0.00412844 -0.0119272 0.999782 0.0171591 -0.0334442 -0.0104073 -0.0172835 0.999796 0.0290291 0.0 0.0 0.0 1.0
pumpkin/seq-03/color/frame-000044.color.png pumpkin/seq-03/color/frame-000047.color.png 0.999892 0.0100625 0.010754 -0.00117152 -0.0102666 0.999765 0.0190937 -0.0346424 -0.0105593 -0.019202 0.99976 0.0343729 0.0 0.0 0.0 1.0
pumpkin/seq-03/color/frame-000045.color.png pumpkin/seq-03/color/frame-000048.color.png 0.99996 0.00638427 0.00622013 0.00261715 -0.00651649 0.999748 0.0214722 -0.0404118 -0.00608153 -0.0215118 0.99975 0.0391824 0.0 0.0 0.0 1.0
pumpkin/seq-03/color/frame-000046.color.png pumpkin/seq-03/color/frame-000049.color.png 0.999951 0.0098705 0.00025726 0.0158306 -0.00987368 0.999747 0.0201962 -0.0390689 -5.78452e-05 -0.0201978 0.999796 0.0336163 0.0 0.0 0.0 1.0
pumpkin/seq-03/color/frame-000047.color.png pumpkin/seq-03/color/frame-000050.color.png 0.999926 0.0114972 0.00402285 0.0118769 -0.0115572 0.999817 0.0152243 -0.0277264 -0.00384709 -0.0152697 0.999876 0.0295307 0.0 0.0 0.0 1.0
pumpkin/seq-03/color/frame-000048.color.png pumpkin/seq-03/color/frame-000051.color.png 0.999924 0.0102847 0.00676498 0.00556856 -0.0104255 0.999723 0.0211204 -0.0429727 -0.00654587 -0.0211893 0.999754 0.0356233 0.0 0.0 0.0 1.0
pumpkin/seq-03/color/frame-000049.color.png pumpkin/seq-03/color/frame-000052.color.png 0.99992 0.00814184 0.00969163 -0.000128843 -0.00837886 0.99966 0.0246725 -0.0612014 -0.00948746 -0.0247518 0.999649 0.0462686 0.0 0.0 0.0 1.0
pumpkin/seq-03/color/frame-000050.color.png pumpkin/seq-03/color/frame-000053.color.png 0.999951 0.0085727 0.00503184 0.0163529 -0.00864496 0.999857 0.0145175 -0.0507817 -0.00490669 -0.0145603 0.999882 0.0449616 0.0 0.0 0.0 1.0
pumpkin/seq-03/color/frame-000051.color.png pumpkin/seq-03/color/frame-000054.color.png 0.999844 0.013745 0.0110836 0.0110723 -0.0138145 0.999885 0.00621519 -0.0393161 -0.0109969 -0.00636742 0.999919 0.0362308 0.0 0.0 0.0 1.0
pumpkin/seq-03/color/frame-000052.color.png pumpkin/seq-03/color/frame-000055.color.png 0.999887 0.0113311 0.00992655 0.014752 -0.0113519 0.999933 0.00204069 -0.0269368 -0.00990275 -0.00215313 0.999949 0.0310183 0.0 0.0 0.0 1.0
pumpkin/seq-03/color/frame-000053.color.png pumpkin/seq-03/color/frame-000056.color.png 0.999874 0.013001 0.00915312 0.0136994 -0.0130674 0.999888 0.00722893 -0.0291086 -0.00905809 -0.00734751 0.999932 0.0280441 0.0 0.0 0.0 1.0
pumpkin/seq-03/color/frame-000054.color.png pumpkin/seq-03/color/frame-000057.color.png 0.999839 0.01547 0.00904022 0.0188129 -0.0155696 0.999818 0.0110506 -0.0291667 -0.00886765 -0.0111895 0.999898 0.0319333 0.0 0.0 0.0 1.0
pumpkin/seq-03/color/frame-000055.color.png pumpkin/seq-03/color/frame-000058.color.png 0.99968 0.0140999 0.0210096 -0.00538466 -0.0144078 0.99979 0.0145805 -0.0322023 -0.0207996 -0.0148785 0.999673 0.0284758 0.0 0.0 0.0 1.0
pumpkin/seq-03/color/frame-000056.color.png pumpkin/seq-03/color/frame-000059.color.png 0.999713 0.00345436 0.0236875 -0.013295 -0.00379346 0.999891 0.014286 -0.0373102 -0.0236356 -0.0143718 0.999617 0.0321423 0.0 0.0 0.0 1.0
pumpkin/seq-03/color/frame-000057.color.png pumpkin/seq-03/color/frame-000060.color.png 0.99979 -0.00687101 0.019323 -0.0123926 0.00654646 0.999837 0.0168095 -0.0495203 -0.0194354 -0.0166795 0.999672 0.020702 0.0 0.0 0.0 1.0
pumpkin/seq-03/color/frame-000058.color.png pumpkin/seq-03/color/frame-000061.color.png 0.999912 -0.00273533 0.0129503 -0.000809334 0.00261537 0.999954 0.00927102 -0.0283092 -0.0129751 -0.00923641 0.999873 0.0223004 0.0 0.0 0.0 1.0
pumpkin/seq-03/color/frame-000059.color.png pumpkin/seq-03/color/frame-000062.color.png 0.999928 0.000834302 0.0119324 0.00143715 -0.000957496 0.999946 0.010322 -0.0206819 -0.0119232 -0.0103327 0.999875 0.0103052 0.0 0.0 0.0 1.0
pumpkin/seq-03/color/frame-000060.color.png pumpkin/seq-03/color/frame-000063.color.png 0.999925 0.00437374 0.011485 -0.000571176 -0.00454327 0.999881 0.0147785 -0.012389 -0.011419 -0.0148296 0.999825 0.0103176 0.0 0.0 0.0 1.0
pumpkin/seq-03/color/frame-000061.color.png pumpkin/seq-03/color/frame-000064.color.png 0.999895 0.00565171 0.0133266 -0.00640228 -0.00600577 0.999626 0.0266787 -0.0324545 -0.0131708 -0.0267559 0.999555 0.0115049 0.0 0.0 0.0 1.0
pumpkin/seq-03/color/frame-000062.color.png pumpkin/seq-03/color/frame-000065.color.png 0.999908 0.00410464 0.0129497 -0.00755239 -0.00450945 0.999497 0.0313877 -0.042296 -0.0128144 -0.0314432 0.999423 0.0161964 0.0 0.0 0.0 1.0
pumpkin/seq-03/color/frame-000063.color.png pumpkin/seq-03/color/frame-000066.color.png 0.999912 0.000626587 0.0132734 -0.0106133 -0.00109778 0.999368 0.0355207 -0.0600239 -0.0132427 -0.0355321 0.999281 0.021567 0.0 0.0 0.0 1.0
pumpkin/seq-03/color/frame-000064.color.png pumpkin/seq-03/color/frame-000067.color.png 0.99996 -0.00237198 0.00857979 -0.00115434 0.00214081 0.999637 0.026854 -0.045566 -0.00864037 -0.0268345 0.999602 0.00893033 0.0 0.0 0.0 1.0
pumpkin/seq-03/color/frame-000065.color.png pumpkin/seq-03/color/frame-000068.color.png 0.99995 0.00308767 0.00949608 0.000813171 -0.00329658 0.999751 0.0220613 -0.0278513 -0.00942558 -0.0220915 0.999712 0.0063079 0.0 0.0 0.0 1.0
pumpkin/seq-03/color/frame-000066.color.png pumpkin/seq-03/color/frame-000069.color.png 0.999884 0.00895603 0.0123561 -0.00422807 -0.00925515 0.99966 0.0243655 -0.0220208 -0.0121337 -0.024477 0.999627 0.00210738 0.0 0.0 0.0 1.0
pumpkin/seq-03/color/frame-000067.color.png pumpkin/seq-03/color/frame-000070.color.png 0.999838 0.00804931 0.0160925 -0.0154821 -0.0086804 0.99918 0.039539 -0.0505733 -0.015761 -0.0396723 0.999088 0.0146495 0.0 0.0 0.0 1.0
pumpkin/seq-03/color/frame-000068.color.png pumpkin/seq-03/color/frame-000071.color.png 0.999868 0.00278873 0.0160297 -0.0235014 -0.00339895 0.999266 0.0381682 -0.0555141 -0.0159115 -0.0382177 0.999143 0.0203581 0.0 0.0 0.0 1.0
pumpkin/seq-03/color/frame-000069.color.png pumpkin/seq-03/color/frame-000072.color.png 0.999957 -0.000327048 0.0092329 -0.0185568 6.61835e-05 0.999601 0.028242 -0.0409226 -0.00923847 -0.0282401 0.999559 0.0140127 0.0 0.0 0.0 1.0
pumpkin/seq-03/color/frame-000070.color.png pumpkin/seq-03/color/frame-000073.color.png 0.999988 0.0022825 0.00420265 -0.0109287 -0.0023893 0.99967 0.0255937 -0.0340842 -0.00414282 -0.0256034 0.999664 0.00874001 0.0 0.0 0.0 1.0
pumpkin/seq-03/color/frame-000071.color.png pumpkin/seq-03/color/frame-000074.color.png 0.999942 0.00882467 0.00615892 -0.00981759 -0.00902888 0.999383 0.0339506 -0.0539537 -0.00585556 -0.0340043 0.999405 0.00839704 0.0 0.0 0.0 1.0
pumpkin/seq-03/color/frame-000072.color.png pumpkin/seq-03/color/frame-000075.color.png 0.999864 0.0115276 0.0117791 -0.0168807 -0.0120097 0.999057 0.0417109 -0.0742637 -0.0112872 -0.0418467 0.99906 0.0237154 0.0 0.0 0.0 1.0
pumpkin/seq-03/color/frame-000073.color.png pumpkin/seq-03/color/frame-000076.color.png 0.999888 0.00953828 0.0115559 -0.0174402 -0.00984819 0.999585 0.0270622 -0.0602471 -0.011293 -0.027173 0.999567 0.0247715 0.0 0.0 0.0 1.0
pumpkin/seq-03/color/frame-000074.color.png pumpkin/seq-03/color/frame-000077.color.png 0.999918 0.0100868 0.00795831 -0.0178873 -0.010226 0.999792 0.017652 -0.0457646 -0.00777858 -0.0177319 0.999813 0.0252308 0.0 0.0 0.0 1.0
pumpkin/seq-03/color/frame-000075.color.png pumpkin/seq-03/color/frame-000078.color.png 0.999893 0.0143901 0.00273594 -0.00692433 -0.0144168 0.999846 0.00998799 -0.0244771 -0.00259183 -0.0100263 0.999946 0.00781786 0.0 0.0 0.0 1.0
pumpkin/seq-03/color/frame-000076.color.png pumpkin/seq-03/color/frame-000079.color.png 0.999766 0.0204934 0.00690712 -0.0132922 -0.0206508 0.99951 0.0235396 -0.0400612 -0.00642134 -0.0236767 0.999699 0.00716913 0.0 0.0 0.0 1.0
pumpkin/seq-03/color/frame-000077.color.png pumpkin/seq-03/color/frame-000080.color.png 0.999793 0.0186331 0.00819589 -0.018262 -0.0188866 0.999308 0.0320326 -0.0575941 -0.00759332 -0.0321808 0.999453 0.0137659 0.0 0.0 0.0 1.0
pumpkin/seq-03/color/frame-000078.color.png pumpkin/seq-03/color/frame-000081.color.png 0.999829 0.0174958 0.00596209 -0.0253145 -0.0176589 0.999438 0.0284955 -0.0616583 -0.00546025 -0.028596 0.999576 0.0268795 0.0 0.0 0.0 1.0
pumpkin/seq-03/color/frame-000079.color.png pumpkin/seq-03/color/frame-000082.color.png 0.999871 0.0160185 -0.00115035 -0.0141423 -0.0159905 0.999648 0.0211723 -0.0552088 0.00148912 -0.0211511 0.999775 0.0247654 0.0 0.0 0.0 1.0
pumpkin/seq-03/color/frame-000080.color.png pumpkin/seq-03/color/frame-000083.color.png 0.999792 0.01991 -0.00447914 -0.00363155 -0.0198372 0.999679 0.0157641 -0.0416634 0.00479151 -0.0156719 0.999866 0.0071578 0.0 0.0 0.0 1.0
pumpkin/seq-03/color/frame-000081.color.png pumpkin/seq-03/color/frame-000084.color.png 0.999728 0.0232246 -0.00219201 -0.000580669 -0.0231609 0.999404 0.0256001 -0.0530003 0.00278534 -0.0255423 0.99967 0.00298619 0.0 0.0 0.0 1.0
pumpkin/seq-03/color/frame-000082.color.png pumpkin/seq-03/color/frame-000085.color.png 0.999693 0.0245385 0.00332476 -0.0123321 -0.0246265 0.999256 0.0296741 -0.0603278 -0.00259411 -0.0297469 0.999554 0.00825965 0.0 0.0 0.0 1.0
pumpkin/seq-03/color/frame-000083.color.png pumpkin/seq-03/color/frame-000086.color.png 0.999692 0.023973 0.00641458 -0.0264625 -0.0241493 0.999288 0.0289911 -0.0585656 -0.00571499 -0.0291372 0.999559 0.0164135 0.0 0.0 0.0 1.0
pumpkin/seq-03/color/frame-000084.color.png pumpkin/seq-03/color/frame-000087.color.png 0.999789 0.0204359 -0.00206581 -0.0152713 -0.0203966 0.999638 0.0175559 -0.0417518 0.00242384 -0.01751 0.999844 0.0120373 0.0 0.0 0.0 1.0
pumpkin/seq-03/color/frame-000085.color.png pumpkin/seq-03/color/frame-000088.color.png 0.999822 0.0167106 -0.00871627 -0.00365793 -0.0165798 0.999752 0.0148639 -0.0363858 0.00896243 -0.0147169 0.999851 0.00727564 0.0 0.0 0.0 1.0
pumpkin/seq-03/color/frame-000086.color.png pumpkin/seq-03/color/frame-000089.color.png 0.999751 0.0202389 -0.00935501 -0.00396991 -0.0200931 0.999679 0.015424 -0.0394653 0.00966419 -0.015232 0.999837 0.0127711 0.0 0.0 0.0 1.0
pumpkin/seq-03/color/frame-000087.color.png pumpkin/seq-03/color/frame-000090.color.png 0.999775 0.0195855 -0.00815443 -0.00624013 -0.019488 0.99974 0.0118655 -0.0342842 0.00838467 -0.0117039 0.999896 0.0131968 0.0 0.0 0.0 1.0
pumpkin/seq-03/color/frame-000088.color.png pumpkin/seq-03/color/frame-000091.color.png 0.999748 0.0204968 -0.00915749 -0.00619004 -0.0203929 0.999728 0.0113055 -0.0338265 0.00938682 -0.0111158 0.999894 0.0159255 0.0 0.0 0.0 1.0
pumpkin/seq-03/color/frame-000089.color.png pumpkin/seq-03/color/frame-000092.color.png 0.999791 0.0157211 -0.0130495 0.00484907 -0.0156832 0.999872 0.00299761 -0.0163292 0.0130949 -0.00279248 0.99991 0.00115764 0.0 0.0 0.0 1.0
pumpkin/seq-03/color/frame-000090.color.png pumpkin/seq-03/color/frame-000093.color.png 0.999856 0.0112956 -0.0127026 0.000991922 -0.0111997 0.999909 0.00759051 -0.0192304 0.0127872 -0.00744727 0.999891 -0.00897384 0.0 0.0 0.0 1.0
pumpkin/seq-03/color/frame-000091.color.png pumpkin/seq-03/color/frame-000094.color.png 0.99984 0.0136927 -0.0114939 -0.00413564 -0.0134919 0.999758 0.0173694 -0.0273824 0.0117289 -0.0172116 0.999783 -0.00381529 0.0 0.0 0.0 1.0
pumpkin/seq-03/color/frame-000092.color.png pumpkin/seq-03/color/frame-000095.color.png 0.999821 0.0161219 -0.00990307 -0.0117353 -0.0158804 0.999586 0.0240022 -0.0366243 0.0102859 -0.0238406 0.999663 0.00709152 0.0 0.0 0.0 1.0
pumpkin/seq-03/color/frame-000093.color.png pumpkin/seq-03/color/frame-000096.color.png 0.999816 0.0121888 -0.0147744 0.001871 -0.0119283 0.999774 0.0175934 -0.0288786 0.0149854 -0.017414 0.999736 -0.00242835 0.0 0.0 0.0 1.0
pumpkin/seq-03/color/frame-000094.color.png pumpkin/seq-03/color/frame-000097.color.png 0.999783 0.0177267 -0.0109139 -0.0027001 -0.0175607 0.999731 0.015121 -0.0170838 0.011179 -0.0149259 0.999826 -0.00635165 0.0 0.0 0.0 1.0
pumpkin/seq-03/color/frame-000095.color.png pumpkin/seq-03/color/frame-000098.color.png 0.999895 0.0111243 -0.009269 -0.00100927 -0.0109061 0.99967 0.0232657 -0.0331281 0.00952475 -0.0231622 0.999686 -0.00939554 0.0 0.0 0.0 1.0
pumpkin/seq-03/color/frame-000096.color.png pumpkin/seq-03/color/frame-000099.color.png 0.999914 0.011576 -0.00613892 -0.0117194 -0.0114026 0.999555 0.0275798 -0.0410008 0.00645545 -0.0275074 0.999601 0.00464565 0.0 0.0 0.0 1.0
pumpkin/seq-03/color/frame-000097.color.png pumpkin/seq-03/color/frame-000100.color.png 0.999944 0.00121875 -0.0105144 -0.010635 -0.00103632 0.999849 0.0173342 -0.0287641 0.0105339 -0.0173224 0.999794 -0.00279343 0.0 0.0 0.0 1.0
pumpkin/seq-03/color/frame-000098.color.png pumpkin/seq-03/color/frame-000101.color.png 0.999778 0.00242849 -0.0209209 0.00243556 -0.00226456 0.999967 0.00785624 -0.00859523 0.0209394 -0.00780725 0.99975 -0.00681311 0.0 0.0 0.0 1.0
pumpkin/seq-03/color/frame-000099.color.png pumpkin/seq-03/color/frame-000102.color.png 0.999695 0.00588193 -0.0239805 0.00946314 -0.0056561 0.999939 0.00947047 -0.00853813 0.0240348 -0.00933197 0.999668 -0.00973731 0.0 0.0 0.0 1.0
pumpkin/seq-03/color/frame-000100.color.png pumpkin/seq-03/color/frame-000103.color.png 0.999635 0.00990936 -0.025128 0.0206445 -0.00956856 0.999861 0.0136465 -0.0142795 0.0252598 -0.0134011 0.999591 -0.0167432 0.0 0.0 0.0 1.0
pumpkin/seq-03/color/frame-000101.color.png pumpkin/seq-03/color/frame-000104.color.png 0.999747 0.0146236 -0.0170837 0.00920172 -0.0142148 0.999615 0.0238091 -0.0309179 0.0174254 -0.02356 0.999571 -0.01537 0.0 0.0 0.0 1.0
pumpkin/seq-03/color/frame-000102.color.png pumpkin/seq-03/color/frame-000105.color.png 0.999827 0.00490156 -0.0179682 0.00720108 -0.00435763 0.999535 0.0301903 -0.0459864 0.0181077 -0.0301067 0.999383 -0.0150872 0.0 0.0 0.0 1.0
pumpkin/seq-03/color/frame-000103.color.png pumpkin/seq-03/color/frame-000106.color.png 0.999546 0.00402849 -0.0298573 0.0231177 -0.00327605 0.999677 0.0252077 -0.0404478 0.0299492 -0.0250983 0.999236 -0.0046497 0.0 0.0 0.0 1.0
pumpkin/seq-03/color/frame-000104.color.png pumpkin/seq-03/color/frame-000107.color.png 0.999318 0.00760374 -0.0361233 0.0305594 -0.00717057 0.999901 0.0121052 -0.0205671 0.0362118 -0.0118378 0.999274 -0.00478315 0.0 0.0 0.0 1.0
pumpkin/seq-03/color/frame-000105.color.png pumpkin/seq-03/color/frame-000108.color.png 0.999312 0.0122905 -0.0349921 0.032208 -0.0120937 0.99991 0.00583096 -0.00838655 0.0350606 -0.00540384 0.999371 -0.000287056 0.0 0.0 0.0 1.0
pumpkin/seq-03/color/frame-000106.color.png pumpkin/seq-03/color/frame-000109.color.png 0.999523 0.00956153 -0.0293682 0.0260635 -0.00963469 0.999951 -0.002348 0.00349671 0.0293443 0.00262968 0.999566 -0.00499845 0.0 0.0 0.0 1.0
pumpkin/seq-03/color/frame-000107.color.png pumpkin/seq-03/color/frame-000110.color.png 0.999679 0.00333759 -0.0251156 0.0156718 -0.00335207 0.999994 -0.000532268 -0.00860739 0.0251137 0.000616262 0.999684 -0.00560611 0.0 0.0 0.0 1.0
pumpkin/seq-03/color/frame-000108.color.png pumpkin/seq-03/color/frame-000111.color.png 0.999622 0.00107894 -0.0274666 0.0187152 -0.00178631 0.999667 -0.0257423 0.0552208 0.0274297 0.0257817 0.999291 -0.00978935 0.0 0.0 0.0 1.0
pumpkin/seq-03/color/frame-000109.color.png pumpkin/seq-03/color/frame-000112.color.png 0.999595 0.000994583 -0.0284225 0.0163665 -0.00121993 0.999968 -0.00791379 0.0087111 0.0284137 0.00794533 0.999565 -0.00882477 0.0 0.0 0.0 1.0
pumpkin/seq-03/color/frame-000110.color.png pumpkin/seq-03/color/frame-000113.color.png 0.99942 0.000440896 -0.0340417 0.0337129 -0.00099761 0.999866 -0.0163379 0.0270684 0.0340299 0.0163623 0.999287 4.28557e-05 0.0 0.0 0.0 1.0
pumpkin/seq-03/color/frame-000111.color.png pumpkin/seq-03/color/frame-000114.color.png 0.999405 -0.00377115 -0.0342839 0.0330282 0.0031674 0.999839 -0.0176508 0.00853765 0.034345 0.0175318 0.999256 -0.00232369 0.0 0.0 0.0 1.0
pumpkin/seq-03/color/frame-000112.color.png pumpkin/seq-03/color/frame-000115.color.png 0.999501 -0.00656925 -0.0308939 0.0224053 0.0053551 0.999216 -0.0392199 0.058091 0.0311273 0.0390348 0.998753 0.000194848 0.0 0.0 0.0 1.0
pumpkin/seq-03/color/frame-000113.color.png pumpkin/seq-03/color/frame-000116.color.png 0.999574 -0.0117285 -0.0267086 0.000701234 0.0108471 0.999399 -0.0329104 0.033118 0.0270786 0.0326068 0.999101 0.00464058 0.0 0.0 0.0 1.0
pumpkin/seq-03/color/frame-000114.color.png pumpkin/seq-03/color/frame-000117.color.png 0.999365 -0.0131104 -0.0331178 0.0105344 0.011896 0.999259 -0.0366035 0.0343788 0.0335731 0.0361862 0.998781 0.00876749 0.0 0.0 0.0 1.0
pumpkin/seq-03/color/frame-000115.color.png pumpkin/seq-03/color/frame-000118.color.png 0.998866 -0.0177361 -0.0441776 0.0348391 0.0153443 0.998428 -0.0539032 0.0673661 0.0450642 0.0531643 0.997568 0.00785702 0.0 0.0 0.0 1.0
pumpkin/seq-03/color/frame-000116.color.png pumpkin/seq-03/color/frame-000119.color.png 0.998515 -0.017522 -0.051579 0.0568296 0.0146881 0.998388 -0.0548186 0.0697888 0.0524563 0.0539795 0.997163 -0.00658488 0.0 0.0 0.0 1.0
pumpkin/seq-03/color/frame-000117.color.png pumpkin/seq-03/color/frame-000120.color.png 0.998406 -0.0118792 -0.0551764 0.0685956 0.00869146 0.998299 -0.0576567 0.0906863 0.0557675 0.0570853 0.996811 -0.0145234 0.0 0.0 0.0 1.0
pumpkin/seq-03/color/frame-000118.color.png pumpkin/seq-03/color/frame-000121.color.png 0.998818 -0.00891856 -0.0477829 0.0599586 0.00748311 0.999518 -0.0301351 0.0335356 0.0480286 0.0297419 0.998403 -0.0206538 0.0 0.0 0.0 1.0
pumpkin/seq-03/color/frame-000119.color.png pumpkin/seq-03/color/frame-000122.color.png 0.999322 -0.00189079 -0.0367769 0.0370455 0.000764125 0.999531 -0.0306253 0.0461414 0.0368176 0.0305764 0.998854 -0.0180566 0.0 0.0 0.0 1.0
pumpkin/seq-03/color/frame-000120.color.png pumpkin/seq-03/color/frame-000123.color.png 0.99953 -0.00444027 -0.0303476 0.0225687 0.00380413 0.999772 -0.0209912 0.0245796 0.0304339 0.0208659 0.999319 -0.0126591 0.0 0.0 0.0 1.0
pumpkin/seq-03/color/frame-000121.color.png pumpkin/seq-03/color/frame-000124.color.png 0.999559 0.00035537 -0.0296824 0.0152095 -0.00128853 0.999505 -0.0314247 0.0458276 0.0296566 0.0314491 0.999065 -0.0101023 0.0 0.0 0.0 1.0
pumpkin/seq-03/color/frame-000122.color.png pumpkin/seq-03/color/frame-000125.color.png 0.999004 -0.0072807 -0.0440262 0.0519248 0.00585715 0.999458 -0.0323772 0.043353 0.0442381 0.0320871 0.998506 -0.0110627 0.0 0.0 0.0 1.0
pumpkin/seq-03/color/frame-000123.color.png pumpkin/seq-03/color/frame-000126.color.png 0.999524 -0.00484204 -0.0304542 0.0398944 0.00389287 0.999507 -0.0311475 0.0568247 0.03059 0.0310141 0.999051 -0.00252575 0.0 0.0 0.0 1.0
pumpkin/seq-03/color/frame-000124.color.png pumpkin/seq-03/color/frame-000127.color.png 0.999884 0.00543703 -0.0142247 0.0027478 -0.00568748 0.999828 -0.0176241 0.0190975 0.0141264 0.017703 0.999743 0.00455338 0.0 0.0 0.0 1.0
pumpkin/seq-03/color/frame-000125.color.png pumpkin/seq-03/color/frame-000128.color.png 0.99985 0.000478328 -0.0173223 0.0141515 -0.00088156 0.999729 -0.0232791 0.0242881 0.0173064 0.0232908 0.999579 -0.0116888 0.0 0.0 0.0 1.0
pumpkin/seq-03/color/frame-000126.color.png pumpkin/seq-03/color/frame-000129.color.png 0.99977 0.00182766 -0.0213555 0.00462607 -0.00232804 0.999723 -0.0234304 0.0190508 0.0213067 0.0234749 0.999497 -0.0194142 0.0 0.0 0.0 1.0
pumpkin/seq-03/color/frame-000127.color.png pumpkin/seq-03/color/frame-000130.color.png 0.999685 -0.00603275 -0.0243508 0.00191207 0.00571517 0.999898 -0.0130912 -0.00289398 0.0244274 0.0129479 0.999618 -0.0137962 0.0 0.0 0.0 1.0
pumpkin/seq-03/color/frame-000128.color.png pumpkin/seq-03/color/frame-000131.color.png 0.999865 -0.00618364 -0.0152564 -0.00719204 0.00605094 0.999944 -0.0087299 0.00510949 0.0153096 0.00863635 0.999846 -0.00234109 0.0 0.0 0.0 1.0
pumpkin/seq-03/color/frame-000129.color.png pumpkin/seq-03/color/frame-000132.color.png 0.999564 -0.0102681 -0.0276697 0.0230561 0.00959115 0.999654 -0.0244896 0.0344309 0.0279116 0.0242135 0.999317 -0.000678539 0.0 0.0 0.0 1.0
pumpkin/seq-03/color/frame-000130.color.png pumpkin/seq-03/color/frame-000133.color.png 0.999509 -0.0144377 -0.0278112 0.0363037 0.0137889 0.999632 -0.023383 0.0339041 0.0281385 0.022988 0.99934 -0.0111359 0.0 0.0 0.0 1.0
pumpkin/seq-03/color/frame-000131.color.png pumpkin/seq-03/color/frame-000134.color.png 0.99952 -0.0172572 -0.025739 0.00977384 0.0165892 0.999526 -0.0259462 0.02894 0.0261745 0.0255068 0.999332 -0.0120295 0.0 0.0 0.0 1.0
pumpkin/seq-03/color/frame-000132.color.png pumpkin/seq-03/color/frame-000135.color.png 0.999575 -0.0220135 -0.0190846 -0.0106133 0.021459 0.999355 -0.028791 0.033392 0.0197061 0.0283693 0.999403 -0.005292 0.0 0.0 0.0 1.0
pumpkin/seq-03/color/frame-000133.color.png pumpkin/seq-03/color/frame-000136.color.png 0.99877 -0.0351877 -0.0349454 0.0189258 0.0335896 0.998408 -0.045313 0.0663898 0.0364842 0.0440835 0.998361 -0.00372881 0.0 0.0 0.0 1.0
pumpkin/seq-03/color/frame-000134.color.png pumpkin/seq-03/color/frame-000137.color.png 0.999471 -0.0217716 -0.0241788 0.0125055 0.0211217 0.999417 -0.026815 0.0303143 0.0247485 0.0262902 0.999348 -0.00373375 0.0 0.0 0.0 1.0
pumpkin/seq-03/color/frame-000135.color.png pumpkin/seq-03/color/frame-000138.color.png 0.999417 -0.0211031 -0.0268297 0.0165124 0.0204489 0.999492 -0.024428 0.034682 0.0273316 0.0238651 0.999342 -0.00440907 0.0 0.0 0.0 1.0
pumpkin/seq-03/color/frame-000136.color.png pumpkin/seq-03/color/frame-000139.color.png 0.999838 -0.0141744 -0.0110687 -0.0224603 0.0139405 0.999684 -0.0209289 0.0142592 0.0113619 0.0207712 0.99972 0.00750875 0.0 0.0 0.0 1.0
pumpkin/seq-03/color/frame-000137.color.png pumpkin/seq-03/color/frame-000140.color.png 0.999276 -0.0243849 -0.0291947 0.0124177 0.0232526 0.998987 -0.038517 0.0319086 0.0301044 0.0378102 0.998831 0.0083946 0.0 0.0 0.0 1.0
pumpkin/seq-03/color/frame-000138.color.png pumpkin/seq-03/color/frame-000141.color.png 0.999247 -0.0271131 -0.0277554 0.0264679 0.025871 0.998689 -0.0441739 0.0405819 0.0289167 0.0434225 0.998638 0.00302464 0.0 0.0 0.0 1.0
pumpkin/seq-03/color/frame-000139.color.png pumpkin/seq-03/color/frame-000142.color.png 0.99904 -0.0342828 -0.0272659 0.028827 0.0327861 0.998026 -0.0535655 0.0682834 0.0290484 0.0526201 0.998192 -0.000318944 0.0 0.0 0.0 1.0
pumpkin/seq-03/color/frame-000140.color.png pumpkin/seq-03/color/frame-000143.color.png 0.99938 -0.0297425 -0.0188282 0.00585862 0.0287689 0.998333 -0.050031 0.0622123 0.0202849 0.0494583 0.99857 -0.00324798 0.0 0.0 0.0 1.0
pumpkin/seq-03/color/frame-000141.color.png pumpkin/seq-03/color/frame-000144.color.png 0.999544 -0.0260682 -0.0152518 0.00419639 0.0252811 0.998444 -0.0497035 0.0566667 0.0165237 0.0492953 0.998648 -0.00250635 0.0 0.0 0.0 1.0
pumpkin/seq-03/color/frame-000142.color.png pumpkin/seq-03/color/frame-000145.color.png 0.999671 -0.0226962 -0.011919 0.00488112 0.0221265 0.998699 -0.0459305 0.0455136 0.012946 0.0456517 0.998874 -0.00259778 0.0 0.0 0.0 1.0
pumpkin/seq-03/color/frame-000143.color.png pumpkin/seq-03/color/frame-000146.color.png 0.999607 -0.0234445 -0.0153512 0.0170327 0.0226752 0.998566 -0.0485025 0.0595177 0.0164663 0.0481354 0.998705 0.00025937 0.0 0.0 0.0 1.0
pumpkin/seq-03/color/frame-000144.color.png pumpkin/seq-03/color/frame-000147.color.png 0.999871 -0.0143867 -0.00720966 0.000858381 0.01422 0.999642 -0.0226583 0.0124821 0.00753307 0.0225529 0.999717 -0.00693917 0.0 0.0 0.0 1.0
pumpkin/seq-03/color/frame-000145.color.png pumpkin/seq-03/color/frame-000148.color.png 0.999918 -0.0123092 -0.00343854 -0.00836344 0.0122095 0.999543 -0.0276439 0.0314772 0.00377724 0.0275997 0.999612 -0.00529701 0.0 0.0 0.0 1.0
pumpkin/seq-03/color/frame-000146.color.png pumpkin/seq-03/color/frame-000149.color.png 0.999894 -0.013665 -0.00501894 0.000783797 0.0135333 0.999586 -0.0254118 0.0207069 0.0053641 0.0253412 0.999665 -0.00370777 0.0 0.0 0.0 1.0
pumpkin/seq-03/color/frame-000147.color.png pumpkin/seq-03/color/frame-000150.color.png 0.999737 -0.0221389 -0.00600879 -0.00319689 0.0218134 0.998527 -0.049684 0.05403 0.00709988 0.0495399 0.998747 -0.000588179 0.0 0.0 0.0 1.0
pumpkin/seq-03/color/frame-000148.color.png pumpkin/seq-03/color/frame-000151.color.png 0.999737 -0.0217934 -0.00708679 0.000797972 0.0214322 0.998638 -0.0475695 0.0485349 0.00811385 0.0474051 0.998843 -0.00382945 0.0 0.0 0.0 1.0
pumpkin/seq-03/color/frame-000149.color.png pumpkin/seq-03/color/frame-000152.color.png 0.999815 -0.0186892 -0.00465013 -0.0116519 0.0184813 0.998975 -0.0413238 0.0416323 0.0054177 0.0412302 0.999135 -0.00728068 0.0 0.0 0.0 1.0
pumpkin/seq-03/color/frame-000150.color.png pumpkin/seq-03/color/frame-000153.color.png 0.999857 -0.0146785 -0.00841761 -0.000873081 0.0143917 0.999346 -0.0331712 0.0201711 0.00889906 0.0330453 0.999414 -0.00740084 0.0 0.0 0.0 1.0
pumpkin/seq-03/color/frame-000151.color.png pumpkin/seq-03/color/frame-000154.color.png 0.999902 -0.0130016 -0.00513952 -0.00490446 0.012781 0.999084 -0.0408481 0.0420667 0.00566588 0.0407785 0.999152 -0.00275058 0.0 0.0 0.0 1.0
pumpkin/seq-03/color/frame-000152.color.png pumpkin/seq-03/color/frame-000155.color.png 0.999938 -0.0105436 -0.00355998 -0.00611396 0.0104244 0.999434 -0.0319745 0.0268283 0.0038951 0.0319354 0.999482 -0.0093534 0.0 0.0 0.0 1.0
pumpkin/seq-03/color/frame-000153.color.png pumpkin/seq-03/color/frame-000156.color.png 0.999912 -0.0130381 -0.00233531 -0.0210669 0.0129934 0.99975 -0.0182048 0.00638482 0.00257204 0.0181728 0.999832 -0.00715888 0.0 0.0 0.0 1.0
pumpkin/seq-03/color/frame-000154.color.png pumpkin/seq-03/color/frame-000157.color.png 0.999852 -0.0126412 -0.0116518 -0.00720181 0.0123345 0.999585 -0.0260285 0.0217037 0.011976 0.025881 0.999593 -0.00737289 0.0 0.0 0.0 1.0
pumpkin/seq-03/color/frame-000155.color.png pumpkin/seq-03/color/frame-000158.color.png 0.999871 -0.0121662 -0.0105245 -0.00909016 0.0118503 0.999492 -0.0295814 0.0349015 0.010879 0.0294529 0.999507 -0.00549224 0.0 0.0 0.0 1.0
pumpkin/seq-03/color/frame-000156.color.png pumpkin/seq-03/color/frame-000159.color.png 0.999916 -0.00841628 -0.00986086 -0.00324428 0.00819899 0.999727 -0.0218754 0.0232188 0.0100423 0.0217928 0.999712 -0.0103386 0.0 0.0 0.0 1.0
pumpkin/seq-03/color/frame-000157.color.png pumpkin/seq-03/color/frame-000160.color.png 0.999857 -0.0120294 -0.0118523 -0.00358679 0.0118719 0.999841 -0.0132712 0.00192136 0.01201 0.0131286 0.999842 -0.0162452 0.0 0.0 0.0 1.0
pumpkin/seq-03/color/frame-000158.color.png pumpkin/seq-03/color/frame-000161.color.png 0.999791 -0.014432 -0.014464 -0.00553596 0.0141515 0.999713 -0.0193116 0.0118998 0.0147386 0.0191029 0.999709 -0.0140073 0.0 0.0 0.0 1.0
pumpkin/seq-03/color/frame-000159.color.png pumpkin/seq-03/color/frame-000162.color.png 0.99979 -0.0109807 -0.0172722 -0.00143443 0.0107334 0.99984 -0.0143389 0.00554723 0.0174269 0.0141506 0.999748 -0.0187632 0.0 0.0 0.0 1.0
pumpkin/seq-03/color/frame-000160.color.png pumpkin/seq-03/color/frame-000163.color.png 0.999837 -0.00430691 -0.0175339 0.00196005 0.00392044 0.99975 -0.0220165 0.0449208 0.0176243 0.0219441 0.999604 -0.014158 0.0 0.0 0.0 1.0
pumpkin/seq-03/color/frame-000161.color.png pumpkin/seq-03/color/frame-000164.color.png 0.999827 -0.00634616 -0.0174768 -0.00260708 0.00602654 0.999815 -0.0182785 0.0420055 0.0175895 0.01817 0.99968 -0.0147195 0.0 0.0 0.0 1.0
pumpkin/seq-03/color/frame-000162.color.png pumpkin/seq-03/color/frame-000165.color.png 0.999819 -0.00455527 -0.0184699 -0.00188198 0.00447134 0.99998 -0.00458459 0.0100856 0.0184904 0.00450117 0.999819 -0.023451 0.0 0.0 0.0 1.0
pumpkin/seq-03/color/frame-000163.color.png pumpkin/seq-03/color/frame-000166.color.png 0.999845 -0.00289905 -0.0173743 -0.00646064 0.00274866 0.999959 -0.00867631 0.03813 0.0173987 0.00862721 0.999811 -0.0167233 0.0 0.0 0.0 1.0
pumpkin/seq-03/color/frame-000164.color.png pumpkin/seq-03/color/frame-000167.color.png 0.999815 0.00408911 -0.0187688 -0.00574096 -0.00397168 0.999972 0.00628809 0.00455531 0.018794 -0.00621238 0.999804 -0.0287427 0.0 0.0 0.0 1.0
pumpkin/seq-03/color/frame-000165.color.png pumpkin/seq-03/color/frame-000168.color.png 0.999483 0.00202801 -0.0320814 0.0199389 -0.0018519 0.999983 0.005518 0.00391901 0.0320921 -0.00545573 0.99947 -0.015467 0.0 0.0 0.0 1.0
pumpkin/seq-03/color/frame-000166.color.png pumpkin/seq-03/color/frame-000169.color.png 0.999664 0.00719834 -0.0249036 0.000938706 -0.00715936 0.999973 0.00165516 0.0104325 0.0249148 -0.00147632 0.999688 -0.0200438 0.0 0.0 0.0 1.0
pumpkin/seq-03/color/frame-000167.color.png pumpkin/seq-03/color/frame-000170.color.png 0.999655 0.00822633 -0.0249396 0.0131412 -0.00816347 0.999963 0.00262178 0.0101232 0.0249602 -0.00241728 0.999686 -0.0133941 0.0 0.0 0.0 1.0
pumpkin/seq-03/color/frame-000168.color.png pumpkin/seq-03/color/frame-000171.color.png 0.999945 0.00636671 -0.00833449 -0.0197428 -0.00633579 0.999973 0.00372555 0.0208007 0.008358 -0.00367255 0.999958 -0.0338844 0.0 0.0 0.0 1.0
pumpkin/seq-03/color/frame-000169.color.png pumpkin/seq-03/color/frame-000172.color.png 0.999813 0.00513898 -0.0186257 0.000178277 -0.00473445 0.999753 0.0216994 -0.0179732 0.0187326 -0.0216072 0.999591 -0.0294918 0.0 0.0 0.0 1.0
pumpkin/seq-03/color/frame-000170.color.png pumpkin/seq-03/color/frame-000173.color.png 0.999623 0.00198332 -0.0273742 -0.000246294 -0.0018013 0.999976 0.00667128 0.0227112 0.0273869 -0.00661946 0.999603 -0.0210688 0.0 0.0 0.0 1.0
pumpkin/seq-03/color/frame-000171.color.png pumpkin/seq-03/color/frame-000174.color.png 0.999261 0.00414706 -0.0382115 0.0151172 -0.00370075 0.999924 0.011745 4.64916e-06 0.0382574 -0.011595 0.999201 -0.0162254 0.0 0.0 0.0 1.0
pumpkin/seq-03/color/frame-000172.color.png pumpkin/seq-03/color/frame-000175.color.png 0.999473 0.00328863 -0.0323007 0.00365221 -0.00339387 0.999989 -0.00320407 0.0341815 0.0322897 0.00331201 0.999473 -0.0121475 0.0 0.0 0.0 1.0
pumpkin/seq-03/color/frame-000173.color.png pumpkin/seq-03/color/frame-000176.color.png 0.999729 0.00430552 -0.0228981 -0.00300684 -0.00409743 0.99995 0.00912683 0.00191379 0.0229362 -0.00903053 0.999696 -0.0243156 0.0 0.0 0.0 1.0
pumpkin/seq-03/color/frame-000174.color.png pumpkin/seq-03/color/frame-000177.color.png 0.999889 0.00188585 -0.0147452 -0.0187676 -0.00192938 0.999994 -0.00294218 0.0441548 0.0147395 0.00297032 0.999887 -0.0117537 0.0 0.0 0.0 1.0
