pumpkin/seq-03/color/frame-000000.color.png pumpkin/seq-03/color/frame-000002.color.png 1.0 0.000310073 -0.000130685 0.00535586 -0.000309749 0.999997 0.00246832 0.0049112 0.00013145 -0.00246828 0.999997 0.00134272 0.0 0.0 0.0 1.0
pumpkin/seq-03/color/frame-000001.color.png pumpkin/seq-03/color/frame-000003.color.png 1.0 -0.000313868 0.000697836 0.00387969 0.000311545 0.999994 0.0033265 0.00252505 -0.000698876 -0.00332628 0.999994 0.00048828 0.0 0.0 0.0 1.0
pumpkin/seq-03/color/frame-000002.color.png pumpkin/seq-03/color/frame-000004.color.png 1.0 4.31409e-05 0.000551811 0.00522694 -4.63043e-05 0.999984 0.0057338 0.00329291 -0.000551555 -0.00573382 0.999983 0.00339001 0.0 0.0 0.0 1.0
pumpkin/seq-03/color/frame-000003.color.png pumpkin/seq-03/color/frame-000005.color.png 0.999997 0.0022327 0.000188258 0.00791423 -0.00223415 0.999965 0.00810857 -0.00282871 -0.000170148 -0.00810897 0.999967 0.00629432 0.0 0.0 0.0 1.0
pumpkin/seq-03/color/frame-000004.color.png pumpkin/seq-03/color/frame-000006.color.png 0.999992 0.00367606 0.00125685 0.0112899 -0.00368385 0.999974 0.00625922 -0.00570175 -0.00123381 -0.0062638 0.99998 0.0075164 0.0 0.0 0.0 1.0
pumpkin/seq-03/color/frame-000005.color.png pumpkin/seq-03/color/frame-000007.color.png 0.999971 0.00220244 0.00733406 0.00200957 -0.00223725 0.999986 0.00474163 -0.0051492 -0.00732352 -0.0047579 0.999962 0.00563809 0.0 0.0 0.0 1.0
pumpkin/seq-03/color/frame-000006.color.png pumpkin/seq-03/color/frame-000008.color.png 0.99996 -0.00108713 0.00884419 -0.0086248 0.00103442 0.999982 0.00596246 -0.0104569 -0.00885051 -0.00595307 0.999943 0.00465568 0.0 0.0 0.0 1.0
pumpkin/seq-03/color/frame-000007.color.png pumpkin/seq-03/color/frame-000009.color.png 0.999998 -0.000896622 0.00174451 -0.00533497 0.00089123 0.999995 0.00308834 -0.000318198 -0.00174727 -0.00308678 0.999994 0.00481854 0.0 0.0 0.0 1.0
pumpkin/seq-03/color/frame-000008.color.png pumpkin/seq-03/color/frame-000010.color.png 0.999992 0.000976358 -0.00390629 -0.000997825 -0.000951601 0.99998 0.00633417 0.0031204 0.0039124 -0.0063304 0.999972 0.00675938 0.0 0.0 0.0 1.0
pumpkin/seq-03/color/frame-000009.color.png pumpkin/seq-03/color/frame-000011.color.png 0.999973 0.00194319 -0.00704183 0.00179536 -0.00185552 0.999921 0.0124363 -0.00343027 0.00706544 -0.0124229 0.999898 0.00848868 0.0 0.0 0.0 1.0
pumpkin/seq-03/color/frame-000010.color.png pumpkin/seq-03/color/frame-000012.color.png 0.999956 0.00232178 -0.00905252 0.00813042 -0.00218289 0.99988 0.015322 -0.00576505 0.009087 -0.0153016 0.999842 0.00963133 0.0 0.0 0.0 1.0
pumpkin/seq-03/color/frame-000011.color.png pumpkin/seq-03/color/frame-000013.color.png 0.999978 0.0011856 -0.0065781 0.0118937 -0.00108228 0.999876 0.0156887 -0.0101096 0.00659588 -0.0156812 0.999855 0.0150605 0.0 0.0 0.0 1.0
pumpkin/seq-03/color/frame-000012.color.png pumpkin/seq-03/color/frame-000014.color.png 1.0 -0.000896466 0.000190959 0.00597394 0.000894441 0.999946 0.0103401 -0.00802011 -0.000200218 -0.0103399 0.999947 0.0163365 0.0 0.0 0.0 1.0
pumpkin/seq-03/color/frame-000013.color.png pumpkin/seq-03/color/frame-000015.color.png 0.999998 -0.00197817 0.000110516 0.0109324 0.00197724 0.999967 0.00782762 -0.00869505 -0.000125997 -0.0078274 0.999969 0.0131036 0.0 0.0 0.0 1.0
pumpkin/seq-03/color/frame-000014.color.png pumpkin/seq-03/color/frame-000016.color.png 0.999999 0.00124427 0.000886718 0.0136036 -0.00124797 0.999991 0.00417999 0.00271597 -0.000881508 -0.00418109 0.999991 0.0117199 0.0 0.0 0.0 1.0
pumpkin/seq-03/color/frame-000015.color.png pumpkin/seq-03/color/frame-000017.color.png 0.999945 0.00366368 0.00984983 9.39742e-05 -0.00373476 0.999967 0.00720794 0.00495178 -0.0098231 -0.00724431 0.999926 0.0106843 0.0 0.0 0.0 1.0
pumpkin/seq-03/color/frame-000016.color.png pumpkin/seq-03/color/frame-000018.color.png 0.999948 -0.0016142 0.0100181 0.0011332 0.00146712 0.999891 0.0146714 -0.0138565 -0.0100407 -0.0146559 0.999842 0.0160995 0.0 0.0 0.0 1.0
pumpkin/seq-03/color/frame-000017.color.png pumpkin/seq-03/color/frame-000019.color.png 0.999952 -0.00581538 0.0078471 0.00637289 0.0057447 0.999943 0.00899924 -0.0106467 -0.00789899 -0.00895373 0.999929 0.0185421 0.0 0.0 0.0 1.0
pumpkin/seq-03/color/frame-000018.color.png pumpkin/seq-03/color/frame-000020.color.png 0.999968 -0.00249077 0.00766745 0.0120653 0.00246596 0.999992 0.00324435 0.00051095 -0.00767547 -0.00322533 0.999965 0.0141794 0.0 0.0 0.0 1.0
pumpkin/seq-03/color/frame-000019.color.png pumpkin/seq-03/color/frame-000021.color.png 0.999925 0.00137635 0.0121935 0.00529427 -0.00145961 0.999976 0.00682168 -0.000507938 -0.0121838 -0.00683897 0.999902 0.0118797 0.0 0.0 0.0 1.0
pumpkin/seq-03/color/frame-000020.color.png pumpkin/seq-03/color/frame-000022.color.png 0.999892 0.000732366 0.0147057 -0.00251671 -0.000941593 0.999898 0.0142258 -0.0111688 -0.0146938 -0.0142381 0.999791 0.0155604 0.0 0.0 0.0 1.0
pumpkin/seq-03/color/frame-000021.color.png pumpkin/seq-03/color/frame-000023.color.png 0.999917 -0.00116948 0.0128071 0.000116311 0.000979131 0.999889 0.0148591 -0.0134314 -0.012823 -0.0148453 0.999808 0.0220807 0.0 0.0 0.0 1.0
pumpkin/seq-03/color/frame-000022.color.png pumpkin/seq-03/color/frame-000024.color.png 0.999917 -0.00324218 0.0124613 -0.0005247 0.0030913 0.999922 0.0121084 -0.015153 -0.0124996 -0.0120689 0.999849 0.0238386 0.0 0.0 0.0 1.0
pumpkin/seq-03/color/frame-000023.color.png pumpkin/seq-03/color/frame-000025.color.png 0.999914 -0.00424398 0.0123756 -9.23015e-05 0.00411321 0.999936 0.0105737 -0.0172638 -0.0124197 -0.0105219 0.999868 0.0201394 0.0 0.0 0.0 1.0
pumpkin/seq-03/color/frame-000024.color.png pumpkin/seq-03/color/frame-000026.color.png 0.999918 -0.00514865 0.0117001 0.00390562 0.00504988 0.999951 0.00845615 -0.0107942 -0.0117431 -0.00839637 0.999896 0.0221545 0.0 0.0 0.0 1.0
pumpkin/seq-03/color/frame-000025.color.png pumpkin/seq-03/color/frame-000027.color.png 0.999898 -0.00572532 0.0131094 -0.0015801 0.00555245 0.999898 0.0131856 -0.0161112 -0.0131835 -0.0131114 0.999827 0.0192136 0.0 0.0 0.0 1.0
pumpkin/seq-03/color/frame-000026.color.png pumpkin/seq-03/color/frame-000028.color.png 0.999948 -0.00340149 0.00959263 0.0038041 0.00325509 0.999879 0.0152362 -0.0191031 -0.00964329 -0.0152042 0.999838 0.0267276 0.0 0.0 0.0 1.0
pumpkin/seq-03/color/frame-000027.color.png pumpkin/seq-03/color/frame-000029.color.png 0.999916 0.00267544 0.0127228 0.00300213 -0.00284578 0.999906 0.0133893 -0.0205444 -0.0126858 -0.0134244 0.99983 0.0255153 0.0 0.0 0.0 1.0
pumpkin/seq-03/color/frame-000028.color.png pumpkin/seq-03/color/frame-000030.color.png 0.999796 0.00138726 0.0201489 -0.00570734 -0.00159885 0.999944 0.0104891 -0.0186353 -0.0201332 -0.0105191 0.999742 0.0235395 0.0 0.0 0.0 1.0
pumpkin/seq-03/color/frame-000029.color.png pumpkin/seq-03/color/frame-000031.color.png 0.999777 -0.00457136 0.0206066 -0.00734309 0.0044497 0.999972 0.00594596 -0.00953964 -0.0206333 -0.00585295 0.99977 0.0276257 0.0 0.0 0.0 1.0
pumpkin/seq-03/color/frame-000030.color.png pumpkin/seq-03/color/frame-000032.color.png 0.999848 -0.00404996 0.0169368 -0.0117312 0.00392322 0.999964 0.00750951 -0.0101054 -0.0169667 -0.00744191 0.999828 0.0249522 0.0 0.0 0.0 1.0
pumpkin/seq-03/color/frame-000031.color.png pumpkin/seq-03/color/frame-000033.color.png 0.99988 0.0033764 0.0150862 -0.00525662 -0.00371972 0.999733 0.0227875 -0.0339618 -0.0150052 -0.0228409 0.999627 0.0381816 0.0 0.0 0.0 1.0
pumpkin/seq-03/color/frame-000032.color.png pumpkin/seq-03/color/frame-000034.color.png 0.999809 0.00855508 0.0175892 -0.0101363 -0.00901512 0.999615 0.0262441 -0.0458661 -0.0173579 -0.0263977 0.999501 0.0406556 0.0 0.0 0.0 1.0
pumpkin/seq-03/color/frame-000033.color.png pumpkin/seq-03/color/frame-000035.color.png 0.99994 0.00542028 0.00950367 -0.00196481 -0.00550498 0.999945 0.00890823 -0.0169808 -0.00945489 -0.00896003 0.999915 0.0242918 0.0 0.0 0.0 1.0
pumpkin/seq-03/color/frame-000034.color.png pumpkin/seq-03/color/frame-000036.color.png 0.999941 0.00648237 0.00872285 -0.000217166 -0.0065515 0.999947 0.0079206 -0.0120962 -0.00867103 -0.0079773 0.999931 0.0238224 0.0 0.0 0.0 1.0
pumpkin/seq-03/color/frame-000035.color.png pumpkin/seq-03/color/frame-000037.color.png 0.999928 0.00608242 0.0103848 -0.00679918 -0.00622918 0.99988 0.0141592 -0.0247089 -0.0102974 -0.0142229 0.999846 0.0260803 0.0 0.0 0.0 1.0
pumpkin/seq-03/color/frame-000036.color.png pumpkin/seq-03/color/frame-000038.color.png 0.999952 0.00374522 0.00910565 -0.00482911 -0.003856 0.999918 0.01218 -0.0257159 -0.00905929 -0.0122145 0.999884 0.0295202 0.0 0.0 0.0 1.0
pumpkin/seq-03/color/frame-000037.color.png pumpkin/seq-03/color/frame-000039.color.png 0.999943 -0.000122551 0.0106875 -0.00300903 6.4722e-05 0.999985 0.00541062 -0.0159171 -0.010688 -0.00540962 0.999928 0.0210038 0.0 0.0 0.0 1.0
pumpkin/seq-03/color/frame-000038.color.png pumpkin/seq-03/color/frame-000040.color.png 0.999934 -0.00205811 0.011273 -0.00277199 0.00199297 0.999981 0.00578587 -0.00946614 -0.0112848 -0.005763 0.99992 0.0169393 0.0 0.0 0.0 1.0
pumpkin/seq-03/color/frame-000039.color.png pumpkin/seq-03/color/frame-000041.color.png 0.999977 -0.0013348 0.006705 -6.52596e-05 0.00121655 0.999844 0.0176095 -0.0287071 -0.00672741 -0.0176009 0.999823 0.0204452 0.0 0.0 0.0 1.0
pumpkin/seq-03/color/frame-000040.color.png pumpkin/seq-03/color/frame-000042.color.png 0.99999 0.000107889 0.00456164 -0.000688717 -0.000179966 0.999875 0.0158047 -0.0237527 -0.00455934 -0.0158054 0.999865 0.0222131 0.0 0.0 0.0 1.0
pumpkin/seq-03/color/frame-000041.color.png pumpkin/seq-03/color/frame-000043.color.png 0.999992 0.00107955 0.00393574 0.000102509 -0.00114325 0.999868 0.0162184 -0.0263389 -0.0039177 -0.0162228 0.999861 0.0222388 0.0 0.0 0.0 1.0
pumpkin/seq-03/color/frame-000042.color.png pumpkin/seq-03/color/frame-000044.color.png 0.999987 0.00504895 0.00107116 0.0103569 -0.00506894 0.999796 0.0195631 -0.0392815 -0.000972161 -0.0195683 0.999808 0.0253594 0.0 0.0 0.0 1.0
pumpkin/seq-03/color/frame-000043.color.png pumpkin/seq-03/color/frame-000045.color.png 0.999923 0.0112451 0.00530697 0.00785793 -0.0112899 0.9999 0.00848671 -0.0169587 -0.00521104 -0.00854602 0.99995 0.0188496 0.0 0.0 0.0 1.0
pumpkin/seq-03/color/frame-000044.color.png pumpkin/seq-03/color/frame-000046.color.png 0.999934 0.00681817 0.00926681 -6.93463e-05 -0.0068981 0.999939 0.00862071 -0.0148512 -0.00920747 -0.00868406 0.99992 0.0186566 0.0 0.0 0.0 1.0
pumpkin/seq-03/color/frame-000045.color.png pumpkin/seq-03/color/frame-000047.color.png 0.999973 0.00362985 0.00645062 -0.00319571 -0.00372655 0.99988 0.0150447 -0.0269305 -0.00639522 -0.0150684 0.999866 0.0259572 0.0 0.0 0.0 1.0
pumpkin/seq-03/color/frame-000046.color.png pumpkin/seq-03/color/frame-000048.color.png 0.999985 0.00546962 -0.000840794 0.00927309 -0.0054584 0.999903 0.0128144 -0.0255047 0.000910798 -0.0128096 0.999918 0.0231967 0.0 0.0 0.0 1.0
pumpkin/seq-03/color/frame-000047.color.png pumpkin/seq-03/color/frame-000049.color.png 0.999981 0.00615025 -0.000717863 0.0158737 -0.0061393 0.999878 0.0143905 -0.0301265 0.000806257 -0.0143858 0.999896 0.0199521 0.0 0.0 0.0 1.0
pumpkin/seq-03/color/frame-000048.color.png pumpkin/seq-03/color/frame-000050.color.png 0.999952 0.00826708 0.00518535 0.00360882 -0.0083474 0.999843 0.0156633 -0.0293687 -0.00505508 -0.0157058 0.999864 0.0234045 0.0 0.0 0.0 1.0
pumpkin/seq-03/color/frame-000049.color.png pumpkin/seq-03/color/frame-000051.color.png 0.999979 0.00433093 0.00477915 0.00297938 -0.00439565 0.999898 0.0136188 -0.0285444 -0.00471966 -0.0136395 0.999896 0.0262261 0.0 0.0 0.0 1.0
pumpkin/seq-03/color/frame-000050.color.png pumpkin/seq-03/color/frame-000052.color.png 0.999986 0.00342255 0.00394453 0.00678402 -0.00347332 0.99991 0.0129362 -0.038193 -0.00389985 -0.0129497 0.999909 0.0283684 0.0 0.0 0.0 1.0
pumpkin/seq-03/color/frame-000051.color.png pumpkin/seq-03/color/frame-000053.color.png 0.999957 0.0079238 0.00488143 0.00981063 -0.00795922 0.999942 0.0072803 -0.033969 -0.00482347 -0.00731887 0.999962 0.025462 0.0 0.0 0.0 1.0
pumpkin/seq-03/color/frame-000052.color.png pumpkin/seq-03/color/frame-000054.color.png 0.999939 0.00927743 0.00604319 0.0141105 -0.00928087 0.999957 0.000543939 -0.0184806 -0.00603792 -0.000600018 0.999982 0.021771 0.0 0.0 0.0 1.0
pumpkin/seq-03/color/frame-000053.color.png pumpkin/seq-03/color/frame-000055.color.png 0.999929 0.00695951 0.00967292 0.00269886 -0.00697615 0.999974 0.00169013 -0.0147749 -0.00966086 -0.00175744 0.999952 0.0230166 0.0 0.0 0.0 1.0
pumpkin/seq-03/color/frame-000054.color.png pumpkin/seq-03/color/frame-000056.color.png 0.999974 0.00691637 0.00171709 0.0152288 -0.00692937 0.999946 0.00767447 -0.0229011 -0.00166389 -0.00768624 0.999969 0.0151179 0.0 0.0 0.0 1.0
pumpkin/seq-03/color/frame-000055.color.png pumpkin/seq-03/color/frame-000057.color.png 0.999868 0.0145727 0.00717414 0.0127048 -0.0146383 0.999851 0.0091834 -0.0211204 -0.00703929 -0.0092873 0.999932 0.0174214 0.0 0.0 0.0 1.0
pumpkin/seq-03/color/frame-000056.color.png pumpkin/seq-03/color/frame-000058.color.png 0.999793 0.00599135 0.01942 -0.0119341 -0.00617886 0.999935 0.00961035 -0.0222107 -0.0193611 -0.00972827 0.999765 0.0202389 0.0 0.0 0.0 1.0
pumpkin/seq-03/color/frame-000057.color.png pumpkin/seq-03/color/frame-000059.color.png 0.999898 -0.00481169 0.0134159 -0.00896733 0.00473103 0.99997 0.00603919 -0.0179757 -0.0134445 -0.00597499 0.999892 0.0205825 0.0 0.0 0.0 1.0
pumpkin/seq-03/color/frame-000058.color.png pumpkin/seq-03/color/frame-000060.color.png 0.999962 -0.00265761 0.00829405 -0.000977144 0.00258761 0.999961 0.00843978 -0.0299518 -0.00831621 -0.00841806 0.99993 0.0145777 0.0 0.0 0.0 1.0
pumpkin/seq-03/color/frame-000059.color.png pumpkin/seq-03/color/frame-000061.color.png 0.999953 -0.000123631 0.00973605 -0.00115539 5.59294e-05 0.999976 0.00695284 -0.0199904 -0.00973674 -0.00695204 0.999928 0.00907618 0.0 0.0 0.0 1.0
pumpkin/seq-03/color/frame-000060.color.png pumpkin/seq-03/color/frame-000062.color.png 0.999943 0.00451057 0.00965409 -0.00559007 -0.00456838 0.999972 0.00597381 -0.00404772 -0.00962686 -0.00601755 0.999936 0.00695968 0.0 0.0 0.0 1.0
pumpkin/seq-03/color/frame-000061.color.png pumpkin/seq-03/color/frame-000063.color.png 0.999955 0.00586232 0.00751601 -0.00300886 -0.00600408 0.999802 0.0189806 -0.0250396 -0.00740327 -0.0190248 0.999792 0.00703949 0.0 0.0 0.0 1.0
pumpkin/seq-03/color/frame-000062.color.png pumpkin/seq-03/color/frame-000064.color.png 0.999947 0.00438012 0.00931242 -0.00539972 -0.00457104 0.999778 0.0205808 -0.0246679 -0.00922018 -0.0206222 0.999745 0.0106561 0.0 0.0 0.0 1.0
pumpkin/seq-03/color/frame-000063.color.png pumpkin/seq-03/color/frame-000065.color.png 0.999964 0.000817365 0.00839282 -0.00510852 -0.000999835 0.999763 0.0217618 -0.030999 -0.00837302 -0.0217694 0.999728 0.0117595 0.0 0.0 0.0 1.0
pumpkin/seq-03/color/frame-000064.color.png pumpkin/seq-03/color/frame-000066.color.png 0.999979 -0.00274011 0.00582373 -0.000994802 0.00260936 0.999747 0.022342 -0.0401205 -0.00588345 -0.0223264 0.999733 0.0142985 0.0 0.0 0.0 1.0
pumpkin/seq-03/color/frame-000065.color.png pumpkin/seq-03/color/frame-000067.color.png 0.99998 -0.000340054 0.0063524 -0.000879563 0.00026339 0.999927 0.012062 -0.0174456 -0.00635604 -0.0120601 0.999907 0.00738031 0.0 0.0 0.0 1.0
pumpkin/seq-03/color/frame-000066.color.png pumpkin/seq-03/color/frame-000068.color.png 0.999973 0.00330261 0.00650184 0.0021311 -0.00337804 0.999927 0.0116259 -0.00890008 -0.00646299 -0.0116475 0.999911 -0.0020172 0.0 0.0 0.0 1.0
pumpkin/seq-03/color/frame-000067.color.png pumpkin/seq-03/color/frame-000069.color.png 0.999917 0.00780139 0.0102572 -0.00608535 -0.00803268 0.99971 0.0227065 -0.0238189 -0.0100771 -0.022787 0.99969 0.00336188 0.0 0.0 0.0 1.0
pumpkin/seq-03/color/frame-000068.color.png pumpkin/seq-03/color/frame-000070.color.png 0.999921 0.00449311 0.0117109 -0.0141557 -0.00477158 0.999704 0.0238601 -0.0288875 -0.0116003 -0.0239141 0.999647 0.00913739 0.0 0.0 0.0 1.0
pumpkin/seq-03/color/frame-000069.color.png pumpkin/seq-03/color/frame-000071.color.png 0.999945 -0.000852711 0.0104261 -0.0193285 0.000553416 0.999589 0.0286742 -0.0495649 -0.0104462 -0.0286669 0.999534 0.0176145 0.0 0.0 0.0 1.0
pumpkin/seq-03/color/frame-000070.color.png pumpkin/seq-03/color/frame-000072.color.png 0.999988 -0.000758401 0.00475947 -0.0120182 0.000648863 0.999736 0.0229666 -0.0376883 -0.00477565 -0.0229632 0.999725 0.0151337 0.0 0.0 0.0 1.0
pumpkin/seq-03/color/frame-000071.color.png pumpkin/seq-03/color/frame-000073.color.png 0.999998 0.00195174 0.000652728 -0.00255489 -0.00196372 0.999819 0.0189367 -0.0263797 -0.000615657 -0.018938 0.99982 0.0038085 0.0 0.0 0.0 1.0
pumpkin/seq-03/color/frame-000072.color.png pumpkin/seq-03/color/frame-000074.color.png 0.999959 0.00781109 0.00446829 -0.00414673 -0.0079259 0.999623 0.0262783 -0.0424074 -0.00426137 -0.0263127 0.999645 0.00679976 0.0 0.0 0.0 1.0
pumpkin/seq-03/color/frame-000073.color.png pumpkin/seq-03/color/frame-000075.color.png 0.999888 0.00949612 0.0115323 -0.0160292 -0.00980076 0.999597 0.0266529 -0.0499438 -0.0112746 -0.0267629 0.999578 0.0205094 0.0 0.0 0.0 1.0
pumpkin/seq-03/color/frame-000074.color.png pumpkin/seq-03/color/frame-000076.color.png 0.999945 0.00630976 0.00835745 -0.0176566 -0.00643738 0.999862 0.0153331 -0.0386567 -0.00825962 -0.0153861 0.999847 0.022091 0.0 0.0 0.0 1.0
pumpkin/seq-03/color/frame-000075.color.png pumpkin/seq-03/color/frame-000077.color.png 0.99999 0.00442169 0.00072286 -0.00395279 -0.00442278 0.999989 0.00152475 -0.0143418 -0.000716129 -0.00152787 0.999999 0.00830632 0.0 0.0 0.0 1.0
pumpkin/seq-03/color/frame-000076.color.png pumpkin/seq-03/color/frame-000078.color.png 0.999938 0.0111195 0.000273416 0.00125696 -0.0111212 0.999908 0.00775305 -0.0161091 -0.000187054 -0.00775561 0.99997 -0.00142807 0.0 0.0 0.0 1.0
pumpkin/seq-03/color/frame-000077.color.png pumpkin/seq-03/color/frame-000079.color.png 0.999859 0.0156743 0.00603936 -0.00963616 -0.0158114 0.999602 0.0233567 -0.0376473 -0.00567087 -0.0234489 0.999709 0.00432193 0.0 0.0 0.0 1.0
pumpkin/seq-03/color/frame-000078.color.png pumpkin/seq-03/color/frame-000080.color.png 0.999898 0.01226 0.00735649 -0.0201154 -0.0124237 0.999667 0.0226319 -0.040486 -0.00707662 -0.022721 0.999717 0.0161161 0.0 0.0 0.0 1.0
pumpkin/seq-03/color/frame-000079.color.png pumpkin/seq-03/color/frame-000081.color.png 0.999959 0.00900756 0.000138116 -0.013083 -0.00900851 0.999885 0.0121981 -0.0350141 -2.81676e-05 -0.0121988 0.999926 0.0175081 0.0 0.0 0.0 1.0
pumpkin/seq-03/color/frame-000080.color.png pumpkin/seq-03/color/frame-000082.color.png 0.999938 0.00969702 -0.00547284 0.000776 -0.00966243 0.999933 0.00631672 -0.0277159 0.0055337 -0.00626345 0.999965 0.00638855 0.0 0.0 0.0 1.0
pumpkin/seq-03/color/frame-000081.color.png pumpkin/seq-03/color/frame-000083.color.png 0.999883 0.0151089 -0.00250595 -9.25045e-05 -0.0150739 0.999796 0.0134314 -0.027576 0.00270833 -0.0133922 0.999907 -0.00206745 0.0 0.0 0.0 1.0
pumpkin/seq-03/color/frame-000082.color.png pumpkin/seq-03/color/frame-000084.color.png 0.999852 0.0169736 0.0027744 -0.00852223 -0.017039 0.999527 0.0256071 -0.0467315 -0.00233845 -0.0256506 0.999668 0.00661975 0.0 0.0 0.0 1.0
pumpkin/seq-03/color/frame-000083.color.png pumpkin/seq-03/color/frame-000085.color.png 0.999877 0.0153576 0.00306362 -0.0097653 -0.015419 0.999658 0.0211091 -0.044275 -0.00273843 -0.0211537 0.999772 0.0112616 0.0 0.0 0.0 1.0
pumpkin/seq-03/color/frame-000084.color.png pumpkin/seq-03/color/frame-000086.color.png 0.999902 0.0138616 0.00214738 -0.015998 -0.0138828 0.999852 0.0101887 -0.0237601 -0.00200583 -0.0102176 0.999946 0.00801259 0.0 0.0 0.0 1.0
pumpkin/seq-03/color/frame-000085.color.png pumpkin/seq-03/color/frame-000087.color.png 0.999922 0.0113352 -0.00519089 -0.00392563 -0.0112788 0.999878 0.0107675 -0.0250083 0.00531235 -0.0107081 0.999929 0.00573474 0.0 0.0 0.0 1.0
pumpkin/seq-03/color/frame-000086.color.png pumpkin/seq-03/color/frame-000088.color.png 0.999883 0.0134456 -0.00733986 3.34112e-05 -0.013364 0.999849 0.0110688 -0.0266552 0.00748752 -0.0109695 0.999912 0.00804186 0.0 0.0 0.0 1.0
pumpkin/seq-03/color/frame-000087.color.png pumpkin/seq-03/color/frame-000089.color.png 0.999896 0.0136869 -0.00460095 -0.00667123 -0.0136418 0.99986 0.00970088 -0.0256163 0.00473307 -0.00963711 0.999942 0.00997382 0.0 0.0 0.0 1.0
pumpkin/seq-03/color/frame-000088.color.png pumpkin/seq-03/color/frame-000090.color.png 0.99992 0.0102246 -0.0074653 0.00261331 -0.0101989 0.999942 0.00346175 -0.0160031 0.00750035 -0.00338525 0.999966 0.00385869 0.0 0.0 0.0 1.0
pumpkin/seq-03/color/frame-000089.color.png pumpkin/seq-03/color/frame-000091.color.png 0.999898 0.0126646 -0.00663648 -0.00294401 -0.0126193 0.999897 0.00682315 -0.0219371 0.0067222 -0.00673867 0.999955 0.0103155 0.0 0.0 0.0 1.0
pumpkin/seq-03/color/frame-000090.color.png pumpkin/seq-03/color/frame-000092.color.png 0.999872 0.0134041 -0.00879572 0.000967212 -0.0133631 0.9999 0.00471367 -0.0134098 0.00885796 -0.0045956 0.99995 0.00408864 0.0 0.0 0.0 1.0
pumpkin/seq-03/color/frame-000091.color.png pumpkin/seq-03/color/frame-000093.color.png 0.999928 0.00866024 -0.00834963 0.000112746 -0.00863086 0.999957 0.00353758 -0.00402701 0.00837996 -0.00346525 0.999959 -0.0107901 0.0 0.0 0.0 1.0
pumpkin/seq-03/color/frame-000092.color.png pumpkin/seq-03/color/frame-000094.color.png 0.999941 0.00805976 -0.00733647 -0.00567453 -0.00791898 0.999788 0.0190123 -0.0304351 0.00748821 -0.018953 0.999792 -0.00062114 0.0 0.0 0.0 1.0
pumpkin/seq-03/color/frame-000093.color.png pumpkin/seq-03/color/frame-000095.color.png 0.999913 0.0111875 -0.0069601 -0.00734419 -0.0110609 0.999777 0.0179822 -0.0293017 0.00715968 -0.0179036 0.999814 0.0100317 0.0 0.0 0.0 1.0
pumpkin/seq-03/color/frame-000094.color.png pumpkin/seq-03/color/frame-000096.color.png 0.999941 0.00901631 -0.00606326 -0.00745162 -0.0089123 0.999816 0.0169667 -0.0334612 0.0062151 -0.0169117 0.999838 0.00512862 0.0 0.0 0.0 1.0
pumpkin/seq-03/color/frame-000095.color.png pumpkin/seq-03/color/frame-000097.color.png 0.999928 0.00879577 -0.00813412 0.00316973 -0.00867501 0.999853 0.0147658 -0.0234292 0.0082628 -0.0146941 0.999858 -0.012141 0.0 0.0 0.0 1.0
pumpkin/seq-03/color/frame-000096.color.png pumpkin/seq-03/color/frame-000098.color.png 0.99996 0.00722985 -0.00523929 -0.0015059 -0.00712775 0.999789 0.0192574 -0.0287923 0.00537736 -0.0192193 0.999801 -0.00563514 0.0 0.0 0.0 1.0
pumpkin/seq-03/color/frame-000097.color.png pumpkin/seq-03/color/frame-000099.color.png 0.999975 0.000351239 -0.00704689 -0.00141153 -0.000270678 0.999935 0.011428 -0.0192035 0.00705048 -0.0114258 0.99991 -0.00117874 0.0 0.0 0.0 1.0
pumpkin/seq-03/color/frame-000098.color.png pumpkin/seq-03/color/frame-000100.color.png 0.999951 9.73512e-05 -0.00986172 -0.00572707 -6.61416e-05 0.999995 0.00315615 -0.00305128 0.009862 -0.00315533 0.999946 -0.00586545 0.0 0.0 0.0 1.0
pumpkin/seq-03/color/frame-000099.color.png pumpkin/seq-03/color/frame-000101.color.png 0.999849 -0.00364972 -0.0169697 0.00670275 0.00383722 0.999932 0.0110273 -0.0197972 0.0169282 -0.0110909 0.999795 -0.00696266 0.0 0.0 0.0 1.0
pumpkin/seq-03/color/frame-000100.color.png pumpkin/seq-03/color/frame-000102.color.png 0.999852 0.00445408 -0.0165856 0.0105698 -0.00430315 0.999949 0.00912494 -0.0113531 0.0166254 -0.0090522 0.999821 -0.00382227 0.0 0.0 0.0 1.0
pumpkin/seq-03/color/frame-000101.color.png pumpkin/seq-03/color/frame-000103.color.png 0.999812 0.0120059 -0.0152198 0.0141532 -0.0118859 0.999898 0.00794849 -0.0056864 0.0153137 -0.00776597 0.999853 -0.0148778 0.0 0.0 0.0 1.0
pumpkin/seq-03/color/frame-000102.color.png pumpkin/seq-03/color/frame-000104.color.png 0.999889 0.00956234 -0.0113838 0.00754865 -0.00939418 0.999847 0.0147371 -0.0156136 0.0115229 -0.0146286 0.999827 -0.0166135 0.0 0.0 0.0 1.0
pumpkin/seq-03/color/frame-000103.color.png pumpkin/seq-03/color/frame-000105.color.png 0.999927 0.000460306 -0.0120415 0.0010263 -0.000258942 0.99986 0.0167182 -0.0196722 0.0120475 -0.016714 0.999788 -0.00186312 0.0 0.0 0.0 1.0
pumpkin/seq-03/color/frame-000104.color.png pumpkin/seq-03/color/frame-000106.color.png 0.999698 0.00297817 -0.0243989 0.0188612 -0.0026913 0.999927 0.0117801 -0.0201848 0.0244322 -0.0117109 0.999633 -0.0017879 0.0 0.0 0.0 1.0
pumpkin/seq-03/color/frame-000105.color.png pumpkin/seq-03/color/frame-000107.color.png 0.999613 0.0170386 -0.0219973 0.0122674 -0.0170376 0.999855 0.000234632 0.00904816 0.0219981 0.00014024 0.999758 -0.00188357 0.0 0.0 0.0 1.0
pumpkin/seq-03/color/frame-000106.color.png pumpkin/seq-03/color/frame-000108.color.png 0.999814 0.00720323 -0.0178764 0.0126513 -0.00712763 0.999965 0.00429193 -0.00758535 0.0179067 -0.00416377 0.999831 -0.00374132 0.0 0.0 0.0 1.0
pumpkin/seq-03/color/frame-000107.color.png pumpkin/seq-03/color/frame-000109.color.png 0.999844 0.00415229 -0.0171709 0.0133 -0.00407509 0.999981 0.00452893 -0.0158197 0.0171894 -0.00445832 0.999842 -0.00275439 0.0 0.0 0.0 1.0
pumpkin/seq-03/color/frame-000108.color.png pumpkin/seq-03/color/frame-000110.color.png 0.99985 0.00283171 -0.0171097 0.00980364 -0.00290758 0.999986 -0.0044139 0.0034762 0.0170971 0.00446296 0.999844 -0.00263637 0.0 0.0 0.0 1.0
pumpkin/seq-03/color/frame-000109.color.png pumpkin/seq-03/color/frame-000111.color.png 0.999848 -0.000598339 -0.0174138 0.00696689 0.00039544 0.999932 -0.0116521 0.0198121 0.0174196 0.0116435 0.99978 -0.00882286 0.0 0.0 0.0 1.0
pumpkin/seq-03/color/frame-000110.color.png pumpkin/seq-03/color/frame-000112.color.png 0.999682 -0.00263328 -0.0250656 0.026832 0.00249447 0.999981 -0.00556942 0.00697881 0.0250798 0.00550525 0.99967 -0.00871706 0.0 0.0 0.0 1.0
pumpkin/seq-03/color/frame-000111.color.png pumpkin/seq-03/color/frame-000113.color.png 0.999566 -0.00406216 -0.0291768 0.0418451 0.00389539 0.999976 -0.00577106 0.00340223 0.0291996 0.00565502 0.999558 0.00600791 0.0 0.0 0.0 1.0
pumpkin/seq-03/color/frame-000112.color.png pumpkin/seq-03/color/frame-000114.color.png 0.999886 0.00448777 -0.0144047 0.000385657 -0.00485173 0.999667 -0.0253258 0.0363535 0.0142862 0.0253926 0.999575 0.00367922 0.0 0.0 0.0 1.0
pumpkin/seq-03/color/frame-000113.color.png pumpkin/seq-03/color/frame-000115.color.png 0.999914 -0.000138952 -0.0130884 -0.00897875 -0.000246305 0.999567 -0.0294332 0.0457464 0.0130868 0.0294337 0.999481 -0.00431484 0.0 0.0 0.0 1.0
pumpkin/seq-03/color/frame-000114.color.png pumpkin/seq-03/color/frame-000116.color.png 0.999573 -0.0190357 -0.0221824 0.00954096 0.0185483 0.999586 -0.0219763 0.0239288 0.0225916 0.0215556 0.999512 0.0140187 0.0 0.0 0.0 1.0
pumpkin/seq-03/color/frame-000115.color.png pumpkin/seq-03/color/frame-000117.color.png 0.999581 -0.0117814 -0.0264299 0.0167277 0.0109742 0.999475 -0.0304779 0.0311577 0.0267751 0.0301752 0.999186 0.00930542 0.0 0.0 0.0 1.0
pumpkin/seq-03/color/frame-000116.color.png pumpkin/seq-03/color/frame-000118.color.png 0.999157 -0.0120617 -0.0392422 0.049509 0.0103456 0.998994 -0.0436434 0.0581046 0.0397291 0.0432005 0.998276 -0.0101904 0.0 0.0 0.0 1.0
pumpkin/seq-03/color/frame-000117.color.png pumpkin/seq-03/color/frame-000119.color.png 0.999425 -0.00827282 -0.032895 0.0330566 0.00714808 0.999391 -0.0341652 0.0444667 0.0331575 0.0339103 0.998875 -0.00535643 0.0 0.0 0.0 1.0
pumpkin/seq-03/color/frame-000118.color.png pumpkin/seq-03/color/frame-000120.color.png 0.999602 0.00154581 -0.0281796 0.0264246 -0.00250188 0.999421 -0.0339239 0.0568061 0.0281109 0.0339809 0.999027 -0.00776184 0.0 0.0 0.0 1.0
pumpkin/seq-03/color/frame-000119.color.png pumpkin/seq-03/color/frame-000121.color.png 0.9996 -0.00231952 -0.0281829 0.0326322 0.00179021 0.999822 -0.0187912 0.0243926 0.0282215 0.0187332 0.999426 -0.0182236 0.0 0.0 0.0 1.0
pumpkin/seq-03/color/frame-000120.color.png pumpkin/seq-03/color/frame-000122.color.png 0.999853 0.000911821 -0.0171412 0.00871924 -0.00106876 0.999958 -0.00914923 0.00789165 0.0171321 0.00916613 0.999811 -0.0096122 0.0 0.0 0.0 1.0
pumpkin/seq-03/color/frame-000121.color.png pumpkin/seq-03/color/frame-000123.color.png 0.99979 -0.00332252 -0.0202201 0.0122866 0.00289941 0.999777 -0.0209193 0.0320669 0.0202852 0.0208563 0.999577 -0.00266784 0.0 0.0 0.0 1.0
pumpkin/seq-03/color/frame-000122.color.png pumpkin/seq-03/color/frame-000124.color.png 0.999474 -0.00604743 -0.0318565 0.0399834 0.00510113 0.999546 -0.0297014 0.047673 0.0320217 0.0295234 0.999051 -0.0119862 0.0 0.0 0.0 1.0
pumpkin/seq-03/color/frame-000123.color.png pumpkin/seq-03/color/frame-000125.color.png 0.999552 -0.00217103 -0.0298533 0.03693 0.00170975 0.999879 -0.0154672 0.0121669 0.0298833 0.0154092 0.999435 -0.0082891 0.0 0.0 0.0 1.0
pumpkin/seq-03/color/frame-000124.color.png pumpkin/seq-03/color/frame-000126.color.png 0.999955 0.000540075 -0.00952806 0.00602327 -0.000638514 0.999946 -0.0103258 0.0155073 0.00952199 0.0103315 0.999901 0.00104707 0.0 0.0 0.0 1.0
pumpkin/seq-03/color/frame-000125.color.png pumpkin/seq-03/color/frame-000127.color.png 0.99997 0.00106338 -0.00771582 0.00366843 -0.00120482 0.999831 -0.0183465 0.030203 0.00769501 0.0183553 0.999802 0.00173169 0.0 0.0 0.0 1.0
pumpkin/seq-03/color/frame-000126.color.png pumpkin/seq-03/color/frame-000128.color.png 0.999765 -0.000435142 -0.0216617 0.0250587 -0.000223388 0.999538 -0.0303909 0.0431951 0.021665 0.0303885 0.999303 -0.0127044 0.0 0.0 0.0 1.0
pumpkin/seq-03/color/frame-000127.color.png pumpkin/seq-03/color/frame-000129.color.png 0.999696 -0.00624809 -0.0238335 0.0264549 0.00567577 0.999696 -0.0240066 0.036646 0.0239763 0.023864 0.999428 -0.0222735 0.0 0.0 0.0 1.0
pumpkin/seq-03/color/frame-000128.color.png pumpkin/seq-03/color/frame-000130.color.png 0.999769 -0.0105723 -0.0187383 0.00199983 0.0104121 0.999909 -0.00862724 0.000503421 0.0188278 0.00843011 0.999787 -0.00384647 0.0 0.0 0.0 1.0
pumpkin/seq-03/color/frame-000129.color.png pumpkin/seq-03/color/frame-000131.color.png 0.999982 -0.000312325 -0.00607626 -0.00866728 0.000288874 0.999992 -0.00385973 0.000846267 0.00607741 0.00385786 0.999974 0.00371093 0.0 0.0 0.0 1.0
pumpkin/seq-03/color/frame-000130.color.png pumpkin/seq-03/color/frame-000132.color.png 0.999937 0.000191488 -0.0112117 0.00890896 -0.000394735 0.999835 -0.0181331 0.0360373 0.0112064 0.0181364 0.999773 0.000410259 0.0 0.0 0.0 1.0
pumpkin/seq-03/color/frame-000131.color.png pumpkin/seq-03/color/frame-000133.color.png 0.999579 -0.0117235 -0.0265332 0.0300407 0.0111964 0.999739 -0.0199295 0.0224613 0.0267599 0.019624 0.999449 -0.0137587 0.0 0.0 0.0 1.0
pumpkin/seq-03/color/frame-000132.color.png pumpkin/seq-03/color/frame-000134.color.png 0.999573 -0.0182648 -0.0228145 0.0237735 0.0177539 0.999591 -0.0224013 0.0357576 0.0232143 0.0219867 0.999489 -0.00717759 0.0 0.0 0.0 1.0
pumpkin/seq-03/color/frame-000133.color.png pumpkin/seq-03/color/frame-000135.color.png 0.999717 -0.0201065 -0.0126828 -0.0119419 0.0198163 0.999548 -0.0226055 0.0268507 0.0131315 0.0223477 0.999664 0.00197357 0.0 0.0 0.0 1.0
pumpkin/seq-03/color/frame-000134.color.png pumpkin/seq-03/color/frame-000136.color.png 0.999438 -0.0236464 -0.0237815 0.0147098 0.0230016 0.99937 -0.0270302 0.0312954 0.0244057 0.0264679 0.999352 -0.00350988 0.0 0.0 0.0 1.0
pumpkin/seq-03/color/frame-000135.color.png pumpkin/seq-03/color/frame-000137.color.png 0.999918 -0.00659791 -0.010985 0.00480978 0.00649103 0.999932 -0.00973457 0.00952768 0.0110485 0.00966255 0.999892 -0.00423706 0.0 0.0 0.0 1.0
pumpkin/seq-03/color/frame-000136.color.png pumpkin/seq-03/color/frame-000138.color.png 0.999973 -0.00559604 -0.00485006 -0.0160835 0.00554945 0.999939 -0.00957095 0.0141258 0.0049033 0.00954378 0.999942 0.00610328 0.0 0.0 0.0 1.0
pumpkin/seq-03/color/frame-000137.color.png pumpkin/seq-03/color/frame-000139.color.png 0.999508 -0.0213097 -0.0230205 0.00999464 0.0206 0.999318 -0.030642 0.0413566 0.0236578 0.0301527 0.999265 0.0103467 0.0 0.0 0.0 1.0
pumpkin/seq-03/color/frame-000138.color.png pumpkin/seq-03/color/frame-000140.color.png 0.9997 -0.0158653 -0.0186781 0.0128223 0.0152683 0.999381 -0.0316792 0.0257838 0.0191692 0.0313844 0.999324 0.00238359 0.0 0.0 0.0 1.0
pumpkin/seq-03/color/frame-000139.color.png pumpkin/seq-03/color/frame-000141.color.png 0.99981 -0.0150085 -0.0124347 0.00609152 0.0147218 0.999631 -0.0228276 0.00968677 0.0127727 0.0226402 0.999662 -0.00523889 0.0 0.0 0.0 1.0
pumpkin/seq-03/color/frame-000140.color.png pumpkin/seq-03/color/frame-000142.color.png 0.999745 -0.019317 -0.0117211 0.00109958 0.0189642 0.999385 -0.0294972 0.033815 0.0122836 0.0292674 0.999496 -0.00316268 0.0 0.0 0.0 1.0
pumpkin/seq-03/color/frame-000141.color.png pumpkin/seq-03/color/frame-000143.color.png 0.999791 -0.0174272 -0.0106497 -0.00293653 0.0169824 0.999035 -0.0405092 0.0568292 0.0113454 0.0403199 0.999122 0.00318724 0.0 0.0 0.0 1.0
pumpkin/seq-03/color/frame-000142.color.png pumpkin/seq-03/color/frame-000144.color.png 0.999896 -0.0139968 -0.00349033 -0.00972114 0.013895 0.999521 -0.0276658 0.0231463 0.00387593 0.0276144 0.999611 -0.00294501 0.0 0.0 0.0 1.0
pumpkin/seq-03/color/frame-000143.color.png pumpkin/seq-03/color/frame-000145.color.png 0.999892 -0.013854 -0.00484146 -0.00256817 0.0137299 0.999598 -0.0247892 0.015924 0.00518297 0.02472 0.999681 -0.00524938 0.0 0.0 0.0 1.0
pumpkin/seq-03/color/frame-000144.color.png pumpkin/seq-03/color/frame-000146.color.png 0.999811 -0.016165 -0.0108395 0.0109781 0.0160422 0.999807 -0.0113167 -0.0166672 0.0110203 0.0111407 0.999877 -0.0138677 0.0 0.0 0.0 1.0
pumpkin/seq-03/color/frame-000145.color.png pumpkin/seq-03/color/frame-000147.color.png 0.999944 -0.0084655 -0.00635293 0.00739263 0.00835105 0.999806 -0.01783 0.0273716 0.00650265 0.0177759 0.999821 -0.000763267 0.0 0.0 0.0 1.0
pumpkin/seq-03/color/frame-000146.color.png pumpkin/seq-03/color/frame-000148.color.png 0.999986 -0.00533818 0.000600812 -0.00882678 0.0053453 0.999906 -0.0126343 0.0136247 -0.000533293 0.0126373 0.99992 -0.00694811 0.0 0.0 0.0 1.0
pumpkin/seq-03/color/frame-000147.color.png pumpkin/seq-03/color/frame-000149.color.png 0.999924 -0.012319 0.000295936 -0.0138934 0.0123226 0.999631 -0.0242121 0.0158867 2.43307e-06 0.0242139 0.999707 -0.00232789 0.0 0.0 0.0 1.0
pumpkin/seq-03/color/frame-000148.color.png pumpkin/seq-03/color/frame-000150.color.png 0.99988 -0.0154997 0.000165074 -0.0150557 0.0154964 0.999301 -0.0340186 0.0322276 0.000362345 0.034017 0.999421 0.00100791 0.0 0.0 0.0 1.0
pumpkin/seq-03/color/frame-000149.color.png pumpkin/seq-03/color/frame-000151.color.png 0.999827 -0.0172678 -0.00689445 0.00370335 0.0169993 0.999161 -0.0372595 0.0490556 0.00753206 0.0371359 0.999282 -0.00336292 0.0 0.0 0.0 1.0
pumpkin/seq-03/color/frame-000150.color.png pumpkin/seq-03/color/frame-000152.color.png 0.999828 -0.0133517 -0.0128602 0.0188392 0.0130201 0.999589 -0.0255324 0.0312093 0.0131958 0.0253606 0.999591 -0.00533268 0.0 0.0 0.0 1.0
pumpkin/seq-03/color/frame-000151.color.png pumpkin/seq-03/color/frame-000153.color.png 0.999958 -0.00841857 -0.00367113 -0.00736335 0.00834509 0.999773 -0.01959 0.00437787 0.00383523 0.0195586 0.999801 -0.000603974 0.0 0.0 0.0 1.0
pumpkin/seq-03/color/frame-000152.color.png pumpkin/seq-03/color/frame-000154.color.png 0.999955 -0.00890477 -0.00315284 0.00015777 0.0088142 0.999578 -0.0276658 0.023827 0.00339783 0.0276368 0.999612 -0.00547397 0.0 0.0 0.0 1.0
pumpkin/seq-03/color/frame-000153.color.png pumpkin/seq-03/color/frame-000155.color.png 0.99998 -0.00441173 -0.00440464 0.00243983 0.00433122 0.999826 -0.0181365 0.0227408 0.00448387 0.0181171 0.999826 -0.00884432 0.0 0.0 0.0 1.0
pumpkin/seq-03/color/frame-000154.color.png pumpkin/seq-03/color/frame-000156.color.png 0.999969 -0.00746392 -0.00251859 -0.0193569 0.00743995 0.999928 -0.00938763 -0.000202715 0.00258852 0.0093686 0.999953 -0.0111316 0.0 0.0 0.0 1.0
pumpkin/seq-03/color/frame-000155.color.png pumpkin/seq-03/color/frame-000157.color.png 0.999855 -0.0105879 -0.0133336 0.00538917 0.0102823 0.999688 -0.0227781 0.0187862 0.0135706 0.0226377 0.999652 -0.00208473 0.0 0.0 0.0 1.0
pumpkin/seq-03/color/frame-000156.color.png pumpkin/seq-03/color/frame-000158.color.png 0.999923 -0.00405209 -0.0117152 0.0136355 0.00373963 0.99964 -0.0265668 0.0468917 0.0118186 0.0265209 0.999578 0.00358298 0.0 0.0 0.0 1.0
pumpkin/seq-03/color/frame-000157.color.png pumpkin/seq-03/color/frame-000159.color.png 0.999966 -0.00613007 -0.00545214 -0.00271897 0.00608548 0.999948 -0.00815553 0.0105038 0.00550183 0.00812208 0.999952 -0.0123801 0.0 0.0 0.0 1.0
pumpkin/seq-03/color/frame-000158.color.png pumpkin/seq-03/color/frame-000160.color.png 0.999895 -0.0118397 -0.00837488 -0.00689853 0.0117892 0.999912 -0.00606444 -0.01617 0.00844593 0.00596507 0.999946 -0.0167274 0.0 0.0 0.0 1.0
pumpkin/seq-03/color/frame-000159.color.png pumpkin/seq-03/color/frame-000161.color.png 0.999909 -0.0118524 -0.00636611 -0.0186639 0.0117127 0.999699 -0.0215479 0.0267285 0.00661959 0.0214713 0.999748 -0.00691238 0.0 0.0 0.0 1.0
pumpkin/seq-03/color/frame-000160.color.png pumpkin/seq-03/color/frame-000162.color.png 0.999933 -0.0016143 -0.0114526 0.000628911 0.00142608 0.999864 -0.0164195 0.0368491 0.0114775 0.0164021 0.9998 -0.00297076 0.0 0.0 0.0 1.0
pumpkin/seq-03/color/frame-000161.color.png pumpkin/seq-03/color/frame-000163.color.png 0.999917 -0.000560518 -0.0128822 0.00500808 0.000513498 0.999993 -0.00365633 0.00503144 0.0128842 0.00364942 0.99991 -0.00876522 0.0 0.0 0.0 1.0
pumpkin/seq-03/color/frame-000162.color.png pumpkin/seq-03/color/frame-000164.color.png 0.99993 -0.0054222 -0.0105135 -0.00654689 0.00536486 0.999971 -0.00547574 0.00622547 0.0105429 0.00541896 0.99993 -0.0157968 0.0 0.0 0.0 1.0
pumpkin/seq-03/color/frame-000163.color.png pumpkin/seq-03/color/frame-000165.color.png 0.999905 -0.00391254 -0.0131956 0.000774898 0.00388583 0.99999 -0.00204661 0.00839949 0.0132035 0.00199513 0.999911 -0.0193495 0.0 0.0 0.0 1.0
pumpkin/seq-03/color/frame-000164.color.png pumpkin/seq-03/color/frame-000166.color.png 0.999949 0.000806382 -0.0100937 -0.00633858 -0.000894932 0.999961 -0.00877093 0.0400592 0.0100862 0.00877951 0.999911 -0.00958848 0.0 0.0 0.0 1.0
pumpkin/seq-03/color/frame-000165.color.png pumpkin/seq-03/color/frame-000167.color.png 0.999912 0.00049858 -0.0132853 -0.00381713 -0.000528919 0.999997 -0.0022821 0.0217192 0.0132842 0.00228892 0.999909 -0.0130962 0.0 0.0 0.0 1.0
pumpkin/seq-03/color/frame-000166.color.png pumpkin/seq-03/color/frame-000168.color.png 0.999786 0.00161503 -0.0206355 0.00556883 -0.00156426 0.999996 0.00247661 0.004812 0.0206394 -0.00244379 0.999784 -0.0131471 0.0 0.0 0.0 1.0
pumpkin/seq-03/color/frame-000167.color.png pumpkin/seq-03/color/frame-000169.color.png 0.999832 0.00671371 -0.0170545 0.000683278 -0.00670963 0.999977 0.000293914 0.00770116 0.0170561 -0.000179425 0.999854 -0.0118051 0.0 0.0 0.0 1.0
pumpkin/seq-03/color/frame-000168.color.png pumpkin/seq-03/color/frame-000170.color.png 0.999906 0.00705774 -0.0117408 0.00354781 -0.00710203 0.999968 -0.00373407 0.0225186 0.0117141 0.0038171 0.999924 -0.0103405 0.0 0.0 0.0 1.0
pumpkin/seq-03/color/frame-000169.color.png pumpkin/seq-03/color/frame-000171.color.png 0.999966 0.00112413 -0.00818694 -0.00282398 -0.00115388 0.999993 -0.00362268 0.0357695 0.00818281 0.003632 0.99996 -0.0166962 0.0 0.0 0.0 1.0
pumpkin/seq-03/color/frame-000170.color.png pumpkin/seq-03/color/frame-000172.color.png 0.999899 0.00219963 -0.0140325 -0.00133751 -0.00201828 0.999915 0.0129229 -0.00185928 0.0140597 -0.0128933 0.999818 -0.0239439 0.0 0.0 0.0 1.0
pumpkin/seq-03/color/frame-000171.color.png pumpkin/seq-03/color/frame-000173.color.png 0.999662 0.00449583 -0.0256052 0.00925755 -0.00409732 0.99987 0.0155934 -0.0184372 0.025672 -0.0154832 0.999551 -0.00857207 0.0 0.0 0.0 1.0
pumpkin/seq-03/color/frame-000172.color.png pumpkin/seq-03/color/frame-000174.color.png 0.99967 0.00353109 -0.0254278 0.0055643 -0.00338783 0.999978 0.00567595 0.00206053 0.0254472 -0.00558794 0.999661 -0.00281015 0.0 0.0 0.0 1.0
pumpkin/seq-03/color/frame-000173.color.png pumpkin/seq-03/color/frame-000175.color.png 0.999931 0.00295919 -0.0113388 -0.0178201 -0.00297717 0.999994 -0.00156656 0.0226628 0.0113341 0.00160021 0.999934 -0.0200495 0.0 0.0 0.0 1.0
