pumpkin/seq-03/color/frame-000000.color.png pumpkin/seq-03/color/frame-000001.color.png 1.0 0.00045918 -0.000427514 0.00370964 -0.000458555 0.999999 0.00146187 0.00347558 0.000428185 -0.00146167 0.999999 0.00151224 0.0 0.0 0.0 1.0
pumpkin/seq-03/color/frame-000001.color.png pumpkin/seq-03/color/frame-000002.color.png 1.0 -0.000289717 0.000211088 0.00201238 0.000289486 0.999999 0.00109415 0.00135752 -0.000211404 -0.00109409 0.999999 0.000235401 0.0 0.0 0.0 1.0
pumpkin/seq-03/color/frame-000002.color.png pumpkin/seq-03/color/frame-000003.color.png 1.0 -4.39186e-05 0.000753006 0.00123971 4.22342e-05 0.999998 0.00223678 0.00126525 -0.000753102 -0.00223675 0.999997 0.000451022 0.0 0.0 0.0 1.0
pumpkin/seq-03/color/frame-000003.color.png pumpkin/seq-03/color/frame-000004.color.png 1.0 0.000541917 4.6377e-05 0.00307334 -0.000542076 0.999994 0.00350171 0.00180664 -4.44791e-05 -0.00350174 0.999994 0.00257627 0.0 0.0 0.0 1.0
pumpkin/seq-03/color/frame-000004.color.png pumpkin/seq-03/color/frame-000005.color.png 0.999999 0.00145702 -0.000450392 0.00596916 -0.00145466 0.999985 0.00520249 -0.00622511 0.000457966 -0.00520183 0.999986 0.00326636 0.0 0.0 0.0 1.0
pumpkin/seq-03/color/frame-000005.color.png pumpkin/seq-03/color/frame-000006.color.png 0.999998 0.00171466 0.00136835 0.00621138 -0.00171558 0.999998 0.000664904 0.00161827 -0.00136721 -0.00066725 0.999999 0.00466395 0.0 0.0 0.0 1.0
pumpkin/seq-03/color/frame-000006.color.png pumpkin/seq-03/color/frame-000007.color.png 0.999984 2.9518e-05 0.00561339 -0.00320995 -4.73116e-05 0.999995 0.00316984 -0.00460626 -0.00561327 -0.00317006 0.999979 0.00232845 0.0 0.0 0.0 1.0
pumpkin/seq-03/color/frame-000007.color.png pumpkin/seq-03/color/frame-000008.color.png 0.999993 -0.000775188 0.00360877 -0.00648735 0.000765119 0.999996 0.00279048 -0.00559193 -0.00361091 -0.0027877 0.99999 0.00194184 0.0 0.0 0.0 1.0
pumpkin/seq-03/color/frame-000008.color.png pumpkin/seq-03/color/frame-000009.color.png 1.0 0.000536564 -0.000693851 -0.0015391 -0.00053538 0.999998 0.00170533 0.00161402 0.000694763 -0.00170497 0.999998 0.00156568 0.0 0.0 0.0 1.0
pumpkin/seq-03/color/frame-000009.color.png pumpkin/seq-03/color/frame-000010.color.png 0.999992 -8.39753e-05 -0.00391462 0.0022887 0.000103576 0.999987 0.00500708 0.000220656 0.00391415 -0.00500744 0.99998 0.00477428 0.0 0.0 0.0 1.0
pumpkin/seq-03/color/frame-000010.color.png pumpkin/seq-03/color/frame-000011.color.png 0.999993 0.00143548 -0.00355865 0.00054701 -0.00141038 0.999974 0.00704608 -0.00221523 0.00356868 -0.00704101 0.999969 0.0039082 0.0 0.0 0.0 1.0
pumpkin/seq-03/color/frame-000011.color.png pumpkin/seq-03/color/frame-000012.color.png 0.999989 0.00162644 -0.00442945 0.00510499 -0.00159066 0.999966 0.00806896 -0.00313672 0.00444242 -0.00806184 0.999958 0.00630671 0.0 0.0 0.0 1.0
pumpkin/seq-03/color/frame-000012.color.png pumpkin/seq-03/color/frame-000013.color.png 0.999993 -0.000445955 -0.0036765 0.00983081 0.000470166 0.999978 0.00658689 -0.0051353 0.00367349 -0.00658858 0.999972 0.00947988 0.0 0.0 0.0 1.0
pumpkin/seq-03/color/frame-000013.color.png pumpkin/seq-03/color/frame-000014.color.png 0.999994 -0.00109367 0.00320733 -0.0024317 0.00108034 0.999991 0.00415686 -0.00380622 -0.00321184 -0.00415336 0.999986 0.00605096 0.0 0.0 0.0 1.0
pumpkin/seq-03/color/frame-000014.color.png pumpkin/seq-03/color/frame-000015.color.png 0.999999 -0.000755179 -0.00150442 0.00968857 0.000759568 0.999995 0.00291995 -0.0028972 0.00150221 -0.00292109 0.999995 0.0091385 0.0 0.0 0.0 1.0
pumpkin/seq-03/color/frame-000015.color.png pumpkin/seq-03/color/frame-000016.color.png 0.999995 0.00211057 0.00240327 0.00403895 -0.00211191 0.999998 0.000556171 0.00685589 -0.00240209 -0.000561251 0.999997 0.00431646 0.0 0.0 0.0 1.0
pumpkin/seq-03/color/frame-000016.color.png pumpkin/seq-03/color/frame-000017.color.png 0.999982 0.00178855 0.00581181 -0.000208549 -0.00183554 0.999966 0.00809025 -0.00566568 -0.00579714 -0.00810078 0.99995 0.00494593 0.0 0.0 0.0 1.0
pumpkin/seq-03/color/frame-000017.color.png pumpkin/seq-03/color/frame-000018.color.png 0.999985 -0.00320362 0.00442871 0.000693377 0.0031763 0.999976 0.00616169 -0.00656971 -0.00444834 -0.00614751 0.999971 0.010992 0.0 0.0 0.0 1.0
pumpkin/seq-03/color/frame-000018.color.png pumpkin/seq-03/color/frame-000019.color.png 0.99999 -0.00263254 0.00359384 0.0053037 0.00261963 0.99999 0.00359249 -0.00600755 -0.00360327 -0.00358305 0.999987 0.00796071 0.0 0.0 0.0 1.0
pumpkin/seq-03/color/frame-000019.color.png pumpkin/seq-03/color/frame-000020.color.png 0.999993 -8.62216e-05 0.00363209 0.00792892 8.31e-05 1.0 0.000859632 0.00312244 -0.00363216 -0.000859327 0.999993 0.00613672 0.0 0.0 0.0 1.0
pumpkin/seq-03/color/frame-000020.color.png pumpkin/seq-03/color/frame-000021.color.png 0.999962 0.00116087 0.00865467 -0.00340779 -0.00120921 0.999984 0.00558253 -0.00233693 -0.00864805 -0.00559278 0.999947 0.00636503 0.0 0.0 0.0 1.0
pumpkin/seq-03/color/frame-000021.color.png pumpkin/seq-03/color/frame-000022.color.png 0.99999 -0.00079078 0.00429275 0.00548545 0.000748392 0.999951 0.00986684 -0.0124249 -0.00430035 -0.00986354 0.999942 0.0104984 0.0 0.0 0.0 1.0
pumpkin/seq-03/color/frame-000022.color.png pumpkin/seq-03/color/frame-000023.color.png 0.999981 -0.000613665 0.00609038 0.000421342 0.000571361 0.999976 0.0069453 -0.00693924 -0.0060945 -0.00694169 0.999957 0.0118603 0.0 0.0 0.0 1.0
pumpkin/seq-03/color/frame-000023.color.png pumpkin/seq-03/color/frame-000024.color.png 0.999966 -0.00126814 0.00815758 -0.00507501 0.00121814 0.99998 0.00613051 -0.0103914 -0.00816519 -0.00612036 0.999948 0.0117797 0.0 0.0 0.0 1.0
pumpkin/seq-03/color/frame-000024.color.png pumpkin/seq-03/color/frame-000025.color.png 0.999984 -0.00284391 0.00486085 0.00406894 0.00282535 0.999989 0.00381894 -0.00531711 -0.00487165 -0.00380514 0.999981 0.00977518 0.0 0.0 0.0 1.0
pumpkin/seq-03/color/frame-000025.color.png pumpkin/seq-03/color/frame-000026.color.png 0.999961 -0.00180344 0.00870321 -0.00521333 0.00176918 0.999991 0.003942 -0.00359649 -0.00871024 -0.00392643 0.999954 0.0110933 0.0 0.0 0.0 1.0
pumpkin/seq-03/color/frame-000026.color.png pumpkin/seq-03/color/frame-000027.color.png 0.999977 -0.00364388 0.00564828 1.58325e-06 0.00359768 0.99996 0.00816904 -0.00989695 -0.00567783 -0.0081485 0.999951 0.0121146 0.0 0.0 0.0 1.0
pumpkin/seq-03/color/frame-000027.color.png pumpkin/seq-03/color/frame-000028.color.png 0.999991 0.00114111 0.00403042 0.00351648 -0.00116695 0.999979 0.00641379 -0.00798887 -0.00402304 -0.00641844 0.999971 0.0140885 0.0 0.0 0.0 1.0
pumpkin/seq-03/color/frame-000028.color.png pumpkin/seq-03/color/frame-000029.color.png 0.999965 0.00175988 0.00823343 0.000181347 -0.00181347 0.999977 0.00650544 -0.0115896 -0.00822177 -0.00652016 0.999945 0.0120168 0.0 0.0 0.0 1.0
pumpkin/seq-03/color/frame-000029.color.png pumpkin/seq-03/color/frame-000030.color.png 0.999945 -0.00192064 0.0102639 -0.00215898 0.00188582 0.999992 0.00340111 -0.00560595 -0.0102704 -0.00338158 0.999942 0.0124209 0.0 0.0 0.0 1.0
pumpkin/seq-03/color/frame-000030.color.png pumpkin/seq-03/color/frame-000031.color.png 0.999919 -0.00155938 0.0126099 -0.0114145 0.00151621 0.999993 0.00343239 -0.00622235 -0.0126151 -0.00341297 0.999915 0.0133787 0.0 0.0 0.0 1.0
pumpkin/seq-03/color/frame-000031.color.png pumpkin/seq-03/color/frame-000032.color.png 0.999986 -0.00309414 0.00439189 -0.00116098 0.00307068 0.999981 0.00533786 -0.00669582 -0.00440833 -0.00532431 0.999976 0.0121718 0.0 0.0 0.0 1.0
pumpkin/seq-03/color/frame-000032.color.png pumpkin/seq-03/color/frame-000033.color.png 0.999933 0.00563814 0.0101332 -0.00264755 -0.0057918 0.999868 0.0151989 -0.0221571 -0.0100462 -0.0152566 0.999833 0.0281037 0.0 0.0 0.0 1.0
pumpkin/seq-03/color/frame-000033.color.png pumpkin/seq-03/color/frame-000034.color.png 0.999984 0.00277457 0.00498668 -0.00188183 -0.00281001 0.999971 0.00711529 -0.014446 -0.00496676 -0.00712915 0.999962 0.01366 0.0 0.0 0.0 1.0
pumpkin/seq-03/color/frame-000034.color.png pumpkin/seq-03/color/frame-000035.color.png 0.999984 0.00333192 0.00454523 -0.000298709 -0.00334214 0.999992 0.0022427 -0.0032112 -0.00453775 -0.00225789 0.999987 0.0115218 0.0 0.0 0.0 1.0
pumpkin/seq-03/color/frame-000035.color.png pumpkin/seq-03/color/frame-000036.color.png 0.999984 0.00300638 0.00474681 -0.00104272 -0.00303934 0.999971 0.00695427 -0.0120896 -0.00472574 -0.00696858 0.999965 0.0127723 0.0 0.0 0.0 1.0
pumpkin/seq-03/color/frame-000036.color.png pumpkin/seq-03/color/frame-000037.color.png 0.999993 0.00119426 0.00343694 -0.000795141 -0.00121664 0.999978 0.0065157 -0.0115126 -0.0034291 -0.00651983 0.999973 0.0119129 0.0 0.0 0.0 1.0
pumpkin/seq-03/color/frame-000037.color.png pumpkin/seq-03/color/frame-000038.color.png 0.999994 0.000126791 0.00353919 0.00125884 -0.000152274 0.999974 0.00720034 -0.0194815 -0.00353818 -0.00720084 0.999968 0.0119405 0.0 0.0 0.0 1.0
pumpkin/seq-03/color/frame-000038.color.png pumpkin/seq-03/color/frame-000039.color.png 0.999961 -8.55802e-05 0.00882292 -0.00773579 6.58358e-05 0.999997 0.0022381 -0.00653042 -0.00882305 -0.00223743 0.999959 0.0100861 0.0 0.0 0.0 1.0
pumpkin/seq-03/color/frame-000039.color.png pumpkin/seq-03/color/frame-000040.color.png 0.999989 -0.000510112 0.00461523 -0.000795547 0.000482353 0.999982 0.00601477 -0.00784437 -0.00461822 -0.00601246 0.999971 0.00951752 0.0 0.0 0.0 1.0
pumpkin/seq-03/color/frame-000040.color.png pumpkin/seq-03/color/frame-000041.color.png 0.99999 0.00182459 0.00410077 -0.00448444 -0.00185389 0.999973 0.00715285 -0.00984503 -0.00408762 -0.00716038 0.999966 0.012145 0.0 0.0 0.0 1.0
pumpkin/seq-03/color/frame-000041.color.png pumpkin/seq-03/color/frame-000042.color.png 0.999999 -0.000744178 0.000818482 0.00263436 0.000738593 0.999977 0.00680178 -0.0101025 -0.000823514 -0.00680119 0.999977 0.00918254 0.0 0.0 0.0 1.0
pumpkin/seq-03/color/frame-000042.color.png pumpkin/seq-03/color/frame-000043.color.png 0.999999 -0.000232646 0.00112467 0.00253845 0.000222346 0.999958 0.00914798 -0.0166401 -0.00112679 -0.00914774 0.999957 0.0123123 0.0 0.0 0.0 1.0
pumpkin/seq-03/color/frame-000043.color.png pumpkin/seq-03/color/frame-000044.color.png 0.999988 0.00484108 -1.6704e-08 0.00797386 -0.00484085 0.999941 0.00974586 -0.020632 4.72264e-05 -0.0097457 0.999953 0.0127464 0.0 0.0 0.0 1.0
pumpkin/seq-03/color/frame-000044.color.png pumpkin/seq-03/color/frame-000045.color.png 0.999965 0.0071067 0.00442866 0.00109952 -0.00711637 0.999972 0.00217083 -0.00397843 -0.0044131 -0.00220229 0.999988 0.00612918 0.0 0.0 0.0 1.0
pumpkin/seq-03/color/frame-000045.color.png pumpkin/seq-03/color/frame-000046.color.png 0.999991 -0.00047883 0.00416589 0.000162005 0.000457446 0.999987 0.00513464 -0.0077793 -0.00416827 -0.00513266 0.999978 0.00913531 0.0 0.0 0.0 1.0
pumpkin/seq-03/color/frame-000046.color.png pumpkin/seq-03/color/frame-000047.color.png 0.999998 0.00194038 -0.00029094 0.00303162 -0.00193788 0.999964 0.00828929 -0.0155876 0.000307069 -0.00828869 0.999966 0.0145017 0.0 0.0 0.0 1.0
pumpkin/seq-03/color/frame-000047.color.png pumpkin/seq-03/color/frame-000048.color.png 0.999993 0.00374326 -0.000940308 0.00686223 -0.00373787 0.999977 0.0056736 -0.0121707 0.0009615 -0.0056701 0.999983 0.00986606 0.0 0.0 0.0 1.0
pumpkin/seq-03/color/frame-000048.color.png pumpkin/seq-03/color/frame-000049.color.png 0.999983 0.00526561 0.00260193 0.00262829 -0.0052835 0.999962 0.00691074 -0.0115715 -0.00256547 -0.00692441 0.999973 0.0121494 0.0 0.0 0.0 1.0
pumpkin/seq-03/color/frame-000049.color.png pumpkin/seq-03/color/frame-000050.color.png 0.999989 0.00298291 0.00364101 -0.00123412 -0.00301734 0.99995 0.0094869 -0.0188782 -0.0036125 -0.00949774 0.999948 0.0125372 0.0 0.0 0.0 1.0
pumpkin/seq-03/color/frame-000050.color.png pumpkin/seq-03/color/frame-000051.color.png 0.999999 0.00135518 -0.000449656 0.00698809 -0.00135208 0.999976 0.00681083 -0.016999 0.000458893 -0.00681023 0.999977 0.0120819 0.0 0.0 0.0 1.0
pumpkin/seq-03/color/frame-000051.color.png pumpkin/seq-03/color/frame-000052.color.png 0.999995 0.00216955 0.00226957 0.00390486 -0.00216775 0.999997 -0.000796753 -0.00535545 -0.00227129 0.000791818 0.999997 0.0134567 0.0 0.0 0.0 1.0
pumpkin/seq-03/color/frame-000052.color.png pumpkin/seq-03/color/frame-000053.color.png 0.999988 0.00442428 0.00192652 0.00817895 -0.00443398 0.999977 0.00505689 -0.0220324 -0.0019041 -0.00506531 0.999985 0.00970048 0.0 0.0 0.0 1.0
pumpkin/seq-03/color/frame-000053.color.png pumpkin/seq-03/color/frame-000054.color.png 0.999965 0.00605824 0.00583056 0.00161381 -0.00605644 0.999982 -0.000328146 -0.00739309 -0.00583245 0.000292735 0.999983 0.0124671 0.0 0.0 0.0 1.0
pumpkin/seq-03/color/frame-000054.color.png pumpkin/seq-03/color/frame-000055.color.png 0.999993 0.000604686 0.00375017 0.00118538 -0.000608622 0.999999 0.00105002 -0.00600222 -0.00374957 -0.00105229 0.999992 0.010306 0.0 0.0 0.0 1.0
pumpkin/seq-03/color/frame-000055.color.png pumpkin/seq-03/color/frame-000056.color.png 0.999981 0.00595054 -0.00158833 0.0137418 -0.00594265 0.99997 0.00491382 -0.0121581 0.00161756 -0.00490422 0.999987 0.00529969 0.0 0.0 0.0 1.0
pumpkin/seq-03/color/frame-000056.color.png pumpkin/seq-03/color/frame-000057.color.png 0.999933 0.00845238 0.00794484 0.000278749 -0.00849867 0.999947 0.00581003 -0.0126177 -0.00789535 -0.00587719 0.999951 0.0105266 0.0 0.0 0.0 1.0
pumpkin/seq-03/color/frame-000057.color.png pumpkin/seq-03/color/frame-000058.color.png 0.999935 -0.00216611 0.0112082 -0.0116633 0.00212114 0.99999 0.00402147 -0.0102649 -0.0112168 -0.00399745 0.999929 0.00868016 0.0 0.0 0.0 1.0
pumpkin/seq-03/color/frame-000058.color.png pumpkin/seq-03/color/frame-000059.color.png 0.999993 -0.000846636 0.00379302 -0.00155061 0.000834269 0.999994 0.00325873 -0.0102981 -0.00379575 -0.00325558 0.999988 0.0132996 0.0 0.0 0.0 1.0
pumpkin/seq-03/color/frame-000059.color.png pumpkin/seq-03/color/frame-000060.color.png 0.999991 -0.00113239 0.00403278 0.00185727 0.00111831 0.999993 0.00349179 -0.0136364 -0.00403673 -0.00348727 0.999986 0.00420266 0.0 0.0 0.0 1.0
pumpkin/seq-03/color/frame-000060.color.png pumpkin/seq-03/color/frame-000061.color.png 0.999988 0.000277128 0.00481905 -0.00113367 -0.000293812 0.999994 0.00346565 -0.00717661 -0.00481803 -0.00346698 0.999982 0.00573868 0.0 0.0 0.0 1.0
pumpkin/seq-03/color/frame-000061.color.png pumpkin/seq-03/color/frame-000062.color.png 0.999994 0.00186129 0.00297198 0.000865847 -0.00188029 0.999978 0.00639948 -0.00718179 -0.00295999 -0.00640499 0.999975 0.00263661 0.0 0.0 0.0 1.0
pumpkin/seq-03/color/frame-000062.color.png pumpkin/seq-03/color/frame-000063.color.png 0.99999 0.00225004 0.00390397 -0.00171147 -0.00228722 0.999952 0.0095492 -0.0103909 -0.00388227 -0.00955808 0.999947 0.0034461 0.0 0.0 0.0 1.0
pumpkin/seq-03/color/frame-000063.color.png pumpkin/seq-03/color/frame-000064.color.png 0.999985 0.00241732 0.00483193 -0.00333823 -0.00246975 0.999938 0.0108708 -0.0137909 -0.00480537 -0.0108825 0.999929 0.00600624 0.0 0.0 0.0 1.0
pumpkin/seq-03/color/frame-000064.color.png pumpkin/seq-03/color/frame-000065.color.png 0.999992 -0.0012046 0.00386258 -0.00259774 0.00116565 0.999949 0.0100699 -0.0160889 -0.00387452 -0.0100653 0.999942 0.00543243 0.0 0.0 0.0 1.0
pumpkin/seq-03/color/frame-000065.color.png pumpkin/seq-03/color/frame-000066.color.png 0.999994 -0.00101865 0.00325261 -0.0010841 0.000996319 0.999976 0.00685546 -0.0105037 -0.00325953 -0.00685218 0.999971 0.00740749 0.0 0.0 0.0 1.0
pumpkin/seq-03/color/frame-000066.color.png pumpkin/seq-03/color/frame-000067.color.png 0.999997 -0.00135105 0.00181471 0.00484882 0.00134013 0.999981 0.00602161 -0.00947273 -0.00182278 -0.00601916 0.99998 0.00175923 0.0 0.0 0.0 1.0
pumpkin/seq-03/color/frame-000067.color.png pumpkin/seq-03/color/frame-000068.color.png 0.999985 0.00387588 0.00393934 -0.000159293 -0.00392384 0.999917 0.0122405 -0.01578 -0.00389157 -0.0122557 0.999917 -0.000118673 0.0 0.0 0.0 1.0
pumpkin/seq-03/color/frame-000068.color.png pumpkin/seq-03/color/frame-000069.color.png 0.999964 0.0044169 0.00716807 -0.0089432 -0.00452192 0.999882 0.0147004 -0.0184953 -0.00710229 -0.0147323 0.999866 0.00596505 0.0 0.0 0.0 1.0
pumpkin/seq-03/color/frame-000069.color.png pumpkin/seq-03/color/frame-000070.color.png 0.999979 0.00102506 0.00648173 -0.0108378 -0.00111619 0.9999 0.0140696 -0.0209496 -0.00646669 -0.0140766 0.99988 0.00801098 0.0 0.0 0.0 1.0
pumpkin/seq-03/color/frame-000070.color.png pumpkin/seq-03/color/frame-000071.color.png 0.999995 -0.00195951 0.00266087 -0.00512189 0.00193483 0.999955 0.00924496 -0.0157804 -0.00267891 -0.00923967 0.999954 0.00537235 0.0 0.0 0.0 1.0
pumpkin/seq-03/color/frame-000071.color.png pumpkin/seq-03/color/frame-000072.color.png 0.999998 0.000820116 0.00179305 -0.00627863 -0.000830731 0.999982 0.00592694 -0.00637671 -0.00178813 -0.00592842 0.999981 0.00189072 0.0 0.0 0.0 1.0
pumpkin/seq-03/color/frame-000072.color.png pumpkin/seq-03/color/frame-000073.color.png 0.999997 0.00231451 -0.000712703 0.00115511 -0.00230484 0.999909 0.0133103 -0.0197853 0.000743382 -0.0133087 0.999911 0.00101191 0.0 0.0 0.0 1.0
pumpkin/seq-03/color/frame-000073.color.png pumpkin/seq-03/color/frame-000074.color.png 0.999969 0.0061458 0.00484585 -0.00439991 -0.00621562 0.999875 0.0145286 -0.0257923 -0.00475591 -0.0145582 0.999883 0.00726455 0.0 0.0 0.0 1.0
pumpkin/seq-03/color/frame-000074.color.png pumpkin/seq-03/color/frame-000075.color.png 0.999972 0.00414571 0.00616718 -0.0110061 -0.00419071 0.999964 0.00730057 -0.0140216 -0.00613673 -0.00732625 0.999954 0.0101945 0.0 0.0 0.0 1.0
pumpkin/seq-03/color/frame-000075.color.png pumpkin/seq-03/color/frame-000076.color.png 0.999999 0.000716272 0.00110883 -0.00363138 -0.000718448 0.999998 0.00200748 -0.0113577 -0.00110733 -0.0020082 0.999997 0.00766861 0.0 0.0 0.0 1.0
pumpkin/seq-03/color/frame-000076.color.png pumpkin/seq-03/color/frame-000077.color.png 0.999991 0.00424342 0.000616615 -0.00297699 -0.00424589 0.999983 0.0040523 -0.0125631 -0.000599439 -0.00405489 0.999992 0.00245905 0.0 0.0 0.0 1.0
pumpkin/seq-03/color/frame-000077.color.png pumpkin/seq-03/color/frame-000078.color.png 0.999962 0.00868156 0.00111358 -0.000241101 -0.00869198 0.999915 0.00970557 -0.0158611 -0.0010292 -0.0097149 0.999952 -0.0013817 0.0 0.0 0.0 1.0
pumpkin/seq-03/color/frame-000078.color.png pumpkin/seq-03/color/frame-000079.color.png 0.999961 0.00712082 0.0052689 -0.0108576 -0.0072038 0.999848 0.0159047 -0.0264476 -0.00515486 -0.015942 0.99986 0.00777364 0.0 0.0 0.0 1.0
pumpkin/seq-03/color/frame-000079.color.png pumpkin/seq-03/color/frame-000080.color.png 0.999987 0.00428353 0.00275301 -0.0101266 -0.00430797 0.999951 0.00893211 -0.0194412 -0.00271457 -0.00894385 0.999956 0.00943553 0.0 0.0 0.0 1.0
pumpkin/seq-03/color/frame-000080.color.png pumpkin/seq-03/color/frame-000081.color.png 0.99999 0.00410233 -0.00188978 -0.00360877 -0.00409071 0.999973 0.00611868 -0.0202624 0.00191474 -0.00611094 0.999979 0.0104113 0.0 0.0 0.0 1.0
pumpkin/seq-03/color/frame-000081.color.png pumpkin/seq-03/color/frame-000082.color.png 0.999973 0.00642122 -0.00353992 0.00351218 -0.00642326 0.999979 -0.000579336 -0.00377911 0.0035362 0.000602091 0.999994 -0.00201666 0.0 0.0 0.0 1.0
pumpkin/seq-03/color/frame-000082.color.png pumpkin/seq-03/color/frame-000083.color.png 0.999947 0.0102827 0.000565871 -0.00344073 -0.010287 0.999914 0.00815959 -0.0131986 -0.000481918 -0.00816498 0.999967 -0.0025658 0.0 0.0 0.0 1.0
pumpkin/seq-03/color/frame-000083.color.png pumpkin/seq-03/color/frame-000084.color.png 0.999953 0.0096355 0.0013012 -0.00377672 -0.00965163 0.999869 0.0129894 -0.0240737 -0.00117594 -0.0130013 0.999915 0.00573301 0.0 0.0 0.0 1.0
pumpkin/seq-03/color/frame-000084.color.png pumpkin/seq-03/color/frame-000085.color.png 0.999979 0.00617828 0.00208781 -0.0070859 -0.00618968 0.999966 0.00550056 -0.0145481 -0.0020537 -0.00551333 0.999983 0.00496352 0.0 0.0 0.0 1.0
pumpkin/seq-03/color/frame-000085.color.png pumpkin/seq-03/color/frame-000086.color.png 0.999982 0.00568135 -0.00216796 -0.00327431 -0.00567063 0.999972 0.00491174 -0.0114019 0.00219585 -0.00489935 0.999986 0.000950038 0.0 0.0 0.0 1.0
pumpkin/seq-03/color/frame-000086.color.png pumpkin/seq-03/color/frame-000087.color.png 0.99997 0.00708027 -0.00303169 -0.00158116 -0.00705675 0.999946 0.00769764 -0.0181174 0.00308598 -0.00767605 0.999966 0.00522023 0.0 0.0 0.0 1.0
pumpkin/seq-03/color/frame-000087.color.png pumpkin/seq-03/color/frame-000088.color.png 0.999983 0.00537549 -0.0021559 -0.00268088 -0.00536656 0.999977 0.00413386 -0.0110952 0.00217814 -0.00412215 0.999989 0.00356895 0.0 0.0 0.0 1.0
pumpkin/seq-03/color/frame-000088.color.png pumpkin/seq-03/color/frame-000089.color.png 0.999968 0.00762827 -0.00256868 -0.0032709 -0.00760974 0.999946 0.00713404 -0.0178988 0.00262298 -0.00711417 0.999971 0.00704783 0.0 0.0 0.0 1.0
pumpkin/seq-03/color/frame-000089.color.png pumpkin/seq-03/color/frame-000090.color.png 0.999979 0.00510229 -0.00385989 0.00163613 -0.00510074 0.999987 0.000427958 -0.00599056 0.00386199 -0.000408258 0.999992 0.00128466 0.0 0.0 0.0 1.0
pumpkin/seq-03/color/frame-000090.color.png pumpkin/seq-03/color/frame-000091.color.png 0.999974 0.00577786 -0.00433182 0.000374656 -0.0057705 0.999982 0.00169735 -0.00655627 0.00434157 -0.00167233 0.999989 0.0023461 0.0 0.0 0.0 1.0
pumpkin/seq-03/color/frame-000091.color.png pumpkin/seq-03/color/frame-000092.color.png 0.999974 0.00532977 -0.00491896 0.00290961 -0.00533706 0.999985 -0.00146348 0.00213724 0.00491104 0.00148973 0.999987 -0.00358665 0.0 0.0 0.0 1.0
pumpkin/seq-03/color/frame-000092.color.png pumpkin/seq-03/color/frame-000093.color.png 0.99999 0.00302318 -0.00316609 -0.00416316 -0.00299719 0.999962 0.00818385 -0.0141391 0.0031907 -0.00817437 0.999961 -0.00398791 0.0 0.0 0.0 1.0
pumpkin/seq-03/color/frame-000093.color.png pumpkin/seq-03/color/frame-000094.color.png 0.999973 0.00615783 -0.00393989 -0.00260748 -0.00610483 0.999893 0.0133198 -0.0215854 0.00402151 -0.0132952 0.999904 0.00581539 0.0 0.0 0.0 1.0
pumpkin/seq-03/color/frame-000094.color.png pumpkin/seq-03/color/frame-000095.color.png 0.999979 0.0055261 -0.00344106 -0.00348167 -0.00550897 0.999972 0.00498029 -0.00909299 0.00346848 -0.00496134 0.999982 0.00394684 0.0 0.0 0.0 1.0
pumpkin/seq-03/color/frame-000095.color.png pumpkin/seq-03/color/frame-000096.color.png 0.999972 0.00271662 -0.00695482 0.00663555 -0.00269034 0.999989 0.0037936 -0.00623965 0.00696506 -0.00377475 0.999969 -0.00624192 0.0 0.0 0.0 1.0
pumpkin/seq-03/color/frame-000096.color.png pumpkin/seq-03/color/frame-000097.color.png 0.999969 0.00758367 -0.00196506 -0.00195988 -0.00757018 0.999948 0.00677792 -0.00506508 0.00201629 -0.00676295 0.999975 -0.00623518 0.0 0.0 0.0 1.0
pumpkin/seq-03/color/frame-000097.color.png pumpkin/seq-03/color/frame-000098.color.png 0.999994 0.00344931 0.000119447 -0.00804274 -0.00345042 0.999942 0.0101613 -0.0141741 -8.43265e-05 -0.0101616 0.999948 0.00393146 0.0 0.0 0.0 1.0
pumpkin/seq-03/color/frame-000098.color.png pumpkin/seq-03/color/frame-000099.color.png 0.999996 0.00102703 -0.00269816 -0.00595094 -0.00101666 0.999992 0.00385942 -0.00704688 0.00270209 -0.00385671 0.999989 0.00227594 0.0 0.0 0.0 1.0
pumpkin/seq-03/color/frame-000099.color.png pumpkin/seq-03/color/frame-000100.color.png 0.999961 -0.00231959 -0.00849786 0.0043663 0.00235113 0.99999 0.0036957 -0.00663239 0.00848922 -0.00371551 0.999957 -0.00626427 0.0 0.0 0.0 1.0
pumpkin/seq-03/color/frame-000100.color.png pumpkin/seq-03/color/frame-000101.color.png 0.999935 -0.000338467 -0.0113794 0.00914211 0.000372384 0.999996 0.00297706 -0.00259608 0.0113783 -0.00298116 0.999931 -0.00308782 0.0 0.0 0.0 1.0
pumpkin/seq-03/color/frame-000101.color.png pumpkin/seq-03/color/frame-000102.color.png 0.999958 0.00701529 -0.00590147 0.00132386 -0.00697914 0.999957 0.006114 -0.00815594 0.00594412 -0.00607249 0.999964 -0.00126344 0.0 0.0 0.0 1.0
pumpkin/seq-03/color/frame-000102.color.png pumpkin/seq-03/color/frame-000103.color.png 0.999967 0.00553937 -0.0060121 0.00483846 -0.00549977 0.999963 0.00660334 -0.00824869 0.00604848 -0.00657006 0.99996 -0.0118706 0.0 0.0 0.0 1.0
pumpkin/seq-03/color/frame-000103.color.png pumpkin/seq-03/color/frame-000104.color.png 0.999977 0.00282459 -0.00619363 0.0047642 -0.00276915 0.999956 0.00893299 -0.0111053 0.00621854 -0.00891568 0.999941 -0.00605756 0.0 0.0 0.0 1.0
pumpkin/seq-03/color/frame-000104.color.png pumpkin/seq-03/color/frame-000105.color.png 0.999957 -0.00260807 -0.00885913 0.00299015 0.00267833 0.999965 0.00792818 -0.0135424 0.00883815 -0.00795152 0.999929 -0.00227827 0.0 0.0 0.0 1.0
pumpkin/seq-03/color/frame-000105.color.png pumpkin/seq-03/color/frame-000106.color.png 0.999926 0.00396552 -0.0114918 0.00685168 -0.00380753 0.999898 0.0137457 -0.0281243 0.0115451 -0.013701 0.999839 0.00300443 0.0 0.0 0.0 1.0
pumpkin/seq-03/color/frame-000106.color.png pumpkin/seq-03/color/frame-000107.color.png 0.999946 0.0037324 -0.00965688 0.00797684 -0.00372289 0.999993 0.000992451 -0.00232494 0.00966056 -0.000956305 0.999953 -0.00192422 0.0 0.0 0.0 1.0
pumpkin/seq-03/color/frame-000107.color.png pumpkin/seq-03/color/frame-000108.color.png 0.999951 0.00417692 -0.00897727 0.00675692 -0.00417895 0.999991 -0.000209851 0.00131601 0.00897629 0.000247352 0.99996 -0.00103003 0.0 0.0 0.0 1.0
pumpkin/seq-03/color/frame-000108.color.png pumpkin/seq-03/color/frame-000109.color.png 0.999948 0.00299798 -0.00976738 0.00934084 -0.00306842 0.999969 -0.00719649 0.0174639 0.00974553 0.00722603 0.999926 -0.000787258 0.0 0.0 0.0 1.0
pumpkin/seq-03/color/frame-000109.color.png pumpkin/seq-03/color/frame-000110.color.png 0.999949 -0.00319772 -0.00955374 0.00707544 0.00320382 0.999995 0.000624453 -0.0093658 0.00955168 -0.000655012 0.999954 -0.00262809 0.0 0.0 0.0 1.0
pumpkin/seq-03/color/frame-000110.color.png pumpkin/seq-03/color/frame-000111.color.png 0.999961 0.00136202 -0.00870597 0.00173174 -0.00146688 0.999926 -0.0120494 0.0253361 0.00868889 0.0120617 0.99989 -0.00909525 0.0 0.0 0.0 1.0
pumpkin/seq-03/color/frame-000111.color.png pumpkin/seq-03/color/frame-000112.color.png 0.999898 0.00148346 -0.0141722 0.0173897 -0.00148639 0.999999 -0.000195274 0.00147098 0.0141719 0.000216433 0.9999 0.000457585 0.0 0.0 0.0 1.0
pumpkin/seq-03/color/frame-000112.color.png pumpkin/seq-03/color/frame-000113.color.png 0.999949 -0.00252046 -0.00982242 0.0108964 0.00251467 0.999997 -0.000600383 -0.0115971 0.00982393 0.000575623 0.999952 0.00658512 0.0 0.0 0.0 1.0
pumpkin/seq-03/color/frame-000113.color.png pumpkin/seq-03/color/frame-000114.color.png 0.99996 -0.0003479 -0.00894411 0.00211357 0.00013525 0.999717 -0.023772 0.0414938 0.00894986 0.0237699 0.999677 -0.00670892 0.0 0.0 0.0 1.0
pumpkin/seq-03/color/frame-000114.color.png pumpkin/seq-03/color/frame-000115.color.png 0.999947 -0.00180653 -0.010134 0.00418834 0.00171654 0.999959 -0.00887957 0.0119947 0.0101497 0.00886166 0.999909 -0.00114465 0.0 0.0 0.0 1.0
pumpkin/seq-03/color/frame-000115.color.png pumpkin/seq-03/color/frame-000116.color.png 0.999891 -0.00641071 -0.0132842 0.00748953 0.00625529 0.999912 -0.0117079 0.0099411 0.0133581 0.0116235 0.999843 0.00684774 0.0 0.0 0.0 1.0
pumpkin/seq-03/color/frame-000116.color.png pumpkin/seq-03/color/frame-000117.color.png 0.999864 -0.00698006 -0.0149393 0.0134947 0.00669762 0.9998 -0.0188713 0.0201513 0.0150681 0.0187687 0.99971 7.17044e-05 0.0 0.0 0.0 1.0
pumpkin/seq-03/color/frame-000117.color.png pumpkin/seq-03/color/frame-000118.color.png 0.999911 -0.00520927 -0.0122846 0.00479328 0.00507037 0.999923 -0.0113176 0.00383419 0.0123426 0.0112543 0.999861 -0.00262505 0.0 0.0 0.0 1.0
pumpkin/seq-03/color/frame-000118.color.png pumpkin/seq-03/color/frame-000119.color.png 0.999818 -0.00412137 -0.0186439 0.0241823 0.00373928 0.999783 -0.0204813 0.0350152 0.0187242 0.0204078 0.999616 -0.00251657 0.0 0.0 0.0 1.0
pumpkin/seq-03/color/frame-000119.color.png pumpkin/seq-03/color/frame-000120.color.png 0.999839 -0.00184007 -0.0178654 0.0223934 0.00154328 0.999861 -0.016614 0.0250798 0.0178935 0.0165838 0.999702 -0.0107115 0.0 0.0 0.0 1.0
pumpkin/seq-03/color/frame-000120.color.png pumpkin/seq-03/color/frame-000121.color.png 0.999934 -0.000779834 -0.0114846 0.0125967 0.000713109 0.999983 -0.00581598 0.00897747 0.011489 0.00580732 0.999917 -0.00778931 0.0 0.0 0.0 1.0
pumpkin/seq-03/color/frame-000121.color.png pumpkin/seq-03/color/frame-000122.color.png 0.999968 0.00176744 -0.0077412 0.00153714 -0.00185899 0.999928 -0.0118235 0.0222726 0.00771976 0.0118375 0.9999 -3.45111e-05 0.0 0.0 0.0 1.0
pumpkin/seq-03/color/frame-000122.color.png pumpkin/seq-03/color/frame-000123.color.png 0.999953 -0.00188666 -0.00956227 0.00426944 0.00185406 0.999992 -0.00341546 -0.00565946 0.00956864 0.00339756 0.999948 -0.00562102 0.0 0.0 0.0 1.0
pumpkin/seq-03/color/frame-000123.color.png pumpkin/seq-03/color/frame-000124.color.png 0.999881 -0.00145773 -0.0153301 0.0171877 0.00136582 0.999981 -0.00600531 0.000638306 0.0153386 0.00598365 0.999865 -0.00683868 0.0 0.0 0.0 1.0
pumpkin/seq-03/color/frame-000124.color.png pumpkin/seq-03/color/frame-000125.color.png 0.999872 -0.00228063 -0.0158225 0.0231926 0.00196215 0.999796 -0.0201126 0.0418434 0.0158651 0.0200789 0.999673 0.00131398 0.0 0.0 0.0 1.0
pumpkin/seq-03/color/frame-000125.color.png pumpkin/seq-03/color/frame-000126.color.png 1.0 4.75304e-06 0.000797288 -0.00195043 -3.47427e-06 0.999999 -0.0015569 0.00440663 -0.000797293 0.00155689 0.999998 0.000661254 0.0 0.0 0.0 1.0
pumpkin/seq-03/color/frame-000126.color.png pumpkin/seq-03/color/frame-000127.color.png 0.999982 0.00256513 -0.00545659 -0.00174291 -0.00261388 0.999957 -0.00893903 0.00459272 0.00543343 0.00895315 0.999945 0.000378609 0.0 0.0 0.0 1.0
pumpkin/seq-03/color/frame-000127.color.png pumpkin/seq-03/color/frame-000128.color.png 0.99988 -0.00396196 -0.014974 0.0229558 0.00376746 0.999908 -0.0129959 0.0139331 0.0150241 0.0129379 0.999803 -0.0159235 0.0 0.0 0.0 1.0
pumpkin/seq-03/color/frame-000128.color.png pumpkin/seq-03/color/frame-000129.color.png 0.999874 -0.00644881 -0.0144926 0.0176789 0.00619195 0.999824 -0.0177043 0.0393759 0.0146042 0.0176125 0.999738 -0.00827783 0.0 0.0 0.0 1.0
pumpkin/seq-03/color/frame-000129.color.png pumpkin/seq-03/color/frame-000130.color.png 0.999998 -0.000486998 -0.00214261 -0.0189884 0.00048021 0.999995 -0.00314875 9.5427e-05 0.00214415 0.00314768 0.999993 0.0108337 0.0 0.0 0.0 1.0
pumpkin/seq-03/color/frame-000130.color.png pumpkin/seq-03/color/frame-000131.color.png 1.0 0.000257215 0.000686596 -0.00182643 -0.000257493 1.0 0.000311781 -0.000843048 -0.000686526 -0.000312034 1.0 -0.000247598 0.0 0.0 0.0 1.0
pumpkin/seq-03/color/frame-000131.color.png pumpkin/seq-03/color/frame-000132.color.png 0.999843 -0.0066485 -0.0164175 0.0212379 0.00643441 0.999894 -0.0130635 0.0153361 0.0165026 0.0129558 0.99978 -0.00656521 0.0 0.0 0.0 1.0
pumpkin/seq-03/color/frame-000132.color.png pumpkin/seq-03/color/frame-000133.color.png 0.999973 -0.00482761 -0.00543941 0.000278883 0.00483607 0.999987 0.00155821 -0.0111114 0.00543183 -0.00158439 0.999984 -0.00114143 0.0 0.0 0.0 1.0
pumpkin/seq-03/color/frame-000133.color.png pumpkin/seq-03/color/frame-000134.color.png 0.999976 -0.00611426 -0.0033645 -0.0108992 0.00609165 0.999959 -0.00669245 0.00568515 0.00340527 0.00667171 0.999972 -0.00248873 0.0 0.0 0.0 1.0
pumpkin/seq-03/color/frame-000134.color.png pumpkin/seq-03/color/frame-000135.color.png 0.999914 -0.0110888 -0.00699339 -0.00765158 0.0109802 0.999822 -0.0153658 0.0185795 0.00716254 0.0152877 0.999857 0.00196379 0.0 0.0 0.0 1.0
pumpkin/seq-03/color/frame-000135.color.png pumpkin/seq-03/color/frame-000136.color.png 0.999758 -0.0121297 -0.0183592 0.0225356 0.0119013 0.999851 -0.0124988 0.0140073 0.0185081 0.0122773 0.999753 -0.00750989 0.0 0.0 0.0 1.0
pumpkin/seq-03/color/frame-000136.color.png pumpkin/seq-03/color/frame-000137.color.png 1.0 0.000625569 0.000169461 -0.000348043 -0.000626 0.999997 0.00235943 -0.00590944 -0.00016796 -0.00235949 0.999997 0.000595868 0.0 0.0 0.0 1.0
pumpkin/seq-03/color/frame-000137.color.png pumpkin/seq-03/color/frame-000138.color.png 0.999926 -0.00840138 -0.00881581 -0.0060446 0.00829613 0.999895 -0.0119074 0.0183167 0.00891491 0.0118334 0.99989 0.00159544 0.0 0.0 0.0 1.0
pumpkin/seq-03/color/frame-000138.color.png pumpkin/seq-03/color/frame-000139.color.png 0.999949 -0.00840892 -0.00568533 -0.00772714 0.00828891 0.999749 -0.0208123 0.0274778 0.00585892 0.0207641 0.999767 0.00512928 0.0 0.0 0.0 1.0
pumpkin/seq-03/color/frame-000139.color.png pumpkin/seq-03/color/frame-000140.color.png 0.99989 -0.00757731 -0.0127725 0.0199637 0.00739437 0.99987 -0.0143095 0.00844091 0.0128793 0.0142135 0.999816 0.00234669 0.0 0.0 0.0 1.0
pumpkin/seq-03/color/frame-000140.color.png pumpkin/seq-03/color/frame-000141.color.png 0.999927 -0.0105683 -0.0059118 0.00239955 0.0104955 0.99987 -0.012203 0.0128288 0.00603998 0.0121401 0.999908 -0.00526482 0.0 0.0 0.0 1.0
pumpkin/seq-03/color/frame-000141.color.png pumpkin/seq-03/color/frame-000142.color.png 0.999949 -0.0100498 -0.000434339 -0.017436 0.0100401 0.999779 -0.0184486 0.0257313 0.00061965 0.0184433 0.99983 -0.000521541 0.0 0.0 0.0 1.0
pumpkin/seq-03/color/frame-000142.color.png pumpkin/seq-03/color/frame-000143.color.png 0.999973 -0.00526022 -0.00516949 0.000853654 0.00519558 0.999909 -0.0124429 0.0049426 0.00523447 0.0124158 0.999909 0.000349939 0.0 0.0 0.0 1.0
pumpkin/seq-03/color/frame-000143.color.png pumpkin/seq-03/color/frame-000144.color.png 0.999959 -0.00777618 -0.00472699 0.00708276 0.00770646 0.999864 -0.0145936 0.0141052 0.00483983 0.0145566 0.999882 -0.00360501 0.0 0.0 0.0 1.0
pumpkin/seq-03/color/frame-000144.color.png pumpkin/seq-03/color/frame-000145.color.png 0.999945 -0.00852322 -0.00617916 0.00820453 0.00839989 0.99977 -0.01972 0.0290493 0.0063458 0.019667 0.999786 -0.000826508 0.0 0.0 0.0 1.0
pumpkin/seq-03/color/frame-000145.color.png pumpkin/seq-03/color/frame-000146.color.png 0.999938 -0.00845333 -0.00719129 0.00885768 0.00838466 0.999919 -0.0095243 0.00239408 0.00727124 0.00946336 0.999929 -0.00280279 0.0 0.0 0.0 1.0
pumpkin/seq-03/color/frame-000146.color.png pumpkin/seq-03/color/frame-000147.color.png 0.999999 0.000654356 0.000904638 -0.00259199 -0.000656499 0.999997 0.00231895 -0.00645071 -0.000903133 -0.0023195 0.999997 -0.00112292 0.0 0.0 0.0 1.0
pumpkin/seq-03/color/frame-000147.color.png pumpkin/seq-03/color/frame-000148.color.png 0.999994 -0.00338432 -0.000392474 -0.00641324 0.00337694 0.999842 -0.0174773 0.0284244 0.000451557 0.0174759 0.999847 -0.00380966 0.0 0.0 0.0 1.0
pumpkin/seq-03/color/frame-000148.color.png pumpkin/seq-03/color/frame-000149.color.png 0.999969 -0.00676298 -0.00400415 0.00561941 0.00670563 0.999877 -0.0141718 0.0111352 0.0040995 0.0141445 0.999891 0.000674784 0.0 0.0 0.0 1.0
pumpkin/seq-03/color/frame-000149.color.png pumpkin/seq-03/color/frame-000150.color.png 0.999972 -0.00745191 -0.000283841 -0.00547938 0.0074475 0.999885 -0.0131884 0.00341153 0.000382103 0.0131859 0.999913 -0.00388604 0.0 0.0 0.0 1.0
pumpkin/seq-03/color/frame-000150.color.png pumpkin/seq-03/color/frame-000151.color.png 0.999953 -0.00899524 -0.00362934 0.00259031 0.0089076 0.999685 -0.0234867 0.0418864 0.00383945 0.0234533 0.999717 -0.00201842 0.0 0.0 0.0 1.0
pumpkin/seq-03/color/frame-000151.color.png pumpkin/seq-03/color/frame-000152.color.png 0.999979 -0.00488581 -0.00434053 0.00153888 0.00484368 0.999941 -0.00966298 0.0104277 0.00438751 0.00964173 0.999944 -0.00127369 0.0 0.0 0.0 1.0
pumpkin/seq-03/color/frame-000152.color.png pumpkin/seq-03/color/frame-000153.color.png 0.999982 -0.00353267 -0.00482963 0.00588964 0.0034579 0.999875 -0.0154072 0.00974521 0.00488346 0.0153902 0.99987 0.00153905 0.0 0.0 0.0 1.0
pumpkin/seq-03/color/frame-000153.color.png pumpkin/seq-03/color/frame-000154.color.png 0.999997 -0.00249856 0.000407775 -0.00156603 0.00250334 0.999922 -0.0122535 0.0112199 -0.000377133 0.0122545 0.999925 -0.0047577 0.0 0.0 0.0 1.0
pumpkin/seq-03/color/frame-000154.color.png pumpkin/seq-03/color/frame-000155.color.png 0.99999 -0.00438011 0.000270664 -0.00912963 0.00438252 0.999944 -0.00968168 0.0204235 -0.00022825 0.00968277 0.999953 -0.00381669 0.0 0.0 0.0 1.0
pumpkin/seq-03/color/frame-000155.color.png pumpkin/seq-03/color/frame-000156.color.png 0.999972 -0.00357832 -0.00656388 0.000686659 0.00354477 0.999981 -0.00512098 -0.00449014 0.00658204 0.00509758 0.999965 -0.00149882 0.0 0.0 0.0 1.0
pumpkin/seq-03/color/frame-000156.color.png pumpkin/seq-03/color/frame-000157.color.png 0.999976 -0.00524143 -0.00445094 -0.0015267 0.00518487 0.999907 -0.0126187 0.00948989 0.00451669 0.0125954 0.99991 -0.00464913 0.0 0.0 0.0 1.0
pumpkin/seq-03/color/frame-000157.color.png pumpkin/seq-03/color/frame-000158.color.png 0.999987 -0.00313252 -0.00394316 0.00303957 0.00310168 0.999965 -0.0078085 0.0179597 0.00396746 0.00779617 0.999962 -0.00355393 0.0 0.0 0.0 1.0
pumpkin/seq-03/color/frame-000158.color.png pumpkin/seq-03/color/frame-000159.color.png 0.999993 -0.00167032 -0.00329573 -0.000656947 0.00167935 0.999995 0.00273726 -0.0141565 0.00329116 -0.00274278 0.999991 -0.00413904 0.0 0.0 0.0 1.0
pumpkin/seq-03/color/frame-000159.color.png pumpkin/seq-03/color/frame-000160.color.png 0.999978 -0.0059032 -0.0030233 -0.00956797 0.0058811 0.999956 -0.00726116 -0.00331962 0.00306606 0.00724322 0.999969 -0.00629312 0.0 0.0 0.0 1.0
pumpkin/seq-03/color/frame-000160.color.png pumpkin/seq-03/color/frame-000161.color.png 0.999969 -0.00526436 -0.00583259 -0.000775859 0.00517744 0.999877 -0.0148191 0.0297934 0.00590989 0.0147884 0.999873 -0.00251666 0.0 0.0 0.0 1.0
pumpkin/seq-03/color/frame-000161.color.png pumpkin/seq-03/color/frame-000162.color.png 0.999978 -0.00141905 -0.00642599 0.00305368 0.00139585 0.999992 -0.00360575 0.0109152 0.00643107 0.0035967 0.999973 -0.00703657 0.0 0.0 0.0 1.0
pumpkin/seq-03/color/frame-000162.color.png pumpkin/seq-03/color/frame-000163.color.png 0.999988 -0.00102233 -0.00468584 -0.0045745 0.00100165 0.99999 -0.00441315 0.00583759 0.00469027 0.00440841 0.999979 -0.00261673 0.0 0.0 0.0 1.0
pumpkin/seq-03/color/frame-000163.color.png pumpkin/seq-03/color/frame-000164.color.png 0.999983 -0.00270286 -0.00519301 -0.00363541 0.00268015 0.999987 -0.00437066 0.00901473 0.00520478 0.00435666 0.999977 -0.0100505 0.0 0.0 0.0 1.0
pumpkin/seq-03/color/frame-000164.color.png pumpkin/seq-03/color/frame-000165.color.png 0.999974 -0.000305103 -0.00715742 0.00105994 0.000301519 1.0 -0.000503998 0.00957227 0.00715753 0.00050183 0.999974 -0.00378364 0.0 0.0 0.0 1.0
pumpkin/seq-03/color/frame-000165.color.png pumpkin/seq-03/color/frame-000166.color.png 0.999972 0.000388775 -0.00748724 0.00431113 -0.000408691 0.999996 -0.00265796 0.0145459 0.00748622 0.00266095 0.999968 -0.00584292 0.0 0.0 0.0 1.0
pumpkin/seq-03/color/frame-000166.color.png pumpkin/seq-03/color/frame-000167.color.png 0.999931 0.00377472 -0.01111 0.00974128 -0.0037839 0.999993 -0.000808868 0.00815222 0.0111069 0.000850855 0.999938 -0.00884423 0.0 0.0 0.0 1.0
pumpkin/seq-03/color/frame-000167.color.png pumpkin/seq-03/color/frame-000168.color.png 1.0 -0.000503805 -0.000333094 -0.0298411 0.000504367 0.999999 0.00171337 0.00193721 0.000332215 -0.00171354 0.999999 -0.00704861 0.0 0.0 0.0 1.0
pumpkin/seq-03/color/frame-000168.color.png pumpkin/seq-03/color/frame-000169.color.png 0.999876 0.00536248 -0.014796 0.024875 -0.00531143 0.99998 0.0034845 -0.00593421 0.0148143 -0.00340548 0.999884 -0.00798532 0.0 0.0 0.0 1.0
pumpkin/seq-03/color/frame-000169.color.png pumpkin/seq-03/color/frame-000170.color.png 0.999993 0.00370934 -0.0010171 -0.00461094 -0.00370658 0.999989 0.00269513 0.0025911 0.0010271 -0.00269134 0.999996 -0.00858679 0.0 0.0 0.0 1.0
pumpkin/seq-03/color/frame-000170.color.png pumpkin/seq-03/color/frame-000171.color.png 0.999943 0.00273437 -0.0103195 0.0137251 -0.00255219 0.999841 0.0176293 -0.0339193 0.0103661 -0.017602 0.999791 -0.00736731 0.0 0.0 0.0 1.0
pumpkin/seq-03/color/frame-000171.color.png pumpkin/seq-03/color/frame-000172.color.png 0.999976 0.000442071 0.00697121 -0.0494996 -0.000365551 0.99994 -0.0109749 0.0473316 -0.00697565 0.010972 0.999916 -0.0163158 0.0 0.0 0.0 1.0
