pumpkin/seq-03/color/frame-000001.color.png pumpkin/seq-03/color/frame-000003.color.png 1.0 -0.000313868 0.000697836 0.00387969 0.000311545 0.999994 0.0033265 0.00252505 -0.000698876 -0.00332628 0.999994 0.00048828 0.0 0.0 0.0 1.0
pumpkin/seq-03/color/frame-000003.color.png pumpkin/seq-03/color/frame-000005.color.png 0.999997 0.0022327 0.000188258 0.00791423 -0.00223415 0.999965 0.00810857 -0.00282871 -0.000170148 -0.00810897 0.999967 0.00629432 0.0 0.0 0.0 1.0
pumpkin/seq-03/color/frame-000005.color.png pumpkin/seq-03/color/frame-000007.color.png 0.999971 0.00220244 0.00733406 0.00200957 -0.00223725 0.999986 0.00474163 -0.0051492 -0.00732352 -0.0047579 0.999962 0.00563809 0.0 0.0 0.0 1.0
pumpkin/seq-03/color/frame-000007.color.png pumpkin/seq-03/color/frame-000009.color.png 0.999998 -0.000896622 0.00174451 -0.00533497 0.00089123 0.999995 0.00308834 -0.000318198 -0.00174727 -0.00308678 0.999994 0.00481854 0.0 0.0 0.0 1.0
pumpkin/seq-03/color/frame-000009.color.png pumpkin/seq-03/color/frame-000011.color.png 0.999973 0.00194319 -0.00704183 0.00179536 -0.00185552 0.999921 0.0124363 -0.00343027 0.00706544 -0.0124229 0.999898 0.00848868 0.0 0.0 0.0 1.0
pumpkin/seq-03/color/frame-000011.color.png pumpkin/seq-03/color/frame-000013.color.png 0.999978 0.0011856 -0.0065781 0.0118937 -0.00108228 0.999876 0.0156887 -0.0101096 0.00659588 -0.0156812 0.999855 0.0150605 0.0 0.0 0.0 1.0
pumpkin/seq-03/color/frame-000013.color.png pumpkin/seq-03/color/frame-000015.color.png 0.999998 -0.00197817 0.000110516 0.0109324 0.00197724 0.999967 0.00782762 -0.00869505 -0.000125997 -0.0078274 0.999969 0.0131036 0.0 0.0 0.0 1.0
pumpkin/seq-03/color/frame-000015.color.png pumpkin/seq-03/color/frame-000017.color.png 0.999945 0.00366368 0.00984983 9.39742e-05 -0.00373476 0.999967 0.00720794 0.00495178 -0.0098231 -0.00724431 0.999926 0.0106843 0.0 0.0 0.0 1.0
pumpkin/seq-03/color/frame-000017.color.png pumpkin/seq-03/color/frame-000019.color.png 0.999952 -0.00581538 0.0078471 0.00637289 0.0057447 0.999943 0.00899924 -0.0106467 -0.00789899 -0.00895373 0.999929 0.0185421 0.0 0.0 0.0 1.0
pumpkin/seq-03/color/frame-000019.color.png pumpkin/seq-03/color/frame-000021.color.png 0.999925 0.00137635 0.0121935 0.00529427 -0.00145961 0.999976 0.00682168 -0.000507938 -0.0121838 -0.00683897 0.999902 0.0118797 0.0 0.0 0.0 1.0
pumpkin/seq-03/color/frame-000021.color.png pumpkin/seq-03/color/frame-000023.color.png 0.999917 -0.00116948 0.0128071 0.000116311 0.000979131 0.999889 0.0148591 -0.0134314 -0.012823 -0.0148453 0.999808 0.0220807 0.0 0.0 0.0 1.0
pumpkin/seq-03/color/frame-000023.color.png pumpkin/seq-03/color/frame-000025.color.png 0.999914 -0.00424398 0.0123756 -9.23015e-05 0.00411321 0.999936 0.0105737 -0.0172638 -0.0124197 -0.0105219 0.999868 0.0201394 0.0 0.0 0.0 1.0
pumpkin/seq-03/color/frame-000025.color.png pumpkin/seq-03/color/frame-000027.color.png 0.999898 -0.00572532 0.0131094 -0.0015801 0.00555245 0.999898 0.0131856 -0.0161112 -0.0131835 -0.0131114 0.999827 0.0192136 0.0 0.0 0.0 1.0
pumpkin/seq-03/color/frame-000027.color.png pumpkin/seq-03/color/frame-000029.color.png 0.999916 0.00267544 0.0127228 0.00300213 -0.00284578 0.999906 0.0133893 -0.0205444 -0.0126858 -0.0134244 0.99983 0.0255153 0.0 0.0 0.0 1.0
pumpkin/seq-03/color/frame-000029.color.png pumpkin/seq-03/color/frame-000031.color.png 0.999777 -0.00457136 0.0206066 -0.00734309 0.0044497 0.999972 0.00594596 -0.00953964 -0.0206333 -0.00585295 0.99977 0.0276257 0.0 0.0 0.0 1.0
pumpkin/seq-03/color/frame-000031.color.png pumpkin/seq-03/color/frame-000033.color.png 0.99988 0.0033764 0.0150862 -0.00525662 -0.00371972 0.999733 0.0227875 -0.0339618 -0.0150052 -0.0228409 0.999627 0.0381816 0.0 0.0 0.0 1.0
pumpkin/seq-03/color/frame-000033.color.png pumpkin/seq-03/color/frame-000035.color.png 0.99994 0.00542028 0.00950367 -0.00196481 -0.00550498 0.999945 0.00890823 -0.0169808 -0.00945489 -0.00896003 0.999915 0.0242918 0.0 0.0 0.0 1.0
pumpkin/seq-03/color/frame-000035.color.png pumpkin/seq-03/color/frame-000037.color.png 0.999928 0.00608242 0.0103848 -0.00679918 -0.00622918 0.99988 0.0141592 -0.0247089 -0.0102974 -0.0142229 0.999846 0.0260803 0.0 0.0 0.0 1.0
pumpkin/seq-03/color/frame-000037.color.png pumpkin/seq-03/color/frame-000039.color.png 0.999943 -0.000122551 0.0106875 -0.00300903 6.4722e-05 0.999985 0.00541062 -0.0159171 -0.010688 -0.00540962 0.999928 0.0210038 0.0 0.0 0.0 1.0
pumpkin/seq-03/color/frame-000039.color.png pumpkin/seq-03/color/frame-000041.color.png 0.999977 -0.0013348 0.006705 -6.52596e-05 0.00121655 0.999844 0.0176095 -0.0287071 -0.00672741 -0.0176009 0.999823 0.0204452 0.0 0.0 0.0 1.0
pumpkin/seq-03/color/frame-000041.color.png pumpkin/seq-03/color/frame-000043.color.png 0.999992 0.00107955 0.00393574 0.000102509 -0.00114325 0.999868 0.0162184 -0.0263389 -0.0039177 -0.0162228 0.999861 0.0222388 0.0 0.0 0.0 1.0
pumpkin/seq-03/color/frame-000043.color.png pumpkin/seq-03/color/frame-000045.color.png 0.999923 0.0112451 0.00530697 0.00785793 -0.0112899 0.9999 0.00848671 -0.0169587 -0.00521104 -0.00854602 0.99995 0.0188496 0.0 0.0 0.0 1.0
pumpkin/seq-03/color/frame-000045.color.png pumpkin/seq-03/color/frame-000047.color.png 0.999973 0.00362985 0.00645062 -0.00319571 -0.00372655 0.99988 0.0150447 -0.0269305 -0.00639522 -0.0150684 0.999866 0.0259572 0.0 0.0 0.0 1.0
pumpkin/seq-03/color/frame-000047.color.png pumpkin/seq-03/color/frame-000049.color.png 0.999981 0.00615025 -0.000717863 0.0158737 -0.0061393 0.999878 0.0143905 -0.0301265 0.000806257 -0.0143858 0.999896 0.0199521 0.0 0.0 0.0 1.0
pumpkin/seq-03/color/frame-000049.color.png pumpkin/seq-03/color/frame-000051.color.png 0.999979 0.00433093 0.00477915 0.00297938 -0.00439565 0.999898 0.0136188 -0.0285444 -0.00471966 -0.0136395 0.999896 0.0262261 0.0 0.0 0.0 1.0
pumpkin/seq-03/color/frame-000051.color.png pumpkin/seq-03/color/frame-000053.color.png 0.999957 0.0079238 0.00488143 0.00981063 -0.00795922 0.999942 0.0072803 -0.033969 -0.00482347 -0.00731887 0.999962 0.025462 0.0 0.0 0.0 1.0
pumpkin/seq-03/color/frame-000053.color.png pumpkin/seq-03/color/frame-000055.color.png 0.999929 0.00695951 0.00967292 0.00269886 -0.00697615 0.999974 0.00169013 -0.0147749 -0.00966086 -0.00175744 0.999952 0.0230166 0.0 0.0 0.0 1.0
pumpkin/seq-03/color/frame-000055.color.png pumpkin/seq-03/color/frame-000057.color.png 0.999868 0.0145727 0.00717414 0.0127048 -0.0146383 0.999851 0.0091834 -0.0211204 -0.00703929 -0.0092873 0.999932 0.0174214 0.0 0.0 0.0 1.0
pumpkin/seq-03/color/frame-000057.color.png pumpkin/seq-03/color/frame-000059.color.png 0.999898 -0.00481169 0.0134159 -0.00896733 0.00473103 0.99997 0.00603919 -0.0179757 -0.0134445 -0.00597499 0.999892 0.0205825 0.0 0.0 0.0 1.0
pumpkin/seq-03/color/frame-000059.color.png pumpkin/seq-03/color/frame-000061.color.png 0.999953 -0.000123631 0.00973605 -0.00115539 5.59294e-05 0.999976 0.00695284 -0.0199904 -0.00973674 -0.00695204 0.999928 0.00907618 0.0 0.0 0.0 1.0
pumpkin/seq-03/color/frame-000061.color.png pumpkin/seq-03/color/frame-000063.color.png 0.999955 0.00586232 0.00751601 -0.00300886 -0.00600408 0.999802 0.0189806 -0.0250396 -0.00740327 -0.0190248 0.999792 0.00703949 0.0 0.0 0.0 1.0
pumpkin/seq-03/color/frame-000063.color.png pumpkin/seq-03/color/frame-000065.color.png 0.999964 0.000817365 0.00839282 -0.00510852 -0.000999835 0.999763 0.0217618 -0.030999 -0.00837302 -0.0217694 0.999728 0.0117595 0.0 0.0 0.0 1.0
pumpkin/seq-03/color/frame-000065.color.png pumpkin/seq-03/color/frame-000067.color.png 0.99998 -0.000340054 0.0063524 -0.000879563 0.00026339 0.999927 0.012062 -0.0174456 -0.00635604 -0.0120601 0.999907 0.00738031 0.0 0.0 0.0 1.0
pumpkin/seq-03/color/frame-000067.color.png pumpkin/seq-03/color/frame-000069.color.png 0.999917 0.00780139 0.0102572 -0.00608535 -0.00803268 0.99971 0.0227065 -0.0238189 -0.0100771 -0.022787 0.99969 0.00336188 0.0 0.0 0.0 1.0
pumpkin/seq-03/color/frame-000069.color.png pumpkin/seq-03/color/frame-000071.color.png 0.999945 -0.000852711 0.0104261 -0.0193285 0.000553416 0.999589 0.0286742 -0.0495649 -0.0104462 -0.0286669 0.999534 0.0176145 0.0 0.0 0.0 1.0
pumpkin/seq-03/color/frame-000071.color.png pumpkin/seq-03/color/frame-000073.color.png 0.999998 0.00195174 0.000652728 -0.00255489 -0.00196372 0.999819 0.0189367 -0.0263797 -0.000615657 -0.018938 0.99982 0.0038085 0.0 0.0 0.0 1.0
pumpkin/seq-03/color/frame-000073.color.png pumpkin/seq-03/color/frame-000075.color.png 0.999888 0.00949612 0.0115323 -0.0160292 -0.00980076 0.999597 0.0266529 -0.0499438 -0.0112746 -0.0267629 0.999578 0.0205094 0.0 0.0 0.0 1.0
pumpkin/seq-03/color/frame-000075.color.png pumpkin/seq-03/color/frame-000077.color.png 0.99999 0.00442169 0.00072286 -0.00395279 -0.00442278 0.999989 0.00152475 -0.0143418 -0.000716129 -0.00152787 0.999999 0.00830632 0.0 0.0 0.0 1.0
pumpkin/seq-03/color/frame-000077.color.png pumpkin/seq-03/color/frame-000079.color.png 0.999859 0.0156743 0.00603936 -0.00963616 -0.0158114 0.999602 0.0233567 -0.0376473 -0.00567087 -0.0234489 0.999709 0.00432193 0.0 0.0 0.0 1.0
pumpkin/seq-03/color/frame-000079.color.png pumpkin/seq-03/color/frame-000081.color.png 0.999959 0.00900756 0.000138116 -0.013083 -0.00900851 0.999885 0.0121981 -0.0350141 -2.81676e-05 -0.0121988 0.999926 0.0175081 0.0 0.0 0.0 1.0
pumpkin/seq-03/color/frame-000081.color.png pumpkin/seq-03/color/frame-000083.color.png 0.999883 0.0151089 -0.00250595 -9.25045e-05 -0.0150739 0.999796 0.0134314 -0.027576 0.00270833 -0.0133922 0.999907 -0.00206745 0.0 0.0 0.0 1.0
pumpkin/seq-03/color/frame-000083.color.png pumpkin/seq-03/color/frame-000085.color.png 0.999877 0.0153576 0.00306362 -0.0097653 -0.015419 0.999658 0.0211091 -0.044275 -0.00273843 -0.0211537 0.999772 0.0112616 0.0 0.0 0.0 1.0
pumpkin/seq-03/color/frame-000085.color.png pumpkin/seq-03/color/frame-000087.color.png 0.999922 0.0113352 -0.00519089 -0.00392563 -0.0112788 0.999878 0.0107675 -0.0250083 0.00531235 -0.0107081 0.999929 0.00573474 0.0 0.0 0.0 1.0
pumpkin/seq-03/color/frame-000087.color.png pumpkin/seq-03/color/frame-000089.color.png 0.999896 0.0136869 -0.00460095 -0.00667123 -0.0136418 0.99986 0.00970088 -0.0256163 0.00473307 -0.00963711 0.999942 0.00997382 0.0 0.0 0.0 1.0
pumpkin/seq-03/color/frame-000089.color.png pumpkin/seq-03/color/frame-000091.color.png 0.999898 0.0126646 -0.00663648 -0.00294401 -0.0126193 0.999897 0.00682315 -0.0219371 0.0067222 -0.00673867 0.999955 0.0103155 0.0 0.0 0.0 1.0
pumpkin/seq-03/color/frame-000091.color.png pumpkin/seq-03/color/frame-000093.color.png 0.999928 0.00866024 -0.00834963 0.000112746 -0.00863086 0.999957 0.00353758 -0.00402701 0.00837996 -0.00346525 0.999959 -0.0107901 0.0 0.0 0.0 1.0
pumpkin/seq-03/color/frame-000093.color.png pumpkin/seq-03/color/frame-000095.color.png 0.999913 0.0111875 -0.0069601 -0.00734419 -0.0110609 0.999777 0.0179822 -0.0293017 0.00715968 -0.0179036 0.999814 0.0100317 0.0 0.0 0.0 1.0
pumpkin/seq-03/color/frame-000095.color.png pumpkin/seq-03/color/frame-000097.color.png 0.999928 0.00879577 -0.00813412 0.00316973 -0.00867501 0.999853 0.0147658 -0.0234292 0.0082628 -0.0146941 0.999858 -0.012141 0.0 0.0 0.0 1.0
pumpkin/seq-03/color/frame-000097.color.png pumpkin/seq-03/color/frame-000099.color.png 0.999975 0.000351239 -0.00704689 -0.00141153 -0.000270678 0.999935 0.011428 -0.0192035 0.00705048 -0.0114258 0.99991 -0.00117874 0.0 0.0 0.0 1.0
pumpkin/seq-03/color/frame-000099.color.png pumpkin/seq-03/color/frame-000101.color.png 0.999849 -0.00364972 -0.0169697 0.00670275 0.00383722 0.999932 0.0110273 -0.0197972 0.0169282 -0.0110909 0.999795 -0.00696266 0.0 0.0 0.0 1.0
pumpkin/seq-03/color/frame-000101.color.png pumpkin/seq-03/color/frame-000103.color.png 0.999812 0.0120059 -0.0152198 0.0141532 -0.0118859 0.999898 0.00794849 -0.0056864 0.0153137 -0.00776597 0.999853 -0.0148778 0.0 0.0 0.0 1.0
pumpkin/seq-03/color/frame-000103.color.png pumpkin/seq-03/color/frame-000105.color.png 0.999927 0.000460306 -0.0120415 0.0010263 -0.000258942 0.99986 0.0167182 -0.0196722 0.0120475 -0.016714 0.999788 -0.00186312 0.0 0.0 0.0 1.0
pumpkin/seq-03/color/frame-000105.color.png pumpkin/seq-03/color/frame-000107.color.png 0.999613 0.0170386 -0.0219973 0.0122674 -0.0170376 0.999855 0.000234632 0.00904816 0.0219981 0.00014024 0.999758 -0.00188357 0.0 0.0 0.0 1.0
pumpkin/seq-03/color/frame-000107.color.png pumpkin/seq-03/color/frame-000109.color.png 0.999844 0.00415229 -0.0171709 0.0133 -0.00407509 0.999981 0.00452893 -0.0158197 0.0171894 -0.00445832 0.999842 -0.00275439 0.0 0.0 0.0 1.0
pumpkin/seq-03/color/frame-000109.color.png pumpkin/seq-03/color/frame-000111.color.png 0.999848 -0.000598339 -0.0174138 0.00696689 0.00039544 0.999932 -0.0116521 0.0198121 0.0174196 0.0116435 0.99978 -0.00882286 0.0 0.0 0.0 1.0
pumpkin/seq-03/color/frame-000111.color.png pumpkin/seq-03/color/frame-000113.color.png 0.999566 -0.00406216 -0.0291768 0.0418451 0.00389539 0.999976 -0.00577106 0.00340223 0.0291996 0.00565502 0.999558 0.00600791 0.0 0.0 0.0 1.0
pumpkin/seq-03/color/frame-000113.color.png pumpkin/seq-03/color/frame-000115.color.png 0.999914 -0.000138952 -0.0130884 -0.00897875 -0.000246305 0.999567 -0.0294332 0.0457464 0.0130868 0.0294337 0.999481 -0.00431484 0.0 0.0 0.0 1.0
pumpkin/seq-03/color/frame-000115.color.png pumpkin/seq-03/color/frame-000117.color.png 0.999581 -0.0117814 -0.0264299 0.0167277 0.0109742 0.999475 -0.0304779 0.0311577 0.0267751 0.0301752 0.999186 0.00930542 0.0 0.0 0.0 1.0
pumpkin/seq-03/color/frame-000117.color.png pumpkin/seq-03/color/frame-000119.color.png 0.999425 -0.00827282 -0.032895 0.0330566 0.00714808 0.999391 -0.0341652 0.0444667 0.0331575 0.0339103 0.998875 -0.00535643 0.0 0.0 0.0 1.0
pumpkin/seq-03/color/frame-000119.color.png pumpkin/seq-03/color/frame-000121.color.png 0.9996 -0.00231952 -0.0281829 0.0326322 0.00179021 0.999822 -0.0187912 0.0243926 0.0282215 0.0187332 0.999426 -0.0182236 0.0 0.0 0.0 1.0
pumpkin/seq-03/color/frame-000121.color.png pumpkin/seq-03/color/frame-000123.color.png 0.99979 -0.00332252 -0.0202201 0.0122866 0.00289941 0.999777 -0.0209193 0.0320669 0.0202852 0.0208563 0.999577 -0.00266784 0.0 0.0 0.0 1.0
pumpkin/seq-03/color/frame-000123.color.png pumpkin/seq-03/color/frame-000125.color.png 0.999552 -0.00217103 -0.0298533 0.03693 0.00170975 0.999879 -0.0154672 0.0121669 0.0298833 0.0154092 0.999435 -0.0082891 0.0 0.0 0.0 1.0
pumpkin/seq-03/color/frame-000125.color.png pumpkin/seq-03/color/frame-000127.color.png 0.99997 0.00106338 -0.00771582 0.00366843 -0.00120482 0.999831 -0.0183465 0.030203 0.00769501 0.0183553 0.999802 0.00173169 0.0 0.0 0.0 1.0
pumpkin/seq-03/color/frame-000127.color.png pumpkin/seq-03/color/frame-000129.color.png 0.999696 -0.00624809 -0.0238335 0.0264549 0.00567577 0.999696 -0.0240066 0.036646 0.0239763 0.023864 0.999428 -0.0222735 0.0 0.0 0.0 1.0
pumpkin/seq-03/color/frame-000129.color.png pumpkin/seq-03/color/frame-000131.color.png 0.999982 -0.000312325 -0.00607626 -0.00866728 0.000288874 0.999992 -0.00385973 0.000846267 0.00607741 0.00385786 0.999974 0.00371093 0.0 0.0 0.0 1.0
pumpkin/seq-03/color/frame-000131.color.png pumpkin/seq-03/color/frame-000133.color.png 0.999579 -0.0117235 -0.0265332 0.0300407 0.0111964 0.999739 -0.0199295 0.0224613 0.0267599 0.019624 0.999449 -0.0137587 0.0 0.0 0.0 1.0
pumpkin/seq-03/color/frame-000133.color.png pumpkin/seq-03/color/frame-000135.color.png 0.999717 -0.0201065 -0.0126828 -0.0119419 0.0198163 0.999548 -0.0226055 0.0268507 0.0131315 0.0223477 0.999664 0.00197357 0.0 0.0 0.0 1.0
pumpkin/seq-03/color/frame-000135.color.png pumpkin/seq-03/color/frame-000137.color.png 0.999918 -0.00659791 -0.010985 0.00480978 0.00649103 0.999932 -0.00973457 0.00952768 0.0110485 0.00966255 0.999892 -0.00423706 0.0 0.0 0.0 1.0
pumpkin/seq-03/color/frame-000137.color.png pumpkin/seq-03/color/frame-000139.color.png 0.999508 -0.0213097 -0.0230205 0.00999464 0.0206 0.999318 -0.030642 0.0413566 0.0236578 0.0301527 0.999265 0.0103467 0.0 0.0 0.0 1.0
pumpkin/seq-03/color/frame-000139.color.png pumpkin/seq-03/color/frame-000141.color.png 0.99981 -0.0150085 -0.0124347 0.00609152 0.0147218 0.999631 -0.0228276 0.00968677 0.0127727 0.0226402 0.999662 -0.00523889 0.0 0.0 0.0 1.0
pumpkin/seq-03/color/frame-000141.color.png pumpkin/seq-03/color/frame-000143.color.png 0.999791 -0.0174272 -0.0106497 -0.00293653 0.0169824 0.999035 -0.0405092 0.0568292 0.0113454 0.0403199 0.999122 0.00318724 0.0 0.0 0.0 1.0
pumpkin/seq-03/color/frame-000143.color.png pumpkin/seq-03/color/frame-000145.color.png 0.999892 -0.013854 -0.00484146 -0.00256817 0.0137299 0.999598 -0.0247892 0.015924 0.00518297 0.02472 0.999681 -0.00524938 0.0 0.0 0.0 1.0
pumpkin/seq-03/color/frame-000145.color.png pumpkin/seq-03/color/frame-000147.color.png 0.999944 -0.0084655 -0.00635293 0.00739263 0.00835105 0.999806 -0.01783 0.0273716 0.00650265 0.0177759 0.999821 -0.000763267 0.0 0.0 0.0 1.0
pumpkin/seq-03/color/frame-000147.color.png pumpkin/seq-03/color/frame-000149.color.png 0.999924 -0.012319 0.000295936 -0.0138934 0.0123226 0.999631 -0.0242121 0.0158867 2.43307e-06 0.0242139 0.999707 -0.00232789 0.0 0.0 0.0 1.0
pumpkin/seq-03/color/frame-000149.color.png pumpkin/seq-03/color/frame-000151.color.png 0.999827 -0.0172678 -0.00689445 0.00370335 0.0169993 0.999161 -0.0372595 0.0490556 0.00753206 0.0371359 0.999282 -0.00336292 0.0 0.0 0.0 1.0
pumpkin/seq-03/color/frame-000151.color.png pumpkin/seq-03/color/frame-000153.color.png 0.999958 -0.00841857 -0.00367113 -0.00736335 0.00834509 0.999773 -0.01959 0.00437787 0.00383523 0.0195586 0.999801 -0.000603974 0.0 0.0 0.0 1.0
pumpkin/seq-03/color/frame-000153.color.png pumpkin/seq-03/color/frame-000155.color.png 0.99998 -0.00441173 -0.00440464 0.00243983 0.00433122 0.999826 -0.0181365 0.0227408 0.00448387 0.0181171 0.999826 -0.00884432 0.0 0.0 0.0 1.0
pumpkin/seq-03/color/frame-000155.color.png pumpkin/seq-03/color/frame-000157.color.png 0.999855 -0.0105879 -0.0133336 0.00538917 0.0102823 0.999688 -0.0227781 0.0187862 0.0135706 0.0226377 0.999652 -0.00208473 0.0 0.0 0.0 1.0
pumpkin/seq-03/color/frame-000157.color.png pumpkin/seq-03/color/frame-000159.color.png 0.999966 -0.00613007 -0.00545214 -0.00271897 0.00608548 0.999948 -0.00815553 0.0105038 0.00550183 0.00812208 0.999952 -0.0123801 0.0 0.0 0.0 1.0
pumpkin/seq-03/color/frame-000159.color.png pumpkin/seq-03/color/frame-000161.color.png 0.999909 -0.0118524 -0.00636611 -0.0186639 0.0117127 0.999699 -0.0215479 0.0267285 0.00661959 0.0214713 0.999748 -0.00691238 0.0 0.0 0.0 1.0
pumpkin/seq-03/color/frame-000161.color.png pumpkin/seq-03/color/frame-000163.color.png 0.999917 -0.000560518 -0.0128822 0.00500808 0.000513498 0.999993 -0.00365633 0.00503144 0.0128842 0.00364942 0.99991 -0.00876522 0.0 0.0 0.0 1.0
pumpkin/seq-03/color/frame-000163.color.png pumpkin/seq-03/color/frame-000165.color.png 0.999905 -0.00391254 -0.0131956 0.000774898 0.00388583 0.99999 -0.00204661 0.00839949 0.0132035 0.00199513 0.999911 -0.0193495 0.0 0.0 0.0 1.0
pumpkin/seq-03/color/frame-000165.color.png pumpkin/seq-03/color/frame-000167.color.png 0.999912 0.00049858 -0.0132853 -0.00381713 -0.000528919 0.999997 -0.0022821 0.0217192 0.0132842 0.00228892 0.999909 -0.0130962 0.0 0.0 0.0 1.0
pumpkin/seq-03/color/frame-000167.color.png pumpkin/seq-03/color/frame-000169.color.png 0.999832 0.00671371 -0.0170545 0.000683278 -0.00670963 0.999977 0.000293914 0.00770116 0.0170561 -0.000179425 0.999854 -0.0118051 0.0 0.0 0.0 1.0
pumpkin/seq-03/color/frame-000169.color.png pumpkin/seq-03/color/frame-000171.color.png 0.999966 0.00112413 -0.00818694 -0.00282398 -0.00115388 0.999993 -0.00362268 0.0357695 0.00818281 0.003632 0.99996 -0.0166962 0.0 0.0 0.0 1.0
pumpkin/seq-03/color/frame-000171.color.png pumpkin/seq-03/color/frame-000173.color.png 0.999662 0.00449583 -0.0256052 0.00925755 -0.00409732 0.99987 0.0155934 -0.0184372 0.025672 -0.0154832 0.999551 -0.00857207 0.0 0.0 0.0 1.0
pumpkin/seq-03/color/frame-000173.color.png pumpkin/seq-03/color/frame-000175.color.png 0.999931 0.00295919 -0.0113388 -0.0178201 -0.00297717 0.999994 -0.00156656 0.0226628 0.0113341 0.00160021 0.999934 -0.0200495 0.0 0.0 0.0 1.0
pumpkin/seq-03/color/frame-000175.color.png pumpkin/seq-03/color/frame-000177.color.png 0.999839 0.0020509 -0.0178323 0.011285 -0.00173516 0.999842 0.0177039 -0.0218238 0.0178658 -0.0176701 0.999684 -0.00692558 0.0 0.0 0.0 1.0
pumpkin/seq-03/color/frame-000177.color.png pumpkin/seq-03/color/frame-000179.color.png 0.999956 -0.000472046 -0.00939845 -0.00394574 0.000472183 1.0 8.32129e-06 0.0137568 0.00939847 -1.27626e-05 0.999956 -0.0112959 0.0 0.0 0.0 1.0
pumpkin/seq-03/color/frame-000179.color.png pumpkin/seq-03/color/frame-000181.color.png 0.999813 -0.00126969 -0.0192948 0.00481814 0.00144191 0.999959 0.00891296 -0.00057283 0.0192827 -0.00893911 0.999774 -0.00420786 0.0 0.0 0.0 1.0
pumpkin/seq-03/color/frame-000181.color.png pumpkin/seq-03/color/frame-000183.color.png 0.999885 0.000515763 -0.0151486 -0.00224859 -0.000610543 0.99998 -0.00625303 0.0155139 0.0151452 0.00626156 0.999866 -0.00553425 0.0 0.0 0.0 1.0
pumpkin/seq-03/color/frame-000183.color.png pumpkin/seq-03/color/frame-000185.color.png 0.999712 0.000289 -0.0239927 0.0158705 -0.000279209 1.0 0.00041347 0.00926399 0.0239928 -0.000406658 0.999712 -0.00759499 0.0 0.0 0.0 1.0
pumpkin/seq-03/color/frame-000185.color.png pumpkin/seq-03/color/frame-000187.color.png 0.999801 0.00071707 -0.0199398 -0.00161574 -0.000859163 0.999974 -0.00711893 0.00198501 0.0199342 0.00713464 0.999776 -0.00465442 0.0 0.0 0.0 1.0
pumpkin/seq-03/color/frame-000187.color.png pumpkin/seq-03/color/frame-000189.color.png 0.999152 0.00580365 -0.0407595 0.0325474 -0.00540873 0.999938 0.00979153 -0.0047231 0.0408138 -0.00956276 0.999121 -0.0100847 0.0 0.0 0.0 1.0
pumpkin/seq-03/color/frame-000189.color.png pumpkin/seq-03/color/frame-000191.color.png 0.999761 0.0107644 -0.0190534 0.0129709 -0.0105825 0.999898 0.00962074 -0.0148531 0.0191551 -0.00941681 0.999772 -0.0131622 0.0 0.0 0.0 1.0
pumpkin/seq-03/color/frame-000191.color.png pumpkin/seq-03/color/frame-000193.color.png 0.998965 0.0118693 -0.0439211 0.0319254 -0.0117647 0.999927 0.00264001 0.0240335 0.0439491 -0.00212054 0.999032 -0.00974882 0.0 0.0 0.0 1.0
pumpkin/seq-03/color/frame-000193.color.png pumpkin/seq-03/color/frame-000195.color.png 0.998776 0.0150758 -0.0470986 0.0381191 -0.0141141 0.999686 0.0206844 -0.0205537 0.0473957 -0.0199943 0.998676 -0.0108386 0.0 0.0 0.0 1.0
pumpkin/seq-03/color/frame-000195.color.png pumpkin/seq-03/color/frame-000197.color.png 0.99961 0.0120509 -0.0251982 -0.0105433 -0.0118723 0.999903 0.00722534 0.0170481 0.0252827 -0.00692337 0.999656 -0.0181784 0.0 0.0 0.0 1.0
pumpkin/seq-03/color/frame-000197.color.png pumpkin/seq-03/color/frame-000199.color.png 0.997428 0.0203389 -0.0687341 0.0507099 -0.0188408 0.999572 0.0223736 -0.00024128 0.0691599 -0.021021 0.997384 0.000422031 0.0 0.0 0.0 1.0
pumpkin/seq-03/color/frame-000199.color.png pumpkin/seq-03/color/frame-000201.color.png 0.998699 0.0122275 -0.0494941 0.0239725 -0.0115685 0.999841 0.0135791 0.00628841 0.0496523 -0.0129889 0.998682 -0.00716643 0.0 0.0 0.0 1.0
pumpkin/seq-03/color/frame-000201.color.png pumpkin/seq-03/color/frame-000203.color.png 0.998404 0.0145146 -0.054574 0.0164656 -0.0135657 0.999751 0.0177176 0.00612718 0.0548175 -0.016949 0.998353 -0.00227197 0.0 0.0 0.0 1.0
pumpkin/seq-03/color/frame-000203.color.png pumpkin/seq-03/color/frame-000205.color.png 0.999332 0.00854728 -0.0355282 0.00921005 -0.00827053 0.999934 0.00792957 0.00455689 0.0355937 -0.00763041 0.999337 -0.00326701 0.0 0.0 0.0 1.0
pumpkin/seq-03/color/frame-000205.color.png pumpkin/seq-03/color/frame-000207.color.png 0.998814 0.0289566 -0.0391451 0.0201378 -0.0284498 0.999505 0.0134411 -0.0146085 0.0395149 -0.0123115 0.999143 0.0083462 0.0 0.0 0.0 1.0
pumpkin/seq-03/color/frame-000207.color.png pumpkin/seq-03/color/frame-000209.color.png 0.99911 0.0167189 -0.038737 0.0273062 -0.0165702 0.999854 0.00415446 0.0153346 0.0388008 -0.00350888 0.999241 0.0219428 0.0 0.0 0.0 1.0
pumpkin/seq-03/color/frame-000209.color.png pumpkin/seq-03/color/frame-000211.color.png 0.999674 0.01959 -0.0163452 0.0232419 -0.0191419 0.999448 0.0271369 0.00471207 0.0168679 -0.0268152 0.999498 0.0204543 0.0 0.0 0.0 1.0
pumpkin/seq-03/color/frame-000211.color.png pumpkin/seq-03/color/frame-000213.color.png 0.999984 0.00506707 0.00257829 -0.00920658 -0.00511849 0.99978 0.0203362 0.0127592 -0.0024746 -0.0203492 0.99979 0.0130137 0.0 0.0 0.0 1.0
pumpkin/seq-03/color/frame-000213.color.png pumpkin/seq-03/color/frame-000215.color.png 0.999738 0.0216055 0.00760266 -0.00412991 -0.0219061 0.998878 0.0419783 -0.00332651 -0.00668722 -0.0421338 0.999089 0.00909203 0.0 0.0 0.0 1.0
pumpkin/seq-03/color/frame-000215.color.png pumpkin/seq-03/color/frame-000217.color.png 0.999877 0.0152285 0.00371114 0.00649382 -0.0153299 0.999462 0.0290086 -0.020669 -0.00326749 -0.029062 0.999572 0.020986 0.0 0.0 0.0 1.0
pumpkin/seq-03/color/frame-000217.color.png pumpkin/seq-03/color/frame-000219.color.png 0.999865 0.00643906 0.0150983 -0.000995187 -0.00688566 0.999535 0.0297218 -0.0175802 -0.0148998 -0.0298218 0.999444 0.0307397 0.0 0.0 0.0 1.0
pumpkin/seq-03/color/frame-000219.color.png pumpkin/seq-03/color/frame-000221.color.png 0.9999 -0.00694106 -0.0122723 0.0566591 0.00705582 0.999931 0.00933731 0.00868058 0.0122065 -0.00942295 0.999881 0.017823 0.0 0.0 0.0 1.0
pumpkin/seq-03/color/frame-000221.color.png pumpkin/seq-03/color/frame-000223.color.png 0.999963 -0.0013655 0.00854317 -0.00959716 0.00131431 0.999981 0.00599642 -0.0033052 -0.00855116 -0.00598492 0.999946 0.0138551 0.0 0.0 0.0 1.0
pumpkin/seq-03/color/frame-000223.color.png pumpkin/seq-03/color/frame-000225.color.png 0.999984 -0.00558466 -0.000227253 0.00333775 0.00558552 0.999978 0.00356677 0.000947744 0.000207346 -0.00356805 0.999994 0.0259359 0.0 0.0 0.0 1.0
pumpkin/seq-03/color/frame-000225.color.png pumpkin/seq-03/color/frame-000227.color.png 0.99997 -0.00632192 -0.00458848 0.00644123 0.00630801 0.999975 -0.00304531 -0.00354525 0.0046076 0.00301628 0.999985 0.0311829 0.0 0.0 0.0 1.0
pumpkin/seq-03/color/frame-000227.color.png pumpkin/seq-03/color/frame-000229.color.png 0.999677 -0.0184703 0.0174414 -0.00962558 0.0188496 0.999584 -0.0218464 0.00201446 -0.0170308 0.0221681 0.999609 0.0355608 0.0 0.0 0.0 1.0
pumpkin/seq-03/color/frame-000229.color.png pumpkin/seq-03/color/frame-000231.color.png 0.999656 -0.0195291 0.0175351 0.00152632 0.0197917 0.999693 -0.014931 -0.0048829 -0.0172382 0.0152729 0.999735 0.033269 0.0 0.0 0.0 1.0
pumpkin/seq-03/color/frame-000231.color.png pumpkin/seq-03/color/frame-000233.color.png 0.999798 -0.0196377 -0.00428009 0.0411468 0.0195391 0.999568 -0.0219685 0.0253327 0.00470982 0.0218805 0.99975 0.0469069 0.0 0.0 0.0 1.0
pumpkin/seq-03/color/frame-000233.color.png pumpkin/seq-03/color/frame-000235.color.png 0.999766 -0.0158428 0.0147413 -0.0067789 0.0159978 0.999817 -0.0104634 0.0064722 -0.0145728 0.0106968 0.999837 0.0222719 0.0 0.0 0.0 1.0
pumpkin/seq-03/color/frame-000235.color.png pumpkin/seq-03/color/frame-000237.color.png 0.999792 -0.00947509 0.0180795 -0.00522773 0.00972972 0.999854 -0.0140451 0.00281268 -0.0179439 0.0142181 0.999738 0.0274402 0.0 0.0 0.0 1.0
pumpkin/seq-03/color/frame-000237.color.png pumpkin/seq-03/color/frame-000239.color.png 0.999304 -0.00964119 0.0360434 -0.0245001 0.0103564 0.999752 -0.0197094 0.0124716 -0.0358444 0.0200689 0.999156 0.00857973 0.0 0.0 0.0 1.0
pumpkin/seq-03/color/frame-000239.color.png pumpkin/seq-03/color/frame-000241.color.png 0.999214 -0.0104103 0.0382402 -0.0162586 0.0115178 0.999517 -0.0288574 0.00679588 -0.0379213 0.0292752 0.998852 0.024595 0.0 0.0 0.0 1.0
pumpkin/seq-03/color/frame-000241.color.png pumpkin/seq-03/color/frame-000243.color.png 0.999422 -0.00865491 0.0328866 -0.0168918 0.00937382 0.999719 -0.021771 -0.00858238 -0.0326889 0.0220667 0.999222 0.0267735 0.0 0.0 0.0 1.0
pumpkin/seq-03/color/frame-000243.color.png pumpkin/seq-03/color/frame-000245.color.png 0.999455 -0.0117812 0.0308236 -0.00621884 0.0126475 0.999526 -0.0280613 -0.0011346 -0.0304782 0.0284358 0.999131 0.0404628 0.0 0.0 0.0 1.0
pumpkin/seq-03/color/frame-000245.color.png pumpkin/seq-03/color/frame-000247.color.png 0.999645 -0.00848757 0.0252497 0.00498106 0.00917216 0.99959 -0.0271222 -0.01324 -0.0250093 0.0273441 0.999313 0.0456609 0.0 0.0 0.0 1.0
pumpkin/seq-03/color/frame-000247.color.png pumpkin/seq-03/color/frame-000249.color.png 0.999988 -0.00478895 -0.000819393 0.0377651 0.00477458 0.999849 -0.0167127 -0.0175488 0.000899397 0.0167086 0.99986 0.0517287 0.0 0.0 0.0 1.0
pumpkin/seq-03/color/frame-000249.color.png pumpkin/seq-03/color/frame-000251.color.png 0.999604 -0.00966218 0.0264231 -0.0112154 0.0104759 0.99947 -0.0308334 0.00636885 -0.0261112 0.031098 0.999175 0.0435727 0.0 0.0 0.0 1.0
pumpkin/seq-03/color/frame-000251.color.png pumpkin/seq-03/color/frame-000253.color.png 0.99961 -0.00568554 0.027322 -0.0279294 0.0062809 0.999744 -0.0217542 -0.00298148 -0.0271914 0.0219173 0.99939 0.0284722 0.0 0.0 0.0 1.0
pumpkin/seq-03/color/frame-000253.color.png pumpkin/seq-03/color/frame-000255.color.png 0.999659 -0.00666846 0.0252668 -0.0378838 0.00706666 0.999852 -0.0157023 0.00469452 -0.0251583 0.0158755 0.999557 0.0209348 0.0 0.0 0.0 1.0
pumpkin/seq-03/color/frame-000255.color.png pumpkin/seq-03/color/frame-000257.color.png 0.99995 -0.00308641 0.00952527 -0.00956841 0.00327026 0.999808 -0.0193416 -0.00959823 -0.00946383 0.0193718 0.999768 0.0331718 0.0 0.0 0.0 1.0
pumpkin/seq-03/color/frame-000257.color.png pumpkin/seq-03/color/frame-000259.color.png 0.999873 -0.00858144 0.0134048 -0.0189573 0.00880483 0.999822 -0.0166996 -0.00354305 -0.013259 0.0168154 0.999771 0.0222429 0.0 0.0 0.0 1.0
pumpkin/seq-03/color/frame-000259.color.png pumpkin/seq-03/color/frame-000261.color.png 0.999557 -0.0107077 0.0277532 -0.0359141 0.0111738 0.999798 -0.0166976 -0.00167373 -0.0275688 0.0170004 0.999475 0.0343899 0.0 0.0 0.0 1.0
pumpkin/seq-03/color/frame-000261.color.png pumpkin/seq-03/color/frame-000263.color.png 0.999416 -0.00806195 0.033197 -0.0472597 0.00864161 0.999812 -0.0173531 -0.0154115 -0.0330507 0.0176299 0.999298 0.0409828 0.0 0.0 0.0 1.0
pumpkin/seq-03/color/frame-000263.color.png pumpkin/seq-03/color/frame-000265.color.png 0.999062 -0.0150236 0.0406149 -0.0549366 0.0159394 0.999624 -0.0223223 0.0173887 -0.0402642 0.0229488 0.998925 0.022337 0.0 0.0 0.0 1.0
pumpkin/seq-03/color/frame-000265.color.png pumpkin/seq-03/color/frame-000267.color.png 0.999254 -0.0223329 0.0315075 -0.0467941 0.0230572 0.999474 -0.0228132 0.00610495 -0.0309814 0.0235227 0.999243 0.0368195 0.0 0.0 0.0 1.0
pumpkin/seq-03/color/frame-000267.color.png pumpkin/seq-03/color/frame-000269.color.png 0.999111 -0.019371 0.0374503 -0.0630014 0.019871 0.999718 -0.0130244 0.0140025 -0.0371874 0.0137569 0.999214 0.0158289 0.0 0.0 0.0 1.0
pumpkin/seq-03/color/frame-000269.color.png pumpkin/seq-03/color/frame-000271.color.png 0.999357 -0.0143132 0.0328637 -0.0491183 0.0146082 0.999855 -0.0087541 0.000638008 -0.0327336 0.00922857 0.999421 0.0144684 0.0 0.0 0.0 1.0
pumpkin/seq-03/color/frame-000271.color.png pumpkin/seq-03/color/frame-000273.color.png 0.999426 -0.0150159 0.0303832 -0.0367281 0.0150896 0.999884 -0.00219694 -0.0205514 -0.0303467 0.00265415 0.999536 0.0105689 0.0 0.0 0.0 1.0
pumpkin/seq-03/color/frame-000273.color.png pumpkin/seq-03/color/frame-000275.color.png 0.999341 -0.0064254 0.0357228 -0.0459719 0.00642071 0.999979 0.000246529 -0.0274642 -0.0357236 -1.69514e-05 0.999362 0.0102404 0.0 0.0 0.0 1.0
pumpkin/seq-03/color/frame-000275.color.png pumpkin/seq-03/color/frame-000277.color.png 0.999562 -0.00772698 0.0285718 -0.0350311 0.00783831 0.999962 -0.00378623 -0.00288367 -0.0285415 0.00400846 0.999585 0.0120404 0.0 0.0 0.0 1.0
pumpkin/seq-03/color/frame-000277.color.png pumpkin/seq-03/color/frame-000279.color.png 0.999474 -0.0073371 0.0315891 -0.0467139 0.00742377 0.999969 -0.00262729 0.0022186 -0.0315688 0.00286044 0.999497 0.0130159 0.0 0.0 0.0 1.0
pumpkin/seq-03/color/frame-000279.color.png pumpkin/seq-03/color/frame-000281.color.png 0.999679 -0.00389116 0.0250519 -0.0272208 0.00391714 0.999992 -0.000987611 -0.00663894 -0.0250479 0.00108545 0.999686 0.011181 0.0 0.0 0.0 1.0
pumpkin/seq-03/color/frame-000281.color.png pumpkin/seq-03/color/frame-000283.color.png 0.999596 -0.00559367 0.0278574 -0.0360316 0.00569245 0.999978 -0.00346785 -0.00158292 -0.0278374 0.00362503 0.999606 0.00249141 0.0 0.0 0.0 1.0
pumpkin/seq-03/color/frame-000283.color.png pumpkin/seq-03/color/frame-000285.color.png 0.999693 -0.0016298 0.024704 -0.0279442 0.00153847 0.999992 0.00371564 -0.00902385 -0.0247098 -0.00367649 0.999688 0.000281513 0.0 0.0 0.0 1.0
pumpkin/seq-03/color/frame-000285.color.png pumpkin/seq-03/color/frame-000287.color.png 0.999458 -0.0103346 0.0312685 -0.0563388 0.0105607 0.999919 -0.00707529 0.0162308 -0.0311928 0.00740168 0.999486 0.0102532 0.0 0.0 0.0 1.0
pumpkin/seq-03/color/frame-000287.color.png pumpkin/seq-03/color/frame-000289.color.png 0.999635 -0.00706675 0.0260597 -0.0330693 0.0071103 0.999974 -0.00157893 -0.00587571 -0.0260478 0.00176368 0.999659 -0.00129861 0.0 0.0 0.0 1.0
pumpkin/seq-03/color/frame-000289.color.png pumpkin/seq-03/color/frame-000291.color.png 0.999753 -0.0052823 0.0216002 -0.0195265 0.00538481 0.999974 -0.00469033 0.000949919 -0.0215749 0.00480543 0.999756 -0.00318062 0.0 0.0 0.0 1.0
pumpkin/seq-03/color/frame-000291.color.png pumpkin/seq-03/color/frame-000293.color.png 0.999253 -0.00508391 0.038306 -0.0450309 0.0054668 0.999936 -0.00989723 0.00725812 -0.0382532 0.0100993 0.999217 -0.00280309 0.0 0.0 0.0 1.0
pumpkin/seq-03/color/frame-000293.color.png pumpkin/seq-03/color/frame-000295.color.png 0.999559 -0.00968925 0.0280883 -0.0342951 0.0100981 0.999845 -0.0144494 0.0159174 -0.0279439 0.0147266 0.999501 -0.00126219 0.0 0.0 0.0 1.0
pumpkin/seq-03/color/frame-000295.color.png pumpkin/seq-03/color/frame-000297.color.png 0.999607 -0.00189644 0.0279792 -0.0300071 0.00219645 0.99994 -0.0106956 0.00947928 -0.0279572 0.0107528 0.999551 -0.000718713 0.0 0.0 0.0 1.0
pumpkin/seq-03/color/frame-000297.color.png pumpkin/seq-03/color/frame-000299.color.png 0.999759 -0.00662613 0.0209239 -0.0220885 0.00702065 0.999798 -0.0188379 0.0241791 -0.0207948 0.0189803 0.999604 -0.00691861 0.0 0.0 0.0 1.0
pumpkin/seq-03/color/frame-000299.color.png pumpkin/seq-03/color/frame-000301.color.png 0.999793 -0.00095473 0.0203354 -0.0201177 0.00107923 0.999981 -0.00611344 0.00653833 -0.0203292 0.00613407 0.999775 -0.00710219 0.0 0.0 0.0 1.0
pumpkin/seq-03/color/frame-000301.color.png pumpkin/seq-03/color/frame-000303.color.png 0.999758 7.37539e-06 0.0220064 -0.0218236 0.000320643 0.999889 -0.0149017 0.0127578 -0.0220041 0.0149052 0.999647 -0.00418836 0.0 0.0 0.0 1.0
pumpkin/seq-03/color/frame-000303.color.png pumpkin/seq-03/color/frame-000305.color.png 0.999757 -0.00291249 0.0218369 -0.0383121 0.00331014 0.999829 -0.0181963 0.00861603 -0.0217801 0.0182641 0.999596 0.00296491 0.0 0.0 0.0 1.0
pumpkin/seq-03/color/frame-000305.color.png pumpkin/seq-03/color/frame-000307.color.png 0.999918 0.00402521 0.0121581 -0.0129977 -0.00380122 0.999824 -0.0183885 0.0112533 -0.01223 0.0183409 0.999757 0.000218987 0.0 0.0 0.0 1.0
pumpkin/seq-03/color/frame-000307.color.png pumpkin/seq-03/color/frame-000309.color.png 0.999979 0.00153863 0.00628903 -0.0024309 -0.00140679 0.99978 -0.0209172 0.0192867 -0.00631985 0.0209079 0.999761 -0.00598168 0.0 0.0 0.0 1.0
pumpkin/seq-03/color/frame-000309.color.png pumpkin/seq-03/color/frame-000311.color.png 0.999949 0.00949462 0.0033584 -0.00548359 -0.0094273 0.999765 -0.0195218 0.0249045 -0.00354293 0.0194892 0.999804 0.00165522 0.0 0.0 0.0 1.0
pumpkin/seq-03/color/frame-000311.color.png pumpkin/seq-03/color/frame-000313.color.png 0.999966 0.00408441 0.00716729 -0.0122048 -0.00389115 0.999634 -0.0267764 0.0247285 -0.00727404 0.0267475 0.999616 0.0080936 0.0 0.0 0.0 1.0
pumpkin/seq-03/color/frame-000313.color.png pumpkin/seq-03/color/frame-000315.color.png 0.99995 0.00603372 0.00795426 -0.00937491 -0.00581871 0.999624 -0.0267826 0.0228703 -0.00811287 0.026735 0.99961 0.00262254 0.0 0.0 0.0 1.0
pumpkin/seq-03/color/frame-000315.color.png pumpkin/seq-03/color/frame-000317.color.png 0.999939 0.00575978 0.00941923 -0.0136891 -0.00568392 0.999951 -0.00806046 -0.0145181 -0.00946523 0.00800646 0.999923 -0.00699937 0.0 0.0 0.0 1.0
pumpkin/seq-03/color/frame-000317.color.png pumpkin/seq-03/color/frame-000319.color.png 0.99999 0.00423992 -0.00135581 0.00708678 -0.00427442 0.999639 -0.0265358 0.0343729 0.00124285 0.0265413 0.999647 0.00513285 0.0 0.0 0.0 1.0
pumpkin/seq-03/color/frame-000319.color.png pumpkin/seq-03/color/frame-000321.color.png 0.999976 -0.00150143 0.00676252 -0.014586 0.00161187 0.999865 -0.0163523 0.0148593 -0.00673701 0.0163629 0.999844 0.00875664 0.0 0.0 0.0 1.0
pumpkin/seq-03/color/frame-000321.color.png pumpkin/seq-03/color/frame-000323.color.png 1.0 0.000762212 0.000508243 6.92904e-07 -0.000751716 0.999792 -0.0203717 0.0224548 -0.000523678 0.0203713 0.999792 -4.75645e-05 0.0 0.0 0.0 1.0
pumpkin/seq-03/color/frame-000323.color.png pumpkin/seq-03/color/frame-000325.color.png 0.999994 -0.000441149 -0.00355209 4.00543e-05 0.000374709 0.999825 -0.0186835 0.0213921 0.00355966 0.0186821 0.999819 0.00650495 0.0 0.0 0.0 1.0
pumpkin/seq-03/color/frame-000325.color.png pumpkin/seq-03/color/frame-000327.color.png 0.999991 0.00410342 0.0010442 -0.00203644 -0.00409502 0.99996 -0.00789348 0.00361443 -0.0010765 0.00788914 0.999968 0.00257283 0.0 0.0 0.0 1.0
pumpkin/seq-03/color/frame-000327.color.png pumpkin/seq-03/color/frame-000329.color.png 0.999994 0.00297236 -0.0019789 -0.000701308 -0.0029982 0.999909 -0.0131835 0.0065532 0.00193956 0.0131894 0.999911 0.00461698 0.0 0.0 0.0 1.0
pumpkin/seq-03/color/frame-000329.color.png pumpkin/seq-03/color/frame-000331.color.png 0.999941 0.00471207 0.00981051 -0.00567164 -0.00457292 0.999889 -0.0141633 0.00187933 -0.00987617 0.0141175 0.999852 0.0065462 0.0 0.0 0.0 1.0
pumpkin/seq-03/color/frame-000331.color.png pumpkin/seq-03/color/frame-000333.color.png 0.999985 0.00237626 0.0048745 -0.000158377 -0.00231232 0.999912 -0.0130706 0.00911582 -0.00490514 0.0130592 0.999903 -0.00273317 0.0 0.0 0.0 1.0
pumpkin/seq-03/color/frame-000333.color.png pumpkin/seq-03/color/frame-000335.color.png 0.999829 -0.0110562 0.0148521 -0.00956682 0.0112949 0.999807 -0.0160861 0.0186677 -0.0146713 0.016251 0.99976 -0.00224108 0.0 0.0 0.0 1.0
pumpkin/seq-03/color/frame-000335.color.png pumpkin/seq-03/color/frame-000337.color.png 0.999893 -0.00976383 0.0109089 -0.00732186 0.00977485 0.999952 -0.000957452 0.00603709 -0.010899 0.00106398 0.99994 -0.0108339 0.0 0.0 0.0 1.0
pumpkin/seq-03/color/frame-000337.color.png pumpkin/seq-03/color/frame-000339.color.png 0.999937 -0.00964794 0.00570484 0.0053478 0.00961971 0.999941 0.00495549 0.00418848 -0.00575239 -0.0049002 0.999971 -0.0171214 0.0 0.0 0.0 1.0
pumpkin/seq-03/color/frame-000339.color.png pumpkin/seq-03/color/frame-000341.color.png 0.99975 -0.0186455 0.0123141 -0.00329335 0.0186138 0.999823 0.00268811 0.00782806 -0.0123621 -0.00245824 0.999921 -0.00653517 0.0 0.0 0.0 1.0
pumpkin/seq-03/color/frame-000341.color.png pumpkin/seq-03/color/frame-000343.color.png 0.999941 -0.00857289 0.00664409 -0.00541698 0.00849232 0.999891 0.0120624 -0.000909686 -0.00674676 -0.0120054 0.999905 0.00580978 0.0 0.0 0.0 1.0
pumpkin/seq-03/color/frame-000343.color.png pumpkin/seq-03/color/frame-000345.color.png 0.999966 0.00820294 0.000532772 0.0211883 -0.00821197 0.999766 0.020037 -0.0208359 -0.000368291 -0.0200406 0.999799 -0.00775856 0.0 0.0 0.0 1.0
pumpkin/seq-03/color/frame-000345.color.png pumpkin/seq-03/color/frame-000347.color.png 0.999999 0.00159785 0.000466887 0.00519354 -0.00160075 0.999979 0.00622422 -0.000133306 -0.000456909 -0.0062251 0.999981 0.01258 0.0 0.0 0.0 1.0
pumpkin/seq-03/color/frame-000347.color.png pumpkin/seq-03/color/frame-000349.color.png 0.999937 0.0107749 0.0031862 0.0206745 -0.0108387 0.999727 0.0207091 -0.0144423 -0.00296221 -0.0207423 0.999781 0.00565851 0.0 0.0 0.0 1.0
