pumpkin/seq-03/color/frame-000002.color.png pumpkin/seq-03/color/frame-000005.color.png 0.999998 0.00200922 0.000361668 0.0102123 -0.00201301 0.999939 0.010819 -0.00293208 -0.000339909 -0.0108197 0.999941 0.00595534 0.0 0.0 0.0 1.0
pumpkin/seq-03/color/frame-000005.color.png pumpkin/seq-03/color/frame-000008.color.png 0.999949 0.000845995 0.0100472 -0.00229906 -0.000911973 0.999978 0.00656411 -0.00843884 -0.0100415 -0.00657293 0.999928 0.00832748 0.0 0.0 0.0 1.0
pumpkin/seq-03/color/frame-000008.color.png pumpkin/seq-03/color/frame-000011.color.png 0.999971 0.00315093 -0.00687172 -0.00197899 -0.00305535 0.999899 0.0138754 -0.000580955 0.00691474 -0.013854 0.99988 0.00903528 0.0 0.0 0.0 1.0
pumpkin/seq-03/color/frame-000011.color.png pumpkin/seq-03/color/frame-000014.color.png 0.999972 -0.00135126 -0.00741445 0.0191455 0.00149542 0.999809 0.0194728 -0.0134091 0.00738672 -0.0194833 0.999783 0.0233591 0.0 0.0 0.0 1.0
pumpkin/seq-03/color/frame-000014.color.png pumpkin/seq-03/color/frame-000017.color.png 0.999947 0.00369779 0.00961524 0.0069375 -0.00379844 0.999938 0.0104708 0.0010658 -0.00957593 -0.0105067 0.999899 0.016901 0.0 0.0 0.0 1.0
pumpkin/seq-03/color/frame-000017.color.png pumpkin/seq-03/color/frame-000020.color.png 0.999912 -0.00716857 0.0111694 0.0152781 0.00703855 0.999907 0.0116369 -0.0115054 -0.0112518 -0.0115573 0.99987 0.0239806 0.0 0.0 0.0 1.0
pumpkin/seq-03/color/frame-000020.color.png pumpkin/seq-03/color/frame-000023.color.png 0.999746 0.00148261 0.0224824 -0.00585965 -0.00194084 0.999791 0.0203734 -0.015792 -0.0224475 -0.0204119 0.99954 0.0284502 0.0 0.0 0.0 1.0
pumpkin/seq-03/color/frame-000023.color.png pumpkin/seq-03/color/frame-000026.color.png 0.99976 -0.00669561 0.0208551 -0.00393622 0.00642713 0.999896 0.0129139 -0.0170126 -0.0209394 -0.0127767 0.999699 0.0317897 0.0 0.0 0.0 1.0
pumpkin/seq-03/color/frame-000026.color.png pumpkin/seq-03/color/frame-000029.color.png 0.999884 -0.0010461 0.0151715 0.0108388 0.00071101 0.999756 0.0220754 -0.0322048 -0.0151909 -0.0220621 0.999641 0.0357699 0.0 0.0 0.0 1.0
pumpkin/seq-03/color/frame-000029.color.png pumpkin/seq-03/color/frame-000032.color.png 0.999551 -0.00474762 0.0295969 -0.0194269 0.00435307 0.999901 0.0133812 -0.0211633 -0.0296575 -0.0132463 0.999472 0.0389401 0.0 0.0 0.0 1.0
pumpkin/seq-03/color/frame-000032.color.png pumpkin/seq-03/color/frame-000035.color.png 0.999766 0.0093386 0.0194925 -0.0026992 -0.0098278 0.999635 0.0251542 -0.0422879 -0.0192505 -0.0253398 0.999494 0.0514171 0.0 0.0 0.0 1.0
pumpkin/seq-03/color/frame-000035.color.png pumpkin/seq-03/color/frame-000038.color.png 0.999925 0.00511817 0.0111547 -0.000257034 -0.00533727 0.999792 0.0197003 -0.0399881 -0.0110516 -0.0197584 0.999744 0.0390754 0.0 0.0 0.0 1.0
pumpkin/seq-03/color/frame-000038.color.png pumpkin/seq-03/color/frame-000041.color.png 0.999894 -0.00166521 0.0144785 -0.0044218 0.00145033 0.999889 0.0148399 -0.0235363 -0.0145016 -0.0148173 0.999785 0.0295361 0.0 0.0 0.0 1.0
pumpkin/seq-03/color/frame-000041.color.png pumpkin/seq-03/color/frame-000044.color.png 0.999979 0.00549094 0.00332813 0.00882489 -0.00556684 0.999714 0.0232418 -0.0402239 -0.00319958 -0.0232599 0.999724 0.0318392 0.0 0.0 0.0 1.0
pumpkin/seq-03/color/frame-000044.color.png pumpkin/seq-03/color/frame-000047.color.png 0.999892 0.0100625 0.010754 -0.00117152 -0.0102666 0.999765 0.0190937 -0.0346424 -0.0105593 -0.019202 0.99976 0.0343729 0.0 0.0 0.0 1.0
pumpkin/seq-03/color/frame-000047.color.png pumpkin/seq-03/color/frame-000050.color.png 0.999926 0.0114972 0.00402285 0.0118769 -0.0115572 0.999817 0.0152243 -0.0277264 -0.00384709 -0.0152697 0.999876 0.0295307 0.0 0.0 0.0 1.0
pumpkin/seq-03/color/frame-000050.color.png pumpkin/seq-03/color/frame-000053.color.png 0.999951 0.0085727 0.00503184 0.0163529 -0.00864496 0.999857 0.0145175 -0.0507817 -0.00490669 -0.0145603 0.999882 0.0449616 0.0 0.0 0.0 1.0
pumpkin/seq-03/color/frame-000053.color.png pumpkin/seq-03/color/frame-000056.color.png 0.999874 0.013001 0.00915312 0.0136994 -0.0130674 0.999888 0.00722893 -0.0291086 -0.00905809 -0.00734751 0.999932 0.0280441 0.0 0.0 0.0 1.0
pumpkin/seq-03/color/frame-000056.color.png pumpkin/seq-03/color/frame-000059.color.png 0.999713 0.00345436 0.0236875 -0.013295 -0.00379346 0.999891 0.014286 -0.0373102 -0.0236356 -0.0143718 0.999617 0.0321423 0.0 0.0 0.0 1.0
pumpkin/seq-03/color/frame-000059.color.png pumpkin/seq-03/color/frame-000062.color.png 0.999928 0.000834302 0.0119324 0.00143715 -0.000957496 0.999946 0.010322 -0.0206819 -0.0119232 -0.0103327 0.999875 0.0103052 0.0 0.0 0.0 1.0
pumpkin/seq-03/color/frame-000062.color.png pumpkin/seq-03/color/frame-000065.color.png 0.999908 0.00410464 0.0129497 -0.00755239 -0.00450945 0.999497 0.0313877 -0.042296 -0.0128144 -0.0314432 0.999423 0.0161964 0.0 0.0 0.0 1.0
pumpkin/seq-03/color/frame-000065.color.png pumpkin/seq-03/color/frame-000068.color.png 0.99995 0.00308767 0.00949608 0.000813171 -0.00329658 0.999751 0.0220613 -0.0278513 -0.00942558 -0.0220915 0.999712 0.0063079 0.0 0.0 0.0 1.0
pumpkin/seq-03/color/frame-000068.color.png pumpkin/seq-03/color/frame-000071.color.png 0.999868 0.00278873 0.0160297 -0.0235014 -0.00339895 0.999266 0.0381682 -0.0555141 -0.0159115 -0.0382177 0.999143 0.0203581 0.0 0.0 0.0 1.0
pumpkin/seq-03/color/frame-000071.color.png pumpkin/seq-03/color/frame-000074.color.png 0.999942 0.00882467 0.00615892 -0.00981759 -0.00902888 0.999383 0.0339506 -0.0539537 -0.00585556 -0.0340043 0.999405 0.00839704 0.0 0.0 0.0 1.0
pumpkin/seq-03/color/frame-000074.color.png pumpkin/seq-03/color/frame-000077.color.png 0.999918 0.0100868 0.00795831 -0.0178873 -0.010226 0.999792 0.017652 -0.0457646 -0.00777858 -0.0177319 0.999813 0.0252308 0.0 0.0 0.0 1.0
pumpkin/seq-03/color/frame-000077.color.png pumpkin/seq-03/color/frame-000080.color.png 0.999793 0.0186331 0.00819589 -0.018262 -0.0188866 0.999308 0.0320326 -0.0575941 -0.00759332 -0.0321808 0.999453 0.0137659 0.0 0.0 0.0 1.0
pumpkin/seq-03/color/frame-000080.color.png pumpkin/seq-03/color/frame-000083.color.png 0.999792 0.01991 -0.00447914 -0.00363155 -0.0198372 0.999679 0.0157641 -0.0416634 0.00479151 -0.0156719 0.999866 0.0071578 0.0 0.0 0.0 1.0
pumpkin/seq-03/color/frame-000083.color.png pumpkin/seq-03/color/frame-000086.color.png 0.999692 0.023973 0.00641458 -0.0264625 -0.0241493 0.999288 0.0289911 -0.0585656 -0.00571499 -0.0291372 0.999559 0.0164135 0.0 0.0 0.0 1.0
pumpkin/seq-03/color/frame-000086.color.png pumpkin/seq-03/color/frame-000089.color.png 0.999751 0.0202389 -0.00935501 -0.00396991 -0.0200931 0.999679 0.015424 -0.0394653 0.00966419 -0.015232 0.999837 0.0127711 0.0 0.0 0.0 1.0
pumpkin/seq-03/color/frame-000089.color.png pumpkin/seq-03/color/frame-000092.color.png 0.999791 0.0157211 -0.0130495 0.00484907 -0.0156832 0.999872 0.00299761 -0.0163292 0.0130949 -0.00279248 0.99991 0.00115764 0.0 0.0 0.0 1.0
pumpkin/seq-03/color/frame-000092.color.png pumpkin/seq-03/color/frame-000095.color.png 0.999821 0.0161219 -0.00990307 -0.0117353 -0.0158804 0.999586 0.0240022 -0.0366243 0.0102859 -0.0238406 0.999663 0.00709152 0.0 0.0 0.0 1.0
pumpkin/seq-03/color/frame-000095.color.png pumpkin/seq-03/color/frame-000098.color.png 0.999895 0.0111243 -0.009269 -0.00100927 -0.0109061 0.99967 0.0232657 -0.0331281 0.00952475 -0.0231622 0.999686 -0.00939554 0.0 0.0 0.0 1.0
pumpkin/seq-03/color/frame-000098.color.png pumpkin/seq-03/color/frame-000101.color.png 0.999778 0.00242849 -0.0209209 0.00243556 -0.00226456 0.999967 0.00785624 -0.00859523 0.0209394 -0.00780725 0.99975 -0.00681311 0.0 0.0 0.0 1.0
pumpkin/seq-03/color/frame-000101.color.png pumpkin/seq-03/color/frame-000104.color.png 0.999747 0.0146236 -0.0170837 0.00920172 -0.0142148 0.999615 0.0238091 -0.0309179 0.0174254 -0.02356 0.999571 -0.01537 0.0 0.0 0.0 1.0
pumpkin/seq-03/color/frame-000104.color.png pumpkin/seq-03/color/frame-000107.color.png 0.999318 0.00760374 -0.0361233 0.0305594 -0.00717057 0.999901 0.0121052 -0.0205671 0.0362118 -0.0118378 0.999274 -0.00478315 0.0 0.0 0.0 1.0
pumpkin/seq-03/color/frame-000107.color.png pumpkin/seq-03/color/frame-000110.color.png 0.999679 0.00333759 -0.0251156 0.0156718 -0.00335207 0.999994 -0.000532268 -0.00860739 0.0251137 0.000616262 0.999684 -0.00560611 0.0 0.0 0.0 1.0
pumpkin/seq-03/color/frame-000110.color.png pumpkin/seq-03/color/frame-000113.color.png 0.99942 0.000440896 -0.0340417 0.0337129 -0.00099761 0.999866 -0.0163379 0.0270684 0.0340299 0.0163623 0.999287 4.28557e-05 0.0 0.0 0.0 1.0
pumpkin/seq-03/color/frame-000113.color.png pumpkin/seq-03/color/frame-000116.color.png 0.999574 -0.0117285 -0.0267086 0.000701234 0.0108471 0.999399 -0.0329104 0.033118 0.0270786 0.0326068 0.999101 0.00464058 0.0 0.0 0.0 1.0
pumpkin/seq-03/color/frame-000116.color.png pumpkin/seq-03/color/frame-000119.color.png 0.998515 -0.017522 -0.051579 0.0568296 0.0146881 0.998388 -0.0548186 0.0697888 0.0524563 0.0539795 0.997163 -0.00658488 0.0 0.0 0.0 1.0
pumpkin/seq-03/color/frame-000119.color.png pumpkin/seq-03/color/frame-000122.color.png 0.999322 -0.00189079 -0.0367769 0.0370455 0.000764125 0.999531 -0.0306253 0.0461414 0.0368176 0.0305764 0.998854 -0.0180566 0.0 0.0 0.0 1.0
pumpkin/seq-03/color/frame-000122.color.png pumpkin/seq-03/color/frame-000125.color.png 0.999004 -0.0072807 -0.0440262 0.0519248 0.00585715 0.999458 -0.0323772 0.043353 0.0442381 0.0320871 0.998506 -0.0110627 0.0 0.0 0.0 1.0
pumpkin/seq-03/color/frame-000125.color.png pumpkin/seq-03/color/frame-000128.color.png 0.99985 0.000478328 -0.0173223 0.0141515 -0.00088156 0.999729 -0.0232791 0.0242881 0.0173064 0.0232908 0.999579 -0.0116888 0.0 0.0 0.0 1.0
pumpkin/seq-03/color/frame-000128.color.png pumpkin/seq-03/color/frame-000131.color.png 0.999865 -0.00618364 -0.0152564 -0.00719204 0.00605094 0.999944 -0.0087299 0.00510949 0.0153096 0.00863635 0.999846 -0.00234109 0.0 0.0 0.0 1.0
pumpkin/seq-03/color/frame-000131.color.png pumpkin/seq-03/color/frame-000134.color.png 0.99952 -0.0172572 -0.025739 0.00977384 0.0165892 0.999526 -0.0259462 0.02894 0.0261745 0.0255068 0.999332 -0.0120295 0.0 0.0 0.0 1.0
pumpkin/seq-03/color/frame-000134.color.png pumpkin/seq-03/color/frame-000137.color.png 0.999471 -0.0217716 -0.0241788 0.0125055 0.0211217 0.999417 -0.026815 0.0303143 0.0247485 0.0262902 0.999348 -0.00373375 0.0 0.0 0.0 1.0
pumpkin/seq-03/color/frame-000137.color.png pumpkin/seq-03/color/frame-000140.color.png 0.999276 -0.0243849 -0.0291947 0.0124177 0.0232526 0.998987 -0.038517 0.0319086 0.0301044 0.0378102 0.998831 0.0083946 0.0 0.0 0.0 1.0
pumpkin/seq-03/color/frame-000140.color.png pumpkin/seq-03/color/frame-000143.color.png 0.99938 -0.0297425 -0.0188282 0.00585862 0.0287689 0.998333 -0.050031 0.0622123 0.0202849 0.0494583 0.99857 -0.00324798 0.0 0.0 0.0 1.0
pumpkin/seq-03/color/frame-000143.color.png pumpkin/seq-03/color/frame-000146.color.png 0.999607 -0.0234445 -0.0153512 0.0170327 0.0226752 0.998566 -0.0485025 0.0595177 0.0164663 0.0481354 0.998705 0.00025937 0.0 0.0 0.0 1.0
pumpkin/seq-03/color/frame-000146.color.png pumpkin/seq-03/color/frame-000149.color.png 0.999894 -0.013665 -0.00501894 0.000783797 0.0135333 0.999586 -0.0254118 0.0207069 0.0053641 0.0253412 0.999665 -0.00370777 0.0 0.0 0.0 1.0
pumpkin/seq-03/color/frame-000149.color.png pumpkin/seq-03/color/frame-000152.color.png 0.999815 -0.0186892 -0.00465013 -0.0116519 0.0184813 0.998975 -0.0413238 0.0416323 0.0054177 0.0412302 0.999135 -0.00728068 0.0 0.0 0.0 1.0
pumpkin/seq-03/color/frame-000152.color.png pumpkin/seq-03/color/frame-000155.color.png 0.999938 -0.0105436 -0.00355998 -0.00611396 0.0104244 0.999434 -0.0319745 0.0268283 0.0038951 0.0319354 0.999482 -0.0093534 0.0 0.0 0.0 1.0
pumpkin/seq-03/color/frame-000155.color.png pumpkin/seq-03/color/frame-000158.color.png 0.999871 -0.0121662 -0.0105245 -0.00909016 0.0118503 0.999492 -0.0295814 0.0349015 0.010879 0.0294529 0.999507 -0.00549224 0.0 0.0 0.0 1.0
pumpkin/seq-03/color/frame-000158.color.png pumpkin/seq-03/color/frame-000161.color.png 0.999791 -0.014432 -0.014464 -0.00553596 0.0141515 0.999713 -0.0193116 0.0118998 0.0147386 0.0191029 0.999709 -0.0140073 0.0 0.0 0.0 1.0
pumpkin/seq-03/color/frame-000161.color.png pumpkin/seq-03/color/frame-000164.color.png 0.999827 -0.00634616 -0.0174768 -0.00260708 0.00602654 0.999815 -0.0182785 0.0420055 0.0175895 0.01817 0.99968 -0.0147195 0.0 0.0 0.0 1.0
pumpkin/seq-03/color/frame-000164.color.png pumpkin/seq-03/color/frame-000167.color.png 0.999815 0.00408911 -0.0187688 -0.00574096 -0.00397168 0.999972 0.00628809 0.00455531 0.018794 -0.00621238 0.999804 -0.0287427 0.0 0.0 0.0 1.0
pumpkin/seq-03/color/frame-000167.color.png pumpkin/seq-03/color/frame-000170.color.png 0.999655 0.00822633 -0.0249396 0.0131412 -0.00816347 0.999963 0.00262178 0.0101232 0.0249602 -0.00241728 0.999686 -0.0133941 0.0 0.0 0.0 1.0
pumpkin/seq-03/color/frame-000170.color.png pumpkin/seq-03/color/frame-000173.color.png 0.999623 0.00198332 -0.0273742 -0.000246294 -0.0018013 0.999976 0.00667128 0.0227112 0.0273869 -0.00661946 0.999603 -0.0210688 0.0 0.0 0.0 1.0
pumpkin/seq-03/color/frame-000173.color.png pumpkin/seq-03/color/frame-000176.color.png 0.999729 0.00430552 -0.0228981 -0.00300684 -0.00409743 0.99995 0.00912683 0.00191379 0.0229362 -0.00903053 0.999696 -0.0243156 0.0 0.0 0.0 1.0
pumpkin/seq-03/color/frame-000176.color.png pumpkin/seq-03/color/frame-000179.color.png 0.999817 0.00166541 -0.0190554 0.00267605 -0.00130427 0.99982 0.0189498 -0.0213327 0.0190835 -0.0189215 0.999639 -0.0126656 0.0 0.0 0.0 1.0
pumpkin/seq-03/color/frame-000179.color.png pumpkin/seq-03/color/frame-000182.color.png 0.999344 -0.00311397 -0.0360864 0.0241241 0.0031805 0.999993 0.00178585 0.0199195 0.0360806 -0.00189944 0.999347 0.000712648 0.0 0.0 0.0 1.0
pumpkin/seq-03/color/frame-000182.color.png pumpkin/seq-03/color/frame-000185.color.png 0.999748 -0.000204314 -0.0224321 -0.00822248 0.000242317 0.999999 0.00168969 0.00665712 0.0224317 -0.0016947 0.999747 -0.0190205 0.0 0.0 0.0 1.0
pumpkin/seq-03/color/frame-000185.color.png pumpkin/seq-03/color/frame-000188.color.png 0.999325 0.00718267 -0.0360386 0.022946 -0.00742263 0.999951 -0.0065271 0.009067 0.0359899 0.0067902 0.999329 -0.0123746 0.0 0.0 0.0 1.0
pumpkin/seq-03/color/frame-000188.color.png pumpkin/seq-03/color/frame-000191.color.png 0.998781 0.009107 -0.0485087 0.035672 -0.00877907 0.999937 0.00696874 0.0099152 0.0485691 -0.0065344 0.998798 -0.0157509 0.0 0.0 0.0 1.0
pumpkin/seq-03/color/frame-000191.color.png pumpkin/seq-03/color/frame-000194.color.png 0.997102 0.0231226 -0.0724783 0.047842 -0.0217142 0.999561 0.0201607 -0.00334379 0.0729126 -0.0185285 0.997166 -0.0134479 0.0 0.0 0.0 1.0
pumpkin/seq-03/color/frame-000194.color.png pumpkin/seq-03/color/frame-000197.color.png 0.998533 0.0139869 -0.0523161 0.0366196 -0.0132426 0.999806 0.0145473 0.00845686 0.0525097 -0.0138332 0.998524 -0.0219773 0.0 0.0 0.0 1.0
pumpkin/seq-03/color/frame-000197.color.png pumpkin/seq-03/color/frame-000200.color.png 0.997221 0.0241457 -0.0704763 0.030134 -0.0227221 0.999523 0.0209324 0.0113646 0.0709481 -0.0192728 0.997294 -0.0253882 0.0 0.0 0.0 1.0
pumpkin/seq-03/color/frame-000200.color.png pumpkin/seq-03/color/frame-000203.color.png 0.99515 0.0277817 -0.0943645 0.0522508 -0.0247147 0.999133 0.0335171 -0.00286964 0.0952138 -0.0310223 0.994973 -0.00936866 0.0 0.0 0.0 1.0
pumpkin/seq-03/color/frame-000203.color.png pumpkin/seq-03/color/frame-000206.color.png 0.998525 0.0221932 -0.0495512 -0.00371783 -0.0217897 0.999725 0.00866866 0.0164798 0.04973 -0.00757614 0.998734 0.0136146 0.0 0.0 0.0 1.0
pumpkin/seq-03/color/frame-000206.color.png pumpkin/seq-03/color/frame-000209.color.png 0.997955 0.0336939 -0.0543277 0.0203887 -0.032743 0.999296 0.0182993 -0.0133986 0.0549061 -0.0164831 0.998356 0.027048 0.0 0.0 0.0 1.0
pumpkin/seq-03/color/frame-000209.color.png pumpkin/seq-03/color/frame-000212.color.png 0.999395 0.0313639 -0.0150003 0.0199054 -0.0307563 0.99876 0.0391529 -0.021288 0.0162096 -0.0386678 0.999121 0.0180781 0.0 0.0 0.0 1.0
pumpkin/seq-03/color/frame-000212.color.png pumpkin/seq-03/color/frame-000215.color.png 0.999706 0.0241204 0.00231731 0.0194643 -0.0242178 0.997777 0.0620901 -0.00359958 -0.000814532 -0.062128 0.998068 0.0189331 0.0 0.0 0.0 1.0
pumpkin/seq-03/color/frame-000215.color.png pumpkin/seq-03/color/frame-000218.color.png 0.999835 0.0174471 0.00503108 0.0378943 -0.0176489 0.998905 0.0433256 -0.0135513 -0.00426964 -0.0434073 0.999048 0.0247709 0.0 0.0 0.0 1.0
pumpkin/seq-03/color/frame-000218.color.png pumpkin/seq-03/color/frame-000221.color.png 0.999959 -0.00247327 0.00874821 0.00537928 0.00225575 0.99969 0.0247961 -0.01549 -0.00880677 -0.0247753 0.999654 0.0374897 0.0 0.0 0.0 1.0
pumpkin/seq-03/color/frame-000221.color.png pumpkin/seq-03/color/frame-000224.color.png 0.999982 -0.00430221 0.0042189 0.0030403 0.00425374 0.999926 0.0114295 -0.00656164 -0.00426776 -0.0114113 0.999926 0.0322451 0.0 0.0 0.0 1.0
pumpkin/seq-03/color/frame-000224.color.png pumpkin/seq-03/color/frame-000227.color.png 0.999918 -0.00590846 -0.0113325 0.0219547 0.00585087 0.99997 -0.00510715 0.00357196 0.0113623 0.00504047 0.999923 0.0476896 0.0 0.0 0.0 1.0
pumpkin/seq-03/color/frame-000227.color.png pumpkin/seq-03/color/frame-000230.color.png 0.999119 -0.0283839 0.0309132 -0.0245349 0.0293226 0.999109 -0.0303489 0.0158806 -0.0300242 0.0312287 0.999061 0.0271203 0.0 0.0 0.0 1.0
pumpkin/seq-03/color/frame-000230.color.png pumpkin/seq-03/color/frame-000233.color.png 0.999391 -0.0216589 0.0273521 -0.00193171 0.0224733 0.999303 -0.0298227 -0.00468343 -0.0266871 0.0304192 0.999181 0.0488865 0.0 0.0 0.0 1.0
pumpkin/seq-03/color/frame-000233.color.png pumpkin/seq-03/color/frame-000236.color.png 0.999446 -0.0241926 0.0228402 -0.006485 0.0247413 0.999404 -0.0240576 0.0260837 -0.0222445 0.0246094 0.99945 0.0482568 0.0 0.0 0.0 1.0
pumpkin/seq-03/color/frame-000236.color.png pumpkin/seq-03/color/frame-000239.color.png 0.999199 -0.0146873 0.0372165 -0.0130848 0.0156081 0.999576 -0.0245742 0.0110669 -0.0368398 0.0251353 0.999005 0.0346182 0.0 0.0 0.0 1.0
pumpkin/seq-03/color/frame-000239.color.png pumpkin/seq-03/color/frame-000242.color.png 0.998758 -0.0130314 0.0480871 -0.0223704 0.0148415 0.999187 -0.0374796 0.00784153 -0.0475595 0.0381467 0.99814 0.0379606 0.0 0.0 0.0 1.0
pumpkin/seq-03/color/frame-000242.color.png pumpkin/seq-03/color/frame-000245.color.png 0.998506 -0.0169807 0.0519372 -0.00759529 0.0193268 0.9988 -0.0450091 -0.00405565 -0.0511107 0.0459456 0.997636 0.055147 0.0 0.0 0.0 1.0
pumpkin/seq-03/color/frame-000245.color.png pumpkin/seq-03/color/frame-000248.color.png 0.999524 -0.0223128 0.0213107 0.0180816 0.0232802 0.998657 -0.046279 0.0177163 -0.0202494 0.0467531 0.998701 0.103615 0.0 0.0 0.0 1.0
pumpkin/seq-03/color/frame-000248.color.png pumpkin/seq-03/color/frame-000251.color.png 0.999104 -0.0141999 0.0398701 -0.0264012 0.0156922 0.999178 -0.0373686 9.38773e-05 -0.0393069 0.0379608 0.998506 0.0476946 0.0 0.0 0.0 1.0
pumpkin/seq-03/color/frame-000251.color.png pumpkin/seq-03/color/frame-000254.color.png 0.999285 -0.00252823 0.0377238 -0.0291425 0.00361267 0.999581 -0.0287063 -0.0108001 -0.0376354 0.0288221 0.998876 0.0389117 0.0 0.0 0.0 1.0
pumpkin/seq-03/color/frame-000254.color.png pumpkin/seq-03/color/frame-000257.color.png 0.999748 -0.0108429 0.0196348 -0.0355365 0.0115122 0.999345 -0.0342995 0.0133617 -0.0192501 0.0345169 0.999219 0.0550491 0.0 0.0 0.0 1.0
pumpkin/seq-03/color/frame-000257.color.png pumpkin/seq-03/color/frame-000260.color.png 0.999567 -0.0149836 0.0253199 -0.0287833 0.0156519 0.999529 -0.0264032 0.00428125 -0.0249124 0.0267881 0.999331 0.0346584 0.0 0.0 0.0 1.0
pumpkin/seq-03/color/frame-000260.color.png pumpkin/seq-03/color/frame-000263.color.png 0.998634 -0.0170016 0.0494168 -0.0618292 0.0183648 0.99946 -0.0272638 -0.0142647 -0.0489265 0.0281341 0.998406 0.0546007 0.0 0.0 0.0 1.0
pumpkin/seq-03/color/frame-000263.color.png pumpkin/seq-03/color/frame-000266.color.png 0.99844 -0.0231958 0.0507809 -0.063246 0.0247155 0.999259 -0.0295057 0.00909749 -0.0500589 0.0307148 0.998274 0.048818 0.0 0.0 0.0 1.0
pumpkin/seq-03/color/frame-000266.color.png pumpkin/seq-03/color/frame-000269.color.png 0.997811 -0.0329309 0.0573505 -0.0965851 0.0340071 0.999261 -0.0178916 -0.000335127 -0.056719 0.0198027 0.998194 0.0185304 0.0 0.0 0.0 1.0
pumpkin/seq-03/color/frame-000269.color.png pumpkin/seq-03/color/frame-000272.color.png 0.999085 -0.0213422 0.0370567 -0.0418229 0.0217626 0.999703 -0.0109775 -0.00559992 -0.0368114 0.0117739 0.999253 0.0343049 0.0 0.0 0.0 1.0
pumpkin/seq-03/color/frame-000272.color.png pumpkin/seq-03/color/frame-000275.color.png 0.998526 -0.0162014 0.0518113 -0.0703172 0.0171519 0.999692 -0.0179547 0.00863042 -0.0515044 0.0188169 0.998496 0.0291112 0.0 0.0 0.0 1.0
pumpkin/seq-03/color/frame-000275.color.png pumpkin/seq-03/color/frame-000278.color.png 0.998979 -0.0168193 0.0419307 -0.0551847 0.0167876 0.999858 0.00110802 -0.016581 -0.0419434 -0.000402928 0.99912 0.0212023 0.0 0.0 0.0 1.0
pumpkin/seq-03/color/frame-000278.color.png pumpkin/seq-03/color/frame-000281.color.png 0.99903 -0.00409435 0.0438523 -0.0592493 0.00394346 0.999986 0.00352716 -0.0208318 -0.0438661 -0.00335078 0.999032 0.0146497 0.0 0.0 0.0 1.0
pumpkin/seq-03/color/frame-000281.color.png pumpkin/seq-03/color/frame-000284.color.png 0.999172 -0.00769789 0.0399471 -0.0515141 0.00805295 0.999929 -0.00873511 0.0138626 -0.039877 0.00904953 0.999164 0.00912863 0.0 0.0 0.0 1.0
pumpkin/seq-03/color/frame-000284.color.png pumpkin/seq-03/color/frame-000287.color.png 0.999263 -0.00968013 0.037132 -0.0475524 0.00970339 0.999953 -0.000447049 -0.00111353 -0.0371259 0.000807044 0.99931 0.00542557 0.0 0.0 0.0 1.0
pumpkin/seq-03/color/frame-000287.color.png pumpkin/seq-03/color/frame-000290.color.png 0.999353 -0.0104276 0.0344105 -0.0390636 0.010577 0.999935 -0.00416417 -0.0036698 -0.0343649 0.00452542 0.999399 0.000217915 0.0 0.0 0.0 1.0
pumpkin/seq-03/color/frame-000290.color.png pumpkin/seq-03/color/frame-000293.color.png 0.998873 -0.00897866 0.0466045 -0.0463774 0.00947341 0.999901 -0.0104057 0.00302052 -0.0465064 0.0108355 0.998859 -0.00866759 0.0 0.0 0.0 1.0
pumpkin/seq-03/color/frame-000293.color.png pumpkin/seq-03/color/frame-000296.color.png 0.998954 -0.00854059 0.0449191 -0.0542978 0.00943973 0.999758 -0.0198433 0.0204707 -0.0447388 0.0202466 0.998793 0.000745833 0.0 0.0 0.0 1.0
pumpkin/seq-03/color/frame-000296.color.png pumpkin/seq-03/color/frame-000299.color.png 0.999402 -0.01312 0.0320098 -0.0339121 0.013989 0.999536 -0.0270751 0.0365273 -0.0316397 0.0275067 0.999121 -0.00928921 0.0 0.0 0.0 1.0
pumpkin/seq-03/color/frame-000299.color.png pumpkin/seq-03/color/frame-000302.color.png 0.998785 0.00384778 0.0491378 -0.0787436 -0.00336264 0.999945 -0.00995208 0.00661445 -0.0491734 0.00977475 0.998742 -0.00708163 0.0 0.0 0.0 1.0
pumpkin/seq-03/color/frame-000302.color.png pumpkin/seq-03/color/frame-000305.color.png 0.999671 -0.00296589 0.0254838 -0.0284259 0.00365251 0.99963 -0.026939 0.0184389 -0.0253945 0.0270232 0.999312 0.00167835 0.0 0.0 0.0 1.0
pumpkin/seq-03/color/frame-000305.color.png pumpkin/seq-03/color/frame-000308.color.png 0.999837 0.00419243 0.0175419 -0.0190421 -0.0036385 0.999497 -0.0314923 0.0264289 -0.0176651 0.0314233 0.99935 0.000456095 0.0 0.0 0.0 1.0
pumpkin/seq-03/color/frame-000308.color.png pumpkin/seq-03/color/frame-000311.color.png 0.999941 0.0103744 0.00333416 0.00052717 -0.0102662 0.999468 -0.0309643 0.0395012 -0.00365357 0.0309283 0.999515 -0.00304753 0.0 0.0 0.0 1.0
pumpkin/seq-03/color/frame-000311.color.png pumpkin/seq-03/color/frame-000314.color.png 0.999952 0.00440113 0.00877955 -0.0121156 -0.00404412 0.99918 -0.0402766 0.0301988 -0.00894971 0.0402392 0.99915 0.00348544 0.0 0.0 0.0 1.0
pumpkin/seq-03/color/frame-000314.color.png pumpkin/seq-03/color/frame-000317.color.png 0.999877 0.0119712 0.0101599 -0.00708119 -0.0117445 0.999687 -0.0220926 0.0052793 -0.0104211 0.0219706 0.999704 -0.00314152 0.0 0.0 0.0 1.0
pumpkin/seq-03/color/frame-000317.color.png pumpkin/seq-03/color/frame-000320.color.png 0.999896 0.00433157 0.0137547 -0.0341986 -0.00394966 0.999609 -0.0276717 0.0216036 -0.0138692 0.0276145 0.999522 0.00524008 0.0 0.0 0.0 1.0
pumpkin/seq-03/color/frame-000320.color.png pumpkin/seq-03/color/frame-000323.color.png 0.999987 -0.00154212 0.00480951 -0.00866802 0.00167832 0.999594 -0.0284486 0.0285343 -0.00476364 0.0284562 0.999584 0.00787199 0.0 0.0 0.0 1.0
pumpkin/seq-03/color/frame-000323.color.png pumpkin/seq-03/color/frame-000326.color.png 0.999945 0.000131039 -0.0104455 0.0141449 -0.000321054 0.999834 -0.0181933 0.0165286 0.0104414 0.0181956 0.99978 -0.00541621 0.0 0.0 0.0 1.0
pumpkin/seq-03/color/frame-000326.color.png pumpkin/seq-03/color/frame-000329.color.png 0.999985 0.00535658 0.00114579 -0.00559059 -0.00532931 0.99973 -0.0226144 0.0185588 -0.00126665 0.0226079 0.999744 0.0128829 0.0 0.0 0.0 1.0
pumpkin/seq-03/color/frame-000329.color.png pumpkin/seq-03/color/frame-000332.color.png 0.999931 0.00425181 0.0109694 -0.00445633 -0.00394736 0.999611 -0.0276279 0.0237117 -0.0110825 0.0275827 0.999558 0.00602978 0.0 0.0 0.0 1.0
pumpkin/seq-03/color/frame-000332.color.png pumpkin/seq-03/color/frame-000335.color.png 0.999873 -0.00639061 0.0146161 0.000507455 0.00659918 0.999876 -0.0142649 0.00682896 -0.0145232 0.0143595 0.999791 -0.0238292 0.0 0.0 0.0 1.0
pumpkin/seq-03/color/frame-000335.color.png pumpkin/seq-03/color/frame-000338.color.png 0.999746 -0.0166577 0.0151707 -0.00627792 0.0166961 0.999858 -0.00241072 0.0174383 -0.0151284 0.00266343 0.999882 -0.0107794 0.0 0.0 0.0 1.0
pumpkin/seq-03/color/frame-000338.color.png pumpkin/seq-03/color/frame-000341.color.png 0.999544 -0.023197 0.0193498 -0.0135445 0.0229264 0.999638 0.014095 -0.0168242 -0.0196698 -0.0136449 0.999713 -0.0103849 0.0 0.0 0.0 1.0
pumpkin/seq-03/color/frame-000341.color.png pumpkin/seq-03/color/frame-000344.color.png 0.999937 -0.00787693 0.00796182 -0.00346481 0.00775478 0.999854 0.0152533 0.00104958 -0.00808078 -0.0151907 0.999852 0.0124842 0.0 0.0 0.0 1.0
pumpkin/seq-03/color/frame-000344.color.png pumpkin/seq-03/color/frame-000347.color.png 0.999947 0.0102616 0.000447554 0.0241239 -0.0102692 0.999676 0.0233015 -0.0229378 -0.000208329 -0.0233048 0.999728 0.000325203 0.0 0.0 0.0 1.0
pumpkin/seq-03/color/frame-000347.color.png pumpkin/seq-03/color/frame-000350.color.png 0.999925 0.0114298 0.00440695 0.0188377 -0.0115569 0.999483 0.0299884 -0.0239395 -0.00406194 -0.0300371 0.999541 0.0124183 0.0 0.0 0.0 1.0
pumpkin/seq-03/color/frame-000350.color.png pumpkin/seq-03/color/frame-000353.color.png 0.999672 0.0220494 0.0130438 0.0207527 -0.022688 0.99844 0.051023 -0.0568615 -0.0118985 -0.0513022 0.998612 0.00232083 0.0 0.0 0.0 1.0
pumpkin/seq-03/color/frame-000353.color.png pumpkin/seq-03/color/frame-000356.color.png 0.99962 0.0266723 -0.00702255 0.072169 -0.0261193 0.99723 0.0696385 -0.071752 0.00886048 -0.0694286 0.997548 -0.0138245 0.0 0.0 0.0 1.0
pumpkin/seq-03/color/frame-000356.color.png pumpkin/seq-03/color/frame-000359.color.png 0.99982 0.0163368 0.00969301 0.00710875 -0.0166959 0.999131 0.0381914 -0.0424628 -0.00906056 -0.0383464 0.999224 0.00828677 0.0 0.0 0.0 1.0
pumpkin/seq-03/color/frame-000359.color.png pumpkin/seq-03/color/frame-000362.color.png 0.999679 0.0224932 -0.0116144 0.0573065 -0.0219677 0.99881 0.0435464 -0.0347769 0.01258 -0.0432772 0.998984 -0.00691473 0.0 0.0 0.0 1.0
pumpkin/seq-03/color/frame-000362.color.png pumpkin/seq-03/color/frame-000365.color.png 0.999928 0.000284215 -0.0119701 0.035992 0.000101907 0.99948 0.0322395 -0.0391027 0.0119731 -0.0322384 0.999408 -0.00553387 0.0 0.0 0.0 1.0
pumpkin/seq-03/color/frame-000365.color.png pumpkin/seq-03/color/frame-000368.color.png 0.999931 -0.00208993 -0.011552 0.0359312 0.00236503 0.999713 0.0238513 -0.0176221 0.0114988 -0.023877 0.999649 -0.0047065 0.0 0.0 0.0 1.0
pumpkin/seq-03/color/frame-000368.color.png pumpkin/seq-03/color/frame-000371.color.png 0.999976 0.00313056 -0.00623866 0.0221803 -0.00294601 0.999564 0.029384 -0.031125 0.00632792 -0.029365 0.999549 -0.00465274 0.0 0.0 0.0 1.0
pumpkin/seq-03/color/frame-000371.color.png pumpkin/seq-03/color/frame-000374.color.png 0.999948 -0.000371196 -0.0101462 0.0310361 0.000446025 0.999973 0.00737388 -0.00523669 0.0101433 -0.00737798 0.999921 -0.00731051 0.0 0.0 0.0 1.0
pumpkin/seq-03/color/frame-000374.color.png pumpkin/seq-03/color/frame-000377.color.png 0.999067 0.0054163 -0.0428504 0.120157 -0.00436359 0.999687 0.0246229 -0.0148304 0.0429703 -0.0244129 0.998778 -0.0348462 0.0 0.0 0.0 1.0
pumpkin/seq-03/color/frame-000377.color.png pumpkin/seq-03/color/frame-000380.color.png 0.998881 0.00838281 -0.0465397 0.100008 -0.00633052 0.999008 0.0440708 -0.0339854 0.046863 -0.0437269 0.997944 -0.0594869 0.0 0.0 0.0 1.0
pumpkin/seq-03/color/frame-000380.color.png pumpkin/seq-03/color/frame-000383.color.png 0.999516 0.00791904 -0.0300985 0.0516572 -0.00679142 0.999278 0.0373829 -0.0183163 0.0303728 -0.0371604 0.998847 -0.0397141 0.0 0.0 0.0 1.0
pumpkin/seq-03/color/frame-000383.color.png pumpkin/seq-03/color/frame-000386.color.png 0.999219 -0.00293018 -0.0394058 0.0480963 0.00423294 0.999446 0.0330173 -0.0146145 0.0392872 -0.0331583 0.998678 -0.0450803 0.0 0.0 0.0 1.0
pumpkin/seq-03/color/frame-000386.color.png pumpkin/seq-03/color/frame-000389.color.png 0.999638 -0.0109848 -0.0245579 0.0264013 0.0111603 0.999913 0.0070178 -0.00284111 0.0244786 -0.00728933 0.999674 -0.0192884 0.0 0.0 0.0 1.0
pumpkin/seq-03/color/frame-000389.color.png pumpkin/seq-03/color/frame-000392.color.png 0.999626 -0.0103709 -0.0252905 0.0387109 0.0107096 0.999854 0.013296 -0.00265336 0.0251489 -0.0135619 0.999592 -0.0259092 0.0 0.0 0.0 1.0
pumpkin/seq-03/color/frame-000392.color.png pumpkin/seq-03/color/frame-000395.color.png 0.99945 -0.0186018 -0.0274627 0.0302553 0.0190818 0.999668 0.0173208 -0.0114658 0.0271314 -0.0178353 0.999473 -0.0337123 0.0 0.0 0.0 1.0
pumpkin/seq-03/color/frame-000395.color.png pumpkin/seq-03/color/frame-000398.color.png 0.999531 -0.0074038 -0.0297058 0.0261319 0.00789225 0.999835 0.0163577 -0.00729221 0.0295798 -0.0165845 0.999425 -0.0286946 0.0 0.0 0.0 1.0
pumpkin/seq-03/color/frame-000398.color.png pumpkin/seq-03/color/frame-000401.color.png 0.999703 0.00473589 -0.023905 0.0248026 -0.00414687 0.999688 0.0246324 -0.017667 0.0240142 -0.024526 0.999411 -0.0296652 0.0 0.0 0.0 1.0
pumpkin/seq-03/color/frame-000401.color.png pumpkin/seq-03/color/frame-000404.color.png 0.999468 0.0162152 -0.0282943 0.0360784 -0.015544 0.999596 0.0237816 -0.00676215 0.0286685 -0.0233291 0.999317 -0.0336331 0.0 0.0 0.0 1.0
pumpkin/seq-03/color/frame-000404.color.png pumpkin/seq-03/color/frame-000407.color.png 0.999534 0.0178731 -0.0247435 0.0320296 -0.0174389 0.999692 0.0176564 0.00642449 0.0250515 -0.0172167 0.999538 -0.0326357 0.0 0.0 0.0 1.0
pumpkin/seq-03/color/frame-000407.color.png pumpkin/seq-03/color/frame-000410.color.png 0.999756 0.0149475 -0.0162364 0.0135133 -0.0146318 0.999705 0.0193896 0.0041154 0.0165214 -0.0191473 0.99968 -0.0299457 0.0 0.0 0.0 1.0
pumpkin/seq-03/color/frame-000410.color.png pumpkin/seq-03/color/frame-000413.color.png 0.99983 0.00945433 -0.0158038 0.0140189 -0.00911015 0.999723 0.0217086 -0.00717115 0.0160046 -0.0215609 0.999639 -0.0301636 0.0 0.0 0.0 1.0
pumpkin/seq-03/color/frame-000413.color.png pumpkin/seq-03/color/frame-000416.color.png 0.99963 0.0119153 -0.0244587 0.0315696 -0.0113756 0.999691 0.0220875 -0.00240448 0.0247143 -0.0218011 0.999457 -0.0374747 0.0 0.0 0.0 1.0
pumpkin/seq-03/color/frame-000416.color.png pumpkin/seq-03/color/frame-000419.color.png 0.999952 0.00454705 -0.00873003 -0.00365645 -0.00435431 0.999749 0.0219674 -0.00280911 0.00882771 -0.0219284 0.99972 -0.0285532 0.0 0.0 0.0 1.0
pumpkin/seq-03/color/frame-000419.color.png pumpkin/seq-03/color/frame-000422.color.png 0.999839 -0.0106544 -0.0144058 0.0046241 0.0109475 0.999731 0.0204265 -0.0182782 0.0141844 -0.020581 0.999688 -0.0279698 0.0 0.0 0.0 1.0
pumpkin/seq-03/color/frame-000422.color.png pumpkin/seq-03/color/frame-000425.color.png 0.999947 0.00223166 -0.0100765 0.00848243 -0.00208582 0.999893 0.0144647 -0.00823742 0.0101077 -0.0144429 0.999845 -0.0287895 0.0 0.0 0.0 1.0
pumpkin/seq-03/color/frame-000425.color.png pumpkin/seq-03/color/frame-000428.color.png 0.999955 0.00291505 -0.00904095 0.0127631 -0.00287214 0.999985 0.00475156 0.00150937 0.00905463 -0.00472539 0.999948 -0.0183589 0.0 0.0 0.0 1.0
pumpkin/seq-03/color/frame-000428.color.png pumpkin/seq-03/color/frame-000431.color.png 0.999854 0.00813078 -0.01503 0.0370004 -0.00796065 0.999904 0.0113446 -0.000835508 0.0151208 -0.0112232 0.999823 -0.0222037 0.0 0.0 0.0 1.0
pumpkin/seq-03/color/frame-000431.color.png pumpkin/seq-03/color/frame-000434.color.png 0.999887 0.0148761 -0.00198514 0.0221187 -0.0148529 0.999827 0.0112222 -0.0153036 0.00215175 -0.0111915 0.999935 -0.0200433 0.0 0.0 0.0 1.0
pumpkin/seq-03/color/frame-000434.color.png pumpkin/seq-03/color/frame-000437.color.png 0.999854 0.0129295 -0.0111829 0.0335826 -0.0129547 0.999914 -0.00218236 0.0241099 0.0111537 0.00232697 0.999935 -0.014983 0.0 0.0 0.0 1.0
pumpkin/seq-03/color/frame-000437.color.png pumpkin/seq-03/color/frame-000440.color.png 0.999791 0.00830527 -0.0186961 0.0509744 -0.00816947 0.99994 0.00732832 -0.0213258 0.0187558 -0.00717411 0.999798 -0.0190213 0.0 0.0 0.0 1.0
pumpkin/seq-03/color/frame-000440.color.png pumpkin/seq-03/color/frame-000443.color.png 0.999959 0.00127972 -0.00900452 0.0378544 -0.00137628 0.999942 -0.0107263 0.0271849 0.00899029 0.0107382 0.999902 -0.02315 0.0 0.0 0.0 1.0
pumpkin/seq-03/color/frame-000443.color.png pumpkin/seq-03/color/frame-000446.color.png 0.999775 0.00712015 -0.0200023 0.056519 -0.00694237 0.999936 0.0089408 -0.0155171 0.0200646 -0.00879996 0.99976 -0.0267128 0.0 0.0 0.0 1.0
pumpkin/seq-03/color/frame-000446.color.png pumpkin/seq-03/color/frame-000449.color.png 0.999835 -0.000631636 -0.0181498 0.0419755 0.000578291 0.999996 -0.00294271 0.0112086 0.0181516 0.00293168 0.999831 -0.0311207 0.0 0.0 0.0 1.0
pumpkin/seq-03/color/frame-000449.color.png pumpkin/seq-03/color/frame-000452.color.png 0.9991 0.00207359 -0.0423585 0.0779113 -0.00171442 0.999962 0.00851326 0.00370988 0.0423746 -0.00843292 0.999066 -0.0263905 0.0 0.0 0.0 1.0
pumpkin/seq-03/color/frame-000452.color.png pumpkin/seq-03/color/frame-000455.color.png 0.999627 -0.0047106 -0.0268901 0.0331819 0.00468042 0.999988 -0.00118276 0.0108892 0.0268953 0.00105646 0.999638 -0.0297523 0.0 0.0 0.0 1.0
pumpkin/seq-03/color/frame-000455.color.png pumpkin/seq-03/color/frame-000458.color.png 0.999523 0.0107634 -0.0289622 0.0483386 -0.0104912 0.9999 0.00953406 -0.00569156 0.0290619 -0.00922568 0.999535 -0.018607 0.0 0.0 0.0 1.0
pumpkin/seq-03/color/frame-000458.color.png pumpkin/seq-03/color/frame-000461.color.png 0.999541 0.00956569 -0.0287333 0.0528025 -0.00937775 0.999934 0.00666835 -0.0147694 0.0287953 -0.00639588 0.999565 -0.0209565 0.0 0.0 0.0 1.0
pumpkin/seq-03/color/frame-000461.color.png pumpkin/seq-03/color/frame-000464.color.png 0.999448 0.0128912 -0.0306092 0.047354 -0.0132065 0.999862 -0.0101202 0.0251258 0.0304743 0.0105189 0.99948 -0.011777 0.0 0.0 0.0 1.0
pumpkin/seq-03/color/frame-000464.color.png pumpkin/seq-03/color/frame-000467.color.png 0.999604 0.00840182 -0.0268641 0.0367259 -0.00837441 0.999964 0.00113365 -0.0141695 0.0268728 -0.000908252 0.999638 -0.00772685 0.0 0.0 0.0 1.0
pumpkin/seq-03/color/frame-000467.color.png pumpkin/seq-03/color/frame-000470.color.png 0.999655 0.00486095 -0.0258222 0.0357313 -0.00515686 0.999922 -0.0114073 0.0170741 0.0257647 0.0115366 0.999602 -0.0190645 0.0 0.0 0.0 1.0
pumpkin/seq-03/color/frame-000470.color.png pumpkin/seq-03/color/frame-000473.color.png 0.999671 0.00814217 -0.0243201 0.0425804 -0.00818811 0.999965 -0.00179136 0.0161003 0.0243047 0.00198986 0.999703 -0.0129345 0.0 0.0 0.0 1.0
pumpkin/seq-03/color/frame-000473.color.png pumpkin/seq-03/color/frame-000476.color.png 0.999828 0.0052273 -0.017789 0.0419897 -0.00492847 0.999847 0.0168033 -0.0116646 0.0178741 -0.0167127 0.999701 -0.0109969 0.0 0.0 0.0 1.0
pumpkin/seq-03/color/frame-000476.color.png pumpkin/seq-03/color/frame-000479.color.png 0.999173 0.0142149 -0.0380861 0.0597568 -0.0138715 0.999861 0.00926691 0.0112258 0.0382125 -0.00873089 0.999232 -0.0230197 0.0 0.0 0.0 1.0
pumpkin/seq-03/color/frame-000479.color.png pumpkin/seq-03/color/frame-000482.color.png 0.999171 0.0106234 -0.0393069 0.0626001 -0.0105291 0.999941 0.00260281 0.000782222 0.0393323 -0.00218684 0.999224 -0.0127372 0.0 0.0 0.0 1.0
pumpkin/seq-03/color/frame-000482.color.png pumpkin/seq-03/color/frame-000485.color.png 0.998648 0.0148166 -0.049817 0.0789514 -0.0149065 0.999888 -0.00143376 -0.00369969 0.0497902 0.00217445 0.998757 -0.0285574 0.0 0.0 0.0 1.0
pumpkin/seq-03/color/frame-000485.color.png pumpkin/seq-03/color/frame-000488.color.png 0.999467 0.011177 -0.0306696 0.0663787 -0.0111727 0.999937 0.000309964 -0.0166317 0.0306711 3.28859e-05 0.999529 -0.00051707 0.0 0.0 0.0 1.0
pumpkin/seq-03/color/frame-000488.color.png pumpkin/seq-03/color/frame-000491.color.png 0.999926 -0.00213076 -0.0119557 0.0294482 0.00213654 0.999998 0.000478582 -0.00960612 0.0119546 -0.000504145 0.999928 -0.00233996 0.0 0.0 0.0 1.0
pumpkin/seq-03/color/frame-000491.color.png pumpkin/seq-03/color/frame-000494.color.png 0.999645 -0.00417798 -0.0263218 0.0353878 0.00419488 0.999991 0.000588034 -0.0194792 0.0263191 -0.000698176 0.999653 -0.0136309 0.0 0.0 0.0 1.0
pumpkin/seq-03/color/frame-000494.color.png pumpkin/seq-03/color/frame-000497.color.png 0.999678 6.51981e-05 -0.0253765 0.0341864 5.47715e-05 0.999989 0.00472561 -0.0298349 0.0253765 -0.00472543 0.999667 0.000273705 0.0 0.0 0.0 1.0
pumpkin/seq-03/color/frame-000497.color.png pumpkin/seq-03/color/frame-000500.color.png 0.999919 -0.00110328 -0.0126704 0.0312532 0.00119368 0.999974 0.00713116 -0.0195622 0.0126622 -0.00714576 0.999894 0.0071907 0.0 0.0 0.0 1.0
pumpkin/seq-03/color/frame-000500.color.png pumpkin/seq-03/color/frame-000503.color.png 0.999849 -0.000888781 -0.0173697 0.033895 0.00105641 0.999953 0.00965095 -0.00256324 0.0173604 -0.00966785 0.999803 -0.00248206 0.0 0.0 0.0 1.0
pumpkin/seq-03/color/frame-000503.color.png pumpkin/seq-03/color/frame-000506.color.png 0.999705 -0.00746313 -0.023125 0.0217319 0.00732989 0.999956 -0.00584242 -0.0179871 0.0231675 0.0056712 0.999716 -0.00124824 0.0 0.0 0.0 1.0
pumpkin/seq-03/color/frame-000506.color.png pumpkin/seq-03/color/frame-000509.color.png 0.999534 -0.00660851 -0.0297869 0.0463713 0.00610254 0.999836 -0.0170505 -0.00921398 0.0298948 0.0168607 0.999411 -0.00476515 0.0 0.0 0.0 1.0
pumpkin/seq-03/color/frame-000509.color.png pumpkin/seq-03/color/frame-000512.color.png 0.998875 -0.028314 -0.0380269 0.0563514 0.0274139 0.999336 -0.0239844 -0.0115172 0.0386806 0.022915 0.998989 -0.00258839 0.0 0.0 0.0 1.0
pumpkin/seq-03/color/frame-000512.color.png pumpkin/seq-03/color/frame-000515.color.png 0.999619 -0.0209341 -0.0180125 0.0222573 0.0209214 0.999781 -0.0008914 -0.0219666 0.0180272 0.00051418 0.999837 0.00769782 0.0 0.0 0.0 1.0
pumpkin/seq-03/color/frame-000515.color.png pumpkin/seq-03/color/frame-000518.color.png 0.999673 -0.024992 -0.00543708 0.0108908 0.0249799 0.999685 -0.00229259 -0.0303904 0.00549264 0.00215604 0.999983 0.018676 0.0 0.0 0.0 1.0
pumpkin/seq-03/color/frame-000518.color.png pumpkin/seq-03/color/frame-000521.color.png 0.999661 -0.00930021 -0.0243206 0.0262452 0.00917856 0.999945 -0.00510248 -0.00851643 0.0243668 0.00487751 0.999691 0.00144082 0.0 0.0 0.0 1.0
pumpkin/seq-03/color/frame-000521.color.png pumpkin/seq-03/color/frame-000524.color.png 0.999743 -0.0115319 -0.0195302 0.0158669 0.0110477 0.999633 -0.0247274 0.00576472 0.0198081 0.0245053 0.999503 0.0150924 0.0 0.0 0.0 1.0
pumpkin/seq-03/color/frame-000524.color.png pumpkin/seq-03/color/frame-000527.color.png 0.999621 -0.00686381 -0.0266611 0.028594 0.00677158 0.999971 -0.00354683 -0.00943696 0.0266848 0.00336494 0.999638 -0.00442749 0.0 0.0 0.0 1.0
