pumpkin/seq-03/color/frame-000000.color.png pumpkin/seq-03/color/frame-000002.color.png 1.0 0.000310073 -0.000130685 0.00535586 -0.000309749 0.999997 0.00246832 0.0049112 0.00013145 -0.00246828 0.999997 0.00134272 0.0 0.0 0.0 1.0
pumpkin/seq-03/color/frame-000002.color.png pumpkin/seq-03/color/frame-000004.color.png 1.0 4.31409e-05 0.000551811 0.00522694 -4.63043e-05 0.999984 0.0057338 0.00329291 -0.000551555 -0.00573382 0.999983 0.00339001 0.0 0.0 0.0 1.0
pumpkin/seq-03/color/frame-000004.color.png pumpkin/seq-03/color/frame-000006.color.png 0.999992 0.00367606 0.00125685 0.0112899 -0.00368385 0.999974 0.00625922 -0.00570175 -0.00123381 -0.0062638 0.99998 0.0075164 0.0 0.0 0.0 1.0
pumpkin/seq-03/color/frame-000006.color.png pumpkin/seq-03/color/frame-000008.color.png 0.99996 -0.00108713 0.00884419 -0.0086248 0.00103442 0.999982 0.00596246 -0.0104569 -0.00885051 -0.00595307 0.999943 0.00465568 0.0 0.0 0.0 1.0
pumpkin/seq-03/color/frame-000008.color.png pumpkin/seq-03/color/frame-000010.color.png 0.999992 0.000976358 -0.00390629 -0.000997825 -0.000951601 0.99998 0.00633417 0.0031204 0.0039124 -0.0063304 0.999972 0.00675938 0.0 0.0 0.0 1.0
pumpkin/seq-03/color/frame-000010.color.png pumpkin/seq-03/color/frame-000012.color.png 0.999956 0.00232178 -0.00905252 0.00813042 -0.00218289 0.99988 0.015322 -0.00576505 0.009087 -0.0153016 0.999842 0.00963133 0.0 0.0 0.0 1.0
pumpkin/seq-03/color/frame-000012.color.png pumpkin/seq-03/color/frame-000014.color.png 1.0 -0.000896466 0.000190959 0.00597394 0.000894441 0.999946 0.0103401 -0.00802011 -0.000200218 -0.0103399 0.999947 0.0163365 0.0 0.0 0.0 1.0
pumpkin/seq-03/color/frame-000014.color.png pumpkin/seq-03/color/frame-000016.color.png 0.999999 0.00124427 0.000886718 0.0136036 -0.00124797 0.999991 0.00417999 0.00271597 -0.000881508 -0.00418109 0.999991 0.0117199 0.0 0.0 0.0 1.0
pumpkin/seq-03/color/frame-000016.color.png pumpkin/seq-03/color/frame-000018.color.png 0.999948 -0.0016142 0.0100181 0.0011332 0.00146712 0.999891 0.0146714 -0.0138565 -0.0100407 -0.0146559 0.999842 0.0160995 0.0 0.0 0.0 1.0
pumpkin/seq-03/color/frame-000018.color.png pumpkin/seq-03/color/frame-000020.color.png 0.999968 -0.00249077 0.00766745 0.0120653 0.00246596 0.999992 0.00324435 0.00051095 -0.00767547 -0.00322533 0.999965 0.0141794 0.0 0.0 0.0 1.0
pumpkin/seq-03/color/frame-000020.color.png pumpkin/seq-03/color/frame-000022.color.png 0.999892 0.000732366 0.0147057 -0.00251671 -0.000941593 0.999898 0.0142258 -0.0111688 -0.0146938 -0.0142381 0.999791 0.0155604 0.0 0.0 0.0 1.0
pumpkin/seq-03/color/frame-000022.color.png pumpkin/seq-03/color/frame-000024.color.png 0.999917 -0.00324218 0.0124613 -0.0005247 0.0030913 0.999922 0.0121084 -0.015153 -0.0124996 -0.0120689 0.999849 0.0238386 0.0 0.0 0.0 1.0
pumpkin/seq-03/color/frame-000024.color.png pumpkin/seq-03/color/frame-000026.color.png 0.999918 -0.00514865 0.0117001 0.00390562 0.00504988 0.999951 0.00845615 -0.0107942 -0.0117431 -0.00839637 0.999896 0.0221545 0.0 0.0 0.0 1.0
pumpkin/seq-03/color/frame-000026.color.png pumpkin/seq-03/color/frame-000028.color.png 0.999948 -0.00340149 0.00959263 0.0038041 0.00325509 0.999879 0.0152362 -0.0191031 -0.00964329 -0.0152042 0.999838 0.0267276 0.0 0.0 0.0 1.0
pumpkin/seq-03/color/frame-000028.color.png pumpkin/seq-03/color/frame-000030.color.png 0.999796 0.00138726 0.0201489 -0.00570734 -0.00159885 0.999944 0.0104891 -0.0186353 -0.0201332 -0.0105191 0.999742 0.0235395 0.0 0.0 0.0 1.0
pumpkin/seq-03/color/frame-000030.color.png pumpkin/seq-03/color/frame-000032.color.png 0.999848 -0.00404996 0.0169368 -0.0117312 0.00392322 0.999964 0.00750951 -0.0101054 -0.0169667 -0.00744191 0.999828 0.0249522 0.0 0.0 0.0 1.0
pumpkin/seq-03/color/frame-000032.color.png pumpkin/seq-03/color/frame-000034.color.png 0.999809 0.00855508 0.0175892 -0.0101363 -0.00901512 0.999615 0.0262441 -0.0458661 -0.0173579 -0.0263977 0.999501 0.0406556 0.0 0.0 0.0 1.0
pumpkin/seq-03/color/frame-000034.color.png pumpkin/seq-03/color/frame-000036.color.png 0.999941 0.00648237 0.00872285 -0.000217166 -0.0065515 0.999947 0.0079206 -0.0120962 -0.00867103 -0.0079773 0.999931 0.0238224 0.0 0.0 0.0 1.0
pumpkin/seq-03/color/frame-000036.color.png pumpkin/seq-03/color/frame-000038.color.png 0.999952 0.00374522 0.00910565 -0.00482911 -0.003856 0.999918 0.01218 -0.0257159 -0.00905929 -0.0122145 0.999884 0.0295202 0.0 0.0 0.0 1.0
pumpkin/seq-03/color/frame-000038.color.png pumpkin/seq-03/color/frame-000040.color.png 0.999934 -0.00205811 0.011273 -0.00277199 0.00199297 0.999981 0.00578587 -0.00946614 -0.0112848 -0.005763 0.99992 0.0169393 0.0 0.0 0.0 1.0
pumpkin/seq-03/color/frame-000040.color.png pumpkin/seq-03/color/frame-000042.color.png 0.99999 0.000107889 0.00456164 -0.000688717 -0.000179966 0.999875 0.0158047 -0.0237527 -0.00455934 -0.0158054 0.999865 0.0222131 0.0 0.0 0.0 1.0
pumpkin/seq-03/color/frame-000042.color.png pumpkin/seq-03/color/frame-000044.color.png 0.999987 0.00504895 0.00107116 0.0103569 -0.00506894 0.999796 0.0195631 -0.0392815 -0.000972161 -0.0195683 0.999808 0.0253594 0.0 0.0 0.0 1.0
pumpkin/seq-03/color/frame-000044.color.png pumpkin/seq-03/color/frame-000046.color.png 0.999934 0.00681817 0.00926681 -6.93463e-05 -0.0068981 0.999939 0.00862071 -0.0148512 -0.00920747 -0.00868406 0.99992 0.0186566 0.0 0.0 0.0 1.0
pumpkin/seq-03/color/frame-000046.color.png pumpkin/seq-03/color/frame-000048.color.png 0.999985 0.00546962 -0.000840794 0.00927309 -0.0054584 0.999903 0.0128144 -0.0255047 0.000910798 -0.0128096 0.999918 0.0231967 0.0 0.0 0.0 1.0
pumpkin/seq-03/color/frame-000048.color.png pumpkin/seq-03/color/frame-000050.color.png 0.999952 0.00826708 0.00518535 0.00360882 -0.0083474 0.999843 0.0156633 -0.0293687 -0.00505508 -0.0157058 0.999864 0.0234045 0.0 0.0 0.0 1.0
pumpkin/seq-03/color/frame-000050.color.png pumpkin/seq-03/color/frame-000052.color.png 0.999986 0.00342255 0.00394453 0.00678402 -0.00347332 0.99991 0.0129362 -0.038193 -0.00389985 -0.0129497 0.999909 0.0283684 0.0 0.0 0.0 1.0
pumpkin/seq-03/color/frame-000052.color.png pumpkin/seq-03/color/frame-000054.color.png 0.999939 0.00927743 0.00604319 0.0141105 -0.00928087 0.999957 0.000543939 -0.0184806 -0.00603792 -0.000600018 0.999982 0.021771 0.0 0.0 0.0 1.0
pumpkin/seq-03/color/frame-000054.color.png pumpkin/seq-03/color/frame-000056.color.png 0.999974 0.00691637 0.00171709 0.0152288 -0.00692937 0.999946 0.00767447 -0.0229011 -0.00166389 -0.00768624 0.999969 0.0151179 0.0 0.0 0.0 1.0
pumpkin/seq-03/color/frame-000056.color.png pumpkin/seq-03/color/frame-000058.color.png 0.999793 0.00599135 0.01942 -0.0119341 -0.00617886 0.999935 0.00961035 -0.0222107 -0.0193611 -0.00972827 0.999765 0.0202389 0.0 0.0 0.0 1.0
pumpkin/seq-03/color/frame-000058.color.png pumpkin/seq-03/color/frame-000060.color.png 0.999962 -0.00265761 0.00829405 -0.000977144 0.00258761 0.999961 0.00843978 -0.0299518 -0.00831621 -0.00841806 0.99993 0.0145777 0.0 0.0 0.0 1.0
pumpkin/seq-03/color/frame-000060.color.png pumpkin/seq-03/color/frame-000062.color.png 0.999943 0.00451057 0.00965409 -0.00559007 -0.00456838 0.999972 0.00597381 -0.00404772 -0.00962686 -0.00601755 0.999936 0.00695968 0.0 0.0 0.0 1.0
pumpkin/seq-03/color/frame-000062.color.png pumpkin/seq-03/color/frame-000064.color.png 0.999947 0.00438012 0.00931242 -0.00539972 -0.00457104 0.999778 0.0205808 -0.0246679 -0.00922018 -0.0206222 0.999745 0.0106561 0.0 0.0 0.0 1.0
pumpkin/seq-03/color/frame-000064.color.png pumpkin/seq-03/color/frame-000066.color.png 0.999979 -0.00274011 0.00582373 -0.000994802 0.00260936 0.999747 0.022342 -0.0401205 -0.00588345 -0.0223264 0.999733 0.0142985 0.0 0.0 0.0 1.0
pumpkin/seq-03/color/frame-000066.color.png pumpkin/seq-03/color/frame-000068.color.png 0.999973 0.00330261 0.00650184 0.0021311 -0.00337804 0.999927 0.0116259 -0.00890008 -0.00646299 -0.0116475 0.999911 -0.0020172 0.0 0.0 0.0 1.0
pumpkin/seq-03/color/frame-000068.color.png pumpkin/seq-03/color/frame-000070.color.png 0.999921 0.00449311 0.0117109 -0.0141557 -0.00477158 0.999704 0.0238601 -0.0288875 -0.0116003 -0.0239141 0.999647 0.00913739 0.0 0.0 0.0 1.0
pumpkin/seq-03/color/frame-000070.color.png pumpkin/seq-03/color/frame-000072.color.png 0.999988 -0.000758401 0.00475947 -0.0120182 0.000648863 0.999736 0.0229666 -0.0376883 -0.00477565 -0.0229632 0.999725 0.0151337 0.0 0.0 0.0 1.0
pumpkin/seq-03/color/frame-000072.color.png pumpkin/seq-03/color/frame-000074.color.png 0.999959 0.00781109 0.00446829 -0.00414673 -0.0079259 0.999623 0.0262783 -0.0424074 -0.00426137 -0.0263127 0.999645 0.00679976 0.0 0.0 0.0 1.0
pumpkin/seq-03/color/frame-000074.color.png pumpkin/seq-03/color/frame-000076.color.png 0.999945 0.00630976 0.00835745 -0.0176566 -0.00643738 0.999862 0.0153331 -0.0386567 -0.00825962 -0.0153861 0.999847 0.022091 0.0 0.0 0.0 1.0
pumpkin/seq-03/color/frame-000076.color.png pumpkin/seq-03/color/frame-000078.color.png 0.999938 0.0111195 0.000273416 0.00125696 -0.0111212 0.999908 0.00775305 -0.0161091 -0.000187054 -0.00775561 0.99997 -0.00142807 0.0 0.0 0.0 1.0
pumpkin/seq-03/color/frame-000078.color.png pumpkin/seq-03/color/frame-000080.color.png 0.999898 0.01226 0.00735649 -0.0201154 -0.0124237 0.999667 0.0226319 -0.040486 -0.00707662 -0.022721 0.999717 0.0161161 0.0 0.0 0.0 1.0
pumpkin/seq-03/color/frame-000080.color.png pumpkin/seq-03/color/frame-000082.color.png 0.999938 0.00969702 -0.00547284 0.000776 -0.00966243 0.999933 0.00631672 -0.0277159 0.0055337 -0.00626345 0.999965 0.00638855 0.0 0.0 0.0 1.0
pumpkin/seq-03/color/frame-000082.color.png pumpkin/seq-03/color/frame-000084.color.png 0.999852 0.0169736 0.0027744 -0.00852223 -0.017039 0.999527 0.0256071 -0.0467315 -0.00233845 -0.0256506 0.999668 0.00661975 0.0 0.0 0.0 1.0
pumpkin/seq-03/color/frame-000084.color.png pumpkin/seq-03/color/frame-000086.color.png 0.999902 0.0138616 0.00214738 -0.015998 -0.0138828 0.999852 0.0101887 -0.0237601 -0.00200583 -0.0102176 0.999946 0.00801259 0.0 0.0 0.0 1.0
pumpkin/seq-03/color/frame-000086.color.png pumpkin/seq-03/color/frame-000088.color.png 0.999883 0.0134456 -0.00733986 3.34112e-05 -0.013364 0.999849 0.0110688 -0.0266552 0.00748752 -0.0109695 0.999912 0.00804186 0.0 0.0 0.0 1.0
pumpkin/seq-03/color/frame-000088.color.png pumpkin/seq-03/color/frame-000090.color.png 0.99992 0.0102246 -0.0074653 0.00261331 -0.0101989 0.999942 0.00346175 -0.0160031 0.00750035 -0.00338525 0.999966 0.00385869 0.0 0.0 0.0 1.0
pumpkin/seq-03/color/frame-000090.color.png pumpkin/seq-03/color/frame-000092.color.png 0.999872 0.0134041 -0.00879572 0.000967212 -0.0133631 0.9999 0.00471367 -0.0134098 0.00885796 -0.0045956 0.99995 0.00408864 0.0 0.0 0.0 1.0
pumpkin/seq-03/color/frame-000092.color.png pumpkin/seq-03/color/frame-000094.color.png 0.999941 0.00805976 -0.00733647 -0.00567453 -0.00791898 0.999788 0.0190123 -0.0304351 0.00748821 -0.018953 0.999792 -0.00062114 0.0 0.0 0.0 1.0
pumpkin/seq-03/color/frame-000094.color.png pumpkin/seq-03/color/frame-000096.color.png 0.999941 0.00901631 -0.00606326 -0.00745162 -0.0089123 0.999816 0.0169667 -0.0334612 0.0062151 -0.0169117 0.999838 0.00512862 0.0 0.0 0.0 1.0
pumpkin/seq-03/color/frame-000096.color.png pumpkin/seq-03/color/frame-000098.color.png 0.99996 0.00722985 -0.00523929 -0.0015059 -0.00712775 0.999789 0.0192574 -0.0287923 0.00537736 -0.0192193 0.999801 -0.00563514 0.0 0.0 0.0 1.0
pumpkin/seq-03/color/frame-000098.color.png pumpkin/seq-03/color/frame-000100.color.png 0.999951 9.73512e-05 -0.00986172 -0.00572707 -6.61416e-05 0.999995 0.00315615 -0.00305128 0.009862 -0.00315533 0.999946 -0.00586545 0.0 0.0 0.0 1.0
pumpkin/seq-03/color/frame-000100.color.png pumpkin/seq-03/color/frame-000102.color.png 0.999852 0.00445408 -0.0165856 0.0105698 -0.00430315 0.999949 0.00912494 -0.0113531 0.0166254 -0.0090522 0.999821 -0.00382227 0.0 0.0 0.0 1.0
pumpkin/seq-03/color/frame-000102.color.png pumpkin/seq-03/color/frame-000104.color.png 0.999889 0.00956234 -0.0113838 0.00754865 -0.00939418 0.999847 0.0147371 -0.0156136 0.0115229 -0.0146286 0.999827 -0.0166135 0.0 0.0 0.0 1.0
pumpkin/seq-03/color/frame-000104.color.png pumpkin/seq-03/color/frame-000106.color.png 0.999698 0.00297817 -0.0243989 0.0188612 -0.0026913 0.999927 0.0117801 -0.0201848 0.0244322 -0.0117109 0.999633 -0.0017879 0.0 0.0 0.0 1.0
pumpkin/seq-03/color/frame-000106.color.png pumpkin/seq-03/color/frame-000108.color.png 0.999814 0.00720323 -0.0178764 0.0126513 -0.00712763 0.999965 0.00429193 -0.00758535 0.0179067 -0.00416377 0.999831 -0.00374132 0.0 0.0 0.0 1.0
pumpkin/seq-03/color/frame-000108.color.png pumpkin/seq-03/color/frame-000110.color.png 0.99985 0.00283171 -0.0171097 0.00980364 -0.00290758 0.999986 -0.0044139 0.0034762 0.0170971 0.00446296 0.999844 -0.00263637 0.0 0.0 0.0 1.0
pumpkin/seq-03/color/frame-000110.color.png pumpkin/seq-03/color/frame-000112.color.png 0.999682 -0.00263328 -0.0250656 0.026832 0.00249447 0.999981 -0.00556942 0.00697881 0.0250798 0.00550525 0.99967 -0.00871706 0.0 0.0 0.0 1.0
pumpkin/seq-03/color/frame-000112.color.png pumpkin/seq-03/color/frame-000114.color.png 0.999886 0.00448777 -0.0144047 0.000385657 -0.00485173 0.999667 -0.0253258 0.0363535 0.0142862 0.0253926 0.999575 0.00367922 0.0 0.0 0.0 1.0
pumpkin/seq-03/color/frame-000114.color.png pumpkin/seq-03/color/frame-000116.color.png 0.999573 -0.0190357 -0.0221824 0.00954096 0.0185483 0.999586 -0.0219763 0.0239288 0.0225916 0.0215556 0.999512 0.0140187 0.0 0.0 0.0 1.0
pumpkin/seq-03/color/frame-000116.color.png pumpkin/seq-03/color/frame-000118.color.png 0.999157 -0.0120617 -0.0392422 0.049509 0.0103456 0.998994 -0.0436434 0.0581046 0.0397291 0.0432005 0.998276 -0.0101904 0.0 0.0 0.0 1.0
pumpkin/seq-03/color/frame-000118.color.png pumpkin/seq-03/color/frame-000120.color.png 0.999602 0.00154581 -0.0281796 0.0264246 -0.00250188 0.999421 -0.0339239 0.0568061 0.0281109 0.0339809 0.999027 -0.00776184 0.0 0.0 0.0 1.0
pumpkin/seq-03/color/frame-000120.color.png pumpkin/seq-03/color/frame-000122.color.png 0.999853 0.000911821 -0.0171412 0.00871924 -0.00106876 0.999958 -0.00914923 0.00789165 0.0171321 0.00916613 0.999811 -0.0096122 0.0 0.0 0.0 1.0
pumpkin/seq-03/color/frame-000122.color.png pumpkin/seq-03/color/frame-000124.color.png 0.999474 -0.00604743 -0.0318565 0.0399834 0.00510113 0.999546 -0.0297014 0.047673 0.0320217 0.0295234 0.999051 -0.0119862 0.0 0.0 0.0 1.0
pumpkin/seq-03/color/frame-000124.color.png pumpkin/seq-03/color/frame-000126.color.png 0.999955 0.000540075 -0.00952806 0.00602327 -0.000638514 0.999946 -0.0103258 0.0155073 0.00952199 0.0103315 0.999901 0.00104707 0.0 0.0 0.0 1.0
pumpkin/seq-03/color/frame-000126.color.png pumpkin/seq-03/color/frame-000128.color.png 0.999765 -0.000435142 -0.0216617 0.0250587 -0.000223388 0.999538 -0.0303909 0.0431951 0.021665 0.0303885 0.999303 -0.0127044 0.0 0.0 0.0 1.0
pumpkin/seq-03/color/frame-000128.color.png pumpkin/seq-03/color/frame-000130.color.png 0.999769 -0.0105723 -0.0187383 0.00199983 0.0104121 0.999909 -0.00862724 0.000503421 0.0188278 0.00843011 0.999787 -0.00384647 0.0 0.0 0.0 1.0
pumpkin/seq-03/color/frame-000130.color.png pumpkin/seq-03/color/frame-000132.color.png 0.999937 0.000191488 -0.0112117 0.00890896 -0.000394735 0.999835 -0.0181331 0.0360373 0.0112064 0.0181364 0.999773 0.000410259 0.0 0.0 0.0 1.0
pumpkin/seq-03/color/frame-000132.color.png pumpkin/seq-03/color/frame-000134.color.png 0.999573 -0.0182648 -0.0228145 0.0237735 0.0177539 0.999591 -0.0224013 0.0357576 0.0232143 0.0219867 0.999489 -0.00717759 0.0 0.0 0.0 1.0
pumpkin/seq-03/color/frame-000134.color.png pumpkin/seq-03/color/frame-000136.color.png 0.999438 -0.0236464 -0.0237815 0.0147098 0.0230016 0.99937 -0.0270302 0.0312954 0.0244057 0.0264679 0.999352 -0.00350988 0.0 0.0 0.0 1.0
pumpkin/seq-03/color/frame-000136.color.png pumpkin/seq-03/color/frame-000138.color.png 0.999973 -0.00559604 -0.00485006 -0.0160835 0.00554945 0.999939 -0.00957095 0.0141258 0.0049033 0.00954378 0.999942 0.00610328 0.0 0.0 0.0 1.0
pumpkin/seq-03/color/frame-000138.color.png pumpkin/seq-03/color/frame-000140.color.png 0.9997 -0.0158653 -0.0186781 0.0128223 0.0152683 0.999381 -0.0316792 0.0257838 0.0191692 0.0313844 0.999324 0.00238359 0.0 0.0 0.0 1.0
pumpkin/seq-03/color/frame-000140.color.png pumpkin/seq-03/color/frame-000142.color.png 0.999745 -0.019317 -0.0117211 0.00109958 0.0189642 0.999385 -0.0294972 0.033815 0.0122836 0.0292674 0.999496 -0.00316268 0.0 0.0 0.0 1.0
pumpkin/seq-03/color/frame-000142.color.png pumpkin/seq-03/color/frame-000144.color.png 0.999896 -0.0139968 -0.00349033 -0.00972114 0.013895 0.999521 -0.0276658 0.0231463 0.00387593 0.0276144 0.999611 -0.00294501 0.0 0.0 0.0 1.0
pumpkin/seq-03/color/frame-000144.color.png pumpkin/seq-03/color/frame-000146.color.png 0.999811 -0.016165 -0.0108395 0.0109781 0.0160422 0.999807 -0.0113167 -0.0166672 0.0110203 0.0111407 0.999877 -0.0138677 0.0 0.0 0.0 1.0
pumpkin/seq-03/color/frame-000146.color.png pumpkin/seq-03/color/frame-000148.color.png 0.999986 -0.00533818 0.000600812 -0.00882678 0.0053453 0.999906 -0.0126343 0.0136247 -0.000533293 0.0126373 0.99992 -0.00694811 0.0 0.0 0.0 1.0
pumpkin/seq-03/color/frame-000148.color.png pumpkin/seq-03/color/frame-000150.color.png 0.99988 -0.0154997 0.000165074 -0.0150557 0.0154964 0.999301 -0.0340186 0.0322276 0.000362345 0.034017 0.999421 0.00100791 0.0 0.0 0.0 1.0
pumpkin/seq-03/color/frame-000150.color.png pumpkin/seq-03/color/frame-000152.color.png 0.999828 -0.0133517 -0.0128602 0.0188392 0.0130201 0.999589 -0.0255324 0.0312093 0.0131958 0.0253606 0.999591 -0.00533268 0.0 0.0 0.0 1.0
pumpkin/seq-03/color/frame-000152.color.png pumpkin/seq-03/color/frame-000154.color.png 0.999955 -0.00890477 -0.00315284 0.00015777 0.0088142 0.999578 -0.0276658 0.023827 0.00339783 0.0276368 0.999612 -0.00547397 0.0 0.0 0.0 1.0
pumpkin/seq-03/color/frame-000154.color.png pumpkin/seq-03/color/frame-000156.color.png 0.999969 -0.00746392 -0.00251859 -0.0193569 0.00743995 0.999928 -0.00938763 -0.000202715 0.00258852 0.0093686 0.999953 -0.0111316 0.0 0.0 0.0 1.0
pumpkin/seq-03/color/frame-000156.color.png pumpkin/seq-03/color/frame-000158.color.png 0.999923 -0.00405209 -0.0117152 0.0136355 0.00373963 0.99964 -0.0265668 0.0468917 0.0118186 0.0265209 0.999578 0.00358298 0.0 0.0 0.0 1.0
pumpkin/seq-03/color/frame-000158.color.png pumpkin/seq-03/color/frame-000160.color.png 0.999895 -0.0118397 -0.00837488 -0.00689853 0.0117892 0.999912 -0.00606444 -0.01617 0.00844593 0.00596507 0.999946 -0.0167274 0.0 0.0 0.0 1.0
pumpkin/seq-03/color/frame-000160.color.png pumpkin/seq-03/color/frame-000162.color.png 0.999933 -0.0016143 -0.0114526 0.000628911 0.00142608 0.999864 -0.0164195 0.0368491 0.0114775 0.0164021 0.9998 -0.00297076 0.0 0.0 0.0 1.0
pumpkin/seq-03/color/frame-000162.color.png pumpkin/seq-03/color/frame-000164.color.png 0.99993 -0.0054222 -0.0105135 -0.00654689 0.00536486 0.999971 -0.00547574 0.00622547 0.0105429 0.00541896 0.99993 -0.0157968 0.0 0.0 0.0 1.0
pumpkin/seq-03/color/frame-000164.color.png pumpkin/seq-03/color/frame-000166.color.png 0.999949 0.000806382 -0.0100937 -0.00633858 -0.000894932 0.999961 -0.00877093 0.0400592 0.0100862 0.00877951 0.999911 -0.00958848 0.0 0.0 0.0 1.0
pumpkin/seq-03/color/frame-000166.color.png pumpkin/seq-03/color/frame-000168.color.png 0.999786 0.00161503 -0.0206355 0.00556883 -0.00156426 0.999996 0.00247661 0.004812 0.0206394 -0.00244379 0.999784 -0.0131471 0.0 0.0 0.0 1.0
pumpkin/seq-03/color/frame-000168.color.png pumpkin/seq-03/color/frame-000170.color.png 0.999906 0.00705774 -0.0117408 0.00354781 -0.00710203 0.999968 -0.00373407 0.0225186 0.0117141 0.0038171 0.999924 -0.0103405 0.0 0.0 0.0 1.0
pumpkin/seq-03/color/frame-000170.color.png pumpkin/seq-03/color/frame-000172.color.png 0.999899 0.00219963 -0.0140325 -0.00133751 -0.00201828 0.999915 0.0129229 -0.00185928 0.0140597 -0.0128933 0.999818 -0.0239439 0.0 0.0 0.0 1.0
pumpkin/seq-03/color/frame-000172.color.png pumpkin/seq-03/color/frame-000174.color.png 0.99967 0.00353109 -0.0254278 0.0055643 -0.00338783 0.999978 0.00567595 0.00206053 0.0254472 -0.00558794 0.999661 -0.00281015 0.0 0.0 0.0 1.0
pumpkin/seq-03/color/frame-000174.color.png pumpkin/seq-03/color/frame-000176.color.png 0.999942 0.00259847 -0.0104133 -0.0093047 -0.00252595 0.999973 0.00697125 -0.00136641 0.0104311 -0.00694455 0.999921 -0.014174 0.0 0.0 0.0 1.0
pumpkin/seq-03/color/frame-000176.color.png pumpkin/seq-03/color/frame-000178.color.png 0.99992 0.00143964 -0.0125462 -0.00154019 -0.00136122 0.999979 0.00625882 0.00723088 0.012555 -0.00624125 0.999902 -0.00699371 0.0 0.0 0.0 1.0
pumpkin/seq-03/color/frame-000178.color.png pumpkin/seq-03/color/frame-000180.color.png 0.999916 -0.00335842 -0.0125509 0.00154985 0.0034477 0.999969 0.00709771 -0.000203639 0.0125266 -0.00714038 0.999896 -0.0163084 0.0 0.0 0.0 1.0
pumpkin/seq-03/color/frame-000180.color.png pumpkin/seq-03/color/frame-000182.color.png 0.999802 0.000784823 -0.0198745 0.000953332 -0.000703742 0.999992 0.00408604 -0.00163844 0.0198776 -0.00407125 0.999794 -0.00119607 0.0 0.0 0.0 1.0
pumpkin/seq-03/color/frame-000182.color.png pumpkin/seq-03/color/frame-000184.color.png 0.999746 0.000338174 -0.0225473 0.0188336 -0.000349571 1.0 -0.000502389 0.0108987 0.022547 0.00051015 0.999746 -0.00628874 0.0 0.0 0.0 1.0
pumpkin/seq-03/color/frame-000184.color.png pumpkin/seq-03/color/frame-000186.color.png 0.999658 0.0012596 -0.0261301 0.0141112 -0.00132956 0.999996 -0.00266038 -0.00449526 0.0261267 0.0026942 0.999655 -0.00407225 0.0 0.0 0.0 1.0
pumpkin/seq-03/color/frame-000186.color.png pumpkin/seq-03/color/frame-000188.color.png 0.999656 0.00710972 -0.0252336 0.0242513 -0.00713966 0.999974 -0.0010957 0.00646162 0.0252251 0.00127548 0.999681 -0.0113542 0.0 0.0 0.0 1.0
pumpkin/seq-03/color/frame-000188.color.png pumpkin/seq-03/color/frame-000190.color.png 0.999381 0.00432428 -0.0349042 0.0162421 -0.00404727 0.99996 0.00800328 -0.00618371 0.0349374 -0.00785706 0.999359 -0.0111033 0.0 0.0 0.0 1.0
pumpkin/seq-03/color/frame-000190.color.png pumpkin/seq-03/color/frame-000192.color.png 0.999043 0.0115618 -0.0421919 0.0347283 -0.0109385 0.999828 0.0149735 -0.00305364 0.0423577 -0.0144976 0.998997 -0.0142734 0.0 0.0 0.0 1.0
pumpkin/seq-03/color/frame-000192.color.png pumpkin/seq-03/color/frame-000194.color.png 0.999185 0.0170518 -0.0365936 0.017465 -0.0168198 0.999837 0.00663909 0.00642487 0.0367008 -0.00601819 0.999308 -0.0211619 0.0 0.0 0.0 1.0
pumpkin/seq-03/color/frame-000194.color.png pumpkin/seq-03/color/frame-000196.color.png 0.999086 0.00977483 -0.0416222 0.0293108 -0.00937289 0.999908 0.00984096 0.00541541 0.0417145 -0.00944183 0.999085 -0.0119194 0.0 0.0 0.0 1.0
pumpkin/seq-03/color/frame-000196.color.png pumpkin/seq-03/color/frame-000198.color.png 0.99888 0.013711 -0.0452928 0.035106 -0.0129632 0.999775 0.0167645 0.00689667 0.0455125 -0.0161587 0.998833 -0.00997113 0.0 0.0 0.0 1.0
pumpkin/seq-03/color/frame-000198.color.png pumpkin/seq-03/color/frame-000200.color.png 0.999228 0.0187143 -0.0345396 -0.00861475 -0.018469 0.999802 0.00740592 0.00840333 0.0346714 -0.00676226 0.999376 -0.010767 0.0 0.0 0.0 1.0
pumpkin/seq-03/color/frame-000200.color.png pumpkin/seq-03/color/frame-000202.color.png 0.998015 0.0215134 -0.0591864 0.0239708 -0.0202673 0.999562 0.0215741 -0.00392669 0.0596245 -0.0203317 0.998014 -0.0152055 0.0 0.0 0.0 1.0
pumpkin/seq-03/color/frame-000202.color.png pumpkin/seq-03/color/frame-000204.color.png 0.998889 0.0093329 -0.0461848 0.00586237 -0.00865133 0.999851 0.0149377 0.0117323 0.0463174 -0.0145215 0.998821 -0.0108943 0.0 0.0 0.0 1.0
pumpkin/seq-03/color/frame-000204.color.png pumpkin/seq-03/color/frame-000206.color.png 0.998993 0.0160144 -0.0419175 0.0320597 -0.0156739 0.999842 0.00843939 -0.0011403 0.042046 -0.00777394 0.999085 0.0215034 0.0 0.0 0.0 1.0
pumpkin/seq-03/color/frame-000206.color.png pumpkin/seq-03/color/frame-000208.color.png 0.998957 0.0240979 -0.0387873 0.00993072 -0.0237701 0.999678 0.00888711 -0.00830409 0.038989 -0.00795582 0.999208 0.0193216 0.0 0.0 0.0 1.0
pumpkin/seq-03/color/frame-000208.color.png pumpkin/seq-03/color/frame-000210.color.png 0.999241 0.0242157 -0.0305021 0.0330193 -0.023471 0.999423 0.0245394 -0.0250635 0.0310788 -0.0238048 0.999233 0.0143314 0.0 0.0 0.0 1.0
pumpkin/seq-03/color/frame-000210.color.png pumpkin/seq-03/color/frame-000212.color.png 0.999847 0.0169047 -0.00447943 0.00983135 -0.0167864 0.99954 0.0252438 -0.00489506 0.00490419 -0.0251647 0.999671 0.0128384 0.0 0.0 0.0 1.0
pumpkin/seq-03/color/frame-000212.color.png pumpkin/seq-03/color/frame-000214.color.png 0.999716 0.0125491 -0.0202616 0.0634491 -0.011766 0.999197 0.0383126 0.013211 0.0207261 -0.0380632 0.99906 0.0301871 0.0 0.0 0.0 1.0
pumpkin/seq-03/color/frame-000214.color.png pumpkin/seq-03/color/frame-000216.color.png 0.999738 0.021676 0.00730507 0.00590923 -0.0219408 0.999023 0.038358 -0.00932023 -0.00646649 -0.0385083 0.999237 0.0177626 0.0 0.0 0.0 1.0
pumpkin/seq-03/color/frame-000216.color.png pumpkin/seq-03/color/frame-000218.color.png 0.99993 0.00692426 0.00955716 0.00933667 -0.00714916 0.999693 0.023702 -0.00395951 -0.00939001 -0.0237687 0.999673 0.019087 0.0 0.0 0.0 1.0
pumpkin/seq-03/color/frame-000218.color.png pumpkin/seq-03/color/frame-000220.color.png 0.999972 -0.000558572 0.00743448 0.00755775 0.000429955 0.99985 0.0172994 -0.0178381 -0.00744314 -0.0172957 0.999823 0.0212673 0.0 0.0 0.0 1.0
pumpkin/seq-03/color/frame-000220.color.png pumpkin/seq-03/color/frame-000222.color.png 0.999681 -0.0107149 0.0228646 -0.0370801 0.0105205 0.999908 0.00860503 0.0257852 -0.0229546 -0.00836177 0.999701 0.00582153 0.0 0.0 0.0 1.0
pumpkin/seq-03/color/frame-000222.color.png pumpkin/seq-03/color/frame-000224.color.png 0.99997 -0.00748947 -0.00219428 0.00793622 0.0075044 0.999948 0.00686437 -0.00415006 0.00214282 -0.00688061 0.999974 0.0215019 0.0 0.0 0.0 1.0
pumpkin/seq-03/color/frame-000224.color.png pumpkin/seq-03/color/frame-000226.color.png 0.999996 -0.00271304 0.000183477 -0.00267578 0.0027135 0.999992 -0.00291719 -0.00356033 -0.000175628 0.0029177 0.999996 0.0216502 0.0 0.0 0.0 1.0
pumpkin/seq-03/color/frame-000226.color.png pumpkin/seq-03/color/frame-000228.color.png 0.999957 -0.00926195 -0.000124371 0.00951213 0.0092597 0.99988 -0.0124429 -0.0010713 0.000239739 0.0124412 0.999923 0.0407509 0.0 0.0 0.0 1.0
pumpkin/seq-03/color/frame-000228.color.png pumpkin/seq-03/color/frame-000230.color.png 0.999695 -0.0216026 0.0119785 -0.00814337 0.0218255 0.999585 -0.0188028 0.0160025 -0.0115675 0.0190585 0.999751 0.0384578 0.0 0.0 0.0 1.0
pumpkin/seq-03/color/frame-000230.color.png pumpkin/seq-03/color/frame-000232.color.png 0.999714 -0.00963019 0.0219059 -0.00719736 0.0099655 0.999834 -0.0152496 -0.0154068 -0.0217554 0.0154635 0.999644 0.0250531 0.0 0.0 0.0 1.0
pumpkin/seq-03/color/frame-000232.color.png pumpkin/seq-03/color/frame-000234.color.png 0.999855 -0.0137399 0.0100772 0.010138 0.0138882 0.999794 -0.0148 0.003034 -0.0098717 0.0149378 0.99984 0.0273001 0.0 0.0 0.0 1.0
pumpkin/seq-03/color/frame-000234.color.png pumpkin/seq-03/color/frame-000236.color.png 0.999765 -0.0172544 0.0131576 0.000478864 0.0175306 0.999622 -0.0211677 0.0229574 -0.0127874 0.0213934 0.999689 0.0448951 0.0 0.0 0.0 1.0
pumpkin/seq-03/color/frame-000236.color.png pumpkin/seq-03/color/frame-000238.color.png 0.999493 -0.0107741 0.0299678 -0.0115528 0.0112376 0.999819 -0.0153447 0.00139689 -0.029797 0.0156737 0.999433 0.0214779 0.0 0.0 0.0 1.0
pumpkin/seq-03/color/frame-000238.color.png pumpkin/seq-03/color/frame-000240.color.png 0.999196 -0.00881579 0.0391092 -0.019449 0.0100165 0.999481 -0.0306116 0.0126265 -0.0388191 0.0309787 0.998766 0.0106897 0.0 0.0 0.0 1.0
pumpkin/seq-03/color/frame-000240.color.png pumpkin/seq-03/color/frame-000242.color.png 0.999628 -0.00471173 0.0268541 -0.0197342 0.00508633 0.999891 -0.0138967 -0.00614908 -0.0267856 0.0140281 0.999543 0.0160066 0.0 0.0 0.0 1.0
pumpkin/seq-03/color/frame-000242.color.png pumpkin/seq-03/color/frame-000244.color.png 0.999743 -0.0138555 0.0179532 0.00648654 0.0142666 0.999634 -0.0229802 -0.000836045 -0.0176282 0.0232305 0.999575 0.0646567 0.0 0.0 0.0 1.0
pumpkin/seq-03/color/frame-000244.color.png pumpkin/seq-03/color/frame-000246.color.png 0.999367 -0.0111223 0.0338024 -0.0118077 0.0122447 0.999374 -0.0331813 0.00614974 -0.0334122 0.0335742 0.998878 0.0386298 0.0 0.0 0.0 1.0
pumpkin/seq-03/color/frame-000246.color.png pumpkin/seq-03/color/frame-000248.color.png 0.999411 -0.0114925 0.0323326 -0.011987 0.012523 0.999414 -0.0318524 -0.00182828 -0.0319475 0.0322386 0.998969 0.0332648 0.0 0.0 0.0 1.0
pumpkin/seq-03/color/frame-000248.color.png pumpkin/seq-03/color/frame-000250.color.png 0.999512 -0.0122745 0.0287153 -0.0141265 0.0132029 0.999389 -0.0323663 0.00584355 -0.0283006 0.0327296 0.999063 0.0440032 0.0 0.0 0.0 1.0
pumpkin/seq-03/color/frame-000250.color.png pumpkin/seq-03/color/frame-000252.color.png 0.999776 -0.00423481 0.0207494 -0.00967363 0.0046642 0.999775 -0.0206909 -0.0140885 -0.020657 0.020783 0.999571 0.0371586 0.0 0.0 0.0 1.0
pumpkin/seq-03/color/frame-000252.color.png pumpkin/seq-03/color/frame-000254.color.png 0.999807 -0.00232145 0.0194848 -0.0160215 0.00261085 0.999887 -0.014839 0.00324601 -0.0194482 0.014887 0.9997 0.0241761 0.0 0.0 0.0 1.0
pumpkin/seq-03/color/frame-000254.color.png pumpkin/seq-03/color/frame-000256.color.png 0.999962 -0.00314526 0.00816445 -0.0214892 0.00323936 0.999928 -0.011538 -0.00419459 -0.00812749 0.0115641 0.9999 0.0402756 0.0 0.0 0.0 1.0
pumpkin/seq-03/color/frame-000256.color.png pumpkin/seq-03/color/frame-000258.color.png 0.999883 -0.00723742 0.0135084 -0.0151962 0.0075843 0.999638 -0.025805 0.000383109 -0.0133167 0.0259044 0.999576 0.0384498 0.0 0.0 0.0 1.0
pumpkin/seq-03/color/frame-000258.color.png pumpkin/seq-03/color/frame-000260.color.png 0.99985 -0.00886759 0.0148596 -0.0159326 0.00910069 0.999835 -0.0156957 -0.00177693 -0.014718 0.0158285 0.999766 0.0355337 0.0 0.0 0.0 1.0
pumpkin/seq-03/color/frame-000260.color.png pumpkin/seq-03/color/frame-000262.color.png 0.999254 -0.00787704 0.0378045 -0.0465734 0.00865495 0.999753 -0.0204577 -0.0047332 -0.0376339 0.0207696 0.999076 0.0133781 0.0 0.0 0.0 1.0
pumpkin/seq-03/color/frame-000262.color.png pumpkin/seq-03/color/frame-000264.color.png 0.999189 -0.0171632 0.0364093 -0.0470561 0.017964 0.999601 -0.0217812 0.00970438 -0.0360211 0.0224176 0.9991 0.0272043 0.0 0.0 0.0 1.0
pumpkin/seq-03/color/frame-000264.color.png pumpkin/seq-03/color/frame-000266.color.png 0.999105 -0.0153526 0.0394208 -0.0654626 0.0162896 0.99959 -0.0235602 0.0201002 -0.0390428 0.0241812 0.998945 0.0332801 0.0 0.0 0.0 1.0
pumpkin/seq-03/color/frame-000266.color.png pumpkin/seq-03/color/frame-000268.color.png 0.999255 -0.0248019 0.0295697 -0.0378682 0.0256771 0.999232 -0.0295933 0.0274401 -0.0288131 0.0303305 0.999125 0.0338371 0.0 0.0 0.0 1.0
pumpkin/seq-03/color/frame-000268.color.png pumpkin/seq-03/color/frame-000270.color.png 0.999424 -0.010121 0.0323837 -0.050137 0.0100047 0.999943 0.0037511 -0.0254395 -0.0324197 -0.0034249 0.999468 0.00363445 0.0 0.0 0.0 1.0
pumpkin/seq-03/color/frame-000270.color.png pumpkin/seq-03/color/frame-000272.color.png 0.999356 -0.0195914 0.0300813 -0.042227 0.0198645 0.999764 -0.00880291 -0.000818521 -0.0299017 0.00939476 0.999509 0.0219931 0.0 0.0 0.0 1.0
pumpkin/seq-03/color/frame-000272.color.png pumpkin/seq-03/color/frame-000274.color.png 0.999359 -0.0101853 0.0343327 -0.042082 0.0104209 0.999923 -0.00669204 -0.0108554 -0.034262 0.00704554 0.999388 0.0116971 0.0 0.0 0.0 1.0
pumpkin/seq-03/color/frame-000274.color.png pumpkin/seq-03/color/frame-000276.color.png 0.999554 -0.012202 0.0272452 -0.0329517 0.0123277 0.999914 -0.00445144 -0.00439173 -0.0271885 0.00478535 0.999619 0.0119863 0.0 0.0 0.0 1.0
pumpkin/seq-03/color/frame-000276.color.png pumpkin/seq-03/color/frame-000278.color.png 0.999524 -0.0112187 0.0287313 -0.0379046 0.011302 0.999932 -0.00273567 -0.00222966 -0.0286987 0.00305906 0.999583 0.0160574 0.0 0.0 0.0 1.0
pumpkin/seq-03/color/frame-000278.color.png pumpkin/seq-03/color/frame-000280.color.png 0.999607 -0.000661908 0.0280119 -0.0343464 0.000674715 1.0 -0.000448614 -0.00290117 -0.0280116 0.000467364 0.999607 0.0180742 0.0 0.0 0.0 1.0
pumpkin/seq-03/color/frame-000280.color.png pumpkin/seq-03/color/frame-000282.color.png 0.999459 -0.00917437 0.0315682 -0.05037 0.00918255 0.999958 -0.000113924 -0.0155311 -0.0315658 0.000403716 0.999502 0.00519019 0.0 0.0 0.0 1.0
pumpkin/seq-03/color/frame-000282.color.png pumpkin/seq-03/color/frame-000284.color.png 0.999741 -0.00792825 0.021311 -0.0206393 0.00788553 0.999967 0.0020884 -0.00446647 -0.0213269 -0.00191981 0.999771 -0.00356394 0.0 0.0 0.0 1.0
pumpkin/seq-03/color/frame-000284.color.png pumpkin/seq-03/color/frame-000286.color.png 0.999621 -0.00362872 0.0272968 -0.0344199 0.00359813 0.999993 0.00116968 -0.00343871 -0.0273008 -0.00107102 0.999627 0.00158137 0.0 0.0 0.0 1.0
pumpkin/seq-03/color/frame-000286.color.png pumpkin/seq-03/color/frame-000288.color.png 0.999756 -0.00727182 0.0208675 -0.0273897 0.00723827 0.999972 0.00168234 -0.00951028 -0.0208791 -0.00153089 0.999781 -0.00083369 0.0 0.0 0.0 1.0
pumpkin/seq-03/color/frame-000288.color.png pumpkin/seq-03/color/frame-000290.color.png 0.999686 -0.00886389 0.0234326 -0.0252024 0.0090121 0.99994 -0.00622619 0.0044173 -0.023376 0.00643545 0.999706 0.00195211 0.0 0.0 0.0 1.0
pumpkin/seq-03/color/frame-000290.color.png pumpkin/seq-03/color/frame-000292.color.png 0.999345 -0.00253287 0.0360886 -0.0450669 0.00264498 0.999992 -0.0030598 -0.00397778 -0.0360805 0.00315325 0.999344 -0.00590032 0.0 0.0 0.0 1.0
pumpkin/seq-03/color/frame-000292.color.png pumpkin/seq-03/color/frame-000294.color.png 0.999132 -0.00934785 0.0406015 -0.0623935 0.0101864 0.999738 -0.0204952 0.0296927 -0.0403993 0.020891 0.998965 0.000757575 0.0 0.0 0.0 1.0
pumpkin/seq-03/color/frame-000294.color.png pumpkin/seq-03/color/frame-000296.color.png 0.999412 0.000305699 0.0342887 -0.0459519 -7.69907e-05 0.999978 -0.00667112 -0.000407517 -0.03429 0.0066646 0.99939 -0.00539398 0.0 0.0 0.0 1.0
pumpkin/seq-03/color/frame-000296.color.png pumpkin/seq-03/color/frame-000298.color.png 0.99972 -0.00694167 0.0226312 -0.0236603 0.00730587 0.999844 -0.0160506 0.0208695 -0.0225162 0.0162114 0.999615 0.000169098 0.0 0.0 0.0 1.0
pumpkin/seq-03/color/frame-000298.color.png pumpkin/seq-03/color/frame-000300.color.png 0.999782 -0.00694408 0.0196646 -0.0220379 0.0071616 0.999914 -0.0110123 0.00914013 -0.0195864 0.0111508 0.999746 -0.0114024 0.0 0.0 0.0 1.0
pumpkin/seq-03/color/frame-000300.color.png pumpkin/seq-03/color/frame-000302.color.png 0.999702 0.00405343 0.0240612 -0.0223251 -0.00384723 0.999956 -0.00861021 0.0068773 -0.0240951 0.00851513 0.999673 -0.00172317 0.0 0.0 0.0 1.0
pumpkin/seq-03/color/frame-000302.color.png pumpkin/seq-03/color/frame-000304.color.png 0.999903 -0.00590183 0.012616 -0.0088028 0.00617615 0.999743 -0.0218161 0.0291228 -0.012484 0.0218919 0.999682 -0.0018574 0.0 0.0 0.0 1.0
pumpkin/seq-03/color/frame-000304.color.png pumpkin/seq-03/color/frame-000306.color.png 0.999906 0.00226529 0.0135576 -0.0143167 -0.00196332 0.999751 -0.0222458 0.0164317 -0.0136045 0.022217 0.999661 0.00182533 0.0 0.0 0.0 1.0
pumpkin/seq-03/color/frame-000306.color.png pumpkin/seq-03/color/frame-000308.color.png 0.999946 0.00328131 0.00990388 -0.00865798 -0.00302197 0.999655 -0.0260866 0.0328658 -0.00998612 0.0260554 0.999611 -0.00100547 0.0 0.0 0.0 1.0
pumpkin/seq-03/color/frame-000308.color.png pumpkin/seq-03/color/frame-000310.color.png 0.999993 0.00284595 0.00252622 -0.00146879 -0.00279049 0.999761 -0.0216953 0.0279949 -0.00258736 0.0216882 0.999761 -0.000417531 0.0 0.0 0.0 1.0
pumpkin/seq-03/color/frame-000310.color.png pumpkin/seq-03/color/frame-000312.color.png 0.999949 0.00951858 0.00331379 0.000181137 -0.0094822 0.999896 -0.0108254 -0.00362065 -0.00341652 0.0107934 0.999936 -0.00811255 0.0 0.0 0.0 1.0
pumpkin/seq-03/color/frame-000312.color.png pumpkin/seq-03/color/frame-000314.color.png 0.999833 0.00102713 0.0182461 -0.0441653 -0.000426377 0.999459 -0.0328992 0.0278743 -0.0182699 0.0328858 0.999292 0.0150128 0.0 0.0 0.0 1.0
pumpkin/seq-03/color/frame-000314.color.png pumpkin/seq-03/color/frame-000316.color.png 0.999932 0.011118 0.00343212 0.00393496 -0.011054 0.999775 -0.0181309 0.0141618 -0.00363299 0.0180918 0.99983 -0.00500572 0.0 0.0 0.0 1.0
pumpkin/seq-03/color/frame-000316.color.png pumpkin/seq-03/color/frame-000318.color.png 0.999982 0.00402653 0.00446131 -0.0015977 -0.00392129 0.999719 -0.0233616 0.0269997 -0.00455415 0.0233436 0.999717 0.000941753 0.0 0.0 0.0 1.0
pumpkin/seq-03/color/frame-000318.color.png pumpkin/seq-03/color/frame-000320.color.png 0.999991 0.00311917 0.00275841 -0.00543315 -0.00307632 0.999877 -0.0153964 0.00803295 -0.00280606 0.0153878 0.999878 0.00123364 0.0 0.0 0.0 1.0
pumpkin/seq-03/color/frame-000320.color.png pumpkin/seq-03/color/frame-000322.color.png 0.999988 -0.00134344 0.0047292 -0.0092993 0.00140924 0.999902 -0.0139366 0.00542128 -0.00471004 0.0139432 0.999892 -0.00138485 0.0 0.0 0.0 1.0
pumpkin/seq-03/color/frame-000322.color.png pumpkin/seq-03/color/frame-000324.color.png 0.999993 -0.00138326 -0.00329989 0.000686273 0.00131146 0.999764 -0.0216649 0.0249242 0.0033291 0.0216604 0.99976 0.00306851 0.0 0.0 0.0 1.0
pumpkin/seq-03/color/frame-000324.color.png pumpkin/seq-03/color/frame-000326.color.png 0.999988 0.00391462 -0.0030398 0.00492496 -0.00392553 0.999986 -0.00358346 -0.00538033 0.0030257 0.00359528 0.999989 -0.00516701 0.0 0.0 0.0 1.0
pumpkin/seq-03/color/frame-000326.color.png pumpkin/seq-03/color/frame-000328.color.png 0.999993 0.00371358 -0.000898224 0.00265123 -0.0037247 0.999912 -0.012731 0.0103413 0.000850885 0.0127344 0.999918 0.00508207 0.0 0.0 0.0 1.0
pumpkin/seq-03/color/frame-000328.color.png pumpkin/seq-03/color/frame-000330.color.png 0.999988 0.00494256 0.000182642 0.00461584 -0.00494011 0.999919 -0.0116937 -0.00184268 -0.000240416 0.0116926 0.999932 -0.00665146 0.0 0.0 0.0 1.0
pumpkin/seq-03/color/frame-000330.color.png pumpkin/seq-03/color/frame-000332.color.png 0.999938 0.00102948 0.0110546 -0.0130576 -0.000781935 0.999749 -0.0223744 0.0256668 -0.0110749 0.0223644 0.999688 0.0160021 0.0 0.0 0.0 1.0
pumpkin/seq-03/color/frame-000332.color.png pumpkin/seq-03/color/frame-000334.color.png 0.999981 0.000243526 0.00620317 0.00295486 -0.000213271 0.999988 -0.00487237 -0.00792861 -0.0062043 0.00487089 0.999969 -0.0171429 0.0 0.0 0.0 1.0
pumpkin/seq-03/color/frame-000334.color.png pumpkin/seq-03/color/frame-000336.color.png 0.999783 -0.0141271 0.0153413 -0.0111555 0.0143401 0.999801 -0.0138612 0.0246275 -0.0151425 0.0140783 0.999786 -0.0016225 0.0 0.0 0.0 1.0
pumpkin/seq-03/color/frame-000336.color.png pumpkin/seq-03/color/frame-000338.color.png 0.999925 -0.00875216 0.00853728 0.002929 0.0087474 0.999962 0.000590151 0.00915554 -0.00854211 -0.000515537 0.999963 -0.0110143 0.0 0.0 0.0 1.0
pumpkin/seq-03/color/frame-000338.color.png pumpkin/seq-03/color/frame-000340.color.png 0.999929 -0.00859828 0.00820256 0.00134382 0.00853129 0.99993 0.00816663 -0.00949112 -0.00827217 -0.00809605 0.999933 -0.0181239 0.0 0.0 0.0 1.0
pumpkin/seq-03/color/frame-000340.color.png pumpkin/seq-03/color/frame-000342.color.png 0.999805 -0.0190198 0.00531219 0.00245753 0.0189842 0.999798 0.0066699 0.0101329 -0.00543804 -0.0065679 0.999964 -0.00774908 0.0 0.0 0.0 1.0
pumpkin/seq-03/color/frame-000342.color.png pumpkin/seq-03/color/frame-000344.color.png 0.999945 -0.0062239 0.0083952 -0.00991027 0.00614279 0.999935 0.00965296 -0.000291973 -0.00845466 -0.00960078 0.999918 0.0179079 0.0 0.0 0.0 1.0
pumpkin/seq-03/color/frame-000344.color.png pumpkin/seq-03/color/frame-000346.color.png 0.999958 0.00731114 0.00560693 0.00789612 -0.00739452 0.99986 0.0150039 -0.0111346 -0.00549657 -0.0150448 0.999872 0.00766164 0.0 0.0 0.0 1.0
pumpkin/seq-03/color/frame-000346.color.png pumpkin/seq-03/color/frame-000348.color.png 0.999965 0.00816061 -0.00181808 0.0204815 -0.00813252 0.999855 0.0149684 -0.0180373 0.00193997 -0.0149531 0.999886 -0.00628525 0.0 0.0 0.0 1.0
