pumpkin/seq-03/color/frame-000001.color.png pumpkin/seq-03/color/frame-000004.color.png 0.999999 0.000111022 0.00116288 0.00604602 -0.000118788 0.999978 0.00668031 0.00490312 -0.00116211 -0.00668045 0.999977 0.00439146 0.0 0.0 0.0 1.0
pumpkin/seq-03/color/frame-000004.color.png pumpkin/seq-03/color/frame-000007.color.png 0.999966 0.00409667 0.0072116 0.007331 -0.00416453 0.999947 0.00941992 -0.0101338 -0.00717263 -0.00944962 0.99993 0.00788429 0.0 0.0 0.0 1.0
pumpkin/seq-03/color/frame-000007.color.png pumpkin/seq-03/color/frame-000010.color.png 0.999999 -0.000610793 -0.00101986 -0.00583226 0.000620014 0.999959 0.0090657 -0.00270151 0.00101428 -0.00906632 0.999958 0.0095327 0.0 0.0 0.0 1.0
pumpkin/seq-03/color/frame-000010.color.png pumpkin/seq-03/color/frame-000013.color.png 0.999936 0.00278362 -0.0109281 0.0142563 -0.00254393 0.999757 0.0218861 -0.0104846 0.0109864 -0.0218569 0.999701 0.0193923 0.0 0.0 0.0 1.0
pumpkin/seq-03/color/frame-000013.color.png pumpkin/seq-03/color/frame-000016.color.png 0.999995 -0.000137458 0.00322789 0.0132841 0.000108339 0.999959 0.00901936 -0.00341999 -0.003229 -0.00901898 0.999954 0.0180494 0.0 0.0 0.0 1.0
pumpkin/seq-03/color/frame-000016.color.png pumpkin/seq-03/color/frame-000019.color.png 0.999882 -0.00363028 0.0149442 0.00349119 0.00339928 0.999875 0.0154537 -0.012083 -0.0149984 -0.015401 0.999769 0.024103 0.0 0.0 0.0 1.0
pumpkin/seq-03/color/frame-000019.color.png pumpkin/seq-03/color/frame-000022.color.png 0.999804 0.000766965 0.0197727 0.00313218 -0.00105455 0.999894 0.0145385 -0.00641613 -0.0197595 -0.0145565 0.999699 0.0234418 0.0 0.0 0.0 1.0
pumpkin/seq-03/color/frame-000022.color.png pumpkin/seq-03/color/frame-000025.color.png 0.999809 -0.00482163 0.0189435 -0.000458393 0.00450126 0.999847 0.0169182 -0.0227398 -0.0190221 -0.0168297 0.999677 0.0339177 0.0 0.0 0.0 1.0
pumpkin/seq-03/color/frame-000025.color.png pumpkin/seq-03/color/frame-000028.color.png 0.999821 -0.00613845 0.0178765 3.82699e-05 0.00578586 0.999789 0.0197093 -0.0241011 -0.0179937 -0.0196023 0.999646 0.0348485 0.0 0.0 0.0 1.0
pumpkin/seq-03/color/frame-000028.color.png pumpkin/seq-03/color/frame-000031.color.png 0.999584 -0.000789749 0.0288337 -0.00768318 0.000301784 0.999857 0.0169238 -0.0322924 -0.028843 -0.016908 0.999441 0.0361387 0.0 0.0 0.0 1.0
pumpkin/seq-03/color/frame-000031.color.png pumpkin/seq-03/color/frame-000034.color.png 0.999741 0.00492189 0.0222128 -0.010082 -0.00552326 0.999618 0.0270936 -0.0422316 -0.0220709 -0.0272093 0.999386 0.0527454 0.0 0.0 0.0 1.0
pumpkin/seq-03/color/frame-000034.color.png pumpkin/seq-03/color/frame-000037.color.png 0.999899 0.00754903 0.0120349 -0.000428814 -0.00773737 0.999847 0.0156802 -0.0262608 -0.0119147 -0.0157718 0.999805 0.0358506 0.0 0.0 0.0 1.0
pumpkin/seq-03/color/frame-000037.color.png pumpkin/seq-03/color/frame-000040.color.png 0.999907 -0.00178535 0.0135166 0.00105897 0.00161632 0.999921 0.0125064 -0.027346 -0.0135378 -0.0124834 0.99983 0.0304726 0.0 0.0 0.0 1.0
pumpkin/seq-03/color/frame-000040.color.png pumpkin/seq-03/color/frame-000043.color.png 0.999982 0.00155832 0.00577566 0.00138289 -0.00169723 0.999707 0.0241261 -0.0369223 -0.00573638 -0.0241354 0.999692 0.0341586 0.0 0.0 0.0 1.0
pumpkin/seq-03/color/frame-000043.color.png pumpkin/seq-03/color/frame-000046.color.png 0.999875 0.0117462 0.0106113 0.00412844 -0.0119272 0.999782 0.0171591 -0.0334442 -0.0104073 -0.0172835 0.999796 0.0290291 0.0 0.0 0.0 1.0
pumpkin/seq-03/color/frame-000046.color.png pumpkin/seq-03/color/frame-000049.color.png 0.999951 0.0098705 0.00025726 0.0158306 -0.00987368 0.999747 0.0201962 -0.0390689 -5.78452e-05 -0.0201978 0.999796 0.0336163 0.0 0.0 0.0 1.0
pumpkin/seq-03/color/frame-000049.color.png pumpkin/seq-03/color/frame-000052.color.png 0.99992 0.00814184 0.00969163 -0.000128843 -0.00837886 0.99966 0.0246725 -0.0612014 -0.00948746 -0.0247518 0.999649 0.0462686 0.0 0.0 0.0 1.0
pumpkin/seq-03/color/frame-000052.color.png pumpkin/seq-03/color/frame-000055.color.png 0.999887 0.0113311 0.00992655 0.014752 -0.0113519 0.999933 0.00204069 -0.0269368 -0.00990275 -0.00215313 0.999949 0.0310183 0.0 0.0 0.0 1.0
pumpkin/seq-03/color/frame-000055.color.png pumpkin/seq-03/color/frame-000058.color.png 0.99968 0.0140999 0.0210096 -0.00538466 -0.0144078 0.99979 0.0145805 -0.0322023 -0.0207996 -0.0148785 0.999673 0.0284758 0.0 0.0 0.0 1.0
pumpkin/seq-03/color/frame-000058.color.png pumpkin/seq-03/color/frame-000061.color.png 0.999912 -0.00273533 0.0129503 -0.000809334 0.00261537 0.999954 0.00927102 -0.0283092 -0.0129751 -0.00923641 0.999873 0.0223004 0.0 0.0 0.0 1.0
pumpkin/seq-03/color/frame-000061.color.png pumpkin/seq-03/color/frame-000064.color.png 0.999895 0.00565171 0.0133266 -0.00640228 -0.00600577 0.999626 0.0266787 -0.0324545 -0.0131708 -0.0267559 0.999555 0.0115049 0.0 0.0 0.0 1.0
pumpkin/seq-03/color/frame-000064.color.png pumpkin/seq-03/color/frame-000067.color.png 0.99996 -0.00237198 0.00857979 -0.00115434 0.00214081 0.999637 0.026854 -0.045566 -0.00864037 -0.0268345 0.999602 0.00893033 0.0 0.0 0.0 1.0
pumpkin/seq-03/color/frame-000067.color.png pumpkin/seq-03/color/frame-000070.color.png 0.999838 0.00804931 0.0160925 -0.0154821 -0.0086804 0.99918 0.039539 -0.0505733 -0.015761 -0.0396723 0.999088 0.0146495 0.0 0.0 0.0 1.0
pumpkin/seq-03/color/frame-000070.color.png pumpkin/seq-03/color/frame-000073.color.png 0.999988 0.0022825 0.00420265 -0.0109287 -0.0023893 0.99967 0.0255937 -0.0340842 -0.00414282 -0.0256034 0.999664 0.00874001 0.0 0.0 0.0 1.0
pumpkin/seq-03/color/frame-000073.color.png pumpkin/seq-03/color/frame-000076.color.png 0.999888 0.00953828 0.0115559 -0.0174402 -0.00984819 0.999585 0.0270622 -0.0602471 -0.011293 -0.027173 0.999567 0.0247715 0.0 0.0 0.0 1.0
pumpkin/seq-03/color/frame-000076.color.png pumpkin/seq-03/color/frame-000079.color.png 0.999766 0.0204934 0.00690712 -0.0132922 -0.0206508 0.99951 0.0235396 -0.0400612 -0.00642134 -0.0236767 0.999699 0.00716913 0.0 0.0 0.0 1.0
pumpkin/seq-03/color/frame-000079.color.png pumpkin/seq-03/color/frame-000082.color.png 0.999871 0.0160185 -0.00115035 -0.0141423 -0.0159905 0.999648 0.0211723 -0.0552088 0.00148912 -0.0211511 0.999775 0.0247654 0.0 0.0 0.0 1.0
pumpkin/seq-03/color/frame-000082.color.png pumpkin/seq-03/color/frame-000085.color.png 0.999693 0.0245385 0.00332476 -0.0123321 -0.0246265 0.999256 0.0296741 -0.0603278 -0.00259411 -0.0297469 0.999554 0.00825965 0.0 0.0 0.0 1.0
pumpkin/seq-03/color/frame-000085.color.png pumpkin/seq-03/color/frame-000088.color.png 0.999822 0.0167106 -0.00871627 -0.00365793 -0.0165798 0.999752 0.0148639 -0.0363858 0.00896243 -0.0147169 0.999851 0.00727564 0.0 0.0 0.0 1.0
pumpkin/seq-03/color/frame-000088.color.png pumpkin/seq-03/color/frame-000091.color.png 0.999748 0.0204968 -0.00915749 -0.00619004 -0.0203929 0.999728 0.0113055 -0.0338265 0.00938682 -0.0111158 0.999894 0.0159255 0.0 0.0 0.0 1.0
pumpkin/seq-03/color/frame-000091.color.png pumpkin/seq-03/color/frame-000094.color.png 0.99984 0.0136927 -0.0114939 -0.00413564 -0.0134919 0.999758 0.0173694 -0.0273824 0.0117289 -0.0172116 0.999783 -0.00381529 0.0 0.0 0.0 1.0
pumpkin/seq-03/color/frame-000094.color.png pumpkin/seq-03/color/frame-000097.color.png 0.999783 0.0177267 -0.0109139 -0.0027001 -0.0175607 0.999731 0.015121 -0.0170838 0.011179 -0.0149259 0.999826 -0.00635165 0.0 0.0 0.0 1.0
pumpkin/seq-03/color/frame-000097.color.png pumpkin/seq-03/color/frame-000100.color.png 0.999944 0.00121875 -0.0105144 -0.010635 -0.00103632 0.999849 0.0173342 -0.0287641 0.0105339 -0.0173224 0.999794 -0.00279343 0.0 0.0 0.0 1.0
pumpkin/seq-03/color/frame-000100.color.png pumpkin/seq-03/color/frame-000103.color.png 0.999635 0.00990936 -0.025128 0.0206445 -0.00956856 0.999861 0.0136465 -0.0142795 0.0252598 -0.0134011 0.999591 -0.0167432 0.0 0.0 0.0 1.0
pumpkin/seq-03/color/frame-000103.color.png pumpkin/seq-03/color/frame-000106.color.png 0.999546 0.00402849 -0.0298573 0.0231177 -0.00327605 0.999677 0.0252077 -0.0404478 0.0299492 -0.0250983 0.999236 -0.0046497 0.0 0.0 0.0 1.0
pumpkin/seq-03/color/frame-000106.color.png pumpkin/seq-03/color/frame-000109.color.png 0.999523 0.00956153 -0.0293682 0.0260635 -0.00963469 0.999951 -0.002348 0.00349671 0.0293443 0.00262968 0.999566 -0.00499845 0.0 0.0 0.0 1.0
pumpkin/seq-03/color/frame-000109.color.png pumpkin/seq-03/color/frame-000112.color.png 0.999595 0.000994583 -0.0284225 0.0163665 -0.00121993 0.999968 -0.00791379 0.0087111 0.0284137 0.00794533 0.999565 -0.00882477 0.0 0.0 0.0 1.0
pumpkin/seq-03/color/frame-000112.color.png pumpkin/seq-03/color/frame-000115.color.png 0.999501 -0.00656925 -0.0308939 0.0224053 0.0053551 0.999216 -0.0392199 0.058091 0.0311273 0.0390348 0.998753 0.000194848 0.0 0.0 0.0 1.0
pumpkin/seq-03/color/frame-000115.color.png pumpkin/seq-03/color/frame-000118.color.png 0.998866 -0.0177361 -0.0441776 0.0348391 0.0153443 0.998428 -0.0539032 0.0673661 0.0450642 0.0531643 0.997568 0.00785702 0.0 0.0 0.0 1.0
pumpkin/seq-03/color/frame-000118.color.png pumpkin/seq-03/color/frame-000121.color.png 0.998818 -0.00891856 -0.0477829 0.0599586 0.00748311 0.999518 -0.0301351 0.0335356 0.0480286 0.0297419 0.998403 -0.0206538 0.0 0.0 0.0 1.0
pumpkin/seq-03/color/frame-000121.color.png pumpkin/seq-03/color/frame-000124.color.png 0.999559 0.00035537 -0.0296824 0.0152095 -0.00128853 0.999505 -0.0314247 0.0458276 0.0296566 0.0314491 0.999065 -0.0101023 0.0 0.0 0.0 1.0
pumpkin/seq-03/color/frame-000124.color.png pumpkin/seq-03/color/frame-000127.color.png 0.999884 0.00543703 -0.0142247 0.0027478 -0.00568748 0.999828 -0.0176241 0.0190975 0.0141264 0.017703 0.999743 0.00455338 0.0 0.0 0.0 1.0
pumpkin/seq-03/color/frame-000127.color.png pumpkin/seq-03/color/frame-000130.color.png 0.999685 -0.00603275 -0.0243508 0.00191207 0.00571517 0.999898 -0.0130912 -0.00289398 0.0244274 0.0129479 0.999618 -0.0137962 0.0 0.0 0.0 1.0
pumpkin/seq-03/color/frame-000130.color.png pumpkin/seq-03/color/frame-000133.color.png 0.999509 -0.0144377 -0.0278112 0.0363037 0.0137889 0.999632 -0.023383 0.0339041 0.0281385 0.022988 0.99934 -0.0111359 0.0 0.0 0.0 1.0
pumpkin/seq-03/color/frame-000133.color.png pumpkin/seq-03/color/frame-000136.color.png 0.99877 -0.0351877 -0.0349454 0.0189258 0.0335896 0.998408 -0.045313 0.0663898 0.0364842 0.0440835 0.998361 -0.00372881 0.0 0.0 0.0 1.0
pumpkin/seq-03/color/frame-000136.color.png pumpkin/seq-03/color/frame-000139.color.png 0.999838 -0.0141744 -0.0110687 -0.0224603 0.0139405 0.999684 -0.0209289 0.0142592 0.0113619 0.0207712 0.99972 0.00750875 0.0 0.0 0.0 1.0
pumpkin/seq-03/color/frame-000139.color.png pumpkin/seq-03/color/frame-000142.color.png 0.99904 -0.0342828 -0.0272659 0.028827 0.0327861 0.998026 -0.0535655 0.0682834 0.0290484 0.0526201 0.998192 -0.000318944 0.0 0.0 0.0 1.0
pumpkin/seq-03/color/frame-000142.color.png pumpkin/seq-03/color/frame-000145.color.png 0.999671 -0.0226962 -0.011919 0.00488112 0.0221265 0.998699 -0.0459305 0.0455136 0.012946 0.0456517 0.998874 -0.00259778 0.0 0.0 0.0 1.0
pumpkin/seq-03/color/frame-000145.color.png pumpkin/seq-03/color/frame-000148.color.png 0.999918 -0.0123092 -0.00343854 -0.00836344 0.0122095 0.999543 -0.0276439 0.0314772 0.00377724 0.0275997 0.999612 -0.00529701 0.0 0.0 0.0 1.0
pumpkin/seq-03/color/frame-000148.color.png pumpkin/seq-03/color/frame-000151.color.png 0.999737 -0.0217934 -0.00708679 0.000797972 0.0214322 0.998638 -0.0475695 0.0485349 0.00811385 0.0474051 0.998843 -0.00382945 0.0 0.0 0.0 1.0
pumpkin/seq-03/color/frame-000151.color.png pumpkin/seq-03/color/frame-000154.color.png 0.999902 -0.0130016 -0.00513952 -0.00490446 0.012781 0.999084 -0.0408481 0.0420667 0.00566588 0.0407785 0.999152 -0.00275058 0.0 0.0 0.0 1.0
pumpkin/seq-03/color/frame-000154.color.png pumpkin/seq-03/color/frame-000157.color.png 0.999852 -0.0126412 -0.0116518 -0.00720181 0.0123345 0.999585 -0.0260285 0.0217037 0.011976 0.025881 0.999593 -0.00737289 0.0 0.0 0.0 1.0
pumpkin/seq-03/color/frame-000157.color.png pumpkin/seq-03/color/frame-000160.color.png 0.999857 -0.0120294 -0.0118523 -0.00358679 0.0118719 0.999841 -0.0132712 0.00192136 0.01201 0.0131286 0.999842 -0.0162452 0.0 0.0 0.0 1.0
pumpkin/seq-03/color/frame-000160.color.png pumpkin/seq-03/color/frame-000163.color.png 0.999837 -0.00430691 -0.0175339 0.00196005 0.00392044 0.99975 -0.0220165 0.0449208 0.0176243 0.0219441 0.999604 -0.014158 0.0 0.0 0.0 1.0
pumpkin/seq-03/color/frame-000163.color.png pumpkin/seq-03/color/frame-000166.color.png 0.999845 -0.00289905 -0.0173743 -0.00646064 0.00274866 0.999959 -0.00867631 0.03813 0.0173987 0.00862721 0.999811 -0.0167233 0.0 0.0 0.0 1.0
pumpkin/seq-03/color/frame-000166.color.png pumpkin/seq-03/color/frame-000169.color.png 0.999664 0.00719834 -0.0249036 0.000938706 -0.00715936 0.999973 0.00165516 0.0104325 0.0249148 -0.00147632 0.999688 -0.0200438 0.0 0.0 0.0 1.0
pumpkin/seq-03/color/frame-000169.color.png pumpkin/seq-03/color/frame-000172.color.png 0.999813 0.00513898 -0.0186257 0.000178277 -0.00473445 0.999753 0.0216994 -0.0179732 0.0187326 -0.0216072 0.999591 -0.0294918 0.0 0.0 0.0 1.0
pumpkin/seq-03/color/frame-000172.color.png pumpkin/seq-03/color/frame-000175.color.png 0.999473 0.00328863 -0.0323007 0.00365221 -0.00339387 0.999989 -0.00320407 0.0341815 0.0322897 0.00331201 0.999473 -0.0121475 0.0 0.0 0.0 1.0
pumpkin/seq-03/color/frame-000175.color.png pumpkin/seq-03/color/frame-000178.color.png 0.999812 0.000849212 -0.0193522 0.000300266 -0.000615997 0.999927 0.0120544 0.0014444 0.019361 -0.0120402 0.99974 -0.0153034 0.0 0.0 0.0 1.0
pumpkin/seq-03/color/frame-000178.color.png pumpkin/seq-03/color/frame-000181.color.png 0.999888 -0.00052007 -0.0149499 -0.0207043 0.000746392 0.999885 0.0151366 -0.00889012 0.0149403 -0.0151461 0.999774 -0.0205959 0.0 0.0 0.0 1.0
pumpkin/seq-03/color/frame-000181.color.png pumpkin/seq-03/color/frame-000184.color.png 0.999581 0.00161875 -0.0288827 0.0119378 -0.00167047 0.999997 -0.00176506 0.0114118 0.0288798 0.00181256 0.999581 -0.00839487 0.0 0.0 0.0 1.0
pumpkin/seq-03/color/frame-000184.color.png pumpkin/seq-03/color/frame-000187.color.png 0.999108 0.00273004 -0.0421495 0.0314443 -0.00302738 0.999971 -0.00699201 0.00207737 0.0421293 0.00711336 0.999087 0.000468567 0.0 0.0 0.0 1.0
pumpkin/seq-03/color/frame-000187.color.png pumpkin/seq-03/color/frame-000190.color.png 0.998653 0.00662161 -0.0514566 0.0393353 -0.00620747 0.999947 0.00820372 0.00409925 0.0515082 -0.00787326 0.998642 -0.0124099 0.0 0.0 0.0 1.0
pumpkin/seq-03/color/frame-000190.color.png pumpkin/seq-03/color/frame-000193.color.png 0.998397 0.0189233 -0.0533424 0.0415131 -0.0181752 0.99973 0.014475 -0.000157386 0.0536018 -0.0134823 0.998471 -0.0130403 0.0 0.0 0.0 1.0
pumpkin/seq-03/color/frame-000193.color.png pumpkin/seq-03/color/frame-000196.color.png 0.997885 0.016227 -0.06294 0.0205232 -0.0154598 0.9998 0.0126581 0.0231022 0.063133 -0.0116583 0.997937 -0.0169098 0.0 0.0 0.0 1.0
pumpkin/seq-03/color/frame-000196.color.png pumpkin/seq-03/color/frame-000199.color.png 0.996825 0.0295504 -0.0739304 0.0461807 -0.0272575 0.999121 0.031833 -0.0129375 0.0748062 -0.0297168 0.996755 -0.018676 0.0 0.0 0.0 1.0
pumpkin/seq-03/color/frame-000199.color.png pumpkin/seq-03/color/frame-000202.color.png 0.997246 0.0182381 -0.0718939 0.0232506 -0.0170022 0.999698 0.0177663 0.0199159 0.0721961 -0.0164951 0.997254 -0.0153944 0.0 0.0 0.0 1.0
pumpkin/seq-03/color/frame-000202.color.png pumpkin/seq-03/color/frame-000205.color.png 0.997518 0.0237673 -0.0662845 0.0295545 -0.0219775 0.999377 0.0276027 -0.0266078 0.0668993 -0.0260774 0.997419 -0.00437637 0.0 0.0 0.0 1.0
pumpkin/seq-03/color/frame-000205.color.png pumpkin/seq-03/color/frame-000208.color.png 0.998161 0.0328985 -0.0509238 -0.00282548 -0.0326817 0.999453 0.00508285 0.0172551 0.0510633 -0.00340921 0.99869 0.025885 0.0 0.0 0.0 1.0
pumpkin/seq-03/color/frame-000208.color.png pumpkin/seq-03/color/frame-000211.color.png 0.999189 0.0315324 -0.02503 0.0216103 -0.0304606 0.998649 0.0421048 -0.0190948 0.0263239 -0.0413082 0.9988 0.0106435 0.0 0.0 0.0 1.0
pumpkin/seq-03/color/frame-000211.color.png pumpkin/seq-03/color/frame-000214.color.png 0.999879 0.0140177 -0.00675149 0.00859949 -0.0137573 0.999214 0.0371865 0.0272226 0.00726752 -0.0370891 0.999286 0.0432814 0.0 0.0 0.0 1.0
pumpkin/seq-03/color/frame-000214.color.png pumpkin/seq-03/color/frame-000217.color.png 0.999738 0.0225083 0.00411303 0.0197888 -0.0226803 0.998585 0.0481067 -0.0176554 -0.00302439 -0.0481874 0.998834 0.0295478 0.0 0.0 0.0 1.0
pumpkin/seq-03/color/frame-000217.color.png pumpkin/seq-03/color/frame-000220.color.png 0.999952 0.00263331 0.00941863 0.0277506 -0.00292392 0.999516 0.0309865 -0.00874278 -0.00933254 -0.0310125 0.999475 0.0390749 0.0 0.0 0.0 1.0
pumpkin/seq-03/color/frame-000220.color.png pumpkin/seq-03/color/frame-000223.color.png 0.999962 -0.00281675 0.00822606 -0.00556736 0.00266524 0.999828 0.0183663 -0.0126554 -0.00827628 -0.0183437 0.999797 0.031597 0.0 0.0 0.0 1.0
pumpkin/seq-03/color/frame-000223.color.png pumpkin/seq-03/color/frame-000226.color.png 0.99997 -0.00726028 -0.00262263 0.0112365 0.00726607 0.999971 0.00219271 -0.00677842 0.00260659 -0.00221169 0.999994 0.0344271 0.0 0.0 0.0 1.0
pumpkin/seq-03/color/frame-000226.color.png pumpkin/seq-03/color/frame-000229.color.png 0.999703 -0.0205269 0.0131367 0.000165593 0.0208403 0.99949 -0.0241856 0.00441799 -0.0126334 0.0244521 0.999621 0.0505308 0.0 0.0 0.0 1.0
pumpkin/seq-03/color/frame-000229.color.png pumpkin/seq-03/color/frame-000232.color.png 0.999448 -0.0218016 0.0250848 -0.00651627 0.02236 0.999503 -0.022197 -0.00378385 -0.0245884 0.0227456 0.999439 0.0368108 0.0 0.0 0.0 1.0
pumpkin/seq-03/color/frame-000232.color.png pumpkin/seq-03/color/frame-000235.color.png 0.999269 -0.0191466 0.0330997 -0.0215611 0.0201092 0.999377 -0.0289938 0.0179403 -0.0325241 0.0296383 0.999031 0.0189182 0.0 0.0 0.0 1.0
pumpkin/seq-03/color/frame-000235.color.png pumpkin/seq-03/color/frame-000238.color.png 0.99953 -0.0232535 0.0199777 0.0336032 0.0238188 0.999309 -0.0285374 0.0323431 -0.0193001 0.0289997 0.999393 0.0628229 0.0 0.0 0.0 1.0
pumpkin/seq-03/color/frame-000238.color.png pumpkin/seq-03/color/frame-000241.color.png 0.998592 -0.0154829 0.0507325 -0.0269158 0.0172375 0.999262 -0.0343308 0.0107836 -0.0501636 0.035157 0.998122 0.0278224 0.0 0.0 0.0 1.0
pumpkin/seq-03/color/frame-000241.color.png pumpkin/seq-03/color/frame-000244.color.png 0.999349 -0.0136186 0.0334219 0.000947058 0.0147549 0.999313 -0.0339918 0.00241008 -0.032936 0.0344627 0.998863 0.0507107 0.0 0.0 0.0 1.0
pumpkin/seq-03/color/frame-000244.color.png pumpkin/seq-03/color/frame-000247.color.png 0.997856 -0.019488 0.0624789 -0.0349811 0.022512 0.99859 -0.0480674 -0.00316909 -0.0614542 0.0493709 0.996888 0.0508403 0.0 0.0 0.0 1.0
pumpkin/seq-03/color/frame-000247.color.png pumpkin/seq-03/color/frame-000250.color.png 0.999114 -0.0138044 0.0397564 -0.0140073 0.0154021 0.999074 -0.0401648 -0.0072982 -0.0391652 0.0407415 0.998402 0.0473911 0.0 0.0 0.0 1.0
pumpkin/seq-03/color/frame-000250.color.png pumpkin/seq-03/color/frame-000253.color.png 0.999543 -0.00222938 0.0301578 -0.0163315 0.00309444 0.999584 -0.0286681 -0.0119236 -0.0300813 0.0287483 0.999134 0.0464267 0.0 0.0 0.0 1.0
pumpkin/seq-03/color/frame-000253.color.png pumpkin/seq-03/color/frame-000256.color.png 0.999721 -0.00502585 0.0230728 -0.0313899 0.00549463 0.999779 -0.0203002 -0.00212431 -0.0229656 0.0204213 0.999528 0.0377675 0.0 0.0 0.0 1.0
pumpkin/seq-03/color/frame-000256.color.png pumpkin/seq-03/color/frame-000259.color.png 0.999666 -0.0117055 0.023044 -0.0296511 0.0125197 0.999291 -0.0355077 0.00546217 -0.0226121 0.0357843 0.999104 0.0465919 0.0 0.0 0.0 1.0
pumpkin/seq-03/color/frame-000259.color.png pumpkin/seq-03/color/frame-000262.color.png 0.998988 -0.0137175 0.0428285 -0.048025 0.0151183 0.999356 -0.0325556 0.00596842 -0.0423544 0.0331701 0.998552 0.0523461 0.0 0.0 0.0 1.0
pumpkin/seq-03/color/frame-000262.color.png pumpkin/seq-03/color/frame-000265.color.png 0.998625 -0.0181289 0.0491866 -0.0520643 0.0197166 0.999294 -0.0319895 0.0127654 -0.048572 0.0329153 0.998277 0.0437577 0.0 0.0 0.0 1.0
pumpkin/seq-03/color/frame-000265.color.png pumpkin/seq-03/color/frame-000268.color.png 0.997906 -0.0331953 0.0555035 -0.0825645 0.0354378 0.998574 -0.0399193 0.0340018 -0.0540992 0.0418026 0.99766 0.0378534 0.0 0.0 0.0 1.0
pumpkin/seq-03/color/frame-000268.color.png pumpkin/seq-03/color/frame-000271.color.png 0.998973 -0.0196242 0.040842 -0.0566918 0.0200808 0.99974 -0.0107996 0.000811338 -0.0406195 0.0116086 0.999107 0.0335522 0.0 0.0 0.0 1.0
pumpkin/seq-03/color/frame-000271.color.png pumpkin/seq-03/color/frame-000274.color.png 0.999388 -0.0209648 0.0280119 -0.00811239 0.0207956 0.999764 0.0063173 -0.0561391 -0.0281377 -0.00573089 0.999588 0.0241767 0.0 0.0 0.0 1.0
pumpkin/seq-03/color/frame-000274.color.png pumpkin/seq-03/color/frame-000277.color.png 0.998688 -0.0133245 0.0494404 -0.0671005 0.0139374 0.99983 -0.012073 0.00680399 -0.0492711 0.0127462 0.998704 0.0201777 0.0 0.0 0.0 1.0
pumpkin/seq-03/color/frame-000277.color.png pumpkin/seq-03/color/frame-000280.color.png 0.999103 -0.00768267 0.0416362 -0.0499208 0.00764548 0.99997 0.00105205 -0.0103863 -0.0416431 -0.000732789 0.999132 0.0140714 0.0 0.0 0.0 1.0
pumpkin/seq-03/color/frame-000280.color.png pumpkin/seq-03/color/frame-000283.color.png 0.99889 -0.0126207 0.0453736 -0.0691864 0.0129041 0.999899 -0.00595798 -0.00130218 -0.0452939 0.0065369 0.998952 0.0142181 0.0 0.0 0.0 1.0
pumpkin/seq-03/color/frame-000283.color.png pumpkin/seq-03/color/frame-000286.color.png 0.99943 -0.00682909 0.0330492 -0.0327358 0.0065061 0.99993 0.00986981 -0.0251132 -0.0331143 -0.00964917 0.999405 -0.00280625 0.0 0.0 0.0 1.0
pumpkin/seq-03/color/frame-000286.color.png pumpkin/seq-03/color/frame-000289.color.png 0.99933 -0.00827929 0.0356453 -0.0451883 0.00843717 0.999955 -0.00428006 -0.00076741 -0.0356083 0.0045779 0.999355 0.00369585 0.0 0.0 0.0 1.0
pumpkin/seq-03/color/frame-000289.color.png pumpkin/seq-03/color/frame-000292.color.png 0.999005 -0.00572452 0.0442296 -0.0481215 0.00634362 0.999884 -0.0138702 0.0194435 -0.0441451 0.014137 0.998925 -0.00535268 0.0 0.0 0.0 1.0
pumpkin/seq-03/color/frame-000292.color.png pumpkin/seq-03/color/frame-000295.color.png 0.999019 -0.0171116 0.0408417 -0.0444178 0.0176881 0.999748 -0.0137955 0.0013206 -0.0405954 0.0145044 0.99907 -0.0047192 0.0 0.0 0.0 1.0
pumpkin/seq-03/color/frame-000295.color.png pumpkin/seq-03/color/frame-000298.color.png 0.999339 -0.0011709 0.0363213 -0.0305983 0.00205888 0.9997 -0.0244206 0.0342805 -0.0362817 0.0244793 0.999042 0.001109 0.0 0.0 0.0 1.0
pumpkin/seq-03/color/frame-000298.color.png pumpkin/seq-03/color/frame-000301.color.png 0.999441 -0.00637266 0.0328078 -0.0356717 0.00677048 0.999905 -0.0120285 0.00631702 -0.032728 0.0122439 0.999389 -0.0080387 0.0 0.0 0.0 1.0
pumpkin/seq-03/color/frame-000301.color.png pumpkin/seq-03/color/frame-000304.color.png 0.999516 -0.00180256 0.0310594 -0.0334741 0.00266351 0.999613 -0.0277003 0.032032 -0.0309975 0.0277697 0.999134 0.00549084 0.0 0.0 0.0 1.0
pumpkin/seq-03/color/frame-000304.color.png pumpkin/seq-03/color/frame-000307.color.png 0.999854 0.00531954 0.016257 -0.0132461 -0.00475358 0.999388 -0.0346565 0.0325544 -0.0164314 0.0345741 0.999267 -0.00312907 0.0 0.0 0.0 1.0
pumpkin/seq-03/color/frame-000307.color.png pumpkin/seq-03/color/frame-000310.color.png 0.999906 0.00503687 0.012758 -0.021604 -0.0045803 0.999357 -0.0355675 0.0468667 -0.0129289 0.0355058 0.999286 0.00144756 0.0 0.0 0.0 1.0
pumpkin/seq-03/color/frame-000310.color.png pumpkin/seq-03/color/frame-000313.color.png 0.999495 0.00623698 0.0311698 -0.0755473 -0.0058587 0.999908 -0.0122109 -0.0321054 -0.0312432 0.0120222 0.999439 0.00488931 0.0 0.0 0.0 1.0
pumpkin/seq-03/color/frame-000313.color.png pumpkin/seq-03/color/frame-000316.color.png 0.999912 0.00942793 0.00934597 -0.00851847 -0.0090754 0.999271 -0.0370718 0.0319465 -0.00968869 0.0369838 0.999269 0.0092141 0.0 0.0 0.0 1.0
pumpkin/seq-03/color/frame-000316.color.png pumpkin/seq-03/color/frame-000319.color.png 0.999961 0.0063948 0.00605367 -0.00582836 -0.00619105 0.999433 -0.0330947 0.0334889 -0.00626187 0.033056 0.999434 0.00655669 0.0 0.0 0.0 1.0
pumpkin/seq-03/color/frame-000319.color.png pumpkin/seq-03/color/frame-000322.color.png 0.999983 -0.000166427 0.00573858 -0.00935225 0.000325065 0.999618 -0.0276558 0.0282827 -0.00573178 0.0276572 0.999601 0.0108173 0.0 0.0 0.0 1.0
pumpkin/seq-03/color/frame-000322.color.png pumpkin/seq-03/color/frame-000325.color.png 0.999951 0.00328106 -0.00939707 0.0161799 -0.00351465 0.999683 -0.024948 0.0274693 0.00931222 0.0249798 0.999645 -0.00774235 0.0 0.0 0.0 1.0
pumpkin/seq-03/color/frame-000325.color.png pumpkin/seq-03/color/frame-000328.color.png 0.99999 0.00440108 -0.00116738 -0.000911504 -0.00441293 0.999937 -0.0103338 -0.00252047 0.00112185 0.0103387 0.999946 0.00124729 0.0 0.0 0.0 1.0
pumpkin/seq-03/color/frame-000328.color.png pumpkin/seq-03/color/frame-000331.color.png 0.999938 0.00429295 0.0102716 -0.0115991 -0.00402315 0.99965 -0.0261441 0.0170241 -0.0103803 0.0261011 0.999605 0.0113399 0.0 0.0 0.0 1.0
pumpkin/seq-03/color/frame-000331.color.png pumpkin/seq-03/color/frame-000334.color.png 0.999958 -0.000239463 0.00918845 -0.000598665 0.000360922 0.999913 -0.0132197 -0.000891864 -0.00918452 0.0132226 0.99987 -0.0124009 0.0 0.0 0.0 1.0
pumpkin/seq-03/color/frame-000334.color.png pumpkin/seq-03/color/frame-000337.color.png 0.999654 -0.0185407 0.0186743 -0.0102431 0.0187516 0.999762 -0.0111832 0.024866 -0.0184625 0.0115295 0.999763 -0.0216587 0.0 0.0 0.0 1.0
pumpkin/seq-03/color/frame-000337.color.png pumpkin/seq-03/color/frame-000340.color.png 0.99981 -0.0127988 0.0147191 -0.00154493 0.0126314 0.999855 0.0114136 -0.0122629 -0.0148631 -0.0112254 0.999826 -0.0232708 0.0 0.0 0.0 1.0
pumpkin/seq-03/color/frame-000340.color.png pumpkin/seq-03/color/frame-000343.color.png 0.99961 -0.0240644 0.0141465 -0.0126018 0.0239573 0.999683 0.00769249 0.0213009 -0.0143272 -0.00735065 0.99987 0.0137109 0.0 0.0 0.0 1.0
pumpkin/seq-03/color/frame-000343.color.png pumpkin/seq-03/color/frame-000346.color.png 0.999973 0.00731703 0.000864126 0.0237261 -0.00733027 0.999838 0.0164179 -0.0030407 -0.000743841 -0.0164239 0.999865 0.00632304 0.0 0.0 0.0 1.0
pumpkin/seq-03/color/frame-000346.color.png pumpkin/seq-03/color/frame-000349.color.png 0.999912 0.0128822 0.00304122 0.0227823 -0.0129546 0.9996 0.0251414 -0.019259 -0.00271609 -0.0251786 0.999679 0.012841 0.0 0.0 0.0 1.0
pumpkin/seq-03/color/frame-000349.color.png pumpkin/seq-03/color/frame-000352.color.png 0.99971 0.0240159 0.00153228 0.0442857 -0.0240621 0.998504 0.0490991 -0.0530652 -0.000350864 -0.0491216 0.998793 -0.00960165 0.0 0.0 0.0 1.0
pumpkin/seq-03/color/frame-000352.color.png pumpkin/seq-03/color/frame-000355.color.png 0.999841 0.0161129 0.00761783 0.0218707 -0.0164475 0.9988 0.0461201 -0.0415705 -0.00686559 -0.0462382 0.998907 0.0119829 0.0 0.0 0.0 1.0
pumpkin/seq-03/color/frame-000355.color.png pumpkin/seq-03/color/frame-000358.color.png 0.999672 0.0256037 -5.66568e-05 0.049549 -0.0255526 0.997812 0.0609714 -0.0673663 0.00161764 -0.0609499 0.99814 -0.00755471 0.0 0.0 0.0 1.0
pumpkin/seq-03/color/frame-000358.color.png pumpkin/seq-03/color/frame-000361.color.png 0.999786 0.0206985 -5.95969e-05 0.0359535 -0.0206737 0.998722 0.0461082 -0.04994 0.00101391 -0.0460972 0.998936 0.0023405 0.0 0.0 0.0 1.0
pumpkin/seq-03/color/frame-000361.color.png pumpkin/seq-03/color/frame-000364.color.png 0.999991 0.00113137 -0.00404703 0.0132888 -0.00100701 0.999531 0.0306037 -0.0316412 0.00407972 -0.0305994 0.999523 0.0139688 0.0 0.0 0.0 1.0
pumpkin/seq-03/color/frame-000364.color.png pumpkin/seq-03/color/frame-000367.color.png 0.99985 0.000309811 -0.017313 0.0503163 0.000110025 0.999706 0.0242431 -0.0162485 0.0173154 -0.0242413 0.999556 -0.00896084 0.0 0.0 0.0 1.0
pumpkin/seq-03/color/frame-000367.color.png pumpkin/seq-03/color/frame-000370.color.png 0.999606 0.000917223 -0.0280463 0.0824764 -0.000423801 0.999845 0.017594 -0.00801855 0.0280581 -0.0175752 0.999452 -0.0246401 0.0 0.0 0.0 1.0
pumpkin/seq-03/color/frame-000370.color.png pumpkin/seq-03/color/frame-000373.color.png 0.999955 0.00297427 -0.00897007 0.030491 -0.00280694 0.999823 0.0186091 -0.0173074 0.00902381 -0.0185831 0.999787 -0.00491458 0.0 0.0 0.0 1.0
pumpkin/seq-03/color/frame-000373.color.png pumpkin/seq-03/color/frame-000376.color.png 0.99983 0.00801959 -0.0165747 0.0534099 -0.00769879 0.999783 0.0193312 -0.00700778 0.0167261 -0.0192003 0.999676 -0.0144955 0.0 0.0 0.0 1.0
pumpkin/seq-03/color/frame-000376.color.png pumpkin/seq-03/color/frame-000379.color.png 0.99944 0.00459084 -0.0331361 0.0781223 -0.00375344 0.999673 0.0252896 -0.021378 0.0332414 -0.025151 0.999131 -0.0474702 0.0 0.0 0.0 1.0
pumpkin/seq-03/color/frame-000379.color.png pumpkin/seq-03/color/frame-000382.color.png 0.999263 0.0145491 -0.0355178 0.0659505 -0.0124698 0.998234 0.0580757 -0.0469582 0.0363001 -0.05759 0.99768 -0.057913 0.0 0.0 0.0 1.0
pumpkin/seq-03/color/frame-000382.color.png pumpkin/seq-03/color/frame-000385.color.png 0.999277 0.00199443 -0.0379619 0.0592941 -0.000852977 0.999548 0.0300612 -0.0149411 0.0380047 -0.0300071 0.998827 -0.0398654 0.0 0.0 0.0 1.0
pumpkin/seq-03/color/frame-000385.color.png pumpkin/seq-03/color/frame-000388.color.png 0.999291 -0.0177653 -0.0331948 0.0273426 0.0182049 0.99975 0.0129886 0.006441 0.0329557 -0.0135837 0.999364 -0.0224227 0.0 0.0 0.0 1.0
pumpkin/seq-03/color/frame-000388.color.png pumpkin/seq-03/color/frame-000391.color.png 0.999648 -0.00377227 -0.0262673 0.0428709 0.00420862 0.999854 0.0165758 -0.00662282 0.0262009 -0.0166805 0.999518 -0.0298547 0.0 0.0 0.0 1.0
pumpkin/seq-03/color/frame-000391.color.png pumpkin/seq-03/color/frame-000394.color.png 0.999458 -0.0225994 -0.0239409 0.020125 0.0229842 0.999609 0.0159232 -0.0143418 0.0235717 -0.0164648 0.999587 -0.0287478 0.0 0.0 0.0 1.0
pumpkin/seq-03/color/frame-000394.color.png pumpkin/seq-03/color/frame-000397.color.png 0.999465 -0.00899193 -0.0314497 0.0368813 0.00946691 0.999843 0.0149842 -0.00433612 0.03131 -0.0152739 0.999393 -0.0300959 0.0 0.0 0.0 1.0
pumpkin/seq-03/color/frame-000397.color.png pumpkin/seq-03/color/frame-000400.color.png 0.999612 0.00332844 -0.0276491 0.0342564 -0.00273983 0.999769 0.0212998 -0.0110718 0.0277136 -0.0212158 0.999391 -0.0311571 0.0 0.0 0.0 1.0
pumpkin/seq-03/color/frame-000400.color.png pumpkin/seq-03/color/frame-000403.color.png 0.999572 0.0136121 -0.0259088 0.0302469 -0.0129468 0.999587 0.0256758 -0.0101768 0.0262476 -0.0253294 0.999334 -0.0345393 0.0 0.0 0.0 1.0
pumpkin/seq-03/color/frame-000403.color.png pumpkin/seq-03/color/frame-000406.color.png 0.999629 0.0162773 -0.0218525 0.0194741 -0.0157716 0.999608 0.0231171 -0.0132859 0.0222203 -0.0227639 0.999494 -0.0286542 0.0 0.0 0.0 1.0
pumpkin/seq-03/color/frame-000406.color.png pumpkin/seq-03/color/frame-000409.color.png 0.999586 0.0156432 -0.0241305 0.0299617 -0.0150268 0.999562 0.0255182 -0.00997722 0.024519 -0.0251451 0.999383 -0.0359606 0.0 0.0 0.0 1.0
pumpkin/seq-03/color/frame-000409.color.png pumpkin/seq-03/color/frame-000412.color.png 0.999872 0.00988885 -0.012593 0.00790501 -0.0097417 0.999884 0.0116954 0.0214502 0.0127072 -0.0115712 0.999852 -0.026657 0.0 0.0 0.0 1.0
pumpkin/seq-03/color/frame-000412.color.png pumpkin/seq-03/color/frame-000415.color.png 0.999662 0.0111709 -0.0234663 0.0251433 -0.0104713 0.999503 0.0297275 -0.0208898 0.0237868 -0.0294717 0.999282 -0.0408705 0.0 0.0 0.0 1.0
pumpkin/seq-03/color/frame-000415.color.png pumpkin/seq-03/color/frame-000418.color.png 0.999954 0.00348954 -0.00896761 -0.00698847 -0.00332968 0.999837 0.0177723 0.00292087 0.00902814 -0.0177416 0.999802 -0.0263929 0.0 0.0 0.0 1.0
pumpkin/seq-03/color/frame-000418.color.png pumpkin/seq-03/color/frame-000421.color.png 0.999932 -0.00515482 -0.0104921 -0.000430435 0.00544719 0.999592 0.0280355 -0.0245878 0.0103433 -0.0280907 0.999552 -0.0317878 0.0 0.0 0.0 1.0
pumpkin/seq-03/color/frame-000421.color.png pumpkin/seq-03/color/frame-000424.color.png 0.999897 -0.00261525 -0.0140793 0.0141904 0.00274532 0.999954 0.0092253 0.000609249 0.0140545 -0.00926299 0.999858 -0.0224368 0.0 0.0 0.0 1.0
pumpkin/seq-03/color/frame-000424.color.png pumpkin/seq-03/color/frame-000427.color.png 0.999968 0.00291097 -0.00745765 0.0053325 -0.00287737 0.999986 0.00451233 0.00613636 0.00747073 -0.00449074 0.999962 -0.0182762 0.0 0.0 0.0 1.0
pumpkin/seq-03/color/frame-000427.color.png pumpkin/seq-03/color/frame-000430.color.png 0.999896 0.00401371 -0.0138578 0.0269318 -0.00387163 0.99994 0.0102644 -0.00417417 0.0138982 -0.0102097 0.999851 -0.0175219 0.0 0.0 0.0 1.0
pumpkin/seq-03/color/frame-000430.color.png pumpkin/seq-03/color/frame-000433.color.png 0.999885 0.0136817 -0.00657084 0.0315218 -0.0136286 0.999875 0.0080462 -0.00161374 0.00668012 -0.00795577 0.999946 -0.020976 0.0 0.0 0.0 1.0
pumpkin/seq-03/color/frame-000433.color.png pumpkin/seq-03/color/frame-000436.color.png 0.999802 0.0154352 -0.012532 0.0365716 -0.0153322 0.999848 0.00826989 0.00257766 0.0126578 -0.00807609 0.999887 -0.0240476 0.0 0.0 0.0 1.0
pumpkin/seq-03/color/frame-000436.color.png pumpkin/seq-03/color/frame-000439.color.png 0.999862 0.010628 -0.0127652 0.0377411 -0.0105124 0.999903 0.00910153 -0.0106299 0.0128607 -0.00896607 0.999877 -0.016939 0.0 0.0 0.0 1.0
pumpkin/seq-03/color/frame-000439.color.png pumpkin/seq-03/color/frame-000442.color.png 0.999907 0.000429985 -0.0136181 0.0499621 -0.000638096 0.999883 -0.0152897 0.0278563 0.0136099 0.0152969 0.99979 -0.0198992 0.0 0.0 0.0 1.0
pumpkin/seq-03/color/frame-000442.color.png pumpkin/seq-03/color/frame-000445.color.png 0.999807 0.00572615 -0.0187989 0.0585607 -0.00565515 0.999977 0.00382925 -0.000502437 0.0188204 -0.00372219 0.999816 -0.0239452 0.0 0.0 0.0 1.0
pumpkin/seq-03/color/frame-000445.color.png pumpkin/seq-03/color/frame-000448.color.png 0.999777 0.00198024 -0.0210498 0.04882 -0.00201219 0.999997 -0.00149534 0.000446469 0.0210468 0.00153739 0.999777 -0.0249063 0.0 0.0 0.0 1.0
pumpkin/seq-03/color/frame-000448.color.png pumpkin/seq-03/color/frame-000451.color.png 0.999558 0.000300211 -0.0297107 0.049868 -0.00011982 0.999982 0.00607139 0.0110042 0.029712 -0.00606518 0.99954 -0.0372437 0.0 0.0 0.0 1.0
pumpkin/seq-03/color/frame-000451.color.png pumpkin/seq-03/color/frame-000454.color.png 0.999623 -0.00253186 -0.0273568 0.0430223 0.00274128 0.999967 0.00762078 -0.0239414 0.0273365 -0.00769284 0.999597 -0.0232769 0.0 0.0 0.0 1.0
pumpkin/seq-03/color/frame-000454.color.png pumpkin/seq-03/color/frame-000457.color.png 0.999337 0.00935049 -0.0351955 0.0623453 -0.00903727 0.999918 0.00904831 0.0060173 0.0352773 -0.00872426 0.99934 -0.0257071 0.0 0.0 0.0 1.0
pumpkin/seq-03/color/frame-000457.color.png pumpkin/seq-03/color/frame-000460.color.png 0.999398 0.00804097 -0.033749 0.0594617 -0.00776779 0.999936 0.00821825 -0.0105959 0.0338129 -0.00795118 0.999396 -0.0168234 0.0 0.0 0.0 1.0
pumpkin/seq-03/color/frame-000460.color.png pumpkin/seq-03/color/frame-000463.color.png 0.999429 0.0110972 -0.0319126 0.0487847 -0.0111558 0.999936 -0.00166009 -0.00145343 0.0318922 0.00201517 0.999489 -0.0184417 0.0 0.0 0.0 1.0
pumpkin/seq-03/color/frame-000463.color.png pumpkin/seq-03/color/frame-000466.color.png 0.999664 0.012297 -0.0228213 0.038298 -0.0120986 0.999888 0.00880856 -0.0212105 0.022927 -0.00852951 0.999701 -0.00885195 0.0 0.0 0.0 1.0
pumpkin/seq-03/color/frame-000466.color.png pumpkin/seq-03/color/frame-000469.color.png 0.999565 -0.00262787 -0.0293915 0.0376163 0.00177847 0.999581 -0.0288892 0.0406924 0.0294551 0.0288244 0.99915 -0.011925 0.0 0.0 0.0 1.0
pumpkin/seq-03/color/frame-000469.color.png pumpkin/seq-03/color/frame-000472.color.png 0.999671 0.00802012 -0.0243569 0.0337743 -0.00804446 0.999967 -0.000897977 0.0100285 0.0243488 0.00109363 0.999703 -0.01328 0.0 0.0 0.0 1.0
pumpkin/seq-03/color/frame-000472.color.png pumpkin/seq-03/color/frame-000475.color.png 0.999802 0.0117511 -0.0160773 0.0421485 -0.0114863 0.999799 0.0164637 -0.00994092 0.0162675 -0.0162758 0.999735 -0.0109272 0.0 0.0 0.0 1.0
pumpkin/seq-03/color/frame-000475.color.png pumpkin/seq-03/color/frame-000478.color.png 0.999794 0.00329636 -0.0200231 0.0264499 -0.00316108 0.999972 0.0067855 0.00549826 0.020045 -0.00672079 0.999776 -0.0156917 0.0 0.0 0.0 1.0
pumpkin/seq-03/color/frame-000478.color.png pumpkin/seq-03/color/frame-000481.color.png 0.998518 0.0170076 -0.0517003 0.0834161 -0.0161756 0.999733 0.0164683 -0.0131848 0.0519666 -0.0156075 0.998527 -0.0268428 0.0 0.0 0.0 1.0
pumpkin/seq-03/color/frame-000481.color.png pumpkin/seq-03/color/frame-000484.color.png 0.999013 0.0159445 -0.041457 0.0633958 -0.0161902 0.999853 -0.00559879 0.00350636 0.0413616 0.00626436 0.999124 -0.0282511 0.0 0.0 0.0 1.0
pumpkin/seq-03/color/frame-000484.color.png pumpkin/seq-03/color/frame-000487.color.png 0.999134 0.00816734 -0.0408005 0.0766143 -0.00846189 0.99994 -0.00705154 0.00793993 0.0407403 0.0073907 0.999142 -0.00477314 0.0 0.0 0.0 1.0
pumpkin/seq-03/color/frame-000487.color.png pumpkin/seq-03/color/frame-000490.color.png 0.999849 0.00352584 -0.0170316 0.0394245 -0.00346161 0.999987 0.00379618 -0.0163774 0.017045 -0.00373668 0.999848 0.00224715 0.0 0.0 0.0 1.0
pumpkin/seq-03/color/frame-000490.color.png pumpkin/seq-03/color/frame-000493.color.png 0.99986 -0.00475866 -0.0160434 0.0227069 0.00476896 0.999988 0.000613197 -0.0101413 0.0160402 -0.000689531 0.999871 -0.00301254 0.0 0.0 0.0 1.0
pumpkin/seq-03/color/frame-000493.color.png pumpkin/seq-03/color/frame-000496.color.png 0.999742 0.00238395 -0.022597 0.027889 -0.00244351 0.999994 -0.00261336 -0.0138147 0.0225905 0.00266797 0.999741 -0.0105941 0.0 0.0 0.0 1.0
pumpkin/seq-03/color/frame-000496.color.png pumpkin/seq-03/color/frame-000499.color.png 0.999843 -0.00392491 -0.0172544 0.0303051 0.00400596 0.999981 0.00466444 -0.0206867 0.0172358 -0.00473295 0.99984 0.00321651 0.0 0.0 0.0 1.0
pumpkin/seq-03/color/frame-000499.color.png pumpkin/seq-03/color/frame-000502.color.png 0.99977 -0.00285791 -0.0212602 0.0452417 0.00319557 0.999869 0.0158679 -0.022736 0.0212121 -0.0159322 0.999648 -0.0175066 0.0 0.0 0.0 1.0
pumpkin/seq-03/color/frame-000502.color.png pumpkin/seq-03/color/frame-000505.color.png 0.999913 0.00252936 -0.0129588 0.0232929 -0.00242891 0.999967 0.00775593 -0.0260577 0.0129779 -0.00772375 0.999886 0.00466543 0.0 0.0 0.0 1.0
pumpkin/seq-03/color/frame-000505.color.png pumpkin/seq-03/color/frame-000508.color.png 0.999486 -0.00489354 -0.0316703 0.0485358 0.00420046 0.999751 -0.0219141 0.00635767 0.0317696 0.0217698 0.999258 0.0129651 0.0 0.0 0.0 1.0
pumpkin/seq-03/color/frame-000508.color.png pumpkin/seq-03/color/frame-000511.color.png 0.998583 -0.0255298 -0.0466867 0.056816 0.0247911 0.999559 -0.0163343 -0.0268892 0.0470831 0.0151537 0.998776 -0.000980854 0.0 0.0 0.0 1.0
pumpkin/seq-03/color/frame-000511.color.png pumpkin/seq-03/color/frame-000514.color.png 0.999529 -0.0260745 -0.0162015 0.0313735 0.0258084 0.999532 -0.0164218 -0.0163016 0.0166222 0.015996 0.999734 -0.0069564 0.0 0.0 0.0 1.0
pumpkin/seq-03/color/frame-000514.color.png pumpkin/seq-03/color/frame-000517.color.png 0.999536 -0.0268702 -0.0143467 0.0238292 0.0268791 0.999639 0.000432678 -0.0298263 0.0143298 -0.000818084 0.999897 0.025072 0.0 0.0 0.0 1.0
pumpkin/seq-03/color/frame-000517.color.png pumpkin/seq-03/color/frame-000520.color.png 0.999772 -0.00764739 -0.0199116 0.021992 0.0076091 0.999969 -0.00200048 -0.0132483 0.0199263 0.0018485 0.9998 0.0020718 0.0 0.0 0.0 1.0
pumpkin/seq-03/color/frame-000520.color.png pumpkin/seq-03/color/frame-000523.color.png 0.999588 -0.0111606 -0.0264565 0.0256592 0.0105975 0.999716 -0.021329 -0.000531435 0.026687 0.0210399 0.999422 0.0173327 0.0 0.0 0.0 1.0
pumpkin/seq-03/color/frame-000523.color.png pumpkin/seq-03/color/frame-000526.color.png 0.999779 -0.00600558 -0.0201423 0.0187917 0.00579886 0.99993 -0.0103073 -0.000260651 0.0202027 0.0101882 0.999744 -0.00414133 0.0 0.0 0.0 1.0
