redkitchen/seq-11/color/frame-000000.color.png redkitchen/seq-11/color/frame-000003.color.png 0.999994 0.00348963 -0.000296996 -0.00291849 -0.00348844 0.999986 0.00394682 -0.000845645 0.000310765 -0.00394576 0.999992 -0.000122981 0.0 0.0 0.0 1.0
redkitchen/seq-11/color/frame-000001.color.png redkitchen/seq-11/color/frame-000004.color.png 0.999997 0.00216105 -0.000650794 -0.00354226 -0.00215881 0.999992 0.00342798 -0.00183748 0.000658197 -0.00342657 0.999994 0.00089772 0.0 0.0 0.0 1.0
redkitchen/seq-11/color/frame-000002.color.png redkitchen/seq-11/color/frame-000005.color.png 0.999999 -0.000464439 -0.00156095 -0.00302036 0.000466829 0.999999 0.0015306 -0.00375402 0.00156024 -0.00153132 0.999998 -0.000274972 0.0 0.0 0.0 1.0
redkitchen/seq-11/color/frame-000003.color.png redkitchen/seq-11/color/frame-000006.color.png 0.999993 -0.00374944 -0.000307791 -0.00448635 0.00374857 0.999989 -0.00277217 -0.00386926 0.000318182 0.002771 0.999996 -0.000911465 0.0 0.0 0.0 1.0
redkitchen/seq-11/color/frame-000004.color.png redkitchen/seq-11/color/frame-000007.color.png 0.999993 -0.00362439 0.000217755 -0.00424142 0.00362554 0.999978 -0.00555637 -0.00259741 -0.000197611 0.00555712 0.999985 -0.00286542 0.0 0.0 0.0 1.0
redkitchen/seq-11/color/frame-000005.color.png redkitchen/seq-11/color/frame-000008.color.png 0.999998 -0.000370268 0.00200736 -0.00583753 0.000382619 0.999981 -0.00615599 0.0010819 -0.00200504 0.00615675 0.999979 -0.00288072 0.0 0.0 0.0 1.0
redkitchen/seq-11/color/frame-000006.color.png redkitchen/seq-11/color/frame-000009.color.png 0.999994 0.00237566 0.00256772 -0.00403619 -0.00237264 0.999996 -0.00117619 0.00195147 -0.00257051 0.00117009 0.999996 -0.00432524 0.0 0.0 0.0 1.0
redkitchen/seq-11/color/frame-000007.color.png redkitchen/seq-11/color/frame-000010.color.png 0.999969 0.00484458 0.00626186 -0.00993218 -0.00487036 0.99998 0.00410769 -0.000896383 -0.00624183 -0.00413806 0.999972 -0.00168143 0.0 0.0 0.0 1.0
redkitchen/seq-11/color/frame-000008.color.png redkitchen/seq-11/color/frame-000011.color.png 0.999969 0.00519391 0.005997 -0.0138716 -0.0052277 0.999971 0.00563322 -0.00492582 -0.00596757 -0.00566439 0.999966 -0.00056618 0.0 0.0 0.0 1.0
redkitchen/seq-11/color/frame-000009.color.png redkitchen/seq-11/color/frame-000012.color.png 0.999976 0.00633561 0.00277042 -0.0158668 -0.00634516 0.999974 0.00345216 -0.00582791 -0.00274848 -0.00346966 0.99999 -0.00108978 0.0 0.0 0.0 1.0
redkitchen/seq-11/color/frame-000010.color.png redkitchen/seq-11/color/frame-000013.color.png 0.999965 0.0084147 5.17558e-05 -0.0166728 -0.00841475 0.999964 0.00108013 -0.00661698 -4.26667e-05 -0.00108052 0.999999 -0.00100472 0.0 0.0 0.0 1.0
redkitchen/seq-11/color/frame-000011.color.png redkitchen/seq-11/color/frame-000014.color.png 0.999932 0.0114055 -0.00242933 -0.0148338 -0.0114049 0.999935 0.000268526 -0.00552089 0.00243223 -0.000240801 0.999997 -0.00330646 0.0 0.0 0.0 1.0
redkitchen/seq-11/color/frame-000012.color.png redkitchen/seq-11/color/frame-000015.color.png 0.999923 0.0123836 -0.00115553 -0.0136369 -0.0123834 0.999923 0.000216924 -0.0048784 0.00115813 -0.000202598 0.999999 -0.00361928 0.0 0.0 0.0 1.0
redkitchen/seq-11/color/frame-000013.color.png redkitchen/seq-11/color/frame-000016.color.png 0.999921 0.0123139 0.00255761 -0.0141116 -0.01232 0.999921 0.00240414 -0.00638357 -0.00252781 -0.00243546 0.999994 -0.00494408 0.0 0.0 0.0 1.0
redkitchen/seq-11/color/frame-000014.color.png redkitchen/seq-11/color/frame-000017.color.png 0.999952 0.00717935 0.00665137 -0.0172641 -0.00719936 0.99997 0.00299059 -0.00817612 -0.00662969 -0.00303833 0.999974 -0.00524316 0.0 0.0 0.0 1.0
redkitchen/seq-11/color/frame-000015.color.png redkitchen/seq-11/color/frame-000018.color.png 0.999915 0.00830975 0.010068 -0.0242685 -0.00832687 0.999964 0.00165971 -0.00947069 -0.0100539 -0.0017434 0.999948 -0.0016501 0.0 0.0 0.0 1.0
redkitchen/seq-11/color/frame-000016.color.png redkitchen/seq-11/color/frame-000019.color.png 0.999915 0.00936452 0.00901896 -0.0222962 -0.00937193 0.999956 0.000779173 -0.00978138 -0.00901126 -0.00086363 0.999959 -0.00712393 0.0 0.0 0.0 1.0
redkitchen/seq-11/color/frame-000017.color.png redkitchen/seq-11/color/frame-000020.color.png 0.999897 0.00958428 0.0106943 -0.022612 -0.00959434 0.999954 0.000889978 -0.00682608 -0.0106853 -0.000992492 0.999942 -0.00760246 0.0 0.0 0.0 1.0
redkitchen/seq-11/color/frame-000018.color.png redkitchen/seq-11/color/frame-000021.color.png 0.999909 0.00506633 0.0124866 -0.0237658 -0.00513623 0.999971 0.00557091 -0.00640248 -0.012458 -0.00563453 0.999907 -0.0102045 0.0 0.0 0.0 1.0
redkitchen/seq-11/color/frame-000019.color.png redkitchen/seq-11/color/frame-000022.color.png 0.999956 0.00145257 0.0092885 -0.0167985 -0.00150299 0.999984 0.00542477 -0.00327292 -0.00928047 -0.00543849 0.999942 -0.0061067 0.0 0.0 0.0 1.0
redkitchen/seq-11/color/frame-000020.color.png redkitchen/seq-11/color/frame-000023.color.png 0.99995 0.0018112 0.00989225 -0.0206461 -0.00190161 0.999956 0.00913766 -0.00812633 -0.00987526 -0.00915601 0.999909 -0.00429805 0.0 0.0 0.0 1.0
redkitchen/seq-11/color/frame-000021.color.png redkitchen/seq-11/color/frame-000024.color.png 0.999954 0.00467334 0.00833594 -0.0213209 -0.00473757 0.999959 0.00770238 -0.0119377 -0.0082996 -0.00774152 0.999936 -0.00441606 0.0 0.0 0.0 1.0
redkitchen/seq-11/color/frame-000022.color.png redkitchen/seq-11/color/frame-000025.color.png 0.999905 0.00590564 0.0124674 -0.0315714 -0.00600346 0.999951 0.00782238 -0.0155009 -0.0124206 -0.00789648 0.999892 -0.00557676 0.0 0.0 0.0 1.0
redkitchen/seq-11/color/frame-000023.color.png redkitchen/seq-11/color/frame-000026.color.png 0.999902 0.00580478 0.01277 -0.0322335 -0.00586036 0.999973 0.0043206 -0.0180218 -0.0127446 -0.00439502 0.999909 -0.00858927 0.0 0.0 0.0 1.0
redkitchen/seq-11/color/frame-000024.color.png redkitchen/seq-11/color/frame-000027.color.png 0.99989 0.00593069 0.0135947 -0.034223 -0.00592346 0.999982 -0.000572589 -0.0152265 -0.0135979 0.000491999 0.999907 -0.00592493 0.0 0.0 0.0 1.0
redkitchen/seq-11/color/frame-000025.color.png redkitchen/seq-11/color/frame-000028.color.png 0.999898 0.00686417 0.0125311 -0.0349247 -0.00680229 0.999965 -0.00497429 -0.0141036 -0.0125648 0.00488855 0.999909 -0.00411162 0.0 0.0 0.0 1.0
redkitchen/seq-11/color/frame-000026.color.png redkitchen/seq-11/color/frame-000029.color.png 0.999938 0.00598573 0.00941526 -0.0267069 -0.00595201 0.999976 -0.00360487 -0.0115698 -0.00943661 0.00354861 0.999949 -0.00185423 0.0 0.0 0.0 1.0
redkitchen/seq-11/color/frame-000027.color.png redkitchen/seq-11/color/frame-000030.color.png 0.999977 0.00354768 0.00586303 -0.0234796 -0.00351356 0.999977 -0.0058199 -0.00696345 -0.00588354 0.00579916 0.999966 -0.00676099 0.0 0.0 0.0 1.0
redkitchen/seq-11/color/frame-000028.color.png redkitchen/seq-11/color/frame-000031.color.png 0.999995 -0.00243776 0.00225786 -0.0229992 0.00244817 0.999986 -0.00462145 -0.00519926 -0.00224656 0.00462696 0.999987 -0.00683128 0.0 0.0 0.0 1.0
redkitchen/seq-11/color/frame-000029.color.png redkitchen/seq-11/color/frame-000032.color.png 0.999932 -0.0115765 0.0017636 -0.0285019 0.0115864 0.999917 -0.00572 -0.00600339 -0.00169725 0.00574004 0.999982 -0.0138465 0.0 0.0 0.0 1.0
redkitchen/seq-11/color/frame-000030.color.png redkitchen/seq-11/color/frame-000033.color.png 0.999836 -0.0168661 0.00651398 -0.0304062 0.016876 0.999857 -0.00147477 -0.00570808 -0.00648817 0.00158446 0.999978 -0.0101587 0.0 0.0 0.0 1.0
redkitchen/seq-11/color/frame-000031.color.png redkitchen/seq-11/color/frame-000034.color.png 0.999749 -0.0188324 0.0121527 -0.0358837 0.0188032 0.99982 0.0025194 -0.00726398 -0.012198 -0.00229026 0.999923 -0.0100039 0.0 0.0 0.0 1.0
redkitchen/seq-11/color/frame-000032.color.png redkitchen/seq-11/color/frame-000035.color.png 0.999776 -0.0164285 0.0133729 -0.0404515 0.0164147 0.999865 0.00114307 -0.0117543 -0.0133899 -0.000923299 0.99991 -0.00686333 0.0 0.0 0.0 1.0
redkitchen/seq-11/color/frame-000033.color.png redkitchen/seq-11/color/frame-000036.color.png 0.999845 -0.0163291 0.00654807 -0.035971 0.0163566 0.999857 -0.00416491 -0.00975288 -0.00647915 0.00427137 0.99997 -0.0146799 0.0 0.0 0.0 1.0
redkitchen/seq-11/color/frame-000034.color.png redkitchen/seq-11/color/frame-000037.color.png 0.999876 -0.0155546 0.00250692 -0.025639 0.0155697 0.99986 -0.0061026 -0.00121114 -0.00241165 0.00614087 0.999978 -0.0152057 0.0 0.0 0.0 1.0
redkitchen/seq-11/color/frame-000035.color.png redkitchen/seq-11/color/frame-000038.color.png 0.999835 -0.016933 0.0065381 -0.0168083 0.0169293 0.999857 0.000619708 0.00408362 -0.00654764 -0.00050892 0.999979 -0.0187217 0.0 0.0 0.0 1.0
redkitchen/seq-11/color/frame-000036.color.png redkitchen/seq-11/color/frame-000039.color.png 0.999914 -0.0118593 0.00564901 -0.00628103 0.0118259 0.999913 0.00591984 0.00162362 -0.00571871 -0.00585252 0.999967 -0.0110043 0.0 0.0 0.0 1.0
redkitchen/seq-11/color/frame-000037.color.png redkitchen/seq-11/color/frame-000040.color.png 0.999708 -0.0134953 0.0200294 -0.0136957 0.0132695 0.999847 0.0113643 -0.00775994 -0.0201797 -0.0110952 0.999735 -0.0186111 0.0 0.0 0.0 1.0
redkitchen/seq-11/color/frame-000038.color.png redkitchen/seq-11/color/frame-000041.color.png 0.999587 -0.00958067 0.0270989 -0.0292003 0.00938517 0.999929 0.00733242 -0.0103304 -0.0271672 -0.00707506 0.999606 -0.018292 0.0 0.0 0.0 1.0
redkitchen/seq-11/color/frame-000039.color.png redkitchen/seq-11/color/frame-000042.color.png 0.999392 -0.0110289 0.0330818 -0.0423238 0.0107879 0.999914 0.00745599 -0.0115929 -0.0331612 -0.00709457 0.999425 -0.0253393 0.0 0.0 0.0 1.0
redkitchen/seq-11/color/frame-000040.color.png redkitchen/seq-11/color/frame-000043.color.png 0.999783 -0.00664021 0.0197593 -0.0329752 0.00656719 0.999971 0.00375785 -0.00243197 -0.0197837 -0.00362727 0.999798 -0.0192585 0.0 0.0 0.0 1.0
redkitchen/seq-11/color/frame-000041.color.png redkitchen/seq-11/color/frame-000044.color.png 0.999819 -0.0115175 0.0151733 -0.0166959 0.0113519 0.999876 0.0109561 0.00363198 -0.0152976 -0.0107818 0.999825 -0.0211715 0.0 0.0 0.0 1.0
redkitchen/seq-11/color/frame-000042.color.png redkitchen/seq-11/color/frame-000045.color.png 0.999506 -0.0154027 0.0273855 -0.0169597 0.0148291 0.999669 0.0210278 -0.00126564 -0.0277004 -0.0206113 0.999404 -0.025987 0.0 0.0 0.0 1.0
redkitchen/seq-11/color/frame-000043.color.png redkitchen/seq-11/color/frame-000046.color.png 0.999196 -0.0169461 0.0363424 -0.0238938 0.0159803 0.999516 0.0267021 -0.0149073 -0.0367773 -0.0260999 0.998983 -0.0381905 0.0 0.0 0.0 1.0
redkitchen/seq-11/color/frame-000044.color.png redkitchen/seq-11/color/frame-000047.color.png 0.999347 -0.00826265 0.0351824 -0.0298468 0.00755903 0.99977 0.0200853 -0.0217096 -0.0353402 -0.0198062 0.999179 -0.0379399 0.0 0.0 0.0 1.0
redkitchen/seq-11/color/frame-000045.color.png redkitchen/seq-11/color/frame-000048.color.png 0.999673 0.000623292 0.0255485 -0.0280353 -0.000863176 0.999956 0.00937916 -0.0234962 -0.0255415 -0.00939815 0.99963 -0.0353731 0.0 0.0 0.0 1.0
redkitchen/seq-11/color/frame-000046.color.png redkitchen/seq-11/color/frame-000049.color.png 0.999898 0.00441337 0.0135761 -0.0169836 -0.00443037 0.999989 0.00122255 -0.0128759 -0.0135706 -0.00128256 0.999907 -0.017478 0.0 0.0 0.0 1.0
redkitchen/seq-11/color/frame-000047.color.png redkitchen/seq-11/color/frame-000050.color.png 0.999916 0.00639364 0.0113151 -0.0138836 -0.00636929 0.999977 -0.00218641 -0.0112615 -0.0113289 0.00211416 0.999934 -0.0204835 0.0 0.0 0.0 1.0
redkitchen/seq-11/color/frame-000048.color.png redkitchen/seq-11/color/frame-000051.color.png 0.999926 0.00468888 0.0112264 -0.0160923 -0.00465974 0.999986 -0.00262115 -0.0118826 -0.0112386 0.00256865 0.999934 -0.0213663 0.0 0.0 0.0 1.0
redkitchen/seq-11/color/frame-000049.color.png redkitchen/seq-11/color/frame-000052.color.png 0.99992 0.00489394 0.0116901 -0.0203931 -0.0047887 0.999948 -0.00901365 -0.0117121 -0.0117337 0.00895693 0.999891 -0.0289071 0.0 0.0 0.0 1.0
redkitchen/seq-11/color/frame-000050.color.png redkitchen/seq-11/color/frame-000053.color.png 0.999933 0.00833426 0.00799961 -0.024517 -0.0082551 0.999917 -0.00987807 -0.0134438 -0.00808125 0.00981138 0.999919 -0.0226952 0.0 0.0 0.0 1.0
redkitchen/seq-11/color/frame-000051.color.png redkitchen/seq-11/color/frame-000054.color.png 0.999944 0.0104796 -0.00167226 -0.0231834 -0.0105004 0.999861 -0.0129466 -0.0105184 0.00153634 0.0129634 0.999915 -0.0254541 0.0 0.0 0.0 1.0
redkitchen/seq-11/color/frame-000052.color.png redkitchen/seq-11/color/frame-000055.color.png 0.999914 0.0125442 -0.00390737 -0.0293519 -0.012578 0.999883 -0.00876127 -0.0102578 0.00379702 0.00880965 0.999954 -0.0201898 0.0 0.0 0.0 1.0
redkitchen/seq-11/color/frame-000053.color.png redkitchen/seq-11/color/frame-000056.color.png 0.999895 0.00570049 -0.0132947 -0.0174694 -0.0057813 0.999965 -0.00604798 -0.00857395 0.0132597 0.00612421 0.999893 -0.027151 0.0 0.0 0.0 1.0
redkitchen/seq-11/color/frame-000054.color.png redkitchen/seq-11/color/frame-000057.color.png 0.999934 -0.000909793 -0.0114162 -0.0116628 0.000883476 0.999997 -0.00231007 -0.00389422 0.0114183 0.00229984 0.999932 -0.0292148 0.0 0.0 0.0 1.0
redkitchen/seq-11/color/frame-000055.color.png redkitchen/seq-11/color/frame-000058.color.png 0.999951 -0.00847612 -0.0051855 -0.0116524 0.00848849 0.999961 0.00236851 -0.00471252 0.00516529 -0.0024124 0.999984 -0.0342846 0.0 0.0 0.0 1.0
redkitchen/seq-11/color/frame-000056.color.png redkitchen/seq-11/color/frame-000059.color.png 0.999946 -0.00942833 0.00430539 -0.0231648 0.00942132 0.999954 0.00164548 -0.00178066 -0.0043207 -0.00160483 0.999989 -0.0208197 0.0 0.0 0.0 1.0
redkitchen/seq-11/color/frame-000057.color.png redkitchen/seq-11/color/frame-000060.color.png 0.999849 -0.0173438 -0.000670046 -0.023301 0.0173427 0.999848 -0.00157401 -0.00369021 0.000697246 0.00156214 0.999999 -0.0251639 0.0 0.0 0.0 1.0
redkitchen/seq-11/color/frame-000058.color.png redkitchen/seq-11/color/frame-000061.color.png 0.999873 -0.0151619 -0.00494208 -0.022587 0.015134 0.99987 -0.00562785 -0.00638576 0.0050267 0.00555234 0.999972 -0.0237927 0.0 0.0 0.0 1.0
redkitchen/seq-11/color/frame-000059.color.png redkitchen/seq-11/color/frame-000062.color.png 0.999902 -0.0117706 -0.00752776 -0.0229606 0.0116993 0.999887 -0.00943626 -0.0053903 0.00763802 0.00934726 0.999927 -0.0265277 0.0 0.0 0.0 1.0
redkitchen/seq-11/color/frame-000060.color.png redkitchen/seq-11/color/frame-000063.color.png 0.999968 -0.00367337 -0.00710933 -0.032724 0.00360874 0.999952 -0.0090822 -0.00758107 0.00714236 0.00905625 0.999933 -0.0169047 0.0 0.0 0.0 1.0
redkitchen/seq-11/color/frame-000061.color.png redkitchen/seq-11/color/frame-000064.color.png 0.999804 -0.00376225 -0.0194398 -0.0232704 0.00354776 0.999933 -0.0110563 0.000184193 0.0194801 0.0109851 0.99975 -0.0210865 0.0 0.0 0.0 1.0
redkitchen/seq-11/color/frame-000062.color.png redkitchen/seq-11/color/frame-000065.color.png 0.99971 0.000307768 -0.0240948 -0.0278147 -0.000419242 0.999989 -0.00462148 0.00578065 0.0240931 0.00463023 0.999699 -0.0206572 0.0 0.0 0.0 1.0
redkitchen/seq-11/color/frame-000063.color.png redkitchen/seq-11/color/frame-000066.color.png 0.999447 0.00786186 -0.0323149 -0.0142127 -0.00765422 0.999949 0.006544 0.00965258 0.0323647 -0.00629304 0.999456 -0.0192472 0.0 0.0 0.0 1.0
redkitchen/seq-11/color/frame-000064.color.png redkitchen/seq-11/color/frame-000067.color.png 0.999498 0.0103179 -0.0299523 -0.0186374 -0.0096789 0.999724 0.0214001 -0.000753716 0.0301648 -0.0210994 0.999322 -0.0217296 0.0 0.0 0.0 1.0
redkitchen/seq-11/color/frame-000065.color.png redkitchen/seq-11/color/frame-000068.color.png 0.999469 0.0035831 -0.0323808 -0.0102383 -0.00281591 0.999715 0.0237074 -0.00609386 0.0324565 -0.0236036 0.999195 -0.019974 0.0 0.0 0.0 1.0
redkitchen/seq-11/color/frame-000066.color.png redkitchen/seq-11/color/frame-000069.color.png 0.999532 -0.00262322 -0.0304731 -0.0120149 0.00324852 0.999785 0.0204885 -0.0144067 0.0304128 -0.0205779 0.999326 -0.0186844 0.0 0.0 0.0 1.0
redkitchen/seq-11/color/frame-000067.color.png redkitchen/seq-11/color/frame-000070.color.png 0.999657 -0.00886903 -0.0246572 -0.0100894 0.00905258 0.999932 0.00734236 -0.0100469 0.0245905 -0.00756304 0.999669 -0.0178721 0.0 0.0 0.0 1.0
redkitchen/seq-11/color/frame-000068.color.png redkitchen/seq-11/color/frame-000071.color.png 0.999812 -0.00994332 -0.0166769 0.00226822 0.00995975 0.99995 0.000902301 -0.010304 0.016667 -0.00106823 0.99986 -0.0274589 0.0 0.0 0.0 1.0
redkitchen/seq-11/color/frame-000069.color.png redkitchen/seq-11/color/frame-000072.color.png 0.999952 -0.00892131 -0.00417819 0.00223225 0.00890952 0.999956 -0.00283428 -0.0031247 0.00420329 0.00279691 0.999987 -0.0258409 0.0 0.0 0.0 1.0
redkitchen/seq-11/color/frame-000070.color.png redkitchen/seq-11/color/frame-000073.color.png 0.999979 -0.000755617 0.00651211 0.000508308 0.000764447 0.999999 -0.00135259 0.00428301 -0.00651108 0.00135755 0.999978 -0.0237627 0.0 0.0 0.0 1.0
redkitchen/seq-11/color/frame-000071.color.png redkitchen/seq-11/color/frame-000074.color.png 0.999944 0.0049924 0.00936506 -0.00528455 -0.00508371 0.99994 0.00975202 0.00457872 -0.00931581 -0.00979909 0.999909 -0.0239791 0.0 0.0 0.0 1.0
redkitchen/seq-11/color/frame-000072.color.png redkitchen/seq-11/color/frame-000075.color.png 0.999903 0.00934905 0.0103142 -0.00888199 -0.00952327 0.999811 0.0169736 -0.00545858 -0.0101536 -0.0170702 0.999803 -0.030665 0.0 0.0 0.0 1.0
redkitchen/seq-11/color/frame-000073.color.png redkitchen/seq-11/color/frame-000076.color.png 0.999944 0.00860095 0.00617822 -0.011637 -0.00870818 0.999808 0.0175438 -0.00673847 -0.00602616 -0.0175966 0.999827 -0.0251744 0.0 0.0 0.0 1.0
redkitchen/seq-11/color/frame-000074.color.png redkitchen/seq-11/color/frame-000077.color.png 0.999978 0.00570166 0.00345547 -0.0279671 -0.00574771 0.999893 0.0134668 -0.0174626 -0.00337831 -0.0134863 0.999904 -0.00847945 0.0 0.0 0.0 1.0
redkitchen/seq-11/color/frame-000075.color.png redkitchen/seq-11/color/frame-000078.color.png 0.999955 0.000108689 -0.00945937 -0.0149519 -7.72704e-05 0.999994 0.00332178 -0.0173953 0.00945969 -0.00332092 0.99995 -0.01594 0.0 0.0 0.0 1.0
redkitchen/seq-11/color/frame-000076.color.png redkitchen/seq-11/color/frame-000079.color.png 0.99997 0.00145037 -0.00765091 -0.00626221 -0.00143985 0.999998 0.00137986 -0.0174967 0.00765292 -0.00136879 0.99997 -0.015849 0.0 0.0 0.0 1.0
redkitchen/seq-11/color/frame-000077.color.png redkitchen/seq-11/color/frame-000080.color.png 0.999986 -0.0014529 -0.00504944 0.00445834 0.00144202 0.999997 -0.00215771 -0.00395069 0.00505256 0.00215038 0.999985 -0.0246439 0.0 0.0 0.0 1.0
redkitchen/seq-11/color/frame-000078.color.png redkitchen/seq-11/color/frame-000081.color.png 0.99997 0.000638694 0.00773071 -0.00633702 -0.000651226 0.999998 0.00161852 0.00494938 -0.00772966 -0.00162351 0.999969 -0.0115976 0.0 0.0 0.0 1.0
redkitchen/seq-11/color/frame-000079.color.png redkitchen/seq-11/color/frame-000082.color.png 0.999985 0.000965953 0.00536062 -0.0278541 -0.00100062 0.999979 0.00646711 -0.0029887 -0.00535427 -0.00647239 0.999965 -0.000141293 0.0 0.0 0.0 1.0
redkitchen/seq-11/color/frame-000080.color.png redkitchen/seq-11/color/frame-000083.color.png 0.99986 0.00856831 -0.0143602 -0.022171 -0.00852099 0.999958 0.00335314 -0.0142414 0.0143884 -0.00323031 0.999891 0.00976908 0.0 0.0 0.0 1.0
redkitchen/seq-11/color/frame-000081.color.png redkitchen/seq-11/color/frame-000084.color.png 0.999623 0.00568902 -0.0268723 -0.026711 -0.00567947 0.999984 0.000431582 -0.018122 0.0268743 -0.000278803 0.999639 0.00846404 0.0 0.0 0.0 1.0
redkitchen/seq-11/color/frame-000082.color.png redkitchen/seq-11/color/frame-000085.color.png 0.999423 0.00341414 -0.0338027 -0.016735 -0.00349533 0.999991 -0.00234319 -0.0198539 0.0337944 0.00245999 0.999426 0.0124751 0.0 0.0 0.0 1.0
redkitchen/seq-11/color/frame-000083.color.png redkitchen/seq-11/color/frame-000086.color.png 0.999589 0.00280802 -0.0285371 -0.00962892 -0.0028418 0.999995 -0.00114331 -0.02596 0.0285338 0.00122396 0.999592 0.00207165 0.0 0.0 0.0 1.0
redkitchen/seq-11/color/frame-000084.color.png redkitchen/seq-11/color/frame-000087.color.png 0.999722 0.0132617 -0.0194912 -0.00254774 -0.0132968 0.99991 -0.00167245 -0.0351811 0.0194673 0.00193116 0.999808 -0.00463128 0.0 0.0 0.0 1.0
redkitchen/seq-11/color/frame-000085.color.png redkitchen/seq-11/color/frame-000088.color.png 0.999743 0.0208293 -0.0089053 0.00294453 -0.0208844 0.999763 -0.00614271 -0.0414022 0.00877525 0.00632712 0.999941 -0.00694832 0.0 0.0 0.0 1.0
redkitchen/seq-11/color/frame-000086.color.png redkitchen/seq-11/color/frame-000089.color.png 0.999759 0.0215305 0.00437941 -0.00504643 -0.0214735 0.999689 -0.012654 -0.0337937 -0.0046505 0.0125569 0.99991 -0.0080058 0.0 0.0 0.0 1.0
redkitchen/seq-11/color/frame-000087.color.png redkitchen/seq-11/color/frame-000090.color.png 0.999876 0.0152544 0.00398522 -0.0153223 -0.0151981 0.999789 -0.0137917 -0.0293554 -0.00419476 0.0137294 0.999897 -2.01464e-05 0.0 0.0 0.0 1.0
redkitchen/seq-11/color/frame-000088.color.png redkitchen/seq-11/color/frame-000091.color.png 0.999876 0.015147 -0.0042815 -0.0336224 -0.0151893 0.999834 -0.0100365 -0.0238117 0.00412877 0.0101003 0.999941 0.00532526 0.0 0.0 0.0 1.0
redkitchen/seq-11/color/frame-000089.color.png redkitchen/seq-11/color/frame-000092.color.png 0.999529 0.0150799 -0.0267288 -0.0262692 -0.0151861 0.999878 -0.0037735 -0.0229444 0.0266687 0.00417764 0.999636 0.0081118 0.0 0.0 0.0 1.0
redkitchen/seq-11/color/frame-000090.color.png redkitchen/seq-11/color/frame-000093.color.png 0.999677 0.00953476 -0.0235491 -0.0167313 -0.00952164 0.999954 0.0006694 -0.0156665 0.0235544 -0.000444952 0.999722 0.00713205 0.0 0.0 0.0 1.0
redkitchen/seq-11/color/frame-000091.color.png redkitchen/seq-11/color/frame-000094.color.png 0.999424 0.0129985 -0.0313344 -0.0110239 -0.0128173 0.9999 0.00597648 -0.0263476 0.031409 -0.00557141 0.999491 0.0144766 0.0 0.0 0.0 1.0
redkitchen/seq-11/color/frame-000092.color.png redkitchen/seq-11/color/frame-000095.color.png 0.999497 0.00706091 -0.0309188 -0.00750011 -0.00701565 0.999974 0.00157217 -0.0236646 0.0309291 -0.00135447 0.999521 0.0254482 0.0 0.0 0.0 1.0
redkitchen/seq-11/color/frame-000093.color.png redkitchen/seq-11/color/frame-000096.color.png 0.999187 0.00604817 -0.0398574 -0.0104463 -0.00616038 0.999977 -0.00269307 -0.0310256 0.0398402 0.00293642 0.999202 0.0396502 0.0 0.0 0.0 1.0
redkitchen/seq-11/color/frame-000094.color.png redkitchen/seq-11/color/frame-000097.color.png 0.999436 -2.66898e-05 -0.033572 -0.00240248 -0.00031022 0.99995 -0.01003 -0.0229321 0.0335706 0.0100347 0.999386 0.0311736 0.0 0.0 0.0 1.0
redkitchen/seq-11/color/frame-000095.color.png redkitchen/seq-11/color/frame-000098.color.png 0.999696 0.00658983 -0.023776 -0.0116116 -0.00672386 0.999962 -0.00556138 -0.0323056 0.0237384 0.00571956 0.999702 0.0190465 0.0 0.0 0.0 1.0
redkitchen/seq-11/color/frame-000096.color.png redkitchen/seq-11/color/frame-000099.color.png 0.999654 0.00715821 -0.0252964 -0.0126052 -0.00723154 0.99997 -0.00280849 -0.0342776 0.0252755 0.00299046 0.999676 0.017645 0.0 0.0 0.0 1.0
redkitchen/seq-11/color/frame-000097.color.png redkitchen/seq-11/color/frame-000100.color.png 0.999597 0.00363104 -0.0281502 -0.00996858 -0.0037248 0.999988 -0.00327898 -0.0313969 0.028138 0.00338252 0.999598 0.0279138 0.0 0.0 0.0 1.0
redkitchen/seq-11/color/frame-000098.color.png redkitchen/seq-11/color/frame-000101.color.png 0.999526 -0.00100473 -0.0307573 0.000398517 0.000857444 0.999988 -0.00480137 -0.0295874 0.0307617 0.00477273 0.999515 0.0299385 0.0 0.0 0.0 1.0
redkitchen/seq-11/color/frame-000099.color.png redkitchen/seq-11/color/frame-000102.color.png 0.999645 0.00924086 -0.0249773 0.00399715 -0.00938571 0.99994 -0.00568819 -0.0231451 0.0249233 0.0059206 0.999672 0.0336508 0.0 0.0 0.0 1.0
redkitchen/seq-11/color/frame-000100.color.png redkitchen/seq-11/color/frame-000103.color.png 0.999683 0.0180286 -0.017565 -0.000698805 -0.0179734 0.999833 0.00329398 -0.0268775 0.0176214 -0.00297722 0.99984 0.0159245 0.0 0.0 0.0 1.0
redkitchen/seq-11/color/frame-000101.color.png redkitchen/seq-11/color/frame-000104.color.png 0.999611 0.0249514 -0.0124536 -0.0200927 -0.0248162 0.999633 0.0108945 -0.0340569 0.0127209 -0.0105812 0.999863 0.013997 0.0 0.0 0.0 1.0
redkitchen/seq-11/color/frame-000102.color.png redkitchen/seq-11/color/frame-000105.color.png 0.999514 0.0231196 -0.0209006 -0.0345163 -0.0228249 0.999638 0.014233 -0.0377535 0.0212221 -0.013749 0.99968 -0.00119379 0.0 0.0 0.0 1.0
redkitchen/seq-11/color/frame-000103.color.png redkitchen/seq-11/color/frame-000106.color.png 0.998657 0.0301467 -0.0421378 -0.0281698 -0.0294631 0.999425 0.0167501 -0.0366078 0.0426185 -0.0154861 0.998971 0.011535 0.0 0.0 0.0 1.0
redkitchen/seq-11/color/frame-000104.color.png redkitchen/seq-11/color/frame-000107.color.png 0.997125 0.0429938 -0.0623931 -0.0204095 -0.0416155 0.998864 0.0232253 -0.0497816 0.0633207 -0.0205621 0.997781 0.0349895 0.0 0.0 0.0 1.0
redkitchen/seq-11/color/frame-000105.color.png redkitchen/seq-11/color/frame-000108.color.png 0.995661 0.0470838 -0.0802677 0.00751138 -0.0455215 0.998739 0.0211847 -0.0468146 0.0811639 -0.0174388 0.996548 0.0840031 0.0 0.0 0.0 1.0
redkitchen/seq-11/color/frame-000106.color.png redkitchen/seq-11/color/frame-000109.color.png 0.996201 0.0481156 -0.0725865 0.0163107 -0.04702 0.998754 0.0167286 -0.0547496 0.0733009 -0.013252 0.997222 0.0729644 0.0 0.0 0.0 1.0
redkitchen/seq-11/color/frame-000107.color.png redkitchen/seq-11/color/frame-000110.color.png 0.997333 0.0454811 -0.0570758 0.0168896 -0.0451685 0.998957 0.00675548 -0.0372183 0.0573235 -0.00415944 0.998347 0.0716333 0.0 0.0 0.0 1.0
redkitchen/seq-11/color/frame-000108.color.png redkitchen/seq-11/color/frame-000111.color.png 0.998215 0.0380113 -0.0460589 0.00754374 -0.0377 0.99926 0.00761058 -0.0406893 0.0463142 -0.00586057 0.99891 0.0393421 0.0 0.0 0.0 1.0
redkitchen/seq-11/color/frame-000109.color.png redkitchen/seq-11/color/frame-000112.color.png 0.997813 0.0382332 -0.0539182 -0.00587726 -0.0379355 0.999259 0.00653434 -0.0367672 0.0541281 -0.00447464 0.998524 0.0533939 0.0 0.0 0.0 1.0
redkitchen/seq-11/color/frame-000110.color.png redkitchen/seq-11/color/frame-000113.color.png 0.996785 0.0293882 -0.0745327 0.00770634 -0.0291957 0.999567 0.00367078 -0.0312718 0.0746083 -0.00148295 0.997212 0.0536154 0.0 0.0 0.0 1.0
redkitchen/seq-11/color/frame-000111.color.png redkitchen/seq-11/color/frame-000114.color.png 0.9961 0.0199603 -0.085943 0.0221508 -0.0197114 0.999799 0.0037449 -0.0174735 0.0860004 -0.00203624 0.996293 0.0755278 0.0 0.0 0.0 1.0
redkitchen/seq-11/color/frame-000112.color.png redkitchen/seq-11/color/frame-000115.color.png 0.997225 0.00753825 -0.0740613 0.0521277 -0.00731744 0.999968 0.0032529 -0.00224721 0.0740834 -0.00270192 0.997248 0.0930402 0.0 0.0 0.0 1.0
redkitchen/seq-11/color/frame-000113.color.png redkitchen/seq-11/color/frame-000116.color.png 0.998976 -0.0044668 -0.0450287 0.0866342 0.0045806 0.999986 0.00242502 0.00739166 0.0450173 -0.00262879 0.998983 0.0637039 0.0 0.0 0.0 1.0
redkitchen/seq-11/color/frame-000114.color.png redkitchen/seq-11/color/frame-000117.color.png 0.999998 0.000559665 -0.0020603 0.0980068 -0.000558749 1.0 0.00041685 0.0067223 0.00206054 -0.000415712 0.999998 0.0445923 0.0 0.0 0.0 1.0
redkitchen/seq-11/color/frame-000115.color.png redkitchen/seq-11/color/frame-000118.color.png 0.999337 0.0051226 0.0360382 0.0502058 -0.00531415 0.999972 0.00522297 -0.0085755 -0.0360105 -0.00541105 0.999337 0.0157064 0.0 0.0 0.0 1.0
redkitchen/seq-11/color/frame-000116.color.png redkitchen/seq-11/color/frame-000119.color.png 0.999269 -0.00306697 0.0380979 0.0144763 0.00246224 0.99987 0.0159101 -0.0225542 -0.0381418 -0.0158047 0.999147 0.000358686 0.0 0.0 0.0 1.0
redkitchen/seq-11/color/frame-000117.color.png redkitchen/seq-11/color/frame-000120.color.png 0.999727 -0.00351581 0.0230822 -0.0120307 0.00320235 0.999902 0.0136024 -0.0230442 -0.0231278 -0.0135248 0.999641 0.0148806 0.0 0.0 0.0 1.0
redkitchen/seq-11/color/frame-000118.color.png redkitchen/seq-11/color/frame-000121.color.png 0.999929 -0.00854415 -0.00832247 0.0228428 0.00861471 0.999927 0.00847954 -0.0226057 0.00824949 -0.00855064 0.999929 0.0276601 0.0 0.0 0.0 1.0
redkitchen/seq-11/color/frame-000119.color.png redkitchen/seq-11/color/frame-000122.color.png 0.999843 -0.00934397 -0.0150367 0.0445888 0.00922448 0.999926 -0.0080007 -0.0064089 0.0151105 0.00786071 0.999855 0.0537466 0.0 0.0 0.0 1.0
redkitchen/seq-11/color/frame-000120.color.png redkitchen/seq-11/color/frame-000123.color.png 0.999902 -0.0110104 -0.00862775 0.0616171 0.0108819 0.999831 -0.0147979 -0.00813192 0.00878918 0.0147025 0.999853 0.0381152 0.0 0.0 0.0 1.0
redkitchen/seq-11/color/frame-000121.color.png redkitchen/seq-11/color/frame-000124.color.png 0.999978 0.00105025 0.00653402 0.0513605 -0.000937634 0.999851 -0.0172182 -0.0111257 -0.00655119 0.0172117 0.99983 0.0272902 0.0 0.0 0.0 1.0
redkitchen/seq-11/color/frame-000122.color.png redkitchen/seq-11/color/frame-000125.color.png 0.999715 0.0208156 0.0117035 0.0331746 -0.020703 0.999739 -0.00966626 -0.0362059 -0.0119017 0.00942123 0.999885 0.00600851 0.0 0.0 0.0 1.0
redkitchen/seq-11/color/frame-000123.color.png redkitchen/seq-11/color/frame-000126.color.png 0.999589 0.0277533 -0.00723549 0.0331738 -0.0278376 0.999542 -0.0118337 -0.0282125 0.00690374 0.0120303 0.999904 0.0209513 0.0 0.0 0.0 1.0
redkitchen/seq-11/color/frame-000124.color.png redkitchen/seq-11/color/frame-000127.color.png 0.999396 0.0263929 -0.0225829 0.0543045 -0.0267052 0.99955 -0.0136406 -0.0129195 0.0222127 0.0142354 0.999652 0.0431703 0.0 0.0 0.0 1.0
redkitchen/seq-11/color/frame-000125.color.png redkitchen/seq-11/color/frame-000128.color.png 0.999434 0.0239696 -0.023617 0.0763032 -0.0241871 0.999667 -0.00896923 -0.00825891 0.0233942 0.00953536 0.999681 0.0485333 0.0 0.0 0.0 1.0
redkitchen/seq-11/color/frame-000126.color.png redkitchen/seq-11/color/frame-000129.color.png 0.999606 0.0280499 0.00106787 0.0469857 -0.0280344 0.999529 -0.0124856 -0.0139782 -0.00141763 0.0124507 0.999921 0.0446904 0.0 0.0 0.0 1.0
redkitchen/seq-11/color/frame-000127.color.png redkitchen/seq-11/color/frame-000130.color.png 0.999629 0.0267709 0.00499107 0.0284858 -0.0267248 0.999602 -0.00908374 -0.0283706 -0.00523219 0.00894698 0.999946 0.0175426 0.0 0.0 0.0 1.0
redkitchen/seq-11/color/frame-000128.color.png redkitchen/seq-11/color/frame-000131.color.png 0.999712 0.0225858 -0.00806237 0.0184281 -0.0227014 0.999636 -0.0145473 -0.010155 0.00773084 0.0147262 0.999862 0.0318269 0.0 0.0 0.0 1.0
redkitchen/seq-11/color/frame-000129.color.png redkitchen/seq-11/color/frame-000132.color.png 0.999513 0.0144391 -0.0276664 0.0387798 -0.0144771 0.999895 -0.00117224 -0.0106931 0.0276465 0.00157219 0.999617 0.0339067 0.0 0.0 0.0 1.0
redkitchen/seq-11/color/frame-000130.color.png redkitchen/seq-11/color/frame-000133.color.png 0.999115 0.0186019 -0.0377399 0.0644039 -0.0186091 0.999827 0.000160428 -0.00468075 0.0377364 0.000542011 0.999288 0.0492602 0.0 0.0 0.0 1.0
redkitchen/seq-11/color/frame-000131.color.png redkitchen/seq-11/color/frame-000134.color.png 0.999617 0.0101525 -0.0257636 0.0579464 -0.0101657 0.999948 -0.000379784 0.0102644 0.0257584 0.000641525 0.999668 0.0451037 0.0 0.0 0.0 1.0
redkitchen/seq-11/color/frame-000132.color.png redkitchen/seq-11/color/frame-000135.color.png 0.999863 0.000516794 -0.0165223 0.0408735 -0.000422024 0.999983 0.00574083 0.0135082 0.016525 -0.00573307 0.999847 0.0432905 0.0 0.0 0.0 1.0
redkitchen/seq-11/color/frame-000133.color.png redkitchen/seq-11/color/frame-000136.color.png 0.999833 -0.011737 -0.014021 0.0275345 0.0119838 0.999772 0.0176454 0.00482181 0.0138106 -0.0178105 0.999746 0.0248199 0.0 0.0 0.0 1.0
redkitchen/seq-11/color/frame-000134.color.png redkitchen/seq-11/color/frame-000137.color.png 0.999812 -0.00707609 -0.0180648 0.0354372 0.00742409 0.999787 0.0192663 -0.00253475 0.0179245 -0.0193968 0.999651 0.0356017 0.0 0.0 0.0 1.0
redkitchen/seq-11/color/frame-000135.color.png redkitchen/seq-11/color/frame-000138.color.png 0.999932 -0.00393892 -0.0110236 0.0514971 0.00407627 0.999914 0.0124672 -0.0145997 0.0109735 -0.0125113 0.999862 0.0400117 0.0 0.0 0.0 1.0
redkitchen/seq-11/color/frame-000136.color.png redkitchen/seq-11/color/frame-000139.color.png 0.999997 -0.0023865 -0.000129992 0.0362491 0.00238716 0.999985 0.0048783 -0.0209912 0.000118339 -0.00487861 0.999988 0.0353395 0.0 0.0 0.0 1.0
redkitchen/seq-11/color/frame-000137.color.png redkitchen/seq-11/color/frame-000140.color.png 0.999957 -0.00914341 -0.00119879 0.0252129 0.0091426 0.999958 -0.000694328 -0.0175481 0.00120506 0.000683319 0.999999 0.0249861 0.0 0.0 0.0 1.0
redkitchen/seq-11/color/frame-000138.color.png redkitchen/seq-11/color/frame-000141.color.png 0.999725 -0.0157547 -0.0173641 0.0323214 0.0157551 0.999876 -0.000114864 0.000383914 0.0173638 -0.000158753 0.999849 0.0302345 0.0 0.0 0.0 1.0
redkitchen/seq-11/color/frame-000139.color.png redkitchen/seq-11/color/frame-000142.color.png 0.999736 -0.0126597 -0.0191902 0.052221 0.0127241 0.999914 0.00324059 0.00363636 0.0191475 -0.00348389 0.999811 0.0369543 0.0 0.0 0.0 1.0
redkitchen/seq-11/color/frame-000140.color.png redkitchen/seq-11/color/frame-000143.color.png 0.99998 -0.00542738 0.00335223 0.0624908 0.00542392 0.999985 0.00103973 0.00027132 -0.00335777 -0.0010215 0.999994 0.0677826 0.0 0.0 0.0 1.0
redkitchen/seq-11/color/frame-000141.color.png redkitchen/seq-11/color/frame-000144.color.png 0.9999 -0.00516772 0.013124 0.0499398 0.00508598 0.999968 0.00625723 -0.0171808 -0.0131559 -0.00618988 0.999894 0.0399508 0.0 0.0 0.0 1.0
redkitchen/seq-11/color/frame-000142.color.png redkitchen/seq-11/color/frame-000145.color.png 0.999862 -0.00446218 0.0159909 0.0267033 0.00452292 0.999983 -0.00376181 -0.0182689 -0.0159738 0.0038336 0.999865 0.0306664 0.0 0.0 0.0 1.0
redkitchen/seq-11/color/frame-000143.color.png redkitchen/seq-11/color/frame-000146.color.png 0.999874 -0.0128425 -0.00936067 0.0273153 0.0127628 0.999882 -0.00852709 -0.00833523 0.0094691 0.00840656 0.99992 0.0276361 0.0 0.0 0.0 1.0
redkitchen/seq-11/color/frame-000144.color.png redkitchen/seq-11/color/frame-000147.color.png 0.999793 -0.014267 -0.0145266 0.0490277 0.0141258 0.999852 -0.00977774 -0.00386876 0.014664 0.00957051 0.999847 0.0302536 0.0 0.0 0.0 1.0
redkitchen/seq-11/color/frame-000145.color.png redkitchen/seq-11/color/frame-000148.color.png 0.99986 -0.0167098 -0.00125405 0.0577222 0.0166988 0.999826 -0.00828385 0.0071795 0.00139225 0.00826177 0.999965 0.0385685 0.0 0.0 0.0 1.0
redkitchen/seq-11/color/frame-000146.color.png redkitchen/seq-11/color/frame-000149.color.png 0.999811 -0.00164808 0.0193533 0.0767458 0.00154988 0.999986 0.00508708 -0.0207644 -0.0193613 -0.00505615 0.9998 0.0234053 0.0 0.0 0.0 1.0
redkitchen/seq-11/color/frame-000147.color.png redkitchen/seq-11/color/frame-000150.color.png 0.998938 0.012455 0.0443688 0.0348283 -0.0120753 0.999888 -0.00881542 -0.016767 -0.0444736 0.00827028 0.998976 0.0354638 0.0 0.0 0.0 1.0
redkitchen/seq-11/color/frame-000148.color.png redkitchen/seq-11/color/frame-000151.color.png 0.999605 0.0143845 0.0241585 0.0384968 -0.0142619 0.999885 -0.00523862 -0.0366307 -0.0242311 0.00489199 0.999694 0.0172412 0.0 0.0 0.0 1.0
redkitchen/seq-11/color/frame-000149.color.png redkitchen/seq-11/color/frame-000152.color.png 0.999926 0.0072901 0.00975857 0.0170848 -0.00715441 0.999878 -0.0138659 -0.0229273 -0.00985848 0.013795 0.999856 0.0282567 0.0 0.0 0.0 1.0
redkitchen/seq-11/color/frame-000150.color.png redkitchen/seq-11/color/frame-000153.color.png 0.999889 0.00285971 -0.0145997 0.0748811 -0.00300434 0.999947 -0.00989744 -0.031708 0.0145707 0.00994022 0.999844 0.0228611 0.0 0.0 0.0 1.0
redkitchen/seq-11/color/frame-000151.color.png redkitchen/seq-11/color/frame-000154.color.png 0.999946 0.00387126 0.00960589 0.046313 -0.00368395 0.999804 -0.0194454 -0.0174444 -0.00967924 0.019409 0.999765 0.038942 0.0 0.0 0.0 1.0
redkitchen/seq-11/color/frame-000152.color.png redkitchen/seq-11/color/frame-000155.color.png 0.999858 -0.00269635 0.0166359 0.0292062 0.00317464 0.999581 -0.0287887 0.0088228 -0.0165513 0.0288374 0.999447 0.0330833 0.0 0.0 0.0 1.0
redkitchen/seq-11/color/frame-000153.color.png redkitchen/seq-11/color/frame-000156.color.png 0.999899 -0.00829042 0.01157 0.00732578 0.00847686 0.999834 -0.0161604 0.00817484 -0.0114341 0.0162569 0.999802 0.0228539 0.0 0.0 0.0 1.0
redkitchen/seq-11/color/frame-000154.color.png redkitchen/seq-11/color/frame-000157.color.png 0.999872 -0.0138371 -0.00808788 0.0366154 0.0138027 0.999896 -0.0042964 0.00231373 0.00814641 0.00418425 0.999958 0.0119663 0.0 0.0 0.0 1.0
redkitchen/seq-11/color/frame-000155.color.png redkitchen/seq-11/color/frame-000158.color.png 0.999809 -0.0174811 -0.00871986 0.0489112 0.0175231 0.999835 0.00477323 -0.00357652 0.00863496 -0.0049251 0.999951 0.022481 0.0 0.0 0.0 1.0
redkitchen/seq-11/color/frame-000156.color.png redkitchen/seq-11/color/frame-000159.color.png 0.99983 -0.0177817 0.00480714 0.0513168 0.0177216 0.999768 0.0122673 -0.0155946 -0.00502418 -0.01218 0.999913 0.0155689 0.0 0.0 0.0 1.0
redkitchen/seq-11/color/frame-000157.color.png redkitchen/seq-11/color/frame-000160.color.png 0.999559 -0.0175597 0.023929 0.0364191 0.0173816 0.99982 0.00763228 -0.00741524 -0.0240587 -0.00721299 0.999685 0.0218898 0.0 0.0 0.0 1.0
redkitchen/seq-11/color/frame-000158.color.png redkitchen/seq-11/color/frame-000161.color.png 0.999191 -0.018025 0.0359438 0.0284234 0.0175468 0.999754 0.0135751 -0.0276624 -0.0361798 -0.0129334 0.999262 -0.000214592 0.0 0.0 0.0 1.0
redkitchen/seq-11/color/frame-000159.color.png redkitchen/seq-11/color/frame-000162.color.png 0.999154 -0.0175388 0.0371874 0.0103625 0.0175066 0.999846 0.0011896 0.0024671 -0.0372025 -0.000537558 0.999308 0.0202969 0.0 0.0 0.0 1.0
redkitchen/seq-11/color/frame-000160.color.png redkitchen/seq-11/color/frame-000163.color.png 0.999446 -0.0196163 0.0268982 0.0126171 0.0194498 0.99979 0.00644022 -0.000710785 -0.0270189 -0.00591352 0.999617 0.00654604 0.0 0.0 0.0 1.0
redkitchen/seq-11/color/frame-000161.color.png redkitchen/seq-11/color/frame-000164.color.png 0.999477 -0.0263035 0.0188252 0.0548642 0.0259073 0.999444 0.020986 -0.00392568 -0.0193667 -0.0204873 0.999603 0.016901 0.0 0.0 0.0 1.0
redkitchen/seq-11/color/frame-000162.color.png redkitchen/seq-11/color/frame-000165.color.png 0.99949 -0.0201099 0.0248254 0.058316 0.0195636 0.999565 0.0220577 -0.00379115 -0.0252583 -0.0215608 0.999448 0.0169829 0.0 0.0 0.0 1.0
redkitchen/seq-11/color/frame-000163.color.png redkitchen/seq-11/color/frame-000166.color.png 0.999478 -0.0204791 0.0249695 0.0630929 0.0198548 0.99949 0.0250031 -0.0108159 -0.0254688 -0.0244943 0.999376 0.0149828 0.0 0.0 0.0 1.0
redkitchen/seq-11/color/frame-000164.color.png redkitchen/seq-11/color/frame-000167.color.png 0.99983 -0.00397022 0.0180283 0.0326017 0.00375967 0.999925 0.0116984 0.000213683 -0.0180734 -0.0116286 0.999769 0.00520881 0.0 0.0 0.0 1.0
redkitchen/seq-11/color/frame-000165.color.png redkitchen/seq-11/color/frame-000168.color.png 0.999957 -0.00397383 0.00842441 0.033395 0.00384643 0.999879 0.0150801 -0.00994265 -0.00848326 -0.015047 0.999851 -0.000811219 0.0 0.0 0.0 1.0
redkitchen/seq-11/color/frame-000166.color.png redkitchen/seq-11/color/frame-000169.color.png 0.999986 -0.00523138 -0.000804395 0.0521651 0.00523795 0.999951 0.00842272 0.0075621 0.000760318 -0.00842682 0.999964 0.00732225 0.0 0.0 0.0 1.0
redkitchen/seq-11/color/frame-000167.color.png redkitchen/seq-11/color/frame-000170.color.png 0.999984 -0.00378208 0.00417987 0.0530502 0.00373139 0.99992 0.0120761 -0.00106204 -0.00422517 -0.0120603 0.999918 0.00339997 0.0 0.0 0.0 1.0
redkitchen/seq-11/color/frame-000168.color.png redkitchen/seq-11/color/frame-000171.color.png 0.999947 -0.00306418 0.00977983 0.0503876 0.00295282 0.999931 0.0113779 0.0041849 -0.00981407 -0.0113484 0.999888 0.00305146 0.0 0.0 0.0 1.0
