redkitchen/seq-11/color/frame-000000.color.png redkitchen/seq-11/color/frame-000001.color.png 0.999999 0.000544195 -0.000918834 0.000425544 -0.000544225 1.0 -3.23558e-05 0.00105308 0.000918816 3.28559e-05 1.0 -0.00100437 0.0 0.0 0.0 1.0
redkitchen/seq-11/color/frame-000001.color.png redkitchen/seq-11/color/frame-000002.color.png 0.999999 0.0013341 -3.24058e-05 -0.000694861 -0.00133404 0.999997 0.00184922 0.000206033 3.48727e-05 -0.00184918 0.999998 0.000299341 0.0 0.0 0.0 1.0
redkitchen/seq-11/color/frame-000002.color.png redkitchen/seq-11/color/frame-000003.color.png 0.999999 0.00162151 0.000600492 -0.00255632 -0.00162276 0.999996 0.00208127 -0.00204433 -0.000597115 -0.00208224 0.999998 0.000649163 0.0 0.0 0.0 1.0
redkitchen/seq-11/color/frame-000003.color.png redkitchen/seq-11/color/frame-000004.color.png 0.999999 -0.000736712 -0.00124577 -0.000577504 0.000736381 1.0 -0.000266093 -0.000162024 0.00124596 0.000265175 0.999999 -0.000476233 0.0 0.0 0.0 1.0
redkitchen/seq-11/color/frame-000004.color.png redkitchen/seq-11/color/frame-000005.color.png 0.999999 -0.00135363 -0.000475114 -0.000937053 0.00135352 0.999999 -0.000245108 -0.00179301 0.000475446 0.000244465 1.0 0.000209359 0.0 0.0 0.0 1.0
redkitchen/seq-11/color/frame-000005.color.png redkitchen/seq-11/color/frame-000006.color.png 0.999997 -0.00185825 0.00132737 -0.00272967 0.00186116 0.999996 -0.00219031 -0.00198745 -0.0013233 0.00219278 0.999997 -0.000544187 0.0 0.0 0.0 1.0
redkitchen/seq-11/color/frame-000006.color.png redkitchen/seq-11/color/frame-000007.color.png 1.0 1.76065e-06 -0.000122399 -0.00150716 -2.17279e-06 0.999994 -0.00336728 0.00129739 0.000122393 0.00336728 0.999994 -0.0019532 0.0 0.0 0.0 1.0
redkitchen/seq-11/color/frame-000007.color.png redkitchen/seq-11/color/frame-000008.color.png 0.999999 0.00143932 0.00031698 -0.000265873 -0.00143916 0.999999 -0.00048656 0.00188527 -0.00031768 0.000486103 1.0 -0.000968099 0.0 0.0 0.0 1.0
redkitchen/seq-11/color/frame-000008.color.png redkitchen/seq-11/color/frame-000009.color.png 0.999997 0.00103768 0.00233269 -0.00216603 -0.00104434 0.999995 0.00285361 -0.00144591 -0.00232972 -0.00285604 0.999993 -0.00163966 0.0 0.0 0.0 1.0
redkitchen/seq-11/color/frame-000009.color.png redkitchen/seq-11/color/frame-000010.color.png 0.999995 0.00153045 0.00280558 -0.0058354 -0.00153633 0.999997 0.00209519 -0.00188859 -0.00280237 -0.00209949 0.999994 -0.000131886 0.0 0.0 0.0 1.0
redkitchen/seq-11/color/frame-000010.color.png redkitchen/seq-11/color/frame-000011.color.png 0.999994 0.00318077 0.00140729 -0.00723245 -0.00318221 0.999994 0.00102108 -0.00203296 -0.00140404 -0.00102555 0.999999 0.00083448 0.0 0.0 0.0 1.0
redkitchen/seq-11/color/frame-000011.color.png redkitchen/seq-11/color/frame-000012.color.png 0.999998 0.00163912 -0.00121586 -0.00338144 -0.00163883 0.999999 0.000246135 -0.00193866 0.00121626 -0.000244141 0.999999 -0.00143859 0.0 0.0 0.0 1.0
redkitchen/seq-11/color/frame-000012.color.png redkitchen/seq-11/color/frame-000013.color.png 0.999994 0.00339973 0.000301932 -0.00711989 -0.00339938 0.999994 -0.00112871 -0.000793396 -0.000305767 0.00112768 0.999999 0.000715829 0.0 0.0 0.0 1.0
redkitchen/seq-11/color/frame-000013.color.png redkitchen/seq-11/color/frame-000014.color.png 0.999983 0.0054859 -0.0019864 -0.00360465 -0.0054854 0.999985 0.000256442 -0.00156983 0.00198778 -0.00024554 0.999998 -0.00200997 0.0 0.0 0.0 1.0
redkitchen/seq-11/color/frame-000014.color.png redkitchen/seq-11/color/frame-000015.color.png 0.999993 0.00367036 0.00041954 -0.00280661 -0.00367067 0.999993 0.000763686 -0.00206915 -0.000416734 -0.000765222 1.0 -0.00207919 0.0 0.0 0.0 1.0
redkitchen/seq-11/color/frame-000015.color.png redkitchen/seq-11/color/frame-000016.color.png 0.999988 0.00264552 0.00408087 -0.00823465 -0.00265064 0.999996 0.00124911 -0.00260464 -0.00407755 -0.00125991 0.999991 -0.000242826 0.0 0.0 0.0 1.0
redkitchen/seq-11/color/frame-000016.color.png redkitchen/seq-11/color/frame-000017.color.png 0.999995 0.00185886 0.00269737 -0.00735415 -0.00186312 0.999997 0.00157738 -0.00464335 -0.00269443 -0.00158239 0.999995 -0.00309884 0.0 0.0 0.0 1.0
redkitchen/seq-11/color/frame-000017.color.png redkitchen/seq-11/color/frame-000018.color.png 0.999987 0.00376419 0.00334798 -0.00846923 -0.00376209 0.999993 -0.000632915 -0.00320401 -0.00335034 0.000620311 0.999994 0.00029458 0.0 0.0 0.0 1.0
redkitchen/seq-11/color/frame-000018.color.png redkitchen/seq-11/color/frame-000019.color.png 0.999988 0.00385846 0.00303499 -0.00631444 -0.00385786 0.999992 -0.000202887 -0.00221819 -0.00303575 0.000191175 0.999995 -0.00321499 0.0 0.0 0.0 1.0
redkitchen/seq-11/color/frame-000019.color.png redkitchen/seq-11/color/frame-000020.color.png 0.999981 0.001843 0.00590436 -0.0101468 -0.00185416 0.999997 0.0018845 -0.0013977 -0.00590087 -0.00189541 0.999981 -0.00412402 0.0 0.0 0.0 1.0
redkitchen/seq-11/color/frame-000020.color.png redkitchen/seq-11/color/frame-000021.color.png 0.999984 0.000690897 0.00562433 -0.0103311 -0.000711823 0.999993 0.00371897 -0.00234091 -0.00562172 -0.00372292 0.999977 -0.00106117 0.0 0.0 0.0 1.0
redkitchen/seq-11/color/frame-000021.color.png redkitchen/seq-11/color/frame-000022.color.png 1.0 3.29885e-05 6.97837e-05 -0.000145666 -3.29818e-05 1.0 -9.74418e-05 0.00016512 -6.9792e-05 9.744e-05 1.0 0.000183066 0.0 0.0 0.0 1.0
redkitchen/seq-11/color/frame-000022.color.png redkitchen/seq-11/color/frame-000023.color.png 0.99999 0.000859805 0.00432195 -0.0109664 -0.000881725 0.999987 0.00507137 -0.00588332 -0.00431754 -0.00507513 0.999978 -0.00195425 0.0 0.0 0.0 1.0
redkitchen/seq-11/color/frame-000023.color.png redkitchen/seq-11/color/frame-000024.color.png 0.99999 0.00275173 0.00338488 -0.0097255 -0.00276054 0.999993 0.0026031 -0.00560286 -0.00337768 -0.00261242 0.999991 -0.00198496 0.0 0.0 0.0 1.0
redkitchen/seq-11/color/frame-000024.color.png redkitchen/seq-11/color/frame-000025.color.png 0.999985 0.00198684 0.0050538 -0.0109775 -0.00199221 0.999997 0.00105454 -0.00465045 -0.0050517 -0.00106459 0.999987 -0.00293599 0.0 0.0 0.0 1.0
redkitchen/seq-11/color/frame-000025.color.png redkitchen/seq-11/color/frame-000026.color.png 0.999989 0.00142172 0.0044093 -0.0115041 -0.00142212 0.999999 8.90986e-05 -0.00608743 -0.00440917 -9.5368e-05 0.99999 -0.00187566 0.0 0.0 0.0 1.0
redkitchen/seq-11/color/frame-000026.color.png redkitchen/seq-11/color/frame-000027.color.png 0.999989 0.00318751 0.00344724 -0.0102341 -0.00318088 0.999993 -0.00192922 -0.00498078 -0.00345336 0.00191824 0.999992 -0.00265533 0.0 0.0 0.0 1.0
redkitchen/seq-11/color/frame-000027.color.png redkitchen/seq-11/color/frame-000028.color.png 0.99999 0.00300136 0.00327713 -0.0110044 -0.00299309 0.999992 -0.00252716 -0.00481882 -0.00328468 0.00251732 0.999991 -0.00293779 0.0 0.0 0.0 1.0
redkitchen/seq-11/color/frame-000028.color.png redkitchen/seq-11/color/frame-000029.color.png 1.0 0.000128222 4.8832e-05 -0.000136688 -0.000128209 1.0 6.61527e-05 -0.00015448 -4.88284e-05 -6.61616e-05 1.0 0.000229044 0.0 0.0 0.0 1.0
redkitchen/seq-11/color/frame-000029.color.png redkitchen/seq-11/color/frame-000030.color.png 0.999994 0.000870397 0.00327636 -0.0142602 -0.000861271 0.999996 -0.00279166 -0.00301925 -0.00327877 0.00278882 0.999991 -0.0031914 0.0 0.0 0.0 1.0
redkitchen/seq-11/color/frame-000030.color.png redkitchen/seq-11/color/frame-000031.color.png 0.999992 -0.00396225 0.000185085 -0.0114294 0.00396263 0.99999 -0.00203538 -0.00179659 -0.000177015 0.0020361 0.999998 -0.00124145 0.0 0.0 0.0 1.0
redkitchen/seq-11/color/frame-000031.color.png redkitchen/seq-11/color/frame-000032.color.png 0.999972 -0.00743455 -0.000283558 -0.00563103 0.00743453 0.999972 -7.64413e-05 -0.00250122 0.000284117 7.43307e-05 1.0 -0.00706314 0.0 0.0 0.0 1.0
redkitchen/seq-11/color/frame-000032.color.png redkitchen/seq-11/color/frame-000033.color.png 0.999958 -0.00745519 0.00541174 -0.0110782 0.00745727 0.999972 -0.000364534 0.00135599 -0.00540887 0.000404876 0.999985 -0.00245247 0.0 0.0 0.0 1.0
redkitchen/seq-11/color/frame-000033.color.png redkitchen/seq-11/color/frame-000034.color.png 0.99998 -0.00400883 0.00486644 -0.0142463 0.00399346 0.999987 0.00316487 -0.00635727 -0.00487906 -0.00314537 0.999983 -0.00401692 0.0 0.0 0.0 1.0
redkitchen/seq-11/color/frame-000034.color.png redkitchen/seq-11/color/frame-000035.color.png 0.999981 -0.00611668 0.00109912 -0.0110898 0.00611849 0.99998 -0.0016474 -0.0067779 -0.00108902 0.0016541 0.999998 -0.0035559 0.0 0.0 0.0 1.0
redkitchen/seq-11/color/frame-000035.color.png redkitchen/seq-11/color/frame-000036.color.png 0.999984 -0.0056201 3.59817e-05 -0.00880627 0.00562022 0.999962 -0.00670411 0.00497705 1.71305e-06 0.00670421 0.999978 -0.00422481 0.0 0.0 0.0 1.0
redkitchen/seq-11/color/frame-000036.color.png redkitchen/seq-11/color/frame-000037.color.png 0.999986 -0.00466532 0.00228011 -0.00870021 0.00466248 0.999988 0.00124898 0.00181086 -0.00228591 -0.00123834 0.999996 -0.00431111 0.0 0.0 0.0 1.0
redkitchen/seq-11/color/frame-000037.color.png redkitchen/seq-11/color/frame-000038.color.png 0.99996 -0.00785949 0.00420971 0.00049299 0.00783921 0.999958 0.00481186 -0.00081487 -0.00424737 -0.00477867 0.99998 -0.00850486 0.0 0.0 0.0 1.0
redkitchen/seq-11/color/frame-000038.color.png redkitchen/seq-11/color/frame-000039.color.png 0.999999 -0.00105749 6.80992e-05 -0.000344083 0.00105751 1.0 -0.000243389 0.000875555 -6.78418e-05 0.000243458 1.0 0.00129534 0.0 0.0 0.0 1.0
redkitchen/seq-11/color/frame-000039.color.png redkitchen/seq-11/color/frame-000040.color.png 0.999864 -0.00550023 0.0155525 -0.0128687 0.00539994 0.999964 0.00648277 -0.00636923 -0.0155876 -0.0063979 0.999858 -0.0128733 0.0 0.0 0.0 1.0
redkitchen/seq-11/color/frame-000040.color.png redkitchen/seq-11/color/frame-000041.color.png 0.99992 -0.00263257 0.012398 -0.0171975 0.00261261 0.999995 0.00162621 -0.00540725 -0.0124022 -0.00159369 0.999922 -0.00756984 0.0 0.0 0.0 1.0
redkitchen/seq-11/color/frame-000041.color.png redkitchen/seq-11/color/frame-000042.color.png 0.999991 -0.000881476 0.00419465 -0.0104552 0.000880577 1.0 0.00021603 -0.00103402 -0.00419484 -0.000212334 0.999991 -0.00610028 0.0 0.0 0.0 1.0
redkitchen/seq-11/color/frame-000042.color.png redkitchen/seq-11/color/frame-000043.color.png 0.999991 -0.00216695 0.00359255 -0.00598311 0.00215874 0.999995 0.00228607 0.00346082 -0.0035975 -0.0022783 0.999991 -0.00567037 0.0 0.0 0.0 1.0
redkitchen/seq-11/color/frame-000043.color.png redkitchen/seq-11/color/frame-000044.color.png 0.999943 -0.00851881 0.00641701 0.00171039 0.00846832 0.999933 0.00785418 0.00194956 -0.00648348 -0.0077994 0.999949 -0.00988691 0.0 0.0 0.0 1.0
redkitchen/seq-11/color/frame-000044.color.png redkitchen/seq-11/color/frame-000045.color.png 0.999827 -0.0058193 0.0176713 -0.0134835 0.00560571 0.999911 0.0121125 -0.00825888 -0.0177402 -0.0120114 0.999771 -0.0138121 0.0 0.0 0.0 1.0
redkitchen/seq-11/color/frame-000045.color.png redkitchen/seq-11/color/frame-000046.color.png 0.999925 -0.00202391 0.0120766 -0.0114092 0.00195002 0.999979 0.00612821 -0.007891 -0.0120888 -0.0061042 0.999908 -0.0126814 0.0 0.0 0.0 1.0
redkitchen/seq-11/color/frame-000046.color.png redkitchen/seq-11/color/frame-000047.color.png 0.999969 -0.000490158 0.00785689 -0.00917333 0.000465456 0.999995 0.00314503 -0.00742926 -0.00785838 -0.00314128 0.999964 -0.0106539 0.0 0.0 0.0 1.0
redkitchen/seq-11/color/frame-000047.color.png redkitchen/seq-11/color/frame-000048.color.png 0.99997 0.00448991 0.00629614 -0.00875425 -0.0044829 0.999989 -0.00112794 -0.00647195 -0.00630114 0.00109969 0.99998 -0.00871023 0.0 0.0 0.0 1.0
redkitchen/seq-11/color/frame-000048.color.png redkitchen/seq-11/color/frame-000049.color.png 1.0 4.85936e-05 9.18998e-05 -0.000328392 -4.86156e-05 1.0 0.000226583 -0.000338107 -9.18805e-05 -0.00022659 1.0 -3.31551e-05 0.0 0.0 0.0 1.0
redkitchen/seq-11/color/frame-000049.color.png redkitchen/seq-11/color/frame-000050.color.png 0.999988 0.00282389 0.00411208 -0.00314933 -0.00281527 0.999994 -0.00210256 -0.0034339 -0.00411806 0.00209094 0.999989 -0.011909 0.0 0.0 0.0 1.0
redkitchen/seq-11/color/frame-000050.color.png redkitchen/seq-11/color/frame-000051.color.png 0.999974 0.00190424 0.0069626 -0.0114174 -0.00189607 0.999997 -0.00117979 -0.00693761 -0.0069648 0.00116657 0.999975 -0.00687899 0.0 0.0 0.0 1.0
redkitchen/seq-11/color/frame-000051.color.png redkitchen/seq-11/color/frame-000052.color.png 0.999998 0.00128553 0.00163695 -0.00777921 -0.00127662 0.999985 -0.00543411 -0.00163235 -0.00164392 0.00543201 0.999984 -0.0094285 0.0 0.0 0.0 1.0
redkitchen/seq-11/color/frame-000052.color.png redkitchen/seq-11/color/frame-000053.color.png 0.999991 0.0042689 -0.000252646 -0.00758478 -0.00426955 0.999987 -0.00262445 -0.00550477 0.000241457 0.0026255 0.999997 -0.0069256 0.0 0.0 0.0 1.0
redkitchen/seq-11/color/frame-000053.color.png redkitchen/seq-11/color/frame-000054.color.png 0.999985 0.00462827 -0.0030677 -0.00782248 -0.00464359 0.999977 -0.00500593 -0.00314245 0.00304445 0.0050201 0.999983 -0.00856189 0.0 0.0 0.0 1.0
redkitchen/seq-11/color/frame-000054.color.png redkitchen/seq-11/color/frame-000055.color.png 0.999987 0.0016296 -0.0049196 -0.00643727 -0.00163934 0.999997 -0.00197636 -0.000800282 0.00491633 0.00198439 0.999986 -0.00894411 0.0 0.0 0.0 1.0
redkitchen/seq-11/color/frame-000055.color.png redkitchen/seq-11/color/frame-000056.color.png 0.99999 0.000161941 -0.00445155 -0.00420201 -0.000156552 0.999999 0.00121095 -0.00519767 0.00445177 -0.00121025 0.999989 -0.00972207 0.0 0.0 0.0 1.0
redkitchen/seq-11/color/frame-000056.color.png redkitchen/seq-11/color/frame-000057.color.png 0.999995 -0.00253173 -0.00202444 -0.00108287 0.00252842 0.999995 -0.00163249 0.00237198 0.00202855 0.00162736 0.999997 -0.00892687 0.0 0.0 0.0 1.0
redkitchen/seq-11/color/frame-000057.color.png redkitchen/seq-11/color/frame-000058.color.png 0.999988 -0.00416932 0.00242883 -0.00651386 0.00416198 0.999987 0.00301817 -0.0014144 -0.00244133 -0.00300804 0.999992 -0.0111642 0.0 0.0 0.0 1.0
redkitchen/seq-11/color/frame-000058.color.png redkitchen/seq-11/color/frame-000059.color.png 0.999994 -0.00336521 0.00114508 -0.010951 0.00336426 0.999994 0.000832667 -0.00381877 -0.00114792 -0.000828814 0.999999 -0.00630617 0.0 0.0 0.0 1.0
redkitchen/seq-11/color/frame-000059.color.png redkitchen/seq-11/color/frame-000060.color.png 0.999953 -0.00868599 -0.00421954 -0.0059993 0.00866479 0.99995 -0.00501629 0.000657469 0.00426291 0.0049795 0.999978 -0.0105576 0.0 0.0 0.0 1.0
redkitchen/seq-11/color/frame-000060.color.png redkitchen/seq-11/color/frame-000061.color.png 0.999992 -0.00350855 -0.0020336 -0.00669369 0.00350486 0.999992 -0.00181659 -0.00307536 0.00203997 0.00180945 0.999996 -0.0095387 0.0 0.0 0.0 1.0
redkitchen/seq-11/color/frame-000061.color.png redkitchen/seq-11/color/frame-000062.color.png 0.999998 -0.00151643 -0.00156484 -0.0109624 0.00151358 0.999997 -0.00181975 -0.00538585 0.0015676 0.00181738 0.999997 -0.010367 0.0 0.0 0.0 1.0
redkitchen/seq-11/color/frame-000062.color.png redkitchen/seq-11/color/frame-000063.color.png 0.999971 -0.000969216 -0.00753189 -0.00678864 0.000921815 0.99998 -0.00629475 0.00278793 0.00753782 0.00628763 0.999952 -0.000137746 0.0 0.0 0.0 1.0
redkitchen/seq-11/color/frame-000063.color.png redkitchen/seq-11/color/frame-000064.color.png 0.999955 0.00024738 -0.00944746 -0.00704607 -0.000280354 0.999994 -0.00348973 0.00456476 0.00944654 0.00349222 0.999949 -0.00797132 0.0 0.0 0.0 1.0
redkitchen/seq-11/color/frame-000064.color.png redkitchen/seq-11/color/frame-000065.color.png 0.999946 0.00336391 -0.00983899 -0.00699505 -0.00331958 0.999984 0.0045191 0.000850067 0.00985405 -0.0044862 0.999941 -0.00577968 0.0 0.0 0.0 1.0
redkitchen/seq-11/color/frame-000065.color.png redkitchen/seq-11/color/frame-000066.color.png 0.99994 0.00517986 -0.00962274 -0.0079883 -0.00511011 0.999961 0.00725945 0.000186741 0.00965993 -0.00720984 0.999927 -0.00772542 0.0 0.0 0.0 1.0
redkitchen/seq-11/color/frame-000066.color.png redkitchen/seq-11/color/frame-000067.color.png 0.999938 0.000946204 -0.0111065 -0.00174686 -0.000838106 0.999952 0.00973384 -0.0028716 0.0111152 -0.00972391 0.999891 -0.00768465 0.0 0.0 0.0 1.0
redkitchen/seq-11/color/frame-000067.color.png redkitchen/seq-11/color/frame-000068.color.png 0.999962 -0.00367521 -0.00792321 -0.00786647 0.00372136 0.999976 0.00581676 -0.00174043 0.00790163 -0.00584603 0.999952 -0.00431064 0.0 0.0 0.0 1.0
redkitchen/seq-11/color/frame-000068.color.png redkitchen/seq-11/color/frame-000069.color.png 0.999934 -0.000409829 -0.0115107 -0.00209013 0.000454352 0.999992 0.00386571 -0.00816861 0.011509 -0.00387068 0.999926 -0.00456518 0.0 0.0 0.0 1.0
redkitchen/seq-11/color/frame-000069.color.png redkitchen/seq-11/color/frame-000070.color.png 0.999962 -0.00532906 -0.00683211 0.00371736 0.00531913 0.999985 -0.00147122 -0.00189018 0.00683985 0.00143482 0.999976 -0.0121608 0.0 0.0 0.0 1.0
redkitchen/seq-11/color/frame-000070.color.png redkitchen/seq-11/color/frame-000071.color.png 0.999995 -0.00185743 0.00246334 0.000349045 0.0018615 0.999997 -0.00165373 -0.000149623 -0.00246025 0.00165831 0.999996 -0.0101637 0.0 0.0 0.0 1.0
redkitchen/seq-11/color/frame-000071.color.png redkitchen/seq-11/color/frame-000072.color.png 1.0 -0.000173963 -6.27832e-05 0.000152081 0.000173964 1.0 -9.99875e-05 0.000353172 6.27733e-05 9.99759e-05 1.0 -0.000181139 0.0 0.0 0.0 1.0
redkitchen/seq-11/color/frame-000072.color.png redkitchen/seq-11/color/frame-000073.color.png 0.999986 0.000918593 0.00513399 -0.00255549 -0.000918191 1.0 -8.2449e-05 0.00581756 -0.00513405 7.77315e-05 0.999987 -0.0143577 0.0 0.0 0.0 1.0
redkitchen/seq-11/color/frame-000073.color.png redkitchen/seq-11/color/frame-000074.color.png 0.999978 0.00368672 0.00543441 -0.00566068 -0.00374764 0.99993 0.0112424 -0.00407739 -0.00539258 -0.0112625 0.999922 -0.0123053 0.0 0.0 0.0 1.0
redkitchen/seq-11/color/frame-000074.color.png redkitchen/seq-11/color/frame-000075.color.png 0.999992 0.00412906 0.000212238 -0.00192195 -0.00413027 0.999973 0.00604515 -0.00713196 -0.000187271 -0.00604597 0.999982 -0.00514457 0.0 0.0 0.0 1.0
redkitchen/seq-11/color/frame-000075.color.png redkitchen/seq-11/color/frame-000076.color.png 0.999999 0.0010315 0.000365526 -0.00369942 -0.00103196 0.999999 0.00123863 0.00211632 -0.000364255 -0.00123902 0.999999 -0.0076398 0.0 0.0 0.0 1.0
redkitchen/seq-11/color/frame-000076.color.png redkitchen/seq-11/color/frame-000077.color.png 1.0 -0.000864625 -0.000350555 -0.0173628 0.000866534 0.999985 0.00548207 -0.0115143 0.000345799 -0.00548236 0.999985 0.00413293 0.0 0.0 0.0 1.0
redkitchen/seq-11/color/frame-000077.color.png redkitchen/seq-11/color/frame-000078.color.png 0.999939 -0.000762846 -0.011042 0.00928226 0.000711961 0.999989 -0.00461168 -0.00577347 0.0110454 0.00460353 0.999928 -0.0094038 0.0 0.0 0.0 1.0
redkitchen/seq-11/color/frame-000078.color.png redkitchen/seq-11/color/frame-000079.color.png 0.999994 0.00191915 0.00278685 0.00315344 -0.00191513 0.999997 -0.00144415 0.00403528 -0.00278962 0.00143878 0.999995 -0.00955668 0.0 0.0 0.0 1.0
redkitchen/seq-11/color/frame-000079.color.png redkitchen/seq-11/color/frame-000080.color.png 0.999986 -0.000923943 0.00527384 -0.00992525 0.00090596 0.999994 0.00341138 -0.000254273 -0.00527695 -0.00340654 0.99998 -0.00264612 0.0 0.0 0.0 1.0
redkitchen/seq-11/color/frame-000080.color.png redkitchen/seq-11/color/frame-000081.color.png 1.0 -0.000166448 -0.000147854 0.000356793 0.00016647 1.0 0.000121102 -0.000267208 0.000147854 -0.000121106 1.0 -0.000125527 0.0 0.0 0.0 1.0
redkitchen/seq-11/color/frame-000081.color.png redkitchen/seq-11/color/frame-000082.color.png 0.999998 0.00175861 -5.4667e-05 -0.0165614 -0.00175837 0.99999 0.0041092 -0.00444171 6.18798e-05 -0.00410911 0.999992 0.00233978 0.0 0.0 0.0 1.0
redkitchen/seq-11/color/frame-000082.color.png redkitchen/seq-11/color/frame-000083.color.png 0.999919 0.00539355 -0.0115718 -0.0106363 -0.00538376 0.999985 0.000876762 -0.012448 0.0115763 -0.000814392 0.999933 0.00416777 0.0 0.0 0.0 1.0
redkitchen/seq-11/color/frame-000083.color.png redkitchen/seq-11/color/frame-000084.color.png 0.999889 -0.00047188 -0.0149201 -0.000296474 0.000416855 0.999993 -0.00369099 -0.00180979 0.0149218 0.00368436 0.999882 0.00130668 0.0 0.0 0.0 1.0
redkitchen/seq-11/color/frame-000084.color.png redkitchen/seq-11/color/frame-000085.color.png 0.999973 -2.49013e-06 -0.00742233 -0.00647694 1.07852e-05 0.999999 0.00111749 -0.00645059 0.00742232 -0.00111752 0.999972 0.00205711 0.0 0.0 0.0 1.0
redkitchen/seq-11/color/frame-000085.color.png redkitchen/seq-11/color/frame-000086.color.png 0.999955 0.00541381 -0.00782322 0.0002864 -0.0054105 0.999985 0.000443604 -0.0159499 0.00782549 -0.000401257 0.999969 0.00293231 0.0 0.0 0.0 1.0
redkitchen/seq-11/color/frame-000086.color.png redkitchen/seq-11/color/frame-000087.color.png 0.999963 0.0077024 -0.00381234 0.00457317 -0.00771894 0.999961 -0.00434424 -0.0114152 0.00377873 0.00437349 0.999983 -0.00651118 0.0 0.0 0.0 1.0
redkitchen/seq-11/color/frame-000087.color.png redkitchen/seq-11/color/frame-000088.color.png 0.99998 0.00604249 0.00184408 0.000471175 -0.00603662 0.999977 -0.00317223 -0.0127193 -0.0018632 0.00316103 0.999993 -0.00180632 0.0 0.0 0.0 1.0
redkitchen/seq-11/color/frame-000088.color.png redkitchen/seq-11/color/frame-000089.color.png 0.999979 0.00491323 0.00413078 -0.00689098 -0.00489212 0.999975 -0.00510258 -0.0100305 -0.00415575 0.00508227 0.999978 -0.00294074 0.0 0.0 0.0 1.0
redkitchen/seq-11/color/frame-000089.color.png redkitchen/seq-11/color/frame-000090.color.png 0.999977 0.00673915 0.000334546 -0.0131452 -0.00673711 0.999961 -0.00575846 -0.00527038 -0.000373347 0.00575606 0.999983 0.00376564 0.0 0.0 0.0 1.0
redkitchen/seq-11/color/frame-000090.color.png redkitchen/seq-11/color/frame-000091.color.png 0.999933 0.00393394 -0.0108679 -0.0116695 -0.00394077 0.999992 -0.000606969 -0.0080469 0.0108655 0.000649755 0.999941 0.00303057 0.0 0.0 0.0 1.0
redkitchen/seq-11/color/frame-000091.color.png redkitchen/seq-11/color/frame-000092.color.png 0.999894 0.00454923 -0.0138471 -0.00597602 -0.00450741 0.999985 0.00305003 -0.0116951 0.0138608 -0.00298729 0.9999 0.00361854 0.0 0.0 0.0 1.0
redkitchen/seq-11/color/frame-000092.color.png redkitchen/seq-11/color/frame-000093.color.png 0.999999 -0.000136463 0.00100175 -0.00202471 0.000136494 1.0 -2.67957e-05 3.62396e-05 -0.00100174 2.69233e-05 0.999999 -0.00151792 0.0 0.0 0.0 1.0
redkitchen/seq-11/color/frame-000093.color.png redkitchen/seq-11/color/frame-000094.color.png 0.999851 0.00706444 -0.0157393 -0.00521904 -0.00703154 0.999973 0.00214471 -0.0123979 0.015754 -0.00203372 0.999874 0.0147662 0.0 0.0 0.0 1.0
redkitchen/seq-11/color/frame-000094.color.png redkitchen/seq-11/color/frame-000095.color.png 0.999841 0.0012544 -0.0177631 0.00412893 -0.00127949 0.999998 -0.00140108 -0.00891021 0.0177613 0.00142359 0.999841 0.0148075 0.0 0.0 0.0 1.0
redkitchen/seq-11/color/frame-000095.color.png redkitchen/seq-11/color/frame-000096.color.png 0.999976 -0.00218094 -0.00664389 -0.00744367 0.00216957 0.999996 -0.00171808 -0.0127923 0.00664761 0.00170363 0.999976 0.00636485 0.0 0.0 0.0 1.0
redkitchen/seq-11/color/frame-000096.color.png redkitchen/seq-11/color/frame-000097.color.png 0.999967 0.00190919 -0.00787619 -0.0036518 -0.00193283 0.999994 -0.00299531 -0.00803396 0.00787041 0.00301043 0.999964 0.00229469 0.0 0.0 0.0 1.0
redkitchen/seq-11/color/frame-000097.color.png redkitchen/seq-11/color/frame-000098.color.png 0.999948 0.00518282 -0.00882608 -0.00166643 -0.00518773 0.999986 -0.000533836 -0.010713 0.00882319 0.000579599 0.999961 0.00847045 0.0 0.0 0.0 1.0
redkitchen/seq-11/color/frame-000098.color.png redkitchen/seq-11/color/frame-000099.color.png 0.999963 -0.000746421 -0.0085345 -0.00739771 0.000731219 0.999998 -0.00178568 -0.0101305 0.00853582 0.00177937 0.999962 0.0153075 0.0 0.0 0.0 1.0
redkitchen/seq-11/color/frame-000099.color.png redkitchen/seq-11/color/frame-000100.color.png 0.999937 -0.000689239 -0.0112463 -0.000339806 0.000675905 0.999999 -0.00118849 -0.0120168 0.0112471 0.00118082 0.999936 0.0052585 0.0 0.0 0.0 1.0
redkitchen/seq-11/color/frame-000100.color.png redkitchen/seq-11/color/frame-000101.color.png 0.999944 0.00407929 -0.00972716 0.00558496 -0.00411032 0.999986 -0.00317202 -0.00667143 0.00971409 0.00321182 0.999948 0.0132996 0.0 0.0 0.0 1.0
redkitchen/seq-11/color/frame-000101.color.png redkitchen/seq-11/color/frame-000102.color.png 0.999958 0.00849699 -0.00342263 -0.00137788 -0.00850035 0.999963 -0.000965051 -0.00726947 0.00341432 0.000994099 0.999994 0.00597754 0.0 0.0 0.0 1.0
redkitchen/seq-11/color/frame-000102.color.png redkitchen/seq-11/color/frame-000103.color.png 0.999979 0.00450236 -0.00460464 -0.00434864 -0.00447737 0.999975 0.00542291 -0.00847551 0.00462892 -0.00540218 0.999975 0.00522634 0.0 0.0 0.0 1.0
redkitchen/seq-11/color/frame-000103.color.png redkitchen/seq-11/color/frame-000104.color.png 0.999948 0.00961297 -0.00331479 -0.0177948 -0.00957981 0.999905 0.00987836 -0.0266002 0.00340944 -0.0098461 0.999946 -0.00789502 0.0 0.0 0.0 1.0
redkitchen/seq-11/color/frame-000104.color.png redkitchen/seq-11/color/frame-000105.color.png 0.999784 0.0014508 -0.0207521 0.00377971 -0.00139079 0.999995 0.00290519 -0.00749192 0.0207562 -0.00287569 0.99978 0.00547877 0.0 0.0 0.0 1.0
redkitchen/seq-11/color/frame-000105.color.png redkitchen/seq-11/color/frame-000106.color.png 0.999664 0.0142115 -0.0216758 -0.00917971 -0.0140114 0.999858 0.00935784 -0.0152419 0.0218057 -0.00905099 0.999721 0.015844 0.0 0.0 0.0 1.0
redkitchen/seq-11/color/frame-000106.color.png redkitchen/seq-11/color/frame-000107.color.png 0.999584 0.0157318 -0.0241875 -0.00401944 -0.0155572 0.999852 0.00738955 -0.0176336 0.0243002 -0.00701019 0.99968 0.0236896 0.0 0.0 0.0 1.0
redkitchen/seq-11/color/frame-000107.color.png redkitchen/seq-11/color/frame-000108.color.png 0.999457 0.0194121 -0.0266089 0.00767165 -0.0193099 0.999805 0.00409431 -0.0189182 0.0266832 -0.00357827 0.999638 0.0233848 0.0 0.0 0.0 1.0
redkitchen/seq-11/color/frame-000108.color.png redkitchen/seq-11/color/frame-000109.color.png 0.999636 0.0162841 -0.0215306 0.0138568 -0.016349 0.999862 -0.00284167 -0.00392857 0.0214814 0.00319262 0.999764 0.0287729 0.0 0.0 0.0 1.0
redkitchen/seq-11/color/frame-000109.color.png redkitchen/seq-11/color/frame-000110.color.png 0.999813 0.0142537 -0.0130986 0.00359362 -0.0142154 0.999894 0.0030084 -0.0125284 0.0131401 -0.00282163 0.99991 0.0166171 0.0 0.0 0.0 1.0
redkitchen/seq-11/color/frame-000110.color.png redkitchen/seq-11/color/frame-000111.color.png 0.999818 0.0134628 -0.0135299 -0.00540137 -0.0134093 0.999902 0.00403662 -0.0208017 0.0135829 -0.00385446 0.9999 0.0116816 0.0 0.0 0.0 1.0
redkitchen/seq-11/color/frame-000111.color.png redkitchen/seq-11/color/frame-000112.color.png 0.999766 0.00964946 -0.0193894 -0.0133564 -0.00960986 0.999951 0.00213425 -0.0136071 0.0194091 -0.00194743 0.99981 0.0195051 0.0 0.0 0.0 1.0
redkitchen/seq-11/color/frame-000112.color.png redkitchen/seq-11/color/frame-000113.color.png 0.999346 0.00367702 -0.0359594 0.0160741 -0.00363567 0.999993 0.00121479 -0.00571316 0.0359636 -0.00108325 0.999353 0.0296158 0.0 0.0 0.0 1.0
redkitchen/seq-11/color/frame-000113.color.png redkitchen/seq-11/color/frame-000114.color.png 0.999495 0.00101319 -0.0317638 0.0243877 -0.00104291 0.999999 -0.000918406 0.00874802 0.0317628 0.000951055 0.999495 0.0371308 0.0 0.0 0.0 1.0
redkitchen/seq-11/color/frame-000114.color.png redkitchen/seq-11/color/frame-000115.color.png 0.999831 -0.000381175 -0.0183533 0.0344568 0.000378102 1.0 -0.00017046 0.00292155 0.0183534 0.000163508 0.999832 0.0346865 0.0 0.0 0.0 1.0
redkitchen/seq-11/color/frame-000115.color.png redkitchen/seq-11/color/frame-000116.color.png 0.999999 0.00108942 -0.00124041 0.0440974 -0.00108569 0.999995 0.00297624 -0.0073714 0.00124366 -0.00297489 0.999995 0.000773773 0.0 0.0 0.0 1.0
redkitchen/seq-11/color/frame-000116.color.png redkitchen/seq-11/color/frame-000117.color.png 0.999851 -0.00121955 0.0172179 0.0120908 0.00117633 0.999996 0.00251898 0.000245273 -0.0172208 -0.00249835 0.999849 0.00560758 0.0 0.0 0.0 1.0
redkitchen/seq-11/color/frame-000117.color.png redkitchen/seq-11/color/frame-000118.color.png 0.999782 0.00124684 0.0208257 -0.0129491 -0.00131378 0.999994 0.00320272 -0.00629887 -0.0208216 -0.00322938 0.999778 -0.00655827 0.0 0.0 0.0 1.0
redkitchen/seq-11/color/frame-000118.color.png redkitchen/seq-11/color/frame-000119.color.png 0.99999 -0.000138828 0.00454291 0.00149667 0.000130097 0.999998 0.00192055 8.63075e-05 -0.00454318 -0.00191994 0.999988 0.00830586 0.0 0.0 0.0 1.0
redkitchen/seq-11/color/frame-000119.color.png redkitchen/seq-11/color/frame-000120.color.png 0.99999 -0.00411477 -0.00194739 0.00266984 0.00411914 0.999989 0.00224961 -0.00210297 0.00193809 -0.00225761 0.999996 0.0225587 0.0 0.0 0.0 1.0
redkitchen/seq-11/color/frame-000120.color.png redkitchen/seq-11/color/frame-000121.color.png 0.999946 -0.00348708 -0.00983895 0.0173064 0.00349339 0.999994 0.000626815 -0.0123658 0.00983677 -0.000661167 0.999951 0.00752978 0.0 0.0 0.0 1.0
redkitchen/seq-11/color/frame-000121.color.png redkitchen/seq-11/color/frame-000122.color.png 0.999996 -0.00234425 -0.00137218 0.0194549 0.00233901 0.99999 -0.003833 -0.00778073 0.00138107 0.00382976 0.999992 0.00941819 0.0 0.0 0.0 1.0
redkitchen/seq-11/color/frame-000122.color.png redkitchen/seq-11/color/frame-000123.color.png 0.999993 -0.00269943 0.00254218 0.0225225 0.00272196 0.999956 -0.00891143 0.00317717 -0.00251811 0.00891832 0.999957 0.018255 0.0 0.0 0.0 1.0
redkitchen/seq-11/color/frame-000123.color.png redkitchen/seq-11/color/frame-000124.color.png 0.999989 0.00253841 0.00392968 0.0112233 -0.00252683 0.999992 -0.00294452 -0.00562593 -0.00393711 0.00293455 0.999988 0.00783724 0.0 0.0 0.0 1.0
redkitchen/seq-11/color/frame-000124.color.png redkitchen/seq-11/color/frame-000125.color.png 0.999919 0.0125099 0.00240131 0.00122622 -0.0125044 0.999919 -0.00229345 -0.0145743 -0.00242979 0.00226324 0.999994 0.00184295 0.0 0.0 0.0 1.0
redkitchen/seq-11/color/frame-000125.color.png redkitchen/seq-11/color/frame-000126.color.png 0.999855 0.00949583 -0.0141297 0.0230853 -0.0096067 0.999923 -0.00779562 -0.000986725 0.0140546 0.00793022 0.99987 0.0211292 0.0 0.0 0.0 1.0
redkitchen/seq-11/color/frame-000126.color.png redkitchen/seq-11/color/frame-000127.color.png 0.999923 0.00777293 -0.00970578 0.0294266 -0.00779503 0.999967 -0.002246 -0.00052923 0.00968792 0.00232147 0.99995 0.0165169 0.0 0.0 0.0 1.0
redkitchen/seq-11/color/frame-000127.color.png redkitchen/seq-11/color/frame-000128.color.png 0.999972 0.00748649 0.000268912 0.0238636 -0.00748709 0.999969 0.00235295 -0.0108186 -0.000251233 -0.0023549 0.999997 0.00880604 0.0 0.0 0.0 1.0
redkitchen/seq-11/color/frame-000128.color.png redkitchen/seq-11/color/frame-000129.color.png 0.999856 0.0127607 0.0111775 -0.00746498 -0.0126976 0.999903 -0.00569578 -0.0145211 -0.0112491 0.00555304 0.999921 0.00442244 0.0 0.0 0.0 1.0
redkitchen/seq-11/color/frame-000129.color.png redkitchen/seq-11/color/frame-000130.color.png 0.999963 0.00557479 -0.00660526 0.0114064 -0.00562446 0.999956 -0.00752052 0.00336498 0.00656306 0.00755738 0.99995 0.00996747 0.0 0.0 0.0 1.0
redkitchen/seq-11/color/frame-000130.color.png redkitchen/seq-11/color/frame-000131.color.png 0.999913 0.00552805 -0.011993 0.0146362 -0.00554857 0.999983 -0.00167532 0.00125477 0.0119836 0.00174174 0.999927 0.0169742 0.0 0.0 0.0 1.0
redkitchen/seq-11/color/frame-000131.color.png redkitchen/seq-11/color/frame-000132.color.png 0.999933 0.00319801 -0.0110795 0.0159291 -0.00319766 0.999995 4.82783e-05 -0.00126281 0.0110796 -1.28374e-05 0.999939 0.011068 0.0 0.0 0.0 1.0
redkitchen/seq-11/color/frame-000132.color.png redkitchen/seq-11/color/frame-000133.color.png 0.999854 0.00902455 -0.014503 0.0339842 -0.00906903 0.999954 -0.00300646 0.00513193 0.0144752 0.00313756 0.99989 0.0290189 0.0 0.0 0.0 1.0
redkitchen/seq-11/color/frame-000133.color.png redkitchen/seq-11/color/frame-000134.color.png 0.999996 -0.0024431 -0.0016477 0.0100829 0.00245144 0.999984 0.0051065 0.00241089 0.00163521 -0.00511052 0.999986 0.00544855 0.0 0.0 0.0 1.0
redkitchen/seq-11/color/frame-000134.color.png redkitchen/seq-11/color/frame-000135.color.png 0.99999 -0.0044923 -7.24983e-05 -0.00166787 0.00449284 0.999934 0.0105307 -0.00803104 2.51462e-05 -0.0105309 0.999945 0.002601 0.0 0.0 0.0 1.0
redkitchen/seq-11/color/frame-000135.color.png redkitchen/seq-11/color/frame-000136.color.png 0.999919 -0.00490099 -0.0117221 0.017067 0.00492323 0.999986 0.00186676 0.0100159 0.0117129 -0.00192434 0.999929 0.0174407 0.0 0.0 0.0 1.0
redkitchen/seq-11/color/frame-000136.color.png redkitchen/seq-11/color/frame-000137.color.png 0.999982 0.00334273 -0.00495523 0.0201751 -0.00329808 0.999954 0.00899465 -0.0121925 0.00498497 -0.00897815 0.999947 0.00275667 0.0 0.0 0.0 1.0
redkitchen/seq-11/color/frame-000137.color.png redkitchen/seq-11/color/frame-000138.color.png 0.999979 -0.0024978 0.00602393 0.0132051 0.00250068 0.999997 -0.000472727 -0.00904167 -0.00602265 0.000487794 0.999982 0.0176434 0.0 0.0 0.0 1.0
redkitchen/seq-11/color/frame-000138.color.png redkitchen/seq-11/color/frame-000139.color.png 0.999996 -0.00279065 -0.000911002 0.00243229 0.00278977 0.999996 -0.00101466 -0.00479311 0.000913671 0.00101216 0.999999 0.00621842 0.0 0.0 0.0 1.0
redkitchen/seq-11/color/frame-000139.color.png redkitchen/seq-11/color/frame-000140.color.png 0.999947 -0.00631683 -0.00813983 0.0119579 0.00630194 0.999978 -0.00184902 0.00430793 0.00815143 0.00179758 0.999965 0.00837079 0.0 0.0 0.0 1.0
redkitchen/seq-11/color/frame-000140.color.png redkitchen/seq-11/color/frame-000141.color.png 0.999952 -0.00481795 -0.0085749 0.0198917 0.00482662 0.999988 0.000989922 0.00357473 0.00857003 -0.00103126 0.999963 0.015134 0.0 0.0 0.0 1.0
redkitchen/seq-11/color/frame-000141.color.png redkitchen/seq-11/color/frame-000142.color.png 0.999999 0.000164443 -0.00176268 0.0202722 -0.000160872 0.999998 0.0020368 -0.00110817 0.00176295 -0.00203648 0.999996 0.0134621 0.0 0.0 0.0 1.0
redkitchen/seq-11/color/frame-000142.color.png redkitchen/seq-11/color/frame-000143.color.png 0.999836 0.00420602 0.017601 0.0166036 -0.00421439 0.999991 0.000439009 -0.00884587 -0.0175989 -0.000513148 0.999845 0.0127244 0.0 0.0 0.0 1.0
redkitchen/seq-11/color/frame-000143.color.png redkitchen/seq-11/color/frame-000144.color.png 0.999983 -0.00328811 0.00475977 0.00155869 0.00327091 0.999988 0.00362405 -0.0144175 -0.00477167 -0.00360843 0.999982 0.0025105 0.0 0.0 0.0 1.0
redkitchen/seq-11/color/frame-000144.color.png redkitchen/seq-11/color/frame-000145.color.png 0.999971 -0.00486708 -0.00581886 0.00760699 0.0048421 0.999979 -0.00429026 -0.00345284 0.00583955 0.004262 0.999974 0.0123254 0.0 0.0 0.0 1.0
redkitchen/seq-11/color/frame-000145.color.png redkitchen/seq-11/color/frame-000146.color.png 0.999937 -0.00597842 -0.00950226 0.0215018 0.00591889 0.999963 -0.00628221 0.0065167 0.00953947 0.00622555 0.999935 0.0128468 0.0 0.0 0.0 1.0
redkitchen/seq-11/color/frame-000146.color.png redkitchen/seq-11/color/frame-000147.color.png 0.999985 -0.00451174 -0.00307291 0.0258419 0.00451462 0.999989 0.0009227 -0.00546122 0.0030687 -0.000936569 0.999995 0.00892735 0.0 0.0 0.0 1.0
redkitchen/seq-11/color/frame-000147.color.png redkitchen/seq-11/color/frame-000148.color.png 0.999958 -0.00366361 0.00835865 0.0277473 0.00365804 0.999993 0.000671988 -0.00328434 -0.00836101 -0.000641368 0.999965 0.00596133 0.0 0.0 0.0 1.0
redkitchen/seq-11/color/frame-000148.color.png redkitchen/seq-11/color/frame-000149.color.png 0.999851 0.00525906 0.0164611 0.018547 -0.00530413 0.999982 0.00269696 -0.00730371 -0.0164468 -0.00278388 0.999861 0.00776888 0.0 0.0 0.0 1.0
redkitchen/seq-11/color/frame-000149.color.png redkitchen/seq-11/color/frame-000150.color.png 0.999656 0.0120232 0.0232952 -0.0152557 -0.0118309 0.999895 -0.00837505 -0.0154219 -0.0233934 0.00809656 0.999694 0.0130132 0.0 0.0 0.0 1.0
redkitchen/seq-11/color/frame-000150.color.png redkitchen/seq-11/color/frame-000151.color.png 0.999944 -0.00246703 -0.0102994 0.0158941 0.00243739 0.999993 -0.00288855 -0.00424641 0.0103065 0.00286328 0.999943 0.00897399 0.0 0.0 0.0 1.0
redkitchen/seq-11/color/frame-000151.color.png redkitchen/seq-11/color/frame-000152.color.png 0.999966 -0.00408777 -0.00710443 0.022826 0.00405686 0.999982 -0.00435871 0.00101066 0.00712214 0.00432975 0.999965 0.01424 0.0 0.0 0.0 1.0
redkitchen/seq-11/color/frame-000152.color.png redkitchen/seq-11/color/frame-000153.color.png 0.999985 0.00501681 0.00207656 0.0294184 -0.00500056 0.999958 -0.00774761 -0.0107117 -0.00211535 0.00773712 0.999968 0.0158751 0.0 0.0 0.0 1.0
redkitchen/seq-11/color/frame-000153.color.png redkitchen/seq-11/color/frame-000154.color.png 0.999905 0.00371975 0.0132842 -0.000551209 -0.00361039 0.999959 -0.00824854 -0.00684571 -0.0133143 0.00819978 0.999878 0.00124981 0.0 0.0 0.0 1.0
redkitchen/seq-11/color/frame-000154.color.png redkitchen/seq-11/color/frame-000155.color.png 0.999962 -0.0076262 0.004181 -0.00297098 0.00765513 0.999947 -0.00693159 0.00865883 -0.00412797 0.00696335 0.999967 0.00274526 0.0 0.0 0.0 1.0
redkitchen/seq-11/color/frame-000155.color.png redkitchen/seq-11/color/frame-000156.color.png 0.999973 -0.00468281 -0.00564947 0.0144637 0.00467744 0.999989 -0.000961775 0.0038895 0.00565381 0.000935349 0.999984 0.00909638 0.0 0.0 0.0 1.0
redkitchen/seq-11/color/frame-000156.color.png redkitchen/seq-11/color/frame-000157.color.png 0.999991 -0.00343209 -0.00251044 0.0161824 0.00344137 0.999987 0.00369194 -0.00878215 0.0024978 -0.00370057 0.99999 0.00173728 0.0 0.0 0.0 1.0
redkitchen/seq-11/color/frame-000157.color.png redkitchen/seq-11/color/frame-000158.color.png 0.999972 -0.00744222 -0.000611618 0.0198355 0.00744307 0.999971 0.00137977 0.00330758 0.000601337 -0.00138427 0.999999 0.012526 0.0 0.0 0.0 1.0
redkitchen/seq-11/color/frame-000158.color.png redkitchen/seq-11/color/frame-000159.color.png 0.99996 -0.00678893 0.00577911 0.0207213 0.00674805 0.999952 0.00705193 -0.00953251 -0.00582667 -0.00701267 0.999958 0.00486422 0.0 0.0 0.0 1.0
redkitchen/seq-11/color/frame-000159.color.png redkitchen/seq-11/color/frame-000160.color.png 0.999911 -0.00432506 0.0125929 0.011583 0.00429505 0.999988 0.00241074 -0.00651437 -0.0126031 -0.00235643 0.999918 0.00605945 0.0 0.0 0.0 1.0
redkitchen/seq-11/color/frame-000160.color.png redkitchen/seq-11/color/frame-000161.color.png 0.999833 -0.00706854 0.0168668 -0.0057617 0.00709081 0.999974 -0.00126114 0.0022167 -0.0168574 0.00138051 0.999857 0.00846423 0.0 0.0 0.0 1.0
redkitchen/seq-11/color/frame-000161.color.png redkitchen/seq-11/color/frame-000162.color.png 0.999935 -0.00812527 0.00801395 -0.000875771 0.00812238 0.999967 0.000390765 0.00518173 -0.00801687 -0.000325636 0.999968 0.00799283 0.0 0.0 0.0 1.0
redkitchen/seq-11/color/frame-000162.color.png redkitchen/seq-11/color/frame-000163.color.png 0.999978 -0.00615256 0.00235903 0.0110616 0.00614463 0.999976 0.00337745 0.00229394 -0.00237979 -0.00336287 0.999992 0.000245169 0.0 0.0 0.0 1.0
redkitchen/seq-11/color/frame-000163.color.png redkitchen/seq-11/color/frame-000164.color.png 0.999868 -0.010986 0.0119884 0.032264 0.0108089 0.999833 0.0147352 -0.00609446 -0.0121483 -0.0146037 0.99982 0.0158989 0.0 0.0 0.0 1.0
redkitchen/seq-11/color/frame-000164.color.png redkitchen/seq-11/color/frame-000165.color.png 0.999934 -0.00130674 0.0114326 0.0134659 0.00122956 0.999976 0.00675597 -0.00815111 -0.0114412 -0.00674145 0.999912 -0.00453576 0.0 0.0 0.0 1.0
redkitchen/seq-11/color/frame-000165.color.png redkitchen/seq-11/color/frame-000166.color.png 0.999948 -0.00242614 0.00992171 -0.000267357 0.00240624 0.999995 0.00201707 0.00360596 -0.00992651 -0.0019931 0.999949 0.00483273 0.0 0.0 0.0 1.0
redkitchen/seq-11/color/frame-000166.color.png redkitchen/seq-11/color/frame-000167.color.png 0.999998 -0.00190232 0.000201024 0.0122196 0.00190171 0.999994 0.00302954 0.00401527 -0.000206831 -0.00302915 0.999995 0.00153063 0.0 0.0 0.0 1.0
