redkitchen/seq-11/color/frame-000000.color.png redkitchen/seq-11/color/frame-000002.color.png 0.999998 0.00189729 -0.00103384 -0.000204731 -0.0018954 0.999997 0.00182448 0.00127483 0.0010373 -0.00182251 0.999998 -0.00121433 0.0 0.0 0.0 1.0
redkitchen/seq-11/color/frame-000001.color.png redkitchen/seq-11/color/frame-000003.color.png 0.999996 0.00273444 0.000242488 -0.00233788 -0.00273537 0.999989 0.00392492 -0.00200314 -0.000231753 -0.00392557 0.999992 0.0010148 0.0 0.0 0.0 1.0
redkitchen/seq-11/color/frame-000002.color.png redkitchen/seq-11/color/frame-000004.color.png 0.999999 0.000870674 -0.000516791 -0.00328013 -0.000869705 0.999998 0.0018718 -0.00233495 0.000518419 -0.00187135 0.999998 0.000694351 0.0 0.0 0.0 1.0
redkitchen/seq-11/color/frame-000003.color.png redkitchen/seq-11/color/frame-000005.color.png 0.999997 -0.0016864 -0.0018131 -0.00137903 0.00168561 0.999998 -0.000440912 -0.0020258 0.00181384 0.000437856 0.999998 -0.000869075 0.0 0.0 0.0 1.0
redkitchen/seq-11/color/frame-000004.color.png redkitchen/seq-11/color/frame-000006.color.png 0.999995 -0.00313696 0.000808323 -0.00358363 0.00313895 0.999992 -0.0024755 -0.00366658 -0.000800551 0.00247802 0.999997 -0.000138401 0.0 0.0 0.0 1.0
redkitchen/seq-11/color/frame-000005.color.png redkitchen/seq-11/color/frame-000007.color.png 0.999996 -0.00251396 0.00136139 -0.00459215 0.00252175 0.99998 -0.00575555 -0.000124981 -0.00134689 0.00575896 0.999982 -0.00170403 0.0 0.0 0.0 1.0
redkitchen/seq-11/color/frame-000006.color.png redkitchen/seq-11/color/frame-000008.color.png 0.999999 0.00160719 0.000394211 -0.00244967 -0.00160564 0.999991 -0.00391441 0.00309549 -0.000400499 0.00391377 0.999992 -0.00267714 0.0 0.0 0.0 1.0
redkitchen/seq-11/color/frame-000007.color.png redkitchen/seq-11/color/frame-000009.color.png 0.999991 0.00293788 0.00297626 -0.00293538 -0.00294495 0.999993 0.00237379 1.27642e-05 -0.00296927 -0.00238254 0.999993 -0.00275136 0.0 0.0 0.0 1.0
redkitchen/seq-11/color/frame-000008.color.png redkitchen/seq-11/color/frame-000010.color.png 0.999984 0.00233442 0.0050603 -0.0076455 -0.00235893 0.999985 0.00484182 -0.00295106 -0.00504893 -0.00485368 0.999975 -0.00204419 0.0 0.0 0.0 1.0
redkitchen/seq-11/color/frame-000009.color.png redkitchen/seq-11/color/frame-000011.color.png 0.999981 0.00483966 0.00389984 -0.0122305 -0.00485173 0.999983 0.00309035 -0.00355258 -0.00388482 -0.00310922 0.999988 -0.000313703 0.0 0.0 0.0 1.0
redkitchen/seq-11/color/frame-000010.color.png redkitchen/seq-11/color/frame-000012.color.png 0.999989 0.00461322 0.000107722 -0.0105108 -0.00461334 0.999989 0.00114143 -0.00372498 -0.000102454 -0.00114192 0.999999 -0.000632803 0.0 0.0 0.0 1.0
redkitchen/seq-11/color/frame-000011.color.png redkitchen/seq-11/color/frame-000013.color.png 0.999985 0.00543322 -0.000728474 -0.0109989 -0.00543348 0.999985 -0.000351973 -0.00387637 0.000726551 0.000355925 1.0 2.68789e-05 0.0 0.0 0.0 1.0
redkitchen/seq-11/color/frame-000012.color.png redkitchen/seq-11/color/frame-000014.color.png 0.999959 0.00895278 -0.00151047 -0.0109832 -0.00895376 0.99996 -0.000636658 -0.00280419 0.00150471 0.000650156 0.999999 -0.00104455 0.0 0.0 0.0 1.0
redkitchen/seq-11/color/frame-000013.color.png redkitchen/seq-11/color/frame-000015.color.png 0.999954 0.0095574 -0.0012275 -0.0064252 -0.00955564 0.999953 0.00143231 -0.00421429 0.00124113 -0.00142052 0.999998 -0.00566194 0.0 0.0 0.0 1.0
redkitchen/seq-11/color/frame-000014.color.png redkitchen/seq-11/color/frame-000016.color.png 0.99997 0.00638932 0.00444315 -0.0108696 -0.00639915 0.999977 0.00220392 -0.00502084 -0.00442897 -0.00223228 0.999988 -0.00275139 0.0 0.0 0.0 1.0
redkitchen/seq-11/color/frame-000015.color.png redkitchen/seq-11/color/frame-000017.color.png 0.99997 0.00392968 0.00674034 -0.0159496 -0.00394197 0.999991 0.00181042 -0.00525241 -0.00673317 -0.00183693 0.999976 -0.000846199 0.0 0.0 0.0 1.0
redkitchen/seq-11/color/frame-000016.color.png redkitchen/seq-11/color/frame-000018.color.png 0.999968 0.00560209 0.00573362 -0.0152493 -0.00560644 0.999984 0.000741437 -0.00746604 -0.00572938 -0.000773559 0.999983 -0.00288585 0.0 0.0 0.0 1.0
redkitchen/seq-11/color/frame-000017.color.png redkitchen/seq-11/color/frame-000019.color.png 0.999947 0.00843458 0.00596608 -0.0138915 -0.00843634 0.999964 0.00026975 -0.00732483 -0.0059636 -0.000320068 0.999982 -0.00533265 0.0 0.0 0.0 1.0
redkitchen/seq-11/color/frame-000018.color.png redkitchen/seq-11/color/frame-000020.color.png 0.999968 0.0045894 0.00654526 -0.0123755 -0.004598 0.999989 0.00130071 -0.00328555 -0.00653922 -0.00133077 0.999978 -0.00882952 0.0 0.0 0.0 1.0
redkitchen/seq-11/color/frame-000019.color.png redkitchen/seq-11/color/frame-000021.color.png 0.999954 0.00141862 0.00945521 -0.0170584 -0.00146817 0.999985 0.00523592 -0.00298455 -0.00944764 -0.00524956 0.999942 -0.005734 0.0 0.0 0.0 1.0
redkitchen/seq-11/color/frame-000020.color.png redkitchen/seq-11/color/frame-000022.color.png 0.999984 0.000358309 0.00571325 -0.0106668 -0.000382388 0.999991 0.00421496 -0.00281202 -0.00571168 -0.00421707 0.999975 -0.00195674 0.0 0.0 0.0 1.0
redkitchen/seq-11/color/frame-000021.color.png redkitchen/seq-11/color/frame-000023.color.png 0.999989 0.00160786 0.00437942 -0.011144 -0.00162844 0.999988 0.00470307 -0.00522334 -0.00437181 -0.00471015 0.999979 -0.00131154 0.0 0.0 0.0 1.0
redkitchen/seq-11/color/frame-000022.color.png redkitchen/seq-11/color/frame-000024.color.png 0.999937 0.00483192 0.0101665 -0.0251621 -0.00490805 0.99996 0.00747541 -0.0113092 -0.0101299 -0.00752484 0.99992 -0.00151169 0.0 0.0 0.0 1.0
redkitchen/seq-11/color/frame-000023.color.png redkitchen/seq-11/color/frame-000025.color.png 0.999955 0.00343211 0.00881692 -0.0210505 -0.00346157 0.999988 0.00332792 -0.0101545 -0.00880539 -0.00335829 0.999956 -0.00544765 0.0 0.0 0.0 1.0
redkitchen/seq-11/color/frame-000024.color.png redkitchen/seq-11/color/frame-000026.color.png 0.99996 0.00270188 0.00851582 -0.0210123 -0.00271302 0.999996 0.00129828 -0.0112624 -0.00851227 -0.00132132 0.999963 -0.0058282 0.0 0.0 0.0 1.0
redkitchen/seq-11/color/frame-000025.color.png redkitchen/seq-11/color/frame-000027.color.png 0.999965 0.00420143 0.00727844 -0.0207158 -0.00418857 0.99999 -0.00178109 -0.0105846 -0.00728584 0.00175054 0.999972 -0.00516146 0.0 0.0 0.0 1.0
redkitchen/seq-11/color/frame-000026.color.png redkitchen/seq-11/color/frame-000028.color.png 0.999944 0.00732428 0.0076123 -0.0222017 -0.00729622 0.999966 -0.00370765 -0.0109917 -0.00763921 0.00365189 0.999964 -0.00637252 0.0 0.0 0.0 1.0
redkitchen/seq-11/color/frame-000027.color.png redkitchen/seq-11/color/frame-000029.color.png 0.999988 0.00330654 0.00346845 -0.010775 -0.00329998 0.999993 -0.00189536 -0.006016 -0.00347471 0.00188389 0.999992 -0.00294188 0.0 0.0 0.0 1.0
redkitchen/seq-11/color/frame-000028.color.png redkitchen/seq-11/color/frame-000030.color.png 0.999994 0.000880246 0.00342675 -0.0146608 -0.000867157 0.999992 -0.00381906 -0.00112053 -0.00343008 0.00381607 0.999987 0.000375412 0.0 0.0 0.0 1.0
redkitchen/seq-11/color/frame-000029.color.png redkitchen/seq-11/color/frame-000031.color.png 0.999988 -0.00288639 0.0038881 -0.0274405 0.00290675 0.999982 -0.00524038 -0.0038296 -0.0038729 0.00525162 0.999979 -0.00338653 0.0 0.0 0.0 1.0
redkitchen/seq-11/color/frame-000030.color.png redkitchen/seq-11/color/frame-000032.color.png 0.999928 -0.0119373 -0.00101851 -0.015108 0.011935 0.999926 -0.00218063 -0.00424649 0.00104447 0.00216831 0.999997 -0.00947877 0.0 0.0 0.0 1.0
redkitchen/seq-11/color/frame-000031.color.png redkitchen/seq-11/color/frame-000033.color.png 0.999883 -0.0145225 0.004705 -0.0153404 0.0145253 0.999894 -0.000573352 -0.00133716 -0.00469617 0.000641627 0.999989 -0.00875764 0.0 0.0 0.0 1.0
redkitchen/seq-11/color/frame-000032.color.png redkitchen/seq-11/color/frame-000034.color.png 0.999888 -0.0110046 0.0101416 -0.0246674 0.0109688 0.999933 0.00357554 -0.0065262 -0.0101803 -0.0034639 0.999942 -0.00732571 0.0 0.0 0.0 1.0
redkitchen/seq-11/color/frame-000033.color.png redkitchen/seq-11/color/frame-000035.color.png 0.999928 -0.0106297 0.00565028 -0.0256181 0.0106185 0.999941 0.00200825 -0.0141838 -0.00567132 -0.00194811 0.999982 -0.0105437 0.0 0.0 0.0 1.0
redkitchen/seq-11/color/frame-000034.color.png redkitchen/seq-11/color/frame-000036.color.png 0.999936 -0.0109374 0.00304575 -0.0243698 0.01096 0.999912 -0.00751217 -0.00339929 -0.00296329 0.00754507 0.999967 -0.0092902 0.0 0.0 0.0 1.0
redkitchen/seq-11/color/frame-000035.color.png redkitchen/seq-11/color/frame-000037.color.png 0.999944 -0.0104813 0.00109492 -0.014925 0.0104869 0.999932 -0.0052071 0.00703829 -0.00104027 0.00521829 0.999986 -0.0126856 0.0 0.0 0.0 1.0
redkitchen/seq-11/color/frame-000036.color.png redkitchen/seq-11/color/frame-000038.color.png 0.999903 -0.0129399 0.00516626 -0.00601044 0.0129126 0.999903 0.00527383 0.00275439 -0.00523401 -0.00520661 0.999973 -0.0126932 0.0 0.0 0.0 1.0
redkitchen/seq-11/color/frame-000037.color.png redkitchen/seq-11/color/frame-000039.color.png 0.999959 -0.00660732 0.00624413 -0.00319545 0.0065713 0.999962 0.00577342 -0.00282095 -0.00628202 -0.00573214 0.999964 -0.00668877 0.0 0.0 0.0 1.0
redkitchen/seq-11/color/frame-000038.color.png redkitchen/seq-11/color/frame-000040.color.png 0.999863 -0.00660289 0.0152061 -0.0127952 0.00650735 0.999959 0.00632455 -0.00618351 -0.0152472 -0.00622473 0.999864 -0.0101537 0.0 0.0 0.0 1.0
redkitchen/seq-11/color/frame-000039.color.png redkitchen/seq-11/color/frame-000041.color.png 0.999529 -0.0097463 0.0290914 -0.0327492 0.0095149 0.999922 0.00808204 -0.0114306 -0.0291679 -0.00780143 0.999544 -0.0170964 0.0 0.0 0.0 1.0
redkitchen/seq-11/color/frame-000040.color.png redkitchen/seq-11/color/frame-000042.color.png 0.999846 -0.00373317 0.0171337 -0.0280124 0.00369107 0.99999 0.00248801 -0.00747056 -0.0171428 -0.00242438 0.99985 -0.0181529 0.0 0.0 0.0 1.0
redkitchen/seq-11/color/frame-000041.color.png redkitchen/seq-11/color/frame-000043.color.png 0.999973 -0.00273722 0.00675708 -0.0139893 0.002728 0.999995 0.00137359 0.00428221 -0.00676079 -0.00135513 0.999976 -0.0117812 0.0 0.0 0.0 1.0
redkitchen/seq-11/color/frame-000042.color.png redkitchen/seq-11/color/frame-000044.color.png 0.999923 -0.00961483 0.00783587 -0.00149107 0.00955517 0.999925 0.00761627 0.0086404 -0.00790848 -0.00754081 0.99994 -0.0116104 0.0 0.0 0.0 1.0
redkitchen/seq-11/color/frame-000043.color.png redkitchen/seq-11/color/frame-000045.color.png 0.9996 -0.0118237 0.0256799 -0.0129859 0.0113206 0.999743 0.0196525 -0.00599759 -0.0259057 -0.0193539 0.999477 -0.0185191 0.0 0.0 0.0 1.0
redkitchen/seq-11/color/frame-000044.color.png redkitchen/seq-11/color/frame-000046.color.png 0.99951 -0.00855603 0.0301001 -0.024527 0.00794424 0.999761 0.0203866 -0.0186607 -0.0302673 -0.0201375 0.999339 -0.0312267 0.0 0.0 0.0 1.0
redkitchen/seq-11/color/frame-000045.color.png redkitchen/seq-11/color/frame-000047.color.png 0.999832 -0.00452326 0.0177684 -0.017247 0.00437623 0.999956 0.00830526 -0.013421 -0.0178052 -0.00822612 0.999808 -0.0247932 0.0 0.0 0.0 1.0
redkitchen/seq-11/color/frame-000046.color.png redkitchen/seq-11/color/frame-000048.color.png 0.999874 0.00341686 0.0155038 -0.0206396 -0.00345472 0.999991 0.00241549 -0.0151324 -0.0154954 -0.00246874 0.999877 -0.0186784 0.0 0.0 0.0 1.0
redkitchen/seq-11/color/frame-000047.color.png redkitchen/seq-11/color/frame-000049.color.png 0.999971 0.00397106 0.00649172 -0.00987858 -0.00396871 0.999992 -0.000374821 -0.00797645 -0.00649313 0.000349053 0.999979 -0.00945106 0.0 0.0 0.0 1.0
redkitchen/seq-11/color/frame-000048.color.png redkitchen/seq-11/color/frame-000050.color.png 0.999982 0.00356391 0.00482534 -0.00511101 -0.00355275 0.999991 -0.00231887 -0.00300179 -0.00483355 0.00230168 0.999986 -0.00900558 0.0 0.0 0.0 1.0
redkitchen/seq-11/color/frame-000049.color.png redkitchen/seq-11/color/frame-000051.color.png 0.999931 0.00447478 0.0108593 -0.0137668 -0.00444542 0.999986 -0.00272616 -0.011372 -0.0108714 0.0026777 0.999937 -0.0201865 0.0 0.0 0.0 1.0
redkitchen/seq-11/color/frame-000050.color.png redkitchen/seq-11/color/frame-000052.color.png 0.999963 0.002971 0.00813793 -0.0174514 -0.00292264 0.999978 -0.00594773 -0.0100203 -0.00815546 0.00592372 0.999949 -0.0182834 0.0 0.0 0.0 1.0
redkitchen/seq-11/color/frame-000051.color.png redkitchen/seq-11/color/frame-000053.color.png 0.999975 0.0065317 0.00277993 -0.0176398 -0.00650999 0.999949 -0.00774892 -0.00776264 -0.00283043 0.00773063 0.999966 -0.0144394 0.0 0.0 0.0 1.0
redkitchen/seq-11/color/frame-000052.color.png redkitchen/seq-11/color/frame-000054.color.png 0.999966 0.00735938 -0.00361137 -0.0150937 -0.00738573 0.999946 -0.00733869 -0.00897135 0.00355718 0.00736511 0.999967 -0.0188537 0.0 0.0 0.0 1.0
redkitchen/seq-11/color/frame-000053.color.png redkitchen/seq-11/color/frame-000055.color.png 0.999946 0.0063169 -0.00825649 -0.0132552 -0.00638075 0.99995 -0.00772944 -0.00184619 0.00820729 0.00778171 0.999936 -0.0141704 0.0 0.0 0.0 1.0
redkitchen/seq-11/color/frame-000054.color.png redkitchen/seq-11/color/frame-000056.color.png 0.99995 0.00232606 -0.0096821 -0.00988024 -0.0023328 0.999997 -0.000684887 -0.00592038 0.00968046 0.00070744 0.999953 -0.0171928 0.0 0.0 0.0 1.0
redkitchen/seq-11/color/frame-000055.color.png redkitchen/seq-11/color/frame-000057.color.png 0.999969 -0.003104 -0.00718768 -0.00532922 0.00310448 0.999995 5.45824e-05 -0.00468361 0.00718744 -7.68985e-05 0.999974 -0.0215745 0.0 0.0 0.0 1.0
redkitchen/seq-11/color/frame-000056.color.png redkitchen/seq-11/color/frame-000058.color.png 0.999982 -0.00597516 0.000653192 -0.00847009 0.00597424 0.999981 0.00139899 0.000875607 -0.000661577 -0.00139507 0.999999 -0.0230172 0.0 0.0 0.0 1.0
redkitchen/seq-11/color/frame-000057.color.png redkitchen/seq-11/color/frame-000059.color.png 0.999964 -0.00738219 0.00407302 -0.0179662 0.00736744 0.999966 0.00362626 -0.00449245 -0.00409965 -0.00359612 0.999985 -0.0145854 0.0 0.0 0.0 1.0
redkitchen/seq-11/color/frame-000058.color.png redkitchen/seq-11/color/frame-000060.color.png 0.999924 -0.0121928 -0.00175795 -0.0177418 0.0121839 0.999913 -0.00496604 -0.00113259 0.00181839 0.00494424 0.999986 -0.00936885 0.0 0.0 0.0 1.0
redkitchen/seq-11/color/frame-000059.color.png redkitchen/seq-11/color/frame-000061.color.png 0.999899 -0.0122249 -0.00718314 -0.0108652 0.0121701 0.999897 -0.00762757 -0.00113273 0.00727563 0.00753938 0.999945 -0.019893 0.0 0.0 0.0 1.0
redkitchen/seq-11/color/frame-000060.color.png redkitchen/seq-11/color/frame-000062.color.png 0.99998 -0.00458464 -0.00443192 -0.0168014 0.00456248 0.999977 -0.00499394 -0.00605319 0.00445473 0.00497362 0.999978 -0.0188328 0.0 0.0 0.0 1.0
redkitchen/seq-11/color/frame-000061.color.png redkitchen/seq-11/color/frame-000063.color.png 0.999971 -0.00265534 -0.00712309 -0.0219666 0.00260134 0.999968 -0.00757883 -0.00359845 0.00714299 0.00756008 0.999946 -0.0126847 0.0 0.0 0.0 1.0
redkitchen/seq-11/color/frame-000062.color.png redkitchen/seq-11/color/frame-000064.color.png 0.999861 -0.00156226 -0.0166142 -0.0156625 0.00143872 0.999971 -0.00744539 0.00157452 0.0166253 0.00742046 0.999834 -0.0107891 0.0 0.0 0.0 1.0
redkitchen/seq-11/color/frame-000063.color.png redkitchen/seq-11/color/frame-000065.color.png 0.999779 0.00314629 -0.020792 -0.0104106 -0.00317175 0.999994 -0.00119156 0.0092984 0.0207881 0.00125724 0.999783 -0.0140722 0.0 0.0 0.0 1.0
redkitchen/seq-11/color/frame-000064.color.png redkitchen/seq-11/color/frame-000066.color.png 0.999747 0.00956116 -0.0203641 -0.0127456 -0.00933702 0.999895 0.0110731 0.00413443 0.0204679 -0.0108802 0.999731 -0.0138066 0.0 0.0 0.0 1.0
redkitchen/seq-11/color/frame-000065.color.png redkitchen/seq-11/color/frame-000067.color.png 0.999761 0.00717672 -0.0206656 -0.00986275 -0.00681244 0.999821 0.0176439 -0.00296457 0.0207885 -0.0174989 0.999631 -0.0134977 0.0 0.0 0.0 1.0
redkitchen/seq-11/color/frame-000066.color.png redkitchen/seq-11/color/frame-000068.color.png 0.99981 -0.00421366 -0.0190494 -0.0106782 0.0045079 0.999871 0.0154296 -0.00534432 0.0189819 -0.0155126 0.999699 -0.0135615 0.0 0.0 0.0 1.0
redkitchen/seq-11/color/frame-000067.color.png redkitchen/seq-11/color/frame-000069.color.png 0.999786 -0.00520755 -0.0200052 -0.00962541 0.00541308 0.999933 0.0102332 -0.0105199 0.0199506 -0.0103393 0.999748 -0.00879303 0.0 0.0 0.0 1.0
redkitchen/seq-11/color/frame-000068.color.png redkitchen/seq-11/color/frame-000070.color.png 0.999842 -0.00504779 -0.0170544 -0.00133762 0.00508592 0.999985 0.00219293 -0.00927958 0.0170431 -0.00227933 0.999852 -0.0161544 0.0 0.0 0.0 1.0
redkitchen/seq-11/color/frame-000069.color.png redkitchen/seq-11/color/frame-000071.color.png 0.99996 -0.00799998 -0.00407599 0.00290614 0.00799019 0.999965 -0.00241317 -0.00348902 0.00409516 0.0023805 0.999989 -0.0235046 0.0 0.0 0.0 1.0
redkitchen/seq-11/color/frame-000070.color.png redkitchen/seq-11/color/frame-000072.color.png 0.999993 -0.00330683 0.00154172 0.00116283 0.0033089 0.999994 -0.00134078 -0.00137994 -0.00153726 0.00134588 0.999998 -0.0126238 0.0 0.0 0.0 1.0
redkitchen/seq-11/color/frame-000071.color.png redkitchen/seq-11/color/frame-000073.color.png 0.99999 0.00115831 0.0043141 0.000111014 -0.00115265 0.999999 -0.00131606 0.00767535 -0.00431562 0.00131108 0.99999 -0.0115589 0.0 0.0 0.0 1.0
redkitchen/seq-11/color/frame-000072.color.png redkitchen/seq-11/color/frame-000074.color.png 0.999944 0.00481407 0.00944959 -0.00509846 -0.00490185 0.999945 0.00928797 0.00541161 -0.00940436 -0.00933377 0.999912 -0.0230881 0.0 0.0 0.0 1.0
redkitchen/seq-11/color/frame-000073.color.png redkitchen/seq-11/color/frame-000075.color.png 0.999923 0.0101127 0.00714915 -0.0111477 -0.0102414 0.999782 0.0182076 -0.0131032 -0.00696347 -0.0182794 0.999809 -0.0190611 0.0 0.0 0.0 1.0
redkitchen/seq-11/color/frame-000074.color.png redkitchen/seq-11/color/frame-000076.color.png 0.999985 0.0053045 0.00161808 -0.00735444 -0.00531799 0.99995 0.0084504 -0.00674528 -0.00157317 -0.00845888 0.999963 -0.0143183 0.0 0.0 0.0 1.0
redkitchen/seq-11/color/frame-000075.color.png redkitchen/seq-11/color/frame-000077.color.png 1.0 0.000262279 -0.000234202 -0.018303 -0.00026078 0.99998 0.00638912 -0.00827923 0.000235879 -0.00638907 0.99998 -0.00171214 0.0 0.0 0.0 1.0
redkitchen/seq-11/color/frame-000076.color.png redkitchen/seq-11/color/frame-000078.color.png 0.999936 -0.00111108 -0.0112504 -0.00906229 0.00112122 0.999999 0.000894698 -0.0174466 0.0112494 -0.000907244 0.999936 -0.00596631 0.0 0.0 0.0 1.0
redkitchen/seq-11/color/frame-000077.color.png redkitchen/seq-11/color/frame-000079.color.png 0.999965 -0.000682699 -0.00831459 0.0103971 0.000641764 0.999988 -0.00492466 -0.00425266 0.00831785 0.00491916 0.999953 -0.0217304 0.0 0.0 0.0 1.0
redkitchen/seq-11/color/frame-000078.color.png redkitchen/seq-11/color/frame-000080.color.png 0.99997 0.000477079 0.0077917 -0.00596201 -0.000489494 0.999999 0.00159133 0.00411968 -0.00779095 -0.00159511 0.999968 -0.0118496 0.0 0.0 0.0 1.0
redkitchen/seq-11/color/frame-000079.color.png redkitchen/seq-11/color/frame-000081.color.png 0.999981 6.84048e-05 0.00613578 -0.0111033 -8.64345e-05 0.999996 0.00293854 0.000530064 -0.00613554 -0.00293901 0.999977 -0.0010497 0.0 0.0 0.0 1.0
redkitchen/seq-11/color/frame-000080.color.png redkitchen/seq-11/color/frame-000082.color.png 0.999998 0.00192705 -0.000862887 -0.0147569 -0.00192348 0.99999 0.00413053 -0.00457489 0.000870832 -0.00412887 0.999991 0.00202686 0.0 0.0 0.0 1.0
redkitchen/seq-11/color/frame-000081.color.png redkitchen/seq-11/color/frame-000083.color.png 0.999876 0.0079345 -0.0135945 -0.0229787 -0.00786383 0.999955 0.00524404 -0.0172179 0.0136355 -0.00513648 0.999894 0.00711513 0.0 0.0 0.0 1.0
redkitchen/seq-11/color/frame-000082.color.png redkitchen/seq-11/color/frame-000084.color.png 0.999642 0.00275814 -0.0266081 -0.0111782 -0.00283763 0.999992 -0.00295008 -0.0144771 0.0265998 0.00302453 0.999642 0.00418895 0.0 0.0 0.0 1.0
redkitchen/seq-11/color/frame-000083.color.png redkitchen/seq-11/color/frame-000085.color.png 0.999777 -0.000312539 -0.0211007 -0.00763652 0.000247797 0.999995 -0.0030708 -0.00705682 0.0211015 0.00306487 0.999773 0.00380939 0.0 0.0 0.0 1.0
redkitchen/seq-11/color/frame-000084.color.png redkitchen/seq-11/color/frame-000086.color.png 0.999844 0.00553709 -0.0167784 -0.00492674 -0.0054978 0.999982 0.00238656 -0.0237631 0.0167913 -0.00229391 0.999856 0.00151616 0.0 0.0 0.0 1.0
redkitchen/seq-11/color/frame-000085.color.png redkitchen/seq-11/color/frame-000087.color.png 0.999848 0.0129664 -0.0116493 0.00483304 -0.0130192 0.999905 -0.00446978 -0.0248931 0.0115902 0.00462076 0.999922 -0.00227568 0.0 0.0 0.0 1.0
redkitchen/seq-11/color/frame-000086.color.png redkitchen/seq-11/color/frame-000088.color.png 0.999884 0.0152517 0.000321191 0.00209621 -0.0152484 0.999848 -0.00846148 -0.0223574 -0.0004502 0.00845558 0.999964 -0.00348049 0.0 0.0 0.0 1.0
redkitchen/seq-11/color/frame-000087.color.png redkitchen/seq-11/color/frame-000089.color.png 0.99989 0.0122739 0.00832066 -0.0107914 -0.0122199 0.999904 -0.00650904 -0.0271617 -0.00839976 0.00640665 0.999944 -0.00133356 0.0 0.0 0.0 1.0
redkitchen/seq-11/color/frame-000088.color.png redkitchen/seq-11/color/frame-000090.color.png 0.999958 0.00862388 0.00315618 -0.0183367 -0.00859439 0.99992 -0.00924283 -0.016392 -0.00323564 0.00921534 0.999952 -0.00225121 0.0 0.0 0.0 1.0
redkitchen/seq-11/color/frame-000089.color.png redkitchen/seq-11/color/frame-000091.color.png 0.999822 0.0100548 -0.0159679 -0.0165464 -0.0101698 0.999923 -0.00713707 -0.0126672 0.015895 0.00729819 0.999847 0.00222021 0.0 0.0 0.0 1.0
redkitchen/seq-11/color/frame-000090.color.png redkitchen/seq-11/color/frame-000092.color.png 0.999652 0.00928494 -0.0246798 -0.0165967 -0.00925507 0.999956 0.00132401 -0.0182775 0.024691 -0.00109514 0.999695 0.0113352 0.0 0.0 0.0 1.0
redkitchen/seq-11/color/frame-000091.color.png redkitchen/seq-11/color/frame-000093.color.png 0.999914 0.00357892 -0.0126305 -0.00810945 -0.0035432 0.99999 0.00284978 -0.0105259 0.0126406 -0.00280477 0.999916 0.00286978 0.0 0.0 0.0 1.0
redkitchen/seq-11/color/frame-000092.color.png redkitchen/seq-11/color/frame-000094.color.png 0.999855 0.00865298 -0.0146951 -0.00856602 -0.00862608 0.999961 0.00189306 -0.0125478 0.0147109 -0.00176601 0.99989 0.0119025 0.0 0.0 0.0 1.0
redkitchen/seq-11/color/frame-000093.color.png redkitchen/seq-11/color/frame-000095.color.png 0.999497 0.0090199 -0.0303862 -0.00674963 -0.0090127 0.999959 0.000373724 -0.0206484 0.0303884 -9.96719e-05 0.999538 0.0273655 0.0 0.0 0.0 1.0
redkitchen/seq-11/color/frame-000094.color.png redkitchen/seq-11/color/frame-000096.color.png 0.999689 -0.000330568 -0.0249524 -0.000107706 0.000229965 0.999992 -0.00403421 -0.0200675 0.0249535 0.00402722 0.999681 0.0194487 0.0 0.0 0.0 1.0
redkitchen/seq-11/color/frame-000095.color.png redkitchen/seq-11/color/frame-000097.color.png 0.999844 -0.00157704 -0.0176174 -0.00568348 0.0014559 0.999975 -0.00688692 -0.017501 0.0176278 0.00686019 0.999821 0.0108557 0.0 0.0 0.0 1.0
redkitchen/seq-11/color/frame-000096.color.png redkitchen/seq-11/color/frame-000098.color.png 0.999871 0.00697888 -0.0144616 -0.00921518 -0.00702376 0.999971 -0.00305509 -0.0205081 0.0144399 0.00315627 0.999891 0.0162433 0.0 0.0 0.0 1.0
redkitchen/seq-11/color/frame-000097.color.png redkitchen/seq-11/color/frame-000099.color.png 0.999871 0.00598371 -0.0149307 -0.0139008 -0.00602106 0.999979 -0.00245796 -0.020469 0.0149157 0.00254754 0.999885 0.0251473 0.0 0.0 0.0 1.0
redkitchen/seq-11/color/frame-000098.color.png redkitchen/seq-11/color/frame-000100.color.png 0.999787 -0.00062149 -0.0206374 -0.00641078 0.000526941 0.999989 -0.00458648 -0.0191726 0.02064 0.00457463 0.999776 0.0278423 0.0 0.0 0.0 1.0
redkitchen/seq-11/color/frame-000099.color.png redkitchen/seq-11/color/frame-000101.color.png 0.999786 0.00338363 -0.0204046 0.00552726 -0.00346885 0.999985 -0.0041427 -0.0173606 0.0203903 0.00421259 0.999783 0.0217994 0.0 0.0 0.0 1.0
redkitchen/seq-11/color/frame-000100.color.png redkitchen/seq-11/color/frame-000102.color.png 0.99982 0.0107825 -0.0155895 0.00665891 -0.0107834 0.999942 2.93118e-05 -0.0221097 0.0155889 0.000138788 0.999878 0.00131384 0.0 0.0 0.0 1.0
redkitchen/seq-11/color/frame-000101.color.png redkitchen/seq-11/color/frame-000103.color.png 0.999881 0.0129104 -0.00843741 -0.00523961 -0.0128423 0.999885 0.00807436 -0.0249661 0.0085407 -0.00796504 0.999932 0.000464916 0.0 0.0 0.0 1.0
redkitchen/seq-11/color/frame-000102.color.png redkitchen/seq-11/color/frame-000104.color.png 0.99988 0.0128553 -0.00862 -0.0180276 -0.0127556 0.999852 0.0115266 -0.0259031 0.00876691 -0.0114152 0.999896 0.0101555 0.0 0.0 0.0 1.0
redkitchen/seq-11/color/frame-000103.color.png redkitchen/seq-11/color/frame-000105.color.png 0.999658 0.0156285 -0.0209849 -0.0188019 -0.0155154 0.999864 0.00554283 -0.0174053 0.0210687 -0.00521535 0.999764 0.0172119 0.0 0.0 0.0 1.0
redkitchen/seq-11/color/frame-000104.color.png redkitchen/seq-11/color/frame-000106.color.png 0.998989 0.024478 -0.0377169 -0.0167688 -0.0240298 0.999636 0.0122929 -0.0230917 0.038004 -0.0113741 0.999213 0.00773144 0.0 0.0 0.0 1.0
redkitchen/seq-11/color/frame-000105.color.png redkitchen/seq-11/color/frame-000107.color.png 0.998532 0.0274788 -0.0466875 -0.00887507 -0.0267748 0.999519 0.0156372 -0.0282047 0.0470947 -0.0143642 0.998787 0.0441249 0.0 0.0 0.0 1.0
redkitchen/seq-11/color/frame-000106.color.png redkitchen/seq-11/color/frame-000108.color.png 0.99803 0.0328751 -0.053436 0.00896442 -0.0324364 0.999433 0.00905614 -0.0295655 0.0537034 -0.00730502 0.99853 0.0751108 0.0 0.0 0.0 1.0
redkitchen/seq-11/color/frame-000107.color.png redkitchen/seq-11/color/frame-000109.color.png 0.998253 0.0372086 -0.0458949 0.013384 -0.0369799 0.999299 0.00582227 -0.0330068 0.0460794 -0.0041149 0.998929 0.0463412 0.0 0.0 0.0 1.0
redkitchen/seq-11/color/frame-000108.color.png redkitchen/seq-11/color/frame-000110.color.png 0.999074 0.028589 -0.0321559 0.0144672 -0.0285105 0.999589 0.00289752 -0.0214768 0.0322255 -0.00197803 0.999479 0.0264903 0.0 0.0 0.0 1.0
redkitchen/seq-11/color/frame-000109.color.png redkitchen/seq-11/color/frame-000111.color.png 0.999204 0.024649 -0.0313537 0.00518978 -0.0244415 0.999677 0.00698427 -0.0308371 0.0315157 -0.00621237 0.999484 0.0298117 0.0 0.0 0.0 1.0
redkitchen/seq-11/color/frame-000110.color.png redkitchen/seq-11/color/frame-000112.color.png 0.999077 0.0235786 -0.0358974 -0.0191883 -0.0232289 0.999679 0.010129 -0.0448353 0.0361247 -0.00928583 0.999304 0.0110886 0.0 0.0 0.0 1.0
redkitchen/seq-11/color/frame-000111.color.png redkitchen/seq-11/color/frame-000113.color.png 0.998273 0.0143892 -0.056953 0.00981268 -0.0146167 0.999887 -0.00357974 -0.00405622 0.056895 0.00440602 0.99837 0.0527844 0.0 0.0 0.0 1.0
redkitchen/seq-11/color/frame-000112.color.png redkitchen/seq-11/color/frame-000114.color.png 0.997912 0.0064758 -0.0642631 0.034164 -0.00669277 0.999973 -0.0031618 0.00937784 0.064241 0.00358527 0.997928 0.0773748 0.0 0.0 0.0 1.0
redkitchen/seq-11/color/frame-000113.color.png redkitchen/seq-11/color/frame-000115.color.png 0.999185 0.00266272 -0.0402903 0.0388158 -0.00260329 0.999995 0.00152718 0.00268614 0.0402942 -0.00142103 0.999187 0.0654963 0.0 0.0 0.0 1.0
redkitchen/seq-11/color/frame-000114.color.png redkitchen/seq-11/color/frame-000116.color.png 0.999874 -0.00122012 -0.0158018 0.0699235 0.00134637 0.999967 0.00798014 -0.0129535 0.0157915 -0.0080004 0.999843 0.0187308 0.0 0.0 0.0 1.0
redkitchen/seq-11/color/frame-000115.color.png redkitchen/seq-11/color/frame-000117.color.png 0.999928 4.15637e-05 0.0120307 0.063697 -0.000125126 0.999976 0.00694939 -0.0109566 -0.0120302 -0.0069504 0.999904 0.00338565 0.0 0.0 0.0 1.0
redkitchen/seq-11/color/frame-000116.color.png redkitchen/seq-11/color/frame-000118.color.png 0.999268 0.00513775 0.0379099 0.00501287 -0.00529813 0.999977 0.00413294 -0.00492328 -0.0378877 -0.00433079 0.999272 0.00364986 0.0 0.0 0.0 1.0
redkitchen/seq-11/color/frame-000117.color.png redkitchen/seq-11/color/frame-000119.color.png 0.999683 -0.00123235 0.0251569 -0.00904232 0.00101386 0.999962 0.00869419 -0.0111106 -0.0251666 -0.00866595 0.999646 0.000653684 0.0 0.0 0.0 1.0
redkitchen/seq-11/color/frame-000118.color.png redkitchen/seq-11/color/frame-000120.color.png 0.999955 -0.00923104 -0.00201993 0.0119305 0.00924387 0.999937 0.00643651 -0.00522497 0.00196043 -0.00645492 0.999977 0.0374515 0.0 0.0 0.0 1.0
redkitchen/seq-11/color/frame-000119.color.png redkitchen/seq-11/color/frame-000121.color.png 0.999923 -0.00509783 -0.0112828 0.0189806 0.0051259 0.999984 0.00246067 -0.0152987 0.01127 -0.00251831 0.999933 0.0313677 0.0 0.0 0.0 1.0
redkitchen/seq-11/color/frame-000120.color.png redkitchen/seq-11/color/frame-000122.color.png 0.999883 -0.00820471 -0.0128748 0.0418783 0.00813663 0.999953 -0.00532663 -0.0129351 0.0129178 0.00522128 0.999903 0.0250506 0.0 0.0 0.0 1.0
redkitchen/seq-11/color/frame-000121.color.png redkitchen/seq-11/color/frame-000123.color.png 0.999979 -0.00524177 0.00376641 0.0360678 0.00528356 0.999924 -0.0111669 -0.00790763 -0.00370749 0.0111866 0.999931 0.0162999 0.0 0.0 0.0 1.0
redkitchen/seq-11/color/frame-000122.color.png redkitchen/seq-11/color/frame-000124.color.png 0.999948 0.00491716 0.00895551 0.0290808 -0.00480548 0.999911 -0.0124476 -0.00530124 -0.0090159 0.0124039 0.999882 0.0190967 0.0 0.0 0.0 1.0
redkitchen/seq-11/color/frame-000123.color.png redkitchen/seq-11/color/frame-000125.color.png 0.999916 0.0126907 -0.00270832 0.0289094 -0.0127094 0.999895 -0.0070225 -0.0178851 0.00261888 0.00705632 0.999972 0.0243978 0.0 0.0 0.0 1.0
redkitchen/seq-11/color/frame-000124.color.png redkitchen/seq-11/color/frame-000126.color.png 0.999697 0.019105 -0.0155211 0.028522 -0.0192778 0.999753 -0.0110594 -0.0132895 0.0153059 0.0113552 0.999818 0.0235973 0.0 0.0 0.0 1.0
redkitchen/seq-11/color/frame-000125.color.png redkitchen/seq-11/color/frame-000127.color.png 0.999669 0.0150276 -0.0208971 0.0431913 -0.0152981 0.999801 -0.0128422 0.00801665 0.0206999 0.0131576 0.999699 0.0374602 0.0 0.0 0.0 1.0
redkitchen/seq-11/color/frame-000126.color.png redkitchen/seq-11/color/frame-000128.color.png 0.999836 0.0169376 -0.00646001 0.0513649 -0.0169387 0.999856 -0.000122328 -0.0119996 0.00645705 0.00023174 0.999979 0.0158617 0.0 0.0 0.0 1.0
redkitchen/seq-11/color/frame-000127.color.png redkitchen/seq-11/color/frame-000129.color.png 0.999721 0.0216591 0.00937837 0.0244068 -0.0216402 0.999764 -0.00210898 -0.0305451 -0.0094219 0.00190545 0.999954 0.0109865 0.0 0.0 0.0 1.0
redkitchen/seq-11/color/frame-000128.color.png redkitchen/seq-11/color/frame-000130.color.png 0.99986 0.0164358 0.00298529 0.00642645 -0.0163926 0.999768 -0.0139529 -0.00864306 -0.00321393 0.013902 0.999898 0.0152734 0.0 0.0 0.0 1.0
redkitchen/seq-11/color/frame-000129.color.png redkitchen/seq-11/color/frame-000131.color.png 0.999838 0.0112575 -0.014067 0.0179397 -0.0114051 0.99988 -0.0104533 0.00665674 0.0139477 0.010612 0.999846 0.0203175 0.0 0.0 0.0 1.0
redkitchen/seq-11/color/frame-000130.color.png redkitchen/seq-11/color/frame-000132.color.png 0.999749 0.00783791 -0.0209785 0.0246551 -0.00790036 0.999965 -0.00289843 0.0029861 0.0209549 0.00306345 0.999776 0.0333615 0.0 0.0 0.0 1.0
redkitchen/seq-11/color/frame-000131.color.png redkitchen/seq-11/color/frame-000133.color.png 0.999549 0.0127625 -0.0271888 0.0522561 -0.0127516 0.999919 0.000573001 -0.00305212 0.0271938 -0.000226017 0.99963 0.0446997 0.0 0.0 0.0 1.0
redkitchen/seq-11/color/frame-000132.color.png redkitchen/seq-11/color/frame-000134.color.png 0.999805 0.00636327 -0.01871 0.0501273 -0.00625023 0.999962 0.00609666 0.00048697 0.0187482 -0.00597856 0.999806 0.0289326 0.0 0.0 0.0 1.0
redkitchen/seq-11/color/frame-000133.color.png redkitchen/seq-11/color/frame-000135.color.png 0.999962 -0.00805024 -0.00337412 0.0108527 0.00808539 0.999912 0.0105273 0.00721869 0.00328912 -0.0105542 0.999939 0.0145469 0.0 0.0 0.0 1.0
redkitchen/seq-11/color/frame-000134.color.png redkitchen/seq-11/color/frame-000136.color.png 0.999959 -0.00572712 -0.00692436 0.00768015 0.00582308 0.999886 0.0139216 -0.00403699 0.00684381 -0.0139613 0.999879 0.0119119 0.0 0.0 0.0 1.0
redkitchen/seq-11/color/frame-000135.color.png redkitchen/seq-11/color/frame-000137.color.png 0.999879 -0.00345418 -0.0152001 0.0313887 0.00368084 0.999882 0.0149086 -0.0100296 0.0151466 -0.0149627 0.999774 0.0146315 0.0 0.0 0.0 1.0
redkitchen/seq-11/color/frame-000136.color.png redkitchen/seq-11/color/frame-000138.color.png 0.999999 -0.000830234 -0.00139416 0.0383193 0.000842658 0.99996 0.00893516 -0.0211587 0.0013866 -0.00893631 0.999959 0.0245775 0.0 0.0 0.0 1.0
redkitchen/seq-11/color/frame-000137.color.png redkitchen/seq-11/color/frame-000139.color.png 0.99997 -0.0065763 0.00411771 0.0177464 0.00658117 0.999978 -0.00116441 -0.0145683 -0.00410985 0.00119144 0.999991 0.0245239 0.0 0.0 0.0 1.0
redkitchen/seq-11/color/frame-000138.color.png redkitchen/seq-11/color/frame-000140.color.png 0.999887 -0.0118432 -0.00928912 0.0102903 0.0117876 0.999912 -0.00602401 0.00909257 0.00935977 0.00591383 0.999939 0.029903 0.0 0.0 0.0 1.0
redkitchen/seq-11/color/frame-000139.color.png redkitchen/seq-11/color/frame-000141.color.png 0.999846 -0.00967167 -0.014611 0.0284879 0.0096579 0.999953 -0.00101367 0.00722003 0.0146201 0.00087241 0.999893 0.0213761 0.0 0.0 0.0 1.0
redkitchen/seq-11/color/frame-000140.color.png redkitchen/seq-11/color/frame-000142.color.png 0.999923 -0.00473282 -0.0114248 0.0448322 0.00477732 0.999981 0.00387167 0.00137269 0.0114063 -0.00392595 0.999927 0.0245312 0.0 0.0 0.0 1.0
redkitchen/seq-11/color/frame-000141.color.png redkitchen/seq-11/color/frame-000143.color.png 0.999909 0.00297897 0.0131942 0.0431127 -0.00303698 0.999986 0.00437886 -0.0151631 -0.0131809 -0.00441853 0.999903 0.0248883 0.0 0.0 0.0 1.0
redkitchen/seq-11/color/frame-000142.color.png redkitchen/seq-11/color/frame-000144.color.png 0.999749 -0.00102952 0.0223618 0.0145252 0.00104681 0.999999 -0.000760768 -0.0107327 -0.022361 0.000783994 0.99975 0.0241733 0.0 0.0 0.0 1.0
redkitchen/seq-11/color/frame-000143.color.png redkitchen/seq-11/color/frame-000145.color.png 0.999965 -0.00811965 0.00202373 0.00293934 0.00812603 0.999962 -0.00316011 -0.00975323 -0.00199801 0.00317643 0.999993 0.0110853 0.0 0.0 0.0 1.0
redkitchen/seq-11/color/frame-000144.color.png redkitchen/seq-11/color/frame-000146.color.png 0.999873 -0.00837358 -0.0135358 0.0276282 0.00826745 0.999935 -0.00787791 -0.00583875 0.0136008 0.00776501 0.999877 0.0173684 0.0 0.0 0.0 1.0
redkitchen/seq-11/color/frame-000145.color.png redkitchen/seq-11/color/frame-000147.color.png 0.999841 -0.00966448 -0.0149711 0.0526439 0.00957966 0.999938 -0.00572166 0.000388741 0.0150254 0.00557736 0.999872 0.0269443 0.0 0.0 0.0 1.0
redkitchen/seq-11/color/frame-000146.color.png redkitchen/seq-11/color/frame-000148.color.png 0.999947 -0.0068637 0.00763857 0.0434099 0.00688625 0.999972 -0.00292353 0.00164175 -0.00761827 0.00297596 0.999967 0.0210349 0.0 0.0 0.0 1.0
redkitchen/seq-11/color/frame-000147.color.png redkitchen/seq-11/color/frame-000149.color.png 0.99964 0.00489105 0.0263782 0.0455929 -0.00503184 0.999973 0.00527411 -0.0198637 -0.0263517 -0.00540496 0.999638 0.00275397 0.0 0.0 0.0 1.0
redkitchen/seq-11/color/frame-000148.color.png redkitchen/seq-11/color/frame-000150.color.png 0.999153 0.0143844 0.0385545 0.00534331 -0.0140891 0.999869 -0.00792239 -0.0166534 -0.0386634 0.00737249 0.999225 0.0336298 0.0 0.0 0.0 1.0
redkitchen/seq-11/color/frame-000149.color.png redkitchen/seq-11/color/frame-000151.color.png 0.99986 0.0102821 0.0132134 0.00379119 -0.0101563 0.999903 -0.00955406 -0.0244092 -0.0133103 0.00941852 0.999867 0.00566978 0.0 0.0 0.0 1.0
redkitchen/seq-11/color/frame-000150.color.png redkitchen/seq-11/color/frame-000152.color.png 0.999813 -0.00506564 -0.0186575 0.0463132 0.00504654 0.999987 -0.00106963 -0.0203597 0.0186627 0.000975281 0.999825 0.00939607 0.0 0.0 0.0 1.0
redkitchen/seq-11/color/frame-000151.color.png redkitchen/seq-11/color/frame-000153.color.png 0.999988 -0.000227312 -0.00487637 0.0511099 0.000176566 0.999946 -0.0104025 -0.0146901 0.00487838 0.0104015 0.999934 0.0294531 0.0 0.0 0.0 1.0
redkitchen/seq-11/color/frame-000152.color.png redkitchen/seq-11/color/frame-000154.color.png 0.999857 0.00715724 0.0153137 0.0272711 -0.00685178 0.999778 -0.0199068 -0.00582397 -0.0154528 0.0197991 0.999685 0.0237168 0.0 0.0 0.0 1.0
redkitchen/seq-11/color/frame-000153.color.png redkitchen/seq-11/color/frame-000155.color.png 0.999857 -0.00359254 0.0165266 -0.00541422 0.00392575 0.999789 -0.020173 0.015691 -0.0164506 0.020235 0.99966 0.0166646 0.0 0.0 0.0 1.0
redkitchen/seq-11/color/frame-000154.color.png redkitchen/seq-11/color/frame-000156.color.png 0.999921 -0.0125179 0.000622923 0.0059309 0.0125217 0.999901 -0.00642833 0.00854647 -0.000542433 0.00643564 0.999979 0.0123822 0.0 0.0 0.0 1.0
redkitchen/seq-11/color/frame-000155.color.png redkitchen/seq-11/color/frame-000157.color.png 0.999912 -0.0086233 -0.0100915 0.0355842 0.00869986 0.999933 0.0075698 -0.0151089 0.0100256 -0.00765695 0.99992 0.00408322 0.0 0.0 0.0 1.0
redkitchen/seq-11/color/frame-000156.color.png redkitchen/seq-11/color/frame-000158.color.png 0.999907 -0.0112148 -0.00778096 0.0451392 0.0112515 0.999926 0.00467219 -0.003905 0.00772802 -0.00475931 0.999959 0.016726 0.0 0.0 0.0 1.0
redkitchen/seq-11/color/frame-000157.color.png redkitchen/seq-11/color/frame-000159.color.png 0.999911 -0.0110471 0.00748197 0.0393924 0.0109735 0.999892 0.00980879 -0.0135559 -0.00758949 -0.00972579 0.999924 0.00896215 0.0 0.0 0.0 1.0
redkitchen/seq-11/color/frame-000158.color.png redkitchen/seq-11/color/frame-000160.color.png 0.999777 -0.00712908 0.0198778 0.0304012 0.0069942 0.999952 0.00684259 -0.011481 -0.0199256 -0.00670204 0.999779 0.0139868 0.0 0.0 0.0 1.0
redkitchen/seq-11/color/frame-000159.color.png redkitchen/seq-11/color/frame-000161.color.png 0.99952 -0.0132363 0.0280089 0.0110943 0.0132075 0.999912 0.00121249 -0.00486642 -0.0280226 -0.000841979 0.999607 0.0103014 0.0 0.0 0.0 1.0
redkitchen/seq-11/color/frame-000160.color.png redkitchen/seq-11/color/frame-000162.color.png 0.999505 -0.0182605 0.0256208 -0.00682759 0.0182763 0.999833 -0.000382475 0.00785756 -0.0256095 0.000850543 0.999672 0.0142087 0.0 0.0 0.0 1.0
redkitchen/seq-11/color/frame-000161.color.png redkitchen/seq-11/color/frame-000163.color.png 0.999845 -0.0135377 0.0112564 0.00870588 0.0134774 0.999894 0.00542394 0.00447363 -0.0113286 -0.0052714 0.999922 0.0119553 0.0 0.0 0.0 1.0
redkitchen/seq-11/color/frame-000162.color.png redkitchen/seq-11/color/frame-000164.color.png 0.999758 -0.0180699 0.012517 0.0466765 0.017852 0.999691 0.0173119 -0.00024718 -0.0128261 -0.0170843 0.999772 0.0205151 0.0 0.0 0.0 1.0
redkitchen/seq-11/color/frame-000163.color.png redkitchen/seq-11/color/frame-000165.color.png 0.999651 -0.0141926 0.0222741 0.0497825 0.013799 0.999748 0.0177239 -0.00369608 -0.02252 -0.0174103 0.999595 0.01339 0.0 0.0 0.0 1.0
redkitchen/seq-11/color/frame-000164.color.png redkitchen/seq-11/color/frame-000166.color.png 0.999752 -0.00376836 0.0219766 0.00648767 0.0035993 0.999964 0.00772862 -0.00110668 -0.0220049 -0.00764761 0.999729 0.0107663 0.0 0.0 0.0 1.0
redkitchen/seq-11/color/frame-000165.color.png redkitchen/seq-11/color/frame-000167.color.png 0.999951 -0.00417224 0.00893098 0.0150956 0.00408446 0.999943 0.00982309 -0.00349289 -0.00897149 -0.00978613 0.999912 0.00103866 0.0 0.0 0.0 1.0
redkitchen/seq-11/color/frame-000166.color.png redkitchen/seq-11/color/frame-000168.color.png 0.999992 -0.00337266 -0.00204417 0.0342994 0.00339318 0.999943 0.0101157 -0.00435215 0.00200988 -0.0101225 0.999947 0.00309122 0.0 0.0 0.0 1.0
redkitchen/seq-11/color/frame-000167.color.png redkitchen/seq-11/color/frame-000169.color.png 0.999998 -0.00196661 -0.000180025 0.0366564 0.00196725 0.999991 0.00374964 0.00760847 0.000172672 -0.00375 0.999993 0.00801632 0.0 0.0 0.0 1.0
