redkitchen/seq-11/color/frame-000002.color.png redkitchen/seq-11/color/frame-000005.color.png 0.999999 -0.000464439 -0.00156095 -0.00302036 0.000466829 0.999999 0.0015306 -0.00375402 0.00156024 -0.00153132 0.999998 -0.000274972 0.0 0.0 0.0 1.0
redkitchen/seq-11/color/frame-000005.color.png redkitchen/seq-11/color/frame-000008.color.png 0.999998 -0.000370268 0.00200736 -0.00583753 0.000382619 0.999981 -0.00615599 0.0010819 -0.00200504 0.00615675 0.999979 -0.00288072 0.0 0.0 0.0 1.0
redkitchen/seq-11/color/frame-000008.color.png redkitchen/seq-11/color/frame-000011.color.png 0.999969 0.00519391 0.005997 -0.0138716 -0.0052277 0.999971 0.00563322 -0.00492582 -0.00596757 -0.00566439 0.999966 -0.00056618 0.0 0.0 0.0 1.0
redkitchen/seq-11/color/frame-000011.color.png redkitchen/seq-11/color/frame-000014.color.png 0.999932 0.0114055 -0.00242933 -0.0148338 -0.0114049 0.999935 0.000268526 -0.00552089 0.00243223 -0.000240801 0.999997 -0.00330646 0.0 0.0 0.0 1.0
redkitchen/seq-11/color/frame-000014.color.png redkitchen/seq-11/color/frame-000017.color.png 0.999952 0.00717935 0.00665137 -0.0172641 -0.00719936 0.99997 0.00299059 -0.00817612 -0.00662969 -0.00303833 0.999974 -0.00524316 0.0 0.0 0.0 1.0
redkitchen/seq-11/color/frame-000017.color.png redkitchen/seq-11/color/frame-000020.color.png 0.999897 0.00958428 0.0106943 -0.022612 -0.00959434 0.999954 0.000889978 -0.00682608 -0.0106853 -0.000992492 0.999942 -0.00760246 0.0 0.0 0.0 1.0
redkitchen/seq-11/color/frame-000020.color.png redkitchen/seq-11/color/frame-000023.color.png 0.99995 0.0018112 0.00989225 -0.0206461 -0.00190161 0.999956 0.00913766 -0.00812633 -0.00987526 -0.00915601 0.999909 -0.00429805 0.0 0.0 0.0 1.0
redkitchen/seq-11/color/frame-000023.color.png redkitchen/seq-11/color/frame-000026.color.png 0.999902 0.00580478 0.01277 -0.0322335 -0.00586036 0.999973 0.0043206 -0.0180218 -0.0127446 -0.00439502 0.999909 -0.00858927 0.0 0.0 0.0 1.0
redkitchen/seq-11/color/frame-000026.color.png redkitchen/seq-11/color/frame-000029.color.png 0.999938 0.00598573 0.00941526 -0.0267069 -0.00595201 0.999976 -0.00360487 -0.0115698 -0.00943661 0.00354861 0.999949 -0.00185423 0.0 0.0 0.0 1.0
redkitchen/seq-11/color/frame-000029.color.png redkitchen/seq-11/color/frame-000032.color.png 0.999932 -0.0115765 0.0017636 -0.0285019 0.0115864 0.999917 -0.00572 -0.00600339 -0.00169725 0.00574004 0.999982 -0.0138465 0.0 0.0 0.0 1.0
redkitchen/seq-11/color/frame-000032.color.png redkitchen/seq-11/color/frame-000035.color.png 0.999776 -0.0164285 0.0133729 -0.0404515 0.0164147 0.999865 0.00114307 -0.0117543 -0.0133899 -0.000923299 0.99991 -0.00686333 0.0 0.0 0.0 1.0
redkitchen/seq-11/color/frame-000035.color.png redkitchen/seq-11/color/frame-000038.color.png 0.999835 -0.016933 0.0065381 -0.0168083 0.0169293 0.999857 0.000619708 0.00408362 -0.00654764 -0.00050892 0.999979 -0.0187217 0.0 0.0 0.0 1.0
redkitchen/seq-11/color/frame-000038.color.png redkitchen/seq-11/color/frame-000041.color.png 0.999587 -0.00958067 0.0270989 -0.0292003 0.00938517 0.999929 0.00733242 -0.0103304 -0.0271672 -0.00707506 0.999606 -0.018292 0.0 0.0 0.0 1.0
redkitchen/seq-11/color/frame-000041.color.png redkitchen/seq-11/color/frame-000044.color.png 0.999819 -0.0115175 0.0151733 -0.0166959 0.0113519 0.999876 0.0109561 0.00363198 -0.0152976 -0.0107818 0.999825 -0.0211715 0.0 0.0 0.0 1.0
redkitchen/seq-11/color/frame-000044.color.png redkitchen/seq-11/color/frame-000047.color.png 0.999347 -0.00826265 0.0351824 -0.0298468 0.00755903 0.99977 0.0200853 -0.0217096 -0.0353402 -0.0198062 0.999179 -0.0379399 0.0 0.0 0.0 1.0
redkitchen/seq-11/color/frame-000047.color.png redkitchen/seq-11/color/frame-000050.color.png 0.999916 0.00639364 0.0113151 -0.0138836 -0.00636929 0.999977 -0.00218641 -0.0112615 -0.0113289 0.00211416 0.999934 -0.0204835 0.0 0.0 0.0 1.0
redkitchen/seq-11/color/frame-000050.color.png redkitchen/seq-11/color/frame-000053.color.png 0.999933 0.00833426 0.00799961 -0.024517 -0.0082551 0.999917 -0.00987807 -0.0134438 -0.00808125 0.00981138 0.999919 -0.0226952 0.0 0.0 0.0 1.0
redkitchen/seq-11/color/frame-000053.color.png redkitchen/seq-11/color/frame-000056.color.png 0.999895 0.00570049 -0.0132947 -0.0174694 -0.0057813 0.999965 -0.00604798 -0.00857395 0.0132597 0.00612421 0.999893 -0.027151 0.0 0.0 0.0 1.0
redkitchen/seq-11/color/frame-000056.color.png redkitchen/seq-11/color/frame-000059.color.png 0.999946 -0.00942833 0.00430539 -0.0231648 0.00942132 0.999954 0.00164548 -0.00178066 -0.0043207 -0.00160483 0.999989 -0.0208197 0.0 0.0 0.0 1.0
redkitchen/seq-11/color/frame-000059.color.png redkitchen/seq-11/color/frame-000062.color.png 0.999902 -0.0117706 -0.00752776 -0.0229606 0.0116993 0.999887 -0.00943626 -0.0053903 0.00763802 0.00934726 0.999927 -0.0265277 0.0 0.0 0.0 1.0
redkitchen/seq-11/color/frame-000062.color.png redkitchen/seq-11/color/frame-000065.color.png 0.99971 0.000307768 -0.0240948 -0.0278147 -0.000419242 0.999989 -0.00462148 0.00578065 0.0240931 0.00463023 0.999699 -0.0206572 0.0 0.0 0.0 1.0
redkitchen/seq-11/color/frame-000065.color.png redkitchen/seq-11/color/frame-000068.color.png 0.999469 0.0035831 -0.0323808 -0.0102383 -0.00281591 0.999715 0.0237074 -0.00609386 0.0324565 -0.0236036 0.999195 -0.019974 0.0 0.0 0.0 1.0
redkitchen/seq-11/color/frame-000068.color.png redkitchen/seq-11/color/frame-000071.color.png 0.999812 -0.00994332 -0.0166769 0.00226822 0.00995975 0.99995 0.000902301 -0.010304 0.016667 -0.00106823 0.99986 -0.0274589 0.0 0.0 0.0 1.0
redkitchen/seq-11/color/frame-000071.color.png redkitchen/seq-11/color/frame-000074.color.png 0.999944 0.0049924 0.00936506 -0.00528455 -0.00508371 0.99994 0.00975202 0.00457872 -0.00931581 -0.00979909 0.999909 -0.0239791 0.0 0.0 0.0 1.0
redkitchen/seq-11/color/frame-000074.color.png redkitchen/seq-11/color/frame-000077.color.png 0.999978 0.00570166 0.00345547 -0.0279671 -0.00574771 0.999893 0.0134668 -0.0174626 -0.00337831 -0.0134863 0.999904 -0.00847945 0.0 0.0 0.0 1.0
redkitchen/seq-11/color/frame-000077.color.png redkitchen/seq-11/color/frame-000080.color.png 0.999986 -0.0014529 -0.00504944 0.00445834 0.00144202 0.999997 -0.00215771 -0.00395069 0.00505256 0.00215038 0.999985 -0.0246439 0.0 0.0 0.0 1.0
redkitchen/seq-11/color/frame-000080.color.png redkitchen/seq-11/color/frame-000083.color.png 0.99986 0.00856831 -0.0143602 -0.022171 -0.00852099 0.999958 0.00335314 -0.0142414 0.0143884 -0.00323031 0.999891 0.00976908 0.0 0.0 0.0 1.0
redkitchen/seq-11/color/frame-000083.color.png redkitchen/seq-11/color/frame-000086.color.png 0.999589 0.00280802 -0.0285371 -0.00962892 -0.0028418 0.999995 -0.00114331 -0.02596 0.0285338 0.00122396 0.999592 0.00207165 0.0 0.0 0.0 1.0
redkitchen/seq-11/color/frame-000086.color.png redkitchen/seq-11/color/frame-000089.color.png 0.999759 0.0215305 0.00437941 -0.00504643 -0.0214735 0.999689 -0.012654 -0.0337937 -0.0046505 0.0125569 0.99991 -0.0080058 0.0 0.0 0.0 1.0
redkitchen/seq-11/color/frame-000089.color.png redkitchen/seq-11/color/frame-000092.color.png 0.999529 0.0150799 -0.0267288 -0.0262692 -0.0151861 0.999878 -0.0037735 -0.0229444 0.0266687 0.00417764 0.999636 0.0081118 0.0 0.0 0.0 1.0
redkitchen/seq-11/color/frame-000092.color.png redkitchen/seq-11/color/frame-000095.color.png 0.999497 0.00706091 -0.0309188 -0.00750011 -0.00701565 0.999974 0.00157217 -0.0236646 0.0309291 -0.00135447 0.999521 0.0254482 0.0 0.0 0.0 1.0
redkitchen/seq-11/color/frame-000095.color.png redkitchen/seq-11/color/frame-000098.color.png 0.999696 0.00658983 -0.023776 -0.0116116 -0.00672386 0.999962 -0.00556138 -0.0323056 0.0237384 0.00571956 0.999702 0.0190465 0.0 0.0 0.0 1.0
redkitchen/seq-11/color/frame-000098.color.png redkitchen/seq-11/color/frame-000101.color.png 0.999526 -0.00100473 -0.0307573 0.000398517 0.000857444 0.999988 -0.00480137 -0.0295874 0.0307617 0.00477273 0.999515 0.0299385 0.0 0.0 0.0 1.0
redkitchen/seq-11/color/frame-000101.color.png redkitchen/seq-11/color/frame-000104.color.png 0.999611 0.0249514 -0.0124536 -0.0200927 -0.0248162 0.999633 0.0108945 -0.0340569 0.0127209 -0.0105812 0.999863 0.013997 0.0 0.0 0.0 1.0
redkitchen/seq-11/color/frame-000104.color.png redkitchen/seq-11/color/frame-000107.color.png 0.997125 0.0429938 -0.0623931 -0.0204095 -0.0416155 0.998864 0.0232253 -0.0497816 0.0633207 -0.0205621 0.997781 0.0349895 0.0 0.0 0.0 1.0
redkitchen/seq-11/color/frame-000107.color.png redkitchen/seq-11/color/frame-000110.color.png 0.997333 0.0454811 -0.0570758 0.0168896 -0.0451685 0.998957 0.00675548 -0.0372183 0.0573235 -0.00415944 0.998347 0.0716333 0.0 0.0 0.0 1.0
redkitchen/seq-11/color/frame-000110.color.png redkitchen/seq-11/color/frame-000113.color.png 0.996785 0.0293882 -0.0745327 0.00770634 -0.0291957 0.999567 0.00367078 -0.0312718 0.0746083 -0.00148295 0.997212 0.0536154 0.0 0.0 0.0 1.0
redkitchen/seq-11/color/frame-000113.color.png redkitchen/seq-11/color/frame-000116.color.png 0.998976 -0.0044668 -0.0450287 0.0866342 0.0045806 0.999986 0.00242502 0.00739166 0.0450173 -0.00262879 0.998983 0.0637039 0.0 0.0 0.0 1.0
redkitchen/seq-11/color/frame-000116.color.png redkitchen/seq-11/color/frame-000119.color.png 0.999269 -0.00306697 0.0380979 0.0144763 0.00246224 0.99987 0.0159101 -0.0225542 -0.0381418 -0.0158047 0.999147 0.000358686 0.0 0.0 0.0 1.0
redkitchen/seq-11/color/frame-000119.color.png redkitchen/seq-11/color/frame-000122.color.png 0.999843 -0.00934397 -0.0150367 0.0445888 0.00922448 0.999926 -0.0080007 -0.0064089 0.0151105 0.00786071 0.999855 0.0537466 0.0 0.0 0.0 1.0
redkitchen/seq-11/color/frame-000122.color.png redkitchen/seq-11/color/frame-000125.color.png 0.999715 0.0208156 0.0117035 0.0331746 -0.020703 0.999739 -0.00966626 -0.0362059 -0.0119017 0.00942123 0.999885 0.00600851 0.0 0.0 0.0 1.0
redkitchen/seq-11/color/frame-000125.color.png redkitchen/seq-11/color/frame-000128.color.png 0.999434 0.0239696 -0.023617 0.0763032 -0.0241871 0.999667 -0.00896923 -0.00825891 0.0233942 0.00953536 0.999681 0.0485333 0.0 0.0 0.0 1.0
redkitchen/seq-11/color/frame-000128.color.png redkitchen/seq-11/color/frame-000131.color.png 0.999712 0.0225858 -0.00806237 0.0184281 -0.0227014 0.999636 -0.0145473 -0.010155 0.00773084 0.0147262 0.999862 0.0318269 0.0 0.0 0.0 1.0
redkitchen/seq-11/color/frame-000131.color.png redkitchen/seq-11/color/frame-000134.color.png 0.999617 0.0101525 -0.0257636 0.0579464 -0.0101657 0.999948 -0.000379784 0.0102644 0.0257584 0.000641525 0.999668 0.0451037 0.0 0.0 0.0 1.0
redkitchen/seq-11/color/frame-000134.color.png redkitchen/seq-11/color/frame-000137.color.png 0.999812 -0.00707609 -0.0180648 0.0354372 0.00742409 0.999787 0.0192663 -0.00253475 0.0179245 -0.0193968 0.999651 0.0356017 0.0 0.0 0.0 1.0
redkitchen/seq-11/color/frame-000137.color.png redkitchen/seq-11/color/frame-000140.color.png 0.999957 -0.00914341 -0.00119879 0.0252129 0.0091426 0.999958 -0.000694328 -0.0175481 0.00120506 0.000683319 0.999999 0.0249861 0.0 0.0 0.0 1.0
redkitchen/seq-11/color/frame-000140.color.png redkitchen/seq-11/color/frame-000143.color.png 0.99998 -0.00542738 0.00335223 0.0624908 0.00542392 0.999985 0.00103973 0.00027132 -0.00335777 -0.0010215 0.999994 0.0677826 0.0 0.0 0.0 1.0
redkitchen/seq-11/color/frame-000143.color.png redkitchen/seq-11/color/frame-000146.color.png 0.999874 -0.0128425 -0.00936067 0.0273153 0.0127628 0.999882 -0.00852709 -0.00833523 0.0094691 0.00840656 0.99992 0.0276361 0.0 0.0 0.0 1.0
redkitchen/seq-11/color/frame-000146.color.png redkitchen/seq-11/color/frame-000149.color.png 0.999811 -0.00164808 0.0193533 0.0767458 0.00154988 0.999986 0.00508708 -0.0207644 -0.0193613 -0.00505615 0.9998 0.0234053 0.0 0.0 0.0 1.0
redkitchen/seq-11/color/frame-000149.color.png redkitchen/seq-11/color/frame-000152.color.png 0.999926 0.0072901 0.00975857 0.0170848 -0.00715441 0.999878 -0.0138659 -0.0229273 -0.00985848 0.013795 0.999856 0.0282567 0.0 0.0 0.0 1.0
redkitchen/seq-11/color/frame-000152.color.png redkitchen/seq-11/color/frame-000155.color.png 0.999858 -0.00269635 0.0166359 0.0292062 0.00317464 0.999581 -0.0287887 0.0088228 -0.0165513 0.0288374 0.999447 0.0330833 0.0 0.0 0.0 1.0
redkitchen/seq-11/color/frame-000155.color.png redkitchen/seq-11/color/frame-000158.color.png 0.999809 -0.0174811 -0.00871986 0.0489112 0.0175231 0.999835 0.00477323 -0.00357652 0.00863496 -0.0049251 0.999951 0.022481 0.0 0.0 0.0 1.0
redkitchen/seq-11/color/frame-000158.color.png redkitchen/seq-11/color/frame-000161.color.png 0.999191 -0.018025 0.0359438 0.0284234 0.0175468 0.999754 0.0135751 -0.0276624 -0.0361798 -0.0129334 0.999262 -0.000214592 0.0 0.0 0.0 1.0
redkitchen/seq-11/color/frame-000161.color.png redkitchen/seq-11/color/frame-000164.color.png 0.999477 -0.0263035 0.0188252 0.0548642 0.0259073 0.999444 0.020986 -0.00392568 -0.0193667 -0.0204873 0.999603 0.016901 0.0 0.0 0.0 1.0
redkitchen/seq-11/color/frame-000164.color.png redkitchen/seq-11/color/frame-000167.color.png 0.99983 -0.00397022 0.0180283 0.0326017 0.00375967 0.999925 0.0116984 0.000213683 -0.0180734 -0.0116286 0.999769 0.00520881 0.0 0.0 0.0 1.0
redkitchen/seq-11/color/frame-000167.color.png redkitchen/seq-11/color/frame-000170.color.png 0.999984 -0.00378208 0.00417987 0.0530502 0.00373139 0.99992 0.0120761 -0.00106204 -0.00422517 -0.0120603 0.999918 0.00339997 0.0 0.0 0.0 1.0
redkitchen/seq-11/color/frame-000170.color.png redkitchen/seq-11/color/frame-000173.color.png 0.999957 -0.00649063 0.00656785 0.0512332 0.00641112 0.999907 0.0120498 0.00405765 -0.00664547 -0.0120071 0.999906 0.00233181 0.0 0.0 0.0 1.0
redkitchen/seq-11/color/frame-000173.color.png redkitchen/seq-11/color/frame-000176.color.png 0.999925 0.0011493 0.0121786 0.0623331 -0.00131743 0.999904 0.0138076 0.00707537 -0.0121615 -0.0138226 0.99983 -0.00485088 0.0 0.0 0.0 1.0
redkitchen/seq-11/color/frame-000176.color.png redkitchen/seq-11/color/frame-000179.color.png 0.999813 -0.00486098 0.0187214 0.0480483 0.00447455 0.999777 0.0206273 -0.0105325 -0.0188175 -0.0205397 0.999612 -0.0060465 0.0 0.0 0.0 1.0
redkitchen/seq-11/color/frame-000179.color.png redkitchen/seq-11/color/frame-000182.color.png 0.999912 -0.00399125 0.0126225 0.0568752 0.00385044 0.99993 0.0111591 0.00980365 -0.0126663 -0.0111095 0.999858 -0.0126402 0.0 0.0 0.0 1.0
redkitchen/seq-11/color/frame-000182.color.png redkitchen/seq-11/color/frame-000185.color.png 0.999881 0.00412182 0.0148698 0.0407334 -0.00432791 0.999895 0.0138535 0.00567967 -0.0148112 -0.0139162 0.999793 -0.00187701 0.0 0.0 0.0 1.0
redkitchen/seq-11/color/frame-000185.color.png redkitchen/seq-11/color/frame-000188.color.png 0.99983 -0.0184194 4.03063e-05 0.0437983 0.0184194 0.999814 -0.00571463 0.00495905 6.49299e-05 0.00571445 0.999984 -0.00159737 0.0 0.0 0.0 1.0
redkitchen/seq-11/color/frame-000188.color.png redkitchen/seq-11/color/frame-000191.color.png 0.999641 -0.0267971 -0.000828868 0.0456427 0.0267983 0.99964 0.00147455 -0.00017333 0.000789058 -0.00149625 0.999999 0.00129287 0.0 0.0 0.0 1.0
redkitchen/seq-11/color/frame-000191.color.png redkitchen/seq-11/color/frame-000194.color.png 0.999817 -0.0108537 0.0157206 0.038985 0.0107637 0.999925 0.00579477 0.00440896 -0.0157823 -0.0056245 0.999859 0.0135484 0.0 0.0 0.0 1.0
redkitchen/seq-11/color/frame-000194.color.png redkitchen/seq-11/color/frame-000197.color.png 0.999854 -0.0165884 0.00410292 0.0355878 0.016562 0.999842 0.00640149 0.00341213 -0.00420849 -0.00633257 0.999971 0.00525582 0.0 0.0 0.0 1.0
redkitchen/seq-11/color/frame-000197.color.png redkitchen/seq-11/color/frame-000200.color.png 0.999874 -0.0130604 0.00899885 0.0411129 0.0129644 0.999859 0.0106448 -0.00828135 -0.00913658 -0.0105268 0.999903 0.0127026 0.0 0.0 0.0 1.0
redkitchen/seq-11/color/frame-000200.color.png redkitchen/seq-11/color/frame-000203.color.png 0.999944 -0.0105156 -0.000704629 0.0431815 0.0105213 0.999907 0.00867807 -0.0137172 0.000613287 -0.00868496 0.999962 -0.000279412 0.0 0.0 0.0 1.0
redkitchen/seq-11/color/frame-000203.color.png redkitchen/seq-11/color/frame-000206.color.png 0.99958 0.0130113 0.0259077 0.0433185 -0.0136508 0.999603 0.0246627 0.0115719 -0.0255765 -0.025006 0.99936 0.03307 0.0 0.0 0.0 1.0
redkitchen/seq-11/color/frame-000206.color.png redkitchen/seq-11/color/frame-000209.color.png 0.999793 -0.00407525 -0.0199243 0.030486 0.00390372 0.999955 -0.00864004 0.00325972 0.0199586 0.00856049 0.999764 -0.00528535 0.0 0.0 0.0 1.0
redkitchen/seq-11/color/frame-000209.color.png redkitchen/seq-11/color/frame-000212.color.png 0.999819 -0.00161526 -0.0189544 0.0647392 0.00157683 0.999997 -0.00204165 0.00905281 0.0189576 0.00201143 0.999818 0.00388843 0.0 0.0 0.0 1.0
redkitchen/seq-11/color/frame-000212.color.png redkitchen/seq-11/color/frame-000215.color.png 0.99985 -0.00750152 -0.0155789 0.0271527 0.00720392 0.999792 -0.0190715 -0.00220925 0.0157188 0.0189564 0.999697 0.00419015 0.0 0.0 0.0 1.0
redkitchen/seq-11/color/frame-000215.color.png redkitchen/seq-11/color/frame-000218.color.png 0.999685 0.00420748 -0.0247376 0.0653707 -0.00448466 0.999928 -0.0111598 0.0326144 0.0246888 0.0112672 0.999632 0.00161076 0.0 0.0 0.0 1.0
redkitchen/seq-11/color/frame-000218.color.png redkitchen/seq-11/color/frame-000221.color.png 0.999966 0.00629559 0.00531241 0.0144571 -0.00626055 0.999959 -0.00658567 0.0111538 -0.00535365 0.00655217 0.999964 0.0112856 0.0 0.0 0.0 1.0
redkitchen/seq-11/color/frame-000221.color.png redkitchen/seq-11/color/frame-000224.color.png 0.999504 0.0133994 -0.0285026 0.0563567 -0.0135388 0.999897 -0.00470318 0.0278399 0.0284367 0.00508672 0.999583 -0.0198684 0.0 0.0 0.0 1.0
redkitchen/seq-11/color/frame-000224.color.png redkitchen/seq-11/color/frame-000227.color.png 0.999541 0.0302656 0.000924118 0.0470762 -0.0302676 0.999539 0.00221613 0.0491017 -0.000856688 -0.00224305 0.999997 0.0132147 0.0 0.0 0.0 1.0
redkitchen/seq-11/color/frame-000227.color.png redkitchen/seq-11/color/frame-000230.color.png 0.999265 0.0381702 -0.00368119 0.0514505 -0.0381224 0.999198 0.0122795 0.0513269 0.00414702 -0.0121302 0.999918 0.00556117 0.0 0.0 0.0 1.0
redkitchen/seq-11/color/frame-000230.color.png redkitchen/seq-11/color/frame-000233.color.png 0.999676 0.0239893 0.00850968 0.0304753 -0.0240852 0.999645 0.011351 0.0344225 -0.00823435 -0.0115523 0.999899 0.0139045 0.0 0.0 0.0 1.0
redkitchen/seq-11/color/frame-000233.color.png redkitchen/seq-11/color/frame-000236.color.png 0.999619 0.0260725 -0.00908128 0.0356848 -0.0260295 0.99965 0.00482293 0.0509941 0.00920385 -0.0045847 0.999947 0.0128887 0.0 0.0 0.0 1.0
redkitchen/seq-11/color/frame-000236.color.png redkitchen/seq-11/color/frame-000239.color.png 0.999419 0.024517 -0.0236583 0.06073 -0.0246341 0.999686 -0.00467297 0.045978 0.0235363 0.00525301 0.999709 -0.013061 0.0 0.0 0.0 1.0
redkitchen/seq-11/color/frame-000239.color.png redkitchen/seq-11/color/frame-000242.color.png 0.99996 0.00517913 0.00725806 0.0297499 -0.00515276 0.99998 -0.00364988 0.0175316 -0.00727684 0.00361238 0.999967 0.0217976 0.0 0.0 0.0 1.0
redkitchen/seq-11/color/frame-000242.color.png redkitchen/seq-11/color/frame-000245.color.png 0.999608 -0.000747047 0.0279652 0.0195533 0.000659025 0.999995 0.00315628 0.00371239 -0.0279674 -0.00313659 0.999604 0.049084 0.0 0.0 0.0 1.0
redkitchen/seq-11/color/frame-000245.color.png redkitchen/seq-11/color/frame-000248.color.png 0.999293 -0.0157667 0.0341228 -0.0107664 0.0159203 0.999864 -0.00423639 0.00211489 -0.0340514 0.00477662 0.999409 0.0839523 0.0 0.0 0.0 1.0
redkitchen/seq-11/color/frame-000248.color.png redkitchen/seq-11/color/frame-000251.color.png 0.999384 -0.0233864 0.0261777 -0.00343573 0.0233252 0.999725 0.00264243 -0.0235963 -0.0262323 -0.00203021 0.999654 0.0549186 0.0 0.0 0.0 1.0
redkitchen/seq-11/color/frame-000251.color.png redkitchen/seq-11/color/frame-000254.color.png 0.99888 -0.0242068 0.0406597 -0.0233873 0.0244208 0.99969 -0.00477303 -0.0188063 -0.0405316 0.00576066 0.999162 0.0967687 0.0 0.0 0.0 1.0
redkitchen/seq-11/color/frame-000254.color.png redkitchen/seq-11/color/frame-000257.color.png 0.998953 -0.0326545 0.0320394 -0.0151824 0.0331369 0.999344 -0.0146426 -0.0217956 -0.0315402 0.015689 0.999379 0.0927239 0.0 0.0 0.0 1.0
redkitchen/seq-11/color/frame-000257.color.png redkitchen/seq-11/color/frame-000260.color.png 0.999243 -0.0292112 0.0257032 -0.0169349 0.0294854 0.999512 -0.0103529 -0.0310114 -0.0253882 0.0111029 0.999616 0.0730294 0.0 0.0 0.0 1.0
redkitchen/seq-11/color/frame-000260.color.png redkitchen/seq-11/color/frame-000263.color.png 0.999233 -0.0267482 0.0286127 -0.0211475 0.0270523 0.999581 -0.010297 -0.0243005 -0.0283253 0.0110631 0.999537 0.069359 0.0 0.0 0.0 1.0
redkitchen/seq-11/color/frame-000263.color.png redkitchen/seq-11/color/frame-000266.color.png 0.999544 -0.0233163 0.0192093 -0.0164933 0.0233652 0.999724 -0.0023267 -0.0302892 -0.0191497 0.00277447 0.999813 0.0634033 0.0 0.0 0.0 1.0
redkitchen/seq-11/color/frame-000266.color.png redkitchen/seq-11/color/frame-000269.color.png 0.999271 -0.0242934 0.0294423 -0.0156167 0.0243984 0.999697 -0.00320923 -0.0323608 -0.0293554 0.00392523 0.999561 0.072098 0.0 0.0 0.0 1.0
redkitchen/seq-11/color/frame-000269.color.png redkitchen/seq-11/color/frame-000272.color.png 0.999716 -0.0151088 0.018403 -0.00530422 0.0152946 0.999833 -0.00999807 -0.0179684 -0.0182489 0.0102767 0.999781 0.0476682 0.0 0.0 0.0 1.0
redkitchen/seq-11/color/frame-000272.color.png redkitchen/seq-11/color/frame-000275.color.png 0.999321 -0.0339624 0.0142755 -0.00813663 0.0342933 0.999133 -0.0236109 -0.0346238 -0.0134612 0.0240844 0.999619 0.0474856 0.0 0.0 0.0 1.0
redkitchen/seq-11/color/frame-000275.color.png redkitchen/seq-11/color/frame-000278.color.png 0.999894 -0.0144198 -0.00201166 0.0166243 0.0143964 0.999834 -0.0111934 -0.0112658 0.00217272 0.0111632 0.999935 0.0193902 0.0 0.0 0.0 1.0
redkitchen/seq-11/color/frame-000278.color.png redkitchen/seq-11/color/frame-000281.color.png 0.999791 -0.0165471 0.012042 0.0118918 0.0169518 0.999267 -0.0343231 -0.0119985 -0.0114652 0.0345201 0.999338 0.0481004 0.0 0.0 0.0 1.0
redkitchen/seq-11/color/frame-000281.color.png redkitchen/seq-11/color/frame-000284.color.png 0.999787 0.00276121 -0.0204387 0.0347224 -0.00383359 0.998607 -0.0526156 0.0364209 0.020265 0.0526828 0.998406 3.67761e-05 0.0 0.0 0.0 1.0
redkitchen/seq-11/color/frame-000284.color.png redkitchen/seq-11/color/frame-000287.color.png 0.999886 0.0124526 -0.00849983 0.0190487 -0.0125984 0.999771 -0.0173187 0.0289594 0.00828222 0.0174238 0.999814 0.00423098 0.0 0.0 0.0 1.0
redkitchen/seq-11/color/frame-000287.color.png redkitchen/seq-11/color/frame-000290.color.png 0.999165 0.012137 -0.0390236 0.0551513 -0.0132412 0.999516 -0.0281623 0.0307557 0.0386629 0.0286555 0.998841 -0.0275279 0.0 0.0 0.0 1.0
redkitchen/seq-11/color/frame-000290.color.png redkitchen/seq-11/color/frame-000293.color.png 0.999547 -0.0126259 -0.0273082 0.0283188 0.0119145 0.99959 -0.026058 -0.0225071 0.027626 0.0257208 0.999287 -0.0226592 0.0 0.0 0.0 1.0
redkitchen/seq-11/color/frame-000293.color.png redkitchen/seq-11/color/frame-000296.color.png 0.999434 0.00461965 -0.033307 0.0282435 -0.00546376 0.999665 -0.0252969 0.0268641 0.0331789 0.0254646 0.999125 -0.03023 0.0 0.0 0.0 1.0
redkitchen/seq-11/color/frame-000296.color.png redkitchen/seq-11/color/frame-000299.color.png 0.999327 0.00623021 -0.0361479 0.0351841 -0.00721704 0.999603 -0.0272336 0.0266225 0.0359639 0.0274762 0.998975 -0.0349371 0.0 0.0 0.0 1.0
redkitchen/seq-11/color/frame-000299.color.png redkitchen/seq-11/color/frame-000302.color.png 0.998447 0.0187339 -0.0524576 0.0484419 -0.0205813 0.999179 -0.0349009 0.0555878 0.0517607 0.0359264 0.998013 -0.0604284 0.0 0.0 0.0 1.0
redkitchen/seq-11/color/frame-000302.color.png redkitchen/seq-11/color/frame-000305.color.png 0.998856 0.0226871 -0.0420949 0.0235647 -0.0233573 0.999607 -0.0154978 0.0327889 0.0417268 0.0164633 0.998993 -0.0598782 0.0 0.0 0.0 1.0
redkitchen/seq-11/color/frame-000305.color.png redkitchen/seq-11/color/frame-000308.color.png 0.99866 0.0205813 -0.0474847 0.043785 -0.0212143 0.999692 -0.0128671 0.0571537 0.0472052 0.0138571 0.998789 -0.0613009 0.0 0.0 0.0 1.0
redkitchen/seq-11/color/frame-000308.color.png redkitchen/seq-11/color/frame-000311.color.png 0.999586 0.0212003 -0.0194463 -0.00715923 -0.0211441 0.999772 0.00309263 0.00379619 0.0195074 -0.00268014 0.999806 -0.0321413 0.0 0.0 0.0 1.0
redkitchen/seq-11/color/frame-000311.color.png redkitchen/seq-11/color/frame-000314.color.png 0.99941 0.0244074 -0.0241449 0.021875 -0.0245017 0.999693 -0.00361492 0.0364999 0.0240492 0.00420435 0.999702 -0.0269569 0.0 0.0 0.0 1.0
redkitchen/seq-11/color/frame-000314.color.png redkitchen/seq-11/color/frame-000317.color.png 0.999669 0.00592107 -0.0250425 0.00678241 -0.00594609 0.999982 -0.000924335 0.010507 0.0250366 0.00107296 0.999686 -0.0436133 0.0 0.0 0.0 1.0
redkitchen/seq-11/color/frame-000317.color.png redkitchen/seq-11/color/frame-000320.color.png 0.999684 0.0129968 -0.0215383 0.00867438 -0.0130261 0.999914 -0.00122096 0.0244348 0.0215206 0.00150111 0.999767 -0.0474998 0.0 0.0 0.0 1.0
redkitchen/seq-11/color/frame-000320.color.png redkitchen/seq-11/color/frame-000323.color.png 0.999373 0.0185661 -0.0301374 0.00618505 -0.0184706 0.999824 0.00344409 0.0250794 0.0301961 -0.0028853 0.99954 -0.0673515 0.0 0.0 0.0 1.0
redkitchen/seq-11/color/frame-000323.color.png redkitchen/seq-11/color/frame-000326.color.png 0.999312 0.0155286 -0.033684 0.0104055 -0.0155679 0.999878 -0.00090471 0.0453973 0.0336658 0.00142845 0.999432 -0.0642895 0.0 0.0 0.0 1.0
redkitchen/seq-11/color/frame-000326.color.png redkitchen/seq-11/color/frame-000329.color.png 0.998519 0.0286601 -0.0462538 0.0631498 -0.0279223 0.999474 0.0165196 0.0434975 0.046703 -0.0152036 0.998793 -0.10816 0.0 0.0 0.0 1.0
redkitchen/seq-11/color/frame-000329.color.png redkitchen/seq-11/color/frame-000332.color.png 0.998076 0.0387999 -0.0483682 0.0267712 -0.0384058 0.999221 0.00905035 0.0957589 0.0486818 -0.00717533 0.998788 -0.0776965 0.0 0.0 0.0 1.0
redkitchen/seq-11/color/frame-000332.color.png redkitchen/seq-11/color/frame-000335.color.png 0.997375 0.0460093 -0.0559087 0.0533712 -0.044767 0.998726 0.0232735 0.0674489 0.0569081 -0.0207096 0.998165 -0.101784 0.0 0.0 0.0 1.0
redkitchen/seq-11/color/frame-000335.color.png redkitchen/seq-11/color/frame-000338.color.png 0.996975 0.0624194 -0.0463181 0.0631444 -0.0607864 0.997506 0.0358659 0.0771406 0.0484414 -0.0329419 0.998283 -0.0948356 0.0 0.0 0.0 1.0
redkitchen/seq-11/color/frame-000338.color.png redkitchen/seq-11/color/frame-000341.color.png 0.997993 0.0401757 -0.0489519 0.0675489 -0.0390163 0.99894 0.0244147 0.0495504 0.049881 -0.0224558 0.998503 -0.085645 0.0 0.0 0.0 1.0
redkitchen/seq-11/color/frame-000341.color.png redkitchen/seq-11/color/frame-000344.color.png 0.998685 0.0433574 -0.0273602 0.0542516 -0.0428454 0.9989 0.0190309 0.0510062 0.0281552 -0.0178335 0.999445 -0.05018 0.0 0.0 0.0 1.0
redkitchen/seq-11/color/frame-000344.color.png redkitchen/seq-11/color/frame-000347.color.png 0.999199 0.0363571 -0.0167385 0.0489504 -0.0361549 0.999271 0.0122268 0.0504148 0.0171709 -0.0116118 0.999785 -0.0273197 0.0 0.0 0.0 1.0
redkitchen/seq-11/color/frame-000347.color.png redkitchen/seq-11/color/frame-000350.color.png 0.999339 0.0303317 -0.0200174 0.0732818 -0.0299975 0.999409 0.0167895 0.0457838 0.0205148 -0.0161779 0.999659 -0.028667 0.0 0.0 0.0 1.0
redkitchen/seq-11/color/frame-000350.color.png redkitchen/seq-11/color/frame-000353.color.png 0.99989 0.0078938 -0.012532 0.0590194 -0.00778578 0.999932 0.00864872 0.0121697 0.0125995 -0.00855018 0.999884 -0.0121734 0.0 0.0 0.0 1.0
redkitchen/seq-11/color/frame-000353.color.png redkitchen/seq-11/color/frame-000356.color.png 0.999876 0.0126947 -0.00926639 0.0512064 -0.0127261 0.999914 -0.00334732 0.0358289 0.00922305 0.00346479 0.999951 0.00430655 0.0 0.0 0.0 1.0
redkitchen/seq-11/color/frame-000356.color.png redkitchen/seq-11/color/frame-000359.color.png 0.999868 0.00764692 0.0143588 0.0584618 -0.00786439 0.999854 0.0151469 0.00290874 -0.0142408 -0.0152578 0.999782 0.0282487 0.0 0.0 0.0 1.0
redkitchen/seq-11/color/frame-000359.color.png redkitchen/seq-11/color/frame-000362.color.png 0.999968 -0.00698758 0.00375896 0.0426915 0.00691468 0.999794 0.0190737 -0.0247935 -0.00389161 -0.0190471 0.999811 0.00186902 0.0 0.0 0.0 1.0
redkitchen/seq-11/color/frame-000362.color.png redkitchen/seq-11/color/frame-000365.color.png 0.999926 0.0112413 0.00474937 0.0593264 -0.0113479 0.99967 0.0230494 0.00940318 -0.00448874 -0.0231016 0.999723 0.0143108 0.0 0.0 0.0 1.0
redkitchen/seq-11/color/frame-000365.color.png redkitchen/seq-11/color/frame-000368.color.png 0.999825 0.0166368 0.00860092 0.0300373 -0.0168242 0.999612 0.0221843 0.00559194 -0.00822851 -0.0223251 0.999717 0.000744402 0.0 0.0 0.0 1.0
redkitchen/seq-11/color/frame-000368.color.png redkitchen/seq-11/color/frame-000371.color.png 0.999905 0.0137648 -0.000737255 0.0299859 -0.0137424 0.999602 0.0246525 0.00672913 0.0010763 -0.0246401 0.999696 -0.0063802 0.0 0.0 0.0 1.0
redkitchen/seq-11/color/frame-000371.color.png redkitchen/seq-11/color/frame-000374.color.png 0.99992 0.00369046 -0.0121278 0.0468019 -0.00337316 0.999654 0.0260758 -0.0120992 0.01222 -0.0260328 0.999586 -0.0191265 0.0 0.0 0.0 1.0
redkitchen/seq-11/color/frame-000374.color.png redkitchen/seq-11/color/frame-000377.color.png 0.999971 -0.00570137 -0.00498105 0.0340204 0.00580171 0.999776 0.0203781 -0.0282024 0.00486377 -0.0204063 0.99978 -0.00656587 0.0 0.0 0.0 1.0
redkitchen/seq-11/color/frame-000377.color.png redkitchen/seq-11/color/frame-000380.color.png 0.99996 -0.00500771 -0.00742531 0.0355932 0.00511278 0.999886 0.0142033 -0.0354605 0.00735316 -0.0142407 0.999871 -0.0259017 0.0 0.0 0.0 1.0
redkitchen/seq-11/color/frame-000380.color.png redkitchen/seq-11/color/frame-000383.color.png 0.999891 0.00617642 0.0134002 0.0122612 -0.00587864 0.999738 -0.0221457 0.0276626 -0.0135332 0.0220645 0.999665 0.0398163 0.0 0.0 0.0 1.0
redkitchen/seq-11/color/frame-000383.color.png redkitchen/seq-11/color/frame-000386.color.png 0.999883 0.00524868 -0.0143816 0.0304456 -0.00511496 0.999943 0.0093183 -0.0117931 0.0144296 -0.00924363 0.999853 -0.0338059 0.0 0.0 0.0 1.0
redkitchen/seq-11/color/frame-000386.color.png redkitchen/seq-11/color/frame-000389.color.png 0.999674 0.0102423 -0.0233993 0.0400357 -0.0103894 0.999927 -0.0061709 0.00388423 0.0233344 0.006412 0.999707 -0.0504071 0.0 0.0 0.0 1.0
redkitchen/seq-11/color/frame-000389.color.png redkitchen/seq-11/color/frame-000392.color.png 0.998074 -0.00326124 -0.0619494 0.063904 0.00260031 0.999939 -0.010747 -0.0069671 0.0619809 0.0105651 0.998022 -0.117033 0.0 0.0 0.0 1.0
redkitchen/seq-11/color/frame-000392.color.png redkitchen/seq-11/color/frame-000395.color.png 0.999639 0.000107498 -0.0268534 0.0299339 -0.000709489 0.999749 -0.0224051 0.000957787 0.0268442 0.0224162 0.999388 -0.0527016 0.0 0.0 0.0 1.0
redkitchen/seq-11/color/frame-000395.color.png redkitchen/seq-11/color/frame-000398.color.png 0.99887 0.00408302 -0.0473565 0.0428855 -0.00566146 0.999431 -0.0332464 0.0143284 0.0471937 0.0334769 0.998325 -0.0771878 0.0 0.0 0.0 1.0
redkitchen/seq-11/color/frame-000398.color.png redkitchen/seq-11/color/frame-000401.color.png 0.99783 0.0324249 -0.0573013 0.0616274 -0.0345092 0.998764 -0.035767 0.0775138 0.0560708 0.0376668 0.997716 -0.100775 0.0 0.0 0.0 1.0
redkitchen/seq-11/color/frame-000401.color.png redkitchen/seq-11/color/frame-000404.color.png 0.999626 0.0115602 -0.0247753 0.0334885 -0.0116963 0.999917 -0.00535259 0.014145 0.0247113 0.00564041 0.999679 -0.0443392 0.0 0.0 0.0 1.0
redkitchen/seq-11/color/frame-000404.color.png redkitchen/seq-11/color/frame-000407.color.png 0.999889 0.00726809 -0.012983 0.0196421 -0.0073189 0.999966 -0.00387358 0.0134664 0.0129543 0.0039682 0.999908 -0.00192744 0.0 0.0 0.0 1.0
redkitchen/seq-11/color/frame-000407.color.png redkitchen/seq-11/color/frame-000410.color.png 0.999983 0.00241928 -0.00529194 0.0307219 -0.00250166 0.999875 -0.0156147 0.0128346 0.00525347 0.0156277 0.999864 -0.000693142 0.0 0.0 0.0 1.0
redkitchen/seq-11/color/frame-000410.color.png redkitchen/seq-11/color/frame-000413.color.png 0.999919 -0.012692 0.000961036 -0.00291729 0.0127008 0.999871 -0.00977734 -0.0202927 -0.00083663 0.00978872 0.999952 0.0288911 0.0 0.0 0.0 1.0
redkitchen/seq-11/color/frame-000413.color.png redkitchen/seq-11/color/frame-000416.color.png 0.999819 -0.0190229 -0.000795273 -0.00325751 0.0190115 0.999742 -0.0124204 -0.0336697 0.0010313 0.0124031 0.999923 0.0294214 0.0 0.0 0.0 1.0
redkitchen/seq-11/color/frame-000416.color.png redkitchen/seq-11/color/frame-000419.color.png 0.999198 -0.0368194 -0.0157048 0.0127094 0.0365026 0.999133 -0.0200081 -0.063944 0.0164278 0.0194188 0.999676 0.0042938 0.0 0.0 0.0 1.0
redkitchen/seq-11/color/frame-000419.color.png redkitchen/seq-11/color/frame-000422.color.png 0.999123 -0.0328536 -0.0259454 0.0121615 0.0327504 0.999454 -0.00439094 -0.0862157 0.0260754 0.00353737 0.999654 -0.0236368 0.0 0.0 0.0 1.0
redkitchen/seq-11/color/frame-000422.color.png redkitchen/seq-11/color/frame-000425.color.png 0.999458 -0.0306239 -0.0121071 0.0123813 0.0303781 0.999339 -0.0199908 -0.0578342 0.0127114 0.0196121 0.999727 0.00808585 0.0 0.0 0.0 1.0
redkitchen/seq-11/color/frame-000425.color.png redkitchen/seq-11/color/frame-000428.color.png 0.999756 -0.0211675 0.0062508 -0.024914 0.0212059 0.999756 -0.00615302 -0.0461672 -0.0061192 0.00628408 0.999961 0.0328743 0.0 0.0 0.0 1.0
redkitchen/seq-11/color/frame-000428.color.png redkitchen/seq-11/color/frame-000431.color.png 0.99976 -0.0128635 -0.0177457 -0.00500369 0.0128292 0.999916 -0.0020419 -0.0347966 0.0177706 0.00181379 0.99984 -0.0199504 0.0 0.0 0.0 1.0
redkitchen/seq-11/color/frame-000431.color.png redkitchen/seq-11/color/frame-000434.color.png 0.999824 -0.00869412 -0.0165997 0.00847077 0.00862925 0.999955 -0.00397513 -0.017601 0.0166336 0.0038311 0.999854 -0.0249358 0.0 0.0 0.0 1.0
redkitchen/seq-11/color/frame-000434.color.png redkitchen/seq-11/color/frame-000437.color.png 0.999982 -0.00225372 -0.00559507 -0.0161951 0.00227224 0.999992 0.00330719 -0.017877 0.00558751 -0.00331979 0.999979 -7.37906e-05 0.0 0.0 0.0 1.0
redkitchen/seq-11/color/frame-000437.color.png redkitchen/seq-11/color/frame-000440.color.png 0.999881 -0.0126233 0.00886361 -0.0339537 0.0126114 0.99992 0.00140404 -0.0334111 -0.00888066 -0.00129212 0.99996 0.0306121 0.0 0.0 0.0 1.0
redkitchen/seq-11/color/frame-000440.color.png redkitchen/seq-11/color/frame-000443.color.png 0.99985 -0.0147399 0.00912426 -0.0398815 0.0147544 0.99989 -0.0015222 -0.0454325 -0.00910076 0.00165661 0.999957 0.0235952 0.0 0.0 0.0 1.0
redkitchen/seq-11/color/frame-000443.color.png redkitchen/seq-11/color/frame-000446.color.png 0.999841 -0.00462606 0.0172422 -0.0483761 0.00460784 0.999989 0.00109569 -0.0336186 -0.017247 -0.00101607 0.999851 0.0314431 0.0 0.0 0.0 1.0
redkitchen/seq-11/color/frame-000446.color.png redkitchen/seq-11/color/frame-000449.color.png 0.999913 -0.00475963 0.0122737 -0.0582614 0.00477565 0.999988 -0.00127634 -0.0160385 -0.0122675 0.00133484 0.999924 0.0208988 0.0 0.0 0.0 1.0
redkitchen/seq-11/color/frame-000449.color.png redkitchen/seq-11/color/frame-000452.color.png 0.999979 -0.00155941 0.00631935 -0.0588219 0.00151577 0.999975 0.00689927 -0.0209073 -0.00632991 -0.00688952 0.999956 0.00884306 0.0 0.0 0.0 1.0
redkitchen/seq-11/color/frame-000452.color.png redkitchen/seq-11/color/frame-000455.color.png 0.999594 0.00317793 0.0283306 -0.117987 -0.00321401 0.999994 0.00122763 -0.00615764 -0.0283265 -0.00131825 0.999598 0.0361009 0.0 0.0 0.0 1.0
redkitchen/seq-11/color/frame-000455.color.png redkitchen/seq-11/color/frame-000458.color.png 0.999523 -0.0280436 0.0129171 -0.101566 0.0280753 0.999603 -0.00227849 -0.061422 -0.012848 0.00264009 0.999914 0.014663 0.0 0.0 0.0 1.0
redkitchen/seq-11/color/frame-000458.color.png redkitchen/seq-11/color/frame-000461.color.png 0.999765 -0.0196927 0.00902832 -0.0909464 0.0195803 0.999732 0.0123712 -0.056718 -0.00926952 -0.0121916 0.999883 -0.000312209 0.0 0.0 0.0 1.0
redkitchen/seq-11/color/frame-000461.color.png redkitchen/seq-11/color/frame-000464.color.png 0.999918 0.00195264 0.0126844 -0.0666283 -0.00226572 0.999692 0.0247113 -0.0215672 -0.0126322 -0.024738 0.999614 -0.00280225 0.0 0.0 0.0 1.0
redkitchen/seq-11/color/frame-000464.color.png redkitchen/seq-11/color/frame-000467.color.png 0.999785 0.0119534 0.0169507 -0.0602646 -0.0119505 0.999929 -0.000270752 0.0230912 -0.0169528 6.81323e-05 0.999856 0.0249339 0.0 0.0 0.0 1.0
redkitchen/seq-11/color/frame-000467.color.png redkitchen/seq-11/color/frame-000470.color.png 0.999882 0.0150498 0.00297959 -0.037167 -0.0150579 0.999883 0.00273536 0.0158579 -0.00293801 -0.00277986 0.999992 0.0109189 0.0 0.0 0.0 1.0
redkitchen/seq-11/color/frame-000470.color.png redkitchen/seq-11/color/frame-000473.color.png 0.999803 0.00573604 0.0189831 -0.0608814 -0.00571937 0.999983 -0.000934053 0.0114406 -0.0189881 0.000825298 0.999819 0.0298349 0.0 0.0 0.0 1.0
redkitchen/seq-11/color/frame-000473.color.png redkitchen/seq-11/color/frame-000476.color.png 0.999955 -0.00414384 0.00855895 -0.0358955 0.00408235 0.999966 0.00718886 -0.0189989 -0.00858836 -0.00715363 0.999938 0.0215183 0.0 0.0 0.0 1.0
redkitchen/seq-11/color/frame-000476.color.png redkitchen/seq-11/color/frame-000479.color.png 0.99928 -0.0153517 0.0347025 -0.0814335 0.0152721 0.99988 0.00255886 -0.0337134 -0.0347377 -0.00202707 0.999394 0.0518161 0.0 0.0 0.0 1.0
redkitchen/seq-11/color/frame-000479.color.png redkitchen/seq-11/color/frame-000482.color.png 0.999758 -0.0167681 0.014233 -0.0529895 0.0166465 0.999824 0.00861967 -0.0391778 -0.014375 -0.00838065 0.999861 0.022482 0.0 0.0 0.0 1.0
redkitchen/seq-11/color/frame-000482.color.png redkitchen/seq-11/color/frame-000485.color.png 0.999458 -0.022025 0.0244723 -0.0806124 0.0218273 0.999727 0.00831729 -0.0520729 -0.0246488 -0.00777858 0.999666 0.042347 0.0 0.0 0.0 1.0
redkitchen/seq-11/color/frame-000485.color.png redkitchen/seq-11/color/frame-000488.color.png 0.999569 -0.0286378 0.00650315 -0.0666429 0.028562 0.999526 0.0114746 -0.0595232 -0.00682879 -0.0112839 0.999913 0.0157405 0.0 0.0 0.0 1.0
redkitchen/seq-11/color/frame-000488.color.png redkitchen/seq-11/color/frame-000491.color.png 0.999798 -0.0093033 0.0178305 -0.0528003 0.00950535 0.999891 -0.0112827 0.00434065 -0.0177236 0.0114499 0.999777 0.0360606 0.0 0.0 0.0 1.0
redkitchen/seq-11/color/frame-000491.color.png redkitchen/seq-11/color/frame-000494.color.png 0.999871 0.0111916 0.011481 -0.0491525 -0.0112926 0.999898 0.00877385 0.00578326 -0.0113816 -0.00890233 0.999896 0.00928128 0.0 0.0 0.0 1.0
redkitchen/seq-11/color/frame-000494.color.png redkitchen/seq-11/color/frame-000497.color.png 0.9999 -0.000274422 0.0141443 -0.0437689 0.000245032 0.999998 0.00208182 -0.002891 -0.0141449 -0.00207814 0.999898 0.0208918 0.0 0.0 0.0 1.0
redkitchen/seq-11/color/frame-000497.color.png redkitchen/seq-11/color/frame-000500.color.png 0.999468 -0.00519722 0.0321915 -0.0740327 0.0049019 0.999945 0.00924529 -0.0082587 -0.0322378 -0.00908258 0.999439 0.0362946 0.0 0.0 0.0 1.0
redkitchen/seq-11/color/frame-000500.color.png redkitchen/seq-11/color/frame-000503.color.png 0.999836 -0.00564827 0.0171933 -0.0541443 0.00556131 0.999972 0.0051004 -0.00819683 -0.0172215 -0.00500398 0.999839 0.00479591 0.0 0.0 0.0 1.0
redkitchen/seq-11/color/frame-000503.color.png redkitchen/seq-11/color/frame-000506.color.png 0.999397 -0.00447947 0.0344362 -0.054252 0.00442927 0.999989 0.00153256 -0.00974518 -0.0344425 -0.00137909 0.999406 0.0321677 0.0 0.0 0.0 1.0
redkitchen/seq-11/color/frame-000506.color.png redkitchen/seq-11/color/frame-000509.color.png 0.999867 -0.00249866 0.0160946 -0.0543649 0.00216498 0.999783 0.0207189 -0.0188096 -0.0161431 -0.0206813 0.999656 -0.0076865 0.0 0.0 0.0 1.0
redkitchen/seq-11/color/frame-000509.color.png redkitchen/seq-11/color/frame-000512.color.png 0.999152 -0.0133762 0.038931 -0.0945338 0.013175 0.999898 0.00542232 -0.0105242 -0.0389996 -0.00490481 0.999227 0.0194918 0.0 0.0 0.0 1.0
