redkitchen/seq-11/color/frame-000000.color.png redkitchen/seq-11/color/frame-000002.color.png 0.999998 0.00189729 -0.00103384 -0.000204731 -0.0018954 0.999997 0.00182448 0.00127483 0.0010373 -0.00182251 0.999998 -0.00121433 0.0 0.0 0.0 1.0
redkitchen/seq-11/color/frame-000002.color.png redkitchen/seq-11/color/frame-000004.color.png 0.999999 0.000870674 -0.000516791 -0.00328013 -0.000869705 0.999998 0.0018718 -0.00233495 0.000518419 -0.00187135 0.999998 0.000694351 0.0 0.0 0.0 1.0
redkitchen/seq-11/color/frame-000004.color.png redkitchen/seq-11/color/frame-000006.color.png 0.999995 -0.00313696 0.000808323 -0.00358363 0.00313895 0.999992 -0.0024755 -0.00366658 -0.000800551 0.00247802 0.999997 -0.000138401 0.0 0.0 0.0 1.0
redkitchen/seq-11/color/frame-000006.color.png redkitchen/seq-11/color/frame-000008.color.png 0.999999 0.00160719 0.000394211 -0.00244967 -0.00160564 0.999991 -0.00391441 0.00309549 -0.000400499 0.00391377 0.999992 -0.00267714 0.0 0.0 0.0 1.0
redkitchen/seq-11/color/frame-000008.color.png redkitchen/seq-11/color/frame-000010.color.png 0.999984 0.00233442 0.0050603 -0.0076455 -0.00235893 0.999985 0.00484182 -0.00295106 -0.00504893 -0.00485368 0.999975 -0.00204419 0.0 0.0 0.0 1.0
redkitchen/seq-11/color/frame-000010.color.png redkitchen/seq-11/color/frame-000012.color.png 0.999989 0.00461322 0.000107722 -0.0105108 -0.00461334 0.999989 0.00114143 -0.00372498 -0.000102454 -0.00114192 0.999999 -0.000632803 0.0 0.0 0.0 1.0
redkitchen/seq-11/color/frame-000012.color.png redkitchen/seq-11/color/frame-000014.color.png 0.999959 0.00895278 -0.00151047 -0.0109832 -0.00895376 0.99996 -0.000636658 -0.00280419 0.00150471 0.000650156 0.999999 -0.00104455 0.0 0.0 0.0 1.0
redkitchen/seq-11/color/frame-000014.color.png redkitchen/seq-11/color/frame-000016.color.png 0.99997 0.00638932 0.00444315 -0.0108696 -0.00639915 0.999977 0.00220392 -0.00502084 -0.00442897 -0.00223228 0.999988 -0.00275139 0.0 0.0 0.0 1.0
redkitchen/seq-11/color/frame-000016.color.png redkitchen/seq-11/color/frame-000018.color.png 0.999968 0.00560209 0.00573362 -0.0152493 -0.00560644 0.999984 0.000741437 -0.00746604 -0.00572938 -0.000773559 0.999983 -0.00288585 0.0 0.0 0.0 1.0
redkitchen/seq-11/color/frame-000018.color.png redkitchen/seq-11/color/frame-000020.color.png 0.999968 0.0045894 0.00654526 -0.0123755 -0.004598 0.999989 0.00130071 -0.00328555 -0.00653922 -0.00133077 0.999978 -0.00882952 0.0 0.0 0.0 1.0
redkitchen/seq-11/color/frame-000020.color.png redkitchen/seq-11/color/frame-000022.color.png 0.999984 0.000358309 0.00571325 -0.0106668 -0.000382388 0.999991 0.00421496 -0.00281202 -0.00571168 -0.00421707 0.999975 -0.00195674 0.0 0.0 0.0 1.0
redkitchen/seq-11/color/frame-000022.color.png redkitchen/seq-11/color/frame-000024.color.png 0.999937 0.00483192 0.0101665 -0.0251621 -0.00490805 0.99996 0.00747541 -0.0113092 -0.0101299 -0.00752484 0.99992 -0.00151169 0.0 0.0 0.0 1.0
redkitchen/seq-11/color/frame-000024.color.png redkitchen/seq-11/color/frame-000026.color.png 0.99996 0.00270188 0.00851582 -0.0210123 -0.00271302 0.999996 0.00129828 -0.0112624 -0.00851227 -0.00132132 0.999963 -0.0058282 0.0 0.0 0.0 1.0
redkitchen/seq-11/color/frame-000026.color.png redkitchen/seq-11/color/frame-000028.color.png 0.999944 0.00732428 0.0076123 -0.0222017 -0.00729622 0.999966 -0.00370765 -0.0109917 -0.00763921 0.00365189 0.999964 -0.00637252 0.0 0.0 0.0 1.0
redkitchen/seq-11/color/frame-000028.color.png redkitchen/seq-11/color/frame-000030.color.png 0.999994 0.000880246 0.00342675 -0.0146608 -0.000867157 0.999992 -0.00381906 -0.00112053 -0.00343008 0.00381607 0.999987 0.000375412 0.0 0.0 0.0 1.0
redkitchen/seq-11/color/frame-000030.color.png redkitchen/seq-11/color/frame-000032.color.png 0.999928 -0.0119373 -0.00101851 -0.015108 0.011935 0.999926 -0.00218063 -0.00424649 0.00104447 0.00216831 0.999997 -0.00947877 0.0 0.0 0.0 1.0
redkitchen/seq-11/color/frame-000032.color.png redkitchen/seq-11/color/frame-000034.color.png 0.999888 -0.0110046 0.0101416 -0.0246674 0.0109688 0.999933 0.00357554 -0.0065262 -0.0101803 -0.0034639 0.999942 -0.00732571 0.0 0.0 0.0 1.0
redkitchen/seq-11/color/frame-000034.color.png redkitchen/seq-11/color/frame-000036.color.png 0.999936 -0.0109374 0.00304575 -0.0243698 0.01096 0.999912 -0.00751217 -0.00339929 -0.00296329 0.00754507 0.999967 -0.0092902 0.0 0.0 0.0 1.0
redkitchen/seq-11/color/frame-000036.color.png redkitchen/seq-11/color/frame-000038.color.png 0.999903 -0.0129399 0.00516626 -0.00601044 0.0129126 0.999903 0.00527383 0.00275439 -0.00523401 -0.00520661 0.999973 -0.0126932 0.0 0.0 0.0 1.0
redkitchen/seq-11/color/frame-000038.color.png redkitchen/seq-11/color/frame-000040.color.png 0.999863 -0.00660289 0.0152061 -0.0127952 0.00650735 0.999959 0.00632455 -0.00618351 -0.0152472 -0.00622473 0.999864 -0.0101537 0.0 0.0 0.0 1.0
redkitchen/seq-11/color/frame-000040.color.png redkitchen/seq-11/color/frame-000042.color.png 0.999846 -0.00373317 0.0171337 -0.0280124 0.00369107 0.99999 0.00248801 -0.00747056 -0.0171428 -0.00242438 0.99985 -0.0181529 0.0 0.0 0.0 1.0
redkitchen/seq-11/color/frame-000042.color.png redkitchen/seq-11/color/frame-000044.color.png 0.999923 -0.00961483 0.00783587 -0.00149107 0.00955517 0.999925 0.00761627 0.0086404 -0.00790848 -0.00754081 0.99994 -0.0116104 0.0 0.0 0.0 1.0
redkitchen/seq-11/color/frame-000044.color.png redkitchen/seq-11/color/frame-000046.color.png 0.99951 -0.00855603 0.0301001 -0.024527 0.00794424 0.999761 0.0203866 -0.0186607 -0.0302673 -0.0201375 0.999339 -0.0312267 0.0 0.0 0.0 1.0
redkitchen/seq-11/color/frame-000046.color.png redkitchen/seq-11/color/frame-000048.color.png 0.999874 0.00341686 0.0155038 -0.0206396 -0.00345472 0.999991 0.00241549 -0.0151324 -0.0154954 -0.00246874 0.999877 -0.0186784 0.0 0.0 0.0 1.0
redkitchen/seq-11/color/frame-000048.color.png redkitchen/seq-11/color/frame-000050.color.png 0.999982 0.00356391 0.00482534 -0.00511101 -0.00355275 0.999991 -0.00231887 -0.00300179 -0.00483355 0.00230168 0.999986 -0.00900558 0.0 0.0 0.0 1.0
redkitchen/seq-11/color/frame-000050.color.png redkitchen/seq-11/color/frame-000052.color.png 0.999963 0.002971 0.00813793 -0.0174514 -0.00292264 0.999978 -0.00594773 -0.0100203 -0.00815546 0.00592372 0.999949 -0.0182834 0.0 0.0 0.0 1.0
redkitchen/seq-11/color/frame-000052.color.png redkitchen/seq-11/color/frame-000054.color.png 0.999966 0.00735938 -0.00361137 -0.0150937 -0.00738573 0.999946 -0.00733869 -0.00897135 0.00355718 0.00736511 0.999967 -0.0188537 0.0 0.0 0.0 1.0
redkitchen/seq-11/color/frame-000054.color.png redkitchen/seq-11/color/frame-000056.color.png 0.99995 0.00232606 -0.0096821 -0.00988024 -0.0023328 0.999997 -0.000684887 -0.00592038 0.00968046 0.00070744 0.999953 -0.0171928 0.0 0.0 0.0 1.0
redkitchen/seq-11/color/frame-000056.color.png redkitchen/seq-11/color/frame-000058.color.png 0.999982 -0.00597516 0.000653192 -0.00847009 0.00597424 0.999981 0.00139899 0.000875607 -0.000661577 -0.00139507 0.999999 -0.0230172 0.0 0.0 0.0 1.0
redkitchen/seq-11/color/frame-000058.color.png redkitchen/seq-11/color/frame-000060.color.png 0.999924 -0.0121928 -0.00175795 -0.0177418 0.0121839 0.999913 -0.00496604 -0.00113259 0.00181839 0.00494424 0.999986 -0.00936885 0.0 0.0 0.0 1.0
redkitchen/seq-11/color/frame-000060.color.png redkitchen/seq-11/color/frame-000062.color.png 0.99998 -0.00458464 -0.00443192 -0.0168014 0.00456248 0.999977 -0.00499394 -0.00605319 0.00445473 0.00497362 0.999978 -0.0188328 0.0 0.0 0.0 1.0
redkitchen/seq-11/color/frame-000062.color.png redkitchen/seq-11/color/frame-000064.color.png 0.999861 -0.00156226 -0.0166142 -0.0156625 0.00143872 0.999971 -0.00744539 0.00157452 0.0166253 0.00742046 0.999834 -0.0107891 0.0 0.0 0.0 1.0
redkitchen/seq-11/color/frame-000064.color.png redkitchen/seq-11/color/frame-000066.color.png 0.999747 0.00956116 -0.0203641 -0.0127456 -0.00933702 0.999895 0.0110731 0.00413443 0.0204679 -0.0108802 0.999731 -0.0138066 0.0 0.0 0.0 1.0
redkitchen/seq-11/color/frame-000066.color.png redkitchen/seq-11/color/frame-000068.color.png 0.99981 -0.00421366 -0.0190494 -0.0106782 0.0045079 0.999871 0.0154296 -0.00534432 0.0189819 -0.0155126 0.999699 -0.0135615 0.0 0.0 0.0 1.0
redkitchen/seq-11/color/frame-000068.color.png redkitchen/seq-11/color/frame-000070.color.png 0.999842 -0.00504779 -0.0170544 -0.00133762 0.00508592 0.999985 0.00219293 -0.00927958 0.0170431 -0.00227933 0.999852 -0.0161544 0.0 0.0 0.0 1.0
redkitchen/seq-11/color/frame-000070.color.png redkitchen/seq-11/color/frame-000072.color.png 0.999993 -0.00330683 0.00154172 0.00116283 0.0033089 0.999994 -0.00134078 -0.00137994 -0.00153726 0.00134588 0.999998 -0.0126238 0.0 0.0 0.0 1.0
redkitchen/seq-11/color/frame-000072.color.png redkitchen/seq-11/color/frame-000074.color.png 0.999944 0.00481407 0.00944959 -0.00509846 -0.00490185 0.999945 0.00928797 0.00541161 -0.00940436 -0.00933377 0.999912 -0.0230881 0.0 0.0 0.0 1.0
redkitchen/seq-11/color/frame-000074.color.png redkitchen/seq-11/color/frame-000076.color.png 0.999985 0.0053045 0.00161808 -0.00735444 -0.00531799 0.99995 0.0084504 -0.00674528 -0.00157317 -0.00845888 0.999963 -0.0143183 0.0 0.0 0.0 1.0
redkitchen/seq-11/color/frame-000076.color.png redkitchen/seq-11/color/frame-000078.color.png 0.999936 -0.00111108 -0.0112504 -0.00906229 0.00112122 0.999999 0.000894698 -0.0174466 0.0112494 -0.000907244 0.999936 -0.00596631 0.0 0.0 0.0 1.0
redkitchen/seq-11/color/frame-000078.color.png redkitchen/seq-11/color/frame-000080.color.png 0.99997 0.000477079 0.0077917 -0.00596201 -0.000489494 0.999999 0.00159133 0.00411968 -0.00779095 -0.00159511 0.999968 -0.0118496 0.0 0.0 0.0 1.0
redkitchen/seq-11/color/frame-000080.color.png redkitchen/seq-11/color/frame-000082.color.png 0.999998 0.00192705 -0.000862887 -0.0147569 -0.00192348 0.99999 0.00413053 -0.00457489 0.000870832 -0.00412887 0.999991 0.00202686 0.0 0.0 0.0 1.0
redkitchen/seq-11/color/frame-000082.color.png redkitchen/seq-11/color/frame-000084.color.png 0.999642 0.00275814 -0.0266081 -0.0111782 -0.00283763 0.999992 -0.00295008 -0.0144771 0.0265998 0.00302453 0.999642 0.00418895 0.0 0.0 0.0 1.0
redkitchen/seq-11/color/frame-000084.color.png redkitchen/seq-11/color/frame-000086.color.png 0.999844 0.00553709 -0.0167784 -0.00492674 -0.0054978 0.999982 0.00238656 -0.0237631 0.0167913 -0.00229391 0.999856 0.00151616 0.0 0.0 0.0 1.0
redkitchen/seq-11/color/frame-000086.color.png redkitchen/seq-11/color/frame-000088.color.png 0.999884 0.0152517 0.000321191 0.00209621 -0.0152484 0.999848 -0.00846148 -0.0223574 -0.0004502 0.00845558 0.999964 -0.00348049 0.0 0.0 0.0 1.0
redkitchen/seq-11/color/frame-000088.color.png redkitchen/seq-11/color/frame-000090.color.png 0.999958 0.00862388 0.00315618 -0.0183367 -0.00859439 0.99992 -0.00924283 -0.016392 -0.00323564 0.00921534 0.999952 -0.00225121 0.0 0.0 0.0 1.0
redkitchen/seq-11/color/frame-000090.color.png redkitchen/seq-11/color/frame-000092.color.png 0.999652 0.00928494 -0.0246798 -0.0165967 -0.00925507 0.999956 0.00132401 -0.0182775 0.024691 -0.00109514 0.999695 0.0113352 0.0 0.0 0.0 1.0
redkitchen/seq-11/color/frame-000092.color.png redkitchen/seq-11/color/frame-000094.color.png 0.999855 0.00865298 -0.0146951 -0.00856602 -0.00862608 0.999961 0.00189306 -0.0125478 0.0147109 -0.00176601 0.99989 0.0119025 0.0 0.0 0.0 1.0
redkitchen/seq-11/color/frame-000094.color.png redkitchen/seq-11/color/frame-000096.color.png 0.999689 -0.000330568 -0.0249524 -0.000107706 0.000229965 0.999992 -0.00403421 -0.0200675 0.0249535 0.00402722 0.999681 0.0194487 0.0 0.0 0.0 1.0
redkitchen/seq-11/color/frame-000096.color.png redkitchen/seq-11/color/frame-000098.color.png 0.999871 0.00697888 -0.0144616 -0.00921518 -0.00702376 0.999971 -0.00305509 -0.0205081 0.0144399 0.00315627 0.999891 0.0162433 0.0 0.0 0.0 1.0
redkitchen/seq-11/color/frame-000098.color.png redkitchen/seq-11/color/frame-000100.color.png 0.999787 -0.00062149 -0.0206374 -0.00641078 0.000526941 0.999989 -0.00458648 -0.0191726 0.02064 0.00457463 0.999776 0.0278423 0.0 0.0 0.0 1.0
redkitchen/seq-11/color/frame-000100.color.png redkitchen/seq-11/color/frame-000102.color.png 0.99982 0.0107825 -0.0155895 0.00665891 -0.0107834 0.999942 2.93118e-05 -0.0221097 0.0155889 0.000138788 0.999878 0.00131384 0.0 0.0 0.0 1.0
redkitchen/seq-11/color/frame-000102.color.png redkitchen/seq-11/color/frame-000104.color.png 0.99988 0.0128553 -0.00862 -0.0180276 -0.0127556 0.999852 0.0115266 -0.0259031 0.00876691 -0.0114152 0.999896 0.0101555 0.0 0.0 0.0 1.0
redkitchen/seq-11/color/frame-000104.color.png redkitchen/seq-11/color/frame-000106.color.png 0.998989 0.024478 -0.0377169 -0.0167688 -0.0240298 0.999636 0.0122929 -0.0230917 0.038004 -0.0113741 0.999213 0.00773144 0.0 0.0 0.0 1.0
redkitchen/seq-11/color/frame-000106.color.png redkitchen/seq-11/color/frame-000108.color.png 0.99803 0.0328751 -0.053436 0.00896442 -0.0324364 0.999433 0.00905614 -0.0295655 0.0537034 -0.00730502 0.99853 0.0751108 0.0 0.0 0.0 1.0
redkitchen/seq-11/color/frame-000108.color.png redkitchen/seq-11/color/frame-000110.color.png 0.999074 0.028589 -0.0321559 0.0144672 -0.0285105 0.999589 0.00289752 -0.0214768 0.0322255 -0.00197803 0.999479 0.0264903 0.0 0.0 0.0 1.0
redkitchen/seq-11/color/frame-000110.color.png redkitchen/seq-11/color/frame-000112.color.png 0.999077 0.0235786 -0.0358974 -0.0191883 -0.0232289 0.999679 0.010129 -0.0448353 0.0361247 -0.00928583 0.999304 0.0110886 0.0 0.0 0.0 1.0
redkitchen/seq-11/color/frame-000112.color.png redkitchen/seq-11/color/frame-000114.color.png 0.997912 0.0064758 -0.0642631 0.034164 -0.00669277 0.999973 -0.0031618 0.00937784 0.064241 0.00358527 0.997928 0.0773748 0.0 0.0 0.0 1.0
redkitchen/seq-11/color/frame-000114.color.png redkitchen/seq-11/color/frame-000116.color.png 0.999874 -0.00122012 -0.0158018 0.0699235 0.00134637 0.999967 0.00798014 -0.0129535 0.0157915 -0.0080004 0.999843 0.0187308 0.0 0.0 0.0 1.0
redkitchen/seq-11/color/frame-000116.color.png redkitchen/seq-11/color/frame-000118.color.png 0.999268 0.00513775 0.0379099 0.00501287 -0.00529813 0.999977 0.00413294 -0.00492328 -0.0378877 -0.00433079 0.999272 0.00364986 0.0 0.0 0.0 1.0
redkitchen/seq-11/color/frame-000118.color.png redkitchen/seq-11/color/frame-000120.color.png 0.999955 -0.00923104 -0.00201993 0.0119305 0.00924387 0.999937 0.00643651 -0.00522497 0.00196043 -0.00645492 0.999977 0.0374515 0.0 0.0 0.0 1.0
redkitchen/seq-11/color/frame-000120.color.png redkitchen/seq-11/color/frame-000122.color.png 0.999883 -0.00820471 -0.0128748 0.0418783 0.00813663 0.999953 -0.00532663 -0.0129351 0.0129178 0.00522128 0.999903 0.0250506 0.0 0.0 0.0 1.0
redkitchen/seq-11/color/frame-000122.color.png redkitchen/seq-11/color/frame-000124.color.png 0.999948 0.00491716 0.00895551 0.0290808 -0.00480548 0.999911 -0.0124476 -0.00530124 -0.0090159 0.0124039 0.999882 0.0190967 0.0 0.0 0.0 1.0
redkitchen/seq-11/color/frame-000124.color.png redkitchen/seq-11/color/frame-000126.color.png 0.999697 0.019105 -0.0155211 0.028522 -0.0192778 0.999753 -0.0110594 -0.0132895 0.0153059 0.0113552 0.999818 0.0235973 0.0 0.0 0.0 1.0
redkitchen/seq-11/color/frame-000126.color.png redkitchen/seq-11/color/frame-000128.color.png 0.999836 0.0169376 -0.00646001 0.0513649 -0.0169387 0.999856 -0.000122328 -0.0119996 0.00645705 0.00023174 0.999979 0.0158617 0.0 0.0 0.0 1.0
redkitchen/seq-11/color/frame-000128.color.png redkitchen/seq-11/color/frame-000130.color.png 0.99986 0.0164358 0.00298529 0.00642645 -0.0163926 0.999768 -0.0139529 -0.00864306 -0.00321393 0.013902 0.999898 0.0152734 0.0 0.0 0.0 1.0
redkitchen/seq-11/color/frame-000130.color.png redkitchen/seq-11/color/frame-000132.color.png 0.999749 0.00783791 -0.0209785 0.0246551 -0.00790036 0.999965 -0.00289843 0.0029861 0.0209549 0.00306345 0.999776 0.0333615 0.0 0.0 0.0 1.0
redkitchen/seq-11/color/frame-000132.color.png redkitchen/seq-11/color/frame-000134.color.png 0.999805 0.00636327 -0.01871 0.0501273 -0.00625023 0.999962 0.00609666 0.00048697 0.0187482 -0.00597856 0.999806 0.0289326 0.0 0.0 0.0 1.0
redkitchen/seq-11/color/frame-000134.color.png redkitchen/seq-11/color/frame-000136.color.png 0.999959 -0.00572712 -0.00692436 0.00768015 0.00582308 0.999886 0.0139216 -0.00403699 0.00684381 -0.0139613 0.999879 0.0119119 0.0 0.0 0.0 1.0
redkitchen/seq-11/color/frame-000136.color.png redkitchen/seq-11/color/frame-000138.color.png 0.999999 -0.000830234 -0.00139416 0.0383193 0.000842658 0.99996 0.00893516 -0.0211587 0.0013866 -0.00893631 0.999959 0.0245775 0.0 0.0 0.0 1.0
redkitchen/seq-11/color/frame-000138.color.png redkitchen/seq-11/color/frame-000140.color.png 0.999887 -0.0118432 -0.00928912 0.0102903 0.0117876 0.999912 -0.00602401 0.00909257 0.00935977 0.00591383 0.999939 0.029903 0.0 0.0 0.0 1.0
redkitchen/seq-11/color/frame-000140.color.png redkitchen/seq-11/color/frame-000142.color.png 0.999923 -0.00473282 -0.0114248 0.0448322 0.00477732 0.999981 0.00387167 0.00137269 0.0114063 -0.00392595 0.999927 0.0245312 0.0 0.0 0.0 1.0
redkitchen/seq-11/color/frame-000142.color.png redkitchen/seq-11/color/frame-000144.color.png 0.999749 -0.00102952 0.0223618 0.0145252 0.00104681 0.999999 -0.000760768 -0.0107327 -0.022361 0.000783994 0.99975 0.0241733 0.0 0.0 0.0 1.0
redkitchen/seq-11/color/frame-000144.color.png redkitchen/seq-11/color/frame-000146.color.png 0.999873 -0.00837358 -0.0135358 0.0276282 0.00826745 0.999935 -0.00787791 -0.00583875 0.0136008 0.00776501 0.999877 0.0173684 0.0 0.0 0.0 1.0
redkitchen/seq-11/color/frame-000146.color.png redkitchen/seq-11/color/frame-000148.color.png 0.999947 -0.0068637 0.00763857 0.0434099 0.00688625 0.999972 -0.00292353 0.00164175 -0.00761827 0.00297596 0.999967 0.0210349 0.0 0.0 0.0 1.0
redkitchen/seq-11/color/frame-000148.color.png redkitchen/seq-11/color/frame-000150.color.png 0.999153 0.0143844 0.0385545 0.00534331 -0.0140891 0.999869 -0.00792239 -0.0166534 -0.0386634 0.00737249 0.999225 0.0336298 0.0 0.0 0.0 1.0
redkitchen/seq-11/color/frame-000150.color.png redkitchen/seq-11/color/frame-000152.color.png 0.999813 -0.00506564 -0.0186575 0.0463132 0.00504654 0.999987 -0.00106963 -0.0203597 0.0186627 0.000975281 0.999825 0.00939607 0.0 0.0 0.0 1.0
redkitchen/seq-11/color/frame-000152.color.png redkitchen/seq-11/color/frame-000154.color.png 0.999857 0.00715724 0.0153137 0.0272711 -0.00685178 0.999778 -0.0199068 -0.00582397 -0.0154528 0.0197991 0.999685 0.0237168 0.0 0.0 0.0 1.0
redkitchen/seq-11/color/frame-000154.color.png redkitchen/seq-11/color/frame-000156.color.png 0.999921 -0.0125179 0.000622923 0.0059309 0.0125217 0.999901 -0.00642833 0.00854647 -0.000542433 0.00643564 0.999979 0.0123822 0.0 0.0 0.0 1.0
redkitchen/seq-11/color/frame-000156.color.png redkitchen/seq-11/color/frame-000158.color.png 0.999907 -0.0112148 -0.00778096 0.0451392 0.0112515 0.999926 0.00467219 -0.003905 0.00772802 -0.00475931 0.999959 0.016726 0.0 0.0 0.0 1.0
redkitchen/seq-11/color/frame-000158.color.png redkitchen/seq-11/color/frame-000160.color.png 0.999777 -0.00712908 0.0198778 0.0304012 0.0069942 0.999952 0.00684259 -0.011481 -0.0199256 -0.00670204 0.999779 0.0139868 0.0 0.0 0.0 1.0
redkitchen/seq-11/color/frame-000160.color.png redkitchen/seq-11/color/frame-000162.color.png 0.999505 -0.0182605 0.0256208 -0.00682759 0.0182763 0.999833 -0.000382475 0.00785756 -0.0256095 0.000850543 0.999672 0.0142087 0.0 0.0 0.0 1.0
redkitchen/seq-11/color/frame-000162.color.png redkitchen/seq-11/color/frame-000164.color.png 0.999758 -0.0180699 0.012517 0.0466765 0.017852 0.999691 0.0173119 -0.00024718 -0.0128261 -0.0170843 0.999772 0.0205151 0.0 0.0 0.0 1.0
redkitchen/seq-11/color/frame-000164.color.png redkitchen/seq-11/color/frame-000166.color.png 0.999752 -0.00376836 0.0219766 0.00648767 0.0035993 0.999964 0.00772862 -0.00110668 -0.0220049 -0.00764761 0.999729 0.0107663 0.0 0.0 0.0 1.0
redkitchen/seq-11/color/frame-000166.color.png redkitchen/seq-11/color/frame-000168.color.png 0.999992 -0.00337266 -0.00204417 0.0342994 0.00339318 0.999943 0.0101157 -0.00435215 0.00200988 -0.0101225 0.999947 0.00309122 0.0 0.0 0.0 1.0
redkitchen/seq-11/color/frame-000168.color.png redkitchen/seq-11/color/frame-000170.color.png 0.999978 -0.00102505 0.00649278 0.0336168 0.000991231 0.999986 0.00520943 0.00620717 -0.00649802 -0.00520287 0.999965 -0.0016901 0.0 0.0 0.0 1.0
redkitchen/seq-11/color/frame-000170.color.png redkitchen/seq-11/color/frame-000172.color.png 0.999988 -0.0033888 0.00346238 0.035409 0.00335993 0.99996 0.00830447 -0.000328183 -0.00349037 -0.00829272 0.99996 -0.000531763 0.0 0.0 0.0 1.0
redkitchen/seq-11/color/frame-000172.color.png redkitchen/seq-11/color/frame-000174.color.png 0.999977 -0.00436855 0.00513043 0.0354138 0.00432702 0.999958 0.00808298 0.00468904 -0.00516558 -0.0080606 0.999954 0.00687765 0.0 0.0 0.0 1.0
redkitchen/seq-11/color/frame-000174.color.png redkitchen/seq-11/color/frame-000176.color.png 0.999942 0.0020306 0.0106119 0.038431 -0.00213638 0.999948 0.00996474 0.00658697 -0.010591 -0.00998682 0.999894 -0.00288455 0.0 0.0 0.0 1.0
redkitchen/seq-11/color/frame-000176.color.png redkitchen/seq-11/color/frame-000178.color.png 0.999927 -0.00239008 0.0118225 0.035208 0.00222321 0.999898 0.0141074 -0.00439537 -0.011855 -0.0140801 0.999831 -0.00674529 0.0 0.0 0.0 1.0
redkitchen/seq-11/color/frame-000178.color.png redkitchen/seq-11/color/frame-000180.color.png 0.999912 -0.00501052 0.0122715 0.0279807 0.00494577 0.999974 0.00530325 0.00136071 -0.0122978 -0.00524208 0.999911 -0.00442027 0.0 0.0 0.0 1.0
redkitchen/seq-11/color/frame-000180.color.png redkitchen/seq-11/color/frame-000182.color.png 0.999969 -0.000843342 0.00781319 0.0407631 0.000762325 0.999946 0.0103633 0.00743228 -0.0078215 -0.010357 0.999916 -0.00723995 0.0 0.0 0.0 1.0
redkitchen/seq-11/color/frame-000182.color.png redkitchen/seq-11/color/frame-000184.color.png 0.999944 0.00534939 0.00911816 0.0383202 -0.00547025 0.999897 0.0132812 0.00354826 -0.00904613 -0.0133303 0.99987 -0.00694862 0.0 0.0 0.0 1.0
redkitchen/seq-11/color/frame-000184.color.png redkitchen/seq-11/color/frame-000186.color.png 0.999986 -0.00512333 0.0012169 0.0283425 0.0051236 0.999987 -0.000218764 -0.000144005 -0.0012158 0.000224988 0.999999 -0.00235526 0.0 0.0 0.0 1.0
redkitchen/seq-11/color/frame-000186.color.png redkitchen/seq-11/color/frame-000188.color.png 0.999954 -0.00953202 -0.000406179 0.0331227 0.00953395 0.999942 0.00504371 -0.0183682 0.000358096 -0.00504734 0.999987 -0.00760435 0.0 0.0 0.0 1.0
redkitchen/seq-11/color/frame-000188.color.png redkitchen/seq-11/color/frame-000190.color.png 0.999822 -0.018836 -0.000968094 0.028475 0.0188383 0.99982 0.00242527 -0.00352556 0.000922208 -0.00244306 0.999997 -0.00312178 0.0 0.0 0.0 1.0
redkitchen/seq-11/color/frame-000190.color.png redkitchen/seq-11/color/frame-000192.color.png 0.999927 -0.0111951 0.00448235 0.0322888 0.0111976 0.999937 -0.000537159 0.00786769 -0.0044761 0.000587327 0.99999 0.00257039 0.0 0.0 0.0 1.0
redkitchen/seq-11/color/frame-000192.color.png redkitchen/seq-11/color/frame-000194.color.png 0.999903 -0.0090724 0.0105667 0.027398 0.00900381 0.999938 0.00652186 -0.00488162 -0.0106252 -0.00642608 0.999923 0.0102696 0.0 0.0 0.0 1.0
redkitchen/seq-11/color/frame-000194.color.png redkitchen/seq-11/color/frame-000196.color.png 0.999921 -0.0105211 0.0068845 0.0150327 0.0104922 0.999936 0.00422357 0.00102156 -0.00692853 -0.00415098 0.999967 0.00659186 0.0 0.0 0.0 1.0
redkitchen/seq-11/color/frame-000196.color.png redkitchen/seq-11/color/frame-000198.color.png 0.999965 -0.00831905 0.00102908 0.0330023 0.00831176 0.999942 0.00690246 0.00106373 -0.00108641 -0.00689369 0.999976 0.00262631 0.0 0.0 0.0 1.0
redkitchen/seq-11/color/frame-000198.color.png redkitchen/seq-11/color/frame-000200.color.png 0.99993 -0.00897349 0.00778209 0.0224554 0.00891319 0.99993 0.00774715 -0.00962776 -0.00785108 -0.00767722 0.99994 0.0125321 0.0 0.0 0.0 1.0
redkitchen/seq-11/color/frame-000200.color.png redkitchen/seq-11/color/frame-000202.color.png 0.999982 -0.00564411 0.00199504 0.015757 0.00564018 0.999982 0.00196468 -0.00579232 -0.00200608 -0.00195339 0.999996 0.0130711 0.0 0.0 0.0 1.0
redkitchen/seq-11/color/frame-000202.color.png redkitchen/seq-11/color/frame-000204.color.png 0.999997 -0.000177948 0.00251539 0.0446101 0.000156108 0.999962 0.00868608 0.00883335 -0.00251685 -0.0086857 0.999959 -0.00218344 0.0 0.0 0.0 1.0
redkitchen/seq-11/color/frame-000204.color.png redkitchen/seq-11/color/frame-000206.color.png 0.999776 0.00849174 0.019381 0.0247532 -0.00880144 0.999834 0.0159499 0.00715634 -0.0192423 -0.0161169 0.999685 0.0318376 0.0 0.0 0.0 1.0
redkitchen/seq-11/color/frame-000206.color.png redkitchen/seq-11/color/frame-000208.color.png 1.0 0.000735075 9.69021e-05 -0.000990331 -0.000734892 0.999998 -0.00184215 -0.00361785 -9.82525e-05 0.00184206 0.999998 0.00692154 0.0 0.0 0.0 1.0
redkitchen/seq-11/color/frame-000208.color.png redkitchen/seq-11/color/frame-000210.color.png 0.999517 -0.00585526 -0.0305121 0.0549085 0.00564056 0.999959 -0.00711787 0.00769266 0.0305526 0.00694234 0.999509 -0.0115682 0.0 0.0 0.0 1.0
redkitchen/seq-11/color/frame-000210.color.png redkitchen/seq-11/color/frame-000212.color.png 0.999973 -0.000938461 -0.00733262 0.0372969 0.000919108 0.999996 -0.00264246 0.0115404 0.00733506 0.00263564 0.99997 0.0109907 0.0 0.0 0.0 1.0
redkitchen/seq-11/color/frame-000212.color.png redkitchen/seq-11/color/frame-000214.color.png 0.999987 -0.000197304 -0.00515788 0.0184401 0.000169328 0.999985 -0.00542385 -0.00936833 0.00515887 0.00542291 0.999972 0.00370982 0.0 0.0 0.0 1.0
redkitchen/seq-11/color/frame-000214.color.png redkitchen/seq-11/color/frame-000216.color.png 0.999445 -0.014547 -0.0299829 0.0445225 0.0140128 0.999741 -0.0179503 0.00932997 0.0302363 0.0175202 0.999389 -0.0247779 0.0 0.0 0.0 1.0
redkitchen/seq-11/color/frame-000216.color.png redkitchen/seq-11/color/frame-000218.color.png 0.99995 0.0050263 -0.00867326 0.041348 -0.00501271 0.999986 0.00158756 0.00814342 0.00868113 -0.001544 0.999961 0.000515252 0.0 0.0 0.0 1.0
redkitchen/seq-11/color/frame-000218.color.png redkitchen/seq-11/color/frame-000220.color.png 0.999963 0.00667353 0.00546749 0.00922263 -0.00664755 0.999967 -0.00475452 0.0122447 -0.00549911 0.00471801 0.999974 0.0134903 0.0 0.0 0.0 1.0
redkitchen/seq-11/color/frame-000220.color.png redkitchen/seq-11/color/frame-000222.color.png 0.999928 0.00145638 -0.0118789 0.0212585 -0.00155112 0.999967 -0.00796937 0.0138077 0.011867 0.00798723 0.999898 -0.00407025 0.0 0.0 0.0 1.0
redkitchen/seq-11/color/frame-000222.color.png redkitchen/seq-11/color/frame-000224.color.png 0.999761 0.0113605 -0.0186742 0.0431046 -0.0114353 0.999927 -0.00390224 0.0241892 0.0186285 0.00411483 0.999818 -0.00844014 0.0 0.0 0.0 1.0
redkitchen/seq-11/color/frame-000224.color.png redkitchen/seq-11/color/frame-000226.color.png 0.99971 0.0239481 0.00232942 0.0332677 -0.0239493 0.999713 0.000512691 0.0365797 -0.00231649 -0.00056833 0.999997 0.00967044 0.0 0.0 0.0 1.0
redkitchen/seq-11/color/frame-000226.color.png redkitchen/seq-11/color/frame-000228.color.png 0.999851 0.0163014 -0.00560812 0.0321268 -0.0162705 0.999852 0.00552932 0.0233122 0.00569742 -0.00543721 0.999969 -0.0018402 0.0 0.0 0.0 1.0
redkitchen/seq-11/color/frame-000228.color.png redkitchen/seq-11/color/frame-000230.color.png 0.999627 0.0273024 -7.79899e-05 0.0381581 -0.0273004 0.999581 0.00961026 0.0342826 0.000340378 -0.00960458 0.999954 -0.000838101 0.0 0.0 0.0 1.0
redkitchen/seq-11/color/frame-000230.color.png redkitchen/seq-11/color/frame-000232.color.png 0.999731 0.0213881 0.00895838 0.0274256 -0.0214742 0.999723 0.00962733 0.0360726 -0.00875006 -0.00981709 0.999914 0.0182562 0.0 0.0 0.0 1.0
redkitchen/seq-11/color/frame-000232.color.png redkitchen/seq-11/color/frame-000234.color.png 0.999927 0.0119707 0.00162874 0.0129162 -0.0119845 0.99989 0.00875029 0.0143653 -0.0015238 -0.00876917 0.99996 0.0089784 0.0 0.0 0.0 1.0
redkitchen/seq-11/color/frame-000234.color.png redkitchen/seq-11/color/frame-000236.color.png 0.999803 0.0165327 -0.0109715 0.0229895 -0.016565 0.999859 -0.0028603 0.0383195 0.0109226 0.00304151 0.999936 0.00627029 0.0 0.0 0.0 1.0
redkitchen/seq-11/color/frame-000236.color.png redkitchen/seq-11/color/frame-000238.color.png 0.999554 0.0249497 -0.0164079 0.0359548 -0.0249971 0.999684 -0.00268978 0.0388896 0.0163356 0.00309873 0.999862 -0.00808886 0.0 0.0 0.0 1.0
redkitchen/seq-11/color/frame-000238.color.png redkitchen/seq-11/color/frame-000240.color.png 0.999939 0.00990147 -0.00490307 0.0306835 -0.00992136 0.999943 -0.00405539 0.0191496 0.00486265 0.00410375 0.99998 0.000334471 0.0 0.0 0.0 1.0
redkitchen/seq-11/color/frame-000240.color.png redkitchen/seq-11/color/frame-000242.color.png 0.999968 -0.00479695 0.00644646 0.0163921 0.00481275 0.999985 -0.00244021 0.00699669 -0.00643464 0.00247117 0.999976 0.0208624 0.0 0.0 0.0 1.0
redkitchen/seq-11/color/frame-000242.color.png redkitchen/seq-11/color/frame-000244.color.png 0.999816 0.00044331 0.0191929 0.0064019 -0.000410978 0.999998 -0.00168737 0.0115283 -0.0191936 0.00167914 0.999814 0.038288 0.0 0.0 0.0 1.0
redkitchen/seq-11/color/frame-000244.color.png redkitchen/seq-11/color/frame-000246.color.png 0.999616 -0.0110907 0.0253969 -0.0018698 0.0110886 0.999939 0.000224188 -0.00559777 -0.0253979 5.75252e-05 0.999678 0.0489527 0.0 0.0 0.0 1.0
redkitchen/seq-11/color/frame-000246.color.png redkitchen/seq-11/color/frame-000248.color.png 0.999842 -0.00365294 0.017403 0.00161743 0.00366494 0.999993 -0.000657433 0.00388891 -0.0174005 0.000721107 0.999848 0.0428683 0.0 0.0 0.0 1.0
redkitchen/seq-11/color/frame-000248.color.png redkitchen/seq-11/color/frame-000250.color.png 0.999703 -0.0171981 0.0172592 -0.00338542 0.0171925 0.999852 0.000473543 -0.0133668 -0.0172648 -0.000176677 0.999851 0.0381295 0.0 0.0 0.0 1.0
redkitchen/seq-11/color/frame-000250.color.png redkitchen/seq-11/color/frame-000252.color.png 0.999592 -0.0159938 0.0236809 -0.012677 0.0159974 0.999872 4.12337e-05 -0.0106006 -0.0236785 0.000337635 0.99972 0.0573972 0.0 0.0 0.0 1.0
redkitchen/seq-11/color/frame-000252.color.png redkitchen/seq-11/color/frame-000254.color.png 0.99964 -0.0149493 0.022271 -0.0077374 0.0150736 0.999872 -0.00542675 -0.0104485 -0.0221871 0.00576049 0.999737 0.0592978 0.0 0.0 0.0 1.0
redkitchen/seq-11/color/frame-000254.color.png redkitchen/seq-11/color/frame-000256.color.png 0.999511 -0.0185117 0.0252021 -0.0160718 0.0186458 0.999813 -0.00509453 -0.0186627 -0.025103 0.00556202 0.999669 0.0604227 0.0 0.0 0.0 1.0
redkitchen/seq-11/color/frame-000256.color.png redkitchen/seq-11/color/frame-000258.color.png 0.999521 -0.0222317 0.0215205 -0.0169944 0.022483 0.999681 -0.0115093 -0.0189068 -0.0212578 0.0119877 0.999702 0.0566411 0.0 0.0 0.0 1.0
redkitchen/seq-11/color/frame-000258.color.png redkitchen/seq-11/color/frame-000260.color.png 0.999693 -0.017284 0.0177532 -0.0134158 0.0173975 0.999829 -0.00625902 -0.0167304 -0.017642 0.0065659 0.999823 0.0501186 0.0 0.0 0.0 1.0
redkitchen/seq-11/color/frame-000260.color.png redkitchen/seq-11/color/frame-000262.color.png 0.99966 -0.0137573 0.022139 -0.0155292 0.013958 0.999863 -0.00893635 -0.0104459 -0.022013 0.00924235 0.999715 0.049198 0.0 0.0 0.0 1.0
redkitchen/seq-11/color/frame-000262.color.png redkitchen/seq-11/color/frame-000264.color.png 0.999699 -0.0212521 0.0122525 -0.00973356 0.0212939 0.999768 -0.0032918 -0.020263 -0.0121797 0.00355174 0.99992 0.038979 0.0 0.0 0.0 1.0
redkitchen/seq-11/color/frame-000264.color.png redkitchen/seq-11/color/frame-000266.color.png 0.999721 -0.0181693 0.0150764 -0.0164562 0.0181972 0.999833 -0.00171811 -0.0248027 -0.0150426 0.00199197 0.999885 0.0432243 0.0 0.0 0.0 1.0
redkitchen/seq-11/color/frame-000266.color.png redkitchen/seq-11/color/frame-000268.color.png 0.999686 -0.0204948 0.0144156 -0.00165582 0.0205599 0.999779 -0.00438015 -0.0298529 -0.0143227 0.00467513 0.999886 0.035369 0.0 0.0 0.0 1.0
redkitchen/seq-11/color/frame-000268.color.png redkitchen/seq-11/color/frame-000270.color.png 0.999694 -0.0109504 0.0221821 -0.0138655 0.0109442 0.99994 0.000400758 -0.0170165 -0.0221851 -0.000157882 0.999754 0.0568373 0.0 0.0 0.0 1.0
redkitchen/seq-11/color/frame-000270.color.png redkitchen/seq-11/color/frame-000272.color.png 0.99993 -0.00873421 0.00804085 0.000491142 0.00881938 0.999905 -0.0106178 -0.000821665 -0.00794735 0.010688 0.999911 0.0210397 0.0 0.0 0.0 1.0
redkitchen/seq-11/color/frame-000272.color.png redkitchen/seq-11/color/frame-000274.color.png 0.999738 -0.0182424 0.0138583 -0.0102305 0.01839 0.999775 -0.0105982 -0.0210609 -0.0136618 0.0108503 0.999848 0.0397912 0.0 0.0 0.0 1.0
redkitchen/seq-11/color/frame-000274.color.png redkitchen/seq-11/color/frame-000276.color.png 0.999693 -0.0246451 0.00257165 2.16961e-05 0.0246814 0.99958 -0.0151702 -0.0261396 -0.0021967 0.0152291 0.999882 0.0168378 0.0 0.0 0.0 1.0
redkitchen/seq-11/color/frame-000276.color.png redkitchen/seq-11/color/frame-000278.color.png 0.999988 -0.00419913 -0.00247638 0.0151651 0.00418343 0.999971 -0.00630752 -0.000834331 0.00250279 0.00629707 0.999977 0.0184601 0.0 0.0 0.0 1.0
redkitchen/seq-11/color/frame-000278.color.png redkitchen/seq-11/color/frame-000280.color.png 0.999949 -0.0030946 0.00959281 0.00513983 0.00325683 0.999851 -0.0169427 0.00365977 -0.00953895 0.0169731 0.99981 0.0422043 0.0 0.0 0.0 1.0
redkitchen/seq-11/color/frame-000280.color.png redkitchen/seq-11/color/frame-000282.color.png 0.999884 -0.0150936 -0.00204046 0.0134739 0.0150175 0.999334 -0.0332609 -0.00849178 0.00254114 0.0332264 0.999445 0.0166216 0.0 0.0 0.0 1.0
redkitchen/seq-11/color/frame-000282.color.png redkitchen/seq-11/color/frame-000284.color.png 0.999806 0.01122 -0.016209 0.0274354 -0.0117886 0.999303 -0.0354215 0.0410187 0.0158003 0.0356057 0.999241 -0.00335735 0.0 0.0 0.0 1.0
redkitchen/seq-11/color/frame-000284.color.png redkitchen/seq-11/color/frame-000286.color.png 0.99996 0.00758073 -0.00466414 0.0128791 -0.00762244 0.99993 -0.00899329 0.0149173 0.00459564 0.00902849 0.999949 0.002756 0.0 0.0 0.0 1.0
redkitchen/seq-11/color/frame-000286.color.png redkitchen/seq-11/color/frame-000288.color.png 0.999789 0.0062098 -0.0195774 0.0315332 -0.00654111 0.999836 -0.0169043 0.0243231 0.0194692 0.0170288 0.999665 -0.0248691 0.0 0.0 0.0 1.0
redkitchen/seq-11/color/frame-000288.color.png redkitchen/seq-11/color/frame-000290.color.png 0.999565 0.0118452 -0.0270113 0.0387552 -0.0124435 0.999678 -0.02209 0.0310105 0.0267409 0.0224165 0.999391 -0.00934452 0.0 0.0 0.0 1.0
redkitchen/seq-11/color/frame-000290.color.png redkitchen/seq-11/color/frame-000292.color.png 0.999888 -0.00651244 -0.0135058 0.0172256 0.00616921 0.999661 -0.0253006 0.00534901 0.013666 0.0252145 0.999589 -0.014737 0.0 0.0 0.0 1.0
redkitchen/seq-11/color/frame-000292.color.png redkitchen/seq-11/color/frame-000294.color.png 0.999669 0.00235733 -0.0255995 0.0249711 -0.00280375 0.999844 -0.017417 0.0155591 0.0255544 0.017483 0.999521 -0.0236355 0.0 0.0 0.0 1.0
redkitchen/seq-11/color/frame-000294.color.png redkitchen/seq-11/color/frame-000296.color.png 0.999675 0.00307724 -0.0253124 0.0277538 -0.00349978 0.999855 -0.0166649 0.0189995 0.0252574 0.0167481 0.999541 -0.0307496 0.0 0.0 0.0 1.0
redkitchen/seq-11/color/frame-000296.color.png redkitchen/seq-11/color/frame-000298.color.png 0.999837 -0.000477794 -0.018029 0.00793171 0.000200997 0.999882 -0.0153523 0.00375554 0.0180342 0.0153462 0.99972 -0.0138173 0.0 0.0 0.0 1.0
redkitchen/seq-11/color/frame-000298.color.png redkitchen/seq-11/color/frame-000300.color.png 0.999409 0.0110858 -0.0325448 0.0355381 -0.0116341 0.999793 -0.0167052 0.0194828 0.0323529 0.0170739 0.99933 -0.0425377 0.0 0.0 0.0 1.0
redkitchen/seq-11/color/frame-000300.color.png redkitchen/seq-11/color/frame-000302.color.png 0.999262 0.0122047 -0.0364089 0.0331209 -0.0129444 0.999713 -0.0201524 0.0273842 0.0361525 0.0206088 0.999134 -0.0390396 0.0 0.0 0.0 1.0
redkitchen/seq-11/color/frame-000302.color.png redkitchen/seq-11/color/frame-000304.color.png 0.999296 0.0181395 -0.0328276 0.0286237 -0.0185136 0.999767 -0.0111298 0.0261933 0.0326181 0.0117297 0.999399 -0.0444967 0.0 0.0 0.0 1.0
redkitchen/seq-11/color/frame-000304.color.png redkitchen/seq-11/color/frame-000306.color.png 0.999505 0.0174055 -0.0262035 0.0196503 -0.0176987 0.999783 -0.0109978 0.0337307 0.0260064 0.0114561 0.999596 -0.0343788 0.0 0.0 0.0 1.0
redkitchen/seq-11/color/frame-000306.color.png redkitchen/seq-11/color/frame-000308.color.png 0.999601 0.0103792 -0.026286 0.00616777 -0.0103644 0.999946 0.000699382 0.012235 0.0262918 -0.000426668 0.999654 -0.0456616 0.0 0.0 0.0 1.0
redkitchen/seq-11/color/frame-000308.color.png redkitchen/seq-11/color/frame-000310.color.png 0.999661 0.0120137 -0.0230858 0.019401 -0.012188 0.999898 -0.00742642 0.0302705 0.0229943 0.00770524 0.999706 -0.029539 0.0 0.0 0.0 1.0
redkitchen/seq-11/color/frame-000310.color.png redkitchen/seq-11/color/frame-000312.color.png 0.999864 0.00829081 -0.014235 0.00887501 -0.00835307 0.999956 -0.00431856 0.0128334 0.0141986 0.00443694 0.999889 -0.0212669 0.0 0.0 0.0 1.0
redkitchen/seq-11/color/frame-000312.color.png redkitchen/seq-11/color/frame-000314.color.png 0.999918 0.00456033 -0.0119299 -0.00234199 -0.00458744 0.999987 -0.0022473 0.00543517 0.0119195 0.00230183 0.999926 -0.020367 0.0 0.0 0.0 1.0
redkitchen/seq-11/color/frame-000314.color.png redkitchen/seq-11/color/frame-000316.color.png 0.999761 0.0134844 -0.0172045 0.0118302 -0.0133962 0.999897 0.00522952 0.00234538 0.0172733 -0.00499781 0.999838 -0.0335687 0.0 0.0 0.0 1.0
redkitchen/seq-11/color/frame-000316.color.png redkitchen/seq-11/color/frame-000318.color.png 0.999849 0.00592875 -0.0163607 0.00451994 -0.00592406 0.999982 0.000335121 0.00740129 0.0163624 -0.00023817 0.999866 -0.0300192 0.0 0.0 0.0 1.0
redkitchen/seq-11/color/frame-000318.color.png redkitchen/seq-11/color/frame-000320.color.png 0.999883 0.0114133 -0.0102257 -0.00338387 -0.0114245 0.999934 -0.00104292 0.0208093 0.0102132 0.00115967 0.999947 -0.0265329 0.0 0.0 0.0 1.0
redkitchen/seq-11/color/frame-000320.color.png redkitchen/seq-11/color/frame-000322.color.png 0.999661 0.0106419 -0.0237641 0.0123569 -0.0105836 0.999941 0.00258001 0.0174142 0.0237901 -0.00232765 0.999714 -0.044687 0.0 0.0 0.0 1.0
redkitchen/seq-11/color/frame-000322.color.png redkitchen/seq-11/color/frame-000324.color.png 0.999699 0.0097888 -0.0224796 0.0108246 -0.00985621 0.999947 -0.00289017 0.0240802 0.02245 0.00311086 0.999743 -0.0438181 0.0 0.0 0.0 1.0
redkitchen/seq-11/color/frame-000324.color.png redkitchen/seq-11/color/frame-000326.color.png 0.999517 0.0159829 -0.026662 0.0323869 -0.0157626 0.99984 0.00845165 0.0181366 0.0267928 -0.00802731 0.999609 -0.0765075 0.0 0.0 0.0 1.0
redkitchen/seq-11/color/frame-000326.color.png redkitchen/seq-11/color/frame-000328.color.png 0.999368 0.0176361 -0.0308638 0.0318357 -0.0172685 0.999777 0.0121365 0.0178853 0.0310709 -0.0115959 0.99945 -0.0553681 0.0 0.0 0.0 1.0
redkitchen/seq-11/color/frame-000328.color.png redkitchen/seq-11/color/frame-000330.color.png 0.999695 0.0114443 -0.0219029 -0.00969875 -0.0113811 0.999931 0.003008 0.0439713 0.0219359 -0.00275779 0.999755 -0.0354549 0.0 0.0 0.0 1.0
redkitchen/seq-11/color/frame-000330.color.png redkitchen/seq-11/color/frame-000332.color.png 0.999143 0.026189 -0.0320558 0.0291482 -0.0256805 0.999539 0.016171 0.0362142 0.0324645 -0.0153339 0.999355 -0.0651042 0.0 0.0 0.0 1.0
redkitchen/seq-11/color/frame-000332.color.png redkitchen/seq-11/color/frame-000334.color.png 0.998869 0.0319425 -0.0352319 0.0293511 -0.0314059 0.999384 0.0156799 0.0456375 0.035711 -0.0145557 0.999256 -0.0673184 0.0 0.0 0.0 1.0
redkitchen/seq-11/color/frame-000334.color.png redkitchen/seq-11/color/frame-000336.color.png 0.998818 0.0320306 -0.0365527 0.0374434 -0.0318371 0.999476 0.00586652 0.0708369 0.0367214 -0.00469586 0.999315 -0.0569885 0.0 0.0 0.0 1.0
redkitchen/seq-11/color/frame-000336.color.png redkitchen/seq-11/color/frame-000338.color.png 0.998651 0.0445129 -0.0267489 0.0326337 -0.0438224 0.998704 0.0258686 0.0539135 0.0278658 -0.0246615 0.999307 -0.06124 0.0 0.0 0.0 1.0
