redkitchen/seq-11/color/frame-000001.color.png redkitchen/seq-11/color/frame-000003.color.png 0.999996 0.00273444 0.000242488 -0.00233788 -0.00273537 0.999989 0.00392492 -0.00200314 -0.000231753 -0.00392557 0.999992 0.0010148 0.0 0.0 0.0 1.0
redkitchen/seq-11/color/frame-000003.color.png redkitchen/seq-11/color/frame-000005.color.png 0.999997 -0.0016864 -0.0018131 -0.00137903 0.00168561 0.999998 -0.000440912 -0.0020258 0.00181384 0.000437856 0.999998 -0.000869075 0.0 0.0 0.0 1.0
redkitchen/seq-11/color/frame-000005.color.png redkitchen/seq-11/color/frame-000007.color.png 0.999996 -0.00251396 0.00136139 -0.00459215 0.00252175 0.99998 -0.00575555 -0.000124981 -0.00134689 0.00575896 0.999982 -0.00170403 0.0 0.0 0.0 1.0
redkitchen/seq-11/color/frame-000007.color.png redkitchen/seq-11/color/frame-000009.color.png 0.999991 0.00293788 0.00297626 -0.00293538 -0.00294495 0.999993 0.00237379 1.27642e-05 -0.00296927 -0.00238254 0.999993 -0.00275136 0.0 0.0 0.0 1.0
redkitchen/seq-11/color/frame-000009.color.png redkitchen/seq-11/color/frame-000011.color.png 0.999981 0.00483966 0.00389984 -0.0122305 -0.00485173 0.999983 0.00309035 -0.00355258 -0.00388482 -0.00310922 0.999988 -0.000313703 0.0 0.0 0.0 1.0
redkitchen/seq-11/color/frame-000011.color.png redkitchen/seq-11/color/frame-000013.color.png 0.999985 0.00543322 -0.000728474 -0.0109989 -0.00543348 0.999985 -0.000351973 -0.00387637 0.000726551 0.000355925 1.0 2.68789e-05 0.0 0.0 0.0 1.0
redkitchen/seq-11/color/frame-000013.color.png redkitchen/seq-11/color/frame-000015.color.png 0.999954 0.0095574 -0.0012275 -0.0064252 -0.00955564 0.999953 0.00143231 -0.00421429 0.00124113 -0.00142052 0.999998 -0.00566194 0.0 0.0 0.0 1.0
redkitchen/seq-11/color/frame-000015.color.png redkitchen/seq-11/color/frame-000017.color.png 0.99997 0.00392968 0.00674034 -0.0159496 -0.00394197 0.999991 0.00181042 -0.00525241 -0.00673317 -0.00183693 0.999976 -0.000846199 0.0 0.0 0.0 1.0
redkitchen/seq-11/color/frame-000017.color.png redkitchen/seq-11/color/frame-000019.color.png 0.999947 0.00843458 0.00596608 -0.0138915 -0.00843634 0.999964 0.00026975 -0.00732483 -0.0059636 -0.000320068 0.999982 -0.00533265 0.0 0.0 0.0 1.0
redkitchen/seq-11/color/frame-000019.color.png redkitchen/seq-11/color/frame-000021.color.png 0.999954 0.00141862 0.00945521 -0.0170584 -0.00146817 0.999985 0.00523592 -0.00298455 -0.00944764 -0.00524956 0.999942 -0.005734 0.0 0.0 0.0 1.0
redkitchen/seq-11/color/frame-000021.color.png redkitchen/seq-11/color/frame-000023.color.png 0.999989 0.00160786 0.00437942 -0.011144 -0.00162844 0.999988 0.00470307 -0.00522334 -0.00437181 -0.00471015 0.999979 -0.00131154 0.0 0.0 0.0 1.0
redkitchen/seq-11/color/frame-000023.color.png redkitchen/seq-11/color/frame-000025.color.png 0.999955 0.00343211 0.00881692 -0.0210505 -0.00346157 0.999988 0.00332792 -0.0101545 -0.00880539 -0.00335829 0.999956 -0.00544765 0.0 0.0 0.0 1.0
redkitchen/seq-11/color/frame-000025.color.png redkitchen/seq-11/color/frame-000027.color.png 0.999965 0.00420143 0.00727844 -0.0207158 -0.00418857 0.99999 -0.00178109 -0.0105846 -0.00728584 0.00175054 0.999972 -0.00516146 0.0 0.0 0.0 1.0
redkitchen/seq-11/color/frame-000027.color.png redkitchen/seq-11/color/frame-000029.color.png 0.999988 0.00330654 0.00346845 -0.010775 -0.00329998 0.999993 -0.00189536 -0.006016 -0.00347471 0.00188389 0.999992 -0.00294188 0.0 0.0 0.0 1.0
redkitchen/seq-11/color/frame-000029.color.png redkitchen/seq-11/color/frame-000031.color.png 0.999988 -0.00288639 0.0038881 -0.0274405 0.00290675 0.999982 -0.00524038 -0.0038296 -0.0038729 0.00525162 0.999979 -0.00338653 0.0 0.0 0.0 1.0
redkitchen/seq-11/color/frame-000031.color.png redkitchen/seq-11/color/frame-000033.color.png 0.999883 -0.0145225 0.004705 -0.0153404 0.0145253 0.999894 -0.000573352 -0.00133716 -0.00469617 0.000641627 0.999989 -0.00875764 0.0 0.0 0.0 1.0
redkitchen/seq-11/color/frame-000033.color.png redkitchen/seq-11/color/frame-000035.color.png 0.999928 -0.0106297 0.00565028 -0.0256181 0.0106185 0.999941 0.00200825 -0.0141838 -0.00567132 -0.00194811 0.999982 -0.0105437 0.0 0.0 0.0 1.0
redkitchen/seq-11/color/frame-000035.color.png redkitchen/seq-11/color/frame-000037.color.png 0.999944 -0.0104813 0.00109492 -0.014925 0.0104869 0.999932 -0.0052071 0.00703829 -0.00104027 0.00521829 0.999986 -0.0126856 0.0 0.0 0.0 1.0
redkitchen/seq-11/color/frame-000037.color.png redkitchen/seq-11/color/frame-000039.color.png 0.999959 -0.00660732 0.00624413 -0.00319545 0.0065713 0.999962 0.00577342 -0.00282095 -0.00628202 -0.00573214 0.999964 -0.00668877 0.0 0.0 0.0 1.0
redkitchen/seq-11/color/frame-000039.color.png redkitchen/seq-11/color/frame-000041.color.png 0.999529 -0.0097463 0.0290914 -0.0327492 0.0095149 0.999922 0.00808204 -0.0114306 -0.0291679 -0.00780143 0.999544 -0.0170964 0.0 0.0 0.0 1.0
redkitchen/seq-11/color/frame-000041.color.png redkitchen/seq-11/color/frame-000043.color.png 0.999973 -0.00273722 0.00675708 -0.0139893 0.002728 0.999995 0.00137359 0.00428221 -0.00676079 -0.00135513 0.999976 -0.0117812 0.0 0.0 0.0 1.0
redkitchen/seq-11/color/frame-000043.color.png redkitchen/seq-11/color/frame-000045.color.png 0.9996 -0.0118237 0.0256799 -0.0129859 0.0113206 0.999743 0.0196525 -0.00599759 -0.0259057 -0.0193539 0.999477 -0.0185191 0.0 0.0 0.0 1.0
redkitchen/seq-11/color/frame-000045.color.png redkitchen/seq-11/color/frame-000047.color.png 0.999832 -0.00452326 0.0177684 -0.017247 0.00437623 0.999956 0.00830526 -0.013421 -0.0178052 -0.00822612 0.999808 -0.0247932 0.0 0.0 0.0 1.0
redkitchen/seq-11/color/frame-000047.color.png redkitchen/seq-11/color/frame-000049.color.png 0.999971 0.00397106 0.00649172 -0.00987858 -0.00396871 0.999992 -0.000374821 -0.00797645 -0.00649313 0.000349053 0.999979 -0.00945106 0.0 0.0 0.0 1.0
redkitchen/seq-11/color/frame-000049.color.png redkitchen/seq-11/color/frame-000051.color.png 0.999931 0.00447478 0.0108593 -0.0137668 -0.00444542 0.999986 -0.00272616 -0.011372 -0.0108714 0.0026777 0.999937 -0.0201865 0.0 0.0 0.0 1.0
redkitchen/seq-11/color/frame-000051.color.png redkitchen/seq-11/color/frame-000053.color.png 0.999975 0.0065317 0.00277993 -0.0176398 -0.00650999 0.999949 -0.00774892 -0.00776264 -0.00283043 0.00773063 0.999966 -0.0144394 0.0 0.0 0.0 1.0
redkitchen/seq-11/color/frame-000053.color.png redkitchen/seq-11/color/frame-000055.color.png 0.999946 0.0063169 -0.00825649 -0.0132552 -0.00638075 0.99995 -0.00772944 -0.00184619 0.00820729 0.00778171 0.999936 -0.0141704 0.0 0.0 0.0 1.0
redkitchen/seq-11/color/frame-000055.color.png redkitchen/seq-11/color/frame-000057.color.png 0.999969 -0.003104 -0.00718768 -0.00532922 0.00310448 0.999995 5.45824e-05 -0.00468361 0.00718744 -7.68985e-05 0.999974 -0.0215745 0.0 0.0 0.0 1.0
redkitchen/seq-11/color/frame-000057.color.png redkitchen/seq-11/color/frame-000059.color.png 0.999964 -0.00738219 0.00407302 -0.0179662 0.00736744 0.999966 0.00362626 -0.00449245 -0.00409965 -0.00359612 0.999985 -0.0145854 0.0 0.0 0.0 1.0
redkitchen/seq-11/color/frame-000059.color.png redkitchen/seq-11/color/frame-000061.color.png 0.999899 -0.0122249 -0.00718314 -0.0108652 0.0121701 0.999897 -0.00762757 -0.00113273 0.00727563 0.00753938 0.999945 -0.019893 0.0 0.0 0.0 1.0
redkitchen/seq-11/color/frame-000061.color.png redkitchen/seq-11/color/frame-000063.color.png 0.999971 -0.00265534 -0.00712309 -0.0219666 0.00260134 0.999968 -0.00757883 -0.00359845 0.00714299 0.00756008 0.999946 -0.0126847 0.0 0.0 0.0 1.0
redkitchen/seq-11/color/frame-000063.color.png redkitchen/seq-11/color/frame-000065.color.png 0.999779 0.00314629 -0.020792 -0.0104106 -0.00317175 0.999994 -0.00119156 0.0092984 0.0207881 0.00125724 0.999783 -0.0140722 0.0 0.0 0.0 1.0
redkitchen/seq-11/color/frame-000065.color.png redkitchen/seq-11/color/frame-000067.color.png 0.999761 0.00717672 -0.0206656 -0.00986275 -0.00681244 0.999821 0.0176439 -0.00296457 0.0207885 -0.0174989 0.999631 -0.0134977 0.0 0.0 0.0 1.0
redkitchen/seq-11/color/frame-000067.color.png redkitchen/seq-11/color/frame-000069.color.png 0.999786 -0.00520755 -0.0200052 -0.00962541 0.00541308 0.999933 0.0102332 -0.0105199 0.0199506 -0.0103393 0.999748 -0.00879303 0.0 0.0 0.0 1.0
redkitchen/seq-11/color/frame-000069.color.png redkitchen/seq-11/color/frame-000071.color.png 0.99996 -0.00799998 -0.00407599 0.00290614 0.00799019 0.999965 -0.00241317 -0.00348902 0.00409516 0.0023805 0.999989 -0.0235046 0.0 0.0 0.0 1.0
redkitchen/seq-11/color/frame-000071.color.png redkitchen/seq-11/color/frame-000073.color.png 0.99999 0.00115831 0.0043141 0.000111014 -0.00115265 0.999999 -0.00131606 0.00767535 -0.00431562 0.00131108 0.99999 -0.0115589 0.0 0.0 0.0 1.0
redkitchen/seq-11/color/frame-000073.color.png redkitchen/seq-11/color/frame-000075.color.png 0.999923 0.0101127 0.00714915 -0.0111477 -0.0102414 0.999782 0.0182076 -0.0131032 -0.00696347 -0.0182794 0.999809 -0.0190611 0.0 0.0 0.0 1.0
redkitchen/seq-11/color/frame-000075.color.png redkitchen/seq-11/color/frame-000077.color.png 1.0 0.000262279 -0.000234202 -0.018303 -0.00026078 0.99998 0.00638912 -0.00827923 0.000235879 -0.00638907 0.99998 -0.00171214 0.0 0.0 0.0 1.0
redkitchen/seq-11/color/frame-000077.color.png redkitchen/seq-11/color/frame-000079.color.png 0.999965 -0.000682699 -0.00831459 0.0103971 0.000641764 0.999988 -0.00492466 -0.00425266 0.00831785 0.00491916 0.999953 -0.0217304 0.0 0.0 0.0 1.0
redkitchen/seq-11/color/frame-000079.color.png redkitchen/seq-11/color/frame-000081.color.png 0.999981 6.84048e-05 0.00613578 -0.0111033 -8.64345e-05 0.999996 0.00293854 0.000530064 -0.00613554 -0.00293901 0.999977 -0.0010497 0.0 0.0 0.0 1.0
redkitchen/seq-11/color/frame-000081.color.png redkitchen/seq-11/color/frame-000083.color.png 0.999876 0.0079345 -0.0135945 -0.0229787 -0.00786383 0.999955 0.00524404 -0.0172179 0.0136355 -0.00513648 0.999894 0.00711513 0.0 0.0 0.0 1.0
redkitchen/seq-11/color/frame-000083.color.png redkitchen/seq-11/color/frame-000085.color.png 0.999777 -0.000312539 -0.0211007 -0.00763652 0.000247797 0.999995 -0.0030708 -0.00705682 0.0211015 0.00306487 0.999773 0.00380939 0.0 0.0 0.0 1.0
redkitchen/seq-11/color/frame-000085.color.png redkitchen/seq-11/color/frame-000087.color.png 0.999848 0.0129664 -0.0116493 0.00483304 -0.0130192 0.999905 -0.00446978 -0.0248931 0.0115902 0.00462076 0.999922 -0.00227568 0.0 0.0 0.0 1.0
redkitchen/seq-11/color/frame-000087.color.png redkitchen/seq-11/color/frame-000089.color.png 0.99989 0.0122739 0.00832066 -0.0107914 -0.0122199 0.999904 -0.00650904 -0.0271617 -0.00839976 0.00640665 0.999944 -0.00133356 0.0 0.0 0.0 1.0
redkitchen/seq-11/color/frame-000089.color.png redkitchen/seq-11/color/frame-000091.color.png 0.999822 0.0100548 -0.0159679 -0.0165464 -0.0101698 0.999923 -0.00713707 -0.0126672 0.015895 0.00729819 0.999847 0.00222021 0.0 0.0 0.0 1.0
redkitchen/seq-11/color/frame-000091.color.png redkitchen/seq-11/color/frame-000093.color.png 0.999914 0.00357892 -0.0126305 -0.00810945 -0.0035432 0.99999 0.00284978 -0.0105259 0.0126406 -0.00280477 0.999916 0.00286978 0.0 0.0 0.0 1.0
redkitchen/seq-11/color/frame-000093.color.png redkitchen/seq-11/color/frame-000095.color.png 0.999497 0.0090199 -0.0303862 -0.00674963 -0.0090127 0.999959 0.000373724 -0.0206484 0.0303884 -9.96719e-05 0.999538 0.0273655 0.0 0.0 0.0 1.0
redkitchen/seq-11/color/frame-000095.color.png redkitchen/seq-11/color/frame-000097.color.png 0.999844 -0.00157704 -0.0176174 -0.00568348 0.0014559 0.999975 -0.00688692 -0.017501 0.0176278 0.00686019 0.999821 0.0108557 0.0 0.0 0.0 1.0
redkitchen/seq-11/color/frame-000097.color.png redkitchen/seq-11/color/frame-000099.color.png 0.999871 0.00598371 -0.0149307 -0.0139008 -0.00602106 0.999979 -0.00245796 -0.020469 0.0149157 0.00254754 0.999885 0.0251473 0.0 0.0 0.0 1.0
redkitchen/seq-11/color/frame-000099.color.png redkitchen/seq-11/color/frame-000101.color.png 0.999786 0.00338363 -0.0204046 0.00552726 -0.00346885 0.999985 -0.0041427 -0.0173606 0.0203903 0.00421259 0.999783 0.0217994 0.0 0.0 0.0 1.0
redkitchen/seq-11/color/frame-000101.color.png redkitchen/seq-11/color/frame-000103.color.png 0.999881 0.0129104 -0.00843741 -0.00523961 -0.0128423 0.999885 0.00807436 -0.0249661 0.0085407 -0.00796504 0.999932 0.000464916 0.0 0.0 0.0 1.0
redkitchen/seq-11/color/frame-000103.color.png redkitchen/seq-11/color/frame-000105.color.png 0.999658 0.0156285 -0.0209849 -0.0188019 -0.0155154 0.999864 0.00554283 -0.0174053 0.0210687 -0.00521535 0.999764 0.0172119 0.0 0.0 0.0 1.0
redkitchen/seq-11/color/frame-000105.color.png redkitchen/seq-11/color/frame-000107.color.png 0.998532 0.0274788 -0.0466875 -0.00887507 -0.0267748 0.999519 0.0156372 -0.0282047 0.0470947 -0.0143642 0.998787 0.0441249 0.0 0.0 0.0 1.0
redkitchen/seq-11/color/frame-000107.color.png redkitchen/seq-11/color/frame-000109.color.png 0.998253 0.0372086 -0.0458949 0.013384 -0.0369799 0.999299 0.00582227 -0.0330068 0.0460794 -0.0041149 0.998929 0.0463412 0.0 0.0 0.0 1.0
redkitchen/seq-11/color/frame-000109.color.png redkitchen/seq-11/color/frame-000111.color.png 0.999204 0.024649 -0.0313537 0.00518978 -0.0244415 0.999677 0.00698427 -0.0308371 0.0315157 -0.00621237 0.999484 0.0298117 0.0 0.0 0.0 1.0
redkitchen/seq-11/color/frame-000111.color.png redkitchen/seq-11/color/frame-000113.color.png 0.998273 0.0143892 -0.056953 0.00981268 -0.0146167 0.999887 -0.00357974 -0.00405622 0.056895 0.00440602 0.99837 0.0527844 0.0 0.0 0.0 1.0
redkitchen/seq-11/color/frame-000113.color.png redkitchen/seq-11/color/frame-000115.color.png 0.999185 0.00266272 -0.0402903 0.0388158 -0.00260329 0.999995 0.00152718 0.00268614 0.0402942 -0.00142103 0.999187 0.0654963 0.0 0.0 0.0 1.0
redkitchen/seq-11/color/frame-000115.color.png redkitchen/seq-11/color/frame-000117.color.png 0.999928 4.15637e-05 0.0120307 0.063697 -0.000125126 0.999976 0.00694939 -0.0109566 -0.0120302 -0.0069504 0.999904 0.00338565 0.0 0.0 0.0 1.0
redkitchen/seq-11/color/frame-000117.color.png redkitchen/seq-11/color/frame-000119.color.png 0.999683 -0.00123235 0.0251569 -0.00904232 0.00101386 0.999962 0.00869419 -0.0111106 -0.0251666 -0.00866595 0.999646 0.000653684 0.0 0.0 0.0 1.0
redkitchen/seq-11/color/frame-000119.color.png redkitchen/seq-11/color/frame-000121.color.png 0.999923 -0.00509783 -0.0112828 0.0189806 0.0051259 0.999984 0.00246067 -0.0152987 0.01127 -0.00251831 0.999933 0.0313677 0.0 0.0 0.0 1.0
redkitchen/seq-11/color/frame-000121.color.png redkitchen/seq-11/color/frame-000123.color.png 0.999979 -0.00524177 0.00376641 0.0360678 0.00528356 0.999924 -0.0111669 -0.00790763 -0.00370749 0.0111866 0.999931 0.0162999 0.0 0.0 0.0 1.0
redkitchen/seq-11/color/frame-000123.color.png redkitchen/seq-11/color/frame-000125.color.png 0.999916 0.0126907 -0.00270832 0.0289094 -0.0127094 0.999895 -0.0070225 -0.0178851 0.00261888 0.00705632 0.999972 0.0243978 0.0 0.0 0.0 1.0
redkitchen/seq-11/color/frame-000125.color.png redkitchen/seq-11/color/frame-000127.color.png 0.999669 0.0150276 -0.0208971 0.0431913 -0.0152981 0.999801 -0.0128422 0.00801665 0.0206999 0.0131576 0.999699 0.0374602 0.0 0.0 0.0 1.0
redkitchen/seq-11/color/frame-000127.color.png redkitchen/seq-11/color/frame-000129.color.png 0.999721 0.0216591 0.00937837 0.0244068 -0.0216402 0.999764 -0.00210898 -0.0305451 -0.0094219 0.00190545 0.999954 0.0109865 0.0 0.0 0.0 1.0
redkitchen/seq-11/color/frame-000129.color.png redkitchen/seq-11/color/frame-000131.color.png 0.999838 0.0112575 -0.014067 0.0179397 -0.0114051 0.99988 -0.0104533 0.00665674 0.0139477 0.010612 0.999846 0.0203175 0.0 0.0 0.0 1.0
redkitchen/seq-11/color/frame-000131.color.png redkitchen/seq-11/color/frame-000133.color.png 0.999549 0.0127625 -0.0271888 0.0522561 -0.0127516 0.999919 0.000573001 -0.00305212 0.0271938 -0.000226017 0.99963 0.0446997 0.0 0.0 0.0 1.0
redkitchen/seq-11/color/frame-000133.color.png redkitchen/seq-11/color/frame-000135.color.png 0.999962 -0.00805024 -0.00337412 0.0108527 0.00808539 0.999912 0.0105273 0.00721869 0.00328912 -0.0105542 0.999939 0.0145469 0.0 0.0 0.0 1.0
redkitchen/seq-11/color/frame-000135.color.png redkitchen/seq-11/color/frame-000137.color.png 0.999879 -0.00345418 -0.0152001 0.0313887 0.00368084 0.999882 0.0149086 -0.0100296 0.0151466 -0.0149627 0.999774 0.0146315 0.0 0.0 0.0 1.0
redkitchen/seq-11/color/frame-000137.color.png redkitchen/seq-11/color/frame-000139.color.png 0.99997 -0.0065763 0.00411771 0.0177464 0.00658117 0.999978 -0.00116441 -0.0145683 -0.00410985 0.00119144 0.999991 0.0245239 0.0 0.0 0.0 1.0
redkitchen/seq-11/color/frame-000139.color.png redkitchen/seq-11/color/frame-000141.color.png 0.999846 -0.00967167 -0.014611 0.0284879 0.0096579 0.999953 -0.00101367 0.00722003 0.0146201 0.00087241 0.999893 0.0213761 0.0 0.0 0.0 1.0
redkitchen/seq-11/color/frame-000141.color.png redkitchen/seq-11/color/frame-000143.color.png 0.999909 0.00297897 0.0131942 0.0431127 -0.00303698 0.999986 0.00437886 -0.0151631 -0.0131809 -0.00441853 0.999903 0.0248883 0.0 0.0 0.0 1.0
redkitchen/seq-11/color/frame-000143.color.png redkitchen/seq-11/color/frame-000145.color.png 0.999965 -0.00811965 0.00202373 0.00293934 0.00812603 0.999962 -0.00316011 -0.00975323 -0.00199801 0.00317643 0.999993 0.0110853 0.0 0.0 0.0 1.0
redkitchen/seq-11/color/frame-000145.color.png redkitchen/seq-11/color/frame-000147.color.png 0.999841 -0.00966448 -0.0149711 0.0526439 0.00957966 0.999938 -0.00572166 0.000388741 0.0150254 0.00557736 0.999872 0.0269443 0.0 0.0 0.0 1.0
redkitchen/seq-11/color/frame-000147.color.png redkitchen/seq-11/color/frame-000149.color.png 0.99964 0.00489105 0.0263782 0.0455929 -0.00503184 0.999973 0.00527411 -0.0198637 -0.0263517 -0.00540496 0.999638 0.00275397 0.0 0.0 0.0 1.0
redkitchen/seq-11/color/frame-000149.color.png redkitchen/seq-11/color/frame-000151.color.png 0.99986 0.0102821 0.0132134 0.00379119 -0.0101563 0.999903 -0.00955406 -0.0244092 -0.0133103 0.00941852 0.999867 0.00566978 0.0 0.0 0.0 1.0
redkitchen/seq-11/color/frame-000151.color.png redkitchen/seq-11/color/frame-000153.color.png 0.999988 -0.000227312 -0.00487637 0.0511099 0.000176566 0.999946 -0.0104025 -0.0146901 0.00487838 0.0104015 0.999934 0.0294531 0.0 0.0 0.0 1.0
redkitchen/seq-11/color/frame-000153.color.png redkitchen/seq-11/color/frame-000155.color.png 0.999857 -0.00359254 0.0165266 -0.00541422 0.00392575 0.999789 -0.020173 0.015691 -0.0164506 0.020235 0.99966 0.0166646 0.0 0.0 0.0 1.0
redkitchen/seq-11/color/frame-000155.color.png redkitchen/seq-11/color/frame-000157.color.png 0.999912 -0.0086233 -0.0100915 0.0355842 0.00869986 0.999933 0.0075698 -0.0151089 0.0100256 -0.00765695 0.99992 0.00408322 0.0 0.0 0.0 1.0
redkitchen/seq-11/color/frame-000157.color.png redkitchen/seq-11/color/frame-000159.color.png 0.999911 -0.0110471 0.00748197 0.0393924 0.0109735 0.999892 0.00980879 -0.0135559 -0.00758949 -0.00972579 0.999924 0.00896215 0.0 0.0 0.0 1.0
redkitchen/seq-11/color/frame-000159.color.png redkitchen/seq-11/color/frame-000161.color.png 0.99952 -0.0132363 0.0280089 0.0110943 0.0132075 0.999912 0.00121249 -0.00486642 -0.0280226 -0.000841979 0.999607 0.0103014 0.0 0.0 0.0 1.0
redkitchen/seq-11/color/frame-000161.color.png redkitchen/seq-11/color/frame-000163.color.png 0.999845 -0.0135377 0.0112564 0.00870588 0.0134774 0.999894 0.00542394 0.00447363 -0.0113286 -0.0052714 0.999922 0.0119553 0.0 0.0 0.0 1.0
redkitchen/seq-11/color/frame-000163.color.png redkitchen/seq-11/color/frame-000165.color.png 0.999651 -0.0141926 0.0222741 0.0497825 0.013799 0.999748 0.0177239 -0.00369608 -0.02252 -0.0174103 0.999595 0.01339 0.0 0.0 0.0 1.0
redkitchen/seq-11/color/frame-000165.color.png redkitchen/seq-11/color/frame-000167.color.png 0.999951 -0.00417224 0.00893098 0.0150956 0.00408446 0.999943 0.00982309 -0.00349289 -0.00897149 -0.00978613 0.999912 0.00103866 0.0 0.0 0.0 1.0
redkitchen/seq-11/color/frame-000167.color.png redkitchen/seq-11/color/frame-000169.color.png 0.999998 -0.00196661 -0.000180025 0.0366564 0.00196725 0.999991 0.00374964 0.00760847 0.000172672 -0.00375 0.999993 0.00801632 0.0 0.0 0.0 1.0
redkitchen/seq-11/color/frame-000169.color.png redkitchen/seq-11/color/frame-000171.color.png 0.999954 0.000324375 0.0095881 0.0288418 -0.000413644 0.999957 0.0093118 0.000305474 -0.00958468 -0.00931532 0.999911 0.00188746 0.0 0.0 0.0 1.0
redkitchen/seq-11/color/frame-000171.color.png redkitchen/seq-11/color/frame-000173.color.png 0.999957 -0.00747021 0.00558627 0.0297964 0.00743367 0.999951 0.00652742 0.0073157 -0.0056347 -0.00648562 0.999963 0.00330178 0.0 0.0 0.0 1.0
redkitchen/seq-11/color/frame-000173.color.png redkitchen/seq-11/color/frame-000175.color.png 0.999983 0.00241472 0.00534233 0.0469581 -0.00246259 0.999957 0.00898276 -0.000769615 -0.00532047 -0.00899576 0.999946 -0.00504994 0.0 0.0 0.0 1.0
redkitchen/seq-11/color/frame-000175.color.png redkitchen/seq-11/color/frame-000177.color.png 0.999861 0.0014563 0.0165942 0.0245665 -0.0016706 0.999915 0.0129051 0.00385404 -0.016574 -0.012931 0.999779 -0.000121579 0.0 0.0 0.0 1.0
redkitchen/seq-11/color/frame-000177.color.png redkitchen/seq-11/color/frame-000179.color.png 0.999947 -0.00418261 0.00939316 0.0357285 0.00407237 0.999923 0.0117275 -0.00623465 -0.00944149 -0.0116887 0.999887 -0.00219433 0.0 0.0 0.0 1.0
redkitchen/seq-11/color/frame-000179.color.png redkitchen/seq-11/color/frame-000181.color.png 0.999924 -0.00751944 0.00972902 0.0354043 0.00744952 0.999946 0.00720221 0.00513995 -0.00978268 -0.00712916 0.999927 -0.0108591 0.0 0.0 0.0 1.0
redkitchen/seq-11/color/frame-000181.color.png redkitchen/seq-11/color/frame-000183.color.png 0.999949 0.00731915 0.00690237 0.0435515 -0.00736457 0.999951 0.00657755 0.0189945 -0.00685386 -0.00662806 0.999955 0.000225499 0.0 0.0 0.0 1.0
redkitchen/seq-11/color/frame-000183.color.png redkitchen/seq-11/color/frame-000185.color.png 0.99993 0.0029394 0.0114655 0.0193712 -0.00309701 0.999901 0.0137534 -0.014654 -0.0114239 -0.0137879 0.99984 -0.00569123 0.0 0.0 0.0 1.0
redkitchen/seq-11/color/frame-000185.color.png redkitchen/seq-11/color/frame-000187.color.png 0.999974 -0.00703582 0.00135264 0.0249834 0.00704048 0.999969 -0.00347541 0.00638288 -0.00132816 0.00348491 0.999993 0.00367719 0.0 0.0 0.0 1.0
redkitchen/seq-11/color/frame-000187.color.png redkitchen/seq-11/color/frame-000189.color.png 0.999787 -0.0204487 -0.00296007 0.0345768 0.0204506 0.999791 0.000607036 -0.00542539 0.002947 -0.000667454 0.999995 -0.00777718 0.0 0.0 0.0 1.0
redkitchen/seq-11/color/frame-000189.color.png redkitchen/seq-11/color/frame-000191.color.png 0.999855 -0.0169501 -0.0013083 0.0294605 0.0169573 0.99984 0.00565122 -0.0155845 0.00121233 -0.00567262 0.999983 0.00818157 0.0 0.0 0.0 1.0
redkitchen/seq-11/color/frame-000191.color.png redkitchen/seq-11/color/frame-000193.color.png 0.999951 -0.00709999 0.00693563 0.0328307 0.00706459 0.999962 0.0051149 0.00270581 -0.00697169 -0.00506562 0.999963 0.00387454 0.0 0.0 0.0 1.0
redkitchen/seq-11/color/frame-000193.color.png redkitchen/seq-11/color/frame-000195.color.png 0.99986 -0.00788937 0.0147831 0.0139866 0.00786746 0.999968 0.00153959 0.00275004 -0.0147947 -0.00142306 0.99989 0.0103068 0.0 0.0 0.0 1.0
redkitchen/seq-11/color/frame-000195.color.png redkitchen/seq-11/color/frame-000197.color.png 0.999908 -0.0132766 -0.00281453 0.030525 0.0132962 0.999887 0.00704756 -0.0014821 0.00272067 -0.00708437 0.999971 0.000477701 0.0 0.0 0.0 1.0
redkitchen/seq-11/color/frame-000197.color.png redkitchen/seq-11/color/frame-000199.color.png 0.999964 -0.00592989 0.00611674 0.0293719 0.00587867 0.999948 0.00835721 -0.00130388 -0.006166 -0.00832089 0.999946 0.0144093 0.0 0.0 0.0 1.0
redkitchen/seq-11/color/frame-000199.color.png redkitchen/seq-11/color/frame-000201.color.png 0.999933 -0.0107396 0.00427891 0.0210766 0.0107345 0.999942 0.0012171 -0.00446138 -0.00429175 -0.00117109 0.99999 0.0062781 0.0 0.0 0.0 1.0
redkitchen/seq-11/color/frame-000201.color.png redkitchen/seq-11/color/frame-000203.color.png 0.999959 -0.00840703 -0.00333164 0.0333683 0.00840063 0.999963 -0.00192949 0.0119374 0.00334775 0.0019014 0.999992 0.0108071 0.0 0.0 0.0 1.0
redkitchen/seq-11/color/frame-000203.color.png redkitchen/seq-11/color/frame-000205.color.png 0.999893 0.00578482 0.0134125 0.0374141 -0.0060343 0.999808 0.0186358 0.00479046 -0.0133021 -0.0187148 0.999736 0.012222 0.0 0.0 0.0 1.0
redkitchen/seq-11/color/frame-000205.color.png redkitchen/seq-11/color/frame-000207.color.png 0.999837 0.0114162 0.0139989 0.0111386 -0.011526 0.999903 0.00778856 0.00508091 -0.0139086 -0.00794861 0.999872 0.0252869 0.0 0.0 0.0 1.0
redkitchen/seq-11/color/frame-000207.color.png redkitchen/seq-11/color/frame-000209.color.png 0.999648 -0.0100617 -0.0245548 0.030457 0.00984716 0.999913 -0.00884232 2.42889e-05 0.0246416 0.00859738 0.999659 -0.0112267 0.0 0.0 0.0 1.0
redkitchen/seq-11/color/frame-000209.color.png redkitchen/seq-11/color/frame-000211.color.png 0.999836 -0.00216348 -0.0179997 0.0488923 0.00208299 0.999988 -0.00448904 0.0107871 0.0180092 0.00445085 0.999828 0.000581503 0.0 0.0 0.0 1.0
redkitchen/seq-11/color/frame-000211.color.png redkitchen/seq-11/color/frame-000213.color.png 0.999986 0.000583327 -0.00535892 0.0340725 -0.0005879 0.999999 -0.000852274 -0.000295907 0.00535841 0.000855408 0.999985 0.00277352 0.0 0.0 0.0 1.0
redkitchen/seq-11/color/frame-000213.color.png redkitchen/seq-11/color/frame-000215.color.png 0.999853 -0.00849028 -0.0149174 0.02333 0.00825753 0.999844 -0.0155959 -0.00368276 0.0150475 0.0154704 0.999767 -0.0087361 0.0 0.0 0.0 1.0
redkitchen/seq-11/color/frame-000215.color.png redkitchen/seq-11/color/frame-000217.color.png 0.999764 -0.00569022 -0.0209487 0.0397084 0.00564595 0.999982 -0.00217183 0.00444821 0.0209607 0.00205301 0.999778 -0.0148739 0.0 0.0 0.0 1.0
redkitchen/seq-11/color/frame-000217.color.png redkitchen/seq-11/color/frame-000219.color.png 0.999908 0.0124149 0.00545358 0.0298085 -0.012392 0.999914 -0.00421376 0.0162101 -0.00550541 0.00414581 0.999976 0.017915 0.0 0.0 0.0 1.0
redkitchen/seq-11/color/frame-000219.color.png redkitchen/seq-11/color/frame-000221.color.png 0.999999 0.000106564 -0.00106232 0.00339913 -0.000112889 0.999982 -0.00596392 0.00904819 0.00106161 0.00596401 0.999982 0.00972342 0.0 0.0 0.0 1.0
redkitchen/seq-11/color/frame-000221.color.png redkitchen/seq-11/color/frame-000223.color.png 0.999733 0.00738109 -0.021878 0.036072 -0.00749585 0.999958 -0.00516766 0.0206642 0.0218389 0.00533028 0.999747 -0.014998 0.0 0.0 0.0 1.0
redkitchen/seq-11/color/frame-000223.color.png redkitchen/seq-11/color/frame-000225.color.png 0.999832 0.0165702 -0.0078754 0.0462087 -0.0165701 0.999863 7.73952e-05 0.0243391 0.00787557 5.31336e-05 0.999969 -0.00674275 0.0 0.0 0.0 1.0
redkitchen/seq-11/color/frame-000225.color.png redkitchen/seq-11/color/frame-000227.color.png 0.999825 0.0184882 -0.00280293 0.0285301 -0.0184809 0.999826 0.0026017 0.0324788 0.00285056 -0.00254945 0.999993 0.0136468 0.0 0.0 0.0 1.0
redkitchen/seq-11/color/frame-000227.color.png redkitchen/seq-11/color/frame-000229.color.png 0.99971 0.0227159 -0.00795348 0.0401403 -0.0226792 0.999732 0.00467443 0.0358525 0.00805755 -0.0044927 0.999957 -0.00666684 0.0 0.0 0.0 1.0
redkitchen/seq-11/color/frame-000229.color.png redkitchen/seq-11/color/frame-000231.color.png 0.999676 0.0246251 0.00638552 0.0316731 -0.0246977 0.999628 0.0115532 0.0298974 -0.0060987 -0.0117071 0.999913 0.0126965 0.0 0.0 0.0 1.0
redkitchen/seq-11/color/frame-000231.color.png redkitchen/seq-11/color/frame-000233.color.png 0.999879 0.0142219 0.00623833 0.0100721 -0.0142481 0.99989 0.00417156 0.0261553 -0.00617832 -0.00425992 0.999972 0.014235 0.0 0.0 0.0 1.0
redkitchen/seq-11/color/frame-000233.color.png redkitchen/seq-11/color/frame-000235.color.png 0.999857 0.0168944 -0.000772939 0.0193181 -0.0168896 0.99984 0.00585627 0.0367974 0.000871775 -0.00584238 0.999982 0.0212353 0.0 0.0 0.0 1.0
redkitchen/seq-11/color/frame-000235.color.png redkitchen/seq-11/color/frame-000237.color.png 0.999647 0.018614 -0.0189694 0.0338047 -0.0187049 0.999814 -0.00462672 0.0359446 0.0188799 0.00497991 0.999809 -0.0129322 0.0 0.0 0.0 1.0
redkitchen/seq-11/color/frame-000237.color.png redkitchen/seq-11/color/frame-000239.color.png 0.999827 0.0142085 -0.0120347 0.0413402 -0.0142284 0.999898 -0.0015746 0.0209416 0.0120111 0.00174554 0.999926 -0.00746062 0.0 0.0 0.0 1.0
redkitchen/seq-11/color/frame-000239.color.png redkitchen/seq-11/color/frame-000241.color.png 0.99997 0.00742372 0.00205418 0.0204618 -0.00741837 0.999969 -0.00262647 0.0141357 -0.00207362 0.0026112 0.999995 0.0113639 0.0 0.0 0.0 1.0
redkitchen/seq-11/color/frame-000241.color.png redkitchen/seq-11/color/frame-000243.color.png 0.999869 -0.00349047 0.0158041 0.00995767 0.00350563 0.999993 -0.000930083 0.00711128 -0.0158007 0.000985318 0.999875 0.0314808 0.0 0.0 0.0 1.0
redkitchen/seq-11/color/frame-000243.color.png redkitchen/seq-11/color/frame-000245.color.png 0.999816 0.00127056 0.0191634 0.0122482 -0.00129918 0.999998 0.00148307 0.00570807 -0.0191615 -0.00150771 0.999815 0.0377013 0.0 0.0 0.0 1.0
redkitchen/seq-11/color/frame-000245.color.png redkitchen/seq-11/color/frame-000247.color.png 0.9996 -0.0154236 0.0236998 -0.00452888 0.0154855 0.999877 -0.00242865 -0.00473952 -0.0236594 0.00279474 0.999716 0.051713 0.0 0.0 0.0 1.0
redkitchen/seq-11/color/frame-000247.color.png redkitchen/seq-11/color/frame-000249.color.png 0.999755 -0.0126119 0.0182203 -0.00376928 0.0126428 0.999919 -0.0015795 -0.00770965 -0.0181988 0.00180943 0.999833 0.0423715 0.0 0.0 0.0 1.0
redkitchen/seq-11/color/frame-000249.color.png redkitchen/seq-11/color/frame-000251.color.png 0.999776 -0.0139346 0.0159253 -0.00348294 0.0139066 0.999902 0.00186257 -0.00924334 -0.0159497 -0.00164067 0.999871 0.0422023 0.0 0.0 0.0 1.0
redkitchen/seq-11/color/frame-000251.color.png redkitchen/seq-11/color/frame-000253.color.png 0.99957 -0.0126555 0.0264405 -0.0143656 0.0126941 0.999919 -0.00129159 -0.0103145 -0.026422 0.00162664 0.99965 0.0618732 0.0 0.0 0.0 1.0
redkitchen/seq-11/color/frame-000253.color.png redkitchen/seq-11/color/frame-000255.color.png 0.99944 -0.0199613 0.0268519 -0.0168204 0.0200875 0.999788 -0.00443777 -0.0181537 -0.0267576 0.00497469 0.999629 0.0640266 0.0 0.0 0.0 1.0
redkitchen/seq-11/color/frame-000255.color.png redkitchen/seq-11/color/frame-000257.color.png 0.999534 -0.0206084 0.0225051 -0.0130219 0.0208518 0.999726 -0.0106392 -0.0176602 -0.0222796 0.0111035 0.99969 0.0540834 0.0 0.0 0.0 1.0
redkitchen/seq-11/color/frame-000257.color.png redkitchen/seq-11/color/frame-000259.color.png 0.999601 -0.0217915 0.017992 -0.01368 0.0219293 0.999731 -0.00749752 -0.0208656 -0.0178239 0.00788909 0.99981 0.049943 0.0 0.0 0.0 1.0
redkitchen/seq-11/color/frame-000259.color.png redkitchen/seq-11/color/frame-000261.color.png 0.999741 -0.0123157 0.0191231 -0.015306 0.0125572 0.999842 -0.0125645 -0.00589696 -0.0189653 0.0128014 0.999738 0.0524276 0.0 0.0 0.0 1.0
redkitchen/seq-11/color/frame-000261.color.png redkitchen/seq-11/color/frame-000263.color.png 0.999629 -0.0202216 0.0182583 -0.0163839 0.0202831 0.999789 -0.00319215 -0.0178695 -0.0181899 0.00356128 0.999828 0.0504761 0.0 0.0 0.0 1.0
redkitchen/seq-11/color/frame-000263.color.png redkitchen/seq-11/color/frame-000265.color.png 0.999735 -0.0193011 0.0125812 -0.00796211 0.019304 0.999814 -0.000104032 -0.0305016 -0.0125768 0.000346848 0.999921 0.0363795 0.0 0.0 0.0 1.0
redkitchen/seq-11/color/frame-000265.color.png redkitchen/seq-11/color/frame-000267.color.png 0.999804 -0.0158741 0.0117998 -0.00897002 0.015935 0.99986 -0.00508365 -0.0162028 -0.0117175 0.00527068 0.999917 0.0395624 0.0 0.0 0.0 1.0
redkitchen/seq-11/color/frame-000267.color.png redkitchen/seq-11/color/frame-000269.color.png 0.99955 -0.0196162 0.022686 -0.0126773 0.019656 0.999806 -0.00153294 -0.0253495 -0.0226515 0.00197819 0.999741 0.0469268 0.0 0.0 0.0 1.0
redkitchen/seq-11/color/frame-000269.color.png redkitchen/seq-11/color/frame-000271.color.png 0.999945 -0.00376514 0.00980155 -0.0058707 0.00376498 0.999993 3.52573e-05 -0.0111539 -0.00980162 1.66052e-06 0.999952 0.0256448 0.0 0.0 0.0 1.0
redkitchen/seq-11/color/frame-000271.color.png redkitchen/seq-11/color/frame-000273.color.png 0.999694 -0.0165362 0.0183752 -0.0095228 0.0167631 0.999784 -0.0122654 -0.0156121 -0.0181684 0.0125697 0.999756 0.0431583 0.0 0.0 0.0 1.0
redkitchen/seq-11/color/frame-000273.color.png redkitchen/seq-11/color/frame-000275.color.png 0.999628 -0.0260307 0.00807586 -0.00589859 0.0261786 0.999481 -0.0187852 -0.0260132 -0.00758267 0.0189897 0.999791 0.0351926 0.0 0.0 0.0 1.0
redkitchen/seq-11/color/frame-000275.color.png redkitchen/seq-11/color/frame-000277.color.png 0.9999 -0.0136676 -0.00355793 0.0119617 0.0136444 0.999886 -0.00648044 -0.0143407 0.00364609 0.00643123 0.999973 0.00718725 0.0 0.0 0.0 1.0
redkitchen/seq-11/color/frame-000277.color.png redkitchen/seq-11/color/frame-000279.color.png 0.999997 0.00223818 0.00101827 0.0163363 -0.00223061 0.99997 -0.00738724 0.00310796 -0.00103477 0.00738498 0.999972 0.0204385 0.0 0.0 0.0 1.0
redkitchen/seq-11/color/frame-000279.color.png redkitchen/seq-11/color/frame-000281.color.png 0.99986 -0.0138862 0.00937676 0.00569451 0.014171 0.999418 -0.0310172 -0.00183859 -0.0089406 0.0311457 0.999475 0.0370474 0.0 0.0 0.0 1.0
redkitchen/seq-11/color/frame-000281.color.png redkitchen/seq-11/color/frame-000283.color.png 0.999901 -0.0037426 -0.013579 0.0218459 0.00323561 0.999304 -0.037169 0.0170325 0.0137086 0.0371214 0.999217 -0.0011127 0.0 0.0 0.0 1.0
redkitchen/seq-11/color/frame-000283.color.png redkitchen/seq-11/color/frame-000285.color.png 0.99995 0.00836107 -0.00545739 0.0100121 -0.00845001 0.999828 -0.0164836 0.0261037 0.00531863 0.0165289 0.999849 0.00543946 0.0 0.0 0.0 1.0
redkitchen/seq-11/color/frame-000285.color.png redkitchen/seq-11/color/frame-000287.color.png 0.999815 0.0164429 -0.00999368 0.0243291 -0.016618 0.999705 -0.017703 0.0396177 0.00969964 0.0178658 0.999793 0.000443161 0.0 0.0 0.0 1.0
redkitchen/seq-11/color/frame-000287.color.png redkitchen/seq-11/color/frame-000289.color.png 0.999531 0.00326749 -0.0304381 0.0376377 -0.00370366 0.999891 -0.0142843 0.0045459 0.0303881 0.0143904 0.999435 -0.0239898 0.0 0.0 0.0 1.0
redkitchen/seq-11/color/frame-000289.color.png redkitchen/seq-11/color/frame-000291.color.png 0.999953 0.00207891 -0.00944911 0.0184386 -0.0023163 0.99968 -0.0251837 0.0158714 0.00939373 0.0252044 0.999638 0.00523996 0.0 0.0 0.0 1.0
redkitchen/seq-11/color/frame-000291.color.png redkitchen/seq-11/color/frame-000293.color.png 0.999631 -0.00490894 -0.026711 0.0288823 0.00433178 0.999757 -0.0216224 0.00719911 0.0268106 0.0214987 0.999409 -0.0337206 0.0 0.0 0.0 1.0
redkitchen/seq-11/color/frame-000293.color.png redkitchen/seq-11/color/frame-000295.color.png 0.99969 0.00232494 -0.0247946 0.0261551 -0.00262886 0.999922 -0.0122323 0.00728813 0.0247642 0.0122937 0.999618 -0.0226141 0.0 0.0 0.0 1.0
redkitchen/seq-11/color/frame-000295.color.png redkitchen/seq-11/color/frame-000297.color.png 0.999835 0.0028332 -0.0179299 0.00853813 -0.00318375 0.999804 -0.0195518 0.0187982 0.0178709 0.0196056 0.999648 -0.0202264 0.0 0.0 0.0 1.0
redkitchen/seq-11/color/frame-000297.color.png redkitchen/seq-11/color/frame-000299.color.png 0.999575 0.00571102 -0.0285867 0.0323186 -0.00615702 0.99986 -0.0155385 0.012931 0.028494 0.0157079 0.999471 -0.0269178 0.0 0.0 0.0 1.0
redkitchen/seq-11/color/frame-000299.color.png redkitchen/seq-11/color/frame-000301.color.png 0.999498 0.0129232 -0.0289404 0.0137746 -0.0135348 0.999687 -0.0210403 0.0346529 0.0286594 0.0214213 0.99936 -0.0403266 0.0 0.0 0.0 1.0
redkitchen/seq-11/color/frame-000301.color.png redkitchen/seq-11/color/frame-000303.color.png 0.999083 0.0210702 -0.0372849 0.0413545 -0.0217262 0.999615 -0.0172781 0.0409141 0.0369065 0.0180724 0.999155 -0.0347332 0.0 0.0 0.0 1.0
redkitchen/seq-11/color/frame-000303.color.png redkitchen/seq-11/color/frame-000305.color.png 0.999538 0.015551 -0.0260962 0.0126679 -0.0158702 0.999801 -0.0120701 0.0265667 0.0259033 0.0124787 0.999587 -0.0353205 0.0 0.0 0.0 1.0
redkitchen/seq-11/color/frame-000305.color.png redkitchen/seq-11/color/frame-000307.color.png 0.99959 0.0152993 -0.0242049 0.0120277 -0.0154404 0.999865 -0.00565499 0.0247467 0.0241151 0.00602638 0.999691 -0.0347762 0.0 0.0 0.0 1.0
redkitchen/seq-11/color/frame-000307.color.png redkitchen/seq-11/color/frame-000309.color.png 0.999352 0.0132802 -0.0334558 0.0309572 -0.0132109 0.99991 0.00229086 0.00920489 0.0334833 -0.00184738 0.999438 -0.0488104 0.0 0.0 0.0 1.0
redkitchen/seq-11/color/frame-000309.color.png redkitchen/seq-11/color/frame-000311.color.png 0.999864 0.0113925 -0.0119042 0.00132704 -0.0114133 0.999933 -0.00167236 0.0101174 0.0118844 0.00180799 0.999928 -0.0188822 0.0 0.0 0.0 1.0
redkitchen/seq-11/color/frame-000311.color.png redkitchen/seq-11/color/frame-000313.color.png 0.999766 0.00337993 -0.0213479 0.026311 -0.00345361 0.999988 -0.00341545 0.00359279 0.0213361 0.00348841 0.999766 -0.0324048 0.0 0.0 0.0 1.0
redkitchen/seq-11/color/frame-000313.color.png redkitchen/seq-11/color/frame-000315.color.png 0.999962 0.00523697 -0.0069714 -0.0199848 -0.00526518 0.999978 -0.00403444 0.0119256 0.00695012 0.00407097 0.999968 -0.0167926 0.0 0.0 0.0 1.0
redkitchen/seq-11/color/frame-000315.color.png redkitchen/seq-11/color/frame-000317.color.png 0.999815 0.00512452 -0.0185471 0.00891769 -0.00509967 0.999986 0.0013867 0.00505602 0.018554 -0.00129186 0.999827 -0.0283098 0.0 0.0 0.0 1.0
redkitchen/seq-11/color/frame-000317.color.png redkitchen/seq-11/color/frame-000319.color.png 0.999658 0.0131515 -0.0225987 0.0263646 -0.0130667 0.999907 0.00389601 0.00870195 0.0226479 -0.0035994 0.999737 -0.0437943 0.0 0.0 0.0 1.0
redkitchen/seq-11/color/frame-000319.color.png redkitchen/seq-11/color/frame-000321.color.png 0.999875 0.00993861 -0.0123215 -0.0107346 -0.00996106 0.999949 -0.00176109 0.0284333 0.0123034 0.00188359 0.999923 -0.0162093 0.0 0.0 0.0 1.0
redkitchen/seq-11/color/frame-000321.color.png redkitchen/seq-11/color/frame-000323.color.png 0.999568 0.0112499 -0.0271508 0.0171781 -0.0112689 0.999936 -0.000546847 0.0180122 0.0271429 0.000852594 0.999631 -0.046284 0.0 0.0 0.0 1.0
redkitchen/seq-11/color/frame-000323.color.png redkitchen/seq-11/color/frame-000325.color.png 0.999738 0.0108222 -0.0201501 0.0065037 -0.0108354 0.999941 -0.000547638 0.0265937 0.0201429 0.000765829 0.999797 -0.0408749 0.0 0.0 0.0 1.0
redkitchen/seq-11/color/frame-000325.color.png redkitchen/seq-11/color/frame-000327.color.png 0.999753 0.00893041 -0.0203711 -0.00443554 -0.00889813 0.999959 0.00167376 0.0361272 0.0203851 -0.00149209 0.999791 -0.0517047 0.0 0.0 0.0 1.0
redkitchen/seq-11/color/frame-000327.color.png redkitchen/seq-11/color/frame-000329.color.png 0.999359 0.0202556 -0.0295234 0.032124 -0.0198085 0.999686 0.0153593 0.0121852 0.0298254 -0.0147646 0.999446 -0.059603 0.0 0.0 0.0 1.0
redkitchen/seq-11/color/frame-000329.color.png redkitchen/seq-11/color/frame-000331.color.png 0.999554 0.02129 -0.0209405 0.00821257 -0.0212769 0.999773 0.000848588 0.0742226 0.0209539 -0.000402654 0.99978 -0.0598254 0.0 0.0 0.0 1.0
redkitchen/seq-11/color/frame-000331.color.png redkitchen/seq-11/color/frame-000333.color.png 0.998854 0.0301797 -0.0371405 0.038015 -0.029565 0.999419 0.0169886 0.0380871 0.0376315 -0.015871 0.999166 -0.072069 0.0 0.0 0.0 1.0
redkitchen/seq-11/color/frame-000333.color.png redkitchen/seq-11/color/frame-000335.color.png 0.99877 0.033345 -0.036702 0.0346766 -0.0328072 0.999347 0.0151575 0.0474363 0.0371835 -0.0139348 0.999211 -0.0656623 0.0 0.0 0.0 1.0
redkitchen/seq-11/color/frame-000335.color.png redkitchen/seq-11/color/frame-000337.color.png 0.998888 0.0348515 -0.0317539 0.0379987 -0.0344977 0.999337 0.0116209 0.0688889 0.0321377 -0.0105126 0.999428 -0.0566497 0.0 0.0 0.0 1.0
redkitchen/seq-11/color/frame-000337.color.png redkitchen/seq-11/color/frame-000339.color.png 0.998348 0.0449088 -0.0358382 0.0406154 -0.0436804 0.998455 0.0343513 0.0279026 0.0373257 -0.0327292 0.998767 -0.0589195 0.0 0.0 0.0 1.0
redkitchen/seq-11/color/frame-000339.color.png redkitchen/seq-11/color/frame-000341.color.png 0.999058 0.0281174 -0.0330644 0.0515552 -0.0277291 0.999542 0.0121443 0.0373078 0.0333907 -0.011216 0.99938 -0.0511016 0.0 0.0 0.0 1.0
