redkitchen/seq-11/color/frame-000000.color.png redkitchen/seq-11/color/frame-000003.color.png 0.999994 0.00348963 -0.000296996 -0.00291849 -0.00348844 0.999986 0.00394682 -0.000845645 0.000310765 -0.00394576 0.999992 -0.000122981 0.0 0.0 0.0 1.0
redkitchen/seq-11/color/frame-000003.color.png redkitchen/seq-11/color/frame-000006.color.png 0.999993 -0.00374944 -0.000307791 -0.00448635 0.00374857 0.999989 -0.00277217 -0.00386926 0.000318182 0.002771 0.999996 -0.000911465 0.0 0.0 0.0 1.0
redkitchen/seq-11/color/frame-000006.color.png redkitchen/seq-11/color/frame-000009.color.png 0.999994 0.00237566 0.00256772 -0.00403619 -0.00237264 0.999996 -0.00117619 0.00195147 -0.00257051 0.00117009 0.999996 -0.00432524 0.0 0.0 0.0 1.0
redkitchen/seq-11/color/frame-000009.color.png redkitchen/seq-11/color/frame-000012.color.png 0.999976 0.00633561 0.00277042 -0.0158668 -0.00634516 0.999974 0.00345216 -0.00582791 -0.00274848 -0.00346966 0.99999 -0.00108978 0.0 0.0 0.0 1.0
redkitchen/seq-11/color/frame-000012.color.png redkitchen/seq-11/color/frame-000015.color.png 0.999923 0.0123836 -0.00115553 -0.0136369 -0.0123834 0.999923 0.000216924 -0.0048784 0.00115813 -0.000202598 0.999999 -0.00361928 0.0 0.0 0.0 1.0
redkitchen/seq-11/color/frame-000015.color.png redkitchen/seq-11/color/frame-000018.color.png 0.999915 0.00830975 0.010068 -0.0242685 -0.00832687 0.999964 0.00165971 -0.00947069 -0.0100539 -0.0017434 0.999948 -0.0016501 0.0 0.0 0.0 1.0
redkitchen/seq-11/color/frame-000018.color.png redkitchen/seq-11/color/frame-000021.color.png 0.999909 0.00506633 0.0124866 -0.0237658 -0.00513623 0.999971 0.00557091 -0.00640248 -0.012458 -0.00563453 0.999907 -0.0102045 0.0 0.0 0.0 1.0
redkitchen/seq-11/color/frame-000021.color.png redkitchen/seq-11/color/frame-000024.color.png 0.999954 0.00467334 0.00833594 -0.0213209 -0.00473757 0.999959 0.00770238 -0.0119377 -0.0082996 -0.00774152 0.999936 -0.00441606 0.0 0.0 0.0 1.0
redkitchen/seq-11/color/frame-000024.color.png redkitchen/seq-11/color/frame-000027.color.png 0.99989 0.00593069 0.0135947 -0.034223 -0.00592346 0.999982 -0.000572589 -0.0152265 -0.0135979 0.000491999 0.999907 -0.00592493 0.0 0.0 0.0 1.0
redkitchen/seq-11/color/frame-000027.color.png redkitchen/seq-11/color/frame-000030.color.png 0.999977 0.00354768 0.00586303 -0.0234796 -0.00351356 0.999977 -0.0058199 -0.00696345 -0.00588354 0.00579916 0.999966 -0.00676099 0.0 0.0 0.0 1.0
redkitchen/seq-11/color/frame-000030.color.png redkitchen/seq-11/color/frame-000033.color.png 0.999836 -0.0168661 0.00651398 -0.0304062 0.016876 0.999857 -0.00147477 -0.00570808 -0.00648817 0.00158446 0.999978 -0.0101587 0.0 0.0 0.0 1.0
redkitchen/seq-11/color/frame-000033.color.png redkitchen/seq-11/color/frame-000036.color.png 0.999845 -0.0163291 0.00654807 -0.035971 0.0163566 0.999857 -0.00416491 -0.00975288 -0.00647915 0.00427137 0.99997 -0.0146799 0.0 0.0 0.0 1.0
redkitchen/seq-11/color/frame-000036.color.png redkitchen/seq-11/color/frame-000039.color.png 0.999914 -0.0118593 0.00564901 -0.00628103 0.0118259 0.999913 0.00591984 0.00162362 -0.00571871 -0.00585252 0.999967 -0.0110043 0.0 0.0 0.0 1.0
redkitchen/seq-11/color/frame-000039.color.png redkitchen/seq-11/color/frame-000042.color.png 0.999392 -0.0110289 0.0330818 -0.0423238 0.0107879 0.999914 0.00745599 -0.0115929 -0.0331612 -0.00709457 0.999425 -0.0253393 0.0 0.0 0.0 1.0
redkitchen/seq-11/color/frame-000042.color.png redkitchen/seq-11/color/frame-000045.color.png 0.999506 -0.0154027 0.0273855 -0.0169597 0.0148291 0.999669 0.0210278 -0.00126564 -0.0277004 -0.0206113 0.999404 -0.025987 0.0 0.0 0.0 1.0
redkitchen/seq-11/color/frame-000045.color.png redkitchen/seq-11/color/frame-000048.color.png 0.999673 0.000623292 0.0255485 -0.0280353 -0.000863176 0.999956 0.00937916 -0.0234962 -0.0255415 -0.00939815 0.99963 -0.0353731 0.0 0.0 0.0 1.0
redkitchen/seq-11/color/frame-000048.color.png redkitchen/seq-11/color/frame-000051.color.png 0.999926 0.00468888 0.0112264 -0.0160923 -0.00465974 0.999986 -0.00262115 -0.0118826 -0.0112386 0.00256865 0.999934 -0.0213663 0.0 0.0 0.0 1.0
redkitchen/seq-11/color/frame-000051.color.png redkitchen/seq-11/color/frame-000054.color.png 0.999944 0.0104796 -0.00167226 -0.0231834 -0.0105004 0.999861 -0.0129466 -0.0105184 0.00153634 0.0129634 0.999915 -0.0254541 0.0 0.0 0.0 1.0
redkitchen/seq-11/color/frame-000054.color.png redkitchen/seq-11/color/frame-000057.color.png 0.999934 -0.000909793 -0.0114162 -0.0116628 0.000883476 0.999997 -0.00231007 -0.00389422 0.0114183 0.00229984 0.999932 -0.0292148 0.0 0.0 0.0 1.0
redkitchen/seq-11/color/frame-000057.color.png redkitchen/seq-11/color/frame-000060.color.png 0.999849 -0.0173438 -0.000670046 -0.023301 0.0173427 0.999848 -0.00157401 -0.00369021 0.000697246 0.00156214 0.999999 -0.0251639 0.0 0.0 0.0 1.0
redkitchen/seq-11/color/frame-000060.color.png redkitchen/seq-11/color/frame-000063.color.png 0.999968 -0.00367337 -0.00710933 -0.032724 0.00360874 0.999952 -0.0090822 -0.00758107 0.00714236 0.00905625 0.999933 -0.0169047 0.0 0.0 0.0 1.0
redkitchen/seq-11/color/frame-000063.color.png redkitchen/seq-11/color/frame-000066.color.png 0.999447 0.00786186 -0.0323149 -0.0142127 -0.00765422 0.999949 0.006544 0.00965258 0.0323647 -0.00629304 0.999456 -0.0192472 0.0 0.0 0.0 1.0
redkitchen/seq-11/color/frame-000066.color.png redkitchen/seq-11/color/frame-000069.color.png 0.999532 -0.00262322 -0.0304731 -0.0120149 0.00324852 0.999785 0.0204885 -0.0144067 0.0304128 -0.0205779 0.999326 -0.0186844 0.0 0.0 0.0 1.0
redkitchen/seq-11/color/frame-000069.color.png redkitchen/seq-11/color/frame-000072.color.png 0.999952 -0.00892131 -0.00417819 0.00223225 0.00890952 0.999956 -0.00283428 -0.0031247 0.00420329 0.00279691 0.999987 -0.0258409 0.0 0.0 0.0 1.0
redkitchen/seq-11/color/frame-000072.color.png redkitchen/seq-11/color/frame-000075.color.png 0.999903 0.00934905 0.0103142 -0.00888199 -0.00952327 0.999811 0.0169736 -0.00545858 -0.0101536 -0.0170702 0.999803 -0.030665 0.0 0.0 0.0 1.0
redkitchen/seq-11/color/frame-000075.color.png redkitchen/seq-11/color/frame-000078.color.png 0.999955 0.000108689 -0.00945937 -0.0149519 -7.72704e-05 0.999994 0.00332178 -0.0173953 0.00945969 -0.00332092 0.99995 -0.01594 0.0 0.0 0.0 1.0
redkitchen/seq-11/color/frame-000078.color.png redkitchen/seq-11/color/frame-000081.color.png 0.99997 0.000638694 0.00773071 -0.00633702 -0.000651226 0.999998 0.00161852 0.00494938 -0.00772966 -0.00162351 0.999969 -0.0115976 0.0 0.0 0.0 1.0
redkitchen/seq-11/color/frame-000081.color.png redkitchen/seq-11/color/frame-000084.color.png 0.999623 0.00568902 -0.0268723 -0.026711 -0.00567947 0.999984 0.000431582 -0.018122 0.0268743 -0.000278803 0.999639 0.00846404 0.0 0.0 0.0 1.0
redkitchen/seq-11/color/frame-000084.color.png redkitchen/seq-11/color/frame-000087.color.png 0.999722 0.0132617 -0.0194912 -0.00254774 -0.0132968 0.99991 -0.00167245 -0.0351811 0.0194673 0.00193116 0.999808 -0.00463128 0.0 0.0 0.0 1.0
redkitchen/seq-11/color/frame-000087.color.png redkitchen/seq-11/color/frame-000090.color.png 0.999876 0.0152544 0.00398522 -0.0153223 -0.0151981 0.999789 -0.0137917 -0.0293554 -0.00419476 0.0137294 0.999897 -2.01464e-05 0.0 0.0 0.0 1.0
redkitchen/seq-11/color/frame-000090.color.png redkitchen/seq-11/color/frame-000093.color.png 0.999677 0.00953476 -0.0235491 -0.0167313 -0.00952164 0.999954 0.0006694 -0.0156665 0.0235544 -0.000444952 0.999722 0.00713205 0.0 0.0 0.0 1.0
redkitchen/seq-11/color/frame-000093.color.png redkitchen/seq-11/color/frame-000096.color.png 0.999187 0.00604817 -0.0398574 -0.0104463 -0.00616038 0.999977 -0.00269307 -0.0310256 0.0398402 0.00293642 0.999202 0.0396502 0.0 0.0 0.0 1.0
redkitchen/seq-11/color/frame-000096.color.png redkitchen/seq-11/color/frame-000099.color.png 0.999654 0.00715821 -0.0252964 -0.0126052 -0.00723154 0.99997 -0.00280849 -0.0342776 0.0252755 0.00299046 0.999676 0.017645 0.0 0.0 0.0 1.0
redkitchen/seq-11/color/frame-000099.color.png redkitchen/seq-11/color/frame-000102.color.png 0.999645 0.00924086 -0.0249773 0.00399715 -0.00938571 0.99994 -0.00568819 -0.0231451 0.0249233 0.0059206 0.999672 0.0336508 0.0 0.0 0.0 1.0
redkitchen/seq-11/color/frame-000102.color.png redkitchen/seq-11/color/frame-000105.color.png 0.999514 0.0231196 -0.0209006 -0.0345163 -0.0228249 0.999638 0.014233 -0.0377535 0.0212221 -0.013749 0.99968 -0.00119379 0.0 0.0 0.0 1.0
redkitchen/seq-11/color/frame-000105.color.png redkitchen/seq-11/color/frame-000108.color.png 0.995661 0.0470838 -0.0802677 0.00751138 -0.0455215 0.998739 0.0211847 -0.0468146 0.0811639 -0.0174388 0.996548 0.0840031 0.0 0.0 0.0 1.0
redkitchen/seq-11/color/frame-000108.color.png redkitchen/seq-11/color/frame-000111.color.png 0.998215 0.0380113 -0.0460589 0.00754374 -0.0377 0.99926 0.00761058 -0.0406893 0.0463142 -0.00586057 0.99891 0.0393421 0.0 0.0 0.0 1.0
redkitchen/seq-11/color/frame-000111.color.png redkitchen/seq-11/color/frame-000114.color.png 0.9961 0.0199603 -0.085943 0.0221508 -0.0197114 0.999799 0.0037449 -0.0174735 0.0860004 -0.00203624 0.996293 0.0755278 0.0 0.0 0.0 1.0
redkitchen/seq-11/color/frame-000114.color.png redkitchen/seq-11/color/frame-000117.color.png 0.999998 0.000559665 -0.0020603 0.0980068 -0.000558749 1.0 0.00041685 0.0067223 0.00206054 -0.000415712 0.999998 0.0445923 0.0 0.0 0.0 1.0
redkitchen/seq-11/color/frame-000117.color.png redkitchen/seq-11/color/frame-000120.color.png 0.999727 -0.00351581 0.0230822 -0.0120307 0.00320235 0.999902 0.0136024 -0.0230442 -0.0231278 -0.0135248 0.999641 0.0148806 0.0 0.0 0.0 1.0
redkitchen/seq-11/color/frame-000120.color.png redkitchen/seq-11/color/frame-000123.color.png 0.999902 -0.0110104 -0.00862775 0.0616171 0.0108819 0.999831 -0.0147979 -0.00813192 0.00878918 0.0147025 0.999853 0.0381152 0.0 0.0 0.0 1.0
redkitchen/seq-11/color/frame-000123.color.png redkitchen/seq-11/color/frame-000126.color.png 0.999589 0.0277533 -0.00723549 0.0331738 -0.0278376 0.999542 -0.0118337 -0.0282125 0.00690374 0.0120303 0.999904 0.0209513 0.0 0.0 0.0 1.0
redkitchen/seq-11/color/frame-000126.color.png redkitchen/seq-11/color/frame-000129.color.png 0.999606 0.0280499 0.00106787 0.0469857 -0.0280344 0.999529 -0.0124856 -0.0139782 -0.00141763 0.0124507 0.999921 0.0446904 0.0 0.0 0.0 1.0
redkitchen/seq-11/color/frame-000129.color.png redkitchen/seq-11/color/frame-000132.color.png 0.999513 0.0144391 -0.0276664 0.0387798 -0.0144771 0.999895 -0.00117224 -0.0106931 0.0276465 0.00157219 0.999617 0.0339067 0.0 0.0 0.0 1.0
redkitchen/seq-11/color/frame-000132.color.png redkitchen/seq-11/color/frame-000135.color.png 0.999863 0.000516794 -0.0165223 0.0408735 -0.000422024 0.999983 0.00574083 0.0135082 0.016525 -0.00573307 0.999847 0.0432905 0.0 0.0 0.0 1.0
redkitchen/seq-11/color/frame-000135.color.png redkitchen/seq-11/color/frame-000138.color.png 0.999932 -0.00393892 -0.0110236 0.0514971 0.00407627 0.999914 0.0124672 -0.0145997 0.0109735 -0.0125113 0.999862 0.0400117 0.0 0.0 0.0 1.0
redkitchen/seq-11/color/frame-000138.color.png redkitchen/seq-11/color/frame-000141.color.png 0.999725 -0.0157547 -0.0173641 0.0323214 0.0157551 0.999876 -0.000114864 0.000383914 0.0173638 -0.000158753 0.999849 0.0302345 0.0 0.0 0.0 1.0
redkitchen/seq-11/color/frame-000141.color.png redkitchen/seq-11/color/frame-000144.color.png 0.9999 -0.00516772 0.013124 0.0499398 0.00508598 0.999968 0.00625723 -0.0171808 -0.0131559 -0.00618988 0.999894 0.0399508 0.0 0.0 0.0 1.0
redkitchen/seq-11/color/frame-000144.color.png redkitchen/seq-11/color/frame-000147.color.png 0.999793 -0.014267 -0.0145266 0.0490277 0.0141258 0.999852 -0.00977774 -0.00386876 0.014664 0.00957051 0.999847 0.0302536 0.0 0.0 0.0 1.0
redkitchen/seq-11/color/frame-000147.color.png redkitchen/seq-11/color/frame-000150.color.png 0.998938 0.012455 0.0443688 0.0348283 -0.0120753 0.999888 -0.00881542 -0.016767 -0.0444736 0.00827028 0.998976 0.0354638 0.0 0.0 0.0 1.0
redkitchen/seq-11/color/frame-000150.color.png redkitchen/seq-11/color/frame-000153.color.png 0.999889 0.00285971 -0.0145997 0.0748811 -0.00300434 0.999947 -0.00989744 -0.031708 0.0145707 0.00994022 0.999844 0.0228611 0.0 0.0 0.0 1.0
redkitchen/seq-11/color/frame-000153.color.png redkitchen/seq-11/color/frame-000156.color.png 0.999899 -0.00829042 0.01157 0.00732578 0.00847686 0.999834 -0.0161604 0.00817484 -0.0114341 0.0162569 0.999802 0.0228539 0.0 0.0 0.0 1.0
redkitchen/seq-11/color/frame-000156.color.png redkitchen/seq-11/color/frame-000159.color.png 0.99983 -0.0177817 0.00480714 0.0513168 0.0177216 0.999768 0.0122673 -0.0155946 -0.00502418 -0.01218 0.999913 0.0155689 0.0 0.0 0.0 1.0
redkitchen/seq-11/color/frame-000159.color.png redkitchen/seq-11/color/frame-000162.color.png 0.999154 -0.0175388 0.0371874 0.0103625 0.0175066 0.999846 0.0011896 0.0024671 -0.0372025 -0.000537558 0.999308 0.0202969 0.0 0.0 0.0 1.0
redkitchen/seq-11/color/frame-000162.color.png redkitchen/seq-11/color/frame-000165.color.png 0.99949 -0.0201099 0.0248254 0.058316 0.0195636 0.999565 0.0220577 -0.00379115 -0.0252583 -0.0215608 0.999448 0.0169829 0.0 0.0 0.0 1.0
redkitchen/seq-11/color/frame-000165.color.png redkitchen/seq-11/color/frame-000168.color.png 0.999957 -0.00397383 0.00842441 0.033395 0.00384643 0.999879 0.0150801 -0.00994265 -0.00848326 -0.015047 0.999851 -0.000811219 0.0 0.0 0.0 1.0
redkitchen/seq-11/color/frame-000168.color.png redkitchen/seq-11/color/frame-000171.color.png 0.999947 -0.00306418 0.00977983 0.0503876 0.00295282 0.999931 0.0113779 0.0041849 -0.00981407 -0.0113484 0.999888 0.00305146 0.0 0.0 0.0 1.0
redkitchen/seq-11/color/frame-000171.color.png redkitchen/seq-11/color/frame-000174.color.png 0.9999 -0.00598859 0.0128192 0.035544 0.0058976 0.999957 0.00712482 0.0162998 -0.0128613 -0.00704849 0.999892 0.0106221 0.0 0.0 0.0 1.0
redkitchen/seq-11/color/frame-000174.color.png redkitchen/seq-11/color/frame-000177.color.png 0.999887 0.000582061 0.0150546 0.0582323 -0.000849858 0.999842 0.017788 0.00327384 -0.0150419 -0.0177988 0.999728 -0.0080712 0.0 0.0 0.0 1.0
redkitchen/seq-11/color/frame-000177.color.png redkitchen/seq-11/color/frame-000180.color.png 0.999844 -0.00846078 0.0155326 0.0498989 0.00825223 0.999876 0.0134414 -0.00389749 -0.0156444 -0.013311 0.999789 -0.011585 0.0 0.0 0.0 1.0
redkitchen/seq-11/color/frame-000180.color.png redkitchen/seq-11/color/frame-000183.color.png 0.999931 0.0036721 0.0111258 0.0624903 -0.00379416 0.999933 0.0109718 0.0251044 -0.0110848 -0.0110133 0.999878 -0.00272045 0.0 0.0 0.0 1.0
redkitchen/seq-11/color/frame-000183.color.png redkitchen/seq-11/color/frame-000186.color.png 0.999938 -0.00539242 0.0097001 0.0375786 0.0052774 0.999916 0.0118441 -0.0114447 -0.00976313 -0.0117922 0.999883 -0.00890811 0.0 0.0 0.0 1.0
redkitchen/seq-11/color/frame-000186.color.png redkitchen/seq-11/color/frame-000189.color.png 0.999792 -0.0202495 -0.00228059 0.0471859 0.0202387 0.999784 -0.00466454 0.0090009 0.00237456 0.00461743 0.999986 0.00570662 0.0 0.0 0.0 1.0
redkitchen/seq-11/color/frame-000189.color.png redkitchen/seq-11/color/frame-000192.color.png 0.999783 -0.0207929 0.00157199 0.0522679 0.0207869 0.999777 0.00373711 -0.00141117 -0.00164938 -0.00370366 0.999992 -0.000484139 0.0 0.0 0.0 1.0
redkitchen/seq-11/color/frame-000192.color.png redkitchen/seq-11/color/frame-000195.color.png 0.999731 -0.01274 0.0193953 0.0273682 0.0126084 0.999897 0.00688985 -0.00154412 -0.019481 -0.00664341 0.999788 0.0137464 0.0 0.0 0.0 1.0
redkitchen/seq-11/color/frame-000195.color.png redkitchen/seq-11/color/frame-000198.color.png 0.999882 -0.0152738 0.00137529 0.0451073 0.0152578 0.999823 0.0109937 -0.00247827 -0.00154295 -0.0109714 0.999939 -0.000973374 0.0 0.0 0.0 1.0
redkitchen/seq-11/color/frame-000198.color.png redkitchen/seq-11/color/frame-000201.color.png 0.999876 -0.0146018 0.00588156 0.0377124 0.0145586 0.999867 0.00731043 -0.00895903 -0.00598756 -0.00722389 0.999956 0.017016 0.0 0.0 0.0 1.0
redkitchen/seq-11/color/frame-000201.color.png redkitchen/seq-11/color/frame-000204.color.png 0.999995 -0.00322874 0.000730075 0.0569105 0.00322579 0.999987 0.00400763 0.0205825 -0.000742975 -0.00400528 0.999992 0.0112041 0.0 0.0 0.0 1.0
redkitchen/seq-11/color/frame-000204.color.png redkitchen/seq-11/color/frame-000207.color.png 0.999455 0.015813 0.0289859 0.0180774 -0.0164354 0.999637 0.0213626 0.000256389 -0.0286376 -0.0218273 0.999352 0.0346376 0.0 0.0 0.0 1.0
redkitchen/seq-11/color/frame-000207.color.png redkitchen/seq-11/color/frame-000210.color.png 0.999157 -0.00989947 -0.0398455 0.0590152 0.00969311 0.999939 -0.0053691 -0.0128101 0.0398962 0.00497837 0.999192 -0.0156563 0.0 0.0 0.0 1.0
redkitchen/seq-11/color/frame-000210.color.png redkitchen/seq-11/color/frame-000213.color.png 0.99998 -0.000511509 -0.0062697 0.0436434 0.000493384 0.999996 -0.00289157 0.00781262 0.00627119 0.00288845 0.999976 0.0191376 0.0 0.0 0.0 1.0
redkitchen/seq-11/color/frame-000213.color.png redkitchen/seq-11/color/frame-000216.color.png 0.999306 -0.0147307 -0.0342015 0.0473512 0.0138705 0.999585 -0.0252538 0.00968298 0.0345593 0.0247619 0.999096 -0.0140327 0.0 0.0 0.0 1.0
redkitchen/seq-11/color/frame-000216.color.png redkitchen/seq-11/color/frame-000219.color.png 0.999914 0.0129636 -0.00208624 0.0484369 -0.0129744 0.999902 -0.00527644 0.0238578 0.00201765 0.00530308 0.999984 0.0129394 0.0 0.0 0.0 1.0
redkitchen/seq-11/color/frame-000219.color.png redkitchen/seq-11/color/frame-000222.color.png 0.999935 -0.000428713 -0.0113773 0.0179075 0.000312491 0.999948 -0.0102158 0.0180871 0.0113811 0.0102115 0.999883 0.00471956 0.0 0.0 0.0 1.0
redkitchen/seq-11/color/frame-000222.color.png redkitchen/seq-11/color/frame-000225.color.png 0.999554 0.0244386 -0.0171479 0.0608929 -0.0244548 0.999701 -0.000738728 0.033929 0.0171247 0.00115777 0.999853 -0.0109825 0.0 0.0 0.0 1.0
redkitchen/seq-11/color/frame-000225.color.png redkitchen/seq-11/color/frame-000228.color.png 0.999667 0.0249545 -0.00649284 0.0528723 -0.0249298 0.999682 0.0038538 0.046702 0.00658691 -0.00369064 0.999972 0.0092527 0.0 0.0 0.0 1.0
redkitchen/seq-11/color/frame-000228.color.png redkitchen/seq-11/color/frame-000231.color.png 0.999352 0.0359653 0.00113845 0.0550635 -0.0359767 0.999274 0.0125458 0.0525816 -0.000686384 -0.0125786 0.999921 0.00964954 0.0 0.0 0.0 1.0
redkitchen/seq-11/color/frame-000231.color.png redkitchen/seq-11/color/frame-000234.color.png 0.999731 0.0203884 0.0110624 0.0153195 -0.0205129 0.999726 0.0112569 0.0362002 -0.0108299 -0.0114808 0.999875 0.0251301 0.0 0.0 0.0 1.0
redkitchen/seq-11/color/frame-000234.color.png redkitchen/seq-11/color/frame-000237.color.png 0.999271 0.0297451 -0.0239282 0.0481663 -0.029842 0.999548 -0.00370562 0.0555927 0.0238072 0.00441698 0.999707 -0.00806329 0.0 0.0 0.0 1.0
redkitchen/seq-11/color/frame-000237.color.png redkitchen/seq-11/color/frame-000240.color.png 0.999618 0.026229 -0.00872075 0.0413669 -0.0262483 0.999653 -0.00210877 0.036805 0.00866235 0.00233686 0.99996 0.00465944 0.0 0.0 0.0 1.0
redkitchen/seq-11/color/frame-000240.color.png redkitchen/seq-11/color/frame-000243.color.png 0.999826 0.00105831 0.0186224 0.0220523 -0.00107926 0.999999 0.00111248 0.00724718 -0.0186211 -0.00113239 0.999826 0.0328452 0.0 0.0 0.0 1.0
redkitchen/seq-11/color/frame-000243.color.png redkitchen/seq-11/color/frame-000246.color.png 0.99939 -0.0110788 0.033126 0.00769758 0.0111196 0.999938 -0.00104639 0.00136986 -0.0331123 0.00141406 0.999451 0.066939 0.0 0.0 0.0 1.0
redkitchen/seq-11/color/frame-000246.color.png redkitchen/seq-11/color/frame-000249.color.png 0.999548 -0.0155254 0.0257468 0.00104821 0.0155726 0.999878 -0.00163285 -0.00579646 -0.0257183 0.00203307 0.999667 0.0596857 0.0 0.0 0.0 1.0
redkitchen/seq-11/color/frame-000249.color.png redkitchen/seq-11/color/frame-000252.color.png 0.999327 -0.0215615 0.0296908 -0.00857878 0.0214638 0.999763 0.00360594 -0.0205507 -0.0297616 -0.00296621 0.999553 0.0687511 0.0 0.0 0.0 1.0
redkitchen/seq-11/color/frame-000252.color.png redkitchen/seq-11/color/frame-000255.color.png 0.998822 -0.0286848 0.0391424 -0.0195944 0.0289533 0.999561 -0.00630881 -0.0260633 -0.0389443 0.00743465 0.999214 0.0902328 0.0 0.0 0.0 1.0
redkitchen/seq-11/color/frame-000255.color.png redkitchen/seq-11/color/frame-000258.color.png 0.999048 -0.02874 0.0328319 -0.023239 0.0292215 0.999471 -0.0142825 -0.02405 -0.0324041 0.0152283 0.999359 0.0848344 0.0 0.0 0.0 1.0
redkitchen/seq-11/color/frame-000258.color.png redkitchen/seq-11/color/frame-000261.color.png 0.999212 -0.0253975 0.0304929 -0.0263239 0.0258728 0.999548 -0.015293 -0.0194518 -0.0300907 0.0160699 0.999418 0.0892593 0.0 0.0 0.0 1.0
redkitchen/seq-11/color/frame-000261.color.png redkitchen/seq-11/color/frame-000264.color.png 0.999332 -0.0302637 0.0204788 -0.0120403 0.0303171 0.999538 -0.0023028 -0.0379467 -0.0203996 0.00292211 0.999788 0.0519838 0.0 0.0 0.0 1.0
redkitchen/seq-11/color/frame-000264.color.png redkitchen/seq-11/color/frame-000267.color.png 0.999469 -0.0272404 0.0179056 -0.0108789 0.0273397 0.999612 -0.00532572 -0.035533 -0.0177536 0.00581247 0.999825 0.0524769 0.0 0.0 0.0 1.0
redkitchen/seq-11/color/frame-000267.color.png redkitchen/seq-11/color/frame-000270.color.png 0.999253 -0.019754 0.0332132 -0.0200994 0.0197697 0.999804 -0.000143637 -0.0339168 -0.0332039 0.000800145 0.999448 0.0720502 0.0 0.0 0.0 1.0
redkitchen/seq-11/color/frame-000270.color.png redkitchen/seq-11/color/frame-000273.color.png 0.999698 -0.0158736 0.0187613 -0.0103599 0.0161074 0.999794 -0.012378 -0.0141989 -0.0185609 0.0126764 0.999747 0.0432249 0.0 0.0 0.0 1.0
redkitchen/seq-11/color/frame-000273.color.png redkitchen/seq-11/color/frame-000276.color.png 0.999397 -0.0342186 0.005911 0.000457287 0.0343509 0.999123 -0.0239517 -0.032414 -0.00508622 0.0241403 0.999695 0.0373548 0.0 0.0 0.0 1.0
redkitchen/seq-11/color/frame-000276.color.png redkitchen/seq-11/color/frame-000279.color.png 0.999996 -0.00276239 -0.000370166 0.0214146 0.00275883 0.999954 -0.00923445 -0.00348854 0.00039566 0.00923339 0.999957 0.0309489 0.0 0.0 0.0 1.0
redkitchen/seq-11/color/frame-000279.color.png redkitchen/seq-11/color/frame-000282.color.png 0.999844 -0.0166696 0.00582731 0.0113313 0.0169311 0.998696 -0.0481584 0.00598368 -0.00501692 0.0482496 0.998823 0.0366914 0.0 0.0 0.0 1.0
redkitchen/seq-11/color/frame-000282.color.png redkitchen/seq-11/color/frame-000285.color.png 0.99979 0.0106338 -0.0174938 0.0300714 -0.0112353 0.999336 -0.0346504 0.0379367 0.0171137 0.0348397 0.999246 0.00387281 0.0 0.0 0.0 1.0
redkitchen/seq-11/color/frame-000285.color.png redkitchen/seq-11/color/frame-000288.color.png 0.999725 0.0103482 -0.0210343 0.0378937 -0.0108415 0.999666 -0.0234734 0.0267379 0.0207844 0.023695 0.999503 -0.010984 0.0 0.0 0.0 1.0
redkitchen/seq-11/color/frame-000288.color.png redkitchen/seq-11/color/frame-000291.color.png 0.999543 0.0145198 -0.0265225 0.0369118 -0.0155104 0.999175 -0.0375332 0.0518454 0.0259556 0.0379275 0.998943 -0.00921583 0.0 0.0 0.0 1.0
redkitchen/seq-11/color/frame-000291.color.png redkitchen/seq-11/color/frame-000294.color.png 0.999267 -0.0044131 -0.0380158 0.0408171 0.00339494 0.999635 -0.0268062 0.00608727 0.0381202 0.0266575 0.998918 -0.040874 0.0 0.0 0.0 1.0
redkitchen/seq-11/color/frame-000294.color.png redkitchen/seq-11/color/frame-000297.color.png 0.999465 0.00174597 -0.0326667 0.028563 -0.00252143 0.999716 -0.0237121 0.0155647 0.032616 0.0237818 0.999185 -0.0315022 0.0 0.0 0.0 1.0
redkitchen/seq-11/color/frame-000297.color.png redkitchen/seq-11/color/frame-000300.color.png 0.999191 0.0129849 -0.0380712 0.0303241 -0.013854 0.999647 -0.0226549 0.0243274 0.0377637 0.023164 0.999018 -0.0526852 0.0 0.0 0.0 1.0
redkitchen/seq-11/color/frame-000300.color.png redkitchen/seq-11/color/frame-000303.color.png 0.997967 0.026915 -0.0577648 0.0635984 -0.0288481 0.999042 -0.032896 0.0719501 0.0568241 0.0344955 0.997788 -0.0556449 0.0 0.0 0.0 1.0
redkitchen/seq-11/color/frame-000303.color.png redkitchen/seq-11/color/frame-000306.color.png 0.998977 0.0271817 -0.0361535 0.0137458 -0.0276066 0.999555 -0.0113081 0.0314156 0.03583 0.0122946 0.999282 -0.0593995 0.0 0.0 0.0 1.0
redkitchen/seq-11/color/frame-000306.color.png redkitchen/seq-11/color/frame-000309.color.png 0.9988 0.00588981 -0.0486209 0.0363842 -0.00607976 0.999974 -0.00375981 0.0156221 0.0485975 0.00405092 0.99881 -0.0541707 0.0 0.0 0.0 1.0
redkitchen/seq-11/color/frame-000309.color.png redkitchen/seq-11/color/frame-000312.color.png 0.999644 0.0137661 -0.0228323 0.0156808 -0.0138643 0.999895 -0.00414738 0.0142801 0.0227729 0.00446244 0.999731 -0.0349526 0.0 0.0 0.0 1.0
redkitchen/seq-11/color/frame-000312.color.png redkitchen/seq-11/color/frame-000315.color.png 0.999818 0.00630233 -0.0179807 -0.00735486 -0.00640904 0.999962 -0.00588302 0.0136796 0.0179429 0.00599718 0.999821 -0.0297979 0.0 0.0 0.0 1.0
redkitchen/seq-11/color/frame-000315.color.png redkitchen/seq-11/color/frame-000318.color.png 0.999612 0.00888355 -0.0263906 0.0111519 -0.00887593 0.999961 0.000405413 0.0113842 0.0263931 -0.000171007 0.999652 -0.0416302 0.0 0.0 0.0 1.0
redkitchen/seq-11/color/frame-000318.color.png redkitchen/seq-11/color/frame-000321.color.png 0.999779 0.013597 -0.0160395 -0.0140309 -0.0135751 0.999907 0.00147091 0.0245689 0.016058 -0.00125289 0.99987 -0.0424899 0.0 0.0 0.0 1.0
redkitchen/seq-11/color/frame-000321.color.png redkitchen/seq-11/color/frame-000324.color.png 0.999171 0.0198502 -0.0355334 0.0216956 -0.0198946 0.999802 -0.000899078 0.0324658 0.0355085 0.00160529 0.999368 -0.0655036 0.0 0.0 0.0 1.0
redkitchen/seq-11/color/frame-000324.color.png redkitchen/seq-11/color/frame-000327.color.png 0.998218 0.0337029 -0.0492388 0.0762969 -0.0328051 0.999283 0.0189292 0.0135927 0.0498416 -0.0172802 0.998608 -0.112062 0.0 0.0 0.0 1.0
redkitchen/seq-11/color/frame-000327.color.png redkitchen/seq-11/color/frame-000330.color.png 0.998844 0.0252536 -0.0409108 0.0241609 -0.0246396 0.999577 0.0154424 0.0423708 0.0412835 -0.0144165 0.999043 -0.0792946 0.0 0.0 0.0 1.0
redkitchen/seq-11/color/frame-000330.color.png redkitchen/seq-11/color/frame-000333.color.png 0.998213 0.0384905 -0.0457058 0.0370342 -0.0375257 0.999058 0.0217816 0.0615429 0.0465011 -0.0200276 0.998717 -0.0999963 0.0 0.0 0.0 1.0
redkitchen/seq-11/color/frame-000333.color.png redkitchen/seq-11/color/frame-000336.color.png 0.997518 0.0427397 -0.0559594 0.0453598 -0.0419317 0.999 0.0155347 0.0904426 0.0565673 -0.0131497 0.998312 -0.0793846 0.0 0.0 0.0 1.0
redkitchen/seq-11/color/frame-000336.color.png redkitchen/seq-11/color/frame-000339.color.png 0.996889 0.0614308 -0.0493751 0.0611697 -0.0594361 0.997394 0.0408992 0.0628609 0.0517588 -0.0378373 0.997943 -0.0924941 0.0 0.0 0.0 1.0
redkitchen/seq-11/color/frame-000339.color.png redkitchen/seq-11/color/frame-000342.color.png 0.998174 0.0426207 -0.0428072 0.0664572 -0.041899 0.998966 0.017618 0.0577391 0.0435138 -0.0157922 0.998928 -0.0669245 0.0 0.0 0.0 1.0
redkitchen/seq-11/color/frame-000342.color.png redkitchen/seq-11/color/frame-000345.color.png 0.999095 0.0342729 -0.025188 0.0520486 -0.0338513 0.999283 0.0169798 0.0466045 0.025752 -0.0161118 0.999538 -0.0429816 0.0 0.0 0.0 1.0
redkitchen/seq-11/color/frame-000345.color.png redkitchen/seq-11/color/frame-000348.color.png 0.999357 0.0326813 -0.0147779 0.0509449 -0.032577 0.999443 0.00724863 0.0531566 0.0150065 -0.00676254 0.999865 -0.0249556 0.0 0.0 0.0 1.0
redkitchen/seq-11/color/frame-000348.color.png redkitchen/seq-11/color/frame-000351.color.png 0.999551 0.0243535 -0.0174342 0.0718287 -0.0241937 0.999664 0.00931877 0.045955 0.0176554 -0.00889281 0.999805 -0.0229128 0.0 0.0 0.0 1.0
redkitchen/seq-11/color/frame-000351.color.png redkitchen/seq-11/color/frame-000354.color.png 0.99993 0.00491961 -0.0107996 0.0635499 -0.00483013 0.999954 0.00829397 0.0133065 0.0108398 -0.00824114 0.999907 -0.0166212 0.0 0.0 0.0 1.0
redkitchen/seq-11/color/frame-000354.color.png redkitchen/seq-11/color/frame-000357.color.png 0.999853 0.0152714 0.00784176 0.0607189 -0.0153177 0.999865 0.00587176 0.0271626 -0.00775101 -0.00599107 0.999952 0.0164162 0.0 0.0 0.0 1.0
redkitchen/seq-11/color/frame-000357.color.png redkitchen/seq-11/color/frame-000360.color.png 0.999936 0.00103589 0.0112563 0.0398821 -0.00125577 0.999808 0.0195478 -0.0154061 -0.0112338 -0.0195607 0.999746 0.0213689 0.0 0.0 0.0 1.0
redkitchen/seq-11/color/frame-000360.color.png redkitchen/seq-11/color/frame-000363.color.png 0.999995 -0.00288177 -0.00139334 0.0567825 0.00290036 0.999904 0.0135447 -0.00862056 0.00135405 -0.0135486 0.999907 -0.00911224 0.0 0.0 0.0 1.0
redkitchen/seq-11/color/frame-000363.color.png redkitchen/seq-11/color/frame-000366.color.png 0.999875 0.0120898 0.010192 0.0470229 -0.0123696 0.999535 0.0278593 0.00263232 -0.00985026 -0.0279819 0.99956 0.0228129 0.0 0.0 0.0 1.0
redkitchen/seq-11/color/frame-000366.color.png redkitchen/seq-11/color/frame-000369.color.png 0.999816 0.0184055 -0.00538504 0.039254 -0.018325 0.999725 0.0146478 0.0231192 0.00565293 -0.0145464 0.999878 -0.0136039 0.0 0.0 0.0 1.0
redkitchen/seq-11/color/frame-000369.color.png redkitchen/seq-11/color/frame-000372.color.png 0.999952 0.00588006 -0.00783008 0.0399503 -0.00564971 0.99956 0.0291217 -0.00630824 0.00799793 -0.029076 0.999545 -0.0176967 0.0 0.0 0.0 1.0
redkitchen/seq-11/color/frame-000372.color.png redkitchen/seq-11/color/frame-000375.color.png 0.999981 0.00606657 0.00126312 0.0275565 -0.00608888 0.999811 0.0184493 -0.00484045 -0.00115086 -0.0184567 0.999829 -0.000739217 0.0 0.0 0.0 1.0
redkitchen/seq-11/color/frame-000375.color.png redkitchen/seq-11/color/frame-000378.color.png 0.999884 -0.00532521 -0.014246 0.0372512 0.00565461 0.999716 0.0231728 -0.0336298 0.0141185 -0.0232507 0.99963 -0.0292481 0.0 0.0 0.0 1.0
redkitchen/seq-11/color/frame-000378.color.png redkitchen/seq-11/color/frame-000381.color.png 0.999991 -0.00189345 0.00391552 0.0249861 0.00186841 0.999978 0.00637834 -0.0254302 -0.00392754 -0.00637097 0.999972 -0.00183278 0.0 0.0 0.0 1.0
redkitchen/seq-11/color/frame-000381.color.png redkitchen/seq-11/color/frame-000384.color.png 0.999937 0.00234501 0.0110026 0.0194823 -0.00217605 0.99988 -0.0153469 0.0122689 -0.0110372 0.015322 0.999822 0.026326 0.0 0.0 0.0 1.0
redkitchen/seq-11/color/frame-000384.color.png redkitchen/seq-11/color/frame-000387.color.png 0.999762 0.007112 -0.0206387 0.030921 -0.00694314 0.999942 0.00824315 -0.00353961 0.0206961 -0.00809792 0.999753 -0.0466211 0.0 0.0 0.0 1.0
redkitchen/seq-11/color/frame-000387.color.png redkitchen/seq-11/color/frame-000390.color.png 0.999536 0.00671403 -0.0297296 0.0370114 -0.00696294 0.999941 -0.008277 0.00385556 0.0296723 0.00848023 0.999524 -0.0599018 0.0 0.0 0.0 1.0
redkitchen/seq-11/color/frame-000390.color.png redkitchen/seq-11/color/frame-000393.color.png 0.998201 -0.00557736 -0.0596937 0.0682877 0.00452604 0.999833 -0.0177329 -0.00873645 0.0597826 0.0174308 0.998059 -0.114572 0.0 0.0 0.0 1.0
redkitchen/seq-11/color/frame-000393.color.png redkitchen/seq-11/color/frame-000396.color.png 0.999755 0.0107133 -0.0193669 0.0103898 -0.0112292 0.99958 -0.026726 0.0265523 0.0190724 0.0269369 0.999455 -0.0277208 0.0 0.0 0.0 1.0
redkitchen/seq-11/color/frame-000396.color.png redkitchen/seq-11/color/frame-000399.color.png 0.998437 0.00843478 -0.055251 0.0500052 -0.0109405 0.998918 -0.0452066 0.0365446 0.0548098 0.0457404 0.997449 -0.0856845 0.0 0.0 0.0 1.0
redkitchen/seq-11/color/frame-000399.color.png redkitchen/seq-11/color/frame-000402.color.png 0.998588 0.0246368 -0.0470733 0.0452578 -0.0254165 0.999548 -0.0160365 0.0438218 0.0466569 0.0172104 0.998763 -0.0863895 0.0 0.0 0.0 1.0
redkitchen/seq-11/color/frame-000402.color.png redkitchen/seq-11/color/frame-000405.color.png 0.999852 0.012941 -0.0113744 0.0297334 -0.0131692 0.999709 -0.020231 0.0403706 0.0111092 0.0203778 0.999731 -0.010638 0.0 0.0 0.0 1.0
redkitchen/seq-11/color/frame-000405.color.png redkitchen/seq-11/color/frame-000408.color.png 0.999922 0.00269011 -0.0121963 0.0241623 -0.00275756 0.999981 -0.00550468 0.00753677 0.0121813 0.00553781 0.999911 -0.0147762 0.0 0.0 0.0 1.0
redkitchen/seq-11/color/frame-000408.color.png redkitchen/seq-11/color/frame-000411.color.png 0.999969 0.00320623 -0.00726633 0.0191927 -0.00332057 0.99987 -0.0157841 0.013524 0.00721483 0.0158078 0.999849 0.00573933 0.0 0.0 0.0 1.0
redkitchen/seq-11/color/frame-000411.color.png redkitchen/seq-11/color/frame-000414.color.png 0.999774 -0.0210698 -0.0027546 0.0124342 0.0210366 0.999711 -0.011606 -0.0401087 0.00299831 0.0115454 0.999929 0.0213292 0.0 0.0 0.0 1.0
redkitchen/seq-11/color/frame-000414.color.png redkitchen/seq-11/color/frame-000417.color.png 0.99952 -0.0296176 -0.00906819 -8.63075e-05 0.0295126 0.999498 -0.0114916 -0.054452 0.00940394 0.0112185 0.999893 0.0126837 0.0 0.0 0.0 1.0
redkitchen/seq-11/color/frame-000417.color.png redkitchen/seq-11/color/frame-000420.color.png 0.999774 -0.02051 -0.00562098 0.00304985 0.0204364 0.999708 -0.0128725 -0.0422748 0.0058834 0.0127546 0.999902 0.00939709 0.0 0.0 0.0 1.0
redkitchen/seq-11/color/frame-000420.color.png redkitchen/seq-11/color/frame-000423.color.png 0.998465 -0.0446227 -0.0328144 0.0195537 0.0437492 0.998681 -0.0268717 -0.0801165 0.0339702 0.0253948 0.9991 -0.0237047 0.0 0.0 0.0 1.0
redkitchen/seq-11/color/frame-000423.color.png redkitchen/seq-11/color/frame-000426.color.png 0.99981 -0.0191065 -0.00397182 9.27448e-05 0.0190761 0.99979 -0.00751892 -0.0433856 0.0041146 0.00744172 0.999964 0.0177475 0.0 0.0 0.0 1.0
redkitchen/seq-11/color/frame-000426.color.png redkitchen/seq-11/color/frame-000429.color.png 0.999909 -0.0134707 -0.000592699 -0.0208406 0.0134659 0.99988 -0.00765721 -0.0340689 0.000695834 0.00764858 0.999971 0.0193833 0.0 0.0 0.0 1.0
redkitchen/seq-11/color/frame-000429.color.png redkitchen/seq-11/color/frame-000432.color.png 0.999718 -0.013564 -0.0195038 0.00994444 0.013481 0.9999 -0.00437673 -0.0319994 0.0195612 0.00411247 0.9998 -0.024251 0.0 0.0 0.0 1.0
redkitchen/seq-11/color/frame-000432.color.png redkitchen/seq-11/color/frame-000435.color.png 0.999876 -0.00129933 -0.0157129 -0.000272512 0.00122839 0.999989 -0.00452485 -0.00772884 0.0157187 0.00450503 0.999866 -0.0191653 0.0 0.0 0.0 1.0
redkitchen/seq-11/color/frame-000435.color.png redkitchen/seq-11/color/frame-000438.color.png 0.99995 -0.00589449 -0.00808882 -0.010112 0.00599131 0.99991 0.0119911 -0.0281852 0.00801733 -0.0120389 0.999895 -0.00778031 0.0 0.0 0.0 1.0
redkitchen/seq-11/color/frame-000438.color.png redkitchen/seq-11/color/frame-000441.color.png 0.999791 -0.0156715 0.013097 -0.0359759 0.0156325 0.999873 0.00307246 -0.0563681 -0.0131434 -0.00286713 0.99991 0.0354376 0.0 0.0 0.0 1.0
redkitchen/seq-11/color/frame-000441.color.png redkitchen/seq-11/color/frame-000444.color.png 0.999721 -0.00452689 0.0231895 -0.0637982 0.00448719 0.999988 0.00176483 -0.0317757 -0.0231972 -0.00166022 0.999729 0.0446708 0.0 0.0 0.0 1.0
redkitchen/seq-11/color/frame-000444.color.png redkitchen/seq-11/color/frame-000447.color.png 0.999888 -0.0118029 0.00918529 -0.0468371 0.0117968 0.99993 0.000715319 -0.0372955 -0.00919313 -0.000606898 0.999958 0.0170804 0.0 0.0 0.0 1.0
redkitchen/seq-11/color/frame-000447.color.png redkitchen/seq-11/color/frame-000450.color.png 0.999921 0.00152326 0.012455 -0.0671116 -0.0015353 0.999998 0.000956203 -0.00424179 -0.0124535 -0.000975237 0.999922 0.0208195 0.0 0.0 0.0 1.0
redkitchen/seq-11/color/frame-000450.color.png redkitchen/seq-11/color/frame-000453.color.png 0.999881 -0.00139531 0.0153677 -0.0826473 0.00138079 0.999999 0.000959715 -0.0157208 -0.0153691 -0.000938373 0.999881 0.028371 0.0 0.0 0.0 1.0
redkitchen/seq-11/color/frame-000453.color.png redkitchen/seq-11/color/frame-000456.color.png 0.999814 -0.00394543 0.0188736 -0.096385 0.00375056 0.999939 0.0103497 -0.0286262 -0.0189133 -0.010277 0.999768 0.0197719 0.0 0.0 0.0 1.0
redkitchen/seq-11/color/frame-000456.color.png redkitchen/seq-11/color/frame-000459.color.png 0.999503 -0.0287836 0.0128649 -0.0954608 0.0287973 0.999585 -0.000876499 -0.0623866 -0.0128344 0.00124655 0.999917 0.0062834 0.0 0.0 0.0 1.0
redkitchen/seq-11/color/frame-000459.color.png redkitchen/seq-11/color/frame-000462.color.png 0.999749 -0.0173069 0.0142278 -0.0874368 0.017134 0.999779 0.0121793 -0.0525519 -0.0144352 -0.0119325 0.999825 0.0126284 0.0 0.0 0.0 1.0
redkitchen/seq-11/color/frame-000462.color.png redkitchen/seq-11/color/frame-000465.color.png 0.999989 0.00455029 0.00144789 -0.0584786 -0.00457757 0.999801 0.0194397 -0.0055064 -0.00135925 -0.0194461 0.99981 -0.0042876 0.0 0.0 0.0 1.0
redkitchen/seq-11/color/frame-000465.color.png redkitchen/seq-11/color/frame-000468.color.png 0.999776 0.0144529 0.0154607 -0.0568122 -0.014502 0.99989 0.00306689 0.0219397 -0.0154147 -0.00329045 0.999876 0.0152149 0.0 0.0 0.0 1.0
redkitchen/seq-11/color/frame-000468.color.png redkitchen/seq-11/color/frame-000471.color.png 0.999879 0.0119412 0.0100114 -0.0464088 -0.0118967 0.999919 -0.00448536 0.0169505 -0.0100641 0.00436572 0.99994 0.0264711 0.0 0.0 0.0 1.0
redkitchen/seq-11/color/frame-000471.color.png redkitchen/seq-11/color/frame-000474.color.png 0.999904 0.00608456 0.0124494 -0.049716 -0.00616153 0.999962 0.0061538 0.0002065 -0.0124116 -0.00622988 0.999904 0.0215782 0.0 0.0 0.0 1.0
redkitchen/seq-11/color/frame-000474.color.png redkitchen/seq-11/color/frame-000477.color.png 0.999786 -0.00747628 0.0192688 -0.0476887 0.00737353 0.999958 0.00539772 -0.0204055 -0.0193083 -0.00525452 0.9998 0.0332157 0.0 0.0 0.0 1.0
redkitchen/seq-11/color/frame-000477.color.png redkitchen/seq-11/color/frame-000480.color.png 0.999472 -0.0188641 0.0264614 -0.0772556 0.0186849 0.999801 0.0070005 -0.0441534 -0.026588 -0.0065024 0.999625 0.0437933 0.0 0.0 0.0 1.0
redkitchen/seq-11/color/frame-000480.color.png redkitchen/seq-11/color/frame-000483.color.png 0.999493 -0.0189263 0.0256001 -0.0686761 0.0186818 0.999778 0.00975958 -0.0459493 -0.0257792 -0.00927634 0.999625 0.0336733 0.0 0.0 0.0 1.0
redkitchen/seq-11/color/frame-000483.color.png redkitchen/seq-11/color/frame-000486.color.png 0.999611 -0.0215149 0.0177554 -0.0672228 0.0214184 0.999755 0.00560278 -0.0419054 -0.0178714 -0.00522034 0.999827 0.0288556 0.0 0.0 0.0 1.0
redkitchen/seq-11/color/frame-000486.color.png redkitchen/seq-11/color/frame-000489.color.png 0.999633 -0.026646 0.00497339 -0.0582653 0.0266163 0.999628 0.00594767 -0.0490497 -0.00513005 -0.00581308 0.99997 0.0180588 0.0 0.0 0.0 1.0
redkitchen/seq-11/color/frame-000489.color.png redkitchen/seq-11/color/frame-000492.color.png 0.999772 -0.00231608 0.0212464 -0.0577108 0.00255989 0.999931 -0.0114554 0.0170341 -0.0212184 0.0115072 0.999709 0.0327846 0.0 0.0 0.0 1.0
redkitchen/seq-11/color/frame-000492.color.png redkitchen/seq-11/color/frame-000495.color.png 0.99992 0.0104139 0.00718587 -0.0437667 -0.0105002 0.999872 0.0120798 -0.00161815 -0.00705903 -0.0121544 0.999901 0.0115011 0.0 0.0 0.0 1.0
redkitchen/seq-11/color/frame-000495.color.png redkitchen/seq-11/color/frame-000498.color.png 0.99983 -0.00280448 0.0182112 -0.0484319 0.00278375 0.999996 0.00116245 0.0013271 -0.0182145 -0.00111156 0.999834 0.0237118 0.0 0.0 0.0 1.0
redkitchen/seq-11/color/frame-000498.color.png redkitchen/seq-11/color/frame-000501.color.png 0.999327 -0.00456009 0.0363886 -0.0797038 0.00419252 0.999939 0.0101699 -0.0155967 -0.0364327 -0.0100105 0.999286 0.0272325 0.0 0.0 0.0 1.0
redkitchen/seq-11/color/frame-000501.color.png redkitchen/seq-11/color/frame-000504.color.png 0.999908 -0.00587456 0.0122186 -0.0392995 0.0058027 0.999966 0.00591207 -0.0130929 -0.0122528 -0.00584065 0.999908 0.00613809 0.0 0.0 0.0 1.0
redkitchen/seq-11/color/frame-000504.color.png redkitchen/seq-11/color/frame-000507.color.png 0.999169 -0.00809658 0.0399403 -0.0807545 0.00824795 0.999959 -0.0036262 0.0155539 -0.0399095 0.00395264 0.999196 0.0390695 0.0 0.0 0.0 1.0
redkitchen/seq-11/color/frame-000507.color.png redkitchen/seq-11/color/frame-000510.color.png 0.999924 -0.00353196 0.011857 -0.047429 0.00326111 0.999735 0.0227817 -0.0293541 -0.0119342 -0.0227413 0.99967 -0.00219452 0.0 0.0 0.0 1.0
