redkitchen/seq-11/color/frame-000001.color.png redkitchen/seq-11/color/frame-000004.color.png 0.999997 0.00216105 -0.000650794 -0.00354226 -0.00215881 0.999992 0.00342798 -0.00183748 0.000658197 -0.00342657 0.999994 0.00089772 0.0 0.0 0.0 1.0
redkitchen/seq-11/color/frame-000004.color.png redkitchen/seq-11/color/frame-000007.color.png 0.999993 -0.00362439 0.000217755 -0.00424142 0.00362554 0.999978 -0.00555637 -0.00259741 -0.000197611 0.00555712 0.999985 -0.00286542 0.0 0.0 0.0 1.0
redkitchen/seq-11/color/frame-000007.color.png redkitchen/seq-11/color/frame-000010.color.png 0.999969 0.00484458 0.00626186 -0.00993218 -0.00487036 0.99998 0.00410769 -0.000896383 -0.00624183 -0.00413806 0.999972 -0.00168143 0.0 0.0 0.0 1.0
redkitchen/seq-11/color/frame-000010.color.png redkitchen/seq-11/color/frame-000013.color.png 0.999965 0.0084147 5.17558e-05 -0.0166728 -0.00841475 0.999964 0.00108013 -0.00661698 -4.26667e-05 -0.00108052 0.999999 -0.00100472 0.0 0.0 0.0 1.0
redkitchen/seq-11/color/frame-000013.color.png redkitchen/seq-11/color/frame-000016.color.png 0.999921 0.0123139 0.00255761 -0.0141116 -0.01232 0.999921 0.00240414 -0.00638357 -0.00252781 -0.00243546 0.999994 -0.00494408 0.0 0.0 0.0 1.0
redkitchen/seq-11/color/frame-000016.color.png redkitchen/seq-11/color/frame-000019.color.png 0.999915 0.00936452 0.00901896 -0.0222962 -0.00937193 0.999956 0.000779173 -0.00978138 -0.00901126 -0.00086363 0.999959 -0.00712393 0.0 0.0 0.0 1.0
redkitchen/seq-11/color/frame-000019.color.png redkitchen/seq-11/color/frame-000022.color.png 0.999956 0.00145257 0.0092885 -0.0167985 -0.00150299 0.999984 0.00542477 -0.00327292 -0.00928047 -0.00543849 0.999942 -0.0061067 0.0 0.0 0.0 1.0
redkitchen/seq-11/color/frame-000022.color.png redkitchen/seq-11/color/frame-000025.color.png 0.999905 0.00590564 0.0124674 -0.0315714 -0.00600346 0.999951 0.00782238 -0.0155009 -0.0124206 -0.00789648 0.999892 -0.00557676 0.0 0.0 0.0 1.0
redkitchen/seq-11/color/frame-000025.color.png redkitchen/seq-11/color/frame-000028.color.png 0.999898 0.00686417 0.0125311 -0.0349247 -0.00680229 0.999965 -0.00497429 -0.0141036 -0.0125648 0.00488855 0.999909 -0.00411162 0.0 0.0 0.0 1.0
redkitchen/seq-11/color/frame-000028.color.png redkitchen/seq-11/color/frame-000031.color.png 0.999995 -0.00243776 0.00225786 -0.0229992 0.00244817 0.999986 -0.00462145 -0.00519926 -0.00224656 0.00462696 0.999987 -0.00683128 0.0 0.0 0.0 1.0
redkitchen/seq-11/color/frame-000031.color.png redkitchen/seq-11/color/frame-000034.color.png 0.999749 -0.0188324 0.0121527 -0.0358837 0.0188032 0.99982 0.0025194 -0.00726398 -0.012198 -0.00229026 0.999923 -0.0100039 0.0 0.0 0.0 1.0
redkitchen/seq-11/color/frame-000034.color.png redkitchen/seq-11/color/frame-000037.color.png 0.999876 -0.0155546 0.00250692 -0.025639 0.0155697 0.99986 -0.0061026 -0.00121114 -0.00241165 0.00614087 0.999978 -0.0152057 0.0 0.0 0.0 1.0
redkitchen/seq-11/color/frame-000037.color.png redkitchen/seq-11/color/frame-000040.color.png 0.999708 -0.0134953 0.0200294 -0.0136957 0.0132695 0.999847 0.0113643 -0.00775994 -0.0201797 -0.0110952 0.999735 -0.0186111 0.0 0.0 0.0 1.0
redkitchen/seq-11/color/frame-000040.color.png redkitchen/seq-11/color/frame-000043.color.png 0.999783 -0.00664021 0.0197593 -0.0329752 0.00656719 0.999971 0.00375785 -0.00243197 -0.0197837 -0.00362727 0.999798 -0.0192585 0.0 0.0 0.0 1.0
redkitchen/seq-11/color/frame-000043.color.png redkitchen/seq-11/color/frame-000046.color.png 0.999196 -0.0169461 0.0363424 -0.0238938 0.0159803 0.999516 0.0267021 -0.0149073 -0.0367773 -0.0260999 0.998983 -0.0381905 0.0 0.0 0.0 1.0
redkitchen/seq-11/color/frame-000046.color.png redkitchen/seq-11/color/frame-000049.color.png 0.999898 0.00441337 0.0135761 -0.0169836 -0.00443037 0.999989 0.00122255 -0.0128759 -0.0135706 -0.00128256 0.999907 -0.017478 0.0 0.0 0.0 1.0
redkitchen/seq-11/color/frame-000049.color.png redkitchen/seq-11/color/frame-000052.color.png 0.99992 0.00489394 0.0116901 -0.0203931 -0.0047887 0.999948 -0.00901365 -0.0117121 -0.0117337 0.00895693 0.999891 -0.0289071 0.0 0.0 0.0 1.0
redkitchen/seq-11/color/frame-000052.color.png redkitchen/seq-11/color/frame-000055.color.png 0.999914 0.0125442 -0.00390737 -0.0293519 -0.012578 0.999883 -0.00876127 -0.0102578 0.00379702 0.00880965 0.999954 -0.0201898 0.0 0.0 0.0 1.0
redkitchen/seq-11/color/frame-000055.color.png redkitchen/seq-11/color/frame-000058.color.png 0.999951 -0.00847612 -0.0051855 -0.0116524 0.00848849 0.999961 0.00236851 -0.00471252 0.00516529 -0.0024124 0.999984 -0.0342846 0.0 0.0 0.0 1.0
redkitchen/seq-11/color/frame-000058.color.png redkitchen/seq-11/color/frame-000061.color.png 0.999873 -0.0151619 -0.00494208 -0.022587 0.015134 0.99987 -0.00562785 -0.00638576 0.0050267 0.00555234 0.999972 -0.0237927 0.0 0.0 0.0 1.0
redkitchen/seq-11/color/frame-000061.color.png redkitchen/seq-11/color/frame-000064.color.png 0.999804 -0.00376225 -0.0194398 -0.0232704 0.00354776 0.999933 -0.0110563 0.000184193 0.0194801 0.0109851 0.99975 -0.0210865 0.0 0.0 0.0 1.0
redkitchen/seq-11/color/frame-000064.color.png redkitchen/seq-11/color/frame-000067.color.png 0.999498 0.0103179 -0.0299523 -0.0186374 -0.0096789 0.999724 0.0214001 -0.000753716 0.0301648 -0.0210994 0.999322 -0.0217296 0.0 0.0 0.0 1.0
redkitchen/seq-11/color/frame-000067.color.png redkitchen/seq-11/color/frame-000070.color.png 0.999657 -0.00886903 -0.0246572 -0.0100894 0.00905258 0.999932 0.00734236 -0.0100469 0.0245905 -0.00756304 0.999669 -0.0178721 0.0 0.0 0.0 1.0
redkitchen/seq-11/color/frame-000070.color.png redkitchen/seq-11/color/frame-000073.color.png 0.999979 -0.000755617 0.00651211 0.000508308 0.000764447 0.999999 -0.00135259 0.00428301 -0.00651108 0.00135755 0.999978 -0.0237627 0.0 0.0 0.0 1.0
redkitchen/seq-11/color/frame-000073.color.png redkitchen/seq-11/color/frame-000076.color.png 0.999944 0.00860095 0.00617822 -0.011637 -0.00870818 0.999808 0.0175438 -0.00673847 -0.00602616 -0.0175966 0.999827 -0.0251744 0.0 0.0 0.0 1.0
redkitchen/seq-11/color/frame-000076.color.png redkitchen/seq-11/color/frame-000079.color.png 0.99997 0.00145037 -0.00765091 -0.00626221 -0.00143985 0.999998 0.00137986 -0.0174967 0.00765292 -0.00136879 0.99997 -0.015849 0.0 0.0 0.0 1.0
redkitchen/seq-11/color/frame-000079.color.png redkitchen/seq-11/color/frame-000082.color.png 0.999985 0.000965953 0.00536062 -0.0278541 -0.00100062 0.999979 0.00646711 -0.0029887 -0.00535427 -0.00647239 0.999965 -0.000141293 0.0 0.0 0.0 1.0
redkitchen/seq-11/color/frame-000082.color.png redkitchen/seq-11/color/frame-000085.color.png 0.999423 0.00341414 -0.0338027 -0.016735 -0.00349533 0.999991 -0.00234319 -0.0198539 0.0337944 0.00245999 0.999426 0.0124751 0.0 0.0 0.0 1.0
redkitchen/seq-11/color/frame-000085.color.png redkitchen/seq-11/color/frame-000088.color.png 0.999743 0.0208293 -0.0089053 0.00294453 -0.0208844 0.999763 -0.00614271 -0.0414022 0.00877525 0.00632712 0.999941 -0.00694832 0.0 0.0 0.0 1.0
redkitchen/seq-11/color/frame-000088.color.png redkitchen/seq-11/color/frame-000091.color.png 0.999876 0.015147 -0.0042815 -0.0336224 -0.0151893 0.999834 -0.0100365 -0.0238117 0.00412877 0.0101003 0.999941 0.00532526 0.0 0.0 0.0 1.0
redkitchen/seq-11/color/frame-000091.color.png redkitchen/seq-11/color/frame-000094.color.png 0.999424 0.0129985 -0.0313344 -0.0110239 -0.0128173 0.9999 0.00597648 -0.0263476 0.031409 -0.00557141 0.999491 0.0144766 0.0 0.0 0.0 1.0
redkitchen/seq-11/color/frame-000094.color.png redkitchen/seq-11/color/frame-000097.color.png 0.999436 -2.66898e-05 -0.033572 -0.00240248 -0.00031022 0.99995 -0.01003 -0.0229321 0.0335706 0.0100347 0.999386 0.0311736 0.0 0.0 0.0 1.0
redkitchen/seq-11/color/frame-000097.color.png redkitchen/seq-11/color/frame-000100.color.png 0.999597 0.00363104 -0.0281502 -0.00996858 -0.0037248 0.999988 -0.00327898 -0.0313969 0.028138 0.00338252 0.999598 0.0279138 0.0 0.0 0.0 1.0
redkitchen/seq-11/color/frame-000100.color.png redkitchen/seq-11/color/frame-000103.color.png 0.999683 0.0180286 -0.017565 -0.000698805 -0.0179734 0.999833 0.00329398 -0.0268775 0.0176214 -0.00297722 0.99984 0.0159245 0.0 0.0 0.0 1.0
redkitchen/seq-11/color/frame-000103.color.png redkitchen/seq-11/color/frame-000106.color.png 0.998657 0.0301467 -0.0421378 -0.0281698 -0.0294631 0.999425 0.0167501 -0.0366078 0.0426185 -0.0154861 0.998971 0.011535 0.0 0.0 0.0 1.0
redkitchen/seq-11/color/frame-000106.color.png redkitchen/seq-11/color/frame-000109.color.png 0.996201 0.0481156 -0.0725865 0.0163107 -0.04702 0.998754 0.0167286 -0.0547496 0.0733009 -0.013252 0.997222 0.0729644 0.0 0.0 0.0 1.0
redkitchen/seq-11/color/frame-000109.color.png redkitchen/seq-11/color/frame-000112.color.png 0.997813 0.0382332 -0.0539182 -0.00587726 -0.0379355 0.999259 0.00653434 -0.0367672 0.0541281 -0.00447464 0.998524 0.0533939 0.0 0.0 0.0 1.0
redkitchen/seq-11/color/frame-000112.color.png redkitchen/seq-11/color/frame-000115.color.png 0.997225 0.00753825 -0.0740613 0.0521277 -0.00731744 0.999968 0.0032529 -0.00224721 0.0740834 -0.00270192 0.997248 0.0930402 0.0 0.0 0.0 1.0
redkitchen/seq-11/color/frame-000115.color.png redkitchen/seq-11/color/frame-000118.color.png 0.999337 0.0051226 0.0360382 0.0502058 -0.00531415 0.999972 0.00522297 -0.0085755 -0.0360105 -0.00541105 0.999337 0.0157064 0.0 0.0 0.0 1.0
redkitchen/seq-11/color/frame-000118.color.png redkitchen/seq-11/color/frame-000121.color.png 0.999929 -0.00854415 -0.00832247 0.0228428 0.00861471 0.999927 0.00847954 -0.0226057 0.00824949 -0.00855064 0.999929 0.0276601 0.0 0.0 0.0 1.0
redkitchen/seq-11/color/frame-000121.color.png redkitchen/seq-11/color/frame-000124.color.png 0.999978 0.00105025 0.00653402 0.0513605 -0.000937634 0.999851 -0.0172182 -0.0111257 -0.00655119 0.0172117 0.99983 0.0272902 0.0 0.0 0.0 1.0
redkitchen/seq-11/color/frame-000124.color.png redkitchen/seq-11/color/frame-000127.color.png 0.999396 0.0263929 -0.0225829 0.0543045 -0.0267052 0.99955 -0.0136406 -0.0129195 0.0222127 0.0142354 0.999652 0.0431703 0.0 0.0 0.0 1.0
redkitchen/seq-11/color/frame-000127.color.png redkitchen/seq-11/color/frame-000130.color.png 0.999629 0.0267709 0.00499107 0.0284858 -0.0267248 0.999602 -0.00908374 -0.0283706 -0.00523219 0.00894698 0.999946 0.0175426 0.0 0.0 0.0 1.0
redkitchen/seq-11/color/frame-000130.color.png redkitchen/seq-11/color/frame-000133.color.png 0.999115 0.0186019 -0.0377399 0.0644039 -0.0186091 0.999827 0.000160428 -0.00468075 0.0377364 0.000542011 0.999288 0.0492602 0.0 0.0 0.0 1.0
redkitchen/seq-11/color/frame-000133.color.png redkitchen/seq-11/color/frame-000136.color.png 0.999833 -0.011737 -0.014021 0.0275345 0.0119838 0.999772 0.0176454 0.00482181 0.0138106 -0.0178105 0.999746 0.0248199 0.0 0.0 0.0 1.0
redkitchen/seq-11/color/frame-000136.color.png redkitchen/seq-11/color/frame-000139.color.png 0.999997 -0.0023865 -0.000129992 0.0362491 0.00238716 0.999985 0.0048783 -0.0209912 0.000118339 -0.00487861 0.999988 0.0353395 0.0 0.0 0.0 1.0
redkitchen/seq-11/color/frame-000139.color.png redkitchen/seq-11/color/frame-000142.color.png 0.999736 -0.0126597 -0.0191902 0.052221 0.0127241 0.999914 0.00324059 0.00363636 0.0191475 -0.00348389 0.999811 0.0369543 0.0 0.0 0.0 1.0
redkitchen/seq-11/color/frame-000142.color.png redkitchen/seq-11/color/frame-000145.color.png 0.999862 -0.00446218 0.0159909 0.0267033 0.00452292 0.999983 -0.00376181 -0.0182689 -0.0159738 0.0038336 0.999865 0.0306664 0.0 0.0 0.0 1.0
redkitchen/seq-11/color/frame-000145.color.png redkitchen/seq-11/color/frame-000148.color.png 0.99986 -0.0167098 -0.00125405 0.0577222 0.0166988 0.999826 -0.00828385 0.0071795 0.00139225 0.00826177 0.999965 0.0385685 0.0 0.0 0.0 1.0
redkitchen/seq-11/color/frame-000148.color.png redkitchen/seq-11/color/frame-000151.color.png 0.999605 0.0143845 0.0241585 0.0384968 -0.0142619 0.999885 -0.00523862 -0.0366307 -0.0242311 0.00489199 0.999694 0.0172412 0.0 0.0 0.0 1.0
redkitchen/seq-11/color/frame-000151.color.png redkitchen/seq-11/color/frame-000154.color.png 0.999946 0.00387126 0.00960589 0.046313 -0.00368395 0.999804 -0.0194454 -0.0174444 -0.00967924 0.019409 0.999765 0.038942 0.0 0.0 0.0 1.0
redkitchen/seq-11/color/frame-000154.color.png redkitchen/seq-11/color/frame-000157.color.png 0.999872 -0.0138371 -0.00808788 0.0366154 0.0138027 0.999896 -0.0042964 0.00231373 0.00814641 0.00418425 0.999958 0.0119663 0.0 0.0 0.0 1.0
redkitchen/seq-11/color/frame-000157.color.png redkitchen/seq-11/color/frame-000160.color.png 0.999559 -0.0175597 0.023929 0.0364191 0.0173816 0.99982 0.00763228 -0.00741524 -0.0240587 -0.00721299 0.999685 0.0218898 0.0 0.0 0.0 1.0
redkitchen/seq-11/color/frame-000160.color.png redkitchen/seq-11/color/frame-000163.color.png 0.999446 -0.0196163 0.0268982 0.0126171 0.0194498 0.99979 0.00644022 -0.000710785 -0.0270189 -0.00591352 0.999617 0.00654604 0.0 0.0 0.0 1.0
redkitchen/seq-11/color/frame-000163.color.png redkitchen/seq-11/color/frame-000166.color.png 0.999478 -0.0204791 0.0249695 0.0630929 0.0198548 0.99949 0.0250031 -0.0108159 -0.0254688 -0.0244943 0.999376 0.0149828 0.0 0.0 0.0 1.0
redkitchen/seq-11/color/frame-000166.color.png redkitchen/seq-11/color/frame-000169.color.png 0.999986 -0.00523138 -0.000804395 0.0521651 0.00523795 0.999951 0.00842272 0.0075621 0.000760318 -0.00842682 0.999964 0.00732225 0.0 0.0 0.0 1.0
redkitchen/seq-11/color/frame-000169.color.png redkitchen/seq-11/color/frame-000172.color.png 0.999935 -0.00395793 0.0106476 0.0460341 0.00381514 0.999903 0.013401 -0.0013653 -0.0106996 -0.0133596 0.999853 -0.00145021 0.0 0.0 0.0 1.0
redkitchen/seq-11/color/frame-000172.color.png redkitchen/seq-11/color/frame-000175.color.png 0.999978 -0.000914834 0.00660115 0.0691998 0.000808411 0.99987 0.0161035 -0.00464559 -0.00661504 -0.0160978 0.999849 -0.0106941 0.0 0.0 0.0 1.0
redkitchen/seq-11/color/frame-000175.color.png redkitchen/seq-11/color/frame-000178.color.png 0.999811 0.000725885 0.0194155 0.05261 -0.00115667 0.999753 0.0221866 -0.00480402 -0.0193946 -0.0222048 0.999565 -0.0132021 0.0 0.0 0.0 1.0
redkitchen/seq-11/color/frame-000178.color.png redkitchen/seq-11/color/frame-000181.color.png 0.999872 -0.00886941 0.0133263 0.0536603 0.00873141 0.999908 0.0103759 0.00627071 -0.0134171 -0.0102582 0.999857 -0.00522602 0.0 0.0 0.0 1.0
redkitchen/seq-11/color/frame-000181.color.png redkitchen/seq-11/color/frame-000184.color.png 0.999859 0.00921652 0.0140083 0.0545497 -0.00946238 0.999801 0.0175895 0.00861263 -0.0138434 -0.0177195 0.999747 -0.00468512 0.0 0.0 0.0 1.0
redkitchen/seq-11/color/frame-000184.color.png redkitchen/seq-11/color/frame-000187.color.png 0.999917 -0.0119739 0.00472752 0.0374144 0.0119766 0.999928 -0.00055753 -2.3663e-05 -0.00472046 0.000614088 0.999989 -0.00278321 0.0 0.0 0.0 1.0
redkitchen/seq-11/color/frame-000187.color.png redkitchen/seq-11/color/frame-000190.color.png 0.999652 -0.0263867 -0.000119133 0.0420926 0.0263869 0.999649 0.00221238 -0.00852066 6.07339e-05 -0.00221472 0.999998 -0.00626302 0.0 0.0 0.0 1.0
redkitchen/seq-11/color/frame-000190.color.png redkitchen/seq-11/color/frame-000193.color.png 0.999862 -0.01518 0.00669488 0.0506703 0.0151701 0.999884 0.0015275 0.0109565 -0.00671733 -0.00142571 0.999977 0.0106655 0.0 0.0 0.0 1.0
redkitchen/seq-11/color/frame-000193.color.png redkitchen/seq-11/color/frame-000196.color.png 0.999815 -0.0156818 0.0111648 0.0295593 0.015621 0.999863 0.00551127 -0.000931919 -0.0112497 -0.00533587 0.999922 0.013063 0.0 0.0 0.0 1.0
redkitchen/seq-11/color/frame-000196.color.png redkitchen/seq-11/color/frame-000199.color.png 0.999904 -0.0129653 0.00496115 0.0487252 0.0128905 0.999807 0.0148083 -0.00816101 -0.00515222 -0.0147429 0.999878 0.00753057 0.0 0.0 0.0 1.0
redkitchen/seq-11/color/frame-000199.color.png redkitchen/seq-11/color/frame-000202.color.png 0.999887 -0.01493 -0.00168587 0.0431378 0.0149285 0.999888 -0.000886201 0.00267896 0.00169892 0.00086093 0.999998 0.0137792 0.0 0.0 0.0 1.0
redkitchen/seq-11/color/frame-000202.color.png redkitchen/seq-11/color/frame-000205.color.png 0.999958 -0.00100191 0.00907433 0.0616272 0.000879646 0.999909 0.0134673 0.0219044 -0.00908703 -0.0134588 0.999868 0.0225973 0.0 0.0 0.0 1.0
redkitchen/seq-11/color/frame-000205.color.png redkitchen/seq-11/color/frame-000208.color.png 0.999935 0.00467387 0.0104411 0.00685728 -0.0047544 0.999959 0.00770129 -0.0089643 -0.0104047 -0.00775048 0.999916 0.0246614 0.0 0.0 0.0 1.0
redkitchen/seq-11/color/frame-000208.color.png redkitchen/seq-11/color/frame-000211.color.png 0.999531 -0.00241709 -0.0305273 0.0678023 0.00223633 0.99998 -0.00595354 0.00810462 0.0305411 0.00588252 0.999516 -0.0167845 0.0 0.0 0.0 1.0
redkitchen/seq-11/color/frame-000211.color.png redkitchen/seq-11/color/frame-000214.color.png 0.999978 0.000487876 -0.00668817 0.0300317 -0.000537837 0.999972 -0.0074715 -0.00237685 0.00668433 0.00747494 0.99995 0.0283048 0.0 0.0 0.0 1.0
redkitchen/seq-11/color/frame-000214.color.png redkitchen/seq-11/color/frame-000217.color.png 0.999272 -0.0112033 -0.0364594 0.0606612 0.0106759 0.999836 -0.0146281 0.0110106 0.0366173 0.0142282 0.999228 -0.0240031 0.0 0.0 0.0 1.0
redkitchen/seq-11/color/frame-000217.color.png redkitchen/seq-11/color/frame-000220.color.png 0.999868 0.0150649 0.00608933 0.0272301 -0.0150313 0.999872 -0.00552828 0.0221706 -0.00617183 0.00543602 0.999966 0.0223543 0.0 0.0 0.0 1.0
redkitchen/seq-11/color/frame-000220.color.png redkitchen/seq-11/color/frame-000223.color.png 0.999695 0.00646367 -0.0238595 0.0422596 -0.00671087 0.999924 -0.0102948 0.0253043 0.0237912 0.0104518 0.999662 -0.0102398 0.0 0.0 0.0 1.0
redkitchen/seq-11/color/frame-000223.color.png redkitchen/seq-11/color/frame-000226.color.png 0.999706 0.0231248 -0.00731086 0.0595385 -0.02312 0.999733 0.000739163 0.0391006 0.00732603 -0.000569931 0.999973 0.00174704 0.0 0.0 0.0 1.0
redkitchen/seq-11/color/frame-000226.color.png redkitchen/seq-11/color/frame-000229.color.png 0.999487 0.0296251 -0.0121405 0.0599074 -0.0295751 0.999553 0.00427432 0.0553464 0.0122617 -0.00391306 0.999917 -0.000628412 0.0 0.0 0.0 1.0
redkitchen/seq-11/color/frame-000229.color.png redkitchen/seq-11/color/frame-000232.color.png 0.999325 0.0354882 0.00948536 0.0508322 -0.0356438 0.999224 0.0167736 0.0490994 -0.00888276 -0.0171003 0.999814 0.0199049 0.0 0.0 0.0 1.0
redkitchen/seq-11/color/frame-000232.color.png redkitchen/seq-11/color/frame-000235.color.png 0.99979 0.0203998 -0.00213682 0.0222411 -0.0203861 0.999772 0.00624926 0.0370639 0.00226385 -0.00620437 0.999978 0.0153433 0.0 0.0 0.0 1.0
redkitchen/seq-11/color/frame-000235.color.png redkitchen/seq-11/color/frame-000238.color.png 0.9991 0.031795 -0.0280931 0.0592271 -0.0319547 0.999476 -0.00525533 0.0543741 0.0279113 0.0061483 0.999592 -0.0197753 0.0 0.0 0.0 1.0
redkitchen/seq-11/color/frame-000238.color.png redkitchen/seq-11/color/frame-000241.color.png 0.99992 0.0126295 0.00052943 0.0327842 -0.0126275 0.999913 -0.00376672 0.0218736 -0.00057694 0.0037597 0.999993 0.0136851 0.0 0.0 0.0 1.0
redkitchen/seq-11/color/frame-000241.color.png redkitchen/seq-11/color/frame-000244.color.png 0.999719 9.54569e-05 0.0236887 0.0197191 -5.44436e-05 0.999999 -0.00173009 0.0160176 -0.0236889 0.00172829 0.999718 0.0476007 0.0 0.0 0.0 1.0
redkitchen/seq-11/color/frame-000244.color.png redkitchen/seq-11/color/frame-000247.color.png 0.999252 -0.0183257 0.0340595 -0.000352263 0.0183684 0.999831 -0.000944252 -0.00748414 -0.0340364 0.0015692 0.999419 0.0731387 0.0 0.0 0.0 1.0
redkitchen/seq-11/color/frame-000247.color.png redkitchen/seq-11/color/frame-000250.color.png 0.999437 -0.0211889 0.0259993 -0.00408828 0.0212033 0.999775 -0.000277652 -0.0148507 -0.0259875 0.000828699 0.999662 0.0613407 0.0 0.0 0.0 1.0
redkitchen/seq-11/color/frame-000250.color.png redkitchen/seq-11/color/frame-000253.color.png 0.999147 -0.0213808 0.0353388 -0.0141337 0.0214565 0.999768 -0.00176314 -0.0146069 -0.0352929 0.0025199 0.999374 0.0851724 0.0 0.0 0.0 1.0
redkitchen/seq-11/color/frame-000253.color.png redkitchen/seq-11/color/frame-000256.color.png 0.99884 -0.0284591 0.0388452 -0.0264848 0.0287219 0.999568 -0.00622583 -0.0304888 -0.0386512 0.00733436 0.999226 0.0980931 0.0 0.0 0.0 1.0
redkitchen/seq-11/color/frame-000256.color.png redkitchen/seq-11/color/frame-000259.color.png 0.999054 -0.0322124 0.0292309 -0.021072 0.0326177 0.999377 -0.0134935 -0.0302274 -0.028778 0.0144342 0.999482 0.0772457 0.0 0.0 0.0 1.0
redkitchen/seq-11/color/frame-000259.color.png redkitchen/seq-11/color/frame-000262.color.png 0.999302 -0.0218659 0.0302843 -0.019603 0.0222274 0.999685 -0.0116527 -0.0208726 -0.03002 0.0123177 0.999473 0.0704148 0.0 0.0 0.0 1.0
redkitchen/seq-11/color/frame-000262.color.png redkitchen/seq-11/color/frame-000265.color.png 0.999126 -0.0356401 0.0218449 -0.0251004 0.0357356 0.999353 -0.00399658 -0.041852 -0.0216883 0.00477377 0.999753 0.0695783 0.0 0.0 0.0 1.0
redkitchen/seq-11/color/frame-000265.color.png redkitchen/seq-11/color/frame-000268.color.png 0.999338 -0.0283483 0.0227831 -0.0131407 0.0285208 0.999567 -0.00727872 -0.0342322 -0.0225669 0.00792367 0.999714 0.0642535 0.0 0.0 0.0 1.0
redkitchen/seq-11/color/frame-000268.color.png redkitchen/seq-11/color/frame-000271.color.png 0.999724 -0.010882 0.0208157 -0.0120095 0.0108694 0.999941 0.000720414 -0.0186567 -0.0208223 -0.00049398 0.999783 0.0498479 0.0 0.0 0.0 1.0
redkitchen/seq-11/color/frame-000271.color.png redkitchen/seq-11/color/frame-000274.color.png 0.999412 -0.0265135 0.0217235 -0.0111108 0.026899 0.999482 -0.0176493 -0.0308456 -0.0212443 0.0182232 0.999608 0.0525676 0.0 0.0 0.0 1.0
redkitchen/seq-11/color/frame-000274.color.png redkitchen/seq-11/color/frame-000277.color.png 0.999643 -0.0267251 1.20616e-05 0.00726318 0.0267208 0.999477 -0.0181949 -0.0243151 0.000474204 0.0181887 0.999834 0.0236664 0.0 0.0 0.0 1.0
redkitchen/seq-11/color/frame-000277.color.png redkitchen/seq-11/color/frame-000280.color.png 0.999934 -0.00849374 0.00771151 0.0175792 0.00864652 0.999763 -0.0199981 -0.0075832 -0.00753982 0.0200635 0.99977 0.0466681 0.0 0.0 0.0 1.0
redkitchen/seq-11/color/frame-000280.color.png redkitchen/seq-11/color/frame-000283.color.png 0.999899 -0.00927702 -0.0107323 0.0270897 0.00874116 0.998763 -0.0489422 0.00322622 0.0111731 0.0488434 0.998744 0.022095 0.0 0.0 0.0 1.0
redkitchen/seq-11/color/frame-000283.color.png redkitchen/seq-11/color/frame-000286.color.png 0.99978 0.0168056 -0.0125369 0.0291656 -0.0171821 0.999385 -0.0305566 0.0559781 0.0120157 0.0307653 0.999454 0.00508994 0.0 0.0 0.0 1.0
redkitchen/seq-11/color/frame-000286.color.png redkitchen/seq-11/color/frame-000289.color.png 0.999285 0.00530695 -0.037445 0.052241 -0.00614256 0.999734 -0.0222357 0.0132897 0.037317 0.0224498 0.999051 -0.0301118 0.0 0.0 0.0 1.0
redkitchen/seq-11/color/frame-000289.color.png redkitchen/seq-11/color/frame-000292.color.png 0.999797 -0.00457118 -0.0196333 0.0279205 0.00377197 0.99917 -0.0405529 0.0246413 0.0198024 0.0404706 0.998984 -0.0112555 0.0 0.0 0.0 1.0
redkitchen/seq-11/color/frame-000292.color.png redkitchen/seq-11/color/frame-000295.color.png 0.999111 0.00127547 -0.0421355 0.0503291 -0.00220792 0.999753 -0.0220912 0.0139003 0.042097 0.0221646 0.998868 -0.0414308 0.0 0.0 0.0 1.0
redkitchen/seq-11/color/frame-000295.color.png redkitchen/seq-11/color/frame-000298.color.png 0.999469 0.00631988 -0.0319669 0.0286021 -0.00720453 0.999592 -0.0276343 0.0309883 0.0317792 0.0278499 0.999107 -0.0385035 0.0 0.0 0.0 1.0
redkitchen/seq-11/color/frame-000298.color.png redkitchen/seq-11/color/frame-000301.color.png 0.998964 0.0184532 -0.0415965 0.0242144 -0.0194545 0.999528 -0.0237967 0.0244688 0.0411378 0.0245813 0.998851 -0.0507244 0.0 0.0 0.0 1.0
redkitchen/seq-11/color/frame-000301.color.png redkitchen/seq-11/color/frame-000304.color.png 0.998565 0.0224967 -0.0486009 0.0374945 -0.0238064 0.999364 -0.0265388 0.0507187 0.047973 0.0276577 0.998466 -0.0581944 0.0 0.0 0.0 1.0
redkitchen/seq-11/color/frame-000304.color.png redkitchen/seq-11/color/frame-000307.color.png 0.998961 0.0188794 -0.0414712 0.032759 -0.0193629 0.999749 -0.0112874 0.0331414 0.0412476 0.0120787 0.999076 -0.0611882 0.0 0.0 0.0 1.0
redkitchen/seq-11/color/frame-000307.color.png redkitchen/seq-11/color/frame-000310.color.png 0.999311 0.0212162 -0.0304576 0.00430691 -0.0210945 0.999768 0.00431113 0.00733 0.0305421 -0.00366566 0.999527 -0.053843 0.0 0.0 0.0 1.0
redkitchen/seq-11/color/frame-000310.color.png redkitchen/seq-11/color/frame-000313.color.png 0.999534 0.0121503 -0.0279917 0.0358365 -0.01229 0.999913 -0.00482528 0.0132302 0.0279306 0.00516699 0.999597 -0.0421209 0.0 0.0 0.0 1.0
redkitchen/seq-11/color/frame-000313.color.png redkitchen/seq-11/color/frame-000316.color.png 0.999709 0.00721817 -0.0230194 0.00228703 -0.0073473 0.999958 -0.00552958 0.0228495 0.0229785 0.00569713 0.99972 -0.0421467 0.0 0.0 0.0 1.0
redkitchen/seq-11/color/frame-000316.color.png redkitchen/seq-11/color/frame-000319.color.png 0.999688 0.0140222 -0.0206824 0.00536871 -0.0140477 0.999901 -0.00108762 0.0210936 0.0206651 0.00137785 0.999785 -0.0398465 0.0 0.0 0.0 1.0
redkitchen/seq-11/color/frame-000319.color.png redkitchen/seq-11/color/frame-000322.color.png 0.99913 0.0247714 -0.0335373 0.0349151 -0.0242418 0.999576 0.0161058 0.00518015 0.0339221 -0.0152788 0.999308 -0.0817 0.0 0.0 0.0 1.0
redkitchen/seq-11/color/frame-000322.color.png redkitchen/seq-11/color/frame-000325.color.png 0.99934 0.0175868 -0.0317981 0.0108907 -0.0176435 0.999843 -0.00150472 0.0371651 0.0317666 0.00206476 0.999493 -0.0624951 0.0 0.0 0.0 1.0
redkitchen/seq-11/color/frame-000325.color.png redkitchen/seq-11/color/frame-000328.color.png 0.998262 0.0367431 -0.0460772 0.0648434 -0.0357443 0.999112 0.0223163 0.0209944 0.0468562 -0.0206305 0.998689 -0.10171 0.0 0.0 0.0 1.0
redkitchen/seq-11/color/frame-000328.color.png redkitchen/seq-11/color/frame-000331.color.png 0.998914 0.0218777 -0.0411423 0.0194602 -0.0213147 0.999674 0.0140735 0.0520562 0.0414368 -0.0131813 0.999054 -0.079366 0.0 0.0 0.0 1.0
redkitchen/seq-11/color/frame-000331.color.png redkitchen/seq-11/color/frame-000334.color.png 0.997408 0.0525337 -0.04917 0.0528742 -0.0513916 0.998385 0.0242102 0.06819 0.0503624 -0.0216205 0.998497 -0.115236 0.0 0.0 0.0 1.0
redkitchen/seq-11/color/frame-000334.color.png redkitchen/seq-11/color/frame-000337.color.png 0.997585 0.0466157 -0.0514869 0.0619118 -0.0455905 0.998741 0.0209102 0.0877082 0.0523969 -0.0185124 0.998455 -0.096862 0.0 0.0 0.0 1.0
redkitchen/seq-11/color/frame-000337.color.png redkitchen/seq-11/color/frame-000340.color.png 0.996748 0.0596723 -0.0541586 0.0795045 -0.0574176 0.997455 0.0422772 0.041878 0.0565436 -0.0390301 0.997637 -0.103782 0.0 0.0 0.0 1.0
redkitchen/seq-11/color/frame-000340.color.png redkitchen/seq-11/color/frame-000343.color.png 0.998778 0.0364628 -0.0333611 0.0571254 -0.035934 0.999221 0.0163155 0.0548637 0.0339299 -0.0150968 0.99931 -0.0571418 0.0 0.0 0.0 1.0
redkitchen/seq-11/color/frame-000343.color.png redkitchen/seq-11/color/frame-000346.color.png 0.999057 0.0365039 -0.0234926 0.0557381 -0.036166 0.999238 0.0146501 0.0522105 0.0240096 -0.0137867 0.999617 -0.0380853 0.0 0.0 0.0 1.0
redkitchen/seq-11/color/frame-000346.color.png redkitchen/seq-11/color/frame-000349.color.png 0.999513 0.0288678 -0.0118909 0.0475327 -0.0288084 0.999572 0.00513331 0.0530169 0.0120339 -0.00478823 0.999916 -0.0301 0.0 0.0 0.0 1.0
redkitchen/seq-11/color/frame-000349.color.png redkitchen/seq-11/color/frame-000352.color.png 0.999812 0.0157498 -0.0113068 0.0658884 -0.0155834 0.999771 0.0146524 0.0248614 0.0115351 -0.0144735 0.999829 -0.018737 0.0 0.0 0.0 1.0
redkitchen/seq-11/color/frame-000352.color.png redkitchen/seq-11/color/frame-000355.color.png 0.999857 0.00904382 -0.0143174 0.0652647 -0.00897856 0.999949 0.00461685 0.020143 0.0143583 -0.00448758 0.999887 -0.0173945 0.0 0.0 0.0 1.0
redkitchen/seq-11/color/frame-000355.color.png redkitchen/seq-11/color/frame-000358.color.png 0.999854 0.0108023 0.0131999 0.0622211 -0.0109036 0.999911 0.00763226 0.0197229 -0.0131161 -0.00777511 0.999884 0.0256765 0.0 0.0 0.0 1.0
redkitchen/seq-11/color/frame-000358.color.png redkitchen/seq-11/color/frame-000361.color.png 0.999953 -0.00346168 0.00904755 0.0351346 0.00322958 0.999669 0.0255391 -0.02786 -0.00913298 -0.0255086 0.999633 0.0152257 0.0 0.0 0.0 1.0
redkitchen/seq-11/color/frame-000361.color.png redkitchen/seq-11/color/frame-000364.color.png 0.999987 0.00514143 5.47248e-05 0.0530425 -0.00514163 0.999836 0.0173467 0.00178266 3.44668e-05 -0.0173468 0.99985 -0.00594592 0.0 0.0 0.0 1.0
redkitchen/seq-11/color/frame-000364.color.png redkitchen/seq-11/color/frame-000367.color.png 0.999786 0.0162857 0.0127705 0.0458483 -0.0166367 0.999473 0.0278827 0.0033783 -0.0123098 -0.0280891 0.99953 0.0173116 0.0 0.0 0.0 1.0
redkitchen/seq-11/color/frame-000367.color.png redkitchen/seq-11/color/frame-000370.color.png 0.99988 0.0152434 -0.00272725 0.0370013 -0.0151981 0.999758 0.01592 0.0218312 0.00296922 -0.0158766 0.99987 -0.0122637 0.0 0.0 0.0 1.0
redkitchen/seq-11/color/frame-000370.color.png redkitchen/seq-11/color/frame-000373.color.png 0.999924 0.00636957 -0.0105921 0.036267 -0.00604928 0.999532 0.0299967 -0.00917524 0.0107782 -0.0299303 0.999494 -0.0258107 0.0 0.0 0.0 1.0
redkitchen/seq-11/color/frame-000373.color.png redkitchen/seq-11/color/frame-000376.color.png 0.99998 -0.00251007 0.00575828 0.0253538 0.0024314 0.999904 0.0136311 -0.0132242 -0.00579186 -0.0136169 0.999891 0.00781918 0.0 0.0 0.0 1.0
redkitchen/seq-11/color/frame-000376.color.png redkitchen/seq-11/color/frame-000379.color.png 0.999898 -0.00275127 -0.0140332 0.0314384 0.00307896 0.999722 0.0233909 -0.0361641 0.0139648 -0.0234317 0.999628 -0.0408316 0.0 0.0 0.0 1.0
redkitchen/seq-11/color/frame-000379.color.png redkitchen/seq-11/color/frame-000382.color.png 0.999941 -0.00081486 0.01086 0.0265684 0.000871941 0.999986 -0.00524745 -0.0106199 -0.0108557 0.00525665 0.999927 0.0150685 0.0 0.0 0.0 1.0
redkitchen/seq-11/color/frame-000382.color.png redkitchen/seq-11/color/frame-000385.color.png 0.999927 -0.00320549 -0.0116345 0.00965047 0.00296456 0.999782 -0.0206665 0.0653373 0.0116984 0.0206304 0.999719 0.0348248 0.0 0.0 0.0 1.0
redkitchen/seq-11/color/frame-000385.color.png redkitchen/seq-11/color/frame-000388.color.png 0.999646 0.012497 -0.0234695 0.0375252 -0.0125358 0.99992 -0.00150227 0.0089089 0.0234489 0.00179592 0.999723 -0.051388 0.0 0.0 0.0 1.0
redkitchen/seq-11/color/frame-000388.color.png redkitchen/seq-11/color/frame-000391.color.png 0.999006 -0.00727826 -0.0439785 0.0402124 0.00678516 0.999913 -0.0113524 -0.00844952 0.0440572 0.0110428 0.998968 -0.086087 0.0 0.0 0.0 1.0
redkitchen/seq-11/color/frame-000391.color.png redkitchen/seq-11/color/frame-000394.color.png 0.999229 0.00074543 -0.0392585 0.0460758 -0.00145446 0.999836 -0.0180336 -0.00718856 0.0392387 0.0180767 0.999066 -0.0832508 0.0 0.0 0.0 1.0
redkitchen/seq-11/color/frame-000394.color.png redkitchen/seq-11/color/frame-000397.color.png 0.999158 0.00517551 -0.0407038 0.0322793 -0.00652406 0.999432 -0.0330678 0.016753 0.0405095 0.0333055 0.998624 -0.0613006 0.0 0.0 0.0 1.0
redkitchen/seq-11/color/frame-000397.color.png redkitchen/seq-11/color/frame-000400.color.png 0.999168 0.0140113 -0.0383136 0.0401602 -0.0155547 0.999067 -0.0402881 0.0480646 0.0377133 0.0408505 0.998453 -0.06624 0.0 0.0 0.0 1.0
redkitchen/seq-11/color/frame-000400.color.png redkitchen/seq-11/color/frame-000403.color.png 0.998565 0.0201645 -0.0496122 0.0550723 -0.0206326 0.999747 -0.00894321 0.0341306 0.0494194 0.00995395 0.998729 -0.0880505 0.0 0.0 0.0 1.0
redkitchen/seq-11/color/frame-000403.color.png redkitchen/seq-11/color/frame-000406.color.png 0.999898 0.0133887 -0.00491317 0.0153239 -0.0134309 0.999872 -0.00866739 0.0264365 0.00479651 0.00873256 0.99995 0.00541031 0.0 0.0 0.0 1.0
redkitchen/seq-11/color/frame-000406.color.png redkitchen/seq-11/color/frame-000409.color.png 0.999943 0.000652085 -0.0106819 0.0307212 -0.000800798 0.999903 -0.0139252 0.00771999 0.0106718 0.0139329 0.999846 -0.0119951 0.0 0.0 0.0 1.0
redkitchen/seq-11/color/frame-000409.color.png redkitchen/seq-11/color/frame-000412.color.png 0.99997 -0.00193494 -0.0074747 0.0157514 0.00180617 0.999851 -0.0171796 0.00883895 0.00750686 0.0171655 0.999825 0.0123699 0.0 0.0 0.0 1.0
redkitchen/seq-11/color/frame-000412.color.png redkitchen/seq-11/color/frame-000415.color.png 0.999829 -0.0182259 0.00309786 0.00146532 0.0182522 0.999796 -0.0086847 -0.03842 -0.00293898 0.00873982 0.999957 0.03371 0.0 0.0 0.0 1.0
redkitchen/seq-11/color/frame-000415.color.png redkitchen/seq-11/color/frame-000418.color.png 0.999302 -0.0352426 -0.0123709 -0.00132465 0.0350718 0.99929 -0.0137679 -0.0673368 0.0128473 0.0133245 0.999829 0.0110177 0.0 0.0 0.0 1.0
redkitchen/seq-11/color/frame-000418.color.png redkitchen/seq-11/color/frame-000421.color.png 0.999306 -0.0283111 -0.0241876 0.0120366 0.0279946 0.999519 -0.0133231 -0.0649706 0.0245532 0.0126367 0.999619 -0.0202355 0.0 0.0 0.0 1.0
redkitchen/seq-11/color/frame-000421.color.png redkitchen/seq-11/color/frame-000424.color.png 0.999323 -0.0342359 -0.0134691 0.00663066 0.0339541 0.999211 -0.020626 -0.0596357 0.0141645 0.0201548 0.999696 0.000784934 0.0 0.0 0.0 1.0
redkitchen/seq-11/color/frame-000424.color.png redkitchen/seq-11/color/frame-000427.color.png 0.999689 -0.0249116 0.000641966 -0.0153675 0.0249155 0.999665 -0.00705561 -0.0589956 -0.000465989 0.00706942 0.999975 0.0310388 0.0 0.0 0.0 1.0
redkitchen/seq-11/color/frame-000427.color.png redkitchen/seq-11/color/frame-000430.color.png 0.999928 -0.0111461 -0.00437854 -0.012871 0.0111869 0.999893 0.00939961 -0.045413 0.00427334 -0.00944792 0.999946 0.000537455 0.0 0.0 0.0 1.0
redkitchen/seq-11/color/frame-000430.color.png redkitchen/seq-11/color/frame-000433.color.png 0.999767 -0.0148369 -0.015672 -0.00502944 0.0146802 0.999842 -0.0100659 -0.0258545 0.0158189 0.00983342 0.999827 -0.0178183 0.0 0.0 0.0 1.0
redkitchen/seq-11/color/frame-000433.color.png redkitchen/seq-11/color/frame-000436.color.png 0.999981 -0.000902699 -0.00602881 -0.00647879 0.000901165 0.999999 -0.000245878 -0.0107948 0.006029 0.000240499 0.999982 0.00141698 0.0 0.0 0.0 1.0
redkitchen/seq-11/color/frame-000436.color.png redkitchen/seq-11/color/frame-000439.color.png 0.999962 -0.00832281 -0.00274758 -0.0179374 0.00834753 0.999924 0.00910828 -0.034847 0.00267168 -0.00913089 0.999955 0.00155723 0.0 0.0 0.0 1.0
redkitchen/seq-11/color/frame-000439.color.png redkitchen/seq-11/color/frame-000442.color.png 0.99985 -0.0147575 0.00904224 -0.0464108 0.0147346 0.999888 0.00259486 -0.0429606 -0.00907957 -0.0024612 0.999956 0.0274653 0.0 0.0 0.0 1.0
redkitchen/seq-11/color/frame-000442.color.png redkitchen/seq-11/color/frame-000445.color.png 0.999755 -0.0119724 0.0186082 -0.0556176 0.0122134 0.999842 -0.0128926 -0.0246572 -0.0184509 0.0131167 0.999744 0.0420461 0.0 0.0 0.0 1.0
redkitchen/seq-11/color/frame-000445.color.png redkitchen/seq-11/color/frame-000448.color.png 0.999973 -0.00020379 0.0073375 -0.0471182 0.000232384 0.999993 -0.00389359 -0.00731605 -0.00733661 0.00389516 0.999965 0.0193302 0.0 0.0 0.0 1.0
redkitchen/seq-11/color/frame-000448.color.png redkitchen/seq-11/color/frame-000451.color.png 0.999961 -0.00199412 0.00854434 -0.0685123 0.00190156 0.999939 0.0108265 -0.0311637 -0.00856544 -0.0108097 0.999905 0.00975609 0.0 0.0 0.0 1.0
redkitchen/seq-11/color/frame-000451.color.png redkitchen/seq-11/color/frame-000454.color.png 0.99975 0.000911554 0.0223431 -0.0897005 -0.000782388 0.999983 -0.00579064 0.00760671 -0.0223479 0.00577167 0.999734 0.0398657 0.0 0.0 0.0 1.0
redkitchen/seq-11/color/frame-000454.color.png redkitchen/seq-11/color/frame-000457.color.png 0.999772 -0.0136045 0.0164452 -0.0879616 0.0133136 0.999755 0.0176722 -0.0667257 -0.0166817 -0.0174491 0.999709 0.00499922 0.0 0.0 0.0 1.0
redkitchen/seq-11/color/frame-000457.color.png redkitchen/seq-11/color/frame-000460.color.png 0.999672 -0.0237375 0.00962578 -0.0889015 0.0237384 0.999718 9.26491e-06 -0.0506797 -0.00962322 0.000219248 0.999954 0.00602531 0.0 0.0 0.0 1.0
redkitchen/seq-11/color/frame-000460.color.png redkitchen/seq-11/color/frame-000463.color.png 0.999711 -0.0143261 0.0192976 -0.091868 0.0140581 0.999804 0.0139524 -0.0411326 -0.0194937 -0.0136772 0.999716 0.0230685 0.0 0.0 0.0 1.0
redkitchen/seq-11/color/frame-000463.color.png redkitchen/seq-11/color/frame-000466.color.png 0.99988 0.0120963 0.00972243 -0.0698091 -0.0122002 0.999868 0.0107073 0.0147033 -0.0095917 -0.0108245 0.999895 0.0108958 0.0 0.0 0.0 1.0
redkitchen/seq-11/color/frame-000466.color.png redkitchen/seq-11/color/frame-000469.color.png 0.999902 0.0139669 0.00071874 -0.0315744 -0.0139712 0.999882 0.00632354 0.0134852 -0.000630338 -0.00633297 0.99998 -0.00571918 0.0 0.0 0.0 1.0
redkitchen/seq-11/color/frame-000469.color.png redkitchen/seq-11/color/frame-000472.color.png 0.999822 0.00516333 0.0181412 -0.0540822 -0.00505711 0.99997 -0.00589945 0.0105801 -0.018171 0.00580666 0.999818 0.0333152 0.0 0.0 0.0 1.0
redkitchen/seq-11/color/frame-000472.color.png redkitchen/seq-11/color/frame-000475.color.png 0.999902 0.00655498 0.0123338 -0.0482305 -0.00669006 0.999918 0.0109425 -0.00746477 -0.0122611 -0.011024 0.999864 0.0191055 0.0 0.0 0.0 1.0
redkitchen/seq-11/color/frame-000475.color.png redkitchen/seq-11/color/frame-000478.color.png 0.999413 -0.0105076 0.0325985 -0.0839686 0.0105957 0.999941 -0.00252964 -0.0152817 -0.03257 0.00287359 0.999465 0.0688984 0.0 0.0 0.0 1.0
redkitchen/seq-11/color/frame-000478.color.png redkitchen/seq-11/color/frame-000481.color.png 0.999698 -0.0198651 0.0144816 -0.0557092 0.0197261 0.999759 0.00968453 -0.0452831 -0.0146704 -0.00939595 0.999848 0.0203491 0.0 0.0 0.0 1.0
redkitchen/seq-11/color/frame-000481.color.png redkitchen/seq-11/color/frame-000484.color.png 0.999568 -0.0178318 0.0233537 -0.0724288 0.0176228 0.999803 0.00912325 -0.0480416 -0.0235116 -0.00870777 0.999686 0.0401244 0.0 0.0 0.0 1.0
redkitchen/seq-11/color/frame-000484.color.png redkitchen/seq-11/color/frame-000487.color.png 0.999579 -0.0257727 0.013354 -0.0589391 0.0256525 0.999629 0.00910252 -0.0492466 -0.0135839 -0.00875608 0.999869 0.0175539 0.0 0.0 0.0 1.0
redkitchen/seq-11/color/frame-000487.color.png redkitchen/seq-11/color/frame-000490.color.png 0.999703 -0.022377 0.00968456 -0.0649308 0.0224353 0.999731 -0.00595182 -0.0201282 -0.00954862 0.00616731 0.999935 0.0344251 0.0 0.0 0.0 1.0
redkitchen/seq-11/color/frame-000490.color.png redkitchen/seq-11/color/frame-000493.color.png 0.99981 0.00848647 0.0175556 -0.0595158 -0.00852496 0.999961 0.00211625 0.0120624 -0.0175369 -0.00226555 0.999844 0.0165099 0.0 0.0 0.0 1.0
redkitchen/seq-11/color/frame-000493.color.png redkitchen/seq-11/color/frame-000496.color.png 0.999941 0.00570553 0.0092602 -0.0368768 -0.00573793 0.999978 0.00347572 0.00362593 -0.0092401 -0.00352865 0.999951 0.0191625 0.0 0.0 0.0 1.0
redkitchen/seq-11/color/frame-000496.color.png redkitchen/seq-11/color/frame-000499.color.png 0.999788 -0.00160932 0.020539 -0.0487539 0.00154304 0.999994 0.0032425 0.000129461 -0.0205442 -0.00321012 0.999784 0.0236114 0.0 0.0 0.0 1.0
redkitchen/seq-11/color/frame-000499.color.png redkitchen/seq-11/color/frame-000502.color.png 0.999288 -0.00581993 0.0372767 -0.0901278 0.00557529 0.999962 0.0066632 -0.0109739 -0.037314 -0.00645065 0.999283 0.022469 0.0 0.0 0.0 1.0
redkitchen/seq-11/color/frame-000502.color.png redkitchen/seq-11/color/frame-000505.color.png 0.999731 -0.00729866 0.0220324 -0.0489932 0.00731048 0.999973 -0.000457484 -0.000432611 -0.0220284 0.000618439 0.999757 0.0236687 0.0 0.0 0.0 1.0
redkitchen/seq-11/color/frame-000505.color.png redkitchen/seq-11/color/frame-000508.color.png 0.999504 -0.00131184 0.0314504 -0.0737766 0.000947371 0.999932 0.0116015 -0.00970519 -0.0314637 -0.011566 0.999438 0.00418371 0.0 0.0 0.0 1.0
redkitchen/seq-11/color/frame-000508.color.png redkitchen/seq-11/color/frame-000511.color.png 0.999549 -0.0142692 0.0264038 -0.075446 0.0139301 0.999819 0.0129822 -0.0202161 -0.0265841 -0.0126085 0.999567 0.0136713 0.0 0.0 0.0 1.0
