pumpkin/seq-08/color/frame-000000.color.png pumpkin/seq-08/color/frame-000002.color.png 0.999997 -0.00233277 0.000428036 -0.00736876 0.0023345 0.999989 -0.00408133 0.0131035 -0.00041851 0.00408231 0.999992 -0.000721349 0.0 0.0 0.0 1.0
pumpkin/seq-08/color/frame-000001.color.png pumpkin/seq-08/color/frame-000003.color.png 0.999999 0.00115924 0.000280389 -0.00291682 -0.00116025 0.999993 0.00363167 0.00557191 -0.000276177 -0.00363199 0.999993 -0.000121031 0.0 0.0 0.0 1.0
pumpkin/seq-08/color/frame-000002.color.png pumpkin/seq-08/color/frame-000004.color.png 0.999999 -0.000889945 0.000464984 -0.00147486 0.000886673 0.999975 0.00698776 -0.00289455 -0.000471191 -0.00698735 0.999975 0.00413064 0.0 0.0 0.0 1.0
pumpkin/seq-08/color/frame-000003.color.png pumpkin/seq-08/color/frame-000005.color.png 0.999998 -0.00172442 0.000814722 -0.000334869 0.00172196 0.999994 0.00301115 -0.0027674 -0.000819909 -0.00300974 0.999995 0.00424346 0.0 0.0 0.0 1.0
pumpkin/seq-08/color/frame-000004.color.png pumpkin/seq-08/color/frame-000006.color.png 0.99996 -0.00482144 0.00747668 -0.00676096 0.0048392 0.999985 -0.00235963 0.00824827 -0.0074652 0.00239572 0.999969 -0.000721965 0.0 0.0 0.0 1.0
pumpkin/seq-08/color/frame-000005.color.png pumpkin/seq-08/color/frame-000007.color.png 0.999921 -0.000703948 0.012525 -0.0155901 0.000741704 0.999995 -0.00301006 0.0269603 -0.0125228 0.00301911 0.999917 3.37134e-05 0.0 0.0 0.0 1.0
pumpkin/seq-08/color/frame-000006.color.png pumpkin/seq-08/color/frame-000008.color.png 0.999907 0.00870444 0.0105309 -0.0178033 -0.00887943 0.999821 0.0166864 0.00896471 -0.0103838 -0.0167783 0.999805 0.00179217 0.0 0.0 0.0 1.0
pumpkin/seq-08/color/frame-000007.color.png pumpkin/seq-08/color/frame-000009.color.png 0.999934 0.0107522 0.0041314 -0.00322288 -0.0108545 0.999614 0.025586 -0.00257211 -0.0038547 -0.0256291 0.999664 0.00799291 0.0 0.0 0.0 1.0
pumpkin/seq-08/color/frame-000008.color.png pumpkin/seq-08/color/frame-000010.color.png 0.999939 0.00805925 0.00750794 -0.0052905 -0.00821047 0.99976 0.0203329 -0.000803389 -0.00734227 -0.0203933 0.999765 0.00802326 0.0 0.0 0.0 1.0
pumpkin/seq-08/color/frame-000009.color.png pumpkin/seq-08/color/frame-000011.color.png 0.99982 -0.00551278 0.0181489 -0.0200772 0.00515596 0.999794 0.0196493 0.0105649 -0.0182534 -0.0195522 0.999642 0.00629197 0.0 0.0 0.0 1.0
pumpkin/seq-08/color/frame-000010.color.png pumpkin/seq-08/color/frame-000012.color.png 0.999784 -0.0115986 0.017236 -0.0151289 0.0111097 0.999541 0.0281967 0.00293649 -0.0175551 -0.0279991 0.999454 0.00423917 0.0 0.0 0.0 1.0
pumpkin/seq-08/color/frame-000011.color.png pumpkin/seq-08/color/frame-000013.color.png 0.999872 -0.00389862 0.0155338 -0.0192804 0.00360917 0.99982 0.018618 0.0183689 -0.0156036 -0.0185596 0.999706 0.00510591 0.0 0.0 0.0 1.0
pumpkin/seq-08/color/frame-000012.color.png pumpkin/seq-08/color/frame-000014.color.png 0.999853 0.00657262 0.0158345 -0.0207767 -0.00676071 0.999907 0.0118544 0.0330991 -0.0157551 -0.0119597 0.999804 0.00647813 0.0 0.0 0.0 1.0
pumpkin/seq-08/color/frame-000013.color.png pumpkin/seq-08/color/frame-000015.color.png 0.999828 0.00786461 0.0168163 -0.0174107 -0.00828847 0.999646 0.025286 -0.00493412 -0.0166114 -0.025421 0.999539 0.0101657 0.0 0.0 0.0 1.0
pumpkin/seq-08/color/frame-000014.color.png pumpkin/seq-08/color/frame-000016.color.png 0.999844 -0.000496742 0.0176622 -0.0242433 9.13311e-05 0.999737 0.0229469 -0.0121584 -0.017669 -0.0229417 0.999581 0.00793678 0.0 0.0 0.0 1.0
pumpkin/seq-08/color/frame-000015.color.png pumpkin/seq-08/color/frame-000017.color.png 0.999849 0.00218685 0.0172499 -0.0276953 -0.00240185 0.99992 0.0124532 0.0044548 -0.0172213 -0.0124927 0.999774 0.00390105 0.0 0.0 0.0 1.0
pumpkin/seq-08/color/frame-000016.color.png pumpkin/seq-08/color/frame-000018.color.png 0.999692 0.00838685 0.0233392 -0.038302 -0.00841783 0.999964 0.00122937 0.0270312 -0.023328 -0.00142543 0.999727 0.00569416 0.0 0.0 0.0 1.0
pumpkin/seq-08/color/frame-000017.color.png pumpkin/seq-08/color/frame-000019.color.png 0.999882 0.00690624 0.0137435 -0.0299278 -0.00711568 0.999858 0.0152492 0.00181423 -0.0136363 -0.0153452 0.999789 0.00474048 0.0 0.0 0.0 1.0
pumpkin/seq-08/color/frame-000018.color.png pumpkin/seq-08/color/frame-000020.color.png 0.999954 0.00756024 0.00596789 -0.0253325 -0.00767931 0.999767 0.0201886 -0.00800741 -0.00581386 -0.0202335 0.999778 0.00941699 0.0 0.0 0.0 1.0
pumpkin/seq-08/color/frame-000019.color.png pumpkin/seq-08/color/frame-000021.color.png 0.999959 0.00893502 0.00181813 -0.0215323 -0.00896731 0.999787 0.0186037 -0.0126816 -0.00165153 -0.0186192 0.999825 0.0144382 0.0 0.0 0.0 1.0
pumpkin/seq-08/color/frame-000020.color.png pumpkin/seq-08/color/frame-000022.color.png 0.99993 0.0116942 -0.00195777 -0.0242959 -0.0116695 0.999858 0.0121693 -0.00494026 0.00209978 -0.0121456 0.999924 0.00968132 0.0 0.0 0.0 1.0
pumpkin/seq-08/color/frame-000021.color.png pumpkin/seq-08/color/frame-000023.color.png 0.999887 0.0149999 -0.000342532 -0.0328806 -0.0149956 0.999834 0.0103143 -0.00529383 0.000497195 -0.010308 0.999947 0.0102504 0.0 0.0 0.0 1.0
pumpkin/seq-08/color/frame-000022.color.png pumpkin/seq-08/color/frame-000024.color.png 0.99992 0.0101756 -0.00752562 -0.0199067 -0.0101177 0.999919 0.0076846 1.30981e-05 0.00760319 -0.00760782 0.999942 0.0131465 0.0 0.0 0.0 1.0
pumpkin/seq-08/color/frame-000023.color.png pumpkin/seq-08/color/frame-000025.color.png 0.999879 0.010607 -0.0113969 -0.0230781 -0.0104638 0.999866 0.0125512 0.000755373 0.0115285 -0.0124304 0.999856 0.0125464 0.0 0.0 0.0 1.0
pumpkin/seq-08/color/frame-000024.color.png pumpkin/seq-08/color/frame-000026.color.png 0.999834 0.0182021 0.000129806 -0.0449433 -0.0182016 0.999675 0.0178568 -0.0117057 0.000195285 -0.0178562 0.999841 0.0175991 0.0 0.0 0.0 1.0
pumpkin/seq-08/color/frame-000025.color.png pumpkin/seq-08/color/frame-000027.color.png 0.999973 0.00701903 -0.00220235 -0.033427 -0.00699491 0.999917 0.0107793 -0.00901876 0.00227784 -0.0107636 0.999939 0.0186087 0.0 0.0 0.0 1.0
pumpkin/seq-08/color/frame-000026.color.png pumpkin/seq-08/color/frame-000028.color.png 0.999963 0.00372317 -0.00770824 -0.0288821 -0.00368951 0.999984 0.00437721 -0.00828751 0.00772445 -0.00434856 0.999961 0.0168512 0.0 0.0 0.0 1.0
pumpkin/seq-08/color/frame-000027.color.png pumpkin/seq-08/color/frame-000029.color.png 0.999964 0.00641299 -0.00564178 -0.0299983 -0.00641372 0.999979 -0.000112123 -0.00661843 0.00564095 0.000148288 0.999984 0.0139135 0.0 0.0 0.0 1.0
pumpkin/seq-08/color/frame-000028.color.png pumpkin/seq-08/color/frame-000030.color.png 0.999982 0.00573311 -0.00152028 -0.0344432 -0.00574598 0.999947 -0.00861442 0.0111961 0.00147078 0.00862299 0.999962 0.015218 0.0 0.0 0.0 1.0
pumpkin/seq-08/color/frame-000029.color.png pumpkin/seq-08/color/frame-000031.color.png 0.999962 0.00589344 -0.00642464 -0.0342692 -0.00592049 0.999974 -0.00419886 0.008456 0.00639972 0.00423677 0.999971 0.0126787 0.0 0.0 0.0 1.0
pumpkin/seq-08/color/frame-000030.color.png pumpkin/seq-08/color/frame-000032.color.png 0.999908 0.00873094 -0.0103712 -0.0257074 -0.00863175 0.999917 0.00956981 -0.0147485 0.0104539 -0.00947946 0.9999 0.00701654 0.0 0.0 0.0 1.0
pumpkin/seq-08/color/frame-000031.color.png pumpkin/seq-08/color/frame-000033.color.png 0.999879 0.0136276 -0.00744863 -0.0257521 -0.0135937 0.999897 0.00458599 -0.0051216 0.00751034 -0.00448418 0.999962 0.0151731 0.0 0.0 0.0 1.0
pumpkin/seq-08/color/frame-000032.color.png pumpkin/seq-08/color/frame-000034.color.png 0.99993 0.0114009 -0.00324408 -0.0383154 -0.0113805 0.999916 0.00623989 -0.0167824 0.00331496 -0.00620251 0.999975 0.013563 0.0 0.0 0.0 1.0
pumpkin/seq-08/color/frame-000033.color.png pumpkin/seq-08/color/frame-000035.color.png 0.99997 0.00650206 -0.0041817 -0.0337801 -0.00650642 0.999978 -0.00103034 -0.00306548 0.0041749 0.00105748 0.999991 0.00753652 0.0 0.0 0.0 1.0
pumpkin/seq-08/color/frame-000034.color.png pumpkin/seq-08/color/frame-000036.color.png 0.999969 0.00304973 -0.00720111 -0.0165368 -0.00309183 0.999978 -0.00584411 0.0166553 0.00718311 0.00586619 0.999957 0.00383422 0.0 0.0 0.0 1.0
pumpkin/seq-08/color/frame-000035.color.png pumpkin/seq-08/color/frame-000037.color.png 0.999997 0.00220231 0.00120891 -0.0286889 -0.00220366 0.999997 0.00110897 0.0134202 -0.00120647 -0.00111158 0.999999 0.0056515 0.0 0.0 0.0 1.0
pumpkin/seq-08/color/frame-000036.color.png pumpkin/seq-08/color/frame-000038.color.png 0.999981 0.000360898 0.00622565 -0.03348 -0.000449693 0.999898 0.0142667 -0.0140644 -0.00621986 -0.0142692 0.999879 0.00699437 0.0 0.0 0.0 1.0
pumpkin/seq-08/color/frame-000037.color.png pumpkin/seq-08/color/frame-000039.color.png 0.999948 -0.00522214 0.00872142 -0.0325149 0.00515342 0.999956 0.00788353 -0.0144684 -0.00876219 -0.00783819 0.999931 0.00668946 0.0 0.0 0.0 1.0
pumpkin/seq-08/color/frame-000038.color.png pumpkin/seq-08/color/frame-000040.color.png 0.999933 0.00158302 0.0115036 -0.0482548 -0.00151104 0.999979 -0.00626135 0.00370405 -0.0115133 0.0062436 0.999914 -0.000138074 0.0 0.0 0.0 1.0
pumpkin/seq-08/color/frame-000039.color.png pumpkin/seq-08/color/frame-000041.color.png 0.999954 0.00340762 0.00897157 -0.0428825 -0.00336309 0.999982 -0.00497339 0.0108267 -0.00898837 0.00494299 0.999947 -0.00943957 0.0 0.0 0.0 1.0
pumpkin/seq-08/color/frame-000040.color.png pumpkin/seq-08/color/frame-000042.color.png 0.99991 -0.00343117 0.0129923 -0.0399249 0.00337127 0.999983 0.00462814 0.00447056 -0.013008 -0.00458396 0.999905 -0.00314297 0.0 0.0 0.0 1.0
pumpkin/seq-08/color/frame-000041.color.png pumpkin/seq-08/color/frame-000043.color.png 0.99997 -0.00642876 0.00432205 -0.0269495 0.0064002 0.999958 0.00659264 -0.00164192 -0.00436424 -0.0065648 0.999969 -0.00100107 0.0 0.0 0.0 1.0
pumpkin/seq-08/color/frame-000042.color.png pumpkin/seq-08/color/frame-000044.color.png 0.99999 0.00137826 0.00431059 -0.0284923 -0.00139406 0.999992 0.0036613 0.00107947 -0.00430552 -0.00366728 0.999984 -0.00316989 0.0 0.0 0.0 1.0
pumpkin/seq-08/color/frame-000043.color.png pumpkin/seq-08/color/frame-000045.color.png 0.999951 0.00291633 0.00941885 -0.0439194 -0.00294764 0.99999 0.00331202 0.000666648 -0.0094091 -0.00333962 0.99995 0.00185601 0.0 0.0 0.0 1.0
pumpkin/seq-08/color/frame-000044.color.png pumpkin/seq-08/color/frame-000046.color.png 0.999976 -0.00169125 0.00669355 -0.0525398 0.00168208 0.999998 0.00137823 0.00687094 -0.00669587 -0.00136691 0.999977 -0.00304046 0.0 0.0 0.0 1.0
pumpkin/seq-08/color/frame-000045.color.png pumpkin/seq-08/color/frame-000047.color.png 0.999827 -0.00609497 -0.0175886 -0.00723433 0.0061898 0.999967 0.00534269 0.00558969 0.0175555 -0.00545064 0.999831 0.0114547 0.0 0.0 0.0 1.0
pumpkin/seq-08/color/frame-000046.color.png pumpkin/seq-08/color/frame-000048.color.png 0.999775 -0.00351753 -0.0209264 0.00391632 0.00371531 0.999949 0.00941981 -0.0107166 0.0208922 -0.00949549 0.999737 0.0186482 0.0 0.0 0.0 1.0
pumpkin/seq-08/color/frame-000047.color.png pumpkin/seq-08/color/frame-000049.color.png 0.999991 0.00169218 -0.00383939 -0.0369343 -0.00171122 0.999986 -0.0049645 0.00744331 0.00383093 0.00497102 0.99998 0.00614372 0.0 0.0 0.0 1.0
pumpkin/seq-08/color/frame-000048.color.png pumpkin/seq-08/color/frame-000050.color.png 0.999867 -0.00305073 -0.0160104 -0.0122093 0.00309965 0.999991 0.00303241 -0.00482953 0.0160009 -0.00308159 0.999867 -0.000410944 0.0 0.0 0.0 1.0
pumpkin/seq-08/color/frame-000049.color.png pumpkin/seq-08/color/frame-000051.color.png 0.999893 4.73795e-05 -0.01465 -0.0249047 -0.00011027 0.999991 -0.00429245 0.00555942 0.0146497 0.00429363 0.999884 -0.0060184 0.0 0.0 0.0 1.0
pumpkin/seq-08/color/frame-000050.color.png pumpkin/seq-08/color/frame-000052.color.png 0.999951 -0.00163674 -0.00977322 -0.0358226 0.00166939 0.999993 0.00333498 0.000786401 0.00976769 -0.00335113 0.999947 -0.00458317 0.0 0.0 0.0 1.0
pumpkin/seq-08/color/frame-000051.color.png pumpkin/seq-08/color/frame-000053.color.png 0.999884 0.00164828 -0.0151617 -0.0103134 -0.0013448 0.999799 0.0200033 -0.0235018 0.0151916 -0.0199806 0.999685 0.00109105 0.0 0.0 0.0 1.0
pumpkin/seq-08/color/frame-000052.color.png pumpkin/seq-08/color/frame-000054.color.png 0.999938 0.0071284 -0.0085926 -0.0176085 -0.00700886 0.999879 0.0138596 -0.0208159 0.00869036 -0.0137986 0.999867 -0.00873763 0.0 0.0 0.0 1.0
pumpkin/seq-08/color/frame-000053.color.png pumpkin/seq-08/color/frame-000055.color.png 0.999978 0.00618767 0.0025322 -0.0322019 -0.00622998 0.999835 0.0170609 -0.0306222 -0.00242622 -0.0170763 0.999851 -0.00622168 0.0 0.0 0.0 1.0
pumpkin/seq-08/color/frame-000054.color.png pumpkin/seq-08/color/frame-000056.color.png 0.999921 0.00864662 -0.00907083 -0.0318063 -0.00861388 0.999956 0.00364052 -0.019671 0.00910192 -0.00356206 0.999952 -0.0127992 0.0 0.0 0.0 1.0
pumpkin/seq-08/color/frame-000055.color.png pumpkin/seq-08/color/frame-000057.color.png 0.999866 0.00593571 -0.015235 -0.0233086 -0.00586438 0.999972 0.00472161 -0.0146692 0.0152626 -0.00463167 0.999873 -0.021029 0.0 0.0 0.0 1.0
pumpkin/seq-08/color/frame-000056.color.png pumpkin/seq-08/color/frame-000058.color.png 0.999966 0.00652156 -0.00506433 -0.0219361 -0.0064037 0.999716 0.0229476 -0.0449343 0.00521254 -0.0229144 0.999724 -0.000577718 0.0 0.0 0.0 1.0
pumpkin/seq-08/color/frame-000057.color.png pumpkin/seq-08/color/frame-000059.color.png 0.999864 0.0164974 0.000477871 -0.0461529 -0.0164945 0.999849 -0.00541921 -0.0463093 -0.000567196 0.00541062 0.999985 -0.0191669 0.0 0.0 0.0 1.0
pumpkin/seq-08/color/frame-000058.color.png pumpkin/seq-08/color/frame-000060.color.png 0.99995 0.00994949 -0.000666397 -0.0399333 -0.00996436 0.999551 -0.028265 -0.0123964 0.00038488 0.0282703 0.9996 -0.0212354 0.0 0.0 0.0 1.0
pumpkin/seq-08/color/frame-000059.color.png pumpkin/seq-08/color/frame-000061.color.png 0.999951 0.00110394 0.00985451 -0.0485414 -0.000861339 0.999697 -0.0245904 -0.0135053 -0.00987867 0.0245807 0.999649 -0.0142009 0.0 0.0 0.0 1.0
pumpkin/seq-08/color/frame-000060.color.png pumpkin/seq-08/color/frame-000062.color.png 0.999718 -0.0232849 -0.00477245 -0.0212108 0.0231025 0.999111 -0.035253 0.000171013 0.00558907 0.0351328 0.999367 -0.0325596 0.0 0.0 0.0 1.0
pumpkin/seq-08/color/frame-000061.color.png pumpkin/seq-08/color/frame-000063.color.png 0.999687 -0.0247956 -0.0032814 -0.0182171 0.0246961 0.999316 -0.0275145 -0.00170347 0.00396139 0.0274248 0.999616 -0.0352714 0.0 0.0 0.0 1.0
pumpkin/seq-08/color/frame-000062.color.png pumpkin/seq-08/color/frame-000064.color.png 0.999892 -0.00943736 0.0112662 -0.0499672 0.00972339 0.999625 -0.0256111 -0.0034507 -0.0110202 0.0257179 0.999609 -0.0372296 0.0 0.0 0.0 1.0
pumpkin/seq-08/color/frame-000063.color.png pumpkin/seq-08/color/frame-000065.color.png 0.999757 -0.0205468 0.00792776 -0.0439142 0.0206556 0.99969 -0.0138933 -0.0103302 -0.00763983 0.0140537 0.999872 -0.0316433 0.0 0.0 0.0 1.0
pumpkin/seq-08/color/frame-000064.color.png pumpkin/seq-08/color/frame-000066.color.png 0.999786 -0.0193191 -0.00738066 -0.0281072 0.0191314 0.999512 -0.0247032 0.000178464 0.0078543 0.0245567 0.999668 -0.0198909 0.0 0.0 0.0 1.0
pumpkin/seq-08/color/frame-000065.color.png pumpkin/seq-08/color/frame-000067.color.png 0.999749 -0.0143687 -0.0171662 -0.00416183 0.0138517 0.999458 -0.0298636 0.0101117 0.0175859 0.0296183 0.999407 -0.00732518 0.0 0.0 0.0 1.0
pumpkin/seq-08/color/frame-000066.color.png pumpkin/seq-08/color/frame-000068.color.png 0.99986 0.0019159 -0.0166206 -0.00143224 -0.00227625 0.999762 -0.0216879 -0.0241513 0.0165751 0.0217227 0.999627 -0.00222863 0.0 0.0 0.0 1.0
pumpkin/seq-08/color/frame-000067.color.png pumpkin/seq-08/color/frame-000069.color.png 0.999788 0.0138885 -0.0151947 -0.000933826 -0.0144193 0.999269 -0.0354047 -0.0123305 0.0146918 0.0356162 0.999257 -0.00889396 0.0 0.0 0.0 1.0
pumpkin/seq-08/color/frame-000068.color.png pumpkin/seq-08/color/frame-000070.color.png 0.999941 0.0102439 -0.00365624 -0.0187688 -0.0103394 0.999578 -0.0271416 -0.0284267 0.00337666 0.0271779 0.999625 -0.0214396 0.0 0.0 0.0 1.0
pumpkin/seq-08/color/frame-000069.color.png pumpkin/seq-08/color/frame-000071.color.png 0.999838 -0.017838 -0.0024892 -0.0408847 0.0177715 0.999541 -0.0245499 -0.014672 0.00292597 0.0245017 0.999696 -0.026525 0.0 0.0 0.0 1.0
pumpkin/seq-08/color/frame-000070.color.png pumpkin/seq-08/color/frame-000072.color.png 0.999701 -0.0224941 -0.00959179 -0.0172315 0.022349 0.999638 -0.0149743 -0.00408575 0.00992514 0.0147554 0.999842 -0.00687981 0.0 0.0 0.0 1.0
pumpkin/seq-08/color/frame-000071.color.png pumpkin/seq-08/color/frame-000073.color.png 0.99976 -0.0219159 -0.000277714 -0.0159156 0.0219125 0.999719 -0.00900725 -0.00251418 0.000475039 0.008999 0.999959 -0.00877841 0.0 0.0 0.0 1.0
pumpkin/seq-08/color/frame-000072.color.png pumpkin/seq-08/color/frame-000074.color.png 0.999282 -0.037499 0.0053937 -0.0249091 0.0375277 0.999282 -0.00530548 0.0012738 -0.00519087 0.00550409 0.999972 -0.0222074 0.0 0.0 0.0 1.0
pumpkin/seq-08/color/frame-000073.color.png pumpkin/seq-08/color/frame-000075.color.png 0.999735 -0.0206929 0.0100644 -0.0202024 0.0207097 0.999784 -0.00156899 -0.0215694 -0.0100298 0.00177701 0.999948 -0.00631935 0.0 0.0 0.0 1.0
pumpkin/seq-08/color/frame-000074.color.png pumpkin/seq-08/color/frame-000076.color.png 0.999749 -0.0150603 0.0165688 -0.0124834 0.0154097 0.999657 -0.021168 -0.0115315 -0.0162443 0.0214181 0.999639 -0.00871049 0.0 0.0 0.0 1.0
pumpkin/seq-08/color/frame-000075.color.png pumpkin/seq-08/color/frame-000077.color.png 0.999512 -0.00239838 0.0311539 0.0108942 0.00272941 0.99994 -0.0105874 -0.0506794 -0.0311267 0.0106672 0.999459 -0.0437667 0.0 0.0 0.0 1.0
pumpkin/seq-08/color/frame-000076.color.png pumpkin/seq-08/color/frame-000078.color.png 0.999008 0.000692782 0.0445182 -0.0225142 -0.00126871 0.999916 0.01291 -0.0684514 -0.0445055 -0.0129537 0.998925 -0.0526034 0.0 0.0 0.0 1.0
pumpkin/seq-08/color/frame-000077.color.png pumpkin/seq-08/color/frame-000079.color.png 0.999571 -0.00128466 0.02926 -0.0065828 0.00168681 0.999904 -0.0137235 -0.0322001 -0.0292396 0.013767 0.999478 -0.0341487 0.0 0.0 0.0 1.0
pumpkin/seq-08/color/frame-000078.color.png pumpkin/seq-08/color/frame-000080.color.png 0.998941 -0.00433815 0.0458067 -0.00584781 0.00532371 0.999756 -0.0214156 -0.0403509 -0.0457027 0.0216368 0.998721 -0.053893 0.0 0.0 0.0 1.0
pumpkin/seq-08/color/frame-000079.color.png pumpkin/seq-08/color/frame-000081.color.png 0.998924 -0.00377097 0.046224 -0.0311573 0.00480617 0.99974 -0.0223046 -0.00351915 -0.0461278 0.0225027 0.998682 -0.0420219 0.0 0.0 0.0 1.0
pumpkin/seq-08/color/frame-000080.color.png pumpkin/seq-08/color/frame-000082.color.png 0.99974 -0.00540408 0.0221532 0.00476623 0.00566243 0.999916 -0.0116161 -0.0371282 -0.0220886 0.0117385 0.999687 -0.0230463 0.0 0.0 0.0 1.0
pumpkin/seq-08/color/frame-000081.color.png pumpkin/seq-08/color/frame-000083.color.png 0.999765 -0.00532484 0.021002 0.0070228 0.0055052 0.999948 -0.00853922 -0.069142 -0.0209555 0.00865283 0.999743 -0.0396608 0.0 0.0 0.0 1.0
pumpkin/seq-08/color/frame-000082.color.png pumpkin/seq-08/color/frame-000084.color.png 0.999526 0.014074 0.0273644 0.00248557 -0.01325 0.99946 -0.030062 -0.0408833 -0.0277727 0.0296852 0.999173 -0.0319206 0.0 0.0 0.0 1.0
pumpkin/seq-08/color/frame-000083.color.png pumpkin/seq-08/color/frame-000085.color.png 0.998372 0.0361742 0.0441105 0.0254734 -0.0345016 0.998678 -0.0381078 -0.054529 -0.0454307 0.0365239 0.9983 -0.0393459 0.0 0.0 0.0 1.0
pumpkin/seq-08/color/frame-000084.color.png pumpkin/seq-08/color/frame-000086.color.png 0.99864 0.0195874 0.0483172 0.000390172 -0.0187186 0.999656 -0.0183689 -0.0415041 -0.0486604 0.0174395 0.998663 -0.0429211 0.0 0.0 0.0 1.0
pumpkin/seq-08/color/frame-000085.color.png pumpkin/seq-08/color/frame-000087.color.png 0.999661 -0.000198549 0.0260273 -0.0564641 -0.000191932 0.999887 0.0149993 -0.052105 -0.0260273 -0.0149993 0.999549 -0.014069 0.0 0.0 0.0 1.0
pumpkin/seq-08/color/frame-000086.color.png pumpkin/seq-08/color/frame-000088.color.png 0.999953 0.00188635 -0.00948366 -0.00211769 -0.00171675 0.999839 0.017859 -0.0652243 0.00951586 -0.0178419 0.999796 -0.00902402 0.0 0.0 0.0 1.0
pumpkin/seq-08/color/frame-000087.color.png pumpkin/seq-08/color/frame-000089.color.png 0.999846 0.0133677 0.0114061 0.0165043 -0.0134009 0.999906 0.00284303 -0.0456199 -0.011367 -0.00299545 0.999931 -0.0272944 0.0 0.0 0.0 1.0
pumpkin/seq-08/color/frame-000088.color.png pumpkin/seq-08/color/frame-000090.color.png 0.999621 0.00504437 0.027065 -0.0248228 -0.00567901 0.999709 0.0234236 -0.0664298 -0.026939 -0.0235684 0.999359 -0.0337293 0.0 0.0 0.0 1.0
pumpkin/seq-08/color/frame-000089.color.png pumpkin/seq-08/color/frame-000091.color.png 0.99994 -0.00390406 -0.0102274 0.00172156 0.00397693 0.999967 0.00711459 -0.000887275 0.0101993 -0.00715485 0.999923 -0.0053432 0.0 0.0 0.0 1.0
pumpkin/seq-08/color/frame-000090.color.png pumpkin/seq-08/color/frame-000092.color.png 0.99997 0.00771244 -2.29611e-05 -0.0125417 -0.00771113 0.999846 0.0157421 -0.0239222 0.000144381 -0.0157415 0.999876 -0.00750297 0.0 0.0 0.0 1.0
pumpkin/seq-08/color/frame-000091.color.png pumpkin/seq-08/color/frame-000093.color.png 0.999996 -0.00286238 0.000610928 0.0185801 0.00286323 0.999995 -0.00137941 -0.00808606 -0.000606963 0.00138116 0.999999 -0.0025418 0.0 0.0 0.0 1.0
pumpkin/seq-08/color/frame-000092.color.png pumpkin/seq-08/color/frame-000094.color.png 0.999937 -0.00855399 0.00732127 0.00498402 0.00864568 0.999883 -0.0125852 -0.00434041 -0.00721273 0.0126477 0.999894 -0.00459969 0.0 0.0 0.0 1.0
pumpkin/seq-08/color/frame-000093.color.png pumpkin/seq-08/color/frame-000095.color.png 0.999686 -0.0206474 0.0142025 -0.0382016 0.0204635 0.999706 0.0129705 -0.0461254 -0.0144661 -0.0126758 0.999815 -0.0124816 0.0 0.0 0.0 1.0
pumpkin/seq-08/color/frame-000094.color.png pumpkin/seq-08/color/frame-000096.color.png 0.999684 -0.0229261 -0.0102897 0.0160639 0.0228394 0.999703 -0.0084586 0.0109181 0.0104805 0.00822091 0.999911 0.0157358 0.0 0.0 0.0 1.0
pumpkin/seq-08/color/frame-000095.color.png pumpkin/seq-08/color/frame-000097.color.png 0.999698 -0.0243137 -0.00343164 0.0266936 0.0242722 0.999638 -0.0116362 -0.0064221 0.0037133 0.0115494 0.999926 0.0050613 0.0 0.0 0.0 1.0
pumpkin/seq-08/color/frame-000096.color.png pumpkin/seq-08/color/frame-000098.color.png 0.999673 -0.0254027 0.0030336 0.0363123 0.0254386 0.999599 -0.0124292 -0.0127823 -0.0027166 0.0125023 0.999918 -0.0165931 0.0 0.0 0.0 1.0
pumpkin/seq-08/color/frame-000097.color.png pumpkin/seq-08/color/frame-000099.color.png 0.999609 -0.0177064 0.0216614 0.0531841 0.018078 0.999691 -0.017081 -0.000949621 -0.0213522 0.0174659 0.99962 -0.0244909 0.0 0.0 0.0 1.0
pumpkin/seq-08/color/frame-000098.color.png pumpkin/seq-08/color/frame-000100.color.png 0.999128 -0.0138499 0.0393981 0.0294284 0.0153848 0.999124 -0.0389252 0.0525309 -0.0388246 0.0394973 0.998465 -0.0111864 0.0 0.0 0.0 1.0
pumpkin/seq-08/color/frame-000099.color.png pumpkin/seq-08/color/frame-000101.color.png 0.998928 -0.0286568 0.0363465 0.0512098 0.0298692 0.999 -0.0332668 0.0525749 -0.0353568 0.0343168 0.998785 -0.0220146 0.0 0.0 0.0 1.0
pumpkin/seq-08/color/frame-000100.color.png pumpkin/seq-08/color/frame-000102.color.png 0.997858 -0.0300697 0.0580872 0.0198522 0.0309856 0.999408 -0.0149321 0.00576186 -0.0576038 0.0167 0.9982 -0.0407337 0.0 0.0 0.0 1.0
pumpkin/seq-08/color/frame-000101.color.png pumpkin/seq-08/color/frame-000103.color.png 0.998722 -0.0221397 0.0454323 0.0354183 0.021877 0.999741 0.00627062 -0.0445794 -0.0455593 -0.00526868 0.998948 -0.0503172 0.0 0.0 0.0 1.0
pumpkin/seq-08/color/frame-000102.color.png pumpkin/seq-08/color/frame-000104.color.png 0.99967 -0.0241589 0.00874256 0.0733671 0.0240915 0.99968 0.00772991 -0.0399549 -0.00892656 -0.00751674 0.999932 -0.0474779 0.0 0.0 0.0 1.0
pumpkin/seq-08/color/frame-000103.color.png pumpkin/seq-08/color/frame-000105.color.png 0.999914 -0.0129619 0.00207689 0.0388036 0.0129779 0.999885 -0.00786314 0.00334185 -0.00197473 0.00788941 0.999967 -0.00138173 0.0 0.0 0.0 1.0
pumpkin/seq-08/color/frame-000104.color.png pumpkin/seq-08/color/frame-000106.color.png 0.999808 -0.0120706 0.0154121 0.0580841 0.0120631 0.999927 0.000575566 -0.0105488 -0.015418 -0.000389534 0.999881 -0.00654927 0.0 0.0 0.0 1.0
pumpkin/seq-08/color/frame-000105.color.png pumpkin/seq-08/color/frame-000107.color.png 0.999762 -0.0125288 0.0178401 0.0611055 0.0124415 0.99991 0.00499375 -0.0130744 -0.017901 -0.0047706 0.999828 -0.0319574 0.0 0.0 0.0 1.0
pumpkin/seq-08/color/frame-000106.color.png pumpkin/seq-08/color/frame-000108.color.png 0.999802 -0.0018824 0.0198046 0.0261902 0.00196634 0.999989 -0.00421944 0.0111723 -0.0197965 0.00425754 0.999795 -0.0196829 0.0 0.0 0.0 1.0
pumpkin/seq-08/color/frame-000107.color.png pumpkin/seq-08/color/frame-000109.color.png 0.999678 -0.0150772 0.0204264 0.023572 0.0150058 0.999881 0.00364301 -0.00109291 -0.0204789 -0.00333533 0.999785 -0.0193281 0.0 0.0 0.0 1.0
pumpkin/seq-08/color/frame-000108.color.png pumpkin/seq-08/color/frame-000110.color.png 0.99972 -0.0223138 0.00793913 0.0367316 0.0222369 0.999706 0.00963873 -0.0090993 -0.00815187 -0.00945948 0.999922 -0.0194962 0.0 0.0 0.0 1.0
pumpkin/seq-08/color/frame-000109.color.png pumpkin/seq-08/color/frame-000111.color.png 0.999949 -0.0100592 0.000752559 0.0368366 0.0100586 0.999949 0.000739983 0.0121539 -0.000759933 -0.000732359 0.999999 -0.00350285 0.0 0.0 0.0 1.0
pumpkin/seq-08/color/frame-000110.color.png pumpkin/seq-08/color/frame-000112.color.png 0.999813 -0.0125471 0.0146972 0.0190082 0.0124351 0.999893 0.00768351 0.00218654 -0.014792 -0.00749931 0.999863 -0.00904503 0.0 0.0 0.0 1.0
pumpkin/seq-08/color/frame-000111.color.png pumpkin/seq-08/color/frame-000113.color.png 0.99955 -0.0215446 0.0208789 0.0385692 0.0213329 0.999719 0.0103064 0.00331086 -0.0210951 -0.00985639 0.999729 -0.0236842 0.0 0.0 0.0 1.0
pumpkin/seq-08/color/frame-000112.color.png pumpkin/seq-08/color/frame-000114.color.png 0.999514 -0.0260062 0.0172128 0.042869 0.0257885 0.999586 0.0127514 0.00117153 -0.0175373 -0.0123013 0.999771 -0.0282486 0.0 0.0 0.0 1.0
pumpkin/seq-08/color/frame-000113.color.png pumpkin/seq-08/color/frame-000115.color.png 0.999706 -0.0220412 0.0101061 0.0282926 0.0219428 0.999712 0.00974366 0.00419092 -0.0103179 -0.00951904 0.999901 -0.0293449 0.0 0.0 0.0 1.0
pumpkin/seq-08/color/frame-000114.color.png pumpkin/seq-08/color/frame-000116.color.png 0.999751 -0.0196218 0.010664 0.0323356 0.0195161 0.99976 0.00992933 0.0100127 -0.0108562 -0.00971875 0.999894 -0.017274 0.0 0.0 0.0 1.0
pumpkin/seq-08/color/frame-000115.color.png pumpkin/seq-08/color/frame-000117.color.png 0.999769 -0.0150104 0.0153483 0.0238008 0.0148757 0.99985 0.00885457 0.00995338 -0.0154789 -0.00862423 0.999843 -0.0072495 0.0 0.0 0.0 1.0
pumpkin/seq-08/color/frame-000116.color.png pumpkin/seq-08/color/frame-000118.color.png 0.999312 -0.0295798 0.022374 0.0255547 0.0294392 0.999545 0.00658758 0.00457102 -0.0225586 -0.00592435 0.999728 -0.00858411 0.0 0.0 0.0 1.0
pumpkin/seq-08/color/frame-000117.color.png pumpkin/seq-08/color/frame-000119.color.png 0.999371 -0.0251078 0.0250319 0.0277179 0.0251549 0.999682 -0.00156754 0.0148512 -0.0249846 0.00219623 0.999685 -0.00428568 0.0 0.0 0.0 1.0
pumpkin/seq-08/color/frame-000118.color.png pumpkin/seq-08/color/frame-000120.color.png 0.999775 -0.00702641 0.0200172 0.0241924 0.00701159 0.999975 0.000812116 0.0127686 -0.0200225 -0.000671594 0.999799 -0.00681296 0.0 0.0 0.0 1.0
pumpkin/seq-08/color/frame-000119.color.png pumpkin/seq-08/color/frame-000121.color.png 0.999649 -0.0144045 0.0222212 0.01557 0.0141693 0.999842 0.0107027 0.000956178 -0.0223719 -0.010384 0.999696 -0.0133031 0.0 0.0 0.0 1.0
pumpkin/seq-08/color/frame-000120.color.png pumpkin/seq-08/color/frame-000122.color.png 0.999692 -0.0186534 0.0163374 0.020476 0.0185262 0.999797 0.00789909 0.0146497 -0.0164814 -0.00759399 0.999835 -0.0102212 0.0 0.0 0.0 1.0
pumpkin/seq-08/color/frame-000121.color.png pumpkin/seq-08/color/frame-000123.color.png 0.99965 -0.022994 0.0131014 0.0376569 0.0229328 0.999725 0.00480414 0.0366459 -0.0132084 -0.00450199 0.999902 -0.00644846 0.0 0.0 0.0 1.0
pumpkin/seq-08/color/frame-000122.color.png pumpkin/seq-08/color/frame-000124.color.png 0.999903 -0.0131754 0.00445512 0.0552405 0.0131393 0.999882 0.00802416 0.0185352 -0.00456036 -0.00796484 0.999958 -0.00227547 0.0 0.0 0.0 1.0
pumpkin/seq-08/color/frame-000123.color.png pumpkin/seq-08/color/frame-000125.color.png 0.999981 -0.00580315 0.00215932 0.0391515 0.00577498 0.999901 0.0128304 -0.00961667 -0.00223356 -0.0128177 0.999915 -0.0118289 0.0 0.0 0.0 1.0
pumpkin/seq-08/color/frame-000124.color.png pumpkin/seq-08/color/frame-000126.color.png 0.999964 -0.00837399 0.0010758 0.0382951 0.00835646 0.999847 0.015356 0.00252682 -0.00120419 -0.0153465 0.999881 -0.0139806 0.0 0.0 0.0 1.0
pumpkin/seq-08/color/frame-000125.color.png pumpkin/seq-08/color/frame-000127.color.png 0.999842 -0.0156557 0.00839659 0.0154243 0.0155269 0.999764 0.0151828 0.0113716 -0.00863225 -0.0150501 0.999849 -0.000822946 0.0 0.0 0.0 1.0
pumpkin/seq-08/color/frame-000126.color.png pumpkin/seq-08/color/frame-000128.color.png 0.999735 -0.0214234 0.00843966 0.00696892 0.0212765 0.999627 0.01713 0.00462174 -0.00880352 -0.0169459 0.999818 0.00217749 0.0 0.0 0.0 1.0
pumpkin/seq-08/color/frame-000127.color.png pumpkin/seq-08/color/frame-000129.color.png 0.99964 -0.019662 0.0182687 0.036313 0.0193351 0.999653 0.017906 0.0233129 -0.0186145 -0.0175463 0.999673 0.0128769 0.0 0.0 0.0 1.0
pumpkin/seq-08/color/frame-000128.color.png pumpkin/seq-08/color/frame-000130.color.png 0.999579 -0.0183224 0.0225003 0.0443178 0.0179097 0.99967 0.018407 0.0222296 -0.0228301 -0.0179963 0.999577 0.00243109 0.0 0.0 0.0 1.0
pumpkin/seq-08/color/frame-000129.color.png pumpkin/seq-08/color/frame-000131.color.png 0.999817 -0.0184753 0.00500934 0.0411585 0.0184467 0.999813 0.00569906 0.0175611 -0.00511368 -0.00560557 0.999971 0.000680074 0.0 0.0 0.0 1.0
pumpkin/seq-08/color/frame-000130.color.png pumpkin/seq-08/color/frame-000132.color.png 0.999824 -0.016306 0.0093016 0.0140552 0.0163276 0.999864 -0.00224505 0.0211518 -0.00926388 0.0023965 0.999954 0.0201808 0.0 0.0 0.0 1.0
pumpkin/seq-08/color/frame-000131.color.png pumpkin/seq-08/color/frame-000133.color.png 0.999834 -0.0178493 0.00354205 0.0094385 0.0178424 0.999839 0.00197647 -0.00374174 -0.00357674 -0.00191292 0.999992 0.0204773 0.0 0.0 0.0 1.0
pumpkin/seq-08/color/frame-000132.color.png pumpkin/seq-08/color/frame-000134.color.png 0.99969 -0.0141354 -0.0205161 0.0584014 0.0138844 0.999828 -0.012327 0.0239266 0.0206868 0.0120383 0.999713 -0.000615016 0.0 0.0 0.0 1.0
pumpkin/seq-08/color/frame-000133.color.png pumpkin/seq-08/color/frame-000135.color.png 0.999926 -0.011941 -0.00233708 0.0389851 0.0119387 0.999928 -0.000981191 0.0101234 0.00234866 0.000953174 0.999997 0.00460833 0.0 0.0 0.0 1.0
pumpkin/seq-08/color/frame-000134.color.png pumpkin/seq-08/color/frame-000136.color.png 0.999982 0.000228873 0.00601154 0.0477811 -0.000231688 1.0 0.00046456 0.0229785 -0.00601136 -0.000465897 0.999982 0.00119822 0.0 0.0 0.0 1.0
pumpkin/seq-08/color/frame-000135.color.png pumpkin/seq-08/color/frame-000137.color.png 0.999882 0.00314898 0.0150426 0.0384737 -0.00318013 0.999993 0.00204901 0.0161114 -0.0150362 -0.00209659 0.999885 0.00788973 0.0 0.0 0.0 1.0
pumpkin/seq-08/color/frame-000136.color.png pumpkin/seq-08/color/frame-000138.color.png 0.999868 0.00249523 0.0160497 0.0264837 -0.00242239 0.999987 -0.00455763 0.0203816 -0.0160608 0.00451815 0.999861 0.0167552 0.0 0.0 0.0 1.0
pumpkin/seq-08/color/frame-000137.color.png pumpkin/seq-08/color/frame-000139.color.png 0.999939 -0.00703874 0.0085408 0.018063 0.00708263 0.999962 -0.00513203 0.0151349 -0.00850441 0.0051922 0.99995 0.00931264 0.0 0.0 0.0 1.0
pumpkin/seq-08/color/frame-000138.color.png pumpkin/seq-08/color/frame-000140.color.png 0.999841 -0.0151387 0.00937814 0.00733466 0.0151703 0.999879 -0.00331065 0.0081718 -0.0093269 0.00345239 0.999951 0.0184021 0.0 0.0 0.0 1.0
pumpkin/seq-08/color/frame-000139.color.png pumpkin/seq-08/color/frame-000141.color.png 0.999774 -0.0175145 -0.0120924 0.0398579 0.0173844 0.999791 -0.0107909 0.0256411 0.0122791 0.0105783 0.999869 -0.00240767 0.0 0.0 0.0 1.0
pumpkin/seq-08/color/frame-000140.color.png pumpkin/seq-08/color/frame-000142.color.png 0.999906 -0.0109538 -0.00827503 0.0280531 0.0109935 0.999928 0.00475363 -0.00187218 0.00822226 -0.00484418 0.999954 -0.00428712 0.0 0.0 0.0 1.0
pumpkin/seq-08/color/frame-000141.color.png pumpkin/seq-08/color/frame-000143.color.png 0.999983 0.00313697 -0.00481955 0.0362363 -0.0031263 0.999993 0.0022192 0.0202224 0.00482645 -0.00220408 0.999986 -0.00534916 0.0 0.0 0.0 1.0
pumpkin/seq-08/color/frame-000142.color.png pumpkin/seq-08/color/frame-000144.color.png 0.999959 0.00788237 0.00436452 0.0406203 -0.00795144 0.99984 0.0160362 0.00488287 -0.00423739 -0.0160702 0.999862 -0.00650184 0.0 0.0 0.0 1.0
pumpkin/seq-08/color/frame-000143.color.png pumpkin/seq-08/color/frame-000145.color.png 0.999883 0.00713627 0.0135508 0.0345356 -0.00742647 0.999742 0.0214865 -0.000510156 -0.0133942 -0.0215847 0.999677 -0.00065054 0.0 0.0 0.0 1.0
pumpkin/seq-08/color/frame-000144.color.png pumpkin/seq-08/color/frame-000146.color.png 0.999786 0.00652455 0.0196129 0.0155505 -0.00665436 0.999956 0.00655697 0.0233245 -0.0195694 -0.00668611 0.999786 0.0173132 0.0 0.0 0.0 1.0
pumpkin/seq-08/color/frame-000145.color.png pumpkin/seq-08/color/frame-000147.color.png 0.999924 0.00553844 0.0109712 0.015865 -0.00558044 0.999977 0.00379804 0.0185542 -0.0109498 -0.00385895 0.999933 0.00191937 0.0 0.0 0.0 1.0
pumpkin/seq-08/color/frame-000146.color.png pumpkin/seq-08/color/frame-000148.color.png 0.999993 0.00358123 0.000880112 0.0278828 -0.0035845 0.999986 0.00390019 0.0199143 -0.000865948 -0.00390335 0.999992 -0.0109257 0.0 0.0 0.0 1.0
pumpkin/seq-08/color/frame-000147.color.png pumpkin/seq-08/color/frame-000149.color.png 0.99959 0.0282953 0.00441546 0.0654661 -0.028373 0.999423 0.0186814 0.0265724 -0.00388425 -0.018799 0.999816 0.00633427 0.0 0.0 0.0 1.0
pumpkin/seq-08/color/frame-000148.color.png pumpkin/seq-08/color/frame-000150.color.png 0.999452 0.0277352 0.0180814 0.0379808 -0.028111 0.999387 0.0208666 0.0152842 -0.0174916 -0.0213635 0.999619 0.00219826 0.0 0.0 0.0 1.0
pumpkin/seq-08/color/frame-000149.color.png pumpkin/seq-08/color/frame-000151.color.png 0.999962 0.0056924 0.00662924 0.0179121 -0.00566671 0.999976 -0.00389303 0.0229113 -0.00665134 0.00385528 0.99997 0.0120375 0.0 0.0 0.0 1.0
pumpkin/seq-08/color/frame-000150.color.png pumpkin/seq-08/color/frame-000152.color.png 0.999993 -0.00314803 -0.00227025 0.0125194 0.00313195 0.99997 -0.00705763 0.0162763 0.00229251 0.00705048 0.999973 0.0131715 0.0 0.0 0.0 1.0
pumpkin/seq-08/color/frame-000151.color.png pumpkin/seq-08/color/frame-000153.color.png 0.999972 0.00131149 -0.00736464 0.0158849 -0.00134008 0.999991 -0.0038816 0.0116939 0.00735948 0.00389134 0.999965 -0.0031498 0.0 0.0 0.0 1.0
pumpkin/seq-08/color/frame-000152.color.png pumpkin/seq-08/color/frame-000154.color.png 0.999944 0.00880952 -0.00592946 0.0291293 -0.0087847 0.999953 0.00419254 0.0143017 0.00596616 -0.0041402 0.999974 -0.0183474 0.0 0.0 0.0 1.0
pumpkin/seq-08/color/frame-000153.color.png pumpkin/seq-08/color/frame-000155.color.png 0.999919 0.0116892 0.00508495 0.0248408 -0.0117746 0.999784 0.0171052 0.011535 -0.00488391 -0.0171637 0.999841 -0.0144494 0.0 0.0 0.0 1.0
pumpkin/seq-08/color/frame-000154.color.png pumpkin/seq-08/color/frame-000156.color.png 0.999937 0.0108646 0.00289954 0.031026 -0.0108925 0.999893 0.00977234 0.0323089 -0.00279317 -0.0098033 0.999948 -0.0195685 0.0 0.0 0.0 1.0
pumpkin/seq-08/color/frame-000155.color.png pumpkin/seq-08/color/frame-000157.color.png 0.999973 0.0055528 -0.00485766 0.0376457 -0.00548925 0.9999 0.0130088 0.00979185 0.00492937 -0.0129818 0.999904 -0.0279052 0.0 0.0 0.0 1.0
pumpkin/seq-08/color/frame-000156.color.png pumpkin/seq-08/color/frame-000158.color.png 0.99991 0.0113365 -0.00724416 0.0347561 -0.0113626 0.999929 -0.00356925 0.0324281 0.00720324 0.00365122 0.999967 -0.00887913 0.0 0.0 0.0 1.0
pumpkin/seq-08/color/frame-000157.color.png pumpkin/seq-08/color/frame-000159.color.png 0.999952 0.0084931 -0.00493761 0.0185678 -0.00855615 0.99988 -0.0128982 0.0317298 0.00482775 0.0129398 0.999905 0.00155711 0.0 0.0 0.0 1.0
pumpkin/seq-08/color/frame-000158.color.png pumpkin/seq-08/color/frame-000160.color.png 0.999974 0.000766627 -0.0072124 0.00919792 -0.000797722 0.99999 -0.00431533 0.0117464 0.00720901 0.00432094 0.999965 0.00267233 0.0 0.0 0.0 1.0
pumpkin/seq-08/color/frame-000159.color.png pumpkin/seq-08/color/frame-000161.color.png 0.999782 0.00409732 -0.020454 0.0238575 -0.00405078 0.999989 0.00231838 0.0161262 0.0204631 -0.00223505 0.999788 -0.0159354 0.0 0.0 0.0 1.0
pumpkin/seq-08/color/frame-000160.color.png pumpkin/seq-08/color/frame-000162.color.png 0.999866 0.01132 -0.0118004 0.0152971 -0.0111182 0.999793 0.0170206 0.00116619 0.0119906 -0.0168871 0.999786 -0.0168722 0.0 0.0 0.0 1.0
pumpkin/seq-08/color/frame-000161.color.png pumpkin/seq-08/color/frame-000163.color.png 0.999779 0.0189514 -0.00905996 0.0370697 -0.0187927 0.999674 0.0172833 0.0179188 0.00938465 -0.0171092 0.99981 -0.0223566 0.0 0.0 0.0 1.0
pumpkin/seq-08/color/frame-000162.color.png pumpkin/seq-08/color/frame-000164.color.png 0.999794 0.0168085 -0.0113582 0.0496759 -0.0166405 0.999753 0.0147277 0.0310431 0.011603 -0.0145357 0.999827 -0.0339507 0.0 0.0 0.0 1.0
pumpkin/seq-08/color/frame-000163.color.png pumpkin/seq-08/color/frame-000165.color.png 0.999863 0.0131655 -0.0100401 0.0320437 -0.0129256 0.999638 0.0236021 0.00798124 0.0103472 -0.0234691 0.999671 -0.0248852 0.0 0.0 0.0 1.0
pumpkin/seq-08/color/frame-000164.color.png pumpkin/seq-08/color/frame-000166.color.png 0.999865 0.00939651 -0.0134789 0.02844 -0.00931716 0.999939 0.00593288 0.0293246 0.0135338 -0.00580649 0.999892 -0.00835112 0.0 0.0 0.0 1.0
pumpkin/seq-08/color/frame-000165.color.png pumpkin/seq-08/color/frame-000167.color.png 0.999883 -0.00107127 -0.015282 0.0185848 0.00112512 0.999993 0.00351634 0.0110864 0.0152781 -0.00353314 0.999877 -0.00746554 0.0 0.0 0.0 1.0
pumpkin/seq-08/color/frame-000166.color.png pumpkin/seq-08/color/frame-000168.color.png 0.999688 0.00111173 -0.0249429 0.0280334 -0.000978701 0.999985 0.00534619 0.00745511 0.0249486 -0.00532006 0.999675 -0.0224264 0.0 0.0 0.0 1.0
pumpkin/seq-08/color/frame-000167.color.png pumpkin/seq-08/color/frame-000169.color.png 0.999716 0.0102775 -0.0214829 0.0283388 -0.0101968 0.999941 0.00386042 0.0277216 0.0215214 -0.00364024 0.999762 -0.0258937 0.0 0.0 0.0 1.0
pumpkin/seq-08/color/frame-000168.color.png pumpkin/seq-08/color/frame-000170.color.png 0.999793 0.011104 -0.0170525 0.0311116 -0.0110434 0.999932 0.00364334 0.0343005 0.0170917 -0.00345436 0.999848 -0.0262899 0.0 0.0 0.0 1.0
pumpkin/seq-08/color/frame-000169.color.png pumpkin/seq-08/color/frame-000171.color.png 0.999855 0.00433589 -0.0164468 0.0288155 -0.00416564 0.999938 0.0103723 0.0156036 0.0164907 -0.0103023 0.999811 -0.0155596 0.0 0.0 0.0 1.0
pumpkin/seq-08/color/frame-000170.color.png pumpkin/seq-08/color/frame-000172.color.png 0.999783 0.00720154 -0.0195241 0.025295 -0.00707174 0.999952 0.00670963 0.024814 0.0195715 -0.00657007 0.999787 -0.014601 0.0 0.0 0.0 1.0
pumpkin/seq-08/color/frame-000171.color.png pumpkin/seq-08/color/frame-000173.color.png 0.999719 0.00384332 -0.0233888 0.024491 -0.00383351 0.999992 0.000462243 0.0366224 0.0233905 -0.000372423 0.999726 -0.0255261 0.0 0.0 0.0 1.0
pumpkin/seq-08/color/frame-000172.color.png pumpkin/seq-08/color/frame-000174.color.png 0.999709 -0.00105352 -0.0240924 0.0229743 0.00129427 0.999949 0.00997915 0.0127048 0.0240806 -0.0100074 0.99966 -0.0128211 0.0 0.0 0.0 1.0
pumpkin/seq-08/color/frame-000173.color.png pumpkin/seq-08/color/frame-000175.color.png 0.99972 0.00192585 -0.0235857 0.0231258 -0.0018374 0.999991 0.00377264 0.0159516 0.0235927 -0.00372826 0.999715 -0.0191668 0.0 0.0 0.0 1.0
