pumpkin/seq-08/color/frame-000000.color.png pumpkin/seq-08/color/frame-000003.color.png 0.999997 -0.00244593 0.000653361 -0.00868532 0.00244511 0.999996 0.001244 0.0100656 -0.000656401 -0.0012424 0.999999 5.04128e-05 0.0 0.0 0.0 1.0
pumpkin/seq-08/color/frame-000001.color.png pumpkin/seq-08/color/frame-000004.color.png 0.999999 0.000489602 0.00103806 -0.00417248 -0.000495747 0.999982 0.00592736 0.00449558 -0.00103514 -0.00592787 0.999982 0.00220476 0.0 0.0 0.0 1.0
pumpkin/seq-08/color/frame-000002.color.png pumpkin/seq-08/color/frame-000005.color.png 0.999998 -0.00132858 0.00126227 -0.00224578 0.00131919 0.999972 0.00741113 -0.00435443 -0.00127208 -0.00740945 0.999972 0.00548564 0.0 0.0 0.0 1.0
pumpkin/seq-08/color/frame-000003.color.png pumpkin/seq-08/color/frame-000006.color.png 0.999959 -0.0054309 0.00717706 -0.00582871 0.00544292 0.999984 -0.00165666 0.0102175 -0.00716794 0.00169566 0.999973 0.0031665 0.0 0.0 0.0 1.0
pumpkin/seq-08/color/frame-000004.color.png pumpkin/seq-08/color/frame-000007.color.png 0.999916 -0.00168301 0.0128536 -0.0149678 0.00171992 0.999994 -0.00286063 0.0266929 -0.0128488 0.0028825 0.999913 0.00137901 0.0 0.0 0.0 1.0
pumpkin/seq-08/color/frame-000005.color.png pumpkin/seq-08/color/frame-000008.color.png 0.999885 0.00450259 0.0144821 -0.0179496 -0.00465187 0.999936 0.0102908 0.0278287 -0.0144348 -0.010357 0.999842 0.00141044 0.0 0.0 0.0 1.0
pumpkin/seq-08/color/frame-000006.color.png pumpkin/seq-08/color/frame-000009.color.png 0.999835 0.0148137 0.0105401 -0.0125859 -0.0150882 0.999536 0.0264565 0.0159517 -0.0101433 -0.0266111 0.999594 0.00493937 0.0 0.0 0.0 1.0
pumpkin/seq-08/color/frame-000007.color.png pumpkin/seq-08/color/frame-000010.color.png 0.999842 0.0126086 0.0125412 -0.0145534 -0.0130551 0.99926 0.0361793 -0.00754454 -0.0120758 -0.0363373 0.999267 0.00942284 0.0 0.0 0.0 1.0
pumpkin/seq-08/color/frame-000008.color.png pumpkin/seq-08/color/frame-000011.color.png 0.999815 -0.00034304 0.0192497 -0.0190868 -0.000304171 0.999435 0.0336089 0.0055526 -0.0192503 -0.0336085 0.99925 0.0115122 0.0 0.0 0.0 1.0
pumpkin/seq-08/color/frame-000009.color.png pumpkin/seq-08/color/frame-000012.color.png 0.99967 -0.0101564 0.0235985 -0.0217505 0.00934796 0.999374 0.034119 0.00597433 -0.0239303 -0.0338872 0.999139 0.0115489 0.0 0.0 0.0 1.0
pumpkin/seq-08/color/frame-000010.color.png pumpkin/seq-08/color/frame-000013.color.png 0.999673 -0.0131184 0.0219529 -0.019879 0.0124108 0.999409 0.0320645 0.0232683 -0.0223605 -0.0317816 0.999245 0.00819153 0.0 0.0 0.0 1.0
pumpkin/seq-08/color/frame-000011.color.png pumpkin/seq-08/color/frame-000014.color.png 0.999651 0.000563899 0.0264137 -0.0351286 -0.00125272 0.999659 0.0260688 0.0287444 -0.02639 -0.0260928 0.999311 0.0103643 0.0 0.0 0.0 1.0
pumpkin/seq-08/color/frame-000012.color.png pumpkin/seq-08/color/frame-000015.color.png 0.999769 0.00569446 0.0207128 -0.0217095 -0.00651692 0.999184 0.0398598 -0.00573261 -0.0204689 -0.0399856 0.998991 0.0121613 0.0 0.0 0.0 1.0
pumpkin/seq-08/color/frame-000013.color.png pumpkin/seq-08/color/frame-000016.color.png 0.999669 0.00701664 0.0247607 -0.0311793 -0.00788792 0.999347 0.0352679 -0.00813233 -0.0244971 -0.0354516 0.999071 0.0111964 0.0 0.0 0.0 1.0
pumpkin/seq-08/color/frame-000014.color.png pumpkin/seq-08/color/frame-000017.color.png 0.999739 0.00352908 0.0225894 -0.0281015 -0.00423606 0.9995 0.031326 -0.0131751 -0.0224676 -0.0314135 0.999254 0.00841807 0.0 0.0 0.0 1.0
pumpkin/seq-08/color/frame-000015.color.png pumpkin/seq-08/color/frame-000018.color.png 0.99951 0.00661948 0.0305889 -0.05254 -0.00708429 0.999861 0.0151118 0.0148719 -0.0304846 -0.0153211 0.999418 0.00267174 0.0 0.0 0.0 1.0
pumpkin/seq-08/color/frame-000016.color.png pumpkin/seq-08/color/frame-000019.color.png 0.999781 0.0100266 0.0183971 -0.0338863 -0.0104311 0.999703 0.0220237 0.00368894 -0.0181708 -0.0222108 0.999588 0.00592177 0.0 0.0 0.0 1.0
pumpkin/seq-08/color/frame-000017.color.png pumpkin/seq-08/color/frame-000020.color.png 0.999845 0.0109026 0.0137968 -0.0373968 -0.0112716 0.999573 0.0269563 -0.00912274 -0.013497 -0.0271077 0.999541 0.0114637 0.0 0.0 0.0 1.0
pumpkin/seq-08/color/frame-000018.color.png pumpkin/seq-08/color/frame-000021.color.png 0.999906 0.0123903 0.00590777 -0.0354619 -0.0125278 0.999638 0.0238301 -0.00664337 -0.00561038 -0.0239019 0.999699 0.0137862 0.0 0.0 0.0 1.0
pumpkin/seq-08/color/frame-000019.color.png pumpkin/seq-08/color/frame-000022.color.png 0.999821 0.0161313 0.00993699 -0.0550578 -0.0162909 0.999736 0.0161954 0.00173162 -0.00967313 -0.0163543 0.999819 0.0211082 0.0 0.0 0.0 1.0
pumpkin/seq-08/color/frame-000020.color.png pumpkin/seq-08/color/frame-000023.color.png 0.999823 0.0187533 -0.00136603 -0.0406397 -0.0187251 0.999657 0.0183089 -0.00975784 0.0017089 -0.0182801 0.999831 0.0165325 0.0 0.0 0.0 1.0
pumpkin/seq-08/color/frame-000021.color.png pumpkin/seq-08/color/frame-000024.color.png 0.999721 0.0236172 -0.000965794 -0.050912 -0.0236101 0.999698 0.00679368 0.0115357 0.00112596 -0.00676901 0.999976 0.0221602 0.0 0.0 0.0 1.0
pumpkin/seq-08/color/frame-000022.color.png pumpkin/seq-08/color/frame-000025.color.png 0.999781 0.0184011 -0.00998052 -0.0420128 -0.0182221 0.999677 0.0177344 -0.00382486 0.0103036 -0.0175486 0.999793 0.0180544 0.0 0.0 0.0 1.0
pumpkin/seq-08/color/frame-000023.color.png pumpkin/seq-08/color/frame-000026.color.png 0.999759 0.0214958 -0.00451551 -0.0565339 -0.0214323 0.999677 0.0136782 0.00495916 0.00480809 -0.0135781 0.999896 0.0197196 0.0 0.0 0.0 1.0
pumpkin/seq-08/color/frame-000024.color.png pumpkin/seq-08/color/frame-000027.color.png 0.999866 0.0115289 -0.0116351 -0.0423665 -0.0112537 0.999662 0.0234421 -0.0187786 0.0119014 -0.023308 0.999657 0.0252173 0.0 0.0 0.0 1.0
pumpkin/seq-08/color/frame-000025.color.png pumpkin/seq-08/color/frame-000028.color.png 0.999885 0.0124963 -0.00856387 -0.0467876 -0.0124029 0.999864 0.0108722 -0.0129901 0.00869857 -0.0107648 0.999904 0.0282788 0.0 0.0 0.0 1.0
pumpkin/seq-08/color/frame-000026.color.png pumpkin/seq-08/color/frame-000029.color.png 0.999927 0.00469577 -0.0111408 -0.0376849 -0.00462807 0.999971 0.00609482 -0.0144652 0.0111691 -0.00604283 0.999919 0.0227517 0.0 0.0 0.0 1.0
pumpkin/seq-08/color/frame-000027.color.png pumpkin/seq-08/color/frame-000030.color.png 0.999897 0.0107253 -0.00957561 -0.0422449 -0.0107571 0.999937 -0.00328382 -0.00262044 0.00953979 0.00338645 0.999949 0.022291 0.0 0.0 0.0 1.0
pumpkin/seq-08/color/frame-000028.color.png pumpkin/seq-08/color/frame-000031.color.png 0.999933 0.00790984 -0.00848509 -0.046546 -0.00790098 0.999968 0.00107733 -0.00534905 0.00849332 -0.00101026 0.999963 0.0152089 0.0 0.0 0.0 1.0
pumpkin/seq-08/color/frame-000029.color.png pumpkin/seq-08/color/frame-000032.color.png 0.999828 0.0164197 -0.00861777 -0.0516827 -0.0164705 0.999847 -0.00585111 0.0151171 0.00852036 0.00599205 0.999946 0.0235005 0.0 0.0 0.0 1.0
pumpkin/seq-08/color/frame-000030.color.png pumpkin/seq-08/color/frame-000033.color.png 0.999788 0.0147271 -0.0143784 -0.0391087 -0.0146365 0.999872 0.00638798 -0.00556682 0.0144706 -0.00617618 0.999876 0.0218073 0.0 0.0 0.0 1.0
pumpkin/seq-08/color/frame-000031.color.png pumpkin/seq-08/color/frame-000034.color.png 0.999837 0.0157488 -0.00881569 -0.0478037 -0.0157022 0.999862 0.00532758 -0.0112813 0.00889839 -0.00518828 0.999947 0.019769 0.0 0.0 0.0 1.0
pumpkin/seq-08/color/frame-000032.color.png pumpkin/seq-08/color/frame-000035.color.png 0.999878 0.0140764 -0.00680054 -0.0480918 -0.0140642 0.999899 0.0018544 -0.00743483 0.00682595 -0.00175855 0.999975 0.0158143 0.0 0.0 0.0 1.0
pumpkin/seq-08/color/frame-000033.color.png pumpkin/seq-08/color/frame-000036.color.png 0.999965 0.00728534 -0.00413872 -0.0461085 -0.00730822 0.999958 -0.00553814 0.01111 0.00409819 0.00556822 0.999976 0.00847663 0.0 0.0 0.0 1.0
pumpkin/seq-08/color/frame-000034.color.png pumpkin/seq-08/color/frame-000037.color.png 0.999969 0.00340858 -0.00713631 -0.030778 -0.00340598 0.999994 0.000373467 0.0157925 0.00713755 -0.000349171 0.999974 0.00826509 0.0 0.0 0.0 1.0
pumpkin/seq-08/color/frame-000035.color.png pumpkin/seq-08/color/frame-000038.color.png 0.999986 -0.00131057 0.0050818 -0.0440961 0.00125348 0.999936 0.011222 -0.00122536 -0.00509619 -0.0112155 0.999924 0.00865901 0.0 0.0 0.0 1.0
pumpkin/seq-08/color/frame-000036.color.png pumpkin/seq-08/color/frame-000039.color.png 0.999822 0.00169321 0.0187825 -0.0647055 -0.00187111 0.999954 0.00945785 -0.00804669 -0.0187656 -0.00949134 0.999779 0.0118212 0.0 0.0 0.0 1.0
pumpkin/seq-08/color/frame-000037.color.png pumpkin/seq-08/color/frame-000040.color.png 0.99993 0.00378912 0.0111772 -0.0571457 -0.00375061 0.999987 -0.00346509 0.00142299 -0.0111902 0.00342296 0.999932 0.00514929 0.0 0.0 0.0 1.0
pumpkin/seq-08/color/frame-000038.color.png pumpkin/seq-08/color/frame-000041.color.png 0.999926 -0.000413085 0.0121195 -0.0567683 0.000460883 0.999992 -0.00394009 0.00505133 -0.0121178 0.0039454 0.999919 -0.00495861 0.0 0.0 0.0 1.0
pumpkin/seq-08/color/frame-000039.color.png pumpkin/seq-08/color/frame-000042.color.png 0.999897 -0.000159711 0.0143675 -0.0617289 0.00016737 1.0 -0.000530549 0.00953423 -0.0143674 0.000532925 0.999897 -0.00818358 0.0 0.0 0.0 1.0
pumpkin/seq-08/color/frame-000040.color.png pumpkin/seq-08/color/frame-000043.color.png 0.999903 -0.00788786 0.0114809 -0.0469401 0.00780884 0.999946 0.0069103 0.0037652 -0.0115347 -0.00681996 0.99991 -0.00713482 0.0 0.0 0.0 1.0
pumpkin/seq-08/color/frame-000041.color.png pumpkin/seq-08/color/frame-000044.color.png 0.999907 -0.00304642 0.0132715 -0.0531576 0.00291745 0.999948 0.00972585 -0.00427952 -0.0133004 -0.00968625 0.999865 -0.00445406 0.0 0.0 0.0 1.0
pumpkin/seq-08/color/frame-000042.color.png pumpkin/seq-08/color/frame-000045.color.png 0.999987 0.000783182 0.00511404 -0.0441494 -0.000800874 0.999994 0.00345926 0.00437474 -0.00511128 -0.00346329 0.999981 0.00166801 0.0 0.0 0.0 1.0
pumpkin/seq-08/color/frame-000043.color.png pumpkin/seq-08/color/frame-000046.color.png 0.999951 0.000957219 0.00987532 -0.0671281 -0.000982776 0.999996 0.00258331 0.0106894 -0.0098728 -0.00259289 0.999948 -1.5676e-05 0.0 0.0 0.0 1.0
pumpkin/seq-08/color/frame-000044.color.png pumpkin/seq-08/color/frame-000047.color.png 0.999934 -0.00436921 -0.0106436 -0.0364513 0.00446278 0.999951 0.00878222 0.00103524 0.0106048 -0.00882918 0.999905 0.0101909 0.0 0.0 0.0 1.0
pumpkin/seq-08/color/frame-000045.color.png pumpkin/seq-08/color/frame-000048.color.png 0.999944 -0.00390051 -0.0098327 -0.0417452 0.00401196 0.999928 0.0113426 -0.00751331 0.00978775 -0.0113814 0.999887 0.0111795 0.0 0.0 0.0 1.0
pumpkin/seq-08/color/frame-000046.color.png pumpkin/seq-08/color/frame-000049.color.png 0.999816 -0.00327809 -0.0188829 -0.0266201 0.00341823 0.999967 0.00739368 -0.00950592 0.0188581 -0.00745685 0.999794 0.0145536 0.0 0.0 0.0 1.0
pumpkin/seq-08/color/frame-000047.color.png pumpkin/seq-08/color/frame-000050.color.png 0.999847 -0.00123484 -0.0174381 -0.0293396 0.00133685 0.999982 0.00583908 -0.0127017 0.0174305 -0.00586148 0.999831 0.00291193 0.0 0.0 0.0 1.0
pumpkin/seq-08/color/frame-000048.color.png pumpkin/seq-08/color/frame-000051.color.png 0.999901 -0.000902988 -0.0140538 -0.049379 0.000842965 0.99999 -0.00427782 0.00360661 0.0140576 0.00426558 0.999892 -0.00913703 0.0 0.0 0.0 1.0
pumpkin/seq-08/color/frame-000049.color.png pumpkin/seq-08/color/frame-000052.color.png 0.999782 -0.00180317 -0.0208148 -0.0326465 0.00200909 0.999949 0.00987668 -0.0120737 0.020796 -0.00991638 0.999735 -0.0102493 0.0 0.0 0.0 1.0
pumpkin/seq-08/color/frame-000050.color.png pumpkin/seq-08/color/frame-000053.color.png 0.999898 0.000741768 -0.0142635 -0.0447167 -0.000597362 0.999949 0.0101251 -0.0087045 0.0142703 -0.0101155 0.999847 -0.0068956 0.0 0.0 0.0 1.0
pumpkin/seq-08/color/frame-000051.color.png pumpkin/seq-08/color/frame-000054.color.png 0.999691 -0.0012394 -0.0248271 -0.00508469 0.00174338 0.999793 0.0202893 -0.0173205 0.0247968 -0.0203263 0.999486 -0.000676632 0.0 0.0 0.0 1.0
pumpkin/seq-08/color/frame-000052.color.png pumpkin/seq-08/color/frame-000055.color.png 0.999909 0.0110829 -0.00768019 -0.0308795 -0.0109438 0.999779 0.0179334 -0.026378 0.00787725 -0.0178477 0.99981 0.00206393 0.0 0.0 0.0 1.0
pumpkin/seq-08/color/frame-000053.color.png pumpkin/seq-08/color/frame-000056.color.png 0.999876 0.0118521 -0.0103843 -0.0443165 -0.0117805 0.999907 0.00692597 -0.0217928 0.0104654 -0.00680274 0.999922 -0.0188929 0.0 0.0 0.0 1.0
pumpkin/seq-08/color/frame-000054.color.png pumpkin/seq-08/color/frame-000057.color.png 0.99984 0.011198 -0.0139617 -0.0420573 -0.0109827 0.999821 0.0153988 -0.0374501 0.0141316 -0.0152431 0.999784 -0.0209178 0.0 0.0 0.0 1.0
pumpkin/seq-08/color/frame-000055.color.png pumpkin/seq-08/color/frame-000058.color.png 0.999808 0.0143263 -0.0133655 -0.0409908 -0.0142088 0.99986 0.00883976 -0.0315004 0.0134903 -0.00864816 0.999872 -0.016652 0.0 0.0 0.0 1.0
pumpkin/seq-08/color/frame-000056.color.png pumpkin/seq-08/color/frame-000059.color.png 0.999733 0.0228347 -0.00344914 -0.05418 -0.0228419 0.999737 -0.00205468 -0.0467294 0.00340132 0.00213295 0.999992 -0.0202733 0.0 0.0 0.0 1.0
pumpkin/seq-08/color/frame-000057.color.png pumpkin/seq-08/color/frame-000060.color.png 0.999861 0.0163843 -0.00309989 -0.0511099 -0.0164072 0.999837 -0.00751531 -0.0575264 0.00297626 0.00756515 0.999967 -0.0161829 0.0 0.0 0.0 1.0
pumpkin/seq-08/color/frame-000058.color.png pumpkin/seq-08/color/frame-000061.color.png 0.998857 0.0177768 -0.0443649 0.0339102 -0.0228574 0.992895 -0.116776 0.142163 0.0419738 0.117657 0.992167 -0.054189 0.0 0.0 0.0 1.0
pumpkin/seq-08/color/frame-000059.color.png pumpkin/seq-08/color/frame-000062.color.png 0.999801 -0.0186999 0.00696311 -0.0604779 0.0189167 0.999293 -0.0324892 -0.0276188 -0.00635065 0.0326144 0.999448 -0.0397251 0.0 0.0 0.0 1.0
pumpkin/seq-08/color/frame-000060.color.png pumpkin/seq-08/color/frame-000063.color.png 0.999777 -0.0203159 0.00573525 -0.0505978 0.0205637 0.998679 -0.0470938 -0.00430558 -0.00477093 0.0472012 0.998874 -0.0394691 0.0 0.0 0.0 1.0
pumpkin/seq-08/color/frame-000061.color.png pumpkin/seq-08/color/frame-000064.color.png 0.999303 -0.0372124 -0.00308019 -0.0325387 0.0370869 0.998738 -0.0338849 -0.0077343 0.00433724 0.0337471 0.999421 -0.0686865 0.0 0.0 0.0 1.0
pumpkin/seq-08/color/frame-000062.color.png pumpkin/seq-08/color/frame-000065.color.png 0.999706 -0.0242131 0.000948219 -0.0380498 0.0242312 0.999178 -0.0325094 0.00187182 -0.00016029 0.0325228 0.999471 -0.0374907 0.0 0.0 0.0 1.0
pumpkin/seq-08/color/frame-000063.color.png pumpkin/seq-08/color/frame-000066.color.png 0.999264 -0.0367544 -0.0109459 -0.0351802 0.0362889 0.998538 -0.0400624 0.00511806 0.0124024 0.0396358 0.999137 -0.0468549 0.0 0.0 0.0 1.0
pumpkin/seq-08/color/frame-000064.color.png pumpkin/seq-08/color/frame-000067.color.png 0.99973 -0.0224356 -0.00611603 -0.0403293 0.0222771 0.999443 -0.0248504 -0.0167575 0.00667015 0.0247075 0.999672 -0.030235 0.0 0.0 0.0 1.0
pumpkin/seq-08/color/frame-000065.color.png pumpkin/seq-08/color/frame-000068.color.png 0.999447 -0.0156273 -0.0293539 -0.00211835 0.0142588 0.998827 -0.0462623 -0.00637645 0.0300424 0.0458183 0.998498 -0.00748293 0.0 0.0 0.0 1.0
pumpkin/seq-08/color/frame-000066.color.png pumpkin/seq-08/color/frame-000069.color.png 0.999601 0.00396773 -0.027964 0.0207933 -0.00499887 0.999306 -0.0369011 -0.0228338 0.0277982 0.0370262 0.998927 0.00432024 0.0 0.0 0.0 1.0
pumpkin/seq-08/color/frame-000067.color.png pumpkin/seq-08/color/frame-000070.color.png 0.999136 0.0198582 0.0365228 -0.141332 -0.0176997 0.998131 -0.0585004 -0.0101789 -0.0376162 0.0578033 0.997619 -0.0707845 0.0 0.0 0.0 1.0
pumpkin/seq-08/color/frame-000068.color.png pumpkin/seq-08/color/frame-000071.color.png 0.99995 -0.00619638 -0.00790115 -0.038205 0.00591379 0.999359 -0.0353031 -0.0304084 0.00811484 0.0352545 0.999345 -0.0209969 0.0 0.0 0.0 1.0
pumpkin/seq-08/color/frame-000069.color.png pumpkin/seq-08/color/frame-000072.color.png 0.999768 -0.0211777 -0.00400239 -0.0425433 0.021032 0.999218 -0.0334876 -0.0160915 0.00470844 0.0333956 0.999431 -0.0252225 0.0 0.0 0.0 1.0
pumpkin/seq-08/color/frame-000070.color.png pumpkin/seq-08/color/frame-000073.color.png 0.999193 -0.0381312 -0.0126345 -0.0227055 0.0378229 0.999001 -0.0237977 0.0121133 0.0135293 0.0233006 0.999637 -0.0159685 0.0 0.0 0.0 1.0
pumpkin/seq-08/color/frame-000071.color.png pumpkin/seq-08/color/frame-000074.color.png 0.999244 -0.0388126 0.00242683 -0.0245383 0.0388472 0.999111 -0.0163702 0.00375237 -0.0017893 0.0164521 0.999863 -0.0244109 0.0 0.0 0.0 1.0
pumpkin/seq-08/color/frame-000072.color.png pumpkin/seq-08/color/frame-000075.color.png 0.999146 -0.0393821 0.0124705 -0.0370041 0.0393626 0.999223 0.00180147 -0.0317138 -0.0125318 -0.00130906 0.999921 -0.0266771 0.0 0.0 0.0 1.0
pumpkin/seq-08/color/frame-000073.color.png pumpkin/seq-08/color/frame-000076.color.png 0.999401 -0.0326182 0.0116059 -0.00529712 0.0328393 0.999272 -0.0193959 -0.0249811 -0.0109648 0.0197654 0.999745 -0.0399304 0.0 0.0 0.0 1.0
pumpkin/seq-08/color/frame-000074.color.png pumpkin/seq-08/color/frame-000077.color.png 0.998011 -0.0122477 0.0618342 -0.0549729 0.0125948 0.999907 -0.00522726 -0.0725871 -0.0617644 0.00599565 0.998073 -0.046103 0.0 0.0 0.0 1.0
pumpkin/seq-08/color/frame-000075.color.png pumpkin/seq-08/color/frame-000078.color.png 0.998869 -0.00352844 0.0474101 -0.0105041 0.0044474 0.999804 -0.0192918 -0.042689 -0.0473327 0.0194809 0.998689 -0.0489055 0.0 0.0 0.0 1.0
pumpkin/seq-08/color/frame-000076.color.png pumpkin/seq-08/color/frame-000079.color.png 0.998054 -0.00599588 0.0620731 -0.0208105 0.00620044 0.999976 -0.00310345 -0.0757274 -0.062053 0.00348228 0.998067 -0.0727327 0.0 0.0 0.0 1.0
pumpkin/seq-08/color/frame-000077.color.png pumpkin/seq-08/color/frame-000080.color.png 0.99762 -7.79698e-05 0.0689489 -0.0436472 0.000783598 0.999948 -0.0102071 -0.0844505 -0.0689445 0.0102368 0.997568 -0.0839313 0.0 0.0 0.0 1.0
pumpkin/seq-08/color/frame-000078.color.png pumpkin/seq-08/color/frame-000081.color.png 0.997052 -0.00654541 0.0764503 -0.0625112 0.00703131 0.999957 -0.00608835 -0.0864235 -0.0764071 0.00660795 0.997055 -0.0929435 0.0 0.0 0.0 1.0
pumpkin/seq-08/color/frame-000079.color.png pumpkin/seq-08/color/frame-000082.color.png 0.996159 -0.0253534 0.0838069 -0.0743207 0.0244243 0.999629 0.0120938 -0.124751 -0.0840824 -0.0100004 0.996409 -0.060105 0.0 0.0 0.0 1.0
pumpkin/seq-08/color/frame-000080.color.png pumpkin/seq-08/color/frame-000083.color.png 0.999148 -0.00610095 0.0408282 -0.0212831 0.00743355 0.999442 -0.0325674 -0.0275263 -0.0406067 0.0328431 0.998635 -0.0338413 0.0 0.0 0.0 1.0
pumpkin/seq-08/color/frame-000081.color.png pumpkin/seq-08/color/frame-000084.color.png 0.998284 0.00983814 0.0577283 -0.0357528 -0.00789903 0.9994 -0.0337229 -0.0803943 -0.0580254 0.033209 0.997763 -0.0579128 0.0 0.0 0.0 1.0
pumpkin/seq-08/color/frame-000082.color.png pumpkin/seq-08/color/frame-000085.color.png 0.999018 0.025508 0.0362237 0.0626256 -0.0251961 0.999642 -0.0090408 -0.156408 -0.0364413 0.00811922 0.999303 -0.0668892 0.0 0.0 0.0 1.0
pumpkin/seq-08/color/frame-000083.color.png pumpkin/seq-08/color/frame-000086.color.png 0.99787 0.0341683 0.0555772 0.0200291 -0.0334024 0.999335 -0.0146515 -0.113727 -0.0560408 0.0127639 0.998347 -0.0773904 0.0 0.0 0.0 1.0
pumpkin/seq-08/color/frame-000084.color.png pumpkin/seq-08/color/frame-000087.color.png 0.998901 0.0241972 0.0401404 -0.00277352 -0.0235301 0.999578 -0.0170091 -0.059249 -0.0405351 0.0160459 0.999049 -0.0402299 0.0 0.0 0.0 1.0
pumpkin/seq-08/color/frame-000085.color.png pumpkin/seq-08/color/frame-000088.color.png 0.999981 0.00542894 0.00289457 0.00439984 -0.0054541 0.999947 0.00875577 -0.0565266 -0.00284689 -0.00877139 0.999957 0.000340089 0.0 0.0 0.0 1.0
pumpkin/seq-08/color/frame-000086.color.png pumpkin/seq-08/color/frame-000089.color.png 0.99986 0.0154043 0.0064877 0.00394034 -0.0154236 0.999877 0.002944 -0.0606963 -0.00644154 -0.00304366 0.999975 -0.0218963 0.0 0.0 0.0 1.0
pumpkin/seq-08/color/frame-000087.color.png pumpkin/seq-08/color/frame-000090.color.png 0.999815 0.0094631 0.0167556 0.00222778 -0.00962795 0.999906 0.00978537 -0.0570092 -0.0166613 -0.00994489 0.999812 -0.0344141 0.0 0.0 0.0 1.0
pumpkin/seq-08/color/frame-000088.color.png pumpkin/seq-08/color/frame-000091.color.png 0.999915 0.00697756 0.0109804 -0.00792122 -0.00701135 0.999971 0.00304138 -0.0150521 -0.0109588 -0.00311811 0.999935 -0.0295465 0.0 0.0 0.0 1.0
pumpkin/seq-08/color/frame-000089.color.png pumpkin/seq-08/color/frame-000092.color.png 0.999925 -0.00660892 -0.0102987 0.00439548 0.00683832 0.999726 0.0224004 -0.0274077 0.0101478 -0.0224692 0.999696 -0.00807129 0.0 0.0 0.0 1.0
pumpkin/seq-08/color/frame-000090.color.png pumpkin/seq-08/color/frame-000093.color.png 0.999916 -0.00834781 -0.00987234 0.0216504 0.00848036 0.999873 0.0134624 -0.0290059 0.00975864 -0.013545 0.999861 0.000443041 0.0 0.0 0.0 1.0
pumpkin/seq-08/color/frame-000091.color.png pumpkin/seq-08/color/frame-000094.color.png 0.999896 -0.0114344 0.00874167 0.00689816 0.0114211 0.999934 0.00157171 -0.0297403 -0.00875908 -0.0014717 0.999961 0.00050199 0.0 0.0 0.0 1.0
pumpkin/seq-08/color/frame-000092.color.png pumpkin/seq-08/color/frame-000095.color.png 0.999656 -0.0261153 0.00257552 0.000994563 0.0261203 0.999657 -0.00193102 -0.0294538 -0.0025242 0.00199763 0.999995 -0.00922473 0.0 0.0 0.0 1.0
pumpkin/seq-08/color/frame-000093.color.png pumpkin/seq-08/color/frame-000096.color.png 0.999617 -0.0263573 -0.00839672 0.0178841 0.0264059 0.999635 0.00572774 -0.0357494 0.00824271 -0.00594727 0.999948 0.00124361 0.0 0.0 0.0 1.0
pumpkin/seq-08/color/frame-000094.color.png pumpkin/seq-08/color/frame-000097.color.png 0.999253 -0.0384154 -0.00420769 0.0200474 0.0385311 0.99874 0.0321662 -0.0993527 0.0029667 -0.0323043 0.999474 0.00530232 0.0 0.0 0.0 1.0
pumpkin/seq-08/color/frame-000095.color.png pumpkin/seq-08/color/frame-000098.color.png 0.999557 -0.0288786 0.00720986 0.0320558 0.0290042 0.999418 -0.0179655 -0.0081389 -0.00668681 0.0181667 0.999813 0.00287364 0.0 0.0 0.0 1.0
pumpkin/seq-08/color/frame-000096.color.png pumpkin/seq-08/color/frame-000099.color.png 0.999424 -0.0204371 0.0270856 0.0652912 0.022221 0.997486 -0.0672855 0.080943 -0.0256424 0.0678487 0.997366 -0.00819884 0.0 0.0 0.0 1.0
pumpkin/seq-08/color/frame-000097.color.png pumpkin/seq-08/color/frame-000100.color.png 0.998974 -0.0268737 0.0364635 0.06222 0.0277907 0.999304 -0.0248783 0.00619692 -0.0357696 0.0258661 0.999025 -0.0411302 0.0 0.0 0.0 1.0
pumpkin/seq-08/color/frame-000098.color.png pumpkin/seq-08/color/frame-000101.color.png 0.994331 -0.0431789 0.0971675 -0.135866 0.0449031 0.998869 -0.0156277 0.0153199 -0.0963828 0.0199022 0.995145 -0.251092 0.0 0.0 0.0 1.0
pumpkin/seq-08/color/frame-000099.color.png pumpkin/seq-08/color/frame-000102.color.png 0.996801 -0.0379701 0.0703329 0.0289087 0.0395858 0.99898 -0.0217211 0.0139582 -0.0694363 0.0244358 0.997287 -0.04822 0.0 0.0 0.0 1.0
pumpkin/seq-08/color/frame-000100.color.png pumpkin/seq-08/color/frame-000103.color.png 0.996838 -0.0396565 0.0688631 0.0778801 0.040967 0.999003 -0.0177241 -0.00463128 -0.0680915 0.0204892 0.997469 -0.0598703 0.0 0.0 0.0 1.0
pumpkin/seq-08/color/frame-000101.color.png pumpkin/seq-08/color/frame-000104.color.png 0.99743 -0.0145255 0.0701651 0.00611305 0.0174524 0.998995 -0.0412824 0.0452116 -0.0694951 0.0424008 0.996681 -0.0420991 0.0 0.0 0.0 1.0
pumpkin/seq-08/color/frame-000102.color.png pumpkin/seq-08/color/frame-000105.color.png 0.999213 -0.0344273 0.0196873 0.0764548 0.034436 0.999407 -0.000104196 -0.024453 -0.0196721 0.000782057 0.999806 -0.053226 0.0 0.0 0.0 1.0
pumpkin/seq-08/color/frame-000103.color.png pumpkin/seq-08/color/frame-000106.color.png 0.999503 -0.025317 0.0187623 0.0626388 0.0254086 0.999666 -0.00465985 -0.00415677 -0.018638 0.00513426 0.999813 -0.0232679 0.0 0.0 0.0 1.0
pumpkin/seq-08/color/frame-000104.color.png pumpkin/seq-08/color/frame-000107.color.png 0.999144 -0.0157647 0.0382494 0.0529971 0.0159688 0.99986 -0.00503804 0.00759727 -0.0381646 0.00564452 0.999255 -0.0354954 0.0 0.0 0.0 1.0
pumpkin/seq-08/color/frame-000105.color.png pumpkin/seq-08/color/frame-000108.color.png 0.999419 -0.0175441 0.02922 0.0689045 0.0172116 0.999785 0.0115918 -0.0270779 -0.0294171 -0.0110821 0.999506 -0.0447607 0.0 0.0 0.0 1.0
pumpkin/seq-08/color/frame-000106.color.png pumpkin/seq-08/color/frame-000109.color.png 0.999261 -0.0165473 0.0347033 0.0376601 0.0167059 0.999851 -0.00428581 0.0151187 -0.0346273 0.0048624 0.999388 -0.0138607 0.0 0.0 0.0 1.0
pumpkin/seq-08/color/frame-000107.color.png pumpkin/seq-08/color/frame-000110.color.png 0.999497 -0.0238639 0.0208728 0.0473322 0.0239861 0.999696 -0.00562672 0.0235308 -0.0207322 0.00612455 0.999766 -0.0147194 0.0 0.0 0.0 1.0
pumpkin/seq-08/color/frame-000108.color.png pumpkin/seq-08/color/frame-000111.color.png 0.999681 -0.0226993 0.0110401 0.0511974 0.0226277 0.999722 0.00656496 0.00841254 -0.011186 -0.00631306 0.999918 -0.0185856 0.0 0.0 0.0 1.0
pumpkin/seq-08/color/frame-000109.color.png pumpkin/seq-08/color/frame-000112.color.png 0.999901 -0.013741 0.00301753 0.0604788 0.0137273 0.999896 0.00452531 0.0173393 -0.00307939 -0.00448345 0.999985 -0.0194412 0.0 0.0 0.0 1.0
pumpkin/seq-08/color/frame-000110.color.png pumpkin/seq-08/color/frame-000113.color.png 0.999314 -0.0277183 0.0245692 0.0542118 0.0273962 0.999536 0.0133521 0.0109083 -0.0249278 -0.0126698 0.999609 -0.04127 0.0 0.0 0.0 1.0
pumpkin/seq-08/color/frame-000111.color.png pumpkin/seq-08/color/frame-000114.color.png 0.998439 -0.0314515 0.0461641 0.0102162 0.030938 0.999452 0.011795 0.0150028 -0.0465098 -0.0103483 0.998864 -0.0251477 0.0 0.0 0.0 1.0
pumpkin/seq-08/color/frame-000112.color.png pumpkin/seq-08/color/frame-000115.color.png 0.998951 -0.0398343 0.0226018 0.0568985 0.0395122 0.999114 0.0145195 0.0116076 -0.0231602 -0.0136112 0.999639 -0.0281796 0.0 0.0 0.0 1.0
pumpkin/seq-08/color/frame-000113.color.png pumpkin/seq-08/color/frame-000116.color.png 0.999085 -0.0298607 0.0306208 0.0149332 0.029399 0.999449 0.0154169 0.0164683 -0.0310644 -0.0145025 0.999412 -0.0350802 0.0 0.0 0.0 1.0
pumpkin/seq-08/color/frame-000114.color.png pumpkin/seq-08/color/frame-000117.color.png 0.999345 -0.028037 0.022868 0.0328923 0.0277616 0.999539 0.0122694 0.015959 -0.0232014 -0.0116266 0.999663 -0.0169778 0.0 0.0 0.0 1.0
pumpkin/seq-08/color/frame-000115.color.png pumpkin/seq-08/color/frame-000118.color.png 0.998898 -0.0360908 0.0300027 0.039241 0.0358065 0.999309 0.00995735 0.0168901 -0.0303413 -0.0088721 0.9995 -0.0136701 0.0 0.0 0.0 1.0
pumpkin/seq-08/color/frame-000116.color.png pumpkin/seq-08/color/frame-000119.color.png 0.998945 -0.0352849 0.0293906 0.0511263 0.0352807 0.999377 0.000659591 0.0220698 -0.0293956 0.000378029 0.999568 -0.0173132 0.0 0.0 0.0 1.0
pumpkin/seq-08/color/frame-000117.color.png pumpkin/seq-08/color/frame-000120.color.png 0.999072 -0.0264333 0.0340187 0.0441193 0.0266215 0.999633 -0.00509032 0.0334829 -0.0338717 0.00599121 0.999408 -0.0106375 0.0 0.0 0.0 1.0
pumpkin/seq-08/color/frame-000118.color.png pumpkin/seq-08/color/frame-000121.color.png 0.999359 -0.0160256 0.0320182 0.0298078 0.0157764 0.999843 0.00802132 0.0132363 -0.0321417 -0.00751105 0.999455 -0.0128987 0.0 0.0 0.0 1.0
pumpkin/seq-08/color/frame-000119.color.png pumpkin/seq-08/color/frame-000122.color.png 0.99942 -0.0197241 0.0277526 0.032499 0.0195932 0.999795 0.00498234 0.0349724 -0.0278452 -0.00443571 0.999602 -0.0263159 0.0 0.0 0.0 1.0
pumpkin/seq-08/color/frame-000120.color.png pumpkin/seq-08/color/frame-000123.color.png 0.999016 -0.0385185 -0.0219729 0.138378 0.0393349 0.998502 0.0380206 -0.0187507 0.0204755 -0.0388475 0.999035 -0.00794633 0.0 0.0 0.0 1.0
pumpkin/seq-08/color/frame-000121.color.png pumpkin/seq-08/color/frame-000124.color.png 0.999474 -0.0209928 0.0247148 0.0392476 0.0206944 0.999711 0.0122691 0.0267631 -0.0249653 -0.0117512 0.999619 -0.000786781 0.0 0.0 0.0 1.0
pumpkin/seq-08/color/frame-000122.color.png pumpkin/seq-08/color/frame-000125.color.png 0.998341 -0.0154902 -0.0554558 0.247281 0.0161003 0.999815 0.0105731 0.023574 0.0552817 -0.0114484 0.998405 0.0374693 0.0 0.0 0.0 1.0
pumpkin/seq-08/color/frame-000123.color.png pumpkin/seq-08/color/frame-000126.color.png 0.999886 -0.0082237 0.0126752 0.037557 0.0080728 0.999896 0.0119116 0.0140296 -0.0127718 -0.0118079 0.999849 -0.00378108 0.0 0.0 0.0 1.0
pumpkin/seq-08/color/frame-000124.color.png pumpkin/seq-08/color/frame-000127.color.png 0.999772 -0.0212824 0.00159998 0.0515586 0.0212329 0.999426 0.0263926 0.00198305 -0.0021608 -0.0263526 0.99965 -0.015786 0.0 0.0 0.0 1.0
pumpkin/seq-08/color/frame-000125.color.png pumpkin/seq-08/color/frame-000128.color.png 0.99961 -0.0254955 0.0113707 0.0240238 0.0252261 0.999411 0.0232466 0.0199544 -0.0119568 -0.0229507 0.999665 0.00139102 0.0 0.0 0.0 1.0
pumpkin/seq-08/color/frame-000126.color.png pumpkin/seq-08/color/frame-000129.color.png 0.999444 -0.0252819 0.0217442 0.0410585 0.0246902 0.999329 0.0270592 0.0302616 -0.0224138 -0.0265073 0.999397 0.0126736 0.0 0.0 0.0 1.0
pumpkin/seq-08/color/frame-000127.color.png pumpkin/seq-08/color/frame-000130.color.png 0.999239 -0.0300187 0.0248903 0.0523449 0.0293665 0.999226 0.0261646 0.0250506 -0.0256565 -0.0254137 0.999348 0.00641935 0.0 0.0 0.0 1.0
pumpkin/seq-08/color/frame-000128.color.png pumpkin/seq-08/color/frame-000131.color.png 0.999269 -0.0283863 0.0256065 0.0607605 0.0279167 0.999439 0.0185138 0.0367746 -0.0261177 -0.0177855 0.999501 0.00368029 0.0 0.0 0.0 1.0
pumpkin/seq-08/color/frame-000129.color.png pumpkin/seq-08/color/frame-000132.color.png 0.999492 -0.0292874 0.0125565 0.0392094 0.0292103 0.999554 0.00627747 0.0192418 -0.0127347 -0.0059075 0.999901 0.0141024 0.0 0.0 0.0 1.0
pumpkin/seq-08/color/frame-000130.color.png pumpkin/seq-08/color/frame-000133.color.png 0.999748 -0.0190672 0.0118844 0.0171055 0.0191784 0.999773 -0.0093222 0.035151 -0.0117038 0.00954778 0.999886 0.0341748 0.0 0.0 0.0 1.0
pumpkin/seq-08/color/frame-000131.color.png pumpkin/seq-08/color/frame-000134.color.png 0.999079 -0.0255576 -0.0344662 0.118624 0.0252403 0.999635 -0.00960728 0.0216441 0.0346992 0.00872847 0.99936 0.0315239 0.0 0.0 0.0 1.0
pumpkin/seq-08/color/frame-000132.color.png pumpkin/seq-08/color/frame-000135.color.png 0.99986 -0.0166301 -0.00202028 0.0426634 0.0165994 0.999759 -0.0143502 0.0384007 0.00225842 0.0143146 0.999895 0.0172138 0.0 0.0 0.0 1.0
pumpkin/seq-08/color/frame-000133.color.png pumpkin/seq-08/color/frame-000136.color.png 0.999859 -0.0165255 0.00281919 0.0581919 0.0164992 0.999822 0.00913079 -0.00198644 -0.00296962 -0.00908304 0.999954 0.00161052 0.0 0.0 0.0 1.0
pumpkin/seq-08/color/frame-000134.color.png pumpkin/seq-08/color/frame-000137.color.png 0.999801 -0.00324711 0.0196587 0.057533 0.00309315 0.999964 0.00785934 0.0118342 -0.0196836 -0.00779696 0.999776 0.00974762 0.0 0.0 0.0 1.0
pumpkin/seq-08/color/frame-000135.color.png pumpkin/seq-08/color/frame-000138.color.png 0.999915 2.69683e-07 0.0130189 0.0612749 -9.80852e-05 0.999972 0.00750754 0.00765067 -0.0130185 -0.00750813 0.999887 0.000394955 0.0 0.0 0.0 1.0
pumpkin/seq-08/color/frame-000136.color.png pumpkin/seq-08/color/frame-000139.color.png 0.999971 -0.00573593 -0.00493476 0.0840561 0.0057006 0.999958 -0.00715663 0.0301743 0.00497555 0.00712828 0.999962 -0.00359449 0.0 0.0 0.0 1.0
pumpkin/seq-08/color/frame-000137.color.png pumpkin/seq-08/color/frame-000140.color.png 0.999741 -0.0191747 0.0122901 0.0239856 0.0192273 0.999806 -0.00418231 0.0100002 -0.0122075 0.00441753 0.999916 0.0182936 0.0 0.0 0.0 1.0
pumpkin/seq-08/color/frame-000138.color.png pumpkin/seq-08/color/frame-000141.color.png 0.999752 -0.0221689 -0.00232676 0.0387389 0.0221527 0.999732 -0.00677943 0.0158525 0.00247649 0.00672618 0.999974 0.0210199 0.0 0.0 0.0 1.0
pumpkin/seq-08/color/frame-000139.color.png pumpkin/seq-08/color/frame-000142.color.png 0.999873 -0.0154507 -0.00402676 0.0346374 0.0154432 0.999879 -0.00188686 0.0148385 0.00405552 0.00182449 0.99999 0.0135882 0.0 0.0 0.0 1.0
pumpkin/seq-08/color/frame-000140.color.png pumpkin/seq-08/color/frame-000143.color.png 0.999573 -0.00931866 -0.0277147 0.111261 0.00947405 0.99994 0.00547884 0.0115146 0.0276619 -0.00573905 0.999601 0.0322734 0.0 0.0 0.0 1.0
pumpkin/seq-08/color/frame-000141.color.png pumpkin/seq-08/color/frame-000144.color.png 0.999903 0.00502385 0.0130215 0.0277417 -0.00525445 0.999829 0.0177344 0.00747371 -0.0129303 -0.0178011 0.999758 0.00111658 0.0 0.0 0.0 1.0
pumpkin/seq-08/color/frame-000142.color.png pumpkin/seq-08/color/frame-000145.color.png 0.999733 0.0126743 0.0193049 0.0432374 -0.0131088 0.99966 0.0225439 0.0138069 -0.0190128 -0.0227909 0.999559 0.00187045 0.0 0.0 0.0 1.0
pumpkin/seq-08/color/frame-000143.color.png pumpkin/seq-08/color/frame-000146.color.png 0.999702 0.0159259 0.0184925 0.049669 -0.0162262 0.999737 0.016203 0.0280386 -0.0182296 -0.0164982 0.999698 0.00203896 0.0 0.0 0.0 1.0
pumpkin/seq-08/color/frame-000144.color.png pumpkin/seq-08/color/frame-000147.color.png 0.999883 0.010649 0.0109823 0.0512629 -0.0107789 0.999872 0.01185 0.0263668 -0.0108546 -0.011967 0.99987 0.00306663 0.0 0.0 0.0 1.0
pumpkin/seq-08/color/frame-000145.color.png pumpkin/seq-08/color/frame-000148.color.png 0.999926 0.00968797 0.00730054 0.0388983 -0.00975086 0.999915 0.00863621 0.0256186 -0.0072161 -0.00870676 0.999936 -0.00168478 0.0 0.0 0.0 1.0
pumpkin/seq-08/color/frame-000146.color.png pumpkin/seq-08/color/frame-000149.color.png 0.999596 0.0241928 0.014942 0.0559844 -0.0245691 0.999372 0.0255341 0.022095 -0.0143148 -0.0258909 0.999562 -0.00349535 0.0 0.0 0.0 1.0
pumpkin/seq-08/color/frame-000147.color.png pumpkin/seq-08/color/frame-000150.color.png 0.99934 0.0335761 0.0138827 0.0656038 -0.0339038 0.999135 0.024081 0.0269236 -0.0130622 -0.0245357 0.999614 -0.00135865 0.0 0.0 0.0 1.0
pumpkin/seq-08/color/frame-000148.color.png pumpkin/seq-08/color/frame-000151.color.png 0.999581 0.0267511 0.0110627 0.055831 -0.0268076 0.999628 0.00498659 0.0525337 -0.0109253 -0.00528105 0.999926 -0.00432526 0.0 0.0 0.0 1.0
pumpkin/seq-08/color/frame-000149.color.png pumpkin/seq-08/color/frame-000152.color.png 0.999989 0.00451643 -0.000888534 0.0289507 -0.00452078 0.999977 -0.00503307 0.0257345 0.000865807 0.00503703 0.999987 0.003408 0.0 0.0 0.0 1.0
pumpkin/seq-08/color/frame-000150.color.png pumpkin/seq-08/color/frame-000153.color.png 0.999756 -0.00530135 -0.0214369 0.0453133 0.0051812 0.99997 -0.00565683 0.0181141 0.0214663 0.00554435 0.999754 -0.029976 0.0 0.0 0.0 1.0
pumpkin/seq-08/color/frame-000151.color.png pumpkin/seq-08/color/frame-000154.color.png 0.999858 0.00553215 -0.0159098 0.0462564 -0.00555521 0.999984 -0.00140521 0.0224566 0.015902 0.00149341 0.999872 -0.0193592 0.0 0.0 0.0 1.0
pumpkin/seq-08/color/frame-000152.color.png pumpkin/seq-08/color/frame-000155.color.png 0.999908 0.012938 -0.004062 0.0562475 -0.0128823 0.999827 0.0134487 0.0210629 0.00423534 -0.0133952 0.999901 -0.00581333 0.0 0.0 0.0 1.0
pumpkin/seq-08/color/frame-000153.color.png pumpkin/seq-08/color/frame-000156.color.png 0.999816 0.0153835 0.0114979 0.0300453 -0.0155846 0.999724 0.0176047 0.0319924 -0.0112238 -0.0177806 0.999779 -0.0128408 0.0 0.0 0.0 1.0
pumpkin/seq-08/color/frame-000154.color.png pumpkin/seq-08/color/frame-000157.color.png 0.999857 0.0115764 0.0123197 0.0327076 -0.011866 0.999649 0.0237005 0.016434 -0.0120412 -0.0238433 0.999643 0.00256783 0.0 0.0 0.0 1.0
pumpkin/seq-08/color/frame-000155.color.png pumpkin/seq-08/color/frame-000158.color.png 0.999955 0.00926698 0.00221684 0.0330101 -0.0092861 0.999918 0.00878417 0.0225402 -0.00213523 -0.0088044 0.999959 -0.0062643 0.0 0.0 0.0 1.0
pumpkin/seq-08/color/frame-000156.color.png pumpkin/seq-08/color/frame-000159.color.png 0.999959 0.00657173 -0.00627068 0.031325 -0.00656351 0.999978 0.00133065 0.0145966 0.00627928 -0.00128942 0.999979 -0.00828412 0.0 0.0 0.0 1.0
pumpkin/seq-08/color/frame-000157.color.png pumpkin/seq-08/color/frame-000160.color.png 0.999718 0.00851223 -0.0221505 0.0418703 -0.00878523 0.999886 -0.0122548 0.0374483 0.0220438 0.0124459 0.999679 -0.0207871 0.0 0.0 0.0 1.0
pumpkin/seq-08/color/frame-000158.color.png pumpkin/seq-08/color/frame-000161.color.png 0.999563 0.00873096 -0.0282284 0.0387484 -0.00884927 0.999953 -0.0040672 0.0319206 0.0281915 0.00431526 0.999593 -0.0245436 0.0 0.0 0.0 1.0
pumpkin/seq-08/color/frame-000159.color.png pumpkin/seq-08/color/frame-000162.color.png 0.99938 0.0183727 -0.030049 0.0491635 -0.0181673 0.99981 0.0070932 0.0336321 0.0301736 -0.00654288 0.999523 -0.0239889 0.0 0.0 0.0 1.0
pumpkin/seq-08/color/frame-000160.color.png pumpkin/seq-08/color/frame-000163.color.png 0.99965 0.0202558 -0.0170281 0.0408223 -0.0198573 0.999532 0.0232468 0.0169085 0.0174911 -0.0229005 0.999585 -0.0345147 0.0 0.0 0.0 1.0
pumpkin/seq-08/color/frame-000161.color.png pumpkin/seq-08/color/frame-000164.color.png 0.999655 0.0251586 -0.00753216 0.0418247 -0.024949 0.999331 0.0267296 0.0298858 0.00819951 -0.0265325 0.999614 -0.0385505 0.0 0.0 0.0 1.0
pumpkin/seq-08/color/frame-000162.color.png pumpkin/seq-08/color/frame-000165.color.png 0.999668 0.0247803 -0.00702988 0.0443422 -0.0246434 0.999517 0.0189265 0.0482864 0.00749543 -0.018747 0.999796 -0.0235253 0.0 0.0 0.0 1.0
pumpkin/seq-08/color/frame-000163.color.png pumpkin/seq-08/color/frame-000166.color.png 0.999589 0.0187592 -0.0216534 0.0513955 -0.0184099 0.999699 0.0162219 0.0417721 0.0219512 -0.0158167 0.999634 -0.0431045 0.0 0.0 0.0 1.0
pumpkin/seq-08/color/frame-000164.color.png pumpkin/seq-08/color/frame-000167.color.png 0.999751 0.00694626 -0.0212209 0.0348144 -0.00680692 0.999955 0.00663426 0.0327374 0.0212661 -0.00648815 0.999753 -0.010128 0.0 0.0 0.0 1.0
pumpkin/seq-08/color/frame-000165.color.png pumpkin/seq-08/color/frame-000168.color.png 0.999539 0.000589638 -0.0303586 0.0371579 -0.000341393 0.999966 0.00818149 0.0137499 0.0303625 -0.00816736 0.999506 -0.0233478 0.0 0.0 0.0 1.0
pumpkin/seq-08/color/frame-000166.color.png pumpkin/seq-08/color/frame-000169.color.png 0.999598 0.00909178 -0.026873 0.0317396 -0.00890461 0.999935 0.0070761 0.0282504 0.0269356 -0.00683396 0.999614 -0.0211779 0.0 0.0 0.0 1.0
pumpkin/seq-08/color/frame-000167.color.png pumpkin/seq-08/color/frame-000170.color.png 0.999592 0.00836304 -0.0273229 0.0362941 -0.00804752 0.9999 0.0116378 0.0245965 0.0274175 -0.0114132 0.999559 -0.0352836 0.0 0.0 0.0 1.0
pumpkin/seq-08/color/frame-000168.color.png pumpkin/seq-08/color/frame-000171.color.png 0.999422 0.015303 -0.0303557 0.0558664 -0.0153173 0.999883 -0.000238018 0.062393 0.0303485 0.000702857 0.999539 -0.0334632 0.0 0.0 0.0 1.0
pumpkin/seq-08/color/frame-000169.color.png pumpkin/seq-08/color/frame-000172.color.png 0.999534 0.0070463 -0.0296867 0.0437683 -0.00668626 0.999903 0.0122104 0.0286454 0.02977 -0.0120062 0.999485 -0.0317869 0.0 0.0 0.0 1.0
pumpkin/seq-08/color/frame-000170.color.png pumpkin/seq-08/color/frame-000173.color.png 0.999732 0.00674269 -0.0221211 0.0195231 -0.00633304 0.999808 0.0185358 0.0215788 0.0222418 -0.0183907 0.999583 -0.00657962 0.0 0.0 0.0 1.0
pumpkin/seq-08/color/frame-000171.color.png pumpkin/seq-08/color/frame-000174.color.png 0.999246 0.00263501 -0.0387442 0.0388358 -0.0019914 0.99986 0.016641 0.0184446 0.0387825 -0.0165513 0.999111 -0.0329361 0.0 0.0 0.0 1.0
pumpkin/seq-08/color/frame-000172.color.png pumpkin/seq-08/color/frame-000175.color.png 0.99946 0.00028259 -0.0328624 0.0307189 8.64912e-06 0.999961 0.008862 0.0218104 0.0328635 -0.00885751 0.99942 -0.0216274 0.0 0.0 0.0 1.0
pumpkin/seq-08/color/frame-000173.color.png pumpkin/seq-08/color/frame-000176.color.png 0.999358 0.000464977 -0.0358283 0.0417003 -0.000471432 1.0 -0.000170659 0.0295981 0.0358283 0.000187455 0.999358 -0.033409 0.0 0.0 0.0 1.0
pumpkin/seq-08/color/frame-000174.color.png pumpkin/seq-08/color/frame-000177.color.png 0.999584 -0.000460669 -0.0288443 0.034759 0.000562954 0.999994 0.00353827 0.0212588 0.0288425 -0.00355302 0.999578 -0.0308432 0.0 0.0 0.0 1.0
