pumpkin/seq-08/color/frame-000000.color.png pumpkin/seq-08/color/frame-000002.color.png 0.999997 -0.00233277 0.000428036 -0.00736876 0.0023345 0.999989 -0.00408133 0.0131035 -0.00041851 0.00408231 0.999992 -0.000721349 0.0 0.0 0.0 1.0
pumpkin/seq-08/color/frame-000002.color.png pumpkin/seq-08/color/frame-000004.color.png 0.999999 -0.000889945 0.000464984 -0.00147486 0.000886673 0.999975 0.00698776 -0.00289455 -0.000471191 -0.00698735 0.999975 0.00413064 0.0 0.0 0.0 1.0
pumpkin/seq-08/color/frame-000004.color.png pumpkin/seq-08/color/frame-000006.color.png 0.99996 -0.00482144 0.00747668 -0.00676096 0.0048392 0.999985 -0.00235963 0.00824827 -0.0074652 0.00239572 0.999969 -0.000721965 0.0 0.0 0.0 1.0
pumpkin/seq-08/color/frame-000006.color.png pumpkin/seq-08/color/frame-000008.color.png 0.999907 0.00870444 0.0105309 -0.0178033 -0.00887943 0.999821 0.0166864 0.00896471 -0.0103838 -0.0167783 0.999805 0.00179217 0.0 0.0 0.0 1.0
pumpkin/seq-08/color/frame-000008.color.png pumpkin/seq-08/color/frame-000010.color.png 0.999939 0.00805925 0.00750794 -0.0052905 -0.00821047 0.99976 0.0203329 -0.000803389 -0.00734227 -0.0203933 0.999765 0.00802326 0.0 0.0 0.0 1.0
pumpkin/seq-08/color/frame-000010.color.png pumpkin/seq-08/color/frame-000012.color.png 0.999784 -0.0115986 0.017236 -0.0151289 0.0111097 0.999541 0.0281967 0.00293649 -0.0175551 -0.0279991 0.999454 0.00423917 0.0 0.0 0.0 1.0
pumpkin/seq-08/color/frame-000012.color.png pumpkin/seq-08/color/frame-000014.color.png 0.999853 0.00657262 0.0158345 -0.0207767 -0.00676071 0.999907 0.0118544 0.0330991 -0.0157551 -0.0119597 0.999804 0.00647813 0.0 0.0 0.0 1.0
pumpkin/seq-08/color/frame-000014.color.png pumpkin/seq-08/color/frame-000016.color.png 0.999844 -0.000496742 0.0176622 -0.0242433 9.13311e-05 0.999737 0.0229469 -0.0121584 -0.017669 -0.0229417 0.999581 0.00793678 0.0 0.0 0.0 1.0
pumpkin/seq-08/color/frame-000016.color.png pumpkin/seq-08/color/frame-000018.color.png 0.999692 0.00838685 0.0233392 -0.038302 -0.00841783 0.999964 0.00122937 0.0270312 -0.023328 -0.00142543 0.999727 0.00569416 0.0 0.0 0.0 1.0
pumpkin/seq-08/color/frame-000018.color.png pumpkin/seq-08/color/frame-000020.color.png 0.999954 0.00756024 0.00596789 -0.0253325 -0.00767931 0.999767 0.0201886 -0.00800741 -0.00581386 -0.0202335 0.999778 0.00941699 0.0 0.0 0.0 1.0
pumpkin/seq-08/color/frame-000020.color.png pumpkin/seq-08/color/frame-000022.color.png 0.99993 0.0116942 -0.00195777 -0.0242959 -0.0116695 0.999858 0.0121693 -0.00494026 0.00209978 -0.0121456 0.999924 0.00968132 0.0 0.0 0.0 1.0
pumpkin/seq-08/color/frame-000022.color.png pumpkin/seq-08/color/frame-000024.color.png 0.99992 0.0101756 -0.00752562 -0.0199067 -0.0101177 0.999919 0.0076846 1.30981e-05 0.00760319 -0.00760782 0.999942 0.0131465 0.0 0.0 0.0 1.0
pumpkin/seq-08/color/frame-000024.color.png pumpkin/seq-08/color/frame-000026.color.png 0.999834 0.0182021 0.000129806 -0.0449433 -0.0182016 0.999675 0.0178568 -0.0117057 0.000195285 -0.0178562 0.999841 0.0175991 0.0 0.0 0.0 1.0
pumpkin/seq-08/color/frame-000026.color.png pumpkin/seq-08/color/frame-000028.color.png 0.999963 0.00372317 -0.00770824 -0.0288821 -0.00368951 0.999984 0.00437721 -0.00828751 0.00772445 -0.00434856 0.999961 0.0168512 0.0 0.0 0.0 1.0
pumpkin/seq-08/color/frame-000028.color.png pumpkin/seq-08/color/frame-000030.color.png 0.999982 0.00573311 -0.00152028 -0.0344432 -0.00574598 0.999947 -0.00861442 0.0111961 0.00147078 0.00862299 0.999962 0.015218 0.0 0.0 0.0 1.0
pumpkin/seq-08/color/frame-000030.color.png pumpkin/seq-08/color/frame-000032.color.png 0.999908 0.00873094 -0.0103712 -0.0257074 -0.00863175 0.999917 0.00956981 -0.0147485 0.0104539 -0.00947946 0.9999 0.00701654 0.0 0.0 0.0 1.0
pumpkin/seq-08/color/frame-000032.color.png pumpkin/seq-08/color/frame-000034.color.png 0.99993 0.0114009 -0.00324408 -0.0383154 -0.0113805 0.999916 0.00623989 -0.0167824 0.00331496 -0.00620251 0.999975 0.013563 0.0 0.0 0.0 1.0
pumpkin/seq-08/color/frame-000034.color.png pumpkin/seq-08/color/frame-000036.color.png 0.999969 0.00304973 -0.00720111 -0.0165368 -0.00309183 0.999978 -0.00584411 0.0166553 0.00718311 0.00586619 0.999957 0.00383422 0.0 0.0 0.0 1.0
pumpkin/seq-08/color/frame-000036.color.png pumpkin/seq-08/color/frame-000038.color.png 0.999981 0.000360898 0.00622565 -0.03348 -0.000449693 0.999898 0.0142667 -0.0140644 -0.00621986 -0.0142692 0.999879 0.00699437 0.0 0.0 0.0 1.0
pumpkin/seq-08/color/frame-000038.color.png pumpkin/seq-08/color/frame-000040.color.png 0.999933 0.00158302 0.0115036 -0.0482548 -0.00151104 0.999979 -0.00626135 0.00370405 -0.0115133 0.0062436 0.999914 -0.000138074 0.0 0.0 0.0 1.0
pumpkin/seq-08/color/frame-000040.color.png pumpkin/seq-08/color/frame-000042.color.png 0.99991 -0.00343117 0.0129923 -0.0399249 0.00337127 0.999983 0.00462814 0.00447056 -0.013008 -0.00458396 0.999905 -0.00314297 0.0 0.0 0.0 1.0
pumpkin/seq-08/color/frame-000042.color.png pumpkin/seq-08/color/frame-000044.color.png 0.99999 0.00137826 0.00431059 -0.0284923 -0.00139406 0.999992 0.0036613 0.00107947 -0.00430552 -0.00366728 0.999984 -0.00316989 0.0 0.0 0.0 1.0
pumpkin/seq-08/color/frame-000044.color.png pumpkin/seq-08/color/frame-000046.color.png 0.999976 -0.00169125 0.00669355 -0.0525398 0.00168208 0.999998 0.00137823 0.00687094 -0.00669587 -0.00136691 0.999977 -0.00304046 0.0 0.0 0.0 1.0
pumpkin/seq-08/color/frame-000046.color.png pumpkin/seq-08/color/frame-000048.color.png 0.999775 -0.00351753 -0.0209264 0.00391632 0.00371531 0.999949 0.00941981 -0.0107166 0.0208922 -0.00949549 0.999737 0.0186482 0.0 0.0 0.0 1.0
pumpkin/seq-08/color/frame-000048.color.png pumpkin/seq-08/color/frame-000050.color.png 0.999867 -0.00305073 -0.0160104 -0.0122093 0.00309965 0.999991 0.00303241 -0.00482953 0.0160009 -0.00308159 0.999867 -0.000410944 0.0 0.0 0.0 1.0
pumpkin/seq-08/color/frame-000050.color.png pumpkin/seq-08/color/frame-000052.color.png 0.999951 -0.00163674 -0.00977322 -0.0358226 0.00166939 0.999993 0.00333498 0.000786401 0.00976769 -0.00335113 0.999947 -0.00458317 0.0 0.0 0.0 1.0
pumpkin/seq-08/color/frame-000052.color.png pumpkin/seq-08/color/frame-000054.color.png 0.999938 0.0071284 -0.0085926 -0.0176085 -0.00700886 0.999879 0.0138596 -0.0208159 0.00869036 -0.0137986 0.999867 -0.00873763 0.0 0.0 0.0 1.0
pumpkin/seq-08/color/frame-000054.color.png pumpkin/seq-08/color/frame-000056.color.png 0.999921 0.00864662 -0.00907083 -0.0318063 -0.00861388 0.999956 0.00364052 -0.019671 0.00910192 -0.00356206 0.999952 -0.0127992 0.0 0.0 0.0 1.0
pumpkin/seq-08/color/frame-000056.color.png pumpkin/seq-08/color/frame-000058.color.png 0.999966 0.00652156 -0.00506433 -0.0219361 -0.0064037 0.999716 0.0229476 -0.0449343 0.00521254 -0.0229144 0.999724 -0.000577718 0.0 0.0 0.0 1.0
pumpkin/seq-08/color/frame-000058.color.png pumpkin/seq-08/color/frame-000060.color.png 0.99995 0.00994949 -0.000666397 -0.0399333 -0.00996436 0.999551 -0.028265 -0.0123964 0.00038488 0.0282703 0.9996 -0.0212354 0.0 0.0 0.0 1.0
pumpkin/seq-08/color/frame-000060.color.png pumpkin/seq-08/color/frame-000062.color.png 0.999718 -0.0232849 -0.00477245 -0.0212108 0.0231025 0.999111 -0.035253 0.000171013 0.00558907 0.0351328 0.999367 -0.0325596 0.0 0.0 0.0 1.0
pumpkin/seq-08/color/frame-000062.color.png pumpkin/seq-08/color/frame-000064.color.png 0.999892 -0.00943736 0.0112662 -0.0499672 0.00972339 0.999625 -0.0256111 -0.0034507 -0.0110202 0.0257179 0.999609 -0.0372296 0.0 0.0 0.0 1.0
pumpkin/seq-08/color/frame-000064.color.png pumpkin/seq-08/color/frame-000066.color.png 0.999786 -0.0193191 -0.00738066 -0.0281072 0.0191314 0.999512 -0.0247032 0.000178464 0.0078543 0.0245567 0.999668 -0.0198909 0.0 0.0 0.0 1.0
pumpkin/seq-08/color/frame-000066.color.png pumpkin/seq-08/color/frame-000068.color.png 0.99986 0.0019159 -0.0166206 -0.00143224 -0.00227625 0.999762 -0.0216879 -0.0241513 0.0165751 0.0217227 0.999627 -0.00222863 0.0 0.0 0.0 1.0
pumpkin/seq-08/color/frame-000068.color.png pumpkin/seq-08/color/frame-000070.color.png 0.999941 0.0102439 -0.00365624 -0.0187688 -0.0103394 0.999578 -0.0271416 -0.0284267 0.00337666 0.0271779 0.999625 -0.0214396 0.0 0.0 0.0 1.0
pumpkin/seq-08/color/frame-000070.color.png pumpkin/seq-08/color/frame-000072.color.png 0.999701 -0.0224941 -0.00959179 -0.0172315 0.022349 0.999638 -0.0149743 -0.00408575 0.00992514 0.0147554 0.999842 -0.00687981 0.0 0.0 0.0 1.0
pumpkin/seq-08/color/frame-000072.color.png pumpkin/seq-08/color/frame-000074.color.png 0.999282 -0.037499 0.0053937 -0.0249091 0.0375277 0.999282 -0.00530548 0.0012738 -0.00519087 0.00550409 0.999972 -0.0222074 0.0 0.0 0.0 1.0
pumpkin/seq-08/color/frame-000074.color.png pumpkin/seq-08/color/frame-000076.color.png 0.999749 -0.0150603 0.0165688 -0.0124834 0.0154097 0.999657 -0.021168 -0.0115315 -0.0162443 0.0214181 0.999639 -0.00871049 0.0 0.0 0.0 1.0
pumpkin/seq-08/color/frame-000076.color.png pumpkin/seq-08/color/frame-000078.color.png 0.999008 0.000692782 0.0445182 -0.0225142 -0.00126871 0.999916 0.01291 -0.0684514 -0.0445055 -0.0129537 0.998925 -0.0526034 0.0 0.0 0.0 1.0
pumpkin/seq-08/color/frame-000078.color.png pumpkin/seq-08/color/frame-000080.color.png 0.998941 -0.00433815 0.0458067 -0.00584781 0.00532371 0.999756 -0.0214156 -0.0403509 -0.0457027 0.0216368 0.998721 -0.053893 0.0 0.0 0.0 1.0
pumpkin/seq-08/color/frame-000080.color.png pumpkin/seq-08/color/frame-000082.color.png 0.99974 -0.00540408 0.0221532 0.00476623 0.00566243 0.999916 -0.0116161 -0.0371282 -0.0220886 0.0117385 0.999687 -0.0230463 0.0 0.0 0.0 1.0
pumpkin/seq-08/color/frame-000082.color.png pumpkin/seq-08/color/frame-000084.color.png 0.999526 0.014074 0.0273644 0.00248557 -0.01325 0.99946 -0.030062 -0.0408833 -0.0277727 0.0296852 0.999173 -0.0319206 0.0 0.0 0.0 1.0
pumpkin/seq-08/color/frame-000084.color.png pumpkin/seq-08/color/frame-000086.color.png 0.99864 0.0195874 0.0483172 0.000390172 -0.0187186 0.999656 -0.0183689 -0.0415041 -0.0486604 0.0174395 0.998663 -0.0429211 0.0 0.0 0.0 1.0
pumpkin/seq-08/color/frame-000086.color.png pumpkin/seq-08/color/frame-000088.color.png 0.999953 0.00188635 -0.00948366 -0.00211769 -0.00171675 0.999839 0.017859 -0.0652243 0.00951586 -0.0178419 0.999796 -0.00902402 0.0 0.0 0.0 1.0
pumpkin/seq-08/color/frame-000088.color.png pumpkin/seq-08/color/frame-000090.color.png 0.999621 0.00504437 0.027065 -0.0248228 -0.00567901 0.999709 0.0234236 -0.0664298 -0.026939 -0.0235684 0.999359 -0.0337293 0.0 0.0 0.0 1.0
pumpkin/seq-08/color/frame-000090.color.png pumpkin/seq-08/color/frame-000092.color.png 0.99997 0.00771244 -2.29611e-05 -0.0125417 -0.00771113 0.999846 0.0157421 -0.0239222 0.000144381 -0.0157415 0.999876 -0.00750297 0.0 0.0 0.0 1.0
pumpkin/seq-08/color/frame-000092.color.png pumpkin/seq-08/color/frame-000094.color.png 0.999937 -0.00855399 0.00732127 0.00498402 0.00864568 0.999883 -0.0125852 -0.00434041 -0.00721273 0.0126477 0.999894 -0.00459969 0.0 0.0 0.0 1.0
pumpkin/seq-08/color/frame-000094.color.png pumpkin/seq-08/color/frame-000096.color.png 0.999684 -0.0229261 -0.0102897 0.0160639 0.0228394 0.999703 -0.0084586 0.0109181 0.0104805 0.00822091 0.999911 0.0157358 0.0 0.0 0.0 1.0
pumpkin/seq-08/color/frame-000096.color.png pumpkin/seq-08/color/frame-000098.color.png 0.999673 -0.0254027 0.0030336 0.0363123 0.0254386 0.999599 -0.0124292 -0.0127823 -0.0027166 0.0125023 0.999918 -0.0165931 0.0 0.0 0.0 1.0
pumpkin/seq-08/color/frame-000098.color.png pumpkin/seq-08/color/frame-000100.color.png 0.999128 -0.0138499 0.0393981 0.0294284 0.0153848 0.999124 -0.0389252 0.0525309 -0.0388246 0.0394973 0.998465 -0.0111864 0.0 0.0 0.0 1.0
pumpkin/seq-08/color/frame-000100.color.png pumpkin/seq-08/color/frame-000102.color.png 0.997858 -0.0300697 0.0580872 0.0198522 0.0309856 0.999408 -0.0149321 0.00576186 -0.0576038 0.0167 0.9982 -0.0407337 0.0 0.0 0.0 1.0
pumpkin/seq-08/color/frame-000102.color.png pumpkin/seq-08/color/frame-000104.color.png 0.99967 -0.0241589 0.00874256 0.0733671 0.0240915 0.99968 0.00772991 -0.0399549 -0.00892656 -0.00751674 0.999932 -0.0474779 0.0 0.0 0.0 1.0
pumpkin/seq-08/color/frame-000104.color.png pumpkin/seq-08/color/frame-000106.color.png 0.999808 -0.0120706 0.0154121 0.0580841 0.0120631 0.999927 0.000575566 -0.0105488 -0.015418 -0.000389534 0.999881 -0.00654927 0.0 0.0 0.0 1.0
pumpkin/seq-08/color/frame-000106.color.png pumpkin/seq-08/color/frame-000108.color.png 0.999802 -0.0018824 0.0198046 0.0261902 0.00196634 0.999989 -0.00421944 0.0111723 -0.0197965 0.00425754 0.999795 -0.0196829 0.0 0.0 0.0 1.0
pumpkin/seq-08/color/frame-000108.color.png pumpkin/seq-08/color/frame-000110.color.png 0.99972 -0.0223138 0.00793913 0.0367316 0.0222369 0.999706 0.00963873 -0.0090993 -0.00815187 -0.00945948 0.999922 -0.0194962 0.0 0.0 0.0 1.0
pumpkin/seq-08/color/frame-000110.color.png pumpkin/seq-08/color/frame-000112.color.png 0.999813 -0.0125471 0.0146972 0.0190082 0.0124351 0.999893 0.00768351 0.00218654 -0.014792 -0.00749931 0.999863 -0.00904503 0.0 0.0 0.0 1.0
pumpkin/seq-08/color/frame-000112.color.png pumpkin/seq-08/color/frame-000114.color.png 0.999514 -0.0260062 0.0172128 0.042869 0.0257885 0.999586 0.0127514 0.00117153 -0.0175373 -0.0123013 0.999771 -0.0282486 0.0 0.0 0.0 1.0
pumpkin/seq-08/color/frame-000114.color.png pumpkin/seq-08/color/frame-000116.color.png 0.999751 -0.0196218 0.010664 0.0323356 0.0195161 0.99976 0.00992933 0.0100127 -0.0108562 -0.00971875 0.999894 -0.017274 0.0 0.0 0.0 1.0
pumpkin/seq-08/color/frame-000116.color.png pumpkin/seq-08/color/frame-000118.color.png 0.999312 -0.0295798 0.022374 0.0255547 0.0294392 0.999545 0.00658758 0.00457102 -0.0225586 -0.00592435 0.999728 -0.00858411 0.0 0.0 0.0 1.0
pumpkin/seq-08/color/frame-000118.color.png pumpkin/seq-08/color/frame-000120.color.png 0.999775 -0.00702641 0.0200172 0.0241924 0.00701159 0.999975 0.000812116 0.0127686 -0.0200225 -0.000671594 0.999799 -0.00681296 0.0 0.0 0.0 1.0
pumpkin/seq-08/color/frame-000120.color.png pumpkin/seq-08/color/frame-000122.color.png 0.999692 -0.0186534 0.0163374 0.020476 0.0185262 0.999797 0.00789909 0.0146497 -0.0164814 -0.00759399 0.999835 -0.0102212 0.0 0.0 0.0 1.0
pumpkin/seq-08/color/frame-000122.color.png pumpkin/seq-08/color/frame-000124.color.png 0.999903 -0.0131754 0.00445512 0.0552405 0.0131393 0.999882 0.00802416 0.0185352 -0.00456036 -0.00796484 0.999958 -0.00227547 0.0 0.0 0.0 1.0
pumpkin/seq-08/color/frame-000124.color.png pumpkin/seq-08/color/frame-000126.color.png 0.999964 -0.00837399 0.0010758 0.0382951 0.00835646 0.999847 0.015356 0.00252682 -0.00120419 -0.0153465 0.999881 -0.0139806 0.0 0.0 0.0 1.0
pumpkin/seq-08/color/frame-000126.color.png pumpkin/seq-08/color/frame-000128.color.png 0.999735 -0.0214234 0.00843966 0.00696892 0.0212765 0.999627 0.01713 0.00462174 -0.00880352 -0.0169459 0.999818 0.00217749 0.0 0.0 0.0 1.0
pumpkin/seq-08/color/frame-000128.color.png pumpkin/seq-08/color/frame-000130.color.png 0.999579 -0.0183224 0.0225003 0.0443178 0.0179097 0.99967 0.018407 0.0222296 -0.0228301 -0.0179963 0.999577 0.00243109 0.0 0.0 0.0 1.0
pumpkin/seq-08/color/frame-000130.color.png pumpkin/seq-08/color/frame-000132.color.png 0.999824 -0.016306 0.0093016 0.0140552 0.0163276 0.999864 -0.00224505 0.0211518 -0.00926388 0.0023965 0.999954 0.0201808 0.0 0.0 0.0 1.0
pumpkin/seq-08/color/frame-000132.color.png pumpkin/seq-08/color/frame-000134.color.png 0.99969 -0.0141354 -0.0205161 0.0584014 0.0138844 0.999828 -0.012327 0.0239266 0.0206868 0.0120383 0.999713 -0.000615016 0.0 0.0 0.0 1.0
pumpkin/seq-08/color/frame-000134.color.png pumpkin/seq-08/color/frame-000136.color.png 0.999982 0.000228873 0.00601154 0.0477811 -0.000231688 1.0 0.00046456 0.0229785 -0.00601136 -0.000465897 0.999982 0.00119822 0.0 0.0 0.0 1.0
pumpkin/seq-08/color/frame-000136.color.png pumpkin/seq-08/color/frame-000138.color.png 0.999868 0.00249523 0.0160497 0.0264837 -0.00242239 0.999987 -0.00455763 0.0203816 -0.0160608 0.00451815 0.999861 0.0167552 0.0 0.0 0.0 1.0
pumpkin/seq-08/color/frame-000138.color.png pumpkin/seq-08/color/frame-000140.color.png 0.999841 -0.0151387 0.00937814 0.00733466 0.0151703 0.999879 -0.00331065 0.0081718 -0.0093269 0.00345239 0.999951 0.0184021 0.0 0.0 0.0 1.0
pumpkin/seq-08/color/frame-000140.color.png pumpkin/seq-08/color/frame-000142.color.png 0.999906 -0.0109538 -0.00827503 0.0280531 0.0109935 0.999928 0.00475363 -0.00187218 0.00822226 -0.00484418 0.999954 -0.00428712 0.0 0.0 0.0 1.0
pumpkin/seq-08/color/frame-000142.color.png pumpkin/seq-08/color/frame-000144.color.png 0.999959 0.00788237 0.00436452 0.0406203 -0.00795144 0.99984 0.0160362 0.00488287 -0.00423739 -0.0160702 0.999862 -0.00650184 0.0 0.0 0.0 1.0
pumpkin/seq-08/color/frame-000144.color.png pumpkin/seq-08/color/frame-000146.color.png 0.999786 0.00652455 0.0196129 0.0155505 -0.00665436 0.999956 0.00655697 0.0233245 -0.0195694 -0.00668611 0.999786 0.0173132 0.0 0.0 0.0 1.0
pumpkin/seq-08/color/frame-000146.color.png pumpkin/seq-08/color/frame-000148.color.png 0.999993 0.00358123 0.000880112 0.0278828 -0.0035845 0.999986 0.00390019 0.0199143 -0.000865948 -0.00390335 0.999992 -0.0109257 0.0 0.0 0.0 1.0
pumpkin/seq-08/color/frame-000148.color.png pumpkin/seq-08/color/frame-000150.color.png 0.999452 0.0277352 0.0180814 0.0379808 -0.028111 0.999387 0.0208666 0.0152842 -0.0174916 -0.0213635 0.999619 0.00219826 0.0 0.0 0.0 1.0
pumpkin/seq-08/color/frame-000150.color.png pumpkin/seq-08/color/frame-000152.color.png 0.999993 -0.00314803 -0.00227025 0.0125194 0.00313195 0.99997 -0.00705763 0.0162763 0.00229251 0.00705048 0.999973 0.0131715 0.0 0.0 0.0 1.0
pumpkin/seq-08/color/frame-000152.color.png pumpkin/seq-08/color/frame-000154.color.png 0.999944 0.00880952 -0.00592946 0.0291293 -0.0087847 0.999953 0.00419254 0.0143017 0.00596616 -0.0041402 0.999974 -0.0183474 0.0 0.0 0.0 1.0
pumpkin/seq-08/color/frame-000154.color.png pumpkin/seq-08/color/frame-000156.color.png 0.999937 0.0108646 0.00289954 0.031026 -0.0108925 0.999893 0.00977234 0.0323089 -0.00279317 -0.0098033 0.999948 -0.0195685 0.0 0.0 0.0 1.0
pumpkin/seq-08/color/frame-000156.color.png pumpkin/seq-08/color/frame-000158.color.png 0.99991 0.0113365 -0.00724416 0.0347561 -0.0113626 0.999929 -0.00356925 0.0324281 0.00720324 0.00365122 0.999967 -0.00887913 0.0 0.0 0.0 1.0
pumpkin/seq-08/color/frame-000158.color.png pumpkin/seq-08/color/frame-000160.color.png 0.999974 0.000766627 -0.0072124 0.00919792 -0.000797722 0.99999 -0.00431533 0.0117464 0.00720901 0.00432094 0.999965 0.00267233 0.0 0.0 0.0 1.0
pumpkin/seq-08/color/frame-000160.color.png pumpkin/seq-08/color/frame-000162.color.png 0.999866 0.01132 -0.0118004 0.0152971 -0.0111182 0.999793 0.0170206 0.00116619 0.0119906 -0.0168871 0.999786 -0.0168722 0.0 0.0 0.0 1.0
pumpkin/seq-08/color/frame-000162.color.png pumpkin/seq-08/color/frame-000164.color.png 0.999794 0.0168085 -0.0113582 0.0496759 -0.0166405 0.999753 0.0147277 0.0310431 0.011603 -0.0145357 0.999827 -0.0339507 0.0 0.0 0.0 1.0
pumpkin/seq-08/color/frame-000164.color.png pumpkin/seq-08/color/frame-000166.color.png 0.999865 0.00939651 -0.0134789 0.02844 -0.00931716 0.999939 0.00593288 0.0293246 0.0135338 -0.00580649 0.999892 -0.00835112 0.0 0.0 0.0 1.0
pumpkin/seq-08/color/frame-000166.color.png pumpkin/seq-08/color/frame-000168.color.png 0.999688 0.00111173 -0.0249429 0.0280334 -0.000978701 0.999985 0.00534619 0.00745511 0.0249486 -0.00532006 0.999675 -0.0224264 0.0 0.0 0.0 1.0
pumpkin/seq-08/color/frame-000168.color.png pumpkin/seq-08/color/frame-000170.color.png 0.999793 0.011104 -0.0170525 0.0311116 -0.0110434 0.999932 0.00364334 0.0343005 0.0170917 -0.00345436 0.999848 -0.0262899 0.0 0.0 0.0 1.0
pumpkin/seq-08/color/frame-000170.color.png pumpkin/seq-08/color/frame-000172.color.png 0.999783 0.00720154 -0.0195241 0.025295 -0.00707174 0.999952 0.00670963 0.024814 0.0195715 -0.00657007 0.999787 -0.014601 0.0 0.0 0.0 1.0
pumpkin/seq-08/color/frame-000172.color.png pumpkin/seq-08/color/frame-000174.color.png 0.999709 -0.00105352 -0.0240924 0.0229743 0.00129427 0.999949 0.00997915 0.0127048 0.0240806 -0.0100074 0.99966 -0.0128211 0.0 0.0 0.0 1.0
pumpkin/seq-08/color/frame-000174.color.png pumpkin/seq-08/color/frame-000176.color.png 0.99975 0.00204132 -0.0222772 0.0301575 -0.0021266 0.999991 -0.00380564 0.0242265 0.0222692 0.00385208 0.999745 -0.0242917 0.0 0.0 0.0 1.0
pumpkin/seq-08/color/frame-000176.color.png pumpkin/seq-08/color/frame-000178.color.png 0.999828 -0.0025842 -0.0183782 0.0270069 0.00274038 0.99996 0.00847856 0.0128842 0.0183556 -0.00852746 0.999795 -0.0265201 0.0 0.0 0.0 1.0
pumpkin/seq-08/color/frame-000178.color.png pumpkin/seq-08/color/frame-000180.color.png 0.999956 -0.00170638 -0.00916418 0.0165142 0.00167552 0.999993 -0.00336955 0.0246514 0.00916993 0.00335407 0.999952 -0.00784725 0.0 0.0 0.0 1.0
pumpkin/seq-08/color/frame-000180.color.png pumpkin/seq-08/color/frame-000182.color.png 0.999843 -0.00972784 -0.0148093 0.0209475 0.00984893 0.999918 0.0081246 0.0086987 0.014729 -0.00826916 0.999857 -0.0119935 0.0 0.0 0.0 1.0
pumpkin/seq-08/color/frame-000182.color.png pumpkin/seq-08/color/frame-000184.color.png 0.999957 0.00818203 -0.00430161 0.0278791 -0.00809732 0.99978 0.0193486 0.013789 0.00445897 -0.0193129 0.999803 -0.0138768 0.0 0.0 0.0 1.0
pumpkin/seq-08/color/frame-000184.color.png pumpkin/seq-08/color/frame-000186.color.png 0.999936 0.0104521 0.004419 0.0187182 -0.0105004 0.999884 0.0110629 0.0221821 -0.00430278 -0.0111085 0.999929 0.0155114 0.0 0.0 0.0 1.0
pumpkin/seq-08/color/frame-000186.color.png pumpkin/seq-08/color/frame-000188.color.png 0.999972 0.00592282 -0.00449464 0.0209049 -0.00591155 0.999979 0.00251933 0.0181371 0.00450937 -0.00249275 0.999987 -0.00218338 0.0 0.0 0.0 1.0
pumpkin/seq-08/color/frame-000188.color.png pumpkin/seq-08/color/frame-000190.color.png 0.999789 -0.00719692 -0.0192601 0.0459857 0.00715645 0.999972 -0.00216984 0.0112905 0.0192751 0.00203151 0.999812 -0.0247677 0.0 0.0 0.0 1.0
pumpkin/seq-08/color/frame-000190.color.png pumpkin/seq-08/color/frame-000192.color.png 0.99999 0.00292948 -0.0034415 0.0271331 -0.00292765 0.999996 0.000526434 0.0148769 0.00344307 -0.000516279 0.999994 -0.00805944 0.0 0.0 0.0 1.0
pumpkin/seq-08/color/frame-000192.color.png pumpkin/seq-08/color/frame-000194.color.png 0.999886 0.00430718 0.0144355 0.0191733 -0.00436866 0.999982 0.00422688 0.0139774 -0.0144169 -0.00428953 0.999887 0.0262489 0.0 0.0 0.0 1.0
pumpkin/seq-08/color/frame-000194.color.png pumpkin/seq-08/color/frame-000196.color.png 0.999997 -0.00235566 0.000201339 0.0271534 0.00235696 0.999974 -0.0067487 0.0300156 -0.000185438 0.00674919 0.999977 -0.00274196 0.0 0.0 0.0 1.0
pumpkin/seq-08/color/frame-000196.color.png pumpkin/seq-08/color/frame-000198.color.png 0.999949 -0.0096832 -0.00286008 0.0224718 0.00971892 0.999872 0.0127459 -0.00180168 0.00273631 -0.0127731 0.999915 0.00873901 0.0 0.0 0.0 1.0
pumpkin/seq-08/color/frame-000198.color.png pumpkin/seq-08/color/frame-000200.color.png 0.999918 -0.000329873 -0.0128357 0.0432746 0.000231099 0.99997 -0.00769532 0.0491494 0.0128379 0.00769164 0.999888 -0.010532 0.0 0.0 0.0 1.0
pumpkin/seq-08/color/frame-000200.color.png pumpkin/seq-08/color/frame-000202.color.png 0.999996 0.00179778 0.00208068 0.0234098 -0.00182894 0.999884 0.015098 0.00112889 -0.00205328 -0.0151017 0.999884 0.0113195 0.0 0.0 0.0 1.0
pumpkin/seq-08/color/frame-000202.color.png pumpkin/seq-08/color/frame-000204.color.png 0.999966 0.00821913 0.0010647 0.0287864 -0.0082288 0.999922 0.00938446 0.0174171 -0.000987543 -0.00939292 0.999955 -0.00236525 0.0 0.0 0.0 1.0
pumpkin/seq-08/color/frame-000204.color.png pumpkin/seq-08/color/frame-000206.color.png 0.999984 -0.000470775 0.00557876 0.00995642 0.000460272 0.999998 0.00188922 0.00832816 -0.00557961 -0.00188662 0.999983 0.0105345 0.0 0.0 0.0 1.0
pumpkin/seq-08/color/frame-000206.color.png pumpkin/seq-08/color/frame-000208.color.png 0.999831 -0.0167958 0.00739737 0.0106436 0.0167433 0.999835 0.00710029 -0.0106389 -0.0075155 -0.00697526 0.999947 0.00388099 0.0 0.0 0.0 1.0
pumpkin/seq-08/color/frame-000208.color.png pumpkin/seq-08/color/frame-000210.color.png 0.999981 0.00419285 0.00460989 0.0373204 -0.004275 0.999829 0.0179623 0.0118699 -0.00453372 -0.0179817 0.999828 0.00306931 0.0 0.0 0.0 1.0
pumpkin/seq-08/color/frame-000210.color.png pumpkin/seq-08/color/frame-000212.color.png 0.999957 0.00675843 0.00641492 0.00484723 -0.0067663 0.999976 0.00119663 0.0235007 -0.00640671 -0.00123997 0.999979 0.00546424 0.0 0.0 0.0 1.0
pumpkin/seq-08/color/frame-000212.color.png pumpkin/seq-08/color/frame-000214.color.png 0.999935 -0.00899966 0.00700122 0.0184409 0.00887616 0.999808 0.0174719 0.00173112 -0.00715719 -0.0174088 0.999823 0.00837076 0.0 0.0 0.0 1.0
pumpkin/seq-08/color/frame-000214.color.png pumpkin/seq-08/color/frame-000216.color.png 0.999901 -0.00988792 0.00997011 0.0223538 0.00981925 0.999928 0.00691924 -0.00616633 -0.0100378 -0.00682058 0.999926 0.0123168 0.0 0.0 0.0 1.0
pumpkin/seq-08/color/frame-000216.color.png pumpkin/seq-08/color/frame-000218.color.png 0.999993 -0.00337236 0.00135771 0.00450665 0.0033762 0.99999 -0.0028211 0.00471742 -0.00134814 0.00282574 0.999995 -0.000628859 0.0 0.0 0.0 1.0
pumpkin/seq-08/color/frame-000218.color.png pumpkin/seq-08/color/frame-000220.color.png 0.999981 -0.00338622 -0.00504715 0.0222301 0.00345301 0.999906 0.0132854 -0.00479767 0.00500171 -0.0133026 0.999899 -0.00305977 0.0 0.0 0.0 1.0
pumpkin/seq-08/color/frame-000220.color.png pumpkin/seq-08/color/frame-000222.color.png 0.999999 0.000465276 0.00122305 0.00466937 -0.000470393 0.999991 0.00415087 0.00120952 -0.00122113 -0.00415149 0.999991 0.00418894 0.0 0.0 0.0 1.0
pumpkin/seq-08/color/frame-000222.color.png pumpkin/seq-08/color/frame-000224.color.png 0.999925 0.00907104 -0.00826408 0.00432104 -0.00902522 0.999944 0.00556355 0.0122121 0.00831406 -0.0054886 0.99995 0.0157303 0.0 0.0 0.0 1.0
pumpkin/seq-08/color/frame-000224.color.png pumpkin/seq-08/color/frame-000226.color.png 0.999908 0.00347596 -0.0131165 -0.00148851 -0.00347588 0.999994 2.56452e-05 -0.00323504 0.0131166 1.99971e-05 0.999914 -0.00355202 0.0 0.0 0.0 1.0
pumpkin/seq-08/color/frame-000226.color.png pumpkin/seq-08/color/frame-000228.color.png 0.999158 0.00531479 -0.0406856 0.0105292 -0.00613373 0.99978 -0.0200309 0.0040752 0.0405703 0.0202637 0.998971 -0.0341557 0.0 0.0 0.0 1.0
pumpkin/seq-08/color/frame-000228.color.png pumpkin/seq-08/color/frame-000230.color.png 0.999786 0.000603527 -0.0206685 0.00393218 -0.00084667 0.999931 -0.0117559 0.000668105 0.0206599 0.0117708 0.999717 -0.0186742 0.0 0.0 0.0 1.0
pumpkin/seq-08/color/frame-000230.color.png pumpkin/seq-08/color/frame-000232.color.png 0.998938 0.0027191 -0.0459981 0.0331689 -0.00386427 0.999684 -0.0248249 0.0117129 0.0459161 0.0249764 0.998633 -0.0444341 0.0 0.0 0.0 1.0
pumpkin/seq-08/color/frame-000232.color.png pumpkin/seq-08/color/frame-000234.color.png 0.999867 0.0115389 -0.0115657 0.000238121 -0.0115577 0.999932 -0.0015584 0.0101804 0.011547 0.00169186 0.999932 -0.0126531 0.0 0.0 0.0 1.0
pumpkin/seq-08/color/frame-000234.color.png pumpkin/seq-08/color/frame-000236.color.png 0.999368 0.0146057 -0.0323998 0.00987387 -0.0148377 0.999866 -0.00693446 0.0255337 0.0322942 0.00741082 0.999451 -0.0287605 0.0 0.0 0.0 1.0
pumpkin/seq-08/color/frame-000236.color.png pumpkin/seq-08/color/frame-000238.color.png 0.999862 0.00406977 -0.0161091 0.00613761 -0.00404863 0.999991 0.00134606 0.00418189 0.0161143 -0.00128065 0.999869 -0.0209134 0.0 0.0 0.0 1.0
pumpkin/seq-08/color/frame-000238.color.png pumpkin/seq-08/color/frame-000240.color.png 0.999709 0.00635929 -0.0232875 0.0137516 -0.00628292 0.999975 0.00335106 0.00323405 0.0233082 -0.00320376 0.999723 -0.0233001 0.0 0.0 0.0 1.0
pumpkin/seq-08/color/frame-000240.color.png pumpkin/seq-08/color/frame-000242.color.png 0.999898 -0.000961364 -0.0142718 0.00831258 0.000910314 0.999993 -0.00358282 -0.00184422 0.0142752 0.00356946 0.999892 -0.0182876 0.0 0.0 0.0 1.0
pumpkin/seq-08/color/frame-000242.color.png pumpkin/seq-08/color/frame-000244.color.png 0.999515 -0.00445772 -0.0308215 0.0387167 0.00402696 0.999893 -0.014024 0.00236907 0.0308807 0.0138931 0.999426 -0.0605646 0.0 0.0 0.0 1.0
pumpkin/seq-08/color/frame-000244.color.png pumpkin/seq-08/color/frame-000246.color.png 0.999949 0.00529235 -0.00861728 0.0102923 -0.0052755 0.999984 0.00197449 0.00675474 0.0086276 -0.00192889 0.999961 -0.0138133 0.0 0.0 0.0 1.0
pumpkin/seq-08/color/frame-000246.color.png pumpkin/seq-08/color/frame-000248.color.png 0.99972 0.015203 -0.0181355 0.00492013 -0.0150486 0.99985 0.00861862 0.0173853 0.0182637 -0.00834335 0.999798 -0.0169091 0.0 0.0 0.0 1.0
pumpkin/seq-08/color/frame-000248.color.png pumpkin/seq-08/color/frame-000250.color.png 0.999559 0.0222157 -0.0197004 0.00831687 -0.0220505 0.99972 0.00856426 0.0189805 0.0198851 -0.00812604 0.999769 -0.023442 0.0 0.0 0.0 1.0
pumpkin/seq-08/color/frame-000250.color.png pumpkin/seq-08/color/frame-000252.color.png 0.999917 0.0104237 -0.00751167 0.00400519 -0.0104202 0.999946 0.000510994 0.00624352 0.00751658 -0.000432688 0.999972 -0.00912388 0.0 0.0 0.0 1.0
pumpkin/seq-08/color/frame-000252.color.png pumpkin/seq-08/color/frame-000254.color.png 0.999831 0.0110209 -0.0146951 0.00972307 -0.0110839 0.99993 -0.00421027 -0.000326734 0.0146477 0.00437241 0.999883 -0.01438 0.0 0.0 0.0 1.0
pumpkin/seq-08/color/frame-000254.color.png pumpkin/seq-08/color/frame-000256.color.png 0.999929 0.00848288 -0.00838845 0.00133288 -0.00854183 0.999939 -0.00701784 0.00496147 0.00832841 0.00708902 0.99994 -0.0118885 0.0 0.0 0.0 1.0
pumpkin/seq-08/color/frame-000256.color.png pumpkin/seq-08/color/frame-000258.color.png 0.999759 0.0161326 -0.0149184 0.00301194 -0.0163419 0.999768 -0.0140152 0.00476251 0.0146888 0.0142556 0.999791 -0.0210954 0.0 0.0 0.0 1.0
pumpkin/seq-08/color/frame-000258.color.png pumpkin/seq-08/color/frame-000260.color.png 0.999873 0.00840491 -0.0135786 0.00371695 -0.00861471 0.999843 -0.0154667 0.0024402 0.0134465 0.0155817 0.999788 -0.0234872 0.0 0.0 0.0 1.0
pumpkin/seq-08/color/frame-000260.color.png pumpkin/seq-08/color/frame-000262.color.png 0.999927 0.000566694 -0.0121018 0.0173995 -0.000652544 0.999975 -0.00709116 -0.0013721 0.0120975 0.00709856 0.999902 -0.011616 0.0 0.0 0.0 1.0
pumpkin/seq-08/color/frame-000262.color.png pumpkin/seq-08/color/frame-000264.color.png 0.999831 -0.000209932 -0.0183652 0.00328398 9.21708e-05 0.999979 -0.00641285 -0.0150726 0.0183661 0.00641006 0.999811 -0.0246331 0.0 0.0 0.0 1.0
pumpkin/seq-08/color/frame-000264.color.png pumpkin/seq-08/color/frame-000266.color.png 0.999792 0.00730406 -0.0190457 0.00138056 -0.00748732 0.999926 -0.00956802 -0.00208776 0.0189744 0.00970863 0.999773 -0.0279056 0.0 0.0 0.0 1.0
pumpkin/seq-08/color/frame-000266.color.png pumpkin/seq-08/color/frame-000268.color.png 0.999746 0.0119099 -0.0191562 -0.00459719 -0.0120948 0.999881 -0.00956448 0.00252006 0.01904 0.00979372 0.999771 -0.0301045 0.0 0.0 0.0 1.0
pumpkin/seq-08/color/frame-000268.color.png pumpkin/seq-08/color/frame-000270.color.png 0.999906 0.00612314 -0.0122893 0.00141764 -0.00617126 0.999974 -0.00388191 0.00176862 0.0122653 0.00395742 0.999917 -0.018917 0.0 0.0 0.0 1.0
pumpkin/seq-08/color/frame-000270.color.png pumpkin/seq-08/color/frame-000272.color.png 0.999694 0.0157343 -0.0190699 -0.00572765 -0.0158763 0.999847 -0.0073189 0.00663722 0.0189518 0.00761941 0.999791 -0.0246662 0.0 0.0 0.0 1.0
pumpkin/seq-08/color/frame-000272.color.png pumpkin/seq-08/color/frame-000274.color.png 0.999646 -0.000994944 -0.0265762 -0.00523007 0.000841183 0.999983 -0.00579651 -0.0162819 0.0265815 0.00577208 0.99963 -0.039524 0.0 0.0 0.0 1.0
pumpkin/seq-08/color/frame-000274.color.png pumpkin/seq-08/color/frame-000276.color.png 0.999791 0.00465875 -0.0198942 0.00197768 -0.0048431 0.999946 -0.00922881 0.00616664 0.0198501 0.00932323 0.999759 -0.0317498 0.0 0.0 0.0 1.0
pumpkin/seq-08/color/frame-000276.color.png pumpkin/seq-08/color/frame-000278.color.png 0.999779 0.00928721 -0.0188416 0.0240895 -0.00923537 0.999953 0.0028366 -0.0108187 0.0188671 -0.00266198 0.999818 -0.0185978 0.0 0.0 0.0 1.0
pumpkin/seq-08/color/frame-000278.color.png pumpkin/seq-08/color/frame-000280.color.png 0.999938 0.00805835 -0.00766175 -0.000722647 -0.00808046 0.999963 -0.00285816 -0.0134644 0.00763843 0.00291991 0.999967 -0.0130282 0.0 0.0 0.0 1.0
pumpkin/seq-08/color/frame-000280.color.png pumpkin/seq-08/color/frame-000282.color.png 0.999854 0.00236011 -0.0169113 -0.0044148 -0.00252962 0.999947 -0.0100081 -0.00318077 0.0168868 0.0100494 0.999807 -0.0292862 0.0 0.0 0.0 1.0
pumpkin/seq-08/color/frame-000282.color.png pumpkin/seq-08/color/frame-000284.color.png 0.999884 0.0134826 -0.00705799 -0.0020864 -0.0134934 0.999908 -0.00148201 0.00343877 0.00703735 0.00157708 0.999974 -0.0120951 0.0 0.0 0.0 1.0
pumpkin/seq-08/color/frame-000284.color.png pumpkin/seq-08/color/frame-000286.color.png 0.999986 0.00235055 -0.00474215 -0.00118291 -0.00236467 0.999993 -0.00297654 -0.00419308 0.00473513 0.0029877 0.999984 -0.0131289 0.0 0.0 0.0 1.0
pumpkin/seq-08/color/frame-000286.color.png pumpkin/seq-08/color/frame-000288.color.png 0.999997 0.00218155 -0.00129452 0.000317454 -0.00218062 0.999997 0.000704597 -0.0140439 0.00129603 -0.000701768 0.999999 -0.00081268 0.0 0.0 0.0 1.0
pumpkin/seq-08/color/frame-000288.color.png pumpkin/seq-08/color/frame-000290.color.png 0.999932 -0.00535319 -0.0103701 -0.00227153 0.00524835 0.999935 -0.0101111 -0.0130485 0.0104235 0.0100559 0.999895 -0.0139548 0.0 0.0 0.0 1.0
pumpkin/seq-08/color/frame-000290.color.png pumpkin/seq-08/color/frame-000292.color.png 0.999685 -0.00861551 -0.0235815 0.0271784 0.00867977 0.999959 0.00262407 -0.0345539 0.0235579 -0.00282793 0.999718 -0.025567 0.0 0.0 0.0 1.0
pumpkin/seq-08/color/frame-000292.color.png pumpkin/seq-08/color/frame-000294.color.png 0.999995 0.000728379 -0.0031175 -0.00507748 -0.000738884 0.999994 -0.00337347 -0.00669451 0.00311504 0.00337576 0.99999 -0.0114858 0.0 0.0 0.0 1.0
pumpkin/seq-08/color/frame-000294.color.png pumpkin/seq-08/color/frame-000296.color.png 0.999983 0.00332139 -0.00472501 -0.00168562 -0.00330856 0.999991 0.00272188 -0.0180517 0.00473403 -0.00270621 0.999985 -0.00862998 0.0 0.0 0.0 1.0
pumpkin/seq-08/color/frame-000296.color.png pumpkin/seq-08/color/frame-000298.color.png 0.999879 0.0132674 -0.00810286 0.000387311 -0.0132948 0.999906 -0.00333446 -0.00384921 0.00805781 0.00344179 0.999962 -0.0134424 0.0 0.0 0.0 1.0
pumpkin/seq-08/color/frame-000298.color.png pumpkin/seq-08/color/frame-000300.color.png 0.999816 0.0191869 0.000196194 0.000899076 -0.0191835 0.999754 -0.0111413 0.0282673 -0.000409886 0.0111355 0.999938 -0.00306174 0.0 0.0 0.0 1.0
pumpkin/seq-08/color/frame-000300.color.png pumpkin/seq-08/color/frame-000302.color.png 0.999669 0.0252713 0.00485762 0.000813603 -0.0253337 0.999591 0.0132415 -0.0117946 -0.00452102 -0.0133602 0.999901 0.000601619 0.0 0.0 0.0 1.0
pumpkin/seq-08/color/frame-000302.color.png pumpkin/seq-08/color/frame-000304.color.png 0.999927 0.0118698 0.0022088 -0.0163673 -0.0118388 0.999838 -0.0135456 0.00764844 -0.00236925 0.0135185 0.999906 -0.0057911 0.0 0.0 0.0 1.0
pumpkin/seq-08/color/frame-000304.color.png pumpkin/seq-08/color/frame-000306.color.png 0.999807 0.0196281 0.000501995 0.0116854 -0.0196303 0.999796 0.00482123 -0.0270447 -0.000407205 -0.00483016 0.999988 -0.00756463 0.0 0.0 0.0 1.0
pumpkin/seq-08/color/frame-000306.color.png pumpkin/seq-08/color/frame-000308.color.png 0.999951 0.00984909 0.00111669 -0.00366986 -0.00984116 0.999928 -0.00687549 -0.00613314 -0.00118432 0.00686413 0.999976 -0.00328249 0.0 0.0 0.0 1.0
pumpkin/seq-08/color/frame-000308.color.png pumpkin/seq-08/color/frame-000310.color.png 0.999794 0.0179351 0.00953469 -0.00893676 -0.0178919 0.999829 -0.00460085 -0.00485927 -0.00961561 0.00442933 0.999944 0.00890356 0.0 0.0 0.0 1.0
pumpkin/seq-08/color/frame-000310.color.png pumpkin/seq-08/color/frame-000312.color.png 0.999799 0.0172206 0.0102726 -0.0133517 -0.0171133 0.999799 -0.010444 -0.00385359 -0.0104503 0.0102661 0.999893 0.00856841 0.0 0.0 0.0 1.0
pumpkin/seq-08/color/frame-000312.color.png pumpkin/seq-08/color/frame-000314.color.png 0.999823 0.0154063 0.0107835 -0.00822139 -0.0154187 0.99988 0.00106922 -0.00369763 -0.0107658 -0.00123527 0.999941 0.00895929 0.0 0.0 0.0 1.0
pumpkin/seq-08/color/frame-000314.color.png pumpkin/seq-08/color/frame-000316.color.png 0.999444 0.0286721 0.0170214 -0.0233839 -0.0285451 0.999563 -0.0076492 0.0165724 -0.0172333 0.00715905 0.999826 0.0178641 0.0 0.0 0.0 1.0
pumpkin/seq-08/color/frame-000316.color.png pumpkin/seq-08/color/frame-000318.color.png 0.999661 0.0243609 0.00921781 -0.00851274 -0.0244115 0.999687 0.00541445 -0.00822178 -0.00908303 -0.00563763 0.999943 0.00687176 0.0 0.0 0.0 1.0
pumpkin/seq-08/color/frame-000318.color.png pumpkin/seq-08/color/frame-000320.color.png 0.999884 0.0152174 0.00117772 -0.0331407 -0.0152215 0.999877 0.00367155 -0.0568684 -0.00112171 -0.00368905 0.999992 0.00401846 0.0 0.0 0.0 1.0
pumpkin/seq-08/color/frame-000320.color.png pumpkin/seq-08/color/frame-000322.color.png 0.999655 0.0251264 -0.00764848 -0.01727 -0.0252009 0.999634 -0.0097871 -4.64916e-06 0.00739977 0.00997649 0.999923 0.00105104 0.0 0.0 0.0 1.0
pumpkin/seq-08/color/frame-000322.color.png pumpkin/seq-08/color/frame-000324.color.png 0.999979 0.00605244 0.00213759 -0.04885 -0.00604686 0.999978 -0.00256699 -0.0213317 -0.0021531 0.002554 0.999994 -0.000627309 0.0 0.0 0.0 1.0
pumpkin/seq-08/color/frame-000324.color.png pumpkin/seq-08/color/frame-000326.color.png 0.999945 0.00850204 0.00613668 -0.0200703 -0.00842691 0.99989 -0.0121775 0.00492305 -0.00623955 0.0121252 0.999907 0.0120698 0.0 0.0 0.0 1.0
pumpkin/seq-08/color/frame-000326.color.png pumpkin/seq-08/color/frame-000328.color.png 0.999898 0.00644618 0.0127051 -0.0468505 -0.00653951 0.999952 0.00732032 -0.0106848 -0.0126573 -0.00740266 0.999892 0.00850943 0.0 0.0 0.0 1.0
pumpkin/seq-08/color/frame-000328.color.png pumpkin/seq-08/color/frame-000330.color.png 0.999998 -0.000657738 0.00210155 -0.0408689 0.000651509 0.999995 0.00293458 -0.0333626 -0.00210346 -0.0029332 0.999994 0.0158412 0.0 0.0 0.0 1.0
pumpkin/seq-08/color/frame-000330.color.png pumpkin/seq-08/color/frame-000332.color.png 0.999983 0.0031681 0.00484027 -0.0325697 -0.00308665 0.999855 -0.0167476 0.0035581 -0.00489263 0.0167323 0.999848 0.0141157 0.0 0.0 0.0 1.0
pumpkin/seq-08/color/frame-000332.color.png pumpkin/seq-08/color/frame-000334.color.png 0.999807 -0.0106177 0.0165284 -0.0515203 0.0102079 0.999643 0.0246787 -0.0467501 -0.0167845 -0.0245052 0.999559 0.0159606 0.0 0.0 0.0 1.0
pumpkin/seq-08/color/frame-000334.color.png pumpkin/seq-08/color/frame-000336.color.png 0.999943 0.00786547 0.00727277 -0.0309579 -0.00795672 0.999889 0.0126124 0.0181426 -0.00717277 -0.0126695 0.999894 0.0164152 0.0 0.0 0.0 1.0
pumpkin/seq-08/color/frame-000336.color.png pumpkin/seq-08/color/frame-000338.color.png 0.999506 0.00428294 -0.0311455 -0.0405562 -0.00366283 0.999794 0.0199402 -0.0232224 0.0312245 -0.0198163 0.999316 -0.0067769 0.0 0.0 0.0 1.0
pumpkin/seq-08/color/frame-000338.color.png pumpkin/seq-08/color/frame-000340.color.png 0.999904 0.0121363 -0.0067452 -0.0243059 -0.0121798 0.999905 -0.00644748 0.0186366 0.0066663 0.006529 0.999956 0.0145972 0.0 0.0 0.0 1.0
pumpkin/seq-08/color/frame-000340.color.png pumpkin/seq-08/color/frame-000342.color.png 0.999802 -0.00330998 -0.0196056 -0.0504196 0.00318276 0.999974 -0.00651263 -0.0110864 0.0196266 0.00644898 0.999787 0.00872466 0.0 0.0 0.0 1.0
pumpkin/seq-08/color/frame-000342.color.png pumpkin/seq-08/color/frame-000344.color.png 0.999894 -0.0110151 0.0095665 -0.0589905 0.0110843 0.999913 -0.00721074 -0.00300586 -0.00948625 0.00731601 0.999928 0.0156795 0.0 0.0 0.0 1.0
pumpkin/seq-08/color/frame-000344.color.png pumpkin/seq-08/color/frame-000346.color.png 0.99993 -0.00987535 -0.00659592 -0.0287143 0.00993082 0.999915 0.0084214 -0.0140921 0.0065122 -0.00848634 0.999943 0.00326701 0.0 0.0 0.0 1.0
pumpkin/seq-08/color/frame-000346.color.png pumpkin/seq-08/color/frame-000348.color.png 0.999902 -0.00111306 -0.0139217 -0.0338386 0.00118432 0.999986 0.00511932 -0.00826752 0.0139158 -0.0051353 0.99989 0.00902867 0.0 0.0 0.0 1.0
