pumpkin/seq-08/color/frame-000000.color.png pumpkin/seq-08/color/frame-000001.color.png 0.999994 -0.00340941 -0.000694126 -0.00320198 0.00340739 0.99999 -0.00289586 0.00566321 0.000703993 0.00289348 0.999996 0.000611701 0.0 0.0 0.0 1.0
pumpkin/seq-08/color/frame-000001.color.png pumpkin/seq-08/color/frame-000002.color.png 0.999999 0.0010157 0.000655116 -0.00301728 -0.00101486 0.999999 -0.00127711 0.00764037 -0.000656412 0.00127644 0.999999 -0.000904006 0.0 0.0 0.0 1.0
pumpkin/seq-08/color/frame-000002.color.png pumpkin/seq-08/color/frame-000003.color.png 1.0 -0.000188572 0.000280943 -0.00127353 0.000186985 0.999984 0.00564078 -0.00368429 -0.000282002 -0.00564073 0.999984 0.000218439 0.0 0.0 0.0 1.0
pumpkin/seq-08/color/frame-000003.color.png pumpkin/seq-08/color/frame-000004.color.png 1.0 -0.000557672 0.000624123 -0.00127145 0.000557032 0.999999 0.00102692 0.00142635 -0.000624695 -0.00102657 0.999999 0.0037625 0.0 0.0 0.0 1.0
pumpkin/seq-08/color/frame-000004.color.png pumpkin/seq-08/color/frame-000005.color.png 1.0 -0.000804602 0.000425352 0.000262328 0.000803777 0.999998 0.00193525 -0.00417838 -0.000426908 -0.0019349 0.999998 0.00029838 0.0 0.0 0.0 1.0
pumpkin/seq-08/color/frame-000005.color.png pumpkin/seq-08/color/frame-000006.color.png 0.999969 -0.00420979 0.00662636 -0.006243 0.0042397 0.999981 -0.00450536 0.0129431 -0.00660727 0.00453332 0.999968 -0.00111684 0.0 0.0 0.0 1.0
pumpkin/seq-08/color/frame-000006.color.png pumpkin/seq-08/color/frame-000007.color.png 0.999985 0.00286008 0.00455816 -0.00678446 -0.00286979 0.999994 0.00212434 0.0124517 -0.00455206 -0.00213739 0.999987 0.00351176 0.0 0.0 0.0 1.0
pumpkin/seq-08/color/frame-000007.color.png pumpkin/seq-08/color/frame-000008.color.png 0.999986 0.00505445 0.00133302 -0.00113374 -0.00507051 0.999911 0.0123309 0.00154703 -0.00127057 -0.0123375 0.999923 0.00238697 0.0 0.0 0.0 1.0
pumpkin/seq-08/color/frame-000008.color.png pumpkin/seq-08/color/frame-000009.color.png 0.999937 0.00639371 0.00928015 -0.0174286 -0.00647804 0.999938 0.00908549 0.00523322 -0.00922149 -0.00914503 0.999916 0.00357312 0.0 0.0 0.0 1.0
pumpkin/seq-08/color/frame-000009.color.png pumpkin/seq-08/color/frame-000010.color.png 0.999972 0.00238983 0.00702993 -0.00855943 -0.00244839 0.999962 0.00833435 -0.000638738 -0.00700975 -0.00835134 0.99994 0.00428382 0.0 0.0 0.0 1.0
pumpkin/seq-08/color/frame-000010.color.png pumpkin/seq-08/color/frame-000011.color.png 0.999911 -0.0068363 0.0114215 -0.0120829 0.00674072 0.999942 0.00838624 0.0181711 -0.0114782 -0.0083085 0.9999 0.00325779 0.0 0.0 0.0 1.0
pumpkin/seq-08/color/frame-000011.color.png pumpkin/seq-08/color/frame-000012.color.png 0.999973 -0.00341231 0.0065408 -0.00350932 0.00331758 0.99989 0.0144383 -0.0027516 -0.00658934 -0.0144162 0.999874 0.000440313 0.0 0.0 0.0 1.0
pumpkin/seq-08/color/frame-000012.color.png pumpkin/seq-08/color/frame-000013.color.png 0.999991 -0.0027207 0.00321768 -0.00230245 0.0026802 0.999918 0.0125253 0.00202893 -0.00325149 -0.0125165 0.999916 0.00366111 0.0 0.0 0.0 1.0
pumpkin/seq-08/color/frame-000013.color.png pumpkin/seq-08/color/frame-000014.color.png 0.999922 0.00774641 0.00982865 -0.0124743 -0.00780555 0.999952 0.00599296 0.0156251 -0.00978176 -0.00606922 0.999934 0.00385402 0.0 0.0 0.0 1.0
pumpkin/seq-08/color/frame-000014.color.png pumpkin/seq-08/color/frame-000015.color.png 0.999927 0.0016664 0.0119546 -0.0156073 -0.00187555 0.999845 0.0175055 -0.0168702 -0.0119236 -0.0175267 0.999775 0.00479426 0.0 0.0 0.0 1.0
pumpkin/seq-08/color/frame-000015.color.png pumpkin/seq-08/color/frame-000016.color.png 0.99998 -0.00232525 0.00593889 -0.00952332 0.00227379 0.99996 0.00865611 -0.00242406 -0.00595875 -0.00864244 0.999945 0.00227405 0.0 0.0 0.0 1.0
pumpkin/seq-08/color/frame-000016.color.png pumpkin/seq-08/color/frame-000017.color.png 0.999986 0.00317536 0.00421696 -0.00330793 -0.00320296 0.999973 0.0065547 0.00246708 -0.00419604 -0.00656812 0.99997 0.00298664 0.0 0.0 0.0 1.0
pumpkin/seq-08/color/frame-000017.color.png pumpkin/seq-08/color/frame-000018.color.png 0.999936 0.002959 0.0109524 -0.0184194 -0.00304179 0.999967 0.00755067 -0.00202889 -0.0109297 -0.0075835 0.999911 0.00334372 0.0 0.0 0.0 1.0
pumpkin/seq-08/color/frame-000018.color.png pumpkin/seq-08/color/frame-000019.color.png 0.999983 0.00309574 0.00499463 -0.0164838 -0.0031401 0.999956 0.00889864 0.00109436 -0.00496685 -0.00891415 0.999948 0.00231987 0.0 0.0 0.0 1.0
pumpkin/seq-08/color/frame-000019.color.png pumpkin/seq-08/color/frame-000020.color.png 0.999988 0.00489577 0.000697801 -0.00845508 -0.00490272 0.999935 0.0103175 -0.00669867 -0.000647262 -0.0103209 0.999946 0.0085574 0.0 0.0 0.0 1.0
pumpkin/seq-08/color/frame-000020.color.png pumpkin/seq-08/color/frame-000021.color.png 0.999987 0.00436514 0.00258368 -0.0157673 -0.00438217 0.999969 0.00662383 -0.00403177 -0.00255468 -0.00663506 0.999975 0.00414888 0.0 0.0 0.0 1.0
pumpkin/seq-08/color/frame-000021.color.png pumpkin/seq-08/color/frame-000022.color.png 0.999972 0.00688167 -0.00309471 -0.010748 -0.00686276 0.999958 0.00608145 -0.00208173 0.00313641 -0.00606003 0.999977 0.00547565 0.0 0.0 0.0 1.0
pumpkin/seq-08/color/frame-000022.color.png pumpkin/seq-08/color/frame-000023.color.png 0.999949 0.00978717 0.00239517 -0.020997 -0.00979749 0.999943 0.00433411 -0.00283838 -0.00235259 -0.00435738 0.999988 0.00621639 0.0 0.0 0.0 1.0
pumpkin/seq-08/color/frame-000023.color.png pumpkin/seq-08/color/frame-000024.color.png 0.999979 0.0064981 0.000233371 -0.0199701 -0.00649854 0.999977 0.00192348 0.00458511 -0.000220859 -0.00192498 0.999998 0.00409938 0.0 0.0 0.0 1.0
pumpkin/seq-08/color/frame-000024.color.png pumpkin/seq-08/color/frame-000025.color.png 0.999952 0.00545802 -0.00818037 -0.00952436 -0.00537942 0.99994 0.00959869 -0.00414559 0.00823227 -0.0095542 0.99992 0.00647494 0.0 0.0 0.0 1.0
pumpkin/seq-08/color/frame-000025.color.png pumpkin/seq-08/color/frame-000026.color.png 0.999984 0.00554716 -0.00154139 -0.0157273 -0.00553904 0.999971 0.00521661 -0.00142792 0.00157027 -0.00520797 0.999985 0.0100744 0.0 0.0 0.0 1.0
pumpkin/seq-08/color/frame-000026.color.png pumpkin/seq-08/color/frame-000027.color.png 0.999994 0.00101752 -0.00317064 -0.0139997 -0.0010029 0.999989 0.00461169 -0.00475456 0.0031753 -0.0046085 0.999984 0.0124025 0.0 0.0 0.0 1.0
pumpkin/seq-08/color/frame-000027.color.png pumpkin/seq-08/color/frame-000028.color.png 0.999976 0.000306038 -0.00692967 -0.00989026 -0.000274436 0.99999 0.00455883 -0.0115482 0.00693101 -0.0045568 0.999966 0.00714321 0.0 0.0 0.0 1.0
pumpkin/seq-08/color/frame-000028.color.png pumpkin/seq-08/color/frame-000029.color.png 0.999973 0.00707534 0.00196396 -0.0209315 -0.00706667 0.999965 -0.00438409 0.00361804 -0.00199493 0.0043701 0.999988 0.00568739 0.0 0.0 0.0 1.0
pumpkin/seq-08/color/frame-000029.color.png pumpkin/seq-08/color/frame-000030.color.png 0.999995 0.00231255 -0.00218673 -0.0172579 -0.00231673 0.999996 -0.00190588 0.00126985 0.00218232 0.00191092 0.999996 0.00486976 0.0 0.0 0.0 1.0
pumpkin/seq-08/color/frame-000030.color.png pumpkin/seq-08/color/frame-000031.color.png 0.999988 0.0038762 -0.00281772 -0.0191028 -0.00388143 0.999991 -0.00185627 0.00560508 0.00281048 0.00186719 0.999994 0.00831165 0.0 0.0 0.0 1.0
pumpkin/seq-08/color/frame-000031.color.png pumpkin/seq-08/color/frame-000032.color.png 0.999961 0.00420143 -0.00778161 -0.00683686 -0.00414914 0.999969 0.00672679 -0.0100985 0.00780966 -0.00669419 0.999947 0.00490206 0.0 0.0 0.0 1.0
pumpkin/seq-08/color/frame-000032.color.png pumpkin/seq-08/color/frame-000033.color.png 0.999974 0.00715756 0.000741293 -0.0206251 -0.00715863 0.999973 0.00145545 -0.00191306 -0.000730886 -0.00146078 0.999999 0.00866187 0.0 0.0 0.0 1.0
pumpkin/seq-08/color/frame-000033.color.png pumpkin/seq-08/color/frame-000034.color.png 0.999989 0.00323051 -0.00338061 -0.0172193 -0.00324417 0.999987 -0.00403981 0.00506984 0.00336753 0.0040508 0.999986 0.0106782 0.0 0.0 0.0 1.0
pumpkin/seq-08/color/frame-000034.color.png pumpkin/seq-08/color/frame-000035.color.png 0.999993 0.00353702 -0.00109826 -0.0144041 -0.00353788 0.999993 -0.000790191 0.000348054 0.00109544 0.000794078 0.999999 0.000352606 0.0 0.0 0.0 1.0
pumpkin/seq-08/color/frame-000035.color.png pumpkin/seq-08/color/frame-000036.color.png 0.999998 0.00159756 0.000963653 -0.0166385 -0.00159707 0.999999 -0.000516817 0.00551172 -0.000964488 0.000515266 0.999999 -0.0026783 0.0 0.0 0.0 1.0
pumpkin/seq-08/color/frame-000036.color.png pumpkin/seq-08/color/frame-000037.color.png 0.999997 0.000780907 0.00253408 -0.0158772 -0.000795033 0.999984 0.00557901 -0.000645209 -0.00252967 -0.00558095 0.999981 0.00292638 0.0 0.0 0.0 1.0
pumpkin/seq-08/color/frame-000037.color.png pumpkin/seq-08/color/frame-000038.color.png 0.999986 -0.00176172 0.00495556 -0.0161241 0.00171038 0.999945 0.0103432 -0.0149559 -0.00497351 -0.0103346 0.999934 0.00806996 0.0 0.0 0.0 1.0
pumpkin/seq-08/color/frame-000038.color.png pumpkin/seq-08/color/frame-000039.color.png 0.999991 -0.0032841 0.00261071 -0.0140658 0.00328895 0.999993 -0.00184945 -0.00027677 -0.00260462 0.001858 0.999995 0.00225362 0.0 0.0 0.0 1.0
pumpkin/seq-08/color/frame-000039.color.png pumpkin/seq-08/color/frame-000040.color.png 0.999991 0.00299925 0.00293778 -0.0244398 -0.00298291 0.99998 -0.00555798 0.0057431 -0.00295434 0.0055492 0.99998 -0.00604117 0.0 0.0 0.0 1.0
pumpkin/seq-08/color/frame-000040.color.png pumpkin/seq-08/color/frame-000041.color.png 0.99998 -0.00139845 0.00608663 -0.0175967 0.00139805 0.999999 7.15137e-05 0.00600196 -0.00608672 -6.30271e-05 0.999981 -0.0054346 0.0 0.0 0.0 1.0
pumpkin/seq-08/color/frame-000041.color.png pumpkin/seq-08/color/frame-000042.color.png 0.99998 -0.00231143 0.0059514 -0.0215036 0.0023001 0.999995 0.00190845 0.0040579 -0.0059558 -0.0018947 0.99998 0.00466867 0.0 0.0 0.0 1.0
pumpkin/seq-08/color/frame-000042.color.png pumpkin/seq-08/color/frame-000043.color.png 0.999992 -0.00357604 -0.00183924 -0.00656587 0.00358104 0.99999 0.00270595 -0.000971917 0.00182955 -0.00271252 0.999995 -0.00144671 0.0 0.0 0.0 1.0
pumpkin/seq-08/color/frame-000043.color.png pumpkin/seq-08/color/frame-000044.color.png 0.999999 0.000991817 0.000957378 -0.0114303 -0.000996062 0.99999 0.00444011 -0.00423384 -0.000952993 -0.00444106 0.99999 0.000881433 0.0 0.0 0.0 1.0
pumpkin/seq-08/color/frame-000044.color.png pumpkin/seq-08/color/frame-000045.color.png 0.999997 0.00216206 0.00104903 -0.0158012 -0.00215785 0.99999 -0.00399537 0.010414 -0.00105761 0.00399308 0.999992 0.00496833 0.0 0.0 0.0 1.0
pumpkin/seq-08/color/frame-000045.color.png pumpkin/seq-08/color/frame-000046.color.png 0.999991 -0.00382183 0.00175696 -0.0242542 0.00382326 0.999992 -0.000811141 0.0087911 -0.00175387 0.000817847 0.999998 -0.00222671 0.0 0.0 0.0 1.0
pumpkin/seq-08/color/frame-000046.color.png pumpkin/seq-08/color/frame-000047.color.png 0.999953 -0.000535715 -0.00965945 -0.00460291 0.000649292 0.999931 0.0117574 -0.0161927 0.0096525 -0.0117631 0.999884 0.00334665 0.0 0.0 0.0 1.0
pumpkin/seq-08/color/frame-000047.color.png pumpkin/seq-08/color/frame-000048.color.png 0.999994 0.0028538 -0.00183138 -0.0160569 -0.00285163 0.999995 0.00118352 -0.00346813 0.00183474 -0.00117828 0.999998 0.00664565 0.0 0.0 0.0 1.0
pumpkin/seq-08/color/frame-000048.color.png pumpkin/seq-08/color/frame-000049.color.png 0.999981 -0.00364616 -0.00498301 -0.0143421 0.00363264 0.99999 -0.00271296 0.00444703 0.00499284 0.0026948 0.999984 -4.72218e-05 0.0 0.0 0.0 1.0
pumpkin/seq-08/color/frame-000049.color.png pumpkin/seq-08/color/frame-000050.color.png 0.999956 0.00161982 -0.00927026 -0.00269771 -0.00155008 0.999971 0.0075235 -0.0146201 0.00928218 -0.00750882 0.999929 -0.00465342 0.0 0.0 0.0 1.0
pumpkin/seq-08/color/frame-000050.color.png pumpkin/seq-08/color/frame-000051.color.png 0.999995 0.000719027 -0.00316253 -0.0259994 -0.00076042 0.999914 -0.0131072 0.0217584 0.00315285 0.0131095 0.999909 -0.00150017 0.0 0.0 0.0 1.0
pumpkin/seq-08/color/frame-000051.color.png pumpkin/seq-08/color/frame-000052.color.png 0.999985 -0.00124528 -0.00523181 -0.0121246 0.00131744 0.999904 0.0138111 -0.0174259 0.0052141 -0.0138178 0.999891 -0.00472671 0.0 0.0 0.0 1.0
pumpkin/seq-08/color/frame-000052.color.png pumpkin/seq-08/color/frame-000053.color.png 0.999973 0.00480404 -0.00556851 -0.00854677 -0.00476792 0.999968 0.00648502 -0.00909216 0.0055995 -0.00645826 0.999963 0.000501186 0.0 0.0 0.0 1.0
pumpkin/seq-08/color/frame-000053.color.png pumpkin/seq-08/color/frame-000054.color.png 0.999989 0.0014849 -0.00446677 -0.00470233 -0.00145899 0.999982 0.00580498 -0.00715691 0.00447529 -0.00579844 0.999973 -0.00507902 0.0 0.0 0.0 1.0
pumpkin/seq-08/color/frame-000054.color.png pumpkin/seq-08/color/frame-000055.color.png 0.999981 0.00412012 0.00455095 -0.0226758 -0.00416455 0.999943 0.00979853 -0.0196315 -0.00451032 -0.00981736 0.999942 0.00173195 0.0 0.0 0.0 1.0
pumpkin/seq-08/color/frame-000055.color.png pumpkin/seq-08/color/frame-000056.color.png 0.999949 0.00622378 -0.00796517 -0.020878 -0.006283 0.999953 -0.007433 0.00250997 0.00791854 0.00748271 0.999941 -0.0146562 0.0 0.0 0.0 1.0
pumpkin/seq-08/color/frame-000056.color.png pumpkin/seq-08/color/frame-000057.color.png 0.999954 -0.00115752 -0.00953597 0.00397116 0.00121591 0.999981 0.00611884 -0.00358654 0.00952869 -0.00613019 0.999936 -0.000661008 0.0 0.0 0.0 1.0
pumpkin/seq-08/color/frame-000057.color.png pumpkin/seq-08/color/frame-000058.color.png 0.999968 0.00788768 0.00137607 -0.0176099 -0.00790145 0.999916 0.0103 -0.0286935 -0.00129471 -0.0103105 0.999946 0.00381047 0.0 0.0 0.0 1.0
pumpkin/seq-08/color/frame-000058.color.png pumpkin/seq-08/color/frame-000059.color.png 0.999974 0.00683342 -0.00234121 -0.0227391 -0.00686935 0.999853 -0.0156988 -0.0150683 0.0022336 0.0157145 0.999874 -0.016676 0.0 0.0 0.0 1.0
pumpkin/seq-08/color/frame-000059.color.png pumpkin/seq-08/color/frame-000060.color.png 0.999995 0.00253249 -0.00179041 -0.00965726 -0.0025428 0.99998 -0.00577862 -0.00912052 0.00177574 0.00578312 0.999982 -0.00042896 0.0 0.0 0.0 1.0
pumpkin/seq-08/color/frame-000060.color.png pumpkin/seq-08/color/frame-000061.color.png 0.999999 -0.000923219 -0.000647967 -0.0163329 0.000904352 0.999592 -0.0285546 0.0167605 0.000674056 0.028554 0.999592 -0.00729118 0.0 0.0 0.0 1.0
pumpkin/seq-08/color/frame-000061.color.png pumpkin/seq-08/color/frame-000062.color.png 0.999755 -0.0221364 0.000508332 -0.0161208 0.0221408 0.999685 -0.0117975 -0.00658051 -0.000247 0.0118059 0.99993 -0.0259621 0.0 0.0 0.0 1.0
pumpkin/seq-08/color/frame-000062.color.png pumpkin/seq-08/color/frame-000063.color.png 0.999996 -0.00276802 0.000381517 -0.00959355 0.00277123 0.999958 -0.00872765 -0.00822706 -0.000357359 0.00872863 0.999962 -0.0109089 0.0 0.0 0.0 1.0
pumpkin/seq-08/color/frame-000063.color.png pumpkin/seq-08/color/frame-000064.color.png 0.999933 -0.00867719 0.00759463 -0.0313758 0.00879804 0.999833 -0.0160229 0.00693099 -0.00745432 0.0160886 0.999843 -0.0228457 0.0 0.0 0.0 1.0
pumpkin/seq-08/color/frame-000064.color.png pumpkin/seq-08/color/frame-000065.color.png 0.99995 -0.00973335 0.00239011 -0.0158428 0.0097471 0.999936 -0.0058095 -0.0018459 -0.0023334 0.00583256 0.99998 -0.00604631 0.0 0.0 0.0 1.0
pumpkin/seq-08/color/frame-000065.color.png pumpkin/seq-08/color/frame-000066.color.png 0.99987 -0.0118158 -0.0110058 -0.00748807 0.0116043 0.99975 -0.019088 0.00370314 0.0112286 0.0189578 0.999757 -0.0135262 0.0 0.0 0.0 1.0
pumpkin/seq-08/color/frame-000066.color.png pumpkin/seq-08/color/frame-000067.color.png 0.999986 -0.00489157 -0.00186126 -0.00666267 0.00488377 0.999979 -0.00417964 -0.00528452 0.00188167 0.00417048 0.99999 -0.00101437 0.0 0.0 0.0 1.0
pumpkin/seq-08/color/frame-000067.color.png pumpkin/seq-08/color/frame-000068.color.png 0.999969 0.00623129 -0.00471167 -0.0159169 -0.00632346 0.999784 -0.0198059 -0.0124671 0.00458723 0.0198351 0.999793 -0.0105495 0.0 0.0 0.0 1.0
pumpkin/seq-08/color/frame-000068.color.png pumpkin/seq-08/color/frame-000069.color.png 0.999946 0.00961976 -0.00403051 -0.000700891 -0.00966088 0.9999 -0.010311 -0.0147178 0.00393092 0.0103493 0.999939 -0.00194898 0.0 0.0 0.0 1.0
pumpkin/seq-08/color/frame-000069.color.png pumpkin/seq-08/color/frame-000070.color.png 1.0 -0.000300511 -0.000108361 -0.0156994 0.000298933 0.999895 -0.0144967 -0.0189136 0.000112713 0.0144967 0.999895 -0.0163671 0.0 0.0 0.0 1.0
pumpkin/seq-08/color/frame-000070.color.png pumpkin/seq-08/color/frame-000071.color.png 0.999807 -0.0174919 -0.00890379 -0.0112652 0.0174057 0.999802 -0.00966628 0.00275935 0.00907111 0.00950945 0.999914 0.000760484 0.0 0.0 0.0 1.0
pumpkin/seq-08/color/frame-000071.color.png pumpkin/seq-08/color/frame-000072.color.png 0.999993 -0.00316194 -0.00182402 -0.00251067 0.00314175 0.999935 -0.0109626 0.00549705 0.00185857 0.0109568 0.999938 -0.000691261 0.0 0.0 0.0 1.0
pumpkin/seq-08/color/frame-000072.color.png pumpkin/seq-08/color/frame-000073.color.png 0.999836 -0.0180899 -0.000362836 -0.00991762 0.0180883 0.999828 -0.00405278 0.00683428 0.000436087 0.00404555 0.999992 -0.00899411 0.0 0.0 0.0 1.0
pumpkin/seq-08/color/frame-000073.color.png pumpkin/seq-08/color/frame-000074.color.png 0.999792 -0.0184911 0.00864738 -0.0223101 0.0184499 0.999818 0.00481453 -0.020616 -0.00873483 -0.00465397 0.999951 -0.0179666 0.0 0.0 0.0 1.0
pumpkin/seq-08/color/frame-000074.color.png pumpkin/seq-08/color/frame-000075.color.png 0.999986 -0.00436562 0.002963 -0.00307488 0.00439232 0.999949 -0.00906711 0.00553234 -0.00292327 0.00907999 0.999955 -0.00156936 0.0 0.0 0.0 1.0
pumpkin/seq-08/color/frame-000075.color.png pumpkin/seq-08/color/frame-000076.color.png 0.999865 -0.00596269 0.0153089 -0.0168105 0.0060488 0.999966 -0.00558454 -0.0353231 -0.0152751 0.00567639 0.999867 -0.0208643 0.0 0.0 0.0 1.0
pumpkin/seq-08/color/frame-000076.color.png pumpkin/seq-08/color/frame-000077.color.png 0.999811 0.00376958 0.0190794 0.0210931 -0.00390512 0.999967 0.00707211 -0.0418058 -0.0190522 -0.00714528 0.999793 -0.0291787 0.0 0.0 0.0 1.0
pumpkin/seq-08/color/frame-000077.color.png pumpkin/seq-08/color/frame-000078.color.png 0.999842 -0.00138118 0.0177044 -0.0228001 0.0015858 0.999932 -0.0115491 0.0127666 -0.0176872 0.0115754 0.999777 -0.00372302 0.0 0.0 0.0 1.0
pumpkin/seq-08/color/frame-000078.color.png pumpkin/seq-08/color/frame-000079.color.png 0.999831 -0.00257812 0.0181893 -0.00305176 0.00274326 0.999955 -0.00905942 -0.0260761 -0.0181651 0.00910778 0.999793 -0.023966 0.0 0.0 0.0 1.0
pumpkin/seq-08/color/frame-000079.color.png pumpkin/seq-08/color/frame-000080.color.png 0.999329 0.00405156 0.0364041 -0.023776 -0.00364617 0.999931 -0.0111956 -0.0222037 -0.036447 0.0110553 0.999274 -0.0375951 0.0 0.0 0.0 1.0
pumpkin/seq-08/color/frame-000080.color.png pumpkin/seq-08/color/frame-000081.color.png 0.999913 -0.00446847 0.0123798 -0.00829244 0.00447598 0.99999 -0.000578527 -0.00851285 -0.0123771 0.000633891 0.999923 -0.0134723 0.0 0.0 0.0 1.0
pumpkin/seq-08/color/frame-000081.color.png pumpkin/seq-08/color/frame-000082.color.png 0.999733 -0.0038663 0.0227789 -0.0196671 0.00408394 0.999946 -0.00951546 -0.0270957 -0.0227409 0.00960595 0.999695 -0.0187244 0.0 0.0 0.0 1.0
pumpkin/seq-08/color/frame-000082.color.png pumpkin/seq-08/color/frame-000083.color.png 0.999949 -8.88698e-05 0.0100745 -0.00227916 0.000258749 0.999858 -0.0168623 -0.00304422 -0.0100715 0.016864 0.999807 -0.00546234 0.0 0.0 0.0 1.0
pumpkin/seq-08/color/frame-000083.color.png pumpkin/seq-08/color/frame-000084.color.png 0.999817 0.0106607 0.0159173 0.00582814 -0.0104751 0.999877 -0.0117009 -0.0356436 -0.0160401 0.0115321 0.999805 -0.0270804 0.0 0.0 0.0 1.0
pumpkin/seq-08/color/frame-000084.color.png pumpkin/seq-08/color/frame-000085.color.png 0.99938 0.0194766 0.0293298 0.0128455 -0.0189755 0.999671 -0.0172698 -0.0323272 -0.0296565 0.0167026 0.999421 -0.0425336 0.0 0.0 0.0 1.0
pumpkin/seq-08/color/frame-000085.color.png pumpkin/seq-08/color/frame-000086.color.png 0.999781 0.000109239 0.0209359 -0.0195163 -0.000498975 0.999827 0.0186118 -0.0523336 -0.0209302 -0.0186181 0.999608 -0.0176422 0.0 0.0 0.0 1.0
pumpkin/seq-08/color/frame-000086.color.png pumpkin/seq-08/color/frame-000087.color.png 0.999941 0.00295614 -0.0104215 -0.000739336 -0.00290826 0.999985 0.00460727 -0.0260873 0.010435 -0.00457669 0.999935 0.00529662 0.0 0.0 0.0 1.0
pumpkin/seq-08/color/frame-000087.color.png pumpkin/seq-08/color/frame-000088.color.png 0.999993 0.00350512 -0.00105968 0.00789297 -0.00350724 0.999992 -0.00200542 -0.0114539 0.00105266 0.00200912 0.999997 -0.00164039 0.0 0.0 0.0 1.0
pumpkin/seq-08/color/frame-000088.color.png pumpkin/seq-08/color/frame-000089.color.png 0.999801 0.0102615 0.017083 -0.000485539 -0.010201 0.999941 -0.00362432 -0.0164372 -0.0171192 0.00344934 0.999848 -0.0226416 0.0 0.0 0.0 1.0
pumpkin/seq-08/color/frame-000089.color.png pumpkin/seq-08/color/frame-000090.color.png 0.999999 -0.00144207 -0.000409631 0.000905871 0.00144206 0.999999 -2.04434e-05 0.00423306 0.000409638 1.98582e-05 1.0 -0.000533149 0.0 0.0 0.0 1.0
pumpkin/seq-08/color/frame-000090.color.png pumpkin/seq-08/color/frame-000091.color.png 0.999941 -0.00643725 -0.00871757 -0.00147891 0.00656952 0.999862 0.01523 -0.0187644 0.00861836 -0.0152864 0.999846 0.00111911 0.0 0.0 0.0 1.0
pumpkin/seq-08/color/frame-000091.color.png pumpkin/seq-08/color/frame-000092.color.png 0.999996 0.000693662 -0.00283976 0.00950825 -0.000680285 0.999989 0.00470587 -0.00722161 0.002843 -0.00470391 0.999985 -0.00486778 0.0 0.0 0.0 1.0
pumpkin/seq-08/color/frame-000092.color.png pumpkin/seq-08/color/frame-000093.color.png 0.999932 -0.00754922 0.00888464 -0.0103776 0.0074009 0.999835 0.0166097 -0.0505522 -0.00900853 -0.0165428 0.999823 -0.0173691 0.0 0.0 0.0 1.0
pumpkin/seq-08/color/frame-000093.color.png pumpkin/seq-08/color/frame-000094.color.png 0.999992 -0.0025928 0.0029037 0.000258446 0.00260757 0.999984 -0.00509538 -0.00474107 -0.00289044 0.00510292 0.999983 -0.000615925 0.0 0.0 0.0 1.0
pumpkin/seq-08/color/frame-000094.color.png pumpkin/seq-08/color/frame-000095.color.png 0.999824 -0.0182819 -0.00430685 0.000697374 0.0182754 0.999832 -0.00153361 0.00306475 0.00433416 0.00145463 0.999989 0.00138471 0.0 0.0 0.0 1.0
pumpkin/seq-08/color/frame-000095.color.png pumpkin/seq-08/color/frame-000096.color.png 0.999956 -0.00680789 -0.00652246 0.0150313 0.0068275 0.999972 0.00298938 -0.0132045 0.0065019 -0.00303378 0.999974 0.00275542 0.0 0.0 0.0 1.0
pumpkin/seq-08/color/frame-000096.color.png pumpkin/seq-08/color/frame-000097.color.png 0.9999 -0.0139437 0.00252337 0.0113653 0.0139838 0.999764 -0.0166221 0.0125068 -0.00229096 0.0166557 0.999859 0.00435823 0.0 0.0 0.0 1.0
pumpkin/seq-08/color/frame-000097.color.png pumpkin/seq-08/color/frame-000098.color.png 0.999948 -0.00842194 0.00579178 0.0128592 0.00839886 0.999957 0.00399726 -0.0252624 -0.0058252 -0.00394841 0.999975 -0.0192059 0.0 0.0 0.0 1.0
pumpkin/seq-08/color/frame-000098.color.png pumpkin/seq-08/color/frame-000099.color.png 0.999853 -0.00983222 0.0140142 0.0417766 0.010007 0.999872 -0.0124568 0.00483078 -0.0138899 0.0125952 0.999824 -0.0138359 0.0 0.0 0.0 1.0
pumpkin/seq-08/color/frame-000099.color.png pumpkin/seq-08/color/frame-000100.color.png 0.999698 -0.00851422 0.0230284 -0.00690544 0.00896213 0.999771 -0.0194169 0.0329484 -0.0228578 0.0196174 0.999546 -0.00619569 0.0 0.0 0.0 1.0
pumpkin/seq-08/color/frame-000100.color.png pumpkin/seq-08/color/frame-000101.color.png 0.999284 -0.0227134 0.0302445 0.0179543 0.022684 0.999742 0.00131376 -0.0166466 -0.0302666 -0.000626748 0.999542 -0.0383931 0.0 0.0 0.0 1.0
pumpkin/seq-08/color/frame-000101.color.png pumpkin/seq-08/color/frame-000102.color.png 0.999727 -0.00266824 0.0232298 0.0089106 0.00293073 0.999932 -0.0112733 0.00922912 -0.0231981 0.0113383 0.999667 -0.00576372 0.0 0.0 0.0 1.0
pumpkin/seq-08/color/frame-000102.color.png pumpkin/seq-08/color/frame-000103.color.png 0.999813 -0.0160853 0.0107698 0.0558259 0.0160309 0.999858 0.00511652 -0.0276334 -0.0108507 -0.00494292 0.999929 -0.0379836 0.0 0.0 0.0 1.0
pumpkin/seq-08/color/frame-000103.color.png pumpkin/seq-08/color/frame-000104.color.png 0.999952 -0.00949446 -0.00219122 0.022503 0.00948003 0.999934 -0.00649785 0.00610358 0.00225292 0.00647677 0.999977 0.000992402 0.0 0.0 0.0 1.0
pumpkin/seq-08/color/frame-000104.color.png pumpkin/seq-08/color/frame-000105.color.png 0.999967 -0.00437708 0.00689594 0.0112371 0.00438489 0.99999 -0.00112015 -0.00108135 -0.00689097 0.00115035 0.999976 0.00230801 0.0 0.0 0.0 1.0
pumpkin/seq-08/color/frame-000105.color.png pumpkin/seq-08/color/frame-000106.color.png 0.999876 -0.00387905 0.0152825 0.0247097 0.00396711 0.999976 -0.00573583 0.0101398 -0.0152599 0.00579573 0.999867 -0.0176705 0.0 0.0 0.0 1.0
pumpkin/seq-08/color/frame-000106.color.png pumpkin/seq-08/color/frame-000107.color.png 0.999924 -0.00829045 0.0091563 0.0233135 0.00820223 0.99992 0.00963135 -0.0208884 -0.00923548 -0.0095555 0.999912 -0.00850607 0.0 0.0 0.0 1.0
pumpkin/seq-08/color/frame-000107.color.png pumpkin/seq-08/color/frame-000108.color.png 0.999992 -0.0037556 -0.00117985 0.034916 0.00375528 0.999993 -0.000276638 0.0001899 0.00118092 0.00027219 0.999999 -0.00652592 0.0 0.0 0.0 1.0
pumpkin/seq-08/color/frame-000108.color.png pumpkin/seq-08/color/frame-000109.color.png 0.99991 -0.0130234 0.00324266 0.0310646 0.013017 0.999913 0.00199194 0.00128013 -0.00326828 -0.00194954 0.999993 -0.0192832 0.0 0.0 0.0 1.0
pumpkin/seq-08/color/frame-000109.color.png pumpkin/seq-08/color/frame-000110.color.png 0.999959 -0.00783418 0.00442902 0.00444984 0.00782649 0.999968 0.00174579 0.00332552 -0.00444261 -0.00171105 0.999989 -0.0032645 0.0 0.0 0.0 1.0
pumpkin/seq-08/color/frame-000110.color.png pumpkin/seq-08/color/frame-000111.color.png 0.999944 0.000601802 0.0105841 -0.00450873 -0.000558216 0.999991 -0.00411922 0.0178763 -0.0105864 0.00411308 0.999936 -0.00347356 0.0 0.0 0.0 1.0
pumpkin/seq-08/color/frame-000111.color.png pumpkin/seq-08/color/frame-000112.color.png 0.999937 -0.0112251 5.0865e-05 0.0299063 0.0112233 0.99984 0.0138999 -0.0186822 -0.000206972 -0.0138985 0.999903 -0.0141374 0.0 0.0 0.0 1.0
pumpkin/seq-08/color/frame-000112.color.png pumpkin/seq-08/color/frame-000113.color.png 0.999814 -0.0139794 0.0132577 0.0287362 0.0138853 0.999878 0.0071577 -0.00164533 -0.0133562 -0.00697229 0.999886 -0.0231366 0.0 0.0 0.0 1.0
pumpkin/seq-08/color/frame-000113.color.png pumpkin/seq-08/color/frame-000114.color.png 0.999891 -0.00960005 0.0111864 0.00339693 0.00957792 0.999952 0.00203588 0.00801522 -0.0112054 -0.00192851 0.999935 -0.001551 0.0 0.0 0.0 1.0
pumpkin/seq-08/color/frame-000114.color.png pumpkin/seq-08/color/frame-000115.color.png 0.999877 -0.0112957 0.0108796 0.00100881 0.0112263 0.999916 0.00641363 -0.000108242 -0.0109512 -0.00629071 0.99992 -0.00555763 0.0 0.0 0.0 1.0
pumpkin/seq-08/color/frame-000115.color.png pumpkin/seq-08/color/frame-000116.color.png 0.999973 -0.00154084 0.00712224 0.0152504 0.00156907 0.999991 -0.00396559 0.0275486 -0.00711606 0.00397666 0.999967 -0.00721371 0.0 0.0 0.0 1.0
pumpkin/seq-08/color/frame-000116.color.png pumpkin/seq-08/color/frame-000117.color.png 0.999921 -0.0122539 0.00286375 0.0209789 0.0122237 0.999872 0.0103347 -0.0115101 -0.00298995 -0.0102988 0.999942 -0.00494674 0.0 0.0 0.0 1.0
pumpkin/seq-08/color/frame-000117.color.png pumpkin/seq-08/color/frame-000118.color.png 0.999721 -0.0190217 0.0140273 0.0178728 0.0190665 0.999813 -0.00306306 0.014621 -0.0139664 0.00332965 0.999897 -0.00708945 0.0 0.0 0.0 1.0
pumpkin/seq-08/color/frame-000118.color.png pumpkin/seq-08/color/frame-000119.color.png 0.999964 -0.00488257 0.00687668 0.0166825 0.00490271 0.999984 -0.00291999 0.0107992 -0.00686225 0.0029536 0.999972 -0.00156732 0.0 0.0 0.0 1.0
pumpkin/seq-08/color/frame-000119.color.png pumpkin/seq-08/color/frame-000120.color.png 0.999965 -0.00651728 0.00523499 0.0221019 0.00648533 0.99996 0.0061067 -0.00376827 -0.00527457 -0.00607256 0.999968 -0.0118205 0.0 0.0 0.0 1.0
pumpkin/seq-08/color/frame-000120.color.png pumpkin/seq-08/color/frame-000121.color.png 0.99988 -0.00581136 0.0143866 0.00309104 0.00578632 0.999982 0.00177397 0.0114763 -0.0143966 -0.00169048 0.999895 0.00228032 0.0 0.0 0.0 1.0
pumpkin/seq-08/color/frame-000121.color.png pumpkin/seq-08/color/frame-000122.color.png 0.999948 -0.00913707 0.0045467 0.0121479 0.00912386 0.999954 0.00293435 0.0102858 -0.00457335 -0.0028927 0.999985 -0.0105614 0.0 0.0 0.0 1.0
pumpkin/seq-08/color/frame-000122.color.png pumpkin/seq-08/color/frame-000123.color.png 0.999896 -0.0136136 0.00474774 0.0324531 0.0135732 0.999872 0.00844567 0.0123823 -0.00486207 -0.00838034 0.999953 0.00192383 0.0 0.0 0.0 1.0
pumpkin/seq-08/color/frame-000123.color.png pumpkin/seq-08/color/frame-000124.color.png 0.999986 -0.0012445 0.00516156 0.013252 0.00123454 0.999997 0.00194647 0.00141889 -0.00516393 -0.00194009 0.999985 0.000377521 0.0 0.0 0.0 1.0
pumpkin/seq-08/color/frame-000124.color.png pumpkin/seq-08/color/frame-000125.color.png 0.999982 -0.00111917 0.00595867 0.0114497 0.0010815 0.99998 0.00630261 -0.000152349 -0.00596557 -0.00629603 0.999962 -0.00204657 0.0 0.0 0.0 1.0
pumpkin/seq-08/color/frame-000125.color.png pumpkin/seq-08/color/frame-000126.color.png 0.999953 -0.00696384 0.00674037 0.00510657 0.00688244 0.999904 0.0120346 -0.00411826 -0.00682351 -0.0119876 0.999905 -0.000256643 0.0 0.0 0.0 1.0
pumpkin/seq-08/color/frame-000126.color.png pumpkin/seq-08/color/frame-000127.color.png 0.999918 -0.00883321 -0.00932744 0.0339643 0.00887492 0.999951 0.00444174 0.0122915 0.00928774 -0.00452414 0.999947 -0.00778903 0.0 0.0 0.0 1.0
pumpkin/seq-08/color/frame-000127.color.png pumpkin/seq-08/color/frame-000128.color.png 0.99996 -0.00826516 0.00330319 0.00733268 0.00825442 0.999961 0.0032691 0.0144266 -0.00333013 -0.00324172 0.999989 0.00773628 0.0 0.0 0.0 1.0
pumpkin/seq-08/color/frame-000128.color.png pumpkin/seq-08/color/frame-000129.color.png 0.999843 -0.00711238 0.0162222 0.022463 0.00700894 0.999955 0.00642095 0.02872 -0.016267 -0.00630625 0.999848 0.00585805 0.0 0.0 0.0 1.0
pumpkin/seq-08/color/frame-000129.color.png pumpkin/seq-08/color/frame-000130.color.png 0.999894 -0.00889146 0.0115559 0.00818366 0.00882436 0.999944 0.00584892 0.00535399 -0.0116073 -0.0057463 0.999916 0.00084953 0.0 0.0 0.0 1.0
pumpkin/seq-08/color/frame-000130.color.png pumpkin/seq-08/color/frame-000131.color.png 0.999941 -0.00717453 0.00811833 0.00745116 0.00715837 0.999972 0.00201757 0.00865108 -0.00813269 -0.00195937 0.999965 0.0115393 0.0 0.0 0.0 1.0
pumpkin/seq-08/color/frame-000131.color.png pumpkin/seq-08/color/frame-000132.color.png 0.999948 -0.00999355 -0.00224453 0.0186143 0.00997958 0.999931 -0.00614777 0.0168973 0.0023059 0.00612509 0.999979 0.0056684 0.0 0.0 0.0 1.0
pumpkin/seq-08/color/frame-000132.color.png pumpkin/seq-08/color/frame-000133.color.png 0.999976 -0.00669928 -0.0019338 0.00897554 0.00669066 0.999968 -0.00443213 0.00860375 0.00196338 0.00441905 0.999988 0.00585864 0.0 0.0 0.0 1.0
pumpkin/seq-08/color/frame-000133.color.png pumpkin/seq-08/color/frame-000134.color.png 0.999962 -0.00777579 -0.00397468 0.019664 0.00776774 0.999968 -0.00201549 0.00261068 0.00399026 0.00198458 0.99999 0.0110832 0.0 0.0 0.0 1.0
pumpkin/seq-08/color/frame-000134.color.png pumpkin/seq-08/color/frame-000135.color.png 0.999983 -0.00573083 -0.000873141 0.021031 0.0057297 0.999983 -0.00131158 0.0093112 0.000880642 0.00130653 0.999999 -0.00500874 0.0 0.0 0.0 1.0
pumpkin/seq-08/color/frame-000135.color.png pumpkin/seq-08/color/frame-000136.color.png 0.999988 0.00195437 0.00443329 0.0269983 -0.00198779 0.99997 0.00753947 -0.00260991 -0.00441845 -0.00754821 0.999962 -0.00128935 0.0 0.0 0.0 1.0
pumpkin/seq-08/color/frame-000136.color.png pumpkin/seq-08/color/frame-000137.color.png 0.999938 -0.000119946 0.011133 0.00999817 0.000132648 0.999999 -0.00113622 0.0087592 -0.0111328 0.00113768 0.999937 0.00767013 0.0 0.0 0.0 1.0
pumpkin/seq-08/color/frame-000137.color.png pumpkin/seq-08/color/frame-000138.color.png 0.999951 0.000761603 0.00982059 0.00285393 -0.000749482 0.999999 -0.00124226 0.00719112 -0.00982168 0.00123483 0.999951 0.00912051 0.0 0.0 0.0 1.0
pumpkin/seq-08/color/frame-000138.color.png pumpkin/seq-08/color/frame-000139.color.png 0.999961 -0.00732817 0.00490127 0.00755426 0.00733744 0.999971 -0.0018636 0.00526708 -0.00488738 0.00189947 0.999986 0.00985534 0.0 0.0 0.0 1.0
pumpkin/seq-08/color/frame-000139.color.png pumpkin/seq-08/color/frame-000140.color.png 0.999962 -0.00866978 0.000770033 0.0087704 0.00867101 0.999961 -0.00170013 0.0014016 -0.000755193 0.00170674 0.999998 0.00730266 0.0 0.0 0.0 1.0
pumpkin/seq-08/color/frame-000140.color.png pumpkin/seq-08/color/frame-000141.color.png 0.999851 -0.00690637 -0.0158105 0.0346923 0.00683415 0.999966 -0.00462156 0.012528 0.0158418 0.00451282 0.999864 -0.0124113 0.0 0.0 0.0 1.0
pumpkin/seq-08/color/frame-000141.color.png pumpkin/seq-08/color/frame-000142.color.png 1.0 0.000326863 -1.56365e-05 0.0103839 -0.000326974 1.0 -0.000210924 0.0101885 1.55822e-05 0.000210916 1.0 0.00541435 0.0 0.0 0.0 1.0
pumpkin/seq-08/color/frame-000142.color.png pumpkin/seq-08/color/frame-000143.color.png 0.999995 0.00311277 4.74986e-05 0.0179965 -0.00311289 0.999975 0.00638463 0.00191271 -2.7562e-05 -0.0063847 0.99998 -0.0046007 0.0 0.0 0.0 1.0
pumpkin/seq-08/color/frame-000143.color.png pumpkin/seq-08/color/frame-000144.color.png 0.999943 0.00213302 0.0104802 0.0106792 -0.00224238 0.999943 0.0104265 -0.001697 -0.0104575 -0.0104494 0.999891 0.00278565 0.0 0.0 0.0 1.0
pumpkin/seq-08/color/frame-000144.color.png pumpkin/seq-08/color/frame-000145.color.png 0.999975 0.00636434 0.0029426 0.0241494 -0.0063793 0.999966 0.00513179 0.0134622 -0.00290978 -0.00515045 0.999983 -0.00507736 0.0 0.0 0.0 1.0
pumpkin/seq-08/color/frame-000145.color.png pumpkin/seq-08/color/frame-000146.color.png 0.999964 0.00487338 0.00696781 0.00876 -0.00490055 0.99998 0.00388266 0.00698942 -0.00694871 -0.00391664 0.999968 0.00559788 0.0 0.0 0.0 1.0
pumpkin/seq-08/color/frame-000146.color.png pumpkin/seq-08/color/frame-000147.color.png 0.999998 0.00203944 0.000811346 0.0162403 -0.00204083 0.999996 0.00179425 0.00960082 -0.000807657 -0.00179588 0.999998 -0.00482821 0.0 0.0 0.0 1.0
pumpkin/seq-08/color/frame-000147.color.png pumpkin/seq-08/color/frame-000148.color.png 0.999994 0.00334088 -0.00118567 0.0180249 -0.00333602 0.999986 0.00409106 0.00971389 0.00119915 -0.00408712 0.999991 -0.00928698 0.0 0.0 0.0 1.0
pumpkin/seq-08/color/frame-000148.color.png pumpkin/seq-08/color/frame-000149.color.png 0.99973 0.021166 0.00956419 0.0324554 -0.0213413 0.999599 0.0186206 0.00837076 -0.00916625 -0.0188197 0.999781 -0.00232822 0.0 0.0 0.0 1.0
pumpkin/seq-08/color/frame-000149.color.png pumpkin/seq-08/color/frame-000150.color.png 0.999953 0.00714703 0.0065389 0.011608 -0.00713744 0.999973 -0.00148904 0.0150874 -0.00654933 0.00144232 0.999978 0.00728258 0.0 0.0 0.0 1.0
pumpkin/seq-08/color/frame-000150.color.png pumpkin/seq-08/color/frame-000151.color.png 0.999998 0.000982734 0.0019663 0.00314992 -0.000967156 0.999968 -0.00791299 0.0200911 -0.00197394 0.00791106 0.999967 0.00902293 0.0 0.0 0.0 1.0
pumpkin/seq-08/color/frame-000151.color.png pumpkin/seq-08/color/frame-000152.color.png 0.999961 -0.000590674 -0.00878872 0.0143028 0.000568395 0.999996 -0.00254572 0.00594619 0.0087901 0.0025406 0.999958 -0.00671761 0.0 0.0 0.0 1.0
pumpkin/seq-08/color/frame-000152.color.png pumpkin/seq-08/color/frame-000153.color.png 0.999987 0.00170659 -0.0048592 0.0121852 -0.00170258 0.999998 0.000829397 0.00142664 0.00486055 -0.000821119 0.999988 -0.00783718 0.0 0.0 0.0 1.0
pumpkin/seq-08/color/frame-000153.color.png pumpkin/seq-08/color/frame-000154.color.png 0.999987 0.00507383 -0.000594489 0.0145376 -0.00507021 0.999969 0.00600195 0.00677681 0.000625035 -0.00599883 0.999982 -0.0124 0.0 0.0 0.0 1.0
pumpkin/seq-08/color/frame-000154.color.png pumpkin/seq-08/color/frame-000155.color.png 0.99998 0.00378921 0.00508198 0.0102491 -0.00384158 0.999939 0.0103378 0.00353703 -0.00504256 -0.0103571 0.999934 -0.00198573 0.0 0.0 0.0 1.0
pumpkin/seq-08/color/frame-000155.color.png pumpkin/seq-08/color/frame-000156.color.png 0.999978 0.00532485 0.00402045 0.0112089 -0.00534054 0.999978 0.00389605 0.0150457 -0.00399962 -0.00391743 0.999984 -0.00370094 0.0 0.0 0.0 1.0
pumpkin/seq-08/color/frame-000156.color.png pumpkin/seq-08/color/frame-000157.color.png 0.999984 0.00553478 0.000884599 0.0122838 -0.00553745 0.99998 0.00307069 0.0124113 -0.000867598 -0.00307556 0.999995 0.00136736 0.0 0.0 0.0 1.0
pumpkin/seq-08/color/frame-000157.color.png pumpkin/seq-08/color/frame-000158.color.png 0.999996 0.0025077 -0.00123716 0.00872409 -0.00251003 0.999995 -0.00186597 0.00806138 0.00123252 0.00186909 0.999997 -0.00649375 0.0 0.0 0.0 1.0
pumpkin/seq-08/color/frame-000158.color.png pumpkin/seq-08/color/frame-000159.color.png 0.999996 0.00248965 -0.000853726 0.00211895 -0.00249483 0.999978 -0.00614494 0.0123872 0.000838485 0.00614701 0.999981 -0.00150868 0.0 0.0 0.0 1.0
pumpkin/seq-08/color/frame-000159.color.png pumpkin/seq-08/color/frame-000160.color.png 0.999967 0.0005519 -0.0080936 0.00905263 -0.000547679 1.0 0.000520612 0.00578889 0.00809373 -0.000516164 0.999967 -0.00322539 0.0 0.0 0.0 1.0
pumpkin/seq-08/color/frame-000160.color.png pumpkin/seq-08/color/frame-000161.color.png 0.999884 0.00462049 -0.0145125 0.0181373 -0.00453516 0.999972 0.00590874 0.00367567 0.0145395 -0.00584222 0.999877 -0.0167113 0.0 0.0 0.0 1.0
pumpkin/seq-08/color/frame-000161.color.png pumpkin/seq-08/color/frame-000162.color.png 0.999883 0.00871376 -0.0126016 0.024972 -0.00863724 0.999944 0.00611776 0.0100495 0.0126541 -0.0060082 0.999902 -0.0207587 0.0 0.0 0.0 1.0
pumpkin/seq-08/color/frame-000162.color.png pumpkin/seq-08/color/frame-000163.color.png 0.999971 0.00761903 -0.000790576 0.0167577 -0.00760961 0.999907 0.0112754 0.00630486 0.000876371 -0.0112691 0.999936 -0.0120018 0.0 0.0 0.0 1.0
pumpkin/seq-08/color/frame-000163.color.png pumpkin/seq-08/color/frame-000164.color.png 0.999966 0.00820892 0.000118768 0.0126943 -0.00820953 0.999941 0.00716235 0.0164062 -5.99187e-05 -0.00716307 0.999974 -0.00649986 0.0 0.0 0.0 1.0
pumpkin/seq-08/color/frame-000164.color.png pumpkin/seq-08/color/frame-000165.color.png 0.999932 0.00826094 -0.00826011 0.0187891 -0.00823611 0.999961 0.0030285 0.0214802 0.00828486 -0.00296025 0.999961 -0.00939384 0.0 0.0 0.0 1.0
pumpkin/seq-08/color/frame-000165.color.png pumpkin/seq-08/color/frame-000166.color.png 0.999976 0.00177984 -0.00661348 0.0100618 -0.00177321 0.999998 0.00102096 0.0125676 0.00661531 -0.00100921 0.999978 -0.00301106 0.0 0.0 0.0 1.0
pumpkin/seq-08/color/frame-000166.color.png pumpkin/seq-08/color/frame-000167.color.png 0.999917 -0.000812123 -0.0128759 0.0179057 0.000813943 1.0 0.00013313 0.00743872 0.0128758 -0.000143613 0.999917 -0.00906903 0.0 0.0 0.0 1.0
pumpkin/seq-08/color/frame-000167.color.png pumpkin/seq-08/color/frame-000168.color.png 0.999946 0.00391229 -0.00965686 0.00781867 -0.00386591 0.999981 0.00481396 0.00472775 0.00967544 -0.00477636 0.999942 -0.00884211 0.0 0.0 0.0 1.0
pumpkin/seq-08/color/frame-000168.color.png pumpkin/seq-08/color/frame-000169.color.png 0.999951 0.00301625 -0.00947854 0.0134906 -0.00299027 0.999992 0.00275505 0.0106349 0.00948682 -0.0027266 0.999951 -0.0137514 0.0 0.0 0.0 1.0
pumpkin/seq-08/color/frame-000169.color.png pumpkin/seq-08/color/frame-000170.color.png 0.999982 0.00287554 -0.00536447 0.0134739 -0.00285078 0.999985 0.00462297 0.0113419 0.00537776 -0.00460755 0.999975 -0.0104953 0.0 0.0 0.0 1.0
pumpkin/seq-08/color/frame-000170.color.png pumpkin/seq-08/color/frame-000171.color.png 0.999935 0.00174782 -0.0112497 0.0179628 -0.0016876 0.999984 0.00535681 0.00728112 0.011259 -0.00533745 0.999922 -0.00933653 0.0 0.0 0.0 1.0
pumpkin/seq-08/color/frame-000171.color.png pumpkin/seq-08/color/frame-000172.color.png 0.999941 0.0037988 -0.0102143 0.0112453 -0.00376778 0.999988 0.00305593 0.0136771 0.0102257 -0.00301726 0.999943 -0.0080619 0.0 0.0 0.0 1.0
