pumpkin/seq-08/color/frame-000000.color.png pumpkin/seq-08/color/frame-000003.color.png 0.999997 -0.00244593 0.000653361 -0.00868532 0.00244511 0.999996 0.001244 0.0100656 -0.000656401 -0.0012424 0.999999 5.04128e-05 0.0 0.0 0.0 1.0
pumpkin/seq-08/color/frame-000003.color.png pumpkin/seq-08/color/frame-000006.color.png 0.999959 -0.0054309 0.00717706 -0.00582871 0.00544292 0.999984 -0.00165666 0.0102175 -0.00716794 0.00169566 0.999973 0.0031665 0.0 0.0 0.0 1.0
pumpkin/seq-08/color/frame-000006.color.png pumpkin/seq-08/color/frame-000009.color.png 0.999835 0.0148137 0.0105401 -0.0125859 -0.0150882 0.999536 0.0264565 0.0159517 -0.0101433 -0.0266111 0.999594 0.00493937 0.0 0.0 0.0 1.0
pumpkin/seq-08/color/frame-000009.color.png pumpkin/seq-08/color/frame-000012.color.png 0.99967 -0.0101564 0.0235985 -0.0217505 0.00934796 0.999374 0.034119 0.00597433 -0.0239303 -0.0338872 0.999139 0.0115489 0.0 0.0 0.0 1.0
pumpkin/seq-08/color/frame-000012.color.png pumpkin/seq-08/color/frame-000015.color.png 0.999769 0.00569446 0.0207128 -0.0217095 -0.00651692 0.999184 0.0398598 -0.00573261 -0.0204689 -0.0399856 0.998991 0.0121613 0.0 0.0 0.0 1.0
pumpkin/seq-08/color/frame-000015.color.png pumpkin/seq-08/color/frame-000018.color.png 0.99951 0.00661948 0.0305889 -0.05254 -0.00708429 0.999861 0.0151118 0.0148719 -0.0304846 -0.0153211 0.999418 0.00267174 0.0 0.0 0.0 1.0
pumpkin/seq-08/color/frame-000018.color.png pumpkin/seq-08/color/frame-000021.color.png 0.999906 0.0123903 0.00590777 -0.0354619 -0.0125278 0.999638 0.0238301 -0.00664337 -0.00561038 -0.0239019 0.999699 0.0137862 0.0 0.0 0.0 1.0
pumpkin/seq-08/color/frame-000021.color.png pumpkin/seq-08/color/frame-000024.color.png 0.999721 0.0236172 -0.000965794 -0.050912 -0.0236101 0.999698 0.00679368 0.0115357 0.00112596 -0.00676901 0.999976 0.0221602 0.0 0.0 0.0 1.0
pumpkin/seq-08/color/frame-000024.color.png pumpkin/seq-08/color/frame-000027.color.png 0.999866 0.0115289 -0.0116351 -0.0423665 -0.0112537 0.999662 0.0234421 -0.0187786 0.0119014 -0.023308 0.999657 0.0252173 0.0 0.0 0.0 1.0
pumpkin/seq-08/color/frame-000027.color.png pumpkin/seq-08/color/frame-000030.color.png 0.999897 0.0107253 -0.00957561 -0.0422449 -0.0107571 0.999937 -0.00328382 -0.00262044 0.00953979 0.00338645 0.999949 0.022291 0.0 0.0 0.0 1.0
pumpkin/seq-08/color/frame-000030.color.png pumpkin/seq-08/color/frame-000033.color.png 0.999788 0.0147271 -0.0143784 -0.0391087 -0.0146365 0.999872 0.00638798 -0.00556682 0.0144706 -0.00617618 0.999876 0.0218073 0.0 0.0 0.0 1.0
pumpkin/seq-08/color/frame-000033.color.png pumpkin/seq-08/color/frame-000036.color.png 0.999965 0.00728534 -0.00413872 -0.0461085 -0.00730822 0.999958 -0.00553814 0.01111 0.00409819 0.00556822 0.999976 0.00847663 0.0 0.0 0.0 1.0
pumpkin/seq-08/color/frame-000036.color.png pumpkin/seq-08/color/frame-000039.color.png 0.999822 0.00169321 0.0187825 -0.0647055 -0.00187111 0.999954 0.00945785 -0.00804669 -0.0187656 -0.00949134 0.999779 0.0118212 0.0 0.0 0.0 1.0
pumpkin/seq-08/color/frame-000039.color.png pumpkin/seq-08/color/frame-000042.color.png 0.999897 -0.000159711 0.0143675 -0.0617289 0.00016737 1.0 -0.000530549 0.00953423 -0.0143674 0.000532925 0.999897 -0.00818358 0.0 0.0 0.0 1.0
pumpkin/seq-08/color/frame-000042.color.png pumpkin/seq-08/color/frame-000045.color.png 0.999987 0.000783182 0.00511404 -0.0441494 -0.000800874 0.999994 0.00345926 0.00437474 -0.00511128 -0.00346329 0.999981 0.00166801 0.0 0.0 0.0 1.0
pumpkin/seq-08/color/frame-000045.color.png pumpkin/seq-08/color/frame-000048.color.png 0.999944 -0.00390051 -0.0098327 -0.0417452 0.00401196 0.999928 0.0113426 -0.00751331 0.00978775 -0.0113814 0.999887 0.0111795 0.0 0.0 0.0 1.0
pumpkin/seq-08/color/frame-000048.color.png pumpkin/seq-08/color/frame-000051.color.png 0.999901 -0.000902988 -0.0140538 -0.049379 0.000842965 0.99999 -0.00427782 0.00360661 0.0140576 0.00426558 0.999892 -0.00913703 0.0 0.0 0.0 1.0
pumpkin/seq-08/color/frame-000051.color.png pumpkin/seq-08/color/frame-000054.color.png 0.999691 -0.0012394 -0.0248271 -0.00508469 0.00174338 0.999793 0.0202893 -0.0173205 0.0247968 -0.0203263 0.999486 -0.000676632 0.0 0.0 0.0 1.0
pumpkin/seq-08/color/frame-000054.color.png pumpkin/seq-08/color/frame-000057.color.png 0.99984 0.011198 -0.0139617 -0.0420573 -0.0109827 0.999821 0.0153988 -0.0374501 0.0141316 -0.0152431 0.999784 -0.0209178 0.0 0.0 0.0 1.0
pumpkin/seq-08/color/frame-000057.color.png pumpkin/seq-08/color/frame-000060.color.png 0.999861 0.0163843 -0.00309989 -0.0511099 -0.0164072 0.999837 -0.00751531 -0.0575264 0.00297626 0.00756515 0.999967 -0.0161829 0.0 0.0 0.0 1.0
pumpkin/seq-08/color/frame-000060.color.png pumpkin/seq-08/color/frame-000063.color.png 0.999777 -0.0203159 0.00573525 -0.0505978 0.0205637 0.998679 -0.0470938 -0.00430558 -0.00477093 0.0472012 0.998874 -0.0394691 0.0 0.0 0.0 1.0
pumpkin/seq-08/color/frame-000063.color.png pumpkin/seq-08/color/frame-000066.color.png 0.999264 -0.0367544 -0.0109459 -0.0351802 0.0362889 0.998538 -0.0400624 0.00511806 0.0124024 0.0396358 0.999137 -0.0468549 0.0 0.0 0.0 1.0
pumpkin/seq-08/color/frame-000066.color.png pumpkin/seq-08/color/frame-000069.color.png 0.999601 0.00396773 -0.027964 0.0207933 -0.00499887 0.999306 -0.0369011 -0.0228338 0.0277982 0.0370262 0.998927 0.00432024 0.0 0.0 0.0 1.0
pumpkin/seq-08/color/frame-000069.color.png pumpkin/seq-08/color/frame-000072.color.png 0.999768 -0.0211777 -0.00400239 -0.0425433 0.021032 0.999218 -0.0334876 -0.0160915 0.00470844 0.0333956 0.999431 -0.0252225 0.0 0.0 0.0 1.0
pumpkin/seq-08/color/frame-000072.color.png pumpkin/seq-08/color/frame-000075.color.png 0.999146 -0.0393821 0.0124705 -0.0370041 0.0393626 0.999223 0.00180147 -0.0317138 -0.0125318 -0.00130906 0.999921 -0.0266771 0.0 0.0 0.0 1.0
pumpkin/seq-08/color/frame-000075.color.png pumpkin/seq-08/color/frame-000078.color.png 0.998869 -0.00352844 0.0474101 -0.0105041 0.0044474 0.999804 -0.0192918 -0.042689 -0.0473327 0.0194809 0.998689 -0.0489055 0.0 0.0 0.0 1.0
pumpkin/seq-08/color/frame-000078.color.png pumpkin/seq-08/color/frame-000081.color.png 0.997052 -0.00654541 0.0764503 -0.0625112 0.00703131 0.999957 -0.00608835 -0.0864235 -0.0764071 0.00660795 0.997055 -0.0929435 0.0 0.0 0.0 1.0
pumpkin/seq-08/color/frame-000081.color.png pumpkin/seq-08/color/frame-000084.color.png 0.998284 0.00983814 0.0577283 -0.0357528 -0.00789903 0.9994 -0.0337229 -0.0803943 -0.0580254 0.033209 0.997763 -0.0579128 0.0 0.0 0.0 1.0
pumpkin/seq-08/color/frame-000084.color.png pumpkin/seq-08/color/frame-000087.color.png 0.998901 0.0241972 0.0401404 -0.00277352 -0.0235301 0.999578 -0.0170091 -0.059249 -0.0405351 0.0160459 0.999049 -0.0402299 0.0 0.0 0.0 1.0
pumpkin/seq-08/color/frame-000087.color.png pumpkin/seq-08/color/frame-000090.color.png 0.999815 0.0094631 0.0167556 0.00222778 -0.00962795 0.999906 0.00978537 -0.0570092 -0.0166613 -0.00994489 0.999812 -0.0344141 0.0 0.0 0.0 1.0
pumpkin/seq-08/color/frame-000090.color.png pumpkin/seq-08/color/frame-000093.color.png 0.999916 -0.00834781 -0.00987234 0.0216504 0.00848036 0.999873 0.0134624 -0.0290059 0.00975864 -0.013545 0.999861 0.000443041 0.0 0.0 0.0 1.0
pumpkin/seq-08/color/frame-000093.color.png pumpkin/seq-08/color/frame-000096.color.png 0.999617 -0.0263573 -0.00839672 0.0178841 0.0264059 0.999635 0.00572774 -0.0357494 0.00824271 -0.00594727 0.999948 0.00124361 0.0 0.0 0.0 1.0
pumpkin/seq-08/color/frame-000096.color.png pumpkin/seq-08/color/frame-000099.color.png 0.999424 -0.0204371 0.0270856 0.0652912 0.022221 0.997486 -0.0672855 0.080943 -0.0256424 0.0678487 0.997366 -0.00819884 0.0 0.0 0.0 1.0
pumpkin/seq-08/color/frame-000099.color.png pumpkin/seq-08/color/frame-000102.color.png 0.996801 -0.0379701 0.0703329 0.0289087 0.0395858 0.99898 -0.0217211 0.0139582 -0.0694363 0.0244358 0.997287 -0.04822 0.0 0.0 0.0 1.0
pumpkin/seq-08/color/frame-000102.color.png pumpkin/seq-08/color/frame-000105.color.png 0.999213 -0.0344273 0.0196873 0.0764548 0.034436 0.999407 -0.000104196 -0.024453 -0.0196721 0.000782057 0.999806 -0.053226 0.0 0.0 0.0 1.0
pumpkin/seq-08/color/frame-000105.color.png pumpkin/seq-08/color/frame-000108.color.png 0.999419 -0.0175441 0.02922 0.0689045 0.0172116 0.999785 0.0115918 -0.0270779 -0.0294171 -0.0110821 0.999506 -0.0447607 0.0 0.0 0.0 1.0
pumpkin/seq-08/color/frame-000108.color.png pumpkin/seq-08/color/frame-000111.color.png 0.999681 -0.0226993 0.0110401 0.0511974 0.0226277 0.999722 0.00656496 0.00841254 -0.011186 -0.00631306 0.999918 -0.0185856 0.0 0.0 0.0 1.0
pumpkin/seq-08/color/frame-000111.color.png pumpkin/seq-08/color/frame-000114.color.png 0.998439 -0.0314515 0.0461641 0.0102162 0.030938 0.999452 0.011795 0.0150028 -0.0465098 -0.0103483 0.998864 -0.0251477 0.0 0.0 0.0 1.0
pumpkin/seq-08/color/frame-000114.color.png pumpkin/seq-08/color/frame-000117.color.png 0.999345 -0.028037 0.022868 0.0328923 0.0277616 0.999539 0.0122694 0.015959 -0.0232014 -0.0116266 0.999663 -0.0169778 0.0 0.0 0.0 1.0
pumpkin/seq-08/color/frame-000117.color.png pumpkin/seq-08/color/frame-000120.color.png 0.999072 -0.0264333 0.0340187 0.0441193 0.0266215 0.999633 -0.00509032 0.0334829 -0.0338717 0.00599121 0.999408 -0.0106375 0.0 0.0 0.0 1.0
pumpkin/seq-08/color/frame-000120.color.png pumpkin/seq-08/color/frame-000123.color.png 0.999016 -0.0385185 -0.0219729 0.138378 0.0393349 0.998502 0.0380206 -0.0187507 0.0204755 -0.0388475 0.999035 -0.00794633 0.0 0.0 0.0 1.0
pumpkin/seq-08/color/frame-000123.color.png pumpkin/seq-08/color/frame-000126.color.png 0.999886 -0.0082237 0.0126752 0.037557 0.0080728 0.999896 0.0119116 0.0140296 -0.0127718 -0.0118079 0.999849 -0.00378108 0.0 0.0 0.0 1.0
pumpkin/seq-08/color/frame-000126.color.png pumpkin/seq-08/color/frame-000129.color.png 0.999444 -0.0252819 0.0217442 0.0410585 0.0246902 0.999329 0.0270592 0.0302616 -0.0224138 -0.0265073 0.999397 0.0126736 0.0 0.0 0.0 1.0
pumpkin/seq-08/color/frame-000129.color.png pumpkin/seq-08/color/frame-000132.color.png 0.999492 -0.0292874 0.0125565 0.0392094 0.0292103 0.999554 0.00627747 0.0192418 -0.0127347 -0.0059075 0.999901 0.0141024 0.0 0.0 0.0 1.0
pumpkin/seq-08/color/frame-000132.color.png pumpkin/seq-08/color/frame-000135.color.png 0.99986 -0.0166301 -0.00202028 0.0426634 0.0165994 0.999759 -0.0143502 0.0384007 0.00225842 0.0143146 0.999895 0.0172138 0.0 0.0 0.0 1.0
pumpkin/seq-08/color/frame-000135.color.png pumpkin/seq-08/color/frame-000138.color.png 0.999915 2.69683e-07 0.0130189 0.0612749 -9.80852e-05 0.999972 0.00750754 0.00765067 -0.0130185 -0.00750813 0.999887 0.000394955 0.0 0.0 0.0 1.0
pumpkin/seq-08/color/frame-000138.color.png pumpkin/seq-08/color/frame-000141.color.png 0.999752 -0.0221689 -0.00232676 0.0387389 0.0221527 0.999732 -0.00677943 0.0158525 0.00247649 0.00672618 0.999974 0.0210199 0.0 0.0 0.0 1.0
pumpkin/seq-08/color/frame-000141.color.png pumpkin/seq-08/color/frame-000144.color.png 0.999903 0.00502385 0.0130215 0.0277417 -0.00525445 0.999829 0.0177344 0.00747371 -0.0129303 -0.0178011 0.999758 0.00111658 0.0 0.0 0.0 1.0
pumpkin/seq-08/color/frame-000144.color.png pumpkin/seq-08/color/frame-000147.color.png 0.999883 0.010649 0.0109823 0.0512629 -0.0107789 0.999872 0.01185 0.0263668 -0.0108546 -0.011967 0.99987 0.00306663 0.0 0.0 0.0 1.0
pumpkin/seq-08/color/frame-000147.color.png pumpkin/seq-08/color/frame-000150.color.png 0.99934 0.0335761 0.0138827 0.0656038 -0.0339038 0.999135 0.024081 0.0269236 -0.0130622 -0.0245357 0.999614 -0.00135865 0.0 0.0 0.0 1.0
pumpkin/seq-08/color/frame-000150.color.png pumpkin/seq-08/color/frame-000153.color.png 0.999756 -0.00530135 -0.0214369 0.0453133 0.0051812 0.99997 -0.00565683 0.0181141 0.0214663 0.00554435 0.999754 -0.029976 0.0 0.0 0.0 1.0
pumpkin/seq-08/color/frame-000153.color.png pumpkin/seq-08/color/frame-000156.color.png 0.999816 0.0153835 0.0114979 0.0300453 -0.0155846 0.999724 0.0176047 0.0319924 -0.0112238 -0.0177806 0.999779 -0.0128408 0.0 0.0 0.0 1.0
pumpkin/seq-08/color/frame-000156.color.png pumpkin/seq-08/color/frame-000159.color.png 0.999959 0.00657173 -0.00627068 0.031325 -0.00656351 0.999978 0.00133065 0.0145966 0.00627928 -0.00128942 0.999979 -0.00828412 0.0 0.0 0.0 1.0
pumpkin/seq-08/color/frame-000159.color.png pumpkin/seq-08/color/frame-000162.color.png 0.99938 0.0183727 -0.030049 0.0491635 -0.0181673 0.99981 0.0070932 0.0336321 0.0301736 -0.00654288 0.999523 -0.0239889 0.0 0.0 0.0 1.0
pumpkin/seq-08/color/frame-000162.color.png pumpkin/seq-08/color/frame-000165.color.png 0.999668 0.0247803 -0.00702988 0.0443422 -0.0246434 0.999517 0.0189265 0.0482864 0.00749543 -0.018747 0.999796 -0.0235253 0.0 0.0 0.0 1.0
pumpkin/seq-08/color/frame-000165.color.png pumpkin/seq-08/color/frame-000168.color.png 0.999539 0.000589638 -0.0303586 0.0371579 -0.000341393 0.999966 0.00818149 0.0137499 0.0303625 -0.00816736 0.999506 -0.0233478 0.0 0.0 0.0 1.0
pumpkin/seq-08/color/frame-000168.color.png pumpkin/seq-08/color/frame-000171.color.png 0.999422 0.015303 -0.0303557 0.0558664 -0.0153173 0.999883 -0.000238018 0.062393 0.0303485 0.000702857 0.999539 -0.0334632 0.0 0.0 0.0 1.0
pumpkin/seq-08/color/frame-000171.color.png pumpkin/seq-08/color/frame-000174.color.png 0.999246 0.00263501 -0.0387442 0.0388358 -0.0019914 0.99986 0.016641 0.0184446 0.0387825 -0.0165513 0.999111 -0.0329361 0.0 0.0 0.0 1.0
pumpkin/seq-08/color/frame-000174.color.png pumpkin/seq-08/color/frame-000177.color.png 0.999584 -0.000460669 -0.0288443 0.034759 0.000562954 0.999994 0.00353827 0.0212588 0.0288425 -0.00355302 0.999578 -0.0308432 0.0 0.0 0.0 1.0
pumpkin/seq-08/color/frame-000177.color.png pumpkin/seq-08/color/frame-000180.color.png 0.999796 -0.00177252 -0.0201299 0.0368053 0.00178677 0.999998 0.000691395 0.0304187 0.0201286 -0.000727219 0.999797 -0.0150772 0.0 0.0 0.0 1.0
pumpkin/seq-08/color/frame-000180.color.png pumpkin/seq-08/color/frame-000183.color.png 0.999703 -0.00747747 -0.0231819 0.0401749 0.00786142 0.999833 0.0165147 0.0134799 0.0230546 -0.016692 0.999595 -0.029809 0.0 0.0 0.0 1.0
pumpkin/seq-08/color/frame-000183.color.png pumpkin/seq-08/color/frame-000186.color.png 0.99984 0.0170846 0.0053035 0.0301432 -0.0172011 0.999593 0.022778 0.0296495 -0.00491224 -0.0228656 0.999727 0.0147876 0.0 0.0 0.0 1.0
pumpkin/seq-08/color/frame-000186.color.png pumpkin/seq-08/color/frame-000189.color.png 0.999983 0.00427536 -0.00405432 0.0265247 -0.00427015 0.99999 0.00128924 0.0253723 0.00405979 -0.0012719 0.999991 0.00238612 0.0 0.0 0.0 1.0
pumpkin/seq-08/color/frame-000189.color.png pumpkin/seq-08/color/frame-000192.color.png 0.999983 0.00168776 -0.00562361 0.03759 -0.00167949 0.999997 0.00147575 0.0188222 0.00562612 -0.00146626 0.999983 -0.0157664 0.0 0.0 0.0 1.0
pumpkin/seq-08/color/frame-000192.color.png pumpkin/seq-08/color/frame-000195.color.png 0.999942 0.00535171 0.00930304 0.0373532 -0.00532818 0.999982 -0.00255111 0.0321836 -0.00931666 0.00250137 0.999953 0.01575 0.0 0.0 0.0 1.0
pumpkin/seq-08/color/frame-000195.color.png pumpkin/seq-08/color/frame-000198.color.png 0.999918 -0.0126025 -0.00248571 0.0369527 0.0126229 0.999885 0.00839932 0.0172138 0.00237963 -0.00842995 0.999962 0.0081334 0.0 0.0 0.0 1.0
pumpkin/seq-08/color/frame-000198.color.png pumpkin/seq-08/color/frame-000201.color.png 0.999952 -0.0091237 -0.00347379 0.043046 0.00918571 0.999791 0.0182779 0.00817237 0.00330624 -0.018309 0.999827 0.0054177 0.0 0.0 0.0 1.0
pumpkin/seq-08/color/frame-000201.color.png pumpkin/seq-08/color/frame-000204.color.png 0.999925 0.0118674 -0.00296334 0.0447594 -0.0118292 0.999851 0.0125969 0.0240156 0.00311251 -0.0125609 0.999916 -0.00697388 0.0 0.0 0.0 1.0
pumpkin/seq-08/color/frame-000204.color.png pumpkin/seq-08/color/frame-000207.color.png 0.999889 -0.00532578 0.0139436 0.00889128 0.00534321 0.999985 -0.00121226 0.018252 -0.0139369 0.00128671 0.999902 0.0182915 0.0 0.0 0.0 1.0
pumpkin/seq-08/color/frame-000207.color.png pumpkin/seq-08/color/frame-000210.color.png 0.999992 -0.00405851 0.000478363 0.051281 0.00404864 0.99981 0.0190703 0.0114042 -0.000555691 -0.0190682 0.999818 -0.011936 0.0 0.0 0.0 1.0
pumpkin/seq-08/color/frame-000210.color.png pumpkin/seq-08/color/frame-000213.color.png 0.999948 0.00157888 0.0100693 0.0124866 -0.0016863 0.999942 0.0106685 0.0201163 -0.0100518 -0.0106849 0.999892 0.0087979 0.0 0.0 0.0 1.0
pumpkin/seq-08/color/frame-000213.color.png pumpkin/seq-08/color/frame-000216.color.png 0.999693 -0.0134229 0.0208333 0.0153047 0.0128514 0.999544 0.0273292 -0.018234 -0.0211907 -0.0270532 0.999409 0.0302178 0.0 0.0 0.0 1.0
pumpkin/seq-08/color/frame-000216.color.png pumpkin/seq-08/color/frame-000219.color.png 0.999907 -0.0124589 -0.00557359 0.0258312 0.0124643 0.999922 0.000935319 -0.00119384 0.00556152 -0.00100464 0.999984 -0.00683436 0.0 0.0 0.0 1.0
pumpkin/seq-08/color/frame-000219.color.png pumpkin/seq-08/color/frame-000222.color.png 0.999977 0.00676339 0.000926495 0.0149249 -0.0067741 0.999904 0.0120825 0.0140523 -0.000844766 -0.0120885 0.999927 0.0100737 0.0 0.0 0.0 1.0
pumpkin/seq-08/color/frame-000222.color.png pumpkin/seq-08/color/frame-000225.color.png 0.999923 0.00513032 -0.0112484 0.00980562 -0.00512557 0.999987 0.000452026 0.010591 0.0112506 -0.000394326 0.999937 0.00632645 0.0 0.0 0.0 1.0
pumpkin/seq-08/color/frame-000225.color.png pumpkin/seq-08/color/frame-000228.color.png 0.998231 0.0038431 -0.0593271 0.0178993 -0.0053465 0.999668 -0.025203 -0.00246913 0.0592107 0.0254756 0.99792 -0.0498089 0.0 0.0 0.0 1.0
pumpkin/seq-08/color/frame-000228.color.png pumpkin/seq-08/color/frame-000231.color.png 0.99911 -0.000943859 -0.0421789 0.012401 0.000218964 0.999852 -0.0171884 -0.0117068 0.0421889 0.0171639 0.998962 -0.0371097 0.0 0.0 0.0 1.0
pumpkin/seq-08/color/frame-000231.color.png pumpkin/seq-08/color/frame-000234.color.png 0.99936 0.0165038 -0.0317317 0.0159755 -0.0167289 0.999837 -0.00683914 0.0142794 0.0316137 0.0073656 0.999473 -0.0361145 0.0 0.0 0.0 1.0
pumpkin/seq-08/color/frame-000234.color.png pumpkin/seq-08/color/frame-000237.color.png 0.999385 0.00839911 -0.0340432 0.0136113 -0.00849334 0.99996 -0.00262532 0.00770715 0.0340198 0.00291283 0.999417 -0.0362504 0.0 0.0 0.0 1.0
pumpkin/seq-08/color/frame-000237.color.png pumpkin/seq-08/color/frame-000240.color.png 0.998625 0.00396922 -0.0522632 0.0444115 -0.00445873 0.999947 -0.00925266 0.0159344 0.0522237 0.00947295 0.998591 -0.063734 0.0 0.0 0.0 1.0
pumpkin/seq-08/color/frame-000240.color.png pumpkin/seq-08/color/frame-000243.color.png 0.999613 -0.000892087 -0.027795 0.019945 0.000745921 0.999986 -0.00526847 -0.0034893 0.0277993 0.00524577 0.9996 -0.0391228 0.0 0.0 0.0 1.0
pumpkin/seq-08/color/frame-000243.color.png pumpkin/seq-08/color/frame-000246.color.png 0.999768 0.0147653 -0.0157077 0.0158073 -0.0147166 0.999887 0.00321574 0.0187179 0.0157534 -0.00298386 0.999871 -0.0236969 0.0 0.0 0.0 1.0
pumpkin/seq-08/color/frame-000246.color.png pumpkin/seq-08/color/frame-000249.color.png 0.999347 0.0214312 -0.0290942 0.011324 -0.0210213 0.999676 0.0143232 0.0180506 0.0293918 -0.0137022 0.999474 -0.0322868 0.0 0.0 0.0 1.0
pumpkin/seq-08/color/frame-000249.color.png pumpkin/seq-08/color/frame-000252.color.png 0.99962 0.0109089 -0.0253128 0.0319619 -0.0112402 0.999852 -0.0129822 0.0224376 0.0251675 0.0132618 0.999595 -0.0306132 0.0 0.0 0.0 1.0
pumpkin/seq-08/color/frame-000252.color.png pumpkin/seq-08/color/frame-000255.color.png 0.999424 0.0219467 -0.0258721 0.0130329 -0.0222312 0.999695 -0.0107611 0.00695743 0.025628 0.0113301 0.999607 -0.0317649 0.0 0.0 0.0 1.0
pumpkin/seq-08/color/frame-000255.color.png pumpkin/seq-08/color/frame-000258.color.png 0.999795 0.0135333 -0.0150636 0.0062145 -0.0137821 0.999768 -0.0165374 0.00334007 0.0148363 0.0167416 0.99975 -0.0238538 0.0 0.0 0.0 1.0
pumpkin/seq-08/color/frame-000258.color.png pumpkin/seq-08/color/frame-000261.color.png 0.999727 0.0144818 -0.0183161 0.00563598 -0.0148302 0.999709 -0.0190286 0.00356264 0.0180352 0.0192951 0.999651 -0.0311325 0.0 0.0 0.0 1.0
pumpkin/seq-08/color/frame-000261.color.png pumpkin/seq-08/color/frame-000264.color.png 0.999852 -1.41657e-05 -0.0172031 0.00206482 -9.20524e-05 0.999981 -0.00617351 -0.0149724 0.0172028 0.00617419 0.999833 -0.0225815 0.0 0.0 0.0 1.0
pumpkin/seq-08/color/frame-000264.color.png pumpkin/seq-08/color/frame-000267.color.png 0.999496 0.00374613 -0.0315346 0.0138403 -0.00410192 0.999929 -0.0112251 -0.0174532 0.0314903 0.0113488 0.99944 -0.0423117 0.0 0.0 0.0 1.0
pumpkin/seq-08/color/frame-000267.color.png pumpkin/seq-08/color/frame-000270.color.png 0.999665 0.00986507 -0.0239428 0.00160742 -0.0100802 0.99991 -0.00888056 -0.00166164 0.023853 0.00911898 0.999674 -0.0337862 0.0 0.0 0.0 1.0
pumpkin/seq-08/color/frame-000270.color.png pumpkin/seq-08/color/frame-000273.color.png 0.999471 0.00753609 -0.0316307 -0.00700319 -0.00802015 0.999852 -0.0152049 -0.00710307 0.0315114 0.0154505 0.999384 -0.0448142 0.0 0.0 0.0 1.0
pumpkin/seq-08/color/frame-000273.color.png pumpkin/seq-08/color/frame-000276.color.png 0.999445 0.00519006 -0.0329021 0.00296009 -0.00540313 0.999965 -0.00638994 -0.0101502 0.0328678 0.00656416 0.999438 -0.0483016 0.0 0.0 0.0 1.0
pumpkin/seq-08/color/frame-000276.color.png pumpkin/seq-08/color/frame-000279.color.png 0.999522 0.0279229 -0.0132941 0.00347304 -0.0279315 0.99961 -0.000463694 0.00965205 0.013276 0.000834797 0.999911 -0.0230791 0.0 0.0 0.0 1.0
pumpkin/seq-08/color/frame-000279.color.png pumpkin/seq-08/color/frame-000282.color.png 0.999561 -0.00308769 -0.029478 0.0127884 0.00260862 0.999864 -0.0162769 -0.0165482 0.0295243 0.0161929 0.999433 -0.0529029 0.0 0.0 0.0 1.0
pumpkin/seq-08/color/frame-000282.color.png pumpkin/seq-08/color/frame-000285.color.png 0.999911 0.0125482 -0.00455694 -0.0119264 -0.0125746 0.999904 -0.0058096 -0.00113469 0.00448359 0.00586636 0.999973 -0.0144925 0.0 0.0 0.0 1.0
pumpkin/seq-08/color/frame-000285.color.png pumpkin/seq-08/color/frame-000288.color.png 0.999712 0.00509859 -0.0234728 0.0371394 -0.00517485 0.999981 -0.00318895 -0.00362961 0.0234561 0.00330953 0.999719 -0.0170171 0.0 0.0 0.0 1.0
pumpkin/seq-08/color/frame-000288.color.png pumpkin/seq-08/color/frame-000291.color.png 0.999662 -0.0136621 -0.0221286 0.010076 0.0137319 0.999901 0.00300645 -0.0572281 0.0220854 -0.00330934 0.999751 -0.0322963 0.0 0.0 0.0 1.0
pumpkin/seq-08/color/frame-000291.color.png pumpkin/seq-08/color/frame-000294.color.png 0.999987 0.00336238 -0.00383346 -0.00392246 -0.00337621 0.999988 -0.00360628 -0.0119981 0.00382128 0.0036192 0.999986 -0.011456 0.0 0.0 0.0 1.0
pumpkin/seq-08/color/frame-000294.color.png pumpkin/seq-08/color/frame-000297.color.png 0.999921 0.00810927 -0.00962525 0.000273466 -0.00807848 0.999962 0.00323385 -0.0255382 0.00965114 -0.00315587 0.999948 -0.012488 0.0 0.0 0.0 1.0
pumpkin/seq-08/color/frame-000297.color.png pumpkin/seq-08/color/frame-000300.color.png 0.999662 0.0259927 -0.00028291 -0.00633061 -0.0259942 0.999599 -0.011273 0.0219006 -1.02307e-05 0.0112766 0.999936 -0.0082913 0.0 0.0 0.0 1.0
pumpkin/seq-08/color/frame-000300.color.png pumpkin/seq-08/color/frame-000303.color.png 0.999413 0.0340262 0.00403733 -0.00235665 -0.0340458 0.999408 0.00489007 -0.00499049 -0.00386857 -0.00502465 0.99998 -0.00385758 0.0 0.0 0.0 1.0
pumpkin/seq-08/color/frame-000303.color.png pumpkin/seq-08/color/frame-000306.color.png 0.999582 0.0284264 0.00533404 0.00071907 -0.0283401 0.999477 -0.0156037 0.00634846 -0.00577481 0.015446 0.999864 0.00251421 0.0 0.0 0.0 1.0
pumpkin/seq-08/color/frame-000306.color.png pumpkin/seq-08/color/frame-000309.color.png 0.999787 0.014511 0.0147131 -0.0272739 -0.0145348 0.999893 0.00151085 -0.0305608 -0.0146896 -0.0017244 0.999891 0.000824839 0.0 0.0 0.0 1.0
pumpkin/seq-08/color/frame-000309.color.png pumpkin/seq-08/color/frame-000312.color.png 0.999541 0.0276446 0.0124159 -0.0101385 -0.0275199 0.99957 -0.0101041 -0.0110511 -0.0126899 0.00975773 0.999872 0.00868821 0.0 0.0 0.0 1.0
pumpkin/seq-08/color/frame-000312.color.png pumpkin/seq-08/color/frame-000315.color.png 0.999598 0.0217977 0.0181163 -0.0200483 -0.0217862 0.999762 -0.000833173 -0.00250566 -0.0181302 0.000438148 0.999835 0.0153295 0.0 0.0 0.0 1.0
pumpkin/seq-08/color/frame-000315.color.png pumpkin/seq-08/color/frame-000318.color.png 0.998734 0.0475402 0.0164681 -0.0147855 -0.0474808 0.998864 -0.0039828 0.0158974 -0.0166388 0.00319583 0.999856 0.0225729 0.0 0.0 0.0 1.0
pumpkin/seq-08/color/frame-000318.color.png pumpkin/seq-08/color/frame-000321.color.png 0.999795 0.0194512 0.00558012 -0.055132 -0.0194632 0.999808 0.0021041 -0.0621153 -0.0055381 -0.00221224 0.999982 0.00749663 0.0 0.0 0.0 1.0
pumpkin/seq-08/color/frame-000321.color.png pumpkin/seq-08/color/frame-000324.color.png 0.99946 0.0317322 -0.00850709 -0.0446882 -0.0319095 0.999258 -0.021594 0.00778389 0.00781554 0.0218538 0.999731 0.00852713 0.0 0.0 0.0 1.0
pumpkin/seq-08/color/frame-000324.color.png pumpkin/seq-08/color/frame-000327.color.png 0.999907 0.00798047 0.0110061 -0.0468557 -0.007998 0.999967 0.00155144 -0.0225326 -0.0109933 -0.00163931 0.999938 0.0121682 0.0 0.0 0.0 1.0
pumpkin/seq-08/color/frame-000327.color.png pumpkin/seq-08/color/frame-000330.color.png 0.99993 0.00742044 0.00919893 -0.0568287 -0.00740405 0.999971 -0.00181512 -0.0185338 -0.00921212 0.00174688 0.999956 0.0229838 0.0 0.0 0.0 1.0
pumpkin/seq-08/color/frame-000330.color.png pumpkin/seq-08/color/frame-000333.color.png 0.999929 -0.00031342 0.0118766 -0.0476798 0.000486807 0.999893 -0.0145985 -0.0111918 -0.0118708 0.0146032 0.999823 0.0276573 0.0 0.0 0.0 1.0
pumpkin/seq-08/color/frame-000333.color.png pumpkin/seq-08/color/frame-000336.color.png 0.999823 0.00349802 0.0184782 -0.0724346 -0.00412763 0.999408 0.0341452 -0.0123205 -0.0183478 -0.0342155 0.999246 0.012363 0.0 0.0 0.0 1.0
pumpkin/seq-08/color/frame-000336.color.png pumpkin/seq-08/color/frame-000339.color.png 0.999261 0.0102136 -0.0370439 -0.053715 -0.0097149 0.99986 0.0136206 -0.00326109 0.0371778 -0.0132506 0.999221 0.00062266 0.0 0.0 0.0 1.0
pumpkin/seq-08/color/frame-000339.color.png pumpkin/seq-08/color/frame-000342.color.png 0.999877 0.00462494 -0.0149596 -0.0718504 -0.00482405 0.9999 -0.0133064 0.00133336 0.0148966 0.0133769 0.9998 0.0171607 0.0 0.0 0.0 1.0
pumpkin/seq-08/color/frame-000342.color.png pumpkin/seq-08/color/frame-000345.color.png 0.999765 -0.021518 -0.00253277 -0.0555044 0.0215359 0.999742 0.0072532 -0.0368536 0.00237606 -0.00730604 0.99997 0.022741 0.0 0.0 0.0 1.0
pumpkin/seq-08/color/frame-000345.color.png pumpkin/seq-08/color/frame-000348.color.png 0.999924 -0.000397643 -0.0123587 -0.0564759 0.000394246 1.0 -0.000279502 0.00952733 0.0123588 0.00027464 0.999924 0.0124373 0.0 0.0 0.0 1.0
pumpkin/seq-08/color/frame-000348.color.png pumpkin/seq-08/color/frame-000351.color.png 0.999162 -0.0198884 -0.0357663 -0.0823102 0.0204288 0.999682 0.0148073 -0.00845611 0.0354604 -0.0155256 0.99925 -0.0177153 0.0 0.0 0.0 1.0
pumpkin/seq-08/color/frame-000351.color.png pumpkin/seq-08/color/frame-000354.color.png 0.999452 -0.0134235 -0.0302716 -0.0657263 0.0136376 0.999883 0.00687656 -0.00148743 0.0301758 -0.00728561 0.999518 -0.00695655 0.0 0.0 0.0 1.0
pumpkin/seq-08/color/frame-000354.color.png pumpkin/seq-08/color/frame-000357.color.png 0.998988 -0.0299048 -0.0335896 -0.0718746 0.0302764 0.999485 0.0106074 -0.010887 0.0332551 -0.0116137 0.999379 -0.00291456 0.0 0.0 0.0 1.0
pumpkin/seq-08/color/frame-000357.color.png pumpkin/seq-08/color/frame-000360.color.png 0.999876 -0.0119462 -0.0102292 -0.0741632 0.0117448 0.99974 -0.0195267 0.0420831 0.0104597 0.0194042 0.999757 0.00576304 0.0 0.0 0.0 1.0
pumpkin/seq-08/color/frame-000360.color.png pumpkin/seq-08/color/frame-000363.color.png 0.998311 -0.0577014 -0.00680772 -0.102367 0.057724 0.998327 0.0031714 -0.0239549 0.00661335 -0.00355903 0.999972 0.00638749 0.0 0.0 0.0 1.0
pumpkin/seq-08/color/frame-000363.color.png pumpkin/seq-08/color/frame-000366.color.png 0.99869 -0.0489401 0.0149547 -0.0615353 0.0487963 0.99876 0.00983547 0.00137591 -0.0154176 -0.00909284 0.99984 0.0153571 0.0 0.0 0.0 1.0
pumpkin/seq-08/color/frame-000366.color.png pumpkin/seq-08/color/frame-000369.color.png 0.994818 -0.101228 0.00953432 -0.0809823 0.101284 0.994842 -0.00563047 -0.00575083 -0.00891515 0.00656695 0.999939 0.0195808 0.0 0.0 0.0 1.0
pumpkin/seq-08/color/frame-000369.color.png pumpkin/seq-08/color/frame-000372.color.png 0.99917 -0.038597 0.0129912 -0.0484478 0.0386422 0.999248 -0.003243 0.00200486 -0.0128562 0.00374231 0.99991 0.00484578 0.0 0.0 0.0 1.0
pumpkin/seq-08/color/frame-000372.color.png pumpkin/seq-08/color/frame-000375.color.png 0.999518 -0.0233782 0.0204424 -0.0196064 0.0236762 0.999615 -0.0144593 0.0198641 -0.0200964 0.0149363 0.999686 0.0272493 0.0 0.0 0.0 1.0
pumpkin/seq-08/color/frame-000375.color.png pumpkin/seq-08/color/frame-000378.color.png 0.999594 -0.0279396 0.00563516 -0.04391 0.0279877 0.999571 -0.00865222 0.0220062 -0.00539103 0.00880642 0.999947 0.0162262 0.0 0.0 0.0 1.0
pumpkin/seq-08/color/frame-000378.color.png pumpkin/seq-08/color/frame-000381.color.png 0.999793 -0.0138179 0.0149358 -0.0268768 0.0140441 0.999787 -0.0151471 0.0266878 -0.0147233 0.0153537 0.999774 0.0186528 0.0 0.0 0.0 1.0
pumpkin/seq-08/color/frame-000381.color.png pumpkin/seq-08/color/frame-000384.color.png 0.999901 -0.0140157 -0.00141101 -0.0165 0.0140046 0.999873 -0.00757714 0.0272392 0.00151702 0.00755663 0.99997 0.0320813 0.0 0.0 0.0 1.0
pumpkin/seq-08/color/frame-000384.color.png pumpkin/seq-08/color/frame-000387.color.png 0.99921 -0.0162471 0.0362612 -0.0408981 0.0162102 0.999868 0.00131192 0.0155395 -0.0362777 -0.000723072 0.999342 0.0239064 0.0 0.0 0.0 1.0
pumpkin/seq-08/color/frame-000387.color.png pumpkin/seq-08/color/frame-000390.color.png 0.999151 -0.0325515 0.0252672 -0.0183018 0.0324551 0.999464 0.00421592 0.0173318 -0.0253909 -0.00339228 0.999672 0.0355614 0.0 0.0 0.0 1.0
pumpkin/seq-08/color/frame-000390.color.png pumpkin/seq-08/color/frame-000393.color.png 0.998621 -0.0241149 0.0466336 -0.0419615 0.0247324 0.999613 -0.0127114 0.0292225 -0.046309 0.0138472 0.998831 0.0202203 0.0 0.0 0.0 1.0
pumpkin/seq-08/color/frame-000393.color.png pumpkin/seq-08/color/frame-000396.color.png 0.99876 -0.0144233 0.0476594 -0.0521363 0.0154608 0.99965 -0.021473 0.01502 -0.047333 0.0221832 0.998633 0.0268281 0.0 0.0 0.0 1.0
pumpkin/seq-08/color/frame-000396.color.png pumpkin/seq-08/color/frame-000399.color.png 0.999313 -0.0124599 0.0349016 -0.0626929 0.0128176 0.999867 -0.0100453 0.028675 -0.0347718 0.0104857 0.99934 0.0136111 0.0 0.0 0.0 1.0
pumpkin/seq-08/color/frame-000399.color.png pumpkin/seq-08/color/frame-000402.color.png 0.9994 -0.00855129 0.0335609 -0.0366972 0.0087316 0.999948 -0.00523017 0.0370494 -0.0335144 0.00552008 0.999423 0.0103415 0.0 0.0 0.0 1.0
pumpkin/seq-08/color/frame-000402.color.png pumpkin/seq-08/color/frame-000405.color.png 0.999665 -0.0113323 0.0232755 -0.0148421 0.011404 0.999931 -0.00294788 -0.00160176 -0.0232405 0.00321233 0.999725 0.00575261 0.0 0.0 0.0 1.0
pumpkin/seq-08/color/frame-000405.color.png pumpkin/seq-08/color/frame-000408.color.png 0.999184 -0.00646048 0.0398583 -0.0350538 0.00704928 0.999868 -0.0146502 0.0287975 -0.0397584 0.0149193 0.999098 0.00360624 0.0 0.0 0.0 1.0
pumpkin/seq-08/color/frame-000408.color.png pumpkin/seq-08/color/frame-000411.color.png 0.998859 0.00449946 0.0475474 -0.0338727 -0.00353424 0.999786 -0.0203645 0.00822565 -0.0476289 0.0201732 0.998661 -0.00794522 0.0 0.0 0.0 1.0
pumpkin/seq-08/color/frame-000411.color.png pumpkin/seq-08/color/frame-000414.color.png 0.998953 0.000627425 0.0457444 -0.0488465 -0.000301321 0.999974 -0.00713521 0.0221255 -0.0457477 0.00711396 0.998928 -0.0153117 0.0 0.0 0.0 1.0
pumpkin/seq-08/color/frame-000414.color.png pumpkin/seq-08/color/frame-000417.color.png 0.998951 -0.00818902 0.0450461 -0.0332178 0.00831664 0.999962 -0.00264674 0.020935 -0.0450227 0.00301859 0.998982 -0.0156247 0.0 0.0 0.0 1.0
pumpkin/seq-08/color/frame-000417.color.png pumpkin/seq-08/color/frame-000420.color.png 0.998632 -0.0190352 0.0487047 -0.0652139 0.019605 0.999744 -0.0112482 0.0131708 -0.0484781 0.0121876 0.99875 -0.0118718 0.0 0.0 0.0 1.0
pumpkin/seq-08/color/frame-000420.color.png pumpkin/seq-08/color/frame-000423.color.png 0.999157 -0.0103104 0.0397415 -0.0392241 0.0102402 0.999946 0.00197126 0.0296163 -0.0397597 -0.00156265 0.999208 -0.0184826 0.0 0.0 0.0 1.0
pumpkin/seq-08/color/frame-000423.color.png pumpkin/seq-08/color/frame-000426.color.png 0.998563 -0.0185338 0.0502854 -0.0649454 0.01845 0.999827 0.00212989 0.019324 -0.0503162 -0.00119907 0.998733 -0.0212411 0.0 0.0 0.0 1.0
pumpkin/seq-08/color/frame-000426.color.png pumpkin/seq-08/color/frame-000429.color.png 0.999738 -0.00848849 0.021254 -0.0304686 0.0084402 0.999962 0.00235846 0.0370483 -0.0212732 -0.00217845 0.999771 -0.0160763 0.0 0.0 0.0 1.0
pumpkin/seq-08/color/frame-000429.color.png pumpkin/seq-08/color/frame-000432.color.png 0.999799 0.000779882 0.0200318 -0.0276778 -0.000833473 0.999996 0.00266717 0.00471233 -0.0200296 -0.00268333 0.999796 -0.0272151 0.0 0.0 0.0 1.0
pumpkin/seq-08/color/frame-000432.color.png pumpkin/seq-08/color/frame-000435.color.png 0.999723 0.000784835 0.0235203 -0.0318406 -0.00101323 0.999952 0.00969778 0.012144 -0.0235116 -0.00971892 0.999676 -0.0162685 0.0 0.0 0.0 1.0
pumpkin/seq-08/color/frame-000435.color.png pumpkin/seq-08/color/frame-000438.color.png 0.999674 0.00793425 0.0242632 -0.0256598 -0.00839185 0.999788 0.018818 0.016699 -0.0241087 -0.0190155 0.999528 -0.0250508 0.0 0.0 0.0 1.0
pumpkin/seq-08/color/frame-000438.color.png pumpkin/seq-08/color/frame-000441.color.png 0.999617 -0.0172186 0.0216634 -0.0296267 0.0168866 0.999739 0.0154178 0.036615 -0.0219232 -0.0150461 0.999646 -0.0244751 0.0 0.0 0.0 1.0
pumpkin/seq-08/color/frame-000441.color.png pumpkin/seq-08/color/frame-000444.color.png 0.999937 -0.00449767 0.0102758 0.00150925 0.00433415 0.999865 0.0158762 0.0620944 -0.0103457 -0.0158307 0.999821 -0.0352311 0.0 0.0 0.0 1.0
pumpkin/seq-08/color/frame-000444.color.png pumpkin/seq-08/color/frame-000447.color.png 0.998498 -0.0494299 0.0236283 -0.0381793 0.0492147 0.998742 0.00960756 0.0799384 -0.0240735 -0.00843028 0.999675 -0.0130385 0.0 0.0 0.0 1.0
pumpkin/seq-08/color/frame-000447.color.png pumpkin/seq-08/color/frame-000450.color.png 0.998352 -0.0358603 0.0448082 -0.0702866 0.0353639 0.999305 0.0118228 0.0604318 -0.045201 -0.0102188 0.998926 0.000320479 0.0 0.0 0.0 1.0
pumpkin/seq-08/color/frame-000450.color.png pumpkin/seq-08/color/frame-000453.color.png 0.99914 -0.0343678 0.0232182 -0.0451526 0.0332591 0.998362 0.0465543 0.0180119 -0.0247803 -0.045742 0.998646 -0.0116107 0.0 0.0 0.0 1.0
pumpkin/seq-08/color/frame-000453.color.png pumpkin/seq-08/color/frame-000456.color.png 0.999672 -0.0184046 0.0178035 -0.0314185 0.0180636 0.999654 0.0191256 0.0154187 -0.0181491 -0.0187978 0.999659 -0.00463098 0.0 0.0 0.0 1.0
pumpkin/seq-08/color/frame-000456.color.png pumpkin/seq-08/color/frame-000459.color.png 0.999396 -0.0280651 0.0205197 -0.0382065 0.0277813 0.999516 0.0139874 0.0034757 -0.0209024 -0.0134089 0.999692 -0.00776527 0.0 0.0 0.0 1.0
pumpkin/seq-08/color/frame-000459.color.png pumpkin/seq-08/color/frame-000462.color.png 0.999404 -0.0146874 0.0312528 -0.0397987 0.0139136 0.999595 0.0248372 -0.0101487 -0.0316049 -0.0243876 0.999203 -0.00971546 0.0 0.0 0.0 1.0
pumpkin/seq-08/color/frame-000462.color.png pumpkin/seq-08/color/frame-000465.color.png 0.999314 -0.0314933 0.0195032 -0.0458369 0.0313678 0.999485 0.00670309 0.00745293 -0.0197043 -0.00608669 0.999787 -0.0115809 0.0 0.0 0.0 1.0
pumpkin/seq-08/color/frame-000465.color.png pumpkin/seq-08/color/frame-000468.color.png 0.999831 -0.00271466 0.0181873 -0.0328969 0.00242107 0.999867 0.0161425 -0.0174924 -0.0182286 -0.0160957 0.999704 -0.00286453 0.0 0.0 0.0 1.0
pumpkin/seq-08/color/frame-000468.color.png pumpkin/seq-08/color/frame-000471.color.png 0.999875 -0.00119644 0.0157864 -0.0343326 0.00123591 0.999996 -0.00249675 -0.00558288 -0.0157834 0.00251591 0.999872 -0.00746669 0.0 0.0 0.0 1.0
pumpkin/seq-08/color/frame-000471.color.png pumpkin/seq-08/color/frame-000474.color.png 0.999822 -0.0130524 0.0136503 -0.0312225 0.0129946 0.999906 0.00431593 -0.0361938 -0.0137052 -0.00413777 0.999898 0.00390519 0.0 0.0 0.0 1.0
pumpkin/seq-08/color/frame-000474.color.png pumpkin/seq-08/color/frame-000477.color.png 0.999934 0.00777685 0.00847621 -0.0399406 -0.00766202 0.99988 -0.0134898 -0.0357583 -0.00858028 0.0134239 0.999873 0.00243988 0.0 0.0 0.0 1.0
pumpkin/seq-08/color/frame-000477.color.png pumpkin/seq-08/color/frame-000480.color.png 0.999916 0.0126009 0.0029963 -0.0195246 -0.012582 0.999901 -0.00626279 -0.0406794 -0.00307493 0.00622458 0.999976 0.00316839 0.0 0.0 0.0 1.0
pumpkin/seq-08/color/frame-000480.color.png pumpkin/seq-08/color/frame-000483.color.png 0.999752 0.0205969 0.00844157 -0.0234468 -0.0205027 0.999728 -0.0110967 -0.0348208 -0.00866788 0.0109209 0.999903 -0.0139348 0.0 0.0 0.0 1.0
pumpkin/seq-08/color/frame-000483.color.png pumpkin/seq-08/color/frame-000486.color.png 0.999893 0.0116661 0.00887158 -0.00279629 -0.0116476 0.99993 -0.00213593 -0.043652 -0.00889593 0.00203235 0.999958 0.0139801 0.0 0.0 0.0 1.0
pumpkin/seq-08/color/frame-000486.color.png pumpkin/seq-08/color/frame-000489.color.png 0.999761 0.0175737 0.0129893 -0.0138956 -0.0173544 0.999708 -0.0168121 -0.0360411 -0.0132809 0.0165827 0.999774 -0.0158213 0.0 0.0 0.0 1.0
pumpkin/seq-08/color/frame-000489.color.png pumpkin/seq-08/color/frame-000492.color.png 0.999552 0.0216571 0.0206599 0.00443816 -0.021716 0.999761 0.00263241 -0.0824734 -0.0205979 -0.00307988 0.999783 -0.0150364 0.0 0.0 0.0 1.0
pumpkin/seq-08/color/frame-000492.color.png pumpkin/seq-08/color/frame-000495.color.png 0.999406 0.0231102 0.0255452 0.0112389 -0.0227592 0.999644 -0.0139483 -0.0694534 -0.0258585 0.0133586 0.999576 -0.0464831 0.0 0.0 0.0 1.0
pumpkin/seq-08/color/frame-000495.color.png pumpkin/seq-08/color/frame-000498.color.png 0.996679 0.0572993 0.0578555 0.00334787 -0.055741 0.998047 -0.0281986 -0.0848889 -0.0593583 0.02488 0.997927 -0.0636723 0.0 0.0 0.0 1.0
pumpkin/seq-08/color/frame-000498.color.png pumpkin/seq-08/color/frame-000501.color.png 0.999139 0.022757 0.0346938 0.0148805 -0.0217558 0.999344 -0.0289661 -0.0793594 -0.0353303 0.0281864 0.998978 -0.025509 0.0 0.0 0.0 1.0
pumpkin/seq-08/color/frame-000501.color.png pumpkin/seq-08/color/frame-000504.color.png 0.99859 0.0476327 0.0234509 0.0268651 -0.0469294 0.998457 -0.0296771 -0.0690125 -0.0248283 0.0285347 0.999285 -0.015744 0.0 0.0 0.0 1.0
pumpkin/seq-08/color/frame-000504.color.png pumpkin/seq-08/color/frame-000507.color.png 0.99854 0.053897 -0.00347849 0.0327554 -0.0539564 0.99834 -0.0201628 -0.0763256 0.002386 0.0203211 0.999791 0.0159951 0.0 0.0 0.0 1.0
pumpkin/seq-08/color/frame-000507.color.png pumpkin/seq-08/color/frame-000510.color.png 0.997115 0.0748192 -0.0128268 0.0460035 -0.074986 0.997099 -0.0130575 -0.0926695 0.0118126 0.0139816 0.999833 0.0171911 0.0 0.0 0.0 1.0
pumpkin/seq-08/color/frame-000510.color.png pumpkin/seq-08/color/frame-000513.color.png 0.998592 0.0518219 -0.0113394 0.0475451 -0.0520996 0.99831 -0.0257363 -0.0895321 0.00998663 0.0262909 0.999604 0.00953848 0.0 0.0 0.0 1.0
pumpkin/seq-08/color/frame-000513.color.png pumpkin/seq-08/color/frame-000516.color.png 0.999145 0.0365675 -0.0192705 0.0657197 -0.0370214 0.999032 -0.0237496 -0.0436326 0.0183835 0.0244427 0.999532 0.00342547 0.0 0.0 0.0 1.0
pumpkin/seq-08/color/frame-000516.color.png pumpkin/seq-08/color/frame-000519.color.png 0.998957 0.0361472 -0.0279058 0.0744779 -0.0363513 0.999316 -0.00684306 -0.0500945 0.0276393 0.00785026 0.999587 0.00396999 0.0 0.0 0.0 1.0
pumpkin/seq-08/color/frame-000519.color.png pumpkin/seq-08/color/frame-000522.color.png 0.998431 0.0382485 -0.0408919 0.087806 -0.0376287 0.999167 0.0158213 -0.05943 0.0414629 -0.0142577 0.999038 -0.0251681 0.0 0.0 0.0 1.0
pumpkin/seq-08/color/frame-000522.color.png pumpkin/seq-08/color/frame-000525.color.png 0.999193 0.0327925 -0.023189 0.0538375 -0.0324203 0.999342 0.0162499 -0.0474513 0.0237068 -0.0154851 0.999599 0.0076975 0.0 0.0 0.0 1.0
