pumpkin/seq-08/color/frame-000001.color.png pumpkin/seq-08/color/frame-000004.color.png 0.999999 0.000489602 0.00103806 -0.00417248 -0.000495747 0.999982 0.00592736 0.00449558 -0.00103514 -0.00592787 0.999982 0.00220476 0.0 0.0 0.0 1.0
pumpkin/seq-08/color/frame-000004.color.png pumpkin/seq-08/color/frame-000007.color.png 0.999916 -0.00168301 0.0128536 -0.0149678 0.00171992 0.999994 -0.00286063 0.0266929 -0.0128488 0.0028825 0.999913 0.00137901 0.0 0.0 0.0 1.0
pumpkin/seq-08/color/frame-000007.color.png pumpkin/seq-08/color/frame-000010.color.png 0.999842 0.0126086 0.0125412 -0.0145534 -0.0130551 0.99926 0.0361793 -0.00754454 -0.0120758 -0.0363373 0.999267 0.00942284 0.0 0.0 0.0 1.0
pumpkin/seq-08/color/frame-000010.color.png pumpkin/seq-08/color/frame-000013.color.png 0.999673 -0.0131184 0.0219529 -0.019879 0.0124108 0.999409 0.0320645 0.0232683 -0.0223605 -0.0317816 0.999245 0.00819153 0.0 0.0 0.0 1.0
pumpkin/seq-08/color/frame-000013.color.png pumpkin/seq-08/color/frame-000016.color.png 0.999669 0.00701664 0.0247607 -0.0311793 -0.00788792 0.999347 0.0352679 -0.00813233 -0.0244971 -0.0354516 0.999071 0.0111964 0.0 0.0 0.0 1.0
pumpkin/seq-08/color/frame-000016.color.png pumpkin/seq-08/color/frame-000019.color.png 0.999781 0.0100266 0.0183971 -0.0338863 -0.0104311 0.999703 0.0220237 0.00368894 -0.0181708 -0.0222108 0.999588 0.00592177 0.0 0.0 0.0 1.0
pumpkin/seq-08/color/frame-000019.color.png pumpkin/seq-08/color/frame-000022.color.png 0.999821 0.0161313 0.00993699 -0.0550578 -0.0162909 0.999736 0.0161954 0.00173162 -0.00967313 -0.0163543 0.999819 0.0211082 0.0 0.0 0.0 1.0
pumpkin/seq-08/color/frame-000022.color.png pumpkin/seq-08/color/frame-000025.color.png 0.999781 0.0184011 -0.00998052 -0.0420128 -0.0182221 0.999677 0.0177344 -0.00382486 0.0103036 -0.0175486 0.999793 0.0180544 0.0 0.0 0.0 1.0
pumpkin/seq-08/color/frame-000025.color.png pumpkin/seq-08/color/frame-000028.color.png 0.999885 0.0124963 -0.00856387 -0.0467876 -0.0124029 0.999864 0.0108722 -0.0129901 0.00869857 -0.0107648 0.999904 0.0282788 0.0 0.0 0.0 1.0
pumpkin/seq-08/color/frame-000028.color.png pumpkin/seq-08/color/frame-000031.color.png 0.999933 0.00790984 -0.00848509 -0.046546 -0.00790098 0.999968 0.00107733 -0.00534905 0.00849332 -0.00101026 0.999963 0.0152089 0.0 0.0 0.0 1.0
pumpkin/seq-08/color/frame-000031.color.png pumpkin/seq-08/color/frame-000034.color.png 0.999837 0.0157488 -0.00881569 -0.0478037 -0.0157022 0.999862 0.00532758 -0.0112813 0.00889839 -0.00518828 0.999947 0.019769 0.0 0.0 0.0 1.0
pumpkin/seq-08/color/frame-000034.color.png pumpkin/seq-08/color/frame-000037.color.png 0.999969 0.00340858 -0.00713631 -0.030778 -0.00340598 0.999994 0.000373467 0.0157925 0.00713755 -0.000349171 0.999974 0.00826509 0.0 0.0 0.0 1.0
pumpkin/seq-08/color/frame-000037.color.png pumpkin/seq-08/color/frame-000040.color.png 0.99993 0.00378912 0.0111772 -0.0571457 -0.00375061 0.999987 -0.00346509 0.00142299 -0.0111902 0.00342296 0.999932 0.00514929 0.0 0.0 0.0 1.0
pumpkin/seq-08/color/frame-000040.color.png pumpkin/seq-08/color/frame-000043.color.png 0.999903 -0.00788786 0.0114809 -0.0469401 0.00780884 0.999946 0.0069103 0.0037652 -0.0115347 -0.00681996 0.99991 -0.00713482 0.0 0.0 0.0 1.0
pumpkin/seq-08/color/frame-000043.color.png pumpkin/seq-08/color/frame-000046.color.png 0.999951 0.000957219 0.00987532 -0.0671281 -0.000982776 0.999996 0.00258331 0.0106894 -0.0098728 -0.00259289 0.999948 -1.5676e-05 0.0 0.0 0.0 1.0
pumpkin/seq-08/color/frame-000046.color.png pumpkin/seq-08/color/frame-000049.color.png 0.999816 -0.00327809 -0.0188829 -0.0266201 0.00341823 0.999967 0.00739368 -0.00950592 0.0188581 -0.00745685 0.999794 0.0145536 0.0 0.0 0.0 1.0
pumpkin/seq-08/color/frame-000049.color.png pumpkin/seq-08/color/frame-000052.color.png 0.999782 -0.00180317 -0.0208148 -0.0326465 0.00200909 0.999949 0.00987668 -0.0120737 0.020796 -0.00991638 0.999735 -0.0102493 0.0 0.0 0.0 1.0
pumpkin/seq-08/color/frame-000052.color.png pumpkin/seq-08/color/frame-000055.color.png 0.999909 0.0110829 -0.00768019 -0.0308795 -0.0109438 0.999779 0.0179334 -0.026378 0.00787725 -0.0178477 0.99981 0.00206393 0.0 0.0 0.0 1.0
pumpkin/seq-08/color/frame-000055.color.png pumpkin/seq-08/color/frame-000058.color.png 0.999808 0.0143263 -0.0133655 -0.0409908 -0.0142088 0.99986 0.00883976 -0.0315004 0.0134903 -0.00864816 0.999872 -0.016652 0.0 0.0 0.0 1.0
pumpkin/seq-08/color/frame-000058.color.png pumpkin/seq-08/color/frame-000061.color.png 0.998857 0.0177768 -0.0443649 0.0339102 -0.0228574 0.992895 -0.116776 0.142163 0.0419738 0.117657 0.992167 -0.054189 0.0 0.0 0.0 1.0
pumpkin/seq-08/color/frame-000061.color.png pumpkin/seq-08/color/frame-000064.color.png 0.999303 -0.0372124 -0.00308019 -0.0325387 0.0370869 0.998738 -0.0338849 -0.0077343 0.00433724 0.0337471 0.999421 -0.0686865 0.0 0.0 0.0 1.0
pumpkin/seq-08/color/frame-000064.color.png pumpkin/seq-08/color/frame-000067.color.png 0.99973 -0.0224356 -0.00611603 -0.0403293 0.0222771 0.999443 -0.0248504 -0.0167575 0.00667015 0.0247075 0.999672 -0.030235 0.0 0.0 0.0 1.0
pumpkin/seq-08/color/frame-000067.color.png pumpkin/seq-08/color/frame-000070.color.png 0.999136 0.0198582 0.0365228 -0.141332 -0.0176997 0.998131 -0.0585004 -0.0101789 -0.0376162 0.0578033 0.997619 -0.0707845 0.0 0.0 0.0 1.0
pumpkin/seq-08/color/frame-000070.color.png pumpkin/seq-08/color/frame-000073.color.png 0.999193 -0.0381312 -0.0126345 -0.0227055 0.0378229 0.999001 -0.0237977 0.0121133 0.0135293 0.0233006 0.999637 -0.0159685 0.0 0.0 0.0 1.0
pumpkin/seq-08/color/frame-000073.color.png pumpkin/seq-08/color/frame-000076.color.png 0.999401 -0.0326182 0.0116059 -0.00529712 0.0328393 0.999272 -0.0193959 -0.0249811 -0.0109648 0.0197654 0.999745 -0.0399304 0.0 0.0 0.0 1.0
pumpkin/seq-08/color/frame-000076.color.png pumpkin/seq-08/color/frame-000079.color.png 0.998054 -0.00599588 0.0620731 -0.0208105 0.00620044 0.999976 -0.00310345 -0.0757274 -0.062053 0.00348228 0.998067 -0.0727327 0.0 0.0 0.0 1.0
pumpkin/seq-08/color/frame-000079.color.png pumpkin/seq-08/color/frame-000082.color.png 0.996159 -0.0253534 0.0838069 -0.0743207 0.0244243 0.999629 0.0120938 -0.124751 -0.0840824 -0.0100004 0.996409 -0.060105 0.0 0.0 0.0 1.0
pumpkin/seq-08/color/frame-000082.color.png pumpkin/seq-08/color/frame-000085.color.png 0.999018 0.025508 0.0362237 0.0626256 -0.0251961 0.999642 -0.0090408 -0.156408 -0.0364413 0.00811922 0.999303 -0.0668892 0.0 0.0 0.0 1.0
pumpkin/seq-08/color/frame-000085.color.png pumpkin/seq-08/color/frame-000088.color.png 0.999981 0.00542894 0.00289457 0.00439984 -0.0054541 0.999947 0.00875577 -0.0565266 -0.00284689 -0.00877139 0.999957 0.000340089 0.0 0.0 0.0 1.0
pumpkin/seq-08/color/frame-000088.color.png pumpkin/seq-08/color/frame-000091.color.png 0.999915 0.00697756 0.0109804 -0.00792122 -0.00701135 0.999971 0.00304138 -0.0150521 -0.0109588 -0.00311811 0.999935 -0.0295465 0.0 0.0 0.0 1.0
pumpkin/seq-08/color/frame-000091.color.png pumpkin/seq-08/color/frame-000094.color.png 0.999896 -0.0114344 0.00874167 0.00689816 0.0114211 0.999934 0.00157171 -0.0297403 -0.00875908 -0.0014717 0.999961 0.00050199 0.0 0.0 0.0 1.0
pumpkin/seq-08/color/frame-000094.color.png pumpkin/seq-08/color/frame-000097.color.png 0.999253 -0.0384154 -0.00420769 0.0200474 0.0385311 0.99874 0.0321662 -0.0993527 0.0029667 -0.0323043 0.999474 0.00530232 0.0 0.0 0.0 1.0
pumpkin/seq-08/color/frame-000097.color.png pumpkin/seq-08/color/frame-000100.color.png 0.998974 -0.0268737 0.0364635 0.06222 0.0277907 0.999304 -0.0248783 0.00619692 -0.0357696 0.0258661 0.999025 -0.0411302 0.0 0.0 0.0 1.0
pumpkin/seq-08/color/frame-000100.color.png pumpkin/seq-08/color/frame-000103.color.png 0.996838 -0.0396565 0.0688631 0.0778801 0.040967 0.999003 -0.0177241 -0.00463128 -0.0680915 0.0204892 0.997469 -0.0598703 0.0 0.0 0.0 1.0
pumpkin/seq-08/color/frame-000103.color.png pumpkin/seq-08/color/frame-000106.color.png 0.999503 -0.025317 0.0187623 0.0626388 0.0254086 0.999666 -0.00465985 -0.00415677 -0.018638 0.00513426 0.999813 -0.0232679 0.0 0.0 0.0 1.0
pumpkin/seq-08/color/frame-000106.color.png pumpkin/seq-08/color/frame-000109.color.png 0.999261 -0.0165473 0.0347033 0.0376601 0.0167059 0.999851 -0.00428581 0.0151187 -0.0346273 0.0048624 0.999388 -0.0138607 0.0 0.0 0.0 1.0
pumpkin/seq-08/color/frame-000109.color.png pumpkin/seq-08/color/frame-000112.color.png 0.999901 -0.013741 0.00301753 0.0604788 0.0137273 0.999896 0.00452531 0.0173393 -0.00307939 -0.00448345 0.999985 -0.0194412 0.0 0.0 0.0 1.0
pumpkin/seq-08/color/frame-000112.color.png pumpkin/seq-08/color/frame-000115.color.png 0.998951 -0.0398343 0.0226018 0.0568985 0.0395122 0.999114 0.0145195 0.0116076 -0.0231602 -0.0136112 0.999639 -0.0281796 0.0 0.0 0.0 1.0
pumpkin/seq-08/color/frame-000115.color.png pumpkin/seq-08/color/frame-000118.color.png 0.998898 -0.0360908 0.0300027 0.039241 0.0358065 0.999309 0.00995735 0.0168901 -0.0303413 -0.0088721 0.9995 -0.0136701 0.0 0.0 0.0 1.0
pumpkin/seq-08/color/frame-000118.color.png pumpkin/seq-08/color/frame-000121.color.png 0.999359 -0.0160256 0.0320182 0.0298078 0.0157764 0.999843 0.00802132 0.0132363 -0.0321417 -0.00751105 0.999455 -0.0128987 0.0 0.0 0.0 1.0
pumpkin/seq-08/color/frame-000121.color.png pumpkin/seq-08/color/frame-000124.color.png 0.999474 -0.0209928 0.0247148 0.0392476 0.0206944 0.999711 0.0122691 0.0267631 -0.0249653 -0.0117512 0.999619 -0.000786781 0.0 0.0 0.0 1.0
pumpkin/seq-08/color/frame-000124.color.png pumpkin/seq-08/color/frame-000127.color.png 0.999772 -0.0212824 0.00159998 0.0515586 0.0212329 0.999426 0.0263926 0.00198305 -0.0021608 -0.0263526 0.99965 -0.015786 0.0 0.0 0.0 1.0
pumpkin/seq-08/color/frame-000127.color.png pumpkin/seq-08/color/frame-000130.color.png 0.999239 -0.0300187 0.0248903 0.0523449 0.0293665 0.999226 0.0261646 0.0250506 -0.0256565 -0.0254137 0.999348 0.00641935 0.0 0.0 0.0 1.0
pumpkin/seq-08/color/frame-000130.color.png pumpkin/seq-08/color/frame-000133.color.png 0.999748 -0.0190672 0.0118844 0.0171055 0.0191784 0.999773 -0.0093222 0.035151 -0.0117038 0.00954778 0.999886 0.0341748 0.0 0.0 0.0 1.0
pumpkin/seq-08/color/frame-000133.color.png pumpkin/seq-08/color/frame-000136.color.png 0.999859 -0.0165255 0.00281919 0.0581919 0.0164992 0.999822 0.00913079 -0.00198644 -0.00296962 -0.00908304 0.999954 0.00161052 0.0 0.0 0.0 1.0
pumpkin/seq-08/color/frame-000136.color.png pumpkin/seq-08/color/frame-000139.color.png 0.999971 -0.00573593 -0.00493476 0.0840561 0.0057006 0.999958 -0.00715663 0.0301743 0.00497555 0.00712828 0.999962 -0.00359449 0.0 0.0 0.0 1.0
pumpkin/seq-08/color/frame-000139.color.png pumpkin/seq-08/color/frame-000142.color.png 0.999873 -0.0154507 -0.00402676 0.0346374 0.0154432 0.999879 -0.00188686 0.0148385 0.00405552 0.00182449 0.99999 0.0135882 0.0 0.0 0.0 1.0
pumpkin/seq-08/color/frame-000142.color.png pumpkin/seq-08/color/frame-000145.color.png 0.999733 0.0126743 0.0193049 0.0432374 -0.0131088 0.99966 0.0225439 0.0138069 -0.0190128 -0.0227909 0.999559 0.00187045 0.0 0.0 0.0 1.0
pumpkin/seq-08/color/frame-000145.color.png pumpkin/seq-08/color/frame-000148.color.png 0.999926 0.00968797 0.00730054 0.0388983 -0.00975086 0.999915 0.00863621 0.0256186 -0.0072161 -0.00870676 0.999936 -0.00168478 0.0 0.0 0.0 1.0
pumpkin/seq-08/color/frame-000148.color.png pumpkin/seq-08/color/frame-000151.color.png 0.999581 0.0267511 0.0110627 0.055831 -0.0268076 0.999628 0.00498659 0.0525337 -0.0109253 -0.00528105 0.999926 -0.00432526 0.0 0.0 0.0 1.0
pumpkin/seq-08/color/frame-000151.color.png pumpkin/seq-08/color/frame-000154.color.png 0.999858 0.00553215 -0.0159098 0.0462564 -0.00555521 0.999984 -0.00140521 0.0224566 0.015902 0.00149341 0.999872 -0.0193592 0.0 0.0 0.0 1.0
pumpkin/seq-08/color/frame-000154.color.png pumpkin/seq-08/color/frame-000157.color.png 0.999857 0.0115764 0.0123197 0.0327076 -0.011866 0.999649 0.0237005 0.016434 -0.0120412 -0.0238433 0.999643 0.00256783 0.0 0.0 0.0 1.0
pumpkin/seq-08/color/frame-000157.color.png pumpkin/seq-08/color/frame-000160.color.png 0.999718 0.00851223 -0.0221505 0.0418703 -0.00878523 0.999886 -0.0122548 0.0374483 0.0220438 0.0124459 0.999679 -0.0207871 0.0 0.0 0.0 1.0
pumpkin/seq-08/color/frame-000160.color.png pumpkin/seq-08/color/frame-000163.color.png 0.99965 0.0202558 -0.0170281 0.0408223 -0.0198573 0.999532 0.0232468 0.0169085 0.0174911 -0.0229005 0.999585 -0.0345147 0.0 0.0 0.0 1.0
pumpkin/seq-08/color/frame-000163.color.png pumpkin/seq-08/color/frame-000166.color.png 0.999589 0.0187592 -0.0216534 0.0513955 -0.0184099 0.999699 0.0162219 0.0417721 0.0219512 -0.0158167 0.999634 -0.0431045 0.0 0.0 0.0 1.0
pumpkin/seq-08/color/frame-000166.color.png pumpkin/seq-08/color/frame-000169.color.png 0.999598 0.00909178 -0.026873 0.0317396 -0.00890461 0.999935 0.0070761 0.0282504 0.0269356 -0.00683396 0.999614 -0.0211779 0.0 0.0 0.0 1.0
pumpkin/seq-08/color/frame-000169.color.png pumpkin/seq-08/color/frame-000172.color.png 0.999534 0.0070463 -0.0296867 0.0437683 -0.00668626 0.999903 0.0122104 0.0286454 0.02977 -0.0120062 0.999485 -0.0317869 0.0 0.0 0.0 1.0
pumpkin/seq-08/color/frame-000172.color.png pumpkin/seq-08/color/frame-000175.color.png 0.99946 0.00028259 -0.0328624 0.0307189 8.64912e-06 0.999961 0.008862 0.0218104 0.0328635 -0.00885751 0.99942 -0.0216274 0.0 0.0 0.0 1.0
pumpkin/seq-08/color/frame-000175.color.png pumpkin/seq-08/color/frame-000178.color.png 0.999635 -0.000966111 -0.0270207 0.0374913 0.00102728 0.999997 0.00224981 0.0345136 0.0270184 -0.00227675 0.999632 -0.0289319 0.0 0.0 0.0 1.0
pumpkin/seq-08/color/frame-000178.color.png pumpkin/seq-08/color/frame-000181.color.png 0.999797 -0.0115044 -0.0165476 0.0227376 0.0115518 0.999929 0.0027732 0.0193202 0.0165145 -0.00296375 0.999859 -0.0131606 0.0 0.0 0.0 1.0
pumpkin/seq-08/color/frame-000181.color.png pumpkin/seq-08/color/frame-000184.color.png 0.9999 0.00769929 -0.0118319 0.0419357 -0.00743696 0.999729 0.0220565 0.0247556 0.0119985 -0.0219663 0.999687 -0.0210617 0.0 0.0 0.0 1.0
pumpkin/seq-08/color/frame-000184.color.png pumpkin/seq-08/color/frame-000187.color.png 0.999913 0.0131216 0.00163448 0.0287938 -0.0131422 0.999825 0.0133023 0.0294067 -0.00145965 -0.0133226 0.99991 0.00931877 0.0 0.0 0.0 1.0
pumpkin/seq-08/color/frame-000187.color.png pumpkin/seq-08/color/frame-000190.color.png 0.999934 -0.00262861 -0.0112098 0.0377324 0.00258604 0.999989 -0.00381123 0.0288124 0.0112198 0.003782 0.99993 -0.0127845 0.0 0.0 0.0 1.0
pumpkin/seq-08/color/frame-000190.color.png pumpkin/seq-08/color/frame-000193.color.png 0.999995 0.00196962 0.00234627 0.0424129 -0.00197788 0.999992 0.00352361 0.0190391 -0.00233932 -0.00352823 0.999991 0.00311446 0.0 0.0 0.0 1.0
pumpkin/seq-08/color/frame-000193.color.png pumpkin/seq-08/color/frame-000196.color.png 0.99996 0.00108315 0.00891965 0.0282242 -0.00107418 0.999999 -0.0010162 0.0297259 -0.0089208 0.00100657 0.99996 0.0115983 0.0 0.0 0.0 1.0
pumpkin/seq-08/color/frame-000196.color.png pumpkin/seq-08/color/frame-000199.color.png 0.999879 -0.0125748 -0.00915199 0.0399888 0.0126878 0.999843 0.0123968 0.0115987 0.00899467 -0.0125114 0.999881 0.00447674 0.0 0.0 0.0 1.0
pumpkin/seq-08/color/frame-000199.color.png pumpkin/seq-08/color/frame-000202.color.png 1.0 0.000423736 -0.000752982 0.0409785 -0.000411736 0.999874 0.015893 0.0164991 0.000759601 -0.0158927 0.999873 0.00869042 0.0 0.0 0.0 1.0
pumpkin/seq-08/color/frame-000202.color.png pumpkin/seq-08/color/frame-000205.color.png 0.999917 0.00851487 0.00964774 0.0323052 -0.00863758 0.999881 0.0127522 0.0238682 -0.00953801 -0.0128344 0.999872 0.00892086 0.0 0.0 0.0 1.0
pumpkin/seq-08/color/frame-000205.color.png pumpkin/seq-08/color/frame-000208.color.png 0.99988 -0.0154704 0.000242511 0.0227086 0.0154695 0.999874 0.00359397 -0.00258114 -0.000298079 -0.00358986 0.999993 -0.00425145 0.0 0.0 0.0 1.0
pumpkin/seq-08/color/frame-000208.color.png pumpkin/seq-08/color/frame-000211.color.png 0.999945 0.00712069 0.00774962 0.0280036 -0.00726703 0.999793 0.0190273 0.0135587 -0.00761251 -0.0190825 0.999789 0.00374964 0.0 0.0 0.0 1.0
pumpkin/seq-08/color/frame-000211.color.png pumpkin/seq-08/color/frame-000214.color.png 0.999879 -0.00592979 0.0143611 0.0204616 0.00562344 0.999758 0.021278 0.0134754 -0.0144838 -0.0211947 0.99967 0.0102199 0.0 0.0 0.0 1.0
pumpkin/seq-08/color/frame-000214.color.png pumpkin/seq-08/color/frame-000217.color.png 0.999864 -0.000946691 0.0164727 0.0171643 0.000750488 0.999929 0.0119138 0.0110254 -0.0164829 -0.0118998 0.999793 0.0347245 0.0 0.0 0.0 1.0
pumpkin/seq-08/color/frame-000217.color.png pumpkin/seq-08/color/frame-000220.color.png 0.999948 -0.00756544 -0.00680887 0.0323808 0.00762964 0.999926 0.00946265 0.0027545 0.00673668 -0.00951414 0.999932 -0.00891149 0.0 0.0 0.0 1.0
pumpkin/seq-08/color/frame-000220.color.png pumpkin/seq-08/color/frame-000223.color.png 0.999995 0.0025553 -0.00163301 0.0123432 -0.00254782 0.999986 0.0045381 0.00973033 0.00164472 -0.00453382 0.999988 0.0112726 0.0 0.0 0.0 1.0
pumpkin/seq-08/color/frame-000223.color.png pumpkin/seq-08/color/frame-000226.color.png 0.999671 0.00552861 -0.0250388 0.00258446 -0.00550915 0.999985 0.000847216 -0.00534526 0.0250431 -0.000709095 0.999686 -0.0143904 0.0 0.0 0.0 1.0
pumpkin/seq-08/color/frame-000226.color.png pumpkin/seq-08/color/frame-000229.color.png 0.999187 0.00664073 -0.0397647 0.00855392 -0.00744291 0.999771 -0.020059 0.00658331 0.0396224 0.0203387 0.999008 -0.0311063 0.0 0.0 0.0 1.0
pumpkin/seq-08/color/frame-000229.color.png pumpkin/seq-08/color/frame-000232.color.png 0.997562 -0.00241423 -0.0697499 0.0447046 -0.000585169 0.999077 -0.0429501 0.0109027 0.0697892 0.0428861 0.996639 -0.0712733 0.0 0.0 0.0 1.0
pumpkin/seq-08/color/frame-000232.color.png pumpkin/seq-08/color/frame-000235.color.png 0.999396 0.0162959 -0.0306972 0.00793082 -0.0164634 0.999851 -0.00521242 0.0159574 0.0306077 0.0057147 0.999515 -0.0389461 0.0 0.0 0.0 1.0
pumpkin/seq-08/color/frame-000235.color.png pumpkin/seq-08/color/frame-000238.color.png 0.999325 0.0113215 -0.0349587 0.0118302 -0.0113049 0.999936 0.000673161 0.0122962 0.0349641 -0.000277511 0.999389 -0.0381522 0.0 0.0 0.0 1.0
pumpkin/seq-08/color/frame-000238.color.png pumpkin/seq-08/color/frame-000241.color.png 0.999357 0.00634383 -0.0352995 0.0217216 -0.00628978 0.999979 0.00164153 0.0031757 0.0353091 -0.00141847 0.999375 -0.0297129 0.0 0.0 0.0 1.0
pumpkin/seq-08/color/frame-000241.color.png pumpkin/seq-08/color/frame-000244.color.png 0.999677 0.0154906 -0.0201605 0.0148687 -0.0155056 0.99988 -0.000583399 0.0262286 0.0201491 0.000895795 0.999797 -0.0187607 0.0 0.0 0.0 1.0
pumpkin/seq-08/color/frame-000244.color.png pumpkin/seq-08/color/frame-000247.color.png 0.999816 0.0139041 -0.0132209 0.00790131 -0.0138026 0.999875 0.00773735 0.0159269 0.0133268 -0.00755344 0.999883 -0.0156514 0.0 0.0 0.0 1.0
pumpkin/seq-08/color/frame-000247.color.png pumpkin/seq-08/color/frame-000250.color.png 0.999131 0.0258527 -0.0327021 0.0168324 -0.0254151 0.999583 0.0137273 0.019571 0.0330434 -0.0128842 0.999371 -0.0376889 0.0 0.0 0.0 1.0
pumpkin/seq-08/color/frame-000250.color.png pumpkin/seq-08/color/frame-000253.color.png 0.999517 -0.0120332 -0.0286643 0.0445548 0.0114525 0.999727 -0.02034 -0.0196033 0.0289012 0.0200019 0.999382 -0.0560441 0.0 0.0 0.0 1.0
pumpkin/seq-08/color/frame-000253.color.png pumpkin/seq-08/color/frame-000256.color.png 0.99974 0.0145946 -0.0174988 0.00597739 -0.0147431 0.999856 -0.00838786 0.00265499 0.0173738 0.00864366 0.999812 -0.0216214 0.0 0.0 0.0 1.0
pumpkin/seq-08/color/frame-000256.color.png pumpkin/seq-08/color/frame-000259.color.png 0.999611 0.0182133 -0.0211283 0.00727189 -0.0187242 0.999531 -0.0242404 0.00412055 0.0206769 0.0246266 0.999483 -0.0313359 0.0 0.0 0.0 1.0
pumpkin/seq-08/color/frame-000259.color.png pumpkin/seq-08/color/frame-000262.color.png 0.999856 0.00955565 -0.0140376 0.00588691 -0.00967339 0.999919 -0.00834362 -0.00156671 0.0139567 0.00847818 0.999867 -0.0212364 0.0 0.0 0.0 1.0
pumpkin/seq-08/color/frame-000262.color.png pumpkin/seq-08/color/frame-000265.color.png 0.999669 0.00404808 -0.0254016 -0.000612974 -0.00451308 0.999823 -0.0182753 -0.00846099 0.0253231 0.0183838 0.99951 -0.0369388 0.0 0.0 0.0 1.0
pumpkin/seq-08/color/frame-000265.color.png pumpkin/seq-08/color/frame-000268.color.png 0.99949 0.0133184 -0.0290097 -0.000368476 -0.0136923 0.999825 -0.0127314 -0.00248098 0.028835 0.0131222 0.999498 -0.0435928 0.0 0.0 0.0 1.0
pumpkin/seq-08/color/frame-000268.color.png pumpkin/seq-08/color/frame-000271.color.png 0.99966 0.0134397 -0.022369 7.96318e-05 -0.0135576 0.999895 -0.00512813 0.00315312 0.0222977 0.00542962 0.999737 -0.0319977 0.0 0.0 0.0 1.0
pumpkin/seq-08/color/frame-000271.color.png pumpkin/seq-08/color/frame-000274.color.png 0.999358 0.00489506 -0.0355007 -0.00743437 -0.00535426 0.999903 -0.0128516 -0.0132797 0.0354343 0.0130334 0.999287 -0.0506849 0.0 0.0 0.0 1.0
pumpkin/seq-08/color/frame-000274.color.png pumpkin/seq-08/color/frame-000277.color.png 0.999617 0.0142897 -0.0237124 0.00197697 -0.014369 0.999892 -0.00317565 0.000217184 0.0236644 0.00351516 0.999714 -0.0343092 0.0 0.0 0.0 1.0
pumpkin/seq-08/color/frame-000277.color.png pumpkin/seq-08/color/frame-000280.color.png 0.999801 0.0188248 -0.00666879 -0.0103499 -0.0188626 0.999806 -0.00565718 -0.00353181 0.00656098 0.00578185 0.999962 -0.0151871 0.0 0.0 0.0 1.0
pumpkin/seq-08/color/frame-000280.color.png pumpkin/seq-08/color/frame-000283.color.png 0.997814 -0.00597597 -0.0658182 0.0745291 0.00573634 0.999976 -0.00382907 -0.0335424 0.0658395 0.00344312 0.997824 -0.0857754 0.0 0.0 0.0 1.0
pumpkin/seq-08/color/frame-000283.color.png pumpkin/seq-08/color/frame-000286.color.png 0.999917 0.00885418 -0.00938175 0.000550032 -0.00892917 0.999928 -0.00798193 0.00426123 0.00931043 0.00806507 0.999924 -0.0199487 0.0 0.0 0.0 1.0
pumpkin/seq-08/color/frame-000286.color.png pumpkin/seq-08/color/frame-000289.color.png 0.999987 1.31715e-05 -0.00507049 -0.000936508 -1.50361e-05 1.0 -0.000367727 -0.0236514 0.00507047 0.000367746 0.999987 -0.00312701 0.0 0.0 0.0 1.0
pumpkin/seq-08/color/frame-000289.color.png pumpkin/seq-08/color/frame-000292.color.png 0.999912 -0.00210353 -0.0131021 0.00174248 0.00197628 0.999951 -0.0097172 -0.0199698 0.0131219 0.00969048 0.999867 -0.018339 0.0 0.0 0.0 1.0
pumpkin/seq-08/color/frame-000292.color.png pumpkin/seq-08/color/frame-000295.color.png 0.999991 0.000863724 -0.0040466 -0.00944841 -0.000855928 0.999998 0.0019279 -0.0225792 0.00404825 -0.0019244 0.99999 -0.0115189 0.0 0.0 0.0 1.0
pumpkin/seq-08/color/frame-000295.color.png pumpkin/seq-08/color/frame-000298.color.png 0.999807 0.0175048 -0.00889909 -0.00344908 -0.0175297 0.999843 -0.00272834 -0.0099557 0.00884995 0.00288379 0.999957 -0.0159789 0.0 0.0 0.0 1.0
pumpkin/seq-08/color/frame-000298.color.png pumpkin/seq-08/color/frame-000301.color.png 0.999602 0.0269425 0.00839698 -0.00458574 -0.0268559 0.999587 -0.0102618 0.0319053 -0.00866999 0.0100322 0.999912 -2.47359e-05 0.0 0.0 0.0 1.0
pumpkin/seq-08/color/frame-000301.color.png pumpkin/seq-08/color/frame-000304.color.png 0.999741 0.0227045 0.00121738 -0.015642 -0.0227066 0.99974 0.00175181 -0.0174348 -0.00117728 -0.00177898 0.999998 -0.0061388 0.0 0.0 0.0 1.0
pumpkin/seq-08/color/frame-000304.color.png pumpkin/seq-08/color/frame-000307.color.png 0.999516 0.0302276 0.0073163 0.000238538 -0.0301317 0.999463 -0.0128835 -0.00217 -0.00770182 0.0126568 0.99989 0.00595969 0.0 0.0 0.0 1.0
pumpkin/seq-08/color/frame-000307.color.png pumpkin/seq-08/color/frame-000310.color.png 0.999649 0.0244103 0.0102514 -0.0094254 -0.0242661 0.999608 -0.0139667 0.00654709 -0.0105883 0.013713 0.99985 0.00442451 0.0 0.0 0.0 1.0
pumpkin/seq-08/color/frame-000310.color.png pumpkin/seq-08/color/frame-000313.color.png 0.999569 0.0244152 0.0163266 -0.016878 -0.0242989 0.999678 -0.00728472 -0.0139572 -0.0164992 0.00688486 0.99984 0.0125508 0.0 0.0 0.0 1.0
pumpkin/seq-08/color/frame-000313.color.png pumpkin/seq-08/color/frame-000316.color.png 0.9992 0.0358684 0.0176732 -0.0201743 -0.0358177 0.999353 -0.00318142 0.00799638 -0.0177759 0.00254585 0.999839 0.0216209 0.0 0.0 0.0 1.0
pumpkin/seq-08/color/frame-000316.color.png pumpkin/seq-08/color/frame-000319.color.png 0.999367 0.0310874 0.0172703 -0.0262506 -0.0311041 0.999516 0.000697898 -0.00979027 -0.0172403 -0.00123461 0.999851 0.0139301 0.0 0.0 0.0 1.0
pumpkin/seq-08/color/frame-000319.color.png pumpkin/seq-08/color/frame-000322.color.png 0.999408 0.0343402 -0.00221187 -0.0550773 -0.0343598 0.999364 -0.00958014 -0.0369858 0.00188147 0.00965047 0.999952 -6.49691e-06 0.0 0.0 0.0 1.0
pumpkin/seq-08/color/frame-000322.color.png pumpkin/seq-08/color/frame-000325.color.png 0.99996 0.00864103 -0.00225208 -0.044959 -0.00862055 0.999923 0.00894831 -0.0505825 0.00232926 -0.00892857 0.999957 0.00634286 0.0 0.0 0.0 1.0
pumpkin/seq-08/color/frame-000325.color.png pumpkin/seq-08/color/frame-000328.color.png 0.999866 0.0102164 0.0127783 -0.0474566 -0.0101936 0.999946 -0.00184813 -0.0031752 -0.0127965 0.00171764 0.999917 0.0237878 0.0 0.0 0.0 1.0
pumpkin/seq-08/color/frame-000328.color.png pumpkin/seq-08/color/frame-000331.color.png 0.999997 0.00120623 0.00214992 -0.0673191 -0.00118245 0.999938 -0.0110647 -0.0272881 -0.00216313 0.0110621 0.999937 0.0250093 0.0 0.0 0.0 1.0
pumpkin/seq-08/color/frame-000331.color.png pumpkin/seq-08/color/frame-000334.color.png 0.999541 -0.00592318 0.0297245 -0.0734274 0.00552897 0.999896 0.0133292 -0.031887 -0.0298004 -0.0131587 0.999469 0.0217744 0.0 0.0 0.0 1.0
pumpkin/seq-08/color/frame-000334.color.png pumpkin/seq-08/color/frame-000337.color.png 0.999929 0.0118037 -0.00183661 -0.0378155 -0.0117494 0.99956 0.0272406 0.00391525 0.00215735 -0.027217 0.999627 0.0146704 0.0 0.0 0.0 1.0
pumpkin/seq-08/color/frame-000337.color.png pumpkin/seq-08/color/frame-000340.color.png 0.999473 0.0126114 -0.0299089 -0.0567101 -0.0127886 0.999902 -0.00574295 0.0193497 0.0298335 0.00612242 0.999536 0.00785536 0.0 0.0 0.0 1.0
pumpkin/seq-08/color/frame-000340.color.png pumpkin/seq-08/color/frame-000343.color.png 0.999742 -0.010125 -0.0203331 -0.0705607 0.0100759 0.999946 -0.0025165 -0.0301191 0.0203575 0.00231099 0.99979 0.013988 0.0 0.0 0.0 1.0
pumpkin/seq-08/color/frame-000343.color.png pumpkin/seq-08/color/frame-000346.color.png 0.999869 -0.0159939 0.00230476 -0.0632581 0.0159818 0.999859 0.00514147 -0.0161268 -0.00238667 -0.00510396 0.999984 0.0147667 0.0 0.0 0.0 1.0
pumpkin/seq-08/color/frame-000346.color.png pumpkin/seq-08/color/frame-000349.color.png 0.999871 -0.00369321 -0.0156412 -0.0641697 0.00377543 0.999979 0.00523001 -0.002846 0.0156215 -0.0052884 0.999864 0.0101899 0.0 0.0 0.0 1.0
pumpkin/seq-08/color/frame-000349.color.png pumpkin/seq-08/color/frame-000352.color.png 0.998818 -0.0203331 -0.0441435 -0.0676062 0.0209474 0.999689 0.0134956 -0.00518584 0.0438554 -0.0144044 0.998934 -0.0132546 0.0 0.0 0.0 1.0
pumpkin/seq-08/color/frame-000352.color.png pumpkin/seq-08/color/frame-000355.color.png 0.999064 -0.0225488 -0.0369025 -0.0717546 0.0229693 0.999676 0.0110125 -0.0108496 0.0366422 -0.0118498 0.999258 0.000219107 0.0 0.0 0.0 1.0
pumpkin/seq-08/color/frame-000355.color.png pumpkin/seq-08/color/frame-000358.color.png 0.999575 -0.0210779 -0.0201414 -0.0800734 0.0212425 0.999742 0.00799202 -0.0047341 0.0199678 -0.00841652 0.999765 -0.00767556 0.0 0.0 0.0 1.0
pumpkin/seq-08/color/frame-000358.color.png pumpkin/seq-08/color/frame-000361.color.png 0.999725 -0.0230545 -0.00433681 -0.0839322 0.02295 0.999477 -0.022768 0.0255926 0.00485943 0.0226622 0.999731 0.0167211 0.0 0.0 0.0 1.0
pumpkin/seq-08/color/frame-000361.color.png pumpkin/seq-08/color/frame-000364.color.png 0.998765 -0.0491591 -0.00724371 -0.0773268 0.0491526 0.998791 -0.00107489 0.0211817 0.00728781 0.00071751 0.999973 0.00976536 0.0 0.0 0.0 1.0
pumpkin/seq-08/color/frame-000364.color.png pumpkin/seq-08/color/frame-000367.color.png 0.998129 -0.0606551 0.0077372 -0.0588267 0.0605366 0.998057 0.0147335 -0.024176 -0.00861588 -0.0142375 0.999862 0.0155376 0.0 0.0 0.0 1.0
pumpkin/seq-08/color/frame-000367.color.png pumpkin/seq-08/color/frame-000370.color.png 0.995008 -0.0962655 0.0263248 -0.0889278 0.0966881 0.995197 -0.0152796 0.00325584 -0.0247275 0.0177486 0.999537 0.0294698 0.0 0.0 0.0 1.0
pumpkin/seq-08/color/frame-000370.color.png pumpkin/seq-08/color/frame-000373.color.png 0.999553 -0.0296802 -0.00365153 -0.0227553 0.0296471 0.999522 -0.00878773 0.0268709 0.00391063 0.00867555 0.999955 0.0164896 0.0 0.0 0.0 1.0
pumpkin/seq-08/color/frame-000373.color.png pumpkin/seq-08/color/frame-000376.color.png 0.999054 -0.0244657 0.0359561 -0.0400268 0.0248685 0.999632 -0.0107993 0.0081172 -0.0356787 0.0116832 0.999295 0.0169204 0.0 0.0 0.0 1.0
pumpkin/seq-08/color/frame-000376.color.png pumpkin/seq-08/color/frame-000379.color.png 0.999636 -0.0247088 -0.0108414 -0.0232576 0.0246142 0.999658 -0.00878024 0.0255892 0.0110546 0.00851018 0.999903 0.0207122 0.0 0.0 0.0 1.0
pumpkin/seq-08/color/frame-000379.color.png pumpkin/seq-08/color/frame-000382.color.png 0.999749 -0.0154215 0.0162403 -0.0354235 0.0154357 0.999881 -0.000752297 0.00748366 -0.0162268 0.0010028 0.999868 0.0108957 0.0 0.0 0.0 1.0
pumpkin/seq-08/color/frame-000382.color.png pumpkin/seq-08/color/frame-000385.color.png 0.999912 -0.011044 0.00737279 -0.00861257 0.0111606 0.99981 -0.0159642 0.0360775 -0.00719507 0.0160451 0.999845 0.0347745 0.0 0.0 0.0 1.0
pumpkin/seq-08/color/frame-000385.color.png pumpkin/seq-08/color/frame-000388.color.png 0.998807 -0.034204 0.0348558 -0.0471995 0.0338651 0.999374 0.0102671 0.0156074 -0.0351851 -0.00907446 0.99934 0.0268743 0.0 0.0 0.0 1.0
pumpkin/seq-08/color/frame-000388.color.png pumpkin/seq-08/color/frame-000391.color.png 0.998336 -0.0287107 0.0500037 -0.029881 0.0291614 0.99954 -0.0083063 0.0279346 -0.0497423 0.00975066 0.998715 0.0333022 0.0 0.0 0.0 1.0
pumpkin/seq-08/color/frame-000391.color.png pumpkin/seq-08/color/frame-000394.color.png 0.999226 -0.0143093 0.0366379 -0.0297352 0.0152855 0.999532 -0.0265027 0.0247312 -0.0362415 0.0270422 0.998977 0.0339787 0.0 0.0 0.0 1.0
pumpkin/seq-08/color/frame-000394.color.png pumpkin/seq-08/color/frame-000397.color.png 0.999451 -0.0148378 0.029616 -0.0498043 0.0150545 0.999861 -0.00710756 0.0107459 -0.0295064 0.00754952 0.999536 0.00285412 0.0 0.0 0.0 1.0
pumpkin/seq-08/color/frame-000397.color.png pumpkin/seq-08/color/frame-000400.color.png 0.999444 -0.0162432 0.0291149 -0.0482516 0.0163532 0.99986 -0.00354654 0.0254117 -0.0290532 0.00402069 0.99957 0.0113344 0.0 0.0 0.0 1.0
pumpkin/seq-08/color/frame-000400.color.png pumpkin/seq-08/color/frame-000403.color.png 0.999264 -0.00420592 0.0381308 -0.03894 0.00421587 0.999991 -0.000180104 0.0187087 -0.0381298 0.000340726 0.999273 0.00642278 0.0 0.0 0.0 1.0
pumpkin/seq-08/color/frame-000403.color.png pumpkin/seq-08/color/frame-000406.color.png 0.99951 -0.00893493 0.0299808 -0.0257351 0.00934552 0.999864 -0.0135828 0.0170953 -0.0298553 0.0138564 0.999458 0.00147377 0.0 0.0 0.0 1.0
pumpkin/seq-08/color/frame-000406.color.png pumpkin/seq-08/color/frame-000409.color.png 0.998843 -0.00404927 0.0479274 -0.0409344 0.00490255 0.999831 -0.0176995 0.0187741 -0.0478476 0.017914 0.998694 -0.00540079 0.0 0.0 0.0 1.0
pumpkin/seq-08/color/frame-000409.color.png pumpkin/seq-08/color/frame-000412.color.png 0.998951 0.00454533 0.045574 -0.0347223 -0.00344535 0.999701 -0.0241856 0.0230835 -0.0456703 0.0240032 0.998668 -0.00673555 0.0 0.0 0.0 1.0
pumpkin/seq-08/color/frame-000412.color.png pumpkin/seq-08/color/frame-000415.color.png 0.998842 -0.0046017 0.0478809 -0.0496139 0.00426723 0.999966 0.0070854 0.00849918 -0.0479118 -0.00687288 0.998828 -0.0143441 0.0 0.0 0.0 1.0
pumpkin/seq-08/color/frame-000415.color.png pumpkin/seq-08/color/frame-000418.color.png 0.998672 -0.0142839 0.049504 -0.0413242 0.0144732 0.999889 -0.00346632 0.0143864 -0.049449 0.00417819 0.998768 -0.0176342 0.0 0.0 0.0 1.0
pumpkin/seq-08/color/frame-000418.color.png pumpkin/seq-08/color/frame-000421.color.png 0.999239 -0.0110409 0.0374122 -0.0505659 0.011809 0.999723 -0.0203746 0.0312283 -0.0371769 0.0208009 0.999092 -0.0112482 0.0 0.0 0.0 1.0
pumpkin/seq-08/color/frame-000421.color.png pumpkin/seq-08/color/frame-000424.color.png 0.998747 -0.0110322 0.0488172 -0.0436567 0.0110285 0.999939 0.000346831 0.032266 -0.048818 0.000192011 0.998808 -0.0115994 0.0 0.0 0.0 1.0
pumpkin/seq-08/color/frame-000424.color.png pumpkin/seq-08/color/frame-000427.color.png 0.999285 -0.0201024 0.0320034 -0.0438316 0.0198643 0.999773 0.00774076 0.0202259 -0.0321519 -0.0070995 0.999458 -0.0272513 0.0 0.0 0.0 1.0
pumpkin/seq-08/color/frame-000427.color.png pumpkin/seq-08/color/frame-000430.color.png 0.999701 -0.00607759 0.023685 -0.0364949 0.0057479 0.999886 0.0139632 0.00435695 -0.0237672 -0.0138229 0.999622 -0.020537 0.0 0.0 0.0 1.0
pumpkin/seq-08/color/frame-000430.color.png pumpkin/seq-08/color/frame-000433.color.png 0.999791 -0.000620016 0.0204528 -0.030751 0.000632703 1.0 -0.000612348 0.0242598 -0.0204523 0.000625144 0.999791 -0.0167491 0.0 0.0 0.0 1.0
pumpkin/seq-08/color/frame-000433.color.png pumpkin/seq-08/color/frame-000436.color.png 0.999709 0.00897246 0.0224092 -0.0210671 -0.00921588 0.9999 0.0107824 0.0156718 -0.0223103 -0.0109858 0.999691 -0.0257411 0.0 0.0 0.0 1.0
pumpkin/seq-08/color/frame-000436.color.png pumpkin/seq-08/color/frame-000439.color.png 0.999599 -0.000358203 0.0283068 -0.0399816 -4.59867e-05 0.999898 0.0142794 0.0259643 -0.028309 -0.014275 0.999497 -0.015036 0.0 0.0 0.0 1.0
pumpkin/seq-08/color/frame-000439.color.png pumpkin/seq-08/color/frame-000442.color.png 0.999733 -0.0167209 0.0159375 -0.0219383 0.0164824 0.999752 0.0149829 0.0450432 -0.0161841 -0.0147162 0.999761 -0.0219415 0.0 0.0 0.0 1.0
pumpkin/seq-08/color/frame-000442.color.png pumpkin/seq-08/color/frame-000445.color.png 0.999178 -0.0210987 0.0346235 -0.0423798 0.0201239 0.999398 0.0282623 0.0390779 -0.0351989 -0.0275423 0.999001 -0.016119 0.0 0.0 0.0 1.0
pumpkin/seq-08/color/frame-000445.color.png pumpkin/seq-08/color/frame-000448.color.png 0.9983 -0.0534387 0.0232811 -0.0357887 0.0530367 0.998438 0.0175542 0.0544971 -0.0241829 -0.0162897 0.999575 -0.0141823 0.0 0.0 0.0 1.0
pumpkin/seq-08/color/frame-000448.color.png pumpkin/seq-08/color/frame-000451.color.png 0.999094 -0.0358758 0.0228726 -0.0368907 0.0355572 0.999267 0.0141869 0.0587554 -0.0233648 -0.0133608 0.999638 -0.0235496 0.0 0.0 0.0 1.0
pumpkin/seq-08/color/frame-000451.color.png pumpkin/seq-08/color/frame-000454.color.png 0.999003 -0.0269111 0.0356074 -0.0611325 0.0256634 0.999056 0.0350474 0.0308292 -0.0365168 -0.0340987 0.998751 0.0104852 0.0 0.0 0.0 1.0
pumpkin/seq-08/color/frame-000454.color.png pumpkin/seq-08/color/frame-000457.color.png 0.999456 -0.0301603 0.013356 -0.0303675 0.0297611 0.999132 0.029145 -0.0109442 -0.0142233 -0.0287316 0.999486 -0.0202098 0.0 0.0 0.0 1.0
pumpkin/seq-08/color/frame-000457.color.png pumpkin/seq-08/color/frame-000460.color.png 0.999767 -0.0149094 0.0155998 -0.0234815 0.0148205 0.999873 0.00579806 0.0229238 -0.0156843 -0.00556553 0.999862 -0.0223667 0.0 0.0 0.0 1.0
pumpkin/seq-08/color/frame-000460.color.png pumpkin/seq-08/color/frame-000463.color.png 0.999388 -0.0162394 0.0309793 -0.0368848 0.0156664 0.999703 0.0186494 -0.0120625 -0.0312731 -0.0181528 0.999346 -0.0130569 0.0 0.0 0.0 1.0
pumpkin/seq-08/color/frame-000463.color.png pumpkin/seq-08/color/frame-000466.color.png 0.999783 -0.0186852 0.00924708 -0.0322667 0.018577 0.999759 0.0116562 0.000687718 -0.00946263 -0.0114819 0.999889 -0.00331594 0.0 0.0 0.0 1.0
pumpkin/seq-08/color/frame-000466.color.png pumpkin/seq-08/color/frame-000469.color.png 0.999807 -0.00808949 0.0178843 -0.0379606 0.00794625 0.999936 0.00806917 -0.0154153 -0.0179485 -0.00792552 0.999808 -0.000671149 0.0 0.0 0.0 1.0
pumpkin/seq-08/color/frame-000469.color.png pumpkin/seq-08/color/frame-000472.color.png 0.99965 -0.0177526 0.0196091 -0.0434085 0.0176893 0.999838 0.0033969 -0.0142873 -0.0196661 -0.00304881 0.999802 -0.00282002 0.0 0.0 0.0 1.0
pumpkin/seq-08/color/frame-000472.color.png pumpkin/seq-08/color/frame-000475.color.png 0.999905 0.00953921 0.0099998 -0.0166146 -0.00953277 0.999954 -0.00070179 -0.0437496 -0.0100061 0.00060643 0.99995 0.000949945 0.0 0.0 0.0 1.0
pumpkin/seq-08/color/frame-000475.color.png pumpkin/seq-08/color/frame-000478.color.png 0.99994 0.00842911 0.00701416 -0.0461096 -0.00831872 0.999844 -0.0156014 -0.0263523 -0.00714453 0.0155421 0.999854 0.000458691 0.0 0.0 0.0 1.0
pumpkin/seq-08/color/frame-000478.color.png pumpkin/seq-08/color/frame-000481.color.png 0.999623 0.0271515 0.00400107 -0.0225842 -0.027085 0.999507 -0.0158666 -0.0377341 -0.0044298 0.0157522 0.999866 -0.00162869 0.0 0.0 0.0 1.0
pumpkin/seq-08/color/frame-000481.color.png pumpkin/seq-08/color/frame-000484.color.png 0.999921 0.0042282 0.0118684 -0.0197167 -0.00422344 0.999991 -0.000418656 -0.0247696 -0.0118701 0.000368562 0.999929 -0.00694848 0.0 0.0 0.0 1.0
pumpkin/seq-08/color/frame-000484.color.png pumpkin/seq-08/color/frame-000487.color.png 0.999796 0.0201983 0.000621244 0.00754797 -0.0201929 0.999766 -0.00772541 -0.0423761 -0.000777205 0.00771126 0.99997 -0.00206686 0.0 0.0 0.0 1.0
pumpkin/seq-08/color/frame-000487.color.png pumpkin/seq-08/color/frame-000490.color.png 0.999808 0.0130968 0.0145496 -0.0134975 -0.0129569 0.999869 -0.00966563 -0.0555106 -0.0146742 0.00947529 0.999847 -0.0188351 0.0 0.0 0.0 1.0
pumpkin/seq-08/color/frame-000490.color.png pumpkin/seq-08/color/frame-000493.color.png 0.999561 0.0249096 0.0160187 0.0100963 -0.0247356 0.999634 -0.0109712 -0.0629147 -0.0162861 0.0105702 0.999811 -0.0295957 0.0 0.0 0.0 1.0
pumpkin/seq-08/color/frame-000493.color.png pumpkin/seq-08/color/frame-000496.color.png 0.99832 0.0380792 0.0436599 0.00800264 -0.0373331 0.999145 -0.0177786 -0.09135 -0.0442996 0.0161188 0.998888 -0.0475585 0.0 0.0 0.0 1.0
pumpkin/seq-08/color/frame-000496.color.png pumpkin/seq-08/color/frame-000499.color.png 0.998152 0.0390229 0.0465811 0.01517 -0.0380255 0.999032 -0.0221087 -0.0686102 -0.0473987 0.0202966 0.99867 -0.0503523 0.0 0.0 0.0 1.0
pumpkin/seq-08/color/frame-000499.color.png pumpkin/seq-08/color/frame-000502.color.png 0.998823 0.0361196 0.0323691 0.0212139 -0.0347527 0.99852 -0.041842 -0.0791328 -0.0338325 0.0406679 0.9986 -0.0224712 0.0 0.0 0.0 1.0
pumpkin/seq-08/color/frame-000502.color.png pumpkin/seq-08/color/frame-000505.color.png 0.998943 0.0418472 0.0190233 0.0146478 -0.0413305 0.998786 -0.0267895 -0.0499586 -0.0201212 0.025975 0.99946 -0.00558708 0.0 0.0 0.0 1.0
pumpkin/seq-08/color/frame-000505.color.png pumpkin/seq-08/color/frame-000508.color.png 0.998443 0.0555916 -0.00457495 0.0279975 -0.0556522 0.998346 -0.0144009 -0.0850006 0.00376685 0.014633 0.999886 0.0115316 0.0 0.0 0.0 1.0
pumpkin/seq-08/color/frame-000508.color.png pumpkin/seq-08/color/frame-000511.color.png 0.996544 0.0815573 -0.0157683 0.0579326 -0.0818089 0.996519 -0.0160273 -0.09186 0.0144063 0.0172619 0.999747 0.0169777 0.0 0.0 0.0 1.0
pumpkin/seq-08/color/frame-000511.color.png pumpkin/seq-08/color/frame-000514.color.png 0.998847 0.0459859 -0.0137897 0.0432616 -0.0463883 0.99846 -0.0304434 -0.0819612 0.0123683 0.031048 0.999442 0.0132348 0.0 0.0 0.0 1.0
pumpkin/seq-08/color/frame-000514.color.png pumpkin/seq-08/color/frame-000517.color.png 0.999401 0.0270028 -0.0216398 0.0616766 -0.0272976 0.999537 -0.0134478 -0.0478023 0.0212667 0.0140304 0.999675 -0.00341561 0.0 0.0 0.0 1.0
pumpkin/seq-08/color/frame-000517.color.png pumpkin/seq-08/color/frame-000520.color.png 0.998306 0.0521199 -0.0258522 0.0914225 -0.0521431 0.99864 -0.000224666 -0.0673547 0.0258054 0.00157231 0.999666 0.000786901 0.0 0.0 0.0 1.0
pumpkin/seq-08/color/frame-000520.color.png pumpkin/seq-08/color/frame-000523.color.png 0.998905 0.0294729 -0.0363315 0.061281 -0.0290419 0.999502 0.012335 -0.0391412 0.0366768 -0.0112663 0.999264 -0.0043105 0.0 0.0 0.0 1.0
pumpkin/seq-08/color/frame-000523.color.png pumpkin/seq-08/color/frame-000526.color.png 0.998371 0.0419662 -0.0386448 0.0808921 -0.0413409 0.999003 0.0168417 -0.0546622 0.0393132 -0.0152167 0.999111 -0.0165753 0.0 0.0 0.0 1.0
