pumpkin/seq-08/color/frame-000001.color.png pumpkin/seq-08/color/frame-000003.color.png 0.999999 0.00115924 0.000280389 -0.00291682 -0.00116025 0.999993 0.00363167 0.00557191 -0.000276177 -0.00363199 0.999993 -0.000121031 0.0 0.0 0.0 1.0
pumpkin/seq-08/color/frame-000003.color.png pumpkin/seq-08/color/frame-000005.color.png 0.999998 -0.00172442 0.000814722 -0.000334869 0.00172196 0.999994 0.00301115 -0.0027674 -0.000819909 -0.00300974 0.999995 0.00424346 0.0 0.0 0.0 1.0
pumpkin/seq-08/color/frame-000005.color.png pumpkin/seq-08/color/frame-000007.color.png 0.999921 -0.000703948 0.012525 -0.0155901 0.000741704 0.999995 -0.00301006 0.0269603 -0.0125228 0.00301911 0.999917 3.37134e-05 0.0 0.0 0.0 1.0
pumpkin/seq-08/color/frame-000007.color.png pumpkin/seq-08/color/frame-000009.color.png 0.999934 0.0107522 0.0041314 -0.00322288 -0.0108545 0.999614 0.025586 -0.00257211 -0.0038547 -0.0256291 0.999664 0.00799291 0.0 0.0 0.0 1.0
pumpkin/seq-08/color/frame-000009.color.png pumpkin/seq-08/color/frame-000011.color.png 0.99982 -0.00551278 0.0181489 -0.0200772 0.00515596 0.999794 0.0196493 0.0105649 -0.0182534 -0.0195522 0.999642 0.00629197 0.0 0.0 0.0 1.0
pumpkin/seq-08/color/frame-000011.color.png pumpkin/seq-08/color/frame-000013.color.png 0.999872 -0.00389862 0.0155338 -0.0192804 0.00360917 0.99982 0.018618 0.0183689 -0.0156036 -0.0185596 0.999706 0.00510591 0.0 0.0 0.0 1.0
pumpkin/seq-08/color/frame-000013.color.png pumpkin/seq-08/color/frame-000015.color.png 0.999828 0.00786461 0.0168163 -0.0174107 -0.00828847 0.999646 0.025286 -0.00493412 -0.0166114 -0.025421 0.999539 0.0101657 0.0 0.0 0.0 1.0
pumpkin/seq-08/color/frame-000015.color.png pumpkin/seq-08/color/frame-000017.color.png 0.999849 0.00218685 0.0172499 -0.0276953 -0.00240185 0.99992 0.0124532 0.0044548 -0.0172213 -0.0124927 0.999774 0.00390105 0.0 0.0 0.0 1.0
pumpkin/seq-08/color/frame-000017.color.png pumpkin/seq-08/color/frame-000019.color.png 0.999882 0.00690624 0.0137435 -0.0299278 -0.00711568 0.999858 0.0152492 0.00181423 -0.0136363 -0.0153452 0.999789 0.00474048 0.0 0.0 0.0 1.0
pumpkin/seq-08/color/frame-000019.color.png pumpkin/seq-08/color/frame-000021.color.png 0.999959 0.00893502 0.00181813 -0.0215323 -0.00896731 0.999787 0.0186037 -0.0126816 -0.00165153 -0.0186192 0.999825 0.0144382 0.0 0.0 0.0 1.0
pumpkin/seq-08/color/frame-000021.color.png pumpkin/seq-08/color/frame-000023.color.png 0.999887 0.0149999 -0.000342532 -0.0328806 -0.0149956 0.999834 0.0103143 -0.00529383 0.000497195 -0.010308 0.999947 0.0102504 0.0 0.0 0.0 1.0
pumpkin/seq-08/color/frame-000023.color.png pumpkin/seq-08/color/frame-000025.color.png 0.999879 0.010607 -0.0113969 -0.0230781 -0.0104638 0.999866 0.0125512 0.000755373 0.0115285 -0.0124304 0.999856 0.0125464 0.0 0.0 0.0 1.0
pumpkin/seq-08/color/frame-000025.color.png pumpkin/seq-08/color/frame-000027.color.png 0.999973 0.00701903 -0.00220235 -0.033427 -0.00699491 0.999917 0.0107793 -0.00901876 0.00227784 -0.0107636 0.999939 0.0186087 0.0 0.0 0.0 1.0
pumpkin/seq-08/color/frame-000027.color.png pumpkin/seq-08/color/frame-000029.color.png 0.999964 0.00641299 -0.00564178 -0.0299983 -0.00641372 0.999979 -0.000112123 -0.00661843 0.00564095 0.000148288 0.999984 0.0139135 0.0 0.0 0.0 1.0
pumpkin/seq-08/color/frame-000029.color.png pumpkin/seq-08/color/frame-000031.color.png 0.999962 0.00589344 -0.00642464 -0.0342692 -0.00592049 0.999974 -0.00419886 0.008456 0.00639972 0.00423677 0.999971 0.0126787 0.0 0.0 0.0 1.0
pumpkin/seq-08/color/frame-000031.color.png pumpkin/seq-08/color/frame-000033.color.png 0.999879 0.0136276 -0.00744863 -0.0257521 -0.0135937 0.999897 0.00458599 -0.0051216 0.00751034 -0.00448418 0.999962 0.0151731 0.0 0.0 0.0 1.0
pumpkin/seq-08/color/frame-000033.color.png pumpkin/seq-08/color/frame-000035.color.png 0.99997 0.00650206 -0.0041817 -0.0337801 -0.00650642 0.999978 -0.00103034 -0.00306548 0.0041749 0.00105748 0.999991 0.00753652 0.0 0.0 0.0 1.0
pumpkin/seq-08/color/frame-000035.color.png pumpkin/seq-08/color/frame-000037.color.png 0.999997 0.00220231 0.00120891 -0.0286889 -0.00220366 0.999997 0.00110897 0.0134202 -0.00120647 -0.00111158 0.999999 0.0056515 0.0 0.0 0.0 1.0
pumpkin/seq-08/color/frame-000037.color.png pumpkin/seq-08/color/frame-000039.color.png 0.999948 -0.00522214 0.00872142 -0.0325149 0.00515342 0.999956 0.00788353 -0.0144684 -0.00876219 -0.00783819 0.999931 0.00668946 0.0 0.0 0.0 1.0
pumpkin/seq-08/color/frame-000039.color.png pumpkin/seq-08/color/frame-000041.color.png 0.999954 0.00340762 0.00897157 -0.0428825 -0.00336309 0.999982 -0.00497339 0.0108267 -0.00898837 0.00494299 0.999947 -0.00943957 0.0 0.0 0.0 1.0
pumpkin/seq-08/color/frame-000041.color.png pumpkin/seq-08/color/frame-000043.color.png 0.99997 -0.00642876 0.00432205 -0.0269495 0.0064002 0.999958 0.00659264 -0.00164192 -0.00436424 -0.0065648 0.999969 -0.00100107 0.0 0.0 0.0 1.0
pumpkin/seq-08/color/frame-000043.color.png pumpkin/seq-08/color/frame-000045.color.png 0.999951 0.00291633 0.00941885 -0.0439194 -0.00294764 0.99999 0.00331202 0.000666648 -0.0094091 -0.00333962 0.99995 0.00185601 0.0 0.0 0.0 1.0
pumpkin/seq-08/color/frame-000045.color.png pumpkin/seq-08/color/frame-000047.color.png 0.999827 -0.00609497 -0.0175886 -0.00723433 0.0061898 0.999967 0.00534269 0.00558969 0.0175555 -0.00545064 0.999831 0.0114547 0.0 0.0 0.0 1.0
pumpkin/seq-08/color/frame-000047.color.png pumpkin/seq-08/color/frame-000049.color.png 0.999991 0.00169218 -0.00383939 -0.0369343 -0.00171122 0.999986 -0.0049645 0.00744331 0.00383093 0.00497102 0.99998 0.00614372 0.0 0.0 0.0 1.0
pumpkin/seq-08/color/frame-000049.color.png pumpkin/seq-08/color/frame-000051.color.png 0.999893 4.73795e-05 -0.01465 -0.0249047 -0.00011027 0.999991 -0.00429245 0.00555942 0.0146497 0.00429363 0.999884 -0.0060184 0.0 0.0 0.0 1.0
pumpkin/seq-08/color/frame-000051.color.png pumpkin/seq-08/color/frame-000053.color.png 0.999884 0.00164828 -0.0151617 -0.0103134 -0.0013448 0.999799 0.0200033 -0.0235018 0.0151916 -0.0199806 0.999685 0.00109105 0.0 0.0 0.0 1.0
pumpkin/seq-08/color/frame-000053.color.png pumpkin/seq-08/color/frame-000055.color.png 0.999978 0.00618767 0.0025322 -0.0322019 -0.00622998 0.999835 0.0170609 -0.0306222 -0.00242622 -0.0170763 0.999851 -0.00622168 0.0 0.0 0.0 1.0
pumpkin/seq-08/color/frame-000055.color.png pumpkin/seq-08/color/frame-000057.color.png 0.999866 0.00593571 -0.015235 -0.0233086 -0.00586438 0.999972 0.00472161 -0.0146692 0.0152626 -0.00463167 0.999873 -0.021029 0.0 0.0 0.0 1.0
pumpkin/seq-08/color/frame-000057.color.png pumpkin/seq-08/color/frame-000059.color.png 0.999864 0.0164974 0.000477871 -0.0461529 -0.0164945 0.999849 -0.00541921 -0.0463093 -0.000567196 0.00541062 0.999985 -0.0191669 0.0 0.0 0.0 1.0
pumpkin/seq-08/color/frame-000059.color.png pumpkin/seq-08/color/frame-000061.color.png 0.999951 0.00110394 0.00985451 -0.0485414 -0.000861339 0.999697 -0.0245904 -0.0135053 -0.00987867 0.0245807 0.999649 -0.0142009 0.0 0.0 0.0 1.0
pumpkin/seq-08/color/frame-000061.color.png pumpkin/seq-08/color/frame-000063.color.png 0.999687 -0.0247956 -0.0032814 -0.0182171 0.0246961 0.999316 -0.0275145 -0.00170347 0.00396139 0.0274248 0.999616 -0.0352714 0.0 0.0 0.0 1.0
pumpkin/seq-08/color/frame-000063.color.png pumpkin/seq-08/color/frame-000065.color.png 0.999757 -0.0205468 0.00792776 -0.0439142 0.0206556 0.99969 -0.0138933 -0.0103302 -0.00763983 0.0140537 0.999872 -0.0316433 0.0 0.0 0.0 1.0
pumpkin/seq-08/color/frame-000065.color.png pumpkin/seq-08/color/frame-000067.color.png 0.999749 -0.0143687 -0.0171662 -0.00416183 0.0138517 0.999458 -0.0298636 0.0101117 0.0175859 0.0296183 0.999407 -0.00732518 0.0 0.0 0.0 1.0
pumpkin/seq-08/color/frame-000067.color.png pumpkin/seq-08/color/frame-000069.color.png 0.999788 0.0138885 -0.0151947 -0.000933826 -0.0144193 0.999269 -0.0354047 -0.0123305 0.0146918 0.0356162 0.999257 -0.00889396 0.0 0.0 0.0 1.0
pumpkin/seq-08/color/frame-000069.color.png pumpkin/seq-08/color/frame-000071.color.png 0.999838 -0.017838 -0.0024892 -0.0408847 0.0177715 0.999541 -0.0245499 -0.014672 0.00292597 0.0245017 0.999696 -0.026525 0.0 0.0 0.0 1.0
pumpkin/seq-08/color/frame-000071.color.png pumpkin/seq-08/color/frame-000073.color.png 0.99976 -0.0219159 -0.000277714 -0.0159156 0.0219125 0.999719 -0.00900725 -0.00251418 0.000475039 0.008999 0.999959 -0.00877841 0.0 0.0 0.0 1.0
pumpkin/seq-08/color/frame-000073.color.png pumpkin/seq-08/color/frame-000075.color.png 0.999735 -0.0206929 0.0100644 -0.0202024 0.0207097 0.999784 -0.00156899 -0.0215694 -0.0100298 0.00177701 0.999948 -0.00631935 0.0 0.0 0.0 1.0
pumpkin/seq-08/color/frame-000075.color.png pumpkin/seq-08/color/frame-000077.color.png 0.999512 -0.00239838 0.0311539 0.0108942 0.00272941 0.99994 -0.0105874 -0.0506794 -0.0311267 0.0106672 0.999459 -0.0437667 0.0 0.0 0.0 1.0
pumpkin/seq-08/color/frame-000077.color.png pumpkin/seq-08/color/frame-000079.color.png 0.999571 -0.00128466 0.02926 -0.0065828 0.00168681 0.999904 -0.0137235 -0.0322001 -0.0292396 0.013767 0.999478 -0.0341487 0.0 0.0 0.0 1.0
pumpkin/seq-08/color/frame-000079.color.png pumpkin/seq-08/color/frame-000081.color.png 0.998924 -0.00377097 0.046224 -0.0311573 0.00480617 0.99974 -0.0223046 -0.00351915 -0.0461278 0.0225027 0.998682 -0.0420219 0.0 0.0 0.0 1.0
pumpkin/seq-08/color/frame-000081.color.png pumpkin/seq-08/color/frame-000083.color.png 0.999765 -0.00532484 0.021002 0.0070228 0.0055052 0.999948 -0.00853922 -0.069142 -0.0209555 0.00865283 0.999743 -0.0396608 0.0 0.0 0.0 1.0
pumpkin/seq-08/color/frame-000083.color.png pumpkin/seq-08/color/frame-000085.color.png 0.998372 0.0361742 0.0441105 0.0254734 -0.0345016 0.998678 -0.0381078 -0.054529 -0.0454307 0.0365239 0.9983 -0.0393459 0.0 0.0 0.0 1.0
pumpkin/seq-08/color/frame-000085.color.png pumpkin/seq-08/color/frame-000087.color.png 0.999661 -0.000198549 0.0260273 -0.0564641 -0.000191932 0.999887 0.0149993 -0.052105 -0.0260273 -0.0149993 0.999549 -0.014069 0.0 0.0 0.0 1.0
pumpkin/seq-08/color/frame-000087.color.png pumpkin/seq-08/color/frame-000089.color.png 0.999846 0.0133677 0.0114061 0.0165043 -0.0134009 0.999906 0.00284303 -0.0456199 -0.011367 -0.00299545 0.999931 -0.0272944 0.0 0.0 0.0 1.0
pumpkin/seq-08/color/frame-000089.color.png pumpkin/seq-08/color/frame-000091.color.png 0.99994 -0.00390406 -0.0102274 0.00172156 0.00397693 0.999967 0.00711459 -0.000887275 0.0101993 -0.00715485 0.999923 -0.0053432 0.0 0.0 0.0 1.0
pumpkin/seq-08/color/frame-000091.color.png pumpkin/seq-08/color/frame-000093.color.png 0.999996 -0.00286238 0.000610928 0.0185801 0.00286323 0.999995 -0.00137941 -0.00808606 -0.000606963 0.00138116 0.999999 -0.0025418 0.0 0.0 0.0 1.0
pumpkin/seq-08/color/frame-000093.color.png pumpkin/seq-08/color/frame-000095.color.png 0.999686 -0.0206474 0.0142025 -0.0382016 0.0204635 0.999706 0.0129705 -0.0461254 -0.0144661 -0.0126758 0.999815 -0.0124816 0.0 0.0 0.0 1.0
pumpkin/seq-08/color/frame-000095.color.png pumpkin/seq-08/color/frame-000097.color.png 0.999698 -0.0243137 -0.00343164 0.0266936 0.0242722 0.999638 -0.0116362 -0.0064221 0.0037133 0.0115494 0.999926 0.0050613 0.0 0.0 0.0 1.0
pumpkin/seq-08/color/frame-000097.color.png pumpkin/seq-08/color/frame-000099.color.png 0.999609 -0.0177064 0.0216614 0.0531841 0.018078 0.999691 -0.017081 -0.000949621 -0.0213522 0.0174659 0.99962 -0.0244909 0.0 0.0 0.0 1.0
pumpkin/seq-08/color/frame-000099.color.png pumpkin/seq-08/color/frame-000101.color.png 0.998928 -0.0286568 0.0363465 0.0512098 0.0298692 0.999 -0.0332668 0.0525749 -0.0353568 0.0343168 0.998785 -0.0220146 0.0 0.0 0.0 1.0
pumpkin/seq-08/color/frame-000101.color.png pumpkin/seq-08/color/frame-000103.color.png 0.998722 -0.0221397 0.0454323 0.0354183 0.021877 0.999741 0.00627062 -0.0445794 -0.0455593 -0.00526868 0.998948 -0.0503172 0.0 0.0 0.0 1.0
pumpkin/seq-08/color/frame-000103.color.png pumpkin/seq-08/color/frame-000105.color.png 0.999914 -0.0129619 0.00207689 0.0388036 0.0129779 0.999885 -0.00786314 0.00334185 -0.00197473 0.00788941 0.999967 -0.00138173 0.0 0.0 0.0 1.0
pumpkin/seq-08/color/frame-000105.color.png pumpkin/seq-08/color/frame-000107.color.png 0.999762 -0.0125288 0.0178401 0.0611055 0.0124415 0.99991 0.00499375 -0.0130744 -0.017901 -0.0047706 0.999828 -0.0319574 0.0 0.0 0.0 1.0
pumpkin/seq-08/color/frame-000107.color.png pumpkin/seq-08/color/frame-000109.color.png 0.999678 -0.0150772 0.0204264 0.023572 0.0150058 0.999881 0.00364301 -0.00109291 -0.0204789 -0.00333533 0.999785 -0.0193281 0.0 0.0 0.0 1.0
pumpkin/seq-08/color/frame-000109.color.png pumpkin/seq-08/color/frame-000111.color.png 0.999949 -0.0100592 0.000752559 0.0368366 0.0100586 0.999949 0.000739983 0.0121539 -0.000759933 -0.000732359 0.999999 -0.00350285 0.0 0.0 0.0 1.0
pumpkin/seq-08/color/frame-000111.color.png pumpkin/seq-08/color/frame-000113.color.png 0.99955 -0.0215446 0.0208789 0.0385692 0.0213329 0.999719 0.0103064 0.00331086 -0.0210951 -0.00985639 0.999729 -0.0236842 0.0 0.0 0.0 1.0
pumpkin/seq-08/color/frame-000113.color.png pumpkin/seq-08/color/frame-000115.color.png 0.999706 -0.0220412 0.0101061 0.0282926 0.0219428 0.999712 0.00974366 0.00419092 -0.0103179 -0.00951904 0.999901 -0.0293449 0.0 0.0 0.0 1.0
pumpkin/seq-08/color/frame-000115.color.png pumpkin/seq-08/color/frame-000117.color.png 0.999769 -0.0150104 0.0153483 0.0238008 0.0148757 0.99985 0.00885457 0.00995338 -0.0154789 -0.00862423 0.999843 -0.0072495 0.0 0.0 0.0 1.0
pumpkin/seq-08/color/frame-000117.color.png pumpkin/seq-08/color/frame-000119.color.png 0.999371 -0.0251078 0.0250319 0.0277179 0.0251549 0.999682 -0.00156754 0.0148512 -0.0249846 0.00219623 0.999685 -0.00428568 0.0 0.0 0.0 1.0
pumpkin/seq-08/color/frame-000119.color.png pumpkin/seq-08/color/frame-000121.color.png 0.999649 -0.0144045 0.0222212 0.01557 0.0141693 0.999842 0.0107027 0.000956178 -0.0223719 -0.010384 0.999696 -0.0133031 0.0 0.0 0.0 1.0
pumpkin/seq-08/color/frame-000121.color.png pumpkin/seq-08/color/frame-000123.color.png 0.99965 -0.022994 0.0131014 0.0376569 0.0229328 0.999725 0.00480414 0.0366459 -0.0132084 -0.00450199 0.999902 -0.00644846 0.0 0.0 0.0 1.0
pumpkin/seq-08/color/frame-000123.color.png pumpkin/seq-08/color/frame-000125.color.png 0.999981 -0.00580315 0.00215932 0.0391515 0.00577498 0.999901 0.0128304 -0.00961667 -0.00223356 -0.0128177 0.999915 -0.0118289 0.0 0.0 0.0 1.0
pumpkin/seq-08/color/frame-000125.color.png pumpkin/seq-08/color/frame-000127.color.png 0.999842 -0.0156557 0.00839659 0.0154243 0.0155269 0.999764 0.0151828 0.0113716 -0.00863225 -0.0150501 0.999849 -0.000822946 0.0 0.0 0.0 1.0
pumpkin/seq-08/color/frame-000127.color.png pumpkin/seq-08/color/frame-000129.color.png 0.99964 -0.019662 0.0182687 0.036313 0.0193351 0.999653 0.017906 0.0233129 -0.0186145 -0.0175463 0.999673 0.0128769 0.0 0.0 0.0 1.0
pumpkin/seq-08/color/frame-000129.color.png pumpkin/seq-08/color/frame-000131.color.png 0.999817 -0.0184753 0.00500934 0.0411585 0.0184467 0.999813 0.00569906 0.0175611 -0.00511368 -0.00560557 0.999971 0.000680074 0.0 0.0 0.0 1.0
pumpkin/seq-08/color/frame-000131.color.png pumpkin/seq-08/color/frame-000133.color.png 0.999834 -0.0178493 0.00354205 0.0094385 0.0178424 0.999839 0.00197647 -0.00374174 -0.00357674 -0.00191292 0.999992 0.0204773 0.0 0.0 0.0 1.0
pumpkin/seq-08/color/frame-000133.color.png pumpkin/seq-08/color/frame-000135.color.png 0.999926 -0.011941 -0.00233708 0.0389851 0.0119387 0.999928 -0.000981191 0.0101234 0.00234866 0.000953174 0.999997 0.00460833 0.0 0.0 0.0 1.0
pumpkin/seq-08/color/frame-000135.color.png pumpkin/seq-08/color/frame-000137.color.png 0.999882 0.00314898 0.0150426 0.0384737 -0.00318013 0.999993 0.00204901 0.0161114 -0.0150362 -0.00209659 0.999885 0.00788973 0.0 0.0 0.0 1.0
pumpkin/seq-08/color/frame-000137.color.png pumpkin/seq-08/color/frame-000139.color.png 0.999939 -0.00703874 0.0085408 0.018063 0.00708263 0.999962 -0.00513203 0.0151349 -0.00850441 0.0051922 0.99995 0.00931264 0.0 0.0 0.0 1.0
pumpkin/seq-08/color/frame-000139.color.png pumpkin/seq-08/color/frame-000141.color.png 0.999774 -0.0175145 -0.0120924 0.0398579 0.0173844 0.999791 -0.0107909 0.0256411 0.0122791 0.0105783 0.999869 -0.00240767 0.0 0.0 0.0 1.0
pumpkin/seq-08/color/frame-000141.color.png pumpkin/seq-08/color/frame-000143.color.png 0.999983 0.00313697 -0.00481955 0.0362363 -0.0031263 0.999993 0.0022192 0.0202224 0.00482645 -0.00220408 0.999986 -0.00534916 0.0 0.0 0.0 1.0
pumpkin/seq-08/color/frame-000143.color.png pumpkin/seq-08/color/frame-000145.color.png 0.999883 0.00713627 0.0135508 0.0345356 -0.00742647 0.999742 0.0214865 -0.000510156 -0.0133942 -0.0215847 0.999677 -0.00065054 0.0 0.0 0.0 1.0
pumpkin/seq-08/color/frame-000145.color.png pumpkin/seq-08/color/frame-000147.color.png 0.999924 0.00553844 0.0109712 0.015865 -0.00558044 0.999977 0.00379804 0.0185542 -0.0109498 -0.00385895 0.999933 0.00191937 0.0 0.0 0.0 1.0
pumpkin/seq-08/color/frame-000147.color.png pumpkin/seq-08/color/frame-000149.color.png 0.99959 0.0282953 0.00441546 0.0654661 -0.028373 0.999423 0.0186814 0.0265724 -0.00388425 -0.018799 0.999816 0.00633427 0.0 0.0 0.0 1.0
pumpkin/seq-08/color/frame-000149.color.png pumpkin/seq-08/color/frame-000151.color.png 0.999962 0.0056924 0.00662924 0.0179121 -0.00566671 0.999976 -0.00389303 0.0229113 -0.00665134 0.00385528 0.99997 0.0120375 0.0 0.0 0.0 1.0
pumpkin/seq-08/color/frame-000151.color.png pumpkin/seq-08/color/frame-000153.color.png 0.999972 0.00131149 -0.00736464 0.0158849 -0.00134008 0.999991 -0.0038816 0.0116939 0.00735948 0.00389134 0.999965 -0.0031498 0.0 0.0 0.0 1.0
pumpkin/seq-08/color/frame-000153.color.png pumpkin/seq-08/color/frame-000155.color.png 0.999919 0.0116892 0.00508495 0.0248408 -0.0117746 0.999784 0.0171052 0.011535 -0.00488391 -0.0171637 0.999841 -0.0144494 0.0 0.0 0.0 1.0
pumpkin/seq-08/color/frame-000155.color.png pumpkin/seq-08/color/frame-000157.color.png 0.999973 0.0055528 -0.00485766 0.0376457 -0.00548925 0.9999 0.0130088 0.00979185 0.00492937 -0.0129818 0.999904 -0.0279052 0.0 0.0 0.0 1.0
pumpkin/seq-08/color/frame-000157.color.png pumpkin/seq-08/color/frame-000159.color.png 0.999952 0.0084931 -0.00493761 0.0185678 -0.00855615 0.99988 -0.0128982 0.0317298 0.00482775 0.0129398 0.999905 0.00155711 0.0 0.0 0.0 1.0
pumpkin/seq-08/color/frame-000159.color.png pumpkin/seq-08/color/frame-000161.color.png 0.999782 0.00409732 -0.020454 0.0238575 -0.00405078 0.999989 0.00231838 0.0161262 0.0204631 -0.00223505 0.999788 -0.0159354 0.0 0.0 0.0 1.0
pumpkin/seq-08/color/frame-000161.color.png pumpkin/seq-08/color/frame-000163.color.png 0.999779 0.0189514 -0.00905996 0.0370697 -0.0187927 0.999674 0.0172833 0.0179188 0.00938465 -0.0171092 0.99981 -0.0223566 0.0 0.0 0.0 1.0
pumpkin/seq-08/color/frame-000163.color.png pumpkin/seq-08/color/frame-000165.color.png 0.999863 0.0131655 -0.0100401 0.0320437 -0.0129256 0.999638 0.0236021 0.00798124 0.0103472 -0.0234691 0.999671 -0.0248852 0.0 0.0 0.0 1.0
pumpkin/seq-08/color/frame-000165.color.png pumpkin/seq-08/color/frame-000167.color.png 0.999883 -0.00107127 -0.015282 0.0185848 0.00112512 0.999993 0.00351634 0.0110864 0.0152781 -0.00353314 0.999877 -0.00746554 0.0 0.0 0.0 1.0
pumpkin/seq-08/color/frame-000167.color.png pumpkin/seq-08/color/frame-000169.color.png 0.999716 0.0102775 -0.0214829 0.0283388 -0.0101968 0.999941 0.00386042 0.0277216 0.0215214 -0.00364024 0.999762 -0.0258937 0.0 0.0 0.0 1.0
pumpkin/seq-08/color/frame-000169.color.png pumpkin/seq-08/color/frame-000171.color.png 0.999855 0.00433589 -0.0164468 0.0288155 -0.00416564 0.999938 0.0103723 0.0156036 0.0164907 -0.0103023 0.999811 -0.0155596 0.0 0.0 0.0 1.0
pumpkin/seq-08/color/frame-000171.color.png pumpkin/seq-08/color/frame-000173.color.png 0.999719 0.00384332 -0.0233888 0.024491 -0.00383351 0.999992 0.000462243 0.0366224 0.0233905 -0.000372423 0.999726 -0.0255261 0.0 0.0 0.0 1.0
pumpkin/seq-08/color/frame-000173.color.png pumpkin/seq-08/color/frame-000175.color.png 0.99972 0.00192585 -0.0235857 0.0231258 -0.0018374 0.999991 0.00377264 0.0159516 0.0235927 -0.00372826 0.999715 -0.0191668 0.0 0.0 0.0 1.0
pumpkin/seq-08/color/frame-000175.color.png pumpkin/seq-08/color/frame-000177.color.png 0.999806 -0.000534491 -0.0196821 0.0264415 0.00051969 0.999999 -0.000758776 0.0245905 0.0196825 0.000748425 0.999806 -0.0204314 0.0 0.0 0.0 1.0
pumpkin/seq-08/color/frame-000177.color.png pumpkin/seq-08/color/frame-000179.color.png 0.999902 0.00162095 -0.0138804 0.027346 -0.00153414 0.999979 0.0062632 0.0144506 0.0138903 -0.0062413 0.999884 -0.00995047 0.0 0.0 0.0 1.0
pumpkin/seq-08/color/frame-000179.color.png pumpkin/seq-08/color/frame-000181.color.png 0.999885 -0.0112512 -0.0101725 0.0101397 0.0112645 0.999936 0.00124088 0.0129754 0.0101578 -0.00135537 0.999947 -0.00830628 0.0 0.0 0.0 1.0
pumpkin/seq-08/color/frame-000181.color.png pumpkin/seq-08/color/frame-000183.color.png 0.999803 -0.00126501 -0.0198063 0.037288 0.00157286 0.999878 0.015535 0.00422563 0.0197843 -0.015563 0.999683 -0.0328276 0.0 0.0 0.0 1.0
pumpkin/seq-08/color/frame-000183.color.png pumpkin/seq-08/color/frame-000185.color.png 0.999847 0.0149951 0.00903707 0.0150909 -0.0151143 0.999798 0.0132648 0.0343301 -0.00883635 -0.0133994 0.999871 0.0175447 0.0 0.0 0.0 1.0
pumpkin/seq-08/color/frame-000185.color.png pumpkin/seq-08/color/frame-000187.color.png 0.999897 0.00129337 -0.0142795 0.0427576 -0.00119118 0.999974 0.00716223 0.0109711 0.0142883 -0.00714447 0.999873 -0.0350483 0.0 0.0 0.0 1.0
pumpkin/seq-08/color/frame-000187.color.png pumpkin/seq-08/color/frame-000189.color.png 0.999998 0.00171613 -0.00139638 0.0141934 -0.00171508 0.999998 0.000774211 0.016421 0.00139777 -0.00077182 0.999999 0.00607562 0.0 0.0 0.0 1.0
pumpkin/seq-08/color/frame-000189.color.png pumpkin/seq-08/color/frame-000191.color.png 0.999987 0.000464752 -0.00515953 0.0269682 -0.000476828 0.999997 -0.00234792 0.0150317 0.00515834 0.00235037 0.999984 -2.24113e-05 0.0 0.0 0.0 1.0
pumpkin/seq-08/color/frame-000191.color.png pumpkin/seq-08/color/frame-000193.color.png 0.999968 0.000965203 0.00799546 0.0214738 -0.00102266 0.999974 0.00718369 0.00864439 -0.00798831 -0.00719162 0.999942 0.00704923 0.0 0.0 0.0 1.0
pumpkin/seq-08/color/frame-000193.color.png pumpkin/seq-08/color/frame-000195.color.png 0.999959 0.00444536 0.00789446 0.0174359 -0.00443534 0.999989 -0.00128669 0.0184156 -0.00790005 0.00125163 0.999968 0.0126949 0.0 0.0 0.0 1.0
pumpkin/seq-08/color/frame-000195.color.png pumpkin/seq-08/color/frame-000197.color.png 0.999941 -0.0106974 0.00155508 0.0226944 0.0106855 0.999915 0.00746406 0.00903843 -0.0016347 -0.00744701 0.999971 0.00777897 0.0 0.0 0.0 1.0
pumpkin/seq-08/color/frame-000197.color.png pumpkin/seq-08/color/frame-000199.color.png 0.999914 -0.00661887 -0.0113356 0.0316167 0.00666265 0.99997 0.00383051 0.0136067 0.0113099 -0.00390571 0.999928 -0.00638504 0.0 0.0 0.0 1.0
pumpkin/seq-08/color/frame-000199.color.png pumpkin/seq-08/color/frame-000201.color.png 0.999971 -0.00751424 -0.00115395 0.0354835 0.00752523 0.999923 0.0098298 0.0100129 0.00107999 -0.00983817 0.999951 0.00442614 0.0 0.0 0.0 1.0
pumpkin/seq-08/color/frame-000201.color.png pumpkin/seq-08/color/frame-000203.color.png 0.999908 0.0129211 -0.00412138 0.0291379 -0.0128971 0.9999 0.00579621 0.0267053 0.00419582 -0.00574258 0.999975 0.000656068 0.0 0.0 0.0 1.0
pumpkin/seq-08/color/frame-000203.color.png pumpkin/seq-08/color/frame-000205.color.png 0.999936 0.00215388 0.0111405 0.0149642 -0.00229719 0.999915 0.0128647 0.00483985 -0.0111118 -0.0128894 0.999855 0.00797807 0.0 0.0 0.0 1.0
pumpkin/seq-08/color/frame-000205.color.png pumpkin/seq-08/color/frame-000207.color.png 0.999979 -0.00558529 0.00327951 0.00687689 0.0055849 0.999984 0.000132826 0.00138984 -0.00328021 -0.000114536 0.999995 0.00410154 0.0 0.0 0.0 1.0
pumpkin/seq-08/color/frame-000207.color.png pumpkin/seq-08/color/frame-000209.color.png 0.999961 -0.00712697 -0.00522381 0.0356246 0.00719251 0.999894 0.0126291 0.00293683 0.00513335 -0.0126662 0.999907 -0.0186383 0.0 0.0 0.0 1.0
pumpkin/seq-08/color/frame-000209.color.png pumpkin/seq-08/color/frame-000211.color.png 0.999911 0.00550805 0.0121366 0.00592279 -0.00559488 0.999959 0.00712991 0.0122504 -0.0120969 -0.00719714 0.999901 0.0161718 0.0 0.0 0.0 1.0
pumpkin/seq-08/color/frame-000211.color.png pumpkin/seq-08/color/frame-000213.color.png 0.999953 0.00497031 0.00830514 0.0166152 -0.00505812 0.999931 0.0105818 0.0297236 -0.00825195 -0.0106233 0.99991 0.00854178 0.0 0.0 0.0 1.0
pumpkin/seq-08/color/frame-000213.color.png pumpkin/seq-08/color/frame-000215.color.png 0.999929 -0.00959812 0.00708193 0.023074 0.00945888 0.999766 0.0194409 -0.00584267 -0.00726688 -0.0193725 0.999786 0.0133275 0.0 0.0 0.0 1.0
pumpkin/seq-08/color/frame-000215.color.png pumpkin/seq-08/color/frame-000217.color.png 0.999943 0.000154052 0.0106511 0.0043745 -0.000162312 1.0 0.000773048 0.00844195 -0.0106511 -0.000774785 0.999943 0.0192501 0.0 0.0 0.0 1.0
pumpkin/seq-08/color/frame-000217.color.png pumpkin/seq-08/color/frame-000219.color.png 0.99989 -0.0134121 -0.00638215 0.0259587 0.0133754 0.999894 -0.00576058 0.00204834 0.00645874 0.00567458 0.999963 -0.0123584 0.0 0.0 0.0 1.0
pumpkin/seq-08/color/frame-000219.color.png pumpkin/seq-08/color/frame-000221.color.png 0.999992 0.000378598 -0.00389815 0.0148888 -0.000348573 0.99997 0.00768911 -0.000274617 0.0039009 -0.00768768 0.999963 -0.00586645 0.0 0.0 0.0 1.0
pumpkin/seq-08/color/frame-000221.color.png pumpkin/seq-08/color/frame-000223.color.png 0.999988 0.00495205 -0.000496675 0.00822216 -0.00494765 0.999951 0.00852946 0.0091755 0.000538885 -0.00852689 0.999964 0.015366 0.0 0.0 0.0 1.0
pumpkin/seq-08/color/frame-000223.color.png pumpkin/seq-08/color/frame-000225.color.png 0.999958 0.00576169 -0.0071168 -0.000578403 -0.00574824 0.999982 0.00190917 0.00551519 0.00712769 -0.00186815 0.999973 0.00107688 0.0 0.0 0.0 1.0
pumpkin/seq-08/color/frame-000225.color.png pumpkin/seq-08/color/frame-000227.color.png 0.99916 0.00373905 -0.0408032 0.0104145 -0.00439418 0.999863 -0.0159778 0.000545911 0.0407379 0.0161437 0.999039 -0.0350004 0.0 0.0 0.0 1.0
pumpkin/seq-08/color/frame-000227.color.png pumpkin/seq-08/color/frame-000229.color.png 0.999829 0.00318569 -0.0182108 0.00271523 -0.00336213 0.999948 -0.0096666 0.00190482 0.0181791 0.00972619 0.999787 -0.0147963 0.0 0.0 0.0 1.0
pumpkin/seq-08/color/frame-000229.color.png pumpkin/seq-08/color/frame-000231.color.png 0.998798 -0.000883685 -0.0490057 0.0224005 -0.000531434 0.999583 -0.0288568 0.00327306 0.0490108 0.0288483 0.998382 -0.0506465 0.0 0.0 0.0 1.0
pumpkin/seq-08/color/frame-000231.color.png pumpkin/seq-08/color/frame-000233.color.png 0.99944 0.0163749 -0.0291842 0.0151263 -0.0165082 0.999854 -0.00433313 0.0147554 0.029109 0.00481236 0.999565 -0.0254563 0.0 0.0 0.0 1.0
pumpkin/seq-08/color/frame-000233.color.png pumpkin/seq-08/color/frame-000235.color.png 0.999861 0.00569029 -0.0156918 0.00398993 -0.00571986 0.999982 -0.00183878 0.00659492 0.0156811 0.00192832 0.999875 -0.0167951 0.0 0.0 0.0 1.0
pumpkin/seq-08/color/frame-000235.color.png pumpkin/seq-08/color/frame-000237.color.png 0.999863 0.00813657 -0.0144416 0.00367188 -0.00814166 0.999967 -0.000294338 0.0118055 0.0144388 0.000411883 0.999896 -0.00724781 0.0 0.0 0.0 1.0
pumpkin/seq-08/color/frame-000237.color.png pumpkin/seq-08/color/frame-000239.color.png 0.999393 0.00657453 -0.0342008 0.0171881 -0.00634563 0.999957 0.00679662 -0.00124851 0.0342441 -0.00657546 0.999392 -0.0463616 0.0 0.0 0.0 1.0
pumpkin/seq-08/color/frame-000239.color.png pumpkin/seq-08/color/frame-000241.color.png 0.999747 0.00367105 -0.0222119 0.00947154 -0.00372114 0.999991 -0.0022137 6.6705e-05 0.0222035 0.00229576 0.999751 -0.025544 0.0 0.0 0.0 1.0
pumpkin/seq-08/color/frame-000241.color.png pumpkin/seq-08/color/frame-000243.color.png 0.999921 0.00199658 -0.0124354 0.00887668 -0.00201392 0.999997 -0.00138217 0.00222063 0.0124326 0.00140708 0.999922 -0.0170562 0.0 0.0 0.0 1.0
pumpkin/seq-08/color/frame-000243.color.png pumpkin/seq-08/color/frame-000245.color.png 0.999839 -0.00257463 -0.0177718 0.0287244 0.00233242 0.999904 -0.0136352 0.00710118 0.0178052 0.0135916 0.999749 -0.034926 0.0 0.0 0.0 1.0
pumpkin/seq-08/color/frame-000245.color.png pumpkin/seq-08/color/frame-000247.color.png 0.99994 0.00559635 -0.00942871 0.00440836 -0.00553104 0.999961 0.00693652 0.0038509 0.0094672 -0.00688393 0.999932 -0.00914413 0.0 0.0 0.0 1.0
pumpkin/seq-08/color/frame-000247.color.png pumpkin/seq-08/color/frame-000249.color.png 0.999622 0.0161709 -0.0222314 0.00920463 -0.016008 0.999844 0.00748674 0.0161767 0.0223489 -0.00712801 0.999725 -0.0259186 0.0 0.0 0.0 1.0
pumpkin/seq-08/color/frame-000249.color.png pumpkin/seq-08/color/frame-000251.color.png 0.999908 0.00969047 -0.00945722 0.00685477 -0.00968646 0.999953 0.000469695 0.0103946 0.00946135 -0.000378018 0.999955 -0.0118224 0.0 0.0 0.0 1.0
pumpkin/seq-08/color/frame-000251.color.png pumpkin/seq-08/color/frame-000253.color.png 0.999752 0.014615 -0.0168023 0.0129671 -0.0146322 0.999892 -0.000901474 0.00544698 0.0167873 0.00114705 0.999858 -0.0184572 0.0 0.0 0.0 1.0
pumpkin/seq-08/color/frame-000253.color.png pumpkin/seq-08/color/frame-000255.color.png 0.999697 0.0165223 -0.0182302 0.00511992 -0.0167201 0.999802 -0.0107537 0.00742224 0.0180489 0.0110553 0.999776 -0.0242175 0.0 0.0 0.0 1.0
pumpkin/seq-08/color/frame-000255.color.png pumpkin/seq-08/color/frame-000257.color.png 0.999889 0.0134091 -0.00654157 -0.00157952 -0.0134326 0.999903 -0.00356848 0.00629322 0.00649307 0.00365591 0.999972 -0.00556825 0.0 0.0 0.0 1.0
pumpkin/seq-08/color/frame-000257.color.png pumpkin/seq-08/color/frame-000259.color.png 0.999884 0.00960586 -0.0118507 0.00183165 -0.00978457 0.999838 -0.0151147 -0.00154874 0.0117037 0.0152289 0.999816 -0.019575 0.0 0.0 0.0 1.0
pumpkin/seq-08/color/frame-000259.color.png pumpkin/seq-08/color/frame-000261.color.png 0.999858 0.00860986 -0.0144897 0.00665236 -0.00876845 0.999902 -0.0109174 0.00138386 0.0143943 0.0110429 0.999835 -0.0249353 0.0 0.0 0.0 1.0
pumpkin/seq-08/color/frame-000261.color.png pumpkin/seq-08/color/frame-000263.color.png 0.999963 -0.00794087 -0.00344262 0.00314248 0.00790264 0.999908 -0.0109806 -0.00725802 0.0035295 0.010953 0.999934 -0.00436306 0.0 0.0 0.0 1.0
pumpkin/seq-08/color/frame-000263.color.png pumpkin/seq-08/color/frame-000265.color.png 0.999767 0.00337072 -0.0213179 0.00249064 -0.00364227 0.999913 -0.0127122 -0.00712201 0.0212732 0.0127869 0.999692 -0.0302084 0.0 0.0 0.0 1.0
pumpkin/seq-08/color/frame-000265.color.png pumpkin/seq-08/color/frame-000267.color.png 0.999833 0.00697457 -0.0169156 0.000914097 -0.00704896 0.999966 -0.00434236 -0.00618421 0.0168847 0.00446085 0.999847 -0.0260942 0.0 0.0 0.0 1.0
pumpkin/seq-08/color/frame-000267.color.png pumpkin/seq-08/color/frame-000269.color.png 0.999907 0.00414344 -0.0130314 0.00124145 -0.0042077 0.999979 -0.00490833 -0.00344186 0.0130108 0.00496273 0.999903 -0.0183269 0.0 0.0 0.0 1.0
pumpkin/seq-08/color/frame-000269.color.png pumpkin/seq-08/color/frame-000271.color.png 0.999697 0.0113402 -0.0218304 -0.000344157 -0.0114872 0.999912 -0.00661913 0.00270848 0.0217535 0.00686791 0.99974 -0.0333651 0.0 0.0 0.0 1.0
pumpkin/seq-08/color/frame-000271.color.png pumpkin/seq-08/color/frame-000273.color.png 0.999816 0.00319411 -0.0189283 -0.0106527 -0.00353891 0.999828 -0.0182105 0.00352661 0.0188669 0.0182741 0.999655 -0.0165361 0.0 0.0 0.0 1.0
pumpkin/seq-08/color/frame-000273.color.png pumpkin/seq-08/color/frame-000275.color.png 0.999755 0.00223001 -0.0220103 -0.00354946 -0.00233291 0.999986 -0.00465102 -0.00997882 0.0219997 0.00470123 0.999747 -0.0329977 0.0 0.0 0.0 1.0
pumpkin/seq-08/color/frame-000275.color.png pumpkin/seq-08/color/frame-000277.color.png 0.999781 0.00873361 -0.0189934 0.0110799 -0.00868002 0.999958 0.00290228 -0.00806991 0.019018 -0.00273677 0.999815 -0.0351677 0.0 0.0 0.0 1.0
pumpkin/seq-08/color/frame-000277.color.png pumpkin/seq-08/color/frame-000279.color.png 0.999815 0.0169306 -0.00913134 0.00282013 -0.0169346 0.999857 -0.000362679 0.00506033 0.00912391 0.000517236 0.999958 -0.0123376 0.0 0.0 0.0 1.0
pumpkin/seq-08/color/frame-000279.color.png pumpkin/seq-08/color/frame-000281.color.png 0.999983 -0.00247295 -0.00536209 -0.0142844 0.00238444 0.999862 -0.0164491 -0.00712258 0.00540199 0.016436 0.99985 -0.00844267 0.0 0.0 0.0 1.0
pumpkin/seq-08/color/frame-000281.color.png pumpkin/seq-08/color/frame-000283.color.png 0.998981 0.0047622 -0.0448862 0.0522432 -0.00441704 0.99996 0.00778534 -0.0274528 0.0449215 -0.00757914 0.998962 -0.0561711 0.0 0.0 0.0 1.0
pumpkin/seq-08/color/frame-000283.color.png pumpkin/seq-08/color/frame-000285.color.png 0.999956 0.00763273 -0.00536806 -0.00289965 -0.00766023 0.999957 -0.00511649 -1.99676e-05 0.00532878 0.00515742 0.999973 -0.011029 0.0 0.0 0.0 1.0
pumpkin/seq-08/color/frame-000285.color.png pumpkin/seq-08/color/frame-000287.color.png 0.999983 0.00511289 -0.00278354 0.000318527 -0.00511024 0.999987 0.000953025 -0.00198467 0.00278838 -0.000938784 0.999996 -0.0043343 0.0 0.0 0.0 1.0
pumpkin/seq-08/color/frame-000287.color.png pumpkin/seq-08/color/frame-000289.color.png 0.999985 -0.00367689 -0.00393633 -0.00114584 0.0036681 0.999991 -0.00223961 -0.020094 0.00394454 0.00222511 0.99999 -0.00466391 0.0 0.0 0.0 1.0
pumpkin/seq-08/color/frame-000289.color.png pumpkin/seq-08/color/frame-000291.color.png 0.999928 -0.00396458 -0.0113344 -0.00143611 0.00385483 0.999946 -0.00968849 -0.0133685 0.0113721 0.00964412 0.999889 -0.0166545 0.0 0.0 0.0 1.0
pumpkin/seq-08/color/frame-000291.color.png pumpkin/seq-08/color/frame-000293.color.png 0.99999 0.00399255 -0.0019114 0.0017122 -0.00398566 0.999986 0.00359375 -0.0199033 0.00192574 -0.0035861 0.999992 -0.0038909 0.0 0.0 0.0 1.0
pumpkin/seq-08/color/frame-000293.color.png pumpkin/seq-08/color/frame-000295.color.png 0.999717 -0.00672914 -0.0228149 0.0219067 0.00698276 0.999914 0.011056 -0.0427944 0.0227385 -0.0112122 0.999678 -0.0372312 0.0 0.0 0.0 1.0
pumpkin/seq-08/color/frame-000295.color.png pumpkin/seq-08/color/frame-000297.color.png 0.999965 0.00658231 -0.00519282 -0.00170219 -0.00658323 0.999978 -0.000155972 -0.0124988 0.00519167 0.000190186 0.999987 -0.00859216 0.0 0.0 0.0 1.0
pumpkin/seq-08/color/frame-000297.color.png pumpkin/seq-08/color/frame-000299.color.png 0.999826 0.0185315 -0.00213017 -0.00650644 -0.0185427 0.999814 -0.00538365 0.00505969 0.00203 0.0054222 0.999983 -0.0130373 0.0 0.0 0.0 1.0
pumpkin/seq-08/color/frame-000299.color.png pumpkin/seq-08/color/frame-000301.color.png 0.999727 0.0220651 0.007739 0.000530839 -0.0220143 0.999736 -0.00659367 0.0299856 -0.0078825 0.0064215 0.999948 0.0032573 0.0 0.0 0.0 1.0
pumpkin/seq-08/color/frame-000301.color.png pumpkin/seq-08/color/frame-000303.color.png 0.999792 0.0203673 -0.000837983 -0.00540423 -0.0203634 0.999783 0.00438767 -0.0143715 0.000927231 -0.0043697 0.99999 -0.00103074 0.0 0.0 0.0 1.0
pumpkin/seq-08/color/frame-000303.color.png pumpkin/seq-08/color/frame-000305.color.png 0.999883 0.0152784 -0.00106237 1.0252e-05 -0.0152958 0.999704 -0.0189394 0.0226217 0.0007727 0.0189535 0.99982 0.00512621 0.0 0.0 0.0 1.0
pumpkin/seq-08/color/frame-000305.color.png pumpkin/seq-08/color/frame-000307.color.png 0.999796 0.0179381 0.00931777 -0.00731707 -0.0179347 0.999839 -0.000441496 -0.0188484 -0.0093242 0.0002743 0.999956 -0.0022378 0.0 0.0 0.0 1.0
pumpkin/seq-08/color/frame-000307.color.png pumpkin/seq-08/color/frame-000309.color.png 0.999928 0.0119533 0.000919187 0.00134599 -0.011946 0.9999 -0.00757091 -0.00224 -0.00100958 0.00755937 0.999971 0.00548884 0.0 0.0 0.0 1.0
pumpkin/seq-08/color/frame-000309.color.png pumpkin/seq-08/color/frame-000311.color.png 0.999779 0.0179638 0.0109385 -0.0129471 -0.0179198 0.999831 -0.00411262 -0.00605094 -0.0110106 0.00391571 0.999932 -0.00024268 0.0 0.0 0.0 1.0
pumpkin/seq-08/color/frame-000311.color.png pumpkin/seq-08/color/frame-000313.color.png 0.999678 0.0190229 0.0167679 -0.0189255 -0.0188486 0.999767 -0.0104919 0.0030244 -0.0169636 0.0101725 0.999804 0.0150155 0.0 0.0 0.0 1.0
pumpkin/seq-08/color/frame-000313.color.png pumpkin/seq-08/color/frame-000315.color.png 0.999878 0.012716 0.00902311 -0.00850022 -0.0127797 0.999894 0.00703299 -0.0144041 -0.00893267 -0.00714745 0.999935 0.00294125 0.0 0.0 0.0 1.0
pumpkin/seq-08/color/frame-000315.color.png pumpkin/seq-08/color/frame-000317.color.png 0.999224 0.0373512 0.0125066 -0.0111314 -0.0373074 0.999297 -0.00372259 0.0149912 -0.0126369 0.00325313 0.999915 0.0190772 0.0 0.0 0.0 1.0
pumpkin/seq-08/color/frame-000317.color.png pumpkin/seq-08/color/frame-000319.color.png 0.999795 0.0179733 0.00937018 -0.0191529 -0.0179501 0.999836 -0.00254442 -0.00685972 -0.00941437 0.0023757 0.999953 0.0108682 0.0 0.0 0.0 1.0
pumpkin/seq-08/color/frame-000319.color.png pumpkin/seq-08/color/frame-000321.color.png 0.999889 0.0147302 0.00224433 -0.0440202 -0.0147059 0.999837 -0.0104645 -0.0243124 -0.0023981 0.0104303 0.999943 -0.00312224 0.0 0.0 0.0 1.0
pumpkin/seq-08/color/frame-000321.color.png pumpkin/seq-08/color/frame-000323.color.png 0.999661 0.0260017 -0.0010269 -0.0229789 -0.0260085 0.999636 -0.00721966 -0.0131465 0.000838804 0.00724392 0.999974 0.0106632 0.0 0.0 0.0 1.0
pumpkin/seq-08/color/frame-000323.color.png pumpkin/seq-08/color/frame-000325.color.png 0.999947 0.00752916 -0.00696156 -0.0289278 -0.00757266 0.999952 -0.00624542 -0.00349581 0.0069142 0.00629781 0.999956 0.00277427 0.0 0.0 0.0 1.0
pumpkin/seq-08/color/frame-000325.color.png pumpkin/seq-08/color/frame-000327.color.png 0.999936 -0.000127778 0.0112809 -0.0425456 0.000103324 0.999998 0.0021675 -0.0174681 -0.0112812 -0.00216619 0.999934 0.0125964 0.0 0.0 0.0 1.0
pumpkin/seq-08/color/frame-000327.color.png pumpkin/seq-08/color/frame-000329.color.png 0.999893 0.0108257 0.00980066 -0.0428258 -0.0108243 0.999941 -0.000190528 -0.0130004 -0.00980216 8.44047e-05 0.999952 0.0196861 0.0 0.0 0.0 1.0
pumpkin/seq-08/color/frame-000329.color.png pumpkin/seq-08/color/frame-000331.color.png 0.99999 -0.00322079 -0.00300503 -0.0364318 0.00321497 0.999993 -0.00194195 -0.0282178 0.00301127 0.0019323 0.999994 0.00834998 0.0 0.0 0.0 1.0
pumpkin/seq-08/color/frame-000331.color.png pumpkin/seq-08/color/frame-000333.color.png 0.999894 -0.00228466 0.0143605 -0.0266625 0.00235013 0.999987 -0.00454379 -0.0109698 -0.01435 0.00457706 0.999887 0.0174782 0.0 0.0 0.0 1.0
pumpkin/seq-08/color/frame-000333.color.png pumpkin/seq-08/color/frame-000335.color.png 0.999845 0.000657858 0.0176129 -0.0551244 -0.000972882 0.99984 0.0178812 -0.00484985 -0.0175983 -0.0178955 0.999685 0.0109148 0.0 0.0 0.0 1.0
pumpkin/seq-08/color/frame-000335.color.png pumpkin/seq-08/color/frame-000337.color.png 0.999965 0.00822939 -0.00121436 -0.0358443 -0.00819374 0.999605 0.0268939 -0.010814 0.0014352 -0.026883 0.999638 0.0117528 0.0 0.0 0.0 1.0
pumpkin/seq-08/color/frame-000337.color.png pumpkin/seq-08/color/frame-000339.color.png 0.999478 0.0051009 -0.0319053 -0.0397605 -0.00499131 0.999981 0.00351128 0.00141931 0.0319226 -0.00335023 0.999485 -0.00563622 0.0 0.0 0.0 1.0
pumpkin/seq-08/color/frame-000339.color.png pumpkin/seq-08/color/frame-000341.color.png 0.999777 0.0107081 -0.0182133 -0.0313905 -0.0109105 0.999879 -0.0110495 0.0112759 0.0180927 0.0112458 0.999773 0.0175535 0.0 0.0 0.0 1.0
pumpkin/seq-08/color/frame-000341.color.png pumpkin/seq-08/color/frame-000343.color.png 0.999861 -0.0153648 -0.00651169 -0.0452339 0.0153798 0.999879 0.00225708 -0.0314544 0.00647622 -0.00235688 0.999976 4.22299e-05 0.0 0.0 0.0 1.0
pumpkin/seq-08/color/frame-000343.color.png pumpkin/seq-08/color/frame-000345.color.png 0.999906 -0.0115371 0.00741061 -0.0519079 0.0114934 0.999916 0.00591299 -0.0214854 -0.00747821 -0.00582726 0.999955 0.0201416 0.0 0.0 0.0 1.0
pumpkin/seq-08/color/frame-000345.color.png pumpkin/seq-08/color/frame-000347.color.png 0.999975 0.000392993 -0.00706407 -0.0469579 -0.000407415 0.999998 -0.00203899 0.00935364 0.00706327 0.0020418 0.999973 0.00565176 0.0 0.0 0.0 1.0
pumpkin/seq-08/color/frame-000347.color.png pumpkin/seq-08/color/frame-000349.color.png 0.999972 -0.00465875 -0.00578795 -0.0430678 0.00469555 0.999969 0.00634803 -0.00394112 0.00575818 -0.00637501 0.999963 0.000166863 0.0 0.0 0.0 1.0
