stairs/seq-06/color/frame-000000.color.png stairs/seq-06/color/frame-000002.color.png 0.999981 -0.00449342 0.00414915 -0.000373498 0.00439204 0.999699 0.024128 0.00399811 -0.00425632 -0.0241094 0.9997 0.00798838 0.0 0.0 0.0 1.0
stairs/seq-06/color/frame-000001.color.png stairs/seq-06/color/frame-000003.color.png 0.999987 0.000864958 0.0049939 6.75505e-05 -0.000950342 0.999853 0.0171206 0.00130686 -0.00497836 -0.0171252 0.999841 0.00607898 0.0 0.0 0.0 1.0
stairs/seq-06/color/frame-000002.color.png stairs/seq-06/color/frame-000004.color.png 0.999995 -0.000810488 0.00311836 0.000178116 0.000788229 0.999974 0.00713256 0.00291645 -0.00312406 -0.00713006 0.99997 0.00346115 0.0 0.0 0.0 1.0
stairs/seq-06/color/frame-000003.color.png stairs/seq-06/color/frame-000005.color.png 0.999987 -0.0040284 0.0030241 0.000222234 0.00401355 0.99998 0.00489881 0.0030818 -0.00304377 -0.00488661 0.999983 0.0024896 0.0 0.0 0.0 1.0
stairs/seq-06/color/frame-000004.color.png stairs/seq-06/color/frame-000006.color.png 0.999983 -0.00363928 0.00467781 -0.000112444 0.00361214 0.999977 0.00579861 0.00271109 -0.0046988 -0.0057816 0.999972 0.00239848 0.0 0.0 0.0 1.0
stairs/seq-06/color/frame-000005.color.png stairs/seq-06/color/frame-000007.color.png 0.999975 -0.004488 0.00540942 0.000680703 0.00445692 0.999974 0.00574525 -1.81417e-05 -0.00543506 -0.005721 0.999969 0.00442706 0.0 0.0 0.0 1.0
stairs/seq-06/color/frame-000006.color.png stairs/seq-06/color/frame-000008.color.png 0.999988 -0.00276004 0.00395269 0.00106817 0.00275409 0.999995 0.00151115 0.00216474 -0.00395684 -0.00150025 0.999991 0.000296539 0.0 0.0 0.0 1.0
stairs/seq-06/color/frame-000007.color.png stairs/seq-06/color/frame-000009.color.png 0.999988 0.000502223 0.00490875 -0.000293909 -0.000520662 0.999993 0.00375578 0.00152136 -0.00490683 -0.00375829 0.999981 -0.00108341 0.0 0.0 0.0 1.0
stairs/seq-06/color/frame-000008.color.png stairs/seq-06/color/frame-000010.color.png 0.999982 0.000671404 0.00593394 0.000117557 -0.000705321 0.999983 0.00571626 0.000475792 -0.00593001 -0.00572035 0.999966 0.00182399 0.0 0.0 0.0 1.0
stairs/seq-06/color/frame-000009.color.png stairs/seq-06/color/frame-000011.color.png 0.999941 -0.00377304 0.0102267 0.00182538 0.00368697 0.999958 0.00842275 0.00110352 -0.0102581 -0.00838454 0.999912 0.00217183 0.0 0.0 0.0 1.0
stairs/seq-06/color/frame-000010.color.png stairs/seq-06/color/frame-000012.color.png 0.999923 -0.00508305 0.0113243 0.00184522 0.00497417 0.999941 0.00962137 0.00222589 -0.0113726 -0.0095643 0.99989 0.0020221 0.0 0.0 0.0 1.0
stairs/seq-06/color/frame-000011.color.png stairs/seq-06/color/frame-000013.color.png 0.999945 -0.00556839 0.00886951 0.00105216 0.00551245 0.999965 0.00631787 0.00465573 -0.00890438 -0.00626864 0.999941 0.00420693 0.0 0.0 0.0 1.0
stairs/seq-06/color/frame-000012.color.png stairs/seq-06/color/frame-000014.color.png 0.999951 -0.0043464 0.00894442 0.00140299 0.00429191 0.999972 0.00610224 0.00275064 -0.00897069 -0.00606354 0.999941 0.00492792 0.0 0.0 0.0 1.0
stairs/seq-06/color/frame-000013.color.png stairs/seq-06/color/frame-000015.color.png 0.999866 -0.00714792 0.0146955 0.00231386 0.00702595 0.999941 0.00833507 0.000556635 -0.0147542 -0.00823071 0.999857 0.00211277 0.0 0.0 0.0 1.0
stairs/seq-06/color/frame-000014.color.png stairs/seq-06/color/frame-000016.color.png 0.999857 -0.00481352 0.0161977 0.0013809 0.00467284 0.999951 0.00871124 0.00409043 -0.0162388 -0.0086343 0.999831 0.00348961 0.0 0.0 0.0 1.0
stairs/seq-06/color/frame-000015.color.png stairs/seq-06/color/frame-000017.color.png 0.999933 -0.0050625 0.0104449 0.00159589 0.00498553 0.99996 0.00738159 0.0049139 -0.0104818 -0.00732901 0.999918 0.00127047 0.0 0.0 0.0 1.0
stairs/seq-06/color/frame-000016.color.png stairs/seq-06/color/frame-000018.color.png 0.999944 -0.00897093 0.00564248 0.00520656 0.00891637 0.999914 0.00962028 0.00518353 -0.0057283 -0.00956943 0.999938 -0.002495 0.0 0.0 0.0 1.0
stairs/seq-06/color/frame-000017.color.png stairs/seq-06/color/frame-000019.color.png 0.999908 -0.0117089 0.00681825 0.00403808 0.0115772 0.999752 0.0190464 0.00381766 -0.00703958 -0.0189658 0.999795 0.00444061 0.0 0.0 0.0 1.0
stairs/seq-06/color/frame-000018.color.png stairs/seq-06/color/frame-000020.color.png 0.999941 -0.00708304 0.00830761 0.000735479 0.00693754 0.999824 0.0174131 0.00704943 -0.00842949 -0.0173544 0.999814 0.00552064 0.0 0.0 0.0 1.0
stairs/seq-06/color/frame-000019.color.png stairs/seq-06/color/frame-000021.color.png 0.999963 -0.00368675 0.00776595 -0.000182838 0.0036098 0.999944 0.00990059 0.00507007 -0.007802 -0.00987217 0.999921 0.00857279 0.0 0.0 0.0 1.0
stairs/seq-06/color/frame-000020.color.png stairs/seq-06/color/frame-000022.color.png 0.999946 -0.00507204 0.00910135 -0.00106691 0.00500675 0.999962 0.00718348 0.00316255 -0.00913744 -0.00713754 0.999933 0.010051 0.0 0.0 0.0 1.0
stairs/seq-06/color/frame-000021.color.png stairs/seq-06/color/frame-000023.color.png 0.999952 -0.00477267 0.00856717 0.000915728 0.00470057 0.999954 0.00841733 0.00896136 -0.00860696 -0.00837666 0.999928 -0.00178501 0.0 0.0 0.0 1.0
stairs/seq-06/color/frame-000022.color.png stairs/seq-06/color/frame-000024.color.png 0.999959 -0.00279379 0.00864826 0.00338953 0.00265885 0.999875 0.0155761 0.00491585 -0.00869072 -0.0155525 0.999841 0.00151652 0.0 0.0 0.0 1.0
stairs/seq-06/color/frame-000023.color.png stairs/seq-06/color/frame-000025.color.png 0.999963 -0.000523536 0.00860472 0.00177457 0.00038814 0.999876 0.0157288 4.711e-05 -0.0086119 -0.0157249 0.999839 0.00113147 0.0 0.0 0.0 1.0
stairs/seq-06/color/frame-000024.color.png stairs/seq-06/color/frame-000026.color.png 0.999867 -0.00588618 0.0152143 -2.10833e-05 0.00556383 0.999761 0.0211425 0.00673321 -0.0153351 -0.0210551 0.999661 0.00137673 0.0 0.0 0.0 1.0
stairs/seq-06/color/frame-000025.color.png stairs/seq-06/color/frame-000027.color.png 0.999795 -0.00744941 0.0188342 -0.000212132 0.00703839 0.999738 0.0217962 0.00698853 -0.0189916 -0.0216591 0.999585 0.0141453 0.0 0.0 0.0 1.0
stairs/seq-06/color/frame-000026.color.png stairs/seq-06/color/frame-000028.color.png 0.999896 -0.00655897 0.012842 0.00134814 0.00642558 0.999925 0.010402 0.0044342 -0.0129092 -0.0103184 0.999864 0.008808 0.0 0.0 0.0 1.0
stairs/seq-06/color/frame-000027.color.png stairs/seq-06/color/frame-000029.color.png 0.99972 -0.0102991 0.0213048 -0.000137392 0.0100672 0.999889 0.0109628 0.0111279 -0.0214153 -0.0107452 0.999713 0.0173956 0.0 0.0 0.0 1.0
stairs/seq-06/color/frame-000028.color.png stairs/seq-06/color/frame-000030.color.png 0.9997 -0.00569351 0.0238112 -0.000819126 0.00549333 0.999949 0.0084637 0.0106077 -0.0238582 -0.00833038 0.999681 0.015086 0.0 0.0 0.0 1.0
stairs/seq-06/color/frame-000029.color.png stairs/seq-06/color/frame-000031.color.png 0.999895 -0.00424125 0.0138677 0.00587917 0.00415538 0.999972 0.00621654 0.00205846 -0.0138937 -0.00615827 0.999884 -0.00577921 0.0 0.0 0.0 1.0
stairs/seq-06/color/frame-000030.color.png stairs/seq-06/color/frame-000032.color.png 0.999545 -0.0144353 0.0264651 0.00126579 0.0141651 0.999846 0.0103686 0.00601785 -0.0266107 -0.00998895 0.999596 0.0096016 0.0 0.0 0.0 1.0
stairs/seq-06/color/frame-000031.color.png stairs/seq-06/color/frame-000033.color.png 0.999543 -0.0141263 0.0267294 0.00477683 0.0139506 0.99988 0.00674652 0.00579924 -0.0268214 -0.00637055 0.99962 0.0123047 0.0 0.0 0.0 1.0
stairs/seq-06/color/frame-000032.color.png stairs/seq-06/color/frame-000034.color.png 0.999382 -0.00794079 0.0342378 0.00202261 0.0076469 0.999933 0.00870618 0.0065283 -0.0343046 -0.00843897 0.999376 0.0105689 0.0 0.0 0.0 1.0
stairs/seq-06/color/frame-000033.color.png stairs/seq-06/color/frame-000035.color.png 0.999452 -0.00732298 0.0322831 0.00725478 0.00720375 0.999967 0.00380856 0.0135484 -0.0323099 -0.00357387 0.999471 0.00794623 0.0 0.0 0.0 1.0
stairs/seq-06/color/frame-000034.color.png stairs/seq-06/color/frame-000036.color.png 0.999483 -0.0189212 0.0259944 0.0155015 0.0189241 0.999821 0.000136265 0.0220968 -0.0259923 0.00035569 0.999662 -0.00714834 0.0 0.0 0.0 1.0
stairs/seq-06/color/frame-000035.color.png stairs/seq-06/color/frame-000037.color.png 0.999497 -0.013059 0.028884 0.00862146 0.0128869 0.999898 0.00613429 0.0175453 -0.0289611 -0.00575899 0.999564 -0.00594559 0.0 0.0 0.0 1.0
stairs/seq-06/color/frame-000036.color.png stairs/seq-06/color/frame-000038.color.png 0.999769 -0.00646682 0.0204805 0.00859651 0.00631959 0.999954 0.00724584 0.00469188 -0.0205264 -0.00711471 0.999764 -0.011572 0.0 0.0 0.0 1.0
stairs/seq-06/color/frame-000037.color.png stairs/seq-06/color/frame-000039.color.png 0.999386 -0.0156735 0.0313323 0.00420435 0.014992 0.999648 0.0218695 0.0128273 -0.0316641 -0.0213863 0.99927 0.0104237 0.0 0.0 0.0 1.0
stairs/seq-06/color/frame-000038.color.png stairs/seq-06/color/frame-000040.color.png 0.999456 -0.0144725 0.0296197 0.00600162 0.0138298 0.999667 0.021791 0.00937814 -0.0299252 -0.0213695 0.999324 0.0212246 0.0 0.0 0.0 1.0
stairs/seq-06/color/frame-000039.color.png stairs/seq-06/color/frame-000041.color.png 0.999499 -0.0207943 0.0238596 0.0194458 0.0204786 0.999701 0.0133982 0.0076644 -0.024131 -0.0129029 0.999626 -0.00288049 0.0 0.0 0.0 1.0
stairs/seq-06/color/frame-000040.color.png stairs/seq-06/color/frame-000042.color.png 0.999314 -0.0193873 0.0315729 0.00354753 0.018876 0.999687 0.0164109 0.0094034 -0.0318812 -0.0158037 0.999367 0.0125656 0.0 0.0 0.0 1.0
stairs/seq-06/color/frame-000041.color.png stairs/seq-06/color/frame-000043.color.png 0.999639 -0.0191045 0.0188717 0.0181168 0.0189245 0.999774 0.00967381 0.0192984 -0.0190523 -0.00931322 0.999775 -0.0141801 0.0 0.0 0.0 1.0
stairs/seq-06/color/frame-000042.color.png stairs/seq-06/color/frame-000044.color.png 0.999627 -0.0252202 0.0105113 0.0303934 0.0251548 0.999664 0.00630352 0.0305092 -0.0106668 -0.00603674 0.999925 -0.0194859 0.0 0.0 0.0 1.0
stairs/seq-06/color/frame-000043.color.png stairs/seq-06/color/frame-000045.color.png 0.999698 -0.0189206 0.0156956 0.0141093 0.0185695 0.999581 0.0222243 0.0121917 -0.0161095 -0.021926 0.99963 0.00594042 0.0 0.0 0.0 1.0
stairs/seq-06/color/frame-000044.color.png stairs/seq-06/color/frame-000046.color.png 0.999574 -0.0137172 0.0257809 0.00131236 0.0131844 0.999698 0.0207268 0.0127138 -0.0260575 -0.0203781 0.999453 0.01773 0.0 0.0 0.0 1.0
stairs/seq-06/color/frame-000045.color.png stairs/seq-06/color/frame-000047.color.png 0.9996 -0.00608482 0.0276073 -0.01315 0.00565842 0.999864 0.0154968 -0.000586286 -0.027698 -0.0153345 0.999499 0.0220138 0.0 0.0 0.0 1.0
stairs/seq-06/color/frame-000046.color.png stairs/seq-06/color/frame-000048.color.png 0.999548 -0.0192578 0.0230893 0.00512672 0.0186893 0.999523 0.0245922 -0.0190728 -0.0235518 -0.0241496 0.999431 0.013041 0.0 0.0 0.0 1.0
stairs/seq-06/color/frame-000047.color.png stairs/seq-06/color/frame-000049.color.png 0.999779 -0.00951193 0.0187714 0.0126486 0.00932437 0.999906 0.0100547 0.0108517 -0.0188652 -0.0098774 0.999773 0.00784664 0.0 0.0 0.0 1.0
stairs/seq-06/color/frame-000048.color.png stairs/seq-06/color/frame-000050.color.png 0.999889 -0.0068246 0.013263 0.0247503 0.00682223 0.999977 0.000226567 0.0321902 -0.0132642 -0.000136012 0.999912 -0.0190493 0.0 0.0 0.0 1.0
stairs/seq-06/color/frame-000049.color.png stairs/seq-06/color/frame-000051.color.png 0.999389 -0.0121893 0.0327758 -0.00350849 0.0114132 0.999653 0.0237607 -0.0170262 -0.0330542 -0.0233721 0.99918 0.0131806 0.0 0.0 0.0 1.0
stairs/seq-06/color/frame-000050.color.png stairs/seq-06/color/frame-000052.color.png 0.999465 -0.0119845 0.0304407 -0.0013187 0.0117785 0.999907 0.00693753 -0.00058867 -0.030521 -0.00657528 0.999512 0.00929075 0.0 0.0 0.0 1.0
stairs/seq-06/color/frame-000051.color.png stairs/seq-06/color/frame-000053.color.png 0.999721 -0.00657872 0.0227094 0.0118447 0.00650128 0.999973 0.00348359 0.00630499 -0.0227318 -0.00333504 0.999736 -0.00321618 0.0 0.0 0.0 1.0
stairs/seq-06/color/frame-000052.color.png stairs/seq-06/color/frame-000054.color.png 0.999355 -0.00900418 0.0347744 -0.00280765 0.00850648 0.99986 0.0144333 -0.00828271 -0.0348996 -0.0141282 0.999291 0.0129389 0.0 0.0 0.0 1.0
stairs/seq-06/color/frame-000053.color.png stairs/seq-06/color/frame-000055.color.png 0.999588 -0.00928532 0.0271738 0.00642144 0.0094859 0.999929 -0.00726082 0.0316334 -0.0271044 0.00751564 0.999604 -0.000876784 0.0 0.0 0.0 1.0
stairs/seq-06/color/frame-000054.color.png stairs/seq-06/color/frame-000056.color.png 0.999304 -0.0120222 0.0353167 -0.010923 0.0117638 0.999903 0.00751461 -0.00090003 -0.0354036 -0.00709397 0.999348 0.0123933 0.0 0.0 0.0 1.0
stairs/seq-06/color/frame-000055.color.png stairs/seq-06/color/frame-000057.color.png 0.999541 -0.015352 0.0261012 0.00626414 0.0150659 0.999825 0.0111237 -0.00852476 -0.0262674 -0.0107253 0.999597 -0.00229118 0.0 0.0 0.0 1.0
stairs/seq-06/color/frame-000056.color.png stairs/seq-06/color/frame-000058.color.png 0.999859 -0.00909684 0.014124 0.0290914 0.00923496 0.99991 -0.00974157 0.0429427 -0.014034 0.00987074 0.999853 -0.0153339 0.0 0.0 0.0 1.0
stairs/seq-06/color/frame-000057.color.png stairs/seq-06/color/frame-000059.color.png 0.999108 -0.0173903 0.0384794 -0.000236295 0.016741 0.999713 0.0171306 -0.0151478 -0.0387663 -0.0164711 0.999113 -0.00166266 0.0 0.0 0.0 1.0
stairs/seq-06/color/frame-000058.color.png stairs/seq-06/color/frame-000060.color.png 0.99963 -0.0141506 0.0232165 0.0120126 0.0139621 0.999868 0.00826354 -0.00536285 -0.0233303 -0.00793638 0.999696 -0.00560023 0.0 0.0 0.0 1.0
stairs/seq-06/color/frame-000059.color.png stairs/seq-06/color/frame-000061.color.png 0.999654 -0.0214611 0.015226 0.0298341 0.0213697 0.999753 0.00614396 -0.0116117 -0.0153541 -0.00581647 0.999865 -0.00884768 0.0 0.0 0.0 1.0
stairs/seq-06/color/frame-000060.color.png stairs/seq-06/color/frame-000062.color.png 0.999716 7.53309e-06 0.0238115 0.0197042 -0.000156465 0.999981 0.00625096 0.00620314 -0.023811 -0.00625294 0.999697 -0.0095186 0.0 0.0 0.0 1.0
stairs/seq-06/color/frame-000061.color.png stairs/seq-06/color/frame-000063.color.png 0.999554 0.0118398 0.0274072 0.00303708 -0.0122148 0.999834 0.0135553 -0.00025402 -0.0272422 -0.0138841 0.999532 -0.00409795 0.0 0.0 0.0 1.0
stairs/seq-06/color/frame-000062.color.png stairs/seq-06/color/frame-000064.color.png 0.999852 -0.0005186 0.0172014 0.0134345 0.000408104 0.999979 0.00643169 -0.00293621 -0.0172045 -0.00642377 0.999831 -0.00341585 0.0 0.0 0.0 1.0
stairs/seq-06/color/frame-000063.color.png stairs/seq-06/color/frame-000065.color.png 0.999809 -0.0127651 0.014776 0.0182004 0.0128029 0.999915 -0.00246363 -0.00268264 -0.0147433 0.00265231 0.999888 -0.00926116 0.0 0.0 0.0 1.0
stairs/seq-06/color/frame-000064.color.png stairs/seq-06/color/frame-000066.color.png 0.999825 -0.0026992 0.0185007 0.0188875 0.00281672 0.999976 -0.00632779 0.00438608 -0.0184831 0.00637887 0.999809 -0.00806255 0.0 0.0 0.0 1.0
stairs/seq-06/color/frame-000065.color.png stairs/seq-06/color/frame-000067.color.png 0.999844 0.000608863 0.0176627 0.0123522 -0.000547991 0.999994 -0.00345265 -0.0029352 -0.0176647 0.0034424 0.999838 -0.00598175 0.0 0.0 0.0 1.0
stairs/seq-06/color/frame-000066.color.png stairs/seq-06/color/frame-000068.color.png 0.999902 -0.00998157 0.00979346 0.0207435 0.0100529 0.999923 -0.00727561 -0.0108358 -0.00972004 0.00737331 0.999925 -0.0106593 0.0 0.0 0.0 1.0
stairs/seq-06/color/frame-000067.color.png stairs/seq-06/color/frame-000069.color.png 0.999987 -0.000716258 0.00495939 0.0365784 0.000831506 0.999729 -0.0232698 0.0154807 -0.00494132 0.0232736 0.999717 -0.0209394 0.0 0.0 0.0 1.0
stairs/seq-06/color/frame-000068.color.png stairs/seq-06/color/frame-000070.color.png 0.999892 -0.00271553 0.0144741 0.0376267 0.00311495 0.999613 -0.0276426 -0.0025726 -0.0143935 0.0276846 0.999513 -0.0201581 0.0 0.0 0.0 1.0
stairs/seq-06/color/frame-000069.color.png stairs/seq-06/color/frame-000071.color.png 0.99953 0.0139683 0.0272855 0.00855106 -0.0137315 0.999867 -0.00884616 -0.0171363 -0.0274054 0.00846733 0.999588 -0.0116634 0.0 0.0 0.0 1.0
stairs/seq-06/color/frame-000070.color.png stairs/seq-06/color/frame-000072.color.png 0.999823 0.00495066 0.018167 0.0106233 -0.00491193 0.999985 -0.00217417 -0.0164056 -0.0181775 0.00208454 0.999833 -0.00442733 0.0 0.0 0.0 1.0
stairs/seq-06/color/frame-000071.color.png stairs/seq-06/color/frame-000073.color.png 0.999921 -0.00576412 0.0111866 0.0157399 0.00584614 0.999956 -0.00731259 -0.0207674 -0.011144 0.00737738 0.999911 -0.0042963 0.0 0.0 0.0 1.0
stairs/seq-06/color/frame-000072.color.png stairs/seq-06/color/frame-000074.color.png 0.999973 0.0056458 0.00470537 0.00709069 -0.00561067 0.999957 -0.00745919 -0.016373 -0.00474723 0.00743258 0.999961 -0.0113964 0.0 0.0 0.0 1.0
stairs/seq-06/color/frame-000073.color.png stairs/seq-06/color/frame-000075.color.png 0.999958 -8.97544e-05 -0.00919156 0.0298064 -1.81665e-05 0.999931 -0.0117349 -0.0182384 0.00919209 0.0117347 0.999889 -0.00788725 0.0 0.0 0.0 1.0
stairs/seq-06/color/frame-000074.color.png stairs/seq-06/color/frame-000076.color.png 0.999713 0.0238876 -0.00159395 0.0114166 -0.023913 0.999542 -0.0185639 -0.0179585 0.00114977 0.0185967 0.999826 -0.00239863 0.0 0.0 0.0 1.0
stairs/seq-06/color/frame-000075.color.png stairs/seq-06/color/frame-000077.color.png 0.999494 0.0314833 -0.00451329 0.00965741 -0.0315861 0.999191 -0.024878 -0.0201927 0.00372656 0.025008 0.99968 -0.00356359 0.0 0.0 0.0 1.0
stairs/seq-06/color/frame-000076.color.png stairs/seq-06/color/frame-000078.color.png 0.999775 0.019592 -0.0081898 0.014827 -0.0197773 0.999536 -0.0231882 -0.02048 0.00773169 0.023345 0.999698 0.000766048 0.0 0.0 0.0 1.0
stairs/seq-06/color/frame-000077.color.png stairs/seq-06/color/frame-000079.color.png 0.99933 0.0344199 -0.0124759 0.00369433 -0.0349887 0.998202 -0.0486722 -0.0296712 0.0107781 0.0490761 0.998737 -0.00346067 0.0 0.0 0.0 1.0
stairs/seq-06/color/frame-000078.color.png stairs/seq-06/color/frame-000080.color.png 0.999009 0.0414107 -0.016288 0.00073722 -0.0424058 0.996891 -0.0664171 -0.0120462 0.013487 0.067042 0.997659 -0.00392277 0.0 0.0 0.0 1.0
stairs/seq-06/color/frame-000079.color.png stairs/seq-06/color/frame-000081.color.png 0.999199 0.0327878 -0.0229547 -0.00485066 -0.0341976 0.997364 -0.0639886 -0.00963311 0.0207962 0.0647223 0.997687 -0.00961359 0.0 0.0 0.0 1.0
stairs/seq-06/color/frame-000080.color.png stairs/seq-06/color/frame-000082.color.png 0.998829 0.0422813 -0.0235143 -0.0128683 -0.0438142 0.996652 -0.069024 -0.0147427 0.0205172 0.0699735 0.997338 -0.0224705 0.0 0.0 0.0 1.0
stairs/seq-06/color/frame-000081.color.png stairs/seq-06/color/frame-000083.color.png 0.99905 0.0362924 -0.0241346 -0.0191422 -0.0377601 0.997272 -0.0634322 -0.0287417 0.0217666 0.0642833 0.997694 -0.0159691 0.0 0.0 0.0 1.0
stairs/seq-06/color/frame-000082.color.png stairs/seq-06/color/frame-000084.color.png 0.999272 0.0250118 -0.0288093 -0.0237902 -0.0264021 0.998453 -0.0489357 -0.0407574 0.0275409 0.0496608 0.998386 -0.0218858 0.0 0.0 0.0 1.0
stairs/seq-06/color/frame-000083.color.png stairs/seq-06/color/frame-000085.color.png 0.998712 0.0433892 -0.0263135 -0.00360265 -0.0445349 0.99801 -0.0446383 -0.00255597 0.0243243 0.0457526 0.998657 -0.00790905 0.0 0.0 0.0 1.0
stairs/seq-06/color/frame-000084.color.png stairs/seq-06/color/frame-000086.color.png 0.998983 0.0389938 -0.0226493 -0.00189367 -0.039751 0.998631 -0.0340033 -0.00558975 0.0212922 0.0348691 0.999165 -0.0129428 0.0 0.0 0.0 1.0
stairs/seq-06/color/frame-000085.color.png stairs/seq-06/color/frame-000087.color.png 0.999596 0.0221195 -0.0178533 -0.00607803 -0.0225989 0.999377 -0.0271096 0.00342629 0.0172426 0.0275021 0.999473 -0.00919536 0.0 0.0 0.0 1.0
stairs/seq-06/color/frame-000086.color.png stairs/seq-06/color/frame-000088.color.png 0.999372 0.0303177 -0.0183558 0.0051609 -0.0307345 0.999266 -0.0228704 0.0147541 0.0176488 0.0234201 0.99957 -0.00707417 0.0 0.0 0.0 1.0
stairs/seq-06/color/frame-000087.color.png stairs/seq-06/color/frame-000089.color.png 0.999324 0.0321504 -0.0178162 -0.00327322 -0.032577 0.999176 -0.0241962 -0.0025175 0.0170237 0.0247602 0.999548 -0.00491365 0.0 0.0 0.0 1.0
stairs/seq-06/color/frame-000088.color.png stairs/seq-06/color/frame-000090.color.png 0.999263 0.0234537 -0.0303819 0.0223096 -0.0240891 0.999495 -0.0207223 0.00673056 0.0298805 0.0214389 0.999324 -0.0353239 0.0 0.0 0.0 1.0
stairs/seq-06/color/frame-000089.color.png stairs/seq-06/color/frame-000091.color.png 0.99971 0.0233933 -0.00567481 -0.0168713 -0.023395 0.999726 -0.000242464 -0.00921678 0.0056675 0.000375156 0.999984 0.00159457 0.0 0.0 0.0 1.0
stairs/seq-06/color/frame-000090.color.png stairs/seq-06/color/frame-000092.color.png 0.999698 0.0229575 -0.00881496 -0.00032118 -0.0229398 0.999735 0.00210796 -0.00542317 0.00886106 -0.00190515 0.999959 -0.00487779 0.0 0.0 0.0 1.0
stairs/seq-06/color/frame-000091.color.png stairs/seq-06/color/frame-000093.color.png 0.99976 0.0209232 0.0064173 -0.0188031 -0.020957 0.999766 0.00525021 -0.00441972 -0.0063059 -0.00538346 0.999966 0.0140079 0.0 0.0 0.0 1.0
stairs/seq-06/color/frame-000092.color.png stairs/seq-06/color/frame-000094.color.png 0.999925 0.0112799 -0.00471167 -0.00101858 -0.0112914 0.999933 -0.00243092 -0.00328776 0.00468393 0.00248398 0.999986 0.00105466 0.0 0.0 0.0 1.0
stairs/seq-06/color/frame-000093.color.png stairs/seq-06/color/frame-000095.color.png 0.999845 0.011113 -0.0136572 0.0189805 -0.0111118 0.999938 0.000158936 -0.00151557 0.013658 -7.14149e-06 0.999907 -0.00366094 0.0 0.0 0.0 1.0
stairs/seq-06/color/frame-000094.color.png stairs/seq-06/color/frame-000096.color.png 0.99996 0.00881486 -0.00119806 -0.00488544 -0.00881017 0.999954 0.00385295 -0.0101571 0.00123191 -0.00384225 0.999992 0.00524696 0.0 0.0 0.0 1.0
stairs/seq-06/color/frame-000095.color.png stairs/seq-06/color/frame-000097.color.png 0.999949 0.00889617 -0.00486719 0.00342339 -0.00891457 0.999953 -0.00376975 0.00783964 0.00483338 0.00381294 0.999981 0.00124218 0.0 0.0 0.0 1.0
stairs/seq-06/color/frame-000096.color.png stairs/seq-06/color/frame-000098.color.png 0.999926 0.0121051 0.00092652 0.000460386 -0.0121053 0.999927 0.00018618 -0.00861949 -0.000924263 -0.000197367 1.0 -7.57948e-05 0.0 0.0 0.0 1.0
stairs/seq-06/color/frame-000097.color.png stairs/seq-06/color/frame-000099.color.png 0.999848 0.0169312 -0.00406806 0.0115703 -0.0169163 0.99985 0.00366861 -0.0205058 0.00412959 -0.00359924 0.999985 -0.00919406 0.0 0.0 0.0 1.0
stairs/seq-06/color/frame-000098.color.png stairs/seq-06/color/frame-000100.color.png 0.999721 0.0190127 -0.0139973 0.0431754 -0.0193381 0.999537 -0.0234947 0.0363824 0.0135441 0.0237588 0.999626 -0.00964785 0.0 0.0 0.0 1.0
stairs/seq-06/color/frame-000099.color.png stairs/seq-06/color/frame-000101.color.png 0.999892 0.0143273 0.00338357 -0.0020659 -0.0142843 0.999821 -0.0124044 -0.0151846 -0.00356066 0.0123548 0.999917 0.00748883 0.0 0.0 0.0 1.0
stairs/seq-06/color/frame-000100.color.png stairs/seq-06/color/frame-000102.color.png 0.999815 0.0182721 -0.0059979 0.0155327 -0.0183342 0.999777 -0.0104616 -0.0197839 0.00580551 0.0105696 0.999927 -0.00266319 0.0 0.0 0.0 1.0
stairs/seq-06/color/frame-000101.color.png stairs/seq-06/color/frame-000103.color.png 0.999803 0.0198648 0.000387391 -0.00322831 -0.0198553 0.999658 -0.0170334 -0.00537524 -0.000725553 0.0170223 0.999855 -0.00511589 0.0 0.0 0.0 1.0
stairs/seq-06/color/frame-000102.color.png stairs/seq-06/color/frame-000104.color.png 0.999942 0.00849447 -0.00663629 -0.0129101 -0.00858164 0.999876 -0.0132213 -0.011544 0.0065231 0.0132774 0.999891 -0.0019318 0.0 0.0 0.0 1.0
stairs/seq-06/color/frame-000103.color.png stairs/seq-06/color/frame-000105.color.png 0.999763 0.00426435 -0.0213481 0.000576034 -0.00452366 0.999916 -0.0121129 -0.00544131 0.0212946 0.0122066 0.999699 -0.00666239 0.0 0.0 0.0 1.0
stairs/seq-06/color/frame-000104.color.png stairs/seq-06/color/frame-000106.color.png 0.99962 0.00146058 -0.0275166 -0.00513366 -0.00161543 0.999983 -0.0056056 -0.00535724 0.0275081 0.00564792 0.999606 -0.0141884 0.0 0.0 0.0 1.0
stairs/seq-06/color/frame-000105.color.png stairs/seq-06/color/frame-000107.color.png 0.999857 0.00153273 -0.0168175 -0.0288446 -0.00142881 0.99998 0.00618956 -0.00787707 0.0168266 -0.00616464 0.999839 0.0100392 0.0 0.0 0.0 1.0
stairs/seq-06/color/frame-000106.color.png stairs/seq-06/color/frame-000108.color.png 0.99972 0.00446957 -0.0232352 -0.0196202 -0.00443078 0.999989 0.00172034 -0.0106219 0.0232425 -0.0016169 0.999729 -0.00681231 0.0 0.0 0.0 1.0
stairs/seq-06/color/frame-000107.color.png stairs/seq-06/color/frame-000109.color.png 0.999537 0.009839 -0.0288069 0.000534847 -0.00972516 0.999944 0.00408861 -0.023097 0.0288455 -0.00380657 0.999577 -0.0191216 0.0 0.0 0.0 1.0
stairs/seq-06/color/frame-000108.color.png stairs/seq-06/color/frame-000110.color.png 0.999664 0.0112271 -0.0233762 -0.00781599 -0.0114505 0.99989 -0.00944564 -0.0105853 0.0232676 0.0097101 0.999682 -0.0141726 0.0 0.0 0.0 1.0
stairs/seq-06/color/frame-000109.color.png stairs/seq-06/color/frame-000111.color.png 0.999419 0.0124407 -0.0317286 -0.00284375 -0.0123695 0.99992 0.00243815 -0.0267144 0.0317564 -0.00204427 0.999494 -0.0114578 0.0 0.0 0.0 1.0
stairs/seq-06/color/frame-000110.color.png stairs/seq-06/color/frame-000112.color.png 0.999667 0.0194024 -0.0169888 -0.00704506 -0.0192565 0.999777 0.0087099 -0.0196541 0.0171539 -0.00837978 0.999818 -0.00662617 0.0 0.0 0.0 1.0
stairs/seq-06/color/frame-000111.color.png stairs/seq-06/color/frame-000113.color.png 0.999746 0.00691979 -0.0214523 -0.01222 -0.00708963 0.999944 -0.00785056 -0.00877149 0.0213968 0.00800062 0.999739 -0.023029 0.0 0.0 0.0 1.0
stairs/seq-06/color/frame-000112.color.png stairs/seq-06/color/frame-000114.color.png 0.999304 0.0147831 -0.0342576 -0.014201 -0.0151592 0.999827 -0.0107473 -0.00628334 0.0340928 0.0112591 0.999355 -0.0183944 0.0 0.0 0.0 1.0
stairs/seq-06/color/frame-000113.color.png stairs/seq-06/color/frame-000115.color.png 0.99929 0.0273853 -0.025897 -0.0161337 -0.0274289 0.999623 -0.00132968 -0.0140745 0.0258509 0.00203912 0.999664 0.00327152 0.0 0.0 0.0 1.0
stairs/seq-06/color/frame-000114.color.png stairs/seq-06/color/frame-000116.color.png 0.999688 0.017264 -0.0180266 -0.0199405 -0.0171963 0.999844 0.00390106 -0.020438 0.0180912 -0.00358983 0.99983 -0.0203811 0.0 0.0 0.0 1.0
stairs/seq-06/color/frame-000115.color.png stairs/seq-06/color/frame-000117.color.png 0.999699 0.0176674 -0.017006 -0.0187464 -0.0177394 0.999834 -0.00408927 5.37336e-05 0.016931 0.00438972 0.999847 0.0175678 0.0 0.0 0.0 1.0
stairs/seq-06/color/frame-000116.color.png stairs/seq-06/color/frame-000118.color.png 0.999513 0.0207806 -0.0232659 -0.033032 -0.0207474 0.999783 0.0016668 -0.0214144 0.0232955 -0.00118332 0.999728 -0.0129119 0.0 0.0 0.0 1.0
stairs/seq-06/color/frame-000117.color.png stairs/seq-06/color/frame-000119.color.png 0.999509 0.0181182 -0.0255536 -0.00644137 -0.0182655 0.999818 -0.00554072 -0.00277162 0.0254485 0.00600471 0.999658 -0.00644401 0.0 0.0 0.0 1.0
stairs/seq-06/color/frame-000118.color.png stairs/seq-06/color/frame-000120.color.png 0.999591 0.0191039 -0.0212666 -0.00348212 -0.0191744 0.999811 -0.00311807 -0.00188911 0.021203 0.00352459 0.999769 -0.00530282 0.0 0.0 0.0 1.0
stairs/seq-06/color/frame-000119.color.png stairs/seq-06/color/frame-000121.color.png 0.999348 0.0196597 -0.0302758 -0.00274995 -0.0197087 0.999805 -0.00132338 -0.00450161 0.0302439 0.0019192 0.999541 -0.0135855 0.0 0.0 0.0 1.0
stairs/seq-06/color/frame-000120.color.png stairs/seq-06/color/frame-000122.color.png 0.999655 0.0135972 -0.0224794 -0.0109269 -0.0136829 0.9999 -0.0036627 0.00130518 0.0224273 0.00396902 0.999741 0.0155105 0.0 0.0 0.0 1.0
stairs/seq-06/color/frame-000121.color.png stairs/seq-06/color/frame-000123.color.png 0.99978 0.0185432 -0.00983346 -0.0189518 -0.0185572 0.999827 -0.00134203 0.00221851 0.00980687 0.00152421 0.999951 0.025994 0.0 0.0 0.0 1.0
stairs/seq-06/color/frame-000122.color.png stairs/seq-06/color/frame-000124.color.png 0.999732 0.0178201 -0.0147654 -0.0222469 -0.0179662 0.99979 -0.00982309 0.00467303 0.0145872 0.0100857 0.999843 0.0170866 0.0 0.0 0.0 1.0
stairs/seq-06/color/frame-000123.color.png stairs/seq-06/color/frame-000125.color.png 0.999777 0.0186691 -0.00991585 -0.0213799 -0.018701 0.99982 -0.00312821 -0.00338843 0.00985568 0.00331296 0.999946 0.0169304 0.0 0.0 0.0 1.0
stairs/seq-06/color/frame-000124.color.png stairs/seq-06/color/frame-000126.color.png 0.999747 0.0221053 -0.00426464 -0.0121302 -0.0220913 0.999751 0.0032957 -0.0301592 0.00433646 -0.00320064 0.999986 0.0206528 0.0 0.0 0.0 1.0
stairs/seq-06/color/frame-000125.color.png stairs/seq-06/color/frame-000127.color.png 0.999535 0.0173198 -0.0250968 -0.00117609 -0.0176206 0.999775 -0.0118121 -0.00147572 0.0248866 0.0122488 0.999615 -0.021233 0.0 0.0 0.0 1.0
stairs/seq-06/color/frame-000126.color.png stairs/seq-06/color/frame-000128.color.png 0.999616 0.0145987 -0.0235669 -0.00484341 -0.0147783 0.999863 -0.00746713 -0.00359368 0.0234546 0.00781255 0.999694 0.00243887 0.0 0.0 0.0 1.0
stairs/seq-06/color/frame-000127.color.png stairs/seq-06/color/frame-000129.color.png 0.999833 0.0153753 -0.00988538 -0.00613542 -0.0154132 0.999874 -0.00376637 -0.00834067 0.00982628 0.00391812 0.999944 0.016624 0.0 0.0 0.0 1.0
stairs/seq-06/color/frame-000128.color.png stairs/seq-06/color/frame-000130.color.png 0.999901 0.00684102 -0.0123118 -0.0072252 -0.00695942 0.99993 -0.00959867 0.00102916 0.0122452 0.0096834 0.999878 -0.00114989 0.0 0.0 0.0 1.0
stairs/seq-06/color/frame-000129.color.png stairs/seq-06/color/frame-000131.color.png 0.999781 0.0114124 -0.0175368 -0.00955594 -0.011585 0.999885 -0.00977214 0.00865829 0.0174233 0.00997315 0.999798 0.00235577 0.0 0.0 0.0 1.0
stairs/seq-06/color/frame-000130.color.png stairs/seq-06/color/frame-000132.color.png 0.99986 0.0110481 -0.0125908 -0.00467199 -0.0110514 0.999939 -0.000190931 -0.00112583 0.012588 0.000330082 0.999921 -0.000514196 0.0 0.0 0.0 1.0
stairs/seq-06/color/frame-000131.color.png stairs/seq-06/color/frame-000133.color.png 0.999915 0.00549466 -0.0118046 -0.00558379 -0.00546856 0.999983 0.00224547 3.53158e-06 0.0118167 -0.00218071 0.999928 0.0120092 0.0 0.0 0.0 1.0
stairs/seq-06/color/frame-000132.color.png stairs/seq-06/color/frame-000134.color.png 0.9999 0.00660416 -0.0125433 -0.00621766 -0.0066235 0.999977 -0.00150226 0.00764152 0.0125331 0.00158518 0.99992 0.00685492 0.0 0.0 0.0 1.0
stairs/seq-06/color/frame-000133.color.png stairs/seq-06/color/frame-000135.color.png 0.999929 0.0115135 -0.00310629 -0.00792694 -0.0114938 0.999914 0.00629523 0.00156543 0.00317854 -0.00625908 0.999975 0.0239004 0.0 0.0 0.0 1.0
stairs/seq-06/color/frame-000134.color.png stairs/seq-06/color/frame-000136.color.png 0.999587 0.0214628 0.0191006 -0.0545251 -0.022013 0.999335 0.0290772 -0.0310079 -0.0184639 -0.0294857 0.999395 0.017969 0.0 0.0 0.0 1.0
stairs/seq-06/color/frame-000135.color.png stairs/seq-06/color/frame-000137.color.png 0.999939 0.00828939 -0.00724411 -0.00974196 -0.00808657 0.999586 0.0275952 -0.0198111 0.00746987 -0.0275349 0.999593 -0.0108845 0.0 0.0 0.0 1.0
stairs/seq-06/color/frame-000136.color.png stairs/seq-06/color/frame-000138.color.png 0.999869 0.00367546 -0.015783 -0.000593811 -0.00332854 0.999753 0.0219513 0.000613704 0.0158598 -0.0218959 0.999634 0.00042557 0.0 0.0 0.0 1.0
stairs/seq-06/color/frame-000137.color.png stairs/seq-06/color/frame-000139.color.png 0.999915 0.00397418 -0.0123862 -0.00106173 -0.00374877 0.999828 0.0181707 -0.00141138 0.0124562 -0.0181227 0.999758 -0.00290785 0.0 0.0 0.0 1.0
stairs/seq-06/color/frame-000138.color.png stairs/seq-06/color/frame-000140.color.png 0.99981 -0.00244126 -0.0193245 -0.00119862 0.00273548 0.999881 0.0152143 0.00255196 0.0192851 -0.0152643 0.999698 -0.0371227 0.0 0.0 0.0 1.0
stairs/seq-06/color/frame-000139.color.png stairs/seq-06/color/frame-000141.color.png 0.999702 -0.00832751 -0.0229408 -0.0019562 0.00874945 0.999793 0.018353 0.00800806 0.0227832 -0.0185483 0.999568 0.0013133 0.0 0.0 0.0 1.0
stairs/seq-06/color/frame-000140.color.png stairs/seq-06/color/frame-000142.color.png 0.999817 -0.00687535 -0.0178395 -0.0052763 0.00721357 0.999794 0.0189646 0.00858262 0.0177055 -0.0190899 0.999661 0.0150105 0.0 0.0 0.0 1.0
stairs/seq-06/color/frame-000141.color.png stairs/seq-06/color/frame-000143.color.png 0.999958 -0.00524519 -0.00756597 0.000301313 0.00536257 0.999864 0.0155779 0.00201942 0.00748323 -0.0156178 0.99985 0.00750403 0.0 0.0 0.0 1.0
stairs/seq-06/color/frame-000142.color.png stairs/seq-06/color/frame-000144.color.png 0.999951 -0.00724412 -0.00677439 -0.0059133 0.00726546 0.999969 0.00313197 0.00741312 0.0067515 -0.00318103 0.999972 0.0100364 0.0 0.0 0.0 1.0
stairs/seq-06/color/frame-000143.color.png stairs/seq-06/color/frame-000145.color.png 0.999951 -0.0069874 -0.00698706 -0.00338176 0.00700104 0.999974 0.00192934 0.00602269 0.00697339 -0.00197814 0.999974 -0.000523962 0.0 0.0 0.0 1.0
stairs/seq-06/color/frame-000144.color.png stairs/seq-06/color/frame-000146.color.png 0.999859 -0.0155484 -0.00630475 -0.0072733 0.0155984 0.999847 0.00797339 0.00499578 0.0061798 -0.00807061 0.999948 0.0112509 0.0 0.0 0.0 1.0
stairs/seq-06/color/frame-000145.color.png stairs/seq-06/color/frame-000147.color.png 0.999891 -0.010819 -0.0100388 -0.00216465 0.0108822 0.999921 0.00626421 0.00738257 0.00997019 -0.00637278 0.99993 0.007201 0.0 0.0 0.0 1.0
stairs/seq-06/color/frame-000146.color.png stairs/seq-06/color/frame-000148.color.png 0.999947 0.00853168 -0.00578472 -0.0016506 -0.00843632 0.999831 0.0163113 0.00103857 0.00592292 -0.0162617 0.99985 -0.00193821 0.0 0.0 0.0 1.0
stairs/seq-06/color/frame-000147.color.png stairs/seq-06/color/frame-000149.color.png 0.999985 -0.00478944 -0.00278169 -0.000831611 0.00481872 0.999932 0.0106107 0.00224015 0.00273068 -0.0106239 0.99994 0.0077218 0.0 0.0 0.0 1.0
stairs/seq-06/color/frame-000148.color.png stairs/seq-06/color/frame-000150.color.png 0.999993 -0.00193571 -0.00319351 -0.00154179 0.00196795 0.999947 0.0101295 0.000232756 0.00317373 -0.0101357 0.999944 -2.02172e-05 0.0 0.0 0.0 1.0
stairs/seq-06/color/frame-000149.color.png stairs/seq-06/color/frame-000151.color.png 0.999971 0.00477345 -0.00593892 0.00165101 -0.00461934 0.999659 0.0256913 0.00322978 0.00605952 -0.0256631 0.999652 -0.020908 0.0 0.0 0.0 1.0
stairs/seq-06/color/frame-000150.color.png stairs/seq-06/color/frame-000152.color.png 1.0 -0.000503951 -3.79813e-05 -0.00416277 0.000504721 0.999705 0.0242974 0.00203668 2.57259e-05 -0.0242974 0.999705 -0.000202088 0.0 0.0 0.0 1.0
stairs/seq-06/color/frame-000151.color.png stairs/seq-06/color/frame-000153.color.png 0.999988 0.002939 0.00382954 -0.00459141 -0.00298269 0.99993 0.011453 0.00174588 -0.0037956 -0.0114643 0.999927 0.00394462 0.0 0.0 0.0 1.0
stairs/seq-06/color/frame-000152.color.png stairs/seq-06/color/frame-000154.color.png 0.999998 0.00215525 -0.000492933 0.00112898 -0.00214784 0.999892 0.0145144 0.00828464 0.000524163 -0.0145133 0.999894 -0.0115737 0.0 0.0 0.0 1.0
stairs/seq-06/color/frame-000153.color.png stairs/seq-06/color/frame-000155.color.png 0.999997 -0.000946555 -0.00239361 -0.000840034 0.000980541 0.999898 0.0142576 0.0078177 0.00237987 -0.0142599 0.999895 -0.00930304 0.0 0.0 0.0 1.0
stairs/seq-06/color/frame-000154.color.png stairs/seq-06/color/frame-000156.color.png 0.999972 0.00346529 0.00657081 -0.00478265 -0.00360602 0.999762 0.0215267 0.00366925 -0.00649465 -0.0215498 0.999747 0.0103586 0.0 0.0 0.0 1.0
stairs/seq-06/color/frame-000155.color.png stairs/seq-06/color/frame-000157.color.png 0.999892 0.00659494 0.013138 0.000578225 -0.00689644 0.999711 0.0230389 0.00579558 -0.0129822 -0.023127 0.999648 0.0146161 0.0 0.0 0.0 1.0
stairs/seq-06/color/frame-000156.color.png stairs/seq-06/color/frame-000158.color.png 0.999572 0.00601255 0.0286428 -0.031994 -0.00643961 0.999869 0.0148407 -0.00283398 -0.0285498 -0.0150188 0.99948 0.0233403 0.0 0.0 0.0 1.0
stairs/seq-06/color/frame-000157.color.png stairs/seq-06/color/frame-000159.color.png 0.999945 -0.00135265 0.0103614 -0.000224818 0.0012962 0.999984 0.00545539 0.00537704 -0.0103687 -0.00544166 0.999931 0.00147866 0.0 0.0 0.0 1.0
stairs/seq-06/color/frame-000158.color.png stairs/seq-06/color/frame-000160.color.png 0.999855 0.00334888 0.0166708 -0.00795779 -0.00350352 0.999951 0.009256 0.00682434 -0.016639 -0.00931307 0.999818 0.0163854 0.0 0.0 0.0 1.0
stairs/seq-06/color/frame-000159.color.png stairs/seq-06/color/frame-000161.color.png 0.999864 0.000326318 0.0165155 -0.00241431 -0.000429784 0.99998 0.00625988 0.00207865 -0.0165131 -0.00626612 0.999844 0.000791922 0.0 0.0 0.0 1.0
stairs/seq-06/color/frame-000160.color.png stairs/seq-06/color/frame-000162.color.png 0.999762 0.00595929 0.0209713 -0.00136073 -0.00598387 0.999982 0.00111049 0.00914499 -0.0209643 -0.00123572 0.99978 0.013898 0.0 0.0 0.0 1.0
stairs/seq-06/color/frame-000161.color.png stairs/seq-06/color/frame-000163.color.png 0.999874 0.00532565 0.014961 0.00574282 -0.00547742 0.999934 0.0101226 -0.00142729 -0.0149061 -0.0102032 0.999837 -0.0148763 0.0 0.0 0.0 1.0
stairs/seq-06/color/frame-000162.color.png stairs/seq-06/color/frame-000164.color.png 0.999603 0.000551326 0.0281733 -0.00254789 -0.000939491 0.999905 0.0137649 0.0112077 -0.0281631 -0.0137859 0.999508 0.0165681 0.0 0.0 0.0 1.0
stairs/seq-06/color/frame-000163.color.png stairs/seq-06/color/frame-000165.color.png 0.999702 -0.00478559 0.0239336 -0.000324439 0.00452425 0.99993 0.0109617 0.00469953 -0.0239843 -0.0108502 0.999654 0.0118831 0.0 0.0 0.0 1.0
stairs/seq-06/color/frame-000164.color.png stairs/seq-06/color/frame-000166.color.png 0.999831 -0.00463923 0.0177822 -0.00494452 0.00445536 0.999936 0.0103671 -0.00270049 -0.0178291 -0.0102861 0.999788 0.0058506 0.0 0.0 0.0 1.0
stairs/seq-06/color/frame-000165.color.png stairs/seq-06/color/frame-000167.color.png 0.999758 -0.0077463 0.0205782 5.37224e-05 0.0075606 0.99993 0.00908772 0.00644425 -0.0206471 -0.00892994 0.999747 0.0115007 0.0 0.0 0.0 1.0
stairs/seq-06/color/frame-000166.color.png stairs/seq-06/color/frame-000168.color.png 0.99953 -0.000189715 0.0306442 -0.00476001 -0.000155345 0.999937 0.0112575 -0.00244091 -0.0306444 -0.011257 0.999467 0.0101077 0.0 0.0 0.0 1.0
stairs/seq-06/color/frame-000167.color.png stairs/seq-06/color/frame-000169.color.png 0.999369 0.00142338 0.0354999 -0.000740383 -0.00149762 0.999997 0.00206496 0.0076184 -0.0354968 -0.00211682 0.999368 0.0185768 0.0 0.0 0.0 1.0
stairs/seq-06/color/frame-000168.color.png stairs/seq-06/color/frame-000170.color.png 0.999702 -0.00260566 0.0242717 0.0084211 0.00243061 0.999971 0.00723824 0.000347957 -0.0242898 -0.00717708 0.999679 0.000143684 0.0 0.0 0.0 1.0
stairs/seq-06/color/frame-000169.color.png stairs/seq-06/color/frame-000171.color.png 0.999436 -0.0213339 0.025918 -0.00258463 0.02142 0.999766 -0.00304994 0.0123039 -0.0258468 0.00360339 0.999659 0.0296849 0.0 0.0 0.0 1.0
stairs/seq-06/color/frame-000170.color.png stairs/seq-06/color/frame-000172.color.png 0.999567 -0.0291255 0.00421507 0.0107846 0.0291522 0.999554 -0.00640766 0.00382221 -0.00402658 0.00652776 0.999971 -0.0100759 0.0 0.0 0.0 1.0
stairs/seq-06/color/frame-000171.color.png stairs/seq-06/color/frame-000173.color.png 0.999774 -0.0212584 -0.000573154 0.00689206 0.0212532 0.999743 -0.00791615 0.0122772 0.000741286 0.00790218 0.999969 0.004191 0.0 0.0 0.0 1.0
stairs/seq-06/color/frame-000172.color.png stairs/seq-06/color/frame-000174.color.png 0.999358 -0.0334094 -0.0129629 -0.00263136 0.0331189 0.999209 -0.0220144 0.0167316 0.0136882 0.021571 0.999674 0.033331 0.0 0.0 0.0 1.0
stairs/seq-06/color/frame-000173.color.png stairs/seq-06/color/frame-000175.color.png 0.999074 -0.0328203 -0.0278132 -0.00936553 0.0322513 0.999266 -0.0206659 0.00261059 0.0284711 0.0197498 0.999399 0.0164671 0.0 0.0 0.0 1.0
stairs/seq-06/color/frame-000174.color.png stairs/seq-06/color/frame-000176.color.png 0.998488 -0.0332277 -0.0437819 0.00108081 0.0318876 0.999012 -0.030959 0.0175698 0.0447673 0.0295161 0.998561 0.000650242 0.0 0.0 0.0 1.0
