stairs/seq-06/color/frame-000000.color.png stairs/seq-06/color/frame-000003.color.png 0.999975 -0.0040508 0.0057957 -0.000511874 0.0038875 0.999603 0.0279162 0.00530695 -0.00590648 -0.027893 0.999594 0.0106181 0.0 0.0 0.0 1.0
stairs/seq-06/color/frame-000001.color.png stairs/seq-06/color/frame-000004.color.png 0.999979 -0.00146523 0.00638816 0.000557487 0.00134113 0.999811 0.0193878 0.00406156 -0.00641536 -0.0193788 0.999792 0.00602314 0.0 0.0 0.0 1.0
stairs/seq-06/color/frame-000002.color.png stairs/seq-06/color/frame-000005.color.png 0.999984 -0.00295815 0.00489566 -0.000145485 0.00290679 0.999941 0.0104654 0.0021995 -0.00492633 -0.010451 0.999933 0.0079888 0.0 0.0 0.0 1.0
stairs/seq-06/color/frame-000003.color.png stairs/seq-06/color/frame-000006.color.png 0.999966 -0.00519684 0.00642173 -0.000259054 0.00514086 0.999949 0.00870362 0.00486842 -0.00646663 -0.00867032 0.999941 0.00391126 0.0 0.0 0.0 1.0
stairs/seq-06/color/frame-000004.color.png stairs/seq-06/color/frame-000007.color.png 0.999961 -0.00530065 0.00708817 0.000233702 0.00523844 0.999948 0.00876619 0.000132706 -0.00713427 -0.00872872 0.999936 0.00695876 0.0 0.0 0.0 1.0
stairs/seq-06/color/frame-000005.color.png stairs/seq-06/color/frame-000008.color.png 0.999964 -0.00535329 0.00650955 0.0020495 0.00531406 0.999968 0.00603073 0.0016674 -0.00654162 -0.00599593 0.999961 0.000536862 0.0 0.0 0.0 1.0
stairs/seq-06/color/frame-000006.color.png stairs/seq-06/color/frame-000009.color.png 0.999971 -0.00161093 0.00737908 0.000172989 0.0015573 0.999972 0.00726737 -0.00243689 -0.00739059 -0.00725567 0.999946 0.00366847 0.0 0.0 0.0 1.0
stairs/seq-06/color/frame-000007.color.png stairs/seq-06/color/frame-000010.color.png 0.99997 -0.00166919 0.00750267 0.00114117 0.00162443 0.999981 0.00596855 0.00217688 -0.00751249 -0.00595618 0.999954 0.001272 0.0 0.0 0.0 1.0
stairs/seq-06/color/frame-000008.color.png stairs/seq-06/color/frame-000011.color.png 0.999896 -0.00396633 0.0138586 0.00027078 0.00382139 0.999938 0.0104691 0.00260422 -0.0138993 -0.010415 0.999849 0.00343959 0.0 0.0 0.0 1.0
stairs/seq-06/color/frame-000009.color.png stairs/seq-06/color/frame-000012.color.png 0.999894 -0.00478313 0.0137297 0.00291016 0.00463612 0.999932 0.0107195 0.00553958 -0.01378 -0.0106547 0.999848 0.000485325 0.0 0.0 0.0 1.0
stairs/seq-06/color/frame-000010.color.png stairs/seq-06/color/frame-000013.color.png 0.999833 -0.00804475 0.0164138 0.00144897 0.00784593 0.999896 0.0121417 0.00537049 -0.0165097 -0.0120109 0.999792 0.00434245 0.0 0.0 0.0 1.0
stairs/seq-06/color/frame-000011.color.png stairs/seq-06/color/frame-000014.color.png 0.999898 -0.00620558 0.0128513 0.00174477 0.00607938 0.999933 0.00983598 0.00417733 -0.0129115 -0.00975685 0.999869 0.00504619 0.0 0.0 0.0 1.0
stairs/seq-06/color/frame-000012.color.png stairs/seq-06/color/frame-000015.color.png 0.999786 -0.00931764 0.0184728 0.00399048 0.00910727 0.999893 0.0114398 0.00318251 -0.0185774 -0.0112691 0.999764 0.00384205 0.0 0.0 0.0 1.0
stairs/seq-06/color/frame-000013.color.png stairs/seq-06/color/frame-000016.color.png 0.999745 -0.00670145 0.0215828 0.000979165 0.00641767 0.999892 0.0131913 0.00183391 -0.0216689 -0.0130494 0.99968 0.00887392 0.0 0.0 0.0 1.0
stairs/seq-06/color/frame-000014.color.png stairs/seq-06/color/frame-000017.color.png 0.999769 -0.00932623 0.019385 0.00545401 0.00906692 0.999869 0.0134224 0.00523194 -0.0195076 -0.0132436 0.999722 -0.000418438 0.0 0.0 0.0 1.0
stairs/seq-06/color/frame-000015.color.png stairs/seq-06/color/frame-000018.color.png 0.999877 -0.0088473 0.0129198 0.0026419 0.00868778 0.999886 0.0123516 0.010343 -0.0130276 -0.0122379 0.99984 0.000610258 0.0 0.0 0.0 1.0
stairs/seq-06/color/frame-000016.color.png stairs/seq-06/color/frame-000019.color.png 0.999833 -0.0150287 0.0104046 0.00646215 0.0148001 0.999654 0.0217183 0.00864034 -0.0107274 -0.0215607 0.99971 -0.000961086 0.0 0.0 0.0 1.0
stairs/seq-06/color/frame-000017.color.png stairs/seq-06/color/frame-000020.color.png 0.99986 -0.0132213 0.0102966 0.00290352 0.0129779 0.999643 0.023357 0.00890923 -0.0106018 -0.02322 0.999674 0.00799404 0.0 0.0 0.0 1.0
stairs/seq-06/color/frame-000018.color.png stairs/seq-06/color/frame-000021.color.png 0.999876 -0.0101323 0.0120577 0.00224729 0.00985882 0.999698 0.0225251 0.00693778 -0.0122823 -0.0224034 0.999674 0.00990427 0.0 0.0 0.0 1.0
stairs/seq-06/color/frame-000019.color.png stairs/seq-06/color/frame-000022.color.png 0.999921 -0.00588164 0.0111171 0.000680972 0.00573808 0.9999 0.0129014 0.00542075 -0.0111919 -0.0128365 0.999855 0.0127503 0.0 0.0 0.0 1.0
stairs/seq-06/color/frame-000020.color.png stairs/seq-06/color/frame-000023.color.png 0.999891 -0.00696838 0.0130131 0.0010237 0.00679809 0.999891 0.0130856 0.011029 -0.0131029 -0.0129957 0.99983 0.00458478 0.0 0.0 0.0 1.0
stairs/seq-06/color/frame-000021.color.png stairs/seq-06/color/frame-000024.color.png 0.999905 -0.0034143 0.0133488 0.00195921 0.00317989 0.999841 0.0175423 0.00818669 -0.0134066 -0.0174982 0.999757 0.00508432 0.0 0.0 0.0 1.0
stairs/seq-06/color/frame-000022.color.png stairs/seq-06/color/frame-000025.color.png 0.999899 -0.00366713 0.0136985 0.00209481 0.00337968 0.999775 0.0209494 0.00877222 -0.0137722 -0.020901 0.999687 -0.00359632 0.0 0.0 0.0 1.0
stairs/seq-06/color/frame-000023.color.png stairs/seq-06/color/frame-000026.color.png 0.99978 -0.00606079 0.0200646 0.00077646 0.00544856 0.999522 0.0304275 0.00564377 -0.0202395 -0.0303115 0.999336 0.0100309 0.0 0.0 0.0 1.0
stairs/seq-06/color/frame-000024.color.png stairs/seq-06/color/frame-000027.color.png 0.999704 -0.00749194 0.0231284 -0.000791512 0.00681527 0.99955 0.0291984 0.00688578 -0.0233367 -0.0290321 0.999306 0.00825465 0.0 0.0 0.0 1.0
stairs/seq-06/color/frame-000025.color.png stairs/seq-06/color/frame-000028.color.png 0.999668 -0.0108414 0.0233817 0.000708537 0.0103072 0.999686 0.0228444 0.0140248 -0.023622 -0.0225958 0.999466 0.0107086 0.0 0.0 0.0 1.0
stairs/seq-06/color/frame-000026.color.png stairs/seq-06/color/frame-000029.color.png 0.999516 -0.014153 0.0277103 0.00150732 0.0136207 0.999721 0.0193057 0.00994307 -0.0279758 -0.0189189 0.999429 0.0200319 0.0 0.0 0.0 1.0
stairs/seq-06/color/frame-000027.color.png stairs/seq-06/color/frame-000030.color.png 0.999531 -0.00945225 0.0291373 0.00177462 0.00899437 0.999835 0.0158063 0.00705929 -0.0292819 -0.0155367 0.999451 0.0252099 0.0 0.0 0.0 1.0
stairs/seq-06/color/frame-000028.color.png stairs/seq-06/color/frame-000031.color.png 0.999491 -0.00965286 0.0304058 0.00472172 0.00924182 0.999864 0.0136293 0.0114776 -0.0305332 -0.0133414 0.999445 0.0102451 0.0 0.0 0.0 1.0
stairs/seq-06/color/frame-000029.color.png stairs/seq-06/color/frame-000032.color.png 0.999376 -0.0150055 0.0319854 0.00418166 0.014741 0.999855 0.00848855 0.0129849 -0.0321082 -0.00801178 0.999452 0.00307264 0.0 0.0 0.0 1.0
stairs/seq-06/color/frame-000030.color.png stairs/seq-06/color/frame-000033.color.png 0.999305 -0.016265 0.0335272 0.00790205 0.0159233 0.999819 0.0104328 0.00838913 -0.0336909 -0.00989172 0.999383 0.00144394 0.0 0.0 0.0 1.0
stairs/seq-06/color/frame-000031.color.png stairs/seq-06/color/frame-000034.color.png 0.998535 -0.0197163 0.0503887 0.0049537 0.0192526 0.999768 0.00967113 0.018191 -0.0505676 -0.00868685 0.998683 0.0187369 0.0 0.0 0.0 1.0
stairs/seq-06/color/frame-000032.color.png stairs/seq-06/color/frame-000035.color.png 0.998979 -0.0117035 0.0436266 0.00841928 0.0114248 0.999913 0.006632 0.0113792 -0.0437004 -0.0061268 0.999026 0.0145738 0.0 0.0 0.0 1.0
stairs/seq-06/color/frame-000033.color.png stairs/seq-06/color/frame-000036.color.png 0.998228 -0.0243942 0.054283 0.00820375 0.023564 0.999596 0.0158823 0.015081 -0.0546486 -0.014575 0.998399 0.0132288 0.0 0.0 0.0 1.0
stairs/seq-06/color/frame-000034.color.png stairs/seq-06/color/frame-000037.color.png 0.998936 -0.0152541 0.0435102 0.00579216 0.0148814 0.99985 0.0088781 0.0152643 -0.0436391 -0.00822118 0.999013 0.00621741 0.0 0.0 0.0 1.0
stairs/seq-06/color/frame-000035.color.png stairs/seq-06/color/frame-000038.color.png 0.998962 -0.0246856 0.0382851 0.0156468 0.0243059 0.999651 0.0103506 0.0192884 -0.0385273 -0.00940925 0.999213 -0.0118213 0.0 0.0 0.0 1.0
stairs/seq-06/color/frame-000036.color.png stairs/seq-06/color/frame-000039.color.png 0.998781 -0.0225375 0.0439233 0.00765726 0.0216206 0.999541 0.0212391 0.0206077 -0.0443818 -0.0202636 0.998809 0.0115299 0.0 0.0 0.0 1.0
stairs/seq-06/color/frame-000037.color.png stairs/seq-06/color/frame-000040.color.png 0.999208 -0.0224944 0.0328124 0.0215091 0.0217375 0.999493 0.0232426 0.0140525 -0.0333186 -0.022511 0.999191 -0.00615674 0.0 0.0 0.0 1.0
stairs/seq-06/color/frame-000038.color.png stairs/seq-06/color/frame-000041.color.png 0.998562 -0.0272493 0.046165 0.0155542 0.025699 0.999097 0.0338488 0.0149908 -0.0470457 -0.0326138 0.99836 0.0178054 0.0 0.0 0.0 1.0
stairs/seq-06/color/frame-000039.color.png stairs/seq-06/color/frame-000042.color.png 0.999024 -0.0190797 0.0398304 0.00731803 0.0184455 0.999698 0.016228 0.0164889 -0.040128 -0.0154775 0.999075 0.0046402 0.0 0.0 0.0 1.0
stairs/seq-06/color/frame-000040.color.png stairs/seq-06/color/frame-000043.color.png 0.998576 -0.0277109 0.0455861 0.0149323 0.0265324 0.999303 0.0262587 0.0189993 -0.046282 -0.0250118 0.998615 0.0134521 0.0 0.0 0.0 1.0
stairs/seq-06/color/frame-000041.color.png stairs/seq-06/color/frame-000044.color.png 0.999011 -0.028099 0.0344497 0.00591542 0.0272355 0.999309 0.0252829 0.01175 -0.0351363 -0.0243197 0.999087 0.0166263 0.0 0.0 0.0 1.0
stairs/seq-06/color/frame-000042.color.png stairs/seq-06/color/frame-000045.color.png 0.999045 -0.0294439 0.0322781 0.0139313 0.0280852 0.998733 0.0417695 0.000685379 -0.0334671 -0.0408231 0.998606 -0.00756696 0.0 0.0 0.0 1.0
stairs/seq-06/color/frame-000043.color.png stairs/seq-06/color/frame-000046.color.png 0.998784 -0.0110016 0.0480515 -0.0319169 0.00959951 0.999524 0.0293139 0.0209961 -0.0483512 -0.028817 0.998415 0.0302413 0.0 0.0 0.0 1.0
stairs/seq-06/color/frame-000044.color.png stairs/seq-06/color/frame-000047.color.png 0.999158 -0.0287353 0.0292751 0.0123816 0.0282115 0.999437 0.0181495 0.0225319 -0.0297801 -0.0173083 0.999407 -0.00481497 0.0 0.0 0.0 1.0
stairs/seq-06/color/frame-000045.color.png stairs/seq-06/color/frame-000048.color.png 0.999293 -0.0221841 0.0303472 0.0127624 0.0213836 0.999421 0.0264504 -0.00564805 -0.0309164 -0.0257828 0.999189 0.0102307 0.0 0.0 0.0 1.0
stairs/seq-06/color/frame-000046.color.png stairs/seq-06/color/frame-000049.color.png 0.999606 -0.0266196 0.00889905 0.0497501 0.0265328 0.9996 0.00974321 0.0145794 -0.00915489 -0.00950326 0.999913 -0.0106838 0.0 0.0 0.0 1.0
stairs/seq-06/color/frame-000047.color.png stairs/seq-06/color/frame-000050.color.png 0.9992 -0.0164984 0.0364426 0.0120766 0.0154553 0.999468 0.0287218 -0.00188459 -0.036897 -0.0281356 0.998923 0.0110859 0.0 0.0 0.0 1.0
stairs/seq-06/color/frame-000048.color.png stairs/seq-06/color/frame-000051.color.png 0.999126 -0.00746135 0.0411168 -0.00610863 0.00657498 0.999744 0.0216506 -0.00331889 -0.0412677 -0.0213613 0.99892 0.00903398 0.0 0.0 0.0 1.0
stairs/seq-06/color/frame-000049.color.png stairs/seq-06/color/frame-000052.color.png 0.998987 -0.0177176 0.0413547 0.0132037 0.0168318 0.999623 0.0216715 -0.00487283 -0.0417232 -0.0209535 0.998909 0.00478601 0.0 0.0 0.0 1.0
stairs/seq-06/color/frame-000050.color.png stairs/seq-06/color/frame-000053.color.png 0.999135 -0.010266 0.0402852 0.00602103 0.00983028 0.999891 0.0109994 0.00441475 -0.0403938 -0.0105939 0.999128 0.0190089 0.0 0.0 0.0 1.0
stairs/seq-06/color/frame-000051.color.png stairs/seq-06/color/frame-000054.color.png 0.998818 -0.0120355 0.0470956 0.00385389 0.0117463 0.99991 0.00641056 0.0133411 -0.0471686 -0.00584982 0.99887 -0.00044769 0.0 0.0 0.0 1.0
stairs/seq-06/color/frame-000052.color.png stairs/seq-06/color/frame-000055.color.png 0.998433 -0.004095 0.0558032 -0.0218745 0.00382588 0.999981 0.00492799 0.0168505 -0.0558223 -0.00470678 0.99843 0.0262012 0.0 0.0 0.0 1.0
stairs/seq-06/color/frame-000053.color.png stairs/seq-06/color/frame-000056.color.png 0.99928 -0.0276483 0.0259824 0.0441864 0.0281931 0.999385 -0.0208376 0.0559504 -0.0253903 0.0215552 0.999445 -0.0216025 0.0 0.0 0.0 1.0
stairs/seq-06/color/frame-000054.color.png stairs/seq-06/color/frame-000057.color.png 0.999361 -0.01724 0.0313039 0.0198206 0.0171117 0.999844 0.00436258 0.00870869 -0.0313743 -0.00382412 0.9995 -0.00316373 0.0 0.0 0.0 1.0
stairs/seq-06/color/frame-000055.color.png stairs/seq-06/color/frame-000058.color.png 0.998594 -0.0345863 0.0401747 0.0174384 0.0340556 0.999324 0.0138222 -0.00689179 -0.0406256 -0.0124346 0.999097 -0.00653093 0.0 0.0 0.0 1.0
stairs/seq-06/color/frame-000056.color.png stairs/seq-06/color/frame-000059.color.png 0.998583 -0.0215383 0.0486681 0.000618622 0.0204619 0.999537 0.0225068 -0.0135325 -0.0491304 -0.0214791 0.998561 0.0022013 0.0 0.0 0.0 1.0
stairs/seq-06/color/frame-000057.color.png stairs/seq-06/color/frame-000060.color.png 0.99894 -0.0224689 0.0401803 0.0152669 0.0218129 0.999623 0.0166891 -0.00855328 -0.0405402 -0.015795 0.999053 -0.00970639 0.0 0.0 0.0 1.0
stairs/seq-06/color/frame-000058.color.png stairs/seq-06/color/frame-000061.color.png 0.998928 -0.0215786 0.0409419 0.01254 0.021239 0.999736 0.00871372 -0.00803356 -0.041119 -0.0078347 0.999124 -0.00486515 0.0 0.0 0.0 1.0
stairs/seq-06/color/frame-000059.color.png stairs/seq-06/color/frame-000062.color.png 0.999638 -0.00773976 0.0257697 0.0403922 0.00758145 0.999952 0.00623604 0.0116129 -0.0258168 -0.0060384 0.999649 -0.0147774 0.0 0.0 0.0 1.0
stairs/seq-06/color/frame-000060.color.png stairs/seq-06/color/frame-000063.color.png 0.999808 -0.000571121 0.0195878 0.0546764 0.000437565 0.999977 0.00682333 0.0129303 -0.0195912 -0.00681353 0.999785 -0.0158305 0.0 0.0 0.0 1.0
stairs/seq-06/color/frame-000061.color.png stairs/seq-06/color/frame-000064.color.png 0.999646 0.00447148 0.0262258 0.0235517 -0.00477789 0.999921 0.0116281 -0.00222635 -0.0261718 -0.0117494 0.999588 -0.0175227 0.0 0.0 0.0 1.0
stairs/seq-06/color/frame-000062.color.png stairs/seq-06/color/frame-000065.color.png 0.999783 -0.017679 0.011055 0.0452341 0.0176533 0.999841 0.0024154 -0.00651717 -0.011096 -0.00221972 0.999936 -0.019126 0.0 0.0 0.0 1.0
stairs/seq-06/color/frame-000063.color.png stairs/seq-06/color/frame-000066.color.png 0.999246 -0.0115434 0.0370659 0.00853543 0.0117158 0.999922 -0.00443537 -0.00976643 -0.0370118 0.0048664 0.999303 -0.00974204 0.0 0.0 0.0 1.0
stairs/seq-06/color/frame-000064.color.png stairs/seq-06/color/frame-000067.color.png 0.999812 -0.0173884 0.00857897 0.0524128 0.0175563 0.999648 -0.0199005 0.0150157 -0.00822989 0.0200474 0.999765 -0.0345508 0.0 0.0 0.0 1.0
stairs/seq-06/color/frame-000065.color.png stairs/seq-06/color/frame-000068.color.png 0.999507 -0.0110491 0.0293919 0.0187016 0.0112515 0.999914 -0.0067305 -0.0182238 -0.029315 0.00705787 0.999545 -0.00573065 0.0 0.0 0.0 1.0
stairs/seq-06/color/frame-000066.color.png stairs/seq-06/color/frame-000069.color.png 0.999631 0.00395504 0.0268931 0.00480211 -0.00356639 0.999889 -0.0144817 -0.00262532 -0.0269474 0.0143804 0.999533 -0.0107128 0.0 0.0 0.0 1.0
stairs/seq-06/color/frame-000067.color.png stairs/seq-06/color/frame-000070.color.png 0.999458 0.00441223 0.0326204 0.0184605 -0.00362766 0.999704 -0.0240706 -0.0136737 -0.0327169 0.0239393 0.999178 -0.0150181 0.0 0.0 0.0 1.0
stairs/seq-06/color/frame-000068.color.png stairs/seq-06/color/frame-000071.color.png 0.99891 0.0143853 0.0444154 0.0041126 -0.013843 0.999826 -0.0124935 -0.023033 -0.0445874 0.011865 0.998935 -0.0137485 0.0 0.0 0.0 1.0
stairs/seq-06/color/frame-000069.color.png stairs/seq-06/color/frame-000072.color.png 0.999428 0.0186776 0.0281844 0.0195518 -0.0182105 0.999694 -0.0167392 -0.0171498 -0.0284883 0.0162164 0.999463 -0.0139965 0.0 0.0 0.0 1.0
stairs/seq-06/color/frame-000070.color.png stairs/seq-06/color/frame-000073.color.png 0.999456 0.00937333 0.0316067 -0.00231801 -0.0092442 0.999948 -0.00423027 -0.0267663 -0.0316447 0.00393585 0.999491 -0.0100014 0.0 0.0 0.0 1.0
stairs/seq-06/color/frame-000071.color.png stairs/seq-06/color/frame-000074.color.png 0.99991 -0.00599816 0.0119929 0.0202432 0.00610498 0.999942 -0.00889319 -0.0365698 -0.0119388 0.00896564 0.999889 -0.00913205 0.0 0.0 0.0 1.0
stairs/seq-06/color/frame-000072.color.png stairs/seq-06/color/frame-000075.color.png 0.999987 -0.000322349 0.00508629 0.0231648 0.000378127 0.99994 -0.0109764 -0.030304 -0.0050825 0.0109781 0.999927 -0.00327061 0.0 0.0 0.0 1.0
stairs/seq-06/color/frame-000073.color.png stairs/seq-06/color/frame-000076.color.png 0.999886 0.0147453 0.00311704 0.0199813 -0.0146818 0.999702 -0.0195013 -0.0416751 -0.00340369 0.0194533 0.999805 -0.00197926 0.0 0.0 0.0 1.0
stairs/seq-06/color/frame-000074.color.png stairs/seq-06/color/frame-000077.color.png 0.999165 0.0402345 -0.00706437 0.0210212 -0.040444 0.998651 -0.0325744 -0.0180543 0.00574422 0.0328329 0.999444 -0.00561221 0.0 0.0 0.0 1.0
stairs/seq-06/color/frame-000075.color.png stairs/seq-06/color/frame-000078.color.png 0.998847 0.0474708 -0.00711055 0.0071809 -0.0476996 0.998195 -0.0365007 -0.0291197 0.00536504 0.0367978 0.999308 -0.00332943 0.0 0.0 0.0 1.0
stairs/seq-06/color/frame-000076.color.png stairs/seq-06/color/frame-000079.color.png 0.998043 0.060092 -0.0172753 0.00129035 -0.0609858 0.996512 -0.056968 -0.024077 0.0137918 0.0579101 0.998227 -0.00527313 0.0 0.0 0.0 1.0
stairs/seq-06/color/frame-000077.color.png stairs/seq-06/color/frame-000080.color.png 0.998158 0.057922 -0.0180312 -0.00909743 -0.0591227 0.995405 -0.0753172 -0.0250464 0.0135858 0.0762446 0.996997 -0.0106049 0.0 0.0 0.0 1.0
stairs/seq-06/color/frame-000078.color.png stairs/seq-06/color/frame-000081.color.png 0.99765 0.059824 -0.033402 -0.00136858 -0.0626199 0.99396 -0.0901183 -0.0287394 0.0278091 0.0919981 0.995371 0.00231848 0.0 0.0 0.0 1.0
stairs/seq-06/color/frame-000079.color.png stairs/seq-06/color/frame-000082.color.png 0.997582 0.0612555 -0.0328246 -0.00181851 -0.0639439 0.994038 -0.0883173 -0.0210378 0.0272189 0.0902027 0.995551 -0.00386215 0.0 0.0 0.0 1.0
stairs/seq-06/color/frame-000080.color.png stairs/seq-06/color/frame-000083.color.png 0.996745 0.0672318 -0.0444825 -0.00242138 -0.0718343 0.991156 -0.111577 0.0117911 0.0365876 0.114409 0.99276 -0.0228282 0.0 0.0 0.0 1.0
stairs/seq-06/color/frame-000081.color.png stairs/seq-06/color/frame-000084.color.png 0.996908 0.0632707 -0.0465947 -0.0210179 -0.0672962 0.993611 -0.0906049 -0.0171382 0.0405643 0.0934604 0.994796 -0.0196957 0.0 0.0 0.0 1.0
stairs/seq-06/color/frame-000082.color.png stairs/seq-06/color/frame-000085.color.png 0.997688 0.053166 -0.0423312 -0.0231165 -0.0560207 0.996016 -0.0693837 -0.0332606 0.0384737 0.0715947 0.996692 -0.0216373 0.0 0.0 0.0 1.0
stairs/seq-06/color/frame-000083.color.png stairs/seq-06/color/frame-000086.color.png 0.998261 0.0516052 -0.0284944 -0.0284278 -0.0530388 0.997233 -0.0520871 -0.0309371 0.0257276 0.0535078 0.998236 -0.0153714 0.0 0.0 0.0 1.0
stairs/seq-06/color/frame-000084.color.png stairs/seq-06/color/frame-000087.color.png 0.998234 0.0503325 -0.0315587 -0.00844987 -0.0520025 0.997156 -0.0545402 0.0210787 0.0287238 0.056085 0.998013 -0.0173556 0.0 0.0 0.0 1.0
stairs/seq-06/color/frame-000085.color.png stairs/seq-06/color/frame-000088.color.png 0.998549 0.0487949 -0.0227662 -0.0281221 -0.0496208 0.998074 -0.0372424 0.0060169 0.0209051 0.038318 0.999047 -0.0171558 0.0 0.0 0.0 1.0
stairs/seq-06/color/frame-000086.color.png stairs/seq-06/color/frame-000089.color.png 0.998902 0.0394474 -0.0252795 -0.00273755 -0.0401753 0.998773 -0.0289645 -0.00789234 0.0241059 0.0299483 0.999261 -0.0122547 0.0 0.0 0.0 1.0
stairs/seq-06/color/frame-000087.color.png stairs/seq-06/color/frame-000090.color.png 0.998403 0.0478277 -0.0300622 0.00464861 -0.0485771 0.998514 -0.0247127 0.00319668 0.0288356 0.0261335 0.999242 -0.00647978 0.0 0.0 0.0 1.0
stairs/seq-06/color/frame-000088.color.png stairs/seq-06/color/frame-000091.color.png 0.999058 0.0365976 -0.0233024 -0.00230432 -0.0369316 0.999219 -0.014068 -0.00823439 0.0227695 0.0149153 0.99963 -0.0113566 0.0 0.0 0.0 1.0
stairs/seq-06/color/frame-000089.color.png stairs/seq-06/color/frame-000092.color.png 0.999265 0.0358378 -0.0136204 -0.00387239 -0.0359014 0.999345 -0.00445873 0.00190076 0.0134516 0.00494446 0.999897 0.00265689 0.0 0.0 0.0 1.0
stairs/seq-06/color/frame-000090.color.png stairs/seq-06/color/frame-000093.color.png 0.999448 0.0252405 -0.0215812 0.0236642 -0.0252956 0.999677 -0.00228205 -0.00266334 0.0215166 0.00282671 0.999765 -0.0262746 0.0 0.0 0.0 1.0
stairs/seq-06/color/frame-000091.color.png stairs/seq-06/color/frame-000094.color.png 0.999688 0.0222898 -0.0112832 0.00385597 -0.0222769 0.999751 0.0012721 -0.00887261 0.0113087 -0.00102032 0.999935 -0.00781257 0.0 0.0 0.0 1.0
stairs/seq-06/color/frame-000092.color.png stairs/seq-06/color/frame-000095.color.png 0.999855 0.015624 -0.00674027 0.00482637 -0.0155965 0.99987 0.00410501 -0.0132912 0.00680351 -0.00399928 0.999969 -0.00384239 0.0 0.0 0.0 1.0
stairs/seq-06/color/frame-000093.color.png stairs/seq-06/color/frame-000096.color.png 0.999869 0.0139072 -0.00822687 -0.00084281 -0.0139029 0.999903 0.000583097 -0.00969645 0.00823423 -0.000468667 0.999966 0.0021289 0.0 0.0 0.0 1.0
stairs/seq-06/color/frame-000094.color.png stairs/seq-06/color/frame-000097.color.png 0.99996 0.00847369 -0.00296787 0.00417095 -0.00845667 0.999948 0.00570713 -0.0138747 0.00301611 -0.00568183 0.999979 0.0138443 0.0 0.0 0.0 1.0
stairs/seq-06/color/frame-000095.color.png stairs/seq-06/color/frame-000098.color.png 0.99987 0.0144567 -0.00709767 0.0106116 -0.0144732 0.999893 -0.00228251 -0.0134139 0.00706398 0.00238494 0.999972 -0.00712603 0.0 0.0 0.0 1.0
stairs/seq-06/color/frame-000096.color.png stairs/seq-06/color/frame-000099.color.png 0.999718 0.023764 -0.000105017 -0.000818163 -0.0237632 0.999706 0.00481455 -0.0142693 0.000219433 -0.0048107 0.999988 -0.00149646 0.0 0.0 0.0 1.0
stairs/seq-06/color/frame-000097.color.png stairs/seq-06/color/frame-000100.color.png 0.999718 0.0232826 -0.00476156 0.0132284 -0.0232834 0.999729 -0.000133302 -0.0326309 0.00475716 0.000244165 0.999989 -0.0332772 0.0 0.0 0.0 1.0
stairs/seq-06/color/frame-000098.color.png stairs/seq-06/color/frame-000101.color.png 0.999744 0.0221246 -0.00466353 0.00913122 -0.0221447 0.999746 -0.00429976 -0.0312789 0.0045671 0.00440194 0.99998 -0.013388 0.0 0.0 0.0 1.0
stairs/seq-06/color/frame-000099.color.png stairs/seq-06/color/frame-000102.color.png 0.999559 0.0292527 0.00517613 -0.00735274 -0.029138 0.999355 -0.0210003 -0.0133719 -0.00578702 0.0208402 0.999766 -0.00371741 0.0 0.0 0.0 1.0
stairs/seq-06/color/frame-000100.color.png stairs/seq-06/color/frame-000103.color.png 0.999613 0.0277894 -0.000916369 -0.00702839 -0.0278028 0.99938 -0.0215775 -0.0159109 0.00031613 0.0215946 0.999767 0.00369054 0.0 0.0 0.0 1.0
stairs/seq-06/color/frame-000101.color.png stairs/seq-06/color/frame-000104.color.png 0.999704 0.0230683 -0.0076888 -0.0031448 -0.0232291 0.999498 -0.0215285 -0.0111209 0.00718837 0.0217007 0.999739 -0.0109054 0.0 0.0 0.0 1.0
stairs/seq-06/color/frame-000102.color.png stairs/seq-06/color/frame-000105.color.png 0.999857 0.00612658 -0.0157503 -0.0207948 -0.00646235 0.999751 -0.0213574 -0.0140429 0.0156155 0.0214562 0.999648 0.00582914 0.0 0.0 0.0 1.0
stairs/seq-06/color/frame-000103.color.png stairs/seq-06/color/frame-000106.color.png 0.999174 0.00495752 -0.0403411 0.002492 -0.00553038 0.999885 -0.0141009 -0.00268117 0.0402666 0.0143123 0.999086 -0.012712 0.0 0.0 0.0 1.0
stairs/seq-06/color/frame-000104.color.png stairs/seq-06/color/frame-000107.color.png 0.999336 0.0042777 -0.0361703 -0.013982 -0.00447843 0.999975 -0.00547007 -0.00142015 0.0361459 0.00562845 0.999331 -0.00823069 0.0 0.0 0.0 1.0
stairs/seq-06/color/frame-000105.color.png stairs/seq-06/color/frame-000108.color.png 0.999172 -0.0015942 -0.0406605 -0.0185605 0.00158991 0.999999 -0.000137813 -0.00981514 0.0406607 7.30325e-05 0.999173 -0.00718446 0.0 0.0 0.0 1.0
stairs/seq-06/color/frame-000106.color.png stairs/seq-06/color/frame-000109.color.png 0.999469 0.0145528 -0.0291446 -0.0217224 -0.0144342 0.999887 0.00427604 -0.0172616 0.0292035 -0.00385308 0.999566 0.0134514 0.0 0.0 0.0 1.0
stairs/seq-06/color/frame-000107.color.png stairs/seq-06/color/frame-000110.color.png 0.999188 0.0127 -0.0382412 -0.01686 -0.0130633 0.999872 -0.00926568 -0.0210768 0.0381186 0.0097577 0.999226 -0.0160127 0.0 0.0 0.0 1.0
stairs/seq-06/color/frame-000108.color.png stairs/seq-06/color/frame-000111.color.png 0.998961 0.0207205 -0.040596 -0.00489992 -0.0206615 0.999785 0.00187372 -0.0287948 0.040626 -0.001033 0.999174 -0.0144457 0.0 0.0 0.0 1.0
stairs/seq-06/color/frame-000109.color.png stairs/seq-06/color/frame-000112.color.png 0.999446 0.019946 -0.0266597 -0.0206832 -0.0199749 0.9998 -0.00081527 -0.0215761 0.0266381 0.00134736 0.999644 0.0140411 0.0 0.0 0.0 1.0
stairs/seq-06/color/frame-000110.color.png stairs/seq-06/color/frame-000113.color.png 0.999233 0.01849 -0.0345298 -0.0127131 -0.0186487 0.999817 -0.00427835 -0.0175716 0.0344443 0.004919 0.999394 -0.0066232 0.0 0.0 0.0 1.0
stairs/seq-06/color/frame-000111.color.png stairs/seq-06/color/frame-000114.color.png 0.999052 0.0205849 -0.0383525 -0.0152155 -0.0209698 0.999733 -0.00966139 -0.0155709 0.0381434 0.0104565 0.999218 -0.00953761 0.0 0.0 0.0 1.0
stairs/seq-06/color/frame-000112.color.png stairs/seq-06/color/frame-000115.color.png 0.9981 0.028267 -0.054749 -0.00595097 -0.0281605 0.9996 0.00271701 -0.035629 0.0548039 -0.00117015 0.998496 -0.0311235 0.0 0.0 0.0 1.0
stairs/seq-06/color/frame-000113.color.png stairs/seq-06/color/frame-000116.color.png 0.999194 0.0295167 -0.0272129 -0.0325736 -0.029757 0.999521 -0.00846915 -0.00970788 0.0269499 0.00927207 0.999594 0.0181045 0.0 0.0 0.0 1.0
stairs/seq-06/color/frame-000114.color.png stairs/seq-06/color/frame-000117.color.png 0.998851 0.029201 -0.0380096 -0.00980403 -0.0292128 0.999573 0.000243116 -0.0166287 0.0380006 0.00086757 0.999277 0.00340015 0.0 0.0 0.0 1.0
stairs/seq-06/color/frame-000115.color.png stairs/seq-06/color/frame-000118.color.png 0.999037 0.0307591 -0.0312717 -0.026343 -0.0311039 0.99946 -0.0105997 0.00945549 0.0309289 0.0115622 0.999455 0.0148908 0.0 0.0 0.0 1.0
stairs/seq-06/color/frame-000116.color.png stairs/seq-06/color/frame-000119.color.png 0.998637 0.0300178 -0.0427029 -0.00700812 -0.0302225 0.999535 -0.00415611 -0.0105793 0.0425583 0.00544104 0.999079 -0.0095633 0.0 0.0 0.0 1.0
stairs/seq-06/color/frame-000117.color.png stairs/seq-06/color/frame-000120.color.png 0.998978 0.0311958 -0.0326956 -0.0162526 -0.0313807 0.999494 -0.00515689 -0.00144684 0.0325181 0.00617762 0.999452 -0.00168467 0.0 0.0 0.0 1.0
stairs/seq-06/color/frame-000118.color.png stairs/seq-06/color/frame-000121.color.png 0.998751 0.0263769 -0.0424293 0.00213081 -0.0265011 0.999646 -0.00236573 -0.00485225 0.0423519 0.00348723 0.999097 -0.00800171 0.0 0.0 0.0 1.0
stairs/seq-06/color/frame-000119.color.png stairs/seq-06/color/frame-000122.color.png 0.999311 0.0270523 -0.0253933 -0.0302287 -0.0271721 0.999621 -0.00438288 0.00236557 0.0252651 0.00506985 0.999668 0.0175594 0.0 0.0 0.0 1.0
stairs/seq-06/color/frame-000120.color.png stairs/seq-06/color/frame-000123.color.png 0.999269 0.0242063 -0.0295805 -0.0246999 -0.0241544 0.999706 0.00211234 -0.00888196 0.029623 -0.0013963 0.99956 0.00788643 0.0 0.0 0.0 1.0
stairs/seq-06/color/frame-000121.color.png stairs/seq-06/color/frame-000124.color.png 0.999312 0.0258938 -0.0265542 -0.0141268 -0.0259214 0.999664 -0.000693564 -0.00795229 0.0265273 0.00138141 0.999647 0.0161961 0.0 0.0 0.0 1.0
stairs/seq-06/color/frame-000122.color.png stairs/seq-06/color/frame-000125.color.png 0.99919 0.0267516 -0.0300694 -0.00518234 -0.0268995 0.999628 -0.00452564 -0.0102105 0.0299371 0.00533087 0.999537 -0.00932577 0.0 0.0 0.0 1.0
stairs/seq-06/color/frame-000123.color.png stairs/seq-06/color/frame-000126.color.png 0.999378 0.0279786 -0.0214585 -0.0120905 -0.0281212 0.999584 -0.00637065 -0.0148343 0.0212713 0.00697013 0.999749 0.0173919 0.0 0.0 0.0 1.0
stairs/seq-06/color/frame-000124.color.png stairs/seq-06/color/frame-000127.color.png 0.999554 0.0253918 -0.0157439 -0.0229271 -0.0256134 0.999573 -0.014036 -0.00256337 0.0153807 0.0144329 0.999777 0.0306349 0.0 0.0 0.0 1.0
stairs/seq-06/color/frame-000125.color.png stairs/seq-06/color/frame-000128.color.png 0.999173 0.0304691 -0.0269083 -0.0101975 -0.0308276 0.99944 -0.013009 -0.00445849 0.0264969 0.0138277 0.999553 0.00425324 0.0 0.0 0.0 1.0
stairs/seq-06/color/frame-000126.color.png stairs/seq-06/color/frame-000129.color.png 0.99955 0.0218117 -0.0205889 -0.0147364 -0.0219451 0.99974 -0.00627184 -0.00672375 0.0204468 0.00672084 0.999768 0.0198389 0.0 0.0 0.0 1.0
stairs/seq-06/color/frame-000127.color.png stairs/seq-06/color/frame-000130.color.png 0.999519 0.0210733 -0.0227417 -0.00550183 -0.0212262 0.999754 -0.0065025 -0.00700523 0.0225991 0.00698207 0.99972 0.00468917 0.0 0.0 0.0 1.0
stairs/seq-06/color/frame-000128.color.png stairs/seq-06/color/frame-000131.color.png 0.999802 0.0175382 -0.00935492 -0.0241939 -0.0176534 0.999768 -0.0123728 0.00294843 0.00913576 0.0125356 0.99988 0.0316322 0.0 0.0 0.0 1.0
stairs/seq-06/color/frame-000129.color.png stairs/seq-06/color/frame-000132.color.png 0.99969 0.0127625 -0.0213918 -0.0158358 -0.0129316 0.999886 -0.00778312 0.00802349 0.02129 0.00805732 0.999741 -0.00744443 0.0 0.0 0.0 1.0
stairs/seq-06/color/frame-000130.color.png stairs/seq-06/color/frame-000133.color.png 0.999656 0.00752823 -0.0251317 -0.00343309 -0.00757328 0.99997 -0.00169715 0.000134811 0.0251181 0.00188691 0.999683 -0.000595417 0.0 0.0 0.0 1.0
stairs/seq-06/color/frame-000131.color.png stairs/seq-06/color/frame-000134.color.png 0.999732 0.0155681 -0.0171393 -0.00618605 -0.0154616 0.99986 0.00633039 0.000383437 0.0172355 -0.00606372 0.999833 -0.00493061 0.0 0.0 0.0 1.0
stairs/seq-06/color/frame-000132.color.png stairs/seq-06/color/frame-000135.color.png 0.99986 0.010555 -0.0129529 -0.012799 -0.0104047 0.999878 0.0116144 -0.0110287 0.0130739 -0.011478 0.999849 0.024746 0.0 0.0 0.0 1.0
stairs/seq-06/color/frame-000133.color.png stairs/seq-06/color/frame-000136.color.png 0.999801 0.0179374 -0.008706 0.00190512 -0.0178247 0.999758 0.0128542 -0.00186874 0.00893446 -0.0126965 0.999879 0.011429 0.0 0.0 0.0 1.0
stairs/seq-06/color/frame-000134.color.png stairs/seq-06/color/frame-000137.color.png 0.999755 0.0105681 -0.0194707 -0.000334315 -0.0101372 0.999704 0.0221016 0.000193715 0.0196985 -0.0218988 0.999566 -0.0142803 0.0 0.0 0.0 1.0
stairs/seq-06/color/frame-000135.color.png stairs/seq-06/color/frame-000138.color.png 0.999866 0.00422767 -0.015789 -0.00067066 -0.00384153 0.999695 0.0244092 0.000410989 0.0158873 -0.0243453 0.999577 0.00372371 0.0 0.0 0.0 1.0
stairs/seq-06/color/frame-000136.color.png stairs/seq-06/color/frame-000139.color.png 0.999678 -0.000498049 -0.0253586 -0.00324977 0.00109267 0.999725 0.0234395 0.0108246 0.0253399 -0.0234597 0.999404 -0.019653 0.0 0.0 0.0 1.0
stairs/seq-06/color/frame-000137.color.png stairs/seq-06/color/frame-000140.color.png 0.999777 0.00288733 -0.0209098 -0.000218466 -0.00235924 0.999679 0.025237 -0.000785366 0.020976 -0.0251821 0.999463 -0.0131214 0.0 0.0 0.0 1.0
stairs/seq-06/color/frame-000138.color.png stairs/seq-06/color/frame-000141.color.png 0.999457 -0.0116162 -0.0308212 -0.00309049 0.0124519 0.999556 0.0270604 0.00558302 0.0304932 -0.0274295 0.999159 -0.00205234 0.0 0.0 0.0 1.0
stairs/seq-06/color/frame-000139.color.png stairs/seq-06/color/frame-000142.color.png 0.999798 -0.00938697 -0.0177862 -0.00926444 0.00986048 0.999594 0.0267261 0.00511442 0.0175281 -0.0268961 0.999485 0.0380922 0.0 0.0 0.0 1.0
stairs/seq-06/color/frame-000140.color.png stairs/seq-06/color/frame-000143.color.png 0.999568 -0.0182838 -0.0230211 -0.00599392 0.0187427 0.999627 0.0198793 0.0135283 0.0226491 -0.0203022 0.999537 0.0244145 0.0 0.0 0.0 1.0
stairs/seq-06/color/frame-000141.color.png stairs/seq-06/color/frame-000144.color.png 0.999899 -0.00775896 -0.011934 0.0012546 0.00789241 0.999906 0.0111751 0.00847071 0.0118462 -0.0112682 0.999866 0.0153002 0.0 0.0 0.0 1.0
stairs/seq-06/color/frame-000142.color.png stairs/seq-06/color/frame-000145.color.png 0.999833 -0.0100146 -0.0152665 0.00115524 0.0102628 0.999815 0.0162642 -0.00243789 0.0151008 -0.0164181 0.999751 -0.00143343 0.0 0.0 0.0 1.0
stairs/seq-06/color/frame-000143.color.png stairs/seq-06/color/frame-000146.color.png 0.999798 -0.00964019 -0.0176125 6.81728e-05 0.00983884 0.999888 0.0112273 0.00224604 0.0175023 -0.0113984 0.999782 -0.0165463 0.0 0.0 0.0 1.0
stairs/seq-06/color/frame-000144.color.png stairs/seq-06/color/frame-000147.color.png 0.999825 -0.0127438 -0.0137054 -0.000859648 0.0130146 0.999718 0.0198583 -0.00511399 0.0134485 -0.0200332 0.999709 0.00494376 0.0 0.0 0.0 1.0
stairs/seq-06/color/frame-000145.color.png stairs/seq-06/color/frame-000148.color.png 0.999907 -0.00989728 -0.00935677 -0.00501776 0.00999368 0.999897 0.0103112 0.0144398 0.00925376 -0.0104037 0.999903 0.00295596 0.0 0.0 0.0 1.0
stairs/seq-06/color/frame-000146.color.png stairs/seq-06/color/frame-000149.color.png 0.999916 -0.00933221 -0.00902945 -0.00280377 0.00943244 0.999894 0.0111217 0.00763111 0.0089247 -0.0112059 0.999897 0.00487782 0.0 0.0 0.0 1.0
stairs/seq-06/color/frame-000147.color.png stairs/seq-06/color/frame-000150.color.png 0.999985 -0.00463331 -0.00279526 -0.00312067 0.00467693 0.999864 0.0158042 0.00374041 0.00272166 -0.015817 0.999871 0.00354686 0.0 0.0 0.0 1.0
stairs/seq-06/color/frame-000148.color.png stairs/seq-06/color/frame-000151.color.png 0.999991 0.00207729 -0.00376709 -0.00330402 -0.00196833 0.999586 0.0287049 0.00703388 0.00382516 -0.0286972 0.999581 -0.00198739 0.0 0.0 0.0 1.0
stairs/seq-06/color/frame-000149.color.png stairs/seq-06/color/frame-000152.color.png 0.999997 0.00241206 -0.0010258 -0.0049117 -0.00238374 0.999639 0.0267712 0.00911234 0.00109 -0.0267687 0.999641 0.00465466 0.0 0.0 0.0 1.0
stairs/seq-06/color/frame-000150.color.png stairs/seq-06/color/frame-000153.color.png 0.999994 0.00197188 -0.00287873 0.000432316 -0.00189027 0.999604 0.0280868 0.00577746 0.00293297 -0.0280812 0.999601 -0.0124403 0.0 0.0 0.0 1.0
stairs/seq-06/color/frame-000151.color.png stairs/seq-06/color/frame-000154.color.png 0.999999 -0.00114864 0.00091749 -0.00189595 0.00113061 0.999811 0.0194226 0.00341167 -0.000939623 -0.0194215 0.999811 -0.0103727 0.0 0.0 0.0 1.0
stairs/seq-06/color/frame-000152.color.png stairs/seq-06/color/frame-000155.color.png 0.999993 -0.0015233 -0.00343009 0.00240786 0.00158997 0.999808 0.0195152 0.00903971 0.0033997 -0.0195205 0.999804 -0.0124289 0.0 0.0 0.0 1.0
stairs/seq-06/color/frame-000153.color.png stairs/seq-06/color/frame-000156.color.png 0.999983 0.00218461 0.0053392 -0.00416149 -0.00235192 0.9995 0.031533 0.00632836 -0.00526763 -0.031545 0.999488 -0.00277727 0.0 0.0 0.0 1.0
stairs/seq-06/color/frame-000154.color.png stairs/seq-06/color/frame-000157.color.png 0.999895 0.0059591 0.0132278 -0.00350211 -0.00630869 0.999628 0.0265486 0.0112783 -0.0130647 -0.0266292 0.99956 0.0187306 0.0 0.0 0.0 1.0
stairs/seq-06/color/frame-000155.color.png stairs/seq-06/color/frame-000158.color.png 0.999836 0.00613344 0.0170299 -0.00099393 -0.00653846 0.999695 0.0238297 0.0123097 -0.0168786 -0.0239372 0.999571 0.00474668 0.0 0.0 0.0 1.0
stairs/seq-06/color/frame-000156.color.png stairs/seq-06/color/frame-000159.color.png 0.999845 0.000541863 0.0176116 -0.00213443 -0.00071237 0.999953 0.00967765 0.0118658 -0.0176056 -0.00968869 0.999798 0.00211161 0.0 0.0 0.0 1.0
stairs/seq-06/color/frame-000157.color.png stairs/seq-06/color/frame-000160.color.png 0.999844 -0.0053694 0.016842 -0.0013575 0.00528058 0.999972 0.00531315 0.0154344 -0.0168701 -0.00522339 0.999844 0.00123321 0.0 0.0 0.0 1.0
stairs/seq-06/color/frame-000158.color.png stairs/seq-06/color/frame-000161.color.png 0.998857 0.0203995 0.043225 -0.0371761 -0.0216333 0.999366 0.0282724 -0.0120437 -0.0426209 -0.0291752 0.998665 0.0557142 0.0 0.0 0.0 1.0
stairs/seq-06/color/frame-000159.color.png stairs/seq-06/color/frame-000162.color.png 0.999559 0.00226988 0.029594 -0.00414454 -0.0024119 0.999986 0.00476299 0.011771 -0.0295827 -0.00483227 0.999551 0.0170941 0.0 0.0 0.0 1.0
stairs/seq-06/color/frame-000160.color.png stairs/seq-06/color/frame-000163.color.png 0.999356 0.00999066 0.034461 -0.00794638 -0.0103267 0.999901 0.00958642 0.00670516 -0.0343617 -0.00993611 0.99936 0.0170563 0.0 0.0 0.0 1.0
stairs/seq-06/color/frame-000161.color.png stairs/seq-06/color/frame-000164.color.png 0.999375 0.00271406 0.0352386 0.00146462 -0.00329936 0.999857 0.0165618 0.010035 -0.0351886 -0.0166678 0.999242 0.00894806 0.0 0.0 0.0 1.0
stairs/seq-06/color/frame-000162.color.png stairs/seq-06/color/frame-000165.color.png 0.999397 0.00347229 0.0345578 -0.0014278 -0.00408406 0.999836 0.0176481 0.0101791 -0.0344908 -0.0177786 0.999247 0.0195488 0.0 0.0 0.0 1.0
stairs/seq-06/color/frame-000163.color.png stairs/seq-06/color/frame-000166.color.png 0.99935 -0.00784971 0.0351766 -0.00313221 0.00747153 0.999913 0.0108691 0.0185192 -0.0352589 -0.0105992 0.999322 0.0297452 0.0 0.0 0.0 1.0
stairs/seq-06/color/frame-000164.color.png stairs/seq-06/color/frame-000167.color.png 0.999437 -0.00521069 0.033151 -0.00817719 0.00455231 0.999792 0.0199049 -0.0079591 -0.0332478 -0.0197428 0.999252 0.0269568 0.0 0.0 0.0 1.0
stairs/seq-06/color/frame-000165.color.png stairs/seq-06/color/frame-000168.color.png 0.999069 -0.00472039 0.0428763 -0.0127747 0.00394743 0.999829 0.0180947 -0.00355484 -0.0429543 -0.0179086 0.998917 0.0143542 0.0 0.0 0.0 1.0
stairs/seq-06/color/frame-000166.color.png stairs/seq-06/color/frame-000169.color.png 0.999003 -0.00320123 0.0445372 -0.00200785 0.00263819 0.999916 0.0126948 -0.00169022 -0.0445741 -0.0125647 0.998927 0.0101462 0.0 0.0 0.0 1.0
stairs/seq-06/color/frame-000167.color.png stairs/seq-06/color/frame-000170.color.png 0.999066 -0.000535868 0.0432024 0.00188082 2.64493e-05 0.99993 0.0117912 0.000872359 -0.0432057 -0.0117791 0.998997 0.00337759 0.0 0.0 0.0 1.0
stairs/seq-06/color/frame-000168.color.png stairs/seq-06/color/frame-000171.color.png 0.999051 -0.0228223 0.0370904 0.00255827 0.022828 0.999739 0.000271221 0.00773704 -0.0370869 0.000575729 0.999312 0.0144956 0.0 0.0 0.0 1.0
stairs/seq-06/color/frame-000169.color.png stairs/seq-06/color/frame-000172.color.png 0.999348 -0.0321443 0.0164382 0.0105563 0.0321491 0.999483 -2.9868e-05 -0.000636488 -0.0164287 0.000558322 0.999865 -0.00338463 0.0 0.0 0.0 1.0
stairs/seq-06/color/frame-000170.color.png stairs/seq-06/color/frame-000173.color.png 0.998766 -0.0493186 0.00579807 0.00789874 0.0493973 0.998677 -0.0143214 0.0128149 -0.00508412 0.0145902 0.99988 -0.00379501 0.0 0.0 0.0 1.0
stairs/seq-06/color/frame-000171.color.png stairs/seq-06/color/frame-000174.color.png 0.998736 -0.0434051 -0.0253566 0.0197576 0.0426774 0.99868 -0.0285674 0.0276938 0.0265631 0.0274491 0.99927 0.00807139 0.0 0.0 0.0 1.0
stairs/seq-06/color/frame-000172.color.png stairs/seq-06/color/frame-000175.color.png 0.998574 -0.044258 -0.0298657 -0.00122978 0.0434325 0.998671 -0.0277459 0.01762 0.031054 0.0264092 0.999169 0.0172897 0.0 0.0 0.0 1.0
stairs/seq-06/color/frame-000173.color.png stairs/seq-06/color/frame-000176.color.png 0.99681 -0.0433747 -0.0670012 0.00770354 0.040713 0.998346 -0.0405934 0.0146049 0.0686511 0.0377361 0.996927 0.0100787 0.0 0.0 0.0 1.0
stairs/seq-06/color/frame-000174.color.png stairs/seq-06/color/frame-000177.color.png 0.997269 -0.0151772 -0.0722772 0.0234503 0.0139945 0.99976 -0.016842 0.000381202 0.0725155 0.0157846 0.997242 0.00233966 0.0 0.0 0.0 1.0
stairs/seq-06/color/frame-000175.color.png stairs/seq-06/color/frame-000178.color.png 0.996638 -0.0204917 -0.0793334 0.0370248 0.018749 0.999568 -0.0226507 0.0122661 0.0797633 0.0210871 0.996591 0.00727688 0.0 0.0 0.0 1.0
stairs/seq-06/color/frame-000176.color.png stairs/seq-06/color/frame-000179.color.png 0.997555 0.00476462 -0.0697291 0.0466844 -0.00438037 0.999974 0.00566244 -0.0213661 0.0697543 -0.00534314 0.99755 -0.00818758 0.0 0.0 0.0 1.0
