stairs/seq-06/color/frame-000000.color.png stairs/seq-06/color/frame-000003.color.png 0.999975 -0.0040508 0.0057957 -0.000511874 0.0038875 0.999603 0.0279162 0.00530695 -0.00590648 -0.027893 0.999594 0.0106181 0.0 0.0 0.0 1.0
stairs/seq-06/color/frame-000003.color.png stairs/seq-06/color/frame-000006.color.png 0.999966 -0.00519684 0.00642173 -0.000259054 0.00514086 0.999949 0.00870362 0.00486842 -0.00646663 -0.00867032 0.999941 0.00391126 0.0 0.0 0.0 1.0
stairs/seq-06/color/frame-000006.color.png stairs/seq-06/color/frame-000009.color.png 0.999971 -0.00161093 0.00737908 0.000172989 0.0015573 0.999972 0.00726737 -0.00243689 -0.00739059 -0.00725567 0.999946 0.00366847 0.0 0.0 0.0 1.0
stairs/seq-06/color/frame-000009.color.png stairs/seq-06/color/frame-000012.color.png 0.999894 -0.00478313 0.0137297 0.00291016 0.00463612 0.999932 0.0107195 0.00553958 -0.01378 -0.0106547 0.999848 0.000485325 0.0 0.0 0.0 1.0
stairs/seq-06/color/frame-000012.color.png stairs/seq-06/color/frame-000015.color.png 0.999786 -0.00931764 0.0184728 0.00399048 0.00910727 0.999893 0.0114398 0.00318251 -0.0185774 -0.0112691 0.999764 0.00384205 0.0 0.0 0.0 1.0
stairs/seq-06/color/frame-000015.color.png stairs/seq-06/color/frame-000018.color.png 0.999877 -0.0088473 0.0129198 0.0026419 0.00868778 0.999886 0.0123516 0.010343 -0.0130276 -0.0122379 0.99984 0.000610258 0.0 0.0 0.0 1.0
stairs/seq-06/color/frame-000018.color.png stairs/seq-06/color/frame-000021.color.png 0.999876 -0.0101323 0.0120577 0.00224729 0.00985882 0.999698 0.0225251 0.00693778 -0.0122823 -0.0224034 0.999674 0.00990427 0.0 0.0 0.0 1.0
stairs/seq-06/color/frame-000021.color.png stairs/seq-06/color/frame-000024.color.png 0.999905 -0.0034143 0.0133488 0.00195921 0.00317989 0.999841 0.0175423 0.00818669 -0.0134066 -0.0174982 0.999757 0.00508432 0.0 0.0 0.0 1.0
stairs/seq-06/color/frame-000024.color.png stairs/seq-06/color/frame-000027.color.png 0.999704 -0.00749194 0.0231284 -0.000791512 0.00681527 0.99955 0.0291984 0.00688578 -0.0233367 -0.0290321 0.999306 0.00825465 0.0 0.0 0.0 1.0
stairs/seq-06/color/frame-000027.color.png stairs/seq-06/color/frame-000030.color.png 0.999531 -0.00945225 0.0291373 0.00177462 0.00899437 0.999835 0.0158063 0.00705929 -0.0292819 -0.0155367 0.999451 0.0252099 0.0 0.0 0.0 1.0
stairs/seq-06/color/frame-000030.color.png stairs/seq-06/color/frame-000033.color.png 0.999305 -0.016265 0.0335272 0.00790205 0.0159233 0.999819 0.0104328 0.00838913 -0.0336909 -0.00989172 0.999383 0.00144394 0.0 0.0 0.0 1.0
stairs/seq-06/color/frame-000033.color.png stairs/seq-06/color/frame-000036.color.png 0.998228 -0.0243942 0.054283 0.00820375 0.023564 0.999596 0.0158823 0.015081 -0.0546486 -0.014575 0.998399 0.0132288 0.0 0.0 0.0 1.0
stairs/seq-06/color/frame-000036.color.png stairs/seq-06/color/frame-000039.color.png 0.998781 -0.0225375 0.0439233 0.00765726 0.0216206 0.999541 0.0212391 0.0206077 -0.0443818 -0.0202636 0.998809 0.0115299 0.0 0.0 0.0 1.0
stairs/seq-06/color/frame-000039.color.png stairs/seq-06/color/frame-000042.color.png 0.999024 -0.0190797 0.0398304 0.00731803 0.0184455 0.999698 0.016228 0.0164889 -0.040128 -0.0154775 0.999075 0.0046402 0.0 0.0 0.0 1.0
stairs/seq-06/color/frame-000042.color.png stairs/seq-06/color/frame-000045.color.png 0.999045 -0.0294439 0.0322781 0.0139313 0.0280852 0.998733 0.0417695 0.000685379 -0.0334671 -0.0408231 0.998606 -0.00756696 0.0 0.0 0.0 1.0
stairs/seq-06/color/frame-000045.color.png stairs/seq-06/color/frame-000048.color.png 0.999293 -0.0221841 0.0303472 0.0127624 0.0213836 0.999421 0.0264504 -0.00564805 -0.0309164 -0.0257828 0.999189 0.0102307 0.0 0.0 0.0 1.0
stairs/seq-06/color/frame-000048.color.png stairs/seq-06/color/frame-000051.color.png 0.999126 -0.00746135 0.0411168 -0.00610863 0.00657498 0.999744 0.0216506 -0.00331889 -0.0412677 -0.0213613 0.99892 0.00903398 0.0 0.0 0.0 1.0
stairs/seq-06/color/frame-000051.color.png stairs/seq-06/color/frame-000054.color.png 0.998818 -0.0120355 0.0470956 0.00385389 0.0117463 0.99991 0.00641056 0.0133411 -0.0471686 -0.00584982 0.99887 -0.00044769 0.0 0.0 0.0 1.0
stairs/seq-06/color/frame-000054.color.png stairs/seq-06/color/frame-000057.color.png 0.999361 -0.01724 0.0313039 0.0198206 0.0171117 0.999844 0.00436258 0.00870869 -0.0313743 -0.00382412 0.9995 -0.00316373 0.0 0.0 0.0 1.0
stairs/seq-06/color/frame-000057.color.png stairs/seq-06/color/frame-000060.color.png 0.99894 -0.0224689 0.0401803 0.0152669 0.0218129 0.999623 0.0166891 -0.00855328 -0.0405402 -0.015795 0.999053 -0.00970639 0.0 0.0 0.0 1.0
stairs/seq-06/color/frame-000060.color.png stairs/seq-06/color/frame-000063.color.png 0.999808 -0.000571121 0.0195878 0.0546764 0.000437565 0.999977 0.00682333 0.0129303 -0.0195912 -0.00681353 0.999785 -0.0158305 0.0 0.0 0.0 1.0
stairs/seq-06/color/frame-000063.color.png stairs/seq-06/color/frame-000066.color.png 0.999246 -0.0115434 0.0370659 0.00853543 0.0117158 0.999922 -0.00443537 -0.00976643 -0.0370118 0.0048664 0.999303 -0.00974204 0.0 0.0 0.0 1.0
stairs/seq-06/color/frame-000066.color.png stairs/seq-06/color/frame-000069.color.png 0.999631 0.00395504 0.0268931 0.00480211 -0.00356639 0.999889 -0.0144817 -0.00262532 -0.0269474 0.0143804 0.999533 -0.0107128 0.0 0.0 0.0 1.0
stairs/seq-06/color/frame-000069.color.png stairs/seq-06/color/frame-000072.color.png 0.999428 0.0186776 0.0281844 0.0195518 -0.0182105 0.999694 -0.0167392 -0.0171498 -0.0284883 0.0162164 0.999463 -0.0139965 0.0 0.0 0.0 1.0
stairs/seq-06/color/frame-000072.color.png stairs/seq-06/color/frame-000075.color.png 0.999987 -0.000322349 0.00508629 0.0231648 0.000378127 0.99994 -0.0109764 -0.030304 -0.0050825 0.0109781 0.999927 -0.00327061 0.0 0.0 0.0 1.0
stairs/seq-06/color/frame-000075.color.png stairs/seq-06/color/frame-000078.color.png 0.998847 0.0474708 -0.00711055 0.0071809 -0.0476996 0.998195 -0.0365007 -0.0291197 0.00536504 0.0367978 0.999308 -0.00332943 0.0 0.0 0.0 1.0
stairs/seq-06/color/frame-000078.color.png stairs/seq-06/color/frame-000081.color.png 0.99765 0.059824 -0.033402 -0.00136858 -0.0626199 0.99396 -0.0901183 -0.0287394 0.0278091 0.0919981 0.995371 0.00231848 0.0 0.0 0.0 1.0
stairs/seq-06/color/frame-000081.color.png stairs/seq-06/color/frame-000084.color.png 0.996908 0.0632707 -0.0465947 -0.0210179 -0.0672962 0.993611 -0.0906049 -0.0171382 0.0405643 0.0934604 0.994796 -0.0196957 0.0 0.0 0.0 1.0
stairs/seq-06/color/frame-000084.color.png stairs/seq-06/color/frame-000087.color.png 0.998234 0.0503325 -0.0315587 -0.00844987 -0.0520025 0.997156 -0.0545402 0.0210787 0.0287238 0.056085 0.998013 -0.0173556 0.0 0.0 0.0 1.0
stairs/seq-06/color/frame-000087.color.png stairs/seq-06/color/frame-000090.color.png 0.998403 0.0478277 -0.0300622 0.00464861 -0.0485771 0.998514 -0.0247127 0.00319668 0.0288356 0.0261335 0.999242 -0.00647978 0.0 0.0 0.0 1.0
stairs/seq-06/color/frame-000090.color.png stairs/seq-06/color/frame-000093.color.png 0.999448 0.0252405 -0.0215812 0.0236642 -0.0252956 0.999677 -0.00228205 -0.00266334 0.0215166 0.00282671 0.999765 -0.0262746 0.0 0.0 0.0 1.0
stairs/seq-06/color/frame-000093.color.png stairs/seq-06/color/frame-000096.color.png 0.999869 0.0139072 -0.00822687 -0.00084281 -0.0139029 0.999903 0.000583097 -0.00969645 0.00823423 -0.000468667 0.999966 0.0021289 0.0 0.0 0.0 1.0
stairs/seq-06/color/frame-000096.color.png stairs/seq-06/color/frame-000099.color.png 0.999718 0.023764 -0.000105017 -0.000818163 -0.0237632 0.999706 0.00481455 -0.0142693 0.000219433 -0.0048107 0.999988 -0.00149646 0.0 0.0 0.0 1.0
stairs/seq-06/color/frame-000099.color.png stairs/seq-06/color/frame-000102.color.png 0.999559 0.0292527 0.00517613 -0.00735274 -0.029138 0.999355 -0.0210003 -0.0133719 -0.00578702 0.0208402 0.999766 -0.00371741 0.0 0.0 0.0 1.0
stairs/seq-06/color/frame-000102.color.png stairs/seq-06/color/frame-000105.color.png 0.999857 0.00612658 -0.0157503 -0.0207948 -0.00646235 0.999751 -0.0213574 -0.0140429 0.0156155 0.0214562 0.999648 0.00582914 0.0 0.0 0.0 1.0
stairs/seq-06/color/frame-000105.color.png stairs/seq-06/color/frame-000108.color.png 0.999172 -0.0015942 -0.0406605 -0.0185605 0.00158991 0.999999 -0.000137813 -0.00981514 0.0406607 7.30325e-05 0.999173 -0.00718446 0.0 0.0 0.0 1.0
stairs/seq-06/color/frame-000108.color.png stairs/seq-06/color/frame-000111.color.png 0.998961 0.0207205 -0.040596 -0.00489992 -0.0206615 0.999785 0.00187372 -0.0287948 0.040626 -0.001033 0.999174 -0.0144457 0.0 0.0 0.0 1.0
stairs/seq-06/color/frame-000111.color.png stairs/seq-06/color/frame-000114.color.png 0.999052 0.0205849 -0.0383525 -0.0152155 -0.0209698 0.999733 -0.00966139 -0.0155709 0.0381434 0.0104565 0.999218 -0.00953761 0.0 0.0 0.0 1.0
stairs/seq-06/color/frame-000114.color.png stairs/seq-06/color/frame-000117.color.png 0.998851 0.029201 -0.0380096 -0.00980403 -0.0292128 0.999573 0.000243116 -0.0166287 0.0380006 0.00086757 0.999277 0.00340015 0.0 0.0 0.0 1.0
stairs/seq-06/color/frame-000117.color.png stairs/seq-06/color/frame-000120.color.png 0.998978 0.0311958 -0.0326956 -0.0162526 -0.0313807 0.999494 -0.00515689 -0.00144684 0.0325181 0.00617762 0.999452 -0.00168467 0.0 0.0 0.0 1.0
stairs/seq-06/color/frame-000120.color.png stairs/seq-06/color/frame-000123.color.png 0.999269 0.0242063 -0.0295805 -0.0246999 -0.0241544 0.999706 0.00211234 -0.00888196 0.029623 -0.0013963 0.99956 0.00788643 0.0 0.0 0.0 1.0
stairs/seq-06/color/frame-000123.color.png stairs/seq-06/color/frame-000126.color.png 0.999378 0.0279786 -0.0214585 -0.0120905 -0.0281212 0.999584 -0.00637065 -0.0148343 0.0212713 0.00697013 0.999749 0.0173919 0.0 0.0 0.0 1.0
stairs/seq-06/color/frame-000126.color.png stairs/seq-06/color/frame-000129.color.png 0.99955 0.0218117 -0.0205889 -0.0147364 -0.0219451 0.99974 -0.00627184 -0.00672375 0.0204468 0.00672084 0.999768 0.0198389 0.0 0.0 0.0 1.0
stairs/seq-06/color/frame-000129.color.png stairs/seq-06/color/frame-000132.color.png 0.99969 0.0127625 -0.0213918 -0.0158358 -0.0129316 0.999886 -0.00778312 0.00802349 0.02129 0.00805732 0.999741 -0.00744443 0.0 0.0 0.0 1.0
stairs/seq-06/color/frame-000132.color.png stairs/seq-06/color/frame-000135.color.png 0.99986 0.010555 -0.0129529 -0.012799 -0.0104047 0.999878 0.0116144 -0.0110287 0.0130739 -0.011478 0.999849 0.024746 0.0 0.0 0.0 1.0
stairs/seq-06/color/frame-000135.color.png stairs/seq-06/color/frame-000138.color.png 0.999866 0.00422767 -0.015789 -0.00067066 -0.00384153 0.999695 0.0244092 0.000410989 0.0158873 -0.0243453 0.999577 0.00372371 0.0 0.0 0.0 1.0
stairs/seq-06/color/frame-000138.color.png stairs/seq-06/color/frame-000141.color.png 0.999457 -0.0116162 -0.0308212 -0.00309049 0.0124519 0.999556 0.0270604 0.00558302 0.0304932 -0.0274295 0.999159 -0.00205234 0.0 0.0 0.0 1.0
stairs/seq-06/color/frame-000141.color.png stairs/seq-06/color/frame-000144.color.png 0.999899 -0.00775896 -0.011934 0.0012546 0.00789241 0.999906 0.0111751 0.00847071 0.0118462 -0.0112682 0.999866 0.0153002 0.0 0.0 0.0 1.0
stairs/seq-06/color/frame-000144.color.png stairs/seq-06/color/frame-000147.color.png 0.999825 -0.0127438 -0.0137054 -0.000859648 0.0130146 0.999718 0.0198583 -0.00511399 0.0134485 -0.0200332 0.999709 0.00494376 0.0 0.0 0.0 1.0
stairs/seq-06/color/frame-000147.color.png stairs/seq-06/color/frame-000150.color.png 0.999985 -0.00463331 -0.00279526 -0.00312067 0.00467693 0.999864 0.0158042 0.00374041 0.00272166 -0.015817 0.999871 0.00354686 0.0 0.0 0.0 1.0
stairs/seq-06/color/frame-000150.color.png stairs/seq-06/color/frame-000153.color.png 0.999994 0.00197188 -0.00287873 0.000432316 -0.00189027 0.999604 0.0280868 0.00577746 0.00293297 -0.0280812 0.999601 -0.0124403 0.0 0.0 0.0 1.0
stairs/seq-06/color/frame-000153.color.png stairs/seq-06/color/frame-000156.color.png 0.999983 0.00218461 0.0053392 -0.00416149 -0.00235192 0.9995 0.031533 0.00632836 -0.00526763 -0.031545 0.999488 -0.00277727 0.0 0.0 0.0 1.0
stairs/seq-06/color/frame-000156.color.png stairs/seq-06/color/frame-000159.color.png 0.999845 0.000541863 0.0176116 -0.00213443 -0.00071237 0.999953 0.00967765 0.0118658 -0.0176056 -0.00968869 0.999798 0.00211161 0.0 0.0 0.0 1.0
stairs/seq-06/color/frame-000159.color.png stairs/seq-06/color/frame-000162.color.png 0.999559 0.00226988 0.029594 -0.00414454 -0.0024119 0.999986 0.00476299 0.011771 -0.0295827 -0.00483227 0.999551 0.0170941 0.0 0.0 0.0 1.0
stairs/seq-06/color/frame-000162.color.png stairs/seq-06/color/frame-000165.color.png 0.999397 0.00347229 0.0345578 -0.0014278 -0.00408406 0.999836 0.0176481 0.0101791 -0.0344908 -0.0177786 0.999247 0.0195488 0.0 0.0 0.0 1.0
stairs/seq-06/color/frame-000165.color.png stairs/seq-06/color/frame-000168.color.png 0.999069 -0.00472039 0.0428763 -0.0127747 0.00394743 0.999829 0.0180947 -0.00355484 -0.0429543 -0.0179086 0.998917 0.0143542 0.0 0.0 0.0 1.0
stairs/seq-06/color/frame-000168.color.png stairs/seq-06/color/frame-000171.color.png 0.999051 -0.0228223 0.0370904 0.00255827 0.022828 0.999739 0.000271221 0.00773704 -0.0370869 0.000575729 0.999312 0.0144956 0.0 0.0 0.0 1.0
stairs/seq-06/color/frame-000171.color.png stairs/seq-06/color/frame-000174.color.png 0.998736 -0.0434051 -0.0253566 0.0197576 0.0426774 0.99868 -0.0285674 0.0276938 0.0265631 0.0274491 0.99927 0.00807139 0.0 0.0 0.0 1.0
stairs/seq-06/color/frame-000174.color.png stairs/seq-06/color/frame-000177.color.png 0.997269 -0.0151772 -0.0722772 0.0234503 0.0139945 0.99976 -0.016842 0.000381202 0.0725155 0.0157846 0.997242 0.00233966 0.0 0.0 0.0 1.0
stairs/seq-06/color/frame-000177.color.png stairs/seq-06/color/frame-000180.color.png 0.999463 0.00150982 -0.0327371 0.0160965 -0.00166662 0.999987 -0.00476277 -0.001372 0.0327295 0.00481477 0.999453 0.0228834 0.0 0.0 0.0 1.0
stairs/seq-06/color/frame-000180.color.png stairs/seq-06/color/frame-000183.color.png 0.999119 -0.0111317 -0.0404676 0.0344778 0.00979651 0.999406 -0.0330449 0.0220847 0.0408114 0.0326193 0.998634 0.0107455 0.0 0.0 0.0 1.0
stairs/seq-06/color/frame-000183.color.png stairs/seq-06/color/frame-000186.color.png 0.999228 0.0147895 -0.0363939 0.0199779 -0.0153124 0.999783 -0.0141318 0.00237411 0.036177 0.0146782 0.999238 -0.00166158 0.0 0.0 0.0 1.0
stairs/seq-06/color/frame-000186.color.png stairs/seq-06/color/frame-000189.color.png 0.999471 0.000951883 -0.0325046 0.0273112 -0.00111498 0.999987 -0.00499979 -0.00013157 0.0324994 0.00503338 0.999459 -0.0189049 0.0 0.0 0.0 1.0
stairs/seq-06/color/frame-000189.color.png stairs/seq-06/color/frame-000192.color.png 0.999916 -0.000832739 -0.0129531 0.024139 0.000818248 0.999999 -0.00112403 0.00312058 0.012954 0.00111334 0.999915 -0.0299969 0.0 0.0 0.0 1.0
stairs/seq-06/color/frame-000192.color.png stairs/seq-06/color/frame-000195.color.png 0.999812 0.0188302 -0.00452123 0.0134399 -0.0187901 0.999785 0.00875794 -0.014374 0.00468517 -0.00867134 0.999951 -0.0130652 0.0 0.0 0.0 1.0
stairs/seq-06/color/frame-000195.color.png stairs/seq-06/color/frame-000198.color.png 0.999795 0.010987 0.0170228 -0.00392203 -0.0107967 0.999879 -0.0112321 0.00632023 -0.0171442 0.0110459 0.999792 0.01497 0.0 0.0 0.0 1.0
stairs/seq-06/color/frame-000198.color.png stairs/seq-06/color/frame-000201.color.png 0.999946 0.00298082 0.00994555 0.00428194 -0.0028996 0.999962 -0.00817064 -0.00456258 -0.00996953 0.00814135 0.999917 0.0029017 0.0 0.0 0.0 1.0
stairs/seq-06/color/frame-000201.color.png stairs/seq-06/color/frame-000204.color.png 0.999864 0.00753401 0.0146735 0.00117339 -0.00755227 0.999971 0.00119149 -0.00894117 -0.0146641 -0.00130213 0.999892 0.0158253 0.0 0.0 0.0 1.0
stairs/seq-06/color/frame-000204.color.png stairs/seq-06/color/frame-000207.color.png 0.99987 0.00325229 0.015792 0.00145833 -0.00314629 0.999972 -0.00673206 -0.00691572 -0.0158134 0.00668151 0.999853 0.0176526 0.0 0.0 0.0 1.0
stairs/seq-06/color/frame-000207.color.png stairs/seq-06/color/frame-000210.color.png 0.999442 0.0117186 0.0312737 -0.00251979 -0.0114547 0.999897 -0.0086028 -0.00998633 -0.0313713 0.00823976 0.999474 0.0310705 0.0 0.0 0.0 1.0
stairs/seq-06/color/frame-000210.color.png stairs/seq-06/color/frame-000213.color.png 0.999711 -0.0155987 0.0182894 0.00291547 0.0158011 0.999815 -0.0109728 -0.00767893 -0.0181148 0.0112587 0.999772 0.0272862 0.0 0.0 0.0 1.0
stairs/seq-06/color/frame-000213.color.png stairs/seq-06/color/frame-000216.color.png 0.999411 -0.0299423 -0.0167712 0.000208378 0.0297649 0.999499 -0.0107309 -0.0055692 0.0170841 0.0102254 0.999802 0.0225508 0.0 0.0 0.0 1.0
stairs/seq-06/color/frame-000216.color.png stairs/seq-06/color/frame-000219.color.png 0.999458 -0.00895076 0.0316704 -0.0516826 0.00958068 0.999758 -0.0197941 0.0448389 -0.0314855 0.0200868 0.999302 -0.017467 0.0 0.0 0.0 1.0
stairs/seq-06/color/frame-000219.color.png stairs/seq-06/color/frame-000222.color.png 0.999851 -0.0164494 0.00524304 -0.00153323 0.0164587 0.999863 -0.00174066 -0.00458284 -0.0052137 0.00182666 0.999985 0.0211177 0.0 0.0 0.0 1.0
stairs/seq-06/color/frame-000222.color.png stairs/seq-06/color/frame-000225.color.png 0.999779 0.0017954 0.0209574 -0.00608678 -0.00206729 0.999914 0.0129592 -0.00525223 -0.0209323 -0.0129996 0.999696 0.01558 0.0 0.0 0.0 1.0
stairs/seq-06/color/frame-000225.color.png stairs/seq-06/color/frame-000228.color.png 0.99985 -0.0113706 -0.0130369 -0.00102727 0.01135 0.999934 -0.00164974 0.00228558 0.0130548 0.00150151 0.999914 0.00304928 0.0 0.0 0.0 1.0
stairs/seq-06/color/frame-000228.color.png stairs/seq-06/color/frame-000231.color.png 0.999912 -0.012964 -0.00277603 -0.00159945 0.0129928 0.999859 0.010629 -0.00239084 0.00263784 -0.0106642 0.99994 -0.00803337 0.0 0.0 0.0 1.0
stairs/seq-06/color/frame-000231.color.png stairs/seq-06/color/frame-000234.color.png 0.999979 -0.00167194 0.00625396 0.00113539 0.00162134 0.999966 0.00808716 0.00163671 -0.00626728 -0.00807685 0.999948 -0.0104609 0.0 0.0 0.0 1.0
stairs/seq-06/color/frame-000234.color.png stairs/seq-06/color/frame-000237.color.png 0.999863 -0.00709997 0.0149812 -0.00585696 0.0068617 0.99985 0.0158965 0.000213511 -0.0150919 -0.0157915 0.999761 -0.00838514 0.0 0.0 0.0 1.0
stairs/seq-06/color/frame-000237.color.png stairs/seq-06/color/frame-000240.color.png 0.999577 -0.0140046 0.0254886 0.00470327 0.0138084 0.999874 0.00785506 0.0254986 -0.0255954 -0.00749979 0.999644 0.0112394 0.0 0.0 0.0 1.0
stairs/seq-06/color/frame-000240.color.png stairs/seq-06/color/frame-000243.color.png 0.998142 -0.0132524 0.0594747 -0.0107986 0.0115431 0.999513 0.0289923 0.00844447 -0.0598299 -0.0282519 0.997809 -0.0115756 0.0 0.0 0.0 1.0
stairs/seq-06/color/frame-000243.color.png stairs/seq-06/color/frame-000246.color.png 0.999871 -0.00710944 0.0144153 0.00710988 0.00664918 0.999474 0.0317293 -0.0117451 -0.0146333 -0.0316294 0.999393 -0.03688 0.0 0.0 0.0 1.0
stairs/seq-06/color/frame-000246.color.png stairs/seq-06/color/frame-000249.color.png 0.999099 -0.0249866 0.034305 0.00228474 0.0248524 0.999682 0.00433183 0.0343111 -0.0344023 -0.00347537 0.999402 -0.0002148 0.0 0.0 0.0 1.0
stairs/seq-06/color/frame-000249.color.png stairs/seq-06/color/frame-000252.color.png 0.999082 0.004691 0.0425751 -0.019535 -0.00631217 0.999257 0.0380241 -0.00888975 -0.0423651 -0.038258 0.998369 0.0270911 0.0 0.0 0.0 1.0
stairs/seq-06/color/frame-000252.color.png stairs/seq-06/color/frame-000255.color.png 0.999356 -0.00724925 0.035145 -0.00477988 0.00642035 0.9997 0.0236409 0.00503681 -0.0353057 -0.0234001 0.999103 0.0301547 0.0 0.0 0.0 1.0
stairs/seq-06/color/frame-000255.color.png stairs/seq-06/color/frame-000258.color.png 0.999288 -0.00977483 0.0364283 -0.00220899 0.00898552 0.999723 0.0217688 -0.00754861 -0.0366311 -0.021426 0.999099 0.0325834 0.0 0.0 0.0 1.0
stairs/seq-06/color/frame-000258.color.png stairs/seq-06/color/frame-000261.color.png 0.999568 -0.0112493 0.0271359 0.00033094 0.0110063 0.999898 0.00908675 -0.0153415 -0.0272354 -0.00878414 0.99959 0.0501572 0.0 0.0 0.0 1.0
stairs/seq-06/color/frame-000261.color.png stairs/seq-06/color/frame-000264.color.png 0.999683 -0.0247511 0.00465258 0.0256766 0.0248041 0.999624 -0.0116912 -0.0298418 -0.00436145 0.0118029 0.999921 0.0294851 0.0 0.0 0.0 1.0
stairs/seq-06/color/frame-000264.color.png stairs/seq-06/color/frame-000267.color.png 0.999443 -0.0117837 0.0312321 0.0194349 0.0126218 0.999562 -0.0267738 -0.00164294 -0.030903 0.0271531 0.999153 0.0472581 0.0 0.0 0.0 1.0
stairs/seq-06/color/frame-000267.color.png stairs/seq-06/color/frame-000270.color.png 0.999105 -0.0388944 0.0166121 -0.00594166 0.0389023 0.999243 -0.000154011 -0.0226406 -0.0165934 0.00080013 0.999862 0.0126131 0.0 0.0 0.0 1.0
stairs/seq-06/color/frame-000270.color.png stairs/seq-06/color/frame-000273.color.png 0.997792 -0.0417087 0.0516805 -0.0348554 0.0410989 0.999073 0.0128076 -0.0254479 -0.0521668 -0.0106553 0.998581 0.0682513 0.0 0.0 0.0 1.0
stairs/seq-06/color/frame-000273.color.png stairs/seq-06/color/frame-000276.color.png 0.998191 -0.0164573 0.0578256 -0.0496659 0.015539 0.999746 0.0162936 -0.0257071 -0.0580792 -0.0153656 0.998194 0.0336671 0.0 0.0 0.0 1.0
stairs/seq-06/color/frame-000276.color.png stairs/seq-06/color/frame-000279.color.png 0.999372 -0.0178602 0.0306042 -0.0211018 0.0177844 0.999838 0.00274696 -0.00759636 -0.0306483 -0.00220095 0.999528 0.0076946 0.0 0.0 0.0 1.0
stairs/seq-06/color/frame-000279.color.png stairs/seq-06/color/frame-000282.color.png 0.999914 0.00163154 0.0130203 -0.0159112 -0.0018267 0.999886 0.0149927 -0.0167411 -0.0129943 -0.0150151 0.999803 0.00102404 0.0 0.0 0.0 1.0
stairs/seq-06/color/frame-000282.color.png stairs/seq-06/color/frame-000285.color.png 0.999773 0.00895016 -0.0193483 0.00668776 -0.00870356 0.99988 0.012794 -0.0215378 0.0194605 -0.0126226 0.999731 -0.0107251 0.0 0.0 0.0 1.0
stairs/seq-06/color/frame-000285.color.png stairs/seq-06/color/frame-000288.color.png 0.999937 0.00299904 -0.0108023 -0.006817 -0.00311943 0.999933 -0.0111441 0.000661165 0.0107682 0.0111771 0.99988 -0.0142383 0.0 0.0 0.0 1.0
stairs/seq-06/color/frame-000288.color.png stairs/seq-06/color/frame-000291.color.png 0.999959 0.00208741 0.00877173 0.00455305 -0.00206116 0.999993 -0.00299724 0.0228221 -0.00877785 0.00297905 0.999957 -0.0126547 0.0 0.0 0.0 1.0
stairs/seq-06/color/frame-000291.color.png stairs/seq-06/color/frame-000294.color.png 0.998905 -0.017992 0.0431898 -0.0176959 0.017611 0.999803 0.00918557 -0.00698894 -0.0433465 -0.00841487 0.999025 0.0155395 0.0 0.0 0.0 1.0
stairs/seq-06/color/frame-000294.color.png stairs/seq-06/color/frame-000297.color.png 0.997266 -0.0255443 0.069337 -0.0257851 0.0249398 0.999643 0.00957032 -0.0112779 -0.0695567 -0.00781493 0.997547 0.00390485 0.0 0.0 0.0 1.0
stairs/seq-06/color/frame-000297.color.png stairs/seq-06/color/frame-000300.color.png 0.995383 -0.0347089 0.089492 -0.046633 0.0344946 0.999397 0.00394076 -0.00304911 -0.0895748 -0.000835546 0.99598 0.0519609 0.0 0.0 0.0 1.0
stairs/seq-06/color/frame-000300.color.png stairs/seq-06/color/frame-000303.color.png 0.997818 -0.0507699 0.042199 0.0068402 0.0517773 0.998391 -0.023129 0.0218086 -0.040957 0.0252635 0.998841 0.00334707 0.0 0.0 0.0 1.0
stairs/seq-06/color/frame-000303.color.png stairs/seq-06/color/frame-000306.color.png 0.999131 -0.0174393 0.037857 -0.0134363 0.0175146 0.999845 -0.00165861 -0.00167147 -0.0378223 0.00232018 0.999282 0.0110835 0.0 0.0 0.0 1.0
stairs/seq-06/color/frame-000306.color.png stairs/seq-06/color/frame-000309.color.png 0.998928 0.00467978 0.0460496 -0.0426867 -0.00585783 0.999658 0.0254804 -0.0260833 -0.0459145 -0.0257227 0.998614 0.0281151 0.0 0.0 0.0 1.0
stairs/seq-06/color/frame-000309.color.png stairs/seq-06/color/frame-000312.color.png 0.999948 0.00862188 0.0055057 0.00584896 -0.00862196 0.999963 -5.1605e-06 0.0119743 -0.00550562 -4.2275e-05 0.999985 -0.00985086 0.0 0.0 0.0 1.0
stairs/seq-06/color/frame-000312.color.png stairs/seq-06/color/frame-000315.color.png 0.999584 0.0142183 0.025092 -0.0412001 -0.0142404 0.999898 0.000698087 0.00276195 -0.0250796 -0.00105519 0.999685 0.0219364 0.0 0.0 0.0 1.0
stairs/seq-06/color/frame-000315.color.png stairs/seq-06/color/frame-000318.color.png 0.99987 0.015481 0.00457732 -0.0182482 -0.0154699 0.999877 -0.00242226 0.00422652 -0.00461403 0.00235115 0.999986 -0.000446409 0.0 0.0 0.0 1.0
stairs/seq-06/color/frame-000318.color.png stairs/seq-06/color/frame-000321.color.png 0.999748 0.0142361 0.0173586 -0.0369281 -0.0141154 0.999875 -0.00706119 0.0161981 -0.017457 0.00681442 0.999824 0.0210518 0.0 0.0 0.0 1.0
stairs/seq-06/color/frame-000321.color.png stairs/seq-06/color/frame-000324.color.png 0.999699 -0.00438932 0.0241414 -0.0572663 0.00389826 0.999785 0.0203505 -0.0321603 -0.0242257 -0.0202503 0.999501 0.048562 0.0 0.0 0.0 1.0
stairs/seq-06/color/frame-000324.color.png stairs/seq-06/color/frame-000327.color.png 0.999812 0.00957064 0.0168387 -0.0424388 -0.00969863 0.999924 0.00753537 -0.0100893 -0.0167652 -0.00769727 0.99983 0.00766969 0.0 0.0 0.0 1.0
stairs/seq-06/color/frame-000327.color.png stairs/seq-06/color/frame-000330.color.png 0.999868 0.0135536 0.00891584 -0.0541109 -0.013798 0.999514 0.0279483 -0.0207883 -0.00853274 -0.0280676 0.99957 0.0141571 0.0 0.0 0.0 1.0
stairs/seq-06/color/frame-000330.color.png stairs/seq-06/color/frame-000333.color.png 0.999982 -0.00437346 0.00408853 -0.0205476 0.00432101 0.999909 0.0127584 -0.0249556 -0.00414397 -0.0127405 0.99991 0.00660878 0.0 0.0 0.0 1.0
stairs/seq-06/color/frame-000333.color.png stairs/seq-06/color/frame-000336.color.png 0.997196 -0.00666604 0.074533 -0.14189 0.00463763 0.999615 0.0273551 -0.0482176 -0.0746867 -0.0269327 0.996843 0.102002 0.0 0.0 0.0 1.0
stairs/seq-06/color/frame-000336.color.png stairs/seq-06/color/frame-000339.color.png 0.999913 -0.00315775 0.0128332 -0.0255713 0.00309994 0.999985 0.00451564 -0.00809705 -0.0128472 -0.00447544 0.999907 0.0200476 0.0 0.0 0.0 1.0
stairs/seq-06/color/frame-000339.color.png stairs/seq-06/color/frame-000342.color.png 0.999629 -0.0262871 -0.00714939 -0.0209652 0.0262047 0.999592 -0.0113942 -0.0019463 0.00744595 0.0112026 0.99991 0.0306535 0.0 0.0 0.0 1.0
stairs/seq-06/color/frame-000342.color.png stairs/seq-06/color/frame-000345.color.png 0.998007 -0.0361985 0.0516847 -0.112755 0.0364164 0.999331 -0.00328134 -0.0259904 -0.0515313 0.00515697 0.998658 0.119611 0.0 0.0 0.0 1.0
stairs/seq-06/color/frame-000345.color.png stairs/seq-06/color/frame-000348.color.png 0.99916 -0.0298115 0.0281042 -0.05606 0.0300533 0.999515 -0.00822495 0.00321268 -0.0278453 0.00906265 0.999571 0.0193995 0.0 0.0 0.0 1.0
stairs/seq-06/color/frame-000348.color.png stairs/seq-06/color/frame-000351.color.png 0.999818 -0.0152342 0.0114889 -0.0343991 0.0152842 0.999874 -0.0042824 -0.00157234 -0.0114221 0.00445723 0.999925 0.00666803 0.0 0.0 0.0 1.0
stairs/seq-06/color/frame-000351.color.png stairs/seq-06/color/frame-000354.color.png 0.999476 -0.00741087 0.0315107 -0.0527711 0.00736233 0.999972 0.00165472 0.00625144 -0.0315222 -0.00142186 0.999502 0.0175347 0.0 0.0 0.0 1.0
stairs/seq-06/color/frame-000354.color.png stairs/seq-06/color/frame-000357.color.png 0.999969 0.00104624 0.00778345 -0.0201588 -0.0011 0.999976 0.00690655 0.000207409 -0.00777595 -0.00691489 0.999946 -0.0116418 0.0 0.0 0.0 1.0
stairs/seq-06/color/frame-000357.color.png stairs/seq-06/color/frame-000360.color.png 0.999972 0.00309566 -0.00686899 -0.00283524 -0.00305603 0.999979 0.00578235 -0.0150176 0.00688671 -0.0057612 0.99996 -0.0128238 0.0 0.0 0.0 1.0
stairs/seq-06/color/frame-000360.color.png stairs/seq-06/color/frame-000363.color.png 0.999983 0.00582692 0.00100132 -0.0253918 -0.00582655 0.999983 -0.000291818 -0.0168975 -0.00100303 0.000285955 1.0 0.00511819 0.0 0.0 0.0 1.0
stairs/seq-06/color/frame-000363.color.png stairs/seq-06/color/frame-000366.color.png 0.999953 0.00920234 0.0031689 -0.0304222 -0.00919795 0.999957 -0.00141098 -0.00210598 -0.00318179 0.00138174 0.999994 0.00448853 0.0 0.0 0.0 1.0
stairs/seq-06/color/frame-000366.color.png stairs/seq-06/color/frame-000369.color.png 0.999764 -0.0112523 0.0185758 -0.0664475 0.0114725 0.999865 -0.0117865 -0.0165511 -0.0184405 0.0119968 0.999758 0.0301784 0.0 0.0 0.0 1.0
stairs/seq-06/color/frame-000369.color.png stairs/seq-06/color/frame-000372.color.png 0.999988 -0.0047827 0.000889568 -0.0288945 0.0047919 0.999931 -0.0107001 -0.000831097 -0.000838377 0.0107042 0.999942 0.00102359 0.0 0.0 0.0 1.0
stairs/seq-06/color/frame-000372.color.png stairs/seq-06/color/frame-000375.color.png 0.999842 -0.0172084 -0.00435204 -0.0338581 0.0171735 0.999821 -0.00793902 -0.00550795 0.00448787 0.00786299 0.999959 0.00156611 0.0 0.0 0.0 1.0
stairs/seq-06/color/frame-000375.color.png stairs/seq-06/color/frame-000378.color.png 0.999603 -0.0088195 -0.0267659 -0.00991163 0.00834514 0.999807 -0.0177821 0.0233929 0.0269176 0.0175517 0.999483 0.0100052 0.0 0.0 0.0 1.0
stairs/seq-06/color/frame-000378.color.png stairs/seq-06/color/frame-000381.color.png 0.999085 -0.0173128 -0.0391003 -0.0016284 0.0163912 0.999583 -0.0237699 0.0243193 0.0394954 0.0231073 0.998953 0.028427 0.0 0.0 0.0 1.0
stairs/seq-06/color/frame-000381.color.png stairs/seq-06/color/frame-000384.color.png 0.998332 -0.0326815 -0.0475896 0.00702876 0.0317999 0.999311 -0.0191639 0.0188773 0.0481832 0.0176186 0.998683 0.0159886 0.0 0.0 0.0 1.0
stairs/seq-06/color/frame-000384.color.png stairs/seq-06/color/frame-000387.color.png 0.999636 -0.0114961 -0.0243882 0.0147769 0.0114392 0.999932 -0.00247076 0.000471801 0.0244148 0.00219082 0.9997 -0.0022825 0.0 0.0 0.0 1.0
stairs/seq-06/color/frame-000387.color.png stairs/seq-06/color/frame-000390.color.png 0.999994 0.00266168 -0.00223598 -0.00300169 -0.0027018 0.999832 -0.0181205 0.0112881 0.0021874 0.0181265 0.999833 -0.00801146 0.0 0.0 0.0 1.0
stairs/seq-06/color/frame-000390.color.png stairs/seq-06/color/frame-000393.color.png 0.999843 0.011166 -0.0137693 0.0167599 -0.0112378 0.999924 -0.00515333 -0.00496519 0.0137107 0.00530725 0.999892 -0.00591409 0.0 0.0 0.0 1.0
stairs/seq-06/color/frame-000393.color.png stairs/seq-06/color/frame-000396.color.png 0.999752 0.0191316 -0.0114383 0.0094223 -0.0191693 0.999811 -0.00318677 -0.0137518 0.0113751 0.00340524 0.999929 0.00180119 0.0 0.0 0.0 1.0
stairs/seq-06/color/frame-000396.color.png stairs/seq-06/color/frame-000399.color.png 0.999708 0.0227242 0.00827525 -0.0223209 -0.0229051 0.999485 0.0224773 -0.0390563 -0.00776026 -0.0226602 0.999713 0.0689536 0.0 0.0 0.0 1.0
stairs/seq-06/color/frame-000399.color.png stairs/seq-06/color/frame-000402.color.png 0.999714 0.0181249 -0.0155708 0.0266469 -0.0178278 0.99966 0.0190125 -0.034581 0.01591 -0.0187295 0.999698 -0.00310159 0.0 0.0 0.0 1.0
stairs/seq-06/color/frame-000402.color.png stairs/seq-06/color/frame-000405.color.png 0.999933 0.0108965 -0.00395949 0.0132961 -0.0108773 0.999929 0.00481573 -0.0121096 0.00401174 -0.00477236 0.999981 0.00828052 0.0 0.0 0.0 1.0
stairs/seq-06/color/frame-000405.color.png stairs/seq-06/color/frame-000408.color.png 0.999941 0.00882074 -0.00639543 0.00924063 -0.00878732 0.999948 0.00523225 -0.0142571 0.0064413 -0.00517566 0.999966 -0.00305796 0.0 0.0 0.0 1.0
stairs/seq-06/color/frame-000408.color.png stairs/seq-06/color/frame-000411.color.png 0.999822 -0.00900995 -0.0165773 -0.0137529 0.00885518 0.999917 -0.00938831 -0.00379387 0.0166605 0.00923983 0.999819 0.019292 0.0 0.0 0.0 1.0
stairs/seq-06/color/frame-000411.color.png stairs/seq-06/color/frame-000414.color.png 0.999275 -0.00955022 -0.0368644 0.0504674 0.0084699 0.999533 -0.029351 0.0489731 0.0371275 0.0290175 0.998889 0.0344179 0.0 0.0 0.0 1.0
stairs/seq-06/color/frame-000414.color.png stairs/seq-06/color/frame-000417.color.png 0.999987 0.000569397 -0.00508724 -0.0029428 -0.000531463 0.999972 0.00745143 -0.0120007 0.00509141 -0.00744857 0.999959 0.00781065 0.0 0.0 0.0 1.0
stairs/seq-06/color/frame-000417.color.png stairs/seq-06/color/frame-000420.color.png 0.999571 0.00699658 -0.028427 0.0160768 -0.0073756 0.999885 -0.0132486 -0.00690773 0.028331 0.0134526 0.999508 0.0286214 0.0 0.0 0.0 1.0
stairs/seq-06/color/frame-000420.color.png stairs/seq-06/color/frame-000423.color.png 0.999681 0.00330962 -0.0250513 -0.000238061 -0.00339918 0.999988 -0.00353659 -0.010439 0.0250393 0.00362061 0.99968 0.0109942 0.0 0.0 0.0 1.0
stairs/seq-06/color/frame-000423.color.png stairs/seq-06/color/frame-000426.color.png 0.999569 0.00562228 -0.0288263 0.0117522 -0.00564672 0.999984 -0.000767715 -0.0133968 0.0288215 0.000930161 0.999584 0.0105479 0.0 0.0 0.0 1.0
stairs/seq-06/color/frame-000426.color.png stairs/seq-06/color/frame-000429.color.png 0.999864 0.0117752 -0.0115406 -0.0117608 -0.0116859 0.999901 0.0077822 -0.0213351 0.0116311 -0.00764633 0.999903 0.0016638 0.0 0.0 0.0 1.0
stairs/seq-06/color/frame-000429.color.png stairs/seq-06/color/frame-000432.color.png 0.999725 -0.00209872 -0.0233534 0.0032593 0.00230616 0.999958 0.0088635 -0.0151216 0.0233339 -0.00891489 0.999688 0.00278723 0.0 0.0 0.0 1.0
stairs/seq-06/color/frame-000432.color.png stairs/seq-06/color/frame-000435.color.png 0.999923 -0.00938398 0.00807969 -0.0227492 0.00918517 0.999662 0.0243039 -0.0163303 -0.008305 -0.0242278 0.999672 -0.0196162 0.0 0.0 0.0 1.0
stairs/seq-06/color/frame-000435.color.png stairs/seq-06/color/frame-000438.color.png 0.999777 -0.0113726 0.0177713 -0.0350367 0.0112765 0.999921 0.00549717 -0.0107521 -0.0178323 -0.00529549 0.999827 -0.0236601 0.0 0.0 0.0 1.0
stairs/seq-06/color/frame-000438.color.png stairs/seq-06/color/frame-000441.color.png 0.999669 0.00453936 0.0253327 -0.0513928 -0.00478707 0.999941 0.00972881 -0.0173325 -0.0252871 -0.00984692 0.999632 -0.0293383 0.0 0.0 0.0 1.0
stairs/seq-06/color/frame-000441.color.png stairs/seq-06/color/frame-000444.color.png 0.999993 0.00129923 0.00344628 -0.016147 -0.00133127 0.999955 0.00935685 -0.0206604 -0.00343401 -0.00936134 0.99995 -0.00835901 0.0 0.0 0.0 1.0
stairs/seq-06/color/frame-000444.color.png stairs/seq-06/color/frame-000447.color.png 0.999765 0.00724314 0.0204311 -0.0342525 -0.00751576 0.999884 0.0132906 -0.0237978 -0.0203324 -0.013441 0.999703 -0.0153186 0.0 0.0 0.0 1.0
stairs/seq-06/color/frame-000447.color.png stairs/seq-06/color/frame-000450.color.png 0.999924 0.0111164 0.00534278 -0.0154595 -0.0111876 0.999846 0.0134968 -0.0312992 -0.00519196 -0.0135555 0.999895 -0.00707597 0.0 0.0 0.0 1.0
stairs/seq-06/color/frame-000450.color.png stairs/seq-06/color/frame-000453.color.png 0.999872 0.0101869 0.0123625 -0.0249712 -0.0104287 0.999752 0.0196609 -0.0406394 -0.0121592 -0.0197873 0.99973 -0.00143433 0.0 0.0 0.0 1.0
stairs/seq-06/color/frame-000453.color.png stairs/seq-06/color/frame-000456.color.png 0.999852 0.00967814 0.0141986 -0.0151416 -0.00982914 0.999896 0.0105974 -0.0205379 -0.0140946 -0.0107354 0.999843 -0.00488394 0.0 0.0 0.0 1.0
stairs/seq-06/color/frame-000456.color.png stairs/seq-06/color/frame-000459.color.png 0.999404 -0.00401361 0.0342939 -0.0609987 0.0037264 0.999957 0.00843652 -0.0387784 -0.0343262 -0.0083037 0.999376 -0.0173921 0.0 0.0 0.0 1.0
stairs/seq-06/color/frame-000459.color.png stairs/seq-06/color/frame-000462.color.png 0.999737 0.00399945 0.0225669 -0.0185949 -0.00381484 0.999959 -0.00822051 -0.000390232 -0.0225988 0.00813232 0.999712 0.00151306 0.0 0.0 0.0 1.0
stairs/seq-06/color/frame-000462.color.png stairs/seq-06/color/frame-000465.color.png 0.999908 -0.00917189 0.00997897 -0.0279055 0.0093896 0.999714 -0.0219855 0.0231966 -0.00977458 0.0220771 0.999709 0.0261224 0.0 0.0 0.0 1.0
stairs/seq-06/color/frame-000465.color.png stairs/seq-06/color/frame-000468.color.png 0.999905 -0.0137686 -0.000773466 -0.0160831 0.0137602 0.999856 -0.00988656 0.0136753 0.000909505 0.00987496 0.999951 0.0208352 0.0 0.0 0.0 1.0
stairs/seq-06/color/frame-000468.color.png stairs/seq-06/color/frame-000471.color.png 0.999889 -0.00833413 0.0123602 -0.022718 0.00837091 0.999961 -0.00293188 0.00505286 -0.0123353 0.00303505 0.999919 0.0044142 0.0 0.0 0.0 1.0
stairs/seq-06/color/frame-000471.color.png stairs/seq-06/color/frame-000474.color.png 0.999994 0.000147683 0.00334318 -0.0248944 -0.000153918 0.999998 0.00187033 -0.00899202 -0.00334292 -0.00187086 0.999993 0.000851631 0.0 0.0 0.0 1.0
stairs/seq-06/color/frame-000474.color.png stairs/seq-06/color/frame-000477.color.png 0.999997 -0.00116996 -0.00217368 -0.0055778 0.00118224 0.999983 0.0056546 -0.00985241 0.00216699 -0.00565713 0.999982 -0.00333834 0.0 0.0 0.0 1.0
stairs/seq-06/color/frame-000477.color.png stairs/seq-06/color/frame-000480.color.png 0.999695 0.00776175 -0.0234391 0.0130337 -0.00775373 0.99997 0.000433045 -0.0129895 0.0234418 -0.000251158 0.999725 0.0195636 0.0 0.0 0.0 1.0
stairs/seq-06/color/frame-000480.color.png stairs/seq-06/color/frame-000483.color.png 0.999806 0.00237507 -0.0195254 0.00533903 -0.0023766 0.999997 -5.33502e-05 -0.0212674 0.0195251 9.97057e-05 0.999809 0.0231774 0.0 0.0 0.0 1.0
stairs/seq-06/color/frame-000483.color.png stairs/seq-06/color/frame-000486.color.png 0.999478 0.00465003 -0.0319616 0.0143951 -0.00438037 0.999954 0.00850179 -0.0151185 0.0319997 -0.00835729 0.999453 0.0209385 0.0 0.0 0.0 1.0
stairs/seq-06/color/frame-000486.color.png stairs/seq-06/color/frame-000489.color.png 0.999796 -0.00267924 -0.0199913 0.0139446 0.00257177 0.999982 -0.00540191 0.00500256 0.0200053 0.00534935 0.999786 0.0333129 0.0 0.0 0.0 1.0
stairs/seq-06/color/frame-000489.color.png stairs/seq-06/color/frame-000492.color.png 0.99922 0.0105706 -0.03804 0.0275622 -0.00969217 0.999684 0.0232055 -0.0419033 0.0382732 -0.0228187 0.999007 0.0324382 0.0 0.0 0.0 1.0
stairs/seq-06/color/frame-000492.color.png stairs/seq-06/color/frame-000495.color.png 0.998294 0.0135497 -0.0567893 0.0638283 -0.013221 0.999894 0.006157 -0.00466394 0.0568667 -0.00539565 0.998367 0.0755408 0.0 0.0 0.0 1.0
stairs/seq-06/color/frame-000495.color.png stairs/seq-06/color/frame-000498.color.png 0.997822 -0.0106508 -0.0651019 0.0642187 0.00946569 0.999784 -0.0184851 0.0302328 0.0652847 0.0178285 0.997707 0.0776498 0.0 0.0 0.0 1.0
