stairs/seq-06/color/frame-000002.color.png stairs/seq-06/color/frame-000005.color.png 0.999984 -0.00295815 0.00489566 -0.000145485 0.00290679 0.999941 0.0104654 0.0021995 -0.00492633 -0.010451 0.999933 0.0079888 0.0 0.0 0.0 1.0
stairs/seq-06/color/frame-000005.color.png stairs/seq-06/color/frame-000008.color.png 0.999964 -0.00535329 0.00650955 0.0020495 0.00531406 0.999968 0.00603073 0.0016674 -0.00654162 -0.00599593 0.999961 0.000536862 0.0 0.0 0.0 1.0
stairs/seq-06/color/frame-000008.color.png stairs/seq-06/color/frame-000011.color.png 0.999896 -0.00396633 0.0138586 0.00027078 0.00382139 0.999938 0.0104691 0.00260422 -0.0138993 -0.010415 0.999849 0.00343959 0.0 0.0 0.0 1.0
stairs/seq-06/color/frame-000011.color.png stairs/seq-06/color/frame-000014.color.png 0.999898 -0.00620558 0.0128513 0.00174477 0.00607938 0.999933 0.00983598 0.00417733 -0.0129115 -0.00975685 0.999869 0.00504619 0.0 0.0 0.0 1.0
stairs/seq-06/color/frame-000014.color.png stairs/seq-06/color/frame-000017.color.png 0.999769 -0.00932623 0.019385 0.00545401 0.00906692 0.999869 0.0134224 0.00523194 -0.0195076 -0.0132436 0.999722 -0.000418438 0.0 0.0 0.0 1.0
stairs/seq-06/color/frame-000017.color.png stairs/seq-06/color/frame-000020.color.png 0.99986 -0.0132213 0.0102966 0.00290352 0.0129779 0.999643 0.023357 0.00890923 -0.0106018 -0.02322 0.999674 0.00799404 0.0 0.0 0.0 1.0
stairs/seq-06/color/frame-000020.color.png stairs/seq-06/color/frame-000023.color.png 0.999891 -0.00696838 0.0130131 0.0010237 0.00679809 0.999891 0.0130856 0.011029 -0.0131029 -0.0129957 0.99983 0.00458478 0.0 0.0 0.0 1.0
stairs/seq-06/color/frame-000023.color.png stairs/seq-06/color/frame-000026.color.png 0.99978 -0.00606079 0.0200646 0.00077646 0.00544856 0.999522 0.0304275 0.00564377 -0.0202395 -0.0303115 0.999336 0.0100309 0.0 0.0 0.0 1.0
stairs/seq-06/color/frame-000026.color.png stairs/seq-06/color/frame-000029.color.png 0.999516 -0.014153 0.0277103 0.00150732 0.0136207 0.999721 0.0193057 0.00994307 -0.0279758 -0.0189189 0.999429 0.0200319 0.0 0.0 0.0 1.0
stairs/seq-06/color/frame-000029.color.png stairs/seq-06/color/frame-000032.color.png 0.999376 -0.0150055 0.0319854 0.00418166 0.014741 0.999855 0.00848855 0.0129849 -0.0321082 -0.00801178 0.999452 0.00307264 0.0 0.0 0.0 1.0
stairs/seq-06/color/frame-000032.color.png stairs/seq-06/color/frame-000035.color.png 0.998979 -0.0117035 0.0436266 0.00841928 0.0114248 0.999913 0.006632 0.0113792 -0.0437004 -0.0061268 0.999026 0.0145738 0.0 0.0 0.0 1.0
stairs/seq-06/color/frame-000035.color.png stairs/seq-06/color/frame-000038.color.png 0.998962 -0.0246856 0.0382851 0.0156468 0.0243059 0.999651 0.0103506 0.0192884 -0.0385273 -0.00940925 0.999213 -0.0118213 0.0 0.0 0.0 1.0
stairs/seq-06/color/frame-000038.color.png stairs/seq-06/color/frame-000041.color.png 0.998562 -0.0272493 0.046165 0.0155542 0.025699 0.999097 0.0338488 0.0149908 -0.0470457 -0.0326138 0.99836 0.0178054 0.0 0.0 0.0 1.0
stairs/seq-06/color/frame-000041.color.png stairs/seq-06/color/frame-000044.color.png 0.999011 -0.028099 0.0344497 0.00591542 0.0272355 0.999309 0.0252829 0.01175 -0.0351363 -0.0243197 0.999087 0.0166263 0.0 0.0 0.0 1.0
stairs/seq-06/color/frame-000044.color.png stairs/seq-06/color/frame-000047.color.png 0.999158 -0.0287353 0.0292751 0.0123816 0.0282115 0.999437 0.0181495 0.0225319 -0.0297801 -0.0173083 0.999407 -0.00481497 0.0 0.0 0.0 1.0
stairs/seq-06/color/frame-000047.color.png stairs/seq-06/color/frame-000050.color.png 0.9992 -0.0164984 0.0364426 0.0120766 0.0154553 0.999468 0.0287218 -0.00188459 -0.036897 -0.0281356 0.998923 0.0110859 0.0 0.0 0.0 1.0
stairs/seq-06/color/frame-000050.color.png stairs/seq-06/color/frame-000053.color.png 0.999135 -0.010266 0.0402852 0.00602103 0.00983028 0.999891 0.0109994 0.00441475 -0.0403938 -0.0105939 0.999128 0.0190089 0.0 0.0 0.0 1.0
stairs/seq-06/color/frame-000053.color.png stairs/seq-06/color/frame-000056.color.png 0.99928 -0.0276483 0.0259824 0.0441864 0.0281931 0.999385 -0.0208376 0.0559504 -0.0253903 0.0215552 0.999445 -0.0216025 0.0 0.0 0.0 1.0
stairs/seq-06/color/frame-000056.color.png stairs/seq-06/color/frame-000059.color.png 0.998583 -0.0215383 0.0486681 0.000618622 0.0204619 0.999537 0.0225068 -0.0135325 -0.0491304 -0.0214791 0.998561 0.0022013 0.0 0.0 0.0 1.0
stairs/seq-06/color/frame-000059.color.png stairs/seq-06/color/frame-000062.color.png 0.999638 -0.00773976 0.0257697 0.0403922 0.00758145 0.999952 0.00623604 0.0116129 -0.0258168 -0.0060384 0.999649 -0.0147774 0.0 0.0 0.0 1.0
stairs/seq-06/color/frame-000062.color.png stairs/seq-06/color/frame-000065.color.png 0.999783 -0.017679 0.011055 0.0452341 0.0176533 0.999841 0.0024154 -0.00651717 -0.011096 -0.00221972 0.999936 -0.019126 0.0 0.0 0.0 1.0
stairs/seq-06/color/frame-000065.color.png stairs/seq-06/color/frame-000068.color.png 0.999507 -0.0110491 0.0293919 0.0187016 0.0112515 0.999914 -0.0067305 -0.0182238 -0.029315 0.00705787 0.999545 -0.00573065 0.0 0.0 0.0 1.0
stairs/seq-06/color/frame-000068.color.png stairs/seq-06/color/frame-000071.color.png 0.99891 0.0143853 0.0444154 0.0041126 -0.013843 0.999826 -0.0124935 -0.023033 -0.0445874 0.011865 0.998935 -0.0137485 0.0 0.0 0.0 1.0
stairs/seq-06/color/frame-000071.color.png stairs/seq-06/color/frame-000074.color.png 0.99991 -0.00599816 0.0119929 0.0202432 0.00610498 0.999942 -0.00889319 -0.0365698 -0.0119388 0.00896564 0.999889 -0.00913205 0.0 0.0 0.0 1.0
stairs/seq-06/color/frame-000074.color.png stairs/seq-06/color/frame-000077.color.png 0.999165 0.0402345 -0.00706437 0.0210212 -0.040444 0.998651 -0.0325744 -0.0180543 0.00574422 0.0328329 0.999444 -0.00561221 0.0 0.0 0.0 1.0
stairs/seq-06/color/frame-000077.color.png stairs/seq-06/color/frame-000080.color.png 0.998158 0.057922 -0.0180312 -0.00909743 -0.0591227 0.995405 -0.0753172 -0.0250464 0.0135858 0.0762446 0.996997 -0.0106049 0.0 0.0 0.0 1.0
stairs/seq-06/color/frame-000080.color.png stairs/seq-06/color/frame-000083.color.png 0.996745 0.0672318 -0.0444825 -0.00242138 -0.0718343 0.991156 -0.111577 0.0117911 0.0365876 0.114409 0.99276 -0.0228282 0.0 0.0 0.0 1.0
stairs/seq-06/color/frame-000083.color.png stairs/seq-06/color/frame-000086.color.png 0.998261 0.0516052 -0.0284944 -0.0284278 -0.0530388 0.997233 -0.0520871 -0.0309371 0.0257276 0.0535078 0.998236 -0.0153714 0.0 0.0 0.0 1.0
stairs/seq-06/color/frame-000086.color.png stairs/seq-06/color/frame-000089.color.png 0.998902 0.0394474 -0.0252795 -0.00273755 -0.0401753 0.998773 -0.0289645 -0.00789234 0.0241059 0.0299483 0.999261 -0.0122547 0.0 0.0 0.0 1.0
stairs/seq-06/color/frame-000089.color.png stairs/seq-06/color/frame-000092.color.png 0.999265 0.0358378 -0.0136204 -0.00387239 -0.0359014 0.999345 -0.00445873 0.00190076 0.0134516 0.00494446 0.999897 0.00265689 0.0 0.0 0.0 1.0
stairs/seq-06/color/frame-000092.color.png stairs/seq-06/color/frame-000095.color.png 0.999855 0.015624 -0.00674027 0.00482637 -0.0155965 0.99987 0.00410501 -0.0132912 0.00680351 -0.00399928 0.999969 -0.00384239 0.0 0.0 0.0 1.0
stairs/seq-06/color/frame-000095.color.png stairs/seq-06/color/frame-000098.color.png 0.99987 0.0144567 -0.00709767 0.0106116 -0.0144732 0.999893 -0.00228251 -0.0134139 0.00706398 0.00238494 0.999972 -0.00712603 0.0 0.0 0.0 1.0
stairs/seq-06/color/frame-000098.color.png stairs/seq-06/color/frame-000101.color.png 0.999744 0.0221246 -0.00466353 0.00913122 -0.0221447 0.999746 -0.00429976 -0.0312789 0.0045671 0.00440194 0.99998 -0.013388 0.0 0.0 0.0 1.0
stairs/seq-06/color/frame-000101.color.png stairs/seq-06/color/frame-000104.color.png 0.999704 0.0230683 -0.0076888 -0.0031448 -0.0232291 0.999498 -0.0215285 -0.0111209 0.00718837 0.0217007 0.999739 -0.0109054 0.0 0.0 0.0 1.0
stairs/seq-06/color/frame-000104.color.png stairs/seq-06/color/frame-000107.color.png 0.999336 0.0042777 -0.0361703 -0.013982 -0.00447843 0.999975 -0.00547007 -0.00142015 0.0361459 0.00562845 0.999331 -0.00823069 0.0 0.0 0.0 1.0
stairs/seq-06/color/frame-000107.color.png stairs/seq-06/color/frame-000110.color.png 0.999188 0.0127 -0.0382412 -0.01686 -0.0130633 0.999872 -0.00926568 -0.0210768 0.0381186 0.0097577 0.999226 -0.0160127 0.0 0.0 0.0 1.0
stairs/seq-06/color/frame-000110.color.png stairs/seq-06/color/frame-000113.color.png 0.999233 0.01849 -0.0345298 -0.0127131 -0.0186487 0.999817 -0.00427835 -0.0175716 0.0344443 0.004919 0.999394 -0.0066232 0.0 0.0 0.0 1.0
stairs/seq-06/color/frame-000113.color.png stairs/seq-06/color/frame-000116.color.png 0.999194 0.0295167 -0.0272129 -0.0325736 -0.029757 0.999521 -0.00846915 -0.00970788 0.0269499 0.00927207 0.999594 0.0181045 0.0 0.0 0.0 1.0
stairs/seq-06/color/frame-000116.color.png stairs/seq-06/color/frame-000119.color.png 0.998637 0.0300178 -0.0427029 -0.00700812 -0.0302225 0.999535 -0.00415611 -0.0105793 0.0425583 0.00544104 0.999079 -0.0095633 0.0 0.0 0.0 1.0
stairs/seq-06/color/frame-000119.color.png stairs/seq-06/color/frame-000122.color.png 0.999311 0.0270523 -0.0253933 -0.0302287 -0.0271721 0.999621 -0.00438288 0.00236557 0.0252651 0.00506985 0.999668 0.0175594 0.0 0.0 0.0 1.0
stairs/seq-06/color/frame-000122.color.png stairs/seq-06/color/frame-000125.color.png 0.99919 0.0267516 -0.0300694 -0.00518234 -0.0268995 0.999628 -0.00452564 -0.0102105 0.0299371 0.00533087 0.999537 -0.00932577 0.0 0.0 0.0 1.0
stairs/seq-06/color/frame-000125.color.png stairs/seq-06/color/frame-000128.color.png 0.999173 0.0304691 -0.0269083 -0.0101975 -0.0308276 0.99944 -0.013009 -0.00445849 0.0264969 0.0138277 0.999553 0.00425324 0.0 0.0 0.0 1.0
stairs/seq-06/color/frame-000128.color.png stairs/seq-06/color/frame-000131.color.png 0.999802 0.0175382 -0.00935492 -0.0241939 -0.0176534 0.999768 -0.0123728 0.00294843 0.00913576 0.0125356 0.99988 0.0316322 0.0 0.0 0.0 1.0
stairs/seq-06/color/frame-000131.color.png stairs/seq-06/color/frame-000134.color.png 0.999732 0.0155681 -0.0171393 -0.00618605 -0.0154616 0.99986 0.00633039 0.000383437 0.0172355 -0.00606372 0.999833 -0.00493061 0.0 0.0 0.0 1.0
stairs/seq-06/color/frame-000134.color.png stairs/seq-06/color/frame-000137.color.png 0.999755 0.0105681 -0.0194707 -0.000334315 -0.0101372 0.999704 0.0221016 0.000193715 0.0196985 -0.0218988 0.999566 -0.0142803 0.0 0.0 0.0 1.0
stairs/seq-06/color/frame-000137.color.png stairs/seq-06/color/frame-000140.color.png 0.999777 0.00288733 -0.0209098 -0.000218466 -0.00235924 0.999679 0.025237 -0.000785366 0.020976 -0.0251821 0.999463 -0.0131214 0.0 0.0 0.0 1.0
stairs/seq-06/color/frame-000140.color.png stairs/seq-06/color/frame-000143.color.png 0.999568 -0.0182838 -0.0230211 -0.00599392 0.0187427 0.999627 0.0198793 0.0135283 0.0226491 -0.0203022 0.999537 0.0244145 0.0 0.0 0.0 1.0
stairs/seq-06/color/frame-000143.color.png stairs/seq-06/color/frame-000146.color.png 0.999798 -0.00964019 -0.0176125 6.81728e-05 0.00983884 0.999888 0.0112273 0.00224604 0.0175023 -0.0113984 0.999782 -0.0165463 0.0 0.0 0.0 1.0
stairs/seq-06/color/frame-000146.color.png stairs/seq-06/color/frame-000149.color.png 0.999916 -0.00933221 -0.00902945 -0.00280377 0.00943244 0.999894 0.0111217 0.00763111 0.0089247 -0.0112059 0.999897 0.00487782 0.0 0.0 0.0 1.0
stairs/seq-06/color/frame-000149.color.png stairs/seq-06/color/frame-000152.color.png 0.999997 0.00241206 -0.0010258 -0.0049117 -0.00238374 0.999639 0.0267712 0.00911234 0.00109 -0.0267687 0.999641 0.00465466 0.0 0.0 0.0 1.0
stairs/seq-06/color/frame-000152.color.png stairs/seq-06/color/frame-000155.color.png 0.999993 -0.0015233 -0.00343009 0.00240786 0.00158997 0.999808 0.0195152 0.00903971 0.0033997 -0.0195205 0.999804 -0.0124289 0.0 0.0 0.0 1.0
stairs/seq-06/color/frame-000155.color.png stairs/seq-06/color/frame-000158.color.png 0.999836 0.00613344 0.0170299 -0.00099393 -0.00653846 0.999695 0.0238297 0.0123097 -0.0168786 -0.0239372 0.999571 0.00474668 0.0 0.0 0.0 1.0
stairs/seq-06/color/frame-000158.color.png stairs/seq-06/color/frame-000161.color.png 0.998857 0.0203995 0.043225 -0.0371761 -0.0216333 0.999366 0.0282724 -0.0120437 -0.0426209 -0.0291752 0.998665 0.0557142 0.0 0.0 0.0 1.0
stairs/seq-06/color/frame-000161.color.png stairs/seq-06/color/frame-000164.color.png 0.999375 0.00271406 0.0352386 0.00146462 -0.00329936 0.999857 0.0165618 0.010035 -0.0351886 -0.0166678 0.999242 0.00894806 0.0 0.0 0.0 1.0
stairs/seq-06/color/frame-000164.color.png stairs/seq-06/color/frame-000167.color.png 0.999437 -0.00521069 0.033151 -0.00817719 0.00455231 0.999792 0.0199049 -0.0079591 -0.0332478 -0.0197428 0.999252 0.0269568 0.0 0.0 0.0 1.0
stairs/seq-06/color/frame-000167.color.png stairs/seq-06/color/frame-000170.color.png 0.999066 -0.000535868 0.0432024 0.00188082 2.64493e-05 0.99993 0.0117912 0.000872359 -0.0432057 -0.0117791 0.998997 0.00337759 0.0 0.0 0.0 1.0
stairs/seq-06/color/frame-000170.color.png stairs/seq-06/color/frame-000173.color.png 0.998766 -0.0493186 0.00579807 0.00789874 0.0493973 0.998677 -0.0143214 0.0128149 -0.00508412 0.0145902 0.99988 -0.00379501 0.0 0.0 0.0 1.0
stairs/seq-06/color/frame-000173.color.png stairs/seq-06/color/frame-000176.color.png 0.99681 -0.0433747 -0.0670012 0.00770354 0.040713 0.998346 -0.0405934 0.0146049 0.0686511 0.0377361 0.996927 0.0100787 0.0 0.0 0.0 1.0
stairs/seq-06/color/frame-000176.color.png stairs/seq-06/color/frame-000179.color.png 0.997555 0.00476462 -0.0697291 0.0466844 -0.00438037 0.999974 0.00566244 -0.0213661 0.0697543 -0.00534314 0.99755 -0.00818758 0.0 0.0 0.0 1.0
stairs/seq-06/color/frame-000179.color.png stairs/seq-06/color/frame-000182.color.png 0.999662 0.00623897 -0.025234 0.0177221 -0.00664858 0.999847 -0.0161811 0.00912842 0.0251292 0.0163434 0.999551 0.0213513 0.0 0.0 0.0 1.0
stairs/seq-06/color/frame-000182.color.png stairs/seq-06/color/frame-000185.color.png 0.999531 3.23422e-05 -0.0306256 0.0161686 -0.00113617 0.99935 -0.036026 0.034766 0.0306045 0.0360439 0.998881 0.0203461 0.0 0.0 0.0 1.0
stairs/seq-06/color/frame-000185.color.png stairs/seq-06/color/frame-000188.color.png 0.999564 0.00230651 -0.0294439 0.0127842 -0.00255766 0.999961 -0.00849523 -0.000864848 0.0294232 0.00856682 0.99953 -0.000434786 0.0 0.0 0.0 1.0
stairs/seq-06/color/frame-000188.color.png stairs/seq-06/color/frame-000191.color.png 0.999859 0.0141482 -0.00906524 0.01157 -0.0141222 0.999896 0.00292369 0.00308875 0.00910565 -0.00279523 0.999955 -0.00313422 0.0 0.0 0.0 1.0
stairs/seq-06/color/frame-000191.color.png stairs/seq-06/color/frame-000194.color.png 0.999941 0.00720243 -0.00819241 0.0151178 -0.00723206 0.999967 -0.00359405 0.00225467 0.00816626 0.00365307 0.99996 -0.0157105 0.0 0.0 0.0 1.0
stairs/seq-06/color/frame-000194.color.png stairs/seq-06/color/frame-000197.color.png 0.999812 0.0158769 0.0111356 0.0057383 -0.0158634 0.999873 -0.00130253 -0.00386595 -0.0111548 0.00112566 0.999937 -0.00445968 0.0 0.0 0.0 1.0
stairs/seq-06/color/frame-000197.color.png stairs/seq-06/color/frame-000200.color.png 0.999957 0.0049339 0.00789167 0.00651194 -0.00486491 0.99995 -0.00873709 -0.0059317 -0.00793438 0.00869833 0.999931 0.00376473 0.0 0.0 0.0 1.0
stairs/seq-06/color/frame-000200.color.png stairs/seq-06/color/frame-000203.color.png 0.999959 0.00296148 0.00852828 0.00480336 -0.00295102 0.999995 -0.00123849 -0.0072432 -0.00853191 0.00121326 0.999963 0.00393695 0.0 0.0 0.0 1.0
stairs/seq-06/color/frame-000203.color.png stairs/seq-06/color/frame-000206.color.png 0.999809 0.00366907 0.0192014 0.00238894 -0.0035514 0.999975 -0.00615783 -0.00883645 -0.0192235 0.00608849 0.999797 0.0176229 0.0 0.0 0.0 1.0
stairs/seq-06/color/frame-000206.color.png stairs/seq-06/color/frame-000209.color.png 0.999845 0.00338472 0.0172862 -0.00230645 -0.00325664 0.999967 -0.0074336 -0.00728717 -0.0173108 0.00737613 0.999823 0.0253222 0.0 0.0 0.0 1.0
stairs/seq-06/color/frame-000209.color.png stairs/seq-06/color/frame-000212.color.png 0.999347 0.00544167 0.0357164 -0.00133447 -0.00515493 0.999954 -0.00811467 -0.0104352 -0.0357589 0.00792525 0.999329 0.0277805 0.0 0.0 0.0 1.0
stairs/seq-06/color/frame-000212.color.png stairs/seq-06/color/frame-000215.color.png 0.999103 -0.0413973 -0.00892791 0.00348878 0.0412913 0.999078 -0.0117496 -0.00614877 0.00940608 0.0113705 0.999891 0.0208324 0.0 0.0 0.0 1.0
stairs/seq-06/color/frame-000215.color.png stairs/seq-06/color/frame-000218.color.png 0.999469 0.0203548 0.0254571 -0.00286022 -0.0204762 0.99978 0.00451724 -0.00909179 -0.0253595 -0.00503608 0.999666 0.05046 0.0 0.0 0.0 1.0
stairs/seq-06/color/frame-000218.color.png stairs/seq-06/color/frame-000221.color.png 0.999877 -0.0132805 0.00831686 -0.00108607 0.0133234 0.999898 -0.00513222 0.00256167 -0.00824786 0.00524241 0.999952 0.0239348 0.0 0.0 0.0 1.0
stairs/seq-06/color/frame-000221.color.png stairs/seq-06/color/frame-000224.color.png 0.999825 -0.00441616 0.018209 -0.00793377 0.00424402 0.999946 0.0094824 -0.0104196 -0.0182498 -0.00940345 0.999789 0.0178735 0.0 0.0 0.0 1.0
stairs/seq-06/color/frame-000224.color.png stairs/seq-06/color/frame-000227.color.png 0.999882 -0.0147835 -0.00425121 0.000459582 0.0147811 0.999891 -0.00057979 0.00327604 0.00425931 0.00051689 0.999991 -8.13901e-05 0.0 0.0 0.0 1.0
stairs/seq-06/color/frame-000227.color.png stairs/seq-06/color/frame-000230.color.png 0.999965 -0.00461163 -0.0070211 0.000689685 0.0047098 0.99989 0.0140312 -0.0082134 0.00695561 -0.0140638 0.999877 -0.00670585 0.0 0.0 0.0 1.0
stairs/seq-06/color/frame-000230.color.png stairs/seq-06/color/frame-000233.color.png 0.999955 -0.00709115 0.00633125 -0.00569972 0.00704473 0.999948 0.00732404 0.000467002 -0.00638285 -0.00727914 0.999953 0.000717551 0.0 0.0 0.0 1.0
stairs/seq-06/color/frame-000233.color.png stairs/seq-06/color/frame-000236.color.png 0.999896 -0.0134659 0.0051373 -0.000563443 0.013425 0.999879 0.00791383 0.00699309 -0.00524325 -0.00784401 0.999955 -0.0112533 0.0 0.0 0.0 1.0
stairs/seq-06/color/frame-000236.color.png stairs/seq-06/color/frame-000239.color.png 0.999698 -0.00483934 0.0241082 -0.00268832 0.00438302 0.999811 0.0189452 0.000431195 -0.0241953 -0.0188338 0.99953 -0.0143453 0.0 0.0 0.0 1.0
stairs/seq-06/color/frame-000239.color.png stairs/seq-06/color/frame-000242.color.png 0.999225 -0.00424433 0.0391404 -0.0156627 0.00309421 0.999563 0.0293984 -0.006181 -0.0392481 -0.0292545 0.998801 -0.00176916 0.0 0.0 0.0 1.0
stairs/seq-06/color/frame-000242.color.png stairs/seq-06/color/frame-000245.color.png 0.999126 -0.034978 0.0228622 0.0175626 0.0347194 0.99933 0.0116097 0.0199883 -0.0232529 -0.0108058 0.999671 -0.0265734 0.0 0.0 0.0 1.0
stairs/seq-06/color/frame-000245.color.png stairs/seq-06/color/frame-000248.color.png 0.999131 -0.0111814 0.0401565 -0.00676751 0.0103758 0.999742 0.0202145 0.0158546 -0.0403721 -0.0197803 0.998989 0.00273773 0.0 0.0 0.0 1.0
stairs/seq-06/color/frame-000248.color.png stairs/seq-06/color/frame-000251.color.png 0.999613 -0.0166815 0.0222691 0.00984478 0.0163163 0.999731 0.0164851 0.0156445 -0.0225381 -0.0161154 0.999616 -0.00959986 0.0 0.0 0.0 1.0
stairs/seq-06/color/frame-000251.color.png stairs/seq-06/color/frame-000254.color.png 0.999545 -0.00910545 0.0287489 -0.00406939 0.00832659 0.999598 0.0270963 0.0049127 -0.0289841 -0.0268446 0.999219 0.0206201 0.0 0.0 0.0 1.0
stairs/seq-06/color/frame-000254.color.png stairs/seq-06/color/frame-000257.color.png 0.999225 -0.00628551 0.0388487 -0.00630781 0.00534033 0.999688 0.024386 -0.00964528 -0.0389899 -0.0241596 0.998948 0.0202543 0.0 0.0 0.0 1.0
stairs/seq-06/color/frame-000257.color.png stairs/seq-06/color/frame-000260.color.png 0.999371 -0.0036834 0.0352693 -0.0300757 0.00304673 0.999832 0.018089 -0.0185965 -0.0353299 -0.0179702 0.999214 0.0575994 0.0 0.0 0.0 1.0
stairs/seq-06/color/frame-000260.color.png stairs/seq-06/color/frame-000263.color.png 0.999415 -0.0199591 0.0277729 -0.00797196 0.0202438 0.999745 -0.0100107 -0.013331 -0.0275661 0.0105671 0.999564 0.0398555 0.0 0.0 0.0 1.0
stairs/seq-06/color/frame-000263.color.png stairs/seq-06/color/frame-000266.color.png 0.999425 -0.0147829 0.0305097 -0.0105745 0.0153247 0.999728 -0.0176024 -0.0136097 -0.0302411 0.0180598 0.999379 0.0304492 0.0 0.0 0.0 1.0
stairs/seq-06/color/frame-000266.color.png stairs/seq-06/color/frame-000269.color.png 0.998906 -0.0353129 0.0306663 -0.023773 0.0357783 0.999251 -0.0147638 -0.00993212 -0.0301218 0.0158448 0.999421 0.0435749 0.0 0.0 0.0 1.0
stairs/seq-06/color/frame-000269.color.png stairs/seq-06/color/frame-000272.color.png 0.998715 -0.0264714 0.0432182 -0.0402085 0.0262436 0.999639 0.00583122 -0.00882077 -0.0433569 -0.00468953 0.999049 0.0436458 0.0 0.0 0.0 1.0
stairs/seq-06/color/frame-000272.color.png stairs/seq-06/color/frame-000275.color.png 0.997625 -0.0415337 0.0549452 -0.0374456 0.0406441 0.999026 0.0172116 -0.0354242 -0.0556066 -0.0149375 0.998341 0.0454352 0.0 0.0 0.0 1.0
stairs/seq-06/color/frame-000275.color.png stairs/seq-06/color/frame-000278.color.png 0.999049 -0.0205257 0.0384689 -0.0279514 0.0204222 0.999787 0.00308268 -0.0145785 -0.038524 -0.00229414 0.999255 0.000991255 0.0 0.0 0.0 1.0
stairs/seq-06/color/frame-000278.color.png stairs/seq-06/color/frame-000281.color.png 0.999592 -0.000672851 0.0285579 -0.0338864 0.000319157 0.999923 0.0123888 -0.00939292 -0.028564 -0.0123746 0.999515 0.014115 0.0 0.0 0.0 1.0
stairs/seq-06/color/frame-000281.color.png stairs/seq-06/color/frame-000284.color.png 0.999914 0.00358233 -0.0126034 0.00326729 -0.00339835 0.999888 0.0145904 -0.0198832 0.0126542 -0.0145463 0.999814 -0.00584069 0.0 0.0 0.0 1.0
stairs/seq-06/color/frame-000284.color.png stairs/seq-06/color/frame-000287.color.png 0.999843 0.00721773 -0.016209 0.00430387 -0.00721103 0.999974 0.000471548 -0.0168296 0.016212 -0.000354589 0.999869 -0.00765064 0.0 0.0 0.0 1.0
stairs/seq-06/color/frame-000287.color.png stairs/seq-06/color/frame-000290.color.png 0.999978 -0.000492145 -0.00654286 0.0172978 0.000380459 0.999854 -0.0170652 0.0301999 0.00655028 0.0170624 0.999833 -0.027395 0.0 0.0 0.0 1.0
stairs/seq-06/color/frame-000290.color.png stairs/seq-06/color/frame-000293.color.png 0.999208 -0.0160583 0.0364144 -0.0204128 0.0155785 0.999789 0.0134208 -0.0155394 -0.0366221 -0.0128429 0.999247 0.00542578 0.0 0.0 0.0 1.0
stairs/seq-06/color/frame-000293.color.png stairs/seq-06/color/frame-000296.color.png 0.997849 -0.017153 0.0632658 -0.0427629 0.0159412 0.999681 0.01961 -0.0191006 -0.0635821 -0.0185593 0.997804 0.00840467 0.0 0.0 0.0 1.0
stairs/seq-06/color/frame-000296.color.png stairs/seq-06/color/frame-000299.color.png 0.994284 -0.0467875 0.0959716 -0.0494688 0.0466567 0.998904 0.00360704 -0.0131255 -0.0960351 0.000891343 0.995378 0.0388679 0.0 0.0 0.0 1.0
stairs/seq-06/color/frame-000299.color.png stairs/seq-06/color/frame-000302.color.png 0.997486 -0.0576716 0.0411887 -0.00899909 0.0586315 0.998026 -0.0224906 0.0101048 -0.0398105 0.024849 0.998898 -0.0198109 0.0 0.0 0.0 1.0
stairs/seq-06/color/frame-000302.color.png stairs/seq-06/color/frame-000305.color.png 0.998947 -0.0241237 0.0390268 -0.0100121 0.0242491 0.999702 -0.00274315 -0.00299436 -0.038949 0.00368661 0.999234 0.0126643 0.0 0.0 0.0 1.0
stairs/seq-06/color/frame-000305.color.png stairs/seq-06/color/frame-000308.color.png 0.999547 0.000594788 0.0301011 0.00751542 8.02781e-06 0.9998 -0.0200256 0.0473254 -0.030107 0.0200168 0.999346 -0.0125195 0.0 0.0 0.0 1.0
stairs/seq-06/color/frame-000308.color.png stairs/seq-06/color/frame-000311.color.png 0.999503 0.0161007 0.0270897 -0.000303537 -0.0167181 0.999602 0.0227254 0.0140957 -0.0267133 -0.023167 0.999375 0.0300687 0.0 0.0 0.0 1.0
stairs/seq-06/color/frame-000311.color.png stairs/seq-06/color/frame-000314.color.png 0.999875 0.0104644 0.0118106 -0.017062 -0.0105563 0.999914 0.00774237 -0.00754722 -0.0117283 -0.00786603 0.9999 0.00422248 0.0 0.0 0.0 1.0
stairs/seq-06/color/frame-000314.color.png stairs/seq-06/color/frame-000317.color.png 0.99987 0.0105434 0.0122195 -0.0419824 -0.0105279 0.999944 -0.00133073 -0.0120356 -0.012233 0.00120186 0.999925 0.00554472 0.0 0.0 0.0 1.0
stairs/seq-06/color/frame-000317.color.png stairs/seq-06/color/frame-000320.color.png 0.999975 -0.00420323 -0.00562164 -0.0222151 0.00414844 0.999944 -0.00969768 -0.0129916 0.00566211 0.00967421 0.999937 -0.016714 0.0 0.0 0.0 1.0
stairs/seq-06/color/frame-000320.color.png stairs/seq-06/color/frame-000323.color.png 0.999914 -0.00379 0.0125239 -0.0448704 0.00397704 0.99988 -0.0149433 0.00897548 -0.0124657 0.0149918 0.99981 0.00903058 0.0 0.0 0.0 1.0
stairs/seq-06/color/frame-000323.color.png stairs/seq-06/color/frame-000326.color.png 0.999874 0.00250222 0.015658 -0.0481771 -0.0027273 0.999893 0.0143678 -0.0277705 -0.0156204 -0.0144088 0.999774 0.00349742 0.0 0.0 0.0 1.0
stairs/seq-06/color/frame-000326.color.png stairs/seq-06/color/frame-000329.color.png 0.999957 0.00928642 -0.000624199 -0.0248662 -0.00927694 0.999864 0.0136658 -0.00918186 0.000751075 -0.0136595 0.999907 0.000467718 0.0 0.0 0.0 1.0
stairs/seq-06/color/frame-000329.color.png stairs/seq-06/color/frame-000332.color.png 0.99998 0.00295388 0.00558415 -0.0241029 -0.00307416 0.999761 0.0216376 -0.021724 -0.00551883 -0.0216543 0.99975 0.00946495 0.0 0.0 0.0 1.0
stairs/seq-06/color/frame-000332.color.png stairs/seq-06/color/frame-000335.color.png 0.999879 0.00714819 0.01378 -0.0375726 -0.00734932 0.999866 0.0146041 -0.00851598 -0.0136739 -0.0147036 0.999798 0.00759941 0.0 0.0 0.0 1.0
stairs/seq-06/color/frame-000335.color.png stairs/seq-06/color/frame-000338.color.png 0.99845 -0.0157404 0.0533873 -0.0989001 0.0141518 0.999449 0.0300077 -0.069011 -0.0538303 -0.0292057 0.998123 0.0810228 0.0 0.0 0.0 1.0
stairs/seq-06/color/frame-000338.color.png stairs/seq-06/color/frame-000341.color.png 0.999882 -0.014681 -0.0046583 -0.0147521 0.0146031 0.99976 -0.0163073 0.011821 0.00489656 0.0162373 0.999856 0.0192221 0.0 0.0 0.0 1.0
stairs/seq-06/color/frame-000341.color.png stairs/seq-06/color/frame-000344.color.png 0.999526 -0.0307661 -0.000456901 -0.0327262 0.030765 0.999524 -0.00219617 -0.0225771 0.000524229 0.00218111 0.999998 0.0354568 0.0 0.0 0.0 1.0
stairs/seq-06/color/frame-000344.color.png stairs/seq-06/color/frame-000347.color.png 0.999564 -0.0284286 0.00799196 -0.0343787 0.0285334 0.999504 -0.0133241 -0.00263152 -0.00760924 0.0135463 0.999879 0.0161653 0.0 0.0 0.0 1.0
stairs/seq-06/color/frame-000347.color.png stairs/seq-06/color/frame-000350.color.png 0.999429 -0.0267476 0.0206303 -0.0487403 0.0270157 0.999553 -0.0128239 0.00583312 -0.0202781 0.0133739 0.999705 0.0125488 0.0 0.0 0.0 1.0
stairs/seq-06/color/frame-000350.color.png stairs/seq-06/color/frame-000353.color.png 0.999649 -0.0166258 0.0206284 -0.0442606 0.0163812 0.999794 0.0119721 -0.018296 -0.0208232 -0.0116299 0.999715 -0.00511563 0.0 0.0 0.0 1.0
stairs/seq-06/color/frame-000353.color.png stairs/seq-06/color/frame-000356.color.png 0.999846 -0.00882771 0.0151572 -0.02381 0.0087163 0.999935 0.00739576 -0.00760838 -0.0152214 -0.00726253 0.999858 0.000805616 0.0 0.0 0.0 1.0
stairs/seq-06/color/frame-000356.color.png stairs/seq-06/color/frame-000359.color.png 0.999966 0.00103577 0.00816323 -0.0136995 -0.0010367 1.0 0.00011427 -0.00329977 -0.00816319 -0.000122702 0.999967 0.00394386 0.0 0.0 0.0 1.0
stairs/seq-06/color/frame-000359.color.png stairs/seq-06/color/frame-000362.color.png 0.999974 0.00676812 0.00237576 -0.0145107 -0.00678137 0.999961 0.00565244 -0.0191972 -0.00233741 -0.00566835 0.999981 -0.00224954 0.0 0.0 0.0 1.0
stairs/seq-06/color/frame-000362.color.png stairs/seq-06/color/frame-000365.color.png 0.999951 0.00787811 -0.00588913 -0.013944 -0.00792747 0.999933 -0.00839465 0.00295532 0.00582252 0.0084409 0.999947 -0.00644785 0.0 0.0 0.0 1.0
stairs/seq-06/color/frame-000365.color.png stairs/seq-06/color/frame-000368.color.png 0.99924 0.00697976 0.0383419 -0.0941009 -0.0073278 0.999933 0.00894196 -0.0226795 -0.0382768 -0.00921615 0.999225 0.0456119 0.0 0.0 0.0 1.0
stairs/seq-06/color/frame-000368.color.png stairs/seq-06/color/frame-000371.color.png 0.999991 -0.00246966 0.00351091 -0.0344547 0.00249418 0.999973 -0.00697271 -0.00647491 -0.00349376 0.00698136 0.99997 0.00322926 0.0 0.0 0.0 1.0
stairs/seq-06/color/frame-000371.color.png stairs/seq-06/color/frame-000374.color.png 0.999919 -0.0113581 -0.00570135 -0.0293338 0.0113018 0.999888 -0.00982184 0.00265884 0.00581238 0.00975669 0.999935 -0.00725418 0.0 0.0 0.0 1.0
stairs/seq-06/color/frame-000374.color.png stairs/seq-06/color/frame-000377.color.png 0.999726 -0.0169581 -0.0161438 -0.023773 0.0166343 0.999662 -0.0199804 0.00772378 0.0164772 0.0197063 0.99967 0.00717413 0.0 0.0 0.0 1.0
stairs/seq-06/color/frame-000377.color.png stairs/seq-06/color/frame-000380.color.png 0.999215 -0.00534499 -0.0392591 0.00375208 0.00486984 0.999914 -0.0121889 0.0279382 0.0393209 0.0119882 0.999155 0.0274649 0.0 0.0 0.0 1.0
stairs/seq-06/color/frame-000380.color.png stairs/seq-06/color/frame-000383.color.png 0.998502 -0.0259487 -0.0481793 -0.00347936 0.0252291 0.999562 -0.0154859 0.012859 0.0485602 0.0142472 0.998719 0.0115415 0.0 0.0 0.0 1.0
stairs/seq-06/color/frame-000383.color.png stairs/seq-06/color/frame-000386.color.png 0.999362 -0.0161478 -0.031857 0.00290921 0.016058 0.999866 -0.00307072 0.00133237 0.0319021 0.00255714 0.999488 -0.00197375 0.0 0.0 0.0 1.0
stairs/seq-06/color/frame-000386.color.png stairs/seq-06/color/frame-000389.color.png 0.999634 0.00535953 0.0265315 -0.0474064 -0.00539147 0.999985 0.0011342 0.00396883 -0.026525 -0.00127682 0.999647 0.0518346 0.0 0.0 0.0 1.0
stairs/seq-06/color/frame-000389.color.png stairs/seq-06/color/frame-000392.color.png 0.999895 0.00853327 -0.0117208 0.00522143 -0.00871845 0.999837 -0.0158403 0.00189349 0.0115837 0.0159408 0.999806 -0.00900894 0.0 0.0 0.0 1.0
stairs/seq-06/color/frame-000392.color.png stairs/seq-06/color/frame-000395.color.png 0.999782 0.0197862 -0.0066971 0.0105385 -0.0198156 0.999794 -0.0043417 -0.00922245 0.00660989 0.00447342 0.999968 -0.00466532 0.0 0.0 0.0 1.0
stairs/seq-06/color/frame-000395.color.png stairs/seq-06/color/frame-000398.color.png 0.999421 0.0238857 -0.0242131 0.0245765 -0.0238229 0.999712 0.00287683 -0.020514 0.0242747 -0.0022983 0.999703 0.00691032 0.0 0.0 0.0 1.0
stairs/seq-06/color/frame-000398.color.png stairs/seq-06/color/frame-000401.color.png 0.999537 0.0203963 -0.022595 0.0311918 -0.0201034 0.999712 0.0131168 -0.0201232 0.0228561 -0.0126565 0.999659 0.00594807 0.0 0.0 0.0 1.0
stairs/seq-06/color/frame-000401.color.png stairs/seq-06/color/frame-000404.color.png 0.999978 0.00456579 -0.00477664 0.0103461 -0.00456412 0.999989 0.000352954 -0.0216973 0.00477823 -0.000331217 0.999988 -0.008371 0.0 0.0 0.0 1.0
stairs/seq-06/color/frame-000404.color.png stairs/seq-06/color/frame-000407.color.png 0.99986 0.0153817 -0.00661197 0.0120496 -0.0153062 0.999819 0.0113431 -0.0143275 0.00678523 -0.0112403 0.999914 0.00350428 0.0 0.0 0.0 1.0
stairs/seq-06/color/frame-000407.color.png stairs/seq-06/color/frame-000410.color.png 0.999975 0.000371672 -0.00704003 -0.00522232 -0.000412128 0.999983 -0.00575493 -0.00240788 0.00703776 0.00575768 0.999959 0.007743 0.0 0.0 0.0 1.0
stairs/seq-06/color/frame-000410.color.png stairs/seq-06/color/frame-000413.color.png 0.998783 -0.0214844 -0.0444042 0.0199347 0.0200804 0.999292 -0.0318261 0.02683 0.0450565 0.0308956 0.998507 0.037553 0.0 0.0 0.0 1.0
stairs/seq-06/color/frame-000413.color.png stairs/seq-06/color/frame-000416.color.png 0.999896 0.0124818 -0.00716175 0.0110996 -0.0124345 0.999901 0.00661091 0.00309893 0.00724354 -0.00652121 0.999952 0.0126174 0.0 0.0 0.0 1.0
stairs/seq-06/color/frame-000416.color.png stairs/seq-06/color/frame-000419.color.png 0.999779 -0.00829474 -0.0193117 -0.00681591 0.00813154 0.999931 -0.00851858 -0.0163219 0.019381 0.0083597 0.999777 0.0131248 0.0 0.0 0.0 1.0
stairs/seq-06/color/frame-000419.color.png stairs/seq-06/color/frame-000422.color.png 0.999491 0.0153072 -0.0279767 0.00289667 -0.0155649 0.999838 -0.00901804 -0.00668526 0.0278342 0.00944891 0.999568 0.00977504 0.0 0.0 0.0 1.0
stairs/seq-06/color/frame-000422.color.png stairs/seq-06/color/frame-000425.color.png 0.999623 0.000725563 -0.0274518 0.00167549 -0.000779955 0.999998 -0.0019718 -0.0131959 0.0274503 0.00199246 0.999621 0.0121655 0.0 0.0 0.0 1.0
stairs/seq-06/color/frame-000425.color.png stairs/seq-06/color/frame-000428.color.png 0.999731 0.0175829 -0.0151488 -0.00365549 -0.0175557 0.999844 0.0019231 -0.0138012 0.0151802 -0.00165666 0.999883 -0.00109965 0.0 0.0 0.0 1.0
stairs/seq-06/color/frame-000428.color.png stairs/seq-06/color/frame-000431.color.png 0.999686 0.000689721 -0.0250552 -0.00400811 -0.000659204 0.999999 0.00122609 -0.00899076 0.025056 -0.00120922 0.999685 0.0034368 0.0 0.0 0.0 1.0
stairs/seq-06/color/frame-000431.color.png stairs/seq-06/color/frame-000434.color.png 0.999967 -0.00540518 -0.00601728 -0.013417 0.00557401 0.999581 0.0283953 -0.0174015 0.00586126 -0.0284279 0.999579 -0.016812 0.0 0.0 0.0 1.0
stairs/seq-06/color/frame-000434.color.png stairs/seq-06/color/frame-000437.color.png 0.999628 -0.00957263 0.0255461 -0.047683 0.00923385 0.999868 0.0133466 -0.0142978 -0.0256704 -0.0131057 0.999585 -0.036447 0.0 0.0 0.0 1.0
stairs/seq-06/color/frame-000437.color.png stairs/seq-06/color/frame-000440.color.png 0.999692 -0.00501854 0.0243197 -0.0294678 0.00491004 0.999978 0.00451793 -0.00454536 -0.0243419 -0.00439718 0.999694 -0.0233535 0.0 0.0 0.0 1.0
stairs/seq-06/color/frame-000440.color.png stairs/seq-06/color/frame-000443.color.png 0.999981 0.00186443 0.00585586 -0.0276901 -0.00187723 0.999996 0.00218687 -0.0139947 -0.00585174 -0.00219776 0.99998 -0.0146024 0.0 0.0 0.0 1.0
stairs/seq-06/color/frame-000443.color.png stairs/seq-06/color/frame-000446.color.png 0.999818 0.00528141 0.0183405 -0.0260435 -0.00554913 0.999878 0.0145731 -0.0214868 -0.0182613 -0.0146722 0.999726 -0.0206077 0.0 0.0 0.0 1.0
stairs/seq-06/color/frame-000446.color.png stairs/seq-06/color/frame-000449.color.png 0.999917 0.0108266 0.00696692 -0.0132105 -0.0108762 0.999915 0.00713103 -0.0181734 -0.00688896 -0.00720619 0.99995 -0.00524861 0.0 0.0 0.0 1.0
stairs/seq-06/color/frame-000449.color.png stairs/seq-06/color/frame-000452.color.png 0.999758 0.0126183 0.0180217 -0.030239 -0.0129835 0.99971 0.0202944 -0.0396849 -0.0177605 -0.0205235 0.999632 -0.010474 0.0 0.0 0.0 1.0
stairs/seq-06/color/frame-000452.color.png stairs/seq-06/color/frame-000455.color.png 0.99994 0.00914521 0.00606687 -0.00870913 -0.00918079 0.999941 0.00586151 -0.0122354 -0.00601303 -0.00591688 0.999965 0.00535572 0.0 0.0 0.0 1.0
stairs/seq-06/color/frame-000455.color.png stairs/seq-06/color/frame-000458.color.png 0.99977 0.00123022 0.0213941 -0.0223147 -0.00136759 0.999979 0.00640805 -0.0131363 -0.0213856 -0.00643573 0.99975 -3.05772e-05 0.0 0.0 0.0 1.0
stairs/seq-06/color/frame-000458.color.png stairs/seq-06/color/frame-000461.color.png 0.99885 0.015177 0.0454814 -0.0347008 -0.0158872 0.999757 0.0152926 -0.0281581 -0.0452382 -0.0159977 0.998848 -0.0204394 0.0 0.0 0.0 1.0
stairs/seq-06/color/frame-000461.color.png stairs/seq-06/color/frame-000464.color.png 0.999717 -0.0222242 0.00852944 -0.0370573 0.022359 0.999621 -0.0160532 -0.00568068 -0.00816936 0.0162393 0.999835 0.00901473 0.0 0.0 0.0 1.0
stairs/seq-06/color/frame-000464.color.png stairs/seq-06/color/frame-000467.color.png 0.999954 -0.00813029 0.00500864 -0.0139949 0.00819772 0.999874 -0.0135976 0.0144221 -0.00489747 0.0136381 0.999895 0.0194885 0.0 0.0 0.0 1.0
stairs/seq-06/color/frame-000467.color.png stairs/seq-06/color/frame-000470.color.png 0.999893 -0.0141221 0.0038078 -0.0245402 0.0141178 0.9999 0.00114882 -0.000421703 -0.00382368 -0.001095 0.999992 0.00491393 0.0 0.0 0.0 1.0
stairs/seq-06/color/frame-000470.color.png stairs/seq-06/color/frame-000473.color.png 0.999951 -0.00624949 0.00770143 -0.014329 0.00629679 0.999961 -0.00612688 0.00717777 -0.00766271 0.00617514 0.999951 0.0113673 0.0 0.0 0.0 1.0
stairs/seq-06/color/frame-000473.color.png stairs/seq-06/color/frame-000476.color.png 0.999989 0.00463048 -0.000454711 -0.0132645 -0.00462633 0.999952 0.00866295 -0.0142903 0.000494684 -0.00866074 0.999962 -0.00767392 0.0 0.0 0.0 1.0
stairs/seq-06/color/frame-000476.color.png stairs/seq-06/color/frame-000479.color.png 0.999908 0.00314331 -0.0132248 -0.00770921 -0.00322769 0.999975 -0.00636002 -0.00667459 0.0132046 0.00640212 0.999892 0.0133882 0.0 0.0 0.0 1.0
stairs/seq-06/color/frame-000479.color.png stairs/seq-06/color/frame-000482.color.png 0.999864 0.00948553 -0.0134936 -0.00784528 -0.00930322 0.999865 0.0135099 -0.0325916 0.0136198 -0.0133825 0.999818 -0.00147915 0.0 0.0 0.0 1.0
stairs/seq-06/color/frame-000482.color.png stairs/seq-06/color/frame-000485.color.png 0.999099 0.00536742 -0.0421078 0.0138625 -0.00549629 0.999981 -0.00294471 -0.00941545 0.0420912 0.0031735 0.999109 0.0346842 0.0 0.0 0.0 1.0
stairs/seq-06/color/frame-000485.color.png stairs/seq-06/color/frame-000488.color.png 0.99978 0.000296749 -0.0209889 7.02739e-05 -0.000315326 1.0 -0.0008861 -0.00702709 0.0209886 0.000892549 0.999779 0.0167201 0.0 0.0 0.0 1.0
stairs/seq-06/color/frame-000488.color.png stairs/seq-06/color/frame-000491.color.png 0.999366 0.0140007 -0.0327222 0.0117823 -0.0136351 0.999842 0.0113744 -0.0233434 0.0328763 -0.010921 0.9994 0.0275667 0.0 0.0 0.0 1.0
stairs/seq-06/color/frame-000491.color.png stairs/seq-06/color/frame-000494.color.png 0.99865 0.00910892 -0.0511322 0.0361382 -0.00887047 0.999949 0.0048882 -0.005463 0.0511741 -0.00442806 0.99868 0.0604377 0.0 0.0 0.0 1.0
stairs/seq-06/color/frame-000494.color.png stairs/seq-06/color/frame-000497.color.png 0.998456 0.0113629 -0.0543677 0.0403888 -0.0115217 0.99993 -0.00260827 0.0110938 0.0543343 0.00323061 0.998518 0.0822513 0.0 0.0 0.0 1.0
