stairs/seq-06/color/frame-000001.color.png stairs/seq-06/color/frame-000003.color.png 0.999987 0.000864958 0.0049939 6.75505e-05 -0.000950342 0.999853 0.0171206 0.00130686 -0.00497836 -0.0171252 0.999841 0.00607898 0.0 0.0 0.0 1.0
stairs/seq-06/color/frame-000003.color.png stairs/seq-06/color/frame-000005.color.png 0.999987 -0.0040284 0.0030241 0.000222234 0.00401355 0.99998 0.00489881 0.0030818 -0.00304377 -0.00488661 0.999983 0.0024896 0.0 0.0 0.0 1.0
stairs/seq-06/color/frame-000005.color.png stairs/seq-06/color/frame-000007.color.png 0.999975 -0.004488 0.00540942 0.000680703 0.00445692 0.999974 0.00574525 -1.81417e-05 -0.00543506 -0.005721 0.999969 0.00442706 0.0 0.0 0.0 1.0
stairs/seq-06/color/frame-000007.color.png stairs/seq-06/color/frame-000009.color.png 0.999988 0.000502223 0.00490875 -0.000293909 -0.000520662 0.999993 0.00375578 0.00152136 -0.00490683 -0.00375829 0.999981 -0.00108341 0.0 0.0 0.0 1.0
stairs/seq-06/color/frame-000009.color.png stairs/seq-06/color/frame-000011.color.png 0.999941 -0.00377304 0.0102267 0.00182538 0.00368697 0.999958 0.00842275 0.00110352 -0.0102581 -0.00838454 0.999912 0.00217183 0.0 0.0 0.0 1.0
stairs/seq-06/color/frame-000011.color.png stairs/seq-06/color/frame-000013.color.png 0.999945 -0.00556839 0.00886951 0.00105216 0.00551245 0.999965 0.00631787 0.00465573 -0.00890438 -0.00626864 0.999941 0.00420693 0.0 0.0 0.0 1.0
stairs/seq-06/color/frame-000013.color.png stairs/seq-06/color/frame-000015.color.png 0.999866 -0.00714792 0.0146955 0.00231386 0.00702595 0.999941 0.00833507 0.000556635 -0.0147542 -0.00823071 0.999857 0.00211277 0.0 0.0 0.0 1.0
stairs/seq-06/color/frame-000015.color.png stairs/seq-06/color/frame-000017.color.png 0.999933 -0.0050625 0.0104449 0.00159589 0.00498553 0.99996 0.00738159 0.0049139 -0.0104818 -0.00732901 0.999918 0.00127047 0.0 0.0 0.0 1.0
stairs/seq-06/color/frame-000017.color.png stairs/seq-06/color/frame-000019.color.png 0.999908 -0.0117089 0.00681825 0.00403808 0.0115772 0.999752 0.0190464 0.00381766 -0.00703958 -0.0189658 0.999795 0.00444061 0.0 0.0 0.0 1.0
stairs/seq-06/color/frame-000019.color.png stairs/seq-06/color/frame-000021.color.png 0.999963 -0.00368675 0.00776595 -0.000182838 0.0036098 0.999944 0.00990059 0.00507007 -0.007802 -0.00987217 0.999921 0.00857279 0.0 0.0 0.0 1.0
stairs/seq-06/color/frame-000021.color.png stairs/seq-06/color/frame-000023.color.png 0.999952 -0.00477267 0.00856717 0.000915728 0.00470057 0.999954 0.00841733 0.00896136 -0.00860696 -0.00837666 0.999928 -0.00178501 0.0 0.0 0.0 1.0
stairs/seq-06/color/frame-000023.color.png stairs/seq-06/color/frame-000025.color.png 0.999963 -0.000523536 0.00860472 0.00177457 0.00038814 0.999876 0.0157288 4.711e-05 -0.0086119 -0.0157249 0.999839 0.00113147 0.0 0.0 0.0 1.0
stairs/seq-06/color/frame-000025.color.png stairs/seq-06/color/frame-000027.color.png 0.999795 -0.00744941 0.0188342 -0.000212132 0.00703839 0.999738 0.0217962 0.00698853 -0.0189916 -0.0216591 0.999585 0.0141453 0.0 0.0 0.0 1.0
stairs/seq-06/color/frame-000027.color.png stairs/seq-06/color/frame-000029.color.png 0.99972 -0.0102991 0.0213048 -0.000137392 0.0100672 0.999889 0.0109628 0.0111279 -0.0214153 -0.0107452 0.999713 0.0173956 0.0 0.0 0.0 1.0
stairs/seq-06/color/frame-000029.color.png stairs/seq-06/color/frame-000031.color.png 0.999895 -0.00424125 0.0138677 0.00587917 0.00415538 0.999972 0.00621654 0.00205846 -0.0138937 -0.00615827 0.999884 -0.00577921 0.0 0.0 0.0 1.0
stairs/seq-06/color/frame-000031.color.png stairs/seq-06/color/frame-000033.color.png 0.999543 -0.0141263 0.0267294 0.00477683 0.0139506 0.99988 0.00674652 0.00579924 -0.0268214 -0.00637055 0.99962 0.0123047 0.0 0.0 0.0 1.0
stairs/seq-06/color/frame-000033.color.png stairs/seq-06/color/frame-000035.color.png 0.999452 -0.00732298 0.0322831 0.00725478 0.00720375 0.999967 0.00380856 0.0135484 -0.0323099 -0.00357387 0.999471 0.00794623 0.0 0.0 0.0 1.0
stairs/seq-06/color/frame-000035.color.png stairs/seq-06/color/frame-000037.color.png 0.999497 -0.013059 0.028884 0.00862146 0.0128869 0.999898 0.00613429 0.0175453 -0.0289611 -0.00575899 0.999564 -0.00594559 0.0 0.0 0.0 1.0
stairs/seq-06/color/frame-000037.color.png stairs/seq-06/color/frame-000039.color.png 0.999386 -0.0156735 0.0313323 0.00420435 0.014992 0.999648 0.0218695 0.0128273 -0.0316641 -0.0213863 0.99927 0.0104237 0.0 0.0 0.0 1.0
stairs/seq-06/color/frame-000039.color.png stairs/seq-06/color/frame-000041.color.png 0.999499 -0.0207943 0.0238596 0.0194458 0.0204786 0.999701 0.0133982 0.0076644 -0.024131 -0.0129029 0.999626 -0.00288049 0.0 0.0 0.0 1.0
stairs/seq-06/color/frame-000041.color.png stairs/seq-06/color/frame-000043.color.png 0.999639 -0.0191045 0.0188717 0.0181168 0.0189245 0.999774 0.00967381 0.0192984 -0.0190523 -0.00931322 0.999775 -0.0141801 0.0 0.0 0.0 1.0
stairs/seq-06/color/frame-000043.color.png stairs/seq-06/color/frame-000045.color.png 0.999698 -0.0189206 0.0156956 0.0141093 0.0185695 0.999581 0.0222243 0.0121917 -0.0161095 -0.021926 0.99963 0.00594042 0.0 0.0 0.0 1.0
stairs/seq-06/color/frame-000045.color.png stairs/seq-06/color/frame-000047.color.png 0.9996 -0.00608482 0.0276073 -0.01315 0.00565842 0.999864 0.0154968 -0.000586286 -0.027698 -0.0153345 0.999499 0.0220138 0.0 0.0 0.0 1.0
stairs/seq-06/color/frame-000047.color.png stairs/seq-06/color/frame-000049.color.png 0.999779 -0.00951193 0.0187714 0.0126486 0.00932437 0.999906 0.0100547 0.0108517 -0.0188652 -0.0098774 0.999773 0.00784664 0.0 0.0 0.0 1.0
stairs/seq-06/color/frame-000049.color.png stairs/seq-06/color/frame-000051.color.png 0.999389 -0.0121893 0.0327758 -0.00350849 0.0114132 0.999653 0.0237607 -0.0170262 -0.0330542 -0.0233721 0.99918 0.0131806 0.0 0.0 0.0 1.0
stairs/seq-06/color/frame-000051.color.png stairs/seq-06/color/frame-000053.color.png 0.999721 -0.00657872 0.0227094 0.0118447 0.00650128 0.999973 0.00348359 0.00630499 -0.0227318 -0.00333504 0.999736 -0.00321618 0.0 0.0 0.0 1.0
stairs/seq-06/color/frame-000053.color.png stairs/seq-06/color/frame-000055.color.png 0.999588 -0.00928532 0.0271738 0.00642144 0.0094859 0.999929 -0.00726082 0.0316334 -0.0271044 0.00751564 0.999604 -0.000876784 0.0 0.0 0.0 1.0
stairs/seq-06/color/frame-000055.color.png stairs/seq-06/color/frame-000057.color.png 0.999541 -0.015352 0.0261012 0.00626414 0.0150659 0.999825 0.0111237 -0.00852476 -0.0262674 -0.0107253 0.999597 -0.00229118 0.0 0.0 0.0 1.0
stairs/seq-06/color/frame-000057.color.png stairs/seq-06/color/frame-000059.color.png 0.999108 -0.0173903 0.0384794 -0.000236295 0.016741 0.999713 0.0171306 -0.0151478 -0.0387663 -0.0164711 0.999113 -0.00166266 0.0 0.0 0.0 1.0
stairs/seq-06/color/frame-000059.color.png stairs/seq-06/color/frame-000061.color.png 0.999654 -0.0214611 0.015226 0.0298341 0.0213697 0.999753 0.00614396 -0.0116117 -0.0153541 -0.00581647 0.999865 -0.00884768 0.0 0.0 0.0 1.0
stairs/seq-06/color/frame-000061.color.png stairs/seq-06/color/frame-000063.color.png 0.999554 0.0118398 0.0274072 0.00303708 -0.0122148 0.999834 0.0135553 -0.00025402 -0.0272422 -0.0138841 0.999532 -0.00409795 0.0 0.0 0.0 1.0
stairs/seq-06/color/frame-000063.color.png stairs/seq-06/color/frame-000065.color.png 0.999809 -0.0127651 0.014776 0.0182004 0.0128029 0.999915 -0.00246363 -0.00268264 -0.0147433 0.00265231 0.999888 -0.00926116 0.0 0.0 0.0 1.0
stairs/seq-06/color/frame-000065.color.png stairs/seq-06/color/frame-000067.color.png 0.999844 0.000608863 0.0176627 0.0123522 -0.000547991 0.999994 -0.00345265 -0.0029352 -0.0176647 0.0034424 0.999838 -0.00598175 0.0 0.0 0.0 1.0
stairs/seq-06/color/frame-000067.color.png stairs/seq-06/color/frame-000069.color.png 0.999987 -0.000716258 0.00495939 0.0365784 0.000831506 0.999729 -0.0232698 0.0154807 -0.00494132 0.0232736 0.999717 -0.0209394 0.0 0.0 0.0 1.0
stairs/seq-06/color/frame-000069.color.png stairs/seq-06/color/frame-000071.color.png 0.99953 0.0139683 0.0272855 0.00855106 -0.0137315 0.999867 -0.00884616 -0.0171363 -0.0274054 0.00846733 0.999588 -0.0116634 0.0 0.0 0.0 1.0
stairs/seq-06/color/frame-000071.color.png stairs/seq-06/color/frame-000073.color.png 0.999921 -0.00576412 0.0111866 0.0157399 0.00584614 0.999956 -0.00731259 -0.0207674 -0.011144 0.00737738 0.999911 -0.0042963 0.0 0.0 0.0 1.0
stairs/seq-06/color/frame-000073.color.png stairs/seq-06/color/frame-000075.color.png 0.999958 -8.97544e-05 -0.00919156 0.0298064 -1.81665e-05 0.999931 -0.0117349 -0.0182384 0.00919209 0.0117347 0.999889 -0.00788725 0.0 0.0 0.0 1.0
stairs/seq-06/color/frame-000075.color.png stairs/seq-06/color/frame-000077.color.png 0.999494 0.0314833 -0.00451329 0.00965741 -0.0315861 0.999191 -0.024878 -0.0201927 0.00372656 0.025008 0.99968 -0.00356359 0.0 0.0 0.0 1.0
stairs/seq-06/color/frame-000077.color.png stairs/seq-06/color/frame-000079.color.png 0.99933 0.0344199 -0.0124759 0.00369433 -0.0349887 0.998202 -0.0486722 -0.0296712 0.0107781 0.0490761 0.998737 -0.00346067 0.0 0.0 0.0 1.0
stairs/seq-06/color/frame-000079.color.png stairs/seq-06/color/frame-000081.color.png 0.999199 0.0327878 -0.0229547 -0.00485066 -0.0341976 0.997364 -0.0639886 -0.00963311 0.0207962 0.0647223 0.997687 -0.00961359 0.0 0.0 0.0 1.0
stairs/seq-06/color/frame-000081.color.png stairs/seq-06/color/frame-000083.color.png 0.99905 0.0362924 -0.0241346 -0.0191422 -0.0377601 0.997272 -0.0634322 -0.0287417 0.0217666 0.0642833 0.997694 -0.0159691 0.0 0.0 0.0 1.0
stairs/seq-06/color/frame-000083.color.png stairs/seq-06/color/frame-000085.color.png 0.998712 0.0433892 -0.0263135 -0.00360265 -0.0445349 0.99801 -0.0446383 -0.00255597 0.0243243 0.0457526 0.998657 -0.00790905 0.0 0.0 0.0 1.0
stairs/seq-06/color/frame-000085.color.png stairs/seq-06/color/frame-000087.color.png 0.999596 0.0221195 -0.0178533 -0.00607803 -0.0225989 0.999377 -0.0271096 0.00342629 0.0172426 0.0275021 0.999473 -0.00919536 0.0 0.0 0.0 1.0
stairs/seq-06/color/frame-000087.color.png stairs/seq-06/color/frame-000089.color.png 0.999324 0.0321504 -0.0178162 -0.00327322 -0.032577 0.999176 -0.0241962 -0.0025175 0.0170237 0.0247602 0.999548 -0.00491365 0.0 0.0 0.0 1.0
stairs/seq-06/color/frame-000089.color.png stairs/seq-06/color/frame-000091.color.png 0.99971 0.0233933 -0.00567481 -0.0168713 -0.023395 0.999726 -0.000242464 -0.00921678 0.0056675 0.000375156 0.999984 0.00159457 0.0 0.0 0.0 1.0
stairs/seq-06/color/frame-000091.color.png stairs/seq-06/color/frame-000093.color.png 0.99976 0.0209232 0.0064173 -0.0188031 -0.020957 0.999766 0.00525021 -0.00441972 -0.0063059 -0.00538346 0.999966 0.0140079 0.0 0.0 0.0 1.0
stairs/seq-06/color/frame-000093.color.png stairs/seq-06/color/frame-000095.color.png 0.999845 0.011113 -0.0136572 0.0189805 -0.0111118 0.999938 0.000158936 -0.00151557 0.013658 -7.14149e-06 0.999907 -0.00366094 0.0 0.0 0.0 1.0
stairs/seq-06/color/frame-000095.color.png stairs/seq-06/color/frame-000097.color.png 0.999949 0.00889617 -0.00486719 0.00342339 -0.00891457 0.999953 -0.00376975 0.00783964 0.00483338 0.00381294 0.999981 0.00124218 0.0 0.0 0.0 1.0
stairs/seq-06/color/frame-000097.color.png stairs/seq-06/color/frame-000099.color.png 0.999848 0.0169312 -0.00406806 0.0115703 -0.0169163 0.99985 0.00366861 -0.0205058 0.00412959 -0.00359924 0.999985 -0.00919406 0.0 0.0 0.0 1.0
stairs/seq-06/color/frame-000099.color.png stairs/seq-06/color/frame-000101.color.png 0.999892 0.0143273 0.00338357 -0.0020659 -0.0142843 0.999821 -0.0124044 -0.0151846 -0.00356066 0.0123548 0.999917 0.00748883 0.0 0.0 0.0 1.0
stairs/seq-06/color/frame-000101.color.png stairs/seq-06/color/frame-000103.color.png 0.999803 0.0198648 0.000387391 -0.00322831 -0.0198553 0.999658 -0.0170334 -0.00537524 -0.000725553 0.0170223 0.999855 -0.00511589 0.0 0.0 0.0 1.0
stairs/seq-06/color/frame-000103.color.png stairs/seq-06/color/frame-000105.color.png 0.999763 0.00426435 -0.0213481 0.000576034 -0.00452366 0.999916 -0.0121129 -0.00544131 0.0212946 0.0122066 0.999699 -0.00666239 0.0 0.0 0.0 1.0
stairs/seq-06/color/frame-000105.color.png stairs/seq-06/color/frame-000107.color.png 0.999857 0.00153273 -0.0168175 -0.0288446 -0.00142881 0.99998 0.00618956 -0.00787707 0.0168266 -0.00616464 0.999839 0.0100392 0.0 0.0 0.0 1.0
stairs/seq-06/color/frame-000107.color.png stairs/seq-06/color/frame-000109.color.png 0.999537 0.009839 -0.0288069 0.000534847 -0.00972516 0.999944 0.00408861 -0.023097 0.0288455 -0.00380657 0.999577 -0.0191216 0.0 0.0 0.0 1.0
stairs/seq-06/color/frame-000109.color.png stairs/seq-06/color/frame-000111.color.png 0.999419 0.0124407 -0.0317286 -0.00284375 -0.0123695 0.99992 0.00243815 -0.0267144 0.0317564 -0.00204427 0.999494 -0.0114578 0.0 0.0 0.0 1.0
stairs/seq-06/color/frame-000111.color.png stairs/seq-06/color/frame-000113.color.png 0.999746 0.00691979 -0.0214523 -0.01222 -0.00708963 0.999944 -0.00785056 -0.00877149 0.0213968 0.00800062 0.999739 -0.023029 0.0 0.0 0.0 1.0
stairs/seq-06/color/frame-000113.color.png stairs/seq-06/color/frame-000115.color.png 0.99929 0.0273853 -0.025897 -0.0161337 -0.0274289 0.999623 -0.00132968 -0.0140745 0.0258509 0.00203912 0.999664 0.00327152 0.0 0.0 0.0 1.0
stairs/seq-06/color/frame-000115.color.png stairs/seq-06/color/frame-000117.color.png 0.999699 0.0176674 -0.017006 -0.0187464 -0.0177394 0.999834 -0.00408927 5.37336e-05 0.016931 0.00438972 0.999847 0.0175678 0.0 0.0 0.0 1.0
stairs/seq-06/color/frame-000117.color.png stairs/seq-06/color/frame-000119.color.png 0.999509 0.0181182 -0.0255536 -0.00644137 -0.0182655 0.999818 -0.00554072 -0.00277162 0.0254485 0.00600471 0.999658 -0.00644401 0.0 0.0 0.0 1.0
stairs/seq-06/color/frame-000119.color.png stairs/seq-06/color/frame-000121.color.png 0.999348 0.0196597 -0.0302758 -0.00274995 -0.0197087 0.999805 -0.00132338 -0.00450161 0.0302439 0.0019192 0.999541 -0.0135855 0.0 0.0 0.0 1.0
stairs/seq-06/color/frame-000121.color.png stairs/seq-06/color/frame-000123.color.png 0.99978 0.0185432 -0.00983346 -0.0189518 -0.0185572 0.999827 -0.00134203 0.00221851 0.00980687 0.00152421 0.999951 0.025994 0.0 0.0 0.0 1.0
stairs/seq-06/color/frame-000123.color.png stairs/seq-06/color/frame-000125.color.png 0.999777 0.0186691 -0.00991585 -0.0213799 -0.018701 0.99982 -0.00312821 -0.00338843 0.00985568 0.00331296 0.999946 0.0169304 0.0 0.0 0.0 1.0
stairs/seq-06/color/frame-000125.color.png stairs/seq-06/color/frame-000127.color.png 0.999535 0.0173198 -0.0250968 -0.00117609 -0.0176206 0.999775 -0.0118121 -0.00147572 0.0248866 0.0122488 0.999615 -0.021233 0.0 0.0 0.0 1.0
stairs/seq-06/color/frame-000127.color.png stairs/seq-06/color/frame-000129.color.png 0.999833 0.0153753 -0.00988538 -0.00613542 -0.0154132 0.999874 -0.00376637 -0.00834067 0.00982628 0.00391812 0.999944 0.016624 0.0 0.0 0.0 1.0
stairs/seq-06/color/frame-000129.color.png stairs/seq-06/color/frame-000131.color.png 0.999781 0.0114124 -0.0175368 -0.00955594 -0.011585 0.999885 -0.00977214 0.00865829 0.0174233 0.00997315 0.999798 0.00235577 0.0 0.0 0.0 1.0
stairs/seq-06/color/frame-000131.color.png stairs/seq-06/color/frame-000133.color.png 0.999915 0.00549466 -0.0118046 -0.00558379 -0.00546856 0.999983 0.00224547 3.53158e-06 0.0118167 -0.00218071 0.999928 0.0120092 0.0 0.0 0.0 1.0
stairs/seq-06/color/frame-000133.color.png stairs/seq-06/color/frame-000135.color.png 0.999929 0.0115135 -0.00310629 -0.00792694 -0.0114938 0.999914 0.00629523 0.00156543 0.00317854 -0.00625908 0.999975 0.0239004 0.0 0.0 0.0 1.0
stairs/seq-06/color/frame-000135.color.png stairs/seq-06/color/frame-000137.color.png 0.999939 0.00828939 -0.00724411 -0.00974196 -0.00808657 0.999586 0.0275952 -0.0198111 0.00746987 -0.0275349 0.999593 -0.0108845 0.0 0.0 0.0 1.0
stairs/seq-06/color/frame-000137.color.png stairs/seq-06/color/frame-000139.color.png 0.999915 0.00397418 -0.0123862 -0.00106173 -0.00374877 0.999828 0.0181707 -0.00141138 0.0124562 -0.0181227 0.999758 -0.00290785 0.0 0.0 0.0 1.0
stairs/seq-06/color/frame-000139.color.png stairs/seq-06/color/frame-000141.color.png 0.999702 -0.00832751 -0.0229408 -0.0019562 0.00874945 0.999793 0.018353 0.00800806 0.0227832 -0.0185483 0.999568 0.0013133 0.0 0.0 0.0 1.0
stairs/seq-06/color/frame-000141.color.png stairs/seq-06/color/frame-000143.color.png 0.999958 -0.00524519 -0.00756597 0.000301313 0.00536257 0.999864 0.0155779 0.00201942 0.00748323 -0.0156178 0.99985 0.00750403 0.0 0.0 0.0 1.0
stairs/seq-06/color/frame-000143.color.png stairs/seq-06/color/frame-000145.color.png 0.999951 -0.0069874 -0.00698706 -0.00338176 0.00700104 0.999974 0.00192934 0.00602269 0.00697339 -0.00197814 0.999974 -0.000523962 0.0 0.0 0.0 1.0
stairs/seq-06/color/frame-000145.color.png stairs/seq-06/color/frame-000147.color.png 0.999891 -0.010819 -0.0100388 -0.00216465 0.0108822 0.999921 0.00626421 0.00738257 0.00997019 -0.00637278 0.99993 0.007201 0.0 0.0 0.0 1.0
stairs/seq-06/color/frame-000147.color.png stairs/seq-06/color/frame-000149.color.png 0.999985 -0.00478944 -0.00278169 -0.000831611 0.00481872 0.999932 0.0106107 0.00224015 0.00273068 -0.0106239 0.99994 0.0077218 0.0 0.0 0.0 1.0
stairs/seq-06/color/frame-000149.color.png stairs/seq-06/color/frame-000151.color.png 0.999971 0.00477345 -0.00593892 0.00165101 -0.00461934 0.999659 0.0256913 0.00322978 0.00605952 -0.0256631 0.999652 -0.020908 0.0 0.0 0.0 1.0
stairs/seq-06/color/frame-000151.color.png stairs/seq-06/color/frame-000153.color.png 0.999988 0.002939 0.00382954 -0.00459141 -0.00298269 0.99993 0.011453 0.00174588 -0.0037956 -0.0114643 0.999927 0.00394462 0.0 0.0 0.0 1.0
stairs/seq-06/color/frame-000153.color.png stairs/seq-06/color/frame-000155.color.png 0.999997 -0.000946555 -0.00239361 -0.000840034 0.000980541 0.999898 0.0142576 0.0078177 0.00237987 -0.0142599 0.999895 -0.00930304 0.0 0.0 0.0 1.0
stairs/seq-06/color/frame-000155.color.png stairs/seq-06/color/frame-000157.color.png 0.999892 0.00659494 0.013138 0.000578225 -0.00689644 0.999711 0.0230389 0.00579558 -0.0129822 -0.023127 0.999648 0.0146161 0.0 0.0 0.0 1.0
stairs/seq-06/color/frame-000157.color.png stairs/seq-06/color/frame-000159.color.png 0.999945 -0.00135265 0.0103614 -0.000224818 0.0012962 0.999984 0.00545539 0.00537704 -0.0103687 -0.00544166 0.999931 0.00147866 0.0 0.0 0.0 1.0
stairs/seq-06/color/frame-000159.color.png stairs/seq-06/color/frame-000161.color.png 0.999864 0.000326318 0.0165155 -0.00241431 -0.000429784 0.99998 0.00625988 0.00207865 -0.0165131 -0.00626612 0.999844 0.000791922 0.0 0.0 0.0 1.0
stairs/seq-06/color/frame-000161.color.png stairs/seq-06/color/frame-000163.color.png 0.999874 0.00532565 0.014961 0.00574282 -0.00547742 0.999934 0.0101226 -0.00142729 -0.0149061 -0.0102032 0.999837 -0.0148763 0.0 0.0 0.0 1.0
stairs/seq-06/color/frame-000163.color.png stairs/seq-06/color/frame-000165.color.png 0.999702 -0.00478559 0.0239336 -0.000324439 0.00452425 0.99993 0.0109617 0.00469953 -0.0239843 -0.0108502 0.999654 0.0118831 0.0 0.0 0.0 1.0
stairs/seq-06/color/frame-000165.color.png stairs/seq-06/color/frame-000167.color.png 0.999758 -0.0077463 0.0205782 5.37224e-05 0.0075606 0.99993 0.00908772 0.00644425 -0.0206471 -0.00892994 0.999747 0.0115007 0.0 0.0 0.0 1.0
stairs/seq-06/color/frame-000167.color.png stairs/seq-06/color/frame-000169.color.png 0.999369 0.00142338 0.0354999 -0.000740383 -0.00149762 0.999997 0.00206496 0.0076184 -0.0354968 -0.00211682 0.999368 0.0185768 0.0 0.0 0.0 1.0
stairs/seq-06/color/frame-000169.color.png stairs/seq-06/color/frame-000171.color.png 0.999436 -0.0213339 0.025918 -0.00258463 0.02142 0.999766 -0.00304994 0.0123039 -0.0258468 0.00360339 0.999659 0.0296849 0.0 0.0 0.0 1.0
stairs/seq-06/color/frame-000171.color.png stairs/seq-06/color/frame-000173.color.png 0.999774 -0.0212584 -0.000573154 0.00689206 0.0212532 0.999743 -0.00791615 0.0122772 0.000741286 0.00790218 0.999969 0.004191 0.0 0.0 0.0 1.0
stairs/seq-06/color/frame-000173.color.png stairs/seq-06/color/frame-000175.color.png 0.999074 -0.0328203 -0.0278132 -0.00936553 0.0322513 0.999266 -0.0206659 0.00261059 0.0284711 0.0197498 0.999399 0.0164671 0.0 0.0 0.0 1.0
stairs/seq-06/color/frame-000175.color.png stairs/seq-06/color/frame-000177.color.png 0.998157 0.00179347 -0.0606611 0.025702 -0.00233043 0.999959 -0.00878244 -0.000805855 0.0606429 0.00890762 0.99812 -0.011255 0.0 0.0 0.0 1.0
stairs/seq-06/color/frame-000177.color.png stairs/seq-06/color/frame-000179.color.png 0.99931 -0.00866685 -0.0361263 0.0199746 0.00840554 0.999937 -0.00737859 -0.000989631 0.036188 0.00706983 0.99932 0.0224476 0.0 0.0 0.0 1.0
stairs/seq-06/color/frame-000179.color.png stairs/seq-06/color/frame-000181.color.png 0.999911 -0.00834867 -0.0104092 0.0163089 0.0081679 0.999817 -0.0172903 0.020928 0.0105516 0.0172037 0.999796 -0.00152005 0.0 0.0 0.0 1.0
stairs/seq-06/color/frame-000181.color.png stairs/seq-06/color/frame-000183.color.png 0.999461 0.0042738 -0.0325425 0.0239432 -0.00497168 0.999759 -0.0213945 0.0138649 0.0324432 0.0215448 0.999241 0.0111823 0.0 0.0 0.0 1.0
stairs/seq-06/color/frame-000183.color.png stairs/seq-06/color/frame-000185.color.png 0.999621 0.00437077 -0.0271812 0.0164431 -0.00460482 0.999953 -0.00855391 -0.00342637 0.0271426 0.00867584 0.999594 -0.00515157 0.0 0.0 0.0 1.0
stairs/seq-06/color/frame-000185.color.png stairs/seq-06/color/frame-000187.color.png 0.999654 0.00721514 -0.0252969 0.0156697 -0.00748018 0.999918 -0.0103986 0.0114933 0.0252197 0.0105842 0.999626 -0.010363 0.0 0.0 0.0 1.0
stairs/seq-06/color/frame-000187.color.png stairs/seq-06/color/frame-000189.color.png 0.999838 0.00324482 -0.0176801 0.0131869 -0.00329205 0.999991 -0.00264349 -0.00210299 0.0176713 0.00270126 0.99984 -0.0108 0.0 0.0 0.0 1.0
stairs/seq-06/color/frame-000189.color.png stairs/seq-06/color/frame-000191.color.png 0.999982 0.00584906 -0.00137767 0.00566143 -0.00584006 0.999962 0.00644958 -0.00312504 0.00141536 -0.0064414 0.999978 0.0106167 0.0 0.0 0.0 1.0
stairs/seq-06/color/frame-000191.color.png stairs/seq-06/color/frame-000193.color.png 0.999986 0.00401894 -0.00346309 0.00845946 -0.00402441 0.999991 -0.00157256 0.00324792 0.00345674 0.00158647 0.999993 -0.0150963 0.0 0.0 0.0 1.0
stairs/seq-06/color/frame-000193.color.png stairs/seq-06/color/frame-000195.color.png 0.99987 0.0161015 0.00072199 0.00304283 -0.0161048 0.999859 0.00472985 -0.00946322 -0.000645722 -0.00474087 0.999988 0.00315711 0.0 0.0 0.0 1.0
stairs/seq-06/color/frame-000195.color.png stairs/seq-06/color/frame-000197.color.png 0.999939 0.00336713 0.0105262 0.00208358 -0.00329638 0.999972 -0.0067319 0.00234265 -0.0105486 0.00669681 0.999922 0.00270461 0.0 0.0 0.0 1.0
stairs/seq-06/color/frame-000197.color.png stairs/seq-06/color/frame-000199.color.png 0.999997 -0.00131895 0.0021185 0.00838718 0.00133917 0.999953 -0.00957055 0.00377356 -0.00210578 0.00957335 0.999952 -0.00620924 0.0 0.0 0.0 1.0
stairs/seq-06/color/frame-000199.color.png stairs/seq-06/color/frame-000201.color.png 0.99996 0.00626014 0.00633503 0.00499283 -0.00623968 0.999975 -0.00324421 -0.00859142 -0.00635518 0.00320456 0.999975 -0.000984088 0.0 0.0 0.0 1.0
stairs/seq-06/color/frame-000201.color.png stairs/seq-06/color/frame-000203.color.png 0.999969 0.00151183 0.00767734 -0.0020808 -0.00150499 0.999999 -0.000892942 -0.00335884 -0.00767869 0.000881364 0.99997 0.017346 0.0 0.0 0.0 1.0
stairs/seq-06/color/frame-000203.color.png stairs/seq-06/color/frame-000205.color.png 0.999866 0.0065727 0.0150176 0.00420834 -0.00658865 0.999978 0.00101296 -0.011484 -0.0150106 -0.00111175 0.999887 0.00620708 0.0 0.0 0.0 1.0
stairs/seq-06/color/frame-000205.color.png stairs/seq-06/color/frame-000207.color.png 0.999954 0.00105739 0.00950397 -0.00219299 -0.00101509 0.99999 -0.00445466 -0.00368962 -0.00950859 0.00444478 0.999945 0.011999 0.0 0.0 0.0 1.0
stairs/seq-06/color/frame-000207.color.png stairs/seq-06/color/frame-000209.color.png 0.999978 0.000497117 0.00661745 0.00459503 -0.000433814 0.999954 -0.00956444 -0.00075455 -0.0066219 0.00956138 0.999932 0.00391912 0.0 0.0 0.0 1.0
stairs/seq-06/color/frame-000209.color.png stairs/seq-06/color/frame-000211.color.png 0.999508 0.0115339 0.0291851 0.00239459 -0.0114628 0.999931 -0.00260244 -0.0120507 -0.0292131 0.00226657 0.999571 0.0312665 0.0 0.0 0.0 1.0
stairs/seq-06/color/frame-000211.color.png stairs/seq-06/color/frame-000213.color.png 0.999849 -0.0147619 0.00914525 0.000145957 0.0148467 0.999847 -0.00927596 -0.000494435 -0.00900692 0.00941037 0.999915 0.0131834 0.0 0.0 0.0 1.0
stairs/seq-06/color/frame-000213.color.png stairs/seq-06/color/frame-000215.color.png 0.999556 -0.0264969 -0.0136131 0.00612363 0.0264202 0.999634 -0.00578527 -0.0064036 0.0137614 0.00542302 0.999891 0.00357196 0.0 0.0 0.0 1.0
stairs/seq-06/color/frame-000215.color.png stairs/seq-06/color/frame-000217.color.png 0.999966 0.00744421 0.00345177 0.00351632 -0.00745165 0.99997 0.00215208 -0.00800979 -0.00343565 -0.00217771 0.999992 0.0301967 0.0 0.0 0.0 1.0
stairs/seq-06/color/frame-000217.color.png stairs/seq-06/color/frame-000219.color.png 0.999546 0.00845088 0.0289021 -0.00784267 -0.00851114 0.999962 0.00196294 0.00330514 -0.0288844 -0.00220803 0.99958 0.0250506 0.0 0.0 0.0 1.0
stairs/seq-06/color/frame-000219.color.png stairs/seq-06/color/frame-000221.color.png 0.99997 -0.00749094 0.00178282 -0.00122264 0.00749191 0.999972 -0.000538993 -0.00653653 -0.00177874 0.000552308 0.999998 0.0174188 0.0 0.0 0.0 1.0
stairs/seq-06/color/frame-000221.color.png stairs/seq-06/color/frame-000223.color.png 0.999878 -0.0135514 0.00782416 -0.00179803 0.0135834 0.9999 -0.00404631 0.00157203 -0.00776853 0.00415212 0.999961 0.00993761 0.0 0.0 0.0 1.0
stairs/seq-06/color/frame-000223.color.png stairs/seq-06/color/frame-000225.color.png 0.99981 0.00952488 0.0170122 -0.00630429 -0.00981404 0.999807 0.016995 -0.00679716 -0.0168471 -0.0171587 0.999711 0.0156054 0.0 0.0 0.0 1.0
stairs/seq-06/color/frame-000225.color.png stairs/seq-06/color/frame-000227.color.png 0.999735 -0.0188803 -0.0132062 0.00523075 0.0187772 0.999793 -0.00789241 0.00309856 0.0133525 0.00764234 0.999882 -0.00967628 0.0 0.0 0.0 1.0
stairs/seq-06/color/frame-000227.color.png stairs/seq-06/color/frame-000229.color.png 0.999987 -0.00379708 -0.00329837 -0.00221708 0.00381278 0.999981 0.00476704 -0.00125363 0.00328019 -0.00477955 0.999983 0.00436789 0.0 0.0 0.0 1.0
stairs/seq-06/color/frame-000229.color.png stairs/seq-06/color/frame-000231.color.png 0.999957 -0.00869579 -0.00332512 0.00122568 0.00873554 0.999888 0.0121364 -0.0082121 0.00321923 -0.0121649 0.999921 -0.0117802 0.0 0.0 0.0 1.0
stairs/seq-06/color/frame-000231.color.png stairs/seq-06/color/frame-000233.color.png 0.999974 0.000139213 0.00713764 -0.00516498 -0.00016577 0.999993 0.00372133 0.00275636 -0.00713707 -0.00372241 0.999968 0.00264859 0.0 0.0 0.0 1.0
stairs/seq-06/color/frame-000233.color.png stairs/seq-06/color/frame-000235.color.png 0.999959 -0.00892704 0.00175547 0.000955954 0.00891766 0.999946 0.00527963 0.00536056 -0.00180251 -0.00526373 0.999985 -0.0123904 0.0 0.0 0.0 1.0
stairs/seq-06/color/frame-000235.color.png stairs/seq-06/color/frame-000237.color.png 0.99995 0.00112869 0.00990794 0.00130859 -0.00125247 0.999921 0.0124955 -0.00483593 -0.00989307 -0.0125072 0.999873 -0.00861552 0.0 0.0 0.0 1.0
stairs/seq-06/color/frame-000237.color.png stairs/seq-06/color/frame-000239.color.png 0.999801 -0.0076239 0.0184324 -0.00407073 0.00744884 0.999927 0.00954772 0.0057679 -0.0185038 -0.00940853 0.999785 -0.00389567 0.0 0.0 0.0 1.0
stairs/seq-06/color/frame-000239.color.png stairs/seq-06/color/frame-000241.color.png 0.999876 -0.0049792 0.0149255 0.000481442 0.00469458 0.999808 0.0190438 -0.00323239 -0.0150175 -0.0189714 0.999707 -0.00472853 0.0 0.0 0.0 1.0
stairs/seq-06/color/frame-000241.color.png stairs/seq-06/color/frame-000243.color.png 0.998654 -0.0160239 0.0493388 -0.00913356 0.0154145 0.999801 0.0127072 0.0162858 -0.0495326 -0.0119296 0.998701 -0.00168231 0.0 0.0 0.0 1.0
stairs/seq-06/color/frame-000243.color.png stairs/seq-06/color/frame-000245.color.png 0.999887 -0.0132904 0.00708424 -0.00165203 0.0132391 0.999886 0.00723554 0.00860178 -0.0071796 -0.00714093 0.999949 -0.00127038 0.0 0.0 0.0 1.0
stairs/seq-06/color/frame-000245.color.png stairs/seq-06/color/frame-000247.color.png 0.999835 -0.0151168 0.0100584 0.0136959 0.0149558 0.999762 0.0158925 0.00453212 -0.0102963 -0.0157395 0.999823 -0.0219389 0.0 0.0 0.0 1.0
stairs/seq-06/color/frame-000247.color.png stairs/seq-06/color/frame-000249.color.png 0.9995 -0.00721867 0.030796 -0.00631759 0.00700059 0.99995 0.00718319 0.0125886 -0.0308463 -0.006964 0.9995 0.00677626 0.0 0.0 0.0 1.0
stairs/seq-06/color/frame-000249.color.png stairs/seq-06/color/frame-000251.color.png 0.999768 -0.0048477 0.0209791 -0.00260618 0.00450822 0.999859 0.0161985 0.00495105 -0.0210547 -0.0161002 0.999649 0.00376581 0.0 0.0 0.0 1.0
stairs/seq-06/color/frame-000251.color.png stairs/seq-06/color/frame-000253.color.png 0.99987 -0.0115441 0.011234 0.000494987 0.0114063 0.99986 0.0122548 0.00283268 -0.0113739 -0.0121251 0.999862 0.00359821 0.0 0.0 0.0 1.0
stairs/seq-06/color/frame-000253.color.png stairs/seq-06/color/frame-000255.color.png 0.999606 -0.000197902 0.0280766 -0.00598434 -0.000397469 0.999775 0.0211983 0.00081408 -0.0280745 -0.021201 0.999381 0.0160765 0.0 0.0 0.0 1.0
stairs/seq-06/color/frame-000255.color.png stairs/seq-06/color/frame-000257.color.png 0.999539 -0.00404176 0.0300816 -0.00760695 0.00365547 0.99991 0.0128848 -0.0024913 -0.0301311 -0.012769 0.999464 0.0231276 0.0 0.0 0.0 1.0
stairs/seq-06/color/frame-000257.color.png stairs/seq-06/color/frame-000259.color.png 0.999771 -0.00834907 0.0197278 -0.0102116 0.00808399 0.999876 0.0134797 -0.0108539 -0.0198379 -0.0133171 0.999715 0.0263276 0.0 0.0 0.0 1.0
stairs/seq-06/color/frame-000259.color.png stairs/seq-06/color/frame-000261.color.png 0.999871 -0.000253182 0.0160597 -0.000337362 0.00016794 0.999986 0.00530837 -0.00803793 -0.0160608 -0.00530499 0.999857 0.015588 0.0 0.0 0.0 1.0
stairs/seq-06/color/frame-000261.color.png stairs/seq-06/color/frame-000263.color.png 0.999673 -0.015683 0.0201918 -0.0151204 0.0160174 0.999735 -0.0165091 -0.000136077 -0.0199275 0.0168271 0.99966 0.0379913 0.0 0.0 0.0 1.0
stairs/seq-06/color/frame-000263.color.png stairs/seq-06/color/frame-000265.color.png 0.999914 -0.00808045 0.010366 -0.00638467 0.00833195 0.999666 -0.0244542 -0.00200251 -0.0101649 0.0245384 0.999647 0.023291 0.0 0.0 0.0 1.0
stairs/seq-06/color/frame-000265.color.png stairs/seq-06/color/frame-000267.color.png 0.998921 -0.0136979 0.0443748 -0.0258498 0.0139283 0.999891 -0.00488822 -0.0104968 -0.0443031 0.005501 0.999003 0.0490174 0.0 0.0 0.0 1.0
stairs/seq-06/color/frame-000267.color.png stairs/seq-06/color/frame-000269.color.png 0.999574 -0.0248961 0.0152634 -0.0186477 0.024927 0.999688 -0.00184274 -0.0109824 -0.0152127 0.00222244 0.999882 0.0163078 0.0 0.0 0.0 1.0
stairs/seq-06/color/frame-000269.color.png stairs/seq-06/color/frame-000271.color.png 0.999396 -0.0238374 0.0252924 -0.0157029 0.0237425 0.99971 0.00404828 -0.00903496 -0.0253816 -0.00344532 0.999672 0.017624 0.0 0.0 0.0 1.0
stairs/seq-06/color/frame-000271.color.png stairs/seq-06/color/frame-000273.color.png 0.999125 -0.0288377 0.030281 -0.0214244 0.0285953 0.999556 0.00840743 -0.0224158 -0.03051 -0.00753417 0.999506 0.0264373 0.0 0.0 0.0 1.0
stairs/seq-06/color/frame-000273.color.png stairs/seq-06/color/frame-000275.color.png 0.999612 -0.0241128 0.0139271 0.0153067 0.0240436 0.999698 0.00511238 -0.0111676 -0.0140462 -0.00477554 0.99989 -0.00549617 0.0 0.0 0.0 1.0
stairs/seq-06/color/frame-000275.color.png stairs/seq-06/color/frame-000277.color.png 0.999455 -0.00501086 0.0326246 -0.0342359 0.00505994 0.999986 -0.00142235 0.00140937 -0.0326171 0.00158663 0.999467 0.0124934 0.0 0.0 0.0 1.0
stairs/seq-06/color/frame-000277.color.png stairs/seq-06/color/frame-000279.color.png 0.999702 -0.0167222 0.0177789 -0.00356425 0.0166319 0.999848 0.00521846 -0.0133597 -0.0178635 -0.00492122 0.999828 -0.00257874 0.0 0.0 0.0 1.0
stairs/seq-06/color/frame-000279.color.png stairs/seq-06/color/frame-000281.color.png 0.999946 -0.000424012 0.0103589 -0.00964335 0.00033775 0.999965 0.00832477 -0.00918344 -0.0103621 -0.00832081 0.999912 -0.00347248 0.0 0.0 0.0 1.0
stairs/seq-06/color/frame-000281.color.png stairs/seq-06/color/frame-000283.color.png 0.999956 0.00680858 -0.00643532 0.00483975 -0.00675498 0.999943 0.00830574 -0.00364493 0.0064915 -0.0082619 0.999945 -0.00539598 0.0 0.0 0.0 1.0
stairs/seq-06/color/frame-000283.color.png stairs/seq-06/color/frame-000285.color.png 0.999912 0.00656875 -0.0115473 -0.00178879 -0.00654648 0.999977 0.00197023 -0.00697497 0.0115599 -0.00189448 0.999931 0.00430614 0.0 0.0 0.0 1.0
stairs/seq-06/color/frame-000285.color.png stairs/seq-06/color/frame-000287.color.png 0.999987 -0.000511222 -0.00500868 -0.0142826 0.00051725 0.999999 0.00120553 -0.0173108 0.00500814 -0.00120811 0.999987 -0.00564268 0.0 0.0 0.0 1.0
stairs/seq-06/color/frame-000287.color.png stairs/seq-06/color/frame-000289.color.png 0.999967 -0.00320532 -0.00740202 0.0134725 0.00313987 0.999956 -0.00883888 0.0105696 0.00743011 0.00881538 0.999933 -0.0181473 0.0 0.0 0.0 1.0
stairs/seq-06/color/frame-000289.color.png stairs/seq-06/color/frame-000291.color.png 0.99985 0.00183374 0.017222 -0.0182089 -0.00182846 0.999998 -0.000322652 0.0116769 -0.0172227 0.000291096 0.999852 0.00153288 0.0 0.0 0.0 1.0
stairs/seq-06/color/frame-000291.color.png stairs/seq-06/color/frame-000293.color.png 0.999475 -0.0172339 0.0274488 -0.00884786 0.0166791 0.999655 0.0203127 -0.038408 -0.0277893 -0.0198442 0.999417 -0.00158224 0.0 0.0 0.0 1.0
stairs/seq-06/color/frame-000293.color.png stairs/seq-06/color/frame-000295.color.png 0.999206 -0.00937329 0.0387342 -0.0115252 0.00891529 0.999888 0.0119808 -0.012291 -0.0388422 -0.0116259 0.999178 0.00277305 0.0 0.0 0.0 1.0
stairs/seq-06/color/frame-000295.color.png stairs/seq-06/color/frame-000297.color.png 0.998856 -0.0209536 0.0429769 -0.0150384 0.0208534 0.999779 0.00277885 -0.00415854 -0.0430256 -0.00187944 0.999072 0.0114773 0.0 0.0 0.0 1.0
stairs/seq-06/color/frame-000297.color.png stairs/seq-06/color/frame-000299.color.png 0.998349 -0.0214109 0.0533089 -0.0141927 0.0211041 0.999757 0.00631006 -0.0035947 -0.053431 -0.00517458 0.998558 0.0017764 0.0 0.0 0.0 1.0
stairs/seq-06/color/frame-000299.color.png stairs/seq-06/color/frame-000301.color.png 0.998495 -0.0458237 0.0301243 -0.023584 0.0457523 0.998948 0.00305525 -0.044533 -0.0302327 -0.00167243 0.999541 -0.00678548 0.0 0.0 0.0 1.0
stairs/seq-06/color/frame-000301.color.png stairs/seq-06/color/frame-000303.color.png 0.998644 -0.0289582 0.0432638 -0.0100029 0.0293778 0.999527 -0.0090948 0.0149794 -0.0429798 0.0103535 0.999022 0.01999 0.0 0.0 0.0 1.0
stairs/seq-06/color/frame-000303.color.png stairs/seq-06/color/frame-000305.color.png 0.999463 -0.0204289 0.0256408 -0.00411199 0.0204954 0.999787 -0.00233101 -0.0130226 -0.0255877 0.00285527 0.999668 0.0131284 0.0 0.0 0.0 1.0
stairs/seq-06/color/frame-000305.color.png stairs/seq-06/color/frame-000307.color.png 0.999313 -0.0115645 0.0352202 -0.0165486 0.0115755 0.999933 -0.000109961 -0.00495684 -0.0352164 0.000517639 0.999379 0.00589624 0.0 0.0 0.0 1.0
stairs/seq-06/color/frame-000307.color.png stairs/seq-06/color/frame-000309.color.png 0.999814 0.0103472 0.0163097 -0.0166718 -0.0105723 0.999849 0.0137724 -0.000123993 -0.0161649 -0.0139423 0.999772 -0.00439504 0.0 0.0 0.0 1.0
stairs/seq-06/color/frame-000309.color.png stairs/seq-06/color/frame-000311.color.png 0.999719 0.0142933 0.0188887 -0.0198981 -0.0145016 0.999835 0.0109445 0.0026153 -0.0187292 -0.0112153 0.999762 0.0114084 0.0 0.0 0.0 1.0
stairs/seq-06/color/frame-000311.color.png stairs/seq-06/color/frame-000313.color.png 0.999939 0.000838989 0.0110518 -0.0237201 -0.000947721 0.999951 0.00982987 -0.0228071 -0.011043 -0.00983979 0.999891 0.00780153 0.0 0.0 0.0 1.0
stairs/seq-06/color/frame-000313.color.png stairs/seq-06/color/frame-000315.color.png 0.999928 0.00753697 0.00931254 -0.0215028 -0.00756161 0.999968 0.00261812 -0.00891231 -0.00929255 -0.00268833 0.999953 0.00296029 0.0 0.0 0.0 1.0
stairs/seq-06/color/frame-000315.color.png stairs/seq-06/color/frame-000317.color.png 0.999952 -0.00352283 0.00918938 -0.0303919 0.00350657 0.999992 0.00177622 -0.033179 -0.00919553 -0.00174391 0.999956 0.00503686 0.0 0.0 0.0 1.0
stairs/seq-06/color/frame-000317.color.png stairs/seq-06/color/frame-000319.color.png 0.999921 0.00471644 0.0116758 -0.0504284 -0.00477433 0.999976 0.00494378 -0.0216305 -0.0116521 -0.00499913 0.99992 0.013482 0.0 0.0 0.0 1.0
stairs/seq-06/color/frame-000319.color.png stairs/seq-06/color/frame-000321.color.png 0.999852 0.0103516 0.0137749 -0.0420391 -0.0104119 0.999936 0.00431563 -0.000624835 -0.0137294 -0.0044584 0.999896 0.0117347 0.0 0.0 0.0 1.0
stairs/seq-06/color/frame-000321.color.png stairs/seq-06/color/frame-000323.color.png 0.999817 -0.0177436 0.00715469 -0.0334669 0.0178156 0.99979 -0.0101313 -0.0152659 -0.00697335 0.0102569 0.999923 0.00833052 0.0 0.0 0.0 1.0
stairs/seq-06/color/frame-000323.color.png stairs/seq-06/color/frame-000325.color.png 0.999959 0.00264387 -0.00868769 0.0147361 -0.00258983 0.999977 0.00622142 -0.00293997 0.00870397 -0.00619867 0.999943 -0.0111392 0.0 0.0 0.0 1.0
stairs/seq-06/color/frame-000325.color.png stairs/seq-06/color/frame-000327.color.png 0.999872 0.0062937 0.01473 -0.0322974 -0.00628809 0.99998 -0.000427419 -0.00127512 -0.0147325 0.00033469 0.999892 0.00744361 0.0 0.0 0.0 1.0
stairs/seq-06/color/frame-000327.color.png stairs/seq-06/color/frame-000329.color.png 0.999977 0.00559481 0.00394228 -0.0362095 -0.00566802 0.999807 0.018807 -0.0215808 -0.00383642 -0.0188289 0.999815 0.00354129 0.0 0.0 0.0 1.0
stairs/seq-06/color/frame-000329.color.png stairs/seq-06/color/frame-000331.color.png 0.999994 0.00223406 0.00250116 -0.0222315 -0.00227997 0.999826 0.0184961 -0.0205021 -0.00245918 -0.0185017 0.999826 0.00258896 0.0 0.0 0.0 1.0
stairs/seq-06/color/frame-000331.color.png stairs/seq-06/color/frame-000333.color.png 0.998731 0.00371587 0.0502292 -0.0964711 -0.00595757 0.998989 0.0445547 -0.0625968 -0.0500129 -0.0447974 0.997743 0.0775069 0.0 0.0 0.0 1.0
stairs/seq-06/color/frame-000333.color.png stairs/seq-06/color/frame-000335.color.png 0.999952 0.00594011 0.00777714 -0.0197183 -0.00602741 0.999919 0.0112506 -0.00287363 -0.00770963 -0.0112969 0.999906 -0.00144064 0.0 0.0 0.0 1.0
stairs/seq-06/color/frame-000335.color.png stairs/seq-06/color/frame-000337.color.png 0.999963 -0.0044578 0.00741815 -0.0149715 0.00450078 0.999973 -0.00579766 -0.00168878 -0.00739215 0.00583081 0.999956 0.0145326 0.0 0.0 0.0 1.0
stairs/seq-06/color/frame-000337.color.png stairs/seq-06/color/frame-000339.color.png 0.999865 -0.00451884 0.0157772 -0.0335816 0.00445432 0.999982 0.00412328 -0.011768 -0.0157955 -0.00405243 0.999867 0.019757 0.0 0.0 0.0 1.0
stairs/seq-06/color/frame-000339.color.png stairs/seq-06/color/frame-000341.color.png 0.999653 -0.0142228 0.022192 -0.0583397 0.0141825 0.999897 0.00197478 -0.0115416 -0.0222178 -0.00165932 0.999752 0.0594069 0.0 0.0 0.0 1.0
stairs/seq-06/color/frame-000341.color.png stairs/seq-06/color/frame-000343.color.png 0.999467 -0.0254392 0.0204489 -0.0616242 0.0251025 0.999548 0.0165538 -0.0510264 -0.0208607 -0.0160317 0.999654 0.0520717 0.0 0.0 0.0 1.0
stairs/seq-06/color/frame-000343.color.png stairs/seq-06/color/frame-000345.color.png 0.999834 -0.018194 -0.00104517 -0.0164458 0.0181702 0.999645 -0.0194666 0.0160975 0.00139899 0.0194444 0.99981 0.0191627 0.0 0.0 0.0 1.0
stairs/seq-06/color/frame-000345.color.png stairs/seq-06/color/frame-000347.color.png 0.999825 -0.015181 0.0109354 -0.0318572 0.015221 0.999878 -0.00358468 -0.00360242 -0.0108798 0.0037505 0.999934 0.00712436 0.0 0.0 0.0 1.0
stairs/seq-06/color/frame-000347.color.png stairs/seq-06/color/frame-000349.color.png 0.999524 -0.0215964 0.0220494 -0.0347444 0.0217897 0.999726 -0.008571 0.0086624 -0.0218582 0.00904735 0.99972 0.0184513 0.0 0.0 0.0 1.0
stairs/seq-06/color/frame-000349.color.png stairs/seq-06/color/frame-000351.color.png 0.999889 -0.00830803 0.012402 -0.0299853 0.0083418 0.999962 -0.00267296 -0.00064832 -0.0123793 0.00277614 0.99992 0.00462419 0.0 0.0 0.0 1.0
