stairs/seq-06/color/frame-000001.color.png stairs/seq-06/color/frame-000004.color.png 0.999979 -0.00146523 0.00638816 0.000557487 0.00134113 0.999811 0.0193878 0.00406156 -0.00641536 -0.0193788 0.999792 0.00602314 0.0 0.0 0.0 1.0
stairs/seq-06/color/frame-000004.color.png stairs/seq-06/color/frame-000007.color.png 0.999961 -0.00530065 0.00708817 0.000233702 0.00523844 0.999948 0.00876619 0.000132706 -0.00713427 -0.00872872 0.999936 0.00695876 0.0 0.0 0.0 1.0
stairs/seq-06/color/frame-000007.color.png stairs/seq-06/color/frame-000010.color.png 0.99997 -0.00166919 0.00750267 0.00114117 0.00162443 0.999981 0.00596855 0.00217688 -0.00751249 -0.00595618 0.999954 0.001272 0.0 0.0 0.0 1.0
stairs/seq-06/color/frame-000010.color.png stairs/seq-06/color/frame-000013.color.png 0.999833 -0.00804475 0.0164138 0.00144897 0.00784593 0.999896 0.0121417 0.00537049 -0.0165097 -0.0120109 0.999792 0.00434245 0.0 0.0 0.0 1.0
stairs/seq-06/color/frame-000013.color.png stairs/seq-06/color/frame-000016.color.png 0.999745 -0.00670145 0.0215828 0.000979165 0.00641767 0.999892 0.0131913 0.00183391 -0.0216689 -0.0130494 0.99968 0.00887392 0.0 0.0 0.0 1.0
stairs/seq-06/color/frame-000016.color.png stairs/seq-06/color/frame-000019.color.png 0.999833 -0.0150287 0.0104046 0.00646215 0.0148001 0.999654 0.0217183 0.00864034 -0.0107274 -0.0215607 0.99971 -0.000961086 0.0 0.0 0.0 1.0
stairs/seq-06/color/frame-000019.color.png stairs/seq-06/color/frame-000022.color.png 0.999921 -0.00588164 0.0111171 0.000680972 0.00573808 0.9999 0.0129014 0.00542075 -0.0111919 -0.0128365 0.999855 0.0127503 0.0 0.0 0.0 1.0
stairs/seq-06/color/frame-000022.color.png stairs/seq-06/color/frame-000025.color.png 0.999899 -0.00366713 0.0136985 0.00209481 0.00337968 0.999775 0.0209494 0.00877222 -0.0137722 -0.020901 0.999687 -0.00359632 0.0 0.0 0.0 1.0
stairs/seq-06/color/frame-000025.color.png stairs/seq-06/color/frame-000028.color.png 0.999668 -0.0108414 0.0233817 0.000708537 0.0103072 0.999686 0.0228444 0.0140248 -0.023622 -0.0225958 0.999466 0.0107086 0.0 0.0 0.0 1.0
stairs/seq-06/color/frame-000028.color.png stairs/seq-06/color/frame-000031.color.png 0.999491 -0.00965286 0.0304058 0.00472172 0.00924182 0.999864 0.0136293 0.0114776 -0.0305332 -0.0133414 0.999445 0.0102451 0.0 0.0 0.0 1.0
stairs/seq-06/color/frame-000031.color.png stairs/seq-06/color/frame-000034.color.png 0.998535 -0.0197163 0.0503887 0.0049537 0.0192526 0.999768 0.00967113 0.018191 -0.0505676 -0.00868685 0.998683 0.0187369 0.0 0.0 0.0 1.0
stairs/seq-06/color/frame-000034.color.png stairs/seq-06/color/frame-000037.color.png 0.998936 -0.0152541 0.0435102 0.00579216 0.0148814 0.99985 0.0088781 0.0152643 -0.0436391 -0.00822118 0.999013 0.00621741 0.0 0.0 0.0 1.0
stairs/seq-06/color/frame-000037.color.png stairs/seq-06/color/frame-000040.color.png 0.999208 -0.0224944 0.0328124 0.0215091 0.0217375 0.999493 0.0232426 0.0140525 -0.0333186 -0.022511 0.999191 -0.00615674 0.0 0.0 0.0 1.0
stairs/seq-06/color/frame-000040.color.png stairs/seq-06/color/frame-000043.color.png 0.998576 -0.0277109 0.0455861 0.0149323 0.0265324 0.999303 0.0262587 0.0189993 -0.046282 -0.0250118 0.998615 0.0134521 0.0 0.0 0.0 1.0
stairs/seq-06/color/frame-000043.color.png stairs/seq-06/color/frame-000046.color.png 0.998784 -0.0110016 0.0480515 -0.0319169 0.00959951 0.999524 0.0293139 0.0209961 -0.0483512 -0.028817 0.998415 0.0302413 0.0 0.0 0.0 1.0
stairs/seq-06/color/frame-000046.color.png stairs/seq-06/color/frame-000049.color.png 0.999606 -0.0266196 0.00889905 0.0497501 0.0265328 0.9996 0.00974321 0.0145794 -0.00915489 -0.00950326 0.999913 -0.0106838 0.0 0.0 0.0 1.0
stairs/seq-06/color/frame-000049.color.png stairs/seq-06/color/frame-000052.color.png 0.998987 -0.0177176 0.0413547 0.0132037 0.0168318 0.999623 0.0216715 -0.00487283 -0.0417232 -0.0209535 0.998909 0.00478601 0.0 0.0 0.0 1.0
stairs/seq-06/color/frame-000052.color.png stairs/seq-06/color/frame-000055.color.png 0.998433 -0.004095 0.0558032 -0.0218745 0.00382588 0.999981 0.00492799 0.0168505 -0.0558223 -0.00470678 0.99843 0.0262012 0.0 0.0 0.0 1.0
stairs/seq-06/color/frame-000055.color.png stairs/seq-06/color/frame-000058.color.png 0.998594 -0.0345863 0.0401747 0.0174384 0.0340556 0.999324 0.0138222 -0.00689179 -0.0406256 -0.0124346 0.999097 -0.00653093 0.0 0.0 0.0 1.0
stairs/seq-06/color/frame-000058.color.png stairs/seq-06/color/frame-000061.color.png 0.998928 -0.0215786 0.0409419 0.01254 0.021239 0.999736 0.00871372 -0.00803356 -0.041119 -0.0078347 0.999124 -0.00486515 0.0 0.0 0.0 1.0
stairs/seq-06/color/frame-000061.color.png stairs/seq-06/color/frame-000064.color.png 0.999646 0.00447148 0.0262258 0.0235517 -0.00477789 0.999921 0.0116281 -0.00222635 -0.0261718 -0.0117494 0.999588 -0.0175227 0.0 0.0 0.0 1.0
stairs/seq-06/color/frame-000064.color.png stairs/seq-06/color/frame-000067.color.png 0.999812 -0.0173884 0.00857897 0.0524128 0.0175563 0.999648 -0.0199005 0.0150157 -0.00822989 0.0200474 0.999765 -0.0345508 0.0 0.0 0.0 1.0
stairs/seq-06/color/frame-000067.color.png stairs/seq-06/color/frame-000070.color.png 0.999458 0.00441223 0.0326204 0.0184605 -0.00362766 0.999704 -0.0240706 -0.0136737 -0.0327169 0.0239393 0.999178 -0.0150181 0.0 0.0 0.0 1.0
stairs/seq-06/color/frame-000070.color.png stairs/seq-06/color/frame-000073.color.png 0.999456 0.00937333 0.0316067 -0.00231801 -0.0092442 0.999948 -0.00423027 -0.0267663 -0.0316447 0.00393585 0.999491 -0.0100014 0.0 0.0 0.0 1.0
stairs/seq-06/color/frame-000073.color.png stairs/seq-06/color/frame-000076.color.png 0.999886 0.0147453 0.00311704 0.0199813 -0.0146818 0.999702 -0.0195013 -0.0416751 -0.00340369 0.0194533 0.999805 -0.00197926 0.0 0.0 0.0 1.0
stairs/seq-06/color/frame-000076.color.png stairs/seq-06/color/frame-000079.color.png 0.998043 0.060092 -0.0172753 0.00129035 -0.0609858 0.996512 -0.056968 -0.024077 0.0137918 0.0579101 0.998227 -0.00527313 0.0 0.0 0.0 1.0
stairs/seq-06/color/frame-000079.color.png stairs/seq-06/color/frame-000082.color.png 0.997582 0.0612555 -0.0328246 -0.00181851 -0.0639439 0.994038 -0.0883173 -0.0210378 0.0272189 0.0902027 0.995551 -0.00386215 0.0 0.0 0.0 1.0
stairs/seq-06/color/frame-000082.color.png stairs/seq-06/color/frame-000085.color.png 0.997688 0.053166 -0.0423312 -0.0231165 -0.0560207 0.996016 -0.0693837 -0.0332606 0.0384737 0.0715947 0.996692 -0.0216373 0.0 0.0 0.0 1.0
stairs/seq-06/color/frame-000085.color.png stairs/seq-06/color/frame-000088.color.png 0.998549 0.0487949 -0.0227662 -0.0281221 -0.0496208 0.998074 -0.0372424 0.0060169 0.0209051 0.038318 0.999047 -0.0171558 0.0 0.0 0.0 1.0
stairs/seq-06/color/frame-000088.color.png stairs/seq-06/color/frame-000091.color.png 0.999058 0.0365976 -0.0233024 -0.00230432 -0.0369316 0.999219 -0.014068 -0.00823439 0.0227695 0.0149153 0.99963 -0.0113566 0.0 0.0 0.0 1.0
stairs/seq-06/color/frame-000091.color.png stairs/seq-06/color/frame-000094.color.png 0.999688 0.0222898 -0.0112832 0.00385597 -0.0222769 0.999751 0.0012721 -0.00887261 0.0113087 -0.00102032 0.999935 -0.00781257 0.0 0.0 0.0 1.0
stairs/seq-06/color/frame-000094.color.png stairs/seq-06/color/frame-000097.color.png 0.99996 0.00847369 -0.00296787 0.00417095 -0.00845667 0.999948 0.00570713 -0.0138747 0.00301611 -0.00568183 0.999979 0.0138443 0.0 0.0 0.0 1.0
stairs/seq-06/color/frame-000097.color.png stairs/seq-06/color/frame-000100.color.png 0.999718 0.0232826 -0.00476156 0.0132284 -0.0232834 0.999729 -0.000133302 -0.0326309 0.00475716 0.000244165 0.999989 -0.0332772 0.0 0.0 0.0 1.0
stairs/seq-06/color/frame-000100.color.png stairs/seq-06/color/frame-000103.color.png 0.999613 0.0277894 -0.000916369 -0.00702839 -0.0278028 0.99938 -0.0215775 -0.0159109 0.00031613 0.0215946 0.999767 0.00369054 0.0 0.0 0.0 1.0
stairs/seq-06/color/frame-000103.color.png stairs/seq-06/color/frame-000106.color.png 0.999174 0.00495752 -0.0403411 0.002492 -0.00553038 0.999885 -0.0141009 -0.00268117 0.0402666 0.0143123 0.999086 -0.012712 0.0 0.0 0.0 1.0
stairs/seq-06/color/frame-000106.color.png stairs/seq-06/color/frame-000109.color.png 0.999469 0.0145528 -0.0291446 -0.0217224 -0.0144342 0.999887 0.00427604 -0.0172616 0.0292035 -0.00385308 0.999566 0.0134514 0.0 0.0 0.0 1.0
stairs/seq-06/color/frame-000109.color.png stairs/seq-06/color/frame-000112.color.png 0.999446 0.019946 -0.0266597 -0.0206832 -0.0199749 0.9998 -0.00081527 -0.0215761 0.0266381 0.00134736 0.999644 0.0140411 0.0 0.0 0.0 1.0
stairs/seq-06/color/frame-000112.color.png stairs/seq-06/color/frame-000115.color.png 0.9981 0.028267 -0.054749 -0.00595097 -0.0281605 0.9996 0.00271701 -0.035629 0.0548039 -0.00117015 0.998496 -0.0311235 0.0 0.0 0.0 1.0
stairs/seq-06/color/frame-000115.color.png stairs/seq-06/color/frame-000118.color.png 0.999037 0.0307591 -0.0312717 -0.026343 -0.0311039 0.99946 -0.0105997 0.00945549 0.0309289 0.0115622 0.999455 0.0148908 0.0 0.0 0.0 1.0
stairs/seq-06/color/frame-000118.color.png stairs/seq-06/color/frame-000121.color.png 0.998751 0.0263769 -0.0424293 0.00213081 -0.0265011 0.999646 -0.00236573 -0.00485225 0.0423519 0.00348723 0.999097 -0.00800171 0.0 0.0 0.0 1.0
stairs/seq-06/color/frame-000121.color.png stairs/seq-06/color/frame-000124.color.png 0.999312 0.0258938 -0.0265542 -0.0141268 -0.0259214 0.999664 -0.000693564 -0.00795229 0.0265273 0.00138141 0.999647 0.0161961 0.0 0.0 0.0 1.0
stairs/seq-06/color/frame-000124.color.png stairs/seq-06/color/frame-000127.color.png 0.999554 0.0253918 -0.0157439 -0.0229271 -0.0256134 0.999573 -0.014036 -0.00256337 0.0153807 0.0144329 0.999777 0.0306349 0.0 0.0 0.0 1.0
stairs/seq-06/color/frame-000127.color.png stairs/seq-06/color/frame-000130.color.png 0.999519 0.0210733 -0.0227417 -0.00550183 -0.0212262 0.999754 -0.0065025 -0.00700523 0.0225991 0.00698207 0.99972 0.00468917 0.0 0.0 0.0 1.0
stairs/seq-06/color/frame-000130.color.png stairs/seq-06/color/frame-000133.color.png 0.999656 0.00752823 -0.0251317 -0.00343309 -0.00757328 0.99997 -0.00169715 0.000134811 0.0251181 0.00188691 0.999683 -0.000595417 0.0 0.0 0.0 1.0
stairs/seq-06/color/frame-000133.color.png stairs/seq-06/color/frame-000136.color.png 0.999801 0.0179374 -0.008706 0.00190512 -0.0178247 0.999758 0.0128542 -0.00186874 0.00893446 -0.0126965 0.999879 0.011429 0.0 0.0 0.0 1.0
stairs/seq-06/color/frame-000136.color.png stairs/seq-06/color/frame-000139.color.png 0.999678 -0.000498049 -0.0253586 -0.00324977 0.00109267 0.999725 0.0234395 0.0108246 0.0253399 -0.0234597 0.999404 -0.019653 0.0 0.0 0.0 1.0
stairs/seq-06/color/frame-000139.color.png stairs/seq-06/color/frame-000142.color.png 0.999798 -0.00938697 -0.0177862 -0.00926444 0.00986048 0.999594 0.0267261 0.00511442 0.0175281 -0.0268961 0.999485 0.0380922 0.0 0.0 0.0 1.0
stairs/seq-06/color/frame-000142.color.png stairs/seq-06/color/frame-000145.color.png 0.999833 -0.0100146 -0.0152665 0.00115524 0.0102628 0.999815 0.0162642 -0.00243789 0.0151008 -0.0164181 0.999751 -0.00143343 0.0 0.0 0.0 1.0
stairs/seq-06/color/frame-000145.color.png stairs/seq-06/color/frame-000148.color.png 0.999907 -0.00989728 -0.00935677 -0.00501776 0.00999368 0.999897 0.0103112 0.0144398 0.00925376 -0.0104037 0.999903 0.00295596 0.0 0.0 0.0 1.0
stairs/seq-06/color/frame-000148.color.png stairs/seq-06/color/frame-000151.color.png 0.999991 0.00207729 -0.00376709 -0.00330402 -0.00196833 0.999586 0.0287049 0.00703388 0.00382516 -0.0286972 0.999581 -0.00198739 0.0 0.0 0.0 1.0
stairs/seq-06/color/frame-000151.color.png stairs/seq-06/color/frame-000154.color.png 0.999999 -0.00114864 0.00091749 -0.00189595 0.00113061 0.999811 0.0194226 0.00341167 -0.000939623 -0.0194215 0.999811 -0.0103727 0.0 0.0 0.0 1.0
stairs/seq-06/color/frame-000154.color.png stairs/seq-06/color/frame-000157.color.png 0.999895 0.0059591 0.0132278 -0.00350211 -0.00630869 0.999628 0.0265486 0.0112783 -0.0130647 -0.0266292 0.99956 0.0187306 0.0 0.0 0.0 1.0
stairs/seq-06/color/frame-000157.color.png stairs/seq-06/color/frame-000160.color.png 0.999844 -0.0053694 0.016842 -0.0013575 0.00528058 0.999972 0.00531315 0.0154344 -0.0168701 -0.00522339 0.999844 0.00123321 0.0 0.0 0.0 1.0
stairs/seq-06/color/frame-000160.color.png stairs/seq-06/color/frame-000163.color.png 0.999356 0.00999066 0.034461 -0.00794638 -0.0103267 0.999901 0.00958642 0.00670516 -0.0343617 -0.00993611 0.99936 0.0170563 0.0 0.0 0.0 1.0
stairs/seq-06/color/frame-000163.color.png stairs/seq-06/color/frame-000166.color.png 0.99935 -0.00784971 0.0351766 -0.00313221 0.00747153 0.999913 0.0108691 0.0185192 -0.0352589 -0.0105992 0.999322 0.0297452 0.0 0.0 0.0 1.0
stairs/seq-06/color/frame-000166.color.png stairs/seq-06/color/frame-000169.color.png 0.999003 -0.00320123 0.0445372 -0.00200785 0.00263819 0.999916 0.0126948 -0.00169022 -0.0445741 -0.0125647 0.998927 0.0101462 0.0 0.0 0.0 1.0
stairs/seq-06/color/frame-000169.color.png stairs/seq-06/color/frame-000172.color.png 0.999348 -0.0321443 0.0164382 0.0105563 0.0321491 0.999483 -2.9868e-05 -0.000636488 -0.0164287 0.000558322 0.999865 -0.00338463 0.0 0.0 0.0 1.0
stairs/seq-06/color/frame-000172.color.png stairs/seq-06/color/frame-000175.color.png 0.998574 -0.044258 -0.0298657 -0.00122978 0.0434325 0.998671 -0.0277459 0.01762 0.031054 0.0264092 0.999169 0.0172897 0.0 0.0 0.0 1.0
stairs/seq-06/color/frame-000175.color.png stairs/seq-06/color/frame-000178.color.png 0.996638 -0.0204917 -0.0793334 0.0370248 0.018749 0.999568 -0.0226507 0.0122661 0.0797633 0.0210871 0.996591 0.00727688 0.0 0.0 0.0 1.0
stairs/seq-06/color/frame-000178.color.png stairs/seq-06/color/frame-000181.color.png 0.999656 0.00385425 -0.0259475 0.0227756 -0.00398459 0.99998 -0.00497365 -0.00958531 0.0259279 0.00507533 0.999651 0.00251043 0.0 0.0 0.0 1.0
stairs/seq-06/color/frame-000181.color.png stairs/seq-06/color/frame-000184.color.png 0.998491 0.0145599 -0.0529415 0.0395488 -0.0156746 0.999663 -0.0207002 0.00975306 0.0526222 0.0214989 0.998383 -0.00247426 0.0 0.0 0.0 1.0
stairs/seq-06/color/frame-000184.color.png stairs/seq-06/color/frame-000187.color.png 0.999423 0.0040279 -0.0337375 0.0198295 -0.00448098 0.999901 -0.0133649 0.00482002 0.0336804 0.0135084 0.999341 -0.0076537 0.0 0.0 0.0 1.0
stairs/seq-06/color/frame-000187.color.png stairs/seq-06/color/frame-000190.color.png 0.999653 0.00635809 -0.0255601 0.0267983 -0.00627059 0.999974 0.00350282 -0.00589589 0.0255817 -0.00334133 0.999667 -0.0227228 0.0 0.0 0.0 1.0
stairs/seq-06/color/frame-000190.color.png stairs/seq-06/color/frame-000193.color.png 0.999958 0.00913528 -0.00108898 0.00653265 -0.00913433 0.999958 0.000864876 -0.000141837 0.00109684 -0.000854879 0.999999 -0.00441489 0.0 0.0 0.0 1.0
stairs/seq-06/color/frame-000193.color.png stairs/seq-06/color/frame-000196.color.png 0.999886 0.014188 0.00511571 0.0066265 -0.0141729 0.999895 -0.00297232 -0.00118987 -0.00515736 0.00289946 0.999983 -0.000535205 0.0 0.0 0.0 1.0
stairs/seq-06/color/frame-000196.color.png stairs/seq-06/color/frame-000199.color.png 0.999866 0.00474544 0.0156668 -0.00268866 -0.0045782 0.999932 -0.0106945 0.00392354 -0.0157164 0.0106214 0.99982 0.0243024 0.0 0.0 0.0 1.0
stairs/seq-06/color/frame-000199.color.png stairs/seq-06/color/frame-000202.color.png 0.999958 0.00169566 0.0090619 0.0038036 -0.00163661 0.999977 -0.00651977 -0.00315496 -0.00907275 0.00650465 0.999938 0.00116856 0.0 0.0 0.0 1.0
stairs/seq-06/color/frame-000202.color.png stairs/seq-06/color/frame-000205.color.png 0.999736 0.00874742 0.02125 0.00018619 -0.00862337 0.999945 -0.00592177 -0.00815352 -0.0213006 0.00573698 0.999757 0.0238313 0.0 0.0 0.0 1.0
stairs/seq-06/color/frame-000205.color.png stairs/seq-06/color/frame-000208.color.png 0.999909 -0.00114886 0.0134718 -0.00149718 0.00126115 0.999965 -0.00832981 -0.00513117 -0.0134618 0.00834603 0.999875 0.0219053 0.0 0.0 0.0 1.0
stairs/seq-06/color/frame-000208.color.png stairs/seq-06/color/frame-000211.color.png 0.999233 0.016883 0.0353246 -0.00095652 -0.0165566 0.999818 -0.00951114 -0.00891252 -0.0354787 0.00891901 0.999331 0.0305988 0.0 0.0 0.0 1.0
stairs/seq-06/color/frame-000211.color.png stairs/seq-06/color/frame-000214.color.png 0.999549 -0.0299009 0.0027731 0.0093226 0.0299177 0.999533 -0.00620939 -0.0107604 -0.00258614 0.00628953 0.999977 0.00951709 0.0 0.0 0.0 1.0
stairs/seq-06/color/frame-000214.color.png stairs/seq-06/color/frame-000217.color.png 0.999996 -0.000910166 -0.00281301 0.00167544 0.000900085 0.999993 -0.00358227 -0.00596225 0.00281626 0.00357972 0.99999 0.0403401 0.0 0.0 0.0 1.0
stairs/seq-06/color/frame-000217.color.png stairs/seq-06/color/frame-000220.color.png 0.999749 -0.00576973 0.0216586 -0.000104576 0.00581795 0.999981 -0.0021635 -0.000894576 -0.0216457 0.00228896 0.999763 0.0259569 0.0 0.0 0.0 1.0
stairs/seq-06/color/frame-000220.color.png stairs/seq-06/color/frame-000223.color.png 0.999853 -0.010292 0.0137275 -0.00649343 0.0102678 0.999946 0.00183643 -0.00626944 -0.0137457 -0.00169518 0.999904 0.0225147 0.0 0.0 0.0 1.0
stairs/seq-06/color/frame-000223.color.png stairs/seq-06/color/frame-000226.color.png 0.999837 -0.00337038 0.0177622 -0.0106692 0.0031633 0.999927 0.0116732 -0.00463673 -0.0178002 -0.0116152 0.999774 0.0176966 0.0 0.0 0.0 1.0
stairs/seq-06/color/frame-000226.color.png stairs/seq-06/color/frame-000229.color.png 0.999868 -0.00596979 -0.0150848 0.00443324 0.00604683 0.999969 0.00506602 -0.00307147 0.0150541 -0.00515656 0.999873 -0.00478759 0.0 0.0 0.0 1.0
stairs/seq-06/color/frame-000229.color.png stairs/seq-06/color/frame-000232.color.png 0.999927 -0.0113372 -0.00413076 0.00377578 0.011414 0.999753 0.0190624 -0.0132621 0.00391361 -0.0191082 0.99981 -0.0219708 0.0 0.0 0.0 1.0
stairs/seq-06/color/frame-000232.color.png stairs/seq-06/color/frame-000235.color.png 0.999976 -0.00553315 0.00417784 0.00183061 0.00551278 0.999973 0.00487071 0.00577436 -0.00420466 -0.00484756 0.99998 -0.0140859 0.0 0.0 0.0 1.0
stairs/seq-06/color/frame-000235.color.png stairs/seq-06/color/frame-000238.color.png 0.999761 -0.00794357 0.0203874 -0.00384389 0.00777136 0.999934 0.0085122 0.0100797 -0.0204537 -0.00835172 0.999756 -0.00408876 0.0 0.0 0.0 1.0
stairs/seq-06/color/frame-000238.color.png stairs/seq-06/color/frame-000241.color.png 0.999668 -0.00437462 0.0254097 -0.00420333 0.00361691 0.99955 0.0297898 -0.00910769 -0.0255285 -0.029688 0.999233 -0.0102535 0.0 0.0 0.0 1.0
stairs/seq-06/color/frame-000241.color.png stairs/seq-06/color/frame-000244.color.png 0.998551 -0.0316408 0.0435362 0.00341775 0.0311214 0.999437 0.0125552 0.0189067 -0.0439089 -0.0111821 0.998973 -0.0156048 0.0 0.0 0.0 1.0
stairs/seq-06/color/frame-000244.color.png stairs/seq-06/color/frame-000247.color.png 0.999546 -0.0189036 0.0234759 -0.00386184 0.0184764 0.999662 0.0182811 0.0157633 -0.0238135 -0.0178391 0.999557 -0.00628585 0.0 0.0 0.0 1.0
stairs/seq-06/color/frame-000247.color.png stairs/seq-06/color/frame-000250.color.png 0.99941 -0.0100295 0.0328408 -0.00416447 0.00945915 0.999802 0.0174753 0.0090488 -0.0330097 -0.0171544 0.999308 0.00038594 0.0 0.0 0.0 1.0
stairs/seq-06/color/frame-000250.color.png stairs/seq-06/color/frame-000253.color.png 0.999379 -0.00887372 0.0341119 -0.0109635 0.00791356 0.999572 0.0281804 -0.00427347 -0.0343473 -0.0278929 0.999021 0.0166909 0.0 0.0 0.0 1.0
stairs/seq-06/color/frame-000253.color.png stairs/seq-06/color/frame-000256.color.png 0.999456 -0.00365033 0.0327834 -0.000990495 0.00272518 0.999598 0.0282205 -0.00218758 -0.0328732 -0.0281158 0.999064 0.0111302 0.0 0.0 0.0 1.0
stairs/seq-06/color/frame-000256.color.png stairs/seq-06/color/frame-000259.color.png 0.999237 -0.0124928 0.0370077 -0.00951119 0.011962 0.999823 0.0145312 -0.00401725 -0.0371826 -0.0140775 0.999209 0.0396428 0.0 0.0 0.0 1.0
stairs/seq-06/color/frame-000259.color.png stairs/seq-06/color/frame-000262.color.png 0.999592 -0.00719902 0.0276456 -0.0134588 0.00723135 0.999973 -0.00106961 -0.00638232 -0.0276372 0.00126909 0.999617 0.0470901 0.0 0.0 0.0 1.0
stairs/seq-06/color/frame-000262.color.png stairs/seq-06/color/frame-000265.color.png 0.999697 -0.0196808 0.014785 0.000879526 0.0201133 0.999357 -0.0296958 -0.0161236 -0.014191 0.0299842 0.99945 0.0292415 0.0 0.0 0.0 1.0
stairs/seq-06/color/frame-000265.color.png stairs/seq-06/color/frame-000268.color.png 0.998093 -0.0383289 0.0483852 -0.031449 0.0389179 0.999179 -0.0112914 -0.0126659 -0.0479128 0.0131529 0.998765 0.0505868 0.0 0.0 0.0 1.0
stairs/seq-06/color/frame-000268.color.png stairs/seq-06/color/frame-000271.color.png 0.999354 -0.0272857 0.0234022 -0.00581865 0.0271886 0.99962 0.00445571 -0.0155064 -0.0235149 -0.00381656 0.999716 0.00234035 0.0 0.0 0.0 1.0
stairs/seq-06/color/frame-000271.color.png stairs/seq-06/color/frame-000274.color.png 0.998931 -0.0380204 0.0262901 -0.0124718 0.0379583 0.999275 0.00285753 -0.016827 -0.0263797 -0.00185654 0.99965 0.00281811 0.0 0.0 0.0 1.0
stairs/seq-06/color/frame-000274.color.png stairs/seq-06/color/frame-000277.color.png 0.998704 -0.0227519 0.0455264 -0.02422 0.021995 0.999613 0.0170597 -0.0293567 -0.0458968 -0.0160363 0.998818 0.0110664 0.0 0.0 0.0 1.0
stairs/seq-06/color/frame-000277.color.png stairs/seq-06/color/frame-000280.color.png 0.999297 -0.0250831 0.0278531 -0.0252718 0.0246284 0.99956 0.0165473 -0.0454069 -0.028256 -0.0158497 0.999475 -0.00498915 0.0 0.0 0.0 1.0
stairs/seq-06/color/frame-000280.color.png stairs/seq-06/color/frame-000283.color.png 0.999953 0.00940426 0.00232073 -0.00731203 -0.0094368 0.999852 0.0144142 -0.00709574 -0.00218488 -0.0144354 0.999893 -0.008688 0.0 0.0 0.0 1.0
stairs/seq-06/color/frame-000283.color.png stairs/seq-06/color/frame-000286.color.png 0.999685 0.00802515 -0.0237754 0.0070208 -0.00798307 0.999967 0.00186392 -0.0051693 0.0237894 -0.00167357 0.999716 -0.0163169 0.0 0.0 0.0 1.0
stairs/seq-06/color/frame-000286.color.png stairs/seq-06/color/frame-000289.color.png 0.999916 -0.00224333 -0.0127526 0.0161204 0.00210758 0.999941 -0.0106476 0.000978053 0.0127758 0.0106199 0.999862 -0.0186277 0.0 0.0 0.0 1.0
stairs/seq-06/color/frame-000289.color.png stairs/seq-06/color/frame-000292.color.png 0.999281 -0.0104186 0.0364417 -0.025381 0.0101555 0.999921 0.00739821 -0.00483002 -0.0365159 -0.00702282 0.999308 0.0106612 0.0 0.0 0.0 1.0
stairs/seq-06/color/frame-000292.color.png stairs/seq-06/color/frame-000295.color.png 0.997705 -0.00904364 0.0671056 -0.0465659 0.00806249 0.999857 0.0148781 -0.00694689 -0.0672306 -0.0143029 0.997635 0.032326 0.0 0.0 0.0 1.0
stairs/seq-06/color/frame-000295.color.png stairs/seq-06/color/frame-000298.color.png 0.997801 -0.031399 0.0583685 -0.017812 0.0312223 0.999505 0.00393779 -0.0102544 -0.0584631 -0.00210672 0.998287 0.0186109 0.0 0.0 0.0 1.0
stairs/seq-06/color/frame-000298.color.png stairs/seq-06/color/frame-000301.color.png 0.995015 -0.046173 0.0883901 -0.056191 0.0465092 0.998916 -0.00174731 -0.00354166 -0.0882138 0.0058496 0.996084 0.0579267 0.0 0.0 0.0 1.0
stairs/seq-06/color/frame-000301.color.png stairs/seq-06/color/frame-000304.color.png 0.996674 -0.0438455 0.0686916 -0.0526233 0.0440309 0.999029 -0.00118503 -0.0143717 -0.0685731 0.0042056 0.997637 0.0373823 0.0 0.0 0.0 1.0
stairs/seq-06/color/frame-000304.color.png stairs/seq-06/color/frame-000307.color.png 0.998997 -0.0110593 0.0433796 -0.00930241 0.0111126 0.999938 -0.000988457 0.00266801 -0.0433659 0.00146956 0.999058 0.0100746 0.0 0.0 0.0 1.0
stairs/seq-06/color/frame-000307.color.png stairs/seq-06/color/frame-000310.color.png 0.999804 0.0139121 0.0140569 0.00866082 -0.0140013 0.999882 0.00626664 0.020329 -0.0139681 -0.00646223 0.999882 -0.0135519 0.0 0.0 0.0 1.0
stairs/seq-06/color/frame-000310.color.png stairs/seq-06/color/frame-000313.color.png 0.999803 0.0163242 0.0113334 -0.00409831 -0.0162202 0.999826 -0.00921232 0.0363166 -0.0114819 0.00902666 0.999893 0.00240687 0.0 0.0 0.0 1.0
stairs/seq-06/color/frame-000313.color.png stairs/seq-06/color/frame-000316.color.png 0.999854 0.00745259 0.0153787 -0.0399001 -0.00748709 0.99997 0.00218366 -0.0206045 -0.015362 -0.0022984 0.999879 0.00945172 0.0 0.0 0.0 1.0
stairs/seq-06/color/frame-000316.color.png stairs/seq-06/color/frame-000319.color.png 0.99987 0.0038279 0.0156974 -0.0553008 -0.00373292 0.999974 -0.00607287 -0.0135052 -0.0157204 0.00601347 0.999858 0.0120994 0.0 0.0 0.0 1.0
stairs/seq-06/color/frame-000319.color.png stairs/seq-06/color/frame-000322.color.png 0.999968 -0.000665464 0.00800857 -0.041264 0.000693337 0.999994 -0.00347268 -0.00844441 -0.0080062 0.00347807 0.999962 -0.000994205 0.0 0.0 0.0 1.0
stairs/seq-06/color/frame-000322.color.png stairs/seq-06/color/frame-000325.color.png 0.999992 -0.000145026 -0.00404252 -0.00875912 0.000144395 1.0 -0.000135907 0.00673409 0.00404268 0.000135425 0.999992 -0.00215653 0.0 0.0 0.0 1.0
stairs/seq-06/color/frame-000325.color.png stairs/seq-06/color/frame-000328.color.png 0.999865 0.00122537 0.0163667 -0.0524328 -0.0013872 0.99995 0.00987978 -0.0288057 -0.0163539 -0.00990126 0.999817 0.0128343 0.0 0.0 0.0 1.0
stairs/seq-06/color/frame-000328.color.png stairs/seq-06/color/frame-000331.color.png 0.999965 0.00622978 0.00556349 -0.0316983 -0.00638116 0.999598 0.0276303 -0.0223799 -0.00538903 -0.0276648 0.999603 0.00627199 0.0 0.0 0.0 1.0
stairs/seq-06/color/frame-000331.color.png stairs/seq-06/color/frame-000334.color.png 0.999953 0.00500882 0.00827568 -0.0308577 -0.00512407 0.999889 0.0139714 -0.0139216 -0.00820473 -0.0140131 0.999868 0.00524256 0.0 0.0 0.0 1.0
stairs/seq-06/color/frame-000334.color.png stairs/seq-06/color/frame-000337.color.png 0.999954 -0.0052265 0.00811064 -0.00723348 0.0052678 0.999973 -0.00508869 0.00013335 -0.00808392 0.00513114 0.999954 0.0113931 0.0 0.0 0.0 1.0
stairs/seq-06/color/frame-000337.color.png stairs/seq-06/color/frame-000340.color.png 0.995447 -0.0290439 0.0907817 -0.187143 0.0244463 0.998381 0.051352 -0.12057 -0.0921263 -0.0488989 0.994546 0.15354 0.0 0.0 0.0 1.0
stairs/seq-06/color/frame-000340.color.png stairs/seq-06/color/frame-000343.color.png 0.999822 -0.0175356 -0.00691877 -0.0188092 0.0174745 0.999808 -0.00880958 0.0180293 0.00707195 0.00868712 0.999937 0.0294186 0.0 0.0 0.0 1.0
stairs/seq-06/color/frame-000343.color.png stairs/seq-06/color/frame-000346.color.png 0.999655 -0.0262778 0.000144801 -0.0249682 0.0262744 0.999402 -0.0224689 0.0119665 0.000445638 0.0224649 0.999748 0.0237137 0.0 0.0 0.0 1.0
stairs/seq-06/color/frame-000346.color.png stairs/seq-06/color/frame-000349.color.png 0.999223 -0.0301121 0.025421 -0.0498153 0.0303315 0.999506 -0.00828898 0.00363353 -0.0251588 0.00905358 0.999642 0.0143418 0.0 0.0 0.0 1.0
stairs/seq-06/color/frame-000349.color.png stairs/seq-06/color/frame-000352.color.png 0.999718 -0.0150073 0.0183947 -0.0423763 0.0149258 0.999878 0.00456045 -0.00997481 -0.018461 -0.00428456 0.99982 -0.000537157 0.0 0.0 0.0 1.0
stairs/seq-06/color/frame-000352.color.png stairs/seq-06/color/frame-000355.color.png 0.999711 -0.0136113 0.019825 -0.0376964 0.0135965 0.999907 0.000873335 -0.00680655 -0.019835 -0.000603531 0.999803 0.00164157 0.0 0.0 0.0 1.0
stairs/seq-06/color/frame-000355.color.png stairs/seq-06/color/frame-000358.color.png 0.999769 -0.00155131 0.021448 -0.0323298 0.00130075 0.999931 0.0116897 -0.0185672 -0.0214647 -0.0116591 0.999702 0.0151552 0.0 0.0 0.0 1.0
stairs/seq-06/color/frame-000358.color.png stairs/seq-06/color/frame-000361.color.png 0.999971 0.00768497 -2.07759e-05 -0.0136174 -0.00768411 0.999893 0.0124548 -0.0217427 0.000116504 -0.0124543 0.999922 -0.00743508 0.0 0.0 0.0 1.0
stairs/seq-06/color/frame-000361.color.png stairs/seq-06/color/frame-000364.color.png 0.999915 0.00118868 -0.0130125 0.00381294 -0.00133419 0.999937 -0.0111809 -0.00339115 0.0129983 0.0111974 0.999853 -0.0138375 0.0 0.0 0.0 1.0
stairs/seq-06/color/frame-000364.color.png stairs/seq-06/color/frame-000367.color.png 0.999143 -0.00873108 0.0404717 -0.08337 0.00801563 0.999809 0.0178064 -0.0641551 -0.0406194 -0.0174668 0.999022 0.0580593 0.0 0.0 0.0 1.0
stairs/seq-06/color/frame-000367.color.png stairs/seq-06/color/frame-000370.color.png 0.999999 0.000947535 -0.000611604 -0.0275975 -0.000951272 0.999981 -0.00618171 -0.00301185 0.000605655 0.00618232 0.999981 0.00301641 0.0 0.0 0.0 1.0
stairs/seq-06/color/frame-000370.color.png stairs/seq-06/color/frame-000373.color.png 0.999992 -0.00145313 0.00360411 -0.042621 0.00149202 0.999941 -0.0107997 0.00788936 -0.00358818 0.010805 0.999935 0.00736386 0.0 0.0 0.0 1.0
stairs/seq-06/color/frame-000373.color.png stairs/seq-06/color/frame-000376.color.png 0.999818 -0.0181199 -0.00605376 -0.0332486 0.0180353 0.999743 -0.0137483 0.00145984 0.00630135 0.0136366 0.999887 0.00765514 0.0 0.0 0.0 1.0
stairs/seq-06/color/frame-000376.color.png stairs/seq-06/color/frame-000379.color.png 0.997305 -0.0503228 -0.053381 -0.0130275 0.0485822 0.99826 -0.0334188 -0.0426374 0.0549697 0.0307355 0.998015 -0.020693 0.0 0.0 0.0 1.0
stairs/seq-06/color/frame-000379.color.png stairs/seq-06/color/frame-000382.color.png 0.998279 -0.0238236 -0.0535803 0.000872493 0.0228359 0.999559 -0.0189714 0.0109178 0.0540088 0.0177152 0.998383 0.0238204 0.0 0.0 0.0 1.0
stairs/seq-06/color/frame-000382.color.png stairs/seq-06/color/frame-000385.color.png 0.999234 -0.022694 -0.0318674 0.00585926 0.0223361 0.999684 -0.0115404 0.0133728 0.0321191 0.0108198 0.999426 0.0184085 0.0 0.0 0.0 1.0
stairs/seq-06/color/frame-000385.color.png stairs/seq-06/color/frame-000388.color.png 0.999964 -0.00462634 -0.00716656 0.000540197 0.00455766 0.999944 -0.00958016 0.0153784 0.00721061 0.00954715 0.999928 0.00189614 0.0 0.0 0.0 1.0
stairs/seq-06/color/frame-000388.color.png stairs/seq-06/color/frame-000391.color.png 0.999983 0.00534914 -0.00206615 -0.00259787 -0.00538009 0.999868 -0.0152969 7.29561e-05 0.00198402 0.0153078 0.999881 -0.00683802 0.0 0.0 0.0 1.0
stairs/seq-06/color/frame-000391.color.png stairs/seq-06/color/frame-000394.color.png 0.999857 0.0151827 -0.0074266 0.0113101 -0.0151633 0.999882 0.00266317 -0.0159817 0.00746612 -0.0025502 0.999969 -0.0112885 0.0 0.0 0.0 1.0
stairs/seq-06/color/frame-000394.color.png stairs/seq-06/color/frame-000397.color.png 0.999656 0.0181872 -0.0188814 0.0237609 -0.0183321 0.999804 -0.00752704 -0.0123027 0.0187408 0.00787064 0.999793 0.011238 0.0 0.0 0.0 1.0
stairs/seq-06/color/frame-000397.color.png stairs/seq-06/color/frame-000400.color.png 0.999439 0.0178761 -0.0283368 0.0369595 -0.0179853 0.999832 -0.00360578 -0.00541478 0.0282677 0.00411341 0.999592 0.0129688 0.0 0.0 0.0 1.0
stairs/seq-06/color/frame-000400.color.png stairs/seq-06/color/frame-000403.color.png 0.999796 0.0197324 0.00424424 -0.0155572 -0.0198137 0.999603 0.020045 -0.0421305 -0.00384708 -0.020125 0.99979 0.00509411 0.0 0.0 0.0 1.0
stairs/seq-06/color/frame-000403.color.png stairs/seq-06/color/frame-000406.color.png 0.999916 0.0115401 -0.0059602 0.0140972 -0.0115549 0.99993 -0.00245261 -0.00362855 0.00593146 0.00252119 0.999979 0.00556922 0.0 0.0 0.0 1.0
stairs/seq-06/color/frame-000406.color.png stairs/seq-06/color/frame-000409.color.png 0.999958 0.00826694 -0.00385776 0.00602698 -0.00824588 0.999951 0.00545083 -0.0099842 0.00390264 -0.00541878 0.999978 0.00277227 0.0 0.0 0.0 1.0
stairs/seq-06/color/frame-000409.color.png stairs/seq-06/color/frame-000412.color.png 0.999533 -0.0176747 -0.0249173 -0.00528479 0.0169639 0.999451 -0.028454 0.0233946 0.0254066 0.028018 0.999285 0.043143 0.0 0.0 0.0 1.0
stairs/seq-06/color/frame-000412.color.png stairs/seq-06/color/frame-000415.color.png 0.999894 0.0107787 -0.00975563 0.0154653 -0.0108251 0.99993 -0.0047079 0.0347354 0.00970434 0.00481305 0.999941 0.0503401 0.0 0.0 0.0 1.0
stairs/seq-06/color/frame-000415.color.png stairs/seq-06/color/frame-000418.color.png 0.999942 -0.00541804 -0.00932425 -0.00798899 0.00537585 0.999975 -0.00455624 -0.00447994 0.00934865 0.00450587 0.999946 0.0135886 0.0 0.0 0.0 1.0
stairs/seq-06/color/frame-000418.color.png stairs/seq-06/color/frame-000421.color.png 0.99946 0.0149913 -0.0292437 0.0134764 -0.015607 0.999659 -0.0209383 -0.00302124 0.0289198 0.0213833 0.999353 0.0263948 0.0 0.0 0.0 1.0
stairs/seq-06/color/frame-000421.color.png stairs/seq-06/color/frame-000424.color.png 0.999714 0.00239031 -0.0237964 0.000551939 -0.00249739 0.999987 -0.00447363 -0.00517064 0.0237855 0.00453181 0.999707 0.016803 0.0 0.0 0.0 1.0
stairs/seq-06/color/frame-000424.color.png stairs/seq-06/color/frame-000427.color.png 0.999636 0.013017 -0.0236527 0.0122902 -0.0129273 0.999909 0.0039423 -0.017417 0.0237019 -0.00363505 0.999712 0.00719529 0.0 0.0 0.0 1.0
stairs/seq-06/color/frame-000427.color.png stairs/seq-06/color/frame-000430.color.png 0.999778 3.84003e-05 -0.0210682 -0.0088138 8.56557e-05 0.999983 0.00589025 -0.023831 0.0210681 -0.00589078 0.999761 0.00181085 0.0 0.0 0.0 1.0
stairs/seq-06/color/frame-000430.color.png stairs/seq-06/color/frame-000433.color.png 0.999893 0.000320477 -0.0146203 -0.0131198 -2.84714e-05 0.999801 0.0199684 -0.0173747 0.0146237 -0.0199659 0.999694 -0.0144033 0.0 0.0 0.0 1.0
stairs/seq-06/color/frame-000433.color.png stairs/seq-06/color/frame-000436.color.png 0.99975 -0.0074637 0.0210595 -0.039701 0.00710585 0.99983 0.0170177 -0.012624 -0.021183 -0.0168639 0.999633 -0.0357329 0.0 0.0 0.0 1.0
stairs/seq-06/color/frame-000436.color.png stairs/seq-06/color/frame-000439.color.png 0.999784 -0.00749359 0.0193681 -0.0339355 0.00748055 0.999972 0.000745802 -0.00456351 -0.0193731 -0.000600703 0.999812 -0.022073 0.0 0.0 0.0 1.0
stairs/seq-06/color/frame-000439.color.png stairs/seq-06/color/frame-000442.color.png 0.999896 0.000653953 0.0144194 -0.0375668 -0.000894049 0.999861 0.0166559 -0.0322192 -0.0144066 -0.016667 0.999757 -0.0246584 0.0 0.0 0.0 1.0
stairs/seq-06/color/frame-000442.color.png stairs/seq-06/color/frame-000445.color.png 0.999942 0.00818469 0.00693436 -0.00993305 -0.00836643 0.999611 0.0265885 -0.0319295 -0.00671389 -0.0266449 0.999622 -0.0166756 0.0 0.0 0.0 1.0
stairs/seq-06/color/frame-000445.color.png stairs/seq-06/color/frame-000448.color.png 0.999879 0.00897321 0.0127132 -0.0192333 -0.00912997 0.999882 0.0123318 -0.0237496 -0.012601 -0.0124464 0.999843 -0.0108128 0.0 0.0 0.0 1.0
stairs/seq-06/color/frame-000448.color.png stairs/seq-06/color/frame-000451.color.png 0.99973 0.0180912 0.0145704 -0.0217112 -0.0184368 0.999543 0.0239456 -0.0468045 -0.0141307 -0.0242078 0.999607 -0.0171899 0.0 0.0 0.0 1.0
stairs/seq-06/color/frame-000451.color.png stairs/seq-06/color/frame-000454.color.png 0.999991 0.00371569 0.00176492 -0.00704467 -0.00372851 0.999966 0.00730201 -0.0165125 -0.00173757 -0.00730853 0.999972 0.00945526 0.0 0.0 0.0 1.0
stairs/seq-06/color/frame-000454.color.png stairs/seq-06/color/frame-000457.color.png 0.999749 0.00783837 0.0209747 -0.016454 -0.00808954 0.999896 0.0119208 -0.016554 -0.0208791 -0.0120874 0.999709 -0.00701451 0.0 0.0 0.0 1.0
stairs/seq-06/color/frame-000457.color.png stairs/seq-06/color/frame-000460.color.png 0.998853 0.0117291 0.0464223 -0.0511518 -0.0123401 0.999841 0.0128974 -0.0298164 -0.0462637 -0.0134555 0.998839 -0.0236448 0.0 0.0 0.0 1.0
stairs/seq-06/color/frame-000460.color.png stairs/seq-06/color/frame-000463.color.png 0.99995 -0.0033646 0.00942416 -0.0219899 0.0033999 0.999987 -0.00373235 -0.0131898 -0.00941156 0.00376424 0.999949 0.0200083 0.0 0.0 0.0 1.0
stairs/seq-06/color/frame-000463.color.png stairs/seq-06/color/frame-000466.color.png 0.99985 -0.0107413 0.0135645 -0.0345773 0.0110775 0.999627 -0.0249537 0.0263119 -0.0132914 0.0251002 0.999597 0.0239922 0.0 0.0 0.0 1.0
stairs/seq-06/color/frame-000466.color.png stairs/seq-06/color/frame-000469.color.png 0.999915 -0.0127486 0.00273898 -0.0174935 0.0127599 0.99991 -0.00411141 0.00705642 -0.00268625 0.00414601 0.999988 0.0229445 0.0 0.0 0.0 1.0
stairs/seq-06/color/frame-000469.color.png stairs/seq-06/color/frame-000472.color.png 0.999881 -0.0108337 0.0109426 -0.0249851 0.0108923 0.999927 -0.00531707 0.0111501 -0.0108843 0.00543563 0.999926 0.0063858 0.0 0.0 0.0 1.0
stairs/seq-06/color/frame-000472.color.png stairs/seq-06/color/frame-000475.color.png 0.999996 0.00240528 -0.0016836 -0.0066486 -0.00239715 0.999986 0.00472399 -0.0108553 0.00169505 -0.00471988 0.999987 -0.00344032 0.0 0.0 0.0 1.0
stairs/seq-06/color/frame-000475.color.png stairs/seq-06/color/frame-000478.color.png 0.999998 -0.000913161 -0.00162549 -0.0184263 0.000915837 0.999998 0.00174288 -0.0195578 0.00162382 -0.00174434 0.999997 0.0063501 0.0 0.0 0.0 1.0
stairs/seq-06/color/frame-000478.color.png stairs/seq-06/color/frame-000481.color.png 0.99966 0.0161252 -0.0204946 0.0157014 -0.0158987 0.999811 0.0111638 -0.0265976 0.0206706 -0.0108342 0.999728 0.0101699 0.0 0.0 0.0 1.0
stairs/seq-06/color/frame-000481.color.png stairs/seq-06/color/frame-000484.color.png 0.999643 -0.000237651 -0.026712 0.000701487 3.48428e-06 0.999962 -0.00876691 -0.00597656 0.026713 0.00876368 0.999605 0.0273138 0.0 0.0 0.0 1.0
stairs/seq-06/color/frame-000484.color.png stairs/seq-06/color/frame-000487.color.png 0.999605 -0.00172167 -0.0280407 0.0129837 0.00189889 0.999978 0.00629579 -0.0081448 0.0280294 -0.00634657 0.999587 0.017885 0.0 0.0 0.0 1.0
stairs/seq-06/color/frame-000487.color.png stairs/seq-06/color/frame-000490.color.png 0.99954 0.00860582 -0.0290681 0.0233268 -0.00880825 0.999938 -0.00684344 -0.000383437 0.0290074 0.00709631 0.999554 0.040504 0.0 0.0 0.0 1.0
stairs/seq-06/color/frame-000490.color.png stairs/seq-06/color/frame-000493.color.png 0.998325 0.0178681 -0.0550376 0.0511696 -0.017219 0.999777 0.0122461 -0.0157637 0.0552442 -0.0112779 0.998409 0.0573283 0.0 0.0 0.0 1.0
stairs/seq-06/color/frame-000493.color.png stairs/seq-06/color/frame-000496.color.png 0.998042 -0.00282938 -0.0624817 0.0541578 0.00255564 0.999987 -0.00446145 0.00749421 0.0624935 0.00429306 0.998036 0.0606097 0.0 0.0 0.0 1.0
stairs/seq-06/color/frame-000496.color.png stairs/seq-06/color/frame-000499.color.png 0.99804 -0.00794953 -0.0620685 0.0533196 0.00717937 0.999895 -0.0126211 0.0214322 0.0621622 0.0121507 0.997992 0.0792994 0.0 0.0 0.0 1.0
