stairs/seq-06/color/frame-000000.color.png stairs/seq-06/color/frame-000002.color.png 0.999981 -0.00449342 0.00414915 -0.000373498 0.00439204 0.999699 0.024128 0.00399811 -0.00425632 -0.0241094 0.9997 0.00798838 0.0 0.0 0.0 1.0
stairs/seq-06/color/frame-000002.color.png stairs/seq-06/color/frame-000004.color.png 0.999995 -0.000810488 0.00311836 0.000178116 0.000788229 0.999974 0.00713256 0.00291645 -0.00312406 -0.00713006 0.99997 0.00346115 0.0 0.0 0.0 1.0
stairs/seq-06/color/frame-000004.color.png stairs/seq-06/color/frame-000006.color.png 0.999983 -0.00363928 0.00467781 -0.000112444 0.00361214 0.999977 0.00579861 0.00271109 -0.0046988 -0.0057816 0.999972 0.00239848 0.0 0.0 0.0 1.0
stairs/seq-06/color/frame-000006.color.png stairs/seq-06/color/frame-000008.color.png 0.999988 -0.00276004 0.00395269 0.00106817 0.00275409 0.999995 0.00151115 0.00216474 -0.00395684 -0.00150025 0.999991 0.000296539 0.0 0.0 0.0 1.0
stairs/seq-06/color/frame-000008.color.png stairs/seq-06/color/frame-000010.color.png 0.999982 0.000671404 0.00593394 0.000117557 -0.000705321 0.999983 0.00571626 0.000475792 -0.00593001 -0.00572035 0.999966 0.00182399 0.0 0.0 0.0 1.0
stairs/seq-06/color/frame-000010.color.png stairs/seq-06/color/frame-000012.color.png 0.999923 -0.00508305 0.0113243 0.00184522 0.00497417 0.999941 0.00962137 0.00222589 -0.0113726 -0.0095643 0.99989 0.0020221 0.0 0.0 0.0 1.0
stairs/seq-06/color/frame-000012.color.png stairs/seq-06/color/frame-000014.color.png 0.999951 -0.0043464 0.00894442 0.00140299 0.00429191 0.999972 0.00610224 0.00275064 -0.00897069 -0.00606354 0.999941 0.00492792 0.0 0.0 0.0 1.0
stairs/seq-06/color/frame-000014.color.png stairs/seq-06/color/frame-000016.color.png 0.999857 -0.00481352 0.0161977 0.0013809 0.00467284 0.999951 0.00871124 0.00409043 -0.0162388 -0.0086343 0.999831 0.00348961 0.0 0.0 0.0 1.0
stairs/seq-06/color/frame-000016.color.png stairs/seq-06/color/frame-000018.color.png 0.999944 -0.00897093 0.00564248 0.00520656 0.00891637 0.999914 0.00962028 0.00518353 -0.0057283 -0.00956943 0.999938 -0.002495 0.0 0.0 0.0 1.0
stairs/seq-06/color/frame-000018.color.png stairs/seq-06/color/frame-000020.color.png 0.999941 -0.00708304 0.00830761 0.000735479 0.00693754 0.999824 0.0174131 0.00704943 -0.00842949 -0.0173544 0.999814 0.00552064 0.0 0.0 0.0 1.0
stairs/seq-06/color/frame-000020.color.png stairs/seq-06/color/frame-000022.color.png 0.999946 -0.00507204 0.00910135 -0.00106691 0.00500675 0.999962 0.00718348 0.00316255 -0.00913744 -0.00713754 0.999933 0.010051 0.0 0.0 0.0 1.0
stairs/seq-06/color/frame-000022.color.png stairs/seq-06/color/frame-000024.color.png 0.999959 -0.00279379 0.00864826 0.00338953 0.00265885 0.999875 0.0155761 0.00491585 -0.00869072 -0.0155525 0.999841 0.00151652 0.0 0.0 0.0 1.0
stairs/seq-06/color/frame-000024.color.png stairs/seq-06/color/frame-000026.color.png 0.999867 -0.00588618 0.0152143 -2.10833e-05 0.00556383 0.999761 0.0211425 0.00673321 -0.0153351 -0.0210551 0.999661 0.00137673 0.0 0.0 0.0 1.0
stairs/seq-06/color/frame-000026.color.png stairs/seq-06/color/frame-000028.color.png 0.999896 -0.00655897 0.012842 0.00134814 0.00642558 0.999925 0.010402 0.0044342 -0.0129092 -0.0103184 0.999864 0.008808 0.0 0.0 0.0 1.0
stairs/seq-06/color/frame-000028.color.png stairs/seq-06/color/frame-000030.color.png 0.9997 -0.00569351 0.0238112 -0.000819126 0.00549333 0.999949 0.0084637 0.0106077 -0.0238582 -0.00833038 0.999681 0.015086 0.0 0.0 0.0 1.0
stairs/seq-06/color/frame-000030.color.png stairs/seq-06/color/frame-000032.color.png 0.999545 -0.0144353 0.0264651 0.00126579 0.0141651 0.999846 0.0103686 0.00601785 -0.0266107 -0.00998895 0.999596 0.0096016 0.0 0.0 0.0 1.0
stairs/seq-06/color/frame-000032.color.png stairs/seq-06/color/frame-000034.color.png 0.999382 -0.00794079 0.0342378 0.00202261 0.0076469 0.999933 0.00870618 0.0065283 -0.0343046 -0.00843897 0.999376 0.0105689 0.0 0.0 0.0 1.0
stairs/seq-06/color/frame-000034.color.png stairs/seq-06/color/frame-000036.color.png 0.999483 -0.0189212 0.0259944 0.0155015 0.0189241 0.999821 0.000136265 0.0220968 -0.0259923 0.00035569 0.999662 -0.00714834 0.0 0.0 0.0 1.0
stairs/seq-06/color/frame-000036.color.png stairs/seq-06/color/frame-000038.color.png 0.999769 -0.00646682 0.0204805 0.00859651 0.00631959 0.999954 0.00724584 0.00469188 -0.0205264 -0.00711471 0.999764 -0.011572 0.0 0.0 0.0 1.0
stairs/seq-06/color/frame-000038.color.png stairs/seq-06/color/frame-000040.color.png 0.999456 -0.0144725 0.0296197 0.00600162 0.0138298 0.999667 0.021791 0.00937814 -0.0299252 -0.0213695 0.999324 0.0212246 0.0 0.0 0.0 1.0
stairs/seq-06/color/frame-000040.color.png stairs/seq-06/color/frame-000042.color.png 0.999314 -0.0193873 0.0315729 0.00354753 0.018876 0.999687 0.0164109 0.0094034 -0.0318812 -0.0158037 0.999367 0.0125656 0.0 0.0 0.0 1.0
stairs/seq-06/color/frame-000042.color.png stairs/seq-06/color/frame-000044.color.png 0.999627 -0.0252202 0.0105113 0.0303934 0.0251548 0.999664 0.00630352 0.0305092 -0.0106668 -0.00603674 0.999925 -0.0194859 0.0 0.0 0.0 1.0
stairs/seq-06/color/frame-000044.color.png stairs/seq-06/color/frame-000046.color.png 0.999574 -0.0137172 0.0257809 0.00131236 0.0131844 0.999698 0.0207268 0.0127138 -0.0260575 -0.0203781 0.999453 0.01773 0.0 0.0 0.0 1.0
stairs/seq-06/color/frame-000046.color.png stairs/seq-06/color/frame-000048.color.png 0.999548 -0.0192578 0.0230893 0.00512672 0.0186893 0.999523 0.0245922 -0.0190728 -0.0235518 -0.0241496 0.999431 0.013041 0.0 0.0 0.0 1.0
stairs/seq-06/color/frame-000048.color.png stairs/seq-06/color/frame-000050.color.png 0.999889 -0.0068246 0.013263 0.0247503 0.00682223 0.999977 0.000226567 0.0321902 -0.0132642 -0.000136012 0.999912 -0.0190493 0.0 0.0 0.0 1.0
stairs/seq-06/color/frame-000050.color.png stairs/seq-06/color/frame-000052.color.png 0.999465 -0.0119845 0.0304407 -0.0013187 0.0117785 0.999907 0.00693753 -0.00058867 -0.030521 -0.00657528 0.999512 0.00929075 0.0 0.0 0.0 1.0
stairs/seq-06/color/frame-000052.color.png stairs/seq-06/color/frame-000054.color.png 0.999355 -0.00900418 0.0347744 -0.00280765 0.00850648 0.99986 0.0144333 -0.00828271 -0.0348996 -0.0141282 0.999291 0.0129389 0.0 0.0 0.0 1.0
stairs/seq-06/color/frame-000054.color.png stairs/seq-06/color/frame-000056.color.png 0.999304 -0.0120222 0.0353167 -0.010923 0.0117638 0.999903 0.00751461 -0.00090003 -0.0354036 -0.00709397 0.999348 0.0123933 0.0 0.0 0.0 1.0
stairs/seq-06/color/frame-000056.color.png stairs/seq-06/color/frame-000058.color.png 0.999859 -0.00909684 0.014124 0.0290914 0.00923496 0.99991 -0.00974157 0.0429427 -0.014034 0.00987074 0.999853 -0.0153339 0.0 0.0 0.0 1.0
stairs/seq-06/color/frame-000058.color.png stairs/seq-06/color/frame-000060.color.png 0.99963 -0.0141506 0.0232165 0.0120126 0.0139621 0.999868 0.00826354 -0.00536285 -0.0233303 -0.00793638 0.999696 -0.00560023 0.0 0.0 0.0 1.0
stairs/seq-06/color/frame-000060.color.png stairs/seq-06/color/frame-000062.color.png 0.999716 7.53309e-06 0.0238115 0.0197042 -0.000156465 0.999981 0.00625096 0.00620314 -0.023811 -0.00625294 0.999697 -0.0095186 0.0 0.0 0.0 1.0
stairs/seq-06/color/frame-000062.color.png stairs/seq-06/color/frame-000064.color.png 0.999852 -0.0005186 0.0172014 0.0134345 0.000408104 0.999979 0.00643169 -0.00293621 -0.0172045 -0.00642377 0.999831 -0.00341585 0.0 0.0 0.0 1.0
stairs/seq-06/color/frame-000064.color.png stairs/seq-06/color/frame-000066.color.png 0.999825 -0.0026992 0.0185007 0.0188875 0.00281672 0.999976 -0.00632779 0.00438608 -0.0184831 0.00637887 0.999809 -0.00806255 0.0 0.0 0.0 1.0
stairs/seq-06/color/frame-000066.color.png stairs/seq-06/color/frame-000068.color.png 0.999902 -0.00998157 0.00979346 0.0207435 0.0100529 0.999923 -0.00727561 -0.0108358 -0.00972004 0.00737331 0.999925 -0.0106593 0.0 0.0 0.0 1.0
stairs/seq-06/color/frame-000068.color.png stairs/seq-06/color/frame-000070.color.png 0.999892 -0.00271553 0.0144741 0.0376267 0.00311495 0.999613 -0.0276426 -0.0025726 -0.0143935 0.0276846 0.999513 -0.0201581 0.0 0.0 0.0 1.0
stairs/seq-06/color/frame-000070.color.png stairs/seq-06/color/frame-000072.color.png 0.999823 0.00495066 0.018167 0.0106233 -0.00491193 0.999985 -0.00217417 -0.0164056 -0.0181775 0.00208454 0.999833 -0.00442733 0.0 0.0 0.0 1.0
stairs/seq-06/color/frame-000072.color.png stairs/seq-06/color/frame-000074.color.png 0.999973 0.0056458 0.00470537 0.00709069 -0.00561067 0.999957 -0.00745919 -0.016373 -0.00474723 0.00743258 0.999961 -0.0113964 0.0 0.0 0.0 1.0
stairs/seq-06/color/frame-000074.color.png stairs/seq-06/color/frame-000076.color.png 0.999713 0.0238876 -0.00159395 0.0114166 -0.023913 0.999542 -0.0185639 -0.0179585 0.00114977 0.0185967 0.999826 -0.00239863 0.0 0.0 0.0 1.0
stairs/seq-06/color/frame-000076.color.png stairs/seq-06/color/frame-000078.color.png 0.999775 0.019592 -0.0081898 0.014827 -0.0197773 0.999536 -0.0231882 -0.02048 0.00773169 0.023345 0.999698 0.000766048 0.0 0.0 0.0 1.0
stairs/seq-06/color/frame-000078.color.png stairs/seq-06/color/frame-000080.color.png 0.999009 0.0414107 -0.016288 0.00073722 -0.0424058 0.996891 -0.0664171 -0.0120462 0.013487 0.067042 0.997659 -0.00392277 0.0 0.0 0.0 1.0
stairs/seq-06/color/frame-000080.color.png stairs/seq-06/color/frame-000082.color.png 0.998829 0.0422813 -0.0235143 -0.0128683 -0.0438142 0.996652 -0.069024 -0.0147427 0.0205172 0.0699735 0.997338 -0.0224705 0.0 0.0 0.0 1.0
stairs/seq-06/color/frame-000082.color.png stairs/seq-06/color/frame-000084.color.png 0.999272 0.0250118 -0.0288093 -0.0237902 -0.0264021 0.998453 -0.0489357 -0.0407574 0.0275409 0.0496608 0.998386 -0.0218858 0.0 0.0 0.0 1.0
stairs/seq-06/color/frame-000084.color.png stairs/seq-06/color/frame-000086.color.png 0.998983 0.0389938 -0.0226493 -0.00189367 -0.039751 0.998631 -0.0340033 -0.00558975 0.0212922 0.0348691 0.999165 -0.0129428 0.0 0.0 0.0 1.0
stairs/seq-06/color/frame-000086.color.png stairs/seq-06/color/frame-000088.color.png 0.999372 0.0303177 -0.0183558 0.0051609 -0.0307345 0.999266 -0.0228704 0.0147541 0.0176488 0.0234201 0.99957 -0.00707417 0.0 0.0 0.0 1.0
stairs/seq-06/color/frame-000088.color.png stairs/seq-06/color/frame-000090.color.png 0.999263 0.0234537 -0.0303819 0.0223096 -0.0240891 0.999495 -0.0207223 0.00673056 0.0298805 0.0214389 0.999324 -0.0353239 0.0 0.0 0.0 1.0
stairs/seq-06/color/frame-000090.color.png stairs/seq-06/color/frame-000092.color.png 0.999698 0.0229575 -0.00881496 -0.00032118 -0.0229398 0.999735 0.00210796 -0.00542317 0.00886106 -0.00190515 0.999959 -0.00487779 0.0 0.0 0.0 1.0
stairs/seq-06/color/frame-000092.color.png stairs/seq-06/color/frame-000094.color.png 0.999925 0.0112799 -0.00471167 -0.00101858 -0.0112914 0.999933 -0.00243092 -0.00328776 0.00468393 0.00248398 0.999986 0.00105466 0.0 0.0 0.0 1.0
stairs/seq-06/color/frame-000094.color.png stairs/seq-06/color/frame-000096.color.png 0.99996 0.00881486 -0.00119806 -0.00488544 -0.00881017 0.999954 0.00385295 -0.0101571 0.00123191 -0.00384225 0.999992 0.00524696 0.0 0.0 0.0 1.0
stairs/seq-06/color/frame-000096.color.png stairs/seq-06/color/frame-000098.color.png 0.999926 0.0121051 0.00092652 0.000460386 -0.0121053 0.999927 0.00018618 -0.00861949 -0.000924263 -0.000197367 1.0 -7.57948e-05 0.0 0.0 0.0 1.0
stairs/seq-06/color/frame-000098.color.png stairs/seq-06/color/frame-000100.color.png 0.999721 0.0190127 -0.0139973 0.0431754 -0.0193381 0.999537 -0.0234947 0.0363824 0.0135441 0.0237588 0.999626 -0.00964785 0.0 0.0 0.0 1.0
stairs/seq-06/color/frame-000100.color.png stairs/seq-06/color/frame-000102.color.png 0.999815 0.0182721 -0.0059979 0.0155327 -0.0183342 0.999777 -0.0104616 -0.0197839 0.00580551 0.0105696 0.999927 -0.00266319 0.0 0.0 0.0 1.0
stairs/seq-06/color/frame-000102.color.png stairs/seq-06/color/frame-000104.color.png 0.999942 0.00849447 -0.00663629 -0.0129101 -0.00858164 0.999876 -0.0132213 -0.011544 0.0065231 0.0132774 0.999891 -0.0019318 0.0 0.0 0.0 1.0
stairs/seq-06/color/frame-000104.color.png stairs/seq-06/color/frame-000106.color.png 0.99962 0.00146058 -0.0275166 -0.00513366 -0.00161543 0.999983 -0.0056056 -0.00535724 0.0275081 0.00564792 0.999606 -0.0141884 0.0 0.0 0.0 1.0
stairs/seq-06/color/frame-000106.color.png stairs/seq-06/color/frame-000108.color.png 0.99972 0.00446957 -0.0232352 -0.0196202 -0.00443078 0.999989 0.00172034 -0.0106219 0.0232425 -0.0016169 0.999729 -0.00681231 0.0 0.0 0.0 1.0
stairs/seq-06/color/frame-000108.color.png stairs/seq-06/color/frame-000110.color.png 0.999664 0.0112271 -0.0233762 -0.00781599 -0.0114505 0.99989 -0.00944564 -0.0105853 0.0232676 0.0097101 0.999682 -0.0141726 0.0 0.0 0.0 1.0
stairs/seq-06/color/frame-000110.color.png stairs/seq-06/color/frame-000112.color.png 0.999667 0.0194024 -0.0169888 -0.00704506 -0.0192565 0.999777 0.0087099 -0.0196541 0.0171539 -0.00837978 0.999818 -0.00662617 0.0 0.0 0.0 1.0
stairs/seq-06/color/frame-000112.color.png stairs/seq-06/color/frame-000114.color.png 0.999304 0.0147831 -0.0342576 -0.014201 -0.0151592 0.999827 -0.0107473 -0.00628334 0.0340928 0.0112591 0.999355 -0.0183944 0.0 0.0 0.0 1.0
stairs/seq-06/color/frame-000114.color.png stairs/seq-06/color/frame-000116.color.png 0.999688 0.017264 -0.0180266 -0.0199405 -0.0171963 0.999844 0.00390106 -0.020438 0.0180912 -0.00358983 0.99983 -0.0203811 0.0 0.0 0.0 1.0
stairs/seq-06/color/frame-000116.color.png stairs/seq-06/color/frame-000118.color.png 0.999513 0.0207806 -0.0232659 -0.033032 -0.0207474 0.999783 0.0016668 -0.0214144 0.0232955 -0.00118332 0.999728 -0.0129119 0.0 0.0 0.0 1.0
stairs/seq-06/color/frame-000118.color.png stairs/seq-06/color/frame-000120.color.png 0.999591 0.0191039 -0.0212666 -0.00348212 -0.0191744 0.999811 -0.00311807 -0.00188911 0.021203 0.00352459 0.999769 -0.00530282 0.0 0.0 0.0 1.0
stairs/seq-06/color/frame-000120.color.png stairs/seq-06/color/frame-000122.color.png 0.999655 0.0135972 -0.0224794 -0.0109269 -0.0136829 0.9999 -0.0036627 0.00130518 0.0224273 0.00396902 0.999741 0.0155105 0.0 0.0 0.0 1.0
stairs/seq-06/color/frame-000122.color.png stairs/seq-06/color/frame-000124.color.png 0.999732 0.0178201 -0.0147654 -0.0222469 -0.0179662 0.99979 -0.00982309 0.00467303 0.0145872 0.0100857 0.999843 0.0170866 0.0 0.0 0.0 1.0
stairs/seq-06/color/frame-000124.color.png stairs/seq-06/color/frame-000126.color.png 0.999747 0.0221053 -0.00426464 -0.0121302 -0.0220913 0.999751 0.0032957 -0.0301592 0.00433646 -0.00320064 0.999986 0.0206528 0.0 0.0 0.0 1.0
stairs/seq-06/color/frame-000126.color.png stairs/seq-06/color/frame-000128.color.png 0.999616 0.0145987 -0.0235669 -0.00484341 -0.0147783 0.999863 -0.00746713 -0.00359368 0.0234546 0.00781255 0.999694 0.00243887 0.0 0.0 0.0 1.0
stairs/seq-06/color/frame-000128.color.png stairs/seq-06/color/frame-000130.color.png 0.999901 0.00684102 -0.0123118 -0.0072252 -0.00695942 0.99993 -0.00959867 0.00102916 0.0122452 0.0096834 0.999878 -0.00114989 0.0 0.0 0.0 1.0
stairs/seq-06/color/frame-000130.color.png stairs/seq-06/color/frame-000132.color.png 0.99986 0.0110481 -0.0125908 -0.00467199 -0.0110514 0.999939 -0.000190931 -0.00112583 0.012588 0.000330082 0.999921 -0.000514196 0.0 0.0 0.0 1.0
stairs/seq-06/color/frame-000132.color.png stairs/seq-06/color/frame-000134.color.png 0.9999 0.00660416 -0.0125433 -0.00621766 -0.0066235 0.999977 -0.00150226 0.00764152 0.0125331 0.00158518 0.99992 0.00685492 0.0 0.0 0.0 1.0
stairs/seq-06/color/frame-000134.color.png stairs/seq-06/color/frame-000136.color.png 0.999587 0.0214628 0.0191006 -0.0545251 -0.022013 0.999335 0.0290772 -0.0310079 -0.0184639 -0.0294857 0.999395 0.017969 0.0 0.0 0.0 1.0
stairs/seq-06/color/frame-000136.color.png stairs/seq-06/color/frame-000138.color.png 0.999869 0.00367546 -0.015783 -0.000593811 -0.00332854 0.999753 0.0219513 0.000613704 0.0158598 -0.0218959 0.999634 0.00042557 0.0 0.0 0.0 1.0
stairs/seq-06/color/frame-000138.color.png stairs/seq-06/color/frame-000140.color.png 0.99981 -0.00244126 -0.0193245 -0.00119862 0.00273548 0.999881 0.0152143 0.00255196 0.0192851 -0.0152643 0.999698 -0.0371227 0.0 0.0 0.0 1.0
stairs/seq-06/color/frame-000140.color.png stairs/seq-06/color/frame-000142.color.png 0.999817 -0.00687535 -0.0178395 -0.0052763 0.00721357 0.999794 0.0189646 0.00858262 0.0177055 -0.0190899 0.999661 0.0150105 0.0 0.0 0.0 1.0
stairs/seq-06/color/frame-000142.color.png stairs/seq-06/color/frame-000144.color.png 0.999951 -0.00724412 -0.00677439 -0.0059133 0.00726546 0.999969 0.00313197 0.00741312 0.0067515 -0.00318103 0.999972 0.0100364 0.0 0.0 0.0 1.0
stairs/seq-06/color/frame-000144.color.png stairs/seq-06/color/frame-000146.color.png 0.999859 -0.0155484 -0.00630475 -0.0072733 0.0155984 0.999847 0.00797339 0.00499578 0.0061798 -0.00807061 0.999948 0.0112509 0.0 0.0 0.0 1.0
stairs/seq-06/color/frame-000146.color.png stairs/seq-06/color/frame-000148.color.png 0.999947 0.00853168 -0.00578472 -0.0016506 -0.00843632 0.999831 0.0163113 0.00103857 0.00592292 -0.0162617 0.99985 -0.00193821 0.0 0.0 0.0 1.0
stairs/seq-06/color/frame-000148.color.png stairs/seq-06/color/frame-000150.color.png 0.999993 -0.00193571 -0.00319351 -0.00154179 0.00196795 0.999947 0.0101295 0.000232756 0.00317373 -0.0101357 0.999944 -2.02172e-05 0.0 0.0 0.0 1.0
stairs/seq-06/color/frame-000150.color.png stairs/seq-06/color/frame-000152.color.png 1.0 -0.000503951 -3.79813e-05 -0.00416277 0.000504721 0.999705 0.0242974 0.00203668 2.57259e-05 -0.0242974 0.999705 -0.000202088 0.0 0.0 0.0 1.0
stairs/seq-06/color/frame-000152.color.png stairs/seq-06/color/frame-000154.color.png 0.999998 0.00215525 -0.000492933 0.00112898 -0.00214784 0.999892 0.0145144 0.00828464 0.000524163 -0.0145133 0.999894 -0.0115737 0.0 0.0 0.0 1.0
stairs/seq-06/color/frame-000154.color.png stairs/seq-06/color/frame-000156.color.png 0.999972 0.00346529 0.00657081 -0.00478265 -0.00360602 0.999762 0.0215267 0.00366925 -0.00649465 -0.0215498 0.999747 0.0103586 0.0 0.0 0.0 1.0
stairs/seq-06/color/frame-000156.color.png stairs/seq-06/color/frame-000158.color.png 0.999572 0.00601255 0.0286428 -0.031994 -0.00643961 0.999869 0.0148407 -0.00283398 -0.0285498 -0.0150188 0.99948 0.0233403 0.0 0.0 0.0 1.0
stairs/seq-06/color/frame-000158.color.png stairs/seq-06/color/frame-000160.color.png 0.999855 0.00334888 0.0166708 -0.00795779 -0.00350352 0.999951 0.009256 0.00682434 -0.016639 -0.00931307 0.999818 0.0163854 0.0 0.0 0.0 1.0
stairs/seq-06/color/frame-000160.color.png stairs/seq-06/color/frame-000162.color.png 0.999762 0.00595929 0.0209713 -0.00136073 -0.00598387 0.999982 0.00111049 0.00914499 -0.0209643 -0.00123572 0.99978 0.013898 0.0 0.0 0.0 1.0
stairs/seq-06/color/frame-000162.color.png stairs/seq-06/color/frame-000164.color.png 0.999603 0.000551326 0.0281733 -0.00254789 -0.000939491 0.999905 0.0137649 0.0112077 -0.0281631 -0.0137859 0.999508 0.0165681 0.0 0.0 0.0 1.0
stairs/seq-06/color/frame-000164.color.png stairs/seq-06/color/frame-000166.color.png 0.999831 -0.00463923 0.0177822 -0.00494452 0.00445536 0.999936 0.0103671 -0.00270049 -0.0178291 -0.0102861 0.999788 0.0058506 0.0 0.0 0.0 1.0
stairs/seq-06/color/frame-000166.color.png stairs/seq-06/color/frame-000168.color.png 0.99953 -0.000189715 0.0306442 -0.00476001 -0.000155345 0.999937 0.0112575 -0.00244091 -0.0306444 -0.011257 0.999467 0.0101077 0.0 0.0 0.0 1.0
stairs/seq-06/color/frame-000168.color.png stairs/seq-06/color/frame-000170.color.png 0.999702 -0.00260566 0.0242717 0.0084211 0.00243061 0.999971 0.00723824 0.000347957 -0.0242898 -0.00717708 0.999679 0.000143684 0.0 0.0 0.0 1.0
stairs/seq-06/color/frame-000170.color.png stairs/seq-06/color/frame-000172.color.png 0.999567 -0.0291255 0.00421507 0.0107846 0.0291522 0.999554 -0.00640766 0.00382221 -0.00402658 0.00652776 0.999971 -0.0100759 0.0 0.0 0.0 1.0
stairs/seq-06/color/frame-000172.color.png stairs/seq-06/color/frame-000174.color.png 0.999358 -0.0334094 -0.0129629 -0.00263136 0.0331189 0.999209 -0.0220144 0.0167316 0.0136882 0.021571 0.999674 0.033331 0.0 0.0 0.0 1.0
stairs/seq-06/color/frame-000174.color.png stairs/seq-06/color/frame-000176.color.png 0.998488 -0.0332277 -0.0437819 0.00108081 0.0318876 0.999012 -0.030959 0.0175698 0.0447673 0.0295161 0.998561 0.000650242 0.0 0.0 0.0 1.0
stairs/seq-06/color/frame-000176.color.png stairs/seq-06/color/frame-000178.color.png 0.998872 -0.00412683 -0.0473117 0.0258729 0.00389211 0.99998 -0.00505217 0.00523564 0.0473315 0.00486233 0.998867 0.00213037 0.0 0.0 0.0 1.0
stairs/seq-06/color/frame-000178.color.png stairs/seq-06/color/frame-000180.color.png 0.99959 0.0214832 -0.0189144 0.0186133 -0.0213869 0.999757 0.00527633 -0.011585 0.0190231 -0.00486965 0.999807 0.0130026 0.0 0.0 0.0 1.0
stairs/seq-06/color/frame-000180.color.png stairs/seq-06/color/frame-000182.color.png 0.999638 -0.00207783 -0.026809 0.0170609 0.00169911 0.999898 -0.0141415 0.00841399 0.0268357 0.0140909 0.999541 0.0142251 0.0 0.0 0.0 1.0
stairs/seq-06/color/frame-000182.color.png stairs/seq-06/color/frame-000184.color.png 0.999574 0.000815255 -0.029164 0.0221834 -0.00135406 0.999829 -0.0184599 0.0082754 0.029144 0.0184916 0.999404 -0.012443 0.0 0.0 0.0 1.0
stairs/seq-06/color/frame-000184.color.png stairs/seq-06/color/frame-000186.color.png 0.999758 0.00757208 -0.0206334 0.00959686 -0.00780022 0.999909 -0.0109984 0.00248397 0.0205482 0.0111567 0.999727 -0.00277875 0.0 0.0 0.0 1.0
stairs/seq-06/color/frame-000186.color.png stairs/seq-06/color/frame-000188.color.png 0.999835 -0.00136778 -0.0181206 0.00716364 0.0012898 0.99999 -0.00431487 0.00335735 0.0181263 0.00429079 0.999826 0.00426663 0.0 0.0 0.0 1.0
stairs/seq-06/color/frame-000188.color.png stairs/seq-06/color/frame-000190.color.png 0.999931 0.00409113 -0.010968 0.0128122 -0.00402884 0.999976 0.00569516 -0.00361671 0.010991 -0.00565057 0.999924 -0.0123452 0.0 0.0 0.0 1.0
stairs/seq-06/color/frame-000190.color.png stairs/seq-06/color/frame-000192.color.png 0.999977 0.00654995 0.00154529 0.0031504 -0.00654403 0.999971 -0.00380888 0.00439096 -0.0015702 0.00379868 0.999992 0.000576735 0.0 0.0 0.0 1.0
stairs/seq-06/color/frame-000192.color.png stairs/seq-06/color/frame-000194.color.png 0.999948 0.00888085 -0.00495885 0.00837435 -0.00886586 0.999956 0.00303463 -0.00598503 0.00498557 -0.00299051 0.999983 -0.00518617 0.0 0.0 0.0 1.0
stairs/seq-06/color/frame-000194.color.png stairs/seq-06/color/frame-000196.color.png 0.999896 0.0130365 0.00614129 0.00399843 -0.0130209 0.999912 -0.00256605 0.00251963 -0.0061742 0.00248582 0.999978 -0.00714363 0.0 0.0 0.0 1.0
stairs/seq-06/color/frame-000196.color.png stairs/seq-06/color/frame-000198.color.png 0.999964 0.00555317 0.00643647 0.00493407 -0.00553669 0.999981 -0.00257407 -0.00703059 -0.00645063 0.00253835 0.999976 0.00245821 0.0 0.0 0.0 1.0
stairs/seq-06/color/frame-000198.color.png stairs/seq-06/color/frame-000200.color.png 0.999968 -0.000576246 0.00792893 -0.000513509 0.000651394 0.999955 -0.00948006 0.00182215 -0.0079231 0.00948492 0.999924 0.00844024 0.0 0.0 0.0 1.0
stairs/seq-06/color/frame-000200.color.png stairs/seq-06/color/frame-000202.color.png 0.999997 0.00119893 0.00234725 0.00819555 -0.0012041 0.999997 0.00219685 -0.00765026 -0.00234461 -0.00219968 0.999995 -0.00824274 0.0 0.0 0.0 1.0
stairs/seq-06/color/frame-000202.color.png stairs/seq-06/color/frame-000204.color.png 0.999793 0.0111695 0.0170257 -0.00678164 -0.0111757 0.999938 0.000271741 -0.0058274 -0.0170216 -0.00046197 0.999855 0.0258162 0.0 0.0 0.0 1.0
stairs/seq-06/color/frame-000204.color.png stairs/seq-06/color/frame-000206.color.png 0.999958 -0.00500844 0.00772048 0.00698701 0.00511236 0.999896 -0.0135007 0.00416793 -0.00765205 0.0135396 0.999879 0.0104605 0.0 0.0 0.0 1.0
stairs/seq-06/color/frame-000206.color.png stairs/seq-06/color/frame-000208.color.png 0.999922 -0.00255541 0.0122177 -0.0035731 0.002649 0.999967 -0.00765034 -0.00164942 -0.0121977 0.0076821 0.999896 0.0219414 0.0 0.0 0.0 1.0
stairs/seq-06/color/frame-000208.color.png stairs/seq-06/color/frame-000210.color.png 0.999525 0.0147014 0.0270924 -0.0034586 -0.0145861 0.999884 -0.0044513 -0.0049302 -0.0271547 0.00405404 0.999623 0.0306764 0.0 0.0 0.0 1.0
stairs/seq-06/color/frame-000210.color.png stairs/seq-06/color/frame-000212.color.png 0.999896 -0.00464002 0.0136432 0.00368914 0.00470078 0.999979 -0.00442457 -0.0110681 -0.0136224 0.00448821 0.999897 0.00824364 0.0 0.0 0.0 1.0
stairs/seq-06/color/frame-000212.color.png stairs/seq-06/color/frame-000214.color.png 0.999756 -0.0220634 -0.00131099 0.00496076 0.0220555 0.99974 -0.00571557 -0.00155437 0.00143674 0.00568526 0.999983 0.00442494 0.0 0.0 0.0 1.0
stairs/seq-06/color/frame-000214.color.png stairs/seq-06/color/frame-000216.color.png 0.999713 -0.0187378 -0.014948 -0.000146434 0.0185757 0.999768 -0.010911 -0.00230823 0.015149 0.0106302 0.999829 0.0232802 0.0 0.0 0.0 1.0
stairs/seq-06/color/frame-000216.color.png stairs/seq-06/color/frame-000218.color.png 0.999051 0.0276642 0.0336271 -0.0084088 -0.0279962 0.999563 0.00944228 -0.00395532 -0.0333513 -0.0103748 0.99939 0.0297357 0.0 0.0 0.0 1.0
stairs/seq-06/color/frame-000218.color.png stairs/seq-06/color/frame-000220.color.png 0.999914 -0.0114215 0.00653055 0.00152019 0.0114486 0.999926 -0.0041229 0.00112155 -0.00648297 0.00419733 0.99997 0.0201684 0.0 0.0 0.0 1.0
stairs/seq-06/color/frame-000220.color.png stairs/seq-06/color/frame-000222.color.png 0.999928 -0.00866671 0.00825523 -0.00636183 0.00864863 0.99996 0.00222521 -0.00316831 -0.00827418 -0.00215366 0.999963 0.0177101 0.0 0.0 0.0 1.0
stairs/seq-06/color/frame-000222.color.png stairs/seq-06/color/frame-000224.color.png 0.999976 0.00142146 0.00676916 0.00380687 -0.00146305 0.99998 0.00614171 -0.00497282 -0.0067603 -0.00615148 0.999958 -0.00789419 0.0 0.0 0.0 1.0
stairs/seq-06/color/frame-000224.color.png stairs/seq-06/color/frame-000226.color.png 0.999902 -0.0112192 0.00841904 -0.00332429 0.0112036 0.999935 0.00189586 -0.00057821 -0.00843978 -0.00180134 0.999963 0.0137342 0.0 0.0 0.0 1.0
stairs/seq-06/color/frame-000226.color.png stairs/seq-06/color/frame-000228.color.png 0.999933 -0.00258355 -0.0112485 -0.00199337 0.00261708 0.999992 0.0029668 -0.000964224 0.0112408 -0.00299604 0.999932 0.005557 0.0 0.0 0.0 1.0
stairs/seq-06/color/frame-000228.color.png stairs/seq-06/color/frame-000230.color.png 0.999968 -0.00660513 -0.00455492 0.00401531 0.00664917 0.999931 0.00972416 -0.00754261 0.00449038 -0.00975414 0.999942 -0.0121206 0.0 0.0 0.0 1.0
stairs/seq-06/color/frame-000230.color.png stairs/seq-06/color/frame-000232.color.png 0.999969 -0.0076962 0.0016105 -0.000567257 0.00768388 0.999942 0.00751902 0.000879779 -0.00166826 -0.00750642 0.99997 -0.00491881 0.0 0.0 0.0 1.0
stairs/seq-06/color/frame-000232.color.png stairs/seq-06/color/frame-000234.color.png 0.999988 -0.00296063 0.00401528 0.001665 0.00295101 0.999993 0.00240056 -0.00197154 -0.00402237 -0.00238868 0.999989 -0.0100566 0.0 0.0 0.0 1.0
stairs/seq-06/color/frame-000234.color.png stairs/seq-06/color/frame-000236.color.png 0.999955 -0.00848657 0.00426739 -0.00178918 0.00844439 0.999916 0.00980753 0.000243872 -0.00435028 -0.00977105 0.999943 0.00137705 0.0 0.0 0.0 1.0
stairs/seq-06/color/frame-000236.color.png stairs/seq-06/color/frame-000238.color.png 0.999932 0.00188536 0.0115303 0.00683562 -0.00203499 0.999914 0.0129794 -0.000481218 -0.0115049 -0.013002 0.999849 -0.0200045 0.0 0.0 0.0 1.0
stairs/seq-06/color/frame-000238.color.png stairs/seq-06/color/frame-000240.color.png 0.999855 -0.0104649 0.0134132 0.00168569 0.0103117 0.999881 0.0114398 0.00212538 -0.0135314 -0.0112998 0.999845 -0.0162643 0.0 0.0 0.0 1.0
stairs/seq-06/color/frame-000240.color.png stairs/seq-06/color/frame-000242.color.png 0.999435 0.00360776 0.033419 -0.0140421 -0.00415253 0.999859 0.0162462 0.0047234 -0.0333557 -0.0163758 0.999309 0.0243919 0.0 0.0 0.0 1.0
stairs/seq-06/color/frame-000242.color.png stairs/seq-06/color/frame-000244.color.png 0.999272 -0.0286161 0.0252421 0.00847225 0.0283667 0.999546 0.0101848 0.00945432 -0.0255221 -0.00946137 0.999629 -0.0264717 0.0 0.0 0.0 1.0
stairs/seq-06/color/frame-000244.color.png stairs/seq-06/color/frame-000246.color.png 0.999759 -0.0111369 0.0188955 -0.010075 0.0109099 0.999867 0.0120766 0.00830932 -0.0190276 -0.0118675 0.999748 0.00478533 0.0 0.0 0.0 1.0
stairs/seq-06/color/frame-000246.color.png stairs/seq-06/color/frame-000248.color.png 0.999693 -0.00579501 0.0240945 0.00216886 0.00552202 0.99992 0.0113809 0.0105736 -0.0241585 -0.0112444 0.999645 -0.0119374 0.0 0.0 0.0 1.0
stairs/seq-06/color/frame-000248.color.png stairs/seq-06/color/frame-000250.color.png 0.999828 -0.00606296 0.0175534 -0.00392546 0.00585275 0.999911 0.0120022 0.0111314 -0.0176246 -0.0118974 0.999774 0.0124172 0.0 0.0 0.0 1.0
stairs/seq-06/color/frame-000250.color.png stairs/seq-06/color/frame-000252.color.png 0.999894 -0.00969274 0.0108817 0.0160548 0.00950309 0.999804 0.017348 0.000892617 -0.0110478 -0.0172427 0.99979 -0.0242554 0.0 0.0 0.0 1.0
stairs/seq-06/color/frame-000252.color.png stairs/seq-06/color/frame-000254.color.png 0.999786 -0.00945884 0.0184087 0.0027664 0.00917963 0.999842 0.0151932 0.00458418 -0.0185495 -0.0150209 0.999715 0.00879639 0.0 0.0 0.0 1.0
stairs/seq-06/color/frame-000254.color.png stairs/seq-06/color/frame-000256.color.png 0.99976 -0.00284939 0.0217136 -0.00541982 0.00258116 0.99992 0.0123713 0.00224759 -0.0217471 -0.0123123 0.999688 0.0143899 0.0 0.0 0.0 1.0
stairs/seq-06/color/frame-000256.color.png stairs/seq-06/color/frame-000258.color.png 0.999643 -0.00629941 0.0259476 -0.00393167 0.00589956 0.999863 0.0154584 -0.00690703 -0.0260414 -0.0152998 0.999544 0.0149565 0.0 0.0 0.0 1.0
stairs/seq-06/color/frame-000258.color.png stairs/seq-06/color/frame-000260.color.png 0.999777 -0.00598739 0.0202752 -0.0141457 0.00596609 0.999982 0.00111034 0.00074989 -0.0202815 -0.000989147 0.999794 0.0430391 0.0 0.0 0.0 1.0
stairs/seq-06/color/frame-000260.color.png stairs/seq-06/color/frame-000262.color.png 0.999774 -0.00901777 0.0192612 -0.00443622 0.00907513 0.999955 -0.00289316 -0.00342675 -0.0192343 0.00306732 0.99981 0.034909 0.0 0.0 0.0 1.0
stairs/seq-06/color/frame-000262.color.png stairs/seq-06/color/frame-000264.color.png 0.999578 -0.0245722 0.0155101 -0.00810423 0.0247925 0.999592 -0.0141721 -0.0181566 -0.0151555 0.0145506 0.999779 0.0359432 0.0 0.0 0.0 1.0
stairs/seq-06/color/frame-000264.color.png stairs/seq-06/color/frame-000266.color.png 0.999333 0.00224986 0.0364586 -0.0214767 -0.00178667 0.999917 -0.0127315 -7.34702e-05 -0.0364842 0.0126579 0.999254 0.0357611 0.0 0.0 0.0 1.0
stairs/seq-06/color/frame-000266.color.png stairs/seq-06/color/frame-000268.color.png 0.999421 -0.0297314 0.016556 -0.00894542 0.0299485 0.999467 -0.0130235 -0.00500707 -0.01616 0.0135118 0.999778 0.00819454 0.0 0.0 0.0 1.0
stairs/seq-06/color/frame-000268.color.png stairs/seq-06/color/frame-000270.color.png 0.999827 -0.0108083 0.0151032 -0.00764507 0.0107947 0.999941 0.000982042 -0.00800557 -0.0151129 -0.000818842 0.999885 0.0077306 0.0 0.0 0.0 1.0
stairs/seq-06/color/frame-000270.color.png stairs/seq-06/color/frame-000272.color.png 0.999441 -0.0287172 0.0171259 -0.00855696 0.0285316 0.999533 0.0109873 -0.0321217 -0.0174334 -0.0104925 0.999793 0.00192168 0.0 0.0 0.0 1.0
stairs/seq-06/color/frame-000272.color.png stairs/seq-06/color/frame-000274.color.png 0.999042 -0.0348025 0.0265386 -0.0153669 0.0346634 0.999383 0.005682 -0.0249843 -0.02672 -0.00475663 0.999632 0.0196691 0.0 0.0 0.0 1.0
stairs/seq-06/color/frame-000274.color.png stairs/seq-06/color/frame-000276.color.png 0.999184 -0.0129734 0.0382451 -0.011301 0.0129613 0.999916 0.000562607 0.0117176 -0.0382492 -6.64531e-05 0.999268 0.0348634 0.0 0.0 0.0 1.0
stairs/seq-06/color/frame-000276.color.png stairs/seq-06/color/frame-000278.color.png 0.999602 -0.0144144 0.0242685 -0.0211288 0.0140797 0.999804 0.0139083 -0.0335959 -0.0244641 -0.013561 0.999609 -0.00858942 0.0 0.0 0.0 1.0
stairs/seq-06/color/frame-000278.color.png stairs/seq-06/color/frame-000280.color.png 0.999903 -0.0106829 0.00891541 0.000677451 0.0106908 0.999942 -0.00084184 -0.000615552 -0.00890596 0.000937042 0.99996 0.00790319 0.0 0.0 0.0 1.0
stairs/seq-06/color/frame-000280.color.png stairs/seq-06/color/frame-000282.color.png 0.999963 0.0071443 0.00469489 -0.0074293 -0.00717959 0.999946 0.00753957 0.00262627 -0.00464077 -0.00757303 0.999961 -0.00329039 0.0 0.0 0.0 1.0
stairs/seq-06/color/frame-000282.color.png stairs/seq-06/color/frame-000284.color.png 0.999926 0.00138405 -0.0120653 0.0017658 -0.00122356 0.999911 0.0132984 -0.0224662 0.0120826 -0.0132827 0.999839 -0.00981018 0.0 0.0 0.0 1.0
stairs/seq-06/color/frame-000284.color.png stairs/seq-06/color/frame-000286.color.png 0.999856 0.00875642 -0.0145113 0.0074922 -0.00882803 0.999949 -0.00487937 0.00798392 0.0144678 0.00500677 0.999883 -0.00947538 0.0 0.0 0.0 1.0
stairs/seq-06/color/frame-000286.color.png stairs/seq-06/color/frame-000288.color.png 0.999961 0.0032476 -0.00820743 0.0067087 -0.00340947 0.999798 -0.0197897 0.0205755 0.00814158 0.019817 0.999771 -0.00511897 0.0 0.0 0.0 1.0
stairs/seq-06/color/frame-000288.color.png stairs/seq-06/color/frame-000290.color.png 0.999986 -0.00460115 0.00274008 0.00594695 0.00459597 0.999988 0.00186579 -0.00249225 -0.00274863 -0.00185316 0.999994 -0.0123979 0.0 0.0 0.0 1.0
stairs/seq-06/color/frame-000290.color.png stairs/seq-06/color/frame-000292.color.png 0.999655 -0.011875 0.0234413 -0.00937261 0.0115763 0.999851 0.0128436 -0.017913 -0.0235903 -0.0125678 0.999643 -0.00117546 0.0 0.0 0.0 1.0
stairs/seq-06/color/frame-000292.color.png stairs/seq-06/color/frame-000294.color.png 0.99976 -0.00268545 0.0217533 -0.00308505 0.00298286 0.999902 -0.013652 0.0492529 -0.0217144 0.0137136 0.99967 0.014087 0.0 0.0 0.0 1.0
stairs/seq-06/color/frame-000294.color.png stairs/seq-06/color/frame-000296.color.png 0.998797 -0.00678213 0.0485547 -0.021013 0.00649461 0.99996 0.00607746 0.00469876 -0.0485941 -0.00575484 0.998802 0.0190428 0.0 0.0 0.0 1.0
stairs/seq-06/color/frame-000296.color.png stairs/seq-06/color/frame-000298.color.png 0.999067 -0.0235435 0.0362065 -0.000521213 0.0235293 0.999723 0.000820142 -0.00613564 -0.0362157 3.25715e-05 0.999344 0.0035176 0.0 0.0 0.0 1.0
stairs/seq-06/color/frame-000298.color.png stairs/seq-06/color/frame-000300.color.png 0.99709 -0.0323056 0.0690481 -0.0408567 0.0323525 0.999476 0.000437124 -0.00235256 -0.069026 0.00179805 0.997613 0.0374957 0.0 0.0 0.0 1.0
stairs/seq-06/color/frame-000300.color.png stairs/seq-06/color/frame-000302.color.png 0.99856 -0.042713 0.0324692 0.00748184 0.0431898 0.998967 -0.0141288 0.00542437 -0.0318324 0.0155107 0.999373 0.0218402 0.0 0.0 0.0 1.0
stairs/seq-06/color/frame-000302.color.png stairs/seq-06/color/frame-000304.color.png 0.999222 -0.0236779 0.0315429 -0.0131023 0.0235022 0.999706 0.00593499 -0.0188077 -0.0316742 -0.00518903 0.999485 0.0211492 0.0 0.0 0.0 1.0
stairs/seq-06/color/frame-000304.color.png stairs/seq-06/color/frame-000306.color.png 0.999384 -0.00781905 0.0342193 -0.0258469 0.00778656 0.999969 0.00108281 -0.000231445 -0.0342268 -0.00081569 0.999414 0.0197934 0.0 0.0 0.0 1.0
stairs/seq-06/color/frame-000306.color.png stairs/seq-06/color/frame-000308.color.png 0.999333 -0.0009943 0.0365177 -0.0178254 0.000829772 0.99999 0.00451928 -0.00366534 -0.0365217 -0.00448595 0.999323 0.0209935 0.0 0.0 0.0 1.0
stairs/seq-06/color/frame-000308.color.png stairs/seq-06/color/frame-000310.color.png 0.999939 0.00612021 0.00918491 0.00303173 -0.00630122 0.999784 0.0198008 -0.0133223 -0.00906168 -0.0198574 0.999762 -0.000774413 0.0 0.0 0.0 1.0
stairs/seq-06/color/frame-000310.color.png stairs/seq-06/color/frame-000312.color.png 0.99992 0.00868286 0.00917006 -0.0111992 -0.00868961 0.999962 0.000700098 0.0107127 -0.00916367 -0.000779737 0.999958 0.00705272 0.0 0.0 0.0 1.0
stairs/seq-06/color/frame-000312.color.png stairs/seq-06/color/frame-000314.color.png 0.999674 0.0244034 0.00756888 -0.00299898 -0.0243425 0.999671 -0.00802622 0.0482837 -0.00776223 0.00783937 0.999939 0.00223783 0.0 0.0 0.0 1.0
stairs/seq-06/color/frame-000314.color.png stairs/seq-06/color/frame-000316.color.png 0.99991 0.0131147 0.00284101 0.00013873 -0.0131023 0.999905 -0.00434788 0.00884959 -0.00289774 0.00431025 0.999987 0.00671437 0.0 0.0 0.0 1.0
stairs/seq-06/color/frame-000316.color.png stairs/seq-06/color/frame-000318.color.png 0.999944 0.00675024 0.00815408 -0.0211146 -0.00674434 0.999977 -0.000749331 -0.000361413 -0.00815896 0.000694314 0.999967 0.0051356 0.0 0.0 0.0 1.0
stairs/seq-06/color/frame-000318.color.png stairs/seq-06/color/frame-000320.color.png 0.999986 -0.00334313 0.0041939 -0.0310889 0.00336824 0.999976 -0.00598435 -0.0102157 -0.00417371 0.00599842 0.999973 0.00136238 0.0 0.0 0.0 1.0
stairs/seq-06/color/frame-000320.color.png stairs/seq-06/color/frame-000322.color.png 0.999899 -0.00465859 0.0133989 -0.0398478 0.00469737 0.999985 -0.00287038 -0.0124695 -0.0133854 0.00293304 0.999906 0.00751537 0.0 0.0 0.0 1.0
stairs/seq-06/color/frame-000322.color.png stairs/seq-06/color/frame-000324.color.png 0.999933 -0.00531589 0.0102921 -0.0394234 0.0053804 0.999966 -0.00624064 0.00949064 -0.0102586 0.00629558 0.999927 0.025378 0.0 0.0 0.0 1.0
stairs/seq-06/color/frame-000324.color.png stairs/seq-06/color/frame-000326.color.png 0.999785 0.00785161 0.0191684 -0.0318399 -0.00802976 0.999925 0.00923187 -0.00904613 -0.0190946 -0.0093838 0.999774 0.0113172 0.0 0.0 0.0 1.0
stairs/seq-06/color/frame-000326.color.png stairs/seq-06/color/frame-000328.color.png 0.999953 0.00456539 -0.00859093 -0.0236074 -0.00453719 0.999984 0.00329211 -0.00917324 0.00860589 -0.00325293 0.999958 -0.0156052 0.0 0.0 0.0 1.0
stairs/seq-06/color/frame-000328.color.png stairs/seq-06/color/frame-000330.color.png 0.999981 0.00346043 0.00516129 -0.0216954 -0.00355391 0.999828 0.0182188 -0.0193319 -0.00509748 -0.0182368 0.999821 0.00729936 0.0 0.0 0.0 1.0
stairs/seq-06/color/frame-000330.color.png stairs/seq-06/color/frame-000332.color.png 0.999993 0.00265566 0.00275974 -0.0109525 -0.00268867 0.999924 0.0120234 -0.00624897 -0.00272758 -0.0120308 0.999924 0.00578079 0.0 0.0 0.0 1.0
stairs/seq-06/color/frame-000332.color.png stairs/seq-06/color/frame-000334.color.png 0.999915 0.00993924 0.00842366 -0.0326402 -0.0100317 0.999889 0.0110098 -0.00207669 -0.00831328 -0.0110934 0.999904 0.00615314 0.0 0.0 0.0 1.0
stairs/seq-06/color/frame-000334.color.png stairs/seq-06/color/frame-000336.color.png 0.999834 -0.0146253 0.0108412 -0.0210479 0.0146983 0.99987 -0.00669018 -0.0174715 -0.0107419 0.00684841 0.999919 0.0094831 0.0 0.0 0.0 1.0
stairs/seq-06/color/frame-000336.color.png stairs/seq-06/color/frame-000338.color.png 0.999416 -0.00585946 0.0336556 -0.0513441 0.0051114 0.999739 0.0222703 -0.0283541 -0.0337773 -0.0220852 0.999185 0.057934 0.0 0.0 0.0 1.0
stairs/seq-06/color/frame-000338.color.png stairs/seq-06/color/frame-000340.color.png 0.999826 -0.0119562 0.0143584 -0.0409565 0.0119699 0.999928 -0.000863714 -0.0188447 -0.0143471 0.00103539 0.999897 0.0350845 0.0 0.0 0.0 1.0
stairs/seq-06/color/frame-000340.color.png stairs/seq-06/color/frame-000342.color.png 0.999714 -0.0145184 -0.0190048 0.0151174 0.0142756 0.999816 -0.0128451 0.0136505 0.0191879 0.0125702 0.999737 0.00111687 0.0 0.0 0.0 1.0
stairs/seq-06/color/frame-000342.color.png stairs/seq-06/color/frame-000344.color.png 0.9999 -0.0125532 -0.00657257 0.00751934 0.0124395 0.999777 -0.0170606 0.0295847 0.00678519 0.0169771 0.999833 0.00571066 0.0 0.0 0.0 1.0
stairs/seq-06/color/frame-000344.color.png stairs/seq-06/color/frame-000346.color.png 0.999791 -0.0141315 0.0147699 -0.0353563 0.0141207 0.9999 0.000831047 -0.00887126 -0.0147801 -0.000622258 0.999891 0.0377931 0.0 0.0 0.0 1.0
stairs/seq-06/color/frame-000346.color.png stairs/seq-06/color/frame-000348.color.png 0.999504 -0.024237 0.020105 -0.0345208 0.0242143 0.999706 0.0013727 -0.00678399 -0.0201324 -0.000885288 0.999797 0.00836992 0.0 0.0 0.0 1.0
stairs/seq-06/color/frame-000348.color.png stairs/seq-06/color/frame-000350.color.png 0.99994 -0.0104107 0.00345925 -0.0210955 0.0104395 0.99991 -0.00838477 0.00228874 -0.00337161 0.00842045 0.999959 0.000248849 0.0 0.0 0.0 1.0
