stairs/seq-06/color/frame-000000.color.png stairs/seq-06/color/frame-000001.color.png 0.999989 -0.00458446 0.00136193 -0.00118271 0.00456902 0.999928 0.0111316 0.00390261 -0.00141287 -0.0111252 0.999937 0.00666751 0.0 0.0 0.0 1.0
stairs/seq-06/color/frame-000001.color.png stairs/seq-06/color/frame-000002.color.png 0.999996 0.000414051 0.00285716 0.000571914 -0.000451576 0.999914 0.0131455 -0.000102501 -0.00285147 -0.0131467 0.999909 0.00149902 0.0 0.0 0.0 1.0
stairs/seq-06/color/frame-000002.color.png stairs/seq-06/color/frame-000003.color.png 0.999998 0.000470311 0.00197412 -0.000416285 -0.00047751 0.999993 0.00364842 0.00174748 -0.00197239 -0.00364935 0.999991 0.00361552 0.0 0.0 0.0 1.0
stairs/seq-06/color/frame-000003.color.png stairs/seq-06/color/frame-000004.color.png 0.999998 -0.00184705 0.000876655 0.00106895 0.00184381 0.999992 0.00368228 0.000583709 -0.00088345 -0.00368066 0.999993 -0.000608157 0.0 0.0 0.0 1.0
stairs/seq-06/color/frame-000004.color.png stairs/seq-06/color/frame-000005.color.png 0.999998 -0.00113446 0.00168487 -5.69758e-05 0.00112953 0.999995 0.00292797 0.00039853 -0.00168818 -0.00292605 0.999994 0.00362613 0.0 0.0 0.0 1.0
stairs/seq-06/color/frame-000005.color.png stairs/seq-06/color/frame-000006.color.png 0.999991 -0.00238384 0.00352668 -0.00081181 0.00237462 0.999994 0.00261706 0.00280856 -0.00353289 -0.00260867 0.99999 0.00039346 0.0 0.0 0.0 1.0
stairs/seq-06/color/frame-000006.color.png stairs/seq-06/color/frame-000007.color.png 0.999997 -0.00204155 0.00154471 0.00126134 0.00204105 0.999998 0.000324079 0.00141576 -0.00154537 -0.000320917 0.999999 0.000533309 0.0 0.0 0.0 1.0
stairs/seq-06/color/frame-000007.color.png stairs/seq-06/color/frame-000008.color.png 0.999997 -0.000578203 0.00254838 -0.000521743 0.000575806 0.999999 0.000939686 0.00120397 -0.00254892 -0.000938215 0.999996 -0.000772785 0.0 0.0 0.0 1.0
stairs/seq-06/color/frame-000008.color.png stairs/seq-06/color/frame-000009.color.png 0.999994 0.0012791 0.00311609 -7.90617e-05 -0.00129627 0.999984 0.0055154 -0.00423557 -0.00310899 -0.0055194 0.99998 0.00507943 0.0 0.0 0.0 1.0
stairs/seq-06/color/frame-000009.color.png stairs/seq-06/color/frame-000010.color.png 0.999997 -0.000662574 0.00248028 0.000647044 0.000659755 0.999999 0.00113633 0.00301665 -0.00248102 -0.00113469 0.999996 -0.0031784 0.0 0.0 0.0 1.0
stairs/seq-06/color/frame-000010.color.png stairs/seq-06/color/frame-000011.color.png 0.999971 -0.00180403 0.00737898 0.000999618 0.0017519 0.999974 0.00706519 -2.73483e-05 -0.00739153 -0.00705206 0.999948 0.0033229 0.0 0.0 0.0 1.0
stairs/seq-06/color/frame-000011.color.png stairs/seq-06/color/frame-000012.color.png 0.999989 -0.00262577 0.0039677 0.000799261 0.00261234 0.999991 0.00338581 0.000969734 -0.00397656 -0.00337541 0.999986 -0.00126887 0.0 0.0 0.0 1.0
stairs/seq-06/color/frame-000012.color.png stairs/seq-06/color/frame-000013.color.png 0.99999 -0.0019481 0.00415665 0.000957852 0.0019334 0.999992 0.00353794 0.00250577 -0.0041635 -0.00352986 0.999985 0.00146201 0.0 0.0 0.0 1.0
stairs/seq-06/color/frame-000013.color.png stairs/seq-06/color/frame-000014.color.png 0.999983 -0.00211226 0.00534639 -0.000159701 0.00209428 0.999992 0.00336602 -0.000630377 -0.00535346 -0.00335476 0.99998 0.00541824 0.0 0.0 0.0 1.0
stairs/seq-06/color/frame-000014.color.png stairs/seq-06/color/frame-000015.color.png 0.999941 -0.00496129 0.00970569 0.002766 0.00491412 0.999976 0.00487748 0.000913138 -0.00972965 -0.0048295 0.999941 -0.00103714 0.0 0.0 0.0 1.0
stairs/seq-06/color/frame-000015.color.png stairs/seq-06/color/frame-000016.color.png 0.999979 -0.000388308 0.00651548 -0.00141338 0.000367074 0.999995 0.00326009 0.00463185 -0.00651672 -0.00325761 0.999973 0.00341108 0.0 0.0 0.0 1.0
stairs/seq-06/color/frame-000016.color.png stairs/seq-06/color/frame-000017.color.png 0.999985 -0.00442252 0.00325017 0.00331213 0.00440896 0.999982 0.0041684 0.00023406 -0.00326856 -0.00415403 0.999986 -0.00624665 0.0 0.0 0.0 1.0
stairs/seq-06/color/frame-000017.color.png stairs/seq-06/color/frame-000018.color.png 0.999992 -0.00372186 0.00148663 0.00253275 0.00371439 0.999981 0.00499382 0.00533207 -0.00150519 -0.00498826 0.999986 -6.17225e-05 0.0 0.0 0.0 1.0
stairs/seq-06/color/frame-000018.color.png stairs/seq-06/color/frame-000019.color.png 0.999951 -0.00754507 0.006418 0.000221548 0.00747302 0.99991 0.0111777 0.00443098 -0.00650175 -0.0111292 0.999917 0.00681296 0.0 0.0 0.0 1.0
stairs/seq-06/color/frame-000019.color.png stairs/seq-06/color/frame-000020.color.png 0.999995 -0.00150668 0.00291943 0.000154185 0.00148474 0.999971 0.00750345 -0.00117788 -0.00293068 -0.00749907 0.999967 0.00377168 0.0 0.0 0.0 1.0
stairs/seq-06/color/frame-000020.color.png stairs/seq-06/color/frame-000021.color.png 0.999989 -0.00277648 0.00367523 0.000899115 0.00276903 0.999994 0.00202914 0.0063832 -0.00368083 -0.00201893 0.999991 0.00160248 0.0 0.0 0.0 1.0
stairs/seq-06/color/frame-000021.color.png stairs/seq-06/color/frame-000022.color.png 0.999988 -0.00132209 0.00471571 -0.000804385 0.00131023 0.999996 0.00251716 0.00140063 -0.00471902 -0.00251094 0.999986 0.00626297 0.0 0.0 0.0 1.0
stairs/seq-06/color/frame-000022.color.png stairs/seq-06/color/frame-000023.color.png 0.999982 -0.00369726 0.004654 0.00114372 0.00366002 0.999961 0.00798628 0.00371526 -0.00468334 -0.0079691 0.999957 -0.00479658 0.0 0.0 0.0 1.0
stairs/seq-06/color/frame-000023.color.png stairs/seq-06/color/frame-000024.color.png 0.999988 0.00138864 0.00459523 0.000486917 -0.00142469 0.999968 0.00784642 0.00107864 -0.00458418 -0.00785288 0.999959 0.00542339 0.0 0.0 0.0 1.0
stairs/seq-06/color/frame-000024.color.png stairs/seq-06/color/frame-000025.color.png 0.999991 -0.00218794 0.00353147 0.00254008 0.00217142 0.999987 0.00467791 0.00463254 -0.00354166 -0.00467019 0.999983 -0.00251804 0.0 0.0 0.0 1.0
stairs/seq-06/color/frame-000025.color.png stairs/seq-06/color/frame-000026.color.png 0.999919 -0.00340359 0.0122957 -0.00301217 0.00320352 0.999863 0.0162553 0.00378264 -0.0123493 -0.0162146 0.999792 0.00730053 0.0 0.0 0.0 1.0
stairs/seq-06/color/frame-000026.color.png stairs/seq-06/color/frame-000027.color.png 0.999964 -0.00310729 0.0078386 0.000101207 0.00306252 0.999979 0.00571644 0.00295151 -0.00785618 -0.00569222 0.999953 0.00729953 0.0 0.0 0.0 1.0
stairs/seq-06/color/frame-000027.color.png stairs/seq-06/color/frame-000028.color.png 0.99999 -0.00261935 0.00349322 0.00405968 0.0026065 0.99999 0.00367636 0.00309666 -0.00350281 -0.00366723 0.999987 -0.000270557 0.0 0.0 0.0 1.0
stairs/seq-06/color/frame-000028.color.png stairs/seq-06/color/frame-000029.color.png 0.999836 -0.00657187 0.016869 -0.00294288 0.00643392 0.999946 0.00821836 0.00690927 -0.016922 -0.0081085 0.999824 0.0142845 0.0 0.0 0.0 1.0
stairs/seq-06/color/frame-000029.color.png stairs/seq-06/color/frame-000030.color.png 0.999968 0.00243556 0.00758869 0.000286464 -0.00248933 0.999972 0.00708734 -0.00729139 -0.00757122 -0.00710598 0.999946 0.00266702 0.0 0.0 0.0 1.0
stairs/seq-06/color/frame-000030.color.png stairs/seq-06/color/frame-000031.color.png 0.999962 -0.0039266 0.0077687 0.00291823 0.00391216 0.999991 0.00187222 0.00545207 -0.00777598 -0.00184176 0.999968 -0.0067633 0.0 0.0 0.0 1.0
stairs/seq-06/color/frame-000031.color.png stairs/seq-06/color/frame-000032.color.png 0.999751 -0.0122864 0.0186221 0.00034349 0.0122055 0.999916 0.00445025 0.00727186 -0.0186752 -0.00422186 0.999817 0.0170456 0.0 0.0 0.0 1.0
stairs/seq-06/color/frame-000032.color.png stairs/seq-06/color/frame-000033.color.png 0.999951 -0.00116446 0.0098532 0.00248894 0.00113992 0.999996 0.00249612 -0.00122023 -0.00985606 -0.00248476 0.999948 0.0044061 0.0 0.0 0.0 1.0
stairs/seq-06/color/frame-000033.color.png stairs/seq-06/color/frame-000034.color.png 0.999696 -0.00676876 0.0237155 -0.000305826 0.00665974 0.999967 0.00467308 0.00896873 -0.0237463 -0.0045137 0.999708 3.93018e-05 0.0 0.0 0.0 1.0
stairs/seq-06/color/frame-000034.color.png stairs/seq-06/color/frame-000035.color.png 0.999933 -0.00410023 0.010876 0.00417567 0.00413005 0.999988 -0.00272252 0.0066722 -0.0108648 0.00276724 0.999937 -0.000339836 0.0 0.0 0.0 1.0
stairs/seq-06/color/frame-000035.color.png stairs/seq-06/color/frame-000036.color.png 0.999834 -0.0116801 0.0139751 0.0118679 0.0116339 0.999927 0.00338106 0.0164213 -0.0140136 -0.00321793 0.999897 -0.00175115 0.0 0.0 0.0 1.0
stairs/seq-06/color/frame-000036.color.png stairs/seq-06/color/frame-000037.color.png 0.999861 -0.00168795 0.0166049 -0.00449228 0.0016608 0.999997 0.0016477 0.00277662 -0.0166076 -0.00161992 0.999861 0.0106548 0.0 0.0 0.0 1.0
stairs/seq-06/color/frame-000037.color.png stairs/seq-06/color/frame-000038.color.png 0.999896 -0.00774392 0.0121643 0.000187024 0.00762433 0.999922 0.00984425 -0.00855967 -0.0122396 -0.00975048 0.999877 -0.00910244 0.0 0.0 0.0 1.0
stairs/seq-06/color/frame-000038.color.png stairs/seq-06/color/frame-000039.color.png 0.999811 -0.00974431 0.0168271 0.00707252 0.00943092 0.999783 0.0186031 0.00830293 -0.0170047 -0.0184409 0.999685 0.012429 0.0 0.0 0.0 1.0
stairs/seq-06/color/frame-000039.color.png stairs/seq-06/color/frame-000040.color.png 0.999948 -0.00640829 0.00787782 0.00779692 0.00643443 0.999974 -0.0032941 0.0105436 -0.0078565 0.00334465 0.999964 -0.0039464 0.0 0.0 0.0 1.0
stairs/seq-06/color/frame-000040.color.png stairs/seq-06/color/frame-000041.color.png 0.99976 -0.0123586 0.0180799 0.010045 0.0121747 0.999873 0.0102466 0.0109832 -0.0182043 -0.0100241 0.999784 -0.00394616 0.0 0.0 0.0 1.0
stairs/seq-06/color/frame-000041.color.png stairs/seq-06/color/frame-000042.color.png 0.999931 -0.00570452 0.0102381 -0.00219871 0.0056402 0.999964 0.00629741 -0.00375858 -0.0102737 -0.00623921 0.999928 0.00717283 0.0 0.0 0.0 1.0
stairs/seq-06/color/frame-000042.color.png stairs/seq-06/color/frame-000043.color.png 0.999771 -0.0151733 0.0150962 0.00802053 0.0149931 0.999816 0.0119839 0.004076 -0.0152753 -0.0117548 0.999814 -0.00297404 0.0 0.0 0.0 1.0
stairs/seq-06/color/frame-000043.color.png stairs/seq-06/color/frame-000044.color.png 0.99995 -0.00997846 -0.000385795 0.0179376 0.00997866 0.99995 0.000502122 0.0183408 0.000380806 -0.000505979 1.0 0.00179129 0.0 0.0 0.0 1.0
stairs/seq-06/color/frame-000044.color.png stairs/seq-06/color/frame-000045.color.png 0.999766 -0.00652314 0.0206171 -0.011029 0.00627361 0.999907 0.0121448 0.0153059 -0.0206944 -0.0120126 0.999714 0.0124744 0.0 0.0 0.0 1.0
stairs/seq-06/color/frame-000045.color.png stairs/seq-06/color/frame-000046.color.png 0.999946 -0.00977423 -0.00343592 0.0252465 0.00978088 0.99995 0.00192988 0.00648829 0.00341688 -0.00196343 0.999992 -0.0174603 0.0 0.0 0.0 1.0
stairs/seq-06/color/frame-000046.color.png stairs/seq-06/color/frame-000047.color.png 0.999963 -0.0025641 0.00820556 0.00276385 0.0025342 0.99999 0.00365672 0.00663337 -0.00821484 -0.00363578 0.99996 0.00317351 0.0 0.0 0.0 1.0
stairs/seq-06/color/frame-000047.color.png stairs/seq-06/color/frame-000048.color.png 0.999834 -0.0129281 0.012871 0.0091795 0.0127603 0.999834 0.0130357 -0.00694263 -0.0130374 -0.0128693 0.999832 0.00894757 0.0 0.0 0.0 1.0
stairs/seq-06/color/frame-000048.color.png stairs/seq-06/color/frame-000049.color.png 0.999995 -0.00209562 0.00252391 0.00925173 0.00210707 0.999988 -0.004539 0.0148686 -0.00251442 0.00454428 0.999986 -0.0144068 0.0 0.0 0.0 1.0
stairs/seq-06/color/frame-000049.color.png stairs/seq-06/color/frame-000050.color.png 0.999809 -0.00310502 0.0192913 -0.000588246 0.00283793 0.9999 0.0138576 0.00103128 -0.0193323 -0.0138001 0.999718 0.0110004 0.0 0.0 0.0 1.0
stairs/seq-06/color/frame-000050.color.png stairs/seq-06/color/frame-000051.color.png 0.999921 -0.00461702 0.0116527 0.000280656 0.00453939 0.999967 0.00667558 -0.00687337 -0.0116831 -0.00662222 0.99991 0.00657075 0.0 0.0 0.0 1.0
stairs/seq-06/color/frame-000051.color.png stairs/seq-06/color/frame-000052.color.png 0.999798 -0.0065044 0.0189915 -0.00403045 0.00648887 0.999979 0.000880056 0.00503294 -0.0189968 -0.000756626 0.999819 0.0023024 0.0 0.0 0.0 1.0
stairs/seq-06/color/frame-000052.color.png stairs/seq-06/color/frame-000053.color.png 0.999987 -0.00483585 -0.00173253 0.0287025 0.00482918 0.999981 -0.00385912 0.0112412 0.00175107 0.00385069 0.999991 -0.0150701 0.0 0.0 0.0 1.0
stairs/seq-06/color/frame-000053.color.png stairs/seq-06/color/frame-000054.color.png 0.999689 -0.00454536 0.0245378 -0.00605212 0.00437116 0.999965 0.007148 0.00179984 -0.0245694 -0.00703848 0.999673 0.0148161 0.0 0.0 0.0 1.0
stairs/seq-06/color/frame-000054.color.png stairs/seq-06/color/frame-000055.color.png 0.999954 -0.00249642 0.00923298 4.11868e-05 0.00249879 0.999997 -0.000249585 0.00428164 -0.00923238 0.000272625 0.999957 -0.00248249 0.0 0.0 0.0 1.0
stairs/seq-06/color/frame-000055.color.png stairs/seq-06/color/frame-000056.color.png 0.999814 -0.0186318 0.00496255 0.0301345 0.0186268 0.999826 0.00105625 -0.00214879 -0.00498124 -0.000963569 0.999987 -0.0149123 0.0 0.0 0.0 1.0
stairs/seq-06/color/frame-000056.color.png stairs/seq-06/color/frame-000057.color.png 0.999926 -0.00184247 0.0120153 -0.00141732 0.00179292 0.99999 0.0041264 0.00108938 -0.0120229 -0.00410459 0.999919 0.00285413 0.0 0.0 0.0 1.0
stairs/seq-06/color/frame-000057.color.png stairs/seq-06/color/frame-000058.color.png 0.999914 -0.00919862 0.00930652 0.0227799 0.00917733 0.999955 0.00232685 0.0102416 -0.00932761 -0.00224132 0.999954 -0.00838633 0.0 0.0 0.0 1.0
stairs/seq-06/color/frame-000058.color.png stairs/seq-06/color/frame-000059.color.png 0.999827 -0.0142936 0.0119223 0.0130984 0.0142108 0.999874 0.00700822 -0.0143007 -0.012021 -0.00683761 0.999904 -0.00584114 0.0 0.0 0.0 1.0
stairs/seq-06/color/frame-000059.color.png stairs/seq-06/color/frame-000060.color.png 0.999941 -0.00387101 0.0101977 -0.000973955 0.00381837 0.999979 0.0051747 -0.00449218 -0.0102176 -0.0051354 0.999935 -0.00209016 0.0 0.0 0.0 1.0
stairs/seq-06/color/frame-000060.color.png stairs/seq-06/color/frame-000061.color.png 0.999906 -0.00431758 0.012991 0.0110046 0.00431716 0.999991 5.6242e-05 0.00547522 -0.0129909 -1.57897e-07 0.999916 0.00134802 0.0 0.0 0.0 1.0
stairs/seq-06/color/frame-000061.color.png stairs/seq-06/color/frame-000062.color.png 0.999936 0.00648039 0.00927916 0.0178052 -0.00654309 0.999956 0.00674915 0.00551948 -0.00923503 -0.00680947 0.999934 -0.00740594 0.0 0.0 0.0 1.0
stairs/seq-06/color/frame-000062.color.png stairs/seq-06/color/frame-000063.color.png 0.999964 0.00441486 0.00728512 0.00655025 -0.00444315 0.999983 0.00386822 0.000657931 -0.00726783 -0.00390039 0.999966 -0.00157761 0.0 0.0 0.0 1.0
stairs/seq-06/color/frame-000063.color.png stairs/seq-06/color/frame-000064.color.png 0.999919 -0.00786177 0.00999399 0.00490238 0.00785924 0.999969 0.000296619 -0.0062954 -0.00999604 -0.000218058 0.99995 -0.00506454 0.0 0.0 0.0 1.0
stairs/seq-06/color/frame-000064.color.png stairs/seq-06/color/frame-000065.color.png 0.999964 -0.0054944 0.00641864 0.00752957 0.00551158 0.999981 -0.00265803 0.000574857 -0.00640402 0.00269337 0.999976 -0.00459965 0.0 0.0 0.0 1.0
stairs/seq-06/color/frame-000065.color.png stairs/seq-06/color/frame-000066.color.png 0.999927 0.00206099 0.0119416 0.01037 -0.00202838 0.999994 -0.00273858 -0.00111303 -0.0119472 0.00271416 0.999925 -0.00430665 0.0 0.0 0.0 1.0
stairs/seq-06/color/frame-000066.color.png stairs/seq-06/color/frame-000067.color.png 0.999968 -0.00389671 0.00699967 0.00185539 0.00390557 0.999992 -0.00125695 -0.00624242 -0.00699473 0.00128427 0.999975 -0.00156261 0.0 0.0 0.0 1.0
stairs/seq-06/color/frame-000067.color.png stairs/seq-06/color/frame-000068.color.png 0.999971 -0.000714116 0.00761059 0.0120969 0.000772847 0.99997 -0.00770852 0.00394426 -0.00760486 0.00771419 0.999941 -0.00150238 0.0 0.0 0.0 1.0
stairs/seq-06/color/frame-000068.color.png stairs/seq-06/color/frame-000069.color.png 0.999935 -0.00318213 0.0109594 0.00347781 0.00323067 0.999985 -0.00441501 -0.010097 -0.0109452 0.00445011 0.99993 -0.00565443 0.0 0.0 0.0 1.0
stairs/seq-06/color/frame-000069.color.png stairs/seq-06/color/frame-000070.color.png 0.99975 0.0143765 0.017106 0.000208974 -0.014199 0.999845 -0.0104532 -0.00022395 -0.0172536 0.0102077 0.999799 -0.00327526 0.0 0.0 0.0 1.0
stairs/seq-06/color/frame-000070.color.png stairs/seq-06/color/frame-000071.color.png 0.999975 0.00500425 0.00501608 0.0232648 -0.00500885 0.999987 0.000907971 -0.00388111 -0.00501152 -0.00093303 0.999987 -0.00211911 0.0 0.0 0.0 1.0
stairs/seq-06/color/frame-000071.color.png stairs/seq-06/color/frame-000072.color.png 0.999984 -0.00359209 0.0042827 0.00772625 0.00361524 0.999979 -0.00540883 -0.0104996 -0.00426321 0.00542423 0.999976 -0.00263015 0.0 0.0 0.0 1.0
stairs/seq-06/color/frame-000072.color.png stairs/seq-06/color/frame-000073.color.png 0.999976 0.000261066 0.00696172 0.00767243 -0.000245085 0.999997 -0.0022979 -0.00739053 -0.00696228 0.00229614 0.999973 -0.000651527 0.0 0.0 0.0 1.0
stairs/seq-06/color/frame-000073.color.png stairs/seq-06/color/frame-000074.color.png 0.999988 0.00353687 0.00351926 -0.00410411 -0.0035175 0.999979 -0.00548864 -0.0102115 -0.00353867 0.00547624 0.999979 -0.00435425 0.0 0.0 0.0 1.0
stairs/seq-06/color/frame-000074.color.png stairs/seq-06/color/frame-000075.color.png 0.999992 0.00299028 -0.00279167 0.00939944 -0.00300287 0.999985 -0.00450969 -0.00784993 0.00277813 0.00451803 0.999986 -0.00101187 0.0 0.0 0.0 1.0
stairs/seq-06/color/frame-000075.color.png stairs/seq-06/color/frame-000076.color.png 0.999726 0.0233654 0.00107295 -0.00221729 -0.0233478 0.999627 -0.0141833 -0.00879882 -0.00140395 0.0141544 0.999899 -0.00397197 0.0 0.0 0.0 1.0
stairs/seq-06/color/frame-000076.color.png stairs/seq-06/color/frame-000077.color.png 0.999875 0.0147726 -0.00562471 0.00965044 -0.01485 0.999792 -0.0139766 0.000525087 0.00541705 0.0140583 0.999887 -0.000546996 0.0 0.0 0.0 1.0
stairs/seq-06/color/frame-000077.color.png stairs/seq-06/color/frame-000078.color.png 0.999925 0.0116349 -0.00393529 0.00304207 -0.0116929 0.999818 -0.0150511 -0.00567214 0.00375939 0.015096 0.999879 0.000100378 0.0 0.0 0.0 1.0
stairs/seq-06/color/frame-000078.color.png stairs/seq-06/color/frame-000079.color.png 0.999625 0.025549 -0.00985819 -0.00494614 -0.0258872 0.999022 -0.0358567 -0.017254 0.00893251 0.0360985 0.999308 -0.0115406 0.0 0.0 0.0 1.0
stairs/seq-06/color/frame-000079.color.png stairs/seq-06/color/frame-000080.color.png 0.999916 0.00986219 -0.00835305 -0.00346267 -0.0101034 0.999519 -0.0293393 -0.00920005 0.00805973 0.0294212 0.999534 -0.00727867 0.0 0.0 0.0 1.0
stairs/seq-06/color/frame-000080.color.png stairs/seq-06/color/frame-000081.color.png 0.99969 0.0184221 -0.0167315 0.000146598 -0.0190355 0.999124 -0.037274 -0.00160141 0.0160301 0.0375809 0.999165 -0.0134562 0.0 0.0 0.0 1.0
stairs/seq-06/color/frame-000081.color.png stairs/seq-06/color/frame-000082.color.png 0.999561 0.0285869 -0.0078016 -0.0127521 -0.0288721 0.998811 -0.0392908 0.00328711 0.00666913 0.0394988 0.999197 -0.0119459 0.0 0.0 0.0 1.0
stairs/seq-06/color/frame-000082.color.png stairs/seq-06/color/frame-000083.color.png 0.999691 0.0195239 -0.0153958 -0.00656423 -0.0199832 0.999342 -0.0302646 -0.00885832 0.0147948 0.0305629 0.999423 -0.00651321 0.0 0.0 0.0 1.0
stairs/seq-06/color/frame-000083.color.png stairs/seq-06/color/frame-000084.color.png 0.999812 0.0139307 -0.013451 -0.0137135 -0.014219 0.999666 -0.0215782 -0.0173409 0.013146 0.0217655 0.999677 -0.00936911 0.0 0.0 0.0 1.0
stairs/seq-06/color/frame-000084.color.png stairs/seq-06/color/frame-000085.color.png 0.999687 0.0228971 -0.0100709 0.00416303 -0.0230018 0.999681 -0.0104035 -0.0112405 0.00982947 0.0106319 0.999895 0.00845566 0.0 0.0 0.0 1.0
stairs/seq-06/color/frame-000085.color.png stairs/seq-06/color/frame-000086.color.png 0.999802 0.0164164 -0.0112686 -0.00604746 -0.0165973 0.999732 -0.0161542 -0.00299551 0.0110003 0.016338 0.999806 -0.00324573 0.0 0.0 0.0 1.0
stairs/seq-06/color/frame-000086.color.png stairs/seq-06/color/frame-000087.color.png 0.999979 0.00330931 -0.00556752 -0.00262141 -0.00334988 0.999968 -0.00729067 -0.006364 0.0055433 0.00730918 0.999958 -0.00363051 0.0 0.0 0.0 1.0
stairs/seq-06/color/frame-000087.color.png stairs/seq-06/color/frame-000088.color.png 0.999735 0.020874 -0.00973768 -0.000160307 -0.0209709 0.999731 -0.00995022 0.00365476 0.00952736 0.0101518 0.999903 -0.00442306 0.0 0.0 0.0 1.0
stairs/seq-06/color/frame-000088.color.png stairs/seq-06/color/frame-000089.color.png 0.999815 0.0181049 -0.00651213 -0.00677142 -0.0181456 0.999816 -0.00624251 -0.0048579 0.00639793 0.00635948 0.999959 -0.00219697 0.0 0.0 0.0 1.0
stairs/seq-06/color/frame-000089.color.png stairs/seq-06/color/frame-000090.color.png 0.99992 0.0101818 -0.00747108 0.000368446 -0.0102284 0.999928 -0.0062271 0.00289212 0.00740712 0.00630306 0.999953 0.00201349 0.0 0.0 0.0 1.0
stairs/seq-06/color/frame-000090.color.png stairs/seq-06/color/frame-000091.color.png 0.999932 0.00996394 -0.0060279 0.000387043 -0.00998492 0.999944 -0.00345287 -0.000238398 0.00599321 0.00351282 0.999976 -0.0025936 0.0 0.0 0.0 1.0
stairs/seq-06/color/frame-000091.color.png stairs/seq-06/color/frame-000092.color.png 0.999906 0.0136673 -0.000772649 -0.0047023 -0.013663 0.999893 0.00521913 -0.00426859 0.000843805 -0.00520808 0.999986 0.00157566 0.0 0.0 0.0 1.0
stairs/seq-06/color/frame-000092.color.png stairs/seq-06/color/frame-000093.color.png 0.999975 0.00650604 0.00270963 -0.00564429 -0.00651417 0.999974 0.00299974 -0.00720102 -0.00268999 -0.00301732 0.999992 -0.00134822 0.0 0.0 0.0 1.0
stairs/seq-06/color/frame-000093.color.png stairs/seq-06/color/frame-000094.color.png 0.999976 0.00269104 -0.00644363 0.00361329 -0.00271284 0.999991 -0.00337578 -0.00308765 0.00643448 0.00339318 0.999974 -0.000731234 0.0 0.0 0.0 1.0
stairs/seq-06/color/frame-000094.color.png stairs/seq-06/color/frame-000095.color.png 0.999983 0.00517598 -0.00259398 0.00542441 -0.00517318 0.999986 0.00107359 0.00223882 0.00259949 -0.00106017 0.999996 -0.00174304 0.0 0.0 0.0 1.0
stairs/seq-06/color/frame-000095.color.png stairs/seq-06/color/frame-000096.color.png 0.999989 0.00467105 0.000415613 -0.00818315 -0.00467077 0.999989 -0.000741471 -0.00336921 -0.000418967 0.000739523 1.0 0.00308719 0.0 0.0 0.0 1.0
stairs/seq-06/color/frame-000096.color.png stairs/seq-06/color/frame-000097.color.png 0.999995 0.00306522 -0.00096861 0.000262409 -0.00306447 0.999995 0.00074794 0.00313176 0.000970914 -0.000744968 0.999999 0.00179524 0.0 0.0 0.0 1.0
stairs/seq-06/color/frame-000097.color.png stairs/seq-06/color/frame-000098.color.png 0.999929 0.0118267 0.0015066 0.000688404 -0.0118275 0.99993 0.00051601 -0.0115271 -0.00150044 -0.00053376 0.999999 -0.00419269 0.0 0.0 0.0 1.0
stairs/seq-06/color/frame-000098.color.png stairs/seq-06/color/frame-000099.color.png 0.999977 0.006652 -0.000840589 -0.000704616 -0.00665147 0.999978 0.000641615 -0.00279614 0.000844819 -0.000636027 0.999999 0.000178706 0.0 0.0 0.0 1.0
stairs/seq-06/color/frame-000099.color.png stairs/seq-06/color/frame-000100.color.png 0.999964 0.00810056 0.00236019 0.00407928 -0.00808668 0.99995 -0.00583191 -0.00688108 -0.0024073 0.00581263 0.99998 -0.00724171 0.0 0.0 0.0 1.0
stairs/seq-06/color/frame-000100.color.png stairs/seq-06/color/frame-000101.color.png 0.999966 0.0075351 -0.00330463 0.000490963 -0.00756614 0.999926 -0.00947835 -0.00195334 0.00323298 0.00950302 0.99995 0.00262479 0.0 0.0 0.0 1.0
stairs/seq-06/color/frame-000101.color.png stairs/seq-06/color/frame-000102.color.png 0.999874 0.0146418 0.00613863 -0.00774828 -0.0146486 0.999892 0.001059 -0.0169236 -0.00612248 -0.0011488 0.999981 -0.00208876 0.0 0.0 0.0 1.0
stairs/seq-06/color/frame-000102.color.png stairs/seq-06/color/frame-000103.color.png 0.99998 0.00420762 -0.00468106 0.00169468 -0.00424994 0.99995 -0.00906831 -0.00479009 0.00464262 0.00908801 0.999948 -0.00330373 0.0 0.0 0.0 1.0
stairs/seq-06/color/frame-000103.color.png stairs/seq-06/color/frame-000104.color.png 0.999959 0.00256177 -0.00862751 -0.00121844 -0.0026105 0.999981 -0.00564212 -0.00424236 0.00861287 0.00566442 0.999947 -0.00548697 0.0 0.0 0.0 1.0
stairs/seq-06/color/frame-000104.color.png stairs/seq-06/color/frame-000105.color.png 0.999939 0.00183706 -0.0108524 -0.00566068 -0.00193689 0.999956 -0.00919613 0.00286356 0.0108351 0.00921661 0.999899 -0.00691781 0.0 0.0 0.0 1.0
stairs/seq-06/color/frame-000105.color.png stairs/seq-06/color/frame-000106.color.png 0.999864 -0.00165431 -0.0164301 -0.00111064 0.00172585 0.999989 0.00433985 -0.00978759 0.0164226 -0.00436762 0.999856 -0.00119245 0.0 0.0 0.0 1.0
stairs/seq-06/color/frame-000106.color.png stairs/seq-06/color/frame-000107.color.png 0.999814 -8.69566e-05 -0.0193091 0.0101452 0.000164693 0.999992 0.00402454 -0.0077909 0.0193086 -0.00402696 0.999805 -0.0216913 0.0 0.0 0.0 1.0
stairs/seq-06/color/frame-000107.color.png stairs/seq-06/color/frame-000108.color.png 0.999895 0.000481865 -0.0144932 -0.00874892 -0.000503618 0.999999 -0.00149718 -0.0078232 0.0144926 0.0015043 0.999894 7.97138e-05 0.0 0.0 0.0 1.0
stairs/seq-06/color/frame-000108.color.png stairs/seq-06/color/frame-000109.color.png 0.999905 0.007669 -0.0114208 0.00436106 -0.00762863 0.999964 0.00357477 -0.0131863 0.0114478 -0.00348732 0.999928 -0.0136842 0.0 0.0 0.0 1.0
stairs/seq-06/color/frame-000109.color.png stairs/seq-06/color/frame-000110.color.png 0.999893 0.000457547 -0.0146227 -0.00916335 -0.00058835 0.99996 -0.00894134 -0.0069372 0.014618 0.00894898 0.999853 -0.0110149 0.0 0.0 0.0 1.0
stairs/seq-06/color/frame-000110.color.png stairs/seq-06/color/frame-000111.color.png 0.999851 0.010364 -0.0137854 -0.0035229 -0.0102402 0.999907 0.00902801 -0.0163029 0.0138777 -0.0088855 0.999864 -0.0007466 0.0 0.0 0.0 1.0
stairs/seq-06/color/frame-000111.color.png stairs/seq-06/color/frame-000112.color.png 0.999963 0.00306756 -0.00805621 0.00293404 -0.0030895 0.999992 -0.00271431 -0.00639255 0.00804774 0.00273915 0.999964 -0.0173722 0.0 0.0 0.0 1.0
stairs/seq-06/color/frame-000112.color.png stairs/seq-06/color/frame-000113.color.png 0.999887 0.00650895 -0.0135694 -0.0137025 -0.00653 0.999978 -0.00150772 -0.00866385 0.0135592 0.00159611 0.999907 -0.00386371 0.0 0.0 0.0 1.0
stairs/seq-06/color/frame-000113.color.png stairs/seq-06/color/frame-000114.color.png 0.999747 0.00867719 -0.0207657 -0.000576615 -0.00888088 0.999913 -0.00973701 0.00416917 0.0206794 0.00991898 0.999737 -0.00123431 0.0 0.0 0.0 1.0
stairs/seq-06/color/frame-000114.color.png stairs/seq-06/color/frame-000115.color.png 0.999894 0.0098179 -0.0107246 -0.0113673 -0.00983726 0.99995 -0.00175287 -0.00700451 0.0107069 0.00185819 0.999941 0.00683071 0.0 0.0 0.0 1.0
stairs/seq-06/color/frame-000115.color.png stairs/seq-06/color/frame-000116.color.png 0.999983 0.00569564 -0.000805219 -0.020401 -0.00569114 0.999969 0.0054797 -0.0171621 0.000836392 -0.00547502 0.999985 -0.00825373 0.0 0.0 0.0 1.0
stairs/seq-06/color/frame-000116.color.png stairs/seq-06/color/frame-000117.color.png 0.999777 0.0121692 -0.017247 -0.00137413 -0.0121002 0.999918 0.00410271 -0.0123647 0.0172955 -0.00389312 0.999843 -0.000396967 0.0 0.0 0.0 1.0
stairs/seq-06/color/frame-000117.color.png stairs/seq-06/color/frame-000118.color.png 0.999858 0.0101665 -0.0134512 -0.0167091 -0.0101654 0.999948 0.000151662 -0.0105539 0.0134521 -1.49265e-05 0.99991 -0.0215727 0.0 0.0 0.0 1.0
stairs/seq-06/color/frame-000118.color.png stairs/seq-06/color/frame-000119.color.png 0.999961 0.00713076 0.00527686 -0.0269091 -0.00714664 0.99997 0.00299792 -0.0137388 -0.00525538 -0.0030355 0.999982 0.0367002 0.0 0.0 0.0 1.0
stairs/seq-06/color/frame-000119.color.png stairs/seq-06/color/frame-000120.color.png 0.999862 0.0126677 -0.0107024 -0.00177427 -0.0126836 0.999919 -0.00142114 2.08616e-06 0.0106835 0.00155667 0.999942 -0.0059199 0.0 0.0 0.0 1.0
stairs/seq-06/color/frame-000120.color.png stairs/seq-06/color/frame-000121.color.png 0.999795 0.00696829 -0.0190115 -0.00386409 -0.00691019 0.999971 0.0031199 -0.0105047 0.0190327 -0.00298785 0.999814 -0.0126774 0.0 0.0 0.0 1.0
stairs/seq-06/color/frame-000121.color.png stairs/seq-06/color/frame-000122.color.png 0.99997 0.00779684 5.3457e-05 -0.0179372 -0.00779677 0.999969 -0.00104816 0.00529565 -6.16403e-05 0.00104773 0.999999 0.0272665 0.0 0.0 0.0 1.0
stairs/seq-06/color/frame-000122.color.png stairs/seq-06/color/frame-000123.color.png 0.999876 0.0135103 -0.0081457 -0.00339191 -0.0135296 0.999906 -0.00232618 0.00379227 0.00811347 0.00243613 0.999964 0.00863882 0.0 0.0 0.0 1.0
stairs/seq-06/color/frame-000123.color.png stairs/seq-06/color/frame-000124.color.png 0.999912 0.00591277 -0.0118393 -0.00536309 -0.00597937 0.999966 -0.00559733 0.00147383 0.0118058 0.00566759 0.999914 0.00262295 0.0 0.0 0.0 1.0
stairs/seq-06/color/frame-000124.color.png stairs/seq-06/color/frame-000125.color.png 0.999944 0.00745114 -0.00752188 0.00157093 -0.00745875 0.999972 -0.000984144 -0.00566657 0.00751434 0.00104019 0.999971 0.0038593 0.0 0.0 0.0 1.0
stairs/seq-06/color/frame-000125.color.png stairs/seq-06/color/frame-000126.color.png 0.999908 0.013506 -0.000900552 -0.0114713 -0.0135108 0.999893 -0.00565001 -0.00245127 0.000824128 0.00566166 0.999984 0.014506 0.0 0.0 0.0 1.0
stairs/seq-06/color/frame-000126.color.png stairs/seq-06/color/frame-000127.color.png 0.999931 0.00674335 -0.00957066 -0.0146883 -0.00676168 0.999975 -0.00188241 -0.00338656 0.00955774 0.00194696 0.999952 -0.00746707 0.0 0.0 0.0 1.0
stairs/seq-06/color/frame-000127.color.png stairs/seq-06/color/frame-000128.color.png 0.999888 0.0120685 -0.00879838 -0.000414103 -0.0120752 0.999927 -0.000711191 -0.0043377 0.00878914 0.000817369 0.999961 0.0111438 0.0 0.0 0.0 1.0
stairs/seq-06/color/frame-000128.color.png stairs/seq-06/color/frame-000129.color.png 0.999989 0.00241877 -0.00409021 -0.000386499 -0.00243727 0.999987 -0.00452973 -0.0023489 0.00407921 0.00453965 0.999981 0.00318527 0.0 0.0 0.0 1.0
stairs/seq-06/color/frame-000129.color.png stairs/seq-06/color/frame-000130.color.png 0.999929 0.00649305 -0.00997332 -0.0034766 -0.00652223 0.999975 -0.00289409 0.00197682 0.00995428 0.00295893 0.999946 -0.00752563 0.0 0.0 0.0 1.0
stairs/seq-06/color/frame-000130.color.png stairs/seq-06/color/frame-000131.color.png 0.999972 0.00736475 -0.00107102 -0.0150812 -0.00736668 0.999971 -0.00180969 -0.00107753 0.00105765 0.00181747 0.999998 0.0210939 0.0 0.0 0.0 1.0
stairs/seq-06/color/frame-000131.color.png stairs/seq-06/color/frame-000132.color.png 0.999983 0.00371997 -0.00443264 0.00106976 -0.00371352 0.999992 0.00146341 0.00148526 0.00443803 -0.0014469 0.999989 -0.00024097 0.0 0.0 0.0 1.0
stairs/seq-06/color/frame-000132.color.png stairs/seq-06/color/frame-000133.color.png 0.99992 0.00192385 -0.0124679 -0.00205557 -0.0018967 0.999996 0.00218901 -0.00248215 0.012472 -0.00216517 0.99992 -0.00648834 0.0 0.0 0.0 1.0
stairs/seq-06/color/frame-000133.color.png stairs/seq-06/color/frame-000134.color.png 0.999989 0.00389262 0.00261313 -0.0103058 -0.00388412 0.999987 -0.0032513 0.00859952 -0.00262575 0.00324112 0.999991 0.0210101 0.0 0.0 0.0 1.0
stairs/seq-06/color/frame-000134.color.png stairs/seq-06/color/frame-000135.color.png 0.999969 0.00658736 -0.00428805 -0.00260384 -0.00656319 0.999963 0.00562659 0.00116765 0.00432495 -0.00559827 0.999975 0.0030459 0.0 0.0 0.0 1.0
stairs/seq-06/color/frame-000135.color.png stairs/seq-06/color/frame-000136.color.png 0.999989 0.00462352 -0.000163954 -0.00122838 -0.00462273 0.99998 0.00434558 -0.000786662 0.000184053 -0.00434478 0.999991 -0.000204734 0.0 0.0 0.0 1.0
stairs/seq-06/color/frame-000136.color.png stairs/seq-06/color/frame-000137.color.png 0.999924 -0.00431029 -0.0115638 -0.00135323 0.00441211 0.999951 0.00879796 0.00573474 0.0115254 -0.00884829 0.999894 -0.00442439 0.0 0.0 0.0 1.0
stairs/seq-06/color/frame-000137.color.png stairs/seq-06/color/frame-000138.color.png 0.99997 0.00735497 -0.00235446 -0.00335678 -0.00733202 0.999927 0.00961711 0.00155014 0.00242502 -0.00959958 0.999951 0.00740614 0.0 0.0 0.0 1.0
stairs/seq-06/color/frame-000138.color.png stairs/seq-06/color/frame-000139.color.png 0.999985 0.00021738 -0.00554705 -0.00322725 -0.000167307 0.999959 0.00902385 -0.000940368 0.00554877 -0.00902276 0.999944 0.00190312 0.0 0.0 0.0 1.0
stairs/seq-06/color/frame-000139.color.png stairs/seq-06/color/frame-000140.color.png 0.99994 -0.000823235 -0.0109624 0.00324978 0.000966305 0.999914 0.0130539 -0.00690067 0.0109507 -0.0130637 0.999855 -0.0211332 0.0 0.0 0.0 1.0
stairs/seq-06/color/frame-000140.color.png stairs/seq-06/color/frame-000141.color.png 0.999812 -0.0140284 -0.0133605 -0.00489257 0.0140439 0.999901 0.00106751 0.0182074 0.0133442 -0.00125497 0.99991 0.0213561 0.0 0.0 0.0 1.0
stairs/seq-06/color/frame-000141.color.png stairs/seq-06/color/frame-000142.color.png 0.999979 0.00633244 -0.00155469 -0.00279735 -0.00631238 0.999901 0.0125891 -0.000846848 0.00163425 -0.0125791 0.99992 -0.00018198 0.0 0.0 0.0 1.0
stairs/seq-06/color/frame-000142.color.png stairs/seq-06/color/frame-000143.color.png 0.999958 -0.00698357 -0.00593494 0.000135709 0.00704237 0.999926 0.0099421 -0.00484227 0.00586506 -0.00998347 0.999933 -0.00289445 0.0 0.0 0.0 1.0
stairs/seq-06/color/frame-000143.color.png stairs/seq-06/color/frame-000144.color.png 0.99999 -0.00187885 -0.00395441 -0.00126141 0.00186577 0.999993 -0.00330927 0.00512876 0.0039606 0.00330185 0.999987 0.00257172 0.0 0.0 0.0 1.0
stairs/seq-06/color/frame-000144.color.png stairs/seq-06/color/frame-000145.color.png 0.999982 -0.00240306 -0.00552405 0.00149981 0.00245253 0.999957 0.00896973 -0.00295965 0.00550226 -0.00898311 0.999945 -0.00657641 0.0 0.0 0.0 1.0
stairs/seq-06/color/frame-000145.color.png stairs/seq-06/color/frame-000146.color.png 0.999934 -0.0109172 -0.00361114 -0.00331962 0.0109262 0.999937 0.00247249 0.00345801 0.00358392 -0.00251179 0.99999 0.00772804 0.0 0.0 0.0 1.0
stairs/seq-06/color/frame-000146.color.png stairs/seq-06/color/frame-000147.color.png 0.999982 -0.00176074 -0.00577938 -1.12243e-05 0.00178494 0.99999 0.00418632 0.00196089 0.00577195 -0.00419657 0.999975 0.00182378 0.0 0.0 0.0 1.0
stairs/seq-06/color/frame-000147.color.png stairs/seq-06/color/frame-000148.color.png 0.99999 0.00275182 0.00356263 -0.0061292 -0.00277669 0.999972 0.00699961 0.00515649 -0.00354326 -0.00700943 0.999969 0.00791104 0.0 0.0 0.0 1.0
stairs/seq-06/color/frame-000148.color.png stairs/seq-06/color/frame-000149.color.png 0.999984 -0.00334795 -0.00449824 0.00124003 0.00334862 0.999994 0.000143119 0.00554442 0.00449774 -0.000158174 0.99999 -0.00164526 0.0 0.0 0.0 1.0
stairs/seq-06/color/frame-000149.color.png stairs/seq-06/color/frame-000150.color.png 0.999994 0.00135203 0.00311905 -0.00526843 -0.00135989 0.999996 0.0025123 0.00994293 -0.00311565 -0.00251652 0.999992 0.0119968 0.0 0.0 0.0 1.0
stairs/seq-06/color/frame-000150.color.png stairs/seq-06/color/frame-000151.color.png 0.999984 0.00295373 -0.00470733 0.00261532 -0.00284833 0.999749 0.022236 -0.00248873 0.00477183 -0.0222223 0.999742 -0.0163245 0.0 0.0 0.0 1.0
stairs/seq-06/color/frame-000151.color.png stairs/seq-06/color/frame-000152.color.png 0.999992 -0.00383292 0.001163 -0.00219431 0.00382932 0.999988 0.00309775 0.000512674 -0.00117486 -0.00309325 0.999995 0.00457537 0.0 0.0 0.0 1.0
stairs/seq-06/color/frame-000152.color.png stairs/seq-06/color/frame-000153.color.png 0.999981 0.0061042 -0.000449635 0.0017069 -0.00610062 0.999953 0.00758739 0.000576809 0.000495928 -0.00758451 0.999971 -0.0104058 0.0 0.0 0.0 1.0
stairs/seq-06/color/frame-000153.color.png stairs/seq-06/color/frame-000154.color.png 0.999998 -0.00194704 0.000393416 -0.000405628 0.00194321 0.999952 0.0095501 0.00440863 -0.000411995 -0.00954931 0.999954 -0.000312861 0.0 0.0 0.0 1.0
stairs/seq-06/color/frame-000154.color.png stairs/seq-06/color/frame-000155.color.png 0.999968 -0.00801729 0.000729201 -0.00427727 0.00801974 0.999962 -0.00348166 0.0131587 -0.000701258 0.00348739 0.999994 0.00634775 0.0 0.0 0.0 1.0
stairs/seq-06/color/frame-000155.color.png stairs/seq-06/color/frame-000156.color.png 0.999934 0.00795354 0.00830972 -0.00262809 -0.00808193 0.999847 0.0155353 0.00763115 -0.00818489 -0.0156015 0.999845 0.0148823 0.0 0.0 0.0 1.0
stairs/seq-06/color/frame-000156.color.png stairs/seq-06/color/frame-000157.color.png 0.999971 0.00191719 0.00732752 -0.00203844 -0.00196148 0.99998 0.00604182 0.00185108 -0.00731578 -0.00605603 0.999955 0.00373885 0.0 0.0 0.0 1.0
stairs/seq-06/color/frame-000157.color.png stairs/seq-06/color/frame-000158.color.png 0.999983 -0.00117781 0.00566325 0.000475571 0.00115246 0.999989 0.0044809 0.000411168 -0.00566848 -0.00447428 0.999974 0.00417347 0.0 0.0 0.0 1.0
stairs/seq-06/color/frame-000158.color.png stairs/seq-06/color/frame-000159.color.png 0.999998 0.00129538 0.0014558 0.0026788 -0.00130296 0.999986 0.00521088 -0.00170057 -0.00144902 -0.00521277 0.999985 -0.01029 0.0 0.0 0.0 1.0
stairs/seq-06/color/frame-000159.color.png stairs/seq-06/color/frame-000160.color.png 0.999894 0.00204072 0.01445 -0.00956753 -0.00206826 0.999996 0.00189104 0.00984554 -0.0144461 -0.00192073 0.999894 0.0243703 0.0 0.0 0.0 1.0
stairs/seq-06/color/frame-000160.color.png stairs/seq-06/color/frame-000161.color.png 0.999948 0.00149563 0.0101236 -0.00144555 -0.00151308 0.999997 0.00171523 0.00121793 -0.010121 -0.00173046 0.999947 0.00523471 0.0 0.0 0.0 1.0
stairs/seq-06/color/frame-000161.color.png stairs/seq-06/color/frame-000162.color.png 0.999924 0.00369052 0.0117596 -0.00192476 -0.00369669 0.999993 0.000503108 0.00391208 -0.0117576 -0.000546543 0.999931 0.00360826 0.0 0.0 0.0 1.0
stairs/seq-06/color/frame-000162.color.png stairs/seq-06/color/frame-000163.color.png 0.999974 0.00103743 0.00709195 0.00207948 -0.00107462 0.999986 0.00524172 0.00209205 -0.00708642 -0.00524921 0.999961 -0.00904121 0.0 0.0 0.0 1.0
stairs/seq-06/color/frame-000163.color.png stairs/seq-06/color/frame-000164.color.png 0.999849 -0.00143483 0.0173037 -3.23653e-05 0.00124761 0.999941 0.0108265 0.00233056 -0.0173182 -0.0108033 0.999792 0.0151892 0.0 0.0 0.0 1.0
stairs/seq-06/color/frame-000164.color.png stairs/seq-06/color/frame-000165.color.png 0.999973 0.00119647 0.00725024 -0.000104137 -0.00122688 0.99999 0.00418919 -0.000537321 -0.00724518 -0.00419797 0.999965 0.00637141 0.0 0.0 0.0 1.0
stairs/seq-06/color/frame-000165.color.png stairs/seq-06/color/frame-000166.color.png 0.999951 -0.00667992 0.00733229 -0.0012216 0.00666102 0.999974 0.0025975 0.0044551 -0.00734945 -0.00254853 0.99997 -0.00569145 0.0 0.0 0.0 1.0
stairs/seq-06/color/frame-000166.color.png stairs/seq-06/color/frame-000167.color.png 0.999907 -0.000212733 0.0136005 -0.00231731 0.00011545 0.999975 0.00715582 -0.00141276 -0.0136017 -0.00715359 0.999882 0.00726312 0.0 0.0 0.0 1.0
stairs/seq-06/color/frame-000167.color.png stairs/seq-06/color/frame-000168.color.png 0.999817 0.00134028 0.019103 -0.00495067 -0.00144861 0.999983 0.0056579 -0.00332321 -0.0190951 -0.00568454 0.999802 0.00944291 0.0 0.0 0.0 1.0
stairs/seq-06/color/frame-000168.color.png stairs/seq-06/color/frame-000169.color.png 0.999876 0.00154888 0.0156866 0.00260503 -0.00159797 0.999994 0.0031171 0.000702754 -0.0156816 -0.00314178 0.999872 0.0041372 0.0 0.0 0.0 1.0
stairs/seq-06/color/frame-000169.color.png stairs/seq-06/color/frame-000170.color.png 0.99995 -0.00607498 0.00798559 0.00492667 0.00606671 0.999981 0.00106044 0.00285199 -0.00799193 -0.00101194 0.999968 -0.0112056 0.0 0.0 0.0 1.0
stairs/seq-06/color/frame-000170.color.png stairs/seq-06/color/frame-000171.color.png 0.999699 -0.0231231 0.00815671 0.00620246 0.0232007 0.999685 -0.00955999 0.0116605 -0.00793306 0.00974637 0.999921 0.0133367 0.0 0.0 0.0 1.0
stairs/seq-06/color/frame-000171.color.png stairs/seq-06/color/frame-000172.color.png 0.999985 -0.00547621 -0.000428426 0.00268215 0.00547628 0.999985 0.000101735 -0.00117704 0.000427897 -0.000104083 1.0 -0.00365467 0.0 0.0 0.0 1.0
stairs/seq-06/color/frame-000172.color.png stairs/seq-06/color/frame-000173.color.png 0.99988 -0.0152447 -0.00265801 0.00692176 0.0152352 0.999878 -0.00356096 0.00376545 0.00271191 0.00352003 0.99999 -0.00575291 0.0 0.0 0.0 1.0
