stairs/seq-05/color/frame-000000.color.png stairs/seq-05/color/frame-000003.color.png 0.999992 -0.00207417 -0.00334711 -0.00283525 0.00209089 0.999985 0.00499956 -0.000527522 0.00333669 -0.00500651 0.999982 0.000314537 0.0 0.0 0.0 1.0
stairs/seq-05/color/frame-000001.color.png stairs/seq-05/color/frame-000004.color.png 0.999999 0.000517986 -0.00161135 -0.000959823 -0.00051085 0.99999 0.00442564 -0.000175186 0.00161362 -0.00442481 0.999989 0.000957022 0.0 0.0 0.0 1.0
stairs/seq-05/color/frame-000002.color.png stairs/seq-05/color/frame-000005.color.png 1.0 0.000419866 0.000503378 -0.00154953 -0.000421709 0.999993 0.00366813 -0.00047525 -0.000501834 -0.00366834 0.999993 -0.000367894 0.0 0.0 0.0 1.0
stairs/seq-05/color/frame-000003.color.png stairs/seq-05/color/frame-000006.color.png 0.999999 0.000612565 0.000774151 -0.00112244 -0.000616121 0.999989 0.00460105 -0.00131419 -0.000771324 -0.00460152 0.999989 0.000322278 0.0 0.0 0.0 1.0
stairs/seq-05/color/frame-000004.color.png stairs/seq-05/color/frame-000007.color.png 1.0 1.66228e-05 -0.000596395 -0.00136447 -1.45694e-05 0.999994 0.00344236 -0.00114426 0.000596449 -0.00344235 0.999994 0.000720846 0.0 0.0 0.0 1.0
stairs/seq-05/color/frame-000005.color.png stairs/seq-05/color/frame-000008.color.png 0.999992 -0.00340025 -0.00201029 -0.00170012 0.00340808 0.999987 0.00390425 -0.00307219 0.00199699 -0.00391107 0.99999 0.0014091 0.0 0.0 0.0 1.0
stairs/seq-05/color/frame-000006.color.png stairs/seq-05/color/frame-000009.color.png 0.999985 -0.0036677 -0.00415189 -0.0022241 0.00369115 0.999977 0.00565493 -0.00189952 0.00413105 -0.00567018 0.999975 9.9655e-05 0.0 0.0 0.0 1.0
stairs/seq-05/color/frame-000007.color.png stairs/seq-05/color/frame-000010.color.png 0.999988 -0.00358833 -0.00344857 -0.00226651 0.00360704 0.999979 0.00543466 -0.00205519 0.003429 -0.00544703 0.999979 0.00409684 0.0 0.0 0.0 1.0
stairs/seq-05/color/frame-000008.color.png stairs/seq-05/color/frame-000011.color.png 0.999995 0.000531139 -0.00326203 -0.00308733 -0.000511695 0.999982 0.00595874 -0.00206963 0.00326514 -0.00595704 0.999977 0.00231686 0.0 0.0 0.0 1.0
stairs/seq-05/color/frame-000009.color.png stairs/seq-05/color/frame-000012.color.png 0.999999 -0.000350373 -0.00129026 -0.00411378 0.000354736 0.999994 0.00338158 -0.00447863 0.00128907 -0.00338203 0.999994 0.00351818 0.0 0.0 0.0 1.0
stairs/seq-05/color/frame-000010.color.png stairs/seq-05/color/frame-000013.color.png 0.999998 3.82419e-05 -0.00208075 -0.00564018 -2.92485e-05 0.999991 0.00432212 -0.00275695 0.0020809 -0.00432205 0.999989 0.00162822 0.0 0.0 0.0 1.0
stairs/seq-05/color/frame-000011.color.png stairs/seq-05/color/frame-000014.color.png 1.0 -2.0266e-05 -9.65036e-05 -0.00840263 2.08576e-05 0.999981 0.00613739 -0.00365075 9.63782e-05 -0.00613739 0.999981 0.00132392 0.0 0.0 0.0 1.0
stairs/seq-05/color/frame-000012.color.png stairs/seq-05/color/frame-000015.color.png 0.999997 -0.000782564 -0.00249413 -0.00577132 0.000805099 0.999959 0.00904768 -0.00295037 0.00248695 -0.00904967 0.999956 0.00529818 0.0 0.0 0.0 1.0
stairs/seq-05/color/frame-000013.color.png stairs/seq-05/color/frame-000016.color.png 0.999996 0.000802209 -0.00265153 -0.00385099 -0.000767666 0.999915 0.0130031 -0.00506755 0.00266174 -0.013001 0.999912 0.00482748 0.0 0.0 0.0 1.0
stairs/seq-05/color/frame-000014.color.png stairs/seq-05/color/frame-000017.color.png 0.999997 -0.00222844 -0.00137783 -0.0055648 0.00224586 0.999916 0.0127685 -0.00428149 0.00134926 -0.0127715 0.999917 0.0073597 0.0 0.0 0.0 1.0
stairs/seq-05/color/frame-000015.color.png stairs/seq-05/color/frame-000018.color.png 0.999995 -0.00278535 -0.00148158 -0.0107742 0.00280819 0.999874 0.0156468 -0.00685856 0.00143781 -0.0156508 0.999876 0.00217052 0.0 0.0 0.0 1.0
stairs/seq-05/color/frame-000016.color.png stairs/seq-05/color/frame-000019.color.png 0.999965 -0.00385504 -0.00739487 -0.00864924 0.0039695 0.999872 0.0155264 -0.00708544 0.00733407 -0.0155552 0.999852 0.00551899 0.0 0.0 0.0 1.0
stairs/seq-05/color/frame-000017.color.png stairs/seq-05/color/frame-000020.color.png 0.999936 -0.004854 -0.0101965 -0.00509678 0.00500171 0.999882 0.0145115 -0.00800029 0.0101249 -0.0145616 0.999843 0.00622681 0.0 0.0 0.0 1.0
stairs/seq-05/color/frame-000018.color.png stairs/seq-05/color/frame-000021.color.png 0.999942 -0.00272789 -0.0104142 -0.00360597 0.00283043 0.999947 0.00984443 -0.00530471 0.0103868 -0.00987335 0.999897 0.00770119 0.0 0.0 0.0 1.0
stairs/seq-05/color/frame-000019.color.png stairs/seq-05/color/frame-000022.color.png 0.999999 -0.0014107 -0.000190765 -0.0121286 0.00141164 0.999986 0.00506127 -0.00358096 0.000183619 -0.00506154 0.999987 0.00215464 0.0 0.0 0.0 1.0
stairs/seq-05/color/frame-000020.color.png stairs/seq-05/color/frame-000023.color.png 0.999981 0.00462159 0.00402999 -0.0144664 -0.00464936 0.999965 0.00690799 -0.00738675 -0.00399793 -0.0069266 0.999968 -0.000527712 0.0 0.0 0.0 1.0
stairs/seq-05/color/frame-000021.color.png stairs/seq-05/color/frame-000024.color.png 0.999974 0.00263835 0.00672394 -0.0148703 -0.00268484 0.999973 0.00691397 -0.00867668 -0.00670552 -0.00693184 0.999954 0.000615675 0.0 0.0 0.0 1.0
stairs/seq-05/color/frame-000022.color.png stairs/seq-05/color/frame-000025.color.png 0.999958 0.00696089 0.00589107 -0.0153353 -0.00701529 0.999932 0.00926522 -0.00948878 -0.00582617 -0.00930616 0.99994 -0.000333397 0.0 0.0 0.0 1.0
stairs/seq-05/color/frame-000023.color.png stairs/seq-05/color/frame-000026.color.png 0.999942 0.00907503 0.00572813 -0.0124023 -0.00912824 0.999915 0.00933271 -0.00861989 -0.00564295 -0.00938446 0.99994 0.00830754 0.0 0.0 0.0 1.0
stairs/seq-05/color/frame-000024.color.png stairs/seq-05/color/frame-000027.color.png 0.999878 0.0145832 0.00566766 -0.0183102 -0.0146434 0.999835 0.0107425 -0.0102204 -0.00551007 -0.0108242 0.999926 0.0018382 0.0 0.0 0.0 1.0
stairs/seq-05/color/frame-000025.color.png stairs/seq-05/color/frame-000028.color.png 0.999922 0.0120167 0.00327244 -0.014425 -0.012058 0.999844 0.0128962 -0.0131167 -0.00311697 -0.0129347 0.999911 0.0113661 0.0 0.0 0.0 1.0
stairs/seq-05/color/frame-000026.color.png stairs/seq-05/color/frame-000029.color.png 0.999947 0.00934206 0.00439978 -0.0292864 -0.00939287 0.999888 0.0116724 -0.009852 -0.00429024 -0.0117132 0.999922 0.00512357 0.0 0.0 0.0 1.0
stairs/seq-05/color/frame-000027.color.png stairs/seq-05/color/frame-000030.color.png 0.999995 0.0030054 -0.000438041 -0.0159373 -0.00299994 0.999924 0.0119758 -0.0110606 0.000474 -0.0119745 0.999928 0.0148685 0.0 0.0 0.0 1.0
stairs/seq-05/color/frame-000028.color.png stairs/seq-05/color/frame-000031.color.png 0.999991 0.00405179 -0.00105933 -0.0155053 -0.00404419 0.999967 0.00707796 -0.00898915 0.00108798 -0.00707359 0.999974 0.0158186 0.0 0.0 0.0 1.0
stairs/seq-05/color/frame-000029.color.png stairs/seq-05/color/frame-000032.color.png 0.999978 -0.00255485 -0.00606031 -0.00595313 0.00256708 0.999995 0.0020101 -0.00897788 0.00605515 -0.00202562 0.99998 0.0197071 0.0 0.0 0.0 1.0
stairs/seq-05/color/frame-000030.color.png stairs/seq-05/color/frame-000033.color.png 0.999971 -0.0023807 -0.00727232 -0.0123935 0.00236674 0.999995 -0.00192645 -0.00408609 0.00727687 0.0019092 0.999972 0.0238222 0.0 0.0 0.0 1.0
stairs/seq-05/color/frame-000031.color.png stairs/seq-05/color/frame-000034.color.png 0.999962 -0.00241174 -0.0084057 -0.0053976 0.00237005 0.999985 -0.00496711 -0.00671716 0.00841755 0.00494702 0.999952 0.0264729 0.0 0.0 0.0 1.0
stairs/seq-05/color/frame-000032.color.png stairs/seq-05/color/frame-000035.color.png 0.99999 0.00355779 -0.00265436 -0.00790299 -0.00355869 0.999994 -0.000335822 -0.017981 0.00265314 0.000345261 0.999996 0.0223216 0.0 0.0 0.0 1.0
stairs/seq-05/color/frame-000033.color.png stairs/seq-05/color/frame-000036.color.png 0.999952 0.00312183 0.00924312 -0.0117434 -0.00305581 0.99997 -0.00714856 -0.00973824 -0.00926516 0.00711996 0.999932 0.0243849 0.0 0.0 0.0 1.0
stairs/seq-05/color/frame-000034.color.png stairs/seq-05/color/frame-000037.color.png 0.999889 0.00543646 0.013867 -0.0160692 -0.0053754 0.999976 -0.00443652 -0.00646876 -0.0138908 0.00436149 0.999894 0.0193657 0.0 0.0 0.0 1.0
stairs/seq-05/color/frame-000035.color.png stairs/seq-05/color/frame-000038.color.png 0.999873 0.00224035 0.0157704 -0.00796 -0.0022276 0.999997 -0.000825689 -0.0145717 -0.0157722 0.000790456 0.999875 0.0197436 0.0 0.0 0.0 1.0
stairs/seq-05/color/frame-000036.color.png stairs/seq-05/color/frame-000039.color.png 0.999859 -0.00406054 0.0163038 -0.00609299 0.00416926 0.999969 -0.00664031 -0.00740695 -0.0162763 0.00670734 0.999845 0.0302472 0.0 0.0 0.0 1.0
stairs/seq-05/color/frame-000037.color.png stairs/seq-05/color/frame-000040.color.png 0.999799 -0.0145144 0.0138514 -0.00668456 0.0146987 0.999803 -0.0133033 -0.0132008 -0.0136555 0.0135042 0.999816 0.0312237 0.0 0.0 0.0 1.0
stairs/seq-05/color/frame-000038.color.png stairs/seq-05/color/frame-000041.color.png 0.999717 -0.0159688 0.0176134 -0.0111332 0.0163052 0.999684 -0.0191242 -0.0158774 -0.0173025 0.0194059 0.999662 0.0286262 0.0 0.0 0.0 1.0
stairs/seq-05/color/frame-000039.color.png stairs/seq-05/color/frame-000042.color.png 0.999806 -0.0129394 0.0148626 -0.017726 0.0132327 0.999716 -0.0198066 -0.00697911 -0.0146021 0.0199994 0.999693 0.0195246 0.0 0.0 0.0 1.0
stairs/seq-05/color/frame-000040.color.png stairs/seq-05/color/frame-000043.color.png 0.999691 -0.0191958 0.015804 -0.026097 0.0195115 0.999608 -0.0200649 -0.00274255 -0.0154126 0.020367 0.999674 0.0157535 0.0 0.0 0.0 1.0
stairs/seq-05/color/frame-000041.color.png stairs/seq-05/color/frame-000044.color.png 0.999801 -0.0191213 0.00575583 -0.0121922 0.0191585 0.999795 -0.00648275 -0.0113665 -0.0056307 0.00659172 0.999962 0.0227337 0.0 0.0 0.0 1.0
stairs/seq-05/color/frame-000042.color.png stairs/seq-05/color/frame-000045.color.png 0.999709 -0.0210565 0.011805 -0.0203259 0.0211022 0.99977 -0.00376227 -0.00905819 -0.011723 0.00401029 0.999923 0.0230716 0.0 0.0 0.0 1.0
stairs/seq-05/color/frame-000043.color.png stairs/seq-05/color/frame-000046.color.png 0.999867 -0.0133181 0.00940766 -0.0100209 0.0132877 0.999906 0.0032902 -0.00847024 -0.0094506 -0.00316477 0.99995 0.0216267 0.0 0.0 0.0 1.0
stairs/seq-05/color/frame-000044.color.png stairs/seq-05/color/frame-000047.color.png 0.999886 -0.0132163 0.00734328 -0.0097926 0.013166 0.99989 0.00685115 -0.0315832 -0.00743302 -0.0067537 0.99995 0.0203619 0.0 0.0 0.0 1.0
stairs/seq-05/color/frame-000045.color.png stairs/seq-05/color/frame-000048.color.png 0.999901 -0.0113462 0.00831219 -0.00733905 0.0114033 0.999911 -0.00685978 -0.00611103 -0.00823362 0.00695388 0.999942 0.0253917 0.0 0.0 0.0 1.0
stairs/seq-05/color/frame-000046.color.png stairs/seq-05/color/frame-000049.color.png 0.999727 -0.00981892 0.0212012 -0.0130086 0.00997848 0.999922 -0.00743278 -0.011373 -0.0211266 0.00764231 0.999748 0.0251307 0.0 0.0 0.0 1.0
stairs/seq-05/color/frame-000047.color.png stairs/seq-05/color/frame-000050.color.png 0.999708 -0.00962561 0.0221668 -0.00748802 0.00975491 0.999936 -0.00573164 7.19279e-05 -0.0221102 0.0059462 0.999738 0.00862633 0.0 0.0 0.0 1.0
stairs/seq-05/color/frame-000048.color.png stairs/seq-05/color/frame-000051.color.png 0.99973 -0.00681495 0.0222075 -0.00917304 0.00668398 0.99996 0.00596665 -0.00437061 -0.0222472 -0.0058166 0.999736 0.0145898 0.0 0.0 0.0 1.0
stairs/seq-05/color/frame-000049.color.png stairs/seq-05/color/frame-000052.color.png 0.999757 -0.0139027 0.0171078 -0.00608191 0.0137461 0.999863 0.00923717 -0.00685916 -0.0172338 -0.00899976 0.999811 0.0164038 0.0 0.0 0.0 1.0
stairs/seq-05/color/frame-000050.color.png stairs/seq-05/color/frame-000053.color.png 0.999661 -0.0176028 0.0192056 -0.00538053 0.0173919 0.999787 0.0110937 -0.00600007 -0.0193968 -0.010756 0.999754 0.0174853 0.0 0.0 0.0 1.0
stairs/seq-05/color/frame-000051.color.png stairs/seq-05/color/frame-000054.color.png 0.999655 -0.0169236 0.0200893 -0.0118629 0.0166999 0.999797 0.0112513 -0.0075498 -0.0202756 -0.0109119 0.999735 0.0120931 0.0 0.0 0.0 1.0
stairs/seq-05/color/frame-000052.color.png stairs/seq-05/color/frame-000055.color.png 0.99975 -0.0157784 0.0158299 -0.010166 0.015456 0.999675 0.0202874 -0.0137035 -0.0161449 -0.0200377 0.999669 0.00710823 0.0 0.0 0.0 1.0
stairs/seq-05/color/frame-000053.color.png stairs/seq-05/color/frame-000056.color.png 0.999775 -0.00974176 0.0188558 -0.00793295 0.00928953 0.999671 0.0239245 -0.018032 -0.0190827 -0.0237439 0.999536 0.0047662 0.0 0.0 0.0 1.0
stairs/seq-05/color/frame-000054.color.png stairs/seq-05/color/frame-000057.color.png 0.999784 -0.00894002 0.0187856 -0.00174543 0.00857405 0.999774 0.0194715 -0.0122285 -0.0189554 -0.0193063 0.999634 0.00872728 0.0 0.0 0.0 1.0
stairs/seq-05/color/frame-000055.color.png stairs/seq-05/color/frame-000058.color.png 0.999757 -0.0114567 0.0188472 -0.0102526 0.0111459 0.999802 0.0165139 -0.0121861 -0.0190327 -0.0162998 0.999686 0.0111056 0.0 0.0 0.0 1.0
stairs/seq-05/color/frame-000056.color.png stairs/seq-05/color/frame-000059.color.png 0.999832 -0.00487548 0.0176578 -0.00759901 0.00452846 0.999797 0.0196388 -0.0204557 -0.01775 -0.0195555 0.999651 0.00526051 0.0 0.0 0.0 1.0
stairs/seq-05/color/frame-000057.color.png stairs/seq-05/color/frame-000060.color.png 0.99977 -0.010683 0.0186036 -0.0111933 0.0103476 0.999784 0.0180342 -0.0137722 -0.0187922 -0.0178376 0.999664 0.00908686 0.0 0.0 0.0 1.0
stairs/seq-05/color/frame-000058.color.png stairs/seq-05/color/frame-000061.color.png 0.999692 -0.00879364 0.0231862 -0.014109 0.00814886 0.999581 0.0277579 -0.0385877 -0.0234206 -0.0275604 0.999346 0.0159487 0.0 0.0 0.0 1.0
stairs/seq-05/color/frame-000059.color.png stairs/seq-05/color/frame-000062.color.png 0.999715 -0.0110639 0.0211415 -0.0218994 0.0106695 0.999769 0.018678 -0.0321931 -0.0213433 -0.0184471 0.999602 0.0167997 0.0 0.0 0.0 1.0
stairs/seq-05/color/frame-000060.color.png stairs/seq-05/color/frame-000063.color.png 0.999678 -0.00531205 0.0247949 -0.0163403 0.00501101 0.999913 0.0121863 -0.0302363 -0.0248575 -0.0120581 0.999618 0.0116652 0.0 0.0 0.0 1.0
stairs/seq-05/color/frame-000061.color.png stairs/seq-05/color/frame-000064.color.png 0.999541 -0.0141134 0.0267959 -0.00556666 0.0142286 0.99989 -0.00411475 -0.00178848 -0.0267349 0.00449414 0.999633 0.0048297 0.0 0.0 0.0 1.0
stairs/seq-05/color/frame-000062.color.png stairs/seq-05/color/frame-000065.color.png 0.998775 -0.0274367 0.0411732 -0.0180003 0.0274911 0.999622 -0.000755372 -0.00436655 -0.0411369 0.00188636 0.999152 0.00713521 0.0 0.0 0.0 1.0
stairs/seq-05/color/frame-000063.color.png stairs/seq-05/color/frame-000066.color.png 0.998473 -0.0316288 0.0452848 -0.0446443 0.0316925 0.999497 -0.000687612 -0.00779574 -0.0452403 0.00212175 0.998974 0.0159738 0.0 0.0 0.0 1.0
stairs/seq-05/color/frame-000064.color.png stairs/seq-05/color/frame-000067.color.png 0.999228 -0.0246202 0.0306314 -0.030203 0.0244411 0.999682 0.00620941 -0.0215604 -0.0307746 -0.00545595 0.999511 0.00820234 0.0 0.0 0.0 1.0
stairs/seq-05/color/frame-000065.color.png stairs/seq-05/color/frame-000068.color.png 0.999715 -0.0130991 0.0199707 -0.0192992 0.0130721 0.999914 0.00148029 -0.0244729 -0.0199884 -0.00121883 0.999799 0.0125498 0.0 0.0 0.0 1.0
stairs/seq-05/color/frame-000066.color.png stairs/seq-05/color/frame-000069.color.png 0.999813 -0.0096612 0.0167606 -0.0137025 0.00981814 0.999908 -0.00930776 -0.0116472 -0.0166692 0.00947058 0.999816 0.0164452 0.0 0.0 0.0 1.0
stairs/seq-05/color/frame-000067.color.png stairs/seq-05/color/frame-000070.color.png 0.99959 -0.0158195 0.0238632 -0.0344015 0.0160923 0.999807 -0.0112852 -0.0141284 -0.02368 0.0116645 0.999652 0.0166193 0.0 0.0 0.0 1.0
stairs/seq-05/color/frame-000068.color.png stairs/seq-05/color/frame-000071.color.png 0.999812 -0.0141306 0.0132446 -0.0272129 0.0142985 0.999818 -0.0126635 -0.0152346 -0.0130633 0.0128505 0.999832 0.0146786 0.0 0.0 0.0 1.0
stairs/seq-05/color/frame-000069.color.png stairs/seq-05/color/frame-000072.color.png 0.999816 -0.0132118 0.0139273 -0.0304775 0.0133655 0.99985 -0.0110012 -0.0176047 -0.0137799 0.0111853 0.999842 0.0150923 0.0 0.0 0.0 1.0
stairs/seq-05/color/frame-000070.color.png stairs/seq-05/color/frame-000073.color.png 0.99986 -0.0127682 0.010835 -0.0231877 0.0128387 0.999897 -0.00646164 -0.024145 -0.0107513 0.00659985 0.99992 0.0307702 0.0 0.0 0.0 1.0
stairs/seq-05/color/frame-000071.color.png stairs/seq-05/color/frame-000074.color.png 0.999816 -0.0170061 0.00889686 -0.0130537 0.01706 0.999836 -0.00602817 -0.0102892 -0.00879287 0.00617883 0.999942 0.0194223 0.0 0.0 0.0 1.0
stairs/seq-05/color/frame-000072.color.png stairs/seq-05/color/frame-000075.color.png 0.999828 -0.0114344 0.0146248 -0.0255287 0.0114956 0.999925 -0.00410922 -0.0143561 -0.0145767 0.00427665 0.999885 0.0164833 0.0 0.0 0.0 1.0
stairs/seq-05/color/frame-000073.color.png stairs/seq-05/color/frame-000076.color.png 0.999726 -0.0151657 0.0178127 -0.0322144 0.0152079 0.999882 -0.00223598 -0.0150937 -0.0177767 0.00250628 0.999839 0.0178297 0.0 0.0 0.0 1.0
stairs/seq-05/color/frame-000074.color.png stairs/seq-05/color/frame-000077.color.png 0.999775 -0.0140098 0.015942 -0.0276405 0.0140929 0.999888 -0.00510573 -0.00913846 -0.0158687 0.00532924 0.99986 0.0190081 0.0 0.0 0.0 1.0
stairs/seq-05/color/frame-000075.color.png stairs/seq-05/color/frame-000078.color.png 0.999537 -0.0110077 0.0283697 -0.0614351 0.0105655 0.999821 0.0156901 -0.0490516 -0.0285373 -0.0153831 0.999474 0.0163582 0.0 0.0 0.0 1.0
stairs/seq-05/color/frame-000076.color.png stairs/seq-05/color/frame-000079.color.png 0.99997 -0.00563845 0.00523072 -0.0124144 0.0056522 0.999981 -0.00261904 -0.0019857 -0.00521591 0.0026485 0.999983 0.0173214 0.0 0.0 0.0 1.0
stairs/seq-05/color/frame-000077.color.png stairs/seq-05/color/frame-000080.color.png 0.999919 -0.0122928 0.00334576 -0.00940216 0.0123007 0.999922 -0.00233742 -0.00667968 -0.00331678 0.0023784 0.999992 0.0192257 0.0 0.0 0.0 1.0
stairs/seq-05/color/frame-000078.color.png stairs/seq-05/color/frame-000081.color.png 0.999905 -0.0115747 0.00746913 -0.0184222 0.0115998 0.999927 -0.00332336 -0.00773686 -0.00743009 0.0034097 0.999967 0.0115481 0.0 0.0 0.0 1.0
stairs/seq-05/color/frame-000079.color.png stairs/seq-05/color/frame-000082.color.png 0.999759 -0.0128056 0.0178038 -0.0413893 0.0127597 0.999915 0.00269134 -0.0266754 -0.0178367 -0.00246353 0.999838 0.0136701 0.0 0.0 0.0 1.0
stairs/seq-05/color/frame-000080.color.png stairs/seq-05/color/frame-000083.color.png 0.999904 -0.0109758 0.00846279 -0.0161133 0.0110098 0.999931 -0.00397983 -0.00250554 -0.00841843 0.00407265 0.999956 0.016951 0.0 0.0 0.0 1.0
stairs/seq-05/color/frame-000081.color.png stairs/seq-05/color/frame-000084.color.png 0.999918 -0.00748975 0.0103961 -0.0211712 0.00752353 0.999967 -0.00321334 -0.00303516 -0.0103716 0.00329129 0.999941 0.0134712 0.0 0.0 0.0 1.0
stairs/seq-05/color/frame-000082.color.png stairs/seq-05/color/frame-000085.color.png 0.999905 -0.0121146 0.00663789 -0.0118701 0.0120897 0.99992 0.00378324 -0.00996429 -0.00668318 -0.0037026 0.999971 0.00344339 0.0 0.0 0.0 1.0
stairs/seq-05/color/frame-000083.color.png stairs/seq-05/color/frame-000086.color.png 0.999823 -0.016585 0.00886617 -0.0190454 0.0164747 0.999788 0.0123675 -0.0224551 -0.00906944 -0.0122192 0.999884 0.00994217 0.0 0.0 0.0 1.0
stairs/seq-05/color/frame-000084.color.png stairs/seq-05/color/frame-000087.color.png 0.99993 -0.0112482 0.00375095 -0.00656167 0.0112192 0.999908 0.00767138 -0.0067648 -0.00383695 -0.00762873 0.999964 0.0112002 0.0 0.0 0.0 1.0
stairs/seq-05/color/frame-000085.color.png stairs/seq-05/color/frame-000088.color.png 0.999894 -0.01216 0.00794989 -0.0182516 0.0120632 0.999854 0.0121204 -0.0148851 -0.00809616 -0.0120233 0.999895 0.00931621 0.0 0.0 0.0 1.0
stairs/seq-05/color/frame-000086.color.png stairs/seq-05/color/frame-000089.color.png 0.999051 0.00398874 0.0433769 -0.102272 -0.00518161 0.99961 0.0274227 -0.0531534 -0.0432506 -0.0276214 0.998682 -0.00561938 0.0 0.0 0.0 1.0
stairs/seq-05/color/frame-000087.color.png stairs/seq-05/color/frame-000090.color.png 0.999863 -0.0146791 -0.00767088 0.0131238 0.0147822 0.999799 0.013561 -0.0184155 0.00747033 -0.0136725 0.999879 0.0140134 0.0 0.0 0.0 1.0
stairs/seq-05/color/frame-000088.color.png stairs/seq-05/color/frame-000091.color.png 0.999991 -0.00290475 -0.00315843 0.00633043 0.00292991 0.999964 0.00800463 -0.0125653 0.00313515 -0.0080138 0.999963 0.0186095 0.0 0.0 0.0 1.0
stairs/seq-05/color/frame-000089.color.png stairs/seq-05/color/frame-000092.color.png 0.999999 0.00105047 0.000775326 -0.000662416 -0.00105676 0.999966 0.00815046 -0.021309 -0.000766724 -0.00815122 0.999967 0.0206778 0.0 0.0 0.0 1.0
stairs/seq-05/color/frame-000090.color.png stairs/seq-05/color/frame-000093.color.png 0.999772 0.0100906 0.0188417 -0.0364664 -0.0102431 0.999915 0.0080175 -0.0263857 -0.0187593 -0.00820866 0.99979 0.0148427 0.0 0.0 0.0 1.0
stairs/seq-05/color/frame-000091.color.png stairs/seq-05/color/frame-000094.color.png 0.999999 -0.000373588 0.00170067 0.00617898 0.00036949 0.999997 0.0024305 -0.00913778 -0.00170163 -0.00242985 0.999996 0.0227187 0.0 0.0 0.0 1.0
stairs/seq-05/color/frame-000092.color.png stairs/seq-05/color/frame-000095.color.png 0.999989 -0.00407511 0.00231913 0.00225213 0.00406496 0.999982 0.00435331 -0.0158066 -0.00233687 -0.00434385 0.999988 0.0189666 0.0 0.0 0.0 1.0
stairs/seq-05/color/frame-000093.color.png stairs/seq-05/color/frame-000096.color.png 0.999992 -0.00381225 -0.000553385 0.00204495 0.00381205 0.999993 -0.000348752 -0.00894034 0.000554734 0.000346645 1.0 0.0232502 0.0 0.0 0.0 1.0
stairs/seq-05/color/frame-000094.color.png stairs/seq-05/color/frame-000097.color.png 0.999992 -0.00186975 0.00363699 -0.0146631 0.00186869 0.999998 0.000294213 -0.0129178 -0.00363758 -0.00028746 0.999993 0.0228188 0.0 0.0 0.0 1.0
stairs/seq-05/color/frame-000095.color.png stairs/seq-05/color/frame-000098.color.png 0.99999 -0.0043724 -0.000573846 -0.0020934 0.00437178 0.99999 -0.00112305 -0.00959325 0.000578732 0.00112052 0.999999 0.0253297 0.0 0.0 0.0 1.0
stairs/seq-05/color/frame-000096.color.png stairs/seq-05/color/frame-000099.color.png 0.999967 -0.00309498 0.00755597 -0.00231346 0.00310094 0.999995 -0.000775265 -0.011801 -0.0075535 0.000798673 0.999971 0.0262957 0.0 0.0 0.0 1.0
stairs/seq-05/color/frame-000097.color.png stairs/seq-05/color/frame-000100.color.png 0.999915 0.00142322 0.0129349 -0.00805083 -0.0014911 0.999985 0.00523899 -0.0177162 -0.0129272 -0.00525782 0.999903 0.0240029 0.0 0.0 0.0 1.0
stairs/seq-05/color/frame-000098.color.png stairs/seq-05/color/frame-000101.color.png 0.999883 0.00121154 0.0152156 -0.00821078 -0.00135711 0.999953 0.00955866 -0.0235395 -0.0152033 -0.00957816 0.999839 0.0196941 0.0 0.0 0.0 1.0
stairs/seq-05/color/frame-000099.color.png stairs/seq-05/color/frame-000102.color.png 0.999925 0.00102156 0.0122238 -0.00596929 -0.00103899 0.999998 0.00142138 -0.00796294 -0.0122223 -0.00143398 0.999924 0.0143982 0.0 0.0 0.0 1.0
stairs/seq-05/color/frame-000100.color.png stairs/seq-05/color/frame-000103.color.png 0.999221 -0.00391424 0.0392691 -0.0510382 0.00366225 0.999972 0.00648635 -0.0345261 -0.0392935 -0.00633748 0.999207 0.0225249 0.0 0.0 0.0 1.0
stairs/seq-05/color/frame-000101.color.png stairs/seq-05/color/frame-000104.color.png 0.998716 0.00319747 0.0505624 -0.0714134 -0.00346135 0.999981 0.00513281 -0.040942 -0.0505451 -0.00530123 0.998708 0.0150795 0.0 0.0 0.0 1.0
stairs/seq-05/color/frame-000102.color.png stairs/seq-05/color/frame-000105.color.png 0.999613 -0.00454007 0.0274376 -0.0171234 0.00480755 0.999942 -0.00969067 -0.0120089 -0.0273921 0.00981882 0.999577 0.0193766 0.0 0.0 0.0 1.0
stairs/seq-05/color/frame-000103.color.png stairs/seq-05/color/frame-000106.color.png 0.999793 -0.00226775 0.0202158 -0.0154569 0.00249877 0.999932 -0.0114093 0.000628769 -0.0201885 0.0114575 0.999731 0.0110308 0.0 0.0 0.0 1.0
stairs/seq-05/color/frame-000104.color.png stairs/seq-05/color/frame-000107.color.png 0.999812 -0.00703448 0.0180676 -0.0154328 0.00724495 0.999906 -0.011609 0.00796652 -0.0179842 0.0117378 0.999769 0.0174453 0.0 0.0 0.0 1.0
stairs/seq-05/color/frame-000105.color.png stairs/seq-05/color/frame-000108.color.png 0.999113 -0.0143602 0.0395885 -0.0695355 0.0136049 0.999721 0.0192834 -0.0563904 -0.0398543 -0.0187277 0.99903 0.0214429 0.0 0.0 0.0 1.0
stairs/seq-05/color/frame-000106.color.png stairs/seq-05/color/frame-000109.color.png 0.999848 -0.0140085 0.0103931 -0.00432819 0.0140384 0.999897 -0.00280484 -0.0061565 -0.0103527 0.00295034 0.999942 0.0223633 0.0 0.0 0.0 1.0
stairs/seq-05/color/frame-000107.color.png stairs/seq-05/color/frame-000110.color.png 0.999927 -0.00797438 0.00908556 0.000708073 0.00801538 0.999958 -0.00448904 -0.00462732 -0.00904947 0.00456152 0.999949 0.0206698 0.0 0.0 0.0 1.0
stairs/seq-05/color/frame-000108.color.png stairs/seq-05/color/frame-000111.color.png 0.999976 -0.00397572 0.00571481 0.00444645 0.00400266 0.999981 -0.00472305 -0.00678742 -0.00569592 0.00474584 0.999973 0.0182434 0.0 0.0 0.0 1.0
stairs/seq-05/color/frame-000109.color.png stairs/seq-05/color/frame-000112.color.png 0.999945 -0.00128918 0.010416 -0.00400949 0.00140081 0.999942 -0.0107217 0.00431219 -0.0104016 0.0107357 0.999888 0.0187768 0.0 0.0 0.0 1.0
stairs/seq-05/color/frame-000110.color.png stairs/seq-05/color/frame-000113.color.png 0.999846 -0.00968825 0.0146182 -0.00517085 0.00995982 0.999777 -0.0186202 0.0117755 -0.0144345 0.0187629 0.99972 0.0220771 0.0 0.0 0.0 1.0
stairs/seq-05/color/frame-000111.color.png stairs/seq-05/color/frame-000114.color.png 0.999822 -0.00856324 0.0167875 -0.0131411 0.00876642 0.999889 -0.0120653 -0.000574529 -0.0166824 0.0122103 0.999786 0.0186769 0.0 0.0 0.0 1.0
stairs/seq-05/color/frame-000112.color.png stairs/seq-05/color/frame-000115.color.png 0.999867 -0.013958 0.00847618 0.00719494 0.0139887 0.999896 -0.0035687 -0.0206985 -0.00842552 0.0036868 0.999958 0.0159217 0.0 0.0 0.0 1.0
stairs/seq-05/color/frame-000113.color.png stairs/seq-05/color/frame-000116.color.png 0.999904 -0.00760179 0.0116305 -0.00531077 0.00761655 0.99997 -0.0012246 -0.0114976 -0.0116209 0.00131305 0.999932 0.0111126 0.0 0.0 0.0 1.0
stairs/seq-05/color/frame-000114.color.png stairs/seq-05/color/frame-000117.color.png 0.99989 -0.0076301 0.0127029 -0.00724566 0.00769043 0.999959 -0.00470304 -0.00328788 -0.0126665 0.00480018 0.999908 0.013571 0.0 0.0 0.0 1.0
stairs/seq-05/color/frame-000115.color.png stairs/seq-05/color/frame-000118.color.png 0.999869 -0.00796653 0.0140721 -0.0163665 0.00806032 0.999946 -0.00662485 0.00821185 -0.0140185 0.00673742 0.999879 0.0137129 0.0 0.0 0.0 1.0
stairs/seq-05/color/frame-000116.color.png stairs/seq-05/color/frame-000119.color.png 0.999972 -0.0074833 -0.000444825 0.0165849 0.00748635 0.999946 0.00721709 -0.014743 0.000390798 -0.00722024 0.999974 0.0102103 0.0 0.0 0.0 1.0
stairs/seq-05/color/frame-000117.color.png stairs/seq-05/color/frame-000120.color.png 0.999948 -0.00740487 0.00705902 0.00463974 0.00738937 0.99997 0.0022137 -0.0027428 -0.00707518 -0.00216144 0.999973 0.00963831 0.0 0.0 0.0 1.0
stairs/seq-05/color/frame-000118.color.png stairs/seq-05/color/frame-000121.color.png 0.999658 -0.00114289 0.0261342 -0.0347851 0.000726885 0.999873 0.0159222 -0.0381252 -0.026149 -0.0158978 0.999532 0.0199837 0.0 0.0 0.0 1.0
stairs/seq-05/color/frame-000119.color.png stairs/seq-05/color/frame-000122.color.png 0.999621 0.00240308 0.0274265 -0.0381674 -0.0028991 0.999833 0.0180577 -0.0472006 -0.0273785 -0.0181303 0.999461 0.0153508 0.0 0.0 0.0 1.0
stairs/seq-05/color/frame-000120.color.png stairs/seq-05/color/frame-000123.color.png 0.999812 -0.0108727 0.0160597 -0.00443155 0.0107389 0.999907 0.00839459 -0.0273789 -0.0161495 -0.0082205 0.999836 0.0175589 0.0 0.0 0.0 1.0
stairs/seq-05/color/frame-000121.color.png stairs/seq-05/color/frame-000124.color.png 0.999812 -0.00399588 0.0189951 -0.00964707 0.00391987 0.999984 0.00403988 -0.0218361 -0.019011 -0.00396464 0.999811 0.0247115 0.0 0.0 0.0 1.0
stairs/seq-05/color/frame-000122.color.png stairs/seq-05/color/frame-000125.color.png 0.999797 -0.00541513 0.0194175 -0.0116261 0.00539811 0.999985 0.000926935 -0.0217846 -0.0194222 -0.000821869 0.999811 0.0285733 0.0 0.0 0.0 1.0
stairs/seq-05/color/frame-000123.color.png stairs/seq-05/color/frame-000126.color.png 0.999812 -0.00526397 0.0186565 -0.0327104 0.00530015 0.999984 -0.00189025 -0.015245 -0.0186462 0.00198877 0.999824 0.0242059 0.0 0.0 0.0 1.0
stairs/seq-05/color/frame-000124.color.png stairs/seq-05/color/frame-000127.color.png 0.999978 -0.00421522 0.0051047 0.00727662 0.00423971 0.999979 -0.00480128 -0.00737113 -0.00508439 0.00482277 0.999975 0.0256438 0.0 0.0 0.0 1.0
stairs/seq-05/color/frame-000125.color.png stairs/seq-05/color/frame-000128.color.png 0.999922 -0.00839193 0.00928177 0.00242001 0.00851241 0.999879 -0.0130135 0.00205576 -0.00917155 0.0130914 0.999872 0.0247667 0.0 0.0 0.0 1.0
stairs/seq-05/color/frame-000126.color.png stairs/seq-05/color/frame-000129.color.png 0.9998 -0.00773963 0.0184633 -0.0116078 0.00809 0.999787 -0.0189774 0.00810176 -0.0183124 0.019123 0.999649 0.0281246 0.0 0.0 0.0 1.0
stairs/seq-05/color/frame-000127.color.png stairs/seq-05/color/frame-000130.color.png 0.999843 -0.00410962 0.017232 -0.0154771 0.00448765 0.999749 -0.0219571 0.0209401 -0.0171374 0.022031 0.99961 0.0288814 0.0 0.0 0.0 1.0
stairs/seq-05/color/frame-000128.color.png stairs/seq-05/color/frame-000131.color.png 0.999883 -0.00633521 0.0139275 -0.0205824 0.00642392 0.999959 -0.00633591 -0.00271958 -0.0138867 0.00642467 0.999883 0.02369 0.0 0.0 0.0 1.0
stairs/seq-05/color/frame-000129.color.png stairs/seq-05/color/frame-000132.color.png 0.999989 -0.00394115 0.00273536 0.00288484 0.00394254 0.999992 -0.000501029 -0.0079878 -0.00273342 0.00051183 0.999996 0.0257413 0.0 0.0 0.0 1.0
stairs/seq-05/color/frame-000130.color.png stairs/seq-05/color/frame-000133.color.png 0.999895 -0.0138994 0.00401726 -0.000937462 0.0138838 0.999896 0.00389923 -0.0235007 -0.00407105 -0.00384305 0.999984 0.0202709 0.0 0.0 0.0 1.0
stairs/seq-05/color/frame-000131.color.png stairs/seq-05/color/frame-000134.color.png 0.999931 -0.0108346 0.00461476 0.00598672 0.0108655 0.999918 -0.00674499 0.00346565 -0.0045413 0.00679467 0.999967 0.0227429 0.0 0.0 0.0 1.0
stairs/seq-05/color/frame-000132.color.png stairs/seq-05/color/frame-000135.color.png 0.999842 -0.0120568 0.0130424 -0.0163234 0.0120528 0.999927 0.000384391 -0.0122101 -0.013046 -0.000227177 0.999915 0.0226169 0.0 0.0 0.0 1.0
stairs/seq-05/color/frame-000133.color.png stairs/seq-05/color/frame-000136.color.png 0.999745 -0.0182099 0.0133667 -0.0257778 0.0182401 0.999831 -0.00214637 -0.00582469 -0.0133254 0.00238963 0.999908 0.0176932 0.0 0.0 0.0 1.0
stairs/seq-05/color/frame-000134.color.png stairs/seq-05/color/frame-000137.color.png 0.999847 -0.0170144 0.0040715 -0.00766814 0.0169969 0.999846 0.0043064 -0.0260952 -0.0041441 -0.00423656 0.999982 0.0210171 0.0 0.0 0.0 1.0
stairs/seq-05/color/frame-000135.color.png stairs/seq-05/color/frame-000138.color.png 0.99996 -0.0082617 0.00344736 -0.00941083 0.00823713 0.999941 0.00709555 -0.0362481 -0.00350577 -0.00706681 0.999969 0.0196214 0.0 0.0 0.0 1.0
stairs/seq-05/color/frame-000136.color.png stairs/seq-05/color/frame-000139.color.png 0.999974 -0.00657901 -0.00294332 0.00801143 0.00659202 0.999968 0.00442552 -0.0367128 0.00291407 -0.00444483 0.999986 0.0136819 0.0 0.0 0.0 1.0
stairs/seq-05/color/frame-000137.color.png stairs/seq-05/color/frame-000140.color.png 0.999671 0.00494834 0.0251535 -0.0475736 -0.00493252 0.999988 -0.000688608 -0.0315008 -0.0251566 0.000564328 0.999683 0.0289519 0.0 0.0 0.0 1.0
stairs/seq-05/color/frame-000138.color.png stairs/seq-05/color/frame-000141.color.png 0.99995 -0.00722369 0.00693411 -0.00708929 0.00734394 0.99982 -0.0174849 0.0123844 -0.0068065 0.0175349 0.999823 0.0201102 0.0 0.0 0.0 1.0
stairs/seq-05/color/frame-000139.color.png stairs/seq-05/color/frame-000142.color.png 0.999969 -0.00766393 0.00187227 0.00349838 0.00768613 0.999897 -0.0121487 0.00304681 -0.00177887 0.0121627 0.999925 0.0225275 0.0 0.0 0.0 1.0
stairs/seq-05/color/frame-000140.color.png stairs/seq-05/color/frame-000143.color.png 0.999977 -0.00677293 -0.000261678 0.0113944 0.00677116 0.999959 -0.00608431 -0.00434387 0.000302856 0.00608237 0.999981 0.0185539 0.0 0.0 0.0 1.0
stairs/seq-05/color/frame-000141.color.png stairs/seq-05/color/frame-000144.color.png 0.999968 -0.00618118 0.00499583 0.0048615 0.0062161 0.999956 -0.00699794 -0.0074479 -0.00495238 0.00702872 0.999963 0.0221108 0.0 0.0 0.0 1.0
stairs/seq-05/color/frame-000142.color.png stairs/seq-05/color/frame-000145.color.png 0.999893 -0.00664402 0.0130306 -0.0105914 0.00673676 0.999952 -0.00708713 -0.00213468 -0.012983 0.00717414 0.99989 0.0171838 0.0 0.0 0.0 1.0
stairs/seq-05/color/frame-000143.color.png stairs/seq-05/color/frame-000146.color.png 0.999836 -0.00640186 0.0169611 -0.0227417 0.00658018 0.999923 -0.01048 0.00753623 -0.0168927 0.0105898 0.999801 0.0210305 0.0 0.0 0.0 1.0
stairs/seq-05/color/frame-000144.color.png stairs/seq-05/color/frame-000147.color.png 0.999941 -0.00865971 0.00659377 -0.00500086 0.00867324 0.99996 -0.00202879 -0.00352812 -0.00657588 0.0020859 0.999976 0.0169935 0.0 0.0 0.0 1.0
stairs/seq-05/color/frame-000145.color.png stairs/seq-05/color/frame-000148.color.png 0.999968 -0.00773297 0.0020546 0.00539264 0.00774075 0.999963 -0.00379368 9.23872e-05 -0.00202514 0.00380943 0.999991 0.0174395 0.0 0.0 0.0 1.0
stairs/seq-05/color/frame-000146.color.png stairs/seq-05/color/frame-000149.color.png 0.999975 -0.00687495 -0.00135606 0.0125853 0.00687419 0.999976 -0.000504806 -0.00812715 0.00135958 0.000495494 0.999999 0.0139302 0.0 0.0 0.0 1.0
stairs/seq-05/color/frame-000147.color.png stairs/seq-05/color/frame-000150.color.png 0.999959 -0.00795623 0.00435614 -0.000573426 0.00796146 0.999968 -0.00118236 -0.0116954 -0.0043467 0.00121696 0.99999 0.0164604 0.0 0.0 0.0 1.0
stairs/seq-05/color/frame-000148.color.png stairs/seq-05/color/frame-000151.color.png 0.99994 -0.0106679 0.00266947 -0.000452816 0.010675 0.999939 -0.00269627 -0.0104935 -0.00264052 0.00272464 0.999993 0.0163394 0.0 0.0 0.0 1.0
stairs/seq-05/color/frame-000149.color.png stairs/seq-05/color/frame-000152.color.png 0.999956 -0.00930975 -0.00141674 0.00988197 0.00930587 0.999953 -0.00279092 -0.0135105 0.00144263 0.00277763 0.999995 0.0152341 0.0 0.0 0.0 1.0
stairs/seq-05/color/frame-000150.color.png stairs/seq-05/color/frame-000153.color.png 0.999989 -0.0045271 -0.00101447 0.0134735 0.00452053 0.99997 -0.00630994 -0.00403196 0.00104304 0.00630532 0.99998 0.0153851 0.0 0.0 0.0 1.0
stairs/seq-05/color/frame-000151.color.png stairs/seq-05/color/frame-000154.color.png 0.999985 -0.00550565 0.000649924 0.00539133 0.00550498 0.999984 0.00104883 -0.0225133 -0.000655617 -0.00104525 0.999999 0.00878584 0.0 0.0 0.0 1.0
stairs/seq-05/color/frame-000152.color.png stairs/seq-05/color/frame-000155.color.png 0.999994 -0.000293804 0.0033854 0.00219285 0.000293584 1.0 3.84805e-05 -0.0145111 -0.00338537 -3.74777e-05 0.999994 0.0190493 0.0 0.0 0.0 1.0
stairs/seq-05/color/frame-000153.color.png stairs/seq-05/color/frame-000156.color.png 0.999947 0.00894876 -0.00514191 0.0286275 -0.00900768 0.999893 -0.0115583 0.0174101 0.00503792 0.011604 0.99992 0.0193005 0.0 0.0 0.0 1.0
stairs/seq-05/color/frame-000154.color.png stairs/seq-05/color/frame-000157.color.png 0.99999 0.00057866 0.00433549 -0.00160678 -0.000599073 0.999989 0.00471358 -0.0274776 -0.00433276 -0.00471614 0.99998 0.0181793 0.0 0.0 0.0 1.0
stairs/seq-05/color/frame-000155.color.png stairs/seq-05/color/frame-000158.color.png 0.999992 -0.00220462 0.00336235 0.0030227 0.0021514 0.999874 0.0157522 -0.0543192 -0.00339664 -0.0157448 0.99987 0.00535029 0.0 0.0 0.0 1.0
stairs/seq-05/color/frame-000156.color.png stairs/seq-05/color/frame-000159.color.png 0.999993 0.00369461 -0.000891152 0.0151228 -0.00369015 0.999981 0.00506962 -0.0251672 0.000909874 -0.00506631 0.999987 0.00771761 0.0 0.0 0.0 1.0
stairs/seq-05/color/frame-000157.color.png stairs/seq-05/color/frame-000160.color.png 0.999962 0.00822018 0.00279548 0.0107035 -0.00822099 0.999966 0.000290567 -0.0124713 -0.00279309 -0.000313553 0.999996 0.0153521 0.0 0.0 0.0 1.0
stairs/seq-05/color/frame-000158.color.png stairs/seq-05/color/frame-000161.color.png 0.999987 0.00494801 0.00122507 0.0133512 -0.0049452 0.999985 -0.00229651 -0.00451052 -0.00123642 0.00229045 0.999997 0.0173209 0.0 0.0 0.0 1.0
stairs/seq-05/color/frame-000159.color.png stairs/seq-05/color/frame-000162.color.png 0.999982 -0.00570878 -0.00173273 0.0173887 0.0057381 0.999832 0.0173945 -0.0626152 0.00163312 -0.0174041 0.999847 0.00888288 0.0 0.0 0.0 1.0
stairs/seq-05/color/frame-000160.color.png stairs/seq-05/color/frame-000163.color.png 0.999995 0.00214444 0.00251835 0.0169884 -0.0021424 0.999997 -0.000793338 -0.0150791 -0.00252001 0.000787908 0.999996 0.0121172 0.0 0.0 0.0 1.0
stairs/seq-05/color/frame-000161.color.png stairs/seq-05/color/frame-000164.color.png 0.999961 0.00507583 0.00721517 0.00987673 -0.00505007 0.999981 -0.00358396 -0.00581145 -0.00723318 0.00354734 0.999968 0.0152079 0.0 0.0 0.0 1.0
stairs/seq-05/color/frame-000162.color.png stairs/seq-05/color/frame-000165.color.png 0.999928 0.00637572 0.0101272 0.000437558 -0.00636544 0.999979 -0.00105452 -0.0112107 -0.0101336 0.000989994 0.999948 0.0183567 0.0 0.0 0.0 1.0
stairs/seq-05/color/frame-000163.color.png stairs/seq-05/color/frame-000166.color.png 0.999964 0.00807299 -0.0023874 0.0313979 -0.00807314 0.999968 3.49797e-06 -0.0150804 0.00238747 1.58287e-05 0.999997 0.00977385 0.0 0.0 0.0 1.0
stairs/seq-05/color/frame-000164.color.png stairs/seq-05/color/frame-000167.color.png 0.99996 0.0088839 0.00143048 0.0214902 -0.00888682 0.999958 0.00205313 -0.0207792 -0.00141227 -0.00206575 0.999997 0.0081957 0.0 0.0 0.0 1.0
stairs/seq-05/color/frame-000165.color.png stairs/seq-05/color/frame-000168.color.png 0.999951 0.0072898 0.00668279 0.00589691 -0.00727853 0.999972 -0.00170578 -0.0108708 -0.00669506 0.00165702 0.999976 0.0137432 0.0 0.0 0.0 1.0
stairs/seq-05/color/frame-000166.color.png stairs/seq-05/color/frame-000169.color.png 0.999957 0.00761767 0.00527725 0.00553493 -0.00760603 0.999969 -0.00221612 -0.00779355 -0.0052941 0.00217588 0.999984 0.0161927 0.0 0.0 0.0 1.0
stairs/seq-05/color/frame-000167.color.png stairs/seq-05/color/frame-000170.color.png 0.999969 0.00771917 -0.00119088 0.0185321 -0.00771202 0.999953 0.0058931 -0.0289234 0.00123635 -0.00588374 0.999982 0.0112625 0.0 0.0 0.0 1.0
stairs/seq-05/color/frame-000168.color.png stairs/seq-05/color/frame-000171.color.png 0.99993 0.0117002 -0.00184356 0.0187981 -0.0116966 0.99993 0.0019692 -0.027574 0.00186645 -0.0019475 0.999996 0.0108176 0.0 0.0 0.0 1.0
stairs/seq-05/color/frame-000169.color.png stairs/seq-05/color/frame-000172.color.png 0.999881 0.0151764 -0.00285623 0.0252537 -0.0151915 0.99987 -0.00536124 -0.0126212 0.00277459 0.00540403 0.999982 0.0151744 0.0 0.0 0.0 1.0
stairs/seq-05/color/frame-000170.color.png stairs/seq-05/color/frame-000173.color.png 0.999869 0.0143642 -0.00748699 0.0357957 -0.0144473 0.999833 -0.0111783 0.00189829 0.00732518 0.011285 0.999909 0.0143306 0.0 0.0 0.0 1.0
stairs/seq-05/color/frame-000171.color.png stairs/seq-05/color/frame-000174.color.png 0.999865 0.0162812 -0.00232789 0.0283212 -0.016309 0.999789 -0.0125013 0.0105137 0.00212376 0.0125376 0.999919 0.0193265 0.0 0.0 0.0 1.0
stairs/seq-05/color/frame-000172.color.png stairs/seq-05/color/frame-000175.color.png 0.999988 0.00474739 0.000733448 0.0112384 -0.00475223 0.999965 0.00680041 -0.0333661 -0.000701212 -0.00680386 0.999977 0.00772631 0.0 0.0 0.0 1.0
stairs/seq-05/color/frame-000173.color.png stairs/seq-05/color/frame-000176.color.png 0.999977 0.00657402 -0.0013081 0.0143908 -0.0065745 0.999978 -0.000341703 -0.013369 0.00130585 0.000350325 0.999999 0.013176 0.0 0.0 0.0 1.0
stairs/seq-05/color/frame-000174.color.png stairs/seq-05/color/frame-000177.color.png 0.999945 0.00644114 -0.00826298 0.0308322 -0.00645247 0.999978 -0.00134521 -0.00918579 0.00825407 0.00139845 0.999965 0.00684524 0.0 0.0 0.0 1.0
