stairs/seq-05/color/frame-000000.color.png stairs/seq-05/color/frame-000001.color.png 0.999997 -0.00227279 -0.00111057 -0.00231953 0.00227566 0.999994 0.0025938 -0.00106333 0.00110467 -0.00259632 0.999996 -0.00109602 0.0 0.0 0.0 1.0
stairs/seq-05/color/frame-000001.color.png stairs/seq-05/color/frame-000002.color.png 0.999998 0.000790723 -0.00177367 -0.000290219 -0.000787778 0.999998 0.00166038 0.000995472 0.00177498 -0.00165898 0.999997 0.000879178 0.0 0.0 0.0 1.0
stairs/seq-05/color/frame-000002.color.png stairs/seq-05/color/frame-000003.color.png 1.0 -0.000572376 -0.000313874 -0.000525861 0.000572557 1.0 0.000575643 -0.000161653 0.000313545 -0.000575821 1.0 0.000186251 0.0 0.0 0.0 1.0
stairs/seq-05/color/frame-000003.color.png stairs/seq-05/color/frame-000004.color.png 1.0 0.000440884 0.000308606 0.000132473 -0.000441473 0.999998 0.00191114 -0.00047969 -0.000307763 -0.00191128 0.999998 0.00111096 0.0 0.0 0.0 1.0
stairs/seq-05/color/frame-000004.color.png stairs/seq-05/color/frame-000005.color.png 1.0 0.000737664 0.000343059 -0.0010412 -0.000738137 0.999999 0.00138108 -7.56611e-05 -0.00034204 -0.00138133 0.999999 -0.0016531 0.0 0.0 0.0 1.0
stairs/seq-05/color/frame-000005.color.png stairs/seq-05/color/frame-000006.color.png 1.0 -0.00087211 0.000102988 -0.000158301 0.000871941 0.999998 0.00162994 -0.00139776 -0.000104409 -0.00162985 0.999999 0.00106529 0.0 0.0 0.0 1.0
stairs/seq-05/color/frame-000006.color.png stairs/seq-05/color/frame-000007.color.png 1.0 -0.000336854 -0.000812892 -0.000211858 0.000337318 1.0 0.000570341 2.67851e-05 0.0008127 -0.000570615 1.0 0.00128509 0.0 0.0 0.0 1.0
stairs/seq-05/color/frame-000007.color.png stairs/seq-05/color/frame-000008.color.png 0.999992 -0.00345391 -0.00194258 -0.000497002 0.00345744 0.999992 0.00181885 -0.00193468 0.00193628 -0.00182555 0.999996 -0.000597423 0.0 0.0 0.0 1.0
stairs/seq-05/color/frame-000008.color.png stairs/seq-05/color/frame-000009.color.png 0.999998 0.00016314 -0.00177055 -0.000771417 -0.000157493 0.999995 0.00318998 0.00011031 0.00177106 -0.00318969 0.999993 1.3386e-05 0.0 0.0 0.0 1.0
stairs/seq-05/color/frame-000009.color.png stairs/seq-05/color/frame-000010.color.png 1.0 -0.00042843 3.32265e-06 -0.000914506 0.000428427 0.999999 0.000959174 -0.00149736 -3.73356e-06 -0.000959172 1.0 0.00339005 0.0 0.0 0.0 1.0
stairs/seq-05/color/frame-000010.color.png stairs/seq-05/color/frame-000011.color.png 0.999999 0.000769875 -0.000436041 -0.00308433 -0.000769272 0.999999 0.00138389 -0.000321623 0.000437105 -0.00138355 0.999999 -0.000550239 0.0 0.0 0.0 1.0
stairs/seq-05/color/frame-000011.color.png stairs/seq-05/color/frame-000012.color.png 1.0 -0.000494826 -0.00074535 -0.00038458 0.000495529 0.999999 0.000942465 -0.00223442 0.000744885 -0.000942835 0.999999 -0.000477046 0.0 0.0 0.0 1.0
stairs/seq-05/color/frame-000012.color.png stairs/seq-05/color/frame-000013.color.png 1.0 0.000166818 -0.000851107 -0.00159304 -0.000165323 0.999999 0.00175609 0.00117753 0.000851399 -0.00175595 0.999998 0.00356347 0.0 0.0 0.0 1.0
stairs/seq-05/color/frame-000013.color.png stairs/seq-05/color/frame-000014.color.png 1.0 0.00060781 0.000639577 -0.00414261 -0.000610159 0.999993 0.00367957 -0.00258785 -0.000637336 -0.00367996 0.999993 -0.00219322 0.0 0.0 0.0 1.0
stairs/seq-05/color/frame-000014.color.png stairs/seq-05/color/frame-000015.color.png 0.999996 0.000355905 -0.00271678 0.00133289 -0.000345911 0.999993 0.00367848 -0.00164583 0.00271807 -0.00367753 0.999989 0.0059485 0.0 0.0 0.0 1.0
stairs/seq-05/color/frame-000015.color.png stairs/seq-05/color/frame-000016.color.png 1.0 0.000181627 0.000411566 -0.00348735 -0.000184021 0.999983 0.00582667 -0.00117584 -0.000410502 -0.00582674 0.999983 -0.000528184 0.0 0.0 0.0 1.0
stairs/seq-05/color/frame-000016.color.png stairs/seq-05/color/frame-000017.color.png 0.999998 -0.00197102 -0.000345622 -0.00102403 0.00197207 0.999993 0.00306746 -0.00102563 0.000339575 -0.00306813 0.999995 0.00388743 0.0 0.0 0.0 1.0
stairs/seq-05/color/frame-000017.color.png stairs/seq-05/color/frame-000018.color.png 0.999997 -0.000742479 -0.00231233 -0.00509332 0.000755886 0.999983 0.00580198 -0.00243909 0.00230798 -0.00580371 0.99998 0.000634064 0.0 0.0 0.0 1.0
stairs/seq-05/color/frame-000018.color.png stairs/seq-05/color/frame-000019.color.png 0.999986 -0.00133617 -0.00500851 -0.00299033 0.00137088 0.999975 0.00693429 -0.00417936 0.00499911 -0.00694106 0.999963 0.00251614 0.0 0.0 0.0 1.0
stairs/seq-05/color/frame-000019.color.png stairs/seq-05/color/frame-000020.color.png 0.999998 -0.00181407 -0.00079539 -0.00072787 0.00181517 0.999997 0.0013845 -0.000469711 0.00079288 -0.00138594 0.999999 0.00169889 0.0 0.0 0.0 1.0
stairs/seq-05/color/frame-000020.color.png stairs/seq-05/color/frame-000021.color.png 0.999993 -0.00165511 -0.00334558 -0.00171 0.00166322 0.999996 0.00242606 -0.00275304 0.00334154 -0.00243161 0.999992 0.00173919 0.0 0.0 0.0 1.0
stairs/seq-05/color/frame-000021.color.png stairs/seq-05/color/frame-000022.color.png 0.999994 0.00221035 0.00268738 -0.00531079 -0.0022133 0.999997 0.00109597 4.12855e-05 -0.00268495 -0.00110192 0.999996 -0.000597749 0.0 0.0 0.0 1.0
stairs/seq-05/color/frame-000022.color.png stairs/seq-05/color/frame-000023.color.png 0.999992 0.00245675 0.00304492 -0.00426927 -0.002467 0.999991 0.00336862 -0.00456644 -0.00303662 -0.00337611 0.99999 0.002635 0.0 0.0 0.0 1.0
stairs/seq-05/color/frame-000023.color.png stairs/seq-05/color/frame-000024.color.png 0.999998 0.00116681 0.00128435 -0.00633335 -0.00116896 0.999998 0.0016749 -0.00234864 -0.00128239 -0.0016764 0.999998 6.12736e-05 0.0 0.0 0.0 1.0
stairs/seq-05/color/frame-000024.color.png stairs/seq-05/color/frame-000025.color.png 0.999987 0.00467281 0.00202262 -0.0063935 -0.00468018 0.999982 0.00365306 -0.00211987 -0.00200551 -0.00366246 0.999991 -0.00317439 0.0 0.0 0.0 1.0
stairs/seq-05/color/frame-000025.color.png stairs/seq-05/color/frame-000026.color.png 0.999991 0.00209974 0.00367003 -0.00217321 -0.00211708 0.999986 0.00472758 -0.00570028 -0.00366005 -0.00473532 0.999982 0.00602591 0.0 0.0 0.0 1.0
stairs/seq-05/color/frame-000026.color.png stairs/seq-05/color/frame-000027.color.png 0.999989 0.00452267 -0.00140189 -0.00628782 -0.00451951 0.999987 0.0022508 -0.00299403 0.00141205 -0.00224445 0.999996 -0.000286996 0.0 0.0 0.0 1.0
stairs/seq-05/color/frame-000027.color.png stairs/seq-05/color/frame-000028.color.png 0.999993 0.00381024 1.38097e-05 -0.00314227 -0.00381025 0.999971 0.00662286 -0.0056193 1.14261e-05 -0.00662284 0.999978 0.00565709 0.0 0.0 0.0 1.0
stairs/seq-05/color/frame-000028.color.png stairs/seq-05/color/frame-000029.color.png 0.999995 0.00233133 0.00192331 -0.0125048 -0.00233422 0.999996 0.00150242 -0.000855748 -0.0019198 -0.00150693 0.999997 0.00476736 0.0 0.0 0.0 1.0
stairs/seq-05/color/frame-000029.color.png stairs/seq-05/color/frame-000030.color.png 0.999998 -0.000328298 -0.00176269 -0.0010711 0.000335066 0.999993 0.0038405 -0.00424528 0.00176142 -0.00384107 0.999991 0.00438692 0.0 0.0 0.0 1.0
stairs/seq-05/color/frame-000030.color.png stairs/seq-05/color/frame-000031.color.png 0.999996 0.00157288 -0.00214325 -0.00263479 -0.00157296 0.999999 -3.53887e-05 -0.00111787 0.00214319 3.87507e-05 0.999998 0.0125251 0.0 0.0 0.0 1.0
stairs/seq-05/color/frame-000031.color.png stairs/seq-05/color/frame-000032.color.png 0.999991 -0.00398148 -0.0016426 -0.00377388 0.00398008 0.999992 -0.000853812 -0.00502068 0.00164599 0.000847267 0.999998 0.0022632 0.0 0.0 0.0 1.0
stairs/seq-05/color/frame-000032.color.png stairs/seq-05/color/frame-000033.color.png 0.999986 0.00135557 -0.00515662 -0.00269495 -0.0013534 0.999999 0.000423718 -0.00175378 0.00515719 -0.000416723 0.999987 0.0109853 0.0 0.0 0.0 1.0
stairs/seq-05/color/frame-000033.color.png stairs/seq-05/color/frame-000034.color.png 0.99999 0.00283297 0.00349723 -0.00791201 -0.00282026 0.999989 -0.0036343 -0.000590239 -0.00350749 0.00362442 0.999987 0.00601779 0.0 0.0 0.0 1.0
stairs/seq-05/color/frame-000034.color.png stairs/seq-05/color/frame-000035.color.png 0.999995 0.00280699 0.00169677 -0.00260299 -0.00280431 0.999995 -0.00157646 -0.00374104 -0.00170118 0.00157169 0.999997 0.00725925 0.0 0.0 0.0 1.0
stairs/seq-05/color/frame-000035.color.png stairs/seq-05/color/frame-000036.color.png 0.999982 -0.00205697 0.00553773 -0.0056631 0.00206672 0.999996 -0.0017553 -0.00514863 -0.00553411 0.00176672 0.999983 0.00871962 0.0 0.0 0.0 1.0
stairs/seq-05/color/frame-000036.color.png stairs/seq-05/color/frame-000037.color.png 0.999995 0.00102637 0.00313087 -0.00141505 -0.001025 0.999999 -0.000439603 0.00116454 -0.00313132 0.000436387 0.999995 0.00708818 0.0 0.0 0.0 1.0
stairs/seq-05/color/frame-000037.color.png stairs/seq-05/color/frame-000038.color.png 0.999986 0.00013667 0.00534833 0.000133038 -0.000127204 0.999998 -0.00176996 -0.0039622 -0.00534856 0.00176927 0.999984 0.0143824 0.0 0.0 0.0 1.0
stairs/seq-05/color/frame-000038.color.png stairs/seq-05/color/frame-000039.color.png 0.999946 -0.00266668 0.0100822 -0.00814206 0.00271891 0.999983 -0.00517117 -0.00371641 -0.0100683 0.0051983 0.999936 0.0073945 0.0 0.0 0.0 1.0
stairs/seq-05/color/frame-000039.color.png stairs/seq-05/color/frame-000040.color.png 0.999978 -0.00670116 -0.000117045 0.000471339 0.00670001 0.999946 -0.00797352 -0.00253456 0.000170469 0.00797256 0.999968 0.0127414 0.0 0.0 0.0 1.0
stairs/seq-05/color/frame-000040.color.png stairs/seq-05/color/frame-000041.color.png 0.999951 -0.00589154 0.00791081 -0.00508007 0.00596683 0.999937 -0.00952681 -0.00143746 -0.00785418 0.00957355 0.999923 0.00889109 0.0 0.0 0.0 1.0
stairs/seq-05/color/frame-000041.color.png stairs/seq-05/color/frame-000042.color.png 0.999979 -0.000783952 0.00643454 -0.012175 0.000799113 0.999997 -0.00235389 -0.00222223 -0.00643267 0.00235899 0.999976 3.82364e-05 0.0 0.0 0.0 1.0
stairs/seq-05/color/frame-000042.color.png stairs/seq-05/color/frame-000043.color.png 0.999955 -0.00946684 0.000271801 -0.00684761 0.00946839 0.999935 -0.00642459 -0.00383385 -0.000210961 0.00642688 0.999979 0.00696398 0.0 0.0 0.0 1.0
stairs/seq-05/color/frame-000043.color.png stairs/seq-05/color/frame-000044.color.png 0.999973 -0.00571486 0.00454166 -0.00396357 0.00570345 0.999981 0.00252106 -0.00289825 -0.00455598 -0.00249509 0.999987 0.0126151 0.0 0.0 0.0 1.0
stairs/seq-05/color/frame-000044.color.png stairs/seq-05/color/frame-000045.color.png 0.999963 -0.00676098 0.00540874 -0.00670853 0.0067586 0.999977 0.000459057 -0.00366103 -0.00541173 -0.00042248 0.999985 0.00540935 0.0 0.0 0.0 1.0
stairs/seq-05/color/frame-000045.color.png stairs/seq-05/color/frame-000046.color.png 0.999999 -0.00119653 9.23861e-05 -0.00125068 0.00119653 0.999999 1.67791e-05 -0.00146508 -9.24059e-05 -1.66626e-05 1.0 0.00870472 0.0 0.0 0.0 1.0
stairs/seq-05/color/frame-000046.color.png stairs/seq-05/color/frame-000047.color.png 0.999996 -0.00271893 0.000947827 -0.000580266 0.0027226 0.999989 -0.00389307 -0.00177864 -0.000937227 0.00389563 0.999992 0.0106114 0.0 0.0 0.0 1.0
stairs/seq-05/color/frame-000047.color.png stairs/seq-05/color/frame-000048.color.png 0.999964 -0.00388326 0.00750896 -0.00588697 0.00391531 0.999983 -0.00426071 -0.0010576 -0.00749229 0.00428996 0.999963 0.00941901 0.0 0.0 0.0 1.0
stairs/seq-05/color/frame-000048.color.png stairs/seq-05/color/frame-000049.color.png 0.999923 0.000255681 0.0123941 -0.00434308 -0.000229003 0.999998 -0.00215393 -0.00118766 -0.0123946 0.00215093 0.999921 0.00211363 0.0 0.0 0.0 1.0
stairs/seq-05/color/frame-000049.color.png stairs/seq-05/color/frame-000050.color.png 0.999965 -0.00351357 0.00761283 -0.0101751 0.00350048 0.999992 0.00173232 -0.00196064 -0.00761886 -0.00170561 0.999969 0.00171252 0.0 0.0 0.0 1.0
stairs/seq-05/color/frame-000050.color.png stairs/seq-05/color/frame-000051.color.png 0.999979 -0.00528968 0.00378384 0.000939503 0.00525904 0.999954 0.00805956 -0.004711 -0.00382629 -0.00803949 0.99996 0.00760275 0.0 0.0 0.0 1.0
stairs/seq-05/color/frame-000051.color.png stairs/seq-05/color/frame-000052.color.png 0.999954 -0.00273616 0.00917459 -0.00344509 0.00275583 0.999994 -0.00213047 0.0021303 -0.00916871 0.00215565 0.999956 0.00623281 0.0 0.0 0.0 1.0
stairs/seq-05/color/frame-000052.color.png stairs/seq-05/color/frame-000053.color.png 0.999918 -0.0087386 0.0093055 -0.0102207 0.00869525 0.999951 0.00468861 -0.00208732 -0.009346 -0.00460731 0.999946 -0.0013289 0.0 0.0 0.0 1.0
stairs/seq-05/color/frame-000053.color.png stairs/seq-05/color/frame-000054.color.png 0.99997 -0.00711991 0.00298655 -0.00297469 0.00710371 0.99996 0.00540639 -0.00134777 -0.00302495 -0.00538502 0.999981 -0.000446931 0.0 0.0 0.0 1.0
stairs/seq-05/color/frame-000054.color.png stairs/seq-05/color/frame-000055.color.png 0.999978 -0.00530245 0.00390956 0.000626758 0.0052648 0.99994 0.00957328 -0.00967544 -0.00396008 -0.0095525 0.999946 0.00780745 0.0 0.0 0.0 1.0
stairs/seq-05/color/frame-000055.color.png stairs/seq-05/color/frame-000056.color.png 0.999938 -0.00583196 0.00952456 -0.00264868 0.00575208 0.999948 0.00839369 -0.00711485 -0.00957302 -0.00833838 0.999919 0.00132622 0.0 0.0 0.0 1.0
stairs/seq-05/color/frame-000056.color.png stairs/seq-05/color/frame-000057.color.png 0.99997 -0.00277698 0.00716703 -0.00672948 0.00272484 0.99997 0.00727408 -0.00848489 -0.00718702 -0.00725432 0.999948 0.00488341 0.0 0.0 0.0 1.0
stairs/seq-05/color/frame-000057.color.png stairs/seq-05/color/frame-000058.color.png 0.999997 -0.00031796 0.00260651 -0.000349253 0.0003104 0.999996 0.00290057 -0.000332817 -0.00260745 -0.00289976 0.999992 -0.000672087 0.0 0.0 0.0 1.0
stairs/seq-05/color/frame-000058.color.png stairs/seq-05/color/frame-000059.color.png 0.999937 -0.0029875 0.0108536 -0.00681798 0.00288762 0.999953 0.00920575 -0.0121106 -0.0108806 -0.00917381 0.999899 0.00544627 0.0 0.0 0.0 1.0
stairs/seq-05/color/frame-000059.color.png stairs/seq-05/color/frame-000060.color.png 0.999959 -0.00712317 0.00555811 -0.00303353 0.0070862 0.999953 0.00664361 -0.00520834 -0.00560516 -0.00660395 0.999963 0.00303677 0.0 0.0 0.0 1.0
stairs/seq-05/color/frame-000060.color.png stairs/seq-05/color/frame-000061.color.png 0.999995 -0.00282654 0.00112171 0.00815949 0.00282274 0.99999 0.00338127 -0.0022177 -0.00113122 -0.00337807 0.999994 0.0100734 0.0 0.0 0.0 1.0
stairs/seq-05/color/frame-000061.color.png stairs/seq-05/color/frame-000062.color.png 0.999974 -0.00145807 0.00712679 -0.00885223 0.00146281 0.999999 -0.000657522 -0.00284709 -0.00712585 0.000667914 0.999974 -0.00269553 0.0 0.0 0.0 1.0
stairs/seq-05/color/frame-000062.color.png stairs/seq-05/color/frame-000063.color.png 0.999897 -0.00509894 0.0134155 -0.00795707 0.00503882 0.999977 0.00451037 -0.0104361 -0.0134382 -0.00444229 0.9999 0.00229251 0.0 0.0 0.0 1.0
stairs/seq-05/color/frame-000063.color.png stairs/seq-05/color/frame-000064.color.png 0.999916 -0.00724926 0.0107746 -0.00143428 0.0072894 0.999967 -0.00369228 0.00127539 -0.0107475 0.00377047 0.999935 0.000886947 0.0 0.0 0.0 1.0
stairs/seq-05/color/frame-000064.color.png stairs/seq-05/color/frame-000065.color.png 0.999717 -0.014569 0.0187892 -0.0125005 0.0145122 0.99989 0.00315454 -0.00573225 -0.0188331 -0.00288095 0.999819 0.00168991 0.0 0.0 0.0 1.0
stairs/seq-05/color/frame-000065.color.png stairs/seq-05/color/frame-000066.color.png 0.999932 -0.00753247 0.00885969 -0.0138234 0.00751183 0.999969 0.00236485 -0.00834844 -0.00887723 -0.00229814 0.999958 0.00848478 0.0 0.0 0.0 1.0
stairs/seq-05/color/frame-000066.color.png stairs/seq-05/color/frame-000067.color.png 0.999988 0.000198628 0.00491541 -0.00709936 -0.000206441 0.999999 0.00158559 -0.00897688 -0.00491507 -0.00158658 0.999987 -0.00207403 0.0 0.0 0.0 1.0
stairs/seq-05/color/frame-000067.color.png stairs/seq-05/color/frame-000068.color.png 0.999948 -0.00115891 0.0101436 -0.00882041 0.00117271 0.999998 -0.00135584 -0.0110621 -0.010142 0.00136766 0.999948 0.00508752 0.0 0.0 0.0 1.0
stairs/seq-05/color/frame-000068.color.png stairs/seq-05/color/frame-000069.color.png 0.999983 -0.00518608 0.00280445 1.52886e-05 0.00520733 0.999957 -0.00762507 0.000928923 -0.00276481 0.00763952 0.999967 0.0110654 0.0 0.0 0.0 1.0
stairs/seq-05/color/frame-000069.color.png stairs/seq-05/color/frame-000070.color.png 0.999975 -0.00703079 -0.000556201 0.00150593 0.00702865 0.999968 -0.00381003 -0.00130124 0.000582956 0.00380605 0.999993 0.00888756 0.0 0.0 0.0 1.0
stairs/seq-05/color/frame-000070.color.png stairs/seq-05/color/frame-000071.color.png 0.999972 -0.003383 0.00660812 -0.0203958 0.0034076 0.999987 -0.00371485 -0.0089983 -0.00659543 0.00373725 0.999971 0.00200179 0.0 0.0 0.0 1.0
stairs/seq-05/color/frame-000071.color.png stairs/seq-05/color/frame-000072.color.png 0.99996 -0.00240908 0.00865172 -0.0129505 0.00244446 0.999989 -0.00407777 -0.0053096 -0.00864182 0.00409876 0.999954 0.00684735 0.0 0.0 0.0 1.0
stairs/seq-05/color/frame-000072.color.png stairs/seq-05/color/frame-000073.color.png 0.999966 -0.0056981 0.00602585 -0.015874 0.00568323 0.999981 0.00247432 -0.0125657 -0.00603983 -0.00243998 0.999979 0.00991696 0.0 0.0 0.0 1.0
stairs/seq-05/color/frame-000073.color.png stairs/seq-05/color/frame-000074.color.png 0.999993 -0.00165817 0.00334337 -0.00620888 0.00165789 0.999999 8.8498e-05 -0.00288738 -0.00334348 -8.29727e-05 0.999994 0.0019809 0.0 0.0 0.0 1.0
stairs/seq-05/color/frame-000074.color.png stairs/seq-05/color/frame-000075.color.png 0.999949 -0.00487263 0.00889001 -0.0136305 0.00490324 0.999982 -0.00342178 -0.00332898 -0.00887317 0.00346523 0.999955 0.00717932 0.0 0.0 0.0 1.0
stairs/seq-05/color/frame-000075.color.png stairs/seq-05/color/frame-000076.color.png 0.999944 -0.00929136 0.0051357 -0.0111715 0.00927738 0.999953 0.00273561 -0.0120428 -0.00516095 -0.00268782 0.999983 0.010129 0.0 0.0 0.0 1.0
stairs/seq-05/color/frame-000076.color.png stairs/seq-05/color/frame-000077.color.png 0.999996 -0.00293576 -0.000179661 0.00232632 0.00293478 0.999982 -0.00525732 0.00635681 0.000195157 0.00525678 0.999986 0.0053598 0.0 0.0 0.0 1.0
stairs/seq-05/color/frame-000077.color.png stairs/seq-05/color/frame-000078.color.png 0.999777 0.00126887 0.0210757 -0.048179 -0.00143802 0.999967 0.00801253 -0.0210407 -0.0210648 -0.00804106 0.999746 -0.00306889 0.0 0.0 0.0 1.0
stairs/seq-05/color/frame-000078.color.png stairs/seq-05/color/frame-000079.color.png 0.999994 -0.00320835 0.0010227 -0.00505474 0.00320822 0.999995 0.000127788 -0.00420478 -0.00102313 -0.000124493 0.999999 0.00493035 0.0 0.0 0.0 1.0
stairs/seq-05/color/frame-000079.color.png stairs/seq-05/color/frame-000080.color.png 0.999986 -0.00456628 0.00277734 -0.0058282 0.00457487 0.999985 -0.00309661 -0.000445306 -0.00276321 0.00310925 0.999991 0.00606287 0.0 0.0 0.0 1.0
stairs/seq-05/color/frame-000080.color.png stairs/seq-05/color/frame-000081.color.png 0.999992 -0.00280249 0.00288744 -0.00524637 0.00280589 0.999995 -0.00117428 -0.000508636 -0.00288416 0.00118238 0.999995 0.00154373 0.0 0.0 0.0 1.0
stairs/seq-05/color/frame-000081.color.png stairs/seq-05/color/frame-000082.color.png 0.999993 -0.00325365 0.00160584 -0.00491849 0.00325509 0.999994 -0.000913346 -0.00517058 -0.00160282 0.000918579 0.999998 0.00827822 0.0 0.0 0.0 1.0
stairs/seq-05/color/frame-000082.color.png stairs/seq-05/color/frame-000083.color.png 0.999921 0.00388042 0.0119351 -0.0250211 -0.00391148 0.999989 0.00257671 -0.0103197 -0.011925 -0.00262321 0.999925 -0.00156835 0.0 0.0 0.0 1.0
stairs/seq-05/color/frame-000083.color.png stairs/seq-05/color/frame-000084.color.png 0.999983 -0.00477359 0.00325629 -0.00579372 0.00476001 0.99998 0.00418357 -0.00868499 -0.0032762 -0.00416801 0.999986 0.00433955 0.0 0.0 0.0 1.0
stairs/seq-05/color/frame-000084.color.png stairs/seq-05/color/frame-000085.color.png 0.999997 -0.00239339 0.000993123 -0.00269604 0.00239323 0.999997 0.000157054 -0.000707328 -0.000993442 -0.000154681 1.0 0.00286064 0.0 0.0 0.0 1.0
stairs/seq-05/color/frame-000085.color.png stairs/seq-05/color/frame-000086.color.png 0.999979 -0.0057687 0.00277362 -0.00428128 0.00576057 0.999979 0.00292763 -0.000683606 -0.00279045 -0.0029116 0.999992 0.00336215 0.0 0.0 0.0 1.0
stairs/seq-05/color/frame-000086.color.png stairs/seq-05/color/frame-000087.color.png 0.999987 -0.00391557 0.00341668 -0.00648046 0.00390229 0.999985 0.00388292 -0.00560519 -0.00343177 -0.00386952 0.999987 0.000729918 0.0 0.0 0.0 1.0
stairs/seq-05/color/frame-000087.color.png stairs/seq-05/color/frame-000088.color.png 0.999991 -0.00401529 0.00148402 -0.00675318 0.0040094 0.999984 0.00394534 -0.00557402 -0.0014999 -0.00393936 0.999991 0.0057843 0.0 0.0 0.0 1.0
stairs/seq-05/color/frame-000088.color.png stairs/seq-05/color/frame-000089.color.png 0.999952 -0.00214231 0.00957139 -0.0227942 0.00204967 0.999951 0.00967708 -0.0135304 -0.0095916 -0.00965698 0.999907 -9.56059e-05 0.0 0.0 0.0 1.0
stairs/seq-05/color/frame-000089.color.png stairs/seq-05/color/frame-000090.color.png 0.99999 -0.00430251 -0.00112529 0.00212586 0.00430947 0.999971 0.00628092 -0.01194 0.00109823 -0.00628571 0.99998 0.00926188 0.0 0.0 0.0 1.0
stairs/seq-05/color/frame-000090.color.png stairs/seq-05/color/frame-000091.color.png 0.999993 0.00378757 0.000747661 -0.000787705 -0.00378638 0.999992 -0.00154797 -0.000348359 -0.000753449 0.0015451 0.999999 0.00313812 0.0 0.0 0.0 1.0
stairs/seq-05/color/frame-000091.color.png stairs/seq-05/color/frame-000092.color.png 0.999998 0.00158081 -0.0013494 0.00416908 -0.00157934 0.999998 0.00104377 -0.00477389 0.00135105 -0.0010416 0.999999 0.0103794 0.0 0.0 0.0 1.0
stairs/seq-05/color/frame-000092.color.png stairs/seq-05/color/frame-000093.color.png 0.999993 -0.000947778 0.00347673 -0.00307435 0.000939806 0.999997 0.00226707 -0.00522614 -0.00347888 -0.00226383 0.999991 0.00449979 0.0 0.0 0.0 1.0
stairs/seq-05/color/frame-000093.color.png stairs/seq-05/color/frame-000094.color.png 0.999953 0.000575484 0.00964733 -0.0194996 -0.000620949 0.999989 0.00471834 -0.0126998 -0.00964448 -0.00472409 0.999942 0.00685665 0.0 0.0 0.0 1.0
stairs/seq-05/color/frame-000094.color.png stairs/seq-05/color/frame-000095.color.png 0.999997 -0.00249012 7.83163e-05 0.000125706 0.00249001 0.999996 0.00101853 -0.00785443 -8.09088e-05 -0.00101832 0.999999 0.0102666 0.0 0.0 0.0 1.0
stairs/seq-05/color/frame-000095.color.png stairs/seq-05/color/frame-000096.color.png 0.999998 -0.00173862 -0.00106134 -0.000147939 0.00173551 0.999994 -0.00288771 0.00314352 0.00106646 0.00288588 0.999995 0.00904611 0.0 0.0 0.0 1.0
stairs/seq-05/color/frame-000096.color.png stairs/seq-05/color/frame-000097.color.png 0.999996 2.50045e-05 -0.00287301 0.00518924 -2.32376e-05 1.0 0.000601272 -0.00359732 0.00287296 -0.00060124 0.999996 0.00408813 0.0 0.0 0.0 1.0
stairs/seq-05/color/frame-000097.color.png stairs/seq-05/color/frame-000098.color.png 0.999999 -0.00145058 0.000923185 -0.000167936 0.00145248 0.999997 -0.00208289 -0.00191003 -0.000920115 0.00208426 0.999997 0.0122505 0.0 0.0 0.0 1.0
stairs/seq-05/color/frame-000098.color.png stairs/seq-05/color/frame-000099.color.png 0.999964 -0.000128893 0.00845842 -0.00562313 0.000134274 1.0 -0.000632498 -0.000262827 -0.00845832 0.000633609 0.999964 0.0103412 0.0 0.0 0.0 1.0
stairs/seq-05/color/frame-000099.color.png stairs/seq-05/color/frame-000100.color.png 0.999986 0.000810955 0.00519035 -0.00697237 -0.000864077 0.999947 0.0102435 -0.0221701 -0.0051818 -0.0102478 0.999934 0.00756013 0.0 0.0 0.0 1.0
stairs/seq-05/color/frame-000100.color.png stairs/seq-05/color/frame-000101.color.png 0.999998 -0.00102198 0.00159042 0.00450727 0.0010203 0.999999 0.00106469 -0.00499135 -0.00159143 -0.00106302 0.999998 0.0056324 0.0 0.0 0.0 1.0
stairs/seq-05/color/frame-000101.color.png stairs/seq-05/color/frame-000102.color.png 0.999979 -0.00232755 0.00602976 -0.00407097 0.00235076 0.99999 -0.00384255 0.00265872 -0.00602075 0.00385659 0.999974 0.00383037 0.0 0.0 0.0 1.0
stairs/seq-05/color/frame-000102.color.png stairs/seq-05/color/frame-000103.color.png 0.999922 -0.00740692 0.0100506 0.00110361 0.0074593 0.999959 -0.00518815 0.000211 -0.0100117 0.00526275 0.999936 0.00480962 0.0 0.0 0.0 1.0
stairs/seq-05/color/frame-000103.color.png stairs/seq-05/color/frame-000104.color.png 0.999975 0.00175083 0.00682233 -0.00466996 -0.00173679 0.999996 -0.00205877 -0.00734541 -0.00682581 0.00204688 0.999975 0.00553435 0.0 0.0 0.0 1.0
stairs/seq-05/color/frame-000104.color.png stairs/seq-05/color/frame-000105.color.png 0.999915 0.00396645 0.0124061 -0.017535 -0.00393168 0.999988 -0.00282568 -0.00273088 -0.0124172 0.0027767 0.999919 0.00533611 0.0 0.0 0.0 1.0
stairs/seq-05/color/frame-000105.color.png stairs/seq-05/color/frame-000106.color.png 0.999962 -0.00151436 0.00858358 -0.0115429 0.001534 0.999996 -0.00228287 0.002027 -0.00858007 0.00229594 0.999961 0.00585955 0.0 0.0 0.0 1.0
stairs/seq-05/color/frame-000106.color.png stairs/seq-05/color/frame-000107.color.png 0.999984 -0.003276 0.00454599 -0.00600493 0.00329505 0.999986 -0.00419868 0.005191 -0.00453225 0.00421358 0.999981 0.00733167 0.0 0.0 0.0 1.0
stairs/seq-05/color/frame-000107.color.png stairs/seq-05/color/frame-000108.color.png 0.999982 -0.00594063 0.00109023 0.00992256 0.00593697 0.999977 0.00336608 -0.0118818 -0.00111021 -0.00335954 0.999994 0.00870627 0.0 0.0 0.0 1.0
stairs/seq-05/color/frame-000108.color.png stairs/seq-05/color/frame-000109.color.png 0.999985 -0.00263104 0.00484366 -0.0072642 0.00262303 0.999995 0.00165618 -0.00971639 -0.00484792 -0.00164345 0.999987 0.00583887 0.0 0.0 0.0 1.0
stairs/seq-05/color/frame-000109.color.png stairs/seq-05/color/frame-000110.color.png 0.999999 -0.00118195 -0.00119805 0.00795326 0.00117541 0.999984 -0.00545957 0.00642091 0.00120451 0.00545816 0.999984 0.00374752 0.0 0.0 0.0 1.0
stairs/seq-05/color/frame-000110.color.png stairs/seq-05/color/frame-000111.color.png 0.999988 -0.00252746 0.00414869 -0.00568259 0.00253203 0.999996 -0.00109659 -0.00531 -0.00414592 0.00110708 0.999991 0.00292081 0.0 0.0 0.0 1.0
stairs/seq-05/color/frame-000111.color.png stairs/seq-05/color/frame-000112.color.png 0.999996 0.000150581 0.00290786 0.00164604 -0.00013576 0.999987 -0.00510124 0.00579157 -0.00290855 0.00510081 0.999983 0.00749314 0.0 0.0 0.0 1.0
stairs/seq-05/color/frame-000112.color.png stairs/seq-05/color/frame-000113.color.png 0.999961 -0.00697318 0.00535232 0.00123367 0.0070083 0.999954 -0.00656337 -0.000929147 -0.00530636 0.00660061 0.999964 0.00631857 0.0 0.0 0.0 1.0
stairs/seq-05/color/frame-000113.color.png stairs/seq-05/color/frame-000114.color.png 0.999996 -0.00127152 0.00255235 -0.000471056 0.00127862 0.999995 -0.00280296 0.00100476 -0.00254865 0.00280622 0.999993 0.00439757 0.0 0.0 0.0 1.0
stairs/seq-05/color/frame-000114.color.png stairs/seq-05/color/frame-000115.color.png 0.999995 0.00163624 0.00262704 0.00611341 -0.00162649 0.999992 -0.00370496 0.00634089 -0.00263318 0.00370067 0.99999 0.0112843 0.0 0.0 0.0 1.0
stairs/seq-05/color/frame-000115.color.png stairs/seq-05/color/frame-000116.color.png 0.999926 -0.00546369 0.0108923 -0.0188805 0.00545978 0.999985 0.000390386 -0.00789106 -0.0108942 -0.000330877 0.999941 0.00338119 0.0 0.0 0.0 1.0
stairs/seq-05/color/frame-000116.color.png stairs/seq-05/color/frame-000117.color.png 0.999984 -0.00342426 0.00441677 -0.00631991 0.00342203 0.999994 0.000502508 -0.00568503 -0.00441847 -0.000487397 0.99999 0.00466341 0.0 0.0 0.0 1.0
stairs/seq-05/color/frame-000117.color.png stairs/seq-05/color/frame-000118.color.png 0.999994 -0.00162699 0.00296594 -0.00238892 0.00162837 0.999999 -0.000472184 0.00192088 -0.00296523 0.000477021 0.999995 0.00498223 0.0 0.0 0.0 1.0
stairs/seq-05/color/frame-000118.color.png stairs/seq-05/color/frame-000119.color.png 0.999995 -0.00280408 0.00139263 0.00336531 0.00280023 0.999992 0.00277105 -0.00498694 -0.00140032 -0.00276711 0.999995 0.00454319 0.0 0.0 0.0 1.0
stairs/seq-05/color/frame-000119.color.png stairs/seq-05/color/frame-000120.color.png 0.999985 -0.00362004 0.00404266 0.000881314 0.00361302 0.999992 0.00175206 -0.00622767 -0.00404902 -0.00173743 0.99999 0.00250393 0.0 0.0 0.0 1.0
stairs/seq-05/color/frame-000120.color.png stairs/seq-05/color/frame-000121.color.png 0.99997 -0.000753994 0.00767504 -0.00938994 0.000743846 0.999999 0.00132395 -0.00492257 -0.00767597 -0.00131818 0.99997 0.00735313 0.0 0.0 0.0 1.0
stairs/seq-05/color/frame-000121.color.png stairs/seq-05/color/frame-000122.color.png 0.999984 -0.000899751 0.00557845 -0.00782987 0.000862105 0.999977 0.00674207 -0.015312 -0.00558436 -0.0067372 0.999962 0.00607044 0.0 0.0 0.0 1.0
stairs/seq-05/color/frame-000122.color.png stairs/seq-05/color/frame-000123.color.png 0.99994 -0.00421639 0.0101172 -0.0059123 0.00417075 0.999981 0.004527 -0.0177591 -0.0101362 -0.00448453 0.999938 0.00600088 0.0 0.0 0.0 1.0
stairs/seq-05/color/frame-000123.color.png stairs/seq-05/color/frame-000124.color.png 0.999987 -0.00105666 0.00491569 -0.00234848 0.00107028 0.999996 -0.0027695 0.000275016 -0.0049127 0.00277473 0.999984 0.00809252 0.0 0.0 0.0 1.0
stairs/seq-05/color/frame-000124.color.png stairs/seq-05/color/frame-000125.color.png 0.999985 -0.00181202 0.0051798 -0.00828397 0.00181608 0.999998 -0.000771153 -0.00411487 -0.00517843 0.000780529 0.999986 0.00756723 0.0 0.0 0.0 1.0
stairs/seq-05/color/frame-000125.color.png stairs/seq-05/color/frame-000126.color.png 0.999996 -0.00258031 0.000692953 0.00132906 0.0025791 0.999995 0.00167397 -0.00909907 -0.000697251 -0.00167219 0.999998 0.00687701 0.0 0.0 0.0 1.0
stairs/seq-05/color/frame-000126.color.png stairs/seq-05/color/frame-000127.color.png 0.999995 -0.00321341 0.000660855 0.00735906 0.00321535 0.999991 -0.00295346 -0.00271201 -0.000651372 0.00295559 0.999995 0.00886822 0.0 0.0 0.0 1.0
stairs/seq-05/color/frame-000127.color.png stairs/seq-05/color/frame-000128.color.png 0.99997 -0.00288399 0.00719073 -0.0033884 0.00296812 0.999927 -0.011712 0.0121406 -0.00715642 0.011733 0.999906 0.0122671 0.0 0.0 0.0 1.0
stairs/seq-05/color/frame-000128.color.png stairs/seq-05/color/frame-000129.color.png 0.999921 -0.00635853 0.0108852 -0.0184657 0.0063399 0.999978 0.00174184 -0.0168481 -0.0108961 -0.00167267 0.999939 0.00922555 0.0 0.0 0.0 1.0
stairs/seq-05/color/frame-000129.color.png stairs/seq-05/color/frame-000130.color.png 0.999994 0.000484448 0.00331024 -0.00649726 -0.000475102 0.999996 -0.00281742 0.00223005 -0.0033116 0.00281585 0.99999 0.00512034 0.0 0.0 0.0 1.0
stairs/seq-05/color/frame-000130.color.png stairs/seq-05/color/frame-000131.color.png 0.999999 -0.00128318 -0.000946242 0.0032267 0.00128404 0.999999 0.000900343 -0.00189555 0.000945077 -0.000901545 0.999999 0.00844932 0.0 0.0 0.0 1.0
stairs/seq-05/color/frame-000131.color.png stairs/seq-05/color/frame-000132.color.png 0.999992 -0.00294525 -0.00271761 0.0119618 0.00293495 0.999988 -0.00381415 0.00413948 0.00272885 0.00380615 0.999989 0.00874871 0.0 0.0 0.0 1.0
stairs/seq-05/color/frame-000132.color.png stairs/seq-05/color/frame-000133.color.png 0.99999 -0.00333358 0.00297666 0.000336826 0.0033385 0.999993 -0.00167231 -0.00256753 -0.00297102 0.00168226 0.999994 0.00887048 0.0 0.0 0.0 1.0
stairs/seq-05/color/frame-000133.color.png stairs/seq-05/color/frame-000134.color.png 0.999959 -0.00529487 0.00741393 -0.0162356 0.00526516 0.999978 0.00402086 -0.0130165 -0.00743518 -0.0039817 0.999964 0.00356674 0.0 0.0 0.0 1.0
stairs/seq-05/color/frame-000134.color.png stairs/seq-05/color/frame-000135.color.png 0.999977 -0.00434597 0.00514569 -0.00724801 0.0043442 0.99999 0.000366892 -0.00358045 -0.00514728 -0.000344509 0.999987 0.0108631 0.0 0.0 0.0 1.0
stairs/seq-05/color/frame-000135.color.png stairs/seq-05/color/frame-000136.color.png 0.99997 -0.00539945 0.00550597 -0.0127973 0.00537336 0.999974 0.00473508 -0.0167381 -0.00553132 -0.00470537 0.999974 0.0076912 0.0 0.0 0.0 1.0
stairs/seq-05/color/frame-000136.color.png stairs/seq-05/color/frame-000137.color.png 0.999997 -0.0023368 -0.00114914 0.00369495 0.00233606 0.999997 -0.000659483 -0.00316244 0.00115071 0.000656805 0.999999 0.00866228 0.0 0.0 0.0 1.0
stairs/seq-05/color/frame-000137.color.png stairs/seq-05/color/frame-000138.color.png 0.999994 -0.00026569 -0.00354582 0.00858903 0.000263866 1.0 -0.000534524 -0.00775713 0.00354592 0.000533569 0.999994 0.00567412 0.0 0.0 0.0 1.0
stairs/seq-05/color/frame-000138.color.png stairs/seq-05/color/frame-000139.color.png 0.999989 0.00327916 -0.00325044 0.0178848 -0.00331033 0.999948 -0.00963402 0.0155329 0.0032187 0.00964468 0.999948 0.00961316 0.0 0.0 0.0 1.0
stairs/seq-05/color/frame-000139.color.png stairs/seq-05/color/frame-000140.color.png 0.999931 -0.0076709 0.00885372 -0.0222785 0.00768609 0.999969 -0.00168824 -0.0115985 -0.00884048 0.00175619 0.999959 0.00596279 0.0 0.0 0.0 1.0
stairs/seq-05/color/frame-000140.color.png stairs/seq-05/color/frame-000141.color.png 0.999991 -0.00244855 0.00354669 -0.00873116 0.00245451 0.999996 -0.00166541 -0.00427037 -0.00354265 0.00167408 0.999992 0.00940722 0.0 0.0 0.0 1.0
stairs/seq-05/color/frame-000141.color.png stairs/seq-05/color/frame-000142.color.png 0.99999 -0.00428412 0.00105216 -0.00372577 0.0042744 0.99995 0.00908281 -0.0271859 -0.00109101 -0.0090782 0.999958 0.00176883 0.0 0.0 0.0 1.0
stairs/seq-05/color/frame-000142.color.png stairs/seq-05/color/frame-000143.color.png 0.999995 -0.00289077 0.00133757 0.00492898 0.00289473 0.999991 -0.00303084 0.00102538 -0.00132871 0.00303476 0.999995 0.00478429 0.0 0.0 0.0 1.0
stairs/seq-05/color/frame-000143.color.png stairs/seq-05/color/frame-000144.color.png 0.999984 -0.00325971 0.00458481 -0.00438195 0.00327291 0.999991 -0.00286062 -0.00244945 -0.00457556 0.00287553 0.999985 0.00529057 0.0 0.0 0.0 1.0
stairs/seq-05/color/frame-000144.color.png stairs/seq-05/color/frame-000145.color.png 0.999975 -0.000287741 0.00712563 -0.00975564 0.00030028 0.999998 -0.00175933 -0.000199497 -0.00712505 0.00176143 0.999973 0.00807488 0.0 0.0 0.0 1.0
stairs/seq-05/color/frame-000145.color.png stairs/seq-05/color/frame-000146.color.png 0.99999 -0.00245473 0.00360785 -0.00539407 0.00246351 0.999994 -0.00243722 0.00365716 -0.0036019 0.00244609 0.999991 0.00657177 0.0 0.0 0.0 1.0
stairs/seq-05/color/frame-000146.color.png stairs/seq-05/color/frame-000147.color.png 0.999978 -0.00668768 -4.65043e-05 -0.000976056 0.00668781 0.999967 0.00452517 -0.0131755 1.62089e-05 -0.0045254 0.99999 0.00301456 0.0 0.0 0.0 1.0
stairs/seq-05/color/frame-000147.color.png stairs/seq-05/color/frame-000148.color.png 0.999978 -0.00470002 0.00461704 -0.00813422 0.00467792 0.999978 0.00479378 -0.0189044 -0.00463949 -0.00477206 0.999978 0.00493395 0.0 0.0 0.0 1.0
stairs/seq-05/color/frame-000148.color.png stairs/seq-05/color/frame-000149.color.png 0.999993 0.000189871 0.00367086 -0.00444308 -0.000181704 0.999997 -0.00223195 0.00188154 -0.00367122 0.00223128 0.999991 0.0064075 0.0 0.0 0.0 1.0
stairs/seq-05/color/frame-000149.color.png stairs/seq-05/color/frame-000150.color.png 0.999988 -0.00493896 1.00965e-05 0.00132504 0.00493899 0.999987 0.00156468 -0.00861394 -1.78829e-05 -0.0015646 0.999999 0.00550854 0.0 0.0 0.0 1.0
stairs/seq-05/color/frame-000150.color.png stairs/seq-05/color/frame-000151.color.png 0.999998 -0.00196364 -0.000818498 0.00393417 0.00196084 0.999992 -0.00335282 0.00044924 0.000825069 0.00335114 0.999994 0.00610137 0.0 0.0 0.0 1.0
stairs/seq-05/color/frame-000151.color.png stairs/seq-05/color/frame-000152.color.png 1.0 -0.000169962 0.000500653 0.00250164 0.000170638 0.999999 -0.00125016 -0.00455117 -0.000500311 0.00125028 0.999999 0.00233793 0.0 0.0 0.0 1.0
stairs/seq-05/color/frame-000152.color.png stairs/seq-05/color/frame-000153.color.png 0.999997 -0.000891779 0.00238336 -0.00067538 0.00089651 0.999998 -0.00200578 0.00111574 -0.00238166 0.00200791 0.999995 0.00792748 0.0 0.0 0.0 1.0
stairs/seq-05/color/frame-000153.color.png stairs/seq-05/color/frame-000154.color.png 0.999996 -0.00135134 -0.00240315 0.00772032 0.00134509 0.999996 -0.00257232 0.000465274 0.0024067 0.00256911 0.999994 0.00416332 0.0 0.0 0.0 1.0
stairs/seq-05/color/frame-000154.color.png stairs/seq-05/color/frame-000155.color.png 0.999996 0.00175334 0.00237832 -0.00310323 -0.00175507 0.999998 0.000732919 -0.0068804 -0.00237702 -0.0007371 0.999997 0.00426757 0.0 0.0 0.0 1.0
stairs/seq-05/color/frame-000155.color.png stairs/seq-05/color/frame-000156.color.png 0.999998 0.00194345 -0.000774146 0.00637737 -0.00194338 0.999998 0.000100424 -0.00220627 0.00077433 -9.89301e-05 1.0 0.00380743 0.0 0.0 0.0 1.0
stairs/seq-05/color/frame-000156.color.png stairs/seq-05/color/frame-000157.color.png 0.999999 -0.000321458 -0.00128877 0.00801936 0.000325229 0.999996 0.00291911 -0.0117647 0.00128779 -0.00291952 0.999995 0.00322026 0.0 0.0 0.0 1.0
stairs/seq-05/color/frame-000157.color.png stairs/seq-05/color/frame-000158.color.png 0.999994 0.00343787 0.0010061 0.00432646 -0.00343884 0.999994 0.000918683 -0.00843769 -0.00100296 -0.000922144 0.999999 0.00371361 0.0 0.0 0.0 1.0
stairs/seq-05/color/frame-000158.color.png stairs/seq-05/color/frame-000159.color.png 0.999985 0.00519782 0.0019018 0.00221923 -0.00519378 0.999984 -0.00209716 0.00366265 -0.00191268 0.00208725 0.999996 0.00733143 0.0 0.0 0.0 1.0
stairs/seq-05/color/frame-000159.color.png stairs/seq-05/color/frame-000160.color.png 0.999992 -0.000621836 0.00383323 -0.00583673 0.000601963 0.999986 0.00517786 -0.0169353 -0.00383641 -0.00517552 0.999979 0.00426006 0.0 0.0 0.0 1.0
stairs/seq-05/color/frame-000160.color.png stairs/seq-05/color/frame-000161.color.png 0.999997 0.000778861 -0.00220163 0.0101241 -0.000782947 0.999998 -0.00188178 -0.0013935 0.00220021 0.00188348 0.999996 0.00467932 0.0 0.0 0.0 1.0
stairs/seq-05/color/frame-000161.color.png stairs/seq-05/color/frame-000162.color.png 0.999993 0.0035177 -0.00135014 0.0130804 -0.00352195 0.999989 -0.00311041 0.00389624 0.00133913 0.00311516 0.999994 0.0041821 0.0 0.0 0.0 1.0
stairs/seq-05/color/frame-000162.color.png stairs/seq-05/color/frame-000163.color.png 0.999992 -0.000886098 0.00395812 0.000399739 0.000876072 0.999996 0.00253006 -0.0125501 -0.00396034 -0.00252655 0.999989 0.00339359 0.0 0.0 0.0 1.0
stairs/seq-05/color/frame-000163.color.png stairs/seq-05/color/frame-000164.color.png 0.999995 0.00270753 0.00138328 0.00419909 -0.00270461 0.999994 -0.0021377 0.00134408 -0.00138909 0.00213399 0.999997 0.00458366 0.0 0.0 0.0 1.0
stairs/seq-05/color/frame-000164.color.png stairs/seq-05/color/frame-000165.color.png 0.999992 0.00407307 0.000244608 0.00682691 -0.00407336 0.999991 0.000937813 -0.00597036 -0.000240782 -0.000938847 0.999999 0.00572741 0.0 0.0 0.0 1.0
stairs/seq-05/color/frame-000165.color.png stairs/seq-05/color/frame-000166.color.png 0.99999 0.00284602 0.00358132 0.000382632 -0.00287111 0.999971 0.00704152 -0.0253935 -0.00356121 -0.00705171 0.999969 3.11732e-05 0.0 0.0 0.0 1.0
stairs/seq-05/color/frame-000166.color.png stairs/seq-05/color/frame-000167.color.png 0.99996 0.00170013 0.00877783 -0.0147761 -0.00167742 0.999995 -0.00259247 0.000220358 -0.00878204 0.00257767 0.999958 0.0078882 0.0 0.0 0.0 1.0
stairs/seq-05/color/frame-000167.color.png stairs/seq-05/color/frame-000168.color.png 1.0 0.000384177 6.90729e-05 0.0031569 -0.000384141 0.999999 -0.00113713 -0.000760496 -6.95514e-05 0.0011371 0.999999 0.0061143 0.0 0.0 0.0 1.0
stairs/seq-05/color/frame-000168.color.png stairs/seq-05/color/frame-000169.color.png 0.999963 0.00508898 -0.00687379 0.0249412 -0.00508462 0.999987 0.000638342 -0.00485533 0.00687695 -0.000603398 0.999976 0.00124228 0.0 0.0 0.0 1.0
stairs/seq-05/color/frame-000169.color.png stairs/seq-05/color/frame-000170.color.png 0.999984 0.00487077 0.00300745 -0.00169912 -0.00488104 0.999982 0.00339833 -0.015544 -0.00299088 -0.00341297 0.99999 0.00348693 0.0 0.0 0.0 1.0
stairs/seq-05/color/frame-000170.color.png stairs/seq-05/color/frame-000171.color.png 0.999991 0.00425859 0.000307047 0.00374392 -0.00425726 0.999982 -0.00422137 0.000133455 -0.00032504 0.00422001 0.999991 0.0090211 0.0 0.0 0.0 1.0
stairs/seq-05/color/frame-000171.color.png stairs/seq-05/color/frame-000172.color.png 0.999969 0.00443191 -0.00648112 0.0228935 -0.00446389 0.999978 -0.00493047 0.00314093 0.00645917 0.00495924 0.999967 0.00229979 0.0 0.0 0.0 1.0
