stairs/seq-05/color/frame-000000.color.png stairs/seq-05/color/frame-000002.color.png 0.999995 -0.00158772 -0.00290122 -0.00266083 0.00160047 0.999989 0.00439877 -0.000252271 0.0028942 -0.00440339 0.999986 -0.000399146 0.0 0.0 0.0 1.0
stairs/seq-05/color/frame-000001.color.png stairs/seq-05/color/frame-000003.color.png 0.999998 0.000434989 -0.0019861 -0.000495077 -0.000429801 0.999997 0.00261206 9.37383e-05 0.00198722 -0.00261121 0.999995 0.000869278 0.0 0.0 0.0 1.0
stairs/seq-05/color/frame-000002.color.png stairs/seq-05/color/frame-000004.color.png 1.0 -0.000307645 -0.000290412 0.000260021 0.000308432 0.999996 0.00271261 -0.00133447 0.000289576 -0.0027127 0.999996 0.00104017 0.0 0.0 0.0 1.0
stairs/seq-05/color/frame-000003.color.png stairs/seq-05/color/frame-000005.color.png 1.0 0.000662327 0.000628277 -0.00136299 -0.000664076 0.999996 0.00278741 -5.22235e-05 -0.000626428 -0.00278783 0.999996 -0.000842598 0.0 0.0 0.0 1.0
stairs/seq-05/color/frame-000004.color.png stairs/seq-05/color/frame-000006.color.png 1.0 0.000191059 0.000619781 -0.00154851 -0.000192791 0.999996 0.00279673 -0.000702374 -0.000619243 -0.00279685 0.999996 -5.97594e-05 0.0 0.0 0.0 1.0
stairs/seq-05/color/frame-000005.color.png stairs/seq-05/color/frame-000007.color.png 0.999999 -0.000533832 -0.000872692 -0.000301056 0.000536154 0.999996 0.00266241 -0.00191934 0.000871268 -0.00266288 0.999996 0.00141659 0.0 0.0 0.0 1.0
stairs/seq-05/color/frame-000006.color.png stairs/seq-05/color/frame-000008.color.png 0.99999 -0.00370948 -0.00243639 -0.00120716 0.00371456 0.999991 0.00208115 -0.00146664 0.00242865 -0.00209018 0.999995 0.000659545 0.0 0.0 0.0 1.0
stairs/seq-05/color/frame-000007.color.png stairs/seq-05/color/frame-000009.color.png 0.99999 -0.00284593 -0.00348424 -0.00115661 0.00286151 0.999986 0.00447395 -0.000528277 0.00347146 -0.00448387 0.999984 0.00253947 0.0 0.0 0.0 1.0
stairs/seq-05/color/frame-000008.color.png stairs/seq-05/color/frame-000010.color.png 0.999998 -0.000161616 -0.0020533 -0.00113189 0.00017029 0.999991 0.00422519 -0.00138841 0.0020526 -0.00422553 0.999989 0.00433618 0.0 0.0 0.0 1.0
stairs/seq-05/color/frame-000009.color.png stairs/seq-05/color/frame-000011.color.png 1.0 -0.000320164 -0.00065167 -0.00371115 0.000321818 0.999997 0.00254044 -0.00251164 0.000650854 -0.00254065 0.999997 0.00132036 0.0 0.0 0.0 1.0
stairs/seq-05/color/frame-000010.color.png stairs/seq-05/color/frame-000012.color.png 0.999999 0.000385554 -0.00115675 -0.00351446 -0.000382688 0.999997 0.00247609 -0.00295407 0.0011577 -0.00247565 0.999996 -0.00148933 0.0 0.0 0.0 1.0
stairs/seq-05/color/frame-000011.color.png stairs/seq-05/color/frame-000013.color.png 0.999999 -0.000551233 -0.00154123 -0.00284539 0.00055426 0.999998 0.0019639 -0.000200627 0.00154015 -0.00196475 0.999997 0.0026088 0.0 0.0 0.0 1.0
stairs/seq-05/color/frame-000012.color.png stairs/seq-05/color/frame-000014.color.png 1.0 -1.6942e-05 -0.000957956 -0.0046511 2.20126e-05 0.999986 0.00529478 -0.00174503 0.000957853 -0.0052948 0.999986 0.00206285 0.0 0.0 0.0 1.0
stairs/seq-05/color/frame-000013.color.png stairs/seq-05/color/frame-000015.color.png 0.999999 0.000272162 -0.00134165 -0.0035831 -0.000261902 0.999971 0.00764137 -0.00449094 0.00134369 -0.00764101 0.99997 0.00230455 0.0 0.0 0.0 1.0
stairs/seq-05/color/frame-000014.color.png stairs/seq-05/color/frame-000016.color.png 0.999999 -9.55328e-05 -0.00129173 -0.00391841 0.000109034 0.999945 0.010455 -0.00482437 0.00129066 -0.0104552 0.999945 0.00335294 0.0 0.0 0.0 1.0
stairs/seq-05/color/frame-000015.color.png stairs/seq-05/color/frame-000017.color.png 1.0 -0.000604763 -0.00055806 -0.00284148 0.00060967 0.999961 0.00883394 -0.00225551 0.000552695 -0.00883428 0.999961 0.00576954 0.0 0.0 0.0 1.0
stairs/seq-05/color/frame-000016.color.png stairs/seq-05/color/frame-000018.color.png 0.999989 -0.0033543 -0.00325171 -0.00562177 0.00338055 0.999962 0.00810002 -0.00227011 0.00322441 -0.00811093 0.999962 0.00293362 0.0 0.0 0.0 1.0
stairs/seq-05/color/frame-000017.color.png stairs/seq-05/color/frame-000019.color.png 0.999978 -0.000904788 -0.00657741 -0.00968846 0.000978753 0.999936 0.0112508 -0.00326954 0.00656681 -0.0112569 0.999915 0.00253816 0.0 0.0 0.0 1.0
stairs/seq-05/color/frame-000018.color.png stairs/seq-05/color/frame-000020.color.png 0.999969 -0.00320684 -0.00721511 -0.00113249 0.0032698 0.999957 0.00873211 -0.00523432 0.00718679 -0.00875543 0.999936 0.00631017 0.0 0.0 0.0 1.0
stairs/seq-05/color/frame-000019.color.png stairs/seq-05/color/frame-000021.color.png 0.999985 -0.00322529 -0.0044085 -0.00278248 0.00324346 0.999986 0.00412002 -0.0036781 0.00439516 -0.00413428 0.999982 0.00353458 0.0 0.0 0.0 1.0
stairs/seq-05/color/frame-000020.color.png stairs/seq-05/color/frame-000022.color.png 1.0 0.000765808 -0.000562922 -0.00639891 -0.000763408 0.999991 0.00424919 -0.00379433 0.000566175 -0.00424875 0.999991 0.00193447 0.0 0.0 0.0 1.0
stairs/seq-05/color/frame-000021.color.png stairs/seq-05/color/frame-000023.color.png 0.999978 0.00332585 0.00581103 -0.00930849 -0.0033562 0.999981 0.00522163 -0.00599228 -0.00579355 -0.00524101 0.99997 -0.000671735 0.0 0.0 0.0 1.0
stairs/seq-05/color/frame-000022.color.png stairs/seq-05/color/frame-000024.color.png 0.999972 0.00306556 0.00675892 -0.015418 -0.00310358 0.999979 0.00562098 -0.00800146 -0.00674155 -0.00564181 0.999961 -0.00114941 0.0 0.0 0.0 1.0
stairs/seq-05/color/frame-000023.color.png stairs/seq-05/color/frame-000025.color.png 0.999986 0.00408274 0.00341659 -0.0128642 -0.00410078 0.999978 0.00529051 -0.00475424 -0.00339491 -0.00530444 0.99998 -0.000705974 0.0 0.0 0.0 1.0
stairs/seq-05/color/frame-000024.color.png stairs/seq-05/color/frame-000026.color.png 0.999953 0.00797405 0.00556647 -0.0095107 -0.00801428 0.999942 0.00724356 -0.00651481 -0.00550838 -0.00728782 0.999958 0.00277862 0.0 0.0 0.0 1.0
stairs/seq-05/color/frame-000025.color.png stairs/seq-05/color/frame-000027.color.png 0.999959 0.00861918 0.00261634 -0.00989004 -0.00863857 0.999935 0.00749011 -0.00935645 -0.00255161 -0.00751242 0.999969 0.00646141 0.0 0.0 0.0 1.0
stairs/seq-05/color/frame-000026.color.png stairs/seq-05/color/frame-000028.color.png 0.99996 0.00892691 -0.000270717 -0.011724 -0.00892402 0.999917 0.00926067 -0.00804497 0.000353369 -0.0092579 0.999957 0.00637744 0.0 0.0 0.0 1.0
stairs/seq-05/color/frame-000027.color.png stairs/seq-05/color/frame-000029.color.png 0.999985 0.00532671 0.00119484 -0.0142604 -0.00533627 0.999952 0.00815023 -0.00666421 -0.00115137 -0.00815646 0.999966 0.0142073 0.0 0.0 0.0 1.0
stairs/seq-05/color/frame-000028.color.png stairs/seq-05/color/frame-000030.color.png 0.999999 0.00100116 -0.00138187 -0.0096086 -0.000993215 0.999983 0.0057405 -0.00644705 0.00138759 -0.00573911 0.999983 0.0054944 0.0 0.0 0.0 1.0
stairs/seq-05/color/frame-000029.color.png stairs/seq-05/color/frame-000031.color.png 0.999991 0.00319977 -0.00267695 -0.0051953 -0.00319117 0.99999 0.00321022 -0.0029241 0.0026872 -0.00320165 0.999991 0.0129234 0.0 0.0 0.0 1.0
stairs/seq-05/color/frame-000030.color.png stairs/seq-05/color/frame-000032.color.png 0.999994 -0.00284489 -0.00215595 -0.0102948 0.00284015 0.999994 -0.00219712 -0.00265633 0.00216219 0.00219097 0.999995 0.0165343 0.0 0.0 0.0 1.0
stairs/seq-05/color/frame-000031.color.png stairs/seq-05/color/frame-000033.color.png 0.999969 -0.00416143 -0.00667223 -0.00726185 0.00414876 0.99999 -0.00191065 -0.00450878 0.00668011 0.0018829 0.999976 0.0128823 0.0 0.0 0.0 1.0
stairs/seq-05/color/frame-000032.color.png stairs/seq-05/color/frame-000034.color.png 0.999987 0.00195555 -0.004738 -0.00420805 -0.00196174 0.999997 -0.00130133 -0.00610821 0.00473544 0.00131059 0.999988 0.0177133 0.0 0.0 0.0 1.0
stairs/seq-05/color/frame-000033.color.png stairs/seq-05/color/frame-000035.color.png 0.999979 0.00281122 0.00588419 -0.0111596 -0.00278735 0.999988 -0.00406018 -0.00664495 -0.00589554 0.0040437 0.999974 0.0140508 0.0 0.0 0.0 1.0
stairs/seq-05/color/frame-000034.color.png stairs/seq-05/color/frame-000036.color.png 0.999964 0.00322217 0.00785486 -0.00871602 -0.00318853 0.999986 -0.00429175 -0.00743321 -0.00786858 0.00426657 0.99996 0.0161105 0.0 0.0 0.0 1.0
stairs/seq-05/color/frame-000035.color.png stairs/seq-05/color/frame-000037.color.png 0.999973 0.00181929 0.00714537 -0.00297532 -0.0018061 0.999997 -0.00185198 -0.00426428 -0.00714871 0.00183902 0.999973 0.0159985 0.0 0.0 0.0 1.0
stairs/seq-05/color/frame-000036.color.png stairs/seq-05/color/frame-000038.color.png 0.999965 -0.00185253 0.00820145 -0.0013103 0.00186119 0.999998 -0.0010487 -0.00597037 -0.00819949 0.00106391 0.999966 0.0197342 0.0 0.0 0.0 1.0
stairs/seq-05/color/frame-000037.color.png stairs/seq-05/color/frame-000039.color.png 0.999864 -0.00659512 0.0151421 -0.00917662 0.00667653 0.999963 -0.00533233 -0.0103945 -0.0151064 0.0054327 0.999871 0.0204472 0.0 0.0 0.0 1.0
stairs/seq-05/color/frame-000038.color.png stairs/seq-05/color/frame-000040.color.png 0.99987 -0.0105943 0.0121541 -0.0135764 0.010754 0.999856 -0.0131524 -0.00436631 -0.012013 0.0132814 0.99984 0.0182574 0.0 0.0 0.0 1.0
stairs/seq-05/color/frame-000039.color.png stairs/seq-05/color/frame-000041.color.png 0.999862 -0.0137436 0.00928412 -0.00704488 0.0139016 0.999756 -0.0171805 -0.00494198 -0.00904574 0.0173072 0.999809 0.0170278 0.0 0.0 0.0 1.0
stairs/seq-05/color/frame-000040.color.png stairs/seq-05/color/frame-000042.color.png 0.999914 -0.00937021 0.00914539 -0.00605595 0.00946981 0.999896 -0.0109089 -0.00677843 -0.00904222 0.0109945 0.999899 0.0146725 0.0 0.0 0.0 1.0
stairs/seq-05/color/frame-000041.color.png stairs/seq-05/color/frame-000043.color.png 0.999916 -0.0125327 0.00343987 -0.0120399 0.0125662 0.999872 -0.00989673 -0.00377244 -0.0033154 0.00993912 0.999945 0.0129761 0.0 0.0 0.0 1.0
stairs/seq-05/color/frame-000042.color.png stairs/seq-05/color/frame-000044.color.png 0.999885 -0.0142229 0.00532027 -0.0114154 0.0142508 0.999885 -0.00526224 -0.00455163 -0.00524481 0.00533745 0.999972 0.0194213 0.0 0.0 0.0 1.0
stairs/seq-05/color/frame-000043.color.png stairs/seq-05/color/frame-000045.color.png 0.999867 -0.0120607 0.0109575 -0.0133592 0.0120305 0.999924 0.00281741 -0.00698953 -0.0109906 -0.0026852 0.999936 0.017048 0.0 0.0 0.0 1.0
stairs/seq-05/color/frame-000044.color.png stairs/seq-05/color/frame-000046.color.png 0.999936 -0.00871701 0.00724826 -0.0109118 0.00870852 0.999961 0.00120245 -0.00567071 -0.00725847 -0.00113926 0.999973 0.0100332 0.0 0.0 0.0 1.0
stairs/seq-05/color/frame-000045.color.png stairs/seq-05/color/frame-000047.color.png 0.999981 -0.00476641 0.00379613 -0.00939143 0.00477805 0.999984 -0.0030633 -0.00567637 -0.00378146 0.00308138 0.999988 0.019567 0.0 0.0 0.0 1.0
stairs/seq-05/color/frame-000046.color.png stairs/seq-05/color/frame-000048.color.png 0.999955 -0.00510276 0.00799472 -0.00530867 0.0051604 0.999961 -0.00720627 -0.00483972 -0.00795763 0.0072472 0.999942 0.0224339 0.0 0.0 0.0 1.0
stairs/seq-05/color/frame-000047.color.png stairs/seq-05/color/frame-000049.color.png 0.999868 -0.00410954 0.0157423 -0.00130445 0.0042125 0.99997 -0.00651355 -0.00302338 -0.015715 0.00657899 0.999855 0.0183584 0.0 0.0 0.0 1.0
stairs/seq-05/color/frame-000048.color.png stairs/seq-05/color/frame-000050.color.png 0.999855 -0.00440155 0.0164241 -0.00763687 0.00442731 0.999989 -0.00153156 -0.00129549 -0.0164172 0.00160405 0.999864 0.00910501 0.0 0.0 0.0 1.0
stairs/seq-05/color/frame-000049.color.png stairs/seq-05/color/frame-000051.color.png 0.9999 -0.00875068 0.0111428 -0.00894159 0.00864457 0.999917 0.00953716 -0.00584272 -0.0112253 -0.00943988 0.999892 0.00288209 0.0 0.0 0.0 1.0
stairs/seq-05/color/frame-000050.color.png stairs/seq-05/color/frame-000052.color.png 0.999799 -0.00957317 0.017598 -0.0123144 0.0094006 0.999907 0.0098626 -0.00997225 -0.0176908 -0.00969518 0.999797 0.00617301 0.0 0.0 0.0 1.0
stairs/seq-05/color/frame-000051.color.png stairs/seq-05/color/frame-000053.color.png 0.999739 -0.0139849 0.0180492 -0.0134507 0.0139055 0.999893 0.00452163 -0.00352009 -0.0181105 -0.00426946 0.999827 0.0053716 0.0 0.0 0.0 1.0
stairs/seq-05/color/frame-000052.color.png stairs/seq-05/color/frame-000054.color.png 0.999867 -0.0144429 0.00759814 -0.00255944 0.0143755 0.999858 0.00884482 -0.0010789 -0.0077248 -0.00873442 0.999932 0.00650108 0.0 0.0 0.0 1.0
stairs/seq-05/color/frame-000053.color.png stairs/seq-05/color/frame-000055.color.png 0.999928 -0.0105999 0.00558096 0.000675321 0.010522 0.999849 0.0138035 -0.00659026 -0.00572642 -0.0137438 0.999889 0.0101187 0.0 0.0 0.0 1.0
stairs/seq-05/color/frame-000054.color.png stairs/seq-05/color/frame-000056.color.png 0.999832 -0.0067508 0.0170542 -0.00930591 0.00646802 0.999841 0.0165841 -0.0135512 -0.0171635 -0.016471 0.999717 0.00877938 0.0 0.0 0.0 1.0
stairs/seq-05/color/frame-000055.color.png stairs/seq-05/color/frame-000057.color.png 0.999796 -0.00299041 0.019956 -0.0136454 0.00263862 0.999841 0.0176315 -0.0213191 -0.0200056 -0.0175752 0.999645 4.81308e-06 0.0 0.0 0.0 1.0
stairs/seq-05/color/frame-000056.color.png stairs/seq-05/color/frame-000058.color.png 0.999866 -0.00289551 0.0161053 -0.024714 0.00278006 0.99997 0.00718499 -0.00197926 -0.0161256 -0.00713928 0.999844 0.00066638 0.0 0.0 0.0 1.0
stairs/seq-05/color/frame-000057.color.png stairs/seq-05/color/frame-000059.color.png 0.999946 -0.00105257 0.010296 -0.00112543 0.000944419 0.999944 0.0105027 -0.00682648 -0.0103065 -0.0104924 0.999892 0.00279537 0.0 0.0 0.0 1.0
stairs/seq-05/color/frame-000058.color.png stairs/seq-05/color/frame-000060.color.png 0.999849 -0.00882887 0.0149971 -0.0048651 0.0086354 0.999879 0.0129179 -0.00854118 -0.0151093 -0.0127864 0.999804 0.00623795 0.0 0.0 0.0 1.0
stairs/seq-05/color/frame-000059.color.png stairs/seq-05/color/frame-000061.color.png 0.99988 -0.0127011 0.00890072 0.000125274 0.0125912 0.999845 0.0122954 -0.0129824 -0.0090555 -0.0121818 0.999885 0.0121666 0.0 0.0 0.0 1.0
stairs/seq-05/color/frame-000060.color.png stairs/seq-05/color/frame-000062.color.png 0.999963 -0.00388963 0.00761118 0.000865445 0.00387395 0.99999 0.00207325 -0.00405517 -0.0076192 -0.00204369 0.999969 0.00725567 0.0 0.0 0.0 1.0
stairs/seq-05/color/frame-000061.color.png stairs/seq-05/color/frame-000063.color.png 0.99988 -0.00303832 0.0152107 -0.00348824 0.00306698 0.999994 -0.00186192 0.000309169 -0.0152049 0.00190833 0.999883 0.00176838 0.0 0.0 0.0 1.0
stairs/seq-05/color/frame-000062.color.png stairs/seq-05/color/frame-000064.color.png 0.999581 -0.00866092 0.0276226 -0.0146404 0.00868235 0.999962 -0.000655125 -0.00750892 -0.0276158 0.000894698 0.999618 -0.00647187 0.0 0.0 0.0 1.0
stairs/seq-05/color/frame-000063.color.png stairs/seq-05/color/frame-000065.color.png 0.999146 -0.0245102 0.0332577 -0.0230595 0.024584 0.999696 -0.00180953 -0.0017343 -0.0332032 0.0026256 0.999445 0.00605458 0.0 0.0 0.0 1.0
stairs/seq-05/color/frame-000064.color.png stairs/seq-05/color/frame-000066.color.png 0.999303 -0.0270075 0.0257527 -0.0241528 0.0267169 0.999576 0.0115642 -0.0299507 -0.0260541 -0.0108681 0.999601 0.0122762 0.0 0.0 0.0 1.0
stairs/seq-05/color/frame-000065.color.png stairs/seq-05/color/frame-000067.color.png 0.999861 -0.00820641 0.014548 -0.0231688 0.00810523 0.999943 0.00700124 -0.0248684 -0.0146046 -0.00688235 0.99987 0.0091908 0.0 0.0 0.0 1.0
stairs/seq-05/color/frame-000066.color.png stairs/seq-05/color/frame-000068.color.png 0.999949 -0.00119097 0.0100268 -0.00246769 0.00118031 0.999999 0.00106771 -0.0185466 -0.010028 -0.00105582 0.999949 0.00632986 0.0 0.0 0.0 1.0
stairs/seq-05/color/frame-000067.color.png stairs/seq-05/color/frame-000069.color.png 0.999883 -0.00889838 0.0124435 -0.00905471 0.00899683 0.999928 -0.00788008 -0.0109084 -0.0123724 0.00799114 0.999892 0.0157478 0.0 0.0 0.0 1.0
stairs/seq-05/color/frame-000068.color.png stairs/seq-05/color/frame-000070.color.png 0.999937 -0.0110653 0.001691 0.00248468 0.0110851 0.999864 -0.01219 0.00103758 -0.00155588 0.012208 0.999924 0.0209664 0.0 0.0 0.0 1.0
stairs/seq-05/color/frame-000069.color.png stairs/seq-05/color/frame-000071.color.png 0.999938 -0.00814392 0.00764095 -0.0213714 0.00821977 0.999917 -0.00994874 -0.00573212 -0.00755931 0.0100109 0.999921 0.0074524 0.0 0.0 0.0 1.0
stairs/seq-05/color/frame-000070.color.png stairs/seq-05/color/frame-000072.color.png 0.99987 -0.00706215 0.0144634 -0.0306108 0.00717262 0.999945 -0.00759918 -0.0165135 -0.014409 0.00770194 0.999867 0.00914881 0.0 0.0 0.0 1.0
stairs/seq-05/color/frame-000071.color.png stairs/seq-05/color/frame-000073.color.png 0.999895 -0.00786111 0.0121854 -0.0220705 0.0078733 0.999969 -0.000951997 -0.0185937 -0.0121775 0.00104786 0.999925 0.0125191 0.0 0.0 0.0 1.0
stairs/seq-05/color/frame-000072.color.png stairs/seq-05/color/frame-000074.color.png 0.999906 -0.00587734 0.0123976 -0.0290951 0.00584244 0.999979 0.00284765 -0.0159655 -0.0124141 -0.00277496 0.999919 0.00364968 0.0 0.0 0.0 1.0
stairs/seq-05/color/frame-000073.color.png stairs/seq-05/color/frame-000075.color.png 0.999911 -0.0100223 0.00882619 -0.0117447 0.0100779 0.99993 -0.00628134 -0.00270845 -0.00876263 0.00636973 0.999941 0.013698 0.0 0.0 0.0 1.0
stairs/seq-05/color/frame-000074.color.png stairs/seq-05/color/frame-000076.color.png 0.999764 -0.0137759 0.0167848 -0.0319811 0.0138039 0.999903 -0.00155431 -0.0159843 -0.0167617 0.00178563 0.999858 0.0157153 0.0 0.0 0.0 1.0
stairs/seq-05/color/frame-000075.color.png stairs/seq-05/color/frame-000077.color.png 0.999915 -0.00846865 0.00991067 -0.0191028 0.00848042 0.999963 -0.00114506 -0.00733109 -0.00990061 0.00122901 0.99995 0.00806478 0.0 0.0 0.0 1.0
stairs/seq-05/color/frame-000076.color.png stairs/seq-05/color/frame-000078.color.png 0.999937 -0.00893237 0.00672998 -0.0124121 0.00890251 0.99995 0.00445761 -0.0134349 -0.00676945 -0.00439741 0.999967 0.0120511 0.0 0.0 0.0 1.0
stairs/seq-05/color/frame-000077.color.png stairs/seq-05/color/frame-000079.color.png 0.999971 -0.00494765 0.00573627 -0.0142081 0.00494598 0.999988 0.000305246 -0.00579825 -0.00573771 -0.000276878 0.999983 0.00984293 0.0 0.0 0.0 1.0
stairs/seq-05/color/frame-000078.color.png stairs/seq-05/color/frame-000080.color.png 0.999961 -0.00761592 0.0044826 -0.0132603 0.00762745 0.999968 -0.00255816 -0.00587156 -0.00446288 0.00259226 0.999987 0.00932679 0.0 0.0 0.0 1.0
stairs/seq-05/color/frame-000079.color.png stairs/seq-05/color/frame-000081.color.png 0.999929 -0.0104804 0.00570811 -0.0137207 0.0104928 0.999943 -0.00216887 -0.00665554 -0.00568505 0.0022286 0.999981 0.00783494 0.0 0.0 0.0 1.0
stairs/seq-05/color/frame-000080.color.png stairs/seq-05/color/frame-000082.color.png 0.999962 -0.00623268 0.00614165 -0.0136848 0.00624523 0.999978 -0.0020311 -0.00553182 -0.00612887 0.00206935 0.999979 0.00869077 0.0 0.0 0.0 1.0
stairs/seq-05/color/frame-000081.color.png stairs/seq-05/color/frame-000083.color.png 0.99996 -0.00229554 0.00868683 -0.020204 0.00229707 0.999997 -0.000159334 -0.00616574 -0.00868653 0.000179282 0.999962 0.00360057 0.0 0.0 0.0 1.0
stairs/seq-05/color/frame-000082.color.png stairs/seq-05/color/frame-000084.color.png 0.999963 -0.00610548 0.00599916 -0.00974792 0.00610852 0.999981 -0.000488675 -0.0024659 -0.00599604 0.000525329 0.999982 0.00786778 0.0 0.0 0.0 1.0
stairs/seq-05/color/frame-000083.color.png stairs/seq-05/color/frame-000085.color.png 0.999941 -0.00873948 0.00641128 -0.0132366 0.00875718 0.999958 -0.00274025 0.00658524 -0.00638707 0.00279624 0.999976 0.012086 0.0 0.0 0.0 1.0
stairs/seq-05/color/frame-000084.color.png stairs/seq-05/color/frame-000086.color.png 0.999942 -0.010137 0.00352673 -0.00751373 0.0101129 0.999926 0.00679732 -0.00820589 -0.00359546 -0.00676127 0.999971 0.00990075 0.0 0.0 0.0 1.0
stairs/seq-05/color/frame-000085.color.png stairs/seq-05/color/frame-000087.color.png 0.999922 -0.011479 0.00487472 -0.00802171 0.0114469 0.999913 0.00653694 -0.00645834 -0.00494931 -0.00648065 0.999967 0.00424722 0.0 0.0 0.0 1.0
stairs/seq-05/color/frame-000086.color.png stairs/seq-05/color/frame-000088.color.png 0.999963 -0.00454344 0.0072493 -0.0197866 0.0044868 0.99996 0.00780705 -0.00939021 -0.00728441 -0.00777424 0.999943 -0.000748724 0.0 0.0 0.0 1.0
stairs/seq-05/color/frame-000087.color.png stairs/seq-05/color/frame-000089.color.png 0.999978 -0.00574135 0.00329378 -0.0132088 0.00570477 0.999923 0.0110063 -0.0146316 -0.00335671 -0.0109873 0.999934 0.00556374 0.0 0.0 0.0 1.0
stairs/seq-05/color/frame-000088.color.png stairs/seq-05/color/frame-000090.color.png 0.999928 -0.00161285 0.0119015 -0.0305222 0.00137346 0.999797 0.020091 -0.0421619 -0.0119315 -0.0200732 0.999727 0.0228948 0.0 0.0 0.0 1.0
stairs/seq-05/color/frame-000089.color.png stairs/seq-05/color/frame-000091.color.png 0.999993 8.21028e-05 -0.00378577 0.00956991 -6.7585e-05 0.999993 0.00382423 -0.00967252 0.00378609 -0.00382395 0.999985 0.0174415 0.0 0.0 0.0 1.0
stairs/seq-05/color/frame-000090.color.png stairs/seq-05/color/frame-000092.color.png 0.99998 0.00638696 0.000475177 0.00245398 -0.00638649 0.999979 -0.000870207 -0.00365227 -0.000480687 0.000867157 1.0 0.0156745 0.0 0.0 0.0 1.0
stairs/seq-05/color/frame-000091.color.png stairs/seq-05/color/frame-000093.color.png 0.999991 0.00118477 0.00407679 -0.0048444 -0.00120675 0.999985 0.0053818 -0.0152748 -0.0040703 -0.00538666 0.999977 0.00890771 0.0 0.0 0.0 1.0
stairs/seq-05/color/frame-000092.color.png stairs/seq-05/color/frame-000094.color.png 0.999982 -0.00296398 0.00528989 -0.00440988 0.00295526 0.999994 0.00164395 -0.00582877 -0.0052948 -0.00162827 0.999985 0.00872269 0.0 0.0 0.0 1.0
stairs/seq-05/color/frame-000093.color.png stairs/seq-05/color/frame-000095.color.png 0.999946 -0.00846723 0.00595491 -0.0129371 0.00840152 0.999905 0.0109706 -0.0333933 -0.0060472 -0.01092 0.999922 0.0177639 0.0 0.0 0.0 1.0
stairs/seq-05/color/frame-000094.color.png stairs/seq-05/color/frame-000096.color.png 0.999997 -0.00225852 -0.000989 -0.00189602 0.00225866 0.999998 0.000111439 -0.00874516 0.000988796 -0.000113673 1.0 0.017273 0.0 0.0 0.0 1.0
stairs/seq-05/color/frame-000095.color.png stairs/seq-05/color/frame-000097.color.png 0.99975 0.00603056 0.0215217 -0.0531535 -0.00635333 0.999868 0.0149626 -0.0433413 -0.0214286 -0.0150956 0.999656 0.0143982 0.0 0.0 0.0 1.0
stairs/seq-05/color/frame-000096.color.png stairs/seq-05/color/frame-000098.color.png 0.999998 -0.00158048 0.000854133 -0.000182003 0.00157977 0.999998 0.000800635 -0.0116152 -0.000855414 -0.000799288 0.999999 0.0199816 0.0 0.0 0.0 1.0
stairs/seq-05/color/frame-000097.color.png stairs/seq-05/color/frame-000099.color.png 0.999968 0.000774766 0.0080053 0.000424594 -0.000719389 0.999976 -0.00691403 0.00896737 -0.00801038 0.00690809 0.999944 0.0142937 0.0 0.0 0.0 1.0
stairs/seq-05/color/frame-000098.color.png stairs/seq-05/color/frame-000100.color.png 0.999962 0.0021774 0.00848764 -0.000213355 -0.00219752 0.999995 0.00236614 -0.00489029 -0.00848243 -0.00238473 0.999961 0.0135685 0.0 0.0 0.0 1.0
stairs/seq-05/color/frame-000099.color.png stairs/seq-05/color/frame-000101.color.png 1.0 -0.000391923 0.000619238 0.0127348 0.000387408 0.999973 0.00728011 -0.0177069 -0.000622137 -0.00727989 0.999973 0.0124885 0.0 0.0 0.0 1.0
stairs/seq-05/color/frame-000100.color.png stairs/seq-05/color/frame-000102.color.png 0.999595 -0.0025938 0.0283358 -0.0489537 0.00231531 0.999949 0.00985609 -0.0321513 -0.02836 -0.00978645 0.99955 -0.000552475 0.0 0.0 0.0 1.0
stairs/seq-05/color/frame-000101.color.png stairs/seq-05/color/frame-000103.color.png 0.99973 -0.00923435 0.0213158 -0.0159255 0.00942923 0.999915 -0.00906174 0.00327519 -0.0212303 0.00926025 0.999732 0.0141019 0.0 0.0 0.0 1.0
stairs/seq-05/color/frame-000102.color.png stairs/seq-05/color/frame-000104.color.png 0.999827 -0.00315792 0.0183371 -0.00579324 0.00327717 0.999974 -0.00647578 -0.00787073 -0.0183162 0.00653475 0.999811 0.0127799 0.0 0.0 0.0 1.0
stairs/seq-05/color/frame-000103.color.png stairs/seq-05/color/frame-000105.color.png 0.999952 -0.00215122 0.00950927 0.000452548 0.00222296 0.999969 -0.00753816 -0.0045957 -0.00949278 0.00755896 0.999926 0.00602835 0.0 0.0 0.0 1.0
stairs/seq-05/color/frame-000104.color.png stairs/seq-05/color/frame-000106.color.png 0.999922 -0.00448909 0.011661 -0.00731418 0.00451299 0.999988 -0.00202536 -0.00866488 -0.0116517 0.00207783 0.99993 0.00852358 0.0 0.0 0.0 1.0
stairs/seq-05/color/frame-000105.color.png stairs/seq-05/color/frame-000107.color.png 0.99987 -0.00967672 0.0128837 -0.0189216 0.00958796 0.99993 0.00693204 -0.0256734 -0.0129498 -0.0068076 0.999893 0.00943041 0.0 0.0 0.0 1.0
stairs/seq-05/color/frame-000106.color.png stairs/seq-05/color/frame-000108.color.png 0.999908 -0.00873347 0.0104175 -0.00990134 0.00877538 0.999954 -0.00398415 0.000402212 -0.0103823 0.0040752 0.999938 0.0114879 0.0 0.0 0.0 1.0
stairs/seq-05/color/frame-000107.color.png stairs/seq-05/color/frame-000109.color.png 0.99988 -0.00213774 0.015365 -0.0181963 0.00199296 0.999954 0.00943069 -0.0293118 -0.0153844 -0.00939893 0.999838 0.0267795 0.0 0.0 0.0 1.0
stairs/seq-05/color/frame-000108.color.png stairs/seq-05/color/frame-000110.color.png 0.999958 -0.00544282 0.00739055 -0.00715429 0.00551759 0.999933 -0.0101389 0.0111493 -0.00733487 0.0101792 0.999921 0.0160129 0.0 0.0 0.0 1.0
stairs/seq-05/color/frame-000109.color.png stairs/seq-05/color/frame-000111.color.png 0.999985 -0.00245797 0.00482156 0.000279188 0.00248318 0.999983 -0.00523188 -0.00187126 -0.00480866 0.00524377 0.999975 0.011318 0.0 0.0 0.0 1.0
stairs/seq-05/color/frame-000110.color.png stairs/seq-05/color/frame-000112.color.png 0.999969 -0.00547614 0.00561274 -0.00105155 0.00551131 0.999965 -0.006258 -0.00122118 -0.00557822 0.00628876 0.999965 0.00766897 0.0 0.0 0.0 1.0
stairs/seq-05/color/frame-000111.color.png stairs/seq-05/color/frame-000113.color.png 0.999904 -0.00651773 0.0121919 -0.0066587 0.00667235 0.999897 -0.0126819 0.00472224 -0.012108 0.012762 0.999845 0.0177994 0.0 0.0 0.0 1.0
stairs/seq-05/color/frame-000112.color.png stairs/seq-05/color/frame-000114.color.png 0.999887 -0.00114364 0.0149919 -0.0157645 0.0011861 0.999995 -0.0028224 -0.0108719 -0.0149886 0.00283984 0.999884 0.0116308 0.0 0.0 0.0 1.0
stairs/seq-05/color/frame-000113.color.png stairs/seq-05/color/frame-000115.color.png 0.999971 -0.00460082 0.00606537 -0.000750452 0.00459293 0.999989 0.00130608 -0.012876 -0.00607139 -0.0012782 0.999981 0.00763524 0.0 0.0 0.0 1.0
stairs/seq-05/color/frame-000114.color.png stairs/seq-05/color/frame-000116.color.png 0.99994 -0.00497528 0.00977724 -0.00515413 0.00499275 0.999986 -0.00176018 -0.00597429 -0.00976839 0.0018089 0.999951 0.00888252 0.0 0.0 0.0 1.0
stairs/seq-05/color/frame-000115.color.png stairs/seq-05/color/frame-000117.color.png 0.999877 -0.00440907 0.0150294 -0.0237211 0.00443171 0.999989 -0.00147017 -0.00554299 -0.0150228 0.00153661 0.999886 0.00871563 0.0 0.0 0.0 1.0
stairs/seq-05/color/frame-000116.color.png stairs/seq-05/color/frame-000118.color.png 0.999973 -0.00382519 0.00627191 -0.0026131 0.00383956 0.99999 -0.00227533 0.00194487 -0.00626315 0.00229938 0.999978 0.0138414 0.0 0.0 0.0 1.0
stairs/seq-05/color/frame-000117.color.png stairs/seq-05/color/frame-000119.color.png 0.999994 -0.00284385 -0.00196651 0.017462 0.00284733 0.999994 0.00181664 0.000272781 0.0019614 -0.00182219 0.999996 0.0103661 0.0 0.0 0.0 1.0
stairs/seq-05/color/frame-000118.color.png stairs/seq-05/color/frame-000120.color.png 0.999975 -0.00271465 0.00658305 0.00256172 0.00268706 0.999987 0.00420398 -0.00856844 -0.00659435 -0.00418617 0.99997 0.008699 0.0 0.0 0.0 1.0
stairs/seq-05/color/frame-000119.color.png stairs/seq-05/color/frame-000121.color.png 0.999848 -0.00537078 0.016574 -0.0225437 0.00531893 0.999981 0.00317408 -0.0106624 -0.0165908 -0.00308547 0.999858 0.00587487 0.0 0.0 0.0 1.0
stairs/seq-05/color/frame-000120.color.png stairs/seq-05/color/frame-000122.color.png 0.999962 -0.000928682 0.00866301 -0.00277922 0.000940604 0.999999 -0.00137619 0.00178775 -0.00866178 0.00138424 0.999961 0.0158264 0.0 0.0 0.0 1.0
stairs/seq-05/color/frame-000121.color.png stairs/seq-05/color/frame-000123.color.png 0.999908 -0.00586505 0.0122249 -0.00471076 0.00582979 0.999979 0.00291534 -0.0168324 -0.0122418 -0.00284381 0.999921 0.0203167 0.0 0.0 0.0 1.0
stairs/seq-05/color/frame-000122.color.png stairs/seq-05/color/frame-000124.color.png 0.999867 -0.00548541 0.0153781 -0.0119489 0.00540649 0.999972 0.00516898 -0.0267789 -0.0154059 -0.00508515 0.999868 0.0112607 0.0 0.0 0.0 1.0
stairs/seq-05/color/frame-000123.color.png stairs/seq-05/color/frame-000125.color.png 0.99996 -0.00109171 0.00891971 -0.00635284 0.00112953 0.99999 -0.00423622 -0.00113845 -0.00891499 0.00424608 0.999951 0.0175548 0.0 0.0 0.0 1.0
stairs/seq-05/color/frame-000124.color.png stairs/seq-05/color/frame-000126.color.png 0.999932 -0.0116958 0.000284946 0.00463739 0.011694 0.999914 0.00591424 -0.0275426 -0.000354114 -0.00591051 0.999982 0.0146374 0.0 0.0 0.0 1.0
stairs/seq-05/color/frame-000125.color.png stairs/seq-05/color/frame-000127.color.png 0.999983 -0.00579792 0.000921157 0.00958103 0.0058 0.999981 -0.00229738 -0.00934064 -0.000907679 0.00230275 0.999997 0.0157787 0.0 0.0 0.0 1.0
stairs/seq-05/color/frame-000126.color.png stairs/seq-05/color/frame-000128.color.png 0.999958 -0.00669691 0.00633169 0.00434422 0.00680656 0.999824 -0.0174678 0.0189778 -0.00621363 0.0175102 0.999827 0.0169569 0.0 0.0 0.0 1.0
stairs/seq-05/color/frame-000127.color.png stairs/seq-05/color/frame-000129.color.png 0.999805 -0.00872711 0.0176959 -0.0210996 0.0089394 0.999889 -0.0119557 -2.07424e-05 -0.0175897 0.0121116 0.999772 0.0200607 0.0 0.0 0.0 1.0
stairs/seq-05/color/frame-000128.color.png stairs/seq-05/color/frame-000130.color.png 0.999893 -0.00258818 0.0143644 -0.0206295 0.00266525 0.999982 -0.00534172 -0.00436985 -0.0143503 0.00537945 0.999883 0.0177953 0.0 0.0 0.0 1.0
stairs/seq-05/color/frame-000129.color.png stairs/seq-05/color/frame-000131.color.png 0.999983 0.00143187 0.00571115 -0.00942054 -0.00141219 0.999993 -0.00344763 0.0042311 -0.0057161 0.00343953 0.999978 0.0177513 0.0 0.0 0.0 1.0
stairs/seq-05/color/frame-000130.color.png stairs/seq-05/color/frame-000132.color.png 0.999974 -0.0041064 -0.00588996 0.021524 0.00406887 0.999972 -0.00635299 0.0114093 0.00591594 0.00632887 0.999962 0.0199852 0.0 0.0 0.0 1.0
stairs/seq-05/color/frame-000131.color.png stairs/seq-05/color/frame-000133.color.png 0.999966 -0.00768535 0.00286647 0.00327644 0.00769048 0.999969 -0.00178167 -0.00750417 -0.00285268 0.00180363 0.999994 0.0126931 0.0 0.0 0.0 1.0
stairs/seq-05/color/frame-000132.color.png stairs/seq-05/color/frame-000134.color.png 0.999872 -0.0111973 0.011401 -0.0181665 0.0111825 0.999936 0.00135825 -0.0167716 -0.0114156 -0.00123062 0.999934 0.0141075 0.0 0.0 0.0 1.0
stairs/seq-05/color/frame-000133.color.png stairs/seq-05/color/frame-000135.color.png 0.999949 -0.00784838 0.00636813 -0.0044778 0.00788008 0.999956 -0.00497528 0.00713426 -0.00632878 0.00502521 0.999967 0.0185915 0.0 0.0 0.0 1.0
stairs/seq-05/color/frame-000134.color.png stairs/seq-05/color/frame-000136.color.png 0.999956 -0.00911994 0.00211406 -0.000113159 0.00912439 0.999956 -0.00209256 -0.00199634 -0.0020948 0.00211179 0.999996 0.0117534 0.0 0.0 0.0 1.0
stairs/seq-05/color/frame-000135.color.png stairs/seq-05/color/frame-000137.color.png 0.999833 -0.0119016 0.0138795 -0.0381888 0.0116447 0.999762 0.0184552 -0.0589322 -0.0140958 -0.0182905 0.999733 0.0177632 0.0 0.0 0.0 1.0
stairs/seq-05/color/frame-000136.color.png stairs/seq-05/color/frame-000138.color.png 0.999991 -0.00222007 -0.00365216 0.00932634 0.00222039 0.999997 6.83259e-05 -0.0140434 0.00365202 -7.64205e-05 0.999993 0.0145158 0.0 0.0 0.0 1.0
stairs/seq-05/color/frame-000137.color.png stairs/seq-05/color/frame-000139.color.png 0.999998 0.00196375 -0.000574351 0.0108611 -0.00196788 0.999971 -0.007339 -7.05719e-05 0.000559785 0.0073401 0.999973 0.0180096 0.0 0.0 0.0 1.0
stairs/seq-05/color/frame-000138.color.png stairs/seq-05/color/frame-000140.color.png 0.999977 -0.00623013 0.00258226 0.00352004 0.00625248 0.999942 -0.00876704 -0.00357836 -0.00252756 0.00878299 0.999958 0.0136884 0.0 0.0 0.0 1.0
stairs/seq-05/color/frame-000139.color.png stairs/seq-05/color/frame-000141.color.png 0.999984 -0.00522154 0.00226782 0.000304222 0.00525096 0.999899 -0.0131953 0.0134423 -0.00219863 0.013207 0.99991 0.0159911 0.0 0.0 0.0 1.0
stairs/seq-05/color/frame-000140.color.png stairs/seq-05/color/frame-000142.color.png 0.999946 -0.00185605 0.0102664 -0.021666 0.00185598 0.999998 2.07696e-05 -0.0155672 -0.0102664 -1.71953e-06 0.999947 0.0253064 0.0 0.0 0.0 1.0
stairs/seq-05/color/frame-000141.color.png stairs/seq-05/color/frame-000143.color.png 0.999989 -0.00461617 -4.66727e-05 0.00941789 0.00461612 0.999986 -0.00252555 -0.00750238 5.83312e-05 0.00252536 0.999997 0.00948942 0.0 0.0 0.0 1.0
stairs/seq-05/color/frame-000142.color.png stairs/seq-05/color/frame-000144.color.png 0.999974 -0.00456135 0.00553356 0.0038428 0.00459884 0.999966 -0.00678296 0.00258863 -0.00550234 0.00680825 0.999962 0.0117299 0.0 0.0 0.0 1.0
stairs/seq-05/color/frame-000143.color.png stairs/seq-05/color/frame-000145.color.png 0.999939 -0.0032164 0.0105405 -0.0117272 0.00330645 0.999958 -0.00854613 0.00819439 -0.0105125 0.00858048 0.999908 0.0142 0.0 0.0 0.0 1.0
stairs/seq-05/color/frame-000144.color.png stairs/seq-05/color/frame-000146.color.png 0.999947 -0.00459966 0.00920459 -0.0135565 0.00462077 0.999987 -0.00228511 -0.00268513 -0.00919407 0.00232748 0.999955 0.012759 0.0 0.0 0.0 1.0
stairs/seq-05/color/frame-000145.color.png stairs/seq-05/color/frame-000147.color.png 0.999973 -0.00731759 -0.000308383 0.00509796 0.00731752 0.999973 -0.000136591 -0.00269628 0.00030931 0.000134286 1.0 0.00913864 0.0 0.0 0.0 1.0
stairs/seq-05/color/frame-000146.color.png stairs/seq-05/color/frame-000148.color.png 0.999979 -0.00638854 0.000698356 0.0039598 0.00638701 0.999977 0.00229317 -0.011497 -0.000712893 -0.00228864 0.999997 0.00991911 0.0 0.0 0.0 1.0
stairs/seq-05/color/frame-000147.color.png stairs/seq-05/color/frame-000149.color.png 0.999998 0.000155079 0.00199753 0.00641698 -0.000140699 0.999974 -0.00721473 0.0103617 -0.00199851 0.00721446 0.999972 0.0138736 0.0 0.0 0.0 1.0
stairs/seq-05/color/frame-000148.color.png stairs/seq-05/color/frame-000150.color.png 0.999966 -0.00776389 0.00274158 -0.00266024 0.00775709 0.999967 0.00247781 -0.0172244 -0.00276074 -0.00245641 0.999993 0.0108025 0.0 0.0 0.0 1.0
stairs/seq-05/color/frame-000149.color.png stairs/seq-05/color/frame-000151.color.png 0.999908 -0.0123173 0.00568006 -0.0168216 0.0122488 0.999854 0.0119453 -0.0476222 -0.00582643 -0.0118746 0.999913 0.00278974 0.0 0.0 0.0 1.0
stairs/seq-05/color/frame-000150.color.png stairs/seq-05/color/frame-000152.color.png 0.999988 0.00299629 -0.00394934 0.0194308 -0.00304901 0.999905 -0.0134225 0.0218367 0.00390873 0.0134343 0.999902 0.0122374 0.0 0.0 0.0 1.0
stairs/seq-05/color/frame-000151.color.png stairs/seq-05/color/frame-000153.color.png 0.999918 -0.00104179 0.0127725 -0.0240439 0.00101854 0.999998 0.00183047 -0.0159938 -0.0127743 -0.00181732 0.999917 0.0120934 0.0 0.0 0.0 1.0
stairs/seq-05/color/frame-000152.color.png stairs/seq-05/color/frame-000154.color.png 0.999983 -0.00485078 0.00306156 -0.00292432 0.00484864 0.999988 0.000700302 -0.0136388 -0.0030649 -0.000685446 0.999995 0.0103436 0.0 0.0 0.0 1.0
stairs/seq-05/color/frame-000153.color.png stairs/seq-05/color/frame-000155.color.png 0.999931 -0.00365385 -0.0111338 0.0313321 0.00366853 0.999992 0.00129803 -0.015419 0.011129 -0.00133878 0.999937 0.0052827 0.0 0.0 0.0 1.0
stairs/seq-05/color/frame-000154.color.png stairs/seq-05/color/frame-000156.color.png 0.999952 0.00595459 0.00783843 -0.0127701 -0.00602215 0.999945 0.00861999 -0.027466 -0.00778669 -0.00866679 0.999932 0.00564307 0.0 0.0 0.0 1.0
stairs/seq-05/color/frame-000155.color.png stairs/seq-05/color/frame-000157.color.png 0.999993 0.00370933 0.00112768 0.00745904 -0.00371021 0.999993 0.000687363 -0.00760514 -0.00112509 -0.000691509 0.999999 0.00944096 0.0 0.0 0.0 1.0
stairs/seq-05/color/frame-000156.color.png stairs/seq-05/color/frame-000158.color.png 0.999968 0.00491412 -0.0063052 0.0285315 -0.00493626 0.999982 -0.00349516 -0.00102276 0.00628791 0.00352618 0.999974 0.00777757 0.0 0.0 0.0 1.0
stairs/seq-05/color/frame-000157.color.png stairs/seq-05/color/frame-000159.color.png 0.999983 0.00562048 -0.00147953 0.0155294 -0.00561956 0.999984 0.000558521 -0.0108239 0.00148254 -0.000550247 0.999999 0.00616765 0.0 0.0 0.0 1.0
stairs/seq-05/color/frame-000158.color.png stairs/seq-05/color/frame-000160.color.png 0.999994 0.00345591 0.000184866 0.0114048 -0.00345539 0.99999 -0.00301065 0.00238872 -0.00019521 0.00301002 0.999996 0.0123747 0.0 0.0 0.0 1.0
stairs/seq-05/color/frame-000159.color.png stairs/seq-05/color/frame-000161.color.png 0.999999 0.00108119 -0.00028369 0.00909746 -0.00108123 0.999999 8.07446e-05 -0.0100066 0.0002838 -8.04295e-05 1.0 0.0109032 0.0 0.0 0.0 1.0
stairs/seq-05/color/frame-000160.color.png stairs/seq-05/color/frame-000162.color.png 0.999993 0.0029939 -0.00203476 0.0183417 -0.00299825 0.999993 -0.0021669 -0.00575066 0.00202818 0.00217301 0.999996 0.00784677 0.0 0.0 0.0 1.0
stairs/seq-05/color/frame-000161.color.png stairs/seq-05/color/frame-000163.color.png 0.999974 0.00462593 0.00545939 0.00729874 -0.00462363 0.999989 -0.000416606 -0.00734115 -0.00546127 0.00039132 0.999985 0.00891554 0.0 0.0 0.0 1.0
stairs/seq-05/color/frame-000162.color.png stairs/seq-05/color/frame-000164.color.png 0.999985 0.00265065 0.0047569 0.00730371 -0.00263883 0.999993 -0.00250029 -0.00421596 -0.00476334 0.00248767 0.999986 0.0105513 0.0 0.0 0.0 1.0
stairs/seq-05/color/frame-000163.color.png stairs/seq-05/color/frame-000165.color.png 0.999989 0.0041785 0.00200279 0.00937252 -0.00417927 0.999991 0.000351647 -0.0105776 -0.00200126 -0.000360009 0.999998 0.0106201 0.0 0.0 0.0 1.0
stairs/seq-05/color/frame-000164.color.png stairs/seq-05/color/frame-000166.color.png 0.999955 0.00933713 0.00180484 0.0130037 -0.00934126 0.999954 0.00235322 -0.0153229 -0.00178285 -0.00236998 0.999996 0.00578922 0.0 0.0 0.0 1.0
stairs/seq-05/color/frame-000165.color.png stairs/seq-05/color/frame-000167.color.png 0.99995 0.00505439 0.00861161 -0.00456265 -0.00504961 0.999987 -0.000581521 -0.0114263 -0.00861454 0.000538001 0.999963 0.00815886 0.0 0.0 0.0 1.0
stairs/seq-05/color/frame-000166.color.png stairs/seq-05/color/frame-000168.color.png 0.999974 -4.71138e-06 0.00716929 -0.00835513 1.85077e-05 0.999998 -0.00193189 -0.00614083 -0.00716928 0.00193199 0.999972 0.0123828 0.0 0.0 0.0 1.0
stairs/seq-05/color/frame-000167.color.png stairs/seq-05/color/frame-000169.color.png 0.999984 -0.00158391 -0.00545874 0.020587 0.00163207 0.99996 0.00883104 -0.0302537 0.00544465 -0.0088398 0.999946 -0.00128317 0.0 0.0 0.0 1.0
stairs/seq-05/color/frame-000168.color.png stairs/seq-05/color/frame-000170.color.png 0.999934 0.0112159 -0.00263233 0.0201718 -0.0112002 0.99992 0.00587054 -0.0252103 0.00269799 -0.00584067 0.999979 0.00514656 0.0 0.0 0.0 1.0
stairs/seq-05/color/frame-000169.color.png stairs/seq-05/color/frame-000171.color.png 0.999982 0.00599319 -0.000948022 0.0095505 -0.00599146 0.999981 0.00176869 -0.0214102 0.000958528 -0.00176296 0.999998 0.00749028 0.0 0.0 0.0 1.0
stairs/seq-05/color/frame-000170.color.png stairs/seq-05/color/frame-000172.color.png 0.999933 0.0098812 -0.00602061 0.0270219 -0.00995867 0.999866 -0.0129726 0.0136902 0.0058916 0.0130317 0.999898 0.0127174 0.0 0.0 0.0 1.0
stairs/seq-05/color/frame-000171.color.png stairs/seq-05/color/frame-000173.color.png 0.999918 0.0127547 -0.00129283 0.0189989 -0.0127627 0.999898 -0.00636508 0.00188869 0.00121157 0.00638102 0.999979 0.00915802 0.0 0.0 0.0 1.0
stairs/seq-05/color/frame-000172.color.png stairs/seq-05/color/frame-000174.color.png 0.999982 0.000216913 0.00604045 -0.0114493 -0.000277656 0.999949 0.0100506 -0.0430166 -0.00603773 -0.0100521 0.999931 0.00295144 0.0 0.0 0.0 1.0
stairs/seq-05/color/frame-000173.color.png stairs/seq-05/color/frame-000175.color.png 0.999992 0.00389069 0.000359499 0.00571665 -0.00389006 0.999991 -0.00177559 -0.00576121 -0.000366324 0.00177417 0.999998 0.00840729 0.0 0.0 0.0 1.0
