stairs/seq-05/color/frame-000000.color.png stairs/seq-05/color/frame-000002.color.png 0.999995 -0.00158772 -0.00290122 -0.00266083 0.00160047 0.999989 0.00439877 -0.000252271 0.0028942 -0.00440339 0.999986 -0.000399146 0.0 0.0 0.0 1.0
stairs/seq-05/color/frame-000002.color.png stairs/seq-05/color/frame-000004.color.png 1.0 -0.000307645 -0.000290412 0.000260021 0.000308432 0.999996 0.00271261 -0.00133447 0.000289576 -0.0027127 0.999996 0.00104017 0.0 0.0 0.0 1.0
stairs/seq-05/color/frame-000004.color.png stairs/seq-05/color/frame-000006.color.png 1.0 0.000191059 0.000619781 -0.00154851 -0.000192791 0.999996 0.00279673 -0.000702374 -0.000619243 -0.00279685 0.999996 -5.97594e-05 0.0 0.0 0.0 1.0
stairs/seq-05/color/frame-000006.color.png stairs/seq-05/color/frame-000008.color.png 0.99999 -0.00370948 -0.00243639 -0.00120716 0.00371456 0.999991 0.00208115 -0.00146664 0.00242865 -0.00209018 0.999995 0.000659545 0.0 0.0 0.0 1.0
stairs/seq-05/color/frame-000008.color.png stairs/seq-05/color/frame-000010.color.png 0.999998 -0.000161616 -0.0020533 -0.00113189 0.00017029 0.999991 0.00422519 -0.00138841 0.0020526 -0.00422553 0.999989 0.00433618 0.0 0.0 0.0 1.0
stairs/seq-05/color/frame-000010.color.png stairs/seq-05/color/frame-000012.color.png 0.999999 0.000385554 -0.00115675 -0.00351446 -0.000382688 0.999997 0.00247609 -0.00295407 0.0011577 -0.00247565 0.999996 -0.00148933 0.0 0.0 0.0 1.0
stairs/seq-05/color/frame-000012.color.png stairs/seq-05/color/frame-000014.color.png 1.0 -1.6942e-05 -0.000957956 -0.0046511 2.20126e-05 0.999986 0.00529478 -0.00174503 0.000957853 -0.0052948 0.999986 0.00206285 0.0 0.0 0.0 1.0
stairs/seq-05/color/frame-000014.color.png stairs/seq-05/color/frame-000016.color.png 0.999999 -9.55328e-05 -0.00129173 -0.00391841 0.000109034 0.999945 0.010455 -0.00482437 0.00129066 -0.0104552 0.999945 0.00335294 0.0 0.0 0.0 1.0
stairs/seq-05/color/frame-000016.color.png stairs/seq-05/color/frame-000018.color.png 0.999989 -0.0033543 -0.00325171 -0.00562177 0.00338055 0.999962 0.00810002 -0.00227011 0.00322441 -0.00811093 0.999962 0.00293362 0.0 0.0 0.0 1.0
stairs/seq-05/color/frame-000018.color.png stairs/seq-05/color/frame-000020.color.png 0.999969 -0.00320684 -0.00721511 -0.00113249 0.0032698 0.999957 0.00873211 -0.00523432 0.00718679 -0.00875543 0.999936 0.00631017 0.0 0.0 0.0 1.0
stairs/seq-05/color/frame-000020.color.png stairs/seq-05/color/frame-000022.color.png 1.0 0.000765808 -0.000562922 -0.00639891 -0.000763408 0.999991 0.00424919 -0.00379433 0.000566175 -0.00424875 0.999991 0.00193447 0.0 0.0 0.0 1.0
stairs/seq-05/color/frame-000022.color.png stairs/seq-05/color/frame-000024.color.png 0.999972 0.00306556 0.00675892 -0.015418 -0.00310358 0.999979 0.00562098 -0.00800146 -0.00674155 -0.00564181 0.999961 -0.00114941 0.0 0.0 0.0 1.0
stairs/seq-05/color/frame-000024.color.png stairs/seq-05/color/frame-000026.color.png 0.999953 0.00797405 0.00556647 -0.0095107 -0.00801428 0.999942 0.00724356 -0.00651481 -0.00550838 -0.00728782 0.999958 0.00277862 0.0 0.0 0.0 1.0
stairs/seq-05/color/frame-000026.color.png stairs/seq-05/color/frame-000028.color.png 0.99996 0.00892691 -0.000270717 -0.011724 -0.00892402 0.999917 0.00926067 -0.00804497 0.000353369 -0.0092579 0.999957 0.00637744 0.0 0.0 0.0 1.0
stairs/seq-05/color/frame-000028.color.png stairs/seq-05/color/frame-000030.color.png 0.999999 0.00100116 -0.00138187 -0.0096086 -0.000993215 0.999983 0.0057405 -0.00644705 0.00138759 -0.00573911 0.999983 0.0054944 0.0 0.0 0.0 1.0
stairs/seq-05/color/frame-000030.color.png stairs/seq-05/color/frame-000032.color.png 0.999994 -0.00284489 -0.00215595 -0.0102948 0.00284015 0.999994 -0.00219712 -0.00265633 0.00216219 0.00219097 0.999995 0.0165343 0.0 0.0 0.0 1.0
stairs/seq-05/color/frame-000032.color.png stairs/seq-05/color/frame-000034.color.png 0.999987 0.00195555 -0.004738 -0.00420805 -0.00196174 0.999997 -0.00130133 -0.00610821 0.00473544 0.00131059 0.999988 0.0177133 0.0 0.0 0.0 1.0
stairs/seq-05/color/frame-000034.color.png stairs/seq-05/color/frame-000036.color.png 0.999964 0.00322217 0.00785486 -0.00871602 -0.00318853 0.999986 -0.00429175 -0.00743321 -0.00786858 0.00426657 0.99996 0.0161105 0.0 0.0 0.0 1.0
stairs/seq-05/color/frame-000036.color.png stairs/seq-05/color/frame-000038.color.png 0.999965 -0.00185253 0.00820145 -0.0013103 0.00186119 0.999998 -0.0010487 -0.00597037 -0.00819949 0.00106391 0.999966 0.0197342 0.0 0.0 0.0 1.0
stairs/seq-05/color/frame-000038.color.png stairs/seq-05/color/frame-000040.color.png 0.99987 -0.0105943 0.0121541 -0.0135764 0.010754 0.999856 -0.0131524 -0.00436631 -0.012013 0.0132814 0.99984 0.0182574 0.0 0.0 0.0 1.0
stairs/seq-05/color/frame-000040.color.png stairs/seq-05/color/frame-000042.color.png 0.999914 -0.00937021 0.00914539 -0.00605595 0.00946981 0.999896 -0.0109089 -0.00677843 -0.00904222 0.0109945 0.999899 0.0146725 0.0 0.0 0.0 1.0
stairs/seq-05/color/frame-000042.color.png stairs/seq-05/color/frame-000044.color.png 0.999885 -0.0142229 0.00532027 -0.0114154 0.0142508 0.999885 -0.00526224 -0.00455163 -0.00524481 0.00533745 0.999972 0.0194213 0.0 0.0 0.0 1.0
stairs/seq-05/color/frame-000044.color.png stairs/seq-05/color/frame-000046.color.png 0.999936 -0.00871701 0.00724826 -0.0109118 0.00870852 0.999961 0.00120245 -0.00567071 -0.00725847 -0.00113926 0.999973 0.0100332 0.0 0.0 0.0 1.0
stairs/seq-05/color/frame-000046.color.png stairs/seq-05/color/frame-000048.color.png 0.999955 -0.00510276 0.00799472 -0.00530867 0.0051604 0.999961 -0.00720627 -0.00483972 -0.00795763 0.0072472 0.999942 0.0224339 0.0 0.0 0.0 1.0
stairs/seq-05/color/frame-000048.color.png stairs/seq-05/color/frame-000050.color.png 0.999855 -0.00440155 0.0164241 -0.00763687 0.00442731 0.999989 -0.00153156 -0.00129549 -0.0164172 0.00160405 0.999864 0.00910501 0.0 0.0 0.0 1.0
stairs/seq-05/color/frame-000050.color.png stairs/seq-05/color/frame-000052.color.png 0.999799 -0.00957317 0.017598 -0.0123144 0.0094006 0.999907 0.0098626 -0.00997225 -0.0176908 -0.00969518 0.999797 0.00617301 0.0 0.0 0.0 1.0
stairs/seq-05/color/frame-000052.color.png stairs/seq-05/color/frame-000054.color.png 0.999867 -0.0144429 0.00759814 -0.00255944 0.0143755 0.999858 0.00884482 -0.0010789 -0.0077248 -0.00873442 0.999932 0.00650108 0.0 0.0 0.0 1.0
stairs/seq-05/color/frame-000054.color.png stairs/seq-05/color/frame-000056.color.png 0.999832 -0.0067508 0.0170542 -0.00930591 0.00646802 0.999841 0.0165841 -0.0135512 -0.0171635 -0.016471 0.999717 0.00877938 0.0 0.0 0.0 1.0
stairs/seq-05/color/frame-000056.color.png stairs/seq-05/color/frame-000058.color.png 0.999866 -0.00289551 0.0161053 -0.024714 0.00278006 0.99997 0.00718499 -0.00197926 -0.0161256 -0.00713928 0.999844 0.00066638 0.0 0.0 0.0 1.0
stairs/seq-05/color/frame-000058.color.png stairs/seq-05/color/frame-000060.color.png 0.999849 -0.00882887 0.0149971 -0.0048651 0.0086354 0.999879 0.0129179 -0.00854118 -0.0151093 -0.0127864 0.999804 0.00623795 0.0 0.0 0.0 1.0
stairs/seq-05/color/frame-000060.color.png stairs/seq-05/color/frame-000062.color.png 0.999963 -0.00388963 0.00761118 0.000865445 0.00387395 0.99999 0.00207325 -0.00405517 -0.0076192 -0.00204369 0.999969 0.00725567 0.0 0.0 0.0 1.0
stairs/seq-05/color/frame-000062.color.png stairs/seq-05/color/frame-000064.color.png 0.999581 -0.00866092 0.0276226 -0.0146404 0.00868235 0.999962 -0.000655125 -0.00750892 -0.0276158 0.000894698 0.999618 -0.00647187 0.0 0.0 0.0 1.0
stairs/seq-05/color/frame-000064.color.png stairs/seq-05/color/frame-000066.color.png 0.999303 -0.0270075 0.0257527 -0.0241528 0.0267169 0.999576 0.0115642 -0.0299507 -0.0260541 -0.0108681 0.999601 0.0122762 0.0 0.0 0.0 1.0
stairs/seq-05/color/frame-000066.color.png stairs/seq-05/color/frame-000068.color.png 0.999949 -0.00119097 0.0100268 -0.00246769 0.00118031 0.999999 0.00106771 -0.0185466 -0.010028 -0.00105582 0.999949 0.00632986 0.0 0.0 0.0 1.0
stairs/seq-05/color/frame-000068.color.png stairs/seq-05/color/frame-000070.color.png 0.999937 -0.0110653 0.001691 0.00248468 0.0110851 0.999864 -0.01219 0.00103758 -0.00155588 0.012208 0.999924 0.0209664 0.0 0.0 0.0 1.0
stairs/seq-05/color/frame-000070.color.png stairs/seq-05/color/frame-000072.color.png 0.99987 -0.00706215 0.0144634 -0.0306108 0.00717262 0.999945 -0.00759918 -0.0165135 -0.014409 0.00770194 0.999867 0.00914881 0.0 0.0 0.0 1.0
stairs/seq-05/color/frame-000072.color.png stairs/seq-05/color/frame-000074.color.png 0.999906 -0.00587734 0.0123976 -0.0290951 0.00584244 0.999979 0.00284765 -0.0159655 -0.0124141 -0.00277496 0.999919 0.00364968 0.0 0.0 0.0 1.0
stairs/seq-05/color/frame-000074.color.png stairs/seq-05/color/frame-000076.color.png 0.999764 -0.0137759 0.0167848 -0.0319811 0.0138039 0.999903 -0.00155431 -0.0159843 -0.0167617 0.00178563 0.999858 0.0157153 0.0 0.0 0.0 1.0
stairs/seq-05/color/frame-000076.color.png stairs/seq-05/color/frame-000078.color.png 0.999937 -0.00893237 0.00672998 -0.0124121 0.00890251 0.99995 0.00445761 -0.0134349 -0.00676945 -0.00439741 0.999967 0.0120511 0.0 0.0 0.0 1.0
stairs/seq-05/color/frame-000078.color.png stairs/seq-05/color/frame-000080.color.png 0.999961 -0.00761592 0.0044826 -0.0132603 0.00762745 0.999968 -0.00255816 -0.00587156 -0.00446288 0.00259226 0.999987 0.00932679 0.0 0.0 0.0 1.0
stairs/seq-05/color/frame-000080.color.png stairs/seq-05/color/frame-000082.color.png 0.999962 -0.00623268 0.00614165 -0.0136848 0.00624523 0.999978 -0.0020311 -0.00553182 -0.00612887 0.00206935 0.999979 0.00869077 0.0 0.0 0.0 1.0
stairs/seq-05/color/frame-000082.color.png stairs/seq-05/color/frame-000084.color.png 0.999963 -0.00610548 0.00599916 -0.00974792 0.00610852 0.999981 -0.000488675 -0.0024659 -0.00599604 0.000525329 0.999982 0.00786778 0.0 0.0 0.0 1.0
stairs/seq-05/color/frame-000084.color.png stairs/seq-05/color/frame-000086.color.png 0.999942 -0.010137 0.00352673 -0.00751373 0.0101129 0.999926 0.00679732 -0.00820589 -0.00359546 -0.00676127 0.999971 0.00990075 0.0 0.0 0.0 1.0
stairs/seq-05/color/frame-000086.color.png stairs/seq-05/color/frame-000088.color.png 0.999963 -0.00454344 0.0072493 -0.0197866 0.0044868 0.99996 0.00780705 -0.00939021 -0.00728441 -0.00777424 0.999943 -0.000748724 0.0 0.0 0.0 1.0
stairs/seq-05/color/frame-000088.color.png stairs/seq-05/color/frame-000090.color.png 0.999928 -0.00161285 0.0119015 -0.0305222 0.00137346 0.999797 0.020091 -0.0421619 -0.0119315 -0.0200732 0.999727 0.0228948 0.0 0.0 0.0 1.0
stairs/seq-05/color/frame-000090.color.png stairs/seq-05/color/frame-000092.color.png 0.99998 0.00638696 0.000475177 0.00245398 -0.00638649 0.999979 -0.000870207 -0.00365227 -0.000480687 0.000867157 1.0 0.0156745 0.0 0.0 0.0 1.0
stairs/seq-05/color/frame-000092.color.png stairs/seq-05/color/frame-000094.color.png 0.999982 -0.00296398 0.00528989 -0.00440988 0.00295526 0.999994 0.00164395 -0.00582877 -0.0052948 -0.00162827 0.999985 0.00872269 0.0 0.0 0.0 1.0
stairs/seq-05/color/frame-000094.color.png stairs/seq-05/color/frame-000096.color.png 0.999997 -0.00225852 -0.000989 -0.00189602 0.00225866 0.999998 0.000111439 -0.00874516 0.000988796 -0.000113673 1.0 0.017273 0.0 0.0 0.0 1.0
stairs/seq-05/color/frame-000096.color.png stairs/seq-05/color/frame-000098.color.png 0.999998 -0.00158048 0.000854133 -0.000182003 0.00157977 0.999998 0.000800635 -0.0116152 -0.000855414 -0.000799288 0.999999 0.0199816 0.0 0.0 0.0 1.0
stairs/seq-05/color/frame-000098.color.png stairs/seq-05/color/frame-000100.color.png 0.999962 0.0021774 0.00848764 -0.000213355 -0.00219752 0.999995 0.00236614 -0.00489029 -0.00848243 -0.00238473 0.999961 0.0135685 0.0 0.0 0.0 1.0
stairs/seq-05/color/frame-000100.color.png stairs/seq-05/color/frame-000102.color.png 0.999595 -0.0025938 0.0283358 -0.0489537 0.00231531 0.999949 0.00985609 -0.0321513 -0.02836 -0.00978645 0.99955 -0.000552475 0.0 0.0 0.0 1.0
stairs/seq-05/color/frame-000102.color.png stairs/seq-05/color/frame-000104.color.png 0.999827 -0.00315792 0.0183371 -0.00579324 0.00327717 0.999974 -0.00647578 -0.00787073 -0.0183162 0.00653475 0.999811 0.0127799 0.0 0.0 0.0 1.0
stairs/seq-05/color/frame-000104.color.png stairs/seq-05/color/frame-000106.color.png 0.999922 -0.00448909 0.011661 -0.00731418 0.00451299 0.999988 -0.00202536 -0.00866488 -0.0116517 0.00207783 0.99993 0.00852358 0.0 0.0 0.0 1.0
stairs/seq-05/color/frame-000106.color.png stairs/seq-05/color/frame-000108.color.png 0.999908 -0.00873347 0.0104175 -0.00990134 0.00877538 0.999954 -0.00398415 0.000402212 -0.0103823 0.0040752 0.999938 0.0114879 0.0 0.0 0.0 1.0
stairs/seq-05/color/frame-000108.color.png stairs/seq-05/color/frame-000110.color.png 0.999958 -0.00544282 0.00739055 -0.00715429 0.00551759 0.999933 -0.0101389 0.0111493 -0.00733487 0.0101792 0.999921 0.0160129 0.0 0.0 0.0 1.0
stairs/seq-05/color/frame-000110.color.png stairs/seq-05/color/frame-000112.color.png 0.999969 -0.00547614 0.00561274 -0.00105155 0.00551131 0.999965 -0.006258 -0.00122118 -0.00557822 0.00628876 0.999965 0.00766897 0.0 0.0 0.0 1.0
stairs/seq-05/color/frame-000112.color.png stairs/seq-05/color/frame-000114.color.png 0.999887 -0.00114364 0.0149919 -0.0157645 0.0011861 0.999995 -0.0028224 -0.0108719 -0.0149886 0.00283984 0.999884 0.0116308 0.0 0.0 0.0 1.0
stairs/seq-05/color/frame-000114.color.png stairs/seq-05/color/frame-000116.color.png 0.99994 -0.00497528 0.00977724 -0.00515413 0.00499275 0.999986 -0.00176018 -0.00597429 -0.00976839 0.0018089 0.999951 0.00888252 0.0 0.0 0.0 1.0
stairs/seq-05/color/frame-000116.color.png stairs/seq-05/color/frame-000118.color.png 0.999973 -0.00382519 0.00627191 -0.0026131 0.00383956 0.99999 -0.00227533 0.00194487 -0.00626315 0.00229938 0.999978 0.0138414 0.0 0.0 0.0 1.0
stairs/seq-05/color/frame-000118.color.png stairs/seq-05/color/frame-000120.color.png 0.999975 -0.00271465 0.00658305 0.00256172 0.00268706 0.999987 0.00420398 -0.00856844 -0.00659435 -0.00418617 0.99997 0.008699 0.0 0.0 0.0 1.0
stairs/seq-05/color/frame-000120.color.png stairs/seq-05/color/frame-000122.color.png 0.999962 -0.000928682 0.00866301 -0.00277922 0.000940604 0.999999 -0.00137619 0.00178775 -0.00866178 0.00138424 0.999961 0.0158264 0.0 0.0 0.0 1.0
stairs/seq-05/color/frame-000122.color.png stairs/seq-05/color/frame-000124.color.png 0.999867 -0.00548541 0.0153781 -0.0119489 0.00540649 0.999972 0.00516898 -0.0267789 -0.0154059 -0.00508515 0.999868 0.0112607 0.0 0.0 0.0 1.0
stairs/seq-05/color/frame-000124.color.png stairs/seq-05/color/frame-000126.color.png 0.999932 -0.0116958 0.000284946 0.00463739 0.011694 0.999914 0.00591424 -0.0275426 -0.000354114 -0.00591051 0.999982 0.0146374 0.0 0.0 0.0 1.0
stairs/seq-05/color/frame-000126.color.png stairs/seq-05/color/frame-000128.color.png 0.999958 -0.00669691 0.00633169 0.00434422 0.00680656 0.999824 -0.0174678 0.0189778 -0.00621363 0.0175102 0.999827 0.0169569 0.0 0.0 0.0 1.0
stairs/seq-05/color/frame-000128.color.png stairs/seq-05/color/frame-000130.color.png 0.999893 -0.00258818 0.0143644 -0.0206295 0.00266525 0.999982 -0.00534172 -0.00436985 -0.0143503 0.00537945 0.999883 0.0177953 0.0 0.0 0.0 1.0
stairs/seq-05/color/frame-000130.color.png stairs/seq-05/color/frame-000132.color.png 0.999974 -0.0041064 -0.00588996 0.021524 0.00406887 0.999972 -0.00635299 0.0114093 0.00591594 0.00632887 0.999962 0.0199852 0.0 0.0 0.0 1.0
stairs/seq-05/color/frame-000132.color.png stairs/seq-05/color/frame-000134.color.png 0.999872 -0.0111973 0.011401 -0.0181665 0.0111825 0.999936 0.00135825 -0.0167716 -0.0114156 -0.00123062 0.999934 0.0141075 0.0 0.0 0.0 1.0
stairs/seq-05/color/frame-000134.color.png stairs/seq-05/color/frame-000136.color.png 0.999956 -0.00911994 0.00211406 -0.000113159 0.00912439 0.999956 -0.00209256 -0.00199634 -0.0020948 0.00211179 0.999996 0.0117534 0.0 0.0 0.0 1.0
stairs/seq-05/color/frame-000136.color.png stairs/seq-05/color/frame-000138.color.png 0.999991 -0.00222007 -0.00365216 0.00932634 0.00222039 0.999997 6.83259e-05 -0.0140434 0.00365202 -7.64205e-05 0.999993 0.0145158 0.0 0.0 0.0 1.0
stairs/seq-05/color/frame-000138.color.png stairs/seq-05/color/frame-000140.color.png 0.999977 -0.00623013 0.00258226 0.00352004 0.00625248 0.999942 -0.00876704 -0.00357836 -0.00252756 0.00878299 0.999958 0.0136884 0.0 0.0 0.0 1.0
stairs/seq-05/color/frame-000140.color.png stairs/seq-05/color/frame-000142.color.png 0.999946 -0.00185605 0.0102664 -0.021666 0.00185598 0.999998 2.07696e-05 -0.0155672 -0.0102664 -1.71953e-06 0.999947 0.0253064 0.0 0.0 0.0 1.0
stairs/seq-05/color/frame-000142.color.png stairs/seq-05/color/frame-000144.color.png 0.999974 -0.00456135 0.00553356 0.0038428 0.00459884 0.999966 -0.00678296 0.00258863 -0.00550234 0.00680825 0.999962 0.0117299 0.0 0.0 0.0 1.0
stairs/seq-05/color/frame-000144.color.png stairs/seq-05/color/frame-000146.color.png 0.999947 -0.00459966 0.00920459 -0.0135565 0.00462077 0.999987 -0.00228511 -0.00268513 -0.00919407 0.00232748 0.999955 0.012759 0.0 0.0 0.0 1.0
stairs/seq-05/color/frame-000146.color.png stairs/seq-05/color/frame-000148.color.png 0.999979 -0.00638854 0.000698356 0.0039598 0.00638701 0.999977 0.00229317 -0.011497 -0.000712893 -0.00228864 0.999997 0.00991911 0.0 0.0 0.0 1.0
stairs/seq-05/color/frame-000148.color.png stairs/seq-05/color/frame-000150.color.png 0.999966 -0.00776389 0.00274158 -0.00266024 0.00775709 0.999967 0.00247781 -0.0172244 -0.00276074 -0.00245641 0.999993 0.0108025 0.0 0.0 0.0 1.0
stairs/seq-05/color/frame-000150.color.png stairs/seq-05/color/frame-000152.color.png 0.999988 0.00299629 -0.00394934 0.0194308 -0.00304901 0.999905 -0.0134225 0.0218367 0.00390873 0.0134343 0.999902 0.0122374 0.0 0.0 0.0 1.0
stairs/seq-05/color/frame-000152.color.png stairs/seq-05/color/frame-000154.color.png 0.999983 -0.00485078 0.00306156 -0.00292432 0.00484864 0.999988 0.000700302 -0.0136388 -0.0030649 -0.000685446 0.999995 0.0103436 0.0 0.0 0.0 1.0
stairs/seq-05/color/frame-000154.color.png stairs/seq-05/color/frame-000156.color.png 0.999952 0.00595459 0.00783843 -0.0127701 -0.00602215 0.999945 0.00861999 -0.027466 -0.00778669 -0.00866679 0.999932 0.00564307 0.0 0.0 0.0 1.0
stairs/seq-05/color/frame-000156.color.png stairs/seq-05/color/frame-000158.color.png 0.999968 0.00491412 -0.0063052 0.0285315 -0.00493626 0.999982 -0.00349516 -0.00102276 0.00628791 0.00352618 0.999974 0.00777757 0.0 0.0 0.0 1.0
stairs/seq-05/color/frame-000158.color.png stairs/seq-05/color/frame-000160.color.png 0.999994 0.00345591 0.000184866 0.0114048 -0.00345539 0.99999 -0.00301065 0.00238872 -0.00019521 0.00301002 0.999996 0.0123747 0.0 0.0 0.0 1.0
stairs/seq-05/color/frame-000160.color.png stairs/seq-05/color/frame-000162.color.png 0.999993 0.0029939 -0.00203476 0.0183417 -0.00299825 0.999993 -0.0021669 -0.00575066 0.00202818 0.00217301 0.999996 0.00784677 0.0 0.0 0.0 1.0
stairs/seq-05/color/frame-000162.color.png stairs/seq-05/color/frame-000164.color.png 0.999985 0.00265065 0.0047569 0.00730371 -0.00263883 0.999993 -0.00250029 -0.00421596 -0.00476334 0.00248767 0.999986 0.0105513 0.0 0.0 0.0 1.0
stairs/seq-05/color/frame-000164.color.png stairs/seq-05/color/frame-000166.color.png 0.999955 0.00933713 0.00180484 0.0130037 -0.00934126 0.999954 0.00235322 -0.0153229 -0.00178285 -0.00236998 0.999996 0.00578922 0.0 0.0 0.0 1.0
stairs/seq-05/color/frame-000166.color.png stairs/seq-05/color/frame-000168.color.png 0.999974 -4.71138e-06 0.00716929 -0.00835513 1.85077e-05 0.999998 -0.00193189 -0.00614083 -0.00716928 0.00193199 0.999972 0.0123828 0.0 0.0 0.0 1.0
stairs/seq-05/color/frame-000168.color.png stairs/seq-05/color/frame-000170.color.png 0.999934 0.0112159 -0.00263233 0.0201718 -0.0112002 0.99992 0.00587054 -0.0252103 0.00269799 -0.00584067 0.999979 0.00514656 0.0 0.0 0.0 1.0
stairs/seq-05/color/frame-000170.color.png stairs/seq-05/color/frame-000172.color.png 0.999933 0.0098812 -0.00602061 0.0270219 -0.00995867 0.999866 -0.0129726 0.0136902 0.0058916 0.0130317 0.999898 0.0127174 0.0 0.0 0.0 1.0
stairs/seq-05/color/frame-000172.color.png stairs/seq-05/color/frame-000174.color.png 0.999982 0.000216913 0.00604045 -0.0114493 -0.000277656 0.999949 0.0100506 -0.0430166 -0.00603773 -0.0100521 0.999931 0.00295144 0.0 0.0 0.0 1.0
stairs/seq-05/color/frame-000174.color.png stairs/seq-05/color/frame-000176.color.png 0.999992 0.00394729 -0.00101995 0.00764069 -0.00394894 0.999991 -0.00163621 -0.00529867 0.00101324 0.00164021 0.999998 0.00543511 0.0 0.0 0.0 1.0
stairs/seq-05/color/frame-000176.color.png stairs/seq-05/color/frame-000178.color.png 0.999996 0.00219619 -0.00160732 0.00984251 -0.00218925 0.999988 0.00430106 -0.0171646 0.0016168 -0.00429754 0.99999 0.000904262 0.0 0.0 0.0 1.0
stairs/seq-05/color/frame-000178.color.png stairs/seq-05/color/frame-000180.color.png 0.999999 0.000141945 0.00163314 -0.000800788 -0.000147627 0.999994 0.00347467 -0.00918603 -0.00163263 -0.00347488 0.999993 0.00476342 0.0 0.0 0.0 1.0
stairs/seq-05/color/frame-000180.color.png stairs/seq-05/color/frame-000182.color.png 0.999982 0.00297009 -0.00515156 0.0167148 -0.00296597 0.999995 0.000794277 -0.00406539 0.00515394 -0.000779038 0.999986 0.00532651 0.0 0.0 0.0 1.0
stairs/seq-05/color/frame-000182.color.png stairs/seq-05/color/frame-000184.color.png 0.999994 -0.00341275 -0.000473809 0.00330356 0.00341395 0.999991 0.00264319 -0.0131914 0.000464768 -0.00264481 0.999996 0.00642496 0.0 0.0 0.0 1.0
stairs/seq-05/color/frame-000184.color.png stairs/seq-05/color/frame-000186.color.png 0.999995 -0.00278446 -0.00155343 0.010825 0.00278483 0.999996 0.000252808 -0.0110061 0.00155266 -0.000257095 0.999999 0.00410438 0.0 0.0 0.0 1.0
stairs/seq-05/color/frame-000186.color.png stairs/seq-05/color/frame-000188.color.png 0.999991 0.000760135 0.00407612 0.00160941 -0.000753923 0.999998 -0.00151803 -0.00244749 -0.00407725 0.00151491 0.999991 0.00948131 0.0 0.0 0.0 1.0
stairs/seq-05/color/frame-000188.color.png stairs/seq-05/color/frame-000190.color.png 0.999995 -0.00300163 0.000363666 0.0130657 0.00300297 0.999988 -0.00392305 0.00414616 -0.000351993 0.00392412 0.999992 0.00546253 0.0 0.0 0.0 1.0
stairs/seq-05/color/frame-000190.color.png stairs/seq-05/color/frame-000192.color.png 0.999947 -0.0102336 -0.00137404 0.00894604 0.0102549 0.99981 0.0165934 -0.0502902 0.00120404 -0.0166066 0.999861 0.000466347 0.0 0.0 0.0 1.0
stairs/seq-05/color/frame-000192.color.png stairs/seq-05/color/frame-000194.color.png 0.999972 -0.00544223 0.0051003 0.00117554 0.00542678 0.999981 0.00304361 -0.0214946 -0.00511684 -0.00301584 0.999982 0.00545204 0.0 0.0 0.0 1.0
stairs/seq-05/color/frame-000194.color.png stairs/seq-05/color/frame-000196.color.png 0.999991 0.00330659 0.00272858 0.0184133 -0.00327895 0.999944 -0.0100472 0.0153944 -0.00276168 0.0100382 0.999946 0.0114815 0.0 0.0 0.0 1.0
stairs/seq-05/color/frame-000196.color.png stairs/seq-05/color/frame-000198.color.png 0.99992 -0.00289324 0.0122743 -0.0111143 0.00293779 0.999989 -0.00361428 -0.00333643 -0.0122637 0.00365005 0.999918 0.0163658 0.0 0.0 0.0 1.0
stairs/seq-05/color/frame-000198.color.png stairs/seq-05/color/frame-000200.color.png 1.0 9.17067e-05 0.000904651 0.0163333 -8.62581e-05 0.999981 -0.00609342 0.000113368 -0.000905103 0.00609334 0.999981 0.0134482 0.0 0.0 0.0 1.0
stairs/seq-05/color/frame-000200.color.png stairs/seq-05/color/frame-000202.color.png 0.999926 0.0039258 0.011482 -0.00881428 -0.00390248 0.99999 -0.00205442 -0.00564241 -0.01149 0.00200947 0.999932 0.0193944 0.0 0.0 0.0 1.0
stairs/seq-05/color/frame-000202.color.png stairs/seq-05/color/frame-000204.color.png 0.999997 0.00153335 -0.00190903 0.0198281 -0.00152482 0.999989 0.00440911 -0.0203274 0.00191574 -0.00440619 0.999988 0.00616276 0.0 0.0 0.0 1.0
stairs/seq-05/color/frame-000204.color.png stairs/seq-05/color/frame-000206.color.png 0.999966 -0.00651609 0.00509758 -0.000820078 0.00649141 0.999967 0.00483725 -0.0269357 -0.00512887 -0.004804 0.999975 0.0124136 0.0 0.0 0.0 1.0
stairs/seq-05/color/frame-000206.color.png stairs/seq-05/color/frame-000208.color.png 0.999948 -0.00855282 -0.00553881 0.0104731 0.0084991 0.999917 -0.00964436 0.00313455 0.00562088 0.00959677 0.999938 0.016721 0.0 0.0 0.0 1.0
stairs/seq-05/color/frame-000208.color.png stairs/seq-05/color/frame-000210.color.png 0.999952 -0.00979677 -0.000152181 0.00485981 0.00979711 0.99995 0.00164 -0.0257204 0.000136023 -0.00164141 0.999999 0.0139093 0.0 0.0 0.0 1.0
stairs/seq-05/color/frame-000210.color.png stairs/seq-05/color/frame-000212.color.png 0.999993 -0.00112262 0.00348884 0.00448377 0.00112784 0.999998 -0.00153567 -0.00499511 -0.00348702 0.00153961 0.999993 0.0115879 0.0 0.0 0.0 1.0
stairs/seq-05/color/frame-000212.color.png stairs/seq-05/color/frame-000214.color.png 0.999996 -0.00211684 0.00188364 0.0133359 0.00211845 0.999997 -0.000814312 -0.0122724 -0.00188196 0.000818286 0.999998 0.00611901 0.0 0.0 0.0 1.0
stairs/seq-05/color/frame-000214.color.png stairs/seq-05/color/frame-000216.color.png 0.999905 -0.000109017 0.0138102 -0.0148713 0.000218454 0.999969 -0.00791733 0.00421971 -0.0138088 0.00791958 0.999873 0.0228986 0.0 0.0 0.0 1.0
stairs/seq-05/color/frame-000216.color.png stairs/seq-05/color/frame-000218.color.png 0.999997 -0.000251351 0.0023629 0.00716376 0.000258889 0.999995 -0.00318166 -0.00549984 -0.00236209 0.00318226 0.999992 0.011546 0.0 0.0 0.0 1.0
stairs/seq-05/color/frame-000218.color.png stairs/seq-05/color/frame-000220.color.png 0.999977 -0.00472335 0.00483071 0.00141297 0.00473772 0.999984 -0.00297903 -0.00721633 -0.00481665 0.00300186 0.999984 0.0144563 0.0 0.0 0.0 1.0
stairs/seq-05/color/frame-000220.color.png stairs/seq-05/color/frame-000222.color.png 0.999995 -0.00191124 0.00262886 0.00127136 0.00191295 0.999998 -0.000643947 -0.00913489 -0.00262761 0.00064898 0.999996 0.00999224 0.0 0.0 0.0 1.0
stairs/seq-05/color/frame-000222.color.png stairs/seq-05/color/frame-000224.color.png 0.999965 -0.00684094 0.00473944 0.0014924 0.0068453 0.999976 -0.000888945 -0.0152441 -0.00473328 0.000921349 0.999988 0.00841057 0.0 0.0 0.0 1.0
stairs/seq-05/color/frame-000224.color.png stairs/seq-05/color/frame-000226.color.png 0.99994 -0.00856466 0.00688796 -0.0107448 0.00858918 0.999957 -0.00355523 -0.0124611 -0.00685717 0.00361419 0.99997 0.0120425 0.0 0.0 0.0 1.0
stairs/seq-05/color/frame-000226.color.png stairs/seq-05/color/frame-000228.color.png 0.999917 -0.0106592 0.00729169 -0.0178085 0.0106024 0.999913 0.00780425 -0.0357269 -0.00737426 -0.00772628 0.999943 0.00410712 0.0 0.0 0.0 1.0
stairs/seq-05/color/frame-000228.color.png stairs/seq-05/color/frame-000230.color.png 0.999918 -0.0121254 0.00417792 -0.00851596 0.0120902 0.999892 0.00832465 -0.0322658 -0.00427833 -0.0082734 0.999957 -0.00199783 0.0 0.0 0.0 1.0
stairs/seq-05/color/frame-000230.color.png stairs/seq-05/color/frame-000232.color.png 0.999985 0.00235803 0.00501074 -0.00265395 -0.00235867 0.999997 0.000138967 -0.0108728 -0.00501042 -0.0001508 0.999987 0.00532722 0.0 0.0 0.0 1.0
stairs/seq-05/color/frame-000232.color.png stairs/seq-05/color/frame-000234.color.png 0.999953 -0.00890022 -0.00388807 0.00476291 0.00891356 0.999954 0.00344533 -0.0226207 0.00385726 -0.00347989 0.999987 -0.00373495 0.0 0.0 0.0 1.0
stairs/seq-05/color/frame-000234.color.png stairs/seq-05/color/frame-000236.color.png 0.999972 0.00334291 0.00670015 -0.00427145 -0.00336124 0.999991 0.00273501 -0.0142201 -0.00669088 -0.00275738 0.999974 0.000970483 0.0 0.0 0.0 1.0
stairs/seq-05/color/frame-000236.color.png stairs/seq-05/color/frame-000238.color.png 1.0 -0.000386932 -0.000880922 0.00497547 0.000386943 1.0 1.89235e-05 -0.00971246 0.000880854 -1.92906e-05 1.0 0.00302029 0.0 0.0 0.0 1.0
stairs/seq-05/color/frame-000238.color.png stairs/seq-05/color/frame-000240.color.png 0.999928 -0.0108232 0.00518696 -0.0143969 0.0107993 0.999931 0.00461941 -0.0305101 -0.00523664 -0.00456307 0.999976 -0.00481486 0.0 0.0 0.0 1.0
stairs/seq-05/color/frame-000240.color.png stairs/seq-05/color/frame-000242.color.png 0.999983 -0.00231648 0.00542916 -0.00952026 0.00229833 0.999992 0.00333595 -0.0150638 -0.00543682 -0.00332338 0.99998 0.00294876 0.0 0.0 0.0 1.0
stairs/seq-05/color/frame-000242.color.png stairs/seq-05/color/frame-000244.color.png 0.999997 -0.000498872 -0.0023976 0.013048 0.000502022 0.999999 0.00130276 -0.00917518 0.00239698 -0.00130394 0.999996 0.000248551 0.0 0.0 0.0 1.0
stairs/seq-05/color/frame-000244.color.png stairs/seq-05/color/frame-000246.color.png 0.999998 -0.00104469 0.00153652 0.000466362 0.00104274 0.999999 0.00117502 -0.00447869 -0.0015378 -0.00117344 0.999998 0.000882626 0.0 0.0 0.0 1.0
stairs/seq-05/color/frame-000246.color.png stairs/seq-05/color/frame-000248.color.png 0.999998 0.00109209 0.00142405 0.00312876 -0.00108871 0.999997 -0.0022897 -0.000249505 -0.00142641 0.00228815 0.999996 0.0101233 0.0 0.0 0.0 1.0
stairs/seq-05/color/frame-000248.color.png stairs/seq-05/color/frame-000250.color.png 0.999989 0.00439651 0.00179373 0.0122019 -0.00439683 0.99999 0.000175646 -0.00901771 -0.00179297 -0.00018351 0.999998 0.00462127 0.0 0.0 0.0 1.0
stairs/seq-05/color/frame-000250.color.png stairs/seq-05/color/frame-000252.color.png 0.999996 -0.00197541 0.00212985 -0.00089629 0.00199414 0.999959 -0.00879796 0.0112755 -0.00211225 0.00880215 0.999959 0.0168612 0.0 0.0 0.0 1.0
stairs/seq-05/color/frame-000252.color.png stairs/seq-05/color/frame-000254.color.png 0.999921 -0.00408164 -0.0118746 0.0344288 0.0041603 0.99997 0.00660785 -0.0264097 0.0118473 -0.00665668 0.999908 -0.0120461 0.0 0.0 0.0 1.0
stairs/seq-05/color/frame-000254.color.png stairs/seq-05/color/frame-000256.color.png 0.999981 -0.00435294 0.00433585 -0.00938921 0.0043263 0.999972 0.00613415 -0.0233763 -0.00436253 -0.00611528 0.999972 -0.00511575 0.0 0.0 0.0 1.0
stairs/seq-05/color/frame-000256.color.png stairs/seq-05/color/frame-000258.color.png 0.999992 0.00406515 0.000509895 0.0153593 -0.00406354 0.999987 -0.00298202 -0.00612235 -0.000522026 0.00297984 0.999995 0.00586355 0.0 0.0 0.0 1.0
stairs/seq-05/color/frame-000258.color.png stairs/seq-05/color/frame-000260.color.png 0.999945 0.00494626 0.0092373 -0.00409372 -0.00490342 0.999977 -0.00465673 -0.00321066 -0.00926016 0.00461121 0.999946 0.00908315 0.0 0.0 0.0 1.0
stairs/seq-05/color/frame-000260.color.png stairs/seq-05/color/frame-000262.color.png 0.999993 0.00381094 5.47407e-05 0.0106175 -0.00381104 0.999992 -0.000807408 -0.0061816 -5.78592e-05 0.000807195 1.0 0.00439346 0.0 0.0 0.0 1.0
stairs/seq-05/color/frame-000262.color.png stairs/seq-05/color/frame-000264.color.png 0.999996 0.00246114 0.00170709 0.00888176 -0.00245936 0.999996 -0.000995637 -0.00631285 -0.00170947 0.000991417 0.999998 0.00242925 0.0 0.0 0.0 1.0
stairs/seq-05/color/frame-000264.color.png stairs/seq-05/color/frame-000266.color.png 1.0 -0.000530989 0.000153736 0.00574429 0.000530897 0.999999 0.000962548 -0.0183716 -0.000154181 -0.000962443 1.0 1.85966e-05 0.0 0.0 0.0 1.0
stairs/seq-05/color/frame-000266.color.png stairs/seq-05/color/frame-000268.color.png 0.999995 0.000635342 0.00326508 0.00622028 -0.000615491 0.999981 -0.00607834 0.000144124 -0.00326896 0.0060763 0.999976 0.00406861 0.0 0.0 0.0 1.0
stairs/seq-05/color/frame-000268.color.png stairs/seq-05/color/frame-000270.color.png 0.999983 0.00233301 0.00530715 -0.00212625 -0.00233835 0.999997 0.000996607 -0.00740707 -0.00530481 -0.00100903 0.999985 0.000534415 0.0 0.0 0.0 1.0
stairs/seq-05/color/frame-000270.color.png stairs/seq-05/color/frame-000272.color.png 0.999978 -0.00547269 0.00364701 -0.00928324 0.00547027 0.999985 0.000680407 -0.0130825 -0.00365079 -0.000660411 0.999993 -0.000239134 0.0 0.0 0.0 1.0
stairs/seq-05/color/frame-000272.color.png stairs/seq-05/color/frame-000274.color.png 0.999973 -0.00740251 -0.000319589 -0.00372867 0.00740351 0.999967 0.00333723 -0.0210871 0.000294977 -0.0033395 0.999994 -0.00727594 0.0 0.0 0.0 1.0
stairs/seq-05/color/frame-000274.color.png stairs/seq-05/color/frame-000276.color.png 0.999943 -0.0105649 0.00168133 -0.0111535 0.0105636 0.999944 0.000743077 -0.0177214 -0.00168906 -0.000725273 0.999998 -0.00384688 0.0 0.0 0.0 1.0
stairs/seq-05/color/frame-000276.color.png stairs/seq-05/color/frame-000278.color.png 0.999988 -0.00463363 -0.001386 -0.00259276 0.00463311 0.999989 -0.00037763 -0.00694549 0.00138779 0.000371211 0.999999 -0.00141096 0.0 0.0 0.0 1.0
stairs/seq-05/color/frame-000278.color.png stairs/seq-05/color/frame-000280.color.png 0.999964 0.0056077 -0.00638695 0.0237907 -0.00559573 0.999983 0.00187648 -0.00602341 0.00639735 -0.00184068 0.999978 -0.00788164 0.0 0.0 0.0 1.0
stairs/seq-05/color/frame-000280.color.png stairs/seq-05/color/frame-000282.color.png 0.999987 -0.00164189 0.00477803 -0.0103608 0.00161518 0.999983 0.00558774 -0.0181427 -0.00478718 -0.00557994 0.999973 -0.00653422 0.0 0.0 0.0 1.0
stairs/seq-05/color/frame-000282.color.png stairs/seq-05/color/frame-000284.color.png 0.999996 0.00175176 -0.00219516 0.00567958 -0.00174753 0.999997 0.00193833 -0.0058682 0.00219869 -0.0019345 0.999996 -0.0028137 0.0 0.0 0.0 1.0
stairs/seq-05/color/frame-000284.color.png stairs/seq-05/color/frame-000286.color.png 0.999987 0.000728251 -0.0049546 0.011995 -0.000736151 0.999998 -0.00160823 -0.00596261 0.00495327 0.00161185 0.999986 -0.000126958 0.0 0.0 0.0 1.0
stairs/seq-05/color/frame-000286.color.png stairs/seq-05/color/frame-000288.color.png 0.999998 0.00170483 -0.000379526 0.00202578 -0.00170479 0.999999 0.000292191 -0.00360775 0.000380072 -0.000291548 1.0 0.000707388 0.0 0.0 0.0 1.0
stairs/seq-05/color/frame-000288.color.png stairs/seq-05/color/frame-000290.color.png 0.999954 -0.00409022 -0.00872658 0.0174345 0.00408074 0.999991 -0.00109808 -0.0144958 0.00873112 0.00106239 0.999961 -0.00514352 0.0 0.0 0.0 1.0
stairs/seq-05/color/frame-000290.color.png stairs/seq-05/color/frame-000292.color.png 0.99999 0.00445973 -0.000963685 0.0143697 -0.00445924 0.99999 0.000409651 -0.00218594 0.000965526 -0.000405346 0.999999 0.000611067 0.0 0.0 0.0 1.0
stairs/seq-05/color/frame-000292.color.png stairs/seq-05/color/frame-000294.color.png 0.999973 0.00454002 0.00587294 -0.00674994 -0.00452565 0.999987 -0.00246389 -0.00284362 -0.005884 0.00243728 0.99998 0.0097369 0.0 0.0 0.0 1.0
stairs/seq-05/color/frame-000294.color.png stairs/seq-05/color/frame-000296.color.png 0.999999 -0.000476716 0.00102932 0.000301704 0.00047871 0.999998 -0.00198885 -0.00045073 -0.00102834 0.00198932 0.999997 0.00685108 0.0 0.0 0.0 1.0
stairs/seq-05/color/frame-000296.color.png stairs/seq-05/color/frame-000298.color.png 0.999991 -0.00244581 -0.00343875 0.0092309 0.00246675 0.999978 0.00610893 -0.0231966 0.00342367 -0.00611735 0.999975 -0.00472808 0.0 0.0 0.0 1.0
stairs/seq-05/color/frame-000298.color.png stairs/seq-05/color/frame-000300.color.png 1.0 0.000535793 0.000347729 0.00295207 -0.000535756 1.0 0.000105182 -0.00753248 -0.000347653 -0.000105333 1.0 0.00660515 0.0 0.0 0.0 1.0
stairs/seq-05/color/frame-000300.color.png stairs/seq-05/color/frame-000302.color.png 0.999994 -0.00107116 -0.00331394 0.0140152 0.00106477 0.999998 -0.00192343 -0.00755358 0.00331599 0.00191988 0.999993 0.00668681 0.0 0.0 0.0 1.0
stairs/seq-05/color/frame-000302.color.png stairs/seq-05/color/frame-000304.color.png 0.999938 0.00805794 0.00772376 -0.000563204 -0.0080017 0.999941 -0.00728417 0.008412 -0.00778211 0.0072219 0.999944 0.0211434 0.0 0.0 0.0 1.0
stairs/seq-05/color/frame-000304.color.png stairs/seq-05/color/frame-000306.color.png 0.999977 0.00628077 -0.00243308 0.0172227 -0.00627864 0.99998 0.000872608 -0.00887644 0.00243855 -0.000857265 0.999997 0.0060482 0.0 0.0 0.0 1.0
stairs/seq-05/color/frame-000306.color.png stairs/seq-05/color/frame-000308.color.png 0.999936 0.00475195 -0.0102169 0.0290189 -0.00488682 0.999901 -0.0132141 0.0207424 0.0101531 0.0132631 0.99986 0.0241127 0.0 0.0 0.0 1.0
stairs/seq-05/color/frame-000308.color.png stairs/seq-05/color/frame-000310.color.png 0.999981 0.00599377 -0.00135226 0.0120035 -0.00599659 0.99998 -0.00215434 -0.00406837 0.00133923 0.00216239 0.999997 0.0117214 0.0 0.0 0.0 1.0
stairs/seq-05/color/frame-000310.color.png stairs/seq-05/color/frame-000312.color.png 0.999979 0.00201244 -0.0061199 0.0237826 -0.00201793 0.999998 -0.000890989 -0.00473845 0.0061181 0.000903305 0.999981 0.00587976 0.0 0.0 0.0 1.0
stairs/seq-05/color/frame-000312.color.png stairs/seq-05/color/frame-000314.color.png 0.999986 -0.00221925 0.00467974 -0.00980204 0.00221337 0.999997 0.00124934 -0.0200408 -0.00468228 -0.00123895 0.999988 0.0109302 0.0 0.0 0.0 1.0
stairs/seq-05/color/frame-000314.color.png stairs/seq-05/color/frame-000316.color.png 0.999943 -0.00341386 -0.010139 0.0134977 0.00341209 0.999994 -0.000185614 -0.00509882 0.0101396 0.000151057 0.999949 0.00324428 0.0 0.0 0.0 1.0
stairs/seq-05/color/frame-000316.color.png stairs/seq-05/color/frame-000318.color.png 0.99989 -0.00535382 -0.0138315 0.0341231 0.00541517 0.999976 0.00439719 -0.0191288 0.0138076 -0.00447162 0.999895 -0.0135618 0.0 0.0 0.0 1.0
stairs/seq-05/color/frame-000318.color.png stairs/seq-05/color/frame-000320.color.png 0.999865 -0.00401295 0.0159125 -0.0370919 0.00390805 0.99997 0.00661825 -0.0360904 -0.0159386 -0.00655516 0.999851 0.0114048 0.0 0.0 0.0 1.0
stairs/seq-05/color/frame-000320.color.png stairs/seq-05/color/frame-000322.color.png 0.999985 0.00435239 0.00337643 0.00814649 -0.00434428 0.999988 -0.00240991 -0.000840902 -0.00338686 0.00239521 0.999991 0.0079143 0.0 0.0 0.0 1.0
stairs/seq-05/color/frame-000322.color.png stairs/seq-05/color/frame-000324.color.png 0.999987 -0.00223997 0.00449664 -0.00878716 0.00224851 0.999996 -0.00190542 -0.00886619 -0.00449233 0.00191553 0.999988 0.0119489 0.0 0.0 0.0 1.0
stairs/seq-05/color/frame-000324.color.png stairs/seq-05/color/frame-000326.color.png 0.999988 0.00152376 -0.00467103 0.0160963 -0.00152594 0.999999 -0.000473208 -0.00641596 0.00467037 0.000480301 0.999989 -8.44002e-05 0.0 0.0 0.0 1.0
stairs/seq-05/color/frame-000326.color.png stairs/seq-05/color/frame-000328.color.png 0.999988 -0.000995871 -0.00479602 0.0192094 0.000989943 0.999999 -0.00125055 -0.00558972 0.00479723 0.00124581 0.999988 0.00186992 0.0 0.0 0.0 1.0
stairs/seq-05/color/frame-000328.color.png stairs/seq-05/color/frame-000330.color.png 0.999962 0.00509163 0.007072 -0.00133714 -0.00508875 0.999987 -0.000433473 -0.00458765 -0.00707416 0.000397407 0.999975 0.0107164 0.0 0.0 0.0 1.0
stairs/seq-05/color/frame-000330.color.png stairs/seq-05/color/frame-000332.color.png 0.999999 0.00133131 -0.000698369 0.00214979 -0.00132866 0.999993 0.00358008 -0.01375 0.000702914 -0.00357913 0.999993 -0.0032711 0.0 0.0 0.0 1.0
stairs/seq-05/color/frame-000332.color.png stairs/seq-05/color/frame-000334.color.png 0.999977 0.00663304 0.00106328 0.0119848 -0.00663342 0.999978 0.000304681 -0.00668299 -0.00106111 -0.000311757 0.999999 0.0016458 0.0 0.0 0.0 1.0
stairs/seq-05/color/frame-000334.color.png stairs/seq-05/color/frame-000336.color.png 0.999975 0.0026004 0.00664838 -0.0107615 -0.00261182 0.999995 0.00170508 -0.0112592 -0.00664408 -0.0017224 0.999976 0.00517905 0.0 0.0 0.0 1.0
stairs/seq-05/color/frame-000336.color.png stairs/seq-05/color/frame-000338.color.png 0.999984 0.00414713 -0.00385513 0.020957 -0.0041409 0.99999 0.00161254 -0.009076 0.00386184 -0.00159651 0.999991 -0.00468612 0.0 0.0 0.0 1.0
stairs/seq-05/color/frame-000338.color.png stairs/seq-05/color/frame-000340.color.png 0.999973 -0.00244691 0.00689898 -0.0198753 0.0024025 0.999976 0.00644151 -0.0317549 -0.00691453 -0.00642477 0.999955 -0.00225151 0.0 0.0 0.0 1.0
stairs/seq-05/color/frame-000340.color.png stairs/seq-05/color/frame-000342.color.png 0.999996 0.00287899 0.000315153 0.00503337 -0.00288004 0.999991 0.00307525 -0.00997329 -0.000306257 -0.00307615 0.999995 0.00343978 0.0 0.0 0.0 1.0
stairs/seq-05/color/frame-000342.color.png stairs/seq-05/color/frame-000344.color.png 0.999984 0.0056301 -0.000836825 0.0114993 -0.00563071 0.999984 -0.000888891 0.00236344 0.000831757 0.000893591 0.999999 0.00445449 0.0 0.0 0.0 1.0
stairs/seq-05/color/frame-000344.color.png stairs/seq-05/color/frame-000346.color.png 0.999992 0.00404637 0.000593794 0.00936261 -0.00404783 0.999989 0.00236034 -0.00483787 -0.000584255 -0.00236272 0.999997 -0.000526547 0.0 0.0 0.0 1.0
