stairs/seq-05/color/frame-000001.color.png stairs/seq-05/color/frame-000004.color.png 0.999999 0.000517986 -0.00161135 -0.000959823 -0.00051085 0.99999 0.00442564 -0.000175186 0.00161362 -0.00442481 0.999989 0.000957022 0.0 0.0 0.0 1.0
stairs/seq-05/color/frame-000004.color.png stairs/seq-05/color/frame-000007.color.png 1.0 1.66228e-05 -0.000596395 -0.00136447 -1.45694e-05 0.999994 0.00344236 -0.00114426 0.000596449 -0.00344235 0.999994 0.000720846 0.0 0.0 0.0 1.0
stairs/seq-05/color/frame-000007.color.png stairs/seq-05/color/frame-000010.color.png 0.999988 -0.00358833 -0.00344857 -0.00226651 0.00360704 0.999979 0.00543466 -0.00205519 0.003429 -0.00544703 0.999979 0.00409684 0.0 0.0 0.0 1.0
stairs/seq-05/color/frame-000010.color.png stairs/seq-05/color/frame-000013.color.png 0.999998 3.82419e-05 -0.00208075 -0.00564018 -2.92485e-05 0.999991 0.00432212 -0.00275695 0.0020809 -0.00432205 0.999989 0.00162822 0.0 0.0 0.0 1.0
stairs/seq-05/color/frame-000013.color.png stairs/seq-05/color/frame-000016.color.png 0.999996 0.000802209 -0.00265153 -0.00385099 -0.000767666 0.999915 0.0130031 -0.00506755 0.00266174 -0.013001 0.999912 0.00482748 0.0 0.0 0.0 1.0
stairs/seq-05/color/frame-000016.color.png stairs/seq-05/color/frame-000019.color.png 0.999965 -0.00385504 -0.00739487 -0.00864924 0.0039695 0.999872 0.0155264 -0.00708544 0.00733407 -0.0155552 0.999852 0.00551899 0.0 0.0 0.0 1.0
stairs/seq-05/color/frame-000019.color.png stairs/seq-05/color/frame-000022.color.png 0.999999 -0.0014107 -0.000190765 -0.0121286 0.00141164 0.999986 0.00506127 -0.00358096 0.000183619 -0.00506154 0.999987 0.00215464 0.0 0.0 0.0 1.0
stairs/seq-05/color/frame-000022.color.png stairs/seq-05/color/frame-000025.color.png 0.999958 0.00696089 0.00589107 -0.0153353 -0.00701529 0.999932 0.00926522 -0.00948878 -0.00582617 -0.00930616 0.99994 -0.000333397 0.0 0.0 0.0 1.0
stairs/seq-05/color/frame-000025.color.png stairs/seq-05/color/frame-000028.color.png 0.999922 0.0120167 0.00327244 -0.014425 -0.012058 0.999844 0.0128962 -0.0131167 -0.00311697 -0.0129347 0.999911 0.0113661 0.0 0.0 0.0 1.0
stairs/seq-05/color/frame-000028.color.png stairs/seq-05/color/frame-000031.color.png 0.999991 0.00405179 -0.00105933 -0.0155053 -0.00404419 0.999967 0.00707796 -0.00898915 0.00108798 -0.00707359 0.999974 0.0158186 0.0 0.0 0.0 1.0
stairs/seq-05/color/frame-000031.color.png stairs/seq-05/color/frame-000034.color.png 0.999962 -0.00241174 -0.0084057 -0.0053976 0.00237005 0.999985 -0.00496711 -0.00671716 0.00841755 0.00494702 0.999952 0.0264729 0.0 0.0 0.0 1.0
stairs/seq-05/color/frame-000034.color.png stairs/seq-05/color/frame-000037.color.png 0.999889 0.00543646 0.013867 -0.0160692 -0.0053754 0.999976 -0.00443652 -0.00646876 -0.0138908 0.00436149 0.999894 0.0193657 0.0 0.0 0.0 1.0
stairs/seq-05/color/frame-000037.color.png stairs/seq-05/color/frame-000040.color.png 0.999799 -0.0145144 0.0138514 -0.00668456 0.0146987 0.999803 -0.0133033 -0.0132008 -0.0136555 0.0135042 0.999816 0.0312237 0.0 0.0 0.0 1.0
stairs/seq-05/color/frame-000040.color.png stairs/seq-05/color/frame-000043.color.png 0.999691 -0.0191958 0.015804 -0.026097 0.0195115 0.999608 -0.0200649 -0.00274255 -0.0154126 0.020367 0.999674 0.0157535 0.0 0.0 0.0 1.0
stairs/seq-05/color/frame-000043.color.png stairs/seq-05/color/frame-000046.color.png 0.999867 -0.0133181 0.00940766 -0.0100209 0.0132877 0.999906 0.0032902 -0.00847024 -0.0094506 -0.00316477 0.99995 0.0216267 0.0 0.0 0.0 1.0
stairs/seq-05/color/frame-000046.color.png stairs/seq-05/color/frame-000049.color.png 0.999727 -0.00981892 0.0212012 -0.0130086 0.00997848 0.999922 -0.00743278 -0.011373 -0.0211266 0.00764231 0.999748 0.0251307 0.0 0.0 0.0 1.0
stairs/seq-05/color/frame-000049.color.png stairs/seq-05/color/frame-000052.color.png 0.999757 -0.0139027 0.0171078 -0.00608191 0.0137461 0.999863 0.00923717 -0.00685916 -0.0172338 -0.00899976 0.999811 0.0164038 0.0 0.0 0.0 1.0
stairs/seq-05/color/frame-000052.color.png stairs/seq-05/color/frame-000055.color.png 0.99975 -0.0157784 0.0158299 -0.010166 0.015456 0.999675 0.0202874 -0.0137035 -0.0161449 -0.0200377 0.999669 0.00710823 0.0 0.0 0.0 1.0
stairs/seq-05/color/frame-000055.color.png stairs/seq-05/color/frame-000058.color.png 0.999757 -0.0114567 0.0188472 -0.0102526 0.0111459 0.999802 0.0165139 -0.0121861 -0.0190327 -0.0162998 0.999686 0.0111056 0.0 0.0 0.0 1.0
stairs/seq-05/color/frame-000058.color.png stairs/seq-05/color/frame-000061.color.png 0.999692 -0.00879364 0.0231862 -0.014109 0.00814886 0.999581 0.0277579 -0.0385877 -0.0234206 -0.0275604 0.999346 0.0159487 0.0 0.0 0.0 1.0
stairs/seq-05/color/frame-000061.color.png stairs/seq-05/color/frame-000064.color.png 0.999541 -0.0141134 0.0267959 -0.00556666 0.0142286 0.99989 -0.00411475 -0.00178848 -0.0267349 0.00449414 0.999633 0.0048297 0.0 0.0 0.0 1.0
stairs/seq-05/color/frame-000064.color.png stairs/seq-05/color/frame-000067.color.png 0.999228 -0.0246202 0.0306314 -0.030203 0.0244411 0.999682 0.00620941 -0.0215604 -0.0307746 -0.00545595 0.999511 0.00820234 0.0 0.0 0.0 1.0
stairs/seq-05/color/frame-000067.color.png stairs/seq-05/color/frame-000070.color.png 0.99959 -0.0158195 0.0238632 -0.0344015 0.0160923 0.999807 -0.0112852 -0.0141284 -0.02368 0.0116645 0.999652 0.0166193 0.0 0.0 0.0 1.0
stairs/seq-05/color/frame-000070.color.png stairs/seq-05/color/frame-000073.color.png 0.99986 -0.0127682 0.010835 -0.0231877 0.0128387 0.999897 -0.00646164 -0.024145 -0.0107513 0.00659985 0.99992 0.0307702 0.0 0.0 0.0 1.0
stairs/seq-05/color/frame-000073.color.png stairs/seq-05/color/frame-000076.color.png 0.999726 -0.0151657 0.0178127 -0.0322144 0.0152079 0.999882 -0.00223598 -0.0150937 -0.0177767 0.00250628 0.999839 0.0178297 0.0 0.0 0.0 1.0
stairs/seq-05/color/frame-000076.color.png stairs/seq-05/color/frame-000079.color.png 0.99997 -0.00563845 0.00523072 -0.0124144 0.0056522 0.999981 -0.00261904 -0.0019857 -0.00521591 0.0026485 0.999983 0.0173214 0.0 0.0 0.0 1.0
stairs/seq-05/color/frame-000079.color.png stairs/seq-05/color/frame-000082.color.png 0.999759 -0.0128056 0.0178038 -0.0413893 0.0127597 0.999915 0.00269134 -0.0266754 -0.0178367 -0.00246353 0.999838 0.0136701 0.0 0.0 0.0 1.0
stairs/seq-05/color/frame-000082.color.png stairs/seq-05/color/frame-000085.color.png 0.999905 -0.0121146 0.00663789 -0.0118701 0.0120897 0.99992 0.00378324 -0.00996429 -0.00668318 -0.0037026 0.999971 0.00344339 0.0 0.0 0.0 1.0
stairs/seq-05/color/frame-000085.color.png stairs/seq-05/color/frame-000088.color.png 0.999894 -0.01216 0.00794989 -0.0182516 0.0120632 0.999854 0.0121204 -0.0148851 -0.00809616 -0.0120233 0.999895 0.00931621 0.0 0.0 0.0 1.0
stairs/seq-05/color/frame-000088.color.png stairs/seq-05/color/frame-000091.color.png 0.999991 -0.00290475 -0.00315843 0.00633043 0.00292991 0.999964 0.00800463 -0.0125653 0.00313515 -0.0080138 0.999963 0.0186095 0.0 0.0 0.0 1.0
stairs/seq-05/color/frame-000091.color.png stairs/seq-05/color/frame-000094.color.png 0.999999 -0.000373588 0.00170067 0.00617898 0.00036949 0.999997 0.0024305 -0.00913778 -0.00170163 -0.00242985 0.999996 0.0227187 0.0 0.0 0.0 1.0
stairs/seq-05/color/frame-000094.color.png stairs/seq-05/color/frame-000097.color.png 0.999992 -0.00186975 0.00363699 -0.0146631 0.00186869 0.999998 0.000294213 -0.0129178 -0.00363758 -0.00028746 0.999993 0.0228188 0.0 0.0 0.0 1.0
stairs/seq-05/color/frame-000097.color.png stairs/seq-05/color/frame-000100.color.png 0.999915 0.00142322 0.0129349 -0.00805083 -0.0014911 0.999985 0.00523899 -0.0177162 -0.0129272 -0.00525782 0.999903 0.0240029 0.0 0.0 0.0 1.0
stairs/seq-05/color/frame-000100.color.png stairs/seq-05/color/frame-000103.color.png 0.999221 -0.00391424 0.0392691 -0.0510382 0.00366225 0.999972 0.00648635 -0.0345261 -0.0392935 -0.00633748 0.999207 0.0225249 0.0 0.0 0.0 1.0
stairs/seq-05/color/frame-000103.color.png stairs/seq-05/color/frame-000106.color.png 0.999793 -0.00226775 0.0202158 -0.0154569 0.00249877 0.999932 -0.0114093 0.000628769 -0.0201885 0.0114575 0.999731 0.0110308 0.0 0.0 0.0 1.0
stairs/seq-05/color/frame-000106.color.png stairs/seq-05/color/frame-000109.color.png 0.999848 -0.0140085 0.0103931 -0.00432819 0.0140384 0.999897 -0.00280484 -0.0061565 -0.0103527 0.00295034 0.999942 0.0223633 0.0 0.0 0.0 1.0
stairs/seq-05/color/frame-000109.color.png stairs/seq-05/color/frame-000112.color.png 0.999945 -0.00128918 0.010416 -0.00400949 0.00140081 0.999942 -0.0107217 0.00431219 -0.0104016 0.0107357 0.999888 0.0187768 0.0 0.0 0.0 1.0
stairs/seq-05/color/frame-000112.color.png stairs/seq-05/color/frame-000115.color.png 0.999867 -0.013958 0.00847618 0.00719494 0.0139887 0.999896 -0.0035687 -0.0206985 -0.00842552 0.0036868 0.999958 0.0159217 0.0 0.0 0.0 1.0
stairs/seq-05/color/frame-000115.color.png stairs/seq-05/color/frame-000118.color.png 0.999869 -0.00796653 0.0140721 -0.0163665 0.00806032 0.999946 -0.00662485 0.00821185 -0.0140185 0.00673742 0.999879 0.0137129 0.0 0.0 0.0 1.0
stairs/seq-05/color/frame-000118.color.png stairs/seq-05/color/frame-000121.color.png 0.999658 -0.00114289 0.0261342 -0.0347851 0.000726885 0.999873 0.0159222 -0.0381252 -0.026149 -0.0158978 0.999532 0.0199837 0.0 0.0 0.0 1.0
stairs/seq-05/color/frame-000121.color.png stairs/seq-05/color/frame-000124.color.png 0.999812 -0.00399588 0.0189951 -0.00964707 0.00391987 0.999984 0.00403988 -0.0218361 -0.019011 -0.00396464 0.999811 0.0247115 0.0 0.0 0.0 1.0
stairs/seq-05/color/frame-000124.color.png stairs/seq-05/color/frame-000127.color.png 0.999978 -0.00421522 0.0051047 0.00727662 0.00423971 0.999979 -0.00480128 -0.00737113 -0.00508439 0.00482277 0.999975 0.0256438 0.0 0.0 0.0 1.0
stairs/seq-05/color/frame-000127.color.png stairs/seq-05/color/frame-000130.color.png 0.999843 -0.00410962 0.017232 -0.0154771 0.00448765 0.999749 -0.0219571 0.0209401 -0.0171374 0.022031 0.99961 0.0288814 0.0 0.0 0.0 1.0
stairs/seq-05/color/frame-000130.color.png stairs/seq-05/color/frame-000133.color.png 0.999895 -0.0138994 0.00401726 -0.000937462 0.0138838 0.999896 0.00389923 -0.0235007 -0.00407105 -0.00384305 0.999984 0.0202709 0.0 0.0 0.0 1.0
stairs/seq-05/color/frame-000133.color.png stairs/seq-05/color/frame-000136.color.png 0.999745 -0.0182099 0.0133667 -0.0257778 0.0182401 0.999831 -0.00214637 -0.00582469 -0.0133254 0.00238963 0.999908 0.0176932 0.0 0.0 0.0 1.0
stairs/seq-05/color/frame-000136.color.png stairs/seq-05/color/frame-000139.color.png 0.999974 -0.00657901 -0.00294332 0.00801143 0.00659202 0.999968 0.00442552 -0.0367128 0.00291407 -0.00444483 0.999986 0.0136819 0.0 0.0 0.0 1.0
stairs/seq-05/color/frame-000139.color.png stairs/seq-05/color/frame-000142.color.png 0.999969 -0.00766393 0.00187227 0.00349838 0.00768613 0.999897 -0.0121487 0.00304681 -0.00177887 0.0121627 0.999925 0.0225275 0.0 0.0 0.0 1.0
stairs/seq-05/color/frame-000142.color.png stairs/seq-05/color/frame-000145.color.png 0.999893 -0.00664402 0.0130306 -0.0105914 0.00673676 0.999952 -0.00708713 -0.00213468 -0.012983 0.00717414 0.99989 0.0171838 0.0 0.0 0.0 1.0
stairs/seq-05/color/frame-000145.color.png stairs/seq-05/color/frame-000148.color.png 0.999968 -0.00773297 0.0020546 0.00539264 0.00774075 0.999963 -0.00379368 9.23872e-05 -0.00202514 0.00380943 0.999991 0.0174395 0.0 0.0 0.0 1.0
stairs/seq-05/color/frame-000148.color.png stairs/seq-05/color/frame-000151.color.png 0.99994 -0.0106679 0.00266947 -0.000452816 0.010675 0.999939 -0.00269627 -0.0104935 -0.00264052 0.00272464 0.999993 0.0163394 0.0 0.0 0.0 1.0
stairs/seq-05/color/frame-000151.color.png stairs/seq-05/color/frame-000154.color.png 0.999985 -0.00550565 0.000649924 0.00539133 0.00550498 0.999984 0.00104883 -0.0225133 -0.000655617 -0.00104525 0.999999 0.00878584 0.0 0.0 0.0 1.0
stairs/seq-05/color/frame-000154.color.png stairs/seq-05/color/frame-000157.color.png 0.99999 0.00057866 0.00433549 -0.00160678 -0.000599073 0.999989 0.00471358 -0.0274776 -0.00433276 -0.00471614 0.99998 0.0181793 0.0 0.0 0.0 1.0
stairs/seq-05/color/frame-000157.color.png stairs/seq-05/color/frame-000160.color.png 0.999962 0.00822018 0.00279548 0.0107035 -0.00822099 0.999966 0.000290567 -0.0124713 -0.00279309 -0.000313553 0.999996 0.0153521 0.0 0.0 0.0 1.0
stairs/seq-05/color/frame-000160.color.png stairs/seq-05/color/frame-000163.color.png 0.999995 0.00214444 0.00251835 0.0169884 -0.0021424 0.999997 -0.000793338 -0.0150791 -0.00252001 0.000787908 0.999996 0.0121172 0.0 0.0 0.0 1.0
stairs/seq-05/color/frame-000163.color.png stairs/seq-05/color/frame-000166.color.png 0.999964 0.00807299 -0.0023874 0.0313979 -0.00807314 0.999968 3.49797e-06 -0.0150804 0.00238747 1.58287e-05 0.999997 0.00977385 0.0 0.0 0.0 1.0
stairs/seq-05/color/frame-000166.color.png stairs/seq-05/color/frame-000169.color.png 0.999957 0.00761767 0.00527725 0.00553493 -0.00760603 0.999969 -0.00221612 -0.00779355 -0.0052941 0.00217588 0.999984 0.0161927 0.0 0.0 0.0 1.0
stairs/seq-05/color/frame-000169.color.png stairs/seq-05/color/frame-000172.color.png 0.999881 0.0151764 -0.00285623 0.0252537 -0.0151915 0.99987 -0.00536124 -0.0126212 0.00277459 0.00540403 0.999982 0.0151744 0.0 0.0 0.0 1.0
stairs/seq-05/color/frame-000172.color.png stairs/seq-05/color/frame-000175.color.png 0.999988 0.00474739 0.000733448 0.0112384 -0.00475223 0.999965 0.00680041 -0.0333661 -0.000701212 -0.00680386 0.999977 0.00772631 0.0 0.0 0.0 1.0
stairs/seq-05/color/frame-000175.color.png stairs/seq-05/color/frame-000178.color.png 0.999975 0.0051751 -0.00480041 0.0208449 -0.00517043 0.999986 0.000997163 -0.0140048 0.00480554 -0.000972282 0.999988 0.00398612 0.0 0.0 0.0 1.0
stairs/seq-05/color/frame-000178.color.png stairs/seq-05/color/frame-000181.color.png 0.999988 0.00492961 -0.000563824 0.00890253 -0.00492891 0.999987 0.00120047 -0.00286436 0.000569722 -0.00119767 0.999999 0.0136887 0.0 0.0 0.0 1.0
stairs/seq-05/color/frame-000181.color.png stairs/seq-05/color/frame-000184.color.png 0.999994 -0.00270936 -0.00197824 0.009362 0.00271231 0.999995 0.00147175 -0.0114958 0.00197423 -0.00147709 0.999997 0.00824594 0.0 0.0 0.0 1.0
stairs/seq-05/color/frame-000184.color.png stairs/seq-05/color/frame-000187.color.png 0.999987 -0.00109845 0.00502608 0.00226615 0.0011112 0.999996 -0.0025539 -0.00954509 -0.00502323 0.00255947 0.999984 0.0135884 0.0 0.0 0.0 1.0
stairs/seq-05/color/frame-000187.color.png stairs/seq-05/color/frame-000190.color.png 0.999972 -0.0073802 -0.000790058 0.0171518 0.00738824 0.999917 0.0105829 -0.0357369 0.000711901 -0.0105885 0.999944 -7.70092e-05 0.0 0.0 0.0 1.0
stairs/seq-05/color/frame-000190.color.png stairs/seq-05/color/frame-000193.color.png 0.999932 -0.00475775 0.0106073 -0.00897944 0.00468361 0.999965 0.0069957 -0.0229592 -0.0106404 -0.00694553 0.999919 0.0146416 0.0 0.0 0.0 1.0
stairs/seq-05/color/frame-000193.color.png stairs/seq-05/color/frame-000196.color.png 0.999994 -0.00322705 -0.00108325 0.0337303 0.00322084 0.999978 -0.00573563 -0.00518852 0.00110171 0.00573214 0.999983 0.00892735 0.0 0.0 0.0 1.0
stairs/seq-05/color/frame-000196.color.png stairs/seq-05/color/frame-000199.color.png 0.999916 -0.00372925 0.012409 -0.00491408 0.00380967 0.999972 -0.00646356 -0.00441664 -0.0123844 0.0065103 0.999902 0.0231947 0.0 0.0 0.0 1.0
stairs/seq-05/color/frame-000199.color.png stairs/seq-05/color/frame-000202.color.png 0.999939 0.00440378 0.010146 0.0054041 -0.00437998 0.999988 -0.00237366 -0.0108491 -0.0101564 0.00232911 0.999946 0.0223929 0.0 0.0 0.0 1.0
stairs/seq-05/color/frame-000202.color.png stairs/seq-05/color/frame-000205.color.png 0.999981 0.00182976 0.0058973 0.0102321 -0.00186935 0.999976 0.00672809 -0.0296577 -0.00588485 -0.00673898 0.99996 0.0154802 0.0 0.0 0.0 1.0
stairs/seq-05/color/frame-000205.color.png stairs/seq-05/color/frame-000208.color.png 0.999931 -0.0116035 0.0019827 -0.0051506 0.0116148 0.999915 -0.00584412 -0.015541 -0.00191468 0.00586675 0.999981 0.0255333 0.0 0.0 0.0 1.0
stairs/seq-05/color/frame-000208.color.png stairs/seq-05/color/frame-000211.color.png 0.999896 -0.00576227 -0.0132271 0.0519929 0.00551342 0.999808 -0.0187771 0.0243023 0.0133327 0.0187022 0.999736 0.0226671 0.0 0.0 0.0 1.0
stairs/seq-05/color/frame-000211.color.png stairs/seq-05/color/frame-000214.color.png 0.999974 -0.00700261 0.00183491 0.0184434 0.00699025 0.999954 0.00664229 -0.0368187 -0.0018813 -0.00662932 0.999976 0.012279 0.0 0.0 0.0 1.0
stairs/seq-05/color/frame-000214.color.png stairs/seq-05/color/frame-000217.color.png 0.999922 -0.000600673 0.0124813 -0.00610526 0.000715807 0.999957 -0.00922852 0.00066638 -0.0124752 0.00923674 0.99988 0.0264823 0.0 0.0 0.0 1.0
stairs/seq-05/color/frame-000217.color.png stairs/seq-05/color/frame-000220.color.png 0.999947 -0.00388977 0.00958378 -0.00472138 0.00388544 0.999992 0.000470838 -0.0188676 -0.00958559 -0.000433552 0.999954 0.018263 0.0 0.0 0.0 1.0
stairs/seq-05/color/frame-000220.color.png stairs/seq-05/color/frame-000223.color.png 0.999977 -0.00333116 -0.00584036 0.0337336 0.00327504 0.999949 -0.00959597 0.00738174 0.00587197 0.0095766 0.999937 0.013941 0.0 0.0 0.0 1.0
stairs/seq-05/color/frame-000223.color.png stairs/seq-05/color/frame-000226.color.png 0.999538 -0.0155432 0.0261384 -0.0592594 0.0153423 0.999851 0.00786801 -0.0528083 -0.0262568 -0.00746338 0.999627 0.0203513 0.0 0.0 0.0 1.0
stairs/seq-05/color/frame-000226.color.png stairs/seq-05/color/frame-000229.color.png 0.999868 -0.0161705 0.00158441 -0.000614099 0.0161719 0.999869 -0.000821088 -0.017025 -0.00157081 0.000846603 0.999998 0.00380945 0.0 0.0 0.0 1.0
stairs/seq-05/color/frame-000229.color.png stairs/seq-05/color/frame-000232.color.png 0.999979 -0.00426234 0.00485274 -0.0024567 0.00424572 0.999985 0.00345366 -0.0266563 -0.00486747 -0.00343301 0.999982 0.00298762 0.0 0.0 0.0 1.0
stairs/seq-05/color/frame-000232.color.png stairs/seq-05/color/frame-000235.color.png 0.999993 -0.00224196 -0.00283888 0.0134299 0.00224655 0.999996 0.00164707 -0.0169806 0.00283526 -0.00165341 0.999995 -0.0018208 0.0 0.0 0.0 1.0
stairs/seq-05/color/frame-000235.color.png stairs/seq-05/color/frame-000238.color.png 0.999981 -0.00173154 0.0059627 -0.00817382 0.00171776 0.999996 0.00232324 -0.02201 -0.00596675 -0.00231294 0.999979 0.00501955 0.0 0.0 0.0 1.0
stairs/seq-05/color/frame-000238.color.png stairs/seq-05/color/frame-000241.color.png 0.99984 -0.0148489 0.00996559 -0.0240453 0.0147236 0.999813 0.0125214 -0.0587046 -0.0101495 -0.0123726 0.999872 -0.00460267 0.0 0.0 0.0 1.0
stairs/seq-05/color/frame-000241.color.png stairs/seq-05/color/frame-000244.color.png 0.999962 -0.00871036 0.000520982 0.00137569 0.00870476 0.999913 0.0099206 -0.0386691 -0.000607428 -0.00991569 0.999951 -0.00254869 0.0 0.0 0.0 1.0
stairs/seq-05/color/frame-000244.color.png stairs/seq-05/color/frame-000247.color.png 0.999994 -0.00190441 0.00299539 0.000996813 0.00190315 0.999998 0.000414428 -0.00495768 -0.00299627 -0.000408731 0.999995 0.00578308 0.0 0.0 0.0 1.0
stairs/seq-05/color/frame-000247.color.png stairs/seq-05/color/frame-000250.color.png 0.999994 0.00286426 -0.00222773 0.0211677 -0.00286316 0.999996 0.000443671 -0.0147728 0.00222905 -0.000437274 0.999997 0.00407171 0.0 0.0 0.0 1.0
stairs/seq-05/color/frame-000250.color.png stairs/seq-05/color/frame-000253.color.png 0.999993 -0.00346686 -0.00126375 0.00745836 0.00345799 0.999971 -0.00684315 0.00119817 0.00128745 0.00683872 0.999976 0.0160489 0.0 0.0 0.0 1.0
stairs/seq-05/color/frame-000253.color.png stairs/seq-05/color/frame-000256.color.png 1.0 7.79708e-05 0.000215464 0.0141658 -7.91073e-05 0.999983 0.00586001 -0.0225365 -0.000215156 -0.00586003 0.999983 -0.00696146 0.0 0.0 0.0 1.0
stairs/seq-05/color/frame-000256.color.png stairs/seq-05/color/frame-000259.color.png 0.999998 0.0019701 0.000467962 0.018314 -0.00196962 0.999997 -0.00130913 -0.0275252 -0.000470454 0.00130815 0.999999 0.00160921 0.0 0.0 0.0 1.0
stairs/seq-05/color/frame-000259.color.png stairs/seq-05/color/frame-000262.color.png 0.99993 0.00719316 0.009376 -0.00181665 -0.00716911 0.999971 -0.00257726 -0.00505531 -0.00939432 0.00250994 0.999953 0.0134845 0.0 0.0 0.0 1.0
stairs/seq-05/color/frame-000262.color.png stairs/seq-05/color/frame-000265.color.png 0.999942 0.00390375 0.00999691 -0.00908612 -0.00391385 0.999992 0.000976607 -0.0175771 -0.00999282 -0.00101562 0.99995 0.00817907 0.0 0.0 0.0 1.0
stairs/seq-05/color/frame-000265.color.png stairs/seq-05/color/frame-000268.color.png 0.999949 -0.00883843 -0.00489329 0.0186901 0.00885132 0.999957 0.00263204 -0.0376582 0.00486979 -0.0026753 0.999985 -0.0140361 0.0 0.0 0.0 1.0
stairs/seq-05/color/frame-000268.color.png stairs/seq-05/color/frame-000271.color.png 0.99995 -0.000815264 0.0100053 -0.0146556 0.000789 0.999996 0.00262926 -0.0184547 -0.0100075 -0.00262118 0.999947 0.000724792 0.0 0.0 0.0 1.0
stairs/seq-05/color/frame-000271.color.png stairs/seq-05/color/frame-000274.color.png 0.99998 -0.006143 0.00174693 -0.00420648 0.0061438 0.999981 -0.000405345 -0.0132799 -0.00174435 0.000416042 0.999998 -0.00150275 0.0 0.0 0.0 1.0
stairs/seq-05/color/frame-000274.color.png stairs/seq-05/color/frame-000277.color.png 0.999872 -0.0157969 0.00265768 -0.0208394 0.0157896 0.999872 0.00274735 -0.0305425 -0.00270074 -0.00270502 0.999993 -0.00641334 0.0 0.0 0.0 1.0
stairs/seq-05/color/frame-000277.color.png stairs/seq-05/color/frame-000280.color.png 0.999975 -0.00107787 -0.00704633 0.0203045 0.00111286 0.999987 0.00497439 -0.0222323 0.00704084 -0.0049821 0.999963 -0.0118386 0.0 0.0 0.0 1.0
stairs/seq-05/color/frame-000280.color.png stairs/seq-05/color/frame-000283.color.png 0.999993 -0.00220263 0.00303544 -0.00809076 0.00217384 0.999953 0.00945682 -0.0303316 -0.00305607 -0.00945014 0.999951 -0.0113494 0.0 0.0 0.0 1.0
stairs/seq-05/color/frame-000283.color.png stairs/seq-05/color/frame-000286.color.png 0.999941 0.0107664 0.00133073 0.00849628 -0.0107612 0.999935 -0.00380533 0.0106494 -0.00137161 0.00379081 0.999992 0.0119896 0.0 0.0 0.0 1.0
stairs/seq-05/color/frame-000286.color.png stairs/seq-05/color/frame-000289.color.png 0.999989 0.00260954 -0.00392635 0.0106261 -0.00261373 0.999996 -0.0010528 -0.00481272 0.00392362 0.00106304 0.999992 0.000111461 0.0 0.0 0.0 1.0
stairs/seq-05/color/frame-000289.color.png stairs/seq-05/color/frame-000292.color.png 0.999993 0.003429 -0.00135769 0.0140566 -0.00342887 0.999994 8.54472e-05 -0.00807941 0.0013581 -8.08171e-05 0.999999 0.00126338 0.0 0.0 0.0 1.0
stairs/seq-05/color/frame-000292.color.png stairs/seq-05/color/frame-000295.color.png 0.99999 0.00421709 0.00128161 0.00957114 -0.00420672 0.99996 -0.00794373 0.00933552 -0.00131529 0.00793824 0.999968 0.0149171 0.0 0.0 0.0 1.0
stairs/seq-05/color/frame-000295.color.png stairs/seq-05/color/frame-000298.color.png 0.999939 -0.00247489 -0.010716 0.0292287 0.00252184 0.999987 0.00437615 -0.0200492 0.010705 -0.00440291 0.999933 -0.00905168 0.0 0.0 0.0 1.0
stairs/seq-05/color/frame-000298.color.png stairs/seq-05/color/frame-000301.color.png 0.999998 0.00157331 0.000994236 0.00478032 -0.00157168 0.999997 -0.00159813 -0.00699759 -0.0009967 0.00159658 0.999998 0.0130304 0.0 0.0 0.0 1.0
stairs/seq-05/color/frame-000301.color.png stairs/seq-05/color/frame-000304.color.png 0.999968 0.00523654 0.00602305 0.00541034 -0.00519596 0.999964 -0.00676489 -0.00187004 -0.00605823 0.0067334 0.999959 0.0226253 0.0 0.0 0.0 1.0
stairs/seq-05/color/frame-000304.color.png stairs/seq-05/color/frame-000307.color.png 0.999919 0.0110672 -0.00636623 0.0331459 -0.0111144 0.999911 -0.00742992 0.00999224 0.00628343 0.00750008 0.999952 0.0229211 0.0 0.0 0.0 1.0
stairs/seq-05/color/frame-000307.color.png stairs/seq-05/color/frame-000310.color.png 0.999716 -0.00132349 -0.0237928 0.0637026 0.000967347 0.999887 -0.0149753 0.0107648 0.0238098 0.014948 0.999605 0.0163265 0.0 0.0 0.0 1.0
stairs/seq-05/color/frame-000310.color.png stairs/seq-05/color/frame-000313.color.png 0.999974 -0.00691378 0.001951 -0.0101654 0.0068804 0.999838 0.0166277 -0.069527 -0.00206567 -0.0166139 0.99986 -0.00599003 0.0 0.0 0.0 1.0
stairs/seq-05/color/frame-000313.color.png stairs/seq-05/color/frame-000316.color.png 0.999988 -0.00232806 -0.00432093 0.00186828 0.00232988 0.999997 0.000396495 -0.012412 0.00431995 -0.000406638 0.99999 0.0139973 0.0 0.0 0.0 1.0
stairs/seq-05/color/frame-000316.color.png stairs/seq-05/color/frame-000319.color.png 0.999957 -0.00444507 -0.0081042 0.0286153 0.00448712 0.999976 0.00518986 -0.0269412 0.00808086 -0.00522598 0.999954 -0.00478303 0.0 0.0 0.0 1.0
stairs/seq-05/color/frame-000319.color.png stairs/seq-05/color/frame-000322.color.png 0.999962 0.00396154 0.007737 0.00160474 -0.00394028 0.999988 -0.00275436 -0.00699294 -0.00774783 0.00272373 0.999966 0.0148269 0.0 0.0 0.0 1.0
stairs/seq-05/color/frame-000322.color.png stairs/seq-05/color/frame-000325.color.png 0.999936 0.00502125 0.0101321 -0.0129992 -0.00494866 0.999962 -0.00718196 0.00690377 -0.0101677 0.00713135 0.999923 0.0271425 0.0 0.0 0.0 1.0
stairs/seq-05/color/frame-000325.color.png stairs/seq-05/color/frame-000328.color.png 0.99992 -0.00760029 -0.0100813 0.022404 0.00766687 0.999949 0.00658086 -0.0368782 0.0100308 -0.00665761 0.999928 -0.0161043 0.0 0.0 0.0 1.0
stairs/seq-05/color/frame-000328.color.png stairs/seq-05/color/frame-000331.color.png 0.999957 0.00839854 0.00386932 0.00960323 -0.00839829 0.999965 -0.00010469 -0.00533402 -0.00387008 7.22301e-05 0.999992 0.00826132 0.0 0.0 0.0 1.0
stairs/seq-05/color/frame-000331.color.png stairs/seq-05/color/frame-000334.color.png 0.999972 0.00732281 -0.0018036 0.022863 -0.0073187 0.999971 0.00221183 -0.0121945 0.00181981 -0.00219859 0.999996 -0.0012449 0.0 0.0 0.0 1.0
stairs/seq-05/color/frame-000334.color.png stairs/seq-05/color/frame-000337.color.png 0.999973 0.00431845 0.00589229 -0.00469676 -0.00434851 0.999977 0.00511131 -0.0228704 -0.00587003 -0.00513674 0.99997 0.00327897 0.0 0.0 0.0 1.0
stairs/seq-05/color/frame-000337.color.png stairs/seq-05/color/frame-000340.color.png 0.999919 0.00276618 0.0124405 -0.0211569 -0.00284372 0.999977 0.00621561 -0.0312569 -0.012423 -0.00625049 0.999903 0.00787652 0.0 0.0 0.0 1.0
stairs/seq-05/color/frame-000340.color.png stairs/seq-05/color/frame-000343.color.png 0.999994 0.00338274 -0.000346049 0.00347367 -0.00338119 0.999984 0.00459482 -0.0183991 0.000361617 -0.00459365 0.999989 -0.0013026 0.0 0.0 0.0 1.0
stairs/seq-05/color/frame-000343.color.png stairs/seq-05/color/frame-000346.color.png 0.999973 0.00721568 -0.000924606 0.017776 -0.00721385 0.999972 0.00203248 -0.0035491 0.000939161 -0.00202571 0.999997 0.000545144 0.0 0.0 0.0 1.0
stairs/seq-05/color/frame-000346.color.png stairs/seq-05/color/frame-000349.color.png 0.999987 0.000465238 -0.00504215 0.0109577 -0.000482277 0.999994 -0.00338644 0.00262475 0.00504068 0.00338884 0.999982 0.0101175 0.0 0.0 0.0 1.0
stairs/seq-05/color/frame-000349.color.png stairs/seq-05/color/frame-000352.color.png 0.999998 0.00203115 -0.000538208 0.00897774 -0.00202561 0.999946 0.010156 -0.0218463 0.000558714 -0.010155 0.999948 -0.0122069 0.0 0.0 0.0 1.0
stairs/seq-05/color/frame-000352.color.png stairs/seq-05/color/frame-000355.color.png 0.999968 -0.00276663 0.00749615 -0.0265508 0.00273261 0.999986 0.00453854 -0.0250174 -0.00750857 -0.00451795 0.999961 0.0101417 0.0 0.0 0.0 1.0
stairs/seq-05/color/frame-000355.color.png stairs/seq-05/color/frame-000358.color.png 0.999996 -0.000598974 -0.002711 0.00818315 0.000576865 0.999966 -0.00817223 0.00839889 0.00271578 0.00817068 0.999963 0.0182867 0.0 0.0 0.0 1.0
stairs/seq-05/color/frame-000358.color.png stairs/seq-05/color/frame-000361.color.png 0.999996 0.0019196 0.00206983 0.0120896 -0.0019108 0.999989 -0.00425218 0.0032649 -0.00207784 0.00424821 0.999989 0.00747907 0.0 0.0 0.0 1.0
stairs/seq-05/color/frame-000361.color.png stairs/seq-05/color/frame-000364.color.png 0.999989 0.00234601 0.00403475 0.00917408 -0.00225449 0.999744 -0.0225012 0.0508486 -0.00408665 0.0224918 0.999739 0.0315405 0.0 0.0 0.0 1.0
stairs/seq-05/color/frame-000364.color.png stairs/seq-05/color/frame-000367.color.png 0.999976 -0.00305242 0.00628849 -0.0223569 0.00303785 0.999993 0.00231747 -0.0160729 -0.0062956 -0.0022983 0.999978 0.0191261 0.0 0.0 0.0 1.0
stairs/seq-05/color/frame-000367.color.png stairs/seq-05/color/frame-000370.color.png 0.999973 0.00683733 0.00269204 0.00845796 -0.00682538 0.999967 -0.004397 -0.00030303 -0.00272208 0.00437847 0.999987 0.00998807 0.0 0.0 0.0 1.0
stairs/seq-05/color/frame-000370.color.png stairs/seq-05/color/frame-000373.color.png 0.999922 -0.00314751 -0.0121109 0.0203876 0.00301474 0.999936 -0.0109625 0.0154166 0.0121447 0.0109251 0.999867 0.00791824 0.0 0.0 0.0 1.0
stairs/seq-05/color/frame-000373.color.png stairs/seq-05/color/frame-000376.color.png 0.999916 0.00825972 0.0100402 -0.00462198 -0.00832068 0.999947 0.00604481 -0.00487256 -0.00998971 -0.00612783 0.999931 -0.00211632 0.0 0.0 0.0 1.0
stairs/seq-05/color/frame-000376.color.png stairs/seq-05/color/frame-000379.color.png 0.999997 0.0016158 -0.00164031 0.00226727 -0.00161748 0.999998 -0.00101281 0.00376785 0.00163865 0.00101546 0.999998 0.00416481 0.0 0.0 0.0 1.0
stairs/seq-05/color/frame-000379.color.png stairs/seq-05/color/frame-000382.color.png 0.999997 -0.00101841 -0.00197433 0.00918061 0.00102052 0.999999 0.00104271 -0.00593257 0.00197319 -0.00104476 0.999997 -0.00433207 0.0 0.0 0.0 1.0
stairs/seq-05/color/frame-000382.color.png stairs/seq-05/color/frame-000385.color.png 0.999892 -0.00432421 0.0140861 -0.0380451 0.0041867 0.999943 0.00977716 -0.0241789 -0.0141275 -0.00971711 0.999853 -0.000213861 0.0 0.0 0.0 1.0
stairs/seq-05/color/frame-000385.color.png stairs/seq-05/color/frame-000388.color.png 0.99994 -0.00294169 0.0105556 -0.0185144 0.00292594 0.999995 0.00151409 -0.0028826 -0.01056 -0.00148309 0.999943 -0.000141501 0.0 0.0 0.0 1.0
stairs/seq-05/color/frame-000388.color.png stairs/seq-05/color/frame-000391.color.png 0.999965 -0.00626034 0.00546155 -0.0176458 0.00624857 0.999978 0.00216509 -0.00700021 -0.00547507 -0.00213087 0.999983 -0.000910401 0.0 0.0 0.0 1.0
stairs/seq-05/color/frame-000391.color.png stairs/seq-05/color/frame-000394.color.png 0.99994 -0.00445087 0.0100267 -0.0229167 0.00446083 0.99999 -0.000977964 0.00135124 -0.0100222 0.00102262 0.999949 0.00466812 0.0 0.0 0.0 1.0
stairs/seq-05/color/frame-000394.color.png stairs/seq-05/color/frame-000397.color.png 0.999983 -0.00143679 0.00566939 -0.00719848 0.00140755 0.999986 0.00517527 -0.0135673 -0.0056767 -0.0051672 0.999971 -0.00716376 0.0 0.0 0.0 1.0
stairs/seq-05/color/frame-000397.color.png stairs/seq-05/color/frame-000400.color.png 0.999954 0.00260403 0.00920203 -0.0178447 -0.00259854 0.999997 -0.000622894 0.00539219 -0.00920371 0.000598963 0.999957 0.0105672 0.0 0.0 0.0 1.0
stairs/seq-05/color/frame-000400.color.png stairs/seq-05/color/frame-000403.color.png 0.999985 0.00276057 -0.0047648 0.0154535 -0.00275582 0.999996 0.000995676 -0.00327754 0.00476763 -0.000982534 0.999988 -0.00457513 0.0 0.0 0.0 1.0
stairs/seq-05/color/frame-000403.color.png stairs/seq-05/color/frame-000406.color.png 0.99997 0.00487456 -0.00608564 0.0169254 -0.00490167 0.999978 -0.00443358 0.0115619 0.0060638 0.00446331 0.999972 0.00383794 0.0 0.0 0.0 1.0
stairs/seq-05/color/frame-000406.color.png stairs/seq-05/color/frame-000409.color.png 0.999965 -0.000107503 -0.00836044 0.0161296 0.000118323 0.999999 0.0012849 -0.00515497 0.00836019 -0.00128587 0.999964 -0.00408077 0.0 0.0 0.0 1.0
stairs/seq-05/color/frame-000409.color.png stairs/seq-05/color/frame-000412.color.png 0.999989 0.00454331 0.000818222 0.00467914 -0.00454327 0.99999 9.33136e-06 -0.00229251 -0.000818127 -1.30431e-05 1.0 0.000442863 0.0 0.0 0.0 1.0
stairs/seq-05/color/frame-000412.color.png stairs/seq-05/color/frame-000415.color.png 0.999995 0.000450468 -0.0032221 0.00927773 -0.000447743 1.0 0.000881963 -0.0020659 0.00322246 -0.000880569 0.999994 -0.00241959 0.0 0.0 0.0 1.0
stairs/seq-05/color/frame-000415.color.png stairs/seq-05/color/frame-000418.color.png 0.999997 -0.00200068 -0.00120819 -0.00382558 0.00199943 0.999998 -0.00102232 -0.00192142 0.00121028 0.00101992 0.999999 0.00437832 0.0 0.0 0.0 1.0
stairs/seq-05/color/frame-000418.color.png stairs/seq-05/color/frame-000421.color.png 0.999994 -0.00263004 -0.00249455 0.00105965 0.00263238 0.999996 0.000922952 -0.00737727 0.00249202 -0.000929478 0.999996 -0.000794888 0.0 0.0 0.0 1.0
stairs/seq-05/color/frame-000421.color.png stairs/seq-05/color/frame-000424.color.png 0.999992 0.00297291 -0.00261825 0.0116129 -0.00298832 0.999978 -0.00588529 0.0177702 0.00260072 0.00589308 0.999979 0.00621688 0.0 0.0 0.0 1.0
stairs/seq-05/color/frame-000424.color.png stairs/seq-05/color/frame-000427.color.png 0.999993 -0.00240901 -0.00278901 0.00581437 0.00241336 0.999996 0.00157519 -0.010317 0.00278526 -0.00158191 0.999995 -0.0024575 0.0 0.0 0.0 1.0
stairs/seq-05/color/frame-000427.color.png stairs/seq-05/color/frame-000430.color.png 0.999961 0.00874415 -0.000783088 0.0128439 -0.00874586 0.999959 -0.00225993 0.00896966 0.00076334 0.00226671 0.999997 0.0021472 0.0 0.0 0.0 1.0
stairs/seq-05/color/frame-000430.color.png stairs/seq-05/color/frame-000433.color.png 0.99999 0.00431143 0.00150733 0.00127527 -0.00430864 0.999989 -0.00180611 0.00633132 -0.00151516 0.00179961 0.999997 0.00493622 0.0 0.0 0.0 1.0
stairs/seq-05/color/frame-000433.color.png stairs/seq-05/color/frame-000436.color.png 0.999989 0.00243467 -0.00393545 0.0104451 -0.00242993 0.999996 0.00121523 -0.00267839 0.00393844 -0.00120569 0.999992 -0.00745189 0.0 0.0 0.0 1.0
stairs/seq-05/color/frame-000436.color.png stairs/seq-05/color/frame-000439.color.png 0.999999 -0.000947886 -0.00112296 -0.000634968 0.00094839 0.999999 0.0004118 0.00464702 0.0011226 -0.000412832 0.999999 -0.00165737 0.0 0.0 0.0 1.0
stairs/seq-05/color/frame-000439.color.png stairs/seq-05/color/frame-000442.color.png 0.999998 -0.00146003 0.00144043 -0.0071528 0.00146003 0.999999 7.77698e-05 -0.00339007 -0.00144052 -7.56578e-05 0.999999 -0.00179136 0.0 0.0 0.0 1.0
stairs/seq-05/color/frame-000442.color.png stairs/seq-05/color/frame-000445.color.png 1.0 0.000906859 0.000247173 0.0013957 -0.000907182 0.999999 0.00110404 -0.00379491 -0.000246228 -0.00110426 0.999999 -0.0050056 0.0 0.0 0.0 1.0
stairs/seq-05/color/frame-000445.color.png stairs/seq-05/color/frame-000448.color.png 0.999962 0.00753848 0.00435158 -0.000575811 -0.00752684 0.999968 -0.00268589 0.00883186 -0.00437178 0.00265299 0.999987 0.0056448 0.0 0.0 0.0 1.0
stairs/seq-05/color/frame-000448.color.png stairs/seq-05/color/frame-000451.color.png 0.999992 0.00405321 7.26157e-05 0.00873727 -0.00405325 0.999992 -0.000498387 0.00535476 -7.4568e-05 0.000498122 1.0 -0.00234067 0.0 0.0 0.0 1.0
stairs/seq-05/color/frame-000451.color.png stairs/seq-05/color/frame-000454.color.png 0.999969 0.00438043 0.00649369 -0.0137327 -0.0043693 0.999989 -0.00172431 0.00405931 -0.00650106 0.00169586 0.999978 0.00896561 0.0 0.0 0.0 1.0
stairs/seq-05/color/frame-000454.color.png stairs/seq-05/color/frame-000457.color.png 0.999948 -0.00572705 -0.00847618 0.011164 0.0057564 0.999978 0.00344066 -0.013622 0.00845621 -0.00348928 0.999958 -0.0109842 0.0 0.0 0.0 1.0
stairs/seq-05/color/frame-000457.color.png stairs/seq-05/color/frame-000460.color.png 0.999984 0.00227786 -0.00526624 0.0172607 -0.00228576 0.999996 -0.00147896 -0.00193369 0.0052629 0.00149098 0.999985 0.00156713 0.0 0.0 0.0 1.0
stairs/seq-05/color/frame-000460.color.png stairs/seq-05/color/frame-000463.color.png 0.99999 0.00422076 0.00162586 0.00885338 -0.00421125 0.999974 -0.00580299 0.00858581 -0.00165038 0.00579607 0.999982 0.00975466 0.0 0.0 0.0 1.0
stairs/seq-05/color/frame-000463.color.png stairs/seq-05/color/frame-000466.color.png 0.999955 0.00702629 -0.00633025 0.0272569 -0.00698068 0.99995 0.00719199 -0.0204878 0.00638047 -0.00714748 0.999954 -0.010775 0.0 0.0 0.0 1.0
stairs/seq-05/color/frame-000466.color.png stairs/seq-05/color/frame-000469.color.png 0.99993 0.00539972 -0.0105216 0.0361978 -0.00541126 0.999985 -0.0010733 -0.0120733 0.0105158 0.00113018 0.999944 0.00234473 0.0 0.0 0.0 1.0
stairs/seq-05/color/frame-000469.color.png stairs/seq-05/color/frame-000472.color.png 0.999993 -0.000514702 -0.00379942 0.0136757 0.000509466 0.999999 -0.00135363 -0.0112627 0.00380004 0.00135171 0.999992 0.00486386 0.0 0.0 0.0 1.0
stairs/seq-05/color/frame-000472.color.png stairs/seq-05/color/frame-000475.color.png 0.999999 -0.00142145 -0.00037919 0.0126948 0.00142218 0.999997 0.00193732 -0.0157509 0.0003764 -0.00193786 0.999998 0.0041306 0.0 0.0 0.0 1.0
stairs/seq-05/color/frame-000475.color.png stairs/seq-05/color/frame-000478.color.png 0.999986 0.00156191 0.00505892 -0.000508845 -0.00155795 0.999998 -0.00077823 -0.00497913 -0.00506002 0.000770327 0.999987 0.0104445 0.0 0.0 0.0 1.0
stairs/seq-05/color/frame-000478.color.png stairs/seq-05/color/frame-000481.color.png 0.999984 -0.00547599 -0.001595 0.00700724 0.00547119 0.999981 -0.0029424 -0.0138761 0.0016111 0.00293361 0.999994 0.0131069 0.0 0.0 0.0 1.0
stairs/seq-05/color/frame-000481.color.png stairs/seq-05/color/frame-000484.color.png 0.999992 0.00209741 0.00347776 0.00253558 -0.00209725 0.999998 -3.61257e-05 -0.0136533 -0.00347787 2.88284e-05 0.999994 0.0101932 0.0 0.0 0.0 1.0
stairs/seq-05/color/frame-000484.color.png stairs/seq-05/color/frame-000487.color.png 1.0 2.13137e-05 -0.000834297 0.00903141 -2.1937e-05 1.0 -0.000888172 -0.0175743 0.000834218 0.000888187 0.999999 0.00754297 0.0 0.0 0.0 1.0
stairs/seq-05/color/frame-000487.color.png stairs/seq-05/color/frame-000490.color.png 0.999985 0.000188058 0.00552903 -0.00535014 -0.000171098 0.999995 -0.00309122 -0.00622821 -0.00552942 0.00309025 0.99998 0.0149516 0.0 0.0 0.0 1.0
stairs/seq-05/color/frame-000490.color.png stairs/seq-05/color/frame-000493.color.png 0.999793 0.0202307 -0.0019548 0.0498945 -0.0202838 0.999261 -0.0326409 0.0625898 0.00129291 0.0326738 0.999465 0.0569292 0.0 0.0 0.0 1.0
stairs/seq-05/color/frame-000493.color.png stairs/seq-05/color/frame-000496.color.png 0.999998 -0.000979385 0.00192448 -0.00241449 0.000977579 0.999999 0.00101579 -0.00791728 -0.00192548 -0.00101393 0.999998 0.00207233 0.0 0.0 0.0 1.0
stairs/seq-05/color/frame-000496.color.png stairs/seq-05/color/frame-000499.color.png 0.999982 -0.00576572 -0.00177739 -0.0117356 0.00580648 0.999697 0.0239173 -0.0415553 0.00163906 -0.0239271 0.999712 -0.0388027 0.0 0.0 0.0 1.0
