stairs/seq-05/color/frame-000001.color.png stairs/seq-05/color/frame-000003.color.png 0.999998 0.000434989 -0.0019861 -0.000495077 -0.000429801 0.999997 0.00261206 9.37383e-05 0.00198722 -0.00261121 0.999995 0.000869278 0.0 0.0 0.0 1.0
stairs/seq-05/color/frame-000003.color.png stairs/seq-05/color/frame-000005.color.png 1.0 0.000662327 0.000628277 -0.00136299 -0.000664076 0.999996 0.00278741 -5.22235e-05 -0.000626428 -0.00278783 0.999996 -0.000842598 0.0 0.0 0.0 1.0
stairs/seq-05/color/frame-000005.color.png stairs/seq-05/color/frame-000007.color.png 0.999999 -0.000533832 -0.000872692 -0.000301056 0.000536154 0.999996 0.00266241 -0.00191934 0.000871268 -0.00266288 0.999996 0.00141659 0.0 0.0 0.0 1.0
stairs/seq-05/color/frame-000007.color.png stairs/seq-05/color/frame-000009.color.png 0.99999 -0.00284593 -0.00348424 -0.00115661 0.00286151 0.999986 0.00447395 -0.000528277 0.00347146 -0.00448387 0.999984 0.00253947 0.0 0.0 0.0 1.0
stairs/seq-05/color/frame-000009.color.png stairs/seq-05/color/frame-000011.color.png 1.0 -0.000320164 -0.00065167 -0.00371115 0.000321818 0.999997 0.00254044 -0.00251164 0.000650854 -0.00254065 0.999997 0.00132036 0.0 0.0 0.0 1.0
stairs/seq-05/color/frame-000011.color.png stairs/seq-05/color/frame-000013.color.png 0.999999 -0.000551233 -0.00154123 -0.00284539 0.00055426 0.999998 0.0019639 -0.000200627 0.00154015 -0.00196475 0.999997 0.0026088 0.0 0.0 0.0 1.0
stairs/seq-05/color/frame-000013.color.png stairs/seq-05/color/frame-000015.color.png 0.999999 0.000272162 -0.00134165 -0.0035831 -0.000261902 0.999971 0.00764137 -0.00449094 0.00134369 -0.00764101 0.99997 0.00230455 0.0 0.0 0.0 1.0
stairs/seq-05/color/frame-000015.color.png stairs/seq-05/color/frame-000017.color.png 1.0 -0.000604763 -0.00055806 -0.00284148 0.00060967 0.999961 0.00883394 -0.00225551 0.000552695 -0.00883428 0.999961 0.00576954 0.0 0.0 0.0 1.0
stairs/seq-05/color/frame-000017.color.png stairs/seq-05/color/frame-000019.color.png 0.999978 -0.000904788 -0.00657741 -0.00968846 0.000978753 0.999936 0.0112508 -0.00326954 0.00656681 -0.0112569 0.999915 0.00253816 0.0 0.0 0.0 1.0
stairs/seq-05/color/frame-000019.color.png stairs/seq-05/color/frame-000021.color.png 0.999985 -0.00322529 -0.0044085 -0.00278248 0.00324346 0.999986 0.00412002 -0.0036781 0.00439516 -0.00413428 0.999982 0.00353458 0.0 0.0 0.0 1.0
stairs/seq-05/color/frame-000021.color.png stairs/seq-05/color/frame-000023.color.png 0.999978 0.00332585 0.00581103 -0.00930849 -0.0033562 0.999981 0.00522163 -0.00599228 -0.00579355 -0.00524101 0.99997 -0.000671735 0.0 0.0 0.0 1.0
stairs/seq-05/color/frame-000023.color.png stairs/seq-05/color/frame-000025.color.png 0.999986 0.00408274 0.00341659 -0.0128642 -0.00410078 0.999978 0.00529051 -0.00475424 -0.00339491 -0.00530444 0.99998 -0.000705974 0.0 0.0 0.0 1.0
stairs/seq-05/color/frame-000025.color.png stairs/seq-05/color/frame-000027.color.png 0.999959 0.00861918 0.00261634 -0.00989004 -0.00863857 0.999935 0.00749011 -0.00935645 -0.00255161 -0.00751242 0.999969 0.00646141 0.0 0.0 0.0 1.0
stairs/seq-05/color/frame-000027.color.png stairs/seq-05/color/frame-000029.color.png 0.999985 0.00532671 0.00119484 -0.0142604 -0.00533627 0.999952 0.00815023 -0.00666421 -0.00115137 -0.00815646 0.999966 0.0142073 0.0 0.0 0.0 1.0
stairs/seq-05/color/frame-000029.color.png stairs/seq-05/color/frame-000031.color.png 0.999991 0.00319977 -0.00267695 -0.0051953 -0.00319117 0.99999 0.00321022 -0.0029241 0.0026872 -0.00320165 0.999991 0.0129234 0.0 0.0 0.0 1.0
stairs/seq-05/color/frame-000031.color.png stairs/seq-05/color/frame-000033.color.png 0.999969 -0.00416143 -0.00667223 -0.00726185 0.00414876 0.99999 -0.00191065 -0.00450878 0.00668011 0.0018829 0.999976 0.0128823 0.0 0.0 0.0 1.0
stairs/seq-05/color/frame-000033.color.png stairs/seq-05/color/frame-000035.color.png 0.999979 0.00281122 0.00588419 -0.0111596 -0.00278735 0.999988 -0.00406018 -0.00664495 -0.00589554 0.0040437 0.999974 0.0140508 0.0 0.0 0.0 1.0
stairs/seq-05/color/frame-000035.color.png stairs/seq-05/color/frame-000037.color.png 0.999973 0.00181929 0.00714537 -0.00297532 -0.0018061 0.999997 -0.00185198 -0.00426428 -0.00714871 0.00183902 0.999973 0.0159985 0.0 0.0 0.0 1.0
stairs/seq-05/color/frame-000037.color.png stairs/seq-05/color/frame-000039.color.png 0.999864 -0.00659512 0.0151421 -0.00917662 0.00667653 0.999963 -0.00533233 -0.0103945 -0.0151064 0.0054327 0.999871 0.0204472 0.0 0.0 0.0 1.0
stairs/seq-05/color/frame-000039.color.png stairs/seq-05/color/frame-000041.color.png 0.999862 -0.0137436 0.00928412 -0.00704488 0.0139016 0.999756 -0.0171805 -0.00494198 -0.00904574 0.0173072 0.999809 0.0170278 0.0 0.0 0.0 1.0
stairs/seq-05/color/frame-000041.color.png stairs/seq-05/color/frame-000043.color.png 0.999916 -0.0125327 0.00343987 -0.0120399 0.0125662 0.999872 -0.00989673 -0.00377244 -0.0033154 0.00993912 0.999945 0.0129761 0.0 0.0 0.0 1.0
stairs/seq-05/color/frame-000043.color.png stairs/seq-05/color/frame-000045.color.png 0.999867 -0.0120607 0.0109575 -0.0133592 0.0120305 0.999924 0.00281741 -0.00698953 -0.0109906 -0.0026852 0.999936 0.017048 0.0 0.0 0.0 1.0
stairs/seq-05/color/frame-000045.color.png stairs/seq-05/color/frame-000047.color.png 0.999981 -0.00476641 0.00379613 -0.00939143 0.00477805 0.999984 -0.0030633 -0.00567637 -0.00378146 0.00308138 0.999988 0.019567 0.0 0.0 0.0 1.0
stairs/seq-05/color/frame-000047.color.png stairs/seq-05/color/frame-000049.color.png 0.999868 -0.00410954 0.0157423 -0.00130445 0.0042125 0.99997 -0.00651355 -0.00302338 -0.015715 0.00657899 0.999855 0.0183584 0.0 0.0 0.0 1.0
stairs/seq-05/color/frame-000049.color.png stairs/seq-05/color/frame-000051.color.png 0.9999 -0.00875068 0.0111428 -0.00894159 0.00864457 0.999917 0.00953716 -0.00584272 -0.0112253 -0.00943988 0.999892 0.00288209 0.0 0.0 0.0 1.0
stairs/seq-05/color/frame-000051.color.png stairs/seq-05/color/frame-000053.color.png 0.999739 -0.0139849 0.0180492 -0.0134507 0.0139055 0.999893 0.00452163 -0.00352009 -0.0181105 -0.00426946 0.999827 0.0053716 0.0 0.0 0.0 1.0
stairs/seq-05/color/frame-000053.color.png stairs/seq-05/color/frame-000055.color.png 0.999928 -0.0105999 0.00558096 0.000675321 0.010522 0.999849 0.0138035 -0.00659026 -0.00572642 -0.0137438 0.999889 0.0101187 0.0 0.0 0.0 1.0
stairs/seq-05/color/frame-000055.color.png stairs/seq-05/color/frame-000057.color.png 0.999796 -0.00299041 0.019956 -0.0136454 0.00263862 0.999841 0.0176315 -0.0213191 -0.0200056 -0.0175752 0.999645 4.81308e-06 0.0 0.0 0.0 1.0
stairs/seq-05/color/frame-000057.color.png stairs/seq-05/color/frame-000059.color.png 0.999946 -0.00105257 0.010296 -0.00112543 0.000944419 0.999944 0.0105027 -0.00682648 -0.0103065 -0.0104924 0.999892 0.00279537 0.0 0.0 0.0 1.0
stairs/seq-05/color/frame-000059.color.png stairs/seq-05/color/frame-000061.color.png 0.99988 -0.0127011 0.00890072 0.000125274 0.0125912 0.999845 0.0122954 -0.0129824 -0.0090555 -0.0121818 0.999885 0.0121666 0.0 0.0 0.0 1.0
stairs/seq-05/color/frame-000061.color.png stairs/seq-05/color/frame-000063.color.png 0.99988 -0.00303832 0.0152107 -0.00348824 0.00306698 0.999994 -0.00186192 0.000309169 -0.0152049 0.00190833 0.999883 0.00176838 0.0 0.0 0.0 1.0
stairs/seq-05/color/frame-000063.color.png stairs/seq-05/color/frame-000065.color.png 0.999146 -0.0245102 0.0332577 -0.0230595 0.024584 0.999696 -0.00180953 -0.0017343 -0.0332032 0.0026256 0.999445 0.00605458 0.0 0.0 0.0 1.0
stairs/seq-05/color/frame-000065.color.png stairs/seq-05/color/frame-000067.color.png 0.999861 -0.00820641 0.014548 -0.0231688 0.00810523 0.999943 0.00700124 -0.0248684 -0.0146046 -0.00688235 0.99987 0.0091908 0.0 0.0 0.0 1.0
stairs/seq-05/color/frame-000067.color.png stairs/seq-05/color/frame-000069.color.png 0.999883 -0.00889838 0.0124435 -0.00905471 0.00899683 0.999928 -0.00788008 -0.0109084 -0.0123724 0.00799114 0.999892 0.0157478 0.0 0.0 0.0 1.0
stairs/seq-05/color/frame-000069.color.png stairs/seq-05/color/frame-000071.color.png 0.999938 -0.00814392 0.00764095 -0.0213714 0.00821977 0.999917 -0.00994874 -0.00573212 -0.00755931 0.0100109 0.999921 0.0074524 0.0 0.0 0.0 1.0
stairs/seq-05/color/frame-000071.color.png stairs/seq-05/color/frame-000073.color.png 0.999895 -0.00786111 0.0121854 -0.0220705 0.0078733 0.999969 -0.000951997 -0.0185937 -0.0121775 0.00104786 0.999925 0.0125191 0.0 0.0 0.0 1.0
stairs/seq-05/color/frame-000073.color.png stairs/seq-05/color/frame-000075.color.png 0.999911 -0.0100223 0.00882619 -0.0117447 0.0100779 0.99993 -0.00628134 -0.00270845 -0.00876263 0.00636973 0.999941 0.013698 0.0 0.0 0.0 1.0
stairs/seq-05/color/frame-000075.color.png stairs/seq-05/color/frame-000077.color.png 0.999915 -0.00846865 0.00991067 -0.0191028 0.00848042 0.999963 -0.00114506 -0.00733109 -0.00990061 0.00122901 0.99995 0.00806478 0.0 0.0 0.0 1.0
stairs/seq-05/color/frame-000077.color.png stairs/seq-05/color/frame-000079.color.png 0.999971 -0.00494765 0.00573627 -0.0142081 0.00494598 0.999988 0.000305246 -0.00579825 -0.00573771 -0.000276878 0.999983 0.00984293 0.0 0.0 0.0 1.0
stairs/seq-05/color/frame-000079.color.png stairs/seq-05/color/frame-000081.color.png 0.999929 -0.0104804 0.00570811 -0.0137207 0.0104928 0.999943 -0.00216887 -0.00665554 -0.00568505 0.0022286 0.999981 0.00783494 0.0 0.0 0.0 1.0
stairs/seq-05/color/frame-000081.color.png stairs/seq-05/color/frame-000083.color.png 0.99996 -0.00229554 0.00868683 -0.020204 0.00229707 0.999997 -0.000159334 -0.00616574 -0.00868653 0.000179282 0.999962 0.00360057 0.0 0.0 0.0 1.0
stairs/seq-05/color/frame-000083.color.png stairs/seq-05/color/frame-000085.color.png 0.999941 -0.00873948 0.00641128 -0.0132366 0.00875718 0.999958 -0.00274025 0.00658524 -0.00638707 0.00279624 0.999976 0.012086 0.0 0.0 0.0 1.0
stairs/seq-05/color/frame-000085.color.png stairs/seq-05/color/frame-000087.color.png 0.999922 -0.011479 0.00487472 -0.00802171 0.0114469 0.999913 0.00653694 -0.00645834 -0.00494931 -0.00648065 0.999967 0.00424722 0.0 0.0 0.0 1.0
stairs/seq-05/color/frame-000087.color.png stairs/seq-05/color/frame-000089.color.png 0.999978 -0.00574135 0.00329378 -0.0132088 0.00570477 0.999923 0.0110063 -0.0146316 -0.00335671 -0.0109873 0.999934 0.00556374 0.0 0.0 0.0 1.0
stairs/seq-05/color/frame-000089.color.png stairs/seq-05/color/frame-000091.color.png 0.999993 8.21028e-05 -0.00378577 0.00956991 -6.7585e-05 0.999993 0.00382423 -0.00967252 0.00378609 -0.00382395 0.999985 0.0174415 0.0 0.0 0.0 1.0
stairs/seq-05/color/frame-000091.color.png stairs/seq-05/color/frame-000093.color.png 0.999991 0.00118477 0.00407679 -0.0048444 -0.00120675 0.999985 0.0053818 -0.0152748 -0.0040703 -0.00538666 0.999977 0.00890771 0.0 0.0 0.0 1.0
stairs/seq-05/color/frame-000093.color.png stairs/seq-05/color/frame-000095.color.png 0.999946 -0.00846723 0.00595491 -0.0129371 0.00840152 0.999905 0.0109706 -0.0333933 -0.0060472 -0.01092 0.999922 0.0177639 0.0 0.0 0.0 1.0
stairs/seq-05/color/frame-000095.color.png stairs/seq-05/color/frame-000097.color.png 0.99975 0.00603056 0.0215217 -0.0531535 -0.00635333 0.999868 0.0149626 -0.0433413 -0.0214286 -0.0150956 0.999656 0.0143982 0.0 0.0 0.0 1.0
stairs/seq-05/color/frame-000097.color.png stairs/seq-05/color/frame-000099.color.png 0.999968 0.000774766 0.0080053 0.000424594 -0.000719389 0.999976 -0.00691403 0.00896737 -0.00801038 0.00690809 0.999944 0.0142937 0.0 0.0 0.0 1.0
stairs/seq-05/color/frame-000099.color.png stairs/seq-05/color/frame-000101.color.png 1.0 -0.000391923 0.000619238 0.0127348 0.000387408 0.999973 0.00728011 -0.0177069 -0.000622137 -0.00727989 0.999973 0.0124885 0.0 0.0 0.0 1.0
stairs/seq-05/color/frame-000101.color.png stairs/seq-05/color/frame-000103.color.png 0.99973 -0.00923435 0.0213158 -0.0159255 0.00942923 0.999915 -0.00906174 0.00327519 -0.0212303 0.00926025 0.999732 0.0141019 0.0 0.0 0.0 1.0
stairs/seq-05/color/frame-000103.color.png stairs/seq-05/color/frame-000105.color.png 0.999952 -0.00215122 0.00950927 0.000452548 0.00222296 0.999969 -0.00753816 -0.0045957 -0.00949278 0.00755896 0.999926 0.00602835 0.0 0.0 0.0 1.0
stairs/seq-05/color/frame-000105.color.png stairs/seq-05/color/frame-000107.color.png 0.99987 -0.00967672 0.0128837 -0.0189216 0.00958796 0.99993 0.00693204 -0.0256734 -0.0129498 -0.0068076 0.999893 0.00943041 0.0 0.0 0.0 1.0
stairs/seq-05/color/frame-000107.color.png stairs/seq-05/color/frame-000109.color.png 0.99988 -0.00213774 0.015365 -0.0181963 0.00199296 0.999954 0.00943069 -0.0293118 -0.0153844 -0.00939893 0.999838 0.0267795 0.0 0.0 0.0 1.0
stairs/seq-05/color/frame-000109.color.png stairs/seq-05/color/frame-000111.color.png 0.999985 -0.00245797 0.00482156 0.000279188 0.00248318 0.999983 -0.00523188 -0.00187126 -0.00480866 0.00524377 0.999975 0.011318 0.0 0.0 0.0 1.0
stairs/seq-05/color/frame-000111.color.png stairs/seq-05/color/frame-000113.color.png 0.999904 -0.00651773 0.0121919 -0.0066587 0.00667235 0.999897 -0.0126819 0.00472224 -0.012108 0.012762 0.999845 0.0177994 0.0 0.0 0.0 1.0
stairs/seq-05/color/frame-000113.color.png stairs/seq-05/color/frame-000115.color.png 0.999971 -0.00460082 0.00606537 -0.000750452 0.00459293 0.999989 0.00130608 -0.012876 -0.00607139 -0.0012782 0.999981 0.00763524 0.0 0.0 0.0 1.0
stairs/seq-05/color/frame-000115.color.png stairs/seq-05/color/frame-000117.color.png 0.999877 -0.00440907 0.0150294 -0.0237211 0.00443171 0.999989 -0.00147017 -0.00554299 -0.0150228 0.00153661 0.999886 0.00871563 0.0 0.0 0.0 1.0
stairs/seq-05/color/frame-000117.color.png stairs/seq-05/color/frame-000119.color.png 0.999994 -0.00284385 -0.00196651 0.017462 0.00284733 0.999994 0.00181664 0.000272781 0.0019614 -0.00182219 0.999996 0.0103661 0.0 0.0 0.0 1.0
stairs/seq-05/color/frame-000119.color.png stairs/seq-05/color/frame-000121.color.png 0.999848 -0.00537078 0.016574 -0.0225437 0.00531893 0.999981 0.00317408 -0.0106624 -0.0165908 -0.00308547 0.999858 0.00587487 0.0 0.0 0.0 1.0
stairs/seq-05/color/frame-000121.color.png stairs/seq-05/color/frame-000123.color.png 0.999908 -0.00586505 0.0122249 -0.00471076 0.00582979 0.999979 0.00291534 -0.0168324 -0.0122418 -0.00284381 0.999921 0.0203167 0.0 0.0 0.0 1.0
stairs/seq-05/color/frame-000123.color.png stairs/seq-05/color/frame-000125.color.png 0.99996 -0.00109171 0.00891971 -0.00635284 0.00112953 0.99999 -0.00423622 -0.00113845 -0.00891499 0.00424608 0.999951 0.0175548 0.0 0.0 0.0 1.0
stairs/seq-05/color/frame-000125.color.png stairs/seq-05/color/frame-000127.color.png 0.999983 -0.00579792 0.000921157 0.00958103 0.0058 0.999981 -0.00229738 -0.00934064 -0.000907679 0.00230275 0.999997 0.0157787 0.0 0.0 0.0 1.0
stairs/seq-05/color/frame-000127.color.png stairs/seq-05/color/frame-000129.color.png 0.999805 -0.00872711 0.0176959 -0.0210996 0.0089394 0.999889 -0.0119557 -2.07424e-05 -0.0175897 0.0121116 0.999772 0.0200607 0.0 0.0 0.0 1.0
stairs/seq-05/color/frame-000129.color.png stairs/seq-05/color/frame-000131.color.png 0.999983 0.00143187 0.00571115 -0.00942054 -0.00141219 0.999993 -0.00344763 0.0042311 -0.0057161 0.00343953 0.999978 0.0177513 0.0 0.0 0.0 1.0
stairs/seq-05/color/frame-000131.color.png stairs/seq-05/color/frame-000133.color.png 0.999966 -0.00768535 0.00286647 0.00327644 0.00769048 0.999969 -0.00178167 -0.00750417 -0.00285268 0.00180363 0.999994 0.0126931 0.0 0.0 0.0 1.0
stairs/seq-05/color/frame-000133.color.png stairs/seq-05/color/frame-000135.color.png 0.999949 -0.00784838 0.00636813 -0.0044778 0.00788008 0.999956 -0.00497528 0.00713426 -0.00632878 0.00502521 0.999967 0.0185915 0.0 0.0 0.0 1.0
stairs/seq-05/color/frame-000135.color.png stairs/seq-05/color/frame-000137.color.png 0.999833 -0.0119016 0.0138795 -0.0381888 0.0116447 0.999762 0.0184552 -0.0589322 -0.0140958 -0.0182905 0.999733 0.0177632 0.0 0.0 0.0 1.0
stairs/seq-05/color/frame-000137.color.png stairs/seq-05/color/frame-000139.color.png 0.999998 0.00196375 -0.000574351 0.0108611 -0.00196788 0.999971 -0.007339 -7.05719e-05 0.000559785 0.0073401 0.999973 0.0180096 0.0 0.0 0.0 1.0
stairs/seq-05/color/frame-000139.color.png stairs/seq-05/color/frame-000141.color.png 0.999984 -0.00522154 0.00226782 0.000304222 0.00525096 0.999899 -0.0131953 0.0134423 -0.00219863 0.013207 0.99991 0.0159911 0.0 0.0 0.0 1.0
stairs/seq-05/color/frame-000141.color.png stairs/seq-05/color/frame-000143.color.png 0.999989 -0.00461617 -4.66727e-05 0.00941789 0.00461612 0.999986 -0.00252555 -0.00750238 5.83312e-05 0.00252536 0.999997 0.00948942 0.0 0.0 0.0 1.0
stairs/seq-05/color/frame-000143.color.png stairs/seq-05/color/frame-000145.color.png 0.999939 -0.0032164 0.0105405 -0.0117272 0.00330645 0.999958 -0.00854613 0.00819439 -0.0105125 0.00858048 0.999908 0.0142 0.0 0.0 0.0 1.0
stairs/seq-05/color/frame-000145.color.png stairs/seq-05/color/frame-000147.color.png 0.999973 -0.00731759 -0.000308383 0.00509796 0.00731752 0.999973 -0.000136591 -0.00269628 0.00030931 0.000134286 1.0 0.00913864 0.0 0.0 0.0 1.0
stairs/seq-05/color/frame-000147.color.png stairs/seq-05/color/frame-000149.color.png 0.999998 0.000155079 0.00199753 0.00641698 -0.000140699 0.999974 -0.00721473 0.0103617 -0.00199851 0.00721446 0.999972 0.0138736 0.0 0.0 0.0 1.0
stairs/seq-05/color/frame-000149.color.png stairs/seq-05/color/frame-000151.color.png 0.999908 -0.0123173 0.00568006 -0.0168216 0.0122488 0.999854 0.0119453 -0.0476222 -0.00582643 -0.0118746 0.999913 0.00278974 0.0 0.0 0.0 1.0
stairs/seq-05/color/frame-000151.color.png stairs/seq-05/color/frame-000153.color.png 0.999918 -0.00104179 0.0127725 -0.0240439 0.00101854 0.999998 0.00183047 -0.0159938 -0.0127743 -0.00181732 0.999917 0.0120934 0.0 0.0 0.0 1.0
stairs/seq-05/color/frame-000153.color.png stairs/seq-05/color/frame-000155.color.png 0.999931 -0.00365385 -0.0111338 0.0313321 0.00366853 0.999992 0.00129803 -0.015419 0.011129 -0.00133878 0.999937 0.0052827 0.0 0.0 0.0 1.0
stairs/seq-05/color/frame-000155.color.png stairs/seq-05/color/frame-000157.color.png 0.999993 0.00370933 0.00112768 0.00745904 -0.00371021 0.999993 0.000687363 -0.00760514 -0.00112509 -0.000691509 0.999999 0.00944096 0.0 0.0 0.0 1.0
stairs/seq-05/color/frame-000157.color.png stairs/seq-05/color/frame-000159.color.png 0.999983 0.00562048 -0.00147953 0.0155294 -0.00561956 0.999984 0.000558521 -0.0108239 0.00148254 -0.000550247 0.999999 0.00616765 0.0 0.0 0.0 1.0
stairs/seq-05/color/frame-000159.color.png stairs/seq-05/color/frame-000161.color.png 0.999999 0.00108119 -0.00028369 0.00909746 -0.00108123 0.999999 8.07446e-05 -0.0100066 0.0002838 -8.04295e-05 1.0 0.0109032 0.0 0.0 0.0 1.0
stairs/seq-05/color/frame-000161.color.png stairs/seq-05/color/frame-000163.color.png 0.999974 0.00462593 0.00545939 0.00729874 -0.00462363 0.999989 -0.000416606 -0.00734115 -0.00546127 0.00039132 0.999985 0.00891554 0.0 0.0 0.0 1.0
stairs/seq-05/color/frame-000163.color.png stairs/seq-05/color/frame-000165.color.png 0.999989 0.0041785 0.00200279 0.00937252 -0.00417927 0.999991 0.000351647 -0.0105776 -0.00200126 -0.000360009 0.999998 0.0106201 0.0 0.0 0.0 1.0
stairs/seq-05/color/frame-000165.color.png stairs/seq-05/color/frame-000167.color.png 0.99995 0.00505439 0.00861161 -0.00456265 -0.00504961 0.999987 -0.000581521 -0.0114263 -0.00861454 0.000538001 0.999963 0.00815886 0.0 0.0 0.0 1.0
stairs/seq-05/color/frame-000167.color.png stairs/seq-05/color/frame-000169.color.png 0.999984 -0.00158391 -0.00545874 0.020587 0.00163207 0.99996 0.00883104 -0.0302537 0.00544465 -0.0088398 0.999946 -0.00128317 0.0 0.0 0.0 1.0
stairs/seq-05/color/frame-000169.color.png stairs/seq-05/color/frame-000171.color.png 0.999982 0.00599319 -0.000948022 0.0095505 -0.00599146 0.999981 0.00176869 -0.0214102 0.000958528 -0.00176296 0.999998 0.00749028 0.0 0.0 0.0 1.0
stairs/seq-05/color/frame-000171.color.png stairs/seq-05/color/frame-000173.color.png 0.999918 0.0127547 -0.00129283 0.0189989 -0.0127627 0.999898 -0.00636508 0.00188869 0.00121157 0.00638102 0.999979 0.00915802 0.0 0.0 0.0 1.0
stairs/seq-05/color/frame-000173.color.png stairs/seq-05/color/frame-000175.color.png 0.999992 0.00389069 0.000359499 0.00571665 -0.00389006 0.999991 -0.00177559 -0.00576121 -0.000366324 0.00177417 0.999998 0.00840729 0.0 0.0 0.0 1.0
stairs/seq-05/color/frame-000175.color.png stairs/seq-05/color/frame-000177.color.png 0.999977 0.00430761 -0.0052837 0.0183378 -0.00430605 0.999991 0.00030844 -0.00871813 0.00528501 -0.000285653 0.999986 0.00339997 0.0 0.0 0.0 1.0
stairs/seq-05/color/frame-000177.color.png stairs/seq-05/color/frame-000179.color.png 0.999992 0.0021548 0.00327919 0.000531867 -0.00214739 0.999995 -0.00224676 0.00134152 -0.00328413 0.00223965 0.999992 0.0065974 0.0 0.0 0.0 1.0
stairs/seq-05/color/frame-000179.color.png stairs/seq-05/color/frame-000181.color.png 0.999988 0.00112865 -0.00466753 0.0111773 -0.00110143 0.999982 0.00585611 -0.0155543 0.00467408 -0.00585088 0.999972 0.00465477 0.0 0.0 0.0 1.0
stairs/seq-05/color/frame-000181.color.png stairs/seq-05/color/frame-000183.color.png 0.999991 -0.00307211 -0.00285482 0.0117989 0.00307713 0.999994 0.001745 -0.0106544 0.0028494 -0.00175376 0.999994 0.00247741 0.0 0.0 0.0 1.0
stairs/seq-05/color/frame-000183.color.png stairs/seq-05/color/frame-000185.color.png 1.0 -2.92907e-05 -0.000958466 0.00524116 2.30632e-05 0.999978 -0.00655668 0.0117698 0.000958662 0.00655667 0.999978 0.0121657 0.0 0.0 0.0 1.0
stairs/seq-05/color/frame-000185.color.png stairs/seq-05/color/frame-000187.color.png 0.999982 -0.00333233 0.00489544 -0.00209326 0.00333502 0.999994 -0.000548175 -0.0121364 -0.00489363 0.000564474 0.999988 0.00806129 0.0 0.0 0.0 1.0
stairs/seq-05/color/frame-000187.color.png stairs/seq-05/color/frame-000189.color.png 0.999996 1.08288e-06 0.00280006 0.00570735 -5.76642e-06 0.999999 0.00167987 -0.00687331 -0.00279997 -0.00167983 0.999995 0.00559366 0.0 0.0 0.0 1.0
stairs/seq-05/color/frame-000189.color.png stairs/seq-05/color/frame-000191.color.png 0.999988 -0.00102928 0.00485723 0.00138146 0.00103195 0.999999 -0.000539156 -0.00426859 -0.00485669 0.00054414 0.999988 0.00992918 0.0 0.0 0.0 1.0
stairs/seq-05/color/frame-000191.color.png stairs/seq-05/color/frame-000193.color.png 0.99998 -0.00627765 -0.000644429 0.0112851 0.00628215 0.999953 0.00738445 -0.026132 0.000598122 -0.00738834 0.999973 0.00204134 0.0 0.0 0.0 1.0
stairs/seq-05/color/frame-000193.color.png stairs/seq-05/color/frame-000195.color.png 0.999975 0.00296274 0.00641429 0.00711097 -0.00292516 0.999978 -0.0058519 0.00243437 -0.00643155 0.00583295 0.999962 0.0120765 0.0 0.0 0.0 1.0
stairs/seq-05/color/frame-000195.color.png stairs/seq-05/color/frame-000197.color.png 0.999971 -0.000697992 0.00761056 0.00300176 0.000705449 0.999999 -0.000965274 -0.00953865 -0.00760989 0.000970594 0.99997 0.00836682 0.0 0.0 0.0 1.0
stairs/seq-05/color/frame-000197.color.png stairs/seq-05/color/frame-000199.color.png 0.999968 -0.00520383 0.00608666 -7.26804e-05 0.00522321 0.999981 -0.00318729 -0.00725216 -0.00606976 0.00321903 0.999976 0.0172485 0.0 0.0 0.0 1.0
stairs/seq-05/color/frame-000199.color.png stairs/seq-05/color/frame-000201.color.png 0.99999 0.000901991 0.0044053 0.0120005 -0.000933222 0.999974 0.00708234 -0.03225 -0.00439893 -0.00708639 0.999965 0.00860262 0.0 0.0 0.0 1.0
stairs/seq-05/color/frame-000201.color.png stairs/seq-05/color/frame-000203.color.png 0.999994 0.001925 0.00295552 0.00730661 -0.00192119 0.999997 -0.00128269 -0.00690347 -0.00295795 0.001277 0.999995 0.0155941 0.0 0.0 0.0 1.0
stairs/seq-05/color/frame-000203.color.png stairs/seq-05/color/frame-000205.color.png 0.999989 0.0031801 0.00341174 0.0122824 -0.0031764 0.999994 -0.00108328 -0.0039016 -0.00341513 0.00107245 0.999994 0.011638 0.0 0.0 0.0 1.0
stairs/seq-05/color/frame-000205.color.png stairs/seq-05/color/frame-000207.color.png 0.999978 -0.00634771 0.00207314 9.60752e-06 0.00635564 0.999972 -0.00383895 -0.0110627 -0.00204877 0.00385201 0.99999 0.0184598 0.0 0.0 0.0 1.0
stairs/seq-05/color/frame-000207.color.png stairs/seq-05/color/frame-000209.color.png 0.999956 -0.00737503 -0.00572763 0.0117499 0.00737455 0.999973 -9.23515e-05 -0.0173584 0.00572827 5.01406e-05 0.999984 0.0115594 0.0 0.0 0.0 1.0
stairs/seq-05/color/frame-000209.color.png stairs/seq-05/color/frame-000211.color.png 0.999938 -0.0111009 -0.000857384 0.0127486 0.0110999 0.999938 -0.00116626 -0.0173272 0.000870232 0.00115666 0.999999 0.00935388 0.0 0.0 0.0 1.0
stairs/seq-05/color/frame-000211.color.png stairs/seq-05/color/frame-000213.color.png 0.999997 -0.00119577 0.00200648 0.0108089 0.00119607 0.999999 -0.000147955 -0.00922781 -0.00200633 0.000150337 0.999998 0.00891328 0.0 0.0 0.0 1.0
stairs/seq-05/color/frame-000213.color.png stairs/seq-05/color/frame-000215.color.png 0.999916 -0.000113858 0.0129453 -0.0107708 0.000164112 0.999992 -0.00387619 -0.00440001 -0.0129449 0.00387802 0.999909 0.0168955 0.0 0.0 0.0 1.0
stairs/seq-05/color/frame-000215.color.png stairs/seq-05/color/frame-000217.color.png 0.999999 -0.000642829 0.00127909 0.0115997 0.000652693 0.99997 -0.00776932 0.00417882 -0.00127401 0.00777011 0.999969 0.0154215 0.0 0.0 0.0 1.0
stairs/seq-05/color/frame-000217.color.png stairs/seq-05/color/frame-000219.color.png 0.999978 -0.00418098 0.00504797 -0.00172026 0.00417399 0.99999 0.00139928 -0.0171447 -0.00505366 -0.00137816 0.999986 0.0105885 0.0 0.0 0.0 1.0
stairs/seq-05/color/frame-000219.color.png stairs/seq-05/color/frame-000221.color.png 0.999964 -0.0047815 0.00702357 -0.00939388 0.00478622 0.999988 -0.000651665 -0.0119869 -0.00702054 0.000685214 0.999975 0.0121192 0.0 0.0 0.0 1.0
stairs/seq-05/color/frame-000221.color.png stairs/seq-05/color/frame-000223.color.png 0.999987 -0.00494161 -0.000885966 0.0119624 0.00494187 0.999988 0.000367135 -0.0151693 0.000884202 -0.000371524 0.999999 0.00449193 0.0 0.0 0.0 1.0
stairs/seq-05/color/frame-000223.color.png stairs/seq-05/color/frame-000225.color.png 0.999917 -0.005845 0.0114807 -0.0174018 0.00585413 0.999983 -0.000749898 -0.0165207 -0.0114762 0.00081706 0.999934 0.0132873 0.0 0.0 0.0 1.0
stairs/seq-05/color/frame-000225.color.png stairs/seq-05/color/frame-000227.color.png 0.999937 -0.0080983 0.00777311 -0.0145655 0.00811755 0.999964 -0.00245905 -0.0116072 -0.00775296 0.00252203 0.999967 0.011984 0.0 0.0 0.0 1.0
stairs/seq-05/color/frame-000227.color.png stairs/seq-05/color/frame-000229.color.png 0.999962 -0.0085564 0.00188992 0.000385012 0.00855351 0.999962 0.00152672 -0.0130929 -0.00190291 -0.00151049 0.999997 0.00347269 0.0 0.0 0.0 1.0
stairs/seq-05/color/frame-000229.color.png stairs/seq-05/color/frame-000231.color.png 0.999962 -0.00773448 0.00399138 -0.0080708 0.00768419 0.999893 0.0124677 -0.046241 -0.00408727 -0.0124366 0.999914 -0.00271022 0.0 0.0 0.0 1.0
stairs/seq-05/color/frame-000231.color.png stairs/seq-05/color/frame-000233.color.png 0.99999 -0.00274644 0.00367047 -0.00813746 0.00274597 0.999996 0.000125117 -0.0118642 -0.00367095 -0.000115055 0.999993 0.00400996 0.0 0.0 0.0 1.0
stairs/seq-05/color/frame-000233.color.png stairs/seq-05/color/frame-000235.color.png 0.999994 0.00122494 -0.00322081 0.0171149 -0.00122642 0.999999 -0.000481257 -0.00668812 0.00322019 0.000485195 0.999995 -0.000697494 0.0 0.0 0.0 1.0
stairs/seq-05/color/frame-000235.color.png stairs/seq-05/color/frame-000237.color.png 0.999971 -0.00162481 0.00741262 -0.0150797 0.00159194 0.999989 0.00444724 -0.0234392 -0.00741979 -0.0044353 0.999963 0.000980496 0.0 0.0 0.0 1.0
stairs/seq-05/color/frame-000237.color.png stairs/seq-05/color/frame-000239.color.png 0.99997 -0.00561888 -0.00532254 0.0128521 0.0056162 0.999984 -0.000510485 -0.011512 0.00532539 0.000480607 0.999986 -0.00372112 0.0 0.0 0.0 1.0
stairs/seq-05/color/frame-000239.color.png stairs/seq-05/color/frame-000241.color.png 0.999857 -0.00925049 0.014126 -0.0345106 0.00913247 0.999923 0.00838959 -0.0375963 -0.0142026 -0.00825942 0.999865 0.00349259 0.0 0.0 0.0 1.0
stairs/seq-05/color/frame-000241.color.png stairs/seq-05/color/frame-000243.color.png 0.999996 -0.00215454 0.00158922 -0.000131346 0.0021476 0.999988 0.00444656 -0.0181813 -0.00159871 -0.00444312 0.999989 0.00131583 0.0 0.0 0.0 1.0
stairs/seq-05/color/frame-000243.color.png stairs/seq-05/color/frame-000245.color.png 0.999999 -0.000326853 -0.00119235 0.00826377 0.000326855 1.0 7.63669e-05 -0.00272357 0.00119231 -7.67676e-05 0.999999 0.0012331 0.0 0.0 0.0 1.0
stairs/seq-05/color/frame-000245.color.png stairs/seq-05/color/frame-000247.color.png 0.999996 -0.0028655 -0.00013257 0.0081038 0.00286562 0.999996 0.000541017 -0.00658333 0.00013099 -0.000541369 1.0 0.0020318 0.0 0.0 0.0 1.0
stairs/seq-05/color/frame-000247.color.png stairs/seq-05/color/frame-000249.color.png 0.999989 0.00321069 -0.00353764 0.01854 -0.00320718 0.999994 0.000984168 -0.00885475 0.00354084 -0.000972774 0.999993 0.00287056 0.0 0.0 0.0 1.0
stairs/seq-05/color/frame-000249.color.png stairs/seq-05/color/frame-000251.color.png 0.999985 0.000183556 0.0054107 -0.00401888 -0.000168389 0.999996 -0.00280121 -0.00547314 -0.00541115 0.0028002 0.999981 0.00896966 0.0 0.0 0.0 1.0
stairs/seq-05/color/frame-000251.color.png stairs/seq-05/color/frame-000253.color.png 0.999986 -0.00251152 -0.00457955 0.014473 0.00248912 0.999985 -0.00489478 0.00403917 0.00459162 0.0048833 0.999977 0.0106096 0.0 0.0 0.0 1.0
stairs/seq-05/color/frame-000253.color.png stairs/seq-05/color/frame-000255.color.png 0.999983 -0.00394482 -0.00432481 0.0202571 0.00398154 0.999956 0.00854389 -0.0336636 0.00429092 -0.00856091 0.999954 -0.0149049 0.0 0.0 0.0 1.0
stairs/seq-05/color/frame-000255.color.png stairs/seq-05/color/frame-000257.color.png 0.999981 0.00278638 0.00549254 -0.00421205 -0.00276336 0.999988 -0.00418054 0.00545526 -0.00550405 0.00416529 0.999976 0.0124375 0.0 0.0 0.0 1.0
stairs/seq-05/color/frame-000257.color.png stairs/seq-05/color/frame-000259.color.png 0.999978 0.00461196 -0.00475334 0.0294333 -0.00462239 0.999987 -0.00219717 -0.0114214 0.00474316 0.00221908 0.999986 -0.00259113 0.0 0.0 0.0 1.0
stairs/seq-05/color/frame-000259.color.png stairs/seq-05/color/frame-000261.color.png 0.99997 0.00168646 0.00757738 -0.00736538 -0.00166894 0.999996 -0.00234023 -0.00473952 -0.00758132 0.00232744 0.999969 0.00752044 0.0 0.0 0.0 1.0
stairs/seq-05/color/frame-000261.color.png stairs/seq-05/color/frame-000263.color.png 0.999977 0.00687833 0.00026685 0.0130361 -0.0068782 0.999976 -0.000195885 -0.00655043 -0.000268255 0.000194092 1.0 0.00291216 0.0 0.0 0.0 1.0
stairs/seq-05/color/frame-000263.color.png stairs/seq-05/color/frame-000265.color.png 0.999984 -0.0019836 0.00536134 -0.0056569 0.00197375 0.999996 0.00184302 -0.0197508 -0.00536486 -0.0018324 0.999984 0.00382197 0.0 0.0 0.0 1.0
stairs/seq-05/color/frame-000265.color.png stairs/seq-05/color/frame-000267.color.png 0.999997 0.00126127 -0.00197925 0.0157779 -0.00126789 0.999994 -0.00332412 -0.00512612 0.00197512 0.00332659 0.999992 0.000914454 0.0 0.0 0.0 1.0
stairs/seq-05/color/frame-000267.color.png stairs/seq-05/color/frame-000269.color.png 0.999943 0.000367612 0.0106534 -0.0140307 -0.000364481 1.0 -0.000292688 -0.0107113 -0.0106536 0.000288808 0.999943 0.00312829 0.0 0.0 0.0 1.0
stairs/seq-05/color/frame-000269.color.png stairs/seq-05/color/frame-000271.color.png 0.999985 -0.00388604 0.00390778 -0.00837083 0.00387273 0.999987 0.00341219 -0.0188651 -0.003921 -0.00339703 0.999987 -0.00319386 0.0 0.0 0.0 1.0
stairs/seq-05/color/frame-000271.color.png stairs/seq-05/color/frame-000273.color.png 0.999985 -0.00542016 0.000650118 -0.00223431 0.00542009 0.999985 2.82322e-05 -0.0116496 -0.000650264 -2.47033e-05 1.0 -0.000684023 0.0 0.0 0.0 1.0
stairs/seq-05/color/frame-000273.color.png stairs/seq-05/color/frame-000275.color.png 0.999978 -0.00616822 0.00224276 -0.0072535 0.00616725 0.999981 0.000428568 -0.0114212 -0.00224528 -0.000414737 0.999997 -0.00300074 0.0 0.0 0.0 1.0
stairs/seq-05/color/frame-000275.color.png stairs/seq-05/color/frame-000277.color.png 0.999987 -0.00440215 0.00265389 -0.00917768 0.0044069 0.999989 -0.00175826 -0.00453138 -0.00264627 0.00176994 0.999995 0.00323391 0.0 0.0 0.0 1.0
stairs/seq-05/color/frame-000277.color.png stairs/seq-05/color/frame-000279.color.png 0.999918 -0.0073933 -0.010477 0.0198007 0.0074219 0.999969 0.00269598 -0.0189013 0.0104567 -0.00277357 0.999941 -0.0113307 0.0 0.0 0.0 1.0
stairs/seq-05/color/frame-000279.color.png stairs/seq-05/color/frame-000281.color.png 0.999998 0.000811019 -0.00199672 0.00905946 -0.000794558 0.999966 0.0082439 -0.022305 0.0020034 -0.0082423 0.999964 -0.0177655 0.0 0.0 0.0 1.0
stairs/seq-05/color/frame-000281.color.png stairs/seq-05/color/frame-000283.color.png 0.999999 0.000723753 0.00137868 -0.00284114 -0.000727996 0.999995 0.00311854 -0.0120732 -0.00137632 -0.00311954 0.999994 -0.00271869 0.0 0.0 0.0 1.0
stairs/seq-05/color/frame-000283.color.png stairs/seq-05/color/frame-000285.color.png 0.999991 -0.00172473 -0.00386593 0.00642298 0.00172736 0.999998 0.000704621 -0.010005 0.00386475 -0.000711218 0.999992 -0.00278616 0.0 0.0 0.0 1.0
stairs/seq-05/color/frame-000285.color.png stairs/seq-05/color/frame-000287.color.png 0.99999 0.00445158 -0.000889696 0.00651968 -0.00445405 0.999986 -0.00278891 0.00628746 0.000877191 0.00279277 0.999996 0.00455105 0.0 0.0 0.0 1.0
stairs/seq-05/color/frame-000287.color.png stairs/seq-05/color/frame-000289.color.png 0.99999 0.00110968 -0.00429398 0.0128337 -0.0011107 0.999999 -0.000233127 -0.00803828 0.0042938 0.000237932 0.999991 0.00044179 0.0 0.0 0.0 1.0
stairs/seq-05/color/frame-000289.color.png stairs/seq-05/color/frame-000291.color.png 0.999976 0.00685658 -0.00111865 0.0126359 -0.00686121 0.999968 -0.00420565 0.0087024 0.00108984 0.00421324 0.999991 0.00546801 0.0 0.0 0.0 1.0
stairs/seq-05/color/frame-000291.color.png stairs/seq-05/color/frame-000293.color.png 0.999998 -0.000606298 -0.00209355 0.00963549 0.000611193 0.999997 0.00234306 -0.0163679 0.0020921 -0.00234429 0.999995 -0.00275838 0.0 0.0 0.0 1.0
stairs/seq-05/color/frame-000293.color.png stairs/seq-05/color/frame-000295.color.png 0.999994 0.00111471 0.00316446 -0.00329925 -0.00110782 0.999997 -0.00216603 -0.00307953 -0.00316686 0.00216248 0.999993 0.00631845 0.0 0.0 0.0 1.0
stairs/seq-05/color/frame-000295.color.png stairs/seq-05/color/frame-000297.color.png 0.999997 0.00168201 -0.0015666 0.00998181 -0.00168206 0.999999 -5.08663e-05 -0.000629902 0.00156644 5.35273e-05 0.999999 0.00514102 0.0 0.0 0.0 1.0
stairs/seq-05/color/frame-000297.color.png stairs/seq-05/color/frame-000299.color.png 0.999997 0.00245706 0.000190038 0.00673507 -0.00245707 0.999997 0.000416909 -0.0065695 -0.000188933 -0.000417372 1.0 0.00509596 0.0 0.0 0.0 1.0
stairs/seq-05/color/frame-000299.color.png stairs/seq-05/color/frame-000301.color.png 0.999997 -0.00193081 -0.00133422 0.00453752 0.00193127 0.999998 0.000356953 -0.010669 0.00133359 -0.000359537 0.999999 0.00628102 0.0 0.0 0.0 1.0
stairs/seq-05/color/frame-000301.color.png stairs/seq-05/color/frame-000303.color.png 0.999968 0.00771725 0.00191093 0.0143286 -0.00770244 0.999941 -0.0076569 0.0109808 -0.00197001 0.0076419 0.999969 0.0170861 0.0 0.0 0.0 1.0
stairs/seq-05/color/frame-000303.color.png stairs/seq-05/color/frame-000305.color.png 0.999956 0.00859586 0.00369766 0.0088743 -0.00857 0.999939 -0.00692709 0.0121994 -0.00375703 0.00689511 0.999969 0.0209415 0.0 0.0 0.0 1.0
stairs/seq-05/color/frame-000305.color.png stairs/seq-05/color/frame-000307.color.png 0.99999 0.00271953 -0.00358554 0.0124803 -0.00275168 0.999956 -0.00899099 0.0105621 0.00356109 0.00900079 0.999953 0.0210449 0.0 0.0 0.0 1.0
stairs/seq-05/color/frame-000307.color.png stairs/seq-05/color/frame-000309.color.png 0.999922 0.00433534 -0.0117046 0.036118 -0.00439515 0.999977 -0.00508484 -0.00122261 0.0116823 0.00513589 0.999919 0.00867796 0.0 0.0 0.0 1.0
stairs/seq-05/color/frame-000309.color.png stairs/seq-05/color/frame-000311.color.png 0.999991 0.00431333 -7.06294e-05 0.00656509 -0.00431329 0.99999 0.000662661 -0.00802124 7.33505e-05 -0.000662313 1.0 0.0106472 0.0 0.0 0.0 1.0
stairs/seq-05/color/frame-000311.color.png stairs/seq-05/color/frame-000313.color.png 0.999984 -0.0034282 -0.0045583 0.0142947 0.00345132 0.999981 0.00505538 -0.030916 0.00454087 -0.00507102 0.999977 -0.00215662 0.0 0.0 0.0 1.0
stairs/seq-05/color/frame-000313.color.png stairs/seq-05/color/frame-000315.color.png 0.999979 0.00332592 0.00556072 -0.0128261 -0.00328557 0.999968 -0.00726038 0.014495 -0.0055846 0.00724197 0.999958 0.0235497 0.0 0.0 0.0 1.0
stairs/seq-05/color/frame-000315.color.png stairs/seq-05/color/frame-000317.color.png 0.999871 -0.0129266 -0.00955571 0.00086087 0.0131143 0.999717 0.0198494 -0.0662388 0.00929635 -0.0199722 0.999757 -0.0188574 0.0 0.0 0.0 1.0
stairs/seq-05/color/frame-000317.color.png stairs/seq-05/color/frame-000319.color.png 0.999952 0.000607698 -0.00978145 0.0435062 -0.000735491 0.999914 -0.0130624 0.0247763 0.00977276 0.013069 0.999867 0.00822532 0.0 0.0 0.0 1.0
stairs/seq-05/color/frame-000319.color.png stairs/seq-05/color/frame-000321.color.png 0.999982 0.00396442 0.00446839 0.00339937 -0.00394422 0.999982 -0.00449898 0.000791311 -0.00448617 0.00448128 0.99998 0.0133759 0.0 0.0 0.0 1.0
stairs/seq-05/color/frame-000321.color.png stairs/seq-05/color/frame-000323.color.png 0.999918 0.00386584 0.0121695 -0.0148778 -0.00382819 0.999988 -0.00312528 0.0036521 -0.0121815 0.00307843 0.999921 0.0191386 0.0 0.0 0.0 1.0
stairs/seq-05/color/frame-000323.color.png stairs/seq-05/color/frame-000325.color.png 0.999991 0.00214283 -0.00375947 0.015713 -0.00215509 0.999992 -0.00328302 -0.000168681 0.0037525 0.0032911 0.999988 0.00748634 0.0 0.0 0.0 1.0
stairs/seq-05/color/frame-000325.color.png stairs/seq-05/color/frame-000327.color.png 0.999998 0.00163762 -0.00117381 0.00864413 -0.00163624 0.999998 0.00116119 -0.00819111 0.00117571 -0.00115926 0.999999 0.00357509 0.0 0.0 0.0 1.0
stairs/seq-05/color/frame-000327.color.png stairs/seq-05/color/frame-000329.color.png 0.999994 -0.00345372 -0.000988561 0.00698531 0.00346047 0.999969 0.00705013 -0.0335058 0.000964102 -0.00705356 0.999975 -0.0106964 0.0 0.0 0.0 1.0
stairs/seq-05/color/frame-000329.color.png stairs/seq-05/color/frame-000331.color.png 0.999926 0.0103231 0.00641992 -0.00191373 -0.0103201 0.999947 -0.000500823 0.00352407 -0.00642467 0.000434565 0.999979 0.0120714 0.0 0.0 0.0 1.0
stairs/seq-05/color/frame-000331.color.png stairs/seq-05/color/frame-000333.color.png 0.999999 0.000160964 -0.00116387 0.00828084 -0.000156323 0.999992 0.00395379 -0.018297 0.00116449 -0.00395359 0.999991 -0.00343728 0.0 0.0 0.0 1.0
stairs/seq-05/color/frame-000333.color.png stairs/seq-05/color/frame-000335.color.png 0.999967 0.00771226 0.00251499 0.00948706 -0.00771391 0.99997 0.000614969 -0.00465155 -0.00251025 -0.000634373 0.999997 0.00180674 0.0 0.0 0.0 1.0
stairs/seq-05/color/frame-000335.color.png stairs/seq-05/color/frame-000337.color.png 0.999997 0.00245575 0.000476461 0.00415859 -0.00245662 0.999995 0.00206134 -0.0126668 -0.000471324 -0.00206245 0.999998 0.00108182 0.0 0.0 0.0 1.0
stairs/seq-05/color/frame-000337.color.png stairs/seq-05/color/frame-000339.color.png 0.999992 0.00152405 0.00357691 -0.00193614 -0.0015288 0.999998 0.00130237 -0.0128499 -0.00357498 -0.00130784 0.999993 0.000107646 0.0 0.0 0.0 1.0
stairs/seq-05/color/frame-000339.color.png stairs/seq-05/color/frame-000341.color.png 0.999983 0.00434987 0.00387272 -0.00587285 -0.00435343 0.99999 0.000927824 -0.00664747 -0.00386875 -0.000944701 0.999992 0.00616241 0.0 0.0 0.0 1.0
stairs/seq-05/color/frame-000341.color.png stairs/seq-05/color/frame-000343.color.png 0.999958 -0.00913142 0.000304266 -0.0126294 0.00912664 0.999872 0.0131654 -0.0519556 -0.000424429 -0.013162 0.999913 -0.013882 0.0 0.0 0.0 1.0
stairs/seq-05/color/frame-000343.color.png stairs/seq-05/color/frame-000345.color.png 0.999968 0.00696122 -0.00384552 0.0221682 -0.00695604 0.999975 0.0013566 -0.000649214 0.00385501 -0.00132984 0.999992 -0.00315773 0.0 0.0 0.0 1.0
stairs/seq-05/color/frame-000345.color.png stairs/seq-05/color/frame-000347.color.png 0.999982 0.000145725 0.00599684 -0.0135829 -0.000141762 1.0 -0.00066223 -0.00347364 -0.00599709 0.000661394 0.999982 0.0120507 0.0 0.0 0.0 1.0
