stairs/seq-05/color/frame-000002.color.png stairs/seq-05/color/frame-000005.color.png 1.0 0.000419866 0.000503378 -0.00154953 -0.000421709 0.999993 0.00366813 -0.00047525 -0.000501834 -0.00366834 0.999993 -0.000367894 0.0 0.0 0.0 1.0
stairs/seq-05/color/frame-000005.color.png stairs/seq-05/color/frame-000008.color.png 0.999992 -0.00340025 -0.00201029 -0.00170012 0.00340808 0.999987 0.00390425 -0.00307219 0.00199699 -0.00391107 0.99999 0.0014091 0.0 0.0 0.0 1.0
stairs/seq-05/color/frame-000008.color.png stairs/seq-05/color/frame-000011.color.png 0.999995 0.000531139 -0.00326203 -0.00308733 -0.000511695 0.999982 0.00595874 -0.00206963 0.00326514 -0.00595704 0.999977 0.00231686 0.0 0.0 0.0 1.0
stairs/seq-05/color/frame-000011.color.png stairs/seq-05/color/frame-000014.color.png 1.0 -2.0266e-05 -9.65036e-05 -0.00840263 2.08576e-05 0.999981 0.00613739 -0.00365075 9.63782e-05 -0.00613739 0.999981 0.00132392 0.0 0.0 0.0 1.0
stairs/seq-05/color/frame-000014.color.png stairs/seq-05/color/frame-000017.color.png 0.999997 -0.00222844 -0.00137783 -0.0055648 0.00224586 0.999916 0.0127685 -0.00428149 0.00134926 -0.0127715 0.999917 0.0073597 0.0 0.0 0.0 1.0
stairs/seq-05/color/frame-000017.color.png stairs/seq-05/color/frame-000020.color.png 0.999936 -0.004854 -0.0101965 -0.00509678 0.00500171 0.999882 0.0145115 -0.00800029 0.0101249 -0.0145616 0.999843 0.00622681 0.0 0.0 0.0 1.0
stairs/seq-05/color/frame-000020.color.png stairs/seq-05/color/frame-000023.color.png 0.999981 0.00462159 0.00402999 -0.0144664 -0.00464936 0.999965 0.00690799 -0.00738675 -0.00399793 -0.0069266 0.999968 -0.000527712 0.0 0.0 0.0 1.0
stairs/seq-05/color/frame-000023.color.png stairs/seq-05/color/frame-000026.color.png 0.999942 0.00907503 0.00572813 -0.0124023 -0.00912824 0.999915 0.00933271 -0.00861989 -0.00564295 -0.00938446 0.99994 0.00830754 0.0 0.0 0.0 1.0
stairs/seq-05/color/frame-000026.color.png stairs/seq-05/color/frame-000029.color.png 0.999947 0.00934206 0.00439978 -0.0292864 -0.00939287 0.999888 0.0116724 -0.009852 -0.00429024 -0.0117132 0.999922 0.00512357 0.0 0.0 0.0 1.0
stairs/seq-05/color/frame-000029.color.png stairs/seq-05/color/frame-000032.color.png 0.999978 -0.00255485 -0.00606031 -0.00595313 0.00256708 0.999995 0.0020101 -0.00897788 0.00605515 -0.00202562 0.99998 0.0197071 0.0 0.0 0.0 1.0
stairs/seq-05/color/frame-000032.color.png stairs/seq-05/color/frame-000035.color.png 0.99999 0.00355779 -0.00265436 -0.00790299 -0.00355869 0.999994 -0.000335822 -0.017981 0.00265314 0.000345261 0.999996 0.0223216 0.0 0.0 0.0 1.0
stairs/seq-05/color/frame-000035.color.png stairs/seq-05/color/frame-000038.color.png 0.999873 0.00224035 0.0157704 -0.00796 -0.0022276 0.999997 -0.000825689 -0.0145717 -0.0157722 0.000790456 0.999875 0.0197436 0.0 0.0 0.0 1.0
stairs/seq-05/color/frame-000038.color.png stairs/seq-05/color/frame-000041.color.png 0.999717 -0.0159688 0.0176134 -0.0111332 0.0163052 0.999684 -0.0191242 -0.0158774 -0.0173025 0.0194059 0.999662 0.0286262 0.0 0.0 0.0 1.0
stairs/seq-05/color/frame-000041.color.png stairs/seq-05/color/frame-000044.color.png 0.999801 -0.0191213 0.00575583 -0.0121922 0.0191585 0.999795 -0.00648275 -0.0113665 -0.0056307 0.00659172 0.999962 0.0227337 0.0 0.0 0.0 1.0
stairs/seq-05/color/frame-000044.color.png stairs/seq-05/color/frame-000047.color.png 0.999886 -0.0132163 0.00734328 -0.0097926 0.013166 0.99989 0.00685115 -0.0315832 -0.00743302 -0.0067537 0.99995 0.0203619 0.0 0.0 0.0 1.0
stairs/seq-05/color/frame-000047.color.png stairs/seq-05/color/frame-000050.color.png 0.999708 -0.00962561 0.0221668 -0.00748802 0.00975491 0.999936 -0.00573164 7.19279e-05 -0.0221102 0.0059462 0.999738 0.00862633 0.0 0.0 0.0 1.0
stairs/seq-05/color/frame-000050.color.png stairs/seq-05/color/frame-000053.color.png 0.999661 -0.0176028 0.0192056 -0.00538053 0.0173919 0.999787 0.0110937 -0.00600007 -0.0193968 -0.010756 0.999754 0.0174853 0.0 0.0 0.0 1.0
stairs/seq-05/color/frame-000053.color.png stairs/seq-05/color/frame-000056.color.png 0.999775 -0.00974176 0.0188558 -0.00793295 0.00928953 0.999671 0.0239245 -0.018032 -0.0190827 -0.0237439 0.999536 0.0047662 0.0 0.0 0.0 1.0
stairs/seq-05/color/frame-000056.color.png stairs/seq-05/color/frame-000059.color.png 0.999832 -0.00487548 0.0176578 -0.00759901 0.00452846 0.999797 0.0196388 -0.0204557 -0.01775 -0.0195555 0.999651 0.00526051 0.0 0.0 0.0 1.0
stairs/seq-05/color/frame-000059.color.png stairs/seq-05/color/frame-000062.color.png 0.999715 -0.0110639 0.0211415 -0.0218994 0.0106695 0.999769 0.018678 -0.0321931 -0.0213433 -0.0184471 0.999602 0.0167997 0.0 0.0 0.0 1.0
stairs/seq-05/color/frame-000062.color.png stairs/seq-05/color/frame-000065.color.png 0.998775 -0.0274367 0.0411732 -0.0180003 0.0274911 0.999622 -0.000755372 -0.00436655 -0.0411369 0.00188636 0.999152 0.00713521 0.0 0.0 0.0 1.0
stairs/seq-05/color/frame-000065.color.png stairs/seq-05/color/frame-000068.color.png 0.999715 -0.0130991 0.0199707 -0.0192992 0.0130721 0.999914 0.00148029 -0.0244729 -0.0199884 -0.00121883 0.999799 0.0125498 0.0 0.0 0.0 1.0
stairs/seq-05/color/frame-000068.color.png stairs/seq-05/color/frame-000071.color.png 0.999812 -0.0141306 0.0132446 -0.0272129 0.0142985 0.999818 -0.0126635 -0.0152346 -0.0130633 0.0128505 0.999832 0.0146786 0.0 0.0 0.0 1.0
stairs/seq-05/color/frame-000071.color.png stairs/seq-05/color/frame-000074.color.png 0.999816 -0.0170061 0.00889686 -0.0130537 0.01706 0.999836 -0.00602817 -0.0102892 -0.00879287 0.00617883 0.999942 0.0194223 0.0 0.0 0.0 1.0
stairs/seq-05/color/frame-000074.color.png stairs/seq-05/color/frame-000077.color.png 0.999775 -0.0140098 0.015942 -0.0276405 0.0140929 0.999888 -0.00510573 -0.00913846 -0.0158687 0.00532924 0.99986 0.0190081 0.0 0.0 0.0 1.0
stairs/seq-05/color/frame-000077.color.png stairs/seq-05/color/frame-000080.color.png 0.999919 -0.0122928 0.00334576 -0.00940216 0.0123007 0.999922 -0.00233742 -0.00667968 -0.00331678 0.0023784 0.999992 0.0192257 0.0 0.0 0.0 1.0
stairs/seq-05/color/frame-000080.color.png stairs/seq-05/color/frame-000083.color.png 0.999904 -0.0109758 0.00846279 -0.0161133 0.0110098 0.999931 -0.00397983 -0.00250554 -0.00841843 0.00407265 0.999956 0.016951 0.0 0.0 0.0 1.0
stairs/seq-05/color/frame-000083.color.png stairs/seq-05/color/frame-000086.color.png 0.999823 -0.016585 0.00886617 -0.0190454 0.0164747 0.999788 0.0123675 -0.0224551 -0.00906944 -0.0122192 0.999884 0.00994217 0.0 0.0 0.0 1.0
stairs/seq-05/color/frame-000086.color.png stairs/seq-05/color/frame-000089.color.png 0.999051 0.00398874 0.0433769 -0.102272 -0.00518161 0.99961 0.0274227 -0.0531534 -0.0432506 -0.0276214 0.998682 -0.00561938 0.0 0.0 0.0 1.0
stairs/seq-05/color/frame-000089.color.png stairs/seq-05/color/frame-000092.color.png 0.999999 0.00105047 0.000775326 -0.000662416 -0.00105676 0.999966 0.00815046 -0.021309 -0.000766724 -0.00815122 0.999967 0.0206778 0.0 0.0 0.0 1.0
stairs/seq-05/color/frame-000092.color.png stairs/seq-05/color/frame-000095.color.png 0.999989 -0.00407511 0.00231913 0.00225213 0.00406496 0.999982 0.00435331 -0.0158066 -0.00233687 -0.00434385 0.999988 0.0189666 0.0 0.0 0.0 1.0
stairs/seq-05/color/frame-000095.color.png stairs/seq-05/color/frame-000098.color.png 0.99999 -0.0043724 -0.000573846 -0.0020934 0.00437178 0.99999 -0.00112305 -0.00959325 0.000578732 0.00112052 0.999999 0.0253297 0.0 0.0 0.0 1.0
stairs/seq-05/color/frame-000098.color.png stairs/seq-05/color/frame-000101.color.png 0.999883 0.00121154 0.0152156 -0.00821078 -0.00135711 0.999953 0.00955866 -0.0235395 -0.0152033 -0.00957816 0.999839 0.0196941 0.0 0.0 0.0 1.0
stairs/seq-05/color/frame-000101.color.png stairs/seq-05/color/frame-000104.color.png 0.998716 0.00319747 0.0505624 -0.0714134 -0.00346135 0.999981 0.00513281 -0.040942 -0.0505451 -0.00530123 0.998708 0.0150795 0.0 0.0 0.0 1.0
stairs/seq-05/color/frame-000104.color.png stairs/seq-05/color/frame-000107.color.png 0.999812 -0.00703448 0.0180676 -0.0154328 0.00724495 0.999906 -0.011609 0.00796652 -0.0179842 0.0117378 0.999769 0.0174453 0.0 0.0 0.0 1.0
stairs/seq-05/color/frame-000107.color.png stairs/seq-05/color/frame-000110.color.png 0.999927 -0.00797438 0.00908556 0.000708073 0.00801538 0.999958 -0.00448904 -0.00462732 -0.00904947 0.00456152 0.999949 0.0206698 0.0 0.0 0.0 1.0
stairs/seq-05/color/frame-000110.color.png stairs/seq-05/color/frame-000113.color.png 0.999846 -0.00968825 0.0146182 -0.00517085 0.00995982 0.999777 -0.0186202 0.0117755 -0.0144345 0.0187629 0.99972 0.0220771 0.0 0.0 0.0 1.0
stairs/seq-05/color/frame-000113.color.png stairs/seq-05/color/frame-000116.color.png 0.999904 -0.00760179 0.0116305 -0.00531077 0.00761655 0.99997 -0.0012246 -0.0114976 -0.0116209 0.00131305 0.999932 0.0111126 0.0 0.0 0.0 1.0
stairs/seq-05/color/frame-000116.color.png stairs/seq-05/color/frame-000119.color.png 0.999972 -0.0074833 -0.000444825 0.0165849 0.00748635 0.999946 0.00721709 -0.014743 0.000390798 -0.00722024 0.999974 0.0102103 0.0 0.0 0.0 1.0
stairs/seq-05/color/frame-000119.color.png stairs/seq-05/color/frame-000122.color.png 0.999621 0.00240308 0.0274265 -0.0381674 -0.0028991 0.999833 0.0180577 -0.0472006 -0.0273785 -0.0181303 0.999461 0.0153508 0.0 0.0 0.0 1.0
stairs/seq-05/color/frame-000122.color.png stairs/seq-05/color/frame-000125.color.png 0.999797 -0.00541513 0.0194175 -0.0116261 0.00539811 0.999985 0.000926935 -0.0217846 -0.0194222 -0.000821869 0.999811 0.0285733 0.0 0.0 0.0 1.0
stairs/seq-05/color/frame-000125.color.png stairs/seq-05/color/frame-000128.color.png 0.999922 -0.00839193 0.00928177 0.00242001 0.00851241 0.999879 -0.0130135 0.00205576 -0.00917155 0.0130914 0.999872 0.0247667 0.0 0.0 0.0 1.0
stairs/seq-05/color/frame-000128.color.png stairs/seq-05/color/frame-000131.color.png 0.999883 -0.00633521 0.0139275 -0.0205824 0.00642392 0.999959 -0.00633591 -0.00271958 -0.0138867 0.00642467 0.999883 0.02369 0.0 0.0 0.0 1.0
stairs/seq-05/color/frame-000131.color.png stairs/seq-05/color/frame-000134.color.png 0.999931 -0.0108346 0.00461476 0.00598672 0.0108655 0.999918 -0.00674499 0.00346565 -0.0045413 0.00679467 0.999967 0.0227429 0.0 0.0 0.0 1.0
stairs/seq-05/color/frame-000134.color.png stairs/seq-05/color/frame-000137.color.png 0.999847 -0.0170144 0.0040715 -0.00766814 0.0169969 0.999846 0.0043064 -0.0260952 -0.0041441 -0.00423656 0.999982 0.0210171 0.0 0.0 0.0 1.0
stairs/seq-05/color/frame-000137.color.png stairs/seq-05/color/frame-000140.color.png 0.999671 0.00494834 0.0251535 -0.0475736 -0.00493252 0.999988 -0.000688608 -0.0315008 -0.0251566 0.000564328 0.999683 0.0289519 0.0 0.0 0.0 1.0
stairs/seq-05/color/frame-000140.color.png stairs/seq-05/color/frame-000143.color.png 0.999977 -0.00677293 -0.000261678 0.0113944 0.00677116 0.999959 -0.00608431 -0.00434387 0.000302856 0.00608237 0.999981 0.0185539 0.0 0.0 0.0 1.0
stairs/seq-05/color/frame-000143.color.png stairs/seq-05/color/frame-000146.color.png 0.999836 -0.00640186 0.0169611 -0.0227417 0.00658018 0.999923 -0.01048 0.00753623 -0.0168927 0.0105898 0.999801 0.0210305 0.0 0.0 0.0 1.0
stairs/seq-05/color/frame-000146.color.png stairs/seq-05/color/frame-000149.color.png 0.999975 -0.00687495 -0.00135606 0.0125853 0.00687419 0.999976 -0.000504806 -0.00812715 0.00135958 0.000495494 0.999999 0.0139302 0.0 0.0 0.0 1.0
stairs/seq-05/color/frame-000149.color.png stairs/seq-05/color/frame-000152.color.png 0.999956 -0.00930975 -0.00141674 0.00988197 0.00930587 0.999953 -0.00279092 -0.0135105 0.00144263 0.00277763 0.999995 0.0152341 0.0 0.0 0.0 1.0
stairs/seq-05/color/frame-000152.color.png stairs/seq-05/color/frame-000155.color.png 0.999994 -0.000293804 0.0033854 0.00219285 0.000293584 1.0 3.84805e-05 -0.0145111 -0.00338537 -3.74777e-05 0.999994 0.0190493 0.0 0.0 0.0 1.0
stairs/seq-05/color/frame-000155.color.png stairs/seq-05/color/frame-000158.color.png 0.999992 -0.00220462 0.00336235 0.0030227 0.0021514 0.999874 0.0157522 -0.0543192 -0.00339664 -0.0157448 0.99987 0.00535029 0.0 0.0 0.0 1.0
stairs/seq-05/color/frame-000158.color.png stairs/seq-05/color/frame-000161.color.png 0.999987 0.00494801 0.00122507 0.0133512 -0.0049452 0.999985 -0.00229651 -0.00451052 -0.00123642 0.00229045 0.999997 0.0173209 0.0 0.0 0.0 1.0
stairs/seq-05/color/frame-000161.color.png stairs/seq-05/color/frame-000164.color.png 0.999961 0.00507583 0.00721517 0.00987673 -0.00505007 0.999981 -0.00358396 -0.00581145 -0.00723318 0.00354734 0.999968 0.0152079 0.0 0.0 0.0 1.0
stairs/seq-05/color/frame-000164.color.png stairs/seq-05/color/frame-000167.color.png 0.99996 0.0088839 0.00143048 0.0214902 -0.00888682 0.999958 0.00205313 -0.0207792 -0.00141227 -0.00206575 0.999997 0.0081957 0.0 0.0 0.0 1.0
stairs/seq-05/color/frame-000167.color.png stairs/seq-05/color/frame-000170.color.png 0.999969 0.00771917 -0.00119088 0.0185321 -0.00771202 0.999953 0.0058931 -0.0289234 0.00123635 -0.00588374 0.999982 0.0112625 0.0 0.0 0.0 1.0
stairs/seq-05/color/frame-000170.color.png stairs/seq-05/color/frame-000173.color.png 0.999869 0.0143642 -0.00748699 0.0357957 -0.0144473 0.999833 -0.0111783 0.00189829 0.00732518 0.011285 0.999909 0.0143306 0.0 0.0 0.0 1.0
stairs/seq-05/color/frame-000173.color.png stairs/seq-05/color/frame-000176.color.png 0.999977 0.00657402 -0.0013081 0.0143908 -0.0065745 0.999978 -0.000341703 -0.013369 0.00130585 0.000350325 0.999999 0.013176 0.0 0.0 0.0 1.0
stairs/seq-05/color/frame-000176.color.png stairs/seq-05/color/frame-000179.color.png 0.999927 0.00683068 0.00994544 -0.0107453 -0.00687252 0.999968 0.0041792 -0.0136702 -0.00991653 -0.00424722 0.999942 0.00727445 0.0 0.0 0.0 1.0
stairs/seq-05/color/frame-000179.color.png stairs/seq-05/color/frame-000182.color.png 0.999947 -0.00282372 -0.0098863 0.0234603 0.00289026 0.999973 0.00672285 -0.0198121 0.00986699 -0.00675106 0.999929 0.0013057 0.0 0.0 0.0 1.0
stairs/seq-05/color/frame-000182.color.png stairs/seq-05/color/frame-000185.color.png 0.999996 -0.000944534 -0.00251317 0.0135869 0.00093987 0.999998 -0.00184723 -0.00380999 0.00251499 0.00184484 0.999995 0.0118974 0.0 0.0 0.0 1.0
stairs/seq-05/color/frame-000185.color.png stairs/seq-05/color/frame-000188.color.png 0.999988 -0.0024402 0.00433889 0.00520572 0.00244343 0.999997 -0.000735416 -0.0119858 -0.00433711 0.000745991 0.99999 0.00945973 0.0 0.0 0.0 1.0
stairs/seq-05/color/frame-000188.color.png stairs/seq-05/color/frame-000191.color.png 0.999966 -0.00250893 0.00779503 0.000841275 0.00249554 0.999995 0.00173201 -0.0117799 -0.00779933 -0.00171251 0.999968 0.0130032 0.0 0.0 0.0 1.0
stairs/seq-05/color/frame-000191.color.png stairs/seq-05/color/frame-000194.color.png 0.999942 -0.010651 0.00142423 0.0134085 0.0106312 0.999856 0.013251 -0.0500176 -0.00156515 -0.0132351 0.999911 0.0020417 0.0 0.0 0.0 1.0
stairs/seq-05/color/frame-000194.color.png stairs/seq-05/color/frame-000197.color.png 0.999938 -0.00190567 0.0109648 0.00287771 0.001895 0.999998 0.000984727 -0.0199902 -0.0109667 -0.000963888 0.999939 0.0104948 0.0 0.0 0.0 1.0
stairs/seq-05/color/frame-000197.color.png stairs/seq-05/color/frame-000200.color.png 0.999969 -0.00300781 0.00733027 0.00848828 0.00304636 0.999982 -0.00526434 -0.00917757 -0.00731423 0.00528648 0.999959 0.0217316 0.0 0.0 0.0 1.0
stairs/seq-05/color/frame-000200.color.png stairs/seq-05/color/frame-000203.color.png 0.999963 0.00547751 0.00672421 0.0123811 -0.00544776 0.999975 -0.00442512 -0.00353634 -0.00674829 0.00438834 0.999968 0.0243256 0.0 0.0 0.0 1.0
stairs/seq-05/color/frame-000203.color.png stairs/seq-05/color/frame-000206.color.png 0.999978 -2.62622e-05 0.00665597 0.0108313 1.58897e-05 0.999999 0.00157016 -0.0180162 -0.00665596 -0.00157 0.999977 0.0213749 0.0 0.0 0.0 1.0
stairs/seq-05/color/frame-000206.color.png stairs/seq-05/color/frame-000209.color.png 0.99994 -0.00813447 -0.00740645 0.0201282 0.00806004 0.999918 -0.010014 -0.00254202 0.00748723 0.00995367 0.999922 0.0262681 0.0 0.0 0.0 1.0
stairs/seq-05/color/frame-000209.color.png stairs/seq-05/color/frame-000212.color.png 0.999973 -0.0071471 -0.00142653 0.0200819 0.00713545 0.999942 -0.0080576 0.000567913 0.00148418 0.00804717 0.999967 0.0176933 0.0 0.0 0.0 1.0
stairs/seq-05/color/frame-000212.color.png stairs/seq-05/color/frame-000215.color.png 0.999848 -0.00783394 0.0156005 -0.015605 0.00781782 0.999969 0.0010901 -0.0275103 -0.0156087 -0.000967955 0.999878 0.0140176 0.0 0.0 0.0 1.0
stairs/seq-05/color/frame-000215.color.png stairs/seq-05/color/frame-000218.color.png 0.999957 0.00287867 0.00883642 0.00430324 -0.0028244 0.999977 -0.00614754 -0.00196135 -0.00885384 0.00612233 0.999942 0.0294564 0.0 0.0 0.0 1.0
stairs/seq-05/color/frame-000218.color.png stairs/seq-05/color/frame-000221.color.png 0.999971 -0.00358242 0.0067224 0.00238691 0.00362069 0.999977 -0.00569019 -0.00284731 -0.00670188 0.00571433 0.999961 0.0211521 0.0 0.0 0.0 1.0
stairs/seq-05/color/frame-000221.color.png stairs/seq-05/color/frame-000224.color.png 0.999956 -0.00577952 0.00739313 0.000825154 0.005766 0.999982 0.00185276 -0.0256143 -0.00740365 -0.00181001 0.999971 0.0132133 0.0 0.0 0.0 1.0
stairs/seq-05/color/frame-000224.color.png stairs/seq-05/color/frame-000227.color.png 0.999955 -0.00310267 0.00899919 -0.00578656 0.00328053 0.999798 -0.0198087 0.026125 -0.00893592 0.0198373 0.999763 0.0279938 0.0 0.0 0.0 1.0
stairs/seq-05/color/frame-000227.color.png stairs/seq-05/color/frame-000230.color.png 0.999632 -0.0271345 -0.000382006 -0.0025859 0.027137 0.99955 0.0127461 -0.0558153 3.59626e-05 -0.0127518 0.999919 -0.00717652 0.0 0.0 0.0 1.0
stairs/seq-05/color/frame-000230.color.png stairs/seq-05/color/frame-000233.color.png 0.999989 -0.00426316 0.0020149 -0.00125463 0.0042547 0.999982 0.00424429 -0.0290493 -0.00203298 -0.00423567 0.999989 0.000527501 0.0 0.0 0.0 1.0
stairs/seq-05/color/frame-000233.color.png stairs/seq-05/color/frame-000236.color.png 0.999999 -0.000359542 0.00116351 0.00788002 0.000355767 0.999995 0.00321789 -0.0221702 -0.00116463 -0.00321748 0.999994 -0.00295079 0.0 0.0 0.0 1.0
stairs/seq-05/color/frame-000236.color.png stairs/seq-05/color/frame-000239.color.png 0.999975 -0.00562041 -0.00423974 0.0113276 0.00562625 0.999983 0.00137374 -0.0215551 0.00423193 -0.00139751 0.99999 -0.00269043 0.0 0.0 0.0 1.0
stairs/seq-05/color/frame-000239.color.png stairs/seq-05/color/frame-000242.color.png 0.99986 -0.00942031 0.0138164 -0.0262189 0.00935425 0.999944 0.00484528 -0.0333443 -0.0138613 -0.00471536 0.999893 0.00970387 0.0 0.0 0.0 1.0
stairs/seq-05/color/frame-000242.color.png stairs/seq-05/color/frame-000245.color.png 1.0 -0.000264516 -0.000649478 0.00857376 0.000264408 1.0 8.73971e-06 -0.00598574 0.000649606 -8.9329e-06 1.0 0.00240529 0.0 0.0 0.0 1.0
stairs/seq-05/color/frame-000245.color.png stairs/seq-05/color/frame-000248.color.png 0.999988 -0.00473899 -0.00101113 0.0108573 0.00474223 0.999984 0.00317165 -0.01955 0.000996057 -0.00317643 0.999994 0.003968 0.0 0.0 0.0 1.0
stairs/seq-05/color/frame-000248.color.png stairs/seq-05/color/frame-000251.color.png 0.999969 0.00393974 0.00682537 0.000256091 -0.00393026 0.999991 -0.00140359 -0.00984895 -0.00683093 0.00137676 0.999976 0.011874 0.0 0.0 0.0 1.0
stairs/seq-05/color/frame-000251.color.png stairs/seq-05/color/frame-000254.color.png 0.999839 -0.0067019 -0.016647 0.0458729 0.00672385 0.999977 0.00126629 -0.0187267 0.0166382 -0.00137802 0.999861 -0.00748897 0.0 0.0 0.0 1.0
stairs/seq-05/color/frame-000254.color.png stairs/seq-05/color/frame-000257.color.png 0.999936 0.00668376 0.00908938 -0.000299841 -0.00661596 0.99995 -0.0074667 0.0132694 -0.00913892 0.00740607 0.999931 0.0149951 0.0 0.0 0.0 1.0
stairs/seq-05/color/frame-000257.color.png stairs/seq-05/color/frame-000260.color.png 0.99991 0.00987791 0.00913616 0.00474077 -0.00982557 0.999935 -0.00576316 -0.00657606 -0.00919248 0.00567288 0.999942 0.0115534 0.0 0.0 0.0 1.0
stairs/seq-05/color/frame-000260.color.png stairs/seq-05/color/frame-000263.color.png 0.999981 0.00609607 -0.00106071 0.021953 -0.00609731 0.999981 -0.00119657 -0.00887406 0.00105344 0.00120302 0.999999 0.00489891 0.0 0.0 0.0 1.0
stairs/seq-05/color/frame-000263.color.png stairs/seq-05/color/frame-000266.color.png 0.999984 -0.00374416 0.00429507 -0.00366585 0.0037229 0.999981 0.00494217 -0.0369465 -0.00431358 -0.00492606 0.999979 0.000172853 0.0 0.0 0.0 1.0
stairs/seq-05/color/frame-000266.color.png stairs/seq-05/color/frame-000269.color.png 0.99997 0.0032867 0.00695877 0.00660411 -0.00325684 0.999985 -0.00429132 -0.00469351 -0.00697277 0.00426851 0.999967 0.00437558 0.0 0.0 0.0 1.0
stairs/seq-05/color/frame-000269.color.png stairs/seq-05/color/frame-000272.color.png 0.999928 -0.00777031 0.00917611 -0.0244693 0.00772288 0.999957 0.00519498 -0.0300243 -0.00921613 -0.00512373 0.999944 -0.00123823 0.0 0.0 0.0 1.0
stairs/seq-05/color/frame-000272.color.png stairs/seq-05/color/frame-000275.color.png 0.999945 -0.0103687 0.00155605 -0.00872537 0.0103618 0.999937 0.00436256 -0.0275656 -0.00160117 -0.00434619 0.999989 -0.0080241 0.0 0.0 0.0 1.0
stairs/seq-05/color/frame-000275.color.png stairs/seq-05/color/frame-000278.color.png 0.999937 -0.011203 -0.000634397 -0.00926374 0.0112027 0.999937 -0.000429626 -0.017027 0.000639278 0.000422547 1.0 -0.0020386 0.0 0.0 0.0 1.0
stairs/seq-05/color/frame-000278.color.png stairs/seq-05/color/frame-000281.color.png 0.999982 0.00559697 -0.00211068 0.0159608 -0.00558795 0.999975 0.00428229 -0.0128273 0.00213453 -0.00427053 0.999989 -0.0116923 0.0 0.0 0.0 1.0
stairs/seq-05/color/frame-000281.color.png stairs/seq-05/color/frame-000284.color.png 0.999993 -0.00211276 -0.00305542 0.00542757 0.0021251 0.99999 0.00401827 -0.0177495 0.00304696 -0.00402466 0.999987 -0.00616276 0.0 0.0 0.0 1.0
stairs/seq-05/color/frame-000284.color.png stairs/seq-05/color/frame-000287.color.png 0.999977 -0.00154402 -0.00665956 0.0134556 0.00153631 0.999998 -0.00115103 -0.00997651 0.00666124 0.00114075 0.999977 -0.000766397 0.0 0.0 0.0 1.0
stairs/seq-05/color/frame-000287.color.png stairs/seq-05/color/frame-000290.color.png 0.999993 0.000863862 -0.00377497 0.00748223 -0.00085373 0.999996 0.00268386 -0.020574 0.00377732 -0.00268059 0.999989 -0.00236356 0.0 0.0 0.0 1.0
stairs/seq-05/color/frame-000290.color.png stairs/seq-05/color/frame-000293.color.png 0.999987 0.00472532 0.00177722 0.00780396 -0.00472713 0.999988 0.000969641 -0.0107282 -0.00177274 -0.0009781 0.999998 0.0026511 0.0 0.0 0.0 1.0
stairs/seq-05/color/frame-000293.color.png stairs/seq-05/color/frame-000296.color.png 0.999988 0.00352669 0.00325105 0.00182796 -0.00351567 0.999988 -0.00337107 0.000537992 -0.00326284 0.00335967 0.999989 0.0116614 0.0 0.0 0.0 1.0
stairs/seq-05/color/frame-000296.color.png stairs/seq-05/color/frame-000299.color.png 0.999995 -0.00117215 -0.00280631 0.0114448 0.00117638 0.999998 0.00151445 -0.0154678 0.00280459 -0.00151777 0.999995 0.00360918 0.0 0.0 0.0 1.0
stairs/seq-05/color/frame-000299.color.png stairs/seq-05/color/frame-000302.color.png 0.999969 0.00439832 -0.00650096 0.0286512 -0.00446692 0.999934 -0.010592 0.0194575 0.00645394 0.0106207 0.999923 0.0159688 0.0 0.0 0.0 1.0
stairs/seq-05/color/frame-000302.color.png stairs/seq-05/color/frame-000305.color.png 0.999944 0.00999137 0.00338657 0.0169034 -0.00996684 0.999924 -0.00719457 0.00414026 -0.00345832 0.00716043 0.999968 0.0215933 0.0 0.0 0.0 1.0
stairs/seq-05/color/frame-000305.color.png stairs/seq-05/color/frame-000308.color.png 0.999925 0.00985236 -0.00729115 0.0285907 -0.00995341 0.999853 -0.0139386 0.0217611 0.00715274 0.0140101 0.999876 0.0345137 0.0 0.0 0.0 1.0
stairs/seq-05/color/frame-000308.color.png stairs/seq-05/color/frame-000311.color.png 0.999964 0.00794087 -0.00290701 0.0176837 -0.00794424 0.999968 -0.00117411 -0.00965047 0.0028978 0.00119717 0.999995 0.0142788 0.0 0.0 0.0 1.0
stairs/seq-05/color/frame-000311.color.png stairs/seq-05/color/frame-000314.color.png 0.99997 -0.00600271 0.00494903 -0.00904211 0.00599479 0.999981 0.00161627 -0.0324044 -0.0049586 -0.00158654 0.999986 0.0197562 0.0 0.0 0.0 1.0
stairs/seq-05/color/frame-000314.color.png stairs/seq-05/color/frame-000317.color.png 0.999878 -0.00284335 -0.0153307 0.0304121 0.00289839 0.99999 0.00356832 -0.0138458 0.0153203 -0.00361237 0.999876 0.00298154 0.0 0.0 0.0 1.0
stairs/seq-05/color/frame-000317.color.png stairs/seq-05/color/frame-000320.color.png 0.999987 -0.00286789 0.00426109 0.00212452 0.00285134 0.999988 0.00390383 -0.0289915 -0.0042723 -0.00389163 0.999983 0.0033803 0.0 0.0 0.0 1.0
stairs/seq-05/color/frame-000320.color.png stairs/seq-05/color/frame-000323.color.png 0.999978 0.0038001 0.00544959 0.00811547 -0.00376782 0.999975 -0.00592025 0.00245667 -0.00547194 0.00589964 0.999968 0.0162261 0.0 0.0 0.0 1.0
stairs/seq-05/color/frame-000323.color.png stairs/seq-05/color/frame-000326.color.png 0.999945 -0.00644897 -0.00829152 0.0170815 0.00646124 0.999978 0.00146625 -0.024009 0.00828189 -0.00151976 0.999964 -0.00186074 0.0 0.0 0.0 1.0
stairs/seq-05/color/frame-000326.color.png stairs/seq-05/color/frame-000329.color.png 0.999996 0.00265187 0.000883483 0.0135972 -0.00265354 0.999995 0.00186703 -0.0142237 -0.000878542 -0.0018694 0.999998 0.00298274 0.0 0.0 0.0 1.0
stairs/seq-05/color/frame-000329.color.png stairs/seq-05/color/frame-000332.color.png 0.999931 0.0116626 0.00123436 0.0143 -0.011666 0.999928 0.00284093 -0.00518465 -0.00120116 -0.00285512 0.999995 0.00340796 0.0 0.0 0.0 1.0
stairs/seq-05/color/frame-000332.color.png stairs/seq-05/color/frame-000335.color.png 0.999976 -0.005824 0.00385893 -0.0100765 0.00577074 0.99989 0.0136776 -0.0618678 -0.00393815 -0.013655 0.999899 -0.012813 0.0 0.0 0.0 1.0
stairs/seq-05/color/frame-000335.color.png stairs/seq-05/color/frame-000338.color.png 0.999991 -0.00132916 0.00407962 -0.0107598 0.00129062 0.999955 0.00944357 -0.0408103 -0.00409194 -0.00943825 0.999947 -0.00579226 0.0 0.0 0.0 1.0
stairs/seq-05/color/frame-000338.color.png stairs/seq-05/color/frame-000341.color.png 0.999959 0.00720746 0.00540017 9.90629e-05 -0.00719631 0.999972 -0.00207652 -0.000708818 -0.00541498 0.00203759 0.999983 0.0120035 0.0 0.0 0.0 1.0
stairs/seq-05/color/frame-000341.color.png stairs/seq-05/color/frame-000344.color.png 0.999965 0.00607168 -0.0057445 0.0267397 -0.00607818 0.999981 -0.00109678 0.000312567 0.00573768 0.00113165 0.999983 0.00229669 0.0 0.0 0.0 1.0
stairs/seq-05/color/frame-000344.color.png stairs/seq-05/color/frame-000347.color.png 0.999957 0.00674792 0.00631772 -0.00252265 -0.00674288 0.999977 -0.00080506 0.00413692 -0.00632295 0.000762467 0.99998 0.0142173 0.0 0.0 0.0 1.0
stairs/seq-05/color/frame-000347.color.png stairs/seq-05/color/frame-000350.color.png 0.999978 -0.00609867 -0.00268476 -0.00765195 0.00613885 0.999865 0.0152171 -0.0498956 0.00259149 -0.0152333 0.999881 -0.0138896 0.0 0.0 0.0 1.0
stairs/seq-05/color/frame-000350.color.png stairs/seq-05/color/frame-000353.color.png 0.999991 0.00312 0.00300266 0.00468761 -0.00313393 0.999985 0.00458352 -0.0101796 -0.00298824 -0.00459284 0.999985 0.000828743 0.0 0.0 0.0 1.0
stairs/seq-05/color/frame-000353.color.png stairs/seq-05/color/frame-000356.color.png 0.999992 0.000814848 -0.00385827 0.011308 -0.000824222 0.999997 -0.00246085 0.000562429 0.0038563 0.00246399 0.99999 0.00764537 0.0 0.0 0.0 1.0
stairs/seq-05/color/frame-000356.color.png stairs/seq-05/color/frame-000359.color.png 0.999985 0.00194507 -0.00511741 0.0169089 -0.00199098 0.999958 -0.00897616 0.0142384 0.00509973 0.0089862 0.999947 0.0176051 0.0 0.0 0.0 1.0
stairs/seq-05/color/frame-000359.color.png stairs/seq-05/color/frame-000362.color.png 0.999895 -0.000749711 0.0144987 -0.0241636 0.000791687 0.999996 -0.00288505 -0.0102663 -0.0144964 0.00289626 0.999891 0.0197706 0.0 0.0 0.0 1.0
stairs/seq-05/color/frame-000362.color.png stairs/seq-05/color/frame-000365.color.png 0.999913 -0.00383349 0.0126302 -0.0202206 0.00395569 0.999945 -0.0096686 0.0162711 -0.0125925 0.00971765 0.999873 0.0231166 0.0 0.0 0.0 1.0
stairs/seq-05/color/frame-000365.color.png stairs/seq-05/color/frame-000368.color.png 0.999905 0.00178425 -0.0136339 0.030246 -0.00183862 0.99999 -0.00397124 -0.000144124 0.0136268 0.00399596 0.999899 0.00256395 0.0 0.0 0.0 1.0
stairs/seq-05/color/frame-000368.color.png stairs/seq-05/color/frame-000371.color.png 0.999936 0.00753191 0.00845061 -0.00954854 -0.00743765 0.999911 -0.011116 0.0167234 -0.00853374 0.0110524 0.999903 0.0287466 0.0 0.0 0.0 1.0
stairs/seq-05/color/frame-000371.color.png stairs/seq-05/color/frame-000374.color.png 0.999957 -0.000555177 -0.0092604 0.0265369 0.000530567 0.999996 -0.00265788 0.00213206 0.0092618 0.00265285 0.999953 -0.00494468 0.0 0.0 0.0 1.0
stairs/seq-05/color/frame-000374.color.png stairs/seq-05/color/frame-000377.color.png 0.999932 0.00794731 0.00853662 -0.00539622 -0.00798245 0.99996 0.00408118 0.000205278 -0.00850387 -0.00414909 0.999955 0.00442195 0.0 0.0 0.0 1.0
stairs/seq-05/color/frame-000377.color.png stairs/seq-05/color/frame-000380.color.png 0.999972 -0.00232967 -0.00714226 0.0127567 0.00234818 0.999994 0.00257963 -0.0068444 0.00713627 -0.00259633 0.999971 -0.00863838 0.0 0.0 0.0 1.0
stairs/seq-05/color/frame-000380.color.png stairs/seq-05/color/frame-000383.color.png 0.999998 0.00150443 0.00157957 0.00495112 -0.00150079 0.999996 -0.00231154 0.00283635 -0.0015831 0.00230916 0.999996 0.00226367 0.0 0.0 0.0 1.0
stairs/seq-05/color/frame-000383.color.png stairs/seq-05/color/frame-000386.color.png 0.999926 -0.00672623 0.0101195 -0.0299102 0.00666256 0.999958 0.00631379 -0.0170628 -0.0101616 -0.00624588 0.999929 -0.00196242 0.0 0.0 0.0 1.0
stairs/seq-05/color/frame-000386.color.png stairs/seq-05/color/frame-000389.color.png 0.999855 -0.00126351 0.0169817 -0.0360425 0.0012057 0.999994 0.00340868 -0.00532222 -0.0169859 -0.00338766 0.99985 0.00731587 0.0 0.0 0.0 1.0
stairs/seq-05/color/frame-000389.color.png stairs/seq-05/color/frame-000392.color.png 0.999958 -0.00802998 0.00436929 -0.0131207 0.00802745 0.999968 0.000583031 -0.00639427 -0.0043738 -0.00054796 0.99999 -0.00335324 0.0 0.0 0.0 1.0
stairs/seq-05/color/frame-000392.color.png stairs/seq-05/color/frame-000395.color.png 0.99994 -0.00365132 0.0103443 -0.0239821 0.00363675 0.999992 0.00143338 -0.00457692 -0.0103495 -0.00139565 0.999946 0.00404549 0.0 0.0 0.0 1.0
stairs/seq-05/color/frame-000395.color.png stairs/seq-05/color/frame-000398.color.png 0.999957 0.00470412 0.0079403 -0.00318661 -0.00471517 0.999988 0.00138476 0.0036943 -0.00793373 -0.00142215 0.999967 -0.00196779 0.0 0.0 0.0 1.0
stairs/seq-05/color/frame-000398.color.png stairs/seq-05/color/frame-000401.color.png 0.999997 0.00191129 0.00175465 -0.00502744 -0.00190876 0.999997 -0.00141461 0.00496781 -0.00175737 0.00141125 0.999997 0.00719666 0.0 0.0 0.0 1.0
stairs/seq-05/color/frame-000401.color.png stairs/seq-05/color/frame-000404.color.png 0.999991 0.00258364 -0.00340552 0.0108355 -0.00258732 0.999996 -0.00104534 -0.00101793 0.00340281 0.00105414 0.999994 0.000517726 0.0 0.0 0.0 1.0
stairs/seq-05/color/frame-000404.color.png stairs/seq-05/color/frame-000407.color.png 0.999981 0.00277219 -0.0055601 0.0127545 -0.00276904 0.999996 0.000578079 -0.000866652 0.00556165 -0.000562679 0.999984 -0.00112116 0.0 0.0 0.0 1.0
stairs/seq-05/color/frame-000407.color.png stairs/seq-05/color/frame-000410.color.png 0.999965 0.00135685 -0.00822311 0.0199301 -0.00135923 0.999999 -0.000280968 -0.00190604 0.00822272 0.000292142 0.999966 -0.0039196 0.0 0.0 0.0 1.0
stairs/seq-05/color/frame-000410.color.png stairs/seq-05/color/frame-000413.color.png 0.999984 0.00557666 0.000738008 0.00549889 -0.00557504 0.999982 -0.00213719 0.00900483 -0.000749768 0.00213305 0.999997 0.0043267 0.0 0.0 0.0 1.0
stairs/seq-05/color/frame-000413.color.png stairs/seq-05/color/frame-000416.color.png 0.999998 -0.00180234 0.000824068 -0.00455984 0.00180063 0.999996 0.00211995 -0.009287 -0.000827949 -0.00211842 0.999997 -0.000164747 0.0 0.0 0.0 1.0
stairs/seq-05/color/frame-000416.color.png stairs/seq-05/color/frame-000419.color.png 0.999988 -0.00137671 -0.00474901 0.00615424 0.00137234 0.999999 -0.000930108 -0.00080955 0.00475028 0.000923577 0.999988 0.00202262 0.0 0.0 0.0 1.0
stairs/seq-05/color/frame-000419.color.png stairs/seq-05/color/frame-000422.color.png 0.999993 -0.0019086 -0.00307982 0.00445473 0.00190416 0.999997 -0.00142014 -0.0026083 0.0030825 0.00141424 0.999994 -7.06911e-05 0.0 0.0 0.0 1.0
stairs/seq-05/color/frame-000422.color.png stairs/seq-05/color/frame-000425.color.png 0.999991 -0.00237675 -0.00341875 0.00468484 0.00238082 0.999997 0.00117574 -0.00380909 0.003416 -0.00118385 0.999994 -0.00462151 0.0 0.0 0.0 1.0
stairs/seq-05/color/frame-000425.color.png stairs/seq-05/color/frame-000428.color.png 0.999993 0.00384378 0.000125649 0.00626361 -0.00384375 0.999992 -0.000744637 -0.000461817 -0.000128639 0.00074416 1.0 0.00407243 0.0 0.0 0.0 1.0
stairs/seq-05/color/frame-000428.color.png stairs/seq-05/color/frame-000431.color.png 0.999974 0.00704183 -0.00169533 0.0141431 -0.00704506 0.999973 -0.00192327 0.00705254 0.00168188 0.00193521 0.999997 0.000345588 0.0 0.0 0.0 1.0
stairs/seq-05/color/frame-000431.color.png stairs/seq-05/color/frame-000434.color.png 0.999996 0.000299389 -0.00265692 0.00450474 -0.000301557 1.0 -0.000791233 -0.00128436 0.00265666 0.000792004 0.999996 -0.00134897 0.0 0.0 0.0 1.0
stairs/seq-05/color/frame-000434.color.png stairs/seq-05/color/frame-000437.color.png 0.99998 0.00624267 -0.000964757 0.0114083 -0.00624302 0.99998 -0.000352159 0.00828958 0.000962585 0.000358192 1.0 -0.00177968 0.0 0.0 0.0 1.0
stairs/seq-05/color/frame-000437.color.png stairs/seq-05/color/frame-000440.color.png 0.999982 -0.00601452 0.000602429 -0.0161263 0.00601167 0.999971 0.00469834 -0.0141491 -0.000630667 -0.00469462 0.999989 -0.00794423 0.0 0.0 0.0 1.0
stairs/seq-05/color/frame-000440.color.png stairs/seq-05/color/frame-000443.color.png 1.0 -0.000220917 -0.000653691 -9.54866e-05 0.000220926 1.0 -1.6172e-05 -0.00145304 0.000653632 1.60436e-05 1.0 -0.0015322 0.0 0.0 0.0 1.0
stairs/seq-05/color/frame-000443.color.png stairs/seq-05/color/frame-000446.color.png 0.999978 0.0056797 0.00342152 0.00158468 -0.00567171 0.999981 -0.0023427 0.00844979 -0.00343479 0.0023232 0.999991 0.00313807 0.0 0.0 0.0 1.0
stairs/seq-05/color/frame-000446.color.png stairs/seq-05/color/frame-000449.color.png 0.999978 0.00617484 0.00255944 0.00356805 -0.00616507 0.999974 -0.00383731 0.0127482 -0.00258291 0.00382143 0.999989 0.00531602 0.0 0.0 0.0 1.0
stairs/seq-05/color/frame-000449.color.png stairs/seq-05/color/frame-000452.color.png 0.999998 0.00162562 0.00117288 0.00240541 -0.00162811 0.999996 0.00215357 -0.00906193 -0.00116943 -0.00215545 0.999997 -0.00582528 0.0 0.0 0.0 1.0
stairs/seq-05/color/frame-000452.color.png stairs/seq-05/color/frame-000455.color.png 0.999987 0.00506712 -0.000901247 0.0054445 -0.00507091 0.999978 -0.0043442 0.0175126 0.000879127 0.00434866 0.99999 0.00810564 0.0 0.0 0.0 1.0
stairs/seq-05/color/frame-000455.color.png stairs/seq-05/color/frame-000458.color.png 0.999964 -0.00720278 -0.00448395 -0.00145617 0.00723129 0.999954 0.00637696 -0.0246104 0.00443799 -0.00640909 0.99997 -0.0108207 0.0 0.0 0.0 1.0
stairs/seq-05/color/frame-000458.color.png stairs/seq-05/color/frame-000461.color.png 0.999965 0.00462828 -0.00690915 0.0256834 -0.00465712 0.999981 -0.00415144 0.00382185 0.00688969 0.00418346 0.999967 0.00313389 0.0 0.0 0.0 1.0
stairs/seq-05/color/frame-000461.color.png stairs/seq-05/color/frame-000464.color.png 0.999971 0.00750991 0.00151752 0.0147849 -0.00751084 0.999972 0.000582787 -0.00479078 -0.00151306 -0.000594132 0.999999 0.000901103 0.0 0.0 0.0 1.0
stairs/seq-05/color/frame-000464.color.png stairs/seq-05/color/frame-000467.color.png 0.999971 0.0039366 -0.00650029 0.0218904 -0.00391498 0.999987 0.00332722 -0.0117615 0.00651339 -0.00330172 0.999973 -0.00109291 0.0 0.0 0.0 1.0
stairs/seq-05/color/frame-000467.color.png stairs/seq-05/color/frame-000470.color.png 0.999923 0.00578387 -0.0110207 0.0401255 -0.00589835 0.999929 -0.0103849 0.00991142 0.0109599 0.0104491 0.999885 0.0124886 0.0 0.0 0.0 1.0
stairs/seq-05/color/frame-000470.color.png stairs/seq-05/color/frame-000473.color.png 0.999993 0.00127604 -0.00346173 0.0165988 -0.00127519 0.999999 0.000243219 -0.00998104 0.00346197 -0.000238787 0.999994 0.00266087 0.0 0.0 0.0 1.0
stairs/seq-05/color/frame-000473.color.png stairs/seq-05/color/frame-000476.color.png 0.999991 -0.0026833 -0.00314025 0.0185367 0.00269547 0.999989 0.00388717 -0.0245755 0.00312984 -0.0038956 0.999988 -0.00407922 0.0 0.0 0.0 1.0
stairs/seq-05/color/frame-000476.color.png stairs/seq-05/color/frame-000479.color.png 0.999956 -0.00337285 0.00880417 -0.0198235 0.00334874 0.999991 0.00274953 -0.0212297 -0.00881341 -0.00271994 0.999958 0.0151726 0.0 0.0 0.0 1.0
stairs/seq-05/color/frame-000479.color.png stairs/seq-05/color/frame-000482.color.png 0.999993 -0.00344022 0.0013209 0.00244066 0.00344061 0.999994 -0.000254339 -0.0168298 -0.00131994 0.000258863 0.999999 0.0104008 0.0 0.0 0.0 1.0
stairs/seq-05/color/frame-000482.color.png stairs/seq-05/color/frame-000485.color.png 0.99996 0.00502167 -0.00735383 0.0346213 -0.00506001 0.999974 -0.00520484 -0.00195599 0.00732748 0.00524185 0.999959 0.00958121 0.0 0.0 0.0 1.0
stairs/seq-05/color/frame-000485.color.png stairs/seq-05/color/frame-000488.color.png 0.999897 -0.00165099 0.0142687 -0.0310992 0.00162177 0.999997 0.0020603 -0.0246049 -0.0142721 -0.00203696 0.999896 0.0170752 0.0 0.0 0.0 1.0
stairs/seq-05/color/frame-000488.color.png stairs/seq-05/color/frame-000491.color.png 0.999988 0.00453724 -0.00169054 0.0202942 -0.00455177 0.999952 -0.00866142 0.00900483 0.00165112 0.00866902 0.999961 0.0177436 0.0 0.0 0.0 1.0
stairs/seq-05/color/frame-000491.color.png stairs/seq-05/color/frame-000494.color.png 0.999955 0.00938294 0.00161944 0.0218742 -0.00934038 0.999656 -0.0245085 0.0400822 -0.0018488 0.0244923 0.999698 0.0450016 0.0 0.0 0.0 1.0
stairs/seq-05/color/frame-000494.color.png stairs/seq-05/color/frame-000497.color.png 0.999934 0.0113963 -0.00151258 0.0211241 -0.0113956 0.999935 0.000452627 0.0149158 0.00151758 -0.000435372 0.999999 2.02656e-06 0.0 0.0 0.0 1.0
