stairs/seq-05/color/frame-000000.color.png stairs/seq-05/color/frame-000003.color.png 0.999992 -0.00207417 -0.00334711 -0.00283525 0.00209089 0.999985 0.00499956 -0.000527522 0.00333669 -0.00500651 0.999982 0.000314537 0.0 0.0 0.0 1.0
stairs/seq-05/color/frame-000003.color.png stairs/seq-05/color/frame-000006.color.png 0.999999 0.000612565 0.000774151 -0.00112244 -0.000616121 0.999989 0.00460105 -0.00131419 -0.000771324 -0.00460152 0.999989 0.000322278 0.0 0.0 0.0 1.0
stairs/seq-05/color/frame-000006.color.png stairs/seq-05/color/frame-000009.color.png 0.999985 -0.0036677 -0.00415189 -0.0022241 0.00369115 0.999977 0.00565493 -0.00189952 0.00413105 -0.00567018 0.999975 9.9655e-05 0.0 0.0 0.0 1.0
stairs/seq-05/color/frame-000009.color.png stairs/seq-05/color/frame-000012.color.png 0.999999 -0.000350373 -0.00129026 -0.00411378 0.000354736 0.999994 0.00338158 -0.00447863 0.00128907 -0.00338203 0.999994 0.00351818 0.0 0.0 0.0 1.0
stairs/seq-05/color/frame-000012.color.png stairs/seq-05/color/frame-000015.color.png 0.999997 -0.000782564 -0.00249413 -0.00577132 0.000805099 0.999959 0.00904768 -0.00295037 0.00248695 -0.00904967 0.999956 0.00529818 0.0 0.0 0.0 1.0
stairs/seq-05/color/frame-000015.color.png stairs/seq-05/color/frame-000018.color.png 0.999995 -0.00278535 -0.00148158 -0.0107742 0.00280819 0.999874 0.0156468 -0.00685856 0.00143781 -0.0156508 0.999876 0.00217052 0.0 0.0 0.0 1.0
stairs/seq-05/color/frame-000018.color.png stairs/seq-05/color/frame-000021.color.png 0.999942 -0.00272789 -0.0104142 -0.00360597 0.00283043 0.999947 0.00984443 -0.00530471 0.0103868 -0.00987335 0.999897 0.00770119 0.0 0.0 0.0 1.0
stairs/seq-05/color/frame-000021.color.png stairs/seq-05/color/frame-000024.color.png 0.999974 0.00263835 0.00672394 -0.0148703 -0.00268484 0.999973 0.00691397 -0.00867668 -0.00670552 -0.00693184 0.999954 0.000615675 0.0 0.0 0.0 1.0
stairs/seq-05/color/frame-000024.color.png stairs/seq-05/color/frame-000027.color.png 0.999878 0.0145832 0.00566766 -0.0183102 -0.0146434 0.999835 0.0107425 -0.0102204 -0.00551007 -0.0108242 0.999926 0.0018382 0.0 0.0 0.0 1.0
stairs/seq-05/color/frame-000027.color.png stairs/seq-05/color/frame-000030.color.png 0.999995 0.0030054 -0.000438041 -0.0159373 -0.00299994 0.999924 0.0119758 -0.0110606 0.000474 -0.0119745 0.999928 0.0148685 0.0 0.0 0.0 1.0
stairs/seq-05/color/frame-000030.color.png stairs/seq-05/color/frame-000033.color.png 0.999971 -0.0023807 -0.00727232 -0.0123935 0.00236674 0.999995 -0.00192645 -0.00408609 0.00727687 0.0019092 0.999972 0.0238222 0.0 0.0 0.0 1.0
stairs/seq-05/color/frame-000033.color.png stairs/seq-05/color/frame-000036.color.png 0.999952 0.00312183 0.00924312 -0.0117434 -0.00305581 0.99997 -0.00714856 -0.00973824 -0.00926516 0.00711996 0.999932 0.0243849 0.0 0.0 0.0 1.0
stairs/seq-05/color/frame-000036.color.png stairs/seq-05/color/frame-000039.color.png 0.999859 -0.00406054 0.0163038 -0.00609299 0.00416926 0.999969 -0.00664031 -0.00740695 -0.0162763 0.00670734 0.999845 0.0302472 0.0 0.0 0.0 1.0
stairs/seq-05/color/frame-000039.color.png stairs/seq-05/color/frame-000042.color.png 0.999806 -0.0129394 0.0148626 -0.017726 0.0132327 0.999716 -0.0198066 -0.00697911 -0.0146021 0.0199994 0.999693 0.0195246 0.0 0.0 0.0 1.0
stairs/seq-05/color/frame-000042.color.png stairs/seq-05/color/frame-000045.color.png 0.999709 -0.0210565 0.011805 -0.0203259 0.0211022 0.99977 -0.00376227 -0.00905819 -0.011723 0.00401029 0.999923 0.0230716 0.0 0.0 0.0 1.0
stairs/seq-05/color/frame-000045.color.png stairs/seq-05/color/frame-000048.color.png 0.999901 -0.0113462 0.00831219 -0.00733905 0.0114033 0.999911 -0.00685978 -0.00611103 -0.00823362 0.00695388 0.999942 0.0253917 0.0 0.0 0.0 1.0
stairs/seq-05/color/frame-000048.color.png stairs/seq-05/color/frame-000051.color.png 0.99973 -0.00681495 0.0222075 -0.00917304 0.00668398 0.99996 0.00596665 -0.00437061 -0.0222472 -0.0058166 0.999736 0.0145898 0.0 0.0 0.0 1.0
stairs/seq-05/color/frame-000051.color.png stairs/seq-05/color/frame-000054.color.png 0.999655 -0.0169236 0.0200893 -0.0118629 0.0166999 0.999797 0.0112513 -0.0075498 -0.0202756 -0.0109119 0.999735 0.0120931 0.0 0.0 0.0 1.0
stairs/seq-05/color/frame-000054.color.png stairs/seq-05/color/frame-000057.color.png 0.999784 -0.00894002 0.0187856 -0.00174543 0.00857405 0.999774 0.0194715 -0.0122285 -0.0189554 -0.0193063 0.999634 0.00872728 0.0 0.0 0.0 1.0
stairs/seq-05/color/frame-000057.color.png stairs/seq-05/color/frame-000060.color.png 0.99977 -0.010683 0.0186036 -0.0111933 0.0103476 0.999784 0.0180342 -0.0137722 -0.0187922 -0.0178376 0.999664 0.00908686 0.0 0.0 0.0 1.0
stairs/seq-05/color/frame-000060.color.png stairs/seq-05/color/frame-000063.color.png 0.999678 -0.00531205 0.0247949 -0.0163403 0.00501101 0.999913 0.0121863 -0.0302363 -0.0248575 -0.0120581 0.999618 0.0116652 0.0 0.0 0.0 1.0
stairs/seq-05/color/frame-000063.color.png stairs/seq-05/color/frame-000066.color.png 0.998473 -0.0316288 0.0452848 -0.0446443 0.0316925 0.999497 -0.000687612 -0.00779574 -0.0452403 0.00212175 0.998974 0.0159738 0.0 0.0 0.0 1.0
stairs/seq-05/color/frame-000066.color.png stairs/seq-05/color/frame-000069.color.png 0.999813 -0.0096612 0.0167606 -0.0137025 0.00981814 0.999908 -0.00930776 -0.0116472 -0.0166692 0.00947058 0.999816 0.0164452 0.0 0.0 0.0 1.0
stairs/seq-05/color/frame-000069.color.png stairs/seq-05/color/frame-000072.color.png 0.999816 -0.0132118 0.0139273 -0.0304775 0.0133655 0.99985 -0.0110012 -0.0176047 -0.0137799 0.0111853 0.999842 0.0150923 0.0 0.0 0.0 1.0
stairs/seq-05/color/frame-000072.color.png stairs/seq-05/color/frame-000075.color.png 0.999828 -0.0114344 0.0146248 -0.0255287 0.0114956 0.999925 -0.00410922 -0.0143561 -0.0145767 0.00427665 0.999885 0.0164833 0.0 0.0 0.0 1.0
stairs/seq-05/color/frame-000075.color.png stairs/seq-05/color/frame-000078.color.png 0.999537 -0.0110077 0.0283697 -0.0614351 0.0105655 0.999821 0.0156901 -0.0490516 -0.0285373 -0.0153831 0.999474 0.0163582 0.0 0.0 0.0 1.0
stairs/seq-05/color/frame-000078.color.png stairs/seq-05/color/frame-000081.color.png 0.999905 -0.0115747 0.00746913 -0.0184222 0.0115998 0.999927 -0.00332336 -0.00773686 -0.00743009 0.0034097 0.999967 0.0115481 0.0 0.0 0.0 1.0
stairs/seq-05/color/frame-000081.color.png stairs/seq-05/color/frame-000084.color.png 0.999918 -0.00748975 0.0103961 -0.0211712 0.00752353 0.999967 -0.00321334 -0.00303516 -0.0103716 0.00329129 0.999941 0.0134712 0.0 0.0 0.0 1.0
stairs/seq-05/color/frame-000084.color.png stairs/seq-05/color/frame-000087.color.png 0.99993 -0.0112482 0.00375095 -0.00656167 0.0112192 0.999908 0.00767138 -0.0067648 -0.00383695 -0.00762873 0.999964 0.0112002 0.0 0.0 0.0 1.0
stairs/seq-05/color/frame-000087.color.png stairs/seq-05/color/frame-000090.color.png 0.999863 -0.0146791 -0.00767088 0.0131238 0.0147822 0.999799 0.013561 -0.0184155 0.00747033 -0.0136725 0.999879 0.0140134 0.0 0.0 0.0 1.0
stairs/seq-05/color/frame-000090.color.png stairs/seq-05/color/frame-000093.color.png 0.999772 0.0100906 0.0188417 -0.0364664 -0.0102431 0.999915 0.0080175 -0.0263857 -0.0187593 -0.00820866 0.99979 0.0148427 0.0 0.0 0.0 1.0
stairs/seq-05/color/frame-000093.color.png stairs/seq-05/color/frame-000096.color.png 0.999992 -0.00381225 -0.000553385 0.00204495 0.00381205 0.999993 -0.000348752 -0.00894034 0.000554734 0.000346645 1.0 0.0232502 0.0 0.0 0.0 1.0
stairs/seq-05/color/frame-000096.color.png stairs/seq-05/color/frame-000099.color.png 0.999967 -0.00309498 0.00755597 -0.00231346 0.00310094 0.999995 -0.000775265 -0.011801 -0.0075535 0.000798673 0.999971 0.0262957 0.0 0.0 0.0 1.0
stairs/seq-05/color/frame-000099.color.png stairs/seq-05/color/frame-000102.color.png 0.999925 0.00102156 0.0122238 -0.00596929 -0.00103899 0.999998 0.00142138 -0.00796294 -0.0122223 -0.00143398 0.999924 0.0143982 0.0 0.0 0.0 1.0
stairs/seq-05/color/frame-000102.color.png stairs/seq-05/color/frame-000105.color.png 0.999613 -0.00454007 0.0274376 -0.0171234 0.00480755 0.999942 -0.00969067 -0.0120089 -0.0273921 0.00981882 0.999577 0.0193766 0.0 0.0 0.0 1.0
stairs/seq-05/color/frame-000105.color.png stairs/seq-05/color/frame-000108.color.png 0.999113 -0.0143602 0.0395885 -0.0695355 0.0136049 0.999721 0.0192834 -0.0563904 -0.0398543 -0.0187277 0.99903 0.0214429 0.0 0.0 0.0 1.0
stairs/seq-05/color/frame-000108.color.png stairs/seq-05/color/frame-000111.color.png 0.999976 -0.00397572 0.00571481 0.00444645 0.00400266 0.999981 -0.00472305 -0.00678742 -0.00569592 0.00474584 0.999973 0.0182434 0.0 0.0 0.0 1.0
stairs/seq-05/color/frame-000111.color.png stairs/seq-05/color/frame-000114.color.png 0.999822 -0.00856324 0.0167875 -0.0131411 0.00876642 0.999889 -0.0120653 -0.000574529 -0.0166824 0.0122103 0.999786 0.0186769 0.0 0.0 0.0 1.0
stairs/seq-05/color/frame-000114.color.png stairs/seq-05/color/frame-000117.color.png 0.99989 -0.0076301 0.0127029 -0.00724566 0.00769043 0.999959 -0.00470304 -0.00328788 -0.0126665 0.00480018 0.999908 0.013571 0.0 0.0 0.0 1.0
stairs/seq-05/color/frame-000117.color.png stairs/seq-05/color/frame-000120.color.png 0.999948 -0.00740487 0.00705902 0.00463974 0.00738937 0.99997 0.0022137 -0.0027428 -0.00707518 -0.00216144 0.999973 0.00963831 0.0 0.0 0.0 1.0
stairs/seq-05/color/frame-000120.color.png stairs/seq-05/color/frame-000123.color.png 0.999812 -0.0108727 0.0160597 -0.00443155 0.0107389 0.999907 0.00839459 -0.0273789 -0.0161495 -0.0082205 0.999836 0.0175589 0.0 0.0 0.0 1.0
stairs/seq-05/color/frame-000123.color.png stairs/seq-05/color/frame-000126.color.png 0.999812 -0.00526397 0.0186565 -0.0327104 0.00530015 0.999984 -0.00189025 -0.015245 -0.0186462 0.00198877 0.999824 0.0242059 0.0 0.0 0.0 1.0
stairs/seq-05/color/frame-000126.color.png stairs/seq-05/color/frame-000129.color.png 0.9998 -0.00773963 0.0184633 -0.0116078 0.00809 0.999787 -0.0189774 0.00810176 -0.0183124 0.019123 0.999649 0.0281246 0.0 0.0 0.0 1.0
stairs/seq-05/color/frame-000129.color.png stairs/seq-05/color/frame-000132.color.png 0.999989 -0.00394115 0.00273536 0.00288484 0.00394254 0.999992 -0.000501029 -0.0079878 -0.00273342 0.00051183 0.999996 0.0257413 0.0 0.0 0.0 1.0
stairs/seq-05/color/frame-000132.color.png stairs/seq-05/color/frame-000135.color.png 0.999842 -0.0120568 0.0130424 -0.0163234 0.0120528 0.999927 0.000384391 -0.0122101 -0.013046 -0.000227177 0.999915 0.0226169 0.0 0.0 0.0 1.0
stairs/seq-05/color/frame-000135.color.png stairs/seq-05/color/frame-000138.color.png 0.99996 -0.0082617 0.00344736 -0.00941083 0.00823713 0.999941 0.00709555 -0.0362481 -0.00350577 -0.00706681 0.999969 0.0196214 0.0 0.0 0.0 1.0
stairs/seq-05/color/frame-000138.color.png stairs/seq-05/color/frame-000141.color.png 0.99995 -0.00722369 0.00693411 -0.00708929 0.00734394 0.99982 -0.0174849 0.0123844 -0.0068065 0.0175349 0.999823 0.0201102 0.0 0.0 0.0 1.0
stairs/seq-05/color/frame-000141.color.png stairs/seq-05/color/frame-000144.color.png 0.999968 -0.00618118 0.00499583 0.0048615 0.0062161 0.999956 -0.00699794 -0.0074479 -0.00495238 0.00702872 0.999963 0.0221108 0.0 0.0 0.0 1.0
stairs/seq-05/color/frame-000144.color.png stairs/seq-05/color/frame-000147.color.png 0.999941 -0.00865971 0.00659377 -0.00500086 0.00867324 0.99996 -0.00202879 -0.00352812 -0.00657588 0.0020859 0.999976 0.0169935 0.0 0.0 0.0 1.0
stairs/seq-05/color/frame-000147.color.png stairs/seq-05/color/frame-000150.color.png 0.999959 -0.00795623 0.00435614 -0.000573426 0.00796146 0.999968 -0.00118236 -0.0116954 -0.0043467 0.00121696 0.99999 0.0164604 0.0 0.0 0.0 1.0
stairs/seq-05/color/frame-000150.color.png stairs/seq-05/color/frame-000153.color.png 0.999989 -0.0045271 -0.00101447 0.0134735 0.00452053 0.99997 -0.00630994 -0.00403196 0.00104304 0.00630532 0.99998 0.0153851 0.0 0.0 0.0 1.0
stairs/seq-05/color/frame-000153.color.png stairs/seq-05/color/frame-000156.color.png 0.999947 0.00894876 -0.00514191 0.0286275 -0.00900768 0.999893 -0.0115583 0.0174101 0.00503792 0.011604 0.99992 0.0193005 0.0 0.0 0.0 1.0
stairs/seq-05/color/frame-000156.color.png stairs/seq-05/color/frame-000159.color.png 0.999993 0.00369461 -0.000891152 0.0151228 -0.00369015 0.999981 0.00506962 -0.0251672 0.000909874 -0.00506631 0.999987 0.00771761 0.0 0.0 0.0 1.0
stairs/seq-05/color/frame-000159.color.png stairs/seq-05/color/frame-000162.color.png 0.999982 -0.00570878 -0.00173273 0.0173887 0.0057381 0.999832 0.0173945 -0.0626152 0.00163312 -0.0174041 0.999847 0.00888288 0.0 0.0 0.0 1.0
stairs/seq-05/color/frame-000162.color.png stairs/seq-05/color/frame-000165.color.png 0.999928 0.00637572 0.0101272 0.000437558 -0.00636544 0.999979 -0.00105452 -0.0112107 -0.0101336 0.000989994 0.999948 0.0183567 0.0 0.0 0.0 1.0
stairs/seq-05/color/frame-000165.color.png stairs/seq-05/color/frame-000168.color.png 0.999951 0.0072898 0.00668279 0.00589691 -0.00727853 0.999972 -0.00170578 -0.0108708 -0.00669506 0.00165702 0.999976 0.0137432 0.0 0.0 0.0 1.0
stairs/seq-05/color/frame-000168.color.png stairs/seq-05/color/frame-000171.color.png 0.99993 0.0117002 -0.00184356 0.0187981 -0.0116966 0.99993 0.0019692 -0.027574 0.00186645 -0.0019475 0.999996 0.0108176 0.0 0.0 0.0 1.0
stairs/seq-05/color/frame-000171.color.png stairs/seq-05/color/frame-000174.color.png 0.999865 0.0162812 -0.00232789 0.0283212 -0.016309 0.999789 -0.0125013 0.0105137 0.00212376 0.0125376 0.999919 0.0193265 0.0 0.0 0.0 1.0
stairs/seq-05/color/frame-000174.color.png stairs/seq-05/color/frame-000177.color.png 0.999945 0.00644114 -0.00826298 0.0308322 -0.00645247 0.999978 -0.00134521 -0.00918579 0.00825407 0.00139845 0.999965 0.00684524 0.0 0.0 0.0 1.0
stairs/seq-05/color/frame-000177.color.png stairs/seq-05/color/frame-000180.color.png 0.999997 0.00173306 0.00184483 0.00553155 -0.00172577 0.999991 -0.00393477 0.00615656 -0.00185149 0.00393159 0.999991 0.0119939 0.0 0.0 0.0 1.0
stairs/seq-05/color/frame-000180.color.png stairs/seq-05/color/frame-000183.color.png 0.999923 -0.0113094 -0.00512594 0.00737903 0.0114231 0.999677 0.0227106 -0.0654336 0.0048674 -0.0227675 0.999729 -0.00821006 0.0 0.0 0.0 1.0
stairs/seq-05/color/frame-000183.color.png stairs/seq-05/color/frame-000186.color.png 0.999988 0.00309342 0.00371595 0.00133173 -0.00307601 0.999984 -0.00467675 0.000904202 -0.00373041 0.00466526 0.999982 0.0138038 0.0 0.0 0.0 1.0
stairs/seq-05/color/frame-000186.color.png stairs/seq-05/color/frame-000189.color.png 0.999979 -0.000348163 0.00643532 0.00324483 0.000348589 1.0 -8.24808e-05 -0.00792998 -0.00643527 8.47068e-05 0.999979 0.0121213 0.0 0.0 0.0 1.0
stairs/seq-05/color/frame-000189.color.png stairs/seq-05/color/frame-000192.color.png 0.999997 -0.00138295 0.00199078 0.0138424 0.00138369 0.999999 -0.000360475 -0.00528759 -0.00199021 0.000363259 0.999998 0.0119175 0.0 0.0 0.0 1.0
stairs/seq-05/color/frame-000192.color.png stairs/seq-05/color/frame-000195.color.png 0.999977 -0.0051988 0.00430223 0.0152561 0.0051894 0.999984 0.00219159 -0.0267011 -0.00431361 -0.00216922 0.999988 0.0079155 0.0 0.0 0.0 1.0
stairs/seq-05/color/frame-000195.color.png stairs/seq-05/color/frame-000198.color.png 0.999792 -0.00164088 0.0203449 -0.0188455 0.00164236 0.999999 -5.51729e-05 -0.0170993 -0.0203449 8.85828e-05 0.999793 0.0211824 0.0 0.0 0.0 1.0
stairs/seq-05/color/frame-000198.color.png stairs/seq-05/color/frame-000201.color.png 0.999995 -0.00188544 0.00266666 0.0193574 0.00189721 0.999989 -0.00438037 -0.0109501 -0.00265829 0.00438537 0.999987 0.0155602 0.0 0.0 0.0 1.0
stairs/seq-05/color/frame-000201.color.png stairs/seq-05/color/frame-000204.color.png 0.999999 -0.000994983 -0.000792051 0.0258464 0.000994519 0.999999 -0.000515215 -0.0158653 0.000792616 0.000514459 1.0 0.017906 0.0 0.0 0.0 1.0
stairs/seq-05/color/frame-000204.color.png stairs/seq-05/color/frame-000207.color.png 0.999949 -0.00381115 0.00938904 -0.00843587 0.0038532 0.999983 -0.00446707 -0.0115216 -0.0093718 0.00450305 0.999946 0.0277349 0.0 0.0 0.0 1.0
stairs/seq-05/color/frame-000207.color.png stairs/seq-05/color/frame-000210.color.png 0.999913 -0.00972275 -0.00893346 0.0294219 0.0096531 0.999923 -0.0078112 -0.00860965 0.00900856 0.00772424 0.99993 0.0223285 0.0 0.0 0.0 1.0
stairs/seq-05/color/frame-000210.color.png stairs/seq-05/color/frame-000213.color.png 0.999959 -0.00683426 0.00585531 0.00406541 0.00681801 0.999973 0.00278029 -0.0260754 -0.00587412 -0.00274026 0.999979 0.0134549 0.0 0.0 0.0 1.0
stairs/seq-05/color/frame-000213.color.png stairs/seq-05/color/frame-000216.color.png 0.999889 -0.0065962 0.0133596 -0.00996356 0.00666224 0.999966 -0.00490164 -0.0143282 -0.0133268 0.00499007 0.999899 0.0197464 0.0 0.0 0.0 1.0
stairs/seq-05/color/frame-000216.color.png stairs/seq-05/color/frame-000219.color.png 0.999995 -0.00329334 0.000276936 0.0201488 0.00329374 0.999994 -0.0012507 -0.0195245 -0.00027282 0.00125162 0.999999 0.0159807 0.0 0.0 0.0 1.0
stairs/seq-05/color/frame-000219.color.png stairs/seq-05/color/frame-000222.color.png 0.999978 -0.00565121 0.00349438 0.00423548 0.00565377 0.999984 -0.000720675 -0.0166347 -0.00349024 0.000740404 0.999994 0.014125 0.0 0.0 0.0 1.0
stairs/seq-05/color/frame-000222.color.png stairs/seq-05/color/frame-000225.color.png 0.999872 -0.00590656 0.0148507 -0.0169402 0.00591732 0.999982 -0.000683254 -0.0205559 -0.0148464 0.000771073 0.999889 0.018285 0.0 0.0 0.0 1.0
stairs/seq-05/color/frame-000225.color.png stairs/seq-05/color/frame-000228.color.png 0.999898 -0.0118512 0.00798345 -0.0127965 0.0118821 0.999922 -0.00383671 -0.0152252 -0.00793745 0.00393118 0.999961 0.0155765 0.0 0.0 0.0 1.0
stairs/seq-05/color/frame-000228.color.png stairs/seq-05/color/frame-000231.color.png 0.999899 -0.0142192 0.000651804 0.00510583 0.0142134 0.999867 0.00800182 -0.039521 -0.00076535 -0.00799171 0.999968 -0.00332391 0.0 0.0 0.0 1.0
stairs/seq-05/color/frame-000231.color.png stairs/seq-05/color/frame-000234.color.png 0.999984 -0.0056974 0.000718403 -0.000552908 0.00569887 0.999982 -0.00211658 -0.00984561 -0.000706405 0.00212059 0.999997 0.00361216 0.0 0.0 0.0 1.0
stairs/seq-05/color/frame-000234.color.png stairs/seq-05/color/frame-000237.color.png 0.999978 0.00292082 0.00602582 -0.00189414 -0.00291424 0.999995 -0.00110406 -0.0121839 -0.00602899 0.00108651 0.999981 0.00383103 0.0 0.0 0.0 1.0
stairs/seq-05/color/frame-000237.color.png stairs/seq-05/color/frame-000240.color.png 0.999939 -0.0107673 -0.00248125 0.00806279 0.0107737 0.999939 0.0025352 -0.028208 0.00245377 -0.00256182 0.999994 -0.00642633 0.0 0.0 0.0 1.0
stairs/seq-05/color/frame-000240.color.png stairs/seq-05/color/frame-000243.color.png 0.999952 -0.00897421 0.00404558 -0.00952028 0.00894136 0.999927 0.00806785 -0.0346125 -0.00411776 -0.00803128 0.999959 0.00065577 0.0 0.0 0.0 1.0
stairs/seq-05/color/frame-000243.color.png stairs/seq-05/color/frame-000246.color.png 0.999997 -0.00244751 0.000521687 0.00549476 0.00244661 0.999995 0.00192788 -0.0114295 -0.000526391 -0.00192661 0.999998 0.000857234 0.0 0.0 0.0 1.0
stairs/seq-05/color/frame-000246.color.png stairs/seq-05/color/frame-000249.color.png 0.999982 0.00202365 -0.00564395 0.0292599 -0.00202703 0.999998 -0.000589878 -0.00877583 0.00564271 0.000601321 0.999984 0.0055635 0.0 0.0 0.0 1.0
stairs/seq-05/color/frame-000249.color.png stairs/seq-05/color/frame-000252.color.png 0.999958 -0.00802392 0.00444958 -0.00847171 0.00802358 0.999968 8.66005e-05 -0.0223022 -0.00445005 -5.08248e-05 0.99999 0.00899422 0.0 0.0 0.0 1.0
stairs/seq-05/color/frame-000252.color.png stairs/seq-05/color/frame-000255.color.png 0.999975 -0.00314582 -0.00627641 0.0290603 0.00318046 0.99998 0.00551918 -0.0284406 0.00625883 -0.00553906 0.999965 -0.00871682 0.0 0.0 0.0 1.0
stairs/seq-05/color/frame-000255.color.png stairs/seq-05/color/frame-000258.color.png 0.999957 0.00831555 0.00409995 0.00836807 -0.00830527 0.999962 -0.00252573 -0.00216568 -0.00412076 0.00249159 0.999988 0.00850272 0.0 0.0 0.0 1.0
stairs/seq-05/color/frame-000258.color.png stairs/seq-05/color/frame-000261.color.png 0.999918 0.00633683 0.011135 -0.00176688 -0.00625924 0.999956 -0.00699349 -0.000233293 -0.0111788 0.00692323 0.999914 0.0156394 0.0 0.0 0.0 1.0
stairs/seq-05/color/frame-000261.color.png stairs/seq-05/color/frame-000264.color.png 0.999984 0.00539741 0.0015204 0.014491 -0.00539713 0.999985 -0.000186738 -0.0132954 -0.00152144 0.000178484 0.999999 0.00295889 0.0 0.0 0.0 1.0
stairs/seq-05/color/frame-000264.color.png stairs/seq-05/color/frame-000267.color.png 0.999996 0.00252543 0.000961352 0.011555 -0.00252336 0.999995 -0.00210388 -0.0153301 -0.000966632 0.00210142 0.999997 0.00242579 0.0 0.0 0.0 1.0
stairs/seq-05/color/frame-000267.color.png stairs/seq-05/color/frame-000270.color.png 0.999944 0.000579115 0.0105931 -0.00795105 -0.000607593 0.999996 0.00268996 -0.0216037 -0.0105915 -0.00269625 0.99994 0.0013622 0.0 0.0 0.0 1.0
stairs/seq-05/color/frame-000270.color.png stairs/seq-05/color/frame-000273.color.png 0.999848 -0.017192 -0.00282325 -0.00382307 0.0172098 0.999832 0.0063624 -0.0433036 0.00271335 -0.00641007 0.999976 -0.0142899 0.0 0.0 0.0 1.0
stairs/seq-05/color/frame-000273.color.png stairs/seq-05/color/frame-000276.color.png 0.999923 0.000583347 0.0124103 -0.0250532 -0.000487746 0.99997 -0.00771003 0.0147698 -0.0124144 0.00770338 0.999893 0.0149553 0.0 0.0 0.0 1.0
stairs/seq-05/color/frame-000276.color.png stairs/seq-05/color/frame-000279.color.png 0.99996 -0.00529309 -0.00719512 0.0134761 0.00528812 0.999986 -0.000713795 -0.0122049 0.00719878 0.000675661 0.999974 -0.00503838 0.0 0.0 0.0 1.0
stairs/seq-05/color/frame-000279.color.png stairs/seq-05/color/frame-000282.color.png 0.999977 0.00313169 0.00602843 -0.00663064 -0.00317931 0.999964 0.00789017 -0.0213585 -0.00600357 -0.0079091 0.999951 -0.00922561 0.0 0.0 0.0 1.0
stairs/seq-05/color/frame-000282.color.png stairs/seq-05/color/frame-000285.color.png 0.999953 -0.00541868 -0.00798687 0.0104818 0.0054532 0.999976 0.00430331 -0.0254352 0.00796342 -0.00434664 0.999959 -0.0111492 0.0 0.0 0.0 1.0
stairs/seq-05/color/frame-000285.color.png stairs/seq-05/color/frame-000288.color.png 0.999982 0.00317275 -0.00505279 0.0135655 -0.00315951 0.999991 0.0026075 -0.0115868 0.00506106 -0.00259155 0.999984 -0.00379813 0.0 0.0 0.0 1.0
stairs/seq-05/color/frame-000288.color.png stairs/seq-05/color/frame-000291.color.png 0.99996 0.00453383 -0.00766629 0.0279151 -0.00456347 0.999982 -0.00384131 -0.000319123 0.00764881 0.00387617 0.999963 0.000791669 0.0 0.0 0.0 1.0
stairs/seq-05/color/frame-000291.color.png stairs/seq-05/color/frame-000294.color.png 0.999985 0.00455646 0.00309817 0.00346112 -0.00455368 0.999989 -0.00089793 -0.00878596 -0.00310237 0.000883774 0.999995 0.00601804 0.0 0.0 0.0 1.0
stairs/seq-05/color/frame-000294.color.png stairs/seq-05/color/frame-000297.color.png 0.999996 -0.00095687 0.00261102 -0.00215751 0.000956271 1.0 0.00026981 -0.00950146 -0.00261115 -0.000267262 0.999997 0.00857186 0.0 0.0 0.0 1.0
stairs/seq-05/color/frame-000297.color.png stairs/seq-05/color/frame-000300.color.png 0.999991 0.00402021 -0.00106933 0.0143653 -0.00402704 0.999971 -0.00642914 0.0111097 0.00104347 0.00643335 0.999979 0.0166411 0.0 0.0 0.0 1.0
stairs/seq-05/color/frame-000300.color.png stairs/seq-05/color/frame-000303.color.png 0.999994 0.00359036 -7.71184e-05 0.0163655 -0.00359077 0.999978 -0.0056275 -0.00416374 5.67268e-05 0.00562771 0.999984 0.0148408 0.0 0.0 0.0 1.0
stairs/seq-05/color/frame-000303.color.png stairs/seq-05/color/frame-000306.color.png 0.999928 0.0112238 0.00424506 0.0112642 -0.0111979 0.999919 -0.00606238 0.00524127 -0.00431275 0.00601441 0.999973 0.0259684 0.0 0.0 0.0 1.0
stairs/seq-05/color/frame-000306.color.png stairs/seq-05/color/frame-000309.color.png 0.999881 0.00769099 -0.0133713 0.0383591 -0.00782795 0.999917 -0.0102175 0.00523973 0.0132916 0.010321 0.999858 0.0193536 0.0 0.0 0.0 1.0
stairs/seq-05/color/frame-000309.color.png stairs/seq-05/color/frame-000312.color.png 0.999957 -0.00807128 -0.00449356 0.00629044 0.00812013 0.999907 0.0109556 -0.0543915 0.00440463 -0.0109917 0.99993 -0.00178075 0.0 0.0 0.0 1.0
stairs/seq-05/color/frame-000312.color.png stairs/seq-05/color/frame-000315.color.png 0.999993 0.00213252 0.0030303 -0.00227681 -0.00211891 0.999988 -0.00447656 -0.00203633 -0.00303976 0.00447008 0.999985 0.0228685 0.0 0.0 0.0 1.0
stairs/seq-05/color/frame-000315.color.png stairs/seq-05/color/frame-000318.color.png 0.999833 -0.00528819 -0.0174816 0.0397895 0.00541911 0.999958 0.00744974 -0.0288199 0.0174414 -0.00754322 0.999819 -0.00989199 0.0 0.0 0.0 1.0
stairs/seq-05/color/frame-000318.color.png stairs/seq-05/color/frame-000321.color.png 0.999954 0.00362615 0.00886393 -0.00194103 -0.00359356 0.999987 -0.00369442 -0.00794899 -0.00887707 0.00366244 0.999954 0.0174376 0.0 0.0 0.0 1.0
stairs/seq-05/color/frame-000321.color.png stairs/seq-05/color/frame-000324.color.png 0.999973 -0.00469484 0.00556022 -0.00721002 0.00472432 0.999975 -0.00530372 -0.00521386 -0.00553526 0.00532986 0.99997 0.0169846 0.0 0.0 0.0 1.0
stairs/seq-05/color/frame-000324.color.png stairs/seq-05/color/frame-000327.color.png 0.999979 0.00168352 -0.00616096 0.0223241 -0.00167506 0.999998 0.00136949 -0.0150284 0.00616333 -0.00135912 0.99998 -7.1764e-05 0.0 0.0 0.0 1.0
stairs/seq-05/color/frame-000327.color.png stairs/seq-05/color/frame-000330.color.png 0.999973 0.00531263 0.0050362 0.00698406 -0.00531102 0.999986 -0.000342125 -0.00818765 -0.00503794 0.000315327 0.999987 0.00732279 0.0 0.0 0.0 1.0
stairs/seq-05/color/frame-000330.color.png stairs/seq-05/color/frame-000333.color.png 0.999991 0.00248959 -0.00345061 0.0143957 -0.00245957 0.999959 0.00870097 -0.0324712 0.00347219 -0.00869236 0.999956 -0.0101162 0.0 0.0 0.0 1.0
stairs/seq-05/color/frame-000333.color.png stairs/seq-05/color/frame-000336.color.png 0.999977 -0.000975407 0.00663869 -0.0115197 0.000915048 0.999958 0.00910456 -0.0417905 -0.00664735 -0.00909829 0.999936 -0.00380445 0.0 0.0 0.0 1.0
stairs/seq-05/color/frame-000336.color.png stairs/seq-05/color/frame-000339.color.png 0.999966 0.00779287 0.00267154 0.0111772 -0.0077905 0.999969 -0.000920022 -0.00397277 -0.00267865 0.000899148 0.999996 0.00486362 0.0 0.0 0.0 1.0
stairs/seq-05/color/frame-000339.color.png stairs/seq-05/color/frame-000342.color.png 0.999992 0.00323242 -0.00223996 0.0105214 -0.0032316 0.999995 0.00036221 -0.0102968 0.00224116 -0.000354952 0.999997 0.00229669 0.0 0.0 0.0 1.0
stairs/seq-05/color/frame-000342.color.png stairs/seq-05/color/frame-000345.color.png 0.999978 0.00659821 6.36574e-05 0.0100577 -0.00659842 0.999971 0.00389766 -0.0123569 -3.79922e-05 -0.00389801 0.999992 -0.00138319 0.0 0.0 0.0 1.0
stairs/seq-05/color/frame-000345.color.png stairs/seq-05/color/frame-000348.color.png 0.999998 -0.00191209 0.000942029 -0.00620627 0.00190867 0.999992 0.00362459 -0.0193383 -0.000948874 -0.00362278 0.999993 0.0069679 0.0 0.0 0.0 1.0
stairs/seq-05/color/frame-000348.color.png stairs/seq-05/color/frame-000351.color.png 0.999993 0.00270249 -0.00245308 0.0118267 -0.00268121 0.999959 0.00863989 -0.0163674 0.00247644 -0.00863324 0.99996 -0.00934899 0.0 0.0 0.0 1.0
stairs/seq-05/color/frame-000351.color.png stairs/seq-05/color/frame-000354.color.png 0.999992 0.00341419 -0.00198319 0.0165463 -0.00342539 0.999978 -0.00569663 0.0108435 0.00196354 0.00570333 0.999982 0.0102957 0.0 0.0 0.0 1.0
stairs/seq-05/color/frame-000354.color.png stairs/seq-05/color/frame-000357.color.png 0.999997 0.00175311 0.00165768 -0.00145423 -0.00174877 0.999995 -0.00258471 -0.000259995 -0.00166219 0.00258178 0.999995 0.015056 0.0 0.0 0.0 1.0
stairs/seq-05/color/frame-000357.color.png stairs/seq-05/color/frame-000360.color.png 0.999936 -0.00733814 -0.0086116 0.0177762 0.00733635 0.999973 -0.000231347 -0.0197308 0.00861301 0.00016817 0.999963 -0.00567532 0.0 0.0 0.0 1.0
stairs/seq-05/color/frame-000360.color.png stairs/seq-05/color/frame-000363.color.png 0.999874 0.00198375 0.015773 -0.0266201 -0.00189797 0.999983 -0.00544234 -0.00170088 -0.0157835 0.00541172 0.999861 0.025866 0.0 0.0 0.0 1.0
stairs/seq-05/color/frame-000363.color.png stairs/seq-05/color/frame-000366.color.png 0.999739 -0.00597808 0.0220511 -0.0556886 0.0060714 0.999973 -0.00417596 0.00256062 -0.0220255 0.00430879 0.999748 0.0323987 0.0 0.0 0.0 1.0
stairs/seq-05/color/frame-000366.color.png stairs/seq-05/color/frame-000369.color.png 0.999858 0.00633178 -0.0155998 0.050969 -0.00643244 0.999959 -0.00641279 0.00839579 0.0155585 0.00651223 0.999858 -0.00259304 0.0 0.0 0.0 1.0
stairs/seq-05/color/frame-000369.color.png stairs/seq-05/color/frame-000372.color.png 0.999981 0.00613711 -0.00071998 0.00158891 -0.00614709 0.99987 -0.0148975 0.0305358 0.00062842 0.0149016 0.999889 0.0284953 0.0 0.0 0.0 1.0
stairs/seq-05/color/frame-000372.color.png stairs/seq-05/color/frame-000375.color.png 0.999992 0.00373309 0.00142938 0.013386 -0.00373968 0.999982 0.00461064 -0.0107193 -0.001412 -0.00461593 0.999988 -0.00999832 0.0 0.0 0.0 1.0
stairs/seq-05/color/frame-000375.color.png stairs/seq-05/color/frame-000378.color.png 0.999997 0.00116851 0.00209179 -0.00316849 -0.00117188 0.999998 0.00162241 -0.00404012 -0.00208993 -0.00162489 0.999997 0.0045886 0.0 0.0 0.0 1.0
stairs/seq-05/color/frame-000378.color.png stairs/seq-05/color/frame-000381.color.png 0.999982 -0.00295982 -0.00526691 0.0100442 0.0029806 0.999988 0.00393302 -0.0113887 0.00525517 -0.0039487 0.999978 -0.0102204 0.0 0.0 0.0 1.0
stairs/seq-05/color/frame-000381.color.png stairs/seq-05/color/frame-000384.color.png 0.999961 -0.000132599 0.00880433 -0.0156343 0.000136877 1.0 -0.000481633 0.00137854 -0.00880423 0.000482849 0.999961 0.00568962 0.0 0.0 0.0 1.0
stairs/seq-05/color/frame-000384.color.png stairs/seq-05/color/frame-000387.color.png 0.999975 -0.00425371 0.00572895 -0.0112574 0.00423112 0.999983 0.00395554 -0.0105945 -0.00574571 -0.00393118 0.999976 -0.00789762 0.0 0.0 0.0 1.0
stairs/seq-05/color/frame-000387.color.png stairs/seq-05/color/frame-000390.color.png 0.999952 -0.00417409 0.00881298 -0.0208748 0.00418665 0.99999 -0.00141258 0.00520027 -0.0088069 0.00144936 0.99996 0.00801063 0.0 0.0 0.0 1.0
stairs/seq-05/color/frame-000390.color.png stairs/seq-05/color/frame-000393.color.png 0.99988 -0.00574864 0.0144227 -0.0354412 0.00572921 0.999983 0.00139124 -0.00712156 -0.0144304 -0.00130842 0.999895 0.00621295 0.0 0.0 0.0 1.0
stairs/seq-05/color/frame-000393.color.png stairs/seq-05/color/frame-000396.color.png 0.999986 -0.00403788 0.00331416 -0.00727138 0.00402139 0.99998 0.00493144 -0.0141928 -0.00333411 -0.004918 0.999982 -0.00951946 0.0 0.0 0.0 1.0
stairs/seq-05/color/frame-000396.color.png stairs/seq-05/color/frame-000399.color.png 0.999944 0.0033593 0.0100407 -0.0115901 -0.00334932 0.999994 -0.00100818 0.00839484 -0.0100439 0.000974489 0.999949 0.00776625 0.0 0.0 0.0 1.0
stairs/seq-05/color/frame-000399.color.png stairs/seq-05/color/frame-000402.color.png 0.999981 0.00205063 -0.00593039 0.0122267 -0.00203332 0.999994 0.00291838 -0.00747299 0.00593646 -0.00290624 0.999978 -0.00790405 0.0 0.0 0.0 1.0
stairs/seq-05/color/frame-000402.color.png stairs/seq-05/color/frame-000405.color.png 0.999978 0.00661105 0.000657851 0.00463414 -0.00660826 0.99997 -0.0040775 0.00942886 -0.000684912 0.00407306 0.999991 0.0117991 0.0 0.0 0.0 1.0
stairs/seq-05/color/frame-000405.color.png stairs/seq-05/color/frame-000408.color.png 0.999978 0.000321784 -0.00662304 0.0109037 -0.000319159 1.0 0.000414997 -0.00141013 0.0066231 -0.000412889 0.999978 -0.00237191 0.0 0.0 0.0 1.0
stairs/seq-05/color/frame-000408.color.png stairs/seq-05/color/frame-000411.color.png 0.999973 0.00399068 -0.00615191 0.0232042 -0.0040044 0.99999 -0.00223011 0.00365174 0.00614307 0.0022547 0.999979 -0.00129509 0.0 0.0 0.0 1.0
stairs/seq-05/color/frame-000411.color.png stairs/seq-05/color/frame-000414.color.png 0.999997 0.00255669 -1.48823e-05 0.00112313 -0.00255669 0.999997 0.000498063 0.00176156 1.59946e-05 -0.000498021 1.0 0.000617862 0.0 0.0 0.0 1.0
stairs/seq-05/color/frame-000414.color.png stairs/seq-05/color/frame-000417.color.png 0.999999 -0.00121059 0.00082502 -0.00418264 0.00121068 0.999999 -9.93666e-05 -0.0042671 -0.000824734 0.000100405 1.0 0.00436866 0.0 0.0 0.0 1.0
stairs/seq-05/color/frame-000417.color.png stairs/seq-05/color/frame-000420.color.png 0.999974 -0.00409563 -0.00585872 0.00594756 0.00409832 0.999992 0.000457977 -0.00676417 0.00585672 -0.000481986 0.999983 -0.00324214 0.0 0.0 0.0 1.0
stairs/seq-05/color/frame-000420.color.png stairs/seq-05/color/frame-000423.color.png 0.999998 0.0020205 0.000633861 0.000917643 -0.00201779 0.999989 -0.00419156 0.0083437 -0.00064231 0.00419027 0.999991 0.00855255 0.0 0.0 0.0 1.0
stairs/seq-05/color/frame-000423.color.png stairs/seq-05/color/frame-000426.color.png 0.999992 -0.001697 -0.00368223 0.00753126 0.00170325 0.999997 0.00170372 -0.00600159 0.0036793 -0.00170999 0.999992 -0.00411737 0.0 0.0 0.0 1.0
stairs/seq-05/color/frame-000426.color.png stairs/seq-05/color/frame-000429.color.png 0.999989 0.00449762 -0.00157771 0.0101708 -0.00449873 0.99999 -0.00061747 -0.00133717 0.00157494 0.000624567 0.999999 -0.000259399 0.0 0.0 0.0 1.0
stairs/seq-05/color/frame-000429.color.png stairs/seq-05/color/frame-000432.color.png 0.999985 0.00537681 0.000576314 0.00521332 -0.00537548 0.999983 -0.00210166 0.00743604 -0.000587495 0.00209852 0.999998 0.0019089 0.0 0.0 0.0 1.0
stairs/seq-05/color/frame-000432.color.png stairs/seq-05/color/frame-000435.color.png 0.999989 0.00363656 -0.00279627 0.00927794 -0.003641 0.999992 -0.00159349 0.00500453 0.00279028 0.00160365 0.999995 0.000186563 0.0 0.0 0.0 1.0
stairs/seq-05/color/frame-000435.color.png stairs/seq-05/color/frame-000438.color.png 0.999993 0.00177541 0.00317862 -0.00555184 -0.00178099 0.999997 0.00177784 -0.000276685 -0.00317546 -0.00178351 0.999993 -0.000559688 0.0 0.0 0.0 1.0
stairs/seq-05/color/frame-000438.color.png stairs/seq-05/color/frame-000441.color.png 0.999993 -0.00279692 -0.00235651 -0.000257194 0.002798 0.999996 0.000475115 -0.00146782 0.00235526 -0.000481664 0.999997 -0.00447607 0.0 0.0 0.0 1.0
stairs/seq-05/color/frame-000441.color.png stairs/seq-05/color/frame-000444.color.png 0.999998 0.000308082 -0.0016978 0.00273028 -0.000306066 0.999999 0.00116613 -0.00363469 0.00169819 -0.00116557 0.999998 -0.00598109 0.0 0.0 0.0 1.0
stairs/seq-05/color/frame-000444.color.png stairs/seq-05/color/frame-000447.color.png 0.999968 0.00665552 0.00456002 -0.00145528 -0.00665067 0.999977 -0.00108218 0.00518954 -0.00456719 0.00105176 0.999989 0.00253737 0.0 0.0 0.0 1.0
stairs/seq-05/color/frame-000447.color.png stairs/seq-05/color/frame-000450.color.png 0.999993 0.00361217 0.000249461 0.00475073 -0.00361165 0.999991 -0.00209764 0.00766134 -0.000256981 0.00209673 0.999998 -0.000336766 0.0 0.0 0.0 1.0
stairs/seq-05/color/frame-000450.color.png stairs/seq-05/color/frame-000453.color.png 0.999976 0.00436118 0.00540613 -0.00497809 -0.00434849 0.999988 -0.00236934 0.00332069 -0.0054164 0.00234575 0.999983 0.00563014 0.0 0.0 0.0 1.0
stairs/seq-05/color/frame-000453.color.png stairs/seq-05/color/frame-000456.color.png 0.99997 -0.00261296 -0.00728741 0.0118429 0.00262283 0.999996 0.00134412 -0.00348747 0.00728383 -0.00136316 0.999973 -0.00581253 0.0 0.0 0.0 1.0
stairs/seq-05/color/frame-000456.color.png stairs/seq-05/color/frame-000459.color.png 0.999996 -0.00147137 -0.00265373 0.00280046 0.00147807 0.999996 0.00254147 -0.0117495 0.00264996 -0.00254535 0.999993 -0.0020026 0.0 0.0 0.0 1.0
stairs/seq-05/color/frame-000459.color.png stairs/seq-05/color/frame-000462.color.png 0.999987 0.00470233 -0.00213327 0.0150372 -0.00471315 0.999976 -0.00510842 0.00495899 0.00210921 0.00511841 0.999985 0.00637507 0.0 0.0 0.0 1.0
stairs/seq-05/color/frame-000462.color.png stairs/seq-05/color/frame-000465.color.png 0.99997 0.00769162 -5.95685e-05 0.0189227 -0.00769126 0.999958 0.0049654 -0.0141109 9.77152e-05 -0.00496485 0.999988 -0.0023998 0.0 0.0 0.0 1.0
stairs/seq-05/color/frame-000465.color.png stairs/seq-05/color/frame-000468.color.png 0.999922 0.00522397 -0.0113406 0.0350865 -0.00519656 0.999983 0.00244805 -0.0141971 0.0113533 -0.00238891 0.999933 -0.00398982 0.0 0.0 0.0 1.0
stairs/seq-05/color/frame-000468.color.png stairs/seq-05/color/frame-000471.color.png 0.999967 0.00550418 -0.00593601 0.0278446 -0.0055667 0.999928 -0.0105874 0.0136162 0.00587716 0.0106201 0.999926 0.0153195 0.0 0.0 0.0 1.0
stairs/seq-05/color/frame-000471.color.png stairs/seq-05/color/frame-000474.color.png 0.999988 -0.00149957 -0.00472717 0.0205051 0.00149898 0.999999 -0.00013803 -0.0135926 0.00472747 0.000130952 0.999989 0.00209498 0.0 0.0 0.0 1.0
stairs/seq-05/color/frame-000474.color.png stairs/seq-05/color/frame-000477.color.png 0.999987 0.000127486 0.00502928 -0.000847936 -0.000146012 0.999993 0.00368073 -0.0194417 -0.00502886 -0.00368141 0.999981 0.00432158 0.0 0.0 0.0 1.0
stairs/seq-05/color/frame-000477.color.png stairs/seq-05/color/frame-000480.color.png 0.999971 -0.00581105 0.00494397 -0.0128192 0.00580349 0.999982 0.00153773 -0.0258874 -0.00495279 -0.00150896 0.999987 0.0164117 0.0 0.0 0.0 1.0
stairs/seq-05/color/frame-000480.color.png stairs/seq-05/color/frame-000483.color.png 0.999998 -0.00132715 0.00137046 0.00526378 0.00132509 0.999998 0.00143437 -0.0161359 -0.00137234 -0.00143254 0.999998 0.00263214 0.0 0.0 0.0 1.0
stairs/seq-05/color/frame-000483.color.png stairs/seq-05/color/frame-000486.color.png 0.999976 0.00475628 -0.00500318 0.0266962 -0.0047685 0.999986 -0.00244678 -0.00791883 0.0049914 0.0024705 0.999984 0.00768876 0.0 0.0 0.0 1.0
stairs/seq-05/color/frame-000486.color.png stairs/seq-05/color/frame-000489.color.png 0.999925 0.0021522 0.0120232 -0.0194528 -0.00204804 0.99996 -0.00867086 0.0104789 -0.0120413 0.0086456 0.99989 0.0298034 0.0 0.0 0.0 1.0
stairs/seq-05/color/frame-000489.color.png stairs/seq-05/color/frame-000492.color.png 0.99992 0.0122118 -0.00342934 0.0387471 -0.0122897 0.999644 -0.0236825 0.0249356 0.00313894 0.0237228 0.999714 0.0406669 0.0 0.0 0.0 1.0
stairs/seq-05/color/frame-000492.color.png stairs/seq-05/color/frame-000495.color.png 0.999978 0.00357746 0.00556865 0.000725031 -0.00355005 0.999981 -0.00491562 0.0121955 -0.00558605 0.00489569 0.999972 0.0161811 0.0 0.0 0.0 1.0
stairs/seq-05/color/frame-000495.color.png stairs/seq-05/color/frame-000498.color.png 0.999987 0.00330414 -0.00393485 0.00890464 -0.0032487 0.999896 0.0140285 -0.0126148 0.00398067 -0.0140155 0.999894 -0.0264245 0.0 0.0 0.0 1.0
