office/seq-09/color/frame-000000.color.png office/seq-09/color/frame-000001.color.png 0.999961 -0.00573445 0.00672965 0.00214453 0.00576552 0.999973 -0.00460599 0.0003744 -0.00670305 0.00464461 0.999967 0.00337448 0.0 0.0 0.0 1.0
office/seq-09/color/frame-000001.color.png office/seq-09/color/frame-000002.color.png 0.999989 -0.00415021 0.00198278 -0.00186481 0.00416509 0.999963 -0.00756055 0.0115949 -0.00195133 0.00756873 0.999969 0.000297925 0.0 0.0 0.0 1.0
office/seq-09/color/frame-000002.color.png office/seq-09/color/frame-000003.color.png 0.999998 -0.00108494 0.00162375 -0.000629403 0.00108416 0.999999 0.000475107 0.00478198 -0.00162427 -0.000473344 0.999998 -0.000335078 0.0 0.0 0.0 1.0
office/seq-09/color/frame-000003.color.png office/seq-09/color/frame-000004.color.png 0.999995 -0.00111668 0.00289196 0.00269043 0.00110806 0.999995 0.0029783 0.00162293 -0.00289527 -0.00297508 0.999992 0.00671882 0.0 0.0 0.0 1.0
office/seq-09/color/frame-000004.color.png office/seq-09/color/frame-000005.color.png 0.999982 -0.00521574 0.00287667 0.000758496 0.00522324 0.999983 -0.00260573 -0.00378015 -0.00286303 0.0026207 0.999992 0.00293048 0.0 0.0 0.0 1.0
office/seq-09/color/frame-000005.color.png office/seq-09/color/frame-000006.color.png 0.999961 -0.00790771 0.00399891 -0.00377351 0.00793041 0.999952 -0.00569407 0.0290173 -0.00395369 0.00572556 0.999976 -0.00033887 0.0 0.0 0.0 1.0
office/seq-09/color/frame-000006.color.png office/seq-09/color/frame-000007.color.png 0.999808 -0.0171759 0.00941743 0.00668218 0.0170566 0.999775 0.0126082 0.000686325 -0.00963187 -0.0124452 0.999876 0.00999869 0.0 0.0 0.0 1.0
office/seq-09/color/frame-000007.color.png office/seq-09/color/frame-000008.color.png 0.999959 -0.00752673 0.00499694 -0.00583734 0.00754249 0.999967 -0.0031436 0.0203641 -0.00497312 0.00318116 0.999983 0.00111698 0.0 0.0 0.0 1.0
office/seq-09/color/frame-000008.color.png office/seq-09/color/frame-000009.color.png 0.99981 -0.0162553 0.0107353 0.0125017 0.0161203 0.999791 0.0125443 0.00156567 -0.0109369 -0.0123689 0.999864 0.0177737 0.0 0.0 0.0 1.0
office/seq-09/color/frame-000009.color.png office/seq-09/color/frame-000010.color.png 0.999977 -0.00292664 0.00613847 0.0024218 0.00294627 0.999991 -0.00319106 0.0101392 -0.00612907 0.00320907 0.999976 0.00322349 0.0 0.0 0.0 1.0
office/seq-09/color/frame-000010.color.png office/seq-09/color/frame-000011.color.png 0.999924 -0.00264545 0.0120098 0.0027581 0.00260086 0.99999 0.00372706 0.0130072 -0.0120195 -0.00369554 0.999921 0.0126911 0.0 0.0 0.0 1.0
office/seq-09/color/frame-000011.color.png office/seq-09/color/frame-000012.color.png 0.999968 -0.00370321 0.00710271 -0.0020466 0.00368876 0.999991 0.00205008 0.00492853 -0.00711026 -0.00202381 0.999973 0.00436856 0.0 0.0 0.0 1.0
office/seq-09/color/frame-000012.color.png office/seq-09/color/frame-000013.color.png 0.999921 -0.00431782 0.0118089 0.00622405 0.00425476 0.999977 0.00535981 -0.00229193 -0.0118318 -0.00530914 0.999916 0.0171401 0.0 0.0 0.0 1.0
office/seq-09/color/frame-000013.color.png office/seq-09/color/frame-000014.color.png 0.999986 -0.00348749 0.00395646 0.00525127 0.00350776 0.999981 -0.00513067 0.0175497 -0.00393848 0.00514448 0.999979 0.00864591 0.0 0.0 0.0 1.0
office/seq-09/color/frame-000014.color.png office/seq-09/color/frame-000015.color.png 0.999888 -0.0100783 0.0110334 0.00415474 0.00997942 0.99991 0.00898159 -0.00119563 -0.0111229 -0.00887048 0.999899 0.0181681 0.0 0.0 0.0 1.0
office/seq-09/color/frame-000015.color.png office/seq-09/color/frame-000016.color.png 0.999982 -0.00128782 0.005925 -0.000657724 0.00128216 0.999999 0.000958872 0.00664554 -0.00592624 -0.000951264 0.999982 0.00613151 0.0 0.0 0.0 1.0
office/seq-09/color/frame-000016.color.png office/seq-09/color/frame-000017.color.png 0.999958 -0.00417202 0.00810789 0.00489331 0.00410582 0.999958 0.00816569 0.00322578 -0.00814161 -0.00813206 0.999934 0.0294318 0.0 0.0 0.0 1.0
office/seq-09/color/frame-000017.color.png office/seq-09/color/frame-000018.color.png 0.999985 -0.00472357 0.0028902 -0.00454924 0.0047121 0.999981 0.00396172 0.00135605 -0.00290886 -0.00394805 0.999988 0.00394511 0.0 0.0 0.0 1.0
office/seq-09/color/frame-000018.color.png office/seq-09/color/frame-000019.color.png 0.999998 -0.000775968 0.00198852 0.0144193 0.00074732 0.999897 0.0143614 0.00353402 -0.00199946 -0.0143599 0.999895 0.0335621 0.0 0.0 0.0 1.0
office/seq-09/color/frame-000019.color.png office/seq-09/color/frame-000020.color.png 0.999978 -0.00558967 0.00352195 0.007956 0.00559695 0.999982 -0.00205598 0.0116619 -0.00351039 0.00207565 0.999992 0.0100949 0.0 0.0 0.0 1.0
office/seq-09/color/frame-000020.color.png office/seq-09/color/frame-000021.color.png 0.999952 -0.00685202 0.00692593 0.000774551 0.00685397 0.999977 -0.000260992 0.0130496 -0.00692397 0.000308453 0.999976 0.0102229 0.0 0.0 0.0 1.0
office/seq-09/color/frame-000021.color.png office/seq-09/color/frame-000022.color.png 0.999861 -0.00811105 0.0145889 0.00791419 0.00799135 0.999934 0.00824603 -0.00534256 -0.0146548 -0.0081283 0.99986 0.0288989 0.0 0.0 0.0 1.0
office/seq-09/color/frame-000022.color.png office/seq-09/color/frame-000023.color.png 0.999967 -0.00109191 0.00810434 0.00257108 0.0011176 0.999994 -0.00316547 0.00683895 -0.00810082 0.00317442 0.999962 0.00756824 0.0 0.0 0.0 1.0
office/seq-09/color/frame-000023.color.png office/seq-09/color/frame-000024.color.png 0.999765 -0.0091359 0.0196389 0.000508636 0.00917311 0.999956 -0.00180428 0.0175077 -0.0196215 0.001984 0.999805 0.0259683 0.0 0.0 0.0 1.0
office/seq-09/color/frame-000024.color.png office/seq-09/color/frame-000025.color.png 0.999943 -0.00401305 0.00987185 0.00385589 0.00399192 0.99999 0.00215804 -0.00406328 -0.00988043 -0.00211852 0.999949 0.00876667 0.0 0.0 0.0 1.0
office/seq-09/color/frame-000025.color.png office/seq-09/color/frame-000026.color.png 0.999787 0.000395739 0.0206506 0.00427071 -0.000334248 0.999995 -0.00298154 0.00998455 -0.0206516 0.00297401 0.999782 0.0255616 0.0 0.0 0.0 1.0
office/seq-09/color/frame-000026.color.png office/seq-09/color/frame-000027.color.png 0.99996 0.00108138 0.0089012 0.00695881 -0.00100685 0.999964 -0.00837605 0.00882787 -0.00890995 0.00836676 0.999925 0.0126607 0.0 0.0 0.0 1.0
office/seq-09/color/frame-000027.color.png office/seq-09/color/frame-000028.color.png 0.99994 -0.00179133 0.0107883 -0.00308885 0.00187304 0.99997 -0.00756619 -0.00261863 -0.0107744 0.00758594 0.999913 0.0118447 0.0 0.0 0.0 1.0
office/seq-09/color/frame-000028.color.png office/seq-09/color/frame-000029.color.png 0.999856 0.00592818 0.0158684 -0.00180263 -0.00579576 0.999948 -0.00837621 0.0284095 -0.0159172 0.00828303 0.999839 0.013828 0.0 0.0 0.0 1.0
office/seq-09/color/frame-000029.color.png office/seq-09/color/frame-000030.color.png 0.999952 -0.00359807 0.00906015 -0.00156043 0.00358876 0.999993 0.00104192 0.00179048 -0.00906387 -0.00100935 0.999958 0.00939214 0.0 0.0 0.0 1.0
office/seq-09/color/frame-000030.color.png office/seq-09/color/frame-000031.color.png 0.999889 -0.00911517 0.011786 -0.00768698 0.00910725 0.999958 0.000725284 0.00327735 -0.0117921 -0.000617861 0.99993 0.00935441 0.0 0.0 0.0 1.0
office/seq-09/color/frame-000031.color.png office/seq-09/color/frame-000032.color.png 0.999935 -0.00879213 0.00722812 0.00514641 0.00877911 0.99996 0.00183136 0.00267021 -0.00724397 -0.00176778 0.999972 0.011397 0.0 0.0 0.0 1.0
office/seq-09/color/frame-000032.color.png office/seq-09/color/frame-000033.color.png 0.999939 0.00266606 0.0106869 -0.0011992 -0.00270191 0.999991 0.00334082 0.0110497 -0.0106779 -0.0033695 0.999937 0.026976 0.0 0.0 0.0 1.0
office/seq-09/color/frame-000033.color.png office/seq-09/color/frame-000034.color.png 0.999996 0.000917442 -0.0026161 0.0054052 -0.000901338 0.999981 0.00615085 -0.00528322 0.00262164 -0.00614848 0.999978 0.00424251 0.0 0.0 0.0 1.0
office/seq-09/color/frame-000034.color.png office/seq-09/color/frame-000035.color.png 0.999995 0.00320619 -0.000421032 0.00354723 -0.00320307 0.999969 0.00717405 0.00425099 0.00044403 -0.00717266 0.999974 0.00313911 0.0 0.0 0.0 1.0
office/seq-09/color/frame-000035.color.png office/seq-09/color/frame-000036.color.png 0.999992 -0.00147995 0.00376049 -0.00356126 0.0014585 0.999983 0.00569948 0.00909331 -0.00376882 -0.00569394 0.999977 0.0136108 0.0 0.0 0.0 1.0
office/seq-09/color/frame-000036.color.png office/seq-09/color/frame-000037.color.png 0.999985 0.00316705 -0.00452272 0.0159495 -0.00309263 0.999861 0.0163689 -0.0112375 0.00457398 -0.0163546 0.999856 0.0247349 0.0 0.0 0.0 1.0
office/seq-09/color/frame-000037.color.png office/seq-09/color/frame-000038.color.png 0.999993 0.00330528 0.00187621 -0.00234419 -0.00331551 0.999979 0.00548581 -0.00191629 -0.00185812 -0.00549201 0.999983 0.0158909 0.0 0.0 0.0 1.0
office/seq-09/color/frame-000038.color.png office/seq-09/color/frame-000039.color.png 0.999982 0.00485242 -0.00349196 0.00852421 -0.0048383 0.99998 0.00404025 -0.002441 0.00351148 -0.00402328 0.999986 0.0135972 0.0 0.0 0.0 1.0
office/seq-09/color/frame-000039.color.png office/seq-09/color/frame-000040.color.png 0.999968 0.00787203 -0.00110552 0.00349398 -0.00787128 0.999969 0.000675492 0.00936002 0.00111081 -0.000666773 0.999999 0.00730005 0.0 0.0 0.0 1.0
office/seq-09/color/frame-000040.color.png office/seq-09/color/frame-000041.color.png 0.999973 0.0066967 -0.00313125 0.00796264 -0.00667331 0.99995 0.00741434 0.0116324 0.00318069 -0.00739325 0.999968 0.025587 0.0 0.0 0.0 1.0
office/seq-09/color/frame-000041.color.png office/seq-09/color/frame-000042.color.png 0.999991 0.0027138 -0.00338165 0.000910267 -0.00268323 0.999956 0.00901513 -0.00551569 0.00340598 -0.00900597 0.999954 0.0142728 0.0 0.0 0.0 1.0
office/seq-09/color/frame-000042.color.png office/seq-09/color/frame-000043.color.png 0.999922 0.00542127 -0.0112897 0.00998284 -0.00534458 0.999963 0.00681242 0.000358999 0.0113261 -0.00675157 0.999913 0.0121795 0.0 0.0 0.0 1.0
office/seq-09/color/frame-000043.color.png office/seq-09/color/frame-000044.color.png 0.999895 0.00784902 -0.0122069 0.00968011 -0.00773756 0.999928 0.0091502 -0.00815755 0.0122779 -0.00905477 0.999884 0.0135645 0.0 0.0 0.0 1.0
office/seq-09/color/frame-000044.color.png office/seq-09/color/frame-000045.color.png 0.999751 0.0110609 -0.0193661 0.0320498 -0.0110069 0.999935 0.00289243 0.00326654 0.0193969 -0.00267854 0.999808 0.0246547 0.0 0.0 0.0 1.0
office/seq-09/color/frame-000045.color.png office/seq-09/color/frame-000046.color.png 0.99998 -0.00629376 0.00013789 0.0132311 0.00629383 0.99998 -0.000595979 -0.00418934 -0.0001342 0.000596839 1.0 0.00932032 0.0 0.0 0.0 1.0
office/seq-09/color/frame-000046.color.png office/seq-09/color/frame-000047.color.png 0.999969 -0.00696543 0.00373975 0.0038715 0.00698634 0.99996 -0.00560453 0.0115278 -0.0037005 0.00563049 0.999977 0.0138626 0.0 0.0 0.0 1.0
office/seq-09/color/frame-000047.color.png office/seq-09/color/frame-000048.color.png 0.999992 -0.00286137 -0.00291339 0.00940026 0.00286617 0.999995 0.00164434 -0.00934502 0.00290865 -0.00165269 0.999994 0.017487 0.0 0.0 0.0 1.0
office/seq-09/color/frame-000048.color.png office/seq-09/color/frame-000049.color.png 0.999942 0.00603948 -0.008872 0.013337 -0.00609665 0.999961 -0.00643193 0.0164437 0.00883281 0.00648566 0.99994 0.00802255 0.0 0.0 0.0 1.0
office/seq-09/color/frame-000049.color.png office/seq-09/color/frame-000050.color.png 0.999662 0.0226524 -0.0127865 0.0193496 -0.0226116 0.999739 0.00332442 0.00610775 0.0128585 -0.00303417 0.999913 0.0252155 0.0 0.0 0.0 1.0
office/seq-09/color/frame-000050.color.png office/seq-09/color/frame-000051.color.png 0.999969 0.000281324 -0.0079139 0.0128653 -0.00029689 0.999998 -0.00196421 0.0036473 0.00791336 0.00196648 0.999967 0.00675052 0.0 0.0 0.0 1.0
office/seq-09/color/frame-000051.color.png office/seq-09/color/frame-000052.color.png 0.99986 0.00432637 -0.0161378 0.0218896 -0.00441216 0.999976 -0.00528493 0.0128109 0.0161146 0.00535539 0.999856 0.00891072 0.0 0.0 0.0 1.0
office/seq-09/color/frame-000052.color.png office/seq-09/color/frame-000053.color.png 0.999966 0.00318771 -0.00764318 0.0119335 -0.00318314 0.999995 0.000607962 -0.00189197 0.00764506 -0.000583578 0.999971 0.0139928 0.0 0.0 0.0 1.0
office/seq-09/color/frame-000053.color.png office/seq-09/color/frame-000054.color.png 0.999994 -0.00127662 -0.00313759 0.00981867 0.00126119 0.999987 -0.00491387 0.00440204 0.00314383 0.00490985 0.999983 0.0123276 0.0 0.0 0.0 1.0
office/seq-09/color/frame-000054.color.png office/seq-09/color/frame-000055.color.png 0.999984 -0.00202905 -0.00529728 0.0122792 0.00200828 0.99999 -0.00392498 0.00136638 0.00530526 0.00391429 0.999978 0.00847262 0.0 0.0 0.0 1.0
office/seq-09/color/frame-000055.color.png office/seq-09/color/frame-000056.color.png 0.999865 0.00794233 -0.0144057 0.0237499 -0.00817999 0.99983 -0.0165141 0.0203564 0.0142721 0.0166297 0.99976 0.0164896 0.0 0.0 0.0 1.0
office/seq-09/color/frame-000056.color.png office/seq-09/color/frame-000057.color.png 0.999923 0.0117639 -0.00391184 0.00835633 -0.0117888 0.99991 -0.00639456 0.008708 0.00383627 0.00644019 0.999972 0.00695837 0.0 0.0 0.0 1.0
office/seq-09/color/frame-000057.color.png office/seq-09/color/frame-000058.color.png 0.999947 0.0102371 -0.0014381 0.0047906 -0.0102421 0.999941 -0.00350201 0.00350904 0.00140223 0.00351655 0.999993 0.00875556 0.0 0.0 0.0 1.0
office/seq-09/color/frame-000058.color.png office/seq-09/color/frame-000059.color.png 0.999985 0.00550288 0.000546016 0.00340611 -0.00549656 0.999925 -0.0109722 0.0108604 -0.000606397 0.010969 0.99994 0.00683671 0.0 0.0 0.0 1.0
office/seq-09/color/frame-000059.color.png office/seq-09/color/frame-000060.color.png 0.999942 -0.00926466 -0.00552669 0.0228312 0.00911355 0.9996 -0.0267642 0.0186718 0.00577248 0.0267123 0.999627 0.0121903 0.0 0.0 0.0 1.0
office/seq-09/color/frame-000060.color.png office/seq-09/color/frame-000061.color.png 1.0 0.000405787 0.000627086 0.00415781 -0.000400548 0.999965 -0.00833329 0.00720173 -0.000630477 0.00833304 0.999965 0.0105119 0.0 0.0 0.0 1.0
office/seq-09/color/frame-000061.color.png office/seq-09/color/frame-000062.color.png 0.999995 -0.00196609 0.00266088 0.00369829 0.00198192 0.99998 -0.00595526 0.00677773 -0.00264913 0.00596051 0.999979 0.00644952 0.0 0.0 0.0 1.0
office/seq-09/color/frame-000062.color.png office/seq-09/color/frame-000063.color.png 0.999999 -2.30197e-05 -0.00126856 0.0134702 1.64316e-05 0.999987 -0.00519166 -0.00211477 0.00126866 0.00519164 0.999986 0.0214455 0.0 0.0 0.0 1.0
office/seq-09/color/frame-000063.color.png office/seq-09/color/frame-000064.color.png 0.999987 0.00429896 -0.00275389 0.00802144 -0.00430299 0.99999 -0.00145445 0.00301206 0.00274762 0.00146628 0.999995 0.0103968 0.0 0.0 0.0 1.0
office/seq-09/color/frame-000064.color.png office/seq-09/color/frame-000065.color.png 0.999981 0.00470274 -0.00402046 0.00878593 -0.00471173 0.999986 -0.00223024 0.00431401 0.00400989 0.00224914 0.999989 0.0072903 0.0 0.0 0.0 1.0
office/seq-09/color/frame-000065.color.png office/seq-09/color/frame-000066.color.png 0.999988 0.00217978 -0.0043903 0.00753421 -0.00218957 0.999995 -0.00222509 0.00366619 0.00438544 0.00223467 0.999988 0.00857908 0.0 0.0 0.0 1.0
office/seq-09/color/frame-000066.color.png office/seq-09/color/frame-000067.color.png 0.99994 0.00993979 -0.00468138 0.0107894 -0.00996412 0.999937 -0.00520254 0.010732 0.00462937 0.00524888 0.999976 0.0175655 0.0 0.0 0.0 1.0
office/seq-09/color/frame-000067.color.png office/seq-09/color/frame-000068.color.png 0.999984 -0.00109016 -0.00559548 0.0167522 0.00108178 0.999998 -0.0015008 0.00308153 0.00559711 0.00149472 0.999983 0.00927126 0.0 0.0 0.0 1.0
office/seq-09/color/frame-000068.color.png office/seq-09/color/frame-000069.color.png 0.999979 0.00453048 -0.00463934 0.0078924 -0.00454109 0.999987 -0.00227845 0.00541863 0.00462896 0.00229947 0.999987 0.00994438 0.0 0.0 0.0 1.0
office/seq-09/color/frame-000069.color.png office/seq-09/color/frame-000070.color.png 0.999977 0.00667324 -0.00117939 0.00016135 -0.00667592 0.999975 -0.00227579 0.00658569 0.00116418 0.00228361 0.999997 0.0106049 0.0 0.0 0.0 1.0
office/seq-09/color/frame-000070.color.png office/seq-09/color/frame-000071.color.png 0.999909 0.00721585 -0.0113796 0.0148497 -0.00725074 0.999969 -0.00302838 0.00628328 0.0113574 0.00311062 0.999931 0.0167636 0.0 0.0 0.0 1.0
office/seq-09/color/frame-000071.color.png office/seq-09/color/frame-000072.color.png 0.999978 0.0027076 -0.0060641 0.00810364 -0.00272547 0.999992 -0.0029415 0.00439623 0.00605609 0.00295796 0.999977 0.00845742 0.0 0.0 0.0 1.0
office/seq-09/color/frame-000072.color.png office/seq-09/color/frame-000073.color.png 0.999988 0.00319315 -0.00378095 0.00275254 -0.00318408 0.999992 0.00240397 -0.000192314 0.00378859 -0.00239189 0.99999 0.0118536 0.0 0.0 0.0 1.0
office/seq-09/color/frame-000073.color.png office/seq-09/color/frame-000074.color.png 0.999985 0.00302168 -0.0046303 0.00955153 -0.00301861 0.999995 0.000671308 0.00166124 0.00463231 -0.000657325 0.999989 0.0124807 0.0 0.0 0.0 1.0
office/seq-09/color/frame-000074.color.png office/seq-09/color/frame-000075.color.png 0.999997 2.8489e-06 -0.00263555 0.00701377 -6.93937e-06 0.999999 -0.00155222 0.00358415 0.00263553 0.00155223 0.999995 0.0233988 0.0 0.0 0.0 1.0
office/seq-09/color/frame-000075.color.png office/seq-09/color/frame-000076.color.png 0.999998 0.00180369 -0.000881354 0.00283512 -0.0018001 0.99999 0.0040605 -0.00201869 0.000888672 -0.0040589 0.999991 0.0139067 0.0 0.0 0.0 1.0
office/seq-09/color/frame-000076.color.png office/seq-09/color/frame-000077.color.png 0.99999 0.00303674 -0.00322376 0.00562707 -0.00303543 0.999995 0.000409172 0.00208974 0.00322499 -0.000399386 0.999995 0.0129728 0.0 0.0 0.0 1.0
office/seq-09/color/frame-000077.color.png office/seq-09/color/frame-000078.color.png 0.999981 0.00249246 -0.00554286 0.00807628 -0.00248304 0.999995 0.00170595 -0.00166988 0.0055471 -0.00169216 0.999983 0.00975513 0.0 0.0 0.0 1.0
office/seq-09/color/frame-000078.color.png office/seq-09/color/frame-000079.color.png 0.999814 0.0153751 -0.0116749 0.00510296 -0.0152781 0.999848 0.00835984 -0.0033583 0.0118017 -0.00817991 0.999897 0.0247929 0.0 0.0 0.0 1.0
office/seq-09/color/frame-000079.color.png office/seq-09/color/frame-000080.color.png 0.999942 0.00879775 -0.00627081 0.00599998 -0.00877424 0.999955 0.0037654 -0.00277939 0.00630368 -0.00371016 0.999973 0.0150235 0.0 0.0 0.0 1.0
office/seq-09/color/frame-000080.color.png office/seq-09/color/frame-000081.color.png 0.999984 0.00273166 -0.00501993 0.000604957 -0.00272143 0.999994 0.00204297 -0.00283137 0.00502548 -0.00202928 0.999985 0.0091238 0.0 0.0 0.0 1.0
office/seq-09/color/frame-000081.color.png office/seq-09/color/frame-000082.color.png 0.999861 -0.00156503 -0.0166101 0.0187039 0.00157541 0.999999 0.000611928 -0.00581801 0.0166091 -0.000638013 0.999862 0.029291 0.0 0.0 0.0 1.0
office/seq-09/color/frame-000082.color.png office/seq-09/color/frame-000083.color.png 0.999986 -0.00316062 -0.00424272 -0.000112772 0.00315277 0.999993 -0.00185731 -0.00315851 0.00424858 0.0018439 0.999989 0.0117627 0.0 0.0 0.0 1.0
office/seq-09/color/frame-000083.color.png office/seq-09/color/frame-000084.color.png 0.99979 0.00246539 -0.020336 0.0226789 -0.00250084 0.999995 -0.00171762 -0.000323057 0.0203317 0.00176811 0.999792 0.00269783 0.0 0.0 0.0 1.0
office/seq-09/color/frame-000084.color.png office/seq-09/color/frame-000085.color.png 0.999779 0.0138318 -0.0158565 0.0135128 -0.0138359 0.999904 -0.000152636 0.0020383 0.0158529 0.000371997 0.999874 0.0288419 0.0 0.0 0.0 1.0
office/seq-09/color/frame-000085.color.png office/seq-09/color/frame-000086.color.png 0.999883 0.00297488 -0.0149733 0.0109922 -0.00295319 0.999995 0.00146993 -0.00571793 0.0149776 -0.00142554 0.999887 0.0267321 0.0 0.0 0.0 1.0
office/seq-09/color/frame-000086.color.png office/seq-09/color/frame-000087.color.png 0.999966 -0.000642547 -0.00820501 0.00435251 0.00065404 0.999999 0.00139871 -0.00368947 0.00820409 -0.00140404 0.999965 0.0139614 0.0 0.0 0.0 1.0
office/seq-09/color/frame-000087.color.png office/seq-09/color/frame-000088.color.png 0.999896 0.000173153 -0.0144269 0.0169861 -0.000160718 1.0 0.000863443 -0.00263232 0.014427 -0.000861035 0.999896 0.0167845 0.0 0.0 0.0 1.0
office/seq-09/color/frame-000088.color.png office/seq-09/color/frame-000089.color.png 0.999955 0.00313969 -0.00891808 0.00410742 -0.00314356 0.999995 -0.000420046 0.000963032 0.00891671 0.000448067 0.99996 0.0156356 0.0 0.0 0.0 1.0
office/seq-09/color/frame-000089.color.png office/seq-09/color/frame-000090.color.png 0.99974 0.00238412 -0.0226937 0.0186125 -0.00234555 0.999996 0.00172547 -0.0050509 0.0226977 -0.00167179 0.999741 0.0277886 0.0 0.0 0.0 1.0
office/seq-09/color/frame-000090.color.png office/seq-09/color/frame-000091.color.png 0.999951 0.00363737 -0.00923704 0.00396883 -0.00363288 0.999993 0.000503683 0.000900656 0.00923882 -0.000470098 0.999957 0.0118754 0.0 0.0 0.0 1.0
office/seq-09/color/frame-000091.color.png office/seq-09/color/frame-000092.color.png 0.999888 -0.00818603 -0.0125347 0.0104109 0.00832375 0.999905 0.0109747 -0.0277477 0.0124437 -0.0110778 0.999861 0.0107317 0.0 0.0 0.0 1.0
office/seq-09/color/frame-000092.color.png office/seq-09/color/frame-000093.color.png 0.999917 0.000920942 -0.0128536 0.0101506 -0.000906234 0.999999 0.00114995 -6.37174e-05 0.0128546 -0.00113821 0.999917 0.00792217 0.0 0.0 0.0 1.0
office/seq-09/color/frame-000093.color.png office/seq-09/color/frame-000094.color.png 0.99994 -0.00217102 -0.0106903 0.00915241 0.00220624 0.999992 0.00328348 -0.00763881 0.0106831 -0.00330687 0.999937 0.0135566 0.0 0.0 0.0 1.0
office/seq-09/color/frame-000094.color.png office/seq-09/color/frame-000095.color.png 0.999706 -0.00573608 -0.0235708 0.0109233 0.0059822 0.999928 0.0103846 -0.0252263 0.0235096 -0.0105226 0.999668 0.0218009 0.0 0.0 0.0 1.0
office/seq-09/color/frame-000095.color.png office/seq-09/color/frame-000096.color.png 0.9999 0.00964077 -0.0103013 -0.000206739 -0.00967255 0.999949 -0.00304055 0.00937031 0.0102714 0.00313988 0.999942 0.00920796 0.0 0.0 0.0 1.0
office/seq-09/color/frame-000096.color.png office/seq-09/color/frame-000097.color.png 0.999959 -0.00166865 -0.00884147 0.00308344 0.00167312 0.999999 0.000498624 -0.00448014 0.00884063 -0.000513397 0.999961 0.011294 0.0 0.0 0.0 1.0
office/seq-09/color/frame-000097.color.png office/seq-09/color/frame-000098.color.png 0.999968 -0.00131894 -0.00784827 0.00326228 0.00131507 0.999999 -0.000501568 -0.00067994 0.0078489 0.000491231 0.999969 0.0092572 0.0 0.0 0.0 1.0
office/seq-09/color/frame-000098.color.png office/seq-09/color/frame-000099.color.png 0.999995 0.00148862 -0.00290629 -0.00785252 -0.00149776 0.999994 -0.00314004 0.00553215 0.00290159 0.00314438 0.999991 0.0129645 0.0 0.0 0.0 1.0
office/seq-09/color/frame-000099.color.png office/seq-09/color/frame-000100.color.png 0.999988 -0.00481243 -0.000392891 -0.00694358 0.00481337 0.999985 0.0024389 -0.00649758 0.000381103 -0.00244076 0.999997 0.00786769 0.0 0.0 0.0 1.0
office/seq-09/color/frame-000100.color.png office/seq-09/color/frame-000101.color.png 0.99999 -0.00371844 -0.00258181 -0.00242528 0.0037268 0.999988 0.00323806 -0.00695689 0.00256976 -0.00324765 0.999991 0.0150988 0.0 0.0 0.0 1.0
office/seq-09/color/frame-000101.color.png office/seq-09/color/frame-000102.color.png 0.999998 -0.00163137 -0.00140628 -0.00853372 0.00163295 0.999998 0.00112594 -0.00440131 0.00140443 -0.00112823 0.999998 0.0128649 0.0 0.0 0.0 1.0
office/seq-09/color/frame-000102.color.png office/seq-09/color/frame-000103.color.png 0.999998 -8.06552e-06 0.00188234 -0.0123128 1.59353e-05 0.999991 -0.00418591 0.00861771 -0.00188224 0.00418593 0.99999 0.00921416 0.0 0.0 0.0 1.0
office/seq-09/color/frame-000103.color.png office/seq-09/color/frame-000104.color.png 0.999971 -0.000301902 0.00765029 -0.0235527 0.000327953 0.999994 -0.0034029 0.00564732 -0.0076492 0.00340531 0.999965 0.0139172 0.0 0.0 0.0 1.0
office/seq-09/color/frame-000104.color.png office/seq-09/color/frame-000105.color.png 0.999953 -0.00626423 0.00736056 -0.0209079 0.00624626 0.999977 0.00245962 -0.00664541 -0.00737582 -0.00241353 0.99997 0.0079931 0.0 0.0 0.0 1.0
office/seq-09/color/frame-000105.color.png office/seq-09/color/frame-000106.color.png 0.999956 -0.00564775 0.00752939 -0.0242302 0.00563456 0.999983 0.00177315 -0.00399388 -0.00753927 -0.00173065 0.99997 0.0256314 0.0 0.0 0.0 1.0
office/seq-09/color/frame-000106.color.png office/seq-09/color/frame-000107.color.png 0.999934 -0.00452313 0.0105041 -0.0238442 0.00452958 0.999989 -0.000590376 0.001131 -0.0105012 0.000637915 0.999945 0.00896537 0.0 0.0 0.0 1.0
office/seq-09/color/frame-000107.color.png office/seq-09/color/frame-000108.color.png 0.999893 -0.00718906 0.0127506 -0.0259489 0.00712509 0.999962 0.00505488 -0.0113162 -0.0127865 -0.00496349 0.999906 0.0109349 0.0 0.0 0.0 1.0
office/seq-09/color/frame-000108.color.png office/seq-09/color/frame-000109.color.png 0.999884 -0.0105993 0.0109682 -0.0236944 0.0105626 0.999938 0.00339679 -0.00722694 -0.0110035 -0.00328054 0.999934 0.0101101 0.0 0.0 0.0 1.0
office/seq-09/color/frame-000109.color.png office/seq-09/color/frame-000110.color.png 0.999797 -0.0151722 0.0132509 -0.0268565 0.0151713 0.999885 0.000171507 0.00297758 -0.013252 2.95628e-05 0.999912 0.0116017 0.0 0.0 0.0 1.0
office/seq-09/color/frame-000110.color.png office/seq-09/color/frame-000111.color.png 0.999764 -0.0164293 0.0142413 -0.0279072 0.0163518 0.999851 0.00554117 -0.0126044 -0.0143302 -0.00530699 0.999883 0.0146266 0.0 0.0 0.0 1.0
office/seq-09/color/frame-000111.color.png office/seq-09/color/frame-000112.color.png 0.999889 -0.0142692 0.00431067 -0.00843242 0.0142455 0.999883 0.00549076 -0.0150066 -0.00438852 -0.00542874 0.999976 0.0124035 0.0 0.0 0.0 1.0
office/seq-09/color/frame-000112.color.png office/seq-09/color/frame-000113.color.png 0.999969 -0.00184813 0.00765476 -0.0219673 0.00187465 0.999992 -0.00345751 0.00805242 -0.0076483 0.00347176 0.999965 0.00854945 0.0 0.0 0.0 1.0
office/seq-09/color/frame-000113.color.png office/seq-09/color/frame-000114.color.png 0.999711 -0.00645553 0.0231585 -0.0580022 0.00665639 0.999941 -0.00860753 0.01504 -0.0231016 0.00875919 0.999695 0.0106896 0.0 0.0 0.0 1.0
office/seq-09/color/frame-000114.color.png office/seq-09/color/frame-000115.color.png 0.999902 -0.00577677 0.0127381 -0.0265815 0.00580788 0.99998 -0.00240509 0.00659512 -0.012724 0.00247883 0.999916 0.007604 0.0 0.0 0.0 1.0
office/seq-09/color/frame-000115.color.png office/seq-09/color/frame-000116.color.png 0.99971 -0.0181388 0.0158253 -0.0296995 0.0180382 0.999816 0.00647434 -0.0133091 -0.0159398 -0.006187 0.999854 0.00866151 0.0 0.0 0.0 1.0
office/seq-09/color/frame-000116.color.png office/seq-09/color/frame-000117.color.png 0.999801 -0.0164124 0.0113574 -0.0224006 0.0163597 0.999855 0.00472351 -0.00925848 -0.0114333 -0.00453676 0.999924 0.00739276 0.0 0.0 0.0 1.0
office/seq-09/color/frame-000117.color.png office/seq-09/color/frame-000118.color.png 0.999965 -0.00535586 0.00637507 -0.0176816 0.00532175 0.999971 0.00535841 -0.011924 -0.00640359 -0.0053243 0.999965 0.0064069 0.0 0.0 0.0 1.0
office/seq-09/color/frame-000118.color.png office/seq-09/color/frame-000119.color.png 0.999996 -0.00061694 0.00259213 -0.0132181 0.000607044 0.999993 0.00381219 -0.00627562 -0.00259446 -0.0038106 0.999989 0.00969148 0.0 0.0 0.0 1.0
office/seq-09/color/frame-000119.color.png office/seq-09/color/frame-000120.color.png 0.999946 0.0085306 0.0058925 -0.0203425 -0.00853238 0.999964 0.000274996 0.00266281 -0.00588994 -0.000325259 0.999983 0.00319684 0.0 0.0 0.0 1.0
office/seq-09/color/frame-000120.color.png office/seq-09/color/frame-000121.color.png 0.99997 0.00473085 0.00619994 -0.0171907 -0.00473943 0.999988 0.00137186 -0.000931412 -0.00619338 -0.0014012 0.99998 0.00702596 0.0 0.0 0.0 1.0
office/seq-09/color/frame-000121.color.png office/seq-09/color/frame-000122.color.png 0.999832 -0.00795116 0.0165124 -0.042357 0.00787661 0.999959 0.00457519 -0.00382605 -0.0165481 -0.00444436 0.999853 0.00296414 0.0 0.0 0.0 1.0
office/seq-09/color/frame-000122.color.png office/seq-09/color/frame-000123.color.png 0.99997 -0.001537 0.00753094 -0.0185834 0.00149391 0.999983 0.00572276 -0.0124955 -0.00753961 -0.00571134 0.999955 0.0053581 0.0 0.0 0.0 1.0
office/seq-09/color/frame-000123.color.png office/seq-09/color/frame-000124.color.png 0.999937 0.00533798 0.00984786 -0.0329029 -0.00535617 0.999984 0.00182135 -0.002536 -0.00983798 -0.00187398 0.99995 -0.000217795 0.0 0.0 0.0 1.0
office/seq-09/color/frame-000124.color.png office/seq-09/color/frame-000125.color.png 0.999924 0.0104118 0.00661143 -0.023158 -0.010421 0.999945 0.00135918 -0.000268728 -0.00659691 -0.00142797 0.999977 0.00523007 0.0 0.0 0.0 1.0
office/seq-09/color/frame-000125.color.png office/seq-09/color/frame-000126.color.png 0.999918 0.00819865 0.00982623 -0.0270377 -0.00819669 0.999966 -0.00024083 0.0020808 -0.00982788 0.000160263 0.999952 0.000325918 0.0 0.0 0.0 1.0
office/seq-09/color/frame-000126.color.png office/seq-09/color/frame-000127.color.png 0.999868 0.00331468 0.0159126 -0.0377738 -0.00332001 0.999995 0.000308297 -0.000809997 -0.0159115 -0.000361086 0.999873 -0.00161362 0.0 0.0 0.0 1.0
office/seq-09/color/frame-000127.color.png office/seq-09/color/frame-000128.color.png 0.99984 -0.00752499 0.0162222 -0.0355477 0.00749178 0.99997 0.00210766 -0.00196642 -0.0162376 -0.00198579 0.999866 -0.00183845 0.0 0.0 0.0 1.0
office/seq-09/color/frame-000128.color.png office/seq-09/color/frame-000129.color.png 0.999865 -0.00655175 0.0150547 -0.0347181 0.00652127 0.999977 0.0020733 -0.00590476 -0.015068 -0.00197484 0.999885 -0.000448942 0.0 0.0 0.0 1.0
office/seq-09/color/frame-000129.color.png office/seq-09/color/frame-000130.color.png 0.999342 -0.00571709 0.0358093 -0.0783422 0.00578299 0.999982 -0.00173695 0.000846148 -0.0357987 0.00194289 0.999357 -0.00430393 0.0 0.0 0.0 1.0
office/seq-09/color/frame-000130.color.png office/seq-09/color/frame-000131.color.png 0.999949 0.000962167 0.0100346 -0.0240092 -0.000930965 0.999995 -0.00311283 0.00415123 -0.0100376 0.00310333 0.999945 -0.00137079 0.0 0.0 0.0 1.0
office/seq-09/color/frame-000131.color.png office/seq-09/color/frame-000132.color.png 0.999888 0.0041582 0.0144012 -0.0399129 -0.00411756 0.999987 -0.00284998 0.00246504 -0.0144129 0.00279037 0.999892 -0.00478864 0.0 0.0 0.0 1.0
office/seq-09/color/frame-000132.color.png office/seq-09/color/frame-000133.color.png 0.999907 -0.0011556 0.0135872 -0.0326852 0.00115752 0.999999 -0.00013516 -0.000701666 -0.0135871 0.000150874 0.999908 -0.00378895 0.0 0.0 0.0 1.0
office/seq-09/color/frame-000133.color.png office/seq-09/color/frame-000134.color.png 0.999724 -0.0107894 0.0208476 -0.0509989 0.0107733 0.999942 0.000884547 -0.00164089 -0.020856 -0.000659713 0.999782 -0.00810277 0.0 0.0 0.0 1.0
office/seq-09/color/frame-000134.color.png office/seq-09/color/frame-000135.color.png 0.999826 -0.00947149 0.0160431 -0.0370811 0.00950099 0.999953 -0.00176337 0.00379457 -0.0160257 0.00191548 0.99987 -0.00320828 0.0 0.0 0.0 1.0
office/seq-09/color/frame-000135.color.png office/seq-09/color/frame-000136.color.png 0.999897 0.000207101 0.0143641 -0.0339395 -0.000190337 0.999999 -0.00116968 0.00218537 -0.0143643 0.00116683 0.999896 -0.00557458 0.0 0.0 0.0 1.0
office/seq-09/color/frame-000136.color.png office/seq-09/color/frame-000137.color.png 0.999902 -0.00277563 0.0136907 -0.0314832 0.00274069 0.999993 0.00257107 -0.00738402 -0.0136977 -0.0025333 0.999903 -0.00500786 0.0 0.0 0.0 1.0
office/seq-09/color/frame-000137.color.png office/seq-09/color/frame-000138.color.png 0.999865 -0.00772036 0.0145277 -0.0319059 0.007735 0.99997 -0.00095109 0.00316979 -0.0145199 0.00106333 0.999894 -0.0041548 0.0 0.0 0.0 1.0
office/seq-09/color/frame-000138.color.png office/seq-09/color/frame-000139.color.png 0.999331 -0.018371 0.0316204 -0.0722902 0.0183595 0.999831 0.000654577 0.000993639 -0.0316271 -7.36039e-05 0.9995 -0.0189873 0.0 0.0 0.0 1.0
office/seq-09/color/frame-000139.color.png office/seq-09/color/frame-000140.color.png 0.999944 -0.0027058 0.0102015 -0.0226233 0.00270336 0.999996 0.000254838 -4.07249e-05 -0.0102022 -0.000227235 0.999948 -0.00596142 0.0 0.0 0.0 1.0
office/seq-09/color/frame-000140.color.png office/seq-09/color/frame-000141.color.png 0.999923 -0.00854488 0.00903131 -0.0210376 0.00848545 0.999942 0.00660019 -0.0161417 -0.0090873 -0.00652307 0.999937 -0.00523531 0.0 0.0 0.0 1.0
office/seq-09/color/frame-000141.color.png office/seq-09/color/frame-000142.color.png 0.999987 -0.00262924 0.00429132 -0.0171952 0.0026152 0.999991 0.00327652 -0.00178565 -0.00429991 -0.00326526 0.999985 -0.0058347 0.0 0.0 0.0 1.0
office/seq-09/color/frame-000142.color.png office/seq-09/color/frame-000143.color.png 0.99997 -0.00504047 0.00593624 -0.0195196 0.00503848 0.999987 0.000348324 0.00182588 -0.00593786 -0.000318381 0.999982 -0.0021137 0.0 0.0 0.0 1.0
office/seq-09/color/frame-000143.color.png office/seq-09/color/frame-000144.color.png 0.999996 0.0022676 0.00171727 -0.0101291 -0.00227257 0.999993 0.00289069 -0.00643449 -0.00171075 -0.0028946 0.999994 -0.00339758 0.0 0.0 0.0 1.0
office/seq-09/color/frame-000144.color.png office/seq-09/color/frame-000145.color.png 0.999968 0.00653057 0.00463204 -0.0192822 -0.00654422 0.999974 0.00293547 -0.00620729 -0.00461272 -0.00296569 0.999985 -0.00402164 0.0 0.0 0.0 1.0
office/seq-09/color/frame-000145.color.png office/seq-09/color/frame-000146.color.png 0.999997 0.00150695 0.00176432 -0.0106502 -0.0015108 0.999996 0.00218876 -0.00639234 -0.00176101 -0.00219142 0.999996 -0.00565434 0.0 0.0 0.0 1.0
office/seq-09/color/frame-000146.color.png office/seq-09/color/frame-000147.color.png 0.999633 0.00674586 -0.0262389 0.0442945 -0.00675223 0.999977 -0.000154434 0.00366352 0.0262373 0.000331559 0.999656 7.21216e-05 0.0 0.0 0.0 1.0
office/seq-09/color/frame-000147.color.png office/seq-09/color/frame-000148.color.png 0.999439 0.00680162 -0.0327991 0.0576078 -0.00668703 0.999971 0.00360172 -0.0134128 0.0328226 -0.00338037 0.999456 0.00177693 0.0 0.0 0.0 1.0
office/seq-09/color/frame-000148.color.png office/seq-09/color/frame-000149.color.png 0.999517 0.0058428 -0.0305143 0.0443329 -0.00603313 0.999963 -0.00614886 0.0085724 0.0304772 0.00632999 0.999515 0.00297225 0.0 0.0 0.0 1.0
office/seq-09/color/frame-000149.color.png office/seq-09/color/frame-000150.color.png 0.999441 0.0110148 -0.0315682 0.0391477 -0.0112114 0.999919 -0.00605866 0.00877479 0.0314989 0.00640919 0.999483 -0.000917673 0.0 0.0 0.0 1.0
office/seq-09/color/frame-000150.color.png office/seq-09/color/frame-000151.color.png 0.999707 0.00887046 -0.0225052 0.0183187 -0.00897845 0.999949 -0.00470318 0.000933915 0.0224623 0.00490388 0.999736 0.0073458 0.0 0.0 0.0 1.0
office/seq-09/color/frame-000151.color.png office/seq-09/color/frame-000152.color.png 0.99969 0.00836325 -0.0234386 0.0307723 -0.00848375 0.999951 -0.00504575 0.00384128 0.0233953 0.00524303 0.999713 0.00335598 0.0 0.0 0.0 1.0
office/seq-09/color/frame-000152.color.png office/seq-09/color/frame-000153.color.png 0.999965 0.00488202 -0.00684262 -0.0196806 -0.00494691 0.999943 -0.00950101 0.0162873 0.00679585 0.00953452 0.999932 -0.00183928 0.0 0.0 0.0 1.0
office/seq-09/color/frame-000153.color.png office/seq-09/color/frame-000154.color.png 0.999315 0.0137141 -0.0343713 0.030566 -0.0140985 0.99984 -0.0109654 0.0144638 0.0342154 0.0114424 0.999349 0.0107406 0.0 0.0 0.0 1.0
office/seq-09/color/frame-000154.color.png office/seq-09/color/frame-000155.color.png 0.999701 0.00874447 -0.0228349 0.0248995 -0.00880014 0.999959 -0.0023387 -0.00122128 0.0228134 0.00253895 0.999736 0.00891042 0.0 0.0 0.0 1.0
office/seq-09/color/frame-000155.color.png office/seq-09/color/frame-000156.color.png 0.999631 0.00884323 -0.025675 0.029297 -0.00893461 0.999954 -0.00344705 0.00272541 0.0256434 0.00367517 0.999664 0.00211763 0.0 0.0 0.0 1.0
office/seq-09/color/frame-000156.color.png office/seq-09/color/frame-000157.color.png 0.999439 0.0145327 -0.0301727 0.0328166 -0.0146583 0.999885 -0.0039446 -0.00110653 0.0301119 0.00438466 0.999537 0.0140594 0.0 0.0 0.0 1.0
office/seq-09/color/frame-000157.color.png office/seq-09/color/frame-000158.color.png 0.998035 0.0235049 -0.0580748 0.0660395 -0.0234724 0.999724 0.00124246 -0.0211451 0.058088 0.000123133 0.998311 0.0197937 0.0 0.0 0.0 1.0
office/seq-09/color/frame-000158.color.png office/seq-09/color/frame-000159.color.png 0.999439 0.0150702 -0.0299191 0.0280855 -0.0150783 0.999886 -4.52159e-05 -0.0103435 0.029915 0.000496319 0.999552 0.0268366 0.0 0.0 0.0 1.0
office/seq-09/color/frame-000159.color.png office/seq-09/color/frame-000160.color.png 0.999757 0.0109397 -0.0191182 0.0204605 -0.0110702 0.999916 -0.00673464 0.00588775 0.019043 0.00694465 0.999795 0.0164073 0.0 0.0 0.0 1.0
office/seq-09/color/frame-000160.color.png office/seq-09/color/frame-000161.color.png 0.999923 0.00250429 -0.0121671 0.0105539 -0.00256152 0.999986 -0.00469003 0.00461049 0.0121552 0.00472083 0.999915 -0.00118196 0.0 0.0 0.0 1.0
office/seq-09/color/frame-000161.color.png office/seq-09/color/frame-000162.color.png 0.999883 -0.00913435 -0.0123032 0.011251 0.00913806 0.999958 0.000245193 0.00025937 0.0123005 -0.000357591 0.999924 0.00514567 0.0 0.0 0.0 1.0
office/seq-09/color/frame-000162.color.png office/seq-09/color/frame-000163.color.png 0.999591 0.00677693 -0.0277821 0.0222104 -0.00679719 0.999977 -0.000634578 -0.00801519 0.0277771 0.000823159 0.999614 0.0245515 0.0 0.0 0.0 1.0
office/seq-09/color/frame-000163.color.png office/seq-09/color/frame-000164.color.png 0.999883 0.0138041 -0.00667514 -0.0145587 -0.0138128 0.999904 -0.00125364 -0.00513045 0.00665722 0.00134569 0.999977 0.0146624 0.0 0.0 0.0 1.0
office/seq-09/color/frame-000164.color.png office/seq-09/color/frame-000165.color.png 0.999908 0.00504767 -0.0125847 0.0151643 -0.00509198 0.999981 -0.00349129 0.00137968 0.0125668 0.00355505 0.999915 0.00900137 0.0 0.0 0.0 1.0
office/seq-09/color/frame-000165.color.png office/seq-09/color/frame-000166.color.png 0.999949 0.00179268 -0.00993191 0.00599632 -0.0017773 0.999997 0.0015568 -0.00901248 0.00993467 -0.00153907 0.99995 0.0112913 0.0 0.0 0.0 1.0
office/seq-09/color/frame-000166.color.png office/seq-09/color/frame-000167.color.png 0.999926 0.00410113 -0.0114839 0.0107414 -0.00411215 0.999991 -0.000936469 -0.000103265 0.0114799 0.000983621 0.999934 0.0103385 0.0 0.0 0.0 1.0
office/seq-09/color/frame-000167.color.png office/seq-09/color/frame-000168.color.png 0.99991 0.00253317 -0.0131923 0.00651512 -0.00252834 0.999997 0.000382535 -0.00631167 0.0131932 -0.000349142 0.999913 0.0185033 0.0 0.0 0.0 1.0
office/seq-09/color/frame-000168.color.png office/seq-09/color/frame-000169.color.png 0.999994 -0.00227034 0.00243607 -0.0268332 0.00227138 0.999997 -0.000428164 0.00210892 -0.00243505 0.000433695 0.999997 0.00490475 0.0 0.0 0.0 1.0
office/seq-09/color/frame-000169.color.png office/seq-09/color/frame-000170.color.png 0.999986 -0.00262593 -0.00453647 -0.00274497 0.00262974 0.999996 0.000833859 0.000586271 0.00453423 -0.00084578 0.999989 0.00840592 0.0 0.0 0.0 1.0
office/seq-09/color/frame-000170.color.png office/seq-09/color/frame-000171.color.png 0.99991 0.00334011 -0.0130275 0.0217235 -0.0033334 0.999994 0.000536131 -0.00552733 0.0130292 -0.000492651 0.999915 0.0196002 0.0 0.0 0.0 1.0
office/seq-09/color/frame-000171.color.png office/seq-09/color/frame-000172.color.png 0.999939 0.0041183 -0.0102444 0.00938767 -0.00415659 0.999984 -0.00372007 0.0028068 0.0102289 0.00376242 0.999941 0.0139077 0.0 0.0 0.0 1.0
office/seq-09/color/frame-000172.color.png office/seq-09/color/frame-000173.color.png 0.999842 0.00891816 -0.0153697 0.00800046 -0.00896075 0.999956 -0.00270401 -0.00173104 0.015345 0.00284131 0.999878 0.00936151 0.0 0.0 0.0 1.0
office/seq-09/color/frame-000173.color.png office/seq-09/color/frame-000174.color.png 0.999982 0.000350496 -0.0059569 0.00358304 -0.000326093 0.999992 0.00409679 -0.00748897 0.00595829 -0.00409477 0.999974 0.0129346 0.0 0.0 0.0 1.0
