redkitchen/seq-06/color/frame-000000.color.png redkitchen/seq-06/color/frame-000001.color.png 0.999993 -0.000439814 0.00375398 0.00228165 0.000448741 0.999997 -0.00237756 -0.000559529 -0.00375293 0.00237923 0.99999 0.00115252 0.0 0.0 0.0 1.0
redkitchen/seq-06/color/frame-000001.color.png redkitchen/seq-06/color/frame-000002.color.png 0.999984 -0.00275255 0.00490211 0.000875325 0.00276459 0.999993 -0.00245015 -0.00180283 -0.00489534 0.00246366 0.999985 0.00143785 0.0 0.0 0.0 1.0
redkitchen/seq-06/color/frame-000002.color.png redkitchen/seq-06/color/frame-000003.color.png 0.999983 -0.00338871 0.00472403 -0.00162719 0.00339736 0.999993 -0.00182303 -0.00260257 -0.00471781 0.00183905 0.999987 0.00121236 0.0 0.0 0.0 1.0
redkitchen/seq-06/color/frame-000003.color.png redkitchen/seq-06/color/frame-000004.color.png 0.999995 -0.000343545 0.0031547 -0.00182235 0.000347382 0.999999 -0.00121559 -0.00262258 -0.00315429 0.00121668 0.999994 0.000687154 0.0 0.0 0.0 1.0
redkitchen/seq-06/color/frame-000004.color.png redkitchen/seq-06/color/frame-000005.color.png 0.999999 0.000443809 0.00110226 0.0015968 -0.000441445 0.999998 -0.00214396 0.000511296 -0.0011032 0.00214347 0.999997 0.00195337 0.0 0.0 0.0 1.0
redkitchen/seq-06/color/frame-000005.color.png redkitchen/seq-06/color/frame-000006.color.png 0.999998 -0.00100101 0.00158633 0.0012136 0.00100284 0.999999 -0.00115387 -0.00254039 -0.00158518 0.00115546 0.999998 0.00410556 0.0 0.0 0.0 1.0
redkitchen/seq-06/color/frame-000006.color.png redkitchen/seq-06/color/frame-000007.color.png 0.999998 -0.00161543 0.000782859 0.00326922 0.0016166 0.999998 -0.00149831 -0.00356809 -0.000780438 0.00149957 0.999999 0.00189299 0.0 0.0 0.0 1.0
redkitchen/seq-06/color/frame-000007.color.png redkitchen/seq-06/color/frame-000008.color.png 0.999997 0.000588846 0.0022502 -0.000560291 -0.000587093 0.999999 -0.00077948 -0.00607485 -0.00225066 0.000778156 0.999997 0.00257773 0.0 0.0 0.0 1.0
redkitchen/seq-06/color/frame-000008.color.png redkitchen/seq-06/color/frame-000009.color.png 0.999999 0.00097185 0.000716083 0.00200715 -0.000969608 0.999995 -0.00312633 -0.00174051 -0.000719115 0.00312563 0.999995 0.00262226 0.0 0.0 0.0 1.0
redkitchen/seq-06/color/frame-000009.color.png redkitchen/seq-06/color/frame-000010.color.png 0.999999 0.00148838 0.000660213 0.00266686 -0.00148702 0.999997 -0.00204848 -0.00354699 -0.000663258 0.0020475 0.999998 0.00259251 0.0 0.0 0.0 1.0
redkitchen/seq-06/color/frame-000010.color.png redkitchen/seq-06/color/frame-000011.color.png 0.999994 0.00235827 0.00271095 0.00282524 -0.00235003 0.999993 -0.00303572 -0.00149048 -0.00271808 0.00302932 0.999992 0.00356932 0.0 0.0 0.0 1.0
redkitchen/seq-06/color/frame-000011.color.png redkitchen/seq-06/color/frame-000012.color.png 0.999984 0.00314452 0.00462708 0.00261892 -0.00313908 0.999994 -0.00118245 -0.00358197 -0.00463077 0.0011679 0.999989 0.00354183 0.0 0.0 0.0 1.0
redkitchen/seq-06/color/frame-000012.color.png redkitchen/seq-06/color/frame-000013.color.png 0.99999 0.000205029 0.00453589 0.0028171 -0.000202113 1.0 -0.000643336 -0.00395288 -0.00453602 0.000642413 0.99999 0.00288055 0.0 0.0 0.0 1.0
redkitchen/seq-06/color/frame-000013.color.png redkitchen/seq-06/color/frame-000014.color.png 0.999984 -0.00248371 0.00505693 -0.00292723 0.00248602 0.999997 -0.000450939 -0.00349132 -0.00505579 0.000463506 0.999987 0.00312998 0.0 0.0 0.0 1.0
redkitchen/seq-06/color/frame-000014.color.png redkitchen/seq-06/color/frame-000015.color.png 0.999999 -0.000677378 0.00131674 0.000465769 0.0006747 0.999998 0.00203339 -0.00567168 -0.00131813 -0.0020325 0.999997 0.00354856 0.0 0.0 0.0 1.0
redkitchen/seq-06/color/frame-000015.color.png redkitchen/seq-06/color/frame-000016.color.png 1.0 -0.000634289 -0.000532999 0.00245353 0.000635644 0.999996 0.00254662 -0.00699398 0.000531387 -0.00254696 0.999997 0.00562188 0.0 0.0 0.0 1.0
redkitchen/seq-06/color/frame-000016.color.png redkitchen/seq-06/color/frame-000017.color.png 0.999999 -0.00135568 -0.00102297 0.00310309 0.0013574 0.999998 0.00168092 -0.00467573 0.00102069 -0.00168231 0.999998 0.00439606 0.0 0.0 0.0 1.0
redkitchen/seq-06/color/frame-000017.color.png redkitchen/seq-06/color/frame-000018.color.png 0.999999 0.0012874 -0.00026534 0.00151106 -0.00128716 0.999999 0.000887686 -0.00138366 0.000266488 -0.000887349 1.0 0.00637296 0.0 0.0 0.0 1.0
redkitchen/seq-06/color/frame-000018.color.png redkitchen/seq-06/color/frame-000019.color.png 0.999996 -0.00126695 -0.00238274 0.00651387 0.00127439 0.999994 0.00312372 -0.00657943 0.00237877 -0.00312674 0.999992 0.00755978 0.0 0.0 0.0 1.0
redkitchen/seq-06/color/frame-000019.color.png redkitchen/seq-06/color/frame-000020.color.png 0.999992 -0.00389753 -0.00103208 0.00486875 0.0038993 0.999991 0.00171691 -0.00964765 0.00102538 -0.00172092 0.999998 0.00812866 0.0 0.0 0.0 1.0
redkitchen/seq-06/color/frame-000020.color.png redkitchen/seq-06/color/frame-000021.color.png 0.999998 -0.000580023 0.00185698 0.00543431 0.000585961 0.999995 -0.00319862 2.82452e-05 -0.00185513 0.0031997 0.999993 0.00830984 0.0 0.0 0.0 1.0
redkitchen/seq-06/color/frame-000021.color.png redkitchen/seq-06/color/frame-000022.color.png 0.999996 0.000512895 0.00269084 0.0111206 -0.000512658 1.0 -8.8009e-05 -0.00619096 -0.00269088 8.66296e-05 0.999996 0.0100709 0.0 0.0 0.0 1.0
redkitchen/seq-06/color/frame-000022.color.png redkitchen/seq-06/color/frame-000023.color.png 0.999968 -0.000547087 0.00794154 0.00239927 0.000549449 1.0 -0.000295493 -0.00785429 -0.00794137 0.000299842 0.999969 0.00520512 0.0 0.0 0.0 1.0
redkitchen/seq-06/color/frame-000023.color.png redkitchen/seq-06/color/frame-000024.color.png 0.999972 -0.00229768 0.00707556 0.00954119 0.00231111 0.999996 -0.00189074 -0.00795472 -0.00707119 0.00190705 0.999973 0.00871083 0.0 0.0 0.0 1.0
redkitchen/seq-06/color/frame-000024.color.png redkitchen/seq-06/color/frame-000025.color.png 0.999948 0.000198166 0.010161 0.00156116 -0.000189971 1.0 -0.000807164 -0.00735853 -0.0101611 0.000805192 0.999948 0.00659826 0.0 0.0 0.0 1.0
redkitchen/seq-06/color/frame-000025.color.png redkitchen/seq-06/color/frame-000026.color.png 0.999939 -0.00252124 0.0107763 -0.00296328 0.00251916 0.999997 0.000206723 -0.00989187 -0.0107767 -0.000179566 0.999942 0.00469461 0.0 0.0 0.0 1.0
redkitchen/seq-06/color/frame-000026.color.png redkitchen/seq-06/color/frame-000027.color.png 0.999976 -0.00402217 0.00568396 0.00189152 0.00404389 0.999985 -0.00381578 -0.00386087 -0.00566853 0.00383868 0.999977 0.0113946 0.0 0.0 0.0 1.0
redkitchen/seq-06/color/frame-000027.color.png redkitchen/seq-06/color/frame-000028.color.png 0.999994 -0.00315665 0.00126408 0.00135033 0.00315821 0.999994 -0.00122985 -0.00652885 -0.00126019 0.00123384 0.999999 0.00476708 0.0 0.0 0.0 1.0
redkitchen/seq-06/color/frame-000028.color.png redkitchen/seq-06/color/frame-000029.color.png 0.999997 -0.0015182 -0.00178483 0.00570425 0.0015157 0.999998 -0.00139884 -0.000601374 0.00178695 0.00139613 0.999997 0.00953715 0.0 0.0 0.0 1.0
redkitchen/seq-06/color/frame-000029.color.png redkitchen/seq-06/color/frame-000030.color.png 0.999998 -0.00163591 -0.00116221 0.0125481 0.00163844 0.999996 0.00218191 -0.00412995 0.00115865 -0.0021838 0.999997 0.00778499 0.0 0.0 0.0 1.0
redkitchen/seq-06/color/frame-000030.color.png redkitchen/seq-06/color/frame-000031.color.png 0.999992 -0.0032389 0.00211567 0.0110451 0.00322915 0.999984 0.00459797 -0.0057718 -0.00213052 -0.00459111 0.999987 0.00905697 0.0 0.0 0.0 1.0
redkitchen/seq-06/color/frame-000031.color.png redkitchen/seq-06/color/frame-000032.color.png 0.999989 -0.00316909 0.00354273 0.00762514 0.00315078 0.999982 0.00516088 -0.00710125 -0.00355902 -0.00514966 0.99998 0.010656 0.0 0.0 0.0 1.0
redkitchen/seq-06/color/frame-000032.color.png redkitchen/seq-06/color/frame-000033.color.png 0.999987 -0.00338595 0.00371033 0.00518396 0.00336507 0.999979 0.00561927 -0.00925492 -0.00372929 -0.00560672 0.999977 0.0106665 0.0 0.0 0.0 1.0
redkitchen/seq-06/color/frame-000033.color.png redkitchen/seq-06/color/frame-000034.color.png 0.999993 -0.00152282 0.00337108 0.00640348 0.00150209 0.99998 0.00614319 -0.0121938 -0.00338035 -0.00613808 0.999976 0.00867555 0.0 0.0 0.0 1.0
redkitchen/seq-06/color/frame-000034.color.png redkitchen/seq-06/color/frame-000035.color.png 1.0 0.000663995 -0.000346935 0.0104722 -0.000662783 0.999994 0.00347955 -0.00690925 0.000349245 -0.00347932 0.999994 0.00639723 0.0 0.0 0.0 1.0
redkitchen/seq-06/color/frame-000035.color.png redkitchen/seq-06/color/frame-000036.color.png 0.999998 -0.00120515 -0.00157407 0.010415 0.00120817 0.999997 0.00191956 -0.00420482 0.00157177 -0.00192146 0.999997 0.00926456 0.0 0.0 0.0 1.0
redkitchen/seq-06/color/frame-000036.color.png redkitchen/seq-06/color/frame-000037.color.png 0.999978 -0.00617104 -0.00241994 0.012564 0.00617661 0.999978 0.00230255 -0.00524123 0.00240567 -0.00231744 0.999994 0.00905149 0.0 0.0 0.0 1.0
redkitchen/seq-06/color/frame-000037.color.png redkitchen/seq-06/color/frame-000038.color.png 0.999993 -0.00359212 -0.000794787 0.0160705 0.00359457 0.999989 0.00312235 -0.00652191 0.000783568 -0.00312518 0.999995 0.00760491 0.0 0.0 0.0 1.0
redkitchen/seq-06/color/frame-000038.color.png redkitchen/seq-06/color/frame-000039.color.png 0.999996 -0.0012592 0.00243118 0.0161316 0.00125038 0.999992 0.00363585 -0.00455309 -0.00243575 -0.0036328 0.99999 0.0123637 0.0 0.0 0.0 1.0
redkitchen/seq-06/color/frame-000039.color.png redkitchen/seq-06/color/frame-000040.color.png 0.999974 -0.00413344 0.00588981 0.0096513 0.00410376 0.999979 0.00504065 -0.00524779 -0.00591051 -0.00501635 0.99997 0.00878559 0.0 0.0 0.0 1.0
redkitchen/seq-06/color/frame-000040.color.png redkitchen/seq-06/color/frame-000041.color.png 0.999977 -0.00570047 0.00374085 0.0140848 0.00567719 0.999965 0.00620826 -0.0105751 -0.00377612 -0.00618688 0.999974 0.00406763 0.0 0.0 0.0 1.0
redkitchen/seq-06/color/frame-000041.color.png redkitchen/seq-06/color/frame-000042.color.png 0.999978 0.000330696 0.00661059 0.0090972 -0.00036327 0.999988 0.0049237 -0.00531757 -0.00660887 -0.004926 0.999966 0.00619182 0.0 0.0 0.0 1.0
redkitchen/seq-06/color/frame-000042.color.png redkitchen/seq-06/color/frame-000043.color.png 1.0 -8.75816e-05 2.36616e-05 6.14375e-05 8.75942e-05 1.0 -7.56183e-05 0.000243142 -2.36668e-05 7.56291e-05 1.0 0.00021404 0.0 0.0 0.0 1.0
redkitchen/seq-06/color/frame-000043.color.png redkitchen/seq-06/color/frame-000044.color.png 0.999985 0.000614465 0.0054428 0.0116282 -0.000647561 0.999981 0.00607777 -0.00976042 -0.00543893 -0.00608121 0.999967 0.00674734 0.0 0.0 0.0 1.0
redkitchen/seq-06/color/frame-000044.color.png redkitchen/seq-06/color/frame-000045.color.png 0.999972 -0.000253933 0.00747288 0.0102131 0.000226013 0.999993 0.00373892 -0.00740579 -0.00747383 -0.00373714 0.999965 0.00921974 0.0 0.0 0.0 1.0
redkitchen/seq-06/color/frame-000045.color.png redkitchen/seq-06/color/frame-000046.color.png 0.999977 0.0032868 0.00588301 0.0184376 -0.00330744 0.999988 0.00350136 -0.000942573 -0.0058714 -0.00352074 0.999977 0.00571802 0.0 0.0 0.0 1.0
redkitchen/seq-06/color/frame-000046.color.png redkitchen/seq-06/color/frame-000047.color.png 0.999955 -0.00280019 0.00901916 0.0134856 0.00272868 0.999965 0.00793158 -0.00756089 -0.00904105 -0.00790661 0.999928 0.00147322 0.0 0.0 0.0 1.0
redkitchen/seq-06/color/frame-000047.color.png redkitchen/seq-06/color/frame-000048.color.png 0.999907 -0.00824251 0.010847 0.0138911 0.00810887 0.999891 0.0123067 -0.0181316 -0.0109473 -0.0122176 0.999866 0.00550613 0.0 0.0 0.0 1.0
redkitchen/seq-06/color/frame-000048.color.png redkitchen/seq-06/color/frame-000049.color.png 1.0 4.82427e-05 -2.57788e-05 0.000182331 -4.82295e-05 1.0 0.000154437 -0.000363305 2.58033e-05 -0.000154442 1.0 0.000331551 0.0 0.0 0.0 1.0
redkitchen/seq-06/color/frame-000049.color.png redkitchen/seq-06/color/frame-000050.color.png 0.999927 -0.00482768 0.0110534 0.011665 0.00477053 0.999975 0.00519109 -0.00758372 -0.0110782 -0.00513797 0.999925 0.0106847 0.0 0.0 0.0 1.0
redkitchen/seq-06/color/frame-000050.color.png redkitchen/seq-06/color/frame-000051.color.png 0.999888 -0.00468512 0.0141845 0.0111165 0.00459489 0.999969 0.00638569 -0.0120615 -0.014214 -0.00631981 0.999879 0.00615326 0.0 0.0 0.0 1.0
redkitchen/seq-06/color/frame-000051.color.png redkitchen/seq-06/color/frame-000052.color.png 0.999815 -0.008271 0.0173577 0.00442657 0.00815739 0.999945 0.00660614 -0.0187178 -0.0174114 -0.00646333 0.999828 0.0088532 0.0 0.0 0.0 1.0
redkitchen/seq-06/color/frame-000052.color.png redkitchen/seq-06/color/frame-000053.color.png 0.999839 -0.00647527 0.016728 0.00758755 0.00654322 0.999971 -0.00401184 -0.00204477 -0.0167016 0.00412064 0.999852 0.0196073 0.0 0.0 0.0 1.0
redkitchen/seq-06/color/frame-000053.color.png redkitchen/seq-06/color/frame-000054.color.png 0.999868 -0.00216313 0.0161214 0.00116044 0.00214357 0.999997 0.00123139 -0.00516218 -0.016124 -0.00119666 0.999869 0.0101251 0.0 0.0 0.0 1.0
redkitchen/seq-06/color/frame-000054.color.png redkitchen/seq-06/color/frame-000055.color.png 0.999903 -0.009998 0.00969525 0.00273097 0.00997173 0.999947 0.00275336 -0.011806 -0.00972225 -0.00265641 0.999949 0.00451374 0.0 0.0 0.0 1.0
redkitchen/seq-06/color/frame-000055.color.png redkitchen/seq-06/color/frame-000056.color.png 0.999899 -0.0135715 0.00424797 0.00972074 0.0135738 0.999908 -0.000501395 -0.0111312 -0.00424078 0.000559 0.999991 0.00879887 0.0 0.0 0.0 1.0
redkitchen/seq-06/color/frame-000056.color.png redkitchen/seq-06/color/frame-000057.color.png 0.999939 -0.00886462 0.00661349 0.00426784 0.00886018 0.99996 0.000702588 -0.00851998 -0.00661948 -0.000643952 0.999978 0.0101384 0.0 0.0 0.0 1.0
redkitchen/seq-06/color/frame-000057.color.png redkitchen/seq-06/color/frame-000058.color.png 0.999945 -0.00929755 0.00490652 0.00811496 0.00927855 0.999949 0.00388128 -0.015956 -0.00494234 -0.00383554 0.999981 0.00399017 0.0 0.0 0.0 1.0
redkitchen/seq-06/color/frame-000058.color.png redkitchen/seq-06/color/frame-000059.color.png 0.999909 -0.0130153 0.00341799 0.0111145 0.0130117 0.999915 0.00108445 -0.00958464 -0.00343181 -0.00103989 0.999994 0.00392032 0.0 0.0 0.0 1.0
redkitchen/seq-06/color/frame-000059.color.png redkitchen/seq-06/color/frame-000060.color.png 0.999933 -0.00873116 0.00755438 0.00412634 0.00870091 0.999954 0.00403016 -0.0101935 -0.00758924 -0.00396414 0.999963 0.0126037 0.0 0.0 0.0 1.0
redkitchen/seq-06/color/frame-000060.color.png redkitchen/seq-06/color/frame-000061.color.png 0.99992 -0.011137 0.00601805 0.0164384 0.0110897 0.999908 0.00782272 -0.021801 -0.00610459 -0.00775538 0.999951 0.00104192 0.0 0.0 0.0 1.0
redkitchen/seq-06/color/frame-000061.color.png redkitchen/seq-06/color/frame-000062.color.png 0.999776 -0.00611605 0.0202504 -0.00850686 0.0060242 0.999971 0.00459375 -0.00943926 -0.0202779 -0.00447073 0.999784 0.0164565 0.0 0.0 0.0 1.0
redkitchen/seq-06/color/frame-000062.color.png redkitchen/seq-06/color/frame-000063.color.png 0.99985 -0.00869393 0.0149527 -0.00380349 0.00863928 0.999956 0.00371466 -0.0108202 -0.0149844 -0.00358492 0.999881 0.0194196 0.0 0.0 0.0 1.0
redkitchen/seq-06/color/frame-000063.color.png redkitchen/seq-06/color/frame-000064.color.png 0.999953 -0.00812138 0.00527971 0.00836387 0.00810638 0.999963 0.00285623 -0.0121857 -0.00530273 -0.00281331 0.999982 0.00955519 0.0 0.0 0.0 1.0
redkitchen/seq-06/color/frame-000064.color.png redkitchen/seq-06/color/frame-000065.color.png 0.999942 -0.0107029 -0.000730373 0.0209917 0.0107048 0.999939 0.00277654 -0.0167059 0.000700607 -0.00278418 0.999996 0.00418621 0.0 0.0 0.0 1.0
redkitchen/seq-06/color/frame-000065.color.png redkitchen/seq-06/color/frame-000066.color.png 0.999944 -0.0079559 0.00702447 0.0058561 0.00793742 0.999965 0.00266046 -0.0118317 -0.00704539 -0.00260453 0.999972 0.0124315 0.0 0.0 0.0 1.0
redkitchen/seq-06/color/frame-000066.color.png redkitchen/seq-06/color/frame-000067.color.png 0.999936 -0.00644784 0.00933398 0.00065434 0.00643687 0.999978 0.00120973 -0.00767249 -0.00934168 -0.00114959 0.999956 0.0125211 0.0 0.0 0.0 1.0
redkitchen/seq-06/color/frame-000067.color.png redkitchen/seq-06/color/frame-000068.color.png 0.999938 -0.00915864 0.00627621 0.00661063 0.00914262 0.999955 0.00256583 -0.0122073 -0.00629931 -0.00250826 0.999977 0.0121609 0.0 0.0 0.0 1.0
redkitchen/seq-06/color/frame-000068.color.png redkitchen/seq-06/color/frame-000069.color.png 0.99992 -0.00923861 0.0086674 0.00183803 0.00920384 0.999949 0.00404581 -0.0145356 -0.00870439 -0.00396574 0.999954 0.0120316 0.0 0.0 0.0 1.0
redkitchen/seq-06/color/frame-000069.color.png redkitchen/seq-06/color/frame-000070.color.png 0.999937 -0.00644232 0.00919353 0.00182903 0.00641133 0.999974 0.00339437 -0.0107139 -0.00921511 -0.00333519 0.999952 0.01239 0.0 0.0 0.0 1.0
redkitchen/seq-06/color/frame-000070.color.png redkitchen/seq-06/color/frame-000071.color.png 0.999936 -0.00940275 0.0063557 0.00572628 0.00937796 0.999948 0.00391011 -0.0145225 -0.00639208 -0.00385023 0.999972 0.0121039 0.0 0.0 0.0 1.0
redkitchen/seq-06/color/frame-000071.color.png redkitchen/seq-06/color/frame-000072.color.png 0.999882 -0.0136411 0.00709802 0.00200272 0.0136272 0.999905 0.00200821 -0.0176568 -0.00712482 -0.00191128 0.999973 0.0169211 0.0 0.0 0.0 1.0
redkitchen/seq-06/color/frame-000072.color.png redkitchen/seq-06/color/frame-000073.color.png 0.999944 -0.00948954 0.00475948 0.00546157 0.00947763 0.999952 0.00251094 -0.0147091 -0.00478309 -0.00246573 0.999985 0.0114518 0.0 0.0 0.0 1.0
redkitchen/seq-06/color/frame-000073.color.png redkitchen/seq-06/color/frame-000074.color.png 0.999942 -0.00922359 0.00557991 0.0151772 0.00918835 0.999938 0.00631107 -0.024617 -0.00563769 -0.00625941 0.999965 0.00297636 0.0 0.0 0.0 1.0
redkitchen/seq-06/color/frame-000074.color.png redkitchen/seq-06/color/frame-000075.color.png 0.999838 -0.00846336 0.0158673 -0.00466478 0.00847456 0.999964 -0.000638739 -0.00731423 -0.0158614 0.000773099 0.999874 0.0231733 0.0 0.0 0.0 1.0
redkitchen/seq-06/color/frame-000075.color.png redkitchen/seq-06/color/frame-000076.color.png 0.999831 -0.0134965 0.0124656 -0.00301182 0.0135113 0.999908 -0.00110535 -0.0186703 -0.0124495 0.00127356 0.999922 0.0222019 0.0 0.0 0.0 1.0
redkitchen/seq-06/color/frame-000076.color.png redkitchen/seq-06/color/frame-000077.color.png 0.99991 -0.0116838 0.00663223 0.0018962 0.0116961 0.99993 -0.00180989 -0.012308 -0.00661059 0.00188733 0.999976 0.0135796 0.0 0.0 0.0 1.0
redkitchen/seq-06/color/frame-000077.color.png redkitchen/seq-06/color/frame-000078.color.png 0.999904 -0.0126508 0.00571136 0.00393635 0.0126508 0.99992 2.12582e-05 -0.0170826 -0.00571119 5.09525e-05 0.999984 0.013625 0.0 0.0 0.0 1.0
redkitchen/seq-06/color/frame-000078.color.png redkitchen/seq-06/color/frame-000079.color.png 0.999939 -0.00893233 0.00647291 0.0110139 0.00893124 0.99996 0.000201122 -0.0143381 -0.00647447 -0.000143319 0.999979 0.0153835 0.0 0.0 0.0 1.0
redkitchen/seq-06/color/frame-000079.color.png redkitchen/seq-06/color/frame-000080.color.png 0.999889 -0.00353126 0.0144738 -0.00084734 0.00350561 0.999992 0.00180155 -0.0142812 -0.0144801 -0.00175061 0.999894 0.0124716 0.0 0.0 0.0 1.0
redkitchen/seq-06/color/frame-000080.color.png redkitchen/seq-06/color/frame-000081.color.png 0.999893 -0.00801467 0.0122249 0.0012899 0.008022 0.999968 -0.000550231 -0.0102526 -0.01222 0.000648225 0.999925 0.0159936 0.0 0.0 0.0 1.0
redkitchen/seq-06/color/frame-000081.color.png redkitchen/seq-06/color/frame-000082.color.png 0.999902 -0.00893337 0.0107631 0.00130624 0.00896587 0.999955 -0.00297547 -0.00884876 -0.010736 0.00307174 0.999938 0.0163263 0.0 0.0 0.0 1.0
redkitchen/seq-06/color/frame-000082.color.png redkitchen/seq-06/color/frame-000083.color.png 0.999911 -0.00146158 0.0132762 -0.000130892 0.00152428 0.999988 -0.00471697 -0.00544578 -0.0132692 0.00473671 0.999901 0.0249808 0.0 0.0 0.0 1.0
redkitchen/seq-06/color/frame-000083.color.png redkitchen/seq-06/color/frame-000084.color.png 0.999949 0.000110706 0.0100786 0.00311756 -5.77199e-05 0.999986 -0.00525039 0.00137317 -0.010079 0.00524957 0.999936 0.0138058 0.0 0.0 0.0 1.0
redkitchen/seq-06/color/frame-000084.color.png redkitchen/seq-06/color/frame-000085.color.png 0.999968 -0.00381678 0.00702821 0.00413334 0.00382366 0.999992 -0.000970119 -0.00783727 -0.00702444 0.000996955 0.999975 0.0141004 0.0 0.0 0.0 1.0
redkitchen/seq-06/color/frame-000085.color.png redkitchen/seq-06/color/frame-000086.color.png 0.999988 -0.000870158 0.00486669 0.00748456 0.000867508 0.999999 0.00056019 -0.00789267 -0.00486714 -0.000555957 0.999988 0.0129035 0.0 0.0 0.0 1.0
redkitchen/seq-06/color/frame-000086.color.png redkitchen/seq-06/color/frame-000087.color.png 0.999996 0.00133883 0.00241329 0.0106046 -0.00134678 0.999994 0.00329182 -0.00713035 -0.00240894 -0.00329507 0.999992 0.00192332 0.0 0.0 0.0 1.0
redkitchen/seq-06/color/frame-000087.color.png redkitchen/seq-06/color/frame-000088.color.png 0.999979 -0.00156369 0.00621469 0.00800997 0.00154582 0.999995 0.00288327 -0.00801241 -0.00621909 -0.00287361 0.999977 0.00980413 0.0 0.0 0.0 1.0
redkitchen/seq-06/color/frame-000088.color.png redkitchen/seq-06/color/frame-000089.color.png 0.999963 -0.00253386 0.00819723 0.00412983 0.00253027 0.999997 0.000448238 -0.00887012 -0.0081983 -0.000427472 0.999966 0.0157779 0.0 0.0 0.0 1.0
redkitchen/seq-06/color/frame-000089.color.png redkitchen/seq-06/color/frame-000090.color.png 0.999971 -0.00176259 0.0073907 0.00234109 0.00178929 0.999992 -0.00360489 -0.0011934 -0.00738439 0.00361803 0.999966 0.0132927 0.0 0.0 0.0 1.0
redkitchen/seq-06/color/frame-000090.color.png redkitchen/seq-06/color/frame-000091.color.png 0.999986 -0.00147985 0.00516656 0.00600404 0.0015046 0.999987 -0.00478609 0.00181717 -0.00515938 0.00479381 0.999975 0.015908 0.0 0.0 0.0 1.0
redkitchen/seq-06/color/frame-000091.color.png redkitchen/seq-06/color/frame-000092.color.png 0.999999 5.25985e-05 0.00123119 0.0107651 -5.2438e-05 1.0 -0.000215039 -0.000995874 -0.00123114 0.000214993 0.999999 0.00631142 0.0 0.0 0.0 1.0
redkitchen/seq-06/color/frame-000092.color.png redkitchen/seq-06/color/frame-000093.color.png 0.999995 -0.00236998 0.00198146 0.0158088 0.00236931 0.999997 0.000422369 -0.00855124 -0.00198249 -0.000417654 0.999998 0.0107172 0.0 0.0 0.0 1.0
redkitchen/seq-06/color/frame-000093.color.png redkitchen/seq-06/color/frame-000094.color.png 0.99999 0.00256656 0.00359855 0.00969505 -0.00256307 0.999996 -0.000986606 0.000881076 -0.00360102 0.000977401 0.999993 0.00575334 0.0 0.0 0.0 1.0
redkitchen/seq-06/color/frame-000094.color.png redkitchen/seq-06/color/frame-000095.color.png 0.999994 0.000885038 0.00320466 0.0137944 -0.000890341 0.999998 0.00164017 -0.00399005 -0.00320322 -0.00164307 0.999993 0.0104254 0.0 0.0 0.0 1.0
redkitchen/seq-06/color/frame-000095.color.png redkitchen/seq-06/color/frame-000096.color.png 0.999997 0.00160257 0.00169703 0.0146831 -0.00160341 0.999999 0.000504175 -0.00196505 -0.00169631 -0.000506932 0.999998 0.0103136 0.0 0.0 0.0 1.0
redkitchen/seq-06/color/frame-000096.color.png redkitchen/seq-06/color/frame-000097.color.png 0.99999 0.00455995 0.000259716 0.0131348 -0.00455959 0.999989 -0.00110796 0.00302559 -0.000264651 0.00110687 0.999999 0.00534773 0.0 0.0 0.0 1.0
redkitchen/seq-06/color/frame-000097.color.png redkitchen/seq-06/color/frame-000098.color.png 0.999984 0.00561973 -0.000250189 0.016153 -0.00562005 0.999983 -0.001305 0.00543809 0.000242764 0.00130635 0.999999 0.00589216 0.0 0.0 0.0 1.0
redkitchen/seq-06/color/frame-000098.color.png redkitchen/seq-06/color/frame-000099.color.png 0.999966 0.00828113 -0.00050222 0.0181065 -0.0082814 0.999966 -0.000521345 0.00747359 0.000497829 0.000525501 1.0 0.00547874 0.0 0.0 0.0 1.0
redkitchen/seq-06/color/frame-000099.color.png redkitchen/seq-06/color/frame-000100.color.png 0.99998 0.00626219 -0.00107211 0.017585 -0.00626232 0.99998 -0.00013334 0.00279623 0.00107125 0.000140029 0.999999 0.00331891 0.0 0.0 0.0 1.0
redkitchen/seq-06/color/frame-000100.color.png redkitchen/seq-06/color/frame-000101.color.png 0.999983 0.00575707 -0.00136545 0.0176826 -0.00576108 0.999979 -0.00297826 0.0102137 0.00134828 0.00298609 0.999995 0.00590378 0.0 0.0 0.0 1.0
redkitchen/seq-06/color/frame-000101.color.png redkitchen/seq-06/color/frame-000102.color.png 0.999972 0.0072503 -0.001903 0.020371 -0.00724861 0.999973 0.000922843 0.00589496 0.00190964 -0.00090906 0.999998 0.000764966 0.0 0.0 0.0 1.0
redkitchen/seq-06/color/frame-000102.color.png redkitchen/seq-06/color/frame-000103.color.png 0.999881 0.0152909 -0.0020541 0.0418404 -0.0152804 0.999871 0.00498901 0.00751865 0.00213011 -0.00495696 0.999986 0.00420469 0.0 0.0 0.0 1.0
redkitchen/seq-06/color/frame-000103.color.png redkitchen/seq-06/color/frame-000104.color.png 0.999991 0.00421094 -0.000322764 0.0185779 -0.00421064 0.999991 0.000966776 0.00273395 0.000326835 -0.000965467 0.999999 0.00317264 0.0 0.0 0.0 1.0
redkitchen/seq-06/color/frame-000104.color.png redkitchen/seq-06/color/frame-000105.color.png 0.999987 0.00515769 0.000203699 0.0192915 -0.00515781 0.999987 0.000419601 -0.00277257 -0.000201454 -0.000420596 1.0 0.00405997 0.0 0.0 0.0 1.0
redkitchen/seq-06/color/frame-000105.color.png redkitchen/seq-06/color/frame-000106.color.png 0.999979 0.00633082 0.00115566 0.0143025 -0.00632344 0.99996 -0.00633348 0.0100265 -0.00119572 0.00632605 0.999979 0.00633371 0.0 0.0 0.0 1.0
redkitchen/seq-06/color/frame-000106.color.png redkitchen/seq-06/color/frame-000107.color.png 0.999976 0.00660621 -0.00199402 0.0190855 -0.00662009 0.999954 -0.00699095 0.0131494 0.00194777 0.00700399 0.999974 0.00265604 0.0 0.0 0.0 1.0
redkitchen/seq-06/color/frame-000107.color.png redkitchen/seq-06/color/frame-000108.color.png 0.999934 0.0111801 -0.00276425 0.0243514 -0.0111809 0.999937 -0.000341793 0.00998288 0.00276026 0.000372682 0.999996 -0.00281143 0.0 0.0 0.0 1.0
redkitchen/seq-06/color/frame-000108.color.png redkitchen/seq-06/color/frame-000109.color.png 0.999966 0.0081493 0.00116872 0.0205078 -0.00814982 0.999967 0.000449351 0.00131702 -0.00116508 -0.000458907 0.999999 0.000124156 0.0 0.0 0.0 1.0
redkitchen/seq-06/color/frame-000109.color.png redkitchen/seq-06/color/frame-000110.color.png 0.999946 0.00828163 0.00626366 0.0112696 -0.00824103 0.999945 -0.0064744 0.0121232 -0.00631682 0.00642248 0.99996 0.01329 0.0 0.0 0.0 1.0
redkitchen/seq-06/color/frame-000110.color.png redkitchen/seq-06/color/frame-000111.color.png 0.999929 0.0106348 0.00537915 0.00796568 -0.0105917 0.999912 -0.00800376 0.0181665 -0.00546386 0.00794617 0.999953 0.019031 0.0 0.0 0.0 1.0
redkitchen/seq-06/color/frame-000111.color.png redkitchen/seq-06/color/frame-000112.color.png 0.999922 0.0124169 -0.000829458 0.0139537 -0.0124207 0.999911 -0.00488657 0.0165547 0.000768556 0.00489651 0.999988 0.000554562 0.0 0.0 0.0 1.0
redkitchen/seq-06/color/frame-000112.color.png redkitchen/seq-06/color/frame-000113.color.png 0.999535 0.0301612 -0.00457624 0.0480857 -0.0302015 0.999503 -0.00899219 0.0359435 0.00430278 0.0091262 0.999949 0.00419641 0.0 0.0 0.0 1.0
redkitchen/seq-06/color/frame-000113.color.png redkitchen/seq-06/color/frame-000114.color.png 0.999867 0.0161092 0.00238951 0.0109519 -0.0160976 0.999859 -0.00479684 0.0207354 -0.00246639 0.00475774 0.999986 0.00898266 0.0 0.0 0.0 1.0
redkitchen/seq-06/color/frame-000114.color.png redkitchen/seq-06/color/frame-000115.color.png 0.999877 0.0156407 -0.00112223 0.0147026 -0.0156468 0.999861 -0.00566231 0.0234095 0.0010335 0.00567917 0.999983 0.00989264 0.0 0.0 0.0 1.0
redkitchen/seq-06/color/frame-000115.color.png redkitchen/seq-06/color/frame-000116.color.png 0.999916 0.0124716 -0.00362934 0.0155087 -0.0124912 0.999907 -0.00542355 0.013692 0.00356137 0.00546842 0.999979 0.00270909 0.0 0.0 0.0 1.0
redkitchen/seq-06/color/frame-000116.color.png redkitchen/seq-06/color/frame-000117.color.png 0.999854 0.0157729 -0.00654893 0.021888 -0.015816 0.999853 -0.00657787 0.020952 0.00644413 0.00668049 0.999957 -0.0059185 0.0 0.0 0.0 1.0
redkitchen/seq-06/color/frame-000117.color.png redkitchen/seq-06/color/frame-000118.color.png 0.999855 0.0159994 -0.00576015 0.0196729 -0.016027 0.99986 -0.00478716 0.0193397 0.00568278 0.00487879 0.999972 -0.00398654 0.0 0.0 0.0 1.0
redkitchen/seq-06/color/frame-000118.color.png redkitchen/seq-06/color/frame-000119.color.png 0.999893 0.0138299 -0.00477269 0.0192039 -0.0138569 0.999888 -0.00567701 0.0169719 0.00469362 0.00574253 0.999972 -0.00252461 0.0 0.0 0.0 1.0
redkitchen/seq-06/color/frame-000119.color.png redkitchen/seq-06/color/frame-000120.color.png 0.999885 0.0147224 -0.00372609 0.0145903 -0.014751 0.999861 -0.00775979 0.0220525 0.0036114 0.00781387 0.999963 0.00362289 0.0 0.0 0.0 1.0
redkitchen/seq-06/color/frame-000120.color.png redkitchen/seq-06/color/frame-000121.color.png 0.999884 0.0140304 -0.00600123 0.0168009 -0.0140788 0.999868 -0.00809465 0.0226225 0.00588679 0.00817821 0.999949 -0.00216532 0.0 0.0 0.0 1.0
redkitchen/seq-06/color/frame-000121.color.png redkitchen/seq-06/color/frame-000122.color.png 0.99953 0.0277003 -0.0131277 0.0362023 -0.0278806 0.999516 -0.0137572 0.0391468 0.0127404 0.0141167 0.999819 -0.00754291 0.0 0.0 0.0 1.0
redkitchen/seq-06/color/frame-000122.color.png redkitchen/seq-06/color/frame-000123.color.png 0.999909 0.0124673 -0.00515635 0.0142283 -0.0125189 0.999871 -0.0101014 0.0247028 0.00502978 0.0101651 0.999936 -4.83394e-05 0.0 0.0 0.0 1.0
redkitchen/seq-06/color/frame-000123.color.png redkitchen/seq-06/color/frame-000124.color.png 0.999884 0.0122739 -0.0090231 0.0168158 -0.0123524 0.999886 -0.00870403 0.0195607 0.00891525 0.00881448 0.999921 -0.0107914 0.0 0.0 0.0 1.0
redkitchen/seq-06/color/frame-000124.color.png redkitchen/seq-06/color/frame-000125.color.png 0.999839 0.0152367 -0.00943383 0.0165248 -0.015334 0.999829 -0.0103248 0.0298871 0.00927485 0.0104678 0.999902 -0.00566173 0.0 0.0 0.0 1.0
redkitchen/seq-06/color/frame-000125.color.png redkitchen/seq-06/color/frame-000126.color.png 0.999845 0.0131679 -0.0116738 0.0181934 -0.0132824 0.999864 -0.00978509 0.0246878 0.0115433 0.00993863 0.999884 -0.010565 0.0 0.0 0.0 1.0
redkitchen/seq-06/color/frame-000126.color.png redkitchen/seq-06/color/frame-000127.color.png 0.99946 0.0251254 -0.0211719 0.0323907 -0.0254915 0.999527 -0.0172019 0.0432601 0.0207297 0.0177323 0.999628 -0.0182566 0.0 0.0 0.0 1.0
redkitchen/seq-06/color/frame-000127.color.png redkitchen/seq-06/color/frame-000128.color.png 0.999902 0.00930437 -0.010421 0.0203243 -0.00935 0.999947 -0.00433859 0.00691003 0.0103801 0.00443562 0.999936 -0.014192 0.0 0.0 0.0 1.0
redkitchen/seq-06/color/frame-000128.color.png redkitchen/seq-06/color/frame-000129.color.png 0.999896 0.0118089 -0.0082384 0.00922966 -0.0118679 0.999904 -0.00714981 0.0202321 0.00815322 0.00724683 0.999941 -0.00621885 0.0 0.0 0.0 1.0
redkitchen/seq-06/color/frame-000129.color.png redkitchen/seq-06/color/frame-000130.color.png 0.999878 0.0118396 -0.0102186 0.0134004 -0.011887 0.999919 -0.0045945 0.0190739 0.0101633 0.00471541 0.999937 -0.011048 0.0 0.0 0.0 1.0
redkitchen/seq-06/color/frame-000130.color.png redkitchen/seq-06/color/frame-000131.color.png 0.999442 0.0297447 -0.0151646 0.0208223 -0.0297911 0.999552 -0.00284129 0.037828 0.0150732 0.00329148 0.999881 -0.0187868 0.0 0.0 0.0 1.0
redkitchen/seq-06/color/frame-000131.color.png redkitchen/seq-06/color/frame-000132.color.png 0.999909 0.0113427 -0.00736943 0.0123149 -0.0113326 0.999935 0.00140903 0.0101882 0.00738494 -0.00132539 0.999972 -0.0129296 0.0 0.0 0.0 1.0
redkitchen/seq-06/color/frame-000132.color.png redkitchen/seq-06/color/frame-000133.color.png 0.999917 0.0122549 -0.00398877 0.00530267 -0.012248 0.999923 0.00174094 0.0145708 0.00400977 -0.00169192 0.99999 -0.00360644 0.0 0.0 0.0 1.0
redkitchen/seq-06/color/frame-000133.color.png redkitchen/seq-06/color/frame-000134.color.png 0.999829 0.0161022 -0.00915057 0.00368321 -0.0160985 0.99987 0.000485435 0.0168599 0.00915725 -0.000338045 0.999958 -0.0121894 0.0 0.0 0.0 1.0
redkitchen/seq-06/color/frame-000134.color.png redkitchen/seq-06/color/frame-000135.color.png 0.999967 0.00670954 -0.00469517 -0.00341737 -0.00671576 0.999977 -0.00131015 0.00285059 0.00468624 0.00134162 0.999988 -0.00386727 0.0 0.0 0.0 1.0
redkitchen/seq-06/color/frame-000135.color.png redkitchen/seq-06/color/frame-000136.color.png 0.999886 0.0129099 -0.00779752 0.00725079 -0.0129756 0.99988 -0.00842676 0.042665 0.00768779 0.00852699 0.999934 0.000755906 0.0 0.0 0.0 1.0
redkitchen/seq-06/color/frame-000136.color.png redkitchen/seq-06/color/frame-000137.color.png 0.999941 0.00914605 -0.00589543 -0.00724697 -0.00912996 0.999955 0.00275273 0.00567812 0.00592037 -0.00269876 0.999979 -0.0106211 0.0 0.0 0.0 1.0
redkitchen/seq-06/color/frame-000137.color.png redkitchen/seq-06/color/frame-000138.color.png 0.999759 0.0162494 -0.0147554 0.00791967 -0.0161852 0.999859 0.004458 0.0070371 0.0148258 -0.00421807 0.999881 -0.0306221 0.0 0.0 0.0 1.0
redkitchen/seq-06/color/frame-000138.color.png redkitchen/seq-06/color/frame-000139.color.png 0.999919 0.0112033 -0.00607312 0.00967634 -0.011193 0.999936 0.00172196 0.0156289 0.006092 -0.00165384 0.99998 -0.00972706 0.0 0.0 0.0 1.0
redkitchen/seq-06/color/frame-000139.color.png redkitchen/seq-06/color/frame-000140.color.png 0.999949 0.0100305 -0.000875575 -0.0127423 -0.0100252 0.999933 0.005852 0.00524014 0.000934198 -0.00584292 0.999982 -0.00326914 0.0 0.0 0.0 1.0
redkitchen/seq-06/color/frame-000140.color.png redkitchen/seq-06/color/frame-000141.color.png 0.999757 0.0193617 -0.0105842 -0.00491154 -0.0193128 0.999802 0.00469994 0.0142548 0.0106731 -0.0044944 0.999933 -0.0134073 0.0 0.0 0.0 1.0
redkitchen/seq-06/color/frame-000141.color.png redkitchen/seq-06/color/frame-000142.color.png 0.999955 0.00653955 -0.00685278 0.00031805 -0.00653447 0.999978 0.000767106 0.00373864 0.00685767 -0.00072228 0.999976 -0.0165871 0.0 0.0 0.0 1.0
redkitchen/seq-06/color/frame-000142.color.png redkitchen/seq-06/color/frame-000143.color.png 0.999974 0.00574408 -0.00427885 -0.00494933 -0.00576156 0.999975 -0.00409472 0.0167515 0.00425519 0.00411924 0.999983 -0.0011645 0.0 0.0 0.0 1.0
redkitchen/seq-06/color/frame-000143.color.png redkitchen/seq-06/color/frame-000144.color.png 0.999982 0.00433803 -0.00421323 -0.0104979 -0.00433974 0.999991 -0.00039331 0.0034669 0.00421153 0.000411592 0.999991 -0.00424844 0.0 0.0 0.0 1.0
redkitchen/seq-06/color/frame-000144.color.png redkitchen/seq-06/color/frame-000145.color.png 0.999856 0.0110309 -0.0128579 -0.00405681 -0.0110166 0.999939 0.00118366 0.0107131 0.0128701 -0.00104182 0.999916 -0.0225857 0.0 0.0 0.0 1.0
redkitchen/seq-06/color/frame-000145.color.png redkitchen/seq-06/color/frame-000146.color.png 0.999978 0.00416944 -0.00510134 -0.00369263 -0.00417594 0.99999 -0.00125957 0.00310922 0.00509604 0.00128086 0.999986 -0.00637025 0.0 0.0 0.0 1.0
redkitchen/seq-06/color/frame-000146.color.png redkitchen/seq-06/color/frame-000147.color.png 0.99998 0.00378782 -0.00510995 -0.00419706 -0.00378952 0.999993 -0.000327802 0.00265217 0.00510864 0.000347154 0.999987 -0.00958872 0.0 0.0 0.0 1.0
redkitchen/seq-06/color/frame-000147.color.png redkitchen/seq-06/color/frame-000148.color.png 0.999986 0.00514109 -0.00125452 -0.0145227 -0.00514154 0.999987 -0.000363508 0.00504994 0.00125271 0.000369944 0.999999 -0.00369757 0.0 0.0 0.0 1.0
redkitchen/seq-06/color/frame-000148.color.png redkitchen/seq-06/color/frame-000149.color.png 0.999981 0.00479539 -0.00388453 -0.00511074 -0.0047952 0.999989 6.10057e-05 0.00220841 0.00388474 -4.23281e-05 0.999992 -0.00632071 0.0 0.0 0.0 1.0
redkitchen/seq-06/color/frame-000149.color.png redkitchen/seq-06/color/frame-000150.color.png 0.999984 0.005245 -0.00213527 -0.0111099 -0.00525224 0.99998 -0.00340837 0.0141289 0.00211738 0.00341946 0.999992 -0.00093174 0.0 0.0 0.0 1.0
redkitchen/seq-06/color/frame-000150.color.png redkitchen/seq-06/color/frame-000151.color.png 0.999965 0.00776772 -0.00326965 -0.0182112 -0.00777187 0.999969 -0.0012563 0.00983053 0.00325981 0.00128168 0.999994 -0.00609565 0.0 0.0 0.0 1.0
redkitchen/seq-06/color/frame-000151.color.png redkitchen/seq-06/color/frame-000152.color.png 0.999992 0.00344112 -0.00193497 -0.0108035 -0.00344022 0.999994 0.000468137 0.00459701 0.00193656 -0.000461451 0.999998 -0.00555468 0.0 0.0 0.0 1.0
redkitchen/seq-06/color/frame-000152.color.png redkitchen/seq-06/color/frame-000153.color.png 0.999983 0.00389087 -0.00433147 -0.000553489 -0.00388324 0.999991 0.00176414 0.000750482 0.00433829 -0.00174729 0.999989 -0.00846738 0.0 0.0 0.0 1.0
redkitchen/seq-06/color/frame-000153.color.png redkitchen/seq-06/color/frame-000154.color.png 0.999986 0.00475694 -0.00215017 -0.00614262 -0.00475528 0.999988 0.000775751 0.00432897 0.00215387 -0.000765541 0.999998 -0.0059042 0.0 0.0 0.0 1.0
redkitchen/seq-06/color/frame-000154.color.png redkitchen/seq-06/color/frame-000155.color.png 0.999979 0.00616469 -0.00206505 -0.00679493 -0.00616331 0.999981 0.000685719 0.00847644 0.00206924 -0.000672961 0.999998 -0.00634903 0.0 0.0 0.0 1.0
redkitchen/seq-06/color/frame-000155.color.png redkitchen/seq-06/color/frame-000156.color.png 0.999983 0.00587767 -0.000143065 -0.0101331 -0.00587738 0.99998 0.00214778 0.0043667 0.000155673 -0.00214697 0.999998 -0.00389814 0.0 0.0 0.0 1.0
redkitchen/seq-06/color/frame-000156.color.png redkitchen/seq-06/color/frame-000157.color.png 0.999936 0.0111344 -0.00210621 -0.0198851 -0.0111372 0.999937 -0.00132539 0.0106444 0.00209138 0.00134881 0.999997 -0.001831 0.0 0.0 0.0 1.0
redkitchen/seq-06/color/frame-000157.color.png redkitchen/seq-06/color/frame-000158.color.png 0.999991 0.00357907 -0.00234265 -0.0149349 -0.0035843 0.999991 -0.0022447 0.00669944 0.00233463 0.00225304 0.999995 -9.06587e-05 0.0 0.0 0.0 1.0
redkitchen/seq-06/color/frame-000158.color.png redkitchen/seq-06/color/frame-000159.color.png 0.999974 0.00606719 -0.00394825 -0.00635791 -0.00606859 0.999982 -0.000342612 0.0051899 0.00394598 0.000366601 0.999992 -0.00880879 0.0 0.0 0.0 1.0
redkitchen/seq-06/color/frame-000159.color.png redkitchen/seq-06/color/frame-000160.color.png 0.999983 0.00527801 -0.00256538 -0.00864083 -0.00528751 0.999979 -0.00369505 0.01205 0.00254587 0.00370854 0.99999 -0.000548184 0.0 0.0 0.0 1.0
redkitchen/seq-06/color/frame-000160.color.png redkitchen/seq-06/color/frame-000161.color.png 0.999959 0.00800299 -0.0043262 -0.00306332 -0.00801379 0.999965 -0.00249425 0.0150372 0.00430609 0.00252878 0.999987 -0.000139117 0.0 0.0 0.0 1.0
redkitchen/seq-06/color/frame-000161.color.png redkitchen/seq-06/color/frame-000162.color.png 0.999954 0.00838376 -0.00460538 -0.0057736 -0.00837407 0.999962 0.00213488 0.00388098 0.00462308 -0.00209622 0.999987 -0.0136307 0.0 0.0 0.0 1.0
redkitchen/seq-06/color/frame-000162.color.png redkitchen/seq-06/color/frame-000163.color.png 0.99994 0.0096623 -0.00520732 -0.000594497 -0.00965442 0.999952 0.0015255 0.00780988 0.00522178 -0.00147511 0.999985 -0.00637579 0.0 0.0 0.0 1.0
redkitchen/seq-06/color/frame-000163.color.png redkitchen/seq-06/color/frame-000164.color.png 0.999944 0.010111 -0.0031724 -0.00651485 -0.0100969 0.999939 0.0044215 -0.00248235 0.00321692 -0.00438922 0.999985 -0.00655824 0.0 0.0 0.0 1.0
redkitchen/seq-06/color/frame-000164.color.png redkitchen/seq-06/color/frame-000165.color.png 0.999944 0.00951741 -0.00473587 -0.00650561 -0.00952568 0.999953 -0.00173555 0.0123102 0.0047191 0.0017806 0.999987 -0.00522912 0.0 0.0 0.0 1.0
redkitchen/seq-06/color/frame-000165.color.png redkitchen/seq-06/color/frame-000166.color.png 0.999707 0.0145914 -0.019336 -0.000294089 -0.0146128 0.999893 -0.000964976 0.0101334 0.0193198 0.00124721 0.999813 -0.0200882 0.0 0.0 0.0 1.0
redkitchen/seq-06/color/frame-000166.color.png redkitchen/seq-06/color/frame-000167.color.png 0.999934 0.00913388 -0.00697982 -0.000451624 -0.00915422 0.999954 -0.00288699 0.0143355 0.00695314 0.00295072 0.999972 -0.0080781 0.0 0.0 0.0 1.0
redkitchen/seq-06/color/frame-000167.color.png redkitchen/seq-06/color/frame-000168.color.png 0.99995 0.00906524 -0.00418048 -0.00545156 -0.00906503 0.999959 6.83538e-05 0.0086773 0.00418094 -3.04815e-05 0.999991 -0.00454593 0.0 0.0 0.0 1.0
