office/seq-04/color/frame-000000.color.png office/seq-04/color/frame-000003.color.png 0.999986 0.00515567 0.000671999 0.00182238 -0.0051591 0.999973 0.00520589 -0.00108711 -0.000645141 -0.00520929 0.999986 0.00906927 0.0 0.0 0.0 1.0
office/seq-04/color/frame-000001.color.png office/seq-04/color/frame-000004.color.png 0.999962 0.00777048 0.00392492 0.000770079 -0.00780573 0.999929 0.00904628 -0.0017655 -0.00385434 -0.00907657 0.999951 0.00696767 0.0 0.0 0.0 1.0
office/seq-04/color/frame-000002.color.png office/seq-04/color/frame-000005.color.png 0.999968 0.00763916 0.00237874 0.00233032 -0.00766218 0.999922 0.0098247 -0.0137643 -0.0023035 -0.00984261 0.999949 0.0130278 0.0 0.0 0.0 1.0
office/seq-04/color/frame-000003.color.png office/seq-04/color/frame-000006.color.png 0.999964 0.00817312 0.00214204 -0.00218694 -0.00816544 0.99996 -0.00357098 -0.000168214 -0.00217114 0.00355337 0.999991 0.00658551 0.0 0.0 0.0 1.0
office/seq-04/color/frame-000004.color.png office/seq-04/color/frame-000007.color.png 0.999905 0.0103921 0.0090351 -0.00583951 -0.010452 0.999924 0.00661423 0.0043522 -0.00896568 -0.00670803 0.999937 0.00917059 0.0 0.0 0.0 1.0
office/seq-04/color/frame-000005.color.png office/seq-04/color/frame-000008.color.png 0.999932 0.00829317 0.00814113 -0.0107306 -0.00839644 0.999884 0.0127336 0.00197616 -0.00803458 -0.0128011 0.999886 0.0109345 0.0 0.0 0.0 1.0
office/seq-04/color/frame-000006.color.png office/seq-04/color/frame-000009.color.png 0.99995 0.00995271 -0.000451012 0.00104348 -0.00994076 0.999721 0.0214342 0.00142737 0.000664215 -0.0214287 0.99977 0.0154646 0.0 0.0 0.0 1.0
office/seq-04/color/frame-000007.color.png office/seq-04/color/frame-000010.color.png 0.999913 0.0121603 -0.00514727 -0.00134379 -0.0120598 0.999744 0.0191268 0.0032296 0.00537854 -0.019063 0.999804 0.0138534 0.0 0.0 0.0 1.0
office/seq-04/color/frame-000008.color.png office/seq-04/color/frame-000011.color.png 0.999915 0.0129991 -0.00038431 0.000575124 -0.0129823 0.999487 0.0292727 -0.00101757 0.000764632 -0.0292652 0.999571 0.0213321 0.0 0.0 0.0 1.0
office/seq-04/color/frame-000009.color.png office/seq-04/color/frame-000012.color.png 0.999926 0.0110342 0.00513797 -0.000868309 -0.0112075 0.999324 0.0350061 -0.0202709 -0.00474823 -0.0350611 0.999374 0.0255651 0.0 0.0 0.0 1.0
office/seq-04/color/frame-000010.color.png office/seq-04/color/frame-000013.color.png 0.999978 0.00102275 0.00653869 0.00162098 -0.00122202 0.999533 0.030544 -0.0269141 -0.00650439 -0.0305513 0.999512 0.030422 0.0 0.0 0.0 1.0
office/seq-04/color/frame-000011.color.png office/seq-04/color/frame-000014.color.png 0.99994 0.00600501 0.00911241 0.00608296 -0.00616003 0.999835 0.0170806 -0.0090641 -0.00900834 -0.0171357 0.999813 0.0280796 0.0 0.0 0.0 1.0
office/seq-04/color/frame-000012.color.png office/seq-04/color/frame-000015.color.png 0.99982 -0.00468539 0.018407 0.000754842 0.00438526 0.999857 0.0163111 -0.000163691 -0.0184808 -0.0162274 0.999698 0.0242993 0.0 0.0 0.0 1.0
office/seq-04/color/frame-000013.color.png office/seq-04/color/frame-000016.color.png 0.999732 -0.00840237 0.021579 0.00300584 0.00781393 0.999599 0.02721 -0.00527386 -0.021799 -0.0270341 0.999397 0.0257359 0.0 0.0 0.0 1.0
office/seq-04/color/frame-000014.color.png office/seq-04/color/frame-000017.color.png 0.999699 -0.0134051 0.0205602 0.00130697 0.0127335 0.999392 0.032456 -0.0175565 -0.0209828 -0.0321844 0.999262 0.0259536 0.0 0.0 0.0 1.0
office/seq-04/color/frame-000015.color.png office/seq-04/color/frame-000018.color.png 0.999684 -0.00703531 0.024146 -0.00351389 0.00622354 0.999418 0.0335314 -0.0395156 -0.0243679 -0.0333706 0.999146 0.036092 0.0 0.0 0.0 1.0
office/seq-04/color/frame-000016.color.png office/seq-04/color/frame-000019.color.png 0.999765 -0.00433792 0.0212471 0.00247875 0.00396009 0.999834 0.0177932 -0.0207323 -0.0213207 -0.0177048 0.999616 0.0317139 0.0 0.0 0.0 1.0
office/seq-04/color/frame-000017.color.png office/seq-04/color/frame-000020.color.png 0.999665 -0.00507928 0.0253736 -0.0069446 0.00474272 0.9999 0.0133067 -0.00329114 -0.0254387 -0.0131819 0.999589 0.0243988 0.0 0.0 0.0 1.0
office/seq-04/color/frame-000018.color.png office/seq-04/color/frame-000021.color.png 0.999776 -0.00975725 0.0188048 -0.00594025 0.00934933 0.999722 0.0216592 -0.0112605 -0.0190109 -0.0214786 0.999589 0.0223946 0.0 0.0 0.0 1.0
office/seq-04/color/frame-000019.color.png office/seq-04/color/frame-000022.color.png 0.999817 -0.00926629 0.0167466 -0.0103873 0.00884963 0.999654 0.0247858 -0.0170165 -0.0169705 -0.024633 0.999553 0.0263855 0.0 0.0 0.0 1.0
office/seq-04/color/frame-000020.color.png office/seq-04/color/frame-000023.color.png 0.999807 -0.00264835 0.0194742 -0.0100745 0.00185938 0.999181 0.0404212 -0.0434878 -0.0195653 -0.0403772 0.998993 0.0423265 0.0 0.0 0.0 1.0
office/seq-04/color/frame-000021.color.png office/seq-04/color/frame-000024.color.png 0.999823 0.00492996 0.0181631 -0.011713 -0.00550396 0.999483 0.0316899 -0.0294045 -0.0179974 -0.0317842 0.999333 0.035955 0.0 0.0 0.0 1.0
office/seq-04/color/frame-000022.color.png office/seq-04/color/frame-000025.color.png 0.999821 0.0100953 0.0160065 -0.00924254 -0.0106322 0.999371 0.0338209 -0.0248283 -0.0156551 -0.0339851 0.9993 0.0284209 0.0 0.0 0.0 1.0
office/seq-04/color/frame-000023.color.png office/seq-04/color/frame-000026.color.png 0.999925 0.00659474 0.0103629 -0.00765763 -0.00690828 0.99951 0.0305179 -0.0194481 -0.0101565 -0.0305872 0.99948 0.0240553 0.0 0.0 0.0 1.0
office/seq-04/color/frame-000024.color.png office/seq-04/color/frame-000027.color.png 0.999941 0.00235924 0.0106473 -0.0102991 -0.00278524 0.999189 0.0401745 -0.0401471 -0.0105439 -0.0402018 0.999136 0.0308332 0.0 0.0 0.0 1.0
office/seq-04/color/frame-000025.color.png office/seq-04/color/frame-000028.color.png 0.999963 -0.00250249 0.00817374 -0.0156862 0.00223161 0.999454 0.0329825 -0.0397139 -0.00825182 -0.032963 0.999423 0.0336708 0.0 0.0 0.0 1.0
office/seq-04/color/frame-000026.color.png office/seq-04/color/frame-000029.color.png 0.999999 -0.00175376 1.7983e-05 -0.00884403 0.00175294 0.999757 0.0219735 -0.0276361 -5.65084e-05 -0.0219734 0.999759 0.0303185 0.0 0.0 0.0 1.0
office/seq-04/color/frame-000027.color.png office/seq-04/color/frame-000030.color.png 0.999985 -0.001721 -0.00517063 -0.00257423 0.00187273 0.999563 0.0294852 -0.0347646 0.0051176 -0.0294944 0.999552 0.0365413 0.0 0.0 0.0 1.0
office/seq-04/color/frame-000028.color.png office/seq-04/color/frame-000031.color.png 0.999995 -0.000917491 -0.00290104 -0.00151295 0.00101077 0.999477 0.032318 -0.0440166 0.00286987 -0.0323207 0.999473 0.0413752 0.0 0.0 0.0 1.0
office/seq-04/color/frame-000029.color.png office/seq-04/color/frame-000032.color.png 0.999994 -0.00341718 -0.000747146 -0.00500029 0.00343826 0.999534 0.0303205 -0.0523908 0.000643179 -0.0303229 0.99954 0.0399981 0.0 0.0 0.0 1.0
office/seq-04/color/frame-000030.color.png office/seq-04/color/frame-000033.color.png 0.999999 0.000212033 -0.00117169 0.00168751 -0.00019761 0.999925 0.0122853 -0.0294889 0.00117423 -0.012285 0.999924 0.027705 0.0 0.0 0.0 1.0
office/seq-04/color/frame-000031.color.png office/seq-04/color/frame-000034.color.png 0.999981 0.00227775 0.00572211 -0.00915533 -0.00236038 0.999892 0.0144765 -0.0392605 -0.00568851 -0.0144898 0.999879 0.0277778 0.0 0.0 0.0 1.0
office/seq-04/color/frame-000032.color.png office/seq-04/color/frame-000035.color.png 0.999946 -0.0071064 0.00758396 -0.00416852 0.00707038 0.999964 0.00476686 -0.025506 -0.00761755 -0.00471292 0.99996 0.0242514 0.0 0.0 0.0 1.0
office/seq-04/color/frame-000033.color.png office/seq-04/color/frame-000036.color.png 0.999877 -0.0118659 0.0102408 -0.010577 0.0118261 0.999922 0.00393596 -0.0306225 -0.0102867 -0.00381442 0.99994 0.0248467 0.0 0.0 0.0 1.0
office/seq-04/color/frame-000034.color.png office/seq-04/color/frame-000037.color.png 0.999699 -0.0219226 0.0109811 -0.00199106 0.0219479 0.999757 -0.00218933 -0.0270903 -0.0109304 0.0024297 0.999937 0.0313092 0.0 0.0 0.0 1.0
office/seq-04/color/frame-000035.color.png office/seq-04/color/frame-000038.color.png 0.99981 -0.0188335 0.00497935 0.00577625 0.0188318 0.999823 0.000386978 -0.0389024 -0.00498575 -0.000293156 0.999987 0.0342473 0.0 0.0 0.0 1.0
office/seq-04/color/frame-000036.color.png office/seq-04/color/frame-000039.color.png 0.999904 -0.0130662 0.00457172 0.00398785 0.0131061 0.999875 -0.00880321 -0.0200895 -0.00445612 0.00886234 0.999951 0.0307072 0.0 0.0 0.0 1.0
office/seq-04/color/frame-000037.color.png office/seq-04/color/frame-000040.color.png 0.999991 -0.00402685 -0.000900143 0.00739148 0.00402047 0.999968 -0.0069848 -0.0147017 0.000928218 0.0069811 0.999975 0.0213349 0.0 0.0 0.0 1.0
office/seq-04/color/frame-000038.color.png office/seq-04/color/frame-000041.color.png 0.999993 -0.00159353 -0.00351068 0.0134963 0.00156172 0.999958 -0.00904566 -0.000736877 0.00352493 0.0090401 0.999953 0.0206099 0.0 0.0 0.0 1.0
office/seq-04/color/frame-000039.color.png office/seq-04/color/frame-000042.color.png 0.999997 -0.00221374 0.000456204 0.00980641 0.00221411 0.999997 -0.000804679 -0.0112901 -0.000454424 0.000805709 1.0 0.0210071 0.0 0.0 0.0 1.0
office/seq-04/color/frame-000040.color.png office/seq-04/color/frame-000043.color.png 0.999998 -0.00156553 0.00148631 0.0093169 0.00156408 0.999998 0.000981282 -0.0138576 -0.00148782 -0.000978963 0.999998 0.0254213 0.0 0.0 0.0 1.0
office/seq-04/color/frame-000041.color.png office/seq-04/color/frame-000044.color.png 0.999986 0.00222051 0.00471321 0.00486633 -0.00223252 0.999994 0.0025431 -0.0291126 -0.00470753 -0.00255361 0.999986 0.028974 0.0 0.0 0.0 1.0
office/seq-04/color/frame-000042.color.png office/seq-04/color/frame-000045.color.png 0.999986 0.00250726 0.00459099 0.0214217 -0.00250839 0.999997 0.000242272 -0.0191111 -0.00459037 -0.000253814 0.999989 0.0317164 0.0 0.0 0.0 1.0
office/seq-04/color/frame-000043.color.png office/seq-04/color/frame-000046.color.png 0.999949 0.00228979 0.00983887 0.0171019 -0.00228679 0.999997 -0.000316755 -0.00931875 -0.00983957 0.000294257 0.999952 0.0264117 0.0 0.0 0.0 1.0
office/seq-04/color/frame-000044.color.png office/seq-04/color/frame-000047.color.png 0.999912 -0.000526913 0.0132316 0.0212883 0.000450731 0.999983 0.00575967 -0.00293398 -0.0132345 -0.0057532 0.999896 0.0213092 0.0 0.0 0.0 1.0
office/seq-04/color/frame-000045.color.png office/seq-04/color/frame-000048.color.png 0.999936 -0.00461806 0.0103406 0.0283494 0.00447016 0.999888 0.0142795 -0.0348845 -0.0104054 -0.0142323 0.999845 0.0245988 0.0 0.0 0.0 1.0
office/seq-04/color/frame-000046.color.png office/seq-04/color/frame-000049.color.png 0.999871 -0.00902951 0.0132997 0.0227641 0.0089179 0.999925 0.00842799 -0.0414539 -0.0133748 -0.00830829 0.999876 0.0257486 0.0 0.0 0.0 1.0
office/seq-04/color/frame-000047.color.png office/seq-04/color/frame-000050.color.png 0.999809 -0.00739448 0.0180891 0.0104867 0.00762906 0.999887 -0.0129332 -0.00232351 -0.0179914 0.0130687 0.999753 0.024877 0.0 0.0 0.0 1.0
office/seq-04/color/frame-000048.color.png office/seq-04/color/frame-000051.color.png 0.999518 -0.0166976 0.0261837 -0.00456562 0.0171275 0.999721 -0.0162836 0.00145072 -0.0259045 0.0167242 0.999524 0.0213584 0.0 0.0 0.0 1.0
office/seq-04/color/frame-000049.color.png office/seq-04/color/frame-000052.color.png 0.99941 -0.0256153 0.0228734 0.00535124 0.0258891 0.999596 -0.0117543 -0.00693807 -0.022563 0.0123395 0.999669 0.0224957 0.0 0.0 0.0 1.0
office/seq-04/color/frame-000050.color.png office/seq-04/color/frame-000053.color.png 0.99956 -0.0204106 0.021501 0.00868754 0.0206631 0.999719 -0.0115878 -0.00907469 -0.0212585 0.0120269 0.999702 0.0191196 0.0 0.0 0.0 1.0
office/seq-04/color/frame-000051.color.png office/seq-04/color/frame-000054.color.png 0.999493 -0.0222952 0.0227191 0.0216008 0.0227664 0.999527 -0.0206992 0.00295609 -0.0222469 0.0212059 0.999527 0.0233797 0.0 0.0 0.0 1.0
office/seq-04/color/frame-000052.color.png office/seq-04/color/frame-000055.color.png 0.99951 -0.0113875 0.0291656 0.0207496 0.011816 0.999824 -0.0145637 0.0134527 -0.0289946 0.0149012 0.999468 0.0154432 0.0 0.0 0.0 1.0
office/seq-04/color/frame-000053.color.png office/seq-04/color/frame-000056.color.png 0.998946 -0.0302081 0.034567 0.012461 0.0297823 0.999475 0.0127673 -0.0433312 -0.0349345 -0.0117244 0.999321 0.0265855 0.0 0.0 0.0 1.0
office/seq-04/color/frame-000054.color.png office/seq-04/color/frame-000057.color.png 0.999535 -0.0205706 0.0224902 0.0100744 0.0200489 0.99953 0.0231837 -0.0486387 -0.0229565 -0.022722 0.999478 0.0234479 0.0 0.0 0.0 1.0
office/seq-04/color/frame-000055.color.png office/seq-04/color/frame-000058.color.png 0.999817 -0.00563888 0.0182706 0.0023159 0.00541214 0.999908 0.0124367 -0.0251968 -0.0183391 -0.0123355 0.999756 0.0172898 0.0 0.0 0.0 1.0
office/seq-04/color/frame-000056.color.png office/seq-04/color/frame-000059.color.png 0.999847 -0.00527495 0.0166999 0.00639678 0.00522107 0.999981 0.00326896 -0.00526065 -0.0167169 -0.00318127 0.999855 0.0191233 0.0 0.0 0.0 1.0
office/seq-04/color/frame-000057.color.png office/seq-04/color/frame-000060.color.png 0.999828 -0.00961741 0.0158404 0.00447807 0.00962139 0.999954 -0.000175127 -0.00306803 -0.015838 0.000327489 0.999875 0.0256832 0.0 0.0 0.0 1.0
office/seq-04/color/frame-000058.color.png office/seq-04/color/frame-000061.color.png 0.99979 -0.0168468 0.0117025 0.00353535 0.0168951 0.999849 -0.00403846 -0.00312653 -0.0116326 0.00423536 0.999923 0.0176112 0.0 0.0 0.0 1.0
office/seq-04/color/frame-000059.color.png office/seq-04/color/frame-000062.color.png 0.999877 -0.0139588 0.00712469 0.0135884 0.0139601 0.999903 -0.00013768 -0.000418693 -0.00712208 0.000237136 0.999975 0.0142989 0.0 0.0 0.0 1.0
office/seq-04/color/frame-000060.color.png office/seq-04/color/frame-000063.color.png 0.999922 -0.00844482 0.00917618 0.0120157 0.00839187 0.999948 0.00579633 -0.00200516 -0.00922464 -0.00571883 0.999941 0.0118029 0.0 0.0 0.0 1.0
office/seq-04/color/frame-000061.color.png office/seq-04/color/frame-000064.color.png 0.999904 -0.00855127 0.0108707 0.0140635 0.00848587 0.999946 0.00604869 -0.00950751 -0.0109218 -0.00595589 0.999923 0.0290592 0.0 0.0 0.0 1.0
office/seq-04/color/frame-000062.color.png office/seq-04/color/frame-000065.color.png 0.999996 -0.0015332 0.0025397 0.025655 0.00153236 0.999999 0.000328913 -0.0126944 -0.0025402 -0.000325042 0.999997 0.0308305 0.0 0.0 0.0 1.0
office/seq-04/color/frame-000063.color.png office/seq-04/color/frame-000066.color.png 0.999958 0.00470822 0.00788247 0.0105995 -0.00464223 0.999954 -0.00837013 0.00356492 -0.00792152 0.00833318 0.999934 0.0241193 0.0 0.0 0.0 1.0
office/seq-04/color/frame-000064.color.png office/seq-04/color/frame-000067.color.png 0.999959 -0.00250646 0.00874417 0.00810261 0.00256965 0.999971 -0.00722659 0.00352463 -0.00872577 0.00724878 0.999936 0.0248094 0.0 0.0 0.0 1.0
office/seq-04/color/frame-000065.color.png office/seq-04/color/frame-000068.color.png 0.999945 -0.00716231 0.00772403 0.00773293 0.00717116 0.999974 -0.00112128 -0.00983706 -0.00771577 0.00117663 0.99997 0.0251386 0.0 0.0 0.0 1.0
office/seq-04/color/frame-000066.color.png office/seq-04/color/frame-000069.color.png 0.999953 -0.0096848 -0.000621349 0.0231084 0.00968692 0.999947 0.00352742 -0.0195244 0.000587112 -0.00353331 0.999994 0.0237916 0.0 0.0 0.0 1.0
office/seq-04/color/frame-000067.color.png office/seq-04/color/frame-000070.color.png 0.999967 -0.00310093 -0.00751705 0.0408863 0.00317389 0.999948 0.00971146 -0.0220985 0.00748649 -0.00973501 0.999924 0.0191937 0.0 0.0 0.0 1.0
office/seq-04/color/frame-000068.color.png office/seq-04/color/frame-000071.color.png 0.999997 0.00120806 0.00220263 0.0168301 -0.00122277 0.999977 0.00670047 -0.00675768 -0.00219452 -0.00670316 0.999975 0.0183116 0.0 0.0 0.0 1.0
office/seq-04/color/frame-000069.color.png office/seq-04/color/frame-000072.color.png 0.999983 -0.0021019 0.00546658 0.0131475 0.00205149 0.999955 0.00920936 -0.0127097 -0.00548569 -0.00919797 0.999943 0.0292848 0.0 0.0 0.0 1.0
office/seq-04/color/frame-000070.color.png office/seq-04/color/frame-000073.color.png 0.99993 -0.00645457 0.00991949 0.00150351 0.00636981 0.999943 0.00854893 -0.0233646 -0.00997404 -0.00848523 0.999914 0.0338667 0.0 0.0 0.0 1.0
office/seq-04/color/frame-000071.color.png office/seq-04/color/frame-000074.color.png 0.999977 -0.00104882 0.00663558 0.011172 0.0010478 0.999999 0.00016021 -0.00977379 -0.00663579 -0.000153215 0.999978 0.0352736 0.0 0.0 0.0 1.0
office/seq-04/color/frame-000072.color.png office/seq-04/color/frame-000075.color.png 0.99998 -0.00223855 0.00592532 0.0120483 0.00223357 0.999997 0.000849306 -0.0155849 -0.0059272 -0.000836037 0.999982 0.0279706 0.0 0.0 0.0 1.0
office/seq-04/color/frame-000073.color.png office/seq-04/color/frame-000076.color.png 0.999982 -0.000396436 0.00596779 0.0131737 0.000412987 0.999996 -0.00276769 -0.0068396 -0.00596673 0.00277018 0.999978 0.0342668 0.0 0.0 0.0 1.0
office/seq-04/color/frame-000074.color.png office/seq-04/color/frame-000077.color.png 0.999933 -0.00180134 0.0114461 0.000511736 0.00187155 0.999979 -0.00612635 -0.00422379 -0.0114348 0.00614736 0.999916 0.0363659 0.0 0.0 0.0 1.0
office/seq-04/color/frame-000075.color.png office/seq-04/color/frame-000078.color.png 0.999938 -0.00239557 0.0108944 0.00230542 0.002481 0.999966 -0.00783757 -0.00798443 -0.0108752 0.00786409 0.99991 0.0406874 0.0 0.0 0.0 1.0
office/seq-04/color/frame-000076.color.png office/seq-04/color/frame-000079.color.png 0.999963 0.00241008 0.0082978 0.00429189 -0.00232967 0.99995 -0.00968619 -0.00202119 -0.00832072 0.00966652 0.999919 0.0331642 0.0 0.0 0.0 1.0
office/seq-04/color/frame-000077.color.png office/seq-04/color/frame-000080.color.png 0.999966 -0.000416636 0.00822632 0.00454877 0.000447398 0.999993 -0.00373964 -0.0125957 -0.00822469 0.00374321 0.999959 0.035214 0.0 0.0 0.0 1.0
office/seq-04/color/frame-000078.color.png office/seq-04/color/frame-000081.color.png 0.999976 0.00132014 0.00679393 0.00471576 -0.00128833 0.999988 -0.00468161 -0.00794232 -0.0068001 0.00467273 0.999966 0.0390682 0.0 0.0 0.0 1.0
office/seq-04/color/frame-000079.color.png office/seq-04/color/frame-000082.color.png 0.999979 0.000264111 0.00640793 0.00399087 -0.000219411 0.999976 -0.0069746 -0.00520378 -0.00640964 0.00697306 0.999955 0.0430449 0.0 0.0 0.0 1.0
office/seq-04/color/frame-000080.color.png office/seq-04/color/frame-000083.color.png 0.99999 -0.00157671 0.00425569 0.000661522 0.00158641 0.999996 -0.00227903 -0.020442 -0.00425203 0.00228574 0.999988 0.0398684 0.0 0.0 0.0 1.0
office/seq-04/color/frame-000081.color.png office/seq-04/color/frame-000084.color.png 0.999997 -0.00251651 -0.000615625 0.00629322 0.00251114 0.99996 -0.00853867 -0.0100489 0.00063714 0.00853711 0.999963 0.0435085 0.0 0.0 0.0 1.0
office/seq-04/color/frame-000082.color.png office/seq-04/color/frame-000085.color.png 0.999996 -0.00182683 -0.00201877 0.00961703 0.0018147 0.99998 -0.00598333 -0.0179234 0.00202967 0.00597962 0.99998 0.0396546 0.0 0.0 0.0 1.0
office/seq-04/color/frame-000083.color.png office/seq-04/color/frame-000086.color.png 0.999986 0.00394166 -0.00348611 0.0191224 -0.00396534 0.999969 -0.00681184 -0.0124279 0.00345915 0.00682557 0.999971 0.0409644 0.0 0.0 0.0 1.0
office/seq-04/color/frame-000084.color.png office/seq-04/color/frame-000087.color.png 0.99998 0.0062022 0.00105372 0.0150722 -0.00619929 0.999977 -0.0027282 -0.0169688 -0.00107062 0.00272162 0.999996 0.0374606 0.0 0.0 0.0 1.0
office/seq-04/color/frame-000085.color.png office/seq-04/color/frame-000088.color.png 0.99996 0.00449952 0.00765828 -0.000139832 -0.00447025 0.999983 -0.003835 -0.0154512 -0.00767539 0.00380059 0.999963 0.0426148 0.0 0.0 0.0 1.0
office/seq-04/color/frame-000086.color.png office/seq-04/color/frame-000089.color.png 0.999965 0.00681992 0.00485009 0.00166696 -0.00678998 0.999958 -0.00615397 -0.0118638 -0.00489183 0.00612086 0.999969 0.0411052 0.0 0.0 0.0 1.0
office/seq-04/color/frame-000087.color.png office/seq-04/color/frame-000090.color.png 0.99996 0.00882069 0.00164176 0.00349468 -0.00880813 0.999933 -0.00751562 -0.00653151 -0.00170794 0.00750081 0.99997 0.0404016 0.0 0.0 0.0 1.0
office/seq-04/color/frame-000088.color.png office/seq-04/color/frame-000091.color.png 0.999957 0.00918612 -0.000946356 0.00632878 -0.00919376 0.999922 -0.0084754 -0.00298265 0.000868415 0.00848376 0.999964 0.0394806 0.0 0.0 0.0 1.0
office/seq-04/color/frame-000089.color.png office/seq-04/color/frame-000092.color.png 0.999979 0.00602209 -0.0025296 0.00636518 -0.00603347 0.999972 -0.00451364 -0.0126583 0.00250233 0.00452883 0.999987 0.0390179 0.0 0.0 0.0 1.0
office/seq-04/color/frame-000090.color.png office/seq-04/color/frame-000093.color.png 0.999953 0.0087106 -0.00420779 0.00871748 -0.00874978 0.999918 -0.00938183 0.00192481 0.00412574 0.00941827 0.999947 0.0397747 0.0 0.0 0.0 1.0
office/seq-04/color/frame-000091.color.png office/seq-04/color/frame-000094.color.png 0.99997 0.00673908 -0.00367661 0.00540593 -0.00676527 0.999952 -0.00715331 -0.00554416 0.00362828 0.00717799 0.999968 0.0369349 0.0 0.0 0.0 1.0
office/seq-04/color/frame-000092.color.png office/seq-04/color/frame-000095.color.png 0.99993 0.0104804 -0.00544033 0.00650829 -0.0105151 0.999924 -0.00638338 -0.00255615 0.00537305 0.00644009 0.999965 0.0376124 0.0 0.0 0.0 1.0
office/seq-04/color/frame-000093.color.png office/seq-04/color/frame-000096.color.png 0.999932 0.00913369 -0.00720217 0.00404015 -0.009123 0.999957 0.00151489 -0.0172176 0.00721568 -0.00144911 0.999973 0.0280998 0.0 0.0 0.0 1.0
office/seq-04/color/frame-000094.color.png office/seq-04/color/frame-000097.color.png 0.999944 0.00754023 -0.00744519 0.00246982 -0.00752819 0.99997 0.00163956 -0.0093551 0.00745733 -0.00158341 0.999971 0.0275475 0.0 0.0 0.0 1.0
office/seq-04/color/frame-000095.color.png office/seq-04/color/frame-000098.color.png 0.999938 0.00206038 -0.0109136 0.0076398 -0.00197048 0.999964 0.00824317 -0.024693 0.0109302 -0.00822112 0.999907 0.0254056 0.0 0.0 0.0 1.0
office/seq-04/color/frame-000096.color.png office/seq-04/color/frame-000099.color.png 0.999909 0.00315923 -0.0131545 0.0115963 -0.00312308 0.999991 0.00276793 -0.0155843 0.0131631 -0.00272656 0.99991 0.0283875 0.0 0.0 0.0 1.0
office/seq-04/color/frame-000097.color.png office/seq-04/color/frame-000100.color.png 0.999879 0.00981999 -0.0120875 0.00992031 -0.00981239 0.999952 0.000690719 -0.011405 0.0120936 -0.000572063 0.999927 0.0327862 0.0 0.0 0.0 1.0
office/seq-04/color/frame-000098.color.png office/seq-04/color/frame-000101.color.png 0.999821 0.011334 -0.0151254 0.0137311 -0.0114088 0.999923 -0.00486342 -0.00119662 0.0150691 0.00503511 0.999874 0.0263771 0.0 0.0 0.0 1.0
office/seq-04/color/frame-000099.color.png office/seq-04/color/frame-000102.color.png 0.999734 0.0159208 -0.0166664 0.0162944 -0.0160098 0.999858 -0.005223 0.00395101 0.0165809 0.00548839 0.999847 0.0288196 0.0 0.0 0.0 1.0
office/seq-04/color/frame-000100.color.png office/seq-04/color/frame-000103.color.png 0.999675 0.0145806 -0.0209072 0.0237423 -0.0146475 0.999888 -0.00305103 -0.00185776 0.0208603 0.00335628 0.999777 0.02327 0.0 0.0 0.0 1.0
office/seq-04/color/frame-000101.color.png office/seq-04/color/frame-000104.color.png 0.999688 0.0135325 -0.0209773 0.0223881 -0.0136228 0.999898 -0.00416892 -0.000682503 0.0209188 0.00445337 0.999771 0.0246137 0.0 0.0 0.0 1.0
office/seq-04/color/frame-000102.color.png office/seq-04/color/frame-000105.color.png 0.999624 0.0101898 -0.0254495 0.0283921 -0.010196 0.999948 -0.00011433 -0.0143124 0.025447 0.000373828 0.999676 0.0183831 0.0 0.0 0.0 1.0
office/seq-04/color/frame-000103.color.png office/seq-04/color/frame-000106.color.png 0.999657 0.0113215 -0.0236167 0.0237921 -0.0114293 0.999925 -0.00443356 0.00150713 0.0235647 0.00470194 0.999711 0.0201802 0.0 0.0 0.0 1.0
office/seq-04/color/frame-000104.color.png office/seq-04/color/frame-000107.color.png 0.999602 0.00974164 -0.0264855 0.0326805 -0.00985501 0.999943 -0.00415354 0.00308374 0.0264435 0.00441295 0.999641 0.0215073 0.0 0.0 0.0 1.0
office/seq-04/color/frame-000105.color.png office/seq-04/color/frame-000108.color.png 0.999641 0.00919649 -0.0251503 0.0276003 -0.00930152 0.999948 -0.00406256 -0.0027377 0.0251117 0.00429504 0.999675 0.0227272 0.0 0.0 0.0 1.0
office/seq-04/color/frame-000106.color.png office/seq-04/color/frame-000109.color.png 0.99949 0.0136149 -0.0288957 0.0353011 -0.0139382 0.999842 -0.0110161 0.0104979 0.0287412 0.0114132 0.999522 0.0242758 0.0 0.0 0.0 1.0
office/seq-04/color/frame-000107.color.png office/seq-04/color/frame-000110.color.png 0.999631 0.0128117 -0.0239666 0.0220987 -0.0128861 0.999913 -0.00295352 -0.0129344 0.0239266 0.00326123 0.999708 0.0200245 0.0 0.0 0.0 1.0
office/seq-04/color/frame-000108.color.png office/seq-04/color/frame-000111.color.png 0.999563 0.0129595 -0.0265682 0.0290511 -0.0131598 0.999886 -0.00738059 0.000955105 0.0264695 0.00772701 0.99962 0.0190687 0.0 0.0 0.0 1.0
office/seq-04/color/frame-000109.color.png office/seq-04/color/frame-000112.color.png 0.999525 0.013559 -0.0276597 0.0298434 -0.0137296 0.999888 -0.00598835 -0.00328991 0.0275754 0.00636529 0.9996 0.0195912 0.0 0.0 0.0 1.0
office/seq-04/color/frame-000110.color.png office/seq-04/color/frame-000113.color.png 0.99938 0.0135985 -0.0324613 0.0415825 -0.0140139 0.999822 -0.0126021 0.0108729 0.0322841 0.0130492 0.999393 0.0192077 0.0 0.0 0.0 1.0
office/seq-04/color/frame-000111.color.png office/seq-04/color/frame-000114.color.png 0.999444 0.0166372 -0.0288811 0.0342952 -0.0169992 0.999779 -0.0123367 0.0140948 0.0286695 0.0128207 0.999507 0.0201383 0.0 0.0 0.0 1.0
office/seq-04/color/frame-000112.color.png office/seq-04/color/frame-000115.color.png 0.999484 0.0108695 -0.0302117 0.0359674 -0.0110075 0.99993 -0.00440445 -0.0101742 0.0301617 0.00473471 0.999534 0.0230497 0.0 0.0 0.0 1.0
office/seq-04/color/frame-000113.color.png office/seq-04/color/frame-000116.color.png 0.9994 0.0187882 -0.0290819 0.0370185 -0.0190032 0.999794 -0.00713321 0.00343996 0.0289419 0.00768161 0.999552 0.0201408 0.0 0.0 0.0 1.0
office/seq-04/color/frame-000114.color.png office/seq-04/color/frame-000117.color.png 0.999345 0.0206325 -0.0297354 0.0397149 -0.0209033 0.999743 -0.0088231 0.00720757 0.0295457 0.00943892 0.999519 0.0217547 0.0 0.0 0.0 1.0
office/seq-04/color/frame-000115.color.png office/seq-04/color/frame-000118.color.png 0.999365 0.0201822 -0.0293649 0.0383641 -0.0205065 0.999732 -0.0107856 0.0111279 0.0291393 0.0113809 0.999511 0.0186651 0.0 0.0 0.0 1.0
office/seq-04/color/frame-000116.color.png office/seq-04/color/frame-000119.color.png 0.999431 0.0208946 -0.0264699 0.0343409 -0.0210941 0.999751 -0.00727742 0.011926 0.0263113 0.00783165 0.999623 0.0153469 0.0 0.0 0.0 1.0
office/seq-04/color/frame-000117.color.png office/seq-04/color/frame-000120.color.png 0.999598 0.0129758 -0.0252218 0.0322397 -0.0127918 0.999891 0.00744184 -0.0181937 0.0253156 -0.00711626 0.999654 0.0138427 0.0 0.0 0.0 1.0
office/seq-04/color/frame-000118.color.png office/seq-04/color/frame-000121.color.png 0.999589 0.0149588 -0.0244595 0.0310407 -0.0147633 0.999858 0.00815705 -0.0141395 0.024578 -0.00779261 0.999668 0.0104777 0.0 0.0 0.0 1.0
office/seq-04/color/frame-000119.color.png office/seq-04/color/frame-000122.color.png 0.999558 0.0134783 -0.0265009 0.0331285 -0.0133527 0.999899 0.00491219 -0.0115809 0.0265644 -0.0045561 0.999637 0.0141039 0.0 0.0 0.0 1.0
office/seq-04/color/frame-000120.color.png office/seq-04/color/frame-000123.color.png 0.999468 0.0170839 -0.0278002 0.0323384 -0.0170732 0.999854 0.000620734 -0.00435954 0.0278068 -0.000145709 0.999613 0.0115379 0.0 0.0 0.0 1.0
office/seq-04/color/frame-000121.color.png office/seq-04/color/frame-000124.color.png 0.99935 0.0223509 -0.0282846 0.0326459 -0.0224132 0.999747 -0.00188778 -0.00204265 0.0282353 0.00252049 0.999598 0.0142387 0.0 0.0 0.0 1.0
office/seq-04/color/frame-000122.color.png office/seq-04/color/frame-000125.color.png 0.999157 0.0241121 -0.0332342 0.0403541 -0.024277 0.999695 -0.00456613 0.000778377 0.0331139 0.00536908 0.999437 0.0133507 0.0 0.0 0.0 1.0
office/seq-04/color/frame-000123.color.png office/seq-04/color/frame-000126.color.png 0.99902 0.0267006 -0.0353133 0.0419516 -0.026966 0.999611 -0.00706071 0.00752479 0.0351111 0.00800605 0.999351 0.0138755 0.0 0.0 0.0 1.0
office/seq-04/color/frame-000124.color.png office/seq-04/color/frame-000127.color.png 0.998972 0.0242706 -0.0382851 0.0425338 -0.0244674 0.99969 -0.00468167 0.00323248 0.0381595 0.00561359 0.999256 0.0121298 0.0 0.0 0.0 1.0
office/seq-04/color/frame-000125.color.png office/seq-04/color/frame-000128.color.png 0.999115 0.0173305 -0.0383166 0.0369494 -0.0173501 0.99985 -0.000179199 -0.0114923 0.0383077 0.000843824 0.999266 0.0046277 0.0 0.0 0.0 1.0
office/seq-04/color/frame-000126.color.png office/seq-04/color/frame-000129.color.png 0.998836 0.0215897 -0.0431331 0.0431798 -0.0220293 0.99971 -0.00974165 0.00916183 0.0429103 0.0106805 0.999022 0.0143186 0.0 0.0 0.0 1.0
office/seq-04/color/frame-000127.color.png office/seq-04/color/frame-000130.color.png 0.998642 0.0248033 -0.0458153 0.0442536 -0.0254429 0.999586 -0.0134295 0.0154502 0.0454633 0.0145769 0.99886 0.0105858 0.0 0.0 0.0 1.0
office/seq-04/color/frame-000128.color.png office/seq-04/color/frame-000131.color.png 0.998585 0.0279594 -0.0452363 0.0416046 -0.0286637 0.999477 -0.0149968 0.0271189 0.0447933 0.0162722 0.998864 0.0126755 0.0 0.0 0.0 1.0
office/seq-04/color/frame-000129.color.png office/seq-04/color/frame-000132.color.png 0.998646 0.0191437 -0.0483772 0.0487841 -0.0194768 0.99979 -0.00642264 0.0127868 0.0482441 0.00735614 0.998808 0.00417006 0.0 0.0 0.0 1.0
office/seq-04/color/frame-000130.color.png office/seq-04/color/frame-000133.color.png 0.998745 0.0189511 -0.0463553 0.046681 -0.0191457 0.99981 -0.00375681 0.00975603 0.0462753 0.00463962 0.998918 0.00503826 0.0 0.0 0.0 1.0
office/seq-04/color/frame-000131.color.png office/seq-04/color/frame-000134.color.png 0.99911 0.0162797 -0.0389053 0.0281542 -0.0163941 0.999862 -0.00262345 0.00144804 0.0388573 0.00325892 0.99924 0.0011431 0.0 0.0 0.0 1.0
office/seq-04/color/frame-000132.color.png office/seq-04/color/frame-000135.color.png 0.999306 0.0115295 -0.0354297 0.0260559 -0.0118505 0.999891 -0.0088631 0.0144371 0.0353236 0.0092768 0.999333 0.00457633 0.0 0.0 0.0 1.0
office/seq-04/color/frame-000133.color.png office/seq-04/color/frame-000136.color.png 0.999618 0.00422644 -0.0273325 0.0137138 -0.00439268 0.999972 -0.00602466 0.00576282 0.0273063 0.00614239 0.999608 0.0021311 0.0 0.0 0.0 1.0
office/seq-04/color/frame-000134.color.png office/seq-04/color/frame-000137.color.png 0.999629 0.00665395 -0.0264115 0.0194634 -0.00684885 0.99995 -0.00729481 0.00773722 0.0263616 0.00747303 0.999625 -0.00287712 0.0 0.0 0.0 1.0
office/seq-04/color/frame-000135.color.png office/seq-04/color/frame-000138.color.png 0.999812 0.00791194 -0.0177002 0.0070093 -0.00802351 0.999948 -0.00624054 0.00685215 0.01765 0.00638137 0.999824 -0.0109861 0.0 0.0 0.0 1.0
office/seq-04/color/frame-000136.color.png office/seq-04/color/frame-000139.color.png 0.999884 0.0121553 -0.00918072 -0.00975505 -0.0121984 0.999915 -0.00466217 0.0117791 0.00912327 0.00477364 0.999947 -0.0115877 0.0 0.0 0.0 1.0
office/seq-04/color/frame-000137.color.png office/seq-04/color/frame-000140.color.png 0.99992 0.0059566 -0.011143 -0.00103846 -0.00594844 0.999982 0.000765536 0.00455689 0.0111474 -0.000699214 0.999938 -0.00365639 0.0 0.0 0.0 1.0
office/seq-04/color/frame-000138.color.png office/seq-04/color/frame-000141.color.png 0.999991 0.00354446 -0.00217995 -0.0251902 -0.00353513 0.999985 0.00425964 -0.00771916 0.00219502 -0.0042519 0.999989 -0.00680053 0.0 0.0 0.0 1.0
office/seq-04/color/frame-000139.color.png office/seq-04/color/frame-000142.color.png 0.999979 0.000360821 -0.00645864 -0.0187284 -0.000358339 1.0 0.000390933 -0.00337839 0.00645877 -0.00038862 0.999979 -0.00438094 0.0 0.0 0.0 1.0
office/seq-04/color/frame-000140.color.png office/seq-04/color/frame-000143.color.png 0.999997 -0.00236151 -0.000309629 -0.0371463 0.00236085 0.999995 -0.00213705 -0.00111651 0.000314608 0.00213634 0.999998 -0.00998962 0.0 0.0 0.0 1.0
office/seq-04/color/frame-000141.color.png office/seq-04/color/frame-000144.color.png 0.999909 -0.011072 -0.00765469 -0.0225377 0.0110676 0.999938 -0.000613748 -0.011124 0.00766103 0.000528992 0.99997 0.000270247 0.0 0.0 0.0 1.0
office/seq-04/color/frame-000142.color.png office/seq-04/color/frame-000145.color.png 0.999893 -0.0140584 -0.0039021 -0.0324068 0.014041 0.999891 -0.00447269 -0.00600672 0.00396452 0.00441742 0.999982 -0.00751054 0.0 0.0 0.0 1.0
office/seq-04/color/frame-000143.color.png office/seq-04/color/frame-000146.color.png 0.999966 -0.00826196 0.000228848 -0.0384526 0.00826375 0.999925 -0.00909274 0.00996119 -0.000153676 0.0090943 0.999959 -0.00530887 0.0 0.0 0.0 1.0
office/seq-04/color/frame-000144.color.png office/seq-04/color/frame-000147.color.png 0.999969 -0.00790273 -0.000301166 -0.0263161 0.00790142 0.99996 -0.00416651 0.00521803 0.0003341 0.00416401 0.999991 -0.0116966 0.0 0.0 0.0 1.0
office/seq-04/color/frame-000145.color.png office/seq-04/color/frame-000148.color.png 0.999935 -0.0039759 0.0107185 -0.0476974 0.00395051 0.999989 0.0023892 -0.00619072 -0.0107279 -0.00234669 0.99994 -0.0165474 0.0 0.0 0.0 1.0
office/seq-04/color/frame-000146.color.png office/seq-04/color/frame-000149.color.png 0.999938 -0.00599586 0.0093579 -0.044483 0.00601523 0.99998 -0.00205053 0.00244838 -0.00934542 0.00210671 0.999954 -0.0102657 0.0 0.0 0.0 1.0
office/seq-04/color/frame-000147.color.png office/seq-04/color/frame-000150.color.png 0.999931 -0.00639241 0.00989133 -0.0455098 0.006414 0.999977 -0.00215387 0.00588286 -0.00987734 0.00221718 0.999949 -0.0124382 0.0 0.0 0.0 1.0
office/seq-04/color/frame-000148.color.png office/seq-04/color/frame-000151.color.png 0.999898 -0.0121361 0.00756941 -0.0375642 0.0121772 0.999911 -0.00540849 0.0158918 -0.00750308 0.0055001 0.999957 -0.0115921 0.0 0.0 0.0 1.0
office/seq-04/color/frame-000149.color.png office/seq-04/color/frame-000152.color.png 0.999766 -0.0150718 0.0154931 -0.0540636 0.015022 0.999882 0.00332899 -0.0121791 -0.0155414 -0.00309546 0.999874 -0.0183779 0.0 0.0 0.0 1.0
office/seq-04/color/frame-000150.color.png office/seq-04/color/frame-000153.color.png 0.999832 -0.00874368 0.0161321 -0.0487672 0.00885684 0.999937 -0.00695517 0.0102679 -0.0160703 0.00709686 0.999846 -0.0146375 0.0 0.0 0.0 1.0
office/seq-04/color/frame-000151.color.png office/seq-04/color/frame-000154.color.png 0.999757 -0.00612473 0.0211771 -0.0569159 0.00621087 0.999973 -0.00400399 0.00967026 -0.021152 0.00413458 0.999768 -0.0172436 0.0 0.0 0.0 1.0
office/seq-04/color/frame-000152.color.png office/seq-04/color/frame-000155.color.png 0.999755 -0.00654619 0.0211443 -0.0552794 0.00654612 0.999979 7.45099e-05 0.00724196 -0.0211443 6.39053e-05 0.999777 -0.0163252 0.0 0.0 0.0 1.0
office/seq-04/color/frame-000153.color.png office/seq-04/color/frame-000156.color.png 0.999651 -0.0114692 0.0237984 -0.0712186 0.0113182 0.999915 0.0064702 -0.0163478 -0.0238706 -0.0061986 0.999696 -0.0216171 0.0 0.0 0.0 1.0
office/seq-04/color/frame-000154.color.png office/seq-04/color/frame-000157.color.png 0.999828 -0.0140523 0.0121473 -0.0486632 0.014066 0.999901 -0.00104519 -0.00434142 -0.0121314 0.00121586 0.999926 -0.0156717 0.0 0.0 0.0 1.0
office/seq-04/color/frame-000155.color.png office/seq-04/color/frame-000158.color.png 0.999904 -0.0109087 0.00856426 -0.0395357 0.0109402 0.999933 -0.00363902 0.00281143 -0.00852399 0.00373237 0.999957 -0.0186812 0.0 0.0 0.0 1.0
office/seq-04/color/frame-000156.color.png office/seq-04/color/frame-000159.color.png 0.999948 -0.00686848 0.00753065 -0.0389022 0.0069029 0.999966 -0.00454802 0.00883186 -0.00749917 0.00459975 0.999961 -0.0160147 0.0 0.0 0.0 1.0
office/seq-04/color/frame-000157.color.png office/seq-04/color/frame-000160.color.png 0.999983 -0.00547264 0.00199731 -0.0332816 0.00547511 0.999984 -0.00123551 -0.00439221 -0.0019905 0.00124641 0.999997 -0.01871 0.0 0.0 0.0 1.0
office/seq-04/color/frame-000158.color.png office/seq-04/color/frame-000161.color.png 0.999989 0.000231243 -0.00475233 -0.0141281 -0.0002506 0.999992 -0.00407331 0.000132442 0.00475134 0.00407448 0.99998 -0.0147021 0.0 0.0 0.0 1.0
office/seq-04/color/frame-000159.color.png office/seq-04/color/frame-000162.color.png 0.999947 0.00991387 0.00277656 -0.0276835 -0.00989 0.999915 -0.00849104 0.00547856 -0.00286053 0.00846316 0.99996 -0.024242 0.0 0.0 0.0 1.0
office/seq-04/color/frame-000160.color.png office/seq-04/color/frame-000163.color.png 0.999915 0.0110977 0.00680252 -0.0368633 -0.0110486 0.999913 -0.00722362 -0.000190914 -0.00688208 0.00714782 0.999951 -0.0253675 0.0 0.0 0.0 1.0
office/seq-04/color/frame-000161.color.png office/seq-04/color/frame-000164.color.png 0.999954 0.00953491 0.00095025 -0.0254337 -0.00952826 0.999932 -0.00677268 -0.00148714 -0.00101478 0.0067633 0.999977 -0.0230361 0.0 0.0 0.0 1.0
office/seq-04/color/frame-000162.color.png office/seq-04/color/frame-000165.color.png 0.999946 0.0101884 -0.00193685 -0.018481 -0.0102137 0.999856 -0.0135341 0.0195016 0.00179871 0.0135531 0.999906 -0.0225545 0.0 0.0 0.0 1.0
office/seq-04/color/frame-000163.color.png office/seq-04/color/frame-000166.color.png 0.999991 0.00431587 -0.000663528 -0.0233917 -0.00432275 0.999933 -0.0107339 0.0109839 0.000617135 0.0107368 0.999942 -0.0171142 0.0 0.0 0.0 1.0
office/seq-04/color/frame-000164.color.png office/seq-04/color/frame-000167.color.png 0.999986 0.00252994 -0.00473315 -0.0134833 -0.00258187 0.999936 -0.0110002 0.0124672 0.00470502 0.0110123 0.999928 -0.0153657 0.0 0.0 0.0 1.0
office/seq-04/color/frame-000165.color.png office/seq-04/color/frame-000168.color.png 0.99999 0.00452567 -0.000563859 -0.0247571 -0.00453288 0.999898 -0.0135177 0.0246189 0.000502626 0.0135201 0.999909 -0.0262169 0.0 0.0 0.0 1.0
office/seq-04/color/frame-000166.color.png office/seq-04/color/frame-000169.color.png 0.999858 0.0156353 -0.00636875 -0.00853533 -0.0157045 0.999817 -0.0109607 0.0202813 0.00619622 0.0110591 0.99992 -0.0302396 0.0 0.0 0.0 1.0
office/seq-04/color/frame-000167.color.png office/seq-04/color/frame-000170.color.png 0.999845 0.0174561 0.00244301 -0.0259333 -0.0174076 0.999675 -0.0186266 0.0374784 -0.00276733 0.0185812 0.999823 -0.0378071 0.0 0.0 0.0 1.0
office/seq-04/color/frame-000168.color.png office/seq-04/color/frame-000171.color.png 0.999938 0.0109452 0.00221127 -0.0185469 -0.0109274 0.999909 -0.00791086 0.014587 -0.00229766 0.00788619 0.999966 -0.0287425 0.0 0.0 0.0 1.0
office/seq-04/color/frame-000169.color.png office/seq-04/color/frame-000172.color.png 0.99998 0.00482724 0.00402392 -0.0166841 -0.00481594 0.999984 -0.00281782 0.0119882 -0.00403746 0.00279837 0.999988 -0.0271464 0.0 0.0 0.0 1.0
office/seq-04/color/frame-000170.color.png office/seq-04/color/frame-000173.color.png 0.999988 0.00163491 0.00461114 -0.0188381 -0.00165606 0.999988 0.00458804 0.000839233 -0.00460358 -0.00459562 0.999979 -0.0288242 0.0 0.0 0.0 1.0
office/seq-04/color/frame-000171.color.png office/seq-04/color/frame-000174.color.png 0.999988 0.00336072 0.00364502 -0.016339 -0.00338284 0.999976 0.00608559 -0.00273085 -0.00362448 -0.00609784 0.999975 -0.0287913 0.0 0.0 0.0 1.0
office/seq-04/color/frame-000172.color.png office/seq-04/color/frame-000175.color.png 0.999991 0.00376758 0.00170609 -0.0152746 -0.00376814 0.999993 0.000353729 0.0106212 -0.00170473 -0.000360146 0.999998 -0.0247868 0.0 0.0 0.0 1.0
office/seq-04/color/frame-000173.color.png office/seq-04/color/frame-000176.color.png 0.999992 0.00388869 -0.000961669 -0.0117719 -0.00388664 0.99999 0.00216537 0.00286561 0.000970061 -0.00216158 0.999997 -0.0247463 0.0 0.0 0.0 1.0
office/seq-04/color/frame-000174.color.png office/seq-04/color/frame-000177.color.png 0.999977 0.00282669 -0.00625701 -0.00946224 -0.00281709 0.999995 0.00154897 0.00507689 0.00626135 -0.0015313 0.999979 -0.030342 0.0 0.0 0.0 1.0
