office/seq-04/color/frame-000000.color.png office/seq-04/color/frame-000001.color.png 0.999993 0.000991428 -0.00349909 0.00382623 -0.00099699 0.999998 -0.00158797 -0.00502521 0.00349751 0.00159145 0.999993 0.00558791 0.0 0.0 0.0 1.0
office/seq-04/color/frame-000001.color.png office/seq-04/color/frame-000002.color.png 0.999997 0.00193736 0.00173535 -0.00232273 -0.00193373 0.999996 -0.00209126 0.00892317 -0.00173939 0.00208789 0.999996 -0.00162468 0.0 0.0 0.0 1.0
office/seq-04/color/frame-000002.color.png office/seq-04/color/frame-000003.color.png 0.999994 0.00234847 0.00268475 -0.000250318 -0.00237193 0.999959 0.00876929 -0.00462936 -0.00266404 -0.0087756 0.999958 0.00514288 0.0 0.0 0.0 1.0
office/seq-04/color/frame-000003.color.png office/seq-04/color/frame-000004.color.png 0.999993 0.00380353 9.86532e-05 0.00171677 -0.00380367 0.999992 0.00135535 -0.00380125 -9.34972e-05 -0.00135572 0.999999 0.00483547 0.0 0.0 0.0 1.0
office/seq-04/color/frame-000004.color.png office/seq-04/color/frame-000005.color.png 0.999999 0.00145491 0.000400698 -0.00151087 -0.0014548 0.999999 -0.000269406 -0.00667612 -0.00040109 0.000268823 1.0 0.00311917 0.0 0.0 0.0 1.0
office/seq-04/color/frame-000005.color.png office/seq-04/color/frame-000006.color.png 0.999995 0.00298016 0.001327 -0.00169608 -0.00297403 0.999985 -0.00460149 0.010394 -0.0013407 0.00459752 0.999989 -0.00135981 0.0 0.0 0.0 1.0
office/seq-04/color/frame-000006.color.png office/seq-04/color/frame-000007.color.png 0.999958 0.0056244 0.00725326 -0.00229602 -0.00571211 0.99991 0.0121305 -0.00162706 -0.00718438 -0.0121714 0.9999 0.00743627 0.0 0.0 0.0 1.0
office/seq-04/color/frame-000007.color.png office/seq-04/color/frame-000008.color.png 1.0 -0.000161734 0.000186316 -0.0073308 0.000160861 0.999989 0.00466835 -0.00480453 -0.000187067 -0.00466832 0.999989 0.00336286 0.0 0.0 0.0 1.0
office/seq-04/color/frame-000008.color.png office/seq-04/color/frame-000009.color.png 0.999962 0.00415519 -0.00760766 0.0100377 -0.0041172 0.999979 0.00500186 0.0067399 0.00762828 -0.00497035 0.999958 0.00450333 0.0 0.0 0.0 1.0
office/seq-04/color/frame-000009.color.png office/seq-04/color/frame-000010.color.png 0.999975 0.0071003 0.000514077 0.00112 -0.00710585 0.999906 0.0117368 -0.00423723 -0.000430694 -0.0117401 0.999931 0.00598635 0.0 0.0 0.0 1.0
office/seq-04/color/frame-000010.color.png office/seq-04/color/frame-000011.color.png 0.999987 0.000431386 0.00502643 -0.00615731 -0.000502517 0.9999 0.0141583 -0.00799192 -0.00501982 -0.0141606 0.999887 0.0124997 0.0 0.0 0.0 1.0
office/seq-04/color/frame-000011.color.png office/seq-04/color/frame-000012.color.png 0.999997 0.00264983 1.41767e-05 0.00361488 -0.00264986 0.99997 0.00732605 -0.0047585 5.23937e-06 -0.00732606 0.999973 0.00662928 0.0 0.0 0.0 1.0
office/seq-04/color/frame-000012.color.png office/seq-04/color/frame-000013.color.png 0.999994 -0.00281472 0.00191166 0.00376864 0.00280147 0.999972 0.00690072 -0.0100526 -0.00193103 -0.00689531 0.999974 0.00999517 0.0 0.0 0.0 1.0
office/seq-04/color/frame-000013.color.png office/seq-04/color/frame-000014.color.png 0.999968 0.00476224 0.00643598 0.000902307 -0.00478029 0.999985 0.00279441 0.00425042 -0.00642257 -0.00282509 0.999975 0.00900394 0.0 0.0 0.0 1.0
office/seq-04/color/frame-000014.color.png office/seq-04/color/frame-000015.color.png 0.999942 -0.00742331 0.00785898 -0.000305489 0.00736867 0.999949 0.00695778 0.00481613 -0.00791022 -0.00689946 0.999945 0.00361013 0.0 0.0 0.0 1.0
office/seq-04/color/frame-000015.color.png office/seq-04/color/frame-000016.color.png 0.999947 -0.00458237 0.00923246 -0.00376344 0.00442669 0.999849 0.0168125 -0.0128965 -0.00930811 -0.0167707 0.999816 0.00828286 0.0 0.0 0.0 1.0
office/seq-04/color/frame-000016.color.png office/seq-04/color/frame-000017.color.png 0.999989 -0.000418523 0.0046139 0.001777 0.000367402 0.999939 0.0110756 -0.015489 -0.00461825 -0.0110738 0.999928 0.0131805 0.0 0.0 0.0 1.0
office/seq-04/color/frame-000017.color.png office/seq-04/color/frame-000018.color.png 0.999945 -0.000617209 0.0105027 -0.00164728 0.000553031 0.999981 0.00611207 -0.0120382 -0.0105063 -0.00610593 0.999926 0.0142009 0.0 0.0 0.0 1.0
office/seq-04/color/frame-000018.color.png office/seq-04/color/frame-000019.color.png 0.999974 -0.00205207 0.00684981 -0.00120422 0.00205975 0.999997 -0.00111287 0.0101864 -0.00684751 0.00112693 0.999976 0.00633594 0.0 0.0 0.0 1.0
office/seq-04/color/frame-000019.color.png office/seq-04/color/frame-000020.color.png 0.99996 -0.00174039 0.00875599 -0.0060335 0.00166382 0.99996 0.0087438 -0.00315704 -0.00877085 -0.00872886 0.999923 0.00470811 0.0 0.0 0.0 1.0
office/seq-04/color/frame-000020.color.png office/seq-04/color/frame-000021.color.png 0.999969 -0.00498169 0.00612618 -0.0056437 0.00489947 0.999899 0.013363 -0.0174914 -0.00619214 -0.0133326 0.999892 0.0121196 0.0 0.0 0.0 1.0
office/seq-04/color/frame-000021.color.png office/seq-04/color/frame-000022.color.png 0.999993 -0.00323367 0.00205994 0.00159776 0.0032237 0.999983 0.00482769 -0.00215715 -0.00207551 -0.00482102 0.999986 0.00777771 0.0 0.0 0.0 1.0
office/seq-04/color/frame-000022.color.png office/seq-04/color/frame-000023.color.png 0.999934 0.00637941 0.00960536 -0.00194858 -0.00657116 0.999777 0.0200659 -0.0181021 -0.00947518 -0.0201277 0.999753 0.0203378 0.0 0.0 0.0 1.0
office/seq-04/color/frame-000023.color.png office/seq-04/color/frame-000024.color.png 0.999986 0.00175998 0.00496977 -0.00807646 -0.00178437 0.999986 0.00490759 -0.00513536 -0.00496106 -0.00491635 0.999976 0.00642806 0.0 0.0 0.0 1.0
office/seq-04/color/frame-000024.color.png office/seq-04/color/frame-000025.color.png 0.999995 0.00283357 0.00119282 0.00126262 -0.00284395 0.999957 0.00879209 -0.000715666 -0.00116787 -0.00879545 0.999961 0.0045386 0.0 0.0 0.0 1.0
office/seq-04/color/frame-000025.color.png office/seq-04/color/frame-000026.color.png 0.999979 0.00168102 0.00634647 -0.00518074 -0.00179142 0.999847 0.0174311 -0.0148779 -0.00631618 -0.017442 0.999828 0.0141764 0.0 0.0 0.0 1.0
office/seq-04/color/frame-000026.color.png office/seq-04/color/frame-000027.color.png 0.999993 -0.00144541 0.00345036 -0.00728653 0.00140009 0.999913 0.0130991 -0.022539 -0.003469 -0.0130942 0.999908 0.0128764 0.0 0.0 0.0 1.0
office/seq-04/color/frame-000027.color.png office/seq-04/color/frame-000028.color.png 0.999998 -0.00156934 -0.00079524 -0.00544763 0.00157078 0.999997 0.00179588 -0.000507712 0.000792421 -0.00179713 0.999998 0.00699575 0.0 0.0 0.0 1.0
office/seq-04/color/frame-000028.color.png office/seq-04/color/frame-000029.color.png 0.999993 0.000640733 -0.00376597 0.00665321 -0.000609476 0.999965 0.00829564 -0.00872093 0.00377117 -0.00829327 0.999959 0.00987011 0.0 0.0 0.0 1.0
office/seq-04/color/frame-000029.color.png office/seq-04/color/frame-000030.color.png 0.999998 -0.00103345 -0.00176159 -0.00118243 0.00106696 0.999817 0.0191274 -0.0263436 0.0017415 -0.0191293 0.999815 0.0196411 0.0 0.0 0.0 1.0
office/seq-04/color/frame-000030.color.png office/seq-04/color/frame-000031.color.png 0.999996 -0.00041773 0.00261527 -0.0075257 0.000406778 0.999991 0.00418752 -0.00919646 -0.00261702 -0.00418641 0.999988 0.0100039 0.0 0.0 0.0 1.0
office/seq-04/color/frame-000031.color.png office/seq-04/color/frame-000032.color.png 1.0 -0.000588459 -0.00018148 -0.000125948 0.000589302 0.999989 0.00469026 -0.0114156 0.000178718 -0.0046904 0.999989 0.00893524 0.0 0.0 0.0 1.0
office/seq-04/color/frame-000032.color.png office/seq-04/color/frame-000033.color.png 0.999996 0.00276934 -1.41947e-05 0.000537757 -0.00276927 0.999989 0.00372751 -0.00823492 2.4511e-05 -0.00372744 0.999993 0.009826 0.0 0.0 0.0 1.0
office/seq-04/color/frame-000033.color.png office/seq-04/color/frame-000034.color.png 0.999994 -6.5064e-05 0.00339853 -0.00281825 5.46272e-05 0.999995 0.00307168 -0.0114466 -0.00339871 -0.00307151 0.99999 0.00839728 0.0 0.0 0.0 1.0
office/seq-04/color/frame-000034.color.png office/seq-04/color/frame-000035.color.png 0.999962 -0.00760443 0.00431719 -0.00387628 0.00760418 0.999971 7.38439e-05 -0.00867578 -0.00431763 -4.09622e-05 0.999991 0.00608829 0.0 0.0 0.0 1.0
office/seq-04/color/frame-000035.color.png office/seq-04/color/frame-000036.color.png 0.999988 -0.00487515 0.000667166 0.00108154 0.00487459 0.999988 0.000834348 -0.010406 -0.000671229 -0.000831117 0.999999 0.00865799 0.0 0.0 0.0 1.0
office/seq-04/color/frame-000036.color.png office/seq-04/color/frame-000037.color.png 0.999934 -0.0102375 0.00519242 0.00102828 0.0102474 0.999946 -0.00187725 -0.0130105 -0.00517291 0.00193036 0.999985 0.0140198 0.0 0.0 0.0 1.0
office/seq-04/color/frame-000037.color.png office/seq-04/color/frame-000038.color.png 0.999987 -0.00498309 -0.000962221 0.00432845 0.00498829 0.999973 0.00548593 -0.0249097 0.000934853 -0.00549068 0.999985 0.0122115 0.0 0.0 0.0 1.0
office/seq-04/color/frame-000038.color.png office/seq-04/color/frame-000039.color.png 0.999998 0.00159197 -0.000701825 0.000986055 -0.00159792 0.999962 -0.00856756 0.00804316 0.000688154 0.00856864 0.999963 0.00522527 0.0 0.0 0.0 1.0
office/seq-04/color/frame-000039.color.png office/seq-04/color/frame-000040.color.png 0.999998 -0.0016452 -0.000796907 0.00635622 0.00164992 0.999981 0.00596107 -0.0192308 0.000787082 -0.00596238 0.999982 0.00816569 0.0 0.0 0.0 1.0
office/seq-04/color/frame-000040.color.png office/seq-04/color/frame-000041.color.png 1.0 -0.000507892 0.000112252 0.00104654 0.000507918 1.0 -0.000261935 -0.00477573 -0.000112098 0.000261981 1.0 0.00845394 0.0 0.0 0.0 1.0
office/seq-04/color/frame-000041.color.png office/seq-04/color/frame-000042.color.png 1.0 0.000279174 0.00051141 0.00318913 -0.000277433 0.999994 -0.00340031 0.00596966 -0.000512377 0.00340017 0.999994 0.00532496 0.0 0.0 0.0 1.0
office/seq-04/color/frame-000042.color.png office/seq-04/color/frame-000043.color.png 0.999998 -0.00212376 -0.000181886 0.00795915 0.00212475 0.999982 0.005628 -0.0176421 0.000169918 -0.0056284 0.999984 0.0129282 0.0 0.0 0.0 1.0
office/seq-04/color/frame-000043.color.png office/seq-04/color/frame-000044.color.png 0.999998 0.00163325 0.000929032 0.00158232 -0.00162875 0.999987 -0.00481942 -0.00503552 -0.000936889 0.00481791 0.999988 0.00919232 0.0 0.0 0.0 1.0
office/seq-04/color/frame-000044.color.png office/seq-04/color/frame-000045.color.png 0.999993 0.000687722 0.00362296 0.0150756 -0.00068127 0.999998 -0.00178139 0.00645685 -0.00362415 0.00177893 0.999992 0.00661212 0.0 0.0 0.0 1.0
office/seq-04/color/frame-000045.color.png office/seq-04/color/frame-000046.color.png 0.999986 0.000412473 0.00537284 0.000454318 -0.00042574 0.999997 0.00246905 -0.00238383 -0.00537182 -0.00247126 0.999983 0.00767857 0.0 0.0 0.0 1.0
office/seq-04/color/frame-000046.color.png office/seq-04/color/frame-000047.color.png 0.999989 -0.000774259 0.00464535 0.00580654 0.000770882 0.999999 0.000728346 0.00141129 -0.00464589 -0.000724816 0.999989 0.00606182 0.0 0.0 0.0 1.0
office/seq-04/color/frame-000047.color.png office/seq-04/color/frame-000048.color.png 0.999988 -0.00350081 0.00335865 0.0135451 0.00347776 0.99997 0.00684405 -0.0223622 -0.00338253 -0.00683232 0.999971 0.0125993 0.0 0.0 0.0 1.0
office/seq-04/color/frame-000048.color.png office/seq-04/color/frame-000049.color.png 0.999986 -0.00307393 0.00428305 0.00420481 0.0031042 0.99997 -0.00707865 -0.00143209 -0.00426115 0.00709185 0.999966 0.00708207 0.0 0.0 0.0 1.0
office/seq-04/color/frame-000049.color.png office/seq-04/color/frame-000050.color.png 0.999967 -0.00427968 0.00687108 0.00140578 0.00431651 0.999976 -0.0053531 0.00243807 -0.00684803 0.00538262 0.999962 0.00498986 0.0 0.0 0.0 1.0
office/seq-04/color/frame-000050.color.png office/seq-04/color/frame-000051.color.png 0.999881 -0.00993439 0.0117665 -0.00340698 0.00994177 0.99995 -0.000569644 -0.00811675 -0.0117603 0.000686526 0.999931 0.00807798 0.0 0.0 0.0 1.0
office/seq-04/color/frame-000051.color.png office/seq-04/color/frame-000052.color.png 0.999926 -0.0105867 0.00593131 0.0016637 0.0106109 0.999935 -0.00406972 -0.00631732 -0.00588783 0.00413234 0.999974 0.00899225 0.0 0.0 0.0 1.0
office/seq-04/color/frame-000052.color.png office/seq-04/color/frame-000053.color.png 0.999991 0.00139734 0.00388048 0.00921646 -0.00137307 0.999979 -0.00624937 0.00519073 -0.00388915 0.00624403 0.999973 0.00292677 0.0 0.0 0.0 1.0
office/seq-04/color/frame-000053.color.png office/seq-04/color/frame-000054.color.png 0.9998 -0.0124696 0.0156532 0.00401633 0.0125934 0.99989 -0.00783018 -0.00442755 -0.0155539 0.00802569 0.999847 0.0120117 0.0 0.0 0.0 1.0
office/seq-04/color/frame-000054.color.png office/seq-04/color/frame-000055.color.png 0.999956 -0.00177954 0.00924983 0.00645857 0.0017743 0.999998 0.000573663 0.00829276 -0.00925081 -0.000557187 0.999957 -0.00179732 0.0 0.0 0.0 1.0
office/seq-04/color/frame-000055.color.png office/seq-04/color/frame-000056.color.png 0.999882 -0.0126696 0.00871817 0.001812 0.0125722 0.999859 0.0111361 -0.0254453 -0.00885807 -0.0110252 0.9999 0.0136123 0.0 0.0 0.0 1.0
office/seq-04/color/frame-000056.color.png office/seq-04/color/frame-000057.color.png 0.999982 -0.00418634 0.00429631 0.00235378 0.0041887 0.999991 -0.000535674 -0.00179046 -0.00429399 0.000553697 0.999991 0.0109867 0.0 0.0 0.0 1.0
office/seq-04/color/frame-000057.color.png office/seq-04/color/frame-000058.color.png 0.999983 0.00553677 0.00163986 0.0110907 -0.00554367 0.999976 0.00423041 -0.00583169 -0.00161642 -0.00423945 0.99999 -0.00194362 0.0 0.0 0.0 1.0
office/seq-04/color/frame-000058.color.png office/seq-04/color/frame-000059.color.png 0.999937 -0.00690823 0.00881282 -0.00298867 0.00690547 0.999976 0.00034373 -0.00131869 -0.00881497 -0.000282827 0.999961 0.00659046 0.0 0.0 0.0 1.0
office/seq-04/color/frame-000059.color.png office/seq-04/color/frame-000060.color.png 0.999951 -0.00893136 0.00421357 -0.00159653 0.00893964 0.999958 -0.00194935 -0.00467286 -0.00419597 0.00198693 0.999989 0.016027 0.0 0.0 0.0 1.0
office/seq-04/color/frame-000060.color.png office/seq-04/color/frame-000061.color.png 0.999985 -0.00197715 -0.00521216 0.0177246 0.00197353 0.999998 -0.000700289 -0.00131682 0.00521358 0.000689992 0.999986 -0.00514227 0.0 0.0 0.0 1.0
office/seq-04/color/frame-000061.color.png office/seq-04/color/frame-000062.color.png 0.999972 -0.00572562 0.00481218 0.00505379 0.0056982 0.999968 0.00569231 -0.00201219 -0.00484463 -0.00566473 0.999972 0.00568527 0.0 0.0 0.0 1.0
office/seq-04/color/frame-000062.color.png office/seq-04/color/frame-000063.color.png 0.999981 -0.00293531 0.00542836 0.00170645 0.00291939 0.999991 0.00293735 -0.00440362 -0.00543693 -0.00292148 0.999981 0.0146805 0.0 0.0 0.0 1.0
office/seq-04/color/frame-000063.color.png office/seq-04/color/frame-000064.color.png 0.999998 0.00204713 0.000538215 0.00691152 -0.00204485 0.999989 -0.00420399 0.00306302 -0.000546804 0.00420291 0.999991 0.010646 0.0 0.0 0.0 1.0
office/seq-04/color/frame-000064.color.png office/seq-04/color/frame-000065.color.png 0.999996 0.0026765 -0.00121387 0.010957 -0.00267775 0.999996 -0.00103041 -0.00393292 0.00121109 0.00103365 0.999999 0.00406355 0.0 0.0 0.0 1.0
office/seq-04/color/frame-000065.color.png office/seq-04/color/frame-000066.color.png 0.999988 -0.00185216 0.00450837 0.00275666 0.00186201 0.999996 -0.00217892 0.00139233 -0.00450433 0.0021873 0.999987 0.00719601 0.0 0.0 0.0 1.0
office/seq-04/color/frame-000066.color.png office/seq-04/color/frame-000067.color.png 0.999983 -0.00511589 0.00283413 0.000551656 0.00510746 0.999982 0.00297609 -0.0112205 -0.00284927 -0.00296157 0.999992 0.0133309 0.0 0.0 0.0 1.0
office/seq-04/color/frame-000067.color.png office/seq-04/color/frame-000068.color.png 0.999998 -0.001336 0.00168388 0.00260098 0.00133911 0.999997 -0.00185842 -0.0012081 -0.00168147 0.00186065 0.999997 0.00852585 0.0 0.0 0.0 1.0
office/seq-04/color/frame-000068.color.png office/seq-04/color/frame-000069.color.png 0.999999 0.000404307 0.00161624 0.00303701 -0.00040415 1.0 -0.000106403 0.000717193 -0.00161624 0.000105723 0.999999 0.00615424 0.0 0.0 0.0 1.0
office/seq-04/color/frame-000069.color.png office/seq-04/color/frame-000070.color.png 1.0 9.02309e-05 -0.000688972 0.0085666 -8.76593e-05 0.999993 0.00364157 -0.00229907 0.00068929 -0.00364146 0.999993 0.00543487 0.0 0.0 0.0 1.0
office/seq-04/color/frame-000070.color.png office/seq-04/color/frame-000071.color.png 0.999993 -0.000162065 0.00367839 4.96954e-05 0.0001529 0.999997 0.00249061 -0.00220183 -0.00367879 -0.00249004 0.99999 0.010355 0.0 0.0 0.0 1.0
office/seq-04/color/frame-000071.color.png office/seq-04/color/frame-000072.color.png 0.999989 -0.00355428 0.0031229 0.00129004 0.00354811 0.999992 0.001976 -0.00583613 -0.0031299 -0.00196489 0.999993 0.0108631 0.0 0.0 0.0 1.0
office/seq-04/color/frame-000072.color.png office/seq-04/color/frame-000073.color.png 0.999999 -0.000416067 0.00154557 0.00367488 0.000419398 0.999998 -0.00215712 0.000704646 -0.00154464 0.00215779 0.999996 0.0112216 0.0 0.0 0.0 1.0
office/seq-04/color/frame-000073.color.png office/seq-04/color/frame-000074.color.png 0.99999 0.00387751 0.0021237 0.00405672 -0.00387129 0.999988 -0.00292316 0.00285676 -0.00213501 0.00291489 0.999994 0.00957119 0.0 0.0 0.0 1.0
office/seq-04/color/frame-000074.color.png office/seq-04/color/frame-000075.color.png 0.99998 -0.00353963 0.00523948 -0.00199442 0.00352224 0.999988 0.00332666 -0.0116978 -0.00525119 -0.00330814 0.999981 0.00989443 0.0 0.0 0.0 1.0
office/seq-04/color/frame-000075.color.png office/seq-04/color/frame-000076.color.png 0.999996 -0.00160678 0.00220921 0.00201771 0.00160638 0.999999 0.000185473 -0.0060561 -0.00220952 -0.000181924 0.999998 0.0165068 0.0 0.0 0.0 1.0
office/seq-04/color/frame-000076.color.png office/seq-04/color/frame-000077.color.png 0.999991 0.00380804 0.00187416 0.00474687 -0.00379603 0.999973 -0.00635525 0.00700682 -0.0018983 0.00634807 0.999978 0.00877953 0.0 0.0 0.0 1.0
office/seq-04/color/frame-000077.color.png office/seq-04/color/frame-000078.color.png 0.999978 -0.00476965 0.00464811 -0.000339121 0.00477542 0.999988 -0.00123821 -0.009184 -0.00464212 0.00126039 0.999988 0.0139371 0.0 0.0 0.0 1.0
office/seq-04/color/frame-000078.color.png office/seq-04/color/frame-000079.color.png 0.999997 0.00234416 0.000205588 0.00321013 -0.00234396 0.999997 -0.00109255 -0.00297195 -0.000208179 0.00109201 0.999999 0.0100462 0.0 0.0 0.0 1.0
office/seq-04/color/frame-000079.color.png office/seq-04/color/frame-000080.color.png 0.999986 0.00037222 0.00521278 -0.00297587 -0.000350717 0.999991 -0.00412641 0.00360435 -0.00521423 0.00412456 0.999978 0.0120673 0.0 0.0 0.0 1.0
office/seq-04/color/frame-000080.color.png office/seq-04/color/frame-000081.color.png 0.999996 -0.00158813 0.00253678 0.00157627 0.00158386 0.999997 0.00168327 -0.0121491 -0.0025395 -0.00167922 0.999995 0.0187299 0.0 0.0 0.0 1.0
office/seq-04/color/frame-000081.color.png office/seq-04/color/frame-000082.color.png 0.999994 -0.000604966 -0.00334123 0.0097321 0.000598543 0.999998 -0.00191997 -0.00474238 0.00334238 0.00191797 0.999993 0.00859356 0.0 0.0 0.0 1.0
office/seq-04/color/frame-000082.color.png office/seq-04/color/frame-000083.color.png 1.0 6.31105e-05 0.000497191 0.000997633 -6.20759e-05 0.999998 -0.00212027 -0.00290543 -0.000497315 0.00212016 0.999998 0.0145662 0.0 0.0 0.0 1.0
office/seq-04/color/frame-000083.color.png office/seq-04/color/frame-000084.color.png 0.999998 -0.00197798 3.79216e-05 0.000915259 0.00197814 0.999987 -0.00462386 -0.0021871 -2.8766e-05 0.00462396 0.999989 0.016909 0.0 0.0 0.0 1.0
office/seq-04/color/frame-000084.color.png office/seq-04/color/frame-000085.color.png 0.999997 0.00167572 -0.0016086 0.00562692 -0.00167936 0.999996 -0.00223819 -0.00410566 0.00160485 0.00224087 0.999996 0.011233 0.0 0.0 0.0 1.0
office/seq-04/color/frame-000085.color.png office/seq-04/color/frame-000086.color.png 0.999977 0.00632808 0.00235293 0.00213307 -0.00631814 0.999971 -0.00420152 0.00462729 -0.00237941 0.00418661 0.999988 0.0133154 0.0 0.0 0.0 1.0
office/seq-04/color/frame-000086.color.png office/seq-04/color/frame-000087.color.png 0.999993 0.000228104 0.00384283 -0.00119919 -0.000226624 1.0 -0.000391735 -0.00735015 -0.00384292 0.000390822 0.999992 0.0128338 0.0 0.0 0.0 1.0
office/seq-04/color/frame-000087.color.png office/seq-04/color/frame-000088.color.png 0.999999 0.000183237 0.00147602 -0.000818551 -0.000180115 0.999998 -0.00209427 -0.00678042 -0.00147642 0.00209402 0.999997 0.0174005 0.0 0.0 0.0 1.0
office/seq-04/color/frame-000088.color.png office/seq-04/color/frame-000089.color.png 0.999987 0.00504935 -0.000349321 0.0032346 -0.00505049 0.999982 -0.00325751 0.000367343 0.000332876 0.00325921 0.999995 0.0107433 0.0 0.0 0.0 1.0
office/seq-04/color/frame-000089.color.png office/seq-04/color/frame-000090.color.png 0.999999 0.00121287 0.00043621 0.00112775 -0.00121185 0.999997 -0.00229682 -0.001881 -0.00043897 0.0022963 0.999997 0.0122232 0.0 0.0 0.0 1.0
office/seq-04/color/frame-000090.color.png office/seq-04/color/frame-000091.color.png 0.999998 0.00189115 -0.000866204 0.00127959 -0.00189254 0.999997 -0.0016183 -0.00496599 0.000863105 0.00161991 0.999998 0.014848 0.0 0.0 0.0 1.0
office/seq-04/color/frame-000091.color.png office/seq-04/color/frame-000092.color.png 0.999996 0.00260372 -0.000959504 0.00177413 -0.00260262 0.999996 0.00114728 -0.010355 0.00096252 -0.00114476 0.999999 0.0123944 0.0 0.0 0.0 1.0
office/seq-04/color/frame-000092.color.png office/seq-04/color/frame-000093.color.png 0.999997 0.00222802 -0.000881703 0.00248995 -0.00223103 0.999992 -0.00343377 0.0018217 0.000874073 0.00343573 0.999994 0.0135309 0.0 0.0 0.0 1.0
office/seq-04/color/frame-000093.color.png office/seq-04/color/frame-000094.color.png 0.999997 0.00138872 -0.00215573 0.00298196 -0.00139315 0.999997 -0.00206141 -0.00396147 0.00215283 0.00206445 0.999996 0.0121686 0.0 0.0 0.0 1.0
office/seq-04/color/frame-000094.color.png office/seq-04/color/frame-000095.color.png 0.999977 0.00472859 -0.00489945 0.00658268 -0.00472783 0.999989 0.000166833 -0.0044018 0.00490021 -0.000143656 0.999988 0.00955838 0.0 0.0 0.0 1.0
office/seq-04/color/frame-000095.color.png office/seq-04/color/frame-000096.color.png 0.999992 0.00236941 -0.00326344 0.0031949 -0.00236699 0.999997 0.000747779 -0.00244662 0.00326522 -0.000740057 0.999994 0.00699145 0.0 0.0 0.0 1.0
office/seq-04/color/frame-000096.color.png office/seq-04/color/frame-000097.color.png 0.999998 -0.00136033 -0.0016519 -0.00178686 0.00136488 0.999995 0.00275773 -0.00857171 0.00164814 -0.00276 0.999995 0.0108081 0.0 0.0 0.0 1.0
office/seq-04/color/frame-000097.color.png office/seq-04/color/frame-000098.color.png 0.999979 0.00234479 -0.00612239 0.00684839 -0.00234759 0.999997 -0.000452184 -0.00142696 0.00612129 0.000466563 0.999981 0.0100995 0.0 0.0 0.0 1.0
office/seq-04/color/frame-000098.color.png office/seq-04/color/frame-000099.color.png 0.999977 0.00516589 -0.00427906 0.00473532 -0.00517847 0.999982 -0.00293281 0.0040482 0.00426385 0.00295494 0.999987 0.0114774 0.0 0.0 0.0 1.0
office/seq-04/color/frame-000099.color.png office/seq-04/color/frame-000100.color.png 0.999992 0.00292366 -0.00285163 0.00173977 -0.00292527 0.999996 -0.000557156 -0.00300431 0.00284997 0.000565439 0.999996 0.0114837 0.0 0.0 0.0 1.0
office/seq-04/color/frame-000100.color.png office/seq-04/color/frame-000101.color.png 0.999972 0.00215409 -0.00722908 0.00539239 -0.00215529 0.999998 -0.000159808 -0.00670356 0.00722873 0.00017543 0.999974 0.0057649 0.0 0.0 0.0 1.0
office/seq-04/color/frame-000101.color.png office/seq-04/color/frame-000102.color.png 0.999948 0.00624109 -0.00811823 0.0111963 -0.0062423 0.999981 -0.000120399 -0.000643492 0.00811727 0.000171031 0.999967 0.00707489 0.0 0.0 0.0 1.0
office/seq-04/color/frame-000102.color.png office/seq-04/color/frame-000103.color.png 0.999975 0.00509775 -0.00497702 0.00462979 -0.00509592 0.999987 0.000377804 -0.00402844 0.00497892 -0.000352402 0.999988 0.00734931 0.0 0.0 0.0 1.0
office/seq-04/color/frame-000103.color.png office/seq-04/color/frame-000104.color.png 0.999972 0.00387947 -0.00632465 0.00337346 -0.00389665 0.999989 -0.00270488 0.000512123 0.00631407 0.0027294 0.999976 0.011555 0.0 0.0 0.0 1.0
office/seq-04/color/frame-000104.color.png office/seq-04/color/frame-000105.color.png 0.999934 0.00438405 -0.010605 0.0134175 -0.00441045 0.999987 -0.002468 0.00264472 0.010594 0.00251462 0.999941 0.0029977 0.0 0.0 0.0 1.0
office/seq-04/color/frame-000105.color.png office/seq-04/color/frame-000106.color.png 0.999972 0.00276507 -0.00695048 0.00827153 -0.00275923 0.999996 0.000851268 -0.00247812 0.00695283 -0.000832057 0.999976 0.00457454 0.0 0.0 0.0 1.0
office/seq-04/color/frame-000106.color.png office/seq-04/color/frame-000107.color.png 0.999966 0.000174211 -0.0082441 0.00777926 -0.000160596 0.999999 0.00164962 -0.00947547 0.00824435 -0.0016482 0.999965 0.0099237 0.0 0.0 0.0 1.0
office/seq-04/color/frame-000107.color.png office/seq-04/color/frame-000108.color.png 0.999916 0.00547919 -0.0117375 0.0158634 -0.00553699 0.999973 -0.00489914 0.00399899 0.0117103 0.00496372 0.999919 0.00600678 0.0 0.0 0.0 1.0
office/seq-04/color/frame-000108.color.png office/seq-04/color/frame-000109.color.png 0.999946 0.00659274 -0.00804338 0.0099047 -0.00662825 0.999968 -0.00439536 0.00615036 0.00801411 0.00444841 0.999958 0.00746137 0.0 0.0 0.0 1.0
office/seq-04/color/frame-000109.color.png office/seq-04/color/frame-000110.color.png 0.999962 0.00402484 -0.00771088 0.00700687 -0.00403365 0.999991 -0.00112705 -0.00247896 0.0077063 0.00115819 0.99997 0.00792044 0.0 0.0 0.0 1.0
office/seq-04/color/frame-000110.color.png office/seq-04/color/frame-000111.color.png 0.999948 0.00218244 -0.00997032 0.0110015 -0.00217629 0.999998 0.000627603 -0.00952816 0.00997167 -0.000605913 0.99995 0.00740051 0.0 0.0 0.0 1.0
office/seq-04/color/frame-000111.color.png office/seq-04/color/frame-000112.color.png 0.999926 0.00731642 -0.0097368 0.0119184 -0.00736403 0.999961 -0.00486355 0.00744152 0.00970084 0.00493487 0.999941 0.00903928 0.0 0.0 0.0 1.0
office/seq-04/color/frame-000112.color.png office/seq-04/color/frame-000113.color.png 0.99994 0.00605569 -0.00917303 0.0104721 -0.0061106 0.999964 -0.00596988 0.00845301 0.00913656 0.00602556 0.99994 0.00661314 0.0 0.0 0.0 1.0
office/seq-04/color/frame-000113.color.png office/seq-04/color/frame-000114.color.png 0.999938 0.00320866 -0.0106848 0.0144278 -0.00322667 0.999993 -0.00166856 -0.00218928 0.0106794 0.00170295 0.999941 0.00703573 0.0 0.0 0.0 1.0
office/seq-04/color/frame-000114.color.png office/seq-04/color/frame-000115.color.png 0.999928 0.00637007 -0.0102083 0.0123356 -0.00639991 0.999975 -0.00289255 0.00283831 0.0101897 0.00295772 0.999944 0.0057528 0.0 0.0 0.0 1.0
office/seq-04/color/frame-000115.color.png office/seq-04/color/frame-000116.color.png 0.999928 0.00723104 -0.0096036 0.0136966 -0.00723945 0.999973 -0.000841029 -0.00312966 0.00959726 0.000910428 0.999954 0.0049789 0.0 0.0 0.0 1.0
office/seq-04/color/frame-000116.color.png office/seq-04/color/frame-000117.color.png 0.999938 0.00735063 -0.00833294 0.00921619 -0.00737193 0.99997 -0.00252806 0.000334322 0.0083141 0.00258933 0.999962 0.0062803 0.0 0.0 0.0 1.0
office/seq-04/color/frame-000117.color.png office/seq-04/color/frame-000118.color.png 0.999922 0.0059159 -0.0110073 0.014616 -0.00597556 0.999968 -0.00539527 0.00863713 0.010975 0.00546063 0.999925 0.00446355 0.0 0.0 0.0 1.0
office/seq-04/color/frame-000118.color.png office/seq-04/color/frame-000119.color.png 0.999936 0.00864612 -0.00736427 0.0114316 -0.0086586 0.999961 -0.00166415 0.00852925 0.00734961 0.00172779 0.999972 0.00298858 0.0 0.0 0.0 1.0
office/seq-04/color/frame-000119.color.png office/seq-04/color/frame-000120.color.png 0.999981 0.0036216 -0.00508733 0.00327997 -0.00358938 0.999974 0.0063304 -0.0127779 0.00511012 -0.00631204 0.999967 0.00328481 0.0 0.0 0.0 1.0
office/seq-04/color/frame-000120.color.png office/seq-04/color/frame-000121.color.png 0.999929 0.00375202 -0.0113322 0.0151839 -0.00375286 0.999993 -5.36293e-05 -0.00122654 0.0113319 9.61808e-05 0.999936 0.0037843 0.0 0.0 0.0 1.0
office/seq-04/color/frame-000121.color.png office/seq-04/color/frame-000122.color.png 0.999945 0.00758158 -0.00724682 0.00700954 -0.00758751 0.999971 -0.000790889 0.000667691 0.00724061 0.000845853 0.999973 0.00457442 0.0 0.0 0.0 1.0
office/seq-04/color/frame-000122.color.png office/seq-04/color/frame-000123.color.png 0.999932 0.00409264 -0.0108859 0.014325 -0.00404975 0.999984 0.00395921 -0.0117794 0.010902 -0.00391484 0.999933 0.0026381 0.0 0.0 0.0 1.0
office/seq-04/color/frame-000123.color.png office/seq-04/color/frame-000124.color.png 0.999904 0.00570762 -0.0125928 0.0168199 -0.00570862 0.999984 -4.38397e-05 -0.00508893 0.0125923 0.000115681 0.999921 0.00511611 0.0 0.0 0.0 1.0
office/seq-04/color/frame-000124.color.png office/seq-04/color/frame-000125.color.png 0.99988 0.0110094 -0.0108967 0.0123815 -0.0110536 0.999931 -0.00400363 0.00536501 0.0108519 0.0041236 0.999933 0.00607932 0.0 0.0 0.0 1.0
office/seq-04/color/frame-000125.color.png office/seq-04/color/frame-000126.color.png 0.999879 0.0117692 -0.0101808 0.00890628 -0.011792 0.999928 -0.00217663 0.00572008 0.0101544 0.00229643 0.999946 0.00432861 0.0 0.0 0.0 1.0
office/seq-04/color/frame-000126.color.png office/seq-04/color/frame-000127.color.png 0.999871 0.00606347 -0.014878 0.017622 -0.0061071 0.999977 -0.00288826 0.00464171 0.0148602 0.00297874 0.999885 0.00407791 0.0 0.0 0.0 1.0
office/seq-04/color/frame-000127.color.png office/seq-04/color/frame-000128.color.png 0.999886 0.00401417 -0.0145845 0.0159698 -0.00402412 0.999992 -0.000652902 -0.00530392 0.0145818 0.000711558 0.999894 0.00240529 0.0 0.0 0.0 1.0
office/seq-04/color/frame-000128.color.png office/seq-04/color/frame-000129.color.png 0.999782 0.0101148 -0.0182733 0.0224344 -0.0102396 0.999925 -0.00674766 0.0104672 0.0182036 0.00693328 0.99981 0.0055145 0.0 0.0 0.0 1.0
office/seq-04/color/frame-000129.color.png office/seq-04/color/frame-000130.color.png 0.999808 0.00861564 -0.0176052 0.0177629 -0.00870193 0.99995 -0.00483198 0.00663894 0.0175627 0.00498426 0.999833 0.00333977 0.0 0.0 0.0 1.0
office/seq-04/color/frame-000130.color.png office/seq-04/color/frame-000131.color.png 0.999892 0.00779737 -0.0124653 0.00953233 -0.0078445 0.999962 -0.00373315 0.0100083 0.0124357 0.00383054 0.999915 0.00127578 0.0 0.0 0.0 1.0
office/seq-04/color/frame-000131.color.png office/seq-04/color/frame-000132.color.png 0.99985 0.00477428 -0.0166155 0.0171233 -0.00476233 0.999988 0.000757456 -0.000652969 0.016619 -0.000678202 0.999862 0.000293016 0.0 0.0 0.0 1.0
office/seq-04/color/frame-000132.color.png office/seq-04/color/frame-000133.color.png 0.999933 0.00268879 -0.0113006 0.00377892 -0.00264798 0.99999 0.00362598 -0.0146454 0.0113103 -0.00359586 0.99993 -0.00297928 0.0 0.0 0.0 1.0
office/seq-04/color/frame-000133.color.png office/seq-04/color/frame-000134.color.png 0.999945 0.00620003 -0.0084492 0.000875071 -0.00624996 0.999963 -0.00589697 0.0123118 0.00841232 0.00594949 0.999947 0.00399935 0.0 0.0 0.0 1.0
office/seq-04/color/frame-000134.color.png office/seq-04/color/frame-000135.color.png 0.99993 -0.000121511 -0.0118679 0.0114228 8.20951e-05 0.999995 -0.00332109 0.00620812 0.0118682 0.00331988 0.999924 0.000360012 0.0 0.0 0.0 1.0
office/seq-04/color/frame-000135.color.png office/seq-04/color/frame-000136.color.png 0.999987 3.16745e-05 -0.00509477 -0.0026893 -2.57009e-05 0.999999 0.0011708 -0.00764006 0.00509479 -0.00117066 0.999986 -0.00399899 0.0 0.0 0.0 1.0
office/seq-04/color/frame-000136.color.png office/seq-04/color/frame-000137.color.png 0.999945 0.00515175 -0.00915614 0.00981881 -0.00519739 0.999974 -0.0049684 0.00848752 0.00913029 0.00501571 0.999946 0.00123775 0.0 0.0 0.0 1.0
office/seq-04/color/frame-000137.color.png office/seq-04/color/frame-000138.color.png 0.99999 0.00403731 -0.00197203 -0.00566013 -0.00404408 0.999986 -0.00343553 0.00934273 0.0019582 0.00344348 0.999992 -0.00388515 0.0 0.0 0.0 1.0
office/seq-04/color/frame-000138.color.png office/seq-04/color/frame-000139.color.png 0.999999 0.000486909 -0.00120539 -0.00750881 -0.000481452 0.99999 0.00449867 -0.00709569 0.00120756 -0.00449809 0.999989 -0.00429416 0.0 0.0 0.0 1.0
office/seq-04/color/frame-000139.color.png office/seq-04/color/frame-000140.color.png 0.99999 0.00255533 -0.00375121 0.00170287 -0.00255193 0.999996 0.000914158 -0.00157142 0.0037535 -0.000904544 0.999993 0.000471115 0.0 0.0 0.0 1.0
office/seq-04/color/frame-000140.color.png office/seq-04/color/frame-000141.color.png 0.999998 0.00145322 0.00152495 -0.0150645 -0.00145298 0.999999 -0.000171314 -0.00214416 -0.00152517 0.000169102 0.999999 -0.00352323 0.0 0.0 0.0 1.0
office/seq-04/color/frame-000141.color.png office/seq-04/color/frame-000142.color.png 0.999997 -0.000782017 -0.00247756 -0.00811668 0.000776975 0.999998 -0.00204249 0.00488335 0.00247916 0.00204053 0.999995 0.000222921 0.0 0.0 0.0 1.0
office/seq-04/color/frame-000142.color.png office/seq-04/color/frame-000143.color.png 0.999985 -0.00466249 -0.00276109 -0.00677956 0.00465724 0.999987 -0.0018958 0.00113106 0.00276986 0.00188289 0.999995 -0.00259769 0.0 0.0 0.0 1.0
office/seq-04/color/frame-000143.color.png office/seq-04/color/frame-000144.color.png 0.999991 -0.00386775 -0.00168422 -0.00977079 0.00386422 0.99999 -0.00210865 -0.00193799 0.00169239 0.00210213 0.999996 -0.00313628 0.0 0.0 0.0 1.0
office/seq-04/color/frame-000144.color.png office/seq-04/color/frame-000145.color.png 0.999999 -0.00144176 -0.000631267 -0.012156 0.00143704 0.999971 -0.00743905 0.0134785 0.00064195 0.00743814 0.999972 -8.46386e-06 0.0 0.0 0.0 1.0
office/seq-04/color/frame-000145.color.png office/seq-04/color/frame-000146.color.png 1.0 -0.00074863 -0.00037769 -0.00855036 0.000748086 0.999999 -0.00141071 0.00316268 0.00037872 0.00141041 0.999999 -0.00416684 0.0 0.0 0.0 1.0
office/seq-04/color/frame-000146.color.png office/seq-04/color/frame-000147.color.png 0.999988 -0.000126758 0.00481623 -0.0161676 0.00013691 0.999998 -0.00210562 0.00767881 -0.00481598 0.00210626 0.999986 -0.00446916 0.0 0.0 0.0 1.0
office/seq-04/color/frame-000147.color.png office/seq-04/color/frame-000148.color.png 0.999988 -0.00321911 0.00360379 -0.015659 0.00320442 0.999987 0.0040653 -0.0113775 -0.0036168 -0.0040537 0.999985 -0.00246716 0.0 0.0 0.0 1.0
office/seq-04/color/frame-000148.color.png office/seq-04/color/frame-000149.color.png 0.999995 -0.000646351 0.00301656 -0.0165241 0.000660851 0.999988 -0.00480439 0.00959361 -0.00301341 0.00480635 0.999984 -0.00417292 0.0 0.0 0.0 1.0
office/seq-04/color/frame-000149.color.png office/seq-04/color/frame-000150.color.png 0.999989 -0.00356601 0.00292696 -0.0131434 0.00357004 0.999993 -0.0013771 0.00709701 -0.002922 0.00138753 0.999995 -0.00355124 0.0 0.0 0.0 1.0
office/seq-04/color/frame-000150.color.png office/seq-04/color/frame-000151.color.png 0.999968 -0.00546284 0.00589601 -0.0183829 0.00545691 0.999985 0.00102559 -0.00110561 -0.00590156 -0.00099337 0.999982 -0.00545108 0.0 0.0 0.0 1.0
office/seq-04/color/frame-000151.color.png office/seq-04/color/frame-000152.color.png 0.99998 -0.00324018 0.0054298 -0.0192041 0.00325993 0.999988 -0.00364104 0.00262386 -0.00541794 0.00365868 0.999979 -0.00255179 0.0 0.0 0.0 1.0
office/seq-04/color/frame-000152.color.png office/seq-04/color/frame-000153.color.png 0.999988 -0.000474374 0.00491488 -0.0126222 0.000497354 0.999989 -0.00467163 0.0106372 -0.00491261 0.004674 0.999977 -0.00611341 0.0 0.0 0.0 1.0
office/seq-04/color/frame-000153.color.png office/seq-04/color/frame-000154.color.png 0.999934 -0.00325776 0.0110405 -0.0264295 0.00319618 0.999979 0.00559461 -0.00712758 -0.0110585 -0.00555896 0.999923 -0.0102148 0.0 0.0 0.0 1.0
office/seq-04/color/frame-000154.color.png office/seq-04/color/frame-000155.color.png 0.999987 -0.0038798 0.00332164 -0.0127483 0.00386571 0.999983 0.00423262 -0.00980014 -0.00333803 -0.00421972 0.999986 -0.00704324 0.0 0.0 0.0 1.0
office/seq-04/color/frame-000155.color.png office/seq-04/color/frame-000156.color.png 0.999968 -0.00662871 0.0043772 -0.0193935 0.00663025 0.999978 -0.000343704 -0.00621498 -0.00437482 0.000372736 0.99999 -0.00830543 0.0 0.0 0.0 1.0
office/seq-04/color/frame-000156.color.png office/seq-04/color/frame-000157.color.png 0.999989 -0.00421123 0.00202083 -0.012088 0.00421915 0.999983 -0.00392884 0.0102789 -0.00200423 0.00393732 0.99999 -0.00471807 0.0 0.0 0.0 1.0
office/seq-04/color/frame-000157.color.png office/seq-04/color/frame-000158.color.png 0.999994 -0.000881649 0.00335123 -0.0121908 0.000879603 0.999999 0.000611165 -0.000783205 -0.00335177 -0.000608213 0.999994 -0.00597715 0.0 0.0 0.0 1.0
office/seq-04/color/frame-000158.color.png office/seq-04/color/frame-000159.color.png 0.99999 -0.00423913 0.00103389 -0.0135995 0.00423747 0.99999 0.00162669 -0.00813508 -0.00104078 -0.0016223 0.999998 -0.00460827 0.0 0.0 0.0 1.0
office/seq-04/color/frame-000159.color.png office/seq-04/color/frame-000160.color.png 0.999994 -7.08852e-05 -0.00361874 -0.00379218 5.02705e-05 0.999984 -0.00569529 0.0104111 0.00361906 0.00569506 0.999977 -0.00727594 0.0 0.0 0.0 1.0
office/seq-04/color/frame-000160.color.png office/seq-04/color/frame-000161.color.png 0.999975 0.00689352 0.00171525 -0.00742108 -0.00688859 0.999972 -0.00286896 0.00399435 -0.00173495 0.00285708 0.999994 -0.0082432 0.0 0.0 0.0 1.0
office/seq-04/color/frame-000161.color.png office/seq-04/color/frame-000162.color.png 0.999987 0.00349509 0.00379339 -0.011944 -0.00349006 0.999993 -0.0013273 -0.00424314 -0.00379802 0.00131404 0.999992 -0.00490373 0.0 0.0 0.0 1.0
office/seq-04/color/frame-000162.color.png office/seq-04/color/frame-000163.color.png 0.999999 0.000313619 0.00148343 -0.0176087 -0.00030992 0.999997 -0.00249751 -0.00148422 -0.00148421 0.00249705 0.999996 -0.0101569 0.0 0.0 0.0 1.0
office/seq-04/color/frame-000163.color.png office/seq-04/color/frame-000164.color.png 0.999971 0.00554609 -0.00528184 0.00634108 -0.00556605 0.999977 -0.00376622 0.00744915 0.00526084 0.00379553 0.999979 -0.00538516 0.0 0.0 0.0 1.0
office/seq-04/color/frame-000164.color.png office/seq-04/color/frame-000165.color.png 0.999999 0.000923259 0.00107952 -0.00713189 -0.000921162 0.999998 -0.00193575 5.9247e-05 -0.00108131 0.00193475 0.999997 -0.00462037 0.0 0.0 0.0 1.0
office/seq-04/color/frame-000165.color.png office/seq-04/color/frame-000166.color.png 0.999994 -0.00249465 0.00227778 -0.0193553 0.00250476 0.999987 -0.00443296 0.00166267 -0.00226669 0.00443866 0.999988 -0.0088554 0.0 0.0 0.0 1.0
office/seq-04/color/frame-000166.color.png office/seq-04/color/frame-000167.color.png 0.999969 0.00514987 -0.00597368 0.00719421 -0.00517971 0.999974 -0.00499308 0.0112137 0.0059478 0.00502388 0.99997 -0.00226027 0.0 0.0 0.0 1.0
office/seq-04/color/frame-000167.color.png office/seq-04/color/frame-000168.color.png 0.99999 0.00409779 0.00157075 -0.0071286 -0.00409271 0.999986 -0.00324006 0.00975335 -0.00158401 0.00323359 0.999994 -0.0124821 0.0 0.0 0.0 1.0
office/seq-04/color/frame-000168.color.png office/seq-04/color/frame-000169.color.png 0.999985 0.00554572 -0.000272567 -0.0109872 -0.00554627 0.999982 -0.0021878 -0.000671148 0.000260454 0.00218928 0.999997 -0.0102876 0.0 0.0 0.0 1.0
office/seq-04/color/frame-000169.color.png office/seq-04/color/frame-000170.color.png 0.999981 0.00598819 -0.00136443 0.0021067 -0.00599663 0.999963 -0.00624242 0.011978 0.00132697 0.00625048 0.99998 -0.00964832 0.0 0.0 0.0 1.0
office/seq-04/color/frame-000170.color.png office/seq-04/color/frame-000171.color.png 0.999991 -0.000250309 0.00423286 -0.0110801 0.000250766 1.0 -0.000105446 0.0046199 -0.00423281 0.000106495 0.999991 -0.0112291 0.0 0.0 0.0 1.0
office/seq-04/color/frame-000171.color.png office/seq-04/color/frame-000172.color.png 0.999997 -0.000307068 0.00246095 -0.01155 0.000304303 0.999999 0.00112568 0.00201899 -0.00246127 -0.00112493 0.999996 -0.00981051 0.0 0.0 0.0 1.0
office/seq-04/color/frame-000172.color.png office/seq-04/color/frame-000173.color.png 0.999996 0.0027043 0.000474175 -0.00333913 -0.00270538 0.999994 0.00222813 -0.00165832 -0.000468163 -0.00222939 0.999997 -0.0118747 0.0 0.0 0.0 1.0
