office/seq-04/color/frame-000001.color.png office/seq-04/color/frame-000003.color.png 0.999983 0.00405067 0.0043118 -0.00258447 -0.00408039 0.999968 0.00690546 0.00366519 -0.00428369 -0.00692293 0.999967 0.00182826 0.0 0.0 0.0 1.0
office/seq-04/color/frame-000003.color.png office/seq-04/color/frame-000005.color.png 0.999984 0.00565621 0.000187091 0.00183079 -0.00565636 0.999984 0.000820484 -0.00884893 -0.000182448 -0.00082153 1.0 0.00870774 0.0 0.0 0.0 1.0
office/seq-04/color/frame-000005.color.png office/seq-04/color/frame-000007.color.png 0.999923 0.00867163 0.0088232 -0.00539736 -0.00874029 0.999932 0.00777354 0.00829402 -0.00875519 -0.00785006 0.999931 0.00507151 0.0 0.0 0.0 1.0
office/seq-04/color/frame-000007.color.png office/seq-04/color/frame-000009.color.png 0.999965 0.00447398 -0.00710743 0.00100933 -0.00440157 0.999939 0.0101705 -0.000457523 0.0071525 -0.0101388 0.999923 0.00747335 0.0 0.0 0.0 1.0
office/seq-04/color/frame-000009.color.png office/seq-04/color/frame-000011.color.png 0.999965 0.00706557 0.00457609 -0.00200169 -0.00718497 0.99962 0.0266252 -0.0136093 -0.00438622 -0.0266572 0.999635 0.0204567 0.0 0.0 0.0 1.0
office/seq-04/color/frame-000011.color.png office/seq-04/color/frame-000013.color.png 0.999994 0.000663046 0.00332568 0.00269359 -0.000713386 0.999885 0.0151594 -0.0166069 -0.00331525 -0.0151617 0.999879 0.0163564 0.0 0.0 0.0 1.0
office/seq-04/color/frame-000013.color.png office/seq-04/color/frame-000015.color.png 0.999868 -0.00189441 0.0161398 -0.00290452 0.00174594 0.999956 0.00920828 0.00932336 -0.0161565 -0.00917887 0.999827 0.0169071 0.0 0.0 0.0 1.0
office/seq-04/color/frame-000015.color.png office/seq-04/color/frame-000017.color.png 0.999918 -0.00531138 0.0116672 0.00404693 0.00502016 0.999679 0.024849 -0.0183079 -0.0117954 -0.0247884 0.999623 0.0209185 0.0 0.0 0.0 1.0
office/seq-04/color/frame-000017.color.png office/seq-04/color/frame-000019.color.png 0.999848 -0.00411703 0.016945 -0.00146466 0.00398845 0.999963 0.00761491 -0.00914145 -0.0169757 -0.00754618 0.999827 0.0213332 0.0 0.0 0.0 1.0
office/seq-04/color/frame-000019.color.png office/seq-04/color/frame-000021.color.png 0.999855 -0.00783334 0.0151179 -0.012326 0.00746838 0.999683 0.0240486 -0.0253657 -0.0153015 -0.0239321 0.999597 0.0159113 0.0 0.0 0.0 1.0
office/seq-04/color/frame-000021.color.png office/seq-04/color/frame-000023.color.png 0.999927 0.00431264 0.0113143 0.000314258 -0.00455573 0.999757 0.0215486 -0.0117281 -0.0112186 -0.0215986 0.999704 0.0287852 0.0 0.0 0.0 1.0
office/seq-04/color/frame-000023.color.png office/seq-04/color/frame-000025.color.png 0.999984 0.00357313 0.0044416 -0.00232503 -0.00363441 0.999897 0.0138629 -0.00690277 -0.00439165 -0.0138788 0.999894 0.0102675 0.0 0.0 0.0 1.0
office/seq-04/color/frame-000025.color.png office/seq-04/color/frame-000027.color.png 0.999937 2.33537e-06 0.011223 -0.015255 -0.000343506 0.999538 0.0303974 -0.0366823 -0.0112178 -0.0303993 0.999475 0.0278726 0.0 0.0 0.0 1.0
office/seq-04/color/frame-000027.color.png office/seq-04/color/frame-000029.color.png 0.999993 0.000656122 -0.00378967 -0.00174736 -0.000606528 0.999914 0.0130713 -0.0160828 0.00379793 -0.013069 0.999907 0.0169168 0.0 0.0 0.0 1.0
office/seq-04/color/frame-000029.color.png office/seq-04/color/frame-000031.color.png 0.999997 -0.00232723 -1.35716e-05 -0.00623142 0.00232685 0.99969 0.0248047 -0.0378985 -4.41711e-05 -0.0248047 0.999692 0.0314368 0.0 0.0 0.0 1.0
office/seq-04/color/frame-000031.color.png office/seq-04/color/frame-000033.color.png 0.999999 0.00041559 -0.0012485 0.00370535 -0.000406555 0.999974 0.00723159 -0.0189017 0.00125148 -0.0072311 0.999973 0.0159756 0.0 0.0 0.0 1.0
office/seq-04/color/frame-000033.color.png office/seq-04/color/frame-000035.color.png 0.999937 -0.00788539 0.00804307 -0.00638277 0.00788905 0.999969 -0.000421167 -0.0110661 -0.00803949 0.000484627 0.999968 0.015716 0.0 0.0 0.0 1.0
office/seq-04/color/frame-000035.color.png office/seq-04/color/frame-000037.color.png 0.999879 -0.0137531 0.00720523 -0.00151263 0.013766 0.999904 -0.00174789 -0.0211188 -0.00718051 0.00184682 0.999972 0.0229118 0.0 0.0 0.0 1.0
office/seq-04/color/frame-000037.color.png office/seq-04/color/frame-000039.color.png 0.999994 -0.00271937 -0.00200698 0.0053293 0.00271642 0.999995 -0.001473 -0.0207944 0.00201095 0.00146756 0.999997 0.0162334 0.0 0.0 0.0 1.0
office/seq-04/color/frame-000039.color.png office/seq-04/color/frame-000041.color.png 0.999998 -0.0017368 -0.00136005 0.00875421 0.00173679 0.999999 -8.64e-06 -0.0110453 0.00136006 6.25325e-06 0.999999 0.0154877 0.0 0.0 0.0 1.0
office/seq-04/color/frame-000041.color.png office/seq-04/color/frame-000043.color.png 0.999995 -0.00212968 0.00248201 0.00667084 0.00212874 0.999998 0.000381477 -0.00678299 -0.00248285 -0.000376189 0.999997 0.0174045 0.0 0.0 0.0 1.0
office/seq-04/color/frame-000043.color.png office/seq-04/color/frame-000045.color.png 0.999972 0.00505279 0.00559489 0.0120113 -0.00502576 0.999976 -0.00483556 -0.00205047 -0.00561918 0.0048073 0.999973 0.0168554 0.0 0.0 0.0 1.0
office/seq-04/color/frame-000045.color.png office/seq-04/color/frame-000047.color.png 0.99997 -0.00302126 0.00716007 0.0155682 0.00300106 0.999991 0.00283058 0.00102264 -0.00716854 -0.00280897 0.99997 0.016296 0.0 0.0 0.0 1.0
office/seq-04/color/frame-000047.color.png office/seq-04/color/frame-000049.color.png 0.999908 -0.0076416 0.0112243 0.00960173 0.00760391 0.999965 0.00339557 -0.0348572 -0.0112499 -0.00330999 0.999931 0.0181418 0.0 0.0 0.0 1.0
office/seq-04/color/frame-000049.color.png office/seq-04/color/frame-000051.color.png 0.999683 -0.017201 0.0183908 0.00182762 0.0171949 0.999852 0.000488673 -0.0215425 -0.0183965 -0.000172274 0.999831 0.0166331 0.0 0.0 0.0 1.0
office/seq-04/color/frame-000051.color.png office/seq-04/color/frame-000053.color.png 0.999914 -0.00750248 0.010726 0.00879661 0.00761613 0.999915 -0.0105939 0.00185689 -0.0106456 0.0106747 0.999886 0.0142142 0.0 0.0 0.0 1.0
office/seq-04/color/frame-000053.color.png office/seq-04/color/frame-000055.color.png 0.999388 -0.00952208 0.0336691 -0.011523 0.00985807 0.999903 -0.00982816 0.0102331 -0.0335723 0.010154 0.999385 0.00721151 0.0 0.0 0.0 1.0
office/seq-04/color/frame-000055.color.png office/seq-04/color/frame-000057.color.png 0.999834 -0.0173447 0.00555136 0.0199782 0.0173052 0.999825 0.00709393 -0.0183255 -0.00567341 -0.00699664 0.99996 0.0230263 0.0 0.0 0.0 1.0
office/seq-04/color/frame-000057.color.png office/seq-04/color/frame-000059.color.png 0.99994 -0.00423675 0.0101068 0.0111868 0.00412384 0.999929 0.0111673 -0.0228008 -0.0101534 -0.0111249 0.999887 0.009213 0.0 0.0 0.0 1.0
office/seq-04/color/frame-000059.color.png office/seq-04/color/frame-000061.color.png 0.999955 -0.0091601 0.00240523 0.00602061 0.00917463 0.999939 -0.00611254 0.00150567 -0.00234908 0.00613434 0.999978 0.0106049 0.0 0.0 0.0 1.0
office/seq-04/color/frame-000061.color.png office/seq-04/color/frame-000063.color.png 0.999929 -0.0075425 0.00924066 0.00954483 0.00747615 0.999946 0.00719527 -0.00208125 -0.00929441 -0.00712569 0.999931 0.0174173 0.0 0.0 0.0 1.0
office/seq-04/color/frame-000063.color.png office/seq-04/color/frame-000065.color.png 0.999996 0.00226195 0.00147191 0.0130118 -0.00225588 0.999989 -0.0041197 -0.00427321 -0.00148118 0.00411638 0.999991 0.01599 0.0 0.0 0.0 1.0
office/seq-04/color/frame-000065.color.png office/seq-04/color/frame-000067.color.png 0.999972 -0.00493603 0.00558352 0.00643608 0.00493649 0.999988 -7.37515e-05 -0.0069434 -0.00558313 0.000101259 0.999984 0.0175787 0.0 0.0 0.0 1.0
office/seq-04/color/frame-000067.color.png office/seq-04/color/frame-000069.color.png 0.999997 -0.0019301 -0.00138558 0.0172126 0.00192621 0.999994 -0.00282389 0.00193226 0.00139102 0.00282123 0.999995 0.00995511 0.0 0.0 0.0 1.0
office/seq-04/color/frame-000069.color.png office/seq-04/color/frame-000071.color.png 0.999992 0.000200357 0.00404783 0.00695358 -0.000218441 0.99999 0.00446964 -0.00145486 -0.00404687 -0.00447047 0.999982 0.0167936 0.0 0.0 0.0 1.0
office/seq-04/color/frame-000071.color.png office/seq-04/color/frame-000073.color.png 0.999985 -0.00372829 0.00394571 0.00736563 0.0037165 0.999989 0.0029939 -0.0122751 -0.00395688 -0.00297918 0.999988 0.0235487 0.0 0.0 0.0 1.0
office/seq-04/color/frame-000073.color.png office/seq-04/color/frame-000075.color.png 0.999968 0.00127945 0.00789581 0.000799388 -0.00126539 0.999998 -0.00178539 -0.00392812 -0.00789805 0.00177529 0.999967 0.0195953 0.0 0.0 0.0 1.0
office/seq-04/color/frame-000075.color.png office/seq-04/color/frame-000077.color.png 0.999989 0.000532898 0.00472678 0.00564104 -0.000508353 0.999986 -0.00518918 -0.00392491 -0.0047295 0.00518675 0.999975 0.0225398 0.0 0.0 0.0 1.0
office/seq-04/color/frame-000077.color.png office/seq-04/color/frame-000079.color.png 0.999989 6.18943e-05 0.00469203 0.00330248 -4.00323e-05 0.999989 -0.00466253 -0.00457898 -0.00469223 0.00466226 0.999978 0.0254492 0.0 0.0 0.0 1.0
office/seq-04/color/frame-000079.color.png office/seq-04/color/frame-000081.color.png 0.999973 -0.00215205 0.00696738 0.000881344 0.00216697 0.999995 -0.00213606 -0.0106486 -0.00696275 0.00215114 0.999974 0.0289937 0.0 0.0 0.0 1.0
office/seq-04/color/frame-000081.color.png office/seq-04/color/frame-000083.color.png 1.0 0.000288147 0.000859924 0.00178671 -0.0002845 0.999991 -0.00423286 -0.00662714 -0.000861165 0.00423255 0.999991 0.0274207 0.0 0.0 0.0 1.0
office/seq-04/color/frame-000083.color.png office/seq-04/color/frame-000085.color.png 0.999993 -0.00161777 -0.00327185 0.0112675 0.0016014 0.999986 -0.00499888 -0.00972548 0.00327991 0.00499362 0.999982 0.0267525 0.0 0.0 0.0 1.0
office/seq-04/color/frame-000085.color.png office/seq-04/color/frame-000087.color.png 0.999962 0.00626457 0.00601475 0.00144136 -0.00623774 0.99997 -0.00446645 -0.00326273 -0.00604253 0.00442875 0.999972 0.027673 0.0 0.0 0.0 1.0
office/seq-04/color/frame-000087.color.png office/seq-04/color/frame-000089.color.png 0.999972 0.00750919 0.000145725 0.00522815 -0.00750823 0.999956 -0.00567071 -0.0039635 -0.000188331 0.00566948 0.999984 0.0275676 0.0 0.0 0.0 1.0
office/seq-04/color/frame-000089.color.png office/seq-04/color/frame-000091.color.png 0.999993 0.00360682 0.000891542 -0.000419319 -0.00360234 0.999981 -0.00498228 -0.00318891 -0.000909519 0.00497901 0.999987 0.0257149 0.0 0.0 0.0 1.0
office/seq-04/color/frame-000091.color.png office/seq-04/color/frame-000093.color.png 0.999972 0.00606492 -0.00432696 0.00972399 -0.0060832 0.999973 -0.00422606 -0.00375673 0.00430126 0.00425228 0.999982 0.0242237 0.0 0.0 0.0 1.0
office/seq-04/color/frame-000093.color.png office/seq-04/color/frame-000095.color.png 0.999987 0.00379961 -0.00341663 0.000149846 -0.00379593 0.999992 0.0010864 -0.0170141 0.00342079 -0.0010734 0.999994 0.0215205 0.0 0.0 0.0 1.0
office/seq-04/color/frame-000095.color.png office/seq-04/color/frame-000097.color.png 0.999978 0.00159472 -0.00648928 0.00612175 -0.00156708 0.99999 0.00425654 -0.0109604 0.00649597 -0.00424624 0.99997 0.0222258 0.0 0.0 0.0 1.0
office/seq-04/color/frame-000097.color.png office/seq-04/color/frame-000099.color.png 0.999908 0.00811495 -0.0108716 0.0127528 -0.00814696 0.999963 -0.00289973 0.00186998 0.0108477 0.00298801 0.999937 0.0186241 0.0 0.0 0.0 1.0
office/seq-04/color/frame-000099.color.png office/seq-04/color/frame-000101.color.png 0.999922 0.00487021 -0.0115171 0.0108778 -0.00490411 0.999984 -0.00291914 -0.00390303 0.0115028 0.00297538 0.999929 0.0179642 0.0 0.0 0.0 1.0
office/seq-04/color/frame-000101.color.png office/seq-04/color/frame-000103.color.png 0.999856 0.0115344 -0.0124664 0.0140461 -0.0115131 0.999932 0.00177942 -0.00786796 0.012486 -0.00163562 0.999921 0.015319 0.0 0.0 0.0 1.0
office/seq-04/color/frame-000103.color.png office/seq-04/color/frame-000105.color.png 0.999806 0.00760552 -0.0181541 0.0188075 -0.007672 0.999964 -0.00359513 -0.00185138 0.0181261 0.00373373 0.999829 0.0124012 0.0 0.0 0.0 1.0
office/seq-04/color/frame-000105.color.png office/seq-04/color/frame-000107.color.png 0.999898 0.0022219 -0.0141089 0.0132284 -0.00227332 0.999991 -0.00362839 0.00288761 0.0141008 0.00366006 0.999894 0.0152115 0.0 0.0 0.0 1.0
office/seq-04/color/frame-000107.color.png office/seq-04/color/frame-000109.color.png 0.999759 0.0138571 -0.0170445 0.0201061 -0.0140257 0.999853 -0.00981189 0.0119575 0.016906 0.0100486 0.999807 0.0196511 0.0 0.0 0.0 1.0
office/seq-04/color/frame-000109.color.png office/seq-04/color/frame-000111.color.png 0.999794 0.00578563 -0.0194736 0.0223976 -0.00587587 0.999972 -0.00457994 -0.00201669 0.0194466 0.00469343 0.9998 0.0122087 0.0 0.0 0.0 1.0
office/seq-04/color/frame-000111.color.png office/seq-04/color/frame-000113.color.png 0.999722 0.0118731 -0.0203687 0.0256757 -0.0120397 0.999895 -0.00807157 0.00815174 0.0202708 0.00831454 0.99976 0.0148427 0.0 0.0 0.0 1.0
office/seq-04/color/frame-000113.color.png office/seq-04/color/frame-000115.color.png 0.99977 0.010826 -0.0185341 0.0211345 -0.0109148 0.999929 -0.00470061 0.00118423 0.018482 0.00490182 0.999817 0.0125147 0.0 0.0 0.0 1.0
office/seq-04/color/frame-000115.color.png office/seq-04/color/frame-000117.color.png 0.999697 0.0155425 -0.0191113 0.0254411 -0.0156785 0.999853 -0.00698884 0.00716281 0.0189998 0.00728638 0.999793 0.0138795 0.0 0.0 0.0 1.0
office/seq-04/color/frame-000117.color.png office/seq-04/color/frame-000119.color.png 0.999787 0.0118589 -0.0169131 0.0224401 -0.011853 0.99993 0.000446129 -0.00197369 0.0169172 -0.000245611 0.999857 0.0056349 0.0 0.0 0.0 1.0
office/seq-04/color/frame-000119.color.png office/seq-04/color/frame-000121.color.png 0.999815 0.0076731 -0.0176291 0.0208621 -0.00756001 0.99995 0.00647238 -0.0144206 0.0176779 -0.00633789 0.999824 0.00700748 0.0 0.0 0.0 1.0
office/seq-04/color/frame-000121.color.png office/seq-04/color/frame-000123.color.png 0.999769 0.00840505 -0.0197629 0.0242862 -0.00823366 0.999928 0.00873849 -0.0259874 0.019835 -0.00857374 0.999767 0.00791144 0.0 0.0 0.0 1.0
office/seq-04/color/frame-000123.color.png office/seq-04/color/frame-000125.color.png 0.999584 0.0186698 -0.0220042 0.0256293 -0.0188171 0.999802 -0.00650577 0.00629306 0.0218784 0.0069171 0.999737 0.00739694 0.0 0.0 0.0 1.0
office/seq-04/color/frame-000125.color.png office/seq-04/color/frame-000127.color.png 0.999493 0.0125401 -0.0292788 0.0346361 -0.0125706 0.999921 -0.000858921 -0.00240141 0.0292657 0.00122651 0.999571 0.00701129 0.0 0.0 0.0 1.0
office/seq-04/color/frame-000127.color.png office/seq-04/color/frame-000129.color.png 0.999411 0.0170065 -0.029799 0.0299637 -0.0171835 0.999836 -0.0056903 0.00045985 0.0296973 0.006199 0.99954 0.00451601 0.0 0.0 0.0 1.0
office/seq-04/color/frame-000129.color.png office/seq-04/color/frame-000131.color.png 0.999385 0.0140161 -0.0321319 0.0325382 -0.0143217 0.999854 -0.00930253 0.0192477 0.0319968 0.00975701 0.99944 0.00692201 0.0 0.0 0.0 1.0
office/seq-04/color/frame-000131.color.png office/seq-04/color/frame-000133.color.png 0.999424 0.0132416 -0.0312383 0.030359 -0.0133048 0.99991 -0.00181702 0.0035587 0.0312115 0.00223158 0.99951 0.00317776 0.0 0.0 0.0 1.0
office/seq-04/color/frame-000133.color.png office/seq-04/color/frame-000135.color.png 0.99982 0.00384233 -0.0185862 0.00742836 -0.00392001 0.999984 -0.00414296 0.00350446 0.01857 0.00421511 0.999819 -0.00205338 0.0 0.0 0.0 1.0
office/seq-04/color/frame-000135.color.png office/seq-04/color/frame-000137.color.png 0.999828 0.00601422 -0.0175272 0.015382 -0.00613517 0.999958 -0.00685588 0.0092566 0.0174853 0.00696222 0.999823 -0.000841498 0.0 0.0 0.0 1.0
office/seq-04/color/frame-000137.color.png office/seq-04/color/frame-000139.color.png 0.999957 0.00268961 -0.0088347 0.0022282 -0.00267218 0.999994 0.00198646 -2.41995e-05 0.00883994 -0.00196276 0.999959 -0.00769985 0.0 0.0 0.0 1.0
office/seq-04/color/frame-000139.color.png office/seq-04/color/frame-000141.color.png 0.999978 0.00242908 0.00616732 -0.0343615 -0.00246346 0.999981 0.00557613 -0.0172457 -0.00615363 -0.00559123 0.999965 -0.00829566 0.0 0.0 0.0 1.0
office/seq-04/color/frame-000141.color.png office/seq-04/color/frame-000143.color.png 0.999989 -0.00164608 -0.00444709 -0.0157291 0.00161129 0.999968 -0.00782152 0.0179651 0.00445977 0.00781427 0.99996 0.00396156 0.0 0.0 0.0 1.0
office/seq-04/color/frame-000143.color.png office/seq-04/color/frame-000145.color.png 0.999961 -0.0081309 -0.0034936 -0.019436 0.00810887 0.999947 -0.00627256 0.00282848 0.00354447 0.00624396 0.999974 -0.00571406 0.0 0.0 0.0 1.0
office/seq-04/color/frame-000145.color.png office/seq-04/color/frame-000147.color.png 0.999998 -0.00206022 0.000610992 -0.0161676 0.00206103 0.999997 -0.00133364 0.00452274 -0.000608309 0.00133495 0.999999 -0.00557756 0.0 0.0 0.0 1.0
office/seq-04/color/frame-000147.color.png office/seq-04/color/frame-000149.color.png 0.999971 -0.00175351 0.00737335 -0.0339659 0.00177756 0.999993 -0.00325926 0.00558627 -0.00736755 0.00327224 0.999967 -0.00640202 0.0 0.0 0.0 1.0
office/seq-04/color/frame-000149.color.png office/seq-04/color/frame-000151.color.png 0.999934 -0.00847792 0.0077358 -0.0283529 0.00847757 0.999964 8.15104e-05 0.00453806 -0.00773627 -1.58917e-05 0.99997 -0.00782835 0.0 0.0 0.0 1.0
office/seq-04/color/frame-000151.color.png office/seq-04/color/frame-000153.color.png 0.999922 -0.00349954 0.0119724 -0.0352245 0.00359851 0.99996 -0.00825487 0.0130444 -0.011943 0.00829732 0.999894 -0.0112131 0.0 0.0 0.0 1.0
office/seq-04/color/frame-000153.color.png office/seq-04/color/frame-000155.color.png 0.999841 -0.00728449 0.0162815 -0.0435465 0.00715219 0.999941 0.00817123 -0.0138274 -0.0163401 -0.0080535 0.999834 -0.0122639 0.0 0.0 0.0 1.0
office/seq-04/color/frame-000155.color.png office/seq-04/color/frame-000157.color.png 0.999935 -0.00964236 0.00604531 -0.0289838 0.00967166 0.999941 -0.00483826 0.00531662 -0.0059983 0.00489642 0.99997 -0.0127265 0.0 0.0 0.0 1.0
office/seq-04/color/frame-000157.color.png office/seq-04/color/frame-000159.color.png 0.999953 -0.00696255 0.00667424 -0.0320677 0.00692845 0.999963 0.0051171 -0.0165644 -0.00670962 -0.00507064 0.999965 -0.0150323 0.0 0.0 0.0 1.0
office/seq-04/color/frame-000159.color.png office/seq-04/color/frame-000161.color.png 0.999981 0.00608915 -0.00136799 -0.014105 -0.0061055 0.999906 -0.0122951 0.0232078 0.00129297 0.0123032 0.999924 -0.0141301 0.0 0.0 0.0 1.0
office/seq-04/color/frame-000161.color.png office/seq-04/color/frame-000163.color.png 0.99995 0.00609245 0.00798664 -0.0364441 -0.00606123 0.999974 -0.00392717 -0.00654602 -0.00801034 0.00387858 0.99996 -0.0239012 0.0 0.0 0.0 1.0
office/seq-04/color/frame-000163.color.png office/seq-04/color/frame-000165.color.png 0.999968 0.00787841 -0.00128562 -0.0100152 -0.00788578 0.999952 -0.00580087 0.00680029 0.00123984 0.00581083 0.999982 -0.0138959 0.0 0.0 0.0 1.0
office/seq-04/color/frame-000165.color.png office/seq-04/color/frame-000167.color.png 0.999981 -0.000459871 -0.00619088 -0.00480136 0.000409725 0.999967 -0.00810453 0.00978154 0.00619438 0.00810184 0.999948 -0.0079242 0.0 0.0 0.0 1.0
office/seq-04/color/frame-000167.color.png office/seq-04/color/frame-000169.color.png 0.999947 0.00853574 -0.00569215 0.00316088 -0.0085765 0.999937 -0.00717461 0.0145292 0.00563057 0.00722306 0.999958 -0.0143052 0.0 0.0 0.0 1.0
office/seq-04/color/frame-000169.color.png office/seq-04/color/frame-000171.color.png 0.999956 0.00581607 0.00737222 -0.0233526 -0.00578324 0.999973 -0.00446914 0.0106677 -0.00739801 0.00442631 0.999963 -0.0242533 0.0 0.0 0.0 1.0
office/seq-04/color/frame-000171.color.png office/seq-04/color/frame-000173.color.png 0.999987 0.00306677 0.00399516 -0.0196458 -0.00307591 0.999993 0.00228617 0.00440109 -0.00398812 -0.00229845 0.999989 -0.0240712 0.0 0.0 0.0 1.0
office/seq-04/color/frame-000173.color.png office/seq-04/color/frame-000175.color.png 0.999998 -0.00124311 0.00150591 -0.0127272 0.0012352 0.999985 0.00526599 -0.00737983 -0.00151247 -0.00526411 0.999985 -0.0169791 0.0 0.0 0.0 1.0
office/seq-04/color/frame-000175.color.png office/seq-04/color/frame-000177.color.png 0.999974 0.00628527 -0.00367512 -0.00792696 -0.00629159 0.999979 -0.00169995 0.0122864 0.0036644 0.00172304 0.999992 -0.0235924 0.0 0.0 0.0 1.0
office/seq-04/color/frame-000177.color.png office/seq-04/color/frame-000179.color.png 0.999983 0.00496708 -0.00313651 -0.00671661 -0.00495073 0.999974 0.00518344 0.00754988 0.00316214 -0.00516782 0.999982 -0.0261648 0.0 0.0 0.0 1.0
office/seq-04/color/frame-000179.color.png office/seq-04/color/frame-000181.color.png 0.999975 0.00113737 -0.00693237 -0.00321636 -0.0011085 0.999991 0.00416866 -0.000321448 0.00693704 -0.0041609 0.999967 -0.0173497 0.0 0.0 0.0 1.0
office/seq-04/color/frame-000181.color.png office/seq-04/color/frame-000183.color.png 0.999946 0.00595741 -0.00854175 0.00254695 -0.00597136 0.999981 -0.00160903 0.00484592 0.00853201 0.00165998 0.999962 -0.0187159 0.0 0.0 0.0 1.0
office/seq-04/color/frame-000183.color.png office/seq-04/color/frame-000185.color.png 0.999905 0.00534461 -0.012679 -0.00751598 -0.00530689 0.999981 0.00301092 0.00998506 0.0126949 -0.00294333 0.999915 -0.0288073 0.0 0.0 0.0 1.0
office/seq-04/color/frame-000185.color.png office/seq-04/color/frame-000187.color.png 0.999924 -0.00315583 -0.0118821 -1.05202e-05 0.00322177 0.999979 0.00553392 0.00335133 0.0118644 -0.00557178 0.999914 -0.0210034 0.0 0.0 0.0 1.0
office/seq-04/color/frame-000187.color.png office/seq-04/color/frame-000189.color.png 0.999955 0.00125607 -0.00939522 -0.00134641 -0.001269 0.999998 -0.00137232 0.0157388 0.00939349 0.00138416 0.999955 -0.0179055 0.0 0.0 0.0 1.0
office/seq-04/color/frame-000189.color.png office/seq-04/color/frame-000191.color.png 0.999996 0.000840021 -0.00263244 -0.0120025 -0.000808768 0.999929 0.0118488 -0.0058324 0.00264222 -0.0118467 0.999926 -0.0277768 0.0 0.0 0.0 1.0
office/seq-04/color/frame-000191.color.png office/seq-04/color/frame-000193.color.png 0.999912 0.00426983 -0.0125953 -0.00246179 -0.00424136 0.999988 0.00228623 0.0064255 0.012605 -0.00223259 0.999918 -0.0247176 0.0 0.0 0.0 1.0
office/seq-04/color/frame-000193.color.png office/seq-04/color/frame-000195.color.png 0.999953 0.000436687 -0.00971674 0.00350624 -0.000438182 1.0 -0.00015015 0.00743994 0.00971665 0.000154398 0.999953 -0.0168245 0.0 0.0 0.0 1.0
office/seq-04/color/frame-000195.color.png office/seq-04/color/frame-000197.color.png 0.99994 -0.00383009 -0.0102176 -0.00174198 0.00377085 0.999976 -0.00580678 0.00668898 0.0102396 0.00576792 0.999931 -0.0180128 0.0 0.0 0.0 1.0
office/seq-04/color/frame-000197.color.png office/seq-04/color/frame-000199.color.png 0.999995 0.000784005 -0.00299323 -0.00859031 -0.000793355 0.999995 -0.00313573 0.00586364 0.00299071 0.00313809 0.999991 -0.0143306 0.0 0.0 0.0 1.0
office/seq-04/color/frame-000199.color.png office/seq-04/color/frame-000201.color.png 0.999965 0.00596369 -0.00585406 -0.00336993 -0.00597476 0.99998 -0.00187249 0.00370318 0.00584278 0.00190738 0.999981 -0.0128676 0.0 0.0 0.0 1.0
office/seq-04/color/frame-000201.color.png office/seq-04/color/frame-000203.color.png 0.999891 0.0127027 -0.00757181 -0.00501654 -0.0127517 0.999898 -0.00644816 0.00557327 0.0074891 0.00654403 0.999951 -0.018773 0.0 0.0 0.0 1.0
office/seq-04/color/frame-000203.color.png office/seq-04/color/frame-000205.color.png 0.999974 0.00708971 0.00135185 -0.0147028 -0.00708739 0.999974 -0.00169 0.0157547 -0.00136377 0.00168036 0.999998 -0.0198424 0.0 0.0 0.0 1.0
office/seq-04/color/frame-000205.color.png office/seq-04/color/frame-000207.color.png 0.999968 0.00781221 -0.00153519 -0.0126982 -0.00781 0.999968 0.00146552 -0.000226259 0.00154658 -0.00145348 0.999998 -0.0154625 0.0 0.0 0.0 1.0
office/seq-04/color/frame-000207.color.png office/seq-04/color/frame-000209.color.png 0.999998 0.000237525 -0.00188289 -0.017546 -0.000225499 0.99998 0.00637063 0.0100771 0.00188439 -0.00637019 0.999978 -0.0270216 0.0 0.0 0.0 1.0
office/seq-04/color/frame-000209.color.png office/seq-04/color/frame-000211.color.png 0.99999 -0.00436779 -0.000416911 -0.0137253 0.00437151 0.999946 0.00943378 0.00306919 0.0003757 -0.00943554 0.999955 -0.0211765 0.0 0.0 0.0 1.0
office/seq-04/color/frame-000211.color.png office/seq-04/color/frame-000213.color.png 0.999938 -0.0109368 -0.00188884 -0.0214718 0.0109519 0.999907 0.00813947 0.0123803 0.0017996 -0.00815964 0.999965 -0.0284337 0.0 0.0 0.0 1.0
office/seq-04/color/frame-000213.color.png office/seq-04/color/frame-000215.color.png 0.999999 -0.00108689 4.93766e-05 -0.0171535 0.00108664 0.99999 0.00437432 0.00701144 -5.40727e-05 -0.00437425 0.99999 -0.0160367 0.0 0.0 0.0 1.0
office/seq-04/color/frame-000215.color.png office/seq-04/color/frame-000217.color.png 0.99995 0.00329577 -0.00942854 0.00159046 -0.00319589 0.999939 0.0105933 -0.00172552 0.00946286 -0.0105627 0.999899 -0.0168478 0.0 0.0 0.0 1.0
office/seq-04/color/frame-000217.color.png office/seq-04/color/frame-000219.color.png 0.999987 0.00518511 0.00028892 -0.0251867 -0.00518698 0.999961 0.00721109 0.00527745 -0.000251534 -0.00721246 0.999974 -0.0333429 0.0 0.0 0.0 1.0
office/seq-04/color/frame-000219.color.png office/seq-04/color/frame-000221.color.png 0.999976 0.00682407 -0.00119891 -0.0102747 -0.0068225 0.999976 0.00137018 -0.00069195 0.00120829 -0.00136196 0.999998 -0.017925 0.0 0.0 0.0 1.0
office/seq-04/color/frame-000221.color.png office/seq-04/color/frame-000223.color.png 0.999982 0.0041402 -0.00429718 -0.00530049 -0.00416498 0.999975 -0.00578318 0.00283888 0.00427308 0.00580099 0.999974 -0.0147816 0.0 0.0 0.0 1.0
office/seq-04/color/frame-000223.color.png office/seq-04/color/frame-000225.color.png 0.999985 0.00522738 0.00138325 -0.0145796 -0.00522624 0.999986 -0.00083376 0.00265867 -0.00138761 0.000826525 0.999999 -0.0295932 0.0 0.0 0.0 1.0
office/seq-04/color/frame-000225.color.png office/seq-04/color/frame-000227.color.png 0.999994 -0.000265765 -0.00351624 -0.00811487 0.000244346 0.999981 -0.0060973 0.0104461 0.00351785 0.0060964 0.999975 -0.0157911 0.0 0.0 0.0 1.0
office/seq-04/color/frame-000227.color.png office/seq-04/color/frame-000229.color.png 0.999948 0.00463909 -0.00905494 0.00103235 -0.00462357 0.999988 0.0017358 0.00373092 0.00906285 -0.00169382 0.999958 -0.0167118 0.0 0.0 0.0 1.0
office/seq-04/color/frame-000229.color.png office/seq-04/color/frame-000231.color.png 0.999985 0.00453966 -0.00305374 -0.0178244 -0.00455147 0.999982 -0.00386902 0.0197736 0.00303616 0.00388282 0.999988 -0.0151884 0.0 0.0 0.0 1.0
office/seq-04/color/frame-000231.color.png office/seq-04/color/frame-000233.color.png 0.999739 0.0112454 -0.0198834 0.000471294 -0.0112243 0.999936 0.00116866 0.00136796 0.0198952 -0.000945157 0.999802 -0.0180822 0.0 0.0 0.0 1.0
office/seq-04/color/frame-000233.color.png office/seq-04/color/frame-000235.color.png 0.999831 0.00690944 -0.017013 -0.00216186 -0.00687966 0.999975 0.0018103 0.00900361 0.0170251 -0.00169296 0.999854 -0.0203492 0.0 0.0 0.0 1.0
office/seq-04/color/frame-000235.color.png office/seq-04/color/frame-000237.color.png 0.999864 0.0109923 -0.0122777 -0.00369895 -0.0108368 0.999861 0.0126631 -0.00421727 0.0124152 -0.0125283 0.999844 -0.0149915 0.0 0.0 0.0 1.0
office/seq-04/color/frame-000237.color.png office/seq-04/color/frame-000239.color.png 0.999821 0.00849891 -0.0169021 4.1306e-05 -0.00846219 0.999962 0.00224331 0.000718743 0.0169205 -0.00209987 0.999855 -0.00704798 0.0 0.0 0.0 1.0
office/seq-04/color/frame-000239.color.png office/seq-04/color/frame-000241.color.png 0.999673 0.00153747 -0.0255206 -0.00241393 -0.00147979 0.999996 0.00227671 0.0116313 0.025524 -0.00223818 0.999672 -0.0176977 0.0 0.0 0.0 1.0
office/seq-04/color/frame-000241.color.png office/seq-04/color/frame-000243.color.png 0.999882 0.00381459 -0.014904 -0.00786072 -0.00366704 0.999944 0.00991317 0.00443885 0.014941 -0.00985736 0.99984 -0.00885683 0.0 0.0 0.0 1.0
office/seq-04/color/frame-000243.color.png office/seq-04/color/frame-000245.color.png 0.999898 -0.00114608 -0.0142149 -0.00882626 0.00116092 0.999999 0.00103915 0.00871946 0.0142137 -0.00105556 0.999898 -0.00399619 0.0 0.0 0.0 1.0
office/seq-04/color/frame-000245.color.png office/seq-04/color/frame-000247.color.png 0.999928 0.00815439 -0.0088176 -0.0133457 -0.00814166 0.999966 0.00148484 -0.00380507 0.00882938 -0.00141292 0.99996 -0.0163359 0.0 0.0 0.0 1.0
office/seq-04/color/frame-000247.color.png office/seq-04/color/frame-000249.color.png 0.999828 0.00276976 -0.0183205 -0.000753939 -0.00272278 0.999993 0.00258871 0.00136468 0.0183276 -0.00253836 0.999829 -0.00211059 0.0 0.0 0.0 1.0
office/seq-04/color/frame-000249.color.png office/seq-04/color/frame-000251.color.png 0.999781 0.00771531 -0.0194659 -0.013415 -0.00763618 0.999962 0.00413418 -0.00244676 0.0194971 -0.00398463 0.999802 -0.0071777 0.0 0.0 0.0 1.0
office/seq-04/color/frame-000251.color.png office/seq-04/color/frame-000253.color.png 0.999908 0.00466046 -0.0127472 -0.0081569 -0.00467104 0.999989 -0.000803065 0.00208911 0.0127432 0.000862559 0.999919 -0.00394359 0.0 0.0 0.0 1.0
office/seq-04/color/frame-000253.color.png office/seq-04/color/frame-000255.color.png 0.999914 0.00848587 -0.0100353 -0.0159399 -0.00850292 0.999963 -0.00165391 -0.00104837 0.0100209 0.0017391 0.999948 -0.000874981 0.0 0.0 0.0 1.0
office/seq-04/color/frame-000255.color.png office/seq-04/color/frame-000257.color.png 0.999936 0.00582431 -0.00973634 -0.012505 -0.00582187 0.999983 0.000273133 0.000784606 0.00973769 -0.000216494 0.999952 0.00478363 0.0 0.0 0.0 1.0
office/seq-04/color/frame-000257.color.png office/seq-04/color/frame-000259.color.png 0.999933 0.00342201 -0.0110527 -0.008497 -0.00341285 0.999994 0.000843895 0.00081937 0.0110556 -0.000806141 0.999939 -0.00104303 0.0 0.0 0.0 1.0
office/seq-04/color/frame-000259.color.png office/seq-04/color/frame-000261.color.png 0.999947 0.00372303 -0.00961839 -0.00617099 -0.00371307 0.999993 0.0010586 -0.00166984 0.00962217 -0.00102277 0.999953 0.000216853 0.0 0.0 0.0 1.0
office/seq-04/color/frame-000261.color.png office/seq-04/color/frame-000263.color.png 0.999968 0.00359191 -0.00713787 -0.00921285 -0.0036079 0.999991 -0.0022373 0.00131948 0.00712989 0.00226298 0.999972 -0.00387002 0.0 0.0 0.0 1.0
office/seq-04/color/frame-000263.color.png office/seq-04/color/frame-000265.color.png 1.0 0.000755818 0.000207849 -0.0140864 -0.000756373 0.999996 0.00266227 0.00500129 -0.000205948 -0.0026624 0.999996 -0.00846897 0.0 0.0 0.0 1.0
office/seq-04/color/frame-000265.color.png office/seq-04/color/frame-000267.color.png 0.99998 0.000557374 -0.00630737 -0.0117513 -0.00053975 0.999996 0.00278968 0.0055144 0.00630901 -0.00278624 0.999976 -0.00170754 0.0 0.0 0.0 1.0
office/seq-04/color/frame-000267.color.png office/seq-04/color/frame-000269.color.png 0.999968 0.00220288 -0.00768396 -0.0152736 -0.00217211 0.99999 0.00400901 0.00106153 0.00769262 -0.00399215 0.999963 0.000433583 0.0 0.0 0.0 1.0
office/seq-04/color/frame-000269.color.png office/seq-04/color/frame-000271.color.png 0.999923 0.0017258 -0.0122553 -0.00746089 -0.00160355 0.999949 0.0099779 0.0022538 0.0122719 -0.00995754 0.999875 -0.00125403 0.0 0.0 0.0 1.0
office/seq-04/color/frame-000271.color.png office/seq-04/color/frame-000273.color.png 0.99992 0.00955472 -0.00829208 -0.0226691 -0.00953088 0.99995 0.00291016 -0.00608036 0.00831947 -0.00283084 0.999961 -0.00172674 0.0 0.0 0.0 1.0
office/seq-04/color/frame-000273.color.png office/seq-04/color/frame-000275.color.png 0.999846 0.00585311 -0.0165798 -0.00865299 -0.00580747 0.999979 0.00280391 0.00252642 0.0165958 -0.00270722 0.999859 0.0097725 0.0 0.0 0.0 1.0
office/seq-04/color/frame-000275.color.png office/seq-04/color/frame-000277.color.png 0.999904 0.00180826 -0.013758 -0.0117532 -0.00170682 0.999971 0.00738005 0.00276311 0.0137709 -0.00735584 0.999878 0.00317922 0.0 0.0 0.0 1.0
office/seq-04/color/frame-000277.color.png office/seq-04/color/frame-000279.color.png 0.999807 0.00494586 -0.0189958 -0.00304627 -0.00479558 0.999957 0.00794683 -0.0033996 0.0190343 -0.00785427 0.999788 0.013034 0.0 0.0 0.0 1.0
office/seq-04/color/frame-000279.color.png office/seq-04/color/frame-000281.color.png 0.999722 0.00959337 -0.0215619 -0.00240767 -0.00945572 0.999934 0.00647814 -0.0073474 0.0216228 -0.00627248 0.999746 0.0166494 0.0 0.0 0.0 1.0
office/seq-04/color/frame-000281.color.png office/seq-04/color/frame-000283.color.png 0.999757 0.00989984 -0.0196721 -0.00597674 -0.00979316 0.999937 0.00551274 -0.00572033 0.0197253 -0.00531864 0.999791 0.0133144 0.0 0.0 0.0 1.0
office/seq-04/color/frame-000283.color.png office/seq-04/color/frame-000285.color.png 0.999542 0.0194826 -0.0231717 -0.00783819 -0.0195578 0.999804 -0.00302304 -0.0126827 0.0231082 0.00347481 0.999727 0.0234768 0.0 0.0 0.0 1.0
office/seq-04/color/frame-000285.color.png office/seq-04/color/frame-000287.color.png 0.999509 0.0234693 -0.0207826 -0.00426775 -0.0233242 0.999702 0.00719651 -0.0229382 0.0209453 -0.00670819 0.999758 0.0174793 0.0 0.0 0.0 1.0
office/seq-04/color/frame-000287.color.png office/seq-04/color/frame-000289.color.png 0.999584 0.00757416 -0.0278319 -0.000728846 -0.00767193 0.999965 -0.00340784 -0.00301993 0.0278052 0.00361987 0.999607 0.0275775 0.0 0.0 0.0 1.0
office/seq-04/color/frame-000289.color.png office/seq-04/color/frame-000291.color.png 0.999551 0.0122946 -0.0273394 0.00427324 -0.0123042 0.999924 -0.000181522 -0.0126175 0.0273351 0.000517839 0.999626 0.0301417 0.0 0.0 0.0 1.0
office/seq-04/color/frame-000291.color.png office/seq-04/color/frame-000293.color.png 0.999594 0.0118014 -0.0259229 0.0103405 -0.0119068 0.999921 -0.00391759 -0.00947033 0.0258747 0.00422468 0.999656 0.0242385 0.0 0.0 0.0 1.0
office/seq-04/color/frame-000293.color.png office/seq-04/color/frame-000295.color.png 0.999454 0.021842 -0.0247842 0.00788957 -0.021846 0.999761 0.000111867 -0.01731 0.0247806 0.000429648 0.999693 0.0262487 0.0 0.0 0.0 1.0
office/seq-04/color/frame-000295.color.png office/seq-04/color/frame-000297.color.png 0.999846 0.00812219 -0.0155784 0.00563622 -0.00814256 0.999966 -0.00124515 -0.00719653 0.0155679 0.00137183 0.999878 0.0171413 0.0 0.0 0.0 1.0
office/seq-04/color/frame-000297.color.png office/seq-04/color/frame-000299.color.png 0.99918 0.0226683 -0.0335588 0.0206577 -0.0226818 0.999743 -2.0075e-05 -0.0268467 0.0335499 0.000781166 0.999437 0.0326303 0.0 0.0 0.0 1.0
office/seq-04/color/frame-000299.color.png office/seq-04/color/frame-000301.color.png 0.99983 0.00947907 -0.0158071 0.00819123 -0.0095188 0.999952 -0.00243953 -0.00654484 0.0157832 0.00258963 0.999872 0.0138556 0.0 0.0 0.0 1.0
office/seq-04/color/frame-000301.color.png office/seq-04/color/frame-000303.color.png 0.999016 0.0281332 -0.0342829 0.0138841 -0.028239 0.999598 -0.00260872 -0.0279642 0.0341956 0.00357419 0.999409 0.0324457 0.0 0.0 0.0 1.0
office/seq-04/color/frame-000303.color.png office/seq-04/color/frame-000305.color.png 0.999787 0.0136928 -0.0154577 0.00670046 -0.013665 0.999905 0.00190497 -0.0119892 0.0154823 -0.00169337 0.999879 0.0161128 0.0 0.0 0.0 1.0
office/seq-04/color/frame-000305.color.png office/seq-04/color/frame-000307.color.png 0.999787 0.0104397 -0.0177858 0.00964409 -0.0104708 0.999944 -0.00166 -0.00910705 0.0177675 0.00184591 0.99984 0.0138345 0.0 0.0 0.0 1.0
office/seq-04/color/frame-000307.color.png office/seq-04/color/frame-000309.color.png 0.99914 0.0146935 -0.0387825 0.0187122 -0.0148686 0.99988 -0.00422983 -0.00890572 0.0387156 0.00480276 0.999239 0.0369018 0.0 0.0 0.0 1.0
office/seq-04/color/frame-000309.color.png office/seq-04/color/frame-000311.color.png 0.999713 0.0119105 -0.0208086 0.00811565 -0.0119795 0.999923 -0.00320176 -0.0124226 0.0207689 0.00345021 0.999778 0.020777 0.0 0.0 0.0 1.0
office/seq-04/color/frame-000311.color.png office/seq-04/color/frame-000313.color.png 0.999379 0.0180965 -0.0302333 0.014137 -0.0180665 0.999836 0.00126761 -0.019237 0.0302512 -0.000720693 0.999542 0.0253486 0.0 0.0 0.0 1.0
office/seq-04/color/frame-000313.color.png office/seq-04/color/frame-000315.color.png 0.99981 0.00971564 -0.0169229 0.00848001 -0.00974895 0.999951 -0.00188275 -0.00529595 0.0169039 0.00204735 0.999855 0.0155295 0.0 0.0 0.0 1.0
office/seq-04/color/frame-000315.color.png office/seq-04/color/frame-000317.color.png 0.999628 0.0134612 -0.0237419 -0.00138801 -0.0133455 0.999898 0.00502559 -0.00744116 0.023807 -0.00470683 0.999705 0.0339379 0.0 0.0 0.0 1.0
office/seq-04/color/frame-000317.color.png office/seq-04/color/frame-000319.color.png 0.999855 0.00409381 -0.0165056 0.0071941 -0.00409345 0.999992 5.9805e-05 -0.00178914 0.0165057 7.73264e-06 0.999864 0.0167647 0.0 0.0 0.0 1.0
office/seq-04/color/frame-000319.color.png office/seq-04/color/frame-000321.color.png 0.999874 0.00571593 -0.0148257 0.00361353 -0.00570273 0.999983 0.000919653 -0.00606187 0.0148307 -0.000834947 0.99989 0.0190099 0.0 0.0 0.0 1.0
office/seq-04/color/frame-000321.color.png office/seq-04/color/frame-000323.color.png 0.999413 0.0100567 -0.0327505 0.00967711 -0.0102863 0.999924 -0.00684498 -0.00930405 0.0326792 0.00717777 0.99944 0.0328735 0.0 0.0 0.0 1.0
office/seq-04/color/frame-000323.color.png office/seq-04/color/frame-000325.color.png 0.999848 0.00736707 -0.0158281 0.00728643 -0.00739913 0.999971 -0.0019725 -0.00934602 0.015813 0.00208943 0.999873 0.0160631 0.0 0.0 0.0 1.0
office/seq-04/color/frame-000325.color.png office/seq-04/color/frame-000327.color.png 0.999563 0.0145171 -0.0257359 0.00747162 -0.0144844 0.999894 0.00145656 -0.0128394 0.0257543 -0.00108325 0.999668 0.0305743 0.0 0.0 0.0 1.0
office/seq-04/color/frame-000327.color.png office/seq-04/color/frame-000329.color.png 0.999891 0.00741416 -0.0127654 0.00289923 -0.00746687 0.999964 -0.00408754 -0.00482012 0.0127346 0.00418249 0.99991 0.0143456 0.0 0.0 0.0 1.0
office/seq-04/color/frame-000329.color.png office/seq-04/color/frame-000331.color.png 0.999392 0.0194269 -0.0289548 0.00631791 -0.0194669 0.99981 -0.00109707 -0.018342 0.0289279 0.00165999 0.99958 0.0352101 0.0 0.0 0.0 1.0
office/seq-04/color/frame-000331.color.png office/seq-04/color/frame-000333.color.png 0.99984 0.00794907 -0.0160246 0.000235379 -0.00796458 0.999968 -0.00091034 -0.00449973 0.0160169 0.00103785 0.999871 0.0197195 0.0 0.0 0.0 1.0
office/seq-04/color/frame-000333.color.png office/seq-04/color/frame-000335.color.png 0.999559 0.0145702 -0.0258889 -0.00057888 -0.0145656 0.999894 0.00036558 -0.0143384 0.0258915 1.17226e-05 0.999665 0.0337261 0.0 0.0 0.0 1.0
office/seq-04/color/frame-000335.color.png office/seq-04/color/frame-000337.color.png 0.999788 0.00575253 -0.0197853 0.000827789 -0.00575576 0.999983 -0.000104959 -0.00344311 0.0197843 0.000218748 0.999804 0.0237854 0.0 0.0 0.0 1.0
office/seq-04/color/frame-000337.color.png office/seq-04/color/frame-000339.color.png 0.999167 0.0139959 -0.0383297 0.00848365 -0.0142847 0.999872 -0.00727288 -0.0126362 0.038223 0.0078143 0.999239 0.0453023 0.0 0.0 0.0 1.0
office/seq-04/color/frame-000339.color.png office/seq-04/color/frame-000341.color.png 0.999881 0.00611288 -0.014192 -0.000167608 -0.00615504 0.999977 -0.00293009 -0.00240125 0.0141738 0.00301719 0.999895 0.0156906 0.0 0.0 0.0 1.0
office/seq-04/color/frame-000341.color.png office/seq-04/color/frame-000343.color.png 0.999358 0.014873 -0.0326058 0.00816077 -0.0150297 0.999877 -0.00456671 -0.0138732 0.0325337 0.00505378 0.999458 0.0329098 0.0 0.0 0.0 1.0
office/seq-04/color/frame-000343.color.png office/seq-04/color/frame-000345.color.png 0.999059 0.0185417 -0.0392109 -0.000220299 -0.0184814 0.999827 0.00190048 -0.0208538 0.0392394 -0.00117397 0.999229 0.0476957 0.0 0.0 0.0 1.0
office/seq-04/color/frame-000345.color.png office/seq-04/color/frame-000347.color.png 0.99975 0.00647047 -0.0213991 0.00491738 -0.00652318 0.999976 -0.0023954 -0.00595146 0.0213831 0.00253436 0.999768 0.0221978 0.0 0.0 0.0 1.0
office/seq-04/color/frame-000347.color.png office/seq-04/color/frame-000349.color.png 0.999219 0.0128416 -0.0373811 0.00879204 -0.0132484 0.999855 -0.0106541 -0.0126849 0.0372389 0.011141 0.999244 0.0368393 0.0 0.0 0.0 1.0
office/seq-04/color/frame-000349.color.png office/seq-04/color/frame-000351.color.png 0.999678 0.007182 -0.0243466 0.000927031 -0.00705082 0.99996 0.00546332 -0.0121899 0.0243847 -0.00528984 0.999689 0.031174 0.0 0.0 0.0 1.0
