office/seq-04/color/frame-000001.color.png office/seq-04/color/frame-000004.color.png 0.999962 0.00777048 0.00392492 0.000770079 -0.00780573 0.999929 0.00904628 -0.0017655 -0.00385434 -0.00907657 0.999951 0.00696767 0.0 0.0 0.0 1.0
office/seq-04/color/frame-000004.color.png office/seq-04/color/frame-000007.color.png 0.999905 0.0103921 0.0090351 -0.00583951 -0.010452 0.999924 0.00661423 0.0043522 -0.00896568 -0.00670803 0.999937 0.00917059 0.0 0.0 0.0 1.0
office/seq-04/color/frame-000007.color.png office/seq-04/color/frame-000010.color.png 0.999913 0.0121603 -0.00514727 -0.00134379 -0.0120598 0.999744 0.0191268 0.0032296 0.00537854 -0.019063 0.999804 0.0138534 0.0 0.0 0.0 1.0
office/seq-04/color/frame-000010.color.png office/seq-04/color/frame-000013.color.png 0.999978 0.00102275 0.00653869 0.00162098 -0.00122202 0.999533 0.030544 -0.0269141 -0.00650439 -0.0305513 0.999512 0.030422 0.0 0.0 0.0 1.0
office/seq-04/color/frame-000013.color.png office/seq-04/color/frame-000016.color.png 0.999732 -0.00840237 0.021579 0.00300584 0.00781393 0.999599 0.02721 -0.00527386 -0.021799 -0.0270341 0.999397 0.0257359 0.0 0.0 0.0 1.0
office/seq-04/color/frame-000016.color.png office/seq-04/color/frame-000019.color.png 0.999765 -0.00433792 0.0212471 0.00247875 0.00396009 0.999834 0.0177932 -0.0207323 -0.0213207 -0.0177048 0.999616 0.0317139 0.0 0.0 0.0 1.0
office/seq-04/color/frame-000019.color.png office/seq-04/color/frame-000022.color.png 0.999817 -0.00926629 0.0167466 -0.0103873 0.00884963 0.999654 0.0247858 -0.0170165 -0.0169705 -0.024633 0.999553 0.0263855 0.0 0.0 0.0 1.0
office/seq-04/color/frame-000022.color.png office/seq-04/color/frame-000025.color.png 0.999821 0.0100953 0.0160065 -0.00924254 -0.0106322 0.999371 0.0338209 -0.0248283 -0.0156551 -0.0339851 0.9993 0.0284209 0.0 0.0 0.0 1.0
office/seq-04/color/frame-000025.color.png office/seq-04/color/frame-000028.color.png 0.999963 -0.00250249 0.00817374 -0.0156862 0.00223161 0.999454 0.0329825 -0.0397139 -0.00825182 -0.032963 0.999423 0.0336708 0.0 0.0 0.0 1.0
office/seq-04/color/frame-000028.color.png office/seq-04/color/frame-000031.color.png 0.999995 -0.000917491 -0.00290104 -0.00151295 0.00101077 0.999477 0.032318 -0.0440166 0.00286987 -0.0323207 0.999473 0.0413752 0.0 0.0 0.0 1.0
office/seq-04/color/frame-000031.color.png office/seq-04/color/frame-000034.color.png 0.999981 0.00227775 0.00572211 -0.00915533 -0.00236038 0.999892 0.0144765 -0.0392605 -0.00568851 -0.0144898 0.999879 0.0277778 0.0 0.0 0.0 1.0
office/seq-04/color/frame-000034.color.png office/seq-04/color/frame-000037.color.png 0.999699 -0.0219226 0.0109811 -0.00199106 0.0219479 0.999757 -0.00218933 -0.0270903 -0.0109304 0.0024297 0.999937 0.0313092 0.0 0.0 0.0 1.0
office/seq-04/color/frame-000037.color.png office/seq-04/color/frame-000040.color.png 0.999991 -0.00402685 -0.000900143 0.00739148 0.00402047 0.999968 -0.0069848 -0.0147017 0.000928218 0.0069811 0.999975 0.0213349 0.0 0.0 0.0 1.0
office/seq-04/color/frame-000040.color.png office/seq-04/color/frame-000043.color.png 0.999998 -0.00156553 0.00148631 0.0093169 0.00156408 0.999998 0.000981282 -0.0138576 -0.00148782 -0.000978963 0.999998 0.0254213 0.0 0.0 0.0 1.0
office/seq-04/color/frame-000043.color.png office/seq-04/color/frame-000046.color.png 0.999949 0.00228979 0.00983887 0.0171019 -0.00228679 0.999997 -0.000316755 -0.00931875 -0.00983957 0.000294257 0.999952 0.0264117 0.0 0.0 0.0 1.0
office/seq-04/color/frame-000046.color.png office/seq-04/color/frame-000049.color.png 0.999871 -0.00902951 0.0132997 0.0227641 0.0089179 0.999925 0.00842799 -0.0414539 -0.0133748 -0.00830829 0.999876 0.0257486 0.0 0.0 0.0 1.0
office/seq-04/color/frame-000049.color.png office/seq-04/color/frame-000052.color.png 0.99941 -0.0256153 0.0228734 0.00535124 0.0258891 0.999596 -0.0117543 -0.00693807 -0.022563 0.0123395 0.999669 0.0224957 0.0 0.0 0.0 1.0
office/seq-04/color/frame-000052.color.png office/seq-04/color/frame-000055.color.png 0.99951 -0.0113875 0.0291656 0.0207496 0.011816 0.999824 -0.0145637 0.0134527 -0.0289946 0.0149012 0.999468 0.0154432 0.0 0.0 0.0 1.0
office/seq-04/color/frame-000055.color.png office/seq-04/color/frame-000058.color.png 0.999817 -0.00563888 0.0182706 0.0023159 0.00541214 0.999908 0.0124367 -0.0251968 -0.0183391 -0.0123355 0.999756 0.0172898 0.0 0.0 0.0 1.0
office/seq-04/color/frame-000058.color.png office/seq-04/color/frame-000061.color.png 0.99979 -0.0168468 0.0117025 0.00353535 0.0168951 0.999849 -0.00403846 -0.00312653 -0.0116326 0.00423536 0.999923 0.0176112 0.0 0.0 0.0 1.0
office/seq-04/color/frame-000061.color.png office/seq-04/color/frame-000064.color.png 0.999904 -0.00855127 0.0108707 0.0140635 0.00848587 0.999946 0.00604869 -0.00950751 -0.0109218 -0.00595589 0.999923 0.0290592 0.0 0.0 0.0 1.0
office/seq-04/color/frame-000064.color.png office/seq-04/color/frame-000067.color.png 0.999959 -0.00250646 0.00874417 0.00810261 0.00256965 0.999971 -0.00722659 0.00352463 -0.00872577 0.00724878 0.999936 0.0248094 0.0 0.0 0.0 1.0
office/seq-04/color/frame-000067.color.png office/seq-04/color/frame-000070.color.png 0.999967 -0.00310093 -0.00751705 0.0408863 0.00317389 0.999948 0.00971146 -0.0220985 0.00748649 -0.00973501 0.999924 0.0191937 0.0 0.0 0.0 1.0
office/seq-04/color/frame-000070.color.png office/seq-04/color/frame-000073.color.png 0.99993 -0.00645457 0.00991949 0.00150351 0.00636981 0.999943 0.00854893 -0.0233646 -0.00997404 -0.00848523 0.999914 0.0338667 0.0 0.0 0.0 1.0
office/seq-04/color/frame-000073.color.png office/seq-04/color/frame-000076.color.png 0.999982 -0.000396436 0.00596779 0.0131737 0.000412987 0.999996 -0.00276769 -0.0068396 -0.00596673 0.00277018 0.999978 0.0342668 0.0 0.0 0.0 1.0
office/seq-04/color/frame-000076.color.png office/seq-04/color/frame-000079.color.png 0.999963 0.00241008 0.0082978 0.00429189 -0.00232967 0.99995 -0.00968619 -0.00202119 -0.00832072 0.00966652 0.999919 0.0331642 0.0 0.0 0.0 1.0
office/seq-04/color/frame-000079.color.png office/seq-04/color/frame-000082.color.png 0.999979 0.000264111 0.00640793 0.00399087 -0.000219411 0.999976 -0.0069746 -0.00520378 -0.00640964 0.00697306 0.999955 0.0430449 0.0 0.0 0.0 1.0
office/seq-04/color/frame-000082.color.png office/seq-04/color/frame-000085.color.png 0.999996 -0.00182683 -0.00201877 0.00961703 0.0018147 0.99998 -0.00598333 -0.0179234 0.00202967 0.00597962 0.99998 0.0396546 0.0 0.0 0.0 1.0
office/seq-04/color/frame-000085.color.png office/seq-04/color/frame-000088.color.png 0.99996 0.00449952 0.00765828 -0.000139832 -0.00447025 0.999983 -0.003835 -0.0154512 -0.00767539 0.00380059 0.999963 0.0426148 0.0 0.0 0.0 1.0
office/seq-04/color/frame-000088.color.png office/seq-04/color/frame-000091.color.png 0.999957 0.00918612 -0.000946356 0.00632878 -0.00919376 0.999922 -0.0084754 -0.00298265 0.000868415 0.00848376 0.999964 0.0394806 0.0 0.0 0.0 1.0
office/seq-04/color/frame-000091.color.png office/seq-04/color/frame-000094.color.png 0.99997 0.00673908 -0.00367661 0.00540593 -0.00676527 0.999952 -0.00715331 -0.00554416 0.00362828 0.00717799 0.999968 0.0369349 0.0 0.0 0.0 1.0
office/seq-04/color/frame-000094.color.png office/seq-04/color/frame-000097.color.png 0.999944 0.00754023 -0.00744519 0.00246982 -0.00752819 0.99997 0.00163956 -0.0093551 0.00745733 -0.00158341 0.999971 0.0275475 0.0 0.0 0.0 1.0
office/seq-04/color/frame-000097.color.png office/seq-04/color/frame-000100.color.png 0.999879 0.00981999 -0.0120875 0.00992031 -0.00981239 0.999952 0.000690719 -0.011405 0.0120936 -0.000572063 0.999927 0.0327862 0.0 0.0 0.0 1.0
office/seq-04/color/frame-000100.color.png office/seq-04/color/frame-000103.color.png 0.999675 0.0145806 -0.0209072 0.0237423 -0.0146475 0.999888 -0.00305103 -0.00185776 0.0208603 0.00335628 0.999777 0.02327 0.0 0.0 0.0 1.0
office/seq-04/color/frame-000103.color.png office/seq-04/color/frame-000106.color.png 0.999657 0.0113215 -0.0236167 0.0237921 -0.0114293 0.999925 -0.00443356 0.00150713 0.0235647 0.00470194 0.999711 0.0201802 0.0 0.0 0.0 1.0
office/seq-04/color/frame-000106.color.png office/seq-04/color/frame-000109.color.png 0.99949 0.0136149 -0.0288957 0.0353011 -0.0139382 0.999842 -0.0110161 0.0104979 0.0287412 0.0114132 0.999522 0.0242758 0.0 0.0 0.0 1.0
office/seq-04/color/frame-000109.color.png office/seq-04/color/frame-000112.color.png 0.999525 0.013559 -0.0276597 0.0298434 -0.0137296 0.999888 -0.00598835 -0.00328991 0.0275754 0.00636529 0.9996 0.0195912 0.0 0.0 0.0 1.0
office/seq-04/color/frame-000112.color.png office/seq-04/color/frame-000115.color.png 0.999484 0.0108695 -0.0302117 0.0359674 -0.0110075 0.99993 -0.00440445 -0.0101742 0.0301617 0.00473471 0.999534 0.0230497 0.0 0.0 0.0 1.0
office/seq-04/color/frame-000115.color.png office/seq-04/color/frame-000118.color.png 0.999365 0.0201822 -0.0293649 0.0383641 -0.0205065 0.999732 -0.0107856 0.0111279 0.0291393 0.0113809 0.999511 0.0186651 0.0 0.0 0.0 1.0
office/seq-04/color/frame-000118.color.png office/seq-04/color/frame-000121.color.png 0.999589 0.0149588 -0.0244595 0.0310407 -0.0147633 0.999858 0.00815705 -0.0141395 0.024578 -0.00779261 0.999668 0.0104777 0.0 0.0 0.0 1.0
office/seq-04/color/frame-000121.color.png office/seq-04/color/frame-000124.color.png 0.99935 0.0223509 -0.0282846 0.0326459 -0.0224132 0.999747 -0.00188778 -0.00204265 0.0282353 0.00252049 0.999598 0.0142387 0.0 0.0 0.0 1.0
office/seq-04/color/frame-000124.color.png office/seq-04/color/frame-000127.color.png 0.998972 0.0242706 -0.0382851 0.0425338 -0.0244674 0.99969 -0.00468167 0.00323248 0.0381595 0.00561359 0.999256 0.0121298 0.0 0.0 0.0 1.0
office/seq-04/color/frame-000127.color.png office/seq-04/color/frame-000130.color.png 0.998642 0.0248033 -0.0458153 0.0442536 -0.0254429 0.999586 -0.0134295 0.0154502 0.0454633 0.0145769 0.99886 0.0105858 0.0 0.0 0.0 1.0
office/seq-04/color/frame-000130.color.png office/seq-04/color/frame-000133.color.png 0.998745 0.0189511 -0.0463553 0.046681 -0.0191457 0.99981 -0.00375681 0.00975603 0.0462753 0.00463962 0.998918 0.00503826 0.0 0.0 0.0 1.0
office/seq-04/color/frame-000133.color.png office/seq-04/color/frame-000136.color.png 0.999618 0.00422644 -0.0273325 0.0137138 -0.00439268 0.999972 -0.00602466 0.00576282 0.0273063 0.00614239 0.999608 0.0021311 0.0 0.0 0.0 1.0
office/seq-04/color/frame-000136.color.png office/seq-04/color/frame-000139.color.png 0.999884 0.0121553 -0.00918072 -0.00975505 -0.0121984 0.999915 -0.00466217 0.0117791 0.00912327 0.00477364 0.999947 -0.0115877 0.0 0.0 0.0 1.0
office/seq-04/color/frame-000139.color.png office/seq-04/color/frame-000142.color.png 0.999979 0.000360821 -0.00645864 -0.0187284 -0.000358339 1.0 0.000390933 -0.00337839 0.00645877 -0.00038862 0.999979 -0.00438094 0.0 0.0 0.0 1.0
office/seq-04/color/frame-000142.color.png office/seq-04/color/frame-000145.color.png 0.999893 -0.0140584 -0.0039021 -0.0324068 0.014041 0.999891 -0.00447269 -0.00600672 0.00396452 0.00441742 0.999982 -0.00751054 0.0 0.0 0.0 1.0
office/seq-04/color/frame-000145.color.png office/seq-04/color/frame-000148.color.png 0.999935 -0.0039759 0.0107185 -0.0476974 0.00395051 0.999989 0.0023892 -0.00619072 -0.0107279 -0.00234669 0.99994 -0.0165474 0.0 0.0 0.0 1.0
office/seq-04/color/frame-000148.color.png office/seq-04/color/frame-000151.color.png 0.999898 -0.0121361 0.00756941 -0.0375642 0.0121772 0.999911 -0.00540849 0.0158918 -0.00750308 0.0055001 0.999957 -0.0115921 0.0 0.0 0.0 1.0
office/seq-04/color/frame-000151.color.png office/seq-04/color/frame-000154.color.png 0.999757 -0.00612473 0.0211771 -0.0569159 0.00621087 0.999973 -0.00400399 0.00967026 -0.021152 0.00413458 0.999768 -0.0172436 0.0 0.0 0.0 1.0
office/seq-04/color/frame-000154.color.png office/seq-04/color/frame-000157.color.png 0.999828 -0.0140523 0.0121473 -0.0486632 0.014066 0.999901 -0.00104519 -0.00434142 -0.0121314 0.00121586 0.999926 -0.0156717 0.0 0.0 0.0 1.0
office/seq-04/color/frame-000157.color.png office/seq-04/color/frame-000160.color.png 0.999983 -0.00547264 0.00199731 -0.0332816 0.00547511 0.999984 -0.00123551 -0.00439221 -0.0019905 0.00124641 0.999997 -0.01871 0.0 0.0 0.0 1.0
office/seq-04/color/frame-000160.color.png office/seq-04/color/frame-000163.color.png 0.999915 0.0110977 0.00680252 -0.0368633 -0.0110486 0.999913 -0.00722362 -0.000190914 -0.00688208 0.00714782 0.999951 -0.0253675 0.0 0.0 0.0 1.0
office/seq-04/color/frame-000163.color.png office/seq-04/color/frame-000166.color.png 0.999991 0.00431587 -0.000663528 -0.0233917 -0.00432275 0.999933 -0.0107339 0.0109839 0.000617135 0.0107368 0.999942 -0.0171142 0.0 0.0 0.0 1.0
office/seq-04/color/frame-000166.color.png office/seq-04/color/frame-000169.color.png 0.999858 0.0156353 -0.00636875 -0.00853533 -0.0157045 0.999817 -0.0109607 0.0202813 0.00619622 0.0110591 0.99992 -0.0302396 0.0 0.0 0.0 1.0
office/seq-04/color/frame-000169.color.png office/seq-04/color/frame-000172.color.png 0.99998 0.00482724 0.00402392 -0.0166841 -0.00481594 0.999984 -0.00281782 0.0119882 -0.00403746 0.00279837 0.999988 -0.0271464 0.0 0.0 0.0 1.0
office/seq-04/color/frame-000172.color.png office/seq-04/color/frame-000175.color.png 0.999991 0.00376758 0.00170609 -0.0152746 -0.00376814 0.999993 0.000353729 0.0106212 -0.00170473 -0.000360146 0.999998 -0.0247868 0.0 0.0 0.0 1.0
office/seq-04/color/frame-000175.color.png office/seq-04/color/frame-000178.color.png 0.999949 0.0046517 -0.00890659 -0.00412318 -0.0046285 0.999986 0.00262703 0.00898063 0.00891866 -0.00258569 0.999957 -0.0380041 0.0 0.0 0.0 1.0
office/seq-04/color/frame-000178.color.png office/seq-04/color/frame-000181.color.png 0.999953 0.00530425 -0.00813979 -0.00408633 -0.00521899 0.999932 0.0104639 -0.00477254 0.00819474 -0.0104209 0.999912 -0.0341174 0.0 0.0 0.0 1.0
office/seq-04/color/frame-000181.color.png office/seq-04/color/frame-000184.color.png 0.999933 0.006671 -0.00950281 -0.0107172 -0.00671552 0.999967 -0.00466444 0.0217369 0.00947137 0.00472792 0.999944 -0.0281519 0.0 0.0 0.0 1.0
office/seq-04/color/frame-000184.color.png office/seq-04/color/frame-000187.color.png 0.999725 0.00302193 -0.0232361 0.00438678 -0.00287941 0.999977 0.00616482 0.0132001 0.0232542 -0.00609621 0.999711 -0.0400859 0.0 0.0 0.0 1.0
office/seq-04/color/frame-000187.color.png office/seq-04/color/frame-000190.color.png 0.999914 0.00237748 -0.0129109 0.00211629 -0.00227754 0.999967 0.00775027 0.00570321 0.0129289 -0.0077202 0.999887 -0.0303733 0.0 0.0 0.0 1.0
office/seq-04/color/frame-000190.color.png office/seq-04/color/frame-000193.color.png 0.999894 0.00245334 -0.0143762 -0.00851047 -0.00233199 0.999962 0.00845337 0.000405431 0.0143964 -0.00841894 0.999861 -0.0324787 0.0 0.0 0.0 1.0
office/seq-04/color/frame-000193.color.png office/seq-04/color/frame-000196.color.png 0.999934 -0.000395695 -0.0114825 0.00114465 0.00043298 0.999995 0.00324616 0.0021227 0.0114812 -0.00325092 0.999929 -0.0233796 0.0 0.0 0.0 1.0
office/seq-04/color/frame-000196.color.png office/seq-04/color/frame-000199.color.png 0.999941 -0.000729098 -0.0108181 -0.00905448 0.000598325 0.999927 -0.0120868 0.016251 0.0108261 0.0120796 0.999868 -0.025961 0.0 0.0 0.0 1.0
office/seq-04/color/frame-000199.color.png office/seq-04/color/frame-000202.color.png 0.999882 0.0114512 -0.0101928 -0.00810447 -0.0115342 0.999901 -0.00811965 0.0137869 0.0100987 0.00823626 0.999915 -0.0234851 0.0 0.0 0.0 1.0
office/seq-04/color/frame-000202.color.png office/seq-04/color/frame-000205.color.png 0.999867 0.0161921 0.00173641 -0.0236026 -0.0161813 0.999851 -0.00603806 0.0253964 -0.00183394 0.00600916 0.99998 -0.03465 0.0 0.0 0.0 1.0
office/seq-04/color/frame-000205.color.png office/seq-04/color/frame-000208.color.png 0.999967 0.00709189 -0.00404465 -0.0202057 -0.00706747 0.999957 0.00601449 0.00446928 0.00408711 -0.00598569 0.999974 -0.0328341 0.0 0.0 0.0 1.0
office/seq-04/color/frame-000208.color.png office/seq-04/color/frame-000211.color.png 0.999994 -0.00305742 -0.00147009 -0.0182342 0.00307265 0.99994 0.0104881 0.00987583 0.00143795 -0.0104925 0.999944 -0.0294447 0.0 0.0 0.0 1.0
office/seq-04/color/frame-000211.color.png office/seq-04/color/frame-000214.color.png 0.999941 -0.0102162 -0.00360253 -0.0230605 0.0102619 0.999864 0.0129116 0.00732079 0.00347015 -0.0129479 0.99991 -0.0376348 0.0 0.0 0.0 1.0
office/seq-04/color/frame-000214.color.png office/seq-04/color/frame-000217.color.png 0.999959 0.00167223 -0.00890933 -0.00887951 -0.00157907 0.999944 0.0104554 0.00912151 0.00892636 -0.0104409 0.999906 -0.0262459 0.0 0.0 0.0 1.0
office/seq-04/color/frame-000217.color.png office/seq-04/color/frame-000220.color.png 0.999947 0.00954909 -0.00394429 -0.0214813 -0.00950135 0.999883 0.0119498 -0.00794008 0.00405793 -0.0119117 0.999921 -0.031311 0.0 0.0 0.0 1.0
office/seq-04/color/frame-000220.color.png office/seq-04/color/frame-000223.color.png 0.99998 0.00573837 0.00268454 -0.0313397 -0.00571917 0.999958 -0.00710412 0.0110899 -0.00272522 0.00708865 0.999971 -0.0418123 0.0 0.0 0.0 1.0
office/seq-04/color/frame-000223.color.png office/seq-04/color/frame-000226.color.png 0.999988 0.00471063 -0.00122372 -0.0161372 -0.00471532 0.999982 -0.00380679 0.00848129 0.00120581 0.00381247 0.999992 -0.0348479 0.0 0.0 0.0 1.0
office/seq-04/color/frame-000226.color.png office/seq-04/color/frame-000229.color.png 0.99994 0.00444989 -0.0100231 -0.0052833 -0.00446285 0.999989 -0.0012704 0.008414 0.0100173 0.0013151 0.999949 -0.028239 0.0 0.0 0.0 1.0
office/seq-04/color/frame-000229.color.png office/seq-04/color/frame-000232.color.png 0.999771 0.0115679 -0.0180143 -0.0128264 -0.0115676 0.999933 0.00012097 0.0112298 0.0180145 8.74436e-05 0.999838 -0.0259518 0.0 0.0 0.0 1.0
office/seq-04/color/frame-000232.color.png office/seq-04/color/frame-000235.color.png 0.999676 0.0111101 -0.0228918 -0.00450152 -0.0110377 0.999934 0.00328334 0.00559884 0.0229267 -0.00302961 0.999732 -0.0169828 0.0 0.0 0.0 1.0
office/seq-04/color/frame-000235.color.png office/seq-04/color/frame-000238.color.png 0.999741 0.01131 -0.0197442 -0.0172668 -0.0110615 0.999859 0.0126468 0.00465465 0.0198844 -0.0124252 0.999725 -0.0117243 0.0 0.0 0.0 1.0
office/seq-04/color/frame-000238.color.png office/seq-04/color/frame-000241.color.png 0.999498 0.00745609 -0.0308028 -0.00340694 -0.0073415 0.999966 0.00383167 0.00829414 0.0308303 -0.00360359 0.999518 -0.0220306 0.0 0.0 0.0 1.0
office/seq-04/color/frame-000241.color.png office/seq-04/color/frame-000244.color.png 0.999754 0.00412044 -0.021798 -0.00817293 -0.00386862 0.999925 0.0115812 0.00735733 0.0218442 -0.011494 0.999695 -0.0144796 0.0 0.0 0.0 1.0
office/seq-04/color/frame-000244.color.png office/seq-04/color/frame-000247.color.png 0.999798 0.00131685 -0.0200343 -0.0127869 -0.00132063 0.999999 -0.000177103 0.00949064 0.0200341 0.000203515 0.999799 -0.00848464 0.0 0.0 0.0 1.0
office/seq-04/color/frame-000247.color.png office/seq-04/color/frame-000250.color.png 0.999726 0.00482944 -0.0229234 -0.00756884 -0.00471349 0.999976 0.00510919 0.00105771 0.0229475 -0.00499972 0.999724 -0.00753079 0.0 0.0 0.0 1.0
office/seq-04/color/frame-000250.color.png office/seq-04/color/frame-000253.color.png 0.999685 0.0117581 -0.0221855 -0.0282074 -0.0117549 0.999931 0.00027111 0.000865459 0.0221873 -1.02567e-05 0.999754 -0.0129527 0.0 0.0 0.0 1.0
office/seq-04/color/frame-000253.color.png office/seq-04/color/frame-000256.color.png 0.999716 0.0124726 -0.0203102 -0.0109184 -0.0124964 0.999921 -0.00104277 -0.0066983 0.0202956 0.00129629 0.999793 0.000201877 0.0 0.0 0.0 1.0
office/seq-04/color/frame-000256.color.png office/seq-04/color/frame-000259.color.png 0.999885 0.00603162 -0.0139512 -0.0153359 -0.00599347 0.999978 0.00277225 -0.000749528 0.0139676 -0.00268834 0.999899 -0.0037209 0.0 0.0 0.0 1.0
office/seq-04/color/frame-000259.color.png office/seq-04/color/frame-000262.color.png 0.999925 0.00557406 -0.0108683 -0.0186458 -0.00559316 0.999983 -0.00172267 0.00232157 0.0108586 0.0017833 0.999939 -0.00179814 0.0 0.0 0.0 1.0
office/seq-04/color/frame-000262.color.png office/seq-04/color/frame-000265.color.png 0.999989 0.00398813 -0.00263542 -0.0185394 -0.00398163 0.999989 0.00245617 0.00218111 0.00264514 -0.00244566 0.999994 -0.0118481 0.0 0.0 0.0 1.0
office/seq-04/color/frame-000265.color.png office/seq-04/color/frame-000268.color.png 0.999935 -0.00315232 -0.0109686 -0.016413 0.00322095 0.999975 0.00624216 0.00962125 0.0109487 -0.00627711 0.99992 -0.00170844 0.0 0.0 0.0 1.0
office/seq-04/color/frame-000268.color.png office/seq-04/color/frame-000271.color.png 0.999881 0.00461834 -0.0146891 -0.0186318 -0.00447222 0.99994 0.00996679 0.00313573 0.0147342 -0.00989988 0.999843 -0.00475183 0.0 0.0 0.0 1.0
office/seq-04/color/frame-000271.color.png office/seq-04/color/frame-000274.color.png 0.999638 0.0121303 -0.0240173 -0.0149727 -0.0120138 0.999915 0.00499184 -0.00838399 0.0240759 -0.00470151 0.999699 0.0104909 0.0 0.0 0.0 1.0
office/seq-04/color/frame-000274.color.png office/seq-04/color/frame-000277.color.png 0.999714 0.00400378 -0.0235583 -0.0137544 -0.00371 0.999915 0.0124969 0.00197768 0.0236063 -0.0124059 0.999644 0.0138081 0.0 0.0 0.0 1.0
office/seq-04/color/frame-000277.color.png office/seq-04/color/frame-000280.color.png 0.999665 0.0105293 -0.0236287 -0.0116524 -0.0103168 0.999905 0.00909534 -0.00588877 0.0237223 -0.00884852 0.999679 0.0111831 0.0 0.0 0.0 1.0
office/seq-04/color/frame-000280.color.png office/seq-04/color/frame-000283.color.png 0.99949 0.0177007 -0.0265603 -0.0167812 -0.0175579 0.99983 0.00560236 -0.00816135 0.026655 -0.00513316 0.999632 0.013727 0.0 0.0 0.0 1.0
office/seq-04/color/frame-000283.color.png office/seq-04/color/frame-000286.color.png 0.998994 0.0264416 -0.036208 -0.00370395 -0.026377 0.99965 0.00225854 -0.0204754 0.0362548 -0.00130117 0.999342 0.0329542 0.0 0.0 0.0 1.0
office/seq-04/color/frame-000286.color.png office/seq-04/color/frame-000289.color.png 0.999009 0.0228382 -0.0382142 -0.00624084 -0.0229501 0.999734 -0.00249002 -0.0153102 0.0381473 0.00336457 0.999266 0.0397338 0.0 0.0 0.0 1.0
office/seq-04/color/frame-000289.color.png office/seq-04/color/frame-000292.color.png 0.998989 0.0136941 -0.0428148 0.0130879 -0.0137138 0.999906 -0.000167559 -0.0165274 0.0428086 0.000754517 0.999083 0.0466466 0.0 0.0 0.0 1.0
office/seq-04/color/frame-000292.color.png office/seq-04/color/frame-000295.color.png 0.998765 0.0307606 -0.0390097 0.0146571 -0.0306748 0.999526 0.00279602 -0.0305797 0.0390773 -0.00159591 0.999235 0.0403668 0.0 0.0 0.0 1.0
office/seq-04/color/frame-000295.color.png office/seq-04/color/frame-000298.color.png 0.999354 0.0183449 -0.0308962 0.0131362 -0.0184718 0.999822 -0.0038302 -0.016207 0.0308203 0.00439849 0.999515 0.0296028 0.0 0.0 0.0 1.0
office/seq-04/color/frame-000298.color.png office/seq-04/color/frame-000301.color.png 0.999314 0.0239323 -0.0282774 0.00826472 -0.0239738 0.999712 -0.00112701 -0.0212854 0.0282423 0.00180411 0.9996 0.0343676 0.0 0.0 0.0 1.0
office/seq-04/color/frame-000301.color.png office/seq-04/color/frame-000304.color.png 0.999121 0.0265476 -0.0324566 0.0121359 -0.0266759 0.999638 -0.00351921 -0.0248369 0.0323514 0.00438195 0.999467 0.0300936 0.0 0.0 0.0 1.0
office/seq-04/color/frame-000304.color.png office/seq-04/color/frame-000307.color.png 0.999066 0.0255651 -0.034823 0.0180773 -0.0254719 0.999671 0.00311455 -0.0269898 0.0348912 -0.00222465 0.999389 0.0338637 0.0 0.0 0.0 1.0
office/seq-04/color/frame-000307.color.png office/seq-04/color/frame-000310.color.png 0.997957 0.0272664 -0.0577871 0.0255942 -0.0276828 0.999596 -0.0064192 -0.025075 0.0575888 0.00800576 0.998308 0.05358 0.0 0.0 0.0 1.0
office/seq-04/color/frame-000310.color.png office/seq-04/color/frame-000313.color.png 0.999357 0.0161429 -0.0320061 0.0137091 -0.0161588 0.999869 -0.000233548 -0.0131179 0.0319982 0.00075059 0.999488 0.0306561 0.0 0.0 0.0 1.0
office/seq-04/color/frame-000313.color.png office/seq-04/color/frame-000316.color.png 0.999337 0.0211804 -0.029614 0.0123644 -0.0211627 0.999776 0.000909085 -0.0196758 0.0296266 -0.000281774 0.999561 0.0293934 0.0 0.0 0.0 1.0
office/seq-04/color/frame-000316.color.png office/seq-04/color/frame-000319.color.png 0.999616 0.0079146 -0.0265629 0.0110682 -0.00778873 0.999958 0.00484083 -0.00909197 0.0266 -0.00463202 0.999635 0.0240371 0.0 0.0 0.0 1.0
office/seq-04/color/frame-000319.color.png office/seq-04/color/frame-000322.color.png 0.999507 0.00898327 -0.0300969 0.00823486 -0.0091412 0.999945 -0.00511878 -0.00545901 0.0300493 0.00539147 0.999534 0.0323966 0.0 0.0 0.0 1.0
office/seq-04/color/frame-000322.color.png office/seq-04/color/frame-000325.color.png 0.999484 0.0117693 -0.0298952 0.00907815 -0.0120262 0.999892 -0.0084213 -0.00974299 0.0297929 0.0087764 0.999518 0.0276027 0.0 0.0 0.0 1.0
office/seq-04/color/frame-000325.color.png office/seq-04/color/frame-000328.color.png 0.999568 0.0146734 -0.0254753 0.00777793 -0.0146076 0.999889 0.00276905 -0.0151274 0.025513 -0.00239585 0.999672 0.0305994 0.0 0.0 0.0 1.0
office/seq-04/color/frame-000328.color.png office/seq-04/color/frame-000331.color.png 0.998422 0.0266074 -0.0494473 0.00740796 -0.0267535 0.99964 -0.00229561 -0.0201431 0.0493686 0.00361494 0.998774 0.0746864 0.0 0.0 0.0 1.0
office/seq-04/color/frame-000331.color.png office/seq-04/color/frame-000334.color.png 0.999341 0.0161845 -0.0324807 0.00630623 -0.0163608 0.999853 -0.00516765 -0.0117592 0.0323923 0.0056956 0.999459 0.0397018 0.0 0.0 0.0 1.0
office/seq-04/color/frame-000334.color.png office/seq-04/color/frame-000337.color.png 0.999322 0.0134639 -0.0342642 0.000409365 -0.0132586 0.999893 0.0062088 -0.0158823 0.0343441 -0.00575024 0.999393 0.045508 0.0 0.0 0.0 1.0
office/seq-04/color/frame-000337.color.png office/seq-04/color/frame-000340.color.png 0.998563 0.0202673 -0.0496151 0.00538486 -0.0207758 0.999737 -0.00975294 -0.0173446 0.0494043 0.0107697 0.998721 0.0561559 0.0 0.0 0.0 1.0
office/seq-04/color/frame-000340.color.png office/seq-04/color/frame-000343.color.png 0.999227 0.0153041 -0.0362193 0.00746673 -0.0154078 0.999878 -0.00258416 -0.0139885 0.0361753 0.00314021 0.999341 0.0445798 0.0 0.0 0.0 1.0
office/seq-04/color/frame-000343.color.png office/seq-04/color/frame-000346.color.png 0.999141 0.0163154 -0.0380981 0.00347793 -0.0164048 0.999863 -0.00203835 -0.0148756 0.0380597 0.00266162 0.999272 0.0403814 0.0 0.0 0.0 1.0
office/seq-04/color/frame-000346.color.png office/seq-04/color/frame-000349.color.png 0.998026 0.0188934 -0.0598993 0.0129311 -0.0197082 0.999721 -0.013042 -0.0179788 0.0596362 0.0141968 0.998119 0.0624011 0.0 0.0 0.0 1.0
office/seq-04/color/frame-000349.color.png office/seq-04/color/frame-000352.color.png 0.999187 0.00550328 -0.0399499 0.00935698 -0.00549283 0.999985 0.000372156 -0.00774808 0.0399514 -0.000152513 0.999202 0.0423732 0.0 0.0 0.0 1.0
office/seq-04/color/frame-000352.color.png office/seq-04/color/frame-000355.color.png 0.99876 0.00420327 -0.0495967 0.00991368 -0.00361564 0.999922 0.0119313 -0.0151955 0.049643 -0.0117372 0.998698 0.0554081 0.0 0.0 0.0 1.0
office/seq-04/color/frame-000355.color.png office/seq-04/color/frame-000358.color.png 0.998765 0.00169217 -0.0496511 0.0190172 -0.00164525 0.999998 0.000985443 -0.00511038 0.0496527 -0.000902515 0.998766 0.0420389 0.0 0.0 0.0 1.0
office/seq-04/color/frame-000358.color.png office/seq-04/color/frame-000361.color.png 0.999377 0.00690505 -0.0345986 0.0104141 -0.00676581 0.999969 0.00414488 -0.00962728 0.0346261 -0.00390827 0.999393 0.023687 0.0 0.0 0.0 1.0
office/seq-04/color/frame-000361.color.png office/seq-04/color/frame-000364.color.png 0.998578 0.0129929 -0.0516969 0.027566 -0.013099 0.999913 -0.0017149 -0.0113203 0.0516701 0.00238962 0.998661 0.0375094 0.0 0.0 0.0 1.0
office/seq-04/color/frame-000364.color.png office/seq-04/color/frame-000367.color.png 0.998082 0.015513 -0.0599342 0.0238487 -0.0152797 0.999874 0.00434923 -0.012597 0.0599941 -0.00342511 0.998193 0.0595345 0.0 0.0 0.0 1.0
office/seq-04/color/frame-000367.color.png office/seq-04/color/frame-000370.color.png 0.998045 0.0222585 -0.0584061 0.0301632 -0.0210433 0.999551 0.0213388 -0.0364086 0.0588548 -0.0200679 0.998065 0.0687133 0.0 0.0 0.0 1.0
office/seq-04/color/frame-000370.color.png office/seq-04/color/frame-000373.color.png 0.99792 0.0179164 -0.0619233 0.0332417 -0.0178703 0.999839 0.00130087 -0.0204379 0.0619367 -0.000191674 0.99808 0.066667 0.0 0.0 0.0 1.0
office/seq-04/color/frame-000373.color.png office/seq-04/color/frame-000376.color.png 0.998273 0.0208565 -0.054913 0.0505174 -0.0209746 0.999779 -0.0015747 -0.0386366 0.0548679 0.00272381 0.99849 0.0560761 0.0 0.0 0.0 1.0
office/seq-04/color/frame-000376.color.png office/seq-04/color/frame-000379.color.png 0.998775 0.0314405 -0.0382228 0.0424994 -0.0317099 0.999476 -0.00646626 -0.028993 0.0379995 0.00767037 0.999248 0.0400058 0.0 0.0 0.0 1.0
office/seq-04/color/frame-000379.color.png office/seq-04/color/frame-000382.color.png 0.998762 0.0241472 -0.0434872 0.0403096 -0.0241202 0.999708 0.00114806 -0.0330086 0.0435023 -9.7689e-05 0.999053 0.0367254 0.0 0.0 0.0 1.0
office/seq-04/color/frame-000382.color.png office/seq-04/color/frame-000385.color.png 0.998664 0.0130746 -0.0499868 0.0530313 -0.0126387 0.999879 0.00902845 -0.0193851 0.0500988 -0.00838458 0.998709 0.0618778 0.0 0.0 0.0 1.0
office/seq-04/color/frame-000385.color.png office/seq-04/color/frame-000388.color.png 0.999368 0.0173424 -0.0310368 0.0361998 -0.0170548 0.999809 0.00950761 -0.0270764 0.0311958 -0.00897242 0.999473 0.032681 0.0 0.0 0.0 1.0
office/seq-04/color/frame-000388.color.png office/seq-04/color/frame-000391.color.png 0.999704 0.0136535 -0.0201229 0.0218511 -0.0136345 0.999906 0.00107344 -0.0044992 0.0201357 -0.000798631 0.999797 0.00627625 0.0 0.0 0.0 1.0
office/seq-04/color/frame-000391.color.png office/seq-04/color/frame-000394.color.png 0.999746 0.00975877 -0.0203142 0.0265433 -0.00962841 0.999932 0.0065073 -0.00247195 0.0203762 -0.00631006 0.999772 0.0123932 0.0 0.0 0.0 1.0
office/seq-04/color/frame-000394.color.png office/seq-04/color/frame-000397.color.png 0.999742 0.00893452 -0.0208566 0.0298223 -0.008584 0.999821 0.01683 -0.0111172 0.0210033 -0.0166466 0.999641 0.00424317 0.0 0.0 0.0 1.0
office/seq-04/color/frame-000397.color.png office/seq-04/color/frame-000400.color.png 0.999738 0.00508697 -0.0223047 0.0262658 -0.00488645 0.999947 0.00903647 -0.00441617 0.0223496 -0.00892508 0.99971 0.00758892 0.0 0.0 0.0 1.0
office/seq-04/color/frame-000400.color.png office/seq-04/color/frame-000403.color.png 0.999817 0.0101989 -0.0161511 0.0262149 -0.010021 0.999889 0.01106 -0.00889319 0.0162621 -0.0108961 0.999808 0.00591406 0.0 0.0 0.0 1.0
office/seq-04/color/frame-000403.color.png office/seq-04/color/frame-000406.color.png 0.999815 0.0119258 -0.01508 0.0241809 -0.0118589 0.999919 0.00451448 -0.00913811 0.0151326 -0.00433483 0.999876 0.00227126 0.0 0.0 0.0 1.0
office/seq-04/color/frame-000406.color.png office/seq-04/color/frame-000409.color.png 0.999976 0.00364042 -0.00584952 0.0288215 -0.00362081 0.999988 0.00338722 0.00365064 0.00586166 -0.00336601 0.999977 -0.00215292 0.0 0.0 0.0 1.0
office/seq-04/color/frame-000409.color.png office/seq-04/color/frame-000412.color.png 0.999961 0.00827929 0.0029488 0.0257729 -0.0082778 0.999965 -0.000522495 0.00162312 -0.00295291 0.000498103 0.999995 -0.00378284 0.0 0.0 0.0 1.0
office/seq-04/color/frame-000412.color.png office/seq-04/color/frame-000415.color.png 0.999964 -0.00575925 0.00623717 0.0291475 0.00570193 0.999942 0.00917503 0.0035339 -0.00628978 -0.00913905 0.999938 -0.00643018 0.0 0.0 0.0 1.0
office/seq-04/color/frame-000415.color.png office/seq-04/color/frame-000418.color.png 0.99993 -0.0012011 0.0118038 0.0324715 0.00120968 0.999999 -0.000716573 0.00317714 -0.0118029 0.000730734 0.99993 0.00295037 0.0 0.0 0.0 1.0
office/seq-04/color/frame-000418.color.png office/seq-04/color/frame-000421.color.png 0.999734 0.0104946 0.0205347 0.0265504 -0.0103842 0.999931 -0.00547134 0.0137099 -0.0205907 0.00525664 0.999774 -0.00244471 0.0 0.0 0.0 1.0
office/seq-04/color/frame-000421.color.png office/seq-04/color/frame-000424.color.png 0.999894 0.0101428 0.0103995 0.0309024 -0.00998754 0.999839 -0.0148777 0.00251269 -0.0105487 0.0147723 0.999835 -0.0073064 0.0 0.0 0.0 1.0
office/seq-04/color/frame-000424.color.png office/seq-04/color/frame-000427.color.png 0.999797 0.0108713 0.0169664 0.0105929 -0.0107719 0.999924 -0.00593543 0.00635985 -0.0170295 0.00575147 0.999839 -0.0109884 0.0 0.0 0.0 1.0
office/seq-04/color/frame-000427.color.png office/seq-04/color/frame-000430.color.png 0.999896 0.0132556 -0.00575742 0.0245467 -0.0132935 0.99989 -0.00656374 0.00321364 0.00566981 0.00663953 0.999962 0.0013974 0.0 0.0 0.0 1.0
office/seq-04/color/frame-000430.color.png office/seq-04/color/frame-000433.color.png 0.999633 0.0225634 -0.0150144 0.0297356 -0.0226737 0.999717 -0.00721702 0.0146825 0.0148472 0.00755465 0.999861 -0.0101196 0.0 0.0 0.0 1.0
office/seq-04/color/frame-000433.color.png office/seq-04/color/frame-000436.color.png 0.999415 0.0335086 -0.00677885 0.0206285 -0.0335719 0.999392 -0.00945533 0.011906 0.00645788 0.00967743 0.999932 -0.00707769 0.0 0.0 0.0 1.0
office/seq-04/color/frame-000436.color.png office/seq-04/color/frame-000439.color.png 0.999596 0.0128037 -0.0253729 0.0158061 -0.0127398 0.999915 0.00267809 0.00195619 0.0254051 -0.00235371 0.999674 0.000106573 0.0 0.0 0.0 1.0
office/seq-04/color/frame-000439.color.png office/seq-04/color/frame-000442.color.png 0.999581 0.0197191 -0.0211886 0.0191315 -0.0197945 0.999798 -0.0033575 0.00125864 0.0211181 0.00377559 0.99977 -0.00455728 0.0 0.0 0.0 1.0
office/seq-04/color/frame-000442.color.png office/seq-04/color/frame-000445.color.png 0.999943 0.00609414 -0.00880614 0.0077568 -0.00606957 0.999978 0.00282368 0.022075 0.00882326 -0.00277011 0.999957 -0.00981787 0.0 0.0 0.0 1.0
office/seq-04/color/frame-000445.color.png office/seq-04/color/frame-000448.color.png 0.999842 0.00916121 -0.015222 -0.00942901 -0.00936025 0.999871 -0.0130568 0.0130656 0.0151002 0.0131972 0.999799 -0.0213599 0.0 0.0 0.0 1.0
office/seq-04/color/frame-000448.color.png office/seq-04/color/frame-000451.color.png 0.999997 -0.00201728 -0.00153836 -0.00241257 0.00202522 0.999985 0.00510183 0.00782411 0.00152813 -0.00510475 0.999986 -0.0161805 0.0 0.0 0.0 1.0
office/seq-04/color/frame-000451.color.png office/seq-04/color/frame-000454.color.png 0.999966 -0.00763784 -0.00307532 -0.00980005 0.00763708 0.999971 -0.000221389 0.0213881 0.00307695 0.000197739 0.999995 -0.0379134 0.0 0.0 0.0 1.0
office/seq-04/color/frame-000454.color.png office/seq-04/color/frame-000457.color.png 0.999999 0.00167748 -8.95008e-05 -0.00828081 -0.00167772 0.999988 -0.00448909 0.0244045 8.1958e-05 0.00448929 0.99999 -0.0475641 0.0 0.0 0.0 1.0
office/seq-04/color/frame-000457.color.png office/seq-04/color/frame-000460.color.png 0.999973 0.00103448 0.00725894 -0.0132619 -0.0011466 0.99988 0.0154439 0.00828911 -0.00724209 -0.0154519 0.999854 -0.0376329 0.0 0.0 0.0 1.0
office/seq-04/color/frame-000460.color.png office/seq-04/color/frame-000463.color.png 0.999692 -0.00439457 0.0244389 -0.0255629 0.00446667 0.999986 -0.00289522 0.0129613 -0.0244258 0.00300351 0.999697 -0.0663406 0.0 0.0 0.0 1.0
office/seq-04/color/frame-000463.color.png office/seq-04/color/frame-000466.color.png 0.999723 -0.0155109 0.0176936 -0.00497171 0.0152939 0.999807 0.0123368 0.0165367 -0.0178816 -0.0120627 0.999767 -0.0426842 0.0 0.0 0.0 1.0
office/seq-04/color/frame-000466.color.png office/seq-04/color/frame-000469.color.png 0.999813 -0.00539396 0.0185619 -0.016398 0.0054292 0.999984 -0.00185105 0.00991155 -0.0185515 0.00195155 0.999826 -0.0354751 0.0 0.0 0.0 1.0
office/seq-04/color/frame-000469.color.png office/seq-04/color/frame-000472.color.png 0.999889 -0.0022884 0.0147259 -0.0166145 0.00225734 0.999995 0.00212137 0.00330058 -0.0147306 -0.0020879 0.999889 -0.033665 0.0 0.0 0.0 1.0
office/seq-04/color/frame-000472.color.png office/seq-04/color/frame-000475.color.png 0.999864 -0.00668881 0.0150545 -0.0149632 0.00666246 0.999976 0.00179588 0.00707255 -0.0150662 -0.00169548 0.999885 -0.0289346 0.0 0.0 0.0 1.0
office/seq-04/color/frame-000475.color.png office/seq-04/color/frame-000478.color.png 0.999881 -0.00486448 0.0146075 -0.0151352 0.00483041 0.999986 0.0023668 0.0102841 -0.0146187 -0.00229582 0.999891 -0.0330312 0.0 0.0 0.0 1.0
office/seq-04/color/frame-000478.color.png office/seq-04/color/frame-000481.color.png 0.99991 0.00333469 0.0129948 -0.0216159 -0.00338913 0.999986 0.00417106 0.00714337 -0.0129808 -0.00421479 0.999907 -0.0327672 0.0 0.0 0.0 1.0
office/seq-04/color/frame-000481.color.png office/seq-04/color/frame-000484.color.png 0.999918 0.00406457 0.0121392 -0.0163147 -0.00397281 0.999964 -0.00757589 0.00185309 -0.0121695 0.0075271 0.999898 -0.0301468 0.0 0.0 0.0 1.0
office/seq-04/color/frame-000484.color.png office/seq-04/color/frame-000487.color.png 0.999774 -0.000208858 0.0212319 -0.0243945 0.000320216 0.999986 -0.00523902 0.010479 -0.0212306 0.00524457 0.999761 -0.0359141 0.0 0.0 0.0 1.0
office/seq-04/color/frame-000487.color.png office/seq-04/color/frame-000490.color.png 0.999852 0.00611214 0.0161174 -0.019989 -0.00579162 0.999786 -0.0198571 0.0024422 -0.0162354 0.0197608 0.999673 -0.0323395 0.0 0.0 0.0 1.0
office/seq-04/color/frame-000490.color.png office/seq-04/color/frame-000493.color.png 0.999892 0.00441456 0.0140059 -0.0213938 -0.00427095 0.999938 -0.0102656 0.000156716 -0.0140504 0.0102047 0.999849 -0.0329244 0.0 0.0 0.0 1.0
office/seq-04/color/frame-000493.color.png office/seq-04/color/frame-000496.color.png 0.9999 0.00508557 0.0131799 -0.0258896 -0.0049545 0.999938 -0.00996186 0.000732578 -0.0132297 0.00989557 0.999864 -0.0292088 0.0 0.0 0.0 1.0
office/seq-04/color/frame-000496.color.png office/seq-04/color/frame-000499.color.png 1.0 -0.000824456 -6.76221e-05 -0.0219913 0.000824852 0.999987 0.00508785 -0.00177231 6.34087e-05 -0.00508792 0.999987 -0.0265457 0.0 0.0 0.0 1.0
office/seq-04/color/frame-000499.color.png office/seq-04/color/frame-000502.color.png 0.999911 0.0018609 0.0132212 -0.0179412 -0.00180657 0.99999 -0.00412465 -0.00381923 -0.0132286 0.00410044 0.999904 -0.029288 0.0 0.0 0.0 1.0
office/seq-04/color/frame-000502.color.png office/seq-04/color/frame-000505.color.png 0.999952 0.00414512 0.00888316 -0.0148454 -0.00410538 0.999982 -0.00448477 -0.00415496 -0.00890166 0.00444808 0.99995 -0.0371118 0.0 0.0 0.0 1.0
office/seq-04/color/frame-000505.color.png office/seq-04/color/frame-000508.color.png 0.999967 0.00532067 0.00609686 -0.0138224 -0.00531299 0.999985 -0.00126542 -0.00734475 -0.00610357 0.00123301 0.999981 -0.0187482 0.0 0.0 0.0 1.0
office/seq-04/color/frame-000508.color.png office/seq-04/color/frame-000511.color.png 0.999965 -0.0027713 0.00783545 -0.00763661 0.0028188 0.999978 -0.00605954 -0.000629991 -0.0078186 0.0060814 0.999951 -0.0201853 0.0 0.0 0.0 1.0
office/seq-04/color/frame-000511.color.png office/seq-04/color/frame-000514.color.png 0.999915 -0.00318015 0.0126491 -0.00897408 0.0032168 0.999991 -0.00287438 0.00268268 -0.0126397 0.00291476 0.999916 -0.0259214 0.0 0.0 0.0 1.0
office/seq-04/color/frame-000514.color.png office/seq-04/color/frame-000517.color.png 0.999953 -0.00221531 0.00939282 -0.00777495 0.00222159 0.999997 -0.000665155 -0.000365257 -0.00939136 0.000686003 0.999956 -0.0109749 0.0 0.0 0.0 1.0
office/seq-04/color/frame-000517.color.png office/seq-04/color/frame-000520.color.png 0.999706 -0.00987251 0.0221398 -0.00756252 0.00983991 0.99995 0.00158107 0.00914764 -0.0221544 -0.00136279 0.999754 -0.0273423 0.0 0.0 0.0 1.0
office/seq-04/color/frame-000520.color.png office/seq-04/color/frame-000523.color.png 0.999655 -0.0132525 0.0226591 -0.00217348 0.0132859 0.999911 -0.00132083 0.0117787 -0.0226395 0.00162146 0.999742 -0.0284501 0.0 0.0 0.0 1.0
office/seq-04/color/frame-000523.color.png office/seq-04/color/frame-000526.color.png 0.999792 -0.0108706 0.0172676 -0.00412321 0.010819 0.999937 0.00307617 0.00751358 -0.0173 -0.00288856 0.999846 -0.0228343 0.0 0.0 0.0 1.0
office/seq-04/color/frame-000526.color.png office/seq-04/color/frame-000529.color.png 0.998834 -0.0279107 0.0393801 0.00312746 0.0272759 0.999491 0.0165666 0.0325513 -0.0398226 -0.0154732 0.999087 -0.0466959 0.0 0.0 0.0 1.0
