office/seq-04/color/frame-000000.color.png office/seq-04/color/frame-000003.color.png 0.999986 0.00515567 0.000671999 0.00182238 -0.0051591 0.999973 0.00520589 -0.00108711 -0.000645141 -0.00520929 0.999986 0.00906927 0.0 0.0 0.0 1.0
office/seq-04/color/frame-000003.color.png office/seq-04/color/frame-000006.color.png 0.999964 0.00817312 0.00214204 -0.00218694 -0.00816544 0.99996 -0.00357098 -0.000168214 -0.00217114 0.00355337 0.999991 0.00658551 0.0 0.0 0.0 1.0
office/seq-04/color/frame-000006.color.png office/seq-04/color/frame-000009.color.png 0.99995 0.00995271 -0.000451012 0.00104348 -0.00994076 0.999721 0.0214342 0.00142737 0.000664215 -0.0214287 0.99977 0.0154646 0.0 0.0 0.0 1.0
office/seq-04/color/frame-000009.color.png office/seq-04/color/frame-000012.color.png 0.999926 0.0110342 0.00513797 -0.000868309 -0.0112075 0.999324 0.0350061 -0.0202709 -0.00474823 -0.0350611 0.999374 0.0255651 0.0 0.0 0.0 1.0
office/seq-04/color/frame-000012.color.png office/seq-04/color/frame-000015.color.png 0.99982 -0.00468539 0.018407 0.000754842 0.00438526 0.999857 0.0163111 -0.000163691 -0.0184808 -0.0162274 0.999698 0.0242993 0.0 0.0 0.0 1.0
office/seq-04/color/frame-000015.color.png office/seq-04/color/frame-000018.color.png 0.999684 -0.00703531 0.024146 -0.00351389 0.00622354 0.999418 0.0335314 -0.0395156 -0.0243679 -0.0333706 0.999146 0.036092 0.0 0.0 0.0 1.0
office/seq-04/color/frame-000018.color.png office/seq-04/color/frame-000021.color.png 0.999776 -0.00975725 0.0188048 -0.00594025 0.00934933 0.999722 0.0216592 -0.0112605 -0.0190109 -0.0214786 0.999589 0.0223946 0.0 0.0 0.0 1.0
office/seq-04/color/frame-000021.color.png office/seq-04/color/frame-000024.color.png 0.999823 0.00492996 0.0181631 -0.011713 -0.00550396 0.999483 0.0316899 -0.0294045 -0.0179974 -0.0317842 0.999333 0.035955 0.0 0.0 0.0 1.0
office/seq-04/color/frame-000024.color.png office/seq-04/color/frame-000027.color.png 0.999941 0.00235924 0.0106473 -0.0102991 -0.00278524 0.999189 0.0401745 -0.0401471 -0.0105439 -0.0402018 0.999136 0.0308332 0.0 0.0 0.0 1.0
office/seq-04/color/frame-000027.color.png office/seq-04/color/frame-000030.color.png 0.999985 -0.001721 -0.00517063 -0.00257423 0.00187273 0.999563 0.0294852 -0.0347646 0.0051176 -0.0294944 0.999552 0.0365413 0.0 0.0 0.0 1.0
office/seq-04/color/frame-000030.color.png office/seq-04/color/frame-000033.color.png 0.999999 0.000212033 -0.00117169 0.00168751 -0.00019761 0.999925 0.0122853 -0.0294889 0.00117423 -0.012285 0.999924 0.027705 0.0 0.0 0.0 1.0
office/seq-04/color/frame-000033.color.png office/seq-04/color/frame-000036.color.png 0.999877 -0.0118659 0.0102408 -0.010577 0.0118261 0.999922 0.00393596 -0.0306225 -0.0102867 -0.00381442 0.99994 0.0248467 0.0 0.0 0.0 1.0
office/seq-04/color/frame-000036.color.png office/seq-04/color/frame-000039.color.png 0.999904 -0.0130662 0.00457172 0.00398785 0.0131061 0.999875 -0.00880321 -0.0200895 -0.00445612 0.00886234 0.999951 0.0307072 0.0 0.0 0.0 1.0
office/seq-04/color/frame-000039.color.png office/seq-04/color/frame-000042.color.png 0.999997 -0.00221374 0.000456204 0.00980641 0.00221411 0.999997 -0.000804679 -0.0112901 -0.000454424 0.000805709 1.0 0.0210071 0.0 0.0 0.0 1.0
office/seq-04/color/frame-000042.color.png office/seq-04/color/frame-000045.color.png 0.999986 0.00250726 0.00459099 0.0214217 -0.00250839 0.999997 0.000242272 -0.0191111 -0.00459037 -0.000253814 0.999989 0.0317164 0.0 0.0 0.0 1.0
office/seq-04/color/frame-000045.color.png office/seq-04/color/frame-000048.color.png 0.999936 -0.00461806 0.0103406 0.0283494 0.00447016 0.999888 0.0142795 -0.0348845 -0.0104054 -0.0142323 0.999845 0.0245988 0.0 0.0 0.0 1.0
office/seq-04/color/frame-000048.color.png office/seq-04/color/frame-000051.color.png 0.999518 -0.0166976 0.0261837 -0.00456562 0.0171275 0.999721 -0.0162836 0.00145072 -0.0259045 0.0167242 0.999524 0.0213584 0.0 0.0 0.0 1.0
office/seq-04/color/frame-000051.color.png office/seq-04/color/frame-000054.color.png 0.999493 -0.0222952 0.0227191 0.0216008 0.0227664 0.999527 -0.0206992 0.00295609 -0.0222469 0.0212059 0.999527 0.0233797 0.0 0.0 0.0 1.0
office/seq-04/color/frame-000054.color.png office/seq-04/color/frame-000057.color.png 0.999535 -0.0205706 0.0224902 0.0100744 0.0200489 0.99953 0.0231837 -0.0486387 -0.0229565 -0.022722 0.999478 0.0234479 0.0 0.0 0.0 1.0
office/seq-04/color/frame-000057.color.png office/seq-04/color/frame-000060.color.png 0.999828 -0.00961741 0.0158404 0.00447807 0.00962139 0.999954 -0.000175127 -0.00306803 -0.015838 0.000327489 0.999875 0.0256832 0.0 0.0 0.0 1.0
office/seq-04/color/frame-000060.color.png office/seq-04/color/frame-000063.color.png 0.999922 -0.00844482 0.00917618 0.0120157 0.00839187 0.999948 0.00579633 -0.00200516 -0.00922464 -0.00571883 0.999941 0.0118029 0.0 0.0 0.0 1.0
office/seq-04/color/frame-000063.color.png office/seq-04/color/frame-000066.color.png 0.999958 0.00470822 0.00788247 0.0105995 -0.00464223 0.999954 -0.00837013 0.00356492 -0.00792152 0.00833318 0.999934 0.0241193 0.0 0.0 0.0 1.0
office/seq-04/color/frame-000066.color.png office/seq-04/color/frame-000069.color.png 0.999953 -0.0096848 -0.000621349 0.0231084 0.00968692 0.999947 0.00352742 -0.0195244 0.000587112 -0.00353331 0.999994 0.0237916 0.0 0.0 0.0 1.0
office/seq-04/color/frame-000069.color.png office/seq-04/color/frame-000072.color.png 0.999983 -0.0021019 0.00546658 0.0131475 0.00205149 0.999955 0.00920936 -0.0127097 -0.00548569 -0.00919797 0.999943 0.0292848 0.0 0.0 0.0 1.0
office/seq-04/color/frame-000072.color.png office/seq-04/color/frame-000075.color.png 0.99998 -0.00223855 0.00592532 0.0120483 0.00223357 0.999997 0.000849306 -0.0155849 -0.0059272 -0.000836037 0.999982 0.0279706 0.0 0.0 0.0 1.0
office/seq-04/color/frame-000075.color.png office/seq-04/color/frame-000078.color.png 0.999938 -0.00239557 0.0108944 0.00230542 0.002481 0.999966 -0.00783757 -0.00798443 -0.0108752 0.00786409 0.99991 0.0406874 0.0 0.0 0.0 1.0
office/seq-04/color/frame-000078.color.png office/seq-04/color/frame-000081.color.png 0.999976 0.00132014 0.00679393 0.00471576 -0.00128833 0.999988 -0.00468161 -0.00794232 -0.0068001 0.00467273 0.999966 0.0390682 0.0 0.0 0.0 1.0
office/seq-04/color/frame-000081.color.png office/seq-04/color/frame-000084.color.png 0.999997 -0.00251651 -0.000615625 0.00629322 0.00251114 0.99996 -0.00853867 -0.0100489 0.00063714 0.00853711 0.999963 0.0435085 0.0 0.0 0.0 1.0
office/seq-04/color/frame-000084.color.png office/seq-04/color/frame-000087.color.png 0.99998 0.0062022 0.00105372 0.0150722 -0.00619929 0.999977 -0.0027282 -0.0169688 -0.00107062 0.00272162 0.999996 0.0374606 0.0 0.0 0.0 1.0
office/seq-04/color/frame-000087.color.png office/seq-04/color/frame-000090.color.png 0.99996 0.00882069 0.00164176 0.00349468 -0.00880813 0.999933 -0.00751562 -0.00653151 -0.00170794 0.00750081 0.99997 0.0404016 0.0 0.0 0.0 1.0
office/seq-04/color/frame-000090.color.png office/seq-04/color/frame-000093.color.png 0.999953 0.0087106 -0.00420779 0.00871748 -0.00874978 0.999918 -0.00938183 0.00192481 0.00412574 0.00941827 0.999947 0.0397747 0.0 0.0 0.0 1.0
office/seq-04/color/frame-000093.color.png office/seq-04/color/frame-000096.color.png 0.999932 0.00913369 -0.00720217 0.00404015 -0.009123 0.999957 0.00151489 -0.0172176 0.00721568 -0.00144911 0.999973 0.0280998 0.0 0.0 0.0 1.0
office/seq-04/color/frame-000096.color.png office/seq-04/color/frame-000099.color.png 0.999909 0.00315923 -0.0131545 0.0115963 -0.00312308 0.999991 0.00276793 -0.0155843 0.0131631 -0.00272656 0.99991 0.0283875 0.0 0.0 0.0 1.0
office/seq-04/color/frame-000099.color.png office/seq-04/color/frame-000102.color.png 0.999734 0.0159208 -0.0166664 0.0162944 -0.0160098 0.999858 -0.005223 0.00395101 0.0165809 0.00548839 0.999847 0.0288196 0.0 0.0 0.0 1.0
office/seq-04/color/frame-000102.color.png office/seq-04/color/frame-000105.color.png 0.999624 0.0101898 -0.0254495 0.0283921 -0.010196 0.999948 -0.00011433 -0.0143124 0.025447 0.000373828 0.999676 0.0183831 0.0 0.0 0.0 1.0
office/seq-04/color/frame-000105.color.png office/seq-04/color/frame-000108.color.png 0.999641 0.00919649 -0.0251503 0.0276003 -0.00930152 0.999948 -0.00406256 -0.0027377 0.0251117 0.00429504 0.999675 0.0227272 0.0 0.0 0.0 1.0
office/seq-04/color/frame-000108.color.png office/seq-04/color/frame-000111.color.png 0.999563 0.0129595 -0.0265682 0.0290511 -0.0131598 0.999886 -0.00738059 0.000955105 0.0264695 0.00772701 0.99962 0.0190687 0.0 0.0 0.0 1.0
office/seq-04/color/frame-000111.color.png office/seq-04/color/frame-000114.color.png 0.999444 0.0166372 -0.0288811 0.0342952 -0.0169992 0.999779 -0.0123367 0.0140948 0.0286695 0.0128207 0.999507 0.0201383 0.0 0.0 0.0 1.0
office/seq-04/color/frame-000114.color.png office/seq-04/color/frame-000117.color.png 0.999345 0.0206325 -0.0297354 0.0397149 -0.0209033 0.999743 -0.0088231 0.00720757 0.0295457 0.00943892 0.999519 0.0217547 0.0 0.0 0.0 1.0
office/seq-04/color/frame-000117.color.png office/seq-04/color/frame-000120.color.png 0.999598 0.0129758 -0.0252218 0.0322397 -0.0127918 0.999891 0.00744184 -0.0181937 0.0253156 -0.00711626 0.999654 0.0138427 0.0 0.0 0.0 1.0
office/seq-04/color/frame-000120.color.png office/seq-04/color/frame-000123.color.png 0.999468 0.0170839 -0.0278002 0.0323384 -0.0170732 0.999854 0.000620734 -0.00435954 0.0278068 -0.000145709 0.999613 0.0115379 0.0 0.0 0.0 1.0
office/seq-04/color/frame-000123.color.png office/seq-04/color/frame-000126.color.png 0.99902 0.0267006 -0.0353133 0.0419516 -0.026966 0.999611 -0.00706071 0.00752479 0.0351111 0.00800605 0.999351 0.0138755 0.0 0.0 0.0 1.0
office/seq-04/color/frame-000126.color.png office/seq-04/color/frame-000129.color.png 0.998836 0.0215897 -0.0431331 0.0431798 -0.0220293 0.99971 -0.00974165 0.00916183 0.0429103 0.0106805 0.999022 0.0143186 0.0 0.0 0.0 1.0
office/seq-04/color/frame-000129.color.png office/seq-04/color/frame-000132.color.png 0.998646 0.0191437 -0.0483772 0.0487841 -0.0194768 0.99979 -0.00642264 0.0127868 0.0482441 0.00735614 0.998808 0.00417006 0.0 0.0 0.0 1.0
office/seq-04/color/frame-000132.color.png office/seq-04/color/frame-000135.color.png 0.999306 0.0115295 -0.0354297 0.0260559 -0.0118505 0.999891 -0.0088631 0.0144371 0.0353236 0.0092768 0.999333 0.00457633 0.0 0.0 0.0 1.0
office/seq-04/color/frame-000135.color.png office/seq-04/color/frame-000138.color.png 0.999812 0.00791194 -0.0177002 0.0070093 -0.00802351 0.999948 -0.00624054 0.00685215 0.01765 0.00638137 0.999824 -0.0109861 0.0 0.0 0.0 1.0
office/seq-04/color/frame-000138.color.png office/seq-04/color/frame-000141.color.png 0.999991 0.00354446 -0.00217995 -0.0251902 -0.00353513 0.999985 0.00425964 -0.00771916 0.00219502 -0.0042519 0.999989 -0.00680053 0.0 0.0 0.0 1.0
office/seq-04/color/frame-000141.color.png office/seq-04/color/frame-000144.color.png 0.999909 -0.011072 -0.00765469 -0.0225377 0.0110676 0.999938 -0.000613748 -0.011124 0.00766103 0.000528992 0.99997 0.000270247 0.0 0.0 0.0 1.0
office/seq-04/color/frame-000144.color.png office/seq-04/color/frame-000147.color.png 0.999969 -0.00790273 -0.000301166 -0.0263161 0.00790142 0.99996 -0.00416651 0.00521803 0.0003341 0.00416401 0.999991 -0.0116966 0.0 0.0 0.0 1.0
office/seq-04/color/frame-000147.color.png office/seq-04/color/frame-000150.color.png 0.999931 -0.00639241 0.00989133 -0.0455098 0.006414 0.999977 -0.00215387 0.00588286 -0.00987734 0.00221718 0.999949 -0.0124382 0.0 0.0 0.0 1.0
office/seq-04/color/frame-000150.color.png office/seq-04/color/frame-000153.color.png 0.999832 -0.00874368 0.0161321 -0.0487672 0.00885684 0.999937 -0.00695517 0.0102679 -0.0160703 0.00709686 0.999846 -0.0146375 0.0 0.0 0.0 1.0
office/seq-04/color/frame-000153.color.png office/seq-04/color/frame-000156.color.png 0.999651 -0.0114692 0.0237984 -0.0712186 0.0113182 0.999915 0.0064702 -0.0163478 -0.0238706 -0.0061986 0.999696 -0.0216171 0.0 0.0 0.0 1.0
office/seq-04/color/frame-000156.color.png office/seq-04/color/frame-000159.color.png 0.999948 -0.00686848 0.00753065 -0.0389022 0.0069029 0.999966 -0.00454802 0.00883186 -0.00749917 0.00459975 0.999961 -0.0160147 0.0 0.0 0.0 1.0
office/seq-04/color/frame-000159.color.png office/seq-04/color/frame-000162.color.png 0.999947 0.00991387 0.00277656 -0.0276835 -0.00989 0.999915 -0.00849104 0.00547856 -0.00286053 0.00846316 0.99996 -0.024242 0.0 0.0 0.0 1.0
office/seq-04/color/frame-000162.color.png office/seq-04/color/frame-000165.color.png 0.999946 0.0101884 -0.00193685 -0.018481 -0.0102137 0.999856 -0.0135341 0.0195016 0.00179871 0.0135531 0.999906 -0.0225545 0.0 0.0 0.0 1.0
office/seq-04/color/frame-000165.color.png office/seq-04/color/frame-000168.color.png 0.99999 0.00452567 -0.000563859 -0.0247571 -0.00453288 0.999898 -0.0135177 0.0246189 0.000502626 0.0135201 0.999909 -0.0262169 0.0 0.0 0.0 1.0
office/seq-04/color/frame-000168.color.png office/seq-04/color/frame-000171.color.png 0.999938 0.0109452 0.00221127 -0.0185469 -0.0109274 0.999909 -0.00791086 0.014587 -0.00229766 0.00788619 0.999966 -0.0287425 0.0 0.0 0.0 1.0
office/seq-04/color/frame-000171.color.png office/seq-04/color/frame-000174.color.png 0.999988 0.00336072 0.00364502 -0.016339 -0.00338284 0.999976 0.00608559 -0.00273085 -0.00362448 -0.00609784 0.999975 -0.0287913 0.0 0.0 0.0 1.0
office/seq-04/color/frame-000174.color.png office/seq-04/color/frame-000177.color.png 0.999977 0.00282669 -0.00625701 -0.00946224 -0.00281709 0.999995 0.00154897 0.00507689 0.00626135 -0.0015313 0.999979 -0.030342 0.0 0.0 0.0 1.0
office/seq-04/color/frame-000177.color.png office/seq-04/color/frame-000180.color.png 0.999957 0.0053238 -0.00759069 -0.00219525 -0.00522887 0.999909 0.0124645 -0.00501817 0.00765633 -0.0124243 0.999893 -0.0338054 0.0 0.0 0.0 1.0
office/seq-04/color/frame-000180.color.png office/seq-04/color/frame-000183.color.png 0.999886 0.00720277 -0.013259 0.0040496 -0.00723158 0.999972 -0.00212444 0.00914896 0.0132433 0.00222008 0.99991 -0.0290665 0.0 0.0 0.0 1.0
office/seq-04/color/frame-000183.color.png office/seq-04/color/frame-000186.color.png 0.999905 0.00588988 -0.0124571 -0.0288694 -0.00592058 0.99998 -0.00242643 0.0339461 0.0124426 0.00249994 0.99992 -0.043604 0.0 0.0 0.0 1.0
office/seq-04/color/frame-000186.color.png office/seq-04/color/frame-000189.color.png 0.999837 -0.000966298 -0.018048 0.00892121 0.00107036 0.999983 0.00575542 0.00577363 0.0180421 -0.00577378 0.999821 -0.0244184 0.0 0.0 0.0 1.0
office/seq-04/color/frame-000189.color.png office/seq-04/color/frame-000192.color.png 0.999925 0.00535463 -0.0110185 -0.011296 -0.00518689 0.999871 0.0151965 -0.00270835 0.0110985 -0.0151383 0.999824 -0.0420146 0.0 0.0 0.0 1.0
office/seq-04/color/frame-000192.color.png office/seq-04/color/frame-000195.color.png 0.999906 -0.00238236 -0.0135005 0.000588864 0.00236557 0.999996 -0.0012591 0.00975847 0.0135035 0.00122706 0.999908 -0.0235503 0.0 0.0 0.0 1.0
office/seq-04/color/frame-000195.color.png office/seq-04/color/frame-000198.color.png 0.999961 -0.000440577 -0.00876511 -0.0123446 0.000372108 0.999969 -0.00781601 0.0107768 0.00876831 0.00781243 0.999931 -0.0305721 0.0 0.0 0.0 1.0
office/seq-04/color/frame-000198.color.png office/seq-04/color/frame-000201.color.png 0.99992 0.0053411 -0.0114428 0.00303692 -0.0054029 0.999971 -0.00537253 0.0115956 0.0114138 0.00543395 0.99992 -0.0122029 0.0 0.0 0.0 1.0
office/seq-04/color/frame-000201.color.png office/seq-04/color/frame-000204.color.png 0.999855 0.0162051 -0.00525084 -0.0178963 -0.0162606 0.999811 -0.0107143 0.0188978 0.00507618 0.0107982 0.999929 -0.0310032 0.0 0.0 0.0 1.0
office/seq-04/color/frame-000204.color.png office/seq-04/color/frame-000207.color.png 0.999952 0.00949589 -0.00245566 -0.0139882 -0.00948449 0.999944 0.00462939 0.00243297 0.0024995 -0.00460591 0.999986 -0.0241101 0.0 0.0 0.0 1.0
office/seq-04/color/frame-000207.color.png office/seq-04/color/frame-000210.color.png 0.999998 -0.000208699 -0.00183315 -0.0227737 0.000228535 0.999941 0.0108143 0.00999588 0.00183075 -0.0108146 0.99994 -0.0393547 0.0 0.0 0.0 1.0
office/seq-04/color/frame-000210.color.png office/seq-04/color/frame-000213.color.png 0.999911 -0.0133116 -9.52509e-05 -0.0351353 0.0133117 0.999822 0.0133576 0.012909 -8.2531e-05 -0.0133577 0.999911 -0.0409179 0.0 0.0 0.0 1.0
office/seq-04/color/frame-000213.color.png office/seq-04/color/frame-000216.color.png 0.999966 -0.00487152 -0.00662353 -0.0169199 0.00493565 0.999941 0.0097044 0.0104814 0.00657585 -0.00973674 0.999931 -0.022756 0.0 0.0 0.0 1.0
office/seq-04/color/frame-000216.color.png office/seq-04/color/frame-000219.color.png 0.999934 0.00806404 -0.00812917 -0.0078139 -0.00795124 0.999873 0.0138106 -0.00166398 0.0082395 -0.0137451 0.999872 -0.0305147 0.0 0.0 0.0 1.0
office/seq-04/color/frame-000219.color.png office/seq-04/color/frame-000222.color.png 0.999863 0.0125851 0.0107176 -0.0550103 -0.0125139 0.999899 -0.00668128 0.0165453 -0.0108006 0.00654627 0.99992 -0.0428386 0.0 0.0 0.0 1.0
office/seq-04/color/frame-000222.color.png office/seq-04/color/frame-000225.color.png 0.999967 0.00771763 -0.00253767 -0.0110162 -0.00772805 0.999962 -0.00411566 0.00415012 0.00250579 0.00413513 0.999988 -0.0377978 0.0 0.0 0.0 1.0
office/seq-04/color/frame-000225.color.png office/seq-04/color/frame-000228.color.png 0.999979 0.000483102 -0.00640846 -0.0117047 -0.0005346 0.999967 -0.00803848 0.017223 0.00640434 0.00804175 0.999947 -0.025548 0.0 0.0 0.0 1.0
office/seq-04/color/frame-000228.color.png office/seq-04/color/frame-000231.color.png 0.999913 0.00792979 -0.0105615 -0.00860345 -0.00788541 0.99996 0.00423795 0.00255024 0.0105947 -0.0041543 0.999935 -0.0188414 0.0 0.0 0.0 1.0
office/seq-04/color/frame-000231.color.png office/seq-04/color/frame-000234.color.png 0.999649 0.0132958 -0.0229317 -0.0136252 -0.0133462 0.999909 -0.00204513 0.0147171 0.0229024 0.00235049 0.999735 -0.0312166 0.0 0.0 0.0 1.0
office/seq-04/color/frame-000234.color.png office/seq-04/color/frame-000237.color.png 0.999633 0.0164909 -0.0214996 -0.0024569 -0.0161604 0.99975 0.015456 -0.00271705 0.0217491 -0.0151029 0.999649 -0.016775 0.0 0.0 0.0 1.0
office/seq-04/color/frame-000237.color.png office/seq-04/color/frame-000240.color.png 0.999354 0.0108858 -0.0342597 -0.00388712 -0.0107421 0.999933 0.00437576 0.0056738 0.034305 -0.00400491 0.999403 -0.0175315 0.0 0.0 0.0 1.0
office/seq-04/color/frame-000240.color.png office/seq-04/color/frame-000243.color.png 0.999707 0.00482029 -0.0237407 -0.00346053 -0.00455354 0.999926 0.0112771 0.00629219 0.0237933 -0.0111657 0.999655 -0.0160643 0.0 0.0 0.0 1.0
office/seq-04/color/frame-000243.color.png office/seq-04/color/frame-000246.color.png 0.99976 0.00281242 -0.021735 -0.0080508 -0.00273435 0.99999 0.00361984 0.00124973 0.021745 -0.00355949 0.999757 -0.0118327 0.0 0.0 0.0 1.0
office/seq-04/color/frame-000246.color.png office/seq-04/color/frame-000249.color.png 0.999825 0.000292882 -0.0186998 -0.0153521 -0.000301139 1.0 -0.000436618 0.0162658 0.0186997 0.000442184 0.999825 -0.0116292 0.0 0.0 0.0 1.0
office/seq-04/color/frame-000249.color.png office/seq-04/color/frame-000252.color.png 0.999546 0.00923209 -0.0286642 -0.0138581 -0.00914383 0.999953 0.00320746 -0.00197282 0.0286925 -0.00294393 0.999584 -0.00200904 0.0 0.0 0.0 1.0
office/seq-04/color/frame-000252.color.png office/seq-04/color/frame-000255.color.png 0.999793 0.0120197 -0.016416 -0.0157883 -0.0120357 0.999927 -0.00087487 -0.0014621 0.0164043 0.00107224 0.999865 -0.00459824 0.0 0.0 0.0 1.0
office/seq-04/color/frame-000255.color.png office/seq-04/color/frame-000258.color.png 0.999798 0.00771394 -0.018554 -0.00905687 -0.00768304 0.999969 0.00173823 -0.00289518 0.0185668 -0.0015953 0.999826 -0.0006149 0.0 0.0 0.0 1.0
office/seq-04/color/frame-000258.color.png office/seq-04/color/frame-000261.color.png 0.999914 0.00635151 -0.0115054 -0.0177284 -0.00635713 0.99998 -0.000450566 0.00250919 0.0115023 0.000523674 0.999934 -0.00702552 0.0 0.0 0.0 1.0
office/seq-04/color/frame-000261.color.png office/seq-04/color/frame-000264.color.png 0.999964 0.00396053 -0.00747651 -0.0127345 -0.0039767 0.99999 -0.00215255 0.0078703 0.00746785 0.00218222 0.99997 -0.00838067 0.0 0.0 0.0 1.0
office/seq-04/color/frame-000264.color.png office/seq-04/color/frame-000267.color.png 0.999969 0.00262766 -0.00738262 -0.0180178 -0.00258476 0.99998 0.00580965 0.00342169 0.0073977 -0.00579043 0.999956 -0.00398791 0.0 0.0 0.0 1.0
office/seq-04/color/frame-000267.color.png office/seq-04/color/frame-000270.color.png 0.999907 7.73486e-05 -0.0136123 -0.0176163 1.0505e-05 0.999979 0.0064542 0.00729385 0.0136125 -0.00645372 0.999886 -0.0069721 0.0 0.0 0.0 1.0
office/seq-04/color/frame-000270.color.png office/seq-04/color/frame-000273.color.png 0.999781 0.00811361 -0.0192737 -0.0159956 -0.00789098 0.999902 0.0115983 -0.00578335 0.019366 -0.0114437 0.999747 0.000926194 0.0 0.0 0.0 1.0
office/seq-04/color/frame-000273.color.png office/seq-04/color/frame-000276.color.png 0.999723 0.00771478 -0.0222139 -0.0184836 -0.00757674 0.999951 0.00629465 0.00452095 0.0222613 -0.00612459 0.999734 0.0142691 0.0 0.0 0.0 1.0
office/seq-04/color/frame-000276.color.png office/seq-04/color/frame-000279.color.png 0.999652 0.0081686 -0.0250955 -0.0118991 -0.0078821 0.999903 0.011489 -0.00571571 0.0251869 -0.0112872 0.999619 0.0128071 0.0 0.0 0.0 1.0
office/seq-04/color/frame-000279.color.png office/seq-04/color/frame-000282.color.png 0.999513 0.0122503 -0.0287204 -0.0056048 -0.0119898 0.999885 0.0092286 -0.00802062 0.0288301 -0.00887975 0.999545 0.0186439 0.0 0.0 0.0 1.0
office/seq-04/color/frame-000282.color.png office/seq-04/color/frame-000285.color.png 0.998988 0.0275337 -0.0355677 -0.00818086 -0.0274972 0.999621 0.00151305 -0.0231921 0.0355959 -0.000533521 0.999366 0.030368 0.0 0.0 0.0 1.0
office/seq-04/color/frame-000285.color.png office/seq-04/color/frame-000288.color.png 0.999103 0.0262306 -0.0332321 -0.00772923 -0.0261111 0.999651 0.00402377 -0.0180762 0.0333261 -0.00315245 0.99944 0.0318365 0.0 0.0 0.0 1.0
office/seq-04/color/frame-000288.color.png office/seq-04/color/frame-000291.color.png 0.998885 0.0170636 -0.0440218 0.00878835 -0.0171306 0.999853 -0.00114376 -0.0191258 0.0439957 0.00189663 0.99903 0.0452957 0.0 0.0 0.0 1.0
office/seq-04/color/frame-000291.color.png office/seq-04/color/frame-000294.color.png 0.998864 0.0260325 -0.0399173 0.0183943 -0.0260772 0.99966 -0.000600714 -0.0276673 0.0398882 0.00164094 0.999203 0.0369097 0.0 0.0 0.0 1.0
office/seq-04/color/frame-000294.color.png office/seq-04/color/frame-000297.color.png 0.99949 0.0154958 -0.0279354 0.00957102 -0.0155123 0.99988 -0.000375943 -0.0120688 0.0279261 0.000809101 0.99961 0.0299144 0.0 0.0 0.0 1.0
office/seq-04/color/frame-000297.color.png office/seq-04/color/frame-000300.color.png 0.998564 0.0331635 -0.0420619 0.0100756 -0.0333713 0.999434 -0.00424774 -0.027501 0.0418972 0.00564532 0.999106 0.0489786 0.0 0.0 0.0 1.0
office/seq-04/color/frame-000300.color.png office/seq-04/color/frame-000303.color.png 0.999072 0.0246487 -0.0353123 0.0185467 -0.0248069 0.999684 -0.00405005 -0.0218936 0.0352014 0.00492221 0.999368 0.0326283 0.0 0.0 0.0 1.0
office/seq-04/color/frame-000303.color.png office/seq-04/color/frame-000306.color.png 0.999114 0.0247041 -0.034068 0.0157486 -0.0247118 0.999695 0.000193659 -0.0210697 0.0340623 0.000648458 0.999419 0.0317664 0.0 0.0 0.0 1.0
office/seq-04/color/frame-000306.color.png office/seq-04/color/frame-000309.color.png 0.999152 0.0181175 -0.0369847 0.0161279 -0.0182277 0.99983 -0.00264307 -0.0170455 0.0369305 0.00331503 0.999312 0.0340966 0.0 0.0 0.0 1.0
office/seq-04/color/frame-000309.color.png office/seq-04/color/frame-000312.color.png 0.999331 0.0173114 -0.0322189 0.0149748 -0.0174526 0.999839 -0.00410164 -0.0164906 0.0321427 0.00466115 0.999472 0.0268511 0.0 0.0 0.0 1.0
office/seq-04/color/frame-000312.color.png office/seq-04/color/frame-000315.color.png 0.999073 0.0210059 -0.0375785 0.0191264 -0.0209451 0.999779 0.00201165 -0.0198448 0.0376126 -0.00122277 0.999292 0.0392488 0.0 0.0 0.0 1.0
office/seq-04/color/frame-000315.color.png office/seq-04/color/frame-000318.color.png 0.999692 0.0110822 -0.0221966 0.006383 -0.0110763 0.999938 0.000381571 -0.00542973 0.0221994 -0.000135615 0.999754 0.0180617 0.0 0.0 0.0 1.0
office/seq-04/color/frame-000318.color.png office/seq-04/color/frame-000321.color.png 0.999472 0.0108892 -0.0306096 0.0115689 -0.0107817 0.999935 0.00367385 -0.0133857 0.0306477 -0.00334192 0.999525 0.0354951 0.0 0.0 0.0 1.0
office/seq-04/color/frame-000321.color.png office/seq-04/color/frame-000324.color.png 0.999568 0.010864 -0.027293 0.00638086 -0.0111145 0.999897 -0.00904601 -0.00999931 0.0271919 0.00934553 0.999586 0.0208976 0.0 0.0 0.0 1.0
office/seq-04/color/frame-000324.color.png office/seq-04/color/frame-000327.color.png 0.998824 0.0185606 -0.0447857 0.0182614 -0.0188131 0.999809 -0.00522232 -0.012197 0.0446802 0.00605874 0.998983 0.0492964 0.0 0.0 0.0 1.0
office/seq-04/color/frame-000327.color.png office/seq-04/color/frame-000330.color.png 0.999539 0.0166684 -0.0253829 0.00644481 -0.0168374 0.999837 -0.00645502 -0.0127981 0.0252712 0.00687939 0.999657 0.0298847 0.0 0.0 0.0 1.0
office/seq-04/color/frame-000330.color.png office/seq-04/color/frame-000333.color.png 0.999075 0.0209362 -0.0375666 0.0013932 -0.0206452 0.999754 0.00811749 -0.0227457 0.0377273 -0.00733441 0.999261 0.0585892 0.0 0.0 0.0 1.0
office/seq-04/color/frame-000333.color.png office/seq-04/color/frame-000336.color.png 0.998656 0.0205977 -0.0475707 0.00411636 -0.0205958 0.999788 0.000530509 -0.0185857 0.0475715 0.000449888 0.998868 0.0598634 0.0 0.0 0.0 1.0
office/seq-04/color/frame-000336.color.png office/seq-04/color/frame-000339.color.png 0.999153 0.0133255 -0.0389433 0.00681734 -0.0136157 0.999882 -0.00719936 -0.0105556 0.0388428 0.00772357 0.999216 0.0475651 0.0 0.0 0.0 1.0
office/seq-04/color/frame-000339.color.png office/seq-04/color/frame-000342.color.png 0.999299 0.0131332 -0.0350627 0.00648165 -0.0132328 0.999909 -0.0026076 -0.0107028 0.0350252 0.00306971 0.999382 0.0416879 0.0 0.0 0.0 1.0
office/seq-04/color/frame-000342.color.png office/seq-04/color/frame-000345.color.png 0.998453 0.0261431 -0.0490632 0.0011304 -0.0262949 0.999651 -0.00244943 -0.0266616 0.048982 0.0037358 0.998793 0.0509926 0.0 0.0 0.0 1.0
office/seq-04/color/frame-000345.color.png office/seq-04/color/frame-000348.color.png 0.998855 0.0131658 -0.045987 0.0152647 -0.0136799 0.999847 -0.0108837 -0.0114522 0.0458367 0.0115003 0.998883 0.0505782 0.0 0.0 0.0 1.0
office/seq-04/color/frame-000348.color.png office/seq-04/color/frame-000351.color.png 0.999219 0.0114089 -0.0378427 0.00109774 -0.0113352 0.999933 0.0021584 -0.0155016 0.0378648 -0.00172783 0.999281 0.0419765 0.0 0.0 0.0 1.0
office/seq-04/color/frame-000351.color.png office/seq-04/color/frame-000354.color.png 0.998875 0.000549124 -0.0474203 0.0150011 -0.000369778 0.999993 0.00379327 -0.00625178 0.047422 -0.00377154 0.998868 0.042862 0.0 0.0 0.0 1.0
office/seq-04/color/frame-000354.color.png office/seq-04/color/frame-000357.color.png 0.998885 0.00113 -0.0471878 0.0120431 -0.000864183 0.999984 0.00564972 -0.00648981 0.0471934 -0.00560257 0.99887 0.0395063 0.0 0.0 0.0 1.0
office/seq-04/color/frame-000357.color.png office/seq-04/color/frame-000360.color.png 0.99959 0.00883954 -0.0272219 0.0076589 -0.00868691 0.999946 0.00572482 -0.0174544 0.0272711 -0.00548601 0.999613 0.0227017 0.0 0.0 0.0 1.0
office/seq-04/color/frame-000360.color.png office/seq-04/color/frame-000363.color.png 0.998201 0.00915164 -0.0592602 0.0273554 -0.0093053 0.999954 -0.00231701 -0.00923872 0.0592362 0.0028643 0.99824 0.05063 0.0 0.0 0.0 1.0
office/seq-04/color/frame-000363.color.png office/seq-04/color/frame-000366.color.png 0.998385 0.0178543 -0.0539288 0.023642 -0.0178391 0.999841 0.000763206 -0.0157537 0.0539339 0.000200075 0.998545 0.0454088 0.0 0.0 0.0 1.0
office/seq-04/color/frame-000366.color.png office/seq-04/color/frame-000369.color.png 0.998352 0.0137195 -0.0557187 0.0322947 -0.0130379 0.999836 0.0125766 -0.0178187 0.0558821 -0.0118294 0.998367 0.0491227 0.0 0.0 0.0 1.0
office/seq-04/color/frame-000369.color.png office/seq-04/color/frame-000372.color.png 0.998325 0.0216644 -0.0536543 0.0342703 -0.0213427 0.999751 0.00656194 -0.0236387 0.0537831 -0.00540592 0.998538 0.0512754 0.0 0.0 0.0 1.0
office/seq-04/color/frame-000372.color.png office/seq-04/color/frame-000375.color.png 0.997745 0.0102573 -0.0663308 0.0382661 -0.0100086 0.999942 0.0040827 -0.0142436 0.0663688 -0.00340953 0.997789 0.0724556 0.0 0.0 0.0 1.0
office/seq-04/color/frame-000375.color.png office/seq-04/color/frame-000378.color.png 0.998381 0.0334257 -0.0460087 0.0438655 -0.0338992 0.99938 -0.00954875 -0.039236 0.045661 0.0110929 0.998895 0.0502921 0.0 0.0 0.0 1.0
office/seq-04/color/frame-000378.color.png office/seq-04/color/frame-000381.color.png 0.998459 0.0274893 -0.0482128 0.0509502 -0.0274442 0.999622 0.00159558 -0.037753 0.0482385 -0.000269916 0.998836 0.051158 0.0 0.0 0.0 1.0
office/seq-04/color/frame-000381.color.png office/seq-04/color/frame-000384.color.png 0.998883 0.0167082 -0.0441882 0.0425973 -0.0166075 0.999859 0.00264822 -0.024805 0.0442262 -0.00191139 0.99902 0.0397013 0.0 0.0 0.0 1.0
office/seq-04/color/frame-000384.color.png office/seq-04/color/frame-000387.color.png 0.999476 0.0179815 -0.0269316 0.0355758 -0.0176409 0.999762 0.0128322 -0.019088 0.027156 -0.0123505 0.999555 0.0237876 0.0 0.0 0.0 1.0
office/seq-04/color/frame-000387.color.png office/seq-04/color/frame-000390.color.png 0.999659 0.015133 -0.0212908 0.0273781 -0.0150556 0.999879 0.00379008 -0.0126912 0.0213456 -0.00346819 0.999766 0.0172014 0.0 0.0 0.0 1.0
office/seq-04/color/frame-000390.color.png office/seq-04/color/frame-000393.color.png 0.999614 0.0130899 -0.0245102 0.0335128 -0.0130363 0.999912 0.00234509 -0.0182708 0.0245387 -0.00202455 0.999697 0.0211571 0.0 0.0 0.0 1.0
office/seq-04/color/frame-000393.color.png office/seq-04/color/frame-000396.color.png 0.999749 0.00562212 -0.0216783 0.0232623 -0.00535881 0.999911 0.0121893 0.0027822 0.021745 -0.0120702 0.999691 0.00184107 0.0 0.0 0.0 1.0
office/seq-04/color/frame-000396.color.png office/seq-04/color/frame-000399.color.png 0.99969 0.00551489 -0.0242538 0.027713 -0.0052652 0.999933 0.0103396 -0.00395581 0.0243091 -0.0102086 0.999652 0.00997564 0.0 0.0 0.0 1.0
office/seq-04/color/frame-000399.color.png office/seq-04/color/frame-000402.color.png 0.999836 0.00616672 -0.017005 0.0282423 -0.00591555 0.999873 0.0147883 -0.00585273 0.0170941 -0.0146852 0.999746 0.00787857 0.0 0.0 0.0 1.0
office/seq-04/color/frame-000402.color.png office/seq-04/color/frame-000405.color.png 0.999753 0.0140551 -0.0172377 0.024302 -0.013895 0.999859 0.00937352 -0.00949454 0.0173671 -0.00913174 0.999807 0.00776023 0.0 0.0 0.0 1.0
office/seq-04/color/frame-000405.color.png office/seq-04/color/frame-000408.color.png 0.999947 0.00546921 -0.00876863 0.0265036 -0.00542944 0.999975 0.00455938 -0.000665188 0.00879329 -0.00451162 0.999951 0.00285062 0.0 0.0 0.0 1.0
office/seq-04/color/frame-000408.color.png office/seq-04/color/frame-000411.color.png 0.999955 0.00943003 -0.00113506 0.0292516 -0.00943197 0.999954 -0.0017597 0.000136137 0.00111834 0.00177039 0.999998 -0.00215068 0.0 0.0 0.0 1.0
office/seq-04/color/frame-000411.color.png office/seq-04/color/frame-000414.color.png 0.999973 -0.00333399 0.0064835 0.0257436 0.00331368 0.99999 0.00312937 0.00456575 -0.00649375 -0.00310786 0.999974 -0.0149974 0.0 0.0 0.0 1.0
office/seq-04/color/frame-000414.color.png office/seq-04/color/frame-000417.color.png 0.999945 0.00172466 0.0103701 0.0281744 -0.00178672 0.99998 0.00598207 -0.00504577 -0.0103596 -0.00600022 0.999928 0.000824094 0.0 0.0 0.0 1.0
office/seq-04/color/frame-000417.color.png office/seq-04/color/frame-000420.color.png 0.999794 0.0118601 0.0164737 0.0275815 -0.0117501 0.999908 -0.00675948 0.00249404 -0.0165524 0.00656455 0.999841 0.00447661 0.0 0.0 0.0 1.0
office/seq-04/color/frame-000420.color.png office/seq-04/color/frame-000423.color.png 0.999904 0.0100501 0.00953309 0.0281833 -0.00999006 0.99993 -0.00632781 0.00433844 -0.00959604 0.00623177 0.999934 -0.000750542 0.0 0.0 0.0 1.0
office/seq-04/color/frame-000423.color.png office/seq-04/color/frame-000426.color.png 0.999727 0.00505463 0.0228062 0.0297975 -0.00450228 0.999697 -0.0242 0.0193303 -0.0229215 0.0240909 0.999447 -0.0301548 0.0 0.0 0.0 1.0
office/seq-04/color/frame-000426.color.png office/seq-04/color/frame-000429.color.png 0.999965 0.00806629 -0.00233073 0.021533 -0.0080694 0.999967 -0.00127359 0.0030452 0.00232037 0.00129238 0.999997 0.0023734 0.0 0.0 0.0 1.0
office/seq-04/color/frame-000429.color.png office/seq-04/color/frame-000432.color.png 0.999381 0.0337135 -0.0100756 0.00831059 -0.0337307 0.99943 -0.00154506 -0.00514063 0.0100179 0.00188393 0.999948 0.00440621 0.0 0.0 0.0 1.0
office/seq-04/color/frame-000432.color.png office/seq-04/color/frame-000435.color.png 0.999035 0.0396628 -0.018882 0.0221908 -0.0398951 0.999131 -0.0120954 -0.00846779 0.0183856 0.012837 0.999749 0.00690085 0.0 0.0 0.0 1.0
office/seq-04/color/frame-000435.color.png office/seq-04/color/frame-000438.color.png 0.999623 0.0153501 -0.0227539 0.0158489 -0.0152876 0.999879 0.00291905 0.0119992 0.0227961 -0.00257013 0.999737 -0.00170299 0.0 0.0 0.0 1.0
office/seq-04/color/frame-000438.color.png office/seq-04/color/frame-000441.color.png 0.999801 0.00866264 -0.0179952 0.0294008 -0.00858956 0.999955 0.00413363 0.0176357 0.0180302 -0.00397825 0.999829 -0.00906104 0.0 0.0 0.0 1.0
office/seq-04/color/frame-000441.color.png office/seq-04/color/frame-000444.color.png 0.99988 0.0146559 -0.00506768 0.0124552 -0.0146665 0.99989 -0.00204075 0.00741971 0.00503721 0.00211494 0.999985 -0.0162472 0.0 0.0 0.0 1.0
office/seq-04/color/frame-000444.color.png office/seq-04/color/frame-000447.color.png 0.999925 0.00663461 -0.0103233 0.00471902 -0.00674331 0.999922 -0.0105311 0.0215631 0.0102527 0.0105997 0.999891 -0.0175223 0.0 0.0 0.0 1.0
office/seq-04/color/frame-000447.color.png office/seq-04/color/frame-000450.color.png 0.999946 -0.00288511 -0.00996188 -0.00491969 0.00290477 0.999994 0.00195968 0.00983258 0.00995616 -0.00198838 0.999949 -0.0174327 0.0 0.0 0.0 1.0
office/seq-04/color/frame-000450.color.png office/seq-04/color/frame-000453.color.png 0.99996 -0.00799963 0.00388805 -0.00629938 0.00801339 0.999962 -0.00350941 0.0187309 -0.00385993 0.00354042 0.999986 -0.0357061 0.0 0.0 0.0 1.0
office/seq-04/color/frame-000453.color.png office/seq-04/color/frame-000456.color.png 0.999947 0.00967254 -0.00363499 -0.0137865 -0.00965676 0.999944 0.00434979 0.00976981 0.00367686 -0.00431439 0.999984 -0.0395385 0.0 0.0 0.0 1.0
office/seq-04/color/frame-000456.color.png office/seq-04/color/frame-000459.color.png 0.999984 -0.0023307 0.00513959 -0.0132678 0.00230196 0.999982 0.00558731 0.015368 -0.00515254 -0.00557551 0.999971 -0.0482864 0.0 0.0 0.0 1.0
office/seq-04/color/frame-000459.color.png office/seq-04/color/frame-000462.color.png 0.999884 0.00139534 0.0151778 -0.0131784 -0.00141091 0.999998 0.00102008 0.00696561 -0.0151764 -0.00104143 0.999884 -0.0403386 0.0 0.0 0.0 1.0
office/seq-04/color/frame-000462.color.png office/seq-04/color/frame-000465.color.png 0.999782 -0.00937161 0.0186527 -0.027277 0.00911036 0.99986 0.0140366 0.00985304 -0.0187815 -0.0138635 0.999728 -0.0548846 0.0 0.0 0.0 1.0
office/seq-04/color/frame-000465.color.png office/seq-04/color/frame-000468.color.png 0.999848 -0.00550856 0.0165533 -0.0154176 0.00553252 0.999984 -0.00139406 0.00846234 -0.0165454 0.00148546 0.999862 -0.0349274 0.0 0.0 0.0 1.0
office/seq-04/color/frame-000468.color.png office/seq-04/color/frame-000471.color.png 0.999793 -0.00633829 0.0193477 -0.0153528 0.00620535 0.999957 0.00692493 0.0112706 -0.0193907 -0.00680334 0.999789 -0.0356773 0.0 0.0 0.0 1.0
office/seq-04/color/frame-000471.color.png office/seq-04/color/frame-000474.color.png 0.999888 -0.00573404 0.0138257 -0.0177866 0.0057828 0.999977 -0.00348819 0.00315049 -0.0138056 0.00356756 0.999898 -0.0328261 0.0 0.0 0.0 1.0
office/seq-04/color/frame-000474.color.png office/seq-04/color/frame-000477.color.png 0.999856 -0.00740342 0.0152515 -0.0138711 0.00740796 0.999973 -0.000250002 0.0170062 -0.0152492 0.000362908 0.999884 -0.0354868 0.0 0.0 0.0 1.0
office/seq-04/color/frame-000477.color.png office/seq-04/color/frame-000480.color.png 0.999892 0.00204616 0.0145812 -0.0182863 -0.00211152 0.999988 0.00447319 0.00828747 -0.0145718 -0.00450335 0.999884 -0.0339843 0.0 0.0 0.0 1.0
office/seq-04/color/frame-000480.color.png office/seq-04/color/frame-000483.color.png 0.999933 -0.000136178 0.011565 -0.0176142 0.000111166 0.999998 0.00216088 0.0104487 -0.0115653 -0.0021594 0.999931 -0.0316358 0.0 0.0 0.0 1.0
office/seq-04/color/frame-000483.color.png office/seq-04/color/frame-000486.color.png 0.999831 0.00133002 0.0183397 -0.0245355 -0.0011153 0.999931 -0.011714 0.0136441 -0.0183541 0.0116915 0.999763 -0.0358545 0.0 0.0 0.0 1.0
office/seq-04/color/frame-000486.color.png office/seq-04/color/frame-000489.color.png 0.999859 0.00322288 0.0164978 -0.0191304 -0.00310025 0.999967 -0.00744785 0.00301007 -0.0165212 0.00739557 0.999836 -0.0284646 0.0 0.0 0.0 1.0
office/seq-04/color/frame-000489.color.png office/seq-04/color/frame-000492.color.png 0.99984 0.00702955 0.0164563 -0.0279987 -0.006735 0.999817 -0.01789 0.00718044 -0.0165791 0.0177763 0.999704 -0.0355502 0.0 0.0 0.0 1.0
office/seq-04/color/frame-000492.color.png office/seq-04/color/frame-000495.color.png 0.999894 0.00103556 0.0145082 -0.0184818 -0.000779864 0.999844 -0.0176224 0.00445364 -0.0145241 0.0176093 0.99974 -0.0337206 0.0 0.0 0.0 1.0
office/seq-04/color/frame-000495.color.png office/seq-04/color/frame-000498.color.png 0.999967 0.00295943 0.00751762 -0.0239285 -0.00299282 0.999986 0.0044408 -0.000129513 -0.00750454 -0.00446324 0.999962 -0.0344183 0.0 0.0 0.0 1.0
office/seq-04/color/frame-000498.color.png office/seq-04/color/frame-000501.color.png 0.999975 -0.00235114 0.00663224 -0.0164714 0.00238314 0.999986 -0.00483317 -0.00438908 -0.00662082 0.00484895 0.999966 -0.0247289 0.0 0.0 0.0 1.0
office/seq-04/color/frame-000501.color.png office/seq-04/color/frame-000504.color.png 0.999984 -0.000448777 0.00564852 -0.0137258 0.000426313 0.999992 0.00398565 -0.00222915 -0.00565019 -0.00398322 0.999976 -0.0224204 0.0 0.0 0.0 1.0
office/seq-04/color/frame-000504.color.png office/seq-04/color/frame-000507.color.png 0.999943 0.00692996 0.00810574 -0.0155543 -0.00690386 0.999971 -0.00324384 -0.00834788 -0.00812791 0.00318776 0.999962 -0.027298 0.0 0.0 0.0 1.0
office/seq-04/color/frame-000507.color.png office/seq-04/color/frame-000510.color.png 0.999986 0.00203806 0.00484157 -0.00867456 -0.00200582 0.999976 -0.00663353 -0.0011271 -0.00485507 0.00662369 0.999966 -0.0129827 0.0 0.0 0.0 1.0
office/seq-04/color/frame-000510.color.png office/seq-04/color/frame-000513.color.png 0.999937 -0.00369618 0.0106427 -0.0108766 0.00367833 0.999992 0.00168855 0.0031016 -0.0106489 -0.00164932 0.999942 -0.0205059 0.0 0.0 0.0 1.0
office/seq-04/color/frame-000513.color.png office/seq-04/color/frame-000516.color.png 0.999973 -0.0024142 0.00688808 -0.00682187 0.00240718 0.999997 0.00102407 0.0026725 -0.00689041 -0.00100742 0.999976 -0.0109366 0.0 0.0 0.0 1.0
office/seq-04/color/frame-000516.color.png office/seq-04/color/frame-000519.color.png 0.999584 -0.0100518 0.0270447 -0.00121456 0.0102056 0.999932 -0.00555881 0.00569015 -0.026987 0.00583245 0.999619 -0.0393805 0.0 0.0 0.0 1.0
office/seq-04/color/frame-000519.color.png office/seq-04/color/frame-000522.color.png 0.99984 -0.00903634 0.0154332 -0.00695568 0.00899511 0.999956 0.00273848 0.00826481 -0.0154573 -0.00259913 0.999877 -0.0157537 0.0 0.0 0.0 1.0
office/seq-04/color/frame-000522.color.png office/seq-04/color/frame-000525.color.png 0.999464 -0.0170278 0.02796 -0.0076564 0.0168957 0.999845 0.00495543 0.0154635 -0.0280402 -0.0044804 0.999597 -0.0331802 0.0 0.0 0.0 1.0
office/seq-04/color/frame-000525.color.png office/seq-04/color/frame-000528.color.png 0.999239 -0.0221763 0.032076 0.00763476 0.0221525 0.999754 0.00109349 0.0178028 -0.0320923 -0.000382081 0.999485 -0.0483403 0.0 0.0 0.0 1.0
