office/seq-04/color/frame-000000.color.png office/seq-04/color/frame-000002.color.png 0.999994 0.00291026 -0.00198423 0.00199815 -0.00291804 0.999988 -0.00392863 0.00462006 0.00197277 0.0039344 0.99999 0.00400566 0.0 0.0 0.0 1.0
office/seq-04/color/frame-000002.color.png office/seq-04/color/frame-000004.color.png 0.999976 0.00616398 0.00303535 0.000910603 -0.00619521 0.999927 0.0103902 -0.00935455 -0.00297108 -0.0104088 0.999941 0.00990843 0.0 0.0 0.0 1.0
office/seq-04/color/frame-000004.color.png office/seq-04/color/frame-000006.color.png 0.999988 0.0046032 0.00194672 -0.0038711 -0.00459343 0.999977 -0.00499148 0.00405652 -0.00196966 0.00498247 0.999986 0.00157171 0.0 0.0 0.0 1.0
office/seq-04/color/frame-000006.color.png office/seq-04/color/frame-000008.color.png 0.999962 0.00530497 0.00688717 -0.00827075 -0.00542224 0.999839 0.0171225 -0.0073135 -0.00679523 -0.0171592 0.99983 0.0113099 0.0 0.0 0.0 1.0
office/seq-04/color/frame-000008.color.png office/seq-04/color/frame-000010.color.png 0.999908 0.0121672 -0.00599466 0.00869404 -0.0120737 0.999809 0.0153829 0.00606701 0.00618068 -0.0153091 0.999864 0.00923454 0.0 0.0 0.0 1.0
office/seq-04/color/frame-000010.color.png office/seq-04/color/frame-000012.color.png 0.999986 0.00271273 0.00443485 -0.00158837 -0.0028174 0.999714 0.0237684 -0.0174745 -0.00436911 -0.0237806 0.999708 0.0210945 0.0 0.0 0.0 1.0
office/seq-04/color/frame-000012.color.png office/seq-04/color/frame-000014.color.png 0.999955 0.00207339 0.00925186 0.00248276 -0.00216962 0.999944 0.010404 -0.007735 -0.00922977 -0.0104236 0.999903 0.0203295 0.0 0.0 0.0 1.0
office/seq-04/color/frame-000014.color.png office/seq-04/color/frame-000016.color.png 0.999781 -0.0127459 0.0166264 -0.00168993 0.0123708 0.999671 0.0224693 -0.0053016 -0.0169073 -0.0222587 0.999609 0.0116432 0.0 0.0 0.0 1.0
office/seq-04/color/frame-000016.color.png office/seq-04/color/frame-000018.color.png 0.999873 -0.00123839 0.0159178 -0.0019106 0.000978412 0.999866 0.01633 -0.0256106 -0.0159359 -0.0163123 0.99974 0.0273496 0.0 0.0 0.0 1.0
office/seq-04/color/frame-000018.color.png office/seq-04/color/frame-000020.color.png 0.999912 -0.00459147 0.0124723 0.000148043 0.00445913 0.999934 0.0106182 0.000364505 -0.0125202 -0.0105616 0.999866 0.01134 0.0 0.0 0.0 1.0
office/seq-04/color/frame-000020.color.png office/seq-04/color/frame-000022.color.png 0.999924 -0.00747821 0.00977597 -0.00845813 0.00730586 0.999819 0.0175478 -0.0179656 -0.00990543 -0.0174751 0.999798 0.0189975 0.0 0.0 0.0 1.0
office/seq-04/color/frame-000022.color.png office/seq-04/color/frame-000024.color.png 0.999874 0.00746403 0.0140254 -0.00803542 -0.00781763 0.999649 0.0253281 -0.0234866 -0.0138315 -0.0254346 0.999581 0.027661 0.0 0.0 0.0 1.0
office/seq-04/color/frame-000024.color.png office/seq-04/color/frame-000026.color.png 0.999977 0.00420903 0.00531266 0.000839602 -0.00434494 0.999657 0.0258357 -0.0156233 -0.00520209 -0.0258582 0.999652 0.0156156 0.0 0.0 0.0 1.0
office/seq-04/color/frame-000026.color.png office/seq-04/color/frame-000028.color.png 0.999995 -0.00226388 0.00231684 -0.0122083 0.00223248 0.999907 0.0134676 -0.0198295 -0.00234712 -0.0134623 0.999907 0.0197279 0.0 0.0 0.0 1.0
office/seq-04/color/frame-000028.color.png office/seq-04/color/frame-000030.color.png 0.999997 0.00055029 -0.00222255 -0.00217927 -0.000483507 0.999552 0.0299387 -0.0388302 0.00223803 -0.0299376 0.999549 0.0322094 0.0 0.0 0.0 1.0
office/seq-04/color/frame-000030.color.png office/seq-04/color/frame-000032.color.png 0.999999 -1.55127e-05 0.00177069 -0.00663994 7.12828e-07 0.999965 0.00836292 -0.0199277 -0.00177074 -0.00836291 0.999963 0.0200061 0.0 0.0 0.0 1.0
office/seq-04/color/frame-000032.color.png office/seq-04/color/frame-000034.color.png 1.0 -0.000389728 9.92456e-05 0.00631609 0.000389216 0.999987 0.00510622 -0.0181786 -0.000101221 -0.0051062 0.999987 0.0172853 0.0 0.0 0.0 1.0
office/seq-04/color/frame-000034.color.png office/seq-04/color/frame-000036.color.png 0.999902 -0.0130899 0.00504463 -0.00203796 0.0131043 0.99991 -0.00283286 -0.0110096 -0.00500714 0.0028987 0.999983 0.0146649 0.0 0.0 0.0 1.0
office/seq-04/color/frame-000036.color.png office/seq-04/color/frame-000038.color.png 0.999868 -0.0156504 0.00441799 0.00454595 0.0156522 0.999877 -0.000362892 -0.0280091 -0.00441175 0.000432012 0.99999 0.0248052 0.0 0.0 0.0 1.0
office/seq-04/color/frame-000038.color.png office/seq-04/color/frame-000040.color.png 0.999994 0.00300049 0.00139772 -0.000183953 -0.00299806 0.999994 -0.00174299 -0.0106859 -0.00140295 0.00173872 0.999997 0.0145706 0.0 0.0 0.0 1.0
office/seq-04/color/frame-000040.color.png office/seq-04/color/frame-000042.color.png 0.999999 -0.000987543 -0.000693886 0.00743752 0.000988642 0.999998 0.00157671 -0.0117841 0.000692316 -0.00157734 0.999999 0.0130376 0.0 0.0 0.0 1.0
office/seq-04/color/frame-000042.color.png office/seq-04/color/frame-000044.color.png 0.999999 -0.000190719 -0.00106594 0.0132165 0.000190907 1.0 0.00017354 -0.0223418 0.00106593 -0.000173712 0.999999 0.0219856 0.0 0.0 0.0 1.0
office/seq-04/color/frame-000044.color.png office/seq-04/color/frame-000046.color.png 0.999909 0.00260178 0.0132455 0.00454272 -0.00263325 0.999994 0.00235857 0.00144339 -0.0132393 -0.00239329 0.999909 0.0166218 0.0 0.0 0.0 1.0
office/seq-04/color/frame-000046.color.png office/seq-04/color/frame-000048.color.png 0.999955 -0.00461513 0.00826551 0.0192086 0.00455258 0.999961 0.00757081 -0.0220898 -0.00830013 -0.00753284 0.999937 0.0187635 0.0 0.0 0.0 1.0
office/seq-04/color/frame-000048.color.png office/seq-04/color/frame-000050.color.png 0.999897 -0.0103969 0.00984184 0.0107221 0.0104678 0.999919 -0.00717522 -0.010708 -0.00976645 0.00727752 0.999926 0.0112381 0.0 0.0 0.0 1.0
office/seq-04/color/frame-000050.color.png office/seq-04/color/frame-000052.color.png 0.999605 -0.021083 0.0185995 -0.00356235 0.0212463 0.999737 -0.00862509 -0.00498417 -0.0184127 0.00901689 0.99979 0.0181076 0.0 0.0 0.0 1.0
office/seq-04/color/frame-000052.color.png office/seq-04/color/frame-000054.color.png 0.999747 -0.0105853 0.019851 0.0132177 0.0108405 0.999859 -0.0127945 -0.00105691 -0.0197128 0.0130065 0.999721 0.0181405 0.0 0.0 0.0 1.0
office/seq-04/color/frame-000054.color.png office/seq-04/color/frame-000056.color.png 0.999717 -0.0131236 0.0198334 0.00238382 0.0129145 0.99986 0.0106378 -0.0141536 -0.0199702 -0.0103787 0.999747 0.0110399 0.0 0.0 0.0 1.0
office/seq-04/color/frame-000056.color.png office/seq-04/color/frame-000058.color.png 0.999991 0.00253826 0.00334292 0.0204774 -0.00256029 0.999975 0.00660078 -0.0131933 -0.00332609 -0.0066093 0.999973 0.0117752 0.0 0.0 0.0 1.0
office/seq-04/color/frame-000058.color.png office/seq-04/color/frame-000060.color.png 0.999774 -0.0183323 0.0107401 -0.000829518 0.0183425 0.999831 -0.000852312 -0.00868952 -0.0107226 0.00104913 0.999942 0.0187963 0.0 0.0 0.0 1.0
office/seq-04/color/frame-000060.color.png office/seq-04/color/frame-000062.color.png 0.999951 -0.0037049 0.00915623 0.000340566 0.00368847 0.999992 0.00181055 0.00565159 -0.00916289 -0.00177669 0.999956 0.00574544 0.0 0.0 0.0 1.0
office/seq-04/color/frame-000062.color.png office/seq-04/color/frame-000064.color.png 0.999991 -0.00327319 0.00272062 0.0151618 0.00326742 0.999992 0.00211786 -0.0106752 -0.00272751 -0.00210901 0.999994 0.0214762 0.0 0.0 0.0 1.0
office/seq-04/color/frame-000064.color.png office/seq-04/color/frame-000066.color.png 0.99998 0.00282913 0.00567855 0.00728507 -0.00280669 0.999988 -0.00395209 0.00106898 -0.00568965 0.00393616 0.999976 0.013484 0.0 0.0 0.0 1.0
office/seq-04/color/frame-000066.color.png office/seq-04/color/frame-000068.color.png 0.999957 -0.00898419 0.0024871 0.00949253 0.0089883 0.999958 -0.00164835 -0.00658527 -0.00247219 0.00167058 0.999995 0.0201394 0.0 0.0 0.0 1.0
office/seq-04/color/frame-000068.color.png office/seq-04/color/frame-000070.color.png 0.999999 0.00161822 -0.000634369 0.016074 -0.00161315 0.999968 0.00788822 -0.0121963 0.000647077 -0.00788717 0.999969 0.0114957 0.0 0.0 0.0 1.0
office/seq-04/color/frame-000070.color.png office/seq-04/color/frame-000072.color.png 0.99996 -0.00479642 0.00761086 0.000528216 0.00477657 0.999985 0.00261994 -0.00389031 -0.00762329 -0.00258345 0.999968 0.0231853 0.0 0.0 0.0 1.0
office/seq-04/color/frame-000072.color.png office/seq-04/color/frame-000074.color.png 0.99999 0.0022669 0.00382543 0.00759862 -0.00226221 0.999997 -0.0012292 -0.00651234 -0.00382819 0.0012205 0.999992 0.0195679 0.0 0.0 0.0 1.0
office/seq-04/color/frame-000074.color.png office/seq-04/color/frame-000076.color.png 0.999973 -0.00424831 0.00590771 0.00199451 0.004245 0.999991 0.000574292 -0.0108784 -0.00591012 -0.000549147 0.999982 0.0233095 0.0 0.0 0.0 1.0
office/seq-04/color/frame-000076.color.png office/seq-04/color/frame-000078.color.png 0.999967 0.000163556 0.00814979 0.000986278 -0.000108267 0.999977 -0.00678348 -0.00293508 -0.00815071 0.00678237 0.999944 0.0261365 0.0 0.0 0.0 1.0
office/seq-04/color/frame-000078.color.png office/seq-04/color/frame-000080.color.png 0.999987 0.0029064 0.00428052 0.00306192 -0.00288754 0.999986 -0.0044042 -0.00107104 -0.00429326 0.00439175 0.999981 0.0225072 0.0 0.0 0.0 1.0
office/seq-04/color/frame-000080.color.png office/seq-04/color/frame-000082.color.png 0.999995 -0.00137797 0.00292116 0.00222307 0.00138209 0.999998 -0.00140524 -0.0140563 -0.00291923 0.00140935 0.999995 0.0282434 0.0 0.0 0.0 1.0
office/seq-04/color/frame-000082.color.png office/seq-04/color/frame-000084.color.png 0.999998 -0.00192295 0.000336943 0.00224151 0.00192525 0.999974 -0.00689644 -0.00491783 -0.000323702 0.00689705 0.999976 0.0306056 0.0 0.0 0.0 1.0
office/seq-04/color/frame-000084.color.png office/seq-04/color/frame-000086.color.png 0.999967 0.00807437 0.000788508 0.00754531 -0.00806996 0.999952 -0.00548492 -0.00143364 -0.000832694 0.00547845 0.999985 0.025454 0.0 0.0 0.0 1.0
office/seq-04/color/frame-000086.color.png office/seq-04/color/frame-000088.color.png 0.999995 -0.000827829 0.00299756 0.00431246 0.00083171 0.999999 -0.00129143 -0.0176084 -0.00299651 0.00129388 0.999995 0.0287547 0.0 0.0 0.0 1.0
office/seq-04/color/frame-000088.color.png office/seq-04/color/frame-000090.color.png 0.999969 0.00784687 0.000409526 0.0037266 -0.00784522 0.999962 -0.00384042 -0.00426164 -0.000439602 0.00383713 0.999993 0.0251067 0.0 0.0 0.0 1.0
office/seq-04/color/frame-000090.color.png office/seq-04/color/frame-000092.color.png 0.999982 0.00519261 -0.00289148 0.00510174 -0.00520857 0.999971 -0.00552585 -0.00216076 0.00286265 0.00554077 0.99998 0.0253952 0.0 0.0 0.0 1.0
office/seq-04/color/frame-000092.color.png office/seq-04/color/frame-000094.color.png 0.999995 0.00302191 -0.000758808 -0.000896037 -0.00302529 0.999985 -0.00448863 -0.00516531 0.000745262 0.00449089 0.99999 0.0236547 0.0 0.0 0.0 1.0
office/seq-04/color/frame-000094.color.png office/seq-04/color/frame-000096.color.png 0.999946 0.00731359 -0.00742287 0.00798479 -0.00730369 0.999972 0.00135521 -0.0075146 0.00743256 -0.00130095 0.999972 0.0180314 0.0 0.0 0.0 1.0
office/seq-04/color/frame-000096.color.png office/seq-04/color/frame-000098.color.png 0.999968 0.000626403 -0.00800493 0.0058049 -0.000604897 0.999996 0.00268958 -0.0111145 0.00800656 -0.00268463 0.999964 0.018079 0.0 0.0 0.0 1.0
office/seq-04/color/frame-000098.color.png office/seq-04/color/frame-000100.color.png 0.999968 0.00547378 -0.00589356 0.00229333 -0.00548685 0.999983 -0.00220221 -0.0045495 0.00588141 0.00223446 0.99998 0.0184764 0.0 0.0 0.0 1.0
office/seq-04/color/frame-000100.color.png office/seq-04/color/frame-000102.color.png 0.999828 0.0102054 -0.0155085 0.0181975 -0.0102678 0.999939 -0.00394848 0.00421369 0.0154672 0.00410709 0.999872 0.015767 0.0 0.0 0.0 1.0
office/seq-04/color/frame-000102.color.png office/seq-04/color/frame-000104.color.png 0.999884 0.00859653 -0.0125889 0.0107237 -0.00863417 0.999958 -0.00294011 -0.00198644 0.012563 0.00304839 0.999916 0.0207517 0.0 0.0 0.0 1.0
office/seq-04/color/frame-000104.color.png office/seq-04/color/frame-000106.color.png 0.999844 0.00775544 -0.0158374 0.0187805 -0.00779315 0.999967 -0.00232012 0.002635 0.0158189 0.00244326 0.999872 0.0113165 0.0 0.0 0.0 1.0
office/seq-04/color/frame-000106.color.png office/seq-04/color/frame-000108.color.png 0.999797 0.00616554 -0.019197 0.020937 -0.00622912 0.999975 -0.00325312 -0.00571111 0.0191765 0.00337198 0.99981 0.016172 0.0 0.0 0.0 1.0
office/seq-04/color/frame-000108.color.png office/seq-04/color/frame-000110.color.png 0.999794 0.0121791 -0.0162409 0.0186347 -0.0123289 0.999882 -0.00915473 0.0139185 0.0161274 0.00935309 0.999826 0.0180736 0.0 0.0 0.0 1.0
office/seq-04/color/frame-000110.color.png office/seq-04/color/frame-000112.color.png 0.999729 0.00731311 -0.0220998 0.0280349 -0.00734994 0.999972 -0.00158566 -0.0100874 0.0220875 0.00174762 0.999754 0.0119737 0.0 0.0 0.0 1.0
office/seq-04/color/frame-000112.color.png office/seq-04/color/frame-000114.color.png 0.999773 0.0112932 -0.018087 0.0210236 -0.0114363 0.999904 -0.0078299 0.00788963 0.0179969 0.00803497 0.999806 0.0134649 0.0 0.0 0.0 1.0
office/seq-04/color/frame-000114.color.png office/seq-04/color/frame-000116.color.png 0.999711 0.0125976 -0.0204541 0.0274509 -0.0126279 0.999919 -0.00135005 -0.0063321 0.0204354 0.00160794 0.99979 0.0111926 0.0 0.0 0.0 1.0
office/seq-04/color/frame-000116.color.png office/seq-04/color/frame-000118.color.png 0.999701 0.0136169 -0.0203206 0.0273286 -0.0138358 0.999847 -0.0106731 0.0162967 0.0201722 0.0109511 0.999737 0.0155336 0.0 0.0 0.0 1.0
office/seq-04/color/frame-000118.color.png office/seq-04/color/frame-000120.color.png 0.999873 0.00870137 -0.0133433 0.0159306 -0.00855472 0.999903 0.0110083 -0.0217899 0.0134377 -0.0108927 0.99985 0.00329232 0.0 0.0 0.0 1.0
office/seq-04/color/frame-000120.color.png office/seq-04/color/frame-000122.color.png 0.999726 0.0126215 -0.0197005 0.0261634 -0.0126359 0.99992 -0.000605838 -0.000182092 0.0196913 0.000854615 0.999806 0.00991011 0.0 0.0 0.0 1.0
office/seq-04/color/frame-000122.color.png office/seq-04/color/frame-000124.color.png 0.999644 0.011708 -0.0239892 0.0324378 -0.0117369 0.999931 -0.00106212 -0.00347179 0.0239751 0.00134326 0.999712 0.0117912 0.0 0.0 0.0 1.0
office/seq-04/color/frame-000124.color.png office/seq-04/color/frame-000126.color.png 0.999503 0.019059 -0.025095 0.0314207 -0.0192054 0.9998 -0.00560508 0.00912654 0.0249831 0.00608428 0.999669 0.00836432 0.0 0.0 0.0 1.0
office/seq-04/color/frame-000126.color.png office/seq-04/color/frame-000128.color.png 0.999586 0.0110009 -0.0265771 0.0265948 -0.0110893 0.999933 -0.00318428 -0.00137669 0.0265403 0.00347768 0.999642 0.00518501 0.0 0.0 0.0 1.0
office/seq-04/color/frame-000128.color.png office/seq-04/color/frame-000130.color.png 0.999301 0.0185822 -0.0324516 0.0310142 -0.0189486 0.99976 -0.0110211 0.0151082 0.032239 0.0116283 0.999413 0.00697255 0.0 0.0 0.0 1.0
office/seq-04/color/frame-000130.color.png office/seq-04/color/frame-000132.color.png 0.999471 0.0118164 -0.0302893 0.029706 -0.011817 0.99993 0.000156977 0.000821054 0.0302891 0.000201059 0.999541 -0.00159812 0.0 0.0 0.0 1.0
office/seq-04/color/frame-000132.color.png office/seq-04/color/frame-000134.color.png 0.999692 0.0105789 -0.0224338 0.0121372 -0.0106909 0.999931 -0.00487903 0.00659508 0.0223807 0.00511731 0.999736 0.00423086 0.0 0.0 0.0 1.0
office/seq-04/color/frame-000134.color.png office/seq-04/color/frame-000136.color.png 0.99987 -8.4102e-05 -0.016094 0.00699532 4.78414e-05 0.999997 -0.00225278 -0.00157803 0.0160941 0.00225174 0.999868 0.00362158 0.0 0.0 0.0 1.0
office/seq-04/color/frame-000136.color.png office/seq-04/color/frame-000138.color.png 0.999904 0.0087311 -0.0107371 0.00449641 -0.00880129 0.99994 -0.00650519 0.0121536 0.0106797 0.00659907 0.999921 -0.0053848 0.0 0.0 0.0 1.0
office/seq-04/color/frame-000138.color.png office/seq-04/color/frame-000140.color.png 0.999975 0.00603327 -0.0036675 -0.00833547 -0.00601938 0.999975 0.00377945 -0.00467706 0.00369021 -0.0037573 0.999986 -0.00718176 0.0 0.0 0.0 1.0
office/seq-04/color/frame-000140.color.png office/seq-04/color/frame-000142.color.png 0.999998 -0.00184548 -0.00119377 -0.0229787 0.00184503 0.999998 -0.000337522 -0.00287241 0.0011944 0.000335343 0.999999 -0.007357 0.0 0.0 0.0 1.0
office/seq-04/color/frame-000142.color.png office/seq-04/color/frame-000144.color.png 0.99998 -0.00505283 -0.00380288 -0.0182101 0.00502829 0.999967 -0.00643393 0.00797707 0.00383522 0.00641464 0.999972 -0.00120282 0.0 0.0 0.0 1.0
office/seq-04/color/frame-000144.color.png office/seq-04/color/frame-000146.color.png 0.999969 -0.0041045 -0.00678699 -0.00484512 0.00407219 0.99998 -0.00477134 0.00454414 0.00680646 0.00474355 0.999966 -0.00862968 0.0 0.0 0.0 1.0
office/seq-04/color/frame-000146.color.png office/seq-04/color/frame-000148.color.png 0.999963 -0.00295982 0.00808493 -0.0311723 0.0029438 0.999994 0.0019915 -0.00371718 -0.00809077 -0.00196762 0.999965 -0.00619686 0.0 0.0 0.0 1.0
office/seq-04/color/frame-000148.color.png office/seq-04/color/frame-000150.color.png 0.999964 -0.00427935 0.00736373 -0.0340525 0.00431641 0.999978 -0.00502633 0.0134167 -0.00734204 0.00505796 0.99996 -0.0112576 0.0 0.0 0.0 1.0
office/seq-04/color/frame-000150.color.png office/seq-04/color/frame-000152.color.png 0.999912 -0.00958925 0.00919795 -0.031471 0.00961764 0.999949 -0.00304917 0.0028109 -0.00916825 0.00313733 0.999953 -0.00177312 0.0 0.0 0.0 1.0
office/seq-04/color/frame-000152.color.png office/seq-04/color/frame-000154.color.png 0.999835 -0.00310833 0.0178999 -0.0445253 0.00308683 0.999994 0.00123002 0.00215328 -0.0179036 -0.00117457 0.999839 -0.022146 0.0 0.0 0.0 1.0
office/seq-04/color/frame-000154.color.png office/seq-04/color/frame-000156.color.png 0.99991 -0.00849227 0.0103449 -0.037038 0.00848948 0.999964 0.000311744 -0.0072937 -0.0103472 -0.000223868 0.999947 -0.00945544 0.0 0.0 0.0 1.0
office/seq-04/color/frame-000156.color.png office/seq-04/color/frame-000158.color.png 0.999944 -0.00974571 0.00419538 -0.0227448 0.00975847 0.999948 -0.0030267 0.00674647 -0.00416567 0.00306747 0.999987 -0.0167192 0.0 0.0 0.0 1.0
office/seq-04/color/frame-000158.color.png office/seq-04/color/frame-000160.color.png 0.999988 -0.00453104 -0.00159261 -0.0200058 0.00452606 0.999985 -0.00309271 -0.000790119 0.00160661 0.00308551 0.999994 -0.0123155 0.0 0.0 0.0 1.0
office/seq-04/color/frame-000160.color.png office/seq-04/color/frame-000162.color.png 0.999924 0.0105925 0.00635233 -0.0224401 -0.010562 0.999933 -0.00481394 0.00113237 -0.00640288 0.00474645 0.999968 -0.0184982 0.0 0.0 0.0 1.0
office/seq-04/color/frame-000162.color.png office/seq-04/color/frame-000164.color.png 0.999958 0.00683377 -0.00605204 -0.00445528 -0.00688204 0.999944 -0.00799225 0.0110839 0.00599708 0.00803358 0.99995 -0.0120485 0.0 0.0 0.0 1.0
office/seq-04/color/frame-000164.color.png office/seq-04/color/frame-000166.color.png 0.999988 -0.00348052 0.00336832 -0.0271948 0.00349635 0.999983 -0.00469805 -0.00268787 -0.0033519 0.00470979 0.999983 -0.0103163 0.0 0.0 0.0 1.0
office/seq-04/color/frame-000166.color.png office/seq-04/color/frame-000168.color.png 0.999948 0.0089681 -0.00494527 0.00225455 -0.00901292 0.999918 -0.00910858 0.0226156 0.00486321 0.00915266 0.999946 -0.0152033 0.0 0.0 0.0 1.0
office/seq-04/color/frame-000168.color.png office/seq-04/color/frame-000170.color.png 0.999937 0.0104234 -0.00427917 -0.0020953 -0.0104614 0.999905 -0.00893857 0.0139946 0.00418559 0.0089828 0.999951 -0.0131649 0.0 0.0 0.0 1.0
office/seq-04/color/frame-000170.color.png office/seq-04/color/frame-000172.color.png 0.999979 -0.000998967 0.00635902 -0.0211981 0.000981154 0.999996 0.00281139 0.000978768 -0.00636181 -0.00280509 0.999976 -0.0231636 0.0 0.0 0.0 1.0
office/seq-04/color/frame-000172.color.png office/seq-04/color/frame-000174.color.png 0.99997 0.00422684 0.00651202 -0.0207662 -0.00425955 0.999978 0.0050168 -0.00471282 -0.00649067 -0.0050444 0.999966 -0.0246017 0.0 0.0 0.0 1.0
office/seq-04/color/frame-000174.color.png office/seq-04/color/frame-000176.color.png 0.999984 0.00346084 -0.00447689 -0.001866 -0.0034673 0.999993 -0.00143166 0.0078364 0.0044719 0.00144716 0.999989 -0.0142438 0.0 0.0 0.0 1.0
office/seq-04/color/frame-000176.color.png office/seq-04/color/frame-000178.color.png 0.999958 0.00146809 -0.00900505 0.00306143 -0.00146145 0.999999 0.000740512 0.0135357 0.00900613 -0.000727324 0.999959 -0.0250106 0.0 0.0 0.0 1.0
office/seq-04/color/frame-000178.color.png office/seq-04/color/frame-000180.color.png 0.99997 0.00754278 0.0018952 -0.0214064 -0.00756492 0.9999 0.0119581 -0.0107108 -0.00180482 -0.0119721 0.999927 -0.0348679 0.0 0.0 0.0 1.0
office/seq-04/color/frame-000180.color.png office/seq-04/color/frame-000182.color.png 0.999967 0.00564559 -0.00588078 -0.00708494 -0.00564323 0.999984 0.000421358 0.000219166 0.00588308 -0.000388154 0.999983 -0.0213218 0.0 0.0 0.0 1.0
office/seq-04/color/frame-000182.color.png office/seq-04/color/frame-000184.color.png 0.999933 0.00232693 -0.0113432 0.007516 -0.0023489 0.999995 -0.00192511 0.0144293 0.0113387 0.00195163 0.999934 -0.0122398 0.0 0.0 0.0 1.0
office/seq-04/color/frame-000184.color.png office/seq-04/color/frame-000186.color.png 0.999891 0.00255818 -0.0145116 -0.00609887 -0.00254468 0.999996 0.000949829 0.0174049 0.0145139 -0.000912781 0.999894 -0.0250958 0.0 0.0 0.0 1.0
office/seq-04/color/frame-000186.color.png office/seq-04/color/frame-000188.color.png 0.999909 -0.00163906 -0.0133916 0.00852379 0.00171534 0.999982 0.0056868 -0.00248492 0.0133821 -0.00570926 0.999894 -0.0172801 0.0 0.0 0.0 1.0
office/seq-04/color/frame-000188.color.png office/seq-04/color/frame-000190.color.png 0.999983 0.00143808 -0.0056828 -0.00438133 -0.00140315 0.99998 0.00614374 0.00684825 0.00569152 -0.0061357 0.999965 -0.0248102 0.0 0.0 0.0 1.0
office/seq-04/color/frame-000190.color.png office/seq-04/color/frame-000192.color.png 0.999945 0.00454737 -0.00948508 -0.00854009 -0.00446121 0.999949 0.00908729 -0.000934333 0.00952593 -0.00904443 0.999914 -0.0265034 0.0 0.0 0.0 1.0
office/seq-04/color/frame-000192.color.png office/seq-04/color/frame-000194.color.png 0.999953 -0.00185382 -0.00947995 -0.00225469 0.00181916 0.999992 -0.00365532 0.00992587 0.00948665 0.0036379 0.999948 -0.0151492 0.0 0.0 0.0 1.0
office/seq-04/color/frame-000194.color.png office/seq-04/color/frame-000196.color.png 0.999981 0.00128927 -0.00601247 0.00134543 -0.00126399 0.99999 0.00419892 -0.000688016 0.00601781 -0.00419123 0.999973 -0.01869 0.0 0.0 0.0 1.0
office/seq-04/color/frame-000196.color.png office/seq-04/color/frame-000198.color.png 0.999999 -0.00085736 0.00107558 -0.0370028 0.000865906 0.999968 -0.00796733 0.00676653 -0.00106875 0.00796826 0.999968 -0.0338315 0.0 0.0 0.0 1.0
office/seq-04/color/frame-000198.color.png office/seq-04/color/frame-000200.color.png 0.999973 -0.000525262 -0.00725751 -0.000772119 0.000507489 0.999997 -0.00244839 0.00642836 0.00725877 0.00244465 0.999971 -0.0129529 0.0 0.0 0.0 1.0
office/seq-04/color/frame-000200.color.png office/seq-04/color/frame-000202.color.png 0.999889 0.0116346 -0.00926648 0.00143597 -0.0116841 0.999918 -0.00531102 0.00432318 0.00920392 0.0054187 0.999943 -0.0175279 0.0 0.0 0.0 1.0
office/seq-04/color/frame-000202.color.png office/seq-04/color/frame-000204.color.png 0.999947 0.00947634 -0.00415898 -0.00323039 -0.00949394 0.999946 -0.0042349 0.00687614 0.00411862 0.00427414 0.999982 -0.0130852 0.0 0.0 0.0 1.0
office/seq-04/color/frame-000204.color.png office/seq-04/color/frame-000206.color.png 0.999993 0.00373983 0.000826546 -0.0174507 -0.00374464 0.999976 0.0059071 0.000501722 -0.000804445 -0.00591015 0.999982 -0.0178378 0.0 0.0 0.0 1.0
office/seq-04/color/frame-000206.color.png office/seq-04/color/frame-000208.color.png 0.999975 0.0044492 -0.00557928 -0.00480977 -0.0044243 0.99998 0.00446862 0.0028719 0.00559904 -0.00444383 0.999974 -0.0245332 0.0 0.0 0.0 1.0
office/seq-04/color/frame-000208.color.png office/seq-04/color/frame-000210.color.png 0.999992 0.0016955 0.00360307 -0.0243682 -0.00170937 0.999991 0.00385275 0.0116466 -0.00359654 -0.00385888 0.999986 -0.0231237 0.0 0.0 0.0 1.0
office/seq-04/color/frame-000210.color.png office/seq-04/color/frame-000212.color.png 0.999981 -0.00606587 -0.00143678 -0.0124994 0.00607773 0.999946 0.00840113 0.00374681 0.00138581 -0.00840971 0.999964 -0.016804 0.0 0.0 0.0 1.0
office/seq-04/color/frame-000212.color.png office/seq-04/color/frame-000214.color.png 0.999956 -0.00915099 -0.00216149 -0.0205758 0.0091668 0.99993 0.00743189 0.0128256 0.00209327 -0.00745136 0.99997 -0.0271068 0.0 0.0 0.0 1.0
office/seq-04/color/frame-000214.color.png office/seq-04/color/frame-000216.color.png 0.999963 -0.0037866 -0.00777386 -0.00612009 0.00385419 0.999955 0.00869309 0.00350451 0.00774063 -0.00872273 0.999932 -0.0176904 0.0 0.0 0.0 1.0
office/seq-04/color/frame-000216.color.png office/seq-04/color/frame-000218.color.png 0.999988 0.00478862 -0.0012691 -0.00989649 -0.00477745 0.999951 0.00868162 -0.000845701 0.00131063 -0.00867544 0.999962 -0.0179675 0.0 0.0 0.0 1.0
office/seq-04/color/frame-000218.color.png office/seq-04/color/frame-000220.color.png 0.999945 0.0094652 -0.0046002 -0.0114665 -0.00944243 0.999943 0.00494084 -0.00207639 0.00464668 -0.00489712 0.999977 -0.0251563 0.0 0.0 0.0 1.0
office/seq-04/color/frame-000220.color.png office/seq-04/color/frame-000222.color.png 0.999992 0.00378854 0.00109314 -0.0187284 -0.00378701 0.999992 -0.00141273 0.00211444 -0.0010985 0.00140859 0.999998 -0.0179705 0.0 0.0 0.0 1.0
office/seq-04/color/frame-000222.color.png office/seq-04/color/frame-000224.color.png 0.999957 0.00873126 0.00320212 -0.0161926 -0.0086981 0.99991 -0.0102303 0.0193337 -0.00329111 0.010202 0.999943 -0.0281694 0.0 0.0 0.0 1.0
office/seq-04/color/frame-000224.color.png office/seq-04/color/frame-000226.color.png 0.999994 0.00331916 -0.000771341 -0.0167261 -0.00332226 0.999986 -0.00407956 0.00909206 0.000757743 0.00408209 0.999991 -0.0237979 0.0 0.0 0.0 1.0
office/seq-04/color/frame-000226.color.png office/seq-04/color/frame-000228.color.png 0.999977 -0.00124026 -0.00673805 -0.00350416 0.00121297 0.999991 -0.00405645 0.0111448 0.00674303 0.00404819 0.999969 -0.0154702 0.0 0.0 0.0 1.0
office/seq-04/color/frame-000228.color.png office/seq-04/color/frame-000230.color.png 0.999944 0.00848814 -0.00624352 -0.00467628 -0.00845453 0.99995 0.00539 -0.00487617 0.00628897 -0.00533692 0.999966 -0.0187628 0.0 0.0 0.0 1.0
office/seq-04/color/frame-000230.color.png office/seq-04/color/frame-000232.color.png 0.999842 0.00745766 -0.016124 -0.00638324 -0.00748009 0.999971 -0.00132929 0.0101434 0.0161137 0.00144971 0.999869 -0.0197012 0.0 0.0 0.0 1.0
office/seq-04/color/frame-000232.color.png office/seq-04/color/frame-000234.color.png 0.999896 0.00670282 -0.0127457 -0.00892514 -0.00672145 0.999976 -0.00142439 0.00944301 0.0127358 0.00150988 0.999918 -0.00832371 0.0 0.0 0.0 1.0
office/seq-04/color/frame-000234.color.png office/seq-04/color/frame-000236.color.png 0.999758 0.0128248 -0.0178584 0.0121725 -0.0126091 0.999847 0.0121418 -0.0125047 0.0180115 -0.0119137 0.999767 -0.0220861 0.0 0.0 0.0 1.0
office/seq-04/color/frame-000236.color.png office/seq-04/color/frame-000238.color.png 0.9999 0.00472324 -0.0132906 -0.017346 -0.00470858 0.999988 0.00113596 0.0215022 0.0132957 -0.00107328 0.999911 -2.75075e-05 0.0 0.0 0.0 1.0
office/seq-04/color/frame-000238.color.png office/seq-04/color/frame-000240.color.png 0.999696 0.00603622 -0.023894 -0.00341338 -0.0059465 0.999975 0.00382586 0.00398827 0.0239165 -0.00368256 0.999707 -0.0141938 0.0 0.0 0.0 1.0
office/seq-04/color/frame-000240.color.png office/seq-04/color/frame-000242.color.png 0.999901 0.000944115 -0.0140327 -0.00364548 -0.000891911 0.999993 0.00371781 0.0127214 0.0140361 -0.00370497 0.999894 -0.0130976 0.0 0.0 0.0 1.0
office/seq-04/color/frame-000242.color.png office/seq-04/color/frame-000244.color.png 0.999858 0.00669105 -0.0154378 -0.00555575 -0.00654739 0.999935 0.00933983 -0.00571898 0.0154993 -0.00923742 0.999837 -0.00558224 0.0 0.0 0.0 1.0
office/seq-04/color/frame-000244.color.png office/seq-04/color/frame-000246.color.png 0.999878 -0.00107995 -0.015578 -0.00456423 0.00107792 0.999999 -0.000141529 0.00732687 0.0155782 0.000124706 0.999879 -0.00548684 0.0 0.0 0.0 1.0
office/seq-04/color/frame-000246.color.png office/seq-04/color/frame-000248.color.png 0.999937 0.00252655 -0.0109788 -0.0134826 -0.00253506 0.999996 -0.000754702 0.00976062 0.0109768 0.000782532 0.99994 -0.00696927 0.0 0.0 0.0 1.0
office/seq-04/color/frame-000248.color.png office/seq-04/color/frame-000250.color.png 0.999851 0.00445361 -0.0166572 0.000168383 -0.0043909 0.999983 0.00379821 -0.00171261 0.0166739 -0.00372456 0.999854 -0.0046584 0.0 0.0 0.0 1.0
office/seq-04/color/frame-000250.color.png office/seq-04/color/frame-000252.color.png 0.999795 0.00531107 -0.0195401 -0.0156454 -0.00530025 0.999986 0.000606651 0.000375941 0.019543 -0.000502934 0.999809 -0.00642387 0.0 0.0 0.0 1.0
office/seq-04/color/frame-000252.color.png office/seq-04/color/frame-000254.color.png 0.999898 0.0104279 -0.00978107 -0.00889432 -0.0104092 0.999944 0.00196684 -0.00515968 0.00980099 -0.0018648 0.99995 -0.0045591 0.0 0.0 0.0 1.0
office/seq-04/color/frame-000254.color.png office/seq-04/color/frame-000256.color.png 0.999858 0.00528635 -0.0159848 -0.00406808 -0.0053219 0.999983 -0.00218369 -0.0010311 0.0159731 0.00226844 0.99987 0.000636023 0.0 0.0 0.0 1.0
office/seq-04/color/frame-000256.color.png office/seq-04/color/frame-000258.color.png 0.999962 0.00533873 -0.00682055 -0.017527 -0.00533145 0.999985 0.00107222 -0.000335827 0.00682616 -0.00103581 0.999976 -0.000371113 0.0 0.0 0.0 1.0
office/seq-04/color/frame-000258.color.png office/seq-04/color/frame-000260.color.png 0.999947 0.00501966 -0.00900333 -0.0114257 -0.0050112 0.999987 0.00097189 0.00136049 0.00900812 -0.000926734 0.999959 0.00120812 0.0 0.0 0.0 1.0
office/seq-04/color/frame-000260.color.png office/seq-04/color/frame-000262.color.png 0.999955 0.000688701 -0.00950821 -0.00557107 -0.000694133 1.0 -0.000568932 0.000913039 0.00950782 0.000575524 0.999955 -0.0014646 0.0 0.0 0.0 1.0
office/seq-04/color/frame-000262.color.png office/seq-04/color/frame-000264.color.png 0.99999 0.00377423 -0.00220673 -0.0110243 -0.00377534 0.999993 -0.000508873 0.00132643 0.00220484 0.000517186 0.999997 -0.00714952 0.0 0.0 0.0 1.0
office/seq-04/color/frame-000264.color.png office/seq-04/color/frame-000266.color.png 0.999987 0.00127522 -0.00500251 -0.00946146 -0.00125409 0.99999 0.0042324 0.00174981 0.00500789 -0.00422608 0.999979 -0.00359116 0.0 0.0 0.0 1.0
office/seq-04/color/frame-000266.color.png office/seq-04/color/frame-000268.color.png 0.999982 -0.000995762 -0.00591014 -0.0151154 0.00102009 0.999991 0.00411268 0.00607367 0.00590593 -0.00411864 0.999974 -0.00563627 0.0 0.0 0.0 1.0
office/seq-04/color/frame-000268.color.png office/seq-04/color/frame-000270.color.png 0.999945 0.00706951 -0.00774413 -0.0146309 -0.0070448 0.99997 0.00321298 -0.00208728 0.00776655 -0.00315826 0.999965 -0.00240168 0.0 0.0 0.0 1.0
office/seq-04/color/frame-000270.color.png office/seq-04/color/frame-000272.color.png 0.999935 0.00195284 -0.0112544 -0.0159477 -0.00183795 0.999946 0.0102084 0.00484027 0.0112737 -0.010187 0.999885 0.00216853 0.0 0.0 0.0 1.0
office/seq-04/color/frame-000272.color.png office/seq-04/color/frame-000274.color.png 0.999789 0.00613813 -0.0196222 -0.00427198 -0.00613725 0.999981 0.000103834 -0.000595942 0.0196226 1.653e-05 0.999807 0.0111849 0.0 0.0 0.0 1.0
office/seq-04/color/frame-000274.color.png office/seq-04/color/frame-000276.color.png 0.999918 0.00470362 -0.0118866 -0.0109798 -0.00461124 0.999959 0.00779453 -0.00131625 0.0119227 -0.00773902 0.999899 0.00290025 0.0 0.0 0.0 1.0
office/seq-04/color/frame-000276.color.png office/seq-04/color/frame-000278.color.png 0.999826 0.00315684 -0.0183786 -0.00904578 -0.00302805 0.999971 0.00703053 0.00170867 0.0184003 -0.00697364 0.999806 0.0118767 0.0 0.0 0.0 1.0
office/seq-04/color/frame-000278.color.png office/seq-04/color/frame-000280.color.png 0.999885 0.0100466 -0.0113606 -0.0156385 -0.0100003 0.999942 0.00412548 -0.00598735 0.0114013 -0.00401139 0.999927 0.00063382 0.0 0.0 0.0 1.0
office/seq-04/color/frame-000280.color.png office/seq-04/color/frame-000282.color.png 0.999711 0.0075348 -0.0228374 0.00193834 -0.00734889 0.999939 0.0082165 -0.00770168 0.0228979 -0.00804628 0.999705 0.0179922 0.0 0.0 0.0 1.0
office/seq-04/color/frame-000282.color.png office/seq-04/color/frame-000284.color.png 0.99955 0.018953 -0.0232433 -0.00677365 -0.018904 0.999819 0.0023261 -0.0172927 0.0232832 -0.00188565 0.999727 0.0188027 0.0 0.0 0.0 1.0
office/seq-04/color/frame-000284.color.png office/seq-04/color/frame-000286.color.png 0.999602 0.0148702 -0.0239892 0.00367254 -0.014844 0.999889 0.00127545 -0.00970048 0.0240055 -0.000918867 0.999711 0.0195564 0.0 0.0 0.0 1.0
office/seq-04/color/frame-000286.color.png office/seq-04/color/frame-000288.color.png 0.999559 0.0200881 -0.0218854 -0.0100539 -0.0200798 0.999798 0.000596153 -0.0154179 0.0218928 -0.000156419 0.99976 0.0231319 0.0 0.0 0.0 1.0
office/seq-04/color/frame-000288.color.png office/seq-04/color/frame-000290.color.png 0.999468 0.00993796 -0.0310636 0.0113577 -0.00987968 0.999949 0.0020274 -0.0140239 0.0310821 -0.00171942 0.999515 0.0305567 0.0 0.0 0.0 1.0
office/seq-04/color/frame-000290.color.png office/seq-04/color/frame-000292.color.png 0.999599 0.00836261 -0.0270742 0.0067839 -0.0084797 0.999955 -0.0042094 -0.00641166 0.0270379 0.00443728 0.999624 0.0292287 0.0 0.0 0.0 1.0
office/seq-04/color/frame-000292.color.png office/seq-04/color/frame-000294.color.png 0.999368 0.0223 -0.0276647 0.0134463 -0.0223029 0.999751 0.000205033 -0.0213298 0.0276624 0.000412097 0.999617 0.0282022 0.0 0.0 0.0 1.0
office/seq-04/color/frame-000294.color.png office/seq-04/color/frame-000296.color.png 0.999543 0.0152336 -0.026124 0.00745851 -0.0152892 0.999881 -0.00193053 -0.0101541 0.0260915 0.00232901 0.999657 0.026905 0.0 0.0 0.0 1.0
office/seq-04/color/frame-000296.color.png office/seq-04/color/frame-000298.color.png 0.999817 0.011177 -0.0155465 0.00538838 -0.0111816 0.999938 -0.000211105 -0.0120254 0.0155432 0.000384979 0.999879 0.0157402 0.0 0.0 0.0 1.0
office/seq-04/color/frame-000298.color.png office/seq-04/color/frame-000300.color.png 0.999302 0.0213751 -0.0306278 0.0162524 -0.0214385 0.999769 -0.00174191 -0.0201722 0.0305835 0.0023973 0.999529 0.030519 0.0 0.0 0.0 1.0
office/seq-04/color/frame-000300.color.png office/seq-04/color/frame-000302.color.png 0.999709 0.0136447 -0.0198635 0.00682372 -0.0136442 0.999907 0.000157804 -0.0148835 0.0198638 0.000113278 0.999803 0.022784 0.0 0.0 0.0 1.0
office/seq-04/color/frame-000302.color.png office/seq-04/color/frame-000304.color.png 0.99979 0.0136646 -0.0152895 0.0100347 -0.0137265 0.999898 -0.00394029 -0.0111481 0.0152341 0.0041493 0.999875 0.0112252 0.0 0.0 0.0 1.0
office/seq-04/color/frame-000304.color.png office/seq-04/color/frame-000306.color.png 0.999135 0.0247011 -0.0334392 0.0144212 -0.0246065 0.999692 0.00323984 -0.0238862 0.0335089 -0.00241426 0.999436 0.0339477 0.0 0.0 0.0 1.0
office/seq-04/color/frame-000306.color.png office/seq-04/color/frame-000308.color.png 0.99975 0.00782876 -0.0209291 0.0108708 -0.00786797 0.999967 -0.00179101 -0.00384879 0.0209145 0.00195526 0.999779 0.0257293 0.0 0.0 0.0 1.0
office/seq-04/color/frame-000308.color.png office/seq-04/color/frame-000310.color.png 0.999109 0.0166918 -0.038754 0.0156133 -0.016904 0.999844 -0.00515364 -0.0123976 0.0386619 0.00580419 0.999236 0.0370723 0.0 0.0 0.0 1.0
office/seq-04/color/frame-000310.color.png office/seq-04/color/frame-000312.color.png 0.999872 0.00796546 -0.013888 0.0092389 -0.00800108 0.999965 -0.00251381 -0.00748199 0.0138674 0.00262456 0.9999 0.00897713 0.0 0.0 0.0 1.0
office/seq-04/color/frame-000312.color.png office/seq-04/color/frame-000314.color.png 0.999832 0.0082861 -0.0163589 0.00835639 -0.00826162 0.999965 0.00156641 -0.00865039 0.0163713 -0.00143096 0.999865 0.0144506 0.0 0.0 0.0 1.0
office/seq-04/color/frame-000314.color.png office/seq-04/color/frame-000316.color.png 0.999332 0.0200112 -0.0305894 0.0114185 -0.0200167 0.9998 0.000124508 -0.0148288 0.0305858 0.000487832 0.999532 0.0324693 0.0 0.0 0.0 1.0
office/seq-04/color/frame-000316.color.png office/seq-04/color/frame-000318.color.png 0.999906 0.00276953 -0.013434 0.00555134 -0.00271167 0.999987 0.00432318 -0.00295144 0.0134458 -0.00428634 0.9999 0.0140999 0.0 0.0 0.0 1.0
office/seq-04/color/frame-000318.color.png office/seq-04/color/frame-000320.color.png 0.999512 0.00959226 -0.0297135 0.010823 -0.00961558 0.999954 -0.000642717 -0.007066 0.029706 0.000928162 0.999558 0.0328075 0.0 0.0 0.0 1.0
office/seq-04/color/frame-000320.color.png office/seq-04/color/frame-000322.color.png 0.999883 0.00623302 -0.0139526 0.00183052 -0.00625349 0.999979 -0.00142 -0.00834915 0.0139435 0.00150702 0.999902 0.0138481 0.0 0.0 0.0 1.0
office/seq-04/color/frame-000322.color.png office/seq-04/color/frame-000324.color.png 0.999866 0.00606172 -0.0152089 0.00613827 -0.0061555 0.999962 -0.00612982 -0.00562216 0.0151712 0.00622267 0.999865 0.0110597 0.0 0.0 0.0 1.0
office/seq-04/color/frame-000324.color.png office/seq-04/color/frame-000326.color.png 0.999451 0.0137792 -0.0301486 0.0120653 -0.0138766 0.999899 -0.0030233 -0.0123859 0.0301038 0.00344 0.999541 0.0334486 0.0 0.0 0.0 1.0
office/seq-04/color/frame-000326.color.png office/seq-04/color/frame-000328.color.png 0.999925 0.00449165 -0.0114149 0.00252748 -0.00448981 0.99999 0.000193021 -0.000131741 0.0114156 -0.000141809 0.999935 0.0130783 0.0 0.0 0.0 1.0
office/seq-04/color/frame-000328.color.png office/seq-04/color/frame-000330.color.png 0.999617 0.0172526 -0.0216264 0.00424188 -0.0174584 0.999804 -0.00936161 -0.0123803 0.0214608 0.00973553 0.999722 0.0200473 0.0 0.0 0.0 1.0
office/seq-04/color/frame-000330.color.png office/seq-04/color/frame-000332.color.png 0.999742 0.010652 -0.0200612 0.00496048 -0.0105871 0.999938 0.00333274 -0.0118709 0.0200954 -0.00311943 0.999793 0.0298729 0.0 0.0 0.0 1.0
office/seq-04/color/frame-000332.color.png office/seq-04/color/frame-000334.color.png 0.999521 0.0188693 -0.0245155 -0.00421655 -0.0190116 0.999804 -0.00557932 -0.0145242 0.0244054 0.00604266 0.999684 0.0266103 0.0 0.0 0.0 1.0
office/seq-04/color/frame-000334.color.png office/seq-04/color/frame-000336.color.png 0.999256 0.0103981 -0.0371318 0.00551319 -0.0103219 0.999944 0.00224387 -0.00724724 0.0371531 -0.00185889 0.999308 0.0490917 0.0 0.0 0.0 1.0
office/seq-04/color/frame-000336.color.png office/seq-04/color/frame-000338.color.png 0.999827 0.00737653 -0.0170823 -0.000531912 -0.0074259 0.999968 -0.00282644 -0.00612912 0.0170609 0.0029529 0.99985 0.0193317 0.0 0.0 0.0 1.0
office/seq-04/color/frame-000338.color.png office/seq-04/color/frame-000340.color.png 0.999431 0.0134187 -0.0309361 0.0031063 -0.0135775 0.999896 -0.00492846 -0.0109452 0.0308668 0.00534568 0.999509 0.0348286 0.0 0.0 0.0 1.0
office/seq-04/color/frame-000340.color.png office/seq-04/color/frame-000342.color.png 0.999804 0.0065256 -0.0187078 0.0035966 -0.00655422 0.999978 -0.00147159 -0.00458422 0.0186978 0.0015938 0.999824 0.0232687 0.0 0.0 0.0 1.0
office/seq-04/color/frame-000342.color.png office/seq-04/color/frame-000344.color.png 0.999091 0.0186374 -0.0383371 0.00179422 -0.018632 0.999826 0.000497749 -0.018549 0.0383397 0.000217004 0.999265 0.0546804 0.0 0.0 0.0 1.0
office/seq-04/color/frame-000344.color.png office/seq-04/color/frame-000346.color.png 0.999829 0.00732195 -0.0169922 0.00280446 -0.0073571 0.999971 -0.00200801 -0.00761023 0.016977 0.00213273 0.999854 0.0138342 0.0 0.0 0.0 1.0
office/seq-04/color/frame-000346.color.png office/seq-04/color/frame-000348.color.png 0.998816 0.0162697 -0.0458488 0.0100955 -0.0165322 0.999849 -0.00535237 -0.0188002 0.0457547 0.00610401 0.998934 0.0558323 0.0 0.0 0.0 1.0
office/seq-04/color/frame-000348.color.png office/seq-04/color/frame-000350.color.png 0.999287 0.00913396 -0.0366481 0.00675166 -0.00923012 0.999954 -0.00245655 -0.0115305 0.036624 0.00279315 0.999325 0.0340166 0.0 0.0 0.0 1.0
