pumpkin/seq-07/color/frame-000000.color.png pumpkin/seq-07/color/frame-000001.color.png 0.999987 -0.00501995 -0.000947372 -0.00329255 0.0050249 0.999973 0.00529624 0.00397203 0.000920759 -0.00530093 0.999985 0.000254321 0.0 0.0 0.0 1.0
pumpkin/seq-07/color/frame-000001.color.png pumpkin/seq-07/color/frame-000002.color.png 1.0 -0.000455764 -0.000288955 0.0018686 0.000457422 0.999983 0.00576608 -0.00638932 0.000286322 -0.00576621 0.999983 4.19866e-05 0.0 0.0 0.0 1.0
pumpkin/seq-07/color/frame-000002.color.png pumpkin/seq-07/color/frame-000003.color.png 0.999999 -0.00108539 0.000852786 -0.00221694 0.00108474 0.999999 0.000755082 0.000414369 -0.000853605 -0.000754154 0.999999 0.00115945 0.0 0.0 0.0 1.0
pumpkin/seq-07/color/frame-000003.color.png pumpkin/seq-07/color/frame-000004.color.png 0.999997 -0.000875444 -0.00219558 0.00673657 0.000879837 0.999998 0.00200061 -0.00363576 0.00219382 -0.00200254 0.999996 0.00125658 0.0 0.0 0.0 1.0
pumpkin/seq-07/color/frame-000004.color.png pumpkin/seq-07/color/frame-000005.color.png 0.999998 0.00205213 -0.000303983 0.0025147 -0.0020523 0.999998 -0.000567172 -0.00064234 0.000302818 0.000567793 1.0 0.00114524 0.0 0.0 0.0 1.0
pumpkin/seq-07/color/frame-000005.color.png pumpkin/seq-07/color/frame-000006.color.png 0.999971 0.00725805 0.00226074 0.0045517 -0.00725317 0.999972 -0.00215686 -0.00415589 -0.00227633 0.0021404 0.999995 0.000515582 0.0 0.0 0.0 1.0
pumpkin/seq-07/color/frame-000006.color.png pumpkin/seq-07/color/frame-000007.color.png 0.999993 0.00156644 0.00353739 -0.00457354 -0.00155765 0.999996 -0.00248598 0.00391435 -0.00354127 0.00248046 0.999991 -0.00153431 0.0 0.0 0.0 1.0
pumpkin/seq-07/color/frame-000007.color.png pumpkin/seq-07/color/frame-000008.color.png 0.999992 0.00401231 0.000763459 3.46527e-05 -0.00401261 0.999992 0.000390705 -0.00314639 -0.000761884 -0.000393765 1.0 -8.07741e-05 0.0 0.0 0.0 1.0
pumpkin/seq-07/color/frame-000008.color.png pumpkin/seq-07/color/frame-000009.color.png 0.999996 0.0017109 0.00221424 -0.00797124 -0.00170419 0.999994 -0.00303202 0.00693481 -0.00221941 0.00302823 0.999993 -0.00159696 0.0 0.0 0.0 1.0
pumpkin/seq-07/color/frame-000009.color.png pumpkin/seq-07/color/frame-000010.color.png 0.999997 0.00220856 -0.000364038 -0.000897683 -0.00220798 0.999996 0.0015722 0.00429596 0.000367509 -0.00157139 0.999999 -0.000403524 0.0 0.0 0.0 1.0
pumpkin/seq-07/color/frame-000010.color.png pumpkin/seq-07/color/frame-000011.color.png 0.999977 0.00579256 -0.00363317 0.0013934 -0.0057706 0.999965 0.00602602 -0.00935969 0.00366795 -0.00600491 0.999975 0.00326249 0.0 0.0 0.0 1.0
pumpkin/seq-07/color/frame-000011.color.png pumpkin/seq-07/color/frame-000012.color.png 0.999998 0.00218063 -9.13326e-06 0.00298808 -0.00218063 0.999998 -3.38906e-05 0.00062344 9.05909e-06 3.39116e-05 1.0 0.000790751 0.0 0.0 0.0 1.0
pumpkin/seq-07/color/frame-000012.color.png pumpkin/seq-07/color/frame-000013.color.png 0.999985 0.00304387 0.00445537 0.00347339 -0.00305976 0.999989 0.00356697 -0.00558791 -0.00444446 -0.00358056 0.999984 -0.00127873 0.0 0.0 0.0 1.0
pumpkin/seq-07/color/frame-000013.color.png pumpkin/seq-07/color/frame-000014.color.png 0.999978 0.00313166 0.00593757 -0.00593767 -0.00312207 0.999994 -0.00162467 0.0104922 -0.00594262 0.0016061 0.999981 0.00104239 0.0 0.0 0.0 1.0
pumpkin/seq-07/color/frame-000014.color.png pumpkin/seq-07/color/frame-000015.color.png 0.999987 -0.000516005 0.0049844 -0.0102323 0.000489026 0.999985 0.00541216 -0.00399111 -0.00498712 -0.00540965 0.999973 0.0020039 0.0 0.0 0.0 1.0
pumpkin/seq-07/color/frame-000015.color.png pumpkin/seq-07/color/frame-000016.color.png 0.999947 0.00737307 -0.00718498 0.00568404 -0.00733849 0.999961 0.00482656 -0.00621362 0.00722029 -0.00477358 0.999963 0.00369016 0.0 0.0 0.0 1.0
pumpkin/seq-07/color/frame-000016.color.png pumpkin/seq-07/color/frame-000017.color.png 0.999974 0.00706008 -0.00111761 -0.00600544 -0.00705856 0.999974 0.00136301 0.000839991 0.0011272 -0.00135509 0.999998 0.00165926 0.0 0.0 0.0 1.0
pumpkin/seq-07/color/frame-000017.color.png pumpkin/seq-07/color/frame-000018.color.png 0.999982 0.00490529 -0.00346288 0.0022158 -0.00490424 0.999988 0.000310263 -0.0020061 0.00346436 -0.000293271 0.999994 0.00238053 0.0 0.0 0.0 1.0
pumpkin/seq-07/color/frame-000018.color.png pumpkin/seq-07/color/frame-000019.color.png 0.999997 0.00206715 0.00152495 -0.0184995 -0.00206281 0.999994 -0.00284769 0.00817792 -0.00153083 0.00284453 0.999995 -0.000307736 0.0 0.0 0.0 1.0
pumpkin/seq-07/color/frame-000019.color.png pumpkin/seq-07/color/frame-000020.color.png 0.999993 -0.00227161 -0.00311701 -0.0113391 0.00228156 0.999992 0.00319282 -0.000817875 0.00310974 -0.00319991 0.99999 -0.00621624 0.0 0.0 0.0 1.0
pumpkin/seq-07/color/frame-000020.color.png pumpkin/seq-07/color/frame-000021.color.png 0.999763 -0.00121296 -0.0217387 -0.00352753 0.00125452 0.999997 0.00189827 0.0158666 0.0217363 -0.00192508 0.999762 0.00999727 0.0 0.0 0.0 1.0
pumpkin/seq-07/color/frame-000021.color.png pumpkin/seq-07/color/frame-000022.color.png 0.99996 -0.000391523 -0.00894686 0.00235168 0.00045031 0.999978 0.00656852 -0.00427206 0.0089441 -0.00657229 0.999938 0.00235253 0.0 0.0 0.0 1.0
pumpkin/seq-07/color/frame-000022.color.png pumpkin/seq-07/color/frame-000023.color.png 0.999994 0.00301691 0.00194879 -0.0303249 -0.00301719 0.999995 0.000139155 0.0097174 -0.00194836 -0.000145031 0.999998 0.00384976 0.0 0.0 0.0 1.0
pumpkin/seq-07/color/frame-000023.color.png pumpkin/seq-07/color/frame-000024.color.png 0.999905 0.00447267 -0.0130001 0.00266112 -0.00436859 0.999958 0.00802392 0.00603451 0.0130354 -0.00796638 0.999883 0.00353632 0.0 0.0 0.0 1.0
pumpkin/seq-07/color/frame-000024.color.png pumpkin/seq-07/color/frame-000025.color.png 0.999991 0.00111257 -0.00405842 -0.00848895 -0.00109107 0.999985 0.00529847 -0.00211802 0.00406427 -0.00529399 0.999978 0.00386947 0.0 0.0 0.0 1.0
pumpkin/seq-07/color/frame-000025.color.png pumpkin/seq-07/color/frame-000026.color.png 0.999922 0.00253648 -0.012202 -0.0244826 -0.00244971 0.999972 0.00711994 0.0067842 0.0122197 -0.0070895 0.9999 0.00610238 0.0 0.0 0.0 1.0
pumpkin/seq-07/color/frame-000026.color.png pumpkin/seq-07/color/frame-000027.color.png 0.99994 0.00263354 -0.010631 -0.0038759 -0.00257152 0.99998 0.00584383 -1.67564e-05 0.0106462 -0.00581614 0.999926 0.00303939 0.0 0.0 0.0 1.0
pumpkin/seq-07/color/frame-000027.color.png pumpkin/seq-07/color/frame-000028.color.png 0.99996 0.00306849 -0.00843024 -0.00907352 -0.00306176 0.999995 0.000810507 0.00611029 0.00843267 -0.000784646 0.999964 0.00591936 0.0 0.0 0.0 1.0
pumpkin/seq-07/color/frame-000028.color.png pumpkin/seq-07/color/frame-000029.color.png 0.999641 0.00892218 -0.0252669 0.0038161 -0.00865584 0.999906 0.0106315 0.00443289 0.0253594 -0.010409 0.999624 0.00841826 0.0 0.0 0.0 1.0
pumpkin/seq-07/color/frame-000029.color.png pumpkin/seq-07/color/frame-000030.color.png 0.999957 0.00438462 -0.00817888 -0.00786474 -0.00432532 0.999964 0.00725142 -0.0103032 0.00821037 -0.00721573 0.99994 0.00195366 0.0 0.0 0.0 1.0
pumpkin/seq-07/color/frame-000030.color.png pumpkin/seq-07/color/frame-000031.color.png 0.999757 0.00128641 -0.0220108 -0.00552014 -0.00121361 0.999994 0.00331977 0.0144276 0.0220149 -0.00329224 0.999752 0.00729658 0.0 0.0 0.0 1.0
pumpkin/seq-07/color/frame-000031.color.png pumpkin/seq-07/color/frame-000032.color.png 0.999952 0.00368439 -0.00903514 -0.0114618 -0.00362625 0.999973 0.00644346 -0.00642879 0.00905866 -0.0064104 0.999938 0.00467329 0.0 0.0 0.0 1.0
pumpkin/seq-07/color/frame-000032.color.png pumpkin/seq-07/color/frame-000033.color.png 0.999366 0.0124498 -0.0333566 0.0186849 -0.0123893 0.999921 0.00202077 0.00884432 0.0333791 -0.00160624 0.999441 0.0115001 0.0 0.0 0.0 1.0
pumpkin/seq-07/color/frame-000033.color.png pumpkin/seq-07/color/frame-000034.color.png 0.999844 0.00806763 -0.0156805 -0.010552 -0.00787097 0.99989 0.0125626 -0.00498466 0.0157802 -0.0124372 0.999798 0.0130622 0.0 0.0 0.0 1.0
pumpkin/seq-07/color/frame-000034.color.png pumpkin/seq-07/color/frame-000035.color.png 0.999985 0.00249291 -0.00488619 -0.0128977 -0.00248504 0.999996 0.0016201 0.00574121 0.00489016 -0.00160793 0.999987 -0.00328234 0.0 0.0 0.0 1.0
pumpkin/seq-07/color/frame-000035.color.png pumpkin/seq-07/color/frame-000036.color.png 0.999921 0.00572568 -0.0112215 -0.00864962 -0.00561472 0.999935 0.0098937 -0.00831152 0.0112775 -0.00982992 0.999888 0.00576644 0.0 0.0 0.0 1.0
pumpkin/seq-07/color/frame-000036.color.png pumpkin/seq-07/color/frame-000037.color.png 0.999968 0.00237118 -0.00757679 -0.00303845 -0.00238084 0.999996 -0.00126791 0.00978538 0.00757376 0.00128591 0.999971 0.00668415 0.0 0.0 0.0 1.0
pumpkin/seq-07/color/frame-000037.color.png pumpkin/seq-07/color/frame-000038.color.png 0.999915 0.00849657 -0.00990806 -0.0122868 -0.00840665 0.999923 0.00908452 -0.0142689 0.00998448 -0.00900045 0.99991 0.00807038 0.0 0.0 0.0 1.0
pumpkin/seq-07/color/frame-000038.color.png pumpkin/seq-07/color/frame-000039.color.png 0.999997 0.000750811 -0.00238898 -0.00972047 -0.000748909 0.999999 0.000801978 0.00118859 0.00238958 -0.000800165 0.999997 0.00241663 0.0 0.0 0.0 1.0
pumpkin/seq-07/color/frame-000039.color.png pumpkin/seq-07/color/frame-000040.color.png 0.999999 -0.00173649 4.63081e-05 -0.0366327 0.0017363 0.999992 0.00360463 0.0033532 -5.25347e-05 -0.00360456 0.999994 0.00154129 0.0 0.0 0.0 1.0
pumpkin/seq-07/color/frame-000040.color.png pumpkin/seq-07/color/frame-000041.color.png 0.99998 -0.001797 -0.00604896 -0.0140146 0.00180859 0.999997 0.00190569 -0.00127222 0.00604549 -0.00191656 0.99998 0.00785729 0.0 0.0 0.0 1.0
pumpkin/seq-07/color/frame-000041.color.png pumpkin/seq-07/color/frame-000042.color.png 0.999994 -0.00272178 0.00199382 -0.0213352 0.00272557 0.999995 -0.00189765 0.00391439 -0.00198864 0.00190307 0.999996 0.0033237 0.0 0.0 0.0 1.0
pumpkin/seq-07/color/frame-000042.color.png pumpkin/seq-07/color/frame-000043.color.png 0.999984 -0.00300348 -0.00480355 -0.0123994 0.00298857 0.999991 -0.00310732 -0.00263381 0.00481286 0.00309289 0.999984 0.00407936 0.0 0.0 0.0 1.0
pumpkin/seq-07/color/frame-000043.color.png pumpkin/seq-07/color/frame-000044.color.png 0.999996 0.00047719 -0.00273002 -0.00748557 -0.000480972 0.999999 -0.00137813 -0.00360059 0.00272936 0.00137946 0.999995 0.0061198 0.0 0.0 0.0 1.0
pumpkin/seq-07/color/frame-000044.color.png pumpkin/seq-07/color/frame-000045.color.png 0.999996 -0.00139403 -0.00252287 -0.0206112 0.00137404 0.999968 -0.00790937 0.00239364 0.0025338 0.00790588 0.999966 0.0020684 0.0 0.0 0.0 1.0
pumpkin/seq-07/color/frame-000045.color.png pumpkin/seq-07/color/frame-000046.color.png 0.999973 -0.000731458 -0.00727116 -0.013776 0.000688733 0.999983 -0.0058785 -0.00247541 0.00727531 0.00587334 0.999956 0.00634193 0.0 0.0 0.0 1.0
pumpkin/seq-07/color/frame-000046.color.png pumpkin/seq-07/color/frame-000047.color.png 0.999951 -0.000906966 -0.00982325 -0.0133254 0.000825509 0.999965 -0.00829368 0.00804373 0.00983046 0.00828517 0.999917 0.00841967 0.0 0.0 0.0 1.0
pumpkin/seq-07/color/frame-000047.color.png pumpkin/seq-07/color/frame-000048.color.png 0.99998 0.00127157 -0.00622944 -0.0229384 -0.00127868 0.999999 -0.00113951 -0.00606246 0.006228 0.00114743 0.99998 9.62168e-05 0.0 0.0 0.0 1.0
pumpkin/seq-07/color/frame-000048.color.png pumpkin/seq-07/color/frame-000049.color.png 0.999994 0.00270043 -0.002286 -0.015152 -0.00270664 0.999993 -0.00270752 4.42341e-05 0.00227862 0.0027137 0.999994 0.00549841 0.0 0.0 0.0 1.0
pumpkin/seq-07/color/frame-000049.color.png pumpkin/seq-07/color/frame-000050.color.png 0.999875 0.000341554 -0.0157967 -0.00655589 -0.000441918 0.99998 -0.00635254 0.00133706 0.0157942 0.00635872 0.999855 0.0106243 0.0 0.0 0.0 1.0
pumpkin/seq-07/color/frame-000050.color.png pumpkin/seq-07/color/frame-000051.color.png 0.999838 0.00046694 -0.0179898 -0.00604391 -0.000554454 0.999988 -0.00485829 -0.00730985 0.0179874 0.00486747 0.999826 0.0165257 0.0 0.0 0.0 1.0
pumpkin/seq-07/color/frame-000051.color.png pumpkin/seq-07/color/frame-000052.color.png 0.999948 -0.00104023 -0.010164 -0.0129219 0.000985734 0.999985 -0.00536568 -0.00601963 0.0101694 0.0053554 0.999934 0.00726317 0.0 0.0 0.0 1.0
pumpkin/seq-07/color/frame-000052.color.png pumpkin/seq-07/color/frame-000053.color.png 0.999902 -0.00125323 -0.013915 -0.0125446 0.00109429 0.999934 -0.0114245 -0.00241716 0.0139285 0.0114082 0.999838 0.00948939 0.0 0.0 0.0 1.0
pumpkin/seq-07/color/frame-000053.color.png pumpkin/seq-07/color/frame-000054.color.png 0.999932 0.00336162 -0.0111264 -0.0132546 -0.00342155 0.99998 -0.00537249 -0.00641689 0.0111081 0.0054102 0.999924 0.0015953 0.0 0.0 0.0 1.0
pumpkin/seq-07/color/frame-000054.color.png pumpkin/seq-07/color/frame-000055.color.png 0.999677 0.00662619 -0.0245241 -0.00197983 -0.00681012 0.999949 -0.00742282 -0.00892353 0.0244737 0.00758745 0.999672 0.0257816 0.0 0.0 0.0 1.0
pumpkin/seq-07/color/frame-000055.color.png pumpkin/seq-07/color/frame-000056.color.png 0.999959 0.00376577 -0.00826197 -0.00137019 -0.00377164 0.999993 -0.000695704 -0.00471693 0.00825922 0.00072683 0.999966 0.00155804 0.0 0.0 0.0 1.0
pumpkin/seq-07/color/frame-000056.color.png pumpkin/seq-07/color/frame-000057.color.png 0.99994 0.00264009 -0.0106305 -0.0175583 -0.00267534 0.999991 -0.00330176 -0.00335403 0.0106217 0.00333002 0.999938 0.0090833 0.0 0.0 0.0 1.0
pumpkin/seq-07/color/frame-000057.color.png pumpkin/seq-07/color/frame-000058.color.png 0.999837 0.00338811 -0.017731 -0.00659627 -0.00343883 0.99999 -0.0028302 -0.00453228 0.0177212 0.00289071 0.999839 0.00913511 0.0 0.0 0.0 1.0
pumpkin/seq-07/color/frame-000058.color.png pumpkin/seq-07/color/frame-000059.color.png 0.999775 0.00441632 -0.0207398 0.000956565 -0.00451329 0.999979 -0.00463169 -0.0058338 0.0207189 0.00472426 0.999774 0.0192309 0.0 0.0 0.0 1.0
pumpkin/seq-07/color/frame-000059.color.png pumpkin/seq-07/color/frame-000060.color.png 0.999836 0.00881418 -0.0158197 -0.0065684 -0.00896203 0.999917 -0.00929696 -0.00674475 0.0157364 0.00943721 0.999832 0.0118961 0.0 0.0 0.0 1.0
pumpkin/seq-07/color/frame-000060.color.png pumpkin/seq-07/color/frame-000061.color.png 0.999892 0.000752476 -0.014674 -0.0100569 -0.000757142 1.0 -0.000316058 -0.0118338 0.0146737 0.000327136 0.999892 0.00832389 0.0 0.0 0.0 1.0
pumpkin/seq-07/color/frame-000061.color.png pumpkin/seq-07/color/frame-000062.color.png 0.999552 0.0199402 -0.0223275 -0.0126712 -0.020304 0.999663 -0.0161864 -0.0130609 0.0219972 0.0166325 0.99962 0.0285464 0.0 0.0 0.0 1.0
pumpkin/seq-07/color/frame-000062.color.png pumpkin/seq-07/color/frame-000063.color.png 0.999845 0.00964273 -0.0147575 -0.0094775 -0.00977134 0.999915 -0.00866555 -0.0106435 0.0146727 0.00880842 0.999853 0.0125998 0.0 0.0 0.0 1.0
pumpkin/seq-07/color/frame-000063.color.png pumpkin/seq-07/color/frame-000064.color.png 0.999919 0.0091925 -0.0087878 -0.00128019 -0.00930143 0.999879 -0.012439 -0.00940858 0.00867242 0.0125198 0.999884 0.0111162 0.0 0.0 0.0 1.0
pumpkin/seq-07/color/frame-000064.color.png pumpkin/seq-07/color/frame-000065.color.png 0.999958 0.00232773 -0.00889677 -0.00465536 -0.00239998 0.999964 -0.00812055 -0.00805394 0.00887758 0.00814155 0.999927 0.00735429 0.0 0.0 0.0 1.0
pumpkin/seq-07/color/frame-000065.color.png pumpkin/seq-07/color/frame-000066.color.png 0.99994 0.0088891 -0.00635969 -0.00269586 -0.00895639 0.999903 -0.0106331 -0.00845893 0.00626447 0.0106894 0.999923 0.00851338 0.0 0.0 0.0 1.0
pumpkin/seq-07/color/frame-000066.color.png pumpkin/seq-07/color/frame-000067.color.png 0.99995 0.00975474 0.00221298 -0.00717682 -0.00971883 0.99983 -0.0157 -0.00718229 -0.00236574 0.0156777 0.999874 0.00106871 0.0 0.0 0.0 1.0
pumpkin/seq-07/color/frame-000067.color.png pumpkin/seq-07/color/frame-000068.color.png 0.999955 0.0045748 0.00824601 -0.0102349 -0.00455899 0.999988 -0.00193617 -0.0131403 -0.00825474 0.00189847 0.999964 -0.00422175 0.0 0.0 0.0 1.0
pumpkin/seq-07/color/frame-000068.color.png pumpkin/seq-07/color/frame-000069.color.png 0.999992 0.00404175 9.15608e-05 -0.00405729 -0.00404008 0.999891 -0.01423 -0.0123854 -0.000149117 0.0142295 0.999899 0.0048998 0.0 0.0 0.0 1.0
pumpkin/seq-07/color/frame-000069.color.png pumpkin/seq-07/color/frame-000070.color.png 0.999965 0.00613168 0.00567978 -0.0023219 -0.0060498 0.999879 -0.0143247 -0.00668439 -0.00576694 0.0142899 0.999881 0.00982051 0.0 0.0 0.0 1.0
pumpkin/seq-07/color/frame-000070.color.png pumpkin/seq-07/color/frame-000071.color.png 0.999969 0.00746573 0.00231333 -0.00309575 -0.00740785 0.999682 -0.0240982 -0.0137874 -0.00249246 0.0240803 0.999707 -0.00299878 0.0 0.0 0.0 1.0
pumpkin/seq-07/color/frame-000071.color.png pumpkin/seq-07/color/frame-000072.color.png 0.999973 0.00484939 0.0054638 -0.00439006 -0.00468038 0.999523 -0.030528 -0.00209653 -0.00560925 0.0305016 0.999519 -0.00106327 0.0 0.0 0.0 1.0
pumpkin/seq-07/color/frame-000072.color.png pumpkin/seq-07/color/frame-000073.color.png 0.999982 -0.00548103 0.00244733 -0.00492275 0.0055095 0.999916 -0.0117482 -0.0101478 -0.00238277 0.0117614 0.999928 -0.00265197 0.0 0.0 0.0 1.0
pumpkin/seq-07/color/frame-000073.color.png pumpkin/seq-07/color/frame-000074.color.png 0.99996 -0.00772477 -0.00448757 -0.000795782 0.00766645 0.999888 -0.012871 0.00244375 0.00458641 0.0128361 0.999907 0.0054719 0.0 0.0 0.0 1.0
pumpkin/seq-07/color/frame-000074.color.png pumpkin/seq-07/color/frame-000075.color.png 0.999989 -0.00291006 0.00370555 -0.00356036 0.00294287 0.999956 -0.00888592 -0.00765458 -0.00367949 0.0088967 0.999954 0.00515057 0.0 0.0 0.0 1.0
pumpkin/seq-07/color/frame-000075.color.png pumpkin/seq-07/color/frame-000076.color.png 0.999989 -0.00314613 -0.00335736 -5.12004e-05 0.00312373 0.999973 -0.00664638 -0.000827193 0.00337825 0.00663587 0.999972 -0.000739053 0.0 0.0 0.0 1.0
pumpkin/seq-07/color/frame-000076.color.png pumpkin/seq-07/color/frame-000077.color.png 0.999977 -0.00624824 0.00246826 -0.00593168 0.00626545 0.999956 -0.00702159 -0.0072329 -0.0024243 0.00703687 0.999972 0.00739123 0.0 0.0 0.0 1.0
pumpkin/seq-07/color/frame-000077.color.png pumpkin/seq-07/color/frame-000078.color.png 0.999959 -0.00547482 -0.00725021 -0.00168306 0.00546631 0.999984 -0.00119795 -0.00605011 0.0072567 0.00115828 0.999973 0.00742967 0.0 0.0 0.0 1.0
pumpkin/seq-07/color/frame-000078.color.png pumpkin/seq-07/color/frame-000079.color.png 0.999999 -0.000603611 -0.00137683 0.00051862 0.000589825 0.99995 -0.00993954 -0.00465624 0.0013827 0.00993865 0.99995 -0.00323787 0.0 0.0 0.0 1.0
pumpkin/seq-07/color/frame-000079.color.png pumpkin/seq-07/color/frame-000080.color.png 0.999998 0.00155301 0.00112981 -0.00278962 -0.00154588 0.99998 -0.00619939 -0.00991866 -0.0011395 0.00619766 0.99998 0.00543219 0.0 0.0 0.0 1.0
pumpkin/seq-07/color/frame-000080.color.png pumpkin/seq-07/color/frame-000081.color.png 0.999994 0.00339205 -0.000482451 0.000263333 -0.00339823 0.999904 -0.0134273 -0.00928831 0.000437009 0.0134289 0.99991 -0.00121751 0.0 0.0 0.0 1.0
pumpkin/seq-07/color/frame-000081.color.png pumpkin/seq-07/color/frame-000082.color.png 0.999986 -0.00155321 -0.00501548 -0.00190675 0.00148835 0.999915 -0.0129132 -0.00336711 0.005035 0.0129055 0.999904 0.0153903 0.0 0.0 0.0 1.0
pumpkin/seq-07/color/frame-000082.color.png pumpkin/seq-07/color/frame-000083.color.png 0.999988 -0.00466249 -0.00139336 0.00227958 0.00465221 0.999963 -0.00727259 -0.00180137 0.00142721 0.00726608 0.999973 -0.00793463 0.0 0.0 0.0 1.0
pumpkin/seq-07/color/frame-000083.color.png pumpkin/seq-07/color/frame-000084.color.png 0.999983 0.00218694 0.00544038 -0.00020498 -0.00211484 0.99991 -0.0132216 0.000581488 -0.00546878 0.0132099 0.999898 0.00151353 0.0 0.0 0.0 1.0
pumpkin/seq-07/color/frame-000084.color.png pumpkin/seq-07/color/frame-000085.color.png 0.999877 -0.00222134 0.0155419 -0.0025773 0.0024127 0.999921 -0.0123072 -0.00197454 -0.0155133 0.0123432 0.999803 -0.00397959 0.0 0.0 0.0 1.0
pumpkin/seq-07/color/frame-000085.color.png pumpkin/seq-07/color/frame-000086.color.png 0.999946 0.0012456 0.0103613 -0.00011301 -0.00116062 0.999966 -0.00820564 -0.0029434 -0.0103711 0.00819317 0.999913 -0.00390232 0.0 0.0 0.0 1.0
pumpkin/seq-07/color/frame-000086.color.png pumpkin/seq-07/color/frame-000087.color.png 0.999663 -0.0106806 0.0236768 0.00227571 0.0112461 0.999652 -0.0238852 0.00783056 -0.0234135 0.0241434 0.999434 -0.0379503 0.0 0.0 0.0 1.0
pumpkin/seq-07/color/frame-000087.color.png pumpkin/seq-07/color/frame-000088.color.png 0.999615 -0.0226945 0.0159551 -0.013493 0.0228868 0.999666 -0.0119763 -2.24113e-05 -0.0156779 0.0123369 0.999801 0.00879069 0.0 0.0 0.0 1.0
pumpkin/seq-07/color/frame-000088.color.png pumpkin/seq-07/color/frame-000089.color.png 0.999889 -0.00146377 0.014838 0.00936002 0.00171047 0.99986 -0.0166283 0.00955737 -0.0148116 0.0166518 0.999752 -0.0312649 0.0 0.0 0.0 1.0
pumpkin/seq-07/color/frame-000089.color.png pumpkin/seq-07/color/frame-000090.color.png 0.999862 -0.00455898 0.0159643 -0.00865084 0.00475351 0.999915 -0.0121685 -0.00295928 -0.0159075 0.0122427 0.999799 0.00553314 0.0 0.0 0.0 1.0
pumpkin/seq-07/color/frame-000090.color.png pumpkin/seq-07/color/frame-000091.color.png 0.999978 -0.000356387 0.00659775 0.00433952 0.000392523 0.999985 -0.00548168 0.0039797 -0.00659569 0.00548414 0.999963 -0.0171494 0.0 0.0 0.0 1.0
pumpkin/seq-07/color/frame-000091.color.png pumpkin/seq-07/color/frame-000092.color.png 0.999848 -0.0129654 0.0116085 -0.00961757 0.0130105 0.999908 -0.00381203 -0.0132216 -0.0115581 0.00396245 0.999925 0.0192275 0.0 0.0 0.0 1.0
pumpkin/seq-07/color/frame-000092.color.png pumpkin/seq-07/color/frame-000093.color.png 0.999922 0.000949286 0.0124439 0.00649112 -0.000739345 0.999858 -0.0168588 0.00560284 -0.0124581 0.0168484 0.99978 -0.016594 0.0 0.0 0.0 1.0
pumpkin/seq-07/color/frame-000093.color.png pumpkin/seq-07/color/frame-000094.color.png 0.999964 -0.00541913 0.00660266 -0.00316441 0.00544915 0.999975 -0.00454867 0.00135726 -0.00657779 0.00458446 0.999968 0.00441545 0.0 0.0 0.0 1.0
pumpkin/seq-07/color/frame-000094.color.png pumpkin/seq-07/color/frame-000095.color.png 0.999885 -0.00924356 0.0120141 0.00537264 0.00934289 0.999922 -0.00823276 0.00330442 -0.0119371 0.00834404 0.999894 -0.0193966 0.0 0.0 0.0 1.0
pumpkin/seq-07/color/frame-000095.color.png pumpkin/seq-07/color/frame-000096.color.png 0.999904 -0.00886936 0.0106724 0.00393414 0.00878542 0.99993 0.00788255 -0.00563803 -0.0107415 -0.00778802 0.999912 -0.0137455 0.0 0.0 0.0 1.0
pumpkin/seq-07/color/frame-000096.color.png pumpkin/seq-07/color/frame-000097.color.png 0.999951 -0.0091171 0.00379817 -0.00013566 0.00910318 0.999952 0.00366015 -0.000217795 -0.00383132 -0.00362535 0.999986 -0.0042347 0.0 0.0 0.0 1.0
pumpkin/seq-07/color/frame-000097.color.png pumpkin/seq-07/color/frame-000098.color.png 0.999867 -0.0139958 0.00831903 0.0029884 0.0140404 0.999887 -0.00532736 0.00453803 -0.00824355 0.0054434 0.999951 -0.0163605 0.0 0.0 0.0 1.0
pumpkin/seq-07/color/frame-000098.color.png pumpkin/seq-07/color/frame-000099.color.png 0.999975 -0.00641216 0.00287994 -0.000226557 0.00641825 0.999977 -0.00209612 -0.00759301 -0.00286647 0.00211453 0.999994 0.00618102 0.0 0.0 0.0 1.0
pumpkin/seq-07/color/frame-000099.color.png pumpkin/seq-07/color/frame-000100.color.png 0.999971 -0.0068018 0.00349828 0.0047214 0.00682189 0.99996 -0.0057702 0.00452554 -0.00345891 0.00579388 0.999977 0.00272267 0.0 0.0 0.0 1.0
pumpkin/seq-07/color/frame-000100.color.png pumpkin/seq-07/color/frame-000101.color.png 0.999931 -0.0114087 0.00293797 0.00410873 0.0114082 0.999935 0.000183337 0.00473428 -0.00293981 -0.000149753 0.999996 -0.0127896 0.0 0.0 0.0 1.0
pumpkin/seq-07/color/frame-000101.color.png pumpkin/seq-07/color/frame-000102.color.png 0.999852 -0.0164903 0.00496888 0.00236896 0.016477 0.999861 0.00271408 -0.000297666 -0.00501299 -0.00263184 0.999984 -0.00682409 0.0 0.0 0.0 1.0
pumpkin/seq-07/color/frame-000102.color.png pumpkin/seq-07/color/frame-000103.color.png 0.99992 -0.00772064 0.00997757 0.00883961 0.00770213 0.999969 0.00189164 0.00837934 -0.00999185 -0.00181467 0.999948 -0.0256145 0.0 0.0 0.0 1.0
pumpkin/seq-07/color/frame-000103.color.png pumpkin/seq-07/color/frame-000104.color.png 0.999878 -0.00890307 0.0127988 -0.00531587 0.0089205 0.999959 -0.00130611 0.00676107 -0.0127866 0.00142023 0.999917 0.000298917 0.0 0.0 0.0 1.0
pumpkin/seq-07/color/frame-000104.color.png pumpkin/seq-07/color/frame-000105.color.png 0.999771 -0.0196905 0.00843841 0.000161231 0.0196382 0.999788 0.00623827 -0.00323409 -0.00855949 -0.00607121 0.999945 -0.00391357 0.0 0.0 0.0 1.0
pumpkin/seq-07/color/frame-000105.color.png pumpkin/seq-07/color/frame-000106.color.png 0.99997 -0.00641722 0.00421626 0.00311223 0.0063867 0.999954 0.00721418 0.0039621 -0.00426234 -0.007187 0.999965 -0.0118723 0.0 0.0 0.0 1.0
pumpkin/seq-07/color/frame-000106.color.png pumpkin/seq-07/color/frame-000107.color.png 0.999846 -0.00649386 0.0162948 0.00598627 0.00648981 0.999979 0.000300499 0.00141883 -0.0162964 -0.00019476 0.999867 -0.00841251 0.0 0.0 0.0 1.0
pumpkin/seq-07/color/frame-000107.color.png pumpkin/seq-07/color/frame-000108.color.png 0.999891 -0.00709094 0.0129642 0.000265121 0.00702921 0.999964 0.00479844 0.000790596 -0.0129978 -0.0047067 0.999904 -0.0100626 0.0 0.0 0.0 1.0
pumpkin/seq-07/color/frame-000108.color.png pumpkin/seq-07/color/frame-000109.color.png 0.999973 -0.00132342 0.0072113 -0.000662893 0.00132202 0.999999 0.000197893 0.00119376 -0.00721153 -0.00018838 0.999974 0.00522837 0.0 0.0 0.0 1.0
pumpkin/seq-07/color/frame-000109.color.png pumpkin/seq-07/color/frame-000110.color.png 0.999842 -0.0162738 0.00718957 0.00269446 0.0162318 0.999851 0.00585867 0.00398141 -0.00728385 -0.00574105 0.999957 -0.00966793 0.0 0.0 0.0 1.0
pumpkin/seq-07/color/frame-000110.color.png pumpkin/seq-07/color/frame-000111.color.png 0.999913 -0.0115218 0.00647601 -9.00924e-05 0.0114662 0.999898 0.00856181 0.00243634 -0.006574 -0.00848683 0.999942 -0.00438531 0.0 0.0 0.0 1.0
pumpkin/seq-07/color/frame-000111.color.png pumpkin/seq-07/color/frame-000112.color.png 0.999836 -0.0166298 0.00722971 0.00579819 0.0165733 0.999832 0.00780715 0.0018726 -0.00735832 -0.00768602 0.999943 -0.00838186 0.0 0.0 0.0 1.0
pumpkin/seq-07/color/frame-000112.color.png pumpkin/seq-07/color/frame-000113.color.png 0.999892 -0.00630634 0.0133167 -0.00467262 0.00626686 0.999976 0.00300492 0.00152272 -0.0133353 -0.00292109 0.999907 -0.00595225 0.0 0.0 0.0 1.0
pumpkin/seq-07/color/frame-000113.color.png pumpkin/seq-07/color/frame-000114.color.png 0.999879 -0.00334301 0.0151513 0.0196682 0.0033956 0.999988 -0.00344603 -0.00451559 -0.0151396 0.0034971 0.999879 -0.00189286 0.0 0.0 0.0 1.0
pumpkin/seq-07/color/frame-000114.color.png pumpkin/seq-07/color/frame-000115.color.png 0.999951 -0.00707069 0.00700027 -0.00496349 0.00703028 0.999959 0.0057827 -0.00688225 -0.00704089 -0.00573328 0.999959 -0.00685349 0.0 0.0 0.0 1.0
pumpkin/seq-07/color/frame-000115.color.png pumpkin/seq-07/color/frame-000116.color.png 0.999931 -0.0112714 0.00327403 0.00130573 0.0112598 0.99993 0.00354022 0.00357956 -0.00331371 -0.00350311 0.999988 0.00140452 0.0 0.0 0.0 1.0
pumpkin/seq-07/color/frame-000116.color.png pumpkin/seq-07/color/frame-000117.color.png 0.999905 -0.0133652 0.0033796 0.0171505 0.0133567 0.999908 0.00254412 0.00313571 -0.00341329 -0.00249876 0.999991 -0.00487919 0.0 0.0 0.0 1.0
pumpkin/seq-07/color/frame-000117.color.png pumpkin/seq-07/color/frame-000118.color.png 0.999953 -0.00179375 0.00953381 -0.0116985 0.00182046 0.999994 -0.00279479 0.00267226 -0.00952874 0.00281204 0.999951 0.000335664 0.0 0.0 0.0 1.0
pumpkin/seq-07/color/frame-000118.color.png pumpkin/seq-07/color/frame-000119.color.png 0.999953 0.000204493 0.00966767 0.00686476 -0.000246859 0.99999 0.00438223 -0.0139628 -0.00966667 -0.00438436 0.999944 -0.0129567 0.0 0.0 0.0 1.0
pumpkin/seq-07/color/frame-000119.color.png pumpkin/seq-07/color/frame-000120.color.png 0.999896 -0.00353812 0.0140154 0.0208477 0.00359524 0.999985 -0.00405253 0.00310943 -0.0140009 0.0041025 0.999894 0.00113808 0.0 0.0 0.0 1.0
pumpkin/seq-07/color/frame-000120.color.png pumpkin/seq-07/color/frame-000121.color.png 0.999975 -0.00704903 -0.000783767 0.0114518 0.00705123 0.999971 0.00283942 -0.00401598 0.000763726 -0.00284489 0.999996 -0.0024498 0.0 0.0 0.0 1.0
pumpkin/seq-07/color/frame-000121.color.png pumpkin/seq-07/color/frame-000122.color.png 0.999925 -0.0114636 -0.00438683 0.00680372 0.0114645 0.999934 0.000193153 0.00872701 0.00438434 -0.000243442 0.99999 0.000814036 0.0 0.0 0.0 1.0
pumpkin/seq-07/color/frame-000122.color.png pumpkin/seq-07/color/frame-000123.color.png 0.999867 -0.0152627 0.00573146 -0.0128853 0.0152525 0.999882 0.00182921 0.000625879 -0.00575872 -0.00174163 0.999982 0.00157563 0.0 0.0 0.0 1.0
pumpkin/seq-07/color/frame-000123.color.png pumpkin/seq-07/color/frame-000124.color.png 0.999992 -0.00252498 0.00321306 0.00572515 0.00251725 0.999994 0.00240605 -0.00346968 -0.0032191 -0.00239792 0.999992 -0.00404267 0.0 0.0 0.0 1.0
pumpkin/seq-07/color/frame-000124.color.png pumpkin/seq-07/color/frame-000125.color.png 0.999986 -0.00180176 0.00497343 0.00788513 0.0017778 0.999987 0.00481563 -0.0033769 -0.00498203 -0.00480668 0.999976 -0.00603557 0.0 0.0 0.0 1.0
pumpkin/seq-07/color/frame-000125.color.png pumpkin/seq-07/color/frame-000126.color.png 0.999891 -0.0113285 0.00951115 0.00333306 0.0113184 0.999935 0.00111651 0.0086301 -0.00952318 -0.0010088 0.999954 -0.00759465 0.0 0.0 0.0 1.0
pumpkin/seq-07/color/frame-000126.color.png pumpkin/seq-07/color/frame-000127.color.png 0.999918 -0.0127856 0.00055336 0.00977048 0.0127832 0.99991 0.00403343 0.00551727 -0.000604884 -0.00402607 0.999992 0.00564992 0.0 0.0 0.0 1.0
pumpkin/seq-07/color/frame-000127.color.png pumpkin/seq-07/color/frame-000128.color.png 0.999914 -0.0130299 -0.00132327 0.00131935 0.0130348 0.999908 0.00375595 -0.00127581 0.00127421 -0.00377278 0.999992 0.000284493 0.0 0.0 0.0 1.0
pumpkin/seq-07/color/frame-000128.color.png pumpkin/seq-07/color/frame-000129.color.png 0.999767 -0.0212295 0.00399509 -0.00751898 0.0211971 0.999743 0.00798622 0.00217137 -0.00416361 -0.00789968 0.99996 -0.00400607 0.0 0.0 0.0 1.0
pumpkin/seq-07/color/frame-000129.color.png pumpkin/seq-07/color/frame-000130.color.png 0.999766 -0.00467627 0.0210939 -0.0286359 0.00475764 0.999982 -0.00380944 0.0217744 -0.0210757 0.00390893 0.99977 -0.000674859 0.0 0.0 0.0 1.0
pumpkin/seq-07/color/frame-000130.color.png pumpkin/seq-07/color/frame-000131.color.png 0.999873 -0.00865374 0.0133556 0.00677115 0.00853914 0.999926 0.00861359 -0.013477 -0.0134292 -0.0084985 0.999874 -0.00259523 0.0 0.0 0.0 1.0
pumpkin/seq-07/color/frame-000131.color.png pumpkin/seq-07/color/frame-000132.color.png 0.999988 -0.00222906 -0.00440079 0.0522725 0.00224606 0.99999 0.00385932 -0.00287247 0.00439214 -0.00386912 0.999983 -0.013234 0.0 0.0 0.0 1.0
pumpkin/seq-07/color/frame-000132.color.png pumpkin/seq-07/color/frame-000133.color.png 0.99996 -0.00661388 0.00602026 0.0110591 0.00656145 0.999941 0.00868591 -0.00431627 -0.00607735 -0.0086461 0.999944 -0.00323796 0.0 0.0 0.0 1.0
pumpkin/seq-07/color/frame-000133.color.png pumpkin/seq-07/color/frame-000134.color.png 0.999974 -0.00581988 0.0042142 0.00375214 0.00584405 0.999966 -0.00574455 0.0175809 -0.00418063 0.00576903 0.999975 0.00706822 0.0 0.0 0.0 1.0
pumpkin/seq-07/color/frame-000134.color.png pumpkin/seq-07/color/frame-000135.color.png 0.999959 -0.00216183 0.0087896 -0.00604311 0.00217549 0.999996 -0.00154429 -0.00467652 -0.00878622 0.0015633 0.99996 -0.00182372 0.0 0.0 0.0 1.0
pumpkin/seq-07/color/frame-000135.color.png pumpkin/seq-07/color/frame-000136.color.png 0.999995 0.00216653 0.00222159 0.0190882 -0.00217404 0.999992 0.00338249 -0.0055263 -0.00221426 -0.00338726 0.999992 -0.00224602 0.0 0.0 0.0 1.0
pumpkin/seq-07/color/frame-000136.color.png pumpkin/seq-07/color/frame-000137.color.png 0.999998 7.0164e-06 0.00177992 0.0185574 1.39585e-08 0.999992 -0.00394834 0.0110112 -0.00177993 0.00394829 0.999991 -0.000895232 0.0 0.0 0.0 1.0
pumpkin/seq-07/color/frame-000137.color.png pumpkin/seq-07/color/frame-000138.color.png 0.999993 -0.000975737 0.00366848 -0.00840016 0.000976187 0.999999 -0.000122605 0.0024665 -0.00366836 0.000126226 0.999993 -0.000320926 0.0 0.0 0.0 1.0
pumpkin/seq-07/color/frame-000138.color.png pumpkin/seq-07/color/frame-000139.color.png 0.999995 -0.00298939 -0.00116508 0.0108699 0.00298966 0.999996 0.000225566 -0.00282311 0.0011644 -0.000229093 0.999999 0.00473677 0.0 0.0 0.0 1.0
pumpkin/seq-07/color/frame-000139.color.png pumpkin/seq-07/color/frame-000140.color.png 0.999954 -0.00586458 0.00763021 0.00492458 0.00581653 0.999963 0.00630377 -0.0113657 -0.00766689 -0.00625908 0.999951 -0.0067917 0.0 0.0 0.0 1.0
pumpkin/seq-07/color/frame-000140.color.png pumpkin/seq-07/color/frame-000141.color.png 0.99998 -0.00568121 -0.00269753 0.0107222 0.0056683 0.999972 -0.00477554 0.021723 0.00272458 0.00476008 0.999985 0.0051921 0.0 0.0 0.0 1.0
pumpkin/seq-07/color/frame-000141.color.png pumpkin/seq-07/color/frame-000142.color.png 0.999995 -6.02477e-05 -0.00317992 0.0156685 6.48755e-05 0.999999 0.00145979 -0.00615373 0.00317982 -0.00145992 0.999994 -0.000701383 0.0 0.0 0.0 1.0
pumpkin/seq-07/color/frame-000142.color.png pumpkin/seq-07/color/frame-000143.color.png 0.999827 0.000218188 0.0186029 -0.0380381 -0.000179027 0.999998 -0.00210695 0.00502124 -0.0186033 0.0021032 0.999825 -0.00142346 0.0 0.0 0.0 1.0
pumpkin/seq-07/color/frame-000143.color.png pumpkin/seq-07/color/frame-000144.color.png 0.999959 -0.0055389 0.00720241 0.0195659 0.00556323 0.999979 -0.00336344 0.0131906 -0.00718363 0.00340344 0.999968 -0.00580269 0.0 0.0 0.0 1.0
pumpkin/seq-07/color/frame-000144.color.png pumpkin/seq-07/color/frame-000145.color.png 0.999976 -0.00400206 -0.00567738 0.0170431 0.00402516 0.999984 0.0040647 -0.00534633 0.00566103 -0.00408751 0.999976 0.00247063 0.0 0.0 0.0 1.0
pumpkin/seq-07/color/frame-000145.color.png pumpkin/seq-07/color/frame-000146.color.png 0.999885 0.000576995 -0.0151299 0.0527436 -0.000362101 0.999899 0.0142019 -0.0418648 0.0151366 -0.0141948 0.999785 -0.00299582 0.0 0.0 0.0 1.0
pumpkin/seq-07/color/frame-000146.color.png pumpkin/seq-07/color/frame-000147.color.png 0.999948 -0.00271756 0.00984525 -0.0117798 0.00276094 0.999987 -0.00439519 0.0108459 -0.00983316 0.00442217 0.999942 0.00196341 0.0 0.0 0.0 1.0
pumpkin/seq-07/color/frame-000147.color.png pumpkin/seq-07/color/frame-000148.color.png 0.999999 0.00120286 -0.000535423 0.027902 -0.00120099 0.999993 0.00346498 -0.0114791 0.000539575 -0.00346434 0.999994 0.00354953 0.0 0.0 0.0 1.0
pumpkin/seq-07/color/frame-000148.color.png pumpkin/seq-07/color/frame-000149.color.png 0.999998 0.00145389 0.0016678 0.0252319 -0.00147578 0.999912 0.0132017 -0.0080595 -0.00164847 -0.0132041 0.999911 -0.00630265 0.0 0.0 0.0 1.0
pumpkin/seq-07/color/frame-000149.color.png pumpkin/seq-07/color/frame-000150.color.png 0.999998 0.000359822 -0.00181173 0.00932783 -0.00036163 0.999999 -0.000993268 0.0024159 0.00181137 0.00099393 0.999998 0.00513542 0.0 0.0 0.0 1.0
pumpkin/seq-07/color/frame-000150.color.png pumpkin/seq-07/color/frame-000151.color.png 0.999973 4.00177e-05 0.00736804 -0.00796383 -2.06076e-05 0.999997 -0.00263532 0.0073027 -0.00736812 0.00263509 0.999969 0.00341953 0.0 0.0 0.0 1.0
pumpkin/seq-07/color/frame-000151.color.png pumpkin/seq-07/color/frame-000152.color.png 0.999862 0.00126841 0.0165364 -0.0211056 -0.00129322 0.999998 0.00148978 -0.00787142 -0.0165345 -0.00151096 0.999862 -0.00411376 0.0 0.0 0.0 1.0
pumpkin/seq-07/color/frame-000152.color.png pumpkin/seq-07/color/frame-000153.color.png 0.999919 0.0126908 0.000214496 0.0474768 -0.0126897 0.99991 -0.00437015 0.000887603 -0.000269933 0.00436705 0.99999 0.00414065 0.0 0.0 0.0 1.0
pumpkin/seq-07/color/frame-000153.color.png pumpkin/seq-07/color/frame-000154.color.png 0.999996 -0.00150579 -0.0023767 0.00931749 0.00150847 0.999998 0.00113255 -0.00148508 0.00237497 -0.00113607 0.999996 0.00429802 0.0 0.0 0.0 1.0
pumpkin/seq-07/color/frame-000154.color.png pumpkin/seq-07/color/frame-000155.color.png 0.999995 0.00105475 -0.0028413 0.00974373 -0.0010608 0.999997 -0.00213435 0.00204048 0.00283905 0.0021373 0.999994 0.00309907 0.0 0.0 0.0 1.0
pumpkin/seq-07/color/frame-000155.color.png pumpkin/seq-07/color/frame-000156.color.png 0.999995 0.00172182 0.00249959 -0.00423068 -0.00170288 0.99997 -0.00755592 0.0129917 -0.00251253 0.00755165 0.999968 0.0059115 0.0 0.0 0.0 1.0
pumpkin/seq-07/color/frame-000156.color.png pumpkin/seq-07/color/frame-000157.color.png 0.999971 -0.00705623 0.00292131 -0.00159658 0.00705639 0.999975 -4.5095e-05 -0.00563002 -0.00292089 6.57123e-05 0.999996 0.00321096 0.0 0.0 0.0 1.0
pumpkin/seq-07/color/frame-000157.color.png pumpkin/seq-07/color/frame-000158.color.png 0.999996 -0.000392012 0.00293578 0.00726901 0.000393666 1.0 -0.000563908 -0.00293699 -0.00293557 0.000565037 0.999996 0.00716533 0.0 0.0 0.0 1.0
pumpkin/seq-07/color/frame-000158.color.png pumpkin/seq-07/color/frame-000159.color.png 0.999998 -0.00191747 -0.00109401 0.0175546 0.00191725 0.999998 -0.000218788 0.000652373 0.00109442 0.000216748 0.999999 0.00484663 0.0 0.0 0.0 1.0
pumpkin/seq-07/color/frame-000159.color.png pumpkin/seq-07/color/frame-000160.color.png 0.999988 -0.00427884 0.00248018 0.00332704 0.00429087 0.999979 -0.00486353 0.00931951 -0.00245932 0.00487408 0.999985 0.00493497 0.0 0.0 0.0 1.0
pumpkin/seq-07/color/frame-000160.color.png pumpkin/seq-07/color/frame-000161.color.png 0.99999 -0.000244934 0.00452317 -0.00282582 0.000283808 0.999963 -0.00860002 0.011677 -0.00452088 0.00860124 0.999953 0.00803351 0.0 0.0 0.0 1.0
pumpkin/seq-07/color/frame-000161.color.png pumpkin/seq-07/color/frame-000162.color.png 0.999959 -0.00115316 0.00898416 -0.0086351 0.00114089 0.999998 0.00137157 -0.00449634 -0.00898573 -0.00136126 0.999959 0.00307263 0.0 0.0 0.0 1.0
pumpkin/seq-07/color/frame-000162.color.png pumpkin/seq-07/color/frame-000163.color.png 0.999983 0.00438955 0.00379443 0.0132964 -0.00440721 0.999979 0.00465587 -0.00890902 -0.00377393 -0.00467253 0.999982 0.00333801 0.0 0.0 0.0 1.0
pumpkin/seq-07/color/frame-000163.color.png pumpkin/seq-07/color/frame-000164.color.png 0.999954 -0.00667271 0.00685044 0.0230648 0.0066481 0.999971 0.00361104 -0.00494304 -0.00687434 -0.00356535 0.99997 0.0113816 0.0 0.0 0.0 1.0
pumpkin/seq-07/color/frame-000164.color.png pumpkin/seq-07/color/frame-000165.color.png 0.999998 -0.00192028 0.000761786 0.00329938 0.00192738 0.999954 -0.00944084 0.0157754 -0.000743643 0.00944232 0.999955 0.0137413 0.0 0.0 0.0 1.0
pumpkin/seq-07/color/frame-000165.color.png pumpkin/seq-07/color/frame-000166.color.png 0.999956 0.00795395 0.00489214 0.00331477 -0.00796124 0.999967 0.0014739 -0.0147038 -0.00488026 -0.00151276 0.999987 0.00220427 0.0 0.0 0.0 1.0
pumpkin/seq-07/color/frame-000166.color.png pumpkin/seq-07/color/frame-000167.color.png 0.999924 0.00251098 0.0120938 -0.00344638 -0.00241975 0.999969 -0.00755362 0.0160509 -0.0121124 0.00752379 0.999898 0.00939505 0.0 0.0 0.0 1.0
pumpkin/seq-07/color/frame-000167.color.png pumpkin/seq-07/color/frame-000168.color.png 0.999986 -0.00222543 -0.00484494 0.030644 0.00220906 0.999992 -0.00338299 -0.00834 0.00485242 0.00337229 0.999983 0.00979514 0.0 0.0 0.0 1.0
pumpkin/seq-07/color/frame-000168.color.png pumpkin/seq-07/color/frame-000169.color.png 0.999999 0.000744219 -0.00145055 0.00415086 -0.000746262 0.999999 -0.00141454 -0.0046185 0.00144946 0.00141552 0.999998 0.00470372 0.0 0.0 0.0 1.0
pumpkin/seq-07/color/frame-000169.color.png pumpkin/seq-07/color/frame-000170.color.png 0.999979 0.00234727 -0.0060183 0.0123533 -0.00235719 0.999996 -0.00164058 -0.000978619 0.00601444 0.00165478 0.999981 0.006925 0.0 0.0 0.0 1.0
pumpkin/seq-07/color/frame-000170.color.png pumpkin/seq-07/color/frame-000171.color.png 0.999998 0.00183869 -0.000881915 0.000412688 -0.0018402 0.999997 -0.00170783 0.00043118 0.000878746 0.00170946 0.999998 0.0103678 0.0 0.0 0.0 1.0
pumpkin/seq-07/color/frame-000171.color.png pumpkin/seq-07/color/frame-000172.color.png 0.999969 0.00781815 0.00112556 0.0142477 -0.00780696 0.999923 -0.00962033 0.00875762 -0.00120065 0.00961124 0.999953 0.0233999 0.0 0.0 0.0 1.0
