chess/seq-02/color/frame-000000.color.png chess/seq-02/color/frame-000003.color.png 0.999997 -0.00139946 -0.00178873 0.00116726 0.00141519 0.99996 0.00882086 7.76172e-05 0.00177631 -0.00882337 0.99996 -3.58876e-05 0.0 0.0 0.0 1.0
chess/seq-02/color/frame-000001.color.png chess/seq-02/color/frame-000004.color.png 0.999993 -0.00364172 -0.00121334 0.00205316 0.00364914 0.999974 0.0061692 0.00159684 0.00119084 -0.00617358 0.99998 0.000174072 0.0 0.0 0.0 1.0
chess/seq-02/color/frame-000002.color.png chess/seq-02/color/frame-000005.color.png 0.999988 -0.00455688 0.00168731 0.00379586 0.00453802 0.999929 0.0110185 -7.10166e-05 -0.0017374 -0.0110107 0.999938 0.000581241 0.0 0.0 0.0 1.0
chess/seq-02/color/frame-000003.color.png chess/seq-02/color/frame-000006.color.png 0.999985 -0.00528295 0.00141204 0.00238134 0.00527203 0.999957 0.00762831 0.000153352 -0.00145228 -0.00762076 0.99997 0.000515033 0.0 0.0 0.0 1.0
chess/seq-02/color/frame-000004.color.png chess/seq-02/color/frame-000007.color.png 0.999971 -0.00660773 0.00382836 0.00411838 0.00657699 0.999946 0.00798802 -0.000191898 -0.00388094 -0.00796261 0.999961 0.000734896 0.0 0.0 0.0 1.0
chess/seq-02/color/frame-000005.color.png chess/seq-02/color/frame-000008.color.png 0.999983 -0.00556362 0.00183836 0.00181372 0.00555991 0.999983 0.00201779 0.000899723 -0.00184956 -0.00200754 0.999996 -0.000534588 0.0 0.0 0.0 1.0
chess/seq-02/color/frame-000006.color.png chess/seq-02/color/frame-000009.color.png 0.999997 -0.00224498 9.51463e-05 0.00297952 0.0022447 0.999993 0.00287579 0.00147173 -0.000101602 -0.00287557 0.999996 -0.00192255 0.0 0.0 0.0 1.0
chess/seq-02/color/frame-000007.color.png chess/seq-02/color/frame-000010.color.png 0.999998 -0.000347477 -0.00210561 0.00182839 0.000351673 0.999998 0.00199309 0.00049257 0.00210492 -0.00199383 0.999996 -0.00147832 0.0 0.0 0.0 1.0
chess/seq-02/color/frame-000008.color.png chess/seq-02/color/frame-000011.color.png 0.999992 0.00237962 -0.00333213 0.00268685 -0.00237868 0.999997 0.000285064 0.000529324 0.0033328 -0.000277137 0.999994 -0.00286757 0.0 0.0 0.0 1.0
chess/seq-02/color/frame-000009.color.png chess/seq-02/color/frame-000012.color.png 0.999999 7.92868e-05 -0.00174448 0.00220404 -7.97546e-05 1.0 -0.000268939 -0.000774848 0.00174446 0.000269077 0.999998 -0.00058883 0.0 0.0 0.0 1.0
chess/seq-02/color/frame-000010.color.png chess/seq-02/color/frame-000013.color.png 0.999963 -0.00280579 -0.00809148 0.000474142 0.00278184 0.999992 -0.00296923 -0.00145722 0.00809975 0.00294661 0.999963 -0.00218145 0.0 0.0 0.0 1.0
chess/seq-02/color/frame-000011.color.png chess/seq-02/color/frame-000014.color.png 0.999908 -0.00120465 -0.0135341 0.000947962 0.00116481 0.999995 -0.00295098 -0.00116951 0.0135376 0.00293494 0.999904 -0.00220287 0.0 0.0 0.0 1.0
chess/seq-02/color/frame-000012.color.png chess/seq-02/color/frame-000015.color.png 0.999803 0.000917835 -0.0198086 0.000344552 -0.000950486 0.999998 -0.0016389 -0.000593905 0.019807 0.0016574 0.999803 -0.00284093 0.0 0.0 0.0 1.0
chess/seq-02/color/frame-000013.color.png chess/seq-02/color/frame-000016.color.png 0.999792 0.00456916 -0.019892 -0.000511858 -0.00464257 0.999983 -0.00364564 8.30189e-05 0.019875 0.00373723 0.999795 -0.00232608 0.0 0.0 0.0 1.0
chess/seq-02/color/frame-000014.color.png chess/seq-02/color/frame-000017.color.png 0.999428 0.0134387 -0.0310432 -0.0022469 -0.0135816 0.999898 -0.00439424 0.00187187 0.030981 0.00481334 0.999508 -0.00106097 0.0 0.0 0.0 1.0
chess/seq-02/color/frame-000015.color.png chess/seq-02/color/frame-000018.color.png 0.999395 0.0123556 -0.0324986 -0.00403029 -0.0124968 0.999913 -0.00414673 -0.00118251 0.0324446 0.00455035 0.999463 2.35671e-06 0.0 0.0 0.0 1.0
chess/seq-02/color/frame-000016.color.png chess/seq-02/color/frame-000019.color.png 0.999052 0.0194047 -0.0389561 -0.00570439 -0.0196266 0.999793 -0.00532206 0.000337483 0.0388448 0.0060816 0.999227 -0.002775 0.0 0.0 0.0 1.0
chess/seq-02/color/frame-000017.color.png chess/seq-02/color/frame-000020.color.png 0.997992 0.0328131 -0.0541848 -0.00643131 -0.0331346 0.999438 -0.00504516 0.000179097 0.0539888 0.00683041 0.998518 -0.00472163 0.0 0.0 0.0 1.0
chess/seq-02/color/frame-000018.color.png chess/seq-02/color/frame-000021.color.png 0.997739 0.0362204 -0.0566089 -0.00589243 -0.0365297 0.999323 -0.00443683 0.00119272 0.0564098 0.0064947 0.998387 -0.00525625 0.0 0.0 0.0 1.0
chess/seq-02/color/frame-000019.color.png chess/seq-02/color/frame-000022.color.png 0.995956 0.0543528 -0.0715398 -0.00434662 -0.054635 0.998504 -0.00199212 0.00160552 0.0713245 0.00589264 0.997436 -0.00417403 0.0 0.0 0.0 1.0
chess/seq-02/color/frame-000020.color.png chess/seq-02/color/frame-000023.color.png 0.997445 0.0462276 -0.0544598 -0.0053276 -0.046372 0.998923 -0.00138907 0.000685839 0.054337 0.00391093 0.998515 -0.000173723 0.0 0.0 0.0 1.0
chess/seq-02/color/frame-000021.color.png chess/seq-02/color/frame-000024.color.png 0.995835 0.0517327 -0.0750725 -0.0047258 -0.0521006 0.998637 -0.00294873 0.00110466 0.0748177 0.00684777 0.997174 -0.00074307 0.0 0.0 0.0 1.0
chess/seq-02/color/frame-000022.color.png chess/seq-02/color/frame-000025.color.png 0.997471 0.0365863 -0.0609266 -0.00705242 -0.0368015 0.99932 -0.00241229 0.000205597 0.0607969 0.00464838 0.998139 -0.00165183 0.0 0.0 0.0 1.0
chess/seq-02/color/frame-000023.color.png chess/seq-02/color/frame-000026.color.png 0.996145 0.0383366 -0.0788964 -0.00693689 -0.0388263 0.999235 -0.00468205 -0.000373861 0.0786565 0.00772725 0.996872 -0.000703778 0.0 0.0 0.0 1.0
chess/seq-02/color/frame-000024.color.png chess/seq-02/color/frame-000027.color.png 0.997643 0.0290429 -0.062163 -0.00514841 -0.0296293 0.999525 -0.00853331 0.00153407 0.0618856 0.010355 0.998029 -0.0015331 0.0 0.0 0.0 1.0
chess/seq-02/color/frame-000025.color.png chess/seq-02/color/frame-000028.color.png 0.997 0.0333307 -0.069858 -0.00528278 -0.0339342 0.999396 -0.00746918 0.00101714 0.0695669 0.00981734 0.997529 -0.00337779 0.0 0.0 0.0 1.0
chess/seq-02/color/frame-000026.color.png chess/seq-02/color/frame-000029.color.png 0.998671 0.0213778 -0.0468938 -0.0039057 -0.0215992 0.999758 -0.00422046 0.00122713 0.0467923 0.00522771 0.998891 -0.00470674 0.0 0.0 0.0 1.0
chess/seq-02/color/frame-000027.color.png chess/seq-02/color/frame-000030.color.png 0.998319 0.0240254 -0.0527438 -0.00689081 -0.0243157 0.999692 -0.00486791 -0.000916762 0.0526107 0.00614222 0.998596 -0.00610624 0.0 0.0 0.0 1.0
chess/seq-02/color/frame-000028.color.png chess/seq-02/color/frame-000031.color.png 0.998946 0.0165535 -0.0428049 -0.00429284 -0.0168112 0.999843 -0.00566706 -0.0019188 0.0427043 0.00638069 0.999067 -0.00239889 0.0 0.0 0.0 1.0
chess/seq-02/color/frame-000029.color.png chess/seq-02/color/frame-000032.color.png 0.99853 0.0241744 -0.0485145 -0.00104454 -0.0246331 0.999657 -0.00888046 -0.00155367 0.048283 0.0100625 0.998783 -0.00585185 0.0 0.0 0.0 1.0
chess/seq-02/color/frame-000030.color.png chess/seq-02/color/frame-000033.color.png 0.999255 0.0198726 -0.0330703 0.000475817 -0.0201698 0.999759 -0.00867718 -9.10033e-05 0.0328898 0.00933775 0.999415 -0.00173917 0.0 0.0 0.0 1.0
chess/seq-02/color/frame-000031.color.png chess/seq-02/color/frame-000034.color.png 0.999299 0.0221692 -0.0301877 -0.00106934 -0.0224614 0.999704 -0.00937662 -0.00177774 0.029971 0.0100481 0.9995 -0.00811391 0.0 0.0 0.0 1.0
chess/seq-02/color/frame-000032.color.png chess/seq-02/color/frame-000035.color.png 0.999682 0.0173457 -0.018311 -0.00780325 -0.0174103 0.999843 -0.00336956 -0.00119612 0.0182497 0.00368727 0.999827 -0.00341385 0.0 0.0 0.0 1.0
chess/seq-02/color/frame-000033.color.png chess/seq-02/color/frame-000036.color.png 0.999312 0.0174983 -0.0327131 -0.00520179 -0.0173986 0.999843 0.00332856 0.0023791 0.0327662 -0.00275711 0.999459 -0.00142938 0.0 0.0 0.0 1.0
chess/seq-02/color/frame-000034.color.png chess/seq-02/color/frame-000037.color.png 0.99951 0.0117899 -0.0289999 -0.00340617 -0.0114603 0.999868 0.0115071 0.00181833 0.0291317 -0.0111691 0.999513 0.00405682 0.0 0.0 0.0 1.0
chess/seq-02/color/frame-000035.color.png chess/seq-02/color/frame-000038.color.png 0.999715 0.00938565 -0.0219609 0.00226097 -0.00918174 0.999914 0.00936642 0.0072598 0.0220469 -0.0091621 0.999715 0.00668099 0.0 0.0 0.0 1.0
chess/seq-02/color/frame-000036.color.png chess/seq-02/color/frame-000039.color.png 0.999982 0.00594833 -7.99676e-06 0.00303582 -0.00594823 0.99997 0.00491394 0.000672631 3.72026e-05 -0.0049138 0.999988 0.00675943 0.0 0.0 0.0 1.0
chess/seq-02/color/frame-000037.color.png chess/seq-02/color/frame-000040.color.png 0.999774 -0.000307717 0.0212708 0.00360616 0.000301784 1.0 0.000282028 -0.000465344 -0.0212708 -0.000275548 0.999774 0.00342105 0.0 0.0 0.0 1.0
chess/seq-02/color/frame-000038.color.png chess/seq-02/color/frame-000041.color.png 0.99956 -0.00681631 0.0288542 0.00335841 0.00693581 0.999968 -0.00404437 -0.00101253 -0.0288257 0.00424271 0.999576 0.00480589 0.0 0.0 0.0 1.0
chess/seq-02/color/frame-000039.color.png chess/seq-02/color/frame-000042.color.png 0.998829 -0.0221758 0.0430029 0.00392955 0.0221031 0.999753 0.00216688 -0.00100271 -0.0430403 -0.00121384 0.999072 0.00671182 0.0 0.0 0.0 1.0
chess/seq-02/color/frame-000040.color.png chess/seq-02/color/frame-000043.color.png 0.999025 -0.0284583 0.0337476 0.00974301 0.0282308 0.999576 0.00720238 -0.00154296 -0.0339383 -0.00624264 0.999404 0.00970703 0.0 0.0 0.0 1.0
chess/seq-02/color/frame-000041.color.png chess/seq-02/color/frame-000044.color.png 0.997715 -0.0431047 0.05203 0.00854975 0.0423286 0.998977 0.0159288 -0.00831051 -0.0526635 -0.01369 0.998518 0.0111004 0.0 0.0 0.0 1.0
chess/seq-02/color/frame-000042.color.png chess/seq-02/color/frame-000045.color.png 0.99838 -0.0371621 0.0430963 0.0111273 0.0368529 0.999289 0.00794748 -0.00647643 -0.0433611 -0.00634638 0.999039 0.00564038 0.0 0.0 0.0 1.0
chess/seq-02/color/frame-000043.color.png chess/seq-02/color/frame-000046.color.png 0.996425 -0.0405914 0.0740917 0.00979746 0.0404794 0.999176 0.00301304 -0.0019476 -0.0741529 -3.0825e-06 0.997247 0.0104363 0.0 0.0 0.0 1.0
chess/seq-02/color/frame-000044.color.png chess/seq-02/color/frame-000047.color.png 0.997393 -0.0305081 0.0653927 0.0076292 0.0305467 0.999533 0.000408244 -0.00277611 -0.0653746 0.00159035 0.997859 0.00261076 0.0 0.0 0.0 1.0
chess/seq-02/color/frame-000045.color.png chess/seq-02/color/frame-000048.color.png 0.996253 -0.0390623 0.0771588 0.0155792 0.0390096 0.999236 0.00219104 -0.00478816 -0.0771855 0.000827102 0.997016 0.00206897 0.0 0.0 0.0 1.0
chess/seq-02/color/frame-000046.color.png chess/seq-02/color/frame-000049.color.png 0.997518 -0.0342917 0.0615003 0.00831699 0.0342636 0.999412 0.00151266 -0.00526595 -0.061516 0.000598319 0.998106 0.00262088 0.0 0.0 0.0 1.0
chess/seq-02/color/frame-000047.color.png chess/seq-02/color/frame-000050.color.png 0.996461 -0.0472268 0.0695343 0.0104107 0.0471193 0.998884 0.00318595 -0.0068716 -0.0696072 0.000101728 0.997575 0.00836539 0.0 0.0 0.0 1.0
chess/seq-02/color/frame-000048.color.png chess/seq-02/color/frame-000051.color.png 0.997391 -0.039997 0.0600911 0.00175868 0.0397912 0.999197 0.00461897 -0.00578041 -0.0602276 -0.00221582 0.998182 0.00763611 0.0 0.0 0.0 1.0
chess/seq-02/color/frame-000049.color.png chess/seq-02/color/frame-000052.color.png 0.996529 -0.0408134 0.0725476 0.00853994 0.0408136 0.999166 0.00148029 -0.00457873 -0.0725476 0.00148578 0.997364 0.00964841 0.0 0.0 0.0 1.0
chess/seq-02/color/frame-000050.color.png chess/seq-02/color/frame-000053.color.png 0.997353 -0.0312116 0.0656691 0.00912444 0.0313458 0.999508 -0.0010148 -0.000122026 -0.0656052 0.00307056 0.997841 0.00639034 0.0 0.0 0.0 1.0
chess/seq-02/color/frame-000051.color.png chess/seq-02/color/frame-000054.color.png 0.99516 -0.0341257 0.0921559 0.00816427 0.0339673 0.999418 0.00328727 -0.00466935 -0.0922144 -0.000141068 0.995739 0.0122802 0.0 0.0 0.0 1.0
chess/seq-02/color/frame-000052.color.png chess/seq-02/color/frame-000055.color.png 0.996753 -0.0346201 0.0726956 0.00797661 0.0343184 0.999396 0.00539534 -0.00462993 -0.0728384 -0.00288302 0.997339 0.0064666 0.0 0.0 0.0 1.0
chess/seq-02/color/frame-000053.color.png chess/seq-02/color/frame-000056.color.png 0.997043 -0.0297051 0.0708755 0.00280824 0.0292325 0.999543 0.00769599 -0.007263 -0.0710718 -0.00560136 0.997455 0.00530961 0.0 0.0 0.0 1.0
chess/seq-02/color/frame-000054.color.png chess/seq-02/color/frame-000057.color.png 0.997663 -0.035147 0.0585912 0.0036265 0.0347666 0.999367 0.00750035 -0.00378612 -0.0588177 -0.00544581 0.998254 0.00910107 0.0 0.0 0.0 1.0
chess/seq-02/color/frame-000055.color.png chess/seq-02/color/frame-000058.color.png 0.99785 -0.0347665 0.0555561 0.00539513 0.0343121 0.99937 0.00911271 -0.0044298 -0.0558378 -0.00718687 0.998414 0.0119863 0.0 0.0 0.0 1.0
chess/seq-02/color/frame-000056.color.png chess/seq-02/color/frame-000059.color.png 0.996374 -0.0419325 0.0740332 0.00476473 0.0414042 0.999105 0.00865699 -0.00505308 -0.0743299 -0.00556031 0.997218 0.0133942 0.0 0.0 0.0 1.0
chess/seq-02/color/frame-000057.color.png chess/seq-02/color/frame-000060.color.png 0.99768 -0.0292411 0.0614813 0.00602763 0.0287182 0.999544 0.00937151 -0.00411821 -0.0617273 -0.00758414 0.998064 0.0113874 0.0 0.0 0.0 1.0
chess/seq-02/color/frame-000058.color.png chess/seq-02/color/frame-000061.color.png 0.996352 -0.0363737 0.0771972 0.00262398 0.0354396 0.999281 0.0134354 -0.00758815 -0.0776305 -0.0106505 0.996925 0.012854 0.0 0.0 0.0 1.0
chess/seq-02/color/frame-000059.color.png chess/seq-02/color/frame-000062.color.png 0.998252 -0.0271889 0.0524796 0.00821934 0.0266276 0.999581 0.011366 -0.00567009 -0.0527667 -0.00994868 0.998557 0.00859905 0.0 0.0 0.0 1.0
chess/seq-02/color/frame-000060.color.png chess/seq-02/color/frame-000063.color.png 0.997645 -0.0328062 0.0602263 0.00156771 0.0318871 0.999361 0.0161586 -0.00919655 -0.0607179 -0.0142001 0.998054 0.00806104 0.0 0.0 0.0 1.0
chess/seq-02/color/frame-000061.color.png chess/seq-02/color/frame-000064.color.png 0.99892 -0.0256774 0.0387188 -0.000831366 0.0253174 0.999632 0.00975907 -0.00498358 -0.0389551 -0.00876828 0.999203 0.00719696 0.0 0.0 0.0 1.0
chess/seq-02/color/frame-000062.color.png chess/seq-02/color/frame-000065.color.png 0.998866 -0.0335903 0.0337451 -0.000898328 0.033229 0.999385 0.0112128 -0.00815206 -0.034101 -0.0100788 0.999368 0.0128741 0.0 0.0 0.0 1.0
chess/seq-02/color/frame-000063.color.png chess/seq-02/color/frame-000066.color.png 0.999586 -0.0215469 0.019086 -0.00181832 0.0214865 0.999763 0.00336547 -0.00248437 -0.019154 -0.00295399 0.999812 0.0100319 0.0 0.0 0.0 1.0
chess/seq-02/color/frame-000064.color.png chess/seq-02/color/frame-000067.color.png 0.999807 -0.0172915 0.0092762 -0.000936862 0.0172389 0.999835 0.00571153 -0.00531054 -0.00937342 -0.00555052 0.999941 0.00396985 0.0 0.0 0.0 1.0
chess/seq-02/color/frame-000065.color.png chess/seq-02/color/frame-000068.color.png 0.999976 0.000544867 -0.00693361 -0.0123786 -0.00054646 1.0 -0.000227672 -0.00501756 0.00693348 0.000231457 0.999976 0.000933904 0.0 0.0 0.0 1.0
chess/seq-02/color/frame-000066.color.png chess/seq-02/color/frame-000069.color.png 0.999607 0.00450671 -0.0276862 -0.00787625 -0.00454705 0.999989 -0.00139443 -0.00769163 0.0276795 0.00151977 0.999616 0.00113011 0.0 0.0 0.0 1.0
chess/seq-02/color/frame-000067.color.png chess/seq-02/color/frame-000070.color.png 0.998167 0.0182428 -0.0577044 -0.011485 -0.0189699 0.999747 -0.0120777 -0.00707947 0.0574695 0.0131502 0.998261 -0.00260345 0.0 0.0 0.0 1.0
chess/seq-02/color/frame-000068.color.png chess/seq-02/color/frame-000071.color.png 0.997834 0.0215661 -0.0621421 -0.00526022 -0.0220792 0.999727 -0.00758238 -0.00784529 0.0619617 0.00893801 0.998038 -0.00763781 0.0 0.0 0.0 1.0
chess/seq-02/color/frame-000069.color.png chess/seq-02/color/frame-000072.color.png 0.996643 0.0294984 -0.0763743 -0.0164354 -0.0299029 0.999544 -0.00415838 -0.00839668 0.0762168 0.00642824 0.997071 -0.0121693 0.0 0.0 0.0 1.0
chess/seq-02/color/frame-000070.color.png chess/seq-02/color/frame-000073.color.png 0.997267 0.0220094 -0.0705257 -0.00581663 -0.0216384 0.999748 0.00601931 -0.0101114 0.0706404 -0.00447679 0.997492 -0.0095672 0.0 0.0 0.0 1.0
chess/seq-02/color/frame-000071.color.png chess/seq-02/color/frame-000074.color.png 0.996721 0.0185338 -0.0787645 -0.00028546 -0.0180688 0.999815 0.00661244 -0.00771316 0.0788725 -0.00516758 0.996871 -0.00511047 0.0 0.0 0.0 1.0
chess/seq-02/color/frame-000072.color.png chess/seq-02/color/frame-000075.color.png 0.996103 0.0129044 -0.0872434 0.0061191 -0.0117151 0.999832 0.01413 -0.00907959 0.0874111 -0.0130529 0.996087 -0.00516943 0.0 0.0 0.0 1.0
chess/seq-02/color/frame-000073.color.png chess/seq-02/color/frame-000076.color.png 0.996806 0.0168284 -0.0780678 -0.00475879 -0.0157807 0.999777 0.0140185 -0.00791105 0.0782864 -0.0127417 0.996849 -0.00464118 0.0 0.0 0.0 1.0
chess/seq-02/color/frame-000074.color.png chess/seq-02/color/frame-000077.color.png 0.993989 0.0183234 -0.107933 -0.00462081 -0.0162723 0.999671 0.0198537 -0.0166048 0.108261 -0.017978 0.99396 -0.0153666 0.0 0.0 0.0 1.0
chess/seq-02/color/frame-000075.color.png chess/seq-02/color/frame-000078.color.png 0.996105 0.015655 -0.0867757 -0.0103303 -0.0149672 0.999851 0.00857096 -0.0118491 0.086897 -0.00723878 0.996191 -0.0136166 0.0 0.0 0.0 1.0
chess/seq-02/color/frame-000076.color.png chess/seq-02/color/frame-000079.color.png 0.995469 0.0231937 -0.0922121 -0.00347167 -0.0222589 0.99969 0.0111531 -0.0163447 0.0924422 -0.00905001 0.995677 -0.0128592 0.0 0.0 0.0 1.0
chess/seq-02/color/frame-000077.color.png chess/seq-02/color/frame-000080.color.png 0.995618 0.028526 -0.0890519 -0.000685813 -0.0294001 0.999531 -0.00851825 -0.014941 0.0887671 0.0110991 0.995991 -0.0073235 0.0 0.0 0.0 1.0
chess/seq-02/color/frame-000078.color.png chess/seq-02/color/frame-000081.color.png 0.99546 0.0312933 -0.0898893 0.00526607 -0.0327326 0.999358 -0.0145825 -0.0202504 0.0893752 0.0174586 0.995845 -0.00555982 0.0 0.0 0.0 1.0
chess/seq-02/color/frame-000079.color.png chess/seq-02/color/frame-000082.color.png 0.994407 0.033424 -0.100183 0.00168137 -0.0355868 0.999169 -0.019879 -0.0239119 0.0994358 0.023333 0.99477 -0.0149194 0.0 0.0 0.0 1.0
chess/seq-02/color/frame-000080.color.png chess/seq-02/color/frame-000083.color.png 0.994667 0.0420911 -0.0941638 -0.002278 -0.0434215 0.998983 -0.0121238 -0.0260786 0.0935578 0.0161479 0.995483 -0.019815 0.0 0.0 0.0 1.0
chess/seq-02/color/frame-000081.color.png chess/seq-02/color/frame-000084.color.png 0.994938 0.043866 -0.0904078 -0.00831068 -0.045213 0.998894 -0.0129047 -0.0238515 0.0897418 0.016927 0.995821 -0.0164675 0.0 0.0 0.0 1.0
chess/seq-02/color/frame-000082.color.png chess/seq-02/color/frame-000085.color.png 0.994544 0.037692 -0.0972735 0.00998962 -0.0387677 0.999206 -0.00919242 -0.0284725 0.0968497 0.0129133 0.995215 -0.0138565 0.0 0.0 0.0 1.0
chess/seq-02/color/frame-000083.color.png chess/seq-02/color/frame-000086.color.png 0.997132 0.0332634 -0.0679792 0.00665225 -0.0341891 0.999337 -0.0124993 -0.0330447 0.0675183 0.0147876 0.997608 -0.0181162 0.0 0.0 0.0 1.0
chess/seq-02/color/frame-000084.color.png chess/seq-02/color/frame-000087.color.png 0.997341 0.0317277 -0.065606 0.0165334 -0.0331048 0.999252 -0.0200098 -0.0353883 0.0649221 0.0221284 0.997645 -0.00814164 0.0 0.0 0.0 1.0
chess/seq-02/color/frame-000085.color.png chess/seq-02/color/frame-000088.color.png 0.998557 0.038384 -0.0375512 0.000393288 -0.0400335 0.99822 -0.0442077 -0.0290071 0.0357875 0.0456472 0.998317 -0.0078653 0.0 0.0 0.0 1.0
chess/seq-02/color/frame-000086.color.png chess/seq-02/color/frame-000089.color.png 0.99897 0.0332902 -0.0308308 0.00294262 -0.0347557 0.998229 -0.0482847 -0.0176231 0.0291688 0.0493065 0.998358 0.00497643 0.0 0.0 0.0 1.0
chess/seq-02/color/frame-000087.color.png chess/seq-02/color/frame-000090.color.png 0.99917 0.0343125 -0.0219634 -0.00665163 -0.035388 0.998092 -0.0506081 -0.0298363 0.0201849 0.0513434 0.998477 -0.0128002 0.0 0.0 0.0 1.0
chess/seq-02/color/frame-000088.color.png chess/seq-02/color/frame-000091.color.png 0.999404 0.0224422 -0.0262364 0.00060881 -0.023429 0.999006 -0.0379313 -0.0305648 0.025359 0.0385234 0.998936 -0.00319169 0.0 0.0 0.0 1.0
chess/seq-02/color/frame-000089.color.png chess/seq-02/color/frame-000092.color.png 0.999207 0.019058 -0.0349557 -0.00151059 -0.0204964 0.998938 -0.041264 -0.0276154 0.0341322 0.0419477 0.998536 -0.00735981 0.0 0.0 0.0 1.0
chess/seq-02/color/frame-000090.color.png chess/seq-02/color/frame-000093.color.png 0.999325 0.0117176 -0.0348085 -0.00103291 -0.0125721 0.999622 -0.0244314 -0.0239337 0.034509 0.0248525 0.999095 -0.00401914 0.0 0.0 0.0 1.0
chess/seq-02/color/frame-000091.color.png chess/seq-02/color/frame-000094.color.png 0.999273 0.0138187 -0.0355376 -0.00109337 -0.0148189 0.999497 -0.0280363 -0.0270861 0.0351323 0.0285425 0.998975 -0.00691666 0.0 0.0 0.0 1.0
chess/seq-02/color/frame-000092.color.png chess/seq-02/color/frame-000095.color.png 0.999668 0.0113172 -0.0231474 -0.00227829 -0.0116727 0.999815 -0.015282 -0.0330312 0.0229702 0.0155471 0.999615 -0.00287173 0.0 0.0 0.0 1.0
chess/seq-02/color/frame-000093.color.png chess/seq-02/color/frame-000096.color.png 0.999679 0.00956265 -0.0234493 -9.59672e-05 -0.0102531 0.999512 -0.029502 -0.0351104 0.0231559 0.0297329 0.99929 0.000896662 0.0 0.0 0.0 1.0
chess/seq-02/color/frame-000094.color.png chess/seq-02/color/frame-000097.color.png 0.999904 0.00220677 -0.0136894 -0.000966928 -0.00243363 0.99986 -0.0165778 -0.0336087 0.0136508 0.0166095 0.999769 -0.00200862 0.0 0.0 0.0 1.0
chess/seq-02/color/frame-000095.color.png chess/seq-02/color/frame-000098.color.png 0.999876 0.00393447 -0.0152176 -0.00652933 -0.00423566 0.999795 -0.0198124 -0.0472176 0.0151365 0.0198744 0.999688 -0.00334128 0.0 0.0 0.0 1.0
chess/seq-02/color/frame-000096.color.png chess/seq-02/color/frame-000099.color.png 0.999988 -0.000546817 -0.0048328 -0.010014 0.000460926 0.999842 -0.0177563 -0.0387837 0.00484168 0.0177538 0.999831 -0.00282636 0.0 0.0 0.0 1.0
chess/seq-02/color/frame-000097.color.png chess/seq-02/color/frame-000100.color.png 0.999953 -0.00531915 -0.00815436 -0.00915192 0.00517611 0.999834 -0.0174592 -0.0446782 0.00824587 0.0174162 0.999814 -0.00667951 0.0 0.0 0.0 1.0
chess/seq-02/color/frame-000098.color.png chess/seq-02/color/frame-000101.color.png 0.999922 -0.010886 -0.00606077 -0.00675961 0.0108059 0.999856 -0.0131101 -0.0395015 0.00620263 0.0130436 0.999896 0.00143713 0.0 0.0 0.0 1.0
chess/seq-02/color/frame-000099.color.png chess/seq-02/color/frame-000102.color.png 0.999863 -0.0132881 -0.00988549 0.000710567 0.0131979 0.999871 -0.00912913 -0.0430291 0.0100055 0.0089974 0.999909 -0.000875931 0.0 0.0 0.0 1.0
chess/seq-02/color/frame-000100.color.png chess/seq-02/color/frame-000103.color.png 0.999981 -0.00205782 0.00590885 -0.00246289 0.0022375 0.99953 -0.0305691 -0.0369471 -0.00584311 0.0305817 0.999515 0.0056702 0.0 0.0 0.0 1.0
chess/seq-02/color/frame-000101.color.png chess/seq-02/color/frame-000104.color.png 0.999962 -0.00690823 0.00524916 0.00247539 0.00709879 0.999282 -0.0372031 -0.0276122 -0.00498839 0.0372389 0.999294 0.00655568 0.0 0.0 0.0 1.0
chess/seq-02/color/frame-000102.color.png chess/seq-02/color/frame-000105.color.png 0.999896 -0.00666436 0.0128027 -0.000452505 0.00709108 0.999411 -0.0335789 -0.0271053 -0.0125714 0.0336661 0.999354 0.00439339 0.0 0.0 0.0 1.0
chess/seq-02/color/frame-000103.color.png chess/seq-02/color/frame-000106.color.png 0.999796 -0.018847 0.00726004 0.00190211 0.0189583 0.999699 -0.0155817 -0.020546 -0.00696422 0.0157161 0.999852 0.0028986 0.0 0.0 0.0 1.0
chess/seq-02/color/frame-000104.color.png chess/seq-02/color/frame-000107.color.png 0.999823 -0.0177484 0.0062187 0.00591857 0.0177924 0.999817 -0.00708086 -0.0201177 -0.00609179 0.00719025 0.999955 0.00393822 0.0 0.0 0.0 1.0
chess/seq-02/color/frame-000105.color.png chess/seq-02/color/frame-000108.color.png 0.999743 -0.0142069 0.017644 0.00344046 0.0142285 0.999898 -0.00109615 -0.0510491 -0.0176267 0.00134693 0.999844 0.0036412 0.0 0.0 0.0 1.0
chess/seq-02/color/frame-000106.color.png chess/seq-02/color/frame-000109.color.png 0.999653 -0.0125755 0.0231426 -0.000969167 0.0128462 0.99985 -0.0115858 -0.035909 -0.0229933 0.0118791 0.999665 0.00231547 0.0 0.0 0.0 1.0
chess/seq-02/color/frame-000107.color.png chess/seq-02/color/frame-000110.color.png 0.999593 -0.013391 0.0251755 0.000470599 0.0138224 0.999759 -0.0170422 -0.0312895 -0.0249414 0.0173833 0.999538 0.00210048 0.0 0.0 0.0 1.0
chess/seq-02/color/frame-000108.color.png chess/seq-02/color/frame-000111.color.png 0.999823 -0.0106953 0.0154672 0.0120194 0.0108754 0.999873 -0.011609 -0.0260202 -0.0153411 0.0117752 0.999813 0.00393347 0.0 0.0 0.0 1.0
chess/seq-02/color/frame-000109.color.png chess/seq-02/color/frame-000112.color.png 0.99964 -0.0150435 0.0222096 0.00550376 0.0152156 0.999855 -0.00760125 -0.0219215 -0.0220921 0.00793645 0.999725 -5.66989e-05 0.0 0.0 0.0 1.0
chess/seq-02/color/frame-000110.color.png chess/seq-02/color/frame-000113.color.png 0.99907 -0.0111351 0.0416465 -0.00179576 0.0115329 0.99989 -0.00932325 -0.0466415 -0.0415381 0.00979485 0.999089 0.00252233 0.0 0.0 0.0 1.0
chess/seq-02/color/frame-000111.color.png chess/seq-02/color/frame-000114.color.png 0.99945 -0.0143309 0.0298957 0.0238871 0.0149311 0.999689 -0.0199496 -0.0153847 -0.0296005 0.020385 0.999354 0.00392848 0.0 0.0 0.0 1.0
chess/seq-02/color/frame-000112.color.png chess/seq-02/color/frame-000115.color.png 0.999266 -0.0144341 0.0354915 0.0196907 0.0147648 0.99985 -0.0090709 -0.0329911 -0.0353552 0.00958825 0.999329 0.0113741 0.0 0.0 0.0 1.0
chess/seq-02/color/frame-000113.color.png chess/seq-02/color/frame-000116.color.png 0.999284 -0.0288382 0.0244798 0.0384209 0.0290818 0.99953 -0.00965397 -0.00430921 -0.0241899 0.010359 0.999654 0.00921945 0.0 0.0 0.0 1.0
chess/seq-02/color/frame-000114.color.png chess/seq-02/color/frame-000117.color.png 0.999334 -0.0159478 0.0328329 0.0254921 0.0157809 0.999861 0.0053352 -0.0287471 -0.0329134 -0.00481352 0.999447 -0.00691449 0.0 0.0 0.0 1.0
chess/seq-02/color/frame-000115.color.png chess/seq-02/color/frame-000118.color.png 0.99863 -0.0258242 0.0455043 0.0224917 0.0256748 0.999663 0.00386622 -0.0303057 -0.0455888 -0.00269258 0.998957 0.000924286 0.0 0.0 0.0 1.0
chess/seq-02/color/frame-000116.color.png chess/seq-02/color/frame-000119.color.png 0.998911 -0.0274163 0.0377443 0.0232053 0.0275076 0.99962 -0.00190151 -0.012931 -0.0376778 0.00293771 0.999286 0.00694023 0.0 0.0 0.0 1.0
chess/seq-02/color/frame-000117.color.png chess/seq-02/color/frame-000120.color.png 0.997969 -0.0348958 0.0532994 0.0214909 0.0349295 0.99939 0.00029948 -0.0155202 -0.0532773 0.00156285 0.998578 0.0081955 0.0 0.0 0.0 1.0
chess/seq-02/color/frame-000118.color.png chess/seq-02/color/frame-000121.color.png 0.999027 -0.0258187 0.0357536 0.0229705 0.0258645 0.999665 -0.000818344 -0.009121 -0.0357206 0.00174226 0.99936 0.00753052 0.0 0.0 0.0 1.0
chess/seq-02/color/frame-000119.color.png chess/seq-02/color/frame-000122.color.png 0.998996 -0.0213247 0.039403 0.0239041 0.0211635 0.999766 0.0045039 -0.0128997 -0.0394897 -0.00366548 0.999213 -0.00849994 0.0 0.0 0.0 1.0
chess/seq-02/color/frame-000120.color.png chess/seq-02/color/frame-000123.color.png 0.998693 -0.0222647 0.0459988 0.0245156 0.022248 0.999752 0.000874264 -0.0109303 -0.0460068 0.000150237 0.998941 0.00898025 0.0 0.0 0.0 1.0
chess/seq-02/color/frame-000121.color.png chess/seq-02/color/frame-000124.color.png 0.998562 -0.0194678 0.0499488 0.0264545 0.0192629 0.999804 0.00458212 -0.018168 -0.0500282 -0.00361337 0.998741 0.000925548 0.0 0.0 0.0 1.0
chess/seq-02/color/frame-000122.color.png chess/seq-02/color/frame-000125.color.png 0.997395 -0.0364368 0.062245 0.0112296 0.0367324 0.999318 -0.00361205 -0.00526258 -0.062071 0.00588902 0.998054 0.0189767 0.0 0.0 0.0 1.0
chess/seq-02/color/frame-000123.color.png chess/seq-02/color/frame-000126.color.png 0.998461 -0.0271253 0.0483752 0.000757992 0.0275162 0.999594 -0.00743242 -0.000829488 -0.0481539 0.00875208 0.998802 0.0133017 0.0 0.0 0.0 1.0
chess/seq-02/color/frame-000124.color.png chess/seq-02/color/frame-000127.color.png 0.998926 -0.0265068 0.0380005 0.0236856 0.0266193 0.999643 -0.00245853 -0.0101319 -0.0379217 0.00346743 0.999275 0.0111819 0.0 0.0 0.0 1.0
chess/seq-02/color/frame-000125.color.png chess/seq-02/color/frame-000128.color.png 0.999342 -0.0247863 0.0264718 0.0383399 0.0246938 0.999688 0.00381814 -0.023708 -0.0265582 -0.00316192 0.999642 0.0094304 0.0 0.0 0.0 1.0
chess/seq-02/color/frame-000126.color.png chess/seq-02/color/frame-000129.color.png 0.999558 -0.0250583 0.0159704 0.0471188 0.0250614 0.999686 2.74731e-06 -0.0197433 -0.0159655 0.000397446 0.999873 0.0161632 0.0 0.0 0.0 1.0
chess/seq-02/color/frame-000127.color.png chess/seq-02/color/frame-000130.color.png 0.999224 -0.0325427 0.0221807 0.0390759 0.0325228 0.99947 0.00125694 -0.0195537 -0.0222098 -0.000534622 0.999753 0.00957872 0.0 0.0 0.0 1.0
chess/seq-02/color/frame-000128.color.png chess/seq-02/color/frame-000131.color.png 0.999857 -0.0112465 0.0125979 0.0405879 0.0110672 0.999838 0.0142114 -0.0462022 -0.0127557 -0.01407 0.99982 0.00560186 0.0 0.0 0.0 1.0
chess/seq-02/color/frame-000129.color.png chess/seq-02/color/frame-000132.color.png 0.999219 -0.0306096 0.0249972 0.00433843 0.030567 0.99953 0.00208538 -0.00522071 -0.0250493 -0.00131964 0.999685 0.0107883 0.0 0.0 0.0 1.0
chess/seq-02/color/frame-000130.color.png chess/seq-02/color/frame-000133.color.png 0.999623 -0.0239298 0.0134689 0.0193911 0.0238932 0.99971 0.00287458 -0.00347114 -0.0135338 -0.00255168 0.999905 -0.00314748 0.0 0.0 0.0 1.0
chess/seq-02/color/frame-000131.color.png chess/seq-02/color/frame-000134.color.png 0.999327 -0.0277187 0.0240403 -0.00375134 0.0276398 0.999611 0.00361059 0.0022161 -0.0241311 -0.00294371 0.999704 -0.00265631 0.0 0.0 0.0 1.0
chess/seq-02/color/frame-000132.color.png chess/seq-02/color/frame-000135.color.png 0.999431 -0.0312394 0.0126899 0.0253169 0.0311366 0.999481 0.00822107 -0.00113648 -0.0129401 -0.00782129 0.999886 0.00792857 0.0 0.0 0.0 1.0
chess/seq-02/color/frame-000133.color.png chess/seq-02/color/frame-000136.color.png 0.999778 -0.0200566 0.00639112 0.0309651 0.0199652 0.999702 0.014051 -0.0146503 -0.00667104 -0.0139203 0.999881 0.0206723 0.0 0.0 0.0 1.0
chess/seq-02/color/frame-000134.color.png chess/seq-02/color/frame-000137.color.png 0.999302 -0.0334125 0.0166939 -0.00414906 0.0335417 0.999409 -0.00752288 0.0321884 -0.0164327 0.0080776 0.999832 0.0298797 0.0 0.0 0.0 1.0
chess/seq-02/color/frame-000135.color.png chess/seq-02/color/frame-000138.color.png 0.999867 -0.0161352 0.002408 0.0330495 0.0161023 0.999784 0.0131395 -0.0224271 -0.00261948 -0.013099 0.999911 0.0128514 0.0 0.0 0.0 1.0
chess/seq-02/color/frame-000136.color.png chess/seq-02/color/frame-000139.color.png 0.999861 -0.0158799 -0.00510432 0.0478336 0.0159294 0.999825 0.00981227 -0.010928 0.00494763 -0.0098922 0.999939 0.0208468 0.0 0.0 0.0 1.0
chess/seq-02/color/frame-000137.color.png chess/seq-02/color/frame-000140.color.png 0.999639 -0.0209692 0.0168062 0.0169846 0.020911 0.999775 0.00362864 -0.00287741 -0.0168785 -0.00327592 0.999852 0.0271796 0.0 0.0 0.0 1.0
chess/seq-02/color/frame-000138.color.png chess/seq-02/color/frame-000141.color.png 0.999617 -0.0233919 0.0147536 0.0142094 0.0235608 0.999658 -0.011381 0.0394745 -0.0144823 0.0117242 0.999826 0.0333537 0.0 0.0 0.0 1.0
chess/seq-02/color/frame-000139.color.png chess/seq-02/color/frame-000142.color.png 0.999189 -0.0222063 0.0335766 -0.0272143 0.0222848 0.99975 -0.00196771 0.0156266 -0.0335245 0.00271436 0.999434 0.0259149 0.0 0.0 0.0 1.0
chess/seq-02/color/frame-000140.color.png chess/seq-02/color/frame-000143.color.png 0.999846 -0.0155811 0.00801928 0.0258721 0.015595 0.999877 -0.00167529 0.0162288 -0.00799218 0.0018001 0.999966 0.0201804 0.0 0.0 0.0 1.0
chess/seq-02/color/frame-000141.color.png chess/seq-02/color/frame-000144.color.png 0.999927 -0.00972196 0.00719701 0.0238328 0.00968544 0.99994 0.00509096 -0.00321791 -0.00724607 -0.00502087 0.999961 0.0216187 0.0 0.0 0.0 1.0
chess/seq-02/color/frame-000142.color.png chess/seq-02/color/frame-000145.color.png 0.999767 -0.0201737 0.00760675 0.012355 0.0202807 0.999693 -0.0142578 0.0426086 -0.0073168 0.0144087 0.999869 0.0155928 0.0 0.0 0.0 1.0
chess/seq-02/color/frame-000143.color.png chess/seq-02/color/frame-000146.color.png 0.999808 -0.0149682 -0.012659 0.0357825 0.0150329 0.999874 0.00503345 0.00759017 0.012582 -0.00522277 0.999907 0.0198173 0.0 0.0 0.0 1.0
chess/seq-02/color/frame-000144.color.png chess/seq-02/color/frame-000147.color.png 0.999855 -0.0150834 -0.00784064 0.0195753 0.0151487 0.999851 0.00833301 0.00422144 0.00771375 -0.0084506 0.999935 0.0148338 0.0 0.0 0.0 1.0
chess/seq-02/color/frame-000145.color.png chess/seq-02/color/frame-000148.color.png 0.999882 -0.0135243 -0.00724222 0.0182667 0.0136067 0.999842 0.01146 0.000497937 0.00708612 -0.0115572 0.999908 0.0111524 0.0 0.0 0.0 1.0
chess/seq-02/color/frame-000146.color.png chess/seq-02/color/frame-000149.color.png 0.999991 -0.00420834 0.000645638 0.0170541 0.00420103 0.999932 0.0109091 0.00876707 -0.000691491 -0.0109063 0.99994 0.0132233 0.0 0.0 0.0 1.0
chess/seq-02/color/frame-000147.color.png chess/seq-02/color/frame-000150.color.png 0.999995 7.97129e-05 0.00322323 0.0183824 -0.000106248 0.999966 0.00823853 0.0201513 -0.00322244 -0.00823884 0.999961 0.0128665 0.0 0.0 0.0 1.0
chess/seq-02/color/frame-000148.color.png chess/seq-02/color/frame-000151.color.png 0.999986 0.00451392 0.00269132 0.0243662 -0.00454469 0.999923 0.0115371 0.0229341 -0.00263904 -0.0115491 0.99993 0.0175543 0.0 0.0 0.0 1.0
chess/seq-02/color/frame-000149.color.png chess/seq-02/color/frame-000152.color.png 1.0 -0.000500148 0.000423572 0.0173621 0.000490785 0.999761 0.0218701 0.0251307 -0.000434394 -0.0218699 0.999761 0.0154436 0.0 0.0 0.0 1.0
chess/seq-02/color/frame-000150.color.png chess/seq-02/color/frame-000153.color.png 0.999995 0.00288714 -0.00133343 0.0127147 -0.00284897 0.99961 0.0277896 0.0149295 0.00141313 -0.0277856 0.999613 0.0178333 0.0 0.0 0.0 1.0
chess/seq-02/color/frame-000151.color.png chess/seq-02/color/frame-000154.color.png 0.999996 0.00218655 -0.00163317 0.00729802 -0.0021378 0.999569 0.0292872 0.0141322 0.00169649 -0.0292837 0.99957 0.00999938 0.0 0.0 0.0 1.0
chess/seq-02/color/frame-000152.color.png chess/seq-02/color/frame-000155.color.png 0.999997 -0.000309431 -0.00255653 -0.00112402 0.000354225 0.999846 0.0175445 0.018003 0.0025507 -0.0175454 0.999843 0.0189712 0.0 0.0 0.0 1.0
chess/seq-02/color/frame-000153.color.png chess/seq-02/color/frame-000156.color.png 0.999576 0.0156081 -0.0245814 0.0615489 -0.01492 0.999498 0.0279306 -0.0185106 0.025005 -0.027552 0.999308 -0.00293914 0.0 0.0 0.0 1.0
chess/seq-02/color/frame-000154.color.png chess/seq-02/color/frame-000157.color.png 0.999971 -0.00367801 -0.00662381 -0.00156084 0.0037089 0.999982 0.00465983 0.0211511 0.00660655 -0.00468428 0.999967 0.0148304 0.0 0.0 0.0 1.0
chess/seq-02/color/frame-000155.color.png chess/seq-02/color/frame-000158.color.png 0.999963 0.0054024 -0.0067599 0.00391388 -0.0054059 0.999985 -0.000502531 0.0227692 0.0067571 0.000539048 0.999977 0.00735369 0.0 0.0 0.0 1.0
chess/seq-02/color/frame-000156.color.png chess/seq-02/color/frame-000159.color.png 0.999971 0.00610888 -0.00462001 0.00414917 -0.00608305 0.999966 0.0055844 0.0220119 0.00465396 -0.00555612 0.999974 0.00588754 0.0 0.0 0.0 1.0
chess/seq-02/color/frame-000157.color.png chess/seq-02/color/frame-000160.color.png 0.999147 0.0239335 -0.033646 0.0836193 -0.0229817 0.999333 0.0283947 -0.0248897 0.0343031 -0.0275972 0.99903 0.00545757 0.0 0.0 0.0 1.0
chess/seq-02/color/frame-000158.color.png chess/seq-02/color/frame-000161.color.png 0.999695 0.0231855 -0.0085024 0.0482476 -0.023099 0.999682 0.0101396 0.00852147 0.00873475 -0.00994004 0.999913 0.00799125 0.0 0.0 0.0 1.0
chess/seq-02/color/frame-000159.color.png chess/seq-02/color/frame-000162.color.png 0.999739 0.0185441 0.0133719 -0.0026758 -0.0184836 0.999818 -0.0046373 0.0296045 -0.0134554 0.00438893 0.9999 0.0204907 0.0 0.0 0.0 1.0
chess/seq-02/color/frame-000160.color.png chess/seq-02/color/frame-000163.color.png 0.999713 0.0200467 0.0131147 -0.00208279 -0.0198602 0.999702 -0.0141942 0.0426602 -0.0133953 0.0139297 0.999813 0.0267928 0.0 0.0 0.0 1.0
chess/seq-02/color/frame-000161.color.png chess/seq-02/color/frame-000164.color.png 0.999695 0.0175954 0.0173455 -0.0154828 -0.017577 0.999845 -0.00121444 0.0289793 -0.0173641 0.000909189 0.999849 0.0125832 0.0 0.0 0.0 1.0
chess/seq-02/color/frame-000162.color.png chess/seq-02/color/frame-000165.color.png 0.999854 0.0138987 0.00991047 -0.0128522 -0.0138745 0.999901 -0.00250225 0.0346761 -0.00994425 0.00236439 0.999948 0.0107693 0.0 0.0 0.0 1.0
chess/seq-02/color/frame-000163.color.png chess/seq-02/color/frame-000166.color.png 0.999925 0.00858585 0.00873445 -0.0222317 -0.00863615 0.999946 0.00573876 0.0259142 -0.00868468 -0.00581375 0.999945 0.00189207 0.0 0.0 0.0 1.0
chess/seq-02/color/frame-000164.color.png chess/seq-02/color/frame-000167.color.png 0.999941 0.0104031 -0.00302829 -0.0183322 -0.0103827 0.999924 0.00666431 0.0287183 0.0030974 -0.00663248 0.999973 0.00462903 0.0 0.0 0.0 1.0
chess/seq-02/color/frame-000165.color.png chess/seq-02/color/frame-000168.color.png 0.999932 0.0102199 -0.00561222 -0.0169428 -0.0101825 0.999926 0.00664904 0.0301613 0.00567974 -0.00659144 0.999962 -0.000761539 0.0 0.0 0.0 1.0
chess/seq-02/color/frame-000166.color.png chess/seq-02/color/frame-000169.color.png 0.99979 0.0193226 -0.00680885 -0.0117445 -0.0193029 0.999809 0.00294495 0.0392005 0.00686441 -0.00281292 0.999973 -0.00461468 0.0 0.0 0.0 1.0
chess/seq-02/color/frame-000167.color.png chess/seq-02/color/frame-000170.color.png 0.999888 0.0141875 -0.00480867 -0.0160306 -0.0141456 0.999863 0.00864491 0.0206774 0.00493063 -0.0085759 0.999951 0.002736 0.0 0.0 0.0 1.0
chess/seq-02/color/frame-000168.color.png chess/seq-02/color/frame-000171.color.png 0.999786 0.0203384 -0.00372464 -0.0174885 -0.020293 0.999724 0.0118563 0.0338484 0.00396474 -0.0117782 0.999923 0.00495823 0.0 0.0 0.0 1.0
chess/seq-02/color/frame-000169.color.png chess/seq-02/color/frame-000172.color.png 0.999829 0.0184267 -0.00177167 -0.0228785 -0.0184068 0.999774 0.0106644 0.0301746 0.00196778 -0.0106299 0.999942 0.00266145 0.0 0.0 0.0 1.0
chess/seq-02/color/frame-000170.color.png chess/seq-02/color/frame-000173.color.png 0.999696 0.0246583 -0.000514401 -0.0278957 -0.0246548 0.999678 0.00591261 0.0405953 0.000660035 -0.00589813 0.999982 0.005981 0.0 0.0 0.0 1.0
chess/seq-02/color/frame-000171.color.png chess/seq-02/color/frame-000174.color.png 0.999923 0.0119883 -0.00315654 -0.027362 -0.0120135 0.999895 -0.00807838 0.0516619 0.00305938 0.00811569 0.999962 0.0177832 0.0 0.0 0.0 1.0
chess/seq-02/color/frame-000172.color.png chess/seq-02/color/frame-000175.color.png 0.999829 0.0184876 -0.000414687 -0.0257254 -0.0184886 0.999826 -0.00253866 0.0391991 0.000367718 0.00254589 0.999997 0.00348723 0.0 0.0 0.0 1.0
chess/seq-02/color/frame-000173.color.png chess/seq-02/color/frame-000176.color.png 0.999923 0.0123168 -0.00153397 -0.0214974 -0.0123117 0.999919 0.00328819 0.0288524 0.00157434 -0.00326906 0.999994 0.00232661 0.0 0.0 0.0 1.0
chess/seq-02/color/frame-000174.color.png chess/seq-02/color/frame-000177.color.png 0.999754 0.022118 0.00142554 -0.0239661 -0.0221345 0.999672 0.0128835 0.0353256 -0.00114009 -0.0129119 0.999916 -0.0051323 0.0 0.0 0.0 1.0
chess/seq-02/color/frame-000175.color.png chess/seq-02/color/frame-000178.color.png 0.999728 0.0227091 0.0053492 -0.0302282 -0.0227908 0.999616 0.0157376 0.0390347 -0.00498979 -0.0158552 0.999862 -0.00128779 0.0 0.0 0.0 1.0
chess/seq-02/color/frame-000176.color.png chess/seq-02/color/frame-000179.color.png 0.999682 0.0245958 0.00556018 -0.037403 -0.0247464 0.999276 0.028882 0.0350197 -0.00484579 -0.0290105 0.999567 -0.00176264 0.0 0.0 0.0 1.0
