chess/seq-02/color/frame-000000.color.png chess/seq-02/color/frame-000002.color.png 0.999999 -0.000369502 -0.00148856 -4.87177e-05 0.000377682 0.999985 0.00549859 -0.00016948 0.0014865 -0.00549915 0.999984 0.000166068 0.0 0.0 0.0 1.0
chess/seq-02/color/frame-000001.color.png chess/seq-02/color/frame-000003.color.png 0.999994 -0.0034899 -0.000351096 0.000824216 0.00349142 0.999984 0.00441768 0.000167425 0.000335673 -0.00441888 0.99999 -0.000138716 0.0 0.0 0.0 1.0
chess/seq-02/color/frame-000002.color.png chess/seq-02/color/frame-000004.color.png 0.999999 -0.000862035 -0.000593063 0.00170704 0.000865007 0.999987 0.00503011 0.00154863 0.00058872 -0.00503062 0.999987 3.20009e-05 0.0 0.0 0.0 1.0
chess/seq-02/color/frame-000003.color.png chess/seq-02/color/frame-000005.color.png 0.999993 -0.00329369 0.00167391 0.00297564 0.00328149 0.999968 0.00724472 0.000635251 -0.00169771 -0.00723917 0.999972 0.00091878 0.0 0.0 0.0 1.0
chess/seq-02/color/frame-000004.color.png chess/seq-02/color/frame-000006.color.png 0.999984 -0.00531401 0.00178419 0.00178409 0.00530359 0.999969 0.00579231 -0.000989318 -0.00181491 -0.00578276 0.999982 0.000223431 0.0 0.0 0.0 1.0
chess/seq-02/color/frame-000005.color.png chess/seq-02/color/frame-000007.color.png 0.999993 -0.00352498 0.00130487 0.00235675 0.00352184 0.999991 0.00239743 0.000786134 -0.00131331 -0.00239281 0.999996 0.000372885 0.0 0.0 0.0 1.0
chess/seq-02/color/frame-000006.color.png chess/seq-02/color/frame-000008.color.png 0.999991 -0.00357864 0.00219286 0.00231373 0.00357291 0.99999 0.0026096 -7.12945e-05 -0.00220218 -0.00260174 0.999994 0.000313973 0.0 0.0 0.0 1.0
chess/seq-02/color/frame-000007.color.png chess/seq-02/color/frame-000009.color.png 0.999998 -0.000573052 -0.00178449 0.000148197 0.000574062 1.0 0.000565809 0.000556161 0.00178416 -0.000566831 0.999998 -0.00212572 0.0 0.0 0.0 1.0
chess/seq-02/color/frame-000008.color.png chess/seq-02/color/frame-000010.color.png 0.999996 0.00137305 -0.00252605 0.00197371 -0.00136751 0.999997 0.00219535 0.000689119 0.00252906 -0.00219188 0.999994 -0.00137225 0.0 0.0 0.0 1.0
chess/seq-02/color/frame-000009.color.png chess/seq-02/color/frame-000011.color.png 0.999999 0.00125831 -0.000887093 0.00174479 -0.0012587 0.999999 -0.000440608 -0.000143107 0.000886538 0.000441723 0.999999 -0.00150732 0.0 0.0 0.0 1.0
chess/seq-02/color/frame-000010.color.png chess/seq-02/color/frame-000012.color.png 0.999999 4.09341e-05 -0.00149099 0.00102816 -4.41945e-05 0.999998 -0.00218723 7.49852e-05 0.0014909 0.0021873 0.999997 -0.00153834 0.0 0.0 0.0 1.0
chess/seq-02/color/frame-000011.color.png chess/seq-02/color/frame-000013.color.png 0.999963 -0.00401327 -0.00757611 0.000424855 0.00400768 0.999992 -0.000752903 -0.00189805 0.00757906 0.000722509 0.999971 -0.000728519 0.0 0.0 0.0 1.0
chess/seq-02/color/frame-000012.color.png chess/seq-02/color/frame-000014.color.png 0.999922 -0.000892137 -0.0124623 0.000165676 0.000855602 0.999995 -0.00293659 -0.000980651 0.0124648 0.0029257 0.999918 -0.0031202 0.0 0.0 0.0 1.0
chess/seq-02/color/frame-000013.color.png chess/seq-02/color/frame-000015.color.png 0.999903 0.00385416 -0.0133572 0.000991616 -0.00386439 0.999992 -0.000740512 0.000480517 0.0133542 0.00079206 0.999911 -0.000667319 0.0 0.0 0.0 1.0
chess/seq-02/color/frame-000014.color.png chess/seq-02/color/frame-000016.color.png 0.999897 0.00268373 -0.0141083 -0.000683872 -0.00270525 0.999995 -0.00150604 -0.000223751 0.0141042 0.00154405 0.999899 -8.97949e-05 0.0 0.0 0.0 1.0
chess/seq-02/color/frame-000015.color.png chess/seq-02/color/frame-000017.color.png 0.999629 0.0123331 -0.0243029 -0.00137395 -0.0124637 0.999909 -0.00522657 0.000617856 0.0242362 0.00552753 0.999691 -0.0019904 0.0 0.0 0.0 1.0
chess/seq-02/color/frame-000016.color.png chess/seq-02/color/frame-000018.color.png 0.999601 0.0119506 -0.0255945 -0.00349336 -0.0119965 0.999927 -0.00163795 -1.355e-06 0.025573 0.00194434 0.999671 -0.00230574 0.0 0.0 0.0 1.0
chess/seq-02/color/frame-000017.color.png chess/seq-02/color/frame-000019.color.png 0.999725 0.00834712 -0.0219379 -0.00605615 -0.00843164 0.999957 -0.00376303 0.000240142 0.0219056 0.00394696 0.999752 -0.0013288 0.0 0.0 0.0 1.0
chess/seq-02/color/frame-000018.color.png chess/seq-02/color/frame-000020.color.png 0.99841 0.0287214 -0.0484989 0.000548836 -0.0291149 0.999548 -0.00742651 0.0021246 0.0482637 0.00882675 0.998796 -0.00167749 0.0 0.0 0.0 1.0
chess/seq-02/color/frame-000019.color.png chess/seq-02/color/frame-000021.color.png 0.998549 0.0314494 -0.0437029 -0.00262512 -0.0315126 0.999503 -0.000758828 0.00150371 0.0436574 0.00213492 0.999044 -0.00405365 0.0 0.0 0.0 1.0
chess/seq-02/color/frame-000020.color.png chess/seq-02/color/frame-000022.color.png 0.998696 0.0332939 -0.0386948 -0.00487777 -0.0332953 0.999445 0.000607321 -9.07576e-05 0.0386936 0.000681826 0.999251 -0.0018398 0.0 0.0 0.0 1.0
chess/seq-02/color/frame-000021.color.png chess/seq-02/color/frame-000023.color.png 0.998485 0.0347201 -0.042686 -0.00357701 -0.0348828 0.999387 -0.00307168 -0.000514228 0.0425531 0.00455603 0.999084 0.000599335 0.0 0.0 0.0 1.0
chess/seq-02/color/frame-000022.color.png chess/seq-02/color/frame-000024.color.png 0.998529 0.028448 -0.0461637 -0.00450093 -0.028557 0.999591 -0.00170433 0.000954473 0.0460963 0.00302012 0.998933 -0.00187856 0.0 0.0 0.0 1.0
chess/seq-02/color/frame-000023.color.png chess/seq-02/color/frame-000025.color.png 0.998677 0.0255012 -0.0446562 -0.00636868 -0.0255813 0.999672 -0.0012219 -7.26003e-05 0.0446104 0.00236264 0.999002 -0.00128579 0.0 0.0 0.0 1.0
chess/seq-02/color/frame-000024.color.png chess/seq-02/color/frame-000026.color.png 0.998603 0.0210399 -0.0484731 -0.00332013 -0.0213413 0.999756 -0.00570898 -0.000601911 0.0483411 0.00673549 0.998808 -0.00250419 0.0 0.0 0.0 1.0
chess/seq-02/color/frame-000025.color.png chess/seq-02/color/frame-000027.color.png 0.998598 0.0205522 -0.0487933 -0.00097168 -0.0209149 0.999757 -0.00693316 0.000992014 0.0486391 0.00794395 0.998785 -0.00186783 0.0 0.0 0.0 1.0
chess/seq-02/color/frame-000026.color.png chess/seq-02/color/frame-000028.color.png 0.999196 0.0177129 -0.0359652 -0.00385373 -0.0177984 0.999839 -0.00205657 0.000206018 0.035923 0.00269503 0.999351 -0.00371426 0.0 0.0 0.0 1.0
chess/seq-02/color/frame-000027.color.png chess/seq-02/color/frame-000029.color.png 0.99934 0.0156372 -0.0327964 -0.00294422 -0.0157107 0.999874 -0.00198218 -0.000359643 0.0327613 0.00249613 0.99946 -0.00328977 0.0 0.0 0.0 1.0
chess/seq-02/color/frame-000028.color.png chess/seq-02/color/frame-000030.color.png 0.99945 0.0123056 -0.0308013 -0.00397497 -0.0124496 0.999913 -0.00448973 -0.000949638 0.0307433 0.00487073 0.999515 -0.00243753 0.0 0.0 0.0 1.0
chess/seq-02/color/frame-000029.color.png chess/seq-02/color/frame-000031.color.png 0.999426 0.0117308 -0.0317716 -0.00452332 -0.0118866 0.999918 -0.00472047 -0.00172713 0.0317136 0.00509543 0.999484 -0.00033625 0.0 0.0 0.0 1.0
chess/seq-02/color/frame-000030.color.png chess/seq-02/color/frame-000032.color.png 0.999414 0.017776 -0.0292469 0.00328195 -0.017992 0.999813 -0.00713791 -0.000256846 0.0291145 0.00765994 0.999547 -0.00225595 0.0 0.0 0.0 1.0
chess/seq-02/color/frame-000031.color.png chess/seq-02/color/frame-000033.color.png 0.99968 0.0154369 -0.0200598 0.00028214 -0.0155743 0.999856 -0.00671094 0.000107613 0.0199534 0.0070212 0.999776 -0.0064726 0.0 0.0 0.0 1.0
chess/seq-02/color/frame-000032.color.png chess/seq-02/color/frame-000034.color.png 0.999863 0.0100758 -0.0131543 -0.00485636 -0.0101447 0.999935 -0.00518235 -0.00128915 0.0131012 0.00531509 0.9999 -0.00185172 0.0 0.0 0.0 1.0
chess/seq-02/color/frame-000033.color.png chess/seq-02/color/frame-000035.color.png 0.999786 0.0131853 -0.0159196 -0.00350987 -0.0132491 0.999904 -0.00390819 0.00147874 0.0158665 0.00411827 0.999866 -0.00208152 0.0 0.0 0.0 1.0
chess/seq-02/color/frame-000034.color.png chess/seq-02/color/frame-000036.color.png 0.999731 0.00923211 -0.021293 -0.00511651 -0.00904271 0.999919 0.00897149 0.00112982 0.0213742 -0.00877653 0.999733 -0.00117655 0.0 0.0 0.0 1.0
chess/seq-02/color/frame-000035.color.png chess/seq-02/color/frame-000037.color.png 0.999684 0.00593955 -0.0244076 0.000920573 -0.00563354 0.999905 0.0125873 -0.00100903 0.0244801 -0.0124458 0.999623 0.00193476 0.0 0.0 0.0 1.0
chess/seq-02/color/frame-000036.color.png chess/seq-02/color/frame-000038.color.png 0.999961 0.00451528 -0.00762593 0.00476458 -0.00446894 0.999971 0.00609205 0.00146645 0.00765317 -0.00605772 0.999952 0.0106568 0.0 0.0 0.0 1.0
chess/seq-02/color/frame-000037.color.png chess/seq-02/color/frame-000039.color.png 0.999954 0.00501659 0.00812639 -0.000474047 -0.00501705 0.999987 3.38317e-05 0.00216737 -0.00812616 -7.46078e-05 0.999967 0.00695009 0.0 0.0 0.0 1.0
chess/seq-02/color/frame-000038.color.png chess/seq-02/color/frame-000040.color.png 0.999856 -0.00257599 0.0167688 0.00386552 0.00264332 0.999989 -0.00399085 -8.90652e-05 -0.0167584 0.0040346 0.999851 0.00473476 0.0 0.0 0.0 1.0
chess/seq-02/color/frame-000039.color.png chess/seq-02/color/frame-000041.color.png 0.999681 -0.0069328 0.0242961 0.00296541 0.00701324 0.99997 -0.00322737 -0.0006284 -0.0242729 0.00339673 0.9997 0.00448255 0.0 0.0 0.0 1.0
chess/seq-02/color/frame-000040.color.png chess/seq-02/color/frame-000042.color.png 0.999414 -0.0185547 0.0287744 0.00313419 0.0184398 0.999821 0.00425276 -0.000728434 -0.028848 -0.00371967 0.999577 0.00277765 0.0 0.0 0.0 1.0
chess/seq-02/color/frame-000041.color.png chess/seq-02/color/frame-000043.color.png 0.999375 -0.0232373 0.0266374 0.00546917 0.0231131 0.999721 0.00496263 0.00209779 -0.0267453 -0.00434385 0.999633 0.00725403 0.0 0.0 0.0 1.0
chess/seq-02/color/frame-000042.color.png chess/seq-02/color/frame-000044.color.png 0.999021 -0.0271843 0.0348961 0.00578698 0.026932 0.999608 0.00768114 -0.00425212 -0.0350913 -0.0067338 0.999361 0.00912734 0.0 0.0 0.0 1.0
chess/seq-02/color/frame-000043.color.png chess/seq-02/color/frame-000045.color.png 0.99894 -0.0287597 0.0359327 0.00567098 0.0285648 0.999574 0.00592267 -0.00688921 -0.0360878 -0.00488998 0.999337 0.00127371 0.0 0.0 0.0 1.0
chess/seq-02/color/frame-000044.color.png chess/seq-02/color/frame-000046.color.png 0.998522 -0.0233969 0.0490477 0.0058197 0.0235252 0.999721 -0.00203868 0.00189574 -0.0489863 0.00318952 0.998794 -0.00281732 0.0 0.0 0.0 1.0
chess/seq-02/color/frame-000045.color.png chess/seq-02/color/frame-000047.color.png 0.998391 -0.0229982 0.0518384 0.00816297 0.0228705 0.999734 0.0030558 -0.00309529 -0.0518949 -0.00186531 0.998651 0.00228497 0.0 0.0 0.0 1.0
chess/seq-02/color/frame-000046.color.png chess/seq-02/color/frame-000048.color.png 0.998681 -0.0244979 0.0451319 0.00486477 0.024523 0.999699 -2.94288e-06 -0.00544945 -0.0451182 0.0011097 0.998981 0.0043083 0.0 0.0 0.0 1.0
chess/seq-02/color/frame-000047.color.png chess/seq-02/color/frame-000049.color.png 0.998612 -0.0278124 0.0447318 0.0072284 0.027771 0.999613 0.00154786 -0.00399706 -0.0447576 -0.000303471 0.998998 0.00259152 0.0 0.0 0.0 1.0
chess/seq-02/color/frame-000048.color.png chess/seq-02/color/frame-000050.color.png 0.99864 -0.0320505 0.0411259 0.0065916 0.0318102 0.999473 0.00648422 -0.00590261 -0.0413121 -0.00516718 0.999133 0.00426929 0.0 0.0 0.0 1.0
chess/seq-02/color/frame-000049.color.png chess/seq-02/color/frame-000051.color.png 0.998877 -0.0268872 0.0390202 0.00367829 0.0268987 0.999638 0.000229838 -0.00351596 -0.0390123 0.000820015 0.999238 0.00819673 0.0 0.0 0.0 1.0
chess/seq-02/color/frame-000050.color.png chess/seq-02/color/frame-000052.color.png 0.998557 -0.0188177 0.0503047 0.00291102 0.0190808 0.999807 -0.00475551 0.00130888 -0.0502055 0.0057085 0.998723 0.00979764 0.0 0.0 0.0 1.0
chess/seq-02/color/frame-000051.color.png chess/seq-02/color/frame-000053.color.png 0.998136 -0.0212151 0.0572268 0.00239067 0.0210851 0.999774 0.00287411 -0.00266752 -0.0572748 -0.00166211 0.998357 0.00201603 0.0 0.0 0.0 1.0
chess/seq-02/color/frame-000052.color.png chess/seq-02/color/frame-000054.color.png 0.997964 -0.0259435 0.0582745 0.00224003 0.0258025 0.999662 0.00317166 -0.00361481 -0.0583371 -0.00166158 0.998296 0.0050853 0.0 0.0 0.0 1.0
chess/seq-02/color/frame-000053.color.png chess/seq-02/color/frame-000055.color.png 0.998312 -0.0248468 0.0524862 0.00653278 0.0247859 0.999691 0.00180996 -0.00243856 -0.0525149 -0.000505991 0.99862 0.00616681 0.0 0.0 0.0 1.0
chess/seq-02/color/frame-000054.color.png chess/seq-02/color/frame-000056.color.png 0.99934 -0.0181413 0.0314769 0.00219774 0.0179092 0.999811 0.00764156 -0.00565568 -0.0316096 -0.00707279 0.999475 0.00407579 0.0 0.0 0.0 1.0
chess/seq-02/color/frame-000055.color.png chess/seq-02/color/frame-000057.color.png 0.998906 -0.0255159 0.0391786 0.00455914 0.0252901 0.999661 0.0062498 -0.00476491 -0.0393248 -0.00525214 0.999213 0.0125867 0.0 0.0 0.0 1.0
chess/seq-02/color/frame-000056.color.png chess/seq-02/color/frame-000058.color.png 0.99887 -0.0249041 0.0404794 0.00580306 0.0248003 0.999688 0.00306563 0.000278877 -0.0405431 -0.00205827 0.999176 0.00891002 0.0 0.0 0.0 1.0
chess/seq-02/color/frame-000057.color.png chess/seq-02/color/frame-000059.color.png 0.99847 -0.0258321 0.0488827 0.00125626 0.0255203 0.99965 0.0069909 -0.00355287 -0.0490462 -0.0057327 0.99878 0.00577523 0.0 0.0 0.0 1.0
chess/seq-02/color/frame-000058.color.png chess/seq-02/color/frame-000060.color.png 0.998667 -0.0225677 0.046428 0.00270201 0.0222462 0.999725 0.00743115 -0.00496649 -0.0465829 -0.0063884 0.998894 0.00634175 0.0 0.0 0.0 1.0
chess/seq-02/color/frame-000059.color.png chess/seq-02/color/frame-000061.color.png 0.99891 -0.0199097 0.0422283 0.00481052 0.0196 0.999778 0.0077359 -0.00295763 -0.0423729 -0.00689979 0.999078 0.00865231 0.0 0.0 0.0 1.0
chess/seq-02/color/frame-000060.color.png chess/seq-02/color/frame-000062.color.png 0.99897 -0.0177731 0.0417571 0.00237942 0.0174475 0.999815 0.00815009 -0.00435459 -0.0418942 -0.00741313 0.999095 0.00715221 0.0 0.0 0.0 1.0
chess/seq-02/color/frame-000061.color.png chess/seq-02/color/frame-000063.color.png 0.999228 -0.0198426 0.0339199 -0.00331169 0.0195392 0.999766 0.00925445 -0.00516737 -0.0340956 -0.00858453 0.999382 0.006226 0.0 0.0 0.0 1.0
chess/seq-02/color/frame-000062.color.png chess/seq-02/color/frame-000064.color.png 0.999496 -0.0190113 0.0254391 -0.00159797 0.0187835 0.999781 0.00916256 -0.00580401 -0.0256077 -0.0086801 0.999634 0.00487795 0.0 0.0 0.0 1.0
chess/seq-02/color/frame-000063.color.png chess/seq-02/color/frame-000065.color.png 0.999733 -0.0204248 0.0107868 0.00510089 0.0203631 0.999776 0.00580635 -0.0055464 -0.010903 -0.00558514 0.999925 0.00377255 0.0 0.0 0.0 1.0
chess/seq-02/color/frame-000064.color.png chess/seq-02/color/frame-000066.color.png 0.999848 -0.0134551 0.0111304 2.53059e-05 0.0134246 0.999906 0.0028084 -0.00223396 -0.0111672 -0.00265855 0.999934 0.00382124 0.0 0.0 0.0 1.0
chess/seq-02/color/frame-000065.color.png chess/seq-02/color/frame-000067.color.png 0.999975 -0.00580223 0.00391623 -0.0044162 0.00579419 0.999981 0.00206132 -0.00140644 -0.00392812 -0.00203857 0.99999 0.00222958 0.0 0.0 0.0 1.0
chess/seq-02/color/frame-000066.color.png chess/seq-02/color/frame-000068.color.png 0.999916 3.59511e-06 -0.0129492 -0.00900923 -2.77965e-05 0.999998 -0.00186755 -0.00384201 0.0129492 0.00186777 0.999914 0.000254042 0.0 0.0 0.0 1.0
chess/seq-02/color/frame-000067.color.png chess/seq-02/color/frame-000069.color.png 0.999675 0.0113855 -0.0228165 -0.0105079 -0.0114703 0.999928 -0.00359298 -0.00524018 0.0227739 0.00385352 0.999733 -0.000833493 0.0 0.0 0.0 1.0
chess/seq-02/color/frame-000068.color.png chess/seq-02/color/frame-000070.color.png 0.998806 0.0153335 -0.0463907 -0.00275134 -0.0156894 0.99985 -0.00731681 -0.00632364 0.0462716 0.00803591 0.998897 -0.00342235 0.0 0.0 0.0 1.0
chess/seq-02/color/frame-000069.color.png chess/seq-02/color/frame-000071.color.png 0.998571 0.0169903 -0.0506578 -0.00289451 -0.0173509 0.999827 -0.00668737 -0.00647726 0.0505354 0.00755677 0.998694 -0.00820992 0.0 0.0 0.0 1.0
chess/seq-02/color/frame-000070.color.png chess/seq-02/color/frame-000072.color.png 0.998625 0.0180002 -0.0492391 -0.00714752 -0.0178753 0.999836 0.00297547 -0.00583133 0.0492846 -0.00209122 0.998783 -0.0081795 0.0 0.0 0.0 1.0
chess/seq-02/color/frame-000071.color.png chess/seq-02/color/frame-000073.color.png 0.998528 0.014797 -0.0521768 -0.00641074 -0.0145484 0.999881 0.0051414 -0.00603095 0.0522467 -0.00437474 0.998625 -0.00771093 0.0 0.0 0.0 1.0
chess/seq-02/color/frame-000072.color.png chess/seq-02/color/frame-000074.color.png 0.999089 0.0092202 -0.0416712 -1.11479e-05 -0.00908057 0.999953 0.00353938 -0.00533097 0.0417019 -0.00315776 0.999125 0.000106826 0.0 0.0 0.0 1.0
chess/seq-02/color/frame-000073.color.png chess/seq-02/color/frame-000075.color.png 0.99822 0.0117349 -0.0584777 -0.00388837 -0.0111279 0.999881 0.0106958 -0.0043232 0.0585963 -0.0100261 0.998231 -0.00396441 0.0 0.0 0.0 1.0
chess/seq-02/color/frame-000074.color.png chess/seq-02/color/frame-000076.color.png 0.998273 0.0104847 -0.0578084 -0.00379898 -0.00979704 0.999878 0.0121657 -0.00561218 0.0579289 -0.0115784 0.998254 -0.00550295 0.0 0.0 0.0 1.0
chess/seq-02/color/frame-000075.color.png chess/seq-02/color/frame-000077.color.png 0.99759 0.0101866 -0.0686364 -0.00400199 -0.00981803 0.999936 0.00570497 -0.00947767 0.0686901 -0.00501734 0.997625 -0.00826096 0.0 0.0 0.0 1.0
chess/seq-02/color/frame-000076.color.png chess/seq-02/color/frame-000078.color.png 0.997462 0.0125109 -0.0700881 -0.00414915 -0.0121581 0.999911 0.0054573 -0.00749767 0.0701501 -0.00459132 0.997526 -0.0053585 0.0 0.0 0.0 1.0
chess/seq-02/color/frame-000077.color.png chess/seq-02/color/frame-000079.color.png 0.998805 0.0153364 -0.0464082 0.00111051 -0.0151565 0.999876 0.004227 -0.00657527 0.0464674 -0.00351857 0.998914 0.0010191 0.0 0.0 0.0 1.0
chess/seq-02/color/frame-000078.color.png chess/seq-02/color/frame-000080.color.png 0.997647 0.0194334 -0.0657529 0.000679796 -0.0197716 0.999794 -0.00449665 -0.0208214 0.065652 0.00578611 0.997826 -0.0113771 0.0 0.0 0.0 1.0
chess/seq-02/color/frame-000079.color.png chess/seq-02/color/frame-000081.color.png 0.997621 0.0200702 -0.0659461 0.00269425 -0.0210996 0.999666 -0.0149501 -0.0179795 0.065624 0.016306 0.997711 -0.0131473 0.0 0.0 0.0 1.0
chess/seq-02/color/frame-000080.color.png chess/seq-02/color/frame-000082.color.png 0.997965 0.0272482 -0.0576401 0.0039213 -0.0280299 0.999525 -0.0127966 -0.0101254 0.0572641 0.0143862 0.998255 -0.00788322 0.0 0.0 0.0 1.0
chess/seq-02/color/frame-000081.color.png chess/seq-02/color/frame-000083.color.png 0.996551 0.0301388 -0.0773093 -0.000984302 -0.0309127 0.999483 -0.00883251 -0.0210989 0.0770032 0.0111919 0.996968 -0.00965557 0.0 0.0 0.0 1.0
chess/seq-02/color/frame-000082.color.png chess/seq-02/color/frame-000084.color.png 0.997829 0.019498 -0.062909 -0.000850434 -0.0198522 0.99979 -0.00500961 -0.0199426 0.0627982 0.00624761 0.998007 -0.00825633 0.0 0.0 0.0 1.0
chess/seq-02/color/frame-000083.color.png chess/seq-02/color/frame-000085.color.png 0.998228 0.0216766 -0.055414 0.0106087 -0.0221707 0.99972 -0.0083177 -0.0124755 0.0552182 0.00953152 0.998429 -0.000681457 0.0 0.0 0.0 1.0
chess/seq-02/color/frame-000084.color.png chess/seq-02/color/frame-000086.color.png 0.998422 0.027964 -0.0486986 0.00584159 -0.0290573 0.999338 -0.0218887 -0.0150587 0.0480542 0.0232692 0.998574 -0.00514022 0.0 0.0 0.0 1.0
chess/seq-02/color/frame-000085.color.png chess/seq-02/color/frame-000087.color.png 0.999426 0.0224787 -0.0253646 0.000462596 -0.0230439 0.999488 -0.0222159 -0.0213984 0.0248523 0.0227876 0.999431 -0.00727921 0.0 0.0 0.0 1.0
chess/seq-02/color/frame-000086.color.png chess/seq-02/color/frame-000088.color.png 0.999484 0.0234075 -0.0219858 0.00146127 -0.0240778 0.999238 -0.0307359 -0.0178314 0.0212495 0.0312494 0.999286 -0.00265775 0.0 0.0 0.0 1.0
chess/seq-02/color/frame-000087.color.png chess/seq-02/color/frame-000089.color.png 0.999564 0.0241492 -0.0169759 0.00164781 -0.0246765 0.999197 -0.0315736 -0.0154438 0.0161996 0.0319788 0.999357 -0.00659016 0.0 0.0 0.0 1.0
chess/seq-02/color/frame-000088.color.png chess/seq-02/color/frame-000090.color.png 0.999705 0.019228 -0.0148141 -0.00103733 -0.0196472 0.999395 -0.0286916 -0.0197574 0.0142535 0.0289742 0.999479 -0.00340269 0.0 0.0 0.0 1.0
chess/seq-02/color/frame-000089.color.png chess/seq-02/color/frame-000091.color.png 0.999754 0.0122867 -0.0184461 -0.00178907 -0.0128375 0.999466 -0.0300407 -0.0190911 0.0180672 0.0302701 0.999378 -0.00441917 0.0 0.0 0.0 1.0
chess/seq-02/color/frame-000090.color.png chess/seq-02/color/frame-000092.color.png 0.999633 0.0108606 -0.0248157 -0.000152342 -0.0113951 0.999704 -0.0214985 -0.0167859 0.0245749 0.0217734 0.999461 -0.00578755 0.0 0.0 0.0 1.0
chess/seq-02/color/frame-000091.color.png chess/seq-02/color/frame-000093.color.png 0.999609 0.0109747 -0.0257274 0.000794358 -0.0112775 0.999869 -0.0116537 -0.0209784 0.0255961 0.0119392 0.999601 -0.00292278 0.0 0.0 0.0 1.0
chess/seq-02/color/frame-000092.color.png chess/seq-02/color/frame-000094.color.png 0.999686 0.00675155 -0.0241153 0.00225378 -0.0071135 0.999863 -0.0149553 -0.0219824 0.024011 0.0151221 0.999597 0.00255231 0.0 0.0 0.0 1.0
chess/seq-02/color/frame-000093.color.png chess/seq-02/color/frame-000095.color.png 0.999859 0.00808547 -0.0146959 -0.000127584 -0.00831857 0.999839 -0.015869 -0.0212133 0.0145653 0.015989 0.999766 -0.00183065 0.0 0.0 0.0 1.0
chess/seq-02/color/frame-000094.color.png chess/seq-02/color/frame-000096.color.png 0.999929 0.00631165 -0.0100657 -0.000856207 -0.00643109 0.999909 -0.0118791 -0.0272182 0.00998978 0.011943 0.999879 -0.00256634 0.0 0.0 0.0 1.0
chess/seq-02/color/frame-000095.color.png chess/seq-02/color/frame-000097.color.png 0.999949 0.00367467 -0.00939537 -0.00254424 -0.00381676 0.999878 -0.015151 -0.0265058 0.00933857 0.0151861 0.999841 0.000270866 0.0 0.0 0.0 1.0
chess/seq-02/color/frame-000096.color.png chess/seq-02/color/frame-000098.color.png 0.999947 0.00119864 -0.0101949 -0.00126615 -0.00132573 0.999921 -0.0124679 -0.0244776 0.0101792 0.0124807 0.99987 -0.00124774 0.0 0.0 0.0 1.0
chess/seq-02/color/frame-000097.color.png chess/seq-02/color/frame-000099.color.png 0.999964 -0.00516921 -0.00675603 -0.00191466 0.00506885 0.999878 -0.0147848 -0.0251782 0.00683163 0.01475 0.999868 0.000211388 0.0 0.0 0.0 1.0
chess/seq-02/color/frame-000098.color.png chess/seq-02/color/frame-000100.color.png 0.999935 -0.0105623 -0.00426013 -0.00401357 0.0105229 0.999902 -0.00917709 -0.0254608 0.00435652 0.00913164 0.999949 -0.00286674 0.0 0.0 0.0 1.0
chess/seq-02/color/frame-000099.color.png chess/seq-02/color/frame-000101.color.png 0.999978 -0.00552285 -0.00367655 -0.0103507 0.00551357 0.999982 -0.00251981 -0.0359741 0.0036904 0.00249947 0.99999 -0.00466982 0.0 0.0 0.0 1.0
chess/seq-02/color/frame-000100.color.png chess/seq-02/color/frame-000102.color.png 1.0 -0.000215522 1.60963e-05 -0.00307784 0.000215768 0.999841 -0.0178554 -0.0165324 -1.21682e-05 0.0178554 0.999841 0.00122854 0.0 0.0 0.0 1.0
chess/seq-02/color/frame-000101.color.png chess/seq-02/color/frame-000103.color.png 0.999964 -0.00409268 0.00737612 0.000477718 0.00429181 0.999621 -0.0271826 -0.0210597 -0.00726214 0.0272134 0.999603 0.00501247 0.0 0.0 0.0 1.0
chess/seq-02/color/frame-000102.color.png chess/seq-02/color/frame-000104.color.png 0.999956 -0.00870864 0.00360403 0.00256884 0.00880001 0.999619 -0.0261645 -0.0189915 -0.00337485 0.0261951 0.999651 0.00570509 0.0 0.0 0.0 1.0
chess/seq-02/color/frame-000103.color.png chess/seq-02/color/frame-000105.color.png 0.999964 -0.00718126 0.0044589 0.00421402 0.00725372 0.999838 -0.0164583 -0.0109533 -0.00433997 0.01649 0.999855 0.00114843 0.0 0.0 0.0 1.0
chess/seq-02/color/frame-000104.color.png chess/seq-02/color/frame-000106.color.png 0.999848 -0.0148913 0.00901781 0.000560214 0.0149116 0.999886 -0.00218682 -0.0188742 -0.00898424 0.00232094 0.999957 0.000800505 0.0 0.0 0.0 1.0
chess/seq-02/color/frame-000105.color.png chess/seq-02/color/frame-000107.color.png 0.999907 -0.013275 0.00313534 0.000242479 0.0132718 0.999911 0.00105146 -0.0187132 -0.00314901 -0.00100978 0.999995 0.00154189 0.0 0.0 0.0 1.0
chess/seq-02/color/frame-000106.color.png chess/seq-02/color/frame-000108.color.png 0.999757 0.00242678 0.0218893 -0.00463335 -0.00231668 0.999985 -0.00505391 -0.0416901 -0.0219012 0.00500197 0.999748 -0.0064084 0.0 0.0 0.0 1.0
chess/seq-02/color/frame-000107.color.png chess/seq-02/color/frame-000109.color.png 0.999776 -0.0140025 0.0158937 0.00810523 0.0142018 0.999821 -0.0124951 -0.0211932 -0.0157159 0.012718 0.999795 0.0088799 0.0 0.0 0.0 1.0
chess/seq-02/color/frame-000108.color.png chess/seq-02/color/frame-000110.color.png 0.999893 -0.0120616 0.00821683 0.00249441 0.0121493 0.999869 -0.0107024 -0.00580305 -0.00808659 0.0108011 0.999909 0.00344314 0.0 0.0 0.0 1.0
chess/seq-02/color/frame-000109.color.png chess/seq-02/color/frame-000111.color.png 0.999816 -0.0110703 0.0156719 -0.00124192 0.0112377 0.99988 -0.0106311 -0.0128474 -0.0155524 0.0108053 0.999821 0.00114981 0.0 0.0 0.0 1.0
chess/seq-02/color/frame-000110.color.png chess/seq-02/color/frame-000112.color.png 0.999857 -0.00611779 0.0157476 0.0108055 0.00617292 0.999975 -0.00345633 -0.0209298 -0.015726 0.003553 0.99987 0.00406907 0.0 0.0 0.0 1.0
chess/seq-02/color/frame-000111.color.png chess/seq-02/color/frame-000113.color.png 0.999591 -0.0145437 0.0246366 0.0057865 0.0148894 0.999792 -0.0139059 -0.0155503 -0.0244291 0.014267 0.9996 0.00808847 0.0 0.0 0.0 1.0
chess/seq-02/color/frame-000112.color.png chess/seq-02/color/frame-000114.color.png 0.999579 -0.0139992 0.0254036 0.0100042 0.0143952 0.999777 -0.0154723 -0.01547 -0.0251814 0.0158315 0.999557 0.000839576 0.0 0.0 0.0 1.0
chess/seq-02/color/frame-000113.color.png chess/seq-02/color/frame-000115.color.png 0.999646 -0.00934317 0.0249183 0.00571134 0.00941252 0.999952 -0.00266724 -0.00650641 -0.0248923 0.0029008 0.999686 -0.000968296 0.0 0.0 0.0 1.0
chess/seq-02/color/frame-000114.color.png chess/seq-02/color/frame-000116.color.png 0.999598 -0.0161361 0.0233185 0.0181753 0.0161301 0.99987 0.000447971 -0.0173194 -0.0233227 -7.16702e-05 0.999728 0.00842514 0.0 0.0 0.0 1.0
chess/seq-02/color/frame-000115.color.png chess/seq-02/color/frame-000117.color.png 0.99965 -0.0177679 0.0195829 0.0157209 0.0177776 0.999842 -0.000318246 -0.0130728 -0.0195741 0.000666331 0.999808 0.00721892 0.0 0.0 0.0 1.0
chess/seq-02/color/frame-000116.color.png chess/seq-02/color/frame-000118.color.png 0.999458 -0.0165275 0.0284606 0.0230618 0.0165332 0.999863 3.70831e-05 -0.0154205 -0.0284572 0.000433506 0.999595 -0.00482843 0.0 0.0 0.0 1.0
chess/seq-02/color/frame-000117.color.png chess/seq-02/color/frame-000119.color.png 0.999243 -0.0238407 0.030742 0.0149482 0.0239114 0.999712 -0.00193522 -0.00857058 -0.0306871 0.00266883 0.999525 0.00883383 0.0 0.0 0.0 1.0
chess/seq-02/color/frame-000118.color.png chess/seq-02/color/frame-000120.color.png 0.999296 -0.0220344 0.0303832 0.00912842 0.0219921 0.999757 0.00172287 -0.00421286 -0.0304138 -0.00105352 0.999537 0.00905332 0.0 0.0 0.0 1.0
chess/seq-02/color/frame-000119.color.png chess/seq-02/color/frame-000121.color.png 0.999456 -0.0179995 0.027627 0.0130288 0.017968 0.999838 0.00138552 -0.00751582 -0.0276475 -0.000888341 0.999617 0.00417647 0.0 0.0 0.0 1.0
chess/seq-02/color/frame-000120.color.png chess/seq-02/color/frame-000122.color.png 0.999767 -0.00639609 0.0205999 0.0141959 0.00632704 0.999974 0.00341471 -0.0137774 -0.0206212 -0.00328353 0.999782 -0.00728673 0.0 0.0 0.0 1.0
chess/seq-02/color/frame-000121.color.png chess/seq-02/color/frame-000123.color.png 0.99904 -0.0192787 0.0393484 0.0105409 0.01899 0.99979 0.00769832 -0.0142838 -0.0394885 -0.00694371 0.999196 0.00266741 0.0 0.0 0.0 1.0
chess/seq-02/color/frame-000122.color.png chess/seq-02/color/frame-000124.color.png 0.999012 -0.0218009 0.0387187 0.0112852 0.0219755 0.99975 -0.00408781 4.36306e-05 -0.0386199 0.0049346 0.999242 0.0137844 0.0 0.0 0.0 1.0
chess/seq-02/color/frame-000123.color.png chess/seq-02/color/frame-000125.color.png 0.999406 -0.0168664 0.0300462 0.0190521 0.0169011 0.999857 -0.000899443 -0.00917888 -0.0300267 0.00140673 0.999548 0.0028406 0.0 0.0 0.0 1.0
chess/seq-02/color/frame-000124.color.png chess/seq-02/color/frame-000126.color.png 0.999502 -0.0149078 0.027796 0.022912 0.0149044 0.999889 0.000329404 -0.0139342 -0.0277979 8.50605e-05 0.999614 0.0056376 0.0 0.0 0.0 1.0
chess/seq-02/color/frame-000125.color.png chess/seq-02/color/frame-000127.color.png 0.99969 -0.0156142 0.0194068 0.0105823 0.0156529 0.999876 -0.00184643 -0.00362989 -0.0193755 0.0021496 0.99981 0.00368516 0.0 0.0 0.0 1.0
chess/seq-02/color/frame-000126.color.png chess/seq-02/color/frame-000128.color.png 0.999489 -0.0248323 0.0201054 0.0184238 0.0248194 0.999692 0.000887212 -0.011943 -0.0201212 -0.000387737 0.999797 0.00974886 0.0 0.0 0.0 1.0
chess/seq-02/color/frame-000127.color.png chess/seq-02/color/frame-000129.color.png 0.999764 -0.0172662 0.0131675 0.0287243 0.0172501 0.99985 0.00133477 -0.0171359 -0.0131886 -0.00110729 0.999912 0.00847961 0.0 0.0 0.0 1.0
chess/seq-02/color/frame-000128.color.png chess/seq-02/color/frame-000130.color.png 0.999689 -0.0202732 0.0145579 0.0179333 0.0203121 0.99979 -0.00252619 -0.00368744 -0.0145037 0.0028211 0.999891 0.00621654 0.0 0.0 0.0 1.0
chess/seq-02/color/frame-000129.color.png chess/seq-02/color/frame-000131.color.png 0.999735 -0.0198315 0.0117272 0.0191777 0.0197795 0.999794 0.004532 -0.00950986 -0.0118146 -0.00429887 0.999921 -0.00236964 0.0 0.0 0.0 1.0
chess/seq-02/color/frame-000130.color.png chess/seq-02/color/frame-000132.color.png 0.999933 -0.00884543 0.007407 0.0161122 0.00876792 0.999907 0.010432 -0.0223103 -0.00749858 -0.0103663 0.999918 -0.000822376 0.0 0.0 0.0 1.0
chess/seq-02/color/frame-000131.color.png chess/seq-02/color/frame-000133.color.png 0.999716 -0.0214984 0.0102352 0.0114041 0.0214983 0.999769 0.000119969 0.00512522 -0.0102354 0.00010011 0.999948 0.00573489 0.0 0.0 0.0 1.0
chess/seq-02/color/frame-000132.color.png chess/seq-02/color/frame-000134.color.png 0.999763 -0.0173032 0.0132301 0.00626212 0.0172717 0.999848 0.00249051 0.00292954 -0.0132711 -0.00226143 0.999909 0.00505434 0.0 0.0 0.0 1.0
chess/seq-02/color/frame-000133.color.png chess/seq-02/color/frame-000135.color.png 0.999896 -0.0144032 -0.000543864 0.0357779 0.014409 0.999814 0.0128281 -0.0158715 0.000359004 -0.0128346 0.999918 0.0122683 0.0 0.0 0.0 1.0
chess/seq-02/color/frame-000134.color.png chess/seq-02/color/frame-000136.color.png 0.999738 -0.0224014 0.0047319 0.0148478 0.022374 0.999733 0.00576703 -0.000397354 -0.00485982 -0.00565959 0.999972 0.0126713 0.0 0.0 0.0 1.0
chess/seq-02/color/frame-000135.color.png chess/seq-02/color/frame-000137.color.png 0.99995 -0.0096069 0.00268094 0.016106 0.00959339 0.999941 0.00500712 -0.00428146 -0.00272889 -0.00498114 0.999984 0.00917453 0.0 0.0 0.0 1.0
chess/seq-02/color/frame-000136.color.png chess/seq-02/color/frame-000138.color.png 0.999846 -0.0148825 0.0093025 0.00256276 0.0148415 0.99988 0.004455 -0.00883213 -0.0093677 -0.00431627 0.999947 0.0147197 0.0 0.0 0.0 1.0
chess/seq-02/color/frame-000137.color.png chess/seq-02/color/frame-000139.color.png 0.999958 -0.00916617 -0.000405689 0.0327382 0.00916658 0.999957 0.00101765 0.00380465 0.000396321 -0.00102135 0.999999 0.0154031 0.0 0.0 0.0 1.0
chess/seq-02/color/frame-000138.color.png chess/seq-02/color/frame-000140.color.png 0.999919 -0.00954413 0.00839628 0.0201532 0.0094981 0.99994 0.00550387 -0.00707063 -0.00844829 -0.00542365 0.99995 0.0180263 0.0 0.0 0.0 1.0
chess/seq-02/color/frame-000139.color.png chess/seq-02/color/frame-000141.color.png 0.99988 -0.0134902 0.00760126 0.0191991 0.0134602 0.999901 0.00397802 -0.00102332 -0.00765416 -0.00387521 0.999963 0.01672 0.0 0.0 0.0 1.0
chess/seq-02/color/frame-000140.color.png chess/seq-02/color/frame-000142.color.png 0.999982 -0.00560262 0.00215991 0.0234991 0.00558896 0.999965 0.00628548 -0.000813693 -0.00219505 -0.00627332 0.999978 0.00459585 0.0 0.0 0.0 1.0
chess/seq-02/color/frame-000141.color.png chess/seq-02/color/frame-000143.color.png 0.999963 -0.00641274 0.00567185 0.0203236 0.00639657 0.999976 0.00286711 -0.00290412 -0.00569013 -0.00283073 0.99998 0.0195144 0.0 0.0 0.0 1.0
chess/seq-02/color/frame-000142.color.png chess/seq-02/color/frame-000144.color.png 0.999966 -0.00754098 0.00327212 0.0198272 0.00755033 0.999967 -0.00285518 0.00888532 -0.00325048 0.0028798 0.999991 0.0178976 0.0 0.0 0.0 1.0
chess/seq-02/color/frame-000143.color.png chess/seq-02/color/frame-000145.color.png 0.999845 0.0023804 -0.0174495 0.0514182 -0.00230363 0.999988 0.004419 -0.00495246 0.0174598 -0.00437812 0.999838 0.0148064 0.0 0.0 0.0 1.0
chess/seq-02/color/frame-000144.color.png chess/seq-02/color/frame-000146.color.png 0.999906 -0.0126365 -0.00523845 0.0130402 0.0126769 0.99989 0.00774667 -0.00252724 0.00513994 -0.00781239 0.999956 0.00643887 0.0 0.0 0.0 1.0
chess/seq-02/color/frame-000145.color.png chess/seq-02/color/frame-000147.color.png 0.999927 -0.0106993 -0.00557441 0.0126516 0.0107301 0.999927 0.00552541 0.00473493 0.0055149 -0.00558481 0.999969 0.0133174 0.0 0.0 0.0 1.0
chess/seq-02/color/frame-000146.color.png chess/seq-02/color/frame-000148.color.png 0.999984 -0.00536529 -0.00167479 0.00633824 0.00537185 0.999978 0.0039295 0.00590658 0.00165366 -0.00393841 0.999991 0.012593 0.0 0.0 0.0 1.0
chess/seq-02/color/frame-000147.color.png chess/seq-02/color/frame-000149.color.png 0.999995 -0.00297799 0.000434538 0.0117536 0.00297484 0.99997 0.00708885 0.00864774 -0.000455632 -0.00708751 0.999975 0.0106469 0.0 0.0 0.0 1.0
chess/seq-02/color/frame-000148.color.png chess/seq-02/color/frame-000150.color.png 0.999991 0.00345724 0.0026155 0.01588 -0.00345715 0.999994 -4.43678e-05 0.0271002 -0.00261563 3.53668e-05 0.999996 0.0230128 0.0 0.0 0.0 1.0
chess/seq-02/color/frame-000149.color.png chess/seq-02/color/frame-000151.color.png 0.999987 0.00352735 0.00368181 0.0109576 -0.00356201 0.999949 0.00945122 0.0110609 -0.00364826 -0.00946419 0.999948 0.00334296 0.0 0.0 0.0 1.0
chess/seq-02/color/frame-000150.color.png chess/seq-02/color/frame-000152.color.png 0.999869 0.00115822 -0.016156 0.0532114 -0.000687672 0.999576 0.0291007 -0.00261936 0.0161829 -0.0290859 0.999446 0.00642397 0.0 0.0 0.0 1.0
chess/seq-02/color/frame-000151.color.png chess/seq-02/color/frame-000153.color.png 0.999996 0.0026261 -0.00108319 0.00437421 -0.00260074 0.999737 0.0227989 0.0125744 0.00114274 -0.022796 0.999739 0.00882074 0.0 0.0 0.0 1.0
chess/seq-02/color/frame-000152.color.png chess/seq-02/color/frame-000154.color.png 0.99999 0.00442576 -0.00117973 0.00505567 -0.00440788 0.999882 0.0147423 0.00456247 0.00124483 -0.0147369 0.999891 0.00302359 0.0 0.0 0.0 1.0
chess/seq-02/color/frame-000153.color.png chess/seq-02/color/frame-000155.color.png 0.999989 -0.00397432 -0.00248416 -0.00166643 0.00399864 0.999943 0.00986105 0.0155892 0.00244482 -0.00987086 0.999948 0.0145801 0.0 0.0 0.0 1.0
chess/seq-02/color/frame-000154.color.png chess/seq-02/color/frame-000156.color.png 0.999977 -0.00417281 -0.00526809 -0.000600964 0.00422151 0.999948 0.00927019 0.00866249 0.00522914 -0.00929224 0.999943 0.00757707 0.0 0.0 0.0 1.0
chess/seq-02/color/frame-000155.color.png chess/seq-02/color/frame-000157.color.png 0.999985 0.00110991 -0.00541777 0.00207919 -0.00111144 0.999999 -0.000275957 0.00890368 0.00541745 0.000281979 0.999985 0.00545162 0.0 0.0 0.0 1.0
chess/seq-02/color/frame-000156.color.png chess/seq-02/color/frame-000158.color.png 0.999974 0.00376777 -0.00607363 0.00497082 -0.00379721 0.999981 -0.00484367 0.0263957 0.00605528 0.00486663 0.99997 0.00913605 0.0 0.0 0.0 1.0
chess/seq-02/color/frame-000157.color.png chess/seq-02/color/frame-000159.color.png 0.999977 0.0056707 -0.00364155 0.00511333 -0.00565826 0.999978 0.00340494 0.0231546 0.00366077 -0.00338426 0.999988 0.00492203 0.0 0.0 0.0 1.0
chess/seq-02/color/frame-000158.color.png chess/seq-02/color/frame-000160.color.png 0.999985 0.00480982 0.00243082 -0.00119624 -0.00482906 0.999957 0.00796966 0.0106085 -0.00239237 -0.00798128 0.999965 0.00781327 0.0 0.0 0.0 1.0
chess/seq-02/color/frame-000159.color.png chess/seq-02/color/frame-000161.color.png 0.999819 0.0145426 0.0122737 -0.00665501 -0.0145293 0.999894 -0.00117374 0.0162466 -0.0122894 0.000995197 0.999924 0.0106923 0.0 0.0 0.0 1.0
chess/seq-02/color/frame-000160.color.png chess/seq-02/color/frame-000162.color.png 0.999849 0.0155148 0.00788091 0.00295219 -0.0154659 0.999861 -0.00623327 0.0255154 -0.00797655 0.00611042 0.99995 0.00377142 0.0 0.0 0.0 1.0
chess/seq-02/color/frame-000161.color.png chess/seq-02/color/frame-000163.color.png 0.999896 0.0105167 0.00991455 -0.00641346 -0.010476 0.999936 -0.00414756 0.020417 -0.00995754 0.0040433 0.999942 0.00952739 0.0 0.0 0.0 1.0
chess/seq-02/color/frame-000162.color.png chess/seq-02/color/frame-000164.color.png 0.999892 0.0107359 0.0100793 -0.0115 -0.010699 0.999936 -0.0037093 0.0277872 -0.0101185 0.00360111 0.999942 0.0170672 0.0 0.0 0.0 1.0
chess/seq-02/color/frame-000163.color.png chess/seq-02/color/frame-000165.color.png 0.999946 0.00856872 0.0058892 -0.011348 -0.00855699 0.999961 -0.00201267 0.0271466 -0.00590621 0.00196216 0.999981 0.00973415 0.0 0.0 0.0 1.0
chess/seq-02/color/frame-000164.color.png chess/seq-02/color/frame-000166.color.png 0.999994 0.00309025 -0.00145104 -0.00642166 -0.00308692 0.999993 0.00228881 0.0173201 0.00145808 -0.00228434 0.999996 -0.000162333 0.0 0.0 0.0 1.0
chess/seq-02/color/frame-000165.color.png chess/seq-02/color/frame-000167.color.png 0.999959 0.00857456 -0.0028159 -0.0148277 -0.00855234 0.999933 0.00780532 0.0176684 0.00288263 -0.00778092 0.999966 -0.000859991 0.0 0.0 0.0 1.0
chess/seq-02/color/frame-000166.color.png chess/seq-02/color/frame-000168.color.png 0.999957 0.00836508 -0.00402583 -0.0150045 -0.00835179 0.99996 0.00330425 0.0232233 0.00405331 -0.0032705 0.999986 0.00205442 0.0 0.0 0.0 1.0
chess/seq-02/color/frame-000167.color.png chess/seq-02/color/frame-000169.color.png 0.999958 0.00819602 -0.00399917 -0.00752932 -0.00818995 0.999965 0.00152935 0.0194389 0.00401156 -0.00149654 0.999991 0.00147538 0.0 0.0 0.0 1.0
chess/seq-02/color/frame-000168.color.png chess/seq-02/color/frame-000170.color.png 0.999932 0.0106478 -0.00468183 -0.00857988 -0.0106246 0.999931 0.00497052 0.0192074 0.00473445 -0.00492041 0.999977 0.00167488 0.0 0.0 0.0 1.0
chess/seq-02/color/frame-000169.color.png chess/seq-02/color/frame-000171.color.png 0.999861 0.0166068 -0.00116859 -0.015203 -0.0165952 0.999819 0.00932641 0.0241069 0.00132328 -0.00930573 0.999956 0.00597794 0.0 0.0 0.0 1.0
chess/seq-02/color/frame-000170.color.png chess/seq-02/color/frame-000172.color.png 0.99991 0.0133189 0.00157483 -0.0204617 -0.0133303 0.999884 0.00742928 0.0204121 -0.00147573 -0.00744961 0.999971 0.00326946 0.0 0.0 0.0 1.0
chess/seq-02/color/frame-000171.color.png chess/seq-02/color/frame-000173.color.png 0.999941 0.0108311 0.000218207 -0.025815 -0.0108304 0.999937 -0.00304043 0.03081 -0.000251126 0.00303791 0.999995 -0.000295192 0.0 0.0 0.0 1.0
chess/seq-02/color/frame-000172.color.png chess/seq-02/color/frame-000174.color.png 0.999881 0.0154287 0.000783563 -0.0183934 -0.0154279 0.999881 -0.000932981 0.0277641 -0.000797849 0.000920771 0.999999 0.00363337 0.0 0.0 0.0 1.0
chess/seq-02/color/frame-000173.color.png chess/seq-02/color/frame-000175.color.png 0.999979 0.00639807 0.0012533 -0.0171073 -0.00639798 0.99998 -7.78563e-05 0.0177446 -0.00125378 6.98217e-05 0.999999 -0.00110084 0.0 0.0 0.0 1.0
chess/seq-02/color/frame-000174.color.png chess/seq-02/color/frame-000176.color.png 0.999964 0.00777142 -0.00344635 -0.0149575 -0.00777139 0.99997 2.33793e-05 0.0259854 0.00344641 3.4118e-06 0.999994 0.00740027 0.0 0.0 0.0 1.0
chess/seq-02/color/frame-000175.color.png chess/seq-02/color/frame-000177.color.png 0.99984 0.0178508 0.00146428 -0.0167921 -0.0178683 0.999757 0.0128935 0.0250892 -0.00123377 -0.0129175 0.999916 -0.000653476 0.0 0.0 0.0 1.0
