chess/seq-02/color/frame-000000.color.png chess/seq-02/color/frame-000001.color.png 0.999997 0.00223237 -0.000986886 -0.000202005 -0.00222804 0.999988 0.00437544 -9.56552e-05 0.000996642 -0.00437323 0.99999 -0.000255808 0.0 0.0 0.0 1.0
chess/seq-02/color/frame-000001.color.png chess/seq-02/color/frame-000002.color.png 0.999996 -0.00257103 -0.00058571 0.000366907 0.00257166 0.999996 0.00108186 2.97447e-05 0.000582926 -0.00108336 0.999999 0.000328246 0.0 0.0 0.0 1.0
chess/seq-02/color/frame-000002.color.png chess/seq-02/color/frame-000003.color.png 1.0 -0.00101577 -6.48739e-05 0.00075487 0.00101599 0.999994 0.00340578 4.27931e-05 6.14141e-05 -0.00340584 0.999994 -6.28599e-05 0.0 0.0 0.0 1.0
chess/seq-02/color/frame-000003.color.png chess/seq-02/color/frame-000004.color.png 1.0 3.09137e-05 -0.000426076 0.00071161 -3.01344e-05 0.999998 0.00182884 0.00120423 0.000426131 -0.00182883 0.999998 3.6436e-05 0.0 0.0 0.0 1.0
chess/seq-02/color/frame-000004.color.png chess/seq-02/color/frame-000005.color.png 0.999989 -0.00392864 0.00271037 0.00143266 0.00391282 0.999975 0.00581944 -0.00106368 -0.00273316 -0.00580877 0.999979 0.000692093 0.0 0.0 0.0 1.0
chess/seq-02/color/frame-000005.color.png chess/seq-02/color/frame-000006.color.png 0.999999 -0.00129931 -0.000927962 0.000342694 0.00129928 0.999999 -3.08252e-05 0.000132308 0.000928001 2.96186e-05 1.0 -0.000213643 0.0 0.0 0.0 1.0
chess/seq-02/color/frame-000006.color.png chess/seq-02/color/frame-000007.color.png 0.999996 -0.00186114 0.00206281 0.00221399 0.00185603 0.999995 0.00247784 0.000674646 -0.00206741 -0.002474 0.999995 -0.000379796 0.0 0.0 0.0 1.0
chess/seq-02/color/frame-000007.color.png chess/seq-02/color/frame-000008.color.png 0.999999 -0.00161643 0.0001624 9.54508e-05 0.00161644 0.999999 -8.41253e-05 -0.000447665 -0.000162264 8.43897e-05 1.0 0.000585066 0.0 0.0 0.0 1.0
chess/seq-02/color/frame-000008.color.png chess/seq-02/color/frame-000009.color.png 0.999997 0.00101843 -0.00230261 0.000802905 -0.0010176 0.999999 0.000360232 0.0013386 0.00230297 -0.00035789 0.999997 -0.00198489 0.0 0.0 0.0 1.0
chess/seq-02/color/frame-000009.color.png chess/seq-02/color/frame-000010.color.png 1.0 0.000354194 -0.000189718 0.00113489 -0.000353883 0.999999 0.00164212 -0.000489656 0.000190299 -0.00164205 0.999999 0.000204959 0.0 0.0 0.0 1.0
chess/seq-02/color/frame-000010.color.png chess/seq-02/color/frame-000011.color.png 1.0 0.000295898 -0.00103466 0.000993658 -0.00029793 0.999998 -0.001964 0.000134264 0.00103407 0.00196431 0.999997 -0.00138664 0.0 0.0 0.0 1.0
chess/seq-02/color/frame-000011.color.png chess/seq-02/color/frame-000012.color.png 1.0 -0.00030078 -0.000463966 4.68427e-05 0.00030085 1.0 0.00014404 -0.00055069 0.000463923 -0.000144184 1.0 0.00018271 0.0 0.0 0.0 1.0
chess/seq-02/color/frame-000012.color.png chess/seq-02/color/frame-000013.color.png 0.999976 -0.0027743 -0.00635712 -0.000670392 0.00276858 0.999996 -0.000907698 -0.00142607 0.00635961 0.000890079 0.999979 -0.000635587 0.0 0.0 0.0 1.0
chess/seq-02/color/frame-000013.color.png chess/seq-02/color/frame-000014.color.png 0.999978 0.00198493 -0.00633805 0.00103908 -0.00199843 0.999996 -0.00212461 0.000528144 0.0063338 0.00213722 0.999978 -0.00202546 0.0 0.0 0.0 1.0
chess/seq-02/color/frame-000014.color.png chess/seq-02/color/frame-000015.color.png 0.999976 0.00133437 -0.0068729 -0.000391121 -0.00132438 0.999998 0.00145766 6.06997e-05 0.00687483 -0.00144852 0.999975 6.38091e-05 0.0 0.0 0.0 1.0
chess/seq-02/color/frame-000015.color.png chess/seq-02/color/frame-000016.color.png 0.999973 0.00119095 -0.00727281 -4.3137e-05 -0.00121361 0.999994 -0.00311241 -2.45407e-05 0.00726907 0.00312115 0.999969 6.87968e-05 0.0 0.0 0.0 1.0
chess/seq-02/color/frame-000016.color.png chess/seq-02/color/frame-000017.color.png 0.999779 0.0115846 -0.0175669 -7.73314e-05 -0.0116244 0.99993 -0.00216468 0.00115437 0.0175406 0.00236841 0.999843 -0.00475578 0.0 0.0 0.0 1.0
chess/seq-02/color/frame-000017.color.png chess/seq-02/color/frame-000018.color.png 0.999966 0.00227459 -0.00791733 -0.00332652 -0.00227219 0.999997 0.000311038 -0.000702834 0.00791802 -0.000293035 0.999969 0.00228179 0.0 0.0 0.0 1.0
chess/seq-02/color/frame-000018.color.png chess/seq-02/color/frame-000019.color.png 0.999827 0.00659997 -0.0173649 0.00267731 -0.00667493 0.999969 -0.00426226 0.000419186 0.0173362 0.00437743 0.99984 -0.00346363 0.0 0.0 0.0 1.0
chess/seq-02/color/frame-000019.color.png chess/seq-02/color/frame-000020.color.png 0.999247 0.0216626 -0.0321933 -0.000858845 -0.0217516 0.99976 -0.00241817 0.000911695 0.0321333 0.0031166 0.999479 -0.00185113 0.0 0.0 0.0 1.0
chess/seq-02/color/frame-000020.color.png chess/seq-02/color/frame-000021.color.png 0.999884 0.00977399 -0.0116442 -0.00263773 -0.00975623 0.999951 0.00158161 0.000294441 0.0116591 -0.00146782 0.999931 -0.000448804 0.0 0.0 0.0 1.0
chess/seq-02/color/frame-000021.color.png chess/seq-02/color/frame-000022.color.png 0.999352 0.0234838 -0.027274 -0.00303967 -0.0235535 0.99972 -0.0022361 0.000268714 0.0272138 0.00287705 0.999626 0.000691165 0.0 0.0 0.0 1.0
chess/seq-02/color/frame-000022.color.png chess/seq-02/color/frame-000023.color.png 0.999819 0.0111448 -0.0154102 -0.000507493 -0.0111783 0.999936 -0.00209208 0.00068273 0.0153859 0.00226396 0.999879 -0.00103742 0.0 0.0 0.0 1.0
chess/seq-02/color/frame-000023.color.png chess/seq-02/color/frame-000024.color.png 0.999372 0.0186879 -0.0300957 -0.00461231 -0.0187073 0.999825 -0.000363807 0.00098605 0.0300836 0.000926587 0.999547 -0.000513976 0.0 0.0 0.0 1.0
chess/seq-02/color/frame-000024.color.png chess/seq-02/color/frame-000025.color.png 0.999878 0.00778664 -0.0135311 -0.00395484 -0.00779868 0.999969 -0.000834971 -0.00110314 0.0135241 0.000940392 0.999908 0.000967383 0.0 0.0 0.0 1.0
chess/seq-02/color/frame-000025.color.png chess/seq-02/color/frame-000026.color.png 0.999377 0.0132994 -0.0326934 -0.00240093 -0.0134914 0.999893 -0.00566064 0.00144097 0.0326147 0.0060982 0.999449 -0.00116027 0.0 0.0 0.0 1.0
chess/seq-02/color/frame-000026.color.png chess/seq-02/color/frame-000027.color.png 0.999878 0.00712887 -0.0138873 -0.00112171 -0.00713996 0.999974 -0.000749146 -0.000744687 0.0138816 0.000848207 0.999903 -0.00357244 0.0 0.0 0.0 1.0
chess/seq-02/color/frame-000027.color.png chess/seq-02/color/frame-000028.color.png 0.999675 0.0118928 -0.0225367 -0.00195107 -0.0119373 0.999927 -0.0018385 0.00143894 0.0225132 0.00210693 0.999744 -0.00078688 0.0 0.0 0.0 1.0
chess/seq-02/color/frame-000028.color.png chess/seq-02/color/frame-000029.color.png 0.999931 0.00335083 -0.0112458 -0.000139517 -0.00336414 0.999994 -0.00116579 -0.000319692 0.0112419 0.00120353 0.999936 -0.00105689 0.0 0.0 0.0 1.0
chess/seq-02/color/frame-000029.color.png chess/seq-02/color/frame-000030.color.png 0.999754 0.00864862 -0.0204046 -0.00254611 -0.00871408 0.999957 -0.00312342 -0.000767204 0.0203767 0.00330047 0.999787 -0.00171167 0.0 0.0 0.0 1.0
chess/seq-02/color/frame-000030.color.png chess/seq-02/color/frame-000031.color.png 0.999926 0.0037753 -0.0115733 -0.00159967 -0.0037879 0.999992 -0.00106841 -0.00153296 0.0115692 0.00111218 0.999933 0.000944689 0.0 0.0 0.0 1.0
chess/seq-02/color/frame-000031.color.png chess/seq-02/color/frame-000032.color.png 0.999778 0.0117638 -0.0175055 0.00400952 -0.0118632 0.999914 -0.00558071 0.000498522 0.0174384 0.00578713 0.999831 -0.00304763 0.0 0.0 0.0 1.0
chess/seq-02/color/frame-000032.color.png chess/seq-02/color/frame-000033.color.png 0.999986 0.00233098 -0.00472263 -0.000489536 -0.00233061 0.999997 6.98369e-05 -0.00205593 0.00472271 -5.88238e-05 0.999989 -6.53416e-06 0.0 0.0 0.0 1.0
chess/seq-02/color/frame-000033.color.png chess/seq-02/color/frame-000034.color.png 0.999935 0.00792408 -0.00824961 -0.00451893 -0.00796395 0.999957 -0.00480963 0.000299515 0.00821123 0.00487502 0.999954 -0.00424055 0.0 0.0 0.0 1.0
chess/seq-02/color/frame-000034.color.png chess/seq-02/color/frame-000035.color.png 0.999973 0.00513122 -0.00525922 -0.00247434 -0.00511999 0.999985 0.00213812 -3.06239e-05 0.00527003 -0.00211113 0.999984 -0.00111617 0.0 0.0 0.0 1.0
chess/seq-02/color/frame-000035.color.png chess/seq-02/color/frame-000036.color.png 0.99986 0.00341946 -0.0163823 -0.00270451 -0.00330845 0.999971 0.00680284 0.00158905 0.0164051 -0.00674769 0.999843 0.00343243 0.0 0.0 0.0 1.0
chess/seq-02/color/frame-000036.color.png chess/seq-02/color/frame-000037.color.png 0.999976 0.00214661 -0.00665657 0.00037545 -0.00212854 0.999994 0.00270732 0.000780123 0.0066623 -0.00269308 0.999974 0.00121795 0.0 0.0 0.0 1.0
chess/seq-02/color/frame-000037.color.png chess/seq-02/color/frame-000038.color.png 0.999994 0.00219355 0.002786 0.000502823 -0.00220417 0.99999 0.00380825 -9.67828e-05 -0.00277759 -0.00381437 0.999989 0.00511264 0.0 0.0 0.0 1.0
chess/seq-02/color/frame-000038.color.png chess/seq-02/color/frame-000039.color.png 0.999991 0.000809328 0.00418633 0.00118618 -0.000809719 1.0 9.4965e-05 -0.00166682 -0.00418622 -9.83682e-05 0.999991 -0.0018113 0.0 0.0 0.0 1.0
chess/seq-02/color/frame-000039.color.png chess/seq-02/color/frame-000040.color.png 0.999895 -0.00391877 0.0139409 0.00187057 0.00397508 0.999984 -0.00401146 0.00156161 -0.013925 0.00406646 0.999895 0.00148212 0.0 0.0 0.0 1.0
chess/seq-02/color/frame-000040.color.png chess/seq-02/color/frame-000041.color.png 0.999955 -0.00390764 0.00864546 0.00235316 0.00392407 0.99999 -0.0018912 0.000883207 -0.00863802 0.00192504 0.999961 0.00510206 0.0 0.0 0.0 1.0
chess/seq-02/color/frame-000041.color.png chess/seq-02/color/frame-000042.color.png 0.999693 -0.0154355 0.0193585 0.00071401 0.0153133 0.999862 0.00645076 -0.00226456 -0.0194554 -0.00615235 0.999792 0.000914966 0.0 0.0 0.0 1.0
chess/seq-02/color/frame-000042.color.png chess/seq-02/color/frame-000043.color.png 0.999933 -0.00728043 0.00901589 0.00332343 0.00728594 0.999973 -0.000574126 0.00296776 -0.00901158 0.000639783 0.999959 0.00462878 0.0 0.0 0.0 1.0
chess/seq-02/color/frame-000043.color.png chess/seq-02/color/frame-000044.color.png 0.999539 -0.0192395 0.02349 0.00586383 0.0191214 0.999803 0.00523981 -0.00388084 -0.0235862 -0.00478823 0.99971 0.00787508 0.0 0.0 0.0 1.0
chess/seq-02/color/frame-000044.color.png chess/seq-02/color/frame-000045.color.png 0.999909 -0.00471821 0.0126056 0.00138082 0.00472739 0.999989 -0.000695645 -0.00233592 -0.0126021 0.000755171 0.99992 -0.00286549 0.0 0.0 0.0 1.0
chess/seq-02/color/frame-000045.color.png chess/seq-02/color/frame-000046.color.png 0.999161 -0.0156503 0.0378413 0.00310799 0.0156723 0.999877 -0.000284728 0.0018508 -0.0378323 0.000877551 0.999284 0.00061357 0.0 0.0 0.0 1.0
chess/seq-02/color/frame-000046.color.png chess/seq-02/color/frame-000047.color.png 0.99983 -0.00788786 0.0166751 0.00177745 0.00788927 0.999969 -1.76875e-05 -0.00131816 -0.0166745 0.000149243 0.999861 0.00414766 0.0 0.0 0.0 1.0
chess/seq-02/color/frame-000047.color.png chess/seq-02/color/frame-000048.color.png 0.999549 -0.0161182 0.0253468 0.00735646 0.0161517 0.999869 -0.00111619 -0.00321291 -0.0253255 0.00152508 0.999678 -0.00121631 0.0 0.0 0.0 1.0
chess/seq-02/color/frame-000048.color.png chess/seq-02/color/frame-000049.color.png 0.999763 -0.011415 0.0185136 0.000615626 0.0113709 0.999932 0.00248349 -0.00164672 -0.0185407 -0.00227238 0.999826 0.00202712 0.0 0.0 0.0 1.0
chess/seq-02/color/frame-000049.color.png chess/seq-02/color/frame-000050.color.png 0.999506 -0.0215072 0.0229057 0.00593667 0.0214314 0.999764 0.00354942 -0.00468023 -0.0229766 -0.00305677 0.999731 0.00646907 0.0 0.0 0.0 1.0
chess/seq-02/color/frame-000050.color.png chess/seq-02/color/frame-000051.color.png 0.999876 -0.00605521 0.014537 -0.000642149 0.00608376 0.99998 -0.00191958 0.000195739 -0.0145251 0.00200778 0.999893 -0.000598144 0.0 0.0 0.0 1.0
chess/seq-02/color/frame-000051.color.png chess/seq-02/color/frame-000052.color.png 0.999225 -0.012591 0.0372853 0.000873154 0.0126694 0.999918 -0.00186662 1.0374e-05 -0.0372587 0.00233756 0.999303 0.00808348 0.0 0.0 0.0 1.0
chess/seq-02/color/frame-000052.color.png chess/seq-02/color/frame-000053.color.png 0.999753 -0.00925962 0.0201891 0.00119988 0.00923295 0.999956 0.00141294 -0.000305862 -0.0202013 -0.00122618 0.999795 0.000343608 0.0 0.0 0.0 1.0
chess/seq-02/color/frame-000053.color.png chess/seq-02/color/frame-000054.color.png 0.999172 -0.0179558 0.0365168 0.00281098 0.0179316 0.999839 0.0009906 -0.00293938 -0.0365287 -0.000334975 0.999333 0.00469067 0.0 0.0 0.0 1.0
chess/seq-02/color/frame-000054.color.png chess/seq-02/color/frame-000055.color.png 0.999839 -0.00805977 0.016029 0.00323401 0.00802805 0.999966 0.00204195 -0.00147206 -0.0160449 -0.00191294 0.999869 0.0025986 0.0 0.0 0.0 1.0
chess/seq-02/color/frame-000055.color.png chess/seq-02/color/frame-000056.color.png 0.999829 -0.00956376 0.0158108 -0.00154593 0.00946818 0.999936 0.00610899 -0.00504302 -0.0158682 -0.00595825 0.999856 0.000273382 0.0 0.0 0.0 1.0
chess/seq-02/color/frame-000056.color.png chess/seq-02/color/frame-000057.color.png 0.99958 -0.0157678 0.0243078 0.00479131 0.0157733 0.999876 -3.59784e-05 0.000170859 -0.0243042 0.000419377 0.999705 0.00961994 0.0 0.0 0.0 1.0
chess/seq-02/color/frame-000057.color.png chess/seq-02/color/frame-000058.color.png 0.999838 -0.00910425 0.0155477 0.00162273 0.00906381 0.999955 0.00266913 -0.00018565 -0.0155714 -0.00252777 0.999876 0.00134418 0.0 0.0 0.0 1.0
chess/seq-02/color/frame-000058.color.png chess/seq-02/color/frame-000059.color.png 0.999427 -0.0150457 0.0303161 0.00288302 0.0149199 0.999879 0.0043699 -0.00402435 -0.0303781 -0.00391508 0.999531 0.00569287 0.0 0.0 0.0 1.0
chess/seq-02/color/frame-000059.color.png chess/seq-02/color/frame-000060.color.png 0.999831 -0.00648667 0.0172167 -0.00117685 0.00644267 0.999976 0.00260996 -0.00079152 -0.0172332 -0.0024986 0.999848 0.00203157 0.0 0.0 0.0 1.0
chess/seq-02/color/frame-000060.color.png chess/seq-02/color/frame-000061.color.png 0.999475 -0.0134726 0.0294762 0.00088615 0.0133313 0.999899 0.00498451 -0.00230511 -0.0295403 -0.00458894 0.999553 0.00373225 0.0 0.0 0.0 1.0
chess/seq-02/color/frame-000061.color.png chess/seq-02/color/frame-000062.color.png 0.999895 -0.00663287 0.012896 -8.59424e-06 0.00659264 0.999973 0.00316022 -0.00176076 -0.0129166 -0.00307487 0.999912 0.00016921 0.0 0.0 0.0 1.0
chess/seq-02/color/frame-000062.color.png chess/seq-02/color/frame-000063.color.png 0.999761 -0.0113107 0.0187091 -0.000902619 0.011205 0.999921 0.00574435 -0.00330055 -0.0187726 -0.00553333 0.999809 0.00671789 0.0 0.0 0.0 1.0
chess/seq-02/color/frame-000063.color.png chess/seq-02/color/frame-000064.color.png 0.999969 -0.00550007 0.0056526 0.000141736 0.00549243 0.999984 0.00136685 -0.000721553 -0.00566005 -0.00133576 0.999983 0.00152845 0.0 0.0 0.0 1.0
chess/seq-02/color/frame-000064.color.png chess/seq-02/color/frame-000065.color.png 0.999887 -0.0112745 0.0099418 -0.00131309 0.0112482 0.999933 0.00270941 -0.00285076 -0.00997169 -0.00259728 0.999947 0.00328707 0.0 0.0 0.0 1.0
chess/seq-02/color/frame-000065.color.png chess/seq-02/color/frame-000066.color.png 0.999992 -0.00334935 0.00223119 0.00038261 0.00334628 0.999994 0.00137465 -0.000764068 -0.00223576 -0.00136719 0.999997 -0.00116526 0.0 0.0 0.0 1.0
chess/seq-02/color/frame-000066.color.png chess/seq-02/color/frame-000067.color.png 0.999996 -0.00268451 0.000849785 -0.00371627 0.00268358 0.999996 0.00108932 -0.00134233 -0.000852727 -0.00108704 0.999999 0.00304825 0.0 0.0 0.0 1.0
chess/seq-02/color/frame-000067.color.png chess/seq-02/color/frame-000068.color.png 0.999871 0.00190044 -0.0159342 -0.00236971 -0.00194462 0.999994 -0.00275772 -0.00317124 0.0159288 0.00278836 0.999869 -0.000669513 0.0 0.0 0.0 1.0
chess/seq-02/color/frame-000068.color.png chess/seq-02/color/frame-000069.color.png 0.999928 0.00585102 -0.0104853 -0.00297516 -0.00585638 0.999983 -0.000481041 -0.00244323 0.0104823 0.000542415 0.999945 -0.000643089 0.0 0.0 0.0 1.0
chess/seq-02/color/frame-000069.color.png chess/seq-02/color/frame-000070.color.png 0.999329 0.0106727 -0.0350431 -0.000502491 -0.0108895 0.999923 -0.00600185 -0.00450911 0.0349764 0.00637943 0.999368 -0.00608613 0.0 0.0 0.0 1.0
chess/seq-02/color/frame-000070.color.png chess/seq-02/color/frame-000071.color.png 0.999859 0.00678247 -0.0153843 -0.00268085 -0.00681025 0.999975 -0.00175435 -0.00084402 0.0153721 0.00185888 0.99988 -0.0021932 0.0 0.0 0.0 1.0
chess/seq-02/color/frame-000071.color.png chess/seq-02/color/frame-000072.color.png 0.999345 0.0108231 -0.034542 -0.00373848 -0.0107445 0.999939 0.00245933 -0.00211548 0.0345665 -0.00208658 0.9994 -0.00578535 0.0 0.0 0.0 1.0
chess/seq-02/color/frame-000072.color.png chess/seq-02/color/frame-000073.color.png 0.999788 0.00250018 -0.0204303 -0.000784643 -0.00243235 0.999992 0.00334423 -0.00519839 0.0204385 -0.00329384 0.999786 -0.000318456 0.0 0.0 0.0 1.0
chess/seq-02/color/frame-000073.color.png chess/seq-02/color/frame-000074.color.png 0.999796 0.00552637 -0.0194126 -0.00125455 -0.00552175 0.999985 0.000291327 -0.000449017 0.0194139 -0.00018406 0.999812 -0.000110924 0.0 0.0 0.0 1.0
chess/seq-02/color/frame-000074.color.png chess/seq-02/color/frame-000075.color.png 0.999194 0.00660489 -0.0395812 -0.000936626 -0.00617079 0.99992 0.0110798 -0.00442167 0.0396512 -0.0108267 0.999155 -0.005615 0.0 0.0 0.0 1.0
chess/seq-02/color/frame-000075.color.png chess/seq-02/color/frame-000076.color.png 0.999811 0.00106897 -0.0194283 -0.00138922 -0.00100632 0.999994 0.00323347 -0.00436319 0.0194317 -0.00321332 0.999806 -0.0010839 0.0 0.0 0.0 1.0
chess/seq-02/color/frame-000076.color.png chess/seq-02/color/frame-000077.color.png 0.998901 0.00855018 -0.04608 -0.00550905 -0.00846867 0.999962 0.00196378 -0.00423514 0.046095 -0.00157139 0.998936 -0.00767453 0.0 0.0 0.0 1.0
chess/seq-02/color/frame-000077.color.png chess/seq-02/color/frame-000078.color.png 0.999678 0.0081264 -0.0240392 -0.000257384 -0.00805392 0.999963 0.00311035 -0.00319299 0.0240636 -0.00291573 0.999706 0.0010958 0.0 0.0 0.0 1.0
chess/seq-02/color/frame-000078.color.png chess/seq-02/color/frame-000079.color.png 0.999709 0.00745371 -0.0229201 0.00132391 -0.00738769 0.999968 0.00296352 -0.00579362 0.0229415 -0.00279333 0.999733 -0.00149077 0.0 0.0 0.0 1.0
chess/seq-02/color/frame-000079.color.png chess/seq-02/color/frame-000080.color.png 0.998845 0.0162473 -0.0452205 0.0017616 -0.0168882 0.999762 -0.0138269 -0.00945381 0.0449851 0.0145747 0.998881 -0.00505682 0.0 0.0 0.0 1.0
chess/seq-02/color/frame-000080.color.png chess/seq-02/color/frame-000081.color.png 0.999764 0.0101962 -0.0191878 -0.000463013 -0.0103149 0.999928 -0.00609788 -0.00323481 0.0191242 0.00629437 0.999797 -0.00344729 0.0 0.0 0.0 1.0
chess/seq-02/color/frame-000081.color.png chess/seq-02/color/frame-000082.color.png 0.999341 0.0134127 -0.0337188 -0.000822434 -0.0135783 0.999897 -0.0046858 -0.00783166 0.0336524 0.00514056 0.99942 -0.00428321 0.0 0.0 0.0 1.0
chess/seq-02/color/frame-000082.color.png chess/seq-02/color/frame-000083.color.png 0.998942 0.0148013 -0.0435409 -0.000372627 -0.0149854 0.99988 -0.00390428 -0.0121105 0.043478 0.00455263 0.999044 -0.0044093 0.0 0.0 0.0 1.0
chess/seq-02/color/frame-000083.color.png chess/seq-02/color/frame-000084.color.png 0.999791 0.00827945 -0.0186781 -0.00117583 -0.00837062 0.999953 -0.00480795 -0.00321794 0.0186374 0.0049633 0.999814 -0.00323744 0.0 0.0 0.0 1.0
chess/seq-02/color/frame-000084.color.png chess/seq-02/color/frame-000085.color.png 0.999391 0.00816458 -0.0339197 0.00835238 -0.00812493 0.999966 0.00130682 -0.0134954 0.0339293 -0.00103045 0.999424 -0.00444673 0.0 0.0 0.0 1.0
chess/seq-02/color/frame-000085.color.png chess/seq-02/color/frame-000086.color.png 0.999768 0.0131266 -0.017076 0.0014801 -0.0133739 0.999806 -0.0144536 -0.00952499 0.0168829 0.0146786 0.99975 -0.00611666 0.0 0.0 0.0 1.0
chess/seq-02/color/frame-000086.color.png chess/seq-02/color/frame-000087.color.png 0.999919 0.00758357 -0.0101939 0.000753341 -0.00769761 0.999908 -0.0111962 -0.00778455 0.010108 0.0112737 0.999885 0.00422494 0.0 0.0 0.0 1.0
chess/seq-02/color/frame-000087.color.png chess/seq-02/color/frame-000088.color.png 0.999778 0.0177771 -0.0112791 0.00043254 -0.0179909 0.999655 -0.0191451 -0.012449 0.0109349 0.0193438 0.999753 -0.00576286 0.0 0.0 0.0 1.0
chess/seq-02/color/frame-000088.color.png chess/seq-02/color/frame-000089.color.png 0.999936 0.00933013 -0.00644831 0.0011531 -0.0094058 0.999886 -0.0118037 -0.0056992 0.00633744 0.0118636 0.999909 -0.0012781 0.0 0.0 0.0 1.0
chess/seq-02/color/frame-000089.color.png chess/seq-02/color/frame-000090.color.png 0.999904 0.0100743 -0.00948166 -0.000573398 -0.0102602 0.999752 -0.0197749 -0.0115997 0.00928005 0.0198703 0.99976 -0.00232496 0.0 0.0 0.0 1.0
chess/seq-02/color/frame-000090.color.png chess/seq-02/color/frame-000091.color.png 0.999965 0.00506949 -0.00669644 -0.00354203 -0.00513981 0.999931 -0.0105267 -0.00844389 0.00664262 0.0105608 0.999922 -0.00282552 0.0 0.0 0.0 1.0
chess/seq-02/color/frame-000091.color.png chess/seq-02/color/frame-000092.color.png 0.999823 0.00532409 -0.0180196 0.00243186 -0.00548217 0.999947 -0.008734 -0.0109023 0.017972 0.00883125 0.9998 -0.00272615 0.0 0.0 0.0 1.0
chess/seq-02/color/frame-000092.color.png chess/seq-02/color/frame-000093.color.png 0.999958 0.00119966 -0.00905829 -0.00113019 -0.00119462 0.999999 0.000563095 -0.0117805 0.00905898 -0.000552251 0.999959 -6.59861e-05 0.0 0.0 0.0 1.0
chess/seq-02/color/frame-000093.color.png chess/seq-02/color/frame-000094.color.png 0.999895 0.00558726 -0.0133935 0.00192778 -0.00574521 0.999914 -0.0117869 -0.0151784 0.0133264 0.0118627 0.999841 0.000284944 0.0 0.0 0.0 1.0
chess/seq-02/color/frame-000094.color.png chess/seq-02/color/frame-000095.color.png 0.999996 0.00189393 -0.00210128 -0.000540982 -0.00189802 0.999996 -0.00194181 -0.00739369 0.00209767 0.00194578 0.999996 -0.00169128 0.0 0.0 0.0 1.0
chess/seq-02/color/frame-000095.color.png chess/seq-02/color/frame-000096.color.png 0.999965 0.00266991 -0.0079758 -0.00111846 -0.00277962 0.999901 -0.0137728 -0.0157081 0.00793831 0.0137945 0.999873 0.00195469 0.0 0.0 0.0 1.0
chess/seq-02/color/frame-000096.color.png chess/seq-02/color/frame-000097.color.png 0.999999 -0.000399674 -0.00157086 -0.000511378 0.000394674 0.999995 -0.00320094 -0.00815494 0.00157207 0.00320033 0.999994 -0.00316848 0.0 0.0 0.0 1.0
chess/seq-02/color/frame-000097.color.png chess/seq-02/color/frame-000098.color.png 0.999973 0.00446911 -0.00582252 -0.00470123 -0.00451358 0.999961 -0.00764218 -0.01898 0.00578815 0.00766826 0.999954 0.000271134 0.0 0.0 0.0 1.0
chess/seq-02/color/frame-000098.color.png chess/seq-02/color/frame-000099.color.png 0.999984 -0.00534266 -0.0018282 0.00348332 0.00532559 0.999943 -0.00923704 -0.00705907 0.00187743 0.00922715 0.999956 0.00130793 0.0 0.0 0.0 1.0
chess/seq-02/color/frame-000099.color.png chess/seq-02/color/frame-000100.color.png 0.999981 -0.0052879 -0.00321581 -0.00525211 0.00528206 0.999984 -0.00181147 -0.016124 0.00322538 0.00179446 0.999993 -0.00421376 0.0 0.0 0.0 1.0
chess/seq-02/color/frame-000100.color.png chess/seq-02/color/frame-000101.color.png 0.999997 0.00164481 -0.00153274 -0.00462049 -0.00165107 0.99999 -0.00411057 -0.0150309 0.00152599 0.00411307 0.99999 0.00305062 0.0 0.0 0.0 1.0
chess/seq-02/color/frame-000101.color.png chess/seq-02/color/frame-000102.color.png 0.999998 -0.00156426 0.00150663 0.000975884 0.00158337 0.999917 -0.0127667 -0.00296178 -0.00148654 0.0127691 0.999917 -0.000763312 0.0 0.0 0.0 1.0
chess/seq-02/color/frame-000102.color.png chess/seq-02/color/frame-000103.color.png 0.999971 -0.00312351 0.0068977 -0.000155183 0.00324025 0.999851 -0.0169752 -0.0127395 -0.00684365 0.0169971 0.999832 0.00356296 0.0 0.0 0.0 1.0
chess/seq-02/color/frame-000103.color.png chess/seq-02/color/frame-000104.color.png 0.999992 -0.00339903 -0.00206915 0.000719819 0.00338121 0.999958 -0.0085237 -0.0098879 0.00209807 0.00851666 0.999961 0.00261337 0.0 0.0 0.0 1.0
chess/seq-02/color/frame-000104.color.png chess/seq-02/color/frame-000105.color.png 0.999973 -0.00496339 0.00536568 0.0021482 0.00500104 0.999963 -0.0070237 -0.00232863 -0.00533065 0.00705029 0.999961 -0.00189479 0.0 0.0 0.0 1.0
chess/seq-02/color/frame-000105.color.png chess/seq-02/color/frame-000106.color.png 0.999952 -0.00847427 0.00499351 -0.00246061 0.00845114 0.999954 0.00464312 -0.016848 -0.00503271 -0.0046007 0.999977 0.000341024 0.0 0.0 0.0 1.0
chess/seq-02/color/frame-000106.color.png chess/seq-02/color/frame-000107.color.png 0.999998 -0.00192963 -0.000195111 0.00184172 0.00192949 0.999998 -0.000684979 -0.0087629 0.000196511 0.00068461 1.0 0.000521723 0.0 0.0 0.0 1.0
chess/seq-02/color/frame-000107.color.png chess/seq-02/color/frame-000108.color.png 0.999876 -0.00440215 0.0151273 8.17971e-05 0.00452095 0.999959 -0.007829 -0.0208324 -0.0150922 0.00789646 0.999855 9.80459e-05 0.0 0.0 0.0 1.0
chess/seq-02/color/frame-000108.color.png chess/seq-02/color/frame-000109.color.png 0.999944 -0.00830364 0.00659302 -0.00155068 0.00834561 0.999945 -0.00636145 -0.00160867 -0.00653976 0.00641613 0.999958 0.00324996 0.0 0.0 0.0 1.0
chess/seq-02/color/frame-000109.color.png chess/seq-02/color/frame-000110.color.png 0.999988 -0.00481713 0.00112161 0.00353328 0.00482114 0.999982 -0.00364076 -0.00553739 -0.00110407 0.00364611 0.999993 0.00408375 0.0 0.0 0.0 1.0
chess/seq-02/color/frame-000110.color.png chess/seq-02/color/frame-000111.color.png 0.999963 -0.00543752 0.00667228 0.00884493 0.0054919 0.999952 -0.0081579 -0.00343904 -0.00662761 0.00819421 0.999944 0.000478782 0.0 0.0 0.0 1.0
chess/seq-02/color/frame-000111.color.png chess/seq-02/color/frame-000112.color.png 0.999938 -0.0034581 0.0105455 -0.00205401 0.00345754 0.999994 7.13468e-05 -0.00639269 -0.0105457 -3.4867e-05 0.999945 0.00102414 0.0 0.0 0.0 1.0
chess/seq-02/color/frame-000112.color.png chess/seq-02/color/frame-000113.color.png 0.999849 -0.00846635 0.0152084 0.00697663 0.00863994 0.999898 -0.0113847 -0.0152023 -0.0151104 0.0115144 0.999819 0.00487667 0.0 0.0 0.0 1.0
chess/seq-02/color/frame-000113.color.png chess/seq-02/color/frame-000114.color.png 0.999948 -0.00487949 0.00891956 0.00687223 0.00492317 0.999976 -0.00488371 0.000393808 -0.00889558 0.00492736 0.999948 -0.00221992 0.0 0.0 0.0 1.0
chess/seq-02/color/frame-000114.color.png chess/seq-02/color/frame-000115.color.png 0.999896 -0.0077546 0.0121509 0.00264348 0.00775197 0.99997 0.000263341 -0.00291169 -0.0121526 -0.000169078 0.999926 0.00849859 0.0 0.0 0.0 1.0
chess/seq-02/color/frame-000115.color.png chess/seq-02/color/frame-000116.color.png 0.999866 -0.00690364 0.0148466 0.00737067 0.00686656 0.999973 0.00254841 -0.0176406 -0.0148638 -0.00244616 0.999887 0.00338063 0.0 0.0 0.0 1.0
chess/seq-02/color/frame-000116.color.png chess/seq-02/color/frame-000117.color.png 0.999945 -0.00749453 0.00735561 0.00611233 0.00750315 0.999971 -0.0011444 0.000420302 -0.00734688 0.00119952 0.999972 -0.00174624 0.0 0.0 0.0 1.0
chess/seq-02/color/frame-000117.color.png chess/seq-02/color/frame-000118.color.png 0.999608 -0.0126959 0.0249544 0.00415996 0.0126622 0.999919 0.00150729 -0.0134104 -0.0249714 -0.00119069 0.999687 0.00272598 0.0 0.0 0.0 1.0
chess/seq-02/color/frame-000118.color.png chess/seq-02/color/frame-000119.color.png 0.999935 -0.00909653 0.00683388 0.00931192 0.00911527 0.999955 -0.0027171 0.000600755 -0.00680881 0.00277919 0.999973 0.0061023 0.0 0.0 0.0 1.0
chess/seq-02/color/frame-000119.color.png chess/seq-02/color/frame-000120.color.png 0.999707 -0.0124913 0.0207097 0.00840402 0.0124344 0.999919 0.0028737 -0.00440118 -0.0207439 -0.00261537 0.999781 -0.00290846 0.0 0.0 0.0 1.0
chess/seq-02/color/frame-000120.color.png chess/seq-02/color/frame-000121.color.png 0.999968 -0.00535636 0.00588111 0.00766627 0.00536737 0.999984 -0.00185541 -0.00394911 -0.00587105 0.00188696 0.999981 0.0066666 0.0 0.0 0.0 1.0
chess/seq-02/color/frame-000121.color.png chess/seq-02/color/frame-000122.color.png 0.999839 -0.00474402 0.0173009 -0.00446519 0.00469834 0.999985 0.00267903 -0.00468448 -0.0173133 -0.00259737 0.999847 -0.00568395 0.0 0.0 0.0 1.0
chess/seq-02/color/frame-000122.color.png chess/seq-02/color/frame-000123.color.png 0.999439 -0.0139075 0.0304768 0.00351899 0.0138433 0.999902 0.0023138 -0.00655094 -0.030506 -0.00189056 0.999533 0.00725038 0.0 0.0 0.0 1.0
chess/seq-02/color/frame-000123.color.png chess/seq-02/color/frame-000124.color.png 0.999962 -0.00490722 0.00717315 0.0141075 0.00492084 0.999986 -0.0018822 -0.00306463 -0.00716378 0.00191746 0.999972 0.00206692 0.0 0.0 0.0 1.0
chess/seq-02/color/frame-000124.color.png chess/seq-02/color/frame-000125.color.png 0.999817 -0.0118877 0.0149914 0.0204332 0.0118946 0.999929 -0.000369789 -0.00464523 -0.0149859 0.00054799 0.999888 0.00280274 0.0 0.0 0.0 1.0
chess/seq-02/color/frame-000125.color.png chess/seq-02/color/frame-000126.color.png 0.999881 -0.00754024 0.0134622 -0.00224012 0.00758656 0.999965 -0.00339311 0.00150678 -0.0134361 0.00349488 0.999904 0.00414711 0.0 0.0 0.0 1.0
chess/seq-02/color/frame-000126.color.png chess/seq-02/color/frame-000127.color.png 0.999959 -0.00770745 0.00474489 0.0150773 0.00769178 0.999965 0.00331082 -0.00861329 -0.00477027 -0.00327424 0.999983 -0.000907686 0.0 0.0 0.0 1.0
chess/seq-02/color/frame-000127.color.png chess/seq-02/color/frame-000128.color.png 0.999711 -0.0157064 0.0181867 -0.00119704 0.0157045 0.999877 0.000244862 -0.00532004 -0.0181882 4.0859e-05 0.999834 0.000553478 0.0 0.0 0.0 1.0
chess/seq-02/color/frame-000128.color.png chess/seq-02/color/frame-000129.color.png 0.999986 -0.00517285 -0.000777168 0.0193941 0.0051711 0.999984 -0.00224939 -0.004866 0.000788763 0.0022453 0.999997 0.00819086 0.0 0.0 0.0 1.0
chess/seq-02/color/frame-000129.color.png chess/seq-02/color/frame-000130.color.png 0.999798 -0.0177516 0.00947368 0.0104309 0.0177745 0.999839 -0.00233805 0.0063948 -0.00943068 0.00250603 0.999952 -0.00444115 0.0 0.0 0.0 1.0
chess/seq-02/color/frame-000130.color.png chess/seq-02/color/frame-000131.color.png 0.999967 -0.00659405 0.00482811 0.00198029 0.00659708 0.999978 -0.000613835 -0.000429392 -0.00482392 0.000645679 0.999988 0.00638927 0.0 0.0 0.0 1.0
chess/seq-02/color/frame-000131.color.png chess/seq-02/color/frame-000132.color.png 0.999981 -0.00350052 0.00503976 0.0068706 0.00347599 0.999982 0.004868 -0.0104329 -0.00505673 -0.00485042 0.999976 0.000124395 0.0 0.0 0.0 1.0
chess/seq-02/color/frame-000132.color.png chess/seq-02/color/frame-000133.color.png 0.999894 -0.013871 0.00451849 0.00662859 0.0138704 0.999904 0.00014922 0.00418344 -0.00452009 -8.65295e-05 0.99999 0.00243225 0.0 0.0 0.0 1.0
chess/seq-02/color/frame-000133.color.png chess/seq-02/color/frame-000134.color.png 0.999985 -0.00333668 0.00426284 0.00918506 0.00333296 0.999994 0.000881744 0.00311682 -0.00426577 -0.000867556 0.999991 0.00242104 0.0 0.0 0.0 1.0
chess/seq-02/color/frame-000134.color.png chess/seq-02/color/frame-000135.color.png 0.999897 -0.0133291 0.00538502 0.00607519 0.0132911 0.999887 0.00703234 -0.00856856 -0.00547818 -0.00696006 0.999961 0.00717158 0.0 0.0 0.0 1.0
chess/seq-02/color/frame-000135.color.png chess/seq-02/color/frame-000136.color.png 0.999991 -0.00420042 0.000689472 0.0118733 0.00419767 0.999983 0.00394333 -0.00347731 -0.000706016 -0.00394038 0.999992 -0.00193592 0.0 0.0 0.0 1.0
chess/seq-02/color/frame-000136.color.png chess/seq-02/color/frame-000137.color.png 0.999886 -0.00481581 -0.0142926 0.0374086 0.0049316 0.999955 0.00807769 -0.0173085 0.0142531 -0.00814723 0.999865 0.0150322 0.0 0.0 0.0 1.0
chess/seq-02/color/frame-000137.color.png chess/seq-02/color/frame-000138.color.png 0.999988 -0.0049612 0.000324659 0.0173101 0.00496094 0.999987 0.000813359 -0.00376204 -0.000328712 -0.000811769 1.0 0.0104554 0.0 0.0 0.0 1.0
chess/seq-02/color/frame-000138.color.png chess/seq-02/color/frame-000139.color.png 0.999988 -0.00434975 0.00231132 0.00970846 0.00434505 0.999988 0.00203201 0.00368521 -0.00232012 -0.0020219 0.999995 0.00319928 0.0 0.0 0.0 1.0
chess/seq-02/color/frame-000139.color.png chess/seq-02/color/frame-000140.color.png 0.99994 -0.00903704 0.00618088 0.00922859 0.00903362 0.999959 0.000582612 -0.00201657 -0.00618591 -0.000526789 0.999981 0.0151653 0.0 0.0 0.0 1.0
chess/seq-02/color/frame-000140.color.png chess/seq-02/color/frame-000141.color.png 0.999991 -0.0040938 0.00140835 0.0100672 0.00409121 0.99999 0.00183571 0.00245818 -0.00141584 -0.0018299 0.999997 0.00588177 0.0 0.0 0.0 1.0
chess/seq-02/color/frame-000141.color.png chess/seq-02/color/frame-000142.color.png 0.99999 -0.00173402 0.00410381 0.00358367 0.00171442 0.999987 0.00477612 -0.00570625 -0.00411204 -0.00476904 0.99998 0.00677642 0.0 0.0 0.0 1.0
chess/seq-02/color/frame-000142.color.png chess/seq-02/color/frame-000143.color.png 0.999989 -0.00466119 0.000939453 0.0168588 0.00466305 0.999987 -0.00200044 0.00180385 -0.000930114 0.0020048 0.999997 0.0140685 0.0 0.0 0.0 1.0
chess/seq-02/color/frame-000143.color.png chess/seq-02/color/frame-000144.color.png 0.999997 -0.00225561 -0.000496097 0.00889432 0.00225613 0.999997 0.00108612 0.00322732 0.000493643 -0.00108724 0.999999 0.00340053 0.0 0.0 0.0 1.0
chess/seq-02/color/frame-000144.color.png chess/seq-02/color/frame-000145.color.png 0.999994 -0.00354424 0.000137678 0.00208157 0.0035442 0.999994 0.00033515 0.00370768 -0.000138846 -0.00033463 1.0 0.00817461 0.0 0.0 0.0 1.0
chess/seq-02/color/frame-000145.color.png chess/seq-02/color/frame-000146.color.png 0.99996 -0.00760885 -0.004634 0.00869364 0.00763612 0.999953 0.00589246 -0.00380942 0.00458894 -0.00592762 0.999972 0.00410537 0.0 0.0 0.0 1.0
chess/seq-02/color/frame-000146.color.png chess/seq-02/color/frame-000147.color.png 0.999996 -0.00237826 -0.00151532 0.00526145 0.00238232 0.999994 0.00269023 0.00251204 0.00150894 -0.00269381 0.999995 0.0047891 0.0 0.0 0.0 1.0
chess/seq-02/color/frame-000147.color.png chess/seq-02/color/frame-000148.color.png 0.999998 -0.00179697 -0.000468887 0.00321791 0.00179881 0.999991 0.00392296 -0.00228846 0.000461819 -0.00392383 0.999992 0.00348985 0.0 0.0 0.0 1.0
chess/seq-02/color/frame-000148.color.png chess/seq-02/color/frame-000149.color.png 0.999999 -0.000860755 0.00104539 0.00985464 0.000860169 0.999999 0.000560227 0.0157414 -0.00104588 -0.000559303 0.999999 0.010127 0.0 0.0 0.0 1.0
chess/seq-02/color/frame-000149.color.png chess/seq-02/color/frame-000150.color.png 0.999976 0.00697471 0.000158677 0.0108195 -0.0069755 0.99996 0.00558856 0.000725955 -0.000119683 -0.00558956 0.999984 0.00257728 0.0 0.0 0.0 1.0
chess/seq-02/color/frame-000150.color.png chess/seq-02/color/frame-000151.color.png 0.999997 0.00189152 0.00165295 0.00719887 -0.00190213 0.999977 0.00644157 0.00454989 -0.00164073 -0.0064447 0.999978 0.00118008 0.0 0.0 0.0 1.0
chess/seq-02/color/frame-000151.color.png chess/seq-02/color/frame-000152.color.png 0.999995 -0.00273141 -0.0014004 0.00391984 0.00275205 0.999885 0.0149395 0.00944486 0.00135943 -0.0149433 0.999887 0.00708336 0.0 0.0 0.0 1.0
chess/seq-02/color/frame-000152.color.png chess/seq-02/color/frame-000153.color.png 0.99999 0.00425299 -0.00116259 0.00326854 -0.00424404 0.999962 0.00759841 0.00313857 0.00119484 -0.00759341 0.999971 0.00127647 0.0 0.0 0.0 1.0
chess/seq-02/color/frame-000153.color.png chess/seq-02/color/frame-000154.color.png 1.0 0.000698297 0.000666287 -0.000208676 -0.000701981 0.999984 0.00556145 0.00355026 -0.000662373 -0.00556192 0.999984 0.00435236 0.0 0.0 0.0 1.0
chess/seq-02/color/frame-000154.color.png chess/seq-02/color/frame-000155.color.png 0.99999 -0.00389269 -0.00219642 -0.00216532 0.00390687 0.999971 0.00649006 0.007543 0.0021711 -0.00649858 0.999977 0.00714347 0.0 0.0 0.0 1.0
chess/seq-02/color/frame-000155.color.png chess/seq-02/color/frame-000156.color.png 0.999998 0.00198732 0.000125764 -0.00447702 -0.00198784 0.999988 0.00436164 -0.00102657 -0.000117085 -0.00436188 0.99999 -0.00294641 0.0 0.0 0.0 1.0
chess/seq-02/color/frame-000156.color.png chess/seq-02/color/frame-000157.color.png 0.999997 0.000790777 -0.00245839 0.00122526 -0.000798027 0.999995 -0.00294907 0.00842658 0.00245603 0.00295104 0.999993 0.00420903 0.0 0.0 0.0 1.0
chess/seq-02/color/frame-000157.color.png chess/seq-02/color/frame-000158.color.png 0.99999 0.00216185 -0.00400046 0.00440732 -0.00216715 0.999997 -0.00131941 0.0166117 0.00399758 0.00132806 0.999991 0.00194924 0.0 0.0 0.0 1.0
chess/seq-02/color/frame-000158.color.png chess/seq-02/color/frame-000159.color.png 0.999994 0.00330893 0.000501477 0.000603646 -0.0033113 0.999983 0.00479878 0.00680035 -0.000485587 -0.00480044 0.999988 0.00282449 0.0 0.0 0.0 1.0
chess/seq-02/color/frame-000159.color.png chess/seq-02/color/frame-000160.color.png 0.999996 0.00149134 0.00224004 -0.00210592 -0.00149917 0.999993 0.00350906 0.00339842 -0.00223479 -0.00351239 0.999991 0.00535209 0.0 0.0 0.0 1.0
chess/seq-02/color/frame-000160.color.png chess/seq-02/color/frame-000161.color.png 0.999936 0.00987297 0.00547566 0.00055939 -0.00983591 0.999929 -0.00675498 0.0172851 -0.00554196 0.00670069 0.999962 0.0102115 0.0 0.0 0.0 1.0
chess/seq-02/color/frame-000161.color.png chess/seq-02/color/frame-000162.color.png 0.999968 0.00640777 0.00486849 -0.0011307 -0.00639552 0.999976 -0.00252867 0.0103867 -0.00488454 0.00249749 0.999985 0.00500043 0.0 0.0 0.0 1.0
chess/seq-02/color/frame-000162.color.png chess/seq-02/color/frame-000163.color.png 0.999982 0.00421103 0.00419188 -0.00392246 -0.00420389 0.99999 -0.00170942 0.00973117 -0.00419906 0.00169173 0.99999 0.00567876 0.0 0.0 0.0 1.0
chess/seq-02/color/frame-000163.color.png chess/seq-02/color/frame-000164.color.png 0.999957 0.0067587 0.00633711 -0.00824291 -0.00674892 0.999976 -0.00156438 0.0168296 -0.00634755 0.00152154 0.999979 0.00824912 0.0 0.0 0.0 1.0
chess/seq-02/color/frame-000164.color.png chess/seq-02/color/frame-000165.color.png 0.999999 0.00112628 0.000215111 -0.00490385 -0.00112609 0.999999 -0.000911738 0.0104099 -0.000216116 0.000911536 1.0 0.00194371 0.0 0.0 0.0 1.0
chess/seq-02/color/frame-000165.color.png chess/seq-02/color/frame-000166.color.png 0.999997 0.000793133 -0.00216606 -0.00199959 -0.000781928 0.999986 0.00516709 0.0035899 0.00217013 -0.00516539 0.999984 -0.00256184 0.0 0.0 0.0 1.0
chess/seq-02/color/frame-000166.color.png chess/seq-02/color/frame-000167.color.png 0.999982 0.00552653 -0.00230625 -0.0110022 -0.00551774 0.999978 0.00379675 0.0132398 0.00232717 -0.00378397 0.99999 0.000193805 0.0 0.0 0.0 1.0
chess/seq-02/color/frame-000167.color.png chess/seq-02/color/frame-000168.color.png 0.999993 0.00313918 -0.00196792 -0.00323743 -0.00313953 0.999995 -0.000171787 0.00867298 0.00196738 0.000177987 0.999998 0.000673503 0.0 0.0 0.0 1.0
chess/seq-02/color/frame-000168.color.png chess/seq-02/color/frame-000169.color.png 0.999986 0.00511733 -0.00151542 -0.00500783 -0.00511414 0.999985 0.00209486 0.00974312 0.00152611 -0.00208708 0.999997 4.33326e-05 0.0 0.0 0.0 1.0
chess/seq-02/color/frame-000169.color.png chess/seq-02/color/frame-000170.color.png 0.99997 0.00733277 -0.00261459 -0.00372404 -0.00732289 0.999966 0.00376745 0.00813508 0.00264214 -0.00374821 0.99999 -0.000429258 0.0 0.0 0.0 1.0
chess/seq-02/color/frame-000170.color.png chess/seq-02/color/frame-000171.color.png 0.999953 0.00953064 0.00172086 -0.0123707 -0.00954306 0.999927 0.00735759 0.0129886 -0.00165063 -0.00737365 0.999971 0.00493933 0.0 0.0 0.0 1.0
chess/seq-02/color/frame-000171.color.png chess/seq-02/color/frame-000172.color.png 0.999998 0.00211179 -0.000559088 -0.00821361 -0.00211206 0.999998 -0.000464562 0.00775456 0.000558104 0.000465748 1.0 0.00014852 0.0 0.0 0.0 1.0
chess/seq-02/color/frame-000172.color.png chess/seq-02/color/frame-000173.color.png 0.99994 0.0109148 -0.00110356 -0.0110333 -0.0109169 0.999939 -0.00185327 0.0205255 0.00108326 0.00186521 0.999998 0.00125432 0.0 0.0 0.0 1.0
chess/seq-02/color/frame-000173.color.png chess/seq-02/color/frame-000174.color.png 0.999986 0.00419682 0.0032469 -0.0113325 -0.00420375 0.999989 0.00212862 0.00590038 -0.00323791 -0.00214225 0.999992 0.00037165 0.0 0.0 0.0 1.0
