chess/seq-02/color/frame-000000.color.png chess/seq-02/color/frame-000002.color.png 0.999999 -0.000369502 -0.00148856 -4.87177e-05 0.000377682 0.999985 0.00549859 -0.00016948 0.0014865 -0.00549915 0.999984 0.000166068 0.0 0.0 0.0 1.0
chess/seq-02/color/frame-000002.color.png chess/seq-02/color/frame-000004.color.png 0.999999 -0.000862035 -0.000593063 0.00170704 0.000865007 0.999987 0.00503011 0.00154863 0.00058872 -0.00503062 0.999987 3.20009e-05 0.0 0.0 0.0 1.0
chess/seq-02/color/frame-000004.color.png chess/seq-02/color/frame-000006.color.png 0.999984 -0.00531401 0.00178419 0.00178409 0.00530359 0.999969 0.00579231 -0.000989318 -0.00181491 -0.00578276 0.999982 0.000223431 0.0 0.0 0.0 1.0
chess/seq-02/color/frame-000006.color.png chess/seq-02/color/frame-000008.color.png 0.999991 -0.00357864 0.00219286 0.00231373 0.00357291 0.99999 0.0026096 -7.12945e-05 -0.00220218 -0.00260174 0.999994 0.000313973 0.0 0.0 0.0 1.0
chess/seq-02/color/frame-000008.color.png chess/seq-02/color/frame-000010.color.png 0.999996 0.00137305 -0.00252605 0.00197371 -0.00136751 0.999997 0.00219535 0.000689119 0.00252906 -0.00219188 0.999994 -0.00137225 0.0 0.0 0.0 1.0
chess/seq-02/color/frame-000010.color.png chess/seq-02/color/frame-000012.color.png 0.999999 4.09341e-05 -0.00149099 0.00102816 -4.41945e-05 0.999998 -0.00218723 7.49852e-05 0.0014909 0.0021873 0.999997 -0.00153834 0.0 0.0 0.0 1.0
chess/seq-02/color/frame-000012.color.png chess/seq-02/color/frame-000014.color.png 0.999922 -0.000892137 -0.0124623 0.000165676 0.000855602 0.999995 -0.00293659 -0.000980651 0.0124648 0.0029257 0.999918 -0.0031202 0.0 0.0 0.0 1.0
chess/seq-02/color/frame-000014.color.png chess/seq-02/color/frame-000016.color.png 0.999897 0.00268373 -0.0141083 -0.000683872 -0.00270525 0.999995 -0.00150604 -0.000223751 0.0141042 0.00154405 0.999899 -8.97949e-05 0.0 0.0 0.0 1.0
chess/seq-02/color/frame-000016.color.png chess/seq-02/color/frame-000018.color.png 0.999601 0.0119506 -0.0255945 -0.00349336 -0.0119965 0.999927 -0.00163795 -1.355e-06 0.025573 0.00194434 0.999671 -0.00230574 0.0 0.0 0.0 1.0
chess/seq-02/color/frame-000018.color.png chess/seq-02/color/frame-000020.color.png 0.99841 0.0287214 -0.0484989 0.000548836 -0.0291149 0.999548 -0.00742651 0.0021246 0.0482637 0.00882675 0.998796 -0.00167749 0.0 0.0 0.0 1.0
chess/seq-02/color/frame-000020.color.png chess/seq-02/color/frame-000022.color.png 0.998696 0.0332939 -0.0386948 -0.00487777 -0.0332953 0.999445 0.000607321 -9.07576e-05 0.0386936 0.000681826 0.999251 -0.0018398 0.0 0.0 0.0 1.0
chess/seq-02/color/frame-000022.color.png chess/seq-02/color/frame-000024.color.png 0.998529 0.028448 -0.0461637 -0.00450093 -0.028557 0.999591 -0.00170433 0.000954473 0.0460963 0.00302012 0.998933 -0.00187856 0.0 0.0 0.0 1.0
chess/seq-02/color/frame-000024.color.png chess/seq-02/color/frame-000026.color.png 0.998603 0.0210399 -0.0484731 -0.00332013 -0.0213413 0.999756 -0.00570898 -0.000601911 0.0483411 0.00673549 0.998808 -0.00250419 0.0 0.0 0.0 1.0
chess/seq-02/color/frame-000026.color.png chess/seq-02/color/frame-000028.color.png 0.999196 0.0177129 -0.0359652 -0.00385373 -0.0177984 0.999839 -0.00205657 0.000206018 0.035923 0.00269503 0.999351 -0.00371426 0.0 0.0 0.0 1.0
chess/seq-02/color/frame-000028.color.png chess/seq-02/color/frame-000030.color.png 0.99945 0.0123056 -0.0308013 -0.00397497 -0.0124496 0.999913 -0.00448973 -0.000949638 0.0307433 0.00487073 0.999515 -0.00243753 0.0 0.0 0.0 1.0
chess/seq-02/color/frame-000030.color.png chess/seq-02/color/frame-000032.color.png 0.999414 0.017776 -0.0292469 0.00328195 -0.017992 0.999813 -0.00713791 -0.000256846 0.0291145 0.00765994 0.999547 -0.00225595 0.0 0.0 0.0 1.0
chess/seq-02/color/frame-000032.color.png chess/seq-02/color/frame-000034.color.png 0.999863 0.0100758 -0.0131543 -0.00485636 -0.0101447 0.999935 -0.00518235 -0.00128915 0.0131012 0.00531509 0.9999 -0.00185172 0.0 0.0 0.0 1.0
chess/seq-02/color/frame-000034.color.png chess/seq-02/color/frame-000036.color.png 0.999731 0.00923211 -0.021293 -0.00511651 -0.00904271 0.999919 0.00897149 0.00112982 0.0213742 -0.00877653 0.999733 -0.00117655 0.0 0.0 0.0 1.0
chess/seq-02/color/frame-000036.color.png chess/seq-02/color/frame-000038.color.png 0.999961 0.00451528 -0.00762593 0.00476458 -0.00446894 0.999971 0.00609205 0.00146645 0.00765317 -0.00605772 0.999952 0.0106568 0.0 0.0 0.0 1.0
chess/seq-02/color/frame-000038.color.png chess/seq-02/color/frame-000040.color.png 0.999856 -0.00257599 0.0167688 0.00386552 0.00264332 0.999989 -0.00399085 -8.90652e-05 -0.0167584 0.0040346 0.999851 0.00473476 0.0 0.0 0.0 1.0
chess/seq-02/color/frame-000040.color.png chess/seq-02/color/frame-000042.color.png 0.999414 -0.0185547 0.0287744 0.00313419 0.0184398 0.999821 0.00425276 -0.000728434 -0.028848 -0.00371967 0.999577 0.00277765 0.0 0.0 0.0 1.0
chess/seq-02/color/frame-000042.color.png chess/seq-02/color/frame-000044.color.png 0.999021 -0.0271843 0.0348961 0.00578698 0.026932 0.999608 0.00768114 -0.00425212 -0.0350913 -0.0067338 0.999361 0.00912734 0.0 0.0 0.0 1.0
chess/seq-02/color/frame-000044.color.png chess/seq-02/color/frame-000046.color.png 0.998522 -0.0233969 0.0490477 0.0058197 0.0235252 0.999721 -0.00203868 0.00189574 -0.0489863 0.00318952 0.998794 -0.00281732 0.0 0.0 0.0 1.0
chess/seq-02/color/frame-000046.color.png chess/seq-02/color/frame-000048.color.png 0.998681 -0.0244979 0.0451319 0.00486477 0.024523 0.999699 -2.94288e-06 -0.00544945 -0.0451182 0.0011097 0.998981 0.0043083 0.0 0.0 0.0 1.0
chess/seq-02/color/frame-000048.color.png chess/seq-02/color/frame-000050.color.png 0.99864 -0.0320505 0.0411259 0.0065916 0.0318102 0.999473 0.00648422 -0.00590261 -0.0413121 -0.00516718 0.999133 0.00426929 0.0 0.0 0.0 1.0
chess/seq-02/color/frame-000050.color.png chess/seq-02/color/frame-000052.color.png 0.998557 -0.0188177 0.0503047 0.00291102 0.0190808 0.999807 -0.00475551 0.00130888 -0.0502055 0.0057085 0.998723 0.00979764 0.0 0.0 0.0 1.0
chess/seq-02/color/frame-000052.color.png chess/seq-02/color/frame-000054.color.png 0.997964 -0.0259435 0.0582745 0.00224003 0.0258025 0.999662 0.00317166 -0.00361481 -0.0583371 -0.00166158 0.998296 0.0050853 0.0 0.0 0.0 1.0
chess/seq-02/color/frame-000054.color.png chess/seq-02/color/frame-000056.color.png 0.99934 -0.0181413 0.0314769 0.00219774 0.0179092 0.999811 0.00764156 -0.00565568 -0.0316096 -0.00707279 0.999475 0.00407579 0.0 0.0 0.0 1.0
chess/seq-02/color/frame-000056.color.png chess/seq-02/color/frame-000058.color.png 0.99887 -0.0249041 0.0404794 0.00580306 0.0248003 0.999688 0.00306563 0.000278877 -0.0405431 -0.00205827 0.999176 0.00891002 0.0 0.0 0.0 1.0
chess/seq-02/color/frame-000058.color.png chess/seq-02/color/frame-000060.color.png 0.998667 -0.0225677 0.046428 0.00270201 0.0222462 0.999725 0.00743115 -0.00496649 -0.0465829 -0.0063884 0.998894 0.00634175 0.0 0.0 0.0 1.0
chess/seq-02/color/frame-000060.color.png chess/seq-02/color/frame-000062.color.png 0.99897 -0.0177731 0.0417571 0.00237942 0.0174475 0.999815 0.00815009 -0.00435459 -0.0418942 -0.00741313 0.999095 0.00715221 0.0 0.0 0.0 1.0
chess/seq-02/color/frame-000062.color.png chess/seq-02/color/frame-000064.color.png 0.999496 -0.0190113 0.0254391 -0.00159797 0.0187835 0.999781 0.00916256 -0.00580401 -0.0256077 -0.0086801 0.999634 0.00487795 0.0 0.0 0.0 1.0
chess/seq-02/color/frame-000064.color.png chess/seq-02/color/frame-000066.color.png 0.999848 -0.0134551 0.0111304 2.53059e-05 0.0134246 0.999906 0.0028084 -0.00223396 -0.0111672 -0.00265855 0.999934 0.00382124 0.0 0.0 0.0 1.0
chess/seq-02/color/frame-000066.color.png chess/seq-02/color/frame-000068.color.png 0.999916 3.59511e-06 -0.0129492 -0.00900923 -2.77965e-05 0.999998 -0.00186755 -0.00384201 0.0129492 0.00186777 0.999914 0.000254042 0.0 0.0 0.0 1.0
chess/seq-02/color/frame-000068.color.png chess/seq-02/color/frame-000070.color.png 0.998806 0.0153335 -0.0463907 -0.00275134 -0.0156894 0.99985 -0.00731681 -0.00632364 0.0462716 0.00803591 0.998897 -0.00342235 0.0 0.0 0.0 1.0
chess/seq-02/color/frame-000070.color.png chess/seq-02/color/frame-000072.color.png 0.998625 0.0180002 -0.0492391 -0.00714752 -0.0178753 0.999836 0.00297547 -0.00583133 0.0492846 -0.00209122 0.998783 -0.0081795 0.0 0.0 0.0 1.0
chess/seq-02/color/frame-000072.color.png chess/seq-02/color/frame-000074.color.png 0.999089 0.0092202 -0.0416712 -1.11479e-05 -0.00908057 0.999953 0.00353938 -0.00533097 0.0417019 -0.00315776 0.999125 0.000106826 0.0 0.0 0.0 1.0
chess/seq-02/color/frame-000074.color.png chess/seq-02/color/frame-000076.color.png 0.998273 0.0104847 -0.0578084 -0.00379898 -0.00979704 0.999878 0.0121657 -0.00561218 0.0579289 -0.0115784 0.998254 -0.00550295 0.0 0.0 0.0 1.0
chess/seq-02/color/frame-000076.color.png chess/seq-02/color/frame-000078.color.png 0.997462 0.0125109 -0.0700881 -0.00414915 -0.0121581 0.999911 0.0054573 -0.00749767 0.0701501 -0.00459132 0.997526 -0.0053585 0.0 0.0 0.0 1.0
chess/seq-02/color/frame-000078.color.png chess/seq-02/color/frame-000080.color.png 0.997647 0.0194334 -0.0657529 0.000679796 -0.0197716 0.999794 -0.00449665 -0.0208214 0.065652 0.00578611 0.997826 -0.0113771 0.0 0.0 0.0 1.0
chess/seq-02/color/frame-000080.color.png chess/seq-02/color/frame-000082.color.png 0.997965 0.0272482 -0.0576401 0.0039213 -0.0280299 0.999525 -0.0127966 -0.0101254 0.0572641 0.0143862 0.998255 -0.00788322 0.0 0.0 0.0 1.0
chess/seq-02/color/frame-000082.color.png chess/seq-02/color/frame-000084.color.png 0.997829 0.019498 -0.062909 -0.000850434 -0.0198522 0.99979 -0.00500961 -0.0199426 0.0627982 0.00624761 0.998007 -0.00825633 0.0 0.0 0.0 1.0
chess/seq-02/color/frame-000084.color.png chess/seq-02/color/frame-000086.color.png 0.998422 0.027964 -0.0486986 0.00584159 -0.0290573 0.999338 -0.0218887 -0.0150587 0.0480542 0.0232692 0.998574 -0.00514022 0.0 0.0 0.0 1.0
chess/seq-02/color/frame-000086.color.png chess/seq-02/color/frame-000088.color.png 0.999484 0.0234075 -0.0219858 0.00146127 -0.0240778 0.999238 -0.0307359 -0.0178314 0.0212495 0.0312494 0.999286 -0.00265775 0.0 0.0 0.0 1.0
chess/seq-02/color/frame-000088.color.png chess/seq-02/color/frame-000090.color.png 0.999705 0.019228 -0.0148141 -0.00103733 -0.0196472 0.999395 -0.0286916 -0.0197574 0.0142535 0.0289742 0.999479 -0.00340269 0.0 0.0 0.0 1.0
chess/seq-02/color/frame-000090.color.png chess/seq-02/color/frame-000092.color.png 0.999633 0.0108606 -0.0248157 -0.000152342 -0.0113951 0.999704 -0.0214985 -0.0167859 0.0245749 0.0217734 0.999461 -0.00578755 0.0 0.0 0.0 1.0
chess/seq-02/color/frame-000092.color.png chess/seq-02/color/frame-000094.color.png 0.999686 0.00675155 -0.0241153 0.00225378 -0.0071135 0.999863 -0.0149553 -0.0219824 0.024011 0.0151221 0.999597 0.00255231 0.0 0.0 0.0 1.0
chess/seq-02/color/frame-000094.color.png chess/seq-02/color/frame-000096.color.png 0.999929 0.00631165 -0.0100657 -0.000856207 -0.00643109 0.999909 -0.0118791 -0.0272182 0.00998978 0.011943 0.999879 -0.00256634 0.0 0.0 0.0 1.0
chess/seq-02/color/frame-000096.color.png chess/seq-02/color/frame-000098.color.png 0.999947 0.00119864 -0.0101949 -0.00126615 -0.00132573 0.999921 -0.0124679 -0.0244776 0.0101792 0.0124807 0.99987 -0.00124774 0.0 0.0 0.0 1.0
chess/seq-02/color/frame-000098.color.png chess/seq-02/color/frame-000100.color.png 0.999935 -0.0105623 -0.00426013 -0.00401357 0.0105229 0.999902 -0.00917709 -0.0254608 0.00435652 0.00913164 0.999949 -0.00286674 0.0 0.0 0.0 1.0
chess/seq-02/color/frame-000100.color.png chess/seq-02/color/frame-000102.color.png 1.0 -0.000215522 1.60963e-05 -0.00307784 0.000215768 0.999841 -0.0178554 -0.0165324 -1.21682e-05 0.0178554 0.999841 0.00122854 0.0 0.0 0.0 1.0
chess/seq-02/color/frame-000102.color.png chess/seq-02/color/frame-000104.color.png 0.999956 -0.00870864 0.00360403 0.00256884 0.00880001 0.999619 -0.0261645 -0.0189915 -0.00337485 0.0261951 0.999651 0.00570509 0.0 0.0 0.0 1.0
chess/seq-02/color/frame-000104.color.png chess/seq-02/color/frame-000106.color.png 0.999848 -0.0148913 0.00901781 0.000560214 0.0149116 0.999886 -0.00218682 -0.0188742 -0.00898424 0.00232094 0.999957 0.000800505 0.0 0.0 0.0 1.0
chess/seq-02/color/frame-000106.color.png chess/seq-02/color/frame-000108.color.png 0.999757 0.00242678 0.0218893 -0.00463335 -0.00231668 0.999985 -0.00505391 -0.0416901 -0.0219012 0.00500197 0.999748 -0.0064084 0.0 0.0 0.0 1.0
chess/seq-02/color/frame-000108.color.png chess/seq-02/color/frame-000110.color.png 0.999893 -0.0120616 0.00821683 0.00249441 0.0121493 0.999869 -0.0107024 -0.00580305 -0.00808659 0.0108011 0.999909 0.00344314 0.0 0.0 0.0 1.0
chess/seq-02/color/frame-000110.color.png chess/seq-02/color/frame-000112.color.png 0.999857 -0.00611779 0.0157476 0.0108055 0.00617292 0.999975 -0.00345633 -0.0209298 -0.015726 0.003553 0.99987 0.00406907 0.0 0.0 0.0 1.0
chess/seq-02/color/frame-000112.color.png chess/seq-02/color/frame-000114.color.png 0.999579 -0.0139992 0.0254036 0.0100042 0.0143952 0.999777 -0.0154723 -0.01547 -0.0251814 0.0158315 0.999557 0.000839576 0.0 0.0 0.0 1.0
chess/seq-02/color/frame-000114.color.png chess/seq-02/color/frame-000116.color.png 0.999598 -0.0161361 0.0233185 0.0181753 0.0161301 0.99987 0.000447971 -0.0173194 -0.0233227 -7.16702e-05 0.999728 0.00842514 0.0 0.0 0.0 1.0
chess/seq-02/color/frame-000116.color.png chess/seq-02/color/frame-000118.color.png 0.999458 -0.0165275 0.0284606 0.0230618 0.0165332 0.999863 3.70831e-05 -0.0154205 -0.0284572 0.000433506 0.999595 -0.00482843 0.0 0.0 0.0 1.0
chess/seq-02/color/frame-000118.color.png chess/seq-02/color/frame-000120.color.png 0.999296 -0.0220344 0.0303832 0.00912842 0.0219921 0.999757 0.00172287 -0.00421286 -0.0304138 -0.00105352 0.999537 0.00905332 0.0 0.0 0.0 1.0
chess/seq-02/color/frame-000120.color.png chess/seq-02/color/frame-000122.color.png 0.999767 -0.00639609 0.0205999 0.0141959 0.00632704 0.999974 0.00341471 -0.0137774 -0.0206212 -0.00328353 0.999782 -0.00728673 0.0 0.0 0.0 1.0
chess/seq-02/color/frame-000122.color.png chess/seq-02/color/frame-000124.color.png 0.999012 -0.0218009 0.0387187 0.0112852 0.0219755 0.99975 -0.00408781 4.36306e-05 -0.0386199 0.0049346 0.999242 0.0137844 0.0 0.0 0.0 1.0
chess/seq-02/color/frame-000124.color.png chess/seq-02/color/frame-000126.color.png 0.999502 -0.0149078 0.027796 0.022912 0.0149044 0.999889 0.000329404 -0.0139342 -0.0277979 8.50605e-05 0.999614 0.0056376 0.0 0.0 0.0 1.0
chess/seq-02/color/frame-000126.color.png chess/seq-02/color/frame-000128.color.png 0.999489 -0.0248323 0.0201054 0.0184238 0.0248194 0.999692 0.000887212 -0.011943 -0.0201212 -0.000387737 0.999797 0.00974886 0.0 0.0 0.0 1.0
chess/seq-02/color/frame-000128.color.png chess/seq-02/color/frame-000130.color.png 0.999689 -0.0202732 0.0145579 0.0179333 0.0203121 0.99979 -0.00252619 -0.00368744 -0.0145037 0.0028211 0.999891 0.00621654 0.0 0.0 0.0 1.0
chess/seq-02/color/frame-000130.color.png chess/seq-02/color/frame-000132.color.png 0.999933 -0.00884543 0.007407 0.0161122 0.00876792 0.999907 0.010432 -0.0223103 -0.00749858 -0.0103663 0.999918 -0.000822376 0.0 0.0 0.0 1.0
chess/seq-02/color/frame-000132.color.png chess/seq-02/color/frame-000134.color.png 0.999763 -0.0173032 0.0132301 0.00626212 0.0172717 0.999848 0.00249051 0.00292954 -0.0132711 -0.00226143 0.999909 0.00505434 0.0 0.0 0.0 1.0
chess/seq-02/color/frame-000134.color.png chess/seq-02/color/frame-000136.color.png 0.999738 -0.0224014 0.0047319 0.0148478 0.022374 0.999733 0.00576703 -0.000397354 -0.00485982 -0.00565959 0.999972 0.0126713 0.0 0.0 0.0 1.0
chess/seq-02/color/frame-000136.color.png chess/seq-02/color/frame-000138.color.png 0.999846 -0.0148825 0.0093025 0.00256276 0.0148415 0.99988 0.004455 -0.00883213 -0.0093677 -0.00431627 0.999947 0.0147197 0.0 0.0 0.0 1.0
chess/seq-02/color/frame-000138.color.png chess/seq-02/color/frame-000140.color.png 0.999919 -0.00954413 0.00839628 0.0201532 0.0094981 0.99994 0.00550387 -0.00707063 -0.00844829 -0.00542365 0.99995 0.0180263 0.0 0.0 0.0 1.0
chess/seq-02/color/frame-000140.color.png chess/seq-02/color/frame-000142.color.png 0.999982 -0.00560262 0.00215991 0.0234991 0.00558896 0.999965 0.00628548 -0.000813693 -0.00219505 -0.00627332 0.999978 0.00459585 0.0 0.0 0.0 1.0
chess/seq-02/color/frame-000142.color.png chess/seq-02/color/frame-000144.color.png 0.999966 -0.00754098 0.00327212 0.0198272 0.00755033 0.999967 -0.00285518 0.00888532 -0.00325048 0.0028798 0.999991 0.0178976 0.0 0.0 0.0 1.0
chess/seq-02/color/frame-000144.color.png chess/seq-02/color/frame-000146.color.png 0.999906 -0.0126365 -0.00523845 0.0130402 0.0126769 0.99989 0.00774667 -0.00252724 0.00513994 -0.00781239 0.999956 0.00643887 0.0 0.0 0.0 1.0
chess/seq-02/color/frame-000146.color.png chess/seq-02/color/frame-000148.color.png 0.999984 -0.00536529 -0.00167479 0.00633824 0.00537185 0.999978 0.0039295 0.00590658 0.00165366 -0.00393841 0.999991 0.012593 0.0 0.0 0.0 1.0
chess/seq-02/color/frame-000148.color.png chess/seq-02/color/frame-000150.color.png 0.999991 0.00345724 0.0026155 0.01588 -0.00345715 0.999994 -4.43678e-05 0.0271002 -0.00261563 3.53668e-05 0.999996 0.0230128 0.0 0.0 0.0 1.0
chess/seq-02/color/frame-000150.color.png chess/seq-02/color/frame-000152.color.png 0.999869 0.00115822 -0.016156 0.0532114 -0.000687672 0.999576 0.0291007 -0.00261936 0.0161829 -0.0290859 0.999446 0.00642397 0.0 0.0 0.0 1.0
chess/seq-02/color/frame-000152.color.png chess/seq-02/color/frame-000154.color.png 0.99999 0.00442576 -0.00117973 0.00505567 -0.00440788 0.999882 0.0147423 0.00456247 0.00124483 -0.0147369 0.999891 0.00302359 0.0 0.0 0.0 1.0
chess/seq-02/color/frame-000154.color.png chess/seq-02/color/frame-000156.color.png 0.999977 -0.00417281 -0.00526809 -0.000600964 0.00422151 0.999948 0.00927019 0.00866249 0.00522914 -0.00929224 0.999943 0.00757707 0.0 0.0 0.0 1.0
chess/seq-02/color/frame-000156.color.png chess/seq-02/color/frame-000158.color.png 0.999974 0.00376777 -0.00607363 0.00497082 -0.00379721 0.999981 -0.00484367 0.0263957 0.00605528 0.00486663 0.99997 0.00913605 0.0 0.0 0.0 1.0
chess/seq-02/color/frame-000158.color.png chess/seq-02/color/frame-000160.color.png 0.999985 0.00480982 0.00243082 -0.00119624 -0.00482906 0.999957 0.00796966 0.0106085 -0.00239237 -0.00798128 0.999965 0.00781327 0.0 0.0 0.0 1.0
chess/seq-02/color/frame-000160.color.png chess/seq-02/color/frame-000162.color.png 0.999849 0.0155148 0.00788091 0.00295219 -0.0154659 0.999861 -0.00623327 0.0255154 -0.00797655 0.00611042 0.99995 0.00377142 0.0 0.0 0.0 1.0
chess/seq-02/color/frame-000162.color.png chess/seq-02/color/frame-000164.color.png 0.999892 0.0107359 0.0100793 -0.0115 -0.010699 0.999936 -0.0037093 0.0277872 -0.0101185 0.00360111 0.999942 0.0170672 0.0 0.0 0.0 1.0
chess/seq-02/color/frame-000164.color.png chess/seq-02/color/frame-000166.color.png 0.999994 0.00309025 -0.00145104 -0.00642166 -0.00308692 0.999993 0.00228881 0.0173201 0.00145808 -0.00228434 0.999996 -0.000162333 0.0 0.0 0.0 1.0
chess/seq-02/color/frame-000166.color.png chess/seq-02/color/frame-000168.color.png 0.999957 0.00836508 -0.00402583 -0.0150045 -0.00835179 0.99996 0.00330425 0.0232233 0.00405331 -0.0032705 0.999986 0.00205442 0.0 0.0 0.0 1.0
chess/seq-02/color/frame-000168.color.png chess/seq-02/color/frame-000170.color.png 0.999932 0.0106478 -0.00468183 -0.00857988 -0.0106246 0.999931 0.00497052 0.0192074 0.00473445 -0.00492041 0.999977 0.00167488 0.0 0.0 0.0 1.0
chess/seq-02/color/frame-000170.color.png chess/seq-02/color/frame-000172.color.png 0.99991 0.0133189 0.00157483 -0.0204617 -0.0133303 0.999884 0.00742928 0.0204121 -0.00147573 -0.00744961 0.999971 0.00326946 0.0 0.0 0.0 1.0
chess/seq-02/color/frame-000172.color.png chess/seq-02/color/frame-000174.color.png 0.999881 0.0154287 0.000783563 -0.0183934 -0.0154279 0.999881 -0.000932981 0.0277641 -0.000797849 0.000920771 0.999999 0.00363337 0.0 0.0 0.0 1.0
chess/seq-02/color/frame-000174.color.png chess/seq-02/color/frame-000176.color.png 0.999964 0.00777142 -0.00344635 -0.0149575 -0.00777139 0.99997 2.33793e-05 0.0259854 0.00344641 3.4118e-06 0.999994 0.00740027 0.0 0.0 0.0 1.0
chess/seq-02/color/frame-000176.color.png chess/seq-02/color/frame-000178.color.png 0.999794 0.0184546 0.00847265 -0.0260278 -0.018595 0.999686 0.0168022 0.0193086 -0.00815992 -0.0169562 0.999823 -0.00567435 0.0 0.0 0.0 1.0
chess/seq-02/color/frame-000178.color.png chess/seq-02/color/frame-000180.color.png 0.999914 0.0128173 0.00269091 -0.0298986 -0.0128466 0.999855 0.0111665 0.0354334 -0.00254742 -0.0112001 0.999934 0.00872211 0.0 0.0 0.0 1.0
chess/seq-02/color/frame-000180.color.png chess/seq-02/color/frame-000182.color.png 0.999958 0.00885112 0.00233677 -0.0178653 -0.00889569 0.999764 0.0198107 0.00663565 -0.00216086 -0.0198307 0.999801 -0.00653341 0.0 0.0 0.0 1.0
chess/seq-02/color/frame-000182.color.png chess/seq-02/color/frame-000184.color.png 0.999974 0.00612681 -0.00370869 -0.0282434 -0.00604227 0.999731 0.0223961 0.0180314 0.0038449 -0.0223731 0.999742 -0.00544785 0.0 0.0 0.0 1.0
chess/seq-02/color/frame-000184.color.png chess/seq-02/color/frame-000186.color.png 0.999819 -0.00616227 -0.0179811 -0.025946 0.00652124 0.999779 0.0199736 0.0266398 0.017854 -0.0200872 0.999639 0.00132525 0.0 0.0 0.0 1.0
chess/seq-02/color/frame-000186.color.png chess/seq-02/color/frame-000188.color.png 0.99992 -0.0022809 -0.0124701 -0.0138023 0.00259415 0.99968 0.0251617 0.0091993 0.0124087 -0.0251921 0.999606 -0.00858012 0.0 0.0 0.0 1.0
chess/seq-02/color/frame-000188.color.png chess/seq-02/color/frame-000190.color.png 0.99999 -0.000323488 -0.00442569 -0.0343661 0.000459491 0.999527 0.0307635 0.0148136 0.00441365 -0.0307652 0.999517 -0.00171457 0.0 0.0 0.0 1.0
chess/seq-02/color/frame-000190.color.png chess/seq-02/color/frame-000192.color.png 0.9999 0.0110143 -0.00883164 -0.0175856 -0.0108267 0.999721 0.0210184 0.00471152 0.00906064 -0.0209206 0.99974 -0.00792061 0.0 0.0 0.0 1.0
chess/seq-02/color/frame-000192.color.png chess/seq-02/color/frame-000194.color.png 0.999816 0.00990989 -0.0163949 -0.0235392 -0.009635 0.999813 0.0167622 0.0103519 0.016558 -0.0166012 0.999725 -0.00831068 0.0 0.0 0.0 1.0
chess/seq-02/color/frame-000194.color.png chess/seq-02/color/frame-000196.color.png 0.99991 0.00475366 -0.0125602 -0.0116686 -0.00463483 0.999944 0.00947292 0.00542949 0.0126045 -0.00941385 0.999876 -0.00757286 0.0 0.0 0.0 1.0
chess/seq-02/color/frame-000196.color.png chess/seq-02/color/frame-000198.color.png 0.999917 0.0026251 -0.0125901 -0.0227227 -0.00243349 0.999881 0.0152097 0.00596526 0.0126285 -0.0151778 0.999805 -0.00859901 0.0 0.0 0.0 1.0
chess/seq-02/color/frame-000198.color.png chess/seq-02/color/frame-000200.color.png 0.999862 0.00324083 -0.0163067 -0.00972848 -0.00294358 0.99983 0.0182204 -0.00129167 0.016363 -0.0181698 0.999701 -0.0175586 0.0 0.0 0.0 1.0
chess/seq-02/color/frame-000200.color.png chess/seq-02/color/frame-000202.color.png 0.999863 0.00315136 -0.0162208 -0.0201914 -0.0028265 0.999796 0.020011 -0.00164334 0.0162805 -0.0199624 0.999668 -0.0107326 0.0 0.0 0.0 1.0
chess/seq-02/color/frame-000202.color.png chess/seq-02/color/frame-000204.color.png 0.999954 -0.00669272 -0.0068694 -0.0138741 0.00676414 0.999923 0.0104277 -0.00355394 0.0067991 -0.0104737 0.999922 -0.00788344 0.0 0.0 0.0 1.0
chess/seq-02/color/frame-000204.color.png chess/seq-02/color/frame-000206.color.png 0.999826 -0.013512 -0.0128386 -0.020254 0.013684 0.999817 0.013403 -0.00542276 0.0126552 -0.0135764 0.999828 -0.00854892 0.0 0.0 0.0 1.0
chess/seq-02/color/frame-000206.color.png chess/seq-02/color/frame-000208.color.png 0.999889 2.45491e-05 -0.0149289 -0.0106085 -0.000145664 0.999967 -0.00811236 0.00122762 0.0149282 0.00811362 0.999856 -0.01178 0.0 0.0 0.0 1.0
chess/seq-02/color/frame-000208.color.png chess/seq-02/color/frame-000210.color.png 0.999897 0.00263705 -0.0140768 -0.0180019 -0.0026386 0.999997 -9.01275e-05 -0.0116635 0.0140765 0.000127283 0.999901 -0.0168905 0.0 0.0 0.0 1.0
chess/seq-02/color/frame-000210.color.png chess/seq-02/color/frame-000212.color.png 0.999803 -0.00386467 -0.0194497 -0.0171157 0.00384765 0.999992 -0.000912206 -0.0106294 0.0194531 0.000837178 0.99981 -0.0143113 0.0 0.0 0.0 1.0
chess/seq-02/color/frame-000212.color.png chess/seq-02/color/frame-000214.color.png 0.999548 0.00453711 -0.0297005 -0.0108339 -0.00499325 0.99987 -0.0153021 -0.0093892 0.0296272 0.0154435 0.999442 -0.0112707 0.0 0.0 0.0 1.0
chess/seq-02/color/frame-000214.color.png chess/seq-02/color/frame-000216.color.png 0.999686 0.00445122 -0.0246496 -0.00651526 -0.00475161 0.999915 -0.012141 -0.0112411 0.0245936 0.0122543 0.999622 -0.0021667 0.0 0.0 0.0 1.0
chess/seq-02/color/frame-000216.color.png chess/seq-02/color/frame-000218.color.png 0.999555 0.00669269 -0.0290722 -0.00911328 -0.0072291 0.999805 -0.0183853 -0.0202011 0.0289433 0.0185874 0.999408 -0.00772861 0.0 0.0 0.0 1.0
chess/seq-02/color/frame-000218.color.png chess/seq-02/color/frame-000220.color.png 0.999675 0.00687234 -0.0245514 -0.0131746 -0.00752797 0.999615 -0.0267114 -0.0234675 0.0243585 0.0268875 0.999342 -0.0162218 0.0 0.0 0.0 1.0
chess/seq-02/color/frame-000220.color.png chess/seq-02/color/frame-000222.color.png 0.999902 0.00107155 -0.013933 -0.0108539 -0.0014456 0.999638 -0.026865 -0.0232812 0.013899 0.0268825 0.999542 -0.0101871 0.0 0.0 0.0 1.0
chess/seq-02/color/frame-000222.color.png chess/seq-02/color/frame-000224.color.png 0.999835 -0.000551353 -0.0181478 -0.00227901 7.05818e-05 0.999649 -0.0264839 -0.0207416 0.0181561 0.0264783 0.999484 -0.00334781 0.0 0.0 0.0 1.0
chess/seq-02/color/frame-000224.color.png chess/seq-02/color/frame-000226.color.png 0.999906 -0.00198306 -0.0135858 0.00129482 0.00164686 0.999693 -0.0247113 -0.0228357 0.0136307 0.0246866 0.999602 -0.00213776 0.0 0.0 0.0 1.0
chess/seq-02/color/frame-000226.color.png chess/seq-02/color/frame-000228.color.png 0.999969 -0.00375319 -0.00695075 -0.000712946 0.00352913 0.999483 -0.0319754 -0.0214625 0.00706716 0.0319498 0.999465 0.000712978 0.0 0.0 0.0 1.0
chess/seq-02/color/frame-000228.color.png chess/seq-02/color/frame-000230.color.png 0.999997 -0.00253786 0.000149493 -0.000516847 0.00254103 0.999598 -0.02823 -0.026537 -7.77627e-05 0.0282303 0.999601 -0.00235934 0.0 0.0 0.0 1.0
chess/seq-02/color/frame-000230.color.png chess/seq-02/color/frame-000232.color.png 0.999908 -0.0112157 0.00757903 0.00217247 0.011343 0.999792 -0.0169695 -0.0196593 -0.00738711 0.0170539 0.999827 -0.00462931 0.0 0.0 0.0 1.0
chess/seq-02/color/frame-000232.color.png chess/seq-02/color/frame-000234.color.png 0.999929 -0.0115808 0.00266615 -0.00295199 0.0116151 0.999845 -0.0132385 -0.0230966 -0.00251247 0.0132685 0.999909 -0.000637243 0.0 0.0 0.0 1.0
chess/seq-02/color/frame-000234.color.png chess/seq-02/color/frame-000236.color.png 0.999935 -0.0107985 -0.00379126 0.00950028 0.0107331 0.9998 -0.0168838 -0.0192896 0.00397284 0.016842 0.99985 -0.00134847 0.0 0.0 0.0 1.0
chess/seq-02/color/frame-000236.color.png chess/seq-02/color/frame-000238.color.png 0.999922 -0.00529297 -0.0112796 -0.00119263 0.00511346 0.999861 -0.0158839 -0.0250856 0.011362 0.015825 0.99981 0.00501803 0.0 0.0 0.0 1.0
chess/seq-02/color/frame-000238.color.png chess/seq-02/color/frame-000240.color.png 0.999806 -0.0184576 0.0068087 0.0131209 0.018598 0.999603 -0.0211668 -0.0169754 -0.00641522 0.0212893 0.999753 -0.00035131 0.0 0.0 0.0 1.0
chess/seq-02/color/frame-000240.color.png chess/seq-02/color/frame-000242.color.png 0.999906 -0.00740934 0.011512 0.00795142 0.00760734 0.999822 -0.0172509 -0.0280414 -0.0113821 0.0173368 0.999785 0.00211301 0.0 0.0 0.0 1.0
chess/seq-02/color/frame-000242.color.png chess/seq-02/color/frame-000244.color.png 0.999966 -0.00810084 0.00117828 0.0100736 0.00812585 0.999701 -0.0230487 -0.0290501 -0.000991207 0.0230576 0.999734 0.00821881 0.0 0.0 0.0 1.0
chess/seq-02/color/frame-000244.color.png chess/seq-02/color/frame-000246.color.png 0.999844 -0.0143917 0.0102567 0.00575817 0.0146257 0.999626 -0.0231173 -0.00700858 -0.0099202 0.0232637 0.99968 0.0116242 0.0 0.0 0.0 1.0
chess/seq-02/color/frame-000246.color.png chess/seq-02/color/frame-000248.color.png 0.999907 -0.00231777 0.0134471 0.0128214 0.00245976 0.999941 -0.0105509 -0.0176551 -0.0134218 0.010583 0.999854 0.00639536 0.0 0.0 0.0 1.0
chess/seq-02/color/frame-000248.color.png chess/seq-02/color/frame-000250.color.png 0.99999 -0.0041909 0.00123754 0.0167596 0.0042017 0.999952 -0.00887359 -0.0162396 -0.0012003 0.00887872 0.99996 0.00467726 0.0 0.0 0.0 1.0
chess/seq-02/color/frame-000250.color.png chess/seq-02/color/frame-000252.color.png 0.999944 -0.000213102 0.0106018 0.0217047 0.000441143 0.999768 -0.021512 -0.0150037 -0.0105948 0.0215155 0.999712 0.0123028 0.0 0.0 0.0 1.0
chess/seq-02/color/frame-000252.color.png chess/seq-02/color/frame-000254.color.png 0.999753 -0.00414974 0.0218525 0.0137163 0.00459228 0.999785 -0.0202397 -0.0124398 -0.0217637 0.0203351 0.999556 0.0182242 0.0 0.0 0.0 1.0
chess/seq-02/color/frame-000254.color.png chess/seq-02/color/frame-000256.color.png 0.999879 0.0122092 0.00962661 0.0604297 -0.0121173 0.999881 -0.00954772 -0.0127496 -0.00974209 0.00942985 0.999908 0.00429499 0.0 0.0 0.0 1.0
chess/seq-02/color/frame-000256.color.png chess/seq-02/color/frame-000258.color.png 0.999928 0.00739267 0.00942537 -0.000825424 -0.00731026 0.999935 -0.00874813 -0.00461221 -0.00948944 0.0086787 0.999917 0.0228046 0.0 0.0 0.0 1.0
chess/seq-02/color/frame-000258.color.png chess/seq-02/color/frame-000260.color.png 0.99975 -0.00105526 0.0223373 0.0197642 0.001269 0.999953 -0.00955693 -0.0191185 -0.0223262 0.0095828 0.999705 0.00872097 0.0 0.0 0.0 1.0
chess/seq-02/color/frame-000260.color.png chess/seq-02/color/frame-000262.color.png 0.999393 -0.0142937 0.0317792 -0.00580421 0.0148848 0.999719 -0.018442 0.00180566 -0.0315066 0.0189039 0.999325 0.0222648 0.0 0.0 0.0 1.0
chess/seq-02/color/frame-000262.color.png chess/seq-02/color/frame-000264.color.png 0.999295 -0.0048002 0.0372312 0.0394874 0.00519661 0.999931 -0.0105578 -0.0113251 -0.037178 0.0107439 0.999251 0.00693809 0.0 0.0 0.0 1.0
chess/seq-02/color/frame-000264.color.png chess/seq-02/color/frame-000266.color.png 0.999815 -0.00862039 0.0172183 0.0178084 0.00868395 0.999956 -0.00361849 0.0115251 -0.0171864 0.00376729 0.999845 0.010795 0.0 0.0 0.0 1.0
chess/seq-02/color/frame-000266.color.png chess/seq-02/color/frame-000268.color.png 0.999859 -0.00307883 0.0164923 0.0184531 0.00291954 0.999949 0.00967151 -0.00885499 -0.0165212 -0.00962194 0.999817 0.010374 0.0 0.0 0.0 1.0
chess/seq-02/color/frame-000268.color.png chess/seq-02/color/frame-000270.color.png 0.999971 0.00463401 0.00607274 0.0636715 -0.00466891 0.999973 0.00574632 -0.000251591 -0.00604594 -0.0057745 0.999965 0.0185522 0.0 0.0 0.0 1.0
chess/seq-02/color/frame-000270.color.png chess/seq-02/color/frame-000272.color.png 0.999799 -0.00959992 0.017617 -0.00541824 0.00941087 0.999898 0.0107827 0.00210428 -0.0177187 -0.0106147 0.999787 0.00670813 0.0 0.0 0.0 1.0
chess/seq-02/color/frame-000272.color.png chess/seq-02/color/frame-000274.color.png 0.999994 -0.00224193 -0.00255499 0.0415969 0.00227862 0.999893 0.0144457 -0.00521082 0.00252236 -0.0144515 0.999892 0.0128403 0.0 0.0 0.0 1.0
chess/seq-02/color/frame-000274.color.png chess/seq-02/color/frame-000276.color.png 0.999925 -0.00529301 0.0110581 0.0112973 0.00523371 0.999972 0.00538691 0.00114125 -0.0110863 -0.00532867 0.999924 0.0141669 0.0 0.0 0.0 1.0
chess/seq-02/color/frame-000276.color.png chess/seq-02/color/frame-000278.color.png 0.999996 -0.00260538 0.00136183 0.0200793 0.00259854 0.999984 0.00498498 0.00680381 -0.00137479 -0.00498136 0.999987 0.0186675 0.0 0.0 0.0 1.0
chess/seq-02/color/frame-000278.color.png chess/seq-02/color/frame-000280.color.png 0.999984 0.00537872 0.0015767 0.0341792 -0.00540162 0.999874 0.0149038 0.00485063 -0.00149635 -0.0149121 0.999888 0.0154716 0.0 0.0 0.0 1.0
chess/seq-02/color/frame-000280.color.png chess/seq-02/color/frame-000282.color.png 0.999984 -0.00558157 0.000816347 0.0159869 0.00556615 0.999826 0.0178148 -0.00173664 -0.000915632 -0.01781 0.999841 -0.00139032 0.0 0.0 0.0 1.0
chess/seq-02/color/frame-000282.color.png chess/seq-02/color/frame-000284.color.png 0.999742 -0.0211416 -0.00826803 -0.000916213 0.021204 0.999747 0.00753838 0.0242341 0.0081066 -0.00771176 0.999937 0.0221294 0.0 0.0 0.0 1.0
chess/seq-02/color/frame-000284.color.png chess/seq-02/color/frame-000286.color.png 0.999999 -0.00165277 0.000369604 0.0029265 0.0016513 0.999991 0.00393658 0.0154288 -0.00037613 -0.00393595 0.999992 0.0101949 0.0 0.0 0.0 1.0
chess/seq-02/color/frame-000286.color.png chess/seq-02/color/frame-000288.color.png 0.999888 0.00736429 0.0130497 0.00970289 -0.00762765 0.999766 0.020249 0.0183496 -0.0128976 -0.0203463 0.99971 0.0179268 0.0 0.0 0.0 1.0
chess/seq-02/color/frame-000288.color.png chess/seq-02/color/frame-000290.color.png 0.99999 -0.00420931 0.00174689 -0.0024544 0.00418319 0.999883 0.0146908 0.0135231 -0.00180854 -0.0146834 0.999891 0.00798614 0.0 0.0 0.0 1.0
chess/seq-02/color/frame-000290.color.png chess/seq-02/color/frame-000292.color.png 0.999928 -0.00622148 0.0102297 -0.00515452 0.00595599 0.99965 0.0257832 0.0269569 -0.0103866 -0.0257204 0.999615 0.0150996 0.0 0.0 0.0 1.0
chess/seq-02/color/frame-000292.color.png chess/seq-02/color/frame-000294.color.png 0.999945 -0.00680877 0.00795142 -0.00832272 0.00662784 0.999723 0.0225613 0.00907567 -0.00810282 -0.0225073 0.999714 0.00851271 0.0 0.0 0.0 1.0
chess/seq-02/color/frame-000294.color.png chess/seq-02/color/frame-000296.color.png 1.0 0.000523609 0.000514823 -0.0063265 -0.000534241 0.999782 0.020868 0.0273772 -0.000503783 -0.0208683 0.999782 0.0115708 0.0 0.0 0.0 1.0
chess/seq-02/color/frame-000296.color.png chess/seq-02/color/frame-000298.color.png 0.999999 1.79755e-05 -0.00160482 -0.0120221 -1.04002e-06 0.999944 0.0105513 0.0231952 0.00160495 -0.0105514 0.999943 0.0100979 0.0 0.0 0.0 1.0
chess/seq-02/color/frame-000298.color.png chess/seq-02/color/frame-000300.color.png 0.999941 -0.00246426 -0.0105682 -0.0134953 0.002738 0.999659 0.0259653 0.0212494 0.0105007 -0.0259926 0.999607 0.00578097 0.0 0.0 0.0 1.0
chess/seq-02/color/frame-000300.color.png chess/seq-02/color/frame-000302.color.png 0.999953 -0.00174683 -0.00956635 -0.0185187 0.00202131 0.999584 0.0287577 0.0191674 0.00951215 -0.0287757 0.999541 0.0032413 0.0 0.0 0.0 1.0
chess/seq-02/color/frame-000302.color.png chess/seq-02/color/frame-000304.color.png 0.999907 -0.00326825 -0.0132319 -0.0020878 0.00351818 0.999815 0.018909 0.00773686 0.0131676 -0.0189538 0.999734 -0.00408247 0.0 0.0 0.0 1.0
chess/seq-02/color/frame-000304.color.png chess/seq-02/color/frame-000306.color.png 0.999989 0.00324579 -0.00332201 -0.0194023 -0.00316422 0.9997 0.0242731 0.0160133 0.00339983 -0.0242623 0.9997 -0.0056628 0.0 0.0 0.0 1.0
chess/seq-02/color/frame-000306.color.png chess/seq-02/color/frame-000308.color.png 0.999954 -0.00587133 -0.0075858 -0.0167397 0.00598389 0.999871 0.014902 0.0136353 0.0074973 -0.0149467 0.99986 -0.00425002 0.0 0.0 0.0 1.0
chess/seq-02/color/frame-000308.color.png chess/seq-02/color/frame-000310.color.png 0.999845 0.0017558 -0.0175446 -0.0192592 -0.00118422 0.99947 0.0325363 0.00915943 0.0175924 -0.0325104 0.999317 -0.0116062 0.0 0.0 0.0 1.0
chess/seq-02/color/frame-000310.color.png chess/seq-02/color/frame-000312.color.png 0.999882 0.00549533 -0.0143742 -0.013533 -0.00533487 0.999923 0.0111775 0.0190561 0.0144345 -0.0110995 0.999834 0.00342995 0.0 0.0 0.0 1.0
chess/seq-02/color/frame-000312.color.png chess/seq-02/color/frame-000314.color.png 0.999879 0.0141034 -0.00652067 -0.0145474 -0.0140107 0.999803 0.0140446 0.0119476 0.00671745 -0.0139516 0.99988 -0.00843564 0.0 0.0 0.0 1.0
chess/seq-02/color/frame-000314.color.png chess/seq-02/color/frame-000316.color.png 0.999686 0.0195553 -0.0156884 -0.0237817 -0.0191115 0.999426 0.0279602 0.0115411 0.0162262 -0.0276516 0.999486 -0.0159897 0.0 0.0 0.0 1.0
chess/seq-02/color/frame-000316.color.png chess/seq-02/color/frame-000318.color.png 0.999616 0.0247603 -0.0124713 -0.0084393 -0.0246125 0.999627 0.0118712 0.0138421 0.0127607 -0.0115596 0.999852 -0.00720006 0.0 0.0 0.0 1.0
chess/seq-02/color/frame-000318.color.png chess/seq-02/color/frame-000320.color.png 0.9995 0.0229214 -0.0217853 -0.0198241 -0.0224188 0.999483 0.0230423 0.00606532 0.0223021 -0.0225424 0.999497 -0.0135038 0.0 0.0 0.0 1.0
chess/seq-02/color/frame-000320.color.png chess/seq-02/color/frame-000322.color.png 0.999676 0.0150146 -0.0205507 -0.00730152 -0.0149024 0.999873 0.00559904 0.0035457 0.0206322 -0.00529099 0.999773 -0.0153126 0.0 0.0 0.0 1.0
chess/seq-02/color/frame-000322.color.png chess/seq-02/color/frame-000324.color.png 0.999579 0.00941195 -0.0274538 -0.00973945 -0.00930682 0.999949 0.00395385 0.00256273 0.0274896 -0.00369666 0.999615 -0.0198022 0.0 0.0 0.0 1.0
chess/seq-02/color/frame-000324.color.png chess/seq-02/color/frame-000326.color.png 0.999044 0.0178755 -0.0398957 -0.00568452 -0.0180699 0.999826 -0.00451717 -0.000589222 0.0398081 0.00523374 0.999194 -0.0251813 0.0 0.0 0.0 1.0
chess/seq-02/color/frame-000326.color.png chess/seq-02/color/frame-000328.color.png 0.9991 -0.00351954 -0.0422626 -0.00748437 0.00335171 0.999986 -0.00404095 -0.00808668 0.0422762 0.00389569 0.999098 -0.0276361 0.0 0.0 0.0 1.0
chess/seq-02/color/frame-000328.color.png chess/seq-02/color/frame-000330.color.png 0.999663 0.00164999 -0.0258986 -0.000393007 -0.00217058 0.999796 -0.0200857 0.000276685 0.0258601 0.0201352 0.999463 -0.015117 0.0 0.0 0.0 1.0
chess/seq-02/color/frame-000330.color.png chess/seq-02/color/frame-000332.color.png 0.99972 -0.0086692 -0.0220324 -0.00710987 0.00854887 0.999948 -0.00555095 -0.0143604 0.0220794 0.00536103 0.999742 -0.0355734 0.0 0.0 0.0 1.0
chess/seq-02/color/frame-000332.color.png chess/seq-02/color/frame-000334.color.png 0.999828 0.00714193 -0.0170919 0.00454157 -0.00738074 0.999876 -0.0139525 -0.012862 0.0169901 0.0140763 0.999757 -0.0279748 0.0 0.0 0.0 1.0
chess/seq-02/color/frame-000334.color.png chess/seq-02/color/frame-000336.color.png 0.999885 0.0126895 -0.0083164 0.00388861 -0.0128241 0.999784 -0.0163329 -0.0188199 0.00810733 0.0164377 0.999832 -0.0181709 0.0 0.0 0.0 1.0
chess/seq-02/color/frame-000336.color.png chess/seq-02/color/frame-000338.color.png 0.999985 0.00230329 -0.00496993 0.0085571 -0.00244613 0.999579 -0.0289278 -0.00759278 0.00490127 0.0289395 0.999569 -0.0156301 0.0 0.0 0.0 1.0
chess/seq-02/color/frame-000338.color.png chess/seq-02/color/frame-000340.color.png 0.999951 0.00200984 0.0097382 0.00978576 -0.00184278 0.999851 -0.0171337 -0.0145705 -0.00977122 0.0171149 0.999806 -0.0182965 0.0 0.0 0.0 1.0
chess/seq-02/color/frame-000340.color.png chess/seq-02/color/frame-000342.color.png 0.999956 -0.00217082 0.00914415 0.015696 0.00230004 0.999897 -0.0141477 -0.0129385 -0.00911249 0.0141681 0.999858 -0.00844399 0.0 0.0 0.0 1.0
chess/seq-02/color/frame-000342.color.png chess/seq-02/color/frame-000344.color.png 0.999835 -0.00545382 0.0173299 0.00878475 0.00576517 0.999822 -0.0179672 -0.00245708 -0.0172289 0.0180641 0.999688 -0.00784362 0.0 0.0 0.0 1.0
chess/seq-02/color/frame-000344.color.png chess/seq-02/color/frame-000346.color.png 0.999263 -0.00619191 0.0378938 0.0197555 0.00675241 0.999869 -0.0146813 -0.00555587 -0.037798 0.0149263 0.999174 0.000623845 0.0 0.0 0.0 1.0
chess/seq-02/color/frame-000346.color.png chess/seq-02/color/frame-000348.color.png 0.999306 -0.00470279 0.0369477 0.0211381 0.00516601 0.999909 -0.0124516 -0.00451477 -0.0368856 0.0126338 0.999239 -0.00834669 0.0 0.0 0.0 1.0
chess/seq-02/color/frame-000348.color.png chess/seq-02/color/frame-000350.color.png 0.999563 -0.0153713 0.0252647 0.0185073 0.0153196 0.99988 0.00224027 -0.0167535 -0.0252962 -0.00185222 0.999678 -0.0143658 0.0 0.0 0.0 1.0
chess/seq-02/color/frame-000350.color.png chess/seq-02/color/frame-000352.color.png 0.999747 -0.0101591 0.0200646 0.0193597 0.0103973 0.999876 -0.0118059 -0.01217 -0.0199421 0.0120115 0.999729 -0.0139199 0.0 0.0 0.0 1.0
chess/seq-02/color/frame-000352.color.png chess/seq-02/color/frame-000354.color.png 0.999961 -0.00473987 0.00739544 0.0264689 0.00483144 0.999911 -0.0124143 -0.00794104 -0.00733592 0.0124496 0.999896 -0.011755 0.0 0.0 0.0 1.0
