chess/seq-02/color/frame-000002.color.png chess/seq-02/color/frame-000005.color.png 0.999988 -0.00455688 0.00168731 0.00379586 0.00453802 0.999929 0.0110185 -7.10166e-05 -0.0017374 -0.0110107 0.999938 0.000581241 0.0 0.0 0.0 1.0
chess/seq-02/color/frame-000005.color.png chess/seq-02/color/frame-000008.color.png 0.999983 -0.00556362 0.00183836 0.00181372 0.00555991 0.999983 0.00201779 0.000899723 -0.00184956 -0.00200754 0.999996 -0.000534588 0.0 0.0 0.0 1.0
chess/seq-02/color/frame-000008.color.png chess/seq-02/color/frame-000011.color.png 0.999992 0.00237962 -0.00333213 0.00268685 -0.00237868 0.999997 0.000285064 0.000529324 0.0033328 -0.000277137 0.999994 -0.00286757 0.0 0.0 0.0 1.0
chess/seq-02/color/frame-000011.color.png chess/seq-02/color/frame-000014.color.png 0.999908 -0.00120465 -0.0135341 0.000947962 0.00116481 0.999995 -0.00295098 -0.00116951 0.0135376 0.00293494 0.999904 -0.00220287 0.0 0.0 0.0 1.0
chess/seq-02/color/frame-000014.color.png chess/seq-02/color/frame-000017.color.png 0.999428 0.0134387 -0.0310432 -0.0022469 -0.0135816 0.999898 -0.00439424 0.00187187 0.030981 0.00481334 0.999508 -0.00106097 0.0 0.0 0.0 1.0
chess/seq-02/color/frame-000017.color.png chess/seq-02/color/frame-000020.color.png 0.997992 0.0328131 -0.0541848 -0.00643131 -0.0331346 0.999438 -0.00504516 0.000179097 0.0539888 0.00683041 0.998518 -0.00472163 0.0 0.0 0.0 1.0
chess/seq-02/color/frame-000020.color.png chess/seq-02/color/frame-000023.color.png 0.997445 0.0462276 -0.0544598 -0.0053276 -0.046372 0.998923 -0.00138907 0.000685839 0.054337 0.00391093 0.998515 -0.000173723 0.0 0.0 0.0 1.0
chess/seq-02/color/frame-000023.color.png chess/seq-02/color/frame-000026.color.png 0.996145 0.0383366 -0.0788964 -0.00693689 -0.0388263 0.999235 -0.00468205 -0.000373861 0.0786565 0.00772725 0.996872 -0.000703778 0.0 0.0 0.0 1.0
chess/seq-02/color/frame-000026.color.png chess/seq-02/color/frame-000029.color.png 0.998671 0.0213778 -0.0468938 -0.0039057 -0.0215992 0.999758 -0.00422046 0.00122713 0.0467923 0.00522771 0.998891 -0.00470674 0.0 0.0 0.0 1.0
chess/seq-02/color/frame-000029.color.png chess/seq-02/color/frame-000032.color.png 0.99853 0.0241744 -0.0485145 -0.00104454 -0.0246331 0.999657 -0.00888046 -0.00155367 0.048283 0.0100625 0.998783 -0.00585185 0.0 0.0 0.0 1.0
chess/seq-02/color/frame-000032.color.png chess/seq-02/color/frame-000035.color.png 0.999682 0.0173457 -0.018311 -0.00780325 -0.0174103 0.999843 -0.00336956 -0.00119612 0.0182497 0.00368727 0.999827 -0.00341385 0.0 0.0 0.0 1.0
chess/seq-02/color/frame-000035.color.png chess/seq-02/color/frame-000038.color.png 0.999715 0.00938565 -0.0219609 0.00226097 -0.00918174 0.999914 0.00936642 0.0072598 0.0220469 -0.0091621 0.999715 0.00668099 0.0 0.0 0.0 1.0
chess/seq-02/color/frame-000038.color.png chess/seq-02/color/frame-000041.color.png 0.99956 -0.00681631 0.0288542 0.00335841 0.00693581 0.999968 -0.00404437 -0.00101253 -0.0288257 0.00424271 0.999576 0.00480589 0.0 0.0 0.0 1.0
chess/seq-02/color/frame-000041.color.png chess/seq-02/color/frame-000044.color.png 0.997715 -0.0431047 0.05203 0.00854975 0.0423286 0.998977 0.0159288 -0.00831051 -0.0526635 -0.01369 0.998518 0.0111004 0.0 0.0 0.0 1.0
chess/seq-02/color/frame-000044.color.png chess/seq-02/color/frame-000047.color.png 0.997393 -0.0305081 0.0653927 0.0076292 0.0305467 0.999533 0.000408244 -0.00277611 -0.0653746 0.00159035 0.997859 0.00261076 0.0 0.0 0.0 1.0
chess/seq-02/color/frame-000047.color.png chess/seq-02/color/frame-000050.color.png 0.996461 -0.0472268 0.0695343 0.0104107 0.0471193 0.998884 0.00318595 -0.0068716 -0.0696072 0.000101728 0.997575 0.00836539 0.0 0.0 0.0 1.0
chess/seq-02/color/frame-000050.color.png chess/seq-02/color/frame-000053.color.png 0.997353 -0.0312116 0.0656691 0.00912444 0.0313458 0.999508 -0.0010148 -0.000122026 -0.0656052 0.00307056 0.997841 0.00639034 0.0 0.0 0.0 1.0
chess/seq-02/color/frame-000053.color.png chess/seq-02/color/frame-000056.color.png 0.997043 -0.0297051 0.0708755 0.00280824 0.0292325 0.999543 0.00769599 -0.007263 -0.0710718 -0.00560136 0.997455 0.00530961 0.0 0.0 0.0 1.0
chess/seq-02/color/frame-000056.color.png chess/seq-02/color/frame-000059.color.png 0.996374 -0.0419325 0.0740332 0.00476473 0.0414042 0.999105 0.00865699 -0.00505308 -0.0743299 -0.00556031 0.997218 0.0133942 0.0 0.0 0.0 1.0
chess/seq-02/color/frame-000059.color.png chess/seq-02/color/frame-000062.color.png 0.998252 -0.0271889 0.0524796 0.00821934 0.0266276 0.999581 0.011366 -0.00567009 -0.0527667 -0.00994868 0.998557 0.00859905 0.0 0.0 0.0 1.0
chess/seq-02/color/frame-000062.color.png chess/seq-02/color/frame-000065.color.png 0.998866 -0.0335903 0.0337451 -0.000898328 0.033229 0.999385 0.0112128 -0.00815206 -0.034101 -0.0100788 0.999368 0.0128741 0.0 0.0 0.0 1.0
chess/seq-02/color/frame-000065.color.png chess/seq-02/color/frame-000068.color.png 0.999976 0.000544867 -0.00693361 -0.0123786 -0.00054646 1.0 -0.000227672 -0.00501756 0.00693348 0.000231457 0.999976 0.000933904 0.0 0.0 0.0 1.0
chess/seq-02/color/frame-000068.color.png chess/seq-02/color/frame-000071.color.png 0.997834 0.0215661 -0.0621421 -0.00526022 -0.0220792 0.999727 -0.00758238 -0.00784529 0.0619617 0.00893801 0.998038 -0.00763781 0.0 0.0 0.0 1.0
chess/seq-02/color/frame-000071.color.png chess/seq-02/color/frame-000074.color.png 0.996721 0.0185338 -0.0787645 -0.00028546 -0.0180688 0.999815 0.00661244 -0.00771316 0.0788725 -0.00516758 0.996871 -0.00511047 0.0 0.0 0.0 1.0
chess/seq-02/color/frame-000074.color.png chess/seq-02/color/frame-000077.color.png 0.993989 0.0183234 -0.107933 -0.00462081 -0.0162723 0.999671 0.0198537 -0.0166048 0.108261 -0.017978 0.99396 -0.0153666 0.0 0.0 0.0 1.0
chess/seq-02/color/frame-000077.color.png chess/seq-02/color/frame-000080.color.png 0.995618 0.028526 -0.0890519 -0.000685813 -0.0294001 0.999531 -0.00851825 -0.014941 0.0887671 0.0110991 0.995991 -0.0073235 0.0 0.0 0.0 1.0
chess/seq-02/color/frame-000080.color.png chess/seq-02/color/frame-000083.color.png 0.994667 0.0420911 -0.0941638 -0.002278 -0.0434215 0.998983 -0.0121238 -0.0260786 0.0935578 0.0161479 0.995483 -0.019815 0.0 0.0 0.0 1.0
chess/seq-02/color/frame-000083.color.png chess/seq-02/color/frame-000086.color.png 0.997132 0.0332634 -0.0679792 0.00665225 -0.0341891 0.999337 -0.0124993 -0.0330447 0.0675183 0.0147876 0.997608 -0.0181162 0.0 0.0 0.0 1.0
chess/seq-02/color/frame-000086.color.png chess/seq-02/color/frame-000089.color.png 0.99897 0.0332902 -0.0308308 0.00294262 -0.0347557 0.998229 -0.0482847 -0.0176231 0.0291688 0.0493065 0.998358 0.00497643 0.0 0.0 0.0 1.0
chess/seq-02/color/frame-000089.color.png chess/seq-02/color/frame-000092.color.png 0.999207 0.019058 -0.0349557 -0.00151059 -0.0204964 0.998938 -0.041264 -0.0276154 0.0341322 0.0419477 0.998536 -0.00735981 0.0 0.0 0.0 1.0
chess/seq-02/color/frame-000092.color.png chess/seq-02/color/frame-000095.color.png 0.999668 0.0113172 -0.0231474 -0.00227829 -0.0116727 0.999815 -0.015282 -0.0330312 0.0229702 0.0155471 0.999615 -0.00287173 0.0 0.0 0.0 1.0
chess/seq-02/color/frame-000095.color.png chess/seq-02/color/frame-000098.color.png 0.999876 0.00393447 -0.0152176 -0.00652933 -0.00423566 0.999795 -0.0198124 -0.0472176 0.0151365 0.0198744 0.999688 -0.00334128 0.0 0.0 0.0 1.0
chess/seq-02/color/frame-000098.color.png chess/seq-02/color/frame-000101.color.png 0.999922 -0.010886 -0.00606077 -0.00675961 0.0108059 0.999856 -0.0131101 -0.0395015 0.00620263 0.0130436 0.999896 0.00143713 0.0 0.0 0.0 1.0
chess/seq-02/color/frame-000101.color.png chess/seq-02/color/frame-000104.color.png 0.999962 -0.00690823 0.00524916 0.00247539 0.00709879 0.999282 -0.0372031 -0.0276122 -0.00498839 0.0372389 0.999294 0.00655568 0.0 0.0 0.0 1.0
chess/seq-02/color/frame-000104.color.png chess/seq-02/color/frame-000107.color.png 0.999823 -0.0177484 0.0062187 0.00591857 0.0177924 0.999817 -0.00708086 -0.0201177 -0.00609179 0.00719025 0.999955 0.00393822 0.0 0.0 0.0 1.0
chess/seq-02/color/frame-000107.color.png chess/seq-02/color/frame-000110.color.png 0.999593 -0.013391 0.0251755 0.000470599 0.0138224 0.999759 -0.0170422 -0.0312895 -0.0249414 0.0173833 0.999538 0.00210048 0.0 0.0 0.0 1.0
chess/seq-02/color/frame-000110.color.png chess/seq-02/color/frame-000113.color.png 0.99907 -0.0111351 0.0416465 -0.00179576 0.0115329 0.99989 -0.00932325 -0.0466415 -0.0415381 0.00979485 0.999089 0.00252233 0.0 0.0 0.0 1.0
chess/seq-02/color/frame-000113.color.png chess/seq-02/color/frame-000116.color.png 0.999284 -0.0288382 0.0244798 0.0384209 0.0290818 0.99953 -0.00965397 -0.00430921 -0.0241899 0.010359 0.999654 0.00921945 0.0 0.0 0.0 1.0
chess/seq-02/color/frame-000116.color.png chess/seq-02/color/frame-000119.color.png 0.998911 -0.0274163 0.0377443 0.0232053 0.0275076 0.99962 -0.00190151 -0.012931 -0.0376778 0.00293771 0.999286 0.00694023 0.0 0.0 0.0 1.0
chess/seq-02/color/frame-000119.color.png chess/seq-02/color/frame-000122.color.png 0.998996 -0.0213247 0.039403 0.0239041 0.0211635 0.999766 0.0045039 -0.0128997 -0.0394897 -0.00366548 0.999213 -0.00849994 0.0 0.0 0.0 1.0
chess/seq-02/color/frame-000122.color.png chess/seq-02/color/frame-000125.color.png 0.997395 -0.0364368 0.062245 0.0112296 0.0367324 0.999318 -0.00361205 -0.00526258 -0.062071 0.00588902 0.998054 0.0189767 0.0 0.0 0.0 1.0
chess/seq-02/color/frame-000125.color.png chess/seq-02/color/frame-000128.color.png 0.999342 -0.0247863 0.0264718 0.0383399 0.0246938 0.999688 0.00381814 -0.023708 -0.0265582 -0.00316192 0.999642 0.0094304 0.0 0.0 0.0 1.0
chess/seq-02/color/frame-000128.color.png chess/seq-02/color/frame-000131.color.png 0.999857 -0.0112465 0.0125979 0.0405879 0.0110672 0.999838 0.0142114 -0.0462022 -0.0127557 -0.01407 0.99982 0.00560186 0.0 0.0 0.0 1.0
chess/seq-02/color/frame-000131.color.png chess/seq-02/color/frame-000134.color.png 0.999327 -0.0277187 0.0240403 -0.00375134 0.0276398 0.999611 0.00361059 0.0022161 -0.0241311 -0.00294371 0.999704 -0.00265631 0.0 0.0 0.0 1.0
chess/seq-02/color/frame-000134.color.png chess/seq-02/color/frame-000137.color.png 0.999302 -0.0334125 0.0166939 -0.00414906 0.0335417 0.999409 -0.00752288 0.0321884 -0.0164327 0.0080776 0.999832 0.0298797 0.0 0.0 0.0 1.0
chess/seq-02/color/frame-000137.color.png chess/seq-02/color/frame-000140.color.png 0.999639 -0.0209692 0.0168062 0.0169846 0.020911 0.999775 0.00362864 -0.00287741 -0.0168785 -0.00327592 0.999852 0.0271796 0.0 0.0 0.0 1.0
chess/seq-02/color/frame-000140.color.png chess/seq-02/color/frame-000143.color.png 0.999846 -0.0155811 0.00801928 0.0258721 0.015595 0.999877 -0.00167529 0.0162288 -0.00799218 0.0018001 0.999966 0.0201804 0.0 0.0 0.0 1.0
chess/seq-02/color/frame-000143.color.png chess/seq-02/color/frame-000146.color.png 0.999808 -0.0149682 -0.012659 0.0357825 0.0150329 0.999874 0.00503345 0.00759017 0.012582 -0.00522277 0.999907 0.0198173 0.0 0.0 0.0 1.0
chess/seq-02/color/frame-000146.color.png chess/seq-02/color/frame-000149.color.png 0.999991 -0.00420834 0.000645638 0.0170541 0.00420103 0.999932 0.0109091 0.00876707 -0.000691491 -0.0109063 0.99994 0.0132233 0.0 0.0 0.0 1.0
chess/seq-02/color/frame-000149.color.png chess/seq-02/color/frame-000152.color.png 1.0 -0.000500148 0.000423572 0.0173621 0.000490785 0.999761 0.0218701 0.0251307 -0.000434394 -0.0218699 0.999761 0.0154436 0.0 0.0 0.0 1.0
chess/seq-02/color/frame-000152.color.png chess/seq-02/color/frame-000155.color.png 0.999997 -0.000309431 -0.00255653 -0.00112402 0.000354225 0.999846 0.0175445 0.018003 0.0025507 -0.0175454 0.999843 0.0189712 0.0 0.0 0.0 1.0
chess/seq-02/color/frame-000155.color.png chess/seq-02/color/frame-000158.color.png 0.999963 0.0054024 -0.0067599 0.00391388 -0.0054059 0.999985 -0.000502531 0.0227692 0.0067571 0.000539048 0.999977 0.00735369 0.0 0.0 0.0 1.0
chess/seq-02/color/frame-000158.color.png chess/seq-02/color/frame-000161.color.png 0.999695 0.0231855 -0.0085024 0.0482476 -0.023099 0.999682 0.0101396 0.00852147 0.00873475 -0.00994004 0.999913 0.00799125 0.0 0.0 0.0 1.0
chess/seq-02/color/frame-000161.color.png chess/seq-02/color/frame-000164.color.png 0.999695 0.0175954 0.0173455 -0.0154828 -0.017577 0.999845 -0.00121444 0.0289793 -0.0173641 0.000909189 0.999849 0.0125832 0.0 0.0 0.0 1.0
chess/seq-02/color/frame-000164.color.png chess/seq-02/color/frame-000167.color.png 0.999941 0.0104031 -0.00302829 -0.0183322 -0.0103827 0.999924 0.00666431 0.0287183 0.0030974 -0.00663248 0.999973 0.00462903 0.0 0.0 0.0 1.0
chess/seq-02/color/frame-000167.color.png chess/seq-02/color/frame-000170.color.png 0.999888 0.0141875 -0.00480867 -0.0160306 -0.0141456 0.999863 0.00864491 0.0206774 0.00493063 -0.0085759 0.999951 0.002736 0.0 0.0 0.0 1.0
chess/seq-02/color/frame-000170.color.png chess/seq-02/color/frame-000173.color.png 0.999696 0.0246583 -0.000514401 -0.0278957 -0.0246548 0.999678 0.00591261 0.0405953 0.000660035 -0.00589813 0.999982 0.005981 0.0 0.0 0.0 1.0
chess/seq-02/color/frame-000173.color.png chess/seq-02/color/frame-000176.color.png 0.999923 0.0123168 -0.00153397 -0.0214974 -0.0123117 0.999919 0.00328819 0.0288524 0.00157434 -0.00326906 0.999994 0.00232661 0.0 0.0 0.0 1.0
chess/seq-02/color/frame-000176.color.png chess/seq-02/color/frame-000179.color.png 0.999682 0.0245958 0.00556018 -0.037403 -0.0247464 0.999276 0.028882 0.0350197 -0.00484579 -0.0290105 0.999567 -0.00176264 0.0 0.0 0.0 1.0
chess/seq-02/color/frame-000179.color.png chess/seq-02/color/frame-000182.color.png 0.9999 0.012696 0.00617018 -0.0329305 -0.0127931 0.999791 0.0159483 0.0264339 -0.00596641 -0.0160256 0.999854 0.0181956 0.0 0.0 0.0 1.0
chess/seq-02/color/frame-000182.color.png chess/seq-02/color/frame-000185.color.png 0.999869 0.00296148 -0.0158883 -0.0266761 -0.00248389 0.999547 0.0299958 0.0170371 0.01597 -0.0299524 0.999424 -0.00490192 0.0 0.0 0.0 1.0
chess/seq-02/color/frame-000185.color.png chess/seq-02/color/frame-000188.color.png 0.999738 0.0048149 -0.0223764 -0.0272932 -0.00380416 0.99898 0.0449945 0.023662 0.0225702 -0.0448976 0.998737 -0.0155037 0.0 0.0 0.0 1.0
chess/seq-02/color/frame-000188.color.png chess/seq-02/color/frame-000191.color.png 0.999811 0.00248297 -0.0193006 -0.0311708 -0.00161041 0.998981 0.0450941 0.0150817 0.0193929 -0.0450545 0.998796 -0.00658792 0.0 0.0 0.0 1.0
chess/seq-02/color/frame-000191.color.png chess/seq-02/color/frame-000194.color.png 0.99968 0.0132671 -0.0215288 -0.028713 -0.0126997 0.999574 0.0262814 0.0117085 0.0218684 -0.0259996 0.999423 -0.0123143 0.0 0.0 0.0 1.0
chess/seq-02/color/frame-000194.color.png chess/seq-02/color/frame-000197.color.png 0.999831 0.00421851 -0.0179076 -0.0274979 -0.00379869 0.999719 0.0234137 0.00520401 0.0180013 -0.0233417 0.999565 -0.00988916 0.0 0.0 0.0 1.0
chess/seq-02/color/frame-000197.color.png chess/seq-02/color/frame-000200.color.png 0.999733 0.0037617 -0.0227845 -0.0165573 -0.00327033 0.999762 0.0215645 0.00108555 0.0228602 -0.0214843 0.999508 -0.0204895 0.0 0.0 0.0 1.0
chess/seq-02/color/frame-000200.color.png chess/seq-02/color/frame-000203.color.png 0.999829 0.00320108 -0.0182306 -0.0290369 -0.00277198 0.99972 0.023515 -0.000602655 0.0183007 -0.0234605 0.999557 -0.0157192 0.0 0.0 0.0 1.0
chess/seq-02/color/frame-000203.color.png chess/seq-02/color/frame-000206.color.png 0.99964 -0.021627 -0.015898 -0.0276408 0.0219368 0.999568 0.0195781 -0.00926356 0.0154677 -0.0199198 0.999682 -0.0181575 0.0 0.0 0.0 1.0
chess/seq-02/color/frame-000206.color.png chess/seq-02/color/frame-000209.color.png 0.999883 0.00500915 -0.0144219 -0.0209864 -0.00509764 0.999968 -0.00610462 -0.00499579 0.0143909 0.00617743 0.999877 -0.0171629 0.0 0.0 0.0 1.0
chess/seq-02/color/frame-000209.color.png chess/seq-02/color/frame-000212.color.png 0.999475 -0.000993436 -0.0323713 -0.0265191 0.000915939 0.999997 -0.00240912 -0.0164479 0.0323736 0.00237818 0.999473 -0.0262977 0.0 0.0 0.0 1.0
chess/seq-02/color/frame-000212.color.png chess/seq-02/color/frame-000215.color.png 0.999067 0.00166147 -0.0431583 -0.0133421 -0.00226168 0.999901 -0.0138621 -0.019162 0.043131 0.0139468 0.998972 -0.00401077 0.0 0.0 0.0 1.0
chess/seq-02/color/frame-000215.color.png chess/seq-02/color/frame-000218.color.png 0.99905 0.00892364 -0.0426469 -0.0111873 -0.0102284 0.999483 -0.0304755 -0.0236126 0.0423529 0.0308828 0.998625 -0.0124381 0.0 0.0 0.0 1.0
chess/seq-02/color/frame-000218.color.png chess/seq-02/color/frame-000221.color.png 0.999241 0.0107054 -0.037447 -0.0160827 -0.0123257 0.998986 -0.0433085 -0.0391132 0.0369454 0.0437372 0.99836 -0.0248036 0.0 0.0 0.0 1.0
chess/seq-02/color/frame-000221.color.png chess/seq-02/color/frame-000224.color.png 0.999823 -0.000149404 -0.0187905 -0.00769699 -0.000499972 0.999403 -0.0345493 -0.0321614 0.0187846 0.0345526 0.999226 -0.0135042 0.0 0.0 0.0 1.0
chess/seq-02/color/frame-000224.color.png chess/seq-02/color/frame-000227.color.png 0.999888 -0.00541272 -0.0139851 -0.0122681 0.0048717 0.999249 -0.0384327 -0.0439012 0.0141826 0.0383602 0.999163 -0.0059327 0.0 0.0 0.0 1.0
chess/seq-02/color/frame-000227.color.png chess/seq-02/color/frame-000230.color.png 0.999989 -0.00431198 -0.00193749 0.0015067 0.00422062 0.998982 -0.0449094 -0.0262344 0.00212922 0.0449007 0.998989 0.00426262 0.0 0.0 0.0 1.0
chess/seq-02/color/frame-000230.color.png chess/seq-02/color/frame-000233.color.png 0.999776 -0.0206543 0.00455828 0.00682065 0.0207729 0.9994 -0.0277203 -0.0333649 -0.00398299 0.0278088 0.999605 -0.0040503 0.0 0.0 0.0 1.0
chess/seq-02/color/frame-000233.color.png chess/seq-02/color/frame-000236.color.png 0.999876 -0.0157658 -0.000597056 0.0080674 0.0157459 0.999562 -0.0250518 -0.0232722 0.000991687 0.0250393 0.999686 -0.00312738 0.0 0.0 0.0 1.0
chess/seq-02/color/frame-000236.color.png chess/seq-02/color/frame-000239.color.png 0.999866 -0.0144195 -0.0077591 0.0130157 0.0141471 0.999319 -0.0340813 -0.0373816 0.00824523 0.033967 0.999389 0.00483168 0.0 0.0 0.0 1.0
chess/seq-02/color/frame-000239.color.png chess/seq-02/color/frame-000242.color.png 0.999813 -0.00824344 0.0175198 0.00150175 0.008547 0.999813 -0.0173219 -0.0410916 -0.0173737 0.0174684 0.999696 0.00432372 0.0 0.0 0.0 1.0
chess/seq-02/color/frame-000242.color.png chess/seq-02/color/frame-000245.color.png 0.999869 -0.0159854 0.00273458 0.0249934 0.0160548 0.99949 -0.027615 -0.0298432 -0.00229176 0.0276553 0.999615 0.00876205 0.0 0.0 0.0 1.0
chess/seq-02/color/frame-000245.color.png chess/seq-02/color/frame-000248.color.png 0.999863 -0.0108054 0.0125426 0.0231127 0.0111547 0.999542 -0.0281218 -0.0238091 -0.012233 0.0282578 0.999526 0.0181192 0.0 0.0 0.0 1.0
chess/seq-02/color/frame-000248.color.png chess/seq-02/color/frame-000251.color.png 0.999905 -0.00919096 0.0102996 0.0187436 0.00944194 0.999653 -0.0245902 -0.024572 -0.01007 0.0246851 0.999645 0.0142399 0.0 0.0 0.0 1.0
chess/seq-02/color/frame-000251.color.png chess/seq-02/color/frame-000254.color.png 0.999789 0.00334476 0.0202873 0.0417159 -0.00281799 0.99966 -0.0259386 -0.0204141 -0.0203672 0.0258759 0.999458 0.0180091 0.0 0.0 0.0 1.0
chess/seq-02/color/frame-000254.color.png chess/seq-02/color/frame-000257.color.png 0.999774 0.0127511 0.0169939 0.0537548 -0.0125305 0.999837 -0.0130279 -0.0122875 -0.0171571 0.012812 0.999771 0.0168874 0.0 0.0 0.0 1.0
chess/seq-02/color/frame-000257.color.png chess/seq-02/color/frame-000260.color.png 0.999432 -0.00155207 0.0336764 0.000401378 0.00213818 0.999847 -0.0173755 -0.0173723 -0.0336443 0.0174376 0.999282 0.018857 0.0 0.0 0.0 1.0
chess/seq-02/color/frame-000260.color.png chess/seq-02/color/frame-000263.color.png 0.998944 -0.0159977 0.043071 0.0448556 0.0173724 0.999345 -0.0317352 -0.00098455 -0.0425352 0.0324501 0.998568 0.0380083 0.0 0.0 0.0 1.0
chess/seq-02/color/frame-000263.color.png chess/seq-02/color/frame-000266.color.png 0.999383 -0.00672198 0.0344751 0.0267354 0.00673754 0.999977 -0.00033352 -0.00157285 -0.0344721 0.000565575 0.999405 0.00927808 0.0 0.0 0.0 1.0
chess/seq-02/color/frame-000266.color.png chess/seq-02/color/frame-000269.color.png 0.999609 -0.00565048 0.0273824 0.0192119 0.00542822 0.999952 0.00818361 -0.00115287 -0.0274273 -0.00803182 0.999592 0.0177647 0.0 0.0 0.0 1.0
chess/seq-02/color/frame-000269.color.png chess/seq-02/color/frame-000272.color.png 0.999766 -0.00393143 0.0212892 0.0405837 0.00353382 0.999819 0.0186813 -0.00637788 -0.0213587 -0.0186016 0.999599 0.0135004 0.0 0.0 0.0 1.0
chess/seq-02/color/frame-000272.color.png chess/seq-02/color/frame-000275.color.png 0.999781 -0.0166925 0.0126337 0.0218202 0.0165824 0.999824 0.00876984 0.0122617 -0.0127778 -0.00855841 0.999882 0.0343281 0.0 0.0 0.0 1.0
chess/seq-02/color/frame-000275.color.png chess/seq-02/color/frame-000278.color.png 0.999999 -0.00167164 -9.32246e-05 0.0384573 0.00167246 0.999953 0.0095133 0.00554001 7.72963e-05 -0.00951348 0.999955 0.0144208 0.0 0.0 0.0 1.0
chess/seq-02/color/frame-000278.color.png chess/seq-02/color/frame-000281.color.png 0.999955 0.00505224 0.00801606 0.0333665 -0.00524027 0.999707 0.0236134 -0.00163263 -0.0078944 -0.0236543 0.999689 0.0155029 0.0 0.0 0.0 1.0
chess/seq-02/color/frame-000281.color.png chess/seq-02/color/frame-000284.color.png 0.999656 -0.0232466 -0.0121644 0.0178394 0.0234327 0.999607 0.015388 0.0290777 0.0118019 -0.0156677 0.999808 0.0186586 0.0 0.0 0.0 1.0
chess/seq-02/color/frame-000284.color.png chess/seq-02/color/frame-000287.color.png 0.999976 0.0065444 0.00239463 0.0264175 -0.00658994 0.999788 0.0195274 0.027507 -0.00226632 -0.0195427 0.999806 0.0154644 0.0 0.0 0.0 1.0
chess/seq-02/color/frame-000287.color.png chess/seq-02/color/frame-000290.color.png 0.999945 -0.00503115 0.00919725 -0.00919452 0.00483768 0.999769 0.0209369 0.0163939 -0.00930046 -0.0208912 0.999739 0.0182669 0.0 0.0 0.0 1.0
chess/seq-02/color/frame-000290.color.png chess/seq-02/color/frame-000293.color.png 0.999881 -0.00785654 0.0133071 -0.00396055 0.00729045 0.999088 0.0420679 0.0233403 -0.0136254 -0.0419658 0.999026 0.0150499 0.0 0.0 0.0 1.0
chess/seq-02/color/frame-000293.color.png chess/seq-02/color/frame-000296.color.png 0.999981 -0.00583908 0.0020421 -0.0107996 0.00577995 0.999595 0.0278546 0.0399126 -0.00220397 -0.0278424 0.99961 0.0235125 0.0 0.0 0.0 1.0
chess/seq-02/color/frame-000296.color.png chess/seq-02/color/frame-000299.color.png 0.999947 -0.00178591 -0.0101207 -0.0198241 0.00207936 0.999576 0.0290595 0.0361759 0.0100645 -0.0290789 0.999526 0.0144741 0.0 0.0 0.0 1.0
chess/seq-02/color/frame-000299.color.png chess/seq-02/color/frame-000302.color.png 0.999909 0.000277204 -0.0135277 -0.0203424 0.000248458 0.999245 0.0388412 0.0230049 0.0135282 -0.038841 0.999154 0.00739852 0.0 0.0 0.0 1.0
chess/seq-02/color/frame-000302.color.png chess/seq-02/color/frame-000305.color.png 0.999925 0.000403617 -0.0122407 -0.0125824 -8.82257e-05 0.999668 0.0257553 0.0134734 0.0122471 -0.0257523 0.999593 -0.00333947 0.0 0.0 0.0 1.0
chess/seq-02/color/frame-000305.color.png chess/seq-02/color/frame-000308.color.png 0.999883 -0.0101401 -0.0114131 -0.0305665 0.0104788 0.999494 0.0300191 0.0275168 0.0111029 -0.0301352 0.999484 -0.000550449 0.0 0.0 0.0 1.0
chess/seq-02/color/frame-000308.color.png chess/seq-02/color/frame-000311.color.png 0.999657 0.0068731 -0.0252683 -0.0230592 -0.00583971 0.999152 0.0407456 0.0143827 0.0255269 -0.040584 0.99885 -0.0152998 0.0 0.0 0.0 1.0
chess/seq-02/color/frame-000311.color.png chess/seq-02/color/frame-000314.color.png 0.999768 0.0166683 -0.0136014 -0.0203208 -0.0163655 0.999622 0.022077 0.0180266 0.0139643 -0.0218493 0.999664 -0.00812551 0.0 0.0 0.0 1.0
chess/seq-02/color/frame-000314.color.png chess/seq-02/color/frame-000317.color.png 0.99905 0.0330506 -0.0284159 -0.0199726 -0.0322091 0.999043 0.0295794 0.0220761 0.0293663 -0.028636 0.999158 -0.0224917 0.0 0.0 0.0 1.0
chess/seq-02/color/frame-000317.color.png chess/seq-02/color/frame-000320.color.png 0.998856 0.0416702 -0.0234523 -0.0249081 -0.0409484 0.998697 0.0304627 0.012645 0.0246911 -0.0294675 0.999261 -0.0203982 0.0 0.0 0.0 1.0
chess/seq-02/color/frame-000320.color.png chess/seq-02/color/frame-000323.color.png 0.999117 0.0204824 -0.0366694 -0.0104038 -0.0201629 0.999756 0.00906205 0.00251123 0.036846 -0.00831467 0.999286 -0.0242239 0.0 0.0 0.0 1.0
chess/seq-02/color/frame-000323.color.png chess/seq-02/color/frame-000326.color.png 0.998677 0.0204059 -0.0472014 -0.0175461 -0.0206055 0.999781 -0.00374473 0.00451966 0.0471146 0.00471239 0.998878 -0.0327916 0.0 0.0 0.0 1.0
chess/seq-02/color/frame-000326.color.png chess/seq-02/color/frame-000329.color.png 0.998187 -0.00125161 -0.0601836 -0.00300794 0.000586295 0.999939 -0.0110708 -0.0129318 0.0601937 0.0110155 0.998126 -0.0320615 0.0 0.0 0.0 1.0
chess/seq-02/color/frame-000329.color.png chess/seq-02/color/frame-000332.color.png 0.999421 -0.00885527 -0.032844 -0.00448563 0.00862007 0.999936 -0.00729617 -0.0229645 0.0329064 0.00700883 0.999434 -0.0562811 0.0 0.0 0.0 1.0
chess/seq-02/color/frame-000332.color.png chess/seq-02/color/frame-000335.color.png 0.999792 0.00768174 -0.0188729 0.00174616 -0.00823271 0.999537 -0.0292912 -0.00780421 0.0186393 0.0294405 0.999393 -0.0323257 0.0 0.0 0.0 1.0
chess/seq-02/color/frame-000335.color.png chess/seq-02/color/frame-000338.color.png 0.999876 0.0119712 -0.0101948 0.0135226 -0.012351 0.9992 -0.0380501 -0.021448 0.00973104 0.0381714 0.999224 -0.0278414 0.0 0.0 0.0 1.0
chess/seq-02/color/frame-000338.color.png chess/seq-02/color/frame-000341.color.png 0.999964 -0.000261857 0.00846421 0.0147377 0.000461371 0.999722 -0.0235782 -0.0164212 -0.00845564 0.0235813 0.999686 -0.016723 0.0 0.0 0.0 1.0
chess/seq-02/color/frame-000341.color.png chess/seq-02/color/frame-000344.color.png 0.999636 -0.00579179 0.0263547 0.0204613 0.00648785 0.99963 -0.0264038 -0.012622 -0.0261921 0.0265651 0.999304 -0.0155856 0.0 0.0 0.0 1.0
chess/seq-02/color/frame-000344.color.png chess/seq-02/color/frame-000347.color.png 0.998186 -0.0119371 0.0590073 0.0356228 0.0132586 0.999669 -0.0220556 -0.0136009 -0.0587245 0.022798 0.998014 -0.00849288 0.0 0.0 0.0 1.0
chess/seq-02/color/frame-000347.color.png chess/seq-02/color/frame-000350.color.png 0.998907 -0.0149068 0.0443066 0.0201873 0.0149668 0.999887 -0.0010217 -0.0144274 -0.0442864 0.00168371 0.999017 -0.0198402 0.0 0.0 0.0 1.0
chess/seq-02/color/frame-000350.color.png chess/seq-02/color/frame-000353.color.png 0.999737 -0.0122715 0.0193724 0.0310872 0.0126654 0.999713 -0.0203391 -0.0110787 -0.0191173 0.0205791 0.999605 -0.0156755 0.0 0.0 0.0 1.0
chess/seq-02/color/frame-000353.color.png chess/seq-02/color/frame-000356.color.png 0.999929 -0.00311241 0.0115004 0.0384438 0.00337253 0.999737 -0.0226682 -0.0125064 -0.0114268 0.0227054 0.999677 -0.0228485 0.0 0.0 0.0 1.0
chess/seq-02/color/frame-000356.color.png chess/seq-02/color/frame-000359.color.png 0.999978 0.00159875 0.00641634 0.029328 -0.00150236 0.999886 -0.015004 -9.05693e-05 -0.00643964 0.0149941 0.999867 -0.0190886 0.0 0.0 0.0 1.0
chess/seq-02/color/frame-000359.color.png chess/seq-02/color/frame-000362.color.png 0.999846 0.00709643 -0.0160745 0.0315222 -0.00713078 0.999973 -0.00208292 -0.00152472 0.0160593 0.00219722 0.999869 -0.0366436 0.0 0.0 0.0 1.0
chess/seq-02/color/frame-000362.color.png chess/seq-02/color/frame-000365.color.png 0.999938 -0.00121335 -0.0111134 0.019467 0.0010604 0.999905 -0.0137578 -0.012861 0.0111291 0.0137451 0.999844 -0.0280731 0.0 0.0 0.0 1.0
chess/seq-02/color/frame-000365.color.png chess/seq-02/color/frame-000368.color.png 0.999973 -0.000419469 -0.0073475 0.0184487 0.000251238 0.999738 -0.0228814 -0.00661951 0.00735517 0.022879 0.999711 -0.0276035 0.0 0.0 0.0 1.0
chess/seq-02/color/frame-000368.color.png chess/seq-02/color/frame-000371.color.png 0.999943 -0.00817307 0.00687148 0.0157285 0.00833722 0.999672 -0.0242107 -0.00269955 -0.00667127 0.0242666 0.999683 -0.0401304 0.0 0.0 0.0 1.0
chess/seq-02/color/frame-000371.color.png chess/seq-02/color/frame-000374.color.png 0.999998 0.00221978 -0.000298096 0.0111594 -0.00221828 0.999986 0.00489578 -0.00191647 0.000308944 -0.00489515 0.999988 -0.0386283 0.0 0.0 0.0 1.0
chess/seq-02/color/frame-000374.color.png chess/seq-02/color/frame-000377.color.png 0.99995 -0.00757409 0.00656503 0.016198 0.00758238 0.99997 -0.0012378 -0.00311711 -0.00655549 0.00128755 0.999978 -0.0391144 0.0 0.0 0.0 1.0
chess/seq-02/color/frame-000377.color.png chess/seq-02/color/frame-000380.color.png 0.999955 0.0014085 0.00942185 0.0147102 -0.00137539 0.999993 -0.00352178 -0.0019803 -0.00942673 0.00350864 0.999949 -0.0389175 0.0 0.0 0.0 1.0
chess/seq-02/color/frame-000380.color.png chess/seq-02/color/frame-000383.color.png 0.999799 -0.0152959 -0.0129693 0.0069961 0.0154907 0.999767 0.0150549 -0.00270298 0.012736 -0.0152528 0.999802 -0.0640713 0.0 0.0 0.0 1.0
chess/seq-02/color/frame-000383.color.png chess/seq-02/color/frame-000386.color.png 0.99999 -0.00259115 -0.00358862 0.0265771 0.00261368 0.999977 0.00628715 -0.00890747 0.00357208 -0.00629647 0.999974 -0.0447541 0.0 0.0 0.0 1.0
chess/seq-02/color/frame-000386.color.png chess/seq-02/color/frame-000389.color.png 0.999901 -0.00767956 0.0118175 0.0194048 0.00770358 0.999968 -0.00198892 0.00294846 -0.0118018 0.00207973 0.999928 -0.029561 0.0 0.0 0.0 1.0
chess/seq-02/color/frame-000389.color.png chess/seq-02/color/frame-000392.color.png 0.999982 -0.00204147 -0.00570847 0.0262459 0.00208286 0.999972 0.00725607 0.00525522 0.00569351 -0.00726784 0.999957 -0.0415579 0.0 0.0 0.0 1.0
chess/seq-02/color/frame-000392.color.png chess/seq-02/color/frame-000395.color.png 0.999721 0.00789701 -0.022254 0.0275703 -0.0080999 0.999926 -0.00904154 -0.00453258 0.022181 0.00921929 0.999711 -0.0286084 0.0 0.0 0.0 1.0
chess/seq-02/color/frame-000395.color.png chess/seq-02/color/frame-000398.color.png 0.999706 0.012644 -0.020697 0.0215873 -0.012956 0.999803 -0.0150104 -0.0102094 0.0205031 0.0152741 0.999673 -0.0264096 0.0 0.0 0.0 1.0
chess/seq-02/color/frame-000398.color.png chess/seq-02/color/frame-000401.color.png 0.999733 0.0112092 -0.0202074 0.028432 -0.0115746 0.99977 -0.0180558 -0.0167395 0.0200004 0.0182849 0.999633 -0.0177627 0.0 0.0 0.0 1.0
chess/seq-02/color/frame-000401.color.png chess/seq-02/color/frame-000404.color.png 0.999989 0.00173826 -0.00433528 0.0346178 -0.00179676 0.999907 -0.0135291 -0.0335244 0.00431131 0.0135367 0.999899 0.00250638 0.0 0.0 0.0 1.0
chess/seq-02/color/frame-000404.color.png chess/seq-02/color/frame-000407.color.png 0.999623 -0.0243041 0.0127627 0.0345324 0.0246379 0.99934 -0.0266838 -0.0396397 -0.0121058 0.0269882 0.999563 0.0106241 0.0 0.0 0.0 1.0
chess/seq-02/color/frame-000407.color.png chess/seq-02/color/frame-000410.color.png 0.99972 0.00192163 0.0235707 0.0410018 -0.00163647 0.999925 -0.0121117 -0.00724289 -0.0235921 0.0120698 0.999649 0.0284618 0.0 0.0 0.0 1.0
chess/seq-02/color/frame-000410.color.png chess/seq-02/color/frame-000413.color.png 0.999868 -0.0138927 0.00845368 0.0328749 0.0139729 0.999857 -0.00949799 -0.0185558 -0.00832056 0.00961487 0.999919 0.0133338 0.0 0.0 0.0 1.0
chess/seq-02/color/frame-000413.color.png chess/seq-02/color/frame-000416.color.png 0.999707 0.00715492 -0.0231227 0.0436958 -0.00723725 0.999968 -0.00347914 -0.0113015 0.023097 0.00364549 0.999727 -0.000972211 0.0 0.0 0.0 1.0
chess/seq-02/color/frame-000416.color.png chess/seq-02/color/frame-000419.color.png 0.999168 0.0272012 -0.0303992 0.0430527 -0.0276348 0.999521 -0.0139383 0.0204512 0.0300055 0.0147668 0.999441 -0.0187523 0.0 0.0 0.0 1.0
chess/seq-02/color/frame-000419.color.png chess/seq-02/color/frame-000422.color.png 0.999197 0.0329713 -0.0227812 0.0535566 -0.0329339 0.999456 0.00201676 0.0429429 0.0228353 -0.00126482 0.999738 -0.0178411 0.0 0.0 0.0 1.0
chess/seq-02/color/frame-000422.color.png chess/seq-02/color/frame-000425.color.png 0.997722 0.0511438 -0.0439817 0.0527661 -0.0503721 0.99856 0.0184788 0.0457236 0.0448635 -0.0162213 0.998861 -0.0207008 0.0 0.0 0.0 1.0
chess/seq-02/color/frame-000425.color.png chess/seq-02/color/frame-000428.color.png 0.99949 0.0234589 -0.0216623 0.0240439 -0.0232177 0.999666 0.0113208 0.0196378 0.0219206 -0.0108122 0.999701 -0.0245542 0.0 0.0 0.0 1.0
chess/seq-02/color/frame-000428.color.png chess/seq-02/color/frame-000431.color.png 0.9979 0.0360201 -0.0538255 0.0423851 -0.035831 0.999348 0.00447371 0.0304714 0.0539515 -0.0025357 0.99854 -0.0325855 0.0 0.0 0.0 1.0
chess/seq-02/color/frame-000431.color.png chess/seq-02/color/frame-000434.color.png 0.999765 0.00734451 -0.0204135 0.0413125 -0.00703783 0.999862 0.0150567 -0.000680447 0.0205211 -0.0149095 0.999678 0.00275093 0.0 0.0 0.0 1.0
chess/seq-02/color/frame-000434.color.png chess/seq-02/color/frame-000437.color.png 1.0 -0.000734611 -0.000409027 0.0279986 0.000735932 0.999995 0.0031291 -0.0198278 0.000406719 -0.00312937 0.999995 0.0181309 0.0 0.0 0.0 1.0
chess/seq-02/color/frame-000437.color.png chess/seq-02/color/frame-000440.color.png 0.99974 0.00582395 -0.0220648 0.0151124 -0.00602187 0.999942 -0.00891396 0.000879616 0.0220117 0.00904452 0.999717 0.00928122 0.0 0.0 0.0 1.0
chess/seq-02/color/frame-000440.color.png chess/seq-02/color/frame-000443.color.png 0.99937 0.0354717 -0.0014419 0.0423603 -0.0354763 0.999365 -0.0032881 -0.0020211 0.00132421 0.00333708 0.999994 0.0249677 0.0 0.0 0.0 1.0
chess/seq-02/color/frame-000443.color.png chess/seq-02/color/frame-000446.color.png 0.999278 0.0236821 -0.0297244 0.0217825 -0.023516 0.999706 0.00592172 -0.000652194 0.029856 -0.00521835 0.999541 0.00740781 0.0 0.0 0.0 1.0
chess/seq-02/color/frame-000446.color.png chess/seq-02/color/frame-000449.color.png 0.999592 0.0284278 -0.00275794 0.0399327 -0.0284456 0.999573 -0.00664559 0.00620991 0.00256773 0.00672125 0.999974 0.0321257 0.0 0.0 0.0 1.0
chess/seq-02/color/frame-000449.color.png chess/seq-02/color/frame-000452.color.png 0.999094 0.000158702 -0.0425499 0.0141656 0.000749858 0.999772 0.0213368 0.00616121 0.0425438 -0.0213494 0.998866 -0.0268285 0.0 0.0 0.0 1.0
chess/seq-02/color/frame-000452.color.png chess/seq-02/color/frame-000455.color.png 0.998792 0.0227212 -0.0435757 0.0468227 -0.0216959 0.99948 0.0238609 -0.0259132 0.0440952 -0.0228866 0.998765 -0.0280536 0.0 0.0 0.0 1.0
chess/seq-02/color/frame-000455.color.png chess/seq-02/color/frame-000458.color.png 0.999616 0.0119961 -0.0249816 0.0403358 -0.0125139 0.999708 -0.0206734 0.0271371 0.0247263 0.0209781 0.999474 0.0178097 0.0 0.0 0.0 1.0
chess/seq-02/color/frame-000458.color.png chess/seq-02/color/frame-000461.color.png 0.999289 0.0211675 -0.0311955 0.0668181 -0.0215628 0.999691 -0.0123896 0.00698382 0.0309236 0.0130534 0.999437 0.00509951 0.0 0.0 0.0 1.0
chess/seq-02/color/frame-000461.color.png chess/seq-02/color/frame-000464.color.png 0.999638 0.0267824 -0.002588 0.062472 -0.0267587 0.999604 0.00876034 0.0103413 0.00282143 -0.00868786 0.999958 0.0286705 0.0 0.0 0.0 1.0
chess/seq-02/color/frame-000464.color.png chess/seq-02/color/frame-000467.color.png 0.998957 0.00527949 -0.0453617 0.0389247 -0.00617741 0.999787 -0.0196767 0.0062694 0.0452482 0.0199364 0.998777 -0.0253648 0.0 0.0 0.0 1.0
chess/seq-02/color/frame-000467.color.png chess/seq-02/color/frame-000470.color.png 0.999832 0.0182209 -0.0017418 0.0230342 -0.0182338 0.999804 -0.00769615 -0.0132555 0.00160124 0.00772652 0.999969 0.0312568 0.0 0.0 0.0 1.0
chess/seq-02/color/frame-000470.color.png chess/seq-02/color/frame-000473.color.png 0.999843 -0.000538082 -0.0177349 0.0270134 0.000416909 0.999977 -0.00683739 -0.039426 0.0177381 0.00682901 0.999819 0.0193799 0.0 0.0 0.0 1.0
chess/seq-02/color/frame-000473.color.png chess/seq-02/color/frame-000476.color.png 0.999895 0.00212336 0.0142973 0.00266278 -0.00157014 0.999254 -0.0385895 -0.0353009 -0.0143686 0.0385631 0.999153 0.0805243 0.0 0.0 0.0 1.0
chess/seq-02/color/frame-000476.color.png chess/seq-02/color/frame-000479.color.png 0.999965 -0.00275239 -0.00794833 0.00370312 0.00248321 0.99943 -0.0336766 -0.0193776 0.00803648 0.0336556 0.999401 0.0895383 0.0 0.0 0.0 1.0
chess/seq-02/color/frame-000479.color.png chess/seq-02/color/frame-000482.color.png 0.999968 0.00717877 0.00356803 -0.00406444 -0.00707955 0.999608 -0.0270782 -0.0149991 -0.00376099 0.027052 0.999627 0.0934815 0.0 0.0 0.0 1.0
chess/seq-02/color/frame-000482.color.png chess/seq-02/color/frame-000485.color.png 0.99993 -0.00467648 0.0108505 -0.00773561 0.00463019 0.99998 0.00428547 -0.0157009 -0.0108703 -0.00423489 0.999932 0.0694999 0.0 0.0 0.0 1.0
chess/seq-02/color/frame-000485.color.png chess/seq-02/color/frame-000488.color.png 0.999847 0.0172273 -0.00301581 0.011586 -0.0172037 0.999822 0.00768649 -0.00268924 0.00314772 -0.00763346 0.999966 0.0460552 0.0 0.0 0.0 1.0
chess/seq-02/color/frame-000488.color.png chess/seq-02/color/frame-000491.color.png 0.999242 -0.0316571 -0.0226523 -0.0183614 0.0314157 0.999447 -0.0109298 -0.0193244 0.0229858 0.0102099 0.999684 0.0262272 0.0 0.0 0.0 1.0
chess/seq-02/color/frame-000491.color.png chess/seq-02/color/frame-000494.color.png 0.999034 -0.0017162 -0.0439093 0.0578629 0.00298411 0.99958 0.0288254 -0.0294199 0.0438414 -0.0289286 0.99862 0.00194633 0.0 0.0 0.0 1.0
chess/seq-02/color/frame-000494.color.png chess/seq-02/color/frame-000497.color.png 0.999859 0.0148608 0.00786647 0.0230658 -0.0147844 0.999844 -0.00968023 0.0225434 -0.00800909 0.00956259 0.999922 0.137038 0.0 0.0 0.0 1.0
chess/seq-02/color/frame-000497.color.png chess/seq-02/color/frame-000500.color.png 0.99972 -0.0219284 0.00892167 -0.0203594 0.0219612 0.999752 -0.00359754 -0.0335064 -0.00884052 0.00379253 0.999954 0.0878842 0.0 0.0 0.0 1.0
chess/seq-02/color/frame-000500.color.png chess/seq-02/color/frame-000503.color.png 0.999447 -0.0322385 -0.00821205 -0.00641906 0.0319833 0.999053 -0.0295107 -0.0160069 0.00915566 0.0292317 0.999531 0.0849372 0.0 0.0 0.0 1.0
chess/seq-02/color/frame-000503.color.png chess/seq-02/color/frame-000506.color.png 0.9992 -0.023961 0.0320135 -0.0461348 0.0243294 0.999642 -0.0111673 0.000531197 -0.0317345 0.0119374 0.999425 0.0766402 0.0 0.0 0.0 1.0
chess/seq-02/color/frame-000506.color.png chess/seq-02/color/frame-000509.color.png 0.998641 -0.0152334 0.0498495 -0.0600864 0.0128287 0.998755 0.0482102 -0.019964 -0.0505218 -0.0475051 0.997592 0.0357372 0.0 0.0 0.0 1.0
chess/seq-02/color/frame-000509.color.png chess/seq-02/color/frame-000512.color.png 0.999823 0.0154939 0.0107087 -0.0231044 -0.016191 0.997526 0.0684095 0.0169603 -0.00962249 -0.0685707 0.9976 0.0328219 0.0 0.0 0.0 1.0
chess/seq-02/color/frame-000512.color.png chess/seq-02/color/frame-000515.color.png 0.999801 0.0124639 0.0155975 -0.0219698 -0.013282 0.99848 0.0534911 0.00311553 -0.0149071 -0.0536877 0.998447 0.0136861 0.0 0.0 0.0 1.0
chess/seq-02/color/frame-000515.color.png chess/seq-02/color/frame-000518.color.png 0.999962 0.007663 0.00411786 -0.0394503 -0.0079075 0.997978 0.0630611 0.00484091 -0.00362629 -0.0630914 0.998001 -0.0249984 0.0 0.0 0.0 1.0
chess/seq-02/color/frame-000518.color.png chess/seq-02/color/frame-000521.color.png 0.999257 0.0357946 -0.014299 0.00410986 -0.0350891 0.998285 0.0468632 0.050269 0.0159519 -0.0463266 0.998799 -0.0534646 0.0 0.0 0.0 1.0
chess/seq-02/color/frame-000521.color.png chess/seq-02/color/frame-000524.color.png 0.999399 0.03102 -0.0154603 -0.00723219 -0.0306392 0.999235 0.0242864 0.0606314 0.0162019 -0.0237981 0.999586 -0.049172 0.0 0.0 0.0 1.0
chess/seq-02/color/frame-000524.color.png chess/seq-02/color/frame-000527.color.png 0.999712 0.0239927 6.50446e-07 -0.0306206 -0.0239854 0.999407 0.0247127 0.0567441 0.000592325 -0.0247056 0.999695 -0.0351395 0.0 0.0 0.0 1.0
chess/seq-02/color/frame-000527.color.png chess/seq-02/color/frame-000530.color.png 0.999914 0.0119828 0.00532637 -0.0394197 -0.0120242 0.999897 0.00781207 0.0401836 -0.00523229 -0.0078754 0.999955 -0.0231579 0.0 0.0 0.0 1.0
chess/seq-02/color/frame-000530.color.png chess/seq-02/color/frame-000533.color.png 0.999895 0.0144457 0.0012379 -0.0268331 -0.0144687 0.999671 0.0211774 0.0334146 -0.000931463 -0.0211932 0.999775 -0.0371278 0.0 0.0 0.0 1.0
chess/seq-02/color/frame-000533.color.png chess/seq-02/color/frame-000536.color.png 0.999505 0.0313924 -0.00190999 -0.0133594 -0.0313812 0.999492 0.00563381 0.0468322 0.00208589 -0.00557105 0.999982 -0.0401108 0.0 0.0 0.0 1.0
