chess/seq-02/color/frame-000001.color.png chess/seq-02/color/frame-000003.color.png 0.999994 -0.0034899 -0.000351096 0.000824216 0.00349142 0.999984 0.00441768 0.000167425 0.000335673 -0.00441888 0.99999 -0.000138716 0.0 0.0 0.0 1.0
chess/seq-02/color/frame-000003.color.png chess/seq-02/color/frame-000005.color.png 0.999993 -0.00329369 0.00167391 0.00297564 0.00328149 0.999968 0.00724472 0.000635251 -0.00169771 -0.00723917 0.999972 0.00091878 0.0 0.0 0.0 1.0
chess/seq-02/color/frame-000005.color.png chess/seq-02/color/frame-000007.color.png 0.999993 -0.00352498 0.00130487 0.00235675 0.00352184 0.999991 0.00239743 0.000786134 -0.00131331 -0.00239281 0.999996 0.000372885 0.0 0.0 0.0 1.0
chess/seq-02/color/frame-000007.color.png chess/seq-02/color/frame-000009.color.png 0.999998 -0.000573052 -0.00178449 0.000148197 0.000574062 1.0 0.000565809 0.000556161 0.00178416 -0.000566831 0.999998 -0.00212572 0.0 0.0 0.0 1.0
chess/seq-02/color/frame-000009.color.png chess/seq-02/color/frame-000011.color.png 0.999999 0.00125831 -0.000887093 0.00174479 -0.0012587 0.999999 -0.000440608 -0.000143107 0.000886538 0.000441723 0.999999 -0.00150732 0.0 0.0 0.0 1.0
chess/seq-02/color/frame-000011.color.png chess/seq-02/color/frame-000013.color.png 0.999963 -0.00401327 -0.00757611 0.000424855 0.00400768 0.999992 -0.000752903 -0.00189805 0.00757906 0.000722509 0.999971 -0.000728519 0.0 0.0 0.0 1.0
chess/seq-02/color/frame-000013.color.png chess/seq-02/color/frame-000015.color.png 0.999903 0.00385416 -0.0133572 0.000991616 -0.00386439 0.999992 -0.000740512 0.000480517 0.0133542 0.00079206 0.999911 -0.000667319 0.0 0.0 0.0 1.0
chess/seq-02/color/frame-000015.color.png chess/seq-02/color/frame-000017.color.png 0.999629 0.0123331 -0.0243029 -0.00137395 -0.0124637 0.999909 -0.00522657 0.000617856 0.0242362 0.00552753 0.999691 -0.0019904 0.0 0.0 0.0 1.0
chess/seq-02/color/frame-000017.color.png chess/seq-02/color/frame-000019.color.png 0.999725 0.00834712 -0.0219379 -0.00605615 -0.00843164 0.999957 -0.00376303 0.000240142 0.0219056 0.00394696 0.999752 -0.0013288 0.0 0.0 0.0 1.0
chess/seq-02/color/frame-000019.color.png chess/seq-02/color/frame-000021.color.png 0.998549 0.0314494 -0.0437029 -0.00262512 -0.0315126 0.999503 -0.000758828 0.00150371 0.0436574 0.00213492 0.999044 -0.00405365 0.0 0.0 0.0 1.0
chess/seq-02/color/frame-000021.color.png chess/seq-02/color/frame-000023.color.png 0.998485 0.0347201 -0.042686 -0.00357701 -0.0348828 0.999387 -0.00307168 -0.000514228 0.0425531 0.00455603 0.999084 0.000599335 0.0 0.0 0.0 1.0
chess/seq-02/color/frame-000023.color.png chess/seq-02/color/frame-000025.color.png 0.998677 0.0255012 -0.0446562 -0.00636868 -0.0255813 0.999672 -0.0012219 -7.26003e-05 0.0446104 0.00236264 0.999002 -0.00128579 0.0 0.0 0.0 1.0
chess/seq-02/color/frame-000025.color.png chess/seq-02/color/frame-000027.color.png 0.998598 0.0205522 -0.0487933 -0.00097168 -0.0209149 0.999757 -0.00693316 0.000992014 0.0486391 0.00794395 0.998785 -0.00186783 0.0 0.0 0.0 1.0
chess/seq-02/color/frame-000027.color.png chess/seq-02/color/frame-000029.color.png 0.99934 0.0156372 -0.0327964 -0.00294422 -0.0157107 0.999874 -0.00198218 -0.000359643 0.0327613 0.00249613 0.99946 -0.00328977 0.0 0.0 0.0 1.0
chess/seq-02/color/frame-000029.color.png chess/seq-02/color/frame-000031.color.png 0.999426 0.0117308 -0.0317716 -0.00452332 -0.0118866 0.999918 -0.00472047 -0.00172713 0.0317136 0.00509543 0.999484 -0.00033625 0.0 0.0 0.0 1.0
chess/seq-02/color/frame-000031.color.png chess/seq-02/color/frame-000033.color.png 0.99968 0.0154369 -0.0200598 0.00028214 -0.0155743 0.999856 -0.00671094 0.000107613 0.0199534 0.0070212 0.999776 -0.0064726 0.0 0.0 0.0 1.0
chess/seq-02/color/frame-000033.color.png chess/seq-02/color/frame-000035.color.png 0.999786 0.0131853 -0.0159196 -0.00350987 -0.0132491 0.999904 -0.00390819 0.00147874 0.0158665 0.00411827 0.999866 -0.00208152 0.0 0.0 0.0 1.0
chess/seq-02/color/frame-000035.color.png chess/seq-02/color/frame-000037.color.png 0.999684 0.00593955 -0.0244076 0.000920573 -0.00563354 0.999905 0.0125873 -0.00100903 0.0244801 -0.0124458 0.999623 0.00193476 0.0 0.0 0.0 1.0
chess/seq-02/color/frame-000037.color.png chess/seq-02/color/frame-000039.color.png 0.999954 0.00501659 0.00812639 -0.000474047 -0.00501705 0.999987 3.38317e-05 0.00216737 -0.00812616 -7.46078e-05 0.999967 0.00695009 0.0 0.0 0.0 1.0
chess/seq-02/color/frame-000039.color.png chess/seq-02/color/frame-000041.color.png 0.999681 -0.0069328 0.0242961 0.00296541 0.00701324 0.99997 -0.00322737 -0.0006284 -0.0242729 0.00339673 0.9997 0.00448255 0.0 0.0 0.0 1.0
chess/seq-02/color/frame-000041.color.png chess/seq-02/color/frame-000043.color.png 0.999375 -0.0232373 0.0266374 0.00546917 0.0231131 0.999721 0.00496263 0.00209779 -0.0267453 -0.00434385 0.999633 0.00725403 0.0 0.0 0.0 1.0
chess/seq-02/color/frame-000043.color.png chess/seq-02/color/frame-000045.color.png 0.99894 -0.0287597 0.0359327 0.00567098 0.0285648 0.999574 0.00592267 -0.00688921 -0.0360878 -0.00488998 0.999337 0.00127371 0.0 0.0 0.0 1.0
chess/seq-02/color/frame-000045.color.png chess/seq-02/color/frame-000047.color.png 0.998391 -0.0229982 0.0518384 0.00816297 0.0228705 0.999734 0.0030558 -0.00309529 -0.0518949 -0.00186531 0.998651 0.00228497 0.0 0.0 0.0 1.0
chess/seq-02/color/frame-000047.color.png chess/seq-02/color/frame-000049.color.png 0.998612 -0.0278124 0.0447318 0.0072284 0.027771 0.999613 0.00154786 -0.00399706 -0.0447576 -0.000303471 0.998998 0.00259152 0.0 0.0 0.0 1.0
chess/seq-02/color/frame-000049.color.png chess/seq-02/color/frame-000051.color.png 0.998877 -0.0268872 0.0390202 0.00367829 0.0268987 0.999638 0.000229838 -0.00351596 -0.0390123 0.000820015 0.999238 0.00819673 0.0 0.0 0.0 1.0
chess/seq-02/color/frame-000051.color.png chess/seq-02/color/frame-000053.color.png 0.998136 -0.0212151 0.0572268 0.00239067 0.0210851 0.999774 0.00287411 -0.00266752 -0.0572748 -0.00166211 0.998357 0.00201603 0.0 0.0 0.0 1.0
chess/seq-02/color/frame-000053.color.png chess/seq-02/color/frame-000055.color.png 0.998312 -0.0248468 0.0524862 0.00653278 0.0247859 0.999691 0.00180996 -0.00243856 -0.0525149 -0.000505991 0.99862 0.00616681 0.0 0.0 0.0 1.0
chess/seq-02/color/frame-000055.color.png chess/seq-02/color/frame-000057.color.png 0.998906 -0.0255159 0.0391786 0.00455914 0.0252901 0.999661 0.0062498 -0.00476491 -0.0393248 -0.00525214 0.999213 0.0125867 0.0 0.0 0.0 1.0
chess/seq-02/color/frame-000057.color.png chess/seq-02/color/frame-000059.color.png 0.99847 -0.0258321 0.0488827 0.00125626 0.0255203 0.99965 0.0069909 -0.00355287 -0.0490462 -0.0057327 0.99878 0.00577523 0.0 0.0 0.0 1.0
chess/seq-02/color/frame-000059.color.png chess/seq-02/color/frame-000061.color.png 0.99891 -0.0199097 0.0422283 0.00481052 0.0196 0.999778 0.0077359 -0.00295763 -0.0423729 -0.00689979 0.999078 0.00865231 0.0 0.0 0.0 1.0
chess/seq-02/color/frame-000061.color.png chess/seq-02/color/frame-000063.color.png 0.999228 -0.0198426 0.0339199 -0.00331169 0.0195392 0.999766 0.00925445 -0.00516737 -0.0340956 -0.00858453 0.999382 0.006226 0.0 0.0 0.0 1.0
chess/seq-02/color/frame-000063.color.png chess/seq-02/color/frame-000065.color.png 0.999733 -0.0204248 0.0107868 0.00510089 0.0203631 0.999776 0.00580635 -0.0055464 -0.010903 -0.00558514 0.999925 0.00377255 0.0 0.0 0.0 1.0
chess/seq-02/color/frame-000065.color.png chess/seq-02/color/frame-000067.color.png 0.999975 -0.00580223 0.00391623 -0.0044162 0.00579419 0.999981 0.00206132 -0.00140644 -0.00392812 -0.00203857 0.99999 0.00222958 0.0 0.0 0.0 1.0
chess/seq-02/color/frame-000067.color.png chess/seq-02/color/frame-000069.color.png 0.999675 0.0113855 -0.0228165 -0.0105079 -0.0114703 0.999928 -0.00359298 -0.00524018 0.0227739 0.00385352 0.999733 -0.000833493 0.0 0.0 0.0 1.0
chess/seq-02/color/frame-000069.color.png chess/seq-02/color/frame-000071.color.png 0.998571 0.0169903 -0.0506578 -0.00289451 -0.0173509 0.999827 -0.00668737 -0.00647726 0.0505354 0.00755677 0.998694 -0.00820992 0.0 0.0 0.0 1.0
chess/seq-02/color/frame-000071.color.png chess/seq-02/color/frame-000073.color.png 0.998528 0.014797 -0.0521768 -0.00641074 -0.0145484 0.999881 0.0051414 -0.00603095 0.0522467 -0.00437474 0.998625 -0.00771093 0.0 0.0 0.0 1.0
chess/seq-02/color/frame-000073.color.png chess/seq-02/color/frame-000075.color.png 0.99822 0.0117349 -0.0584777 -0.00388837 -0.0111279 0.999881 0.0106958 -0.0043232 0.0585963 -0.0100261 0.998231 -0.00396441 0.0 0.0 0.0 1.0
chess/seq-02/color/frame-000075.color.png chess/seq-02/color/frame-000077.color.png 0.99759 0.0101866 -0.0686364 -0.00400199 -0.00981803 0.999936 0.00570497 -0.00947767 0.0686901 -0.00501734 0.997625 -0.00826096 0.0 0.0 0.0 1.0
chess/seq-02/color/frame-000077.color.png chess/seq-02/color/frame-000079.color.png 0.998805 0.0153364 -0.0464082 0.00111051 -0.0151565 0.999876 0.004227 -0.00657527 0.0464674 -0.00351857 0.998914 0.0010191 0.0 0.0 0.0 1.0
chess/seq-02/color/frame-000079.color.png chess/seq-02/color/frame-000081.color.png 0.997621 0.0200702 -0.0659461 0.00269425 -0.0210996 0.999666 -0.0149501 -0.0179795 0.065624 0.016306 0.997711 -0.0131473 0.0 0.0 0.0 1.0
chess/seq-02/color/frame-000081.color.png chess/seq-02/color/frame-000083.color.png 0.996551 0.0301388 -0.0773093 -0.000984302 -0.0309127 0.999483 -0.00883251 -0.0210989 0.0770032 0.0111919 0.996968 -0.00965557 0.0 0.0 0.0 1.0
chess/seq-02/color/frame-000083.color.png chess/seq-02/color/frame-000085.color.png 0.998228 0.0216766 -0.055414 0.0106087 -0.0221707 0.99972 -0.0083177 -0.0124755 0.0552182 0.00953152 0.998429 -0.000681457 0.0 0.0 0.0 1.0
chess/seq-02/color/frame-000085.color.png chess/seq-02/color/frame-000087.color.png 0.999426 0.0224787 -0.0253646 0.000462596 -0.0230439 0.999488 -0.0222159 -0.0213984 0.0248523 0.0227876 0.999431 -0.00727921 0.0 0.0 0.0 1.0
chess/seq-02/color/frame-000087.color.png chess/seq-02/color/frame-000089.color.png 0.999564 0.0241492 -0.0169759 0.00164781 -0.0246765 0.999197 -0.0315736 -0.0154438 0.0161996 0.0319788 0.999357 -0.00659016 0.0 0.0 0.0 1.0
chess/seq-02/color/frame-000089.color.png chess/seq-02/color/frame-000091.color.png 0.999754 0.0122867 -0.0184461 -0.00178907 -0.0128375 0.999466 -0.0300407 -0.0190911 0.0180672 0.0302701 0.999378 -0.00441917 0.0 0.0 0.0 1.0
chess/seq-02/color/frame-000091.color.png chess/seq-02/color/frame-000093.color.png 0.999609 0.0109747 -0.0257274 0.000794358 -0.0112775 0.999869 -0.0116537 -0.0209784 0.0255961 0.0119392 0.999601 -0.00292278 0.0 0.0 0.0 1.0
chess/seq-02/color/frame-000093.color.png chess/seq-02/color/frame-000095.color.png 0.999859 0.00808547 -0.0146959 -0.000127584 -0.00831857 0.999839 -0.015869 -0.0212133 0.0145653 0.015989 0.999766 -0.00183065 0.0 0.0 0.0 1.0
chess/seq-02/color/frame-000095.color.png chess/seq-02/color/frame-000097.color.png 0.999949 0.00367467 -0.00939537 -0.00254424 -0.00381676 0.999878 -0.015151 -0.0265058 0.00933857 0.0151861 0.999841 0.000270866 0.0 0.0 0.0 1.0
chess/seq-02/color/frame-000097.color.png chess/seq-02/color/frame-000099.color.png 0.999964 -0.00516921 -0.00675603 -0.00191466 0.00506885 0.999878 -0.0147848 -0.0251782 0.00683163 0.01475 0.999868 0.000211388 0.0 0.0 0.0 1.0
chess/seq-02/color/frame-000099.color.png chess/seq-02/color/frame-000101.color.png 0.999978 -0.00552285 -0.00367655 -0.0103507 0.00551357 0.999982 -0.00251981 -0.0359741 0.0036904 0.00249947 0.99999 -0.00466982 0.0 0.0 0.0 1.0
chess/seq-02/color/frame-000101.color.png chess/seq-02/color/frame-000103.color.png 0.999964 -0.00409268 0.00737612 0.000477718 0.00429181 0.999621 -0.0271826 -0.0210597 -0.00726214 0.0272134 0.999603 0.00501247 0.0 0.0 0.0 1.0
chess/seq-02/color/frame-000103.color.png chess/seq-02/color/frame-000105.color.png 0.999964 -0.00718126 0.0044589 0.00421402 0.00725372 0.999838 -0.0164583 -0.0109533 -0.00433997 0.01649 0.999855 0.00114843 0.0 0.0 0.0 1.0
chess/seq-02/color/frame-000105.color.png chess/seq-02/color/frame-000107.color.png 0.999907 -0.013275 0.00313534 0.000242479 0.0132718 0.999911 0.00105146 -0.0187132 -0.00314901 -0.00100978 0.999995 0.00154189 0.0 0.0 0.0 1.0
chess/seq-02/color/frame-000107.color.png chess/seq-02/color/frame-000109.color.png 0.999776 -0.0140025 0.0158937 0.00810523 0.0142018 0.999821 -0.0124951 -0.0211932 -0.0157159 0.012718 0.999795 0.0088799 0.0 0.0 0.0 1.0
chess/seq-02/color/frame-000109.color.png chess/seq-02/color/frame-000111.color.png 0.999816 -0.0110703 0.0156719 -0.00124192 0.0112377 0.99988 -0.0106311 -0.0128474 -0.0155524 0.0108053 0.999821 0.00114981 0.0 0.0 0.0 1.0
chess/seq-02/color/frame-000111.color.png chess/seq-02/color/frame-000113.color.png 0.999591 -0.0145437 0.0246366 0.0057865 0.0148894 0.999792 -0.0139059 -0.0155503 -0.0244291 0.014267 0.9996 0.00808847 0.0 0.0 0.0 1.0
chess/seq-02/color/frame-000113.color.png chess/seq-02/color/frame-000115.color.png 0.999646 -0.00934317 0.0249183 0.00571134 0.00941252 0.999952 -0.00266724 -0.00650641 -0.0248923 0.0029008 0.999686 -0.000968296 0.0 0.0 0.0 1.0
chess/seq-02/color/frame-000115.color.png chess/seq-02/color/frame-000117.color.png 0.99965 -0.0177679 0.0195829 0.0157209 0.0177776 0.999842 -0.000318246 -0.0130728 -0.0195741 0.000666331 0.999808 0.00721892 0.0 0.0 0.0 1.0
chess/seq-02/color/frame-000117.color.png chess/seq-02/color/frame-000119.color.png 0.999243 -0.0238407 0.030742 0.0149482 0.0239114 0.999712 -0.00193522 -0.00857058 -0.0306871 0.00266883 0.999525 0.00883383 0.0 0.0 0.0 1.0
chess/seq-02/color/frame-000119.color.png chess/seq-02/color/frame-000121.color.png 0.999456 -0.0179995 0.027627 0.0130288 0.017968 0.999838 0.00138552 -0.00751582 -0.0276475 -0.000888341 0.999617 0.00417647 0.0 0.0 0.0 1.0
chess/seq-02/color/frame-000121.color.png chess/seq-02/color/frame-000123.color.png 0.99904 -0.0192787 0.0393484 0.0105409 0.01899 0.99979 0.00769832 -0.0142838 -0.0394885 -0.00694371 0.999196 0.00266741 0.0 0.0 0.0 1.0
chess/seq-02/color/frame-000123.color.png chess/seq-02/color/frame-000125.color.png 0.999406 -0.0168664 0.0300462 0.0190521 0.0169011 0.999857 -0.000899443 -0.00917888 -0.0300267 0.00140673 0.999548 0.0028406 0.0 0.0 0.0 1.0
chess/seq-02/color/frame-000125.color.png chess/seq-02/color/frame-000127.color.png 0.99969 -0.0156142 0.0194068 0.0105823 0.0156529 0.999876 -0.00184643 -0.00362989 -0.0193755 0.0021496 0.99981 0.00368516 0.0 0.0 0.0 1.0
chess/seq-02/color/frame-000127.color.png chess/seq-02/color/frame-000129.color.png 0.999764 -0.0172662 0.0131675 0.0287243 0.0172501 0.99985 0.00133477 -0.0171359 -0.0131886 -0.00110729 0.999912 0.00847961 0.0 0.0 0.0 1.0
chess/seq-02/color/frame-000129.color.png chess/seq-02/color/frame-000131.color.png 0.999735 -0.0198315 0.0117272 0.0191777 0.0197795 0.999794 0.004532 -0.00950986 -0.0118146 -0.00429887 0.999921 -0.00236964 0.0 0.0 0.0 1.0
chess/seq-02/color/frame-000131.color.png chess/seq-02/color/frame-000133.color.png 0.999716 -0.0214984 0.0102352 0.0114041 0.0214983 0.999769 0.000119969 0.00512522 -0.0102354 0.00010011 0.999948 0.00573489 0.0 0.0 0.0 1.0
chess/seq-02/color/frame-000133.color.png chess/seq-02/color/frame-000135.color.png 0.999896 -0.0144032 -0.000543864 0.0357779 0.014409 0.999814 0.0128281 -0.0158715 0.000359004 -0.0128346 0.999918 0.0122683 0.0 0.0 0.0 1.0
chess/seq-02/color/frame-000135.color.png chess/seq-02/color/frame-000137.color.png 0.99995 -0.0096069 0.00268094 0.016106 0.00959339 0.999941 0.00500712 -0.00428146 -0.00272889 -0.00498114 0.999984 0.00917453 0.0 0.0 0.0 1.0
chess/seq-02/color/frame-000137.color.png chess/seq-02/color/frame-000139.color.png 0.999958 -0.00916617 -0.000405689 0.0327382 0.00916658 0.999957 0.00101765 0.00380465 0.000396321 -0.00102135 0.999999 0.0154031 0.0 0.0 0.0 1.0
chess/seq-02/color/frame-000139.color.png chess/seq-02/color/frame-000141.color.png 0.99988 -0.0134902 0.00760126 0.0191991 0.0134602 0.999901 0.00397802 -0.00102332 -0.00765416 -0.00387521 0.999963 0.01672 0.0 0.0 0.0 1.0
chess/seq-02/color/frame-000141.color.png chess/seq-02/color/frame-000143.color.png 0.999963 -0.00641274 0.00567185 0.0203236 0.00639657 0.999976 0.00286711 -0.00290412 -0.00569013 -0.00283073 0.99998 0.0195144 0.0 0.0 0.0 1.0
chess/seq-02/color/frame-000143.color.png chess/seq-02/color/frame-000145.color.png 0.999845 0.0023804 -0.0174495 0.0514182 -0.00230363 0.999988 0.004419 -0.00495246 0.0174598 -0.00437812 0.999838 0.0148064 0.0 0.0 0.0 1.0
chess/seq-02/color/frame-000145.color.png chess/seq-02/color/frame-000147.color.png 0.999927 -0.0106993 -0.00557441 0.0126516 0.0107301 0.999927 0.00552541 0.00473493 0.0055149 -0.00558481 0.999969 0.0133174 0.0 0.0 0.0 1.0
chess/seq-02/color/frame-000147.color.png chess/seq-02/color/frame-000149.color.png 0.999995 -0.00297799 0.000434538 0.0117536 0.00297484 0.99997 0.00708885 0.00864774 -0.000455632 -0.00708751 0.999975 0.0106469 0.0 0.0 0.0 1.0
chess/seq-02/color/frame-000149.color.png chess/seq-02/color/frame-000151.color.png 0.999987 0.00352735 0.00368181 0.0109576 -0.00356201 0.999949 0.00945122 0.0110609 -0.00364826 -0.00946419 0.999948 0.00334296 0.0 0.0 0.0 1.0
chess/seq-02/color/frame-000151.color.png chess/seq-02/color/frame-000153.color.png 0.999996 0.0026261 -0.00108319 0.00437421 -0.00260074 0.999737 0.0227989 0.0125744 0.00114274 -0.022796 0.999739 0.00882074 0.0 0.0 0.0 1.0
chess/seq-02/color/frame-000153.color.png chess/seq-02/color/frame-000155.color.png 0.999989 -0.00397432 -0.00248416 -0.00166643 0.00399864 0.999943 0.00986105 0.0155892 0.00244482 -0.00987086 0.999948 0.0145801 0.0 0.0 0.0 1.0
chess/seq-02/color/frame-000155.color.png chess/seq-02/color/frame-000157.color.png 0.999985 0.00110991 -0.00541777 0.00207919 -0.00111144 0.999999 -0.000275957 0.00890368 0.00541745 0.000281979 0.999985 0.00545162 0.0 0.0 0.0 1.0
chess/seq-02/color/frame-000157.color.png chess/seq-02/color/frame-000159.color.png 0.999977 0.0056707 -0.00364155 0.00511333 -0.00565826 0.999978 0.00340494 0.0231546 0.00366077 -0.00338426 0.999988 0.00492203 0.0 0.0 0.0 1.0
chess/seq-02/color/frame-000159.color.png chess/seq-02/color/frame-000161.color.png 0.999819 0.0145426 0.0122737 -0.00665501 -0.0145293 0.999894 -0.00117374 0.0162466 -0.0122894 0.000995197 0.999924 0.0106923 0.0 0.0 0.0 1.0
chess/seq-02/color/frame-000161.color.png chess/seq-02/color/frame-000163.color.png 0.999896 0.0105167 0.00991455 -0.00641346 -0.010476 0.999936 -0.00414756 0.020417 -0.00995754 0.0040433 0.999942 0.00952739 0.0 0.0 0.0 1.0
chess/seq-02/color/frame-000163.color.png chess/seq-02/color/frame-000165.color.png 0.999946 0.00856872 0.0058892 -0.011348 -0.00855699 0.999961 -0.00201267 0.0271466 -0.00590621 0.00196216 0.999981 0.00973415 0.0 0.0 0.0 1.0
chess/seq-02/color/frame-000165.color.png chess/seq-02/color/frame-000167.color.png 0.999959 0.00857456 -0.0028159 -0.0148277 -0.00855234 0.999933 0.00780532 0.0176684 0.00288263 -0.00778092 0.999966 -0.000859991 0.0 0.0 0.0 1.0
chess/seq-02/color/frame-000167.color.png chess/seq-02/color/frame-000169.color.png 0.999958 0.00819602 -0.00399917 -0.00752932 -0.00818995 0.999965 0.00152935 0.0194389 0.00401156 -0.00149654 0.999991 0.00147538 0.0 0.0 0.0 1.0
chess/seq-02/color/frame-000169.color.png chess/seq-02/color/frame-000171.color.png 0.999861 0.0166068 -0.00116859 -0.015203 -0.0165952 0.999819 0.00932641 0.0241069 0.00132328 -0.00930573 0.999956 0.00597794 0.0 0.0 0.0 1.0
chess/seq-02/color/frame-000171.color.png chess/seq-02/color/frame-000173.color.png 0.999941 0.0108311 0.000218207 -0.025815 -0.0108304 0.999937 -0.00304043 0.03081 -0.000251126 0.00303791 0.999995 -0.000295192 0.0 0.0 0.0 1.0
chess/seq-02/color/frame-000173.color.png chess/seq-02/color/frame-000175.color.png 0.999979 0.00639807 0.0012533 -0.0171073 -0.00639798 0.99998 -7.78563e-05 0.0177446 -0.00125378 6.98217e-05 0.999999 -0.00110084 0.0 0.0 0.0 1.0
chess/seq-02/color/frame-000175.color.png chess/seq-02/color/frame-000177.color.png 0.99984 0.0178508 0.00146428 -0.0167921 -0.0178683 0.999757 0.0128935 0.0250892 -0.00123377 -0.0129175 0.999916 -0.000653476 0.0 0.0 0.0 1.0
chess/seq-02/color/frame-000177.color.png chess/seq-02/color/frame-000179.color.png 0.999878 0.015591 0.000790244 -0.0249724 -0.0156029 0.999711 0.0182923 0.0233733 -0.000504842 -0.0183024 0.999832 -0.00440355 0.0 0.0 0.0 1.0
chess/seq-02/color/frame-000179.color.png chess/seq-02/color/frame-000181.color.png 0.999931 0.0105615 0.00521647 -0.0201613 -0.0106288 0.999858 0.0130401 0.0170729 -0.005078 -0.0130947 0.999901 0.00350572 0.0 0.0 0.0 1.0
chess/seq-02/color/frame-000181.color.png chess/seq-02/color/frame-000183.color.png 0.999993 0.00379991 0.00056873 -0.0393359 -0.00381094 0.999775 0.0208513 0.0145048 -0.000489372 -0.0208533 0.999782 -0.0109308 0.0 0.0 0.0 1.0
chess/seq-02/color/frame-000183.color.png chess/seq-02/color/frame-000185.color.png 0.999993 0.00366927 -0.000282227 -0.0292082 -0.00366598 0.999934 0.0108923 0.0131165 0.000322185 -0.0108912 0.999941 0.00736055 0.0 0.0 0.0 1.0
chess/seq-02/color/frame-000185.color.png chess/seq-02/color/frame-000187.color.png 0.999896 0.00214936 -0.0142612 -0.0262673 -0.0017339 0.999576 0.0290807 0.0218684 0.0143176 -0.0290529 0.999475 -0.0029574 0.0 0.0 0.0 1.0
chess/seq-02/color/frame-000187.color.png chess/seq-02/color/frame-000189.color.png 0.999949 -0.00032323 -0.0101376 -0.0121516 0.000615533 0.999584 0.0288443 0.00767894 0.0101241 -0.0288491 0.999533 -0.00825061 0.0 0.0 0.0 1.0
chess/seq-02/color/frame-000189.color.png chess/seq-02/color/frame-000191.color.png 0.999874 0.00088463 -0.0158616 -0.0253827 -0.000446333 0.999619 0.0276146 0.013873 0.01588 -0.0276041 0.999493 -0.0107598 0.0 0.0 0.0 1.0
chess/seq-02/color/frame-000191.color.png chess/seq-02/color/frame-000193.color.png 0.999867 0.011889 -0.0111918 -0.0304045 -0.0116394 0.999688 0.0221032 0.00746421 0.0114511 -0.02197 0.999693 -0.00214413 0.0 0.0 0.0 1.0
chess/seq-02/color/frame-000193.color.png chess/seq-02/color/frame-000195.color.png 0.999884 0.00976896 -0.0117155 -0.0126079 -0.00960298 0.999854 0.0141401 -0.000177816 0.011852 -0.0140259 0.999831 -0.0137018 0.0 0.0 0.0 1.0
chess/seq-02/color/frame-000195.color.png chess/seq-02/color/frame-000197.color.png 0.999845 0.00205774 -0.0174631 -0.0150243 -0.00179632 0.999886 0.0149722 0.00851616 0.0174919 -0.0149385 0.999735 -0.00244601 0.0 0.0 0.0 1.0
chess/seq-02/color/frame-000197.color.png chess/seq-02/color/frame-000199.color.png 0.999924 0.00375686 -0.0117128 -0.0169465 -0.00364691 0.999949 0.00939479 0.00391387 0.0117476 -0.00935136 0.999887 -0.00931491 0.0 0.0 0.0 1.0
chess/seq-02/color/frame-000199.color.png chess/seq-02/color/frame-000201.color.png 0.999779 0.00509835 -0.0203982 -0.0181775 -0.00465044 0.999748 0.0219461 0.000320811 0.0205049 -0.0218464 0.999551 -0.0134826 0.0 0.0 0.0 1.0
chess/seq-02/color/frame-000201.color.png chess/seq-02/color/frame-000203.color.png 0.999987 -0.000501282 -0.00515653 -0.0151388 0.00055681 0.999942 0.0107715 -0.000971455 0.00515086 -0.0107742 0.999929 -0.00784414 0.0 0.0 0.0 1.0
chess/seq-02/color/frame-000203.color.png chess/seq-02/color/frame-000205.color.png 0.999966 -0.00635887 -0.00517926 -0.0154781 0.00640741 0.999935 0.00940846 -0.00339925 0.00511909 -0.00944131 0.999942 -0.0105641 0.0 0.0 0.0 1.0
chess/seq-02/color/frame-000205.color.png chess/seq-02/color/frame-000207.color.png 0.999651 -0.014806 -0.0218645 -0.0159279 0.0149642 0.999863 0.00709048 -0.00741634 0.0217566 -0.0074152 0.999736 -0.0118361 0.0 0.0 0.0 1.0
chess/seq-02/color/frame-000207.color.png chess/seq-02/color/frame-000209.color.png 0.99997 0.00636459 -0.00434071 -0.0154679 -0.00638804 0.999965 -0.00540778 -5.0813e-05 0.00430607 0.00543538 0.999976 -0.0150486 0.0 0.0 0.0 1.0
chess/seq-02/color/frame-000209.color.png chess/seq-02/color/frame-000211.color.png 0.99986 0.000958932 -0.0167308 -0.0168467 -0.00101428 0.999994 -0.00330029 -0.00891598 0.0167275 0.00331683 0.999855 -0.0130088 0.0 0.0 0.0 1.0
chess/seq-02/color/frame-000211.color.png chess/seq-02/color/frame-000213.color.png 0.999655 -0.00244189 -0.0261539 -0.0133334 0.00239484 0.999996 -0.00183003 -0.0125684 0.0261583 0.00176674 0.999656 -0.0143256 0.0 0.0 0.0 1.0
chess/seq-02/color/frame-000213.color.png chess/seq-02/color/frame-000215.color.png 0.999663 0.00386788 -0.0256602 -0.0166723 -0.00410873 0.999948 -0.00934027 -0.0180544 0.0256227 0.00944255 0.999627 -0.011949 0.0 0.0 0.0 1.0
chess/seq-02/color/frame-000215.color.png chess/seq-02/color/frame-000217.color.png 0.99949 0.00500965 -0.0315246 -0.0118925 -0.00565953 0.999773 -0.0205605 -0.0161977 0.0314145 0.0207284 0.999291 -0.0142251 0.0 0.0 0.0 1.0
chess/seq-02/color/frame-000217.color.png chess/seq-02/color/frame-000219.color.png 0.999655 0.0026561 -0.0261129 -0.00688788 -0.0033885 0.999601 -0.0280429 -0.0196456 0.0260279 0.0281217 0.999266 -0.0136686 0.0 0.0 0.0 1.0
chess/seq-02/color/frame-000219.color.png chess/seq-02/color/frame-000221.color.png 0.999606 0.00669898 -0.0272752 -0.00325562 -0.00724751 0.999772 -0.0200615 -0.0325836 0.0271346 0.0202513 0.999427 -0.00697699 0.0 0.0 0.0 1.0
chess/seq-02/color/frame-000221.color.png chess/seq-02/color/frame-000223.color.png 0.999789 -0.00270362 -0.0203633 -0.00454952 0.00201514 0.999428 -0.033756 -0.0180168 0.0204429 0.0337078 0.999223 -0.00448099 0.0 0.0 0.0 1.0
chess/seq-02/color/frame-000223.color.png chess/seq-02/color/frame-000225.color.png 0.999975 0.00470546 -0.00522667 -0.00877032 -0.00479154 0.999851 -0.0165799 -0.0327039 0.00514788 0.0166046 0.999849 -0.00780182 0.0 0.0 0.0 1.0
chess/seq-02/color/frame-000225.color.png chess/seq-02/color/frame-000227.color.png 0.999963 -0.00403859 -0.00754613 -0.0050545 0.00383761 0.999642 -0.0264653 -0.0243241 0.00765025 0.0264354 0.999621 -0.00277484 0.0 0.0 0.0 1.0
chess/seq-02/color/frame-000227.color.png chess/seq-02/color/frame-000229.color.png 0.999973 -0.00733845 0.000137729 0.000619307 0.00733874 0.999361 -0.0349928 -0.0148292 0.000119134 0.0349928 0.999388 -0.00129252 0.0 0.0 0.0 1.0
chess/seq-02/color/frame-000229.color.png chess/seq-02/color/frame-000231.color.png 0.999905 -0.0129344 0.00478529 0.00719938 0.0130639 0.99952 -0.0280856 -0.0132161 -0.00441976 0.0281455 0.999594 0.000432322 0.0 0.0 0.0 1.0
chess/seq-02/color/frame-000231.color.png chess/seq-02/color/frame-000233.color.png 0.999949 -0.0100602 0.00127594 -0.00285292 0.0100751 0.999874 -0.0122362 -0.0235311 -0.00115263 0.0122484 0.999924 -0.00275541 0.0 0.0 0.0 1.0
chess/seq-02/color/frame-000233.color.png chess/seq-02/color/frame-000235.color.png 0.999985 -0.00521269 0.00190098 0.00161207 0.00524632 0.999822 -0.0181478 -0.0225221 -0.00180604 0.0181575 0.999834 0.000546906 0.0 0.0 0.0 1.0
chess/seq-02/color/frame-000235.color.png chess/seq-02/color/frame-000237.color.png 0.99992 -0.00440312 -0.0118204 0.00526027 0.0042703 0.999928 -0.0112389 -0.025133 0.0118689 0.0111875 0.999867 -0.00186704 0.0 0.0 0.0 1.0
chess/seq-02/color/frame-000237.color.png chess/seq-02/color/frame-000239.color.png 0.999842 -0.0167791 0.00583685 0.0067439 0.0169382 0.999454 -0.0283841 -0.0167157 -0.00535735 0.0284785 0.99958 0.00303759 0.0 0.0 0.0 1.0
chess/seq-02/color/frame-000239.color.png chess/seq-02/color/frame-000241.color.png 0.999884 -0.011855 0.00958532 0.00475594 0.0120435 0.99973 -0.0198585 -0.0214436 -0.00934727 0.0199717 0.999757 0.00412358 0.0 0.0 0.0 1.0
chess/seq-02/color/frame-000241.color.png chess/seq-02/color/frame-000243.color.png 0.999941 -0.00821398 0.00714629 0.00254267 0.00830495 0.999884 -0.0127955 -0.007754 -0.00704038 0.0128541 0.999893 0.00609497 0.0 0.0 0.0 1.0
chess/seq-02/color/frame-000243.color.png chess/seq-02/color/frame-000245.color.png 0.999971 -0.00730763 0.0022981 0.0212443 0.00734115 0.999862 -0.0149313 -0.032991 -0.00218868 0.0149477 0.999886 0.00280938 0.0 0.0 0.0 1.0
chess/seq-02/color/frame-000245.color.png chess/seq-02/color/frame-000247.color.png 0.999988 -0.00416263 0.00238064 0.0237516 0.00420705 0.999811 -0.0189694 -0.0192546 -0.00230126 0.0189792 0.999817 0.00521544 0.0 0.0 0.0 1.0
chess/seq-02/color/frame-000247.color.png chess/seq-02/color/frame-000249.color.png 0.999838 -0.0114689 0.013909 -0.00105033 0.0116938 0.9998 -0.0162029 -0.00905752 -0.0137204 0.0163629 0.999772 0.0140096 0.0 0.0 0.0 1.0
chess/seq-02/color/frame-000249.color.png chess/seq-02/color/frame-000251.color.png 0.999922 -0.00846852 0.00919475 0.0110175 0.0086568 0.99975 -0.0206358 -0.0133103 -0.00901764 0.0207138 0.999745 0.0182324 0.0 0.0 0.0 1.0
chess/seq-02/color/frame-000251.color.png chess/seq-02/color/frame-000253.color.png 0.999804 0.00406527 0.0194006 0.0242262 -0.0037263 0.99984 -0.0174767 -0.0212747 -0.0194685 0.017401 0.999659 0.0136399 0.0 0.0 0.0 1.0
chess/seq-02/color/frame-000253.color.png chess/seq-02/color/frame-000255.color.png 0.999932 0.00476826 0.0106295 0.0256668 -0.00466177 0.999939 -0.0100189 -0.0104479 -0.0106766 0.00996863 0.999893 0.00380019 0.0 0.0 0.0 1.0
chess/seq-02/color/frame-000255.color.png chess/seq-02/color/frame-000257.color.png 0.999891 0.00360037 0.0143006 0.0293279 -0.00337715 0.999873 -0.0156054 0.0109215 -0.0143549 0.0155555 0.999776 0.0163235 0.0 0.0 0.0 1.0
chess/seq-02/color/frame-000257.color.png chess/seq-02/color/frame-000259.color.png 0.999909 0.0133039 0.00232712 0.048651 -0.013294 0.999903 -0.00421004 -0.039828 -0.00238295 0.00417866 0.999988 0.00728523 0.0 0.0 0.0 1.0
chess/seq-02/color/frame-000259.color.png chess/seq-02/color/frame-000261.color.png 0.999095 -0.0206288 0.0371847 -0.0279873 0.0213563 0.999586 -0.0192748 0.0175764 -0.0367716 0.0200516 0.999122 0.0224251 0.0 0.0 0.0 1.0
chess/seq-02/color/frame-000261.color.png chess/seq-02/color/frame-000263.color.png 0.999561 -0.00706998 0.0287711 0.0470335 0.0075035 0.99986 -0.0149879 -0.0184169 -0.0286611 0.0151972 0.999474 0.0216382 0.0 0.0 0.0 1.0
chess/seq-02/color/frame-000263.color.png chess/seq-02/color/frame-000265.color.png 0.999748 -0.000205684 0.0224407 0.028399 0.000150253 0.999997 0.00247163 -0.0124184 -0.0224412 -0.00246768 0.999745 0.0116286 0.0 0.0 0.0 1.0
chess/seq-02/color/frame-000265.color.png chess/seq-02/color/frame-000267.color.png 0.999961 0.00308342 0.00827159 0.0435205 -0.00320232 0.999891 0.0144011 -0.0193657 -0.00822631 -0.0144271 0.999862 -0.00876671 0.0 0.0 0.0 1.0
chess/seq-02/color/frame-000267.color.png chess/seq-02/color/frame-000269.color.png 0.999813 -0.00516441 0.018619 0.00848998 0.00513083 0.999985 0.00185013 0.00600743 -0.0186283 -0.00175425 0.999825 0.0198403 0.0 0.0 0.0 1.0
chess/seq-02/color/frame-000269.color.png chess/seq-02/color/frame-000271.color.png 0.999879 -0.00269922 0.015342 0.0298281 0.00251243 0.999923 0.0121815 -0.00471997 -0.0153737 -0.0121415 0.999808 0.0117055 0.0 0.0 0.0 1.0
chess/seq-02/color/frame-000271.color.png chess/seq-02/color/frame-000273.color.png 0.999948 -0.00611322 0.0081746 0.0226911 0.00602808 0.999928 0.0104021 0.00317359 -0.00823766 -0.0103524 0.999913 0.00949813 0.0 0.0 0.0 1.0
chess/seq-02/color/frame-000273.color.png chess/seq-02/color/frame-000275.color.png 0.99995 -0.00836709 0.0055039 0.021886 0.00837361 0.999964 -0.00116408 0.0207641 -0.00549394 0.00121024 0.999984 0.0332706 0.0 0.0 0.0 1.0
chess/seq-02/color/frame-000275.color.png chess/seq-02/color/frame-000277.color.png 0.99999 -0.00408586 0.00185987 0.0194512 0.00407195 0.999964 0.00741968 0.00131607 -0.00189012 -0.00741208 0.999971 0.00917215 0.0 0.0 0.0 1.0
chess/seq-02/color/frame-000277.color.png chess/seq-02/color/frame-000279.color.png 0.999965 0.000322258 0.00831979 0.0153369 -0.000447707 0.999886 0.0150834 0.00351298 -0.00831397 -0.0150866 0.999852 0.0130067 0.0 0.0 0.0 1.0
chess/seq-02/color/frame-000279.color.png chess/seq-02/color/frame-000281.color.png 0.999985 0.000219324 0.00551632 0.0136482 -0.000257686 0.999976 0.00695395 0.00760573 -0.00551469 -0.00695526 0.999961 0.0138562 0.0 0.0 0.0 1.0
chess/seq-02/color/frame-000281.color.png chess/seq-02/color/frame-000283.color.png 0.999891 -0.0147218 -0.000966395 0.00101846 0.0147324 0.999819 0.0120533 0.0139316 0.000788808 -0.0120662 0.999927 0.012361 0.0 0.0 0.0 1.0
chess/seq-02/color/frame-000283.color.png chess/seq-02/color/frame-000285.color.png 0.999874 -0.00972581 -0.01253 0.0153696 0.00982636 0.99992 0.00798828 0.016633 0.0124514 -0.00811038 0.99989 0.0158791 0.0 0.0 0.0 1.0
chess/seq-02/color/frame-000285.color.png chess/seq-02/color/frame-000287.color.png 0.999941 0.00525822 0.00953335 0.00916842 -0.00542943 0.999823 0.0180227 0.0176993 -0.00943689 -0.0180734 0.999792 0.0133897 0.0 0.0 0.0 1.0
chess/seq-02/color/frame-000287.color.png chess/seq-02/color/frame-000289.color.png 0.999974 -0.000877357 0.00716899 -0.00145042 0.000800711 0.999942 0.0106873 0.0144336 -0.00717796 -0.0106813 0.999917 0.00971675 0.0 0.0 0.0 1.0
chess/seq-02/color/frame-000289.color.png chess/seq-02/color/frame-000291.color.png 0.999961 -0.00746437 0.00479848 -0.00169572 0.00733319 0.999614 0.0267964 0.0215056 -0.00499664 -0.0267602 0.999629 0.0174481 0.0 0.0 0.0 1.0
chess/seq-02/color/frame-000291.color.png chess/seq-02/color/frame-000293.color.png 0.999975 -0.00273738 0.00650781 -0.00210655 0.00259735 0.999767 0.0214292 0.013358 -0.00656495 -0.0214117 0.999749 0.00800221 0.0 0.0 0.0 1.0
chess/seq-02/color/frame-000293.color.png chess/seq-02/color/frame-000295.color.png 0.999993 -0.00278415 0.00257194 -0.00564077 0.00272049 0.999698 0.0244325 0.0221164 -0.0026392 -0.0244254 0.999698 0.0112078 0.0 0.0 0.0 1.0
chess/seq-02/color/frame-000295.color.png chess/seq-02/color/frame-000297.color.png 0.999996 0.00282839 -0.000233706 -0.00661963 -0.00282509 0.99991 0.0131053 0.0184714 0.000270773 -0.0131046 0.999914 0.00853932 0.0 0.0 0.0 1.0
chess/seq-02/color/frame-000297.color.png chess/seq-02/color/frame-000299.color.png 0.999946 -0.00215927 -0.0101772 -0.0131104 0.00241966 0.999668 0.0256445 0.0220178 0.0101184 -0.0256677 0.999619 0.00226772 0.0 0.0 0.0 1.0
chess/seq-02/color/frame-000299.color.png chess/seq-02/color/frame-000301.color.png 0.99998 -0.0035366 -0.00523585 -0.0116223 0.00362883 0.999837 0.01771 0.0147437 0.00517239 -0.0177287 0.999829 0.00256205 0.0 0.0 0.0 1.0
chess/seq-02/color/frame-000301.color.png chess/seq-02/color/frame-000303.color.png 0.999911 -0.00250018 -0.0130904 -0.0148044 0.00289795 0.999532 0.0304565 0.0139206 0.0130081 -0.0304918 0.999451 -0.00305101 0.0 0.0 0.0 1.0
chess/seq-02/color/frame-000303.color.png chess/seq-02/color/frame-000305.color.png 0.999974 0.00452887 -0.00556823 -0.0128249 -0.0044618 0.999918 0.0119986 0.0150481 0.0056221 -0.0119735 0.999912 0.00599563 0.0 0.0 0.0 1.0
chess/seq-02/color/frame-000305.color.png chess/seq-02/color/frame-000307.color.png 0.999955 -0.00819538 -0.0048478 -0.0289826 0.00830479 0.999701 0.0229971 0.0176004 0.00465788 -0.0230363 0.999724 0.00127366 0.0 0.0 0.0 1.0
chess/seq-02/color/frame-000307.color.png chess/seq-02/color/frame-000309.color.png 0.999921 0.00238631 -0.0123763 -0.0095787 -0.00209696 0.999725 0.02334 0.00723284 0.0124286 -0.0233122 0.999651 -0.0102043 0.0 0.0 0.0 1.0
chess/seq-02/color/frame-000309.color.png chess/seq-02/color/frame-000311.color.png 0.999862 0.00382132 -0.0161365 -0.0221751 -0.00344719 0.999726 0.0231494 0.0174739 0.0162205 -0.0230906 0.999602 -0.00806344 0.0 0.0 0.0 1.0
chess/seq-02/color/frame-000311.color.png chess/seq-02/color/frame-000313.color.png 0.99981 0.0123167 -0.0150797 -0.00657576 -0.0120252 0.999742 0.0192742 0.00936605 0.0153132 -0.0190892 0.9997 -0.00543746 0.0 0.0 0.0 1.0
chess/seq-02/color/frame-000313.color.png chess/seq-02/color/frame-000315.color.png 0.999739 0.0179842 -0.014057 -0.0212337 -0.017731 0.999682 0.0179363 0.0225068 0.0143751 -0.0176823 0.99974 -0.0111156 0.0 0.0 0.0 1.0
chess/seq-02/color/frame-000315.color.png chess/seq-02/color/frame-000317.color.png 0.999792 0.0133802 -0.0153947 -0.0109621 -0.0131511 0.999803 0.0148865 0.00740553 0.0155909 -0.0146809 0.999771 -0.0127286 0.0 0.0 0.0 1.0
chess/seq-02/color/frame-000317.color.png chess/seq-02/color/frame-000319.color.png 0.99972 0.023063 -0.00524984 -0.0155649 -0.0229769 0.999609 0.0159176 0.0113112 0.00561491 -0.0157926 0.999859 -0.00387231 0.0 0.0 0.0 1.0
chess/seq-02/color/frame-000319.color.png chess/seq-02/color/frame-000321.color.png 0.999086 0.0325053 -0.0277718 -0.0147478 -0.032017 0.999328 0.0178495 0.00469231 0.0283333 -0.016944 0.999455 -0.0210951 0.0 0.0 0.0 1.0
chess/seq-02/color/frame-000321.color.png chess/seq-02/color/frame-000323.color.png 0.999664 0.00813302 -0.0246268 -0.00936436 -0.00804151 0.99996 0.00381306 0.000839449 0.0246568 -0.00361377 0.99969 -0.0198156 0.0 0.0 0.0 1.0
chess/seq-02/color/frame-000323.color.png chess/seq-02/color/frame-000325.color.png 0.999213 0.0140848 -0.0370798 -0.0131864 -0.0141767 0.999897 -0.00221769 0.00497257 0.0370448 0.0027416 0.99931 -0.0182882 0.0 0.0 0.0 1.0
chess/seq-02/color/frame-000325.color.png chess/seq-02/color/frame-000327.color.png 0.999627 0.0120055 -0.0245216 -0.00492795 -0.0121009 0.99992 -0.00374517 -0.00160194 0.0244746 0.00404054 0.999692 -0.0201328 0.0 0.0 0.0 1.0
chess/seq-02/color/frame-000327.color.png chess/seq-02/color/frame-000329.color.png 0.999031 -0.00740447 -0.0433963 -0.00506406 0.00702699 0.999936 -0.00884464 -0.0122504 0.043459 0.00853113 0.999019 -0.0349845 0.0 0.0 0.0 1.0
chess/seq-02/color/frame-000329.color.png chess/seq-02/color/frame-000331.color.png 0.999507 -0.00569258 -0.0308909 -0.000650164 0.00550935 0.999967 -0.00601355 -0.0139409 0.0309241 0.0058404 0.999505 -0.0349134 0.0 0.0 0.0 1.0
chess/seq-02/color/frame-000331.color.png chess/seq-02/color/frame-000333.color.png 0.999894 -0.00266363 -0.0142928 -0.00223763 0.00245911 0.999895 -0.0143073 -0.0126806 0.0143294 0.0142707 0.999795 -0.0311442 0.0 0.0 0.0 1.0
chess/seq-02/color/frame-000333.color.png chess/seq-02/color/frame-000335.color.png 0.99991 0.00803598 -0.0107956 0.00449172 -0.00813282 0.999927 -0.00895574 -0.0125447 0.0107228 0.00904272 0.999902 -0.0150422 0.0 0.0 0.0 1.0
chess/seq-02/color/frame-000335.color.png chess/seq-02/color/frame-000337.color.png 0.999935 0.00881823 -0.00721038 0.0049785 -0.00900856 0.9996 -0.0268072 -0.0117979 0.00697119 0.0268704 0.999615 -0.0184444 0.0 0.0 0.0 1.0
chess/seq-02/color/frame-000337.color.png chess/seq-02/color/frame-000339.color.png 0.999967 0.00606841 0.00532534 0.00919617 -0.0059579 0.999771 -0.0205275 -0.0133656 -0.00544878 0.0204951 0.999775 -0.0147367 0.0 0.0 0.0 1.0
chess/seq-02/color/frame-000339.color.png chess/seq-02/color/frame-000341.color.png 0.999997 0.000316448 0.0025757 0.0135007 -0.000268479 0.999827 -0.0186143 -0.0108024 -0.00258118 0.0186136 0.999823 -0.0143252 0.0 0.0 0.0 1.0
chess/seq-02/color/frame-000341.color.png chess/seq-02/color/frame-000343.color.png 0.999811 -0.00503101 0.018806 0.011814 0.00536282 0.99983 -0.0176352 -0.0113908 -0.018714 0.0177327 0.999668 -0.0086963 0.0 0.0 0.0 1.0
chess/seq-02/color/frame-000343.color.png chess/seq-02/color/frame-000345.color.png 0.999381 -0.0101725 0.0336719 0.0205065 0.010848 0.999742 -0.019939 -0.00208369 -0.0334604 0.0202919 0.999234 0.000253443 0.0 0.0 0.0 1.0
chess/seq-02/color/frame-000345.color.png chess/seq-02/color/frame-000347.color.png 0.99943 -0.00417239 0.0335077 0.0227105 0.00457666 0.999918 -0.0119986 -0.00929637 -0.0334548 0.0121451 0.999366 -0.0137158 0.0 0.0 0.0 1.0
chess/seq-02/color/frame-000347.color.png chess/seq-02/color/frame-000349.color.png 0.99929 -0.00885377 0.036616 0.0151173 0.00888121 0.99996 -0.000585991 -0.00643452 -0.0366094 0.000910764 0.999329 -0.00316535 0.0 0.0 0.0 1.0
chess/seq-02/color/frame-000349.color.png chess/seq-02/color/frame-000351.color.png 0.999874 -0.0125385 0.0097031 0.0142842 0.0126302 0.999876 -0.0094497 -0.00483643 -0.00958337 0.00957106 0.999908 -0.00650836 0.0 0.0 0.0 1.0
chess/seq-02/color/frame-000351.color.png chess/seq-02/color/frame-000353.color.png 0.999876 -0.00667424 0.014265 0.0214529 0.00687715 0.999875 -0.0142224 -0.0100111 -0.0141684 0.0143187 0.999797 -0.0130334 0.0 0.0 0.0 1.0
chess/seq-02/color/frame-000353.color.png chess/seq-02/color/frame-000355.color.png 0.999932 -0.00708742 0.00923556 0.024709 0.00720573 0.999892 -0.0128383 -0.00804234 -0.00914356 0.012904 0.999875 -0.01063 0.0 0.0 0.0 1.0
