chess/seq-02/color/frame-000001.color.png chess/seq-02/color/frame-000004.color.png 0.999993 -0.00364172 -0.00121334 0.00205316 0.00364914 0.999974 0.0061692 0.00159684 0.00119084 -0.00617358 0.99998 0.000174072 0.0 0.0 0.0 1.0
chess/seq-02/color/frame-000004.color.png chess/seq-02/color/frame-000007.color.png 0.999971 -0.00660773 0.00382836 0.00411838 0.00657699 0.999946 0.00798802 -0.000191898 -0.00388094 -0.00796261 0.999961 0.000734896 0.0 0.0 0.0 1.0
chess/seq-02/color/frame-000007.color.png chess/seq-02/color/frame-000010.color.png 0.999998 -0.000347477 -0.00210561 0.00182839 0.000351673 0.999998 0.00199309 0.00049257 0.00210492 -0.00199383 0.999996 -0.00147832 0.0 0.0 0.0 1.0
chess/seq-02/color/frame-000010.color.png chess/seq-02/color/frame-000013.color.png 0.999963 -0.00280579 -0.00809148 0.000474142 0.00278184 0.999992 -0.00296923 -0.00145722 0.00809975 0.00294661 0.999963 -0.00218145 0.0 0.0 0.0 1.0
chess/seq-02/color/frame-000013.color.png chess/seq-02/color/frame-000016.color.png 0.999792 0.00456916 -0.019892 -0.000511858 -0.00464257 0.999983 -0.00364564 8.30189e-05 0.019875 0.00373723 0.999795 -0.00232608 0.0 0.0 0.0 1.0
chess/seq-02/color/frame-000016.color.png chess/seq-02/color/frame-000019.color.png 0.999052 0.0194047 -0.0389561 -0.00570439 -0.0196266 0.999793 -0.00532206 0.000337483 0.0388448 0.0060816 0.999227 -0.002775 0.0 0.0 0.0 1.0
chess/seq-02/color/frame-000019.color.png chess/seq-02/color/frame-000022.color.png 0.995956 0.0543528 -0.0715398 -0.00434662 -0.054635 0.998504 -0.00199212 0.00160552 0.0713245 0.00589264 0.997436 -0.00417403 0.0 0.0 0.0 1.0
chess/seq-02/color/frame-000022.color.png chess/seq-02/color/frame-000025.color.png 0.997471 0.0365863 -0.0609266 -0.00705242 -0.0368015 0.99932 -0.00241229 0.000205597 0.0607969 0.00464838 0.998139 -0.00165183 0.0 0.0 0.0 1.0
chess/seq-02/color/frame-000025.color.png chess/seq-02/color/frame-000028.color.png 0.997 0.0333307 -0.069858 -0.00528278 -0.0339342 0.999396 -0.00746918 0.00101714 0.0695669 0.00981734 0.997529 -0.00337779 0.0 0.0 0.0 1.0
chess/seq-02/color/frame-000028.color.png chess/seq-02/color/frame-000031.color.png 0.998946 0.0165535 -0.0428049 -0.00429284 -0.0168112 0.999843 -0.00566706 -0.0019188 0.0427043 0.00638069 0.999067 -0.00239889 0.0 0.0 0.0 1.0
chess/seq-02/color/frame-000031.color.png chess/seq-02/color/frame-000034.color.png 0.999299 0.0221692 -0.0301877 -0.00106934 -0.0224614 0.999704 -0.00937662 -0.00177774 0.029971 0.0100481 0.9995 -0.00811391 0.0 0.0 0.0 1.0
chess/seq-02/color/frame-000034.color.png chess/seq-02/color/frame-000037.color.png 0.99951 0.0117899 -0.0289999 -0.00340617 -0.0114603 0.999868 0.0115071 0.00181833 0.0291317 -0.0111691 0.999513 0.00405682 0.0 0.0 0.0 1.0
chess/seq-02/color/frame-000037.color.png chess/seq-02/color/frame-000040.color.png 0.999774 -0.000307717 0.0212708 0.00360616 0.000301784 1.0 0.000282028 -0.000465344 -0.0212708 -0.000275548 0.999774 0.00342105 0.0 0.0 0.0 1.0
chess/seq-02/color/frame-000040.color.png chess/seq-02/color/frame-000043.color.png 0.999025 -0.0284583 0.0337476 0.00974301 0.0282308 0.999576 0.00720238 -0.00154296 -0.0339383 -0.00624264 0.999404 0.00970703 0.0 0.0 0.0 1.0
chess/seq-02/color/frame-000043.color.png chess/seq-02/color/frame-000046.color.png 0.996425 -0.0405914 0.0740917 0.00979746 0.0404794 0.999176 0.00301304 -0.0019476 -0.0741529 -3.0825e-06 0.997247 0.0104363 0.0 0.0 0.0 1.0
chess/seq-02/color/frame-000046.color.png chess/seq-02/color/frame-000049.color.png 0.997518 -0.0342917 0.0615003 0.00831699 0.0342636 0.999412 0.00151266 -0.00526595 -0.061516 0.000598319 0.998106 0.00262088 0.0 0.0 0.0 1.0
chess/seq-02/color/frame-000049.color.png chess/seq-02/color/frame-000052.color.png 0.996529 -0.0408134 0.0725476 0.00853994 0.0408136 0.999166 0.00148029 -0.00457873 -0.0725476 0.00148578 0.997364 0.00964841 0.0 0.0 0.0 1.0
chess/seq-02/color/frame-000052.color.png chess/seq-02/color/frame-000055.color.png 0.996753 -0.0346201 0.0726956 0.00797661 0.0343184 0.999396 0.00539534 -0.00462993 -0.0728384 -0.00288302 0.997339 0.0064666 0.0 0.0 0.0 1.0
chess/seq-02/color/frame-000055.color.png chess/seq-02/color/frame-000058.color.png 0.99785 -0.0347665 0.0555561 0.00539513 0.0343121 0.99937 0.00911271 -0.0044298 -0.0558378 -0.00718687 0.998414 0.0119863 0.0 0.0 0.0 1.0
chess/seq-02/color/frame-000058.color.png chess/seq-02/color/frame-000061.color.png 0.996352 -0.0363737 0.0771972 0.00262398 0.0354396 0.999281 0.0134354 -0.00758815 -0.0776305 -0.0106505 0.996925 0.012854 0.0 0.0 0.0 1.0
chess/seq-02/color/frame-000061.color.png chess/seq-02/color/frame-000064.color.png 0.99892 -0.0256774 0.0387188 -0.000831366 0.0253174 0.999632 0.00975907 -0.00498358 -0.0389551 -0.00876828 0.999203 0.00719696 0.0 0.0 0.0 1.0
chess/seq-02/color/frame-000064.color.png chess/seq-02/color/frame-000067.color.png 0.999807 -0.0172915 0.0092762 -0.000936862 0.0172389 0.999835 0.00571153 -0.00531054 -0.00937342 -0.00555052 0.999941 0.00396985 0.0 0.0 0.0 1.0
chess/seq-02/color/frame-000067.color.png chess/seq-02/color/frame-000070.color.png 0.998167 0.0182428 -0.0577044 -0.011485 -0.0189699 0.999747 -0.0120777 -0.00707947 0.0574695 0.0131502 0.998261 -0.00260345 0.0 0.0 0.0 1.0
chess/seq-02/color/frame-000070.color.png chess/seq-02/color/frame-000073.color.png 0.997267 0.0220094 -0.0705257 -0.00581663 -0.0216384 0.999748 0.00601931 -0.0101114 0.0706404 -0.00447679 0.997492 -0.0095672 0.0 0.0 0.0 1.0
chess/seq-02/color/frame-000073.color.png chess/seq-02/color/frame-000076.color.png 0.996806 0.0168284 -0.0780678 -0.00475879 -0.0157807 0.999777 0.0140185 -0.00791105 0.0782864 -0.0127417 0.996849 -0.00464118 0.0 0.0 0.0 1.0
chess/seq-02/color/frame-000076.color.png chess/seq-02/color/frame-000079.color.png 0.995469 0.0231937 -0.0922121 -0.00347167 -0.0222589 0.99969 0.0111531 -0.0163447 0.0924422 -0.00905001 0.995677 -0.0128592 0.0 0.0 0.0 1.0
chess/seq-02/color/frame-000079.color.png chess/seq-02/color/frame-000082.color.png 0.994407 0.033424 -0.100183 0.00168137 -0.0355868 0.999169 -0.019879 -0.0239119 0.0994358 0.023333 0.99477 -0.0149194 0.0 0.0 0.0 1.0
chess/seq-02/color/frame-000082.color.png chess/seq-02/color/frame-000085.color.png 0.994544 0.037692 -0.0972735 0.00998962 -0.0387677 0.999206 -0.00919242 -0.0284725 0.0968497 0.0129133 0.995215 -0.0138565 0.0 0.0 0.0 1.0
chess/seq-02/color/frame-000085.color.png chess/seq-02/color/frame-000088.color.png 0.998557 0.038384 -0.0375512 0.000393288 -0.0400335 0.99822 -0.0442077 -0.0290071 0.0357875 0.0456472 0.998317 -0.0078653 0.0 0.0 0.0 1.0
chess/seq-02/color/frame-000088.color.png chess/seq-02/color/frame-000091.color.png 0.999404 0.0224422 -0.0262364 0.00060881 -0.023429 0.999006 -0.0379313 -0.0305648 0.025359 0.0385234 0.998936 -0.00319169 0.0 0.0 0.0 1.0
chess/seq-02/color/frame-000091.color.png chess/seq-02/color/frame-000094.color.png 0.999273 0.0138187 -0.0355376 -0.00109337 -0.0148189 0.999497 -0.0280363 -0.0270861 0.0351323 0.0285425 0.998975 -0.00691666 0.0 0.0 0.0 1.0
chess/seq-02/color/frame-000094.color.png chess/seq-02/color/frame-000097.color.png 0.999904 0.00220677 -0.0136894 -0.000966928 -0.00243363 0.99986 -0.0165778 -0.0336087 0.0136508 0.0166095 0.999769 -0.00200862 0.0 0.0 0.0 1.0
chess/seq-02/color/frame-000097.color.png chess/seq-02/color/frame-000100.color.png 0.999953 -0.00531915 -0.00815436 -0.00915192 0.00517611 0.999834 -0.0174592 -0.0446782 0.00824587 0.0174162 0.999814 -0.00667951 0.0 0.0 0.0 1.0
chess/seq-02/color/frame-000100.color.png chess/seq-02/color/frame-000103.color.png 0.999981 -0.00205782 0.00590885 -0.00246289 0.0022375 0.99953 -0.0305691 -0.0369471 -0.00584311 0.0305817 0.999515 0.0056702 0.0 0.0 0.0 1.0
chess/seq-02/color/frame-000103.color.png chess/seq-02/color/frame-000106.color.png 0.999796 -0.018847 0.00726004 0.00190211 0.0189583 0.999699 -0.0155817 -0.020546 -0.00696422 0.0157161 0.999852 0.0028986 0.0 0.0 0.0 1.0
chess/seq-02/color/frame-000106.color.png chess/seq-02/color/frame-000109.color.png 0.999653 -0.0125755 0.0231426 -0.000969167 0.0128462 0.99985 -0.0115858 -0.035909 -0.0229933 0.0118791 0.999665 0.00231547 0.0 0.0 0.0 1.0
chess/seq-02/color/frame-000109.color.png chess/seq-02/color/frame-000112.color.png 0.99964 -0.0150435 0.0222096 0.00550376 0.0152156 0.999855 -0.00760125 -0.0219215 -0.0220921 0.00793645 0.999725 -5.66989e-05 0.0 0.0 0.0 1.0
chess/seq-02/color/frame-000112.color.png chess/seq-02/color/frame-000115.color.png 0.999266 -0.0144341 0.0354915 0.0196907 0.0147648 0.99985 -0.0090709 -0.0329911 -0.0353552 0.00958825 0.999329 0.0113741 0.0 0.0 0.0 1.0
chess/seq-02/color/frame-000115.color.png chess/seq-02/color/frame-000118.color.png 0.99863 -0.0258242 0.0455043 0.0224917 0.0256748 0.999663 0.00386622 -0.0303057 -0.0455888 -0.00269258 0.998957 0.000924286 0.0 0.0 0.0 1.0
chess/seq-02/color/frame-000118.color.png chess/seq-02/color/frame-000121.color.png 0.999027 -0.0258187 0.0357536 0.0229705 0.0258645 0.999665 -0.000818344 -0.009121 -0.0357206 0.00174226 0.99936 0.00753052 0.0 0.0 0.0 1.0
chess/seq-02/color/frame-000121.color.png chess/seq-02/color/frame-000124.color.png 0.998562 -0.0194678 0.0499488 0.0264545 0.0192629 0.999804 0.00458212 -0.018168 -0.0500282 -0.00361337 0.998741 0.000925548 0.0 0.0 0.0 1.0
chess/seq-02/color/frame-000124.color.png chess/seq-02/color/frame-000127.color.png 0.998926 -0.0265068 0.0380005 0.0236856 0.0266193 0.999643 -0.00245853 -0.0101319 -0.0379217 0.00346743 0.999275 0.0111819 0.0 0.0 0.0 1.0
chess/seq-02/color/frame-000127.color.png chess/seq-02/color/frame-000130.color.png 0.999224 -0.0325427 0.0221807 0.0390759 0.0325228 0.99947 0.00125694 -0.0195537 -0.0222098 -0.000534622 0.999753 0.00957872 0.0 0.0 0.0 1.0
chess/seq-02/color/frame-000130.color.png chess/seq-02/color/frame-000133.color.png 0.999623 -0.0239298 0.0134689 0.0193911 0.0238932 0.99971 0.00287458 -0.00347114 -0.0135338 -0.00255168 0.999905 -0.00314748 0.0 0.0 0.0 1.0
chess/seq-02/color/frame-000133.color.png chess/seq-02/color/frame-000136.color.png 0.999778 -0.0200566 0.00639112 0.0309651 0.0199652 0.999702 0.014051 -0.0146503 -0.00667104 -0.0139203 0.999881 0.0206723 0.0 0.0 0.0 1.0
chess/seq-02/color/frame-000136.color.png chess/seq-02/color/frame-000139.color.png 0.999861 -0.0158799 -0.00510432 0.0478336 0.0159294 0.999825 0.00981227 -0.010928 0.00494763 -0.0098922 0.999939 0.0208468 0.0 0.0 0.0 1.0
chess/seq-02/color/frame-000139.color.png chess/seq-02/color/frame-000142.color.png 0.999189 -0.0222063 0.0335766 -0.0272143 0.0222848 0.99975 -0.00196771 0.0156266 -0.0335245 0.00271436 0.999434 0.0259149 0.0 0.0 0.0 1.0
chess/seq-02/color/frame-000142.color.png chess/seq-02/color/frame-000145.color.png 0.999767 -0.0201737 0.00760675 0.012355 0.0202807 0.999693 -0.0142578 0.0426086 -0.0073168 0.0144087 0.999869 0.0155928 0.0 0.0 0.0 1.0
chess/seq-02/color/frame-000145.color.png chess/seq-02/color/frame-000148.color.png 0.999882 -0.0135243 -0.00724222 0.0182667 0.0136067 0.999842 0.01146 0.000497937 0.00708612 -0.0115572 0.999908 0.0111524 0.0 0.0 0.0 1.0
chess/seq-02/color/frame-000148.color.png chess/seq-02/color/frame-000151.color.png 0.999986 0.00451392 0.00269132 0.0243662 -0.00454469 0.999923 0.0115371 0.0229341 -0.00263904 -0.0115491 0.99993 0.0175543 0.0 0.0 0.0 1.0
chess/seq-02/color/frame-000151.color.png chess/seq-02/color/frame-000154.color.png 0.999996 0.00218655 -0.00163317 0.00729802 -0.0021378 0.999569 0.0292872 0.0141322 0.00169649 -0.0292837 0.99957 0.00999938 0.0 0.0 0.0 1.0
chess/seq-02/color/frame-000154.color.png chess/seq-02/color/frame-000157.color.png 0.999971 -0.00367801 -0.00662381 -0.00156084 0.0037089 0.999982 0.00465983 0.0211511 0.00660655 -0.00468428 0.999967 0.0148304 0.0 0.0 0.0 1.0
chess/seq-02/color/frame-000157.color.png chess/seq-02/color/frame-000160.color.png 0.999147 0.0239335 -0.033646 0.0836193 -0.0229817 0.999333 0.0283947 -0.0248897 0.0343031 -0.0275972 0.99903 0.00545757 0.0 0.0 0.0 1.0
chess/seq-02/color/frame-000160.color.png chess/seq-02/color/frame-000163.color.png 0.999713 0.0200467 0.0131147 -0.00208279 -0.0198602 0.999702 -0.0141942 0.0426602 -0.0133953 0.0139297 0.999813 0.0267928 0.0 0.0 0.0 1.0
chess/seq-02/color/frame-000163.color.png chess/seq-02/color/frame-000166.color.png 0.999925 0.00858585 0.00873445 -0.0222317 -0.00863615 0.999946 0.00573876 0.0259142 -0.00868468 -0.00581375 0.999945 0.00189207 0.0 0.0 0.0 1.0
chess/seq-02/color/frame-000166.color.png chess/seq-02/color/frame-000169.color.png 0.99979 0.0193226 -0.00680885 -0.0117445 -0.0193029 0.999809 0.00294495 0.0392005 0.00686441 -0.00281292 0.999973 -0.00461468 0.0 0.0 0.0 1.0
chess/seq-02/color/frame-000169.color.png chess/seq-02/color/frame-000172.color.png 0.999829 0.0184267 -0.00177167 -0.0228785 -0.0184068 0.999774 0.0106644 0.0301746 0.00196778 -0.0106299 0.999942 0.00266145 0.0 0.0 0.0 1.0
chess/seq-02/color/frame-000172.color.png chess/seq-02/color/frame-000175.color.png 0.999829 0.0184876 -0.000414687 -0.0257254 -0.0184886 0.999826 -0.00253866 0.0391991 0.000367718 0.00254589 0.999997 0.00348723 0.0 0.0 0.0 1.0
chess/seq-02/color/frame-000175.color.png chess/seq-02/color/frame-000178.color.png 0.999728 0.0227091 0.0053492 -0.0302282 -0.0227908 0.999616 0.0157376 0.0390347 -0.00498979 -0.0158552 0.999862 -0.00128779 0.0 0.0 0.0 1.0
chess/seq-02/color/frame-000178.color.png chess/seq-02/color/frame-000181.color.png 0.999805 0.0192956 0.00420426 -0.0306745 -0.0193978 0.999479 0.0257968 0.0330544 -0.0037043 -0.0258733 0.999658 -0.00142321 0.0 0.0 0.0 1.0
chess/seq-02/color/frame-000181.color.png chess/seq-02/color/frame-000184.color.png 0.999977 0.00420947 0.00525813 -0.0645713 -0.0043221 0.999757 0.0215949 0.0365073 -0.00516596 -0.0216171 0.999753 0.0191718 0.0 0.0 0.0 1.0
chess/seq-02/color/frame-000184.color.png chess/seq-02/color/frame-000187.color.png 0.999856 0.00405783 -0.0164692 -0.0373479 -0.003514 0.999452 0.0329166 0.0282609 0.0165938 -0.032854 0.999322 -0.00678964 0.0 0.0 0.0 1.0
chess/seq-02/color/frame-000187.color.png chess/seq-02/color/frame-000190.color.png 0.999869 -0.00495601 -0.0153887 -0.0355584 0.00568996 0.99883 0.0480228 0.0160231 0.0151327 -0.048104 0.998728 -0.0131409 0.0 0.0 0.0 1.0
chess/seq-02/color/frame-000190.color.png chess/seq-02/color/frame-000193.color.png 0.999593 0.0104514 -0.0265488 -0.0258603 -0.00967198 0.999523 0.0293179 0.0179118 0.0268426 -0.0290492 0.999217 -0.0142997 0.0 0.0 0.0 1.0
chess/seq-02/color/frame-000193.color.png chess/seq-02/color/frame-000196.color.png 0.999835 0.00773593 -0.0164448 -0.0214723 -0.00749813 0.999867 0.0144726 0.00868423 0.0165546 -0.0143469 0.99976 -0.00833565 0.0 0.0 0.0 1.0
chess/seq-02/color/frame-000196.color.png chess/seq-02/color/frame-000199.color.png 0.999697 -0.000432244 -0.0245956 -0.0283094 0.00104601 0.999688 0.0249466 0.00492708 0.0245772 -0.0249648 0.999386 -0.00181267 0.0 0.0 0.0 1.0
chess/seq-02/color/frame-000199.color.png chess/seq-02/color/frame-000202.color.png 0.999702 0.00694996 -0.0233945 -0.0252477 -0.00629392 0.999588 0.028 -0.000551574 0.0235795 -0.0278444 0.999334 -0.0149793 0.0 0.0 0.0 1.0
chess/seq-02/color/frame-000202.color.png chess/seq-02/color/frame-000205.color.png 0.999909 -0.00888955 -0.0101952 -0.0204857 0.00904177 0.999847 0.0149834 -0.00421683 0.0100604 -0.0150742 0.999836 -0.0168773 0.0 0.0 0.0 1.0
chess/seq-02/color/frame-000205.color.png chess/seq-02/color/frame-000208.color.png 0.999711 -0.0112323 -0.0212477 -0.0279083 0.011235 0.999937 5.28621e-06 -0.00248057 0.0212463 -0.000244026 0.999774 -0.0151875 0.0 0.0 0.0 1.0
chess/seq-02/color/frame-000208.color.png chess/seq-02/color/frame-000211.color.png 0.999805 -0.000132097 -0.0197565 -0.0227799 0.000142387 1.0 0.000519424 -0.0164499 0.0197564 -0.000522107 0.999805 -0.0257276 0.0 0.0 0.0 1.0
chess/seq-02/color/frame-000211.color.png chess/seq-02/color/frame-000214.color.png 0.999043 -0.000892124 -0.0437347 -0.0214257 0.000286817 0.999904 -0.0138447 -0.0176514 0.0437428 0.0138189 0.998947 -0.024553 0.0 0.0 0.0 1.0
chess/seq-02/color/frame-000214.color.png chess/seq-02/color/frame-000217.color.png 0.999017 0.0105434 -0.0430496 -0.015308 -0.0116411 0.999611 -0.0253271 -0.02067 0.0427659 0.0258034 0.998752 -0.0136636 0.0 0.0 0.0 1.0
chess/seq-02/color/frame-000217.color.png chess/seq-02/color/frame-000220.color.png 0.99947 0.00906257 -0.0312643 -0.0176396 -0.0101482 0.999345 -0.0347426 -0.0318273 0.030929 0.0350414 0.998907 -0.0208571 0.0 0.0 0.0 1.0
chess/seq-02/color/frame-000220.color.png chess/seq-02/color/frame-000223.color.png 0.999476 0.00414445 -0.0320935 -0.00969753 -0.0056089 0.998941 -0.0456754 -0.0406417 0.0318703 0.0458315 0.998441 -0.0112534 0.0 0.0 0.0 1.0
chess/seq-02/color/frame-000223.color.png chess/seq-02/color/frame-000226.color.png 0.999915 -0.00323693 -0.0126076 -0.00442453 0.00287985 0.999597 -0.0282381 -0.0341898 0.0126938 0.0281994 0.999522 -0.00598131 0.0 0.0 0.0 1.0
chess/seq-02/color/frame-000226.color.png chess/seq-02/color/frame-000229.color.png 0.999971 -0.00591673 -0.00474887 -0.00319429 0.00567302 0.998743 -0.0497947 -0.0356045 0.00503744 0.0497663 0.998748 -0.00187865 0.0 0.0 0.0 1.0
chess/seq-02/color/frame-000229.color.png chess/seq-02/color/frame-000232.color.png 0.999918 -0.0113579 0.005896 0.00377041 0.0115331 0.999465 -0.0305932 -0.0270617 -0.00554542 0.0306587 0.999515 -0.00147981 0.0 0.0 0.0 1.0
chess/seq-02/color/frame-000232.color.png chess/seq-02/color/frame-000235.color.png 0.99989 -0.0148057 -0.000187147 0.00371943 0.0147963 0.999575 -0.0251278 -0.0402326 0.000559207 0.0251223 0.999684 -0.00184892 0.0 0.0 0.0 1.0
chess/seq-02/color/frame-000235.color.png chess/seq-02/color/frame-000238.color.png 0.999875 -0.0105685 -0.0117932 0.00255702 0.0103169 0.999722 -0.0212038 -0.0290813 0.012014 0.0210795 0.999705 0.000914335 0.0 0.0 0.0 1.0
chess/seq-02/color/frame-000238.color.png chess/seq-02/color/frame-000241.color.png 0.999708 -0.0178357 0.0163292 0.0134694 0.0183339 0.999355 -0.0308833 -0.0483049 -0.0157679 0.0311736 0.99939 0.00213533 0.0 0.0 0.0 1.0
chess/seq-02/color/frame-000241.color.png chess/seq-02/color/frame-000244.color.png 0.999912 -0.00962643 0.00910726 0.00768274 0.00982345 0.999713 -0.0218413 -0.043544 -0.00889441 0.0219289 0.99972 0.00482759 0.0 0.0 0.0 1.0
chess/seq-02/color/frame-000244.color.png chess/seq-02/color/frame-000247.color.png 0.999872 -0.0140355 0.00770185 0.0262637 0.0142619 0.999443 -0.0301633 -0.00726157 -0.00727415 0.0302693 0.999515 0.0120727 0.0 0.0 0.0 1.0
chess/seq-02/color/frame-000247.color.png chess/seq-02/color/frame-000250.color.png 0.999837 -0.0120794 0.0133958 0.0128034 0.0123136 0.99977 -0.0175367 -0.0205621 -0.013181 0.0176988 0.999757 0.0132728 0.0 0.0 0.0 1.0
chess/seq-02/color/frame-000250.color.png chess/seq-02/color/frame-000253.color.png 0.999549 -0.00137698 0.0299874 0.0217548 0.00225884 0.999565 -0.0293937 -0.0385715 -0.0299339 0.0294482 0.999118 0.0249239 0.0 0.0 0.0 1.0
chess/seq-02/color/frame-000253.color.png chess/seq-02/color/frame-000256.color.png 0.999885 0.0122053 0.00904638 0.0835677 -0.0120214 0.999725 -0.0201132 -0.00969285 -0.0092894 0.0200021 0.999757 0.00811151 0.0 0.0 0.0 1.0
chess/seq-02/color/frame-000256.color.png chess/seq-02/color/frame-000259.color.png 0.999851 0.0111857 0.0131329 0.0286088 -0.0110684 0.999899 -0.00896319 -0.0342276 -0.0132319 0.00881648 0.999874 0.0240248 0.0 0.0 0.0 1.0
chess/seq-02/color/frame-000259.color.png chess/seq-02/color/frame-000262.color.png 0.999594 -0.0126045 0.0255346 0.0369533 0.0130218 0.999783 -0.0162419 -0.00965559 -0.0253242 0.0165678 0.999542 0.0263785 0.0 0.0 0.0 1.0
chess/seq-02/color/frame-000262.color.png chess/seq-02/color/frame-000265.color.png 0.997923 -0.0138715 0.0629113 0.0138972 0.0151868 0.999675 -0.0204772 0.00548398 -0.0626069 0.0213901 0.997809 0.0276622 0.0 0.0 0.0 1.0
chess/seq-02/color/frame-000265.color.png chess/seq-02/color/frame-000268.color.png 0.999731 -0.00641105 0.0223094 0.0306646 0.00629688 0.999967 0.00518375 0.00460207 -0.0223419 -0.00504182 0.999738 0.0151527 0.0 0.0 0.0 1.0
chess/seq-02/color/frame-000268.color.png chess/seq-02/color/frame-000271.color.png 0.99979 -0.00427306 0.0200358 0.0453177 0.00403621 0.999922 0.0118464 0.00271457 -0.0200849 -0.011763 0.999729 0.0161811 0.0 0.0 0.0 1.0
chess/seq-02/color/frame-000271.color.png chess/seq-02/color/frame-000274.color.png 0.999908 -0.00850539 0.0105888 0.0310673 0.00828738 0.999756 0.0204657 -0.00624162 -0.0107602 -0.0203761 0.999734 0.0151148 0.0 0.0 0.0 1.0
chess/seq-02/color/frame-000274.color.png chess/seq-02/color/frame-000277.color.png 0.99997 -0.00737829 0.00223327 0.0397992 0.00737432 0.999971 0.0017965 0.0180845 -0.00224649 -0.00177995 0.999996 0.0357371 0.0 0.0 0.0 1.0
chess/seq-02/color/frame-000277.color.png chess/seq-02/color/frame-000280.color.png 0.999931 0.00616307 0.0100363 0.028784 -0.00639861 0.999701 0.0236059 -0.00722528 -0.00988779 -0.0236685 0.999671 0.0187287 0.0 0.0 0.0 1.0
chess/seq-02/color/frame-000280.color.png chess/seq-02/color/frame-000283.color.png 0.999816 -0.0186098 0.00468153 -0.00175294 0.0185422 0.999729 0.0141011 0.0231044 -0.0049427 -0.0140117 0.99989 0.0190499 0.0 0.0 0.0 1.0
chess/seq-02/color/frame-000283.color.png chess/seq-02/color/frame-000286.color.png 0.999889 -0.0113745 -0.0096491 0.0132226 0.0114546 0.9999 0.0082886 0.0295666 0.00955387 -0.0083982 0.999919 0.0169973 0.0 0.0 0.0 1.0
chess/seq-02/color/frame-000286.color.png chess/seq-02/color/frame-000289.color.png 0.999914 0.00434349 0.012336 0.0143106 -0.00461022 0.999754 0.0216768 0.0360529 -0.0122389 -0.0217318 0.999689 0.0199649 0.0 0.0 0.0 1.0
chess/seq-02/color/frame-000289.color.png chess/seq-02/color/frame-000292.color.png 0.999943 -0.0081258 0.00689254 -0.000726879 0.00789507 0.999429 0.0328673 0.0357907 -0.0071557 -0.032811 0.999436 0.0245663 0.0 0.0 0.0 1.0
chess/seq-02/color/frame-000292.color.png chess/seq-02/color/frame-000295.color.png 0.99995 -0.00612334 0.00790455 -0.00917417 0.0058096 0.999218 0.0391217 0.0233346 -0.00813792 -0.0390738 0.999203 0.0126813 0.0 0.0 0.0 1.0
chess/seq-02/color/frame-000295.color.png chess/seq-02/color/frame-000298.color.png 0.999993 0.00254182 0.00260851 -0.0216397 -0.00259151 0.999812 0.0192248 0.0283544 -0.00255915 -0.0192314 0.999812 0.0160736 0.0 0.0 0.0 1.0
chess/seq-02/color/frame-000298.color.png chess/seq-02/color/frame-000301.color.png 0.999897 -0.00448742 -0.0135997 -0.0196413 0.00496232 0.999372 0.0350896 0.028286 0.0134337 -0.0351535 0.999292 0.00790042 0.0 0.0 0.0 1.0
chess/seq-02/color/frame-000301.color.png chess/seq-02/color/frame-000304.color.png 0.999813 -0.00298655 -0.0190955 -0.0173723 0.00371934 0.999254 0.038455 0.0194005 0.0189665 -0.0385189 0.999078 1.78218e-05 0.0 0.0 0.0 1.0
chess/seq-02/color/frame-000304.color.png chess/seq-02/color/frame-000307.color.png 0.999951 -0.00515892 -0.00845831 -0.0287451 0.00541856 0.999506 0.0309665 0.0215748 0.00829436 -0.0310108 0.999485 -0.00101516 0.0 0.0 0.0 1.0
chess/seq-02/color/frame-000307.color.png chess/seq-02/color/frame-000310.color.png 0.999726 0.00560712 -0.0227375 -0.022941 -0.00470361 0.999205 0.0395975 0.0171007 0.0229414 -0.0394797 0.998957 -0.0161323 0.0 0.0 0.0 1.0
chess/seq-02/color/frame-000310.color.png chess/seq-02/color/frame-000313.color.png 0.999788 0.0119458 -0.0167538 -0.0188088 -0.0115105 0.9996 0.0258409 0.0177877 0.0170558 -0.0256426 0.999526 -0.011265 0.0 0.0 0.0 1.0
chess/seq-02/color/frame-000313.color.png chess/seq-02/color/frame-000316.color.png 0.999497 0.0236144 -0.0211899 -0.0293888 -0.0229517 0.999256 0.0309924 0.0206957 0.0219059 -0.0304904 0.999295 -0.0142516 0.0 0.0 0.0 1.0
chess/seq-02/color/frame-000316.color.png chess/seq-02/color/frame-000319.color.png 0.999379 0.0309814 -0.0168077 -0.0149266 -0.0306076 0.999288 0.0220566 0.0164056 0.0174791 -0.0215285 0.999615 -0.0136697 0.0 0.0 0.0 1.0
chess/seq-02/color/frame-000319.color.png chess/seq-02/color/frame-000322.color.png 0.998954 0.0295648 -0.034895 -0.0246687 -0.0291077 0.999485 0.0135382 0.012887 0.0352773 -0.0125083 0.999299 -0.0202731 0.0 0.0 0.0 1.0
chess/seq-02/color/frame-000322.color.png chess/seq-02/color/frame-000325.color.png 0.998315 0.0267127 -0.0515142 -0.0147819 -0.0267295 0.999643 0.000362405 0.00466036 0.0515054 0.00101516 0.998672 -0.034461 0.0 0.0 0.0 1.0
chess/seq-02/color/frame-000325.color.png chess/seq-02/color/frame-000328.color.png 0.998391 0.00410631 -0.0565526 -0.00811945 -0.00455639 0.999959 -0.0078318 -0.00604475 0.0565182 0.00807685 0.998369 -0.03676 0.0 0.0 0.0 1.0
chess/seq-02/color/frame-000328.color.png chess/seq-02/color/frame-000331.color.png 0.999001 -0.00833597 -0.0439128 -0.00217017 0.00772854 0.999872 -0.0139848 -0.0163994 0.0440236 0.0136315 0.998938 -0.0499504 0.0 0.0 0.0 1.0
chess/seq-02/color/frame-000331.color.png chess/seq-02/color/frame-000334.color.png 0.999722 0.00132033 -0.0235224 0.00201631 -0.00183118 0.999763 -0.021709 -0.0128382 0.0234882 0.021746 0.999487 -0.036831 0.0 0.0 0.0 1.0
chess/seq-02/color/frame-000334.color.png chess/seq-02/color/frame-000337.color.png 0.999883 0.0121004 -0.0093507 0.00543055 -0.0123796 0.999461 -0.0304113 -0.0208038 0.00897762 0.0305235 0.999494 -0.0336277 0.0 0.0 0.0 1.0
chess/seq-02/color/frame-000337.color.png chess/seq-02/color/frame-000340.color.png 0.999986 0.00476116 0.00244774 0.0217735 -0.0046907 0.999596 -0.028029 -0.0242815 -0.00258013 0.0280171 0.999604 -0.0199836 0.0 0.0 0.0 1.0
chess/seq-02/color/frame-000340.color.png chess/seq-02/color/frame-000343.color.png 0.999757 -0.00410309 0.0216756 0.0155466 0.00463816 0.999684 -0.024694 -0.0139085 -0.0215674 0.0247885 0.99946 -0.0168365 0.0 0.0 0.0 1.0
chess/seq-02/color/frame-000343.color.png chess/seq-02/color/frame-000346.color.png 0.99887 -0.00969109 0.0465186 0.0255613 0.0106581 0.999731 -0.020585 -0.0105449 -0.0463065 0.0210576 0.998705 -0.00357866 0.0 0.0 0.0 1.0
chess/seq-02/color/frame-000346.color.png chess/seq-02/color/frame-000349.color.png 0.99825 -0.00885269 0.0584727 0.03386 0.00927263 0.999933 -0.00691404 -0.0165938 -0.0584077 0.00744414 0.998265 -0.0186186 0.0 0.0 0.0 1.0
chess/seq-02/color/frame-000349.color.png chess/seq-02/color/frame-000352.color.png 0.999557 -0.0185092 0.0233108 0.0265974 0.0189278 0.999661 -0.0178681 -0.0129699 -0.0229722 0.0183014 0.999569 -0.0165297 0.0 0.0 0.0 1.0
chess/seq-02/color/frame-000352.color.png chess/seq-02/color/frame-000355.color.png 0.999916 -0.00713424 0.0107827 0.0317125 0.00736202 0.999747 -0.021235 -0.00667697 -0.0106284 0.0213127 0.999716 -0.0119847 0.0 0.0 0.0 1.0
chess/seq-02/color/frame-000355.color.png chess/seq-02/color/frame-000358.color.png 0.999987 0.00281836 0.00426081 0.0411723 -0.00273249 0.999796 -0.0200219 -0.00741675 -0.00431634 0.02001 0.99979 -0.0277106 0.0 0.0 0.0 1.0
chess/seq-02/color/frame-000358.color.png chess/seq-02/color/frame-000361.color.png 0.999935 0.00718128 -0.00881778 0.0264567 -0.00720928 0.999969 -0.00314531 -0.00248516 0.00879487 0.00320867 0.999956 -0.0291165 0.0 0.0 0.0 1.0
chess/seq-02/color/frame-000361.color.png chess/seq-02/color/frame-000364.color.png 0.999928 0.00337685 -0.0114859 0.023375 -0.00343584 0.999981 -0.00511759 -0.00850084 0.0114683 0.00515669 0.999921 -0.0299078 0.0 0.0 0.0 1.0
chess/seq-02/color/frame-000364.color.png chess/seq-02/color/frame-000367.color.png 0.999852 -0.00352116 -0.0168247 0.0276004 0.00313604 0.999734 -0.0228643 -0.0114206 0.0169007 0.0228081 0.999597 -0.0367234 0.0 0.0 0.0 1.0
chess/seq-02/color/frame-000367.color.png chess/seq-02/color/frame-000370.color.png 0.999941 -0.0065651 0.00864785 0.0134686 0.00675066 0.999744 -0.0216067 -0.0111787 -0.00850375 0.0216637 0.999729 -0.0273626 0.0 0.0 0.0 1.0
chess/seq-02/color/frame-000370.color.png chess/seq-02/color/frame-000373.color.png 0.999998 -0.00187569 -0.000830675 0.0166659 0.0018682 0.999958 -0.00894429 0.00400922 0.000847379 0.00894277 0.99996 -0.0465056 0.0 0.0 0.0 1.0
chess/seq-02/color/frame-000373.color.png chess/seq-02/color/frame-000376.color.png 0.999981 0.000458416 0.00611828 0.0152688 -0.000476352 0.999996 0.00292509 -0.00209981 -0.00611681 -0.00292799 0.999977 -0.0316853 0.0 0.0 0.0 1.0
chess/seq-02/color/frame-000376.color.png chess/seq-02/color/frame-000379.color.png 0.999949 -0.00273691 0.00972576 0.0129728 0.00276344 0.999992 -0.00271471 -0.00107691 -0.00971832 0.00274145 0.999949 -0.0414155 0.0 0.0 0.0 1.0
chess/seq-02/color/frame-000379.color.png chess/seq-02/color/frame-000382.color.png 0.999979 -0.00511284 -0.00393552 0.0101906 0.00513595 0.99997 0.00587558 -0.00267074 0.00390539 -0.00589564 0.999975 -0.0483854 0.0 0.0 0.0 1.0
chess/seq-02/color/frame-000382.color.png chess/seq-02/color/frame-000385.color.png 0.999702 -0.0173259 -0.0171967 0.0102485 0.0175878 0.99973 0.0151993 -0.00746876 0.0169287 -0.0154973 0.999736 -0.0568586 0.0 0.0 0.0 1.0
chess/seq-02/color/frame-000385.color.png chess/seq-02/color/frame-000388.color.png 0.999887 -0.00155558 0.014921 0.0317189 0.00162192 0.999989 -0.00443683 -0.000472337 -0.014914 0.00446052 0.999879 -0.0399963 0.0 0.0 0.0 1.0
chess/seq-02/color/frame-000388.color.png chess/seq-02/color/frame-000391.color.png 0.999977 -0.00331532 0.00587268 0.0223995 0.00324139 0.999916 0.0125534 0.00218678 -0.00591378 -0.0125341 0.999904 -0.0268757 0.0 0.0 0.0 1.0
chess/seq-02/color/frame-000391.color.png chess/seq-02/color/frame-000394.color.png 0.999664 0.00296891 -0.0257577 0.0265419 -0.00312412 0.999977 -0.00598797 -0.00803256 0.0257393 0.00606642 0.99965 -0.0403324 0.0 0.0 0.0 1.0
chess/seq-02/color/frame-000394.color.png chess/seq-02/color/frame-000397.color.png 0.999873 0.00970385 -0.0126698 0.0321852 -0.00990131 0.999829 -0.0156154 6.27041e-05 0.0125161 0.0157388 0.999798 -0.0209596 0.0 0.0 0.0 1.0
chess/seq-02/color/frame-000397.color.png chess/seq-02/color/frame-000400.color.png 0.999418 0.0155715 -0.0303556 0.0280983 -0.0161195 0.99971 -0.0178916 -0.0194978 0.0300682 0.0183705 0.999379 -0.0273184 0.0 0.0 0.0 1.0
chess/seq-02/color/frame-000400.color.png chess/seq-02/color/frame-000403.color.png 0.999929 0.00581704 -0.0103595 0.0245729 -0.00596072 0.999886 -0.0138875 -0.0146831 0.0102775 0.0139483 0.99985 -0.00796729 0.0 0.0 0.0 1.0
chess/seq-02/color/frame-000403.color.png chess/seq-02/color/frame-000406.color.png 0.999837 -0.0177683 0.00310062 0.0344105 0.0178285 0.999629 -0.0205947 -0.0462809 -0.00273359 0.0206467 0.999783 0.00486356 0.0 0.0 0.0 1.0
chess/seq-02/color/frame-000406.color.png chess/seq-02/color/frame-000409.color.png 0.999888 -0.00955011 0.0115576 0.034543 0.00977565 0.99976 -0.0196153 -0.0175534 -0.0113675 0.0197261 0.999741 0.022505 0.0 0.0 0.0 1.0
chess/seq-02/color/frame-000409.color.png chess/seq-02/color/frame-000412.color.png 0.999453 -0.00941295 0.0317194 0.0489959 0.00956946 0.999943 -0.00478715 -0.029117 -0.0316726 0.00508808 0.999485 0.0356871 0.0 0.0 0.0 1.0
chess/seq-02/color/frame-000412.color.png chess/seq-02/color/frame-000415.color.png 0.999887 0.00494538 -0.0142172 0.0291707 -0.00501975 0.999974 -0.00520349 -0.000574619 0.0141911 0.00527426 0.999885 -0.00681013 0.0 0.0 0.0 1.0
chess/seq-02/color/frame-000415.color.png chess/seq-02/color/frame-000418.color.png 0.99928 0.0160398 -0.0343704 0.0507973 -0.0166033 0.999731 -0.0161727 0.0117906 0.0341018 0.0167317 0.999278 -0.0114112 0.0 0.0 0.0 1.0
chess/seq-02/color/frame-000418.color.png chess/seq-02/color/frame-000421.color.png 0.998941 0.0378649 -0.0261242 0.0562868 -0.0379853 0.99927 -0.00412812 0.0327125 0.0259488 0.00511614 0.99965 -0.0142943 0.0 0.0 0.0 1.0
chess/seq-02/color/frame-000421.color.png chess/seq-02/color/frame-000424.color.png 0.998833 0.0351535 -0.0331248 0.0352919 -0.0344167 0.999153 0.0225587 0.0401558 0.0338898 -0.0213923 0.999197 -0.0298193 0.0 0.0 0.0 1.0
chess/seq-02/color/frame-000424.color.png chess/seq-02/color/frame-000427.color.png 0.998728 0.0422021 -0.0276058 0.0435404 -0.0421736 0.999109 0.00161585 0.0412148 0.0276494 -0.000449612 0.999618 -0.0181115 0.0 0.0 0.0 1.0
chess/seq-02/color/frame-000427.color.png chess/seq-02/color/frame-000430.color.png 0.999216 0.0147123 -0.0367512 0.0106785 -0.0144482 0.999868 0.00744161 0.0223759 0.0368558 -0.00690475 0.999297 -0.0349343 0.0 0.0 0.0 1.0
chess/seq-02/color/frame-000430.color.png chess/seq-02/color/frame-000433.color.png 0.99895 0.0309357 -0.0338047 0.0462798 -0.0305113 0.99945 0.0130026 0.0152962 0.0341884 -0.0119576 0.999344 -0.00942215 0.0 0.0 0.0 1.0
chess/seq-02/color/frame-000433.color.png chess/seq-02/color/frame-000436.color.png 0.99991 -0.00337197 -0.012967 0.0467819 0.00351353 0.999934 0.0109083 -0.0214014 0.0129292 -0.0109528 0.999856 0.0188094 0.0 0.0 0.0 1.0
chess/seq-02/color/frame-000436.color.png chess/seq-02/color/frame-000439.color.png 0.999844 -0.000330532 -0.0176608 0.0180094 0.000188213 0.999967 -0.00805894 -0.0056228 0.017663 0.00805438 0.999812 0.0113478 0.0 0.0 0.0 1.0
chess/seq-02/color/frame-000439.color.png chess/seq-02/color/frame-000442.color.png 0.99945 0.0292098 -0.0156777 0.0500044 -0.0293827 0.999509 -0.0109099 -0.00160176 0.0153514 0.0113645 0.999818 0.0241048 0.0 0.0 0.0 1.0
chess/seq-02/color/frame-000442.color.png chess/seq-02/color/frame-000445.color.png 0.999878 0.0154825 -0.00207577 -0.000897288 -0.0154737 0.999872 0.00415563 0.00606579 0.00213974 -0.00412293 0.999989 0.0151563 0.0 0.0 0.0 1.0
chess/seq-02/color/frame-000445.color.png chess/seq-02/color/frame-000448.color.png 0.998634 0.0440327 -0.0281405 0.0593715 -0.0441379 0.999021 -0.00312628 0.00383317 0.0279755 0.004364 0.999599 0.0290857 0.0 0.0 0.0 1.0
chess/seq-02/color/frame-000448.color.png chess/seq-02/color/frame-000451.color.png 0.999744 0.0031072 -0.022406 0.00274134 -0.00286253 0.999936 0.0109408 0.0029974 0.0224386 -0.0108738 0.999689 -0.00821942 0.0 0.0 0.0 1.0
chess/seq-02/color/frame-000451.color.png chess/seq-02/color/frame-000454.color.png 0.999198 0.00497418 -0.0397347 0.0278854 -0.00440967 0.999888 0.0142827 -0.00530583 0.0398013 -0.014096 0.999108 -0.0126124 0.0 0.0 0.0 1.0
chess/seq-02/color/frame-000454.color.png chess/seq-02/color/frame-000457.color.png 0.999077 0.0237827 -0.0357718 0.0582954 -0.0237001 0.999715 0.00272999 0.00648743 0.0358265 -0.00187966 0.999356 -0.00318697 0.0 0.0 0.0 1.0
chess/seq-02/color/frame-000457.color.png chess/seq-02/color/frame-000460.color.png 0.999125 0.0241915 -0.0341172 0.0535481 -0.0245401 0.99965 -0.0098324 0.00418454 0.0338674 0.010661 0.999369 -0.007713 0.0 0.0 0.0 1.0
chess/seq-02/color/frame-000460.color.png chess/seq-02/color/frame-000463.color.png 0.999644 0.0144788 -0.0224021 0.0734086 -0.0147498 0.999819 -0.0119816 0.0304512 0.0222247 0.0123077 0.999677 0.0289495 0.0 0.0 0.0 1.0
chess/seq-02/color/frame-000463.color.png chess/seq-02/color/frame-000466.color.png 0.999689 0.0221666 -0.0114709 0.0389135 -0.0220459 0.999701 0.0105493 -0.015645 0.0117012 -0.0102931 0.999879 0.00889775 0.0 0.0 0.0 1.0
chess/seq-02/color/frame-000466.color.png chess/seq-02/color/frame-000469.color.png 0.999741 0.00961244 -0.0206342 0.0306609 -0.0102054 0.999532 -0.0288234 0.0159923 0.0203477 0.0290264 0.999371 0.0147478 0.0 0.0 0.0 1.0
chess/seq-02/color/frame-000469.color.png chess/seq-02/color/frame-000472.color.png 0.999941 0.00111689 -0.0107912 0.00993359 -0.00122992 0.999944 -0.0104827 -0.0273923 0.0107787 0.0104954 0.999887 0.00750948 0.0 0.0 0.0 1.0
chess/seq-02/color/frame-000472.color.png chess/seq-02/color/frame-000475.color.png 0.999996 -0.00235062 0.00143233 0.0201924 0.00238852 0.999629 -0.0271268 -0.0465416 -0.00136793 0.0271301 0.999631 0.0635628 0.0 0.0 0.0 1.0
chess/seq-02/color/frame-000475.color.png chess/seq-02/color/frame-000478.color.png 0.999871 0.000547303 0.016033 -0.0042547 6.67403e-05 0.999267 -0.0382759 -0.0279197 -0.0160422 0.038272 0.999139 0.100577 0.0 0.0 0.0 1.0
chess/seq-02/color/frame-000478.color.png chess/seq-02/color/frame-000481.color.png 0.999872 0.0121233 0.0104686 0.000572443 -0.0119003 0.999706 -0.021119 -0.0282205 -0.0107216 0.0209917 0.999722 0.0797216 0.0 0.0 0.0 1.0
chess/seq-02/color/frame-000481.color.png chess/seq-02/color/frame-000484.color.png 0.999978 -0.00657608 0.00104312 -0.00918388 0.00658321 0.999955 -0.00689403 -0.00427657 -0.000997759 0.00690092 0.999976 0.0639848 0.0 0.0 0.0 1.0
chess/seq-02/color/frame-000484.color.png chess/seq-02/color/frame-000487.color.png 0.999874 0.0144147 -0.00669413 0.0143749 -0.0143474 0.999847 0.0100108 -0.00826907 0.0068374 -0.00991356 0.999927 0.0644922 0.0 0.0 0.0 1.0
chess/seq-02/color/frame-000487.color.png chess/seq-02/color/frame-000490.color.png 0.999861 0.00973605 -0.0135318 0.013725 -0.00979914 0.999941 -0.00460755 -0.00642449 0.0134863 0.00473949 0.999898 0.0465921 0.0 0.0 0.0 1.0
chess/seq-02/color/frame-000490.color.png chess/seq-02/color/frame-000493.color.png 0.998105 -0.0437582 -0.0432685 -0.00185645 0.0445891 0.998835 0.0184307 -0.0464137 0.0424115 -0.0203251 0.998893 -0.0237241 0.0 0.0 0.0 1.0
chess/seq-02/color/frame-000493.color.png chess/seq-02/color/frame-000496.color.png 0.997926 0.0108595 0.0634525 -0.0497818 -0.0111155 0.999931 0.0036824 0.0180073 -0.0634082 -0.0043802 0.997978 0.0786206 0.0 0.0 0.0 1.0
chess/seq-02/color/frame-000496.color.png chess/seq-02/color/frame-000499.color.png 0.999365 -0.00782394 -0.0347676 0.060352 0.00732124 0.999867 -0.0145656 0.000400007 0.034877 0.0143018 0.999289 0.120142 0.0 0.0 0.0 1.0
chess/seq-02/color/frame-000499.color.png chess/seq-02/color/frame-000502.color.png 0.999659 -0.0253213 -0.00630744 -0.00516593 0.0252694 0.999647 -0.00817931 -0.0337929 0.00651227 0.00801716 0.999947 0.068421 0.0 0.0 0.0 1.0
chess/seq-02/color/frame-000502.color.png chess/seq-02/color/frame-000505.color.png 0.999146 -0.0313848 0.0268879 -0.0413889 0.0322721 0.998927 -0.0332282 -0.00324309 -0.0258162 0.0340676 0.999086 0.101417 0.0 0.0 0.0 1.0
chess/seq-02/color/frame-000505.color.png chess/seq-02/color/frame-000508.color.png 0.999219 -0.0190282 0.0346405 -0.0494478 0.0183664 0.999645 0.0193215 -0.00488257 -0.0349958 -0.0186703 0.999213 0.0594236 0.0 0.0 0.0 1.0
chess/seq-02/color/frame-000508.color.png chess/seq-02/color/frame-000511.color.png 0.999991 0.000122376 0.00428568 0.011871 -0.000353409 0.998544 0.0539505 0.0218241 -0.00427292 -0.0539514 0.998534 0.0423665 0.0 0.0 0.0 1.0
chess/seq-02/color/frame-000511.color.png chess/seq-02/color/frame-000514.color.png 0.999654 0.0167251 0.0203239 -0.0331501 -0.0180063 0.99775 0.0645786 0.0223469 -0.019198 -0.0649221 0.997706 0.0309734 0.0 0.0 0.0 1.0
chess/seq-02/color/frame-000514.color.png chess/seq-02/color/frame-000517.color.png 0.999938 0.0107583 0.00279582 -0.0240458 -0.0108602 0.999163 0.0394253 0.0302434 -0.00236927 -0.0394533 0.999219 -0.0032081 0.0 0.0 0.0 1.0
chess/seq-02/color/frame-000517.color.png chess/seq-02/color/frame-000520.color.png 0.99988 0.0153946 0.00181383 -0.0269582 -0.0154639 0.998733 0.04789 0.0357181 -0.00107427 -0.0479123 0.998851 -0.0295179 0.0 0.0 0.0 1.0
chess/seq-02/color/frame-000520.color.png chess/seq-02/color/frame-000523.color.png 0.999766 0.0206895 -0.00635428 -0.0548944 -0.02056 0.999593 0.0198021 0.0826925 0.00676135 -0.0196668 0.999784 -0.0368998 0.0 0.0 0.0 1.0
chess/seq-02/color/frame-000523.color.png chess/seq-02/color/frame-000526.color.png 0.99916 0.0379238 -0.0155347 -0.00503719 -0.0374255 0.998812 0.0312046 0.0665397 0.0166995 -0.030597 0.999392 -0.049289 0.0 0.0 0.0 1.0
chess/seq-02/color/frame-000526.color.png chess/seq-02/color/frame-000529.color.png 0.999715 0.0228653 0.00685296 -0.0373783 -0.0229571 0.999644 0.0136263 0.0444539 -0.00653893 -0.0137797 0.999884 -0.0214083 0.0 0.0 0.0 1.0
chess/seq-02/color/frame-000529.color.png chess/seq-02/color/frame-000532.color.png 0.999909 0.0124924 0.00507546 -0.0281274 -0.012511 0.999915 0.00366322 0.0398155 -0.00502929 -0.00372637 0.99998 -0.0245055 0.0 0.0 0.0 1.0
chess/seq-02/color/frame-000532.color.png chess/seq-02/color/frame-000535.color.png 0.99956 0.0293681 -0.00403703 -0.0209246 -0.0292953 0.999425 0.0170612 0.0476883 0.00453586 -0.0169355 0.999846 -0.0430605 0.0 0.0 0.0 1.0
