office/seq-02/color/frame-000000.color.png office/seq-02/color/frame-000001.color.png 0.999993 -0.00310983 0.00221384 0.00173698 0.00310657 0.999994 0.0014714 0.00149622 -0.00221841 -0.00146451 0.999996 0.00475962 0.0 0.0 0.0 1.0
office/seq-02/color/frame-000001.color.png office/seq-02/color/frame-000002.color.png 0.999999 -0.000228244 0.00134428 -0.000591121 0.000228097 1.0 0.000109637 0.000740351 -0.00134431 -0.000109331 0.999999 0.000406126 0.0 0.0 0.0 1.0
office/seq-02/color/frame-000002.color.png office/seq-02/color/frame-000003.color.png 0.999989 0.00268167 0.00389773 0.000708297 -0.00269374 0.999992 0.00309563 -0.0026667 -0.0038894 -0.00310609 0.999988 0.00745546 0.0 0.0 0.0 1.0
office/seq-02/color/frame-000003.color.png office/seq-02/color/frame-000004.color.png 0.999999 -0.00112846 0.000339792 0.00207602 0.00112878 0.999999 -0.000939693 -0.00659584 -0.000338732 0.000940076 0.999999 0.00423096 0.0 0.0 0.0 1.0
office/seq-02/color/frame-000004.color.png office/seq-02/color/frame-000005.color.png 0.999994 -0.00232653 0.00261396 -0.00360448 0.00234022 0.999984 -0.00524494 0.00506809 -0.00260171 0.00525103 0.999983 -0.000863867 0.0 0.0 0.0 1.0
office/seq-02/color/frame-000005.color.png office/seq-02/color/frame-000006.color.png 0.999985 -0.00151616 0.00533993 0.00276878 0.00150449 0.999996 0.0021878 0.000992737 -0.00534323 -0.00217974 0.999983 0.00647915 0.0 0.0 0.0 1.0
office/seq-02/color/frame-000006.color.png office/seq-02/color/frame-000007.color.png 0.999999 -0.000411232 0.00134398 0.000138325 0.000407126 0.999995 0.00305373 -0.00298343 -0.00134522 -0.00305318 0.999995 0.00458043 0.0 0.0 0.0 1.0
office/seq-02/color/frame-000007.color.png office/seq-02/color/frame-000008.color.png 0.999998 0.00149238 0.0013823 0.00208272 -0.00149385 0.999998 0.00106583 0.00603314 -0.00138071 -0.0010679 0.999999 0.00362423 0.0 0.0 0.0 1.0
office/seq-02/color/frame-000008.color.png office/seq-02/color/frame-000009.color.png 0.999926 -0.00220357 0.0119726 -0.00227876 0.00204381 0.999909 0.0133401 -0.00507751 -0.0120009 -0.0133147 0.999839 0.0139967 0.0 0.0 0.0 1.0
office/seq-02/color/frame-000009.color.png office/seq-02/color/frame-000010.color.png 0.99999 -0.00407549 0.00157419 0.00173439 0.00406957 0.999985 0.00374954 -0.00117024 -0.00158945 -0.00374309 0.999992 0.00575989 0.0 0.0 0.0 1.0
office/seq-02/color/frame-000010.color.png office/seq-02/color/frame-000011.color.png 0.999988 -0.00269437 0.00399633 0.00314079 0.0026831 0.999992 0.00282289 0.00192318 -0.00400391 -0.00281214 0.999988 0.00633571 0.0 0.0 0.0 1.0
office/seq-02/color/frame-000011.color.png office/seq-02/color/frame-000012.color.png 0.999816 -0.0128562 0.014229 -0.00328471 0.0128002 0.99991 0.00402509 -0.00157058 -0.0142794 -0.00384222 0.999891 0.0131235 0.0 0.0 0.0 1.0
office/seq-02/color/frame-000012.color.png office/seq-02/color/frame-000013.color.png 0.999959 -0.00775673 0.00470149 0.00936737 0.00773313 0.999958 0.00501695 0.00436247 -0.0047402 -0.00498038 0.999976 0.0106666 0.0 0.0 0.0 1.0
office/seq-02/color/frame-000013.color.png office/seq-02/color/frame-000014.color.png 0.999949 -0.00518327 0.00862352 -0.00265867 0.00512956 0.999967 0.00623921 -0.00770146 -0.00865557 -0.00619466 0.999943 0.0153688 0.0 0.0 0.0 1.0
office/seq-02/color/frame-000014.color.png office/seq-02/color/frame-000015.color.png 0.999873 0.00609484 0.0147504 -0.0024614 -0.00626065 0.999918 0.0112212 -0.00210706 -0.0146808 -0.0113121 0.999828 0.0182332 0.0 0.0 0.0 1.0
office/seq-02/color/frame-000015.color.png office/seq-02/color/frame-000016.color.png 0.999941 -0.000232687 0.010862 -0.0035665 0.000188898 0.999992 0.00403262 0.00129176 -0.0108628 -0.00403033 0.999933 0.0128204 0.0 0.0 0.0 1.0
office/seq-02/color/frame-000016.color.png office/seq-02/color/frame-000017.color.png 0.999966 -0.00430371 0.00699007 0.00349038 0.00426994 0.999979 0.00483798 8.7633e-05 -0.00701073 -0.00480797 0.999964 0.0124603 0.0 0.0 0.0 1.0
office/seq-02/color/frame-000017.color.png office/seq-02/color/frame-000018.color.png 0.999763 -0.00426165 0.0213655 -0.00516428 0.00407605 0.999954 0.00872291 -0.00796915 -0.0214017 -0.00863374 0.999734 0.0297033 0.0 0.0 0.0 1.0
office/seq-02/color/frame-000018.color.png office/seq-02/color/frame-000019.color.png 0.999939 -0.0046908 0.0100186 0.00161299 0.00468606 0.999989 0.000495774 -0.0013145 -0.0100208 -0.000448815 0.99995 0.0133775 0.0 0.0 0.0 1.0
office/seq-02/color/frame-000019.color.png office/seq-02/color/frame-000020.color.png 0.999915 0.00104938 0.0130151 -0.00225319 -0.00109188 0.999994 0.00325945 -0.00440698 -0.0130116 -0.00327338 0.99991 0.0147426 0.0 0.0 0.0 1.0
office/seq-02/color/frame-000020.color.png office/seq-02/color/frame-000021.color.png 0.999909 0.00174445 0.0133381 -0.00692699 -0.00181488 0.999985 0.00526967 -0.00112982 -0.0133287 -0.00529339 0.999897 0.0135913 0.0 0.0 0.0 1.0
office/seq-02/color/frame-000021.color.png office/seq-02/color/frame-000022.color.png 0.999842 0.00533968 0.01696 -0.00119927 -0.00567387 0.999789 0.0197182 -0.00226624 -0.0168511 -0.0198113 0.999662 0.0290724 0.0 0.0 0.0 1.0
office/seq-02/color/frame-000022.color.png office/seq-02/color/frame-000023.color.png 0.999951 0.000246888 0.00994727 -0.00760438 -0.000390645 0.999895 0.0144532 -0.016121 -0.00994264 -0.0144564 0.999846 0.0190049 0.0 0.0 0.0 1.0
office/seq-02/color/frame-000023.color.png office/seq-02/color/frame-000024.color.png 0.999976 0.00186486 0.00666065 -0.00865893 -0.00193889 0.999936 0.0111254 -0.0061678 -0.00663949 -0.0111381 0.999916 0.0109315 0.0 0.0 0.0 1.0
office/seq-02/color/frame-000024.color.png office/seq-02/color/frame-000025.color.png 0.999988 0.00352134 0.0032983 -0.000526853 -0.00356678 0.999897 0.0138737 -0.00520626 -0.00324913 -0.0138853 0.999898 0.0161701 0.0 0.0 0.0 1.0
office/seq-02/color/frame-000025.color.png office/seq-02/color/frame-000026.color.png 0.999992 0.00187199 0.00344517 -0.000995913 -0.00191767 0.99991 0.0133031 -0.0126599 -0.00341995 -0.0133096 0.999906 0.0211906 0.0 0.0 0.0 1.0
office/seq-02/color/frame-000026.color.png office/seq-02/color/frame-000027.color.png 0.999964 -0.00527451 0.00665176 -0.00487469 0.00521204 0.999942 0.00937489 -0.00955243 -0.0067008 -0.00933987 0.999934 0.0339476 0.0 0.0 0.0 1.0
office/seq-02/color/frame-000027.color.png office/seq-02/color/frame-000028.color.png 0.999995 -0.00304837 -0.00025737 0.00519405 0.00304789 0.999994 -0.00179943 -0.00509087 0.000262813 0.0017986 0.999998 0.0190121 0.0 0.0 0.0 1.0
office/seq-02/color/frame-000028.color.png office/seq-02/color/frame-000029.color.png 0.999998 -0.00218342 -0.000237827 -0.000188567 0.00218263 0.999993 -0.00321141 -0.000915144 0.000244852 0.00321087 0.999995 0.00975424 0.0 0.0 0.0 1.0
office/seq-02/color/frame-000029.color.png office/seq-02/color/frame-000030.color.png 0.999999 -0.00112821 -2.9738e-05 -0.00805581 0.00112837 0.999982 0.00580834 -0.00840688 2.31746e-05 -0.00580839 0.999983 0.0118241 0.0 0.0 0.0 1.0
office/seq-02/color/frame-000030.color.png office/seq-02/color/frame-000031.color.png 0.999989 0.00328167 -0.00337296 0.00228351 -0.00326024 0.999975 0.0063362 -0.00458197 0.00339367 -0.0063251 0.999974 0.0150945 0.0 0.0 0.0 1.0
office/seq-02/color/frame-000031.color.png office/seq-02/color/frame-000032.color.png 0.999999 0.00055409 0.00109419 -0.00936341 -0.000558801 0.999991 0.00430136 -0.0099423 -0.00109182 -0.00430201 0.99999 0.0146616 0.0 0.0 0.0 1.0
office/seq-02/color/frame-000032.color.png office/seq-02/color/frame-000033.color.png 0.999979 0.00226469 -0.00610194 0.00399586 -0.00224696 0.999993 0.00290987 -2.94894e-05 0.0061085 -0.00289608 0.999977 0.00885892 0.0 0.0 0.0 1.0
office/seq-02/color/frame-000033.color.png office/seq-02/color/frame-000034.color.png 0.999982 -0.00273029 -0.00542786 0.00853122 0.00276557 0.999975 0.00650196 -0.00552937 0.00540997 -0.00651684 0.999964 0.0309294 0.0 0.0 0.0 1.0
office/seq-02/color/frame-000034.color.png office/seq-02/color/frame-000035.color.png 0.999987 -0.00147271 -0.00492763 0.00691238 0.00145619 0.999993 -0.00335754 -0.00496335 0.00493257 0.00335035 0.999982 0.0170655 0.0 0.0 0.0 1.0
office/seq-02/color/frame-000035.color.png office/seq-02/color/frame-000036.color.png 0.999974 0.00400309 -0.00593073 0.00661966 -0.00402249 0.999987 -0.00326206 -0.00175265 0.00591761 0.00328582 0.999977 0.0078896 0.0 0.0 0.0 1.0
office/seq-02/color/frame-000036.color.png office/seq-02/color/frame-000037.color.png 0.999985 0.0046321 -0.00277794 -0.00154276 -0.00462088 0.999981 0.00402822 -0.00495313 0.00279654 -0.0040153 0.999988 0.0055953 0.0 0.0 0.0 1.0
office/seq-02/color/frame-000037.color.png office/seq-02/color/frame-000038.color.png 0.999968 0.00477034 -0.00649304 0.00587962 -0.00473427 0.999973 0.00555829 -0.0060324 0.00651938 -0.00552736 0.999964 0.0141056 0.0 0.0 0.0 1.0
office/seq-02/color/frame-000038.color.png office/seq-02/color/frame-000039.color.png 0.999951 0.00626334 -0.00768302 0.0123416 -0.00626181 0.99998 0.000223023 -0.00061319 0.00768426 -0.000174906 0.99997 0.0137883 0.0 0.0 0.0 1.0
office/seq-02/color/frame-000039.color.png office/seq-02/color/frame-000040.color.png 0.999977 0.00582113 -0.0035668 0.00699881 -0.00582101 0.999983 4.24561e-05 -0.00371386 0.00356699 -2.17077e-05 0.999994 0.0127528 0.0 0.0 0.0 1.0
office/seq-02/color/frame-000040.color.png office/seq-02/color/frame-000041.color.png 0.999814 0.0118312 -0.0152179 0.0178165 -0.0117217 0.999905 0.00726207 -0.00499054 0.0153024 -0.00708235 0.999858 0.0190986 0.0 0.0 0.0 1.0
office/seq-02/color/frame-000041.color.png office/seq-02/color/frame-000042.color.png 0.999982 0.00176332 -0.00577588 0.0171793 -0.0017372 0.999988 0.00452351 -0.00380442 0.0057838 -0.0045134 0.999973 0.0163594 0.0 0.0 0.0 1.0
office/seq-02/color/frame-000042.color.png office/seq-02/color/frame-000043.color.png 0.999992 -0.00227615 -0.00334256 0.0105482 0.00226813 0.999995 -0.00240104 -0.00690764 0.003348 0.00239346 0.999992 0.0136249 0.0 0.0 0.0 1.0
office/seq-02/color/frame-000043.color.png office/seq-02/color/frame-000044.color.png 0.999968 0.00232565 -0.00770031 0.0162605 -0.00244936 0.999867 -0.0160965 0.0119644 0.00766187 0.0161148 0.999841 0.0120683 0.0 0.0 0.0 1.0
office/seq-02/color/frame-000044.color.png office/seq-02/color/frame-000045.color.png 0.999976 0.00681189 0.00147304 0.00282626 -0.00680078 0.999949 -0.00742405 0.0103184 -0.00152354 0.00741386 0.999971 0.00468296 0.0 0.0 0.0 1.0
office/seq-02/color/frame-000045.color.png office/seq-02/color/frame-000046.color.png 1.0 0.000617699 0.00046056 0.01261 -0.000618976 0.999996 0.00278213 -0.0109751 -0.000458816 -0.00278241 0.999996 0.0117651 0.0 0.0 0.0 1.0
office/seq-02/color/frame-000046.color.png office/seq-02/color/frame-000047.color.png 0.999996 -0.00128305 -0.00237892 0.00966439 0.0012763 0.999995 -0.0028396 -0.00586699 0.00238255 0.00283657 0.999993 0.011557 0.0 0.0 0.0 1.0
office/seq-02/color/frame-000047.color.png office/seq-02/color/frame-000048.color.png 0.999985 0.00182078 -0.00518417 0.0173845 -0.00185794 0.999973 -0.00717266 0.000368983 0.00517097 0.00718221 0.999961 0.012584 0.0 0.0 0.0 1.0
office/seq-02/color/frame-000048.color.png office/seq-02/color/frame-000049.color.png 0.999927 0.00803845 -0.00904454 0.0208476 -0.00808838 0.999952 -0.00549805 -0.000917457 0.00899991 0.0055708 0.999944 0.0113431 0.0 0.0 0.0 1.0
office/seq-02/color/frame-000049.color.png office/seq-02/color/frame-000050.color.png 0.999977 0.00565521 -0.00381348 0.00748974 -0.005635 0.99997 0.00528853 -0.00264708 0.00384328 -0.00526695 0.999979 0.00495917 0.0 0.0 0.0 1.0
office/seq-02/color/frame-000050.color.png office/seq-02/color/frame-000051.color.png 0.999952 -0.00333835 -0.00917358 0.0237756 0.0034566 0.999911 0.012906 -0.0268193 0.00912969 -0.0129371 0.999875 0.00989014 0.0 0.0 0.0 1.0
office/seq-02/color/frame-000051.color.png office/seq-02/color/frame-000052.color.png 0.999985 -0.00139969 -0.00524859 0.0179675 0.00137774 0.99999 -0.00418354 -0.00340995 0.0052544 0.00417628 0.999978 0.0136482 0.0 0.0 0.0 1.0
office/seq-02/color/frame-000052.color.png office/seq-02/color/frame-000053.color.png 0.999997 0.00180163 -0.00178852 0.00987478 -0.00181703 0.999961 -0.00864991 7.98255e-05 0.00177285 0.00865309 0.999961 0.00788051 0.0 0.0 0.0 1.0
office/seq-02/color/frame-000053.color.png office/seq-02/color/frame-000054.color.png 0.999991 0.00318733 -0.0026958 0.0078001 -0.00320921 0.999962 -0.00815441 0.00702527 0.00266971 0.008163 0.999963 0.00448513 0.0 0.0 0.0 1.0
office/seq-02/color/frame-000054.color.png office/seq-02/color/frame-000055.color.png 0.999962 0.00868544 -0.000780001 0.00527321 -0.00868492 0.999962 0.000675272 0.00339696 0.000785843 -0.000668483 0.999999 0.00619364 0.0 0.0 0.0 1.0
office/seq-02/color/frame-000055.color.png office/seq-02/color/frame-000056.color.png 0.999977 -0.00360022 -0.0058215 0.0225553 0.00363785 0.999972 0.00646521 -0.0184333 0.00579806 -0.00648621 0.999962 0.0104377 0.0 0.0 0.0 1.0
office/seq-02/color/frame-000056.color.png office/seq-02/color/frame-000057.color.png 0.999953 -0.00217336 -0.00942712 0.0251739 0.00210785 0.999974 -0.00695278 0.00243457 0.00944198 0.00693256 0.999931 0.0183291 0.0 0.0 0.0 1.0
office/seq-02/color/frame-000057.color.png office/seq-02/color/frame-000058.color.png 0.999997 0.00206952 -0.00138736 0.0143549 -0.0020751 0.99999 -0.00403118 0.00744759 0.00137899 0.00403402 0.999991 0.00503892 0.0 0.0 0.0 1.0
office/seq-02/color/frame-000058.color.png office/seq-02/color/frame-000059.color.png 0.999987 -0.00431961 0.0025461 0.000885963 0.00430886 0.999982 0.00421092 -0.00782076 -0.00256423 -0.00419989 0.999988 0.00769037 0.0 0.0 0.0 1.0
office/seq-02/color/frame-000059.color.png office/seq-02/color/frame-000060.color.png 0.999981 -0.00422381 -0.00447349 0.0145994 0.00422257 0.999991 -0.000285032 -0.00411335 0.00447463 0.000266136 0.99999 0.0135206 0.0 0.0 0.0 1.0
office/seq-02/color/frame-000060.color.png office/seq-02/color/frame-000061.color.png 0.999996 0.00249446 -0.000919908 0.00638035 -0.00249905 0.999984 -0.00501461 0.0093959 0.000907412 0.00501691 0.999987 0.00234693 0.0 0.0 0.0 1.0
office/seq-02/color/frame-000061.color.png office/seq-02/color/frame-000062.color.png 0.99999 -0.00424964 0.00159397 0.00712021 0.00424388 0.999985 0.00359803 -0.00772621 -0.00160926 -0.00359123 0.999992 0.00839078 0.0 0.0 0.0 1.0
office/seq-02/color/frame-000062.color.png office/seq-02/color/frame-000063.color.png 0.999985 -0.00551835 2.86613e-05 0.00668952 0.00551839 0.999984 -0.00156958 -0.00133376 -1.99781e-05 0.00156971 0.999999 0.0118784 0.0 0.0 0.0 1.0
office/seq-02/color/frame-000063.color.png office/seq-02/color/frame-000064.color.png 0.999997 0.0016183 -0.00177416 0.0102766 -0.00162173 0.999997 -0.00193622 -0.00117777 0.00177101 0.00193908 0.999996 0.00737417 0.0 0.0 0.0 1.0
office/seq-02/color/frame-000064.color.png office/seq-02/color/frame-000065.color.png 0.999953 0.0059839 0.00767492 0.00102997 -0.00595677 0.999976 -0.00355277 0.00235246 -0.00769597 0.0035069 0.999964 0.0131298 0.0 0.0 0.0 1.0
office/seq-02/color/frame-000065.color.png office/seq-02/color/frame-000066.color.png 0.999997 0.00119282 0.00227773 0.0025202 -0.00120685 0.99998 0.00616595 -0.00670516 -0.00227036 -0.00616868 0.999978 0.00651127 0.0 0.0 0.0 1.0
office/seq-02/color/frame-000066.color.png office/seq-02/color/frame-000067.color.png 0.999993 0.000230309 0.00363983 0.00421673 -0.000250191 0.999985 0.0054613 -0.009417 -0.00363851 -0.00546218 0.999979 0.0112513 0.0 0.0 0.0 1.0
office/seq-02/color/frame-000067.color.png office/seq-02/color/frame-000068.color.png 0.999972 -0.00619974 0.00416108 0.00175601 0.00618721 0.999976 0.00301627 -0.0144223 -0.00417969 -0.00299042 0.999987 0.00841236 0.0 0.0 0.0 1.0
office/seq-02/color/frame-000068.color.png office/seq-02/color/frame-000069.color.png 0.999981 -0.00616338 0.000613353 0.00636095 0.006162 0.999979 0.00224704 -0.0107498 -0.000627167 -0.00224322 0.999997 0.0102855 0.0 0.0 0.0 1.0
office/seq-02/color/frame-000069.color.png office/seq-02/color/frame-000070.color.png 0.999999 0.00159387 -3.36911e-05 0.00762185 -0.00159389 0.999999 -0.00056377 -0.00629826 3.27931e-05 0.000563827 1.0 0.00988811 0.0 0.0 0.0 1.0
office/seq-02/color/frame-000070.color.png office/seq-02/color/frame-000071.color.png 0.999988 -0.00102121 0.00482508 -0.00569138 0.00103411 0.999996 -0.00267186 -0.00117736 -0.00482236 0.00267681 0.999985 0.00865376 0.0 0.0 0.0 1.0
office/seq-02/color/frame-000071.color.png office/seq-02/color/frame-000072.color.png 0.999993 -0.00379279 6.60637e-05 0.000251442 0.00379248 0.999984 0.00419801 -0.00637846 -8.1968e-05 -0.00419774 0.999991 0.0076524 0.0 0.0 0.0 1.0
office/seq-02/color/frame-000072.color.png office/seq-02/color/frame-000073.color.png 0.999991 -0.00257632 -0.00349801 0.00431919 0.00261732 0.999927 0.0117665 -0.0144435 0.00346744 -0.0117755 0.999925 0.00602967 0.0 0.0 0.0 1.0
office/seq-02/color/frame-000073.color.png office/seq-02/color/frame-000074.color.png 0.999981 0.00550692 -0.00264255 0.00935122 -0.00547134 0.999897 0.013289 -0.0177189 0.00271545 -0.0132743 0.999908 0.00955546 0.0 0.0 0.0 1.0
office/seq-02/color/frame-000074.color.png office/seq-02/color/frame-000075.color.png 0.999997 0.00207154 0.00124745 0.00901249 -0.00207691 0.999988 0.0043257 -0.0175461 -0.00123848 -0.0043283 0.99999 0.0153039 0.0 0.0 0.0 1.0
office/seq-02/color/frame-000075.color.png office/seq-02/color/frame-000076.color.png 0.999991 -0.00358613 0.00225558 -0.00464335 0.00360067 0.999972 -0.00647846 -0.00709033 -0.00223229 0.00648655 0.999977 0.0156042 0.0 0.0 0.0 1.0
office/seq-02/color/frame-000076.color.png office/seq-02/color/frame-000077.color.png 0.999992 -1.13579e-05 -0.00402384 0.00862128 -4.07037e-05 0.999916 -0.0129375 0.00603527 0.00402366 0.0129375 0.999908 0.0123389 0.0 0.0 0.0 1.0
office/seq-02/color/frame-000077.color.png office/seq-02/color/frame-000078.color.png 0.999995 0.000614334 -0.00297763 0.00433025 -0.000655289 0.999905 -0.013774 0.00574246 0.00296887 0.0137759 0.999901 0.0152252 0.0 0.0 0.0 1.0
office/seq-02/color/frame-000078.color.png office/seq-02/color/frame-000079.color.png 0.999986 0.00287218 -0.00452906 0.00798729 -0.00292637 0.999924 -0.0120021 0.000328541 0.00449426 0.0120152 0.999918 0.0130054 0.0 0.0 0.0 1.0
office/seq-02/color/frame-000079.color.png office/seq-02/color/frame-000080.color.png 1.0 -0.000250781 5.37879e-05 0.000221819 0.000251456 0.999916 -0.012963 0.00697607 -5.05437e-05 0.012963 0.999916 0.0128396 0.0 0.0 0.0 1.0
office/seq-02/color/frame-000080.color.png office/seq-02/color/frame-000081.color.png 0.999989 -0.00380609 0.00267533 -0.00609654 0.00383677 0.999926 -0.0115572 -0.000348866 -0.00263115 0.0115674 0.99993 0.0117185 0.0 0.0 0.0 1.0
office/seq-02/color/frame-000081.color.png office/seq-02/color/frame-000082.color.png 0.999999 -0.000733718 0.000976275 -0.0012548 0.000749791 0.999863 -0.0165628 0.0195255 -0.000963979 0.0165635 0.999862 0.0140337 0.0 0.0 0.0 1.0
office/seq-02/color/frame-000082.color.png office/seq-02/color/frame-000083.color.png 0.999991 -0.00111505 0.00400455 -0.00567025 0.00113237 0.99999 -0.00432575 0.00701061 -0.0039997 0.00433025 0.999983 0.00709677 0.0 0.0 0.0 1.0
office/seq-02/color/frame-000083.color.png office/seq-02/color/frame-000084.color.png 0.999987 -0.00139356 0.00490246 -0.00981236 0.00135372 0.999966 0.0081223 -0.0196948 -0.0049136 -0.00811555 0.999955 0.0100915 0.0 0.0 0.0 1.0
office/seq-02/color/frame-000084.color.png office/seq-02/color/frame-000085.color.png 0.999994 0.00169266 -0.00287726 0.000329792 -0.001691 0.999998 0.000580477 -0.0169812 0.00287824 -0.000575606 0.999996 0.0121502 0.0 0.0 0.0 1.0
office/seq-02/color/frame-000085.color.png office/seq-02/color/frame-000086.color.png 0.999964 0.00581856 -0.00625279 0.00532889 -0.00586112 0.99996 -0.00680812 0.00350285 0.0062129 0.00684452 0.999957 0.00549954 0.0 0.0 0.0 1.0
office/seq-02/color/frame-000086.color.png office/seq-02/color/frame-000087.color.png 0.999944 0.00957366 -0.00452409 0.00630534 -0.00958208 0.999952 -0.00184475 0.00596976 0.00450624 0.00188802 0.999988 0.00459677 0.0 0.0 0.0 1.0
office/seq-02/color/frame-000087.color.png office/seq-02/color/frame-000088.color.png 0.999993 0.00141686 -0.00345945 -0.00288373 -0.00139462 0.999978 0.00642358 -0.0222126 0.00346846 -0.00641874 0.999973 0.00389874 0.0 0.0 0.0 1.0
office/seq-02/color/frame-000088.color.png office/seq-02/color/frame-000089.color.png 0.999951 0.00325222 -0.00938953 0.0121189 -0.00330959 0.999976 -0.00610158 0.00446126 0.00936946 0.00613235 0.999937 0.00678027 0.0 0.0 0.0 1.0
office/seq-02/color/frame-000089.color.png office/seq-02/color/frame-000090.color.png 0.999975 0.00659789 -0.00239907 0.00118998 -0.00661743 0.999944 -0.00823277 0.0139321 0.00234461 0.00824843 0.999963 0.00735664 0.0 0.0 0.0 1.0
office/seq-02/color/frame-000090.color.png office/seq-02/color/frame-000091.color.png 0.999998 0.00191902 -0.000725073 -0.000488847 -0.00191486 0.999982 0.005705 -0.0111949 0.000736007 -0.0057036 0.999983 0.00476742 0.0 0.0 0.0 1.0
office/seq-02/color/frame-000091.color.png office/seq-02/color/frame-000092.color.png 0.999982 0.0059187 -0.000418321 0.0010182 -0.0059187 0.999982 2.07007e-05 -0.00660616 0.000418449 -1.82212e-05 1.0 0.00635791 0.0 0.0 0.0 1.0
office/seq-02/color/frame-000092.color.png office/seq-02/color/frame-000093.color.png 0.999998 0.00199637 -0.000608099 -0.0111703 -0.00199901 0.999988 -0.00437414 -0.0131558 0.000599366 0.00437536 0.99999 0.00785816 0.0 0.0 0.0 1.0
office/seq-02/color/frame-000093.color.png office/seq-02/color/frame-000094.color.png 0.99996 0.00606239 -0.00659832 0.000519872 -0.006171 0.999844 -0.0165669 0.0361305 0.00649684 0.016607 0.999841 0.00275385 0.0 0.0 0.0 1.0
office/seq-02/color/frame-000094.color.png office/seq-02/color/frame-000095.color.png 0.999941 0.00194171 -0.0107178 0.0136433 -0.00182284 0.999937 0.0110885 -0.0123324 0.0107387 -0.0110683 0.999881 -0.00359368 0.0 0.0 0.0 1.0
office/seq-02/color/frame-000095.color.png office/seq-02/color/frame-000096.color.png 0.99998 0.00293487 -0.00561675 0.00755525 -0.00288471 0.999956 0.00892084 -0.0197157 0.00564269 -0.00890445 0.999944 0.00774121 0.0 0.0 0.0 1.0
office/seq-02/color/frame-000096.color.png office/seq-02/color/frame-000097.color.png 0.999989 -0.00448008 -0.0012858 -0.0131898 0.00448092 0.99999 0.000642336 -0.0260591 0.00128291 -0.000648098 0.999999 0.00286591 0.0 0.0 0.0 1.0
office/seq-02/color/frame-000097.color.png office/seq-02/color/frame-000098.color.png 0.999819 0.00670458 -0.017779 0.0149506 -0.00714152 0.999671 -0.0246277 0.0356826 0.017608 0.0247502 0.999539 0.0107694 0.0 0.0 0.0 1.0
office/seq-02/color/frame-000098.color.png office/seq-02/color/frame-000099.color.png 0.99989 0.00594853 -0.0136151 0.0160868 -0.00615225 0.999869 -0.0149694 0.0267164 0.0135243 0.0150515 0.999795 0.00890982 0.0 0.0 0.0 1.0
office/seq-02/color/frame-000099.color.png office/seq-02/color/frame-000100.color.png 0.999983 0.00503155 -0.0030833 0.000434548 -0.00502794 0.999987 0.0011806 -0.00994968 0.0030892 -0.00116508 0.999994 0.00425971 0.0 0.0 0.0 1.0
office/seq-02/color/frame-000100.color.png office/seq-02/color/frame-000101.color.png 0.999981 1.35522e-05 -0.00616045 -0.000323057 -0.000100816 0.9999 -0.0141676 0.0161855 0.00615964 0.0141679 0.999881 0.00447679 0.0 0.0 0.0 1.0
office/seq-02/color/frame-000101.color.png office/seq-02/color/frame-000102.color.png 0.999938 -0.00781999 -0.00790203 -0.00283487 0.00779839 0.999966 -0.00275923 -0.00908846 0.00792334 0.00269744 0.999965 0.00132096 0.0 0.0 0.0 1.0
office/seq-02/color/frame-000102.color.png office/seq-02/color/frame-000103.color.png 0.999994 -0.00163989 -0.00319756 -0.00425765 0.00164066 0.999999 0.000235969 0.00578806 0.00319717 -0.000241214 0.999995 -0.00335264 0.0 0.0 0.0 1.0
office/seq-02/color/frame-000103.color.png office/seq-02/color/frame-000104.color.png 0.999995 -0.00188824 -0.0024444 -0.00377275 0.00190993 0.999959 0.00889963 -0.0175814 0.00242749 -0.00890425 0.999957 -0.000145793 0.0 0.0 0.0 1.0
office/seq-02/color/frame-000104.color.png office/seq-02/color/frame-000105.color.png 0.999993 -0.00158377 -0.00336327 -0.00627132 0.00158436 0.999999 0.0001785 -0.00240347 0.00336298 -0.000183827 0.999994 0.00178397 0.0 0.0 0.0 1.0
office/seq-02/color/frame-000105.color.png office/seq-02/color/frame-000106.color.png 0.999997 -0.00218988 -0.0013255 -0.00972739 0.00219106 0.999997 0.000887015 -0.00549352 0.00132356 -0.000889916 0.999999 -0.00293279 0.0 0.0 0.0 1.0
office/seq-02/color/frame-000106.color.png office/seq-02/color/frame-000107.color.png 0.999992 -4.18613e-05 0.0039008 -0.0159997 6.20138e-05 0.999987 -0.00516726 0.00642303 -0.00390053 0.00516746 0.999979 -0.0021553 0.0 0.0 0.0 1.0
office/seq-02/color/frame-000107.color.png office/seq-02/color/frame-000108.color.png 0.999986 -0.00249855 0.00461589 -0.0112765 0.00250482 0.999996 -0.00134884 0.00437075 -0.0046125 0.00136039 0.999988 -0.00117445 0.0 0.0 0.0 1.0
office/seq-02/color/frame-000108.color.png office/seq-02/color/frame-000109.color.png 0.999957 -0.000372119 0.00929839 -0.0180568 0.000338797 0.999994 0.00358492 -0.0112776 -0.00929966 -0.00358162 0.99995 0.0012095 0.0 0.0 0.0 1.0
office/seq-02/color/frame-000109.color.png office/seq-02/color/frame-000110.color.png 0.999907 0.000954489 0.013596 -0.0322241 -0.000851658 0.999971 -0.00756727 0.00600204 -0.0136029 0.00755498 0.999879 0.00592637 0.0 0.0 0.0 1.0
office/seq-02/color/frame-000110.color.png office/seq-02/color/frame-000111.color.png 0.99987 -0.00702177 0.014543 -0.0357347 0.00706698 0.99997 -0.00305976 0.00572029 -0.0145211 0.00316215 0.99989 -0.00776112 0.0 0.0 0.0 1.0
office/seq-02/color/frame-000111.color.png office/seq-02/color/frame-000112.color.png 0.999798 -0.00337377 0.0197982 -0.0341618 0.00320659 0.999959 0.00846936 -0.0128462 -0.019826 -0.00840417 0.999768 -0.00427747 0.0 0.0 0.0 1.0
office/seq-02/color/frame-000112.color.png office/seq-02/color/frame-000113.color.png 0.999742 -0.00346796 0.0224463 -0.0466006 0.00329829 0.999966 0.00759148 -0.0120449 -0.0224718 -0.00751549 0.999719 0.000722766 0.0 0.0 0.0 1.0
office/seq-02/color/frame-000113.color.png office/seq-02/color/frame-000114.color.png 0.9999 -0.00300616 0.0138513 -0.0328935 0.00297371 0.999993 0.00236222 -0.00948504 -0.0138583 -0.0023208 0.999901 0.00692976 0.0 0.0 0.0 1.0
office/seq-02/color/frame-000114.color.png office/seq-02/color/frame-000115.color.png 0.999933 -0.0028373 0.0112502 -0.026818 0.00295684 0.999939 -0.0106217 0.0129229 -0.0112194 0.0106542 0.99988 0.00229764 0.0 0.0 0.0 1.0
office/seq-02/color/frame-000115.color.png office/seq-02/color/frame-000116.color.png 0.999885 -0.0103628 0.0110258 -0.02493 0.0104356 0.999924 -0.00656831 0.0135995 -0.0109568 0.00668262 0.999918 -0.00103879 0.0 0.0 0.0 1.0
office/seq-02/color/frame-000116.color.png office/seq-02/color/frame-000117.color.png 0.999802 -0.00847804 0.0179904 -0.0428509 0.00838676 0.999952 0.00514284 -0.0104815 -0.0180331 -0.00499094 0.999825 0.00112641 0.0 0.0 0.0 1.0
office/seq-02/color/frame-000117.color.png office/seq-02/color/frame-000118.color.png 0.999924 -0.00149385 0.012274 -0.031947 0.00152194 0.999996 -0.00227976 0.0023604 -0.0122705 0.00229826 0.999922 -0.00110972 0.0 0.0 0.0 1.0
office/seq-02/color/frame-000118.color.png office/seq-02/color/frame-000119.color.png 0.999872 -0.00397871 0.0154792 -0.0390837 0.00389457 0.999977 0.0054622 -0.0111581 -0.0155007 -0.00540123 0.999865 -0.00978136 0.0 0.0 0.0 1.0
office/seq-02/color/frame-000119.color.png office/seq-02/color/frame-000120.color.png 0.999786 -0.0130779 0.0160518 -0.0306932 0.012877 0.999838 0.0125585 -0.014381 -0.0162134 -0.0123491 0.999792 -0.0104882 0.0 0.0 0.0 1.0
office/seq-02/color/frame-000120.color.png office/seq-02/color/frame-000121.color.png 0.999817 -0.00483262 0.0185292 -0.0406964 0.00473978 0.999976 0.00505109 -0.00207204 -0.0185531 -0.00496235 0.999816 -0.000764251 0.0 0.0 0.0 1.0
office/seq-02/color/frame-000121.color.png office/seq-02/color/frame-000122.color.png 0.999916 -0.00321636 0.0125859 -0.0348877 0.00317701 0.99999 0.0031448 -0.0126747 -0.012596 -0.00310455 0.999916 -0.00276196 0.0 0.0 0.0 1.0
office/seq-02/color/frame-000122.color.png office/seq-02/color/frame-000123.color.png 0.999822 -0.00206168 0.0187242 -0.0462553 0.00212453 0.999992 -0.00333752 0.0143721 -0.0187172 0.00337671 0.999819 -0.00651109 0.0 0.0 0.0 1.0
office/seq-02/color/frame-000123.color.png office/seq-02/color/frame-000124.color.png 0.999792 -0.0108553 0.0172648 -0.0320438 0.0106679 0.999884 0.0109106 -0.012683 -0.0173813 -0.0107241 0.999791 -0.0126468 0.0 0.0 0.0 1.0
office/seq-02/color/frame-000124.color.png office/seq-02/color/frame-000125.color.png 0.999868 -0.00341597 0.0158939 -0.0248327 0.00325238 0.999942 0.0103071 -0.0120889 -0.0159282 -0.010254 0.999821 -0.00890183 0.0 0.0 0.0 1.0
office/seq-02/color/frame-000125.color.png office/seq-02/color/frame-000126.color.png 0.99983 -0.00171803 0.0183455 -0.0366704 0.00159308 0.999975 0.00682346 -0.0162911 -0.0183568 -0.00679309 0.999808 -0.00854218 0.0 0.0 0.0 1.0
office/seq-02/color/frame-000126.color.png office/seq-02/color/frame-000127.color.png 0.999904 0.000761541 0.0138603 -0.0259774 -0.000723854 0.999996 -0.00272395 0.000732958 -0.0138623 0.00271364 0.9999 -0.00655985 0.0 0.0 0.0 1.0
office/seq-02/color/frame-000127.color.png office/seq-02/color/frame-000128.color.png 0.999873 -0.00425242 0.0153792 -0.0266035 0.00428612 0.999988 -0.00215841 0.000611871 -0.0153698 0.00222409 0.99988 -0.00688767 0.0 0.0 0.0 1.0
office/seq-02/color/frame-000128.color.png office/seq-02/color/frame-000129.color.png 0.99977 -0.00612626 0.0205559 -0.0351619 0.00609447 0.99998 0.00160898 -0.00322425 -0.0205653 -0.00148333 0.999787 -0.013867 0.0 0.0 0.0 1.0
office/seq-02/color/frame-000129.color.png office/seq-02/color/frame-000130.color.png 0.999785 -0.00502231 0.0201359 -0.0304077 0.00501245 0.999987 0.000540003 -0.00697634 -0.0201384 -0.000438964 0.999797 -0.00680041 0.0 0.0 0.0 1.0
office/seq-02/color/frame-000130.color.png office/seq-02/color/frame-000131.color.png 0.999747 0.000965551 0.0224486 -0.037382 -0.000855291 0.999988 -0.00492085 0.01402 -0.0224532 0.0049004 0.999736 -0.00685191 0.0 0.0 0.0 1.0
office/seq-02/color/frame-000131.color.png office/seq-02/color/frame-000132.color.png 0.999804 -0.0028019 0.0195771 -0.0324379 0.00267987 0.999977 0.00625696 -0.00400919 -0.0195941 -0.00620328 0.999789 -0.00857824 0.0 0.0 0.0 1.0
office/seq-02/color/frame-000132.color.png office/seq-02/color/frame-000133.color.png 0.999877 -0.00187068 0.0155587 -0.0253395 0.00176336 0.999975 0.00690784 -0.0142178 -0.0155712 -0.00687956 0.999855 -0.010356 0.0 0.0 0.0 1.0
office/seq-02/color/frame-000133.color.png office/seq-02/color/frame-000134.color.png 0.999809 -0.00233402 0.0193916 -0.0324407 0.00235178 0.999997 -0.000892937 0.00455382 -0.0193894 0.000938368 0.999812 -0.0112094 0.0 0.0 0.0 1.0
office/seq-02/color/frame-000134.color.png office/seq-02/color/frame-000135.color.png 0.999786 -0.000773745 0.0206929 -0.0377346 0.00078818 0.999999 -0.000689488 0.00939989 -0.0206923 0.000705674 0.999786 -0.00262344 0.0 0.0 0.0 1.0
office/seq-02/color/frame-000135.color.png office/seq-02/color/frame-000136.color.png 0.99987 -0.00339817 0.01579 -0.0333266 0.00345252 0.999988 -0.00341544 0.00587949 -0.0157783 0.00346949 0.99987 -0.00863349 0.0 0.0 0.0 1.0
office/seq-02/color/frame-000136.color.png office/seq-02/color/frame-000137.color.png 0.999897 -0.00764316 0.0121382 -0.0223403 0.00764994 0.999971 -0.000512436 0.00284696 -0.0121338 0.000605263 0.999926 -0.0110986 0.0 0.0 0.0 1.0
office/seq-02/color/frame-000137.color.png office/seq-02/color/frame-000138.color.png 0.999842 -0.00741601 0.0161868 -0.027278 0.0074095 0.999972 0.00046041 0.00230449 -0.0161899 -0.000340405 0.999869 -0.00930852 0.0 0.0 0.0 1.0
office/seq-02/color/frame-000138.color.png office/seq-02/color/frame-000139.color.png 0.999859 -0.00596911 0.0157153 -0.029735 0.00598046 0.999982 -0.000675866 0.00278965 -0.0157109 0.00076975 0.999876 -0.00834608 0.0 0.0 0.0 1.0
office/seq-02/color/frame-000139.color.png office/seq-02/color/frame-000140.color.png 0.999923 -0.00408218 0.011735 -0.0213469 0.00408835 0.999991 -0.0005005 0.00424927 -0.0117328 0.000548427 0.999931 -0.0102561 0.0 0.0 0.0 1.0
office/seq-02/color/frame-000140.color.png office/seq-02/color/frame-000141.color.png 0.999883 -0.00856406 0.0126899 -0.0261553 0.0085523 0.999963 0.000979618 0.00402209 -0.0126979 -0.000870978 0.999919 -0.00672078 0.0 0.0 0.0 1.0
office/seq-02/color/frame-000141.color.png office/seq-02/color/frame-000142.color.png 0.999869 -0.00786022 0.0141707 -0.0364668 0.00783673 0.999968 0.00171343 0.0101067 -0.0141837 -0.00160214 0.999898 -0.00837404 0.0 0.0 0.0 1.0
office/seq-02/color/frame-000142.color.png office/seq-02/color/frame-000143.color.png 0.999913 -0.0129736 0.00239835 -0.0140432 0.0129598 0.9999 0.00567059 0.00228372 -0.00247163 -0.00563903 0.999981 -0.0103167 0.0 0.0 0.0 1.0
office/seq-02/color/frame-000143.color.png office/seq-02/color/frame-000144.color.png 0.999835 -0.0167102 0.0071994 -0.0253524 0.0166695 0.999845 0.00568683 -0.00335419 -0.00729338 -0.00556587 0.999958 -0.00512123 0.0 0.0 0.0 1.0
office/seq-02/color/frame-000144.color.png office/seq-02/color/frame-000145.color.png 0.999919 -0.0091613 0.00878269 -0.0205219 0.00923859 0.999919 -0.00880486 0.0254356 -0.00870126 0.00888528 0.999923 -0.00649977 0.0 0.0 0.0 1.0
office/seq-02/color/frame-000145.color.png office/seq-02/color/frame-000146.color.png 0.999867 -0.00197777 0.0161719 -0.0392409 0.00200941 0.999996 -0.00194151 0.00943196 -0.0161678 0.00197375 0.999867 -0.00771946 0.0 0.0 0.0 1.0
office/seq-02/color/frame-000146.color.png office/seq-02/color/frame-000147.color.png 0.99998 -0.00207371 0.00603908 -0.0111218 0.00205305 0.999992 0.00342902 -0.00575539 -0.00604618 -0.00341654 0.999976 -0.011614 0.0 0.0 0.0 1.0
office/seq-02/color/frame-000147.color.png office/seq-02/color/frame-000148.color.png 0.999963 -0.00210348 0.00829453 -0.0146289 0.00209106 0.999997 0.00150413 0.00152856 -0.00829776 -0.00148675 0.999964 -0.00997478 0.0 0.0 0.0 1.0
office/seq-02/color/frame-000148.color.png office/seq-02/color/frame-000149.color.png 0.999889 -0.0138277 0.0054632 -0.020983 0.0137709 0.999852 0.0103214 -0.0110072 -0.0056051 -0.010245 0.999932 -0.00995916 0.0 0.0 0.0 1.0
office/seq-02/color/frame-000149.color.png office/seq-02/color/frame-000150.color.png 0.999913 -0.0128181 0.0032563 -0.0169059 0.0128048 0.99991 0.00405427 0.00995326 -0.00330794 -0.00401223 0.999986 -0.0073114 0.0 0.0 0.0 1.0
office/seq-02/color/frame-000150.color.png office/seq-02/color/frame-000151.color.png 0.999953 -0.00922189 0.00309535 -0.0171597 0.00921642 0.999956 0.00177473 0.00662872 -0.00311154 -0.00174611 0.999994 -0.00844908 0.0 0.0 0.0 1.0
office/seq-02/color/frame-000151.color.png office/seq-02/color/frame-000152.color.png 0.999952 -0.00967961 -0.00168222 -0.0114191 0.00968536 0.999947 0.00345297 0.00143144 0.00164868 -0.00346908 0.999993 -0.00365835 0.0 0.0 0.0 1.0
office/seq-02/color/frame-000152.color.png office/seq-02/color/frame-000153.color.png 0.999933 -0.0107382 -0.0043662 -0.00305271 0.010767 0.99992 0.0066313 -0.00208715 0.00429461 -0.0066779 0.999969 -0.00629878 0.0 0.0 0.0 1.0
office/seq-02/color/frame-000153.color.png office/seq-02/color/frame-000154.color.png 0.999969 -0.00598822 0.00514729 -0.0202197 0.00597008 0.999976 0.00353064 0.00405166 -0.00516822 -0.00349981 0.999981 -0.00475872 0.0 0.0 0.0 1.0
office/seq-02/color/frame-000154.color.png office/seq-02/color/frame-000155.color.png 0.999999 0.00030669 0.00108685 -0.0195503 -0.000308696 0.999998 0.00186363 0.00601789 -0.00108631 -0.00186392 0.999998 -0.00118965 0.0 0.0 0.0 1.0
office/seq-02/color/frame-000155.color.png office/seq-02/color/frame-000156.color.png 0.999977 -0.00298299 -0.0060721 -0.00508299 0.00301549 0.999981 0.0053646 -0.0040862 0.00605596 -0.00538284 0.999967 -0.0084163 0.0 0.0 0.0 1.0
office/seq-02/color/frame-000156.color.png office/seq-02/color/frame-000157.color.png 0.999971 -0.00631678 -0.00434134 -0.0027028 0.00634257 0.999962 0.00594231 -0.00352278 0.00430368 -0.00596966 0.999973 -0.00717628 0.0 0.0 0.0 1.0
office/seq-02/color/frame-000157.color.png office/seq-02/color/frame-000158.color.png 0.999978 -0.00665985 0.000102094 -0.0131896 0.00665899 0.999953 0.0070236 -0.000535846 -0.000148823 -0.00702273 0.999975 -0.00363255 0.0 0.0 0.0 1.0
office/seq-02/color/frame-000158.color.png office/seq-02/color/frame-000159.color.png 0.999985 -0.00270595 -0.0048455 -0.00198141 0.00272534 0.999988 0.00400447 0.00617895 0.00483461 -0.00401763 0.99998 -0.00615168 0.0 0.0 0.0 1.0
office/seq-02/color/frame-000159.color.png office/seq-02/color/frame-000160.color.png 0.999995 0.00115245 -0.00303439 -0.00544497 -0.00112539 0.99996 0.00888428 -0.00626841 0.00304448 -0.00888075 0.999956 -0.0046919 0.0 0.0 0.0 1.0
office/seq-02/color/frame-000160.color.png office/seq-02/color/frame-000161.color.png 0.99998 -0.00585007 -0.00243481 -0.0103618 0.00586378 0.999967 0.00565816 0.00146523 0.0024017 -0.00567234 0.999981 -0.00310034 0.0 0.0 0.0 1.0
office/seq-02/color/frame-000161.color.png office/seq-02/color/frame-000162.color.png 0.999969 -0.00403419 -0.00669724 -0.00431579 0.00405633 0.999986 0.00330391 0.00826168 0.00668377 -0.003331 0.999972 -0.00147325 0.0 0.0 0.0 1.0
office/seq-02/color/frame-000162.color.png office/seq-02/color/frame-000163.color.png 0.999916 -0.00354358 -0.0124753 0.00918734 0.00361594 0.999977 0.00578061 0.000750333 0.0124545 -0.00582529 0.999905 -0.00574023 0.0 0.0 0.0 1.0
office/seq-02/color/frame-000163.color.png office/seq-02/color/frame-000164.color.png 0.999925 0.004045 -0.0115609 -0.018978 -0.00404174 0.999992 0.000306532 0.00297511 0.011562 -0.000259761 0.999933 0.00359023 0.0 0.0 0.0 1.0
office/seq-02/color/frame-000164.color.png office/seq-02/color/frame-000165.color.png 0.999858 -0.000799585 -0.0168281 0.0103926 0.00079233 1.0 -0.000441114 0.000206351 0.0168286 0.000427765 0.999858 0.00267428 0.0 0.0 0.0 1.0
office/seq-02/color/frame-000165.color.png office/seq-02/color/frame-000166.color.png 0.999806 0.00419767 -0.0192352 0.011628 -0.00438028 0.999946 -0.00945875 0.0104697 0.0191943 0.00954109 0.99977 0.00783962 0.0 0.0 0.0 1.0
office/seq-02/color/frame-000166.color.png office/seq-02/color/frame-000167.color.png 0.999746 0.00477264 -0.0220032 0.0140056 -0.00498203 0.999943 -0.00947259 0.00620341 0.0219567 0.00957981 0.999713 0.00513524 0.0 0.0 0.0 1.0
office/seq-02/color/frame-000167.color.png office/seq-02/color/frame-000168.color.png 0.999834 0.00519435 -0.0174419 0.00288677 -0.0052758 0.999976 -0.00462436 -0.00217953 0.0174175 0.0047156 0.999837 0.00745714 0.0 0.0 0.0 1.0
office/seq-02/color/frame-000168.color.png office/seq-02/color/frame-000169.color.png 0.999836 0.00950904 -0.0154017 0.00427908 -0.00962065 0.999928 -0.0071919 0.00800911 0.0153322 0.00733891 0.999856 0.00392115 0.0 0.0 0.0 1.0
office/seq-02/color/frame-000169.color.png office/seq-02/color/frame-000170.color.png 0.999849 0.0114123 -0.0130712 0.00835162 -0.0115306 0.999893 -0.00900662 0.00254837 0.0129671 0.009156 0.999874 0.0111359 0.0 0.0 0.0 1.0
office/seq-02/color/frame-000170.color.png office/seq-02/color/frame-000171.color.png 0.999893 0.0141819 -0.00368743 -0.0164809 -0.014198 0.99989 -0.00435931 -0.00240508 0.00362521 0.00441121 0.999984 0.00514203 0.0 0.0 0.0 1.0
office/seq-02/color/frame-000171.color.png office/seq-02/color/frame-000172.color.png 0.999889 0.0118436 -0.00904875 0.00435263 -0.0119069 0.999905 -0.00696497 0.00451726 0.00896535 0.00707194 0.999935 -0.00497317 0.0 0.0 0.0 1.0
office/seq-02/color/frame-000172.color.png office/seq-02/color/frame-000173.color.png 0.999971 0.00506537 -0.00577426 -0.00233215 -0.00508719 0.99998 -0.00377549 -0.00135237 0.00575508 0.00380479 0.999976 -0.00725746 0.0 0.0 0.0 1.0
office/seq-02/color/frame-000173.color.png office/seq-02/color/frame-000174.color.png 0.999966 0.00367333 -0.00739389 -0.00144398 -0.00368054 0.999993 -0.000961494 -0.00615472 0.00739022 0.000988619 0.999972 0.00428122 0.0 0.0 0.0 1.0
