chess/seq-06/color/frame-000000.color.png chess/seq-06/color/frame-000003.color.png 0.99999 0.0043109 -0.00142996 0.00426998 -0.00430989 0.99999 0.000712519 0.00118243 0.00143302 -0.000706349 0.999999 0.00926333 0.0 0.0 0.0 1.0
chess/seq-06/color/frame-000001.color.png chess/seq-06/color/frame-000004.color.png 0.999999 4.83793e-05 -0.00172795 0.00256861 -4.3817e-05 0.999996 0.00264026 0.0024715 0.00172807 -0.00264018 0.999995 0.00724766 0.0 0.0 0.0 1.0
chess/seq-06/color/frame-000002.color.png chess/seq-06/color/frame-000005.color.png 0.999991 0.00135567 -0.0039724 0.00336455 -0.00133451 0.999985 0.00532674 2.81086e-05 0.00397956 -0.00532139 0.999978 0.00994196 0.0 0.0 0.0 1.0
chess/seq-06/color/frame-000003.color.png chess/seq-06/color/frame-000006.color.png 0.999987 0.00334494 -0.00382613 0.00668291 -0.00331917 0.999972 0.0067234 -0.00191992 0.00384851 -0.00671061 0.99997 0.0104782 0.0 0.0 0.0 1.0
chess/seq-06/color/frame-000004.color.png chess/seq-06/color/frame-000007.color.png 0.999977 0.00328602 -0.00599715 0.00873674 -0.00325089 0.999978 0.005857 -0.00187359 0.00601627 -0.00583737 0.999965 0.0100739 0.0 0.0 0.0 1.0
chess/seq-06/color/frame-000005.color.png chess/seq-06/color/frame-000008.color.png 0.99998 0.00358916 -0.0051727 0.00805338 -0.00356707 0.999985 0.00427354 0.00157555 0.00518796 -0.00425501 0.999977 0.00676223 0.0 0.0 0.0 1.0
chess/seq-06/color/frame-000006.color.png chess/seq-06/color/frame-000009.color.png 0.999978 0.00536415 -0.00377547 0.0158449 -0.00533375 0.999954 0.00801731 0.000697171 0.0038183 -0.007997 0.999961 0.00739658 0.0 0.0 0.0 1.0
chess/seq-06/color/frame-000007.color.png chess/seq-06/color/frame-000010.color.png 0.999981 0.00545062 0.00287589 -0.000660426 -0.00547613 0.999945 0.00894012 -0.00188958 -0.002827 -0.0089557 0.999956 0.0121437 0.0 0.0 0.0 1.0
chess/seq-06/color/frame-000008.color.png chess/seq-06/color/frame-000011.color.png 1.0 0.000634391 0.0006249 0.00267861 -0.000639656 0.999964 0.00846307 -0.00120282 -0.000619509 -0.00846347 0.999964 0.0155632 0.0 0.0 0.0 1.0
chess/seq-06/color/frame-000009.color.png chess/seq-06/color/frame-000012.color.png 0.999988 -0.00282992 -0.00393181 0.00237657 0.00285724 0.999972 0.00696204 -0.00260581 0.003912 -0.00697319 0.999968 0.0118827 0.0 0.0 0.0 1.0
chess/seq-06/color/frame-000010.color.png chess/seq-06/color/frame-000013.color.png 0.99998 -0.0022599 -0.00586092 0.00791694 0.00232069 0.999943 0.0103847 -0.00372478 0.00583712 -0.0103981 0.999929 0.020166 0.0 0.0 0.0 1.0
chess/seq-06/color/frame-000011.color.png chess/seq-06/color/frame-000014.color.png 0.99999 -0.000986337 -0.00443465 0.00703528 0.00101525 0.999978 0.00652248 -0.00222292 0.00442812 -0.00652692 0.999969 0.0183676 0.0 0.0 0.0 1.0
chess/seq-06/color/frame-000012.color.png chess/seq-06/color/frame-000015.color.png 0.999993 0.000326755 -0.00366404 0.00627443 -0.000308392 0.999987 0.00501028 -0.00447095 0.00366563 -0.00500912 0.999981 0.0259235 0.0 0.0 0.0 1.0
chess/seq-06/color/frame-000013.color.png chess/seq-06/color/frame-000016.color.png 0.999996 0.0016832 -0.00249803 0.00943293 -0.00168549 0.999998 -0.000912943 0.000405263 0.00249649 0.000917144 0.999996 0.0172365 0.0 0.0 0.0 1.0
chess/seq-06/color/frame-000014.color.png chess/seq-06/color/frame-000017.color.png 0.999999 0.000368078 0.000993095 0.00364377 -0.000371209 0.999995 0.00315555 -0.00738984 -0.000991927 -0.00315592 0.999994 0.0259073 0.0 0.0 0.0 1.0
chess/seq-06/color/frame-000015.color.png chess/seq-06/color/frame-000018.color.png 0.999999 -0.000950405 -0.000966153 0.00832518 0.000950463 1.0 6.00392e-05 -0.00284791 0.000966094 -6.09555e-05 1.0 0.0235248 0.0 0.0 0.0 1.0
chess/seq-06/color/frame-000016.color.png chess/seq-06/color/frame-000019.color.png 0.999995 0.000526926 0.00304656 0.00328968 -0.0005332 0.999998 0.00205928 -0.0131888 -0.00304547 -0.00206089 0.999993 0.0316983 0.0 0.0 0.0 1.0
chess/seq-06/color/frame-000017.color.png chess/seq-06/color/frame-000020.color.png 0.999995 0.00178594 0.00243678 0.00693408 -0.00177686 0.999991 -0.00372248 -0.00149212 -0.00244341 0.00371813 0.99999 0.0277966 0.0 0.0 0.0 1.0
chess/seq-06/color/frame-000018.color.png chess/seq-06/color/frame-000021.color.png 0.999986 -0.000405137 0.00535801 -0.00453535 0.000405127 1.0 2.38882e-06 -0.00216674 -0.00535801 -2.23357e-07 0.999986 0.0406445 0.0 0.0 0.0 1.0
chess/seq-06/color/frame-000019.color.png chess/seq-06/color/frame-000022.color.png 0.999996 -0.00274851 -0.000815465 0.0049404 0.0027475 0.999995 -0.00124072 0.00592452 0.000818872 0.00123846 0.999999 0.0400485 0.0 0.0 0.0 1.0
chess/seq-06/color/frame-000020.color.png chess/seq-06/color/frame-000023.color.png 0.999993 -0.00377192 -0.000845724 -0.000552118 0.00377498 0.999986 0.00364908 -0.00426561 0.000831947 -0.00365225 0.999993 0.0385966 0.0 0.0 0.0 1.0
chess/seq-06/color/frame-000021.color.png chess/seq-06/color/frame-000024.color.png 0.999992 -0.0038291 -0.00106241 0.00232973 0.00383474 0.999978 0.00536005 -0.00834484 0.00104186 -0.00536408 0.999985 0.0399803 0.0 0.0 0.0 1.0
chess/seq-06/color/frame-000022.color.png chess/seq-06/color/frame-000025.color.png 0.999991 -0.00408136 -0.000435908 0.00128759 0.00408538 0.999945 0.00965446 -0.0185897 0.000396479 -0.00965615 0.999953 0.040328 0.0 0.0 0.0 1.0
chess/seq-06/color/frame-000023.color.png chess/seq-06/color/frame-000026.color.png 0.999995 1.73326e-05 0.00321335 -0.00290045 -4.45593e-05 0.999964 0.00847286 -0.0331782 -0.00321308 -0.00847295 0.999959 0.0629011 0.0 0.0 0.0 1.0
chess/seq-06/color/frame-000024.color.png chess/seq-06/color/frame-000027.color.png 0.99999 0.0024274 0.0038918 -0.00241201 -0.0024143 0.999991 -0.003367 -0.0200287 -0.00389994 0.00335757 0.999987 0.0607741 0.0 0.0 0.0 1.0
chess/seq-06/color/frame-000025.color.png chess/seq-06/color/frame-000028.color.png 0.999972 0.00443283 0.00600022 -0.01312 -0.00438549 0.999959 -0.00787972 -0.0182609 -0.0060349 0.00785319 0.999951 0.0728632 0.0 0.0 0.0 1.0
chess/seq-06/color/frame-000026.color.png chess/seq-06/color/frame-000029.color.png 0.999995 0.00269515 0.001543 -0.00549347 -0.00268315 0.999967 -0.00772808 -0.00745246 -0.00156378 0.00772389 0.999969 0.0539541 0.0 0.0 0.0 1.0
chess/seq-06/color/frame-000027.color.png chess/seq-06/color/frame-000030.color.png 0.999986 0.00474986 0.00224973 -0.00744681 -0.0047464 0.999988 -0.00154035 -0.0190055 -0.00225702 0.00152965 0.999996 0.0565387 0.0 0.0 0.0 1.0
chess/seq-06/color/frame-000028.color.png chess/seq-06/color/frame-000031.color.png 0.999998 0.0016027 0.000706817 -0.00685422 -0.00159772 0.999974 -0.00699393 -0.00986639 -0.000718008 0.00699279 0.999975 0.0583647 0.0 0.0 0.0 1.0
chess/seq-06/color/frame-000029.color.png chess/seq-06/color/frame-000032.color.png 0.999986 0.00406925 -0.00338269 -0.00439178 -0.00409206 0.999969 -0.00676472 -0.00473695 0.00335506 0.00677847 0.999971 0.0621365 0.0 0.0 0.0 1.0
chess/seq-06/color/frame-000030.color.png chess/seq-06/color/frame-000033.color.png 0.999978 0.00532063 -0.00391815 -0.00823569 -0.00532767 0.999984 -0.00178848 -0.0206764 0.00390857 0.00180932 0.999991 0.0766762 0.0 0.0 0.0 1.0
chess/seq-06/color/frame-000031.color.png chess/seq-06/color/frame-000034.color.png 0.999973 0.00586634 -0.00431401 -0.00510551 -0.00586577 0.999983 0.00014387 -0.015834 0.00431478 -0.000118561 0.999991 0.0630327 0.0 0.0 0.0 1.0
chess/seq-06/color/frame-000032.color.png chess/seq-06/color/frame-000035.color.png 0.999983 0.00275433 -0.00503251 -0.00891067 -0.00275116 0.999996 0.00063708 -0.0160539 0.00503425 -0.000623228 0.999987 0.0603316 0.0 0.0 0.0 1.0
chess/seq-06/color/frame-000033.color.png chess/seq-06/color/frame-000036.color.png 0.999834 0.00427425 -0.0177026 0.00362927 -0.00419038 0.99998 0.00477231 -0.00465173 0.0177226 -0.00469733 0.999832 0.0587464 0.0 0.0 0.0 1.0
chess/seq-06/color/frame-000034.color.png chess/seq-06/color/frame-000037.color.png 0.999753 0.00971156 -0.0199753 0.0134375 -0.00947127 0.999882 0.012089 -0.0178693 0.0200903 -0.0118969 0.999727 0.0573379 0.0 0.0 0.0 1.0
chess/seq-06/color/frame-000035.color.png chess/seq-06/color/frame-000038.color.png 0.999784 0.0154264 -0.0139514 0.00276952 -0.0152333 0.999788 0.0138416 -0.0192858 0.0141619 -0.0136261 0.999807 0.077273 0.0 0.0 0.0 1.0
chess/seq-06/color/frame-000036.color.png chess/seq-06/color/frame-000039.color.png 0.999944 0.00894331 -0.00572138 -0.00152245 -0.0089039 0.999937 0.00687768 -0.00130542 0.00578254 -0.00682635 0.99996 0.0618828 0.0 0.0 0.0 1.0
chess/seq-06/color/frame-000037.color.png chess/seq-06/color/frame-000040.color.png 0.999973 0.00567314 -0.0047392 -0.0134274 -0.00561688 0.999915 0.0118013 -0.0121213 0.00480574 -0.0117744 0.999919 0.0640641 0.0 0.0 0.0 1.0
chess/seq-06/color/frame-000038.color.png chess/seq-06/color/frame-000041.color.png 0.999863 -0.00199213 -0.0164273 0.00276121 0.00216363 0.999943 0.0104285 -0.0115505 0.0164056 -0.0104626 0.999811 0.0550963 0.0 0.0 0.0 1.0
chess/seq-06/color/frame-000039.color.png chess/seq-06/color/frame-000042.color.png 0.999838 0.00270693 -0.0178178 0.00706935 -0.00246518 0.999905 0.0135757 -0.0192068 0.0178528 -0.0135296 0.999749 0.0562656 0.0 0.0 0.0 1.0
chess/seq-06/color/frame-000040.color.png chess/seq-06/color/frame-000043.color.png 0.999838 0.00446758 -0.0174082 0.0114158 -0.00415944 0.999835 0.0176969 -0.0206534 0.0174844 -0.0176216 0.999692 0.067868 0.0 0.0 0.0 1.0
chess/seq-06/color/frame-000041.color.png chess/seq-06/color/frame-000044.color.png 0.999937 0.00614563 -0.00934655 0.00557025 -0.00600767 0.999874 0.0147174 -0.0177164 0.00943582 -0.0146604 0.999848 0.0635845 0.0 0.0 0.0 1.0
chess/seq-06/color/frame-000042.color.png chess/seq-06/color/frame-000045.color.png 0.99997 0.00255496 -0.00727655 -0.00107244 -0.00248153 0.999946 0.0100821 -0.0194225 0.00730192 -0.0100638 0.999923 0.0587612 0.0 0.0 0.0 1.0
chess/seq-06/color/frame-000043.color.png chess/seq-06/color/frame-000046.color.png 0.999932 -3.96682e-05 -0.0117053 0.0103687 6.5606e-05 0.999998 0.00221604 -0.00509962 0.0117052 -0.00221666 0.999929 0.0535226 0.0 0.0 0.0 1.0
chess/seq-06/color/frame-000044.color.png chess/seq-06/color/frame-000047.color.png 0.999923 0.00152566 -0.0123489 0.012544 -0.00146953 0.999988 0.00455414 -0.00827651 0.0123557 -0.00453564 0.999913 0.0529901 0.0 0.0 0.0 1.0
chess/seq-06/color/frame-000045.color.png chess/seq-06/color/frame-000048.color.png 0.99993 0.00216643 -0.0116475 0.0152256 -0.00209553 0.999979 0.00609642 -0.00744338 0.0116604 -0.0060716 0.999914 0.0537446 0.0 0.0 0.0 1.0
chess/seq-06/color/frame-000046.color.png chess/seq-06/color/frame-000049.color.png 0.999941 0.00214918 -0.0106717 0.00679268 -0.00207186 0.999972 0.0072504 -0.0226987 0.010687 -0.00722785 0.999917 0.0604236 0.0 0.0 0.0 1.0
chess/seq-06/color/frame-000047.color.png chess/seq-06/color/frame-000050.color.png 0.999917 -0.00121964 -0.0128133 0.0138868 0.00124348 0.999998 0.00185226 -0.0174703 0.0128111 -0.00186805 0.999916 0.0559517 0.0 0.0 0.0 1.0
chess/seq-06/color/frame-000048.color.png chess/seq-06/color/frame-000051.color.png 0.999927 0.00186778 -0.0119675 0.0132677 -0.00182902 0.999993 0.00324731 -0.0206276 0.0119734 -0.00322517 0.999923 0.0512687 0.0 0.0 0.0 1.0
chess/seq-06/color/frame-000049.color.png chess/seq-06/color/frame-000052.color.png 0.999966 0.00514897 -0.00649705 0.0102188 -0.00512573 0.99998 0.00358938 -0.0244477 0.0065154 -0.00355594 0.999973 0.0566713 0.0 0.0 0.0 1.0
chess/seq-06/color/frame-000050.color.png chess/seq-06/color/frame-000053.color.png 0.999986 0.00238616 -0.00463906 0.00428894 -0.00237972 0.999996 0.00139389 -0.0239832 0.00464237 -0.00138284 0.999988 0.0586748 0.0 0.0 0.0 1.0
chess/seq-06/color/frame-000051.color.png chess/seq-06/color/frame-000054.color.png 0.999964 -0.00401072 -0.00742783 0.00189654 0.00398298 0.999985 -0.00374385 -0.0204513 0.00744273 0.00371412 0.999965 0.062064 0.0 0.0 0.0 1.0
chess/seq-06/color/frame-000052.color.png chess/seq-06/color/frame-000055.color.png 0.999797 -0.00945142 -0.0178091 0.0193417 0.00937647 0.999947 -0.00428755 -0.00537421 0.0178487 0.00411969 0.999832 0.0605543 0.0 0.0 0.0 1.0
chess/seq-06/color/frame-000053.color.png chess/seq-06/color/frame-000056.color.png 0.999848 -0.00238569 -0.017282 0.0177885 0.00246772 0.999986 0.00472619 -0.0201222 0.0172705 -0.00476809 0.99984 0.0630164 0.0 0.0 0.0 1.0
chess/seq-06/color/frame-000054.color.png chess/seq-06/color/frame-000057.color.png 0.999859 -0.000237261 -0.0168114 0.0208419 0.000313344 0.99999 0.00452298 -0.0133177 0.0168102 -0.0045276 0.999848 0.0624171 0.0 0.0 0.0 1.0
chess/seq-06/color/frame-000055.color.png chess/seq-06/color/frame-000058.color.png 0.999956 -0.00232238 -0.00910728 0.00451996 0.00233673 0.999996 0.00156528 -0.00982589 0.00910361 -0.00158648 0.999957 0.0495825 0.0 0.0 0.0 1.0
chess/seq-06/color/frame-000056.color.png chess/seq-06/color/frame-000059.color.png 0.999827 -0.00371847 -0.018209 0.0222078 0.00376917 0.999989 0.00275057 -0.0116623 0.0181986 -0.00281876 0.99983 0.0626868 0.0 0.0 0.0 1.0
chess/seq-06/color/frame-000057.color.png chess/seq-06/color/frame-000060.color.png 0.999829 -0.00125076 -0.0184479 0.0272535 0.00134392 0.999986 0.00503855 -0.0150484 0.0184414 -0.00506248 0.999817 0.0597674 0.0 0.0 0.0 1.0
chess/seq-06/color/frame-000058.color.png chess/seq-06/color/frame-000061.color.png 0.999876 0.0029652 -0.0154705 0.0264309 -0.00287766 0.99998 0.0056777 -0.0136877 0.015487 -0.00563247 0.999864 0.0596762 0.0 0.0 0.0 1.0
chess/seq-06/color/frame-000059.color.png chess/seq-06/color/frame-000062.color.png 0.999951 0.00367561 -0.00920055 0.0148365 -0.00357651 0.999936 0.0107652 -0.0154381 0.00923953 -0.0107318 0.9999 0.0598198 0.0 0.0 0.0 1.0
chess/seq-06/color/frame-000060.color.png chess/seq-06/color/frame-000063.color.png 0.999968 0.00235876 -0.00766549 0.01042 -0.00224803 0.999893 0.014422 -0.0210583 0.00769872 -0.0144043 0.999867 0.0594468 0.0 0.0 0.0 1.0
chess/seq-06/color/frame-000061.color.png chess/seq-06/color/frame-000064.color.png 0.999971 0.00201799 -0.00735606 0.00894253 -0.00189517 0.999859 0.0166662 -0.0223896 0.00738869 -0.0166518 0.999834 0.0576558 0.0 0.0 0.0 1.0
chess/seq-06/color/frame-000062.color.png chess/seq-06/color/frame-000065.color.png 0.999969 0.00602621 -0.00501962 0.0104045 -0.00593231 0.999811 0.0185153 -0.0281995 0.00513025 -0.0184849 0.999816 0.0581898 0.0 0.0 0.0 1.0
chess/seq-06/color/frame-000063.color.png chess/seq-06/color/frame-000066.color.png 0.999964 0.00840767 -0.00131917 -0.00137552 -0.00838275 0.999805 0.0178851 -0.0306453 0.0014693 -0.0178734 0.999839 0.0598695 0.0 0.0 0.0 1.0
chess/seq-06/color/frame-000064.color.png chess/seq-06/color/frame-000067.color.png 0.999974 0.00645004 -0.0031 0.00139022 -0.00640838 0.999892 0.0132635 -0.0239165 0.00318519 -0.0132433 0.999907 0.0597236 0.0 0.0 0.0 1.0
chess/seq-06/color/frame-000065.color.png chess/seq-06/color/frame-000068.color.png 0.999954 0.00164565 -0.00948814 0.00633045 -0.00158912 0.999981 0.00596203 -0.0126313 0.0094978 -0.00594669 0.999937 0.0550156 0.0 0.0 0.0 1.0
chess/seq-06/color/frame-000066.color.png chess/seq-06/color/frame-000069.color.png 0.999947 0.00120003 -0.0102194 0.00509196 -0.00113317 0.999978 0.00654561 -0.0170701 0.0102271 -0.00653368 0.999926 0.053618 0.0 0.0 0.0 1.0
chess/seq-06/color/frame-000067.color.png chess/seq-06/color/frame-000070.color.png 0.999928 -0.00202011 -0.0117936 0.00952375 0.00206705 0.99999 0.00396982 -0.0117868 0.0117854 -0.0039939 0.999923 0.0547665 0.0 0.0 0.0 1.0
chess/seq-06/color/frame-000068.color.png chess/seq-06/color/frame-000071.color.png 0.999977 -0.000325314 -0.00684558 0.00209119 0.000367008 0.999981 0.00609114 -0.0178765 0.00684348 -0.00609349 0.999958 0.0505918 0.0 0.0 0.0 1.0
chess/seq-06/color/frame-000069.color.png chess/seq-06/color/frame-000072.color.png 0.999977 0.00160323 -0.00666903 0.00412744 -0.00157791 0.999992 0.00380109 -0.0112287 0.006675 -0.00379047 0.999971 0.0520908 0.0 0.0 0.0 1.0
chess/seq-06/color/frame-000070.color.png chess/seq-06/color/frame-000073.color.png 0.999978 0.00518938 -0.00421254 0.00150361 -0.00516524 0.99997 0.00571998 -0.0173208 0.0042421 -0.00569809 0.999975 0.0508709 0.0 0.0 0.0 1.0
chess/seq-06/color/frame-000071.color.png chess/seq-06/color/frame-000074.color.png 0.999991 0.00415143 -0.000452398 -0.0019615 -0.00415096 0.999991 0.00101412 -0.00902887 0.000456597 -0.00101223 0.999999 0.0530006 0.0 0.0 0.0 1.0
chess/seq-06/color/frame-000072.color.png chess/seq-06/color/frame-000075.color.png 0.99998 0.0053584 0.00331171 -0.00835689 -0.00537322 0.999976 0.00448255 -0.0231463 -0.00328759 -0.00450024 0.999984 0.0535377 0.0 0.0 0.0 1.0
chess/seq-06/color/frame-000073.color.png chess/seq-06/color/frame-000076.color.png 0.999973 0.00303426 0.00664033 -0.0113944 -0.00302627 0.999995 -0.00121604 -0.0155857 -0.006644 0.00119591 0.999977 0.0526583 0.0 0.0 0.0 1.0
chess/seq-06/color/frame-000074.color.png chess/seq-06/color/frame-000077.color.png 0.999941 -0.00516093 0.0095513 -0.016709 0.00523238 0.999958 -0.0074702 -0.00909898 -0.00951236 0.00751973 0.999926 0.0551964 0.0 0.0 0.0 1.0
chess/seq-06/color/frame-000075.color.png chess/seq-06/color/frame-000078.color.png 0.999903 -0.0109062 0.00870557 -0.00941599 0.010993 0.99989 -0.00999263 0.00152709 -0.00859563 0.0100874 0.999912 0.0538327 0.0 0.0 0.0 1.0
chess/seq-06/color/frame-000076.color.png chess/seq-06/color/frame-000079.color.png 0.999866 -0.00995655 0.0130262 -0.021488 0.0100049 0.999943 -0.00365169 -0.0132834 -0.0129891 0.00378151 0.999909 0.058501 0.0 0.0 0.0 1.0
chess/seq-06/color/frame-000077.color.png chess/seq-06/color/frame-000080.color.png 0.999919 -0.00708792 0.0105841 -0.019488 0.00716539 0.999948 -0.00729957 -0.0132223 -0.0105318 0.00737484 0.999917 0.0560271 0.0 0.0 0.0 1.0
chess/seq-06/color/frame-000078.color.png chess/seq-06/color/frame-000081.color.png 0.999978 -0.00508817 0.00427573 -0.00643592 0.0051512 0.999876 -0.0148616 0.00371888 -0.00419958 0.0148833 0.99988 0.0543375 0.0 0.0 0.0 1.0
chess/seq-06/color/frame-000079.color.png chess/seq-06/color/frame-000082.color.png 0.999998 0.00108708 -0.00179669 0.0106689 -0.00111864 0.999843 -0.017657 0.0167031 0.00177726 0.017659 0.999842 0.0492451 0.0 0.0 0.0 1.0
chess/seq-06/color/frame-000080.color.png chess/seq-06/color/frame-000083.color.png 0.999951 0.00578897 0.00799883 -0.0109478 -0.00571064 0.999936 -0.00978074 0.0149483 -0.00805493 0.0097346 0.99992 0.0514315 0.0 0.0 0.0 1.0
chess/seq-06/color/frame-000081.color.png chess/seq-06/color/frame-000084.color.png 0.999969 0.00279595 0.00735303 -0.015757 -0.00276456 0.999987 -0.00427503 0.00355721 -0.00736487 0.00425456 0.999964 0.0523956 0.0 0.0 0.0 1.0
chess/seq-06/color/frame-000082.color.png chess/seq-06/color/frame-000085.color.png 0.999994 -0.00238831 0.00238924 -0.0121819 0.00239614 0.999992 -0.00328429 -4.87864e-05 -0.00238138 0.00329 0.999992 0.0528654 0.0 0.0 0.0 1.0
chess/seq-06/color/frame-000083.color.png chess/seq-06/color/frame-000086.color.png 0.999959 -0.000180626 -0.00902085 0.00732455 0.000111332 0.999971 -0.00768093 0.00488946 0.00902197 0.0076796 0.99993 0.0482655 0.0 0.0 0.0 1.0
chess/seq-06/color/frame-000084.color.png chess/seq-06/color/frame-000087.color.png 0.999974 0.000585143 -0.00717414 0.00277999 -0.000619253 0.999988 -0.00475397 0.00133201 0.00717128 0.00475828 0.999963 0.0472612 0.0 0.0 0.0 1.0
chess/seq-06/color/frame-000085.color.png chess/seq-06/color/frame-000088.color.png 0.999972 0.00248685 -0.00708443 0.00210308 -0.00249461 0.999996 -0.00108672 -0.00455847 0.00708178 0.00110435 0.999974 0.0486516 0.0 0.0 0.0 1.0
chess/seq-06/color/frame-000086.color.png chess/seq-06/color/frame-000089.color.png 0.999907 0.00953373 -0.00973247 0.0137853 -0.00945018 0.999918 0.00859509 -0.0202481 0.0098136 -0.0085023 0.999916 0.0424989 0.0 0.0 0.0 1.0
chess/seq-06/color/frame-000087.color.png chess/seq-06/color/frame-000090.color.png 0.999885 0.0135172 -0.00688622 0.0066347 -0.0134612 0.999876 0.0081186 -0.0201115 0.00699506 -0.00802497 0.999943 0.0446329 0.0 0.0 0.0 1.0
chess/seq-06/color/frame-000088.color.png chess/seq-06/color/frame-000091.color.png 0.999964 0.00726368 -0.00444789 -0.00196743 -0.00725176 0.99997 0.00268904 -0.00723702 0.00446727 -0.00265666 0.999987 0.0461165 0.0 0.0 0.0 1.0
chess/seq-06/color/frame-000089.color.png chess/seq-06/color/frame-000092.color.png 0.999891 -0.00479398 -0.0139859 0.0120258 0.00482564 0.999986 0.00222994 -0.00470221 0.013975 -0.0022972 0.9999 0.0446392 0.0 0.0 0.0 1.0
chess/seq-06/color/frame-000090.color.png chess/seq-06/color/frame-000093.color.png 0.999808 -0.00028972 -0.0195895 0.0307792 0.000402845 0.999983 0.00577006 -0.0143331 0.0195876 -0.00577686 0.999791 0.0405693 0.0 0.0 0.0 1.0
chess/seq-06/color/frame-000091.color.png chess/seq-06/color/frame-000094.color.png 0.999814 0.0138598 -0.0134271 0.0283935 -0.0137814 0.999888 0.00590881 -0.0229002 0.0135074 -0.00572267 0.999892 0.0496631 0.0 0.0 0.0 1.0
chess/seq-06/color/frame-000092.color.png chess/seq-06/color/frame-000095.color.png 0.999916 0.0129435 0.000486842 0.000112385 -0.0129398 0.999893 -0.00685849 0.00602508 -0.000575546 0.00685162 0.999976 0.0445441 0.0 0.0 0.0 1.0
chess/seq-06/color/frame-000093.color.png chess/seq-06/color/frame-000096.color.png 0.999998 0.00197304 -0.000870222 -0.00394295 -0.00198548 0.999893 -0.0145223 0.0214808 0.000841476 0.014524 0.999894 0.0455568 0.0 0.0 0.0 1.0
chess/seq-06/color/frame-000094.color.png chess/seq-06/color/frame-000097.color.png 0.999885 -0.00510064 -0.0142677 0.0217258 0.0049515 0.999933 -0.0104683 0.0142735 0.0143202 0.0103965 0.999843 0.0385952 0.0 0.0 0.0 1.0
chess/seq-06/color/frame-000095.color.png chess/seq-06/color/frame-000098.color.png 0.999867 0.00128907 -0.0162484 0.0325713 -0.00140533 0.999974 -0.00714618 0.00253335 0.0162387 0.00716806 0.999842 0.0386626 0.0 0.0 0.0 1.0
chess/seq-06/color/frame-000096.color.png chess/seq-06/color/frame-000099.color.png 0.999869 0.00517556 -0.0153107 0.0389232 -0.00527269 0.999966 -0.00631009 -0.00386119 0.0152775 0.00639 0.999863 0.0470078 0.0 0.0 0.0 1.0
chess/seq-06/color/frame-000097.color.png chess/seq-06/color/frame-000100.color.png 0.999977 0.00193421 -0.00647153 0.0163713 -0.00201115 0.999927 -0.011906 0.0140686 0.00644803 0.0119188 0.999908 0.0395751 0.0 0.0 0.0 1.0
chess/seq-06/color/frame-000098.color.png chess/seq-06/color/frame-000101.color.png 0.999961 0.000490571 -0.00881747 0.0229436 -0.000542718 0.999982 -0.00591137 0.00402468 0.00881444 0.00591592 0.999944 0.0375528 0.0 0.0 0.0 1.0
chess/seq-06/color/frame-000099.color.png chess/seq-06/color/frame-000102.color.png 0.999983 0.00319201 -0.00491405 0.0155571 -0.00318698 0.999994 0.00102814 -0.00744224 0.00491725 -0.00101247 0.999987 0.039129 0.0 0.0 0.0 1.0
chess/seq-06/color/frame-000100.color.png chess/seq-06/color/frame-000103.color.png 0.999976 0.00678438 -0.00151299 0.0138492 -0.0067771 0.999966 0.00476269 -0.0204894 0.00154523 -0.00475233 0.999988 0.0416356 0.0 0.0 0.0 1.0
chess/seq-06/color/frame-000101.color.png chess/seq-06/color/frame-000104.color.png 0.999982 0.00457178 0.00386814 -8.01608e-05 -0.00456783 0.999989 -0.00102726 -0.00704685 -0.00387279 0.00100959 0.999992 0.0442595 0.0 0.0 0.0 1.0
chess/seq-06/color/frame-000102.color.png chess/seq-06/color/frame-000105.color.png 0.999995 0.00313844 -4.20496e-05 0.00982878 -0.00313873 0.999931 -0.0113591 0.0166979 6.41427e-06 0.0113592 0.999936 0.0437502 0.0 0.0 0.0 1.0
chess/seq-06/color/frame-000103.color.png chess/seq-06/color/frame-000106.color.png 0.999993 0.00224046 -0.00310329 0.0145327 -0.00227062 0.99995 -0.00974736 0.0139425 0.00308131 0.00975435 0.999948 0.0434371 0.0 0.0 0.0 1.0
chess/seq-06/color/frame-000104.color.png chess/seq-06/color/frame-000107.color.png 0.999929 0.0110635 -0.0044234 0.0220401 -0.011072 0.999937 -0.00190284 -0.00583413 0.00440207 0.00195165 0.999988 0.0503778 0.0 0.0 0.0 1.0
chess/seq-06/color/frame-000105.color.png chess/seq-06/color/frame-000108.color.png 0.999963 0.00858152 -0.000796948 0.00834627 -0.00858166 0.999963 -0.000193658 -0.00514317 0.000795264 0.000200468 1.0 0.0449229 0.0 0.0 0.0 1.0
chess/seq-06/color/frame-000106.color.png chess/seq-06/color/frame-000109.color.png 0.99997 0.0049204 -0.00588312 0.0209731 -0.00494874 0.999976 -0.00481078 0.00590751 0.00585931 0.00483974 0.999971 0.0451903 0.0 0.0 0.0 1.0
chess/seq-06/color/frame-000107.color.png chess/seq-06/color/frame-000110.color.png 0.999965 -0.00105483 -0.00833932 0.0171345 0.000957084 0.999931 -0.0117185 0.0230831 0.0083511 0.0117101 0.999897 0.0374939 0.0 0.0 0.0 1.0
chess/seq-06/color/frame-000108.color.png chess/seq-06/color/frame-000111.color.png 0.999837 0.0108294 -0.0144285 0.0331123 -0.011035 0.999838 -0.0142456 0.0198409 0.0142719 0.0144025 0.999794 0.0482874 0.0 0.0 0.0 1.0
chess/seq-06/color/frame-000109.color.png chess/seq-06/color/frame-000112.color.png 0.999809 0.0149118 -0.012666 0.0268766 -0.015063 0.999815 -0.0119289 0.0125824 0.0124858 0.0121174 0.999849 0.0461314 0.0 0.0 0.0 1.0
chess/seq-06/color/frame-000110.color.png chess/seq-06/color/frame-000113.color.png 0.999783 0.0138512 -0.0155883 0.0339579 -0.014029 0.999837 -0.0113576 0.0124365 0.0154284 0.0115738 0.999814 0.0432713 0.0 0.0 0.0 1.0
chess/seq-06/color/frame-000111.color.png chess/seq-06/color/frame-000114.color.png 0.999718 0.00669386 -0.0227825 0.0456644 -0.0067016 0.999978 -0.000263974 -0.00268289 0.0227802 0.00041658 0.99974 0.036801 0.0 0.0 0.0 1.0
chess/seq-06/color/frame-000112.color.png chess/seq-06/color/frame-000115.color.png 0.999723 0.00645731 -0.0226574 0.0421424 -0.00638035 0.999974 0.00346679 -0.00878841 0.0226792 -0.00332126 0.999737 0.0392668 0.0 0.0 0.0 1.0
chess/seq-06/color/frame-000113.color.png chess/seq-06/color/frame-000116.color.png 0.999563 0.0104323 -0.0276488 0.0543799 -0.0102834 0.999932 0.00552189 -0.0152155 0.0277045 -0.00523516 0.999603 0.048499 0.0 0.0 0.0 1.0
chess/seq-06/color/frame-000114.color.png chess/seq-06/color/frame-000117.color.png 0.999742 0.00528472 -0.0221149 0.0446193 -0.00514656 0.999967 0.00629932 -0.020534 0.0221474 -0.00618388 0.999736 0.039791 0.0 0.0 0.0 1.0
chess/seq-06/color/frame-000115.color.png chess/seq-06/color/frame-000118.color.png 0.999804 0.00367735 -0.0194774 0.038411 -0.00349222 0.999949 0.00952915 -0.0235435 0.0195115 -0.00945928 0.999765 0.0355988 0.0 0.0 0.0 1.0
chess/seq-06/color/frame-000116.color.png chess/seq-06/color/frame-000119.color.png 0.999865 0.00165075 -0.0163371 0.0366398 -0.00142366 0.999902 0.0139015 -0.0338607 0.0163585 -0.0138764 0.99977 0.0236441 0.0 0.0 0.0 1.0
chess/seq-06/color/frame-000117.color.png chess/seq-06/color/frame-000120.color.png 0.999944 -0.00083201 -0.0105896 0.0168048 0.000954025 0.999933 0.0115236 -0.0201536 0.0105793 -0.011533 0.999878 0.034548 0.0 0.0 0.0 1.0
chess/seq-06/color/frame-000118.color.png chess/seq-06/color/frame-000121.color.png 0.99994 -0.00156973 -0.0107892 0.0167311 0.00164786 0.999972 0.00723917 -0.0134516 0.0107776 -0.00725651 0.999916 0.0366153 0.0 0.0 0.0 1.0
chess/seq-06/color/frame-000119.color.png chess/seq-06/color/frame-000122.color.png 0.999899 -0.00307867 -0.0138418 0.0277277 0.00315478 0.99998 0.00547959 -0.00760117 0.0138246 -0.0055227 0.999889 0.0338827 0.0 0.0 0.0 1.0
chess/seq-06/color/frame-000120.color.png chess/seq-06/color/frame-000123.color.png 0.999942 0.00754994 -0.00769877 0.0145952 -0.00746726 0.999915 0.0107098 -0.0221662 0.00777899 -0.0106517 0.999913 0.0299945 0.0 0.0 0.0 1.0
chess/seq-06/color/frame-000121.color.png chess/seq-06/color/frame-000124.color.png 0.999949 0.00954849 -0.00332859 0.00731193 -0.0095067 0.999878 0.0123557 -0.0254212 0.00344616 -0.0123234 0.999918 0.0302234 0.0 0.0 0.0 1.0
chess/seq-06/color/frame-000122.color.png chess/seq-06/color/frame-000125.color.png 0.999974 0.0070704 0.00119926 -0.00522671 -0.00708501 0.999895 0.0126482 -0.0270177 -0.00110979 -0.0126563 0.999919 0.0321544 0.0 0.0 0.0 1.0
chess/seq-06/color/frame-000123.color.png chess/seq-06/color/frame-000126.color.png 0.999985 -0.00555155 -0.0004239 -0.00094771 0.00555258 0.999982 0.00247838 -0.002657 0.000410048 -0.00248068 0.999997 0.0236554 0.0 0.0 0.0 1.0
chess/seq-06/color/frame-000124.color.png chess/seq-06/color/frame-000127.color.png 0.999993 -0.00240602 -0.00273805 0.00876726 0.00242733 0.999967 0.00781174 -0.0136203 0.00271913 -0.00781833 0.999966 0.0294404 0.0 0.0 0.0 1.0
chess/seq-06/color/frame-000125.color.png chess/seq-06/color/frame-000128.color.png 0.999991 0.00422486 0.000831551 -0.000743713 -0.0042316 0.999957 0.0082569 -0.0192528 -0.000796631 -0.00826034 0.999966 0.0296159 0.0 0.0 0.0 1.0
chess/seq-06/color/frame-000126.color.png chess/seq-06/color/frame-000129.color.png 0.999966 0.00744271 0.00356179 -0.0069342 -0.00745608 0.999965 0.00375565 -0.00753856 -0.0035337 -0.0037821 0.999987 0.0333362 0.0 0.0 0.0 1.0
chess/seq-06/color/frame-000127.color.png chess/seq-06/color/frame-000130.color.png 0.999985 0.000734187 0.0055011 -0.0122384 -0.000711059 0.999991 -0.00420798 0.00738704 -0.00550415 0.00420402 0.999976 0.0334574 0.0 0.0 0.0 1.0
chess/seq-06/color/frame-000128.color.png chess/seq-06/color/frame-000131.color.png 0.999988 -0.00475175 0.000897449 -0.00249455 0.00475886 0.999956 -0.00808182 0.0168236 -0.000859011 0.008086 0.999967 0.0337065 0.0 0.0 0.0 1.0
chess/seq-06/color/frame-000129.color.png chess/seq-06/color/frame-000132.color.png 0.999996 0.0026287 -0.000746598 0.00166944 -0.00263169 0.999988 -0.00404246 0.000376821 0.000735936 0.00404444 0.999992 0.0314615 0.0 0.0 0.0 1.0
chess/seq-06/color/frame-000130.color.png chess/seq-06/color/frame-000133.color.png 0.999979 0.00622205 0.00171792 -0.00585807 -0.00621534 0.999973 -0.00387105 0.00234324 -0.00174195 0.00386026 0.999991 0.0256166 0.0 0.0 0.0 1.0
chess/seq-06/color/frame-000131.color.png chess/seq-06/color/frame-000134.color.png 0.999991 0.00416459 -0.00016159 0.0014951 -0.00416479 0.999991 -0.00123871 -0.00314084 0.000156443 0.00123937 0.999999 0.0333287 0.0 0.0 0.0 1.0
chess/seq-06/color/frame-000132.color.png chess/seq-06/color/frame-000135.color.png 0.999991 -0.00288885 -0.00322818 0.00652694 0.00290336 0.999986 0.00450307 -0.0129291 0.00321516 -0.0045124 0.999985 0.032863 0.0 0.0 0.0 1.0
chess/seq-06/color/frame-000133.color.png chess/seq-06/color/frame-000136.color.png 0.999978 -0.00531791 -0.00401213 0.00246944 0.00533717 0.999974 0.00480642 -0.0117508 0.00398653 -0.00482772 0.99998 0.0333796 0.0 0.0 0.0 1.0
chess/seq-06/color/frame-000134.color.png chess/seq-06/color/frame-000137.color.png 0.999993 -0.000944348 -0.00348556 0.00155205 0.000952297 0.999997 0.00227998 -0.00581923 0.00348343 -0.00228329 0.999991 0.0263256 0.0 0.0 0.0 1.0
chess/seq-06/color/frame-000135.color.png chess/seq-06/color/frame-000138.color.png 0.999994 -0.00197426 -0.00273184 0.00106777 0.00198233 0.999994 0.00295715 -0.0120217 0.00272597 -0.00296254 0.999992 0.0344334 0.0 0.0 0.0 1.0
chess/seq-06/color/frame-000136.color.png chess/seq-06/color/frame-000139.color.png 0.999999 0.00143926 0.000476147 -0.00417577 -0.0014405 0.999996 0.00259783 -0.00973338 -0.000472452 -0.00259851 0.999997 0.0352716 0.0 0.0 0.0 1.0
chess/seq-06/color/frame-000137.color.png chess/seq-06/color/frame-000140.color.png 0.999987 0.000260655 0.00509803 -0.0123293 -0.000280771 0.999992 0.00394794 -0.0136181 -0.00509698 -0.00394933 0.999979 0.0354543 0.0 0.0 0.0 1.0
chess/seq-06/color/frame-000138.color.png chess/seq-06/color/frame-000141.color.png 0.999967 0.00247244 0.00777737 -0.0162233 -0.00247352 0.999997 0.000130999 -0.00201419 -0.00777704 -0.000150241 0.99997 0.0274427 0.0 0.0 0.0 1.0
chess/seq-06/color/frame-000139.color.png chess/seq-06/color/frame-000142.color.png 0.999966 0.00141524 0.00811821 -0.0153372 -0.00143446 0.999996 0.00236048 -0.0099363 -0.00811483 -0.00237204 0.999964 0.0347171 0.0 0.0 0.0 1.0
chess/seq-06/color/frame-000140.color.png chess/seq-06/color/frame-000143.color.png 0.999936 0.00254744 0.0109826 -0.0254351 -0.0026053 0.999983 0.0052557 -0.0191093 -0.010969 -0.00528398 0.999926 0.0330296 0.0 0.0 0.0 1.0
chess/seq-06/color/frame-000141.color.png chess/seq-06/color/frame-000144.color.png 0.999979 -0.00102842 0.00644 -0.0135346 0.00101103 0.999996 0.00270066 -0.0104289 -0.00644278 -0.00269411 0.999976 0.0332162 0.0 0.0 0.0 1.0
chess/seq-06/color/frame-000142.color.png chess/seq-06/color/frame-000145.color.png 0.99998 -0.00634917 -0.000420281 0.0023883 0.00634881 0.99998 -0.000887089 0.000703812 0.000425876 0.000884397 1.0 0.0240078 0.0 0.0 0.0 1.0
chess/seq-06/color/frame-000143.color.png chess/seq-06/color/frame-000146.color.png 0.999959 -0.00799713 -0.00420654 0.00795191 0.00800643 0.999965 0.00220023 -0.00625819 0.00418879 -0.00223381 0.999989 0.0234609 0.0 0.0 0.0 1.0
chess/seq-06/color/frame-000144.color.png chess/seq-06/color/frame-000147.color.png 0.999986 -0.0010628 -0.00516269 0.00737081 0.00111174 0.999954 0.00948594 -0.0227723 0.00515235 -0.00949156 0.999942 0.0292239 0.0 0.0 0.0 1.0
chess/seq-06/color/frame-000145.color.png chess/seq-06/color/frame-000148.color.png 0.99997 0.00467855 -0.00610221 0.0159217 -0.00459809 0.999903 0.013134 -0.0334191 0.00616308 -0.0131055 0.999895 0.0300171 0.0 0.0 0.0 1.0
chess/seq-06/color/frame-000146.color.png chess/seq-06/color/frame-000149.color.png 0.999954 0.00955875 0.00116191 -0.00424857 -0.00956666 0.99993 0.00702314 -0.0115705 -0.00109471 -0.00703395 0.999975 0.0307171 0.0 0.0 0.0 1.0
chess/seq-06/color/frame-000147.color.png chess/seq-06/color/frame-000150.color.png 0.999974 0.00644136 0.00338544 -0.0073159 -0.00645336 0.999973 0.00354988 -0.0055311 -0.00336245 -0.00357162 0.999988 0.0220783 0.0 0.0 0.0 1.0
chess/seq-06/color/frame-000148.color.png chess/seq-06/color/frame-000151.color.png 0.999999 -0.00101187 8.57913e-06 -0.00135093 0.00101184 0.999999 0.0013322 0.00153553 -9.95566e-06 -0.00133221 0.999999 0.0215087 0.0 0.0 0.0 1.0
chess/seq-06/color/frame-000149.color.png chess/seq-06/color/frame-000152.color.png 0.99997 4.02852e-05 -0.00773406 0.01496 -1.07966e-05 0.999993 0.00381184 -0.00859812 0.00773417 -0.00381163 0.999963 0.0252726 0.0 0.0 0.0 1.0
chess/seq-06/color/frame-000150.color.png chess/seq-06/color/frame-000153.color.png 0.999959 0.00315028 -0.00844715 0.0161814 -0.00314088 0.999994 0.00112818 -1.48714e-05 0.00845063 -0.00110158 0.999964 0.0264673 0.0 0.0 0.0 1.0
chess/seq-06/color/frame-000151.color.png chess/seq-06/color/frame-000154.color.png 0.999958 0.00701005 -0.00592589 0.0106629 -0.00699098 0.99997 0.0032315 -0.00680521 0.00594837 -0.00318995 0.999977 0.024606 0.0 0.0 0.0 1.0
chess/seq-06/color/frame-000152.color.png chess/seq-06/color/frame-000155.color.png 0.999996 0.00161489 -0.00214529 0.00301414 -0.0016056 0.999989 0.00431628 -0.00751787 0.00215223 -0.00431283 0.999988 0.0157146 0.0 0.0 0.0 1.0
chess/seq-06/color/frame-000153.color.png chess/seq-06/color/frame-000156.color.png 0.999992 0.00137651 -0.0037894 0.00779726 -0.00135245 0.999979 0.00634756 -0.0130461 0.00379807 -0.00634241 0.999973 0.0144007 0.0 0.0 0.0 1.0
chess/seq-06/color/frame-000154.color.png chess/seq-06/color/frame-000157.color.png 0.999996 0.00201611 -0.00188963 0.00339107 -0.002003 0.999974 0.00692077 -0.0150458 0.00190351 -0.00691693 0.999974 0.0120091 0.0 0.0 0.0 1.0
chess/seq-06/color/frame-000155.color.png chess/seq-06/color/frame-000158.color.png 0.999999 0.000976541 -0.00144237 0.00156921 -0.000971083 0.999992 0.00378225 -0.00715643 0.00144614 -0.00378088 0.999992 0.0169775 0.0 0.0 0.0 1.0
chess/seq-06/color/frame-000156.color.png chess/seq-06/color/frame-000159.color.png 0.999997 0.00161992 -0.0018344 0.00470476 -0.00160684 0.999973 0.00712167 -0.0193528 0.00184584 -0.00711868 0.999973 0.011673 0.0 0.0 0.0 1.0
chess/seq-06/color/frame-000157.color.png chess/seq-06/color/frame-000160.color.png 0.999992 0.00403492 0.000150888 -0.000286089 -0.00403577 0.999973 0.00617313 -0.0140383 -0.000125883 -0.00617371 0.999981 0.0115366 0.0 0.0 0.0 1.0
chess/seq-06/color/frame-000158.color.png chess/seq-06/color/frame-000161.color.png 0.999989 0.00416357 0.00193942 -0.00282936 -0.00417934 0.999958 0.0081831 -0.0168 -0.0019053 -0.00819112 0.999965 0.00635695 0.0 0.0 0.0 1.0
chess/seq-06/color/frame-000159.color.png chess/seq-06/color/frame-000162.color.png 0.999991 0.00368197 0.00213634 -0.00301383 -0.00370021 0.999956 0.00861395 -0.0171832 -0.00210458 -0.00862176 0.999961 0.00491023 0.0 0.0 0.0 1.0
chess/seq-06/color/frame-000160.color.png chess/seq-06/color/frame-000163.color.png 0.999994 0.00198322 0.0028167 -0.00479347 -0.00200843 0.999958 0.00897146 -0.0179744 -0.00279883 -0.00897708 0.999956 0.00644898 0.0 0.0 0.0 1.0
chess/seq-06/color/frame-000161.color.png chess/seq-06/color/frame-000164.color.png 0.999997 0.00175637 0.00147184 0.000671273 -0.00176999 0.999955 0.00931332 -0.0198209 -0.00145547 -0.00931588 0.999956 0.00415635 0.0 0.0 0.0 1.0
chess/seq-06/color/frame-000162.color.png chess/seq-06/color/frame-000165.color.png 0.999994 -0.00312142 -0.00162416 0.00925681 0.00313572 0.999956 0.00889493 -0.0172188 0.00159636 -0.00890001 0.999959 0.00491691 0.0 0.0 0.0 1.0
chess/seq-06/color/frame-000163.color.png chess/seq-06/color/frame-000166.color.png 0.999993 -0.000414519 -0.00362787 0.015752 0.000451291 0.999949 0.0101363 -0.0235651 0.00362354 -0.0101379 0.999942 -8.51154e-05 0.0 0.0 0.0 1.0
chess/seq-06/color/frame-000164.color.png chess/seq-06/color/frame-000167.color.png 0.999999 -0.000482274 -0.00157709 0.00655059 0.000496817 0.999957 0.00922135 -0.0196396 0.00157255 -0.00922209 0.999956 0.00258994 0.0 0.0 0.0 1.0
chess/seq-06/color/frame-000165.color.png chess/seq-06/color/frame-000168.color.png 0.999995 0.00124528 -0.00308352 0.0111014 -0.00122135 0.999969 0.00774967 -0.0159188 0.00309315 -0.00774588 0.999965 -0.00242043 0.0 0.0 0.0 1.0
chess/seq-06/color/frame-000166.color.png chess/seq-06/color/frame-000169.color.png 0.999975 -0.0016081 -0.00681977 0.0199508 0.00163883 0.999988 0.00449917 -0.0062831 0.00681242 -0.00451024 0.999967 -0.00325298 0.0 0.0 0.0 1.0
chess/seq-06/color/frame-000167.color.png chess/seq-06/color/frame-000170.color.png 0.999961 -0.00149931 -0.00871206 0.0255517 0.00154443 0.999985 0.00517526 -0.0102154 0.00870425 -0.00518856 0.999949 -0.00524044 0.0 0.0 0.0 1.0
chess/seq-06/color/frame-000168.color.png chess/seq-06/color/frame-000171.color.png 0.999875 -0.000249949 -0.0158152 0.0475618 0.000357799 0.999977 0.00681544 -0.0137415 0.0158132 -0.00682023 0.999852 -0.0129402 0.0 0.0 0.0 1.0
chess/seq-06/color/frame-000169.color.png chess/seq-06/color/frame-000172.color.png 0.999897 0.007708 -0.012085 0.0401273 -0.00761776 0.999943 0.00749724 -0.0173843 0.0121421 -0.00740442 0.999899 -0.0149274 0.0 0.0 0.0 1.0
chess/seq-06/color/frame-000170.color.png chess/seq-06/color/frame-000173.color.png 0.999873 0.0129135 -0.00934781 0.0378069 -0.0128411 0.999887 0.00776237 -0.0182119 0.00944701 -0.00764128 0.999926 -0.0175207 0.0 0.0 0.0 1.0
chess/seq-06/color/frame-000171.color.png chess/seq-06/color/frame-000174.color.png 0.999872 0.0155091 -0.00379383 0.0257708 -0.0154814 0.999854 0.00723827 -0.0171912 0.00390557 -0.00717862 0.999967 -0.0166345 0.0 0.0 0.0 1.0
chess/seq-06/color/frame-000172.color.png chess/seq-06/color/frame-000175.color.png 0.999779 0.0131406 -0.0164038 0.0645043 -0.0129538 0.999851 0.0114423 -0.0273503 0.0165516 -0.0112273 0.9998 -0.0275135 0.0 0.0 0.0 1.0
chess/seq-06/color/frame-000173.color.png chess/seq-06/color/frame-000176.color.png 0.999763 0.00965917 -0.0195028 0.0684882 -0.00942156 0.999881 0.0122381 -0.0259854 0.0196186 -0.0120514 0.999735 -0.0319657 0.0 0.0 0.0 1.0
chess/seq-06/color/frame-000174.color.png chess/seq-06/color/frame-000177.color.png 0.999689 0.0137562 -0.0208301 0.0722777 -0.013513 0.999839 0.0117709 -0.0262161 0.0209887 -0.0114857 0.999714 -0.0313783 0.0 0.0 0.0 1.0
chess/seq-06/color/frame-000175.color.png chess/seq-06/color/frame-000178.color.png 0.999825 0.0124779 -0.013963 0.0558834 -0.0123531 0.999883 0.00898361 -0.0193223 0.0140735 -0.00880957 0.999862 -0.0255353 0.0 0.0 0.0 1.0
