chess/seq-06/color/frame-000000.color.png chess/seq-06/color/frame-000002.color.png 0.999984 0.00553198 -0.00134351 0.00640938 -0.00552984 0.999983 0.00159046 -0.000592143 0.00135228 -0.00158301 0.999998 0.00552384 0.0 0.0 0.0 1.0
chess/seq-06/color/frame-000001.color.png chess/seq-06/color/frame-000003.color.png 1.0 0.000554069 0.000262287 6.66333e-05 -0.00055438 0.999999 0.00118494 -4.90498e-05 -0.00026163 -0.00118508 0.999999 0.00547433 0.0 0.0 0.0 1.0
chess/seq-06/color/frame-000002.color.png chess/seq-06/color/frame-000004.color.png 0.999995 -0.00194161 -0.00252571 0.00152273 0.00194355 0.999998 0.00076598 0.00390498 0.00252422 -0.000770886 0.999996 0.00349706 0.0 0.0 0.0 1.0
chess/seq-06/color/frame-000003.color.png chess/seq-06/color/frame-000005.color.png 0.999991 0.0024189 -0.00360174 0.00550249 -0.00239456 0.999974 0.00674655 -0.00302832 0.00361797 -0.00673786 0.999971 0.00808578 0.0 0.0 0.0 1.0
chess/seq-06/color/frame-000004.color.png chess/seq-06/color/frame-000006.color.png 0.999991 0.00394901 -0.0013465 0.00280322 -0.00394226 0.99998 0.00497719 -0.00381094 0.00136613 -0.00497184 0.999987 0.0107144 0.0 0.0 0.0 1.0
chess/seq-06/color/frame-000005.color.png chess/seq-06/color/frame-000007.color.png 0.99999 0.000376122 -0.00440513 0.0059235 -0.00037464 1.0 0.000337398 0.00432506 0.00440526 -0.000335744 0.99999 0.00367713 0.0 0.0 0.0 1.0
chess/seq-06/color/frame-000006.color.png chess/seq-06/color/frame-000008.color.png 0.999972 0.00216432 -0.00716109 0.0138539 -0.00213017 0.999986 0.00477257 -0.00127968 0.00717132 -0.00475718 0.999963 0.0019032 0.0 0.0 0.0 1.0
chess/seq-06/color/frame-000007.color.png chess/seq-06/color/frame-000009.color.png 0.999974 0.00633401 0.00333214 0.00162641 -0.00635792 0.999954 0.00721705 -0.000898359 -0.00328627 -0.00723806 0.999968 0.0088195 0.0 0.0 0.0 1.0
chess/seq-06/color/frame-000008.color.png chess/seq-06/color/frame-000010.color.png 0.999992 0.0024439 0.00324114 -0.00134484 -0.00245981 0.999985 0.00491326 0.00137277 -0.00322908 -0.00492119 0.999983 0.0091306 0.0 0.0 0.0 1.0
chess/seq-06/color/frame-000009.color.png chess/seq-06/color/frame-000011.color.png 0.999989 -0.00252273 -0.00387584 0.00428121 0.00254479 0.999981 0.00569701 -0.00521324 0.00386139 -0.00570681 0.999976 0.00756715 0.0 0.0 0.0 1.0
chess/seq-06/color/frame-000010.color.png chess/seq-06/color/frame-000012.color.png 0.99999 -0.00193211 -0.00395097 0.0063451 0.00195288 0.999984 0.00525703 -0.00213598 0.00394075 -0.0052647 0.999978 0.00840469 0.0 0.0 0.0 1.0
chess/seq-06/color/frame-000011.color.png chess/seq-06/color/frame-000013.color.png 0.999997 -0.000754314 -0.00226862 0.000406548 0.000768817 0.999979 0.00639854 0.000532233 0.00226375 -0.00640027 0.999977 0.0159585 0.0 0.0 0.0 1.0
chess/seq-06/color/frame-000012.color.png chess/seq-06/color/frame-000014.color.png 0.999993 -0.000776506 -0.00359895 0.00572428 0.000794659 0.999987 0.00504522 -0.00348758 0.00359499 -0.00504804 0.999981 0.0166014 0.0 0.0 0.0 1.0
chess/seq-06/color/frame-000013.color.png chess/seq-06/color/frame-000015.color.png 0.999992 0.000565334 -0.00401925 0.0118018 -0.000566755 1.0 -0.000352459 -0.00219751 0.00401905 0.000354736 0.999992 0.00993074 0.0 0.0 0.0 1.0
chess/seq-06/color/frame-000014.color.png chess/seq-06/color/frame-000016.color.png 0.999997 0.00191686 -0.00125362 0.00639747 -0.00191553 0.999998 0.00106289 -0.00409273 0.00125565 -0.00106048 0.999999 0.0126018 0.0 0.0 0.0 1.0
chess/seq-06/color/frame-000015.color.png chess/seq-06/color/frame-000017.color.png 0.999997 -0.000721764 0.00244317 -0.000466056 0.000713898 0.999995 0.00321808 -0.00627997 -0.00244548 -0.00321632 0.999992 0.0188422 0.0 0.0 0.0 1.0
chess/seq-06/color/frame-000016.color.png chess/seq-06/color/frame-000018.color.png 0.999998 -0.0019954 0.000226209 0.00215905 0.00199552 0.999998 -0.000532816 -0.00115476 -0.000225146 0.000533267 1.0 0.0192319 0.0 0.0 0.0 1.0
chess/seq-06/color/frame-000017.color.png chess/seq-06/color/frame-000019.color.png 0.999995 0.0025429 0.00161048 0.00339094 -0.00253989 0.999995 -0.00186988 -0.00363924 -0.00161523 0.00186578 0.999997 0.020893 0.0 0.0 0.0 1.0
chess/seq-06/color/frame-000018.color.png chess/seq-06/color/frame-000020.color.png 0.999985 0.00243096 0.00497244 0.000277214 -0.00241759 0.999993 -0.00269333 0.0017086 -0.00497896 0.00268126 0.999984 0.0227913 0.0 0.0 0.0 1.0
chess/seq-06/color/frame-000019.color.png chess/seq-06/color/frame-000021.color.png 0.999994 -0.00326956 0.000627677 0.000549171 0.00326938 0.999995 0.000298564 0.000134356 -0.000628652 -0.000296509 1.0 0.0247013 0.0 0.0 0.0 1.0
chess/seq-06/color/frame-000020.color.png chess/seq-06/color/frame-000022.color.png 0.999996 -0.00257368 -0.00128163 -0.000766478 0.00257731 0.999993 0.00284036 -0.00361674 0.00127432 -0.00284365 0.999995 0.0267005 0.0 0.0 0.0 1.0
chess/seq-06/color/frame-000021.color.png chess/seq-06/color/frame-000023.color.png 1.0 -0.000833147 6.62596e-05 0.000538845 0.000833064 0.999999 0.00123988 -0.00126932 -6.72914e-05 -0.00123983 0.999999 0.0207137 0.0 0.0 0.0 1.0
chess/seq-06/color/frame-000022.color.png chess/seq-06/color/frame-000024.color.png 0.999992 -0.00402211 0.000591747 -0.00148042 0.00401917 0.99998 0.0048886 -0.00747577 -0.000611399 -0.00488619 0.999988 0.0320093 0.0 0.0 0.0 1.0
chess/seq-06/color/frame-000023.color.png chess/seq-06/color/frame-000025.color.png 0.999995 -0.0027456 -0.00168577 0.00433723 0.00275742 0.999971 0.00705039 -0.0125489 0.00166636 -0.007055 0.999974 0.0338458 0.0 0.0 0.0 1.0
chess/seq-06/color/frame-000024.color.png chess/seq-06/color/frame-000026.color.png 0.999981 0.00360983 0.00495782 -0.00723552 -0.00363608 0.999979 0.00529567 -0.0293702 -0.0049386 -0.0053136 0.999974 0.0430944 0.0 0.0 0.0 1.0
chess/seq-06/color/frame-000025.color.png chess/seq-06/color/frame-000027.color.png 0.999981 0.00218459 0.00579342 -0.00847389 -0.00214676 0.999976 -0.00652793 -0.0123352 -0.00580754 0.00651536 0.999962 0.045038 0.0 0.0 0.0 1.0
chess/seq-06/color/frame-000026.color.png chess/seq-06/color/frame-000028.color.png 0.999999 0.00168921 -0.000237319 -0.00141789 -0.00169109 0.999965 -0.00816363 -0.000885919 0.00022352 0.00816401 0.999967 0.0379768 0.0 0.0 0.0 1.0
chess/seq-06/color/frame-000027.color.png chess/seq-06/color/frame-000029.color.png 0.999991 0.00400334 0.00144697 -0.00622213 -0.00400294 0.999992 -0.000279714 -0.0139657 -0.00144807 0.00027392 0.999999 0.0406811 0.0 0.0 0.0 1.0
chess/seq-06/color/frame-000028.color.png chess/seq-06/color/frame-000030.color.png 0.999994 0.00220352 0.00282769 -0.00618351 -0.00220553 0.999997 0.000706833 -0.0153914 -0.00282612 -0.000713061 0.999996 0.0306845 0.0 0.0 0.0 1.0
chess/seq-06/color/frame-000029.color.png chess/seq-06/color/frame-000031.color.png 1.0 0.000483984 1.04099e-05 -0.00758222 -0.000483897 0.999975 -0.00706907 -0.00474259 -1.38307e-05 0.00706906 0.999975 0.0444358 0.0 0.0 0.0 1.0
chess/seq-06/color/frame-000030.color.png chess/seq-06/color/frame-000032.color.png 0.99998 0.00263637 -0.00567076 0.00140843 -0.00267128 0.999978 -0.00615825 0.00155276 0.0056544 0.00617328 0.999965 0.048234 0.0 0.0 0.0 1.0
chess/seq-06/color/frame-000031.color.png chess/seq-06/color/frame-000033.color.png 0.99998 0.00538436 -0.00333154 -0.0010331 -0.00537168 0.999978 0.00380291 -0.0201105 0.00335194 -0.00378494 0.999987 0.0489394 0.0 0.0 0.0 1.0
chess/seq-06/color/frame-000032.color.png chess/seq-06/color/frame-000034.color.png 0.999998 0.00187814 -0.00102495 -0.00757695 -0.00187983 0.999997 -0.00165003 -0.012255 0.00102185 0.00165195 0.999998 0.0467823 0.0 0.0 0.0 1.0
chess/seq-06/color/frame-000033.color.png chess/seq-06/color/frame-000035.color.png 0.999985 0.000281999 -0.00552293 -0.00360965 -0.000300327 0.999994 -0.00331803 0.00575048 0.00552196 0.00331964 0.999979 0.0303215 0.0 0.0 0.0 1.0
chess/seq-06/color/frame-000034.color.png chess/seq-06/color/frame-000036.color.png 0.999867 0.00471329 -0.0155998 0.00425719 -0.00456065 0.999942 0.00980569 -0.012649 0.0156451 -0.00973324 0.99983 0.0453379 0.0 0.0 0.0 1.0
chess/seq-06/color/frame-000035.color.png chess/seq-06/color/frame-000037.color.png 0.999831 0.00908091 -0.015996 0.0147615 -0.00891999 0.999909 0.0101034 -0.0144705 0.0160863 -0.00995897 0.999821 0.0439848 0.0 0.0 0.0 1.0
chess/seq-06/color/frame-000036.color.png chess/seq-06/color/frame-000038.color.png 0.999933 0.0110997 -0.00316452 -0.000793326 -0.011084 0.999927 0.00491071 -0.00543781 0.0032188 -0.00487531 0.999983 0.0444311 0.0 0.0 0.0 1.0
chess/seq-06/color/frame-000037.color.png chess/seq-06/color/frame-000039.color.png 0.999981 0.00617229 -3.1522e-05 -0.0143995 -0.00617196 0.99996 0.00641933 -0.00280566 7.11416e-05 -0.00641901 0.999979 0.0447756 0.0 0.0 0.0 1.0
chess/seq-06/color/frame-000038.color.png chess/seq-06/color/frame-000040.color.png 0.99998 -0.000205655 -0.0062727 -0.00290184 0.000251336 0.999973 0.00728228 -0.00612572 0.00627103 -0.0072837 0.999954 0.0317299 0.0 0.0 0.0 1.0
chess/seq-06/color/frame-000039.color.png chess/seq-06/color/frame-000041.color.png 0.99986 -0.00223278 -0.0165701 0.0112184 0.00233633 0.999978 0.00623289 -0.00923195 0.0165558 -0.00627073 0.999843 0.0421706 0.0 0.0 0.0 1.0
chess/seq-06/color/frame-000040.color.png chess/seq-06/color/frame-000042.color.png 0.999892 -8.13352e-05 -0.0146892 0.0117299 0.000176183 0.999979 0.00645557 -0.00337657 0.0146884 -0.00645748 0.999871 0.0392511 0.0 0.0 0.0 1.0
chess/seq-06/color/frame-000041.color.png chess/seq-06/color/frame-000043.color.png 0.999957 0.00731587 -0.00573474 0.00173894 -0.00721925 0.999835 0.0166903 -0.021737 0.00585591 -0.0166482 0.999844 0.0436135 0.0 0.0 0.0 1.0
chess/seq-06/color/frame-000042.color.png chess/seq-06/color/frame-000044.color.png 0.999981 0.00410338 -0.00464968 -0.00013923 -0.00404789 0.999921 0.0118799 -0.0206895 0.00469805 -0.0118608 0.999919 0.0439939 0.0 0.0 0.0 1.0
chess/seq-06/color/frame-000043.color.png chess/seq-06/color/frame-000045.color.png 0.999988 -0.00138088 -0.00476277 0.000153214 0.00137448 0.999998 -0.00134386 -0.00126456 0.00476462 0.0013373 0.999988 0.0291392 0.0 0.0 0.0 1.0
chess/seq-06/color/frame-000044.color.png chess/seq-06/color/frame-000046.color.png 0.999959 -0.00022898 -0.00908697 0.00967548 0.000255052 0.999996 0.00286825 -0.00539219 0.00908628 -0.00287045 0.999955 0.0383402 0.0 0.0 0.0 1.0
chess/seq-06/color/frame-000045.color.png chess/seq-06/color/frame-000047.color.png 0.999954 0.0033509 -0.00898307 0.0109505 -0.00329258 0.999973 0.00649944 -0.010453 0.00900462 -0.00646956 0.999939 0.0390488 0.0 0.0 0.0 1.0
chess/seq-06/color/frame-000046.color.png chess/seq-06/color/frame-000048.color.png 0.999984 0.00255094 -0.00513802 0.00531326 -0.00253707 0.999993 0.0027031 -0.0044041 0.00514486 -0.00269002 0.999983 0.0278007 0.0 0.0 0.0 1.0
chess/seq-06/color/frame-000047.color.png chess/seq-06/color/frame-000049.color.png 0.999977 0.00039269 -0.00668852 0.0005546 -0.000359812 0.999988 0.00491594 -0.0177178 0.00669036 -0.00491343 0.999966 0.0448829 0.0 0.0 0.0 1.0
chess/seq-06/color/frame-000048.color.png chess/seq-06/color/frame-000050.color.png 0.999957 -0.00118224 -0.00916552 0.00621105 0.00119471 0.999998 0.00135637 -0.0172964 0.00916389 -0.00136726 0.999957 0.0443894 0.0 0.0 0.0 1.0
chess/seq-06/color/frame-000049.color.png chess/seq-06/color/frame-000051.color.png 0.99997 0.000602852 -0.0077079 0.0166178 -0.000600522 1.0 0.000305535 -0.00662856 0.00770807 -0.000300884 0.99997 0.0243213 0.0 0.0 0.0 1.0
chess/seq-06/color/frame-000050.color.png chess/seq-06/color/frame-000052.color.png 0.999978 0.00664206 -0.000497171 -0.00292502 -0.00663873 0.999957 0.00640747 -0.0253106 0.000539717 -0.00640401 0.999979 0.0465562 0.0 0.0 0.0 1.0
chess/seq-06/color/frame-000051.color.png chess/seq-06/color/frame-000053.color.png 0.999995 -0.00162593 -0.00276812 -0.000544629 0.00162282 0.999998 -0.00112417 -0.018616 0.00276994 0.00111965 0.999995 0.0509477 0.0 0.0 0.0 1.0
chess/seq-06/color/frame-000052.color.png chess/seq-06/color/frame-000054.color.png 0.999935 -0.00871897 -0.00735621 0.00494072 0.00864791 0.999916 -0.00963651 0.00606407 0.00743963 0.00957224 0.999926 0.0283401 0.0 0.0 0.0 1.0
chess/seq-06/color/frame-000053.color.png chess/seq-06/color/frame-000055.color.png 0.999874 -0.00247718 -0.0156834 0.0200193 0.00247711 0.999997 -2.38023e-05 -0.00472084 0.0156835 -1.5037e-05 0.999877 0.0400701 0.0 0.0 0.0 1.0
chess/seq-06/color/frame-000054.color.png chess/seq-06/color/frame-000056.color.png 0.999895 0.000628245 -0.0145109 0.0205215 -0.000526945 0.999976 0.00698405 -0.0172718 0.0145149 -0.00697565 0.99987 0.0458587 0.0 0.0 0.0 1.0
chess/seq-06/color/frame-000055.color.png chess/seq-06/color/frame-000057.color.png 0.99998 -0.00106023 -0.00622999 0.0045268 0.00106649 0.999999 0.00100179 -0.00706951 0.00622892 -0.00100842 0.99998 0.0339666 0.0 0.0 0.0 1.0
chess/seq-06/color/frame-000056.color.png chess/seq-06/color/frame-000058.color.png 0.999969 -0.00370793 -0.00696677 0.00476855 0.00371474 0.999993 0.00096382 -0.00689632 0.00696319 -0.000989684 0.999975 0.0347252 0.0 0.0 0.0 1.0
chess/seq-06/color/frame-000057.color.png chess/seq-06/color/frame-000059.color.png 0.999903 -0.00189053 -0.0137863 0.0164891 0.00196708 0.999983 0.00553995 -0.0165183 0.0137756 -0.00556655 0.99989 0.0450186 0.0 0.0 0.0 1.0
chess/seq-06/color/frame-000058.color.png chess/seq-06/color/frame-000060.color.png 0.999901 0.0027527 -0.0137851 0.0225552 -0.00270121 0.999989 0.00375213 -0.0108751 0.0137953 -0.00371452 0.999898 0.0449451 0.0 0.0 0.0 1.0
chess/seq-06/color/frame-000059.color.png chess/seq-06/color/frame-000061.color.png 0.999985 0.00239098 -0.00500844 0.0108583 -0.00238373 0.999996 0.00145215 -0.00145353 0.00501191 -0.00144017 0.999986 0.0301602 0.0 0.0 0.0 1.0
chess/seq-06/color/frame-000060.color.png chess/seq-06/color/frame-000062.color.png 0.999976 0.00258245 -0.0063948 0.0088026 -0.00251805 0.999946 0.0100583 -0.0135216 0.00642042 -0.010042 0.999929 0.0451841 0.0 0.0 0.0 1.0
chess/seq-06/color/frame-000061.color.png chess/seq-06/color/frame-000063.color.png 0.999983 0.000459056 -0.0058351 0.00707536 -0.000390741 0.999931 0.0117036 -0.0160983 0.00584004 -0.0117011 0.999915 0.0457439 0.0 0.0 0.0 1.0
chess/seq-06/color/frame-000062.color.png chess/seq-06/color/frame-000064.color.png 0.999993 -0.000298298 -0.00383694 0.00740762 0.000331678 0.999962 0.00870208 -0.0115848 0.00383418 -0.00870327 0.999955 0.0272614 0.0 0.0 0.0 1.0
chess/seq-06/color/frame-000063.color.png chess/seq-06/color/frame-000065.color.png 0.999966 0.00720276 -0.00391256 0.00879854 -0.00714331 0.999862 0.015001 -0.0237586 0.00402009 -0.0149725 0.99988 0.0457745 0.0 0.0 0.0 1.0
chess/seq-06/color/frame-000064.color.png chess/seq-06/color/frame-000066.color.png 0.999973 0.00729591 0.000553473 -0.0037358 -0.0073023 0.999894 0.0125989 -0.0238217 -0.000461481 -0.0126026 0.99992 0.0438221 0.0 0.0 0.0 1.0
chess/seq-06/color/frame-000065.color.png chess/seq-06/color/frame-000067.color.png 0.999999 0.0015348 -0.000543899 -0.00588895 -0.00153274 0.999992 0.00377411 -0.00932412 0.000549667 -0.00377327 0.999993 0.0259173 0.0 0.0 0.0 1.0
chess/seq-06/color/frame-000066.color.png chess/seq-06/color/frame-000068.color.png 0.999956 0.00144971 -0.00927477 0.0071778 -0.00140299 0.999986 0.00504145 -0.0111789 0.00928197 -0.00502823 0.999944 0.0406277 0.0 0.0 0.0 1.0
chess/seq-06/color/frame-000067.color.png chess/seq-06/color/frame-000069.color.png 0.999969 0.00134455 -0.00775879 0.0032832 -0.00129416 0.999978 0.00649634 -0.0172565 0.00776731 -0.00648608 0.999949 0.042137 0.0 0.0 0.0 1.0
chess/seq-06/color/frame-000068.color.png chess/seq-06/color/frame-000070.color.png 0.999988 -0.00261894 -0.00421913 0.000903623 0.00262395 0.999996 0.00118533 -0.00633639 0.00421602 -0.00119638 0.99999 0.027229 0.0 0.0 0.0 1.0
chess/seq-06/color/frame-000069.color.png chess/seq-06/color/frame-000071.color.png 0.99998 -0.000287965 -0.00626181 0.00622632 0.00031043 0.999994 0.00358535 -0.00958759 0.00626077 -0.00358723 0.999974 0.0385591 0.0 0.0 0.0 1.0
chess/seq-06/color/frame-000070.color.png chess/seq-06/color/frame-000072.color.png 0.999985 0.00355581 -0.00417826 0.00345734 -0.00353877 0.999986 0.00407515 -0.0100503 0.00419271 -0.00406033 0.999983 0.0391691 0.0 0.0 0.0 1.0
chess/seq-06/color/frame-000071.color.png chess/seq-06/color/frame-000073.color.png 0.999997 0.00248896 -0.000324183 -0.00348601 -0.00248873 0.999997 0.000703937 -0.00579813 0.000325954 -0.00070313 1.0 0.0269729 0.0 0.0 0.0 1.0
chess/seq-06/color/frame-000072.color.png chess/seq-06/color/frame-000074.color.png 0.999997 0.00233912 0.000117615 -0.00157066 -0.00233933 0.999996 0.00176158 -0.0105836 -0.000113514 -0.00176184 0.999999 0.0375704 0.0 0.0 0.0 1.0
chess/seq-06/color/frame-000073.color.png chess/seq-06/color/frame-000075.color.png 0.999996 0.00287488 0.000661443 0.00161543 -0.00287606 0.999994 0.00178677 -0.0118593 -0.000656348 -0.00178867 0.999998 0.0380892 0.0 0.0 0.0 1.0
chess/seq-06/color/frame-000074.color.png chess/seq-06/color/frame-000076.color.png 0.999973 0.00188123 0.00707162 -0.0133343 -0.00187219 0.999997 -0.00128591 -0.0124075 -0.00707401 0.00127264 0.999974 0.0293378 0.0 0.0 0.0 1.0
chess/seq-06/color/frame-000075.color.png chess/seq-06/color/frame-000077.color.png 0.999947 -0.00726626 0.00725233 -0.0125635 0.0073362 0.999926 -0.00966513 0.00242878 -0.00718155 0.00971781 0.999927 0.0409893 0.0 0.0 0.0 1.0
chess/seq-06/color/frame-000076.color.png chess/seq-06/color/frame-000078.color.png 0.999949 -0.00878737 0.0049689 -0.00359951 0.008821 0.999938 -0.00678453 0.00346459 -0.00490897 0.00682804 0.999965 0.0395607 0.0 0.0 0.0 1.0
chess/seq-06/color/frame-000077.color.png chess/seq-06/color/frame-000079.color.png 0.999943 -0.00304715 0.0102558 -0.01814 0.00302942 0.999994 0.00174383 -0.0139714 -0.0102611 -0.00171267 0.999946 0.0297323 0.0 0.0 0.0 1.0
chess/seq-06/color/frame-000078.color.png chess/seq-06/color/frame-000080.color.png 0.999969 -0.00386104 0.00692191 -0.0160478 0.00392035 0.999956 -0.00857593 -0.00659811 -0.0068885 0.00860279 0.999939 0.0418344 0.0 0.0 0.0 1.0
chess/seq-06/color/frame-000079.color.png chess/seq-06/color/frame-000081.color.png 0.999989 -0.00434996 -0.00171535 0.00623005 0.00432475 0.999886 -0.0144368 0.00923204 0.00177799 0.0144292 0.999894 0.0386958 0.0 0.0 0.0 1.0
chess/seq-06/color/frame-000080.color.png chess/seq-06/color/frame-000082.color.png 0.999985 0.00500144 0.00224431 -0.000866901 -0.00498759 0.999969 -0.00613323 0.00769034 -0.00227495 0.00612193 0.999979 0.0226135 0.0 0.0 0.0 1.0
chess/seq-06/color/frame-000081.color.png chess/seq-06/color/frame-000083.color.png 0.999936 0.00578994 0.00971371 -0.0175884 -0.00576986 0.999981 -0.0020944 0.00022307 -0.00972565 0.00203824 0.999951 0.0389651 0.0 0.0 0.0 1.0
chess/seq-06/color/frame-000082.color.png chess/seq-06/color/frame-000084.color.png 0.999982 -0.00102603 0.00596348 -0.0160775 0.00104066 0.999996 -0.00245055 0.000831366 -0.0059609 0.00245669 0.999979 0.0421417 0.0 0.0 0.0 1.0
chess/seq-06/color/frame-000083.color.png chess/seq-06/color/frame-000085.color.png 0.999979 -0.00358039 -0.00532755 0.00410311 0.0035666 0.99999 -0.00259483 0.00172898 0.00533681 0.00257578 0.999982 0.0256315 0.0 0.0 0.0 1.0
chess/seq-06/color/frame-000084.color.png chess/seq-06/color/frame-000086.color.png 0.999967 0.0015732 -0.00794156 0.00953659 -0.00162214 0.99998 -0.00616017 0.00372925 0.00793166 0.00617289 0.99995 0.0341719 0.0 0.0 0.0 1.0
chess/seq-06/color/frame-000085.color.png chess/seq-06/color/frame-000087.color.png 0.999992 0.00226728 -0.003169 -0.00239229 -0.00227813 0.999992 -0.0034251 0.000159413 0.00316115 0.00343228 0.999989 0.0341581 0.0 0.0 0.0 1.0
chess/seq-06/color/frame-000086.color.png chess/seq-06/color/frame-000088.color.png 0.99999 -0.00153217 -0.00418804 0.000919321 0.00154876 0.999991 0.00395911 -0.00793925 0.00418197 -0.00396558 0.999983 0.025409 0.0 0.0 0.0 1.0
chess/seq-06/color/frame-000087.color.png chess/seq-06/color/frame-000089.color.png 0.999892 0.0096799 -0.0110182 0.0219411 -0.00960448 0.99993 0.00687785 -0.0160519 0.0110841 -0.0067713 0.999915 0.0338454 0.0 0.0 0.0 1.0
chess/seq-06/color/frame-000088.color.png chess/seq-06/color/frame-000090.color.png 0.999916 0.0122144 -0.00430496 0.0066336 -0.0121882 0.999907 0.0060558 -0.0159963 0.00437854 -0.0060028 0.999973 0.033018 0.0 0.0 0.0 1.0
chess/seq-06/color/frame-000089.color.png chess/seq-06/color/frame-000091.color.png 0.999996 -0.0028518 -0.000383851 -0.00924615 0.00285089 0.999993 -0.00235339 0.00622654 0.000390559 0.0023523 0.999997 0.0262158 0.0 0.0 0.0 1.0
chess/seq-06/color/frame-000090.color.png chess/seq-06/color/frame-000092.color.png 0.99986 -0.00721442 -0.0150649 0.0184946 0.00724387 0.999972 0.00190163 -0.00475088 0.0150507 -0.00201051 0.999884 0.030862 0.0 0.0 0.0 1.0
chess/seq-06/color/frame-000091.color.png chess/seq-06/color/frame-000093.color.png 0.999847 0.00568136 -0.0165161 0.0301451 -0.00552014 0.999937 0.00979088 -0.0257493 0.0165707 -0.00969819 0.999816 0.0268457 0.0 0.0 0.0 1.0
chess/seq-06/color/frame-000092.color.png chess/seq-06/color/frame-000094.color.png 0.999845 0.0176218 -0.000221132 0.0070099 -0.017621 0.99984 0.00314997 -0.017273 0.000276609 -0.0031456 0.999995 0.0315949 0.0 0.0 0.0 1.0
chess/seq-06/color/frame-000093.color.png chess/seq-06/color/frame-000095.color.png 0.999963 0.00688495 0.00509105 -0.0127865 -0.00683405 0.999927 -0.00994631 0.0141118 -0.00515917 0.00991113 0.999938 0.0357021 0.0 0.0 0.0 1.0
chess/seq-06/color/frame-000094.color.png chess/seq-06/color/frame-000096.color.png 0.999932 -0.00856693 -0.00791609 0.0115142 0.00846053 0.999875 -0.0133784 0.027569 0.00802971 0.0133105 0.999879 0.0213716 0.0 0.0 0.0 1.0
chess/seq-06/color/frame-000095.color.png chess/seq-06/color/frame-000097.color.png 0.999887 -0.0026221 -0.0148359 0.0289454 0.00257896 0.999992 -0.00292574 -0.000976473 0.0148435 0.00288715 0.999886 0.0259066 0.0 0.0 0.0 1.0
chess/seq-06/color/frame-000096.color.png chess/seq-06/color/frame-000098.color.png 0.999945 0.00621131 -0.00847041 0.0172208 -0.00621779 0.99998 -0.000738354 -0.00999731 0.00846562 0.000790984 0.999964 0.0276437 0.0 0.0 0.0 1.0
chess/seq-06/color/frame-000097.color.png chess/seq-06/color/frame-000099.color.png 0.999988 0.00343512 -0.00358137 0.00974042 -0.00346761 0.999952 -0.00911207 0.00822011 0.00354987 0.00912437 0.999952 0.0312685 0.0 0.0 0.0 1.0
chess/seq-06/color/frame-000098.color.png chess/seq-06/color/frame-000100.color.png 0.999978 -0.00166934 -0.00635255 0.0155052 0.00160688 0.99995 -0.0098253 0.0162209 0.00636865 0.00981489 0.999932 0.0305579 0.0 0.0 0.0 1.0
chess/seq-06/color/frame-000099.color.png chess/seq-06/color/frame-000101.color.png 0.999955 -0.000401789 -0.00949984 0.0263379 0.000396527 1.0 -0.000555192 -0.00146124 0.00950008 0.000551416 0.999955 0.018279 0.0 0.0 0.0 1.0
chess/seq-06/color/frame-000100.color.png chess/seq-06/color/frame-000102.color.png 0.999991 0.00389107 -0.00191581 0.00962279 -0.00388272 0.999983 0.00434773 -0.0142738 0.0019327 -0.00434022 0.999989 0.0299704 0.0 0.0 0.0 1.0
chess/seq-06/color/frame-000101.color.png chess/seq-06/color/frame-000103.color.png 0.999987 0.00460044 0.00200721 0.00383015 -0.00460369 0.999988 0.00161138 -0.0105768 -0.00199981 -0.00162059 0.999997 0.0319772 0.0 0.0 0.0 1.0
chess/seq-06/color/frame-000102.color.png chess/seq-06/color/frame-000104.color.png 0.999994 0.00225604 0.00256715 -0.000460783 -0.00224395 0.999986 -0.00469324 0.00518578 -0.00257771 0.00468743 0.999986 0.0225195 0.0 0.0 0.0 1.0
chess/seq-06/color/frame-000103.color.png chess/seq-06/color/frame-000105.color.png 0.999998 0.00183968 -0.000923089 0.00741309 -0.00184703 0.999966 -0.00802076 0.0108854 0.000908334 0.00802243 0.999967 0.0321802 0.0 0.0 0.0 1.0
chess/seq-06/color/frame-000104.color.png chess/seq-06/color/frame-000106.color.png 0.999986 0.00142702 -0.00501944 0.0182701 -0.00146699 0.999967 -0.00796504 0.0137563 0.00500791 0.00797233 0.999956 0.0317808 0.0 0.0 0.0 1.0
chess/seq-06/color/frame-000105.color.png chess/seq-06/color/frame-000107.color.png 0.99996 0.0086783 -0.00202017 0.0116191 -0.00867359 0.99996 0.00232293 -0.00913602 0.00204025 -0.0023053 0.999995 0.0313241 0.0 0.0 0.0 1.0
chess/seq-06/color/frame-000106.color.png chess/seq-06/color/frame-000108.color.png 0.999957 0.00900562 0.00207114 -0.00142387 -0.00901149 0.999955 0.0028475 -0.0123931 -0.00204541 -0.00286606 0.999994 0.0343637 0.0 0.0 0.0 1.0
chess/seq-06/color/frame-000107.color.png chess/seq-06/color/frame-000109.color.png 0.999995 -0.00142528 -0.0028261 0.00548783 0.00139964 0.999958 -0.00905166 0.0182293 0.0028389 0.00904765 0.999955 0.0260379 0.0 0.0 0.0 1.0
chess/seq-06/color/frame-000108.color.png chess/seq-06/color/frame-000110.color.png 0.99993 -0.00116021 -0.0117831 0.0286375 0.00107067 0.999971 -0.00760169 0.0131996 0.0117915 0.00758856 0.999902 0.0234981 0.0 0.0 0.0 1.0
chess/seq-06/color/frame-000109.color.png chess/seq-06/color/frame-000111.color.png 0.999872 0.0126997 -0.00975643 0.0234457 -0.0127828 0.999882 -0.00849973 0.00799516 0.00964733 0.00862337 0.999916 0.0345291 0.0 0.0 0.0 1.0
chess/seq-06/color/frame-000110.color.png chess/seq-06/color/frame-000112.color.png 0.999887 0.012584 -0.00824239 0.0186244 -0.012677 0.999856 -0.0113213 0.0153312 0.00809874 0.0114245 0.999902 0.0336796 0.0 0.0 0.0 1.0
chess/seq-06/color/frame-000111.color.png chess/seq-06/color/frame-000113.color.png 0.999934 0.00246944 -0.0111903 0.0223576 -0.00253453 0.99998 -0.00580804 0.0104526 0.0111757 0.00583603 0.999921 0.0203551 0.0 0.0 0.0 1.0
chess/seq-06/color/frame-000112.color.png chess/seq-06/color/frame-000114.color.png 0.999829 0.00404357 -0.0180339 0.0357261 -0.00395898 0.999981 0.00472384 -0.0131595 0.0180527 -0.00465165 0.999826 0.0287716 0.0 0.0 0.0 1.0
chess/seq-06/color/frame-000113.color.png chess/seq-06/color/frame-000115.color.png 0.999833 0.00692042 -0.016927 0.0322163 -0.00680457 0.999953 0.00689148 -0.018107 0.0169739 -0.00677517 0.999833 0.0300248 0.0 0.0 0.0 1.0
chess/seq-06/color/frame-000114.color.png chess/seq-06/color/frame-000116.color.png 0.999848 0.0058143 -0.0164174 0.0319644 -0.00583664 0.999982 -0.00131273 0.00215301 0.0164095 0.00140838 0.999864 0.0314718 0.0 0.0 0.0 1.0
chess/seq-06/color/frame-000115.color.png chess/seq-06/color/frame-000117.color.png 0.999867 0.00369773 -0.0158952 0.0328394 -0.00363264 0.999985 0.00412247 -0.0127658 0.0159102 -0.00406415 0.999865 0.0265313 0.0 0.0 0.0 1.0
chess/seq-06/color/frame-000116.color.png chess/seq-06/color/frame-000118.color.png 0.999951 -0.00109341 -0.0098356 0.0201214 0.00117806 0.999962 0.00860164 -0.0182332 0.00982581 -0.00861282 0.999915 0.0151378 0.0 0.0 0.0 1.0
chess/seq-06/color/frame-000117.color.png chess/seq-06/color/frame-000119.color.png 0.999978 0.000354648 -0.00662524 0.0102446 -0.000307867 0.999975 0.00706189 -0.0127244 0.00662757 -0.00705971 0.999953 0.0169786 0.0 0.0 0.0 1.0
chess/seq-06/color/frame-000118.color.png chess/seq-06/color/frame-000120.color.png 0.999979 0.000581474 -0.00647792 0.00906304 -0.000552371 0.99999 0.00449561 -0.00496405 0.00648047 -0.00449194 0.999969 0.0281738 0.0 0.0 0.0 1.0
chess/seq-06/color/frame-000119.color.png chess/seq-06/color/frame-000121.color.png 0.999963 -0.00349345 -0.00782073 0.0122571 0.00351406 0.99999 0.00261928 -0.00122839 0.00781151 -0.00264664 0.999966 0.0277513 0.0 0.0 0.0 1.0
chess/seq-06/color/frame-000120.color.png chess/seq-06/color/frame-000122.color.png 0.999965 -0.000853419 -0.0083719 0.0167478 0.00090605 0.99998 0.00628623 -0.0163646 0.00836637 -0.00629357 0.999945 0.0145458 0.0 0.0 0.0 1.0
chess/seq-06/color/frame-000121.color.png chess/seq-06/color/frame-000123.color.png 0.999946 0.00958254 -0.00397839 0.00900679 -0.00954024 0.999899 0.0105237 -0.0220307 0.00407882 -0.0104852 0.999937 0.0214684 0.0 0.0 0.0 1.0
chess/seq-06/color/frame-000122.color.png chess/seq-06/color/frame-000124.color.png 0.999963 0.00855899 0.000654336 -0.00214003 -0.0085633 0.99994 0.00690156 -0.0115606 -0.000595177 -0.00690691 0.999976 0.0232869 0.0 0.0 0.0 1.0
chess/seq-06/color/frame-000123.color.png chess/seq-06/color/frame-000125.color.png 0.999995 -0.00317853 0.000296216 -0.00211349 0.00317806 0.999994 0.00158489 3.24249e-05 -0.000301289 -0.00158394 0.999999 0.0172244 0.0 0.0 0.0 1.0
chess/seq-06/color/frame-000124.color.png chess/seq-06/color/frame-000126.color.png 0.999979 -0.00633194 -0.00116916 0.00128251 0.00633291 0.99998 0.0008312 0.00035584 0.00116377 -0.000838593 0.999999 0.0163997 0.0 0.0 0.0 1.0
chess/seq-06/color/frame-000125.color.png chess/seq-06/color/frame-000127.color.png 0.999984 -0.000735768 -0.00566015 0.0200728 0.000780127 0.999969 0.00783415 -0.0176659 0.00565431 -0.00783849 0.999953 0.0186156 0.0 0.0 0.0 1.0
chess/seq-06/color/frame-000126.color.png chess/seq-06/color/frame-000128.color.png 0.999965 0.00769981 -0.00313892 0.0151112 -0.00767553 0.999941 0.00767541 -0.0183141 0.00319793 -0.00765105 0.999966 0.0179965 0.0 0.0 0.0 1.0
chess/seq-06/color/frame-000127.color.png chess/seq-06/color/frame-000129.color.png 0.999972 0.00639298 0.00400014 -0.00865247 -0.00637942 0.999974 -0.00340129 0.00722986 -0.00402184 0.00337571 0.999986 0.0183753 0.0 0.0 0.0 1.0
chess/seq-06/color/frame-000128.color.png chess/seq-06/color/frame-000130.color.png 0.999996 -0.000877023 0.00283392 -0.00555078 0.000882065 0.999998 -0.00178036 9.53674e-06 -0.0028324 0.00178286 0.999994 0.0266258 0.0 0.0 0.0 1.0
chess/seq-06/color/frame-000129.color.png chess/seq-06/color/frame-000131.color.png 0.999987 -0.00509704 0.000809121 -0.0054291 0.0051004 0.999978 -0.00420935 0.00740325 -0.000787636 0.0042134 0.999991 0.0247034 0.0 0.0 0.0 1.0
chess/seq-06/color/frame-000130.color.png chess/seq-06/color/frame-000132.color.png 0.999988 0.00415003 -0.00244054 0.00491621 -0.0041601 0.999983 -0.00413699 0.00480101 0.00242339 0.0041471 0.999988 0.0175745 0.0 0.0 0.0 1.0
chess/seq-06/color/frame-000131.color.png chess/seq-06/color/frame-000133.color.png 0.999971 0.00718826 0.00234554 -0.0039458 -0.00718287 0.999972 -0.00228673 0.00133732 -0.00236186 0.00226981 0.999995 0.017491 0.0 0.0 0.0 1.0
chess/seq-06/color/frame-000132.color.png chess/seq-06/color/frame-000134.color.png 0.999999 -0.0015848 -0.00038282 0.00118868 0.00158439 0.999998 -0.00101167 0.000542581 0.000384418 0.00101106 0.999999 0.023929 0.0 0.0 0.0 1.0
chess/seq-06/color/frame-000133.color.png chess/seq-06/color/frame-000135.color.png 0.999986 -0.00335035 -0.00401863 0.00661224 0.00338419 0.999959 0.00845158 -0.0249608 0.00399017 -0.00846505 0.999956 0.0229459 0.0 0.0 0.0 1.0
chess/seq-06/color/frame-000134.color.png chess/seq-06/color/frame-000136.color.png 0.999988 -0.00273604 -0.00409479 0.00539362 0.00275825 0.999982 0.00542497 -0.0122281 0.00407989 -0.00543622 0.999977 0.0172485 0.0 0.0 0.0 1.0
chess/seq-06/color/frame-000135.color.png chess/seq-06/color/frame-000137.color.png 0.999999 -0.000532085 -0.00139004 -0.0015869 0.000526505 0.999992 -0.00400779 0.011497 0.00139215 0.00400705 0.999991 0.0186464 0.0 0.0 0.0 1.0
chess/seq-06/color/frame-000136.color.png chess/seq-06/color/frame-000138.color.png 0.999999 -0.000238458 -0.00134195 0.000192896 0.000240323 0.999999 0.00139313 -0.00827512 0.00134148 -0.00139345 0.999998 0.0248532 0.0 0.0 0.0 1.0
chess/seq-06/color/frame-000137.color.png chess/seq-06/color/frame-000139.color.png 1.0 0.000441839 -0.000253749 0.000153679 -0.000439798 0.999968 0.00802093 -0.023539 0.00025729 -0.00802079 0.999968 0.0261574 0.0 0.0 0.0 1.0
chess/seq-06/color/frame-000138.color.png chess/seq-06/color/frame-000140.color.png 0.999972 0.00249924 0.00701843 -0.0164009 -0.00248888 0.999996 -0.00148615 0.00406238 -0.00702206 0.00146864 0.999974 0.0192487 0.0 0.0 0.0 1.0
chess/seq-06/color/frame-000139.color.png chess/seq-06/color/frame-000141.color.png 0.999987 -0.000254571 0.00515136 -0.00935688 0.000265556 0.999998 -0.00212973 0.00316232 -0.00515084 0.00213107 0.999984 0.0187216 0.0 0.0 0.0 1.0
chess/seq-06/color/frame-000140.color.png chess/seq-06/color/frame-000142.color.png 0.999984 0.00140451 0.00544295 -0.0119924 -0.00142471 0.999992 0.00371284 -0.0115011 -0.00543769 -0.00372053 0.999978 0.0246017 0.0 0.0 0.0 1.0
chess/seq-06/color/frame-000141.color.png chess/seq-06/color/frame-000143.color.png 0.999982 0.00235458 0.00557316 -0.0110494 -0.00237358 0.999991 0.00340417 -0.0125836 -0.00556507 -0.00341733 0.999979 0.0253847 0.0 0.0 0.0 1.0
chess/seq-06/color/frame-000142.color.png chess/seq-06/color/frame-000144.color.png 0.999986 -0.00446955 0.00270854 -0.0048897 0.00447097 0.99999 -0.000518139 -0.00119886 -0.0027062 0.000530244 0.999996 0.0173166 0.0 0.0 0.0 1.0
chess/seq-06/color/frame-000143.color.png chess/seq-06/color/frame-000145.color.png 0.99997 -0.00772058 0.000188402 -0.0054159 0.00772114 0.999965 -0.00312356 0.0109718 -0.000164274 0.00312494 0.999995 0.0172153 0.0 0.0 0.0 1.0
chess/seq-06/color/frame-000144.color.png chess/seq-06/color/frame-000146.color.png 0.999983 -0.00310104 -0.00486692 0.00962218 0.00311467 0.999991 0.00279635 -0.00834104 0.00485829 -0.00281147 0.999984 0.0156288 0.0 0.0 0.0 1.0
chess/seq-06/color/frame-000145.color.png chess/seq-06/color/frame-000147.color.png 0.999992 0.00218469 -0.00326031 0.00561754 -0.00215551 0.999958 0.00893144 -0.0219563 0.00327962 -0.00892433 0.999955 0.0211465 0.0 0.0 0.0 1.0
chess/seq-06/color/frame-000146.color.png chess/seq-06/color/frame-000148.color.png 0.999982 0.00574828 0.00161167 -0.00768118 -0.00576337 0.999938 0.00952984 -0.0214915 -0.00155683 -0.00953898 0.999953 0.0253205 0.0 0.0 0.0 1.0
chess/seq-06/color/frame-000147.color.png chess/seq-06/color/frame-000149.color.png 0.999972 0.00750489 0.000812758 0.00122772 -0.00750965 0.999954 0.0060185 -0.0167716 -0.00076757 -0.00602443 0.999982 0.0150585 0.0 0.0 0.0 1.0
chess/seq-06/color/frame-000148.color.png chess/seq-06/color/frame-000150.color.png 0.999993 0.00300966 0.00237743 -0.00557926 -0.00301784 0.999989 0.00343499 -0.00715393 -0.00236703 -0.00344212 0.999991 0.0135183 0.0 0.0 0.0 1.0
chess/seq-06/color/frame-000149.color.png chess/seq-06/color/frame-000151.color.png 0.999984 -0.00537665 -0.00165471 0.00221428 0.00537766 0.999985 0.000601641 0.00325271 0.00165149 -0.000610562 0.999999 0.013411 0.0 0.0 0.0 1.0
chess/seq-06/color/frame-000150.color.png chess/seq-06/color/frame-000152.color.png 0.999955 0.00185147 -0.00929623 0.0193351 -0.00185208 0.999998 -5.68304e-05 0.00103009 0.00929611 7.40433e-05 0.999957 0.0210669 0.0 0.0 0.0 1.0
chess/seq-06/color/frame-000151.color.png chess/seq-06/color/frame-000153.color.png 0.999952 0.00776886 -0.00603019 0.012122 -0.00774982 0.999965 0.00317525 -0.00914636 0.00605461 -0.00312835 0.999977 0.0187626 0.0 0.0 0.0 1.0
chess/seq-06/color/frame-000152.color.png chess/seq-06/color/frame-000154.color.png 0.999998 0.00114409 0.00149449 -0.00649891 -0.00114906 0.999994 0.00333441 -0.00565988 -0.00149066 -0.00333614 0.999993 0.0110214 0.0 0.0 0.0 1.0
chess/seq-06/color/frame-000153.color.png chess/seq-06/color/frame-000155.color.png 0.999991 -0.000114699 -0.00428436 0.0105885 0.000126719 0.999996 0.00280088 -0.00505605 0.00428401 -0.00280142 0.999987 0.00928211 0.0 0.0 0.0 1.0
chess/seq-06/color/frame-000154.color.png chess/seq-06/color/frame-000156.color.png 0.999984 0.00282505 -0.00493858 0.0133521 -0.00279786 0.999981 0.00549935 -0.0134431 0.00495403 -0.00548546 0.999973 0.00870562 0.0 0.0 0.0 1.0
chess/seq-06/color/frame-000155.color.png chess/seq-06/color/frame-000157.color.png 0.999999 0.00151362 0.000176969 -0.0011191 -0.00151442 0.999988 0.00457333 -0.00855789 -0.000170087 -0.00457357 0.99999 0.00981927 0.0 0.0 0.0 1.0
chess/seq-06/color/frame-000156.color.png chess/seq-06/color/frame-000158.color.png 0.999996 -0.00153362 -0.00238634 0.00584864 0.00153614 0.999998 0.00105875 -0.0011639 0.00238461 -0.0010624 0.999997 0.0120375 0.0 0.0 0.0 1.0
chess/seq-06/color/frame-000157.color.png chess/seq-06/color/frame-000159.color.png 1.0 0.00103955 -3.60201e-05 -0.00195506 -0.00103948 0.999996 0.00270499 -0.00747851 3.89271e-05 -0.00270494 0.999996 0.0106099 0.0 0.0 0.0 1.0
chess/seq-06/color/frame-000158.color.png chess/seq-06/color/frame-000160.color.png 0.999991 0.00345606 0.00259039 -0.00656658 -0.00346724 0.999985 0.00431646 -0.00715324 -0.00257539 -0.0043254 0.999987 0.00568819 0.0 0.0 0.0 1.0
chess/seq-06/color/frame-000159.color.png chess/seq-06/color/frame-000161.color.png 0.999995 0.00305502 4.54618e-05 0.00232041 -0.00305516 0.999987 0.00418367 -0.00611672 -3.27081e-05 -0.00418377 0.999991 0.00384212 0.0 0.0 0.0 1.0
chess/seq-06/color/frame-000160.color.png chess/seq-06/color/frame-000162.color.png 0.999998 0.00214681 -0.000226603 0.00289674 -0.00214527 0.999977 0.00650123 -0.0149128 0.000240538 -0.00650073 0.999979 0.00314689 0.0 0.0 0.0 1.0
chess/seq-06/color/frame-000161.color.png chess/seq-06/color/frame-000163.color.png 0.999988 0.00212086 0.0043332 -0.00983887 -0.00215308 0.99997 0.00744079 -0.016116 -0.00431726 -0.00745006 0.999963 0.0021081 0.0 0.0 0.0 1.0
chess/seq-06/color/frame-000162.color.png chess/seq-06/color/frame-000164.color.png 0.999996 0.00010931 0.00288601 -0.00538812 -0.000125829 0.999984 0.00571747 -0.0117476 -0.0028853 -0.0057178 0.999979 0.00229239 0.0 0.0 0.0 1.0
chess/seq-06/color/frame-000163.color.png chess/seq-06/color/frame-000165.color.png 0.999989 -0.00375492 -0.0028866 0.0105264 0.00376799 0.999983 0.00453508 -0.00802317 0.00286955 -0.00454592 0.999985 0.00197506 0.0 0.0 0.0 1.0
chess/seq-06/color/frame-000164.color.png chess/seq-06/color/frame-000166.color.png 0.999995 -0.00252511 -0.00169392 0.0074233 0.00253392 0.999983 0.00519443 -0.00929812 0.00168076 -0.00519871 0.999985 -0.000548124 0.0 0.0 0.0 1.0
chess/seq-06/color/frame-000165.color.png chess/seq-06/color/frame-000167.color.png 0.999996 0.00147007 -0.00233321 0.00985599 -0.00145423 0.999976 0.00678702 -0.0152983 0.00234308 -0.00678358 0.999974 -0.00131488 0.0 0.0 0.0 1.0
chess/seq-06/color/frame-000166.color.png chess/seq-06/color/frame-000168.color.png 0.999995 0.000931792 -0.00305144 0.00912147 -0.000914792 0.999984 0.00557223 -0.0121388 0.00305666 -0.00556943 0.99998 -0.00178909 0.0 0.0 0.0 1.0
chess/seq-06/color/frame-000167.color.png chess/seq-06/color/frame-000169.color.png 0.999995 -0.00139786 -0.00273654 0.00623377 0.00139884 0.999999 0.000360121 0.00422776 0.00273605 -0.000363982 0.999996 -0.00138521 0.0 0.0 0.0 1.0
chess/seq-06/color/frame-000168.color.png chess/seq-06/color/frame-000170.color.png 0.999988 -0.000200166 -0.0048843 0.0141004 0.000212943 0.999996 0.00261666 -0.00495234 0.00488374 -0.00261765 0.999985 -0.00470018 0.0 0.0 0.0 1.0
chess/seq-06/color/frame-000169.color.png chess/seq-06/color/frame-000171.color.png 0.999942 0.00131546 -0.0106586 0.0316581 -0.0012348 0.999971 0.0075704 -0.0188837 0.0106681 -0.00755679 0.999915 -0.0115705 0.0 0.0 0.0 1.0
chess/seq-06/color/frame-000170.color.png chess/seq-06/color/frame-000172.color.png 0.99992 0.00672665 -0.010681 0.0354542 -0.00665355 0.999954 0.00686727 -0.0161419 0.0107267 -0.00679564 0.999919 -0.0100195 0.0 0.0 0.0 1.0
chess/seq-06/color/frame-000171.color.png chess/seq-06/color/frame-000173.color.png 0.999923 0.012322 -0.00166472 0.0146517 -0.0123168 0.999919 0.00313035 -0.0072383 0.00170311 -0.00310956 0.999994 -0.00795436 0.0 0.0 0.0 1.0
chess/seq-06/color/frame-000172.color.png chess/seq-06/color/frame-000174.color.png 0.999963 0.00827194 -0.00244113 0.0188394 -0.00826149 0.999957 0.00425358 -0.00888887 0.00247622 -0.00423328 0.999988 -0.0143771 0.0 0.0 0.0 1.0
chess/seq-06/color/frame-000173.color.png chess/seq-06/color/frame-000175.color.png 0.999868 0.00553549 -0.0152595 0.0541244 -0.00542015 0.999957 0.00758806 -0.0162082 0.0153008 -0.00750436 0.999855 -0.0236194 0.0 0.0 0.0 1.0
chess/seq-06/color/frame-000174.color.png chess/seq-06/color/frame-000176.color.png 0.999787 0.00855333 -0.0187706 0.0624116 -0.008355 0.999909 0.0106185 -0.0250967 0.0188596 -0.0104594 0.999767 -0.023483 0.0 0.0 0.0 1.0
