chess/seq-06/color/frame-000001.color.png chess/seq-06/color/frame-000004.color.png 0.999999 4.83793e-05 -0.00172795 0.00256861 -4.3817e-05 0.999996 0.00264026 0.0024715 0.00172807 -0.00264018 0.999995 0.00724766 0.0 0.0 0.0 1.0
chess/seq-06/color/frame-000004.color.png chess/seq-06/color/frame-000007.color.png 0.999977 0.00328602 -0.00599715 0.00873674 -0.00325089 0.999978 0.005857 -0.00187359 0.00601627 -0.00583737 0.999965 0.0100739 0.0 0.0 0.0 1.0
chess/seq-06/color/frame-000007.color.png chess/seq-06/color/frame-000010.color.png 0.999981 0.00545062 0.00287589 -0.000660426 -0.00547613 0.999945 0.00894012 -0.00188958 -0.002827 -0.0089557 0.999956 0.0121437 0.0 0.0 0.0 1.0
chess/seq-06/color/frame-000010.color.png chess/seq-06/color/frame-000013.color.png 0.99998 -0.0022599 -0.00586092 0.00791694 0.00232069 0.999943 0.0103847 -0.00372478 0.00583712 -0.0103981 0.999929 0.020166 0.0 0.0 0.0 1.0
chess/seq-06/color/frame-000013.color.png chess/seq-06/color/frame-000016.color.png 0.999996 0.0016832 -0.00249803 0.00943293 -0.00168549 0.999998 -0.000912943 0.000405263 0.00249649 0.000917144 0.999996 0.0172365 0.0 0.0 0.0 1.0
chess/seq-06/color/frame-000016.color.png chess/seq-06/color/frame-000019.color.png 0.999995 0.000526926 0.00304656 0.00328968 -0.0005332 0.999998 0.00205928 -0.0131888 -0.00304547 -0.00206089 0.999993 0.0316983 0.0 0.0 0.0 1.0
chess/seq-06/color/frame-000019.color.png chess/seq-06/color/frame-000022.color.png 0.999996 -0.00274851 -0.000815465 0.0049404 0.0027475 0.999995 -0.00124072 0.00592452 0.000818872 0.00123846 0.999999 0.0400485 0.0 0.0 0.0 1.0
chess/seq-06/color/frame-000022.color.png chess/seq-06/color/frame-000025.color.png 0.999991 -0.00408136 -0.000435908 0.00128759 0.00408538 0.999945 0.00965446 -0.0185897 0.000396479 -0.00965615 0.999953 0.040328 0.0 0.0 0.0 1.0
chess/seq-06/color/frame-000025.color.png chess/seq-06/color/frame-000028.color.png 0.999972 0.00443283 0.00600022 -0.01312 -0.00438549 0.999959 -0.00787972 -0.0182609 -0.0060349 0.00785319 0.999951 0.0728632 0.0 0.0 0.0 1.0
chess/seq-06/color/frame-000028.color.png chess/seq-06/color/frame-000031.color.png 0.999998 0.0016027 0.000706817 -0.00685422 -0.00159772 0.999974 -0.00699393 -0.00986639 -0.000718008 0.00699279 0.999975 0.0583647 0.0 0.0 0.0 1.0
chess/seq-06/color/frame-000031.color.png chess/seq-06/color/frame-000034.color.png 0.999973 0.00586634 -0.00431401 -0.00510551 -0.00586577 0.999983 0.00014387 -0.015834 0.00431478 -0.000118561 0.999991 0.0630327 0.0 0.0 0.0 1.0
chess/seq-06/color/frame-000034.color.png chess/seq-06/color/frame-000037.color.png 0.999753 0.00971156 -0.0199753 0.0134375 -0.00947127 0.999882 0.012089 -0.0178693 0.0200903 -0.0118969 0.999727 0.0573379 0.0 0.0 0.0 1.0
chess/seq-06/color/frame-000037.color.png chess/seq-06/color/frame-000040.color.png 0.999973 0.00567314 -0.0047392 -0.0134274 -0.00561688 0.999915 0.0118013 -0.0121213 0.00480574 -0.0117744 0.999919 0.0640641 0.0 0.0 0.0 1.0
chess/seq-06/color/frame-000040.color.png chess/seq-06/color/frame-000043.color.png 0.999838 0.00446758 -0.0174082 0.0114158 -0.00415944 0.999835 0.0176969 -0.0206534 0.0174844 -0.0176216 0.999692 0.067868 0.0 0.0 0.0 1.0
chess/seq-06/color/frame-000043.color.png chess/seq-06/color/frame-000046.color.png 0.999932 -3.96682e-05 -0.0117053 0.0103687 6.5606e-05 0.999998 0.00221604 -0.00509962 0.0117052 -0.00221666 0.999929 0.0535226 0.0 0.0 0.0 1.0
chess/seq-06/color/frame-000046.color.png chess/seq-06/color/frame-000049.color.png 0.999941 0.00214918 -0.0106717 0.00679268 -0.00207186 0.999972 0.0072504 -0.0226987 0.010687 -0.00722785 0.999917 0.0604236 0.0 0.0 0.0 1.0
chess/seq-06/color/frame-000049.color.png chess/seq-06/color/frame-000052.color.png 0.999966 0.00514897 -0.00649705 0.0102188 -0.00512573 0.99998 0.00358938 -0.0244477 0.0065154 -0.00355594 0.999973 0.0566713 0.0 0.0 0.0 1.0
chess/seq-06/color/frame-000052.color.png chess/seq-06/color/frame-000055.color.png 0.999797 -0.00945142 -0.0178091 0.0193417 0.00937647 0.999947 -0.00428755 -0.00537421 0.0178487 0.00411969 0.999832 0.0605543 0.0 0.0 0.0 1.0
chess/seq-06/color/frame-000055.color.png chess/seq-06/color/frame-000058.color.png 0.999956 -0.00232238 -0.00910728 0.00451996 0.00233673 0.999996 0.00156528 -0.00982589 0.00910361 -0.00158648 0.999957 0.0495825 0.0 0.0 0.0 1.0
chess/seq-06/color/frame-000058.color.png chess/seq-06/color/frame-000061.color.png 0.999876 0.0029652 -0.0154705 0.0264309 -0.00287766 0.99998 0.0056777 -0.0136877 0.015487 -0.00563247 0.999864 0.0596762 0.0 0.0 0.0 1.0
chess/seq-06/color/frame-000061.color.png chess/seq-06/color/frame-000064.color.png 0.999971 0.00201799 -0.00735606 0.00894253 -0.00189517 0.999859 0.0166662 -0.0223896 0.00738869 -0.0166518 0.999834 0.0576558 0.0 0.0 0.0 1.0
chess/seq-06/color/frame-000064.color.png chess/seq-06/color/frame-000067.color.png 0.999974 0.00645004 -0.0031 0.00139022 -0.00640838 0.999892 0.0132635 -0.0239165 0.00318519 -0.0132433 0.999907 0.0597236 0.0 0.0 0.0 1.0
chess/seq-06/color/frame-000067.color.png chess/seq-06/color/frame-000070.color.png 0.999928 -0.00202011 -0.0117936 0.00952375 0.00206705 0.99999 0.00396982 -0.0117868 0.0117854 -0.0039939 0.999923 0.0547665 0.0 0.0 0.0 1.0
chess/seq-06/color/frame-000070.color.png chess/seq-06/color/frame-000073.color.png 0.999978 0.00518938 -0.00421254 0.00150361 -0.00516524 0.99997 0.00571998 -0.0173208 0.0042421 -0.00569809 0.999975 0.0508709 0.0 0.0 0.0 1.0
chess/seq-06/color/frame-000073.color.png chess/seq-06/color/frame-000076.color.png 0.999973 0.00303426 0.00664033 -0.0113944 -0.00302627 0.999995 -0.00121604 -0.0155857 -0.006644 0.00119591 0.999977 0.0526583 0.0 0.0 0.0 1.0
chess/seq-06/color/frame-000076.color.png chess/seq-06/color/frame-000079.color.png 0.999866 -0.00995655 0.0130262 -0.021488 0.0100049 0.999943 -0.00365169 -0.0132834 -0.0129891 0.00378151 0.999909 0.058501 0.0 0.0 0.0 1.0
chess/seq-06/color/frame-000079.color.png chess/seq-06/color/frame-000082.color.png 0.999998 0.00108708 -0.00179669 0.0106689 -0.00111864 0.999843 -0.017657 0.0167031 0.00177726 0.017659 0.999842 0.0492451 0.0 0.0 0.0 1.0
chess/seq-06/color/frame-000082.color.png chess/seq-06/color/frame-000085.color.png 0.999994 -0.00238831 0.00238924 -0.0121819 0.00239614 0.999992 -0.00328429 -4.87864e-05 -0.00238138 0.00329 0.999992 0.0528654 0.0 0.0 0.0 1.0
chess/seq-06/color/frame-000085.color.png chess/seq-06/color/frame-000088.color.png 0.999972 0.00248685 -0.00708443 0.00210308 -0.00249461 0.999996 -0.00108672 -0.00455847 0.00708178 0.00110435 0.999974 0.0486516 0.0 0.0 0.0 1.0
chess/seq-06/color/frame-000088.color.png chess/seq-06/color/frame-000091.color.png 0.999964 0.00726368 -0.00444789 -0.00196743 -0.00725176 0.99997 0.00268904 -0.00723702 0.00446727 -0.00265666 0.999987 0.0461165 0.0 0.0 0.0 1.0
chess/seq-06/color/frame-000091.color.png chess/seq-06/color/frame-000094.color.png 0.999814 0.0138598 -0.0134271 0.0283935 -0.0137814 0.999888 0.00590881 -0.0229002 0.0135074 -0.00572267 0.999892 0.0496631 0.0 0.0 0.0 1.0
chess/seq-06/color/frame-000094.color.png chess/seq-06/color/frame-000097.color.png 0.999885 -0.00510064 -0.0142677 0.0217258 0.0049515 0.999933 -0.0104683 0.0142735 0.0143202 0.0103965 0.999843 0.0385952 0.0 0.0 0.0 1.0
chess/seq-06/color/frame-000097.color.png chess/seq-06/color/frame-000100.color.png 0.999977 0.00193421 -0.00647153 0.0163713 -0.00201115 0.999927 -0.011906 0.0140686 0.00644803 0.0119188 0.999908 0.0395751 0.0 0.0 0.0 1.0
chess/seq-06/color/frame-000100.color.png chess/seq-06/color/frame-000103.color.png 0.999976 0.00678438 -0.00151299 0.0138492 -0.0067771 0.999966 0.00476269 -0.0204894 0.00154523 -0.00475233 0.999988 0.0416356 0.0 0.0 0.0 1.0
chess/seq-06/color/frame-000103.color.png chess/seq-06/color/frame-000106.color.png 0.999993 0.00224046 -0.00310329 0.0145327 -0.00227062 0.99995 -0.00974736 0.0139425 0.00308131 0.00975435 0.999948 0.0434371 0.0 0.0 0.0 1.0
chess/seq-06/color/frame-000106.color.png chess/seq-06/color/frame-000109.color.png 0.99997 0.0049204 -0.00588312 0.0209731 -0.00494874 0.999976 -0.00481078 0.00590751 0.00585931 0.00483974 0.999971 0.0451903 0.0 0.0 0.0 1.0
chess/seq-06/color/frame-000109.color.png chess/seq-06/color/frame-000112.color.png 0.999809 0.0149118 -0.012666 0.0268766 -0.015063 0.999815 -0.0119289 0.0125824 0.0124858 0.0121174 0.999849 0.0461314 0.0 0.0 0.0 1.0
chess/seq-06/color/frame-000112.color.png chess/seq-06/color/frame-000115.color.png 0.999723 0.00645731 -0.0226574 0.0421424 -0.00638035 0.999974 0.00346679 -0.00878841 0.0226792 -0.00332126 0.999737 0.0392668 0.0 0.0 0.0 1.0
chess/seq-06/color/frame-000115.color.png chess/seq-06/color/frame-000118.color.png 0.999804 0.00367735 -0.0194774 0.038411 -0.00349222 0.999949 0.00952915 -0.0235435 0.0195115 -0.00945928 0.999765 0.0355988 0.0 0.0 0.0 1.0
chess/seq-06/color/frame-000118.color.png chess/seq-06/color/frame-000121.color.png 0.99994 -0.00156973 -0.0107892 0.0167311 0.00164786 0.999972 0.00723917 -0.0134516 0.0107776 -0.00725651 0.999916 0.0366153 0.0 0.0 0.0 1.0
chess/seq-06/color/frame-000121.color.png chess/seq-06/color/frame-000124.color.png 0.999949 0.00954849 -0.00332859 0.00731193 -0.0095067 0.999878 0.0123557 -0.0254212 0.00344616 -0.0123234 0.999918 0.0302234 0.0 0.0 0.0 1.0
chess/seq-06/color/frame-000124.color.png chess/seq-06/color/frame-000127.color.png 0.999993 -0.00240602 -0.00273805 0.00876726 0.00242733 0.999967 0.00781174 -0.0136203 0.00271913 -0.00781833 0.999966 0.0294404 0.0 0.0 0.0 1.0
chess/seq-06/color/frame-000127.color.png chess/seq-06/color/frame-000130.color.png 0.999985 0.000734187 0.0055011 -0.0122384 -0.000711059 0.999991 -0.00420798 0.00738704 -0.00550415 0.00420402 0.999976 0.0334574 0.0 0.0 0.0 1.0
chess/seq-06/color/frame-000130.color.png chess/seq-06/color/frame-000133.color.png 0.999979 0.00622205 0.00171792 -0.00585807 -0.00621534 0.999973 -0.00387105 0.00234324 -0.00174195 0.00386026 0.999991 0.0256166 0.0 0.0 0.0 1.0
chess/seq-06/color/frame-000133.color.png chess/seq-06/color/frame-000136.color.png 0.999978 -0.00531791 -0.00401213 0.00246944 0.00533717 0.999974 0.00480642 -0.0117508 0.00398653 -0.00482772 0.99998 0.0333796 0.0 0.0 0.0 1.0
chess/seq-06/color/frame-000136.color.png chess/seq-06/color/frame-000139.color.png 0.999999 0.00143926 0.000476147 -0.00417577 -0.0014405 0.999996 0.00259783 -0.00973338 -0.000472452 -0.00259851 0.999997 0.0352716 0.0 0.0 0.0 1.0
chess/seq-06/color/frame-000139.color.png chess/seq-06/color/frame-000142.color.png 0.999966 0.00141524 0.00811821 -0.0153372 -0.00143446 0.999996 0.00236048 -0.0099363 -0.00811483 -0.00237204 0.999964 0.0347171 0.0 0.0 0.0 1.0
chess/seq-06/color/frame-000142.color.png chess/seq-06/color/frame-000145.color.png 0.99998 -0.00634917 -0.000420281 0.0023883 0.00634881 0.99998 -0.000887089 0.000703812 0.000425876 0.000884397 1.0 0.0240078 0.0 0.0 0.0 1.0
chess/seq-06/color/frame-000145.color.png chess/seq-06/color/frame-000148.color.png 0.99997 0.00467855 -0.00610221 0.0159217 -0.00459809 0.999903 0.013134 -0.0334191 0.00616308 -0.0131055 0.999895 0.0300171 0.0 0.0 0.0 1.0
chess/seq-06/color/frame-000148.color.png chess/seq-06/color/frame-000151.color.png 0.999999 -0.00101187 8.57913e-06 -0.00135093 0.00101184 0.999999 0.0013322 0.00153553 -9.95566e-06 -0.00133221 0.999999 0.0215087 0.0 0.0 0.0 1.0
chess/seq-06/color/frame-000151.color.png chess/seq-06/color/frame-000154.color.png 0.999958 0.00701005 -0.00592589 0.0106629 -0.00699098 0.99997 0.0032315 -0.00680521 0.00594837 -0.00318995 0.999977 0.024606 0.0 0.0 0.0 1.0
chess/seq-06/color/frame-000154.color.png chess/seq-06/color/frame-000157.color.png 0.999996 0.00201611 -0.00188963 0.00339107 -0.002003 0.999974 0.00692077 -0.0150458 0.00190351 -0.00691693 0.999974 0.0120091 0.0 0.0 0.0 1.0
chess/seq-06/color/frame-000157.color.png chess/seq-06/color/frame-000160.color.png 0.999992 0.00403492 0.000150888 -0.000286089 -0.00403577 0.999973 0.00617313 -0.0140383 -0.000125883 -0.00617371 0.999981 0.0115366 0.0 0.0 0.0 1.0
chess/seq-06/color/frame-000160.color.png chess/seq-06/color/frame-000163.color.png 0.999994 0.00198322 0.0028167 -0.00479347 -0.00200843 0.999958 0.00897146 -0.0179744 -0.00279883 -0.00897708 0.999956 0.00644898 0.0 0.0 0.0 1.0
chess/seq-06/color/frame-000163.color.png chess/seq-06/color/frame-000166.color.png 0.999993 -0.000414519 -0.00362787 0.015752 0.000451291 0.999949 0.0101363 -0.0235651 0.00362354 -0.0101379 0.999942 -8.51154e-05 0.0 0.0 0.0 1.0
chess/seq-06/color/frame-000166.color.png chess/seq-06/color/frame-000169.color.png 0.999975 -0.0016081 -0.00681977 0.0199508 0.00163883 0.999988 0.00449917 -0.0062831 0.00681242 -0.00451024 0.999967 -0.00325298 0.0 0.0 0.0 1.0
chess/seq-06/color/frame-000169.color.png chess/seq-06/color/frame-000172.color.png 0.999897 0.007708 -0.012085 0.0401273 -0.00761776 0.999943 0.00749724 -0.0173843 0.0121421 -0.00740442 0.999899 -0.0149274 0.0 0.0 0.0 1.0
chess/seq-06/color/frame-000172.color.png chess/seq-06/color/frame-000175.color.png 0.999779 0.0131406 -0.0164038 0.0645043 -0.0129538 0.999851 0.0114423 -0.0273503 0.0165516 -0.0112273 0.9998 -0.0275135 0.0 0.0 0.0 1.0
chess/seq-06/color/frame-000175.color.png chess/seq-06/color/frame-000178.color.png 0.999825 0.0124779 -0.013963 0.0558834 -0.0123531 0.999883 0.00898361 -0.0193223 0.0140735 -0.00880957 0.999862 -0.0255353 0.0 0.0 0.0 1.0
chess/seq-06/color/frame-000178.color.png chess/seq-06/color/frame-000181.color.png 0.999742 0.0205425 -0.00965031 0.062979 -0.0205025 0.999781 0.00423481 -0.00712678 0.00973519 -0.00403583 0.999945 -0.0339844 0.0 0.0 0.0 1.0
chess/seq-06/color/frame-000181.color.png chess/seq-06/color/frame-000184.color.png 0.999679 0.0100153 -0.0232783 0.09996 -0.00976855 0.999895 0.0106912 -0.0176105 0.023383 -0.0104603 0.999672 -0.0419796 0.0 0.0 0.0 1.0
chess/seq-06/color/frame-000184.color.png chess/seq-06/color/frame-000187.color.png 0.99975 0.0166555 -0.0149236 0.0834399 -0.0166344 0.99986 0.00153633 0.00316861 0.0149471 -0.00128773 0.999888 -0.0375574 0.0 0.0 0.0 1.0
chess/seq-06/color/frame-000187.color.png chess/seq-06/color/frame-000190.color.png 0.999897 0.00238956 -0.0141776 0.0887125 -0.00234508 0.999992 0.00315061 0.000199884 0.014185 -0.00311704 0.999894 -0.051162 0.0 0.0 0.0 1.0
chess/seq-06/color/frame-000190.color.png chess/seq-06/color/frame-000193.color.png 0.999957 -0.00282205 -0.0088831 0.0647615 0.00283393 0.999995 0.00132983 0.00492761 0.00887929 -0.00135491 0.99996 -0.0311172 0.0 0.0 0.0 1.0
chess/seq-06/color/frame-000193.color.png chess/seq-06/color/frame-000196.color.png 0.999958 0.00394208 -0.00831201 0.0604545 -0.00396031 0.99999 -0.00217994 0.00798419 0.00830341 0.00221271 0.999963 -0.0222797 0.0 0.0 0.0 1.0
chess/seq-06/color/frame-000196.color.png chess/seq-06/color/frame-000199.color.png 0.999879 0.0140487 -0.00673807 0.0711897 -0.0139901 0.999865 0.00867655 -0.001773 0.00685887 -0.00858123 0.99994 -0.022943 0.0 0.0 0.0 1.0
chess/seq-06/color/frame-000199.color.png chess/seq-06/color/frame-000202.color.png 0.999891 0.00865603 -0.0119773 0.0685756 -0.0085629 0.999933 0.00780531 -0.00858203 0.0120441 -0.00770192 0.999898 -0.0182433 0.0 0.0 0.0 1.0
chess/seq-06/color/frame-000202.color.png chess/seq-06/color/frame-000205.color.png 0.999609 0.00200603 -0.0278882 0.122536 -0.00198882 0.999998 0.000644799 0.00433996 0.0278894 -0.000589095 0.999611 -0.0218065 0.0 0.0 0.0 1.0
chess/seq-06/color/frame-000205.color.png chess/seq-06/color/frame-000208.color.png 0.999768 -0.00761356 -0.0201449 0.0898283 0.00765655 0.999969 0.00205798 -0.00954744 0.0201286 -0.00221171 0.999795 -0.0185437 0.0 0.0 0.0 1.0
chess/seq-06/color/frame-000208.color.png chess/seq-06/color/frame-000211.color.png 0.999766 -0.0118948 -0.0180808 0.106931 0.0116339 0.999828 -0.0144677 0.0214778 0.0182498 0.014254 0.999732 -0.0126882 0.0 0.0 0.0 1.0
chess/seq-06/color/frame-000211.color.png chess/seq-06/color/frame-000214.color.png 0.999777 0.00268189 -0.0209618 0.103558 -0.00276934 0.999988 -0.00414417 0.0029369 0.0209503 0.00420125 0.999772 -0.0242831 0.0 0.0 0.0 1.0
chess/seq-06/color/frame-000214.color.png chess/seq-06/color/frame-000217.color.png 0.999849 -0.000150804 -0.017374 0.083683 9.4653e-05 0.999995 -0.00323628 0.00435117 0.0173745 0.00323415 0.999844 -0.0222827 0.0 0.0 0.0 1.0
chess/seq-06/color/frame-000217.color.png chess/seq-06/color/frame-000220.color.png 0.999784 -0.00127194 -0.0207184 0.112147 0.00107864 0.999956 -0.00933462 0.01862 0.0207293 0.00931029 0.999742 -0.0332142 0.0 0.0 0.0 1.0
chess/seq-06/color/frame-000220.color.png chess/seq-06/color/frame-000223.color.png 0.999225 -0.0157813 -0.0360691 0.117724 0.0163305 0.999754 0.014982 -0.0248314 0.0358237 -0.0155594 0.999237 -0.0551847 0.0 0.0 0.0 1.0
chess/seq-06/color/frame-000223.color.png chess/seq-06/color/frame-000226.color.png 0.998897 0.0106119 -0.0457354 0.193962 -0.0101021 0.999884 0.0113622 -0.00325584 0.0458509 -0.0108877 0.998889 -0.0328308 0.0 0.0 0.0 1.0
chess/seq-06/color/frame-000226.color.png chess/seq-06/color/frame-000229.color.png 0.999498 -0.00187863 -0.0316232 0.131656 0.00199935 0.999991 0.00378783 -0.00796774 0.0316157 -0.00384913 0.999493 -0.0514057 0.0 0.0 0.0 1.0
chess/seq-06/color/frame-000229.color.png chess/seq-06/color/frame-000232.color.png 0.999726 -0.0102556 -0.02106 0.0933747 0.0103519 0.999937 0.00446445 -0.0160396 0.0210129 -0.00468127 0.999768 -0.0370331 0.0 0.0 0.0 1.0
chess/seq-06/color/frame-000232.color.png chess/seq-06/color/frame-000235.color.png 0.999736 0.00813365 -0.0214693 0.0979698 -0.00816109 0.999966 -0.00119085 0.00821111 0.021459 0.00136574 0.999769 -0.0289115 0.0 0.0 0.0 1.0
chess/seq-06/color/frame-000235.color.png chess/seq-06/color/frame-000238.color.png 0.999597 -0.00512591 -0.027924 0.115569 0.00501961 0.99998 -0.00387781 0.00882712 0.0279433 0.00373606 0.999602 -0.0278251 0.0 0.0 0.0 1.0
chess/seq-06/color/frame-000238.color.png chess/seq-06/color/frame-000241.color.png 0.999414 0.0208292 -0.0271726 0.121741 -0.0207893 0.999782 0.00175046 0.011373 0.0272032 -0.00118446 0.999629 -0.0285169 0.0 0.0 0.0 1.0
chess/seq-06/color/frame-000241.color.png chess/seq-06/color/frame-000244.color.png 0.999195 0.00357911 -0.0399676 0.148633 -0.0035635 0.999994 0.000463545 -0.0166253 0.0399688 -0.000320681 0.999201 -0.0384085 0.0 0.0 0.0 1.0
chess/seq-06/color/frame-000244.color.png chess/seq-06/color/frame-000247.color.png 0.999866 -0.00680177 -0.0148601 0.0978301 0.00664392 0.999921 -0.0106434 -0.000538707 0.0149314 0.0105432 0.999833 -0.0252512 0.0 0.0 0.0 1.0
chess/seq-06/color/frame-000247.color.png chess/seq-06/color/frame-000250.color.png 0.999942 0.00331954 -0.0102929 0.0792046 -0.00339151 0.99997 -0.00698282 0.0105693 0.0102694 0.00701732 0.999923 -0.0146435 0.0 0.0 0.0 1.0
chess/seq-06/color/frame-000250.color.png chess/seq-06/color/frame-000253.color.png 0.999837 0.00116234 -0.0180171 0.0978891 -0.00141979 0.999897 -0.0142852 0.0282473 0.0179984 0.0143085 0.999735 -0.0382022 0.0 0.0 0.0 1.0
chess/seq-06/color/frame-000253.color.png chess/seq-06/color/frame-000256.color.png 0.999484 -0.0221409 -0.0232743 0.101237 0.0221456 0.999755 -5.37722e-05 -0.022149 0.0232699 -0.000461703 0.999729 -0.0485198 0.0 0.0 0.0 1.0
chess/seq-06/color/frame-000256.color.png chess/seq-06/color/frame-000259.color.png 0.999861 -0.0166901 -0.000115457 0.0375392 0.0166869 0.999762 -0.014018 0.0192254 0.000349305 0.0140142 0.999902 0.0084132 0.0 0.0 0.0 1.0
chess/seq-06/color/frame-000259.color.png chess/seq-06/color/frame-000262.color.png 0.999779 -0.0162856 -0.0133178 0.0715687 0.016102 0.999775 -0.0137784 0.0317843 0.0135394 0.0135608 0.999817 0.0102645 0.0 0.0 0.0 1.0
chess/seq-06/color/frame-000262.color.png chess/seq-06/color/frame-000265.color.png 0.999783 -0.020613 0.00306246 0.00604749 0.0206349 0.999761 -0.00727308 -0.000712395 -0.00291195 0.00733476 0.999969 0.0303338 0.0 0.0 0.0 1.0
chess/seq-06/color/frame-000265.color.png chess/seq-06/color/frame-000268.color.png 0.999893 -0.00779867 0.0123665 -0.00599456 0.00806017 0.999742 -0.0212393 0.0640049 -0.0121976 0.0213367 0.999698 0.0601768 0.0 0.0 0.0 1.0
chess/seq-06/color/frame-000268.color.png chess/seq-06/color/frame-000271.color.png 0.999318 0.0346732 -0.0126894 0.0160823 -0.0348757 0.999262 -0.0160986 0.11244 0.0121219 0.0165302 0.99979 0.0131096 0.0 0.0 0.0 1.0
chess/seq-06/color/frame-000271.color.png chess/seq-06/color/frame-000274.color.png 0.999934 0.00949607 -0.00639044 -0.00572288 -0.00959642 0.999828 -0.0158695 0.0592293 0.0062386 0.0159297 0.999854 0.0389538 0.0 0.0 0.0 1.0
chess/seq-06/color/frame-000274.color.png chess/seq-06/color/frame-000277.color.png 0.999989 0.00445657 -0.00156969 -0.0106306 -0.00449963 0.999582 -0.0285698 0.0811321 0.00144158 0.0285765 0.999591 0.047628 0.0 0.0 0.0 1.0
chess/seq-06/color/frame-000277.color.png chess/seq-06/color/frame-000280.color.png 0.999677 -0.00631535 -0.0245956 0.0444616 0.00596685 0.999881 -0.0142159 0.0338201 0.0246825 0.0140645 0.999596 0.018106 0.0 0.0 0.0 1.0
chess/seq-06/color/frame-000280.color.png chess/seq-06/color/frame-000283.color.png 0.999276 -0.0352757 -0.0142175 0.00974953 0.0353024 0.999375 0.00163298 -0.0431153 0.0141511 -0.00213367 0.999898 0.0122821 0.0 0.0 0.0 1.0
chess/seq-06/color/frame-000283.color.png chess/seq-06/color/frame-000286.color.png 0.99941 -0.0330829 0.00920069 -0.028464 0.0333458 0.998992 -0.0300571 0.0498031 -0.0081971 0.0303462 0.999506 0.0364234 0.0 0.0 0.0 1.0
chess/seq-06/color/frame-000286.color.png chess/seq-06/color/frame-000289.color.png 0.99966 -0.0158517 0.0207167 -0.0347645 0.0158516 0.999874 0.000167695 -0.00608455 -0.0207165 0.0001607 0.999786 0.0650692 0.0 0.0 0.0 1.0
chess/seq-06/color/frame-000289.color.png chess/seq-06/color/frame-000292.color.png 0.999686 -0.0094403 0.0231989 -0.0502496 0.00962572 0.999923 -0.0078957 0.0145992 -0.0231226 0.00811652 0.9997 0.0550864 0.0 0.0 0.0 1.0
chess/seq-06/color/frame-000292.color.png chess/seq-06/color/frame-000295.color.png 0.99999 -0.00258232 0.00368059 -0.0242915 0.00260156 0.999983 -0.00523798 0.0314696 -0.00366687 0.00524747 0.99998 0.0272369 0.0 0.0 0.0 1.0
chess/seq-06/color/frame-000295.color.png chess/seq-06/color/frame-000298.color.png 0.999868 -0.0109334 -0.0119912 0.0129365 0.0109526 0.999939 0.00153153 0.0118915 0.0119737 -0.00166261 0.999927 0.0134053 0.0 0.0 0.0 1.0
chess/seq-06/color/frame-000298.color.png chess/seq-06/color/frame-000301.color.png 0.999961 -0.00568485 -0.00675757 0.00300705 0.00571772 0.999972 0.00485286 -0.00390768 0.00672964 -0.0048913 0.999965 0.0129402 0.0 0.0 0.0 1.0
chess/seq-06/color/frame-000301.color.png chess/seq-06/color/frame-000304.color.png 0.999986 -0.00506189 0.0012485 -0.00671232 0.00505998 0.999986 0.0015423 -0.0014945 -0.00125617 -0.00153595 0.999998 0.0286 0.0 0.0 0.0 1.0
chess/seq-06/color/frame-000304.color.png chess/seq-06/color/frame-000307.color.png 0.999917 -0.0122365 0.00406033 -0.00152922 0.0122729 0.999884 -0.00906178 0.00816542 -0.00394899 0.00911086 0.999951 0.0235326 0.0 0.0 0.0 1.0
chess/seq-06/color/frame-000307.color.png chess/seq-06/color/frame-000310.color.png 0.999838 -0.00315833 0.0177462 -0.0408624 0.00315133 0.999995 0.000421228 0.0114127 -0.0177475 -0.00036524 0.999842 0.0315363 0.0 0.0 0.0 1.0
chess/seq-06/color/frame-000310.color.png chess/seq-06/color/frame-000313.color.png 0.999751 -0.0156047 0.0159415 -0.0429469 0.0152368 0.999621 0.0229392 -0.0641028 -0.0162931 -0.0226907 0.99961 0.0519993 0.0 0.0 0.0 1.0
chess/seq-06/color/frame-000313.color.png chess/seq-06/color/frame-000316.color.png 0.999526 -0.0259284 0.0166205 -0.0521002 0.0257672 0.999619 0.00984547 -0.0549738 -0.0168697 -0.00941248 0.999813 0.0434566 0.0 0.0 0.0 1.0
chess/seq-06/color/frame-000316.color.png chess/seq-06/color/frame-000319.color.png 0.999913 0.000278228 0.0131837 -0.0469328 -0.000204297 0.999984 -0.00560904 0.0226082 -0.0131851 0.00560581 0.999897 0.0358896 0.0 0.0 0.0 1.0
chess/seq-06/color/frame-000319.color.png chess/seq-06/color/frame-000322.color.png 0.999842 -0.00881648 0.015451 -0.0456139 0.00873781 0.999949 0.00515109 -0.0155465 -0.0154957 -0.00501526 0.999867 0.036196 0.0 0.0 0.0 1.0
chess/seq-06/color/frame-000322.color.png chess/seq-06/color/frame-000325.color.png 0.999893 -0.00282024 0.0143761 -0.0376875 0.0028227 0.999996 -0.000151034 0.0147951 -0.0143755 0.000191621 0.999897 0.0324049 0.0 0.0 0.0 1.0
chess/seq-06/color/frame-000325.color.png chess/seq-06/color/frame-000328.color.png 0.999934 -0.00648828 0.0095375 -0.0289958 0.00644064 0.999967 0.00501623 -0.0103937 -0.00956975 -0.00495451 0.999942 0.0290506 0.0 0.0 0.0 1.0
chess/seq-06/color/frame-000328.color.png chess/seq-06/color/frame-000331.color.png 0.999986 0.00160627 0.00510083 -0.0280709 -0.00159983 0.999998 -0.00126927 0.0276172 -0.00510268 0.00126112 0.999986 0.018271 0.0 0.0 0.0 1.0
chess/seq-06/color/frame-000331.color.png chess/seq-06/color/frame-000334.color.png 0.99994 -0.0109709 -0.00015029 -0.0139799 0.0109706 0.999937 -0.0024309 0.00316399 0.000176757 0.00242912 0.999997 0.0234466 0.0 0.0 0.0 1.0
chess/seq-06/color/frame-000334.color.png chess/seq-06/color/frame-000337.color.png 0.999956 -0.00928833 -0.000771569 -0.0136369 0.00928342 0.999938 -0.00611657 0.0144843 0.000828351 0.00610911 0.999981 0.0169756 0.0 0.0 0.0 1.0
chess/seq-06/color/frame-000337.color.png chess/seq-06/color/frame-000340.color.png 0.999958 -0.00725881 0.00549698 -0.030484 0.00722842 0.999959 0.00553307 -0.00929995 -0.0055368 -0.00549309 0.999969 0.0282848 0.0 0.0 0.0 1.0
chess/seq-06/color/frame-000340.color.png chess/seq-06/color/frame-000343.color.png 0.999992 -0.0022539 0.00343726 -0.0242543 0.00221128 0.999921 0.0123564 -0.0232786 -0.00346494 -0.0123487 0.999918 0.0217607 0.0 0.0 0.0 1.0
chess/seq-06/color/frame-000343.color.png chess/seq-06/color/frame-000346.color.png 0.999996 0.00255758 0.000780593 -0.0230671 -0.00256128 0.999985 0.00475205 0.00153239 -0.00076839 -0.00475405 0.999988 0.00930691 0.0 0.0 0.0 1.0
chess/seq-06/color/frame-000346.color.png chess/seq-06/color/frame-000349.color.png 0.999945 -0.00687306 -0.00791585 0.00423634 0.00677858 0.999906 -0.0119022 0.0270599 0.00799695 0.0118479 0.999898 0.00127649 0.0 0.0 0.0 1.0
chess/seq-06/color/frame-000349.color.png chess/seq-06/color/frame-000352.color.png 0.999988 -0.00476085 0.00086695 -0.0225782 0.00476941 0.999937 -0.010139 0.0183558 -0.00081885 0.0101431 0.999948 0.0108635 0.0 0.0 0.0 1.0
chess/seq-06/color/frame-000352.color.png chess/seq-06/color/frame-000355.color.png 0.999982 0.00335155 -0.00492189 -0.00793552 -0.00334407 0.999993 0.00153159 0.0123647 0.00492719 -0.00151507 0.999987 0.000631332 0.0 0.0 0.0 1.0
chess/seq-06/color/frame-000355.color.png chess/seq-06/color/frame-000358.color.png 0.999992 0.00369277 0.00143177 -0.0276312 -0.00371004 0.999918 0.0122817 -0.022706 -0.00138653 -0.0122869 0.999924 0.012557 0.0 0.0 0.0 1.0
chess/seq-06/color/frame-000358.color.png chess/seq-06/color/frame-000361.color.png 0.999965 -0.00461986 -0.0069737 -0.00159085 0.00468218 0.999949 0.0089481 -0.0250133 0.00693201 -0.00898044 0.999936 0.00149536 0.0 0.0 0.0 1.0
chess/seq-06/color/frame-000361.color.png chess/seq-06/color/frame-000364.color.png 0.999983 -0.00502278 -0.00287395 -0.00254703 0.00506848 0.999857 0.0161247 -0.04613 0.0027926 -0.016139 0.999866 0.0114748 0.0 0.0 0.0 1.0
chess/seq-06/color/frame-000364.color.png chess/seq-06/color/frame-000367.color.png 0.999911 0.00057414 -0.0133549 0.0250994 -0.000433334 0.999945 0.0105426 -0.020343 0.0133602 -0.0105359 0.999855 0.00030756 0.0 0.0 0.0 1.0
chess/seq-06/color/frame-000367.color.png chess/seq-06/color/frame-000370.color.png 0.999694 -0.0199912 -0.0146028 0.0389403 0.0199111 0.999786 -0.00561137 -0.0108858 0.014712 0.00531888 0.999878 0.00260639 0.0 0.0 0.0 1.0
chess/seq-06/color/frame-000370.color.png chess/seq-06/color/frame-000373.color.png 0.999963 -0.00666265 0.00543352 -0.0153774 0.0066173 0.999944 0.00832262 -0.0280309 -0.0054887 -0.00828636 0.999951 0.0282352 0.0 0.0 0.0 1.0
chess/seq-06/color/frame-000373.color.png chess/seq-06/color/frame-000376.color.png 0.999906 -0.0126594 0.00536012 -0.00865066 0.0126449 0.999916 0.00273059 -0.0227481 -0.00539406 -0.00266256 0.999982 0.0185356 0.0 0.0 0.0 1.0
chess/seq-06/color/frame-000376.color.png chess/seq-06/color/frame-000379.color.png 0.999826 0.0173866 -0.0067968 0.000503063 -0.0174204 0.999836 -0.00494605 0.0346284 0.00670939 0.00506359 0.999965 0.00315785 0.0 0.0 0.0 1.0
chess/seq-06/color/frame-000379.color.png chess/seq-06/color/frame-000382.color.png 0.999996 -0.00251199 0.000763439 -0.0186104 0.00250917 0.99999 0.00366983 -0.0144981 -0.000772402 -0.00366789 0.999993 0.0228646 0.0 0.0 0.0 1.0
chess/seq-06/color/frame-000382.color.png chess/seq-06/color/frame-000385.color.png 0.999946 -0.00955765 0.00403412 -0.0196903 0.00953858 0.999943 0.00471849 -0.0257266 -0.00407901 -0.00467977 0.999981 0.0179675 0.0 0.0 0.0 1.0
chess/seq-06/color/frame-000385.color.png chess/seq-06/color/frame-000388.color.png 0.999983 0.0014341 0.00564449 -0.0262067 -0.00146411 0.999985 0.0053153 -0.00772664 -0.00563681 -0.00532346 0.99997 0.0193667 0.0 0.0 0.0 1.0
chess/seq-06/color/frame-000388.color.png chess/seq-06/color/frame-000391.color.png 0.999878 0.0150969 -0.00407649 -0.00180614 -0.0150705 0.999866 0.00642431 0.00171405 0.00417303 -0.00636209 0.999971 0.00948238 0.0 0.0 0.0 1.0
chess/seq-06/color/frame-000391.color.png chess/seq-06/color/frame-000394.color.png 0.999985 0.00171503 -0.00525531 -0.00455272 -0.00174471 0.999983 -0.00564905 0.018214 0.00524558 0.00565813 0.99997 0.00745916 0.0 0.0 0.0 1.0
chess/seq-06/color/frame-000394.color.png chess/seq-06/color/frame-000397.color.png 0.999997 -0.00117071 0.00188806 -0.0206854 0.001169 0.999999 0.000902826 -0.00668752 -0.0018892 -0.000900628 0.999998 0.00952315 0.0 0.0 0.0 1.0
chess/seq-06/color/frame-000397.color.png chess/seq-06/color/frame-000400.color.png 0.999989 0.000880299 -0.00461954 -0.000516772 -0.000876354 0.999999 0.000858028 -0.00550988 0.00462043 -0.000853958 0.999989 0.000230789 0.0 0.0 0.0 1.0
chess/seq-06/color/frame-000400.color.png chess/seq-06/color/frame-000403.color.png 0.999986 0.00514485 -0.00110731 -0.0128837 -0.00514652 0.999986 -0.00150756 0.0131281 0.00109948 0.00151323 0.999998 0.00471139 0.0 0.0 0.0 1.0
chess/seq-06/color/frame-000403.color.png chess/seq-06/color/frame-000406.color.png 0.999943 0.00699669 -0.00802756 0.00630319 -0.00695825 0.999964 0.00480642 -0.000931293 0.00806077 -0.00475029 0.999956 -0.00380802 0.0 0.0 0.0 1.0
chess/seq-06/color/frame-000406.color.png chess/seq-06/color/frame-000409.color.png 0.999985 0.00262199 -0.00477142 -0.00375998 -0.00260944 0.999993 0.00263467 0.00262791 0.00477839 -0.00262217 0.999985 0.00151467 0.0 0.0 0.0 1.0
chess/seq-06/color/frame-000409.color.png chess/seq-06/color/frame-000412.color.png 0.999981 0.00565445 -0.00227096 -0.0112771 -0.00564364 0.999973 0.00474167 -0.0085468 0.00229769 -0.00472876 0.999986 0.00539279 0.0 0.0 0.0 1.0
chess/seq-06/color/frame-000412.color.png chess/seq-06/color/frame-000415.color.png 0.99999 0.00416449 -0.00177127 0.000125289 -0.00415861 0.999986 0.0033081 -0.00435534 0.00178517 -0.0033007 0.999993 0.00625396 0.0 0.0 0.0 1.0
chess/seq-06/color/frame-000415.color.png chess/seq-06/color/frame-000418.color.png 0.99992 0.00972346 -0.0080577 0.00983596 -0.00970432 0.99995 0.00241043 0.00467262 0.00808065 -0.00233204 0.999965 -0.00284743 0.0 0.0 0.0 1.0
chess/seq-06/color/frame-000418.color.png chess/seq-06/color/frame-000421.color.png 0.999984 0.0051796 -0.00229037 0.000990748 -0.00515069 0.999909 0.0124531 -0.0319788 0.00235466 -0.0124411 0.99992 -0.00302935 0.0 0.0 0.0 1.0
chess/seq-06/color/frame-000421.color.png chess/seq-06/color/frame-000424.color.png 0.99983 0.0144146 0.0115017 -0.0251956 -0.0144536 0.99989 0.00330923 0.0109149 -0.0114528 -0.00347491 0.999928 -0.00342202 0.0 0.0 0.0 1.0
chess/seq-06/color/frame-000424.color.png chess/seq-06/color/frame-000427.color.png 0.999658 0.0183009 0.0186789 -0.0428357 -0.0185097 0.999767 0.0110679 -0.0111414 -0.0184719 -0.0114098 0.999764 0.00490785 0.0 0.0 0.0 1.0
chess/seq-06/color/frame-000427.color.png chess/seq-06/color/frame-000430.color.png 0.999686 0.00876152 0.0234935 -0.034905 -0.00900209 0.999908 0.0101536 -0.0216646 -0.0234024 -0.0103619 0.999673 0.00803041 0.0 0.0 0.0 1.0
chess/seq-06/color/frame-000430.color.png chess/seq-06/color/frame-000433.color.png 0.999796 0.00491723 0.0196005 -0.0222312 -0.005043 0.999967 0.00637308 -0.019778 -0.0195685 -0.00647062 0.999788 -0.0056541 0.0 0.0 0.0 1.0
chess/seq-06/color/frame-000433.color.png chess/seq-06/color/frame-000436.color.png 0.99982 0.00272719 0.0187742 -0.019305 -0.00274275 0.999996 0.000801505 -0.00618035 -0.018772 -0.00085285 0.999823 -0.0137608 0.0 0.0 0.0 1.0
chess/seq-06/color/frame-000436.color.png chess/seq-06/color/frame-000439.color.png 0.999937 -0.00541294 0.00983728 0.00512767 0.00526201 0.999869 0.0153063 -0.0483516 -0.00991875 -0.0152536 0.999834 -0.012938 0.0 0.0 0.0 1.0
chess/seq-06/color/frame-000439.color.png chess/seq-06/color/frame-000442.color.png 0.999932 0.0106069 0.00481089 0.0129563 -0.0106671 0.999863 0.0126607 -0.0257709 -0.00467596 -0.0127111 0.999908 -0.0328784 0.0 0.0 0.0 1.0
chess/seq-06/color/frame-000442.color.png chess/seq-06/color/frame-000445.color.png 0.999943 0.00844223 -0.00654095 0.0276196 -0.00833514 0.999834 0.0162307 -0.03584 0.00667686 -0.0161752 0.999847 -0.0257635 0.0 0.0 0.0 1.0
chess/seq-06/color/frame-000445.color.png chess/seq-06/color/frame-000448.color.png 0.999973 -0.00741592 -0.000377427 0.0170928 0.00741204 0.999929 -0.00933023 0.00716688 0.000446587 0.00932721 0.999956 -0.0366547 0.0 0.0 0.0 1.0
chess/seq-06/color/frame-000448.color.png chess/seq-06/color/frame-000451.color.png 0.999933 0.0109251 -0.00394797 0.0227759 -0.0109323 0.999939 -0.001834 0.0103174 0.00392771 0.00187701 0.99999 -0.042686 0.0 0.0 0.0 1.0
chess/seq-06/color/frame-000451.color.png chess/seq-06/color/frame-000454.color.png 0.999745 0.0170059 0.0148434 -0.0389719 -0.0171624 0.999798 0.0104815 -0.0287068 -0.0146622 -0.0107336 0.999835 -0.0251517 0.0 0.0 0.0 1.0
chess/seq-06/color/frame-000454.color.png chess/seq-06/color/frame-000457.color.png 0.999948 -0.00226177 0.00999233 -0.0114371 0.00223566 0.999994 0.00262343 -0.0195855 -0.00999804 -0.00260097 0.999947 -0.0191159 0.0 0.0 0.0 1.0
chess/seq-06/color/frame-000457.color.png chess/seq-06/color/frame-000460.color.png 0.999742 0.00423992 0.0223061 -0.0450591 -0.00481325 0.999658 0.025712 -0.0804905 -0.0221897 -0.0258127 0.999421 0.00502276 0.0 0.0 0.0 1.0
chess/seq-06/color/frame-000460.color.png chess/seq-06/color/frame-000463.color.png 0.99965 -0.000804792 0.0264243 -0.0584097 0.000219089 0.999754 0.0221605 -0.0788362 -0.0264356 -0.022147 0.999405 0.0154991 0.0 0.0 0.0 1.0
chess/seq-06/color/frame-000463.color.png chess/seq-06/color/frame-000466.color.png 0.999875 0.0032986 0.0154812 -0.0305943 -0.00373809 0.999588 0.0284454 -0.0804293 -0.015381 -0.0284997 0.999475 -0.00251079 0.0 0.0 0.0 1.0
chess/seq-06/color/frame-000466.color.png chess/seq-06/color/frame-000469.color.png 0.999882 0.0078203 0.0132243 -0.0255499 -0.00819217 0.999566 0.0283066 -0.065931 -0.0129971 -0.0284116 0.999512 -0.0138941 0.0 0.0 0.0 1.0
chess/seq-06/color/frame-000469.color.png chess/seq-06/color/frame-000472.color.png 0.999889 0.00210041 0.014756 -0.0357857 -0.00222173 0.999964 0.00820918 -0.0239429 -0.0147382 -0.00824103 0.999857 -0.010556 0.0 0.0 0.0 1.0
chess/seq-06/color/frame-000472.color.png chess/seq-06/color/frame-000475.color.png 0.999008 0.0143168 0.0421777 -0.0976073 -0.0145468 0.999881 0.00515161 -0.0199176 -0.0420989 -0.00576006 0.999097 0.0310011 0.0 0.0 0.0 1.0
chess/seq-06/color/frame-000475.color.png chess/seq-06/color/frame-000478.color.png 0.9991 -0.000364264 0.0424087 -0.103495 -0.00125179 0.999274 0.0380744 -0.120214 -0.0423918 -0.0380932 0.998375 0.0537081 0.0 0.0 0.0 1.0
chess/seq-06/color/frame-000478.color.png chess/seq-06/color/frame-000481.color.png 0.999436 -0.0052104 0.0331845 -0.0797986 0.00407574 0.999408 0.0341699 -0.0949346 -0.0333429 -0.0340154 0.998865 0.0290217 0.0 0.0 0.0 1.0
chess/seq-06/color/frame-000481.color.png chess/seq-06/color/frame-000484.color.png 0.999187 -0.00899772 0.0392976 -0.104064 0.00741382 0.999161 0.040266 -0.117307 -0.0396269 -0.0399419 0.998416 0.029479 0.0 0.0 0.0 1.0
chess/seq-06/color/frame-000484.color.png chess/seq-06/color/frame-000487.color.png 0.999897 0.0100502 0.0101947 -0.0311955 -0.0101809 0.999866 0.0128424 -0.0257838 -0.0100644 -0.0129447 0.999866 -0.00233936 0.0 0.0 0.0 1.0
chess/seq-06/color/frame-000487.color.png chess/seq-06/color/frame-000490.color.png 0.999893 -0.0114313 0.00908716 -0.0374689 0.0112507 0.999743 0.0196787 -0.0691878 -0.00930975 -0.0195744 0.999765 -0.0096724 0.0 0.0 0.0 1.0
chess/seq-06/color/frame-000490.color.png chess/seq-06/color/frame-000493.color.png 0.999872 0.0120224 0.0105774 -0.0394647 -0.0122717 0.999641 0.0238359 -0.0550285 -0.0102869 -0.0239627 0.99966 -0.00542259 0.0 0.0 0.0 1.0
chess/seq-06/color/frame-000493.color.png chess/seq-06/color/frame-000496.color.png 0.999488 -0.0283065 0.0149236 -0.0614706 0.0277974 0.999059 0.0332852 -0.122474 -0.0158518 -0.0328532 0.999335 -0.00415373 0.0 0.0 0.0 1.0
chess/seq-06/color/frame-000496.color.png chess/seq-06/color/frame-000499.color.png 0.999577 0.0249055 0.015049 -0.0327398 -0.0248019 0.999668 -0.00703285 0.0304208 -0.0152192 0.00665667 0.999862 -0.000638723 0.0 0.0 0.0 1.0
chess/seq-06/color/frame-000499.color.png chess/seq-06/color/frame-000502.color.png 0.999919 -0.0115747 0.00526958 -0.0171113 0.0115679 0.999932 0.00132343 -0.0336425 -0.00528446 -0.00126243 0.999985 -0.0185533 0.0 0.0 0.0 1.0
chess/seq-06/color/frame-000502.color.png chess/seq-06/color/frame-000505.color.png 0.999995 -0.00299581 0.000719504 -0.0083282 0.00298885 0.999951 0.0094826 -0.0312424 -0.000747942 -0.00948043 0.999955 -0.0198342 0.0 0.0 0.0 1.0
chess/seq-06/color/frame-000505.color.png chess/seq-06/color/frame-000508.color.png 0.999947 -0.00905374 -0.00488496 -0.00424063 0.00905582 0.999959 0.000397387 -0.0208641 0.00488122 -0.000441493 0.999988 -0.0309116 0.0 0.0 0.0 1.0
chess/seq-06/color/frame-000508.color.png chess/seq-06/color/frame-000511.color.png 0.999937 0.0104319 0.00407198 -0.0329742 -0.0104195 0.999941 -0.00306895 0.000736535 -0.00410384 0.00302629 0.999987 -0.0254084 0.0 0.0 0.0 1.0
chess/seq-06/color/frame-000511.color.png chess/seq-06/color/frame-000514.color.png 0.999991 -0.00415328 -0.00067158 -0.00238228 0.00415517 0.999987 0.00281574 -0.0136419 0.000659832 -0.00281846 0.999996 -0.0236067 0.0 0.0 0.0 1.0
chess/seq-06/color/frame-000514.color.png chess/seq-06/color/frame-000517.color.png 0.999936 -0.0102476 0.00472638 -0.0114372 0.0101888 0.999872 0.0123038 -0.0312134 -0.00485176 -0.0122549 0.999913 -0.015299 0.0 0.0 0.0 1.0
chess/seq-06/color/frame-000517.color.png chess/seq-06/color/frame-000520.color.png 0.999999 0.00162632 0.00010928 -0.00371802 -0.00162745 0.999933 0.0114881 -0.0180496 -9.06784e-05 -0.0114883 0.999934 -0.0185081 0.0 0.0 0.0 1.0
chess/seq-06/color/frame-000520.color.png chess/seq-06/color/frame-000523.color.png 0.999946 -0.00991897 -0.00299544 -0.00610197 0.00996844 0.999806 0.0169876 -0.0452915 0.00282639 -0.0170165 0.999851 -0.0198835 0.0 0.0 0.0 1.0
chess/seq-06/color/frame-000523.color.png chess/seq-06/color/frame-000526.color.png 0.999955 0.00827264 0.00455831 -0.0153636 -0.00831662 0.999918 0.00971723 -0.012128 -0.00447755 -0.00975472 0.999942 -0.00501966 0.0 0.0 0.0 1.0
chess/seq-06/color/frame-000526.color.png chess/seq-06/color/frame-000529.color.png 0.999874 -0.00715454 0.0142003 -0.0542158 0.00697448 0.999895 0.0126918 -0.0337226 -0.0142896 -0.0125912 0.999819 -0.00609827 0.0 0.0 0.0 1.0
chess/seq-06/color/frame-000529.color.png chess/seq-06/color/frame-000532.color.png 0.999926 0.00385531 0.0115023 -0.0250431 -0.00394273 0.999963 0.00758662 -0.0147353 -0.0114727 -0.00763137 0.999905 0.00367403 0.0 0.0 0.0 1.0
