chess/seq-06/color/frame-000000.color.png chess/seq-06/color/frame-000003.color.png 0.99999 0.0043109 -0.00142996 0.00426998 -0.00430989 0.99999 0.000712519 0.00118243 0.00143302 -0.000706349 0.999999 0.00926333 0.0 0.0 0.0 1.0
chess/seq-06/color/frame-000003.color.png chess/seq-06/color/frame-000006.color.png 0.999987 0.00334494 -0.00382613 0.00668291 -0.00331917 0.999972 0.0067234 -0.00191992 0.00384851 -0.00671061 0.99997 0.0104782 0.0 0.0 0.0 1.0
chess/seq-06/color/frame-000006.color.png chess/seq-06/color/frame-000009.color.png 0.999978 0.00536415 -0.00377547 0.0158449 -0.00533375 0.999954 0.00801731 0.000697171 0.0038183 -0.007997 0.999961 0.00739658 0.0 0.0 0.0 1.0
chess/seq-06/color/frame-000009.color.png chess/seq-06/color/frame-000012.color.png 0.999988 -0.00282992 -0.00393181 0.00237657 0.00285724 0.999972 0.00696204 -0.00260581 0.003912 -0.00697319 0.999968 0.0118827 0.0 0.0 0.0 1.0
chess/seq-06/color/frame-000012.color.png chess/seq-06/color/frame-000015.color.png 0.999993 0.000326755 -0.00366404 0.00627443 -0.000308392 0.999987 0.00501028 -0.00447095 0.00366563 -0.00500912 0.999981 0.0259235 0.0 0.0 0.0 1.0
chess/seq-06/color/frame-000015.color.png chess/seq-06/color/frame-000018.color.png 0.999999 -0.000950405 -0.000966153 0.00832518 0.000950463 1.0 6.00392e-05 -0.00284791 0.000966094 -6.09555e-05 1.0 0.0235248 0.0 0.0 0.0 1.0
chess/seq-06/color/frame-000018.color.png chess/seq-06/color/frame-000021.color.png 0.999986 -0.000405137 0.00535801 -0.00453535 0.000405127 1.0 2.38882e-06 -0.00216674 -0.00535801 -2.23357e-07 0.999986 0.0406445 0.0 0.0 0.0 1.0
chess/seq-06/color/frame-000021.color.png chess/seq-06/color/frame-000024.color.png 0.999992 -0.0038291 -0.00106241 0.00232973 0.00383474 0.999978 0.00536005 -0.00834484 0.00104186 -0.00536408 0.999985 0.0399803 0.0 0.0 0.0 1.0
chess/seq-06/color/frame-000024.color.png chess/seq-06/color/frame-000027.color.png 0.99999 0.0024274 0.0038918 -0.00241201 -0.0024143 0.999991 -0.003367 -0.0200287 -0.00389994 0.00335757 0.999987 0.0607741 0.0 0.0 0.0 1.0
chess/seq-06/color/frame-000027.color.png chess/seq-06/color/frame-000030.color.png 0.999986 0.00474986 0.00224973 -0.00744681 -0.0047464 0.999988 -0.00154035 -0.0190055 -0.00225702 0.00152965 0.999996 0.0565387 0.0 0.0 0.0 1.0
chess/seq-06/color/frame-000030.color.png chess/seq-06/color/frame-000033.color.png 0.999978 0.00532063 -0.00391815 -0.00823569 -0.00532767 0.999984 -0.00178848 -0.0206764 0.00390857 0.00180932 0.999991 0.0766762 0.0 0.0 0.0 1.0
chess/seq-06/color/frame-000033.color.png chess/seq-06/color/frame-000036.color.png 0.999834 0.00427425 -0.0177026 0.00362927 -0.00419038 0.99998 0.00477231 -0.00465173 0.0177226 -0.00469733 0.999832 0.0587464 0.0 0.0 0.0 1.0
chess/seq-06/color/frame-000036.color.png chess/seq-06/color/frame-000039.color.png 0.999944 0.00894331 -0.00572138 -0.00152245 -0.0089039 0.999937 0.00687768 -0.00130542 0.00578254 -0.00682635 0.99996 0.0618828 0.0 0.0 0.0 1.0
chess/seq-06/color/frame-000039.color.png chess/seq-06/color/frame-000042.color.png 0.999838 0.00270693 -0.0178178 0.00706935 -0.00246518 0.999905 0.0135757 -0.0192068 0.0178528 -0.0135296 0.999749 0.0562656 0.0 0.0 0.0 1.0
chess/seq-06/color/frame-000042.color.png chess/seq-06/color/frame-000045.color.png 0.99997 0.00255496 -0.00727655 -0.00107244 -0.00248153 0.999946 0.0100821 -0.0194225 0.00730192 -0.0100638 0.999923 0.0587612 0.0 0.0 0.0 1.0
chess/seq-06/color/frame-000045.color.png chess/seq-06/color/frame-000048.color.png 0.99993 0.00216643 -0.0116475 0.0152256 -0.00209553 0.999979 0.00609642 -0.00744338 0.0116604 -0.0060716 0.999914 0.0537446 0.0 0.0 0.0 1.0
chess/seq-06/color/frame-000048.color.png chess/seq-06/color/frame-000051.color.png 0.999927 0.00186778 -0.0119675 0.0132677 -0.00182902 0.999993 0.00324731 -0.0206276 0.0119734 -0.00322517 0.999923 0.0512687 0.0 0.0 0.0 1.0
chess/seq-06/color/frame-000051.color.png chess/seq-06/color/frame-000054.color.png 0.999964 -0.00401072 -0.00742783 0.00189654 0.00398298 0.999985 -0.00374385 -0.0204513 0.00744273 0.00371412 0.999965 0.062064 0.0 0.0 0.0 1.0
chess/seq-06/color/frame-000054.color.png chess/seq-06/color/frame-000057.color.png 0.999859 -0.000237261 -0.0168114 0.0208419 0.000313344 0.99999 0.00452298 -0.0133177 0.0168102 -0.0045276 0.999848 0.0624171 0.0 0.0 0.0 1.0
chess/seq-06/color/frame-000057.color.png chess/seq-06/color/frame-000060.color.png 0.999829 -0.00125076 -0.0184479 0.0272535 0.00134392 0.999986 0.00503855 -0.0150484 0.0184414 -0.00506248 0.999817 0.0597674 0.0 0.0 0.0 1.0
chess/seq-06/color/frame-000060.color.png chess/seq-06/color/frame-000063.color.png 0.999968 0.00235876 -0.00766549 0.01042 -0.00224803 0.999893 0.014422 -0.0210583 0.00769872 -0.0144043 0.999867 0.0594468 0.0 0.0 0.0 1.0
chess/seq-06/color/frame-000063.color.png chess/seq-06/color/frame-000066.color.png 0.999964 0.00840767 -0.00131917 -0.00137552 -0.00838275 0.999805 0.0178851 -0.0306453 0.0014693 -0.0178734 0.999839 0.0598695 0.0 0.0 0.0 1.0
chess/seq-06/color/frame-000066.color.png chess/seq-06/color/frame-000069.color.png 0.999947 0.00120003 -0.0102194 0.00509196 -0.00113317 0.999978 0.00654561 -0.0170701 0.0102271 -0.00653368 0.999926 0.053618 0.0 0.0 0.0 1.0
chess/seq-06/color/frame-000069.color.png chess/seq-06/color/frame-000072.color.png 0.999977 0.00160323 -0.00666903 0.00412744 -0.00157791 0.999992 0.00380109 -0.0112287 0.006675 -0.00379047 0.999971 0.0520908 0.0 0.0 0.0 1.0
chess/seq-06/color/frame-000072.color.png chess/seq-06/color/frame-000075.color.png 0.99998 0.0053584 0.00331171 -0.00835689 -0.00537322 0.999976 0.00448255 -0.0231463 -0.00328759 -0.00450024 0.999984 0.0535377 0.0 0.0 0.0 1.0
chess/seq-06/color/frame-000075.color.png chess/seq-06/color/frame-000078.color.png 0.999903 -0.0109062 0.00870557 -0.00941599 0.010993 0.99989 -0.00999263 0.00152709 -0.00859563 0.0100874 0.999912 0.0538327 0.0 0.0 0.0 1.0
chess/seq-06/color/frame-000078.color.png chess/seq-06/color/frame-000081.color.png 0.999978 -0.00508817 0.00427573 -0.00643592 0.0051512 0.999876 -0.0148616 0.00371888 -0.00419958 0.0148833 0.99988 0.0543375 0.0 0.0 0.0 1.0
chess/seq-06/color/frame-000081.color.png chess/seq-06/color/frame-000084.color.png 0.999969 0.00279595 0.00735303 -0.015757 -0.00276456 0.999987 -0.00427503 0.00355721 -0.00736487 0.00425456 0.999964 0.0523956 0.0 0.0 0.0 1.0
chess/seq-06/color/frame-000084.color.png chess/seq-06/color/frame-000087.color.png 0.999974 0.000585143 -0.00717414 0.00277999 -0.000619253 0.999988 -0.00475397 0.00133201 0.00717128 0.00475828 0.999963 0.0472612 0.0 0.0 0.0 1.0
chess/seq-06/color/frame-000087.color.png chess/seq-06/color/frame-000090.color.png 0.999885 0.0135172 -0.00688622 0.0066347 -0.0134612 0.999876 0.0081186 -0.0201115 0.00699506 -0.00802497 0.999943 0.0446329 0.0 0.0 0.0 1.0
chess/seq-06/color/frame-000090.color.png chess/seq-06/color/frame-000093.color.png 0.999808 -0.00028972 -0.0195895 0.0307792 0.000402845 0.999983 0.00577006 -0.0143331 0.0195876 -0.00577686 0.999791 0.0405693 0.0 0.0 0.0 1.0
chess/seq-06/color/frame-000093.color.png chess/seq-06/color/frame-000096.color.png 0.999998 0.00197304 -0.000870222 -0.00394295 -0.00198548 0.999893 -0.0145223 0.0214808 0.000841476 0.014524 0.999894 0.0455568 0.0 0.0 0.0 1.0
chess/seq-06/color/frame-000096.color.png chess/seq-06/color/frame-000099.color.png 0.999869 0.00517556 -0.0153107 0.0389232 -0.00527269 0.999966 -0.00631009 -0.00386119 0.0152775 0.00639 0.999863 0.0470078 0.0 0.0 0.0 1.0
chess/seq-06/color/frame-000099.color.png chess/seq-06/color/frame-000102.color.png 0.999983 0.00319201 -0.00491405 0.0155571 -0.00318698 0.999994 0.00102814 -0.00744224 0.00491725 -0.00101247 0.999987 0.039129 0.0 0.0 0.0 1.0
chess/seq-06/color/frame-000102.color.png chess/seq-06/color/frame-000105.color.png 0.999995 0.00313844 -4.20496e-05 0.00982878 -0.00313873 0.999931 -0.0113591 0.0166979 6.41427e-06 0.0113592 0.999936 0.0437502 0.0 0.0 0.0 1.0
chess/seq-06/color/frame-000105.color.png chess/seq-06/color/frame-000108.color.png 0.999963 0.00858152 -0.000796948 0.00834627 -0.00858166 0.999963 -0.000193658 -0.00514317 0.000795264 0.000200468 1.0 0.0449229 0.0 0.0 0.0 1.0
chess/seq-06/color/frame-000108.color.png chess/seq-06/color/frame-000111.color.png 0.999837 0.0108294 -0.0144285 0.0331123 -0.011035 0.999838 -0.0142456 0.0198409 0.0142719 0.0144025 0.999794 0.0482874 0.0 0.0 0.0 1.0
chess/seq-06/color/frame-000111.color.png chess/seq-06/color/frame-000114.color.png 0.999718 0.00669386 -0.0227825 0.0456644 -0.0067016 0.999978 -0.000263974 -0.00268289 0.0227802 0.00041658 0.99974 0.036801 0.0 0.0 0.0 1.0
chess/seq-06/color/frame-000114.color.png chess/seq-06/color/frame-000117.color.png 0.999742 0.00528472 -0.0221149 0.0446193 -0.00514656 0.999967 0.00629932 -0.020534 0.0221474 -0.00618388 0.999736 0.039791 0.0 0.0 0.0 1.0
chess/seq-06/color/frame-000117.color.png chess/seq-06/color/frame-000120.color.png 0.999944 -0.00083201 -0.0105896 0.0168048 0.000954025 0.999933 0.0115236 -0.0201536 0.0105793 -0.011533 0.999878 0.034548 0.0 0.0 0.0 1.0
chess/seq-06/color/frame-000120.color.png chess/seq-06/color/frame-000123.color.png 0.999942 0.00754994 -0.00769877 0.0145952 -0.00746726 0.999915 0.0107098 -0.0221662 0.00777899 -0.0106517 0.999913 0.0299945 0.0 0.0 0.0 1.0
chess/seq-06/color/frame-000123.color.png chess/seq-06/color/frame-000126.color.png 0.999985 -0.00555155 -0.0004239 -0.00094771 0.00555258 0.999982 0.00247838 -0.002657 0.000410048 -0.00248068 0.999997 0.0236554 0.0 0.0 0.0 1.0
chess/seq-06/color/frame-000126.color.png chess/seq-06/color/frame-000129.color.png 0.999966 0.00744271 0.00356179 -0.0069342 -0.00745608 0.999965 0.00375565 -0.00753856 -0.0035337 -0.0037821 0.999987 0.0333362 0.0 0.0 0.0 1.0
chess/seq-06/color/frame-000129.color.png chess/seq-06/color/frame-000132.color.png 0.999996 0.0026287 -0.000746598 0.00166944 -0.00263169 0.999988 -0.00404246 0.000376821 0.000735936 0.00404444 0.999992 0.0314615 0.0 0.0 0.0 1.0
chess/seq-06/color/frame-000132.color.png chess/seq-06/color/frame-000135.color.png 0.999991 -0.00288885 -0.00322818 0.00652694 0.00290336 0.999986 0.00450307 -0.0129291 0.00321516 -0.0045124 0.999985 0.032863 0.0 0.0 0.0 1.0
chess/seq-06/color/frame-000135.color.png chess/seq-06/color/frame-000138.color.png 0.999994 -0.00197426 -0.00273184 0.00106777 0.00198233 0.999994 0.00295715 -0.0120217 0.00272597 -0.00296254 0.999992 0.0344334 0.0 0.0 0.0 1.0
chess/seq-06/color/frame-000138.color.png chess/seq-06/color/frame-000141.color.png 0.999967 0.00247244 0.00777737 -0.0162233 -0.00247352 0.999997 0.000130999 -0.00201419 -0.00777704 -0.000150241 0.99997 0.0274427 0.0 0.0 0.0 1.0
chess/seq-06/color/frame-000141.color.png chess/seq-06/color/frame-000144.color.png 0.999979 -0.00102842 0.00644 -0.0135346 0.00101103 0.999996 0.00270066 -0.0104289 -0.00644278 -0.00269411 0.999976 0.0332162 0.0 0.0 0.0 1.0
chess/seq-06/color/frame-000144.color.png chess/seq-06/color/frame-000147.color.png 0.999986 -0.0010628 -0.00516269 0.00737081 0.00111174 0.999954 0.00948594 -0.0227723 0.00515235 -0.00949156 0.999942 0.0292239 0.0 0.0 0.0 1.0
chess/seq-06/color/frame-000147.color.png chess/seq-06/color/frame-000150.color.png 0.999974 0.00644136 0.00338544 -0.0073159 -0.00645336 0.999973 0.00354988 -0.0055311 -0.00336245 -0.00357162 0.999988 0.0220783 0.0 0.0 0.0 1.0
chess/seq-06/color/frame-000150.color.png chess/seq-06/color/frame-000153.color.png 0.999959 0.00315028 -0.00844715 0.0161814 -0.00314088 0.999994 0.00112818 -1.48714e-05 0.00845063 -0.00110158 0.999964 0.0264673 0.0 0.0 0.0 1.0
chess/seq-06/color/frame-000153.color.png chess/seq-06/color/frame-000156.color.png 0.999992 0.00137651 -0.0037894 0.00779726 -0.00135245 0.999979 0.00634756 -0.0130461 0.00379807 -0.00634241 0.999973 0.0144007 0.0 0.0 0.0 1.0
chess/seq-06/color/frame-000156.color.png chess/seq-06/color/frame-000159.color.png 0.999997 0.00161992 -0.0018344 0.00470476 -0.00160684 0.999973 0.00712167 -0.0193528 0.00184584 -0.00711868 0.999973 0.011673 0.0 0.0 0.0 1.0
chess/seq-06/color/frame-000159.color.png chess/seq-06/color/frame-000162.color.png 0.999991 0.00368197 0.00213634 -0.00301383 -0.00370021 0.999956 0.00861395 -0.0171832 -0.00210458 -0.00862176 0.999961 0.00491023 0.0 0.0 0.0 1.0
chess/seq-06/color/frame-000162.color.png chess/seq-06/color/frame-000165.color.png 0.999994 -0.00312142 -0.00162416 0.00925681 0.00313572 0.999956 0.00889493 -0.0172188 0.00159636 -0.00890001 0.999959 0.00491691 0.0 0.0 0.0 1.0
chess/seq-06/color/frame-000165.color.png chess/seq-06/color/frame-000168.color.png 0.999995 0.00124528 -0.00308352 0.0111014 -0.00122135 0.999969 0.00774967 -0.0159188 0.00309315 -0.00774588 0.999965 -0.00242043 0.0 0.0 0.0 1.0
chess/seq-06/color/frame-000168.color.png chess/seq-06/color/frame-000171.color.png 0.999875 -0.000249949 -0.0158152 0.0475618 0.000357799 0.999977 0.00681544 -0.0137415 0.0158132 -0.00682023 0.999852 -0.0129402 0.0 0.0 0.0 1.0
chess/seq-06/color/frame-000171.color.png chess/seq-06/color/frame-000174.color.png 0.999872 0.0155091 -0.00379383 0.0257708 -0.0154814 0.999854 0.00723827 -0.0171912 0.00390557 -0.00717862 0.999967 -0.0166345 0.0 0.0 0.0 1.0
chess/seq-06/color/frame-000174.color.png chess/seq-06/color/frame-000177.color.png 0.999689 0.0137562 -0.0208301 0.0722777 -0.013513 0.999839 0.0117709 -0.0262161 0.0209887 -0.0114857 0.999714 -0.0313783 0.0 0.0 0.0 1.0
chess/seq-06/color/frame-000177.color.png chess/seq-06/color/frame-000180.color.png 0.999776 0.0180664 -0.0110363 0.062721 -0.0179844 0.99981 0.0074778 -0.0163595 0.0111694 -0.00727767 0.999911 -0.0339563 0.0 0.0 0.0 1.0
chess/seq-06/color/frame-000180.color.png chess/seq-06/color/frame-000183.color.png 0.999682 0.0152292 -0.0200998 0.0949645 -0.0151043 0.999866 0.00635502 -0.00601083 0.0201939 -0.00604938 0.999778 -0.0381994 0.0 0.0 0.0 1.0
chess/seq-06/color/frame-000183.color.png chess/seq-06/color/frame-000186.color.png 0.999738 0.0197785 -0.0114938 0.0764094 -0.0197384 0.999799 0.00358865 -0.00272802 0.0115624 -0.00336085 0.999927 -0.0402894 0.0 0.0 0.0 1.0
chess/seq-06/color/frame-000186.color.png chess/seq-06/color/frame-000189.color.png 0.999823 0.00282937 -0.0185862 0.0913894 -0.00287608 0.999993 -0.00249012 0.012827 0.018579 0.0025431 0.999824 -0.0414026 0.0 0.0 0.0 1.0
chess/seq-06/color/frame-000189.color.png chess/seq-06/color/frame-000192.color.png 0.999978 -0.00312653 -0.00580466 0.047459 0.00318717 0.99994 0.0104654 -0.0237062 0.00577157 -0.0104837 0.999928 -0.0328891 0.0 0.0 0.0 1.0
chess/seq-06/color/frame-000192.color.png chess/seq-06/color/frame-000195.color.png 0.999965 0.0036261 -0.00749366 0.0737051 -0.00361481 0.999992 0.00152064 0.00368077 0.00749912 -0.00149346 0.999971 -0.0278254 0.0 0.0 0.0 1.0
chess/seq-06/color/frame-000195.color.png chess/seq-06/color/frame-000198.color.png 0.999864 0.0139157 -0.00884128 0.0678114 -0.0138932 0.9999 0.00260685 0.00212315 0.00887667 -0.00248368 0.999958 -0.0209749 0.0 0.0 0.0 1.0
chess/seq-06/color/frame-000198.color.png chess/seq-06/color/frame-000201.color.png 0.999811 0.00648477 -0.018315 0.0948312 -0.00625399 0.999901 0.012629 -0.0141478 0.0183952 -0.0125122 0.999752 -0.0239062 0.0 0.0 0.0 1.0
chess/seq-06/color/frame-000201.color.png chess/seq-06/color/frame-000204.color.png 0.999936 0.00316826 -0.0108942 0.0697843 -0.00315792 0.999995 0.000960723 0.0160634 0.0108972 -0.000926294 0.99994 -0.0124512 0.0 0.0 0.0 1.0
chess/seq-06/color/frame-000204.color.png chess/seq-06/color/frame-000207.color.png 0.999213 -0.00818221 -0.0387994 0.151779 0.00826591 0.999964 0.00199976 -0.0175223 0.0387816 -0.00231879 0.999245 -0.0238137 0.0 0.0 0.0 1.0
chess/seq-06/color/frame-000207.color.png chess/seq-06/color/frame-000210.color.png 0.999848 -0.00406001 -0.0169796 0.0980486 0.00398463 0.999982 -0.00447278 -0.00355604 0.0169976 0.00440436 0.999846 -0.0130584 0.0 0.0 0.0 1.0
chess/seq-06/color/frame-000210.color.png chess/seq-06/color/frame-000213.color.png 0.999774 -0.0111959 -0.018052 0.0789807 0.0111517 0.999934 -0.00254817 -0.00539967 0.0180793 0.00234634 0.999834 -0.0183791 0.0 0.0 0.0 1.0
chess/seq-06/color/frame-000213.color.png chess/seq-06/color/frame-000216.color.png 0.999713 0.00648533 -0.0230385 0.115446 -0.0065834 0.99997 -0.00418659 0.00253645 0.0230105 0.00433706 0.999726 -0.0269427 0.0 0.0 0.0 1.0
chess/seq-06/color/frame-000216.color.png chess/seq-06/color/frame-000219.color.png 0.999858 -0.00470566 -0.0162 0.0822939 0.00465239 0.999984 -0.00332384 0.00239974 0.0162153 0.00324799 0.999863 -0.0289862 0.0 0.0 0.0 1.0
chess/seq-06/color/frame-000219.color.png chess/seq-06/color/frame-000222.color.png 0.998862 -0.0115491 -0.0462769 0.178481 0.0115905 0.999933 0.000627186 0.0105102 0.0462666 -0.00116285 0.998928 -0.0429256 0.0 0.0 0.0 1.0
chess/seq-06/color/frame-000222.color.png chess/seq-06/color/frame-000225.color.png 0.999783 0.0168863 -0.0121967 0.0880527 -0.0168614 0.999856 0.00213418 0.0146004 0.012231 -0.00192811 0.999923 -0.0330958 0.0 0.0 0.0 1.0
chess/seq-06/color/frame-000225.color.png chess/seq-06/color/frame-000228.color.png 0.999172 -0.000343839 -0.0406917 0.157093 0.00111776 0.999819 0.0189973 -0.0387489 0.0406778 -0.0190271 0.998991 -0.0653368 0.0 0.0 0.0 1.0
chess/seq-06/color/frame-000228.color.png chess/seq-06/color/frame-000231.color.png 0.999536 -0.00566471 -0.0299246 0.128063 0.00566647 0.999984 -2.61097e-05 -0.0061304 0.0299243 -0.000143474 0.999552 -0.0458255 0.0 0.0 0.0 1.0
chess/seq-06/color/frame-000231.color.png chess/seq-06/color/frame-000234.color.png 0.999788 0.00305261 -0.0203514 0.10213 -0.00305212 0.999995 5.67493e-05 0.00300536 0.0203514 5.43067e-06 0.999793 -0.0323161 0.0 0.0 0.0 1.0
chess/seq-06/color/frame-000234.color.png chess/seq-06/color/frame-000237.color.png 0.998981 -0.0125746 -0.043343 0.154552 0.0126194 0.99992 0.000759382 -0.0123852 0.04333 -0.00130561 0.99906 -0.0251806 0.0 0.0 0.0 1.0
chess/seq-06/color/frame-000237.color.png chess/seq-06/color/frame-000240.color.png 0.999414 0.0186583 -0.0286939 0.135258 -0.0186887 0.999825 -0.000790386 0.0208007 0.0286742 0.00132617 0.999588 -0.0327504 0.0 0.0 0.0 1.0
chess/seq-06/color/frame-000240.color.png chess/seq-06/color/frame-000243.color.png 0.999544 0.00875637 -0.0289026 0.114692 -0.00877792 0.999961 -0.000618545 -0.00257367 0.0288961 0.000872014 0.999582 -0.0384982 0.0 0.0 0.0 1.0
chess/seq-06/color/frame-000243.color.png chess/seq-06/color/frame-000246.color.png 0.999845 -0.00639126 -0.0164017 0.0959094 0.00615552 0.999878 -0.0143831 0.00353909 0.0164916 0.0142799 0.999762 -0.0198798 0.0 0.0 0.0 1.0
chess/seq-06/color/frame-000246.color.png chess/seq-06/color/frame-000249.color.png 0.999939 0.00657819 -0.00887887 0.0779221 -0.00664769 0.999947 -0.00781301 0.0166578 0.00882692 0.00787156 0.99993 -0.0137861 0.0 0.0 0.0 1.0
chess/seq-06/color/frame-000249.color.png chess/seq-06/color/frame-000252.color.png 0.999858 -0.00793467 -0.0148468 0.0858741 0.0077193 0.999865 -0.0145146 0.0214215 0.0149599 0.014398 0.999784 -0.0282507 0.0 0.0 0.0 1.0
chess/seq-06/color/frame-000252.color.png chess/seq-06/color/frame-000255.color.png 0.999366 -0.0122397 -0.0334363 0.134607 0.0122489 0.999925 7.19219e-05 -0.0158827 0.0334331 -0.000481487 0.999441 -0.050807 0.0 0.0 0.0 1.0
chess/seq-06/color/frame-000255.color.png chess/seq-06/color/frame-000258.color.png 0.999734 -0.0221719 -0.00642129 0.0631893 0.0221851 0.999752 0.00199651 -0.0180555 0.00637538 -0.00213847 0.999977 -0.0158036 0.0 0.0 0.0 1.0
chess/seq-06/color/frame-000258.color.png chess/seq-06/color/frame-000261.color.png 0.999754 -0.0220722 -0.00220899 0.0365196 0.0220262 0.999576 -0.0190409 0.0120956 0.00262822 0.0189876 0.999816 0.00521123 0.0 0.0 0.0 1.0
chess/seq-06/color/frame-000261.color.png chess/seq-06/color/frame-000264.color.png 0.999958 -0.00405022 0.00824752 0.00438273 0.00415736 0.999907 -0.013007 0.0416126 -0.00819381 0.0130408 0.999881 0.029283 0.0 0.0 0.0 1.0
chess/seq-06/color/frame-000264.color.png chess/seq-06/color/frame-000267.color.png 0.999802 -0.0153105 0.0127086 -0.018629 0.0154442 0.999826 -0.0104916 0.0214854 -0.0125458 0.0106858 0.999864 0.0568117 0.0 0.0 0.0 1.0
chess/seq-06/color/frame-000267.color.png chess/seq-06/color/frame-000270.color.png 0.999533 0.0303184 -0.00390327 0.00635588 -0.0303934 0.999321 -0.0208395 0.120579 0.00326867 0.0209484 0.999775 0.0279367 0.0 0.0 0.0 1.0
chess/seq-06/color/frame-000270.color.png chess/seq-06/color/frame-000273.color.png 0.99969 0.0149999 -0.0198892 0.0425696 -0.0155527 0.999489 -0.02794 0.104543 0.01946 0.0282407 0.999412 0.0342404 0.0 0.0 0.0 1.0
chess/seq-06/color/frame-000273.color.png chess/seq-06/color/frame-000276.color.png 0.999978 -0.0064896 0.00161637 -0.0243645 0.00652464 0.99972 -0.0227356 0.0506721 -0.00146852 0.0227456 0.99974 0.0528328 0.0 0.0 0.0 1.0
chess/seq-06/color/frame-000276.color.png chess/seq-06/color/frame-000279.color.png 0.999842 0.00023867 -0.0177497 0.0128222 -0.000515226 0.999879 -0.0155763 0.0526876 0.0177439 0.0155829 0.999721 0.0132291 0.0 0.0 0.0 1.0
chess/seq-06/color/frame-000279.color.png chess/seq-06/color/frame-000282.color.png 0.999761 -0.00219492 -0.0217471 0.029548 0.00185014 0.999872 -0.0158626 0.0484047 0.0217791 0.0158186 0.999638 -0.000593424 0.0 0.0 0.0 1.0
chess/seq-06/color/frame-000282.color.png chess/seq-06/color/frame-000285.color.png 0.997699 -0.0677939 0.000312826 -0.0121996 0.0677936 0.997647 -0.0101737 -0.0531372 0.000377671 0.0101715 0.999948 0.0292304 0.0 0.0 0.0 1.0
chess/seq-06/color/frame-000285.color.png chess/seq-06/color/frame-000288.color.png 0.999561 -0.0201497 0.0217371 -0.0486745 0.0202967 0.999773 -0.00656394 0.00641067 -0.0215999 0.00700223 0.999742 0.0630224 0.0 0.0 0.0 1.0
chess/seq-06/color/frame-000288.color.png chess/seq-06/color/frame-000291.color.png 0.999824 -0.00283906 0.0185558 -0.0290323 0.00319167 0.999814 -0.0189987 0.0536584 -0.0184984 0.0190546 0.999647 0.0803182 0.0 0.0 0.0 1.0
chess/seq-06/color/frame-000291.color.png chess/seq-06/color/frame-000294.color.png 0.999947 -0.00711798 0.00742639 -0.0283355 0.00703474 0.999913 0.0111704 -0.0173799 -0.00750528 -0.0111176 0.99991 0.0339372 0.0 0.0 0.0 1.0
chess/seq-06/color/frame-000294.color.png chess/seq-06/color/frame-000297.color.png 0.999964 -0.00425698 -0.00729863 0.00671005 0.00428891 0.999981 0.00436653 -0.00501091 0.00727993 -0.0043977 0.999964 0.00730014 0.0 0.0 0.0 1.0
chess/seq-06/color/frame-000297.color.png chess/seq-06/color/frame-000300.color.png 0.999967 -0.0040639 -0.00697118 -0.00469613 0.00408724 0.999986 0.00333238 0.00720539 0.00695747 -0.00336071 0.99997 0.0115416 0.0 0.0 0.0 1.0
chess/seq-06/color/frame-000300.color.png chess/seq-06/color/frame-000303.color.png 0.99999 -0.0037933 0.00259084 -0.00597072 0.0037819 0.999983 0.0043722 -0.00592599 -0.00260732 -0.00436238 0.999987 0.0210536 0.0 0.0 0.0 1.0
chess/seq-06/color/frame-000303.color.png chess/seq-06/color/frame-000306.color.png 0.999977 -0.00671881 0.000498947 -0.000518203 0.006722 0.999956 -0.00662167 0.0108183 -0.000454426 0.00662485 0.999978 0.033066 0.0 0.0 0.0 1.0
chess/seq-06/color/frame-000306.color.png chess/seq-06/color/frame-000309.color.png 0.999839 -0.0178889 0.00149742 0.00549817 0.0178994 0.999813 -0.00732122 0.00926716 -0.00136622 0.00734686 0.999972 0.0268824 0.0 0.0 0.0 1.0
chess/seq-06/color/frame-000309.color.png chess/seq-06/color/frame-000312.color.png 0.999905 -0.00186449 0.0136904 -0.0376247 0.00162061 0.99984 0.0178027 -0.0283312 -0.0137213 -0.0177788 0.999748 0.0446229 0.0 0.0 0.0 1.0
chess/seq-06/color/frame-000312.color.png chess/seq-06/color/frame-000315.color.png 0.999227 -0.0306066 0.0246602 -0.0701253 0.0303606 0.999486 0.0102884 -0.0592961 -0.0249625 -0.00953173 0.999643 0.0565925 0.0 0.0 0.0 1.0
chess/seq-06/color/frame-000315.color.png chess/seq-06/color/frame-000318.color.png 0.999966 -0.00403172 0.0071523 -0.0337268 0.00404468 0.99999 -0.00179831 0.0126746 -0.00714497 0.00182717 0.999973 0.023092 0.0 0.0 0.0 1.0
chess/seq-06/color/frame-000318.color.png chess/seq-06/color/frame-000321.color.png 0.999779 -0.00514532 0.0203685 -0.058995 0.00517875 0.999985 -0.00158863 0.00955369 -0.02036 0.00169374 0.999791 0.0481727 0.0 0.0 0.0 1.0
chess/seq-06/color/frame-000321.color.png chess/seq-06/color/frame-000324.color.png 0.999955 -0.00545561 0.0077073 -0.0271363 0.00538836 0.999948 0.00871657 -0.0217142 -0.00775438 -0.00867464 0.999932 0.0312335 0.0 0.0 0.0 1.0
chess/seq-06/color/frame-000324.color.png chess/seq-06/color/frame-000327.color.png 0.999902 -0.00808144 0.0114435 -0.0255367 0.00811987 0.999961 -0.00331767 0.022149 -0.0114162 0.00341025 0.999929 0.0372505 0.0 0.0 0.0 1.0
chess/seq-06/color/frame-000327.color.png chess/seq-06/color/frame-000330.color.png 0.99999 -0.0011132 0.00424813 -0.0237048 0.0010897 0.999984 0.0055332 0.000233874 -0.00425439 -0.00552851 0.999976 0.0184786 0.0 0.0 0.0 1.0
chess/seq-06/color/frame-000330.color.png chess/seq-06/color/frame-000333.color.png 0.999929 -0.0118418 -0.00137371 -0.00993145 0.0118403 0.999929 -0.00109707 0.000397891 0.00138667 0.00108072 0.999998 0.0174477 0.0 0.0 0.0 1.0
chess/seq-06/color/frame-000333.color.png chess/seq-06/color/frame-000336.color.png 0.999956 -0.0078369 0.00514457 -0.0339367 0.00787352 0.999943 -0.00714255 0.0205664 -0.00508818 0.00718272 0.999961 0.023967 0.0 0.0 0.0 1.0
chess/seq-06/color/frame-000336.color.png chess/seq-06/color/frame-000339.color.png 0.999961 -0.00745313 0.00468238 -0.0278792 0.0074513 0.999972 0.000410113 -0.00190338 -0.00468538 -0.000375174 0.999989 0.0222368 0.0 0.0 0.0 1.0
chess/seq-06/color/frame-000339.color.png chess/seq-06/color/frame-000342.color.png 0.999976 -0.00206644 0.00656419 -0.0324451 0.00200359 0.999952 0.00957072 -0.00931567 -0.0065837 -0.00955733 0.999933 0.0236385 0.0 0.0 0.0 1.0
chess/seq-06/color/frame-000342.color.png chess/seq-06/color/frame-000345.color.png 0.999996 0.00249044 0.00114211 -0.0192693 -0.00250236 0.999941 0.0105596 -0.0155931 -0.00111568 -0.0105625 0.999944 0.0161276 0.0 0.0 0.0 1.0
chess/seq-06/color/frame-000345.color.png chess/seq-06/color/frame-000348.color.png 0.99993 -0.0067575 -0.0097113 0.0036782 0.0067139 0.999967 -0.00451429 0.00729488 0.00974141 0.00444876 0.999943 0.000586748 0.0 0.0 0.0 1.0
chess/seq-06/color/frame-000348.color.png chess/seq-06/color/frame-000351.color.png 0.999994 -0.00267034 0.00212786 -0.0258857 0.00270001 0.999897 -0.0140672 0.0349347 -0.00208994 0.0140729 0.999899 0.0109098 0.0 0.0 0.0 1.0
chess/seq-06/color/frame-000351.color.png chess/seq-06/color/frame-000354.color.png 0.999998 0.00146952 -0.0013462 -0.0155985 -0.00146596 0.999995 0.00263487 -0.00353977 0.00134997 -0.00263294 0.999996 0.00250793 0.0 0.0 0.0 1.0
chess/seq-06/color/frame-000354.color.png chess/seq-06/color/frame-000357.color.png 0.999967 0.00706132 -0.00398518 -0.00898707 -0.00702335 0.999931 0.00946517 -0.0090165 0.00405179 -0.00943686 0.999947 0.00514841 0.0 0.0 0.0 1.0
chess/seq-06/color/frame-000357.color.png chess/seq-06/color/frame-000360.color.png 0.999974 -0.00454088 -0.00562224 -0.00429642 0.00459761 0.999938 0.0101175 -0.0236432 0.00557603 -0.010143 0.999933 0.0052104 0.0 0.0 0.0 1.0
chess/seq-06/color/frame-000360.color.png chess/seq-06/color/frame-000363.color.png 0.999915 -0.0124794 -0.00386634 -0.00704181 0.0125342 0.999816 0.0144876 -0.0496285 0.00368466 -0.0145349 0.999888 0.00680804 0.0 0.0 0.0 1.0
chess/seq-06/color/frame-000363.color.png chess/seq-06/color/frame-000366.color.png 0.999956 0.0023901 -0.00906206 0.0141246 -0.0022815 0.999926 0.0119755 -0.0250629 0.0090901 -0.0119543 0.999887 -0.00148559 0.0 0.0 0.0 1.0
chess/seq-06/color/frame-000366.color.png chess/seq-06/color/frame-000369.color.png 0.999836 -0.0133804 -0.0121641 0.0230012 0.0132868 0.999882 -0.00773854 0.00948384 0.0122661 0.00757563 0.999896 0.00863743 0.0 0.0 0.0 1.0
chess/seq-06/color/frame-000369.color.png chess/seq-06/color/frame-000372.color.png 0.99992 -0.0124817 -0.00198916 0.00687373 0.0124979 0.999887 0.00833152 -0.034508 0.00188506 -0.00835571 0.999963 0.00983834 0.0 0.0 0.0 1.0
chess/seq-06/color/frame-000372.color.png chess/seq-06/color/frame-000375.color.png 0.999857 -0.0135872 0.0100481 -0.019195 0.0135311 0.999893 0.00562818 -0.0325523 -0.0101234 -0.00549142 0.999934 0.0355992 0.0 0.0 0.0 1.0
chess/seq-06/color/frame-000375.color.png chess/seq-06/color/frame-000378.color.png 0.999943 0.00873624 -0.00612031 0.00831425 -0.00868733 0.999931 0.00797204 -0.0180132 0.0061894 -0.00791842 0.99995 0.00542688 0.0 0.0 0.0 1.0
chess/seq-06/color/frame-000378.color.png chess/seq-06/color/frame-000381.color.png 0.999946 0.0102934 -0.00122086 -0.0154705 -0.0103066 0.999883 -0.0113091 0.0498477 0.00110427 0.0113211 0.999935 0.00557733 0.0 0.0 0.0 1.0
chess/seq-06/color/frame-000381.color.png chess/seq-06/color/frame-000384.color.png 0.999844 -0.0175859 0.00125818 -0.014661 0.0175713 0.999787 0.0108338 -0.0606789 -0.00144848 -0.01081 0.999941 0.0268412 0.0 0.0 0.0 1.0
chess/seq-06/color/frame-000384.color.png chess/seq-06/color/frame-000387.color.png 0.999978 0.000319367 0.00670603 -0.0329498 -0.000305013 0.999998 -0.00214311 0.0164154 -0.00670657 0.002141 0.999975 0.0198464 0.0 0.0 0.0 1.0
chess/seq-06/color/frame-000387.color.png chess/seq-06/color/frame-000390.color.png 0.999797 0.0200401 0.00219251 -0.0199281 -0.020056 0.999771 0.00751826 0.00606811 -0.00204121 -0.00756069 0.999969 0.013993 0.0 0.0 0.0 1.0
chess/seq-06/color/frame-000390.color.png chess/seq-06/color/frame-000393.color.png 0.99993 0.00607485 -0.0101281 0.0125159 -0.0061091 0.999976 -0.00335666 0.0185319 0.0101073 0.0034183 0.999943 0.00574851 0.0 0.0 0.0 1.0
chess/seq-06/color/frame-000393.color.png chess/seq-06/color/frame-000396.color.png 0.999987 -0.00443778 0.00268123 -0.0221369 0.00442842 0.999984 0.00348371 -0.0198608 -0.00269683 -0.00347178 0.99999 0.0115743 0.0 0.0 0.0 1.0
chess/seq-06/color/frame-000396.color.png chess/seq-06/color/frame-000399.color.png 0.999994 0.000397109 -0.00349562 -0.00525212 -0.000409738 0.999993 -0.00361386 0.00887778 0.00349428 0.00361526 0.999987 0.0018754 0.0 0.0 0.0 1.0
chess/seq-06/color/frame-000399.color.png chess/seq-06/color/frame-000402.color.png 0.999981 0.00461892 -0.00399298 -0.00406408 -0.00461344 0.999988 0.00138093 0.0012877 0.00399939 -0.00136247 0.999991 0.00122213 0.0 0.0 0.0 1.0
chess/seq-06/color/frame-000402.color.png chess/seq-06/color/frame-000405.color.png 0.999945 0.00808612 -0.00672733 -0.000186801 -0.00803919 0.999943 0.00697326 -0.0100031 0.00678322 -0.00691879 0.999953 -0.000383615 0.0 0.0 0.0 1.0
chess/seq-06/color/frame-000405.color.png chess/seq-06/color/frame-000408.color.png 0.999963 0.00568699 -0.00648142 -0.00102365 -0.00564847 0.999966 0.00594432 -0.00481614 0.00651497 -0.00590749 0.999961 0.00152445 0.0 0.0 0.0 1.0
chess/seq-06/color/frame-000408.color.png chess/seq-06/color/frame-000411.color.png 0.999981 0.00481971 -0.00380127 -0.00320876 -0.0048101 0.999985 0.00253553 -0.000456125 0.00381341 -0.00251721 0.99999 0.00398445 0.0 0.0 0.0 1.0
chess/seq-06/color/frame-000411.color.png chess/seq-06/color/frame-000414.color.png 0.999988 0.00443008 -0.00199581 -0.00238276 -0.00442901 0.99999 0.000539802 0.00665575 0.00199823 -0.000530956 0.999998 0.00501633 0.0 0.0 0.0 1.0
chess/seq-06/color/frame-000414.color.png chess/seq-06/color/frame-000417.color.png 0.999952 0.00937926 -0.00283118 -0.00361645 -0.00937438 0.999955 0.00172797 0.00728521 0.00284739 -0.00170135 0.999995 0.00115633 0.0 0.0 0.0 1.0
chess/seq-06/color/frame-000417.color.png chess/seq-06/color/frame-000420.color.png 0.999996 0.00176836 -0.00222947 0.000758171 -0.0017513 0.999969 0.00763313 -0.0227874 0.00224264 -0.00762918 0.999968 -0.00145936 0.0 0.0 0.0 1.0
chess/seq-06/color/frame-000420.color.png chess/seq-06/color/frame-000423.color.png 0.999874 0.0158264 0.00154009 -0.00620067 -0.0158364 0.999852 0.0066682 -0.000748813 -0.00143404 -0.00669176 0.999977 -0.00810051 0.0 0.0 0.0 1.0
chess/seq-06/color/frame-000423.color.png chess/seq-06/color/frame-000426.color.png 0.999728 0.0166862 0.0162749 -0.0325693 -0.0169027 0.999769 0.013256 -0.0196529 -0.0160499 -0.0135275 0.99978 0.00324273 0.0 0.0 0.0 1.0
chess/seq-06/color/frame-000426.color.png chess/seq-06/color/frame-000429.color.png 0.999686 0.0118102 0.0220871 -0.0430794 -0.0120926 0.999846 0.0126985 -0.0245445 -0.0219338 -0.0129616 0.999675 0.00894189 0.0 0.0 0.0 1.0
chess/seq-06/color/frame-000429.color.png chess/seq-06/color/frame-000432.color.png 0.999622 0.00234993 0.0273927 -0.0412525 -0.00260733 0.999953 0.00936501 -0.0299557 -0.0273694 -0.0094329 0.999581 0.00447989 0.0 0.0 0.0 1.0
chess/seq-06/color/frame-000432.color.png chess/seq-06/color/frame-000435.color.png 0.999896 0.00119113 0.0143717 -0.00440848 -0.00122046 0.999997 0.00203146 -0.0137555 -0.0143693 -0.00204878 0.999895 -0.0129654 0.0 0.0 0.0 1.0
chess/seq-06/color/frame-000435.color.png chess/seq-06/color/frame-000438.color.png 0.999868 -0.000125194 0.0162446 -0.00839448 4.4045e-05 0.999988 0.00499494 -0.0139461 -0.0162451 -0.00499359 0.999856 -0.0204558 0.0 0.0 0.0 1.0
chess/seq-06/color/frame-000438.color.png chess/seq-06/color/frame-000441.color.png 0.999911 0.00909007 0.00975834 -0.00667715 -0.00921375 0.999877 0.0127084 -0.0305022 -0.00964148 -0.0127972 0.999872 -0.0129302 0.0 0.0 0.0 1.0
chess/seq-06/color/frame-000441.color.png chess/seq-06/color/frame-000444.color.png 0.999929 0.0115062 -0.00294465 0.0301393 -0.0114517 0.999774 0.0179002 -0.0340515 0.0031498 -0.0178652 0.999836 -0.043474 0.0 0.0 0.0 1.0
chess/seq-06/color/frame-000444.color.png chess/seq-06/color/frame-000447.color.png 0.999997 0.00259092 -0.000417412 0.0112758 -0.00259368 0.999974 -0.00668114 0.010183 0.000400232 0.0066822 0.999977 -0.0301447 0.0 0.0 0.0 1.0
chess/seq-06/color/frame-000447.color.png chess/seq-06/color/frame-000450.color.png 0.999975 0.00635375 -0.00323397 0.0192333 -0.00633272 0.999959 0.00647467 -0.0246421 0.00327491 -0.006454 0.999974 -0.0311158 0.0 0.0 0.0 1.0
chess/seq-06/color/frame-000450.color.png chess/seq-06/color/frame-000453.color.png 0.999999 0.00160839 0.000225572 0.0112188 -0.00160935 0.999989 0.00436337 -0.0242246 -0.000218486 -0.00436376 0.99999 -0.033066 0.0 0.0 0.0 1.0
chess/seq-06/color/frame-000453.color.png chess/seq-06/color/frame-000456.color.png 0.999888 0.0104808 0.0106895 -0.0191495 -0.0104458 0.99994 -0.00332763 0.0132193 -0.0107239 0.00321564 0.999937 -0.027684 0.0 0.0 0.0 1.0
chess/seq-06/color/frame-000456.color.png chess/seq-06/color/frame-000459.color.png 0.999915 -0.00302692 0.0126759 -0.015695 0.00274813 0.999755 0.0219523 -0.0737636 -0.0127391 -0.0219157 0.999679 -0.00537634 0.0 0.0 0.0 1.0
chess/seq-06/color/frame-000459.color.png chess/seq-06/color/frame-000462.color.png 0.999218 0.00769262 0.0387869 -0.0955751 -0.00832738 0.999834 0.0162295 -0.0498582 -0.0386558 -0.0165398 0.999116 0.027132 0.0 0.0 0.0 1.0
chess/seq-06/color/frame-000462.color.png chess/seq-06/color/frame-000465.color.png 0.999765 0.00650153 0.0206895 -0.0476247 -0.00706878 0.999598 0.0274652 -0.080262 -0.0205025 -0.027605 0.999409 0.00195575 0.0 0.0 0.0 1.0
chess/seq-06/color/frame-000465.color.png chess/seq-06/color/frame-000468.color.png 0.999893 0.00326958 0.0142522 -0.0310464 -0.00372452 0.99948 0.0320118 -0.086677 -0.0141401 -0.0320614 0.999386 -0.00706077 0.0 0.0 0.0 1.0
chess/seq-06/color/frame-000468.color.png chess/seq-06/color/frame-000471.color.png 0.99996 -0.00248762 0.00862944 -0.0147157 0.00235894 0.999886 0.0148884 -0.0411353 -0.00866566 -0.0148674 0.999852 -0.0140696 0.0 0.0 0.0 1.0
chess/seq-06/color/frame-000471.color.png chess/seq-06/color/frame-000474.color.png 0.999425 0.0240783 0.0238853 -0.0467184 -0.0238859 0.99968 -0.00830922 0.0394402 -0.0240776 0.00773397 0.99968 0.00713682 0.0 0.0 0.0 1.0
chess/seq-06/color/frame-000474.color.png chess/seq-06/color/frame-000477.color.png 0.998574 -0.00409238 0.0532329 -0.123746 0.00227856 0.999416 0.0340898 -0.120044 -0.0533413 -0.03392 0.998 0.0554571 0.0 0.0 0.0 1.0
chess/seq-06/color/frame-000477.color.png chess/seq-06/color/frame-000480.color.png 0.999006 -0.00885888 0.0436819 -0.115469 0.0072846 0.999323 0.0360684 -0.104505 -0.0439718 -0.0357144 0.998394 0.0365217 0.0 0.0 0.0 1.0
chess/seq-06/color/frame-000480.color.png chess/seq-06/color/frame-000483.color.png 0.999471 -0.00621948 0.0319172 -0.0793869 0.00530929 0.999579 0.0285226 -0.0846914 -0.0320812 -0.028338 0.999083 0.0297024 0.0 0.0 0.0 1.0
chess/seq-06/color/frame-000483.color.png chess/seq-06/color/frame-000486.color.png 0.999823 -0.00421261 0.0183406 -0.0502691 0.0037691 0.999701 0.0241499 -0.0718878 -0.0184369 -0.0240765 0.99954 0.00412107 0.0 0.0 0.0 1.0
chess/seq-06/color/frame-000486.color.png chess/seq-06/color/frame-000489.color.png 0.999887 0.0128058 0.00786187 -0.0269829 -0.0129088 0.99983 0.0131858 -0.0247898 -0.00769167 -0.0132858 0.999882 -0.00834608 0.0 0.0 0.0 1.0
chess/seq-06/color/frame-000489.color.png chess/seq-06/color/frame-000492.color.png 0.999949 -0.00330764 0.00954479 -0.0387563 0.00308776 0.999732 0.0229583 -0.0676478 -0.00961814 -0.0229275 0.999691 -0.00868368 0.0 0.0 0.0 1.0
chess/seq-06/color/frame-000492.color.png chess/seq-06/color/frame-000495.color.png 0.999731 -0.00337342 0.0229614 -0.0785171 0.00242591 0.999149 0.0411681 -0.12045 -0.0230807 -0.0411013 0.998888 0.00898433 0.0 0.0 0.0 1.0
chess/seq-06/color/frame-000495.color.png chess/seq-06/color/frame-000498.color.png 0.999901 0.00926084 0.0106184 -0.034886 -0.0093832 0.999889 0.0115354 -0.0485593 -0.0105104 -0.0116339 0.999877 -0.0138032 0.0 0.0 0.0 1.0
chess/seq-06/color/frame-000498.color.png chess/seq-06/color/frame-000501.color.png 0.99989 -0.0128426 0.00746371 -0.0229738 0.0128445 0.999918 -0.000213762 -0.0306823 -0.00746035 0.000309613 0.999972 -0.0134479 0.0 0.0 0.0 1.0
chess/seq-06/color/frame-000501.color.png chess/seq-06/color/frame-000504.color.png 0.999955 -0.00951199 -0.00010672 -0.0064621 0.00951255 0.999909 0.00957301 -0.0412093 1.57045e-05 -0.00957356 0.999954 -0.0234237 0.0 0.0 0.0 1.0
chess/seq-06/color/frame-000504.color.png chess/seq-06/color/frame-000507.color.png 0.999993 -0.00364676 -0.0003398 -0.00637507 0.00364735 0.999992 0.00170304 -0.0185563 0.000333597 -0.00170435 0.999999 -0.0256896 0.0 0.0 0.0 1.0
chess/seq-06/color/frame-000507.color.png chess/seq-06/color/frame-000510.color.png 0.999986 0.00473754 -0.00227391 -0.0017916 -0.00474736 0.999979 -0.0043219 0.00830424 0.00225331 0.00433263 0.999988 -0.0214268 0.0 0.0 0.0 1.0
chess/seq-06/color/frame-000510.color.png chess/seq-06/color/frame-000513.color.png 0.999967 -0.00419236 -0.00690982 0.00654233 0.00420877 0.999988 0.00235803 -0.0173866 0.00689988 -0.00238703 0.999973 -0.0397719 0.0 0.0 0.0 1.0
chess/seq-06/color/frame-000513.color.png chess/seq-06/color/frame-000516.color.png 0.999918 -0.00331453 0.0124151 -0.0392761 0.00324043 0.999977 0.00598181 -0.0127517 -0.0124347 -0.00594106 0.999905 -0.0093019 0.0 0.0 0.0 1.0
chess/seq-06/color/frame-000516.color.png chess/seq-06/color/frame-000519.color.png 0.999979 -0.00529162 -0.00359871 0.0091635 0.00532864 0.999932 0.0103574 -0.0261563 0.00354365 -0.0103762 0.99994 -0.0243419 0.0 0.0 0.0 1.0
chess/seq-06/color/frame-000519.color.png chess/seq-06/color/frame-000522.color.png 0.999938 -0.0100885 0.00475796 -0.0224726 0.00999683 0.999771 0.0189243 -0.0440301 -0.0049477 -0.0188756 0.99981 -0.0145006 0.0 0.0 0.0 1.0
chess/seq-06/color/frame-000522.color.png chess/seq-06/color/frame-000525.color.png 0.999975 0.00559549 -0.00427169 0.0094012 -0.00555907 0.999949 0.00849476 -0.0157248 0.00431899 -0.00847076 0.999955 -0.0152736 0.0 0.0 0.0 1.0
chess/seq-06/color/frame-000525.color.png chess/seq-06/color/frame-000528.color.png 0.99998 0.00250352 0.00582591 -0.0214208 -0.00257086 0.99993 0.0115826 -0.0195214 -0.00579649 -0.0115974 0.999916 -0.00508666 0.0 0.0 0.0 1.0
chess/seq-06/color/frame-000528.color.png chess/seq-06/color/frame-000531.color.png 0.999985 0.000574979 0.00550106 -0.0166426 -0.000639539 0.999931 0.011745 -0.0308692 -0.00549391 -0.0117483 0.999916 -0.00555956 0.0 0.0 0.0 1.0
