chess/seq-06/color/frame-000000.color.png chess/seq-06/color/frame-000002.color.png 0.999984 0.00553198 -0.00134351 0.00640938 -0.00552984 0.999983 0.00159046 -0.000592143 0.00135228 -0.00158301 0.999998 0.00552384 0.0 0.0 0.0 1.0
chess/seq-06/color/frame-000002.color.png chess/seq-06/color/frame-000004.color.png 0.999995 -0.00194161 -0.00252571 0.00152273 0.00194355 0.999998 0.00076598 0.00390498 0.00252422 -0.000770886 0.999996 0.00349706 0.0 0.0 0.0 1.0
chess/seq-06/color/frame-000004.color.png chess/seq-06/color/frame-000006.color.png 0.999991 0.00394901 -0.0013465 0.00280322 -0.00394226 0.99998 0.00497719 -0.00381094 0.00136613 -0.00497184 0.999987 0.0107144 0.0 0.0 0.0 1.0
chess/seq-06/color/frame-000006.color.png chess/seq-06/color/frame-000008.color.png 0.999972 0.00216432 -0.00716109 0.0138539 -0.00213017 0.999986 0.00477257 -0.00127968 0.00717132 -0.00475718 0.999963 0.0019032 0.0 0.0 0.0 1.0
chess/seq-06/color/frame-000008.color.png chess/seq-06/color/frame-000010.color.png 0.999992 0.0024439 0.00324114 -0.00134484 -0.00245981 0.999985 0.00491326 0.00137277 -0.00322908 -0.00492119 0.999983 0.0091306 0.0 0.0 0.0 1.0
chess/seq-06/color/frame-000010.color.png chess/seq-06/color/frame-000012.color.png 0.99999 -0.00193211 -0.00395097 0.0063451 0.00195288 0.999984 0.00525703 -0.00213598 0.00394075 -0.0052647 0.999978 0.00840469 0.0 0.0 0.0 1.0
chess/seq-06/color/frame-000012.color.png chess/seq-06/color/frame-000014.color.png 0.999993 -0.000776506 -0.00359895 0.00572428 0.000794659 0.999987 0.00504522 -0.00348758 0.00359499 -0.00504804 0.999981 0.0166014 0.0 0.0 0.0 1.0
chess/seq-06/color/frame-000014.color.png chess/seq-06/color/frame-000016.color.png 0.999997 0.00191686 -0.00125362 0.00639747 -0.00191553 0.999998 0.00106289 -0.00409273 0.00125565 -0.00106048 0.999999 0.0126018 0.0 0.0 0.0 1.0
chess/seq-06/color/frame-000016.color.png chess/seq-06/color/frame-000018.color.png 0.999998 -0.0019954 0.000226209 0.00215905 0.00199552 0.999998 -0.000532816 -0.00115476 -0.000225146 0.000533267 1.0 0.0192319 0.0 0.0 0.0 1.0
chess/seq-06/color/frame-000018.color.png chess/seq-06/color/frame-000020.color.png 0.999985 0.00243096 0.00497244 0.000277214 -0.00241759 0.999993 -0.00269333 0.0017086 -0.00497896 0.00268126 0.999984 0.0227913 0.0 0.0 0.0 1.0
chess/seq-06/color/frame-000020.color.png chess/seq-06/color/frame-000022.color.png 0.999996 -0.00257368 -0.00128163 -0.000766478 0.00257731 0.999993 0.00284036 -0.00361674 0.00127432 -0.00284365 0.999995 0.0267005 0.0 0.0 0.0 1.0
chess/seq-06/color/frame-000022.color.png chess/seq-06/color/frame-000024.color.png 0.999992 -0.00402211 0.000591747 -0.00148042 0.00401917 0.99998 0.0048886 -0.00747577 -0.000611399 -0.00488619 0.999988 0.0320093 0.0 0.0 0.0 1.0
chess/seq-06/color/frame-000024.color.png chess/seq-06/color/frame-000026.color.png 0.999981 0.00360983 0.00495782 -0.00723552 -0.00363608 0.999979 0.00529567 -0.0293702 -0.0049386 -0.0053136 0.999974 0.0430944 0.0 0.0 0.0 1.0
chess/seq-06/color/frame-000026.color.png chess/seq-06/color/frame-000028.color.png 0.999999 0.00168921 -0.000237319 -0.00141789 -0.00169109 0.999965 -0.00816363 -0.000885919 0.00022352 0.00816401 0.999967 0.0379768 0.0 0.0 0.0 1.0
chess/seq-06/color/frame-000028.color.png chess/seq-06/color/frame-000030.color.png 0.999994 0.00220352 0.00282769 -0.00618351 -0.00220553 0.999997 0.000706833 -0.0153914 -0.00282612 -0.000713061 0.999996 0.0306845 0.0 0.0 0.0 1.0
chess/seq-06/color/frame-000030.color.png chess/seq-06/color/frame-000032.color.png 0.99998 0.00263637 -0.00567076 0.00140843 -0.00267128 0.999978 -0.00615825 0.00155276 0.0056544 0.00617328 0.999965 0.048234 0.0 0.0 0.0 1.0
chess/seq-06/color/frame-000032.color.png chess/seq-06/color/frame-000034.color.png 0.999998 0.00187814 -0.00102495 -0.00757695 -0.00187983 0.999997 -0.00165003 -0.012255 0.00102185 0.00165195 0.999998 0.0467823 0.0 0.0 0.0 1.0
chess/seq-06/color/frame-000034.color.png chess/seq-06/color/frame-000036.color.png 0.999867 0.00471329 -0.0155998 0.00425719 -0.00456065 0.999942 0.00980569 -0.012649 0.0156451 -0.00973324 0.99983 0.0453379 0.0 0.0 0.0 1.0
chess/seq-06/color/frame-000036.color.png chess/seq-06/color/frame-000038.color.png 0.999933 0.0110997 -0.00316452 -0.000793326 -0.011084 0.999927 0.00491071 -0.00543781 0.0032188 -0.00487531 0.999983 0.0444311 0.0 0.0 0.0 1.0
chess/seq-06/color/frame-000038.color.png chess/seq-06/color/frame-000040.color.png 0.99998 -0.000205655 -0.0062727 -0.00290184 0.000251336 0.999973 0.00728228 -0.00612572 0.00627103 -0.0072837 0.999954 0.0317299 0.0 0.0 0.0 1.0
chess/seq-06/color/frame-000040.color.png chess/seq-06/color/frame-000042.color.png 0.999892 -8.13352e-05 -0.0146892 0.0117299 0.000176183 0.999979 0.00645557 -0.00337657 0.0146884 -0.00645748 0.999871 0.0392511 0.0 0.0 0.0 1.0
chess/seq-06/color/frame-000042.color.png chess/seq-06/color/frame-000044.color.png 0.999981 0.00410338 -0.00464968 -0.00013923 -0.00404789 0.999921 0.0118799 -0.0206895 0.00469805 -0.0118608 0.999919 0.0439939 0.0 0.0 0.0 1.0
chess/seq-06/color/frame-000044.color.png chess/seq-06/color/frame-000046.color.png 0.999959 -0.00022898 -0.00908697 0.00967548 0.000255052 0.999996 0.00286825 -0.00539219 0.00908628 -0.00287045 0.999955 0.0383402 0.0 0.0 0.0 1.0
chess/seq-06/color/frame-000046.color.png chess/seq-06/color/frame-000048.color.png 0.999984 0.00255094 -0.00513802 0.00531326 -0.00253707 0.999993 0.0027031 -0.0044041 0.00514486 -0.00269002 0.999983 0.0278007 0.0 0.0 0.0 1.0
chess/seq-06/color/frame-000048.color.png chess/seq-06/color/frame-000050.color.png 0.999957 -0.00118224 -0.00916552 0.00621105 0.00119471 0.999998 0.00135637 -0.0172964 0.00916389 -0.00136726 0.999957 0.0443894 0.0 0.0 0.0 1.0
chess/seq-06/color/frame-000050.color.png chess/seq-06/color/frame-000052.color.png 0.999978 0.00664206 -0.000497171 -0.00292502 -0.00663873 0.999957 0.00640747 -0.0253106 0.000539717 -0.00640401 0.999979 0.0465562 0.0 0.0 0.0 1.0
chess/seq-06/color/frame-000052.color.png chess/seq-06/color/frame-000054.color.png 0.999935 -0.00871897 -0.00735621 0.00494072 0.00864791 0.999916 -0.00963651 0.00606407 0.00743963 0.00957224 0.999926 0.0283401 0.0 0.0 0.0 1.0
chess/seq-06/color/frame-000054.color.png chess/seq-06/color/frame-000056.color.png 0.999895 0.000628245 -0.0145109 0.0205215 -0.000526945 0.999976 0.00698405 -0.0172718 0.0145149 -0.00697565 0.99987 0.0458587 0.0 0.0 0.0 1.0
chess/seq-06/color/frame-000056.color.png chess/seq-06/color/frame-000058.color.png 0.999969 -0.00370793 -0.00696677 0.00476855 0.00371474 0.999993 0.00096382 -0.00689632 0.00696319 -0.000989684 0.999975 0.0347252 0.0 0.0 0.0 1.0
chess/seq-06/color/frame-000058.color.png chess/seq-06/color/frame-000060.color.png 0.999901 0.0027527 -0.0137851 0.0225552 -0.00270121 0.999989 0.00375213 -0.0108751 0.0137953 -0.00371452 0.999898 0.0449451 0.0 0.0 0.0 1.0
chess/seq-06/color/frame-000060.color.png chess/seq-06/color/frame-000062.color.png 0.999976 0.00258245 -0.0063948 0.0088026 -0.00251805 0.999946 0.0100583 -0.0135216 0.00642042 -0.010042 0.999929 0.0451841 0.0 0.0 0.0 1.0
chess/seq-06/color/frame-000062.color.png chess/seq-06/color/frame-000064.color.png 0.999993 -0.000298298 -0.00383694 0.00740762 0.000331678 0.999962 0.00870208 -0.0115848 0.00383418 -0.00870327 0.999955 0.0272614 0.0 0.0 0.0 1.0
chess/seq-06/color/frame-000064.color.png chess/seq-06/color/frame-000066.color.png 0.999973 0.00729591 0.000553473 -0.0037358 -0.0073023 0.999894 0.0125989 -0.0238217 -0.000461481 -0.0126026 0.99992 0.0438221 0.0 0.0 0.0 1.0
chess/seq-06/color/frame-000066.color.png chess/seq-06/color/frame-000068.color.png 0.999956 0.00144971 -0.00927477 0.0071778 -0.00140299 0.999986 0.00504145 -0.0111789 0.00928197 -0.00502823 0.999944 0.0406277 0.0 0.0 0.0 1.0
chess/seq-06/color/frame-000068.color.png chess/seq-06/color/frame-000070.color.png 0.999988 -0.00261894 -0.00421913 0.000903623 0.00262395 0.999996 0.00118533 -0.00633639 0.00421602 -0.00119638 0.99999 0.027229 0.0 0.0 0.0 1.0
chess/seq-06/color/frame-000070.color.png chess/seq-06/color/frame-000072.color.png 0.999985 0.00355581 -0.00417826 0.00345734 -0.00353877 0.999986 0.00407515 -0.0100503 0.00419271 -0.00406033 0.999983 0.0391691 0.0 0.0 0.0 1.0
chess/seq-06/color/frame-000072.color.png chess/seq-06/color/frame-000074.color.png 0.999997 0.00233912 0.000117615 -0.00157066 -0.00233933 0.999996 0.00176158 -0.0105836 -0.000113514 -0.00176184 0.999999 0.0375704 0.0 0.0 0.0 1.0
chess/seq-06/color/frame-000074.color.png chess/seq-06/color/frame-000076.color.png 0.999973 0.00188123 0.00707162 -0.0133343 -0.00187219 0.999997 -0.00128591 -0.0124075 -0.00707401 0.00127264 0.999974 0.0293378 0.0 0.0 0.0 1.0
chess/seq-06/color/frame-000076.color.png chess/seq-06/color/frame-000078.color.png 0.999949 -0.00878737 0.0049689 -0.00359951 0.008821 0.999938 -0.00678453 0.00346459 -0.00490897 0.00682804 0.999965 0.0395607 0.0 0.0 0.0 1.0
chess/seq-06/color/frame-000078.color.png chess/seq-06/color/frame-000080.color.png 0.999969 -0.00386104 0.00692191 -0.0160478 0.00392035 0.999956 -0.00857593 -0.00659811 -0.0068885 0.00860279 0.999939 0.0418344 0.0 0.0 0.0 1.0
chess/seq-06/color/frame-000080.color.png chess/seq-06/color/frame-000082.color.png 0.999985 0.00500144 0.00224431 -0.000866901 -0.00498759 0.999969 -0.00613323 0.00769034 -0.00227495 0.00612193 0.999979 0.0226135 0.0 0.0 0.0 1.0
chess/seq-06/color/frame-000082.color.png chess/seq-06/color/frame-000084.color.png 0.999982 -0.00102603 0.00596348 -0.0160775 0.00104066 0.999996 -0.00245055 0.000831366 -0.0059609 0.00245669 0.999979 0.0421417 0.0 0.0 0.0 1.0
chess/seq-06/color/frame-000084.color.png chess/seq-06/color/frame-000086.color.png 0.999967 0.0015732 -0.00794156 0.00953659 -0.00162214 0.99998 -0.00616017 0.00372925 0.00793166 0.00617289 0.99995 0.0341719 0.0 0.0 0.0 1.0
chess/seq-06/color/frame-000086.color.png chess/seq-06/color/frame-000088.color.png 0.99999 -0.00153217 -0.00418804 0.000919321 0.00154876 0.999991 0.00395911 -0.00793925 0.00418197 -0.00396558 0.999983 0.025409 0.0 0.0 0.0 1.0
chess/seq-06/color/frame-000088.color.png chess/seq-06/color/frame-000090.color.png 0.999916 0.0122144 -0.00430496 0.0066336 -0.0121882 0.999907 0.0060558 -0.0159963 0.00437854 -0.0060028 0.999973 0.033018 0.0 0.0 0.0 1.0
chess/seq-06/color/frame-000090.color.png chess/seq-06/color/frame-000092.color.png 0.99986 -0.00721442 -0.0150649 0.0184946 0.00724387 0.999972 0.00190163 -0.00475088 0.0150507 -0.00201051 0.999884 0.030862 0.0 0.0 0.0 1.0
chess/seq-06/color/frame-000092.color.png chess/seq-06/color/frame-000094.color.png 0.999845 0.0176218 -0.000221132 0.0070099 -0.017621 0.99984 0.00314997 -0.017273 0.000276609 -0.0031456 0.999995 0.0315949 0.0 0.0 0.0 1.0
chess/seq-06/color/frame-000094.color.png chess/seq-06/color/frame-000096.color.png 0.999932 -0.00856693 -0.00791609 0.0115142 0.00846053 0.999875 -0.0133784 0.027569 0.00802971 0.0133105 0.999879 0.0213716 0.0 0.0 0.0 1.0
chess/seq-06/color/frame-000096.color.png chess/seq-06/color/frame-000098.color.png 0.999945 0.00621131 -0.00847041 0.0172208 -0.00621779 0.99998 -0.000738354 -0.00999731 0.00846562 0.000790984 0.999964 0.0276437 0.0 0.0 0.0 1.0
chess/seq-06/color/frame-000098.color.png chess/seq-06/color/frame-000100.color.png 0.999978 -0.00166934 -0.00635255 0.0155052 0.00160688 0.99995 -0.0098253 0.0162209 0.00636865 0.00981489 0.999932 0.0305579 0.0 0.0 0.0 1.0
chess/seq-06/color/frame-000100.color.png chess/seq-06/color/frame-000102.color.png 0.999991 0.00389107 -0.00191581 0.00962279 -0.00388272 0.999983 0.00434773 -0.0142738 0.0019327 -0.00434022 0.999989 0.0299704 0.0 0.0 0.0 1.0
chess/seq-06/color/frame-000102.color.png chess/seq-06/color/frame-000104.color.png 0.999994 0.00225604 0.00256715 -0.000460783 -0.00224395 0.999986 -0.00469324 0.00518578 -0.00257771 0.00468743 0.999986 0.0225195 0.0 0.0 0.0 1.0
chess/seq-06/color/frame-000104.color.png chess/seq-06/color/frame-000106.color.png 0.999986 0.00142702 -0.00501944 0.0182701 -0.00146699 0.999967 -0.00796504 0.0137563 0.00500791 0.00797233 0.999956 0.0317808 0.0 0.0 0.0 1.0
chess/seq-06/color/frame-000106.color.png chess/seq-06/color/frame-000108.color.png 0.999957 0.00900562 0.00207114 -0.00142387 -0.00901149 0.999955 0.0028475 -0.0123931 -0.00204541 -0.00286606 0.999994 0.0343637 0.0 0.0 0.0 1.0
chess/seq-06/color/frame-000108.color.png chess/seq-06/color/frame-000110.color.png 0.99993 -0.00116021 -0.0117831 0.0286375 0.00107067 0.999971 -0.00760169 0.0131996 0.0117915 0.00758856 0.999902 0.0234981 0.0 0.0 0.0 1.0
chess/seq-06/color/frame-000110.color.png chess/seq-06/color/frame-000112.color.png 0.999887 0.012584 -0.00824239 0.0186244 -0.012677 0.999856 -0.0113213 0.0153312 0.00809874 0.0114245 0.999902 0.0336796 0.0 0.0 0.0 1.0
chess/seq-06/color/frame-000112.color.png chess/seq-06/color/frame-000114.color.png 0.999829 0.00404357 -0.0180339 0.0357261 -0.00395898 0.999981 0.00472384 -0.0131595 0.0180527 -0.00465165 0.999826 0.0287716 0.0 0.0 0.0 1.0
chess/seq-06/color/frame-000114.color.png chess/seq-06/color/frame-000116.color.png 0.999848 0.0058143 -0.0164174 0.0319644 -0.00583664 0.999982 -0.00131273 0.00215301 0.0164095 0.00140838 0.999864 0.0314718 0.0 0.0 0.0 1.0
chess/seq-06/color/frame-000116.color.png chess/seq-06/color/frame-000118.color.png 0.999951 -0.00109341 -0.0098356 0.0201214 0.00117806 0.999962 0.00860164 -0.0182332 0.00982581 -0.00861282 0.999915 0.0151378 0.0 0.0 0.0 1.0
chess/seq-06/color/frame-000118.color.png chess/seq-06/color/frame-000120.color.png 0.999979 0.000581474 -0.00647792 0.00906304 -0.000552371 0.99999 0.00449561 -0.00496405 0.00648047 -0.00449194 0.999969 0.0281738 0.0 0.0 0.0 1.0
chess/seq-06/color/frame-000120.color.png chess/seq-06/color/frame-000122.color.png 0.999965 -0.000853419 -0.0083719 0.0167478 0.00090605 0.99998 0.00628623 -0.0163646 0.00836637 -0.00629357 0.999945 0.0145458 0.0 0.0 0.0 1.0
chess/seq-06/color/frame-000122.color.png chess/seq-06/color/frame-000124.color.png 0.999963 0.00855899 0.000654336 -0.00214003 -0.0085633 0.99994 0.00690156 -0.0115606 -0.000595177 -0.00690691 0.999976 0.0232869 0.0 0.0 0.0 1.0
chess/seq-06/color/frame-000124.color.png chess/seq-06/color/frame-000126.color.png 0.999979 -0.00633194 -0.00116916 0.00128251 0.00633291 0.99998 0.0008312 0.00035584 0.00116377 -0.000838593 0.999999 0.0163997 0.0 0.0 0.0 1.0
chess/seq-06/color/frame-000126.color.png chess/seq-06/color/frame-000128.color.png 0.999965 0.00769981 -0.00313892 0.0151112 -0.00767553 0.999941 0.00767541 -0.0183141 0.00319793 -0.00765105 0.999966 0.0179965 0.0 0.0 0.0 1.0
chess/seq-06/color/frame-000128.color.png chess/seq-06/color/frame-000130.color.png 0.999996 -0.000877023 0.00283392 -0.00555078 0.000882065 0.999998 -0.00178036 9.53674e-06 -0.0028324 0.00178286 0.999994 0.0266258 0.0 0.0 0.0 1.0
chess/seq-06/color/frame-000130.color.png chess/seq-06/color/frame-000132.color.png 0.999988 0.00415003 -0.00244054 0.00491621 -0.0041601 0.999983 -0.00413699 0.00480101 0.00242339 0.0041471 0.999988 0.0175745 0.0 0.0 0.0 1.0
chess/seq-06/color/frame-000132.color.png chess/seq-06/color/frame-000134.color.png 0.999999 -0.0015848 -0.00038282 0.00118868 0.00158439 0.999998 -0.00101167 0.000542581 0.000384418 0.00101106 0.999999 0.023929 0.0 0.0 0.0 1.0
chess/seq-06/color/frame-000134.color.png chess/seq-06/color/frame-000136.color.png 0.999988 -0.00273604 -0.00409479 0.00539362 0.00275825 0.999982 0.00542497 -0.0122281 0.00407989 -0.00543622 0.999977 0.0172485 0.0 0.0 0.0 1.0
chess/seq-06/color/frame-000136.color.png chess/seq-06/color/frame-000138.color.png 0.999999 -0.000238458 -0.00134195 0.000192896 0.000240323 0.999999 0.00139313 -0.00827512 0.00134148 -0.00139345 0.999998 0.0248532 0.0 0.0 0.0 1.0
chess/seq-06/color/frame-000138.color.png chess/seq-06/color/frame-000140.color.png 0.999972 0.00249924 0.00701843 -0.0164009 -0.00248888 0.999996 -0.00148615 0.00406238 -0.00702206 0.00146864 0.999974 0.0192487 0.0 0.0 0.0 1.0
chess/seq-06/color/frame-000140.color.png chess/seq-06/color/frame-000142.color.png 0.999984 0.00140451 0.00544295 -0.0119924 -0.00142471 0.999992 0.00371284 -0.0115011 -0.00543769 -0.00372053 0.999978 0.0246017 0.0 0.0 0.0 1.0
chess/seq-06/color/frame-000142.color.png chess/seq-06/color/frame-000144.color.png 0.999986 -0.00446955 0.00270854 -0.0048897 0.00447097 0.99999 -0.000518139 -0.00119886 -0.0027062 0.000530244 0.999996 0.0173166 0.0 0.0 0.0 1.0
chess/seq-06/color/frame-000144.color.png chess/seq-06/color/frame-000146.color.png 0.999983 -0.00310104 -0.00486692 0.00962218 0.00311467 0.999991 0.00279635 -0.00834104 0.00485829 -0.00281147 0.999984 0.0156288 0.0 0.0 0.0 1.0
chess/seq-06/color/frame-000146.color.png chess/seq-06/color/frame-000148.color.png 0.999982 0.00574828 0.00161167 -0.00768118 -0.00576337 0.999938 0.00952984 -0.0214915 -0.00155683 -0.00953898 0.999953 0.0253205 0.0 0.0 0.0 1.0
chess/seq-06/color/frame-000148.color.png chess/seq-06/color/frame-000150.color.png 0.999993 0.00300966 0.00237743 -0.00557926 -0.00301784 0.999989 0.00343499 -0.00715393 -0.00236703 -0.00344212 0.999991 0.0135183 0.0 0.0 0.0 1.0
chess/seq-06/color/frame-000150.color.png chess/seq-06/color/frame-000152.color.png 0.999955 0.00185147 -0.00929623 0.0193351 -0.00185208 0.999998 -5.68304e-05 0.00103009 0.00929611 7.40433e-05 0.999957 0.0210669 0.0 0.0 0.0 1.0
chess/seq-06/color/frame-000152.color.png chess/seq-06/color/frame-000154.color.png 0.999998 0.00114409 0.00149449 -0.00649891 -0.00114906 0.999994 0.00333441 -0.00565988 -0.00149066 -0.00333614 0.999993 0.0110214 0.0 0.0 0.0 1.0
chess/seq-06/color/frame-000154.color.png chess/seq-06/color/frame-000156.color.png 0.999984 0.00282505 -0.00493858 0.0133521 -0.00279786 0.999981 0.00549935 -0.0134431 0.00495403 -0.00548546 0.999973 0.00870562 0.0 0.0 0.0 1.0
chess/seq-06/color/frame-000156.color.png chess/seq-06/color/frame-000158.color.png 0.999996 -0.00153362 -0.00238634 0.00584864 0.00153614 0.999998 0.00105875 -0.0011639 0.00238461 -0.0010624 0.999997 0.0120375 0.0 0.0 0.0 1.0
chess/seq-06/color/frame-000158.color.png chess/seq-06/color/frame-000160.color.png 0.999991 0.00345606 0.00259039 -0.00656658 -0.00346724 0.999985 0.00431646 -0.00715324 -0.00257539 -0.0043254 0.999987 0.00568819 0.0 0.0 0.0 1.0
chess/seq-06/color/frame-000160.color.png chess/seq-06/color/frame-000162.color.png 0.999998 0.00214681 -0.000226603 0.00289674 -0.00214527 0.999977 0.00650123 -0.0149128 0.000240538 -0.00650073 0.999979 0.00314689 0.0 0.0 0.0 1.0
chess/seq-06/color/frame-000162.color.png chess/seq-06/color/frame-000164.color.png 0.999996 0.00010931 0.00288601 -0.00538812 -0.000125829 0.999984 0.00571747 -0.0117476 -0.0028853 -0.0057178 0.999979 0.00229239 0.0 0.0 0.0 1.0
chess/seq-06/color/frame-000164.color.png chess/seq-06/color/frame-000166.color.png 0.999995 -0.00252511 -0.00169392 0.0074233 0.00253392 0.999983 0.00519443 -0.00929812 0.00168076 -0.00519871 0.999985 -0.000548124 0.0 0.0 0.0 1.0
chess/seq-06/color/frame-000166.color.png chess/seq-06/color/frame-000168.color.png 0.999995 0.000931792 -0.00305144 0.00912147 -0.000914792 0.999984 0.00557223 -0.0121388 0.00305666 -0.00556943 0.99998 -0.00178909 0.0 0.0 0.0 1.0
chess/seq-06/color/frame-000168.color.png chess/seq-06/color/frame-000170.color.png 0.999988 -0.000200166 -0.0048843 0.0141004 0.000212943 0.999996 0.00261666 -0.00495234 0.00488374 -0.00261765 0.999985 -0.00470018 0.0 0.0 0.0 1.0
chess/seq-06/color/frame-000170.color.png chess/seq-06/color/frame-000172.color.png 0.99992 0.00672665 -0.010681 0.0354542 -0.00665355 0.999954 0.00686727 -0.0161419 0.0107267 -0.00679564 0.999919 -0.0100195 0.0 0.0 0.0 1.0
chess/seq-06/color/frame-000172.color.png chess/seq-06/color/frame-000174.color.png 0.999963 0.00827194 -0.00244113 0.0188394 -0.00826149 0.999957 0.00425358 -0.00888887 0.00247622 -0.00423328 0.999988 -0.0143771 0.0 0.0 0.0 1.0
chess/seq-06/color/frame-000174.color.png chess/seq-06/color/frame-000176.color.png 0.999787 0.00855333 -0.0187706 0.0624116 -0.008355 0.999909 0.0106185 -0.0250967 0.0188596 -0.0104594 0.999767 -0.023483 0.0 0.0 0.0 1.0
chess/seq-06/color/frame-000176.color.png chess/seq-06/color/frame-000178.color.png 0.999892 0.0116288 -0.00896976 0.0392232 -0.0115905 0.999924 0.00430743 -0.00880298 0.00901915 -0.00420297 0.999951 -0.0154383 0.0 0.0 0.0 1.0
chess/seq-06/color/frame-000178.color.png chess/seq-06/color/frame-000180.color.png 0.999907 0.00982539 -0.0094366 0.0506428 -0.0097968 0.999947 0.00307318 -0.00447142 0.00946641 -0.00298049 0.999951 -0.0261457 0.0 0.0 0.0 1.0
chess/seq-06/color/frame-000180.color.png chess/seq-06/color/frame-000182.color.png 0.999812 0.0166017 -0.0100504 0.060176 -0.0165377 0.999843 0.00642033 -0.0121286 0.0101554 -0.00625288 0.999929 -0.0297074 0.0 0.0 0.0 1.0
chess/seq-06/color/frame-000182.color.png chess/seq-06/color/frame-000184.color.png 0.999932 0.00476828 -0.0106793 0.0448865 -0.0046915 0.999963 0.00720357 -0.0147606 0.0107133 -0.00715296 0.999917 -0.023087 0.0 0.0 0.0 1.0
chess/seq-06/color/frame-000184.color.png chess/seq-06/color/frame-000186.color.png 0.999858 0.0149915 -0.00762954 0.0565157 -0.0149964 0.999887 -0.000582748 0.0073463 0.00761989 0.000697119 0.999971 -0.0288305 0.0 0.0 0.0 1.0
chess/seq-06/color/frame-000186.color.png chess/seq-06/color/frame-000188.color.png 0.999816 0.00619442 -0.0181271 0.0756962 -0.00622833 0.999979 -0.0018163 0.0102746 0.0181155 0.00192886 0.999834 -0.0300648 0.0 0.0 0.0 1.0
chess/seq-06/color/frame-000188.color.png chess/seq-06/color/frame-000190.color.png 0.999982 -0.00134262 -0.0058627 0.050522 0.00138512 0.999973 0.00724908 -0.0160576 0.00585288 -0.00725711 0.999957 -0.0314703 0.0 0.0 0.0 1.0
chess/seq-06/color/frame-000190.color.png chess/seq-06/color/frame-000192.color.png 0.999984 -0.00464027 -0.00319747 0.025279 0.00464403 0.999989 0.0011525 -0.00109184 0.00319202 -0.00116732 0.999994 -0.0150676 0.0 0.0 0.0 1.0
chess/seq-06/color/frame-000192.color.png chess/seq-06/color/frame-000194.color.png 0.999978 0.00397231 -0.00536541 0.0489372 -0.00395944 0.999989 0.00240665 -0.00182855 0.00537485 -0.00238532 0.999983 -0.0187498 0.0 0.0 0.0 1.0
chess/seq-06/color/frame-000194.color.png chess/seq-06/color/frame-000196.color.png 0.999966 0.00305078 -0.00764866 0.0482166 -0.00305884 0.999995 -0.00104892 0.0035854 0.00764551 0.0010722 0.99997 -0.0169531 0.0 0.0 0.0 1.0
chess/seq-06/color/frame-000196.color.png chess/seq-06/color/frame-000198.color.png 0.999949 0.00958619 -0.00306793 0.0442191 -0.00958406 0.999954 0.000712426 0.0108806 0.00307466 -0.00068298 0.999995 -0.0138013 0.0 0.0 0.0 1.0
chess/seq-06/color/frame-000198.color.png chess/seq-06/color/frame-000200.color.png 0.999913 0.00353928 -0.0126785 0.0614813 -0.00341156 0.999943 0.0100824 -0.0138864 0.0127134 -0.0100383 0.999869 -0.0152614 0.0 0.0 0.0 1.0
chess/seq-06/color/frame-000200.color.png chess/seq-06/color/frame-000202.color.png 0.999952 0.00862408 -0.0046725 0.0394 -0.00860466 0.999954 0.00416565 -0.00235754 0.00470822 -0.00412522 0.999981 -0.010283 0.0 0.0 0.0 1.0
chess/seq-06/color/frame-000202.color.png chess/seq-06/color/frame-000204.color.png 0.999766 -0.00149855 -0.0215931 0.0916731 0.00166038 0.999971 0.00747882 -0.0063183 0.0215813 -0.00751289 0.999739 -0.00326049 0.0 0.0 0.0 1.0
chess/seq-06/color/frame-000204.color.png chess/seq-06/color/frame-000206.color.png 0.999802 -0.00258826 -0.0197326 0.0777006 0.0024872 0.999984 -0.00514212 0.00689486 0.0197456 0.00509197 0.999792 -0.0124918 0.0 0.0 0.0 1.0
chess/seq-06/color/frame-000206.color.png chess/seq-06/color/frame-000208.color.png 0.999798 -0.00356223 -0.0197858 0.0832501 0.00363488 0.999987 0.00363541 -0.0138037 0.0197725 -0.00370657 0.999798 -0.0154554 0.0 0.0 0.0 1.0
chess/seq-06/color/frame-000208.color.png chess/seq-06/color/frame-000210.color.png 0.999908 -0.00476015 -0.0126907 0.078027 0.00475401 0.999989 -0.000513666 -0.0166233 0.0126929 0.00045328 0.999919 -0.0111092 0.0 0.0 0.0 1.0
chess/seq-06/color/frame-000210.color.png chess/seq-06/color/frame-000212.color.png 0.999864 -0.014241 -0.00834191 0.0441813 0.0141821 0.999874 -0.00708082 0.00909421 0.00844176 0.00696154 0.99994 -0.0134239 0.0 0.0 0.0 1.0
chess/seq-06/color/frame-000212.color.png chess/seq-06/color/frame-000214.color.png 0.999857 0.011941 -0.0119603 0.0672573 -0.0119903 0.99992 -0.00406213 0.00610456 0.0119109 0.00420498 0.99992 -0.0135477 0.0 0.0 0.0 1.0
chess/seq-06/color/frame-000214.color.png chess/seq-06/color/frame-000216.color.png 0.999638 -0.00495505 -0.0264465 0.103633 0.0048353 0.999978 -0.00459172 0.0113657 0.0264687 0.00446221 0.99964 -0.0158474 0.0 0.0 0.0 1.0
chess/seq-06/color/frame-000216.color.png chess/seq-06/color/frame-000218.color.png 0.999928 -0.0062939 -0.0101908 0.0550759 0.00626424 0.999976 -0.0029364 0.00343367 0.010209 0.00287237 0.999944 -0.0176082 0.0 0.0 0.0 1.0
chess/seq-06/color/frame-000218.color.png chess/seq-06/color/frame-000220.color.png 0.999919 0.0073541 -0.0103564 0.0695337 -0.00744701 0.999932 -0.00896685 0.0223927 0.0102898 0.00904323 0.999906 -0.0167093 0.0 0.0 0.0 1.0
chess/seq-06/color/frame-000220.color.png chess/seq-06/color/frame-000222.color.png 0.999489 -0.0153204 -0.0280636 0.0912497 0.0156942 0.99979 0.0131466 -0.0274285 0.0278562 -0.0135803 0.99952 -0.0428716 0.0 0.0 0.0 1.0
chess/seq-06/color/frame-000222.color.png chess/seq-06/color/frame-000224.color.png 0.999671 0.0212449 -0.0143937 0.089765 -0.021157 0.999757 0.00623768 -0.00605947 0.0145228 -0.00593111 0.999877 -0.0296472 0.0 0.0 0.0 1.0
chess/seq-06/color/frame-000224.color.png chess/seq-06/color/frame-000226.color.png 0.999876 0.000105849 -0.0157231 0.0666382 7.62401e-05 0.999933 0.0115819 -0.0168226 0.0157232 -0.0115817 0.999809 -0.0427229 0.0 0.0 0.0 1.0
chess/seq-06/color/frame-000226.color.png chess/seq-06/color/frame-000228.color.png 0.99917 -0.0156621 -0.0376104 0.126864 0.0155143 0.999871 -0.00421615 0.0272188 0.0376716 0.00362915 0.999284 -0.0184364 0.0 0.0 0.0 1.0
chess/seq-06/color/frame-000228.color.png chess/seq-06/color/frame-000230.color.png 0.999882 -0.000520073 -0.0153245 0.0746433 0.000449004 0.999989 -0.00464367 0.00793913 0.0153268 0.00463628 0.999872 -0.0272326 0.0 0.0 0.0 1.0
chess/seq-06/color/frame-000230.color.png chess/seq-06/color/frame-000232.color.png 0.999804 -0.00963995 -0.0172745 0.0714958 0.0097659 0.999926 0.00722048 -0.0233139 0.0172036 -0.00738786 0.999825 -0.027817 0.0 0.0 0.0 1.0
chess/seq-06/color/frame-000232.color.png chess/seq-06/color/frame-000234.color.png 0.999822 0.00808059 -0.017027 0.0827906 -0.00814069 0.999961 -0.0034628 0.0170687 0.0169984 0.00360082 0.999849 -0.0216223 0.0 0.0 0.0 1.0
chess/seq-06/color/frame-000234.color.png chess/seq-06/color/frame-000236.color.png 0.999743 -0.00853494 -0.021006 0.0731158 0.00855978 0.999963 0.00109164 -0.0135223 0.0209958 -0.00127112 0.999779 -0.0242195 0.0 0.0 0.0 1.0
chess/seq-06/color/frame-000236.color.png chess/seq-06/color/frame-000238.color.png 0.999927 0.00334173 -0.0116063 0.0592077 -0.00336718 0.999992 -0.00217603 0.0124405 0.0115991 0.00221494 0.99993 -0.00934231 0.0 0.0 0.0 1.0
chess/seq-06/color/frame-000238.color.png chess/seq-06/color/frame-000240.color.png 0.999542 0.0149581 -0.026299 0.115201 -0.0148732 0.999883 0.00342282 -0.000106007 0.026347 -0.00303013 0.999648 -0.0293723 0.0 0.0 0.0 1.0
chess/seq-06/color/frame-000240.color.png chess/seq-06/color/frame-000242.color.png 0.999914 0.00716424 -0.0109774 0.0527426 -0.00721488 0.999964 -0.0045822 0.0193754 0.0109444 0.00466097 0.999929 -0.013073 0.0 0.0 0.0 1.0
chess/seq-06/color/frame-000242.color.png chess/seq-06/color/frame-000244.color.png 0.999747 -0.000117419 -0.0224826 0.0808111 5.90642e-05 0.999997 -0.00259583 -0.0086346 0.0224827 0.00259389 0.999744 -0.0264344 0.0 0.0 0.0 1.0
chess/seq-06/color/frame-000244.color.png chess/seq-06/color/frame-000246.color.png 0.999915 -0.00683917 -0.0110911 0.0700912 0.00673432 0.999932 -0.00946524 -0.000944287 0.0111551 0.00938973 0.999894 -0.0141201 0.0 0.0 0.0 1.0
chess/seq-06/color/frame-000246.color.png chess/seq-06/color/frame-000248.color.png 0.999952 -0.00123179 -0.00970374 0.0566131 0.00123175 0.999999 -3.8377e-06 -0.0049578 0.00970382 -8.11928e-06 0.999953 -0.0172942 0.0 0.0 0.0 1.0
chess/seq-06/color/frame-000248.color.png chess/seq-06/color/frame-000250.color.png 0.999989 0.00300579 -0.00370706 0.0484331 -0.00304118 0.999949 -0.00957898 0.0197552 0.00367804 0.00959014 0.999947 -0.00759101 0.0 0.0 0.0 1.0
chess/seq-06/color/frame-000250.color.png chess/seq-06/color/frame-000252.color.png 0.999956 0.000513436 -0.00932627 0.0616913 -0.000612094 0.999944 -0.010586 0.0164118 0.00932038 0.0105913 0.999901 -0.0224699 0.0 0.0 0.0 1.0
chess/seq-06/color/frame-000252.color.png chess/seq-06/color/frame-000254.color.png 0.999819 0.00375438 -0.0186402 0.0823792 -0.00381616 0.999987 -0.00327534 0.00883245 0.0186276 0.00334588 0.999821 -0.0276667 0.0 0.0 0.0 1.0
chess/seq-06/color/frame-000254.color.png chess/seq-06/color/frame-000256.color.png 0.999555 -0.0231849 -0.0187585 0.0750284 0.0232848 0.999716 0.0051221 -0.036138 0.0186345 -0.00555662 0.999811 -0.0394498 0.0 0.0 0.0 1.0
chess/seq-06/color/frame-000256.color.png chess/seq-06/color/frame-000258.color.png 0.999923 -0.0124263 -0.000147225 0.0319657 0.0124264 0.999922 0.00143056 -0.00947958 0.000129392 -0.00143231 0.999999 -0.00122774 0.0 0.0 0.0 1.0
chess/seq-06/color/frame-000258.color.png chess/seq-06/color/frame-000260.color.png 0.999859 -0.0167617 0.00020082 0.0210669 0.0167628 0.999707 -0.017439 0.0137054 9.15916e-05 0.0174399 0.999848 0.00448751 0.0 0.0 0.0 1.0
chess/seq-06/color/frame-000260.color.png chess/seq-06/color/frame-000262.color.png 0.999996 0.00266929 -0.000818431 0.0250304 -0.00267772 0.999942 -0.0104292 0.042363 0.000790579 0.0104313 0.999945 0.00768042 0.0 0.0 0.0 1.0
chess/seq-06/color/frame-000262.color.png chess/seq-06/color/frame-000264.color.png 0.999917 -0.0121438 0.00428953 -0.00196409 0.0121734 0.999902 -0.00692963 0.00735584 -0.00420491 0.00698125 0.999967 0.0218382 0.0 0.0 0.0 1.0
chess/seq-06/color/frame-000264.color.png chess/seq-06/color/frame-000266.color.png 0.999783 -0.0201841 0.00519264 0.00145102 0.0202237 0.999766 -0.00770041 0.00399092 -0.00503611 0.00780379 0.999957 0.0445209 0.0 0.0 0.0 1.0
chess/seq-06/color/frame-000266.color.png chess/seq-06/color/frame-000268.color.png 0.999969 0.00544087 0.00563329 -0.00457323 -0.0053759 0.99992 -0.0114709 0.0475418 -0.00569517 0.0114403 0.999918 0.029987 0.0 0.0 0.0 1.0
chess/seq-06/color/frame-000268.color.png chess/seq-06/color/frame-000270.color.png 0.999659 0.0245911 -0.00878158 0.014819 -0.0246488 0.999675 -0.00651785 0.0720984 0.00861844 0.00673206 0.99994 0.00890803 0.0 0.0 0.0 1.0
chess/seq-06/color/frame-000270.color.png chess/seq-06/color/frame-000272.color.png 0.999799 0.0181619 -0.00848059 0.012265 -0.0183411 0.9996 -0.0215507 0.0852461 0.00808572 0.0217019 0.999732 0.0183301 0.0 0.0 0.0 1.0
chess/seq-06/color/frame-000272.color.png chess/seq-06/color/frame-000274.color.png 0.999975 -0.0036734 -0.00596736 -0.00100064 0.00363948 0.999977 -0.00570056 0.0197509 0.00598814 0.00567874 0.999966 0.0216461 0.0 0.0 0.0 1.0
chess/seq-06/color/frame-000274.color.png chess/seq-06/color/frame-000276.color.png 0.999988 -0.00344263 0.00342646 -0.0147702 0.00353198 0.999644 -0.0264495 0.0593493 -0.00333402 0.0264613 0.999644 0.0441386 0.0 0.0 0.0 1.0
chess/seq-06/color/frame-000276.color.png chess/seq-06/color/frame-000278.color.png 0.999889 0.00337938 -0.0144799 0.0226736 -0.00345449 0.999981 -0.00516807 0.0288032 0.014462 0.00521755 0.999882 0.0207238 0.0 0.0 0.0 1.0
chess/seq-06/color/frame-000278.color.png chess/seq-06/color/frame-000280.color.png 0.999909 -0.00374203 -0.0129331 0.0135059 0.0035421 0.999874 -0.0154505 0.0407085 0.0129894 0.0154032 0.999797 0.00226998 0.0 0.0 0.0 1.0
chess/seq-06/color/frame-000280.color.png chess/seq-06/color/frame-000282.color.png 0.999823 -0.00487458 -0.0181599 0.0246588 0.00470799 0.999947 -0.00920434 0.0253554 0.0182036 0.00911727 0.999793 -0.00757408 0.0 0.0 0.0 1.0
chess/seq-06/color/frame-000282.color.png chess/seq-06/color/frame-000284.color.png 0.998348 -0.0574635 -0.000135821 -0.0122303 0.0574636 0.998347 0.000920884 -0.0760845 8.27419e-05 -0.000927151 1.0 0.0180981 0.0 0.0 0.0 1.0
chess/seq-06/color/frame-000284.color.png chess/seq-06/color/frame-000286.color.png 0.99991 -0.00703254 0.0114721 -0.0256042 0.00724685 0.999798 -0.0187549 0.0538525 -0.0113379 0.0188364 0.999758 0.0389793 0.0 0.0 0.0 1.0
chess/seq-06/color/frame-000286.color.png chess/seq-06/color/frame-000288.color.png 0.999731 -0.0196583 0.0122755 -0.0242364 0.0196449 0.999806 0.00122053 -0.0226364 -0.0122971 -0.000979056 0.999924 0.0337687 0.0 0.0 0.0 1.0
chess/seq-06/color/frame-000288.color.png chess/seq-06/color/frame-000290.color.png 0.999757 0.00361713 0.0217295 -0.0435193 -0.00327613 0.999871 -0.01571 0.0561494 -0.0217835 0.015635 0.99964 0.0559902 0.0 0.0 0.0 1.0
chess/seq-06/color/frame-000290.color.png chess/seq-06/color/frame-000292.color.png 0.999905 -0.00864607 0.0107783 -0.0252355 0.00861155 0.999958 0.00324629 -0.0139774 -0.0108058 -0.00315314 0.999937 0.033385 0.0 0.0 0.0 1.0
chess/seq-06/color/frame-000292.color.png chess/seq-06/color/frame-000294.color.png 0.999989 -0.0040275 0.00233892 -0.0148872 0.00402262 0.99999 0.00208618 0.00223416 -0.00234739 -0.00207679 0.999995 0.0215635 0.0 0.0 0.0 1.0
chess/seq-06/color/frame-000294.color.png chess/seq-06/color/frame-000296.color.png 0.999988 -0.00390705 -0.00282606 -0.00729585 0.00390479 0.999992 -0.000798908 0.00763112 0.00282916 0.000787876 0.999996 0.012933 0.0 0.0 0.0 1.0
chess/seq-06/color/frame-000296.color.png chess/seq-06/color/frame-000298.color.png 0.999972 0.000452627 -0.00752741 0.0128541 -0.000399682 0.999975 0.00703239 -0.00640996 0.0075305 -0.00702918 0.999947 3.95775e-05 0.0 0.0 0.0 1.0
chess/seq-06/color/frame-000298.color.png chess/seq-06/color/frame-000300.color.png 0.999967 -0.00690224 -0.00432487 0.00108767 0.00690887 0.999975 0.00152694 -0.000576124 0.00431415 -0.00155676 0.999989 0.00468612 0.0 0.0 0.0 1.0
chess/seq-06/color/frame-000300.color.png chess/seq-06/color/frame-000302.color.png 0.99999 -0.00443429 0.00102964 -0.007918 0.00442983 0.999981 0.00429518 -0.00838169 -0.00104855 -0.00429056 0.99999 0.0173109 0.0 0.0 0.0 1.0
chess/seq-06/color/frame-000302.color.png chess/seq-06/color/frame-000304.color.png 0.999995 -0.00106129 -0.0031008 0.00362313 0.00104961 0.999992 -0.00376644 0.0189466 0.00310473 0.00376315 0.999988 0.0241191 0.0 0.0 0.0 1.0
chess/seq-06/color/frame-000304.color.png chess/seq-06/color/frame-000306.color.png 0.999959 -0.00848325 0.00331781 -0.00359285 0.00851565 0.999915 -0.00988979 0.0183282 -0.00323361 0.00991761 0.999946 0.0193329 0.0 0.0 0.0 1.0
chess/seq-06/color/frame-000306.color.png chess/seq-06/color/frame-000308.color.png 0.999971 -0.00704607 0.00285707 -0.0018239 0.00705697 0.999968 -0.00381479 0.00283266 -0.00283018 0.00383485 0.999989 0.0189037 0.0 0.0 0.0 1.0
chess/seq-06/color/frame-000308.color.png chess/seq-06/color/frame-000310.color.png 0.99988 -0.00411703 0.01491 -0.0333402 0.00407878 0.999988 0.00259628 0.00526109 -0.0149204 -0.00253517 0.999885 0.0146346 0.0 0.0 0.0 1.0
chess/seq-06/color/frame-000310.color.png chess/seq-06/color/frame-000312.color.png 0.99998 -0.00410272 0.00478892 -0.017189 0.00402371 0.999858 0.0163992 -0.0422879 -0.00485554 -0.0163796 0.999854 0.0307741 0.0 0.0 0.0 1.0
chess/seq-06/color/frame-000312.color.png chess/seq-06/color/frame-000314.color.png 0.999732 -0.0198991 0.0117868 -0.0343792 0.0198194 0.99978 0.00684435 -0.0335348 -0.0119206 -0.00660886 0.999907 0.0414386 0.0 0.0 0.0 1.0
chess/seq-06/color/frame-000314.color.png chess/seq-06/color/frame-000316.color.png 0.99975 -0.0187955 0.0120876 -0.0389411 0.0187044 0.999796 0.0075973 -0.0371019 -0.0122277 -0.00736939 0.999898 0.0252874 0.0 0.0 0.0 1.0
chess/seq-06/color/frame-000316.color.png chess/seq-06/color/frame-000318.color.png 0.99998 0.00203956 0.00604015 -0.0247828 -0.00199005 0.999964 -0.00818608 0.0312428 -0.0060567 0.00817394 0.999948 0.0122473 0.0 0.0 0.0 1.0
chess/seq-06/color/frame-000318.color.png chess/seq-06/color/frame-000320.color.png 0.999908 -0.0083768 0.0106372 -0.0278513 0.00838417 0.999965 -0.000652063 -0.000309758 -0.0106315 0.000741191 0.999943 0.0358701 0.0 0.0 0.0 1.0
chess/seq-06/color/frame-000320.color.png chess/seq-06/color/frame-000322.color.png 0.999934 -0.00476102 0.0104188 -0.031219 0.00469362 0.999968 0.00648314 -0.0186766 -0.0104492 -0.00643379 0.999925 0.0242124 0.0 0.0 0.0 1.0
chess/seq-06/color/frame-000322.color.png chess/seq-06/color/frame-000324.color.png 0.999979 -0.00127412 0.00630284 -0.0186325 0.00127005 0.999999 0.000656058 0.00685157 -0.00630364 -0.000648046 0.99998 0.0182455 0.0 0.0 0.0 1.0
chess/seq-06/color/frame-000324.color.png chess/seq-06/color/frame-000326.color.png 0.999949 -0.00174702 0.0099895 -0.0251229 0.00173967 0.999998 0.000743832 0.00527231 -0.00999071 -0.000726426 0.99995 0.0199828 0.0 0.0 0.0 1.0
chess/seq-06/color/frame-000326.color.png chess/seq-06/color/frame-000328.color.png 0.999963 -0.00708382 0.0049785 -0.0147698 0.00706417 0.999967 0.00394919 -0.0102926 -0.00500637 -0.00391387 0.99998 0.0224807 0.0 0.0 0.0 1.0
chess/seq-06/color/frame-000328.color.png chess/seq-06/color/frame-000330.color.png 0.999955 0.00787915 0.00526509 -0.0232128 -0.00789378 0.999965 0.00276797 0.0128163 -0.00524312 -0.00280939 0.999982 0.0112491 0.0 0.0 0.0 1.0
chess/seq-06/color/frame-000330.color.png chess/seq-06/color/frame-000332.color.png 0.999975 -0.00696327 -0.00101033 -0.00996673 0.00695893 0.999967 -0.00424332 0.0171355 0.0010399 0.00423616 0.99999 0.0160387 0.0 0.0 0.0 1.0
chess/seq-06/color/frame-000332.color.png chess/seq-06/color/frame-000334.color.png 0.999948 -0.00966241 0.00314174 -0.0201757 0.0096668 0.999952 -0.00138533 -0.00215562 -0.00312809 0.00141562 0.999994 0.0175676 0.0 0.0 0.0 1.0
chess/seq-06/color/frame-000334.color.png chess/seq-06/color/frame-000336.color.png 0.999988 -0.00414107 -0.00260951 -0.00641429 0.00414068 0.999991 -0.000150957 -0.00357434 0.00261004 0.000140147 0.999997 0.0176501 0.0 0.0 0.0 1.0
chess/seq-06/color/frame-000336.color.png chess/seq-06/color/frame-000338.color.png 0.999955 -0.0095266 -0.000567434 -0.00569785 0.00952706 0.999954 0.000789444 -0.0109732 0.000559888 -0.000794821 1.0 0.0102365 0.0 0.0 0.0 1.0
chess/seq-06/color/frame-000338.color.png chess/seq-06/color/frame-000340.color.png 0.999979 0.00044469 0.0064294 -0.0307974 -0.000459355 0.999997 0.00227979 0.00826977 -0.00642834 -0.00228268 0.999977 0.0208549 0.0 0.0 0.0 1.0
chess/seq-06/color/frame-000340.color.png chess/seq-06/color/frame-000342.color.png 0.999991 -0.00180296 0.00389148 -0.0188917 0.00178247 0.999985 0.00526316 -0.00377187 -0.00390113 -0.0052562 0.999979 0.0134909 0.0 0.0 0.0 1.0
chess/seq-06/color/frame-000342.color.png chess/seq-06/color/frame-000344.color.png 1.0 0.000483266 0.000177696 -0.0134952 -0.00048489 0.999957 0.00921194 -0.0177929 -0.000172977 -0.009212 0.999957 0.0118484 0.0 0.0 0.0 1.0
chess/seq-06/color/frame-000344.color.png chess/seq-06/color/frame-000346.color.png 0.999993 0.00294548 -0.00240061 -0.00647211 -0.00294183 0.999995 0.00152373 0.00402719 0.00240508 -0.00151666 0.999996 0.0037334 0.0 0.0 0.0 1.0
chess/seq-06/color/frame-000346.color.png chess/seq-06/color/frame-000348.color.png 0.99992 -0.0102025 -0.00750958 0.0114799 0.0101438 0.999918 -0.00781175 0.0143659 0.00758864 0.00773494 0.999941 -0.00272989 0.0 0.0 0.0 1.0
chess/seq-06/color/frame-000348.color.png chess/seq-06/color/frame-000350.color.png 0.999998 -0.000142191 0.00212262 -0.0191059 0.000156998 0.999976 -0.00698064 0.0156268 -0.00212162 0.00698097 0.999973 0.00611162 0.0 0.0 0.0 1.0
chess/seq-06/color/frame-000350.color.png chess/seq-06/color/frame-000352.color.png 0.999997 -0.00226887 0.000204332 -0.0122629 0.00227 0.999982 -0.00559315 0.00972575 -0.000191681 0.00559357 0.999984 0.00616169 0.0 0.0 0.0 1.0
