chess/seq-06/color/frame-000000.color.png chess/seq-06/color/frame-000001.color.png 0.999991 0.00398507 -0.00118455 0.00205168 -0.00398566 0.999992 -0.000501123 0.00147821 0.00118255 0.00050584 0.999999 0.00199125 0.0 0.0 0.0 1.0
chess/seq-06/color/frame-000001.color.png chess/seq-06/color/frame-000002.color.png 0.999999 0.00159585 -0.000398851 0.00513555 -0.00159498 0.999996 0.00219032 -0.00221968 0.000402344 -0.00218968 0.999998 0.00327768 0.0 0.0 0.0 1.0
chess/seq-06/color/frame-000002.color.png chess/seq-06/color/frame-000003.color.png 0.999999 -0.00134401 0.0002554 -0.00326953 0.00134421 0.999999 -0.000785212 0.00125268 -0.000254344 0.000785555 1.0 0.00429421 0.0 0.0 0.0 1.0
chess/seq-06/color/frame-000003.color.png chess/seq-06/color/frame-000004.color.png 0.999997 -0.000513792 -0.00239062 0.00362122 0.000517344 0.999999 0.00148516 0.00271154 0.00238985 -0.00148639 0.999996 -4.27887e-05 0.0 0.0 0.0 1.0
chess/seq-06/color/frame-000004.color.png chess/seq-06/color/frame-000005.color.png 0.999993 0.00321081 -0.00201214 0.00367745 -0.00320005 0.999981 0.00532933 -0.00604989 0.00202921 -0.00532286 0.999984 0.00622851 0.0 0.0 0.0 1.0
chess/seq-06/color/frame-000005.color.png chess/seq-06/color/frame-000006.color.png 0.999999 0.000872077 0.000441229 -0.000322044 -0.000872002 1.0 -0.00017021 0.00162403 -0.000441376 0.000169826 1.0 0.00404276 0.0 0.0 0.0 1.0
chess/seq-06/color/frame-000006.color.png chess/seq-06/color/frame-000007.color.png 0.999988 -0.000922951 -0.00484015 0.0066169 0.000924558 1.0 0.000329757 0.00340965 0.00483984 -0.000334229 0.999988 0.00064433 0.0 0.0 0.0 1.0
chess/seq-06/color/frame-000007.color.png chess/seq-06/color/frame-000008.color.png 0.999994 0.00281642 -0.00181813 0.00552105 -0.00280921 0.999988 0.00395562 -0.00328577 0.00182925 -0.00395049 0.999991 0.00159519 0.0 0.0 0.0 1.0
chess/seq-06/color/frame-000008.color.png chess/seq-06/color/frame-000009.color.png 0.999989 0.00348916 0.00305388 0.00318594 -0.00350057 0.999987 0.00373885 0.000767525 -0.0030408 -0.0037495 0.999988 0.00490568 0.0 0.0 0.0 1.0
chess/seq-06/color/frame-000009.color.png chess/seq-06/color/frame-000010.color.png 0.999999 -0.00100068 -0.000388282 -0.00262277 0.00100117 0.999999 0.00126346 0.000479803 0.000387017 -0.00126385 0.999999 0.00398161 0.0 0.0 0.0 1.0
chess/seq-06/color/frame-000010.color.png chess/seq-06/color/frame-000011.color.png 0.999991 -0.00158313 -0.00383989 0.00776743 0.00159259 0.999996 0.00246311 0.000480908 0.00383598 -0.0024692 0.99999 0.00598413 0.0 0.0 0.0 1.0
chess/seq-06/color/frame-000011.color.png chess/seq-06/color/frame-000012.color.png 1.0 -0.000395012 8.26006e-05 -0.00195929 0.000394746 0.999995 0.00319623 -0.00372015 -8.38625e-05 -0.0031962 0.999995 0.00192063 0.0 0.0 0.0 1.0
chess/seq-06/color/frame-000012.color.png chess/seq-06/color/frame-000013.color.png 0.999995 -0.000169345 -0.00317135 0.00483954 0.000185286 0.999987 0.00502587 -0.0016063 0.00317045 -0.00502643 0.999982 0.0114552 0.0 0.0 0.0 1.0
chess/seq-06/color/frame-000013.color.png chess/seq-06/color/frame-000014.color.png 1.0 -0.000508079 -0.000240244 0.000301473 0.00050806 1.0 -7.9643e-05 -0.00162592 0.000240283 7.9519e-05 1.0 0.00503547 0.0 0.0 0.0 1.0
chess/seq-06/color/frame-000014.color.png chess/seq-06/color/frame-000015.color.png 0.999999 0.00106472 -0.000482171 0.00174687 -0.00106474 0.999999 -3.87924e-05 -0.000797415 0.000482134 3.93069e-05 1.0 0.00931645 0.0 0.0 0.0 1.0
chess/seq-06/color/frame-000015.color.png chess/seq-06/color/frame-000016.color.png 0.999999 0.00109922 -0.000463093 0.0040371 -0.0010988 0.999999 0.000915945 -0.0028405 0.000464098 -0.000915434 0.999999 0.00434311 0.0 0.0 0.0 1.0
chess/seq-06/color/frame-000016.color.png chess/seq-06/color/frame-000017.color.png 0.999996 -0.00118215 0.00249575 -0.00323517 0.00118115 0.999999 0.000402825 0.00223047 -0.00249623 -0.000399876 0.999997 0.0153913 0.0 0.0 0.0 1.0
chess/seq-06/color/frame-000017.color.png chess/seq-06/color/frame-000018.color.png 0.999995 -0.00101139 -0.00290135 0.00722386 0.00100956 0.999999 -0.000632474 -0.0042163 0.00290198 0.000629542 0.999996 0.00358387 0.0 0.0 0.0 1.0
chess/seq-06/color/frame-000018.color.png chess/seq-06/color/frame-000019.color.png 0.99999 0.00281262 0.00341727 -0.000458129 -0.00281467 0.999996 0.000596635 -0.00506185 -0.00341557 -0.000606246 0.999994 0.0157658 0.0 0.0 0.0 1.0
chess/seq-06/color/frame-000019.color.png chess/seq-06/color/frame-000020.color.png 0.999999 -0.000423874 0.00155842 0.000421401 0.000428932 0.999995 -0.00324734 0.00644152 -0.00155704 0.00324801 0.999994 0.00698546 0.0 0.0 0.0 1.0
chess/seq-06/color/frame-000020.color.png chess/seq-06/color/frame-000021.color.png 0.999997 -0.00254269 7.28685e-05 -0.00375998 0.00254254 0.999995 0.00199945 -0.00133356 -7.79531e-05 -0.00199926 0.999998 0.0178753 0.0 0.0 0.0 1.0
chess/seq-06/color/frame-000021.color.png chess/seq-06/color/frame-000022.color.png 0.999999 -0.00018337 -0.00143301 0.0036466 0.000182626 1.0 -0.000520113 0.00241733 0.0014331 0.000519851 0.999999 0.00945401 0.0 0.0 0.0 1.0
chess/seq-06/color/frame-000022.color.png chess/seq-06/color/frame-000023.color.png 0.999999 -0.000936818 0.00101631 -0.00164854 0.000935675 0.999999 0.00112305 -0.00175443 -0.00101736 -0.0011221 0.999999 0.0126729 0.0 0.0 0.0 1.0
chess/seq-06/color/frame-000023.color.png chess/seq-06/color/frame-000024.color.png 0.999996 -0.00296843 -0.000290042 -0.000339814 0.0029698 0.999984 0.00483219 -0.0094459 0.000275692 -0.00483303 0.999988 0.0183091 0.0 0.0 0.0 1.0
chess/seq-06/color/frame-000024.color.png chess/seq-06/color/frame-000025.color.png 0.999999 0.00092324 -0.0008103 0.00333781 -0.000921113 0.999996 0.0026227 -0.00444016 0.000812719 -0.00262195 0.999996 0.0175982 0.0 0.0 0.0 1.0
chess/seq-06/color/frame-000025.color.png chess/seq-06/color/frame-000026.color.png 0.999986 0.00329541 0.00419229 -0.00533758 -0.00329599 0.999995 0.000130495 -0.0172036 -0.00419184 -0.000144315 0.999991 0.0288532 0.0 0.0 0.0 1.0
chess/seq-06/color/frame-000026.color.png chess/seq-06/color/frame-000027.color.png 0.999999 -0.00155663 0.000474214 -0.00102736 0.00155829 0.999993 -0.0035159 -0.00564569 -0.000468735 0.00351663 0.999994 0.00904655 0.0 0.0 0.0 1.0
chess/seq-06/color/frame-000027.color.png chess/seq-06/color/frame-000028.color.png 0.999997 0.00200576 -0.00168915 0.00181741 -0.00201008 0.999995 -0.00255506 -0.00229542 0.00168401 0.00255844 0.999995 0.0264876 0.0 0.0 0.0 1.0
chess/seq-06/color/frame-000028.color.png chess/seq-06/color/frame-000029.color.png 0.999997 0.00158365 0.00167668 -0.00347889 -0.001584 0.999999 0.000204658 -0.00641149 -0.00167636 -0.000207311 0.999999 0.0154633 0.0 0.0 0.0 1.0
chess/seq-06/color/frame-000029.color.png chess/seq-06/color/frame-000030.color.png 0.999999 0.000717545 0.000974514 -0.00188012 -0.000717415 1.0 -0.000130103 -0.0076211 -0.000974609 0.000129403 0.999999 0.0146233 0.0 0.0 0.0 1.0
chess/seq-06/color/frame-000030.color.png chess/seq-06/color/frame-000031.color.png 0.999999 -0.00114486 -0.00125279 -0.00491725 0.00113547 0.999971 -0.00747232 0.0049536 0.00126131 0.00747088 0.999971 0.0296906 0.0 0.0 0.0 1.0
chess/seq-06/color/frame-000031.color.png chess/seq-06/color/frame-000032.color.png 0.999986 0.00460541 -0.00238919 -0.000217246 -0.00460011 0.999987 0.00221642 -0.00548549 0.00239937 -0.00220539 0.999995 0.0169494 0.0 0.0 0.0 1.0
chess/seq-06/color/frame-000032.color.png chess/seq-06/color/frame-000033.color.png 1.0 0.000866257 -2.85505e-05 -0.00403466 -0.000866231 0.999999 0.000816247 -0.0134243 2.92545e-05 -0.000816224 1.0 0.0328273 0.0 0.0 0.0 1.0
chess/seq-06/color/frame-000033.color.png chess/seq-06/color/frame-000034.color.png 0.999997 -4.39645e-06 -0.00239238 0.000438526 -6.43993e-06 0.99999 -0.00452939 0.00749355 0.00239238 0.00452939 0.999987 0.0148103 0.0 0.0 0.0 1.0
chess/seq-06/color/frame-000034.color.png chess/seq-06/color/frame-000035.color.png 0.999993 0.000517143 -0.0035757 -0.00212389 -0.000509088 0.999997 0.00225263 -0.00313094 0.00357685 -0.0022508 0.999991 0.014174 0.0 0.0 0.0 1.0
chess/seq-06/color/frame-000035.color.png chess/seq-06/color/frame-000036.color.png 0.999919 0.00517586 -0.0116006 0.00584106 -0.00507895 0.999952 0.0083686 -0.0118272 0.0116434 -0.00830901 0.999898 0.0294367 0.0 0.0 0.0 1.0
chess/seq-06/color/frame-000036.color.png chess/seq-06/color/frame-000037.color.png 0.999987 0.00379223 -0.00353626 0.00603953 -0.00378628 0.999991 0.00168825 -0.00227228 0.00354263 -0.00167484 0.999992 0.0153686 0.0 0.0 0.0 1.0
chess/seq-06/color/frame-000037.color.png chess/seq-06/color/frame-000038.color.png 0.999977 0.00648801 0.0016968 -0.0115403 -0.00649173 0.999976 0.00219568 -0.000417583 -0.00168252 -0.00220665 0.999996 0.0309192 0.0 0.0 0.0 1.0
chess/seq-06/color/frame-000038.color.png chess/seq-06/color/frame-000039.color.png 0.999999 -0.000425018 -0.00100581 -0.00520601 0.000427109 0.999998 0.00208411 0.0026449 0.00100493 -0.00208454 0.999997 0.0170175 0.0 0.0 0.0 1.0
chess/seq-06/color/frame-000039.color.png chess/seq-06/color/frame-000040.color.png 0.999988 0.002064 -0.00445135 -0.000193786 -0.00203203 0.999972 0.0071756 -0.0154276 0.00446604 -0.00716647 0.999964 0.0160755 0.0 0.0 0.0 1.0
chess/seq-06/color/frame-000040.color.png chess/seq-06/color/frame-000041.color.png 0.999932 -0.00231382 -0.0114075 0.00973548 0.0023099 0.999997 -0.000357031 0.00434054 0.0114083 0.000330651 0.999935 0.0244131 0.0 0.0 0.0 1.0
chess/seq-06/color/frame-000041.color.png chess/seq-06/color/frame-000042.color.png 0.999992 0.00267251 -0.00306016 0.00148105 -0.00265013 0.99997 0.0072931 -0.00911339 0.00307955 -0.00728493 0.999969 0.0140996 0.0 0.0 0.0 1.0
chess/seq-06/color/frame-000042.color.png chess/seq-06/color/frame-000043.color.png 0.999987 0.00427158 -0.00269582 -0.000227088 -0.00424135 0.999929 0.0111191 -0.0176417 0.00274312 -0.0111075 0.999935 0.0287176 0.0 0.0 0.0 1.0
chess/seq-06/color/frame-000043.color.png chess/seq-06/color/frame-000044.color.png 0.999998 -0.000589087 -0.00189982 -0.000123091 0.000592112 0.999999 0.00159401 -0.00617795 0.0018989 -0.00159514 0.999997 0.0152311 0.0 0.0 0.0 1.0
chess/seq-06/color/frame-000044.color.png chess/seq-06/color/frame-000045.color.png 0.999993 -0.000882391 -0.00361882 0.00286326 0.000874826 0.999997 -0.00209149 0.00259665 0.00362066 0.00208833 0.999991 0.0138676 0.0 0.0 0.0 1.0
chess/seq-06/color/frame-000045.color.png chess/seq-06/color/frame-000046.color.png 0.999976 0.000643485 -0.00683119 0.0105374 -0.000619935 0.999994 0.00344952 -0.00325867 0.00683337 -0.00344521 0.999971 0.0246918 0.0 0.0 0.0 1.0
chess/seq-06/color/frame-000046.color.png chess/seq-06/color/frame-000047.color.png 0.999995 0.00256666 -0.00167689 -0.00141229 -0.00256281 0.999994 0.00228896 -0.00462165 0.00168275 -0.00228466 0.999996 0.0158302 0.0 0.0 0.0 1.0
chess/seq-06/color/frame-000047.color.png chess/seq-06/color/frame-000048.color.png 0.999998 0.000267442 -0.00180509 0.00167054 -0.000266331 1.0 0.000618715 -0.0003452 0.00180526 -0.000618245 0.999998 0.0123705 0.0 0.0 0.0 1.0
chess/seq-06/color/frame-000048.color.png chess/seq-06/color/frame-000049.color.png 0.999986 -7.12085e-05 -0.00520015 -0.000362759 9.77687e-05 0.999987 0.00510849 -0.019426 0.0051997 -0.00510893 0.999973 0.0319908 0.0 0.0 0.0 1.0
chess/seq-06/color/frame-000049.color.png chess/seq-06/color/frame-000050.color.png 0.99999 -0.00130679 -0.00432245 0.00764474 0.00129001 0.999992 -0.00388366 0.00341834 0.0043275 0.00387805 0.999983 0.0114359 0.0 0.0 0.0 1.0
chess/seq-06/color/frame-000050.color.png chess/seq-06/color/frame-000051.color.png 0.999993 0.00280587 -0.00243386 0.00642884 -0.00279951 0.999993 0.0026181 -0.00589177 0.00244118 -0.00261128 0.999994 0.0109233 0.0 0.0 0.0 1.0
chess/seq-06/color/frame-000051.color.png chess/seq-06/color/frame-000052.color.png 0.999994 0.00355434 -0.000156179 -0.00234527 -0.00355357 0.999983 0.00464329 -0.0219411 0.000172676 -0.0046427 0.999989 0.034441 0.0 0.0 0.0 1.0
chess/seq-06/color/frame-000052.color.png chess/seq-06/color/frame-000053.color.png 0.999985 -0.00498706 -0.00208191 -0.000373406 0.00497518 0.999972 -0.00567587 0.00377278 0.00211016 0.00566543 0.999982 0.015475 0.0 0.0 0.0 1.0
chess/seq-06/color/frame-000053.color.png chess/seq-06/color/frame-000054.color.png 0.999979 -0.00384475 -0.00522585 0.00457626 0.00382215 0.999983 -0.00432476 0.00348757 0.00524239 0.00430471 0.999977 0.0126406 0.0 0.0 0.0 1.0
chess/seq-06/color/frame-000054.color.png chess/seq-06/color/frame-000055.color.png 0.999933 0.000788881 -0.0115523 0.0183375 -0.000738049 0.99999 0.00440237 -0.00876482 0.0115557 -0.00439357 0.999923 0.0281431 0.0 0.0 0.0 1.0
chess/seq-06/color/frame-000055.color.png chess/seq-06/color/frame-000056.color.png 0.999994 0.00052088 -0.00346787 0.00408166 -0.00051144 0.999996 0.00272342 -0.00901653 0.00346927 -0.00272162 0.99999 0.0181662 0.0 0.0 0.0 1.0
chess/seq-06/color/frame-000056.color.png chess/seq-06/color/frame-000057.color.png 0.999996 -0.000701424 -0.00252901 0.000302564 0.000699158 0.999999 -0.000897781 -0.00062184 0.00252963 0.000896005 0.999996 0.0156596 0.0 0.0 0.0 1.0
chess/seq-06/color/frame-000057.color.png chess/seq-06/color/frame-000058.color.png 0.999993 -0.00258926 -0.00264004 -0.000845548 0.00259372 0.999995 0.0016905 -0.0047148 0.00263565 -0.00169733 0.999995 0.0138978 0.0 0.0 0.0 1.0
chess/seq-06/color/frame-000058.color.png chess/seq-06/color/frame-000059.color.png 0.999945 -0.000532529 -0.0104997 0.0154089 0.000571196 0.999993 0.00367942 -0.0109831 0.0104977 -0.00368522 0.999938 0.0336791 0.0 0.0 0.0 1.0
chess/seq-06/color/frame-000059.color.png chess/seq-06/color/frame-000060.color.png 0.999989 0.00143334 -0.00440053 0.0110411 -0.00143366 0.999999 -7.04889e-05 -2.13087e-05 0.0044004 7.68002e-05 0.99999 0.0145871 0.0 0.0 0.0 1.0
chess/seq-06/color/frame-000060.color.png chess/seq-06/color/frame-000061.color.png 0.999999 0.0011769 -0.000633294 8.45268e-06 -0.00117584 0.999998 0.00166192 -0.0019678 0.000635242 -0.00166117 0.999998 0.0148016 0.0 0.0 0.0 1.0
chess/seq-06/color/frame-000061.color.png chess/seq-06/color/frame-000062.color.png 0.999991 0.00172311 -0.00397356 0.00350597 -0.00168923 0.999962 0.00851068 -0.0118488 0.00398811 -0.00850391 0.999956 0.0311337 0.0 0.0 0.0 1.0
chess/seq-06/color/frame-000062.color.png chess/seq-06/color/frame-000063.color.png 0.999995 -0.00126987 -0.0028096 0.00627723 0.00127898 0.999994 0.00324035 -0.00382066 0.00280544 -0.00324392 0.999991 0.0135606 0.0 0.0 0.0 1.0
chess/seq-06/color/frame-000063.color.png chess/seq-06/color/frame-000064.color.png 0.999998 0.00139779 -0.00165638 0.00295384 -0.00138993 0.999988 0.00474096 -0.00572903 0.00166299 -0.00473864 0.999987 0.0139713 0.0 0.0 0.0 1.0
chess/seq-06/color/frame-000064.color.png chess/seq-06/color/frame-000065.color.png 0.99998 0.00604663 -0.0015781 0.00364454 -0.00603114 0.999935 0.00964053 -0.0167367 0.00163631 -0.00963085 0.999952 0.0309036 0.0 0.0 0.0 1.0
chess/seq-06/color/frame-000065.color.png chess/seq-06/color/frame-000066.color.png 0.999999 0.00129713 0.000907973 -0.00462955 -0.00130002 0.999994 0.00317971 -0.00815651 -0.000903894 -0.00318087 0.999995 0.0138456 0.0 0.0 0.0 1.0
chess/seq-06/color/frame-000066.color.png chess/seq-06/color/frame-000067.color.png 0.999997 -8.12237e-05 -0.00260745 0.00203765 8.28091e-05 1.0 0.000608079 -0.000881478 0.00260743 -0.000608299 0.999996 0.0135179 0.0 0.0 0.0 1.0
chess/seq-06/color/frame-000067.color.png chess/seq-06/color/frame-000068.color.png 0.999969 0.00115069 -0.00785446 0.00916601 -0.00112813 0.999995 0.00287776 -0.00578481 0.00785774 -0.00286879 0.999965 0.0239773 0.0 0.0 0.0 1.0
chess/seq-06/color/frame-000068.color.png chess/seq-06/color/frame-000069.color.png 0.999999 -0.000280455 -0.00142937 -0.000860162 0.000282582 0.999999 0.00149363 -0.004998 0.00142895 -0.00149405 0.999998 0.0135294 0.0 0.0 0.0 1.0
chess/seq-06/color/frame-000069.color.png chess/seq-06/color/frame-000070.color.png 0.999995 -0.00198496 -0.00234181 0.0007562 0.00198474 0.999998 -9.86288e-05 -0.00173251 0.00234201 9.39572e-05 0.999997 0.0129726 0.0 0.0 0.0 1.0
chess/seq-06/color/frame-000070.color.png chess/seq-06/color/frame-000071.color.png 0.99999 0.00210176 -0.00395801 0.00488107 -0.00208502 0.999989 0.00422692 -0.00980635 0.00396683 -0.0042186 0.999983 0.0250418 0.0 0.0 0.0 1.0
chess/seq-06/color/frame-000071.color.png chess/seq-06/color/frame-000072.color.png 0.999999 0.000405571 -0.00161464 0.00262805 -0.000405436 1.0 8.58678e-05 -0.000984773 0.00161471 -8.52304e-05 0.999999 0.0134212 0.0 0.0 0.0 1.0
chess/seq-06/color/frame-000072.color.png chess/seq-06/color/frame-000073.color.png 0.999999 0.00142611 -0.000263425 -0.00137989 -0.00142594 0.999999 0.000609167 -0.00409828 0.000264292 -0.00060876 1.0 0.0133383 0.0 0.0 0.0 1.0
chess/seq-06/color/frame-000073.color.png chess/seq-06/color/frame-000074.color.png 0.999999 0.000979546 0.000768137 -0.0016042 -0.000980088 0.999999 0.000703912 -0.00508974 -0.000767471 -0.00070467 0.999999 0.0262237 0.0 0.0 0.0 1.0
chess/seq-06/color/frame-000074.color.png chess/seq-06/color/frame-000075.color.png 0.999991 0.0031603 0.00297774 -0.00641486 -0.00316512 0.999994 0.00161413 -0.00939892 -0.0029726 -0.00162355 0.999994 0.0148658 0.0 0.0 0.0 1.0
chess/seq-06/color/frame-000075.color.png chess/seq-06/color/frame-000076.color.png 0.999987 -0.00153524 0.00483515 -0.0100556 0.00155325 0.999992 -0.00372263 -0.000701964 -0.0048294 0.00373009 0.999981 0.0155391 0.0 0.0 0.0 1.0
chess/seq-06/color/frame-000076.color.png chess/seq-06/color/frame-000077.color.png 0.999975 -0.00634159 0.00319066 -0.00501212 0.00636276 0.999957 -0.00667347 0.00539298 -0.00314822 0.00669363 0.999973 0.0245154 0.0 0.0 0.0 1.0
chess/seq-06/color/frame-000077.color.png chess/seq-06/color/frame-000078.color.png 0.999991 -0.00211256 0.003673 -0.00372299 0.00210026 0.999992 0.00335053 -0.0128325 -0.00368006 -0.00334277 0.999988 0.0139744 0.0 0.0 0.0 1.0
chess/seq-06/color/frame-000078.color.png chess/seq-06/color/frame-000079.color.png 0.99999 -0.00094403 0.00431185 -0.00657682 0.000944388 1.0 -7.99966e-05 -0.00641191 -0.00431176 8.40524e-05 0.999991 0.0165677 0.0 0.0 0.0 1.0
chess/seq-06/color/frame-000079.color.png chess/seq-06/color/frame-000080.color.png 0.999992 -0.00307896 0.00245342 -0.00957986 0.00309947 0.99996 -0.00839923 0.000187159 -0.00242745 0.00840674 0.999962 0.0271736 0.0 0.0 0.0 1.0
chess/seq-06/color/frame-000080.color.png chess/seq-06/color/frame-000081.color.png 0.999997 -0.000215011 -0.00240662 0.00900047 0.000198894 0.999978 -0.00669043 0.0108894 0.00240797 0.00668997 0.999975 0.0126178 0.0 0.0 0.0 1.0
chess/seq-06/color/frame-000081.color.png chess/seq-06/color/frame-000082.color.png 0.999992 0.00332997 0.00237593 -0.00277057 -0.0033265 0.999993 -0.00146084 0.00207862 -0.00238075 0.00145291 0.999996 0.0107321 0.0 0.0 0.0 1.0
chess/seq-06/color/frame-000082.color.png chess/seq-06/color/frame-000083.color.png 0.999968 0.0020017 0.00779226 -0.016722 -0.00199291 0.999997 -0.00113414 -0.000117958 -0.00779449 0.00111857 0.999969 0.0277872 0.0 0.0 0.0 1.0
chess/seq-06/color/frame-000083.color.png chess/seq-06/color/frame-000084.color.png 0.999998 -0.00200668 -0.00100664 -0.00192327 0.00200571 0.999997 -0.00095846 -0.000229955 0.00100856 0.000956463 0.999999 0.0131557 0.0 0.0 0.0 1.0
chess/seq-06/color/frame-000084.color.png chess/seq-06/color/frame-000085.color.png 0.999992 -0.00135096 -0.00387838 0.004987 0.00134093 0.999996 -0.00259029 0.00485894 0.00388188 0.00258505 0.999989 0.0115362 0.0 0.0 0.0 1.0
chess/seq-06/color/frame-000085.color.png chess/seq-06/color/frame-000086.color.png 0.999982 0.00248394 -0.00554296 0.00911343 -0.00250926 0.999986 -0.00456586 0.00213739 0.00553152 0.00457969 0.999974 0.0244757 0.0 0.0 0.0 1.0
chess/seq-06/color/frame-000086.color.png chess/seq-06/color/frame-000087.color.png 0.999998 -0.00190858 0.000291313 -0.00539918 0.0019086 0.999998 -3.44546e-05 0.00215864 -0.000291253 3.50167e-05 1.0 0.0115821 0.0 0.0 0.0 1.0
chess/seq-06/color/frame-000087.color.png chess/seq-06/color/frame-000088.color.png 0.999991 0.00105116 -0.00397965 0.00510048 -0.00104025 0.999996 0.00274089 -0.00574556 0.00398251 -0.00273672 0.999988 0.0112025 0.0 0.0 0.0 1.0
chess/seq-06/color/frame-000088.color.png chess/seq-06/color/frame-000089.color.png 0.999933 0.0102463 -0.00531634 0.0117291 -0.0102236 0.999939 0.00427954 -0.0105955 0.00535988 -0.00422493 0.999977 0.02002 0.0 0.0 0.0 1.0
chess/seq-06/color/frame-000089.color.png chess/seq-06/color/frame-000090.color.png 0.999997 0.00208006 0.00145225 -0.00642184 -0.00208097 0.999998 0.00063248 -0.00152022 -0.00145095 -0.000635477 0.999999 0.0135063 0.0 0.0 0.0 1.0
chess/seq-06/color/frame-000090.color.png chess/seq-06/color/frame-000091.color.png 0.999975 -0.0062809 -0.00334171 0.00154646 0.00626906 0.999974 -0.00353775 0.00840086 0.0033639 0.00351668 0.999988 0.0129257 0.0 0.0 0.0 1.0
chess/seq-06/color/frame-000091.color.png chess/seq-06/color/frame-000092.color.png 0.999897 -0.00185312 -0.0142253 0.0250006 0.00190437 0.999992 0.00358957 -0.00879148 0.0142185 -0.00361628 0.999892 0.0171722 0.0 0.0 0.0 1.0
chess/seq-06/color/frame-000092.color.png chess/seq-06/color/frame-000093.color.png 0.999971 0.00740773 -0.00193565 0.00443235 -0.00740069 0.999966 0.00361844 -0.00926879 0.00196242 -0.00360401 0.999992 0.00969875 0.0 0.0 0.0 1.0
chess/seq-06/color/frame-000093.color.png chess/seq-06/color/frame-000094.color.png 0.999949 0.00939609 0.00365286 -0.003885 -0.00938652 0.999952 -0.00263028 -0.00102195 -0.00367742 0.0025959 0.99999 0.0220876 0.0 0.0 0.0 1.0
chess/seq-06/color/frame-000094.color.png chess/seq-06/color/frame-000095.color.png 0.99999 -0.00424781 -0.00107505 -0.00187642 0.00423881 0.999957 -0.00823599 0.0179652 0.00110999 0.00823134 0.999966 0.0135103 0.0 0.0 0.0 1.0
chess/seq-06/color/frame-000095.color.png chess/seq-06/color/frame-000096.color.png 0.999981 -0.00257885 -0.00566204 0.00885656 0.00256432 0.999993 -0.0025719 0.00119868 0.00566861 0.00255732 0.999981 0.00813603 0.0 0.0 0.0 1.0
chess/seq-06/color/frame-000096.color.png chess/seq-06/color/frame-000097.color.png 0.999968 0.00170057 -0.00778441 0.0153591 -0.00169236 0.999998 0.00105948 -0.00676486 0.00778618 -0.00104629 0.999969 0.0183161 0.0 0.0 0.0 1.0
chess/seq-06/color/frame-000097.color.png chess/seq-06/color/frame-000098.color.png 0.999989 0.00419121 -0.00204311 0.00612341 -0.00419752 0.999986 -0.0030874 0.000161171 0.00203017 0.00309594 0.999993 0.0104406 0.0 0.0 0.0 1.0
chess/seq-06/color/frame-000098.color.png chess/seq-06/color/frame-000099.color.png 0.999998 -0.00131178 -0.00152794 0.00396933 0.0013022 0.99998 -0.00624879 0.00876477 0.00153608 0.0062468 0.999979 0.0197387 0.0 0.0 0.0 1.0
chess/seq-06/color/frame-000099.color.png chess/seq-06/color/frame-000100.color.png 0.999996 0.000343625 -0.00285294 0.00569023 -0.000346994 0.999999 -0.00118511 -0.000240326 0.00285256 0.00118608 0.999995 0.00959194 0.0 0.0 0.0 1.0
chess/seq-06/color/frame-000100.color.png chess/seq-06/color/frame-000101.color.png 0.999994 0.000852338 -0.00323347 0.00933961 -0.000841202 0.999994 0.00344832 -0.0105609 0.00323636 -0.00344556 0.999989 0.00762486 0.0 0.0 0.0 1.0
chess/seq-06/color/frame-000101.color.png chess/seq-06/color/frame-000102.color.png 0.99999 0.0043166 0.000841423 0.00163113 -0.00431982 0.999983 0.00386499 -0.0140917 -0.000824681 -0.0038686 0.999992 0.0227931 0.0 0.0 0.0 1.0
chess/seq-06/color/frame-000102.color.png chess/seq-06/color/frame-000103.color.png 0.999999 0.00136434 -0.000113501 0.00611633 -0.00136447 0.999998 -0.00115314 -0.000259221 0.000111872 0.0011533 0.999999 0.0101521 0.0 0.0 0.0 1.0
chess/seq-06/color/frame-000103.color.png chess/seq-06/color/frame-000104.color.png 0.999999 -0.000937733 0.00119182 -0.00136775 0.00094435 0.999984 -0.00554395 0.0129877 -0.0011866 0.00554505 0.999984 0.0115141 0.0 0.0 0.0 1.0
chess/seq-06/color/frame-000104.color.png chess/seq-06/color/frame-000105.color.png 0.999997 0.00139302 -0.00191628 0.0082884 -0.00140243 0.999987 -0.00491276 0.00560629 0.00190942 0.00491542 0.999986 0.0211887 0.0 0.0 0.0 1.0
chess/seq-06/color/frame-000105.color.png chess/seq-06/color/frame-000106.color.png 0.999998 0.00133002 -0.00141449 0.00428278 -0.00133172 0.999999 -0.00120011 0.00154459 0.0014129 0.00120201 0.999998 0.0107657 0.0 0.0 0.0 1.0
chess/seq-06/color/frame-000106.color.png chess/seq-06/color/frame-000107.color.png 0.999971 0.00751006 -0.000783197 0.00829067 -0.00750576 0.999958 0.0053498 -0.0171074 0.000823362 -0.00534377 0.999985 0.0205339 0.0 0.0 0.0 1.0
chess/seq-06/color/frame-000107.color.png chess/seq-06/color/frame-000108.color.png 1.0 -0.000186137 5.89383e-05 -5.1409e-05 0.000186354 0.999993 -0.00372498 0.00908449 -5.82786e-05 0.00372499 0.999993 0.0142646 0.0 0.0 0.0 1.0
chess/seq-06/color/frame-000108.color.png chess/seq-06/color/frame-000109.color.png 0.999985 -0.00263797 -0.00469801 0.0111691 0.00261807 0.999987 -0.00423851 0.00716209 0.0047091 0.00422617 0.99998 0.0107629 0.0 0.0 0.0 1.0
chess/seq-06/color/frame-000109.color.png chess/seq-06/color/frame-000110.color.png 0.999979 0.00139737 -0.00625543 0.0148292 -0.00140913 0.999997 -0.0018736 0.00190422 0.00625282 0.00188237 0.999979 0.00962996 0.0 0.0 0.0 1.0
chess/seq-06/color/frame-000110.color.png chess/seq-06/color/frame-000111.color.png 0.999931 0.0112064 -0.00363903 0.00854705 -0.0112355 0.999904 -0.00809146 0.0103769 0.003548 0.00813177 0.999961 0.0260206 0.0 0.0 0.0 1.0
chess/seq-06/color/frame-000111.color.png chess/seq-06/color/frame-000112.color.png 0.999979 0.00189028 -0.00625949 0.0156775 -0.00190705 0.999995 -0.00267335 0.00295472 0.00625439 0.00268523 0.999977 0.00883412 0.0 0.0 0.0 1.0
chess/seq-06/color/frame-000112.color.png chess/seq-06/color/frame-000113.color.png 0.999983 0.000198503 -0.00571983 0.00954999 -0.000204578 0.999999 -0.00106374 0.00129771 0.0057196 0.00106491 0.999983 0.0103773 0.0 0.0 0.0 1.0
chess/seq-06/color/frame-000113.color.png chess/seq-06/color/frame-000114.color.png 0.999925 0.00419931 -0.0115251 0.0234964 -0.00413249 0.999974 0.00581568 -0.0143812 0.0115492 -0.00576763 0.999917 0.0168679 0.0 0.0 0.0 1.0
chess/seq-06/color/frame-000114.color.png chess/seq-06/color/frame-000115.color.png 0.999975 0.00311577 -0.00639503 0.0120343 -0.00311756 0.999995 -0.000271168 6.38664e-05 0.00639421 0.000291099 0.999979 0.0121735 0.0 0.0 0.0 1.0
chess/seq-06/color/frame-000115.color.png chess/seq-06/color/frame-000116.color.png 0.999964 0.00342581 -0.00780939 0.0124845 -0.00342648 0.999994 -7.18997e-05 -0.00107679 0.00780911 9.86498e-05 0.999969 0.0185984 0.0 0.0 0.0 1.0
chess/seq-06/color/frame-000116.color.png chess/seq-06/color/frame-000117.color.png 0.999986 0.000226503 -0.00525723 0.0109117 -0.000209199 0.999995 0.0032939 -0.00835788 0.00525793 -0.00329275 0.999981 0.00813663 0.0 0.0 0.0 1.0
chess/seq-06/color/frame-000117.color.png chess/seq-06/color/frame-000118.color.png 0.999994 -0.000961742 -0.0032477 0.0043288 0.000974924 0.999991 0.00406041 -0.00625658 0.0032438 -0.00406356 0.999986 0.00844502 0.0 0.0 0.0 1.0
chess/seq-06/color/frame-000118.color.png chess/seq-06/color/frame-000119.color.png 0.999989 0.0014101 -0.00437511 0.00949702 -0.00139576 0.999994 0.0032779 -0.00741568 0.0043797 -0.00327178 0.999985 0.0086726 0.0 0.0 0.0 1.0
chess/seq-06/color/frame-000119.color.png chess/seq-06/color/frame-000120.color.png 0.999991 0.000321648 -0.0042771 0.00734778 -0.000307242 0.999994 0.003363 -0.00464261 0.00427803 -0.00336162 0.999985 0.016958 0.0 0.0 0.0 1.0
chess/seq-06/color/frame-000120.color.png chess/seq-06/color/frame-000121.color.png 0.999991 -0.0020011 -0.00376927 0.00584357 0.00200516 0.999997 0.00107011 -0.00299275 0.0037672 -0.00107769 0.999992 0.00819004 0.0 0.0 0.0 1.0
chess/seq-06/color/frame-000121.color.png chess/seq-06/color/frame-000122.color.png 0.999992 0.000316529 -0.00390797 0.00852612 -0.000304026 0.999995 0.00320725 -0.00672927 0.00390896 -0.00320602 0.999987 0.00665224 0.0 0.0 0.0 1.0
chess/seq-06/color/frame-000122.color.png chess/seq-06/color/frame-000123.color.png 0.999957 0.00914405 -0.0011963 0.00396594 -0.00913463 0.999929 0.00763729 -0.0161515 0.00126601 -0.00762603 0.99997 0.0158274 0.0 0.0 0.0 1.0
chess/seq-06/color/frame-000123.color.png chess/seq-06/color/frame-000124.color.png 0.999999 0.000170702 0.00175225 -0.00569014 -0.000172112 1.0 0.000807184 -0.000751376 -0.00175203 -0.000807509 0.999998 0.00691795 0.0 0.0 0.0 1.0
chess/seq-06/color/frame-000124.color.png chess/seq-06/color/frame-000125.color.png 0.999995 -0.00291339 -0.000781474 0.00161621 0.00291404 0.999995 0.0008583 -0.000159711 0.000778947 -0.000860572 0.999999 0.00915372 0.0 0.0 0.0 1.0
chess/seq-06/color/frame-000125.color.png chess/seq-06/color/frame-000126.color.png 0.999996 -0.00236281 -0.00133001 0.00279383 0.00236435 0.999996 0.00116596 -0.003746 0.00132722 -0.00116907 0.999999 0.00745988 0.0 0.0 0.0 1.0
chess/seq-06/color/frame-000126.color.png chess/seq-06/color/frame-000127.color.png 0.999998 0.00170338 -0.000719272 0.00394237 -0.00169796 0.999971 0.00744842 -0.0160237 0.000731905 -0.00744719 0.999972 0.0133609 0.0 0.0 0.0 1.0
chess/seq-06/color/frame-000127.color.png chess/seq-06/color/frame-000128.color.png 0.999983 0.00393218 0.00427379 -0.012342 -0.0039235 0.99999 -0.00204069 0.00620595 -0.00428172 0.00202388 0.999989 0.00844395 0.0 0.0 0.0 1.0
chess/seq-06/color/frame-000128.color.png chess/seq-06/color/frame-000129.color.png 0.999996 0.00292741 -0.000107307 0.00315819 -0.00292733 0.999996 0.000376328 -0.00477254 0.000108408 -0.000376022 1.0 0.00968885 0.0 0.0 0.0 1.0
chess/seq-06/color/frame-000129.color.png chess/seq-06/color/frame-000130.color.png 0.999984 -0.00439619 0.00356172 -0.010764 0.00440121 0.999989 -0.00141385 0.00285998 -0.0035555 0.00142953 0.999993 0.0155833 0.0 0.0 0.0 1.0
chess/seq-06/color/frame-000130.color.png chess/seq-06/color/frame-000131.color.png 0.999997 -0.000931205 -0.00218411 0.00409262 0.000921171 0.999989 -0.00460095 0.0102783 0.00218845 0.00459891 0.999987 0.00819755 0.0 0.0 0.0 1.0
chess/seq-06/color/frame-000131.color.png chess/seq-06/color/frame-000132.color.png 0.999985 0.00537649 0.00134323 -0.00392332 -0.00537665 0.999986 0.000118851 -0.00514856 -0.0013426 -0.000126086 0.999999 0.00851274 0.0 0.0 0.0 1.0
chess/seq-06/color/frame-000132.color.png chess/seq-06/color/frame-000133.color.png 0.999997 0.00244826 0.00101861 -0.000521407 -0.00244799 0.999997 -0.000281258 -0.00108758 -0.00101928 0.000278768 0.999999 0.00913692 0.0 0.0 0.0 1.0
chess/seq-06/color/frame-000133.color.png chess/seq-06/color/frame-000134.color.png 0.999992 -0.00291503 -0.00254183 0.005517 0.00291956 0.999994 0.0017738 -0.00619957 0.00253658 -0.00178121 0.999995 0.0153158 0.0 0.0 0.0 1.0
chess/seq-06/color/frame-000134.color.png chess/seq-06/color/frame-000135.color.png 0.999998 -0.000907633 -0.00175629 0.00212976 0.000914221 0.999993 0.00375344 -0.00865668 0.00175288 -0.00375504 0.999991 0.00786841 0.0 0.0 0.0 1.0
chess/seq-06/color/frame-000135.color.png chess/seq-06/color/frame-000136.color.png 0.999998 -0.00061297 -0.00180946 0.00224932 0.000613498 1.0 0.000290719 -5.39422e-06 0.00180929 -0.00029182 0.999998 0.00938177 0.0 0.0 0.0 1.0
chess/seq-06/color/frame-000136.color.png chess/seq-06/color/frame-000137.color.png 0.999998 0.000908903 0.00169167 -0.00762434 -0.000902797 0.999993 -0.00361109 0.00861567 -0.00169493 0.00360955 0.999992 0.00808287 0.0 0.0 0.0 1.0
chess/seq-06/color/frame-000137.color.png chess/seq-06/color/frame-000138.color.png 0.999995 -0.00239011 -0.00219124 0.00437998 0.00240335 0.999979 0.00606569 -0.0194399 0.00217665 -0.00607092 0.999979 0.0157282 0.0 0.0 0.0 1.0
chess/seq-06/color/frame-000138.color.png chess/seq-06/color/frame-000139.color.png 0.999995 0.00137663 0.00283036 -0.00793975 -0.00137689 0.999999 8.65303e-05 0.00236028 -0.00283025 -9.04134e-05 0.999996 0.00959516 0.0 0.0 0.0 1.0
chess/seq-06/color/frame-000139.color.png chess/seq-06/color/frame-000140.color.png 0.999996 0.000895716 0.00249899 -0.00298427 -0.000889547 0.999997 -0.00246012 0.00514176 -0.00250122 0.0024579 0.999994 0.0108397 0.0 0.0 0.0 1.0
chess/seq-06/color/frame-000140.color.png chess/seq-06/color/frame-000141.color.png 0.999998 0.000220549 0.00182833 -0.00296894 -0.000222832 0.999999 0.00123983 -0.00561723 -0.00182796 -0.00124027 0.999997 0.00856376 0.0 0.0 0.0 1.0
chess/seq-06/color/frame-000141.color.png chess/seq-06/color/frame-000142.color.png 0.999998 0.00129101 0.00180321 -0.00308405 -0.0012961 0.999995 0.00282663 -0.00750387 -0.0017996 -0.00282894 0.999994 0.0162818 0.0 0.0 0.0 1.0
chess/seq-06/color/frame-000142.color.png chess/seq-06/color/frame-000143.color.png 0.999995 0.000319087 0.00316782 -0.0063974 -0.000321827 1.0 0.000863638 -0.00564232 -0.00316753 -0.000864664 0.999995 0.0095613 0.0 0.0 0.0 1.0
chess/seq-06/color/frame-000143.color.png chess/seq-06/color/frame-000144.color.png 0.999993 -0.00364903 0.000960231 -0.00269292 0.00364812 0.999993 0.000919208 -0.00294358 -0.00096354 -0.000915684 0.999999 0.00792074 0.0 0.0 0.0 1.0
chess/seq-06/color/frame-000144.color.png chess/seq-06/color/frame-000145.color.png 0.999993 -0.0031649 -0.00212421 0.00270172 0.00316427 0.999995 -0.000316839 0.00176847 0.00212516 0.000310143 0.999998 0.00790191 0.0 0.0 0.0 1.0
chess/seq-06/color/frame-000145.color.png chess/seq-06/color/frame-000146.color.png 0.999997 -0.0018526 -0.00124226 0.0013992 0.00185488 0.999997 0.00183641 -0.00536236 0.00123887 -0.00183874 0.999997 0.00739312 0.0 0.0 0.0 1.0
chess/seq-06/color/frame-000146.color.png chess/seq-06/color/frame-000147.color.png 0.999991 0.00375076 -0.00211834 0.0040784 -0.00373698 0.999972 0.00645682 -0.0145839 0.00214254 -0.00644885 0.999977 0.0138838 0.0 0.0 0.0 1.0
chess/seq-06/color/frame-000147.color.png chess/seq-06/color/frame-000148.color.png 0.999995 0.00302814 0.00098676 -0.00206218 -0.00303079 0.999992 0.00266754 -0.00646007 -0.000978693 -0.0026705 0.999996 0.00728631 0.0 0.0 0.0 1.0
chess/seq-06/color/frame-000148.color.png chess/seq-06/color/frame-000149.color.png 0.999991 0.00377837 0.00169879 -0.00399316 -0.00377856 0.999993 0.000115265 0.00105798 -0.00169832 -0.000121678 0.999999 0.00818896 0.0 0.0 0.0 1.0
chess/seq-06/color/frame-000149.color.png chess/seq-06/color/frame-000150.color.png 0.999998 -0.00124787 0.00160839 -0.00446979 0.00124438 0.999997 0.00215807 -0.0040049 -0.00161107 -0.00215608 0.999996 0.00647616 0.0 0.0 0.0 1.0
chess/seq-06/color/frame-000150.color.png chess/seq-06/color/frame-000151.color.png 0.999991 -0.00363424 -0.00209594 0.0031199 0.00363646 0.999993 0.00105993 -0.000905335 0.00209211 -0.00106755 0.999997 0.00772285 0.0 0.0 0.0 1.0
chess/seq-06/color/frame-000151.color.png chess/seq-06/color/frame-000152.color.png 0.999974 0.00493528 -0.00521436 0.00928227 -0.00494516 0.999986 -0.00188694 0.00471383 0.00520498 0.00191268 0.999985 0.0125523 0.0 0.0 0.0 1.0
chess/seq-06/color/frame-000152.color.png chess/seq-06/color/frame-000153.color.png 0.999996 0.00172296 -0.00200644 0.00698587 -0.00172022 0.999998 0.00138092 -0.00205931 0.00200876 -0.00137743 0.999997 0.00663304 0.0 0.0 0.0 1.0
chess/seq-06/color/frame-000153.color.png chess/seq-06/color/frame-000154.color.png 0.999999 -0.000250907 -0.00143449 0.00357985 0.000253776 0.999998 0.00198669 -0.00425699 0.00143403 -0.00198708 0.999997 0.00507355 0.0 0.0 0.0 1.0
chess/seq-06/color/frame-000154.color.png chess/seq-06/color/frame-000155.color.png 0.999999 0.000425326 -0.00159371 0.00220771 -0.000424974 1.0 0.000216416 0.00135544 0.0015938 -0.000215751 0.999999 0.004668 0.0 0.0 0.0 1.0
chess/seq-06/color/frame-000155.color.png chess/seq-06/color/frame-000156.color.png 0.999998 0.00186001 -0.000424584 0.000649095 -0.00185822 0.999989 0.0042653 -0.0105495 0.000432563 -0.00426449 0.999991 0.00432372 0.0 0.0 0.0 1.0
chess/seq-06/color/frame-000156.color.png chess/seq-06/color/frame-000157.color.png 1.0 -0.000758737 0.00012844 -0.000171678 0.000758603 0.999999 0.00131167 -0.0014407 -0.000129492 -0.00131156 0.999999 0.00499749 0.0 0.0 0.0 1.0
chess/seq-06/color/frame-000157.color.png chess/seq-06/color/frame-000158.color.png 0.999999 -0.00049861 -0.00110593 0.000870397 0.00049688 0.999999 -0.00154326 0.00390607 0.00110684 0.00154267 0.999998 0.00799084 0.0 0.0 0.0 1.0
chess/seq-06/color/frame-000158.color.png chess/seq-06/color/frame-000159.color.png 0.999999 0.00169054 0.000236718 0.000487974 -0.00169142 0.999991 0.00388411 -0.0103464 -0.000230256 -0.00388448 0.999993 0.00153112 0.0 0.0 0.0 1.0
chess/seq-06/color/frame-000159.color.png chess/seq-06/color/frame-000160.color.png 0.999995 0.00277738 0.00128423 -0.00229783 -0.00278198 0.99999 0.00359242 -0.00742236 -0.00127419 -0.00359594 0.999993 0.0014503 0.0 0.0 0.0 1.0
chess/seq-06/color/frame-000160.color.png chess/seq-06/color/frame-000161.color.png 1.0 6.9688e-05 4.76281e-05 0.000469506 -6.97926e-05 0.999998 0.00194577 -0.00314215 -4.75254e-05 -0.00194579 0.999998 0.00237703 0.0 0.0 0.0 1.0
chess/seq-06/color/frame-000161.color.png chess/seq-06/color/frame-000162.color.png 1.0 0.000737265 0.000395198 0.00045862 -0.000738458 0.999995 0.00302699 -0.00670049 -0.000392937 -0.00302733 0.999995 0.00129318 0.0 0.0 0.0 1.0
chess/seq-06/color/frame-000162.color.png chess/seq-06/color/frame-000163.color.png 0.999998 0.00148915 0.00145732 -0.00195381 -0.00149518 0.99999 0.00415356 -0.00909314 -0.00145111 -0.00415571 0.99999 0.00142741 0.0 0.0 0.0 1.0
chess/seq-06/color/frame-000163.color.png chess/seq-06/color/frame-000164.color.png 0.999999 -0.000450325 -0.000958275 0.00412874 0.000451665 0.999999 0.00140778 -0.00195372 0.0009576 -0.00140821 0.999999 0.00227523 0.0 0.0 0.0 1.0
chess/seq-06/color/frame-000164.color.png chess/seq-06/color/frame-000165.color.png 0.999993 -0.00334556 -0.00179195 0.00542859 0.0033525 0.999987 0.0038961 -0.00796136 0.00177895 -0.00390213 0.999991 0.00116992 0.0 0.0 0.0 1.0
chess/seq-06/color/frame-000165.color.png chess/seq-06/color/frame-000166.color.png 0.999999 0.00130532 -3.57775e-05 0.00197065 -0.00130518 0.999993 0.00351866 -0.00833642 4.04168e-05 -0.00351858 0.999994 -0.00104761 0.0 0.0 0.0 1.0
chess/seq-06/color/frame-000166.color.png chess/seq-06/color/frame-000167.color.png 0.999998 0.000589291 -0.00175217 0.00592235 -0.000585824 0.999998 0.00196681 -0.00328332 0.00175329 -0.00196578 0.999996 -0.000822783 0.0 0.0 0.0 1.0
chess/seq-06/color/frame-000167.color.png chess/seq-06/color/frame-000168.color.png 0.999997 -0.000293818 -0.00227527 0.00687512 0.000296114 0.999999 0.00100565 -0.000395358 0.00227498 -0.0010063 0.999997 -0.000985146 0.0 0.0 0.0 1.0
chess/seq-06/color/frame-000168.color.png chess/seq-06/color/frame-000169.color.png 0.999998 -0.00104041 -0.00151149 0.0028695 0.00104093 0.999999 0.000366151 0.00144386 0.00151109 -0.000367727 0.999999 -0.0011344 0.0 0.0 0.0 1.0
chess/seq-06/color/frame-000169.color.png chess/seq-06/color/frame-000170.color.png 0.999996 0.000361043 -0.00278246 0.00831392 -0.00035477 0.999997 0.00224524 -0.00588283 0.00278324 -0.00224424 0.999994 -0.00276327 0.0 0.0 0.0 1.0
chess/seq-06/color/frame-000170.color.png chess/seq-06/color/frame-000171.color.png 0.999969 0.0011167 -0.00779872 0.0235436 -0.00107487 0.999985 0.00536636 -0.0130985 0.00780465 -0.00535782 0.999955 -0.00942492 0.0 0.0 0.0 1.0
chess/seq-06/color/frame-000171.color.png chess/seq-06/color/frame-000172.color.png 0.999976 0.00624868 -0.00298279 0.0130736 -0.00624121 0.999977 0.00251444 -0.00736454 0.00299835 -0.00249577 0.999992 -0.0041194 0.0 0.0 0.0 1.0
chess/seq-06/color/frame-000172.color.png chess/seq-06/color/frame-000173.color.png 0.999972 0.00738782 -0.00104465 0.00964773 -0.00738449 0.999968 0.00317229 -0.00887048 0.00106807 -0.00316445 0.999994 -0.00543332 0.0 0.0 0.0 1.0
chess/seq-06/color/frame-000173.color.png chess/seq-06/color/frame-000174.color.png 0.999997 0.00114755 -0.00209709 0.0110673 -0.00114153 0.999995 0.00285012 -0.0053373 0.00210032 -0.00284778 0.999994 -0.00744414 0.0 0.0 0.0 1.0
