chess/seq-06/color/frame-000001.color.png chess/seq-06/color/frame-000003.color.png 1.0 0.000554069 0.000262287 6.66333e-05 -0.00055438 0.999999 0.00118494 -4.90498e-05 -0.00026163 -0.00118508 0.999999 0.00547433 0.0 0.0 0.0 1.0
chess/seq-06/color/frame-000003.color.png chess/seq-06/color/frame-000005.color.png 0.999991 0.0024189 -0.00360174 0.00550249 -0.00239456 0.999974 0.00674655 -0.00302832 0.00361797 -0.00673786 0.999971 0.00808578 0.0 0.0 0.0 1.0
chess/seq-06/color/frame-000005.color.png chess/seq-06/color/frame-000007.color.png 0.99999 0.000376122 -0.00440513 0.0059235 -0.00037464 1.0 0.000337398 0.00432506 0.00440526 -0.000335744 0.99999 0.00367713 0.0 0.0 0.0 1.0
chess/seq-06/color/frame-000007.color.png chess/seq-06/color/frame-000009.color.png 0.999974 0.00633401 0.00333214 0.00162641 -0.00635792 0.999954 0.00721705 -0.000898359 -0.00328627 -0.00723806 0.999968 0.0088195 0.0 0.0 0.0 1.0
chess/seq-06/color/frame-000009.color.png chess/seq-06/color/frame-000011.color.png 0.999989 -0.00252273 -0.00387584 0.00428121 0.00254479 0.999981 0.00569701 -0.00521324 0.00386139 -0.00570681 0.999976 0.00756715 0.0 0.0 0.0 1.0
chess/seq-06/color/frame-000011.color.png chess/seq-06/color/frame-000013.color.png 0.999997 -0.000754314 -0.00226862 0.000406548 0.000768817 0.999979 0.00639854 0.000532233 0.00226375 -0.00640027 0.999977 0.0159585 0.0 0.0 0.0 1.0
chess/seq-06/color/frame-000013.color.png chess/seq-06/color/frame-000015.color.png 0.999992 0.000565334 -0.00401925 0.0118018 -0.000566755 1.0 -0.000352459 -0.00219751 0.00401905 0.000354736 0.999992 0.00993074 0.0 0.0 0.0 1.0
chess/seq-06/color/frame-000015.color.png chess/seq-06/color/frame-000017.color.png 0.999997 -0.000721764 0.00244317 -0.000466056 0.000713898 0.999995 0.00321808 -0.00627997 -0.00244548 -0.00321632 0.999992 0.0188422 0.0 0.0 0.0 1.0
chess/seq-06/color/frame-000017.color.png chess/seq-06/color/frame-000019.color.png 0.999995 0.0025429 0.00161048 0.00339094 -0.00253989 0.999995 -0.00186988 -0.00363924 -0.00161523 0.00186578 0.999997 0.020893 0.0 0.0 0.0 1.0
chess/seq-06/color/frame-000019.color.png chess/seq-06/color/frame-000021.color.png 0.999994 -0.00326956 0.000627677 0.000549171 0.00326938 0.999995 0.000298564 0.000134356 -0.000628652 -0.000296509 1.0 0.0247013 0.0 0.0 0.0 1.0
chess/seq-06/color/frame-000021.color.png chess/seq-06/color/frame-000023.color.png 1.0 -0.000833147 6.62596e-05 0.000538845 0.000833064 0.999999 0.00123988 -0.00126932 -6.72914e-05 -0.00123983 0.999999 0.0207137 0.0 0.0 0.0 1.0
chess/seq-06/color/frame-000023.color.png chess/seq-06/color/frame-000025.color.png 0.999995 -0.0027456 -0.00168577 0.00433723 0.00275742 0.999971 0.00705039 -0.0125489 0.00166636 -0.007055 0.999974 0.0338458 0.0 0.0 0.0 1.0
chess/seq-06/color/frame-000025.color.png chess/seq-06/color/frame-000027.color.png 0.999981 0.00218459 0.00579342 -0.00847389 -0.00214676 0.999976 -0.00652793 -0.0123352 -0.00580754 0.00651536 0.999962 0.045038 0.0 0.0 0.0 1.0
chess/seq-06/color/frame-000027.color.png chess/seq-06/color/frame-000029.color.png 0.999991 0.00400334 0.00144697 -0.00622213 -0.00400294 0.999992 -0.000279714 -0.0139657 -0.00144807 0.00027392 0.999999 0.0406811 0.0 0.0 0.0 1.0
chess/seq-06/color/frame-000029.color.png chess/seq-06/color/frame-000031.color.png 1.0 0.000483984 1.04099e-05 -0.00758222 -0.000483897 0.999975 -0.00706907 -0.00474259 -1.38307e-05 0.00706906 0.999975 0.0444358 0.0 0.0 0.0 1.0
chess/seq-06/color/frame-000031.color.png chess/seq-06/color/frame-000033.color.png 0.99998 0.00538436 -0.00333154 -0.0010331 -0.00537168 0.999978 0.00380291 -0.0201105 0.00335194 -0.00378494 0.999987 0.0489394 0.0 0.0 0.0 1.0
chess/seq-06/color/frame-000033.color.png chess/seq-06/color/frame-000035.color.png 0.999985 0.000281999 -0.00552293 -0.00360965 -0.000300327 0.999994 -0.00331803 0.00575048 0.00552196 0.00331964 0.999979 0.0303215 0.0 0.0 0.0 1.0
chess/seq-06/color/frame-000035.color.png chess/seq-06/color/frame-000037.color.png 0.999831 0.00908091 -0.015996 0.0147615 -0.00891999 0.999909 0.0101034 -0.0144705 0.0160863 -0.00995897 0.999821 0.0439848 0.0 0.0 0.0 1.0
chess/seq-06/color/frame-000037.color.png chess/seq-06/color/frame-000039.color.png 0.999981 0.00617229 -3.1522e-05 -0.0143995 -0.00617196 0.99996 0.00641933 -0.00280566 7.11416e-05 -0.00641901 0.999979 0.0447756 0.0 0.0 0.0 1.0
chess/seq-06/color/frame-000039.color.png chess/seq-06/color/frame-000041.color.png 0.99986 -0.00223278 -0.0165701 0.0112184 0.00233633 0.999978 0.00623289 -0.00923195 0.0165558 -0.00627073 0.999843 0.0421706 0.0 0.0 0.0 1.0
chess/seq-06/color/frame-000041.color.png chess/seq-06/color/frame-000043.color.png 0.999957 0.00731587 -0.00573474 0.00173894 -0.00721925 0.999835 0.0166903 -0.021737 0.00585591 -0.0166482 0.999844 0.0436135 0.0 0.0 0.0 1.0
chess/seq-06/color/frame-000043.color.png chess/seq-06/color/frame-000045.color.png 0.999988 -0.00138088 -0.00476277 0.000153214 0.00137448 0.999998 -0.00134386 -0.00126456 0.00476462 0.0013373 0.999988 0.0291392 0.0 0.0 0.0 1.0
chess/seq-06/color/frame-000045.color.png chess/seq-06/color/frame-000047.color.png 0.999954 0.0033509 -0.00898307 0.0109505 -0.00329258 0.999973 0.00649944 -0.010453 0.00900462 -0.00646956 0.999939 0.0390488 0.0 0.0 0.0 1.0
chess/seq-06/color/frame-000047.color.png chess/seq-06/color/frame-000049.color.png 0.999977 0.00039269 -0.00668852 0.0005546 -0.000359812 0.999988 0.00491594 -0.0177178 0.00669036 -0.00491343 0.999966 0.0448829 0.0 0.0 0.0 1.0
chess/seq-06/color/frame-000049.color.png chess/seq-06/color/frame-000051.color.png 0.99997 0.000602852 -0.0077079 0.0166178 -0.000600522 1.0 0.000305535 -0.00662856 0.00770807 -0.000300884 0.99997 0.0243213 0.0 0.0 0.0 1.0
chess/seq-06/color/frame-000051.color.png chess/seq-06/color/frame-000053.color.png 0.999995 -0.00162593 -0.00276812 -0.000544629 0.00162282 0.999998 -0.00112417 -0.018616 0.00276994 0.00111965 0.999995 0.0509477 0.0 0.0 0.0 1.0
chess/seq-06/color/frame-000053.color.png chess/seq-06/color/frame-000055.color.png 0.999874 -0.00247718 -0.0156834 0.0200193 0.00247711 0.999997 -2.38023e-05 -0.00472084 0.0156835 -1.5037e-05 0.999877 0.0400701 0.0 0.0 0.0 1.0
chess/seq-06/color/frame-000055.color.png chess/seq-06/color/frame-000057.color.png 0.99998 -0.00106023 -0.00622999 0.0045268 0.00106649 0.999999 0.00100179 -0.00706951 0.00622892 -0.00100842 0.99998 0.0339666 0.0 0.0 0.0 1.0
chess/seq-06/color/frame-000057.color.png chess/seq-06/color/frame-000059.color.png 0.999903 -0.00189053 -0.0137863 0.0164891 0.00196708 0.999983 0.00553995 -0.0165183 0.0137756 -0.00556655 0.99989 0.0450186 0.0 0.0 0.0 1.0
chess/seq-06/color/frame-000059.color.png chess/seq-06/color/frame-000061.color.png 0.999985 0.00239098 -0.00500844 0.0108583 -0.00238373 0.999996 0.00145215 -0.00145353 0.00501191 -0.00144017 0.999986 0.0301602 0.0 0.0 0.0 1.0
chess/seq-06/color/frame-000061.color.png chess/seq-06/color/frame-000063.color.png 0.999983 0.000459056 -0.0058351 0.00707536 -0.000390741 0.999931 0.0117036 -0.0160983 0.00584004 -0.0117011 0.999915 0.0457439 0.0 0.0 0.0 1.0
chess/seq-06/color/frame-000063.color.png chess/seq-06/color/frame-000065.color.png 0.999966 0.00720276 -0.00391256 0.00879854 -0.00714331 0.999862 0.015001 -0.0237586 0.00402009 -0.0149725 0.99988 0.0457745 0.0 0.0 0.0 1.0
chess/seq-06/color/frame-000065.color.png chess/seq-06/color/frame-000067.color.png 0.999999 0.0015348 -0.000543899 -0.00588895 -0.00153274 0.999992 0.00377411 -0.00932412 0.000549667 -0.00377327 0.999993 0.0259173 0.0 0.0 0.0 1.0
chess/seq-06/color/frame-000067.color.png chess/seq-06/color/frame-000069.color.png 0.999969 0.00134455 -0.00775879 0.0032832 -0.00129416 0.999978 0.00649634 -0.0172565 0.00776731 -0.00648608 0.999949 0.042137 0.0 0.0 0.0 1.0
chess/seq-06/color/frame-000069.color.png chess/seq-06/color/frame-000071.color.png 0.99998 -0.000287965 -0.00626181 0.00622632 0.00031043 0.999994 0.00358535 -0.00958759 0.00626077 -0.00358723 0.999974 0.0385591 0.0 0.0 0.0 1.0
chess/seq-06/color/frame-000071.color.png chess/seq-06/color/frame-000073.color.png 0.999997 0.00248896 -0.000324183 -0.00348601 -0.00248873 0.999997 0.000703937 -0.00579813 0.000325954 -0.00070313 1.0 0.0269729 0.0 0.0 0.0 1.0
chess/seq-06/color/frame-000073.color.png chess/seq-06/color/frame-000075.color.png 0.999996 0.00287488 0.000661443 0.00161543 -0.00287606 0.999994 0.00178677 -0.0118593 -0.000656348 -0.00178867 0.999998 0.0380892 0.0 0.0 0.0 1.0
chess/seq-06/color/frame-000075.color.png chess/seq-06/color/frame-000077.color.png 0.999947 -0.00726626 0.00725233 -0.0125635 0.0073362 0.999926 -0.00966513 0.00242878 -0.00718155 0.00971781 0.999927 0.0409893 0.0 0.0 0.0 1.0
chess/seq-06/color/frame-000077.color.png chess/seq-06/color/frame-000079.color.png 0.999943 -0.00304715 0.0102558 -0.01814 0.00302942 0.999994 0.00174383 -0.0139714 -0.0102611 -0.00171267 0.999946 0.0297323 0.0 0.0 0.0 1.0
chess/seq-06/color/frame-000079.color.png chess/seq-06/color/frame-000081.color.png 0.999989 -0.00434996 -0.00171535 0.00623005 0.00432475 0.999886 -0.0144368 0.00923204 0.00177799 0.0144292 0.999894 0.0386958 0.0 0.0 0.0 1.0
chess/seq-06/color/frame-000081.color.png chess/seq-06/color/frame-000083.color.png 0.999936 0.00578994 0.00971371 -0.0175884 -0.00576986 0.999981 -0.0020944 0.00022307 -0.00972565 0.00203824 0.999951 0.0389651 0.0 0.0 0.0 1.0
chess/seq-06/color/frame-000083.color.png chess/seq-06/color/frame-000085.color.png 0.999979 -0.00358039 -0.00532755 0.00410311 0.0035666 0.99999 -0.00259483 0.00172898 0.00533681 0.00257578 0.999982 0.0256315 0.0 0.0 0.0 1.0
chess/seq-06/color/frame-000085.color.png chess/seq-06/color/frame-000087.color.png 0.999992 0.00226728 -0.003169 -0.00239229 -0.00227813 0.999992 -0.0034251 0.000159413 0.00316115 0.00343228 0.999989 0.0341581 0.0 0.0 0.0 1.0
chess/seq-06/color/frame-000087.color.png chess/seq-06/color/frame-000089.color.png 0.999892 0.0096799 -0.0110182 0.0219411 -0.00960448 0.99993 0.00687785 -0.0160519 0.0110841 -0.0067713 0.999915 0.0338454 0.0 0.0 0.0 1.0
chess/seq-06/color/frame-000089.color.png chess/seq-06/color/frame-000091.color.png 0.999996 -0.0028518 -0.000383851 -0.00924615 0.00285089 0.999993 -0.00235339 0.00622654 0.000390559 0.0023523 0.999997 0.0262158 0.0 0.0 0.0 1.0
chess/seq-06/color/frame-000091.color.png chess/seq-06/color/frame-000093.color.png 0.999847 0.00568136 -0.0165161 0.0301451 -0.00552014 0.999937 0.00979088 -0.0257493 0.0165707 -0.00969819 0.999816 0.0268457 0.0 0.0 0.0 1.0
chess/seq-06/color/frame-000093.color.png chess/seq-06/color/frame-000095.color.png 0.999963 0.00688495 0.00509105 -0.0127865 -0.00683405 0.999927 -0.00994631 0.0141118 -0.00515917 0.00991113 0.999938 0.0357021 0.0 0.0 0.0 1.0
chess/seq-06/color/frame-000095.color.png chess/seq-06/color/frame-000097.color.png 0.999887 -0.0026221 -0.0148359 0.0289454 0.00257896 0.999992 -0.00292574 -0.000976473 0.0148435 0.00288715 0.999886 0.0259066 0.0 0.0 0.0 1.0
chess/seq-06/color/frame-000097.color.png chess/seq-06/color/frame-000099.color.png 0.999988 0.00343512 -0.00358137 0.00974042 -0.00346761 0.999952 -0.00911207 0.00822011 0.00354987 0.00912437 0.999952 0.0312685 0.0 0.0 0.0 1.0
chess/seq-06/color/frame-000099.color.png chess/seq-06/color/frame-000101.color.png 0.999955 -0.000401789 -0.00949984 0.0263379 0.000396527 1.0 -0.000555192 -0.00146124 0.00950008 0.000551416 0.999955 0.018279 0.0 0.0 0.0 1.0
chess/seq-06/color/frame-000101.color.png chess/seq-06/color/frame-000103.color.png 0.999987 0.00460044 0.00200721 0.00383015 -0.00460369 0.999988 0.00161138 -0.0105768 -0.00199981 -0.00162059 0.999997 0.0319772 0.0 0.0 0.0 1.0
chess/seq-06/color/frame-000103.color.png chess/seq-06/color/frame-000105.color.png 0.999998 0.00183968 -0.000923089 0.00741309 -0.00184703 0.999966 -0.00802076 0.0108854 0.000908334 0.00802243 0.999967 0.0321802 0.0 0.0 0.0 1.0
chess/seq-06/color/frame-000105.color.png chess/seq-06/color/frame-000107.color.png 0.99996 0.0086783 -0.00202017 0.0116191 -0.00867359 0.99996 0.00232293 -0.00913602 0.00204025 -0.0023053 0.999995 0.0313241 0.0 0.0 0.0 1.0
chess/seq-06/color/frame-000107.color.png chess/seq-06/color/frame-000109.color.png 0.999995 -0.00142528 -0.0028261 0.00548783 0.00139964 0.999958 -0.00905166 0.0182293 0.0028389 0.00904765 0.999955 0.0260379 0.0 0.0 0.0 1.0
chess/seq-06/color/frame-000109.color.png chess/seq-06/color/frame-000111.color.png 0.999872 0.0126997 -0.00975643 0.0234457 -0.0127828 0.999882 -0.00849973 0.00799516 0.00964733 0.00862337 0.999916 0.0345291 0.0 0.0 0.0 1.0
chess/seq-06/color/frame-000111.color.png chess/seq-06/color/frame-000113.color.png 0.999934 0.00246944 -0.0111903 0.0223576 -0.00253453 0.99998 -0.00580804 0.0104526 0.0111757 0.00583603 0.999921 0.0203551 0.0 0.0 0.0 1.0
chess/seq-06/color/frame-000113.color.png chess/seq-06/color/frame-000115.color.png 0.999833 0.00692042 -0.016927 0.0322163 -0.00680457 0.999953 0.00689148 -0.018107 0.0169739 -0.00677517 0.999833 0.0300248 0.0 0.0 0.0 1.0
chess/seq-06/color/frame-000115.color.png chess/seq-06/color/frame-000117.color.png 0.999867 0.00369773 -0.0158952 0.0328394 -0.00363264 0.999985 0.00412247 -0.0127658 0.0159102 -0.00406415 0.999865 0.0265313 0.0 0.0 0.0 1.0
chess/seq-06/color/frame-000117.color.png chess/seq-06/color/frame-000119.color.png 0.999978 0.000354648 -0.00662524 0.0102446 -0.000307867 0.999975 0.00706189 -0.0127244 0.00662757 -0.00705971 0.999953 0.0169786 0.0 0.0 0.0 1.0
chess/seq-06/color/frame-000119.color.png chess/seq-06/color/frame-000121.color.png 0.999963 -0.00349345 -0.00782073 0.0122571 0.00351406 0.99999 0.00261928 -0.00122839 0.00781151 -0.00264664 0.999966 0.0277513 0.0 0.0 0.0 1.0
chess/seq-06/color/frame-000121.color.png chess/seq-06/color/frame-000123.color.png 0.999946 0.00958254 -0.00397839 0.00900679 -0.00954024 0.999899 0.0105237 -0.0220307 0.00407882 -0.0104852 0.999937 0.0214684 0.0 0.0 0.0 1.0
chess/seq-06/color/frame-000123.color.png chess/seq-06/color/frame-000125.color.png 0.999995 -0.00317853 0.000296216 -0.00211349 0.00317806 0.999994 0.00158489 3.24249e-05 -0.000301289 -0.00158394 0.999999 0.0172244 0.0 0.0 0.0 1.0
chess/seq-06/color/frame-000125.color.png chess/seq-06/color/frame-000127.color.png 0.999984 -0.000735768 -0.00566015 0.0200728 0.000780127 0.999969 0.00783415 -0.0176659 0.00565431 -0.00783849 0.999953 0.0186156 0.0 0.0 0.0 1.0
chess/seq-06/color/frame-000127.color.png chess/seq-06/color/frame-000129.color.png 0.999972 0.00639298 0.00400014 -0.00865247 -0.00637942 0.999974 -0.00340129 0.00722986 -0.00402184 0.00337571 0.999986 0.0183753 0.0 0.0 0.0 1.0
chess/seq-06/color/frame-000129.color.png chess/seq-06/color/frame-000131.color.png 0.999987 -0.00509704 0.000809121 -0.0054291 0.0051004 0.999978 -0.00420935 0.00740325 -0.000787636 0.0042134 0.999991 0.0247034 0.0 0.0 0.0 1.0
chess/seq-06/color/frame-000131.color.png chess/seq-06/color/frame-000133.color.png 0.999971 0.00718826 0.00234554 -0.0039458 -0.00718287 0.999972 -0.00228673 0.00133732 -0.00236186 0.00226981 0.999995 0.017491 0.0 0.0 0.0 1.0
chess/seq-06/color/frame-000133.color.png chess/seq-06/color/frame-000135.color.png 0.999986 -0.00335035 -0.00401863 0.00661224 0.00338419 0.999959 0.00845158 -0.0249608 0.00399017 -0.00846505 0.999956 0.0229459 0.0 0.0 0.0 1.0
chess/seq-06/color/frame-000135.color.png chess/seq-06/color/frame-000137.color.png 0.999999 -0.000532085 -0.00139004 -0.0015869 0.000526505 0.999992 -0.00400779 0.011497 0.00139215 0.00400705 0.999991 0.0186464 0.0 0.0 0.0 1.0
chess/seq-06/color/frame-000137.color.png chess/seq-06/color/frame-000139.color.png 1.0 0.000441839 -0.000253749 0.000153679 -0.000439798 0.999968 0.00802093 -0.023539 0.00025729 -0.00802079 0.999968 0.0261574 0.0 0.0 0.0 1.0
chess/seq-06/color/frame-000139.color.png chess/seq-06/color/frame-000141.color.png 0.999987 -0.000254571 0.00515136 -0.00935688 0.000265556 0.999998 -0.00212973 0.00316232 -0.00515084 0.00213107 0.999984 0.0187216 0.0 0.0 0.0 1.0
chess/seq-06/color/frame-000141.color.png chess/seq-06/color/frame-000143.color.png 0.999982 0.00235458 0.00557316 -0.0110494 -0.00237358 0.999991 0.00340417 -0.0125836 -0.00556507 -0.00341733 0.999979 0.0253847 0.0 0.0 0.0 1.0
chess/seq-06/color/frame-000143.color.png chess/seq-06/color/frame-000145.color.png 0.99997 -0.00772058 0.000188402 -0.0054159 0.00772114 0.999965 -0.00312356 0.0109718 -0.000164274 0.00312494 0.999995 0.0172153 0.0 0.0 0.0 1.0
chess/seq-06/color/frame-000145.color.png chess/seq-06/color/frame-000147.color.png 0.999992 0.00218469 -0.00326031 0.00561754 -0.00215551 0.999958 0.00893144 -0.0219563 0.00327962 -0.00892433 0.999955 0.0211465 0.0 0.0 0.0 1.0
chess/seq-06/color/frame-000147.color.png chess/seq-06/color/frame-000149.color.png 0.999972 0.00750489 0.000812758 0.00122772 -0.00750965 0.999954 0.0060185 -0.0167716 -0.00076757 -0.00602443 0.999982 0.0150585 0.0 0.0 0.0 1.0
chess/seq-06/color/frame-000149.color.png chess/seq-06/color/frame-000151.color.png 0.999984 -0.00537665 -0.00165471 0.00221428 0.00537766 0.999985 0.000601641 0.00325271 0.00165149 -0.000610562 0.999999 0.013411 0.0 0.0 0.0 1.0
chess/seq-06/color/frame-000151.color.png chess/seq-06/color/frame-000153.color.png 0.999952 0.00776886 -0.00603019 0.012122 -0.00774982 0.999965 0.00317525 -0.00914636 0.00605461 -0.00312835 0.999977 0.0187626 0.0 0.0 0.0 1.0
chess/seq-06/color/frame-000153.color.png chess/seq-06/color/frame-000155.color.png 0.999991 -0.000114699 -0.00428436 0.0105885 0.000126719 0.999996 0.00280088 -0.00505605 0.00428401 -0.00280142 0.999987 0.00928211 0.0 0.0 0.0 1.0
chess/seq-06/color/frame-000155.color.png chess/seq-06/color/frame-000157.color.png 0.999999 0.00151362 0.000176969 -0.0011191 -0.00151442 0.999988 0.00457333 -0.00855789 -0.000170087 -0.00457357 0.99999 0.00981927 0.0 0.0 0.0 1.0
chess/seq-06/color/frame-000157.color.png chess/seq-06/color/frame-000159.color.png 1.0 0.00103955 -3.60201e-05 -0.00195506 -0.00103948 0.999996 0.00270499 -0.00747851 3.89271e-05 -0.00270494 0.999996 0.0106099 0.0 0.0 0.0 1.0
chess/seq-06/color/frame-000159.color.png chess/seq-06/color/frame-000161.color.png 0.999995 0.00305502 4.54618e-05 0.00232041 -0.00305516 0.999987 0.00418367 -0.00611672 -3.27081e-05 -0.00418377 0.999991 0.00384212 0.0 0.0 0.0 1.0
chess/seq-06/color/frame-000161.color.png chess/seq-06/color/frame-000163.color.png 0.999988 0.00212086 0.0043332 -0.00983887 -0.00215308 0.99997 0.00744079 -0.016116 -0.00431726 -0.00745006 0.999963 0.0021081 0.0 0.0 0.0 1.0
chess/seq-06/color/frame-000163.color.png chess/seq-06/color/frame-000165.color.png 0.999989 -0.00375492 -0.0028866 0.0105264 0.00376799 0.999983 0.00453508 -0.00802317 0.00286955 -0.00454592 0.999985 0.00197506 0.0 0.0 0.0 1.0
chess/seq-06/color/frame-000165.color.png chess/seq-06/color/frame-000167.color.png 0.999996 0.00147007 -0.00233321 0.00985599 -0.00145423 0.999976 0.00678702 -0.0152983 0.00234308 -0.00678358 0.999974 -0.00131488 0.0 0.0 0.0 1.0
chess/seq-06/color/frame-000167.color.png chess/seq-06/color/frame-000169.color.png 0.999995 -0.00139786 -0.00273654 0.00623377 0.00139884 0.999999 0.000360121 0.00422776 0.00273605 -0.000363982 0.999996 -0.00138521 0.0 0.0 0.0 1.0
chess/seq-06/color/frame-000169.color.png chess/seq-06/color/frame-000171.color.png 0.999942 0.00131546 -0.0106586 0.0316581 -0.0012348 0.999971 0.0075704 -0.0188837 0.0106681 -0.00755679 0.999915 -0.0115705 0.0 0.0 0.0 1.0
chess/seq-06/color/frame-000171.color.png chess/seq-06/color/frame-000173.color.png 0.999923 0.012322 -0.00166472 0.0146517 -0.0123168 0.999919 0.00313035 -0.0072383 0.00170311 -0.00310956 0.999994 -0.00795436 0.0 0.0 0.0 1.0
chess/seq-06/color/frame-000173.color.png chess/seq-06/color/frame-000175.color.png 0.999868 0.00553549 -0.0152595 0.0541244 -0.00542015 0.999957 0.00758806 -0.0162082 0.0153008 -0.00750436 0.999855 -0.0236194 0.0 0.0 0.0 1.0
chess/seq-06/color/frame-000175.color.png chess/seq-06/color/frame-000177.color.png 0.9999 0.00996361 -0.00998835 0.0362785 -0.00989263 0.999926 0.00713112 -0.0157763 0.0100587 -0.00703161 0.999925 -0.0151637 0.0 0.0 0.0 1.0
chess/seq-06/color/frame-000177.color.png chess/seq-06/color/frame-000179.color.png 0.999814 0.0109089 -0.0159294 0.070111 -0.0108015 0.999919 0.0068106 -0.0156388 0.0160023 -0.00663729 0.99985 -0.0240402 0.0 0.0 0.0 1.0
chess/seq-06/color/frame-000179.color.png chess/seq-06/color/frame-000181.color.png 0.999872 0.0154555 -0.00414781 0.0345548 -0.0154492 0.999879 0.00154293 -0.00231898 0.00417119 -0.00147866 0.99999 -0.0166728 0.0 0.0 0.0 1.0
chess/seq-06/color/frame-000181.color.png chess/seq-06/color/frame-000183.color.png 0.999845 0.0102656 -0.0142797 0.0648265 -0.0101071 0.999887 0.0111274 -0.0235353 0.0143923 -0.0109813 0.999836 -0.0320203 0.0 0.0 0.0 1.0
chess/seq-06/color/frame-000183.color.png chess/seq-06/color/frame-000185.color.png 0.999809 0.0170596 -0.00958224 0.0611149 -0.0170514 0.999854 0.000938746 0.0040043 0.0095968 -0.000775226 0.999954 -0.0293009 0.0 0.0 0.0 1.0
chess/seq-06/color/frame-000185.color.png chess/seq-06/color/frame-000187.color.png 0.99991 0.000454789 -0.0134169 0.0560854 -0.00044728 1.0 0.000560134 0.00260031 0.0134171 -0.000554035 0.99991 -0.0215137 0.0 0.0 0.0 1.0
chess/seq-06/color/frame-000187.color.png chess/seq-06/color/frame-000189.color.png 0.999972 0.00361351 -0.00654703 0.0485718 -0.00363255 0.999989 -0.00289299 0.0119186 0.00653654 0.00291669 0.999974 -0.0306995 0.0 0.0 0.0 1.0
chess/seq-06/color/frame-000189.color.png chess/seq-06/color/frame-000191.color.png 0.999927 -0.00464291 -0.0111319 0.0561731 0.00471292 0.999969 0.00626845 -0.00974479 0.0111026 -0.00632049 0.999918 -0.0280461 0.0 0.0 0.0 1.0
chess/seq-06/color/frame-000191.color.png chess/seq-06/color/frame-000193.color.png 0.999995 0.000926507 -0.0029192 0.0402739 -0.000915425 0.999992 0.00378516 -0.00566053 0.00292263 -0.00378244 0.999989 -0.0221266 0.0 0.0 0.0 1.0
chess/seq-06/color/frame-000193.color.png chess/seq-06/color/frame-000195.color.png 0.999983 0.00186263 -0.0054972 0.046605 -0.00186899 0.999998 -0.00115577 0.00586057 0.005495 0.00116599 0.999984 -0.0153791 0.0 0.0 0.0 1.0
chess/seq-06/color/frame-000195.color.png chess/seq-06/color/frame-000197.color.png 0.99995 0.00221149 -0.00970287 0.0481765 -0.00219699 0.999996 0.00150804 -0.00304878 0.00970623 -0.00148663 0.999952 -0.0139413 0.0 0.0 0.0 1.0
chess/seq-06/color/frame-000197.color.png chess/seq-06/color/frame-000199.color.png 0.999918 0.0123645 -0.00317426 0.0482893 -0.0123447 0.999905 0.00615754 0.00344965 0.00325006 -0.00611786 0.999976 -0.0160608 0.0 0.0 0.0 1.0
chess/seq-06/color/frame-000199.color.png chess/seq-06/color/frame-000201.color.png 0.999847 0.00152249 -0.0174055 0.0781782 -0.00144308 0.999988 0.00457392 -0.000313848 0.0174122 -0.00454812 0.999838 -0.0156153 0.0 0.0 0.0 1.0
chess/seq-06/color/frame-000201.color.png chess/seq-06/color/frame-000203.color.png 0.999952 0.00710009 -0.00675189 0.0533749 -0.0070624 0.999959 0.00559525 -0.00359505 0.00679137 -0.00554725 0.999962 -0.0105773 0.0 0.0 0.0 1.0
chess/seq-06/color/frame-000203.color.png chess/seq-06/color/frame-000205.color.png 0.999742 -0.000452684 -0.0227199 0.0841449 0.00038963 0.999996 -0.00278127 0.00485182 0.0227211 0.00277167 0.999738 -0.0119321 0.0 0.0 0.0 1.0
chess/seq-06/color/frame-000205.color.png chess/seq-06/color/frame-000207.color.png 0.999786 -0.00917329 -0.0185448 0.0752748 0.00920916 0.999956 0.00185321 -0.00871381 0.0185269 -0.00202355 0.999826 -0.0131742 0.0 0.0 0.0 1.0
chess/seq-06/color/frame-000207.color.png chess/seq-06/color/frame-000209.color.png 0.999933 0.00133009 -0.0115268 0.0612809 -0.00137666 0.999991 -0.00403123 0.0062964 0.0115213 0.00404683 0.999925 -0.00645375 0.0 0.0 0.0 1.0
chess/seq-06/color/frame-000209.color.png chess/seq-06/color/frame-000211.color.png 0.999802 -0.00995845 -0.0172116 0.0844766 0.00993695 0.99995 -0.00134177 -0.0147367 0.0172241 0.00117041 0.999851 -0.00352001 0.0 0.0 0.0 1.0
chess/seq-06/color/frame-000211.color.png chess/seq-06/color/frame-000213.color.png 0.999826 -0.00663307 -0.0174258 0.0700062 0.00666749 0.999976 0.00192071 -0.0126279 0.0174127 -0.00203657 0.999846 -0.0177503 0.0 0.0 0.0 1.0
chess/seq-06/color/frame-000213.color.png chess/seq-06/color/frame-000215.color.png 0.999964 0.00676328 -0.00504771 0.0431821 -0.00680906 0.999935 -0.0091106 0.0237529 0.00498575 0.0091447 0.999946 -0.00996315 0.0 0.0 0.0 1.0
chess/seq-06/color/frame-000215.color.png chess/seq-06/color/frame-000217.color.png 0.999862 2.30478e-06 -0.0165849 0.076822 -2.66932e-05 0.999999 -0.00146829 -0.000178397 0.0165849 0.0014685 0.999861 -0.0169449 0.0 0.0 0.0 1.0
chess/seq-06/color/frame-000217.color.png chess/seq-06/color/frame-000219.color.png 0.999824 -0.00776034 -0.0170572 0.0733379 0.00778562 0.999969 0.00141486 -0.0117256 0.0170457 -0.0015474 0.999854 -0.0251762 0.0 0.0 0.0 1.0
chess/seq-06/color/frame-000219.color.png chess/seq-06/color/frame-000221.color.png 0.999897 -0.00109525 -0.0143363 0.0779203 0.000858751 0.999864 -0.0164933 0.0533296 0.0143523 0.0164793 0.999761 -0.00721884 0.0 0.0 0.0 1.0
chess/seq-06/color/frame-000221.color.png chess/seq-06/color/frame-000223.color.png 0.9993 -0.00863476 -0.0364022 0.118977 0.00938227 0.999748 0.0204145 -0.0457275 0.0362167 -0.0207418 0.999129 -0.0464594 0.0 0.0 0.0 1.0
chess/seq-06/color/frame-000223.color.png chess/seq-06/color/frame-000225.color.png 0.99987 0.0158732 -0.00275046 0.0518525 -0.0158846 0.999865 -0.00417765 0.0280584 0.00268375 0.0042208 0.999987 -0.0198069 0.0 0.0 0.0 1.0
chess/seq-06/color/frame-000225.color.png chess/seq-06/color/frame-000227.color.png 0.999624 0.00544815 -0.0268856 0.106557 -0.00511337 0.999909 0.0125055 -0.016642 0.0269514 -0.0123633 0.99956 -0.0484025 0.0 0.0 0.0 1.0
chess/seq-06/color/frame-000227.color.png chess/seq-06/color/frame-000229.color.png 0.99965 -0.00959874 -0.0246646 0.0979254 0.00969228 0.999946 0.00367434 -0.0173066 0.0246278 -0.00391212 0.999689 -0.0345277 0.0 0.0 0.0 1.0
chess/seq-06/color/frame-000229.color.png chess/seq-06/color/frame-000231.color.png 0.999874 -0.00288506 -0.0155751 0.0700625 0.00291429 0.999994 0.00185685 -0.00800803 0.0155699 -0.001902 0.999877 -0.0282561 0.0 0.0 0.0 1.0
chess/seq-06/color/frame-000231.color.png chess/seq-06/color/frame-000233.color.png 0.99982 -0.00252823 -0.0188152 0.0885236 0.00251919 0.999997 -0.000505801 0.00414687 0.0188163 0.00045831 0.999823 -0.0254217 0.0 0.0 0.0 1.0
chess/seq-06/color/frame-000233.color.png chess/seq-06/color/frame-000235.color.png 0.999912 0.00254765 -0.0129847 0.0543716 -0.00256382 0.999996 -0.00122994 0.00423023 0.0129816 0.00126309 0.999915 -0.0174057 0.0 0.0 0.0 1.0
chess/seq-06/color/frame-000235.color.png chess/seq-06/color/frame-000237.color.png 0.999779 -0.00580002 -0.0201948 0.0774702 0.00580665 0.999983 0.000270485 -0.00929603 0.0201928 -0.000387668 0.999796 -0.021648 0.0 0.0 0.0 1.0
chess/seq-06/color/frame-000237.color.png chess/seq-06/color/frame-000239.color.png 0.999799 0.00651581 -0.0189562 0.087293 -0.00646722 0.999976 0.00262528 0.00448543 0.0189729 -0.00250219 0.999817 -0.0214546 0.0 0.0 0.0 1.0
chess/seq-06/color/frame-000239.color.png chess/seq-06/color/frame-000241.color.png 0.999753 0.0174528 -0.0137317 0.0685848 -0.0175798 0.999803 -0.00918394 0.0368046 0.0135687 0.00942305 0.999864 -0.0134917 0.0 0.0 0.0 1.0
chess/seq-06/color/frame-000241.color.png chess/seq-06/color/frame-000243.color.png 0.999642 0.00214327 -0.0266687 0.0972333 -0.00201747 0.999987 0.00474243 -0.0194155 0.0266784 -0.00468687 0.999633 -0.0362438 0.0 0.0 0.0 1.0
chess/seq-06/color/frame-000243.color.png chess/seq-06/color/frame-000245.color.png 0.999751 -0.00617414 -0.0214395 0.0972717 0.00598189 0.999941 -0.00901753 0.00201052 0.021494 0.008887 0.999729 -0.0140694 0.0 0.0 0.0 1.0
chess/seq-06/color/frame-000245.color.png chess/seq-06/color/frame-000247.color.png 0.999918 -0.00616816 -0.0112379 0.0706972 0.00614007 0.999978 -0.00252904 -0.0117418 0.0112533 0.0024598 0.999934 -0.0195266 0.0 0.0 0.0 1.0
chess/seq-06/color/frame-000247.color.png chess/seq-06/color/frame-000249.color.png 0.999958 0.00801503 -0.00455639 0.0480218 -0.00803896 0.999954 -0.00526326 0.0140181 0.00451394 0.00529963 0.999976 -0.00421607 0.0 0.0 0.0 1.0
chess/seq-06/color/frame-000249.color.png chess/seq-06/color/frame-000251.color.png 0.999942 -0.00230585 -0.0105641 0.0634354 0.00221279 0.999959 -0.00881117 0.00687912 0.0105841 0.00878727 0.999905 -0.0198934 0.0 0.0 0.0 1.0
chess/seq-06/color/frame-000251.color.png chess/seq-06/color/frame-000253.color.png 0.999924 -0.0018355 -0.0122182 0.0658472 0.00174125 0.999969 -0.0077186 0.0191623 0.0122319 0.00769675 0.999896 -0.0283624 0.0 0.0 0.0 1.0
chess/seq-06/color/frame-000253.color.png chess/seq-06/color/frame-000255.color.png 0.999831 -0.0117815 -0.0141454 0.0543892 0.0117111 0.999919 -0.00504934 0.0016759 0.0142038 0.00488283 0.999887 -0.0315068 0.0 0.0 0.0 1.0
chess/seq-06/color/frame-000255.color.png chess/seq-06/color/frame-000257.color.png 0.999883 -0.0124725 -0.00889424 0.0584019 0.012527 0.999903 0.00609449 -0.0249981 0.00881726 -0.00620517 0.999942 -0.0180409 0.0 0.0 0.0 1.0
chess/seq-06/color/frame-000257.color.png chess/seq-06/color/frame-000259.color.png 0.999951 -0.00989543 -0.000507586 0.0253803 0.00988978 0.999901 -0.0100455 0.00472635 0.00060698 0.0100399 0.999949 0.0106616 0.0 0.0 0.0 1.0
chess/seq-06/color/frame-000259.color.png chess/seq-06/color/frame-000261.color.png 0.999773 -0.0212146 -0.00214056 0.0223645 0.0211859 0.999696 -0.0126424 0.0124626 0.0024081 0.0125941 0.999918 -0.00210965 0.0 0.0 0.0 1.0
chess/seq-06/color/frame-000261.color.png chess/seq-06/color/frame-000263.color.png 0.999976 0.00397421 0.0056968 0.00975144 -0.0038893 0.999883 -0.0148277 0.0490547 -0.00575507 0.0148051 0.999874 0.0235453 0.0 0.0 0.0 1.0
chess/seq-06/color/frame-000263.color.png chess/seq-06/color/frame-000265.color.png 0.999899 -0.0141055 -0.00193933 0.0129664 0.0141103 0.999897 0.00247765 -0.0193407 0.00190414 -0.00250474 0.999995 0.0129187 0.0 0.0 0.0 1.0
chess/seq-06/color/frame-000265.color.png chess/seq-06/color/frame-000267.color.png 0.999845 -0.0086734 0.0153235 -0.0290473 0.00878271 0.999936 -0.00708236 0.0204923 -0.0152612 0.00721583 0.999858 0.0481932 0.0 0.0 0.0 1.0
chess/seq-06/color/frame-000267.color.png chess/seq-06/color/frame-000269.color.png 0.999823 0.0187758 0.000550528 0.00771856 -0.0187591 0.999582 -0.0219916 0.0936005 -0.000963131 0.0219773 0.999758 0.0267856 0.0 0.0 0.0 1.0
chess/seq-06/color/frame-000269.color.png chess/seq-06/color/frame-000271.color.png 0.999664 0.0120313 -0.0229584 0.0450002 -0.0123259 0.999843 -0.0127323 0.0802739 0.0228017 0.013011 0.999655 0.005795 0.0 0.0 0.0 1.0
chess/seq-06/color/frame-000271.color.png chess/seq-06/color/frame-000273.color.png 0.999886 0.0148629 0.00260938 -0.0191944 -0.0148174 0.999751 -0.0166693 0.0594094 -0.00285652 0.0166287 0.999858 0.0302484 0.0 0.0 0.0 1.0
chess/seq-06/color/frame-000273.color.png chess/seq-06/color/frame-000275.color.png 0.999992 -0.00349608 -0.00166685 -0.0110836 0.003464 0.999816 -0.0188864 0.0423381 0.00173252 0.0188806 0.99982 0.0439225 0.0 0.0 0.0 1.0
chess/seq-06/color/frame-000275.color.png chess/seq-06/color/frame-000277.color.png 0.999987 0.00254782 -0.00449409 -0.00118244 -0.0025773 0.999975 -0.00656942 0.0297679 0.00447717 0.00658087 0.999968 0.0111182 0.0 0.0 0.0 1.0
chess/seq-06/color/frame-000277.color.png chess/seq-06/color/frame-000279.color.png 0.999925 -0.00582926 -0.0107283 0.00447571 0.00567733 0.999884 -0.0141357 0.0336749 0.0108096 0.0140737 0.999843 0.00794363 0.0 0.0 0.0 1.0
chess/seq-06/color/frame-000279.color.png chess/seq-06/color/frame-000281.color.png 0.999958 0.00158483 -0.00901431 0.00616479 -0.00168346 0.999939 -0.0109455 0.0406153 0.0089963 0.0109602 0.999899 0.006042 0.0 0.0 0.0 1.0
chess/seq-06/color/frame-000281.color.png chess/seq-06/color/frame-000283.color.png 0.999442 -0.0319841 -0.0096608 0.00532651 0.0320253 0.999479 0.00413774 -0.05272 0.00952357 -0.00444483 0.999945 0.0173025 0.0 0.0 0.0 1.0
chess/seq-06/color/frame-000283.color.png chess/seq-06/color/frame-000285.color.png 0.999174 -0.0399737 -0.00727179 0.0221318 0.0398281 0.999023 -0.019169 0.006923 0.00803081 0.0188636 0.99979 0.00503612 0.0 0.0 0.0 1.0
chess/seq-06/color/frame-000285.color.png chess/seq-06/color/frame-000287.color.png 0.999803 -0.00868892 0.0178232 -0.0424317 0.00882764 0.999931 -0.00771925 0.0210934 -0.0177549 0.00787503 0.999812 0.0447111 0.0 0.0 0.0 1.0
chess/seq-06/color/frame-000287.color.png chess/seq-06/color/frame-000289.color.png 0.999829 -0.00654901 0.0172697 -0.0269842 0.00655271 0.999979 -0.00015847 0.0015337 -0.0172683 0.000271579 0.999851 0.0443161 0.0 0.0 0.0 1.0
chess/seq-06/color/frame-000289.color.png chess/seq-06/color/frame-000291.color.png 0.999855 -0.00606054 0.0159018 -0.0358076 0.00637264 0.999787 -0.01965 0.0440065 -0.0157792 0.0197484 0.99968 0.0482409 0.0 0.0 0.0 1.0
chess/seq-06/color/frame-000291.color.png chess/seq-06/color/frame-000293.color.png 0.999937 -0.00882711 0.00697856 -0.0255034 0.00873361 0.999873 0.0133214 -0.0316622 -0.00709529 -0.0132596 0.999887 0.02215 0.0 0.0 0.0 1.0
chess/seq-06/color/frame-000293.color.png chess/seq-06/color/frame-000295.color.png 0.999998 0.0017688 -0.000515801 -0.00575709 -0.00177204 0.999979 -0.0062455 0.0328404 0.000504648 0.0062464 0.99998 0.0209689 0.0 0.0 0.0 1.0
chess/seq-06/color/frame-000295.color.png chess/seq-06/color/frame-000297.color.png 0.999957 -0.00757526 -0.00529146 0.00262487 0.00761634 0.999941 0.00778871 -0.0214243 0.00523222 -0.00782861 0.999956 0.00462294 0.0 0.0 0.0 1.0
chess/seq-06/color/frame-000297.color.png chess/seq-06/color/frame-000299.color.png 0.999871 -0.00304218 -0.0157744 0.0330653 0.00307707 0.999993 0.00218531 0.00908292 0.0157675 -0.00223357 0.999873 0.00728655 0.0 0.0 0.0 1.0
chess/seq-06/color/frame-000299.color.png chess/seq-06/color/frame-000301.color.png 0.99999 -0.00292072 -0.0032495 -0.000118494 0.00292779 0.999993 0.00216594 0.00329325 0.00324315 -0.00217546 0.999992 0.0116584 0.0 0.0 0.0 1.0
chess/seq-06/color/frame-000301.color.png chess/seq-06/color/frame-000303.color.png 0.999992 -0.00319257 0.00252109 -0.0051198 0.00319185 0.999995 0.000280988 0.00109542 -0.00252184 -0.000272977 0.999997 0.0168798 0.0 0.0 0.0 1.0
chess/seq-06/color/frame-000303.color.png chess/seq-06/color/frame-000305.color.png 0.999994 -0.00327917 -0.000734827 0.000932574 0.0032769 0.99999 -0.00305439 0.00645303 0.000744766 0.00305197 0.999995 0.0153043 0.0 0.0 0.0 1.0
chess/seq-06/color/frame-000305.color.png chess/seq-06/color/frame-000307.color.png 0.999934 -0.00965741 0.00621456 -0.0123825 0.00968655 0.999942 -0.00467515 -0.000791557 -0.00616905 0.00473509 0.99997 0.0199087 0.0 0.0 0.0 1.0
chess/seq-06/color/frame-000307.color.png chess/seq-06/color/frame-000309.color.png 0.999938 -0.0100371 0.00474643 -0.00689816 0.010046 0.999948 -0.00186178 -0.00138889 -0.00472748 0.0019093 0.999987 0.0159009 0.0 0.0 0.0 1.0
chess/seq-06/color/frame-000309.color.png chess/seq-06/color/frame-000311.color.png 0.999881 0.0078604 0.0133145 -0.0317827 -0.00793418 0.999953 0.00549891 0.011087 -0.0132706 -0.00560392 0.999896 0.0253453 0.0 0.0 0.0 1.0
chess/seq-06/color/frame-000311.color.png chess/seq-06/color/frame-000313.color.png 0.999729 -0.017561 0.0152553 -0.0407493 0.0172846 0.999687 0.0180711 -0.0573545 -0.0155679 -0.0178025 0.99972 0.0413253 0.0 0.0 0.0 1.0
chess/seq-06/color/frame-000313.color.png chess/seq-06/color/frame-000315.color.png 0.999636 -0.0226513 0.0146919 -0.0474257 0.022642 0.999743 0.00080055 -0.0291371 -0.0147062 -0.000467619 0.999892 0.0353165 0.0 0.0 0.0 1.0
chess/seq-06/color/frame-000315.color.png chess/seq-06/color/frame-000317.color.png 0.999982 -0.00490853 0.00346922 -0.0183336 0.00490121 0.999986 0.00211018 -0.00310037 -0.00347972 -0.00209316 0.999992 0.0205264 0.0 0.0 0.0 1.0
chess/seq-06/color/frame-000317.color.png chess/seq-06/color/frame-000319.color.png 0.99994 -0.00222213 0.010675 -0.0350147 0.00223969 0.999996 -0.00163344 0.00699659 -0.0106713 0.00165728 0.999942 0.0244882 0.0 0.0 0.0 1.0
chess/seq-06/color/frame-000319.color.png chess/seq-06/color/frame-000321.color.png 0.999917 -0.00138033 0.0127653 -0.0354761 0.00137435 0.999999 0.000477894 0.00405616 -0.012766 -0.000460316 0.999918 0.0260742 0.0 0.0 0.0 1.0
chess/seq-06/color/frame-000321.color.png chess/seq-06/color/frame-000323.color.png 0.9999 -0.0131764 0.00511506 -0.0152713 0.0131454 0.999895 0.00603486 -0.0255156 -0.00519392 -0.005967 0.999969 0.0181432 0.0 0.0 0.0 1.0
chess/seq-06/color/frame-000323.color.png chess/seq-06/color/frame-000325.color.png 0.999978 0.00255142 0.00619194 -0.0168661 -0.00255614 0.999996 0.000753876 0.0124935 -0.00619006 -0.000769706 0.999981 0.0256236 0.0 0.0 0.0 1.0
chess/seq-06/color/frame-000325.color.png chess/seq-06/color/frame-000327.color.png 0.999954 -0.000891367 0.00952546 -0.0248765 0.000902563 0.999999 -0.00117025 0.0121301 -0.00952436 0.00117879 0.999954 0.0222354 0.0 0.0 0.0 1.0
chess/seq-06/color/frame-000327.color.png chess/seq-06/color/frame-000329.color.png 0.999992 -0.00214382 0.00322812 -0.0149326 0.00214485 0.999998 -0.000316123 0.00650829 -0.00322748 0.000323022 0.999995 0.00972629 0.0 0.0 0.0 1.0
chess/seq-06/color/frame-000329.color.png chess/seq-06/color/frame-000331.color.png 0.999994 -0.00342958 0.000651888 -0.0141778 0.00342694 0.999986 0.0040098 0.00152688 -0.000665559 -0.00400753 0.999992 0.0156195 0.0 0.0 0.0 1.0
chess/seq-06/color/frame-000331.color.png chess/seq-06/color/frame-000333.color.png 0.999983 -0.00574025 -0.00029716 -0.00846529 0.00574092 0.999981 0.00227404 -0.0121069 0.000284155 -0.00227572 0.999997 0.012825 0.0 0.0 0.0 1.0
chess/seq-06/color/frame-000333.color.png chess/seq-06/color/frame-000335.color.png 0.999967 -0.00798494 -0.00118576 -0.00658417 0.00798005 0.99996 -0.00406308 0.0080623 0.00121806 0.00405347 0.999991 0.0183921 0.0 0.0 0.0 1.0
chess/seq-06/color/frame-000335.color.png chess/seq-06/color/frame-000337.color.png 0.999991 -0.00409134 0.00106119 -0.0132664 0.00409318 0.99999 -0.00172493 0.0041994 -0.00105407 0.00172926 0.999998 0.00832796 0.0 0.0 0.0 1.0
chess/seq-06/color/frame-000337.color.png chess/seq-06/color/frame-000339.color.png 0.999947 -0.00640642 0.00808266 -0.0332561 0.00642385 0.999977 -0.00213328 0.00867085 -0.0080688 0.00218509 0.999965 0.0176365 0.0 0.0 0.0 1.0
chess/seq-06/color/frame-000339.color.png chess/seq-06/color/frame-000341.color.png 0.999987 -0.00501713 0.000655893 -0.0130812 0.00501159 0.999954 0.00818669 -0.0163568 -0.000696988 -0.00818328 0.999966 0.0172241 0.0 0.0 0.0 1.0
chess/seq-06/color/frame-000341.color.png chess/seq-06/color/frame-000343.color.png 0.999995 -0.000669061 0.00299717 -0.0214517 0.000648078 0.999975 0.00700281 -0.00661653 -0.00300201 -0.00700085 0.999971 0.0192475 0.0 0.0 0.0 1.0
chess/seq-06/color/frame-000343.color.png chess/seq-06/color/frame-000345.color.png 0.999992 0.00403436 0.000681483 -0.0123112 -0.00403759 0.99998 0.00477142 -0.00190096 -0.000661967 -0.00477411 0.999988 0.00699139 0.0 0.0 0.0 1.0
chess/seq-06/color/frame-000345.color.png chess/seq-06/color/frame-000347.color.png 0.999982 -0.00109486 -0.00584665 -0.00355613 0.00109701 0.999999 0.000361438 -0.00185922 0.00584628 -0.000367858 0.999983 0.00433636 0.0 0.0 0.0 1.0
chess/seq-06/color/frame-000347.color.png chess/seq-06/color/frame-000349.color.png 0.999991 -0.00400627 -0.00117672 -0.00660753 0.0039941 0.99994 -0.0101685 0.0258131 0.0012174 0.0101637 0.999948 -0.000627995 0.0 0.0 0.0 1.0
chess/seq-06/color/frame-000349.color.png chess/seq-06/color/frame-000351.color.png 0.999992 -0.00395565 0.000830498 -0.0173392 0.00396296 0.999952 -0.00900044 0.0180342 -0.000794968 0.00900364 0.999959 0.0092206 0.0 0.0 0.0 1.0
chess/seq-06/color/frame-000351.color.png chess/seq-06/color/frame-000353.color.png 0.999963 -0.00755399 -0.00415387 0.00224435 0.00753537 0.999962 -0.0044823 0.00942314 0.00418743 0.00445086 0.999981 -0.00415802 0.0 0.0 0.0 1.0
