stairs/seq-02/color/frame-000000.color.png stairs/seq-02/color/frame-000003.color.png 0.999993 0.00272741 -0.00243862 0.00124429 -0.00273316 0.999993 -0.00235891 0.00181928 0.00243217 0.00236556 0.999994 -0.000377807 0.0 0.0 0.0 1.0
stairs/seq-02/color/frame-000001.color.png stairs/seq-02/color/frame-000004.color.png 0.999995 0.00303838 -0.000760994 -0.000706949 -0.00303954 0.999994 -0.0015285 0.00106611 0.000756345 0.00153081 0.999998 -0.000385128 0.0 0.0 0.0 1.0
stairs/seq-02/color/frame-000002.color.png stairs/seq-02/color/frame-000005.color.png 1.0 -0.000612878 0.000810075 -0.000677502 0.000614022 0.999999 -0.00141301 0.00203802 -0.000809208 0.0014135 0.999999 0.000150311 0.0 0.0 0.0 1.0
stairs/seq-02/color/frame-000003.color.png stairs/seq-02/color/frame-000006.color.png 0.999979 -0.000224357 -0.00652858 -0.000963819 0.000203812 0.999995 -0.00314733 0.00527301 0.00652925 0.00314593 0.999974 0.000395496 0.0 0.0 0.0 1.0
stairs/seq-02/color/frame-000004.color.png stairs/seq-02/color/frame-000007.color.png 0.999937 0.00186395 -0.0111017 0.0005528 -0.00186134 0.999998 0.000245753 0.000410872 0.0111021 -0.000225074 0.999938 0.000120478 0.0 0.0 0.0 1.0
stairs/seq-02/color/frame-000005.color.png stairs/seq-02/color/frame-000008.color.png 0.999936 0.00535233 -0.00994147 0.000394038 -0.00534013 0.999985 0.00125364 -0.000894671 0.00994803 -0.00120047 0.99995 0.00571041 0.0 0.0 0.0 1.0
stairs/seq-02/color/frame-000006.color.png stairs/seq-02/color/frame-000009.color.png 0.99999 0.00271497 -0.00364604 0.000887727 -0.00271429 0.999996 0.000191036 -0.0011922 0.00364655 -0.000181136 0.999993 0.00127729 0.0 0.0 0.0 1.0
stairs/seq-02/color/frame-000007.color.png stairs/seq-02/color/frame-000010.color.png 0.999998 0.000489369 -0.00176874 0.00183308 -0.000494548 0.999996 -0.00292841 0.0021139 0.00176731 0.00292928 0.999994 4.17428e-06 0.0 0.0 0.0 1.0
stairs/seq-02/color/frame-000008.color.png stairs/seq-02/color/frame-000011.color.png 0.999992 -0.000772763 -0.00384397 0.00247495 0.000761865 0.999996 -0.00283573 0.00270517 0.00384615 0.00283278 0.999988 -0.00319527 0.0 0.0 0.0 1.0
stairs/seq-02/color/frame-000009.color.png stairs/seq-02/color/frame-000012.color.png 0.999993 0.00235145 -0.00278114 0.0002197 -0.00235301 0.999997 -0.000557917 -0.0012984 0.00277982 0.000564458 0.999996 0.000658479 0.0 0.0 0.0 1.0
stairs/seq-02/color/frame-000010.color.png stairs/seq-02/color/frame-000013.color.png 0.999999 0.0012158 0.00124788 -8.66475e-05 -0.00121436 0.999999 -0.00115344 -0.000552209 -0.00124928 0.00115192 0.999999 0.00330987 0.0 0.0 0.0 1.0
stairs/seq-02/color/frame-000011.color.png stairs/seq-02/color/frame-000014.color.png 0.999998 -0.0011242 0.00146283 0.00105586 0.00113049 0.99999 -0.00430905 0.00115796 -0.00145797 0.0043107 0.99999 0.00200135 0.0 0.0 0.0 1.0
stairs/seq-02/color/frame-000012.color.png stairs/seq-02/color/frame-000015.color.png 0.999999 -0.00118016 0.000348197 0.0015959 0.00118216 0.999982 -0.00580094 -9.18936e-06 -0.000341345 0.00580135 0.999983 0.00150525 0.0 0.0 0.0 1.0
stairs/seq-02/color/frame-000013.color.png stairs/seq-02/color/frame-000016.color.png 0.999998 0.00122238 -0.00139754 0.000328469 -0.00123101 0.99998 -0.0061956 -0.00132807 0.00138994 0.00619731 0.99998 0.00181353 0.0 0.0 0.0 1.0
stairs/seq-02/color/frame-000014.color.png stairs/seq-02/color/frame-000017.color.png 1.0 0.000100532 -0.000113134 0.00170043 -0.00010105 0.99999 -0.00458208 -0.00396366 0.000112674 0.00458209 0.999989 0.00318311 0.0 0.0 0.0 1.0
stairs/seq-02/color/frame-000015.color.png stairs/seq-02/color/frame-000018.color.png 0.999998 -0.000395461 -0.00170513 0.00307387 0.000381953 0.999969 -0.00791466 0.00261967 0.00170821 0.007914 0.999967 0.000413527 0.0 0.0 0.0 1.0
stairs/seq-02/color/frame-000016.color.png stairs/seq-02/color/frame-000019.color.png 0.999971 -0.0018094 -0.00736489 0.00583025 0.00175234 0.999968 -0.00774591 0.00222861 0.00737867 0.00773278 0.999943 -0.000662715 0.0 0.0 0.0 1.0
stairs/seq-02/color/frame-000017.color.png stairs/seq-02/color/frame-000020.color.png 0.999984 0.00194942 -0.00532253 0.00215911 -0.00200518 0.999943 -0.0104912 0.000257975 0.00530177 0.0105017 0.999931 0.00449852 0.0 0.0 0.0 1.0
stairs/seq-02/color/frame-000018.color.png stairs/seq-02/color/frame-000021.color.png 0.999995 -0.00160073 -0.00282586 0.000718831 0.00157791 0.999966 -0.00805906 -0.00409162 0.00283866 0.00805455 0.999964 0.00797554 0.0 0.0 0.0 1.0
stairs/seq-02/color/frame-000019.color.png stairs/seq-02/color/frame-000022.color.png 1.0 -0.00063028 0.000310533 0.000257415 0.000632516 0.999974 -0.00724925 -0.00528324 -0.000305948 0.00724944 0.999974 0.00515105 0.0 0.0 0.0 1.0
stairs/seq-02/color/frame-000020.color.png stairs/seq-02/color/frame-000023.color.png 0.999999 -0.000579232 -0.00148872 0.00236811 0.000577674 0.999999 -0.0010473 -0.00382169 0.00148932 0.00104644 0.999998 0.00053524 0.0 0.0 0.0 1.0
stairs/seq-02/color/frame-000021.color.png stairs/seq-02/color/frame-000024.color.png 1.0 -0.000503955 0.000140421 0.00540433 0.00050376 0.999999 0.00137968 -0.00209335 -0.000141114 -0.0013796 0.999999 0.00475285 0.0 0.0 0.0 1.0
stairs/seq-02/color/frame-000022.color.png stairs/seq-02/color/frame-000025.color.png 0.999994 -0.00346904 0.000241641 0.00694988 0.00346792 0.999984 0.00448502 -0.00254024 -0.0002572 -0.00448416 0.99999 0.00731835 0.0 0.0 0.0 1.0
stairs/seq-02/color/frame-000023.color.png stairs/seq-02/color/frame-000026.color.png 0.999982 -0.00606791 0.000358041 0.00543003 0.00606638 0.999973 0.00412157 -0.00100276 -0.000383037 -0.00411932 0.999991 0.0121113 0.0 0.0 0.0 1.0
stairs/seq-02/color/frame-000024.color.png stairs/seq-02/color/frame-000027.color.png 0.999992 -0.00376526 -0.0011599 0.00494344 0.00377244 0.999973 0.00625097 -0.00335673 0.00113633 -0.0062553 0.99998 0.00730283 0.0 0.0 0.0 1.0
stairs/seq-02/color/frame-000025.color.png stairs/seq-02/color/frame-000028.color.png 0.99998 -0.00626307 0.000630664 0.0111676 0.00625587 0.999922 0.010831 -0.00557821 -0.000698451 -0.0108269 0.999941 0.0151016 0.0 0.0 0.0 1.0
stairs/seq-02/color/frame-000026.color.png stairs/seq-02/color/frame-000029.color.png 0.999964 -0.00665179 0.00527037 0.00677334 0.00658165 0.999891 0.0132164 -0.00883792 -0.00535771 -0.0131813 0.999899 0.018104 0.0 0.0 0.0 1.0
stairs/seq-02/color/frame-000027.color.png stairs/seq-02/color/frame-000030.color.png 0.99994 -0.00855045 0.0068719 0.00895159 0.00846077 0.99988 0.0129749 -0.010909 -0.00698201 -0.0129159 0.999892 0.019515 0.0 0.0 0.0 1.0
stairs/seq-02/color/frame-000028.color.png stairs/seq-02/color/frame-000031.color.png 0.999927 -0.00403673 0.0113544 0.000625929 0.00396327 0.999971 0.00648505 -0.00598748 -0.0113802 -0.00643958 0.999915 0.0180194 0.0 0.0 0.0 1.0
stairs/seq-02/color/frame-000029.color.png stairs/seq-02/color/frame-000032.color.png 0.999923 -0.00513817 0.0113221 0.0091218 0.00507019 0.999969 0.00602505 -0.00722515 -0.0113527 -0.00596718 0.999918 0.0179565 0.0 0.0 0.0 1.0
stairs/seq-02/color/frame-000030.color.png stairs/seq-02/color/frame-000033.color.png 0.999945 -0.00360674 0.00985136 0.0107058 0.00359142 0.999992 0.00157208 -0.0058805 -0.00985695 -0.00153661 0.99995 0.0193917 0.0 0.0 0.0 1.0
stairs/seq-02/color/frame-000031.color.png stairs/seq-02/color/frame-000034.color.png 0.999926 -0.00204567 0.0119996 0.00565552 0.00205117 0.999998 -0.000446658 -0.00314198 -0.0119987 0.000471238 0.999928 0.0205271 0.0 0.0 0.0 1.0
stairs/seq-02/color/frame-000032.color.png stairs/seq-02/color/frame-000035.color.png 0.999943 -0.000198656 0.0106875 0.00503429 0.000228547 0.999996 -0.00279553 -0.00478916 -0.0106869 0.00279782 0.999939 0.0132903 0.0 0.0 0.0 1.0
stairs/seq-02/color/frame-000033.color.png stairs/seq-02/color/frame-000036.color.png 0.999925 0.00501137 0.0111661 0.00689086 -0.00500536 0.999987 -0.000566171 -0.00648191 -0.0111688 0.000510239 0.999937 0.00646158 0.0 0.0 0.0 1.0
stairs/seq-02/color/frame-000034.color.png stairs/seq-02/color/frame-000037.color.png 0.999916 0.00853482 0.00971463 0.0151829 -0.0085644 0.999959 0.00300766 -0.0142051 -0.00968856 -0.00309061 0.999948 0.00865252 0.0 0.0 0.0 1.0
stairs/seq-02/color/frame-000035.color.png stairs/seq-02/color/frame-000038.color.png 0.999842 0.0108519 0.0141108 0.0062383 -0.010833 0.99994 -0.00140943 -0.00654883 -0.0141252 0.00125635 0.999899 0.0153596 0.0 0.0 0.0 1.0
stairs/seq-02/color/frame-000036.color.png stairs/seq-02/color/frame-000039.color.png 0.99988 0.00828203 0.0131044 0.00648563 -0.00825254 0.999963 -0.00230317 -0.00234635 -0.013123 0.00219475 0.999911 0.0162552 0.0 0.0 0.0 1.0
stairs/seq-02/color/frame-000037.color.png stairs/seq-02/color/frame-000040.color.png 0.999967 0.00107142 0.0081008 0.00757798 -0.00105273 0.999997 -0.00231114 -0.00492627 -0.00810325 0.00230254 0.999965 0.0155308 0.0 0.0 0.0 1.0
stairs/seq-02/color/frame-000038.color.png stairs/seq-02/color/frame-000041.color.png 0.999984 -0.005712 0.000189889 0.0161688 0.00571343 0.999946 -0.00866979 -0.00800312 -0.000140354 0.00867073 0.999962 0.0153049 0.0 0.0 0.0 1.0
stairs/seq-02/color/frame-000039.color.png stairs/seq-02/color/frame-000042.color.png 0.999973 -0.00698627 -0.00211558 0.0172129 0.00696765 0.999938 -0.00868344 -0.0169384 0.00217611 0.00866847 0.99996 0.0213155 0.0 0.0 0.0 1.0
stairs/seq-02/color/frame-000040.color.png stairs/seq-02/color/frame-000043.color.png 0.999977 -0.00683764 -0.000375086 0.0132404 0.00683291 0.999911 -0.0114266 -0.0148768 0.000453187 0.0114237 0.999935 0.0161586 0.0 0.0 0.0 1.0
stairs/seq-02/color/frame-000041.color.png stairs/seq-02/color/frame-000044.color.png 0.999872 -0.0113458 0.0112635 0.0180034 0.0114199 0.999913 -0.0065395 -0.0171929 -0.0111883 0.00666729 0.999915 0.0181595 0.0 0.0 0.0 1.0
stairs/seq-02/color/frame-000042.color.png stairs/seq-02/color/frame-000045.color.png 0.999812 -0.015519 0.0116412 0.0202047 0.0155909 0.99986 -0.00611334 -0.0146872 -0.0115447 0.00629368 0.999914 0.011029 0.0 0.0 0.0 1.0
stairs/seq-02/color/frame-000043.color.png stairs/seq-02/color/frame-000046.color.png 0.999756 -0.0180194 0.012792 0.0199959 0.0180936 0.99982 -0.00571069 -0.0107173 -0.0126868 0.00594075 0.999902 0.012125 0.0 0.0 0.0 1.0
stairs/seq-02/color/frame-000044.color.png stairs/seq-02/color/frame-000047.color.png 0.999881 -0.0126783 0.00877832 0.0118133 0.0126851 0.999919 -0.000724984 -0.0135229 -0.00876842 0.000836253 0.999961 0.0115994 0.0 0.0 0.0 1.0
stairs/seq-02/color/frame-000045.color.png stairs/seq-02/color/frame-000048.color.png 0.99981 -0.0141291 0.0134497 0.00485242 0.0141629 0.999897 -0.00242821 -0.014873 -0.013414 0.00261824 0.999907 0.0168277 0.0 0.0 0.0 1.0
stairs/seq-02/color/frame-000046.color.png stairs/seq-02/color/frame-000049.color.png 0.999664 -0.020332 0.0160831 0.0134835 0.0204518 0.999764 -0.00731923 -0.0202804 -0.0159305 0.00764569 0.999844 0.0142607 0.0 0.0 0.0 1.0
stairs/seq-02/color/frame-000047.color.png stairs/seq-02/color/frame-000050.color.png 0.999682 -0.0208404 0.0142289 0.00923735 0.0210488 0.999671 -0.0146596 -0.00772669 -0.0139186 0.0149544 0.999791 0.0124537 0.0 0.0 0.0 1.0
stairs/seq-02/color/frame-000048.color.png stairs/seq-02/color/frame-000051.color.png 0.999771 -0.0188455 0.0101822 0.0145555 0.0189487 0.999769 -0.010128 -0.0147387 -0.00998897 0.0103186 0.999897 0.010558 0.0 0.0 0.0 1.0
stairs/seq-02/color/frame-000049.color.png stairs/seq-02/color/frame-000052.color.png 0.999927 -0.0106189 0.00577757 0.0118556 0.0106575 0.999921 -0.00669593 -0.0121467 -0.00570602 0.00675701 0.999961 0.00459467 0.0 0.0 0.0 1.0
stairs/seq-02/color/frame-000050.color.png stairs/seq-02/color/frame-000053.color.png 0.999879 -0.0122348 0.0096369 0.00366092 0.0123134 0.999891 -0.0081426 -0.00547915 -0.00953622 0.00826028 0.99992 0.0087471 0.0 0.0 0.0 1.0
stairs/seq-02/color/frame-000051.color.png stairs/seq-02/color/frame-000054.color.png 0.999885 -0.0143947 0.0047994 0.00813827 0.01442 0.999882 -0.00527919 -0.00828481 -0.00472285 0.00534779 0.999975 0.00282891 0.0 0.0 0.0 1.0
stairs/seq-02/color/frame-000052.color.png stairs/seq-02/color/frame-000055.color.png 0.999816 -0.0172391 0.0084574 0.010716 0.0172323 0.999851 0.000873917 -0.0145752 -0.0084712 -0.000728013 0.999964 0.00807154 0.0 0.0 0.0 1.0
stairs/seq-02/color/frame-000053.color.png stairs/seq-02/color/frame-000056.color.png 0.999804 -0.0172219 0.00982002 0.0181183 0.0171055 0.999784 0.0118142 -0.0236296 -0.0100214 -0.0116439 0.999882 0.00514057 0.0 0.0 0.0 1.0
stairs/seq-02/color/frame-000054.color.png stairs/seq-02/color/frame-000057.color.png 0.999703 -0.0198983 0.0140702 0.0180084 0.0197354 0.999738 0.0116215 -0.0184501 -0.0142978 -0.0113404 0.999833 0.00387333 0.0 0.0 0.0 1.0
stairs/seq-02/color/frame-000055.color.png stairs/seq-02/color/frame-000058.color.png 0.99975 -0.0192712 0.0113583 0.0127971 0.0191992 0.999795 0.00641607 -0.00210339 -0.0114797 -0.00619639 0.999915 0.00654642 0.0 0.0 0.0 1.0
stairs/seq-02/color/frame-000056.color.png stairs/seq-02/color/frame-000059.color.png 0.999735 -0.0212545 0.00884036 0.00692339 0.021219 0.999767 0.00408385 -0.00431574 -0.00892511 -0.00389519 0.999953 0.00488628 0.0 0.0 0.0 1.0
stairs/seq-02/color/frame-000057.color.png stairs/seq-02/color/frame-000060.color.png 0.999805 -0.0197464 0.000521727 0.0142377 0.0197443 0.999798 0.003889 -0.00405066 -0.000598421 -0.00387794 0.999992 0.0026446 0.0 0.0 0.0 1.0
stairs/seq-02/color/frame-000058.color.png stairs/seq-02/color/frame-000061.color.png 0.99986 -0.0157276 0.00577353 0.00159566 0.0156941 0.99986 0.00579753 -0.0125576 -0.00586388 -0.00570611 0.999967 0.0106042 0.0 0.0 0.0 1.0
stairs/seq-02/color/frame-000059.color.png stairs/seq-02/color/frame-000062.color.png 0.999873 -0.0133736 0.00870283 0.00790288 0.0133242 0.999895 0.0057058 -0.0118031 -0.00877821 -0.00558912 0.999946 0.0144259 0.0 0.0 0.0 1.0
stairs/seq-02/color/frame-000060.color.png stairs/seq-02/color/frame-000063.color.png 0.999912 -0.0100554 0.00871489 0.00826104 0.0100045 0.999933 0.00585791 -0.0121649 -0.00877321 -0.00577021 0.999945 0.00660506 0.0 0.0 0.0 1.0
stairs/seq-02/color/frame-000061.color.png stairs/seq-02/color/frame-000064.color.png 0.999934 -0.010747 0.00398418 0.009231 0.0107475 0.999942 -7.8441e-05 -0.000171408 -0.00398312 0.000121258 0.999992 0.00714454 0.0 0.0 0.0 1.0
stairs/seq-02/color/frame-000062.color.png stairs/seq-02/color/frame-000065.color.png 0.999976 -0.00311399 -0.00617493 0.0134127 0.00312756 0.999993 0.00219183 -0.00599689 0.00616806 -0.00221109 0.999978 -0.00327058 0.0 0.0 0.0 1.0
stairs/seq-02/color/frame-000063.color.png stairs/seq-02/color/frame-000066.color.png 0.999984 0.0027617 -0.00495486 0.00857712 -0.00275909 0.999996 0.000537539 -0.00339846 0.00495634 -0.000523859 0.999988 0.00485094 0.0 0.0 0.0 1.0
stairs/seq-02/color/frame-000064.color.png stairs/seq-02/color/frame-000067.color.png 0.99992 0.00624008 -0.0109636 0.0217433 -0.00622685 0.99998 0.00124223 -0.0112921 0.0109711 -0.00117387 0.999939 -0.00395437 0.0 0.0 0.0 1.0
stairs/seq-02/color/frame-000065.color.png stairs/seq-02/color/frame-000068.color.png 0.999942 0.00730714 -0.00787952 0.0135981 -0.00734036 0.999964 -0.00419557 -0.00286948 0.00784857 0.00425317 0.99996 0.00590597 0.0 0.0 0.0 1.0
stairs/seq-02/color/frame-000066.color.png stairs/seq-02/color/frame-000069.color.png 0.999902 0.00882757 -0.0108411 0.00812468 -0.00894822 0.999898 -0.0111305 -0.00105056 0.0107417 0.0112265 0.999879 0.0105463 0.0 0.0 0.0 1.0
stairs/seq-02/color/frame-000067.color.png stairs/seq-02/color/frame-000070.color.png 0.999872 0.0143253 -0.0071395 0.000462249 -0.0144046 0.999834 -0.0111888 0.00209002 0.00697805 0.0112902 0.999912 0.0166393 0.0 0.0 0.0 1.0
stairs/seq-02/color/frame-000068.color.png stairs/seq-02/color/frame-000071.color.png 0.999788 0.0145705 -0.0145202 0.0157254 -0.0147226 0.999837 -0.010426 -0.00618584 0.0143659 0.0106376 0.99984 0.00730364 0.0 0.0 0.0 1.0
stairs/seq-02/color/frame-000069.color.png stairs/seq-02/color/frame-000072.color.png 0.999746 0.0141883 -0.0175053 0.0267291 -0.0144141 0.999814 -0.0128445 -0.00042145 0.0173198 0.0130935 0.999764 0.00587283 0.0 0.0 0.0 1.0
stairs/seq-02/color/frame-000070.color.png stairs/seq-02/color/frame-000073.color.png 0.999784 0.0168924 -0.0120879 0.0194914 -0.0170376 0.999783 -0.0120095 -0.000103891 0.0118824 0.0122129 0.999855 0.00410812 0.0 0.0 0.0 1.0
stairs/seq-02/color/frame-000071.color.png stairs/seq-02/color/frame-000074.color.png 0.999836 0.0178088 -0.0031875 0.00826335 -0.0178546 0.999728 -0.014976 0.00679521 0.00291991 0.0150305 0.999883 0.00994483 0.0 0.0 0.0 1.0
stairs/seq-02/color/frame-000072.color.png stairs/seq-02/color/frame-000075.color.png 0.999739 0.0218104 -0.00674127 0.0184415 -0.0219392 0.999566 -0.0196581 0.00462775 0.00630961 0.0198009 0.999784 0.0047638 0.0 0.0 0.0 1.0
stairs/seq-02/color/frame-000073.color.png stairs/seq-02/color/frame-000076.color.png 0.999702 0.0222359 -0.0100361 0.0322026 -0.022388 0.999632 -0.0153013 -0.00582753 0.00969215 0.0155215 0.999833 -0.0115191 0.0 0.0 0.0 1.0
stairs/seq-02/color/frame-000074.color.png stairs/seq-02/color/frame-000077.color.png 0.999733 0.0188378 -0.0133994 0.0353318 -0.0190615 0.999678 -0.0167658 -0.00111048 0.0130793 0.0170167 0.99977 -0.0105655 0.0 0.0 0.0 1.0
stairs/seq-02/color/frame-000075.color.png stairs/seq-02/color/frame-000078.color.png 0.999918 0.0125722 -0.00224753 0.0176933 -0.0125947 0.999868 -0.0102666 -0.000583604 0.00211816 0.0102941 0.999945 0.00117023 0.0 0.0 0.0 1.0
stairs/seq-02/color/frame-000076.color.png stairs/seq-02/color/frame-000079.color.png 0.999929 0.0118657 0.00129642 0.0141501 -0.0118465 0.999833 -0.0139158 0.0103349 -0.00146133 0.0138994 0.999902 0.00846687 0.0 0.0 0.0 1.0
stairs/seq-02/color/frame-000077.color.png stairs/seq-02/color/frame-000080.color.png 0.999917 0.0127028 -0.00210594 0.0297262 -0.0127242 0.999864 -0.0104852 0.00729977 0.00197246 0.0105112 0.999943 0.000763953 0.0 0.0 0.0 1.0
stairs/seq-02/color/frame-000078.color.png stairs/seq-02/color/frame-000081.color.png 0.999906 0.0137037 0.00113271 0.0295888 -0.0136892 0.999835 -0.0119865 0.0146794 -0.00129678 0.0119698 0.999927 0.000109971 0.0 0.0 0.0 1.0
stairs/seq-02/color/frame-000079.color.png stairs/seq-02/color/frame-000082.color.png 0.999937 0.0104809 0.00406894 0.0184653 -0.0104323 0.999876 -0.0117864 0.019251 -0.00419197 0.0117432 0.999922 0.0123312 0.0 0.0 0.0 1.0
stairs/seq-02/color/frame-000080.color.png stairs/seq-02/color/frame-000083.color.png 0.999944 0.0103762 -0.00199878 0.0296029 -0.0103839 0.999938 -0.00391391 0.00338551 0.00195804 0.00393445 0.99999 0.000227407 0.0 0.0 0.0 1.0
stairs/seq-02/color/frame-000081.color.png stairs/seq-02/color/frame-000084.color.png 0.999945 0.00926247 -0.00498722 0.0343173 -0.00927765 0.999952 -0.00302686 0.0105055 0.00495895 0.00307296 0.999983 -0.00551982 0.0 0.0 0.0 1.0
stairs/seq-02/color/frame-000082.color.png stairs/seq-02/color/frame-000085.color.png 0.999912 0.00559109 -0.0120217 0.0530593 -0.00555201 0.999979 0.00328245 -0.00755428 0.0120398 -0.00321542 0.999922 -0.0163478 0.0 0.0 0.0 1.0
stairs/seq-02/color/frame-000083.color.png stairs/seq-02/color/frame-000086.color.png 0.999968 0.00511506 0.00623073 0.0280887 -0.00511588 0.999987 0.000115901 0.00193335 -0.00623006 -0.000147787 0.999981 -0.00159815 0.0 0.0 0.0 1.0
stairs/seq-02/color/frame-000084.color.png stairs/seq-02/color/frame-000087.color.png 0.999975 -0.00125809 0.00691811 0.0256942 0.00128155 0.999993 -0.00338793 0.00546844 -0.00691381 0.00339671 0.99997 0.00713214 0.0 0.0 0.0 1.0
stairs/seq-02/color/frame-000085.color.png stairs/seq-02/color/frame-000088.color.png 0.999896 0.00435384 0.0137506 0.0135957 -0.00428827 0.999979 -0.0047945 0.0189058 -0.0137712 0.00473505 0.999894 0.0138088 0.0 0.0 0.0 1.0
stairs/seq-02/color/frame-000086.color.png stairs/seq-02/color/frame-000089.color.png 0.999964 -0.0015393 -0.00838695 0.0428796 0.00151496 0.999995 -0.00290858 0.0156081 0.00839139 0.00289579 0.999961 -0.00824688 0.0 0.0 0.0 1.0
stairs/seq-02/color/frame-000087.color.png stairs/seq-02/color/frame-000090.color.png 0.999994 0.00166459 0.00287848 0.0268931 -0.00167372 0.999994 0.00317127 0.00979579 -0.00287319 -0.00317606 0.999991 0.00674312 0.0 0.0 0.0 1.0
stairs/seq-02/color/frame-000088.color.png stairs/seq-02/color/frame-000091.color.png 0.999989 0.00232466 0.00399407 0.0291647 -0.0023365 0.999993 0.00296388 0.0162703 -0.00398715 -0.00297319 0.999988 -0.00107744 0.0 0.0 0.0 1.0
stairs/seq-02/color/frame-000089.color.png stairs/seq-02/color/frame-000092.color.png 0.999919 -0.00150635 0.0125998 0.0125304 0.00143316 0.999982 0.00581608 0.0061226 -0.0126084 -0.00579756 0.999904 0.0215754 0.0 0.0 0.0 1.0
stairs/seq-02/color/frame-000090.color.png stairs/seq-02/color/frame-000093.color.png 0.999942 -0.00401635 0.00996119 0.00313857 0.00392454 0.99995 0.00922011 -0.00903916 -0.00999773 -0.00918048 0.999908 -0.00024724 0.0 0.0 0.0 1.0
stairs/seq-02/color/frame-000091.color.png stairs/seq-02/color/frame-000094.color.png 0.999923 -0.00648536 -0.0106066 0.042533 0.00646688 0.999978 -0.00177566 0.0124192 0.0106179 0.00170694 0.999942 -0.00417407 0.0 0.0 0.0 1.0
stairs/seq-02/color/frame-000092.color.png stairs/seq-02/color/frame-000095.color.png 0.99996 0.00210535 -0.00867437 0.0442559 -0.00210913 0.999998 -0.000426899 0.0164254 0.00867344 0.000445162 0.999962 -0.00879791 0.0 0.0 0.0 1.0
stairs/seq-02/color/frame-000093.color.png stairs/seq-02/color/frame-000096.color.png 0.999977 0.00581703 0.0035521 0.0195961 -0.00581817 0.999983 0.000305216 0.016777 -0.00355024 -0.00032587 0.999994 0.0084862 0.0 0.0 0.0 1.0
stairs/seq-02/color/frame-000094.color.png stairs/seq-02/color/frame-000097.color.png 0.999978 0.00136749 0.00649489 0.00360167 -0.00136437 0.999999 -0.000483567 0.0114733 -0.00649555 0.000474702 0.999979 0.0157413 0.0 0.0 0.0 1.0
stairs/seq-02/color/frame-000095.color.png stairs/seq-02/color/frame-000098.color.png 0.999898 0.0101854 0.0100092 0.00228173 -0.0102897 0.999893 0.0104252 0.00190157 -0.00990191 -0.0105271 0.999896 -0.000777334 0.0 0.0 0.0 1.0
stairs/seq-02/color/frame-000096.color.png stairs/seq-02/color/frame-000099.color.png 0.999991 0.0032665 -0.00257719 0.0275072 -0.003247 0.999966 0.00752985 0.00304322 0.00260168 -0.0075214 0.999968 -0.000827894 0.0 0.0 0.0 1.0
stairs/seq-02/color/frame-000097.color.png stairs/seq-02/color/frame-000100.color.png 0.999994 0.00338668 0.000547968 0.0208039 -0.00339009 0.999974 0.00632837 0.00673832 -0.00052651 -0.00633023 0.99998 -0.00661315 0.0 0.0 0.0 1.0
stairs/seq-02/color/frame-000098.color.png stairs/seq-02/color/frame-000101.color.png 0.999762 -0.0104939 -0.0191277 0.0472355 0.010417 0.999937 -0.00411348 0.0164677 0.0191697 0.00391324 0.999809 -0.00467391 0.0 0.0 0.0 1.0
stairs/seq-02/color/frame-000099.color.png stairs/seq-02/color/frame-000102.color.png 0.999911 -7.30788e-05 -0.0133724 0.0326258 0.000118944 0.999994 0.00342889 -0.000711702 0.0133721 -0.00343019 0.999905 -0.00847746 0.0 0.0 0.0 1.0
stairs/seq-02/color/frame-000100.color.png stairs/seq-02/color/frame-000103.color.png 0.99995 -0.00226258 -0.00970367 0.0294236 0.00221925 0.999987 -0.00447353 0.0106977 0.00971366 0.00445179 0.999943 0.00288627 0.0 0.0 0.0 1.0
stairs/seq-02/color/frame-000101.color.png stairs/seq-02/color/frame-000104.color.png 0.999965 -0.00756677 0.00342073 0.00684032 0.00757886 0.999965 -0.00353718 -0.00470284 -0.00339385 0.00356298 0.999988 0.0131573 0.0 0.0 0.0 1.0
stairs/seq-02/color/frame-000102.color.png stairs/seq-02/color/frame-000105.color.png 0.999496 -0.00924486 -0.0303728 0.0875094 0.00913962 0.999952 -0.00360143 0.00308339 0.0304046 0.00332203 0.999532 -0.0285742 0.0 0.0 0.0 1.0
stairs/seq-02/color/frame-000103.color.png stairs/seq-02/color/frame-000106.color.png 0.999967 -0.00617774 -0.0052945 0.030742 0.00619358 0.999976 0.0029814 -0.0118507 0.00527596 -0.00301412 0.999982 0.000949889 0.0 0.0 0.0 1.0
stairs/seq-02/color/frame-000104.color.png stairs/seq-02/color/frame-000107.color.png 0.999987 -0.00325535 0.0039679 0.00368804 0.00326342 0.999993 -0.00202582 0.00618655 -0.00396127 0.00203876 0.99999 0.0097681 0.0 0.0 0.0 1.0
stairs/seq-02/color/frame-000105.color.png stairs/seq-02/color/frame-000108.color.png 0.999943 -0.00618821 0.00870416 0.00181609 0.00616056 0.999976 0.00320048 -0.00994933 -0.00872376 -0.00314667 0.999957 0.0189258 0.0 0.0 0.0 1.0
stairs/seq-02/color/frame-000106.color.png stairs/seq-02/color/frame-000109.color.png 0.999918 -0.0114652 0.00571883 0.0101202 0.0114602 0.999934 0.000914416 -0.0117291 -0.00572893 -0.000848789 0.999983 0.0136241 0.0 0.0 0.0 1.0
stairs/seq-02/color/frame-000107.color.png stairs/seq-02/color/frame-000110.color.png 0.999852 -0.0125661 0.0117357 -0.0014222 0.0125849 0.99992 -0.00152836 -0.0103083 -0.0117155 0.00167582 0.99993 0.0191464 0.0 0.0 0.0 1.0
stairs/seq-02/color/frame-000108.color.png stairs/seq-02/color/frame-000111.color.png 0.999833 -0.017919 0.00350864 0.0224863 0.0179189 0.999839 3.93175e-05 -0.00749894 -0.00350878 2.35673e-05 0.999994 0.00862572 0.0 0.0 0.0 1.0
stairs/seq-02/color/frame-000109.color.png stairs/seq-02/color/frame-000112.color.png 0.999616 -0.0213474 0.0176805 -0.00330469 0.0213154 0.999771 0.00199165 -0.00762946 -0.0177189 -0.00161403 0.999842 0.0198629 0.0 0.0 0.0 1.0
stairs/seq-02/color/frame-000110.color.png stairs/seq-02/color/frame-000113.color.png 0.999824 -0.0147571 0.0115599 0.0238893 0.0146482 0.999848 0.00944433 -0.0115882 -0.0116975 -0.00927335 0.999889 0.0163603 0.0 0.0 0.0 1.0
stairs/seq-02/color/frame-000111.color.png stairs/seq-02/color/frame-000114.color.png 0.998915 -0.0266545 0.0381854 -0.0452425 0.0260689 0.999536 0.0157533 -0.0214862 -0.0385876 -0.0147408 0.999147 0.0385572 0.0 0.0 0.0 1.0
stairs/seq-02/color/frame-000112.color.png stairs/seq-02/color/frame-000115.color.png 0.999208 -0.0176349 0.035661 -0.0362052 0.0174214 0.999828 0.00628813 0.0133787 -0.0357658 -0.00566188 0.999344 0.0447008 0.0 0.0 0.0 1.0
stairs/seq-02/color/frame-000113.color.png stairs/seq-02/color/frame-000116.color.png 0.999389 -0.0248219 0.0246005 0.000776887 0.0244172 0.999564 0.0166163 -0.00519918 -0.0250022 -0.0160055 0.999559 0.0269495 0.0 0.0 0.0 1.0
stairs/seq-02/color/frame-000114.color.png stairs/seq-02/color/frame-000117.color.png 0.999844 -0.0110326 0.013759 0.0382465 0.010972 0.99993 0.00447505 0.0109147 -0.0138074 -0.00432337 0.999895 0.0410525 0.0 0.0 0.0 1.0
stairs/seq-02/color/frame-000115.color.png stairs/seq-02/color/frame-000118.color.png 0.999183 -0.0403081 0.00292025 0.0829998 0.0402383 0.99897 0.0209583 -0.0497532 -0.00376204 -0.0208237 0.999776 0.000429288 0.0 0.0 0.0 1.0
stairs/seq-02/color/frame-000116.color.png stairs/seq-02/color/frame-000119.color.png 0.998474 -0.0395542 0.0385421 -0.0228927 0.0387355 0.999013 0.0217623 -0.0740822 -0.0393648 -0.0202362 0.99902 0.0273255 0.0 0.0 0.0 1.0
stairs/seq-02/color/frame-000117.color.png stairs/seq-02/color/frame-000120.color.png 0.999308 -0.0328745 0.0173988 -0.0138391 0.0328107 0.999454 0.00394065 -0.0435925 -0.0175188 -0.00336707 0.999841 0.0127902 0.0 0.0 0.0 1.0
stairs/seq-02/color/frame-000118.color.png stairs/seq-02/color/frame-000121.color.png 0.999988 -0.0049202 -0.000336142 0.00155824 0.00491557 0.999909 -0.0125545 0.00966492 0.000397892 0.0125526 0.999921 0.00244953 0.0 0.0 0.0 1.0
stairs/seq-02/color/frame-000119.color.png stairs/seq-02/color/frame-000122.color.png 0.999996 -0.000599887 0.00258737 0.0113878 0.000621423 0.999965 -0.00833694 0.0233699 -0.00258231 0.00833852 0.999962 0.00564927 0.0 0.0 0.0 1.0
stairs/seq-02/color/frame-000120.color.png stairs/seq-02/color/frame-000123.color.png 0.999724 -0.00468269 0.0230305 -0.0337706 0.00459663 0.999982 0.00378821 0.00764856 -0.0230478 -0.00368129 0.999728 0.00693925 0.0 0.0 0.0 1.0
stairs/seq-02/color/frame-000121.color.png stairs/seq-02/color/frame-000124.color.png 0.999939 -0.00741491 0.00819763 -0.0128215 0.00723132 0.999727 0.0222064 -0.0249904 -0.00836004 -0.0221457 0.99972 0.00268494 0.0 0.0 0.0 1.0
stairs/seq-02/color/frame-000122.color.png stairs/seq-02/color/frame-000125.color.png 0.999488 -0.00227781 -0.0319017 0.0607548 0.00235366 0.999994 0.00234025 0.00537641 0.0318962 -0.00241414 0.999488 -0.0128806 0.0 0.0 0.0 1.0
stairs/seq-02/color/frame-000123.color.png stairs/seq-02/color/frame-000126.color.png 0.999982 0.00571525 -0.00197869 -0.00323659 -0.00571605 0.999984 -0.000394057 0.00623736 0.0019764 0.000405361 0.999998 0.000737265 0.0 0.0 0.0 1.0
stairs/seq-02/color/frame-000124.color.png stairs/seq-02/color/frame-000127.color.png 0.999961 0.00797025 -0.00377513 -0.00451988 -0.00799 0.999954 -0.00525213 0.00534537 0.00373307 0.00528209 0.999979 -0.00194323 0.0 0.0 0.0 1.0
stairs/seq-02/color/frame-000125.color.png stairs/seq-02/color/frame-000128.color.png 0.999914 0.00969232 -0.00878637 -0.00573456 -0.00978159 0.9999 -0.0101751 0.0173254 0.00868686 0.0102602 0.99991 -0.0119869 0.0 0.0 0.0 1.0
stairs/seq-02/color/frame-000126.color.png stairs/seq-02/color/frame-000129.color.png 0.999683 0.0101033 -0.0230744 0.0200803 -0.0102634 0.999924 -0.00682785 0.0199759 0.0230036 0.0070625 0.99971 -0.018482 0.0 0.0 0.0 1.0
stairs/seq-02/color/frame-000127.color.png stairs/seq-02/color/frame-000130.color.png 0.999237 0.0245253 -0.0303909 0.0374641 -0.02489 0.999622 -0.0116817 0.0358022 0.0300929 0.0124292 0.99947 -0.0212799 0.0 0.0 0.0 1.0
stairs/seq-02/color/frame-000128.color.png stairs/seq-02/color/frame-000131.color.png 0.999478 0.0296397 -0.0128482 0.0120597 -0.029683 0.999554 -0.00319322 0.0305385 0.0127479 0.00357293 0.999912 -0.0190296 0.0 0.0 0.0 1.0
stairs/seq-02/color/frame-000129.color.png stairs/seq-02/color/frame-000132.color.png 0.999353 0.0357527 -0.00395696 -0.0112411 -0.0357425 0.999358 0.00261842 0.0206912 0.00404804 -0.0024753 0.999989 -0.0109332 0.0 0.0 0.0 1.0
stairs/seq-02/color/frame-000130.color.png stairs/seq-02/color/frame-000133.color.png 0.999585 0.0274485 -0.00868445 0.0024159 -0.0274726 0.999619 -0.00266778 0.031246 0.00860792 0.00290527 0.999959 -0.0180631 0.0 0.0 0.0 1.0
stairs/seq-02/color/frame-000131.color.png stairs/seq-02/color/frame-000134.color.png 0.998855 0.0461334 -0.0126598 0.00317228 -0.0461937 0.998922 -0.00451722 0.0448054 0.0124378 0.00509685 0.99991 -0.0238584 0.0 0.0 0.0 1.0
stairs/seq-02/color/frame-000132.color.png stairs/seq-02/color/frame-000135.color.png 0.999104 0.0388527 -0.0167698 0.00381368 -0.038971 0.999217 -0.00678639 0.042768 0.016493 0.00743385 0.999836 -0.0323012 0.0 0.0 0.0 1.0
stairs/seq-02/color/frame-000133.color.png stairs/seq-02/color/frame-000136.color.png 0.997458 0.0677399 -0.0220998 -0.0150654 -0.0680366 0.997599 -0.0129613 0.0866273 0.0211687 0.014432 0.999672 -0.0365661 0.0 0.0 0.0 1.0
stairs/seq-02/color/frame-000134.color.png stairs/seq-02/color/frame-000137.color.png 0.998206 0.0493584 -0.0339024 0.000648856 -0.0495937 0.998751 -0.00613343 0.0617966 0.0335573 0.00780378 0.999406 -0.0447883 0.0 0.0 0.0 1.0
stairs/seq-02/color/frame-000135.color.png stairs/seq-02/color/frame-000138.color.png 0.997376 0.0541888 -0.048014 0.0384899 -0.0539456 0.998524 0.00634747 0.0314842 0.0482871 -0.00374066 0.998826 -0.0441291 0.0 0.0 0.0 1.0
stairs/seq-02/color/frame-000136.color.png stairs/seq-02/color/frame-000139.color.png 0.999047 0.0371037 -0.0230017 -0.00619954 -0.0372767 0.999279 -0.0071391 0.0563265 0.0227202 0.00798972 0.99971 -0.0254956 0.0 0.0 0.0 1.0
stairs/seq-02/color/frame-000137.color.png stairs/seq-02/color/frame-000140.color.png 0.998255 0.0421689 -0.0413425 0.0254976 -0.042188 0.99911 0.00041214 0.0496967 0.0413231 0.00133272 0.999145 -0.0594594 0.0 0.0 0.0 1.0
stairs/seq-02/color/frame-000138.color.png stairs/seq-02/color/frame-000141.color.png 0.998327 0.0332359 -0.0473037 0.0159883 -0.0333856 0.99944 -0.00237666 0.055275 0.0471982 0.00395194 0.998878 -0.0626866 0.0 0.0 0.0 1.0
stairs/seq-02/color/frame-000139.color.png stairs/seq-02/color/frame-000142.color.png 0.997645 0.039168 -0.056312 0.0348349 -0.0386062 0.999194 0.0110297 0.0265003 0.0566986 -0.00882974 0.998352 -0.0559813 0.0 0.0 0.0 1.0
stairs/seq-02/color/frame-000140.color.png stairs/seq-02/color/frame-000143.color.png 0.998726 0.0224175 -0.0452033 0.0146876 -0.0224816 0.999747 -0.000911612 0.0190443 0.0451714 0.0019267 0.998977 -0.0342688 0.0 0.0 0.0 1.0
stairs/seq-02/color/frame-000141.color.png stairs/seq-02/color/frame-000144.color.png 0.997667 0.0395265 -0.0556626 0.0623119 -0.039691 0.99921 -0.00185263 0.0373716 0.0555455 0.00405761 0.998448 -0.0628226 0.0 0.0 0.0 1.0
stairs/seq-02/color/frame-000142.color.png stairs/seq-02/color/frame-000145.color.png 0.999503 0.016921 -0.0266088 0.0151977 -0.0170186 0.999849 -0.00344634 0.0140142 0.0265464 0.00389747 0.99964 -0.0340948 0.0 0.0 0.0 1.0
stairs/seq-02/color/frame-000143.color.png stairs/seq-02/color/frame-000146.color.png 0.999652 0.0232767 -0.0123864 0.000316978 -0.0233689 0.9997 -0.00735921 0.0230642 0.0122114 0.0076461 0.999896 -0.0172491 0.0 0.0 0.0 1.0
stairs/seq-02/color/frame-000144.color.png stairs/seq-02/color/frame-000147.color.png 0.999841 0.0131836 -0.0119722 0.00292259 -0.0133616 0.9998 -0.0149171 0.0258852 0.0117731 0.0150747 0.999817 -0.0185086 0.0 0.0 0.0 1.0
stairs/seq-02/color/frame-000145.color.png stairs/seq-02/color/frame-000148.color.png 0.999746 0.0148887 -0.0169084 0.00707364 -0.0150965 0.999811 -0.0122303 0.0158628 0.0167231 0.0124824 0.999782 -0.0262198 0.0 0.0 0.0 1.0
stairs/seq-02/color/frame-000146.color.png stairs/seq-02/color/frame-000149.color.png 0.999346 0.0221844 -0.0285525 0.0338148 -0.0224088 0.99972 -0.00756394 0.0217556 0.0283767 0.00819882 0.999564 -0.0459635 0.0 0.0 0.0 1.0
stairs/seq-02/color/frame-000147.color.png stairs/seq-02/color/frame-000150.color.png 0.999716 0.0191082 -0.0142751 -0.0017544 -0.0192785 0.999743 -0.0118885 0.0154009 0.0140442 0.0121603 0.999827 -0.00891619 0.0 0.0 0.0 1.0
stairs/seq-02/color/frame-000148.color.png stairs/seq-02/color/frame-000151.color.png 0.999656 0.0218198 -0.0145661 0.0153242 -0.0220643 0.999615 -0.0168397 0.0252886 0.014193 0.0171553 0.999752 -0.0215643 0.0 0.0 0.0 1.0
stairs/seq-02/color/frame-000149.color.png stairs/seq-02/color/frame-000152.color.png 0.999766 0.0205585 -0.0066769 0.0175296 -0.0207424 0.999371 -0.0287547 0.0471561 0.00608154 0.0288865 0.999564 -0.0039792 0.0 0.0 0.0 1.0
stairs/seq-02/color/frame-000150.color.png stairs/seq-02/color/frame-000153.color.png 0.99977 0.0214627 0.000668626 0.0204201 -0.021451 0.999668 -0.0142454 0.0213086 -0.000974137 0.0142278 0.999898 -0.0183401 0.0 0.0 0.0 1.0
stairs/seq-02/color/frame-000151.color.png stairs/seq-02/color/frame-000154.color.png 0.999768 0.0196017 0.00896694 0.00083375 -0.0195262 0.999774 -0.00842411 0.021363 -0.00913004 0.00824703 0.999924 -0.00560148 0.0 0.0 0.0 1.0
stairs/seq-02/color/frame-000152.color.png stairs/seq-02/color/frame-000155.color.png 0.999937 0.0109948 0.00206927 0.000864208 -0.0109802 0.999916 -0.00694213 0.0177081 -0.00214542 0.00691894 0.999974 0.00218292 0.0 0.0 0.0 1.0
stairs/seq-02/color/frame-000153.color.png stairs/seq-02/color/frame-000156.color.png 0.999872 0.0154921 0.00389161 0.00654715 -0.015499 0.999878 0.00177504 0.00832432 -0.00386366 -0.00183516 0.999991 -0.00308665 0.0 0.0 0.0 1.0
stairs/seq-02/color/frame-000154.color.png stairs/seq-02/color/frame-000157.color.png 0.999823 0.0171967 0.00767219 0.00914735 -0.0172089 0.999851 0.00152758 0.0125938 -0.00764476 -0.00165932 0.999969 0.0135015 0.0 0.0 0.0 1.0
stairs/seq-02/color/frame-000155.color.png stairs/seq-02/color/frame-000158.color.png 0.999769 0.0185958 0.010742 0.00264728 -0.0186286 0.999822 0.00295656 0.00743493 -0.0106851 -0.00315595 0.999938 0.00621266 0.0 0.0 0.0 1.0
stairs/seq-02/color/frame-000156.color.png stairs/seq-02/color/frame-000159.color.png 0.999808 0.0196053 -1.58541e-05 0.026645 -0.0196029 0.999673 -0.0164203 0.0496554 -0.000306078 0.0164174 0.999865 0.0150792 0.0 0.0 0.0 1.0
stairs/seq-02/color/frame-000157.color.png stairs/seq-02/color/frame-000160.color.png 0.999866 0.0144335 0.00774663 0.00117457 -0.0144068 0.99989 -0.00349396 0.00438888 -0.00779622 0.00338189 0.999964 0.0106113 0.0 0.0 0.0 1.0
stairs/seq-02/color/frame-000158.color.png stairs/seq-02/color/frame-000161.color.png 0.999931 0.00824383 0.00839103 0.0101143 -0.00815844 0.999915 -0.0101618 0.00707608 -0.00847411 0.0100927 0.999913 0.00507011 0.0 0.0 0.0 1.0
stairs/seq-02/color/frame-000159.color.png stairs/seq-02/color/frame-000162.color.png 0.999958 -0.009118 0.00127644 0.0188577 0.00913331 0.999879 -0.0125581 -0.00267071 -0.00116179 0.0125692 0.99992 0.00231667 0.0 0.0 0.0 1.0
stairs/seq-02/color/frame-000160.color.png stairs/seq-02/color/frame-000163.color.png 0.9999 -0.00156602 0.0140324 0.00971264 0.00169239 0.999958 -0.00899902 -0.00577247 -0.0140177 0.00902184 0.999861 0.00709449 0.0 0.0 0.0 1.0
stairs/seq-02/color/frame-000161.color.png stairs/seq-02/color/frame-000164.color.png 0.99981 -0.000842776 0.0194987 0.00390482 0.000944652 0.999986 -0.00521643 -0.00308353 -0.019494 0.00523386 0.999796 0.0195547 0.0 0.0 0.0 1.0
stairs/seq-02/color/frame-000162.color.png stairs/seq-02/color/frame-000165.color.png 0.999765 -0.00292807 0.0214808 0.0275506 0.00294217 0.999995 -0.000625339 -8.23364e-05 -0.0214789 0.000688372 0.999769 0.019795 0.0 0.0 0.0 1.0
stairs/seq-02/color/frame-000163.color.png stairs/seq-02/color/frame-000166.color.png 0.999883 -0.00334724 -0.0149385 0.0862793 0.00329943 0.999989 -0.00322382 0.0160799 0.0149491 0.00317416 0.999883 -0.0153022 0.0 0.0 0.0 1.0
stairs/seq-02/color/frame-000164.color.png stairs/seq-02/color/frame-000167.color.png 0.999921 0.00256845 0.0122742 0.0195382 -0.00257529 0.999996 0.00054141 0.00818377 -0.0122727 -0.000573035 0.999925 0.0210055 0.0 0.0 0.0 1.0
stairs/seq-02/color/frame-000165.color.png stairs/seq-02/color/frame-000168.color.png 0.999916 0.00566816 0.0116353 -0.000551462 -0.00565859 0.999984 -0.00085306 -0.00160474 -0.0116399 0.000787152 0.999932 0.0204045 0.0 0.0 0.0 1.0
stairs/seq-02/color/frame-000166.color.png stairs/seq-02/color/frame-000169.color.png 0.999925 0.00587359 0.0107832 0.00518221 -0.00583442 0.999976 -0.00366328 -0.00100136 -0.0108044 0.0036001 0.999935 0.0146973 0.0 0.0 0.0 1.0
stairs/seq-02/color/frame-000167.color.png stairs/seq-02/color/frame-000170.color.png 0.999971 0.00632925 0.00420257 0.00717765 -0.0062949 0.999947 -0.00812494 0.00682992 -0.00425377 0.00809833 0.999958 0.00484173 0.0 0.0 0.0 1.0
stairs/seq-02/color/frame-000168.color.png stairs/seq-02/color/frame-000171.color.png 0.999941 0.0108381 0.00014802 0.00692737 -0.0108372 0.999929 -0.00497965 0.00279319 -0.000201978 0.00497776 0.999988 -0.00358825 0.0 0.0 0.0 1.0
stairs/seq-02/color/frame-000169.color.png stairs/seq-02/color/frame-000172.color.png 0.999713 0.0233713 0.0052377 -8.28505e-06 -0.0233422 0.999712 -0.00554983 0.0137296 -0.0053659 0.00542598 0.999971 0.00492114 0.0 0.0 0.0 1.0
stairs/seq-02/color/frame-000170.color.png stairs/seq-02/color/frame-000173.color.png 0.999817 0.0186289 0.00439282 -0.00801343 -0.0185853 0.99978 -0.00977019 0.0156496 -0.00457386 0.00968676 0.999943 0.00100586 0.0 0.0 0.0 1.0
stairs/seq-02/color/frame-000171.color.png stairs/seq-02/color/frame-000174.color.png 0.999496 0.0310333 0.00669986 -0.0142651 -0.0309533 0.999452 -0.0117337 0.0266332 -0.00706031 0.0115204 0.999909 -0.000480711 0.0 0.0 0.0 1.0
stairs/seq-02/color/frame-000172.color.png stairs/seq-02/color/frame-000175.color.png 0.99969 0.0206453 -0.0139354 0.00558037 -0.0208634 0.999659 -0.0156963 0.0276944 0.0136066 0.0159822 0.99978 -0.0187765 0.0 0.0 0.0 1.0
stairs/seq-02/color/frame-000173.color.png stairs/seq-02/color/frame-000176.color.png 0.998889 0.0356572 -0.0308049 0.0101372 -0.0359503 0.999313 -0.00901569 0.0349721 0.0304623 0.0101131 0.999485 -0.0306525 0.0 0.0 0.0 1.0
stairs/seq-02/color/frame-000174.color.png stairs/seq-02/color/frame-000177.color.png 0.998828 0.0280474 -0.0394353 0.0174909 -0.0283034 0.999582 -0.0059475 0.0289023 0.039252 0.00705671 0.999204 -0.0343812 0.0 0.0 0.0 1.0
