stairs/seq-02/color/frame-000000.color.png stairs/seq-02/color/frame-000002.color.png 0.999994 0.00147556 -0.00312976 0.000870255 -0.001485 0.999994 -0.00301613 0.00173205 0.00312529 0.00302076 0.999991 -0.0036434 0.0 0.0 0.0 1.0
stairs/seq-02/color/frame-000001.color.png stairs/seq-02/color/frame-000003.color.png 0.99999 0.00419684 -0.00123235 -0.000127704 -0.00419756 0.999991 -0.000580404 0.000895769 0.0012299 0.000585572 0.999999 0.00184141 0.0 0.0 0.0 1.0
stairs/seq-02/color/frame-000002.color.png stairs/seq-02/color/frame-000004.color.png 0.999999 0.000689531 0.00139182 -0.000517827 -0.000689317 1.0 -0.000154549 0.000867413 -0.00139193 0.00015359 0.999999 0.000120693 0.0 0.0 0.0 1.0
stairs/seq-02/color/frame-000003.color.png stairs/seq-02/color/frame-000005.color.png 0.999998 -0.00202803 -0.000442083 -0.000120931 0.00202734 0.999997 -0.00154121 0.000102178 0.000445207 0.00154031 0.999999 -0.0043056 0.0 0.0 0.0 1.0
stairs/seq-02/color/frame-000004.color.png stairs/seq-02/color/frame-000006.color.png 0.999971 0.000808892 -0.00763407 0.000552533 -0.000826204 0.999997 -0.00226483 0.00452493 0.00763222 0.00227107 0.999968 0.00202468 0.0 0.0 0.0 1.0
stairs/seq-02/color/frame-000005.color.png stairs/seq-02/color/frame-000007.color.png 0.999941 0.00251394 -0.0105754 0.000757436 -0.00250774 0.999997 0.000600026 0.000972412 0.0105768 -0.000573471 0.999944 0.0016363 0.0 0.0 0.0 1.0
stairs/seq-02/color/frame-000006.color.png stairs/seq-02/color/frame-000008.color.png 0.999987 0.00414827 -0.00281067 -0.000644379 -0.00414242 0.999989 0.00208484 -0.00411219 0.00281929 -0.00207317 0.999994 0.00390028 0.0 0.0 0.0 1.0
stairs/seq-02/color/frame-000007.color.png stairs/seq-02/color/frame-000009.color.png 0.999997 0.0022051 0.000106826 0.000629006 -0.002205 0.999997 -0.000971644 0.000446348 -0.000108968 0.000971406 0.999999 0.00295645 0.0 0.0 0.0 1.0
stairs/seq-02/color/frame-000008.color.png stairs/seq-02/color/frame-000010.color.png 0.999996 -0.0020415 -0.00201541 0.00195842 0.00203614 0.999994 -0.00266222 0.00234265 0.00202084 0.00265811 0.999994 -0.00124285 0.0 0.0 0.0 1.0
stairs/seq-02/color/frame-000009.color.png stairs/seq-02/color/frame-000011.color.png 0.999995 -0.00084275 -0.00298895 0.000431264 0.000835253 0.999996 -0.00250806 0.00254695 0.00299106 0.00250555 0.999992 -0.000349967 0.0 0.0 0.0 1.0
stairs/seq-02/color/frame-000010.color.png stairs/seq-02/color/frame-000012.color.png 0.999997 0.00224049 -0.00124655 -0.00111506 -0.00223944 0.999997 0.000844507 -0.00253249 0.00124844 -0.000841713 0.999999 -0.000299871 0.0 0.0 0.0 1.0
stairs/seq-02/color/frame-000011.color.png stairs/seq-02/color/frame-000013.color.png 0.999995 0.000713018 0.00315613 -0.000767091 -0.000712164 1.0 -0.000272008 -0.00193806 -0.00315633 0.000269758 0.999995 0.00134041 0.0 0.0 0.0 1.0
stairs/seq-02/color/frame-000012.color.png stairs/seq-02/color/frame-000014.color.png 0.999997 -0.00190307 0.00174024 0.000756745 0.00191146 0.999986 -0.00483387 0.00381541 -0.00173102 0.00483718 0.999987 0.000922536 0.0 0.0 0.0 1.0
stairs/seq-02/color/frame-000013.color.png stairs/seq-02/color/frame-000015.color.png 0.999999 5.88648e-05 -0.00162081 -0.000197652 -6.54182e-05 0.999992 -0.00404374 -0.000913136 0.00162056 0.00404385 0.99999 0.0020727 0.0 0.0 0.0 1.0
stairs/seq-02/color/frame-000014.color.png stairs/seq-02/color/frame-000016.color.png 0.999999 0.00097595 -0.000747665 0.000606822 -0.000979113 0.99999 -0.00424306 -0.00183161 0.000743518 0.00424379 0.999991 0.00357569 0.0 0.0 0.0 1.0
stairs/seq-02/color/frame-000015.color.png stairs/seq-02/color/frame-000017.color.png 1.0 0.000325482 -0.000781844 0.00466145 -0.000328821 0.999991 -0.0042745 0.000433432 0.000780443 0.00427476 0.999991 -0.000336744 0.0 0.0 0.0 1.0
stairs/seq-02/color/frame-000016.color.png stairs/seq-02/color/frame-000018.color.png 0.999997 0.000134645 -0.00254115 0.00380513 -0.000147754 0.999987 -0.00515866 0.00208658 0.00254043 0.00515902 0.999983 -0.00175318 0.0 0.0 0.0 1.0
stairs/seq-02/color/frame-000017.color.png stairs/seq-02/color/frame-000019.color.png 0.999977 -0.00120749 -0.00661083 0.00221736 0.001165 0.999979 -0.00642691 0.00279085 0.00661845 0.00641906 0.999958 0.000746227 0.0 0.0 0.0 1.0
stairs/seq-02/color/frame-000018.color.png stairs/seq-02/color/frame-000020.color.png 0.999998 0.000381487 -0.00175302 -0.00145922 -0.000392469 0.99998 -0.00626959 -0.0036509 0.00175059 0.00627027 0.999979 0.00863001 0.0 0.0 0.0 1.0
stairs/seq-02/color/frame-000019.color.png stairs/seq-02/color/frame-000021.color.png 0.999997 0.000190916 0.00251549 -0.00208458 -0.00017792 0.999987 -0.00516597 -0.00448435 -0.00251644 0.00516551 0.999983 0.00656491 0.0 0.0 0.0 1.0
stairs/seq-02/color/frame-000020.color.png stairs/seq-02/color/frame-000022.color.png 0.999995 -0.00229684 -0.00225584 0.00306764 0.00228869 0.999991 -0.00360772 -0.00122285 0.00226411 0.00360254 0.999991 -0.000993431 0.0 0.0 0.0 1.0
stairs/seq-02/color/frame-000021.color.png stairs/seq-02/color/frame-000023.color.png 0.999992 0.00227172 -0.00323574 0.00552523 -0.00227055 0.999997 0.000363764 -0.00279371 0.00323655 -0.000356412 0.999995 -0.000743429 0.0 0.0 0.0 1.0
stairs/seq-02/color/frame-000022.color.png stairs/seq-02/color/frame-000024.color.png 0.999997 -0.00078242 0.0023821 0.00290481 0.000773457 0.999993 0.00376126 -0.00236499 -0.00238503 -0.00375941 0.99999 0.00574199 0.0 0.0 0.0 1.0
stairs/seq-02/color/frame-000023.color.png stairs/seq-02/color/frame-000025.color.png 0.99998 -0.0062803 0.000735877 0.00476597 0.00627826 0.999977 0.00273753 -0.00160301 -0.000753051 -0.00273287 0.999996 0.00573596 0.0 0.0 0.0 1.0
stairs/seq-02/color/frame-000024.color.png stairs/seq-02/color/frame-000026.color.png 0.999994 -0.0025555 -0.00220054 0.00428905 0.0025648 0.999988 0.00423479 -0.00321591 0.00218969 -0.00424041 0.999988 0.0055539 0.0 0.0 0.0 1.0
stairs/seq-02/color/frame-000025.color.png stairs/seq-02/color/frame-000027.color.png 0.999997 -0.00158974 0.00154585 -8.59639e-05 0.0015818 0.999986 0.00512376 -0.00344193 -0.00155398 -0.00512129 0.999986 0.00807238 0.0 0.0 0.0 1.0
stairs/seq-02/color/frame-000026.color.png stairs/seq-02/color/frame-000028.color.png 0.999963 -0.00765431 0.00384708 0.00431457 0.00762186 0.999936 0.00837848 -0.00472959 -0.00391097 -0.00834885 0.999958 0.0151079 0.0 0.0 0.0 1.0
stairs/seq-02/color/frame-000027.color.png stairs/seq-02/color/frame-000029.color.png 0.999974 -0.00656059 0.00296963 0.00865294 0.00653004 0.999927 0.0101825 -0.00661663 -0.00303622 -0.0101629 0.999944 0.0121514 0.0 0.0 0.0 1.0
stairs/seq-02/color/frame-000028.color.png stairs/seq-02/color/frame-000030.color.png 0.999991 -0.00205759 0.00363864 0.00607245 0.00203298 0.999975 0.00675422 -0.0067626 -0.00365244 -0.00674676 0.99997 0.00905923 0.0 0.0 0.0 1.0
stairs/seq-02/color/frame-000029.color.png stairs/seq-02/color/frame-000031.color.png 0.99996 -0.00202202 0.00869959 0.00107691 0.0020039 0.999996 0.00209191 -0.00202091 -0.00870378 -0.0020744 0.99996 0.0151587 0.0 0.0 0.0 1.0
stairs/seq-02/color/frame-000030.color.png stairs/seq-02/color/frame-000032.color.png 0.999948 -0.00308555 0.0097259 0.00366697 0.00305519 0.99999 0.00313487 -0.00324099 -0.00973548 -0.00310499 0.999948 0.0148432 0.0 0.0 0.0 1.0
stairs/seq-02/color/frame-000031.color.png stairs/seq-02/color/frame-000033.color.png 0.999979 -0.00354112 0.0054841 0.00959163 0.00352207 0.999988 0.00348064 -0.00973761 -0.00549635 -0.00346125 0.999979 0.0108357 0.0 0.0 0.0 1.0
stairs/seq-02/color/frame-000032.color.png stairs/seq-02/color/frame-000034.color.png 0.999984 0.000752605 0.00566095 0.00479897 -0.000741461 0.999998 -0.00197042 -0.00325499 -0.00566242 0.00196619 0.999982 0.00723982 0.0 0.0 0.0 1.0
stairs/seq-02/color/frame-000033.color.png stairs/seq-02/color/frame-000035.color.png 0.999962 0.00196392 0.00849353 0.00153043 -0.0019613 0.999998 -0.000317365 -0.00446906 -0.00849414 0.000300694 0.999964 0.00802252 0.0 0.0 0.0 1.0
stairs/seq-02/color/frame-000034.color.png stairs/seq-02/color/frame-000036.color.png 0.999961 0.00341338 0.00817332 0.00422586 -0.0034082 0.999994 -0.000648101 -0.00470461 -0.00817548 0.000620219 0.999966 0.00338338 0.0 0.0 0.0 1.0
stairs/seq-02/color/frame-000035.color.png stairs/seq-02/color/frame-000037.color.png 0.999951 0.00785122 0.0060824 0.012177 -0.00785505 0.999969 0.000605322 -0.00638686 -0.00607745 -0.00065307 0.999981 0.00615907 0.0 0.0 0.0 1.0
stairs/seq-02/color/frame-000036.color.png stairs/seq-02/color/frame-000038.color.png 0.999949 0.00887523 0.00485532 0.0140435 -0.00888945 0.999956 0.00291362 -0.0124704 -0.00482925 -0.00295663 0.999984 0.00892922 0.0 0.0 0.0 1.0
stairs/seq-02/color/frame-000037.color.png stairs/seq-02/color/frame-000039.color.png 0.999967 0.00418346 0.00702295 0.00467617 -0.00417443 0.99999 -0.00129986 -0.00253372 -0.00702832 0.0012705 0.999974 0.00523563 0.0 0.0 0.0 1.0
stairs/seq-02/color/frame-000038.color.png stairs/seq-02/color/frame-000040.color.png 0.999991 -0.00281351 0.00310348 0.00704756 0.00282487 0.999989 -0.00366067 0.00298959 -0.00309314 0.00366941 0.999989 0.0058741 0.0 0.0 0.0 1.0
stairs/seq-02/color/frame-000039.color.png stairs/seq-02/color/frame-000041.color.png 0.99998 -0.00590098 -0.002394 0.0122653 0.00588525 0.999961 -0.00652388 -0.0114122 0.0024324 0.00650965 0.999976 0.0129366 0.0 0.0 0.0 1.0
stairs/seq-02/color/frame-000040.color.png stairs/seq-02/color/frame-000042.color.png 0.999975 -0.00586749 -0.00385749 0.0151806 0.00582902 0.999934 -0.00990709 -0.0108473 0.00391537 0.00988436 0.999943 0.0150628 0.0 0.0 0.0 1.0
stairs/seq-02/color/frame-000041.color.png stairs/seq-02/color/frame-000043.color.png 0.999986 -0.00449581 0.00268568 0.0041663 0.0045114 0.999973 -0.00582893 -0.00589348 -0.0026594 0.00584097 0.999979 0.013943 0.0 0.0 0.0 1.0
stairs/seq-02/color/frame-000042.color.png stairs/seq-02/color/frame-000044.color.png 0.999882 -0.00927832 0.0122751 0.0103135 0.00931941 0.999951 -0.00329361 -0.0141864 -0.012244 0.00340761 0.999919 0.0112303 0.0 0.0 0.0 1.0
stairs/seq-02/color/frame-000043.color.png stairs/seq-02/color/frame-000045.color.png 0.99985 -0.0142537 0.00980282 0.0183122 0.0143098 0.999882 -0.00568171 -0.00857694 -0.00972068 0.00582114 0.999936 0.00872499 0.0 0.0 0.0 1.0
stairs/seq-02/color/frame-000044.color.png stairs/seq-02/color/frame-000046.color.png 0.999954 -0.00839034 0.00471565 0.00810809 0.00839329 0.999965 -0.00060724 -0.0076407 -0.0047104 0.000646791 0.999988 0.00811393 0.0 0.0 0.0 1.0
stairs/seq-02/color/frame-000045.color.png stairs/seq-02/color/frame-000047.color.png 0.999953 -0.00741267 0.0062125 0.00805069 0.00739493 0.999968 0.00287435 -0.0146043 -0.00623361 -0.00282828 0.999977 0.00663436 0.0 0.0 0.0 1.0
stairs/seq-02/color/frame-000046.color.png stairs/seq-02/color/frame-000048.color.png 0.99989 -0.011934 0.00885028 0.00477195 0.0119625 0.999923 -0.00316777 -0.0107645 -0.00881179 0.00327329 0.999956 0.0116047 0.0 0.0 0.0 1.0
stairs/seq-02/color/frame-000047.color.png stairs/seq-02/color/frame-000049.color.png 0.99985 -0.0155557 0.00762098 0.0171252 0.0156193 0.999843 -0.00836044 -0.0107945 -0.00748972 0.00847822 0.999936 0.00167733 0.0 0.0 0.0 1.0
stairs/seq-02/color/frame-000048.color.png stairs/seq-02/color/frame-000050.color.png 0.999887 -0.0139022 0.00564417 0.0154852 0.0139615 0.999846 -0.0106075 -0.00460751 -0.00549584 0.0106851 0.999928 0.000413254 0.0 0.0 0.0 1.0
stairs/seq-02/color/frame-000049.color.png stairs/seq-02/color/frame-000051.color.png 0.999949 -0.00862385 0.00528721 0.00307067 0.0086486 0.999952 -0.0046772 -0.00769744 -0.0052466 0.00472269 0.999975 0.00907581 0.0 0.0 0.0 1.0
stairs/seq-02/color/frame-000050.color.png stairs/seq-02/color/frame-000052.color.png 0.999943 -0.00747087 0.00762667 0.00352891 0.00750641 0.999961 -0.00464243 -0.00987683 -0.00759169 0.00469942 0.99996 0.00933322 0.0 0.0 0.0 1.0
stairs/seq-02/color/frame-000051.color.png stairs/seq-02/color/frame-000053.color.png 0.99997 -0.00666911 0.00390465 0.0063924 0.00669638 0.999953 -0.00701392 0.00158452 -0.0038577 0.00703986 0.999968 0.000976115 0.0 0.0 0.0 1.0
stairs/seq-02/color/frame-000052.color.png stairs/seq-02/color/frame-000054.color.png 0.999924 -0.011935 0.00323125 0.000629947 0.0119447 0.999924 -0.00298188 -0.00274808 -0.00319543 0.00302026 0.99999 0.00469801 0.0 0.0 0.0 1.0
stairs/seq-02/color/frame-000053.color.png stairs/seq-02/color/frame-000055.color.png 0.999938 -0.0105595 0.00354465 0.016413 0.0105283 0.999907 0.00869941 -0.0242091 -0.00363618 -0.00866155 0.999956 -0.00126003 0.0 0.0 0.0 1.0
stairs/seq-02/color/frame-000054.color.png stairs/seq-02/color/frame-000056.color.png 0.999877 -0.0102459 0.0118373 0.0110003 0.0101148 0.999888 0.0110825 -0.0162768 -0.0119495 -0.0109614 0.999868 0.00482918 0.0 0.0 0.0 1.0
stairs/seq-02/color/frame-000055.color.png stairs/seq-02/color/frame-000057.color.png 0.99979 -0.0161493 0.0126253 0.00141828 0.0160797 0.999855 0.00560225 -0.00574004 -0.012714 -0.00539806 0.999905 0.0109985 0.0 0.0 0.0 1.0
stairs/seq-02/color/frame-000056.color.png stairs/seq-02/color/frame-000058.color.png 0.999867 -0.0148715 0.00667814 0.00536883 0.0148604 0.999888 0.00171598 -0.0017153 -0.00670292 -0.00161651 0.999976 0.00295027 0.0 0.0 0.0 1.0
stairs/seq-02/color/frame-000057.color.png stairs/seq-02/color/frame-000059.color.png 0.99992 -0.0116097 0.00496942 0.00347476 0.0115994 0.99993 0.00210292 0.00133973 -0.00499349 -0.00204512 0.999985 0.00754017 0.0 0.0 0.0 1.0
stairs/seq-02/color/frame-000058.color.png stairs/seq-02/color/frame-000060.color.png 0.999892 -0.0142573 0.00351731 0.00126335 0.0142399 0.999886 0.00493149 -0.00883766 -0.0035872 -0.00488087 0.999982 0.00580049 0.0 0.0 0.0 1.0
stairs/seq-02/color/frame-000059.color.png stairs/seq-02/color/frame-000061.color.png 0.999954 -0.00938974 -0.00187079 0.0118926 0.0093955 0.999951 0.00311299 -0.00896865 0.00184147 -0.00313042 0.999993 -0.00202845 0.0 0.0 0.0 1.0
stairs/seq-02/color/frame-000060.color.png stairs/seq-02/color/frame-000062.color.png 0.999966 -0.00706488 0.00415849 0.0151523 0.00704656 0.999965 0.00440329 -0.00942655 -0.00418948 -0.00437384 0.999982 0.0110582 0.0 0.0 0.0 1.0
stairs/seq-02/color/frame-000061.color.png stairs/seq-02/color/frame-000063.color.png 0.999957 -0.00800903 0.00474628 0.0108433 0.0079847 0.999955 0.00512268 -0.00952354 -0.0047871 -0.00508456 0.999976 0.00433747 0.0 0.0 0.0 1.0
stairs/seq-02/color/frame-000062.color.png stairs/seq-02/color/frame-000064.color.png 0.999982 -0.00191096 -0.00565716 0.0127118 0.00191423 0.999998 0.000574666 -0.00179184 0.00565607 -0.000585485 0.999984 -0.0101413 0.0 0.0 0.0 1.0
stairs/seq-02/color/frame-000063.color.png stairs/seq-02/color/frame-000065.color.png 0.999995 0.000998801 -0.00303708 0.00359796 -0.000992374 0.999997 0.00211076 -0.00275891 0.00303919 -0.00210773 0.999993 0.000481471 0.0 0.0 0.0 1.0
stairs/seq-02/color/frame-000064.color.png stairs/seq-02/color/frame-000066.color.png 0.999988 0.00487861 0.00101482 -0.000293598 -0.00488242 0.999981 0.00379209 -0.00853974 -0.000996321 -0.003797 0.999992 0.0103437 0.0 0.0 0.0 1.0
stairs/seq-02/color/frame-000065.color.png stairs/seq-02/color/frame-000067.color.png 0.999997 0.00246412 0.000313456 -0.00185001 -0.00246251 0.999984 -0.0051085 -0.00101954 -0.000326044 0.00510772 0.999987 0.0103768 0.0 0.0 0.0 1.0
stairs/seq-02/color/frame-000066.color.png stairs/seq-02/color/frame-000068.color.png 0.999982 0.0045167 -0.00386806 0.00277944 -0.00453255 0.999981 -0.00409591 0.000183165 0.00384949 0.00411337 0.999984 0.0017975 0.0 0.0 0.0 1.0
stairs/seq-02/color/frame-000067.color.png stairs/seq-02/color/frame-000069.color.png 0.999919 0.00889668 -0.00913427 0.00764212 -0.00897128 0.999927 -0.00815945 0.00119463 0.00906101 0.00824073 0.999925 0.0082902 0.0 0.0 0.0 1.0
stairs/seq-02/color/frame-000068.color.png stairs/seq-02/color/frame-000070.color.png 0.999886 0.00971009 -0.0115591 0.0116661 -0.00981889 0.999908 -0.00939414 -0.00265455 0.0114669 0.00950656 0.999889 0.00883068 0.0 0.0 0.0 1.0
stairs/seq-02/color/frame-000069.color.png stairs/seq-02/color/frame-000071.color.png 0.99987 0.0107155 -0.0120746 0.0190546 -0.010774 0.999931 -0.00478638 -0.00382292 0.0120225 0.00491585 0.999916 -0.000755489 0.0 0.0 0.0 1.0
stairs/seq-02/color/frame-000070.color.png stairs/seq-02/color/frame-000072.color.png 0.999932 0.00738791 -0.00908248 0.0124538 -0.00748999 0.999909 -0.0112576 0.00278591 0.00899846 0.0113249 0.999895 0.00121424 0.0 0.0 0.0 1.0
stairs/seq-02/color/frame-000071.color.png stairs/seq-02/color/frame-000073.color.png 0.999913 0.0104546 -0.00800431 0.0129333 -0.0105198 0.999912 -0.00814258 0.000197336 0.00791849 0.00822607 0.999935 -0.00347847 0.0 0.0 0.0 1.0
stairs/seq-02/color/frame-000072.color.png stairs/seq-02/color/frame-000074.color.png 0.9999 0.0140728 -0.0010557 0.00826195 -0.0140782 0.999887 -0.00536795 -9.83179e-05 0.000980041 0.00538228 0.999985 0.00640382 0.0 0.0 0.0 1.0
stairs/seq-02/color/frame-000073.color.png stairs/seq-02/color/frame-000075.color.png 0.999849 0.0158837 -0.00708517 0.0187861 -0.0159649 0.999806 -0.0115685 -0.00655824 0.00690004 0.0116799 0.999908 -0.00225623 0.0 0.0 0.0 1.0
stairs/seq-02/color/frame-000074.color.png stairs/seq-02/color/frame-000076.color.png 0.999822 0.0176071 -0.00684791 0.0201136 -0.0177181 0.999707 -0.0165036 0.0022532 0.00655532 0.016622 0.99984 0.00101219 0.0 0.0 0.0 1.0
stairs/seq-02/color/frame-000075.color.png stairs/seq-02/color/frame-000077.color.png 0.999958 0.00813387 -0.00434337 0.0170169 -0.00817067 0.99993 -0.00851844 0.00354138 0.00427378 0.00855357 0.999954 -0.00306877 0.0 0.0 0.0 1.0
stairs/seq-02/color/frame-000076.color.png stairs/seq-02/color/frame-000078.color.png 0.999985 0.00521515 -0.00188787 0.0101121 -0.00522952 0.999957 -0.00769336 0.00205977 0.00184767 0.00770311 0.999969 0.000653177 0.0 0.0 0.0 1.0
stairs/seq-02/color/frame-000077.color.png stairs/seq-02/color/frame-000079.color.png 0.999957 0.00925149 -0.000505857 0.0168695 -0.00925467 0.999935 -0.00669149 0.00211501 0.000443919 0.00669588 0.999977 -0.00222291 0.0 0.0 0.0 1.0
stairs/seq-02/color/frame-000078.color.png stairs/seq-02/color/frame-000080.color.png 0.999973 0.00699668 -0.00200012 0.0231598 -0.00700515 0.999966 -0.00425701 0.00257431 0.00197026 0.00427092 0.999989 -0.00782739 0.0 0.0 0.0 1.0
stairs/seq-02/color/frame-000079.color.png stairs/seq-02/color/frame-000081.color.png 0.999968 0.00787798 0.00155572 0.0175429 -0.00786268 0.999923 -0.00960164 0.0132297 -0.00163124 0.0095891 0.999953 0.00829649 0.0 0.0 0.0 1.0
stairs/seq-02/color/frame-000080.color.png stairs/seq-02/color/frame-000082.color.png 0.999942 0.0107524 -0.000708573 0.0224432 -0.0107557 0.99993 -0.00497322 0.00973099 0.000655059 0.00498055 0.999987 0.000230789 0.0 0.0 0.0 1.0
stairs/seq-02/color/frame-000081.color.png stairs/seq-02/color/frame-000083.color.png 0.999973 0.00644643 -0.00350462 0.0221528 -0.00645316 0.999977 -0.00190955 0.00431328 0.00349223 0.00193208 0.999992 -0.0014234 0.0 0.0 0.0 1.0
stairs/seq-02/color/frame-000082.color.png stairs/seq-02/color/frame-000084.color.png 0.999993 0.00358452 -0.000622883 0.0168027 -0.00358812 0.999977 -0.00585498 0.0108556 0.000601877 0.00585719 0.999983 0.0023327 0.0 0.0 0.0 1.0
stairs/seq-02/color/frame-000083.color.png stairs/seq-02/color/frame-000085.color.png 0.999988 0.00349753 0.0033763 0.013469 -0.00350397 0.999992 0.00190402 -0.00339964 -0.00336962 -0.00191579 0.999992 0.00202391 0.0 0.0 0.0 1.0
stairs/seq-02/color/frame-000084.color.png stairs/seq-02/color/frame-000086.color.png 0.999975 0.00262054 0.00653089 0.0179415 -0.0026022 0.999993 -0.00281517 0.0049196 -0.00653822 0.0027981 0.999975 0.00799768 0.0 0.0 0.0 1.0
stairs/seq-02/color/frame-000085.color.png stairs/seq-02/color/frame-000087.color.png 0.999968 0.00259699 0.0075818 0.0159046 -0.00254717 0.999975 -0.00657261 0.018152 -0.00759868 0.00655305 0.99995 0.00990836 0.0 0.0 0.0 1.0
stairs/seq-02/color/frame-000086.color.png stairs/seq-02/color/frame-000088.color.png 0.999954 0.000213816 0.00959635 -0.000732332 -0.000232759 0.999998 0.00197325 0.00231346 -0.00959592 -0.00197538 0.999952 0.00502181 0.0 0.0 0.0 1.0
stairs/seq-02/color/frame-000087.color.png stairs/seq-02/color/frame-000089.color.png 0.999996 0.00261616 0.00129322 0.0141386 -0.00262102 0.999989 0.00376853 0.000140831 -0.00128335 -0.00377189 0.999992 -0.0047946 0.0 0.0 0.0 1.0
stairs/seq-02/color/frame-000088.color.png stairs/seq-02/color/frame-000090.color.png 0.999997 -0.00192131 -0.00169879 0.0256916 0.00191695 0.999995 -0.00256146 0.01701 0.0017037 0.00255818 0.999995 0.00345322 0.0 0.0 0.0 1.0
stairs/seq-02/color/frame-000089.color.png stairs/seq-02/color/frame-000091.color.png 0.99997 0.00275269 0.00717384 0.0161282 -0.00274918 0.999996 -0.000498962 0.0200746 -0.00717517 0.000479225 0.999974 0.00707076 0.0 0.0 0.0 1.0
stairs/seq-02/color/frame-000090.color.png stairs/seq-02/color/frame-000092.color.png 0.999971 -0.00161251 -0.00741616 0.0386723 0.00171127 0.99991 0.0133302 -0.0170728 0.00739399 -0.0133425 0.999884 -0.0181213 0.0 0.0 0.0 1.0
stairs/seq-02/color/frame-000091.color.png stairs/seq-02/color/frame-000093.color.png 0.999925 -0.00704684 -0.010013 0.0320004 0.0071393 0.999932 0.00922795 -0.0197257 0.00994734 -0.00929875 0.999907 -0.0184079 0.0 0.0 0.0 1.0
stairs/seq-02/color/frame-000092.color.png stairs/seq-02/color/frame-000094.color.png 0.999998 -0.000800789 0.00165044 0.010101 0.000805291 0.999996 -0.00273594 0.0126893 -0.00164824 0.00273728 0.999995 0.0120268 0.0 0.0 0.0 1.0
stairs/seq-02/color/frame-000093.color.png stairs/seq-02/color/frame-000095.color.png 0.99996 0.00180687 0.00877862 -0.000215381 -0.00180829 0.999998 0.000155535 0.0107639 -0.00877834 -0.000171386 0.999961 0.0189122 0.0 0.0 0.0 1.0
stairs/seq-02/color/frame-000094.color.png stairs/seq-02/color/frame-000096.color.png 0.999983 0.00514449 0.0026365 0.0110325 -0.0051583 0.999973 0.00525966 -0.000495255 -0.00260937 -0.00527318 0.999983 -0.00487404 0.0 0.0 0.0 1.0
stairs/seq-02/color/frame-000095.color.png stairs/seq-02/color/frame-000097.color.png 0.999979 0.00339474 -0.00555067 0.0233465 -0.00338267 0.999992 0.00218389 0.00515322 0.00555804 -0.00216507 0.999982 -0.0103618 0.0 0.0 0.0 1.0
stairs/seq-02/color/frame-000096.color.png stairs/seq-02/color/frame-000098.color.png 0.999998 0.00193609 -0.000846312 0.0171385 -0.00193494 0.999997 0.00136067 0.0140439 0.000848927 -0.00135902 0.999999 -0.00159103 0.0 0.0 0.0 1.0
stairs/seq-02/color/frame-000097.color.png stairs/seq-02/color/frame-000099.color.png 0.999994 0.000769428 0.00344859 0.00937441 -0.000780132 0.999995 0.00310586 0.00731306 -0.00344618 -0.00310854 0.999989 0.0106871 0.0 0.0 0.0 1.0
stairs/seq-02/color/frame-000098.color.png stairs/seq-02/color/frame-000100.color.png 0.999991 -0.000375681 0.00423782 -0.00130635 0.000380672 0.999999 -0.00117788 0.00720776 -0.00423736 0.00117949 0.99999 0.00978822 0.0 0.0 0.0 1.0
stairs/seq-02/color/frame-000099.color.png stairs/seq-02/color/frame-000101.color.png 0.999948 -0.00371764 -0.00946871 0.0262642 0.00378346 0.999969 0.00694264 -0.00541175 0.0094426 -0.00697811 0.999931 -0.0130686 0.0 0.0 0.0 1.0
stairs/seq-02/color/frame-000100.color.png stairs/seq-02/color/frame-000102.color.png 0.999745 -0.0045154 -0.0221051 0.0523161 0.00478181 0.999916 0.0120142 -0.0246947 0.022049 -0.0121168 0.999683 -0.0225833 0.0 0.0 0.0 1.0
stairs/seq-02/color/frame-000101.color.png stairs/seq-02/color/frame-000103.color.png 0.999923 -0.000751936 -0.012414 0.0354473 0.000741607 0.999999 -0.000836372 -0.00377607 0.0124146 0.000827099 0.999923 -0.0109635 0.0 0.0 0.0 1.0
stairs/seq-02/color/frame-000102.color.png stairs/seq-02/color/frame-000104.color.png 0.999968 -0.00521465 0.00610345 0.000934541 0.00523284 0.999982 -0.00296824 -0.000126891 -0.00608787 0.00300011 0.999977 0.011085 0.0 0.0 0.0 1.0
stairs/seq-02/color/frame-000103.color.png stairs/seq-02/color/frame-000105.color.png 0.999969 -0.00548973 0.00572091 0.000670701 0.00549749 0.999984 -0.00134187 -0.00142446 -0.00571345 0.00137328 0.999983 0.0123119 0.0 0.0 0.0 1.0
stairs/seq-02/color/frame-000104.color.png stairs/seq-02/color/frame-000106.color.png 0.999998 -0.000199942 0.00199282 0.00674045 0.00020254 0.999999 -0.00130287 0.00511323 -0.00199255 0.00130327 0.999997 0.00365186 0.0 0.0 0.0 1.0
stairs/seq-02/color/frame-000105.color.png stairs/seq-02/color/frame-000107.color.png 0.999996 2.50942e-05 0.0028014 0.00208405 -2.65053e-05 1.0 0.000506282 0.00133245 -0.00280138 -0.000506357 0.999996 0.00855853 0.0 0.0 0.0 1.0
stairs/seq-02/color/frame-000106.color.png stairs/seq-02/color/frame-000108.color.png 0.999954 -0.00720459 0.00632171 -0.000347853 0.00720361 0.999974 0.000176655 -0.0058872 -0.00632282 -0.000131098 0.99998 0.0162238 0.0 0.0 0.0 1.0
stairs/seq-02/color/frame-000107.color.png stairs/seq-02/color/frame-000109.color.png 0.999901 -0.0104333 0.00945579 -0.00194398 0.0104568 0.999942 -0.00244144 -0.00591914 -0.00942977 0.00254007 0.999952 0.0176952 0.0 0.0 0.0 1.0
stairs/seq-02/color/frame-000108.color.png stairs/seq-02/color/frame-000110.color.png 0.999947 -0.00803167 0.00648993 -0.000952035 0.0080631 0.999956 -0.00483076 0.00183201 -0.00645083 0.00488282 0.999967 0.0110376 0.0 0.0 0.0 1.0
stairs/seq-02/color/frame-000109.color.png stairs/seq-02/color/frame-000111.color.png 0.999879 -0.0131057 0.0083655 0.00752863 0.0130708 0.999906 0.0042067 -0.0126802 -0.00841984 -0.00409684 0.999956 0.0130407 0.0 0.0 0.0 1.0
stairs/seq-02/color/frame-000110.color.png stairs/seq-02/color/frame-000112.color.png 0.999852 -0.0154996 0.00740406 0.0134734 0.0154641 0.999869 0.00483485 -0.00921471 -0.00747802 -0.00471963 0.999961 0.00744912 0.0 0.0 0.0 1.0
stairs/seq-02/color/frame-000111.color.png stairs/seq-02/color/frame-000113.color.png 0.999936 -0.0112619 -0.000487438 0.0222531 0.0112627 0.999935 0.00167387 0.000856206 0.000468558 -0.00167926 0.999999 0.00254622 0.0 0.0 0.0 1.0
stairs/seq-02/color/frame-000112.color.png stairs/seq-02/color/frame-000114.color.png 0.999615 -0.0213687 0.017727 -0.0102695 0.0211773 0.999716 0.0109167 -0.0118777 -0.0179553 -0.0105371 0.999783 0.0210323 0.0 0.0 0.0 1.0
stairs/seq-02/color/frame-000113.color.png stairs/seq-02/color/frame-000115.color.png 0.999675 -0.0219724 0.0129281 -0.00281411 0.0218305 0.999701 0.0110151 -0.00753093 -0.0131663 -0.0107293 0.999856 0.0155006 0.0 0.0 0.0 1.0
stairs/seq-02/color/frame-000114.color.png stairs/seq-02/color/frame-000116.color.png 0.999883 -0.00470473 0.0145759 0.0080947 0.00450718 0.999898 0.0135562 -0.00280178 -0.0146382 -0.0134889 0.999802 0.0125759 0.0 0.0 0.0 1.0
stairs/seq-02/color/frame-000115.color.png stairs/seq-02/color/frame-000117.color.png 0.999443 -0.0088404 0.0321837 -0.0103242 0.00843634 0.999884 0.0126687 -0.0129959 -0.032292 -0.0123901 0.999402 0.0318811 0.0 0.0 0.0 1.0
stairs/seq-02/color/frame-000116.color.png stairs/seq-02/color/frame-000118.color.png 0.998447 -0.0299813 0.0469527 -0.0377814 0.0294818 0.999501 0.0112946 -0.0384915 -0.0472679 -0.00989283 0.998833 0.0328213 0.0 0.0 0.0 1.0
stairs/seq-02/color/frame-000117.color.png stairs/seq-02/color/frame-000119.color.png 0.999312 -0.0288265 0.0233243 -0.0187696 0.0285349 0.999512 0.0127378 -0.0517059 -0.0236801 -0.0120634 0.999647 0.0118699 0.0 0.0 0.0 1.0
stairs/seq-02/color/frame-000118.color.png stairs/seq-02/color/frame-000120.color.png 0.999968 -0.0079499 0.000924362 -0.00950462 0.0079512 0.999967 -0.00139283 -0.0171868 -0.000913253 0.00140013 0.999999 0.00434493 0.0 0.0 0.0 1.0
stairs/seq-02/color/frame-000119.color.png stairs/seq-02/color/frame-000121.color.png 0.999997 0.00154648 -0.00175509 0.00618511 -0.00157542 0.999861 -0.0166238 0.0299629 0.00172912 0.0166265 0.99986 0.0048614 0.0 0.0 0.0 1.0
stairs/seq-02/color/frame-000120.color.png stairs/seq-02/color/frame-000122.color.png 0.999988 -0.00474981 -0.000950432 0.0237779 0.00474728 0.999985 -0.00264522 0.0168651 0.000962979 0.00264067 0.999996 -0.0044992 0.0 0.0 0.0 1.0
stairs/seq-02/color/frame-000121.color.png stairs/seq-02/color/frame-000123.color.png 0.999869 -0.0128708 -0.00982872 0.031341 0.0129114 0.999908 0.00408158 0.00294952 0.00977528 -0.00420795 0.999943 -0.0143931 0.0 0.0 0.0 1.0
stairs/seq-02/color/frame-000122.color.png stairs/seq-02/color/frame-000124.color.png 0.999994 -0.00175462 -0.00308516 0.000401169 0.00177937 0.999966 0.00802998 -0.00294893 0.00307097 -0.00803543 0.999963 -0.0010436 0.0 0.0 0.0 1.0
stairs/seq-02/color/frame-000123.color.png stairs/seq-02/color/frame-000125.color.png 0.999985 0.00190018 -0.00513729 0.00680017 -0.00186824 0.999979 0.00621769 -0.0038315 0.005149 -0.006208 0.999967 -0.00100455 0.0 0.0 0.0 1.0
stairs/seq-02/color/frame-000124.color.png stairs/seq-02/color/frame-000126.color.png 0.999988 0.00111556 -0.00483526 0.00469577 -0.0011197 0.999999 -0.00084431 -0.00594928 0.00483428 0.000849732 0.999988 -0.00497125 0.0 0.0 0.0 1.0
stairs/seq-02/color/frame-000125.color.png stairs/seq-02/color/frame-000127.color.png 0.999967 0.00709734 -0.0040537 -0.00305253 -0.0071215 0.999957 -0.0059825 0.00820138 0.00401106 0.00601116 0.999974 -0.00589602 0.0 0.0 0.0 1.0
stairs/seq-02/color/frame-000126.color.png stairs/seq-02/color/frame-000128.color.png 0.999911 0.0100375 -0.00876952 -0.00266981 -0.0100957 0.999927 -0.00661616 0.0170025 0.00870248 0.0067041 0.99994 -0.00598919 0.0 0.0 0.0 1.0
stairs/seq-02/color/frame-000127.color.png stairs/seq-02/color/frame-000129.color.png 0.999828 0.0107255 -0.0151208 0.0121726 -0.0107399 0.999942 -0.000870782 0.00907048 0.0151106 0.00103303 0.999885 -0.0142494 0.0 0.0 0.0 1.0
stairs/seq-02/color/frame-000128.color.png stairs/seq-02/color/frame-000130.color.png 0.999783 0.0169707 -0.0120434 0.0076263 -0.0169918 0.999854 -0.00165081 0.0093096 0.0120137 0.0018551 0.999926 -0.0107706 0.0 0.0 0.0 1.0
stairs/seq-02/color/frame-000129.color.png stairs/seq-02/color/frame-000131.color.png 0.999734 0.0219525 -0.00701737 0.00610179 -0.0219833 0.999749 -0.00434895 0.023804 0.00692013 0.00450206 0.999966 -0.0135729 0.0 0.0 0.0 1.0
stairs/seq-02/color/frame-000130.color.png stairs/seq-02/color/frame-000132.color.png 0.999669 0.0188751 -0.0175018 0.029411 -0.0188828 0.999822 -0.000279723 0.0228518 0.0174934 0.000610113 0.999847 -0.0192793 0.0 0.0 0.0 1.0
stairs/seq-02/color/frame-000131.color.png stairs/seq-02/color/frame-000133.color.png 0.999597 0.0173173 -0.0224804 0.0284876 -0.0174682 0.999826 -0.00653306 0.0252543 0.0223634 0.00692312 0.999726 -0.0122654 0.0 0.0 0.0 1.0
stairs/seq-02/color/frame-000132.color.png stairs/seq-02/color/frame-000134.color.png 0.999286 0.035943 -0.0116619 0.00950855 -0.0360401 0.999317 -0.00822779 0.0414568 0.0113582 0.00864222 0.999898 -0.0205202 0.0 0.0 0.0 1.0
stairs/seq-02/color/frame-000133.color.png stairs/seq-02/color/frame-000135.color.png 0.999411 0.0337893 -0.00598707 -0.00947982 -0.0338195 0.999415 -0.00503065 0.0357517 0.00581359 0.00523017 0.99997 -0.0267048 0.0 0.0 0.0 1.0
stairs/seq-02/color/frame-000134.color.png stairs/seq-02/color/frame-000136.color.png 0.999116 0.0373168 -0.0193866 -0.017937 -0.0374857 0.999262 -0.00842447 0.052949 0.0190579 0.00914372 0.999777 -0.0221832 0.0 0.0 0.0 1.0
stairs/seq-02/color/frame-000135.color.png stairs/seq-02/color/frame-000137.color.png 0.998485 0.0429579 -0.0343807 0.0183344 -0.0430376 0.999072 -0.00158169 0.0455977 0.0342809 0.00305895 0.999408 -0.0312565 0.0 0.0 0.0 1.0
stairs/seq-02/color/frame-000136.color.png stairs/seq-02/color/frame-000138.color.png 0.999105 0.0185916 -0.037994 0.0564317 -0.0187391 0.999818 -0.00352992 0.0197234 0.0379215 0.00423873 0.999272 -0.0278704 0.0 0.0 0.0 1.0
stairs/seq-02/color/frame-000137.color.png stairs/seq-02/color/frame-000139.color.png 0.999504 0.0273774 -0.0155319 -0.00605363 -0.0273662 0.999625 0.000933705 0.0286992 0.0155516 -0.000508191 0.999879 -0.0346136 0.0 0.0 0.0 1.0
stairs/seq-02/color/frame-000138.color.png stairs/seq-02/color/frame-000140.color.png 0.999316 0.0315865 -0.0192121 -0.0150399 -0.031428 0.99947 0.00850109 0.027841 0.0194704 -0.00789147 0.999779 -0.0473678 0.0 0.0 0.0 1.0
stairs/seq-02/color/frame-000139.color.png stairs/seq-02/color/frame-000141.color.png 0.999404 0.0156532 -0.0307785 0.00401789 -0.0156173 0.999877 0.00140339 0.0184584 0.0307967 -0.000921873 0.999525 -0.0307444 0.0 0.0 0.0 1.0
stairs/seq-02/color/frame-000140.color.png stairs/seq-02/color/frame-000142.color.png 0.999144 0.0278655 -0.0305833 0.00452995 -0.0277592 0.999607 0.00389392 0.0219545 0.0306798 -0.00304162 0.999525 -0.0211619 0.0 0.0 0.0 1.0
stairs/seq-02/color/frame-000141.color.png stairs/seq-02/color/frame-000143.color.png 0.999132 0.0204842 -0.036275 0.0311344 -0.0204309 0.99979 0.00184083 0.00827231 0.0363051 -0.00109809 0.99934 -0.0324634 0.0 0.0 0.0 1.0
stairs/seq-02/color/frame-000142.color.png stairs/seq-02/color/frame-000144.color.png 0.999257 0.0155689 -0.0352696 0.0385725 -0.0157868 0.999858 -0.00590664 0.0195889 0.0351726 0.00645903 0.99936 -0.0390226 0.0 0.0 0.0 1.0
stairs/seq-02/color/frame-000143.color.png stairs/seq-02/color/frame-000145.color.png 0.999596 0.0176111 -0.022307 0.0246035 -0.0178103 0.999803 -0.00876375 0.0330995 0.0221483 0.0091575 0.999713 -0.0151691 0.0 0.0 0.0 1.0
stairs/seq-02/color/frame-000144.color.png stairs/seq-02/color/frame-000146.color.png 0.99996 0.00851457 0.00285466 -0.00988078 -0.00850407 0.999957 -0.00366736 -0.000328056 -0.00288577 0.00364294 0.999989 -0.00734846 0.0 0.0 0.0 1.0
stairs/seq-02/color/frame-000145.color.png stairs/seq-02/color/frame-000147.color.png 0.999878 0.0106927 -0.0113882 0.0042603 -0.0108503 0.999845 -0.0138701 0.0235977 0.0112381 0.013992 0.999839 -0.0187044 0.0 0.0 0.0 1.0
stairs/seq-02/color/frame-000146.color.png stairs/seq-02/color/frame-000148.color.png 0.999732 0.011345 -0.0201743 0.0163843 -0.0115214 0.999896 -0.00864776 0.019256 0.0200741 0.00887789 0.999759 -0.020772 0.0 0.0 0.0 1.0
stairs/seq-02/color/frame-000147.color.png stairs/seq-02/color/frame-000149.color.png 0.99991 0.00840208 -0.0104113 0.00546545 -0.00845217 0.999953 -0.00477502 0.00578097 0.0103707 0.00486259 0.999934 -0.0139002 0.0 0.0 0.0 1.0
stairs/seq-02/color/frame-000148.color.png stairs/seq-02/color/frame-000150.color.png 0.999727 0.018073 -0.0148261 0.011754 -0.0181245 0.99983 -0.00335123 0.00137138 0.014763 0.00361903 0.999884 -0.00973884 0.0 0.0 0.0 1.0
stairs/seq-02/color/frame-000149.color.png stairs/seq-02/color/frame-000151.color.png 0.999886 0.0135503 -0.00669811 0.00254029 -0.0136426 0.99981 -0.0139301 0.0147287 0.00650809 0.0140198 0.999881 -0.00883015 0.0 0.0 0.0 1.0
stairs/seq-02/color/frame-000150.color.png stairs/seq-02/color/frame-000152.color.png 0.999878 0.0154278 -0.00260832 0.0270109 -0.0154742 0.999703 -0.0188183 0.033976 0.00231722 0.0188563 0.99982 -0.00975151 0.0 0.0 0.0 1.0
stairs/seq-02/color/frame-000151.color.png stairs/seq-02/color/frame-000153.color.png 0.999852 0.0167979 0.00375919 0.0111638 -0.0167767 0.999844 -0.0055883 0.0122206 -0.0038525 0.00552442 0.999977 -0.00764899 0.0 0.0 0.0 1.0
stairs/seq-02/color/frame-000152.color.png stairs/seq-02/color/frame-000154.color.png 0.999974 0.00716143 0.000888996 0.00101471 -0.00715356 0.999938 -0.00856518 0.0202149 -0.000950277 0.00855858 0.999963 -0.00866986 0.0 0.0 0.0 1.0
stairs/seq-02/color/frame-000153.color.png stairs/seq-02/color/frame-000155.color.png 0.999925 0.0110645 0.00521969 -0.000816703 -0.0110759 0.999936 0.00216091 0.00610753 -0.00519544 -0.00221855 0.999984 -0.000447042 0.0 0.0 0.0 1.0
stairs/seq-02/color/frame-000154.color.png stairs/seq-02/color/frame-000156.color.png 0.999969 0.007668 0.00177159 0.00383186 -0.00766395 0.999968 -0.00227531 0.00937191 -0.00178898 0.00226168 0.999996 0.00355174 0.0 0.0 0.0 1.0
stairs/seq-02/color/frame-000155.color.png stairs/seq-02/color/frame-000157.color.png 0.999825 0.0184644 -0.00305567 0.0314666 -0.0184881 0.999798 -0.00792455 0.0329645 0.00290875 0.00797963 0.999964 0.0116165 0.0 0.0 0.0 1.0
stairs/seq-02/color/frame-000156.color.png stairs/seq-02/color/frame-000158.color.png 0.999873 0.0112186 0.011343 -0.00455183 -0.0112265 0.999937 0.000629993 0.00741499 -0.0113352 -0.000757265 0.999936 0.0167453 0.0 0.0 0.0 1.0
stairs/seq-02/color/frame-000157.color.png stairs/seq-02/color/frame-000159.color.png 0.999933 0.0112812 0.00274222 0.00624096 -0.0112661 0.999922 -0.00546452 0.0154331 -0.00280364 0.00543328 0.999981 0.00119986 0.0 0.0 0.0 1.0
stairs/seq-02/color/frame-000158.color.png stairs/seq-02/color/frame-000160.color.png 0.99986 0.0140181 0.00914365 -0.00501794 -0.0140441 0.999897 0.00278397 -0.00727893 -0.00910369 -0.00291202 0.999954 0.0112758 0.0 0.0 0.0 1.0
stairs/seq-02/color/frame-000159.color.png stairs/seq-02/color/frame-000161.color.png 0.999982 -0.00157698 0.00577908 0.00606775 0.00160126 0.99999 -0.00420799 -0.0122355 -0.0057724 0.00421715 0.999974 0.00364039 0.0 0.0 0.0 1.0
stairs/seq-02/color/frame-000160.color.png stairs/seq-02/color/frame-000162.color.png 0.999974 -0.00518975 0.00508215 0.00576532 0.00525351 0.999907 -0.0126132 0.00776571 -0.00501621 0.0126396 0.999907 0.00558194 0.0 0.0 0.0 1.0
stairs/seq-02/color/frame-000161.color.png stairs/seq-02/color/frame-000163.color.png 0.999926 -0.00664168 0.0102077 0.00172609 0.0067428 0.999928 -0.009901 0.00497815 -0.0101412 0.00996908 0.999899 0.015771 0.0 0.0 0.0 1.0
stairs/seq-02/color/frame-000162.color.png stairs/seq-02/color/frame-000164.color.png 0.999816 7.41079e-05 0.0191625 -0.00224596 5.36678e-05 0.999978 -0.00666774 0.00345058 -0.0191626 0.00666754 0.999794 0.021533 0.0 0.0 0.0 1.0
stairs/seq-02/color/frame-000163.color.png stairs/seq-02/color/frame-000165.color.png 0.999813 -0.000928696 0.0193377 0.00948328 0.000903657 0.999999 0.00130499 0.00323886 -0.0193388 -0.00128728 0.999812 0.0194431 0.0 0.0 0.0 1.0
stairs/seq-02/color/frame-000164.color.png stairs/seq-02/color/frame-000166.color.png 0.999943 -0.00564879 -0.00907654 0.0570934 0.00563542 0.999983 -0.0015004 0.015644 0.00908485 0.00144919 0.999958 -0.0124623 0.0 0.0 0.0 1.0
stairs/seq-02/color/frame-000165.color.png stairs/seq-02/color/frame-000167.color.png 0.999905 0.00510918 0.0128265 -0.0122043 -0.00514259 0.999983 0.00257085 -0.00360392 -0.0128132 -0.00263655 0.999914 0.0181586 0.0 0.0 0.0 1.0
stairs/seq-02/color/frame-000166.color.png stairs/seq-02/color/frame-000168.color.png 0.999948 0.00608382 0.00823386 0.00577575 -0.00606402 0.999979 -0.00242644 0.00179522 -0.00824846 0.00237637 0.999963 0.0176696 0.0 0.0 0.0 1.0
stairs/seq-02/color/frame-000167.color.png stairs/seq-02/color/frame-000169.color.png 0.999997 0.00237443 -0.000169418 0.0160924 -0.00237512 0.999989 -0.00408401 0.000518817 0.000159715 0.0040844 0.999992 -0.00346436 0.0 0.0 0.0 1.0
stairs/seq-02/color/frame-000168.color.png stairs/seq-02/color/frame-000170.color.png 0.999987 0.0050192 0.000977918 0.00319791 -0.00501063 0.999951 -0.00858242 0.0113543 -0.00102094 0.00857741 0.999963 0.00151288 0.0 0.0 0.0 1.0
stairs/seq-02/color/frame-000169.color.png stairs/seq-02/color/frame-000171.color.png 0.99997 0.00671899 -0.00392834 0.00857657 -0.00674862 0.999948 -0.00758326 0.0105659 0.00387719 0.00760952 0.999964 0.0012974 0.0 0.0 0.0 1.0
stairs/seq-02/color/frame-000170.color.png stairs/seq-02/color/frame-000172.color.png 0.999786 0.0188971 0.00844981 -0.00846314 -0.0188791 0.999819 -0.00220973 0.00824262 -0.00849005 0.00204971 0.999962 0.00481493 0.0 0.0 0.0 1.0
stairs/seq-02/color/frame-000171.color.png stairs/seq-02/color/frame-000173.color.png 0.999867 0.0161423 0.00232434 -0.0014568 -0.0161257 0.999845 -0.00699243 0.0135851 -0.00243688 0.00695402 0.999973 -0.0028493 0.0 0.0 0.0 1.0
stairs/seq-02/color/frame-000172.color.png stairs/seq-02/color/frame-000174.color.png 0.999818 0.0177519 -0.00697291 0.00659126 -0.0178159 0.999799 -0.00922953 0.0174473 0.00680766 0.00935209 0.999933 -0.0151846 0.0 0.0 0.0 1.0
stairs/seq-02/color/frame-000173.color.png stairs/seq-02/color/frame-000175.color.png 0.999792 0.0182764 -0.00908971 0.00406766 -0.0183371 0.99981 -0.00663638 0.0183391 0.00896668 0.00680168 0.999937 -0.0215955 0.0 0.0 0.0 1.0
