stairs/seq-02/color/frame-000000.color.png stairs/seq-02/color/frame-000002.color.png 0.999994 0.00147556 -0.00312976 0.000870255 -0.001485 0.999994 -0.00301613 0.00173205 0.00312529 0.00302076 0.999991 -0.0036434 0.0 0.0 0.0 1.0
stairs/seq-02/color/frame-000002.color.png stairs/seq-02/color/frame-000004.color.png 0.999999 0.000689531 0.00139182 -0.000517827 -0.000689317 1.0 -0.000154549 0.000867413 -0.00139193 0.00015359 0.999999 0.000120693 0.0 0.0 0.0 1.0
stairs/seq-02/color/frame-000004.color.png stairs/seq-02/color/frame-000006.color.png 0.999971 0.000808892 -0.00763407 0.000552533 -0.000826204 0.999997 -0.00226483 0.00452493 0.00763222 0.00227107 0.999968 0.00202468 0.0 0.0 0.0 1.0
stairs/seq-02/color/frame-000006.color.png stairs/seq-02/color/frame-000008.color.png 0.999987 0.00414827 -0.00281067 -0.000644379 -0.00414242 0.999989 0.00208484 -0.00411219 0.00281929 -0.00207317 0.999994 0.00390028 0.0 0.0 0.0 1.0
stairs/seq-02/color/frame-000008.color.png stairs/seq-02/color/frame-000010.color.png 0.999996 -0.0020415 -0.00201541 0.00195842 0.00203614 0.999994 -0.00266222 0.00234265 0.00202084 0.00265811 0.999994 -0.00124285 0.0 0.0 0.0 1.0
stairs/seq-02/color/frame-000010.color.png stairs/seq-02/color/frame-000012.color.png 0.999997 0.00224049 -0.00124655 -0.00111506 -0.00223944 0.999997 0.000844507 -0.00253249 0.00124844 -0.000841713 0.999999 -0.000299871 0.0 0.0 0.0 1.0
stairs/seq-02/color/frame-000012.color.png stairs/seq-02/color/frame-000014.color.png 0.999997 -0.00190307 0.00174024 0.000756745 0.00191146 0.999986 -0.00483387 0.00381541 -0.00173102 0.00483718 0.999987 0.000922536 0.0 0.0 0.0 1.0
stairs/seq-02/color/frame-000014.color.png stairs/seq-02/color/frame-000016.color.png 0.999999 0.00097595 -0.000747665 0.000606822 -0.000979113 0.99999 -0.00424306 -0.00183161 0.000743518 0.00424379 0.999991 0.00357569 0.0 0.0 0.0 1.0
stairs/seq-02/color/frame-000016.color.png stairs/seq-02/color/frame-000018.color.png 0.999997 0.000134645 -0.00254115 0.00380513 -0.000147754 0.999987 -0.00515866 0.00208658 0.00254043 0.00515902 0.999983 -0.00175318 0.0 0.0 0.0 1.0
stairs/seq-02/color/frame-000018.color.png stairs/seq-02/color/frame-000020.color.png 0.999998 0.000381487 -0.00175302 -0.00145922 -0.000392469 0.99998 -0.00626959 -0.0036509 0.00175059 0.00627027 0.999979 0.00863001 0.0 0.0 0.0 1.0
stairs/seq-02/color/frame-000020.color.png stairs/seq-02/color/frame-000022.color.png 0.999995 -0.00229684 -0.00225584 0.00306764 0.00228869 0.999991 -0.00360772 -0.00122285 0.00226411 0.00360254 0.999991 -0.000993431 0.0 0.0 0.0 1.0
stairs/seq-02/color/frame-000022.color.png stairs/seq-02/color/frame-000024.color.png 0.999997 -0.00078242 0.0023821 0.00290481 0.000773457 0.999993 0.00376126 -0.00236499 -0.00238503 -0.00375941 0.99999 0.00574199 0.0 0.0 0.0 1.0
stairs/seq-02/color/frame-000024.color.png stairs/seq-02/color/frame-000026.color.png 0.999994 -0.0025555 -0.00220054 0.00428905 0.0025648 0.999988 0.00423479 -0.00321591 0.00218969 -0.00424041 0.999988 0.0055539 0.0 0.0 0.0 1.0
stairs/seq-02/color/frame-000026.color.png stairs/seq-02/color/frame-000028.color.png 0.999963 -0.00765431 0.00384708 0.00431457 0.00762186 0.999936 0.00837848 -0.00472959 -0.00391097 -0.00834885 0.999958 0.0151079 0.0 0.0 0.0 1.0
stairs/seq-02/color/frame-000028.color.png stairs/seq-02/color/frame-000030.color.png 0.999991 -0.00205759 0.00363864 0.00607245 0.00203298 0.999975 0.00675422 -0.0067626 -0.00365244 -0.00674676 0.99997 0.00905923 0.0 0.0 0.0 1.0
stairs/seq-02/color/frame-000030.color.png stairs/seq-02/color/frame-000032.color.png 0.999948 -0.00308555 0.0097259 0.00366697 0.00305519 0.99999 0.00313487 -0.00324099 -0.00973548 -0.00310499 0.999948 0.0148432 0.0 0.0 0.0 1.0
stairs/seq-02/color/frame-000032.color.png stairs/seq-02/color/frame-000034.color.png 0.999984 0.000752605 0.00566095 0.00479897 -0.000741461 0.999998 -0.00197042 -0.00325499 -0.00566242 0.00196619 0.999982 0.00723982 0.0 0.0 0.0 1.0
stairs/seq-02/color/frame-000034.color.png stairs/seq-02/color/frame-000036.color.png 0.999961 0.00341338 0.00817332 0.00422586 -0.0034082 0.999994 -0.000648101 -0.00470461 -0.00817548 0.000620219 0.999966 0.00338338 0.0 0.0 0.0 1.0
stairs/seq-02/color/frame-000036.color.png stairs/seq-02/color/frame-000038.color.png 0.999949 0.00887523 0.00485532 0.0140435 -0.00888945 0.999956 0.00291362 -0.0124704 -0.00482925 -0.00295663 0.999984 0.00892922 0.0 0.0 0.0 1.0
stairs/seq-02/color/frame-000038.color.png stairs/seq-02/color/frame-000040.color.png 0.999991 -0.00281351 0.00310348 0.00704756 0.00282487 0.999989 -0.00366067 0.00298959 -0.00309314 0.00366941 0.999989 0.0058741 0.0 0.0 0.0 1.0
stairs/seq-02/color/frame-000040.color.png stairs/seq-02/color/frame-000042.color.png 0.999975 -0.00586749 -0.00385749 0.0151806 0.00582902 0.999934 -0.00990709 -0.0108473 0.00391537 0.00988436 0.999943 0.0150628 0.0 0.0 0.0 1.0
stairs/seq-02/color/frame-000042.color.png stairs/seq-02/color/frame-000044.color.png 0.999882 -0.00927832 0.0122751 0.0103135 0.00931941 0.999951 -0.00329361 -0.0141864 -0.012244 0.00340761 0.999919 0.0112303 0.0 0.0 0.0 1.0
stairs/seq-02/color/frame-000044.color.png stairs/seq-02/color/frame-000046.color.png 0.999954 -0.00839034 0.00471565 0.00810809 0.00839329 0.999965 -0.00060724 -0.0076407 -0.0047104 0.000646791 0.999988 0.00811393 0.0 0.0 0.0 1.0
stairs/seq-02/color/frame-000046.color.png stairs/seq-02/color/frame-000048.color.png 0.99989 -0.011934 0.00885028 0.00477195 0.0119625 0.999923 -0.00316777 -0.0107645 -0.00881179 0.00327329 0.999956 0.0116047 0.0 0.0 0.0 1.0
stairs/seq-02/color/frame-000048.color.png stairs/seq-02/color/frame-000050.color.png 0.999887 -0.0139022 0.00564417 0.0154852 0.0139615 0.999846 -0.0106075 -0.00460751 -0.00549584 0.0106851 0.999928 0.000413254 0.0 0.0 0.0 1.0
stairs/seq-02/color/frame-000050.color.png stairs/seq-02/color/frame-000052.color.png 0.999943 -0.00747087 0.00762667 0.00352891 0.00750641 0.999961 -0.00464243 -0.00987683 -0.00759169 0.00469942 0.99996 0.00933322 0.0 0.0 0.0 1.0
stairs/seq-02/color/frame-000052.color.png stairs/seq-02/color/frame-000054.color.png 0.999924 -0.011935 0.00323125 0.000629947 0.0119447 0.999924 -0.00298188 -0.00274808 -0.00319543 0.00302026 0.99999 0.00469801 0.0 0.0 0.0 1.0
stairs/seq-02/color/frame-000054.color.png stairs/seq-02/color/frame-000056.color.png 0.999877 -0.0102459 0.0118373 0.0110003 0.0101148 0.999888 0.0110825 -0.0162768 -0.0119495 -0.0109614 0.999868 0.00482918 0.0 0.0 0.0 1.0
stairs/seq-02/color/frame-000056.color.png stairs/seq-02/color/frame-000058.color.png 0.999867 -0.0148715 0.00667814 0.00536883 0.0148604 0.999888 0.00171598 -0.0017153 -0.00670292 -0.00161651 0.999976 0.00295027 0.0 0.0 0.0 1.0
stairs/seq-02/color/frame-000058.color.png stairs/seq-02/color/frame-000060.color.png 0.999892 -0.0142573 0.00351731 0.00126335 0.0142399 0.999886 0.00493149 -0.00883766 -0.0035872 -0.00488087 0.999982 0.00580049 0.0 0.0 0.0 1.0
stairs/seq-02/color/frame-000060.color.png stairs/seq-02/color/frame-000062.color.png 0.999966 -0.00706488 0.00415849 0.0151523 0.00704656 0.999965 0.00440329 -0.00942655 -0.00418948 -0.00437384 0.999982 0.0110582 0.0 0.0 0.0 1.0
stairs/seq-02/color/frame-000062.color.png stairs/seq-02/color/frame-000064.color.png 0.999982 -0.00191096 -0.00565716 0.0127118 0.00191423 0.999998 0.000574666 -0.00179184 0.00565607 -0.000585485 0.999984 -0.0101413 0.0 0.0 0.0 1.0
stairs/seq-02/color/frame-000064.color.png stairs/seq-02/color/frame-000066.color.png 0.999988 0.00487861 0.00101482 -0.000293598 -0.00488242 0.999981 0.00379209 -0.00853974 -0.000996321 -0.003797 0.999992 0.0103437 0.0 0.0 0.0 1.0
stairs/seq-02/color/frame-000066.color.png stairs/seq-02/color/frame-000068.color.png 0.999982 0.0045167 -0.00386806 0.00277944 -0.00453255 0.999981 -0.00409591 0.000183165 0.00384949 0.00411337 0.999984 0.0017975 0.0 0.0 0.0 1.0
stairs/seq-02/color/frame-000068.color.png stairs/seq-02/color/frame-000070.color.png 0.999886 0.00971009 -0.0115591 0.0116661 -0.00981889 0.999908 -0.00939414 -0.00265455 0.0114669 0.00950656 0.999889 0.00883068 0.0 0.0 0.0 1.0
stairs/seq-02/color/frame-000070.color.png stairs/seq-02/color/frame-000072.color.png 0.999932 0.00738791 -0.00908248 0.0124538 -0.00748999 0.999909 -0.0112576 0.00278591 0.00899846 0.0113249 0.999895 0.00121424 0.0 0.0 0.0 1.0
stairs/seq-02/color/frame-000072.color.png stairs/seq-02/color/frame-000074.color.png 0.9999 0.0140728 -0.0010557 0.00826195 -0.0140782 0.999887 -0.00536795 -9.83179e-05 0.000980041 0.00538228 0.999985 0.00640382 0.0 0.0 0.0 1.0
stairs/seq-02/color/frame-000074.color.png stairs/seq-02/color/frame-000076.color.png 0.999822 0.0176071 -0.00684791 0.0201136 -0.0177181 0.999707 -0.0165036 0.0022532 0.00655532 0.016622 0.99984 0.00101219 0.0 0.0 0.0 1.0
stairs/seq-02/color/frame-000076.color.png stairs/seq-02/color/frame-000078.color.png 0.999985 0.00521515 -0.00188787 0.0101121 -0.00522952 0.999957 -0.00769336 0.00205977 0.00184767 0.00770311 0.999969 0.000653177 0.0 0.0 0.0 1.0
stairs/seq-02/color/frame-000078.color.png stairs/seq-02/color/frame-000080.color.png 0.999973 0.00699668 -0.00200012 0.0231598 -0.00700515 0.999966 -0.00425701 0.00257431 0.00197026 0.00427092 0.999989 -0.00782739 0.0 0.0 0.0 1.0
stairs/seq-02/color/frame-000080.color.png stairs/seq-02/color/frame-000082.color.png 0.999942 0.0107524 -0.000708573 0.0224432 -0.0107557 0.99993 -0.00497322 0.00973099 0.000655059 0.00498055 0.999987 0.000230789 0.0 0.0 0.0 1.0
stairs/seq-02/color/frame-000082.color.png stairs/seq-02/color/frame-000084.color.png 0.999993 0.00358452 -0.000622883 0.0168027 -0.00358812 0.999977 -0.00585498 0.0108556 0.000601877 0.00585719 0.999983 0.0023327 0.0 0.0 0.0 1.0
stairs/seq-02/color/frame-000084.color.png stairs/seq-02/color/frame-000086.color.png 0.999975 0.00262054 0.00653089 0.0179415 -0.0026022 0.999993 -0.00281517 0.0049196 -0.00653822 0.0027981 0.999975 0.00799768 0.0 0.0 0.0 1.0
stairs/seq-02/color/frame-000086.color.png stairs/seq-02/color/frame-000088.color.png 0.999954 0.000213816 0.00959635 -0.000732332 -0.000232759 0.999998 0.00197325 0.00231346 -0.00959592 -0.00197538 0.999952 0.00502181 0.0 0.0 0.0 1.0
stairs/seq-02/color/frame-000088.color.png stairs/seq-02/color/frame-000090.color.png 0.999997 -0.00192131 -0.00169879 0.0256916 0.00191695 0.999995 -0.00256146 0.01701 0.0017037 0.00255818 0.999995 0.00345322 0.0 0.0 0.0 1.0
stairs/seq-02/color/frame-000090.color.png stairs/seq-02/color/frame-000092.color.png 0.999971 -0.00161251 -0.00741616 0.0386723 0.00171127 0.99991 0.0133302 -0.0170728 0.00739399 -0.0133425 0.999884 -0.0181213 0.0 0.0 0.0 1.0
stairs/seq-02/color/frame-000092.color.png stairs/seq-02/color/frame-000094.color.png 0.999998 -0.000800789 0.00165044 0.010101 0.000805291 0.999996 -0.00273594 0.0126893 -0.00164824 0.00273728 0.999995 0.0120268 0.0 0.0 0.0 1.0
stairs/seq-02/color/frame-000094.color.png stairs/seq-02/color/frame-000096.color.png 0.999983 0.00514449 0.0026365 0.0110325 -0.0051583 0.999973 0.00525966 -0.000495255 -0.00260937 -0.00527318 0.999983 -0.00487404 0.0 0.0 0.0 1.0
stairs/seq-02/color/frame-000096.color.png stairs/seq-02/color/frame-000098.color.png 0.999998 0.00193609 -0.000846312 0.0171385 -0.00193494 0.999997 0.00136067 0.0140439 0.000848927 -0.00135902 0.999999 -0.00159103 0.0 0.0 0.0 1.0
stairs/seq-02/color/frame-000098.color.png stairs/seq-02/color/frame-000100.color.png 0.999991 -0.000375681 0.00423782 -0.00130635 0.000380672 0.999999 -0.00117788 0.00720776 -0.00423736 0.00117949 0.99999 0.00978822 0.0 0.0 0.0 1.0
stairs/seq-02/color/frame-000100.color.png stairs/seq-02/color/frame-000102.color.png 0.999745 -0.0045154 -0.0221051 0.0523161 0.00478181 0.999916 0.0120142 -0.0246947 0.022049 -0.0121168 0.999683 -0.0225833 0.0 0.0 0.0 1.0
stairs/seq-02/color/frame-000102.color.png stairs/seq-02/color/frame-000104.color.png 0.999968 -0.00521465 0.00610345 0.000934541 0.00523284 0.999982 -0.00296824 -0.000126891 -0.00608787 0.00300011 0.999977 0.011085 0.0 0.0 0.0 1.0
stairs/seq-02/color/frame-000104.color.png stairs/seq-02/color/frame-000106.color.png 0.999998 -0.000199942 0.00199282 0.00674045 0.00020254 0.999999 -0.00130287 0.00511323 -0.00199255 0.00130327 0.999997 0.00365186 0.0 0.0 0.0 1.0
stairs/seq-02/color/frame-000106.color.png stairs/seq-02/color/frame-000108.color.png 0.999954 -0.00720459 0.00632171 -0.000347853 0.00720361 0.999974 0.000176655 -0.0058872 -0.00632282 -0.000131098 0.99998 0.0162238 0.0 0.0 0.0 1.0
stairs/seq-02/color/frame-000108.color.png stairs/seq-02/color/frame-000110.color.png 0.999947 -0.00803167 0.00648993 -0.000952035 0.0080631 0.999956 -0.00483076 0.00183201 -0.00645083 0.00488282 0.999967 0.0110376 0.0 0.0 0.0 1.0
stairs/seq-02/color/frame-000110.color.png stairs/seq-02/color/frame-000112.color.png 0.999852 -0.0154996 0.00740406 0.0134734 0.0154641 0.999869 0.00483485 -0.00921471 -0.00747802 -0.00471963 0.999961 0.00744912 0.0 0.0 0.0 1.0
stairs/seq-02/color/frame-000112.color.png stairs/seq-02/color/frame-000114.color.png 0.999615 -0.0213687 0.017727 -0.0102695 0.0211773 0.999716 0.0109167 -0.0118777 -0.0179553 -0.0105371 0.999783 0.0210323 0.0 0.0 0.0 1.0
stairs/seq-02/color/frame-000114.color.png stairs/seq-02/color/frame-000116.color.png 0.999883 -0.00470473 0.0145759 0.0080947 0.00450718 0.999898 0.0135562 -0.00280178 -0.0146382 -0.0134889 0.999802 0.0125759 0.0 0.0 0.0 1.0
stairs/seq-02/color/frame-000116.color.png stairs/seq-02/color/frame-000118.color.png 0.998447 -0.0299813 0.0469527 -0.0377814 0.0294818 0.999501 0.0112946 -0.0384915 -0.0472679 -0.00989283 0.998833 0.0328213 0.0 0.0 0.0 1.0
stairs/seq-02/color/frame-000118.color.png stairs/seq-02/color/frame-000120.color.png 0.999968 -0.0079499 0.000924362 -0.00950462 0.0079512 0.999967 -0.00139283 -0.0171868 -0.000913253 0.00140013 0.999999 0.00434493 0.0 0.0 0.0 1.0
stairs/seq-02/color/frame-000120.color.png stairs/seq-02/color/frame-000122.color.png 0.999988 -0.00474981 -0.000950432 0.0237779 0.00474728 0.999985 -0.00264522 0.0168651 0.000962979 0.00264067 0.999996 -0.0044992 0.0 0.0 0.0 1.0
stairs/seq-02/color/frame-000122.color.png stairs/seq-02/color/frame-000124.color.png 0.999994 -0.00175462 -0.00308516 0.000401169 0.00177937 0.999966 0.00802998 -0.00294893 0.00307097 -0.00803543 0.999963 -0.0010436 0.0 0.0 0.0 1.0
stairs/seq-02/color/frame-000124.color.png stairs/seq-02/color/frame-000126.color.png 0.999988 0.00111556 -0.00483526 0.00469577 -0.0011197 0.999999 -0.00084431 -0.00594928 0.00483428 0.000849732 0.999988 -0.00497125 0.0 0.0 0.0 1.0
stairs/seq-02/color/frame-000126.color.png stairs/seq-02/color/frame-000128.color.png 0.999911 0.0100375 -0.00876952 -0.00266981 -0.0100957 0.999927 -0.00661616 0.0170025 0.00870248 0.0067041 0.99994 -0.00598919 0.0 0.0 0.0 1.0
stairs/seq-02/color/frame-000128.color.png stairs/seq-02/color/frame-000130.color.png 0.999783 0.0169707 -0.0120434 0.0076263 -0.0169918 0.999854 -0.00165081 0.0093096 0.0120137 0.0018551 0.999926 -0.0107706 0.0 0.0 0.0 1.0
stairs/seq-02/color/frame-000130.color.png stairs/seq-02/color/frame-000132.color.png 0.999669 0.0188751 -0.0175018 0.029411 -0.0188828 0.999822 -0.000279723 0.0228518 0.0174934 0.000610113 0.999847 -0.0192793 0.0 0.0 0.0 1.0
stairs/seq-02/color/frame-000132.color.png stairs/seq-02/color/frame-000134.color.png 0.999286 0.035943 -0.0116619 0.00950855 -0.0360401 0.999317 -0.00822779 0.0414568 0.0113582 0.00864222 0.999898 -0.0205202 0.0 0.0 0.0 1.0
stairs/seq-02/color/frame-000134.color.png stairs/seq-02/color/frame-000136.color.png 0.999116 0.0373168 -0.0193866 -0.017937 -0.0374857 0.999262 -0.00842447 0.052949 0.0190579 0.00914372 0.999777 -0.0221832 0.0 0.0 0.0 1.0
stairs/seq-02/color/frame-000136.color.png stairs/seq-02/color/frame-000138.color.png 0.999105 0.0185916 -0.037994 0.0564317 -0.0187391 0.999818 -0.00352992 0.0197234 0.0379215 0.00423873 0.999272 -0.0278704 0.0 0.0 0.0 1.0
stairs/seq-02/color/frame-000138.color.png stairs/seq-02/color/frame-000140.color.png 0.999316 0.0315865 -0.0192121 -0.0150399 -0.031428 0.99947 0.00850109 0.027841 0.0194704 -0.00789147 0.999779 -0.0473678 0.0 0.0 0.0 1.0
stairs/seq-02/color/frame-000140.color.png stairs/seq-02/color/frame-000142.color.png 0.999144 0.0278655 -0.0305833 0.00452995 -0.0277592 0.999607 0.00389392 0.0219545 0.0306798 -0.00304162 0.999525 -0.0211619 0.0 0.0 0.0 1.0
stairs/seq-02/color/frame-000142.color.png stairs/seq-02/color/frame-000144.color.png 0.999257 0.0155689 -0.0352696 0.0385725 -0.0157868 0.999858 -0.00590664 0.0195889 0.0351726 0.00645903 0.99936 -0.0390226 0.0 0.0 0.0 1.0
stairs/seq-02/color/frame-000144.color.png stairs/seq-02/color/frame-000146.color.png 0.99996 0.00851457 0.00285466 -0.00988078 -0.00850407 0.999957 -0.00366736 -0.000328056 -0.00288577 0.00364294 0.999989 -0.00734846 0.0 0.0 0.0 1.0
stairs/seq-02/color/frame-000146.color.png stairs/seq-02/color/frame-000148.color.png 0.999732 0.011345 -0.0201743 0.0163843 -0.0115214 0.999896 -0.00864776 0.019256 0.0200741 0.00887789 0.999759 -0.020772 0.0 0.0 0.0 1.0
stairs/seq-02/color/frame-000148.color.png stairs/seq-02/color/frame-000150.color.png 0.999727 0.018073 -0.0148261 0.011754 -0.0181245 0.99983 -0.00335123 0.00137138 0.014763 0.00361903 0.999884 -0.00973884 0.0 0.0 0.0 1.0
stairs/seq-02/color/frame-000150.color.png stairs/seq-02/color/frame-000152.color.png 0.999878 0.0154278 -0.00260832 0.0270109 -0.0154742 0.999703 -0.0188183 0.033976 0.00231722 0.0188563 0.99982 -0.00975151 0.0 0.0 0.0 1.0
stairs/seq-02/color/frame-000152.color.png stairs/seq-02/color/frame-000154.color.png 0.999974 0.00716143 0.000888996 0.00101471 -0.00715356 0.999938 -0.00856518 0.0202149 -0.000950277 0.00855858 0.999963 -0.00866986 0.0 0.0 0.0 1.0
stairs/seq-02/color/frame-000154.color.png stairs/seq-02/color/frame-000156.color.png 0.999969 0.007668 0.00177159 0.00383186 -0.00766395 0.999968 -0.00227531 0.00937191 -0.00178898 0.00226168 0.999996 0.00355174 0.0 0.0 0.0 1.0
stairs/seq-02/color/frame-000156.color.png stairs/seq-02/color/frame-000158.color.png 0.999873 0.0112186 0.011343 -0.00455183 -0.0112265 0.999937 0.000629993 0.00741499 -0.0113352 -0.000757265 0.999936 0.0167453 0.0 0.0 0.0 1.0
stairs/seq-02/color/frame-000158.color.png stairs/seq-02/color/frame-000160.color.png 0.99986 0.0140181 0.00914365 -0.00501794 -0.0140441 0.999897 0.00278397 -0.00727893 -0.00910369 -0.00291202 0.999954 0.0112758 0.0 0.0 0.0 1.0
stairs/seq-02/color/frame-000160.color.png stairs/seq-02/color/frame-000162.color.png 0.999974 -0.00518975 0.00508215 0.00576532 0.00525351 0.999907 -0.0126132 0.00776571 -0.00501621 0.0126396 0.999907 0.00558194 0.0 0.0 0.0 1.0
stairs/seq-02/color/frame-000162.color.png stairs/seq-02/color/frame-000164.color.png 0.999816 7.41079e-05 0.0191625 -0.00224596 5.36678e-05 0.999978 -0.00666774 0.00345058 -0.0191626 0.00666754 0.999794 0.021533 0.0 0.0 0.0 1.0
stairs/seq-02/color/frame-000164.color.png stairs/seq-02/color/frame-000166.color.png 0.999943 -0.00564879 -0.00907654 0.0570934 0.00563542 0.999983 -0.0015004 0.015644 0.00908485 0.00144919 0.999958 -0.0124623 0.0 0.0 0.0 1.0
stairs/seq-02/color/frame-000166.color.png stairs/seq-02/color/frame-000168.color.png 0.999948 0.00608382 0.00823386 0.00577575 -0.00606402 0.999979 -0.00242644 0.00179522 -0.00824846 0.00237637 0.999963 0.0176696 0.0 0.0 0.0 1.0
stairs/seq-02/color/frame-000168.color.png stairs/seq-02/color/frame-000170.color.png 0.999987 0.0050192 0.000977918 0.00319791 -0.00501063 0.999951 -0.00858242 0.0113543 -0.00102094 0.00857741 0.999963 0.00151288 0.0 0.0 0.0 1.0
stairs/seq-02/color/frame-000170.color.png stairs/seq-02/color/frame-000172.color.png 0.999786 0.0188971 0.00844981 -0.00846314 -0.0188791 0.999819 -0.00220973 0.00824262 -0.00849005 0.00204971 0.999962 0.00481493 0.0 0.0 0.0 1.0
stairs/seq-02/color/frame-000172.color.png stairs/seq-02/color/frame-000174.color.png 0.999818 0.0177519 -0.00697291 0.00659126 -0.0178159 0.999799 -0.00922953 0.0174473 0.00680766 0.00935209 0.999933 -0.0151846 0.0 0.0 0.0 1.0
stairs/seq-02/color/frame-000174.color.png stairs/seq-02/color/frame-000176.color.png 0.99951 0.0174571 -0.0259758 -0.00010854 -0.0176526 0.999817 -0.00731805 0.0237459 0.0258433 0.00777303 0.999636 -0.0195042 0.0 0.0 0.0 1.0
stairs/seq-02/color/frame-000176.color.png stairs/seq-02/color/frame-000178.color.png 0.999495 0.0228311 -0.0220942 0.00798565 -0.0229329 0.999727 -0.0043607 0.0251893 0.0219887 0.00486516 0.999746 -0.0239027 0.0 0.0 0.0 1.0
stairs/seq-02/color/frame-000178.color.png stairs/seq-02/color/frame-000180.color.png 0.999561 0.0243297 -0.0168921 0.00776362 -0.024429 0.999685 -0.00569755 0.0120069 0.0167482 0.0061077 0.999841 -0.0261652 0.0 0.0 0.0 1.0
stairs/seq-02/color/frame-000180.color.png stairs/seq-02/color/frame-000182.color.png 0.999602 0.0157573 -0.0234131 0.0215994 -0.0157745 0.999875 -0.000546592 0.0335738 0.0234016 0.000915753 0.999726 -0.0388523 0.0 0.0 0.0 1.0
stairs/seq-02/color/frame-000182.color.png stairs/seq-02/color/frame-000184.color.png 0.9989 0.0211219 -0.0418723 0.0551188 -0.0211704 0.999776 -0.000714652 0.0547306 0.0418478 0.00160029 0.999123 -0.0435149 0.0 0.0 0.0 1.0
stairs/seq-02/color/frame-000184.color.png stairs/seq-02/color/frame-000186.color.png 0.999712 0.00823481 -0.0225382 0.0170543 -0.00818778 0.999964 0.00217786 0.00646996 0.0225553 -0.0019927 0.999744 -0.0419369 0.0 0.0 0.0 1.0
stairs/seq-02/color/frame-000186.color.png stairs/seq-02/color/frame-000188.color.png 0.999929 0.0101763 -0.00613924 -0.00451481 -0.0102195 0.999923 -0.00703197 0.0260151 0.0060672 0.00709421 0.999956 -0.0259466 0.0 0.0 0.0 1.0
stairs/seq-02/color/frame-000188.color.png stairs/seq-02/color/frame-000190.color.png 0.999958 0.0081387 -0.00419937 -0.010114 -0.00815807 0.999956 -0.00462422 0.0201534 0.00416156 0.00465827 0.99998 -0.0217523 0.0 0.0 0.0 1.0
stairs/seq-02/color/frame-000190.color.png stairs/seq-02/color/frame-000192.color.png 0.999809 0.00492176 -0.0189047 0.0159 -0.00506601 0.999958 -0.00758978 0.0239965 0.0188665 0.00768413 0.999792 -0.031783 0.0 0.0 0.0 1.0
stairs/seq-02/color/frame-000192.color.png stairs/seq-02/color/frame-000194.color.png 0.999942 0.00913316 -0.00566703 0.00446463 -0.00917379 0.999932 -0.00717035 0.0140239 0.00560116 0.00722191 0.999958 -0.0323735 0.0 0.0 0.0 1.0
stairs/seq-02/color/frame-000194.color.png stairs/seq-02/color/frame-000196.color.png 0.99959 0.0130377 -0.0254884 0.0187184 -0.0133306 0.999847 -0.0113577 0.0315363 0.0253365 0.0116929 0.999611 -0.0328155 0.0 0.0 0.0 1.0
stairs/seq-02/color/frame-000196.color.png stairs/seq-02/color/frame-000198.color.png 0.999961 0.00812732 -0.00352539 -0.00852972 -0.00814542 0.999953 -0.00517629 0.0208828 0.00348317 0.00520484 0.99998 -0.0169108 0.0 0.0 0.0 1.0
stairs/seq-02/color/frame-000198.color.png stairs/seq-02/color/frame-000200.color.png 0.999832 0.0120716 -0.0137719 0.0128844 -0.012097 0.999925 -0.00175909 0.0236394 0.0137497 0.00192538 0.999904 -0.0270377 0.0 0.0 0.0 1.0
stairs/seq-02/color/frame-000200.color.png stairs/seq-02/color/frame-000202.color.png 0.999938 0.0044661 -0.0102156 0.00164294 -0.00447385 0.99999 -0.000723885 0.0142907 0.0102123 0.000769465 0.999948 -0.0187903 0.0 0.0 0.0 1.0
stairs/seq-02/color/frame-000202.color.png stairs/seq-02/color/frame-000204.color.png 0.999978 0.00531761 -0.00395606 0.00172561 -0.00532136 0.999985 -0.000948892 0.0139144 0.00395106 0.000969984 0.999992 -0.0114975 0.0 0.0 0.0 1.0
stairs/seq-02/color/frame-000204.color.png stairs/seq-02/color/frame-000206.color.png 0.999836 -0.0155993 0.00916447 0.0018667 0.0156686 0.999849 -0.00753498 -0.0152884 -0.00904564 0.0076773 0.99993 -0.00206561 0.0 0.0 0.0 1.0
stairs/seq-02/color/frame-000206.color.png stairs/seq-02/color/frame-000208.color.png 0.999815 -0.0180426 -0.00668438 0.0225384 0.0179797 0.999795 -0.00935838 -0.00873902 0.00685185 0.00923645 0.999934 -0.0131845 0.0 0.0 0.0 1.0
stairs/seq-02/color/frame-000208.color.png stairs/seq-02/color/frame-000210.color.png 0.999881 -0.0128156 0.00863954 -0.00729579 0.01286 0.999904 -0.00511107 -0.0170341 -0.00857318 0.00522161 0.99995 0.017239 0.0 0.0 0.0 1.0
stairs/seq-02/color/frame-000210.color.png stairs/seq-02/color/frame-000212.color.png 0.99944 -0.0106388 0.0317379 -0.00387007 0.0106191 0.999943 0.000787271 0.00421369 -0.0317444 -0.00044982 0.999496 0.0286492 0.0 0.0 0.0 1.0
stairs/seq-02/color/frame-000212.color.png stairs/seq-02/color/frame-000214.color.png 0.999678 -0.0176436 0.0182288 0.0068081 0.0173992 0.999758 0.0134814 -0.0169392 -0.0184623 -0.0131599 0.999743 0.0271081 0.0 0.0 0.0 1.0
stairs/seq-02/color/frame-000214.color.png stairs/seq-02/color/frame-000216.color.png 0.999838 -0.0171873 0.00543119 0.00752628 0.0171271 0.999793 0.0109566 -0.0198234 -0.00561833 -0.0108618 0.999925 0.0167753 0.0 0.0 0.0 1.0
stairs/seq-02/color/frame-000216.color.png stairs/seq-02/color/frame-000218.color.png 0.999935 -0.0088484 0.00717668 0.00116229 0.0088073 0.999945 0.00574305 -0.00551635 -0.00722706 -0.00567947 0.999958 0.00741124 0.0 0.0 0.0 1.0
stairs/seq-02/color/frame-000218.color.png stairs/seq-02/color/frame-000220.color.png 0.999964 0.0074675 -0.00398296 0.00157893 -0.00745047 0.999963 0.00426935 0.0171478 0.00401464 -0.00423951 0.999983 -0.00784899 0.0 0.0 0.0 1.0
stairs/seq-02/color/frame-000220.color.png stairs/seq-02/color/frame-000222.color.png 0.999634 0.0190068 -0.0192496 -0.00750822 -0.0191805 0.999777 -0.00888077 0.0338221 0.0190765 0.00924675 0.999775 -0.0287661 0.0 0.0 0.0 1.0
stairs/seq-02/color/frame-000222.color.png stairs/seq-02/color/frame-000224.color.png 0.999637 0.0250352 -0.00997035 -0.00852162 -0.0250024 0.999682 0.0034023 0.0332961 0.0100524 -0.00315182 0.999945 -0.0246939 0.0 0.0 0.0 1.0
stairs/seq-02/color/frame-000224.color.png stairs/seq-02/color/frame-000226.color.png 0.99962 0.0264153 -0.00788482 0.00158 -0.026429 0.999649 -0.00162983 0.033484 0.00783901 0.00183764 0.999968 -0.0329136 0.0 0.0 0.0 1.0
stairs/seq-02/color/frame-000226.color.png stairs/seq-02/color/frame-000228.color.png 0.999849 0.015176 -0.0084368 0.00827765 -0.0152845 0.999799 -0.0129503 0.0335087 0.00823858 0.0130773 0.999881 -0.0324495 0.0 0.0 0.0 1.0
stairs/seq-02/color/frame-000228.color.png stairs/seq-02/color/frame-000230.color.png 0.99949 0.0317897 0.00311652 -0.0191949 -0.0317855 0.999494 -0.00136892 0.0430332 -0.00315846 0.00126915 0.999994 -0.0220347 0.0 0.0 0.0 1.0
stairs/seq-02/color/frame-000230.color.png stairs/seq-02/color/frame-000232.color.png 0.999974 0.00713313 -0.00136843 -0.0057376 -0.0071453 0.999934 -0.00902176 0.0243727 0.00130397 0.00903131 0.999958 -0.0138709 0.0 0.0 0.0 1.0
stairs/seq-02/color/frame-000232.color.png stairs/seq-02/color/frame-000234.color.png 0.999768 0.0115947 -0.0181475 0.00177896 -0.0117514 0.999894 -0.00855806 0.018144 0.0180463 0.0087693 0.999799 -0.040006 0.0 0.0 0.0 1.0
stairs/seq-02/color/frame-000234.color.png stairs/seq-02/color/frame-000236.color.png 0.999889 0.00570164 -0.0137656 -0.00955242 -0.00591941 0.999857 -0.0158338 0.0171916 0.0136734 0.0159135 0.99978 -0.0364204 0.0 0.0 0.0 1.0
stairs/seq-02/color/frame-000236.color.png stairs/seq-02/color/frame-000238.color.png 0.999939 0.00757099 -0.0080083 0.00345182 -0.00766988 0.999894 -0.0123857 0.010374 0.00791371 0.0124463 0.999891 -0.0258187 0.0 0.0 0.0 1.0
stairs/seq-02/color/frame-000238.color.png stairs/seq-02/color/frame-000240.color.png 0.999978 -0.005854 -0.00312852 0.00708896 0.00580491 0.999863 -0.0155002 0.00177908 0.00321882 0.0154817 0.999875 -0.0208813 0.0 0.0 0.0 1.0
stairs/seq-02/color/frame-000240.color.png stairs/seq-02/color/frame-000242.color.png 0.99957 -0.0196032 0.0217978 0.00719255 0.0200657 0.999574 -0.0212083 -0.0249737 -0.0213728 0.0216366 0.999537 -0.00886908 0.0 0.0 0.0 1.0
stairs/seq-02/color/frame-000242.color.png stairs/seq-02/color/frame-000244.color.png 0.999686 -0.0248842 0.00277241 0.0349414 0.0249586 0.999201 -0.0311994 -0.016058 -0.00199385 0.0312588 0.999509 -0.0194855 0.0 0.0 0.0 1.0
stairs/seq-02/color/frame-000244.color.png stairs/seq-02/color/frame-000246.color.png 0.999928 -0.00505097 0.010906 -0.00349265 0.00516333 0.999934 -0.0103035 -0.00736058 -0.0108531 0.0103591 0.999887 0.00636056 0.0 0.0 0.0 1.0
stairs/seq-02/color/frame-000246.color.png stairs/seq-02/color/frame-000248.color.png 0.999872 -0.0143555 0.00706549 -0.0045861 0.0144501 0.999804 -0.0135228 -0.0172518 -0.00686997 0.0136231 0.999884 0.0123037 0.0 0.0 0.0 1.0
stairs/seq-02/color/frame-000248.color.png stairs/seq-02/color/frame-000250.color.png 0.999822 -0.0186302 0.00290945 0.0039795 0.0186762 0.999686 -0.0166898 -0.0230335 -0.00259761 0.0167413 0.999857 -0.00334629 0.0 0.0 0.0 1.0
stairs/seq-02/color/frame-000250.color.png stairs/seq-02/color/frame-000252.color.png 0.999973 -0.0032942 0.00655701 -0.0052157 0.00334878 0.99996 -0.00831947 -0.0107126 -0.00652937 0.00834113 0.999944 0.00678563 0.0 0.0 0.0 1.0
stairs/seq-02/color/frame-000252.color.png stairs/seq-02/color/frame-000254.color.png 0.999934 0.00836867 -0.00786457 -0.000700891 -0.0083407 0.999959 0.00359006 0.00637668 0.00789434 -0.00352415 0.999963 0.00380918 0.0 0.0 0.0 1.0
stairs/seq-02/color/frame-000254.color.png stairs/seq-02/color/frame-000256.color.png 0.999894 0.0134991 -0.00548529 -0.0158697 -0.013439 0.999851 0.0108392 0.00218028 0.00563084 -0.0107643 0.999926 0.0191618 0.0 0.0 0.0 1.0
stairs/seq-02/color/frame-000256.color.png stairs/seq-02/color/frame-000258.color.png 0.999968 0.00790823 -0.000744568 -0.012953 -0.00789591 0.999852 0.0153061 -0.0148377 0.000865406 -0.0152998 0.999883 0.025064 0.0 0.0 0.0 1.0
stairs/seq-02/color/frame-000258.color.png stairs/seq-02/color/frame-000260.color.png 0.999939 -0.00692078 -0.00858908 0.00484997 0.00691766 0.999976 -0.000394541 -0.00992715 0.00859166 0.000335167 0.999963 0.00504729 0.0 0.0 0.0 1.0
stairs/seq-02/color/frame-000260.color.png stairs/seq-02/color/frame-000262.color.png 0.999958 0.0091599 0.000614073 -0.00310147 -0.00916526 0.999914 0.00931967 -0.00639477 -0.00052874 -0.00932492 0.999956 0.0246622 0.0 0.0 0.0 1.0
stairs/seq-02/color/frame-000262.color.png stairs/seq-02/color/frame-000264.color.png 0.999974 0.00177861 0.00699096 -0.0248336 -0.00183216 0.999969 0.00766355 -0.0197332 -0.00697708 -0.00767617 0.999946 0.0317437 0.0 0.0 0.0 1.0
stairs/seq-02/color/frame-000264.color.png stairs/seq-02/color/frame-000266.color.png 0.999978 0.00538833 0.00380541 -0.0107915 -0.00540876 0.999971 0.00537874 -0.016378 -0.00377625 -0.00539921 0.999978 0.0241522 0.0 0.0 0.0 1.0
stairs/seq-02/color/frame-000266.color.png stairs/seq-02/color/frame-000268.color.png 0.999934 0.00769803 -0.00857263 -0.0230274 -0.00763239 0.999942 0.00767118 -0.00563267 0.00863109 -0.00760524 0.999934 0.0233733 0.0 0.0 0.0 1.0
stairs/seq-02/color/frame-000268.color.png stairs/seq-02/color/frame-000270.color.png 0.99979 0.00345785 -0.0202161 -0.00298065 -0.00340372 0.999991 0.00271317 -0.0171551 0.0202253 -0.00264375 0.999792 0.000763737 0.0 0.0 0.0 1.0
stairs/seq-02/color/frame-000270.color.png stairs/seq-02/color/frame-000272.color.png 0.999967 -0.007987 0.00156949 -0.0161964 0.00799917 0.999937 -0.00789052 -0.0261132 -0.00150634 0.00790283 0.999968 0.0186244 0.0 0.0 0.0 1.0
stairs/seq-02/color/frame-000272.color.png stairs/seq-02/color/frame-000274.color.png 0.999645 0.00591004 -0.0259711 0.00583285 -0.00569398 0.999949 0.00838482 -0.0144635 0.0260192 -0.00823406 0.999628 -0.00100718 0.0 0.0 0.0 1.0
stairs/seq-02/color/frame-000274.color.png stairs/seq-02/color/frame-000276.color.png 0.999924 0.0103709 0.00665202 -0.0267503 -0.0103751 0.999946 0.000596928 -0.0237064 -0.00664543 -0.000665919 0.999978 0.0305687 0.0 0.0 0.0 1.0
stairs/seq-02/color/frame-000276.color.png stairs/seq-02/color/frame-000278.color.png 0.999767 0.01311 -0.0171706 -0.00175846 -0.0129774 0.999885 0.00780199 0.00235169 0.017271 -0.00757724 0.999822 0.0113774 0.0 0.0 0.0 1.0
stairs/seq-02/color/frame-000278.color.png stairs/seq-02/color/frame-000280.color.png 0.999993 -0.0022381 0.00316269 -0.0143016 0.0022194 0.99998 0.00592689 -0.0137187 -0.00317595 -0.00591978 0.999977 0.0205964 0.0 0.0 0.0 1.0
stairs/seq-02/color/frame-000280.color.png stairs/seq-02/color/frame-000282.color.png 0.999959 -0.00640325 -0.0064216 -0.00434929 0.00643551 0.999967 0.0050264 -0.01816 0.00638914 -0.00506762 0.999967 0.0168135 0.0 0.0 0.0 1.0
stairs/seq-02/color/frame-000282.color.png stairs/seq-02/color/frame-000284.color.png 0.999999 -0.00130985 0.000439827 -0.0172743 0.00130914 0.999998 0.00167368 -0.0234744 -0.000441971 -0.00167311 0.999998 0.0251466 0.0 0.0 0.0 1.0
stairs/seq-02/color/frame-000284.color.png stairs/seq-02/color/frame-000286.color.png 0.999831 -0.00650994 -0.0171676 0.00441343 0.00647529 0.999977 -0.00206995 -0.0168395 0.0171806 0.00195843 0.999851 -0.0036792 0.0 0.0 0.0 1.0
stairs/seq-02/color/frame-000286.color.png stairs/seq-02/color/frame-000288.color.png 0.999787 -0.00559753 -0.0198816 0.00883257 0.00546413 0.999962 -0.00675846 -0.00408117 0.0199187 0.0066484 0.999779 0.00829353 0.0 0.0 0.0 1.0
stairs/seq-02/color/frame-000288.color.png stairs/seq-02/color/frame-000290.color.png 0.999991 -0.00069419 0.00429057 -0.00684541 0.000708196 0.999994 -0.00326944 -0.00575031 -0.00428831 0.00327251 0.999985 0.0100737 0.0 0.0 0.0 1.0
stairs/seq-02/color/frame-000290.color.png stairs/seq-02/color/frame-000292.color.png 0.999992 -0.00373433 0.00103708 -0.00624824 0.00374088 0.999973 -0.00627318 -0.0102072 -0.00101367 0.00627703 0.99998 0.00907453 0.0 0.0 0.0 1.0
stairs/seq-02/color/frame-000292.color.png stairs/seq-02/color/frame-000294.color.png 0.999981 -0.00566086 -0.00222018 0.000841498 0.00565168 0.999976 -0.00408761 -0.00871231 0.00224323 0.00407499 0.999989 -0.000136368 0.0 0.0 0.0 1.0
stairs/seq-02/color/frame-000294.color.png stairs/seq-02/color/frame-000296.color.png 0.999988 0.00291315 -0.00404592 -0.000300705 -0.00290175 0.999992 0.00284541 -0.00327797 0.00405421 -0.00283364 0.999988 -0.00352971 0.0 0.0 0.0 1.0
stairs/seq-02/color/frame-000296.color.png stairs/seq-02/color/frame-000298.color.png 0.999984 0.00544592 0.00114872 -0.00357163 -0.00544153 0.999979 -0.00366668 0.00301194 -0.00116861 0.00366039 0.999993 0.00355037 0.0 0.0 0.0 1.0
stairs/seq-02/color/frame-000298.color.png stairs/seq-02/color/frame-000300.color.png 0.999984 0.00400191 0.00396981 -0.0146384 -0.00399449 0.99999 -0.00190321 -0.00194503 -0.00397746 0.00188723 0.99999 0.00425386 0.0 0.0 0.0 1.0
stairs/seq-02/color/frame-000300.color.png stairs/seq-02/color/frame-000302.color.png 0.999892 -0.0133224 -0.00614706 0.00564629 0.0132256 0.999792 -0.0155336 -0.00470008 0.00635276 0.0154507 0.99986 -0.00356852 0.0 0.0 0.0 1.0
stairs/seq-02/color/frame-000302.color.png stairs/seq-02/color/frame-000304.color.png 0.999882 -0.00715261 -0.0136333 0.00225073 0.00700046 0.999913 -0.0111719 0.00146353 0.013712 0.0110751 0.999845 -0.00193062 0.0 0.0 0.0 1.0
stairs/seq-02/color/frame-000304.color.png stairs/seq-02/color/frame-000306.color.png 0.999808 -0.0137036 0.013996 0.00396776 0.014003 0.99967 -0.0215287 -0.0149266 -0.0136964 0.0217205 0.99967 0.00490481 0.0 0.0 0.0 1.0
stairs/seq-02/color/frame-000306.color.png stairs/seq-02/color/frame-000308.color.png 0.999977 -0.00675627 -0.000276541 0.00362891 0.00675549 0.999973 -0.00285034 -0.01404 0.000295798 0.00284848 0.999996 0.0123565 0.0 0.0 0.0 1.0
stairs/seq-02/color/frame-000308.color.png stairs/seq-02/color/frame-000310.color.png 0.999917 0.0101241 -0.0079685 -0.00736177 -0.0101577 0.99994 -0.00419134 0.00292348 0.00792548 0.00427196 0.99996 0.015895 0.0 0.0 0.0 1.0
stairs/seq-02/color/frame-000310.color.png stairs/seq-02/color/frame-000312.color.png 0.999945 0.00865753 -0.00592922 0.00596672 -0.00865315 0.999962 0.000763643 -0.000650175 0.00593568 -0.000712259 0.999982 0.00854927 0.0 0.0 0.0 1.0
stairs/seq-02/color/frame-000312.color.png stairs/seq-02/color/frame-000314.color.png 0.999793 0.0203643 -0.000143374 -0.0101585 -0.0203619 0.999744 0.00986825 -0.00176647 0.000344238 -0.00986329 0.999951 0.02458 0.0 0.0 0.0 1.0
stairs/seq-02/color/frame-000314.color.png stairs/seq-02/color/frame-000316.color.png 0.999794 0.0196223 0.00506787 0.00269991 -0.0196443 0.999798 0.00432489 -0.00198881 -0.00498188 -0.00442353 0.999978 0.0215385 0.0 0.0 0.0 1.0
stairs/seq-02/color/frame-000316.color.png stairs/seq-02/color/frame-000318.color.png 0.999955 -0.00282064 -0.00906276 0.011586 0.00287732 0.999976 0.00623659 -0.0033332 0.009045 -0.0062624 0.999939 0.0167075 0.0 0.0 0.0 1.0
stairs/seq-02/color/frame-000318.color.png stairs/seq-02/color/frame-000320.color.png 0.999966 0.00407121 0.00723356 0.00128853 -0.00414708 0.999936 0.0104823 -0.00564607 -0.00719048 -0.010512 0.999919 0.0177098 0.0 0.0 0.0 1.0
stairs/seq-02/color/frame-000320.color.png stairs/seq-02/color/frame-000322.color.png 0.999628 0.00706981 0.0263343 -0.0154291 -0.00750204 0.999838 0.0163486 -0.00998194 -0.0262145 -0.0165401 0.99952 0.0417386 0.0 0.0 0.0 1.0
stairs/seq-02/color/frame-000322.color.png stairs/seq-02/color/frame-000324.color.png 0.999846 -0.00244891 0.0173788 0.00819582 0.00218559 0.999883 0.015157 -0.0166933 -0.0174139 -0.0151167 0.999734 0.0337124 0.0 0.0 0.0 1.0
stairs/seq-02/color/frame-000324.color.png stairs/seq-02/color/frame-000326.color.png 0.999959 -0.00844122 0.00341944 0.00744408 0.00845281 0.999959 -0.00338718 -0.0051102 -0.00339064 0.00341591 0.999988 0.00978729 0.0 0.0 0.0 1.0
stairs/seq-02/color/frame-000326.color.png stairs/seq-02/color/frame-000328.color.png 0.999771 -0.0130925 0.0169108 0.0112331 0.0132431 0.999873 -0.00882192 -0.0257865 -0.0167933 0.00904379 0.999818 0.0211728 0.0 0.0 0.0 1.0
stairs/seq-02/color/frame-000328.color.png stairs/seq-02/color/frame-000330.color.png 0.999883 -0.00956207 0.0119057 0.000718236 0.00968649 0.999899 -0.0104383 -0.00786978 -0.0118047 0.0105525 0.999875 0.014008 0.0 0.0 0.0 1.0
stairs/seq-02/color/frame-000330.color.png stairs/seq-02/color/frame-000332.color.png 0.999985 -0.00528087 0.00150259 0.00944996 0.005288 0.999975 -0.00477245 -0.0105581 -0.00147735 0.00478026 0.999987 0.00278008 0.0 0.0 0.0 1.0
stairs/seq-02/color/frame-000332.color.png stairs/seq-02/color/frame-000334.color.png 0.999841 -0.00966086 0.0149781 -0.0101664 0.00967913 0.999952 -0.00115015 -0.0170062 -0.0149661 0.00129498 0.999887 0.0210552 0.0 0.0 0.0 1.0
stairs/seq-02/color/frame-000334.color.png stairs/seq-02/color/frame-000336.color.png 0.999807 -0.0141383 0.0136714 -0.00607747 0.0141921 0.999892 -0.00384415 -0.0141344 -0.0136157 0.00403745 0.999899 0.0184536 0.0 0.0 0.0 1.0
stairs/seq-02/color/frame-000336.color.png stairs/seq-02/color/frame-000338.color.png 0.999304 -0.0269931 0.0257561 -0.0215061 0.0269182 0.999632 0.00324686 -0.0260392 -0.0258343 -0.00255132 0.999663 0.0323384 0.0 0.0 0.0 1.0
stairs/seq-02/color/frame-000338.color.png stairs/seq-02/color/frame-000340.color.png 0.998548 -0.0446518 0.0301432 -0.019637 0.04463 0.999003 0.00139598 -0.0403621 -0.0301755 -4.8695e-05 0.999545 0.0386596 0.0 0.0 0.0 1.0
stairs/seq-02/color/frame-000340.color.png stairs/seq-02/color/frame-000342.color.png 0.999715 -0.0237026 -0.0028679 0.00514072 0.023726 0.999683 0.00841739 -0.0235767 0.0026675 -0.00848303 0.99996 0.00491244 0.0 0.0 0.0 1.0
stairs/seq-02/color/frame-000342.color.png stairs/seq-02/color/frame-000344.color.png 0.999373 -0.0297322 0.0192063 -0.0242479 0.0296437 0.999549 0.00487608 -0.0435231 -0.0193427 -0.00430371 0.999804 0.0286724 0.0 0.0 0.0 1.0
stairs/seq-02/color/frame-000344.color.png stairs/seq-02/color/frame-000346.color.png 0.99965 -0.0263059 0.00279017 0.0181252 0.0262863 0.999631 0.0068348 -0.0425381 -0.00296894 -0.00675898 0.999973 0.00182256 0.0 0.0 0.0 1.0
stairs/seq-02/color/frame-000346.color.png stairs/seq-02/color/frame-000348.color.png 0.999818 -0.00458295 0.0184956 -0.0155977 0.00454029 0.999987 0.00235043 -0.0119458 -0.0185062 -0.00226598 0.999826 0.0171246 0.0 0.0 0.0 1.0
stairs/seq-02/color/frame-000348.color.png stairs/seq-02/color/frame-000350.color.png 0.999761 -0.0169034 0.0138788 -0.013635 0.0169706 0.999845 -0.00473702 -0.0129333 -0.0137966 0.00497142 0.999892 0.0174347 0.0 0.0 0.0 1.0
