stairs/seq-02/color/frame-000001.color.png stairs/seq-02/color/frame-000004.color.png 0.999995 0.00303838 -0.000760994 -0.000706949 -0.00303954 0.999994 -0.0015285 0.00106611 0.000756345 0.00153081 0.999998 -0.000385128 0.0 0.0 0.0 1.0
stairs/seq-02/color/frame-000004.color.png stairs/seq-02/color/frame-000007.color.png 0.999937 0.00186395 -0.0111017 0.0005528 -0.00186134 0.999998 0.000245753 0.000410872 0.0111021 -0.000225074 0.999938 0.000120478 0.0 0.0 0.0 1.0
stairs/seq-02/color/frame-000007.color.png stairs/seq-02/color/frame-000010.color.png 0.999998 0.000489369 -0.00176874 0.00183308 -0.000494548 0.999996 -0.00292841 0.0021139 0.00176731 0.00292928 0.999994 4.17428e-06 0.0 0.0 0.0 1.0
stairs/seq-02/color/frame-000010.color.png stairs/seq-02/color/frame-000013.color.png 0.999999 0.0012158 0.00124788 -8.66475e-05 -0.00121436 0.999999 -0.00115344 -0.000552209 -0.00124928 0.00115192 0.999999 0.00330987 0.0 0.0 0.0 1.0
stairs/seq-02/color/frame-000013.color.png stairs/seq-02/color/frame-000016.color.png 0.999998 0.00122238 -0.00139754 0.000328469 -0.00123101 0.99998 -0.0061956 -0.00132807 0.00138994 0.00619731 0.99998 0.00181353 0.0 0.0 0.0 1.0
stairs/seq-02/color/frame-000016.color.png stairs/seq-02/color/frame-000019.color.png 0.999971 -0.0018094 -0.00736489 0.00583025 0.00175234 0.999968 -0.00774591 0.00222861 0.00737867 0.00773278 0.999943 -0.000662715 0.0 0.0 0.0 1.0
stairs/seq-02/color/frame-000019.color.png stairs/seq-02/color/frame-000022.color.png 1.0 -0.00063028 0.000310533 0.000257415 0.000632516 0.999974 -0.00724925 -0.00528324 -0.000305948 0.00724944 0.999974 0.00515105 0.0 0.0 0.0 1.0
stairs/seq-02/color/frame-000022.color.png stairs/seq-02/color/frame-000025.color.png 0.999994 -0.00346904 0.000241641 0.00694988 0.00346792 0.999984 0.00448502 -0.00254024 -0.0002572 -0.00448416 0.99999 0.00731835 0.0 0.0 0.0 1.0
stairs/seq-02/color/frame-000025.color.png stairs/seq-02/color/frame-000028.color.png 0.99998 -0.00626307 0.000630664 0.0111676 0.00625587 0.999922 0.010831 -0.00557821 -0.000698451 -0.0108269 0.999941 0.0151016 0.0 0.0 0.0 1.0
stairs/seq-02/color/frame-000028.color.png stairs/seq-02/color/frame-000031.color.png 0.999927 -0.00403673 0.0113544 0.000625929 0.00396327 0.999971 0.00648505 -0.00598748 -0.0113802 -0.00643958 0.999915 0.0180194 0.0 0.0 0.0 1.0
stairs/seq-02/color/frame-000031.color.png stairs/seq-02/color/frame-000034.color.png 0.999926 -0.00204567 0.0119996 0.00565552 0.00205117 0.999998 -0.000446658 -0.00314198 -0.0119987 0.000471238 0.999928 0.0205271 0.0 0.0 0.0 1.0
stairs/seq-02/color/frame-000034.color.png stairs/seq-02/color/frame-000037.color.png 0.999916 0.00853482 0.00971463 0.0151829 -0.0085644 0.999959 0.00300766 -0.0142051 -0.00968856 -0.00309061 0.999948 0.00865252 0.0 0.0 0.0 1.0
stairs/seq-02/color/frame-000037.color.png stairs/seq-02/color/frame-000040.color.png 0.999967 0.00107142 0.0081008 0.00757798 -0.00105273 0.999997 -0.00231114 -0.00492627 -0.00810325 0.00230254 0.999965 0.0155308 0.0 0.0 0.0 1.0
stairs/seq-02/color/frame-000040.color.png stairs/seq-02/color/frame-000043.color.png 0.999977 -0.00683764 -0.000375086 0.0132404 0.00683291 0.999911 -0.0114266 -0.0148768 0.000453187 0.0114237 0.999935 0.0161586 0.0 0.0 0.0 1.0
stairs/seq-02/color/frame-000043.color.png stairs/seq-02/color/frame-000046.color.png 0.999756 -0.0180194 0.012792 0.0199959 0.0180936 0.99982 -0.00571069 -0.0107173 -0.0126868 0.00594075 0.999902 0.012125 0.0 0.0 0.0 1.0
stairs/seq-02/color/frame-000046.color.png stairs/seq-02/color/frame-000049.color.png 0.999664 -0.020332 0.0160831 0.0134835 0.0204518 0.999764 -0.00731923 -0.0202804 -0.0159305 0.00764569 0.999844 0.0142607 0.0 0.0 0.0 1.0
stairs/seq-02/color/frame-000049.color.png stairs/seq-02/color/frame-000052.color.png 0.999927 -0.0106189 0.00577757 0.0118556 0.0106575 0.999921 -0.00669593 -0.0121467 -0.00570602 0.00675701 0.999961 0.00459467 0.0 0.0 0.0 1.0
stairs/seq-02/color/frame-000052.color.png stairs/seq-02/color/frame-000055.color.png 0.999816 -0.0172391 0.0084574 0.010716 0.0172323 0.999851 0.000873917 -0.0145752 -0.0084712 -0.000728013 0.999964 0.00807154 0.0 0.0 0.0 1.0
stairs/seq-02/color/frame-000055.color.png stairs/seq-02/color/frame-000058.color.png 0.99975 -0.0192712 0.0113583 0.0127971 0.0191992 0.999795 0.00641607 -0.00210339 -0.0114797 -0.00619639 0.999915 0.00654642 0.0 0.0 0.0 1.0
stairs/seq-02/color/frame-000058.color.png stairs/seq-02/color/frame-000061.color.png 0.99986 -0.0157276 0.00577353 0.00159566 0.0156941 0.99986 0.00579753 -0.0125576 -0.00586388 -0.00570611 0.999967 0.0106042 0.0 0.0 0.0 1.0
stairs/seq-02/color/frame-000061.color.png stairs/seq-02/color/frame-000064.color.png 0.999934 -0.010747 0.00398418 0.009231 0.0107475 0.999942 -7.8441e-05 -0.000171408 -0.00398312 0.000121258 0.999992 0.00714454 0.0 0.0 0.0 1.0
stairs/seq-02/color/frame-000064.color.png stairs/seq-02/color/frame-000067.color.png 0.99992 0.00624008 -0.0109636 0.0217433 -0.00622685 0.99998 0.00124223 -0.0112921 0.0109711 -0.00117387 0.999939 -0.00395437 0.0 0.0 0.0 1.0
stairs/seq-02/color/frame-000067.color.png stairs/seq-02/color/frame-000070.color.png 0.999872 0.0143253 -0.0071395 0.000462249 -0.0144046 0.999834 -0.0111888 0.00209002 0.00697805 0.0112902 0.999912 0.0166393 0.0 0.0 0.0 1.0
stairs/seq-02/color/frame-000070.color.png stairs/seq-02/color/frame-000073.color.png 0.999784 0.0168924 -0.0120879 0.0194914 -0.0170376 0.999783 -0.0120095 -0.000103891 0.0118824 0.0122129 0.999855 0.00410812 0.0 0.0 0.0 1.0
stairs/seq-02/color/frame-000073.color.png stairs/seq-02/color/frame-000076.color.png 0.999702 0.0222359 -0.0100361 0.0322026 -0.022388 0.999632 -0.0153013 -0.00582753 0.00969215 0.0155215 0.999833 -0.0115191 0.0 0.0 0.0 1.0
stairs/seq-02/color/frame-000076.color.png stairs/seq-02/color/frame-000079.color.png 0.999929 0.0118657 0.00129642 0.0141501 -0.0118465 0.999833 -0.0139158 0.0103349 -0.00146133 0.0138994 0.999902 0.00846687 0.0 0.0 0.0 1.0
stairs/seq-02/color/frame-000079.color.png stairs/seq-02/color/frame-000082.color.png 0.999937 0.0104809 0.00406894 0.0184653 -0.0104323 0.999876 -0.0117864 0.019251 -0.00419197 0.0117432 0.999922 0.0123312 0.0 0.0 0.0 1.0
stairs/seq-02/color/frame-000082.color.png stairs/seq-02/color/frame-000085.color.png 0.999912 0.00559109 -0.0120217 0.0530593 -0.00555201 0.999979 0.00328245 -0.00755428 0.0120398 -0.00321542 0.999922 -0.0163478 0.0 0.0 0.0 1.0
stairs/seq-02/color/frame-000085.color.png stairs/seq-02/color/frame-000088.color.png 0.999896 0.00435384 0.0137506 0.0135957 -0.00428827 0.999979 -0.0047945 0.0189058 -0.0137712 0.00473505 0.999894 0.0138088 0.0 0.0 0.0 1.0
stairs/seq-02/color/frame-000088.color.png stairs/seq-02/color/frame-000091.color.png 0.999989 0.00232466 0.00399407 0.0291647 -0.0023365 0.999993 0.00296388 0.0162703 -0.00398715 -0.00297319 0.999988 -0.00107744 0.0 0.0 0.0 1.0
stairs/seq-02/color/frame-000091.color.png stairs/seq-02/color/frame-000094.color.png 0.999923 -0.00648536 -0.0106066 0.042533 0.00646688 0.999978 -0.00177566 0.0124192 0.0106179 0.00170694 0.999942 -0.00417407 0.0 0.0 0.0 1.0
stairs/seq-02/color/frame-000094.color.png stairs/seq-02/color/frame-000097.color.png 0.999978 0.00136749 0.00649489 0.00360167 -0.00136437 0.999999 -0.000483567 0.0114733 -0.00649555 0.000474702 0.999979 0.0157413 0.0 0.0 0.0 1.0
stairs/seq-02/color/frame-000097.color.png stairs/seq-02/color/frame-000100.color.png 0.999994 0.00338668 0.000547968 0.0208039 -0.00339009 0.999974 0.00632837 0.00673832 -0.00052651 -0.00633023 0.99998 -0.00661315 0.0 0.0 0.0 1.0
stairs/seq-02/color/frame-000100.color.png stairs/seq-02/color/frame-000103.color.png 0.99995 -0.00226258 -0.00970367 0.0294236 0.00221925 0.999987 -0.00447353 0.0106977 0.00971366 0.00445179 0.999943 0.00288627 0.0 0.0 0.0 1.0
stairs/seq-02/color/frame-000103.color.png stairs/seq-02/color/frame-000106.color.png 0.999967 -0.00617774 -0.0052945 0.030742 0.00619358 0.999976 0.0029814 -0.0118507 0.00527596 -0.00301412 0.999982 0.000949889 0.0 0.0 0.0 1.0
stairs/seq-02/color/frame-000106.color.png stairs/seq-02/color/frame-000109.color.png 0.999918 -0.0114652 0.00571883 0.0101202 0.0114602 0.999934 0.000914416 -0.0117291 -0.00572893 -0.000848789 0.999983 0.0136241 0.0 0.0 0.0 1.0
stairs/seq-02/color/frame-000109.color.png stairs/seq-02/color/frame-000112.color.png 0.999616 -0.0213474 0.0176805 -0.00330469 0.0213154 0.999771 0.00199165 -0.00762946 -0.0177189 -0.00161403 0.999842 0.0198629 0.0 0.0 0.0 1.0
stairs/seq-02/color/frame-000112.color.png stairs/seq-02/color/frame-000115.color.png 0.999208 -0.0176349 0.035661 -0.0362052 0.0174214 0.999828 0.00628813 0.0133787 -0.0357658 -0.00566188 0.999344 0.0447008 0.0 0.0 0.0 1.0
stairs/seq-02/color/frame-000115.color.png stairs/seq-02/color/frame-000118.color.png 0.999183 -0.0403081 0.00292025 0.0829998 0.0402383 0.99897 0.0209583 -0.0497532 -0.00376204 -0.0208237 0.999776 0.000429288 0.0 0.0 0.0 1.0
stairs/seq-02/color/frame-000118.color.png stairs/seq-02/color/frame-000121.color.png 0.999988 -0.0049202 -0.000336142 0.00155824 0.00491557 0.999909 -0.0125545 0.00966492 0.000397892 0.0125526 0.999921 0.00244953 0.0 0.0 0.0 1.0
stairs/seq-02/color/frame-000121.color.png stairs/seq-02/color/frame-000124.color.png 0.999939 -0.00741491 0.00819763 -0.0128215 0.00723132 0.999727 0.0222064 -0.0249904 -0.00836004 -0.0221457 0.99972 0.00268494 0.0 0.0 0.0 1.0
stairs/seq-02/color/frame-000124.color.png stairs/seq-02/color/frame-000127.color.png 0.999961 0.00797025 -0.00377513 -0.00451988 -0.00799 0.999954 -0.00525213 0.00534537 0.00373307 0.00528209 0.999979 -0.00194323 0.0 0.0 0.0 1.0
stairs/seq-02/color/frame-000127.color.png stairs/seq-02/color/frame-000130.color.png 0.999237 0.0245253 -0.0303909 0.0374641 -0.02489 0.999622 -0.0116817 0.0358022 0.0300929 0.0124292 0.99947 -0.0212799 0.0 0.0 0.0 1.0
stairs/seq-02/color/frame-000130.color.png stairs/seq-02/color/frame-000133.color.png 0.999585 0.0274485 -0.00868445 0.0024159 -0.0274726 0.999619 -0.00266778 0.031246 0.00860792 0.00290527 0.999959 -0.0180631 0.0 0.0 0.0 1.0
stairs/seq-02/color/frame-000133.color.png stairs/seq-02/color/frame-000136.color.png 0.997458 0.0677399 -0.0220998 -0.0150654 -0.0680366 0.997599 -0.0129613 0.0866273 0.0211687 0.014432 0.999672 -0.0365661 0.0 0.0 0.0 1.0
stairs/seq-02/color/frame-000136.color.png stairs/seq-02/color/frame-000139.color.png 0.999047 0.0371037 -0.0230017 -0.00619954 -0.0372767 0.999279 -0.0071391 0.0563265 0.0227202 0.00798972 0.99971 -0.0254956 0.0 0.0 0.0 1.0
stairs/seq-02/color/frame-000139.color.png stairs/seq-02/color/frame-000142.color.png 0.997645 0.039168 -0.056312 0.0348349 -0.0386062 0.999194 0.0110297 0.0265003 0.0566986 -0.00882974 0.998352 -0.0559813 0.0 0.0 0.0 1.0
stairs/seq-02/color/frame-000142.color.png stairs/seq-02/color/frame-000145.color.png 0.999503 0.016921 -0.0266088 0.0151977 -0.0170186 0.999849 -0.00344634 0.0140142 0.0265464 0.00389747 0.99964 -0.0340948 0.0 0.0 0.0 1.0
stairs/seq-02/color/frame-000145.color.png stairs/seq-02/color/frame-000148.color.png 0.999746 0.0148887 -0.0169084 0.00707364 -0.0150965 0.999811 -0.0122303 0.0158628 0.0167231 0.0124824 0.999782 -0.0262198 0.0 0.0 0.0 1.0
stairs/seq-02/color/frame-000148.color.png stairs/seq-02/color/frame-000151.color.png 0.999656 0.0218198 -0.0145661 0.0153242 -0.0220643 0.999615 -0.0168397 0.0252886 0.014193 0.0171553 0.999752 -0.0215643 0.0 0.0 0.0 1.0
stairs/seq-02/color/frame-000151.color.png stairs/seq-02/color/frame-000154.color.png 0.999768 0.0196017 0.00896694 0.00083375 -0.0195262 0.999774 -0.00842411 0.021363 -0.00913004 0.00824703 0.999924 -0.00560148 0.0 0.0 0.0 1.0
stairs/seq-02/color/frame-000154.color.png stairs/seq-02/color/frame-000157.color.png 0.999823 0.0171967 0.00767219 0.00914735 -0.0172089 0.999851 0.00152758 0.0125938 -0.00764476 -0.00165932 0.999969 0.0135015 0.0 0.0 0.0 1.0
stairs/seq-02/color/frame-000157.color.png stairs/seq-02/color/frame-000160.color.png 0.999866 0.0144335 0.00774663 0.00117457 -0.0144068 0.99989 -0.00349396 0.00438888 -0.00779622 0.00338189 0.999964 0.0106113 0.0 0.0 0.0 1.0
stairs/seq-02/color/frame-000160.color.png stairs/seq-02/color/frame-000163.color.png 0.9999 -0.00156602 0.0140324 0.00971264 0.00169239 0.999958 -0.00899902 -0.00577247 -0.0140177 0.00902184 0.999861 0.00709449 0.0 0.0 0.0 1.0
stairs/seq-02/color/frame-000163.color.png stairs/seq-02/color/frame-000166.color.png 0.999883 -0.00334724 -0.0149385 0.0862793 0.00329943 0.999989 -0.00322382 0.0160799 0.0149491 0.00317416 0.999883 -0.0153022 0.0 0.0 0.0 1.0
stairs/seq-02/color/frame-000166.color.png stairs/seq-02/color/frame-000169.color.png 0.999925 0.00587359 0.0107832 0.00518221 -0.00583442 0.999976 -0.00366328 -0.00100136 -0.0108044 0.0036001 0.999935 0.0146973 0.0 0.0 0.0 1.0
stairs/seq-02/color/frame-000169.color.png stairs/seq-02/color/frame-000172.color.png 0.999713 0.0233713 0.0052377 -8.28505e-06 -0.0233422 0.999712 -0.00554983 0.0137296 -0.0053659 0.00542598 0.999971 0.00492114 0.0 0.0 0.0 1.0
stairs/seq-02/color/frame-000172.color.png stairs/seq-02/color/frame-000175.color.png 0.99969 0.0206453 -0.0139354 0.00558037 -0.0208634 0.999659 -0.0156963 0.0276944 0.0136066 0.0159822 0.99978 -0.0187765 0.0 0.0 0.0 1.0
stairs/seq-02/color/frame-000175.color.png stairs/seq-02/color/frame-000178.color.png 0.998176 0.0424342 -0.0429447 0.0165053 -0.0426794 0.999077 -0.00480908 0.0447672 0.042701 0.00663315 0.999066 -0.04902 0.0 0.0 0.0 1.0
stairs/seq-02/color/frame-000178.color.png stairs/seq-02/color/frame-000181.color.png 0.999377 0.0204619 -0.0287664 0.0184768 -0.0209781 0.999622 -0.0177617 0.0437824 0.0283921 0.0183542 0.999428 -0.0432325 0.0 0.0 0.0 1.0
stairs/seq-02/color/frame-000181.color.png stairs/seq-02/color/frame-000184.color.png 0.999183 0.030956 -0.0259874 -0.000859082 -0.0306725 0.999466 0.011238 0.0452415 0.0263213 -0.0104317 0.999599 -0.0370803 0.0 0.0 0.0 1.0
stairs/seq-02/color/frame-000184.color.png stairs/seq-02/color/frame-000187.color.png 0.999731 0.0112911 -0.0202513 0.00862616 -0.0113547 0.999931 -0.003021 0.0241114 0.0202159 0.00325014 0.99979 -0.0437278 0.0 0.0 0.0 1.0
stairs/seq-02/color/frame-000187.color.png stairs/seq-02/color/frame-000190.color.png 0.999521 0.0199111 -0.0236796 0.0234701 -0.0201319 0.999756 -0.00912439 0.0414771 0.0234921 0.00959673 0.999678 -0.0574785 0.0 0.0 0.0 1.0
stairs/seq-02/color/frame-000190.color.png stairs/seq-02/color/frame-000193.color.png 0.999918 0.0107916 -0.00695361 -0.00824982 -0.0108507 0.999905 -0.00851985 0.0226579 0.00686103 0.00859463 0.99994 -0.0410835 0.0 0.0 0.0 1.0
stairs/seq-02/color/frame-000193.color.png stairs/seq-02/color/frame-000196.color.png 0.999423 0.012591 -0.0315491 0.0178103 -0.0131 0.999787 -0.0159801 0.042457 0.0313412 0.0163842 0.999374 -0.0463799 0.0 0.0 0.0 1.0
stairs/seq-02/color/frame-000196.color.png stairs/seq-02/color/frame-000199.color.png 0.999694 0.0223659 -0.0105359 0.00361598 -0.0223587 0.99975 0.000804235 0.0285097 0.0105512 -0.00056844 0.999944 -0.0317448 0.0 0.0 0.0 1.0
stairs/seq-02/color/frame-000199.color.png stairs/seq-02/color/frame-000202.color.png 0.999899 0.00724856 -0.0121963 -0.00453311 -0.00729319 0.999967 -0.00361481 0.0222775 0.0121697 0.00370337 0.999919 -0.0291855 0.0 0.0 0.0 1.0
stairs/seq-02/color/frame-000202.color.png stairs/seq-02/color/frame-000205.color.png 0.999989 -0.000587355 0.00457095 -0.00127345 0.000608878 0.999989 -0.00471256 0.00673223 -0.00456809 0.0047153 0.999978 -0.00411211 0.0 0.0 0.0 1.0
stairs/seq-02/color/frame-000205.color.png stairs/seq-02/color/frame-000208.color.png 0.9996 -0.0281887 -0.00226468 0.0172638 0.0281523 0.999494 -0.0147857 -0.0147628 0.0026802 0.0147161 0.999888 -0.015872 0.0 0.0 0.0 1.0
stairs/seq-02/color/frame-000208.color.png stairs/seq-02/color/frame-000211.color.png 0.999585 -0.0154387 0.0243279 0.0165591 0.0154704 0.99988 -0.00111529 -0.0201749 -0.0243077 0.0014912 0.999703 0.0204169 0.0 0.0 0.0 1.0
stairs/seq-02/color/frame-000211.color.png stairs/seq-02/color/frame-000214.color.png 0.999438 -0.0302525 0.0144127 0.0206239 0.0301631 0.999525 0.00638012 -0.00415894 -0.0145989 -0.00594187 0.999876 0.0353184 0.0 0.0 0.0 1.0
stairs/seq-02/color/frame-000214.color.png stairs/seq-02/color/frame-000217.color.png 0.999608 -0.0223912 0.0167992 0.000341654 0.0221547 0.999655 0.0141318 -0.0191292 -0.0171099 -0.0137541 0.999759 0.0275779 0.0 0.0 0.0 1.0
stairs/seq-02/color/frame-000217.color.png stairs/seq-02/color/frame-000220.color.png 0.99993 0.00439238 -0.0109754 0.0178767 -0.00432407 0.999971 0.00624347 0.0139104 0.0110025 -0.00619555 0.99992 -0.0144365 0.0 0.0 0.0 1.0
stairs/seq-02/color/frame-000220.color.png stairs/seq-02/color/frame-000223.color.png 0.998892 0.0351025 -0.0313376 -0.00575221 -0.0352668 0.999367 -0.00470655 0.0510866 0.0311526 0.00580657 0.999498 -0.051566 0.0 0.0 0.0 1.0
stairs/seq-02/color/frame-000223.color.png stairs/seq-02/color/frame-000226.color.png 0.999382 0.0346317 -0.0059583 -0.00727862 -0.034647 0.999397 -0.00249006 0.0501826 0.00586847 0.00269491 0.999979 -0.035119 0.0 0.0 0.0 1.0
stairs/seq-02/color/frame-000226.color.png stairs/seq-02/color/frame-000229.color.png 0.999609 0.0276437 -0.00425862 -0.00544822 -0.0277251 0.999407 -0.020418 0.0642098 0.00369162 0.020528 0.999783 -0.0412273 0.0 0.0 0.0 1.0
stairs/seq-02/color/frame-000229.color.png stairs/seq-02/color/frame-000232.color.png 0.999574 0.0289729 -0.00346914 -0.00712627 -0.0289864 0.999572 -0.003931 0.042987 0.00335385 0.00402996 0.999986 -0.0298933 0.0 0.0 0.0 1.0
stairs/seq-02/color/frame-000232.color.png stairs/seq-02/color/frame-000235.color.png 0.999496 0.0154247 -0.0277612 0.00356936 -0.0159296 0.99971 -0.0180607 0.0290226 0.0274745 0.0184937 0.999451 -0.0576907 0.0 0.0 0.0 1.0
stairs/seq-02/color/frame-000235.color.png stairs/seq-02/color/frame-000238.color.png 0.999864 0.00754156 -0.0146968 -0.00399184 -0.00778762 0.999829 -0.016762 0.00919342 0.0145679 0.0168742 0.999752 -0.0428847 0.0 0.0 0.0 1.0
stairs/seq-02/color/frame-000238.color.png stairs/seq-02/color/frame-000241.color.png 0.999884 -0.0121232 -0.00920242 0.0442192 0.0119373 0.999729 -0.0199793 -0.0164589 0.00944217 0.0198672 0.999758 -0.045751 0.0 0.0 0.0 1.0
stairs/seq-02/color/frame-000241.color.png stairs/seq-02/color/frame-000244.color.png 0.99851 -0.0387684 0.0384075 -0.0101342 0.0406857 0.997897 -0.0504655 -0.0171871 -0.0363703 0.0519529 0.997987 0.0110803 0.0 0.0 0.0 1.0
stairs/seq-02/color/frame-000244.color.png stairs/seq-02/color/frame-000247.color.png 0.999924 -0.00835591 0.00911279 0.00432128 0.00847354 0.99988 -0.0129473 -0.0126414 -0.00900354 0.0130235 0.999875 0.00158694 0.0 0.0 0.0 1.0
stairs/seq-02/color/frame-000247.color.png stairs/seq-02/color/frame-000250.color.png 0.999609 -0.0273489 0.00585335 0.00669223 0.0274944 0.999273 -0.0264142 -0.0349217 -0.00512667 0.0265648 0.999634 -0.000159949 0.0 0.0 0.0 1.0
stairs/seq-02/color/frame-000250.color.png stairs/seq-02/color/frame-000253.color.png 0.999996 0.00262986 0.00119898 -0.00156957 -0.0026168 0.999939 -0.0107628 0.00352812 -0.00122715 0.0107596 0.999941 0.00662756 0.0 0.0 0.0 1.0
stairs/seq-02/color/frame-000253.color.png stairs/seq-02/color/frame-000256.color.png 0.999874 0.0153221 -0.00410655 -0.0274414 -0.0152544 0.999755 0.0160282 -0.00245166 0.00435104 -0.0159636 0.999863 0.0230855 0.0 0.0 0.0 1.0
stairs/seq-02/color/frame-000256.color.png stairs/seq-02/color/frame-000259.color.png 0.999973 0.00590543 0.0043895 -0.0184859 -0.00597326 0.999861 0.015596 -0.022465 -0.00429674 -0.0156218 0.999869 0.0359155 0.0 0.0 0.0 1.0
stairs/seq-02/color/frame-000259.color.png stairs/seq-02/color/frame-000262.color.png 0.999969 0.00527834 -0.00578338 -0.00979483 -0.00522831 0.999949 0.00864252 -0.0104317 0.00582871 -0.00861196 0.999946 0.0321164 0.0 0.0 0.0 1.0
stairs/seq-02/color/frame-000262.color.png stairs/seq-02/color/frame-000265.color.png 0.999995 0.00109173 0.00286677 -0.0103999 -0.0011122 0.999974 0.00715858 -0.0269473 -0.00285894 -0.00716174 0.99997 0.0357412 0.0 0.0 0.0 1.0
stairs/seq-02/color/frame-000265.color.png stairs/seq-02/color/frame-000268.color.png 0.999871 0.0132976 -0.00904072 -0.0306032 -0.0131698 0.999815 0.0140401 -0.0164748 0.00922578 -0.0139193 0.99986 0.0306462 0.0 0.0 0.0 1.0
stairs/seq-02/color/frame-000268.color.png stairs/seq-02/color/frame-000271.color.png 0.999866 -0.00388431 -0.0159177 -0.0200749 0.00382603 0.999986 -0.00368398 -0.0365126 0.0159319 0.0036226 0.999866 0.0240295 0.0 0.0 0.0 1.0
stairs/seq-02/color/frame-000271.color.png stairs/seq-02/color/frame-000274.color.png 0.999611 0.00377864 -0.0276141 0.00278002 -0.00350719 0.999945 0.00987016 -0.0283137 0.0276499 -0.00976945 0.99957 -0.00430699 0.0 0.0 0.0 1.0
stairs/seq-02/color/frame-000274.color.png stairs/seq-02/color/frame-000277.color.png 0.99988 0.0148639 0.00439075 -0.0227297 -0.0148552 0.999888 -0.0020003 -0.0149488 -0.00442009 0.00193478 0.999988 0.0329783 0.0 0.0 0.0 1.0
stairs/seq-02/color/frame-000277.color.png stairs/seq-02/color/frame-000280.color.png 0.999934 0.00662974 -0.00934237 -0.0235237 -0.00649554 0.999876 0.0143188 -0.0161839 0.00943619 -0.0142572 0.999854 0.0281651 0.0 0.0 0.0 1.0
stairs/seq-02/color/frame-000280.color.png stairs/seq-02/color/frame-000283.color.png 0.999851 -0.00827703 -0.0151393 -0.00787622 0.00839767 0.999933 0.00792029 -0.0362548 0.0150727 -0.00804616 0.999854 0.0264338 0.0 0.0 0.0 1.0
stairs/seq-02/color/frame-000283.color.png stairs/seq-02/color/frame-000286.color.png 0.999938 -0.00378244 -0.0105247 -0.00466877 0.0037422 0.999986 -0.00382867 -0.0210196 0.010539 0.00378904 0.999937 0.0117281 0.0 0.0 0.0 1.0
stairs/seq-02/color/frame-000286.color.png stairs/seq-02/color/frame-000289.color.png 0.999926 -0.00635989 -0.0104147 -0.0112861 0.00630757 0.999967 -0.00505301 -0.0101686 0.0104465 0.0049869 0.999933 0.0102312 0.0 0.0 0.0 1.0
stairs/seq-02/color/frame-000289.color.png stairs/seq-02/color/frame-000292.color.png 0.999972 -0.00612679 0.00423257 -0.0122693 0.00617189 0.999923 -0.01074 -0.0116335 -0.00416642 0.0107658 0.999933 0.0157753 0.0 0.0 0.0 1.0
stairs/seq-02/color/frame-000292.color.png stairs/seq-02/color/frame-000295.color.png 0.999961 -0.00712427 -0.00522727 0.00159425 0.00711756 0.999974 -0.00130193 -0.0163609 0.00523633 0.00126466 0.999986 0.00123218 0.0 0.0 0.0 1.0
stairs/seq-02/color/frame-000295.color.png stairs/seq-02/color/frame-000298.color.png 0.999952 0.00977781 -0.00060524 -0.00468493 -0.00977959 0.999948 -0.00302178 0.00516251 0.000575714 0.00302757 0.999995 0.00176329 0.0 0.0 0.0 1.0
stairs/seq-02/color/frame-000298.color.png stairs/seq-02/color/frame-000301.color.png 0.999998 0.00118129 0.00176718 0.0041641 -0.0011645 0.999954 -0.00951243 0.00431055 -0.00177836 0.00951028 0.999953 -0.0026166 0.0 0.0 0.0 1.0
stairs/seq-02/color/frame-000301.color.png stairs/seq-02/color/frame-000304.color.png 0.999616 -0.0165087 -0.0222513 0.0013364 0.0161419 0.999732 -0.0165678 -0.0136619 0.0225188 0.0162022 0.999615 -0.0057183 0.0 0.0 0.0 1.0
stairs/seq-02/color/frame-000304.color.png stairs/seq-02/color/frame-000307.color.png 0.999768 -0.0183652 0.0112454 0.00779474 0.0186171 0.999569 -0.0227082 -0.0268548 -0.0108235 0.0229124 0.999679 0.0139007 0.0 0.0 0.0 1.0
stairs/seq-02/color/frame-000307.color.png stairs/seq-02/color/frame-000310.color.png 0.999959 0.00712537 -0.00555323 -0.00802863 -0.00715666 0.999959 -0.00561865 -0.000999972 0.00551296 0.00565818 0.999969 0.0232465 0.0 0.0 0.0 1.0
stairs/seq-02/color/frame-000310.color.png stairs/seq-02/color/frame-000313.color.png 0.999899 0.0113362 -0.00858524 0.00943261 -0.0113016 0.999928 0.00407124 0.00027898 0.00863077 -0.00397374 0.999955 0.010259 0.0 0.0 0.0 1.0
stairs/seq-02/color/frame-000313.color.png stairs/seq-02/color/frame-000316.color.png 0.99942 0.033954 -0.00268392 0.0112835 -0.0339311 0.999391 0.00815297 0.00304836 0.00295908 -0.00805726 0.999963 0.0291813 0.0 0.0 0.0 1.0
stairs/seq-02/color/frame-000316.color.png stairs/seq-02/color/frame-000319.color.png 0.999974 0.00708979 -0.00132097 0.00506461 -0.00706319 0.999791 0.0191665 -0.0187994 0.00145656 -0.0191566 0.999815 0.0229513 0.0 0.0 0.0 1.0
stairs/seq-02/color/frame-000319.color.png stairs/seq-02/color/frame-000322.color.png 0.999646 0.0110978 0.0241911 0.00111169 -0.0115765 0.999738 0.0197338 -0.00801582 -0.0239657 -0.0200068 0.999512 0.0461018 0.0 0.0 0.0 1.0
stairs/seq-02/color/frame-000322.color.png stairs/seq-02/color/frame-000325.color.png 0.999561 -0.0100619 0.0278653 -0.0120024 0.00961243 0.999822 0.0162209 -0.0236664 -0.0280237 -0.0159459 0.99948 0.0565683 0.0 0.0 0.0 1.0
stairs/seq-02/color/frame-000325.color.png stairs/seq-02/color/frame-000328.color.png 0.999504 -0.0204115 0.0239929 0.000739694 0.020868 0.999603 -0.0189346 -0.0164821 -0.0235969 0.0194259 0.999533 0.0313471 0.0 0.0 0.0 1.0
stairs/seq-02/color/frame-000328.color.png stairs/seq-02/color/frame-000331.color.png 0.999836 -0.0140284 0.0114149 0.000996828 0.0141718 0.99982 -0.0125848 -0.0200624 -0.0112364 0.0127445 0.999856 0.0111354 0.0 0.0 0.0 1.0
stairs/seq-02/color/frame-000331.color.png stairs/seq-02/color/frame-000334.color.png 0.999664 -0.00788692 0.0246965 -0.0169452 0.00794561 0.999966 -0.00228122 -0.016884 -0.0246776 0.00247659 0.999692 0.0278175 0.0 0.0 0.0 1.0
stairs/seq-02/color/frame-000334.color.png stairs/seq-02/color/frame-000337.color.png 0.998718 -0.0374112 0.0341064 -0.0231898 0.0375354 0.999291 -0.00300532 -0.0332122 -0.0339698 0.00428177 0.999414 0.0482351 0.0 0.0 0.0 1.0
stairs/seq-02/color/frame-000337.color.png stairs/seq-02/color/frame-000340.color.png 0.998075 -0.0470236 0.040438 -0.032181 0.0466939 0.998868 0.00905991 -0.0574399 -0.0408183 -0.00715426 0.999141 0.0473652 0.0 0.0 0.0 1.0
stairs/seq-02/color/frame-000340.color.png stairs/seq-02/color/frame-000343.color.png 0.999112 -0.0421049 -0.00141848 0.0101459 0.0421251 0.998903 0.0204428 -0.0665666 0.000556197 -0.0204843 0.99979 0.0205308 0.0 0.0 0.0 1.0
stairs/seq-02/color/frame-000343.color.png stairs/seq-02/color/frame-000346.color.png 0.99905 -0.0391431 0.0191481 -0.00823122 0.0392543 0.999214 -0.00546107 -0.0316778 -0.0189193 0.0062075 0.999802 0.0125984 0.0 0.0 0.0 1.0
stairs/seq-02/color/frame-000346.color.png stairs/seq-02/color/frame-000349.color.png 0.999538 -0.0167634 0.0253572 -0.0242028 0.0167069 0.999857 0.00243718 -0.0298129 -0.0253945 -0.00201239 0.999676 0.0291838 0.0 0.0 0.0 1.0
stairs/seq-02/color/frame-000349.color.png stairs/seq-02/color/frame-000352.color.png 0.999697 -0.0201987 0.0140379 -0.0080108 0.0204331 0.999651 -0.0167613 -0.00203972 -0.0136944 0.017043 0.999761 0.0252564 0.0 0.0 0.0 1.0
stairs/seq-02/color/frame-000352.color.png stairs/seq-02/color/frame-000355.color.png 0.999473 -0.014781 0.0288902 -0.0538592 0.0150753 0.999836 -0.00999757 -0.0186497 -0.0287377 0.0104279 0.999532 0.0188541 0.0 0.0 0.0 1.0
stairs/seq-02/color/frame-000355.color.png stairs/seq-02/color/frame-000358.color.png 0.999859 -0.00147842 0.0167398 -0.0212427 0.00157443 0.999983 -0.00572169 -0.00287811 -0.016731 0.00574728 0.999844 0.00990814 0.0 0.0 0.0 1.0
stairs/seq-02/color/frame-000358.color.png stairs/seq-02/color/frame-000361.color.png 0.999978 -0.00509909 -0.00429243 0.0034976 0.00510806 0.999985 0.00208025 -0.0175214 0.00428177 -0.00210216 0.999989 0.00365761 0.0 0.0 0.0 1.0
stairs/seq-02/color/frame-000361.color.png stairs/seq-02/color/frame-000364.color.png 0.999847 -0.0163297 0.00631005 -0.00721878 0.0163643 0.999851 -0.00546455 -0.0188468 -0.00621986 0.00556704 0.999965 0.0081588 0.0 0.0 0.0 1.0
stairs/seq-02/color/frame-000364.color.png stairs/seq-02/color/frame-000367.color.png 0.999891 -0.0124314 0.00803342 -0.0066461 0.0125078 0.999876 -0.00954314 -0.0191432 -0.0079138 0.00964248 0.999922 0.0129058 0.0 0.0 0.0 1.0
stairs/seq-02/color/frame-000367.color.png stairs/seq-02/color/frame-000370.color.png 0.999872 -0.0112727 0.0113804 -0.00360864 0.0114592 0.999799 -0.0164551 -0.00833387 -0.0111926 0.0165834 0.9998 0.015858 0.0 0.0 0.0 1.0
stairs/seq-02/color/frame-000370.color.png stairs/seq-02/color/frame-000373.color.png 0.999941 -0.00285179 0.0105007 0.0017851 0.00287018 0.999994 -0.00173895 -0.01112 -0.0104957 0.00176901 0.999943 0.0231259 0.0 0.0 0.0 1.0
stairs/seq-02/color/frame-000373.color.png stairs/seq-02/color/frame-000376.color.png 0.999925 -0.000355642 0.0122432 -0.00194299 0.000404959 0.999992 -0.00402338 -0.0209607 -0.0122417 0.00402808 0.999917 0.0145861 0.0 0.0 0.0 1.0
stairs/seq-02/color/frame-000376.color.png stairs/seq-02/color/frame-000379.color.png 0.999886 0.000779505 0.0150755 0.00641155 -0.000436233 0.999741 -0.0227607 -0.0187894 -0.0150893 0.0227515 0.999627 0.0195674 0.0 0.0 0.0 1.0
stairs/seq-02/color/frame-000379.color.png stairs/seq-02/color/frame-000382.color.png 0.999952 0.00190886 0.00956879 0.0299891 -0.00172054 0.999805 -0.0196499 -0.00706945 -0.00960445 0.0196326 0.999761 0.00688878 0.0 0.0 0.0 1.0
stairs/seq-02/color/frame-000382.color.png stairs/seq-02/color/frame-000385.color.png 0.999625 0.00743488 0.0263437 0.00167614 -0.00748228 0.999971 0.0017019 -0.000702277 -0.0263302 -0.00189841 0.999652 0.0207393 0.0 0.0 0.0 1.0
stairs/seq-02/color/frame-000385.color.png stairs/seq-02/color/frame-000388.color.png 0.99985 -0.00466068 0.0166914 0.00597245 0.00430872 0.999769 0.0210571 -0.0198981 -0.0167857 -0.0209821 0.999639 0.0227497 0.0 0.0 0.0 1.0
stairs/seq-02/color/frame-000388.color.png stairs/seq-02/color/frame-000391.color.png 0.999858 -0.0143651 0.00880577 0.00934857 0.0142586 0.999826 0.0120482 -0.0194534 -0.0089773 -0.011921 0.999889 0.0136001 0.0 0.0 0.0 1.0
stairs/seq-02/color/frame-000391.color.png stairs/seq-02/color/frame-000394.color.png 0.999848 -0.0173208 0.00198216 0.0257494 0.0173139 0.999844 0.00343229 -0.0210298 -0.00204128 -0.00339741 0.999992 -0.00585195 0.0 0.0 0.0 1.0
stairs/seq-02/color/frame-000394.color.png stairs/seq-02/color/frame-000397.color.png 0.999719 -0.014153 0.0190227 -0.00529087 0.0141233 0.999899 0.00169133 -0.0147655 -0.0190447 -0.0014222 0.999818 0.0334522 0.0 0.0 0.0 1.0
stairs/seq-02/color/frame-000397.color.png stairs/seq-02/color/frame-000400.color.png 0.999473 -0.0191578 0.0261996 -0.0265352 0.0190853 0.999813 0.00301733 -0.0366733 -0.0262525 -0.00251573 0.999652 0.0358767 0.0 0.0 0.0 1.0
stairs/seq-02/color/frame-000400.color.png stairs/seq-02/color/frame-000403.color.png 0.999551 -0.0169009 0.0247296 -0.0321344 0.0169771 0.999852 -0.00287824 -0.0291049 -0.0246772 0.00329678 0.99969 0.0391613 0.0 0.0 0.0 1.0
stairs/seq-02/color/frame-000403.color.png stairs/seq-02/color/frame-000406.color.png 0.999947 -0.00102873 0.0102197 -0.0223994 0.00102424 0.999999 0.000443665 -0.0149602 -0.0102202 -0.000433093 0.999948 0.0261353 0.0 0.0 0.0 1.0
stairs/seq-02/color/frame-000406.color.png stairs/seq-02/color/frame-000409.color.png 0.999943 -0.00978334 0.00420987 -0.0131846 0.00977745 0.999951 0.00141012 -0.0333524 -0.00422347 -0.0013689 0.99999 0.0242661 0.0 0.0 0.0 1.0
stairs/seq-02/color/frame-000409.color.png stairs/seq-02/color/frame-000412.color.png 0.999928 -0.0099735 0.00674044 -0.0144455 0.0100561 0.999873 -0.0123296 -0.0160196 -0.00661659 0.0123965 0.999901 0.0267011 0.0 0.0 0.0 1.0
stairs/seq-02/color/frame-000412.color.png stairs/seq-02/color/frame-000415.color.png 0.999665 -0.0132849 0.0222301 -0.0438554 0.0135692 0.999827 -0.012686 -0.0222947 -0.0220577 0.0129833 0.999672 0.0423401 0.0 0.0 0.0 1.0
stairs/seq-02/color/frame-000415.color.png stairs/seq-02/color/frame-000418.color.png 0.999878 -0.0156344 -0.000399621 -0.0149226 0.0156299 0.999832 -0.00951919 -0.00321138 0.000548318 0.00951178 0.999955 0.0166693 0.0 0.0 0.0 1.0
stairs/seq-02/color/frame-000418.color.png stairs/seq-02/color/frame-000421.color.png 0.999778 -0.0174003 0.01189 -0.0157978 0.0172786 0.999798 0.0102608 -0.0430262 -0.0120661 -0.0100531 0.999877 0.0154978 0.0 0.0 0.0 1.0
stairs/seq-02/color/frame-000421.color.png stairs/seq-02/color/frame-000424.color.png 0.999418 -0.0158991 0.0301915 -0.0270769 0.0156964 0.999853 0.00693953 -0.0297545 -0.0302974 -0.00646152 0.99952 0.02123 0.0 0.0 0.0 1.0
stairs/seq-02/color/frame-000424.color.png stairs/seq-02/color/frame-000427.color.png 0.999479 0.00245888 0.0321974 -0.0203988 -0.00238342 0.999994 -0.00238334 -0.00074631 -0.0322031 0.00230522 0.999479 0.0290518 0.0 0.0 0.0 1.0
stairs/seq-02/color/frame-000427.color.png stairs/seq-02/color/frame-000430.color.png 0.999918 -0.00525769 0.0117121 -0.0142778 0.00518099 0.999965 0.0065716 -0.0116636 -0.0117462 -0.00651033 0.99991 0.0169934 0.0 0.0 0.0 1.0
stairs/seq-02/color/frame-000430.color.png stairs/seq-02/color/frame-000433.color.png 0.999768 -0.00071667 -0.0215377 0.019156 0.000965899 0.999933 0.0115613 -0.0254726 0.0215279 -0.0115794 0.999701 -0.0107046 0.0 0.0 0.0 1.0
stairs/seq-02/color/frame-000433.color.png stairs/seq-02/color/frame-000436.color.png 0.999831 0.0183972 -0.000525552 0.0212548 -0.0183978 0.99983 -0.00125893 0.00922537 0.000502213 0.00126839 0.999999 0.0157788 0.0 0.0 0.0 1.0
stairs/seq-02/color/frame-000436.color.png stairs/seq-02/color/frame-000439.color.png 0.999911 0.0131013 -0.00248233 0.0288149 -0.0131139 0.999901 -0.00512547 -0.00128061 0.00241505 0.00515758 0.999984 0.00481242 0.0 0.0 0.0 1.0
stairs/seq-02/color/frame-000439.color.png stairs/seq-02/color/frame-000442.color.png 0.999828 0.00996538 -0.0156495 0.0605431 -0.00988281 0.999937 0.0053439 -0.00201109 0.0157017 -0.00518827 0.999863 0.003052 0.0 0.0 0.0 1.0
stairs/seq-02/color/frame-000442.color.png stairs/seq-02/color/frame-000445.color.png 0.999829 0.0153521 -0.0103495 0.0487649 -0.0154378 0.999847 -0.00825637 0.00176534 0.0102211 0.00841472 0.999912 0.0259848 0.0 0.0 0.0 1.0
stairs/seq-02/color/frame-000445.color.png stairs/seq-02/color/frame-000448.color.png 0.998854 0.0329708 -0.0346905 0.0785044 -0.0330037 0.999455 -0.000375891 -1.84476e-05 0.0346593 0.00152039 0.999398 -0.010617 0.0 0.0 0.0 1.0
stairs/seq-02/color/frame-000448.color.png stairs/seq-02/color/frame-000451.color.png 0.998607 0.0400708 -0.0343287 0.092623 -0.0400795 0.999196 0.000435674 -0.00170109 0.0343186 0.000940779 0.999411 -0.033179 0.0 0.0 0.0 1.0
stairs/seq-02/color/frame-000451.color.png stairs/seq-02/color/frame-000454.color.png 0.998417 0.0139724 -0.0544747 0.0633711 -0.0142426 0.999888 -0.00457634 -0.0169361 0.0544047 0.00534494 0.998505 -0.0447633 0.0 0.0 0.0 1.0
stairs/seq-02/color/frame-000454.color.png stairs/seq-02/color/frame-000457.color.png 0.999101 0.0106315 -0.0410443 0.0801615 -0.0101564 0.999879 0.0117658 -0.035737 0.0411645 -0.0113383 0.999088 -0.0685923 0.0 0.0 0.0 1.0
stairs/seq-02/color/frame-000457.color.png stairs/seq-02/color/frame-000460.color.png 0.99998 -0.00345901 -0.00534244 -0.00869983 0.00346064 0.999994 0.000298367 -0.0438053 0.00534138 -0.000316986 0.999986 -0.0131767 0.0 0.0 0.0 1.0
stairs/seq-02/color/frame-000460.color.png stairs/seq-02/color/frame-000463.color.png 0.999768 -0.00661479 -0.0204768 0.0375966 0.00642931 0.999938 -0.00911179 -0.00670677 0.0205359 0.00897808 0.999749 -0.0184309 0.0 0.0 0.0 1.0
stairs/seq-02/color/frame-000463.color.png stairs/seq-02/color/frame-000466.color.png 0.999869 0.00885096 0.0135227 -0.00118351 -0.00873472 0.999925 -0.00862949 -0.00377381 -0.0135981 0.00851024 0.999871 0.0248713 0.0 0.0 0.0 1.0
stairs/seq-02/color/frame-000466.color.png stairs/seq-02/color/frame-000469.color.png 0.998708 -0.0308217 0.0404073 0.000178754 0.0319665 0.999097 -0.0280013 0.0161667 -0.0395077 0.0292568 0.998791 0.116727 0.0 0.0 0.0 1.0
stairs/seq-02/color/frame-000469.color.png stairs/seq-02/color/frame-000472.color.png 0.999644 -0.0245337 0.0104648 -0.0268182 0.0245881 0.999685 -0.00510102 -0.039732 -0.0103364 0.0053565 0.999932 0.0175027 0.0 0.0 0.0 1.0
stairs/seq-02/color/frame-000472.color.png stairs/seq-02/color/frame-000475.color.png 0.999962 -0.00171598 -0.00856218 0.0246627 0.00182044 0.999924 0.012206 -0.0299636 0.0085406 -0.0122211 0.999889 0.0274062 0.0 0.0 0.0 1.0
stairs/seq-02/color/frame-000475.color.png stairs/seq-02/color/frame-000478.color.png 0.999874 -0.0141601 -0.00712474 0.0246544 0.0140867 0.999848 -0.0102338 -0.00358605 0.00726858 0.0101321 0.999922 0.0216677 0.0 0.0 0.0 1.0
stairs/seq-02/color/frame-000478.color.png stairs/seq-02/color/frame-000481.color.png 0.999847 -0.0157264 -0.00769616 0.0031122 0.0157271 0.999876 3.48896e-05 -0.0269315 0.00769466 -0.000155884 0.99997 0.0178447 0.0 0.0 0.0 1.0
stairs/seq-02/color/frame-000481.color.png stairs/seq-02/color/frame-000484.color.png 0.999915 -0.00627759 -0.0114002 0.0213554 0.00624764 0.999977 -0.00266027 -0.0440959 0.0114166 0.0025888 0.999932 0.0115665 0.0 0.0 0.0 1.0
stairs/seq-02/color/frame-000484.color.png stairs/seq-02/color/frame-000487.color.png 0.999942 -0.0102546 0.00316027 -0.0139019 0.0103255 0.999675 -0.0232982 -0.0299737 -0.00292031 0.0233295 0.999724 0.0517635 0.0 0.0 0.0 1.0
stairs/seq-02/color/frame-000487.color.png stairs/seq-02/color/frame-000490.color.png 0.999968 0.000994039 0.00788917 -0.00428939 -0.000964837 0.999993 -0.00370368 -0.033153 -0.0078928 0.00369594 0.999962 0.0309572 0.0 0.0 0.0 1.0
stairs/seq-02/color/frame-000490.color.png stairs/seq-02/color/frame-000493.color.png 0.99965 -0.0107136 0.0241906 -0.0313784 0.0105319 0.999915 0.00762704 -0.0680324 -0.0242702 -0.00736955 0.999678 0.0507187 0.0 0.0 0.0 1.0
stairs/seq-02/color/frame-000493.color.png stairs/seq-02/color/frame-000496.color.png 0.999447 -0.0246669 -0.0222914 0.0144475 0.0250964 0.999501 0.0191999 -0.0860761 0.0218067 -0.0197486 0.999567 -0.0147547 0.0 0.0 0.0 1.0
stairs/seq-02/color/frame-000496.color.png stairs/seq-02/color/frame-000499.color.png 0.999545 -0.004571 -0.0298225 0.0297681 0.00531734 0.999674 0.0249943 -0.0716001 0.0296985 -0.0251415 0.999243 -0.0397546 0.0 0.0 0.0 1.0
