stairs/seq-02/color/frame-000000.color.png stairs/seq-02/color/frame-000001.color.png 0.999999 -0.00119685 -0.000315275 0.000114377 0.0011962 0.999997 -0.00205676 0.00208333 0.000317736 0.00205638 0.999998 0.00100972 0.0 0.0 0.0 1.0
stairs/seq-02/color/frame-000001.color.png stairs/seq-02/color/frame-000002.color.png 0.999993 0.00289463 -0.00251794 1.22297e-05 -0.00289668 0.999996 -0.000810722 -0.000504455 0.00251558 0.00081801 0.999996 -0.00463555 0.0 0.0 0.0 1.0
stairs/seq-02/color/frame-000002.color.png stairs/seq-02/color/frame-000003.color.png 0.999999 0.00135218 0.000927973 9.18575e-05 -0.00135258 0.999999 0.000421994 0.000899149 -0.000927401 -0.000423249 1.0 0.00355108 0.0 0.0 0.0 1.0
stairs/seq-02/color/frame-000003.color.png stairs/seq-02/color/frame-000004.color.png 1.0 -0.000585231 0.000189418 0.000401948 0.000585389 0.999999 -0.000833613 0.000277814 -0.00018893 0.000833725 1.0 -0.00202083 0.0 0.0 0.0 1.0
stairs/seq-02/color/frame-000004.color.png stairs/seq-02/color/frame-000005.color.png 0.999999 -0.000838477 -0.000509953 -0.000424466 0.000838133 0.999999 -0.000674902 -0.000131483 0.000510518 0.000674474 1.0 -0.000714917 0.0 0.0 0.0 1.0
stairs/seq-02/color/frame-000005.color.png stairs/seq-02/color/frame-000006.color.png 0.999976 0.00100231 -0.00688299 0.000347445 -0.0010107 0.999999 -0.00121646 0.00382929 0.00688176 0.00122339 0.999975 0.00161668 0.0 0.0 0.0 1.0
stairs/seq-02/color/frame-000006.color.png stairs/seq-02/color/frame-000007.color.png 0.999994 0.000848749 -0.00347392 6.73234e-05 -0.000845384 0.999999 0.000969915 -0.00146198 0.00347474 -0.000966971 0.999993 0.00287236 0.0 0.0 0.0 1.0
stairs/seq-02/color/frame-000007.color.png stairs/seq-02/color/frame-000008.color.png 0.999993 0.00364819 5.00387e-06 0.000535765 -0.00364819 0.999993 0.000624512 -0.00153443 -2.72631e-06 -0.000624528 1.0 0.000240339 0.0 0.0 0.0 1.0
stairs/seq-02/color/frame-000008.color.png stairs/seq-02/color/frame-000009.color.png 0.999998 -0.00180628 -2.35757e-05 0.000118181 0.00180625 0.999997 -0.00145396 0.0018928 2.62031e-05 0.00145391 0.999999 -0.00182349 0.0 0.0 0.0 1.0
stairs/seq-02/color/frame-000009.color.png stairs/seq-02/color/frame-000010.color.png 0.999999 -0.000442067 -0.00141256 0.000761198 0.00044059 0.999999 -0.00104617 -3.64119e-05 0.00141302 0.00104555 0.999999 0.00192513 0.0 0.0 0.0 1.0
stairs/seq-02/color/frame-000010.color.png stairs/seq-02/color/frame-000011.color.png 0.999999 7.19873e-05 -0.0012539 -0.000908546 -7.32022e-05 1.0 -0.000967848 0.00108278 0.00125383 0.00096794 0.999999 0.000428683 0.0 0.0 0.0 1.0
stairs/seq-02/color/frame-000011.color.png stairs/seq-02/color/frame-000012.color.png 0.999996 0.00288444 1.04181e-05 0.000268519 -0.00288446 0.999994 0.00176605 -0.00290335 -5.32644e-06 -0.00176607 0.999999 0.000810815 0.0 0.0 0.0 1.0
stairs/seq-02/color/frame-000012.color.png stairs/seq-02/color/frame-000013.color.png 0.999995 -0.00188868 0.00270359 0.000328922 0.00189609 0.999995 -0.00273748 0.00283379 -0.0026984 0.00274259 0.999993 0.00190581 0.0 0.0 0.0 1.0
stairs/seq-02/color/frame-000013.color.png stairs/seq-02/color/frame-000014.color.png 0.999999 -0.000660994 -0.00135164 0.000627563 0.000657931 0.999997 -0.00226638 0.000563195 0.00135313 0.00226549 0.999996 -0.00368321 0.0 0.0 0.0 1.0
stairs/seq-02/color/frame-000014.color.png stairs/seq-02/color/frame-000015.color.png 0.999999 0.000958675 -0.000940785 2.64507e-05 -0.000960135 0.999998 -0.00155295 -0.00211228 0.000939292 0.00155385 0.999999 0.00254757 0.0 0.0 0.0 1.0
stairs/seq-02/color/frame-000015.color.png stairs/seq-02/color/frame-000016.color.png 1.0 0.000356003 0.000490364 -9.73144e-05 -0.000354625 0.999996 -0.00280747 0.000853292 -0.00049136 0.0028073 0.999996 0.00149154 0.0 0.0 0.0 1.0
stairs/seq-02/color/frame-000016.color.png stairs/seq-02/color/frame-000017.color.png 0.999999 -0.000917197 0.000427257 0.00150879 0.000917703 0.999999 -0.00118962 -0.00095322 -0.000426168 0.00119001 0.999999 0.0011948 0.0 0.0 0.0 1.0
stairs/seq-02/color/frame-000017.color.png stairs/seq-02/color/frame-000018.color.png 0.999996 -7.45677e-05 -0.00269404 0.00161017 6.3832e-05 0.999992 -0.00398504 0.00271266 0.00269432 0.00398485 0.999988 -0.0032615 0.0 0.0 0.0 1.0
stairs/seq-02/color/frame-000018.color.png stairs/seq-02/color/frame-000019.color.png 0.999994 -0.000272124 -0.00331785 -0.000158091 0.000266454 0.999999 -0.00170946 -0.00123522 0.0033183 0.00170857 0.999993 0.0058728 0.0 0.0 0.0 1.0
stairs/seq-02/color/frame-000019.color.png stairs/seq-02/color/frame-000020.color.png 0.999997 0.00229754 0.00108766 -0.000256935 -0.00229318 0.999989 -0.00399079 -0.00289859 -0.00109681 0.00398828 0.999991 0.00159664 0.0 0.0 0.0 1.0
stairs/seq-02/color/frame-000020.color.png stairs/seq-02/color/frame-000021.color.png 0.999994 -0.00337919 -0.00083018 0.00186008 0.00337762 0.999993 -0.00188716 -0.000598986 0.000836547 0.00188434 0.999998 3.52841e-05 0.0 0.0 0.0 1.0
stairs/seq-02/color/frame-000021.color.png stairs/seq-02/color/frame-000022.color.png 0.999999 0.000217719 -0.00159296 0.00159213 -0.00022069 0.999998 -0.00186478 -0.00101866 0.00159256 0.00186512 0.999997 7.72672e-05 0.0 0.0 0.0 1.0
stairs/seq-02/color/frame-000022.color.png stairs/seq-02/color/frame-000023.color.png 0.999997 0.00227249 0.000694857 -0.000721646 -0.00227401 0.999995 0.00219148 -0.00118239 -0.000689879 -0.00219305 0.999997 0.000654915 0.0 0.0 0.0 1.0
stairs/seq-02/color/frame-000023.color.png stairs/seq-02/color/frame-000024.color.png 0.999989 -0.00416663 0.00228913 0.00206068 0.00416419 0.999991 0.0010685 -0.000145128 -0.00229356 -0.00105896 0.999997 0.00598552 0.0 0.0 0.0 1.0
stairs/seq-02/color/frame-000024.color.png stairs/seq-02/color/frame-000025.color.png 0.999996 -0.00192249 -0.00222644 0.00454631 0.00192453 0.999998 0.000916243 -6.02814e-05 0.00222467 -0.000920529 0.999997 0.00138742 0.0 0.0 0.0 1.0
stairs/seq-02/color/frame-000025.color.png stairs/seq-02/color/frame-000026.color.png 0.999999 0.000829098 -0.000893316 0.00185293 -0.000825884 0.999993 0.00359139 -0.00334951 0.000896285 -0.00359065 0.999993 0.00279967 0.0 0.0 0.0 1.0
stairs/seq-02/color/frame-000026.color.png stairs/seq-02/color/frame-000027.color.png 0.999999 -0.00140675 0.000885235 0.000758667 0.0014054 0.999998 0.00152395 0.000532522 -0.000887378 -0.0015227 0.999998 0.00288838 0.0 0.0 0.0 1.0
stairs/seq-02/color/frame-000027.color.png stairs/seq-02/color/frame-000028.color.png 0.999978 -0.00621073 0.00249046 0.00495254 0.00619234 0.999954 0.00732507 -0.00633569 -0.00253584 -0.00730948 0.99997 0.00974458 0.0 0.0 0.0 1.0
stairs/seq-02/color/frame-000028.color.png stairs/seq-02/color/frame-000029.color.png 0.999997 -0.000644868 0.00242305 -0.000110622 0.000636192 0.999993 0.00358027 -0.00246767 -0.00242534 -0.00357871 0.999991 0.00786718 0.0 0.0 0.0 1.0
stairs/seq-02/color/frame-000029.color.png stairs/seq-02/color/frame-000030.color.png 0.999995 -0.0018689 0.00245581 0.00335995 0.00186523 0.999997 0.00149718 -0.00071239 -0.0024586 -0.00149259 0.999996 0.00550969 0.0 0.0 0.0 1.0
stairs/seq-02/color/frame-000030.color.png stairs/seq-02/color/frame-000031.color.png 0.999987 -0.00151058 0.00486261 0.000393746 0.00150641 0.999998 0.000860314 -0.00232882 -0.00486391 -0.000852977 0.999988 0.00547252 0.0 0.0 0.0 1.0
stairs/seq-02/color/frame-000031.color.png stairs/seq-02/color/frame-000032.color.png 0.999986 -0.00119037 0.00525123 0.00321446 0.00117727 0.999996 0.00249666 -0.00146788 -0.00525418 -0.00249044 0.999983 0.0116164 0.0 0.0 0.0 1.0
stairs/seq-02/color/frame-000032.color.png stairs/seq-02/color/frame-000033.color.png 0.999995 -0.000822612 0.00313997 0.000741158 0.000829555 0.999997 -0.00221109 -0.000468453 -0.00313814 0.00221368 0.999993 0.00428887 0.0 0.0 0.0 1.0
stairs/seq-02/color/frame-000033.color.png stairs/seq-02/color/frame-000034.color.png 0.999998 -0.000431426 0.00173082 0.00565957 0.000430363 1.0 0.00061413 -0.00429112 -0.00173108 -0.000613384 0.999998 0.00139339 0.0 0.0 0.0 1.0
stairs/seq-02/color/frame-000034.color.png stairs/seq-02/color/frame-000035.color.png 0.999981 0.00250143 0.00561889 -0.00163541 -0.0025076 0.999996 0.00109262 -0.00496634 -0.00561613 -0.00110669 0.999984 0.00690214 0.0 0.0 0.0 1.0
stairs/seq-02/color/frame-000035.color.png stairs/seq-02/color/frame-000036.color.png 0.999989 0.0026464 0.00387049 0.00270981 -0.00264039 0.999995 -0.00155618 0.000694035 -0.00387459 0.00154594 0.999991 -0.000351436 0.0 0.0 0.0 1.0
stairs/seq-02/color/frame-000036.color.png stairs/seq-02/color/frame-000037.color.png 0.999979 0.00465987 0.00445481 0.00513192 -0.00465947 0.999989 -0.000101117 -0.00149203 -0.00445523 8.03572e-05 0.99999 0.00841976 0.0 0.0 0.0 1.0
stairs/seq-02/color/frame-000037.color.png stairs/seq-02/color/frame-000038.color.png 0.999986 0.00311128 0.00423252 0.00159819 -0.00310946 0.999995 -0.000436151 -0.00446169 -0.00423385 0.000422985 0.999991 0.00514333 0.0 0.0 0.0 1.0
stairs/seq-02/color/frame-000038.color.png stairs/seq-02/color/frame-000039.color.png 0.999996 4.49375e-05 0.00288991 0.00320078 -3.99876e-05 0.999999 -0.0017129 0.00225837 -0.00288998 0.00171278 0.999994 0.000931181 0.0 0.0 0.0 1.0
stairs/seq-02/color/frame-000039.color.png stairs/seq-02/color/frame-000040.color.png 0.999997 -0.00188656 0.00123486 0.00232172 0.00188708 0.999998 -0.000415163 -0.00198585 -0.00123407 0.000417492 0.999999 0.00725529 0.0 0.0 0.0 1.0
stairs/seq-02/color/frame-000040.color.png stairs/seq-02/color/frame-000041.color.png 0.999982 -0.00341893 -0.00499177 0.0123174 0.00340145 0.999988 -0.0035063 -0.0144097 0.0050037 0.00348925 0.999981 0.000574701 0.0 0.0 0.0 1.0
stairs/seq-02/color/frame-000041.color.png stairs/seq-02/color/frame-000042.color.png 0.999999 -0.00169937 -0.000359898 0.00478931 0.00169839 0.999995 -0.00270453 -0.00368452 0.000364493 0.00270391 0.999996 0.00449842 0.0 0.0 0.0 1.0
stairs/seq-02/color/frame-000042.color.png stairs/seq-02/color/frame-000043.color.png 0.999995 -0.00214817 0.00248327 0.000731416 0.00215539 0.999993 -0.00290891 -0.0026322 -0.00247701 0.00291425 0.999993 0.0108096 0.0 0.0 0.0 1.0
stairs/seq-02/color/frame-000043.color.png stairs/seq-02/color/frame-000044.color.png 0.999934 -0.00704083 0.00912261 0.0111107 0.00706975 0.99997 -0.00314161 -0.00613918 -0.00910022 0.00320589 0.999953 0.00511913 0.0 0.0 0.0 1.0
stairs/seq-02/color/frame-000044.color.png stairs/seq-02/color/frame-000045.color.png 0.999973 -0.00717237 0.00154826 0.00567269 0.00717737 0.999969 -0.00324831 -0.000392705 -0.00152493 0.00325933 0.999994 0.00154332 0.0 0.0 0.0 1.0
stairs/seq-02/color/frame-000045.color.png stairs/seq-02/color/frame-000046.color.png 0.999995 -0.00244497 0.00218383 0.00412211 0.00243816 0.999992 0.00311496 -0.008991 -0.00219143 -0.00310962 0.999993 0.00384283 0.0 0.0 0.0 1.0
stairs/seq-02/color/frame-000046.color.png stairs/seq-02/color/frame-000047.color.png 0.999963 -0.00521222 0.00680707 -0.00114664 0.00520882 0.999986 0.000516087 -0.0077198 -0.00680966 -0.000480611 0.999977 0.00826452 0.0 0.0 0.0 1.0
stairs/seq-02/color/frame-000047.color.png stairs/seq-02/color/frame-000048.color.png 0.999972 -0.00612892 0.00422965 0.00211147 0.00614831 0.999971 -0.0045847 -0.00125036 -0.00420142 0.00461058 0.999981 0.00657777 0.0 0.0 0.0 1.0
stairs/seq-02/color/frame-000048.color.png stairs/seq-02/color/frame-000049.color.png 0.999946 -0.00959279 0.0040949 0.0129405 0.0096142 0.99994 -0.00524404 -0.00645932 -0.00404434 0.00528312 0.999978 -0.000354424 0.0 0.0 0.0 1.0
stairs/seq-02/color/frame-000049.color.png stairs/seq-02/color/frame-000050.color.png 0.999989 -0.00458799 -0.000593571 0.00531889 0.00458538 0.99998 -0.00433 0.00049641 0.000613416 0.00432723 0.99999 -0.000892162 0.0 0.0 0.0 1.0
stairs/seq-02/color/frame-000050.color.png stairs/seq-02/color/frame-000051.color.png 0.999982 -0.00594546 -0.000136604 0.00921059 0.00594534 0.999982 -0.000840836 -0.0087681 0.000141608 0.000840006 1.0 0.000962719 0.0 0.0 0.0 1.0
stairs/seq-02/color/frame-000051.color.png stairs/seq-02/color/frame-000052.color.png 0.999995 -0.00191029 0.00240715 0.00502916 0.00191498 0.999996 -0.00195775 -0.00493538 -0.00240341 0.00196234 0.999995 -0.00229244 0.0 0.0 0.0 1.0
stairs/seq-02/color/frame-000052.color.png stairs/seq-02/color/frame-000053.color.png 0.999989 -0.00374631 0.00272974 -0.000497729 0.00375464 0.999988 -0.00304772 0.00341618 -0.00271829 0.00305793 0.999992 0.00219211 0.0 0.0 0.0 1.0
stairs/seq-02/color/frame-000053.color.png stairs/seq-02/color/frame-000054.color.png 0.999968 -0.00793646 0.00135793 0.000332981 0.00793571 0.999968 0.000551114 -0.00773783 -0.00136226 -0.000540326 0.999999 0.00574948 0.0 0.0 0.0 1.0
stairs/seq-02/color/frame-000054.color.png stairs/seq-02/color/frame-000055.color.png 0.999984 -0.00211453 0.00528039 0.00926372 0.00208035 0.999977 0.00646555 -0.0128189 -0.00529395 -0.00645445 0.999965 -0.00331342 0.0 0.0 0.0 1.0
stairs/seq-02/color/frame-000055.color.png stairs/seq-02/color/frame-000056.color.png 0.999941 -0.00814298 0.00717098 9.66638e-05 0.00810977 0.999956 0.00465191 -0.00281304 -0.00720854 -0.00459348 0.999963 0.00876559 0.0 0.0 0.0 1.0
stairs/seq-02/color/frame-000056.color.png stairs/seq-02/color/frame-000057.color.png 0.999965 -0.00820603 0.00185273 0.00813718 0.00820542 0.999966 0.000330698 -0.00170404 -0.00185539 -0.000315492 0.999998 -0.00341716 0.0 0.0 0.0 1.0
stairs/seq-02/color/frame-000057.color.png stairs/seq-02/color/frame-000058.color.png 0.99998 -0.00624269 0.000233186 0.00692913 0.00624196 0.999976 0.00301561 -0.00342096 -0.000251989 -0.0030141 0.999995 -0.00217766 0.0 0.0 0.0 1.0
stairs/seq-02/color/frame-000058.color.png stairs/seq-02/color/frame-000059.color.png 0.999978 -0.00564342 0.00347432 -0.00143398 0.00563696 0.999982 0.00186141 -0.000713892 -0.00348478 -0.00184178 0.999992 0.00715382 0.0 0.0 0.0 1.0
stairs/seq-02/color/frame-000059.color.png stairs/seq-02/color/frame-000060.color.png 0.999972 -0.00752618 7.81329e-05 0.00207983 0.00752624 0.999971 -0.000753493 0.000557512 -7.24461e-05 0.000754056 1.0 0.00279778 0.0 0.0 0.0 1.0
stairs/seq-02/color/frame-000060.color.png stairs/seq-02/color/frame-000061.color.png 0.999993 0.000450261 0.00380753 -0.00118583 -0.000469784 0.999987 0.0051273 -0.0121289 -0.00380517 -0.00512905 0.999979 0.0023587 0.0 0.0 0.0 1.0
stairs/seq-02/color/frame-000061.color.png stairs/seq-02/color/frame-000062.color.png 0.99997 -0.00736945 0.00247681 0.0113776 0.00735801 0.999962 0.00459323 -0.00723876 -0.00251056 -0.00457487 0.999986 0.00185077 0.0 0.0 0.0 1.0
stairs/seq-02/color/frame-000062.color.png stairs/seq-02/color/frame-000063.color.png 0.999995 -0.0028436 -0.00137295 0.00631598 0.00284093 0.999994 -0.00195996 0.00225911 0.00137849 0.00195604 0.999997 -0.00157109 0.0 0.0 0.0 1.0
stairs/seq-02/color/frame-000063.color.png stairs/seq-02/color/frame-000064.color.png 0.999997 -0.000842594 -0.00248105 0.0032749 0.000843349 1.0 0.000308977 -0.000802308 0.00248082 -0.00031107 0.999997 -0.00174107 0.0 0.0 0.0 1.0
stairs/seq-02/color/frame-000064.color.png stairs/seq-02/color/frame-000065.color.png 0.999973 0.00363206 0.00638656 -0.0135099 -0.00363694 0.999993 0.000752022 0.000807844 -0.0063838 -0.000775224 0.999979 0.0109958 0.0 0.0 0.0 1.0
stairs/seq-02/color/frame-000065.color.png stairs/seq-02/color/frame-000066.color.png 1.0 0.000127826 0.000507682 0.000763968 -0.000127385 1.0 -0.000808424 -0.00229748 -0.000507771 0.000808357 1.0 0.00572482 0.0 0.0 0.0 1.0
stairs/seq-02/color/frame-000066.color.png stairs/seq-02/color/frame-000067.color.png 0.999938 0.000230376 -0.0111563 0.0205866 -0.00026026 0.999996 -0.0026767 -0.00266814 0.0111556 0.00267944 0.999934 -0.00375515 0.0 0.0 0.0 1.0
stairs/seq-02/color/frame-000067.color.png stairs/seq-02/color/frame-000068.color.png 0.999976 0.00624855 -0.00311998 0.00402907 -0.00625022 0.99998 -0.000532328 0.00133936 0.00311659 0.000551811 0.999995 -0.000536442 0.0 0.0 0.0 1.0
stairs/seq-02/color/frame-000068.color.png stairs/seq-02/color/frame-000069.color.png 0.999967 0.00511936 -0.00627532 0.00492339 -0.00515175 0.999974 -0.00515449 -0.00314476 0.00624874 0.00518666 0.999967 0.00381929 0.0 0.0 0.0 1.0
stairs/seq-02/color/frame-000069.color.png stairs/seq-02/color/frame-000070.color.png 0.999976 0.0026548 -0.00641307 0.00818245 -0.00268455 0.999986 -0.00463112 0.000619948 0.00640068 0.00464822 0.999969 0.00117414 0.0 0.0 0.0 1.0
stairs/seq-02/color/frame-000070.color.png stairs/seq-02/color/frame-000071.color.png 0.999974 0.00710599 -0.000872066 0.000587851 -0.00710825 0.999971 -0.00261135 -0.000295624 0.000853487 0.00261749 0.999996 0.00511566 0.0 0.0 0.0 1.0
stairs/seq-02/color/frame-000071.color.png stairs/seq-02/color/frame-000072.color.png 0.999989 0.00391475 -0.00245536 0.00119977 -0.00393132 0.999969 -0.00677722 0.0016458 0.00242876 0.0067868 0.999974 0.00346337 0.0 0.0 0.0 1.0
stairs/seq-02/color/frame-000072.color.png stairs/seq-02/color/frame-000073.color.png 0.999982 0.00570399 -0.00166658 0.00337511 -0.00571079 0.999975 -0.00410858 0.00292841 0.00164309 0.00411803 0.99999 0.00160095 0.0 0.0 0.0 1.0
stairs/seq-02/color/frame-000073.color.png stairs/seq-02/color/frame-000074.color.png 0.999978 0.00650728 -0.00115312 0.00810881 -0.00650582 0.999978 0.00126039 -0.00982425 0.00116128 -0.00125287 0.999999 0.00051257 0.0 0.0 0.0 1.0
stairs/seq-02/color/frame-000074.color.png stairs/seq-02/color/frame-000075.color.png 0.999934 0.00656468 -0.00947639 0.0176987 -0.00670631 0.999865 -0.0149919 0.00528778 0.0093767 0.0150544 0.999843 -0.00217324 0.0 0.0 0.0 1.0
stairs/seq-02/color/frame-000075.color.png stairs/seq-02/color/frame-000076.color.png 0.999972 0.00730319 -0.00141419 0.0097426 -0.00730791 0.999968 -0.00336381 0.000475183 0.00138956 0.00337404 0.999993 -0.00494327 0.0 0.0 0.0 1.0
stairs/seq-02/color/frame-000076.color.png stairs/seq-02/color/frame-000077.color.png 0.999991 0.00336777 -0.00270428 0.0081014 -0.00337455 0.999991 -0.00250434 -0.000960976 0.00269582 0.00251345 0.999993 -0.00146858 0.0 0.0 0.0 1.0
stairs/seq-02/color/frame-000077.color.png stairs/seq-02/color/frame-000078.color.png 0.999994 0.00313441 -0.00180396 0.00902577 -0.00314096 0.999988 -0.00364502 -0.000987887 0.00179251 0.00365064 0.999992 0.00349768 0.0 0.0 0.0 1.0
stairs/seq-02/color/frame-000078.color.png stairs/seq-02/color/frame-000079.color.png 0.999965 0.00796928 0.00254078 0.00698566 -0.00795986 0.999961 -0.00369885 0.00523311 -0.00257015 0.0036785 0.99999 -0.00333743 0.0 0.0 0.0 1.0
stairs/seq-02/color/frame-000079.color.png stairs/seq-02/color/frame-000080.color.png 0.999999 0.000783789 0.00134871 0.00469407 -0.000779534 0.999995 -0.00315377 0.0032533 -0.00135117 0.00315271 0.999994 0.00174226 0.0 0.0 0.0 1.0
stairs/seq-02/color/frame-000080.color.png stairs/seq-02/color/frame-000081.color.png 0.999979 0.00475 -0.00451642 0.0220286 -0.00476246 0.999985 -0.00275539 0.0026983 0.00450326 0.00277682 0.999986 -0.00662851 0.0 0.0 0.0 1.0
stairs/seq-02/color/frame-000081.color.png stairs/seq-02/color/frame-000082.color.png 0.999998 0.00105768 0.00178754 0.00197569 -0.00104874 0.999987 -0.00499865 0.0101482 -0.00179281 0.00499679 0.999986 0.00775361 0.0 0.0 0.0 1.0
stairs/seq-02/color/frame-000082.color.png stairs/seq-02/color/frame-000083.color.png 0.999981 0.00610777 0.000431905 0.00710315 -0.00610883 0.999978 0.00253296 -0.00439312 -0.00041643 -0.00253556 0.999997 -0.00290605 0.0 0.0 0.0 1.0
stairs/seq-02/color/frame-000083.color.png stairs/seq-02/color/frame-000084.color.png 0.999997 0.00189483 0.00158988 0.00600794 -0.0018887 0.999991 -0.00384685 0.00898486 -0.00159715 0.00384384 0.999991 0.00540631 0.0 0.0 0.0 1.0
stairs/seq-02/color/frame-000084.color.png stairs/seq-02/color/frame-000085.color.png 0.999992 -0.000279871 0.00391201 0.0020819 0.0002886 0.999997 -0.00223 0.00241505 -0.00391138 0.00223112 0.99999 0.0080547 0.0 0.0 0.0 1.0
stairs/seq-02/color/frame-000085.color.png stairs/seq-02/color/frame-000086.color.png 0.999989 0.00185256 -0.00426155 0.029195 -0.00184948 0.999998 0.000726258 -0.000646144 0.0042629 -0.000718375 0.999991 -0.0126403 0.0 0.0 0.0 1.0
stairs/seq-02/color/frame-000086.color.png stairs/seq-02/color/frame-000087.color.png 0.999997 -0.000250431 -0.00255571 0.0168092 0.000250566 1.0 5.60338e-05 0.00348589 0.00255569 -5.66826e-05 0.999997 -0.00835116 0.0 0.0 0.0 1.0
stairs/seq-02/color/frame-000087.color.png stairs/seq-02/color/frame-000088.color.png 0.999987 0.000923768 0.00504455 -0.00129354 -0.000933383 0.999998 0.00190422 -0.000911534 -0.00504278 -0.00190891 0.999986 0.00705858 0.0 0.0 0.0 1.0
stairs/seq-02/color/frame-000088.color.png stairs/seq-02/color/frame-000089.color.png 0.999997 -0.000166524 -0.00246649 0.0108326 0.000166411 1.0 -4.71318e-05 0.00344427 0.0024665 4.67313e-05 0.999997 -0.00371708 0.0 0.0 0.0 1.0
stairs/seq-02/color/frame-000089.color.png stairs/seq-02/color/frame-000090.color.png 0.999969 -0.000884541 -0.00782591 0.0343104 0.000933661 0.99998 0.00627559 -0.00478275 0.0078202 -0.00628271 0.99995 -0.0104146 0.0 0.0 0.0 1.0
stairs/seq-02/color/frame-000090.color.png stairs/seq-02/color/frame-000091.color.png 0.999978 0.00105484 0.00653493 -0.000106603 -0.00106011 0.999999 0.000805003 0.00678293 -0.00653407 -0.000811908 0.999978 0.00589246 0.0 0.0 0.0 1.0
stairs/seq-02/color/frame-000091.color.png stairs/seq-02/color/frame-000092.color.png 0.999987 -0.00353376 0.0036316 -0.00133261 0.00352618 0.999992 0.00208867 -0.00320301 -0.00363895 -0.00207584 0.999991 0.00681381 0.0 0.0 0.0 1.0
stairs/seq-02/color/frame-000092.color.png stairs/seq-02/color/frame-000093.color.png 0.999959 -0.00416559 -0.00801497 0.0200379 0.0041735 0.999991 0.000970131 -0.00447653 0.00801086 -0.00100354 0.999968 -0.0110106 0.0 0.0 0.0 1.0
stairs/seq-02/color/frame-000093.color.png stairs/seq-02/color/frame-000094.color.png 0.999994 0.00334203 -0.000702632 0.0135444 -0.00334127 0.999994 0.00108511 0.00959267 0.000706252 -0.00108276 0.999999 -0.00201282 0.0 0.0 0.0 1.0
stairs/seq-02/color/frame-000094.color.png stairs/seq-02/color/frame-000095.color.png 1.0 0.00045006 0.000871837 0.00624058 -0.000450344 1.0 0.000326527 0.00174597 -0.000871687 -0.000326938 1.0 0.00376076 0.0 0.0 0.0 1.0
stairs/seq-02/color/frame-000095.color.png stairs/seq-02/color/frame-000096.color.png 0.999999 -4.62832e-05 0.00102592 0.00328392 4.78537e-05 0.999999 -0.00153053 0.00555201 -0.00102585 0.0015306 0.999998 0.00332718 0.0 0.0 0.0 1.0
stairs/seq-02/color/frame-000096.color.png stairs/seq-02/color/frame-000097.color.png 0.999995 0.000964006 -0.00300664 0.0109473 -0.00096276 1.0 0.000417817 0.00322618 0.00300706 -0.00041494 0.999996 0.00115146 0.0 0.0 0.0 1.0
stairs/seq-02/color/frame-000097.color.png stairs/seq-02/color/frame-000098.color.png 0.999986 0.00458352 0.00280491 0.00746059 -0.00458218 0.999989 -0.000487245 0.0160167 -0.00280712 0.000474403 0.999996 -6.25253e-05 0.0 0.0 0.0 1.0
stairs/seq-02/color/frame-000098.color.png stairs/seq-02/color/frame-000099.color.png 0.999999 -0.00132565 0.000169251 0.00419903 0.00132528 0.999997 0.00212451 -0.00228072 -0.000172066 -0.00212429 0.999998 0.00488874 0.0 0.0 0.0 1.0
stairs/seq-02/color/frame-000099.color.png stairs/seq-02/color/frame-000100.color.png 0.999997 -0.00107497 -0.00200156 0.00702888 0.00107303 0.999999 -0.000967013 0.00478795 0.0020026 0.000964853 0.999998 -0.00188714 0.0 0.0 0.0 1.0
stairs/seq-02/color/frame-000100.color.png stairs/seq-02/color/frame-000101.color.png 0.999804 -0.00175149 -0.0197165 0.0442425 0.0017985 0.999996 0.00236749 0.00130768 0.0197123 -0.00240248 0.999803 -0.0118982 0.0 0.0 0.0 1.0
stairs/seq-02/color/frame-000101.color.png stairs/seq-02/color/frame-000102.color.png 0.999985 -0.0027527 -0.00473668 0.0112892 0.00274563 0.999995 -0.0014999 -0.00274475 0.00474079 0.00148687 0.999988 -0.00101137 0.0 0.0 0.0 1.0
stairs/seq-02/color/frame-000102.color.png stairs/seq-02/color/frame-000103.color.png 0.999992 -0.00063368 0.00396926 -0.00200605 0.000630281 0.999999 0.000856255 -0.00226119 -0.0039698 -0.000853738 0.999992 0.00177576 0.0 0.0 0.0 1.0
stairs/seq-02/color/frame-000103.color.png stairs/seq-02/color/frame-000104.color.png 0.999981 -0.00604619 0.00161761 0.00327563 0.00605048 0.999978 -0.00265242 0.000163637 -0.00160153 0.00266216 0.999995 0.00630556 0.0 0.0 0.0 1.0
stairs/seq-02/color/frame-000104.color.png stairs/seq-02/color/frame-000105.color.png 0.999998 -0.000127825 0.00217047 0.00176251 0.000129692 1.0 -0.000864508 0.00358044 -0.00217036 0.000864775 0.999997 -0.000470638 0.0 0.0 0.0 1.0
stairs/seq-02/color/frame-000105.color.png stairs/seq-02/color/frame-000106.color.png 0.999998 -0.000247928 0.00216935 -0.00114721 0.000248113 1.0 -8.95504e-05 5.89415e-05 -0.00216933 9.00998e-05 0.999998 0.00905603 0.0 0.0 0.0 1.0
stairs/seq-02/color/frame-000106.color.png stairs/seq-02/color/frame-000107.color.png 0.999996 -0.00250208 -0.00151338 0.00658292 0.00250495 0.999995 0.00189573 -0.00351122 0.00150863 -0.00189953 0.999997 0.00110206 0.0 0.0 0.0 1.0
stairs/seq-02/color/frame-000107.color.png stairs/seq-02/color/frame-000108.color.png 0.999993 -0.00159629 0.00331516 0.0072239 0.00158875 0.999996 0.00227773 -0.00757257 -0.00331879 -0.00227245 0.999992 0.00249512 0.0 0.0 0.0 1.0
stairs/seq-02/color/frame-000108.color.png stairs/seq-02/color/frame-000109.color.png 0.999961 -0.00438913 0.00771033 -0.0105656 0.00442795 0.999978 -0.00502473 0.00523379 -0.0076881 0.00505869 0.999958 0.0126478 0.0 0.0 0.0 1.0
stairs/seq-02/color/frame-000109.color.png stairs/seq-02/color/frame-000110.color.png 0.999991 -0.00409005 -0.0010457 0.00722569 0.00409033 0.999992 0.000271464 -0.00388658 0.00104458 -0.000275726 0.999999 -0.00264029 0.0 0.0 0.0 1.0
stairs/seq-02/color/frame-000110.color.png stairs/seq-02/color/frame-000111.color.png 0.999901 -0.0105106 0.00939915 -0.00137585 0.0104664 0.999934 0.00473874 -0.0113909 -0.00944833 -0.00463992 0.999945 0.0165541 0.0 0.0 0.0 1.0
stairs/seq-02/color/frame-000111.color.png stairs/seq-02/color/frame-000112.color.png 0.999974 -0.00417087 0.00590544 -0.00165725 0.00418099 0.99999 -0.00170156 0.00591629 -0.00589828 0.00172621 0.999981 0.00506532 0.0 0.0 0.0 1.0
stairs/seq-02/color/frame-000112.color.png stairs/seq-02/color/frame-000113.color.png 0.999957 -0.0032088 0.00873839 -0.0038771 0.00317254 0.999986 0.00415943 -0.00292234 -0.0087516 -0.00413151 0.999953 0.00660764 0.0 0.0 0.0 1.0
stairs/seq-02/color/frame-000113.color.png stairs/seq-02/color/frame-000114.color.png 0.9998 -0.0193533 0.00515342 0.000800252 0.0193227 0.999796 0.00593686 -0.00872105 -0.00526728 -0.0058361 0.999969 0.0129092 0.0 0.0 0.0 1.0
stairs/seq-02/color/frame-000114.color.png stairs/seq-02/color/frame-000115.color.png 0.999995 -0.00289834 -0.00111643 0.0171669 0.0029059 0.999972 0.00684586 -0.00279558 0.00109656 -0.00684906 0.999976 -0.00366713 0.0 0.0 0.0 1.0
stairs/seq-02/color/frame-000115.color.png stairs/seq-02/color/frame-000116.color.png 0.999949 -0.00202212 0.00986189 0.00662446 0.00196321 0.99998 0.00597992 6.45965e-05 -0.00987379 -0.00596026 0.999933 0.00978132 0.0 0.0 0.0 1.0
stairs/seq-02/color/frame-000116.color.png stairs/seq-02/color/frame-000117.color.png 0.999841 -0.00703865 0.0164064 -0.00631481 0.00699607 0.999972 0.00265181 -0.00514321 -0.0164246 -0.00253661 0.999862 0.0220593 0.0 0.0 0.0 1.0
stairs/seq-02/color/frame-000117.color.png stairs/seq-02/color/frame-000118.color.png 0.999586 -0.0205892 0.0201217 -0.00918269 0.0203318 0.99971 0.0129117 -0.0383314 -0.0203817 -0.0124973 0.999714 0.006422 0.0 0.0 0.0 1.0
stairs/seq-02/color/frame-000118.color.png stairs/seq-02/color/frame-000119.color.png 0.999958 -0.00889964 -0.00194014 0.00212169 0.00890587 0.999955 0.0032482 -0.0207732 0.00191116 -0.00326534 0.999993 0.00193359 0.0 0.0 0.0 1.0
stairs/seq-02/color/frame-000119.color.png stairs/seq-02/color/frame-000120.color.png 0.999984 -0.00241065 -0.00519963 0.00521404 0.00239467 0.999992 -0.00308426 -0.00301803 0.00520702 0.00307177 0.999982 -0.0055442 0.0 0.0 0.0 1.0
stairs/seq-02/color/frame-000120.color.png stairs/seq-02/color/frame-000121.color.png 0.999979 0.00485824 -0.00426279 0.0179611 -0.00493175 0.999836 -0.0174078 0.0421645 0.00417754 0.0174284 0.99984 0.00228493 0.0 0.0 0.0 1.0
stairs/seq-02/color/frame-000121.color.png stairs/seq-02/color/frame-000122.color.png 0.999844 -0.00567972 0.0167154 -0.0232549 0.00538675 0.999832 0.0175201 -0.0299368 -0.0168121 -0.0174273 0.999707 0.0115469 0.0 0.0 0.0 1.0
stairs/seq-02/color/frame-000122.color.png stairs/seq-02/color/frame-000123.color.png 0.999989 -0.00275528 -0.00383536 0.00582778 0.0027219 0.999959 -0.00868509 0.0231117 0.00385912 0.00867454 0.999955 0.00249077 0.0 0.0 0.0 1.0
stairs/seq-02/color/frame-000123.color.png stairs/seq-02/color/frame-000124.color.png 0.999986 -0.000399871 -0.00531485 0.00697559 0.000455528 0.999945 0.0104786 -0.0128231 0.00531036 -0.0104809 0.999931 -0.00713408 0.0 0.0 0.0 1.0
stairs/seq-02/color/frame-000124.color.png stairs/seq-02/color/frame-000125.color.png 1.0 0.000862931 0.000376771 -0.00209928 -0.000864926 0.999985 0.00534424 -0.0128573 -0.000372151 -0.00534456 0.999986 0.00135554 0.0 0.0 0.0 1.0
stairs/seq-02/color/frame-000125.color.png stairs/seq-02/color/frame-000126.color.png 0.999992 0.00189655 -0.00342037 0.00372195 -0.00191388 0.999985 -0.00507308 0.00595949 0.00341069 0.00507959 0.999981 -0.00489303 0.0 0.0 0.0 1.0
stairs/seq-02/color/frame-000126.color.png stairs/seq-02/color/frame-000127.color.png 0.999986 0.00351442 0.00395298 -0.0181274 -0.00350767 0.999992 -0.00171083 0.00215102 -0.00395898 0.00169694 0.999991 0.000459686 0.0 0.0 0.0 1.0
stairs/seq-02/color/frame-000127.color.png stairs/seq-02/color/frame-000128.color.png 0.999956 0.0031816 -0.00884337 0.00556296 -0.00319298 0.999994 -0.0012679 0.00244752 0.0088393 0.00129609 0.99996 -0.00892855 0.0 0.0 0.0 1.0
stairs/seq-02/color/frame-000128.color.png stairs/seq-02/color/frame-000129.color.png 0.999888 0.00703111 -0.0132178 0.022404 -0.00702884 0.999975 0.000216268 0.0061672 0.013219 -0.000123348 0.999913 -0.00853929 0.0 0.0 0.0 1.0
stairs/seq-02/color/frame-000129.color.png stairs/seq-02/color/frame-000130.color.png 0.999914 0.0104215 -0.00800025 0.00725812 -0.0104529 0.999938 -0.00388816 0.00887419 0.00795923 0.00397146 0.99996 -0.00968149 0.0 0.0 0.0 1.0
stairs/seq-02/color/frame-000130.color.png stairs/seq-02/color/frame-000131.color.png 0.999861 0.0131698 0.0102064 -0.0217161 -0.0131672 0.999913 -0.00032921 0.0154707 -0.0102099 0.000194774 0.999948 0.00164728 0.0 0.0 0.0 1.0
stairs/seq-02/color/frame-000131.color.png stairs/seq-02/color/frame-000132.color.png 0.999958 0.0091513 0.000508271 -0.00963873 -0.00915256 0.999955 0.00249878 0.00540216 -0.000485396 -0.00250332 0.999997 -0.00882122 0.0 0.0 0.0 1.0
stairs/seq-02/color/frame-000132.color.png stairs/seq-02/color/frame-000133.color.png 0.999907 0.00790453 -0.0110696 0.013494 -0.00794666 0.999961 -0.00376757 0.00991287 0.0110394 0.00385518 0.999932 -0.00959773 0.0 0.0 0.0 1.0
stairs/seq-02/color/frame-000133.color.png stairs/seq-02/color/frame-000134.color.png 0.999544 0.029876 0.00440609 -0.0134987 -0.0298537 0.999542 -0.00503778 0.0331472 -0.00455458 0.00490395 0.999978 -0.0119741 0.0 0.0 0.0 1.0
stairs/seq-02/color/frame-000134.color.png stairs/seq-02/color/frame-000135.color.png 0.999916 0.00324805 -0.0125595 0.00877124 -0.00322682 0.999993 0.00170954 -0.000825211 0.012565 -0.00166888 0.99992 -0.0103724 0.0 0.0 0.0 1.0
stairs/seq-02/color/frame-000135.color.png stairs/seq-02/color/frame-000136.color.png 0.999324 0.0303114 -0.020807 0.00483078 -0.0304381 0.99952 -0.00579906 0.0415983 0.0206212 0.00642847 0.999767 -0.0257302 0.0 0.0 0.0 1.0
stairs/seq-02/color/frame-000136.color.png stairs/seq-02/color/frame-000137.color.png 0.999873 0.0145717 -0.00649987 -0.0028528 -0.0145234 0.999867 0.00742801 -0.00273317 0.00660724 -0.00733267 0.999951 -0.00154707 0.0 0.0 0.0 1.0
stairs/seq-02/color/frame-000137.color.png stairs/seq-02/color/frame-000138.color.png 0.999911 0.0103489 -0.00841711 0.00764859 -0.0103484 0.999947 0.000110428 0.00366715 0.00841781 -2.33139e-05 0.999965 -0.00796872 0.0 0.0 0.0 1.0
stairs/seq-02/color/frame-000138.color.png stairs/seq-02/color/frame-000139.color.png 0.999649 0.0185647 -0.0189034 0.0158831 -0.0187174 0.999793 -0.00793422 0.0456643 0.0187522 0.00828525 0.99979 -0.0363449 0.0 0.0 0.0 1.0
stairs/seq-02/color/frame-000139.color.png stairs/seq-02/color/frame-000140.color.png 0.99949 0.00569463 -0.0314264 0.0341223 -0.0057836 0.999979 -0.0027408 0.0169533 0.0314102 0.00292116 0.999502 -0.0242306 0.0 0.0 0.0 1.0
stairs/seq-02/color/frame-000140.color.png stairs/seq-02/color/frame-000141.color.png 0.999821 0.00677544 -0.0176537 0.00613308 -0.00675205 0.999976 0.00138408 0.00347742 0.0176626 -0.00126464 0.999843 -0.0109659 0.0 0.0 0.0 1.0
stairs/seq-02/color/frame-000141.color.png stairs/seq-02/color/frame-000142.color.png 0.999745 0.0195807 -0.011292 -0.00581139 -0.0195125 0.999791 0.00611563 0.0100135 0.0114094 -0.00589372 0.999918 -0.0135937 0.0 0.0 0.0 1.0
stairs/seq-02/color/frame-000142.color.png stairs/seq-02/color/frame-000143.color.png 0.999912 0.0028828 -0.0129326 0.00922287 -0.00294786 0.999983 -0.00501347 0.00177145 0.0129179 0.00505115 0.999904 -0.00896025 0.0 0.0 0.0 1.0
stairs/seq-02/color/frame-000143.color.png stairs/seq-02/color/frame-000144.color.png 0.9998 0.0161099 -0.0118388 0.00686002 -0.0161185 0.99987 -0.000636963 0.0192541 0.011827 0.000827646 0.99993 -0.0216898 0.0 0.0 0.0 1.0
stairs/seq-02/color/frame-000144.color.png stairs/seq-02/color/frame-000145.color.png 0.999978 0.00131897 -0.00654167 0.0107693 -0.00134949 0.999988 -0.00466173 0.00789156 0.00653543 0.00467044 0.999968 -0.0032592 0.0 0.0 0.0 1.0
stairs/seq-02/color/frame-000145.color.png stairs/seq-02/color/frame-000146.color.png 0.999991 0.00387166 0.00153421 -0.00665623 -0.00385957 0.999962 -0.00781573 0.00748813 -0.00156439 0.00780975 0.999968 -0.00394858 0.0 0.0 0.0 1.0
stairs/seq-02/color/frame-000146.color.png stairs/seq-02/color/frame-000147.color.png 0.999902 0.00933221 -0.010388 0.00681424 -0.00935733 0.999953 -0.0023731 0.00984993 0.0103653 0.00247008 0.999943 -0.0153419 0.0 0.0 0.0 1.0
stairs/seq-02/color/frame-000147.color.png stairs/seq-02/color/frame-000148.color.png 0.999977 0.00359315 -0.00571818 0.000182033 -0.00361336 0.999987 -0.00352476 0.00222936 0.00570543 0.00354535 0.999977 -0.00281346 0.0 0.0 0.0 1.0
stairs/seq-02/color/frame-000148.color.png stairs/seq-02/color/frame-000149.color.png 0.999977 0.00551037 -0.00395353 0.00366461 -0.00553197 0.99997 -0.00547916 0.0127197 0.00392321 0.0055009 0.999977 -0.00780275 0.0 0.0 0.0 1.0
stairs/seq-02/color/frame-000149.color.png stairs/seq-02/color/frame-000150.color.png 0.999915 0.0054811 -0.0118288 0.00988191 -0.00558836 0.999943 -0.00905397 0.0111693 0.0117785 0.00911932 0.999889 -0.00238772 0.0 0.0 0.0 1.0
stairs/seq-02/color/frame-000150.color.png stairs/seq-02/color/frame-000151.color.png 0.999979 0.00634342 -0.00148692 0.00600427 -0.00635278 0.99996 -0.00636806 0.00622282 0.00144648 0.00637735 0.999979 -0.00936997 0.0 0.0 0.0 1.0
stairs/seq-02/color/frame-000151.color.png stairs/seq-02/color/frame-000152.color.png 0.999874 0.0136034 0.00824401 0.00102758 -0.0135928 0.999907 -0.00134986 0.00601583 -0.00826161 0.00123762 0.999965 0.00212063 0.0 0.0 0.0 1.0
stairs/seq-02/color/frame-000152.color.png stairs/seq-02/color/frame-000153.color.png 0.999997 0.00143416 -0.00202768 0.00419825 -0.00144193 0.999992 -0.00385445 0.00333011 0.00202215 0.00385739 0.99999 -0.00806841 0.0 0.0 0.0 1.0
stairs/seq-02/color/frame-000153.color.png stairs/seq-02/color/frame-000154.color.png 0.999981 0.0054411 0.00304504 -0.00305784 -0.00543141 0.99998 -0.00319149 0.0136022 -0.00306235 0.00317487 0.99999 -0.0030819 0.0 0.0 0.0 1.0
stairs/seq-02/color/frame-000154.color.png stairs/seq-02/color/frame-000155.color.png 0.999984 0.00526988 0.00197246 0.00036329 -0.00527523 0.999982 0.00273178 -0.00213684 -0.00195805 -0.00274213 0.999994 0.00596672 0.0 0.0 0.0 1.0
stairs/seq-02/color/frame-000155.color.png stairs/seq-02/color/frame-000156.color.png 0.99999 0.00447155 -0.000128709 0.00444609 -0.00447152 0.99999 0.000515168 -0.00111078 0.000131009 -0.000514593 1.0 -0.00262266 0.0 0.0 0.0 1.0
stairs/seq-02/color/frame-000156.color.png stairs/seq-02/color/frame-000157.color.png 0.999887 0.0112359 0.00997258 -0.00291413 -0.0112665 0.999932 0.00301591 0.00652973 -0.00993804 -0.00312793 0.999946 0.0116732 0.0 0.0 0.0 1.0
stairs/seq-02/color/frame-000157.color.png stairs/seq-02/color/frame-000158.color.png 0.999998 0.00196639 -0.000318292 0.0037148 -0.00196719 0.999995 -0.00248037 0.00448422 0.000313416 0.00248099 0.999997 -0.00208054 0.0 0.0 0.0 1.0
stairs/seq-02/color/frame-000158.color.png stairs/seq-02/color/frame-000159.color.png 0.99993 0.0109198 0.00460247 -0.000326633 -0.0109156 0.99994 -0.000924873 0.00726848 -0.00461227 0.000874583 0.999989 0.00730266 0.0 0.0 0.0 1.0
stairs/seq-02/color/frame-000159.color.png stairs/seq-02/color/frame-000160.color.png 0.999995 -0.000377736 -0.00326957 0.0107763 0.000343725 0.999946 -0.0104061 0.014574 0.00327332 0.0104049 0.99994 0.0070316 0.0 0.0 0.0 1.0
stairs/seq-02/color/frame-000160.color.png stairs/seq-02/color/frame-000161.color.png 0.999984 -0.00565431 -1.2117e-05 0.0120437 0.00565403 0.999958 -0.00716769 -0.000216473 5.26477e-05 0.00716751 0.999974 -0.00489496 0.0 0.0 0.0 1.0
stairs/seq-02/color/frame-000161.color.png stairs/seq-02/color/frame-000162.color.png 0.999992 -0.0035176 -0.00200587 0.00845397 0.00351454 0.999993 -0.00154649 -0.00219721 0.00201129 0.00153943 0.999997 -0.00222613 0.0 0.0 0.0 1.0
stairs/seq-02/color/frame-000162.color.png stairs/seq-02/color/frame-000163.color.png 0.999911 0.00289758 0.0130027 -0.00610495 -0.00288013 0.999995 -0.00136265 -0.00314081 -0.0130066 0.00132509 0.999915 0.013945 0.0 0.0 0.0 1.0
stairs/seq-02/color/frame-000163.color.png stairs/seq-02/color/frame-000164.color.png 0.999945 0.00106045 0.0103888 -0.00295657 -0.00103614 0.999997 -0.00234435 0.00128083 -0.0103913 0.00233345 0.999943 0.0136958 0.0 0.0 0.0 1.0
stairs/seq-02/color/frame-000164.color.png stairs/seq-02/color/frame-000165.color.png 0.999979 -0.00189896 0.0061208 0.0230502 0.00186954 0.999987 0.00480872 0.00226036 -0.00612984 -0.00479718 0.99997 -0.00632052 0.0 0.0 0.0 1.0
stairs/seq-02/color/frame-000165.color.png stairs/seq-02/color/frame-000166.color.png 0.999996 -0.00226815 -0.00136496 0.00290376 0.00227061 0.999996 0.00178721 -0.00526295 0.0013609 -0.00179032 0.999997 0.00160025 0.0 0.0 0.0 1.0
stairs/seq-02/color/frame-000166.color.png stairs/seq-02/color/frame-000167.color.png 0.999937 0.00799695 0.00787955 -0.00121617 -0.00798644 0.999967 -0.00136542 0.00660403 -0.0078902 0.00130242 0.999968 0.0131988 0.0 0.0 0.0 1.0
stairs/seq-02/color/frame-000167.color.png stairs/seq-02/color/frame-000168.color.png 0.999995 -0.00136355 0.00296767 0.00121427 0.00136887 0.999997 -0.00180522 -0.00234795 -0.0029652 0.00180925 0.999994 0.00604994 0.0 0.0 0.0 1.0
stairs/seq-02/color/frame-000168.color.png stairs/seq-02/color/frame-000169.color.png 0.999991 -0.00305529 -0.0029768 0.0114499 0.00304175 0.999985 -0.0045417 0.00272134 0.00299063 0.00453261 0.999985 -0.0039903 0.0 0.0 0.0 1.0
stairs/seq-02/color/frame-000169.color.png stairs/seq-02/color/frame-000170.color.png 0.999981 0.00616791 0.000361917 0.000426412 -0.00616708 0.999979 -0.00224542 0.00426928 -0.000375747 0.00224316 0.999997 0.00240733 0.0 0.0 0.0 1.0
stairs/seq-02/color/frame-000170.color.png stairs/seq-02/color/frame-000171.color.png 0.999982 0.00599911 -0.000945469 0.00342309 -0.0060016 0.999978 -0.00263109 0.00466561 0.000929667 0.00263668 0.999996 -0.00194398 0.0 0.0 0.0 1.0
stairs/seq-02/color/frame-000171.color.png stairs/seq-02/color/frame-000172.color.png 0.999916 0.01135 0.00628202 -0.00585419 -0.0113296 0.999931 -0.00327698 0.0106889 -0.00631879 0.00320555 0.999975 0.00619587 0.0 0.0 0.0 1.0
stairs/seq-02/color/frame-000172.color.png stairs/seq-02/color/frame-000173.color.png 0.999996 0.00168819 -0.00243152 -0.00110948 -0.00169432 0.999995 -0.00250456 -0.00396995 0.0024273 0.00250867 0.999994 -0.00433621 0.0 0.0 0.0 1.0
