stairs/seq-02/color/frame-000002.color.png stairs/seq-02/color/frame-000005.color.png 1.0 -0.000612878 0.000810075 -0.000677502 0.000614022 0.999999 -0.00141301 0.00203802 -0.000809208 0.0014135 0.999999 0.000150311 0.0 0.0 0.0 1.0
stairs/seq-02/color/frame-000005.color.png stairs/seq-02/color/frame-000008.color.png 0.999936 0.00535233 -0.00994147 0.000394038 -0.00534013 0.999985 0.00125364 -0.000894671 0.00994803 -0.00120047 0.99995 0.00571041 0.0 0.0 0.0 1.0
stairs/seq-02/color/frame-000008.color.png stairs/seq-02/color/frame-000011.color.png 0.999992 -0.000772763 -0.00384397 0.00247495 0.000761865 0.999996 -0.00283573 0.00270517 0.00384615 0.00283278 0.999988 -0.00319527 0.0 0.0 0.0 1.0
stairs/seq-02/color/frame-000011.color.png stairs/seq-02/color/frame-000014.color.png 0.999998 -0.0011242 0.00146283 0.00105586 0.00113049 0.99999 -0.00430905 0.00115796 -0.00145797 0.0043107 0.99999 0.00200135 0.0 0.0 0.0 1.0
stairs/seq-02/color/frame-000014.color.png stairs/seq-02/color/frame-000017.color.png 1.0 0.000100532 -0.000113134 0.00170043 -0.00010105 0.99999 -0.00458208 -0.00396366 0.000112674 0.00458209 0.999989 0.00318311 0.0 0.0 0.0 1.0
stairs/seq-02/color/frame-000017.color.png stairs/seq-02/color/frame-000020.color.png 0.999984 0.00194942 -0.00532253 0.00215911 -0.00200518 0.999943 -0.0104912 0.000257975 0.00530177 0.0105017 0.999931 0.00449852 0.0 0.0 0.0 1.0
stairs/seq-02/color/frame-000020.color.png stairs/seq-02/color/frame-000023.color.png 0.999999 -0.000579232 -0.00148872 0.00236811 0.000577674 0.999999 -0.0010473 -0.00382169 0.00148932 0.00104644 0.999998 0.00053524 0.0 0.0 0.0 1.0
stairs/seq-02/color/frame-000023.color.png stairs/seq-02/color/frame-000026.color.png 0.999982 -0.00606791 0.000358041 0.00543003 0.00606638 0.999973 0.00412157 -0.00100276 -0.000383037 -0.00411932 0.999991 0.0121113 0.0 0.0 0.0 1.0
stairs/seq-02/color/frame-000026.color.png stairs/seq-02/color/frame-000029.color.png 0.999964 -0.00665179 0.00527037 0.00677334 0.00658165 0.999891 0.0132164 -0.00883792 -0.00535771 -0.0131813 0.999899 0.018104 0.0 0.0 0.0 1.0
stairs/seq-02/color/frame-000029.color.png stairs/seq-02/color/frame-000032.color.png 0.999923 -0.00513817 0.0113221 0.0091218 0.00507019 0.999969 0.00602505 -0.00722515 -0.0113527 -0.00596718 0.999918 0.0179565 0.0 0.0 0.0 1.0
stairs/seq-02/color/frame-000032.color.png stairs/seq-02/color/frame-000035.color.png 0.999943 -0.000198656 0.0106875 0.00503429 0.000228547 0.999996 -0.00279553 -0.00478916 -0.0106869 0.00279782 0.999939 0.0132903 0.0 0.0 0.0 1.0
stairs/seq-02/color/frame-000035.color.png stairs/seq-02/color/frame-000038.color.png 0.999842 0.0108519 0.0141108 0.0062383 -0.010833 0.99994 -0.00140943 -0.00654883 -0.0141252 0.00125635 0.999899 0.0153596 0.0 0.0 0.0 1.0
stairs/seq-02/color/frame-000038.color.png stairs/seq-02/color/frame-000041.color.png 0.999984 -0.005712 0.000189889 0.0161688 0.00571343 0.999946 -0.00866979 -0.00800312 -0.000140354 0.00867073 0.999962 0.0153049 0.0 0.0 0.0 1.0
stairs/seq-02/color/frame-000041.color.png stairs/seq-02/color/frame-000044.color.png 0.999872 -0.0113458 0.0112635 0.0180034 0.0114199 0.999913 -0.0065395 -0.0171929 -0.0111883 0.00666729 0.999915 0.0181595 0.0 0.0 0.0 1.0
stairs/seq-02/color/frame-000044.color.png stairs/seq-02/color/frame-000047.color.png 0.999881 -0.0126783 0.00877832 0.0118133 0.0126851 0.999919 -0.000724984 -0.0135229 -0.00876842 0.000836253 0.999961 0.0115994 0.0 0.0 0.0 1.0
stairs/seq-02/color/frame-000047.color.png stairs/seq-02/color/frame-000050.color.png 0.999682 -0.0208404 0.0142289 0.00923735 0.0210488 0.999671 -0.0146596 -0.00772669 -0.0139186 0.0149544 0.999791 0.0124537 0.0 0.0 0.0 1.0
stairs/seq-02/color/frame-000050.color.png stairs/seq-02/color/frame-000053.color.png 0.999879 -0.0122348 0.0096369 0.00366092 0.0123134 0.999891 -0.0081426 -0.00547915 -0.00953622 0.00826028 0.99992 0.0087471 0.0 0.0 0.0 1.0
stairs/seq-02/color/frame-000053.color.png stairs/seq-02/color/frame-000056.color.png 0.999804 -0.0172219 0.00982002 0.0181183 0.0171055 0.999784 0.0118142 -0.0236296 -0.0100214 -0.0116439 0.999882 0.00514057 0.0 0.0 0.0 1.0
stairs/seq-02/color/frame-000056.color.png stairs/seq-02/color/frame-000059.color.png 0.999735 -0.0212545 0.00884036 0.00692339 0.021219 0.999767 0.00408385 -0.00431574 -0.00892511 -0.00389519 0.999953 0.00488628 0.0 0.0 0.0 1.0
stairs/seq-02/color/frame-000059.color.png stairs/seq-02/color/frame-000062.color.png 0.999873 -0.0133736 0.00870283 0.00790288 0.0133242 0.999895 0.0057058 -0.0118031 -0.00877821 -0.00558912 0.999946 0.0144259 0.0 0.0 0.0 1.0
stairs/seq-02/color/frame-000062.color.png stairs/seq-02/color/frame-000065.color.png 0.999976 -0.00311399 -0.00617493 0.0134127 0.00312756 0.999993 0.00219183 -0.00599689 0.00616806 -0.00221109 0.999978 -0.00327058 0.0 0.0 0.0 1.0
stairs/seq-02/color/frame-000065.color.png stairs/seq-02/color/frame-000068.color.png 0.999942 0.00730714 -0.00787952 0.0135981 -0.00734036 0.999964 -0.00419557 -0.00286948 0.00784857 0.00425317 0.99996 0.00590597 0.0 0.0 0.0 1.0
stairs/seq-02/color/frame-000068.color.png stairs/seq-02/color/frame-000071.color.png 0.999788 0.0145705 -0.0145202 0.0157254 -0.0147226 0.999837 -0.010426 -0.00618584 0.0143659 0.0106376 0.99984 0.00730364 0.0 0.0 0.0 1.0
stairs/seq-02/color/frame-000071.color.png stairs/seq-02/color/frame-000074.color.png 0.999836 0.0178088 -0.0031875 0.00826335 -0.0178546 0.999728 -0.014976 0.00679521 0.00291991 0.0150305 0.999883 0.00994483 0.0 0.0 0.0 1.0
stairs/seq-02/color/frame-000074.color.png stairs/seq-02/color/frame-000077.color.png 0.999733 0.0188378 -0.0133994 0.0353318 -0.0190615 0.999678 -0.0167658 -0.00111048 0.0130793 0.0170167 0.99977 -0.0105655 0.0 0.0 0.0 1.0
stairs/seq-02/color/frame-000077.color.png stairs/seq-02/color/frame-000080.color.png 0.999917 0.0127028 -0.00210594 0.0297262 -0.0127242 0.999864 -0.0104852 0.00729977 0.00197246 0.0105112 0.999943 0.000763953 0.0 0.0 0.0 1.0
stairs/seq-02/color/frame-000080.color.png stairs/seq-02/color/frame-000083.color.png 0.999944 0.0103762 -0.00199878 0.0296029 -0.0103839 0.999938 -0.00391391 0.00338551 0.00195804 0.00393445 0.99999 0.000227407 0.0 0.0 0.0 1.0
stairs/seq-02/color/frame-000083.color.png stairs/seq-02/color/frame-000086.color.png 0.999968 0.00511506 0.00623073 0.0280887 -0.00511588 0.999987 0.000115901 0.00193335 -0.00623006 -0.000147787 0.999981 -0.00159815 0.0 0.0 0.0 1.0
stairs/seq-02/color/frame-000086.color.png stairs/seq-02/color/frame-000089.color.png 0.999964 -0.0015393 -0.00838695 0.0428796 0.00151496 0.999995 -0.00290858 0.0156081 0.00839139 0.00289579 0.999961 -0.00824688 0.0 0.0 0.0 1.0
stairs/seq-02/color/frame-000089.color.png stairs/seq-02/color/frame-000092.color.png 0.999919 -0.00150635 0.0125998 0.0125304 0.00143316 0.999982 0.00581608 0.0061226 -0.0126084 -0.00579756 0.999904 0.0215754 0.0 0.0 0.0 1.0
stairs/seq-02/color/frame-000092.color.png stairs/seq-02/color/frame-000095.color.png 0.99996 0.00210535 -0.00867437 0.0442559 -0.00210913 0.999998 -0.000426899 0.0164254 0.00867344 0.000445162 0.999962 -0.00879791 0.0 0.0 0.0 1.0
stairs/seq-02/color/frame-000095.color.png stairs/seq-02/color/frame-000098.color.png 0.999898 0.0101854 0.0100092 0.00228173 -0.0102897 0.999893 0.0104252 0.00190157 -0.00990191 -0.0105271 0.999896 -0.000777334 0.0 0.0 0.0 1.0
stairs/seq-02/color/frame-000098.color.png stairs/seq-02/color/frame-000101.color.png 0.999762 -0.0104939 -0.0191277 0.0472355 0.010417 0.999937 -0.00411348 0.0164677 0.0191697 0.00391324 0.999809 -0.00467391 0.0 0.0 0.0 1.0
stairs/seq-02/color/frame-000101.color.png stairs/seq-02/color/frame-000104.color.png 0.999965 -0.00756677 0.00342073 0.00684032 0.00757886 0.999965 -0.00353718 -0.00470284 -0.00339385 0.00356298 0.999988 0.0131573 0.0 0.0 0.0 1.0
stairs/seq-02/color/frame-000104.color.png stairs/seq-02/color/frame-000107.color.png 0.999987 -0.00325535 0.0039679 0.00368804 0.00326342 0.999993 -0.00202582 0.00618655 -0.00396127 0.00203876 0.99999 0.0097681 0.0 0.0 0.0 1.0
stairs/seq-02/color/frame-000107.color.png stairs/seq-02/color/frame-000110.color.png 0.999852 -0.0125661 0.0117357 -0.0014222 0.0125849 0.99992 -0.00152836 -0.0103083 -0.0117155 0.00167582 0.99993 0.0191464 0.0 0.0 0.0 1.0
stairs/seq-02/color/frame-000110.color.png stairs/seq-02/color/frame-000113.color.png 0.999824 -0.0147571 0.0115599 0.0238893 0.0146482 0.999848 0.00944433 -0.0115882 -0.0116975 -0.00927335 0.999889 0.0163603 0.0 0.0 0.0 1.0
stairs/seq-02/color/frame-000113.color.png stairs/seq-02/color/frame-000116.color.png 0.999389 -0.0248219 0.0246005 0.000776887 0.0244172 0.999564 0.0166163 -0.00519918 -0.0250022 -0.0160055 0.999559 0.0269495 0.0 0.0 0.0 1.0
stairs/seq-02/color/frame-000116.color.png stairs/seq-02/color/frame-000119.color.png 0.998474 -0.0395542 0.0385421 -0.0228927 0.0387355 0.999013 0.0217623 -0.0740822 -0.0393648 -0.0202362 0.99902 0.0273255 0.0 0.0 0.0 1.0
stairs/seq-02/color/frame-000119.color.png stairs/seq-02/color/frame-000122.color.png 0.999996 -0.000599887 0.00258737 0.0113878 0.000621423 0.999965 -0.00833694 0.0233699 -0.00258231 0.00833852 0.999962 0.00564927 0.0 0.0 0.0 1.0
stairs/seq-02/color/frame-000122.color.png stairs/seq-02/color/frame-000125.color.png 0.999488 -0.00227781 -0.0319017 0.0607548 0.00235366 0.999994 0.00234025 0.00537641 0.0318962 -0.00241414 0.999488 -0.0128806 0.0 0.0 0.0 1.0
stairs/seq-02/color/frame-000125.color.png stairs/seq-02/color/frame-000128.color.png 0.999914 0.00969232 -0.00878637 -0.00573456 -0.00978159 0.9999 -0.0101751 0.0173254 0.00868686 0.0102602 0.99991 -0.0119869 0.0 0.0 0.0 1.0
stairs/seq-02/color/frame-000128.color.png stairs/seq-02/color/frame-000131.color.png 0.999478 0.0296397 -0.0128482 0.0120597 -0.029683 0.999554 -0.00319322 0.0305385 0.0127479 0.00357293 0.999912 -0.0190296 0.0 0.0 0.0 1.0
stairs/seq-02/color/frame-000131.color.png stairs/seq-02/color/frame-000134.color.png 0.998855 0.0461334 -0.0126598 0.00317228 -0.0461937 0.998922 -0.00451722 0.0448054 0.0124378 0.00509685 0.99991 -0.0238584 0.0 0.0 0.0 1.0
stairs/seq-02/color/frame-000134.color.png stairs/seq-02/color/frame-000137.color.png 0.998206 0.0493584 -0.0339024 0.000648856 -0.0495937 0.998751 -0.00613343 0.0617966 0.0335573 0.00780378 0.999406 -0.0447883 0.0 0.0 0.0 1.0
stairs/seq-02/color/frame-000137.color.png stairs/seq-02/color/frame-000140.color.png 0.998255 0.0421689 -0.0413425 0.0254976 -0.042188 0.99911 0.00041214 0.0496967 0.0413231 0.00133272 0.999145 -0.0594594 0.0 0.0 0.0 1.0
stairs/seq-02/color/frame-000140.color.png stairs/seq-02/color/frame-000143.color.png 0.998726 0.0224175 -0.0452033 0.0146876 -0.0224816 0.999747 -0.000911612 0.0190443 0.0451714 0.0019267 0.998977 -0.0342688 0.0 0.0 0.0 1.0
stairs/seq-02/color/frame-000143.color.png stairs/seq-02/color/frame-000146.color.png 0.999652 0.0232767 -0.0123864 0.000316978 -0.0233689 0.9997 -0.00735921 0.0230642 0.0122114 0.0076461 0.999896 -0.0172491 0.0 0.0 0.0 1.0
stairs/seq-02/color/frame-000146.color.png stairs/seq-02/color/frame-000149.color.png 0.999346 0.0221844 -0.0285525 0.0338148 -0.0224088 0.99972 -0.00756394 0.0217556 0.0283767 0.00819882 0.999564 -0.0459635 0.0 0.0 0.0 1.0
stairs/seq-02/color/frame-000149.color.png stairs/seq-02/color/frame-000152.color.png 0.999766 0.0205585 -0.0066769 0.0175296 -0.0207424 0.999371 -0.0287547 0.0471561 0.00608154 0.0288865 0.999564 -0.0039792 0.0 0.0 0.0 1.0
stairs/seq-02/color/frame-000152.color.png stairs/seq-02/color/frame-000155.color.png 0.999937 0.0109948 0.00206927 0.000864208 -0.0109802 0.999916 -0.00694213 0.0177081 -0.00214542 0.00691894 0.999974 0.00218292 0.0 0.0 0.0 1.0
stairs/seq-02/color/frame-000155.color.png stairs/seq-02/color/frame-000158.color.png 0.999769 0.0185958 0.010742 0.00264728 -0.0186286 0.999822 0.00295656 0.00743493 -0.0106851 -0.00315595 0.999938 0.00621266 0.0 0.0 0.0 1.0
stairs/seq-02/color/frame-000158.color.png stairs/seq-02/color/frame-000161.color.png 0.999931 0.00824383 0.00839103 0.0101143 -0.00815844 0.999915 -0.0101618 0.00707608 -0.00847411 0.0100927 0.999913 0.00507011 0.0 0.0 0.0 1.0
stairs/seq-02/color/frame-000161.color.png stairs/seq-02/color/frame-000164.color.png 0.99981 -0.000842776 0.0194987 0.00390482 0.000944652 0.999986 -0.00521643 -0.00308353 -0.019494 0.00523386 0.999796 0.0195547 0.0 0.0 0.0 1.0
stairs/seq-02/color/frame-000164.color.png stairs/seq-02/color/frame-000167.color.png 0.999921 0.00256845 0.0122742 0.0195382 -0.00257529 0.999996 0.00054141 0.00818377 -0.0122727 -0.000573035 0.999925 0.0210055 0.0 0.0 0.0 1.0
stairs/seq-02/color/frame-000167.color.png stairs/seq-02/color/frame-000170.color.png 0.999971 0.00632925 0.00420257 0.00717765 -0.0062949 0.999947 -0.00812494 0.00682992 -0.00425377 0.00809833 0.999958 0.00484173 0.0 0.0 0.0 1.0
stairs/seq-02/color/frame-000170.color.png stairs/seq-02/color/frame-000173.color.png 0.999817 0.0186289 0.00439282 -0.00801343 -0.0185853 0.99978 -0.00977019 0.0156496 -0.00457386 0.00968676 0.999943 0.00100586 0.0 0.0 0.0 1.0
stairs/seq-02/color/frame-000173.color.png stairs/seq-02/color/frame-000176.color.png 0.998889 0.0356572 -0.0308049 0.0101372 -0.0359503 0.999313 -0.00901569 0.0349721 0.0304623 0.0101131 0.999485 -0.0306525 0.0 0.0 0.0 1.0
stairs/seq-02/color/frame-000176.color.png stairs/seq-02/color/frame-000179.color.png 0.998846 0.0361993 -0.031571 -0.00196153 -0.0363989 0.999321 -0.00577159 0.0278054 0.0313407 0.00691406 0.999485 -0.033963 0.0 0.0 0.0 1.0
stairs/seq-02/color/frame-000179.color.png stairs/seq-02/color/frame-000182.color.png 0.99932 0.023363 -0.0285403 0.0342169 -0.0234882 0.999716 -0.00405846 0.041741 0.0284375 0.00472608 0.999584 -0.0525048 0.0 0.0 0.0 1.0
stairs/seq-02/color/frame-000182.color.png stairs/seq-02/color/frame-000185.color.png 0.999412 0.0206925 -0.0273508 0.00306225 -0.0205791 0.999778 0.00442125 0.0416153 0.0274362 -0.00385581 0.999616 -0.0393403 0.0 0.0 0.0 1.0
stairs/seq-02/color/frame-000185.color.png stairs/seq-02/color/frame-000188.color.png 0.999486 0.022189 -0.0231353 0.020099 -0.0222799 0.999745 -0.00368007 0.0302986 0.0230478 0.00419368 0.999725 -0.0556764 0.0 0.0 0.0 1.0
stairs/seq-02/color/frame-000188.color.png stairs/seq-02/color/frame-000191.color.png 0.999676 0.0130025 -0.0218622 0.0140544 -0.0131541 0.99989 -0.00680837 0.0360048 0.0217712 0.00709374 0.999738 -0.0504479 0.0 0.0 0.0 1.0
stairs/seq-02/color/frame-000191.color.png stairs/seq-02/color/frame-000194.color.png 0.999771 0.0102094 -0.0188104 0.0224118 -0.0104793 0.999843 -0.0143043 0.0304371 0.0186614 0.0144981 0.999721 -0.0459324 0.0 0.0 0.0 1.0
stairs/seq-02/color/frame-000194.color.png stairs/seq-02/color/frame-000197.color.png 0.999653 0.0184721 -0.0187849 -0.00501329 -0.0188 0.999671 -0.0174368 0.0508259 0.0184566 0.0177839 0.999672 -0.0357727 0.0 0.0 0.0 1.0
stairs/seq-02/color/frame-000197.color.png stairs/seq-02/color/frame-000200.color.png 0.999737 0.0137635 -0.0183499 0.0145684 -0.0137869 0.999904 -0.00115316 0.024803 0.0183323 0.00140584 0.999831 -0.0358189 0.0 0.0 0.0 1.0
stairs/seq-02/color/frame-000200.color.png stairs/seq-02/color/frame-000203.color.png 0.999925 0.0106088 -0.0061232 -0.00384587 -0.0106032 0.999943 0.000966283 0.019519 0.00613311 -0.000901301 0.999981 -0.0196801 0.0 0.0 0.0 1.0
stairs/seq-02/color/frame-000203.color.png stairs/seq-02/color/frame-000206.color.png 0.999913 -0.0129472 -0.00245056 0.0186098 0.0129205 0.99986 -0.0106446 -0.00291473 0.00258802 0.010612 0.99994 -0.0130567 0.0 0.0 0.0 1.0
stairs/seq-02/color/frame-000206.color.png stairs/seq-02/color/frame-000209.color.png 0.999763 -0.021765 -0.00105396 0.00775093 0.0217552 0.999727 -0.00854499 -0.0184009 0.00123968 0.00852006 0.999963 -0.0106424 0.0 0.0 0.0 1.0
stairs/seq-02/color/frame-000209.color.png stairs/seq-02/color/frame-000212.color.png 0.998899 -0.0236239 0.0405409 -0.010448 0.0237152 0.999717 -0.00177254 -0.0125649 -0.0404875 0.00273205 0.999176 0.0409787 0.0 0.0 0.0 1.0
stairs/seq-02/color/frame-000212.color.png stairs/seq-02/color/frame-000215.color.png 0.999656 -0.0223718 0.0136502 0.0231048 0.0222282 0.999697 0.0105884 -0.00611967 -0.0138829 -0.0102813 0.999851 0.0292602 0.0 0.0 0.0 1.0
stairs/seq-02/color/frame-000215.color.png stairs/seq-02/color/frame-000218.color.png 0.999706 -0.0219352 0.0103805 0.00752538 0.0218469 0.999725 0.00853712 -0.0111628 -0.0105649 -0.0083078 0.99991 0.021126 0.0 0.0 0.0 1.0
stairs/seq-02/color/frame-000218.color.png stairs/seq-02/color/frame-000221.color.png 0.999732 0.0209437 -0.00988654 -0.00420195 -0.0208695 0.999754 0.00755095 0.0213335 0.0100422 -0.00734264 0.999923 -0.0168213 0.0 0.0 0.0 1.0
stairs/seq-02/color/frame-000221.color.png stairs/seq-02/color/frame-000224.color.png 0.999042 0.0330643 -0.0286648 0.00485027 -0.033185 0.999442 -0.00374365 0.0544224 0.028525 0.00469129 0.999582 -0.0489868 0.0 0.0 0.0 1.0
stairs/seq-02/color/frame-000224.color.png stairs/seq-02/color/frame-000227.color.png 0.999502 0.0308784 -0.00646746 -0.00553238 -0.0309074 0.999512 -0.00444827 0.0406162 0.00632696 0.004646 0.999969 -0.0411283 0.0 0.0 0.0 1.0
stairs/seq-02/color/frame-000227.color.png stairs/seq-02/color/frame-000230.color.png 0.999085 0.0423855 -0.00564276 -0.00649208 -0.0424442 0.999041 -0.010712 0.0709684 0.00518342 0.0109417 0.999927 -0.0496776 0.0 0.0 0.0 1.0
stairs/seq-02/color/frame-000230.color.png stairs/seq-02/color/frame-000233.color.png 0.999845 0.0139176 -0.0108219 -0.00351304 -0.0140088 0.999867 -0.00841028 0.031794 0.0107034 0.00856052 0.999906 -0.0372661 0.0 0.0 0.0 1.0
stairs/seq-02/color/frame-000233.color.png stairs/seq-02/color/frame-000236.color.png 0.999523 0.0116271 -0.0286127 0.00204343 -0.0123011 0.999648 -0.0234894 0.0256132 0.0283295 0.0238302 0.999314 -0.0577994 0.0 0.0 0.0 1.0
stairs/seq-02/color/frame-000236.color.png stairs/seq-02/color/frame-000239.color.png 0.999967 0.00627222 -0.00520797 0.00239825 -0.00638727 0.999729 -0.0223713 0.017173 0.00506626 0.0224038 0.999736 -0.0374844 0.0 0.0 0.0 1.0
stairs/seq-02/color/frame-000239.color.png stairs/seq-02/color/frame-000242.color.png 0.999539 -0.0218576 0.0210505 0.0055325 0.0223446 0.999481 -0.0231868 -0.0359709 -0.0205328 0.0236464 0.99951 -0.0168431 0.0 0.0 0.0 1.0
stairs/seq-02/color/frame-000242.color.png stairs/seq-02/color/frame-000245.color.png 0.999513 -0.0305231 0.00655547 0.0270741 0.0307892 0.9985 -0.0452741 -0.00555578 -0.00516371 0.0454539 0.998953 -0.0197752 0.0 0.0 0.0 1.0
stairs/seq-02/color/frame-000245.color.png stairs/seq-02/color/frame-000248.color.png 0.999863 -0.014362 0.00826943 0.0108523 0.0144816 0.999788 -0.0146073 -0.0235319 -0.00805787 0.014725 0.999859 0.00973657 0.0 0.0 0.0 1.0
stairs/seq-02/color/frame-000248.color.png stairs/seq-02/color/frame-000251.color.png 0.999708 -0.0240458 0.00233508 0.000734031 0.0240925 0.999456 -0.022532 -0.0298917 -0.00179204 0.0225818 0.999743 -0.000536054 0.0 0.0 0.0 1.0
stairs/seq-02/color/frame-000251.color.png stairs/seq-02/color/frame-000254.color.png 0.999956 0.00839732 0.00408508 -0.0158977 -0.00839493 0.999965 -0.000603497 0.00332469 -0.00409002 0.000569038 0.999992 0.0171015 0.0 0.0 0.0 1.0
stairs/seq-02/color/frame-000254.color.png stairs/seq-02/color/frame-000257.color.png 0.999809 0.0186818 -0.00577479 -0.0230268 -0.0185627 0.999627 0.0200362 -0.00376838 0.00614696 -0.019925 0.999783 0.0306749 0.0 0.0 0.0 1.0
stairs/seq-02/color/frame-000257.color.png stairs/seq-02/color/frame-000260.color.png 0.999984 -0.00285237 -0.00482099 -0.00892276 0.00290082 0.999945 0.0100882 -0.0274509 0.00479195 -0.0101021 0.999937 0.0221124 0.0 0.0 0.0 1.0
stairs/seq-02/color/frame-000260.color.png stairs/seq-02/color/frame-000263.color.png 0.999928 0.0110611 0.00465133 -0.0124518 -0.0111086 0.999885 0.0103225 -0.00514904 -0.00453659 -0.0103734 0.999936 0.0383489 0.0 0.0 0.0 1.0
stairs/seq-02/color/frame-000263.color.png stairs/seq-02/color/frame-000266.color.png 0.999995 0.00281531 0.00158917 -0.0147299 -0.00282431 0.99998 0.00569082 -0.0253492 -0.00157307 -0.00569527 0.999983 0.0403321 0.0 0.0 0.0 1.0
stairs/seq-02/color/frame-000266.color.png stairs/seq-02/color/frame-000269.color.png 0.999888 0.00806937 -0.0125955 -0.0252233 -0.00788345 0.99986 0.0147387 -0.0236447 0.0127127 -0.0146378 0.999812 0.0180644 0.0 0.0 0.0 1.0
stairs/seq-02/color/frame-000269.color.png stairs/seq-02/color/frame-000272.color.png 0.999904 -0.00559868 -0.0126954 -0.0187337 0.00551966 0.999965 -0.00625353 -0.0375106 0.01273 0.00618288 0.9999 0.0183746 0.0 0.0 0.0 1.0
stairs/seq-02/color/frame-000272.color.png stairs/seq-02/color/frame-000275.color.png 0.999746 0.0110636 -0.0196345 -0.0169989 -0.0108844 0.999898 0.00921381 -0.025379 0.0197344 -0.00899777 0.999765 0.0271717 0.0 0.0 0.0 1.0
stairs/seq-02/color/frame-000275.color.png stairs/seq-02/color/frame-000278.color.png 0.999791 0.0160027 -0.0127006 -0.0172305 -0.0158979 0.999839 0.00830613 -0.0157194 0.0128315 -0.0081025 0.999885 0.0231431 0.0 0.0 0.0 1.0
stairs/seq-02/color/frame-000278.color.png stairs/seq-02/color/frame-000281.color.png 0.999977 -0.0040001 -0.00554306 -0.00930637 0.00404853 0.999953 0.00876215 -0.0258854 0.0055077 -0.00878438 0.999946 0.030247 0.0 0.0 0.0 1.0
stairs/seq-02/color/frame-000281.color.png stairs/seq-02/color/frame-000284.color.png 0.999985 -0.00527673 -0.00139207 -0.0156866 0.00527455 0.999985 -0.0015455 -0.0172146 0.0014002 0.00153809 0.999998 0.0277215 0.0 0.0 0.0 1.0
stairs/seq-02/color/frame-000284.color.png stairs/seq-02/color/frame-000287.color.png 0.999868 -0.00724497 -0.014563 -0.0107879 0.00720914 0.999971 -0.00251233 -0.0195002 0.0145808 0.002407 0.999891 0.0110042 0.0 0.0 0.0 1.0
stairs/seq-02/color/frame-000287.color.png stairs/seq-02/color/frame-000290.color.png 0.99997 -0.00297443 -0.00721879 -0.00645447 0.00294593 0.999988 -0.00395763 -0.0175601 0.00723039 0.00393617 0.999966 0.00781526 0.0 0.0 0.0 1.0
stairs/seq-02/color/frame-000290.color.png stairs/seq-02/color/frame-000293.color.png 0.999954 -0.00950437 0.00094146 -0.0154806 0.00951339 0.999903 -0.010125 -0.0137534 -0.000845055 0.0101335 0.999948 0.0135338 0.0 0.0 0.0 1.0
stairs/seq-02/color/frame-000293.color.png stairs/seq-02/color/frame-000296.color.png 1.0 -0.000515786 -0.000466204 -0.00405782 0.000515919 1.0 0.000286709 -0.00663972 0.000466043 -0.000286937 1.0 0.000487365 0.0 0.0 0.0 1.0
stairs/seq-02/color/frame-000296.color.png stairs/seq-02/color/frame-000299.color.png 0.999962 0.00670955 -0.00548743 -0.00194317 -0.00672526 0.999973 -0.00283107 0.00146966 0.00546828 0.00286789 0.999981 0.00212217 0.0 0.0 0.0 1.0
stairs/seq-02/color/frame-000299.color.png stairs/seq-02/color/frame-000302.color.png 0.999959 -0.00886933 -0.0020337 0.00452322 0.00883411 0.999821 -0.0167183 -0.0055688 0.00218158 0.0166996 0.999858 -0.00283109 0.0 0.0 0.0 1.0
stairs/seq-02/color/frame-000302.color.png stairs/seq-02/color/frame-000305.color.png 0.999934 -0.0114221 -0.00136066 0.00256532 0.0113803 0.999555 -0.027574 -0.00560737 0.00167499 0.0275568 0.999619 -0.00555848 0.0 0.0 0.0 1.0
stairs/seq-02/color/frame-000305.color.png stairs/seq-02/color/frame-000308.color.png 0.999834 -0.0182246 -0.000417132 0.0112686 0.0182194 0.999782 -0.0101697 -0.0196684 0.000602384 0.0101605 0.999948 0.0204823 0.0 0.0 0.0 1.0
stairs/seq-02/color/frame-000308.color.png stairs/seq-02/color/frame-000311.color.png 0.999737 0.0205216 -0.0102604 -0.00230467 -0.0205469 0.999786 -0.00236518 -0.00456686 0.0102098 0.00257539 0.999945 0.0213998 0.0 0.0 0.0 1.0
stairs/seq-02/color/frame-000311.color.png stairs/seq-02/color/frame-000314.color.png 0.999755 0.0211647 -0.006425 0.000397027 -0.0210741 0.999682 0.0138468 -0.00540265 0.00671593 -0.013708 0.999884 0.0269158 0.0 0.0 0.0 1.0
stairs/seq-02/color/frame-000314.color.png stairs/seq-02/color/frame-000317.color.png 0.999823 0.018726 0.00169961 0.0101851 -0.0187312 0.999819 0.00315555 0.00359947 -0.0016402 -0.00318689 0.999994 0.0244221 0.0 0.0 0.0 1.0
stairs/seq-02/color/frame-000317.color.png stairs/seq-02/color/frame-000320.color.png 0.999986 0.00360569 0.00381282 -0.000481606 -0.00367277 0.999836 0.0177318 -0.0139383 -0.00374829 -0.0177455 0.999836 0.0330821 0.0 0.0 0.0 1.0
stairs/seq-02/color/frame-000320.color.png stairs/seq-02/color/frame-000323.color.png 0.999399 0.00682353 0.0339866 -0.0163096 -0.00761558 0.999701 0.0232297 -0.0202834 -0.0338179 -0.0234744 0.999152 0.0592033 0.0 0.0 0.0 1.0
stairs/seq-02/color/frame-000323.color.png stairs/seq-02/color/frame-000326.color.png 0.999755 -0.00567893 0.0213882 -0.0017767 0.00559803 0.999977 0.0038421 -0.00864501 -0.0214095 -0.00372144 0.999764 0.0378602 0.0 0.0 0.0 1.0
stairs/seq-02/color/frame-000326.color.png stairs/seq-02/color/frame-000329.color.png 0.999745 -0.0146005 0.0172426 0.0271345 0.0147383 0.99986 -0.00788883 -0.0404687 -0.017125 0.0081409 0.99982 0.0100077 0.0 0.0 0.0 1.0
stairs/seq-02/color/frame-000329.color.png stairs/seq-02/color/frame-000332.color.png 0.999838 -0.0141162 0.0111726 0.000780106 0.0142211 0.999855 -0.00935744 -0.0160164 -0.0110389 0.00951479 0.999894 0.0142586 0.0 0.0 0.0 1.0
stairs/seq-02/color/frame-000332.color.png stairs/seq-02/color/frame-000335.color.png 0.999597 -0.018477 0.0215334 -0.0141152 0.0185818 0.999816 -0.00467617 -0.021162 -0.021443 0.00507446 0.999757 0.0305285 0.0 0.0 0.0 1.0
stairs/seq-02/color/frame-000335.color.png stairs/seq-02/color/frame-000338.color.png 0.998997 -0.0336611 0.029519 -0.0148271 0.0335973 0.999432 0.00265285 -0.0368928 -0.0295916 -0.00165845 0.999561 0.0374973 0.0 0.0 0.0 1.0
stairs/seq-02/color/frame-000338.color.png stairs/seq-02/color/frame-000341.color.png 0.998111 -0.054154 0.0290219 -0.00252241 0.0540497 0.998529 0.00436748 -0.0506278 -0.0292157 -0.00279057 0.999569 0.0358194 0.0 0.0 0.0 1.0
stairs/seq-02/color/frame-000341.color.png stairs/seq-02/color/frame-000344.color.png 0.998771 -0.0441462 0.0225424 -0.0480964 0.0439656 0.998997 0.00844414 -0.0553192 -0.0228926 -0.0074427 0.99971 0.0460513 0.0 0.0 0.0 1.0
stairs/seq-02/color/frame-000344.color.png stairs/seq-02/color/frame-000347.color.png 0.999422 -0.0320716 0.0112782 0.00780362 0.0321043 0.999481 -0.00272946 -0.025925 -0.0111848 0.00309 0.999933 0.0166128 0.0 0.0 0.0 1.0
stairs/seq-02/color/frame-000347.color.png stairs/seq-02/color/frame-000350.color.png 0.999622 -0.0169801 0.0216021 -0.0129805 0.0170736 0.999846 -0.00414827 -0.016345 -0.0215283 0.00451549 0.999758 0.0222634 0.0 0.0 0.0 1.0
stairs/seq-02/color/frame-000350.color.png stairs/seq-02/color/frame-000353.color.png 0.999624 -0.0227348 0.0153035 -0.0232993 0.022996 0.999589 -0.0171169 -0.009819 -0.0149081 0.0174624 0.999736 0.0209309 0.0 0.0 0.0 1.0
stairs/seq-02/color/frame-000353.color.png stairs/seq-02/color/frame-000356.color.png 0.999979 -0.00586229 0.00278926 0.00503016 0.00589048 0.999931 -0.0102063 -0.00646599 -0.00272922 0.0102225 0.999944 0.00687453 0.0 0.0 0.0 1.0
stairs/seq-02/color/frame-000356.color.png stairs/seq-02/color/frame-000359.color.png 0.99948 -0.0024615 0.0321482 -0.0556518 0.00255622 0.999993 -0.00290606 -0.0153196 -0.0321408 0.0029868 0.999479 0.0315846 0.0 0.0 0.0 1.0
stairs/seq-02/color/frame-000359.color.png stairs/seq-02/color/frame-000362.color.png 0.999941 -0.0108202 -0.00100187 -0.000610888 0.0108218 0.99994 0.00149781 -0.0196564 0.000985611 -0.00150859 0.999998 -0.000947088 0.0 0.0 0.0 1.0
stairs/seq-02/color/frame-000362.color.png stairs/seq-02/color/frame-000365.color.png 0.99987 -0.0135785 0.00871941 -0.00424391 0.0136214 0.999895 -0.00487919 -0.0295246 -0.00865227 0.00499728 0.99995 0.0173821 0.0 0.0 0.0 1.0
stairs/seq-02/color/frame-000365.color.png stairs/seq-02/color/frame-000368.color.png 0.99995 -0.0095532 0.003048 -0.000637591 0.00957951 0.999916 -0.00874832 -0.013849 -0.00296416 0.00877706 0.999957 0.00566554 0.0 0.0 0.0 1.0
stairs/seq-02/color/frame-000368.color.png stairs/seq-02/color/frame-000371.color.png 0.999783 -0.0104046 0.0180289 -0.0135354 0.010617 0.999875 -0.011726 -0.0128512 -0.0179047 0.0119149 0.999769 0.0234945 0.0 0.0 0.0 1.0
stairs/seq-02/color/frame-000371.color.png stairs/seq-02/color/frame-000374.color.png 0.999981 -0.00263451 0.00555339 0.00374699 0.00264526 0.999995 -0.00193258 -0.00734238 -0.00554828 0.00194723 0.999983 0.0178923 0.0 0.0 0.0 1.0
stairs/seq-02/color/frame-000374.color.png stairs/seq-02/color/frame-000377.color.png 0.999938 -0.00262773 0.0107939 0.0114843 0.00285712 0.999769 -0.0212932 -0.00611304 -0.0107355 0.0213227 0.999715 0.0189771 0.0 0.0 0.0 1.0
stairs/seq-02/color/frame-000377.color.png stairs/seq-02/color/frame-000380.color.png 0.999979 0.000988777 0.00641634 0.0203021 -0.000813401 0.999628 -0.0272734 0.00073272 -0.00644092 0.0272676 0.999607 0.0112234 0.0 0.0 0.0 1.0
stairs/seq-02/color/frame-000380.color.png stairs/seq-02/color/frame-000383.color.png 0.999557 0.00183373 0.0296961 -0.011591 -0.00155421 0.999954 -0.00943311 -0.0185441 -0.0297121 0.00938283 0.999514 0.0188354 0.0 0.0 0.0 1.0
stairs/seq-02/color/frame-000383.color.png stairs/seq-02/color/frame-000386.color.png 0.999646 0.00755309 0.0255191 0.00505286 -0.00790903 0.999872 0.0138767 -0.0111871 -0.0254111 -0.0140736 0.999578 0.0111327 0.0 0.0 0.0 1.0
stairs/seq-02/color/frame-000386.color.png stairs/seq-02/color/frame-000389.color.png 0.999878 -0.0143685 0.00614575 0.0093134 0.0142732 0.999781 0.015285 -0.0153154 -0.00636402 -0.0151954 0.999864 0.0165505 0.0 0.0 0.0 1.0
stairs/seq-02/color/frame-000389.color.png stairs/seq-02/color/frame-000392.color.png 0.999679 -0.0103096 0.0231571 -0.017067 0.00990728 0.999799 0.017422 -0.0332603 -0.0233321 -0.017187 0.99958 0.0279508 0.0 0.0 0.0 1.0
stairs/seq-02/color/frame-000392.color.png stairs/seq-02/color/frame-000395.color.png 0.999821 -0.0164768 0.00931079 0.00919414 0.0165029 0.99986 -0.0027391 -0.0148592 -0.00926436 0.00289222 0.999953 0.0141024 0.0 0.0 0.0 1.0
stairs/seq-02/color/frame-000395.color.png stairs/seq-02/color/frame-000398.color.png 0.999337 -0.0247595 0.0266915 -0.0121731 0.0247927 0.999692 -0.000911367 -0.021385 -0.0266607 0.00157258 0.999643 0.0384908 0.0 0.0 0.0 1.0
stairs/seq-02/color/frame-000398.color.png stairs/seq-02/color/frame-000401.color.png 0.999726 -0.016706 0.0163737 -0.0139462 0.0167035 0.99986 0.000289076 -0.0264651 -0.0163763 -1.54758e-05 0.999866 0.0248361 0.0 0.0 0.0 1.0
stairs/seq-02/color/frame-000401.color.png stairs/seq-02/color/frame-000404.color.png 0.999837 -0.00673441 0.0167723 -0.0166901 0.00668024 0.999972 0.00328213 -0.0298057 -0.016794 -0.00316962 0.999854 0.0247267 0.0 0.0 0.0 1.0
stairs/seq-02/color/frame-000404.color.png stairs/seq-02/color/frame-000407.color.png 0.999878 -0.00677924 0.0141033 -0.031234 0.00673344 0.999972 0.00329465 -0.0283391 -0.0141253 -0.0031993 0.999895 0.0126797 0.0 0.0 0.0 1.0
stairs/seq-02/color/frame-000407.color.png stairs/seq-02/color/frame-000410.color.png 0.999895 -0.00841036 0.0117828 -0.0277341 0.00842089 0.999964 -0.000845121 -0.0275005 -0.0117753 0.00094427 0.99993 0.0304087 0.0 0.0 0.0 1.0
stairs/seq-02/color/frame-000410.color.png stairs/seq-02/color/frame-000413.color.png 0.99995 -0.00994874 0.00139113 0.00234431 0.00997396 0.999761 -0.0194791 -0.00487211 -0.00119697 0.019492 0.999809 0.0244614 0.0 0.0 0.0 1.0
stairs/seq-02/color/frame-000413.color.png stairs/seq-02/color/frame-000416.color.png 0.999781 -0.0202513 0.00532006 -0.0215336 0.0203446 0.999629 -0.0181172 -0.00905684 -0.00495121 0.0182214 0.999822 0.0374321 0.0 0.0 0.0 1.0
stairs/seq-02/color/frame-000416.color.png stairs/seq-02/color/frame-000419.color.png 0.999927 -0.0103702 -0.00623263 -0.00554097 0.0103759 0.999946 0.000884938 -0.0212691 0.00622312 -0.000949625 0.99998 0.00513905 0.0 0.0 0.0 1.0
stairs/seq-02/color/frame-000419.color.png stairs/seq-02/color/frame-000422.color.png 0.999665 -0.0167645 0.0197195 -0.00846291 0.0167127 0.999856 0.0027902 -0.0171432 -0.0197635 -0.00245969 0.999802 0.0313179 0.0 0.0 0.0 1.0
stairs/seq-02/color/frame-000422.color.png stairs/seq-02/color/frame-000425.color.png 0.99935 -0.0127909 0.0337044 -0.0410188 0.0128294 0.999917 -0.000925416 -0.0189388 -0.0336897 0.00135723 0.999431 0.0268998 0.0 0.0 0.0 1.0
stairs/seq-02/color/frame-000425.color.png stairs/seq-02/color/frame-000428.color.png 0.999534 -0.00524944 0.0300537 -0.0385547 0.0049248 0.999929 0.0108655 -0.0324256 -0.0301085 -0.0107124 0.999489 0.0160094 0.0 0.0 0.0 1.0
stairs/seq-02/color/frame-000428.color.png stairs/seq-02/color/frame-000431.color.png 0.999976 0.00289625 0.0063005 0.00172973 -0.002969 0.999928 0.0115704 -0.00387973 -0.0062665 -0.0115889 0.999913 0.0173161 0.0 0.0 0.0 1.0
stairs/seq-02/color/frame-000431.color.png stairs/seq-02/color/frame-000434.color.png 0.999627 0.00713289 -0.0263774 0.0483116 -0.0071241 0.999975 0.000426869 4.42564e-05 0.0263798 -0.000238746 0.999652 -0.0112265 0.0 0.0 0.0 1.0
stairs/seq-02/color/frame-000434.color.png stairs/seq-02/color/frame-000437.color.png 0.999873 0.0157372 0.00275844 0.00575238 -0.0157445 0.999873 0.00263134 -0.0101609 -0.00271674 -0.00267448 0.999993 -0.000168145 0.0 0.0 0.0 1.0
stairs/seq-02/color/frame-000437.color.png stairs/seq-02/color/frame-000440.color.png 0.9999 0.0134815 0.00436497 0.0324548 -0.0134371 0.999859 -0.010036 0.0110017 -0.00449968 0.00997637 0.99994 0.0235174 0.0 0.0 0.0 1.0
stairs/seq-02/color/frame-000440.color.png stairs/seq-02/color/frame-000443.color.png 0.999799 0.00734595 -0.0186375 0.0630977 -0.00716513 0.999927 0.00975056 -0.0173505 0.0187078 -0.0096151 0.999779 -0.00535458 0.0 0.0 0.0 1.0
stairs/seq-02/color/frame-000443.color.png stairs/seq-02/color/frame-000446.color.png 0.999419 0.0231654 -0.0250175 0.0730963 -0.023577 0.999589 -0.0162841 0.0211611 0.0246299 0.0168646 0.999554 0.0335554 0.0 0.0 0.0 1.0
stairs/seq-02/color/frame-000446.color.png stairs/seq-02/color/frame-000449.color.png 0.998857 0.029784 -0.0373965 0.0860046 -0.029892 0.99955 -0.00232952 -0.00275415 0.0373104 0.00344463 0.999298 -0.0077163 0.0 0.0 0.0 1.0
stairs/seq-02/color/frame-000449.color.png stairs/seq-02/color/frame-000452.color.png 0.998361 0.047941 -0.0312611 0.058905 -0.0476794 0.998822 0.00906274 -0.0138525 0.0316587 -0.00755736 0.99947 -0.0501618 0.0 0.0 0.0 1.0
stairs/seq-02/color/frame-000452.color.png stairs/seq-02/color/frame-000455.color.png 0.998814 0.0206465 -0.0440907 0.0707493 -0.0204607 0.99978 0.00466155 -0.0190849 0.0441773 -0.00375397 0.999017 -0.0478674 0.0 0.0 0.0 1.0
stairs/seq-02/color/frame-000455.color.png stairs/seq-02/color/frame-000458.color.png 0.999865 -0.00278391 -0.0161964 0.020802 0.00290666 0.999967 0.00756045 -0.0498386 0.0161748 -0.00760651 0.99984 -0.0374013 0.0 0.0 0.0 1.0
stairs/seq-02/color/frame-000458.color.png stairs/seq-02/color/frame-000461.color.png 0.999816 -0.0136884 -0.0134373 0.00207609 0.0134801 0.999789 -0.015477 -0.0122236 0.0136463 0.0152931 0.99979 -0.00311649 0.0 0.0 0.0 1.0
stairs/seq-02/color/frame-000461.color.png stairs/seq-02/color/frame-000464.color.png 0.999868 0.00481186 -0.0154919 0.0386842 -0.00478871 0.999987 0.00153128 -0.0258731 0.0154991 -0.0014569 0.999879 -0.0125476 0.0 0.0 0.0 1.0
stairs/seq-02/color/frame-000464.color.png stairs/seq-02/color/frame-000467.color.png 0.999925 -0.00546762 0.0109957 0.0301059 0.00574169 0.99967 -0.0250491 0.0307905 -0.0108551 0.0251104 0.999626 0.0407314 0.0 0.0 0.0 1.0
stairs/seq-02/color/frame-000467.color.png stairs/seq-02/color/frame-000470.color.png 0.998168 -0.0319563 0.0513689 -0.0502977 0.0324388 0.999437 -0.00858657 -0.035492 -0.0510656 0.0102371 0.998643 0.0855153 0.0 0.0 0.0 1.0
stairs/seq-02/color/frame-000470.color.png stairs/seq-02/color/frame-000473.color.png 0.999891 -0.0118298 0.00878944 -0.0188795 0.0117465 0.999886 0.00947487 -0.0458096 -0.00890053 -0.00937053 0.999916 0.0104725 0.0 0.0 0.0 1.0
stairs/seq-02/color/frame-000473.color.png stairs/seq-02/color/frame-000476.color.png 0.999991 -0.00409981 0.000835063 6.85453e-05 0.0040951 0.999976 0.00554106 -0.0192318 -0.000857754 -0.00553767 0.999984 0.024087 0.0 0.0 0.0 1.0
stairs/seq-02/color/frame-000476.color.png stairs/seq-02/color/frame-000479.color.png 0.999894 -0.0126744 -0.00723263 0.0149897 0.0126879 0.999918 0.00181913 -0.0268858 0.00720899 -0.0019106 0.999972 0.0146402 0.0 0.0 0.0 1.0
stairs/seq-02/color/frame-000479.color.png stairs/seq-02/color/frame-000482.color.png 0.999979 -0.00485401 -0.00420304 0.00748754 0.0048652 0.999985 0.00266456 -0.0300808 0.00419001 -0.00268506 0.999988 0.011579 0.0 0.0 0.0 1.0
stairs/seq-02/color/frame-000482.color.png stairs/seq-02/color/frame-000485.color.png 0.99995 -0.00987395 -0.00164455 -0.00395399 0.00985639 0.999898 -0.0103518 -0.0292605 0.00174662 0.0103352 0.999945 0.0299195 0.0 0.0 0.0 1.0
stairs/seq-02/color/frame-000485.color.png stairs/seq-02/color/frame-000488.color.png 0.999984 0.000992763 0.00554265 -0.00316077 -0.000864588 0.999733 -0.0230749 -0.0201567 -0.00556412 0.0230698 0.999718 0.0496945 0.0 0.0 0.0 1.0
stairs/seq-02/color/frame-000488.color.png stairs/seq-02/color/frame-000491.color.png 0.99991 -0.0128979 -0.0037733 0.0159523 0.0128943 0.999916 -0.000965174 -0.0556699 0.0037854 0.000916335 0.999992 0.0252054 0.0 0.0 0.0 1.0
stairs/seq-02/color/frame-000491.color.png stairs/seq-02/color/frame-000494.color.png 0.999478 -0.0293998 0.0133619 -0.0291721 0.0294319 0.999564 -0.00220853 -0.0598865 -0.0132911 0.0026007 0.999908 0.0494528 0.0 0.0 0.0 1.0
stairs/seq-02/color/frame-000494.color.png stairs/seq-02/color/frame-000497.color.png 0.999741 -0.0043836 -0.0223076 0.0217692 0.00499162 0.999616 0.0272731 -0.0756321 0.0221795 -0.0273774 0.999379 -0.021862 0.0 0.0 0.0 1.0
