stairs/seq-02/color/frame-000000.color.png stairs/seq-02/color/frame-000003.color.png 0.999993 0.00272741 -0.00243862 0.00124429 -0.00273316 0.999993 -0.00235891 0.00181928 0.00243217 0.00236556 0.999994 -0.000377807 0.0 0.0 0.0 1.0
stairs/seq-02/color/frame-000003.color.png stairs/seq-02/color/frame-000006.color.png 0.999979 -0.000224357 -0.00652858 -0.000963819 0.000203812 0.999995 -0.00314733 0.00527301 0.00652925 0.00314593 0.999974 0.000395496 0.0 0.0 0.0 1.0
stairs/seq-02/color/frame-000006.color.png stairs/seq-02/color/frame-000009.color.png 0.99999 0.00271497 -0.00364604 0.000887727 -0.00271429 0.999996 0.000191036 -0.0011922 0.00364655 -0.000181136 0.999993 0.00127729 0.0 0.0 0.0 1.0
stairs/seq-02/color/frame-000009.color.png stairs/seq-02/color/frame-000012.color.png 0.999993 0.00235145 -0.00278114 0.0002197 -0.00235301 0.999997 -0.000557917 -0.0012984 0.00277982 0.000564458 0.999996 0.000658479 0.0 0.0 0.0 1.0
stairs/seq-02/color/frame-000012.color.png stairs/seq-02/color/frame-000015.color.png 0.999999 -0.00118016 0.000348197 0.0015959 0.00118216 0.999982 -0.00580094 -9.18936e-06 -0.000341345 0.00580135 0.999983 0.00150525 0.0 0.0 0.0 1.0
stairs/seq-02/color/frame-000015.color.png stairs/seq-02/color/frame-000018.color.png 0.999998 -0.000395461 -0.00170513 0.00307387 0.000381953 0.999969 -0.00791466 0.00261967 0.00170821 0.007914 0.999967 0.000413527 0.0 0.0 0.0 1.0
stairs/seq-02/color/frame-000018.color.png stairs/seq-02/color/frame-000021.color.png 0.999995 -0.00160073 -0.00282586 0.000718831 0.00157791 0.999966 -0.00805906 -0.00409162 0.00283866 0.00805455 0.999964 0.00797554 0.0 0.0 0.0 1.0
stairs/seq-02/color/frame-000021.color.png stairs/seq-02/color/frame-000024.color.png 1.0 -0.000503955 0.000140421 0.00540433 0.00050376 0.999999 0.00137968 -0.00209335 -0.000141114 -0.0013796 0.999999 0.00475285 0.0 0.0 0.0 1.0
stairs/seq-02/color/frame-000024.color.png stairs/seq-02/color/frame-000027.color.png 0.999992 -0.00376526 -0.0011599 0.00494344 0.00377244 0.999973 0.00625097 -0.00335673 0.00113633 -0.0062553 0.99998 0.00730283 0.0 0.0 0.0 1.0
stairs/seq-02/color/frame-000027.color.png stairs/seq-02/color/frame-000030.color.png 0.99994 -0.00855045 0.0068719 0.00895159 0.00846077 0.99988 0.0129749 -0.010909 -0.00698201 -0.0129159 0.999892 0.019515 0.0 0.0 0.0 1.0
stairs/seq-02/color/frame-000030.color.png stairs/seq-02/color/frame-000033.color.png 0.999945 -0.00360674 0.00985136 0.0107058 0.00359142 0.999992 0.00157208 -0.0058805 -0.00985695 -0.00153661 0.99995 0.0193917 0.0 0.0 0.0 1.0
stairs/seq-02/color/frame-000033.color.png stairs/seq-02/color/frame-000036.color.png 0.999925 0.00501137 0.0111661 0.00689086 -0.00500536 0.999987 -0.000566171 -0.00648191 -0.0111688 0.000510239 0.999937 0.00646158 0.0 0.0 0.0 1.0
stairs/seq-02/color/frame-000036.color.png stairs/seq-02/color/frame-000039.color.png 0.99988 0.00828203 0.0131044 0.00648563 -0.00825254 0.999963 -0.00230317 -0.00234635 -0.013123 0.00219475 0.999911 0.0162552 0.0 0.0 0.0 1.0
stairs/seq-02/color/frame-000039.color.png stairs/seq-02/color/frame-000042.color.png 0.999973 -0.00698627 -0.00211558 0.0172129 0.00696765 0.999938 -0.00868344 -0.0169384 0.00217611 0.00866847 0.99996 0.0213155 0.0 0.0 0.0 1.0
stairs/seq-02/color/frame-000042.color.png stairs/seq-02/color/frame-000045.color.png 0.999812 -0.015519 0.0116412 0.0202047 0.0155909 0.99986 -0.00611334 -0.0146872 -0.0115447 0.00629368 0.999914 0.011029 0.0 0.0 0.0 1.0
stairs/seq-02/color/frame-000045.color.png stairs/seq-02/color/frame-000048.color.png 0.99981 -0.0141291 0.0134497 0.00485242 0.0141629 0.999897 -0.00242821 -0.014873 -0.013414 0.00261824 0.999907 0.0168277 0.0 0.0 0.0 1.0
stairs/seq-02/color/frame-000048.color.png stairs/seq-02/color/frame-000051.color.png 0.999771 -0.0188455 0.0101822 0.0145555 0.0189487 0.999769 -0.010128 -0.0147387 -0.00998897 0.0103186 0.999897 0.010558 0.0 0.0 0.0 1.0
stairs/seq-02/color/frame-000051.color.png stairs/seq-02/color/frame-000054.color.png 0.999885 -0.0143947 0.0047994 0.00813827 0.01442 0.999882 -0.00527919 -0.00828481 -0.00472285 0.00534779 0.999975 0.00282891 0.0 0.0 0.0 1.0
stairs/seq-02/color/frame-000054.color.png stairs/seq-02/color/frame-000057.color.png 0.999703 -0.0198983 0.0140702 0.0180084 0.0197354 0.999738 0.0116215 -0.0184501 -0.0142978 -0.0113404 0.999833 0.00387333 0.0 0.0 0.0 1.0
stairs/seq-02/color/frame-000057.color.png stairs/seq-02/color/frame-000060.color.png 0.999805 -0.0197464 0.000521727 0.0142377 0.0197443 0.999798 0.003889 -0.00405066 -0.000598421 -0.00387794 0.999992 0.0026446 0.0 0.0 0.0 1.0
stairs/seq-02/color/frame-000060.color.png stairs/seq-02/color/frame-000063.color.png 0.999912 -0.0100554 0.00871489 0.00826104 0.0100045 0.999933 0.00585791 -0.0121649 -0.00877321 -0.00577021 0.999945 0.00660506 0.0 0.0 0.0 1.0
stairs/seq-02/color/frame-000063.color.png stairs/seq-02/color/frame-000066.color.png 0.999984 0.0027617 -0.00495486 0.00857712 -0.00275909 0.999996 0.000537539 -0.00339846 0.00495634 -0.000523859 0.999988 0.00485094 0.0 0.0 0.0 1.0
stairs/seq-02/color/frame-000066.color.png stairs/seq-02/color/frame-000069.color.png 0.999902 0.00882757 -0.0108411 0.00812468 -0.00894822 0.999898 -0.0111305 -0.00105056 0.0107417 0.0112265 0.999879 0.0105463 0.0 0.0 0.0 1.0
stairs/seq-02/color/frame-000069.color.png stairs/seq-02/color/frame-000072.color.png 0.999746 0.0141883 -0.0175053 0.0267291 -0.0144141 0.999814 -0.0128445 -0.00042145 0.0173198 0.0130935 0.999764 0.00587283 0.0 0.0 0.0 1.0
stairs/seq-02/color/frame-000072.color.png stairs/seq-02/color/frame-000075.color.png 0.999739 0.0218104 -0.00674127 0.0184415 -0.0219392 0.999566 -0.0196581 0.00462775 0.00630961 0.0198009 0.999784 0.0047638 0.0 0.0 0.0 1.0
stairs/seq-02/color/frame-000075.color.png stairs/seq-02/color/frame-000078.color.png 0.999918 0.0125722 -0.00224753 0.0176933 -0.0125947 0.999868 -0.0102666 -0.000583604 0.00211816 0.0102941 0.999945 0.00117023 0.0 0.0 0.0 1.0
stairs/seq-02/color/frame-000078.color.png stairs/seq-02/color/frame-000081.color.png 0.999906 0.0137037 0.00113271 0.0295888 -0.0136892 0.999835 -0.0119865 0.0146794 -0.00129678 0.0119698 0.999927 0.000109971 0.0 0.0 0.0 1.0
stairs/seq-02/color/frame-000081.color.png stairs/seq-02/color/frame-000084.color.png 0.999945 0.00926247 -0.00498722 0.0343173 -0.00927765 0.999952 -0.00302686 0.0105055 0.00495895 0.00307296 0.999983 -0.00551982 0.0 0.0 0.0 1.0
stairs/seq-02/color/frame-000084.color.png stairs/seq-02/color/frame-000087.color.png 0.999975 -0.00125809 0.00691811 0.0256942 0.00128155 0.999993 -0.00338793 0.00546844 -0.00691381 0.00339671 0.99997 0.00713214 0.0 0.0 0.0 1.0
stairs/seq-02/color/frame-000087.color.png stairs/seq-02/color/frame-000090.color.png 0.999994 0.00166459 0.00287848 0.0268931 -0.00167372 0.999994 0.00317127 0.00979579 -0.00287319 -0.00317606 0.999991 0.00674312 0.0 0.0 0.0 1.0
stairs/seq-02/color/frame-000090.color.png stairs/seq-02/color/frame-000093.color.png 0.999942 -0.00401635 0.00996119 0.00313857 0.00392454 0.99995 0.00922011 -0.00903916 -0.00999773 -0.00918048 0.999908 -0.00024724 0.0 0.0 0.0 1.0
stairs/seq-02/color/frame-000093.color.png stairs/seq-02/color/frame-000096.color.png 0.999977 0.00581703 0.0035521 0.0195961 -0.00581817 0.999983 0.000305216 0.016777 -0.00355024 -0.00032587 0.999994 0.0084862 0.0 0.0 0.0 1.0
stairs/seq-02/color/frame-000096.color.png stairs/seq-02/color/frame-000099.color.png 0.999991 0.0032665 -0.00257719 0.0275072 -0.003247 0.999966 0.00752985 0.00304322 0.00260168 -0.0075214 0.999968 -0.000827894 0.0 0.0 0.0 1.0
stairs/seq-02/color/frame-000099.color.png stairs/seq-02/color/frame-000102.color.png 0.999911 -7.30788e-05 -0.0133724 0.0326258 0.000118944 0.999994 0.00342889 -0.000711702 0.0133721 -0.00343019 0.999905 -0.00847746 0.0 0.0 0.0 1.0
stairs/seq-02/color/frame-000102.color.png stairs/seq-02/color/frame-000105.color.png 0.999496 -0.00924486 -0.0303728 0.0875094 0.00913962 0.999952 -0.00360143 0.00308339 0.0304046 0.00332203 0.999532 -0.0285742 0.0 0.0 0.0 1.0
stairs/seq-02/color/frame-000105.color.png stairs/seq-02/color/frame-000108.color.png 0.999943 -0.00618821 0.00870416 0.00181609 0.00616056 0.999976 0.00320048 -0.00994933 -0.00872376 -0.00314667 0.999957 0.0189258 0.0 0.0 0.0 1.0
stairs/seq-02/color/frame-000108.color.png stairs/seq-02/color/frame-000111.color.png 0.999833 -0.017919 0.00350864 0.0224863 0.0179189 0.999839 3.93175e-05 -0.00749894 -0.00350878 2.35673e-05 0.999994 0.00862572 0.0 0.0 0.0 1.0
stairs/seq-02/color/frame-000111.color.png stairs/seq-02/color/frame-000114.color.png 0.998915 -0.0266545 0.0381854 -0.0452425 0.0260689 0.999536 0.0157533 -0.0214862 -0.0385876 -0.0147408 0.999147 0.0385572 0.0 0.0 0.0 1.0
stairs/seq-02/color/frame-000114.color.png stairs/seq-02/color/frame-000117.color.png 0.999844 -0.0110326 0.013759 0.0382465 0.010972 0.99993 0.00447505 0.0109147 -0.0138074 -0.00432337 0.999895 0.0410525 0.0 0.0 0.0 1.0
stairs/seq-02/color/frame-000117.color.png stairs/seq-02/color/frame-000120.color.png 0.999308 -0.0328745 0.0173988 -0.0138391 0.0328107 0.999454 0.00394065 -0.0435925 -0.0175188 -0.00336707 0.999841 0.0127902 0.0 0.0 0.0 1.0
stairs/seq-02/color/frame-000120.color.png stairs/seq-02/color/frame-000123.color.png 0.999724 -0.00468269 0.0230305 -0.0337706 0.00459663 0.999982 0.00378821 0.00764856 -0.0230478 -0.00368129 0.999728 0.00693925 0.0 0.0 0.0 1.0
stairs/seq-02/color/frame-000123.color.png stairs/seq-02/color/frame-000126.color.png 0.999982 0.00571525 -0.00197869 -0.00323659 -0.00571605 0.999984 -0.000394057 0.00623736 0.0019764 0.000405361 0.999998 0.000737265 0.0 0.0 0.0 1.0
stairs/seq-02/color/frame-000126.color.png stairs/seq-02/color/frame-000129.color.png 0.999683 0.0101033 -0.0230744 0.0200803 -0.0102634 0.999924 -0.00682785 0.0199759 0.0230036 0.0070625 0.99971 -0.018482 0.0 0.0 0.0 1.0
stairs/seq-02/color/frame-000129.color.png stairs/seq-02/color/frame-000132.color.png 0.999353 0.0357527 -0.00395696 -0.0112411 -0.0357425 0.999358 0.00261842 0.0206912 0.00404804 -0.0024753 0.999989 -0.0109332 0.0 0.0 0.0 1.0
stairs/seq-02/color/frame-000132.color.png stairs/seq-02/color/frame-000135.color.png 0.999104 0.0388527 -0.0167698 0.00381368 -0.038971 0.999217 -0.00678639 0.042768 0.016493 0.00743385 0.999836 -0.0323012 0.0 0.0 0.0 1.0
stairs/seq-02/color/frame-000135.color.png stairs/seq-02/color/frame-000138.color.png 0.997376 0.0541888 -0.048014 0.0384899 -0.0539456 0.998524 0.00634747 0.0314842 0.0482871 -0.00374066 0.998826 -0.0441291 0.0 0.0 0.0 1.0
stairs/seq-02/color/frame-000138.color.png stairs/seq-02/color/frame-000141.color.png 0.998327 0.0332359 -0.0473037 0.0159883 -0.0333856 0.99944 -0.00237666 0.055275 0.0471982 0.00395194 0.998878 -0.0626866 0.0 0.0 0.0 1.0
stairs/seq-02/color/frame-000141.color.png stairs/seq-02/color/frame-000144.color.png 0.997667 0.0395265 -0.0556626 0.0623119 -0.039691 0.99921 -0.00185263 0.0373716 0.0555455 0.00405761 0.998448 -0.0628226 0.0 0.0 0.0 1.0
stairs/seq-02/color/frame-000144.color.png stairs/seq-02/color/frame-000147.color.png 0.999841 0.0131836 -0.0119722 0.00292259 -0.0133616 0.9998 -0.0149171 0.0258852 0.0117731 0.0150747 0.999817 -0.0185086 0.0 0.0 0.0 1.0
stairs/seq-02/color/frame-000147.color.png stairs/seq-02/color/frame-000150.color.png 0.999716 0.0191082 -0.0142751 -0.0017544 -0.0192785 0.999743 -0.0118885 0.0154009 0.0140442 0.0121603 0.999827 -0.00891619 0.0 0.0 0.0 1.0
stairs/seq-02/color/frame-000150.color.png stairs/seq-02/color/frame-000153.color.png 0.99977 0.0214627 0.000668626 0.0204201 -0.021451 0.999668 -0.0142454 0.0213086 -0.000974137 0.0142278 0.999898 -0.0183401 0.0 0.0 0.0 1.0
stairs/seq-02/color/frame-000153.color.png stairs/seq-02/color/frame-000156.color.png 0.999872 0.0154921 0.00389161 0.00654715 -0.015499 0.999878 0.00177504 0.00832432 -0.00386366 -0.00183516 0.999991 -0.00308665 0.0 0.0 0.0 1.0
stairs/seq-02/color/frame-000156.color.png stairs/seq-02/color/frame-000159.color.png 0.999808 0.0196053 -1.58541e-05 0.026645 -0.0196029 0.999673 -0.0164203 0.0496554 -0.000306078 0.0164174 0.999865 0.0150792 0.0 0.0 0.0 1.0
stairs/seq-02/color/frame-000159.color.png stairs/seq-02/color/frame-000162.color.png 0.999958 -0.009118 0.00127644 0.0188577 0.00913331 0.999879 -0.0125581 -0.00267071 -0.00116179 0.0125692 0.99992 0.00231667 0.0 0.0 0.0 1.0
stairs/seq-02/color/frame-000162.color.png stairs/seq-02/color/frame-000165.color.png 0.999765 -0.00292807 0.0214808 0.0275506 0.00294217 0.999995 -0.000625339 -8.23364e-05 -0.0214789 0.000688372 0.999769 0.019795 0.0 0.0 0.0 1.0
stairs/seq-02/color/frame-000165.color.png stairs/seq-02/color/frame-000168.color.png 0.999916 0.00566816 0.0116353 -0.000551462 -0.00565859 0.999984 -0.00085306 -0.00160474 -0.0116399 0.000787152 0.999932 0.0204045 0.0 0.0 0.0 1.0
stairs/seq-02/color/frame-000168.color.png stairs/seq-02/color/frame-000171.color.png 0.999941 0.0108381 0.00014802 0.00692737 -0.0108372 0.999929 -0.00497965 0.00279319 -0.000201978 0.00497776 0.999988 -0.00358825 0.0 0.0 0.0 1.0
stairs/seq-02/color/frame-000171.color.png stairs/seq-02/color/frame-000174.color.png 0.999496 0.0310333 0.00669986 -0.0142651 -0.0309533 0.999452 -0.0117337 0.0266332 -0.00706031 0.0115204 0.999909 -0.000480711 0.0 0.0 0.0 1.0
stairs/seq-02/color/frame-000174.color.png stairs/seq-02/color/frame-000177.color.png 0.998828 0.0280474 -0.0394353 0.0174909 -0.0283034 0.999582 -0.0059475 0.0289023 0.039252 0.00705671 0.999204 -0.0343812 0.0 0.0 0.0 1.0
stairs/seq-02/color/frame-000177.color.png stairs/seq-02/color/frame-000180.color.png 0.998915 0.0313913 -0.0343987 0.0172744 -0.0322773 0.999153 -0.025508 0.0621192 0.0335688 0.0265906 0.999083 -0.0343002 0.0 0.0 0.0 1.0
stairs/seq-02/color/frame-000180.color.png stairs/seq-02/color/frame-000183.color.png 0.99921 0.0320511 -0.0234868 0.00783747 -0.031833 0.999447 0.00959908 0.0495375 0.0237815 -0.00884387 0.999678 -0.0389383 0.0 0.0 0.0 1.0
stairs/seq-02/color/frame-000183.color.png stairs/seq-02/color/frame-000186.color.png 0.999275 0.0156784 -0.0346878 0.0204379 -0.0158791 0.999859 -0.00551887 0.0384794 0.0345964 0.00606569 0.999383 -0.0624402 0.0 0.0 0.0 1.0
stairs/seq-02/color/frame-000186.color.png stairs/seq-02/color/frame-000189.color.png 0.999854 0.0157711 -0.00652169 -0.00461429 -0.0158019 0.999864 -0.00470984 0.0297794 0.00644649 0.0048122 0.999968 -0.0326448 0.0 0.0 0.0 1.0
stairs/seq-02/color/frame-000189.color.png stairs/seq-02/color/frame-000192.color.png 0.999669 0.00942175 -0.0239354 0.0112861 -0.00969935 0.999887 -0.0115118 0.036653 0.0238242 0.0117402 0.999647 -0.0482814 0.0 0.0 0.0 1.0
stairs/seq-02/color/frame-000192.color.png stairs/seq-02/color/frame-000195.color.png 0.999596 0.0186284 -0.0214571 0.0159944 -0.0190036 0.999668 -0.0174143 0.0499919 0.0211256 0.017815 0.999618 -0.0549521 0.0 0.0 0.0 1.0
stairs/seq-02/color/frame-000195.color.png stairs/seq-02/color/frame-000198.color.png 0.999808 0.0118195 -0.0156488 0.00409925 -0.0119823 0.999875 -0.0103581 0.0283232 0.0155244 0.0105436 0.999824 -0.0294247 0.0 0.0 0.0 1.0
stairs/seq-02/color/frame-000198.color.png stairs/seq-02/color/frame-000201.color.png 0.999746 0.0129651 -0.018416 0.0188786 -0.0129965 0.999914 -0.00158322 0.0307115 0.0183938 0.00182217 0.999829 -0.0351466 0.0 0.0 0.0 1.0
stairs/seq-02/color/frame-000201.color.png stairs/seq-02/color/frame-000204.color.png 0.999864 0.00646837 -0.0151788 0.00991541 -0.00650376 0.999976 -0.00228795 0.021446 0.0151636 0.00238634 0.999882 -0.026361 0.0 0.0 0.0 1.0
stairs/seq-02/color/frame-000204.color.png stairs/seq-02/color/frame-000207.color.png 0.99974 -0.0208086 0.00933025 0.00901353 0.0209424 0.999676 -0.0144917 -0.0136279 -0.00902567 0.0146833 0.999851 -0.00408838 0.0 0.0 0.0 1.0
stairs/seq-02/color/frame-000207.color.png stairs/seq-02/color/frame-000210.color.png 0.999714 -0.0237784 0.00267466 0.00745308 0.0237954 0.999696 -0.00648045 -0.0274227 -0.00251979 0.00654227 0.999976 0.00250074 0.0 0.0 0.0 1.0
stairs/seq-02/color/frame-000210.color.png stairs/seq-02/color/frame-000213.color.png 0.999283 -0.0113041 0.0361302 0.0107123 0.0109434 0.999888 0.0101658 2.38419e-06 -0.036241 -0.00976305 0.999295 0.0481714 0.0 0.0 0.0 1.0
stairs/seq-02/color/frame-000213.color.png stairs/seq-02/color/frame-000216.color.png 0.999376 -0.0328399 0.0130472 0.0138223 0.0326638 0.999375 0.0134931 -0.029947 -0.0134822 -0.0130585 0.999824 0.0259805 0.0 0.0 0.0 1.0
stairs/seq-02/color/frame-000216.color.png stairs/seq-02/color/frame-000219.color.png 0.999966 -0.00308137 0.00770004 0.00210005 0.00301247 0.999955 0.008948 0.00546774 -0.00772721 -0.00892451 0.99993 0.00657142 0.0 0.0 0.0 1.0
stairs/seq-02/color/frame-000219.color.png stairs/seq-02/color/frame-000222.color.png 0.999387 0.0244542 -0.025051 0.000186801 -0.0244975 0.999699 -0.00142375 0.0304653 0.0250086 0.00203653 0.999685 -0.0473544 0.0 0.0 0.0 1.0
stairs/seq-02/color/frame-000222.color.png stairs/seq-02/color/frame-000225.color.png 0.99925 0.0360749 -0.0140517 -0.0160494 -0.0360664 0.999349 0.000855269 0.0554337 0.0140735 -0.00034784 0.999901 -0.0322245 0.0 0.0 0.0 1.0
stairs/seq-02/color/frame-000225.color.png stairs/seq-02/color/frame-000228.color.png 0.999644 0.0260829 -0.00555299 -0.00108528 -0.0261949 0.999433 -0.0211399 0.0602618 0.00499838 0.0212778 0.999761 -0.0428731 0.0 0.0 0.0 1.0
stairs/seq-02/color/frame-000228.color.png stairs/seq-02/color/frame-000231.color.png 0.999306 0.0370743 -0.00351253 -0.00625992 -0.0370819 0.99931 -0.00214907 0.0501316 0.00343051 0.00227787 0.999991 -0.0285695 0.0 0.0 0.0 1.0
stairs/seq-02/color/frame-000231.color.png stairs/seq-02/color/frame-000234.color.png 0.999654 0.0144871 -0.0219576 0.00732905 -0.0148073 0.999785 -0.0144868 0.0343278 0.021743 0.0148069 0.999654 -0.0571538 0.0 0.0 0.0 1.0
stairs/seq-02/color/frame-000234.color.png stairs/seq-02/color/frame-000237.color.png 0.999583 0.012829 -0.025848 0.00771821 -0.0134052 0.999663 -0.022252 0.0267746 0.0255538 0.0225893 0.999418 -0.0560224 0.0 0.0 0.0 1.0
stairs/seq-02/color/frame-000237.color.png stairs/seq-02/color/frame-000240.color.png 0.999954 -0.00403745 -0.00865618 0.0177206 0.00384917 0.999758 -0.0216458 0.00578037 0.00874145 0.0216114 0.999728 -0.0401157 0.0 0.0 0.0 1.0
stairs/seq-02/color/frame-000240.color.png stairs/seq-02/color/frame-000243.color.png 0.998546 -0.0376885 0.0385543 -0.00236225 0.039126 0.99854 -0.037233 -0.0422692 -0.0370947 0.0386874 0.998563 0.00661013 0.0 0.0 0.0 1.0
stairs/seq-02/color/frame-000243.color.png stairs/seq-02/color/frame-000246.color.png 0.999899 -0.0141597 -0.00094403 0.03712 0.0141358 0.999662 -0.0217972 -0.0120253 0.00125238 0.0217816 0.999762 -0.0304548 0.0 0.0 0.0 1.0
stairs/seq-02/color/frame-000246.color.png stairs/seq-02/color/frame-000249.color.png 0.999529 -0.0283041 0.011826 -0.00478065 0.0285907 0.999283 -0.0248071 -0.031467 -0.0111154 0.0251336 0.999622 0.00879449 0.0 0.0 0.0 1.0
stairs/seq-02/color/frame-000249.color.png stairs/seq-02/color/frame-000252.color.png 0.999915 -0.0128775 0.00226456 0.00176841 0.0129093 0.999809 -0.014648 -0.0231568 -0.00207553 0.0146759 0.99989 0.00783885 0.0 0.0 0.0 1.0
stairs/seq-02/color/frame-000252.color.png stairs/seq-02/color/frame-000255.color.png 0.999777 0.0204268 -0.00541456 -0.0186748 -0.0203435 0.99968 0.0150129 -0.0018557 0.00571946 -0.0148994 0.999873 0.0136612 0.0 0.0 0.0 1.0
stairs/seq-02/color/frame-000255.color.png stairs/seq-02/color/frame-000258.color.png 0.999943 0.0094463 -0.00495828 -0.0195025 -0.00937052 0.999842 0.0150847 -0.00450525 0.00509999 -0.0150374 0.999874 0.0338471 0.0 0.0 0.0 1.0
stairs/seq-02/color/frame-000258.color.png stairs/seq-02/color/frame-000261.color.png 0.999976 0.00325715 0.00611479 -0.0194242 -0.00331904 0.999943 0.0101166 -0.023731 -0.00608138 -0.0101366 0.99993 0.0308024 0.0 0.0 0.0 1.0
stairs/seq-02/color/frame-000261.color.png stairs/seq-02/color/frame-000264.color.png 0.999982 0.00549089 -0.00231816 -0.013281 -0.00546787 0.999938 0.00976357 -0.0175639 0.0023715 -0.00975077 0.99995 0.0343545 0.0 0.0 0.0 1.0
stairs/seq-02/color/frame-000264.color.png stairs/seq-02/color/frame-000267.color.png 0.999999 0.00144169 5.66225e-05 -0.0223008 -0.0014421 0.999981 0.00601777 -0.0162484 -4.79107e-05 -0.00601793 0.999982 0.0351171 0.0 0.0 0.0 1.0
stairs/seq-02/color/frame-000267.color.png stairs/seq-02/color/frame-000270.color.png 0.999747 0.0125217 -0.018709 -0.0309479 -0.0123488 0.99988 0.00932306 -0.0260161 0.0188235 -0.00908958 0.999781 0.0201138 0.0 0.0 0.0 1.0
stairs/seq-02/color/frame-000270.color.png stairs/seq-02/color/frame-000273.color.png 0.999826 -0.00672908 -0.017365 -0.000260651 0.00663072 0.999962 -0.00571503 -0.0284 0.0174028 0.00559887 0.999833 0.0135069 0.0 0.0 0.0 1.0
stairs/seq-02/color/frame-000273.color.png stairs/seq-02/color/frame-000276.color.png 0.999893 0.013796 -0.00482222 -0.0282019 -0.0137717 0.999892 0.00502836 -0.0329973 0.00489103 -0.00496144 0.999976 0.0283954 0.0 0.0 0.0 1.0
stairs/seq-02/color/frame-000276.color.png stairs/seq-02/color/frame-000279.color.png 0.999815 0.015335 -0.0115748 -0.0170894 -0.0151765 0.999792 0.0136585 -0.00863281 0.0117818 -0.0134803 0.99984 0.0280924 0.0 0.0 0.0 1.0
stairs/seq-02/color/frame-000279.color.png stairs/seq-02/color/frame-000282.color.png 0.999936 -0.0109016 -0.00310134 -0.0187781 0.0109214 0.99992 0.00641536 -0.0275287 0.00303117 -0.00644881 0.999975 0.0340076 0.0 0.0 0.0 1.0
stairs/seq-02/color/frame-000282.color.png stairs/seq-02/color/frame-000285.color.png 0.999971 -0.00614797 -0.00438998 -0.00146639 0.00612468 0.999967 -0.00529343 -0.0186206 0.00442236 0.00526641 0.999976 0.016388 0.0 0.0 0.0 1.0
stairs/seq-02/color/frame-000285.color.png stairs/seq-02/color/frame-000288.color.png 0.999592 -0.00381005 -0.0283154 -0.00633776 0.00379538 0.999993 -0.000572493 -0.0258667 0.0283173 0.000464825 0.999599 0.00548762 0.0 0.0 0.0 1.0
stairs/seq-02/color/frame-000288.color.png stairs/seq-02/color/frame-000291.color.png 0.999974 -0.00617888 0.00381115 -0.00624621 0.0062116 0.999943 -0.00864102 -0.0115212 -0.00375755 0.00866445 0.999956 0.0138117 0.0 0.0 0.0 1.0
stairs/seq-02/color/frame-000291.color.png stairs/seq-02/color/frame-000294.color.png 0.999989 -0.00455242 -0.00126319 -0.00509089 0.0045452 0.999974 -0.00562927 -0.0120679 0.00128882 0.00562343 0.999983 0.00486674 0.0 0.0 0.0 1.0
stairs/seq-02/color/frame-000294.color.png stairs/seq-02/color/frame-000297.color.png 0.999972 0.00744889 -0.000658948 -0.00851989 -0.0074481 0.999972 0.0011575 -0.00292909 0.000667551 -0.00115255 0.999999 0.00592816 0.0 0.0 0.0 1.0
stairs/seq-02/color/frame-000297.color.png stairs/seq-02/color/frame-000300.color.png 0.999986 0.00218056 -0.00490298 0.00402075 -0.00220977 0.99998 -0.00594156 0.00478075 0.00488996 0.00595231 0.99997 -0.00735584 0.0 0.0 0.0 1.0
stairs/seq-02/color/frame-000300.color.png stairs/seq-02/color/frame-000303.color.png 0.999891 -0.0107294 -0.0101327 0.00395155 0.0105927 0.999854 -0.0134456 -0.0133226 0.0102755 0.0133368 0.999858 -0.00548152 0.0 0.0 0.0 1.0
stairs/seq-02/color/frame-000303.color.png stairs/seq-02/color/frame-000306.color.png 0.999749 -0.0215239 0.00626728 0.0039143 0.0217047 0.999303 -0.030376 -0.0156926 -0.0056091 0.0305045 0.999519 0.0103131 0.0 0.0 0.0 1.0
stairs/seq-02/color/frame-000306.color.png stairs/seq-02/color/frame-000309.color.png 0.999951 -0.00308168 -0.00939601 0.00328749 0.00303477 0.999983 -0.00499845 -0.0123084 0.0094112 0.00496965 0.999943 0.0149835 0.0 0.0 0.0 1.0
stairs/seq-02/color/frame-000309.color.png stairs/seq-02/color/frame-000312.color.png 0.999868 0.0158311 -0.00356011 -0.00250393 -0.015836 0.999874 -0.00138073 0.000346541 0.00353781 0.00143695 0.999993 0.0198588 0.0 0.0 0.0 1.0
stairs/seq-02/color/frame-000312.color.png stairs/seq-02/color/frame-000315.color.png 0.999749 0.0220225 -0.00402381 -0.00193518 -0.0219865 0.99972 0.00876465 0.00289404 0.00421566 -0.00867403 0.999954 0.0331319 0.0 0.0 0.0 1.0
stairs/seq-02/color/frame-000315.color.png stairs/seq-02/color/frame-000318.color.png 0.999821 0.0178168 -0.00634748 0.0192969 -0.0177339 0.99976 0.0128865 -0.00982071 0.00657553 -0.0127716 0.999897 0.0216042 0.0 0.0 0.0 1.0
stairs/seq-02/color/frame-000318.color.png stairs/seq-02/color/frame-000321.color.png 0.999825 0.012453 0.0139368 0.00707889 -0.0128077 0.999589 0.0256528 -0.0165684 -0.0136116 -0.0258268 0.999574 0.0261017 0.0 0.0 0.0 1.0
stairs/seq-02/color/frame-000321.color.png stairs/seq-02/color/frame-000324.color.png 0.999678 0.000637638 0.0253651 0.0166183 -0.00123764 0.99972 0.0236437 -0.027679 -0.0253429 -0.0236675 0.999399 0.0504054 0.0 0.0 0.0 1.0
stairs/seq-02/color/frame-000324.color.png stairs/seq-02/color/frame-000327.color.png 0.999748 -0.00967656 0.0202531 -0.0155344 0.00984942 0.999916 -0.00845082 -0.00863734 -0.0201695 0.00864819 0.999759 0.0335968 0.0 0.0 0.0 1.0
stairs/seq-02/color/frame-000327.color.png stairs/seq-02/color/frame-000330.color.png 0.999366 -0.024268 0.0260637 -0.000591397 0.0248149 0.999474 -0.0208708 -0.0188657 -0.0255434 0.0215043 0.999442 0.0327678 0.0 0.0 0.0 1.0
stairs/seq-02/color/frame-000330.color.png stairs/seq-02/color/frame-000333.color.png 0.999896 -0.0122633 0.00763815 0.0008623 0.0123006 0.999913 -0.00483736 -0.0213859 -0.00757815 0.00493082 0.999959 0.00932977 0.0 0.0 0.0 1.0
stairs/seq-02/color/frame-000333.color.png stairs/seq-02/color/frame-000336.color.png 0.999309 -0.0199587 0.0313406 -0.0299134 0.0201372 0.999783 -0.00538832 -0.0211679 -0.0312263 0.00601565 0.999494 0.0433057 0.0 0.0 0.0 1.0
stairs/seq-02/color/frame-000336.color.png stairs/seq-02/color/frame-000339.color.png 0.998855 -0.0355134 0.0320477 -0.0150848 0.0351418 0.999309 0.0120868 -0.0501608 -0.0324549 -0.0109467 0.999413 0.0392439 0.0 0.0 0.0 1.0
stairs/seq-02/color/frame-000339.color.png stairs/seq-02/color/frame-000342.color.png 0.998033 -0.0618059 0.0105234 0.00286734 0.0617697 0.998084 0.00372724 -0.0449603 -0.0107336 -0.00306989 0.999938 0.0245693 0.0 0.0 0.0 1.0
stairs/seq-02/color/frame-000342.color.png stairs/seq-02/color/frame-000345.color.png 0.998943 -0.0365181 0.027926 -0.0298209 0.0364383 0.99933 0.00336155 -0.0545975 -0.0280301 -0.00234042 0.999604 0.0455739 0.0 0.0 0.0 1.0
stairs/seq-02/color/frame-000345.color.png stairs/seq-02/color/frame-000348.color.png 0.999436 -0.025623 0.0217263 -0.0155797 0.0256524 0.99967 -0.00107649 -0.0214444 -0.0216915 0.00163325 0.999763 0.0294433 0.0 0.0 0.0 1.0
stairs/seq-02/color/frame-000348.color.png stairs/seq-02/color/frame-000351.color.png 0.999678 -0.0172791 0.0185726 -0.0141204 0.0173561 0.999841 -0.00399373 -0.0208659 -0.0185007 0.00431479 0.99982 0.0149831 0.0 0.0 0.0 1.0
stairs/seq-02/color/frame-000351.color.png stairs/seq-02/color/frame-000354.color.png 0.999369 -0.0221321 0.0277847 -0.0432742 0.0226205 0.999593 -0.0173889 -0.0160935 -0.0273886 0.0180064 0.999463 0.0285282 0.0 0.0 0.0 1.0
stairs/seq-02/color/frame-000354.color.png stairs/seq-02/color/frame-000357.color.png 0.999929 -0.00317746 0.0114874 -0.0119709 0.00322196 0.999987 -0.00385857 -0.0156138 -0.011475 0.00389538 0.999927 0.0119504 0.0 0.0 0.0 1.0
stairs/seq-02/color/frame-000357.color.png stairs/seq-02/color/frame-000360.color.png 0.999982 -0.00550863 0.00227481 -0.00454676 0.00551362 0.999982 -0.00220789 -0.0116434 -0.00226261 0.00222033 0.999995 0.00649205 0.0 0.0 0.0 1.0
stairs/seq-02/color/frame-000360.color.png stairs/seq-02/color/frame-000363.color.png 0.999788 -0.0152442 0.0138174 -0.0269859 0.0152108 0.999881 0.00251589 -0.0331633 -0.0138541 -0.00230517 0.999901 0.0145959 0.0 0.0 0.0 1.0
stairs/seq-02/color/frame-000363.color.png stairs/seq-02/color/frame-000366.color.png 0.999865 -0.0113864 0.0118418 -0.0137121 0.0114589 0.999916 -0.00607075 -0.0180547 -0.0117717 0.00620567 0.999911 0.0158316 0.0 0.0 0.0 1.0
stairs/seq-02/color/frame-000366.color.png stairs/seq-02/color/frame-000369.color.png 0.999866 -0.0121264 0.0110402 -0.00363517 0.0122857 0.99982 -0.0144777 -0.0155743 -0.0108626 0.0146113 0.999834 0.0127337 0.0 0.0 0.0 1.0
stairs/seq-02/color/frame-000369.color.png stairs/seq-02/color/frame-000372.color.png 0.999958 -0.00585785 0.00709945 -0.000340104 0.00588604 0.999975 -0.00395117 -0.00974546 -0.00707612 0.00399283 0.999967 0.011364 0.0 0.0 0.0 1.0
stairs/seq-02/color/frame-000372.color.png stairs/seq-02/color/frame-000375.color.png 0.999984 0.00110312 0.00558116 0.0145285 -0.00108801 0.999996 -0.0027046 -0.0160335 -0.00558413 0.00269847 0.999981 0.0149409 0.0 0.0 0.0 1.0
stairs/seq-02/color/frame-000375.color.png stairs/seq-02/color/frame-000378.color.png 0.999922 -0.00374434 0.0119538 0.00136811 0.00404818 0.999667 -0.0254977 -0.000657648 -0.0118543 0.0255441 0.999603 0.0262839 0.0 0.0 0.0 1.0
stairs/seq-02/color/frame-000378.color.png stairs/seq-02/color/frame-000381.color.png 0.999936 0.00495641 0.0101617 0.0202103 -0.00471811 0.999716 -0.023342 0.00294779 -0.0102745 0.0232924 0.999676 0.00670531 0.0 0.0 0.0 1.0
stairs/seq-02/color/frame-000381.color.png stairs/seq-02/color/frame-000384.color.png 0.999882 -0.0057609 0.0142506 0.0300141 0.00604841 0.999777 -0.0202159 0.00297731 -0.0141309 0.0202998 0.999694 0.0130453 0.0 0.0 0.0 1.0
stairs/seq-02/color/frame-000384.color.png stairs/seq-02/color/frame-000387.color.png 0.999449 0.00387609 0.0329499 -0.0169947 -0.00446219 0.999833 0.0177326 -0.00975209 -0.0328756 -0.0178699 0.9993 0.0423124 0.0 0.0 0.0 1.0
stairs/seq-02/color/frame-000387.color.png stairs/seq-02/color/frame-000390.color.png 0.999898 -0.0128318 0.00629321 0.000922561 0.0126939 0.999689 0.0214852 -0.0318091 -0.00656698 -0.0214031 0.999749 0.0144944 0.0 0.0 0.0 1.0
stairs/seq-02/color/frame-000390.color.png stairs/seq-02/color/frame-000393.color.png 0.999859 -0.0104066 0.013158 0.0122452 0.0103366 0.999932 0.00536868 -0.0169434 -0.0132129 -0.00523199 0.999899 0.0196259 0.0 0.0 0.0 1.0
stairs/seq-02/color/frame-000393.color.png stairs/seq-02/color/frame-000396.color.png 0.999528 -0.0210149 0.0223963 -0.0196317 0.0208351 0.999749 0.00823455 -0.0343565 -0.0225637 -0.00776397 0.999715 0.0121548 0.0 0.0 0.0 1.0
stairs/seq-02/color/frame-000396.color.png stairs/seq-02/color/frame-000399.color.png 0.999492 -0.025127 0.0196274 -0.0107631 0.0251906 0.999678 -0.00300047 -0.0223278 -0.0195457 0.00349335 0.999803 0.0437101 0.0 0.0 0.0 1.0
stairs/seq-02/color/frame-000399.color.png stairs/seq-02/color/frame-000402.color.png 0.999868 -0.0109076 0.0120137 -0.00450116 0.0109218 0.99994 -0.00111281 -0.0225365 -0.0120008 0.00124382 0.999927 0.0180557 0.0 0.0 0.0 1.0
stairs/seq-02/color/frame-000402.color.png stairs/seq-02/color/frame-000405.color.png 0.999785 -0.01195 0.0169274 -0.0270723 0.0119396 0.999929 0.00071522 -0.0313239 -0.0169347 -0.000512895 0.999856 0.0314766 0.0 0.0 0.0 1.0
stairs/seq-02/color/frame-000405.color.png stairs/seq-02/color/frame-000408.color.png 0.99995 -0.00125256 0.00988145 -0.0144864 0.00118309 0.999975 0.00703275 -0.0258446 -0.00989002 -0.00702075 0.999926 0.0119982 0.0 0.0 0.0 1.0
stairs/seq-02/color/frame-000408.color.png stairs/seq-02/color/frame-000411.color.png 0.999953 -0.00859762 0.00440391 -0.0194301 0.00862058 0.999949 -0.00522073 -0.0229104 -0.00435883 0.00525853 0.999977 0.0181441 0.0 0.0 0.0 1.0
stairs/seq-02/color/frame-000411.color.png stairs/seq-02/color/frame-000414.color.png 0.999923 -0.0122185 0.00201124 -0.00147563 0.0122579 0.999707 -0.0208621 -0.00887725 -0.00175574 0.0208851 0.99978 0.029331 0.0 0.0 0.0 1.0
stairs/seq-02/color/frame-000414.color.png stairs/seq-02/color/frame-000417.color.png 0.999777 -0.0193467 0.00844503 -0.0266176 0.0194259 0.999767 -0.00939789 -0.0199538 -0.00826123 0.00955983 0.99992 0.0274152 0.0 0.0 0.0 1.0
stairs/seq-02/color/frame-000417.color.png stairs/seq-02/color/frame-000420.color.png 0.999905 -0.0112761 0.00798821 -0.0101708 0.0112384 0.999926 0.00475208 -0.0232949 -0.00804117 -0.00466184 0.999957 0.0184767 0.0 0.0 0.0 1.0
stairs/seq-02/color/frame-000420.color.png stairs/seq-02/color/frame-000423.color.png 0.999542 -0.0267921 0.0140599 -0.0151072 0.0267545 0.999638 0.0028595 -0.0335829 -0.0141315 -0.00248197 0.999897 0.01467 0.0 0.0 0.0 1.0
stairs/seq-02/color/frame-000423.color.png stairs/seq-02/color/frame-000426.color.png 0.999448 0.00299844 0.0330855 -0.0249811 -0.00306741 0.999993 0.00203327 -0.0139047 -0.0330791 -0.00213376 0.999451 0.0385686 0.0 0.0 0.0 1.0
stairs/seq-02/color/frame-000426.color.png stairs/seq-02/color/frame-000429.color.png 0.999722 -0.00150772 0.0235217 -0.0196458 0.0013156 0.999966 0.00818156 -0.00767815 -0.0235333 -0.00814827 0.99969 0.013912 0.0 0.0 0.0 1.0
stairs/seq-02/color/frame-000429.color.png stairs/seq-02/color/frame-000432.color.png 0.99994 0.00327922 -0.0104921 0.00779563 -0.00326351 0.999994 0.00151134 0.00640696 0.010497 -0.00147694 0.999944 0.0127513 0.0 0.0 0.0 1.0
stairs/seq-02/color/frame-000432.color.png stairs/seq-02/color/frame-000435.color.png 0.999964 0.00821562 -0.00204778 0.0110667 -0.0081836 0.999851 0.0151698 -0.0340935 0.00217208 -0.0151525 0.999883 -0.0131084 0.0 0.0 0.0 1.0
stairs/seq-02/color/frame-000435.color.png stairs/seq-02/color/frame-000438.color.png 0.999847 0.0165593 -0.00558987 0.0281656 -0.0165947 0.999842 -0.00634861 0.00828269 0.00548388 0.00644031 0.999964 0.00816494 0.0 0.0 0.0 1.0
stairs/seq-02/color/frame-000438.color.png stairs/seq-02/color/frame-000441.color.png 0.99997 0.00729785 0.00275733 0.0245814 -0.00727681 0.999945 -0.00756202 0.0100084 -0.00281239 0.00754176 0.999968 0.0254791 0.0 0.0 0.0 1.0
stairs/seq-02/color/frame-000441.color.png stairs/seq-02/color/frame-000444.color.png 0.999793 0.0122904 -0.0162468 0.0625734 -0.0122197 0.999916 0.00444371 -0.0146822 0.0163 -0.00424427 0.999858 0.00338578 0.0 0.0 0.0 1.0
stairs/seq-02/color/frame-000444.color.png stairs/seq-02/color/frame-000447.color.png 0.999136 0.0299165 -0.028852 0.0685087 -0.030046 0.99954 -0.00406628 0.00260633 0.0287171 0.00492963 0.999575 0.0128036 0.0 0.0 0.0 1.0
stairs/seq-02/color/frame-000447.color.png stairs/seq-02/color/frame-000450.color.png 0.999218 0.0339208 -0.020329 0.0587457 -0.0339592 0.999422 -0.00154825 -0.00770041 0.0202647 0.00223745 0.999792 -0.0106788 0.0 0.0 0.0 1.0
stairs/seq-02/color/frame-000450.color.png stairs/seq-02/color/frame-000453.color.png 0.997913 0.0406832 -0.0501353 0.0953777 -0.0406666 0.999172 0.00135262 0.00169516 0.0501488 0.00068901 0.998742 -0.0464278 0.0 0.0 0.0 1.0
stairs/seq-02/color/frame-000453.color.png stairs/seq-02/color/frame-000456.color.png 0.998563 0.00594884 -0.0532682 0.0904498 -0.00537693 0.999926 0.0108733 -0.0415631 0.053329 -0.0105712 0.998521 -0.076207 0.0 0.0 0.0 1.0
stairs/seq-02/color/frame-000456.color.png stairs/seq-02/color/frame-000459.color.png 0.999739 -0.00528433 -0.0222234 0.0273103 0.00514641 0.999967 -0.00626008 -0.0240594 0.0222558 0.00614404 0.999733 -0.021602 0.0 0.0 0.0 1.0
stairs/seq-02/color/frame-000459.color.png stairs/seq-02/color/frame-000462.color.png 0.999886 -0.0138602 0.00601235 -0.0367134 0.0139651 0.999745 -0.0177705 -0.0125767 -0.00576451 0.0178525 0.999824 0.0265819 0.0 0.0 0.0 1.0
stairs/seq-02/color/frame-000462.color.png stairs/seq-02/color/frame-000465.color.png 0.999871 0.0153077 -0.00479099 0.039318 -0.0153323 0.999869 -0.00513615 0.000166237 0.00471177 0.00520893 0.999975 -0.00300747 0.0 0.0 0.0 1.0
stairs/seq-02/color/frame-000465.color.png stairs/seq-02/color/frame-000468.color.png 0.999423 -0.0134888 0.031165 -0.0185781 0.0136801 0.999889 -0.00593493 -0.0146082 -0.0310815 0.00635775 0.999497 0.0492916 0.0 0.0 0.0 1.0
stairs/seq-02/color/frame-000468.color.png stairs/seq-02/color/frame-000471.color.png 0.999036 -0.0339425 0.027818 -0.0137354 0.034226 0.999366 -0.00978148 -0.031662 -0.0274683 0.0107243 0.999565 0.0466942 0.0 0.0 0.0 1.0
stairs/seq-02/color/frame-000471.color.png stairs/seq-02/color/frame-000474.color.png 0.999873 -0.0148671 -0.00573705 0.00598228 0.0148548 0.999887 -0.00218818 -0.0206846 0.00576893 0.00210263 0.999981 0.022101 0.0 0.0 0.0 1.0
stairs/seq-02/color/frame-000474.color.png stairs/seq-02/color/frame-000477.color.png 0.999972 0.00261968 0.00695583 0.00327444 -0.00272012 0.999892 0.0144677 -0.0411853 -0.00691714 -0.0144862 0.999871 0.0194512 0.0 0.0 0.0 1.0
stairs/seq-02/color/frame-000477.color.png stairs/seq-02/color/frame-000480.color.png 0.999989 -0.00264348 -0.00376042 0.0074138 0.00267905 0.999951 0.00948282 -0.0295576 0.00373513 -0.00949281 0.999948 0.00824231 0.0 0.0 0.0 1.0
stairs/seq-02/color/frame-000480.color.png stairs/seq-02/color/frame-000483.color.png 0.999858 -0.0150926 -0.00746305 0.00500661 0.0150375 0.99986 -0.00738999 -0.0265038 0.00757355 0.00727675 0.999945 0.0269524 0.0 0.0 0.0 1.0
stairs/seq-02/color/frame-000483.color.png stairs/seq-02/color/frame-000486.color.png 0.999937 -0.0058752 -0.00960807 0.0226845 0.00571094 0.999839 -0.0170337 -0.0278212 0.00970659 0.0169777 0.999809 0.0254431 0.0 0.0 0.0 1.0
stairs/seq-02/color/frame-000486.color.png stairs/seq-02/color/frame-000489.color.png 0.999949 -0.0073634 0.00687601 -0.0131661 0.00746893 0.999853 -0.0154471 -0.0350417 -0.00676126 0.0154978 0.999857 0.0501246 0.0 0.0 0.0 1.0
stairs/seq-02/color/frame-000489.color.png stairs/seq-02/color/frame-000492.color.png 0.999806 -0.00914337 0.0174171 -0.0216695 0.00911522 0.999957 0.00169553 -0.054893 -0.0174319 -0.00153655 0.999847 0.0454828 0.0 0.0 0.0 1.0
stairs/seq-02/color/frame-000492.color.png stairs/seq-02/color/frame-000495.color.png 0.999616 -0.0273741 -0.00424505 -0.0170128 0.0273875 0.99962 0.00314249 -0.0549945 0.0041574 -0.00325746 0.999986 0.0186314 0.0 0.0 0.0 1.0
stairs/seq-02/color/frame-000495.color.png stairs/seq-02/color/frame-000498.color.png 0.999174 -0.00716853 -0.0399995 0.0583963 0.00829713 0.99957 0.0281206 -0.0765905 0.0397807 -0.0284293 0.998804 -0.0464941 0.0 0.0 0.0 1.0
