office/seq-08/color/frame-000000.color.png office/seq-08/color/frame-000003.color.png 0.999993 0.00135806 -0.00357121 0.00196535 -0.00134157 0.999988 0.00461765 -0.00286307 0.00357744 -0.00461283 0.999983 0.0023626 0.0 0.0 0.0 1.0
office/seq-08/color/frame-000001.color.png office/seq-08/color/frame-000004.color.png 0.999992 -0.00231787 -0.00339129 -0.000629684 0.00234932 0.999954 0.00929891 0.000574683 0.00336958 -0.0093068 0.999951 0.00384219 0.0 0.0 0.0 1.0
office/seq-08/color/frame-000002.color.png office/seq-08/color/frame-000005.color.png 0.999989 -0.00326573 -0.00342923 -0.000783424 0.0033054 0.999927 0.0116289 -0.00497826 0.003391 -0.0116401 0.999926 0.0061126 0.0 0.0 0.0 1.0
office/seq-08/color/frame-000003.color.png office/seq-08/color/frame-000006.color.png 0.999975 -0.00449913 -0.00543693 -0.00152063 0.00457244 0.999898 0.0135462 -0.0042528 0.00537542 -0.0135707 0.999894 0.00811731 0.0 0.0 0.0 1.0
office/seq-08/color/frame-000004.color.png office/seq-08/color/frame-000007.color.png 0.999981 -0.0029151 -0.00544788 -0.00208351 0.00297193 0.999941 0.0104529 -0.00313503 0.00541708 -0.0104689 0.999931 0.00849866 0.0 0.0 0.0 1.0
office/seq-08/color/frame-000005.color.png office/seq-08/color/frame-000008.color.png 0.999951 -0.0038314 -0.00915718 -0.00275401 0.00393295 0.999931 0.0110975 -0.00434045 0.00911403 -0.011133 0.999897 0.0129161 0.0 0.0 0.0 1.0
office/seq-08/color/frame-000006.color.png office/seq-08/color/frame-000009.color.png 0.999931 -0.00479416 -0.0107307 -0.00164507 0.00488701 0.999951 0.00864385 0.00049712 0.0106887 -0.0086957 0.999905 0.012576 0.0 0.0 0.0 1.0
office/seq-08/color/frame-000007.color.png office/seq-08/color/frame-000010.color.png 0.999813 0.00258019 -0.0191479 -0.00061837 -0.00225486 0.999853 0.0169926 -0.00558981 0.0191889 -0.0169463 0.999672 0.021547 0.0 0.0 0.0 1.0
office/seq-08/color/frame-000008.color.png office/seq-08/color/frame-000011.color.png 0.999793 0.008724 -0.018399 -0.000984694 -0.0084336 0.999839 0.0158024 -0.00922732 0.0185339 -0.015644 0.999706 0.0223274 0.0 0.0 0.0 1.0
office/seq-08/color/frame-000009.color.png office/seq-08/color/frame-000012.color.png 0.999755 0.01232 -0.0183863 -0.00255644 -0.0120773 0.999839 0.0132546 -0.0171627 0.0185466 -0.0130293 0.999743 0.0265151 0.0 0.0 0.0 1.0
office/seq-08/color/frame-000010.color.png office/seq-08/color/frame-000013.color.png 0.999846 0.00493282 -0.0168545 0.00338187 -0.00492809 0.999988 0.000322634 -0.00491864 0.0168559 -0.000239527 0.999858 0.0245137 0.0 0.0 0.0 1.0
office/seq-08/color/frame-000011.color.png office/seq-08/color/frame-000014.color.png 0.999884 -0.000548434 -0.0152229 0.00145411 0.000567913 0.999999 0.00127536 -0.000906341 0.0152222 -0.00128386 0.999883 0.0257284 0.0 0.0 0.0 1.0
office/seq-08/color/frame-000012.color.png office/seq-08/color/frame-000015.color.png 0.99985 -0.000846841 -0.0172827 0.0065244 0.000926764 0.999989 0.00461704 -0.000306934 0.0172786 -0.00463235 0.99984 0.027499 0.0 0.0 0.0 1.0
office/seq-08/color/frame-000013.color.png office/seq-08/color/frame-000016.color.png 0.99982 0.00542355 -0.0181881 0.00466196 -0.00515791 0.99988 0.0146201 -0.00657473 0.0182652 -0.0145237 0.999728 0.0310979 0.0 0.0 0.0 1.0
office/seq-08/color/frame-000014.color.png office/seq-08/color/frame-000017.color.png 0.999748 0.00614482 -0.0216026 0.0110973 -0.0057908 0.999849 0.0164124 -0.00986638 0.0217002 -0.0162831 0.999632 0.0328493 0.0 0.0 0.0 1.0
office/seq-08/color/frame-000015.color.png office/seq-08/color/frame-000018.color.png 0.999768 0.00296555 -0.0213271 0.0147339 -0.00261061 0.999858 0.016651 -0.00617243 0.0213735 -0.0165915 0.999634 0.0300286 0.0 0.0 0.0 1.0
office/seq-08/color/frame-000016.color.png office/seq-08/color/frame-000019.color.png 0.999807 -0.00157455 -0.0195811 0.0137003 0.00190245 0.999858 0.0167381 -0.0158294 0.019552 -0.0167722 0.999668 0.0417426 0.0 0.0 0.0 1.0
office/seq-08/color/frame-000017.color.png office/seq-08/color/frame-000020.color.png 0.999844 0.00195847 -0.0175676 0.0157724 -0.00177421 0.999943 0.0104984 -0.0119161 0.0175872 -0.0104656 0.999791 0.0378969 0.0 0.0 0.0 1.0
office/seq-08/color/frame-000018.color.png office/seq-08/color/frame-000021.color.png 0.999853 0.00518171 -0.0163177 0.0144122 -0.00504736 0.999953 0.00826369 -0.00767326 0.0163597 -0.00818011 0.999833 0.0398326 0.0 0.0 0.0 1.0
office/seq-08/color/frame-000019.color.png office/seq-08/color/frame-000022.color.png 0.999916 0.00515342 -0.0118799 0.0124 -0.00509024 0.999973 0.0053424 -0.000939168 0.011907 -0.00528147 0.999915 0.0285116 0.0 0.0 0.0 1.0
office/seq-08/color/frame-000020.color.png office/seq-08/color/frame-000023.color.png 0.999864 -1.56473e-05 -0.0165184 0.0169759 0.000248126 0.999901 0.0140719 -0.00336232 0.0165165 -0.0140741 0.999764 0.0397859 0.0 0.0 0.0 1.0
office/seq-08/color/frame-000021.color.png office/seq-08/color/frame-000024.color.png 0.999814 6.03961e-05 -0.0192693 0.021739 0.000325589 0.999799 0.0200273 -0.00232373 0.0192666 -0.0200299 0.999614 0.0398561 0.0 0.0 0.0 1.0
office/seq-08/color/frame-000022.color.png office/seq-08/color/frame-000025.color.png 0.999813 0.000525495 -0.0193144 0.0246859 5.74249e-05 0.999545 0.0301675 -0.0144159 0.0193214 -0.030163 0.999358 0.0465375 0.0 0.0 0.0 1.0
office/seq-08/color/frame-000023.color.png office/seq-08/color/frame-000026.color.png 0.999867 0.00756256 -0.0144615 0.0184855 -0.00713359 0.99954 0.0294879 -0.0326943 0.0146779 -0.0293808 0.999461 0.0441397 0.0 0.0 0.0 1.0
office/seq-08/color/frame-000024.color.png office/seq-08/color/frame-000027.color.png 0.999854 0.0104395 -0.0135028 0.0124771 -0.0104103 0.999943 0.00223078 -0.0280704 0.0135254 -0.00208989 0.999906 0.0626299 0.0 0.0 0.0 1.0
office/seq-08/color/frame-000025.color.png office/seq-08/color/frame-000028.color.png 0.999868 0.00352408 -0.015854 0.0238665 -0.00380067 0.99984 -0.0174498 -0.00555047 0.01579 0.0175078 0.999722 0.0552221 0.0 0.0 0.0 1.0
office/seq-08/color/frame-000026.color.png office/seq-08/color/frame-000029.color.png 0.99987 -0.00717193 -0.0144421 0.022015 0.00689502 0.999793 -0.0191335 0.00686827 0.0145764 0.0190314 0.999713 0.0493205 0.0 0.0 0.0 1.0
office/seq-08/color/frame-000027.color.png office/seq-08/color/frame-000030.color.png 0.999785 -0.0143134 -0.0150334 0.0250688 0.0143323 0.999897 0.00114807 -0.0052961 0.0150154 -0.0013633 0.999886 0.0359355 0.0 0.0 0.0 1.0
office/seq-08/color/frame-000028.color.png office/seq-08/color/frame-000031.color.png 0.999867 -0.00735714 -0.0145578 0.021835 0.00738857 0.999971 0.00210611 -0.00531349 0.0145418 -0.00221339 0.999892 0.0363231 0.0 0.0 0.0 1.0
office/seq-08/color/frame-000029.color.png office/seq-08/color/frame-000032.color.png 0.999805 0.00490956 -0.0191149 0.0328805 -0.0049457 0.999986 -0.001844 3.86313e-05 0.0191056 0.00193818 0.999816 0.0489484 0.0 0.0 0.0 1.0
office/seq-08/color/frame-000030.color.png office/seq-08/color/frame-000033.color.png 0.999842 0.00494548 -0.017053 0.0300538 -0.00496492 0.999987 -0.00109807 0.00230718 0.0170473 0.0011826 0.999854 0.0463141 0.0 0.0 0.0 1.0
office/seq-08/color/frame-000031.color.png office/seq-08/color/frame-000034.color.png 0.99986 -0.00196906 -0.0166328 0.0246057 0.00201326 0.999994 0.00264048 0.00118293 0.0166275 -0.00267362 0.999858 0.0446955 0.0 0.0 0.0 1.0
office/seq-08/color/frame-000032.color.png office/seq-08/color/frame-000035.color.png 0.999659 -0.01622 -0.0204731 0.0358328 0.0163876 0.999833 0.00804586 0.00119502 0.0203392 -0.00837862 0.999758 0.0358936 0.0 0.0 0.0 1.0
office/seq-08/color/frame-000033.color.png office/seq-08/color/frame-000036.color.png 0.999825 -0.0106149 -0.0154193 0.0215891 0.0107843 0.999882 0.0109481 -0.0101768 0.0153012 -0.0111125 0.999821 0.0386293 0.0 0.0 0.0 1.0
office/seq-08/color/frame-000034.color.png office/seq-08/color/frame-000037.color.png 0.999832 -0.00805638 -0.016488 0.0252478 0.00813006 0.999957 0.00440624 -0.0107902 0.0164518 -0.00453954 0.999854 0.0388564 0.0 0.0 0.0 1.0
office/seq-08/color/frame-000035.color.png office/seq-08/color/frame-000038.color.png 0.999747 0.0073913 -0.0212449 0.0288751 -0.00761417 0.999917 -0.0104289 -0.000966817 0.0211661 0.010588 0.99972 0.0485801 0.0 0.0 0.0 1.0
office/seq-08/color/frame-000036.color.png office/seq-08/color/frame-000039.color.png 0.999601 0.00526345 -0.0277508 0.0413704 -0.00582805 0.999777 -0.0203039 0.0213897 0.0276378 0.0204576 0.999409 0.0411684 0.0 0.0 0.0 1.0
office/seq-08/color/frame-000037.color.png office/seq-08/color/frame-000040.color.png 0.999575 0.00396195 -0.0288884 0.0352739 -0.00441461 0.999868 -0.0156221 0.0216157 0.0288226 0.015743 0.999461 0.0368637 0.0 0.0 0.0 1.0
office/seq-08/color/frame-000038.color.png office/seq-08/color/frame-000041.color.png 0.999586 -0.0105205 -0.0267771 0.0235185 0.0103277 0.99992 -0.00733115 0.0219961 0.026852 0.00705156 0.999615 0.0229758 0.0 0.0 0.0 1.0
office/seq-08/color/frame-000039.color.png office/seq-08/color/frame-000042.color.png 0.999339 -0.00168177 -0.0363191 0.0383182 0.00176248 0.999996 0.00219033 0.0153233 0.0363152 -0.00225289 0.999338 0.0239351 0.0 0.0 0.0 1.0
office/seq-08/color/frame-000040.color.png office/seq-08/color/frame-000043.color.png 0.999264 0.0178616 -0.0339558 0.0353245 -0.017477 0.99978 0.0115893 0.00907152 0.0341554 -0.0109873 0.999356 0.0237013 0.0 0.0 0.0 1.0
office/seq-08/color/frame-000041.color.png office/seq-08/color/frame-000044.color.png 0.999145 0.0201078 -0.0361248 0.0456548 -0.0196525 0.999724 0.0129155 0.0186495 0.0363745 -0.0121945 0.999264 0.0255551 0.0 0.0 0.0 1.0
office/seq-08/color/frame-000042.color.png office/seq-08/color/frame-000045.color.png 0.998818 0.0245733 -0.0419427 0.0405048 -0.0237632 0.999523 0.0197045 0.000578739 0.042407 -0.0186845 0.998926 0.038694 0.0 0.0 0.0 1.0
office/seq-08/color/frame-000043.color.png office/seq-08/color/frame-000046.color.png 0.998747 0.00829193 -0.0493523 0.0570101 -0.00842917 0.999961 -0.00257349 0.0252102 0.0493291 0.00298626 0.998778 0.0411447 0.0 0.0 0.0 1.0
office/seq-08/color/frame-000044.color.png office/seq-08/color/frame-000047.color.png 0.998822 0.0196659 -0.0443686 0.0370349 -0.0199975 0.999775 -0.00704264 0.0192825 0.0442201 0.00792162 0.99899 0.0314345 0.0 0.0 0.0 1.0
office/seq-08/color/frame-000045.color.png office/seq-08/color/frame-000048.color.png 0.99919 0.011272 -0.0386216 0.0374707 -0.011785 0.999845 -0.0130828 0.0360472 0.038468 0.0135274 0.999168 0.0188386 0.0 0.0 0.0 1.0
office/seq-08/color/frame-000046.color.png office/seq-08/color/frame-000049.color.png 0.999202 0.0135438 -0.0375694 0.0344004 -0.0134752 0.999907 0.00208014 0.0148165 0.037594 -0.00157223 0.999292 0.0181904 0.0 0.0 0.0 1.0
office/seq-08/color/frame-000047.color.png office/seq-08/color/frame-000050.color.png 0.999321 0.010634 -0.03528 0.0290715 -0.0104552 0.999932 0.00524759 0.00249699 0.0353333 -0.00487516 0.999364 0.0217016 0.0 0.0 0.0 1.0
office/seq-08/color/frame-000048.color.png office/seq-08/color/frame-000051.color.png 0.999147 0.00598858 -0.0408477 0.0446416 -0.00618768 0.999969 -0.0047492 0.0189203 0.0408181 0.00499791 0.999154 0.0193778 0.0 0.0 0.0 1.0
office/seq-08/color/frame-000049.color.png office/seq-08/color/frame-000052.color.png 0.999336 0.0155072 -0.0329854 0.0343152 -0.0156493 0.999869 -0.00405556 0.0115764 0.0329183 0.00456906 0.999448 0.0242068 0.0 0.0 0.0 1.0
office/seq-08/color/frame-000050.color.png office/seq-08/color/frame-000053.color.png 0.999419 0.0139907 -0.0310818 0.0455468 -0.0143573 0.99983 -0.0116044 0.0241566 0.0309142 0.0120439 0.999449 0.0227779 0.0 0.0 0.0 1.0
office/seq-08/color/frame-000051.color.png office/seq-08/color/frame-000054.color.png 0.999801 0.0130163 -0.0151151 0.0208901 -0.0131965 0.999842 -0.0118868 0.0163499 0.0149579 0.0120839 0.999815 0.0255747 0.0 0.0 0.0 1.0
office/seq-08/color/frame-000052.color.png office/seq-08/color/frame-000055.color.png 0.99988 0.00357033 -0.0150967 0.0242226 -0.00377271 0.999903 -0.0133988 0.013701 0.0150473 0.0134541 0.999796 0.0277966 0.0 0.0 0.0 1.0
office/seq-08/color/frame-000053.color.png office/seq-08/color/frame-000056.color.png 0.999914 0.00121276 -0.0130737 0.0255821 -0.00152222 0.999718 -0.0236864 0.0228683 0.0130413 0.0237043 0.999634 0.0202777 0.0 0.0 0.0 1.0
office/seq-08/color/frame-000054.color.png office/seq-08/color/frame-000057.color.png 0.999987 -0.00105723 -0.00492772 0.0158828 0.000906072 0.999532 -0.0305776 0.0300257 0.00495769 0.0305727 0.99952 0.030179 0.0 0.0 0.0 1.0
office/seq-08/color/frame-000055.color.png office/seq-08/color/frame-000058.color.png 0.999904 -0.00676366 -0.0120994 0.0486474 0.00626519 0.999149 -0.0407699 0.0420128 0.0123649 0.0406902 0.999095 0.031329 0.0 0.0 0.0 1.0
office/seq-08/color/frame-000056.color.png office/seq-08/color/frame-000059.color.png 0.999931 -0.0110835 0.00402892 0.0139216 0.0112004 0.99948 -0.0302487 0.0218838 -0.00369147 0.0302917 0.999534 0.0304688 0.0 0.0 0.0 1.0
office/seq-08/color/frame-000057.color.png office/seq-08/color/frame-000060.color.png 0.999811 -0.0191118 -0.00356156 0.0363739 0.0189998 0.999393 -0.0291961 0.0223582 0.00411744 0.0291229 0.999567 0.0266252 0.0 0.0 0.0 1.0
office/seq-08/color/frame-000058.color.png office/seq-08/color/frame-000061.color.png 0.999656 0.00906567 0.0245994 -0.0122385 -0.00867953 0.999838 -0.015759 -0.00796817 -0.0247384 0.01554 0.999573 0.029132 0.0 0.0 0.0 1.0
office/seq-08/color/frame-000059.color.png office/seq-08/color/frame-000062.color.png 0.999489 0.00437981 0.0316728 0.0179136 -0.0037711 0.999807 -0.0192536 0.0139765 -0.0317511 0.0191243 0.999313 0.0392272 0.0 0.0 0.0 1.0
office/seq-08/color/frame-000060.color.png office/seq-08/color/frame-000063.color.png 0.999375 0.0117775 0.033323 0.0492122 -0.0112282 0.999799 -0.016624 0.00874459 -0.0335121 0.0162395 0.999306 0.0291989 0.0 0.0 0.0 1.0
office/seq-08/color/frame-000061.color.png office/seq-08/color/frame-000064.color.png 0.99895 -0.0223351 0.0400059 0.0213724 0.0231552 0.999529 -0.0201567 0.0442219 -0.0395368 0.0210619 0.998996 0.0319774 0.0 0.0 0.0 1.0
office/seq-08/color/frame-000062.color.png office/seq-08/color/frame-000065.color.png 0.999042 -0.0347599 0.0265682 0.0185806 0.0345742 0.999375 0.00741403 -0.00400824 -0.0268093 -0.00648836 0.999619 0.0252082 0.0 0.0 0.0 1.0
office/seq-08/color/frame-000063.color.png office/seq-08/color/frame-000066.color.png 0.999435 -0.0307816 0.0134773 0.0228496 0.0305031 0.999326 0.0204083 -0.0169425 -0.0140965 -0.0199856 0.999701 0.0238693 0.0 0.0 0.0 1.0
office/seq-08/color/frame-000064.color.png office/seq-08/color/frame-000067.color.png 0.999962 -0.00377553 0.00784132 0.0314032 0.0036241 0.999808 0.0192354 -0.0170933 -0.0079124 -0.0192062 0.999784 0.0290127 0.0 0.0 0.0 1.0
office/seq-08/color/frame-000065.color.png office/seq-08/color/frame-000068.color.png 0.999704 0.0167237 0.0176771 0.013874 -0.0168783 0.99982 0.00863267 -0.00233698 -0.0175296 -0.00892846 0.999807 0.0434856 0.0 0.0 0.0 1.0
office/seq-08/color/frame-000066.color.png office/seq-08/color/frame-000069.color.png 0.99958 0.013616 0.0255685 0.0192527 -0.0136939 0.999902 0.00287615 0.00352872 -0.0255268 -0.00322508 0.999669 0.0361274 0.0 0.0 0.0 1.0
office/seq-08/color/frame-000067.color.png office/seq-08/color/frame-000070.color.png 0.998989 -0.00206248 0.0449186 -0.0110064 0.00181744 0.999983 0.00549506 -0.00323783 -0.0449292 -0.00540786 0.998976 0.0479149 0.0 0.0 0.0 1.0
office/seq-08/color/frame-000068.color.png office/seq-08/color/frame-000071.color.png 0.998101 -0.0168611 0.0592433 -0.0191845 0.0169367 0.999856 -0.000773149 0.016172 -0.0592218 0.00177506 0.998243 0.0442519 0.0 0.0 0.0 1.0
office/seq-08/color/frame-000069.color.png office/seq-08/color/frame-000072.color.png 0.997714 -0.0120747 0.0664848 -0.0351975 0.0120573 0.999927 0.000662682 0.0213805 -0.0664879 0.000140461 0.997787 0.0667392 0.0 0.0 0.0 1.0
office/seq-08/color/frame-000070.color.png office/seq-08/color/frame-000073.color.png 0.998188 -0.00381324 0.0600589 -0.0196774 0.0033082 0.999958 0.00850629 8.24444e-05 -0.0600888 -0.00829218 0.998159 0.0607811 0.0 0.0 0.0 1.0
office/seq-08/color/frame-000071.color.png office/seq-08/color/frame-000074.color.png 0.997391 0.00489001 0.0720216 -0.0277172 -0.00539551 0.999962 0.00682595 0.0052496 -0.0719854 -0.00719673 0.99738 0.0780607 0.0 0.0 0.0 1.0
office/seq-08/color/frame-000072.color.png office/seq-08/color/frame-000075.color.png 0.997734 0.00611379 0.0670025 -0.0205781 -0.0062201 0.99998 0.00137811 0.0092472 -0.0669926 -0.00179175 0.997752 0.0829875 0.0 0.0 0.0 1.0
office/seq-08/color/frame-000073.color.png office/seq-08/color/frame-000076.color.png 0.997714 0.000687745 0.0675758 -0.0252889 -0.000730177 1.0 0.000603463 0.00388936 -0.0675753 -0.00065143 0.997714 0.0781047 0.0 0.0 0.0 1.0
office/seq-08/color/frame-000074.color.png office/seq-08/color/frame-000077.color.png 0.998783 -0.00279837 0.0492336 0.00296706 0.00273578 0.999995 0.00133873 -0.0039471 -0.0492372 -0.00120241 0.998786 0.0581512 0.0 0.0 0.0 1.0
office/seq-08/color/frame-000075.color.png office/seq-08/color/frame-000078.color.png 0.997795 -0.00700977 0.0660053 -0.0381132 0.0072101 0.99997 -0.0027974 0.000456885 -0.0659837 0.00326713 0.997815 0.0798818 0.0 0.0 0.0 1.0
office/seq-08/color/frame-000076.color.png office/seq-08/color/frame-000079.color.png 0.997773 -0.0171351 0.064465 -0.0368769 0.0176503 0.999817 -0.00743092 0.00498152 -0.0643258 0.00855219 0.997892 0.0659674 0.0 0.0 0.0 1.0
office/seq-08/color/frame-000077.color.png office/seq-08/color/frame-000080.color.png 0.997789 -0.0115522 0.0654493 -0.0381414 0.0122095 0.999879 -0.00965111 0.00200993 -0.0653298 0.0104289 0.997809 0.0823566 0.0 0.0 0.0 1.0
office/seq-08/color/frame-000078.color.png office/seq-08/color/frame-000081.color.png 0.998872 -0.00631276 0.0470551 -0.0112662 0.00687113 0.999908 -0.0117142 0.0135476 -0.0469768 0.0120243 0.998824 0.0734674 0.0 0.0 0.0 1.0
office/seq-08/color/frame-000079.color.png office/seq-08/color/frame-000082.color.png 0.998861 0.00477888 0.0474666 -0.013671 -0.00437151 0.999953 -0.00868223 0.0127423 -0.0475059 0.00846484 0.998835 0.0741912 0.0 0.0 0.0 1.0
office/seq-08/color/frame-000080.color.png office/seq-08/color/frame-000083.color.png 0.998929 0.00362142 0.0461291 -0.0197425 -0.00330993 0.999971 -0.00682722 0.0175811 -0.0461525 0.00666723 0.998912 0.0636633 0.0 0.0 0.0 1.0
office/seq-08/color/frame-000081.color.png office/seq-08/color/frame-000084.color.png 0.997136 -0.0109382 0.0748381 -0.0417473 0.0106926 0.999936 0.00368173 -0.0176529 -0.0748736 -0.00287097 0.997189 0.0765449 0.0 0.0 0.0 1.0
office/seq-08/color/frame-000082.color.png office/seq-08/color/frame-000085.color.png 0.996999 -0.0157576 0.0757959 -0.0453429 0.015703 0.999876 0.00131641 -0.00295892 -0.0758072 -0.000122234 0.997122 0.0897592 0.0 0.0 0.0 1.0
office/seq-08/color/frame-000083.color.png office/seq-08/color/frame-000086.color.png 0.99747 -0.0210947 0.06788 -0.0376602 0.0205145 0.999747 0.00923382 -0.0227012 -0.0680576 -0.00781795 0.997651 0.0723589 0.0 0.0 0.0 1.0
office/seq-08/color/frame-000084.color.png office/seq-08/color/frame-000087.color.png 0.99914 -0.00636905 0.0409693 -0.011579 0.00600468 0.999941 0.00901066 -0.00908137 -0.0410243 -0.00875691 0.99912 0.0558915 0.0 0.0 0.0 1.0
office/seq-08/color/frame-000085.color.png office/seq-08/color/frame-000088.color.png 0.998948 -0.0069671 0.0453216 -0.0180054 0.00638964 0.999897 0.012874 -0.0161694 -0.0454066 -0.0125709 0.99889 0.0567713 0.0 0.0 0.0 1.0
office/seq-08/color/frame-000086.color.png office/seq-08/color/frame-000089.color.png 0.998494 -0.0046674 0.0546607 -0.0314034 0.00419001 0.999952 0.00884514 -0.00457118 -0.0546994 -0.00860279 0.998466 0.0658289 0.0 0.0 0.0 1.0
office/seq-08/color/frame-000087.color.png office/seq-08/color/frame-000090.color.png 0.996009 -0.0368029 0.0813171 -0.0517091 0.0356512 0.999243 0.0155712 -0.0388194 -0.0818286 -0.01261 0.996567 0.0983837 0.0 0.0 0.0 1.0
office/seq-08/color/frame-000088.color.png office/seq-08/color/frame-000091.color.png 0.995484 -0.0449474 0.0836204 -0.055716 0.0442523 0.998969 0.0101487 -0.0372499 -0.0839904 -0.0064025 0.996446 0.0872026 0.0 0.0 0.0 1.0
office/seq-08/color/frame-000089.color.png office/seq-08/color/frame-000092.color.png 0.99588 -0.0535869 0.0731513 -0.0276081 0.0530322 0.998548 0.00950577 -0.0414526 -0.0735545 -0.00558724 0.997276 0.0893156 0.0 0.0 0.0 1.0
office/seq-08/color/frame-000090.color.png office/seq-08/color/frame-000093.color.png 0.997921 -0.0163428 0.0623374 -0.0513379 0.016026 0.999856 0.00557928 -0.0198987 -0.0624196 -0.00456867 0.998039 0.0707511 0.0 0.0 0.0 1.0
office/seq-08/color/frame-000091.color.png office/seq-08/color/frame-000094.color.png 0.997133 -0.0125015 0.0746344 -0.0583611 0.0121824 0.999915 0.00473052 -0.0204011 -0.0746872 -0.00380774 0.9972 0.0871796 0.0 0.0 0.0 1.0
office/seq-08/color/frame-000092.color.png office/seq-08/color/frame-000095.color.png 0.997596 -0.0168023 0.0672242 -0.0306917 0.0168472 0.999858 -0.000100285 -0.0237337 -0.067213 0.00123259 0.997738 0.080305 0.0 0.0 0.0 1.0
office/seq-08/color/frame-000093.color.png office/seq-08/color/frame-000096.color.png 0.997251 -0.0126743 0.072999 -0.0432394 0.0132637 0.999883 -0.00759564 -0.0169724 -0.0728941 0.00854301 0.997303 0.0679688 0.0 0.0 0.0 1.0
office/seq-08/color/frame-000094.color.png office/seq-08/color/frame-000097.color.png 0.99783 -0.0137401 0.0643906 -0.0390357 0.0148176 0.999758 -0.0162866 0.00531217 -0.0641512 0.0172054 0.997792 0.0620043 0.0 0.0 0.0 1.0
office/seq-08/color/frame-000095.color.png office/seq-08/color/frame-000098.color.png 0.997091 -0.0104074 0.0755097 -0.0713699 0.0114966 0.999836 -0.0140049 0.00984082 -0.0753517 0.0148323 0.997047 0.065331 0.0 0.0 0.0 1.0
office/seq-08/color/frame-000096.color.png office/seq-08/color/frame-000099.color.png 0.99534 -0.0224469 0.0937834 -0.0748227 0.0235122 0.999671 -0.0102694 -0.0126858 -0.093522 0.0124266 0.99554 0.0791711 0.0 0.0 0.0 1.0
office/seq-08/color/frame-000097.color.png office/seq-08/color/frame-000100.color.png 0.995998 -0.0114172 0.088647 -0.069603 0.0119092 0.999916 -0.00502333 -0.00633375 -0.0885823 0.00605894 0.99605 0.0696193 0.0 0.0 0.0 1.0
office/seq-08/color/frame-000098.color.png office/seq-08/color/frame-000101.color.png 0.995296 -0.00939585 0.0964243 -0.0908965 0.0089562 0.999947 0.00499147 -0.024183 -0.0964661 -0.00410439 0.995328 0.0606222 0.0 0.0 0.0 1.0
office/seq-08/color/frame-000099.color.png office/seq-08/color/frame-000102.color.png 0.997265 0.000556769 0.0739129 -0.0588964 -0.000830607 0.999993 0.00367391 0.00241673 -0.0739104 -0.00372526 0.997258 0.0521746 0.0 0.0 0.0 1.0
office/seq-08/color/frame-000100.color.png office/seq-08/color/frame-000103.color.png 0.996724 -0.00725516 0.0805494 -0.0657418 0.00717518 0.999973 0.00128228 -0.00168935 -0.0805566 -0.000700123 0.99675 0.0562911 0.0 0.0 0.0 1.0
office/seq-08/color/frame-000101.color.png office/seq-08/color/frame-000104.color.png 0.994026 -0.0196823 0.107357 -0.0915836 0.0198983 0.999802 -0.000940536 -0.0109278 -0.107317 0.00307114 0.99422 0.077494 0.0 0.0 0.0 1.0
office/seq-08/color/frame-000102.color.png office/seq-08/color/frame-000105.color.png 0.995347 -0.0223016 0.0937446 -0.074538 0.0224053 0.999749 -5.41896e-05 -0.0197482 -0.0937199 0.00215432 0.995596 0.0663087 0.0 0.0 0.0 1.0
office/seq-08/color/frame-000103.color.png office/seq-08/color/frame-000106.color.png 0.995747 -0.00631569 0.0919119 -0.0791119 0.00670139 0.99997 -0.00388859 0.00262177 -0.0918845 0.004488 0.99576 0.0613133 0.0 0.0 0.0 1.0
office/seq-08/color/frame-000104.color.png office/seq-08/color/frame-000107.color.png 0.99733 -0.00269926 0.0729772 -0.0665991 0.00271969 0.999996 -0.000180537 -0.00551121 -0.0729764 0.000378536 0.997334 0.0408068 0.0 0.0 0.0 1.0
office/seq-08/color/frame-000105.color.png office/seq-08/color/frame-000108.color.png 0.996826 -0.00664177 0.0793374 -0.0753255 0.00743691 0.999925 -0.00973099 0.00585612 -0.0792668 0.0102901 0.9968 0.0464336 0.0 0.0 0.0 1.0
office/seq-08/color/frame-000106.color.png office/seq-08/color/frame-000109.color.png 0.996819 -0.0185714 0.0775011 -0.0739549 0.0200575 0.999629 -0.0184405 0.0105877 -0.0771298 0.0199364 0.996822 0.0408646 0.0 0.0 0.0 1.0
office/seq-08/color/frame-000107.color.png office/seq-08/color/frame-000110.color.png 0.997274 -0.0245856 0.0695712 -0.0556622 0.0255936 0.999579 -0.013635 -0.00251454 -0.0692066 0.0153784 0.997484 0.0290543 0.0 0.0 0.0 1.0
office/seq-08/color/frame-000108.color.png office/seq-08/color/frame-000111.color.png 0.995213 -0.0254178 0.0943622 -0.087741 0.0268397 0.999544 -0.0138291 -0.00333634 -0.0939676 0.0162955 0.995442 0.0586317 0.0 0.0 0.0 1.0
office/seq-08/color/frame-000109.color.png office/seq-08/color/frame-000112.color.png 0.995781 -0.0199363 0.0895692 -0.0953951 0.0209392 0.999728 -0.0102701 -0.00521839 -0.0893402 0.0121023 0.995928 0.0515324 0.0 0.0 0.0 1.0
office/seq-08/color/frame-000110.color.png office/seq-08/color/frame-000113.color.png 0.99612 -0.00877 0.087568 -0.0976654 0.0093086 0.99994 -0.00574439 -0.000913095 -0.0875124 0.00653724 0.996142 0.0554081 0.0 0.0 0.0 1.0
office/seq-08/color/frame-000111.color.png office/seq-08/color/frame-000114.color.png 0.998602 -0.0392293 0.0354222 -0.00647622 0.0401565 0.998859 -0.0258563 0.0370358 -0.0343674 0.0272426 0.999038 0.0385838 0.0 0.0 0.0 1.0
office/seq-08/color/frame-000112.color.png office/seq-08/color/frame-000115.color.png 0.999101 -0.0409029 0.0111903 0.0457994 0.0412432 0.998634 -0.0320945 0.0552206 -0.0098621 0.0325271 0.999422 0.00198138 0.0 0.0 0.0 1.0
office/seq-08/color/frame-000113.color.png office/seq-08/color/frame-000116.color.png 0.998842 -0.00878944 0.0473032 -0.0510464 0.00952095 0.999838 -0.0152607 0.00959247 -0.0471617 0.0156934 0.998764 0.00833654 0.0 0.0 0.0 1.0
office/seq-08/color/frame-000114.color.png office/seq-08/color/frame-000117.color.png 0.998388 -0.0164165 0.0543262 -0.0645487 0.017389 0.999696 -0.0174771 0.00995451 -0.0540226 0.0183936 0.99837 0.020274 0.0 0.0 0.0 1.0
office/seq-08/color/frame-000115.color.png office/seq-08/color/frame-000118.color.png 0.998401 -0.0225694 0.0518212 -0.0635892 0.0232993 0.999637 -0.0135244 0.000476055 -0.0514974 0.0147102 0.998565 0.0164288 0.0 0.0 0.0 1.0
office/seq-08/color/frame-000116.color.png office/seq-08/color/frame-000119.color.png 0.998749 -0.0479704 0.014113 0.0211794 0.0483993 0.998321 -0.0318071 0.0529487 -0.0125635 0.0324504 0.999394 0.0210829 0.0 0.0 0.0 1.0
office/seq-08/color/frame-000117.color.png office/seq-08/color/frame-000120.color.png 0.999337 -0.0160588 0.0326768 -0.0375012 0.0161125 0.999869 -0.00137914 -0.00778452 -0.0326505 0.0019047 0.999465 0.00944173 0.0 0.0 0.0 1.0
office/seq-08/color/frame-000118.color.png office/seq-08/color/frame-000121.color.png 0.999438 -0.010147 0.0319617 -0.0351057 0.0104727 0.999895 -0.0100402 0.0084786 -0.0318563 0.0103692 0.999439 0.0136355 0.0 0.0 0.0 1.0
office/seq-08/color/frame-000119.color.png office/seq-08/color/frame-000122.color.png 0.999345 -0.00771538 0.03536 -0.0400429 0.00836202 0.9998 -0.0181763 0.0145141 -0.0352127 0.01846 0.999209 0.00857663 0.0 0.0 0.0 1.0
office/seq-08/color/frame-000120.color.png office/seq-08/color/frame-000123.color.png 0.999248 -0.00735341 0.0380605 -0.053565 0.00827315 0.999676 -0.0240639 0.0158208 -0.0378713 0.0243607 0.998986 0.00721455 0.0 0.0 0.0 1.0
office/seq-08/color/frame-000121.color.png office/seq-08/color/frame-000124.color.png 0.999317 -0.00312514 0.0368134 -0.0550435 0.00395751 0.999738 -0.0225585 0.0215818 -0.0367332 0.0226889 0.999067 0.00289571 0.0 0.0 0.0 1.0
office/seq-08/color/frame-000122.color.png office/seq-08/color/frame-000125.color.png 0.999377 0.0025619 0.0352032 -0.0510036 -0.00209024 0.999908 -0.0134281 0.015167 -0.0352343 0.0133462 0.99929 0.00920391 0.0 0.0 0.0 1.0
office/seq-08/color/frame-000123.color.png office/seq-08/color/frame-000126.color.png 0.999184 0.0011461 0.0403833 -0.0735538 -0.00100121 0.999993 -0.00360857 -0.00445478 -0.040387 0.00356521 0.999178 0.0179502 0.0 0.0 0.0 1.0
office/seq-08/color/frame-000124.color.png office/seq-08/color/frame-000127.color.png 0.999582 -0.00147731 0.0288614 -0.0514148 0.00168181 0.999974 -0.00706195 0.00565234 -0.0288502 0.0071075 0.999559 0.00897801 0.0 0.0 0.0 1.0
office/seq-08/color/frame-000125.color.png office/seq-08/color/frame-000128.color.png 0.999803 -0.00133134 0.0198004 -0.0370593 0.00138164 0.999996 -0.00252549 0.0012604 -0.0197969 0.00255229 0.999801 -0.00202101 0.0 0.0 0.0 1.0
office/seq-08/color/frame-000126.color.png office/seq-08/color/frame-000129.color.png 0.99993 0.0034032 0.0113068 -0.0262756 -0.00350452 0.999954 0.00895477 -0.0130038 -0.0112759 -0.00899381 0.999896 -0.00947767 0.0 0.0 0.0 1.0
office/seq-08/color/frame-000127.color.png office/seq-08/color/frame-000130.color.png 0.999795 0.0171255 0.0107731 -0.0332217 -0.0173511 0.999624 0.021218 -0.0161744 -0.0104057 -0.0214006 0.999717 -0.00434315 0.0 0.0 0.0 1.0
office/seq-08/color/frame-000128.color.png office/seq-08/color/frame-000131.color.png 0.999752 0.0183081 0.0126728 -0.0478906 -0.0184988 0.999715 0.015091 -0.00322697 -0.0123929 -0.0153216 0.999806 -0.00308025 0.0 0.0 0.0 1.0
office/seq-08/color/frame-000129.color.png office/seq-08/color/frame-000132.color.png 0.999919 0.00765925 0.0101783 -0.0418708 -0.0078018 0.999871 0.0140391 -0.0114784 -0.0100694 -0.0141174 0.99985 -0.000343442 0.0 0.0 0.0 1.0
office/seq-08/color/frame-000130.color.png office/seq-08/color/frame-000133.color.png 0.999976 -0.00312767 0.00619727 -0.0291827 0.00310227 0.999987 0.00410446 -0.00608941 -0.00621005 -0.00408514 0.999972 -0.00170749 0.0 0.0 0.0 1.0
office/seq-08/color/frame-000131.color.png office/seq-08/color/frame-000134.color.png 0.999941 -0.00804674 0.00728652 -0.0315233 0.00800585 0.999952 0.00562719 -0.0144254 -0.00733158 -0.00556855 0.999958 0.00448322 0.0 0.0 0.0 1.0
office/seq-08/color/frame-000132.color.png office/seq-08/color/frame-000135.color.png 0.999893 -0.00508151 0.0137318 -0.0552856 0.00490128 0.999902 0.0131241 -0.0256656 -0.0137972 -0.0130554 0.99982 0.01974 0.0 0.0 0.0 1.0
office/seq-08/color/frame-000133.color.png office/seq-08/color/frame-000136.color.png 0.999964 -0.00547815 0.00647576 -0.0358164 0.00541798 0.999942 0.00927024 -0.0233745 -0.00652602 -0.00923482 0.999936 0.0140219 0.0 0.0 0.0 1.0
office/seq-08/color/frame-000134.color.png office/seq-08/color/frame-000137.color.png 0.999949 -0.00956025 -0.00322782 -0.0139959 0.00956114 0.999954 0.000251039 -0.0231792 0.00322551 -0.000281841 0.999995 0.00589615 0.0 0.0 0.0 1.0
office/seq-08/color/frame-000135.color.png office/seq-08/color/frame-000138.color.png 0.999953 -0.00594052 -0.00767163 -0.00667769 0.00589603 0.999966 -0.00581819 -0.0134631 0.00770581 0.00577264 0.999954 -0.00608701 0.0 0.0 0.0 1.0
office/seq-08/color/frame-000136.color.png office/seq-08/color/frame-000139.color.png 0.999979 -0.00104543 0.00647473 -0.0306153 0.00105294 0.999999 -0.00116027 -0.0161136 -0.00647355 0.00116709 0.999978 0.0102646 0.0 0.0 0.0 1.0
office/seq-08/color/frame-000137.color.png office/seq-08/color/frame-000140.color.png 0.999889 0.00394375 0.0143339 -0.0489147 -0.00396439 0.999991 0.00141197 -0.0101997 -0.0143283 -0.00146868 0.999896 0.017986 0.0 0.0 0.0 1.0
office/seq-08/color/frame-000138.color.png office/seq-08/color/frame-000141.color.png 0.999904 -0.00356886 0.0134095 -0.0386494 0.00362233 0.999986 -0.00396864 -0.00906148 -0.0133951 0.00401686 0.999902 0.0228903 0.0 0.0 0.0 1.0
office/seq-08/color/frame-000139.color.png office/seq-08/color/frame-000142.color.png 0.999994 -0.000993074 -0.00318155 -0.0159527 0.000958607 0.999941 -0.0108218 0.012241 0.00319215 0.0108186 0.999936 0.00505519 0.0 0.0 0.0 1.0
office/seq-08/color/frame-000140.color.png office/seq-08/color/frame-000143.color.png 0.999741 0.0030135 -0.0225404 0.0234762 -0.00317538 0.999969 -0.00714939 0.0133229 0.0225182 0.00721916 0.99972 -0.00400174 0.0 0.0 0.0 1.0
office/seq-08/color/frame-000141.color.png office/seq-08/color/frame-000144.color.png 0.999299 0.012905 -0.0351459 0.0406203 -0.0133649 0.999828 -0.0128807 0.0404002 0.0349735 0.0133414 0.999299 -0.00736177 0.0 0.0 0.0 1.0
office/seq-08/color/frame-000142.color.png office/seq-08/color/frame-000145.color.png 0.999276 0.0105434 -0.0365618 0.0286173 -0.0102694 0.999918 0.00767131 -0.0142233 0.0366396 -0.00729029 0.999302 -0.00102687 0.0 0.0 0.0 1.0
office/seq-08/color/frame-000143.color.png office/seq-08/color/frame-000146.color.png 0.998977 0.0152253 -0.0425845 0.0103096 -0.0148497 0.999848 0.00912178 -0.0182717 0.0427168 -0.00848007 0.999051 -0.0197082 0.0 0.0 0.0 1.0
office/seq-08/color/frame-000144.color.png office/seq-08/color/frame-000147.color.png 0.998732 0.0267457 -0.0426407 0.0297573 -0.0261492 0.999553 0.0144864 -0.00640821 0.0430093 -0.0133531 0.998985 -0.00334513 0.0 0.0 0.0 1.0
office/seq-08/color/frame-000145.color.png office/seq-08/color/frame-000148.color.png 0.998778 0.0284359 -0.0404149 0.0285791 -0.0277298 0.999455 0.0179271 -0.00625409 0.0409028 -0.0167845 0.999022 -0.00322425 0.0 0.0 0.0 1.0
office/seq-08/color/frame-000146.color.png office/seq-08/color/frame-000149.color.png 0.999179 0.0239356 -0.0326816 0.0181949 -0.0233404 0.999557 0.0184735 -0.0106329 0.0331092 -0.0176956 0.999295 0.00570011 0.0 0.0 0.0 1.0
office/seq-08/color/frame-000147.color.png office/seq-08/color/frame-000150.color.png 0.999783 0.0161956 -0.013091 -0.0207525 -0.0157233 0.999249 0.0354079 -0.0474768 0.0136546 -0.0351943 0.999287 0.0462385 0.0 0.0 0.0 1.0
office/seq-08/color/frame-000148.color.png office/seq-08/color/frame-000151.color.png 0.999815 0.0153599 -0.0115689 -0.0260768 -0.0150263 0.999484 0.0283897 -0.0315157 0.0119991 -0.0282106 0.99953 0.0440662 0.0 0.0 0.0 1.0
office/seq-08/color/frame-000149.color.png office/seq-08/color/frame-000152.color.png 0.999933 0.0104342 -0.0049305 -0.0373532 -0.0102044 0.998956 0.0445322 -0.0696059 0.00539005 -0.0444789 0.998996 0.0593805 0.0 0.0 0.0 1.0
office/seq-08/color/frame-000150.color.png office/seq-08/color/frame-000153.color.png 0.999553 0.0133822 -0.0267337 0.0208622 -0.0128287 0.999702 0.0207715 -0.0191089 0.0270035 -0.0204193 0.999427 0.0124756 0.0 0.0 0.0 1.0
office/seq-08/color/frame-000151.color.png office/seq-08/color/frame-000154.color.png 0.999702 0.0111741 -0.02168 0.0079295 -0.0108107 0.9998 0.0168054 -0.0189636 0.0218635 -0.0165661 0.999624 0.0174279 0.0 0.0 0.0 1.0
office/seq-08/color/frame-000152.color.png office/seq-08/color/frame-000155.color.png 0.999835 0.00815844 -0.0162097 0.000343978 -0.007929 0.999868 0.0141698 -0.0182671 0.0163232 -0.0140389 0.999768 0.0205026 0.0 0.0 0.0 1.0
office/seq-08/color/frame-000153.color.png office/seq-08/color/frame-000156.color.png 0.999986 0.000764601 -0.00525429 -0.0177933 -0.000695011 0.999912 0.0132386 -0.0271764 0.00526415 -0.0132347 0.999898 0.0377462 0.0 0.0 0.0 1.0
office/seq-08/color/frame-000154.color.png office/seq-08/color/frame-000157.color.png 0.999668 0.00315716 -0.025556 0.0144238 -0.00316106 0.999995 -0.000112848 -0.00884146 0.0255555 0.000193574 0.999673 0.0267758 0.0 0.0 0.0 1.0
office/seq-08/color/frame-000155.color.png office/seq-08/color/frame-000158.color.png 0.99946 0.00741229 -0.0320169 0.0190844 -0.00758538 0.999957 -0.00528912 0.000816755 0.0319763 0.0055291 0.999473 0.0255827 0.0 0.0 0.0 1.0
office/seq-08/color/frame-000156.color.png office/seq-08/color/frame-000159.color.png 0.998969 0.0145245 -0.0430182 0.0434603 -0.0148223 0.999868 -0.00660997 0.00807782 0.0429165 0.00724077 0.999053 0.0156897 0.0 0.0 0.0 1.0
office/seq-08/color/frame-000157.color.png office/seq-08/color/frame-000160.color.png 0.99931 0.0188515 -0.0320081 0.0263494 -0.0187569 0.999819 0.00325574 -0.0058511 0.0320637 -0.00265312 0.999482 0.0142424 0.0 0.0 0.0 1.0
office/seq-08/color/frame-000158.color.png office/seq-08/color/frame-000161.color.png 0.999332 0.0153434 -0.0331563 0.0281195 -0.0154742 0.999873 -0.00369279 -0.00180382 0.0330953 0.0042034 0.999443 0.0166227 0.0 0.0 0.0 1.0
office/seq-08/color/frame-000159.color.png office/seq-08/color/frame-000162.color.png 0.999313 0.0160335 -0.0334195 0.0328264 -0.0162606 0.999846 -0.00653455 0.0027005 0.0333096 0.00707347 0.99942 0.0156586 0.0 0.0 0.0 1.0
office/seq-08/color/frame-000160.color.png office/seq-08/color/frame-000163.color.png 0.999446 0.0173523 -0.0283816 0.0160133 -0.0172751 0.999846 0.00296003 -0.0149001 0.0284285 -0.0024681 0.999593 0.0278922 0.0 0.0 0.0 1.0
office/seq-08/color/frame-000161.color.png office/seq-08/color/frame-000164.color.png 0.99938 0.0233296 -0.0263624 0.0211455 -0.0234033 0.999723 -0.00249151 0.0137559 0.026297 0.00310694 0.999649 0.0327882 0.0 0.0 0.0 1.0
office/seq-08/color/frame-000162.color.png office/seq-08/color/frame-000165.color.png 0.99885 0.0199095 -0.0436197 0.0415474 -0.0198182 0.9998 0.00252356 -0.0129362 0.0436612 -0.0016562 0.999045 0.0143453 0.0 0.0 0.0 1.0
office/seq-08/color/frame-000163.color.png office/seq-08/color/frame-000166.color.png 0.998796 0.0192601 -0.0451252 0.0480975 -0.0192627 0.999815 0.000379367 -0.00519153 0.0451243 0.000490341 0.998981 0.0162698 0.0 0.0 0.0 1.0
office/seq-08/color/frame-000164.color.png office/seq-08/color/frame-000167.color.png 0.998749 0.02116 -0.0453159 0.0499554 -0.0212431 0.999774 -0.00135237 0.000900775 0.0452771 0.00231332 0.998972 0.0171311 0.0 0.0 0.0 1.0
office/seq-08/color/frame-000165.color.png office/seq-08/color/frame-000168.color.png 0.999189 0.0192691 -0.0353471 0.0304579 -0.018495 0.999585 0.0220998 -0.0479034 0.0357582 -0.0214281 0.999131 0.0169597 0.0 0.0 0.0 1.0
office/seq-08/color/frame-000166.color.png office/seq-08/color/frame-000169.color.png 0.999003 0.0211871 -0.0392922 0.0479038 -0.0210057 0.999767 0.00502254 -0.0107053 0.0393894 -0.00419218 0.999215 0.0101624 0.0 0.0 0.0 1.0
office/seq-08/color/frame-000167.color.png office/seq-08/color/frame-000170.color.png 0.999103 0.0198805 -0.0373822 0.042819 -0.019748 0.999797 0.00391021 -0.00983562 0.0374524 -0.00316848 0.999293 0.00873923 0.0 0.0 0.0 1.0
office/seq-08/color/frame-000168.color.png office/seq-08/color/frame-000171.color.png 0.998982 0.0188638 -0.0409688 0.0541253 -0.0186058 0.999805 0.00666959 -0.0107714 0.0410866 -0.00590055 0.999138 0.0193756 0.0 0.0 0.0 1.0
office/seq-08/color/frame-000169.color.png office/seq-08/color/frame-000172.color.png 0.999473 0.012384 -0.0300093 0.026076 -0.0121179 0.999886 0.00903558 -0.0216353 0.0301177 -0.00866716 0.999509 0.0247825 0.0 0.0 0.0 1.0
office/seq-08/color/frame-000170.color.png office/seq-08/color/frame-000173.color.png 0.999058 0.0102344 -0.0421645 0.0567791 -0.00989108 0.999916 0.00834237 -0.0167234 0.0422463 -0.00791747 0.999076 0.0123674 0.0 0.0 0.0 1.0
office/seq-08/color/frame-000171.color.png office/seq-08/color/frame-000174.color.png 0.999482 0.0020702 -0.0321081 0.0421388 -0.00190683 0.999985 0.00511786 -0.0100884 0.0321183 -0.00505398 0.999471 0.00784171 0.0 0.0 0.0 1.0
office/seq-08/color/frame-000172.color.png office/seq-08/color/frame-000175.color.png 0.999437 0.000873113 -0.0335236 0.0460419 -0.000662542 0.99998 0.00629122 -0.0130547 0.0335284 -0.00626548 0.999418 0.0076443 0.0 0.0 0.0 1.0
office/seq-08/color/frame-000173.color.png office/seq-08/color/frame-000176.color.png 0.999765 -0.00356397 -0.0213923 0.0220982 0.00386069 0.999897 0.0138456 -0.0250728 0.0213407 -0.0139249 0.999675 0.0419898 0.0 0.0 0.0 1.0
office/seq-08/color/frame-000174.color.png office/seq-08/color/frame-000177.color.png 0.999446 0.000553464 -0.0332899 0.0451006 -0.000451407 0.999995 0.00307309 -0.00614919 0.0332913 -0.00305636 0.999441 0.0128052 0.0 0.0 0.0 1.0
office/seq-08/color/frame-000175.color.png office/seq-08/color/frame-000178.color.png 0.999679 0.00558646 -0.0247343 0.0161935 -0.00535773 0.999942 0.00930442 -0.00382392 0.0247849 -0.00916891 0.999651 0.0339683 0.0 0.0 0.0 1.0
office/seq-08/color/frame-000176.color.png office/seq-08/color/frame-000179.color.png 0.998568 0.00784591 -0.0529269 0.0806393 -0.00765137 0.999963 0.00387694 -0.00507125 0.0529554 -0.00346642 0.998591 0.00920236 0.0 0.0 0.0 1.0
