office/seq-08/color/frame-000000.color.png office/seq-08/color/frame-000001.color.png 0.999999 0.00115691 -0.00124379 0.00100714 -0.00115578 0.999999 0.00090792 -0.00422676 0.00124484 -0.000906481 0.999999 0.00176161 0.0 0.0 0.0 1.0
office/seq-08/color/frame-000001.color.png office/seq-08/color/frame-000002.color.png 0.999999 7.39484e-05 -0.00110538 -2.45936e-05 -7.33599e-05 1.0 0.00053249 0.00397883 0.00110542 -0.000532408 0.999999 0.000760362 0.0 0.0 0.0 1.0
office/seq-08/color/frame-000002.color.png office/seq-08/color/frame-000003.color.png 0.999999 2.389e-05 -0.00107596 0.000680928 -2.05316e-05 0.999995 0.00312124 -0.00239273 0.00107603 -0.00312122 0.999995 -1.04625e-05 0.0 0.0 0.0 1.0
office/seq-08/color/frame-000003.color.png office/seq-08/color/frame-000004.color.png 0.999996 -0.0024212 -0.00137437 -0.00101147 0.00242893 0.999981 0.00565199 -0.00089232 0.00136066 -0.00565531 0.999983 0.00437746 0.0 0.0 0.0 1.0
office/seq-08/color/frame-000004.color.png office/seq-08/color/frame-000005.color.png 1.0 -0.000331415 -0.000690117 -0.00109715 0.000333644 0.999995 0.00323206 -0.00298973 0.000689043 -0.00323229 0.999995 0.000638446 0.0 0.0 0.0 1.0
office/seq-08/color/frame-000005.color.png office/seq-08/color/frame-000006.color.png 0.999992 -0.00172705 -0.00353789 0.000934498 0.0017434 0.999988 0.00462355 -0.000365411 0.00352987 -0.00462968 0.999983 0.00297507 0.0 0.0 0.0 1.0
office/seq-08/color/frame-000006.color.png office/seq-08/color/frame-000007.color.png 0.999999 -0.000184014 -0.00142542 -0.00183679 0.000187584 0.999997 0.00250378 0.000226344 0.00142496 -0.00250405 0.999996 0.00319528 0.0 0.0 0.0 1.0
office/seq-08/color/frame-000007.color.png office/seq-08/color/frame-000008.color.png 0.999983 -0.00272778 -0.0051988 0.00016082 0.00274394 0.999991 0.00310389 -0.00163818 0.00519029 -0.0031181 0.999982 0.00789232 0.0 0.0 0.0 1.0
office/seq-08/color/frame-000008.color.png office/seq-08/color/frame-000009.color.png 0.999991 -0.00177872 -0.00393174 -9.8007e-05 0.00179041 0.999994 0.00297258 0.0022162 0.00392643 -0.00297959 0.999988 0.00164074 0.0 0.0 0.0 1.0
office/seq-08/color/frame-000009.color.png office/seq-08/color/frame-000010.color.png 0.999923 0.00676055 -0.0104346 0.000492395 -0.00663511 0.999906 0.0120097 -0.00893124 0.0105148 -0.0119396 0.999874 0.0127476 0.0 0.0 0.0 1.0
office/seq-08/color/frame-000010.color.png office/seq-08/color/frame-000011.color.png 0.999987 0.00354399 -0.00363643 -0.00219414 -0.0035406 0.999993 0.000937017 -0.00302451 0.00363973 -0.000924124 0.999993 0.00821571 0.0 0.0 0.0 1.0
office/seq-08/color/frame-000011.color.png office/seq-08/color/frame-000012.color.png 0.999991 0.00172051 -0.00380628 -0.00147528 -0.00171961 0.999998 0.000239386 -0.00517662 0.00380669 -0.00023284 0.999993 0.0064549 0.0 0.0 0.0 1.0
office/seq-08/color/frame-000012.color.png office/seq-08/color/frame-000013.color.png 0.999967 -0.000393581 -0.00810853 0.00427349 0.00038809 1.0 -0.000678877 0.0029147 0.0081088 0.000675714 0.999967 0.0107349 0.0 0.0 0.0 1.0
office/seq-08/color/frame-000013.color.png office/seq-08/color/frame-000014.color.png 0.999995 -0.000888266 -0.0029549 -0.00145959 0.000896843 0.999995 0.00290203 -0.00197873 0.00295232 -0.00290468 0.999991 0.00722381 0.0 0.0 0.0 1.0
office/seq-08/color/frame-000014.color.png office/seq-08/color/frame-000015.color.png 0.999979 0.000776087 -0.00641412 0.00410509 -0.000759597 0.999996 0.00257327 -0.00174332 0.00641609 -0.00256833 0.999976 0.00911711 0.0 0.0 0.0 1.0
office/seq-08/color/frame-000015.color.png office/seq-08/color/frame-000016.color.png 0.99994 0.005504 -0.00945001 0.00418389 -0.00542554 0.999951 0.00830741 -0.00186351 0.00949526 -0.00825564 0.999921 0.013673 0.0 0.0 0.0 1.0
office/seq-08/color/frame-000016.color.png office/seq-08/color/frame-000017.color.png 0.999981 -0.000748003 -0.0061771 0.00349146 0.00077887 0.999987 0.00499627 -0.00557362 0.00617329 -0.00500099 0.999968 0.0101654 0.0 0.0 0.0 1.0
office/seq-08/color/frame-000017.color.png office/seq-08/color/frame-000018.color.png 0.999983 -0.00189319 -0.00545562 0.00675557 0.00191246 0.999992 0.00352988 0.000719955 0.0054489 -0.00354026 0.999979 0.00577684 0.0 0.0 0.0 1.0
office/seq-08/color/frame-000018.color.png office/seq-08/color/frame-000019.color.png 0.99997 0.00114893 -0.00764995 0.0026791 -0.00107645 0.999955 0.00947179 -0.0143061 0.00766047 -0.00946327 0.999926 0.0232027 0.0 0.0 0.0 1.0
office/seq-08/color/frame-000019.color.png office/seq-08/color/frame-000020.color.png 0.999983 0.00211306 -0.00536274 0.00856414 -0.00212753 0.999994 -0.00269403 0.00266561 0.00535703 0.0027054 0.999982 0.00942507 0.0 0.0 0.0 1.0
office/seq-08/color/frame-000020.color.png office/seq-08/color/frame-000021.color.png 0.99999 0.00104982 -0.0043071 0.00621389 -0.00104556 0.999999 0.00098988 0.00476156 0.00430815 -0.000985358 0.99999 0.00741439 0.0 0.0 0.0 1.0
office/seq-08/color/frame-000021.color.png office/seq-08/color/frame-000022.color.png 0.999994 0.00142867 -0.00328089 0.000301156 -0.00140755 0.999978 0.00642812 -0.00636719 0.00328999 -0.00642347 0.999974 0.013198 0.0 0.0 0.0 1.0
office/seq-08/color/frame-000022.color.png office/seq-08/color/frame-000023.color.png 0.999957 -0.00259973 -0.00889003 0.0107974 0.00265892 0.999974 0.0066527 -0.0020612 0.00887251 -0.00667604 0.999938 0.0183044 0.0 0.0 0.0 1.0
office/seq-08/color/frame-000023.color.png office/seq-08/color/frame-000024.color.png 0.999978 0.00271895 -0.00601167 0.00779759 -0.0026741 0.999969 0.00745624 0.00440738 0.00603174 -0.00744 0.999954 0.00982396 0.0 0.0 0.0 1.0
office/seq-08/color/frame-000024.color.png office/seq-08/color/frame-000025.color.png 0.999992 0.00214547 -0.00339633 0.00289457 -0.00209337 0.999881 0.0152713 -0.0159851 0.00342872 -0.0152641 0.999878 0.0174863 0.0 0.0 0.0 1.0
office/seq-08/color/frame-000025.color.png office/seq-08/color/frame-000026.color.png 0.999981 0.00417458 -0.004506 0.0042946 -0.00415024 0.999977 0.00539642 -0.0191746 0.0045284 -0.0053776 0.999975 0.0179039 0.0 0.0 0.0 1.0
office/seq-08/color/frame-000026.color.png office/seq-08/color/frame-000027.color.png 0.999961 0.00376824 -0.0079445 0.0115744 -0.00391658 0.999817 -0.0187386 0.00668231 0.00787243 0.018769 0.999793 0.0239152 0.0 0.0 0.0 1.0
office/seq-08/color/frame-000027.color.png office/seq-08/color/frame-000028.color.png 0.999982 -0.00392437 -0.00449122 0.00998428 0.00391536 0.99999 -0.00201247 0.00259506 0.00449908 0.00199485 0.999988 0.0103879 0.0 0.0 0.0 1.0
office/seq-08/color/frame-000028.color.png office/seq-08/color/frame-000029.color.png 0.999972 -0.00687403 -0.00288739 0.00307653 0.00688292 0.999972 0.00307954 -0.00478994 0.00286617 -0.00309933 0.999991 0.0135808 0.0 0.0 0.0 1.0
office/seq-08/color/frame-000029.color.png office/seq-08/color/frame-000030.color.png 0.999962 -0.00575687 -0.00662023 0.0098143 0.00575161 0.999983 -0.000813799 0.00100132 0.00662482 0.000775694 0.999978 0.0150623 0.0 0.0 0.0 1.0
office/seq-08/color/frame-000030.color.png office/seq-08/color/frame-000031.color.png 0.99998 0.00345267 -0.00528621 0.0106813 -0.00345704 0.999994 -0.000817764 0.000318132 0.00528335 0.000836025 0.999986 0.00886396 0.0 0.0 0.0 1.0
office/seq-08/color/frame-000031.color.png office/seq-08/color/frame-000032.color.png 0.999956 0.00580004 -0.00738961 0.0132454 -0.00580566 0.999983 -0.000738856 0.00055708 0.00738518 0.000781733 0.999972 0.0260212 0.0 0.0 0.0 1.0
office/seq-08/color/frame-000032.color.png office/seq-08/color/frame-000033.color.png 0.999982 -0.00420766 -0.00432352 0.00531242 0.00421328 0.99999 0.00128933 0.000448301 0.00431807 -0.00130752 0.99999 0.0116159 0.0 0.0 0.0 1.0
office/seq-08/color/frame-000033.color.png office/seq-08/color/frame-000034.color.png 0.999963 -0.00537879 -0.00671634 0.0108245 0.0053916 0.999984 0.00189106 0.00220586 0.00670606 -0.00192718 0.999976 0.00949937 0.0 0.0 0.0 1.0
office/seq-08/color/frame-000034.color.png office/seq-08/color/frame-000035.color.png 0.999976 -0.00366625 -0.00583785 0.00925557 0.0037006 0.999976 0.00588419 -0.00398147 0.00581617 -0.00590567 0.999966 0.0124233 0.0 0.0 0.0 1.0
office/seq-08/color/frame-000035.color.png office/seq-08/color/frame-000036.color.png 0.999994 -0.000918396 -0.00322413 0.00396849 0.000925742 0.999997 0.00227809 -0.00721545 0.00322199 -0.00228108 0.999992 0.0158524 0.0 0.0 0.0 1.0
office/seq-08/color/frame-000036.color.png office/seq-08/color/frame-000037.color.png 0.999973 -0.00233754 -0.00694956 0.0108643 0.00230193 0.999984 -0.00512818 0.00315153 0.00696148 0.00511206 0.999963 0.011446 0.0 0.0 0.0 1.0
office/seq-08/color/frame-000037.color.png office/seq-08/color/frame-000038.color.png 0.999894 0.00966885 -0.0109109 0.0157598 -0.00975632 0.99992 -0.00799288 0.00497833 0.0108327 0.00809847 0.999908 0.019609 0.0 0.0 0.0 1.0
office/seq-08/color/frame-000038.color.png office/seq-08/color/frame-000039.color.png 0.999968 0.00108548 -0.0079789 0.0097058 -0.00112318 0.999988 -0.00472201 0.00685116 0.00797369 0.00473083 0.999957 0.00721237 0.0 0.0 0.0 1.0
office/seq-08/color/frame-000039.color.png office/seq-08/color/frame-000040.color.png 0.99993 -0.00676591 -0.00973097 0.0107838 0.00675882 0.999977 -0.000761586 0.00551409 0.00973587 0.000695738 0.999952 0.00972363 0.0 0.0 0.0 1.0
office/seq-08/color/frame-000040.color.png office/seq-08/color/frame-000041.color.png 0.999906 -0.00449574 -0.0129273 0.0127773 0.00452236 0.999988 0.00203083 0.00148661 0.012918 -0.00208907 0.999914 0.0083015 0.0 0.0 0.0 1.0
office/seq-08/color/frame-000041.color.png office/seq-08/color/frame-000042.color.png 0.999859 0.00790319 -0.0148254 0.0185058 -0.00787702 0.999967 0.00182288 0.00552994 0.0148393 -0.00170585 0.999888 0.00607708 0.0 0.0 0.0 1.0
office/seq-08/color/frame-000042.color.png office/seq-08/color/frame-000043.color.png 0.999901 0.0117277 -0.00780241 0.00739567 -0.0116754 0.999909 0.00671371 0.00215631 0.00788043 -0.00662195 0.999947 0.00903052 0.0 0.0 0.0 1.0
office/seq-08/color/frame-000043.color.png office/seq-08/color/frame-000044.color.png 0.999961 0.00254561 -0.00847434 0.00485544 -0.00250791 0.999987 0.00445753 0.00885744 0.00848558 -0.00443609 0.999954 0.0100067 0.0 0.0 0.0 1.0
office/seq-08/color/frame-000044.color.png office/seq-08/color/frame-000045.color.png 0.999623 0.0116536 -0.0248659 0.0257077 -0.0114886 0.999911 0.00676858 -0.00611991 0.0249426 -0.00648038 0.999668 0.0179152 0.0 0.0 0.0 1.0
office/seq-08/color/frame-000045.color.png office/seq-08/color/frame-000046.color.png 0.999942 0.00273475 -0.0104251 0.00908874 -0.00286051 0.999923 -0.0120674 0.0191197 0.0103912 0.0120966 0.999873 0.00767687 0.0 0.0 0.0 1.0
office/seq-08/color/frame-000046.color.png office/seq-08/color/frame-000047.color.png 0.999898 0.00405246 -0.0137172 0.0137933 -0.00408936 0.999988 -0.00266366 0.00818317 0.0137063 0.00271947 0.999902 0.00234061 0.0 0.0 0.0 1.0
office/seq-08/color/frame-000047.color.png office/seq-08/color/frame-000048.color.png 0.999876 0.0049635 -0.0149317 0.0166217 -0.00493449 0.999986 0.00197936 0.00684044 0.0149412 -0.00190541 0.999887 0.00599825 0.0 0.0 0.0 1.0
office/seq-08/color/frame-000048.color.png office/seq-08/color/frame-000049.color.png 0.999921 0.0020748 -0.0124141 0.0133912 -0.00206892 0.999998 0.000485739 0.00625418 0.0124151 -0.000460037 0.999923 0.0121159 0.0 0.0 0.0 1.0
office/seq-08/color/frame-000049.color.png office/seq-08/color/frame-000050.color.png 0.999931 -0.00109367 -0.01168 0.00858302 0.00104753 0.999992 -0.00395555 0.00805639 0.0116843 0.00394305 0.999924 0.0048821 0.0 0.0 0.0 1.0
office/seq-08/color/frame-000050.color.png office/seq-08/color/frame-000051.color.png 0.999862 0.00460812 -0.0159867 0.0198623 -0.00463907 0.999987 -0.00189872 0.00731894 0.0159778 0.00197263 0.99987 0.0065816 0.0 0.0 0.0 1.0
office/seq-08/color/frame-000051.color.png office/seq-08/color/frame-000052.color.png 0.999936 0.010622 -0.00393144 0.00338258 -0.0106358 0.999937 -0.00350531 0.00512655 0.00389401 0.00354689 0.999986 0.00822216 0.0 0.0 0.0 1.0
office/seq-08/color/frame-000052.color.png office/seq-08/color/frame-000053.color.png 0.99998 0.00439575 -0.00456148 0.00607459 -0.0044182 0.999978 -0.00492228 0.00472365 0.00453972 0.00494234 0.999978 0.00882608 0.0 0.0 0.0 1.0
office/seq-08/color/frame-000053.color.png office/seq-08/color/frame-000054.color.png 0.99997 -0.0015813 -0.00752368 0.0130319 0.00154262 0.999986 -0.00514744 0.00949481 0.00753176 0.00513568 0.999958 0.00780213 0.0 0.0 0.0 1.0
office/seq-08/color/frame-000054.color.png office/seq-08/color/frame-000055.color.png 0.999965 -0.00126503 -0.00829151 0.016502 0.00123834 0.999994 -0.00322038 0.000461316 0.0082955 0.00320999 0.99996 0.0134264 0.0 0.0 0.0 1.0
office/seq-08/color/frame-000055.color.png office/seq-08/color/frame-000056.color.png 0.999995 0.00237128 -0.00212984 0.00677004 -0.00239851 0.999914 -0.0128763 0.0111839 0.00209913 0.0128813 0.999915 0.00872791 0.0 0.0 0.0 1.0
office/seq-08/color/frame-000056.color.png office/seq-08/color/frame-000057.color.png 0.999995 0.00244056 0.00178448 0.00154954 -0.00242016 0.999933 -0.0113494 0.00876448 -0.00181204 0.0113451 0.999934 0.00827843 0.0 0.0 0.0 1.0
office/seq-08/color/frame-000057.color.png office/seq-08/color/frame-000058.color.png 0.999978 -0.00592458 0.00280051 0.00442261 0.00595987 0.999901 -0.0127578 0.0123773 -0.00272462 0.0127742 0.999915 0.0120931 0.0 0.0 0.0 1.0
office/seq-08/color/frame-000058.color.png office/seq-08/color/frame-000059.color.png 0.999964 -0.00836486 -0.00118128 0.00903893 0.00835748 0.999946 -0.00610949 0.00114412 0.00123223 0.00609941 0.999981 0.00954008 0.0 0.0 0.0 1.0
office/seq-08/color/frame-000059.color.png office/seq-08/color/frame-000060.color.png 0.999946 -0.00872419 -0.00572581 0.0213878 0.00867729 0.999929 -0.00816281 0.00671074 0.00579671 0.00811267 0.99995 0.013716 0.0 0.0 0.0 1.0
office/seq-08/color/frame-000060.color.png office/seq-08/color/frame-000061.color.png 0.999761 0.00849647 0.0201368 -0.00794655 -0.00842079 0.999957 -0.00384017 -0.00253481 -0.0201685 0.00366968 0.99979 0.00467491 0.0 0.0 0.0 1.0
office/seq-08/color/frame-000061.color.png office/seq-08/color/frame-000062.color.png 0.999584 0.015791 0.024122 -0.0149874 -0.0157041 0.99987 -0.00378982 -0.000771263 -0.0241787 0.00340943 0.999702 0.0167879 0.0 0.0 0.0 1.0
office/seq-08/color/frame-000062.color.png office/seq-08/color/frame-000063.color.png 0.999897 -0.0101357 0.0101566 0.0152103 0.0102649 0.999866 -0.0127451 0.0181821 -0.010026 0.012848 0.999867 0.0147511 0.0 0.0 0.0 1.0
office/seq-08/color/frame-000063.color.png office/seq-08/color/frame-000064.color.png 0.999544 -0.0301868 0.00047782 0.0306543 0.0301899 0.999505 -0.00880075 0.0350238 -0.000211881 0.00881117 0.999961 0.0128874 0.0 0.0 0.0 1.0
office/seq-08/color/frame-000064.color.png office/seq-08/color/frame-000065.color.png 0.999947 -0.0098054 0.00305445 0.00571248 0.00976782 0.999879 0.0120814 -0.0127666 -0.00317252 -0.0120509 0.999922 0.00914878 0.0 0.0 0.0 1.0
office/seq-08/color/frame-000065.color.png office/seq-08/color/frame-000066.color.png 0.999992 0.00349709 0.00168371 0.00672966 -0.00350507 0.999983 0.00476175 -0.00534885 -0.0016671 -0.00476761 0.999987 0.0128035 0.0 0.0 0.0 1.0
office/seq-08/color/frame-000066.color.png office/seq-08/color/frame-000067.color.png 0.999941 0.00853531 0.00665976 0.0046688 -0.0085563 0.999959 0.00312944 -0.00141768 -0.00663274 -0.00318624 0.999973 0.0150921 0.0 0.0 0.0 1.0
office/seq-08/color/frame-000067.color.png office/seq-08/color/frame-000068.color.png 0.999984 -0.00507416 0.00245468 0.0253199 0.00507686 0.999987 -0.00108944 0.0102849 -0.00244912 0.00110189 0.999996 0.00362623 0.0 0.0 0.0 1.0
office/seq-08/color/frame-000068.color.png office/seq-08/color/frame-000069.color.png 0.999836 -0.00104373 0.0180598 -0.0146232 0.00105243 0.999999 -0.00047257 0.00109363 -0.0180592 0.0004915 0.999837 0.0156733 0.0 0.0 0.0 1.0
office/seq-08/color/frame-000069.color.png office/seq-08/color/frame-000070.color.png 0.999711 -0.00986696 0.0219301 -0.00718495 0.00980104 0.999947 0.0031118 -0.0029907 -0.0219597 -0.00289596 0.999755 0.00904876 0.0 0.0 0.0 1.0
office/seq-08/color/frame-000070.color.png office/seq-08/color/frame-000071.color.png 0.99977 -0.0106414 0.0186486 0.0030421 0.0105815 0.999939 0.00330371 3.12924e-05 -0.0186826 -0.00310561 0.999821 0.0267029 0.0 0.0 0.0 1.0
office/seq-08/color/frame-000071.color.png office/seq-08/color/frame-000072.color.png 0.99991 -0.00720025 0.0113332 0.010551 0.00723561 0.999969 -0.00308237 0.0178175 -0.0113107 0.0031641 0.999931 0.0207767 0.0 0.0 0.0 1.0
office/seq-08/color/frame-000072.color.png office/seq-08/color/frame-000073.color.png 0.999803 0.00596302 0.0189317 -0.00804022 -0.00604681 0.999972 0.00437161 -0.00236163 -0.0189052 -0.00448522 0.999811 0.021355 0.0 0.0 0.0 1.0
office/seq-08/color/frame-000073.color.png office/seq-08/color/frame-000074.color.png 0.999421 -0.000322353 0.0340275 -0.0146605 0.000236531 0.999997 0.0025261 0.000897393 -0.0340282 -0.0025166 0.999418 0.0406771 0.0 0.0 0.0 1.0
office/seq-08/color/frame-000074.color.png office/seq-08/color/frame-000075.color.png 0.999929 -0.000847607 0.0118684 0.0043588 0.000877844 0.999996 -0.00254255 0.00722069 -0.0118662 0.00255279 0.999926 0.0188335 0.0 0.0 0.0 1.0
office/seq-08/color/frame-000075.color.png office/seq-08/color/frame-000076.color.png 0.999942 -0.00600295 0.00898043 0.0189799 0.00600138 0.999982 0.000202141 0.00091134 -0.00898147 -0.000148229 0.99996 0.0229008 0.0 0.0 0.0 1.0
office/seq-08/color/frame-000076.color.png office/seq-08/color/frame-000077.color.png 0.999676 -0.00351917 0.0252279 -0.016599 0.00355407 0.999993 -0.00133877 0.00523972 -0.025223 0.00142799 0.999681 0.0290906 0.0 0.0 0.0 1.0
office/seq-08/color/frame-000077.color.png office/seq-08/color/frame-000078.color.png 0.999685 -0.00220859 0.0250107 -0.0216078 0.00218754 0.999997 0.000868889 -0.00693689 -0.0250125 -0.000813902 0.999687 0.025466 0.0 0.0 0.0 1.0
office/seq-08/color/frame-000078.color.png office/seq-08/color/frame-000079.color.png 0.999828 -0.00738971 0.0170393 -0.0139458 0.00743857 0.999968 -0.00280551 -0.00348578 -0.017018 0.00293178 0.999851 0.0160573 0.0 0.0 0.0 1.0
office/seq-08/color/frame-000079.color.png office/seq-08/color/frame-000080.color.png 0.999643 -0.00307218 0.026538 -0.018351 0.00326878 0.999968 -0.0073682 0.0133341 -0.0265145 0.00745231 0.999621 0.0454049 0.0 0.0 0.0 1.0
office/seq-08/color/frame-000080.color.png office/seq-08/color/frame-000081.color.png 0.999963 -0.000295272 0.00856519 0.00160056 0.000335983 0.999989 -0.00475203 0.0108784 -0.00856368 0.00475473 0.999952 0.0166882 0.0 0.0 0.0 1.0
office/seq-08/color/frame-000081.color.png office/seq-08/color/frame-000082.color.png 0.99997 0.00178203 0.00748123 0.0153517 -0.0017913 0.999998 0.00123204 -0.00206254 -0.00747902 -0.00124541 0.999971 0.0240933 0.0 0.0 0.0 1.0
office/seq-08/color/frame-000082.color.png office/seq-08/color/frame-000083.color.png 0.999781 -0.00213739 0.020819 -0.0148798 0.00220529 0.999992 -0.00323925 0.0106521 -0.020812 0.00328445 0.999778 0.0250536 0.0 0.0 0.0 1.0
office/seq-08/color/frame-000083.color.png office/seq-08/color/frame-000084.color.png 0.999118 -0.0176475 0.0380945 -0.0221072 0.0175417 0.999841 0.00310758 -0.0107699 -0.0381433 -0.0024366 0.999269 0.0489256 0.0 0.0 0.0 1.0
office/seq-08/color/frame-000084.color.png office/seq-08/color/frame-000085.color.png 0.999867 -0.00185994 0.0162226 -0.0119885 0.00181809 0.999995 0.00259379 -0.00233427 -0.0162273 -0.00256395 0.999865 0.0205312 0.0 0.0 0.0 1.0
office/seq-08/color/frame-000085.color.png office/seq-08/color/frame-000086.color.png 0.999901 -0.00329888 0.0137158 -0.00703961 0.00327654 0.999993 0.00165078 -0.00118686 -0.0137212 -0.00160567 0.999905 0.0203638 0.0 0.0 0.0 1.0
office/seq-08/color/frame-000086.color.png office/seq-08/color/frame-000087.color.png 0.999957 -0.00229174 0.00899277 0.00861007 0.0022489 0.999986 0.00477118 -0.00487293 -0.00900358 -0.00475075 0.999948 0.0124704 0.0 0.0 0.0 1.0
office/seq-08/color/frame-000087.color.png office/seq-08/color/frame-000088.color.png 0.999787 -0.00241795 0.0205047 -0.0161632 0.00229839 0.99998 0.00585276 -0.0071287 -0.0205184 -0.00580438 0.999773 0.0316491 0.0 0.0 0.0 1.0
office/seq-08/color/frame-000088.color.png office/seq-08/color/frame-000089.color.png 0.999635 -0.0098252 0.0251466 -0.0280743 0.00974257 0.999947 0.00340594 -0.00700322 -0.0251787 -0.00315971 0.999678 0.0258482 0.0 0.0 0.0 1.0
office/seq-08/color/frame-000089.color.png office/seq-08/color/frame-000090.color.png 0.998973 -0.028396 0.0353199 -0.0107465 0.0280921 0.999564 0.00907146 -0.0322836 -0.0355622 -0.00806993 0.999335 0.048376 0.0 0.0 0.0 1.0
office/seq-08/color/frame-000090.color.png office/seq-08/color/frame-000091.color.png 0.999716 -0.00986933 0.0217046 -0.0184323 0.00987659 0.999951 -0.000227683 -0.00378698 -0.0217013 0.000441992 0.999764 0.0223055 0.0 0.0 0.0 1.0
office/seq-08/color/frame-000091.color.png office/seq-08/color/frame-000092.color.png 0.999802 -0.00735801 0.0185123 -0.0127704 0.00725577 0.999958 0.00558426 -0.0133459 -0.0185526 -0.00544884 0.999813 0.0237485 0.0 0.0 0.0 1.0
office/seq-08/color/frame-000092.color.png office/seq-08/color/frame-000093.color.png 0.999809 -0.00602722 0.0185917 -0.0152149 0.00596752 0.999977 0.00326619 -0.0119551 -0.0186109 -0.00315462 0.999822 0.024153 0.0 0.0 0.0 1.0
office/seq-08/color/frame-000093.color.png office/seq-08/color/frame-000094.color.png 0.999402 -0.00674767 0.0339011 -0.0263366 0.00669642 0.999976 0.00162462 -0.00968961 -0.0339112 -0.00139663 0.999424 0.0387167 0.0 0.0 0.0 1.0
office/seq-08/color/frame-000094.color.png office/seq-08/color/frame-000095.color.png 0.99978 0.000808135 0.0209701 -0.0122025 -0.000696667 0.999986 -0.00532284 0.00643562 -0.0209741 0.00530705 0.999766 0.0277557 0.0 0.0 0.0 1.0
office/seq-08/color/frame-000095.color.png office/seq-08/color/frame-000096.color.png 0.999784 -0.00694481 0.0195998 -0.00719088 0.00704481 0.999962 -0.00503698 -0.000743665 -0.0195641 0.00517397 0.999795 0.0169892 0.0 0.0 0.0 1.0
office/seq-08/color/frame-000096.color.png office/seq-08/color/frame-000097.color.png 0.999651 -0.00727165 0.0254014 -0.0248706 0.00734242 0.999969 -0.00269459 -0.00289021 -0.025381 0.00288016 0.999674 0.0212996 0.0 0.0 0.0 1.0
office/seq-08/color/frame-000097.color.png office/seq-08/color/frame-000098.color.png 0.999744 -0.00794224 0.0211691 -0.0159257 0.00799751 0.999965 -0.0025263 -0.00222465 -0.0211483 0.00269496 0.999773 0.0209999 0.0 0.0 0.0 1.0
office/seq-08/color/frame-000098.color.png office/seq-08/color/frame-000099.color.png 0.998966 -0.0083718 0.0446798 -0.0364935 0.00848561 0.999961 -0.00235821 -0.00748228 -0.0446583 0.00273491 0.998999 0.0338488 0.0 0.0 0.0 1.0
office/seq-08/color/frame-000099.color.png office/seq-08/color/frame-000100.color.png 0.999728 0.000243164 0.0233338 -0.0251859 -0.00030104 0.999997 0.00247722 -0.00109485 -0.0233331 -0.00248357 0.999725 0.0150411 0.0 0.0 0.0 1.0
office/seq-08/color/frame-000100.color.png office/seq-08/color/frame-000101.color.png 0.999721 0.00206723 0.0235163 -0.0203645 -0.00213742 0.999993 0.00295926 0.00235039 -0.02351 -0.00300869 0.999719 0.0190296 0.0 0.0 0.0 1.0
office/seq-08/color/frame-000101.color.png office/seq-08/color/frame-000102.color.png 0.999565 -0.00663026 0.0287243 -0.0257861 0.00655353 0.999975 0.00276583 -0.0104212 -0.028742 -0.00257639 0.999583 0.0200891 0.0 0.0 0.0 1.0
office/seq-08/color/frame-000102.color.png office/seq-08/color/frame-000103.color.png 0.999557 -0.00786291 0.02869 -0.0242125 0.007827 0.999968 0.00136263 -0.0085199 -0.0286997 -0.00113746 0.999587 0.0206116 0.0 0.0 0.0 1.0
office/seq-08/color/frame-000103.color.png office/seq-08/color/frame-000104.color.png 0.998917 -0.0150546 0.0440327 -0.0332469 0.0152143 0.999879 -0.00329216 -0.00316738 -0.0439779 0.00395851 0.999025 0.0392773 0.0 0.0 0.0 1.0
office/seq-08/color/frame-000104.color.png office/seq-08/color/frame-000105.color.png 0.999905 0.000573925 0.0137939 -0.00459307 -0.000619025 0.999995 0.00326573 -0.00271866 -0.0137919 -0.00327395 0.999899 0.0038116 0.0 0.0 0.0 1.0
office/seq-08/color/frame-000105.color.png office/seq-08/color/frame-000106.color.png 0.999626 -0.000747206 0.0273182 -0.0262094 0.000737517 1.0 0.000364543 -0.00192999 -0.0273184 -0.000344272 0.999627 0.02277 0.0 0.0 0.0 1.0
office/seq-08/color/frame-000106.color.png office/seq-08/color/frame-000107.color.png 0.999595 -0.00169313 0.0284082 -0.0324363 0.00173818 0.999997 -0.00156002 -0.000408649 -0.0284054 0.00160876 0.999595 0.0177369 0.0 0.0 0.0 1.0
office/seq-08/color/frame-000107.color.png office/seq-08/color/frame-000108.color.png 0.99969 -0.0108751 0.0224082 -0.015984 0.011106 0.999886 -0.0102034 0.00891539 -0.0222947 0.0104491 0.999697 0.0103666 0.0 0.0 0.0 1.0
office/seq-08/color/frame-000108.color.png office/seq-08/color/frame-000109.color.png 0.999591 -0.00896524 0.0271714 -0.0293424 0.00901818 0.999958 -0.00182775 -0.00512022 -0.027154 0.00207204 0.999629 0.0175899 0.0 0.0 0.0 1.0
office/seq-08/color/frame-000109.color.png office/seq-08/color/frame-000110.color.png 0.999595 -0.00670198 0.0276447 -0.0303375 0.00675496 0.999975 -0.00182278 -0.00184704 -0.0276318 0.00200878 0.999616 0.020754 0.0 0.0 0.0 1.0
office/seq-08/color/frame-000110.color.png office/seq-08/color/frame-000111.color.png 0.99898 -0.00947474 0.0441565 -0.0481912 0.00949535 0.999955 -0.000257744 -0.00857731 -0.044152 0.000676794 0.999025 0.0275534 0.0 0.0 0.0 1.0
office/seq-08/color/frame-000111.color.png office/seq-08/color/frame-000112.color.png 0.999955 -0.0057441 0.00750196 0.00716287 0.0057567 0.999982 -0.00166129 -0.00259153 -0.00749226 0.0017044 0.99997 0.00186086 0.0 0.0 0.0 1.0
office/seq-08/color/frame-000112.color.png office/seq-08/color/frame-000113.color.png 0.999697 -0.000427535 0.0246293 -0.0352892 0.000468095 0.999998 -0.00164045 0.000707649 -0.0246285 0.00165147 0.999695 0.0188777 0.0 0.0 0.0 1.0
office/seq-08/color/frame-000113.color.png office/seq-08/color/frame-000114.color.png 0.999948 -0.00391214 0.00943653 -0.00634581 0.00397434 0.999971 -0.006584 0.00488861 -0.00941061 0.00662115 0.999934 -0.00618625 0.0 0.0 0.0 1.0
office/seq-08/color/frame-000114.color.png office/seq-08/color/frame-000115.color.png 0.999877 -0.00410026 0.0151132 -0.017335 0.00416496 0.999982 -0.00424922 0.00211328 -0.0150954 0.00431165 0.999877 0.0047133 0.0 0.0 0.0 1.0
office/seq-08/color/frame-000115.color.png office/seq-08/color/frame-000116.color.png 0.99974 -0.00295886 0.0225974 -0.0287287 0.00304683 0.999988 -0.0038598 0.00395101 -0.0225858 0.00392763 0.999737 0.0119828 0.0 0.0 0.0 1.0
office/seq-08/color/frame-000116.color.png office/seq-08/color/frame-000117.color.png 0.999878 -0.0099412 0.0120727 -0.0114907 0.0100322 0.999922 -0.00750174 0.00156522 -0.0119972 0.00762196 0.999899 -0.0075165 0.0 0.0 0.0 1.0
office/seq-08/color/frame-000117.color.png office/seq-08/color/frame-000118.color.png 0.999854 -0.0110189 0.0130416 -0.0163318 0.0110511 0.999936 -0.0024005 -0.00573553 -0.0130143 0.00254427 0.999912 0.00357199 0.0 0.0 0.0 1.0
office/seq-08/color/frame-000118.color.png office/seq-08/color/frame-000119.color.png 0.999968 -0.00313384 0.00741625 -0.00900751 0.00312981 0.999995 0.000556535 -0.000427216 -0.00741783 -0.000533279 0.999972 0.00142753 0.0 0.0 0.0 1.0
office/seq-08/color/frame-000119.color.png office/seq-08/color/frame-000120.color.png 0.99994 -0.00101817 0.0109249 -0.0135829 0.00100985 0.999999 0.00076595 -0.000477999 -0.0109259 -0.000754889 0.99994 0.00381362 0.0 0.0 0.0 1.0
office/seq-08/color/frame-000120.color.png office/seq-08/color/frame-000121.color.png 0.999899 -0.00414989 0.0135933 -0.0174507 0.00421814 0.999979 -0.00499492 -0.00106425 -0.0135722 0.00505176 0.999895 0.00235009 0.0 0.0 0.0 1.0
office/seq-08/color/frame-000121.color.png office/seq-08/color/frame-000122.color.png 0.999809 -0.00663275 0.0183768 -0.0268942 0.00678055 0.999945 -0.00799053 -0.002027 -0.0183228 0.00811364 0.999799 0.0140092 0.0 0.0 0.0 1.0
office/seq-08/color/frame-000122.color.png office/seq-08/color/frame-000123.color.png 0.999933 0.00208249 0.0113618 -0.0188276 -0.0019692 0.999948 -0.00997237 0.0171846 -0.0113821 0.00994931 0.999886 -0.000553727 0.0 0.0 0.0 1.0
office/seq-08/color/frame-000123.color.png office/seq-08/color/frame-000124.color.png 0.999931 0.0013267 0.0117165 -0.0148296 -0.00134371 0.999998 0.00144575 -0.00377326 -0.0117145 -0.00146142 0.99993 0.00590408 0.0 0.0 0.0 1.0
office/seq-08/color/frame-000124.color.png office/seq-08/color/frame-000125.color.png 0.999934 0.00028093 0.0114415 -0.0176137 -0.000243912 0.999995 -0.00324019 0.00158916 -0.0114424 0.00323718 0.999929 0.00488472 0.0 0.0 0.0 1.0
office/seq-08/color/frame-000125.color.png office/seq-08/color/frame-000126.color.png 0.999996 0.00135768 0.00248229 -0.00724214 -0.00134782 0.999991 -0.0039778 0.00855602 -0.00248759 0.00397451 0.999989 -0.0146495 0.0 0.0 0.0 1.0
office/seq-08/color/frame-000126.color.png office/seq-08/color/frame-000127.color.png 0.99991 -0.00290468 0.0130768 -0.0255877 0.0028716 0.999993 0.00254947 -0.0102113 -0.0130841 -0.00251171 0.999911 0.012821 0.0 0.0 0.0 1.0
office/seq-08/color/frame-000127.color.png office/seq-08/color/frame-000128.color.png 0.999984 0.00388096 0.00415297 -0.00629985 -0.00388779 0.999991 0.00163818 0.00422036 -0.00414653 -0.0016543 0.99999 0.00276542 0.0 0.0 0.0 1.0
office/seq-08/color/frame-000128.color.png office/seq-08/color/frame-000129.color.png 0.999963 0.00529029 0.00682214 -0.0150855 -0.00531911 0.999977 0.00420558 -0.000985816 -0.00679985 -0.00424173 0.999968 0.00402033 0.0 0.0 0.0 1.0
office/seq-08/color/frame-000129.color.png office/seq-08/color/frame-000130.color.png 0.999968 0.00632344 0.00488706 -0.0243306 -0.00636644 0.999941 0.00883855 -0.0104257 -0.00483085 -0.00886937 0.999949 -0.00381744 0.0 0.0 0.0 1.0
office/seq-08/color/frame-000130.color.png office/seq-08/color/frame-000131.color.png 0.999991 0.00358619 0.0020938 -0.0118596 -0.00359299 0.999988 0.00324829 0.00237068 -0.00208215 -0.00325575 0.999993 -0.00562 0.0 0.0 0.0 1.0
office/seq-08/color/frame-000131.color.png office/seq-08/color/frame-000132.color.png 0.999983 -0.00414348 0.00415876 -0.0121441 0.00412402 0.999981 0.00468017 -0.0129297 -0.00417813 -0.00466301 0.99998 0.00683665 0.0 0.0 0.0 1.0
office/seq-08/color/frame-000132.color.png office/seq-08/color/frame-000133.color.png 0.999987 -0.00343338 0.00366993 -0.0118472 0.00343462 0.999994 -0.000319356 -0.00345543 -0.00366876 0.000332018 0.999993 0.00380301 0.0 0.0 0.0 1.0
office/seq-08/color/frame-000133.color.png office/seq-08/color/frame-000134.color.png 0.999981 -0.00612345 0.000599708 -0.0126883 0.00612039 0.999969 0.00493893 -0.0168598 -0.000629996 -0.00493518 0.999988 -0.00550866 0.0 0.0 0.0 1.0
office/seq-08/color/frame-000134.color.png office/seq-08/color/frame-000135.color.png 0.999995 -0.0024369 0.00215474 -0.0153031 0.00241273 0.999935 0.0111541 -0.0250779 -0.00218172 -0.0111489 0.999935 0.00591063 0.0 0.0 0.0 1.0
office/seq-08/color/frame-000135.color.png office/seq-08/color/frame-000136.color.png 0.999996 -0.00293518 0.000607152 -0.00918245 0.0029365 0.999993 -0.00220688 -0.00453185 -0.000600829 0.00220867 0.999997 0.00305963 0.0 0.0 0.0 1.0
office/seq-08/color/frame-000136.color.png office/seq-08/color/frame-000137.color.png 0.999996 -0.00264092 -0.00106266 -0.00732452 0.00263507 0.999982 -0.00546898 0.000494458 0.00107719 0.00546615 0.999984 0.000207543 0.0 0.0 0.0 1.0
office/seq-08/color/frame-000137.color.png office/seq-08/color/frame-000138.color.png 0.999972 0.0010947 -0.00743357 0.01307 -0.00112732 0.99999 -0.00439043 0.00760307 0.00742873 0.00439869 0.999963 -0.0108486 0.0 0.0 0.0 1.0
office/seq-08/color/frame-000138.color.png office/seq-08/color/frame-000139.color.png 0.999965 0.00228665 0.00805754 -0.0160886 -0.00229956 0.999996 0.00158786 -0.00447454 -0.00805383 -0.00160637 0.999966 0.00990033 0.0 0.0 0.0 1.0
office/seq-08/color/frame-000139.color.png office/seq-08/color/frame-000140.color.png 0.999997 -0.00178791 0.00162915 -0.0082615 0.00179713 0.999982 -0.00564612 0.00424732 -0.00161911 0.00564905 0.999983 0.00107396 0.0 0.0 0.0 1.0
office/seq-08/color/frame-000140.color.png office/seq-08/color/frame-000141.color.png 0.999929 -0.000704132 0.0119128 -0.0322769 0.0006429 0.999987 0.00514443 -0.0136445 -0.0119163 -0.00513639 0.999916 0.0305216 0.0 0.0 0.0 1.0
office/seq-08/color/frame-000141.color.png office/seq-08/color/frame-000142.color.png 0.999969 -0.00248728 -0.00742898 0.00745451 0.00245562 0.999988 -0.00427051 0.00164643 0.00743952 0.0042521 0.999963 -0.00353992 0.0 0.0 0.0 1.0
office/seq-08/color/frame-000142.color.png office/seq-08/color/frame-000143.color.png 0.999949 0.000894284 -0.0100882 0.0072692 -0.000874695 0.999998 0.00195033 -0.0057701 0.0100899 -0.00194135 0.999947 -0.00176013 0.0 0.0 0.0 1.0
office/seq-08/color/frame-000143.color.png office/seq-08/color/frame-000144.color.png 0.999886 0.00878225 -0.0122969 0.00493282 -0.00877316 0.999961 0.000794221 0.00922957 0.0123035 -0.000686277 0.999924 -0.00182748 0.0 0.0 0.0 1.0
office/seq-08/color/frame-000144.color.png office/seq-08/color/frame-000145.color.png 0.999786 0.0100055 -0.0181257 0.0200867 -0.0100457 0.999947 -0.00212664 0.0121564 0.0181036 0.00230829 0.999833 -0.00923419 0.0 0.0 0.0 1.0
office/seq-08/color/frame-000145.color.png office/seq-08/color/frame-000146.color.png 0.99985 0.0075174 -0.0156174 0.00562787 -0.00743859 0.999959 0.00509909 -0.00784211 0.0156549 -0.00498219 0.999865 -0.00544059 0.0 0.0 0.0 1.0
office/seq-08/color/frame-000146.color.png office/seq-08/color/frame-000147.color.png 0.999944 0.00820759 -0.00674785 0.00165117 -0.00812169 0.999887 0.0126567 -0.0171419 0.00685088 -0.0126012 0.999897 0.0173577 0.0 0.0 0.0 1.0
office/seq-08/color/frame-000147.color.png office/seq-08/color/frame-000148.color.png 0.999952 0.00972296 -0.0010834 -0.0196323 -0.00970806 0.999868 0.0130423 -0.0158507 0.00121002 -0.0130311 0.999914 0.0182226 0.0 0.0 0.0 1.0
office/seq-08/color/frame-000148.color.png office/seq-08/color/frame-000149.color.png 0.999915 0.00363514 -0.012563 0.0138879 -0.00367078 0.999989 -0.00281809 0.00818392 0.0125527 0.00286399 0.999917 -0.0058161 0.0 0.0 0.0 1.0
office/seq-08/color/frame-000149.color.png office/seq-08/color/frame-000150.color.png 0.999828 0.00631072 -0.0174646 0.0190008 -0.0063316 0.999979 -0.00114087 0.012459 0.0174569 0.0012512 0.999847 -0.0138984 0.0 0.0 0.0 1.0
office/seq-08/color/frame-000150.color.png office/seq-08/color/frame-000151.color.png 0.999915 0.00480982 -0.0120867 0.00849181 -0.00469494 0.999944 0.00951569 -0.010886 0.0121318 -0.00945817 0.999882 0.000445366 0.0 0.0 0.0 1.0
office/seq-08/color/frame-000151.color.png office/seq-08/color/frame-000152.color.png 0.999962 0.00428535 -0.00755246 0.00767523 -0.00421928 0.999953 0.00874211 -0.0113011 0.00758964 -0.00870987 0.999933 0.00862479 0.0 0.0 0.0 1.0
office/seq-08/color/frame-000152.color.png office/seq-08/color/frame-000153.color.png 0.999923 0.0032369 0.0119439 -0.0451564 -0.00344716 0.999839 0.0176251 -0.0305049 -0.011885 -0.017665 0.999773 0.0381535 0.0 0.0 0.0 1.0
office/seq-08/color/frame-000153.color.png office/seq-08/color/frame-000154.color.png 0.999963 0.00189189 -0.00840851 0.00206122 -0.00184575 0.999983 0.00549026 -0.0092845 0.00841882 -0.00547452 0.999949 0.00311542 0.0 0.0 0.0 1.0
office/seq-08/color/frame-000154.color.png office/seq-08/color/frame-000155.color.png 0.999998 0.00214131 -0.000256708 -0.00504452 -0.00214025 0.999989 0.00416048 -0.00565221 0.00026559 -0.00415994 0.999991 0.0145384 0.0 0.0 0.0 1.0
office/seq-08/color/frame-000155.color.png office/seq-08/color/frame-000156.color.png 0.999991 -0.00211519 -0.00372379 -0.00211975 0.00211526 0.999998 9.57289e-06 -0.00473412 0.0037238 -1.7428e-05 0.999993 0.00676668 0.0 0.0 0.0 1.0
office/seq-08/color/frame-000156.color.png office/seq-08/color/frame-000157.color.png 0.999892 0.00379479 -0.0141762 0.00805646 -0.00386346 0.999981 -0.00481845 0.00467388 0.0141575 0.0048727 0.999888 0.0172005 0.0 0.0 0.0 1.0
office/seq-08/color/frame-000157.color.png office/seq-08/color/frame-000158.color.png 0.999932 0.00631635 -0.00975535 0.00658482 -0.00630658 0.99998 0.00102854 -0.00142447 0.00976163 -0.000966938 0.999952 0.00606966 0.0 0.0 0.0 1.0
office/seq-08/color/frame-000158.color.png office/seq-08/color/frame-000159.color.png 0.999925 0.00665135 -0.0102527 0.0105017 -0.00661983 0.999973 0.00310588 -0.00425173 0.0102731 -0.00303777 0.999943 0.00787938 0.0 0.0 0.0 1.0
office/seq-08/color/frame-000159.color.png office/seq-08/color/frame-000160.color.png 0.999976 0.00336682 -0.00605466 0.00189355 -0.00333876 0.999984 0.00463767 -0.0161153 0.00607021 -0.00461734 0.999971 0.0227393 0.0 0.0 0.0 1.0
office/seq-08/color/frame-000160.color.png office/seq-08/color/frame-000161.color.png 0.999939 0.00499499 -0.00989003 0.00823361 -0.00500465 0.999987 -0.000952702 -0.00229781 0.00988529 0.00100217 0.999951 0.00702107 0.0 0.0 0.0 1.0
office/seq-08/color/frame-000161.color.png office/seq-08/color/frame-000162.color.png 0.999905 0.00627509 -0.01231 0.0141218 -0.00630981 0.999976 -0.00278184 0.00345386 0.0122922 0.00285922 0.99992 0.000540018 0.0 0.0 0.0 1.0
office/seq-08/color/frame-000162.color.png office/seq-08/color/frame-000163.color.png 0.999924 0.00644039 -0.0105146 0.00913522 -0.00643952 0.999979 0.000117322 -0.00243189 0.0105151 -4.96006e-05 0.999945 0.00594842 0.0 0.0 0.0 1.0
office/seq-08/color/frame-000163.color.png office/seq-08/color/frame-000164.color.png 0.999937 0.00760499 -0.00825421 0.00390312 -0.0075684 0.999961 0.00445312 -0.00759003 0.00828782 -0.00439039 0.999956 0.0113837 0.0 0.0 0.0 1.0
office/seq-08/color/frame-000164.color.png office/seq-08/color/frame-000165.color.png 0.999589 0.0122282 -0.025941 0.0355331 -0.0123481 0.999914 -0.00446527 0.0115822 0.025884 0.00478376 0.999653 0.00335038 0.0 0.0 0.0 1.0
office/seq-08/color/frame-000165.color.png office/seq-08/color/frame-000166.color.png 0.999923 0.00293125 -0.012033 0.0137778 -0.00294373 0.999995 -0.00101875 -0.000194604 0.0120301 0.0010541 0.999927 0.00158298 0.0 0.0 0.0 1.0
office/seq-08/color/frame-000166.color.png office/seq-08/color/frame-000167.color.png 0.999869 0.00807019 -0.0140534 0.0211516 -0.00805408 0.999967 0.00120255 0.000170559 0.0140626 -0.0010892 0.999901 0.00110126 0.0 0.0 0.0 1.0
office/seq-08/color/frame-000167.color.png office/seq-08/color/frame-000168.color.png 0.999928 0.00696254 -0.0098307 0.00481009 -0.00693936 0.999973 0.00238923 -0.00811581 0.00984717 -0.00232084 0.999949 0.00579453 0.0 0.0 0.0 1.0
office/seq-08/color/frame-000168.color.png office/seq-08/color/frame-000169.color.png 0.999859 0.00572731 -0.0157656 0.0227481 -0.00576483 0.999981 -0.0023353 0.00638199 0.015752 0.00242586 0.999873 0.00202823 0.0 0.0 0.0 1.0
office/seq-08/color/frame-000169.color.png office/seq-08/color/frame-000170.color.png 0.999921 0.00737889 -0.0102261 0.0139777 -0.00735509 0.99997 0.00236107 -0.00244022 0.0102432 -0.00228568 0.999945 0.00576484 0.0 0.0 0.0 1.0
office/seq-08/color/frame-000170.color.png office/seq-08/color/frame-000171.color.png 0.999798 0.0089808 -0.017999 0.0230156 -0.0088989 0.99995 0.0046269 -0.00754269 0.0180398 -0.00446578 0.999827 0.00721359 0.0 0.0 0.0 1.0
office/seq-08/color/frame-000171.color.png office/seq-08/color/frame-000172.color.png 0.999961 -0.000739057 -0.00875274 0.0118977 0.00073544 1.0 -0.00041953 -0.00151042 0.00875296 0.000413064 0.999962 0.00321555 0.0 0.0 0.0 1.0
office/seq-08/color/frame-000172.color.png office/seq-08/color/frame-000173.color.png 0.999944 0.000517515 -0.0105652 0.0132732 -0.000497694 0.999998 0.00187968 -0.00409344 0.0105662 -0.00187431 0.999942 0.00415635 0.0 0.0 0.0 1.0
office/seq-08/color/frame-000173.color.png office/seq-08/color/frame-000174.color.png 0.999949 0.00170264 -0.00998439 0.0133124 -0.00167168 0.999994 0.00310792 -0.00404109 0.00998949 -0.00309108 0.999945 0.00534999 0.0 0.0 0.0 1.0
