office/seq-08/color/frame-000000.color.png office/seq-08/color/frame-000002.color.png 0.999997 0.00116449 -0.00230247 0.000765786 -0.00116113 0.999998 0.00146139 -0.000277249 0.00230417 -0.00145872 0.999996 0.00258403 0.0 0.0 0.0 1.0
office/seq-08/color/frame-000001.color.png office/seq-08/color/frame-000003.color.png 0.999998 4.62744e-05 -0.00199488 -9.25837e-05 -3.89062e-05 0.999993 0.00369345 0.00185517 0.00199503 -0.00369336 0.999991 0.00107731 0.0 0.0 0.0 1.0
office/seq-08/color/frame-000002.color.png office/seq-08/color/frame-000004.color.png 0.999995 -0.00220716 -0.00239912 -0.000510149 0.00222824 0.999959 0.00881971 -0.00353918 0.00237955 -0.00882501 0.999958 0.00392579 0.0 0.0 0.0 1.0
office/seq-08/color/frame-000003.color.png office/seq-08/color/frame-000005.color.png 0.999992 -0.00294444 -0.00271358 -6.64018e-05 0.0029664 0.999963 0.00812409 -0.00251253 0.00268956 -0.00813207 0.999963 0.00482848 0.0 0.0 0.0 1.0
office/seq-08/color/frame-000004.color.png office/seq-08/color/frame-000006.color.png 0.999989 -0.00212226 -0.0041774 -8.55548e-05 0.00215481 0.999967 0.00780277 -0.00313344 0.00416071 -0.00781169 0.999961 0.00418374 0.0 0.0 0.0 1.0
office/seq-08/color/frame-000005.color.png office/seq-08/color/frame-000007.color.png 0.999989 -0.00227312 -0.00414931 -0.00254144 0.00230639 0.999965 0.00803231 -0.00210562 0.0041309 -0.00804179 0.999959 0.00657276 0.0 0.0 0.0 1.0
office/seq-08/color/frame-000006.color.png office/seq-08/color/frame-000008.color.png 0.999973 -0.00291029 -0.00669007 -0.00155268 0.00294719 0.999981 0.00551352 -0.0011876 0.00667389 -0.00553309 0.999963 0.0110735 0.0 0.0 0.0 1.0
office/seq-08/color/frame-000007.color.png office/seq-08/color/frame-000009.color.png 0.999953 -0.00392221 -0.00891785 -0.000415639 0.00397115 0.999977 0.00547686 0.00120231 0.00889617 -0.00551203 0.999945 0.00869361 0.0 0.0 0.0 1.0
office/seq-08/color/frame-000008.color.png office/seq-08/color/frame-000010.color.png 0.999887 0.00407002 -0.0144616 0.00153665 -0.00385485 0.999882 0.014876 -0.00633851 0.0145205 -0.0148185 0.999785 0.0142875 0.0 0.0 0.0 1.0
office/seq-08/color/frame-000009.color.png office/seq-08/color/frame-000011.color.png 0.999829 0.0105625 -0.0152083 0.00048973 -0.0103592 0.999857 0.0133843 -0.0130283 0.0153475 -0.0132244 0.999795 0.0211472 0.0 0.0 0.0 1.0
office/seq-08/color/frame-000010.color.png office/seq-08/color/frame-000012.color.png 0.999952 0.00552482 -0.00807005 -0.00266671 -0.00552384 0.999985 0.000143777 -0.00547896 0.00807073 -9.91964e-05 0.999967 0.012892 0.0 0.0 0.0 1.0
office/seq-08/color/frame-000011.color.png office/seq-08/color/frame-000013.color.png 0.999928 0.00133707 -0.0118907 0.00298117 -0.00134143 0.999999 -0.000359106 -0.0022097 0.0118902 0.000375033 0.999929 0.0171087 0.0 0.0 0.0 1.0
office/seq-08/color/frame-000012.color.png office/seq-08/color/frame-000014.color.png 0.999937 -0.00179743 -0.0110474 0.00253794 0.00182191 0.999996 0.00220605 0.0013113 0.0110434 -0.00222603 0.999937 0.0192138 0.0 0.0 0.0 1.0
office/seq-08/color/frame-000013.color.png office/seq-08/color/frame-000015.color.png 0.999961 0.000395309 -0.00879827 0.00114671 -0.000345817 0.999984 0.00562587 -0.00444387 0.00880037 -0.00562262 0.999945 0.0156362 0.0 0.0 0.0 1.0
office/seq-08/color/frame-000014.color.png office/seq-08/color/frame-000016.color.png 0.999847 0.00724945 -0.0159218 0.00762765 -0.00705509 0.9999 0.0122302 -0.00614078 0.0160089 -0.012116 0.999798 0.0236309 0.0 0.0 0.0 1.0
office/seq-08/color/frame-000015.color.png office/seq-08/color/frame-000017.color.png 0.99987 0.0043458 -0.0155173 0.00744118 -0.00414488 0.999907 0.0129566 -0.00610543 0.0155722 -0.0128906 0.999796 0.0255047 0.0 0.0 0.0 1.0
office/seq-08/color/frame-000016.color.png office/seq-08/color/frame-000018.color.png 0.999931 -0.00308408 -0.0113132 0.00987811 0.00316612 0.999969 0.00724072 -0.00241971 0.0112905 -0.00727604 0.99991 0.0151442 0.0 0.0 0.0 1.0
office/seq-08/color/frame-000017.color.png office/seq-08/color/frame-000019.color.png 0.999906 -0.000837168 -0.0136537 0.0103879 0.00102143 0.999908 0.0134943 -0.0147033 0.0136411 -0.0135069 0.999816 0.0294938 0.0 0.0 0.0 1.0
office/seq-08/color/frame-000018.color.png office/seq-08/color/frame-000020.color.png 0.999914 0.00350226 -0.0126794 0.0104753 -0.00340813 0.999967 0.00743838 -0.0130345 0.012705 -0.00739452 0.999892 0.0320515 0.0 0.0 0.0 1.0
office/seq-08/color/frame-000019.color.png office/seq-08/color/frame-000021.color.png 0.999955 0.00381617 -0.00870238 0.0124434 -0.00383412 0.999991 -0.0020469 0.00820587 0.00869448 0.00208018 0.99996 0.0146211 0.0 0.0 0.0 1.0
office/seq-08/color/frame-000020.color.png office/seq-08/color/frame-000022.color.png 0.999965 0.00239789 -0.00802445 0.00756388 -0.0023321 0.999964 0.00819851 -0.00305969 0.00804382 -0.0081795 0.999934 0.0205903 0.0 0.0 0.0 1.0
office/seq-08/color/frame-000021.color.png office/seq-08/color/frame-000023.color.png 0.999915 -0.00199757 -0.0128598 0.0123414 0.00216102 0.999917 0.012709 -0.00705371 0.0128333 -0.0127358 0.999837 0.0339637 0.0 0.0 0.0 1.0
office/seq-08/color/frame-000022.color.png office/seq-08/color/frame-000024.color.png 0.99987 -0.00130923 -0.0160442 0.0217244 0.00153069 0.999904 0.0137985 0.00201821 0.0160245 -0.0138213 0.999776 0.0280306 0.0 0.0 0.0 1.0
office/seq-08/color/frame-000023.color.png office/seq-08/color/frame-000025.color.png 0.999943 0.00279347 -0.0102892 0.0137733 -0.00255642 0.999732 0.0229798 -0.0119456 0.0103507 -0.0229522 0.999683 0.025129 0.0 0.0 0.0 1.0
office/seq-08/color/frame-000024.color.png office/seq-08/color/frame-000026.color.png 0.999952 0.00747714 -0.00637566 0.0034794 -0.00733852 0.999742 0.021495 -0.0356679 0.00653478 -0.0214471 0.999749 0.0378536 0.0 0.0 0.0 1.0
office/seq-08/color/frame-000025.color.png office/seq-08/color/frame-000027.color.png 0.999901 0.00907608 -0.0107835 0.0122063 -0.00921223 0.999878 -0.0126432 -0.0147609 0.0106674 0.0127412 0.999862 0.0433148 0.0 0.0 0.0 1.0
office/seq-08/color/frame-000026.color.png office/seq-08/color/frame-000028.color.png 0.999897 -0.00262702 -0.0141202 0.0262507 0.00230256 0.999734 -0.0229458 0.0144093 0.0141767 0.0229109 0.999637 0.0356257 0.0 0.0 0.0 1.0
office/seq-08/color/frame-000027.color.png office/seq-08/color/frame-000029.color.png 0.999931 -0.0101816 -0.00588947 0.00870598 0.0101783 0.999948 -0.00059517 0.00228524 0.00589525 0.000535181 0.999982 0.0222624 0.0 0.0 0.0 1.0
office/seq-08/color/frame-000028.color.png office/seq-08/color/frame-000030.color.png 0.999912 -0.00975876 -0.00899902 0.0110966 0.00979195 0.999945 0.00365153 -0.00890282 0.00896291 -0.00373931 0.999953 0.0259388 0.0 0.0 0.0 1.0
office/seq-08/color/frame-000029.color.png office/seq-08/color/frame-000031.color.png 0.999855 -0.00469671 -0.0163458 0.0319804 0.00467152 0.999988 -0.00157883 0.00124243 0.0163531 0.00150225 0.999865 0.0276841 0.0 0.0 0.0 1.0
office/seq-08/color/frame-000030.color.png office/seq-08/color/frame-000032.color.png 0.99988 0.00846384 -0.0129369 0.0246554 -0.00848618 0.999963 -0.00167258 0.0014289 0.0129223 0.00178218 0.999915 0.0369229 0.0 0.0 0.0 1.0
office/seq-08/color/frame-000031.color.png office/seq-08/color/frame-000033.color.png 0.999937 0.0035389 -0.0106879 0.0167564 -0.00353669 0.999994 0.000226428 8.41804e-05 0.0106886 -0.000188605 0.999943 0.0358137 0.0 0.0 0.0 1.0
office/seq-08/color/frame-000032.color.png office/seq-08/color/frame-000034.color.png 0.999904 -0.00908872 -0.0104559 0.0149731 0.00912962 0.999951 0.00387032 0.000555068 0.0104202 -0.00396539 0.999938 0.0194739 0.0 0.0 0.0 1.0
office/seq-08/color/frame-000033.color.png office/seq-08/color/frame-000035.color.png 0.999864 -0.0101389 -0.0130292 0.0208207 0.0102504 0.999911 0.00851914 -0.00242994 0.0129417 -0.00865154 0.999879 0.0232343 0.0 0.0 0.0 1.0
office/seq-08/color/frame-000034.color.png office/seq-08/color/frame-000036.color.png 0.999939 -0.00541622 -0.00963964 0.0140178 0.00549027 0.999955 0.0076724 -0.00943763 0.00959763 -0.00772485 0.999924 0.0293697 0.0 0.0 0.0 1.0
office/seq-08/color/frame-000035.color.png office/seq-08/color/frame-000037.color.png 0.999947 -0.00342046 -0.00966444 0.013306 0.00339315 0.99999 -0.00284047 -0.00354964 0.00967404 0.00280753 0.999949 0.0265877 0.0 0.0 0.0 1.0
office/seq-08/color/frame-000036.color.png office/seq-08/color/frame-000038.color.png 0.999806 0.00789352 -0.0180407 0.0263061 -0.00812599 0.999884 -0.0128493 0.00791016 0.0179372 0.0129934 0.999755 0.0321652 0.0 0.0 0.0 1.0
office/seq-08/color/frame-000037.color.png office/seq-08/color/frame-000039.color.png 0.999713 0.0115764 -0.0209605 0.0294956 -0.0118676 0.999834 -0.0138248 0.0135494 0.020797 0.0140695 0.999685 0.0263526 0.0 0.0 0.0 1.0
office/seq-08/color/frame-000038.color.png office/seq-08/color/frame-000040.color.png 0.999829 -0.00726892 -0.0170089 0.018627 0.00714738 0.999949 -0.00719587 0.0164209 0.0170603 0.00707307 0.99983 0.0158571 0.0 0.0 0.0 1.0
office/seq-08/color/frame-000039.color.png office/seq-08/color/frame-000041.color.png 0.999759 -0.0113678 -0.018755 0.0140114 0.011321 0.999933 -0.00259783 0.0158934 0.0187832 0.00238486 0.999821 0.0159412 0.0 0.0 0.0 1.0
office/seq-08/color/frame-000040.color.png office/seq-08/color/frame-000042.color.png 0.99966 0.00435321 -0.0256968 0.0266966 -0.00421584 0.999977 0.00539791 0.00312643 0.0257197 -0.00528773 0.999655 0.0136996 0.0 0.0 0.0 1.0
office/seq-08/color/frame-000041.color.png office/seq-08/color/frame-000043.color.png 0.999508 0.0218307 -0.0225172 0.0262672 -0.0216103 0.999717 0.0099873 0.00644887 0.0227289 -0.00949577 0.999697 0.0158246 0.0 0.0 0.0 1.0
office/seq-08/color/frame-000042.color.png office/seq-08/color/frame-000044.color.png 0.999708 0.0148622 -0.0190482 0.0193729 -0.014642 0.999825 0.0116479 0.0103808 0.019218 -0.0113656 0.999751 0.017024 0.0 0.0 0.0 1.0
office/seq-08/color/frame-000043.color.png office/seq-08/color/frame-000045.color.png 0.999405 0.0103305 -0.0329229 0.0308272 -0.00989949 0.999863 0.0132287 -0.00206986 0.0330552 -0.0128949 0.99937 0.0296249 0.0 0.0 0.0 1.0
office/seq-08/color/frame-000044.color.png office/seq-08/color/frame-000046.color.png 0.999253 0.014477 -0.0358257 0.0377266 -0.0147191 0.999871 -0.00650351 0.0151518 0.0357269 0.00702595 0.999337 0.0279597 0.0 0.0 0.0 1.0
office/seq-08/color/frame-000045.color.png office/seq-08/color/frame-000047.color.png 0.999662 0.00755161 -0.0248816 0.0246444 -0.00798532 0.999817 -0.017378 0.0332519 0.0247458 0.0175708 0.999539 0.0128755 0.0 0.0 0.0 1.0
office/seq-08/color/frame-000046.color.png office/seq-08/color/frame-000048.color.png 0.999604 0.0121821 -0.0253731 0.0209377 -0.0121594 0.999926 0.00104604 0.0114105 0.0253839 -0.000737091 0.999677 0.00931942 0.0 0.0 0.0 1.0
office/seq-08/color/frame-000047.color.png office/seq-08/color/frame-000049.color.png 0.999646 0.0114063 -0.0240525 0.0198743 -0.0112697 0.99992 0.00580686 0.00299699 0.0241168 -0.00553373 0.999694 0.0174261 0.0 0.0 0.0 1.0
office/seq-08/color/frame-000048.color.png office/seq-08/color/frame-000050.color.png 0.999747 0.00362133 -0.0222074 0.0175806 -0.00366645 0.999991 -0.00199127 0.00824266 0.0222001 0.00207217 0.999751 0.0135324 0.0 0.0 0.0 1.0
office/seq-08/color/frame-000049.color.png office/seq-08/color/frame-000051.color.png 0.999645 0.00245355 -0.0265335 0.0268641 -0.00258516 0.999985 -0.00492739 0.0131936 0.026521 0.00499424 0.999636 0.0115145 0.0 0.0 0.0 1.0
office/seq-08/color/frame-000050.color.png office/seq-08/color/frame-000052.color.png 0.999631 0.00689956 -0.0262711 0.0386461 -0.007109 0.999944 -0.00788717 0.0233168 0.0262151 0.00807103 0.999624 0.0224204 0.0 0.0 0.0 1.0
office/seq-08/color/frame-000051.color.png office/seq-08/color/frame-000053.color.png 0.99978 0.0119049 -0.0172747 0.0301485 -0.0120398 0.999898 -0.00772536 0.00971603 0.0171809 0.00793164 0.999821 0.0185127 0.0 0.0 0.0 1.0
office/seq-08/color/frame-000052.color.png office/seq-08/color/frame-000054.color.png 0.999934 0.00337279 -0.0110186 0.0167028 -0.00348377 0.999943 -0.0100705 0.0137782 0.010984 0.0101082 0.999889 0.0159801 0.0 0.0 0.0 1.0
office/seq-08/color/frame-000053.color.png office/seq-08/color/frame-000055.color.png 0.999962 3.0313e-05 -0.00868727 0.0120007 -0.00012463 0.999941 -0.0108557 0.0138707 0.00868647 0.0108564 0.999903 0.0174287 0.0 0.0 0.0 1.0
office/seq-08/color/frame-000054.color.png office/seq-08/color/frame-000056.color.png 0.999986 0.0040178 -0.00348012 0.00694576 -0.00407071 0.999874 -0.0153268 0.00846108 0.00341806 0.0153407 0.999876 0.0172205 0.0 0.0 0.0 1.0
office/seq-08/color/frame-000055.color.png office/seq-08/color/frame-000057.color.png 0.999995 0.000339987 -0.00316507 0.0176486 -0.000410704 0.99975 -0.0223771 0.0181856 0.00315666 0.0223783 0.999745 0.0159116 0.0 0.0 0.0 1.0
office/seq-08/color/frame-000056.color.png office/seq-08/color/frame-000058.color.png 0.999925 -0.0103675 -0.00645169 0.0347465 0.0101856 0.999567 -0.027622 0.032824 0.00673527 0.0275542 0.999598 0.0251447 0.0 0.0 0.0 1.0
office/seq-08/color/frame-000057.color.png office/seq-08/color/frame-000059.color.png 0.999866 -0.0150339 -0.00645917 0.031644 0.0149069 0.999703 -0.0192709 0.0161494 0.00674697 0.019172 0.999793 0.0262542 0.0 0.0 0.0 1.0
office/seq-08/color/frame-000058.color.png office/seq-08/color/frame-000060.color.png 0.99985 -0.0172962 0.000174452 0.013804 0.0172967 0.99972 -0.0161566 0.010981 0.000105057 0.0161572 0.999869 0.0190917 0.0 0.0 0.0 1.0
office/seq-08/color/frame-000059.color.png office/seq-08/color/frame-000061.color.png 0.999639 0.0112579 0.0243803 -0.0146754 -0.0110011 0.999883 -0.0106393 -0.00315892 -0.0244971 0.0103673 0.999646 0.0271882 0.0 0.0 0.0 1.0
office/seq-08/color/frame-000060.color.png office/seq-08/color/frame-000062.color.png 0.999402 0.0149688 0.0311676 0.0134436 -0.0146698 0.999844 -0.00979937 0.00464818 -0.0313094 0.00933628 0.999466 0.014652 0.0 0.0 0.0 1.0
office/seq-08/color/frame-000061.color.png office/seq-08/color/frame-000063.color.png 0.99926 0.00615206 0.0379607 -0.0113735 -0.0057153 0.999916 -0.0116033 0.00746666 -0.038029 0.0113777 0.999212 0.0293248 0.0 0.0 0.0 1.0
office/seq-08/color/frame-000062.color.png office/seq-08/color/frame-000064.color.png 0.99952 -0.0149657 0.0271147 0.0025852 0.015074 0.999879 -0.00379078 0.00256407 -0.0270547 0.00419769 0.999625 0.0209701 0.0 0.0 0.0 1.0
office/seq-08/color/frame-000063.color.png office/seq-08/color/frame-000065.color.png 0.999397 -0.0347155 0.000478522 0.0484002 0.0347124 0.999383 0.00544097 0.0134655 -0.000667153 -0.00542107 0.999985 0.00845909 0.0 0.0 0.0 1.0
office/seq-08/color/frame-000064.color.png office/seq-08/color/frame-000066.color.png 0.99978 -0.0208858 -0.00175826 0.0268945 0.020908 0.999687 0.0137356 -0.00371036 0.00147078 -0.0137693 0.999904 0.02886 0.0 0.0 0.0 1.0
office/seq-08/color/frame-000065.color.png office/seq-08/color/frame-000067.color.png 0.999996 0.00230576 -0.00154921 0.0420706 -0.00229439 0.999971 0.00730478 -0.00663151 0.00156597 -0.0073012 0.999972 0.0200629 0.0 0.0 0.0 1.0
office/seq-08/color/frame-000066.color.png office/seq-08/color/frame-000068.color.png 0.999911 0.0101088 0.00874887 0.0310553 -0.0101364 0.999944 0.00312599 0.00290505 -0.00871676 -0.0032144 0.999957 0.0169446 0.0 0.0 0.0 1.0
office/seq-08/color/frame-000067.color.png office/seq-08/color/frame-000069.color.png 0.999578 0.00469191 0.0286786 -0.0146576 -0.004725 0.999988 0.00108641 0.00202736 -0.0286731 -0.00122146 0.999588 0.0261831 0.0 0.0 0.0 1.0
office/seq-08/color/frame-000068.color.png office/seq-08/color/frame-000070.color.png 0.998612 0.0140283 0.050778 -0.0543013 -0.014527 0.99985 0.00946523 -0.0247303 -0.0506376 -0.0101897 0.998665 0.0398741 0.0 0.0 0.0 1.0
office/seq-08/color/frame-000069.color.png office/seq-08/color/frame-000071.color.png 0.999084 -0.0204768 0.0375662 0.0048798 0.0203233 0.999783 0.00446436 0.00121793 -0.0376495 -0.0036968 0.999284 0.0381446 0.0 0.0 0.0 1.0
office/seq-08/color/frame-000070.color.png office/seq-08/color/frame-000072.color.png 0.999091 -0.0107081 0.0412604 -0.0121055 0.010417 0.999919 0.00726298 -0.00476553 -0.0413348 -0.00682657 0.999122 0.0310085 0.0 0.0 0.0 1.0
office/seq-08/color/frame-000071.color.png office/seq-08/color/frame-000073.color.png 0.999386 0.00429023 0.0347732 -0.00733945 -0.00449123 0.999974 0.005704 0.00124502 -0.0347477 -0.00585667 0.999379 0.0420505 0.0 0.0 0.0 1.0
office/seq-08/color/frame-000072.color.png office/seq-08/color/frame-000074.color.png 0.998412 0.004825 0.0561165 -0.0341642 -0.00487156 0.999988 0.000692935 0.0139865 -0.0561125 -0.000965228 0.998424 0.0721187 0.0 0.0 0.0 1.0
office/seq-08/color/frame-000073.color.png office/seq-08/color/frame-000075.color.png 0.998663 0.00466635 0.0514891 -0.0306156 -0.00452606 0.999986 -0.00284074 0.0148675 -0.0515016 0.00260389 0.998669 0.0686779 0.0 0.0 0.0 1.0
office/seq-08/color/frame-000074.color.png office/seq-08/color/frame-000076.color.png 0.999621 0.00312108 0.0273686 0.00962773 -0.00304908 0.999992 -0.00267194 0.00631163 -0.0273767 0.00258748 0.999622 0.0297978 0.0 0.0 0.0 1.0
office/seq-08/color/frame-000075.color.png office/seq-08/color/frame-000077.color.png 0.999296 -0.0305033 0.0218487 0.0376224 0.0308866 0.999371 -0.0174243 0.051799 -0.0213035 0.0180868 0.99961 0.0547251 0.0 0.0 0.0 1.0
office/seq-08/color/frame-000076.color.png office/seq-08/color/frame-000078.color.png 0.998562 -0.00931983 0.0527955 -0.0477924 0.00921088 0.999955 0.00230658 -0.0112404 -0.0528147 -0.00181696 0.998603 0.05849 0.0 0.0 0.0 1.0
office/seq-08/color/frame-000077.color.png office/seq-08/color/frame-000079.color.png 0.999027 -0.00845406 0.0432858 -0.0378623 0.0086284 0.999955 -0.00384254 -0.00376453 -0.0432514 0.00421229 0.999055 0.0407211 0.0 0.0 0.0 1.0
office/seq-08/color/frame-000078.color.png office/seq-08/color/frame-000080.color.png 0.999471 -0.00709077 0.0317504 0.0120777 0.00751048 0.999886 -0.0131199 0.015021 -0.0316538 0.0133514 0.99941 0.038234 0.0 0.0 0.0 1.0
office/seq-08/color/frame-000079.color.png office/seq-08/color/frame-000081.color.png 0.999518 -0.00181718 0.0310055 -0.00400603 0.00199325 0.999982 -0.00564891 0.00432263 -0.0309947 0.00570799 0.999503 0.0522064 0.0 0.0 0.0 1.0
office/seq-08/color/frame-000080.color.png office/seq-08/color/frame-000082.color.png 0.999883 0.00110618 0.0152614 0.0181453 -0.00104346 0.999991 -0.00411691 0.00754416 -0.0152658 0.00410049 0.999875 0.0305524 0.0 0.0 0.0 1.0
office/seq-08/color/frame-000081.color.png office/seq-08/color/frame-000083.color.png 0.999349 -0.00148247 0.0360512 -0.0192339 0.0014884 0.999999 -0.000137503 0.00195115 -0.0360509 0.000191072 0.99935 0.0524381 0.0 0.0 0.0 1.0
office/seq-08/color/frame-000082.color.png office/seq-08/color/frame-000084.color.png 0.998216 -0.0151887 0.0577455 -0.03105 0.0153782 0.999878 -0.00283997 0.00372749 -0.0576953 0.00372293 0.998327 0.073727 0.0 0.0 0.0 1.0
office/seq-08/color/frame-000083.color.png office/seq-08/color/frame-000085.color.png 0.998616 -0.0176702 0.0495462 -0.0235043 0.0175053 0.99984 0.00376027 -0.0109127 -0.0496047 -0.00288774 0.998765 0.0641623 0.0 0.0 0.0 1.0
office/seq-08/color/frame-000084.color.png office/seq-08/color/frame-000086.color.png 0.999433 -0.0029603 0.0335247 -0.0273317 0.00271217 0.999968 0.00744438 -0.0113735 -0.0335457 -0.00734924 0.99941 0.033378 0.0 0.0 0.0 1.0
office/seq-08/color/frame-000085.color.png office/seq-08/color/frame-000087.color.png 0.999748 -0.0155706 0.0161481 0.0211787 0.0155797 0.999878 -0.000439513 0.0164292 -0.0161393 0.000690984 0.99987 0.0482074 0.0 0.0 0.0 1.0
office/seq-08/color/frame-000086.color.png office/seq-08/color/frame-000088.color.png 0.999716 -0.00805509 0.0224203 0.0136055 0.0078455 0.999925 0.0094208 -0.0151735 -0.0224945 -0.00924223 0.999704 0.0331966 0.0 0.0 0.0 1.0
office/seq-08/color/frame-000087.color.png office/seq-08/color/frame-000089.color.png 0.999088 -0.0138507 0.0403992 -0.0310561 0.0134097 0.999848 0.0111646 -0.0216626 -0.0405477 -0.0106127 0.999121 0.045052 0.0 0.0 0.0 1.0
office/seq-08/color/frame-000088.color.png office/seq-08/color/frame-000090.color.png 0.99713 -0.0284046 0.0701832 -0.0657585 0.0275272 0.999531 0.0134384 -0.0366843 -0.070532 -0.0114679 0.997444 0.0739205 0.0 0.0 0.0 1.0
office/seq-08/color/frame-000089.color.png office/seq-08/color/frame-000091.color.png 0.997412 -0.0356618 0.062429 -0.0421184 0.0352032 0.999345 0.00843016 -0.0309793 -0.0626887 -0.00621065 0.998014 0.0834383 0.0 0.0 0.0 1.0
office/seq-08/color/frame-000090.color.png office/seq-08/color/frame-000092.color.png 0.999084 -0.0134475 0.0406119 -0.0281471 0.0134005 0.999909 0.00142813 -0.00652129 -0.0406275 -0.000882598 0.999174 0.0493379 0.0 0.0 0.0 1.0
office/seq-08/color/frame-000091.color.png office/seq-08/color/frame-000093.color.png 0.999223 -0.0111144 0.0378249 -0.0321735 0.0106528 0.999866 0.0123835 -0.0339811 -0.0379575 -0.0119709 0.999208 0.0395533 0.0 0.0 0.0 1.0
office/seq-08/color/frame-000092.color.png office/seq-08/color/frame-000094.color.png 0.998639 -0.0108781 0.0509986 -0.0327969 0.0107864 0.99994 0.00207337 -0.0168445 -0.0510181 -0.00152045 0.998697 0.0597934 0.0 0.0 0.0 1.0
office/seq-08/color/frame-000093.color.png office/seq-08/color/frame-000095.color.png 0.998526 -0.0106276 0.0532226 -0.0340964 0.0106965 0.999942 -0.00101035 -0.0141392 -0.0532087 0.00157815 0.998582 0.0591096 0.0 0.0 0.0 1.0
office/seq-08/color/frame-000094.color.png office/seq-08/color/frame-000096.color.png 0.998887 -0.000969154 0.0471556 -0.0392002 0.00138091 0.999961 -0.00870013 0.000398442 -0.0471453 0.00875555 0.99885 0.0425379 0.0 0.0 0.0 1.0
office/seq-08/color/frame-000095.color.png office/seq-08/color/frame-000097.color.png 0.998713 -0.0112812 0.0494499 -0.0465535 0.0120127 0.999822 -0.0145203 0.0243789 -0.0492773 0.0150957 0.998671 0.0566003 0.0 0.0 0.0 1.0
office/seq-08/color/frame-000096.color.png office/seq-08/color/frame-000098.color.png 0.998652 -0.0176333 0.048813 -0.0380034 0.0181862 0.999775 -0.0109047 0.00297013 -0.0486097 0.0117778 0.998749 0.0487769 0.0 0.0 0.0 1.0
office/seq-08/color/frame-000097.color.png office/seq-08/color/frame-000099.color.png 0.997626 -0.0124293 0.0677327 -0.0555103 0.0128285 0.999903 -0.00546217 -0.0035201 -0.0676583 0.00631811 0.997688 0.060837 0.0 0.0 0.0 1.0
office/seq-08/color/frame-000098.color.png office/seq-08/color/frame-000100.color.png 0.997835 -0.00169726 0.0657407 -0.0610389 0.00160215 0.999998 0.00149939 -0.015609 -0.0657431 -0.00139082 0.997836 0.0296286 0.0 0.0 0.0 1.0
office/seq-08/color/frame-000099.color.png office/seq-08/color/frame-000101.color.png 0.999062 0.00149414 0.0432733 -0.0358354 -0.00174442 0.999982 0.00574674 -0.000985622 -0.043264 -0.00581684 0.999047 0.0338668 0.0 0.0 0.0 1.0
office/seq-08/color/frame-000100.color.png office/seq-08/color/frame-000102.color.png 0.998589 -0.00252587 0.0530347 -0.0437465 0.00232749 0.99999 0.00380195 -0.00480636 -0.0530438 -0.00367315 0.998585 0.0365179 0.0 0.0 0.0 1.0
office/seq-08/color/frame-000101.color.png office/seq-08/color/frame-000103.color.png 0.998313 -0.0144287 0.0562384 -0.0494203 0.0142262 0.999891 0.00399808 -0.0169146 -0.05629 -0.00319126 0.998409 0.0417937 0.0 0.0 0.0 1.0
office/seq-08/color/frame-000102.color.png office/seq-08/color/frame-000104.color.png 0.996911 -0.0197981 0.0760074 -0.0637488 0.0202098 0.999785 -0.00465096 -0.0101929 -0.075899 0.00617268 0.997096 0.0543904 0.0 0.0 0.0 1.0
office/seq-08/color/frame-000103.color.png office/seq-08/color/frame-000105.color.png 0.997862 -0.022908 0.0612176 -0.0456263 0.0228071 0.999737 0.00234704 -0.0231765 -0.0612553 -0.000945823 0.998122 0.0424241 0.0 0.0 0.0 1.0
office/seq-08/color/frame-000104.color.png office/seq-08/color/frame-000106.color.png 0.998678 -0.0013716 0.0513811 -0.0472896 0.00133831 0.999999 0.000682134 -0.00363928 -0.0513818 -0.000612471 0.998679 0.035634 0.0 0.0 0.0 1.0
office/seq-08/color/frame-000105.color.png office/seq-08/color/frame-000107.color.png 0.998689 -0.00457797 0.0509754 -0.0505121 0.00472766 0.999985 -0.0028163 -0.000832185 -0.0509617 0.00305361 0.998696 0.029515 0.0 0.0 0.0 1.0
office/seq-08/color/frame-000106.color.png office/seq-08/color/frame-000108.color.png 0.99864 -0.00844627 0.0514424 -0.0460059 0.00906393 0.999889 -0.0117847 0.00893706 -0.0513372 0.012235 0.998606 0.0290822 0.0 0.0 0.0 1.0
office/seq-08/color/frame-000107.color.png office/seq-08/color/frame-000109.color.png 0.998475 -0.0182397 0.0520945 -0.0503231 0.0187066 0.999789 -0.00848863 -0.00090827 -0.0519286 0.00945018 0.998606 0.0325297 0.0 0.0 0.0 1.0
office/seq-08/color/frame-000108.color.png office/seq-08/color/frame-000110.color.png 0.998544 -0.0163164 0.0514215 -0.0488672 0.0168041 0.999818 -0.00906625 -0.00218171 -0.0512642 0.00991715 0.998636 0.0285847 0.0 0.0 0.0 1.0
office/seq-08/color/frame-000109.color.png office/seq-08/color/frame-000111.color.png 0.997423 -0.0192635 0.0691149 -0.0663568 0.0199173 0.999763 -0.00878338 0.00211328 -0.0689293 0.0101373 0.99757 0.0468087 0.0 0.0 0.0 1.0
office/seq-08/color/frame-000110.color.png office/seq-08/color/frame-000112.color.png 0.998127 -0.00904776 0.0604959 -0.0630206 0.00936016 0.999944 -0.0048823 -0.0016848 -0.0604484 0.0054394 0.998156 0.0311182 0.0 0.0 0.0 1.0
office/seq-08/color/frame-000111.color.png office/seq-08/color/frame-000113.color.png 0.999366 -0.00679357 0.0349385 -0.0372843 0.00675504 0.999976 0.00122095 -0.0082899 -0.0349462 -0.000984197 0.999389 0.0311937 0.0 0.0 0.0 1.0
office/seq-08/color/frame-000112.color.png office/seq-08/color/frame-000114.color.png 0.998902 -0.0468403 -5.75903e-06 0.0535976 0.0467963 0.997969 -0.0432184 0.0968392 0.00203012 0.0431707 0.999066 0.0390062 0.0 0.0 0.0 1.0
office/seq-08/color/frame-000113.color.png office/seq-08/color/frame-000115.color.png 0.999518 -0.00696378 0.0302538 -0.0362108 0.00719261 0.999946 -0.0074617 0.00319354 -0.0302 0.00767571 0.999515 0.00781476 0.0 0.0 0.0 1.0
office/seq-08/color/frame-000114.color.png office/seq-08/color/frame-000116.color.png 0.999341 -0.00719679 0.0355686 -0.0365707 0.00750939 0.999934 -0.00866516 0.00503259 -0.035504 0.00892654 0.99933 0.017249 0.0 0.0 0.0 1.0
office/seq-08/color/frame-000115.color.png office/seq-08/color/frame-000117.color.png 0.99944 -0.0148557 0.0299705 -0.0279465 0.0153696 0.999737 -0.0169909 0.015154 -0.0297104 0.0174421 0.999406 0.00220978 0.0 0.0 0.0 1.0
office/seq-08/color/frame-000116.color.png office/seq-08/color/frame-000118.color.png 0.99938 -0.0193263 0.0294377 -0.0351511 0.0198583 0.999643 -0.0178888 0.0156918 -0.0290815 0.0184623 0.999407 0.00539088 0.0 0.0 0.0 1.0
office/seq-08/color/frame-000117.color.png office/seq-08/color/frame-000119.color.png 0.999565 -0.0152095 0.0252792 -0.0338199 0.0151853 0.999884 0.00114969 -0.0133269 -0.0252936 -0.000765298 0.99968 0.013526 0.0 0.0 0.0 1.0
office/seq-08/color/frame-000118.color.png office/seq-08/color/frame-000120.color.png 0.999812 -0.000687138 0.0193726 -0.0275527 0.000560038 0.999978 0.00656598 -0.00586107 -0.0193768 -0.00655392 0.999791 0.0047785 0.0 0.0 0.0 1.0
office/seq-08/color/frame-000119.color.png office/seq-08/color/frame-000121.color.png 0.999572 -0.0031317 0.0290738 -0.0400816 0.00323817 0.999988 -0.00361706 0.00083226 -0.029062 0.00370963 0.999571 0.0165989 0.0 0.0 0.0 1.0
office/seq-08/color/frame-000120.color.png office/seq-08/color/frame-000122.color.png 0.999579 -0.0126143 0.026136 -0.0288247 0.012976 0.999822 -0.0137151 -0.00503294 -0.0259583 0.0140484 0.999564 0.00823963 0.0 0.0 0.0 1.0
office/seq-08/color/frame-000121.color.png office/seq-08/color/frame-000123.color.png 0.99969 -0.00540236 0.024291 -0.0363605 0.00582393 0.999833 -0.0173187 0.0134892 -0.0241936 0.0174548 0.999555 0.00203228 0.0 0.0 0.0 1.0
office/seq-08/color/frame-000122.color.png office/seq-08/color/frame-000124.color.png 0.999746 0.00279057 0.0223845 -0.0322012 -0.0026394 0.999974 -0.00677885 0.00767395 -0.0224028 0.00671801 0.999727 0.00459659 0.0 0.0 0.0 1.0
office/seq-08/color/frame-000123.color.png office/seq-08/color/frame-000125.color.png 0.999686 0.0031023 0.0248683 -0.0394454 -0.00289896 0.999962 -0.00820809 0.0144188 -0.024893 0.0081334 0.999657 0.00724685 0.0 0.0 0.0 1.0
office/seq-08/color/frame-000124.color.png office/seq-08/color/frame-000126.color.png 0.999737 -0.0020574 0.0228203 -0.0399327 0.00222057 0.999972 -0.00712768 0.002724 -0.0228051 0.00717646 0.999714 0.00702655 0.0 0.0 0.0 1.0
office/seq-08/color/frame-000125.color.png office/seq-08/color/frame-000127.color.png 0.999933 -0.00336942 0.0110629 -0.0201883 0.00336236 0.999994 0.000657684 -0.00761643 -0.011065 -0.000620424 0.999938 -0.00291574 0.0 0.0 0.0 1.0
office/seq-08/color/frame-000126.color.png office/seq-08/color/frame-000128.color.png 0.999912 0.00132248 0.013182 -0.0251982 -0.00133852 0.999998 0.00120648 0.00121632 -0.0131803 -0.00122401 0.999912 0.002985 0.0 0.0 0.0 1.0
office/seq-08/color/frame-000127.color.png office/seq-08/color/frame-000129.color.png 0.999943 0.00796433 0.00714292 -0.0174404 -0.00804153 0.999909 0.0108499 -0.0105819 -0.00705584 -0.0109068 0.999916 -0.00545502 0.0 0.0 0.0 1.0
office/seq-08/color/frame-000128.color.png office/seq-08/color/frame-000130.color.png 0.999879 0.0111238 0.0108447 -0.0342038 -0.0112577 0.99986 0.012373 -0.00962297 -0.0107054 -0.0124935 0.999864 0.00286138 0.0 0.0 0.0 1.0
office/seq-08/color/frame-000129.color.png office/seq-08/color/frame-000131.color.png 0.99993 0.00580868 0.0103361 -0.0407448 -0.00592119 0.999923 0.0108853 -0.01392 -0.010272 -0.0109457 0.999887 -0.00107038 0.0 0.0 0.0 1.0
office/seq-08/color/frame-000130.color.png office/seq-08/color/frame-000132.color.png 0.999984 -0.00258154 0.0050266 -0.0207617 0.00254333 0.999968 0.00759707 -0.0141222 -0.00504613 -0.00758419 0.999959 -0.000148773 0.0 0.0 0.0 1.0
office/seq-08/color/frame-000131.color.png office/seq-08/color/frame-000133.color.png 0.999938 -0.00368664 0.0105386 -0.0376893 0.00361237 0.999969 0.00706017 -0.0158141 -0.0105644 -0.00702168 0.99992 0.0135428 0.0 0.0 0.0 1.0
office/seq-08/color/frame-000132.color.png office/seq-08/color/frame-000134.color.png 0.999956 -0.00375762 0.008598 -0.0325116 0.00371113 0.999978 0.00541349 -0.0106722 -0.00861826 -0.00538138 0.999949 0.00700772 0.0 0.0 0.0 1.0
office/seq-08/color/frame-000133.color.png office/seq-08/color/frame-000135.color.png 0.999961 -0.0052696 0.00708677 -0.032054 0.00520709 0.999948 0.00880934 -0.0200298 -0.0071328 -0.00877209 0.999936 0.0115776 0.0 0.0 0.0 1.0
office/seq-08/color/frame-000134.color.png office/seq-08/color/frame-000136.color.png 0.999937 -0.0101777 -0.00469745 -0.0104188 0.0101852 0.999947 0.00156981 -0.0222986 0.00468123 -0.00161753 0.999988 -0.00796771 0.0 0.0 0.0 1.0
office/seq-08/color/frame-000135.color.png office/seq-08/color/frame-000137.color.png 0.999973 -0.00703613 0.00227473 -0.0213167 0.00702956 0.999971 0.00288071 -0.0287146 -0.00229488 -0.00286465 0.999993 0.0133947 0.0 0.0 0.0 1.0
office/seq-08/color/frame-000136.color.png office/seq-08/color/frame-000138.color.png 0.999996 0.00122877 -0.00248325 -0.00802237 -0.00124519 0.999977 -0.00662062 0.00625286 0.00247511 0.00662365 0.999975 -0.000354886 0.0 0.0 0.0 1.0
office/seq-08/color/frame-000137.color.png office/seq-08/color/frame-000139.color.png 0.999981 0.00208538 -0.00584134 0.00707215 -0.00213203 0.999966 -0.00799263 0.00858282 0.00582445 0.00800495 0.999951 -0.0190855 0.0 0.0 0.0 1.0
office/seq-08/color/frame-000138.color.png office/seq-08/color/frame-000140.color.png 0.999905 0.00198674 0.013603 -0.0363079 -0.00205755 0.999984 0.00519198 -0.0178876 -0.0135924 -0.00521944 0.999894 0.0214836 0.0 0.0 0.0 1.0
office/seq-08/color/frame-000139.color.png office/seq-08/color/frame-000141.color.png 0.999987 -0.0051637 -0.000221615 -0.0113949 0.00516199 0.999961 -0.00711395 -0.000310637 0.00025827 0.00711271 0.999975 0.00122845 0.0 0.0 0.0 1.0
office/seq-08/color/frame-000140.color.png office/seq-08/color/frame-000142.color.png 0.999994 -0.000229898 -0.00336415 -0.00303984 0.000188254 0.999923 -0.0123748 0.0212784 0.00336663 0.0123741 0.999918 0.00972426 0.0 0.0 0.0 1.0
office/seq-08/color/frame-000141.color.png office/seq-08/color/frame-000143.color.png 0.999976 0.000916962 -0.00693449 -0.00349063 -0.000942811 0.999992 -0.00372439 0.00734762 0.006931 0.00373081 0.999969 0.0180228 0.0 0.0 0.0 1.0
office/seq-08/color/frame-000142.color.png office/seq-08/color/frame-000144.color.png 0.999715 0.00552253 -0.023243 0.021951 -0.00552392 0.999985 5.47516e-07 0.00149224 0.0232426 0.0001278 0.99973 0.00148463 0.0 0.0 0.0 1.0
office/seq-08/color/frame-000143.color.png office/seq-08/color/frame-000145.color.png 0.999488 0.0105645 -0.0302139 0.0260256 -0.0107241 0.999929 -0.0051246 0.0148734 0.0301578 0.00544606 0.99953 -0.0149505 0.0 0.0 0.0 1.0
office/seq-08/color/frame-000144.color.png office/seq-08/color/frame-000146.color.png 0.99916 0.0161141 -0.0376786 0.0369084 -0.0156434 0.999796 0.0127549 -0.0168337 0.0378765 -0.0121548 0.999208 -0.0158274 0.0 0.0 0.0 1.0
office/seq-08/color/frame-000145.color.png office/seq-08/color/frame-000147.color.png 0.999526 0.0236952 -0.0196868 0.00331074 -0.023312 0.999539 0.0194689 -0.0162054 0.0201389 -0.0190008 0.999617 0.0192262 0.0 0.0 0.0 1.0
office/seq-08/color/frame-000146.color.png office/seq-08/color/frame-000148.color.png 0.999595 0.022773 -0.0170577 -0.00644058 -0.0224619 0.999582 0.0182086 -0.00775509 0.0174652 -0.0178181 0.999689 0.0121665 0.0 0.0 0.0 1.0
office/seq-08/color/frame-000147.color.png office/seq-08/color/frame-000149.color.png 0.999802 0.013384 -0.0146967 -0.00242406 -0.0132143 0.999846 0.0115827 -0.0123107 0.0148494 -0.0113861 0.999825 0.0112646 0.0 0.0 0.0 1.0
office/seq-08/color/frame-000148.color.png office/seq-08/color/frame-000150.color.png 0.999719 0.01084 -0.0210756 0.0136768 -0.0106613 0.999906 0.00857403 -0.00259735 0.0211666 -0.00834691 0.999741 -0.00128615 0.0 0.0 0.0 1.0
office/seq-08/color/frame-000149.color.png office/seq-08/color/frame-000151.color.png 0.999723 0.0133372 -0.0193636 0.00735271 -0.0130177 0.999779 0.0165324 -0.0115795 0.01958 -0.0162757 0.999676 0.0100905 0.0 0.0 0.0 1.0
office/seq-08/color/frame-000150.color.png office/seq-08/color/frame-000152.color.png 0.999901 0.011364 0.00826318 -0.0459502 -0.0115457 0.999685 0.0222768 -0.0227119 -0.00800748 -0.02237 0.999718 0.0585021 0.0 0.0 0.0 1.0
office/seq-08/color/frame-000151.color.png office/seq-08/color/frame-000153.color.png 0.999961 0.00733314 -0.0049054 -0.0167784 -0.00724574 0.999819 0.0175972 -0.0278612 0.00503332 -0.017561 0.999833 0.0228916 0.0 0.0 0.0 1.0
office/seq-08/color/frame-000152.color.png office/seq-08/color/frame-000154.color.png 0.999878 0.00774426 -0.0135668 0.00631544 -0.00762189 0.99993 0.00904977 -0.00790256 0.013636 -0.00894525 0.999867 0.0134077 0.0 0.0 0.0 1.0
office/seq-08/color/frame-000153.color.png office/seq-08/color/frame-000155.color.png 0.999941 0.00443873 -0.00988826 0.00101086 -0.00438786 0.999977 0.00516559 -0.00692329 0.00991115 -0.00512185 0.999938 0.0154047 0.0 0.0 0.0 1.0
office/seq-08/color/frame-000154.color.png office/seq-08/color/frame-000156.color.png 0.999954 0.00117276 -0.00952527 0.00284928 -0.00114459 0.999995 0.00296212 -0.00648785 0.00952861 -0.00295109 0.99995 0.0117559 0.0 0.0 0.0 1.0
office/seq-08/color/frame-000155.color.png office/seq-08/color/frame-000157.color.png 0.99972 -0.00212043 -0.0235772 0.026201 0.00189565 0.999953 -0.00955308 0.00340075 0.0235964 0.00950571 0.999676 0.017272 0.0 0.0 0.0 1.0
office/seq-08/color/frame-000156.color.png office/seq-08/color/frame-000158.color.png 0.99971 0.00429916 -0.0237068 0.00883234 -0.00440051 0.999981 -0.0042257 -0.00812721 0.0236882 0.0043288 0.99971 0.0196764 0.0 0.0 0.0 1.0
office/seq-08/color/frame-000157.color.png office/seq-08/color/frame-000159.color.png 0.999696 0.0127312 -0.0210921 0.0184854 -0.0126729 0.999916 0.00289505 -0.00497876 0.021127 -0.00262691 0.999773 0.0102111 0.0 0.0 0.0 1.0
office/seq-08/color/frame-000158.color.png office/seq-08/color/frame-000160.color.png 0.999704 0.0117664 -0.0212806 0.0195137 -0.0118148 0.999928 -0.00214776 0.00202587 0.0212539 0.00239853 0.999771 0.0121975 0.0 0.0 0.0 1.0
office/seq-08/color/frame-000159.color.png office/seq-08/color/frame-000161.color.png 0.999757 0.00889698 -0.0201858 0.0146007 -0.00895667 0.999956 -0.00286748 -0.00595964 0.0201596 0.0030476 0.999792 0.009951 0.0 0.0 0.0 1.0
office/seq-08/color/frame-000160.color.png office/seq-08/color/frame-000162.color.png 0.999681 0.00989847 -0.0232496 0.0245931 -0.00999631 0.999942 -0.00409606 -0.000575818 0.0232077 0.00432718 0.999721 0.00694239 0.0 0.0 0.0 1.0
office/seq-08/color/frame-000161.color.png office/seq-08/color/frame-000163.color.png 0.999596 0.022318 -0.0176023 0.00247061 -0.0219684 0.999562 0.0198138 -0.0328519 0.0180368 -0.0194191 0.999649 0.0169358 0.0 0.0 0.0 1.0
office/seq-08/color/frame-000162.color.png office/seq-08/color/frame-000164.color.png 0.999635 0.0130546 -0.02365 0.016305 -0.0124717 0.999619 0.02463 -0.0449336 0.0239624 -0.024326 0.999417 0.0244391 0.0 0.0 0.0 1.0
office/seq-08/color/frame-000163.color.png office/seq-08/color/frame-000165.color.png 0.999139 0.0154279 -0.0385232 0.0459791 -0.0155274 0.999877 -0.00228594 -0.000320149 0.0384831 0.00288212 0.999255 0.00319779 0.0 0.0 0.0 1.0
office/seq-08/color/frame-000164.color.png office/seq-08/color/frame-000166.color.png 0.999374 0.0110654 -0.0336015 0.0375347 -0.011161 0.999934 -0.00265861 -0.00229349 0.0335698 0.00303197 0.999432 0.0133358 0.0 0.0 0.0 1.0
office/seq-08/color/frame-000165.color.png office/seq-08/color/frame-000167.color.png 0.999722 0.0115733 -0.02055 0.0215203 -0.0114347 0.999911 0.00684779 -0.0152827 0.0206275 -0.00661089 0.999765 0.0103537 0.0 0.0 0.0 1.0
office/seq-08/color/frame-000166.color.png office/seq-08/color/frame-000168.color.png 0.999554 0.0157415 -0.0253878 0.0323527 -0.0157237 0.999876 0.000903855 4.84399e-05 0.0253988 -0.000504252 0.999677 0.00691199 0.0 0.0 0.0 1.0
office/seq-08/color/frame-000167.color.png office/seq-08/color/frame-000169.color.png 0.999479 0.0131674 -0.0294882 0.0386027 -0.0132305 0.999911 -0.00194529 0.00247369 0.0294598 0.00233442 0.999563 -0.00105667 0.0 0.0 0.0 1.0
office/seq-08/color/frame-000168.color.png office/seq-08/color/frame-000170.color.png 0.999575 0.0128842 -0.0261542 0.0337955 -0.0128662 0.999917 0.00085809 -0.000406595 0.0261631 -0.000521229 0.999658 0.00295866 0.0 0.0 0.0 1.0
office/seq-08/color/frame-000169.color.png office/seq-08/color/frame-000171.color.png 0.9995 0.0166285 -0.0268957 0.0327874 -0.0165101 0.999853 0.00461848 -0.00383041 0.0269686 -0.00417212 0.999628 0.0126499 0.0 0.0 0.0 1.0
office/seq-08/color/frame-000170.color.png office/seq-08/color/frame-000172.color.png 0.999666 0.0107823 -0.0234819 0.0222374 -0.0106674 0.999931 0.00501048 -0.00761419 0.0235344 -0.00475831 0.999712 0.0127565 0.0 0.0 0.0 1.0
office/seq-08/color/frame-000171.color.png office/seq-08/color/frame-000173.color.png 0.99983 -5.9337e-05 -0.018467 0.0201803 7.61962e-05 1.0 0.000912368 -0.0044083 0.0184668 -0.00091362 0.999829 0.00764692 0.0 0.0 0.0 1.0
office/seq-08/color/frame-000172.color.png office/seq-08/color/frame-000174.color.png 0.999657 0.00307897 -0.0259971 0.0409192 -0.00301105 0.999992 0.00265057 -0.0021638 0.026005 -0.00257139 0.999658 0.00133884 0.0 0.0 0.0 1.0
office/seq-08/color/frame-000173.color.png office/seq-08/color/frame-000175.color.png 0.999806 0.00638773 -0.0186297 0.0276116 -0.00633489 0.999976 0.00289424 0.00342433 0.0186478 -0.00277566 0.999822 0.0121706 0.0 0.0 0.0 1.0
office/seq-08/color/frame-000174.color.png office/seq-08/color/frame-000176.color.png 0.999854 -0.00157994 -0.0170074 0.0177882 0.00166203 0.999987 0.00481435 -0.00894121 0.0169997 -0.00484191 0.999844 0.00202858 0.0 0.0 0.0 1.0
office/seq-08/color/frame-000175.color.png office/seq-08/color/frame-000177.color.png 0.999767 0.00482118 -0.0210575 0.025635 -0.00478219 0.999987 0.00190113 -0.000308093 0.0210665 -0.00179999 0.999776 0.0115736 0.0 0.0 0.0 1.0
