office/seq-08/color/frame-000000.color.png office/seq-08/color/frame-000002.color.png 0.999997 0.00116449 -0.00230247 0.000765786 -0.00116113 0.999998 0.00146139 -0.000277249 0.00230417 -0.00145872 0.999996 0.00258403 0.0 0.0 0.0 1.0
office/seq-08/color/frame-000002.color.png office/seq-08/color/frame-000004.color.png 0.999995 -0.00220716 -0.00239912 -0.000510149 0.00222824 0.999959 0.00881971 -0.00353918 0.00237955 -0.00882501 0.999958 0.00392579 0.0 0.0 0.0 1.0
office/seq-08/color/frame-000004.color.png office/seq-08/color/frame-000006.color.png 0.999989 -0.00212226 -0.0041774 -8.55548e-05 0.00215481 0.999967 0.00780277 -0.00313344 0.00416071 -0.00781169 0.999961 0.00418374 0.0 0.0 0.0 1.0
office/seq-08/color/frame-000006.color.png office/seq-08/color/frame-000008.color.png 0.999973 -0.00291029 -0.00669007 -0.00155268 0.00294719 0.999981 0.00551352 -0.0011876 0.00667389 -0.00553309 0.999963 0.0110735 0.0 0.0 0.0 1.0
office/seq-08/color/frame-000008.color.png office/seq-08/color/frame-000010.color.png 0.999887 0.00407002 -0.0144616 0.00153665 -0.00385485 0.999882 0.014876 -0.00633851 0.0145205 -0.0148185 0.999785 0.0142875 0.0 0.0 0.0 1.0
office/seq-08/color/frame-000010.color.png office/seq-08/color/frame-000012.color.png 0.999952 0.00552482 -0.00807005 -0.00266671 -0.00552384 0.999985 0.000143777 -0.00547896 0.00807073 -9.91964e-05 0.999967 0.012892 0.0 0.0 0.0 1.0
office/seq-08/color/frame-000012.color.png office/seq-08/color/frame-000014.color.png 0.999937 -0.00179743 -0.0110474 0.00253794 0.00182191 0.999996 0.00220605 0.0013113 0.0110434 -0.00222603 0.999937 0.0192138 0.0 0.0 0.0 1.0
office/seq-08/color/frame-000014.color.png office/seq-08/color/frame-000016.color.png 0.999847 0.00724945 -0.0159218 0.00762765 -0.00705509 0.9999 0.0122302 -0.00614078 0.0160089 -0.012116 0.999798 0.0236309 0.0 0.0 0.0 1.0
office/seq-08/color/frame-000016.color.png office/seq-08/color/frame-000018.color.png 0.999931 -0.00308408 -0.0113132 0.00987811 0.00316612 0.999969 0.00724072 -0.00241971 0.0112905 -0.00727604 0.99991 0.0151442 0.0 0.0 0.0 1.0
office/seq-08/color/frame-000018.color.png office/seq-08/color/frame-000020.color.png 0.999914 0.00350226 -0.0126794 0.0104753 -0.00340813 0.999967 0.00743838 -0.0130345 0.012705 -0.00739452 0.999892 0.0320515 0.0 0.0 0.0 1.0
office/seq-08/color/frame-000020.color.png office/seq-08/color/frame-000022.color.png 0.999965 0.00239789 -0.00802445 0.00756388 -0.0023321 0.999964 0.00819851 -0.00305969 0.00804382 -0.0081795 0.999934 0.0205903 0.0 0.0 0.0 1.0
office/seq-08/color/frame-000022.color.png office/seq-08/color/frame-000024.color.png 0.99987 -0.00130923 -0.0160442 0.0217244 0.00153069 0.999904 0.0137985 0.00201821 0.0160245 -0.0138213 0.999776 0.0280306 0.0 0.0 0.0 1.0
office/seq-08/color/frame-000024.color.png office/seq-08/color/frame-000026.color.png 0.999952 0.00747714 -0.00637566 0.0034794 -0.00733852 0.999742 0.021495 -0.0356679 0.00653478 -0.0214471 0.999749 0.0378536 0.0 0.0 0.0 1.0
office/seq-08/color/frame-000026.color.png office/seq-08/color/frame-000028.color.png 0.999897 -0.00262702 -0.0141202 0.0262507 0.00230256 0.999734 -0.0229458 0.0144093 0.0141767 0.0229109 0.999637 0.0356257 0.0 0.0 0.0 1.0
office/seq-08/color/frame-000028.color.png office/seq-08/color/frame-000030.color.png 0.999912 -0.00975876 -0.00899902 0.0110966 0.00979195 0.999945 0.00365153 -0.00890282 0.00896291 -0.00373931 0.999953 0.0259388 0.0 0.0 0.0 1.0
office/seq-08/color/frame-000030.color.png office/seq-08/color/frame-000032.color.png 0.99988 0.00846384 -0.0129369 0.0246554 -0.00848618 0.999963 -0.00167258 0.0014289 0.0129223 0.00178218 0.999915 0.0369229 0.0 0.0 0.0 1.0
office/seq-08/color/frame-000032.color.png office/seq-08/color/frame-000034.color.png 0.999904 -0.00908872 -0.0104559 0.0149731 0.00912962 0.999951 0.00387032 0.000555068 0.0104202 -0.00396539 0.999938 0.0194739 0.0 0.0 0.0 1.0
office/seq-08/color/frame-000034.color.png office/seq-08/color/frame-000036.color.png 0.999939 -0.00541622 -0.00963964 0.0140178 0.00549027 0.999955 0.0076724 -0.00943763 0.00959763 -0.00772485 0.999924 0.0293697 0.0 0.0 0.0 1.0
office/seq-08/color/frame-000036.color.png office/seq-08/color/frame-000038.color.png 0.999806 0.00789352 -0.0180407 0.0263061 -0.00812599 0.999884 -0.0128493 0.00791016 0.0179372 0.0129934 0.999755 0.0321652 0.0 0.0 0.0 1.0
office/seq-08/color/frame-000038.color.png office/seq-08/color/frame-000040.color.png 0.999829 -0.00726892 -0.0170089 0.018627 0.00714738 0.999949 -0.00719587 0.0164209 0.0170603 0.00707307 0.99983 0.0158571 0.0 0.0 0.0 1.0
office/seq-08/color/frame-000040.color.png office/seq-08/color/frame-000042.color.png 0.99966 0.00435321 -0.0256968 0.0266966 -0.00421584 0.999977 0.00539791 0.00312643 0.0257197 -0.00528773 0.999655 0.0136996 0.0 0.0 0.0 1.0
office/seq-08/color/frame-000042.color.png office/seq-08/color/frame-000044.color.png 0.999708 0.0148622 -0.0190482 0.0193729 -0.014642 0.999825 0.0116479 0.0103808 0.019218 -0.0113656 0.999751 0.017024 0.0 0.0 0.0 1.0
office/seq-08/color/frame-000044.color.png office/seq-08/color/frame-000046.color.png 0.999253 0.014477 -0.0358257 0.0377266 -0.0147191 0.999871 -0.00650351 0.0151518 0.0357269 0.00702595 0.999337 0.0279597 0.0 0.0 0.0 1.0
office/seq-08/color/frame-000046.color.png office/seq-08/color/frame-000048.color.png 0.999604 0.0121821 -0.0253731 0.0209377 -0.0121594 0.999926 0.00104604 0.0114105 0.0253839 -0.000737091 0.999677 0.00931942 0.0 0.0 0.0 1.0
office/seq-08/color/frame-000048.color.png office/seq-08/color/frame-000050.color.png 0.999747 0.00362133 -0.0222074 0.0175806 -0.00366645 0.999991 -0.00199127 0.00824266 0.0222001 0.00207217 0.999751 0.0135324 0.0 0.0 0.0 1.0
office/seq-08/color/frame-000050.color.png office/seq-08/color/frame-000052.color.png 0.999631 0.00689956 -0.0262711 0.0386461 -0.007109 0.999944 -0.00788717 0.0233168 0.0262151 0.00807103 0.999624 0.0224204 0.0 0.0 0.0 1.0
office/seq-08/color/frame-000052.color.png office/seq-08/color/frame-000054.color.png 0.999934 0.00337279 -0.0110186 0.0167028 -0.00348377 0.999943 -0.0100705 0.0137782 0.010984 0.0101082 0.999889 0.0159801 0.0 0.0 0.0 1.0
office/seq-08/color/frame-000054.color.png office/seq-08/color/frame-000056.color.png 0.999986 0.0040178 -0.00348012 0.00694576 -0.00407071 0.999874 -0.0153268 0.00846108 0.00341806 0.0153407 0.999876 0.0172205 0.0 0.0 0.0 1.0
office/seq-08/color/frame-000056.color.png office/seq-08/color/frame-000058.color.png 0.999925 -0.0103675 -0.00645169 0.0347465 0.0101856 0.999567 -0.027622 0.032824 0.00673527 0.0275542 0.999598 0.0251447 0.0 0.0 0.0 1.0
office/seq-08/color/frame-000058.color.png office/seq-08/color/frame-000060.color.png 0.99985 -0.0172962 0.000174452 0.013804 0.0172967 0.99972 -0.0161566 0.010981 0.000105057 0.0161572 0.999869 0.0190917 0.0 0.0 0.0 1.0
office/seq-08/color/frame-000060.color.png office/seq-08/color/frame-000062.color.png 0.999402 0.0149688 0.0311676 0.0134436 -0.0146698 0.999844 -0.00979937 0.00464818 -0.0313094 0.00933628 0.999466 0.014652 0.0 0.0 0.0 1.0
office/seq-08/color/frame-000062.color.png office/seq-08/color/frame-000064.color.png 0.99952 -0.0149657 0.0271147 0.0025852 0.015074 0.999879 -0.00379078 0.00256407 -0.0270547 0.00419769 0.999625 0.0209701 0.0 0.0 0.0 1.0
office/seq-08/color/frame-000064.color.png office/seq-08/color/frame-000066.color.png 0.99978 -0.0208858 -0.00175826 0.0268945 0.020908 0.999687 0.0137356 -0.00371036 0.00147078 -0.0137693 0.999904 0.02886 0.0 0.0 0.0 1.0
office/seq-08/color/frame-000066.color.png office/seq-08/color/frame-000068.color.png 0.999911 0.0101088 0.00874887 0.0310553 -0.0101364 0.999944 0.00312599 0.00290505 -0.00871676 -0.0032144 0.999957 0.0169446 0.0 0.0 0.0 1.0
office/seq-08/color/frame-000068.color.png office/seq-08/color/frame-000070.color.png 0.998612 0.0140283 0.050778 -0.0543013 -0.014527 0.99985 0.00946523 -0.0247303 -0.0506376 -0.0101897 0.998665 0.0398741 0.0 0.0 0.0 1.0
office/seq-08/color/frame-000070.color.png office/seq-08/color/frame-000072.color.png 0.999091 -0.0107081 0.0412604 -0.0121055 0.010417 0.999919 0.00726298 -0.00476553 -0.0413348 -0.00682657 0.999122 0.0310085 0.0 0.0 0.0 1.0
office/seq-08/color/frame-000072.color.png office/seq-08/color/frame-000074.color.png 0.998412 0.004825 0.0561165 -0.0341642 -0.00487156 0.999988 0.000692935 0.0139865 -0.0561125 -0.000965228 0.998424 0.0721187 0.0 0.0 0.0 1.0
office/seq-08/color/frame-000074.color.png office/seq-08/color/frame-000076.color.png 0.999621 0.00312108 0.0273686 0.00962773 -0.00304908 0.999992 -0.00267194 0.00631163 -0.0273767 0.00258748 0.999622 0.0297978 0.0 0.0 0.0 1.0
office/seq-08/color/frame-000076.color.png office/seq-08/color/frame-000078.color.png 0.998562 -0.00931983 0.0527955 -0.0477924 0.00921088 0.999955 0.00230658 -0.0112404 -0.0528147 -0.00181696 0.998603 0.05849 0.0 0.0 0.0 1.0
office/seq-08/color/frame-000078.color.png office/seq-08/color/frame-000080.color.png 0.999471 -0.00709077 0.0317504 0.0120777 0.00751048 0.999886 -0.0131199 0.015021 -0.0316538 0.0133514 0.99941 0.038234 0.0 0.0 0.0 1.0
office/seq-08/color/frame-000080.color.png office/seq-08/color/frame-000082.color.png 0.999883 0.00110618 0.0152614 0.0181453 -0.00104346 0.999991 -0.00411691 0.00754416 -0.0152658 0.00410049 0.999875 0.0305524 0.0 0.0 0.0 1.0
office/seq-08/color/frame-000082.color.png office/seq-08/color/frame-000084.color.png 0.998216 -0.0151887 0.0577455 -0.03105 0.0153782 0.999878 -0.00283997 0.00372749 -0.0576953 0.00372293 0.998327 0.073727 0.0 0.0 0.0 1.0
office/seq-08/color/frame-000084.color.png office/seq-08/color/frame-000086.color.png 0.999433 -0.0029603 0.0335247 -0.0273317 0.00271217 0.999968 0.00744438 -0.0113735 -0.0335457 -0.00734924 0.99941 0.033378 0.0 0.0 0.0 1.0
office/seq-08/color/frame-000086.color.png office/seq-08/color/frame-000088.color.png 0.999716 -0.00805509 0.0224203 0.0136055 0.0078455 0.999925 0.0094208 -0.0151735 -0.0224945 -0.00924223 0.999704 0.0331966 0.0 0.0 0.0 1.0
office/seq-08/color/frame-000088.color.png office/seq-08/color/frame-000090.color.png 0.99713 -0.0284046 0.0701832 -0.0657585 0.0275272 0.999531 0.0134384 -0.0366843 -0.070532 -0.0114679 0.997444 0.0739205 0.0 0.0 0.0 1.0
office/seq-08/color/frame-000090.color.png office/seq-08/color/frame-000092.color.png 0.999084 -0.0134475 0.0406119 -0.0281471 0.0134005 0.999909 0.00142813 -0.00652129 -0.0406275 -0.000882598 0.999174 0.0493379 0.0 0.0 0.0 1.0
office/seq-08/color/frame-000092.color.png office/seq-08/color/frame-000094.color.png 0.998639 -0.0108781 0.0509986 -0.0327969 0.0107864 0.99994 0.00207337 -0.0168445 -0.0510181 -0.00152045 0.998697 0.0597934 0.0 0.0 0.0 1.0
office/seq-08/color/frame-000094.color.png office/seq-08/color/frame-000096.color.png 0.998887 -0.000969154 0.0471556 -0.0392002 0.00138091 0.999961 -0.00870013 0.000398442 -0.0471453 0.00875555 0.99885 0.0425379 0.0 0.0 0.0 1.0
office/seq-08/color/frame-000096.color.png office/seq-08/color/frame-000098.color.png 0.998652 -0.0176333 0.048813 -0.0380034 0.0181862 0.999775 -0.0109047 0.00297013 -0.0486097 0.0117778 0.998749 0.0487769 0.0 0.0 0.0 1.0
office/seq-08/color/frame-000098.color.png office/seq-08/color/frame-000100.color.png 0.997835 -0.00169726 0.0657407 -0.0610389 0.00160215 0.999998 0.00149939 -0.015609 -0.0657431 -0.00139082 0.997836 0.0296286 0.0 0.0 0.0 1.0
office/seq-08/color/frame-000100.color.png office/seq-08/color/frame-000102.color.png 0.998589 -0.00252587 0.0530347 -0.0437465 0.00232749 0.99999 0.00380195 -0.00480636 -0.0530438 -0.00367315 0.998585 0.0365179 0.0 0.0 0.0 1.0
office/seq-08/color/frame-000102.color.png office/seq-08/color/frame-000104.color.png 0.996911 -0.0197981 0.0760074 -0.0637488 0.0202098 0.999785 -0.00465096 -0.0101929 -0.075899 0.00617268 0.997096 0.0543904 0.0 0.0 0.0 1.0
office/seq-08/color/frame-000104.color.png office/seq-08/color/frame-000106.color.png 0.998678 -0.0013716 0.0513811 -0.0472896 0.00133831 0.999999 0.000682134 -0.00363928 -0.0513818 -0.000612471 0.998679 0.035634 0.0 0.0 0.0 1.0
office/seq-08/color/frame-000106.color.png office/seq-08/color/frame-000108.color.png 0.99864 -0.00844627 0.0514424 -0.0460059 0.00906393 0.999889 -0.0117847 0.00893706 -0.0513372 0.012235 0.998606 0.0290822 0.0 0.0 0.0 1.0
office/seq-08/color/frame-000108.color.png office/seq-08/color/frame-000110.color.png 0.998544 -0.0163164 0.0514215 -0.0488672 0.0168041 0.999818 -0.00906625 -0.00218171 -0.0512642 0.00991715 0.998636 0.0285847 0.0 0.0 0.0 1.0
office/seq-08/color/frame-000110.color.png office/seq-08/color/frame-000112.color.png 0.998127 -0.00904776 0.0604959 -0.0630206 0.00936016 0.999944 -0.0048823 -0.0016848 -0.0604484 0.0054394 0.998156 0.0311182 0.0 0.0 0.0 1.0
office/seq-08/color/frame-000112.color.png office/seq-08/color/frame-000114.color.png 0.998902 -0.0468403 -5.75903e-06 0.0535976 0.0467963 0.997969 -0.0432184 0.0968392 0.00203012 0.0431707 0.999066 0.0390062 0.0 0.0 0.0 1.0
office/seq-08/color/frame-000114.color.png office/seq-08/color/frame-000116.color.png 0.999341 -0.00719679 0.0355686 -0.0365707 0.00750939 0.999934 -0.00866516 0.00503259 -0.035504 0.00892654 0.99933 0.017249 0.0 0.0 0.0 1.0
office/seq-08/color/frame-000116.color.png office/seq-08/color/frame-000118.color.png 0.99938 -0.0193263 0.0294377 -0.0351511 0.0198583 0.999643 -0.0178888 0.0156918 -0.0290815 0.0184623 0.999407 0.00539088 0.0 0.0 0.0 1.0
office/seq-08/color/frame-000118.color.png office/seq-08/color/frame-000120.color.png 0.999812 -0.000687138 0.0193726 -0.0275527 0.000560038 0.999978 0.00656598 -0.00586107 -0.0193768 -0.00655392 0.999791 0.0047785 0.0 0.0 0.0 1.0
office/seq-08/color/frame-000120.color.png office/seq-08/color/frame-000122.color.png 0.999579 -0.0126143 0.026136 -0.0288247 0.012976 0.999822 -0.0137151 -0.00503294 -0.0259583 0.0140484 0.999564 0.00823963 0.0 0.0 0.0 1.0
office/seq-08/color/frame-000122.color.png office/seq-08/color/frame-000124.color.png 0.999746 0.00279057 0.0223845 -0.0322012 -0.0026394 0.999974 -0.00677885 0.00767395 -0.0224028 0.00671801 0.999727 0.00459659 0.0 0.0 0.0 1.0
office/seq-08/color/frame-000124.color.png office/seq-08/color/frame-000126.color.png 0.999737 -0.0020574 0.0228203 -0.0399327 0.00222057 0.999972 -0.00712768 0.002724 -0.0228051 0.00717646 0.999714 0.00702655 0.0 0.0 0.0 1.0
office/seq-08/color/frame-000126.color.png office/seq-08/color/frame-000128.color.png 0.999912 0.00132248 0.013182 -0.0251982 -0.00133852 0.999998 0.00120648 0.00121632 -0.0131803 -0.00122401 0.999912 0.002985 0.0 0.0 0.0 1.0
office/seq-08/color/frame-000128.color.png office/seq-08/color/frame-000130.color.png 0.999879 0.0111238 0.0108447 -0.0342038 -0.0112577 0.99986 0.012373 -0.00962297 -0.0107054 -0.0124935 0.999864 0.00286138 0.0 0.0 0.0 1.0
office/seq-08/color/frame-000130.color.png office/seq-08/color/frame-000132.color.png 0.999984 -0.00258154 0.0050266 -0.0207617 0.00254333 0.999968 0.00759707 -0.0141222 -0.00504613 -0.00758419 0.999959 -0.000148773 0.0 0.0 0.0 1.0
office/seq-08/color/frame-000132.color.png office/seq-08/color/frame-000134.color.png 0.999956 -0.00375762 0.008598 -0.0325116 0.00371113 0.999978 0.00541349 -0.0106722 -0.00861826 -0.00538138 0.999949 0.00700772 0.0 0.0 0.0 1.0
office/seq-08/color/frame-000134.color.png office/seq-08/color/frame-000136.color.png 0.999937 -0.0101777 -0.00469745 -0.0104188 0.0101852 0.999947 0.00156981 -0.0222986 0.00468123 -0.00161753 0.999988 -0.00796771 0.0 0.0 0.0 1.0
office/seq-08/color/frame-000136.color.png office/seq-08/color/frame-000138.color.png 0.999996 0.00122877 -0.00248325 -0.00802237 -0.00124519 0.999977 -0.00662062 0.00625286 0.00247511 0.00662365 0.999975 -0.000354886 0.0 0.0 0.0 1.0
office/seq-08/color/frame-000138.color.png office/seq-08/color/frame-000140.color.png 0.999905 0.00198674 0.013603 -0.0363079 -0.00205755 0.999984 0.00519198 -0.0178876 -0.0135924 -0.00521944 0.999894 0.0214836 0.0 0.0 0.0 1.0
office/seq-08/color/frame-000140.color.png office/seq-08/color/frame-000142.color.png 0.999994 -0.000229898 -0.00336415 -0.00303984 0.000188254 0.999923 -0.0123748 0.0212784 0.00336663 0.0123741 0.999918 0.00972426 0.0 0.0 0.0 1.0
office/seq-08/color/frame-000142.color.png office/seq-08/color/frame-000144.color.png 0.999715 0.00552253 -0.023243 0.021951 -0.00552392 0.999985 5.47516e-07 0.00149224 0.0232426 0.0001278 0.99973 0.00148463 0.0 0.0 0.0 1.0
office/seq-08/color/frame-000144.color.png office/seq-08/color/frame-000146.color.png 0.99916 0.0161141 -0.0376786 0.0369084 -0.0156434 0.999796 0.0127549 -0.0168337 0.0378765 -0.0121548 0.999208 -0.0158274 0.0 0.0 0.0 1.0
office/seq-08/color/frame-000146.color.png office/seq-08/color/frame-000148.color.png 0.999595 0.022773 -0.0170577 -0.00644058 -0.0224619 0.999582 0.0182086 -0.00775509 0.0174652 -0.0178181 0.999689 0.0121665 0.0 0.0 0.0 1.0
office/seq-08/color/frame-000148.color.png office/seq-08/color/frame-000150.color.png 0.999719 0.01084 -0.0210756 0.0136768 -0.0106613 0.999906 0.00857403 -0.00259735 0.0211666 -0.00834691 0.999741 -0.00128615 0.0 0.0 0.0 1.0
office/seq-08/color/frame-000150.color.png office/seq-08/color/frame-000152.color.png 0.999901 0.011364 0.00826318 -0.0459502 -0.0115457 0.999685 0.0222768 -0.0227119 -0.00800748 -0.02237 0.999718 0.0585021 0.0 0.0 0.0 1.0
office/seq-08/color/frame-000152.color.png office/seq-08/color/frame-000154.color.png 0.999878 0.00774426 -0.0135668 0.00631544 -0.00762189 0.99993 0.00904977 -0.00790256 0.013636 -0.00894525 0.999867 0.0134077 0.0 0.0 0.0 1.0
office/seq-08/color/frame-000154.color.png office/seq-08/color/frame-000156.color.png 0.999954 0.00117276 -0.00952527 0.00284928 -0.00114459 0.999995 0.00296212 -0.00648785 0.00952861 -0.00295109 0.99995 0.0117559 0.0 0.0 0.0 1.0
office/seq-08/color/frame-000156.color.png office/seq-08/color/frame-000158.color.png 0.99971 0.00429916 -0.0237068 0.00883234 -0.00440051 0.999981 -0.0042257 -0.00812721 0.0236882 0.0043288 0.99971 0.0196764 0.0 0.0 0.0 1.0
office/seq-08/color/frame-000158.color.png office/seq-08/color/frame-000160.color.png 0.999704 0.0117664 -0.0212806 0.0195137 -0.0118148 0.999928 -0.00214776 0.00202587 0.0212539 0.00239853 0.999771 0.0121975 0.0 0.0 0.0 1.0
office/seq-08/color/frame-000160.color.png office/seq-08/color/frame-000162.color.png 0.999681 0.00989847 -0.0232496 0.0245931 -0.00999631 0.999942 -0.00409606 -0.000575818 0.0232077 0.00432718 0.999721 0.00694239 0.0 0.0 0.0 1.0
office/seq-08/color/frame-000162.color.png office/seq-08/color/frame-000164.color.png 0.999635 0.0130546 -0.02365 0.016305 -0.0124717 0.999619 0.02463 -0.0449336 0.0239624 -0.024326 0.999417 0.0244391 0.0 0.0 0.0 1.0
office/seq-08/color/frame-000164.color.png office/seq-08/color/frame-000166.color.png 0.999374 0.0110654 -0.0336015 0.0375347 -0.011161 0.999934 -0.00265861 -0.00229349 0.0335698 0.00303197 0.999432 0.0133358 0.0 0.0 0.0 1.0
office/seq-08/color/frame-000166.color.png office/seq-08/color/frame-000168.color.png 0.999554 0.0157415 -0.0253878 0.0323527 -0.0157237 0.999876 0.000903855 4.84399e-05 0.0253988 -0.000504252 0.999677 0.00691199 0.0 0.0 0.0 1.0
office/seq-08/color/frame-000168.color.png office/seq-08/color/frame-000170.color.png 0.999575 0.0128842 -0.0261542 0.0337955 -0.0128662 0.999917 0.00085809 -0.000406595 0.0261631 -0.000521229 0.999658 0.00295866 0.0 0.0 0.0 1.0
office/seq-08/color/frame-000170.color.png office/seq-08/color/frame-000172.color.png 0.999666 0.0107823 -0.0234819 0.0222374 -0.0106674 0.999931 0.00501048 -0.00761419 0.0235344 -0.00475831 0.999712 0.0127565 0.0 0.0 0.0 1.0
office/seq-08/color/frame-000172.color.png office/seq-08/color/frame-000174.color.png 0.999657 0.00307897 -0.0259971 0.0409192 -0.00301105 0.999992 0.00265057 -0.0021638 0.026005 -0.00257139 0.999658 0.00133884 0.0 0.0 0.0 1.0
office/seq-08/color/frame-000174.color.png office/seq-08/color/frame-000176.color.png 0.999854 -0.00157994 -0.0170074 0.0177882 0.00166203 0.999987 0.00481435 -0.00894121 0.0169997 -0.00484191 0.999844 0.00202858 0.0 0.0 0.0 1.0
office/seq-08/color/frame-000176.color.png office/seq-08/color/frame-000178.color.png 0.999603 0.00305204 -0.0280269 0.0413058 -0.00295104 0.999989 0.00364446 -0.00616742 0.0280376 -0.0035603 0.9996 0.00237119 0.0 0.0 0.0 1.0
office/seq-08/color/frame-000178.color.png office/seq-08/color/frame-000180.color.png 0.999403 0.0100978 -0.033044 0.0470512 -0.0101001 0.999949 9.62164e-05 0.00518827 0.0330432 0.000237583 0.999454 0.0104049 0.0 0.0 0.0 1.0
office/seq-08/color/frame-000180.color.png office/seq-08/color/frame-000182.color.png 0.999829 0.00333468 -0.0182192 0.0270284 -0.00337312 0.999992 -0.00207988 0.00253286 0.0182122 0.00214098 0.999832 0.00579929 0.0 0.0 0.0 1.0
office/seq-08/color/frame-000182.color.png office/seq-08/color/frame-000184.color.png 0.999801 0.0060968 -0.0190173 0.0255141 -0.0060865 0.999981 0.000599043 -0.000679482 0.0190205 -0.000483174 0.999819 0.00269246 0.0 0.0 0.0 1.0
office/seq-08/color/frame-000184.color.png office/seq-08/color/frame-000186.color.png 0.999383 0.00666003 -0.0344928 0.0609488 -0.00687464 0.999958 -0.00610695 0.0138981 0.0344508 0.0063403 0.999386 0.00553167 0.0 0.0 0.0 1.0
office/seq-08/color/frame-000186.color.png office/seq-08/color/frame-000188.color.png 0.999692 0.00108871 -0.0247973 0.0465069 -0.00113035 0.999998 -0.00166503 -0.00360892 0.0247954 0.00169255 0.999691 0.017669 0.0 0.0 0.0 1.0
office/seq-08/color/frame-000188.color.png office/seq-08/color/frame-000190.color.png 0.999725 0.00438898 -0.0230501 0.0300617 -0.00436471 0.99999 0.001103 -0.00309154 0.0230547 -0.00100209 0.999734 -0.00144398 0.0 0.0 0.0 1.0
office/seq-08/color/frame-000190.color.png office/seq-08/color/frame-000192.color.png 0.99855 0.0152478 -0.0516268 0.0875408 -0.0150313 0.999876 0.00457924 0.000520542 0.0516903 -0.00379658 0.998656 -0.00419688 0.0 0.0 0.0 1.0
office/seq-08/color/frame-000192.color.png office/seq-08/color/frame-000194.color.png 0.999313 0.000132407 -0.0370622 0.0723751 -0.000198008 0.999998 -0.00176633 0.00236954 0.037062 0.00177245 0.999311 -0.000728965 0.0 0.0 0.0 1.0
office/seq-08/color/frame-000194.color.png office/seq-08/color/frame-000196.color.png 0.997877 0.0156314 -0.0632296 0.107969 -0.0152944 0.999866 0.00580997 -0.00537049 0.0633119 -0.00483058 0.997982 -0.0061481 0.0 0.0 0.0 1.0
office/seq-08/color/frame-000196.color.png office/seq-08/color/frame-000198.color.png 0.998827 0.0141985 -0.0462949 0.0743037 -0.0138714 0.999877 0.00737872 -0.00389946 0.0463939 -0.00672788 0.998901 -0.00278592 0.0 0.0 0.0 1.0
office/seq-08/color/frame-000198.color.png office/seq-08/color/frame-000200.color.png 0.999123 0.00896965 -0.0409111 0.063346 -0.00889558 0.999958 0.00199221 0.00636373 0.0409273 -0.00162653 0.999161 -0.0115912 0.0 0.0 0.0 1.0
office/seq-08/color/frame-000200.color.png office/seq-08/color/frame-000202.color.png 0.99721 0.02227 -0.071252 0.12046 -0.0214865 0.9997 0.0117439 -0.00540061 0.0714922 -0.0101801 0.997389 -0.00775659 0.0 0.0 0.0 1.0
office/seq-08/color/frame-000202.color.png office/seq-08/color/frame-000204.color.png 0.998833 0.0188857 -0.0444633 0.0681143 -0.0184983 0.999787 0.0091083 -0.000840433 0.0446259 -0.00827518 0.998969 -0.007514 0.0 0.0 0.0 1.0
office/seq-08/color/frame-000204.color.png office/seq-08/color/frame-000206.color.png 0.998901 0.0208732 -0.0419714 0.0735073 -0.0205095 0.999749 0.00907822 -0.0035894 0.0421503 -0.00820743 0.999078 0.000599742 0.0 0.0 0.0 1.0
office/seq-08/color/frame-000206.color.png office/seq-08/color/frame-000208.color.png 0.999471 0.0077162 -0.0315939 0.0514247 -0.00757962 0.999961 0.0044403 -0.000132067 0.0316269 -0.00419849 0.999491 -0.00700843 0.0 0.0 0.0 1.0
office/seq-08/color/frame-000208.color.png office/seq-08/color/frame-000210.color.png 0.999101 0.0158294 -0.0393146 0.0618538 -0.0154686 0.999836 0.00946649 -0.000691973 0.039458 -0.00884983 0.999182 -0.00693977 0.0 0.0 0.0 1.0
office/seq-08/color/frame-000210.color.png office/seq-08/color/frame-000212.color.png 0.999712 0.00556593 -0.0233289 0.0363818 -0.00545474 0.999973 0.00482711 -0.00454595 0.0233552 -0.00469846 0.999716 -0.00764549 0.0 0.0 0.0 1.0
office/seq-08/color/frame-000212.color.png office/seq-08/color/frame-000214.color.png 0.999635 0.00885544 -0.025518 0.0431632 -0.00883732 0.999961 0.000822414 0.00585203 0.0255243 -0.000596602 0.999674 -0.0107985 0.0 0.0 0.0 1.0
office/seq-08/color/frame-000214.color.png office/seq-08/color/frame-000216.color.png 0.999568 0.0157827 -0.0247775 0.0447049 -0.0157353 0.999874 0.00210995 0.00315716 0.0248077 -0.00171917 0.999691 -0.0147063 0.0 0.0 0.0 1.0
office/seq-08/color/frame-000216.color.png office/seq-08/color/frame-000218.color.png 0.999822 0.0118728 -0.0146604 0.0221852 -0.0119931 0.999895 -0.00814992 0.0302201 0.0145621 0.00832429 0.999859 -0.00608993 0.0 0.0 0.0 1.0
office/seq-08/color/frame-000218.color.png office/seq-08/color/frame-000220.color.png 0.999725 0.0139642 -0.018848 0.0333843 -0.0139483 0.999902 0.000973655 0.00501229 0.0188598 -0.000710479 0.999822 -0.0130488 0.0 0.0 0.0 1.0
office/seq-08/color/frame-000220.color.png office/seq-08/color/frame-000222.color.png 0.999732 0.00896454 -0.0213584 0.0310394 -0.00925774 0.999864 -0.013669 0.033387 0.0212329 0.013863 0.999678 -0.0222718 0.0 0.0 0.0 1.0
office/seq-08/color/frame-000222.color.png office/seq-08/color/frame-000224.color.png 0.999329 0.0242854 -0.027407 0.0304587 -0.0244446 0.999686 -0.00548946 0.0274657 0.0272651 0.00615573 0.999609 -0.0302126 0.0 0.0 0.0 1.0
office/seq-08/color/frame-000224.color.png office/seq-08/color/frame-000226.color.png 0.999421 0.022339 -0.0256432 0.037939 -0.0222278 0.999742 0.00461361 0.0039588 0.0257397 -0.00404094 0.999661 -0.0303286 0.0 0.0 0.0 1.0
office/seq-08/color/frame-000226.color.png office/seq-08/color/frame-000228.color.png 0.999562 0.0108761 -0.027543 0.0437614 -0.010657 0.99991 0.00809081 -0.0104517 0.0276285 -0.00779373 0.999588 -0.0255535 0.0 0.0 0.0 1.0
office/seq-08/color/frame-000228.color.png office/seq-08/color/frame-000230.color.png 0.999816 0.000437222 -0.0191799 0.0308188 -0.000376002 0.999995 0.0031976 -0.00146625 0.0191812 -0.00318981 0.999811 -0.025677 0.0 0.0 0.0 1.0
office/seq-08/color/frame-000230.color.png office/seq-08/color/frame-000232.color.png 0.999965 0.00272825 -0.0079649 0.00619537 -0.00270348 0.999992 0.00310954 0.00337209 0.00797328 -0.00308788 0.999963 -0.0159104 0.0 0.0 0.0 1.0
office/seq-08/color/frame-000232.color.png office/seq-08/color/frame-000234.color.png 0.999425 0.0118646 -0.031774 0.0540742 -0.0115865 0.999893 0.00892354 0.00658136 0.0318765 -0.00855026 0.999455 -0.0222704 0.0 0.0 0.0 1.0
office/seq-08/color/frame-000234.color.png office/seq-08/color/frame-000236.color.png 0.999597 0.0112135 -0.0260762 0.0406519 -0.0109129 0.999873 0.0116381 -0.0141627 0.0262034 -0.0113488 0.999592 -0.022269 0.0 0.0 0.0 1.0
office/seq-08/color/frame-000236.color.png office/seq-08/color/frame-000238.color.png 0.999779 -0.00431294 -0.0206019 0.0314289 0.00455675 0.99992 0.0118018 -0.0118638 0.0205494 -0.0118931 0.999718 -0.018702 0.0 0.0 0.0 1.0
office/seq-08/color/frame-000238.color.png office/seq-08/color/frame-000240.color.png 0.999822 0.00291673 -0.018625 0.0271922 -0.00273313 0.999947 0.00987752 -0.00692979 0.0186529 -0.00982487 0.999778 -0.0128416 0.0 0.0 0.0 1.0
office/seq-08/color/frame-000240.color.png office/seq-08/color/frame-000242.color.png 0.999231 0.0144099 -0.0364543 0.059522 -0.0142275 0.999885 0.00525721 -0.000543498 0.036526 -0.00473454 0.999321 -0.015084 0.0 0.0 0.0 1.0
office/seq-08/color/frame-000242.color.png office/seq-08/color/frame-000244.color.png 0.99965 -0.00298714 -0.0262799 0.0375846 0.00319803 0.999963 0.00798563 -0.0105303 0.0262549 -0.00806687 0.999623 -0.0167885 0.0 0.0 0.0 1.0
office/seq-08/color/frame-000244.color.png office/seq-08/color/frame-000246.color.png 0.999152 0.00228061 -0.0411251 0.0686697 -0.0024017 0.999993 -0.00289352 0.00788151 0.0411183 0.00298982 0.99915 -0.0126925 0.0 0.0 0.0 1.0
office/seq-08/color/frame-000246.color.png office/seq-08/color/frame-000248.color.png 0.999512 0.00959979 -0.0297346 0.0417418 -0.00969574 0.999948 -0.00308457 0.0165318 0.0297033 0.00337138 0.999553 -0.0216882 0.0 0.0 0.0 1.0
office/seq-08/color/frame-000248.color.png office/seq-08/color/frame-000250.color.png 0.999728 0.00706758 -0.0222463 0.0383271 -0.00699663 0.99997 0.00326461 -0.000700679 0.0222688 -0.00310808 0.999747 -0.00752366 0.0 0.0 0.0 1.0
office/seq-08/color/frame-000250.color.png office/seq-08/color/frame-000252.color.png 0.999115 0.0136428 -0.0398001 0.0710304 -0.0140688 0.999846 -0.0104419 0.0286759 0.0396514 0.0109926 0.999153 -0.0103821 0.0 0.0 0.0 1.0
office/seq-08/color/frame-000252.color.png office/seq-08/color/frame-000254.color.png 0.999985 -0.000626772 -0.00541762 0.0108343 0.000635878 0.999998 0.00167981 0.00397014 0.00541654 -0.0016832 0.999984 -0.0143516 0.0 0.0 0.0 1.0
office/seq-08/color/frame-000254.color.png office/seq-08/color/frame-000256.color.png 0.999142 0.00508535 -0.0411087 0.0640487 -0.004585 0.999914 0.0122573 -0.011141 0.0411676 -0.0120583 0.999079 -0.0133135 0.0 0.0 0.0 1.0
office/seq-08/color/frame-000256.color.png office/seq-08/color/frame-000258.color.png 0.999817 0.00903879 -0.0168474 0.0275538 -0.00904173 0.999959 -9.63469e-05 0.00375788 0.0168459 0.000248657 0.999858 -0.0058018 0.0 0.0 0.0 1.0
office/seq-08/color/frame-000258.color.png office/seq-08/color/frame-000260.color.png 0.999334 -0.00429189 -0.0362481 0.0533786 0.0045665 0.999961 0.00749846 -0.0184886 0.0362144 -0.00765901 0.999315 -0.0123912 0.0 0.0 0.0 1.0
office/seq-08/color/frame-000260.color.png office/seq-08/color/frame-000262.color.png 0.99972 -0.00265117 -0.0235201 0.0419083 0.00256516 0.99999 -0.00369004 0.00385419 0.0235296 0.0036287 0.999717 -0.0087204 0.0 0.0 0.0 1.0
office/seq-08/color/frame-000262.color.png office/seq-08/color/frame-000264.color.png 0.999749 -0.00898096 -0.0205301 0.0322064 0.00906213 0.999951 0.00386771 -0.0138567 0.0204944 -0.00405279 0.999782 -0.0139802 0.0 0.0 0.0 1.0
office/seq-08/color/frame-000264.color.png office/seq-08/color/frame-000266.color.png 0.999843 -0.00713297 -0.0162467 0.0237103 0.00716436 0.999973 0.00186768 0.00189447 0.0162328 -0.00198376 0.999866 -0.0047065 0.0 0.0 0.0 1.0
office/seq-08/color/frame-000266.color.png office/seq-08/color/frame-000268.color.png 0.998996 0.00976829 -0.0437135 0.0685152 -0.0100283 0.999933 -0.00573065 0.00933325 0.0436547 0.00616321 0.999028 -0.0135595 0.0 0.0 0.0 1.0
office/seq-08/color/frame-000268.color.png office/seq-08/color/frame-000270.color.png 0.999753 -0.00231023 -0.0221057 0.0320494 0.00248571 0.999966 0.0079111 -0.0114517 0.0220864 -0.007964 0.999724 -0.0143948 0.0 0.0 0.0 1.0
office/seq-08/color/frame-000270.color.png office/seq-08/color/frame-000272.color.png 0.999914 0.00318315 -0.0127142 0.0152909 -0.0031956 0.999995 -0.00096051 0.00378422 0.0127113 0.00100092 0.999919 -0.000792027 0.0 0.0 0.0 1.0
office/seq-08/color/frame-000272.color.png office/seq-08/color/frame-000274.color.png 0.999421 0.011383 -0.0320571 0.0532363 -0.0113037 0.999933 0.00265208 0.0013861 0.032085 -0.00228809 0.999482 -0.020879 0.0 0.0 0.0 1.0
office/seq-08/color/frame-000274.color.png office/seq-08/color/frame-000276.color.png 0.999859 0.00225097 -0.0166329 0.0216624 -0.00224803 0.999997 0.000197331 0.00353772 0.0166334 -0.000159931 0.999862 -0.00977147 0.0 0.0 0.0 1.0
office/seq-08/color/frame-000276.color.png office/seq-08/color/frame-000278.color.png 0.999265 0.00995807 -0.0370215 0.0533703 -0.00966212 0.99992 0.00816402 -0.00615274 0.0370998 -0.00780029 0.999281 -0.0202996 0.0 0.0 0.0 1.0
office/seq-08/color/frame-000278.color.png office/seq-08/color/frame-000280.color.png 0.999841 0.00229227 -0.0176958 0.0240097 -0.00230951 0.999997 -0.000958648 0.00658337 0.0176936 0.000999298 0.999843 -0.0127763 0.0 0.0 0.0 1.0
office/seq-08/color/frame-000280.color.png office/seq-08/color/frame-000282.color.png 0.999159 0.0160292 -0.0377446 0.048929 -0.0158109 0.999856 0.00607937 -0.00157265 0.0378366 -0.00547743 0.999269 -0.0207103 0.0 0.0 0.0 1.0
office/seq-08/color/frame-000282.color.png office/seq-08/color/frame-000284.color.png 0.999536 -0.00668583 -0.029713 0.0412624 0.00686666 0.999959 0.00598675 -0.00444926 0.0296717 -0.00618798 0.999541 -0.0217882 0.0 0.0 0.0 1.0
office/seq-08/color/frame-000284.color.png office/seq-08/color/frame-000286.color.png 0.999808 0.00889656 -0.0174425 0.0165109 -0.00881077 0.999949 0.00499079 -0.00845237 0.0174859 -0.00483622 0.999835 -0.014394 0.0 0.0 0.0 1.0
office/seq-08/color/frame-000286.color.png office/seq-08/color/frame-000288.color.png 0.999309 0.00934373 -0.0359667 0.0459487 -0.00952812 0.999942 -0.00495948 0.0128475 0.0359183 0.0052988 0.999341 -0.0220985 0.0 0.0 0.0 1.0
office/seq-08/color/frame-000288.color.png office/seq-08/color/frame-000290.color.png 0.999683 0.00102059 -0.0251562 0.0289153 -0.000960093 0.999997 0.00241706 0.00175824 0.0251586 -0.00239215 0.999681 -0.0174347 0.0 0.0 0.0 1.0
office/seq-08/color/frame-000290.color.png office/seq-08/color/frame-000292.color.png 0.99953 0.00533413 -0.0301734 0.0381291 -0.00554114 0.999962 -0.00678203 0.0158597 0.0301361 0.00694607 0.999522 -0.0185561 0.0 0.0 0.0 1.0
office/seq-08/color/frame-000292.color.png office/seq-08/color/frame-000294.color.png 0.999609 0.00323864 -0.0277585 0.0365345 -0.00323533 0.999995 0.000166003 0.00278053 0.0277588 -7.61637e-05 0.999615 -0.0230997 0.0 0.0 0.0 1.0
office/seq-08/color/frame-000294.color.png office/seq-08/color/frame-000296.color.png 0.999819 0.00204339 -0.0189262 0.0207769 -0.00206085 0.999997 -0.000902588 0.00493336 0.0189243 0.0009414 0.99982 -0.0203108 0.0 0.0 0.0 1.0
office/seq-08/color/frame-000296.color.png office/seq-08/color/frame-000298.color.png 0.999598 0.00160102 -0.0283076 0.0317604 -0.00165859 0.999997 -0.00201021 0.0101815 0.0283042 0.00205634 0.999597 -0.0214646 0.0 0.0 0.0 1.0
office/seq-08/color/frame-000298.color.png office/seq-08/color/frame-000300.color.png 0.999685 -0.00296025 -0.0249076 0.0329305 0.00305593 0.999988 0.00380291 -0.00455439 0.0248961 -0.00387779 0.999682 -0.0167297 0.0 0.0 0.0 1.0
office/seq-08/color/frame-000300.color.png office/seq-08/color/frame-000302.color.png 0.999962 -0.00506131 -0.00712628 0.00899923 0.00511219 0.999961 0.00713973 -0.0140253 0.00708982 -0.00717593 0.999949 -0.00947738 0.0 0.0 0.0 1.0
office/seq-08/color/frame-000302.color.png office/seq-08/color/frame-000304.color.png 0.99978 -0.0114636 -0.0175885 0.0236658 0.0114676 0.999934 0.00012609 -0.00432954 0.017586 -0.000327818 0.999845 -0.0212234 0.0 0.0 0.0 1.0
office/seq-08/color/frame-000304.color.png office/seq-08/color/frame-000306.color.png 0.99984 -0.00551043 -0.0170201 0.0356218 0.00543635 0.999976 -0.00439542 0.00218298 0.0170439 0.00430219 0.999846 -0.0299467 0.0 0.0 0.0 1.0
office/seq-08/color/frame-000306.color.png office/seq-08/color/frame-000308.color.png 0.999767 -0.00515668 -0.0209681 0.0299301 0.00516486 0.999987 0.000335567 -0.000704177 0.0209661 -0.000443767 0.99978 -0.014805 0.0 0.0 0.0 1.0
office/seq-08/color/frame-000308.color.png office/seq-08/color/frame-000310.color.png 0.999891 -0.011895 -0.00875648 0.0232383 0.0119609 0.9999 0.00752007 -0.0174579 0.00866611 -0.00762395 0.999933 -0.0210116 0.0 0.0 0.0 1.0
office/seq-08/color/frame-000310.color.png office/seq-08/color/frame-000312.color.png 0.999819 6.41814e-05 -0.0190409 0.0359083 -0.000261755 0.999946 -0.0103749 0.0154246 0.0190393 0.010378 0.999765 -0.0241278 0.0 0.0 0.0 1.0
office/seq-08/color/frame-000312.color.png office/seq-08/color/frame-000314.color.png 0.999957 -0.000272407 -0.00926398 0.024419 0.00025634 0.999998 -0.00173131 0.00258471 0.0092644 0.00172884 0.999956 -0.0174019 0.0 0.0 0.0 1.0
office/seq-08/color/frame-000314.color.png office/seq-08/color/frame-000316.color.png 0.999967 -0.000499757 -0.0080488 0.019184 0.000515785 0.999998 0.00198782 -0.00648637 0.0080478 -0.00199187 0.999966 -0.0138187 0.0 0.0 0.0 1.0
office/seq-08/color/frame-000316.color.png office/seq-08/color/frame-000318.color.png 0.999944 -0.000529639 -0.0106017 0.0264442 0.000528275 1.0 -0.000136245 -0.00144227 0.0106018 0.000130596 0.999944 -0.0130763 0.0 0.0 0.0 1.0
office/seq-08/color/frame-000318.color.png office/seq-08/color/frame-000320.color.png 0.999982 0.00191648 -0.00571966 0.017687 -0.00188956 0.999987 0.00470641 -0.0105359 0.00572856 -0.00469552 0.999972 -0.0101361 0.0 0.0 0.0 1.0
office/seq-08/color/frame-000320.color.png office/seq-08/color/frame-000322.color.png 0.99992 0.00585058 -0.011226 0.0316747 -0.00583622 0.999982 0.00131275 -0.00313183 0.0112335 -0.00124708 0.999936 -0.0201912 0.0 0.0 0.0 1.0
office/seq-08/color/frame-000322.color.png office/seq-08/color/frame-000324.color.png 0.999935 0.00485951 -0.0103226 0.0233328 -0.00480265 0.999973 0.00552555 -0.0104226 0.0103491 -0.00547564 0.999932 -0.0155038 0.0 0.0 0.0 1.0
office/seq-08/color/frame-000324.color.png office/seq-08/color/frame-000326.color.png 0.999911 0.00338322 -0.0129215 0.0270553 -0.00328369 0.999965 0.0077155 -0.00903457 0.0129472 -0.00767238 0.999887 -0.0122155 0.0 0.0 0.0 1.0
office/seq-08/color/frame-000326.color.png office/seq-08/color/frame-000328.color.png 0.99981 0.0066089 -0.0183319 0.0366956 -0.006491 0.999958 0.0064832 -0.00805748 0.0183739 -0.006363 0.999811 -0.0132171 0.0 0.0 0.0 1.0
office/seq-08/color/frame-000328.color.png office/seq-08/color/frame-000330.color.png 0.999765 0.00899372 -0.0197091 0.0295634 -0.00886509 0.999939 0.00660492 -0.00633116 0.0197673 -0.00642866 0.999784 -0.0133346 0.0 0.0 0.0 1.0
office/seq-08/color/frame-000330.color.png office/seq-08/color/frame-000332.color.png 0.99989 0.00417889 -0.0142431 0.0283139 -0.00414108 0.999988 0.00268275 -0.000869319 0.0142541 -0.0026235 0.999895 -0.0128793 0.0 0.0 0.0 1.0
office/seq-08/color/frame-000332.color.png office/seq-08/color/frame-000334.color.png 0.999634 0.00923758 -0.0254269 0.0461698 -0.0090241 0.999923 0.0084985 -0.00667857 0.0255034 -0.00826596 0.999641 -0.0187665 0.0 0.0 0.0 1.0
office/seq-08/color/frame-000334.color.png office/seq-08/color/frame-000336.color.png 0.999658 0.0076968 -0.0249696 0.0363743 -0.00756076 0.999956 0.00553752 -0.00288258 0.0250112 -0.00534684 0.999673 -0.0175763 0.0 0.0 0.0 1.0
office/seq-08/color/frame-000336.color.png office/seq-08/color/frame-000338.color.png 0.999841 0.00551229 -0.0169692 0.0221914 -0.00540047 0.999964 0.00662587 -0.00756729 0.0170051 -0.00653313 0.999834 -0.0178728 0.0 0.0 0.0 1.0
office/seq-08/color/frame-000338.color.png office/seq-08/color/frame-000340.color.png 0.999682 0.00628702 -0.0244398 0.029344 -0.00588653 0.999848 0.0164248 -0.0288279 0.0245393 -0.0162757 0.999566 -0.03106 0.0 0.0 0.0 1.0
office/seq-08/color/frame-000340.color.png office/seq-08/color/frame-000342.color.png 0.999726 -0.000835546 -0.0234013 0.027896 0.000962755 0.999985 0.00542484 -0.00359046 0.0233964 -0.00544589 0.999712 -0.0281523 0.0 0.0 0.0 1.0
office/seq-08/color/frame-000342.color.png office/seq-08/color/frame-000344.color.png 0.999267 0.00364185 -0.038102 0.0379393 -0.00297715 0.999843 0.0174874 -0.0135307 0.0381597 -0.0173612 0.999121 -0.0353395 0.0 0.0 0.0 1.0
office/seq-08/color/frame-000344.color.png office/seq-08/color/frame-000346.color.png 0.998816 0.00497052 -0.048394 0.044058 -0.0046853 0.999971 0.00600574 0.0045709 0.0484225 -0.00577189 0.99881 -0.0457954 0.0 0.0 0.0 1.0
office/seq-08/color/frame-000346.color.png office/seq-08/color/frame-000348.color.png 0.999675 0.00335506 -0.0252889 0.0230405 -0.00324762 0.999986 0.00428855 0.00105265 0.025303 -0.00420502 0.999671 -0.0311487 0.0 0.0 0.0 1.0
office/seq-08/color/frame-000348.color.png office/seq-08/color/frame-000350.color.png 0.99939 0.00679507 -0.0342562 0.00520223 -0.00708354 0.99994 -0.00830706 0.0169098 0.0341977 0.00854466 0.999379 -0.0505066 0.0 0.0 0.0 1.0
office/seq-08/color/frame-000350.color.png office/seq-08/color/frame-000352.color.png 0.999796 -0.00186371 -0.020132 0.00555646 0.00196901 0.999985 0.00521374 -0.000741385 0.020122 -0.00525236 0.999784 -0.0196435 0.0 0.0 0.0 1.0
