office/seq-08/color/frame-000001.color.png office/seq-08/color/frame-000003.color.png 0.999998 4.62744e-05 -0.00199488 -9.25837e-05 -3.89062e-05 0.999993 0.00369345 0.00185517 0.00199503 -0.00369336 0.999991 0.00107731 0.0 0.0 0.0 1.0
office/seq-08/color/frame-000003.color.png office/seq-08/color/frame-000005.color.png 0.999992 -0.00294444 -0.00271358 -6.64018e-05 0.0029664 0.999963 0.00812409 -0.00251253 0.00268956 -0.00813207 0.999963 0.00482848 0.0 0.0 0.0 1.0
office/seq-08/color/frame-000005.color.png office/seq-08/color/frame-000007.color.png 0.999989 -0.00227312 -0.00414931 -0.00254144 0.00230639 0.999965 0.00803231 -0.00210562 0.0041309 -0.00804179 0.999959 0.00657276 0.0 0.0 0.0 1.0
office/seq-08/color/frame-000007.color.png office/seq-08/color/frame-000009.color.png 0.999953 -0.00392221 -0.00891785 -0.000415639 0.00397115 0.999977 0.00547686 0.00120231 0.00889617 -0.00551203 0.999945 0.00869361 0.0 0.0 0.0 1.0
office/seq-08/color/frame-000009.color.png office/seq-08/color/frame-000011.color.png 0.999829 0.0105625 -0.0152083 0.00048973 -0.0103592 0.999857 0.0133843 -0.0130283 0.0153475 -0.0132244 0.999795 0.0211472 0.0 0.0 0.0 1.0
office/seq-08/color/frame-000011.color.png office/seq-08/color/frame-000013.color.png 0.999928 0.00133707 -0.0118907 0.00298117 -0.00134143 0.999999 -0.000359106 -0.0022097 0.0118902 0.000375033 0.999929 0.0171087 0.0 0.0 0.0 1.0
office/seq-08/color/frame-000013.color.png office/seq-08/color/frame-000015.color.png 0.999961 0.000395309 -0.00879827 0.00114671 -0.000345817 0.999984 0.00562587 -0.00444387 0.00880037 -0.00562262 0.999945 0.0156362 0.0 0.0 0.0 1.0
office/seq-08/color/frame-000015.color.png office/seq-08/color/frame-000017.color.png 0.99987 0.0043458 -0.0155173 0.00744118 -0.00414488 0.999907 0.0129566 -0.00610543 0.0155722 -0.0128906 0.999796 0.0255047 0.0 0.0 0.0 1.0
office/seq-08/color/frame-000017.color.png office/seq-08/color/frame-000019.color.png 0.999906 -0.000837168 -0.0136537 0.0103879 0.00102143 0.999908 0.0134943 -0.0147033 0.0136411 -0.0135069 0.999816 0.0294938 0.0 0.0 0.0 1.0
office/seq-08/color/frame-000019.color.png office/seq-08/color/frame-000021.color.png 0.999955 0.00381617 -0.00870238 0.0124434 -0.00383412 0.999991 -0.0020469 0.00820587 0.00869448 0.00208018 0.99996 0.0146211 0.0 0.0 0.0 1.0
office/seq-08/color/frame-000021.color.png office/seq-08/color/frame-000023.color.png 0.999915 -0.00199757 -0.0128598 0.0123414 0.00216102 0.999917 0.012709 -0.00705371 0.0128333 -0.0127358 0.999837 0.0339637 0.0 0.0 0.0 1.0
office/seq-08/color/frame-000023.color.png office/seq-08/color/frame-000025.color.png 0.999943 0.00279347 -0.0102892 0.0137733 -0.00255642 0.999732 0.0229798 -0.0119456 0.0103507 -0.0229522 0.999683 0.025129 0.0 0.0 0.0 1.0
office/seq-08/color/frame-000025.color.png office/seq-08/color/frame-000027.color.png 0.999901 0.00907608 -0.0107835 0.0122063 -0.00921223 0.999878 -0.0126432 -0.0147609 0.0106674 0.0127412 0.999862 0.0433148 0.0 0.0 0.0 1.0
office/seq-08/color/frame-000027.color.png office/seq-08/color/frame-000029.color.png 0.999931 -0.0101816 -0.00588947 0.00870598 0.0101783 0.999948 -0.00059517 0.00228524 0.00589525 0.000535181 0.999982 0.0222624 0.0 0.0 0.0 1.0
office/seq-08/color/frame-000029.color.png office/seq-08/color/frame-000031.color.png 0.999855 -0.00469671 -0.0163458 0.0319804 0.00467152 0.999988 -0.00157883 0.00124243 0.0163531 0.00150225 0.999865 0.0276841 0.0 0.0 0.0 1.0
office/seq-08/color/frame-000031.color.png office/seq-08/color/frame-000033.color.png 0.999937 0.0035389 -0.0106879 0.0167564 -0.00353669 0.999994 0.000226428 8.41804e-05 0.0106886 -0.000188605 0.999943 0.0358137 0.0 0.0 0.0 1.0
office/seq-08/color/frame-000033.color.png office/seq-08/color/frame-000035.color.png 0.999864 -0.0101389 -0.0130292 0.0208207 0.0102504 0.999911 0.00851914 -0.00242994 0.0129417 -0.00865154 0.999879 0.0232343 0.0 0.0 0.0 1.0
office/seq-08/color/frame-000035.color.png office/seq-08/color/frame-000037.color.png 0.999947 -0.00342046 -0.00966444 0.013306 0.00339315 0.99999 -0.00284047 -0.00354964 0.00967404 0.00280753 0.999949 0.0265877 0.0 0.0 0.0 1.0
office/seq-08/color/frame-000037.color.png office/seq-08/color/frame-000039.color.png 0.999713 0.0115764 -0.0209605 0.0294956 -0.0118676 0.999834 -0.0138248 0.0135494 0.020797 0.0140695 0.999685 0.0263526 0.0 0.0 0.0 1.0
office/seq-08/color/frame-000039.color.png office/seq-08/color/frame-000041.color.png 0.999759 -0.0113678 -0.018755 0.0140114 0.011321 0.999933 -0.00259783 0.0158934 0.0187832 0.00238486 0.999821 0.0159412 0.0 0.0 0.0 1.0
office/seq-08/color/frame-000041.color.png office/seq-08/color/frame-000043.color.png 0.999508 0.0218307 -0.0225172 0.0262672 -0.0216103 0.999717 0.0099873 0.00644887 0.0227289 -0.00949577 0.999697 0.0158246 0.0 0.0 0.0 1.0
office/seq-08/color/frame-000043.color.png office/seq-08/color/frame-000045.color.png 0.999405 0.0103305 -0.0329229 0.0308272 -0.00989949 0.999863 0.0132287 -0.00206986 0.0330552 -0.0128949 0.99937 0.0296249 0.0 0.0 0.0 1.0
office/seq-08/color/frame-000045.color.png office/seq-08/color/frame-000047.color.png 0.999662 0.00755161 -0.0248816 0.0246444 -0.00798532 0.999817 -0.017378 0.0332519 0.0247458 0.0175708 0.999539 0.0128755 0.0 0.0 0.0 1.0
office/seq-08/color/frame-000047.color.png office/seq-08/color/frame-000049.color.png 0.999646 0.0114063 -0.0240525 0.0198743 -0.0112697 0.99992 0.00580686 0.00299699 0.0241168 -0.00553373 0.999694 0.0174261 0.0 0.0 0.0 1.0
office/seq-08/color/frame-000049.color.png office/seq-08/color/frame-000051.color.png 0.999645 0.00245355 -0.0265335 0.0268641 -0.00258516 0.999985 -0.00492739 0.0131936 0.026521 0.00499424 0.999636 0.0115145 0.0 0.0 0.0 1.0
office/seq-08/color/frame-000051.color.png office/seq-08/color/frame-000053.color.png 0.99978 0.0119049 -0.0172747 0.0301485 -0.0120398 0.999898 -0.00772536 0.00971603 0.0171809 0.00793164 0.999821 0.0185127 0.0 0.0 0.0 1.0
office/seq-08/color/frame-000053.color.png office/seq-08/color/frame-000055.color.png 0.999962 3.0313e-05 -0.00868727 0.0120007 -0.00012463 0.999941 -0.0108557 0.0138707 0.00868647 0.0108564 0.999903 0.0174287 0.0 0.0 0.0 1.0
office/seq-08/color/frame-000055.color.png office/seq-08/color/frame-000057.color.png 0.999995 0.000339987 -0.00316507 0.0176486 -0.000410704 0.99975 -0.0223771 0.0181856 0.00315666 0.0223783 0.999745 0.0159116 0.0 0.0 0.0 1.0
office/seq-08/color/frame-000057.color.png office/seq-08/color/frame-000059.color.png 0.999866 -0.0150339 -0.00645917 0.031644 0.0149069 0.999703 -0.0192709 0.0161494 0.00674697 0.019172 0.999793 0.0262542 0.0 0.0 0.0 1.0
office/seq-08/color/frame-000059.color.png office/seq-08/color/frame-000061.color.png 0.999639 0.0112579 0.0243803 -0.0146754 -0.0110011 0.999883 -0.0106393 -0.00315892 -0.0244971 0.0103673 0.999646 0.0271882 0.0 0.0 0.0 1.0
office/seq-08/color/frame-000061.color.png office/seq-08/color/frame-000063.color.png 0.99926 0.00615206 0.0379607 -0.0113735 -0.0057153 0.999916 -0.0116033 0.00746666 -0.038029 0.0113777 0.999212 0.0293248 0.0 0.0 0.0 1.0
office/seq-08/color/frame-000063.color.png office/seq-08/color/frame-000065.color.png 0.999397 -0.0347155 0.000478522 0.0484002 0.0347124 0.999383 0.00544097 0.0134655 -0.000667153 -0.00542107 0.999985 0.00845909 0.0 0.0 0.0 1.0
office/seq-08/color/frame-000065.color.png office/seq-08/color/frame-000067.color.png 0.999996 0.00230576 -0.00154921 0.0420706 -0.00229439 0.999971 0.00730478 -0.00663151 0.00156597 -0.0073012 0.999972 0.0200629 0.0 0.0 0.0 1.0
office/seq-08/color/frame-000067.color.png office/seq-08/color/frame-000069.color.png 0.999578 0.00469191 0.0286786 -0.0146576 -0.004725 0.999988 0.00108641 0.00202736 -0.0286731 -0.00122146 0.999588 0.0261831 0.0 0.0 0.0 1.0
office/seq-08/color/frame-000069.color.png office/seq-08/color/frame-000071.color.png 0.999084 -0.0204768 0.0375662 0.0048798 0.0203233 0.999783 0.00446436 0.00121793 -0.0376495 -0.0036968 0.999284 0.0381446 0.0 0.0 0.0 1.0
office/seq-08/color/frame-000071.color.png office/seq-08/color/frame-000073.color.png 0.999386 0.00429023 0.0347732 -0.00733945 -0.00449123 0.999974 0.005704 0.00124502 -0.0347477 -0.00585667 0.999379 0.0420505 0.0 0.0 0.0 1.0
office/seq-08/color/frame-000073.color.png office/seq-08/color/frame-000075.color.png 0.998663 0.00466635 0.0514891 -0.0306156 -0.00452606 0.999986 -0.00284074 0.0148675 -0.0515016 0.00260389 0.998669 0.0686779 0.0 0.0 0.0 1.0
office/seq-08/color/frame-000075.color.png office/seq-08/color/frame-000077.color.png 0.999296 -0.0305033 0.0218487 0.0376224 0.0308866 0.999371 -0.0174243 0.051799 -0.0213035 0.0180868 0.99961 0.0547251 0.0 0.0 0.0 1.0
office/seq-08/color/frame-000077.color.png office/seq-08/color/frame-000079.color.png 0.999027 -0.00845406 0.0432858 -0.0378623 0.0086284 0.999955 -0.00384254 -0.00376453 -0.0432514 0.00421229 0.999055 0.0407211 0.0 0.0 0.0 1.0
office/seq-08/color/frame-000079.color.png office/seq-08/color/frame-000081.color.png 0.999518 -0.00181718 0.0310055 -0.00400603 0.00199325 0.999982 -0.00564891 0.00432263 -0.0309947 0.00570799 0.999503 0.0522064 0.0 0.0 0.0 1.0
office/seq-08/color/frame-000081.color.png office/seq-08/color/frame-000083.color.png 0.999349 -0.00148247 0.0360512 -0.0192339 0.0014884 0.999999 -0.000137503 0.00195115 -0.0360509 0.000191072 0.99935 0.0524381 0.0 0.0 0.0 1.0
office/seq-08/color/frame-000083.color.png office/seq-08/color/frame-000085.color.png 0.998616 -0.0176702 0.0495462 -0.0235043 0.0175053 0.99984 0.00376027 -0.0109127 -0.0496047 -0.00288774 0.998765 0.0641623 0.0 0.0 0.0 1.0
office/seq-08/color/frame-000085.color.png office/seq-08/color/frame-000087.color.png 0.999748 -0.0155706 0.0161481 0.0211787 0.0155797 0.999878 -0.000439513 0.0164292 -0.0161393 0.000690984 0.99987 0.0482074 0.0 0.0 0.0 1.0
office/seq-08/color/frame-000087.color.png office/seq-08/color/frame-000089.color.png 0.999088 -0.0138507 0.0403992 -0.0310561 0.0134097 0.999848 0.0111646 -0.0216626 -0.0405477 -0.0106127 0.999121 0.045052 0.0 0.0 0.0 1.0
office/seq-08/color/frame-000089.color.png office/seq-08/color/frame-000091.color.png 0.997412 -0.0356618 0.062429 -0.0421184 0.0352032 0.999345 0.00843016 -0.0309793 -0.0626887 -0.00621065 0.998014 0.0834383 0.0 0.0 0.0 1.0
office/seq-08/color/frame-000091.color.png office/seq-08/color/frame-000093.color.png 0.999223 -0.0111144 0.0378249 -0.0321735 0.0106528 0.999866 0.0123835 -0.0339811 -0.0379575 -0.0119709 0.999208 0.0395533 0.0 0.0 0.0 1.0
office/seq-08/color/frame-000093.color.png office/seq-08/color/frame-000095.color.png 0.998526 -0.0106276 0.0532226 -0.0340964 0.0106965 0.999942 -0.00101035 -0.0141392 -0.0532087 0.00157815 0.998582 0.0591096 0.0 0.0 0.0 1.0
office/seq-08/color/frame-000095.color.png office/seq-08/color/frame-000097.color.png 0.998713 -0.0112812 0.0494499 -0.0465535 0.0120127 0.999822 -0.0145203 0.0243789 -0.0492773 0.0150957 0.998671 0.0566003 0.0 0.0 0.0 1.0
office/seq-08/color/frame-000097.color.png office/seq-08/color/frame-000099.color.png 0.997626 -0.0124293 0.0677327 -0.0555103 0.0128285 0.999903 -0.00546217 -0.0035201 -0.0676583 0.00631811 0.997688 0.060837 0.0 0.0 0.0 1.0
office/seq-08/color/frame-000099.color.png office/seq-08/color/frame-000101.color.png 0.999062 0.00149414 0.0432733 -0.0358354 -0.00174442 0.999982 0.00574674 -0.000985622 -0.043264 -0.00581684 0.999047 0.0338668 0.0 0.0 0.0 1.0
office/seq-08/color/frame-000101.color.png office/seq-08/color/frame-000103.color.png 0.998313 -0.0144287 0.0562384 -0.0494203 0.0142262 0.999891 0.00399808 -0.0169146 -0.05629 -0.00319126 0.998409 0.0417937 0.0 0.0 0.0 1.0
office/seq-08/color/frame-000103.color.png office/seq-08/color/frame-000105.color.png 0.997862 -0.022908 0.0612176 -0.0456263 0.0228071 0.999737 0.00234704 -0.0231765 -0.0612553 -0.000945823 0.998122 0.0424241 0.0 0.0 0.0 1.0
office/seq-08/color/frame-000105.color.png office/seq-08/color/frame-000107.color.png 0.998689 -0.00457797 0.0509754 -0.0505121 0.00472766 0.999985 -0.0028163 -0.000832185 -0.0509617 0.00305361 0.998696 0.029515 0.0 0.0 0.0 1.0
office/seq-08/color/frame-000107.color.png office/seq-08/color/frame-000109.color.png 0.998475 -0.0182397 0.0520945 -0.0503231 0.0187066 0.999789 -0.00848863 -0.00090827 -0.0519286 0.00945018 0.998606 0.0325297 0.0 0.0 0.0 1.0
office/seq-08/color/frame-000109.color.png office/seq-08/color/frame-000111.color.png 0.997423 -0.0192635 0.0691149 -0.0663568 0.0199173 0.999763 -0.00878338 0.00211328 -0.0689293 0.0101373 0.99757 0.0468087 0.0 0.0 0.0 1.0
office/seq-08/color/frame-000111.color.png office/seq-08/color/frame-000113.color.png 0.999366 -0.00679357 0.0349385 -0.0372843 0.00675504 0.999976 0.00122095 -0.0082899 -0.0349462 -0.000984197 0.999389 0.0311937 0.0 0.0 0.0 1.0
office/seq-08/color/frame-000113.color.png office/seq-08/color/frame-000115.color.png 0.999518 -0.00696378 0.0302538 -0.0362108 0.00719261 0.999946 -0.0074617 0.00319354 -0.0302 0.00767571 0.999515 0.00781476 0.0 0.0 0.0 1.0
office/seq-08/color/frame-000115.color.png office/seq-08/color/frame-000117.color.png 0.99944 -0.0148557 0.0299705 -0.0279465 0.0153696 0.999737 -0.0169909 0.015154 -0.0297104 0.0174421 0.999406 0.00220978 0.0 0.0 0.0 1.0
office/seq-08/color/frame-000117.color.png office/seq-08/color/frame-000119.color.png 0.999565 -0.0152095 0.0252792 -0.0338199 0.0151853 0.999884 0.00114969 -0.0133269 -0.0252936 -0.000765298 0.99968 0.013526 0.0 0.0 0.0 1.0
office/seq-08/color/frame-000119.color.png office/seq-08/color/frame-000121.color.png 0.999572 -0.0031317 0.0290738 -0.0400816 0.00323817 0.999988 -0.00361706 0.00083226 -0.029062 0.00370963 0.999571 0.0165989 0.0 0.0 0.0 1.0
office/seq-08/color/frame-000121.color.png office/seq-08/color/frame-000123.color.png 0.99969 -0.00540236 0.024291 -0.0363605 0.00582393 0.999833 -0.0173187 0.0134892 -0.0241936 0.0174548 0.999555 0.00203228 0.0 0.0 0.0 1.0
office/seq-08/color/frame-000123.color.png office/seq-08/color/frame-000125.color.png 0.999686 0.0031023 0.0248683 -0.0394454 -0.00289896 0.999962 -0.00820809 0.0144188 -0.024893 0.0081334 0.999657 0.00724685 0.0 0.0 0.0 1.0
office/seq-08/color/frame-000125.color.png office/seq-08/color/frame-000127.color.png 0.999933 -0.00336942 0.0110629 -0.0201883 0.00336236 0.999994 0.000657684 -0.00761643 -0.011065 -0.000620424 0.999938 -0.00291574 0.0 0.0 0.0 1.0
office/seq-08/color/frame-000127.color.png office/seq-08/color/frame-000129.color.png 0.999943 0.00796433 0.00714292 -0.0174404 -0.00804153 0.999909 0.0108499 -0.0105819 -0.00705584 -0.0109068 0.999916 -0.00545502 0.0 0.0 0.0 1.0
office/seq-08/color/frame-000129.color.png office/seq-08/color/frame-000131.color.png 0.99993 0.00580868 0.0103361 -0.0407448 -0.00592119 0.999923 0.0108853 -0.01392 -0.010272 -0.0109457 0.999887 -0.00107038 0.0 0.0 0.0 1.0
office/seq-08/color/frame-000131.color.png office/seq-08/color/frame-000133.color.png 0.999938 -0.00368664 0.0105386 -0.0376893 0.00361237 0.999969 0.00706017 -0.0158141 -0.0105644 -0.00702168 0.99992 0.0135428 0.0 0.0 0.0 1.0
office/seq-08/color/frame-000133.color.png office/seq-08/color/frame-000135.color.png 0.999961 -0.0052696 0.00708677 -0.032054 0.00520709 0.999948 0.00880934 -0.0200298 -0.0071328 -0.00877209 0.999936 0.0115776 0.0 0.0 0.0 1.0
office/seq-08/color/frame-000135.color.png office/seq-08/color/frame-000137.color.png 0.999973 -0.00703613 0.00227473 -0.0213167 0.00702956 0.999971 0.00288071 -0.0287146 -0.00229488 -0.00286465 0.999993 0.0133947 0.0 0.0 0.0 1.0
office/seq-08/color/frame-000137.color.png office/seq-08/color/frame-000139.color.png 0.999981 0.00208538 -0.00584134 0.00707215 -0.00213203 0.999966 -0.00799263 0.00858282 0.00582445 0.00800495 0.999951 -0.0190855 0.0 0.0 0.0 1.0
office/seq-08/color/frame-000139.color.png office/seq-08/color/frame-000141.color.png 0.999987 -0.0051637 -0.000221615 -0.0113949 0.00516199 0.999961 -0.00711395 -0.000310637 0.00025827 0.00711271 0.999975 0.00122845 0.0 0.0 0.0 1.0
office/seq-08/color/frame-000141.color.png office/seq-08/color/frame-000143.color.png 0.999976 0.000916962 -0.00693449 -0.00349063 -0.000942811 0.999992 -0.00372439 0.00734762 0.006931 0.00373081 0.999969 0.0180228 0.0 0.0 0.0 1.0
office/seq-08/color/frame-000143.color.png office/seq-08/color/frame-000145.color.png 0.999488 0.0105645 -0.0302139 0.0260256 -0.0107241 0.999929 -0.0051246 0.0148734 0.0301578 0.00544606 0.99953 -0.0149505 0.0 0.0 0.0 1.0
office/seq-08/color/frame-000145.color.png office/seq-08/color/frame-000147.color.png 0.999526 0.0236952 -0.0196868 0.00331074 -0.023312 0.999539 0.0194689 -0.0162054 0.0201389 -0.0190008 0.999617 0.0192262 0.0 0.0 0.0 1.0
office/seq-08/color/frame-000147.color.png office/seq-08/color/frame-000149.color.png 0.999802 0.013384 -0.0146967 -0.00242406 -0.0132143 0.999846 0.0115827 -0.0123107 0.0148494 -0.0113861 0.999825 0.0112646 0.0 0.0 0.0 1.0
office/seq-08/color/frame-000149.color.png office/seq-08/color/frame-000151.color.png 0.999723 0.0133372 -0.0193636 0.00735271 -0.0130177 0.999779 0.0165324 -0.0115795 0.01958 -0.0162757 0.999676 0.0100905 0.0 0.0 0.0 1.0
office/seq-08/color/frame-000151.color.png office/seq-08/color/frame-000153.color.png 0.999961 0.00733314 -0.0049054 -0.0167784 -0.00724574 0.999819 0.0175972 -0.0278612 0.00503332 -0.017561 0.999833 0.0228916 0.0 0.0 0.0 1.0
office/seq-08/color/frame-000153.color.png office/seq-08/color/frame-000155.color.png 0.999941 0.00443873 -0.00988826 0.00101086 -0.00438786 0.999977 0.00516559 -0.00692329 0.00991115 -0.00512185 0.999938 0.0154047 0.0 0.0 0.0 1.0
office/seq-08/color/frame-000155.color.png office/seq-08/color/frame-000157.color.png 0.99972 -0.00212043 -0.0235772 0.026201 0.00189565 0.999953 -0.00955308 0.00340075 0.0235964 0.00950571 0.999676 0.017272 0.0 0.0 0.0 1.0
office/seq-08/color/frame-000157.color.png office/seq-08/color/frame-000159.color.png 0.999696 0.0127312 -0.0210921 0.0184854 -0.0126729 0.999916 0.00289505 -0.00497876 0.021127 -0.00262691 0.999773 0.0102111 0.0 0.0 0.0 1.0
office/seq-08/color/frame-000159.color.png office/seq-08/color/frame-000161.color.png 0.999757 0.00889698 -0.0201858 0.0146007 -0.00895667 0.999956 -0.00286748 -0.00595964 0.0201596 0.0030476 0.999792 0.009951 0.0 0.0 0.0 1.0
office/seq-08/color/frame-000161.color.png office/seq-08/color/frame-000163.color.png 0.999596 0.022318 -0.0176023 0.00247061 -0.0219684 0.999562 0.0198138 -0.0328519 0.0180368 -0.0194191 0.999649 0.0169358 0.0 0.0 0.0 1.0
office/seq-08/color/frame-000163.color.png office/seq-08/color/frame-000165.color.png 0.999139 0.0154279 -0.0385232 0.0459791 -0.0155274 0.999877 -0.00228594 -0.000320149 0.0384831 0.00288212 0.999255 0.00319779 0.0 0.0 0.0 1.0
office/seq-08/color/frame-000165.color.png office/seq-08/color/frame-000167.color.png 0.999722 0.0115733 -0.02055 0.0215203 -0.0114347 0.999911 0.00684779 -0.0152827 0.0206275 -0.00661089 0.999765 0.0103537 0.0 0.0 0.0 1.0
office/seq-08/color/frame-000167.color.png office/seq-08/color/frame-000169.color.png 0.999479 0.0131674 -0.0294882 0.0386027 -0.0132305 0.999911 -0.00194529 0.00247369 0.0294598 0.00233442 0.999563 -0.00105667 0.0 0.0 0.0 1.0
office/seq-08/color/frame-000169.color.png office/seq-08/color/frame-000171.color.png 0.9995 0.0166285 -0.0268957 0.0327874 -0.0165101 0.999853 0.00461848 -0.00383041 0.0269686 -0.00417212 0.999628 0.0126499 0.0 0.0 0.0 1.0
office/seq-08/color/frame-000171.color.png office/seq-08/color/frame-000173.color.png 0.99983 -5.9337e-05 -0.018467 0.0201803 7.61962e-05 1.0 0.000912368 -0.0044083 0.0184668 -0.00091362 0.999829 0.00764692 0.0 0.0 0.0 1.0
office/seq-08/color/frame-000173.color.png office/seq-08/color/frame-000175.color.png 0.999806 0.00638773 -0.0186297 0.0276116 -0.00633489 0.999976 0.00289424 0.00342433 0.0186478 -0.00277566 0.999822 0.0121706 0.0 0.0 0.0 1.0
office/seq-08/color/frame-000175.color.png office/seq-08/color/frame-000177.color.png 0.999767 0.00482118 -0.0210575 0.025635 -0.00478219 0.999987 0.00190113 -0.000308093 0.0210665 -0.00179999 0.999776 0.0115736 0.0 0.0 0.0 1.0
office/seq-08/color/frame-000177.color.png office/seq-08/color/frame-000179.color.png 0.999375 0.00788798 -0.034463 0.047996 -0.00779241 0.999965 0.00290615 -0.00375021 0.0344845 -0.00263578 0.999402 0.00830734 0.0 0.0 0.0 1.0
office/seq-08/color/frame-000179.color.png office/seq-08/color/frame-000181.color.png 0.999747 0.00307801 -0.0222927 0.0350316 -0.00308301 0.999995 -0.000189157 -0.000398578 0.0222922 0.000257845 0.999752 0.00075376 0.0 0.0 0.0 1.0
office/seq-08/color/frame-000181.color.png office/seq-08/color/frame-000183.color.png 0.999798 0.00294948 -0.0199011 0.0312901 -0.00300858 0.999991 -0.00294139 0.00354495 0.0198922 0.00300066 0.999798 0.00588012 0.0 0.0 0.0 1.0
office/seq-08/color/frame-000183.color.png office/seq-08/color/frame-000185.color.png 0.999306 0.0161516 -0.0335769 0.0539222 -0.0161664 0.999869 -0.000169045 0.00774325 0.0335699 0.000711753 0.999436 0.00278556 0.0 0.0 0.0 1.0
office/seq-08/color/frame-000185.color.png office/seq-08/color/frame-000187.color.png 0.999729 0.00150055 -0.0232558 0.0433332 -0.00163288 0.999983 -0.00567245 0.00624441 0.0232469 0.00570888 0.999713 0.000432491 0.0 0.0 0.0 1.0
office/seq-08/color/frame-000187.color.png office/seq-08/color/frame-000189.color.png 0.999887 0.0035659 -0.0145754 0.0159247 -0.00354864 0.999993 0.00120979 -0.0086444 0.0145797 -0.00115793 0.999893 0.0133222 0.0 0.0 0.0 1.0
office/seq-08/color/frame-000189.color.png office/seq-08/color/frame-000191.color.png 0.998748 0.0110308 -0.0488006 0.0828901 -0.0107932 0.999929 0.0051279 -0.00524343 0.0488536 -0.00459476 0.998795 0.00578809 0.0 0.0 0.0 1.0
office/seq-08/color/frame-000191.color.png office/seq-08/color/frame-000193.color.png 0.999432 0.00639301 -0.0330838 0.0580525 -0.006397 0.99998 -1.44879e-05 0.00332932 0.0330831 0.000226113 0.999453 -0.00236177 0.0 0.0 0.0 1.0
office/seq-08/color/frame-000193.color.png office/seq-08/color/frame-000195.color.png 0.999469 0.00281117 -0.0324652 0.0556986 -0.00279043 0.999996 0.000683874 -0.00352515 0.032467 -0.000592918 0.999473 0.000178695 0.0 0.0 0.0 1.0
office/seq-08/color/frame-000195.color.png office/seq-08/color/frame-000197.color.png 0.997606 0.020332 -0.0660974 0.107857 -0.0199222 0.999778 0.00685221 -0.00149565 0.0662221 -0.005519 0.99779 -0.011132 0.0 0.0 0.0 1.0
office/seq-08/color/frame-000197.color.png office/seq-08/color/frame-000199.color.png 0.998653 0.0149731 -0.0496824 0.089738 -0.0147789 0.999882 0.00427384 0.0036138 0.0497406 -0.00353383 0.998756 -0.00670469 0.0 0.0 0.0 1.0
office/seq-08/color/frame-000199.color.png office/seq-08/color/frame-000201.color.png 0.997575 0.0166558 -0.0675822 0.112448 -0.0161669 0.999839 0.00777416 -1.19284e-05 0.0677008 -0.00666271 0.997683 -0.0117581 0.0 0.0 0.0 1.0
office/seq-08/color/frame-000201.color.png office/seq-08/color/frame-000203.color.png 0.998618 0.0204703 -0.0484106 0.082419 -0.0201107 0.999766 0.00790578 0.00187873 0.0485611 -0.00692128 0.998796 -0.00940442 0.0 0.0 0.0 1.0
office/seq-08/color/frame-000203.color.png office/seq-08/color/frame-000205.color.png 0.998661 0.0228066 -0.0464234 0.0789759 -0.0225443 0.999727 0.00616596 0.00952766 0.0465513 -0.00511113 0.998903 -0.00371754 0.0 0.0 0.0 1.0
office/seq-08/color/frame-000205.color.png office/seq-08/color/frame-000207.color.png 0.999114 0.0176744 -0.0381899 0.0668798 -0.0175752 0.999841 0.00293227 0.0124048 0.0382357 -0.00225848 0.999266 -0.000286818 0.0 0.0 0.0 1.0
office/seq-08/color/frame-000207.color.png office/seq-08/color/frame-000209.color.png 0.99905 0.0135383 -0.0414133 0.0659756 -0.0131945 0.999876 0.00856495 -0.00238303 0.0415241 -0.00801039 0.999105 -0.00855613 0.0 0.0 0.0 1.0
office/seq-08/color/frame-000209.color.png office/seq-08/color/frame-000211.color.png 0.999732 0.00741645 -0.0219509 0.0355742 -0.00726223 0.999948 0.00709801 -0.00580722 0.0220024 -0.00693669 0.999734 -0.00445509 0.0 0.0 0.0 1.0
office/seq-08/color/frame-000211.color.png office/seq-08/color/frame-000213.color.png 0.999679 0.00947744 -0.0234931 0.0344811 -0.00942076 0.999952 0.00252269 0.00225297 0.0235159 -0.00230056 0.999721 -0.00789332 0.0 0.0 0.0 1.0
office/seq-08/color/frame-000213.color.png office/seq-08/color/frame-000215.color.png 0.999599 0.0147053 -0.0242038 0.0422717 -0.014752 0.99989 -0.00174977 0.0180659 0.0241754 0.00210612 0.999705 -0.0113742 0.0 0.0 0.0 1.0
office/seq-08/color/frame-000215.color.png office/seq-08/color/frame-000217.color.png 0.9997 0.0156847 -0.0188184 0.0332534 -0.0156844 0.999877 0.00016321 0.00446978 0.0188186 0.000132 0.999823 -0.0154699 0.0 0.0 0.0 1.0
office/seq-08/color/frame-000217.color.png office/seq-08/color/frame-000219.color.png 0.999798 0.00919554 -0.017892 0.0302794 -0.00923332 0.999955 -0.00203156 0.0136686 0.0178726 0.00219634 0.999838 -0.0168412 0.0 0.0 0.0 1.0
office/seq-08/color/frame-000219.color.png office/seq-08/color/frame-000221.color.png 0.999744 0.0182426 -0.0134157 0.00998738 -0.0183371 0.999808 -0.00694975 0.0213193 0.0132863 0.00719398 0.999886 -0.00974417 0.0 0.0 0.0 1.0
office/seq-08/color/frame-000221.color.png office/seq-08/color/frame-000223.color.png 0.999683 0.00402805 -0.0248444 0.0362097 -0.00429088 0.999935 -0.0105337 0.0289278 0.0248004 0.010637 0.999636 -0.0290393 0.0 0.0 0.0 1.0
office/seq-08/color/frame-000223.color.png office/seq-08/color/frame-000225.color.png 0.998883 0.0266754 -0.0389934 0.0700339 -0.0266441 0.999644 0.00132131 0.0104867 0.0390148 -0.000280888 0.999238 -0.0368847 0.0 0.0 0.0 1.0
office/seq-08/color/frame-000225.color.png office/seq-08/color/frame-000227.color.png 0.999666 0.0169706 -0.0195039 0.0190836 -0.0168987 0.99985 0.00383938 0.00945097 0.0195661 -0.0035085 0.999803 -0.0235063 0.0 0.0 0.0 1.0
office/seq-08/color/frame-000227.color.png office/seq-08/color/frame-000229.color.png 0.999724 0.00638395 -0.0226281 0.0341524 -0.00635091 0.999979 0.00153779 0.00209561 0.0226375 -0.00139367 0.999743 -0.0277617 0.0 0.0 0.0 1.0
office/seq-08/color/frame-000229.color.png office/seq-08/color/frame-000231.color.png 0.99988 0.00349402 -0.0150769 0.0285834 -0.00339047 0.999971 0.00688563 -0.00821959 0.0151004 -0.00683367 0.999863 -0.0237628 0.0 0.0 0.0 1.0
office/seq-08/color/frame-000231.color.png office/seq-08/color/frame-000233.color.png 0.999901 0.000778463 -0.0140651 0.00944424 -0.000688793 0.999979 0.00637656 0.000890989 0.0140699 -0.00636623 0.999881 -0.0173459 0.0 0.0 0.0 1.0
office/seq-08/color/frame-000233.color.png office/seq-08/color/frame-000235.color.png 0.999521 0.00863904 -0.0297093 0.0437675 -0.00839027 0.999929 0.0084869 0.00291168 0.0297805 -0.00823355 0.999523 -0.0190359 0.0 0.0 0.0 1.0
office/seq-08/color/frame-000235.color.png office/seq-08/color/frame-000237.color.png 0.999776 0.00383551 -0.0208085 0.0307217 -0.00364416 0.999951 0.00922902 -0.00797103 0.0208429 -0.00915116 0.999741 -0.0188544 0.0 0.0 0.0 1.0
office/seq-08/color/frame-000237.color.png office/seq-08/color/frame-000239.color.png 0.999716 -0.000623751 -0.023808 0.0426132 0.00100302 0.999873 0.0159197 -0.0221707 0.023795 -0.015939 0.99959 -0.0164267 0.0 0.0 0.0 1.0
office/seq-08/color/frame-000239.color.png office/seq-08/color/frame-000241.color.png 0.999688 0.0108059 -0.0225291 0.0308723 -0.0106242 0.99991 0.00817447 -0.00590294 0.0226154 -0.00793257 0.999713 -0.0163976 0.0 0.0 0.0 1.0
office/seq-08/color/frame-000241.color.png office/seq-08/color/frame-000243.color.png 0.999485 0.00637566 -0.0314509 0.0467653 -0.0063797 0.99998 -2.81522e-05 0.0140472 0.0314501 0.000228773 0.999505 -0.015154 0.0 0.0 0.0 1.0
office/seq-08/color/frame-000243.color.png office/seq-08/color/frame-000245.color.png 0.9995 -0.00394754 -0.0313702 0.0475942 0.00413246 0.999975 0.00582987 -0.0139923 0.0313463 -0.00595658 0.999491 -0.0169619 0.0 0.0 0.0 1.0
office/seq-08/color/frame-000245.color.png office/seq-08/color/frame-000247.color.png 0.999272 0.0120398 -0.0361868 0.0594031 -0.0122794 0.999904 -0.00640769 0.0184199 0.0361062 0.00684738 0.999325 -0.0127449 0.0 0.0 0.0 1.0
office/seq-08/color/frame-000247.color.png office/seq-08/color/frame-000249.color.png 0.999889 0.00377144 -0.0144297 0.0189047 -0.00375067 0.999992 0.00146392 0.00147605 0.0144352 -0.00140964 0.999895 -0.0105519 0.0 0.0 0.0 1.0
office/seq-08/color/frame-000249.color.png office/seq-08/color/frame-000251.color.png 0.998987 0.0142849 -0.04268 0.0717787 -0.0143457 0.999896 -0.00111552 0.0132624 0.0426597 0.00172669 0.999088 -0.0105609 0.0 0.0 0.0 1.0
office/seq-08/color/frame-000251.color.png office/seq-08/color/frame-000253.color.png 0.999873 0.0066956 -0.0144886 0.0272518 -0.00678203 0.999959 -0.0059263 0.0142615 0.0144482 0.0060238 0.999878 -0.011274 0.0 0.0 0.0 1.0
office/seq-08/color/frame-000253.color.png office/seq-08/color/frame-000255.color.png 0.999694 -0.00207466 -0.024656 0.040953 0.00242146 0.999898 0.0140445 -0.0163825 0.0246244 -0.0141 0.999597 -0.010524 0.0 0.0 0.0 1.0
office/seq-08/color/frame-000255.color.png office/seq-08/color/frame-000257.color.png 0.99955 0.00504276 -0.029554 0.0521786 -0.00492396 0.99998 0.0040911 -0.00125403 0.029574 -0.00394371 0.999555 -0.00972962 0.0 0.0 0.0 1.0
office/seq-08/color/frame-000257.color.png office/seq-08/color/frame-000259.color.png 0.999505 0.00921958 -0.0300668 0.04646 -0.00921182 0.999958 0.000397137 0.00255726 0.0300692 -0.000119942 0.999548 -0.0100658 0.0 0.0 0.0 1.0
office/seq-08/color/frame-000259.color.png office/seq-08/color/frame-000261.color.png 0.998825 -0.00566232 -0.0481222 0.0798552 0.00566297 0.999984 -0.000123661 -0.00504786 0.0481221 -0.000149012 0.998841 -0.0109226 0.0 0.0 0.0 1.0
office/seq-08/color/frame-000261.color.png office/seq-08/color/frame-000263.color.png 0.999958 0.000669327 -0.00917342 0.0141333 -0.000672733 1.0 -0.000366783 -0.00508919 0.00917327 0.000372979 0.999958 -0.0086081 0.0 0.0 0.0 1.0
office/seq-08/color/frame-000263.color.png office/seq-08/color/frame-000265.color.png 0.999458 -0.0137502 -0.0299244 0.0523225 0.01406 0.999849 0.0101684 -0.0227955 0.02978 -0.0105836 0.9995 -0.0193247 0.0 0.0 0.0 1.0
office/seq-08/color/frame-000265.color.png office/seq-08/color/frame-000267.color.png 0.999672 0.00400357 -0.0253085 0.0424565 -0.00398829 0.999992 0.000655329 -0.000891857 0.0253109 -0.000554201 0.99968 -0.00577819 0.0 0.0 0.0 1.0
office/seq-08/color/frame-000267.color.png office/seq-08/color/frame-000269.color.png 0.999591 0.000235475 -0.0286061 0.0472873 -0.000304442 0.999997 -0.00240907 0.00202596 0.0286055 0.00241682 0.999588 -0.0154847 0.0 0.0 0.0 1.0
office/seq-08/color/frame-000269.color.png office/seq-08/color/frame-000271.color.png 0.999906 0.00201066 -0.0135719 0.0206958 -0.00193628 0.999983 0.00549141 -0.00807072 0.0135825 -0.00546456 0.999893 -0.00722992 0.0 0.0 0.0 1.0
office/seq-08/color/frame-000271.color.png office/seq-08/color/frame-000273.color.png 0.999623 0.00882873 -0.0259991 0.0363052 -0.0088228 0.999961 0.000344119 0.00322759 0.0260011 -0.000114609 0.999662 -0.0134882 0.0 0.0 0.0 1.0
office/seq-08/color/frame-000273.color.png office/seq-08/color/frame-000275.color.png 0.999431 0.00818791 -0.0327195 0.04561 -0.00821858 0.999966 -0.000802286 0.0103439 0.0327118 0.00107073 0.999464 -0.0177104 0.0 0.0 0.0 1.0
office/seq-08/color/frame-000275.color.png office/seq-08/color/frame-000277.color.png 0.999757 0.00567299 -0.021288 0.0376863 -0.00559989 0.999978 0.00349442 -0.00419122 0.0213073 -0.00337437 0.999767 -0.0127404 0.0 0.0 0.0 1.0
office/seq-08/color/frame-000277.color.png office/seq-08/color/frame-000279.color.png 0.999255 0.00767391 -0.0378302 0.0531516 -0.00764906 0.99997 0.000798658 0.012835 0.0378352 -0.00050868 0.999284 -0.0217688 0.0 0.0 0.0 1.0
office/seq-08/color/frame-000279.color.png office/seq-08/color/frame-000281.color.png 0.999777 0.00798103 -0.019542 0.0281672 -0.0079015 0.99996 0.00414641 -0.00341363 0.0195744 -0.00399111 0.9998 -0.012553 0.0 0.0 0.0 1.0
office/seq-08/color/frame-000281.color.png office/seq-08/color/frame-000283.color.png 0.999579 0.00534851 -0.0285072 0.0291623 -0.00533128 0.999986 0.000679929 0.00797566 0.0285104 -0.000527677 0.999593 -0.0187728 0.0 0.0 0.0 1.0
office/seq-08/color/frame-000283.color.png office/seq-08/color/frame-000285.color.png 0.999288 0.00428059 -0.0374799 0.0554886 -0.0039669 0.999956 0.00844007 -0.00936867 0.0375144 -0.00828535 0.999262 -0.0244999 0.0 0.0 0.0 1.0
office/seq-08/color/frame-000285.color.png office/seq-08/color/frame-000287.color.png 0.999808 0.00424185 -0.0191483 0.020253 -0.00433676 0.999979 -0.00491764 0.0113558 0.019127 0.00499972 0.999805 -0.009637 0.0 0.0 0.0 1.0
office/seq-08/color/frame-000287.color.png office/seq-08/color/frame-000289.color.png 0.99959 0.0095834 -0.0269936 0.0315423 -0.00967324 0.999948 -0.00320059 0.012425 0.0269615 0.00346045 0.99963 -0.0279633 0.0 0.0 0.0 1.0
office/seq-08/color/frame-000289.color.png office/seq-08/color/frame-000291.color.png 0.999649 0.00108288 -0.0264543 0.0335648 -0.00103609 0.999998 0.0017827 0.000871994 0.0264561 -0.00175468 0.999648 -0.018803 0.0 0.0 0.0 1.0
office/seq-08/color/frame-000291.color.png office/seq-08/color/frame-000293.color.png 0.999605 0.00471662 -0.0277087 0.0346033 -0.00490525 0.999965 -0.00674302 0.01359 0.0276759 0.00687625 0.999593 -0.0187072 0.0 0.0 0.0 1.0
office/seq-08/color/frame-000293.color.png office/seq-08/color/frame-000295.color.png 0.999566 0.00639501 -0.02874 0.0351267 -0.00647745 0.999975 -0.00277377 0.010352 0.0287216 0.00295867 0.999583 -0.0212597 0.0 0.0 0.0 1.0
office/seq-08/color/frame-000295.color.png office/seq-08/color/frame-000297.color.png 0.999718 0.00101599 -0.0237196 0.0322693 -0.000910147 0.99999 0.0044724 -0.00508718 0.0237238 -0.00444957 0.999709 -0.0203027 0.0 0.0 0.0 1.0
office/seq-08/color/frame-000297.color.png office/seq-08/color/frame-000299.color.png 0.999646 0.00100463 -0.0265868 0.0311059 -0.00101041 0.999999 -0.000206352 0.00396885 0.0265866 0.000233128 0.999647 -0.023523 0.0 0.0 0.0 1.0
office/seq-08/color/frame-000299.color.png office/seq-08/color/frame-000301.color.png 0.999797 -0.0081168 -0.018444 0.023465 0.00817283 0.999962 0.002965 -0.00391968 0.0184192 -0.00311514 0.999826 -0.0181233 0.0 0.0 0.0 1.0
office/seq-08/color/frame-000301.color.png office/seq-08/color/frame-000303.color.png 0.999939 -0.00783651 -0.00783404 0.0128966 0.00786242 0.999964 0.00328015 -0.00667197 0.00780806 -0.00334157 0.999964 -0.0113418 0.0 0.0 0.0 1.0
office/seq-08/color/frame-000303.color.png office/seq-08/color/frame-000305.color.png 0.999842 -0.00709894 -0.0162745 0.027754 0.0070573 0.999972 -0.00261447 -0.00298527 0.0162927 0.00249925 0.999864 -0.0261502 0.0 0.0 0.0 1.0
office/seq-08/color/frame-000305.color.png office/seq-08/color/frame-000307.color.png 0.999778 -0.00296173 -0.0208681 0.0340625 0.00295269 0.999996 -0.000463273 0.000621065 0.0208694 0.000401536 0.999782 -0.0246505 0.0 0.0 0.0 1.0
office/seq-08/color/frame-000307.color.png office/seq-08/color/frame-000309.color.png 0.999858 -0.0109699 -0.0127953 0.0226231 0.0109862 0.999939 0.00120441 -0.00664596 0.0127813 -0.00134482 0.999918 -0.0178391 0.0 0.0 0.0 1.0
office/seq-08/color/frame-000309.color.png office/seq-08/color/frame-000311.color.png 0.999855 -0.00747745 -0.0152993 0.0322449 0.00754234 0.999963 0.00419089 -0.00903563 0.0152674 -0.00430568 0.999874 -0.0210085 0.0 0.0 0.0 1.0
office/seq-08/color/frame-000311.color.png office/seq-08/color/frame-000313.color.png 0.999841 0.00143288 -0.0177723 0.0354068 -0.00161166 0.999948 -0.0100531 0.0143626 0.017757 0.0100801 0.999792 -0.0168492 0.0 0.0 0.0 1.0
office/seq-08/color/frame-000313.color.png office/seq-08/color/frame-000315.color.png 0.999958 0.000566595 -0.00920882 0.0205929 -0.000522613 0.999988 0.00478028 -0.00792438 0.00921141 -0.00477528 0.999946 -0.0137945 0.0 0.0 0.0 1.0
office/seq-08/color/frame-000315.color.png office/seq-08/color/frame-000317.color.png 0.999975 -0.00208479 -0.00675549 0.0238637 0.00207073 0.999996 -0.00208373 0.00173006 0.00675979 0.00206972 0.999975 -0.0203344 0.0 0.0 0.0 1.0
office/seq-08/color/frame-000317.color.png office/seq-08/color/frame-000319.color.png 0.99996 0.00133432 -0.00881306 0.0218242 -0.00128241 0.999982 0.00589241 -0.0110426 0.00882081 -0.00588089 0.999944 -0.00556648 0.0 0.0 0.0 1.0
office/seq-08/color/frame-000319.color.png office/seq-08/color/frame-000321.color.png 0.999964 0.00145745 -0.00832612 0.0226671 -0.00145165 0.999999 0.000702884 -0.00383691 0.00832708 -0.000690703 0.999965 -0.0143781 0.0 0.0 0.0 1.0
office/seq-08/color/frame-000321.color.png office/seq-08/color/frame-000323.color.png 0.999891 0.00528273 -0.0137563 0.0323755 -0.00527913 0.999986 0.000297395 0.00280056 0.0137577 -0.000224726 0.999905 -0.0138307 0.0 0.0 0.0 1.0
office/seq-08/color/frame-000323.color.png office/seq-08/color/frame-000325.color.png 0.999906 0.00379909 -0.0131535 0.0258815 -0.00364285 0.999923 0.0118791 -0.0173444 0.0131976 -0.01183 0.999843 -0.012303 0.0 0.0 0.0 1.0
office/seq-08/color/frame-000325.color.png office/seq-08/color/frame-000327.color.png 0.999924 0.00450953 -0.0114787 0.0238914 -0.0044532 0.999978 0.00493216 -0.00771049 0.0115007 -0.00488073 0.999922 -0.0141999 0.0 0.0 0.0 1.0
office/seq-08/color/frame-000327.color.png office/seq-08/color/frame-000329.color.png 0.999809 0.0101963 -0.0166826 0.0320926 -0.0102003 0.999948 -0.000153961 0.00471666 0.0166801 0.00032413 0.999861 -0.0209752 0.0 0.0 0.0 1.0
office/seq-08/color/frame-000329.color.png office/seq-08/color/frame-000331.color.png 0.999738 0.00651623 -0.0219607 0.03672 -0.00630579 0.999934 0.00963953 -0.0106423 0.022022 -0.00949855 0.999712 -0.00810874 0.0 0.0 0.0 1.0
office/seq-08/color/frame-000331.color.png office/seq-08/color/frame-000333.color.png 0.999919 0.00304436 -0.0123622 0.0220833 -0.00299848 0.999988 0.00372747 -0.00517121 0.0123734 -0.00369006 0.999917 -0.0125862 0.0 0.0 0.0 1.0
office/seq-08/color/frame-000333.color.png office/seq-08/color/frame-000335.color.png 0.999464 0.01137 -0.0307115 0.0501001 -0.0111365 0.999908 0.00776179 -0.00280545 0.0307969 -0.00741559 0.999498 -0.0193251 0.0 0.0 0.0 1.0
office/seq-08/color/frame-000335.color.png office/seq-08/color/frame-000337.color.png 0.999725 0.00818103 -0.0219729 0.031817 -0.00807185 0.999955 0.00505329 -0.00229766 0.0220132 -0.00487456 0.999746 -0.0149866 0.0 0.0 0.0 1.0
office/seq-08/color/frame-000337.color.png office/seq-08/color/frame-000339.color.png 0.999873 0.00360406 -0.0155293 0.0216672 -0.00346362 0.999953 0.00905913 -0.0105419 0.0155613 -0.00900419 0.999838 -0.0219284 0.0 0.0 0.0 1.0
office/seq-08/color/frame-000339.color.png office/seq-08/color/frame-000341.color.png 0.999543 0.000100646 -0.0302358 0.032683 0.000227655 0.999941 0.010854 -0.0156776 0.0302351 -0.0108559 0.999484 -0.0336283 0.0 0.0 0.0 1.0
office/seq-08/color/frame-000341.color.png office/seq-08/color/frame-000343.color.png 0.999593 0.00762545 -0.0275023 0.0315823 -0.00719216 0.999849 0.0158199 -0.0188403 0.0276188 -0.0156156 0.999497 -0.0483387 0.0 0.0 0.0 1.0
office/seq-08/color/frame-000343.color.png office/seq-08/color/frame-000345.color.png 0.999487 0.00445394 -0.0317153 0.0306939 -0.00427192 0.999974 0.00580464 -0.00518747 0.0317403 -0.00566619 0.99948 -0.0325823 0.0 0.0 0.0 1.0
office/seq-08/color/frame-000345.color.png office/seq-08/color/frame-000347.color.png 0.999034 0.00913477 -0.0429727 0.0351493 -0.00877834 0.999926 0.00847518 -0.00255331 0.0430469 -0.00808974 0.99904 -0.0472971 0.0 0.0 0.0 1.0
office/seq-08/color/frame-000347.color.png office/seq-08/color/frame-000349.color.png 0.999641 -0.000382724 -0.0268032 0.0212116 0.000308029 0.999996 -0.00278961 0.0156372 0.0268041 0.00278033 0.999637 -0.02431 0.0 0.0 0.0 1.0
office/seq-08/color/frame-000349.color.png office/seq-08/color/frame-000351.color.png 0.999526 0.00107224 -0.0307782 0.0083009 -0.0010292 0.999999 0.00141254 0.00809322 0.0307797 -0.00138016 0.999525 -0.0408833 0.0 0.0 0.0 1.0
office/seq-08/color/frame-000351.color.png office/seq-08/color/frame-000353.color.png 0.999499 0.0012361 -0.0316259 0.00537246 -0.00143736 0.999979 -0.00634102 0.0158121 0.0316174 0.0063833 0.99948 -0.0379661 0.0 0.0 0.0 1.0
