office/seq-08/color/frame-000002.color.png office/seq-08/color/frame-000005.color.png 0.999989 -0.00326573 -0.00342923 -0.000783424 0.0033054 0.999927 0.0116289 -0.00497826 0.003391 -0.0116401 0.999926 0.0061126 0.0 0.0 0.0 1.0
office/seq-08/color/frame-000005.color.png office/seq-08/color/frame-000008.color.png 0.999951 -0.0038314 -0.00915718 -0.00275401 0.00393295 0.999931 0.0110975 -0.00434045 0.00911403 -0.011133 0.999897 0.0129161 0.0 0.0 0.0 1.0
office/seq-08/color/frame-000008.color.png office/seq-08/color/frame-000011.color.png 0.999793 0.008724 -0.018399 -0.000984694 -0.0084336 0.999839 0.0158024 -0.00922732 0.0185339 -0.015644 0.999706 0.0223274 0.0 0.0 0.0 1.0
office/seq-08/color/frame-000011.color.png office/seq-08/color/frame-000014.color.png 0.999884 -0.000548434 -0.0152229 0.00145411 0.000567913 0.999999 0.00127536 -0.000906341 0.0152222 -0.00128386 0.999883 0.0257284 0.0 0.0 0.0 1.0
office/seq-08/color/frame-000014.color.png office/seq-08/color/frame-000017.color.png 0.999748 0.00614482 -0.0216026 0.0110973 -0.0057908 0.999849 0.0164124 -0.00986638 0.0217002 -0.0162831 0.999632 0.0328493 0.0 0.0 0.0 1.0
office/seq-08/color/frame-000017.color.png office/seq-08/color/frame-000020.color.png 0.999844 0.00195847 -0.0175676 0.0157724 -0.00177421 0.999943 0.0104984 -0.0119161 0.0175872 -0.0104656 0.999791 0.0378969 0.0 0.0 0.0 1.0
office/seq-08/color/frame-000020.color.png office/seq-08/color/frame-000023.color.png 0.999864 -1.56473e-05 -0.0165184 0.0169759 0.000248126 0.999901 0.0140719 -0.00336232 0.0165165 -0.0140741 0.999764 0.0397859 0.0 0.0 0.0 1.0
office/seq-08/color/frame-000023.color.png office/seq-08/color/frame-000026.color.png 0.999867 0.00756256 -0.0144615 0.0184855 -0.00713359 0.99954 0.0294879 -0.0326943 0.0146779 -0.0293808 0.999461 0.0441397 0.0 0.0 0.0 1.0
office/seq-08/color/frame-000026.color.png office/seq-08/color/frame-000029.color.png 0.99987 -0.00717193 -0.0144421 0.022015 0.00689502 0.999793 -0.0191335 0.00686827 0.0145764 0.0190314 0.999713 0.0493205 0.0 0.0 0.0 1.0
office/seq-08/color/frame-000029.color.png office/seq-08/color/frame-000032.color.png 0.999805 0.00490956 -0.0191149 0.0328805 -0.0049457 0.999986 -0.001844 3.86313e-05 0.0191056 0.00193818 0.999816 0.0489484 0.0 0.0 0.0 1.0
office/seq-08/color/frame-000032.color.png office/seq-08/color/frame-000035.color.png 0.999659 -0.01622 -0.0204731 0.0358328 0.0163876 0.999833 0.00804586 0.00119502 0.0203392 -0.00837862 0.999758 0.0358936 0.0 0.0 0.0 1.0
office/seq-08/color/frame-000035.color.png office/seq-08/color/frame-000038.color.png 0.999747 0.0073913 -0.0212449 0.0288751 -0.00761417 0.999917 -0.0104289 -0.000966817 0.0211661 0.010588 0.99972 0.0485801 0.0 0.0 0.0 1.0
office/seq-08/color/frame-000038.color.png office/seq-08/color/frame-000041.color.png 0.999586 -0.0105205 -0.0267771 0.0235185 0.0103277 0.99992 -0.00733115 0.0219961 0.026852 0.00705156 0.999615 0.0229758 0.0 0.0 0.0 1.0
office/seq-08/color/frame-000041.color.png office/seq-08/color/frame-000044.color.png 0.999145 0.0201078 -0.0361248 0.0456548 -0.0196525 0.999724 0.0129155 0.0186495 0.0363745 -0.0121945 0.999264 0.0255551 0.0 0.0 0.0 1.0
office/seq-08/color/frame-000044.color.png office/seq-08/color/frame-000047.color.png 0.998822 0.0196659 -0.0443686 0.0370349 -0.0199975 0.999775 -0.00704264 0.0192825 0.0442201 0.00792162 0.99899 0.0314345 0.0 0.0 0.0 1.0
office/seq-08/color/frame-000047.color.png office/seq-08/color/frame-000050.color.png 0.999321 0.010634 -0.03528 0.0290715 -0.0104552 0.999932 0.00524759 0.00249699 0.0353333 -0.00487516 0.999364 0.0217016 0.0 0.0 0.0 1.0
office/seq-08/color/frame-000050.color.png office/seq-08/color/frame-000053.color.png 0.999419 0.0139907 -0.0310818 0.0455468 -0.0143573 0.99983 -0.0116044 0.0241566 0.0309142 0.0120439 0.999449 0.0227779 0.0 0.0 0.0 1.0
office/seq-08/color/frame-000053.color.png office/seq-08/color/frame-000056.color.png 0.999914 0.00121276 -0.0130737 0.0255821 -0.00152222 0.999718 -0.0236864 0.0228683 0.0130413 0.0237043 0.999634 0.0202777 0.0 0.0 0.0 1.0
office/seq-08/color/frame-000056.color.png office/seq-08/color/frame-000059.color.png 0.999931 -0.0110835 0.00402892 0.0139216 0.0112004 0.99948 -0.0302487 0.0218838 -0.00369147 0.0302917 0.999534 0.0304688 0.0 0.0 0.0 1.0
office/seq-08/color/frame-000059.color.png office/seq-08/color/frame-000062.color.png 0.999489 0.00437981 0.0316728 0.0179136 -0.0037711 0.999807 -0.0192536 0.0139765 -0.0317511 0.0191243 0.999313 0.0392272 0.0 0.0 0.0 1.0
office/seq-08/color/frame-000062.color.png office/seq-08/color/frame-000065.color.png 0.999042 -0.0347599 0.0265682 0.0185806 0.0345742 0.999375 0.00741403 -0.00400824 -0.0268093 -0.00648836 0.999619 0.0252082 0.0 0.0 0.0 1.0
office/seq-08/color/frame-000065.color.png office/seq-08/color/frame-000068.color.png 0.999704 0.0167237 0.0176771 0.013874 -0.0168783 0.99982 0.00863267 -0.00233698 -0.0175296 -0.00892846 0.999807 0.0434856 0.0 0.0 0.0 1.0
office/seq-08/color/frame-000068.color.png office/seq-08/color/frame-000071.color.png 0.998101 -0.0168611 0.0592433 -0.0191845 0.0169367 0.999856 -0.000773149 0.016172 -0.0592218 0.00177506 0.998243 0.0442519 0.0 0.0 0.0 1.0
office/seq-08/color/frame-000071.color.png office/seq-08/color/frame-000074.color.png 0.997391 0.00489001 0.0720216 -0.0277172 -0.00539551 0.999962 0.00682595 0.0052496 -0.0719854 -0.00719673 0.99738 0.0780607 0.0 0.0 0.0 1.0
office/seq-08/color/frame-000074.color.png office/seq-08/color/frame-000077.color.png 0.998783 -0.00279837 0.0492336 0.00296706 0.00273578 0.999995 0.00133873 -0.0039471 -0.0492372 -0.00120241 0.998786 0.0581512 0.0 0.0 0.0 1.0
office/seq-08/color/frame-000077.color.png office/seq-08/color/frame-000080.color.png 0.997789 -0.0115522 0.0654493 -0.0381414 0.0122095 0.999879 -0.00965111 0.00200993 -0.0653298 0.0104289 0.997809 0.0823566 0.0 0.0 0.0 1.0
office/seq-08/color/frame-000080.color.png office/seq-08/color/frame-000083.color.png 0.998929 0.00362142 0.0461291 -0.0197425 -0.00330993 0.999971 -0.00682722 0.0175811 -0.0461525 0.00666723 0.998912 0.0636633 0.0 0.0 0.0 1.0
office/seq-08/color/frame-000083.color.png office/seq-08/color/frame-000086.color.png 0.99747 -0.0210947 0.06788 -0.0376602 0.0205145 0.999747 0.00923382 -0.0227012 -0.0680576 -0.00781795 0.997651 0.0723589 0.0 0.0 0.0 1.0
office/seq-08/color/frame-000086.color.png office/seq-08/color/frame-000089.color.png 0.998494 -0.0046674 0.0546607 -0.0314034 0.00419001 0.999952 0.00884514 -0.00457118 -0.0546994 -0.00860279 0.998466 0.0658289 0.0 0.0 0.0 1.0
office/seq-08/color/frame-000089.color.png office/seq-08/color/frame-000092.color.png 0.99588 -0.0535869 0.0731513 -0.0276081 0.0530322 0.998548 0.00950577 -0.0414526 -0.0735545 -0.00558724 0.997276 0.0893156 0.0 0.0 0.0 1.0
office/seq-08/color/frame-000092.color.png office/seq-08/color/frame-000095.color.png 0.997596 -0.0168023 0.0672242 -0.0306917 0.0168472 0.999858 -0.000100285 -0.0237337 -0.067213 0.00123259 0.997738 0.080305 0.0 0.0 0.0 1.0
office/seq-08/color/frame-000095.color.png office/seq-08/color/frame-000098.color.png 0.997091 -0.0104074 0.0755097 -0.0713699 0.0114966 0.999836 -0.0140049 0.00984082 -0.0753517 0.0148323 0.997047 0.065331 0.0 0.0 0.0 1.0
office/seq-08/color/frame-000098.color.png office/seq-08/color/frame-000101.color.png 0.995296 -0.00939585 0.0964243 -0.0908965 0.0089562 0.999947 0.00499147 -0.024183 -0.0964661 -0.00410439 0.995328 0.0606222 0.0 0.0 0.0 1.0
office/seq-08/color/frame-000101.color.png office/seq-08/color/frame-000104.color.png 0.994026 -0.0196823 0.107357 -0.0915836 0.0198983 0.999802 -0.000940536 -0.0109278 -0.107317 0.00307114 0.99422 0.077494 0.0 0.0 0.0 1.0
office/seq-08/color/frame-000104.color.png office/seq-08/color/frame-000107.color.png 0.99733 -0.00269926 0.0729772 -0.0665991 0.00271969 0.999996 -0.000180537 -0.00551121 -0.0729764 0.000378536 0.997334 0.0408068 0.0 0.0 0.0 1.0
office/seq-08/color/frame-000107.color.png office/seq-08/color/frame-000110.color.png 0.997274 -0.0245856 0.0695712 -0.0556622 0.0255936 0.999579 -0.013635 -0.00251454 -0.0692066 0.0153784 0.997484 0.0290543 0.0 0.0 0.0 1.0
office/seq-08/color/frame-000110.color.png office/seq-08/color/frame-000113.color.png 0.99612 -0.00877 0.087568 -0.0976654 0.0093086 0.99994 -0.00574439 -0.000913095 -0.0875124 0.00653724 0.996142 0.0554081 0.0 0.0 0.0 1.0
office/seq-08/color/frame-000113.color.png office/seq-08/color/frame-000116.color.png 0.998842 -0.00878944 0.0473032 -0.0510464 0.00952095 0.999838 -0.0152607 0.00959247 -0.0471617 0.0156934 0.998764 0.00833654 0.0 0.0 0.0 1.0
office/seq-08/color/frame-000116.color.png office/seq-08/color/frame-000119.color.png 0.998749 -0.0479704 0.014113 0.0211794 0.0483993 0.998321 -0.0318071 0.0529487 -0.0125635 0.0324504 0.999394 0.0210829 0.0 0.0 0.0 1.0
office/seq-08/color/frame-000119.color.png office/seq-08/color/frame-000122.color.png 0.999345 -0.00771538 0.03536 -0.0400429 0.00836202 0.9998 -0.0181763 0.0145141 -0.0352127 0.01846 0.999209 0.00857663 0.0 0.0 0.0 1.0
office/seq-08/color/frame-000122.color.png office/seq-08/color/frame-000125.color.png 0.999377 0.0025619 0.0352032 -0.0510036 -0.00209024 0.999908 -0.0134281 0.015167 -0.0352343 0.0133462 0.99929 0.00920391 0.0 0.0 0.0 1.0
office/seq-08/color/frame-000125.color.png office/seq-08/color/frame-000128.color.png 0.999803 -0.00133134 0.0198004 -0.0370593 0.00138164 0.999996 -0.00252549 0.0012604 -0.0197969 0.00255229 0.999801 -0.00202101 0.0 0.0 0.0 1.0
office/seq-08/color/frame-000128.color.png office/seq-08/color/frame-000131.color.png 0.999752 0.0183081 0.0126728 -0.0478906 -0.0184988 0.999715 0.015091 -0.00322697 -0.0123929 -0.0153216 0.999806 -0.00308025 0.0 0.0 0.0 1.0
office/seq-08/color/frame-000131.color.png office/seq-08/color/frame-000134.color.png 0.999941 -0.00804674 0.00728652 -0.0315233 0.00800585 0.999952 0.00562719 -0.0144254 -0.00733158 -0.00556855 0.999958 0.00448322 0.0 0.0 0.0 1.0
office/seq-08/color/frame-000134.color.png office/seq-08/color/frame-000137.color.png 0.999949 -0.00956025 -0.00322782 -0.0139959 0.00956114 0.999954 0.000251039 -0.0231792 0.00322551 -0.000281841 0.999995 0.00589615 0.0 0.0 0.0 1.0
office/seq-08/color/frame-000137.color.png office/seq-08/color/frame-000140.color.png 0.999889 0.00394375 0.0143339 -0.0489147 -0.00396439 0.999991 0.00141197 -0.0101997 -0.0143283 -0.00146868 0.999896 0.017986 0.0 0.0 0.0 1.0
office/seq-08/color/frame-000140.color.png office/seq-08/color/frame-000143.color.png 0.999741 0.0030135 -0.0225404 0.0234762 -0.00317538 0.999969 -0.00714939 0.0133229 0.0225182 0.00721916 0.99972 -0.00400174 0.0 0.0 0.0 1.0
office/seq-08/color/frame-000143.color.png office/seq-08/color/frame-000146.color.png 0.998977 0.0152253 -0.0425845 0.0103096 -0.0148497 0.999848 0.00912178 -0.0182717 0.0427168 -0.00848007 0.999051 -0.0197082 0.0 0.0 0.0 1.0
office/seq-08/color/frame-000146.color.png office/seq-08/color/frame-000149.color.png 0.999179 0.0239356 -0.0326816 0.0181949 -0.0233404 0.999557 0.0184735 -0.0106329 0.0331092 -0.0176956 0.999295 0.00570011 0.0 0.0 0.0 1.0
office/seq-08/color/frame-000149.color.png office/seq-08/color/frame-000152.color.png 0.999933 0.0104342 -0.0049305 -0.0373532 -0.0102044 0.998956 0.0445322 -0.0696059 0.00539005 -0.0444789 0.998996 0.0593805 0.0 0.0 0.0 1.0
office/seq-08/color/frame-000152.color.png office/seq-08/color/frame-000155.color.png 0.999835 0.00815844 -0.0162097 0.000343978 -0.007929 0.999868 0.0141698 -0.0182671 0.0163232 -0.0140389 0.999768 0.0205026 0.0 0.0 0.0 1.0
office/seq-08/color/frame-000155.color.png office/seq-08/color/frame-000158.color.png 0.99946 0.00741229 -0.0320169 0.0190844 -0.00758538 0.999957 -0.00528912 0.000816755 0.0319763 0.0055291 0.999473 0.0255827 0.0 0.0 0.0 1.0
office/seq-08/color/frame-000158.color.png office/seq-08/color/frame-000161.color.png 0.999332 0.0153434 -0.0331563 0.0281195 -0.0154742 0.999873 -0.00369279 -0.00180382 0.0330953 0.0042034 0.999443 0.0166227 0.0 0.0 0.0 1.0
office/seq-08/color/frame-000161.color.png office/seq-08/color/frame-000164.color.png 0.99938 0.0233296 -0.0263624 0.0211455 -0.0234033 0.999723 -0.00249151 0.0137559 0.026297 0.00310694 0.999649 0.0327882 0.0 0.0 0.0 1.0
office/seq-08/color/frame-000164.color.png office/seq-08/color/frame-000167.color.png 0.998749 0.02116 -0.0453159 0.0499554 -0.0212431 0.999774 -0.00135237 0.000900775 0.0452771 0.00231332 0.998972 0.0171311 0.0 0.0 0.0 1.0
office/seq-08/color/frame-000167.color.png office/seq-08/color/frame-000170.color.png 0.999103 0.0198805 -0.0373822 0.042819 -0.019748 0.999797 0.00391021 -0.00983562 0.0374524 -0.00316848 0.999293 0.00873923 0.0 0.0 0.0 1.0
office/seq-08/color/frame-000170.color.png office/seq-08/color/frame-000173.color.png 0.999058 0.0102344 -0.0421645 0.0567791 -0.00989108 0.999916 0.00834237 -0.0167234 0.0422463 -0.00791747 0.999076 0.0123674 0.0 0.0 0.0 1.0
office/seq-08/color/frame-000173.color.png office/seq-08/color/frame-000176.color.png 0.999765 -0.00356397 -0.0213923 0.0220982 0.00386069 0.999897 0.0138456 -0.0250728 0.0213407 -0.0139249 0.999675 0.0419898 0.0 0.0 0.0 1.0
office/seq-08/color/frame-000176.color.png office/seq-08/color/frame-000179.color.png 0.998568 0.00784591 -0.0529269 0.0806393 -0.00765137 0.999963 0.00387694 -0.00507125 0.0529554 -0.00346642 0.998591 0.00920236 0.0 0.0 0.0 1.0
office/seq-08/color/frame-000179.color.png office/seq-08/color/frame-000182.color.png 0.999558 0.00617374 -0.02909 0.0422215 -0.00625712 0.999977 -0.00277614 0.00592465 0.0290721 0.00295693 0.999573 0.00788724 0.0 0.0 0.0 1.0
office/seq-08/color/frame-000182.color.png office/seq-08/color/frame-000185.color.png 0.998931 0.0163823 -0.0432312 0.0670907 -0.0163676 0.999866 0.000694252 0.00318466 0.0432369 1.40833e-05 0.999065 0.00410223 0.0 0.0 0.0 1.0
office/seq-08/color/frame-000185.color.png office/seq-08/color/frame-000188.color.png 0.999322 0.00290773 -0.0367037 0.0654065 -0.00316327 0.999971 -0.00690603 0.00463633 0.0366825 0.00701745 0.999302 0.00807416 0.0 0.0 0.0 1.0
office/seq-08/color/frame-000188.color.png office/seq-08/color/frame-000191.color.png 0.998735 0.0171414 -0.0472693 0.0631823 -0.0166564 0.999805 0.0106356 -0.00938126 0.0474425 -0.00983479 0.998826 0.0119891 0.0 0.0 0.0 1.0
office/seq-08/color/frame-000191.color.png office/seq-08/color/frame-000194.color.png 0.998703 0.00478467 -0.0506868 0.0945505 -0.0046409 0.999985 0.00295383 -0.00662731 0.0507002 -0.00271477 0.99871 0.0100714 0.0 0.0 0.0 1.0
office/seq-08/color/frame-000194.color.png office/seq-08/color/frame-000197.color.png 0.996296 0.0191307 -0.0838326 0.134165 -0.0183074 0.999776 0.0105776 -0.0125416 0.0840162 -0.00900368 0.996424 -0.00784528 0.0 0.0 0.0 1.0
office/seq-08/color/frame-000197.color.png office/seq-08/color/frame-000200.color.png 0.997417 0.0164601 -0.0699195 0.119425 -0.0159951 0.999846 0.00720494 0.000576511 0.0700274 -0.00606796 0.997527 -0.00575197 0.0 0.0 0.0 1.0
office/seq-08/color/frame-000200.color.png office/seq-08/color/frame-000203.color.png 0.994763 0.0326215 -0.0968635 0.166449 -0.0311739 0.999379 0.016422 -0.00354555 0.097339 -0.0133163 0.995162 -0.011326 0.0 0.0 0.0 1.0
office/seq-08/color/frame-000203.color.png office/seq-08/color/frame-000206.color.png 0.997321 0.0316604 -0.0659401 0.110357 -0.0309008 0.999444 0.0125067 0.00140283 0.0662995 -0.0104356 0.997745 -0.00209057 0.0 0.0 0.0 1.0
office/seq-08/color/frame-000206.color.png office/seq-08/color/frame-000209.color.png 0.998011 0.0210265 -0.0594345 0.0957809 -0.0206875 0.999766 0.0063144 0.0173497 0.0595533 -0.0050723 0.998212 -0.0108027 0.0 0.0 0.0 1.0
office/seq-08/color/frame-000209.color.png office/seq-08/color/frame-000212.color.png 0.999165 0.00370581 -0.040681 0.0741804 -0.00325985 0.999934 0.0110233 -0.0150576 0.0407192 -0.0108815 0.999111 -0.00311041 0.0 0.0 0.0 1.0
office/seq-08/color/frame-000212.color.png office/seq-08/color/frame-000215.color.png 0.999186 0.0200504 -0.0350101 0.0555923 -0.0199445 0.999795 0.00337171 0.00671118 0.0350705 -0.00267072 0.999381 -0.0144509 0.0 0.0 0.0 1.0
office/seq-08/color/frame-000215.color.png office/seq-08/color/frame-000218.color.png 0.999482 0.0149774 -0.0284846 0.048597 -0.0151278 0.999873 -0.00507382 0.0214297 0.028405 0.0055021 0.999581 -0.0189891 0.0 0.0 0.0 1.0
office/seq-08/color/frame-000218.color.png office/seq-08/color/frame-000221.color.png 0.999323 0.0282005 -0.0236363 0.0275869 -0.0283191 0.999588 -0.00469662 0.0208784 0.0234941 0.00536279 0.99971 -0.0209818 0.0 0.0 0.0 1.0
office/seq-08/color/frame-000221.color.png office/seq-08/color/frame-000224.color.png 0.998796 0.0185334 -0.0454312 0.0702906 -0.0190748 0.999752 -0.01151 0.0389869 0.0452066 0.0123628 0.998901 -0.0437819 0.0 0.0 0.0 1.0
office/seq-08/color/frame-000224.color.png office/seq-08/color/frame-000227.color.png 0.998856 0.0331063 -0.034496 0.0427467 -0.0328911 0.999436 0.00678684 0.0102188 0.0347012 -0.00564449 0.999382 -0.0442786 0.0 0.0 0.0 1.0
office/seq-08/color/frame-000227.color.png office/seq-08/color/frame-000230.color.png 0.999261 0.00523746 -0.0380684 0.0726013 -0.00512267 0.999982 0.00311178 0.00543779 0.038084 -0.00291445 0.99927 -0.0344093 0.0 0.0 0.0 1.0
office/seq-08/color/frame-000230.color.png office/seq-08/color/frame-000233.color.png 0.99972 0.00294705 -0.0234744 0.03478 -0.00270017 0.999941 0.010544 -0.00632736 0.0235041 -0.0104777 0.999669 -0.0312597 0.0 0.0 0.0 1.0
office/seq-08/color/frame-000233.color.png office/seq-08/color/frame-000236.color.png 0.999125 0.012822 -0.0397987 0.0545801 -0.0121026 0.99976 0.018263 -0.0162744 0.0400233 -0.0177654 0.999041 -0.0329158 0.0 0.0 0.0 1.0
office/seq-08/color/frame-000236.color.png office/seq-08/color/frame-000239.color.png 0.999488 -0.00215728 -0.0319191 0.0511558 0.00281152 0.999787 0.0204637 -0.0251955 0.0318682 -0.020543 0.999281 -0.0252879 0.0 0.0 0.0 1.0
office/seq-08/color/frame-000239.color.png office/seq-08/color/frame-000242.color.png 0.998936 0.0158279 -0.0433193 0.0653722 -0.0157508 0.999874 0.00211988 0.0180879 0.0433473 -0.0014353 0.999059 -0.0188724 0.0 0.0 0.0 1.0
office/seq-08/color/frame-000242.color.png office/seq-08/color/frame-000245.color.png 0.998824 -0.0100065 -0.0474324 0.0770777 0.0108428 0.99979 0.0174079 -0.0364592 0.0472484 -0.0179017 0.998723 -0.0261271 0.0 0.0 0.0 1.0
office/seq-08/color/frame-000245.color.png office/seq-08/color/frame-000248.color.png 0.998597 0.0163688 -0.0503537 0.0771965 -0.0165233 0.99986 -0.00265498 0.0149881 0.0503031 0.00348327 0.998728 -0.0244887 0.0 0.0 0.0 1.0
office/seq-08/color/frame-000248.color.png office/seq-08/color/frame-000251.color.png 0.99906 0.013951 -0.0410336 0.0672653 -0.0139177 0.999902 0.00109972 0.00566291 0.0410448 -0.000527573 0.999157 -0.0126352 0.0 0.0 0.0 1.0
office/seq-08/color/frame-000251.color.png office/seq-08/color/frame-000254.color.png 0.999631 0.00428224 -0.026824 0.0529839 -0.00425624 0.99999 0.00102671 0.00451887 0.0268282 -0.000912225 0.99964 -0.0173796 0.0 0.0 0.0 1.0
office/seq-08/color/frame-000254.color.png office/seq-08/color/frame-000257.color.png 0.999044 0.00349383 -0.0435656 0.0684174 -0.00297578 0.999924 0.0119511 -0.0103767 0.0436041 -0.01181 0.998979 -0.0101242 0.0 0.0 0.0 1.0
office/seq-08/color/frame-000257.color.png office/seq-08/color/frame-000260.color.png 0.998451 0.0011355 -0.0556331 0.0869159 -0.000860295 0.999987 0.0049689 -0.00780999 0.0556379 -0.00491331 0.998439 -0.0141652 0.0 0.0 0.0 1.0
office/seq-08/color/frame-000260.color.png office/seq-08/color/frame-000263.color.png 0.999614 0.00179089 -0.0277319 0.0414171 -0.00199909 0.99997 -0.00747938 0.00479719 0.0277177 0.00753189 0.999587 -0.0229238 0.0 0.0 0.0 1.0
office/seq-08/color/frame-000263.color.png office/seq-08/color/frame-000266.color.png 0.999326 -0.0174874 -0.0322632 0.0504259 0.0177541 0.99981 0.00799567 -0.0108148 0.0321172 -0.00856312 0.999447 -0.0077498 0.0 0.0 0.0 1.0
office/seq-08/color/frame-000266.color.png office/seq-08/color/frame-000269.color.png 0.998549 0.0085056 -0.0531744 0.0863065 -0.00862417 0.999961 -0.00200094 0.000308353 0.0531552 0.00245661 0.998583 -0.0248888 0.0 0.0 0.0 1.0
office/seq-08/color/frame-000269.color.png office/seq-08/color/frame-000272.color.png 0.999641 0.00273855 -0.0266618 0.0398315 -0.0025832 0.999979 0.00586146 -0.00730557 0.0266773 -0.0057905 0.999627 -0.0115515 0.0 0.0 0.0 1.0
office/seq-08/color/frame-000272.color.png office/seq-08/color/frame-000275.color.png 0.998843 0.0124097 -0.0464611 0.0667736 -0.0124442 0.999922 -0.000454534 0.0122064 0.0464518 0.00103217 0.99892 -0.0277603 0.0 0.0 0.0 1.0
office/seq-08/color/frame-000275.color.png office/seq-08/color/frame-000278.color.png 0.999304 0.00963662 -0.0360277 0.0488856 -0.00935515 0.999925 0.0079725 -0.00509579 0.0361019 -0.00762992 0.999319 -0.021315 0.0 0.0 0.0 1.0
office/seq-08/color/frame-000278.color.png office/seq-08/color/frame-000281.color.png 0.999254 0.00407238 -0.0384119 0.0534774 -0.00391273 0.999983 0.00423052 0.00256211 0.0384284 -0.00407702 0.999253 -0.0218612 0.0 0.0 0.0 1.0
office/seq-08/color/frame-000281.color.png office/seq-08/color/frame-000284.color.png 0.99894 0.0047252 -0.0457874 0.0563948 -0.0042744 0.999942 0.00993865 -0.0105168 0.0458318 -0.00973242 0.998902 -0.0298591 0.0 0.0 0.0 1.0
office/seq-08/color/frame-000284.color.png office/seq-08/color/frame-000287.color.png 0.998932 0.00871907 -0.0453675 0.0658929 -0.00900229 0.999941 -0.00604286 0.0222061 0.0453121 0.00644484 0.998952 -0.0240517 0.0 0.0 0.0 1.0
office/seq-08/color/frame-000287.color.png office/seq-08/color/frame-000290.color.png 0.998988 0.00751016 -0.0443455 0.0542564 -0.0074778 0.999972 0.00089628 0.0058706 0.044351 -0.000563749 0.999016 -0.0278081 0.0 0.0 0.0 1.0
office/seq-08/color/frame-000290.color.png office/seq-08/color/frame-000293.color.png 0.999144 0.00478172 -0.0410986 0.0512453 -0.00511428 0.999955 -0.00798983 0.0183357 0.0410586 0.00819316 0.999123 -0.0305071 0.0 0.0 0.0 1.0
office/seq-08/color/frame-000293.color.png office/seq-08/color/frame-000296.color.png 0.999303 0.0043414 -0.0370781 0.046188 -0.00438894 0.99999 -0.00120107 0.007287 0.0370724 0.00136296 0.999312 -0.0309629 0.0 0.0 0.0 1.0
office/seq-08/color/frame-000296.color.png office/seq-08/color/frame-000299.color.png 0.999188 -0.000110576 -0.0402979 0.0517318 0.000249102 0.999994 0.00343351 -0.00165153 0.0402973 -0.00344077 0.999182 -0.0341021 0.0 0.0 0.0 1.0
office/seq-08/color/frame-000299.color.png office/seq-08/color/frame-000302.color.png 0.99989 -0.00390317 -0.0143342 0.0103069 0.00389002 0.999992 -0.000945059 0.00682972 0.0143378 0.000889133 0.999897 -0.0209918 0.0 0.0 0.0 1.0
office/seq-08/color/frame-000302.color.png office/seq-08/color/frame-000305.color.png 0.999539 -0.0146347 -0.0265891 0.0405774 0.0146834 0.999891 0.00163649 -0.0118472 0.0265622 -0.00202613 0.999645 -0.0299752 0.0 0.0 0.0 1.0
office/seq-08/color/frame-000305.color.png office/seq-08/color/frame-000308.color.png 0.999559 -0.00605128 -0.0290557 0.0469216 0.00597564 0.999978 -0.002689 0.00138889 0.0290714 0.00251426 0.999574 -0.0333989 0.0 0.0 0.0 1.0
office/seq-08/color/frame-000308.color.png office/seq-08/color/frame-000311.color.png 0.999626 -0.0145791 -0.0231159 0.0488077 0.0147349 0.99987 0.00658159 -0.0172065 0.0230169 -0.00691974 0.999711 -0.0279083 0.0 0.0 0.0 1.0
office/seq-08/color/frame-000311.color.png office/seq-08/color/frame-000314.color.png 0.9998 0.000812028 -0.0199682 0.0423461 -0.000887813 0.999992 -0.00378761 0.00437587 0.019965 0.00380455 0.999794 -0.0252239 0.0 0.0 0.0 1.0
office/seq-08/color/frame-000314.color.png office/seq-08/color/frame-000317.color.png 0.999905 -0.00372258 -0.013276 0.0343038 0.0036675 0.999985 -0.00417037 0.00417016 0.0132913 0.00412129 0.999903 -0.0228425 0.0 0.0 0.0 1.0
office/seq-08/color/frame-000317.color.png office/seq-08/color/frame-000320.color.png 0.999966 -0.000199341 -0.00821363 0.0260539 0.000191139 0.999999 -0.0010008 0.000567175 0.00821388 0.000999192 0.999966 -0.0225481 0.0 0.0 0.0 1.0
office/seq-08/color/frame-000320.color.png office/seq-08/color/frame-000323.color.png 0.999834 0.00830886 -0.0162024 0.0362344 -0.00826944 0.999963 0.00249777 -0.00370111 0.0162225 -0.00236344 0.999866 -0.0221485 0.0 0.0 0.0 1.0
office/seq-08/color/frame-000323.color.png office/seq-08/color/frame-000326.color.png 0.999822 0.00421256 -0.018371 0.0400945 -0.00394785 0.999888 0.0144245 -0.0196202 0.0184297 -0.0143494 0.999727 -0.019268 0.0 0.0 0.0 1.0
office/seq-08/color/frame-000326.color.png office/seq-08/color/frame-000329.color.png 0.999621 0.01159 -0.0249908 0.0489264 -0.011442 0.999916 0.006056 -0.00606369 0.0250589 -0.00576775 0.999669 -0.0247141 0.0 0.0 0.0 1.0
office/seq-08/color/frame-000329.color.png office/seq-08/color/frame-000332.color.png 0.999684 0.00801024 -0.0238076 0.0406519 -0.00781125 0.999934 0.00843827 -0.00780522 0.0238736 -0.00824961 0.999681 -0.019292 0.0 0.0 0.0 1.0
office/seq-08/color/frame-000332.color.png office/seq-08/color/frame-000335.color.png 0.9994 0.0170045 -0.0301793 0.0554505 -0.0166671 0.999796 0.0113955 -0.0119226 0.0303669 -0.0108856 0.99948 -0.0408391 0.0 0.0 0.0 1.0
office/seq-08/color/frame-000335.color.png office/seq-08/color/frame-000338.color.png 0.999238 0.00848621 -0.0381006 0.0558804 -0.00808925 0.999911 0.0105612 -0.00707406 0.0381868 -0.010245 0.999218 -0.015885 0.0 0.0 0.0 1.0
office/seq-08/color/frame-000338.color.png office/seq-08/color/frame-000341.color.png 0.998992 0.00428875 -0.044684 0.0444252 -0.00366109 0.999894 0.0141176 -0.0211259 0.0447398 -0.0139397 0.998901 -0.0370179 0.0 0.0 0.0 1.0
office/seq-08/color/frame-000341.color.png office/seq-08/color/frame-000344.color.png 0.998858 0.0100554 -0.046715 0.042708 -0.00896892 0.999686 0.02341 -0.0265563 0.0469357 -0.0229643 0.998634 -0.0545459 0.0 0.0 0.0 1.0
office/seq-08/color/frame-000344.color.png office/seq-08/color/frame-000347.color.png 0.998214 0.00481056 -0.0595458 0.0528714 -0.00429885 0.999953 0.00871763 0.00598573 0.059585 -0.00844603 0.998188 -0.0656152 0.0 0.0 0.0 1.0
office/seq-08/color/frame-000347.color.png office/seq-08/color/frame-000350.color.png 0.99867 0.0130299 -0.0498842 0.0192102 -0.0130279 0.999915 0.000365352 0.00266369 0.0498847 0.000285008 0.998755 -0.0537822 0.0 0.0 0.0 1.0
office/seq-08/color/frame-000350.color.png office/seq-08/color/frame-000353.color.png 0.999102 -0.000749984 -0.0423748 0.0156581 0.000619823 0.999995 -0.00308356 0.0112514 0.0423769 0.00305453 0.999097 -0.0387809 0.0 0.0 0.0 1.0
office/seq-08/color/frame-000353.color.png office/seq-08/color/frame-000356.color.png 0.999436 0.0035721 -0.0333972 -0.0102181 -0.00365287 0.999991 -0.00235892 0.0167884 0.0333885 0.00247964 0.999439 -0.0429659 0.0 0.0 0.0 1.0
office/seq-08/color/frame-000356.color.png office/seq-08/color/frame-000359.color.png 0.999838 0.001396 -0.0179214 -0.0183681 -0.00161435 0.999925 -0.0121752 0.0292491 0.017903 0.012202 0.999765 -0.0499842 0.0 0.0 0.0 1.0
office/seq-08/color/frame-000359.color.png office/seq-08/color/frame-000362.color.png 0.999788 0.00711308 -0.0193126 -0.0390932 -0.00707225 0.999973 0.00218154 0.0171367 0.0193276 -0.00204444 0.999811 -0.0382838 0.0 0.0 0.0 1.0
office/seq-08/color/frame-000362.color.png office/seq-08/color/frame-000365.color.png 0.999953 0.00765466 -0.00598685 -0.0490402 -0.00767698 0.999964 -0.00371892 0.0117822 0.00595815 0.00376472 0.999975 -0.0302397 0.0 0.0 0.0 1.0
office/seq-08/color/frame-000365.color.png office/seq-08/color/frame-000368.color.png 0.999876 -0.0153782 0.00344641 -0.0583422 0.015359 0.999867 0.00554785 0.00270641 -0.00353133 -0.00549426 0.999979 -0.0521295 0.0 0.0 0.0 1.0
office/seq-08/color/frame-000368.color.png office/seq-08/color/frame-000371.color.png 0.999945 -0.0063057 -0.00839682 -0.0551867 0.00641507 0.999894 0.0130718 -0.00304618 0.00831353 -0.0131249 0.999879 -0.0401939 0.0 0.0 0.0 1.0
office/seq-08/color/frame-000371.color.png office/seq-08/color/frame-000374.color.png 0.999973 -0.00734486 0.000722183 -0.0473832 0.00732802 0.999751 0.0210715 -0.0154142 -0.000876739 -0.0210656 0.999778 -0.0169969 0.0 0.0 0.0 1.0
office/seq-08/color/frame-000374.color.png office/seq-08/color/frame-000377.color.png 0.999852 -0.0142176 0.00967625 -0.0649925 0.0140098 0.999677 0.0212093 -0.0110893 -0.00997473 -0.0210706 0.999728 -0.0331409 0.0 0.0 0.0 1.0
office/seq-08/color/frame-000377.color.png office/seq-08/color/frame-000380.color.png 0.999745 -0.0195254 0.0113549 -0.0412975 0.0195031 0.999808 0.00207062 0.00997628 -0.011393 -0.0018486 0.999933 -0.0309196 0.0 0.0 0.0 1.0
office/seq-08/color/frame-000380.color.png office/seq-08/color/frame-000383.color.png 0.999435 -0.0154025 0.029861 -0.0670607 0.0149619 0.999777 0.0149238 -0.0006271 -0.0300841 -0.0144686 0.999443 -0.01689 0.0 0.0 0.0 1.0
office/seq-08/color/frame-000383.color.png office/seq-08/color/frame-000386.color.png 0.998918 -0.0159831 0.0436843 -0.0674715 0.0158631 0.999869 0.00309158 0.023585 -0.043728 -0.00239525 0.99904 -0.0170227 0.0 0.0 0.0 1.0
office/seq-08/color/frame-000386.color.png office/seq-08/color/frame-000389.color.png 0.998638 -0.0182936 0.0488591 -0.08575 0.0187948 0.999775 -0.00981865 0.0139109 -0.0486685 0.0107236 0.998758 -0.00715345 0.0 0.0 0.0 1.0
office/seq-08/color/frame-000389.color.png office/seq-08/color/frame-000392.color.png 0.998371 -0.0314933 0.047582 -0.0494697 0.0320216 0.999433 -0.0103828 0.0114523 -0.047228 0.0118895 0.998813 -0.0038631 0.0 0.0 0.0 1.0
office/seq-08/color/frame-000392.color.png office/seq-08/color/frame-000395.color.png 0.998582 -0.0284341 0.045003 -0.0792755 0.0290391 0.999496 -0.0128479 0.0241205 -0.044615 0.0141365 0.998904 -0.00673425 0.0 0.0 0.0 1.0
office/seq-08/color/frame-000395.color.png office/seq-08/color/frame-000398.color.png 0.999149 -0.0198303 0.0361799 -0.0398559 0.0205673 0.999586 -0.0201138 0.0266681 -0.035766 0.0208408 0.999143 -0.0114034 0.0 0.0 0.0 1.0
office/seq-08/color/frame-000398.color.png office/seq-08/color/frame-000401.color.png 0.998578 -0.0235211 0.0478472 -0.0572179 0.0248543 0.999314 -0.0274633 0.022689 -0.0471684 0.0286135 0.998477 -0.00516427 0.0 0.0 0.0 1.0
office/seq-08/color/frame-000401.color.png office/seq-08/color/frame-000404.color.png 0.999087 -0.0303466 0.0300834 -0.0230813 0.0309192 0.999346 -0.0187553 0.0225271 -0.0294946 0.0196683 0.999371 -0.00968105 0.0 0.0 0.0 1.0
office/seq-08/color/frame-000404.color.png office/seq-08/color/frame-000407.color.png 0.997167 -0.036541 0.0657395 -0.0390149 0.0380721 0.999029 -0.02219 0.0299712 -0.0648648 0.02463 0.99759 -0.018002 0.0 0.0 0.0 1.0
office/seq-08/color/frame-000407.color.png office/seq-08/color/frame-000410.color.png 0.998271 -0.0168146 0.0563244 -0.0294309 0.0183233 0.999484 -0.026377 0.0254019 -0.0558518 0.0273634 0.998064 -0.0168284 0.0 0.0 0.0 1.0
office/seq-08/color/frame-000410.color.png office/seq-08/color/frame-000413.color.png 0.998052 -0.0285371 0.0554864 -0.0359411 0.0292924 0.999488 -0.0128452 0.0210502 -0.0550914 0.0144456 0.998377 -0.013508 0.0 0.0 0.0 1.0
office/seq-08/color/frame-000413.color.png office/seq-08/color/frame-000416.color.png 0.999187 -0.0218416 0.0338895 -0.0014528 0.022213 0.999697 -0.0106239 0.0132528 -0.0336471 0.011368 0.999369 0.000894904 0.0 0.0 0.0 1.0
office/seq-08/color/frame-000416.color.png office/seq-08/color/frame-000419.color.png 0.999087 -0.0142188 0.0402738 -0.013972 0.0144294 0.999884 -0.0049442 0.00554365 -0.0401988 0.00552088 0.999177 -0.0102055 0.0 0.0 0.0 1.0
office/seq-08/color/frame-000419.color.png office/seq-08/color/frame-000422.color.png 0.999129 -0.0113739 0.0401569 -0.0254038 0.0115378 0.999926 -0.00385416 -0.00152318 -0.0401102 0.00431409 0.999186 -0.0144191 0.0 0.0 0.0 1.0
office/seq-08/color/frame-000422.color.png office/seq-08/color/frame-000425.color.png 0.998851 -0.00718925 0.0473803 -0.0164804 0.00720937 0.999974 -0.000253988 -0.00690697 -0.0473771 0.000595214 0.998877 -0.00165898 0.0 0.0 0.0 1.0
office/seq-08/color/frame-000425.color.png office/seq-08/color/frame-000428.color.png 0.999327 -0.0107466 0.0350819 -0.0103651 0.011119 0.999884 -0.010438 0.00491536 -0.0349657 0.0108211 0.99933 0.00102895 0.0 0.0 0.0 1.0
office/seq-08/color/frame-000428.color.png office/seq-08/color/frame-000431.color.png 0.998964 -0.0140555 0.0432728 -0.0153586 0.0141823 0.999896 -0.00262388 -0.0077197 -0.0432314 0.00323489 0.99906 0.0169199 0.0 0.0 0.0 1.0
office/seq-08/color/frame-000431.color.png office/seq-08/color/frame-000434.color.png 0.998669 -0.0139314 0.0496665 -0.0183478 0.0138333 0.999902 0.00231818 0.00101691 -0.0496939 -0.001628 0.998763 0.0133275 0.0 0.0 0.0 1.0
office/seq-08/color/frame-000434.color.png office/seq-08/color/frame-000437.color.png 0.999102 -0.0154756 0.0394348 -0.0190692 0.0154409 0.99988 0.00118394 -0.0104986 -0.0394484 -0.00057396 0.999221 0.00399679 0.0 0.0 0.0 1.0
office/seq-08/color/frame-000437.color.png office/seq-08/color/frame-000440.color.png 0.998946 -0.0124525 0.0441821 -0.0213091 0.0125237 0.999921 -0.00133513 0.00441301 -0.0441619 0.00188695 0.999023 0.00244117 0.0 0.0 0.0 1.0
office/seq-08/color/frame-000440.color.png office/seq-08/color/frame-000443.color.png 0.999351 -0.0106668 0.0344224 -0.00985193 0.0105776 0.99994 0.00277324 -0.0128433 -0.03445 -0.0024073 0.999403 0.0138789 0.0 0.0 0.0 1.0
office/seq-08/color/frame-000443.color.png office/seq-08/color/frame-000446.color.png 0.999357 -0.00215548 0.0357836 -0.00959162 0.00177826 0.999943 0.0105683 -0.0213102 -0.0358044 -0.0104979 0.999304 0.00598139 0.0 0.0 0.0 1.0
office/seq-08/color/frame-000446.color.png office/seq-08/color/frame-000449.color.png 0.999554 -0.00838866 0.0286669 -0.0120737 0.00825976 0.999955 0.00461503 -0.0170814 -0.0287044 -0.00437619 0.999578 0.0332996 0.0 0.0 0.0 1.0
office/seq-08/color/frame-000449.color.png office/seq-08/color/frame-000452.color.png 0.999927 -0.00452878 0.0111963 0.00995682 0.0045623 0.999985 -0.00296907 -0.0137882 -0.0111826 0.0030199 0.999933 0.0613564 0.0 0.0 0.0 1.0
office/seq-08/color/frame-000452.color.png office/seq-08/color/frame-000455.color.png 0.999552 -0.00415018 0.0296305 -0.0191647 0.00411472 0.999991 0.00125624 -0.0104091 -0.0296353 -0.00113374 0.99956 0.0244269 0.0 0.0 0.0 1.0
office/seq-08/color/frame-000455.color.png office/seq-08/color/frame-000458.color.png 0.999889 -0.0018147 0.0148267 0.0153519 0.00183715 0.999997 -0.00150013 -0.0157012 -0.014824 0.00152713 0.999889 0.0288717 0.0 0.0 0.0 1.0
office/seq-08/color/frame-000458.color.png office/seq-08/color/frame-000461.color.png 0.99993 -0.00588656 0.0102375 -0.000129353 0.00592535 0.999975 -0.00376232 7.00578e-05 -0.0102151 0.00382274 0.999941 0.0172914 0.0 0.0 0.0 1.0
office/seq-08/color/frame-000461.color.png office/seq-08/color/frame-000464.color.png 0.999954 -0.00156156 0.00948012 0.00413144 0.00163349 0.99997 -0.00757776 0.00359623 -0.00946794 0.00759283 0.999926 0.0185651 0.0 0.0 0.0 1.0
office/seq-08/color/frame-000464.color.png office/seq-08/color/frame-000467.color.png 0.999929 -0.0086346 0.00817299 0.0176381 0.00862329 0.999962 0.00140727 0.00471514 -0.00818484 -0.00133668 0.999966 0.0191184 0.0 0.0 0.0 1.0
office/seq-08/color/frame-000467.color.png office/seq-08/color/frame-000470.color.png 0.999858 -0.000391026 0.0168427 -0.00864863 0.000539835 0.999961 -0.00883126 0.0110731 -0.0168386 0.00883916 0.999819 0.0189613 0.0 0.0 0.0 1.0
office/seq-08/color/frame-000470.color.png office/seq-08/color/frame-000473.color.png 0.999944 0.000892114 0.0105562 0.00355283 -0.000876856 0.999999 -0.00145338 -0.00294856 -0.0105575 0.00144403 0.999943 0.0123711 0.0 0.0 0.0 1.0
office/seq-08/color/frame-000473.color.png office/seq-08/color/frame-000476.color.png 0.999897 0.00245637 0.0141275 0.00217643 -0.00244229 0.999996 -0.00101226 -0.00304577 -0.01413 0.000977679 0.9999 0.00908935 0.0 0.0 0.0 1.0
office/seq-08/color/frame-000476.color.png office/seq-08/color/frame-000479.color.png 0.999766 0.00850236 0.0198898 0.0237541 -0.00854077 0.999962 0.00184529 -0.00725725 -0.0198734 -0.00201472 0.9998 0.0256152 0.0 0.0 0.0 1.0
office/seq-08/color/frame-000479.color.png office/seq-08/color/frame-000482.color.png 0.999666 0.00194224 0.0257686 -0.0157947 -0.00196094 0.999998 0.000702908 -0.00354091 -0.0257673 -0.00075328 0.999668 0.0119458 0.0 0.0 0.0 1.0
office/seq-08/color/frame-000482.color.png office/seq-08/color/frame-000485.color.png 0.999686 0.00626768 0.0242784 -0.00873332 -0.00614234 0.999967 -0.00523481 0.00151214 -0.0243104 0.00508411 0.999691 0.0076766 0.0 0.0 0.0 1.0
office/seq-08/color/frame-000485.color.png office/seq-08/color/frame-000488.color.png 0.999513 -0.000227493 0.0312142 0.00665893 0.000381337 0.999988 -0.00492216 -0.000683971 -0.0312126 0.00493168 0.9995 0.0191919 0.0 0.0 0.0 1.0
office/seq-08/color/frame-000488.color.png office/seq-08/color/frame-000491.color.png 0.999674 0.00211937 0.025461 -0.00634754 -0.00191178 0.999965 -0.00817653 0.00966994 -0.0254774 0.00812518 0.999642 0.0157087 0.0 0.0 0.0 1.0
office/seq-08/color/frame-000491.color.png office/seq-08/color/frame-000494.color.png 0.9994 -0.00382117 0.0344265 -0.00318465 0.00381312 0.999993 0.000299298 -0.00889232 -0.0344275 -0.000167835 0.999407 0.0231518 0.0 0.0 0.0 1.0
office/seq-08/color/frame-000494.color.png office/seq-08/color/frame-000497.color.png 0.999759 0.00255847 0.021807 -0.00460759 -0.00229447 0.999924 -0.0121228 0.0153784 -0.0218364 0.0120698 0.999689 -8.9407e-06 0.0 0.0 0.0 1.0
office/seq-08/color/frame-000497.color.png office/seq-08/color/frame-000500.color.png 0.998861 -0.00962009 0.0467397 -0.0353969 0.0097637 0.999948 -0.0028438 -0.00256729 -0.04671 0.0032969 0.998903 0.00391531 0.0 0.0 0.0 1.0
office/seq-08/color/frame-000500.color.png office/seq-08/color/frame-000503.color.png 0.999743 -0.0123894 0.0189631 0.00430229 0.0123386 0.99992 0.00279849 -0.0170968 -0.0189962 -0.00256382 0.999816 0.0104874 0.0 0.0 0.0 1.0
office/seq-08/color/frame-000503.color.png office/seq-08/color/frame-000506.color.png 0.999817 -0.0135436 0.0134679 0.0443234 0.0135753 0.999905 -0.00226463 -0.00846223 -0.0134359 0.00244704 0.999907 0.0365304 0.0 0.0 0.0 1.0
office/seq-08/color/frame-000506.color.png office/seq-08/color/frame-000509.color.png 0.999395 -0.0167195 0.0304834 0.00251797 0.0166398 0.999857 0.00286538 -0.0159873 -0.030527 -0.00235643 0.999531 0.027158 0.0 0.0 0.0 1.0
office/seq-08/color/frame-000509.color.png office/seq-08/color/frame-000512.color.png 0.999486 -0.0066842 0.0313443 0.0127954 0.00677666 0.999973 -0.00284496 -0.00974978 -0.0313245 0.00305588 0.999505 0.0176542 0.0 0.0 0.0 1.0
office/seq-08/color/frame-000512.color.png office/seq-08/color/frame-000515.color.png 0.999473 -0.0103624 0.0307733 0.00267684 0.0102736 0.999943 0.00304161 -0.0168791 -0.0308031 -0.00272381 0.999522 0.0449774 0.0 0.0 0.0 1.0
office/seq-08/color/frame-000515.color.png office/seq-08/color/frame-000518.color.png 0.999188 -0.0114269 0.0386343 -0.0252515 0.0115002 0.999932 -0.00167629 -0.00711768 -0.0386125 0.00211919 0.999252 0.0279895 0.0 0.0 0.0 1.0
office/seq-08/color/frame-000518.color.png office/seq-08/color/frame-000521.color.png 0.999728 0.000592123 0.0233217 0.00716728 -0.000561576 0.999999 -0.00131711 -0.00296618 -0.0233224 0.0013037 0.999727 0.0202602 0.0 0.0 0.0 1.0
office/seq-08/color/frame-000521.color.png office/seq-08/color/frame-000524.color.png 0.999453 -0.00348958 0.0328768 -0.00947481 0.00309812 0.999924 0.0119509 -0.0135003 -0.032916 -0.0118425 0.999388 0.0258155 0.0 0.0 0.0 1.0
office/seq-08/color/frame-000524.color.png office/seq-08/color/frame-000527.color.png 0.999696 -0.00202705 0.0245848 -0.00067997 0.00175093 0.999935 0.0112476 -0.0133845 -0.024606 -0.0112011 0.999635 0.021605 0.0 0.0 0.0 1.0
office/seq-08/color/frame-000527.color.png office/seq-08/color/frame-000530.color.png 0.99982 0.0050434 0.0182777 0.00729543 -0.00511926 0.999979 0.00410425 0.00196289 -0.0182565 -0.00419705 0.999824 0.0134072 0.0 0.0 0.0 1.0
office/seq-08/color/frame-000530.color.png office/seq-08/color/frame-000533.color.png 0.999908 0.0135275 0.00109056 0.0281909 -0.0135347 0.999885 0.00689219 -0.000426255 -0.000997263 -0.0069064 0.999976 0.0112743 0.0 0.0 0.0 1.0
