redkitchen/seq-01/color/frame-000000.color.png redkitchen/seq-01/color/frame-000003.color.png 0.999996 0.00266464 -0.0010271 0.000174844 -0.00266362 0.999996 0.000998675 0.000834432 0.00102975 -0.000995936 0.999999 0.00115441 0.0 0.0 0.0 1.0
redkitchen/seq-01/color/frame-000001.color.png redkitchen/seq-01/color/frame-000004.color.png 0.999999 0.00144236 0.000473111 0.000643395 -0.00144328 0.999997 0.00195944 0.000300957 -0.000470283 -0.00196012 0.999998 0.000832726 0.0 0.0 0.0 1.0
redkitchen/seq-01/color/frame-000002.color.png redkitchen/seq-01/color/frame-000005.color.png 1.0 -0.000962978 0.000140205 -0.000301756 0.000962695 0.999997 0.00200099 -0.00276371 -0.000142131 -0.00200085 0.999998 0.00222208 0.0 0.0 0.0 1.0
redkitchen/seq-01/color/frame-000003.color.png redkitchen/seq-01/color/frame-000006.color.png 0.999992 -0.00361135 -0.00178853 -0.00139147 0.00361073 0.999994 -0.000351334 -0.00302899 0.00178979 0.000344874 0.999998 0.000915717 0.0 0.0 0.0 1.0
redkitchen/seq-01/color/frame-000004.color.png redkitchen/seq-01/color/frame-000007.color.png 0.999994 -0.00084876 -0.00347421 -0.000925779 0.0008415 0.999997 -0.00209054 0.000211596 0.00347597 0.00208761 0.999992 0.00141305 0.0 0.0 0.0 1.0
redkitchen/seq-01/color/frame-000005.color.png redkitchen/seq-01/color/frame-000008.color.png 0.999992 0.00339862 -0.00186138 -0.00085363 -0.00339923 0.999994 -0.000321873 -0.00059018 0.00186027 0.000328198 0.999998 0.00121457 0.0 0.0 0.0 1.0
redkitchen/seq-01/color/frame-000006.color.png redkitchen/seq-01/color/frame-000009.color.png 0.999987 0.00507385 0.0001732 -0.00347993 -0.00507394 0.999987 0.000528079 -0.00137971 -0.000170518 -0.000528951 1.0 0.00126154 0.0 0.0 0.0 1.0
redkitchen/seq-01/color/frame-000007.color.png redkitchen/seq-01/color/frame-000010.color.png 0.999992 0.00374952 -0.00130567 -0.00519707 -0.00374762 0.999992 0.00145583 -0.00652613 0.00131112 -0.00145092 0.999998 0.00044953 0.0 0.0 0.0 1.0
redkitchen/seq-01/color/frame-000008.color.png redkitchen/seq-01/color/frame-000011.color.png 0.999985 0.00372044 -0.00412306 -0.00469891 -0.00372652 0.999992 -0.00146913 -0.00354521 0.00411756 0.00148447 0.999991 0.000740542 0.0 0.0 0.0 1.0
redkitchen/seq-01/color/frame-000009.color.png redkitchen/seq-01/color/frame-000012.color.png 0.999974 0.00491717 -0.00523758 -0.00254445 -0.00492543 0.999987 -0.0015665 -0.00278979 0.0052298 0.00159225 0.999985 0.00205489 0.0 0.0 0.0 1.0
redkitchen/seq-01/color/frame-000010.color.png redkitchen/seq-01/color/frame-000013.color.png 0.999967 0.00709233 -0.00400167 -0.00136743 -0.00709826 0.999974 -0.00146894 -0.00300801 0.00399114 0.00149729 0.999991 0.00294437 0.0 0.0 0.0 1.0
redkitchen/seq-01/color/frame-000011.color.png redkitchen/seq-01/color/frame-000014.color.png 0.999972 0.00719292 -0.00214565 -0.00283836 -0.00719894 0.99997 -0.00280877 -0.00365505 0.00212539 0.00282414 0.999994 0.00131464 0.0 0.0 0.0 1.0
redkitchen/seq-01/color/frame-000012.color.png redkitchen/seq-01/color/frame-000015.color.png 0.999981 0.00558381 -0.00256605 -0.00302102 -0.00559464 0.999975 -0.00423583 -0.00163966 0.00254234 0.00425011 0.999988 0.00118817 0.0 0.0 0.0 1.0
redkitchen/seq-01/color/frame-000013.color.png redkitchen/seq-01/color/frame-000016.color.png 0.999985 0.00477155 -0.00259088 -0.00378965 -0.00478075 0.999982 -0.0035547 -0.00196443 0.00257387 0.00356704 0.99999 0.000793274 0.0 0.0 0.0 1.0
redkitchen/seq-01/color/frame-000014.color.png redkitchen/seq-01/color/frame-000017.color.png 0.999991 0.00339567 -0.00232856 -0.00380957 -0.00340136 0.999991 -0.00244524 -0.00185558 0.00232024 0.00245313 0.999994 0.00180291 0.0 0.0 0.0 1.0
redkitchen/seq-01/color/frame-000015.color.png redkitchen/seq-01/color/frame-000018.color.png 0.999993 0.0026533 -0.00255249 -0.00260277 -0.0026561 0.999996 -0.00109343 -0.00447745 0.00254958 0.0011002 0.999996 0.00109787 0.0 0.0 0.0 1.0
redkitchen/seq-01/color/frame-000016.color.png redkitchen/seq-01/color/frame-000019.color.png 0.999995 0.00118947 -0.00290289 -0.00297808 -0.00119705 0.999996 -0.0026098 -0.000529424 0.00289978 0.00261327 0.999992 0.0020539 0.0 0.0 0.0 1.0
redkitchen/seq-01/color/frame-000017.color.png redkitchen/seq-01/color/frame-000020.color.png 0.999994 0.000510846 -0.00328761 -0.00380133 -0.000512891 1.0 -0.000620578 -0.00294403 0.00328729 0.000622261 0.999994 0.00248731 0.0 0.0 0.0 1.0
redkitchen/seq-01/color/frame-000018.color.png redkitchen/seq-01/color/frame-000021.color.png 0.99999 0.00184954 -0.00395323 -0.00388828 -0.00185573 0.999997 -0.00156258 -0.00184274 0.00395033 0.0015699 0.999991 0.00363339 0.0 0.0 0.0 1.0
redkitchen/seq-01/color/frame-000019.color.png redkitchen/seq-01/color/frame-000022.color.png 0.999987 0.00418196 -0.00303987 -0.00480187 -0.00417822 0.999991 0.00123484 -0.0030635 0.00304501 -0.00122213 0.999994 0.000800686 0.0 0.0 0.0 1.0
redkitchen/seq-01/color/frame-000020.color.png redkitchen/seq-01/color/frame-000023.color.png 0.99997 0.00713174 -0.00309853 -0.00410025 -0.00712881 0.999974 0.000955844 -0.00108613 0.00310527 -0.000933725 0.999995 0.00257582 0.0 0.0 0.0 1.0
redkitchen/seq-01/color/frame-000021.color.png redkitchen/seq-01/color/frame-000024.color.png 0.999969 0.00762668 -0.0017525 -0.00600319 -0.00762055 0.999965 0.00348208 -0.000514299 0.001779 -0.00346862 0.999992 0.00126154 0.0 0.0 0.0 1.0
redkitchen/seq-01/color/frame-000022.color.png redkitchen/seq-01/color/frame-000025.color.png 0.999985 0.00480612 -0.00256502 -0.00708295 -0.00479506 0.999979 0.00430016 -0.00237802 0.00258563 -0.0042878 0.999988 0.00520038 0.0 0.0 0.0 1.0
redkitchen/seq-01/color/frame-000023.color.png redkitchen/seq-01/color/frame-000026.color.png 0.999984 0.00325382 -0.00456309 -0.00609849 -0.00323723 0.999988 0.00363714 0.0014389 0.00457486 -0.00362231 0.999983 0.00428988 0.0 0.0 0.0 1.0
redkitchen/seq-01/color/frame-000024.color.png redkitchen/seq-01/color/frame-000027.color.png 0.999986 0.00142865 -0.00501671 -0.0061191 -0.00140029 0.999983 0.00564988 6.05918e-06 0.00502469 -0.00564278 0.999971 0.00672877 0.0 0.0 0.0 1.0
redkitchen/seq-01/color/frame-000025.color.png redkitchen/seq-01/color/frame-000028.color.png 0.999982 0.000956674 -0.00584796 -0.0056206 -0.0009251 0.999985 0.00539947 0.000659956 0.00585304 -0.00539396 0.999968 0.00547608 0.0 0.0 0.0 1.0
redkitchen/seq-01/color/frame-000026.color.png redkitchen/seq-01/color/frame-000029.color.png 0.999984 0.000285726 -0.00571695 -0.00626406 -0.000243973 0.999973 0.00730215 -0.00329425 0.00571888 -0.00730064 0.999957 0.0062342 0.0 0.0 0.0 1.0
redkitchen/seq-01/color/frame-000027.color.png redkitchen/seq-01/color/frame-000030.color.png 0.999975 0.00252846 -0.00657693 -0.00520111 -0.00249707 0.999986 0.00477606 -0.00102652 0.0065889 -0.00475952 0.999967 0.00613405 0.0 0.0 0.0 1.0
redkitchen/seq-01/color/frame-000028.color.png redkitchen/seq-01/color/frame-000031.color.png 0.999982 0.00188351 -0.00576144 -0.00374458 -0.00185529 0.999986 0.00489792 0.000516173 0.00577058 -0.00488714 0.999971 0.00669097 0.0 0.0 0.0 1.0
redkitchen/seq-01/color/frame-000029.color.png redkitchen/seq-01/color/frame-000032.color.png 0.999993 0.00154803 -0.00353751 -0.00846088 -0.00152267 0.999973 0.00716034 -0.00251449 0.00354851 -0.0071549 0.999968 0.00483508 0.0 0.0 0.0 1.0
redkitchen/seq-01/color/frame-000030.color.png redkitchen/seq-01/color/frame-000033.color.png 0.999987 0.000209995 -0.00511683 -0.00874608 -0.000174602 0.999976 0.00691589 -9.02778e-05 0.00511816 -0.00691491 0.999963 0.00485123 0.0 0.0 0.0 1.0
redkitchen/seq-01/color/frame-000031.color.png redkitchen/seq-01/color/frame-000034.color.png 0.999975 0.00435039 -0.00550802 -0.00768336 -0.00430439 0.999956 0.00833614 0.000827232 0.00554404 -0.00831224 0.99995 0.00732421 0.0 0.0 0.0 1.0
redkitchen/seq-01/color/frame-000032.color.png redkitchen/seq-01/color/frame-000035.color.png 0.999945 0.00956067 -0.00432214 -0.0026866 -0.00952043 0.999912 0.00923793 0.000802381 0.00441008 -0.00919627 0.999948 0.0116318 0.0 0.0 0.0 1.0
redkitchen/seq-01/color/frame-000033.color.png redkitchen/seq-01/color/frame-000036.color.png 0.999891 0.0145795 0.00243372 -0.0026178 -0.0145988 0.99986 0.00812607 -0.00163959 -0.00231492 -0.00816071 0.999964 0.0137485 0.0 0.0 0.0 1.0
redkitchen/seq-01/color/frame-000034.color.png redkitchen/seq-01/color/frame-000037.color.png 0.999849 0.0151127 0.00860349 -0.00936082 -0.0151588 0.999871 0.00531722 -0.00185195 -0.00852201 -0.00544683 0.999949 0.0111137 0.0 0.0 0.0 1.0
redkitchen/seq-01/color/frame-000035.color.png redkitchen/seq-01/color/frame-000038.color.png 0.999924 0.00966656 0.0075836 -0.0125278 -0.00970636 0.999939 0.00522993 0.00309601 -0.00753259 -0.00530315 0.999958 0.0066342 0.0 0.0 0.0 1.0
redkitchen/seq-01/color/frame-000036.color.png redkitchen/seq-01/color/frame-000039.color.png 0.999996 -0.000192138 0.00280366 -0.0148254 0.000157385 0.999923 0.0123894 -0.00387198 -0.00280581 -0.0123889 0.999919 0.0100152 0.0 0.0 0.0 1.0
redkitchen/seq-01/color/frame-000037.color.png redkitchen/seq-01/color/frame-000040.color.png 0.999947 -0.00759429 -0.00693542 -0.00882179 0.00764279 0.999946 0.00699378 -0.00668156 0.00688193 -0.00704642 0.999951 0.0152717 0.0 0.0 0.0 1.0
redkitchen/seq-01/color/frame-000038.color.png redkitchen/seq-01/color/frame-000041.color.png 0.999955 -0.00457965 -0.00833459 -0.00622771 0.00454705 0.999982 -0.00392597 -0.00227344 0.00835242 0.00388789 0.999958 0.0159924 0.0 0.0 0.0 1.0
redkitchen/seq-01/color/frame-000039.color.png redkitchen/seq-01/color/frame-000042.color.png 0.999987 0.0043825 -0.00273795 -0.00853224 -0.00440273 0.999963 -0.00742646 0.00697923 0.00270531 0.00743841 0.999969 0.0105273 0.0 0.0 0.0 1.0
redkitchen/seq-01/color/frame-000040.color.png redkitchen/seq-01/color/frame-000043.color.png 0.999951 0.00950451 0.00288949 -0.00992137 -0.00951391 0.99995 0.0032596 0.000178751 -0.00285835 -0.00328693 0.999991 0.0128506 0.0 0.0 0.0 1.0
redkitchen/seq-01/color/frame-000041.color.png redkitchen/seq-01/color/frame-000044.color.png 0.999955 0.00831245 0.00455555 -0.0128637 -0.0083228 0.999963 0.00225675 -0.00759296 -0.00453662 -0.00229457 0.999987 0.0160301 0.0 0.0 0.0 1.0
redkitchen/seq-01/color/frame-000042.color.png redkitchen/seq-01/color/frame-000045.color.png 0.999961 0.00811521 0.00336406 -0.0139405 -0.00810129 0.999959 -0.00413104 -0.0103349 -0.00339744 0.00410363 0.999986 0.0145876 0.0 0.0 0.0 1.0
redkitchen/seq-01/color/frame-000043.color.png redkitchen/seq-01/color/frame-000046.color.png 0.999944 0.0099949 0.00336402 -0.0177296 -0.00995766 0.999891 -0.0109099 -0.00602633 -0.0034727 0.0108758 0.999935 0.0101814 0.0 0.0 0.0 1.0
redkitchen/seq-01/color/frame-000044.color.png redkitchen/seq-01/color/frame-000047.color.png 0.99996 0.00862998 0.0023023 -0.0197635 -0.00861389 0.999939 -0.00691564 -0.00494394 -0.00236184 0.00689553 0.999973 0.00809991 0.0 0.0 0.0 1.0
redkitchen/seq-01/color/frame-000045.color.png redkitchen/seq-01/color/frame-000048.color.png 0.999993 0.00382461 0.000187426 -0.0225891 -0.00382369 0.999982 -0.00467109 -0.00616313 -0.000205296 0.00467034 0.999989 0.0110829 0.0 0.0 0.0 1.0
redkitchen/seq-01/color/frame-000046.color.png redkitchen/seq-01/color/frame-000049.color.png 0.999988 0.00344203 -0.0033492 -0.0182462 -0.00345914 0.999981 -0.0051127 -0.00318038 0.00333155 0.00512422 0.999981 0.014898 0.0 0.0 0.0 1.0
redkitchen/seq-01/color/frame-000047.color.png redkitchen/seq-01/color/frame-000050.color.png 0.999982 0.00569617 -0.00171855 -0.0187255 -0.00570563 0.999968 -0.00555396 -0.00573386 0.00168686 0.00556367 0.999983 0.019971 0.0 0.0 0.0 1.0
redkitchen/seq-01/color/frame-000048.color.png redkitchen/seq-01/color/frame-000051.color.png 0.999987 0.00497976 -0.000443636 -0.0195856 -0.00498397 0.999937 -0.0101108 -0.0068903 0.00039326 0.0101129 0.999949 0.017888 0.0 0.0 0.0 1.0
redkitchen/seq-01/color/frame-000049.color.png redkitchen/seq-01/color/frame-000052.color.png 0.999996 0.00194136 0.00185336 -0.0277529 -0.00192076 0.999937 -0.0110453 -0.00210892 -0.00187469 0.0110417 0.999937 0.0130133 0.0 0.0 0.0 1.0
redkitchen/seq-01/color/frame-000050.color.png redkitchen/seq-01/color/frame-000053.color.png 0.999984 -0.0033741 -0.00459369 -0.0252857 0.00335337 0.999984 -0.00451406 -0.00187506 0.00460884 0.00449858 0.999979 0.0144712 0.0 0.0 0.0 1.0
redkitchen/seq-01/color/frame-000051.color.png redkitchen/seq-01/color/frame-000054.color.png 0.999972 -0.00207532 -0.00724602 -0.0263504 0.00209268 0.999995 0.00239269 -0.00490492 0.00724101 -0.00240779 0.999971 0.018191 0.0 0.0 0.0 1.0
redkitchen/seq-01/color/frame-000052.color.png redkitchen/seq-01/color/frame-000055.color.png 0.999976 0.000950805 -0.00685903 -0.0245894 -0.000912257 0.999984 0.00562031 -0.00846413 0.00686425 -0.00561391 0.999961 0.0217638 0.0 0.0 0.0 1.0
redkitchen/seq-01/color/frame-000053.color.png redkitchen/seq-01/color/frame-000056.color.png 0.999971 0.00517192 -0.0055708 -0.0266861 -0.00513641 0.999967 0.00637035 -0.0101989 0.00560356 -0.00634155 0.999964 0.0216284 0.0 0.0 0.0 1.0
redkitchen/seq-01/color/frame-000054.color.png redkitchen/seq-01/color/frame-000057.color.png 0.999978 0.00493367 -0.0043351 -0.0312697 -0.00490149 0.99996 0.00740216 -0.0101439 0.00437146 -0.00738076 0.999963 0.0176018 0.0 0.0 0.0 1.0
redkitchen/seq-01/color/frame-000055.color.png redkitchen/seq-01/color/frame-000058.color.png 0.999978 0.00469096 -0.00468726 -0.0374298 -0.00464711 0.999946 0.00932274 -0.0099065 0.00473074 -0.00930075 0.999946 0.0190673 0.0 0.0 0.0 1.0
redkitchen/seq-01/color/frame-000056.color.png redkitchen/seq-01/color/frame-000059.color.png 0.999951 0.00526997 -0.00843617 -0.0320297 -0.0051598 0.999902 0.0130284 -0.0122488 0.00850399 -0.0129842 0.99988 0.0192584 0.0 0.0 0.0 1.0
redkitchen/seq-01/color/frame-000057.color.png redkitchen/seq-01/color/frame-000060.color.png 0.999919 0.00426014 -0.0120414 -0.0252507 -0.00411482 0.999919 0.0120682 -0.0108031 0.0120919 -0.0120176 0.999855 0.0251646 0.0 0.0 0.0 1.0
redkitchen/seq-01/color/frame-000058.color.png redkitchen/seq-01/color/frame-000061.color.png 0.999912 0.00520012 -0.012195 -0.0253644 -0.00505582 0.999917 0.0118343 -0.0132392 0.0122555 -0.0117716 0.999856 0.0238668 0.0 0.0 0.0 1.0
redkitchen/seq-01/color/frame-000059.color.png redkitchen/seq-01/color/frame-000062.color.png 0.999905 0.00602508 -0.012429 -0.0241257 -0.00592254 0.999948 0.00826924 -0.00361094 0.0124782 -0.00819483 0.999889 0.0191565 0.0 0.0 0.0 1.0
redkitchen/seq-01/color/frame-000060.color.png redkitchen/seq-01/color/frame-000063.color.png 0.99991 0.00599506 -0.0120052 -0.0240198 -0.00581306 0.999869 0.0151366 -0.0081797 0.0120944 -0.0150654 0.999813 0.0232039 0.0 0.0 0.0 1.0
redkitchen/seq-01/color/frame-000061.color.png redkitchen/seq-01/color/frame-000064.color.png 0.999894 0.00801248 -0.0121862 -0.0213888 -0.00779885 0.999817 0.0174772 -0.0115505 0.012324 -0.0173803 0.999773 0.0265571 0.0 0.0 0.0 1.0
redkitchen/seq-01/color/frame-000062.color.png redkitchen/seq-01/color/frame-000065.color.png 0.999905 0.00670992 -0.0120605 -0.018633 -0.00650847 0.99984 0.0166671 -0.0164961 0.0121704 -0.0165871 0.999788 0.0307879 0.0 0.0 0.0 1.0
redkitchen/seq-01/color/frame-000063.color.png redkitchen/seq-01/color/frame-000066.color.png 0.999929 0.00979429 -0.00685042 -0.0287578 -0.00970379 0.999867 0.0131184 -0.0177904 0.006978 -0.013051 0.999891 0.020449 0.0 0.0 0.0 1.0
redkitchen/seq-01/color/frame-000064.color.png redkitchen/seq-01/color/frame-000067.color.png 0.999904 0.00718709 -0.0118352 -0.0219949 -0.00708357 0.999936 0.00876658 -0.0105179 0.0118974 -0.0086819 0.999892 0.0210764 0.0 0.0 0.0 1.0
redkitchen/seq-01/color/frame-000065.color.png redkitchen/seq-01/color/frame-000068.color.png 0.999925 0.0106048 -0.00619678 -0.0327342 -0.0105377 0.999886 0.0107697 -0.014984 0.00631032 -0.0107036 0.999923 0.0162898 0.0 0.0 0.0 1.0
redkitchen/seq-01/color/frame-000066.color.png redkitchen/seq-01/color/frame-000069.color.png 0.999892 0.00797987 -0.0123771 -0.0207527 -0.00786766 0.999928 0.00908871 -0.00883177 0.0124488 -0.00899034 0.999882 0.0185331 0.0 0.0 0.0 1.0
redkitchen/seq-01/color/frame-000067.color.png redkitchen/seq-01/color/frame-000070.color.png 0.999887 0.0054517 -0.0140474 -0.0186324 -0.00532149 0.999943 0.00928845 -0.00950975 0.0140972 -0.00921263 0.999858 0.0168855 0.0 0.0 0.0 1.0
redkitchen/seq-01/color/frame-000068.color.png redkitchen/seq-01/color/frame-000071.color.png 0.999844 0.00320324 -0.0173871 -0.0151732 -0.0030415 0.999952 0.0093199 -0.00876071 0.0174161 -0.00926554 0.999805 0.0215612 0.0 0.0 0.0 1.0
redkitchen/seq-01/color/frame-000069.color.png redkitchen/seq-01/color/frame-000072.color.png 0.99978 0.00852956 -0.019138 -0.00471106 -0.00839453 0.999939 0.00712537 -0.00960267 0.0191976 -0.00696315 0.999791 0.0240025 0.0 0.0 0.0 1.0
redkitchen/seq-01/color/frame-000070.color.png redkitchen/seq-01/color/frame-000073.color.png 0.999868 0.014048 -0.00810833 -0.0154446 -0.0139876 0.999875 0.00745397 -0.0119514 0.00821202 -0.00733961 0.999939 0.0162495 0.0 0.0 0.0 1.0
redkitchen/seq-01/color/frame-000071.color.png redkitchen/seq-01/color/frame-000074.color.png 0.999946 0.00709829 -0.00758798 -0.0118102 -0.00704721 0.999952 0.00673775 -0.00730824 0.00763544 -0.00668393 0.999949 0.0154485 0.0 0.0 0.0 1.0
redkitchen/seq-01/color/frame-000072.color.png redkitchen/seq-01/color/frame-000075.color.png 0.999989 -0.00338935 -0.00330981 -0.0265801 0.00341927 0.999953 0.00908295 -0.0109571 0.00327888 -0.00909418 0.999953 0.0128899 0.0 0.0 0.0 1.0
redkitchen/seq-01/color/frame-000073.color.png redkitchen/seq-01/color/frame-000076.color.png 0.999855 -0.0100033 -0.013787 -0.00962201 0.0100904 0.999929 0.00626137 -0.00614297 0.0137234 -0.00639955 0.999885 0.0166998 0.0 0.0 0.0 1.0
redkitchen/seq-01/color/frame-000074.color.png redkitchen/seq-01/color/frame-000077.color.png 0.99988 -0.00735747 -0.0136507 -0.00655863 0.00740105 0.999968 0.00314392 -0.00704534 0.0136271 -0.00324457 0.999902 0.0166764 0.0 0.0 0.0 1.0
redkitchen/seq-01/color/frame-000075.color.png redkitchen/seq-01/color/frame-000078.color.png 0.999939 -0.00172194 -0.0109195 -0.00501141 0.00171747 0.999998 -0.000418663 -0.00931747 0.0109202 0.000399901 0.99994 0.0139609 0.0 0.0 0.0 1.0
redkitchen/seq-01/color/frame-000076.color.png redkitchen/seq-01/color/frame-000079.color.png 0.999976 -0.00145989 -0.00676449 -0.00825551 0.00142851 0.999988 -0.00463943 -0.00755505 0.00677117 0.00462963 0.999966 0.0136563 0.0 0.0 0.0 1.0
redkitchen/seq-01/color/frame-000077.color.png redkitchen/seq-01/color/frame-000080.color.png 0.999995 -0.00326992 9.18725e-05 -0.0216 0.0032702 0.999989 -0.00339107 -0.0124297 -8.07575e-05 0.00339133 0.999994 0.00377685 0.0 0.0 0.0 1.0
redkitchen/seq-01/color/frame-000078.color.png redkitchen/seq-01/color/frame-000081.color.png 0.999926 -0.00762053 -0.00947736 -0.00599095 0.00755905 0.99995 -0.00650921 -0.0031587 0.00952649 0.00643709 0.999934 0.00921017 0.0 0.0 0.0 1.0
redkitchen/seq-01/color/frame-000079.color.png redkitchen/seq-01/color/frame-000082.color.png 0.999935 -0.00332522 -0.0108674 -0.00232324 0.003268 0.999981 -0.00527784 -0.0121855 0.0108846 0.00524201 0.999927 0.00927779 0.0 0.0 0.0 1.0
redkitchen/seq-01/color/frame-000080.color.png redkitchen/seq-01/color/frame-000083.color.png 0.999938 -0.000370297 -0.0111124 0.000573874 0.000246181 0.999938 -0.0111656 -0.00507784 0.0111158 0.0111622 0.999876 0.011217 0.0 0.0 0.0 1.0
redkitchen/seq-01/color/frame-000081.color.png redkitchen/seq-01/color/frame-000084.color.png 0.999974 0.00240143 -0.00683381 -0.00318664 -0.00248418 0.999923 -0.0121246 -0.00511387 0.00680419 0.0121412 0.999903 0.00851431 0.0 0.0 0.0 1.0
redkitchen/seq-01/color/frame-000082.color.png redkitchen/seq-01/color/frame-000085.color.png 0.999972 -0.000383439 -0.00750294 -0.00226077 0.000319043 0.999963 -0.0085825 -0.00586024 0.00750601 0.00857987 0.999935 0.00677475 0.0 0.0 0.0 1.0
redkitchen/seq-01/color/frame-000083.color.png redkitchen/seq-01/color/frame-000086.color.png 0.999967 -0.00188613 -0.00791235 -0.00724611 0.00183669 0.999979 -0.00625208 -0.00741875 0.00792394 0.00623734 0.999949 0.00739866 0.0 0.0 0.0 1.0
redkitchen/seq-01/color/frame-000084.color.png redkitchen/seq-01/color/frame-000087.color.png 0.999945 -0.000751013 -0.0104573 -0.00647521 0.000709389 0.999992 -0.00398408 -0.0104372 0.0104602 0.00397643 0.999937 0.00825322 0.0 0.0 0.0 1.0
redkitchen/seq-01/color/frame-000085.color.png redkitchen/seq-01/color/frame-000088.color.png 0.9999 0.00424759 -0.0135094 0.00143608 -0.00431828 0.999977 -0.00520696 -0.00748284 0.0134869 0.00526478 0.999895 0.0132594 0.0 0.0 0.0 1.0
redkitchen/seq-01/color/frame-000086.color.png redkitchen/seq-01/color/frame-000089.color.png 0.999921 0.0101678 -0.00742527 -0.00135028 -0.0101823 0.999946 -0.00192866 -0.0145745 0.00740526 0.00200413 0.999971 0.00832179 0.0 0.0 0.0 1.0
redkitchen/seq-01/color/frame-000087.color.png redkitchen/seq-01/color/frame-000090.color.png 0.999911 0.0123286 -0.00518427 -0.00304723 -0.0123403 0.999921 -0.00223707 -0.0119544 0.0051563 0.00230083 0.999984 0.0111548 0.0 0.0 0.0 1.0
redkitchen/seq-01/color/frame-000088.color.png redkitchen/seq-01/color/frame-000091.color.png 0.999953 0.00832054 -0.00493953 -0.00765601 -0.00833392 0.999962 -0.00269185 -0.012661 0.00491694 0.00273289 0.999984 0.0117468 0.0 0.0 0.0 1.0
redkitchen/seq-01/color/frame-000089.color.png redkitchen/seq-01/color/frame-000092.color.png 0.999958 0.00287969 -0.00871627 -0.00903946 -0.00291591 0.999987 -0.00414577 -0.0103403 0.00870422 0.00417102 0.999953 0.0175946 0.0 0.0 0.0 1.0
redkitchen/seq-01/color/frame-000090.color.png redkitchen/seq-01/color/frame-000093.color.png 0.999885 -0.00157968 -0.0150634 0.000629604 0.0014969 0.999984 -0.00550498 -0.00568166 0.0150719 0.0054818 0.999871 0.0164507 0.0 0.0 0.0 1.0
redkitchen/seq-01/color/frame-000091.color.png redkitchen/seq-01/color/frame-000094.color.png 0.999901 -0.0053108 -0.013058 -0.00667551 0.00527902 0.999983 -0.00246779 -0.0046466 0.0130709 0.00239861 0.999912 0.0135564 0.0 0.0 0.0 1.0
redkitchen/seq-01/color/frame-000092.color.png redkitchen/seq-01/color/frame-000095.color.png 0.999729 -0.00886226 -0.0215358 0.00377426 0.00885382 0.999961 -0.000487063 -0.00221659 0.0215392 0.00029626 0.999768 0.0200427 0.0 0.0 0.0 1.0
redkitchen/seq-01/color/frame-000093.color.png redkitchen/seq-01/color/frame-000096.color.png 0.999815 -0.00545344 -0.0184559 -0.00635007 0.00549611 0.999982 0.002261 -0.0124499 0.0184432 -0.002362 0.999827 0.0232645 0.0 0.0 0.0 1.0
redkitchen/seq-01/color/frame-000094.color.png redkitchen/seq-01/color/frame-000097.color.png 0.999789 -0.00109428 -0.0205007 0.00240853 0.00106049 0.999998 -0.00165922 -0.0087148 0.0205025 0.00163713 0.999788 0.0233817 0.0 0.0 0.0 1.0
redkitchen/seq-01/color/frame-000095.color.png redkitchen/seq-01/color/frame-000098.color.png 0.999874 0.000346442 -0.0158968 -0.00247529 -0.000354425 1.0 -0.00049919 -0.0133179 0.0158966 0.000504766 0.999874 0.0231048 0.0 0.0 0.0 1.0
redkitchen/seq-01/color/frame-000096.color.png redkitchen/seq-01/color/frame-000099.color.png 0.999801 -0.0100892 -0.0171992 -0.00446352 0.0100553 0.999947 -0.00205692 -0.0110702 0.0172191 0.00188357 0.99985 0.0246363 0.0 0.0 0.0 1.0
redkitchen/seq-01/color/frame-000097.color.png redkitchen/seq-01/color/frame-000100.color.png 0.999804 -0.0127197 -0.0151727 -0.0129956 0.0127065 0.999919 -0.000964732 -0.018255 0.0151837 0.000771758 0.999885 0.0249432 0.0 0.0 0.0 1.0
redkitchen/seq-01/color/frame-000098.color.png redkitchen/seq-01/color/frame-000101.color.png 0.999797 -0.0117004 -0.0163983 -0.00740373 0.0116406 0.999925 -0.00373311 -0.0189012 0.0164407 0.00354146 0.999859 0.0243645 0.0 0.0 0.0 1.0
redkitchen/seq-01/color/frame-000099.color.png redkitchen/seq-01/color/frame-000102.color.png 0.99987 -0.00707553 -0.0145082 -0.00136107 0.00696508 0.999947 -0.00764888 -0.0125261 0.0145615 0.00754683 0.999865 0.0298566 0.0 0.0 0.0 1.0
redkitchen/seq-01/color/frame-000100.color.png redkitchen/seq-01/color/frame-000103.color.png 0.999909 -0.00109141 -0.0134802 0.00431216 0.00096755 0.999957 -0.00919229 -0.019638 0.0134897 0.0091784 0.999867 0.0250981 0.0 0.0 0.0 1.0
redkitchen/seq-01/color/frame-000101.color.png redkitchen/seq-01/color/frame-000104.color.png 0.999894 0.00131747 -0.0145305 0.016592 -0.00155989 0.99986 -0.0166854 -0.00737187 0.0145064 0.0167063 0.999755 0.0301523 0.0 0.0 0.0 1.0
redkitchen/seq-01/color/frame-000102.color.png redkitchen/seq-01/color/frame-000105.color.png 0.99995 0.00362807 -0.0093619 0.00803301 -0.00377148 0.999875 -0.0153448 -0.0106948 0.00930509 0.0153793 0.999838 0.0211272 0.0 0.0 0.0 1.0
redkitchen/seq-01/color/frame-000103.color.png redkitchen/seq-01/color/frame-000106.color.png 0.999966 -0.00111594 -0.00818423 -0.000564277 0.00102146 0.999933 -0.0115372 -0.0119696 0.00819656 0.0115285 0.9999 0.0211227 0.0 0.0 0.0 1.0
redkitchen/seq-01/color/frame-000104.color.png redkitchen/seq-01/color/frame-000107.color.png 0.999933 -0.000434217 -0.0115804 -0.00200543 0.000368204 0.999984 -0.00570256 -0.0218608 0.0115828 0.00569792 0.999917 0.0222854 0.0 0.0 0.0 1.0
redkitchen/seq-01/color/frame-000105.color.png redkitchen/seq-01/color/frame-000108.color.png 0.999941 -0.000392287 -0.0108978 -0.00303492 0.000362974 0.999996 -0.00269141 -0.0239102 0.0108988 0.00268729 0.999937 0.0205968 0.0 0.0 0.0 1.0
redkitchen/seq-01/color/frame-000106.color.png redkitchen/seq-01/color/frame-000109.color.png 0.999875 -0.00542118 -0.0148783 0.00683531 0.00532114 0.999963 -0.00675484 -0.00759053 0.0149143 0.00667482 0.999867 0.0242096 0.0 0.0 0.0 1.0
redkitchen/seq-01/color/frame-000107.color.png redkitchen/seq-01/color/frame-000110.color.png 0.999831 -0.00959847 -0.0157047 0.00366852 0.00954721 0.999949 -0.00333422 -0.0076485 0.0157359 0.00318371 0.999871 0.0248952 0.0 0.0 0.0 1.0
redkitchen/seq-01/color/frame-000108.color.png redkitchen/seq-01/color/frame-000111.color.png 0.999827 -0.00117383 -0.0185527 0.00633198 0.00114475 0.999998 -0.00157859 -0.0185241 0.0185545 0.00155708 0.999827 0.0280171 0.0 0.0 0.0 1.0
redkitchen/seq-01/color/frame-000109.color.png redkitchen/seq-01/color/frame-000112.color.png 0.999867 0.0127677 -0.0101293 -0.000205487 -0.0128112 0.999909 -0.00424048 -0.0275924 0.0100742 0.00436968 0.99994 0.0243902 0.0 0.0 0.0 1.0
redkitchen/seq-01/color/frame-000110.color.png redkitchen/seq-01/color/frame-000113.color.png 0.999915 0.0108443 -0.00724834 0.00459298 -0.0109026 0.999908 -0.00805701 -0.0246346 0.00716036 0.00813535 0.999941 0.0234851 0.0 0.0 0.0 1.0
redkitchen/seq-01/color/frame-000111.color.png redkitchen/seq-01/color/frame-000114.color.png 0.999922 -0.00711633 -0.0102386 0.00563154 0.00701677 0.999928 -0.0097277 -0.00607565 0.0103072 0.0096551 0.9999 0.0211427 0.0 0.0 0.0 1.0
redkitchen/seq-01/color/frame-000112.color.png redkitchen/seq-01/color/frame-000115.color.png 0.999612 -0.0177646 -0.021462 0.00818875 0.0176493 0.999829 -0.00554809 -0.00559074 0.0215569 0.00516714 0.999754 0.0281427 0.0 0.0 0.0 1.0
redkitchen/seq-01/color/frame-000113.color.png redkitchen/seq-01/color/frame-000116.color.png 0.99971 -0.00775227 -0.0228176 0.0052444 0.0076476 0.99996 -0.00467193 -0.0119404 0.0228529 0.00449608 0.999729 0.0271994 0.0 0.0 0.0 1.0
redkitchen/seq-01/color/frame-000114.color.png redkitchen/seq-01/color/frame-000117.color.png 0.999795 0.00841027 -0.0184441 0.0114246 -0.0084495 0.999962 -0.00204977 -0.0213963 0.0184261 0.00220519 0.999828 0.0178732 0.0 0.0 0.0 1.0
redkitchen/seq-01/color/frame-000115.color.png redkitchen/seq-01/color/frame-000118.color.png 0.999739 0.0199139 -0.0111958 0.00793636 -0.0199054 0.999801 0.000867942 -0.0253895 0.0112109 -0.000644854 0.999937 0.0180465 0.0 0.0 0.0 1.0
redkitchen/seq-01/color/frame-000116.color.png redkitchen/seq-01/color/frame-000119.color.png 0.999714 0.0225728 -0.00786333 0.00256377 -0.0225735 0.999745 1.90456e-06 -0.0263076 0.00786128 0.000175601 0.999969 0.0186656 0.0 0.0 0.0 1.0
redkitchen/seq-01/color/frame-000117.color.png redkitchen/seq-01/color/frame-000120.color.png 0.999679 0.0238542 -0.00857938 0.00828728 -0.0238631 0.999715 -0.000936064 -0.0315008 0.00855457 0.0011405 0.999963 0.015806 0.0 0.0 0.0 1.0
redkitchen/seq-01/color/frame-000118.color.png redkitchen/seq-01/color/frame-000121.color.png 0.999903 0.012769 -0.00556151 0.00300097 -0.0127753 0.999918 -0.00109454 -0.0202352 0.00554711 0.00116549 0.999984 0.0081968 0.0 0.0 0.0 1.0
redkitchen/seq-01/color/frame-000119.color.png redkitchen/seq-01/color/frame-000122.color.png 0.999921 -0.00120154 -0.0124897 0.00704673 0.00126093 0.999988 0.00474966 -0.0159661 0.012484 -0.00476504 0.999911 0.00785682 0.0 0.0 0.0 1.0
redkitchen/seq-01/color/frame-000120.color.png redkitchen/seq-01/color/frame-000123.color.png 0.999744 -0.00736668 -0.0213908 0.0106525 0.00745467 0.999964 0.00403685 -0.00687638 0.0213603 -0.00419527 0.999763 0.0164591 0.0 0.0 0.0 1.0
redkitchen/seq-01/color/frame-000121.color.png redkitchen/seq-01/color/frame-000124.color.png 0.99977 0.00184444 -0.0213783 0.0110676 -0.00172652 0.999983 0.00553395 -0.019558 0.021388 -0.00549575 0.999756 0.0187473 0.0 0.0 0.0 1.0
redkitchen/seq-01/color/frame-000122.color.png redkitchen/seq-01/color/frame-000125.color.png 0.999824 0.0155045 -0.0105531 0.000792146 -0.0155033 0.99988 0.000197383 -0.025932 0.0105549 -3.37388e-05 0.999944 0.0215366 0.0 0.0 0.0 1.0
redkitchen/seq-01/color/frame-000123.color.png redkitchen/seq-01/color/frame-000126.color.png 0.999803 0.0190057 -0.0056927 -0.00241959 -0.0190136 0.999818 -0.001331 -0.0275641 0.00566635 0.00143897 0.999983 0.0215626 0.0 0.0 0.0 1.0
redkitchen/seq-01/color/frame-000124.color.png redkitchen/seq-01/color/frame-000127.color.png 0.999815 0.013963 -0.0132579 0.00748712 -0.0140337 0.999888 -0.00525959 -0.0230005 0.0131829 0.00544466 0.999898 0.0258338 0.0 0.0 0.0 1.0
redkitchen/seq-01/color/frame-000125.color.png redkitchen/seq-01/color/frame-000128.color.png 0.999839 0.0096205 -0.0151302 0.0115266 -0.00970146 0.999939 -0.00528696 -0.0180667 0.0150785 0.00543289 0.999871 0.0236038 0.0 0.0 0.0 1.0
redkitchen/seq-01/color/frame-000126.color.png redkitchen/seq-01/color/frame-000129.color.png 0.999899 0.0069434 -0.012388 0.00825459 -0.00700989 0.999961 -0.00533012 -0.0245247 0.0123505 0.00541641 0.999909 0.0211069 0.0 0.0 0.0 1.0
redkitchen/seq-01/color/frame-000127.color.png redkitchen/seq-01/color/frame-000130.color.png 0.999972 0.00248518 -0.0070827 0.00650206 -0.00255592 0.999947 -0.00999549 -0.0115167 0.00705752 0.0100133 0.999925 0.0158336 0.0 0.0 0.0 1.0
redkitchen/seq-01/color/frame-000128.color.png redkitchen/seq-01/color/frame-000131.color.png 0.999968 -0.00295307 -0.00740822 0.00273946 0.00288947 0.999959 -0.00858136 -0.0107762 0.00743324 0.00855967 0.999936 0.0167773 0.0 0.0 0.0 1.0
redkitchen/seq-01/color/frame-000129.color.png redkitchen/seq-01/color/frame-000132.color.png 0.99997 0.000859134 -0.00765188 0.00336221 -0.000898049 0.999987 -0.00508923 -0.0193624 0.00764738 0.00509596 0.999958 0.0164273 0.0 0.0 0.0 1.0
redkitchen/seq-01/color/frame-000130.color.png redkitchen/seq-01/color/frame-000133.color.png 0.999931 0.0103093 -0.00568408 0.00820878 -0.0103418 0.99993 -0.0057122 -0.0291199 0.00562475 0.00577059 0.999968 0.0131585 0.0 0.0 0.0 1.0
redkitchen/seq-01/color/frame-000131.color.png redkitchen/seq-01/color/frame-000134.color.png 0.999926 0.0119994 -0.00194156 0.0131007 -0.0120211 0.99986 -0.0116194 -0.0206294 0.00180186 0.0116419 0.999931 0.0132321 0.0 0.0 0.0 1.0
redkitchen/seq-01/color/frame-000132.color.png redkitchen/seq-01/color/frame-000135.color.png 0.999964 0.00847648 0.000162838 0.0113943 -0.00847454 0.999917 -0.00967298 -0.0162556 -0.000244773 0.00967124 0.999953 0.0105451 0.0 0.0 0.0 1.0
redkitchen/seq-01/color/frame-000133.color.png redkitchen/seq-01/color/frame-000136.color.png 0.99999 0.000557547 0.00445856 -0.00590223 -0.00053371 0.999986 -0.00533889 -0.015921 -0.00446141 0.00533646 0.999976 0.0140094 0.0 0.0 0.0 1.0
redkitchen/seq-01/color/frame-000134.color.png redkitchen/seq-01/color/frame-000137.color.png 0.999992 0.00382612 0.00117364 0.00233677 -0.00381624 0.999958 -0.00830063 -0.0170772 -0.00120532 0.00829609 0.999965 0.0163233 0.0 0.0 0.0 1.0
redkitchen/seq-01/color/frame-000135.color.png redkitchen/seq-01/color/frame-000138.color.png 0.999996 0.00270726 0.00026498 0.0106794 -0.00270513 0.999967 -0.00770198 -0.0142848 -0.000285833 0.00770124 0.99997 0.0114473 0.0 0.0 0.0 1.0
redkitchen/seq-01/color/frame-000136.color.png redkitchen/seq-01/color/frame-000139.color.png 0.999971 -0.00767557 -0.000138928 0.00322077 0.00767432 0.999944 -0.00723494 -0.00570229 0.000194441 0.00723365 0.999974 0.016186 0.0 0.0 0.0 1.0
redkitchen/seq-01/color/frame-000137.color.png redkitchen/seq-01/color/frame-000140.color.png 0.999973 -0.00729265 -0.000405754 0.000684172 0.00729148 0.999969 -0.00282445 -0.0178654 0.000426349 0.00282142 0.999996 0.0135838 0.0 0.0 0.0 1.0
redkitchen/seq-01/color/frame-000138.color.png redkitchen/seq-01/color/frame-000141.color.png 0.999982 -0.0057858 0.00159082 0.00433037 0.00579836 0.999951 -0.00800564 -0.0202475 -0.00154447 0.00801472 0.999967 0.0148001 0.0 0.0 0.0 1.0
redkitchen/seq-01/color/frame-000139.color.png redkitchen/seq-01/color/frame-000142.color.png 0.999982 -0.00294205 0.00522994 0.0125673 0.00300187 0.99993 -0.0114713 -0.018334 -0.00519581 0.0114868 0.99992 0.0096454 0.0 0.0 0.0 1.0
redkitchen/seq-01/color/frame-000140.color.png redkitchen/seq-01/color/frame-000143.color.png 0.999913 -0.00654914 0.0114457 0.00662148 0.00668565 0.999906 -0.0119305 -0.00930184 -0.0113665 0.0120059 0.999863 0.00396281 0.0 0.0 0.0 1.0
redkitchen/seq-01/color/frame-000141.color.png redkitchen/seq-01/color/frame-000144.color.png 0.999909 -0.0082184 0.0106612 0.000488102 0.00833477 0.999906 -0.010915 -0.00323811 -0.0105705 0.0110029 0.999884 0.00959724 0.0 0.0 0.0 1.0
redkitchen/seq-01/color/frame-000142.color.png redkitchen/seq-01/color/frame-000145.color.png 0.999867 -0.00574127 0.0152759 0.00895363 0.00597229 0.999868 -0.0151181 -0.00470376 -0.0151871 0.0152073 0.999769 0.0089792 0.0 0.0 0.0 1.0
redkitchen/seq-01/color/frame-000143.color.png redkitchen/seq-01/color/frame-000146.color.png 0.999749 -0.0014778 0.0223387 0.00236163 0.00172817 0.999936 -0.0111906 -0.0125941 -0.0223208 0.0112264 0.999688 0.00301099 0.0 0.0 0.0 1.0
redkitchen/seq-01/color/frame-000144.color.png redkitchen/seq-01/color/frame-000147.color.png 0.999783 -0.00240168 0.0206824 0.013255 0.00260108 0.99995 -0.0096194 -0.0143044 -0.0206583 0.00967111 0.99974 -0.000538468 0.0 0.0 0.0 1.0
redkitchen/seq-01/color/frame-000145.color.png redkitchen/seq-01/color/frame-000148.color.png 0.999735 -0.000480364 0.0230166 -0.00365269 0.000614655 0.999983 -0.00582816 -0.0122301 -0.0230133 0.00584076 0.999718 -0.00463009 0.0 0.0 0.0 1.0
redkitchen/seq-01/color/frame-000146.color.png redkitchen/seq-01/color/frame-000149.color.png 0.999754 -0.00127498 0.0221332 0.000395507 0.00149319 0.99995 -0.00984755 -0.00800505 -0.0221195 0.00987816 0.999707 0.00254476 0.0 0.0 0.0 1.0
redkitchen/seq-01/color/frame-000147.color.png redkitchen/seq-01/color/frame-000150.color.png 0.999589 -0.000838615 0.0286536 -0.00687605 0.00108388 0.999963 -0.00854591 -0.0142927 -0.0286453 0.00857344 0.999553 0.000593245 0.0 0.0 0.0 1.0
redkitchen/seq-01/color/frame-000148.color.png redkitchen/seq-01/color/frame-000151.color.png 0.999673 -0.00961682 0.023699 0.00072965 0.00984457 0.999906 -0.0095132 -0.00193611 -0.0236054 0.00974339 0.999674 0.00426644 0.0 0.0 0.0 1.0
redkitchen/seq-01/color/frame-000149.color.png redkitchen/seq-01/color/frame-000152.color.png 0.999642 -0.00583735 0.0261038 0.00204208 0.00596773 0.99997 -0.00491831 -0.0116401 -0.0260743 0.00507233 0.999647 -0.00338793 0.0 0.0 0.0 1.0
redkitchen/seq-01/color/frame-000150.color.png redkitchen/seq-01/color/frame-000153.color.png 0.999492 -0.00666827 0.0311797 -0.00958702 0.00688465 0.999953 -0.00683788 -0.00659531 -0.0311326 0.00704905 0.99949 -0.00687075 0.0 0.0 0.0 1.0
redkitchen/seq-01/color/frame-000151.color.png redkitchen/seq-01/color/frame-000154.color.png 0.999548 -0.00121018 0.0300444 -0.00112364 0.00136417 0.999986 -0.00510567 -0.0138344 -0.0300378 0.00514435 0.999536 -0.0133101 0.0 0.0 0.0 1.0
redkitchen/seq-01/color/frame-000152.color.png redkitchen/seq-01/color/frame-000155.color.png 0.999616 -0.0143334 0.0237055 -0.00297156 0.0145496 0.999854 -0.00897709 0.00943702 -0.0235734 0.00931854 0.999679 -0.00703996 0.0 0.0 0.0 1.0
redkitchen/seq-01/color/frame-000153.color.png redkitchen/seq-01/color/frame-000156.color.png 0.99969 -0.015293 0.0196294 0.00564831 0.0154143 0.999863 -0.00604188 0.010066 -0.0195343 0.00634258 0.999789 -0.00392079 0.0 0.0 0.0 1.0
redkitchen/seq-01/color/frame-000154.color.png redkitchen/seq-01/color/frame-000157.color.png 0.999676 -0.00830495 0.0240778 0.00040102 0.00832766 0.999965 -0.000843154 -0.00182402 -0.02407 0.00104339 0.99971 -0.00989306 0.0 0.0 0.0 1.0
redkitchen/seq-01/color/frame-000155.color.png redkitchen/seq-01/color/frame-000158.color.png 0.999667 0.000320878 0.0258237 0.00292909 -0.000407558 0.999994 0.00335206 -0.0143695 -0.0258224 -0.00336147 0.999661 -0.0116725 0.0 0.0 0.0 1.0
redkitchen/seq-01/color/frame-000156.color.png redkitchen/seq-01/color/frame-000159.color.png 0.999511 -0.00249042 0.0311511 -0.00910985 0.00243712 0.999996 0.00174996 -0.00556052 -0.0311553 -0.00167318 0.999513 -0.0123717 0.0 0.0 0.0 1.0
redkitchen/seq-01/color/frame-000157.color.png redkitchen/seq-01/color/frame-000160.color.png 0.999565 -0.0151661 0.0252887 -0.0104717 0.0152224 0.999882 -0.00203244 0.0111182 -0.0252548 0.00241648 0.999678 -0.000400066 0.0 0.0 0.0 1.0
redkitchen/seq-01/color/frame-000158.color.png redkitchen/seq-01/color/frame-000161.color.png 0.999618 -0.0163614 0.0222753 -0.0160406 0.0163049 0.999863 0.00271523 -0.00343919 -0.0223167 -0.00235098 0.999748 -0.00753176 0.0 0.0 0.0 1.0
redkitchen/seq-01/color/frame-000159.color.png redkitchen/seq-01/color/frame-000162.color.png 0.999591 -0.0183325 0.0219693 5.88596e-05 0.0183793 0.999829 -0.00193163 -0.00133699 -0.0219301 0.00233463 0.999757 -0.0079149 0.0 0.0 0.0 1.0
redkitchen/seq-01/color/frame-000160.color.png redkitchen/seq-01/color/frame-000163.color.png 0.999607 -0.0113538 0.0256308 -0.000821799 0.0115317 0.99991 -0.0068025 -0.00012821 -0.0255513 0.00709539 0.999648 -0.00429016 0.0 0.0 0.0 1.0
redkitchen/seq-01/color/frame-000161.color.png redkitchen/seq-01/color/frame-000164.color.png 0.999462 -0.0142623 0.0295247 0.00353125 0.0146334 0.999816 -0.0123926 0.0143516 -0.0293425 0.012818 0.999487 -0.00663972 0.0 0.0 0.0 1.0
redkitchen/seq-01/color/frame-000162.color.png redkitchen/seq-01/color/frame-000165.color.png 0.999584 -0.0128072 0.0258336 -0.00738208 0.0130126 0.999885 -0.00779544 0.00615102 -0.0257308 0.00812834 0.999636 -0.00512809 0.0 0.0 0.0 1.0
redkitchen/seq-01/color/frame-000163.color.png redkitchen/seq-01/color/frame-000166.color.png 0.99965 -0.0126627 0.0232506 0.00167628 0.0127143 0.999917 -0.00207039 -0.000848651 -0.0232225 0.00236529 0.999727 -0.0134941 0.0 0.0 0.0 1.0
redkitchen/seq-01/color/frame-000164.color.png redkitchen/seq-01/color/frame-000167.color.png 0.999623 -0.00901527 0.0259521 -0.00366856 0.0089183 0.999953 0.00384982 -0.00827307 -0.0259856 -0.0036169 0.999656 -0.0175169 0.0 0.0 0.0 1.0
redkitchen/seq-01/color/frame-000165.color.png redkitchen/seq-01/color/frame-000168.color.png 0.999635 -0.00933606 0.0253714 -0.00457801 0.00928859 0.999955 0.00198857 -0.0031774 -0.0253888 -0.00175218 0.999676 -0.010681 0.0 0.0 0.0 1.0
redkitchen/seq-01/color/frame-000166.color.png redkitchen/seq-01/color/frame-000169.color.png 0.999692 -0.0104043 0.0225347 0.000480309 0.0104142 0.999946 -0.000321179 -0.000144839 -0.0225302 0.000555744 0.999746 -0.00929481 0.0 0.0 0.0 1.0
redkitchen/seq-01/color/frame-000167.color.png redkitchen/seq-01/color/frame-000170.color.png 0.999829 -0.0116812 0.0143623 0.0221841 0.011647 0.999929 0.00246186 -0.00701052 -0.0143901 -0.00229416 0.999894 -0.00711358 0.0 0.0 0.0 1.0
