redkitchen/seq-01/color/frame-000000.color.png redkitchen/seq-01/color/frame-000002.color.png 1.0 0.000583591 -0.00060614 -0.00134922 -0.000583974 1.0 -0.000631924 0.00172286 0.000605771 0.000632278 1.0 0.00115787 0.0 0.0 0.0 1.0
redkitchen/seq-01/color/frame-000001.color.png redkitchen/seq-01/color/frame-000003.color.png 0.999997 0.00238981 -0.000704705 0.001637 -0.002389 0.999997 0.00114496 0.00117418 0.000707439 -0.00114328 0.999999 0.0018077 0.0 0.0 0.0 1.0
redkitchen/seq-01/color/frame-000002.color.png redkitchen/seq-01/color/frame-000004.color.png 0.999999 0.00108096 0.00104312 0.000727548 -0.00108327 0.999997 0.00221544 -0.00144533 -0.00104072 -0.00221657 0.999997 -0.000360733 0.0 0.0 0.0 1.0
redkitchen/seq-01/color/frame-000003.color.png redkitchen/seq-01/color/frame-000005.color.png 0.999995 -0.00299921 0.00107762 -0.00313138 0.00299786 0.999995 0.00125619 -0.00306174 -0.00108138 -0.00125296 0.999999 0.000116143 0.0 0.0 0.0 1.0
redkitchen/seq-01/color/frame-000004.color.png redkitchen/seq-01/color/frame-000006.color.png 0.999991 -0.00266034 -0.00323403 -0.000652716 0.00265784 0.999996 -0.000775306 -0.00274714 0.00323608 0.000766703 0.999994 0.0011036 0.0 0.0 0.0 1.0
redkitchen/seq-01/color/frame-000005.color.png redkitchen/seq-01/color/frame-000007.color.png 0.999994 0.0012627 -0.00331912 0.00110341 -0.00126984 0.999997 -0.00214801 0.00176125 0.0033164 0.00215221 0.999992 -6.76799e-05 0.0 0.0 0.0 1.0
redkitchen/seq-01/color/frame-000006.color.png redkitchen/seq-01/color/frame-000008.color.png 0.999993 0.0037561 8.05274e-05 -0.000731324 -0.00375618 0.999992 0.00104914 -0.000441354 -7.65857e-05 -0.00104943 0.999999 0.0012083 0.0 0.0 0.0 1.0
redkitchen/seq-01/color/frame-000007.color.png redkitchen/seq-01/color/frame-000009.color.png 0.999995 0.00300113 0.000552489 -0.00289652 -0.00300176 0.999995 0.0011394 -0.00314246 -0.000549067 -0.00114106 0.999999 0.00195671 0.0 0.0 0.0 1.0
redkitchen/seq-01/color/frame-000008.color.png redkitchen/seq-01/color/frame-000010.color.png 0.999996 0.00213669 -0.00185686 -0.00461879 -0.00213964 0.999996 -0.0015912 -0.00193448 0.00185345 0.00159517 0.999997 0.00128517 0.0 0.0 0.0 1.0
redkitchen/seq-01/color/frame-000009.color.png redkitchen/seq-01/color/frame-000011.color.png 0.999988 0.00297067 -0.00398102 -0.0022524 -0.0029757 0.999995 -0.00125678 -0.00186792 0.00397727 0.00126861 0.999991 0.00108196 0.0 0.0 0.0 1.0
redkitchen/seq-01/color/frame-000010.color.png redkitchen/seq-01/color/frame-000012.color.png 0.999986 0.00410048 -0.00335781 -0.000573333 -0.00410196 0.999992 -0.000431406 -0.00204414 0.00335602 0.000445173 0.999994 0.000688265 0.0 0.0 0.0 1.0
redkitchen/seq-01/color/frame-000011.color.png redkitchen/seq-01/color/frame-000013.color.png 0.999986 0.00499161 -0.00184756 -0.00128983 -0.00499182 0.999988 -0.000107138 -0.00417857 0.001847 0.00011636 0.999998 0.000205482 0.0 0.0 0.0 1.0
redkitchen/seq-01/color/frame-000012.color.png redkitchen/seq-01/color/frame-000014.color.png 0.999988 0.00465656 -0.00130963 -0.00191407 -0.00466009 0.999985 -0.00269987 -0.00231644 0.00129704 0.00270594 0.999996 0.00100558 0.0 0.0 0.0 1.0
redkitchen/seq-01/color/frame-000013.color.png redkitchen/seq-01/color/frame-000015.color.png 0.999994 0.00317586 -0.0015279 -0.00278036 -0.00318124 0.999989 -0.00353264 0.000183222 0.00151667 0.00353747 0.999993 0.000602548 0.0 0.0 0.0 1.0
redkitchen/seq-01/color/frame-000014.color.png redkitchen/seq-01/color/frame-000016.color.png 0.999994 0.00290349 -0.00211382 -0.00203147 -0.00290608 0.999995 -0.00122241 -0.00195445 0.00211026 0.00122854 0.999997 0.000268236 0.0 0.0 0.0 1.0
redkitchen/seq-01/color/frame-000015.color.png redkitchen/seq-01/color/frame-000017.color.png 0.999996 0.00268581 -0.0010817 -0.00264911 -0.00268726 0.999995 -0.00134559 -0.00179234 0.00107808 0.00134849 0.999999 0.00210801 0.0 0.0 0.0 1.0
redkitchen/seq-01/color/frame-000016.color.png redkitchen/seq-01/color/frame-000018.color.png 0.999999 0.000984017 -0.0014133 -0.00219302 -0.000986167 0.999998 -0.00152081 -0.00164194 0.0014118 0.0015222 0.999998 0.00135532 0.0 0.0 0.0 1.0
redkitchen/seq-01/color/frame-000017.color.png redkitchen/seq-01/color/frame-000019.color.png 0.999996 8.76631e-05 -0.00266602 -0.00214133 -9.01651e-05 1.0 -0.000938313 -0.00142686 0.00266594 0.000938551 0.999996 -0.000363846 0.0 0.0 0.0 1.0
redkitchen/seq-01/color/frame-000018.color.png redkitchen/seq-01/color/frame-000020.color.png 0.999997 8.19356e-06 -0.00261391 -0.00230184 -9.59365e-06 1.0 -0.000534763 -0.000589778 0.00261391 0.000534786 0.999996 0.00317033 0.0 0.0 0.0 1.0
redkitchen/seq-01/color/frame-000019.color.png redkitchen/seq-01/color/frame-000021.color.png 0.999995 0.0014591 -0.00265201 -0.00221127 -0.00146108 0.999999 -0.000746623 -0.00219518 0.00265092 0.000750494 0.999996 0.00230152 0.0 0.0 0.0 1.0
redkitchen/seq-01/color/frame-000020.color.png redkitchen/seq-01/color/frame-000022.color.png 0.999984 0.00520218 -0.00196468 -0.00340381 -0.00520253 0.999986 -0.000171565 -0.000278595 0.00196376 0.000181784 0.999998 0.000200409 0.0 0.0 0.0 1.0
redkitchen/seq-01/color/frame-000021.color.png redkitchen/seq-01/color/frame-000023.color.png 0.999985 0.0053794 -0.000779899 -0.00419773 -0.0053775 0.999983 0.00242131 -0.00146987 0.000792911 -0.00241708 0.999997 0.00158552 0.0 0.0 0.0 1.0
redkitchen/seq-01/color/frame-000022.color.png redkitchen/seq-01/color/frame-000024.color.png 0.999993 0.00375485 -0.000917707 -0.00467927 -0.00375249 0.99999 0.00256166 -0.0012178 0.000927312 -0.0025582 0.999996 0.000805778 0.0 0.0 0.0 1.0
redkitchen/seq-01/color/frame-000023.color.png redkitchen/seq-01/color/frame-000025.color.png 0.999996 0.00206713 -0.00215982 -0.00510731 -0.00205951 0.999992 0.00352871 -0.00134533 0.00216709 -0.00352424 0.999991 0.00254607 0.0 0.0 0.0 1.0
redkitchen/seq-01/color/frame-000024.color.png redkitchen/seq-01/color/frame-000026.color.png 0.999993 0.00197936 -0.00335334 -0.00468921 -0.00196957 0.999994 0.00292068 0.000278869 0.0033591 -0.00291405 0.99999 0.00353519 0.0 0.0 0.0 1.0
redkitchen/seq-01/color/frame-000025.color.png redkitchen/seq-01/color/frame-000027.color.png 0.999991 0.000630375 -0.00425792 -0.00250615 -0.000616354 0.999994 0.0032941 0.0017726 0.00425998 -0.00329144 0.999985 0.00474376 0.0 0.0 0.0 1.0
redkitchen/seq-01/color/frame-000026.color.png redkitchen/seq-01/color/frame-000028.color.png 0.99999 -0.000208884 -0.00442116 -0.00224367 0.000232293 0.999986 0.0052965 -0.00220727 0.00442 -0.00529748 0.999976 0.00474441 0.0 0.0 0.0 1.0
redkitchen/seq-01/color/frame-000027.color.png redkitchen/seq-01/color/frame-000029.color.png 0.999992 0.000647598 -0.00406168 -0.0046098 -0.000632815 0.999993 0.00363866 -0.00161911 0.004064 -0.00363606 0.999985 0.00423041 0.0 0.0 0.0 1.0
redkitchen/seq-01/color/frame-000028.color.png redkitchen/seq-01/color/frame-000030.color.png 0.99999 0.00238938 -0.00379999 -0.00417647 -0.0023787 0.999993 0.00281319 0.000318512 0.00380669 -0.00280412 0.999989 0.00391791 0.0 0.0 0.0 1.0
redkitchen/seq-01/color/frame-000029.color.png redkitchen/seq-01/color/frame-000031.color.png 0.999996 0.00231331 -0.00188898 -0.00472056 -0.0023048 0.999987 0.00449359 -0.000789883 0.00189935 -0.00448922 0.999988 0.00133971 0.0 0.0 0.0 1.0
redkitchen/seq-01/color/frame-000030.color.png redkitchen/seq-01/color/frame-000032.color.png 0.999997 -0.00149106 -0.00172079 -0.0065137 0.00150087 0.999982 0.00571503 -0.00287227 0.00171224 -0.0057176 0.999982 0.00390299 0.0 0.0 0.0 1.0
redkitchen/seq-01/color/frame-000031.color.png redkitchen/seq-01/color/frame-000033.color.png 0.99999 0.000202054 -0.00446949 -0.00663625 -0.00018373 0.999992 0.00410012 4.96823e-05 0.00447027 -0.00409926 0.999982 0.00474262 0.0 0.0 0.0 1.0
redkitchen/seq-01/color/frame-000032.color.png redkitchen/seq-01/color/frame-000034.color.png 0.999975 0.00521 -0.00488559 -0.00327358 -0.00518697 0.999976 0.00471443 0.00401071 0.00491002 -0.00468897 0.999977 0.00499377 0.0 0.0 0.0 1.0
redkitchen/seq-01/color/frame-000033.color.png redkitchen/seq-01/color/frame-000035.color.png 0.999964 0.00845293 -0.00114971 -8.44002e-05 -0.008444 0.999936 0.00755994 -0.000654837 0.00121354 -0.00754996 0.999971 0.0105627 0.0 0.0 0.0 1.0
redkitchen/seq-01/color/frame-000034.color.png redkitchen/seq-01/color/frame-000036.color.png 0.999919 0.0117722 0.0047934 -0.00353049 -0.0117944 0.99992 0.0046378 -0.0032359 -0.00473842 -0.00469396 0.999978 0.00938071 0.0 0.0 0.0 1.0
redkitchen/seq-01/color/frame-000035.color.png redkitchen/seq-01/color/frame-000037.color.png 0.99993 0.0094254 0.00718857 -0.00854005 -0.00943641 0.999954 0.00149791 0.00034586 -0.00717412 -0.00156565 0.999973 0.00419549 0.0 0.0 0.0 1.0
redkitchen/seq-01/color/frame-000036.color.png redkitchen/seq-01/color/frame-000038.color.png 0.99999 0.00309007 0.0033379 -0.00829466 -0.00310475 0.999985 0.00439988 0.00399445 -0.00332425 -0.0044102 0.999985 0.00403788 0.0 0.0 0.0 1.0
redkitchen/seq-01/color/frame-000037.color.png redkitchen/seq-01/color/frame-000039.color.png 0.999989 -0.00384137 -0.00253317 -0.00558466 0.00386754 0.999938 0.0104031 -0.00287743 0.00249305 -0.0104128 0.999943 0.0109221 0.0 0.0 0.0 1.0
redkitchen/seq-01/color/frame-000038.color.png redkitchen/seq-01/color/frame-000040.color.png 0.999946 -0.00803178 -0.00654883 -0.00592752 0.00805329 0.999962 0.00326419 -0.0094784 0.00652237 -0.00331676 0.999973 0.0137873 0.0 0.0 0.0 1.0
redkitchen/seq-01/color/frame-000039.color.png redkitchen/seq-01/color/frame-000041.color.png 0.999985 -0.00076117 -0.00549769 -0.0042123 0.000703651 0.999945 -0.0104549 0.00314444 0.00550534 0.0104509 0.99993 0.00754845 0.0 0.0 0.0 1.0
redkitchen/seq-01/color/frame-000040.color.png redkitchen/seq-01/color/frame-000042.color.png 0.999972 0.00745858 0.00113662 -0.00543231 -0.00745464 0.999966 -0.00343729 0.00922789 -0.00116222 0.00342872 0.999993 0.00435951 0.0 0.0 0.0 1.0
redkitchen/seq-01/color/frame-000041.color.png redkitchen/seq-01/color/frame-000043.color.png 0.999967 0.00686476 0.0043111 -0.00900675 -0.00690648 0.999929 0.00973991 -0.00579692 -0.00424393 -0.00976937 0.999943 0.0109352 0.0 0.0 0.0 1.0
redkitchen/seq-01/color/frame-000042.color.png redkitchen/seq-01/color/frame-000044.color.png 0.999993 0.00318747 0.00198036 -0.00861011 -0.00318503 0.999994 -0.00123449 -0.01029 -0.00198428 0.00122818 0.999997 0.0128905 0.0 0.0 0.0 1.0
redkitchen/seq-01/color/frame-000043.color.png redkitchen/seq-01/color/frame-000045.color.png 0.999975 0.00654287 0.0028536 -0.0109843 -0.00651303 0.999925 -0.0103394 -0.00205644 -0.00292104 0.0103205 0.999942 0.00454088 0.0 0.0 0.0 1.0
redkitchen/seq-01/color/frame-000044.color.png redkitchen/seq-01/color/frame-000046.color.png 0.999969 0.00776464 0.00159398 -0.0110368 -0.00775879 0.999963 -0.00363478 -0.00378113 -0.00162215 0.0036223 0.999992 0.00685683 0.0 0.0 0.0 1.0
redkitchen/seq-01/color/frame-000045.color.png redkitchen/seq-01/color/frame-000047.color.png 0.999995 0.00331942 0.00011251 -0.0133972 -0.003319 0.999988 -0.0036512 -0.00517037 -0.000124624 0.00365081 0.999993 0.00757743 0.0 0.0 0.0 1.0
redkitchen/seq-01/color/frame-000046.color.png redkitchen/seq-01/color/frame-000048.color.png 0.999998 0.00205706 0.000503181 -0.0181537 -0.00205494 0.999989 -0.00420888 -0.00148378 -0.000511835 0.00420784 0.999991 0.0059427 0.0 0.0 0.0 1.0
redkitchen/seq-01/color/frame-000047.color.png redkitchen/seq-01/color/frame-000049.color.png 0.999992 0.00294724 -0.00261286 -0.0121819 -0.00295176 0.999994 -0.00172768 -0.00249528 0.00260775 0.00173538 0.999995 0.0123796 0.0 0.0 0.0 1.0
redkitchen/seq-01/color/frame-000048.color.png redkitchen/seq-01/color/frame-000050.color.png 0.999993 0.00349791 -0.00116512 -0.0103295 -0.00350185 0.999988 -0.00340124 -0.00724868 0.00115321 0.00340531 0.999994 0.0132035 0.0 0.0 0.0 1.0
redkitchen/seq-01/color/frame-000049.color.png redkitchen/seq-01/color/frame-000051.color.png 0.999996 0.00199632 0.00198912 -0.0162798 -0.00197755 0.999954 -0.00939761 -0.00524845 -0.00200779 0.00939364 0.999954 0.00990981 0.0 0.0 0.0 1.0
redkitchen/seq-01/color/frame-000050.color.png redkitchen/seq-01/color/frame-000052.color.png 1.0 0.000113203 0.000652539 -0.0197918 -0.000107437 0.999961 -0.00882409 0.00394149 -0.000653513 0.00882402 0.999961 0.00934112 0.0 0.0 0.0 1.0
redkitchen/seq-01/color/frame-000051.color.png redkitchen/seq-01/color/frame-000053.color.png 0.99999 -0.00281644 -0.00348169 -0.0207597 0.00282488 0.999993 0.00241723 -0.00354211 0.00347485 -0.00242704 0.999991 0.0103656 0.0 0.0 0.0 1.0
redkitchen/seq-01/color/frame-000052.color.png redkitchen/seq-01/color/frame-000054.color.png 0.999978 -0.00141465 -0.00651668 -0.0154631 0.00144364 0.999989 0.00444782 -0.00841334 0.00651033 -0.00445713 0.999969 0.0146139 0.0 0.0 0.0 1.0
redkitchen/seq-01/color/frame-000053.color.png redkitchen/seq-01/color/frame-000055.color.png 0.999992 0.00369147 -0.00147355 -0.0193077 -0.00368704 0.999989 0.0029964 -0.00502998 0.0014846 -0.00299095 0.999994 0.0130497 0.0 0.0 0.0 1.0
redkitchen/seq-01/color/frame-000054.color.png redkitchen/seq-01/color/frame-000056.color.png 0.999988 0.00494418 0.000598796 -0.0249493 -0.00494861 0.999958 0.0076509 -0.0103647 -0.000560942 -0.00765377 0.999971 0.0124829 0.0 0.0 0.0 1.0
redkitchen/seq-01/color/frame-000055.color.png redkitchen/seq-01/color/frame-000057.color.png 0.99998 0.0026086 -0.00579368 -0.018218 -0.00258151 0.999986 0.00468107 -0.00648795 0.00580582 -0.00466602 0.999972 0.0140781 0.0 0.0 0.0 1.0
redkitchen/seq-01/color/frame-000056.color.png redkitchen/seq-01/color/frame-000058.color.png 0.999969 0.00277325 -0.00731154 -0.0167146 -0.00274823 0.99999 0.00343036 -0.000231083 0.00732097 -0.00341017 0.999967 0.0151001 0.0 0.0 0.0 1.0
redkitchen/seq-01/color/frame-000057.color.png redkitchen/seq-01/color/frame-000059.color.png 0.999954 0.00366176 -0.00884697 -0.0157189 -0.00357025 0.99994 0.010335 -0.00821953 0.00888428 -0.010303 0.999908 0.0167952 0.0 0.0 0.0 1.0
redkitchen/seq-01/color/frame-000058.color.png redkitchen/seq-01/color/frame-000060.color.png 0.99995 0.00298408 -0.00957031 -0.0137461 -0.00288954 0.999947 0.00987867 -0.0119644 0.00959928 -0.00985051 0.999906 0.0165161 0.0 0.0 0.0 1.0
redkitchen/seq-01/color/frame-000059.color.png redkitchen/seq-01/color/frame-000061.color.png 0.999961 0.00213334 -0.00858914 -0.0154574 -0.00209479 0.999988 0.00449458 -0.00484071 0.00859865 -0.00447641 0.999953 0.0124457 0.0 0.0 0.0 1.0
redkitchen/seq-01/color/frame-000060.color.png redkitchen/seq-01/color/frame-000062.color.png 0.999981 0.00547674 -0.00278429 -0.0282867 -0.00545202 0.999946 0.00880144 -0.00570112 0.00283234 -0.00878609 0.999957 0.0104173 0.0 0.0 0.0 1.0
redkitchen/seq-01/color/frame-000061.color.png redkitchen/seq-01/color/frame-000063.color.png 0.999966 0.00563427 -0.00601334 -0.0192793 -0.00555451 0.999898 0.0131966 -0.00712774 0.00608707 -0.0131628 0.999895 0.0189253 0.0 0.0 0.0 1.0
redkitchen/seq-01/color/frame-000062.color.png redkitchen/seq-01/color/frame-000064.color.png 0.999967 0.00392499 -0.00705519 -0.0142695 -0.00383881 0.999918 0.0121911 -0.0109298 0.00710247 -0.0121636 0.999901 0.0182367 0.0 0.0 0.0 1.0
redkitchen/seq-01/color/frame-000063.color.png redkitchen/seq-01/color/frame-000065.color.png 0.999956 0.00588907 -0.00728565 -0.0131385 -0.00583125 0.999951 0.00793345 -0.00936531 0.00733202 -0.00789062 0.999942 0.0165754 0.0 0.0 0.0 1.0
redkitchen/seq-01/color/frame-000064.color.png redkitchen/seq-01/color/frame-000066.color.png 0.999968 0.00523266 -0.00600704 -0.0168703 -0.00518941 0.999961 0.00719186 -0.0097098 0.00604444 -0.00716046 0.999956 0.0113808 0.0 0.0 0.0 1.0
redkitchen/seq-01/color/frame-000065.color.png redkitchen/seq-01/color/frame-000067.color.png 0.999965 0.00457016 -0.00699439 -0.0170734 -0.00453011 0.999973 0.00573202 -0.00738623 0.0070204 -0.00570016 0.999959 0.0114027 0.0 0.0 0.0 1.0
redkitchen/seq-01/color/frame-000066.color.png redkitchen/seq-01/color/frame-000068.color.png 0.999907 0.00621975 -0.012098 -0.00636873 -0.00617301 0.999973 0.00389857 -0.00315738 0.0121219 -0.00382352 0.999919 0.0165691 0.0 0.0 0.0 1.0
redkitchen/seq-01/color/frame-000067.color.png redkitchen/seq-01/color/frame-000069.color.png 0.999939 0.00638733 -0.00898656 -0.0118535 -0.00634089 0.999966 0.00518884 -0.00389934 0.00901939 -0.00513153 0.999946 0.0133565 0.0 0.0 0.0 1.0
redkitchen/seq-01/color/frame-000068.color.png redkitchen/seq-01/color/frame-000070.color.png 0.999979 0.000917062 -0.00638002 -0.0193428 -0.000872542 0.999975 0.00697433 -0.00624648 0.00638628 -0.00696862 0.999955 0.00737619 0.0 0.0 0.0 1.0
redkitchen/seq-01/color/frame-000069.color.png redkitchen/seq-01/color/frame-000071.color.png 0.999947 0.0023149 -0.0100266 -0.014864 -0.00223028 0.999962 0.0084417 -0.0114171 0.0100458 -0.00841888 0.999914 0.0144506 0.0 0.0 0.0 1.0
redkitchen/seq-01/color/frame-000070.color.png redkitchen/seq-01/color/frame-000072.color.png 0.999917 0.0102416 -0.00786934 -0.00855875 -0.010201 0.999935 0.00518126 -0.00941628 0.00792188 -0.00510057 0.999956 0.0167759 0.0 0.0 0.0 1.0
redkitchen/seq-01/color/frame-000071.color.png redkitchen/seq-01/color/frame-000073.color.png 0.999956 0.00906392 -0.00239018 -0.0102544 -0.00905442 0.999951 0.00394469 -0.00622288 0.00242583 -0.00392287 0.999989 0.00809214 0.0 0.0 0.0 1.0
redkitchen/seq-01/color/frame-000072.color.png redkitchen/seq-01/color/frame-000074.color.png 0.99998 -0.000132079 -0.00636291 -0.00687787 0.000167644 0.999984 0.00558819 -0.00355586 0.00636208 -0.00558914 0.999964 0.00865048 0.0 0.0 0.0 1.0
redkitchen/seq-01/color/frame-000073.color.png redkitchen/seq-01/color/frame-000075.color.png 0.999934 -0.00729091 -0.00888109 -0.00788668 0.00733 0.999964 0.00437805 -0.00387196 0.00884884 -0.00444285 0.999951 0.011943 0.0 0.0 0.0 1.0
redkitchen/seq-01/color/frame-000074.color.png redkitchen/seq-01/color/frame-000076.color.png 0.999928 -0.00768746 -0.00926533 -0.00533104 0.00770565 0.999968 0.00192754 -0.00272305 0.0092502 -0.0019988 0.999955 0.0054601 0.0 0.0 0.0 1.0
redkitchen/seq-01/color/frame-000075.color.png redkitchen/seq-01/color/frame-000077.color.png 0.999944 -0.000758824 -0.0105886 0.000489235 0.000775545 0.999999 0.00157471 -0.0047095 0.0105874 -0.00158285 0.999943 0.0123307 0.0 0.0 0.0 1.0
redkitchen/seq-01/color/frame-000076.color.png redkitchen/seq-01/color/frame-000078.color.png 0.999987 0.00215751 -0.00455702 -0.00782749 -0.00215639 0.999998 0.000252969 -0.0119084 0.00455754 -0.000243118 0.99999 0.018586 0.0 0.0 0.0 1.0
redkitchen/seq-01/color/frame-000077.color.png redkitchen/seq-01/color/frame-000079.color.png 0.999998 -0.00184741 -0.000793354 -0.0106992 0.00184415 0.99999 -0.00407838 -0.00703837 0.000800893 0.00407692 0.999991 0.0031485 0.0 0.0 0.0 1.0
redkitchen/seq-01/color/frame-000078.color.png redkitchen/seq-01/color/frame-000080.color.png 0.999973 -0.00436413 -0.00583716 -0.00360677 0.0043344 0.999978 -0.00509648 0.000317775 0.00585928 0.00507104 0.99997 0.00372115 0.0 0.0 0.0 1.0
redkitchen/seq-01/color/frame-000079.color.png redkitchen/seq-01/color/frame-000081.color.png 0.999947 -0.00555696 -0.00867182 -0.000895053 0.00553772 0.999982 -0.00223782 -0.00567203 0.00868408 0.00218969 0.99996 0.00914338 0.0 0.0 0.0 1.0
redkitchen/seq-01/color/frame-000080.color.png redkitchen/seq-01/color/frame-000082.color.png 0.999987 -0.00011871 -0.0051353 -0.00566235 8.6851e-05 0.999981 -0.00620194 -0.00585508 0.00513596 0.0062014 0.999968 0.00589204 0.0 0.0 0.0 1.0
redkitchen/seq-01/color/frame-000081.color.png redkitchen/seq-01/color/frame-000083.color.png 0.999982 6.68513e-06 -0.00603087 0.000230879 -5.94386e-05 0.999962 -0.00874855 -0.00216844 0.00603057 0.00874874 0.999943 0.00619256 0.0 0.0 0.0 1.0
redkitchen/seq-01/color/frame-000082.color.png redkitchen/seq-01/color/frame-000084.color.png 0.999994 0.000470904 -0.00344878 -0.0025506 -0.000487725 0.999988 -0.00487474 -0.00763797 0.00344643 0.00487639 0.999982 0.00228786 0.0 0.0 0.0 1.0
redkitchen/seq-01/color/frame-000083.color.png redkitchen/seq-01/color/frame-000085.color.png 0.999988 -1.03059e-05 -0.00493684 -0.0019815 -1.48184e-05 0.999987 -0.00509208 -0.00499618 0.00493687 0.00509209 0.999975 0.00319442 0.0 0.0 0.0 1.0
redkitchen/seq-01/color/frame-000084.color.png redkitchen/seq-01/color/frame-000086.color.png 0.999962 -0.00358013 -0.00795 -0.00334296 0.00354673 0.999985 -0.00421445 -0.00279203 0.00796493 0.00418609 0.99996 0.00494015 0.0 0.0 0.0 1.0
redkitchen/seq-01/color/frame-000085.color.png redkitchen/seq-01/color/frame-000087.color.png 0.999944 -0.00186632 -0.0104021 0.0009875 0.00181896 0.999988 -0.00456028 -0.00240506 0.0104105 0.0045411 0.999936 0.00695506 0.0 0.0 0.0 1.0
redkitchen/seq-01/color/frame-000086.color.png redkitchen/seq-01/color/frame-000088.color.png 0.999961 0.00741943 -0.00476821 -0.00502998 -0.00742642 0.999971 -0.00144417 -0.0104548 0.00475738 0.00147953 0.999988 0.00847295 0.0 0.0 0.0 1.0
redkitchen/seq-01/color/frame-000087.color.png redkitchen/seq-01/color/frame-000089.color.png 0.999959 0.00892737 -0.00132415 -0.00534752 -0.00892847 0.99996 -0.000825765 -0.00944673 0.00131676 0.000837543 0.999999 0.00790721 0.0 0.0 0.0 1.0
redkitchen/seq-01/color/frame-000088.color.png redkitchen/seq-01/color/frame-000090.color.png 0.999971 0.00720823 -0.00231443 -0.0040915 -0.00721152 0.999973 -0.00142328 -0.00730856 0.00230411 0.00143993 0.999996 0.00789499 0.0 0.0 0.0 1.0
redkitchen/seq-01/color/frame-000089.color.png redkitchen/seq-01/color/frame-000091.color.png 0.999977 0.00514871 -0.00453195 -0.00556314 -0.00515815 0.999984 -0.00206865 -0.00889532 0.00452122 0.00209198 0.999988 0.00924522 0.0 0.0 0.0 1.0
redkitchen/seq-01/color/frame-000090.color.png redkitchen/seq-01/color/frame-000092.color.png 0.999959 0.000178527 -0.00909449 -0.00124404 -0.000215588 0.999992 -0.00407489 -0.00566277 0.00909372 0.00407667 0.99995 0.0114829 0.0 0.0 0.0 1.0
redkitchen/seq-01/color/frame-000091.color.png redkitchen/seq-01/color/frame-000093.color.png 0.999948 -0.00159076 -0.0100958 -0.000606269 0.00155653 0.999993 -0.00340152 -0.0032295 0.0101012 0.00338563 0.999943 0.010123 0.0 0.0 0.0 1.0
redkitchen/seq-01/color/frame-000092.color.png redkitchen/seq-01/color/frame-000094.color.png 0.999954 -0.00493159 -0.00821146 -0.00573334 0.00493988 0.999987 0.000990248 -0.00501044 0.00820646 -0.00103075 0.999966 0.00979361 0.0 0.0 0.0 1.0
redkitchen/seq-01/color/frame-000093.color.png redkitchen/seq-01/color/frame-000095.color.png 0.999865 -0.00871477 -0.0139414 -0.00177899 0.00873363 0.999961 0.00129304 -0.00223978 0.0139296 -0.00141462 0.999902 0.0133867 0.0 0.0 0.0 1.0
redkitchen/seq-01/color/frame-000094.color.png redkitchen/seq-01/color/frame-000096.color.png 0.999785 -0.00457422 -0.0202393 0.00980222 0.00452876 0.999987 -0.00229189 -0.00196391 0.0202495 0.00219973 0.999793 0.0236955 0.0 0.0 0.0 1.0
redkitchen/seq-01/color/frame-000095.color.png redkitchen/seq-01/color/frame-000097.color.png 0.999945 0.00393253 -0.00972585 -0.00188783 -0.00394769 0.999991 -0.00154073 -0.00955538 0.00971971 0.00157904 0.999951 0.0130894 0.0 0.0 0.0 1.0
redkitchen/seq-01/color/frame-000096.color.png redkitchen/seq-01/color/frame-000098.color.png 0.999972 0.000868442 -0.00741884 -0.00518718 -0.000861106 0.999999 0.000990566 -0.0103558 0.0074197 -0.000984148 0.999972 0.0151936 0.0 0.0 0.0 1.0
redkitchen/seq-01/color/frame-000097.color.png redkitchen/seq-01/color/frame-000099.color.png 0.999851 -0.0105293 -0.0136582 -0.00370079 0.0105184 0.999944 -0.000868656 -0.0106357 0.0136666 0.000724868 0.999906 0.0217518 0.0 0.0 0.0 1.0
redkitchen/seq-01/color/frame-000098.color.png redkitchen/seq-01/color/frame-000100.color.png 0.999819 -0.01206 -0.0147004 -0.000997216 0.0119825 0.999914 -0.00534879 -0.00595576 0.0147637 0.00517167 0.999878 0.0173075 0.0 0.0 0.0 1.0
redkitchen/seq-01/color/frame-000099.color.png redkitchen/seq-01/color/frame-000101.color.png 0.999951 -0.00414295 -0.00903125 -0.00507215 0.00412989 0.99999 -0.00146704 -0.0134187 0.00903716 0.00142967 0.999958 0.0141513 0.0 0.0 0.0 1.0
redkitchen/seq-01/color/frame-000100.color.png redkitchen/seq-01/color/frame-000102.color.png 0.999967 -0.00278604 -0.00771083 -0.00243837 0.00277151 0.999995 -0.00189587 -0.0156885 0.00771604 0.00187443 0.999968 0.0176349 0.0 0.0 0.0 1.0
redkitchen/seq-01/color/frame-000101.color.png redkitchen/seq-01/color/frame-000103.color.png 0.999988 0.000785333 -0.0047339 -0.00180826 -0.000826996 0.999961 -0.00880056 -0.0128548 0.00472683 0.00880437 0.99995 0.0130931 0.0 0.0 0.0 1.0
redkitchen/seq-01/color/frame-000102.color.png redkitchen/seq-01/color/frame-000104.color.png 0.999967 0.00508293 -0.00631828 0.00708783 -0.00515503 0.999921 -0.0114449 -0.0100024 0.0062596 0.0114771 0.999915 0.0100917 0.0 0.0 0.0 1.0
redkitchen/seq-01/color/frame-000103.color.png redkitchen/seq-01/color/frame-000105.color.png 0.999988 0.000517911 -0.00489018 0.00276381 -0.000552526 0.999975 -0.00708053 -0.00879703 0.00488637 0.00708315 0.999963 0.0185692 0.0 0.0 0.0 1.0
redkitchen/seq-01/color/frame-000104.color.png redkitchen/seq-01/color/frame-000106.color.png 0.999987 -0.00171331 -0.00484881 -0.00611889 0.00170621 0.999998 -0.00146816 -0.0192774 0.0048513 0.00145986 0.999987 0.0138344 0.0 0.0 0.0 1.0
redkitchen/seq-01/color/frame-000105.color.png redkitchen/seq-01/color/frame-000107.color.png 0.999932 -0.000302605 -0.0116876 0.00631595 0.000226038 0.999978 -0.0065525 -0.00695452 0.0116894 0.00654941 0.99991 0.0149818 0.0 0.0 0.0 1.0
redkitchen/seq-01/color/frame-000106.color.png redkitchen/seq-01/color/frame-000108.color.png 0.999966 -0.000201627 -0.00830477 0.00231656 0.000158929 0.999987 -0.00514171 -0.00670943 0.00830575 0.00514021 0.999952 0.0186421 0.0 0.0 0.0 1.0
redkitchen/seq-01/color/frame-000107.color.png redkitchen/seq-01/color/frame-000109.color.png 0.999968 -0.00586085 -0.00551277 -0.00568551 0.00585151 0.999981 -0.00170487 -0.00976749 0.00552262 0.00167256 0.999983 0.0124278 0.0 0.0 0.0 1.0
redkitchen/seq-01/color/frame-000108.color.png redkitchen/seq-01/color/frame-000110.color.png 0.999883 -0.00653955 -0.0138049 0.0067912 0.00653252 0.999978 -0.000552949 -0.0063587 0.0138082 0.000462708 0.999905 0.0155012 0.0 0.0 0.0 1.0
redkitchen/seq-01/color/frame-000109.color.png redkitchen/seq-01/color/frame-000111.color.png 0.999896 0.00466117 -0.0136614 0.00571761 -0.00469463 0.999986 -0.00241721 -0.0114245 0.0136499 0.00248109 0.999904 0.0229589 0.0 0.0 0.0 1.0
redkitchen/seq-01/color/frame-000110.color.png redkitchen/seq-01/color/frame-000112.color.png 0.999887 0.0141856 -0.00500877 0.00175291 -0.0142097 0.999888 -0.00481689 -0.0224697 0.0049399 0.00488751 0.999976 0.0159408 0.0 0.0 0.0 1.0
redkitchen/seq-01/color/frame-000111.color.png redkitchen/seq-01/color/frame-000113.color.png 0.999995 0.00232511 -0.002225 0.00432569 -0.00234084 0.999972 -0.00709847 -0.00985658 0.00220848 0.00710364 0.999972 0.0115514 0.0 0.0 0.0 1.0
redkitchen/seq-01/color/frame-000112.color.png redkitchen/seq-01/color/frame-000114.color.png 0.999855 -0.0139884 -0.00974418 0.00193775 0.0139508 0.999895 -0.00391236 -0.000865132 0.00979786 0.00377585 0.999945 0.0158563 0.0 0.0 0.0 1.0
redkitchen/seq-01/color/frame-000113.color.png redkitchen/seq-01/color/frame-000115.color.png 0.999891 -0.00781113 -0.0125497 -0.0053817 0.0078305 0.999968 0.00149301 -0.0177656 0.0125377 -0.00159112 0.99992 0.0139723 0.0 0.0 0.0 1.0
redkitchen/seq-01/color/frame-000114.color.png redkitchen/seq-01/color/frame-000116.color.png 0.999851 0.000714247 -0.0172513 0.0107603 -0.00080652 0.999985 -0.00534218 -0.00874808 0.0172472 0.00535529 0.999837 0.0157547 0.0 0.0 0.0 1.0
redkitchen/seq-01/color/frame-000115.color.png redkitchen/seq-01/color/frame-000117.color.png 0.999885 0.0096503 -0.0116777 0.0140522 -0.00969801 0.999945 -0.00403492 -0.00590649 0.0116381 0.00414772 0.999924 0.0138431 0.0 0.0 0.0 1.0
redkitchen/seq-01/color/frame-000116.color.png redkitchen/seq-01/color/frame-000118.color.png 0.999879 0.0152334 -0.00302433 -0.00233448 -0.0152209 0.999876 0.004104 -0.0204753 0.0030865 -0.00405747 0.999987 0.0137935 0.0 0.0 0.0 1.0
redkitchen/seq-01/color/frame-000117.color.png redkitchen/seq-01/color/frame-000119.color.png 0.999857 0.0163478 -0.00439993 -0.00132731 -0.0163381 0.999864 0.00221568 -0.02567 0.00443554 -0.00214348 0.999988 0.0115435 0.0 0.0 0.0 1.0
redkitchen/seq-01/color/frame-000118.color.png redkitchen/seq-01/color/frame-000120.color.png 0.999885 0.0142265 -0.00519183 0.00681326 -0.0142505 0.999888 -0.00461729 -0.0154262 0.00512548 0.00469076 0.999976 0.00794613 0.0 0.0 0.0 1.0
redkitchen/seq-01/color/frame-000119.color.png redkitchen/seq-01/color/frame-000121.color.png 0.999958 0.00476367 -0.00778606 0.0118448 -0.00478058 0.999986 -0.00215486 -0.00583422 0.00777565 0.002192 0.999967 0.00773114 0.0 0.0 0.0 1.0
redkitchen/seq-01/color/frame-000120.color.png redkitchen/seq-01/color/frame-000122.color.png 0.999864 -0.0091612 -0.0137461 0.0054644 0.00917795 0.999957 0.00115517 0.002828 0.0137349 -0.00128117 0.999905 0.0184896 0.0 0.0 0.0 1.0
redkitchen/seq-01/color/frame-000121.color.png redkitchen/seq-01/color/frame-000123.color.png 0.999834 -0.00441527 -0.0176899 0.00896153 0.00450236 0.999978 0.00488609 -0.0107354 0.0176679 -0.00496492 0.999832 0.0108528 0.0 0.0 0.0 1.0
redkitchen/seq-01/color/frame-000122.color.png redkitchen/seq-01/color/frame-000124.color.png 0.999893 0.00913441 -0.0114315 0.00784877 -0.00908795 0.99995 0.00410879 -0.0206735 0.0114685 -0.00400446 0.999926 0.00672689 0.0 0.0 0.0 1.0
redkitchen/seq-01/color/frame-000123.color.png redkitchen/seq-01/color/frame-000125.color.png 0.999888 0.0146172 -0.00335185 -0.00118452 -0.0146064 0.999888 0.00322275 -0.0274808 0.00339857 -0.00317343 0.999989 0.0133274 0.0 0.0 0.0 1.0
redkitchen/seq-01/color/frame-000124.color.png redkitchen/seq-01/color/frame-000126.color.png 0.999926 0.0105891 -0.00594372 0.00579709 -0.0106164 0.999933 -0.00458386 -0.0118884 0.00589487 0.00464662 0.999972 0.011052 0.0 0.0 0.0 1.0
redkitchen/seq-01/color/frame-000125.color.png redkitchen/seq-01/color/frame-000127.color.png 0.999874 0.00611935 -0.0146479 0.0147945 -0.0062068 0.999963 -0.00592943 -0.00790519 0.0146111 0.00601959 0.999875 0.0156267 0.0 0.0 0.0 1.0
redkitchen/seq-01/color/frame-000126.color.png redkitchen/seq-01/color/frame-000128.color.png 0.999947 0.00658435 -0.00788598 -0.000868082 -0.00659269 0.999978 -0.00103393 -0.0188879 0.00787891 0.00108587 0.999968 0.0191997 0.0 0.0 0.0 1.0
redkitchen/seq-01/color/frame-000127.color.png redkitchen/seq-01/color/frame-000129.color.png 0.999989 0.00458013 -0.00104729 -0.00592798 -0.00458466 0.99998 -0.00439116 -0.0164764 0.00102717 0.00439592 0.99999 0.0137914 0.0 0.0 0.0 1.0
redkitchen/seq-01/color/frame-000128.color.png redkitchen/seq-01/color/frame-000130.color.png 0.999988 -0.00168872 -0.00452759 0.00481394 0.00164727 0.999957 -0.00914999 -0.00357836 0.00454287 0.00914243 0.999948 0.0122107 0.0 0.0 0.0 1.0
redkitchen/seq-01/color/frame-000129.color.png redkitchen/seq-01/color/frame-000131.color.png 0.999938 -0.00724402 -0.00848081 0.00619784 0.00719767 0.999959 -0.00548113 0.000752866 0.00852016 0.00541975 0.999949 0.0155327 0.0 0.0 0.0 1.0
redkitchen/seq-01/color/frame-000130.color.png redkitchen/seq-01/color/frame-000132.color.png 0.999974 0.0010062 -0.00716983 0.00393689 -0.00101516 0.999999 -0.0012446 -0.0175841 0.00716858 0.00125184 0.999974 0.0111699 0.0 0.0 0.0 1.0
redkitchen/seq-01/color/frame-000131.color.png redkitchen/seq-01/color/frame-000133.color.png 0.999891 0.0147609 0.00080204 0.00268659 -0.0147551 0.999868 -0.0068362 -0.0240873 -0.000902849 0.00682363 0.999976 0.00553355 0.0 0.0 0.0 1.0
redkitchen/seq-01/color/frame-000132.color.png redkitchen/seq-01/color/frame-000134.color.png 0.999953 0.00851387 0.00464716 0.00220254 -0.00847105 0.999922 -0.00915437 -0.00880957 -0.00472476 0.00911459 0.999947 0.00796232 0.0 0.0 0.0 1.0
redkitchen/seq-01/color/frame-000133.color.png redkitchen/seq-01/color/frame-000135.color.png 0.999999 0.00142584 0.000824807 0.00301152 -0.00142173 0.999987 -0.00498297 -0.00629964 -0.00083188 0.00498178 0.999987 0.0113869 0.0 0.0 0.0 1.0
redkitchen/seq-01/color/frame-000134.color.png redkitchen/seq-01/color/frame-000136.color.png 0.999997 0.00229667 -0.000370496 0.000730336 -0.00229789 0.999992 -0.00340743 -0.0137529 0.000362663 0.00340828 0.999994 0.00918609 0.0 0.0 0.0 1.0
redkitchen/seq-01/color/frame-000135.color.png redkitchen/seq-01/color/frame-000137.color.png 0.99999 0.00456202 -0.000348621 0.00931296 -0.00456407 0.999971 -0.00611556 -0.0135349 0.000320709 0.00611709 0.999981 0.00703806 0.0 0.0 0.0 1.0
redkitchen/seq-01/color/frame-000136.color.png redkitchen/seq-01/color/frame-000138.color.png 0.999997 -0.00136283 0.00225967 0.00228077 0.0013794 0.999972 -0.00737168 -0.00064674 -0.00224962 0.00737477 0.99997 0.00973821 0.0 0.0 0.0 1.0
redkitchen/seq-01/color/frame-000137.color.png redkitchen/seq-01/color/frame-000139.color.png 0.999955 -0.00919353 0.00227661 -0.0115485 0.00920248 0.99995 -0.00394615 -0.000871986 -0.00224026 0.00396693 0.99999 0.0177926 0.0 0.0 0.0 1.0
redkitchen/seq-01/color/frame-000138.color.png redkitchen/seq-01/color/frame-000140.color.png 0.999984 -0.00444053 -0.00353159 0.00604555 0.00442174 0.999976 -0.00531452 -0.0115018 0.00355514 0.00529883 0.99998 0.00981194 0.0 0.0 0.0 1.0
redkitchen/seq-01/color/frame-000139.color.png redkitchen/seq-01/color/frame-000141.color.png 0.999996 0.00269321 0.000412566 0.0169821 -0.00269082 0.99998 -0.00573529 -0.0199406 -0.000428002 0.00573415 0.999983 0.000202537 0.0 0.0 0.0 1.0
redkitchen/seq-01/color/frame-000140.color.png redkitchen/seq-01/color/frame-000142.color.png 0.999958 -0.000812737 0.00917242 0.0025385 0.000908091 0.999946 -0.0103964 -0.00549573 -0.00916347 0.0104042 0.999904 0.00770438 0.0 0.0 0.0 1.0
redkitchen/seq-01/color/frame-000141.color.png redkitchen/seq-01/color/frame-000143.color.png 0.999918 -0.00768542 0.0102193 -0.00513464 0.00777151 0.999934 -0.00841106 4.38392e-05 -0.010154 0.00848979 0.999913 0.00427496 0.0 0.0 0.0 1.0
redkitchen/seq-01/color/frame-000142.color.png redkitchen/seq-01/color/frame-000144.color.png 0.99996 -0.00627002 0.00636365 -0.000196576 0.00630045 0.999969 -0.00476923 -0.00417209 -0.00633362 0.00480913 0.999968 0.00310647 0.0 0.0 0.0 1.0
redkitchen/seq-01/color/frame-000143.color.png redkitchen/seq-01/color/frame-000145.color.png 0.999934 0.00225622 0.0112489 0.0126655 -0.00219332 0.999982 -0.00559799 -0.020486 -0.0112614 0.00557296 0.999921 0.00411791 0.0 0.0 0.0 1.0
redkitchen/seq-01/color/frame-000144.color.png redkitchen/seq-01/color/frame-000146.color.png 0.999815 0.000287937 0.0192254 0.00419492 -0.000143736 0.999972 -0.00750311 -0.0137135 -0.019227 0.00749897 0.999787 -0.00179011 0.0 0.0 0.0 1.0
redkitchen/seq-01/color/frame-000145.color.png redkitchen/seq-01/color/frame-000147.color.png 0.999925 -0.00146293 0.0121581 0.00337943 0.00150812 0.999992 -0.00371222 -0.00657821 -0.0121526 0.00373027 0.999919 -0.00456983 0.0 0.0 0.0 1.0
redkitchen/seq-01/color/frame-000146.color.png redkitchen/seq-01/color/frame-000148.color.png 0.99988 0.00307709 0.0152078 -0.00123453 -0.00301928 0.999988 -0.00382189 -0.0138954 -0.0152193 0.00377552 0.999877 -0.00118285 0.0 0.0 0.0 1.0
redkitchen/seq-01/color/frame-000147.color.png redkitchen/seq-01/color/frame-000149.color.png 0.999829 -0.00373025 0.0180905 -0.0055573 0.00393236 0.99993 -0.0111482 0.005555 -0.0180477 0.0112175 0.999774 0.00580847 0.0 0.0 0.0 1.0
redkitchen/seq-01/color/frame-000148.color.png redkitchen/seq-01/color/frame-000150.color.png 0.999847 -0.00474348 0.0168643 -0.00155413 0.00483415 0.999974 -0.00534019 -0.0066179 -0.0168385 0.00542089 0.999843 -0.000707209 0.0 0.0 0.0 1.0
redkitchen/seq-01/color/frame-000149.color.png redkitchen/seq-01/color/frame-000151.color.png 0.999888 -0.00369567 0.0144821 0.00800386 0.00372371 0.999991 -0.00191116 -0.0107117 -0.0144749 0.00196486 0.999893 -0.00695354 0.0 0.0 0.0 1.0
redkitchen/seq-01/color/frame-000150.color.png redkitchen/seq-01/color/frame-000152.color.png 0.99985 -0.00440547 0.0167397 0.00603268 0.00444405 0.999988 -0.00226715 -0.00678331 -0.0167295 0.00234121 0.999857 -0.00682068 0.0 0.0 0.0 1.0
redkitchen/seq-01/color/frame-000151.color.png redkitchen/seq-01/color/frame-000153.color.png 0.999772 -0.00442284 0.0209012 -0.00683734 0.00458989 0.999958 -0.00795157 -0.000234008 -0.0208652 0.0080457 0.99975 0.000473142 0.0 0.0 0.0 1.0
redkitchen/seq-01/color/frame-000152.color.png redkitchen/seq-01/color/frame-000154.color.png 0.999835 -0.00822723 0.0162054 -0.00288886 0.00837598 0.999923 -0.00913406 0.00847208 -0.0161289 0.00926828 0.999827 -0.000761867 0.0 0.0 0.0 1.0
redkitchen/seq-01/color/frame-000153.color.png redkitchen/seq-01/color/frame-000155.color.png 0.999803 -0.00803184 0.0181437 -0.00844935 0.00809161 0.999962 -0.00322281 0.00194871 -0.0181171 0.00336898 0.99983 -0.00524765 0.0 0.0 0.0 1.0
redkitchen/seq-01/color/frame-000154.color.png redkitchen/seq-01/color/frame-000156.color.png 0.999887 -0.00739172 0.0131106 0.00701705 0.0074174 0.999971 -0.00191048 0.000282049 -0.0130961 0.00200751 0.999912 -0.00461221 0.0 0.0 0.0 1.0
redkitchen/seq-01/color/frame-000155.color.png redkitchen/seq-01/color/frame-000157.color.png 0.999861 -0.00526054 0.0158154 -0.000118971 0.00528993 0.999984 -0.00181666 0.00291777 -0.0158056 0.00190006 0.999873 -0.0025242 0.0 0.0 0.0 1.0
redkitchen/seq-01/color/frame-000156.color.png redkitchen/seq-01/color/frame-000158.color.png 0.999808 0.00143763 0.0195615 -0.00189218 -0.0014887 0.999996 0.00259648 -0.00916579 -0.0195577 -0.0026251 0.999805 -0.0103725 0.0 0.0 0.0 1.0
redkitchen/seq-01/color/frame-000157.color.png redkitchen/seq-01/color/frame-000159.color.png 0.99984 0.00215442 0.0177656 0.00605389 -0.00221377 0.999992 0.00332206 -0.0129394 -0.0177584 -0.00336087 0.999837 -0.0089035 0.0 0.0 0.0 1.0
redkitchen/seq-01/color/frame-000158.color.png redkitchen/seq-01/color/frame-000160.color.png 0.99971 -0.0127139 0.0204398 -0.0191767 0.012753 0.999917 -0.00178207 0.00898004 -0.0204155 0.00204221 0.999789 -0.00115585 0.0 0.0 0.0 1.0
redkitchen/seq-01/color/frame-000159.color.png redkitchen/seq-01/color/frame-000161.color.png 0.999756 -0.0180978 0.0126883 -0.0195542 0.0181335 0.999832 -0.00270575 0.0112997 -0.0126372 0.00293518 0.999916 0.00112367 0.0 0.0 0.0 1.0
redkitchen/seq-01/color/frame-000160.color.png redkitchen/seq-01/color/frame-000162.color.png 0.999834 -0.00875993 0.0159728 0.00533637 0.00877364 0.999961 -0.000786914 -0.00872087 -0.0159652 0.000926915 0.999872 -0.00950497 0.0 0.0 0.0 1.0
redkitchen/seq-01/color/frame-000161.color.png redkitchen/seq-01/color/frame-000163.color.png 0.999779 -0.000753672 0.0210194 0.0140817 0.000813569 0.999996 -0.00284191 -0.0120754 -0.0210172 0.00285839 0.999775 -0.0136393 0.0 0.0 0.0 1.0
redkitchen/seq-01/color/frame-000162.color.png redkitchen/seq-01/color/frame-000164.color.png 0.99971 -0.00822079 0.0226541 -0.0174903 0.00841131 0.99993 -0.00833028 0.0101631 -0.022584 0.00851841 0.999709 -0.00343508 0.0 0.0 0.0 1.0
redkitchen/seq-01/color/frame-000163.color.png redkitchen/seq-01/color/frame-000165.color.png 0.999762 -0.0147731 0.0160855 -0.00882947 0.0148706 0.999872 -0.00596229 0.0108797 -0.0159954 0.00620006 0.999853 -0.00234044 0.0 0.0 0.0 1.0
redkitchen/seq-01/color/frame-000164.color.png redkitchen/seq-01/color/frame-000166.color.png 0.999894 -0.00865713 0.0116864 0.00976273 0.0086812 0.99996 -0.00200976 0.00366509 -0.0116685 0.002111 0.99993 -0.00690007 0.0 0.0 0.0 1.0
redkitchen/seq-01/color/frame-000165.color.png redkitchen/seq-01/color/frame-000167.color.png 0.999819 -0.00312549 0.0187901 -0.00192773 0.00306349 0.99999 0.00332573 -0.00608599 -0.0188003 -0.00326757 0.999818 -0.00942469 0.0 0.0 0.0 1.0
redkitchen/seq-01/color/frame-000166.color.png redkitchen/seq-01/color/frame-000168.color.png 0.999777 -0.00676756 0.0200094 -0.0143171 0.0067379 0.999976 0.00154984 -0.00293994 -0.0200194 -0.00141468 0.999799 -0.00611883 0.0 0.0 0.0 1.0
