redkitchen/seq-01/color/frame-000000.color.png redkitchen/seq-01/color/frame-000001.color.png 1.0 -0.000128258 -0.000574046 -0.000352656 0.000127988 1.0 -0.000469012 0.000249486 0.000574106 0.000468939 1.0 0.000124256 0.0 0.0 0.0 1.0
redkitchen/seq-01/color/frame-000001.color.png redkitchen/seq-01/color/frame-000002.color.png 1.0 0.000699729 7.08815e-05 -0.00119051 -0.000699721 1.0 -0.000105691 0.00140054 -7.09555e-05 0.000105642 1.0 0.00060708 0.0 0.0 0.0 1.0
redkitchen/seq-01/color/frame-000002.color.png redkitchen/seq-01/color/frame-000003.color.png 0.999998 0.00202978 -0.000277596 0.00142797 -0.00202932 0.999997 0.00165901 -0.000929283 0.000280962 -0.00165845 0.999999 0.000258079 0.0 0.0 0.0 1.0
redkitchen/seq-01/color/frame-000003.color.png redkitchen/seq-01/color/frame-000004.color.png 0.999999 -0.000960795 0.00131576 -0.00066955 0.000960051 0.999999 0.000565887 -0.000643023 -0.0013163 -0.000564623 0.999999 -0.00023166 0.0 0.0 0.0 1.0
redkitchen/seq-01/color/frame-000004.color.png redkitchen/seq-01/color/frame-000005.color.png 0.999997 -0.002268 -0.000650054 -0.00163874 0.00226814 0.999997 0.00022193 -0.0018923 0.000649549 -0.000223403 1.0 0.0013905 0.0 0.0 0.0 1.0
redkitchen/seq-01/color/frame-000005.color.png redkitchen/seq-01/color/frame-000006.color.png 0.999996 -0.000512655 -0.00273819 0.00121789 0.000509672 0.999999 -0.00109036 -0.000658839 0.00273875 0.00108896 0.999996 -0.000596541 0.0 0.0 0.0 1.0
redkitchen/seq-01/color/frame-000006.color.png redkitchen/seq-01/color/frame-000007.color.png 0.999998 0.00203455 -0.000310624 -0.000403645 -0.00203486 0.999997 -0.000995948 0.00218919 0.000308596 0.000996578 0.999999 0.000558288 0.0 0.0 0.0 1.0
redkitchen/seq-01/color/frame-000007.color.png redkitchen/seq-01/color/frame-000008.color.png 0.999998 0.00190799 0.000426786 -0.000244024 -0.00190886 0.999996 0.0020453 -0.00249522 -0.000422882 -0.00204611 0.999998 0.000997068 0.0 0.0 0.0 1.0
redkitchen/seq-01/color/frame-000008.color.png redkitchen/seq-01/color/frame-000009.color.png 0.999999 0.00123771 0.00013846 -0.0027998 -0.00123762 0.999999 -0.000669895 -0.000822369 -0.000139288 0.000669723 1.0 0.000661694 0.0 0.0 0.0 1.0
redkitchen/seq-01/color/frame-000009.color.png redkitchen/seq-01/color/frame-000010.color.png 0.999997 0.000870612 -0.00211167 -0.00171304 -0.000872621 0.999999 -0.00095104 -0.00117516 0.00211084 0.000952881 0.999997 0.000502512 0.0 0.0 0.0 1.0
redkitchen/seq-01/color/frame-000010.color.png redkitchen/seq-01/color/frame-000011.color.png 0.999995 0.00168559 -0.00255706 0.000426486 -0.00168654 0.999999 -0.0003711 -0.000594923 0.00255643 0.000375411 0.999997 0.00024321 0.0 0.0 0.0 1.0
redkitchen/seq-01/color/frame-000011.color.png redkitchen/seq-01/color/frame-000012.color.png 0.999997 0.00253335 -0.00059486 -0.00130912 -0.0025334 0.999997 -7.60789e-05 -0.00131023 0.000594665 7.75856e-05 1.0 0.000812774 0.0 0.0 0.0 1.0
redkitchen/seq-01/color/frame-000012.color.png redkitchen/seq-01/color/frame-000013.color.png 0.999996 0.00277121 -0.000894025 -0.000481954 -0.00277183 0.999996 -0.000683815 -0.00177974 0.000892126 0.00068629 0.999999 0.000960194 0.0 0.0 0.0 1.0
redkitchen/seq-01/color/frame-000013.color.png redkitchen/seq-01/color/frame-000014.color.png 0.999998 0.00157319 -0.000795845 -0.000859642 -0.00157471 0.999997 -0.00192123 -0.000999177 0.000792821 0.00192248 0.999998 -0.000133173 0.0 0.0 0.0 1.0
redkitchen/seq-01/color/frame-000014.color.png redkitchen/seq-01/color/frame-000015.color.png 0.999999 0.00127934 -0.000967434 -0.00159129 -0.00128096 0.999998 -0.00168509 0.00118203 0.000965275 0.00168632 0.999998 0.000280624 0.0 0.0 0.0 1.0
redkitchen/seq-01/color/frame-000015.color.png redkitchen/seq-01/color/frame-000016.color.png 0.999998 0.00166058 -0.0008792 -0.000847759 -0.00166008 0.999998 0.000562445 -0.00322603 0.000880133 -0.000560984 0.999999 -5.24344e-05 0.0 0.0 0.0 1.0
redkitchen/seq-01/color/frame-000016.color.png redkitchen/seq-01/color/frame-000017.color.png 0.999999 0.00028968 -0.000927609 -0.000169517 -0.000290969 0.999999 -0.00139039 0.00058177 0.000927206 0.00139066 0.999999 0.00142332 0.0 0.0 0.0 1.0
redkitchen/seq-01/color/frame-000017.color.png redkitchen/seq-01/color/frame-000018.color.png 1.0 0.000680458 -0.000410862 -0.00227326 -0.000680488 1.0 -6.89975e-05 -0.00219057 0.000410816 6.92772e-05 1.0 -0.000581123 0.0 0.0 0.0 1.0
redkitchen/seq-01/color/frame-000018.color.png redkitchen/seq-01/color/frame-000019.color.png 0.999999 0.000390435 -0.00112522 -0.0016978 -0.000391235 1.0 -0.00070777 0.000394947 0.00112494 0.000708209 0.999999 0.000149466 0.0 0.0 0.0 1.0
redkitchen/seq-01/color/frame-000019.color.png redkitchen/seq-01/color/frame-000020.color.png 0.999999 -0.00012772 -0.00134068 -0.00080465 0.00012778 1.0 4.10248e-05 -0.000839738 0.00134067 -4.11966e-05 0.999999 0.00355683 0.0 0.0 0.0 1.0
redkitchen/seq-01/color/frame-000020.color.png redkitchen/seq-01/color/frame-000021.color.png 0.999998 0.00143473 -0.00139028 -0.00122091 -0.00143649 0.999998 -0.00126932 -0.000671981 0.00138846 0.00127131 0.999998 -6.53965e-05 0.0 0.0 0.0 1.0
redkitchen/seq-01/color/frame-000021.color.png redkitchen/seq-01/color/frame-000022.color.png 0.999993 0.00355717 -0.000757409 -0.0017595 -0.00355641 0.999993 0.00101067 0.000512616 0.000761001 -0.00100797 0.999999 0.000424682 0.0 0.0 0.0 1.0
redkitchen/seq-01/color/frame-000022.color.png redkitchen/seq-01/color/frame-000023.color.png 0.999998 0.00177534 -0.000812096 -0.00130728 -0.00177438 0.999998 0.00117151 -0.00159264 0.000814173 -0.00117007 0.999999 0.00175601 0.0 0.0 0.0 1.0
redkitchen/seq-01/color/frame-000023.color.png redkitchen/seq-01/color/frame-000024.color.png 0.999997 0.00238214 -0.00028156 -0.00307674 -0.00238167 0.999996 0.001628 -0.00019908 0.000285437 -0.00162732 0.999999 -0.00125133 0.0 0.0 0.0 1.0
redkitchen/seq-01/color/frame-000024.color.png redkitchen/seq-01/color/frame-000025.color.png 0.999998 0.000582743 -0.00161922 -0.00206151 -0.000579092 0.999997 0.00225231 -0.00136704 0.00162052 -0.00225137 0.999996 0.00274919 0.0 0.0 0.0 1.0
redkitchen/seq-01/color/frame-000025.color.png redkitchen/seq-01/color/frame-000026.color.png 0.999999 0.00125062 -0.0008526 -0.00417398 -0.0012497 0.999999 0.0010892 0.00139533 0.000853964 -0.00108814 0.999999 0.000511598 0.0 0.0 0.0 1.0
redkitchen/seq-01/color/frame-000026.color.png redkitchen/seq-01/color/frame-000027.color.png 0.999997 -0.000568516 -0.00243616 -0.000213176 0.000575612 0.999996 0.00291265 -0.00057535 0.00243449 -0.00291404 0.999993 0.00301106 0.0 0.0 0.0 1.0
redkitchen/seq-01/color/frame-000027.color.png redkitchen/seq-01/color/frame-000028.color.png 0.999998 0.000550097 -0.0018063 -0.00261994 -0.000545941 0.999997 0.00229974 -0.00122691 0.00180755 -0.00229875 0.999996 0.000492958 0.0 0.0 0.0 1.0
redkitchen/seq-01/color/frame-000028.color.png redkitchen/seq-01/color/frame-000029.color.png 0.999998 0.000160203 -0.00199129 -0.00234297 -0.000157098 0.999999 0.00155738 -0.000719715 0.00199154 -0.00155706 0.999997 0.00248317 0.0 0.0 0.0 1.0
redkitchen/seq-01/color/frame-000029.color.png redkitchen/seq-01/color/frame-000030.color.png 0.999993 0.001967 -0.0030386 0.000506967 -0.00196435 0.999998 0.000873331 0.00114005 0.00304032 -0.000867357 0.999995 0.00184615 0.0 0.0 0.0 1.0
redkitchen/seq-01/color/frame-000030.color.png redkitchen/seq-01/color/frame-000031.color.png 1.0 -0.000561263 -0.000761793 -0.00187598 0.000562968 0.999997 0.00224296 0.000386648 0.000760526 -0.00224339 0.999997 0.00233339 0.0 0.0 0.0 1.0
redkitchen/seq-01/color/frame-000031.color.png redkitchen/seq-01/color/frame-000032.color.png 1.0 -0.000431876 -0.000426855 -0.00541189 0.000433554 0.999992 0.00394297 -0.00413899 0.000425151 -0.00394316 0.999992 0.00199788 0.0 0.0 0.0 1.0
redkitchen/seq-01/color/frame-000032.color.png redkitchen/seq-01/color/frame-000033.color.png 0.999992 0.00127978 -0.00389214 -0.00199797 -0.00127701 0.999999 0.000715227 0.00325694 0.00389305 -0.000710248 0.999992 0.00240909 0.0 0.0 0.0 1.0
redkitchen/seq-01/color/frame-000033.color.png redkitchen/seq-01/color/frame-000034.color.png 0.999992 0.00326222 -0.00240401 0.00132617 -0.00325389 0.999989 0.00346403 0.0018705 0.00241529 -0.00345618 0.999991 0.00399797 0.0 0.0 0.0 1.0
redkitchen/seq-01/color/frame-000034.color.png redkitchen/seq-01/color/frame-000035.color.png 0.999985 0.00511577 0.00172528 -0.00228675 -0.00512363 0.999976 0.00459044 -0.00386148 -0.00170175 -0.00459922 0.999988 0.00523512 0.0 0.0 0.0 1.0
redkitchen/seq-01/color/frame-000035.color.png redkitchen/seq-01/color/frame-000036.color.png 0.999971 0.00661101 0.00374523 -0.00301747 -0.00661089 0.999978 -4.41271e-05 0.000399515 -0.00374544 1.93667e-05 0.999993 0.00372186 0.0 0.0 0.0 1.0
redkitchen/seq-01/color/frame-000036.color.png redkitchen/seq-01/color/frame-000037.color.png 0.999988 0.00335998 0.00357505 -0.00560064 -0.00336437 0.999994 0.00122477 0.000599114 -0.00357092 -0.00123679 0.999993 0.000735719 0.0 0.0 0.0 1.0
redkitchen/seq-01/color/frame-000037.color.png redkitchen/seq-01/color/frame-000038.color.png 1.0 0.000293794 0.00021502 -0.00372085 -0.000294617 0.999993 0.003786 0.00270968 -0.00021391 -0.00378606 0.999993 0.00340067 0.0 0.0 0.0 1.0
redkitchen/seq-01/color/frame-000038.color.png redkitchen/seq-01/color/frame-000039.color.png 0.999988 -0.00405756 -0.0026458 -0.00235526 0.00407488 0.99997 0.00657107 -0.00498975 0.00261906 -0.00658178 0.999975 0.00757012 0.0 0.0 0.0 1.0
redkitchen/seq-01/color/frame-000039.color.png redkitchen/seq-01/color/frame-000040.color.png 0.999984 -0.00377771 -0.00415123 -0.00289139 0.00376142 0.999985 -0.00392683 -0.00321697 0.004166 0.00391115 0.999984 0.00627272 0.0 0.0 0.0 1.0
redkitchen/seq-01/color/frame-000040.color.png redkitchen/seq-01/color/frame-000041.color.png 0.999996 0.00289616 -0.00074371 -0.00253706 -0.00290101 0.999974 -0.0065995 0.00600035 0.000724576 0.00660164 0.999978 0.0019124 0.0 0.0 0.0 1.0
redkitchen/seq-01/color/frame-000041.color.png redkitchen/seq-01/color/frame-000042.color.png 0.999985 0.0046146 0.00276396 -0.00443529 -0.00462373 0.999984 0.00330485 0.00303269 -0.00274866 -0.00331759 0.999991 0.00279923 0.0 0.0 0.0 1.0
redkitchen/seq-01/color/frame-000042.color.png redkitchen/seq-01/color/frame-000043.color.png 0.999998 0.00170137 0.000821808 -0.00345876 -0.00170693 0.999975 0.00681145 -0.00911097 -0.000810199 -0.00681283 0.999977 0.00781298 0.0 0.0 0.0 1.0
redkitchen/seq-01/color/frame-000043.color.png redkitchen/seq-01/color/frame-000044.color.png 0.999999 0.00172312 0.000260613 -0.0034339 -0.00172098 0.999967 -0.00798061 -0.00123231 -0.000274354 0.00798014 0.999968 0.00469751 0.0 0.0 0.0 1.0
redkitchen/seq-01/color/frame-000044.color.png redkitchen/seq-01/color/frame-000045.color.png 0.999983 0.00512933 0.00279723 -0.00766451 -0.00512055 0.999982 -0.00313371 0.000431946 -0.00281325 0.00311933 0.999991 0.00140083 0.0 0.0 0.0 1.0
redkitchen/seq-01/color/frame-000045.color.png redkitchen/seq-01/color/frame-000046.color.png 0.999995 0.00303279 5.46975e-05 -0.00573857 -0.00303277 0.999995 -0.00048772 -0.00415916 -5.61827e-05 0.000487562 1.0 0.00497091 0.0 0.0 0.0 1.0
redkitchen/seq-01/color/frame-000046.color.png redkitchen/seq-01/color/frame-000047.color.png 1.0 0.000386411 -0.000128583 -0.00737567 -0.00038684 0.999994 -0.00341773 -0.000862844 0.000127266 0.00341777 0.999994 0.00303321 0.0 0.0 0.0 1.0
redkitchen/seq-01/color/frame-000047.color.png redkitchen/seq-01/color/frame-000048.color.png 1.0 0.000390801 -0.000912487 -0.00762846 -0.000391592 0.999999 -0.000847866 -0.000980252 0.000912157 0.000848224 0.999999 0.0040996 0.0 0.0 0.0 1.0
redkitchen/seq-01/color/frame-000048.color.png redkitchen/seq-01/color/frame-000049.color.png 0.999996 0.00242477 -0.00139431 -0.00523042 -0.0024252 0.999997 -0.000314678 -0.00252928 0.00139354 0.000318057 0.999999 0.00725799 0.0 0.0 0.0 1.0
redkitchen/seq-01/color/frame-000049.color.png redkitchen/seq-01/color/frame-000050.color.png 0.999998 0.00213008 0.000498236 -0.00561836 -0.00212822 0.999991 -0.00367483 -0.00297917 -0.000506063 0.00367376 0.999993 0.00556996 0.0 0.0 0.0 1.0
redkitchen/seq-01/color/frame-000050.color.png redkitchen/seq-01/color/frame-000051.color.png 0.999999 0.000841228 0.000888669 -0.00915787 -0.000836444 0.999985 -0.00538132 -0.00170284 -0.000893179 0.00538057 0.999985 0.00399341 0.0 0.0 0.0 1.0
redkitchen/seq-01/color/frame-000051.color.png redkitchen/seq-01/color/frame-000052.color.png 0.999999 -0.00143807 0.000261733 -0.0117179 0.00143873 0.999996 -0.00252093 0.00351157 -0.000258107 0.0025213 0.999997 0.00576974 0.0 0.0 0.0 1.0
redkitchen/seq-01/color/frame-000052.color.png redkitchen/seq-01/color/frame-000053.color.png 0.999994 -0.00133235 -0.00324044 -0.00978991 0.0013476 0.999988 0.00471631 -0.00729135 0.00323411 -0.00472065 0.999984 0.00625931 0.0 0.0 0.0 1.0
redkitchen/seq-01/color/frame-000053.color.png redkitchen/seq-01/color/frame-000054.color.png 0.999995 0.000712599 -0.00295229 -0.00708251 -0.000712761 1.0 -5.11803e-05 -0.00123357 0.00295225 5.32837e-05 0.999996 0.00816718 0.0 0.0 0.0 1.0
redkitchen/seq-01/color/frame-000054.color.png redkitchen/seq-01/color/frame-000055.color.png 0.999999 0.00149732 -0.00041966 -0.00859022 -0.00149634 0.999996 0.00232379 -0.00244911 0.00042315 -0.00232316 0.999997 0.00558785 0.0 0.0 0.0 1.0
redkitchen/seq-01/color/frame-000055.color.png redkitchen/seq-01/color/frame-000056.color.png 0.999996 0.00212781 -0.00162962 -0.0106862 -0.00212098 0.999989 0.00416891 -0.00635974 0.00163846 -0.00416544 0.99999 0.00614053 0.0 0.0 0.0 1.0
redkitchen/seq-01/color/frame-000056.color.png redkitchen/seq-01/color/frame-000057.color.png 0.999992 0.000760556 -0.00399072 -0.00790755 -0.000760316 1.0 6.58921e-05 0.000336085 0.00399079 -6.28601e-05 0.999992 0.0087973 0.0 0.0 0.0 1.0
redkitchen/seq-01/color/frame-000057.color.png redkitchen/seq-01/color/frame-000058.color.png 0.999995 0.00182161 -0.00267655 -0.0103347 -0.00181233 0.999992 0.0034611 -0.000732709 0.00268283 -0.00345623 0.999991 0.00488153 0.0 0.0 0.0 1.0
redkitchen/seq-01/color/frame-000058.color.png redkitchen/seq-01/color/frame-000059.color.png 0.999992 0.00309538 -0.00248239 -0.0123372 -0.00307687 0.999968 0.00741972 -0.00889916 0.00250526 -0.00741203 0.999969 0.00791067 0.0 0.0 0.0 1.0
redkitchen/seq-01/color/frame-000059.color.png redkitchen/seq-01/color/frame-000060.color.png 0.999992 0.000780891 -0.00382907 -0.00828683 -0.000770377 0.999996 0.00275217 -0.00438752 0.00383122 -0.0027492 0.999989 0.00889538 0.0 0.0 0.0 1.0
redkitchen/seq-01/color/frame-000060.color.png redkitchen/seq-01/color/frame-000061.color.png 0.999996 0.000732076 -0.00285484 -0.010674 -0.000723784 0.999996 0.0029036 -0.00304736 0.00285695 -0.00290153 0.999992 0.00661163 0.0 0.0 0.0 1.0
redkitchen/seq-01/color/frame-000061.color.png redkitchen/seq-01/color/frame-000062.color.png 0.99998 0.00392064 -0.00494538 -0.00710297 -0.0038987 0.999983 0.00443526 -0.000264518 0.00496267 -0.00441589 0.999978 0.00708139 0.0 0.0 0.0 1.0
redkitchen/seq-01/color/frame-000062.color.png redkitchen/seq-01/color/frame-000063.color.png 0.999995 0.00132543 -0.00286848 -0.00868545 -0.00130325 0.999969 0.0077223 -0.00504955 0.00287864 -0.00771852 0.999966 0.00923572 0.0 0.0 0.0 1.0
redkitchen/seq-01/color/frame-000063.color.png redkitchen/seq-01/color/frame-000064.color.png 0.999992 0.00287531 -0.00272341 -0.00839391 -0.00286271 0.999985 0.00461625 -0.00549036 0.00273664 -0.00460842 0.999986 0.00707527 0.0 0.0 0.0 1.0
redkitchen/seq-01/color/frame-000064.color.png redkitchen/seq-01/color/frame-000065.color.png 0.999987 0.00321119 -0.00389353 -0.00649646 -0.00319348 0.999984 0.00455344 -0.00682051 0.00390806 -0.00454093 0.999982 0.00738464 0.0 0.0 0.0 1.0
redkitchen/seq-01/color/frame-000065.color.png redkitchen/seq-01/color/frame-000066.color.png 0.999995 0.00237258 -0.00226365 -0.0103962 -0.00236593 0.999993 0.00292977 -0.00410897 0.00227059 -0.0029244 0.999993 0.00431561 0.0 0.0 0.0 1.0
redkitchen/seq-01/color/frame-000066.color.png redkitchen/seq-01/color/frame-000067.color.png 0.999985 0.00156645 -0.00517305 -0.00555289 -0.00154986 0.999994 0.00320662 -0.00303341 0.00517804 -0.00319855 0.999982 0.00831696 0.0 0.0 0.0 1.0
redkitchen/seq-01/color/frame-000067.color.png redkitchen/seq-01/color/frame-000068.color.png 0.999981 0.00464574 -0.00412085 -0.00583017 -0.0046342 0.999985 0.00280559 -0.00325432 0.00413383 -0.00278643 0.999988 0.00617056 0.0 0.0 0.0 1.0
redkitchen/seq-01/color/frame-000068.color.png redkitchen/seq-01/color/frame-000069.color.png 0.999992 0.00174103 -0.00351423 -0.00853246 -0.00172953 0.999993 0.00327695 -0.00264364 0.00351991 -0.00327084 0.999988 0.00673312 0.0 0.0 0.0 1.0
redkitchen/seq-01/color/frame-000069.color.png redkitchen/seq-01/color/frame-000070.color.png 0.999968 -0.00248525 -0.00759129 -0.00273293 0.0025083 0.999992 0.0030276 -0.00253911 0.00758373 -0.00304655 0.999967 0.00766276 0.0 0.0 0.0 1.0
redkitchen/seq-01/color/frame-000070.color.png redkitchen/seq-01/color/frame-000071.color.png 0.99996 0.00553733 -0.00701707 -0.00226691 -0.00551321 0.999979 0.0034509 -0.00489499 0.00703603 -0.0034121 0.999969 0.00861569 0.0 0.0 0.0 1.0
redkitchen/seq-01/color/frame-000071.color.png redkitchen/seq-01/color/frame-000072.color.png 0.999979 0.00624756 -0.00142103 -0.00466517 -0.0062443 0.999978 0.00227986 -0.00544146 0.00143524 -0.00227093 0.999996 0.00280307 0.0 0.0 0.0 1.0
redkitchen/seq-01/color/frame-000072.color.png redkitchen/seq-01/color/frame-000073.color.png 0.999998 0.00187329 -0.000752461 -0.00642198 -0.00187167 0.999996 0.00217292 -0.00200587 0.00075652 -0.0021715 0.999997 0.00620389 0.0 0.0 0.0 1.0
redkitchen/seq-01/color/frame-000073.color.png redkitchen/seq-01/color/frame-000074.color.png 0.999988 -0.00265169 -0.00403529 -0.00362504 0.00266537 0.999991 0.00339126 -0.00164682 0.00402628 -0.00340198 0.999986 0.00491528 0.0 0.0 0.0 1.0
redkitchen/seq-01/color/frame-000074.color.png redkitchen/seq-01/color/frame-000075.color.png 0.999979 -0.00430046 -0.004821 -0.00378036 0.00430635 0.99999 0.00120934 -0.00262757 0.00481575 -0.00123009 0.999987 0.00521623 0.0 0.0 0.0 1.0
redkitchen/seq-01/color/frame-000075.color.png redkitchen/seq-01/color/frame-000076.color.png 0.999969 -0.00284697 -0.00727526 0.00286052 0.00284322 0.999996 -0.000529413 0.00216038 0.00727672 0.000508712 0.999973 0.00450203 0.0 0.0 0.0 1.0
redkitchen/seq-01/color/frame-000076.color.png redkitchen/seq-01/color/frame-000077.color.png 0.999999 8.06163e-05 -0.0014694 -0.00587308 -7.71244e-05 0.999997 0.00237931 -0.00662455 0.00146959 -0.00237919 0.999996 0.00916183 0.0 0.0 0.0 1.0
redkitchen/seq-01/color/frame-000077.color.png redkitchen/seq-01/color/frame-000078.color.png 0.999998 0.000682722 -0.00186496 -0.00299084 -0.000687735 0.999996 -0.00267937 -0.00383718 0.00186315 0.00268066 0.999995 0.00286612 0.0 0.0 0.0 1.0
redkitchen/seq-01/color/frame-000078.color.png redkitchen/seq-01/color/frame-000079.color.png 0.999999 -0.00133482 -0.000600043 -0.00493389 0.00133327 0.999996 -0.00260568 -0.00110893 0.000603476 0.00260486 0.999996 0.000703514 0.0 0.0 0.0 1.0
redkitchen/seq-01/color/frame-000079.color.png redkitchen/seq-01/color/frame-000080.color.png 0.99999 -0.00225733 -0.00376806 -0.00214946 0.00225122 0.999996 -0.00162098 -0.00149985 0.0037717 0.00161249 0.999992 0.000939071 0.0 0.0 0.0 1.0
redkitchen/seq-01/color/frame-000080.color.png redkitchen/seq-01/color/frame-000081.color.png 0.999996 -0.00203262 -0.00201245 -0.0050675 0.00203267 0.999998 2.7411e-05 -0.00626301 0.00201242 -3.14988e-05 0.999998 0.00416714 0.0 0.0 0.0 1.0
redkitchen/seq-01/color/frame-000081.color.png redkitchen/seq-01/color/frame-000082.color.png 0.999994 0.00155118 -0.00317946 -0.000492513 -0.00156753 0.999986 -0.00514389 -0.0012306 0.00317145 0.00514885 0.999982 0.00330716 0.0 0.0 0.0 1.0
redkitchen/seq-01/color/frame-000082.color.png redkitchen/seq-01/color/frame-000083.color.png 0.999996 -0.000419911 -0.00281839 0.00122267 0.000412132 0.999996 -0.00276511 -0.00260002 0.00281953 0.00276391 0.999992 0.00233829 0.0 0.0 0.0 1.0
redkitchen/seq-01/color/frame-000083.color.png redkitchen/seq-01/color/frame-000084.color.png 0.999998 0.000849901 -0.00167154 -0.00212753 -0.000855444 0.999994 -0.00331326 -0.00312317 0.00166872 0.00331471 0.999993 0.00120977 0.0 0.0 0.0 1.0
redkitchen/seq-01/color/frame-000084.color.png redkitchen/seq-01/color/frame-000085.color.png 0.999994 -0.00113266 -0.00322352 -0.000996172 0.0011216 0.999993 -0.00343614 0.000941649 0.00322737 0.0034325 0.999989 0.00512707 0.0 0.0 0.0 1.0
redkitchen/seq-01/color/frame-000085.color.png redkitchen/seq-01/color/frame-000086.color.png 0.999985 -0.00250683 -0.0048101 -0.00135443 0.00249735 0.999995 -0.0019713 -0.000960708 0.00481501 0.00195926 0.999987 0.00427496 0.0 0.0 0.0 1.0
redkitchen/seq-01/color/frame-000086.color.png redkitchen/seq-01/color/frame-000087.color.png 0.999987 0.00145004 -0.00486419 0.000708431 -0.00145561 0.999998 -0.00114222 -0.0041565 0.0048625 0.00114928 0.999987 0.00205308 0.0 0.0 0.0 1.0
redkitchen/seq-01/color/frame-000087.color.png redkitchen/seq-01/color/frame-000088.color.png 0.999986 0.00486375 -0.00219341 -0.000464082 -0.0048673 0.999987 -0.00161866 -0.00275058 0.00218551 0.00162932 0.999996 0.00582904 0.0 0.0 0.0 1.0
redkitchen/seq-01/color/frame-000088.color.png redkitchen/seq-01/color/frame-000089.color.png 0.999991 0.00421848 0.00106644 -0.00573081 -0.00421925 0.999991 0.000709155 -0.00679322 -0.00106347 -0.000713648 0.999999 0.00201321 0.0 0.0 0.0 1.0
redkitchen/seq-01/color/frame-000089.color.png redkitchen/seq-01/color/frame-000090.color.png 0.999992 0.00324595 -0.00222161 -0.000534564 -0.00324765 0.999995 -0.00076291 -0.0039054 0.00221916 0.000770109 0.999997 0.00372806 0.0 0.0 0.0 1.0
redkitchen/seq-01/color/frame-000090.color.png redkitchen/seq-01/color/frame-000091.color.png 0.999995 0.00101264 -0.00285132 -0.00317496 -0.00101544 0.999999 -0.000982287 -0.00587812 0.00285028 0.00098518 0.999996 0.00587982 0.0 0.0 0.0 1.0
redkitchen/seq-01/color/frame-000091.color.png redkitchen/seq-01/color/frame-000092.color.png 0.999988 -0.00155162 -0.00465125 -0.0017873 0.00153882 0.999995 -0.00275093 -1.60038e-05 0.00465549 0.00274373 0.999985 0.00577259 0.0 0.0 0.0 1.0
redkitchen/seq-01/color/frame-000092.color.png redkitchen/seq-01/color/frame-000093.color.png 0.999983 -0.000239095 -0.00586653 0.00191167 0.000227838 0.999998 -0.00192115 -0.000633553 0.005867 0.00191979 0.999981 0.00601286 0.0 0.0 0.0 1.0
redkitchen/seq-01/color/frame-000093.color.png redkitchen/seq-01/color/frame-000094.color.png 0.99997 -0.00387927 -0.00671228 0.00142753 0.00389296 0.99999 0.00202662 -0.00339684 0.00670435 -0.0020527 0.999975 0.00556377 0.0 0.0 0.0 1.0
redkitchen/seq-01/color/frame-000094.color.png redkitchen/seq-01/color/frame-000095.color.png 0.999969 -0.00362696 -0.00698922 -0.00347358 0.00363022 0.999993 0.000453653 -0.00183047 0.00698756 -0.000479001 0.999975 0.00833905 0.0 0.0 0.0 1.0
redkitchen/seq-01/color/frame-000095.color.png redkitchen/seq-01/color/frame-000096.color.png 0.999981 0.000565327 -0.00611147 -0.00163707 -0.000564365 1.0 0.000157248 -0.00630766 0.00611152 -0.000153795 0.999981 0.0093047 0.0 0.0 0.0 1.0
redkitchen/seq-01/color/frame-000096.color.png redkitchen/seq-01/color/frame-000097.color.png 0.999988 0.00237095 -0.00434121 0.000557303 -0.00237163 0.999997 -0.000146289 -0.0053259 0.00434089 0.000156588 0.999991 0.00525299 0.0 0.0 0.0 1.0
redkitchen/seq-01/color/frame-000097.color.png redkitchen/seq-01/color/frame-000098.color.png 0.999986 -0.00206199 -0.00484603 -0.00195548 0.00206553 0.999998 0.000726029 -0.00377011 0.00484454 -0.000736037 0.999988 0.00977233 0.0 0.0 0.0 1.0
redkitchen/seq-01/color/frame-000098.color.png redkitchen/seq-01/color/frame-000099.color.png 0.999932 -0.00850677 -0.00797874 -0.00278026 0.00850064 0.999964 -0.000806128 -0.0079499 0.00798528 0.000738243 0.999968 0.00988349 0.0 0.0 0.0 1.0
redkitchen/seq-01/color/frame-000099.color.png redkitchen/seq-01/color/frame-000100.color.png 0.999962 -0.00489409 -0.00718413 0.00249743 0.00487074 0.999983 -0.00326289 0.00021413 0.00719997 0.00322777 0.999969 0.00569597 0.0 0.0 0.0 1.0
redkitchen/seq-01/color/frame-000100.color.png redkitchen/seq-01/color/frame-000101.color.png 0.999987 -0.00115698 -0.00499622 -0.000130832 0.00114629 0.999997 -0.00214503 -0.00374797 0.00499868 0.00213927 0.999985 0.00952256 0.0 0.0 0.0 1.0
redkitchen/seq-01/color/frame-000101.color.png redkitchen/seq-01/color/frame-000102.color.png 0.999999 0.000871062 0.00117943 -0.00979403 -0.000873446 0.999998 0.00202565 -0.018694 -0.00117762 -0.00202668 0.999997 0.0101538 0.0 0.0 0.0 1.0
redkitchen/seq-01/color/frame-000102.color.png redkitchen/seq-01/color/frame-000103.color.png 0.999992 0.00188991 -0.00356893 0.00251117 -0.00191793 0.999967 -0.00786338 -0.00145812 0.00355393 0.00787017 0.999963 0.00486624 0.0 0.0 0.0 1.0
redkitchen/seq-01/color/frame-000103.color.png redkitchen/seq-01/color/frame-000104.color.png 0.999985 0.00392432 -0.00369684 0.00661674 -0.0039468 0.999974 -0.00609602 -0.00253727 0.00367287 0.00611051 0.999974 0.00760245 0.0 0.0 0.0 1.0
redkitchen/seq-01/color/frame-000104.color.png redkitchen/seq-01/color/frame-000105.color.png 0.999995 -0.00284435 -0.0010875 -0.00373313 0.00284241 0.999994 -0.0017655 -0.00511909 0.0010925 0.0017624 0.999998 0.00901678 0.0 0.0 0.0 1.0
redkitchen/seq-01/color/frame-000105.color.png redkitchen/seq-01/color/frame-000106.color.png 0.999991 -0.000233487 -0.00412128 -0.00189582 0.000228438 0.999999 -0.00122825 -0.0101195 0.00412152 0.0012273 0.999991 0.00554112 0.0 0.0 0.0 1.0
redkitchen/seq-01/color/frame-000106.color.png redkitchen/seq-01/color/frame-000107.color.png 0.999981 0.00106736 -0.00605278 0.00426021 -0.0010926 0.999991 -0.00416773 -1.71512e-05 0.00604831 0.00417427 0.999973 0.00909129 0.0 0.0 0.0 1.0
redkitchen/seq-01/color/frame-000107.color.png redkitchen/seq-01/color/frame-000108.color.png 0.999997 -0.000741794 -0.00238906 -0.00139254 0.000740298 1.0 -0.000622904 -0.00727856 0.0023895 0.000621132 0.999997 0.00873351 0.0 0.0 0.0 1.0
redkitchen/seq-01/color/frame-000108.color.png redkitchen/seq-01/color/frame-000109.color.png 0.999965 -0.00505396 -0.00672361 0.00456396 0.00503821 0.999985 -0.00235827 9.9957e-05 0.00673541 0.00232431 0.999975 0.00588915 0.0 0.0 0.0 1.0
redkitchen/seq-01/color/frame-000109.color.png redkitchen/seq-01/color/frame-000110.color.png 0.999969 -0.00199164 -0.00763339 0.00304782 0.00200139 0.999997 0.00126818 -0.0049541 0.00763083 -0.00128341 0.99997 0.0102974 0.0 0.0 0.0 1.0
redkitchen/seq-01/color/frame-000110.color.png redkitchen/seq-01/color/frame-000111.color.png 0.999972 0.00550302 -0.00512962 0.000909775 -0.00550306 0.999985 8.43428e-06 -0.0134315 0.00512959 1.97931e-05 0.999987 0.0102917 0.0 0.0 0.0 1.0
redkitchen/seq-01/color/frame-000111.color.png redkitchen/seq-01/color/frame-000112.color.png 0.999959 0.00894636 0.00143131 -0.00093928 -0.00894064 0.999952 -0.00394387 -0.0116777 -0.00146654 0.00393091 0.999991 0.00322711 0.0 0.0 0.0 1.0
redkitchen/seq-01/color/frame-000112.color.png redkitchen/seq-01/color/frame-000113.color.png 0.999987 -0.00445849 -0.00231979 0.00270942 0.00444884 0.999982 -0.00414165 0.00173733 0.0023382 0.00413127 0.999989 0.00732818 0.0 0.0 0.0 1.0
redkitchen/seq-01/color/frame-000113.color.png redkitchen/seq-01/color/frame-000114.color.png 0.999907 -0.00985574 -0.00937503 0.00289884 0.00985045 0.999951 -0.000611402 6.44326e-05 0.00938062 0.000518999 0.999956 0.00989529 0.0 0.0 0.0 1.0
redkitchen/seq-01/color/frame-000114.color.png redkitchen/seq-01/color/frame-000115.color.png 0.999963 -0.00172624 -0.00843661 3.1054e-05 0.0017143 0.999997 -0.0014209 -0.00750437 0.00843905 0.00140638 0.999963 0.00966263 0.0 0.0 0.0 1.0
redkitchen/seq-01/color/frame-000115.color.png redkitchen/seq-01/color/frame-000116.color.png 0.999977 0.00319119 -0.00595708 0.00449586 -0.00320542 0.999992 -0.00237979 -0.00473398 0.00594947 0.00239883 0.999979 0.00598213 0.0 0.0 0.0 1.0
redkitchen/seq-01/color/frame-000116.color.png redkitchen/seq-01/color/frame-000117.color.png 0.99997 0.005735 -0.00526996 0.00944242 -0.00573125 0.999984 0.000718989 -0.00580645 0.00527399 -0.000688758 0.999986 0.00349411 0.0 0.0 0.0 1.0
redkitchen/seq-01/color/frame-000117.color.png redkitchen/seq-01/color/frame-000118.color.png 0.999969 0.00751862 -0.00228094 -0.00105214 -0.00751547 0.999971 0.00139206 -0.00965804 0.00229135 -0.00137488 0.999997 0.00804624 0.0 0.0 0.0 1.0
redkitchen/seq-01/color/frame-000118.color.png redkitchen/seq-01/color/frame-000119.color.png 0.999964 0.0082 -0.00233591 -0.000387341 -0.00820598 0.999963 -0.00255995 -0.00811172 0.00231483 0.00257902 0.999994 0.00579184 0.0 0.0 0.0 1.0
redkitchen/seq-01/color/frame-000119.color.png redkitchen/seq-01/color/frame-000120.color.png 0.999978 0.00586395 -0.00298909 0.00661927 -0.00587248 0.999979 -0.00286232 -0.00486907 0.00297228 0.00287981 0.999991 0.00335211 0.0 0.0 0.0 1.0
redkitchen/seq-01/color/frame-000120.color.png redkitchen/seq-01/color/frame-000121.color.png 0.999995 -0.00184049 -0.00261548 -0.000244856 0.00184464 0.999997 0.0015825 -0.00196174 0.00261259 -0.00158732 0.999995 0.00469977 0.0 0.0 0.0 1.0
redkitchen/seq-01/color/frame-000121.color.png redkitchen/seq-01/color/frame-000122.color.png 0.999948 -0.00425866 -0.00930107 0.00304508 0.004289 0.999986 0.00324656 -0.00460923 0.0092871 -0.00328628 0.999952 0.0101849 0.0 0.0 0.0 1.0
redkitchen/seq-01/color/frame-000122.color.png redkitchen/seq-01/color/frame-000123.color.png 0.999969 0.000982359 -0.00783703 0.00227204 -0.000982221 1.0 1.90719e-05 -0.0047009 0.00783705 -1.13815e-05 0.999969 0.00756979 0.0 0.0 0.0 1.0
redkitchen/seq-01/color/frame-000123.color.png redkitchen/seq-01/color/frame-000124.color.png 0.999981 0.00578607 -0.00225916 6.62208e-05 -0.00578184 0.999982 0.00188006 -0.0107853 0.00227005 -0.00186696 0.999996 0.00399923 0.0 0.0 0.0 1.0
redkitchen/seq-01/color/frame-000124.color.png redkitchen/seq-01/color/frame-000125.color.png 0.999972 0.00697394 -0.00287635 0.00401109 -0.00697781 0.999975 -0.00133945 -0.0093163 0.00286693 0.00135949 0.999995 0.00791627 0.0 0.0 0.0 1.0
redkitchen/seq-01/color/frame-000125.color.png redkitchen/seq-01/color/frame-000126.color.png 0.999991 0.00330293 -0.00284085 5.78463e-05 -0.00331271 0.999989 -0.00343866 -0.00176764 0.00282947 0.00344803 0.99999 0.0061852 0.0 0.0 0.0 1.0
redkitchen/seq-01/color/frame-000126.color.png redkitchen/seq-01/color/frame-000127.color.png 0.999954 0.00292017 -0.00907374 0.00784543 -0.00294405 0.999992 -0.00262 -0.00586051 0.00906593 0.0026466 0.999955 0.0110449 0.0 0.0 0.0 1.0
redkitchen/seq-01/color/frame-000127.color.png redkitchen/seq-01/color/frame-000128.color.png 0.999993 0.00246319 -0.00268746 0.00121409 -0.00246035 0.999996 0.00106387 -0.00992721 0.00269011 -0.00105725 0.999996 0.00642979 0.0 0.0 0.0 1.0
redkitchen/seq-01/color/frame-000128.color.png redkitchen/seq-01/color/frame-000129.color.png 0.999994 0.0023338 -0.00238476 0.00296006 -0.00234531 0.999986 -0.00482887 -0.00815341 0.00237349 0.00483443 0.999986 0.00584197 0.0 0.0 0.0 1.0
redkitchen/seq-01/color/frame-000129.color.png redkitchen/seq-01/color/frame-000130.color.png 0.999993 -0.00235411 -0.00289401 0.00445834 0.00233925 0.999984 -0.00514316 0.00331017 0.00290609 0.00513635 0.999983 0.00393656 0.0 0.0 0.0 1.0
redkitchen/seq-01/color/frame-000130.color.png redkitchen/seq-01/color/frame-000131.color.png 0.999988 -0.00281919 -0.00399719 0.000386 0.00282212 0.999996 0.000737942 -0.00458813 0.00399507 -0.000749224 0.999992 0.00693646 0.0 0.0 0.0 1.0
redkitchen/seq-01/color/frame-000131.color.png redkitchen/seq-01/color/frame-000132.color.png 0.999994 0.00333164 -0.000246145 -0.00361606 -0.00333236 0.99999 -0.00301417 -0.00908858 0.000236122 0.00301497 0.999995 0.00393036 0.0 0.0 0.0 1.0
redkitchen/seq-01/color/frame-000132.color.png redkitchen/seq-01/color/frame-000133.color.png 0.999977 0.00642166 -0.00224243 0.0127765 -0.00643184 0.999969 -0.00457743 -0.00956804 0.00221296 0.00459175 0.999987 -0.00137967 0.0 0.0 0.0 1.0
redkitchen/seq-01/color/frame-000133.color.png redkitchen/seq-01/color/frame-000134.color.png 0.999989 0.00189702 0.00434608 -0.00398371 -0.00187494 0.999985 -0.0050846 0.000705421 -0.00435568 0.00507639 0.999978 0.00874701 0.0 0.0 0.0 1.0
redkitchen/seq-01/color/frame-000134.color.png redkitchen/seq-01/color/frame-000135.color.png 0.999998 0.000163877 -0.00197267 0.0021393 -0.000167711 0.999998 -0.00195805 -0.00402567 0.00197234 0.00195837 0.999996 0.0084964 0.0 0.0 0.0 1.0
redkitchen/seq-01/color/frame-000135.color.png redkitchen/seq-01/color/frame-000136.color.png 0.999998 0.00194962 0.000529151 0.000649363 -0.00194913 0.999998 -0.00091193 -0.0106357 -0.000530965 0.000910898 1.0 -9.92417e-05 0.0 0.0 0.0 1.0
redkitchen/seq-01/color/frame-000136.color.png redkitchen/seq-01/color/frame-000137.color.png 0.999999 0.00118238 0.000757959 0.00457555 -0.00117993 0.999994 -0.0032177 -0.00536609 -0.000761725 0.0032168 0.999995 0.00304699 0.0 0.0 0.0 1.0
redkitchen/seq-01/color/frame-000137.color.png redkitchen/seq-01/color/frame-000138.color.png 1.0 0.000237707 0.000817717 0.00144562 -0.000235368 0.999996 -0.00285557 -0.000458986 -0.000818429 0.00285539 0.999996 0.0078088 0.0 0.0 0.0 1.0
redkitchen/seq-01/color/frame-000138.color.png redkitchen/seq-01/color/frame-000139.color.png 0.999996 -0.00256984 0.00143641 -0.00708392 0.00256645 0.999994 0.00235523 -0.0135396 -0.00144246 -0.00235154 0.999996 0.00722677 0.0 0.0 0.0 1.0
redkitchen/seq-01/color/frame-000139.color.png redkitchen/seq-01/color/frame-000140.color.png 0.99999 -0.00162195 -0.00417464 0.0109878 0.00161057 0.999995 -0.00272697 -0.00805536 0.004179 0.00272022 0.999988 0.0011481 0.0 0.0 0.0 1.0
redkitchen/seq-01/color/frame-000140.color.png redkitchen/seq-01/color/frame-000141.color.png 0.999994 0.00105369 0.00322771 0.00636131 -0.00103749 0.999987 -0.00501336 -0.00498018 -0.00323292 0.00500998 0.999982 0.00295991 0.0 0.0 0.0 1.0
redkitchen/seq-01/color/frame-000141.color.png redkitchen/seq-01/color/frame-000142.color.png 0.999983 -0.00151447 0.00562514 -0.00210288 0.00153901 0.999989 -0.00436472 -0.00330874 -0.00561844 0.0043733 0.999975 0.0025019 0.0 0.0 0.0 1.0
redkitchen/seq-01/color/frame-000142.color.png redkitchen/seq-01/color/frame-000143.color.png 0.99997 -0.00685203 0.00347414 -0.000813276 0.00686701 0.999967 -0.00431841 0.00350827 -0.00344441 0.00434213 0.999985 0.00208545 0.0 0.0 0.0 1.0
redkitchen/seq-01/color/frame-000143.color.png redkitchen/seq-01/color/frame-000144.color.png 0.999999 -0.00104133 0.000922905 0.00382802 0.00104229 0.999999 -0.0010546 -0.00484335 -0.000921788 0.00105555 0.999999 0.00278008 0.0 0.0 0.0 1.0
redkitchen/seq-01/color/frame-000144.color.png redkitchen/seq-01/color/frame-000145.color.png 0.999946 0.00164464 0.0102449 0.00802794 -0.00157984 0.999979 -0.00632481 -0.010726 -0.010255 0.0063083 0.999928 0.00212985 0.0 0.0 0.0 1.0
redkitchen/seq-01/color/frame-000145.color.png redkitchen/seq-01/color/frame-000146.color.png 0.999966 0.00141822 0.00808132 -0.000539839 -0.00141509 0.999999 -0.000395537 -0.00735614 -0.00808186 0.000384083 0.999967 -0.00302869 0.0 0.0 0.0 1.0
redkitchen/seq-01/color/frame-000146.color.png redkitchen/seq-01/color/frame-000147.color.png 0.999981 -0.00124012 0.00604 -0.00167459 0.00125816 0.999995 -0.00298511 -0.000849813 -0.00603625 0.00299265 0.999977 0.00200939 0.0 0.0 0.0 1.0
redkitchen/seq-01/color/frame-000147.color.png redkitchen/seq-01/color/frame-000148.color.png 0.999953 0.00225531 0.00947336 -0.000707895 -0.00221473 0.999988 -0.00429268 -0.00335902 -0.0094829 0.0042715 0.999946 -0.00158483 0.0 0.0 0.0 1.0
redkitchen/seq-01/color/frame-000148.color.png redkitchen/seq-01/color/frame-000149.color.png 0.999954 -0.00362496 0.00890689 -0.00192544 0.00365497 0.999988 -0.00335204 -0.00160736 -0.00889471 0.00338444 0.999955 0.00112879 0.0 0.0 0.0 1.0
redkitchen/seq-01/color/frame-000149.color.png redkitchen/seq-01/color/frame-000150.color.png 0.999975 -0.00332201 0.00615928 0.00329745 0.00334392 0.999988 -0.00354879 -0.00133631 -0.00614735 0.0035693 0.999975 0.002195 0.0 0.0 0.0 1.0
redkitchen/seq-01/color/frame-000150.color.png redkitchen/seq-01/color/frame-000151.color.png 0.999948 -0.00436631 0.0092568 -0.00203609 0.00438951 0.999987 -0.0024906 0.00267836 -0.00924579 0.0025311 0.999954 -0.00157553 0.0 0.0 0.0 1.0
redkitchen/seq-01/color/frame-000151.color.png redkitchen/seq-01/color/frame-000152.color.png 0.999928 -0.00254746 0.0117464 -0.00500876 0.00257714 0.999994 -0.0025079 -0.00135183 -0.01174 0.00253798 0.999928 -0.00144833 0.0 0.0 0.0 1.0
redkitchen/seq-01/color/frame-000152.color.png redkitchen/seq-01/color/frame-000153.color.png 0.999946 -0.00255017 0.0100932 -0.00332111 0.00260586 0.999981 -0.00551155 0.00267383 -0.0100789 0.00553755 0.999934 -0.00188679 0.0 0.0 0.0 1.0
redkitchen/seq-01/color/frame-000153.color.png redkitchen/seq-01/color/frame-000154.color.png 0.999956 -0.00451807 0.00820833 -0.00326619 0.00452995 0.999989 -0.00142803 0.000873506 -0.00820179 0.00146514 0.999965 -0.00200516 0.0 0.0 0.0 1.0
redkitchen/seq-01/color/frame-000154.color.png redkitchen/seq-01/color/frame-000155.color.png 0.999974 -0.0047085 0.00553714 0.00540531 0.00470172 0.999988 0.00123571 -0.00330812 -0.00554294 -0.00120964 0.999984 -0.00271314 0.0 0.0 0.0 1.0
redkitchen/seq-01/color/frame-000155.color.png redkitchen/seq-01/color/frame-000156.color.png 0.999971 -0.00253967 0.00718062 0.00214311 0.00255661 0.999994 -0.00235195 0.00308859 -0.00717462 0.00237024 0.999972 -0.00212687 0.0 0.0 0.0 1.0
redkitchen/seq-01/color/frame-000156.color.png redkitchen/seq-01/color/frame-000157.color.png 0.999973 -0.000252293 0.00741273 0.00376594 0.000235926 0.999998 0.00221227 -0.00520185 -0.00741323 -0.00221044 0.99997 -0.00538713 0.0 0.0 0.0 1.0
redkitchen/seq-01/color/frame-000157.color.png redkitchen/seq-01/color/frame-000158.color.png 0.999952 0.0010339 0.00971015 -0.00123617 -0.0010347 0.999999 7.50454e-05 -0.00252444 -0.00971005 -8.50963e-05 0.999953 -0.00223011 0.0 0.0 0.0 1.0
redkitchen/seq-01/color/frame-000158.color.png redkitchen/seq-01/color/frame-000159.color.png 0.999956 -0.000758943 0.00929963 0.00241077 0.000747129 0.999999 0.00127524 -0.00476432 -0.00930058 -0.00126824 0.999956 -0.00405467 0.0 0.0 0.0 1.0
redkitchen/seq-01/color/frame-000159.color.png redkitchen/seq-01/color/frame-000160.color.png 0.999883 -0.00955337 0.0119393 -0.0207148 0.00958172 0.999951 -0.00231978 0.00990975 -0.0119166 0.0024339 0.999926 0.0014624 0.0 0.0 0.0 1.0
redkitchen/seq-01/color/frame-000160.color.png redkitchen/seq-01/color/frame-000161.color.png 0.999973 -0.00633299 0.00379227 -0.00415212 0.00633097 0.99998 0.000543099 -0.00317073 -0.00379564 -0.00051907 0.999993 -0.00414401 0.0 0.0 0.0 1.0
redkitchen/seq-01/color/frame-000161.color.png redkitchen/seq-01/color/frame-000162.color.png 0.999974 -0.00288961 0.00664508 0.0242964 0.00289348 0.999996 -0.000573121 -0.00625938 -0.00664336 0.000592332 0.999978 -0.00739735 0.0 0.0 0.0 1.0
redkitchen/seq-01/color/frame-000162.color.png redkitchen/seq-01/color/frame-000163.color.png 0.999929 0.000640478 0.0118625 -0.00602761 -0.000604017 0.999995 -0.00307655 -0.00174057 -0.0118644 0.00306918 0.999925 -0.00144577 0.0 0.0 0.0 1.0
redkitchen/seq-01/color/frame-000163.color.png redkitchen/seq-01/color/frame-000164.color.png 0.999927 -0.00847935 0.0086406 -0.005265 0.00851197 0.999957 -0.00374696 0.0068754 -0.00860847 0.00382022 0.999956 -0.000845373 0.0 0.0 0.0 1.0
redkitchen/seq-01/color/frame-000164.color.png redkitchen/seq-01/color/frame-000165.color.png 0.999947 -0.00557352 0.00870004 -0.00546168 0.00559572 0.999981 -0.00252872 0.00376642 -0.00868578 0.00257728 0.999959 -0.00189841 0.0 0.0 0.0 1.0
redkitchen/seq-01/color/frame-000165.color.png redkitchen/seq-01/color/frame-000166.color.png 0.999993 -0.00120121 0.00365879 0.0140971 0.00119539 0.999998 0.00159464 -0.00396925 -0.00366069 -0.00159028 0.999992 -0.00671548 0.0 0.0 0.0 1.0
