redkitchen/seq-01/color/frame-000001.color.png redkitchen/seq-01/color/frame-000004.color.png 0.999999 0.00144236 0.000473111 0.000643395 -0.00144328 0.999997 0.00195944 0.000300957 -0.000470283 -0.00196012 0.999998 0.000832726 0.0 0.0 0.0 1.0
redkitchen/seq-01/color/frame-000004.color.png redkitchen/seq-01/color/frame-000007.color.png 0.999994 -0.00084876 -0.00347421 -0.000925779 0.0008415 0.999997 -0.00209054 0.000211596 0.00347597 0.00208761 0.999992 0.00141305 0.0 0.0 0.0 1.0
redkitchen/seq-01/color/frame-000007.color.png redkitchen/seq-01/color/frame-000010.color.png 0.999992 0.00374952 -0.00130567 -0.00519707 -0.00374762 0.999992 0.00145583 -0.00652613 0.00131112 -0.00145092 0.999998 0.00044953 0.0 0.0 0.0 1.0
redkitchen/seq-01/color/frame-000010.color.png redkitchen/seq-01/color/frame-000013.color.png 0.999967 0.00709233 -0.00400167 -0.00136743 -0.00709826 0.999974 -0.00146894 -0.00300801 0.00399114 0.00149729 0.999991 0.00294437 0.0 0.0 0.0 1.0
redkitchen/seq-01/color/frame-000013.color.png redkitchen/seq-01/color/frame-000016.color.png 0.999985 0.00477155 -0.00259088 -0.00378965 -0.00478075 0.999982 -0.0035547 -0.00196443 0.00257387 0.00356704 0.99999 0.000793274 0.0 0.0 0.0 1.0
redkitchen/seq-01/color/frame-000016.color.png redkitchen/seq-01/color/frame-000019.color.png 0.999995 0.00118947 -0.00290289 -0.00297808 -0.00119705 0.999996 -0.0026098 -0.000529424 0.00289978 0.00261327 0.999992 0.0020539 0.0 0.0 0.0 1.0
redkitchen/seq-01/color/frame-000019.color.png redkitchen/seq-01/color/frame-000022.color.png 0.999987 0.00418196 -0.00303987 -0.00480187 -0.00417822 0.999991 0.00123484 -0.0030635 0.00304501 -0.00122213 0.999994 0.000800686 0.0 0.0 0.0 1.0
redkitchen/seq-01/color/frame-000022.color.png redkitchen/seq-01/color/frame-000025.color.png 0.999985 0.00480612 -0.00256502 -0.00708295 -0.00479506 0.999979 0.00430016 -0.00237802 0.00258563 -0.0042878 0.999988 0.00520038 0.0 0.0 0.0 1.0
redkitchen/seq-01/color/frame-000025.color.png redkitchen/seq-01/color/frame-000028.color.png 0.999982 0.000956674 -0.00584796 -0.0056206 -0.0009251 0.999985 0.00539947 0.000659956 0.00585304 -0.00539396 0.999968 0.00547608 0.0 0.0 0.0 1.0
redkitchen/seq-01/color/frame-000028.color.png redkitchen/seq-01/color/frame-000031.color.png 0.999982 0.00188351 -0.00576144 -0.00374458 -0.00185529 0.999986 0.00489792 0.000516173 0.00577058 -0.00488714 0.999971 0.00669097 0.0 0.0 0.0 1.0
redkitchen/seq-01/color/frame-000031.color.png redkitchen/seq-01/color/frame-000034.color.png 0.999975 0.00435039 -0.00550802 -0.00768336 -0.00430439 0.999956 0.00833614 0.000827232 0.00554404 -0.00831224 0.99995 0.00732421 0.0 0.0 0.0 1.0
redkitchen/seq-01/color/frame-000034.color.png redkitchen/seq-01/color/frame-000037.color.png 0.999849 0.0151127 0.00860349 -0.00936082 -0.0151588 0.999871 0.00531722 -0.00185195 -0.00852201 -0.00544683 0.999949 0.0111137 0.0 0.0 0.0 1.0
redkitchen/seq-01/color/frame-000037.color.png redkitchen/seq-01/color/frame-000040.color.png 0.999947 -0.00759429 -0.00693542 -0.00882179 0.00764279 0.999946 0.00699378 -0.00668156 0.00688193 -0.00704642 0.999951 0.0152717 0.0 0.0 0.0 1.0
redkitchen/seq-01/color/frame-000040.color.png redkitchen/seq-01/color/frame-000043.color.png 0.999951 0.00950451 0.00288949 -0.00992137 -0.00951391 0.99995 0.0032596 0.000178751 -0.00285835 -0.00328693 0.999991 0.0128506 0.0 0.0 0.0 1.0
redkitchen/seq-01/color/frame-000043.color.png redkitchen/seq-01/color/frame-000046.color.png 0.999944 0.0099949 0.00336402 -0.0177296 -0.00995766 0.999891 -0.0109099 -0.00602633 -0.0034727 0.0108758 0.999935 0.0101814 0.0 0.0 0.0 1.0
redkitchen/seq-01/color/frame-000046.color.png redkitchen/seq-01/color/frame-000049.color.png 0.999988 0.00344203 -0.0033492 -0.0182462 -0.00345914 0.999981 -0.0051127 -0.00318038 0.00333155 0.00512422 0.999981 0.014898 0.0 0.0 0.0 1.0
redkitchen/seq-01/color/frame-000049.color.png redkitchen/seq-01/color/frame-000052.color.png 0.999996 0.00194136 0.00185336 -0.0277529 -0.00192076 0.999937 -0.0110453 -0.00210892 -0.00187469 0.0110417 0.999937 0.0130133 0.0 0.0 0.0 1.0
redkitchen/seq-01/color/frame-000052.color.png redkitchen/seq-01/color/frame-000055.color.png 0.999976 0.000950805 -0.00685903 -0.0245894 -0.000912257 0.999984 0.00562031 -0.00846413 0.00686425 -0.00561391 0.999961 0.0217638 0.0 0.0 0.0 1.0
redkitchen/seq-01/color/frame-000055.color.png redkitchen/seq-01/color/frame-000058.color.png 0.999978 0.00469096 -0.00468726 -0.0374298 -0.00464711 0.999946 0.00932274 -0.0099065 0.00473074 -0.00930075 0.999946 0.0190673 0.0 0.0 0.0 1.0
redkitchen/seq-01/color/frame-000058.color.png redkitchen/seq-01/color/frame-000061.color.png 0.999912 0.00520012 -0.012195 -0.0253644 -0.00505582 0.999917 0.0118343 -0.0132392 0.0122555 -0.0117716 0.999856 0.0238668 0.0 0.0 0.0 1.0
redkitchen/seq-01/color/frame-000061.color.png redkitchen/seq-01/color/frame-000064.color.png 0.999894 0.00801248 -0.0121862 -0.0213888 -0.00779885 0.999817 0.0174772 -0.0115505 0.012324 -0.0173803 0.999773 0.0265571 0.0 0.0 0.0 1.0
redkitchen/seq-01/color/frame-000064.color.png redkitchen/seq-01/color/frame-000067.color.png 0.999904 0.00718709 -0.0118352 -0.0219949 -0.00708357 0.999936 0.00876658 -0.0105179 0.0118974 -0.0086819 0.999892 0.0210764 0.0 0.0 0.0 1.0
redkitchen/seq-01/color/frame-000067.color.png redkitchen/seq-01/color/frame-000070.color.png 0.999887 0.0054517 -0.0140474 -0.0186324 -0.00532149 0.999943 0.00928845 -0.00950975 0.0140972 -0.00921263 0.999858 0.0168855 0.0 0.0 0.0 1.0
redkitchen/seq-01/color/frame-000070.color.png redkitchen/seq-01/color/frame-000073.color.png 0.999868 0.014048 -0.00810833 -0.0154446 -0.0139876 0.999875 0.00745397 -0.0119514 0.00821202 -0.00733961 0.999939 0.0162495 0.0 0.0 0.0 1.0
redkitchen/seq-01/color/frame-000073.color.png redkitchen/seq-01/color/frame-000076.color.png 0.999855 -0.0100033 -0.013787 -0.00962201 0.0100904 0.999929 0.00626137 -0.00614297 0.0137234 -0.00639955 0.999885 0.0166998 0.0 0.0 0.0 1.0
redkitchen/seq-01/color/frame-000076.color.png redkitchen/seq-01/color/frame-000079.color.png 0.999976 -0.00145989 -0.00676449 -0.00825551 0.00142851 0.999988 -0.00463943 -0.00755505 0.00677117 0.00462963 0.999966 0.0136563 0.0 0.0 0.0 1.0
redkitchen/seq-01/color/frame-000079.color.png redkitchen/seq-01/color/frame-000082.color.png 0.999935 -0.00332522 -0.0108674 -0.00232324 0.003268 0.999981 -0.00527784 -0.0121855 0.0108846 0.00524201 0.999927 0.00927779 0.0 0.0 0.0 1.0
redkitchen/seq-01/color/frame-000082.color.png redkitchen/seq-01/color/frame-000085.color.png 0.999972 -0.000383439 -0.00750294 -0.00226077 0.000319043 0.999963 -0.0085825 -0.00586024 0.00750601 0.00857987 0.999935 0.00677475 0.0 0.0 0.0 1.0
redkitchen/seq-01/color/frame-000085.color.png redkitchen/seq-01/color/frame-000088.color.png 0.9999 0.00424759 -0.0135094 0.00143608 -0.00431828 0.999977 -0.00520696 -0.00748284 0.0134869 0.00526478 0.999895 0.0132594 0.0 0.0 0.0 1.0
redkitchen/seq-01/color/frame-000088.color.png redkitchen/seq-01/color/frame-000091.color.png 0.999953 0.00832054 -0.00493953 -0.00765601 -0.00833392 0.999962 -0.00269185 -0.012661 0.00491694 0.00273289 0.999984 0.0117468 0.0 0.0 0.0 1.0
redkitchen/seq-01/color/frame-000091.color.png redkitchen/seq-01/color/frame-000094.color.png 0.999901 -0.0053108 -0.013058 -0.00667551 0.00527902 0.999983 -0.00246779 -0.0046466 0.0130709 0.00239861 0.999912 0.0135564 0.0 0.0 0.0 1.0
redkitchen/seq-01/color/frame-000094.color.png redkitchen/seq-01/color/frame-000097.color.png 0.999789 -0.00109428 -0.0205007 0.00240853 0.00106049 0.999998 -0.00165922 -0.0087148 0.0205025 0.00163713 0.999788 0.0233817 0.0 0.0 0.0 1.0
redkitchen/seq-01/color/frame-000097.color.png redkitchen/seq-01/color/frame-000100.color.png 0.999804 -0.0127197 -0.0151727 -0.0129956 0.0127065 0.999919 -0.000964732 -0.018255 0.0151837 0.000771758 0.999885 0.0249432 0.0 0.0 0.0 1.0
redkitchen/seq-01/color/frame-000100.color.png redkitchen/seq-01/color/frame-000103.color.png 0.999909 -0.00109141 -0.0134802 0.00431216 0.00096755 0.999957 -0.00919229 -0.019638 0.0134897 0.0091784 0.999867 0.0250981 0.0 0.0 0.0 1.0
redkitchen/seq-01/color/frame-000103.color.png redkitchen/seq-01/color/frame-000106.color.png 0.999966 -0.00111594 -0.00818423 -0.000564277 0.00102146 0.999933 -0.0115372 -0.0119696 0.00819656 0.0115285 0.9999 0.0211227 0.0 0.0 0.0 1.0
redkitchen/seq-01/color/frame-000106.color.png redkitchen/seq-01/color/frame-000109.color.png 0.999875 -0.00542118 -0.0148783 0.00683531 0.00532114 0.999963 -0.00675484 -0.00759053 0.0149143 0.00667482 0.999867 0.0242096 0.0 0.0 0.0 1.0
redkitchen/seq-01/color/frame-000109.color.png redkitchen/seq-01/color/frame-000112.color.png 0.999867 0.0127677 -0.0101293 -0.000205487 -0.0128112 0.999909 -0.00424048 -0.0275924 0.0100742 0.00436968 0.99994 0.0243902 0.0 0.0 0.0 1.0
redkitchen/seq-01/color/frame-000112.color.png redkitchen/seq-01/color/frame-000115.color.png 0.999612 -0.0177646 -0.021462 0.00818875 0.0176493 0.999829 -0.00554809 -0.00559074 0.0215569 0.00516714 0.999754 0.0281427 0.0 0.0 0.0 1.0
redkitchen/seq-01/color/frame-000115.color.png redkitchen/seq-01/color/frame-000118.color.png 0.999739 0.0199139 -0.0111958 0.00793636 -0.0199054 0.999801 0.000867942 -0.0253895 0.0112109 -0.000644854 0.999937 0.0180465 0.0 0.0 0.0 1.0
redkitchen/seq-01/color/frame-000118.color.png redkitchen/seq-01/color/frame-000121.color.png 0.999903 0.012769 -0.00556151 0.00300097 -0.0127753 0.999918 -0.00109454 -0.0202352 0.00554711 0.00116549 0.999984 0.0081968 0.0 0.0 0.0 1.0
redkitchen/seq-01/color/frame-000121.color.png redkitchen/seq-01/color/frame-000124.color.png 0.99977 0.00184444 -0.0213783 0.0110676 -0.00172652 0.999983 0.00553395 -0.019558 0.021388 -0.00549575 0.999756 0.0187473 0.0 0.0 0.0 1.0
redkitchen/seq-01/color/frame-000124.color.png redkitchen/seq-01/color/frame-000127.color.png 0.999815 0.013963 -0.0132579 0.00748712 -0.0140337 0.999888 -0.00525959 -0.0230005 0.0131829 0.00544466 0.999898 0.0258338 0.0 0.0 0.0 1.0
redkitchen/seq-01/color/frame-000127.color.png redkitchen/seq-01/color/frame-000130.color.png 0.999972 0.00248518 -0.0070827 0.00650206 -0.00255592 0.999947 -0.00999549 -0.0115167 0.00705752 0.0100133 0.999925 0.0158336 0.0 0.0 0.0 1.0
redkitchen/seq-01/color/frame-000130.color.png redkitchen/seq-01/color/frame-000133.color.png 0.999931 0.0103093 -0.00568408 0.00820878 -0.0103418 0.99993 -0.0057122 -0.0291199 0.00562475 0.00577059 0.999968 0.0131585 0.0 0.0 0.0 1.0
redkitchen/seq-01/color/frame-000133.color.png redkitchen/seq-01/color/frame-000136.color.png 0.99999 0.000557547 0.00445856 -0.00590223 -0.00053371 0.999986 -0.00533889 -0.015921 -0.00446141 0.00533646 0.999976 0.0140094 0.0 0.0 0.0 1.0
redkitchen/seq-01/color/frame-000136.color.png redkitchen/seq-01/color/frame-000139.color.png 0.999971 -0.00767557 -0.000138928 0.00322077 0.00767432 0.999944 -0.00723494 -0.00570229 0.000194441 0.00723365 0.999974 0.016186 0.0 0.0 0.0 1.0
redkitchen/seq-01/color/frame-000139.color.png redkitchen/seq-01/color/frame-000142.color.png 0.999982 -0.00294205 0.00522994 0.0125673 0.00300187 0.99993 -0.0114713 -0.018334 -0.00519581 0.0114868 0.99992 0.0096454 0.0 0.0 0.0 1.0
redkitchen/seq-01/color/frame-000142.color.png redkitchen/seq-01/color/frame-000145.color.png 0.999867 -0.00574127 0.0152759 0.00895363 0.00597229 0.999868 -0.0151181 -0.00470376 -0.0151871 0.0152073 0.999769 0.0089792 0.0 0.0 0.0 1.0
redkitchen/seq-01/color/frame-000145.color.png redkitchen/seq-01/color/frame-000148.color.png 0.999735 -0.000480364 0.0230166 -0.00365269 0.000614655 0.999983 -0.00582816 -0.0122301 -0.0230133 0.00584076 0.999718 -0.00463009 0.0 0.0 0.0 1.0
redkitchen/seq-01/color/frame-000148.color.png redkitchen/seq-01/color/frame-000151.color.png 0.999673 -0.00961682 0.023699 0.00072965 0.00984457 0.999906 -0.0095132 -0.00193611 -0.0236054 0.00974339 0.999674 0.00426644 0.0 0.0 0.0 1.0
redkitchen/seq-01/color/frame-000151.color.png redkitchen/seq-01/color/frame-000154.color.png 0.999548 -0.00121018 0.0300444 -0.00112364 0.00136417 0.999986 -0.00510567 -0.0138344 -0.0300378 0.00514435 0.999536 -0.0133101 0.0 0.0 0.0 1.0
redkitchen/seq-01/color/frame-000154.color.png redkitchen/seq-01/color/frame-000157.color.png 0.999676 -0.00830495 0.0240778 0.00040102 0.00832766 0.999965 -0.000843154 -0.00182402 -0.02407 0.00104339 0.99971 -0.00989306 0.0 0.0 0.0 1.0
redkitchen/seq-01/color/frame-000157.color.png redkitchen/seq-01/color/frame-000160.color.png 0.999565 -0.0151661 0.0252887 -0.0104717 0.0152224 0.999882 -0.00203244 0.0111182 -0.0252548 0.00241648 0.999678 -0.000400066 0.0 0.0 0.0 1.0
redkitchen/seq-01/color/frame-000160.color.png redkitchen/seq-01/color/frame-000163.color.png 0.999607 -0.0113538 0.0256308 -0.000821799 0.0115317 0.99991 -0.0068025 -0.00012821 -0.0255513 0.00709539 0.999648 -0.00429016 0.0 0.0 0.0 1.0
redkitchen/seq-01/color/frame-000163.color.png redkitchen/seq-01/color/frame-000166.color.png 0.99965 -0.0126627 0.0232506 0.00167628 0.0127143 0.999917 -0.00207039 -0.000848651 -0.0232225 0.00236529 0.999727 -0.0134941 0.0 0.0 0.0 1.0
redkitchen/seq-01/color/frame-000166.color.png redkitchen/seq-01/color/frame-000169.color.png 0.999692 -0.0104043 0.0225347 0.000480309 0.0104142 0.999946 -0.000321179 -0.000144839 -0.0225302 0.000555744 0.999746 -0.00929481 0.0 0.0 0.0 1.0
redkitchen/seq-01/color/frame-000169.color.png redkitchen/seq-01/color/frame-000172.color.png 0.999419 -0.0155804 0.0303084 -0.0190227 0.0156782 0.999873 -0.0029895 0.00592893 -0.0302579 0.00346294 0.999536 -0.00136071 0.0 0.0 0.0 1.0
redkitchen/seq-01/color/frame-000172.color.png redkitchen/seq-01/color/frame-000175.color.png 0.999635 -0.0191697 0.0190409 0.000135958 0.0192463 0.999807 -0.0038521 0.00658607 -0.0189634 0.00421718 0.999811 -0.00575048 0.0 0.0 0.0 1.0
redkitchen/seq-01/color/frame-000175.color.png redkitchen/seq-01/color/frame-000178.color.png 0.999559 -0.00066104 0.0296892 -0.00242539 0.000630647 0.999999 0.00103312 -0.00416136 -0.0296899 -0.00101396 0.999559 -0.0136219 0.0 0.0 0.0 1.0
redkitchen/seq-01/color/frame-000178.color.png redkitchen/seq-01/color/frame-000181.color.png 0.999481 -0.0202596 0.0250568 -0.0151816 0.0201393 0.999784 0.00504304 0.00106674 -0.0251535 -0.00453579 0.999673 -0.0082438 0.0 0.0 0.0 1.0
redkitchen/seq-01/color/frame-000181.color.png redkitchen/seq-01/color/frame-000184.color.png 0.999551 -0.0153293 0.0257296 -0.00137708 0.015389 0.999879 -0.00212592 0.00716907 -0.0256939 0.00252092 0.999667 -0.0113928 0.0 0.0 0.0 1.0
redkitchen/seq-01/color/frame-000184.color.png redkitchen/seq-01/color/frame-000187.color.png 0.999371 -0.0143367 0.032444 -0.0231273 0.0142979 0.999897 0.0014258 0.00424922 -0.0324611 -0.000961009 0.999472 -0.0111789 0.0 0.0 0.0 1.0
redkitchen/seq-01/color/frame-000187.color.png redkitchen/seq-01/color/frame-000190.color.png 0.999462 -0.0175431 0.0277262 -0.0105506 0.017441 0.99984 0.00391951 0.00471848 -0.0277906 -0.00343382 0.999608 -0.0165547 0.0 0.0 0.0 1.0
redkitchen/seq-01/color/frame-000190.color.png redkitchen/seq-01/color/frame-000193.color.png 0.999458 -0.0194082 0.0265714 -0.00875963 0.0192537 0.999796 0.0060583 0.00945053 -0.0266836 -0.00554343 0.999629 -0.00985828 0.0 0.0 0.0 1.0
redkitchen/seq-01/color/frame-000193.color.png redkitchen/seq-01/color/frame-000196.color.png 0.999377 -0.02185 0.027704 -0.0168398 0.0215798 0.999717 0.0100155 0.00330564 -0.0279151 -0.00941138 0.999566 -0.014235 0.0 0.0 0.0 1.0
redkitchen/seq-01/color/frame-000196.color.png redkitchen/seq-01/color/frame-000199.color.png 0.999588 -0.0145064 0.0247522 -0.00097131 0.0144434 0.999892 0.00272303 0.0155635 -0.024789 -0.00236441 0.99969 -0.0113897 0.0 0.0 0.0 1.0
redkitchen/seq-01/color/frame-000199.color.png redkitchen/seq-01/color/frame-000202.color.png 0.999472 -0.0290579 0.014546 -0.00512697 0.0290663 0.999577 -0.000365788 0.0185355 -0.0145293 0.000788389 0.999894 0.00191996 0.0 0.0 0.0 1.0
redkitchen/seq-01/color/frame-000202.color.png redkitchen/seq-01/color/frame-000205.color.png 0.999659 -0.0148585 0.0214597 -0.00631817 0.014786 0.999884 0.00353576 0.00480542 -0.0215097 -0.00321725 0.999763 -0.0243789 0.0 0.0 0.0 1.0
redkitchen/seq-01/color/frame-000205.color.png redkitchen/seq-01/color/frame-000208.color.png 0.9998 -0.0160392 0.0119446 -0.000308007 0.016042 0.999871 -0.000144593 0.0165529 -0.0119408 0.000336177 0.999929 -0.0116215 0.0 0.0 0.0 1.0
redkitchen/seq-01/color/frame-000208.color.png redkitchen/seq-01/color/frame-000211.color.png 0.999907 -0.010974 0.00811839 0.00777411 0.010979 0.99994 -0.000570977 0.0143875 -0.00811161 0.00066005 0.999967 -0.0137217 0.0 0.0 0.0 1.0
redkitchen/seq-01/color/frame-000211.color.png redkitchen/seq-01/color/frame-000214.color.png 0.999893 -0.0108575 0.00984329 -0.00128607 0.0108637 0.999941 -0.000580331 0.00723809 -0.00983644 0.000687204 0.999951 -0.0160187 0.0 0.0 0.0 1.0
redkitchen/seq-01/color/frame-000214.color.png redkitchen/seq-01/color/frame-000217.color.png 0.999842 -0.0145906 0.0101858 0.00429598 0.0146082 0.999892 -0.00165697 0.0121776 -0.0101606 0.00180551 0.999947 -0.0203807 0.0 0.0 0.0 1.0
redkitchen/seq-01/color/frame-000217.color.png redkitchen/seq-01/color/frame-000220.color.png 0.999858 -0.016796 0.00113344 0.019618 0.0168127 0.999718 -0.0167745 0.036968 -0.000851337 0.0167912 0.999859 0.00123811 0.0 0.0 0.0 1.0
redkitchen/seq-01/color/frame-000220.color.png redkitchen/seq-01/color/frame-000223.color.png 0.999915 -0.0129563 0.00174062 0.00955592 0.0129538 0.999915 0.00142458 0.0144322 -0.00175893 -0.0014019 0.999997 -0.0132015 0.0 0.0 0.0 1.0
redkitchen/seq-01/color/frame-000223.color.png redkitchen/seq-01/color/frame-000226.color.png 0.999897 -0.0124723 -0.00712327 0.0178865 0.0124408 0.999913 -0.00444235 0.0272666 0.00717806 0.00435329 0.999965 -0.00667477 0.0 0.0 0.0 1.0
redkitchen/seq-01/color/frame-000226.color.png redkitchen/seq-01/color/frame-000229.color.png 0.999939 -0.0110347 0.000704799 -0.00328239 0.0110361 0.999937 -0.00203962 0.0123159 -0.000682257 0.00204727 0.999998 -0.00591463 0.0 0.0 0.0 1.0
redkitchen/seq-01/color/frame-000229.color.png redkitchen/seq-01/color/frame-000232.color.png 0.999957 -0.0080493 -0.0045083 0.0173452 0.00801293 0.999936 -0.00803255 0.0349495 0.00457267 0.00799608 0.999958 -0.00141883 0.0 0.0 0.0 1.0
redkitchen/seq-01/color/frame-000232.color.png redkitchen/seq-01/color/frame-000235.color.png 0.999884 -0.0114648 -0.0100139 0.0136563 0.0114783 0.999933 0.00129398 0.00335145 0.00999839 -0.00140877 0.999949 -0.0139082 0.0 0.0 0.0 1.0
redkitchen/seq-01/color/frame-000235.color.png redkitchen/seq-01/color/frame-000238.color.png 0.999993 -0.00324815 -0.00167354 0.0150747 0.00323592 0.999968 -0.00726966 0.0259552 0.00169713 0.0072642 0.999972 -0.00360325 0.0 0.0 0.0 1.0
redkitchen/seq-01/color/frame-000238.color.png redkitchen/seq-01/color/frame-000241.color.png 0.999986 0.000320372 -0.00527104 0.0185568 -0.000336943 0.999995 -0.00314013 0.000309616 0.00526998 0.00314187 0.999981 -0.0160057 0.0 0.0 0.0 1.0
redkitchen/seq-01/color/frame-000241.color.png redkitchen/seq-01/color/frame-000244.color.png 0.999982 0.00359669 -0.00481866 0.0187573 -0.00367361 0.999864 -0.016053 0.0306242 0.00476027 0.0160704 0.99986 -0.00121465 0.0 0.0 0.0 1.0
redkitchen/seq-01/color/frame-000244.color.png redkitchen/seq-01/color/frame-000247.color.png 0.999976 0.00568272 0.00387347 0.00682189 -0.0056547 0.999958 -0.00720361 0.0192028 -0.00391423 0.00718152 0.999967 -0.00824606 0.0 0.0 0.0 1.0
redkitchen/seq-01/color/frame-000247.color.png redkitchen/seq-01/color/frame-000250.color.png 0.999972 0.00149725 -0.00730518 0.0143223 -0.00153733 0.999984 -0.00548152 0.0127186 0.00729682 0.00549263 0.999958 -0.00298217 0.0 0.0 0.0 1.0
redkitchen/seq-01/color/frame-000250.color.png redkitchen/seq-01/color/frame-000253.color.png 0.999938 0.00801355 0.00767603 0.0117606 -0.00795515 0.999939 -0.00760481 0.018155 -0.0077365 0.00754326 0.999942 -0.00496015 0.0 0.0 0.0 1.0
redkitchen/seq-01/color/frame-000253.color.png redkitchen/seq-01/color/frame-000256.color.png 0.999994 -0.0025867 0.0022143 0.00906314 0.00260488 0.999963 -0.00824673 0.0174939 -0.00219287 0.00825243 0.999963 -0.00125933 0.0 0.0 0.0 1.0
redkitchen/seq-01/color/frame-000256.color.png redkitchen/seq-01/color/frame-000259.color.png 0.999954 0.00757272 0.00595007 0.0140816 -0.00755039 0.999964 -0.00376456 0.0081639 -0.00597835 0.00371947 0.999975 0.000642091 0.0 0.0 0.0 1.0
redkitchen/seq-01/color/frame-000259.color.png redkitchen/seq-01/color/frame-000262.color.png 0.999969 0.00195882 0.00759592 0.00601991 -0.00189861 0.999967 -0.00792845 0.0163818 -0.00761119 0.00791379 0.99994 0.000453919 0.0 0.0 0.0 1.0
redkitchen/seq-01/color/frame-000262.color.png redkitchen/seq-01/color/frame-000265.color.png 0.999909 -0.0133783 -0.00167094 0.0146843 0.0133635 0.999874 -0.00862155 0.0238281 0.00178603 0.00859843 0.999961 -0.000256389 0.0 0.0 0.0 1.0
redkitchen/seq-01/color/frame-000265.color.png redkitchen/seq-01/color/frame-000268.color.png 0.999999 -0.00107447 -0.000459077 0.0209634 0.00107633 0.999991 0.00413609 0.00898378 0.000454658 -0.00413659 0.999991 -0.00227672 0.0 0.0 0.0 1.0
redkitchen/seq-01/color/frame-000268.color.png redkitchen/seq-01/color/frame-000271.color.png 0.999989 0.00274587 0.00382537 0.0177399 -0.00276234 0.999987 0.00431802 0.0206646 -0.0038135 -0.00432854 0.999983 -0.00236943 0.0 0.0 0.0 1.0
redkitchen/seq-01/color/frame-000271.color.png redkitchen/seq-01/color/frame-000274.color.png 0.999965 -0.00830443 -3.59256e-05 0.0115345 0.00830445 0.999945 0.00635327 0.00875112 -1.67798e-05 -0.00635334 0.99998 0.00526524 0.0 0.0 0.0 1.0
redkitchen/seq-01/color/frame-000274.color.png redkitchen/seq-01/color/frame-000277.color.png 0.999988 0.00488553 -0.000787904 0.0261496 -0.00487889 0.999955 0.00815938 0.0141224 0.00082769 -0.00815546 0.999966 -0.00372538 0.0 0.0 0.0 1.0
redkitchen/seq-01/color/frame-000277.color.png redkitchen/seq-01/color/frame-000280.color.png 0.999709 0.0240791 0.00118766 0.023783 -0.0240947 0.99959 0.0154804 0.0158186 -0.000814409 -0.0155045 0.99988 0.00524366 0.0 0.0 0.0 1.0
redkitchen/seq-01/color/frame-000280.color.png redkitchen/seq-01/color/frame-000283.color.png 0.999964 0.00830927 -0.00161659 0.0188829 -0.00831044 0.999965 -0.000736788 0.0150201 0.00161037 0.000750183 0.999998 0.00173715 0.0 0.0 0.0 1.0
redkitchen/seq-01/color/frame-000283.color.png redkitchen/seq-01/color/frame-000286.color.png 0.999955 -0.00140182 -0.00936523 0.0241416 0.00144193 0.99999 0.00428584 0.00582061 0.00935917 -0.00429914 0.999947 -0.00268558 0.0 0.0 0.0 1.0
redkitchen/seq-01/color/frame-000286.color.png redkitchen/seq-01/color/frame-000289.color.png 0.999951 0.00964865 -0.00226614 0.0230963 -0.00963699 0.999941 0.00509392 0.0175361 0.00231515 -0.00507181 0.999984 0.00720456 0.0 0.0 0.0 1.0
redkitchen/seq-01/color/frame-000289.color.png redkitchen/seq-01/color/frame-000292.color.png 0.999892 0.0119823 -0.00853572 0.0264651 -0.0119808 0.999928 0.000228136 0.0213113 0.00853783 -0.000125838 0.999964 -0.0012584 0.0 0.0 0.0 1.0
redkitchen/seq-01/color/frame-000292.color.png redkitchen/seq-01/color/frame-000295.color.png 0.999974 0.00587605 -0.00423822 0.0160044 -0.00584354 0.999954 0.00764885 0.00832001 0.00428294 -0.0076239 0.999962 -0.000215381 0.0 0.0 0.0 1.0
redkitchen/seq-01/color/frame-000295.color.png redkitchen/seq-01/color/frame-000298.color.png 0.999957 0.00498419 -0.00781221 0.0223484 -0.00493219 0.999966 0.00665721 0.0107523 0.00784515 -0.00661841 0.999947 -0.00538647 0.0 0.0 0.0 1.0
redkitchen/seq-01/color/frame-000298.color.png redkitchen/seq-01/color/frame-000301.color.png 0.999992 5.56736e-05 -0.00404493 0.0244823 -1.69112e-05 0.999954 0.00958843 0.00736148 0.00404529 -0.00958827 0.999946 0.00234193 0.0 0.0 0.0 1.0
redkitchen/seq-01/color/frame-000301.color.png redkitchen/seq-01/color/frame-000304.color.png 0.99995 -0.00855356 -0.00514275 0.0264021 0.00859554 0.999929 0.00819536 0.00011524 0.00507227 -0.00823916 0.999953 -0.015934 0.0 0.0 0.0 1.0
redkitchen/seq-01/color/frame-000304.color.png redkitchen/seq-01/color/frame-000307.color.png 0.999928 -0.0100047 0.00664605 0.0104047 0.00998536 0.999946 0.00294263 0.00547668 -0.00667518 -0.00287607 0.999974 0.00286493 0.0 0.0 0.0 1.0
redkitchen/seq-01/color/frame-000307.color.png redkitchen/seq-01/color/frame-000310.color.png 0.999971 -0.00746786 -0.00144207 0.0213825 0.00747632 0.999954 0.00598049 0.00134841 0.00139737 -0.00599109 0.999981 -0.00388476 0.0 0.0 0.0 1.0
redkitchen/seq-01/color/frame-000310.color.png redkitchen/seq-01/color/frame-000313.color.png 0.999981 0.000866767 0.0061488 0.0132387 -0.000889828 0.999993 0.00375209 0.020522 -0.00614547 -0.00375752 0.999974 9.14931e-05 0.0 0.0 0.0 1.0
redkitchen/seq-01/color/frame-000313.color.png redkitchen/seq-01/color/frame-000316.color.png 0.999982 -0.00510024 -0.00330491 0.0277284 0.0051506 0.999868 0.0154102 -0.000452869 0.0032259 -0.0154269 0.999876 -0.0133839 0.0 0.0 0.0 1.0
redkitchen/seq-01/color/frame-000316.color.png redkitchen/seq-01/color/frame-000319.color.png 0.99997 -0.00247671 -0.00727627 0.0205351 0.0024883 0.999996 0.00158464 0.00217607 0.00727228 -0.0016027 0.999972 -0.0150337 0.0 0.0 0.0 1.0
redkitchen/seq-01/color/frame-000319.color.png redkitchen/seq-01/color/frame-000322.color.png 0.999966 0.00477925 -0.00671019 0.0210262 -0.00473533 0.999967 0.0065371 0.0144485 0.00674125 -0.0065051 0.999956 -0.0126889 0.0 0.0 0.0 1.0
redkitchen/seq-01/color/frame-000322.color.png redkitchen/seq-01/color/frame-000325.color.png 0.999942 0.00948981 -0.00501886 0.0214409 -0.0094623 0.99994 0.00548342 0.0104503 0.0050706 -0.00543562 0.999972 -0.021345 0.0 0.0 0.0 1.0
redkitchen/seq-01/color/frame-000325.color.png redkitchen/seq-01/color/frame-000328.color.png 0.999929 0.00386152 -0.0112405 0.0219135 -0.00393706 0.99997 -0.006707 0.0108091 0.0112142 0.00675078 0.999914 -0.0212012 0.0 0.0 0.0 1.0
redkitchen/seq-01/color/frame-000328.color.png redkitchen/seq-01/color/frame-000331.color.png 0.999556 0.012177 -0.0272046 0.0392882 -0.0121615 0.999926 0.000731816 0.0195977 0.0272115 -0.000400642 0.99963 -0.0355593 0.0 0.0 0.0 1.0
redkitchen/seq-01/color/frame-000331.color.png redkitchen/seq-01/color/frame-000334.color.png 0.999674 0.0190649 -0.0169587 0.0192494 -0.0190977 0.999816 -0.00176917 0.0158743 0.0169219 0.00209246 0.999855 -0.0257237 0.0 0.0 0.0 1.0
redkitchen/seq-01/color/frame-000334.color.png redkitchen/seq-01/color/frame-000337.color.png 0.999819 0.0160407 -0.0102403 0.0237312 -0.0160826 0.999863 -0.00402144 0.0197756 0.0101744 0.00418541 0.999939 -0.0224508 0.0 0.0 0.0 1.0
redkitchen/seq-01/color/frame-000337.color.png redkitchen/seq-01/color/frame-000340.color.png 0.999804 0.00570063 -0.0189284 0.0410773 -0.00582619 0.999961 -0.00658451 0.0196949 0.0188902 0.0066935 0.999799 -0.0398054 0.0 0.0 0.0 1.0
redkitchen/seq-01/color/frame-000340.color.png redkitchen/seq-01/color/frame-000343.color.png 0.99997 -0.00137033 0.00766968 0.0168733 0.00136425 0.999999 0.000796984 0.00321555 -0.00767076 -0.000786493 0.99997 -0.00267519 0.0 0.0 0.0 1.0
redkitchen/seq-01/color/frame-000343.color.png redkitchen/seq-01/color/frame-000346.color.png 0.999987 -0.00448117 -0.00227286 0.0282191 0.00446224 0.999956 -0.00825907 0.00438976 0.00230975 0.00824884 0.999963 -0.018656 0.0 0.0 0.0 1.0
redkitchen/seq-01/color/frame-000346.color.png redkitchen/seq-01/color/frame-000349.color.png 0.999777 -0.0160168 0.0137934 0.0197017 0.0160828 0.99986 -0.00469061 -0.00447264 -0.0137163 0.0049114 0.999894 0.00315751 0.0 0.0 0.0 1.0
redkitchen/seq-01/color/frame-000349.color.png redkitchen/seq-01/color/frame-000352.color.png 0.999967 -0.00756673 -0.00297798 0.0298646 0.00754797 0.999952 -0.00627103 0.00474642 0.00302529 0.00624834 0.999976 -0.0161328 0.0 0.0 0.0 1.0
redkitchen/seq-01/color/frame-000352.color.png redkitchen/seq-01/color/frame-000355.color.png 0.99993 0.0110931 0.00420875 0.0192794 -0.0111144 0.999925 0.00508989 0.0122718 -0.00415196 -0.00513632 0.999978 -0.00907525 0.0 0.0 0.0 1.0
redkitchen/seq-01/color/frame-000355.color.png redkitchen/seq-01/color/frame-000358.color.png 0.999898 0.0085369 0.0114114 0.00486714 -0.00869882 0.999861 0.014214 0.00665127 -0.0112884 -0.0143119 0.999834 0.0135308 0.0 0.0 0.0 1.0
redkitchen/seq-01/color/frame-000358.color.png redkitchen/seq-01/color/frame-000361.color.png 0.999979 -0.00350032 -0.00541114 0.0300218 0.00354426 0.999961 0.00812822 0.00632986 0.00538248 -0.00814723 0.999952 -0.00918703 0.0 0.0 0.0 1.0
redkitchen/seq-01/color/frame-000361.color.png redkitchen/seq-01/color/frame-000364.color.png 0.999939 0.00268746 0.0107328 0.0127012 -0.00277338 0.999964 0.00799819 0.00323126 -0.010711 -0.00802747 0.99991 0.0080055 0.0 0.0 0.0 1.0
redkitchen/seq-01/color/frame-000364.color.png redkitchen/seq-01/color/frame-000367.color.png 0.999922 -0.0111568 0.00563955 0.0128742 0.0111706 0.999935 -0.00242482 -0.00392215 -0.00561209 0.00248764 0.999981 0.00163608 0.0 0.0 0.0 1.0
redkitchen/seq-01/color/frame-000367.color.png redkitchen/seq-01/color/frame-000370.color.png 0.999916 -0.0102052 0.00792621 0.0309706 0.0100977 0.999858 0.0134885 0.00888108 -0.00806276 -0.0134074 0.999877 0.00372957 0.0 0.0 0.0 1.0
redkitchen/seq-01/color/frame-000370.color.png redkitchen/seq-01/color/frame-000373.color.png 0.999983 -0.000115131 0.00575178 0.0166294 6.26612e-05 0.999958 0.00912015 0.00664619 -0.0057526 -0.00911964 0.999942 0.00621227 0.0 0.0 0.0 1.0
redkitchen/seq-01/color/frame-000373.color.png redkitchen/seq-01/color/frame-000376.color.png 0.999982 -0.0059195 -0.00134009 0.0284536 0.00594105 0.999843 0.0166806 0.00538184 0.00124112 -0.0166882 0.99986 0.00223617 0.0 0.0 0.0 1.0
redkitchen/seq-01/color/frame-000376.color.png redkitchen/seq-01/color/frame-000379.color.png 0.999978 -0.00669737 -0.000283746 0.0209618 0.00670066 0.999879 0.0140291 0.00645143 0.000189736 -0.0140307 0.999901 0.0104937 0.0 0.0 0.0 1.0
redkitchen/seq-01/color/frame-000379.color.png redkitchen/seq-01/color/frame-000382.color.png 0.999959 0.00502839 -0.00750212 0.0252004 -0.00487992 0.999794 0.0196771 0.011053 0.0075996 -0.0196396 0.999778 -0.00197372 0.0 0.0 0.0 1.0
redkitchen/seq-01/color/frame-000382.color.png redkitchen/seq-01/color/frame-000385.color.png 0.999871 0.0154189 0.00448293 0.0263101 -0.015553 0.99938 0.0315759 0.00988416 -0.00399334 -0.0316415 0.999491 0.0135894 0.0 0.0 0.0 1.0
redkitchen/seq-01/color/frame-000385.color.png redkitchen/seq-01/color/frame-000388.color.png 0.99998 0.00633599 -0.000463774 0.0180411 -0.0063352 0.999979 0.00162045 0.00324146 0.000474023 -0.00161747 0.999999 -0.00248782 0.0 0.0 0.0 1.0
redkitchen/seq-01/color/frame-000388.color.png redkitchen/seq-01/color/frame-000391.color.png 0.999967 0.00264974 0.00773414 0.00959992 -0.0026821 0.999988 0.00417279 -0.002845 -0.00772299 -0.00419339 0.999961 0.0148318 0.0 0.0 0.0 1.0
redkitchen/seq-01/color/frame-000391.color.png redkitchen/seq-01/color/frame-000394.color.png 0.999873 0.0127375 0.00958492 0.0227265 -0.0127372 0.999919 -8.87391e-05 0.00909421 -0.00958529 -3.33354e-05 0.999954 0.00917206 0.0 0.0 0.0 1.0
redkitchen/seq-01/color/frame-000394.color.png redkitchen/seq-01/color/frame-000397.color.png 0.999918 -0.00269532 0.0124811 0.0175952 0.00272024 0.999994 -0.00198299 -0.0130066 -0.0124756 0.00201676 0.99992 0.0120873 0.0 0.0 0.0 1.0
redkitchen/seq-01/color/frame-000397.color.png redkitchen/seq-01/color/frame-000400.color.png 0.999955 0.0018661 0.00933887 0.016063 -0.00176077 0.999935 -0.0112728 -0.00100182 -0.00935931 0.0112559 0.999893 0.00294091 0.0 0.0 0.0 1.0
redkitchen/seq-01/color/frame-000400.color.png redkitchen/seq-01/color/frame-000403.color.png 0.999703 0.0182972 0.016065 0.0130997 -0.0183194 0.999831 0.00123605 0.0115985 -0.0160396 -0.00152999 0.99987 0.018919 0.0 0.0 0.0 1.0
redkitchen/seq-01/color/frame-000403.color.png redkitchen/seq-01/color/frame-000406.color.png 0.999923 0.0104504 0.00670659 0.0100937 -0.0105281 0.999877 0.0116534 0.00188763 -0.00658396 -0.0117231 0.99991 0.0100263 0.0 0.0 0.0 1.0
redkitchen/seq-01/color/frame-000406.color.png redkitchen/seq-01/color/frame-000409.color.png 0.999789 0.00301181 0.0203136 0.0138603 -0.00314631 0.999973 0.00659145 -0.0106339 -0.0202932 -0.00665399 0.999772 0.0191022 0.0 0.0 0.0 1.0
redkitchen/seq-01/color/frame-000409.color.png redkitchen/seq-01/color/frame-000412.color.png 0.999794 0.00799614 0.0186342 0.007972 -0.00786155 0.999942 -0.00728392 -0.00264184 -0.0186914 0.00713592 0.9998 0.0157818 0.0 0.0 0.0 1.0
redkitchen/seq-01/color/frame-000412.color.png redkitchen/seq-01/color/frame-000415.color.png 0.999885 0.00910054 0.0121114 0.00653148 -0.00913527 0.999954 0.00281529 0.00237608 -0.0120852 -0.0029256 0.999923 0.0174082 0.0 0.0 0.0 1.0
redkitchen/seq-01/color/frame-000415.color.png redkitchen/seq-01/color/frame-000418.color.png 0.999979 -0.00206641 0.00606062 0.00767183 0.00211987 0.999959 -0.00882882 -0.018803 -0.00604214 0.0088415 0.999943 0.00532404 0.0 0.0 0.0 1.0
redkitchen/seq-01/color/frame-000418.color.png redkitchen/seq-01/color/frame-000421.color.png 0.999941 0.00736429 0.00801502 0.00942957 -0.00732436 0.999961 -0.0049994 -0.00368574 -0.00805156 0.00494039 0.999955 0.0023344 0.0 0.0 0.0 1.0
redkitchen/seq-01/color/frame-000421.color.png redkitchen/seq-01/color/frame-000424.color.png 0.999915 0.00724417 0.0108792 0.00131118 -0.00730384 0.999958 0.00545587 -0.0105987 -0.0108392 -0.00553486 0.999926 0.0143272 0.0 0.0 0.0 1.0
redkitchen/seq-01/color/frame-000424.color.png redkitchen/seq-01/color/frame-000427.color.png 0.999963 -0.00240661 0.00825019 -0.00257862 0.00242291 0.999995 -0.00196565 -0.0219834 -0.00824544 0.00198558 0.999964 0.0139008 0.0 0.0 0.0 1.0
redkitchen/seq-01/color/frame-000427.color.png redkitchen/seq-01/color/frame-000430.color.png 0.999974 0.00258633 -0.00677487 -0.00272679 -0.00262245 0.999982 -0.00532742 -0.01734 0.0067609 0.00534504 0.999963 -0.00214236 0.0 0.0 0.0 1.0
redkitchen/seq-01/color/frame-000430.color.png redkitchen/seq-01/color/frame-000433.color.png 0.999977 -0.00248157 -0.00637399 -0.00617075 0.00239726 0.99991 -0.0132013 -0.0275037 0.00640625 0.0131857 0.999893 -0.00349945 0.0 0.0 0.0 1.0
redkitchen/seq-01/color/frame-000433.color.png redkitchen/seq-01/color/frame-000436.color.png 0.999774 -0.0116659 -0.0177814 0.00161099 0.0112374 0.999649 -0.0240147 -0.0288217 0.0180553 0.0238095 0.999553 -0.0220233 0.0 0.0 0.0 1.0
redkitchen/seq-01/color/frame-000436.color.png redkitchen/seq-01/color/frame-000439.color.png 0.999699 0.023457 -0.00716404 -0.00939476 -0.023447 0.999724 0.00148345 0.00432953 0.00719693 -0.00131502 0.999973 -0.000174254 0.0 0.0 0.0 1.0
redkitchen/seq-01/color/frame-000439.color.png redkitchen/seq-01/color/frame-000442.color.png 0.999561 0.0266537 -0.0129469 -0.0103768 -0.026773 0.9996 -0.00912988 -0.00609121 0.0126983 0.0094725 0.999875 -0.0194602 0.0 0.0 0.0 1.0
redkitchen/seq-01/color/frame-000442.color.png redkitchen/seq-01/color/frame-000445.color.png 0.999464 0.0317117 -0.00812965 -0.015691 -0.0318436 0.999354 -0.0166388 0.0192478 0.00759674 0.0168888 0.999828 -0.00297052 0.0 0.0 0.0 1.0
redkitchen/seq-01/color/frame-000445.color.png redkitchen/seq-01/color/frame-000448.color.png 0.999622 0.0190924 -0.0197601 -0.0223662 -0.0194402 0.999657 -0.0175639 -0.00260714 0.019418 0.0179414 0.999651 -0.0165712 0.0 0.0 0.0 1.0
redkitchen/seq-01/color/frame-000448.color.png redkitchen/seq-01/color/frame-000451.color.png 0.99972 0.0159732 -0.017444 -0.0254394 -0.0161143 0.999838 -0.00797851 -0.0044713 0.0173137 0.00825736 0.999816 -0.0110116 0.0 0.0 0.0 1.0
redkitchen/seq-01/color/frame-000451.color.png redkitchen/seq-01/color/frame-000454.color.png 0.99991 0.00908466 -0.00983115 -0.0153838 -0.00908342 0.999959 0.000169991 -0.00863638 0.00983231 -8.06666e-05 0.999952 -0.0113767 0.0 0.0 0.0 1.0
redkitchen/seq-01/color/frame-000454.color.png redkitchen/seq-01/color/frame-000457.color.png 0.99979 0.0104358 -0.0176119 -0.0297598 -0.0105836 0.999909 -0.00832056 -0.0051849 0.0175234 0.00850521 0.99981 -0.0101997 0.0 0.0 0.0 1.0
redkitchen/seq-01/color/frame-000457.color.png redkitchen/seq-01/color/frame-000460.color.png 0.999717 0.0156517 -0.0179244 -0.03106 -0.0157832 0.999849 -0.00721616 0.000292525 0.0178087 0.00749701 0.999813 -0.0167857 0.0 0.0 0.0 1.0
redkitchen/seq-01/color/frame-000460.color.png redkitchen/seq-01/color/frame-000463.color.png 0.999396 -0.0101186 -0.0332481 -0.045589 0.00939996 0.99972 -0.0217004 -0.0161812 0.0334583 0.0213748 0.999211 -0.0236697 0.0 0.0 0.0 1.0
redkitchen/seq-01/color/frame-000463.color.png redkitchen/seq-01/color/frame-000466.color.png 0.999695 0.0176191 -0.0173012 -0.0507879 -0.0177718 0.999804 -0.00871625 0.0196575 0.0171443 0.00902109 0.999812 -0.00537495 0.0 0.0 0.0 1.0
redkitchen/seq-01/color/frame-000466.color.png redkitchen/seq-01/color/frame-000469.color.png 0.999498 -0.000566024 -0.0316897 -0.0413492 0.000292598 0.999963 -0.0086317 -0.000261337 0.0316934 0.00861809 0.99946 -0.0143695 0.0 0.0 0.0 1.0
redkitchen/seq-01/color/frame-000469.color.png redkitchen/seq-01/color/frame-000472.color.png 0.999315 0.00860206 -0.0359852 -0.0270258 -0.00844147 0.999954 0.00461212 0.0021521 0.0360232 -0.00430519 0.999342 -0.0391258 0.0 0.0 0.0 1.0
redkitchen/seq-01/color/frame-000472.color.png redkitchen/seq-01/color/frame-000475.color.png 0.999464 0.00647493 -0.0320789 -0.0259649 -0.00634719 0.999972 0.00408168 0.00934821 0.0321044 -0.00387589 0.999477 -0.0223565 0.0 0.0 0.0 1.0
redkitchen/seq-01/color/frame-000475.color.png redkitchen/seq-01/color/frame-000478.color.png 0.999541 -0.0036286 -0.0300874 -0.0176994 0.0036959 0.999991 0.00218186 -0.01311 0.0300792 -0.00229207 0.999545 -0.0272584 0.0 0.0 0.0 1.0
redkitchen/seq-01/color/frame-000478.color.png redkitchen/seq-01/color/frame-000481.color.png 0.999864 -0.00946496 -0.0134797 -0.0256012 0.0094908 0.999953 0.00185458 -0.00750406 0.0134615 -0.00198222 0.999907 -0.0170115 0.0 0.0 0.0 1.0
redkitchen/seq-01/color/frame-000481.color.png redkitchen/seq-01/color/frame-000484.color.png 0.999793 -0.0118777 -0.0165392 -0.0109124 0.0120055 0.999898 0.00765361 -0.0110896 0.0164466 -0.00785061 0.999834 -0.00924191 0.0 0.0 0.0 1.0
redkitchen/seq-01/color/frame-000484.color.png redkitchen/seq-01/color/frame-000487.color.png 0.999608 -0.0265089 -0.00895757 -0.0182776 0.02663 0.999552 0.0136872 -0.0281252 0.00859071 -0.0139204 0.999866 -0.00537217 0.0 0.0 0.0 1.0
redkitchen/seq-01/color/frame-000487.color.png redkitchen/seq-01/color/frame-000490.color.png 0.999959 -0.00885123 -0.00178692 -0.0172099 0.00885129 0.999961 2.78536e-05 0.00686781 0.00178661 -4.36444e-05 0.999998 0.00801732 0.0 0.0 0.0 1.0
redkitchen/seq-01/color/frame-000490.color.png redkitchen/seq-01/color/frame-000493.color.png 0.999919 -0.0123554 0.00301297 -0.0173714 0.0123376 0.999907 0.00585714 -0.00270338 -0.00308506 -0.0058195 0.999978 0.00599356 0.0 0.0 0.0 1.0
redkitchen/seq-01/color/frame-000493.color.png redkitchen/seq-01/color/frame-000496.color.png 0.999924 -0.00320008 0.0119449 -0.0144903 0.00308212 0.999946 0.00988109 -0.00800005 -0.0119759 -0.00984351 0.99988 0.0177548 0.0 0.0 0.0 1.0
redkitchen/seq-01/color/frame-000496.color.png redkitchen/seq-01/color/frame-000499.color.png 0.999929 -0.00979428 0.00673188 -0.0189656 0.00971606 0.999886 0.0115559 -0.0116283 -0.0068443 -0.0114897 0.99991 0.0135892 0.0 0.0 0.0 1.0
redkitchen/seq-01/color/frame-000499.color.png redkitchen/seq-01/color/frame-000502.color.png 0.999659 -0.0241804 0.00989669 -0.0222899 0.024085 0.999664 0.00964686 -0.0177632 -0.0101266 -0.0094052 0.999905 0.0158283 0.0 0.0 0.0 1.0
redkitchen/seq-01/color/frame-000502.color.png redkitchen/seq-01/color/frame-000505.color.png 0.999637 -0.0254823 0.00872152 -0.0150764 0.0253765 0.999605 0.0120336 -0.0228705 -0.00902473 -0.011808 0.999889 0.0164566 0.0 0.0 0.0 1.0
redkitchen/seq-01/color/frame-000505.color.png redkitchen/seq-01/color/frame-000508.color.png 0.999488 -0.0299578 0.0112843 -0.0339788 0.0298205 0.999481 0.0121492 -0.0272258 -0.0116424 -0.0118065 0.999863 0.0250843 0.0 0.0 0.0 1.0
