redkitchen/seq-01/color/frame-000001.color.png redkitchen/seq-01/color/frame-000003.color.png 0.999997 0.00238981 -0.000704705 0.001637 -0.002389 0.999997 0.00114496 0.00117418 0.000707439 -0.00114328 0.999999 0.0018077 0.0 0.0 0.0 1.0
redkitchen/seq-01/color/frame-000003.color.png redkitchen/seq-01/color/frame-000005.color.png 0.999995 -0.00299921 0.00107762 -0.00313138 0.00299786 0.999995 0.00125619 -0.00306174 -0.00108138 -0.00125296 0.999999 0.000116143 0.0 0.0 0.0 1.0
redkitchen/seq-01/color/frame-000005.color.png redkitchen/seq-01/color/frame-000007.color.png 0.999994 0.0012627 -0.00331912 0.00110341 -0.00126984 0.999997 -0.00214801 0.00176125 0.0033164 0.00215221 0.999992 -6.76799e-05 0.0 0.0 0.0 1.0
redkitchen/seq-01/color/frame-000007.color.png redkitchen/seq-01/color/frame-000009.color.png 0.999995 0.00300113 0.000552489 -0.00289652 -0.00300176 0.999995 0.0011394 -0.00314246 -0.000549067 -0.00114106 0.999999 0.00195671 0.0 0.0 0.0 1.0
redkitchen/seq-01/color/frame-000009.color.png redkitchen/seq-01/color/frame-000011.color.png 0.999988 0.00297067 -0.00398102 -0.0022524 -0.0029757 0.999995 -0.00125678 -0.00186792 0.00397727 0.00126861 0.999991 0.00108196 0.0 0.0 0.0 1.0
redkitchen/seq-01/color/frame-000011.color.png redkitchen/seq-01/color/frame-000013.color.png 0.999986 0.00499161 -0.00184756 -0.00128983 -0.00499182 0.999988 -0.000107138 -0.00417857 0.001847 0.00011636 0.999998 0.000205482 0.0 0.0 0.0 1.0
redkitchen/seq-01/color/frame-000013.color.png redkitchen/seq-01/color/frame-000015.color.png 0.999994 0.00317586 -0.0015279 -0.00278036 -0.00318124 0.999989 -0.00353264 0.000183222 0.00151667 0.00353747 0.999993 0.000602548 0.0 0.0 0.0 1.0
redkitchen/seq-01/color/frame-000015.color.png redkitchen/seq-01/color/frame-000017.color.png 0.999996 0.00268581 -0.0010817 -0.00264911 -0.00268726 0.999995 -0.00134559 -0.00179234 0.00107808 0.00134849 0.999999 0.00210801 0.0 0.0 0.0 1.0
redkitchen/seq-01/color/frame-000017.color.png redkitchen/seq-01/color/frame-000019.color.png 0.999996 8.76631e-05 -0.00266602 -0.00214133 -9.01651e-05 1.0 -0.000938313 -0.00142686 0.00266594 0.000938551 0.999996 -0.000363846 0.0 0.0 0.0 1.0
redkitchen/seq-01/color/frame-000019.color.png redkitchen/seq-01/color/frame-000021.color.png 0.999995 0.0014591 -0.00265201 -0.00221127 -0.00146108 0.999999 -0.000746623 -0.00219518 0.00265092 0.000750494 0.999996 0.00230152 0.0 0.0 0.0 1.0
redkitchen/seq-01/color/frame-000021.color.png redkitchen/seq-01/color/frame-000023.color.png 0.999985 0.0053794 -0.000779899 -0.00419773 -0.0053775 0.999983 0.00242131 -0.00146987 0.000792911 -0.00241708 0.999997 0.00158552 0.0 0.0 0.0 1.0
redkitchen/seq-01/color/frame-000023.color.png redkitchen/seq-01/color/frame-000025.color.png 0.999996 0.00206713 -0.00215982 -0.00510731 -0.00205951 0.999992 0.00352871 -0.00134533 0.00216709 -0.00352424 0.999991 0.00254607 0.0 0.0 0.0 1.0
redkitchen/seq-01/color/frame-000025.color.png redkitchen/seq-01/color/frame-000027.color.png 0.999991 0.000630375 -0.00425792 -0.00250615 -0.000616354 0.999994 0.0032941 0.0017726 0.00425998 -0.00329144 0.999985 0.00474376 0.0 0.0 0.0 1.0
redkitchen/seq-01/color/frame-000027.color.png redkitchen/seq-01/color/frame-000029.color.png 0.999992 0.000647598 -0.00406168 -0.0046098 -0.000632815 0.999993 0.00363866 -0.00161911 0.004064 -0.00363606 0.999985 0.00423041 0.0 0.0 0.0 1.0
redkitchen/seq-01/color/frame-000029.color.png redkitchen/seq-01/color/frame-000031.color.png 0.999996 0.00231331 -0.00188898 -0.00472056 -0.0023048 0.999987 0.00449359 -0.000789883 0.00189935 -0.00448922 0.999988 0.00133971 0.0 0.0 0.0 1.0
redkitchen/seq-01/color/frame-000031.color.png redkitchen/seq-01/color/frame-000033.color.png 0.99999 0.000202054 -0.00446949 -0.00663625 -0.00018373 0.999992 0.00410012 4.96823e-05 0.00447027 -0.00409926 0.999982 0.00474262 0.0 0.0 0.0 1.0
redkitchen/seq-01/color/frame-000033.color.png redkitchen/seq-01/color/frame-000035.color.png 0.999964 0.00845293 -0.00114971 -8.44002e-05 -0.008444 0.999936 0.00755994 -0.000654837 0.00121354 -0.00754996 0.999971 0.0105627 0.0 0.0 0.0 1.0
redkitchen/seq-01/color/frame-000035.color.png redkitchen/seq-01/color/frame-000037.color.png 0.99993 0.0094254 0.00718857 -0.00854005 -0.00943641 0.999954 0.00149791 0.00034586 -0.00717412 -0.00156565 0.999973 0.00419549 0.0 0.0 0.0 1.0
redkitchen/seq-01/color/frame-000037.color.png redkitchen/seq-01/color/frame-000039.color.png 0.999989 -0.00384137 -0.00253317 -0.00558466 0.00386754 0.999938 0.0104031 -0.00287743 0.00249305 -0.0104128 0.999943 0.0109221 0.0 0.0 0.0 1.0
redkitchen/seq-01/color/frame-000039.color.png redkitchen/seq-01/color/frame-000041.color.png 0.999985 -0.00076117 -0.00549769 -0.0042123 0.000703651 0.999945 -0.0104549 0.00314444 0.00550534 0.0104509 0.99993 0.00754845 0.0 0.0 0.0 1.0
redkitchen/seq-01/color/frame-000041.color.png redkitchen/seq-01/color/frame-000043.color.png 0.999967 0.00686476 0.0043111 -0.00900675 -0.00690648 0.999929 0.00973991 -0.00579692 -0.00424393 -0.00976937 0.999943 0.0109352 0.0 0.0 0.0 1.0
redkitchen/seq-01/color/frame-000043.color.png redkitchen/seq-01/color/frame-000045.color.png 0.999975 0.00654287 0.0028536 -0.0109843 -0.00651303 0.999925 -0.0103394 -0.00205644 -0.00292104 0.0103205 0.999942 0.00454088 0.0 0.0 0.0 1.0
redkitchen/seq-01/color/frame-000045.color.png redkitchen/seq-01/color/frame-000047.color.png 0.999995 0.00331942 0.00011251 -0.0133972 -0.003319 0.999988 -0.0036512 -0.00517037 -0.000124624 0.00365081 0.999993 0.00757743 0.0 0.0 0.0 1.0
redkitchen/seq-01/color/frame-000047.color.png redkitchen/seq-01/color/frame-000049.color.png 0.999992 0.00294724 -0.00261286 -0.0121819 -0.00295176 0.999994 -0.00172768 -0.00249528 0.00260775 0.00173538 0.999995 0.0123796 0.0 0.0 0.0 1.0
redkitchen/seq-01/color/frame-000049.color.png redkitchen/seq-01/color/frame-000051.color.png 0.999996 0.00199632 0.00198912 -0.0162798 -0.00197755 0.999954 -0.00939761 -0.00524845 -0.00200779 0.00939364 0.999954 0.00990981 0.0 0.0 0.0 1.0
redkitchen/seq-01/color/frame-000051.color.png redkitchen/seq-01/color/frame-000053.color.png 0.99999 -0.00281644 -0.00348169 -0.0207597 0.00282488 0.999993 0.00241723 -0.00354211 0.00347485 -0.00242704 0.999991 0.0103656 0.0 0.0 0.0 1.0
redkitchen/seq-01/color/frame-000053.color.png redkitchen/seq-01/color/frame-000055.color.png 0.999992 0.00369147 -0.00147355 -0.0193077 -0.00368704 0.999989 0.0029964 -0.00502998 0.0014846 -0.00299095 0.999994 0.0130497 0.0 0.0 0.0 1.0
redkitchen/seq-01/color/frame-000055.color.png redkitchen/seq-01/color/frame-000057.color.png 0.99998 0.0026086 -0.00579368 -0.018218 -0.00258151 0.999986 0.00468107 -0.00648795 0.00580582 -0.00466602 0.999972 0.0140781 0.0 0.0 0.0 1.0
redkitchen/seq-01/color/frame-000057.color.png redkitchen/seq-01/color/frame-000059.color.png 0.999954 0.00366176 -0.00884697 -0.0157189 -0.00357025 0.99994 0.010335 -0.00821953 0.00888428 -0.010303 0.999908 0.0167952 0.0 0.0 0.0 1.0
redkitchen/seq-01/color/frame-000059.color.png redkitchen/seq-01/color/frame-000061.color.png 0.999961 0.00213334 -0.00858914 -0.0154574 -0.00209479 0.999988 0.00449458 -0.00484071 0.00859865 -0.00447641 0.999953 0.0124457 0.0 0.0 0.0 1.0
redkitchen/seq-01/color/frame-000061.color.png redkitchen/seq-01/color/frame-000063.color.png 0.999966 0.00563427 -0.00601334 -0.0192793 -0.00555451 0.999898 0.0131966 -0.00712774 0.00608707 -0.0131628 0.999895 0.0189253 0.0 0.0 0.0 1.0
redkitchen/seq-01/color/frame-000063.color.png redkitchen/seq-01/color/frame-000065.color.png 0.999956 0.00588907 -0.00728565 -0.0131385 -0.00583125 0.999951 0.00793345 -0.00936531 0.00733202 -0.00789062 0.999942 0.0165754 0.0 0.0 0.0 1.0
redkitchen/seq-01/color/frame-000065.color.png redkitchen/seq-01/color/frame-000067.color.png 0.999965 0.00457016 -0.00699439 -0.0170734 -0.00453011 0.999973 0.00573202 -0.00738623 0.0070204 -0.00570016 0.999959 0.0114027 0.0 0.0 0.0 1.0
redkitchen/seq-01/color/frame-000067.color.png redkitchen/seq-01/color/frame-000069.color.png 0.999939 0.00638733 -0.00898656 -0.0118535 -0.00634089 0.999966 0.00518884 -0.00389934 0.00901939 -0.00513153 0.999946 0.0133565 0.0 0.0 0.0 1.0
redkitchen/seq-01/color/frame-000069.color.png redkitchen/seq-01/color/frame-000071.color.png 0.999947 0.0023149 -0.0100266 -0.014864 -0.00223028 0.999962 0.0084417 -0.0114171 0.0100458 -0.00841888 0.999914 0.0144506 0.0 0.0 0.0 1.0
redkitchen/seq-01/color/frame-000071.color.png redkitchen/seq-01/color/frame-000073.color.png 0.999956 0.00906392 -0.00239018 -0.0102544 -0.00905442 0.999951 0.00394469 -0.00622288 0.00242583 -0.00392287 0.999989 0.00809214 0.0 0.0 0.0 1.0
redkitchen/seq-01/color/frame-000073.color.png redkitchen/seq-01/color/frame-000075.color.png 0.999934 -0.00729091 -0.00888109 -0.00788668 0.00733 0.999964 0.00437805 -0.00387196 0.00884884 -0.00444285 0.999951 0.011943 0.0 0.0 0.0 1.0
redkitchen/seq-01/color/frame-000075.color.png redkitchen/seq-01/color/frame-000077.color.png 0.999944 -0.000758824 -0.0105886 0.000489235 0.000775545 0.999999 0.00157471 -0.0047095 0.0105874 -0.00158285 0.999943 0.0123307 0.0 0.0 0.0 1.0
redkitchen/seq-01/color/frame-000077.color.png redkitchen/seq-01/color/frame-000079.color.png 0.999998 -0.00184741 -0.000793354 -0.0106992 0.00184415 0.99999 -0.00407838 -0.00703837 0.000800893 0.00407692 0.999991 0.0031485 0.0 0.0 0.0 1.0
redkitchen/seq-01/color/frame-000079.color.png redkitchen/seq-01/color/frame-000081.color.png 0.999947 -0.00555696 -0.00867182 -0.000895053 0.00553772 0.999982 -0.00223782 -0.00567203 0.00868408 0.00218969 0.99996 0.00914338 0.0 0.0 0.0 1.0
redkitchen/seq-01/color/frame-000081.color.png redkitchen/seq-01/color/frame-000083.color.png 0.999982 6.68513e-06 -0.00603087 0.000230879 -5.94386e-05 0.999962 -0.00874855 -0.00216844 0.00603057 0.00874874 0.999943 0.00619256 0.0 0.0 0.0 1.0
redkitchen/seq-01/color/frame-000083.color.png redkitchen/seq-01/color/frame-000085.color.png 0.999988 -1.03059e-05 -0.00493684 -0.0019815 -1.48184e-05 0.999987 -0.00509208 -0.00499618 0.00493687 0.00509209 0.999975 0.00319442 0.0 0.0 0.0 1.0
redkitchen/seq-01/color/frame-000085.color.png redkitchen/seq-01/color/frame-000087.color.png 0.999944 -0.00186632 -0.0104021 0.0009875 0.00181896 0.999988 -0.00456028 -0.00240506 0.0104105 0.0045411 0.999936 0.00695506 0.0 0.0 0.0 1.0
redkitchen/seq-01/color/frame-000087.color.png redkitchen/seq-01/color/frame-000089.color.png 0.999959 0.00892737 -0.00132415 -0.00534752 -0.00892847 0.99996 -0.000825765 -0.00944673 0.00131676 0.000837543 0.999999 0.00790721 0.0 0.0 0.0 1.0
redkitchen/seq-01/color/frame-000089.color.png redkitchen/seq-01/color/frame-000091.color.png 0.999977 0.00514871 -0.00453195 -0.00556314 -0.00515815 0.999984 -0.00206865 -0.00889532 0.00452122 0.00209198 0.999988 0.00924522 0.0 0.0 0.0 1.0
redkitchen/seq-01/color/frame-000091.color.png redkitchen/seq-01/color/frame-000093.color.png 0.999948 -0.00159076 -0.0100958 -0.000606269 0.00155653 0.999993 -0.00340152 -0.0032295 0.0101012 0.00338563 0.999943 0.010123 0.0 0.0 0.0 1.0
redkitchen/seq-01/color/frame-000093.color.png redkitchen/seq-01/color/frame-000095.color.png 0.999865 -0.00871477 -0.0139414 -0.00177899 0.00873363 0.999961 0.00129304 -0.00223978 0.0139296 -0.00141462 0.999902 0.0133867 0.0 0.0 0.0 1.0
redkitchen/seq-01/color/frame-000095.color.png redkitchen/seq-01/color/frame-000097.color.png 0.999945 0.00393253 -0.00972585 -0.00188783 -0.00394769 0.999991 -0.00154073 -0.00955538 0.00971971 0.00157904 0.999951 0.0130894 0.0 0.0 0.0 1.0
redkitchen/seq-01/color/frame-000097.color.png redkitchen/seq-01/color/frame-000099.color.png 0.999851 -0.0105293 -0.0136582 -0.00370079 0.0105184 0.999944 -0.000868656 -0.0106357 0.0136666 0.000724868 0.999906 0.0217518 0.0 0.0 0.0 1.0
redkitchen/seq-01/color/frame-000099.color.png redkitchen/seq-01/color/frame-000101.color.png 0.999951 -0.00414295 -0.00903125 -0.00507215 0.00412989 0.99999 -0.00146704 -0.0134187 0.00903716 0.00142967 0.999958 0.0141513 0.0 0.0 0.0 1.0
redkitchen/seq-01/color/frame-000101.color.png redkitchen/seq-01/color/frame-000103.color.png 0.999988 0.000785333 -0.0047339 -0.00180826 -0.000826996 0.999961 -0.00880056 -0.0128548 0.00472683 0.00880437 0.99995 0.0130931 0.0 0.0 0.0 1.0
redkitchen/seq-01/color/frame-000103.color.png redkitchen/seq-01/color/frame-000105.color.png 0.999988 0.000517911 -0.00489018 0.00276381 -0.000552526 0.999975 -0.00708053 -0.00879703 0.00488637 0.00708315 0.999963 0.0185692 0.0 0.0 0.0 1.0
redkitchen/seq-01/color/frame-000105.color.png redkitchen/seq-01/color/frame-000107.color.png 0.999932 -0.000302605 -0.0116876 0.00631595 0.000226038 0.999978 -0.0065525 -0.00695452 0.0116894 0.00654941 0.99991 0.0149818 0.0 0.0 0.0 1.0
redkitchen/seq-01/color/frame-000107.color.png redkitchen/seq-01/color/frame-000109.color.png 0.999968 -0.00586085 -0.00551277 -0.00568551 0.00585151 0.999981 -0.00170487 -0.00976749 0.00552262 0.00167256 0.999983 0.0124278 0.0 0.0 0.0 1.0
redkitchen/seq-01/color/frame-000109.color.png redkitchen/seq-01/color/frame-000111.color.png 0.999896 0.00466117 -0.0136614 0.00571761 -0.00469463 0.999986 -0.00241721 -0.0114245 0.0136499 0.00248109 0.999904 0.0229589 0.0 0.0 0.0 1.0
redkitchen/seq-01/color/frame-000111.color.png redkitchen/seq-01/color/frame-000113.color.png 0.999995 0.00232511 -0.002225 0.00432569 -0.00234084 0.999972 -0.00709847 -0.00985658 0.00220848 0.00710364 0.999972 0.0115514 0.0 0.0 0.0 1.0
redkitchen/seq-01/color/frame-000113.color.png redkitchen/seq-01/color/frame-000115.color.png 0.999891 -0.00781113 -0.0125497 -0.0053817 0.0078305 0.999968 0.00149301 -0.0177656 0.0125377 -0.00159112 0.99992 0.0139723 0.0 0.0 0.0 1.0
redkitchen/seq-01/color/frame-000115.color.png redkitchen/seq-01/color/frame-000117.color.png 0.999885 0.0096503 -0.0116777 0.0140522 -0.00969801 0.999945 -0.00403492 -0.00590649 0.0116381 0.00414772 0.999924 0.0138431 0.0 0.0 0.0 1.0
redkitchen/seq-01/color/frame-000117.color.png redkitchen/seq-01/color/frame-000119.color.png 0.999857 0.0163478 -0.00439993 -0.00132731 -0.0163381 0.999864 0.00221568 -0.02567 0.00443554 -0.00214348 0.999988 0.0115435 0.0 0.0 0.0 1.0
redkitchen/seq-01/color/frame-000119.color.png redkitchen/seq-01/color/frame-000121.color.png 0.999958 0.00476367 -0.00778606 0.0118448 -0.00478058 0.999986 -0.00215486 -0.00583422 0.00777565 0.002192 0.999967 0.00773114 0.0 0.0 0.0 1.0
redkitchen/seq-01/color/frame-000121.color.png redkitchen/seq-01/color/frame-000123.color.png 0.999834 -0.00441527 -0.0176899 0.00896153 0.00450236 0.999978 0.00488609 -0.0107354 0.0176679 -0.00496492 0.999832 0.0108528 0.0 0.0 0.0 1.0
redkitchen/seq-01/color/frame-000123.color.png redkitchen/seq-01/color/frame-000125.color.png 0.999888 0.0146172 -0.00335185 -0.00118452 -0.0146064 0.999888 0.00322275 -0.0274808 0.00339857 -0.00317343 0.999989 0.0133274 0.0 0.0 0.0 1.0
redkitchen/seq-01/color/frame-000125.color.png redkitchen/seq-01/color/frame-000127.color.png 0.999874 0.00611935 -0.0146479 0.0147945 -0.0062068 0.999963 -0.00592943 -0.00790519 0.0146111 0.00601959 0.999875 0.0156267 0.0 0.0 0.0 1.0
redkitchen/seq-01/color/frame-000127.color.png redkitchen/seq-01/color/frame-000129.color.png 0.999989 0.00458013 -0.00104729 -0.00592798 -0.00458466 0.99998 -0.00439116 -0.0164764 0.00102717 0.00439592 0.99999 0.0137914 0.0 0.0 0.0 1.0
redkitchen/seq-01/color/frame-000129.color.png redkitchen/seq-01/color/frame-000131.color.png 0.999938 -0.00724402 -0.00848081 0.00619784 0.00719767 0.999959 -0.00548113 0.000752866 0.00852016 0.00541975 0.999949 0.0155327 0.0 0.0 0.0 1.0
redkitchen/seq-01/color/frame-000131.color.png redkitchen/seq-01/color/frame-000133.color.png 0.999891 0.0147609 0.00080204 0.00268659 -0.0147551 0.999868 -0.0068362 -0.0240873 -0.000902849 0.00682363 0.999976 0.00553355 0.0 0.0 0.0 1.0
redkitchen/seq-01/color/frame-000133.color.png redkitchen/seq-01/color/frame-000135.color.png 0.999999 0.00142584 0.000824807 0.00301152 -0.00142173 0.999987 -0.00498297 -0.00629964 -0.00083188 0.00498178 0.999987 0.0113869 0.0 0.0 0.0 1.0
redkitchen/seq-01/color/frame-000135.color.png redkitchen/seq-01/color/frame-000137.color.png 0.99999 0.00456202 -0.000348621 0.00931296 -0.00456407 0.999971 -0.00611556 -0.0135349 0.000320709 0.00611709 0.999981 0.00703806 0.0 0.0 0.0 1.0
redkitchen/seq-01/color/frame-000137.color.png redkitchen/seq-01/color/frame-000139.color.png 0.999955 -0.00919353 0.00227661 -0.0115485 0.00920248 0.99995 -0.00394615 -0.000871986 -0.00224026 0.00396693 0.99999 0.0177926 0.0 0.0 0.0 1.0
redkitchen/seq-01/color/frame-000139.color.png redkitchen/seq-01/color/frame-000141.color.png 0.999996 0.00269321 0.000412566 0.0169821 -0.00269082 0.99998 -0.00573529 -0.0199406 -0.000428002 0.00573415 0.999983 0.000202537 0.0 0.0 0.0 1.0
redkitchen/seq-01/color/frame-000141.color.png redkitchen/seq-01/color/frame-000143.color.png 0.999918 -0.00768542 0.0102193 -0.00513464 0.00777151 0.999934 -0.00841106 4.38392e-05 -0.010154 0.00848979 0.999913 0.00427496 0.0 0.0 0.0 1.0
redkitchen/seq-01/color/frame-000143.color.png redkitchen/seq-01/color/frame-000145.color.png 0.999934 0.00225622 0.0112489 0.0126655 -0.00219332 0.999982 -0.00559799 -0.020486 -0.0112614 0.00557296 0.999921 0.00411791 0.0 0.0 0.0 1.0
redkitchen/seq-01/color/frame-000145.color.png redkitchen/seq-01/color/frame-000147.color.png 0.999925 -0.00146293 0.0121581 0.00337943 0.00150812 0.999992 -0.00371222 -0.00657821 -0.0121526 0.00373027 0.999919 -0.00456983 0.0 0.0 0.0 1.0
redkitchen/seq-01/color/frame-000147.color.png redkitchen/seq-01/color/frame-000149.color.png 0.999829 -0.00373025 0.0180905 -0.0055573 0.00393236 0.99993 -0.0111482 0.005555 -0.0180477 0.0112175 0.999774 0.00580847 0.0 0.0 0.0 1.0
redkitchen/seq-01/color/frame-000149.color.png redkitchen/seq-01/color/frame-000151.color.png 0.999888 -0.00369567 0.0144821 0.00800386 0.00372371 0.999991 -0.00191116 -0.0107117 -0.0144749 0.00196486 0.999893 -0.00695354 0.0 0.0 0.0 1.0
redkitchen/seq-01/color/frame-000151.color.png redkitchen/seq-01/color/frame-000153.color.png 0.999772 -0.00442284 0.0209012 -0.00683734 0.00458989 0.999958 -0.00795157 -0.000234008 -0.0208652 0.0080457 0.99975 0.000473142 0.0 0.0 0.0 1.0
redkitchen/seq-01/color/frame-000153.color.png redkitchen/seq-01/color/frame-000155.color.png 0.999803 -0.00803184 0.0181437 -0.00844935 0.00809161 0.999962 -0.00322281 0.00194871 -0.0181171 0.00336898 0.99983 -0.00524765 0.0 0.0 0.0 1.0
redkitchen/seq-01/color/frame-000155.color.png redkitchen/seq-01/color/frame-000157.color.png 0.999861 -0.00526054 0.0158154 -0.000118971 0.00528993 0.999984 -0.00181666 0.00291777 -0.0158056 0.00190006 0.999873 -0.0025242 0.0 0.0 0.0 1.0
redkitchen/seq-01/color/frame-000157.color.png redkitchen/seq-01/color/frame-000159.color.png 0.99984 0.00215442 0.0177656 0.00605389 -0.00221377 0.999992 0.00332206 -0.0129394 -0.0177584 -0.00336087 0.999837 -0.0089035 0.0 0.0 0.0 1.0
redkitchen/seq-01/color/frame-000159.color.png redkitchen/seq-01/color/frame-000161.color.png 0.999756 -0.0180978 0.0126883 -0.0195542 0.0181335 0.999832 -0.00270575 0.0112997 -0.0126372 0.00293518 0.999916 0.00112367 0.0 0.0 0.0 1.0
redkitchen/seq-01/color/frame-000161.color.png redkitchen/seq-01/color/frame-000163.color.png 0.999779 -0.000753672 0.0210194 0.0140817 0.000813569 0.999996 -0.00284191 -0.0120754 -0.0210172 0.00285839 0.999775 -0.0136393 0.0 0.0 0.0 1.0
redkitchen/seq-01/color/frame-000163.color.png redkitchen/seq-01/color/frame-000165.color.png 0.999762 -0.0147731 0.0160855 -0.00882947 0.0148706 0.999872 -0.00596229 0.0108797 -0.0159954 0.00620006 0.999853 -0.00234044 0.0 0.0 0.0 1.0
redkitchen/seq-01/color/frame-000165.color.png redkitchen/seq-01/color/frame-000167.color.png 0.999819 -0.00312549 0.0187901 -0.00192773 0.00306349 0.99999 0.00332573 -0.00608599 -0.0188003 -0.00326757 0.999818 -0.00942469 0.0 0.0 0.0 1.0
redkitchen/seq-01/color/frame-000167.color.png redkitchen/seq-01/color/frame-000169.color.png 0.999924 -0.00965634 0.00769601 0.0171092 0.00968559 0.999946 -0.00377172 0.005799 -0.00765915 0.00384598 0.999963 -0.00593632 0.0 0.0 0.0 1.0
redkitchen/seq-01/color/frame-000169.color.png redkitchen/seq-01/color/frame-000171.color.png 0.999777 -0.00576094 0.0203007 -0.00940943 0.00571736 0.999981 0.00220477 -0.0011363 -0.020313 -0.0020882 0.999792 -0.00799602 0.0 0.0 0.0 1.0
redkitchen/seq-01/color/frame-000171.color.png redkitchen/seq-01/color/frame-000173.color.png 0.9998 -0.013988 0.0143077 -0.00391437 0.0140579 0.99989 -0.00480264 0.00080049 -0.014239 0.0050028 0.999886 -0.00375819 0.0 0.0 0.0 1.0
redkitchen/seq-01/color/frame-000173.color.png redkitchen/seq-01/color/frame-000175.color.png 0.999867 -0.00951811 0.0132263 0.00364573 0.0095008 0.999954 0.00137125 -0.00560516 -0.0132388 -0.00124539 0.999912 -0.00845432 0.0 0.0 0.0 1.0
redkitchen/seq-01/color/frame-000175.color.png redkitchen/seq-01/color/frame-000177.color.png 0.999796 -0.0028413 0.0199987 -0.004196 0.00288636 0.999993 -0.00222505 0.00348288 -0.0199923 0.00228232 0.999798 -0.0036779 0.0 0.0 0.0 1.0
redkitchen/seq-01/color/frame-000177.color.png redkitchen/seq-01/color/frame-000179.color.png 0.999712 -0.010919 0.0213907 -0.0202278 0.0109515 0.999939 -0.0014023 0.0114911 -0.0213741 0.00163614 0.99977 -0.00524688 0.0 0.0 0.0 1.0
redkitchen/seq-01/color/frame-000179.color.png redkitchen/seq-01/color/frame-000181.color.png 0.9998 -0.0125998 0.015543 -0.00261109 0.0125136 0.999906 0.00563162 -0.00432611 -0.0156125 -0.00543599 0.999863 -0.00971323 0.0 0.0 0.0 1.0
redkitchen/seq-01/color/frame-000181.color.png redkitchen/seq-01/color/frame-000183.color.png 0.999696 -0.0125165 0.0212575 -0.0133084 0.012603 0.999913 -0.00394074 0.00882888 -0.0212063 0.00420745 0.999766 -0.000464022 0.0 0.0 0.0 1.0
redkitchen/seq-01/color/frame-000183.color.png redkitchen/seq-01/color/frame-000185.color.png 0.999847 -0.0108381 0.0137299 0.00900216 0.0108106 0.999939 0.00207835 0.0042206 -0.0137516 -0.0019296 0.999904 -0.0099104 0.0 0.0 0.0 1.0
redkitchen/seq-01/color/frame-000185.color.png redkitchen/seq-01/color/frame-000187.color.png 0.999657 -0.00989295 0.0242272 -0.0260739 0.00990127 0.999951 -0.000223619 0.00195771 -0.0242238 0.000463407 0.999706 -0.0055739 0.0 0.0 0.0 1.0
redkitchen/seq-01/color/frame-000187.color.png redkitchen/seq-01/color/frame-000189.color.png 0.999802 -0.0186114 0.00701007 0.0173037 0.0186476 0.999813 -0.00514012 0.0242275 -0.00691309 0.00526983 0.999962 0.00947925 0.0 0.0 0.0 1.0
redkitchen/seq-01/color/frame-000189.color.png redkitchen/seq-01/color/frame-000191.color.png 0.999735 -0.0121118 0.0195973 -0.00933763 0.0120373 0.99992 0.00391564 0.00641701 -0.0196431 -0.00367872 0.9998 -0.00937104 0.0 0.0 0.0 1.0
redkitchen/seq-01/color/frame-000191.color.png redkitchen/seq-01/color/frame-000193.color.png 0.999756 -0.0115873 0.0187983 -0.00940968 0.0115471 0.999931 0.00224849 0.00989476 -0.018823 -0.00203088 0.999821 -0.00658661 0.0 0.0 0.0 1.0
redkitchen/seq-01/color/frame-000193.color.png redkitchen/seq-01/color/frame-000195.color.png 0.999752 -0.0144506 0.0169294 -0.00518508 0.01432 0.999867 0.00780644 -0.00219139 -0.0170399 -0.00756207 0.999826 -0.0084897 0.0 0.0 0.0 1.0
redkitchen/seq-01/color/frame-000195.color.png redkitchen/seq-01/color/frame-000197.color.png 0.999723 -0.0153435 0.01782 -0.0166446 0.0151615 0.999832 0.0103045 -0.00747997 -0.0179751 -0.0100315 0.999788 -0.0250132 0.0 0.0 0.0 1.0
redkitchen/seq-01/color/frame-000197.color.png redkitchen/seq-01/color/frame-000199.color.png 0.999819 -0.00843935 0.0170893 0.00244691 0.00843163 0.999964 0.000525087 0.0147963 -0.0170932 -0.000380904 0.999854 -0.00643805 0.0 0.0 0.0 1.0
redkitchen/seq-01/color/frame-000199.color.png redkitchen/seq-01/color/frame-000201.color.png 0.999812 -0.0146929 0.0126799 -0.0018528 0.0147316 0.999887 -0.00295975 0.017729 -0.012635 0.00314598 0.999915 0.00368673 0.0 0.0 0.0 1.0
redkitchen/seq-01/color/frame-000201.color.png redkitchen/seq-01/color/frame-000203.color.png 0.999911 -0.00805799 0.0106217 0.00648631 0.00804066 0.999966 0.00167464 0.00714883 -0.0106349 -0.00158908 0.999942 -0.00958148 0.0 0.0 0.0 1.0
redkitchen/seq-01/color/frame-000203.color.png redkitchen/seq-01/color/frame-000205.color.png 0.999822 -0.0111559 0.0152369 -0.00984462 0.0111788 0.999937 -0.00142221 0.00906298 -0.01522 0.0015923 0.999883 -0.00349027 0.0 0.0 0.0 1.0
redkitchen/seq-01/color/frame-000205.color.png redkitchen/seq-01/color/frame-000207.color.png 0.999905 -0.0118236 0.00707449 0.00192256 0.0118472 0.999924 -0.00330503 0.0150649 -0.00703488 0.00338852 0.99997 -0.00416902 0.0 0.0 0.0 1.0
redkitchen/seq-01/color/frame-000207.color.png redkitchen/seq-01/color/frame-000209.color.png 0.9999 -0.00966655 0.0103023 -0.0071706 0.00960845 0.999938 0.00567368 0.00123969 -0.0103565 -0.00557412 0.999931 -0.01036 0.0 0.0 0.0 1.0
redkitchen/seq-01/color/frame-000209.color.png redkitchen/seq-01/color/frame-000211.color.png 0.999987 -0.00447419 0.00243474 0.0137153 0.0044856 0.999979 -0.00470838 0.0192067 -0.00241366 0.00471924 0.999986 -0.0119113 0.0 0.0 0.0 1.0
redkitchen/seq-01/color/frame-000211.color.png redkitchen/seq-01/color/frame-000213.color.png 0.999922 -0.0115287 0.00471007 0.00204461 0.0115098 0.999926 0.00401452 -0.00604114 -0.004756 -0.00395998 0.999981 -0.0120474 0.0 0.0 0.0 1.0
redkitchen/seq-01/color/frame-000213.color.png redkitchen/seq-01/color/frame-000215.color.png 0.999941 -0.010143 0.00384204 0.00793806 0.0101638 0.999934 -0.00541573 0.0129631 -0.00378678 0.00545445 0.999978 -0.00488687 0.0 0.0 0.0 1.0
redkitchen/seq-01/color/frame-000215.color.png redkitchen/seq-01/color/frame-000217.color.png 0.999927 -0.00813594 0.00893249 -0.00140149 0.00815936 0.999963 -0.00258639 0.015305 -0.00891117 0.00265909 0.999957 -0.00800312 0.0 0.0 0.0 1.0
redkitchen/seq-01/color/frame-000217.color.png redkitchen/seq-01/color/frame-000219.color.png 0.999949 -0.00945984 0.00362211 0.00579077 0.00949466 0.999908 -0.00972555 0.017972 -0.00352974 0.00975945 0.999946 -0.00367981 0.0 0.0 0.0 1.0
redkitchen/seq-01/color/frame-000219.color.png redkitchen/seq-01/color/frame-000221.color.png 0.999912 -0.0131832 0.00144437 0.00151935 0.0131902 0.999901 -0.00501364 0.0205111 -0.00137817 0.00503225 0.999986 -0.00343633 0.0 0.0 0.0 1.0
redkitchen/seq-01/color/frame-000221.color.png redkitchen/seq-01/color/frame-000223.color.png 0.999968 -0.00747258 0.00300177 0.00408692 0.00746032 0.999964 0.00409487 0.00281543 -0.00303229 -0.00407235 0.999987 -0.0164354 0.0 0.0 0.0 1.0
redkitchen/seq-01/color/frame-000223.color.png redkitchen/seq-01/color/frame-000225.color.png 0.999958 -0.00868078 -0.00288913 0.00601686 0.00866597 0.99995 -0.00509374 0.0247585 0.00293322 0.0050685 0.999983 -0.00106463 0.0 0.0 0.0 1.0
redkitchen/seq-01/color/frame-000225.color.png redkitchen/seq-01/color/frame-000227.color.png 0.999964 -0.00849963 0.000708777 0.00328498 0.00850222 0.999957 -0.00375284 0.0172917 -0.00067685 0.00375874 0.999993 -0.0085566 0.0 0.0 0.0 1.0
redkitchen/seq-01/color/frame-000227.color.png redkitchen/seq-01/color/frame-000229.color.png 0.99996 -0.00847745 -0.00269486 0.00069128 0.0084833 0.999962 0.00217195 -0.00366873 0.00267637 -0.00219473 0.999994 0.00128835 0.0 0.0 0.0 1.0
redkitchen/seq-01/color/frame-000229.color.png redkitchen/seq-01/color/frame-000231.color.png 0.999972 -0.00404452 -0.00636128 0.0166373 0.00400963 0.999977 -0.00548698 0.0232857 0.00638327 0.00546134 0.999965 -0.0106564 0.0 0.0 0.0 1.0
redkitchen/seq-01/color/frame-000231.color.png redkitchen/seq-01/color/frame-000233.color.png 0.999934 -0.0112728 -0.00222443 0.00437988 0.0112736 0.999936 0.00031096 0.0119833 0.00222083 -0.000336036 0.999997 -0.0079197 0.0 0.0 0.0 1.0
redkitchen/seq-01/color/frame-000233.color.png redkitchen/seq-01/color/frame-000235.color.png 0.999981 -0.00274666 -0.00561174 0.00958142 0.0027376 0.999995 -0.00161703 0.00439715 0.00561607 0.00160165 0.999983 0.00156122 0.0 0.0 0.0 1.0
redkitchen/seq-01/color/frame-000235.color.png redkitchen/seq-01/color/frame-000237.color.png 0.999995 -0.00302683 -0.000267909 0.0122922 0.00302576 0.999987 -0.00409015 0.0200608 0.000280328 0.00408933 0.999992 -0.00817674 0.0 0.0 0.0 1.0
redkitchen/seq-01/color/frame-000237.color.png redkitchen/seq-01/color/frame-000239.color.png 0.999982 0.000533434 -0.00596833 0.0149001 -0.000556582 0.999992 -0.00386553 0.0107862 0.00596622 0.00386877 0.999975 0.000314206 0.0 0.0 0.0 1.0
redkitchen/seq-01/color/frame-000239.color.png redkitchen/seq-01/color/frame-000241.color.png 1.0 0.000320165 0.000117595 0.00570306 -0.000319781 0.999996 -0.00291336 -0.00221908 -0.000118476 0.0029133 0.999996 -0.00754121 0.0 0.0 0.0 1.0
redkitchen/seq-01/color/frame-000241.color.png redkitchen/seq-01/color/frame-000243.color.png 0.999985 0.00536279 0.000834832 0.00616538 -0.00535256 0.999916 -0.0118174 0.0238132 -0.000898152 0.0118128 0.99993 0.00146985 0.0 0.0 0.0 1.0
redkitchen/seq-01/color/frame-000243.color.png redkitchen/seq-01/color/frame-000245.color.png 0.999989 -0.000117339 -0.00464792 0.0102829 9.73354e-05 0.999991 -0.00430805 0.00746715 0.00464836 0.00430753 0.99998 -0.00360179 0.0 0.0 0.0 1.0
redkitchen/seq-01/color/frame-000245.color.png redkitchen/seq-01/color/frame-000247.color.png 0.999982 0.0055652 0.00225066 0.00990444 -0.00554832 0.999957 -0.00743649 0.0175776 -0.00229196 0.00742387 0.99997 -0.00649899 0.0 0.0 0.0 1.0
redkitchen/seq-01/color/frame-000247.color.png redkitchen/seq-01/color/frame-000249.color.png 0.999952 -0.00167338 -0.00967326 0.0165599 0.00165056 0.999996 -0.00236443 0.00524163 0.00967713 0.00234836 0.99995 -0.0131707 0.0 0.0 0.0 1.0
redkitchen/seq-01/color/frame-000249.color.png redkitchen/seq-01/color/frame-000251.color.png 0.999997 0.00169806 0.00143469 0.00702792 -0.00169831 0.999999 0.000180878 0.00172485 -0.00143439 -0.000183328 0.999999 -0.00584504 0.0 0.0 0.0 1.0
redkitchen/seq-01/color/frame-000251.color.png redkitchen/seq-01/color/frame-000253.color.png 0.999977 0.00480006 0.00480123 0.00659502 -0.00475791 0.99995 -0.00875435 0.0180792 -0.00484303 0.00873129 0.99995 -0.00125226 0.0 0.0 0.0 1.0
redkitchen/seq-01/color/frame-000253.color.png redkitchen/seq-01/color/frame-000255.color.png 0.999996 -0.00239932 0.00117263 0.00387706 0.00240382 0.99999 -0.0038503 0.00587718 -0.00116336 0.0038531 0.999992 -0.000834227 0.0 0.0 0.0 1.0
redkitchen/seq-01/color/frame-000255.color.png redkitchen/seq-01/color/frame-000257.color.png 0.999999 0.0005309 0.00111761 0.0143385 -0.000528546 0.999998 -0.00208391 0.00695193 -0.0011187 0.00208332 0.999997 -0.00827488 0.0 0.0 0.0 1.0
redkitchen/seq-01/color/frame-000257.color.png redkitchen/seq-01/color/frame-000259.color.png 0.999965 0.00596997 0.00582104 0.00387037 -0.00594645 0.999974 -0.00405811 0.00907017 -0.00584511 0.00402336 0.999975 0.00200167 0.0 0.0 0.0 1.0
redkitchen/seq-01/color/frame-000259.color.png redkitchen/seq-01/color/frame-000261.color.png 0.999968 0.00180339 0.00772459 0.00589135 -0.00174337 0.999968 -0.00776694 0.0154188 -0.0077383 0.00775324 0.99994 -0.000380814 0.0 0.0 0.0 1.0
redkitchen/seq-01/color/frame-000261.color.png redkitchen/seq-01/color/frame-000263.color.png 0.999971 -0.007507 0.00148563 0.00257599 0.00751036 0.999969 -0.00227597 0.00349748 -0.00146852 0.00228705 0.999996 -0.00298119 0.0 0.0 0.0 1.0
redkitchen/seq-01/color/frame-000263.color.png redkitchen/seq-01/color/frame-000265.color.png 0.999971 -0.00677514 -0.00336356 0.0121254 0.00675377 0.999957 -0.00631185 0.0202645 0.00340621 0.00628898 0.999974 0.00344503 0.0 0.0 0.0 1.0
redkitchen/seq-01/color/frame-000265.color.png redkitchen/seq-01/color/frame-000267.color.png 0.999999 0.000523872 0.000941334 0.0180734 -0.000527734 0.999991 0.00414856 0.00938621 -0.000939157 -0.00414908 0.999991 0.000299394 0.0 0.0 0.0 1.0
redkitchen/seq-01/color/frame-000267.color.png redkitchen/seq-01/color/frame-000269.color.png 0.999994 0.000919687 0.00324662 -0.000176936 -0.000927995 0.999996 0.00254106 0.0057114 -0.0032443 -0.00254404 0.999991 -0.00152335 0.0 0.0 0.0 1.0
redkitchen/seq-01/color/frame-000269.color.png redkitchen/seq-01/color/frame-000271.color.png 0.999999 -0.000256329 -0.00151898 0.0219711 0.000259368 0.999998 0.00196817 0.0140832 0.00151849 -0.00196856 0.999997 -0.0013327 0.0 0.0 0.0 1.0
redkitchen/seq-01/color/frame-000271.color.png redkitchen/seq-01/color/frame-000273.color.png 0.999971 -0.00521809 0.00559059 -0.000260457 0.00517429 0.999956 0.00781388 0.00334778 -0.00563115 -0.00778471 0.999954 0.00420123 0.0 0.0 0.0 1.0
redkitchen/seq-01/color/frame-000273.color.png redkitchen/seq-01/color/frame-000275.color.png 0.999972 -0.00226425 -0.00710033 0.0253078 0.00225572 0.999997 -0.00120578 0.0179711 0.00710305 0.0011897 0.999974 -0.00160253 0.0 0.0 0.0 1.0
redkitchen/seq-01/color/frame-000275.color.png redkitchen/seq-01/color/frame-000277.color.png 0.999988 0.00437495 0.00235284 0.00955659 -0.00439836 0.99994 0.0100505 -0.00160179 -0.00230877 -0.0100607 0.999947 -0.00356215 0.0 0.0 0.0 1.0
redkitchen/seq-01/color/frame-000277.color.png redkitchen/seq-01/color/frame-000279.color.png 0.999823 0.0176916 0.00637906 0.00806558 -0.0177494 0.999801 0.00912368 0.0162658 -0.00621637 -0.00923528 0.999938 0.00998655 0.0 0.0 0.0 1.0
redkitchen/seq-01/color/frame-000279.color.png redkitchen/seq-01/color/frame-000281.color.png 0.999965 0.00608721 -0.0056453 0.0161326 -0.00604111 0.999949 0.00814408 -0.00575014 0.00569464 -0.0081097 0.999951 -0.00672418 0.0 0.0 0.0 1.0
redkitchen/seq-01/color/frame-000281.color.png redkitchen/seq-01/color/frame-000283.color.png 0.999964 0.00843339 -0.000711302 0.0166175 -0.00843412 0.999964 -0.000940088 0.0155118 0.000703333 0.00094604 0.999999 0.0021162 0.0 0.0 0.0 1.0
redkitchen/seq-01/color/frame-000283.color.png redkitchen/seq-01/color/frame-000285.color.png 0.999954 -0.00240354 -0.00928875 0.0223967 0.00244991 0.999985 0.00498116 0.00413824 0.00927666 -0.00500371 0.999944 -0.00599343 0.0 0.0 0.0 1.0
redkitchen/seq-01/color/frame-000285.color.png redkitchen/seq-01/color/frame-000287.color.png 0.999962 0.0079267 -0.00373567 0.0188668 -0.00793202 0.999968 -0.00142079 0.0110448 0.00372422 0.00145039 0.999992 -0.00391629 0.0 0.0 0.0 1.0
redkitchen/seq-01/color/frame-000287.color.png redkitchen/seq-01/color/frame-000289.color.png 1.0 0.000851469 0.000220052 0.00882766 -0.000852821 0.999981 0.00612989 0.00839098 -0.000214801 -0.00613008 0.999981 0.00832343 0.0 0.0 0.0 1.0
redkitchen/seq-01/color/frame-000289.color.png redkitchen/seq-01/color/frame-000291.color.png 0.999964 0.00445494 -0.00723624 0.0154762 -0.0044677 0.999988 -0.00174909 0.0096544 0.00722829 0.00178135 0.999972 -0.00383517 0.0 0.0 0.0 1.0
redkitchen/seq-01/color/frame-000291.color.png redkitchen/seq-01/color/frame-000293.color.png 0.999922 0.0120954 -0.00306215 0.0190901 -0.0120711 0.999896 0.0078388 0.0147351 0.00315667 -0.0078012 0.999965 0.00166371 0.0 0.0 0.0 1.0
redkitchen/seq-01/color/frame-000293.color.png redkitchen/seq-01/color/frame-000295.color.png 0.999993 0.00311333 -0.00203703 0.00607145 -0.00310782 0.999991 0.00267671 0.00418231 0.00204535 -0.0026704 0.999994 0.00127509 0.0 0.0 0.0 1.0
redkitchen/seq-01/color/frame-000295.color.png redkitchen/seq-01/color/frame-000297.color.png 0.999957 0.00409947 -0.00835898 0.0228864 -0.00405402 0.999977 0.00544579 0.0118747 0.00838115 -0.00541166 0.99995 -0.00376397 0.0 0.0 0.0 1.0
redkitchen/seq-01/color/frame-000297.color.png redkitchen/seq-01/color/frame-000299.color.png 0.999994 0.0031796 -0.00163809 0.00877169 -0.00317381 0.999989 0.00354103 0.0053076 0.00164933 -0.00353581 0.999992 -3.5882e-05 0.0 0.0 0.0 1.0
redkitchen/seq-01/color/frame-000299.color.png redkitchen/seq-01/color/frame-000301.color.png 0.999989 -0.00343217 -0.00307315 0.0167822 0.00345224 0.999973 0.00654123 0.00130539 0.00305064 -0.00655177 0.999974 -0.00102741 0.0 0.0 0.0 1.0
redkitchen/seq-01/color/frame-000301.color.png redkitchen/seq-01/color/frame-000303.color.png 0.999996 -0.0013082 -0.00242807 0.0115059 0.00130056 0.999994 -0.00314031 0.0118485 0.00243211 0.00313716 0.999992 -0.00148046 0.0 0.0 0.0 1.0
redkitchen/seq-01/color/frame-000303.color.png redkitchen/seq-01/color/frame-000305.color.png 0.999967 -0.00775791 0.00238667 0.0194232 0.00773426 0.999922 0.00976729 -0.000841249 -0.00246229 -0.00974853 0.999949 -0.00323832 0.0 0.0 0.0 1.0
redkitchen/seq-01/color/frame-000305.color.png redkitchen/seq-01/color/frame-000307.color.png 0.999967 -0.00733738 0.00350532 0.00393635 0.00733024 0.999971 0.00205077 0.00160737 -0.00352027 -0.00202499 0.999992 0.00236705 0.0 0.0 0.0 1.0
redkitchen/seq-01/color/frame-000307.color.png redkitchen/seq-01/color/frame-000309.color.png 0.999969 -0.00726287 -0.00291682 0.0238388 0.00727956 0.999957 0.00577045 0.0021872 0.00287479 -0.0057915 0.999979 -0.00775507 0.0 0.0 0.0 1.0
redkitchen/seq-01/color/frame-000309.color.png redkitchen/seq-01/color/frame-000311.color.png 0.999988 0.000520312 0.00489716 0.00632408 -0.000538785 0.999992 0.0037899 0.00213058 -0.00489513 -0.0037925 0.999981 -0.00049305 0.0 0.0 0.0 1.0
redkitchen/seq-01/color/frame-000311.color.png redkitchen/seq-01/color/frame-000313.color.png 0.999998 0.000960998 0.00199043 0.00555789 -0.000964925 0.999998 0.00196228 0.0148752 -0.00198855 -0.00196418 0.999996 -0.000997931 0.0 0.0 0.0 1.0
redkitchen/seq-01/color/frame-000313.color.png redkitchen/seq-01/color/frame-000315.color.png 0.999985 -0.00420083 -0.00340085 0.0206773 0.00424398 0.999909 0.0127886 -0.00701523 0.00334681 -0.0128029 0.999912 -0.00727087 0.0 0.0 0.0 1.0
redkitchen/seq-01/color/frame-000315.color.png redkitchen/seq-01/color/frame-000317.color.png 0.999999 -0.000379832 0.00105213 0.00563121 0.000377717 0.999998 0.00204892 0.00778311 -0.00105285 -0.00204852 0.999997 -0.00199765 0.0 0.0 0.0 1.0
redkitchen/seq-01/color/frame-000317.color.png redkitchen/seq-01/color/frame-000319.color.png 0.999973 -0.00240561 -0.00690937 0.020348 0.0024113 0.999997 0.000816005 0.00369799 0.00690734 -0.000832634 0.999976 -0.0132985 0.0 0.0 0.0 1.0
redkitchen/seq-01/color/frame-000319.color.png redkitchen/seq-01/color/frame-000321.color.png 0.999995 0.000429853 -0.00306776 0.010328 -0.000428365 1.0 0.0004853 0.00836266 0.00306798 -0.000483991 0.999995 -0.00861329 0.0 0.0 0.0 1.0
redkitchen/seq-01/color/frame-000321.color.png redkitchen/seq-01/color/frame-000323.color.png 0.999924 0.0106245 -0.00626838 0.02343 -0.0105591 0.99989 0.0103908 0.0091851 0.00637807 -0.0103238 0.999926 -0.0115096 0.0 0.0 0.0 1.0
redkitchen/seq-01/color/frame-000323.color.png redkitchen/seq-01/color/frame-000325.color.png 0.99999 0.00416452 -0.00158073 0.00728267 -0.00416598 0.999991 -0.000926978 0.0112203 0.00157682 0.000933553 0.999998 -0.00565575 0.0 0.0 0.0 1.0
redkitchen/seq-01/color/frame-000325.color.png redkitchen/seq-01/color/frame-000327.color.png 0.999932 0.00415039 -0.0108785 0.0226175 -0.00420671 0.999978 -0.00515837 0.00848258 0.0108569 0.00520378 0.999928 -0.0237486 0.0 0.0 0.0 1.0
redkitchen/seq-01/color/frame-000327.color.png redkitchen/seq-01/color/frame-000329.color.png 0.999961 -0.00026841 -0.00878835 0.00988829 0.000246959 0.999997 -0.00243864 0.00772212 0.00878899 0.00243638 0.999958 -0.0112676 0.0 0.0 0.0 1.0
redkitchen/seq-01/color/frame-000329.color.png redkitchen/seq-01/color/frame-000331.color.png 0.999728 0.0131735 -0.0192285 0.0298767 -0.0131341 0.999911 0.00217374 0.0144377 0.0192555 -0.0019206 0.999813 -0.0253622 0.0 0.0 0.0 1.0
redkitchen/seq-01/color/frame-000331.color.png redkitchen/seq-01/color/frame-000333.color.png 0.999954 0.00863753 -0.00410513 0.00593531 -0.00862733 0.99996 0.00250266 0.00382245 0.00412658 -0.00246713 0.999988 -0.00866997 0.0 0.0 0.0 1.0
redkitchen/seq-01/color/frame-000333.color.png redkitchen/seq-01/color/frame-000335.color.png 0.999591 0.019706 -0.0207166 0.0281019 -0.0198115 0.999792 -0.0049003 0.0206567 0.0206157 0.00530873 0.999773 -0.0310342 0.0 0.0 0.0 1.0
redkitchen/seq-01/color/frame-000335.color.png redkitchen/seq-01/color/frame-000337.color.png 0.999971 0.00716708 -0.00256689 0.00830108 -0.007178 0.999965 -0.00428516 0.012362 0.00253607 0.00430345 0.999987 -0.00389418 0.0 0.0 0.0 1.0
