redkitchen/seq-01/color/frame-000000.color.png redkitchen/seq-01/color/frame-000002.color.png 1.0 0.000583591 -0.00060614 -0.00134922 -0.000583974 1.0 -0.000631924 0.00172286 0.000605771 0.000632278 1.0 0.00115787 0.0 0.0 0.0 1.0
redkitchen/seq-01/color/frame-000002.color.png redkitchen/seq-01/color/frame-000004.color.png 0.999999 0.00108096 0.00104312 0.000727548 -0.00108327 0.999997 0.00221544 -0.00144533 -0.00104072 -0.00221657 0.999997 -0.000360733 0.0 0.0 0.0 1.0
redkitchen/seq-01/color/frame-000004.color.png redkitchen/seq-01/color/frame-000006.color.png 0.999991 -0.00266034 -0.00323403 -0.000652716 0.00265784 0.999996 -0.000775306 -0.00274714 0.00323608 0.000766703 0.999994 0.0011036 0.0 0.0 0.0 1.0
redkitchen/seq-01/color/frame-000006.color.png redkitchen/seq-01/color/frame-000008.color.png 0.999993 0.0037561 8.05274e-05 -0.000731324 -0.00375618 0.999992 0.00104914 -0.000441354 -7.65857e-05 -0.00104943 0.999999 0.0012083 0.0 0.0 0.0 1.0
redkitchen/seq-01/color/frame-000008.color.png redkitchen/seq-01/color/frame-000010.color.png 0.999996 0.00213669 -0.00185686 -0.00461879 -0.00213964 0.999996 -0.0015912 -0.00193448 0.00185345 0.00159517 0.999997 0.00128517 0.0 0.0 0.0 1.0
redkitchen/seq-01/color/frame-000010.color.png redkitchen/seq-01/color/frame-000012.color.png 0.999986 0.00410048 -0.00335781 -0.000573333 -0.00410196 0.999992 -0.000431406 -0.00204414 0.00335602 0.000445173 0.999994 0.000688265 0.0 0.0 0.0 1.0
redkitchen/seq-01/color/frame-000012.color.png redkitchen/seq-01/color/frame-000014.color.png 0.999988 0.00465656 -0.00130963 -0.00191407 -0.00466009 0.999985 -0.00269987 -0.00231644 0.00129704 0.00270594 0.999996 0.00100558 0.0 0.0 0.0 1.0
redkitchen/seq-01/color/frame-000014.color.png redkitchen/seq-01/color/frame-000016.color.png 0.999994 0.00290349 -0.00211382 -0.00203147 -0.00290608 0.999995 -0.00122241 -0.00195445 0.00211026 0.00122854 0.999997 0.000268236 0.0 0.0 0.0 1.0
redkitchen/seq-01/color/frame-000016.color.png redkitchen/seq-01/color/frame-000018.color.png 0.999999 0.000984017 -0.0014133 -0.00219302 -0.000986167 0.999998 -0.00152081 -0.00164194 0.0014118 0.0015222 0.999998 0.00135532 0.0 0.0 0.0 1.0
redkitchen/seq-01/color/frame-000018.color.png redkitchen/seq-01/color/frame-000020.color.png 0.999997 8.19356e-06 -0.00261391 -0.00230184 -9.59365e-06 1.0 -0.000534763 -0.000589778 0.00261391 0.000534786 0.999996 0.00317033 0.0 0.0 0.0 1.0
redkitchen/seq-01/color/frame-000020.color.png redkitchen/seq-01/color/frame-000022.color.png 0.999984 0.00520218 -0.00196468 -0.00340381 -0.00520253 0.999986 -0.000171565 -0.000278595 0.00196376 0.000181784 0.999998 0.000200409 0.0 0.0 0.0 1.0
redkitchen/seq-01/color/frame-000022.color.png redkitchen/seq-01/color/frame-000024.color.png 0.999993 0.00375485 -0.000917707 -0.00467927 -0.00375249 0.99999 0.00256166 -0.0012178 0.000927312 -0.0025582 0.999996 0.000805778 0.0 0.0 0.0 1.0
redkitchen/seq-01/color/frame-000024.color.png redkitchen/seq-01/color/frame-000026.color.png 0.999993 0.00197936 -0.00335334 -0.00468921 -0.00196957 0.999994 0.00292068 0.000278869 0.0033591 -0.00291405 0.99999 0.00353519 0.0 0.0 0.0 1.0
redkitchen/seq-01/color/frame-000026.color.png redkitchen/seq-01/color/frame-000028.color.png 0.99999 -0.000208884 -0.00442116 -0.00224367 0.000232293 0.999986 0.0052965 -0.00220727 0.00442 -0.00529748 0.999976 0.00474441 0.0 0.0 0.0 1.0
redkitchen/seq-01/color/frame-000028.color.png redkitchen/seq-01/color/frame-000030.color.png 0.99999 0.00238938 -0.00379999 -0.00417647 -0.0023787 0.999993 0.00281319 0.000318512 0.00380669 -0.00280412 0.999989 0.00391791 0.0 0.0 0.0 1.0
redkitchen/seq-01/color/frame-000030.color.png redkitchen/seq-01/color/frame-000032.color.png 0.999997 -0.00149106 -0.00172079 -0.0065137 0.00150087 0.999982 0.00571503 -0.00287227 0.00171224 -0.0057176 0.999982 0.00390299 0.0 0.0 0.0 1.0
redkitchen/seq-01/color/frame-000032.color.png redkitchen/seq-01/color/frame-000034.color.png 0.999975 0.00521 -0.00488559 -0.00327358 -0.00518697 0.999976 0.00471443 0.00401071 0.00491002 -0.00468897 0.999977 0.00499377 0.0 0.0 0.0 1.0
redkitchen/seq-01/color/frame-000034.color.png redkitchen/seq-01/color/frame-000036.color.png 0.999919 0.0117722 0.0047934 -0.00353049 -0.0117944 0.99992 0.0046378 -0.0032359 -0.00473842 -0.00469396 0.999978 0.00938071 0.0 0.0 0.0 1.0
redkitchen/seq-01/color/frame-000036.color.png redkitchen/seq-01/color/frame-000038.color.png 0.99999 0.00309007 0.0033379 -0.00829466 -0.00310475 0.999985 0.00439988 0.00399445 -0.00332425 -0.0044102 0.999985 0.00403788 0.0 0.0 0.0 1.0
redkitchen/seq-01/color/frame-000038.color.png redkitchen/seq-01/color/frame-000040.color.png 0.999946 -0.00803178 -0.00654883 -0.00592752 0.00805329 0.999962 0.00326419 -0.0094784 0.00652237 -0.00331676 0.999973 0.0137873 0.0 0.0 0.0 1.0
redkitchen/seq-01/color/frame-000040.color.png redkitchen/seq-01/color/frame-000042.color.png 0.999972 0.00745858 0.00113662 -0.00543231 -0.00745464 0.999966 -0.00343729 0.00922789 -0.00116222 0.00342872 0.999993 0.00435951 0.0 0.0 0.0 1.0
redkitchen/seq-01/color/frame-000042.color.png redkitchen/seq-01/color/frame-000044.color.png 0.999993 0.00318747 0.00198036 -0.00861011 -0.00318503 0.999994 -0.00123449 -0.01029 -0.00198428 0.00122818 0.999997 0.0128905 0.0 0.0 0.0 1.0
redkitchen/seq-01/color/frame-000044.color.png redkitchen/seq-01/color/frame-000046.color.png 0.999969 0.00776464 0.00159398 -0.0110368 -0.00775879 0.999963 -0.00363478 -0.00378113 -0.00162215 0.0036223 0.999992 0.00685683 0.0 0.0 0.0 1.0
redkitchen/seq-01/color/frame-000046.color.png redkitchen/seq-01/color/frame-000048.color.png 0.999998 0.00205706 0.000503181 -0.0181537 -0.00205494 0.999989 -0.00420888 -0.00148378 -0.000511835 0.00420784 0.999991 0.0059427 0.0 0.0 0.0 1.0
redkitchen/seq-01/color/frame-000048.color.png redkitchen/seq-01/color/frame-000050.color.png 0.999993 0.00349791 -0.00116512 -0.0103295 -0.00350185 0.999988 -0.00340124 -0.00724868 0.00115321 0.00340531 0.999994 0.0132035 0.0 0.0 0.0 1.0
redkitchen/seq-01/color/frame-000050.color.png redkitchen/seq-01/color/frame-000052.color.png 1.0 0.000113203 0.000652539 -0.0197918 -0.000107437 0.999961 -0.00882409 0.00394149 -0.000653513 0.00882402 0.999961 0.00934112 0.0 0.0 0.0 1.0
redkitchen/seq-01/color/frame-000052.color.png redkitchen/seq-01/color/frame-000054.color.png 0.999978 -0.00141465 -0.00651668 -0.0154631 0.00144364 0.999989 0.00444782 -0.00841334 0.00651033 -0.00445713 0.999969 0.0146139 0.0 0.0 0.0 1.0
redkitchen/seq-01/color/frame-000054.color.png redkitchen/seq-01/color/frame-000056.color.png 0.999988 0.00494418 0.000598796 -0.0249493 -0.00494861 0.999958 0.0076509 -0.0103647 -0.000560942 -0.00765377 0.999971 0.0124829 0.0 0.0 0.0 1.0
redkitchen/seq-01/color/frame-000056.color.png redkitchen/seq-01/color/frame-000058.color.png 0.999969 0.00277325 -0.00731154 -0.0167146 -0.00274823 0.99999 0.00343036 -0.000231083 0.00732097 -0.00341017 0.999967 0.0151001 0.0 0.0 0.0 1.0
redkitchen/seq-01/color/frame-000058.color.png redkitchen/seq-01/color/frame-000060.color.png 0.99995 0.00298408 -0.00957031 -0.0137461 -0.00288954 0.999947 0.00987867 -0.0119644 0.00959928 -0.00985051 0.999906 0.0165161 0.0 0.0 0.0 1.0
redkitchen/seq-01/color/frame-000060.color.png redkitchen/seq-01/color/frame-000062.color.png 0.999981 0.00547674 -0.00278429 -0.0282867 -0.00545202 0.999946 0.00880144 -0.00570112 0.00283234 -0.00878609 0.999957 0.0104173 0.0 0.0 0.0 1.0
redkitchen/seq-01/color/frame-000062.color.png redkitchen/seq-01/color/frame-000064.color.png 0.999967 0.00392499 -0.00705519 -0.0142695 -0.00383881 0.999918 0.0121911 -0.0109298 0.00710247 -0.0121636 0.999901 0.0182367 0.0 0.0 0.0 1.0
redkitchen/seq-01/color/frame-000064.color.png redkitchen/seq-01/color/frame-000066.color.png 0.999968 0.00523266 -0.00600704 -0.0168703 -0.00518941 0.999961 0.00719186 -0.0097098 0.00604444 -0.00716046 0.999956 0.0113808 0.0 0.0 0.0 1.0
redkitchen/seq-01/color/frame-000066.color.png redkitchen/seq-01/color/frame-000068.color.png 0.999907 0.00621975 -0.012098 -0.00636873 -0.00617301 0.999973 0.00389857 -0.00315738 0.0121219 -0.00382352 0.999919 0.0165691 0.0 0.0 0.0 1.0
redkitchen/seq-01/color/frame-000068.color.png redkitchen/seq-01/color/frame-000070.color.png 0.999979 0.000917062 -0.00638002 -0.0193428 -0.000872542 0.999975 0.00697433 -0.00624648 0.00638628 -0.00696862 0.999955 0.00737619 0.0 0.0 0.0 1.0
redkitchen/seq-01/color/frame-000070.color.png redkitchen/seq-01/color/frame-000072.color.png 0.999917 0.0102416 -0.00786934 -0.00855875 -0.010201 0.999935 0.00518126 -0.00941628 0.00792188 -0.00510057 0.999956 0.0167759 0.0 0.0 0.0 1.0
redkitchen/seq-01/color/frame-000072.color.png redkitchen/seq-01/color/frame-000074.color.png 0.99998 -0.000132079 -0.00636291 -0.00687787 0.000167644 0.999984 0.00558819 -0.00355586 0.00636208 -0.00558914 0.999964 0.00865048 0.0 0.0 0.0 1.0
redkitchen/seq-01/color/frame-000074.color.png redkitchen/seq-01/color/frame-000076.color.png 0.999928 -0.00768746 -0.00926533 -0.00533104 0.00770565 0.999968 0.00192754 -0.00272305 0.0092502 -0.0019988 0.999955 0.0054601 0.0 0.0 0.0 1.0
redkitchen/seq-01/color/frame-000076.color.png redkitchen/seq-01/color/frame-000078.color.png 0.999987 0.00215751 -0.00455702 -0.00782749 -0.00215639 0.999998 0.000252969 -0.0119084 0.00455754 -0.000243118 0.99999 0.018586 0.0 0.0 0.0 1.0
redkitchen/seq-01/color/frame-000078.color.png redkitchen/seq-01/color/frame-000080.color.png 0.999973 -0.00436413 -0.00583716 -0.00360677 0.0043344 0.999978 -0.00509648 0.000317775 0.00585928 0.00507104 0.99997 0.00372115 0.0 0.0 0.0 1.0
redkitchen/seq-01/color/frame-000080.color.png redkitchen/seq-01/color/frame-000082.color.png 0.999987 -0.00011871 -0.0051353 -0.00566235 8.6851e-05 0.999981 -0.00620194 -0.00585508 0.00513596 0.0062014 0.999968 0.00589204 0.0 0.0 0.0 1.0
redkitchen/seq-01/color/frame-000082.color.png redkitchen/seq-01/color/frame-000084.color.png 0.999994 0.000470904 -0.00344878 -0.0025506 -0.000487725 0.999988 -0.00487474 -0.00763797 0.00344643 0.00487639 0.999982 0.00228786 0.0 0.0 0.0 1.0
redkitchen/seq-01/color/frame-000084.color.png redkitchen/seq-01/color/frame-000086.color.png 0.999962 -0.00358013 -0.00795 -0.00334296 0.00354673 0.999985 -0.00421445 -0.00279203 0.00796493 0.00418609 0.99996 0.00494015 0.0 0.0 0.0 1.0
redkitchen/seq-01/color/frame-000086.color.png redkitchen/seq-01/color/frame-000088.color.png 0.999961 0.00741943 -0.00476821 -0.00502998 -0.00742642 0.999971 -0.00144417 -0.0104548 0.00475738 0.00147953 0.999988 0.00847295 0.0 0.0 0.0 1.0
redkitchen/seq-01/color/frame-000088.color.png redkitchen/seq-01/color/frame-000090.color.png 0.999971 0.00720823 -0.00231443 -0.0040915 -0.00721152 0.999973 -0.00142328 -0.00730856 0.00230411 0.00143993 0.999996 0.00789499 0.0 0.0 0.0 1.0
redkitchen/seq-01/color/frame-000090.color.png redkitchen/seq-01/color/frame-000092.color.png 0.999959 0.000178527 -0.00909449 -0.00124404 -0.000215588 0.999992 -0.00407489 -0.00566277 0.00909372 0.00407667 0.99995 0.0114829 0.0 0.0 0.0 1.0
redkitchen/seq-01/color/frame-000092.color.png redkitchen/seq-01/color/frame-000094.color.png 0.999954 -0.00493159 -0.00821146 -0.00573334 0.00493988 0.999987 0.000990248 -0.00501044 0.00820646 -0.00103075 0.999966 0.00979361 0.0 0.0 0.0 1.0
redkitchen/seq-01/color/frame-000094.color.png redkitchen/seq-01/color/frame-000096.color.png 0.999785 -0.00457422 -0.0202393 0.00980222 0.00452876 0.999987 -0.00229189 -0.00196391 0.0202495 0.00219973 0.999793 0.0236955 0.0 0.0 0.0 1.0
redkitchen/seq-01/color/frame-000096.color.png redkitchen/seq-01/color/frame-000098.color.png 0.999972 0.000868442 -0.00741884 -0.00518718 -0.000861106 0.999999 0.000990566 -0.0103558 0.0074197 -0.000984148 0.999972 0.0151936 0.0 0.0 0.0 1.0
redkitchen/seq-01/color/frame-000098.color.png redkitchen/seq-01/color/frame-000100.color.png 0.999819 -0.01206 -0.0147004 -0.000997216 0.0119825 0.999914 -0.00534879 -0.00595576 0.0147637 0.00517167 0.999878 0.0173075 0.0 0.0 0.0 1.0
redkitchen/seq-01/color/frame-000100.color.png redkitchen/seq-01/color/frame-000102.color.png 0.999967 -0.00278604 -0.00771083 -0.00243837 0.00277151 0.999995 -0.00189587 -0.0156885 0.00771604 0.00187443 0.999968 0.0176349 0.0 0.0 0.0 1.0
redkitchen/seq-01/color/frame-000102.color.png redkitchen/seq-01/color/frame-000104.color.png 0.999967 0.00508293 -0.00631828 0.00708783 -0.00515503 0.999921 -0.0114449 -0.0100024 0.0062596 0.0114771 0.999915 0.0100917 0.0 0.0 0.0 1.0
redkitchen/seq-01/color/frame-000104.color.png redkitchen/seq-01/color/frame-000106.color.png 0.999987 -0.00171331 -0.00484881 -0.00611889 0.00170621 0.999998 -0.00146816 -0.0192774 0.0048513 0.00145986 0.999987 0.0138344 0.0 0.0 0.0 1.0
redkitchen/seq-01/color/frame-000106.color.png redkitchen/seq-01/color/frame-000108.color.png 0.999966 -0.000201627 -0.00830477 0.00231656 0.000158929 0.999987 -0.00514171 -0.00670943 0.00830575 0.00514021 0.999952 0.0186421 0.0 0.0 0.0 1.0
redkitchen/seq-01/color/frame-000108.color.png redkitchen/seq-01/color/frame-000110.color.png 0.999883 -0.00653955 -0.0138049 0.0067912 0.00653252 0.999978 -0.000552949 -0.0063587 0.0138082 0.000462708 0.999905 0.0155012 0.0 0.0 0.0 1.0
redkitchen/seq-01/color/frame-000110.color.png redkitchen/seq-01/color/frame-000112.color.png 0.999887 0.0141856 -0.00500877 0.00175291 -0.0142097 0.999888 -0.00481689 -0.0224697 0.0049399 0.00488751 0.999976 0.0159408 0.0 0.0 0.0 1.0
redkitchen/seq-01/color/frame-000112.color.png redkitchen/seq-01/color/frame-000114.color.png 0.999855 -0.0139884 -0.00974418 0.00193775 0.0139508 0.999895 -0.00391236 -0.000865132 0.00979786 0.00377585 0.999945 0.0158563 0.0 0.0 0.0 1.0
redkitchen/seq-01/color/frame-000114.color.png redkitchen/seq-01/color/frame-000116.color.png 0.999851 0.000714247 -0.0172513 0.0107603 -0.00080652 0.999985 -0.00534218 -0.00874808 0.0172472 0.00535529 0.999837 0.0157547 0.0 0.0 0.0 1.0
redkitchen/seq-01/color/frame-000116.color.png redkitchen/seq-01/color/frame-000118.color.png 0.999879 0.0152334 -0.00302433 -0.00233448 -0.0152209 0.999876 0.004104 -0.0204753 0.0030865 -0.00405747 0.999987 0.0137935 0.0 0.0 0.0 1.0
redkitchen/seq-01/color/frame-000118.color.png redkitchen/seq-01/color/frame-000120.color.png 0.999885 0.0142265 -0.00519183 0.00681326 -0.0142505 0.999888 -0.00461729 -0.0154262 0.00512548 0.00469076 0.999976 0.00794613 0.0 0.0 0.0 1.0
redkitchen/seq-01/color/frame-000120.color.png redkitchen/seq-01/color/frame-000122.color.png 0.999864 -0.0091612 -0.0137461 0.0054644 0.00917795 0.999957 0.00115517 0.002828 0.0137349 -0.00128117 0.999905 0.0184896 0.0 0.0 0.0 1.0
redkitchen/seq-01/color/frame-000122.color.png redkitchen/seq-01/color/frame-000124.color.png 0.999893 0.00913441 -0.0114315 0.00784877 -0.00908795 0.99995 0.00410879 -0.0206735 0.0114685 -0.00400446 0.999926 0.00672689 0.0 0.0 0.0 1.0
redkitchen/seq-01/color/frame-000124.color.png redkitchen/seq-01/color/frame-000126.color.png 0.999926 0.0105891 -0.00594372 0.00579709 -0.0106164 0.999933 -0.00458386 -0.0118884 0.00589487 0.00464662 0.999972 0.011052 0.0 0.0 0.0 1.0
redkitchen/seq-01/color/frame-000126.color.png redkitchen/seq-01/color/frame-000128.color.png 0.999947 0.00658435 -0.00788598 -0.000868082 -0.00659269 0.999978 -0.00103393 -0.0188879 0.00787891 0.00108587 0.999968 0.0191997 0.0 0.0 0.0 1.0
redkitchen/seq-01/color/frame-000128.color.png redkitchen/seq-01/color/frame-000130.color.png 0.999988 -0.00168872 -0.00452759 0.00481394 0.00164727 0.999957 -0.00914999 -0.00357836 0.00454287 0.00914243 0.999948 0.0122107 0.0 0.0 0.0 1.0
redkitchen/seq-01/color/frame-000130.color.png redkitchen/seq-01/color/frame-000132.color.png 0.999974 0.0010062 -0.00716983 0.00393689 -0.00101516 0.999999 -0.0012446 -0.0175841 0.00716858 0.00125184 0.999974 0.0111699 0.0 0.0 0.0 1.0
redkitchen/seq-01/color/frame-000132.color.png redkitchen/seq-01/color/frame-000134.color.png 0.999953 0.00851387 0.00464716 0.00220254 -0.00847105 0.999922 -0.00915437 -0.00880957 -0.00472476 0.00911459 0.999947 0.00796232 0.0 0.0 0.0 1.0
redkitchen/seq-01/color/frame-000134.color.png redkitchen/seq-01/color/frame-000136.color.png 0.999997 0.00229667 -0.000370496 0.000730336 -0.00229789 0.999992 -0.00340743 -0.0137529 0.000362663 0.00340828 0.999994 0.00918609 0.0 0.0 0.0 1.0
redkitchen/seq-01/color/frame-000136.color.png redkitchen/seq-01/color/frame-000138.color.png 0.999997 -0.00136283 0.00225967 0.00228077 0.0013794 0.999972 -0.00737168 -0.00064674 -0.00224962 0.00737477 0.99997 0.00973821 0.0 0.0 0.0 1.0
redkitchen/seq-01/color/frame-000138.color.png redkitchen/seq-01/color/frame-000140.color.png 0.999984 -0.00444053 -0.00353159 0.00604555 0.00442174 0.999976 -0.00531452 -0.0115018 0.00355514 0.00529883 0.99998 0.00981194 0.0 0.0 0.0 1.0
redkitchen/seq-01/color/frame-000140.color.png redkitchen/seq-01/color/frame-000142.color.png 0.999958 -0.000812737 0.00917242 0.0025385 0.000908091 0.999946 -0.0103964 -0.00549573 -0.00916347 0.0104042 0.999904 0.00770438 0.0 0.0 0.0 1.0
redkitchen/seq-01/color/frame-000142.color.png redkitchen/seq-01/color/frame-000144.color.png 0.99996 -0.00627002 0.00636365 -0.000196576 0.00630045 0.999969 -0.00476923 -0.00417209 -0.00633362 0.00480913 0.999968 0.00310647 0.0 0.0 0.0 1.0
redkitchen/seq-01/color/frame-000144.color.png redkitchen/seq-01/color/frame-000146.color.png 0.999815 0.000287937 0.0192254 0.00419492 -0.000143736 0.999972 -0.00750311 -0.0137135 -0.019227 0.00749897 0.999787 -0.00179011 0.0 0.0 0.0 1.0
redkitchen/seq-01/color/frame-000146.color.png redkitchen/seq-01/color/frame-000148.color.png 0.99988 0.00307709 0.0152078 -0.00123453 -0.00301928 0.999988 -0.00382189 -0.0138954 -0.0152193 0.00377552 0.999877 -0.00118285 0.0 0.0 0.0 1.0
redkitchen/seq-01/color/frame-000148.color.png redkitchen/seq-01/color/frame-000150.color.png 0.999847 -0.00474348 0.0168643 -0.00155413 0.00483415 0.999974 -0.00534019 -0.0066179 -0.0168385 0.00542089 0.999843 -0.000707209 0.0 0.0 0.0 1.0
redkitchen/seq-01/color/frame-000150.color.png redkitchen/seq-01/color/frame-000152.color.png 0.99985 -0.00440547 0.0167397 0.00603268 0.00444405 0.999988 -0.00226715 -0.00678331 -0.0167295 0.00234121 0.999857 -0.00682068 0.0 0.0 0.0 1.0
redkitchen/seq-01/color/frame-000152.color.png redkitchen/seq-01/color/frame-000154.color.png 0.999835 -0.00822723 0.0162054 -0.00288886 0.00837598 0.999923 -0.00913406 0.00847208 -0.0161289 0.00926828 0.999827 -0.000761867 0.0 0.0 0.0 1.0
redkitchen/seq-01/color/frame-000154.color.png redkitchen/seq-01/color/frame-000156.color.png 0.999887 -0.00739172 0.0131106 0.00701705 0.0074174 0.999971 -0.00191048 0.000282049 -0.0130961 0.00200751 0.999912 -0.00461221 0.0 0.0 0.0 1.0
redkitchen/seq-01/color/frame-000156.color.png redkitchen/seq-01/color/frame-000158.color.png 0.999808 0.00143763 0.0195615 -0.00189218 -0.0014887 0.999996 0.00259648 -0.00916579 -0.0195577 -0.0026251 0.999805 -0.0103725 0.0 0.0 0.0 1.0
redkitchen/seq-01/color/frame-000158.color.png redkitchen/seq-01/color/frame-000160.color.png 0.99971 -0.0127139 0.0204398 -0.0191767 0.012753 0.999917 -0.00178207 0.00898004 -0.0204155 0.00204221 0.999789 -0.00115585 0.0 0.0 0.0 1.0
redkitchen/seq-01/color/frame-000160.color.png redkitchen/seq-01/color/frame-000162.color.png 0.999834 -0.00875993 0.0159728 0.00533637 0.00877364 0.999961 -0.000786914 -0.00872087 -0.0159652 0.000926915 0.999872 -0.00950497 0.0 0.0 0.0 1.0
redkitchen/seq-01/color/frame-000162.color.png redkitchen/seq-01/color/frame-000164.color.png 0.99971 -0.00822079 0.0226541 -0.0174903 0.00841131 0.99993 -0.00833028 0.0101631 -0.022584 0.00851841 0.999709 -0.00343508 0.0 0.0 0.0 1.0
redkitchen/seq-01/color/frame-000164.color.png redkitchen/seq-01/color/frame-000166.color.png 0.999894 -0.00865713 0.0116864 0.00976273 0.0086812 0.99996 -0.00200976 0.00366509 -0.0116685 0.002111 0.99993 -0.00690007 0.0 0.0 0.0 1.0
redkitchen/seq-01/color/frame-000166.color.png redkitchen/seq-01/color/frame-000168.color.png 0.999777 -0.00676756 0.0200094 -0.0143171 0.0067379 0.999976 0.00154984 -0.00293994 -0.0200194 -0.00141468 0.999799 -0.00611883 0.0 0.0 0.0 1.0
redkitchen/seq-01/color/frame-000168.color.png redkitchen/seq-01/color/frame-000170.color.png 0.999902 -0.00468114 0.0131524 0.0137042 0.00466119 0.999988 0.00154758 -0.00446147 -0.0131595 -0.00148612 0.999912 -0.0127802 0.0 0.0 0.0 1.0
redkitchen/seq-01/color/frame-000170.color.png redkitchen/seq-01/color/frame-000172.color.png 0.999873 -0.0136955 0.00815294 0.0136199 0.0137009 0.999906 -0.000610298 -0.000701547 -0.00814382 0.000721944 0.999967 -0.000567734 0.0 0.0 0.0 1.0
redkitchen/seq-01/color/frame-000172.color.png redkitchen/seq-01/color/frame-000174.color.png 0.999835 -0.011729 0.0138521 -0.00559637 0.0118057 0.999915 -0.00546189 0.00897574 -0.0137869 0.00562451 0.999889 -0.00273389 0.0 0.0 0.0 1.0
redkitchen/seq-01/color/frame-000174.color.png redkitchen/seq-01/color/frame-000176.color.png 0.999865 -0.00698806 0.0148764 0.0045225 0.00702992 0.999971 -0.00276365 0.0037598 -0.0148566 0.00286786 0.999886 -0.00394654 0.0 0.0 0.0 1.0
redkitchen/seq-01/color/frame-000176.color.png redkitchen/seq-01/color/frame-000178.color.png 0.999806 -0.00574797 0.0188351 -0.00192787 0.00571394 0.999982 0.00186017 0.000965178 -0.0188455 -0.00175217 0.999821 -0.00984919 0.0 0.0 0.0 1.0
redkitchen/seq-01/color/frame-000178.color.png redkitchen/seq-01/color/frame-000180.color.png 0.999818 -0.0160621 0.0103067 0.0043653 0.0160539 0.999871 0.000877415 0.00627667 -0.0103195 -0.000711783 0.999947 -0.00738782 0.0 0.0 0.0 1.0
redkitchen/seq-01/color/frame-000180.color.png redkitchen/seq-01/color/frame-000182.color.png 0.999718 -0.00867007 0.0221226 -0.0146542 0.0085738 0.999953 0.00444237 -0.00644946 -0.02216 -0.00425146 0.999745 -0.000243485 0.0 0.0 0.0 1.0
redkitchen/seq-01/color/frame-000182.color.png redkitchen/seq-01/color/frame-000184.color.png 0.999707 -0.0119373 0.0210395 -0.0153067 0.0120183 0.999921 -0.00372895 0.0122298 -0.0209933 0.00398072 0.999772 -0.00735998 0.0 0.0 0.0 1.0
redkitchen/seq-01/color/frame-000184.color.png redkitchen/seq-01/color/frame-000186.color.png 0.999687 -0.0124411 0.0217258 -0.0132911 0.0123304 0.99991 0.00522214 -0.00513673 -0.0217888 -0.00495261 0.99975 -0.0069375 0.0 0.0 0.0 1.0
redkitchen/seq-01/color/frame-000186.color.png redkitchen/seq-01/color/frame-000188.color.png 0.99978 -0.0089391 0.0189774 -0.00723809 0.00896536 0.999959 -0.00129937 0.0074901 -0.018965 0.00146922 0.999819 -0.00779125 0.0 0.0 0.0 1.0
redkitchen/seq-01/color/frame-000188.color.png redkitchen/seq-01/color/frame-000190.color.png 0.999846 -0.0116451 0.0131573 0.00534266 0.0116229 0.999931 0.00176544 0.00455868 -0.013177 -0.00161224 0.999912 -0.0115 0.0 0.0 0.0 1.0
redkitchen/seq-01/color/frame-000190.color.png redkitchen/seq-01/color/frame-000192.color.png 0.999731 -0.0128372 0.0193163 -0.0117242 0.0127252 0.999902 0.00590987 0.00227445 -0.0193902 -0.00566248 0.999796 -0.00628266 0.0 0.0 0.0 1.0
redkitchen/seq-01/color/frame-000192.color.png redkitchen/seq-01/color/frame-000194.color.png 0.999752 -0.0113036 0.0191884 -0.00855335 0.0112241 0.999928 0.00424151 0.00557208 -0.0192349 -0.00402508 0.999807 -0.00868285 0.0 0.0 0.0 1.0
redkitchen/seq-01/color/frame-000194.color.png redkitchen/seq-01/color/frame-000196.color.png 0.999712 -0.0205269 0.0124258 -0.00195386 0.0204181 0.999753 0.00881819 -0.00327381 -0.0126038 -0.00856194 0.999884 -0.00137809 0.0 0.0 0.0 1.0
redkitchen/seq-01/color/frame-000196.color.png redkitchen/seq-01/color/frame-000198.color.png 0.999894 -0.00828131 0.0119286 0.00961624 0.00825672 0.999964 0.00210871 0.00902328 -0.0119457 -0.00201 0.999927 -0.0039542 0.0 0.0 0.0 1.0
redkitchen/seq-01/color/frame-000198.color.png redkitchen/seq-01/color/frame-000200.color.png 0.9997 -0.0145562 0.0197201 -0.0139143 0.0144828 0.999888 0.00386348 0.00328335 -0.0197742 -0.00357672 0.999798 -0.015 0.0 0.0 0.0 1.0
redkitchen/seq-01/color/frame-000200.color.png redkitchen/seq-01/color/frame-000202.color.png 0.999823 -0.0115392 0.0148852 -0.0144004 0.0115686 0.999931 -0.00188869 0.0162644 -0.0148623 0.00206056 0.999887 -0.000727147 0.0 0.0 0.0 1.0
redkitchen/seq-01/color/frame-000202.color.png redkitchen/seq-01/color/frame-000204.color.png 0.999899 -0.0101034 0.00993792 0.0154088 0.0100715 0.999944 0.00326019 -0.00192907 -0.00997031 -0.00315978 0.999945 -0.0121022 0.0 0.0 0.0 1.0
redkitchen/seq-01/color/frame-000204.color.png redkitchen/seq-01/color/frame-000206.color.png 0.999835 -0.012476 0.0132137 -0.0168073 0.0125454 0.999908 -0.00518123 0.0235146 -0.0131478 0.00534614 0.999899 -0.00709566 0.0 0.0 0.0 1.0
redkitchen/seq-01/color/frame-000206.color.png redkitchen/seq-01/color/frame-000208.color.png 0.999933 -0.00781698 0.00857599 -0.000167985 0.00780984 0.999969 0.000865702 0.0112375 -0.00858249 -0.000798662 0.999963 -0.00871962 0.0 0.0 0.0 1.0
redkitchen/seq-01/color/frame-000208.color.png redkitchen/seq-01/color/frame-000210.color.png 0.999952 -0.00888933 0.00408919 0.00394151 0.00888986 0.99996 -0.00011163 0.00481451 -0.00408803 0.000147965 0.999992 -0.00817549 0.0 0.0 0.0 1.0
redkitchen/seq-01/color/frame-000210.color.png redkitchen/seq-01/color/frame-000212.color.png 0.999925 -0.00607158 0.0106096 -0.000767939 0.00603244 0.999975 0.00371961 0.00332573 -0.0106319 -0.00365532 0.999937 -0.0102815 0.0 0.0 0.0 1.0
redkitchen/seq-01/color/frame-000212.color.png redkitchen/seq-01/color/frame-000214.color.png 0.999973 -0.00674985 0.00288461 0.00523322 0.00676544 0.999962 -0.0054375 0.015122 -0.00284779 0.00545687 0.999981 -0.00903478 0.0 0.0 0.0 1.0
redkitchen/seq-01/color/frame-000214.color.png redkitchen/seq-01/color/frame-000216.color.png 0.999958 -0.00813925 0.00424904 0.00988937 0.00815652 0.999958 -0.00405169 0.0116318 -0.00421588 0.00408617 0.999983 -0.0115476 0.0 0.0 0.0 1.0
redkitchen/seq-01/color/frame-000216.color.png redkitchen/seq-01/color/frame-000218.color.png 0.999898 -0.0128851 0.0061416 0.00121789 0.0128931 0.999916 -0.00126332 0.00509942 -0.00612483 0.00134239 0.99998 -0.00691834 0.0 0.0 0.0 1.0
redkitchen/seq-01/color/frame-000218.color.png redkitchen/seq-01/color/frame-000220.color.png 0.999927 -0.0111544 0.00467701 0.00155946 0.0112079 0.99987 -0.0115787 0.0283442 -0.00454725 0.0116302 0.999922 -0.00073126 0.0 0.0 0.0 1.0
redkitchen/seq-01/color/frame-000220.color.png redkitchen/seq-01/color/frame-000222.color.png 0.99996 -0.00831505 -0.00316319 0.0121839 0.00831772 0.999965 0.000832145 0.0108079 0.00315614 -0.000858429 0.999995 -0.0151896 0.0 0.0 0.0 1.0
redkitchen/seq-01/color/frame-000222.color.png redkitchen/seq-01/color/frame-000224.color.png 0.999969 -0.00675622 0.003917 -0.00130407 0.00677752 0.999962 -0.00544545 0.0198401 -0.00388004 0.00547186 0.999977 -0.0013189 0.0 0.0 0.0 1.0
redkitchen/seq-01/color/frame-000224.color.png redkitchen/seq-01/color/frame-000226.color.png 0.999904 -0.0122272 -0.00654868 0.0147087 0.0122593 0.999913 0.00488332 0.00173029 0.00648837 -0.00496314 0.999967 -0.00957388 0.0 0.0 0.0 1.0
redkitchen/seq-01/color/frame-000226.color.png redkitchen/seq-01/color/frame-000228.color.png 0.999994 -0.00110989 0.00339339 -0.0020455 0.00112608 0.999988 -0.00477221 0.0170227 -0.00338805 0.004776 0.999983 -0.00272238 0.0 0.0 0.0 1.0
redkitchen/seq-01/color/frame-000228.color.png redkitchen/seq-01/color/frame-000230.color.png 0.999881 -0.0114518 -0.0103615 0.0147413 0.0113749 0.999907 -0.00745877 0.0197489 0.010446 0.00734003 0.999919 -0.00198269 0.0 0.0 0.0 1.0
redkitchen/seq-01/color/frame-000230.color.png redkitchen/seq-01/color/frame-000232.color.png 0.999972 -0.00703139 0.00268783 0.00158758 0.00702163 0.999969 0.00362225 0.00810635 -0.0027132 -0.00360328 0.99999 -0.00899097 0.0 0.0 0.0 1.0
redkitchen/seq-01/color/frame-000232.color.png redkitchen/seq-01/color/frame-000234.color.png 0.999986 -0.00467111 -0.0025426 0.00445918 0.0046638 0.999985 -0.00286941 0.0125656 0.00255594 0.00285751 0.999993 0.00190076 0.0 0.0 0.0 1.0
redkitchen/seq-01/color/frame-000234.color.png redkitchen/seq-01/color/frame-000236.color.png 0.999938 -0.00539685 -0.00972573 0.0207531 0.0053419 0.99997 -0.00567136 0.0150849 0.00975607 0.00561904 0.999937 -0.00769019 0.0 0.0 0.0 1.0
redkitchen/seq-01/color/frame-000236.color.png redkitchen/seq-01/color/frame-000238.color.png 0.999989 -0.00476721 0.000272668 0.00430928 0.00476661 0.999987 0.00206614 0.0031262 -0.00028257 -0.00206481 0.999998 -0.0127337 0.0 0.0 0.0 1.0
redkitchen/seq-01/color/frame-000238.color.png redkitchen/seq-01/color/frame-000240.color.png 0.999988 0.000609395 -0.0048115 0.0128724 -0.000617424 0.999998 -0.00166292 0.00654167 0.00481056 0.00166586 0.999987 -0.00132793 0.0 0.0 0.0 1.0
redkitchen/seq-01/color/frame-000240.color.png redkitchen/seq-01/color/frame-000242.color.png 0.999978 0.0060983 0.00259649 0.00697819 -0.00606082 0.999881 -0.0142093 0.0204979 -0.0026829 0.0141932 0.999896 -0.00232548 0.0 0.0 0.0 1.0
redkitchen/seq-01/color/frame-000242.color.png redkitchen/seq-01/color/frame-000244.color.png 0.999986 -0.0021099 -0.004957 0.0098168 0.00208883 0.999989 -0.00425176 0.00765525 0.00496587 0.00424134 0.999979 -0.0122188 0.0 0.0 0.0 1.0
redkitchen/seq-01/color/frame-000244.color.png redkitchen/seq-01/color/frame-000246.color.png 0.999988 0.00402453 -0.00269546 0.0129965 -0.00403462 0.999985 -0.00374794 0.00781539 0.00268035 0.00375878 0.999989 -0.00416738 0.0 0.0 0.0 1.0
redkitchen/seq-01/color/frame-000246.color.png redkitchen/seq-01/color/frame-000248.color.png 0.999982 0.00328073 0.0050956 -0.00438663 -0.00324958 0.999976 -0.00611611 0.0168351 -0.00511551 0.00609944 0.999968 -0.00137055 0.0 0.0 0.0 1.0
redkitchen/seq-01/color/frame-000248.color.png redkitchen/seq-01/color/frame-000250.color.png 0.999976 0.000964992 -0.00691406 0.0167187 -0.000993871 0.999991 -0.00417068 0.00772402 0.00691001 0.00417745 0.999967 0.00163707 0.0 0.0 0.0 1.0
redkitchen/seq-01/color/frame-000250.color.png redkitchen/seq-01/color/frame-000252.color.png 0.999959 0.00763798 0.0049033 0.00853005 -0.00760991 0.999955 -0.00571943 0.0149195 -0.0049468 0.00568189 0.999972 -0.00752911 0.0 0.0 0.0 1.0
redkitchen/seq-01/color/frame-000252.color.png redkitchen/seq-01/color/frame-000254.color.png 0.999997 -0.00184881 0.00148183 0.00201884 0.00184979 0.999998 -0.00063613 0.000997111 -0.00148067 0.000638857 0.999999 -0.00775948 0.0 0.0 0.0 1.0
redkitchen/seq-01/color/frame-000254.color.png redkitchen/seq-01/color/frame-000256.color.png 0.999994 -0.00287993 0.00208619 0.00991194 0.00289596 0.999966 -0.0076975 0.0156675 -0.00206404 0.0077035 0.999968 -0.000307024 0.0 0.0 0.0 1.0
redkitchen/seq-01/color/frame-000256.color.png redkitchen/seq-01/color/frame-000258.color.png 1.0 9.28192e-06 0.00064497 0.00746618 -9.26305e-06 1.0 -7.68207e-05 0.00256689 -0.000644943 7.68122e-05 1.0 -0.00731468 0.0 0.0 0.0 1.0
redkitchen/seq-01/color/frame-000258.color.png redkitchen/seq-01/color/frame-000260.color.png 0.999892 0.0087302 0.0118111 0.00449714 -0.0086292 0.999926 -0.00857795 0.0176421 -0.011885 0.00847509 0.999894 0.00534359 0.0 0.0 0.0 1.0
redkitchen/seq-01/color/frame-000260.color.png redkitchen/seq-01/color/frame-000262.color.png 0.999999 -0.00016544 0.00146758 0.0083649 0.000169289 0.999996 -0.00262196 0.00394386 -0.00146714 0.00262223 0.999995 -0.000932008 0.0 0.0 0.0 1.0
redkitchen/seq-01/color/frame-000262.color.png redkitchen/seq-01/color/frame-000264.color.png 0.999942 -0.0107031 0.00105597 0.00526491 0.0107108 0.999914 -0.00757884 0.0153156 -0.000974805 0.00758968 0.999971 8.7738e-05 0.0 0.0 0.0 1.0
redkitchen/seq-01/color/frame-000264.color.png redkitchen/seq-01/color/frame-000266.color.png 0.999989 -0.00295329 -0.00355796 0.0176641 0.00296438 0.999991 0.00310293 0.00981782 0.00354884 -0.00311347 0.999989 -0.00529376 0.0 0.0 0.0 1.0
redkitchen/seq-01/color/frame-000266.color.png redkitchen/seq-01/color/frame-000268.color.png 0.999999 0.000419379 0.00143736 0.00971788 -0.000420765 1.0 0.000921951 0.00685935 -0.00143702 -0.000922523 0.999998 0.000956774 0.0 0.0 0.0 1.0
redkitchen/seq-01/color/frame-000268.color.png redkitchen/seq-01/color/frame-000270.color.png 0.999999 0.00125429 0.000339028 0.0121519 -0.00125574 0.999989 0.0044774 0.00984697 -0.00033343 -0.00447785 0.99999 -0.00136274 0.0 0.0 0.0 1.0
redkitchen/seq-01/color/frame-000270.color.png redkitchen/seq-01/color/frame-000272.color.png 0.999981 -0.00491164 0.00379869 0.0161244 0.00489535 0.999979 0.00427513 0.0203072 -0.00381963 -0.0042564 0.999983 0.00481081 0.0 0.0 0.0 1.0
redkitchen/seq-01/color/frame-000272.color.png redkitchen/seq-01/color/frame-000274.color.png 0.999986 -0.00271537 -0.00444825 0.0102216 0.00271973 0.999996 0.000971481 0.00074511 0.00444562 -0.000983591 0.99999 -0.00151777 0.0 0.0 0.0 1.0
redkitchen/seq-01/color/frame-000274.color.png redkitchen/seq-01/color/frame-000276.color.png 0.999984 0.00555031 0.000745479 0.0234179 -0.00555582 0.999955 0.00765734 0.0161572 -0.000702953 -0.00766138 0.99997 -0.000523627 0.0 0.0 0.0 1.0
redkitchen/seq-01/color/frame-000276.color.png redkitchen/seq-01/color/frame-000278.color.png 0.999938 0.0104595 0.00384989 0.00649384 -0.0104685 0.999943 0.00230198 0.0112534 -0.0038256 -0.00234212 0.99999 0.00467131 0.0 0.0 0.0 1.0
redkitchen/seq-01/color/frame-000278.color.png redkitchen/seq-01/color/frame-000280.color.png 0.999914 0.0126362 -0.00356564 0.0188008 -0.0125892 0.999837 0.0129044 0.00521961 0.00372813 -0.0128584 0.99991 -0.00108695 0.0 0.0 0.0 1.0
redkitchen/seq-01/color/frame-000280.color.png redkitchen/seq-01/color/frame-000282.color.png 0.999984 0.00555271 -0.000508218 0.011502 -0.00555352 0.999983 -0.00162842 0.0102098 0.000499182 0.00163123 0.999999 0.00292325 0.0 0.0 0.0 1.0
redkitchen/seq-01/color/frame-000282.color.png redkitchen/seq-01/color/frame-000284.color.png 0.999978 0.00502967 -0.00433846 0.016095 -0.00502757 0.999987 0.00050449 0.0154196 0.00434094 -0.000482661 0.999991 0.00278521 0.0 0.0 0.0 1.0
redkitchen/seq-01/color/frame-000284.color.png redkitchen/seq-01/color/frame-000286.color.png 0.999976 -0.00332545 -0.00603179 0.0146938 0.00335169 0.999985 0.00434305 -0.00410796 0.00601724 -0.00436318 0.999972 -0.00637716 0.0 0.0 0.0 1.0
redkitchen/seq-01/color/frame-000286.color.png redkitchen/seq-01/color/frame-000288.color.png 0.999931 0.0112895 0.00310107 0.0171613 -0.0112841 0.999935 -0.00175407 0.0252768 -0.00312066 0.00171899 0.999994 0.0106198 0.0 0.0 0.0 1.0
redkitchen/seq-01/color/frame-000288.color.png redkitchen/seq-01/color/frame-000290.color.png 0.99998 -0.00121184 -0.0062624 0.00977287 0.00124531 0.999985 0.00533996 -0.00387596 0.00625579 -0.00534765 0.999966 -0.00149694 0.0 0.0 0.0 1.0
redkitchen/seq-01/color/frame-000290.color.png redkitchen/seq-01/color/frame-000292.color.png 0.999894 0.0115079 -0.00895645 0.0273172 -0.0115148 0.999933 -0.000724433 0.0229861 0.00894749 0.000827492 0.99996 -0.00127333 0.0 0.0 0.0 1.0
redkitchen/seq-01/color/frame-000292.color.png redkitchen/seq-01/color/frame-000294.color.png 0.999986 0.00527247 -0.000759307 0.00747272 -0.00526756 0.999966 0.00633945 0.002773 0.000792745 -0.00633535 0.99998 0.00147149 0.0 0.0 0.0 1.0
redkitchen/seq-01/color/frame-000294.color.png redkitchen/seq-01/color/frame-000296.color.png 0.999952 0.00390646 -0.00897436 0.0191544 -0.00388011 0.999988 0.00295327 0.0130453 0.00898577 -0.00291828 0.999955 -0.00288486 0.0 0.0 0.0 1.0
redkitchen/seq-01/color/frame-000296.color.png redkitchen/seq-01/color/frame-000298.color.png 0.99999 0.00193269 -0.00410923 0.0137561 -0.00190085 0.999968 0.00774004 -0.00369362 0.00412407 -0.00773216 0.999962 -0.00809741 0.0 0.0 0.0 1.0
redkitchen/seq-01/color/frame-000298.color.png redkitchen/seq-01/color/frame-000300.color.png 0.99999 0.00218111 -0.00396079 0.0186231 -0.00215006 0.999967 0.00782856 0.00743787 0.00397773 -0.00781997 0.999961 -7.81119e-05 0.0 0.0 0.0 1.0
redkitchen/seq-01/color/frame-000300.color.png redkitchen/seq-01/color/frame-000302.color.png 0.999996 -0.00274781 -0.00112176 0.00741145 0.00274988 0.999995 0.00181923 -0.000885593 0.00111678 -0.00182231 0.999998 -0.000240892 0.0 0.0 0.0 1.0
redkitchen/seq-01/color/frame-000302.color.png redkitchen/seq-01/color/frame-000304.color.png 0.999986 -0.0053069 -0.00055564 0.0191683 0.00530992 0.99997 0.00555294 0.00796881 0.000526158 -0.00555582 0.999984 -0.00154158 0.0 0.0 0.0 1.0
redkitchen/seq-01/color/frame-000304.color.png redkitchen/seq-01/color/frame-000306.color.png 0.999993 -0.0028203 0.00233215 0.00927311 0.00281953 0.999996 0.000338353 0.00420234 -0.00233311 -0.000331764 0.999997 0.0020923 0.0 0.0 0.0 1.0
redkitchen/seq-01/color/frame-000306.color.png redkitchen/seq-01/color/frame-000308.color.png 0.999915 -0.0129859 -0.0010763 0.0180637 0.0129927 0.999894 0.00662586 -0.0014963 0.000990151 -0.00663929 0.999978 -0.00547716 0.0 0.0 0.0 1.0
redkitchen/seq-01/color/frame-000308.color.png redkitchen/seq-01/color/frame-000310.color.png 0.999999 -0.000878797 0.000639929 0.0120348 0.000877172 0.999996 0.00253803 0.00349757 -0.000642158 -0.00253748 0.999997 -0.00199658 0.0 0.0 0.0 1.0
redkitchen/seq-01/color/frame-000310.color.png redkitchen/seq-01/color/frame-000312.color.png 0.999974 0.00152668 0.00699686 0.0105363 -0.00156485 0.999984 0.00545206 0.0186022 -0.00698843 -0.00546287 0.999961 -0.00142792 0.0 0.0 0.0 1.0
redkitchen/seq-01/color/frame-000312.color.png redkitchen/seq-01/color/frame-000314.color.png 0.999983 -0.00528755 -0.0026227 0.0115294 0.00532699 0.999869 0.0152715 -0.0156641 0.0025416 -0.0152852 0.99988 -0.00401357 0.0 0.0 0.0 1.0
redkitchen/seq-01/color/frame-000314.color.png redkitchen/seq-01/color/frame-000316.color.png 1.0 0.000213024 0.000101587 0.0157886 -0.000212915 1.0 -0.00091736 0.0165243 -0.000101786 0.00091734 1.0 -0.00519404 0.0 0.0 0.0 1.0
redkitchen/seq-01/color/frame-000316.color.png redkitchen/seq-01/color/frame-000318.color.png 0.99998 -0.00445068 -0.00454701 0.0107821 0.00448236 0.999966 0.00697675 -0.00897965 0.00451583 -0.006997 0.999965 -0.0122651 0.0 0.0 0.0 1.0
redkitchen/seq-01/color/frame-000318.color.png redkitchen/seq-01/color/frame-000320.color.png 0.99999 -0.000953547 -0.00445377 0.0124936 0.00092806 0.999983 -0.00571665 0.010322 0.00445915 0.00571245 0.999974 -0.0080061 0.0 0.0 0.0 1.0
redkitchen/seq-01/color/frame-000320.color.png redkitchen/seq-01/color/frame-000322.color.png 0.999958 0.00513922 -0.00759372 0.0231642 -0.00508258 0.999959 0.00745576 0.014014 0.00763174 -0.00741685 0.999943 -0.0162944 0.0 0.0 0.0 1.0
redkitchen/seq-01/color/frame-000322.color.png redkitchen/seq-01/color/frame-000324.color.png 0.999977 0.00645213 -0.00200555 0.0114444 -0.00644873 0.999978 0.00172077 0.00747573 0.0020166 -0.00170778 0.999996 -0.00351407 0.0 0.0 0.0 1.0
redkitchen/seq-01/color/frame-000324.color.png redkitchen/seq-01/color/frame-000326.color.png 0.999936 0.00888433 -0.00704123 0.019498 -0.00885093 0.99995 0.00475916 0.00642288 0.0070832 -0.00469654 0.999964 -0.0182255 0.0 0.0 0.0 1.0
redkitchen/seq-01/color/frame-000326.color.png redkitchen/seq-01/color/frame-000328.color.png 0.999988 0.00108473 -0.00472913 0.00915504 -0.00112979 0.999954 -0.00953697 0.011525 0.00471854 0.0095422 0.999943 -0.00998324 0.0 0.0 0.0 1.0
redkitchen/seq-01/color/frame-000328.color.png redkitchen/seq-01/color/frame-000330.color.png 0.99978 0.00272982 -0.0207884 0.0263755 -0.00271779 0.999996 0.000607435 0.00991093 0.02079 -0.000550796 0.999784 -0.0254757 0.0 0.0 0.0 1.0
redkitchen/seq-01/color/frame-000330.color.png redkitchen/seq-01/color/frame-000332.color.png 0.999766 0.0178246 -0.0122723 0.0210277 -0.0178182 0.999841 0.000627415 0.0174289 0.0122816 -0.000408603 0.999924 -0.0213162 0.0 0.0 0.0 1.0
redkitchen/seq-01/color/frame-000332.color.png redkitchen/seq-01/color/frame-000334.color.png 0.999886 0.00965775 -0.0116254 0.0124899 -0.00968987 0.999949 -0.00270845 0.00876253 0.0115986 0.00282079 0.999929 -0.0140258 0.0 0.0 0.0 1.0
redkitchen/seq-01/color/frame-000334.color.png redkitchen/seq-01/color/frame-000336.color.png 0.999792 0.0167658 -0.011615 0.0249803 -0.0168336 0.999842 -0.00576516 0.0235278 0.0115165 0.00595948 0.999916 -0.0214345 0.0 0.0 0.0 1.0
