redkitchen/seq-01/color/frame-000002.color.png redkitchen/seq-01/color/frame-000005.color.png 1.0 -0.000962978 0.000140205 -0.000301756 0.000962695 0.999997 0.00200099 -0.00276371 -0.000142131 -0.00200085 0.999998 0.00222208 0.0 0.0 0.0 1.0
redkitchen/seq-01/color/frame-000005.color.png redkitchen/seq-01/color/frame-000008.color.png 0.999992 0.00339862 -0.00186138 -0.00085363 -0.00339923 0.999994 -0.000321873 -0.00059018 0.00186027 0.000328198 0.999998 0.00121457 0.0 0.0 0.0 1.0
redkitchen/seq-01/color/frame-000008.color.png redkitchen/seq-01/color/frame-000011.color.png 0.999985 0.00372044 -0.00412306 -0.00469891 -0.00372652 0.999992 -0.00146913 -0.00354521 0.00411756 0.00148447 0.999991 0.000740542 0.0 0.0 0.0 1.0
redkitchen/seq-01/color/frame-000011.color.png redkitchen/seq-01/color/frame-000014.color.png 0.999972 0.00719292 -0.00214565 -0.00283836 -0.00719894 0.99997 -0.00280877 -0.00365505 0.00212539 0.00282414 0.999994 0.00131464 0.0 0.0 0.0 1.0
redkitchen/seq-01/color/frame-000014.color.png redkitchen/seq-01/color/frame-000017.color.png 0.999991 0.00339567 -0.00232856 -0.00380957 -0.00340136 0.999991 -0.00244524 -0.00185558 0.00232024 0.00245313 0.999994 0.00180291 0.0 0.0 0.0 1.0
redkitchen/seq-01/color/frame-000017.color.png redkitchen/seq-01/color/frame-000020.color.png 0.999994 0.000510846 -0.00328761 -0.00380133 -0.000512891 1.0 -0.000620578 -0.00294403 0.00328729 0.000622261 0.999994 0.00248731 0.0 0.0 0.0 1.0
redkitchen/seq-01/color/frame-000020.color.png redkitchen/seq-01/color/frame-000023.color.png 0.99997 0.00713174 -0.00309853 -0.00410025 -0.00712881 0.999974 0.000955844 -0.00108613 0.00310527 -0.000933725 0.999995 0.00257582 0.0 0.0 0.0 1.0
redkitchen/seq-01/color/frame-000023.color.png redkitchen/seq-01/color/frame-000026.color.png 0.999984 0.00325382 -0.00456309 -0.00609849 -0.00323723 0.999988 0.00363714 0.0014389 0.00457486 -0.00362231 0.999983 0.00428988 0.0 0.0 0.0 1.0
redkitchen/seq-01/color/frame-000026.color.png redkitchen/seq-01/color/frame-000029.color.png 0.999984 0.000285726 -0.00571695 -0.00626406 -0.000243973 0.999973 0.00730215 -0.00329425 0.00571888 -0.00730064 0.999957 0.0062342 0.0 0.0 0.0 1.0
redkitchen/seq-01/color/frame-000029.color.png redkitchen/seq-01/color/frame-000032.color.png 0.999993 0.00154803 -0.00353751 -0.00846088 -0.00152267 0.999973 0.00716034 -0.00251449 0.00354851 -0.0071549 0.999968 0.00483508 0.0 0.0 0.0 1.0
redkitchen/seq-01/color/frame-000032.color.png redkitchen/seq-01/color/frame-000035.color.png 0.999945 0.00956067 -0.00432214 -0.0026866 -0.00952043 0.999912 0.00923793 0.000802381 0.00441008 -0.00919627 0.999948 0.0116318 0.0 0.0 0.0 1.0
redkitchen/seq-01/color/frame-000035.color.png redkitchen/seq-01/color/frame-000038.color.png 0.999924 0.00966656 0.0075836 -0.0125278 -0.00970636 0.999939 0.00522993 0.00309601 -0.00753259 -0.00530315 0.999958 0.0066342 0.0 0.0 0.0 1.0
redkitchen/seq-01/color/frame-000038.color.png redkitchen/seq-01/color/frame-000041.color.png 0.999955 -0.00457965 -0.00833459 -0.00622771 0.00454705 0.999982 -0.00392597 -0.00227344 0.00835242 0.00388789 0.999958 0.0159924 0.0 0.0 0.0 1.0
redkitchen/seq-01/color/frame-000041.color.png redkitchen/seq-01/color/frame-000044.color.png 0.999955 0.00831245 0.00455555 -0.0128637 -0.0083228 0.999963 0.00225675 -0.00759296 -0.00453662 -0.00229457 0.999987 0.0160301 0.0 0.0 0.0 1.0
redkitchen/seq-01/color/frame-000044.color.png redkitchen/seq-01/color/frame-000047.color.png 0.99996 0.00862998 0.0023023 -0.0197635 -0.00861389 0.999939 -0.00691564 -0.00494394 -0.00236184 0.00689553 0.999973 0.00809991 0.0 0.0 0.0 1.0
redkitchen/seq-01/color/frame-000047.color.png redkitchen/seq-01/color/frame-000050.color.png 0.999982 0.00569617 -0.00171855 -0.0187255 -0.00570563 0.999968 -0.00555396 -0.00573386 0.00168686 0.00556367 0.999983 0.019971 0.0 0.0 0.0 1.0
redkitchen/seq-01/color/frame-000050.color.png redkitchen/seq-01/color/frame-000053.color.png 0.999984 -0.0033741 -0.00459369 -0.0252857 0.00335337 0.999984 -0.00451406 -0.00187506 0.00460884 0.00449858 0.999979 0.0144712 0.0 0.0 0.0 1.0
redkitchen/seq-01/color/frame-000053.color.png redkitchen/seq-01/color/frame-000056.color.png 0.999971 0.00517192 -0.0055708 -0.0266861 -0.00513641 0.999967 0.00637035 -0.0101989 0.00560356 -0.00634155 0.999964 0.0216284 0.0 0.0 0.0 1.0
redkitchen/seq-01/color/frame-000056.color.png redkitchen/seq-01/color/frame-000059.color.png 0.999951 0.00526997 -0.00843617 -0.0320297 -0.0051598 0.999902 0.0130284 -0.0122488 0.00850399 -0.0129842 0.99988 0.0192584 0.0 0.0 0.0 1.0
redkitchen/seq-01/color/frame-000059.color.png redkitchen/seq-01/color/frame-000062.color.png 0.999905 0.00602508 -0.012429 -0.0241257 -0.00592254 0.999948 0.00826924 -0.00361094 0.0124782 -0.00819483 0.999889 0.0191565 0.0 0.0 0.0 1.0
redkitchen/seq-01/color/frame-000062.color.png redkitchen/seq-01/color/frame-000065.color.png 0.999905 0.00670992 -0.0120605 -0.018633 -0.00650847 0.99984 0.0166671 -0.0164961 0.0121704 -0.0165871 0.999788 0.0307879 0.0 0.0 0.0 1.0
redkitchen/seq-01/color/frame-000065.color.png redkitchen/seq-01/color/frame-000068.color.png 0.999925 0.0106048 -0.00619678 -0.0327342 -0.0105377 0.999886 0.0107697 -0.014984 0.00631032 -0.0107036 0.999923 0.0162898 0.0 0.0 0.0 1.0
redkitchen/seq-01/color/frame-000068.color.png redkitchen/seq-01/color/frame-000071.color.png 0.999844 0.00320324 -0.0173871 -0.0151732 -0.0030415 0.999952 0.0093199 -0.00876071 0.0174161 -0.00926554 0.999805 0.0215612 0.0 0.0 0.0 1.0
redkitchen/seq-01/color/frame-000071.color.png redkitchen/seq-01/color/frame-000074.color.png 0.999946 0.00709829 -0.00758798 -0.0118102 -0.00704721 0.999952 0.00673775 -0.00730824 0.00763544 -0.00668393 0.999949 0.0154485 0.0 0.0 0.0 1.0
redkitchen/seq-01/color/frame-000074.color.png redkitchen/seq-01/color/frame-000077.color.png 0.99988 -0.00735747 -0.0136507 -0.00655863 0.00740105 0.999968 0.00314392 -0.00704534 0.0136271 -0.00324457 0.999902 0.0166764 0.0 0.0 0.0 1.0
redkitchen/seq-01/color/frame-000077.color.png redkitchen/seq-01/color/frame-000080.color.png 0.999995 -0.00326992 9.18725e-05 -0.0216 0.0032702 0.999989 -0.00339107 -0.0124297 -8.07575e-05 0.00339133 0.999994 0.00377685 0.0 0.0 0.0 1.0
redkitchen/seq-01/color/frame-000080.color.png redkitchen/seq-01/color/frame-000083.color.png 0.999938 -0.000370297 -0.0111124 0.000573874 0.000246181 0.999938 -0.0111656 -0.00507784 0.0111158 0.0111622 0.999876 0.011217 0.0 0.0 0.0 1.0
redkitchen/seq-01/color/frame-000083.color.png redkitchen/seq-01/color/frame-000086.color.png 0.999967 -0.00188613 -0.00791235 -0.00724611 0.00183669 0.999979 -0.00625208 -0.00741875 0.00792394 0.00623734 0.999949 0.00739866 0.0 0.0 0.0 1.0
redkitchen/seq-01/color/frame-000086.color.png redkitchen/seq-01/color/frame-000089.color.png 0.999921 0.0101678 -0.00742527 -0.00135028 -0.0101823 0.999946 -0.00192866 -0.0145745 0.00740526 0.00200413 0.999971 0.00832179 0.0 0.0 0.0 1.0
redkitchen/seq-01/color/frame-000089.color.png redkitchen/seq-01/color/frame-000092.color.png 0.999958 0.00287969 -0.00871627 -0.00903946 -0.00291591 0.999987 -0.00414577 -0.0103403 0.00870422 0.00417102 0.999953 0.0175946 0.0 0.0 0.0 1.0
redkitchen/seq-01/color/frame-000092.color.png redkitchen/seq-01/color/frame-000095.color.png 0.999729 -0.00886226 -0.0215358 0.00377426 0.00885382 0.999961 -0.000487063 -0.00221659 0.0215392 0.00029626 0.999768 0.0200427 0.0 0.0 0.0 1.0
redkitchen/seq-01/color/frame-000095.color.png redkitchen/seq-01/color/frame-000098.color.png 0.999874 0.000346442 -0.0158968 -0.00247529 -0.000354425 1.0 -0.00049919 -0.0133179 0.0158966 0.000504766 0.999874 0.0231048 0.0 0.0 0.0 1.0
redkitchen/seq-01/color/frame-000098.color.png redkitchen/seq-01/color/frame-000101.color.png 0.999797 -0.0117004 -0.0163983 -0.00740373 0.0116406 0.999925 -0.00373311 -0.0189012 0.0164407 0.00354146 0.999859 0.0243645 0.0 0.0 0.0 1.0
redkitchen/seq-01/color/frame-000101.color.png redkitchen/seq-01/color/frame-000104.color.png 0.999894 0.00131747 -0.0145305 0.016592 -0.00155989 0.99986 -0.0166854 -0.00737187 0.0145064 0.0167063 0.999755 0.0301523 0.0 0.0 0.0 1.0
redkitchen/seq-01/color/frame-000104.color.png redkitchen/seq-01/color/frame-000107.color.png 0.999933 -0.000434217 -0.0115804 -0.00200543 0.000368204 0.999984 -0.00570256 -0.0218608 0.0115828 0.00569792 0.999917 0.0222854 0.0 0.0 0.0 1.0
redkitchen/seq-01/color/frame-000107.color.png redkitchen/seq-01/color/frame-000110.color.png 0.999831 -0.00959847 -0.0157047 0.00366852 0.00954721 0.999949 -0.00333422 -0.0076485 0.0157359 0.00318371 0.999871 0.0248952 0.0 0.0 0.0 1.0
redkitchen/seq-01/color/frame-000110.color.png redkitchen/seq-01/color/frame-000113.color.png 0.999915 0.0108443 -0.00724834 0.00459298 -0.0109026 0.999908 -0.00805701 -0.0246346 0.00716036 0.00813535 0.999941 0.0234851 0.0 0.0 0.0 1.0
redkitchen/seq-01/color/frame-000113.color.png redkitchen/seq-01/color/frame-000116.color.png 0.99971 -0.00775227 -0.0228176 0.0052444 0.0076476 0.99996 -0.00467193 -0.0119404 0.0228529 0.00449608 0.999729 0.0271994 0.0 0.0 0.0 1.0
redkitchen/seq-01/color/frame-000116.color.png redkitchen/seq-01/color/frame-000119.color.png 0.999714 0.0225728 -0.00786333 0.00256377 -0.0225735 0.999745 1.90456e-06 -0.0263076 0.00786128 0.000175601 0.999969 0.0186656 0.0 0.0 0.0 1.0
redkitchen/seq-01/color/frame-000119.color.png redkitchen/seq-01/color/frame-000122.color.png 0.999921 -0.00120154 -0.0124897 0.00704673 0.00126093 0.999988 0.00474966 -0.0159661 0.012484 -0.00476504 0.999911 0.00785682 0.0 0.0 0.0 1.0
redkitchen/seq-01/color/frame-000122.color.png redkitchen/seq-01/color/frame-000125.color.png 0.999824 0.0155045 -0.0105531 0.000792146 -0.0155033 0.99988 0.000197383 -0.025932 0.0105549 -3.37388e-05 0.999944 0.0215366 0.0 0.0 0.0 1.0
redkitchen/seq-01/color/frame-000125.color.png redkitchen/seq-01/color/frame-000128.color.png 0.999839 0.0096205 -0.0151302 0.0115266 -0.00970146 0.999939 -0.00528696 -0.0180667 0.0150785 0.00543289 0.999871 0.0236038 0.0 0.0 0.0 1.0
redkitchen/seq-01/color/frame-000128.color.png redkitchen/seq-01/color/frame-000131.color.png 0.999968 -0.00295307 -0.00740822 0.00273946 0.00288947 0.999959 -0.00858136 -0.0107762 0.00743324 0.00855967 0.999936 0.0167773 0.0 0.0 0.0 1.0
redkitchen/seq-01/color/frame-000131.color.png redkitchen/seq-01/color/frame-000134.color.png 0.999926 0.0119994 -0.00194156 0.0131007 -0.0120211 0.99986 -0.0116194 -0.0206294 0.00180186 0.0116419 0.999931 0.0132321 0.0 0.0 0.0 1.0
redkitchen/seq-01/color/frame-000134.color.png redkitchen/seq-01/color/frame-000137.color.png 0.999992 0.00382612 0.00117364 0.00233677 -0.00381624 0.999958 -0.00830063 -0.0170772 -0.00120532 0.00829609 0.999965 0.0163233 0.0 0.0 0.0 1.0
redkitchen/seq-01/color/frame-000137.color.png redkitchen/seq-01/color/frame-000140.color.png 0.999973 -0.00729265 -0.000405754 0.000684172 0.00729148 0.999969 -0.00282445 -0.0178654 0.000426349 0.00282142 0.999996 0.0135838 0.0 0.0 0.0 1.0
redkitchen/seq-01/color/frame-000140.color.png redkitchen/seq-01/color/frame-000143.color.png 0.999913 -0.00654914 0.0114457 0.00662148 0.00668565 0.999906 -0.0119305 -0.00930184 -0.0113665 0.0120059 0.999863 0.00396281 0.0 0.0 0.0 1.0
redkitchen/seq-01/color/frame-000143.color.png redkitchen/seq-01/color/frame-000146.color.png 0.999749 -0.0014778 0.0223387 0.00236163 0.00172817 0.999936 -0.0111906 -0.0125941 -0.0223208 0.0112264 0.999688 0.00301099 0.0 0.0 0.0 1.0
redkitchen/seq-01/color/frame-000146.color.png redkitchen/seq-01/color/frame-000149.color.png 0.999754 -0.00127498 0.0221332 0.000395507 0.00149319 0.99995 -0.00984755 -0.00800505 -0.0221195 0.00987816 0.999707 0.00254476 0.0 0.0 0.0 1.0
redkitchen/seq-01/color/frame-000149.color.png redkitchen/seq-01/color/frame-000152.color.png 0.999642 -0.00583735 0.0261038 0.00204208 0.00596773 0.99997 -0.00491831 -0.0116401 -0.0260743 0.00507233 0.999647 -0.00338793 0.0 0.0 0.0 1.0
redkitchen/seq-01/color/frame-000152.color.png redkitchen/seq-01/color/frame-000155.color.png 0.999616 -0.0143334 0.0237055 -0.00297156 0.0145496 0.999854 -0.00897709 0.00943702 -0.0235734 0.00931854 0.999679 -0.00703996 0.0 0.0 0.0 1.0
redkitchen/seq-01/color/frame-000155.color.png redkitchen/seq-01/color/frame-000158.color.png 0.999667 0.000320878 0.0258237 0.00292909 -0.000407558 0.999994 0.00335206 -0.0143695 -0.0258224 -0.00336147 0.999661 -0.0116725 0.0 0.0 0.0 1.0
redkitchen/seq-01/color/frame-000158.color.png redkitchen/seq-01/color/frame-000161.color.png 0.999618 -0.0163614 0.0222753 -0.0160406 0.0163049 0.999863 0.00271523 -0.00343919 -0.0223167 -0.00235098 0.999748 -0.00753176 0.0 0.0 0.0 1.0
redkitchen/seq-01/color/frame-000161.color.png redkitchen/seq-01/color/frame-000164.color.png 0.999462 -0.0142623 0.0295247 0.00353125 0.0146334 0.999816 -0.0123926 0.0143516 -0.0293425 0.012818 0.999487 -0.00663972 0.0 0.0 0.0 1.0
redkitchen/seq-01/color/frame-000164.color.png redkitchen/seq-01/color/frame-000167.color.png 0.999623 -0.00901527 0.0259521 -0.00366856 0.0089183 0.999953 0.00384982 -0.00827307 -0.0259856 -0.0036169 0.999656 -0.0175169 0.0 0.0 0.0 1.0
redkitchen/seq-01/color/frame-000167.color.png redkitchen/seq-01/color/frame-000170.color.png 0.999829 -0.0116812 0.0143623 0.0221841 0.011647 0.999929 0.00246186 -0.00701052 -0.0143901 -0.00229416 0.999894 -0.00711358 0.0 0.0 0.0 1.0
redkitchen/seq-01/color/frame-000170.color.png redkitchen/seq-01/color/frame-000173.color.png 0.999495 -0.0173827 0.0266011 -0.0175362 0.0175421 0.99983 -0.00576793 0.00460237 -0.0264963 0.00623166 0.99963 -0.00374931 0.0 0.0 0.0 1.0
redkitchen/seq-01/color/frame-000173.color.png redkitchen/seq-01/color/frame-000176.color.png 0.999689 -0.0111247 0.0223322 0.00219996 0.0111969 0.999932 -0.00311114 0.00372088 -0.022296 0.00336023 0.999746 -0.00527406 0.0 0.0 0.0 1.0
redkitchen/seq-01/color/frame-000176.color.png redkitchen/seq-01/color/frame-000179.color.png 0.99958 -0.00949568 0.0273878 -0.00622854 0.00942912 0.999952 0.00255831 0.000723422 -0.0274108 -0.00229901 0.999622 -0.0109394 0.0 0.0 0.0 1.0
redkitchen/seq-01/color/frame-000179.color.png redkitchen/seq-01/color/frame-000182.color.png 0.999357 -0.0215795 0.0286343 -0.0210799 0.0215426 0.999767 0.00159822 0.00807852 -0.0286621 -0.000980325 0.999589 -0.00383824 0.0 0.0 0.0 1.0
redkitchen/seq-01/color/frame-000182.color.png redkitchen/seq-01/color/frame-000185.color.png 0.999445 -0.019954 0.0266709 -0.00433919 0.019945 0.999801 0.000603491 0.00915694 -0.0266776 -7.12141e-05 0.999644 -0.0132576 0.0 0.0 0.0 1.0
redkitchen/seq-01/color/frame-000185.color.png redkitchen/seq-01/color/frame-000188.color.png 0.999186 -0.0159608 0.0370598 -0.0373287 0.0159632 0.999873 0.000230493 0.00631201 -0.0370587 0.000361284 0.999313 -0.00916851 0.0 0.0 0.0 1.0
redkitchen/seq-01/color/frame-000188.color.png redkitchen/seq-01/color/frame-000191.color.png 0.999674 -0.0175997 0.0184929 0.0138822 0.0174805 0.999826 0.00658888 0.0021565 -0.0186057 -0.00626343 0.999807 -0.0133541 0.0 0.0 0.0 1.0
redkitchen/seq-01/color/frame-000191.color.png redkitchen/seq-01/color/frame-000194.color.png 0.999492 -0.0173432 0.0267212 -0.0111618 0.0171304 0.99982 0.00817004 0.000473738 -0.026858 -0.00770816 0.999609 -0.00929427 0.0 0.0 0.0 1.0
redkitchen/seq-01/color/frame-000194.color.png redkitchen/seq-01/color/frame-000197.color.png 0.999457 -0.0233194 0.0232884 -0.00836458 0.0232 0.999716 0.00538593 0.0147566 -0.0234073 -0.00484273 0.999714 -0.00881365 0.0 0.0 0.0 1.0
redkitchen/seq-01/color/frame-000197.color.png redkitchen/seq-01/color/frame-000200.color.png 0.999335 -0.0167325 0.0324062 -0.0233009 0.0165468 0.999845 0.00598932 0.00519142 -0.0325014 -0.00544912 0.999457 -0.0143914 0.0 0.0 0.0 1.0
redkitchen/seq-01/color/frame-000200.color.png redkitchen/seq-01/color/frame-000203.color.png 0.999763 -0.0160725 0.0146657 0.00821107 0.0160441 0.999869 0.00205121 0.0114755 -0.0146967 -0.00181543 0.99989 -0.0131933 0.0 0.0 0.0 1.0
redkitchen/seq-01/color/frame-000203.color.png redkitchen/seq-01/color/frame-000206.color.png 0.999668 -0.0163003 0.0199505 -0.011747 0.0163767 0.999859 -0.00366823 0.019091 -0.0198879 0.00399373 0.999794 -0.00911656 0.0 0.0 0.0 1.0
redkitchen/seq-01/color/frame-000206.color.png redkitchen/seq-01/color/frame-000209.color.png 0.999794 -0.0151479 0.0134667 -0.00562859 0.0150641 0.999867 0.00630629 0.00243533 -0.0135604 -0.00610212 0.999889 -0.0161941 0.0 0.0 0.0 1.0
redkitchen/seq-01/color/frame-000209.color.png redkitchen/seq-01/color/frame-000212.color.png 0.999968 -0.00773424 0.00202977 0.027005 0.00774683 0.99995 -0.00627878 0.0288868 -0.00198109 0.00629431 0.999978 -0.00886041 0.0 0.0 0.0 1.0
redkitchen/seq-01/color/frame-000212.color.png redkitchen/seq-01/color/frame-000215.color.png 0.999907 -0.0127584 0.00485449 0.0116641 0.0127913 0.999895 -0.00682487 0.0161416 -0.00476692 0.00688634 0.999965 -0.0100761 0.0 0.0 0.0 1.0
redkitchen/seq-01/color/frame-000215.color.png redkitchen/seq-01/color/frame-000218.color.png 0.99983 -0.0142169 0.0117249 -0.00235486 0.0142487 0.999895 -0.00263436 0.0119848 -0.0116862 0.00280095 0.999928 -0.0175042 0.0 0.0 0.0 1.0
redkitchen/seq-01/color/frame-000218.color.png redkitchen/seq-01/color/frame-000221.color.png 0.99984 -0.0177064 0.00253133 0.00536097 0.0177381 0.999757 -0.0130723 0.0355521 -0.00229926 0.0131151 0.999911 -0.00323087 0.0 0.0 0.0 1.0
redkitchen/seq-01/color/frame-000221.color.png redkitchen/seq-01/color/frame-000224.color.png 0.999956 -0.00843575 0.00396848 0.00291579 0.00847439 0.999916 -0.00984017 0.0407026 -0.00388514 0.00987339 0.999944 -0.00583547 0.0 0.0 0.0 1.0
redkitchen/seq-01/color/frame-000224.color.png redkitchen/seq-01/color/frame-000227.color.png 0.999876 -0.014907 -0.00499999 0.0155752 0.0148887 0.999882 -0.00368639 0.0299445 0.00505433 0.0036115 0.999981 -0.0145268 0.0 0.0 0.0 1.0
redkitchen/seq-01/color/frame-000227.color.png redkitchen/seq-01/color/frame-000230.color.png 0.999891 -0.0120164 -0.00857149 0.00911868 0.011986 0.999922 -0.00359424 0.011011 0.00861397 0.0034911 0.999957 -0.00893217 0.0 0.0 0.0 1.0
redkitchen/seq-01/color/frame-000230.color.png redkitchen/seq-01/color/frame-000233.color.png 0.999935 -0.0113046 -0.00120353 0.00960388 0.0113058 0.999936 0.00104471 0.0199308 0.00119168 -0.00105826 0.999999 -0.0112514 0.0 0.0 0.0 1.0
redkitchen/seq-01/color/frame-000233.color.png redkitchen/seq-01/color/frame-000236.color.png 0.999937 -0.00407721 -0.0104797 0.0229148 0.00400082 0.999965 -0.00730231 0.0184238 0.0105091 0.00725993 0.999918 -0.00513831 0.0 0.0 0.0 1.0
redkitchen/seq-01/color/frame-000236.color.png redkitchen/seq-01/color/frame-000239.color.png 0.999972 -0.00671127 -0.0032158 0.0137103 0.00672064 0.999973 0.00291924 0.0021975 0.00319609 -0.00294078 0.999991 -0.0128288 0.0 0.0 0.0 1.0
redkitchen/seq-01/color/frame-000239.color.png redkitchen/seq-01/color/frame-000242.color.png 0.999978 0.00638485 0.00170807 0.00852206 -0.00636393 0.999908 -0.0119993 0.0153942 -0.00178448 0.0119882 0.999927 -0.00588021 0.0 0.0 0.0 1.0
redkitchen/seq-01/color/frame-000242.color.png redkitchen/seq-01/color/frame-000245.color.png 0.999984 -0.00038314 -0.00560988 0.0140282 0.000327899 0.999952 -0.00983741 0.0202638 0.00561342 0.0098354 0.999936 0.00109234 0.0 0.0 0.0 1.0
redkitchen/seq-01/color/frame-000245.color.png redkitchen/seq-01/color/frame-000248.color.png 0.999989 0.00472879 0.000557776 0.0100352 -0.00472494 0.999967 -0.00663751 0.0164047 -0.000589199 0.00663479 0.999978 -0.0166722 0.0 0.0 0.0 1.0
redkitchen/seq-01/color/frame-000248.color.png redkitchen/seq-01/color/frame-000251.color.png 0.999981 0.00609431 -0.00133588 0.0154114 -0.00610193 0.999965 -0.00576799 0.01736 0.00130066 0.00577604 0.999982 -0.00253683 0.0 0.0 0.0 1.0
redkitchen/seq-01/color/frame-000251.color.png redkitchen/seq-01/color/frame-000254.color.png 0.999961 0.00570496 0.0067688 0.00330476 -0.00566529 0.999967 -0.00586193 0.0123726 -0.00680204 0.00582334 0.99996 -0.00117576 0.0 0.0 0.0 1.0
redkitchen/seq-01/color/frame-000254.color.png redkitchen/seq-01/color/frame-000257.color.png 0.999993 -0.00377584 -3.98962e-05 0.0217396 0.00377556 0.999982 -0.00471806 0.00856762 5.77483e-05 0.00471788 0.999989 -0.0127811 0.0 0.0 0.0 1.0
redkitchen/seq-01/color/frame-000257.color.png redkitchen/seq-01/color/frame-000260.color.png 0.999905 0.00766497 0.0114494 0.00561355 -0.00756917 0.999936 -0.00838877 0.0162612 -0.0115129 0.00830133 0.999899 0.00398478 0.0 0.0 0.0 1.0
redkitchen/seq-01/color/frame-000260.color.png redkitchen/seq-01/color/frame-000263.color.png 0.999969 -0.00568205 0.00539753 0.00512536 0.00572493 0.999952 -0.00795594 0.0163045 -0.00535205 0.00798657 0.999954 0.00242293 0.0 0.0 0.0 1.0
redkitchen/seq-01/color/frame-000263.color.png redkitchen/seq-01/color/frame-000266.color.png 0.999944 -0.0086246 -0.00606568 0.0236764 0.0086115 0.999961 -0.00217966 0.0201281 0.00608422 0.00212735 0.999979 -0.00460973 0.0 0.0 0.0 1.0
redkitchen/seq-01/color/frame-000266.color.png redkitchen/seq-01/color/frame-000269.color.png 0.999987 0.00173651 0.00474642 0.00968789 -0.00175319 0.999992 0.00350381 0.0127947 -0.00474023 -0.00351212 0.999983 -0.00159672 0.0 0.0 0.0 1.0
redkitchen/seq-01/color/frame-000269.color.png redkitchen/seq-01/color/frame-000272.color.png 0.999986 -0.00487637 0.00221725 0.0237008 0.00485457 0.99994 0.00976637 0.016271 -0.00226481 -0.00975547 0.99995 -0.00522673 0.0 0.0 0.0 1.0
redkitchen/seq-01/color/frame-000272.color.png redkitchen/seq-01/color/frame-000275.color.png 0.999981 -0.00215947 -0.00583599 0.0218538 0.00214757 0.999995 -0.00204757 0.0199884 0.00584043 0.00203498 0.999981 0.00251222 0.0 0.0 0.0 1.0
redkitchen/seq-01/color/frame-000275.color.png redkitchen/seq-01/color/frame-000278.color.png 0.999848 0.0159399 0.00709149 0.0160677 -0.0160284 0.999792 0.0125986 0.00930259 -0.00688922 -0.0127103 0.999895 0.00350121 0.0 0.0 0.0 1.0
redkitchen/seq-01/color/frame-000278.color.png redkitchen/seq-01/color/frame-000281.color.png 0.999913 0.0125753 -0.00402744 0.0203499 -0.0125255 0.999848 0.012146 0.00594025 0.00417957 -0.0120945 0.999918 -0.000226498 0.0 0.0 0.0 1.0
redkitchen/seq-01/color/frame-000281.color.png redkitchen/seq-01/color/frame-000284.color.png 0.999943 0.00954359 -0.00479239 0.0274345 -0.0095499 0.999954 -0.00129979 0.0261743 0.00477978 0.00134549 0.999988 0.00541744 0.0 0.0 0.0 1.0
redkitchen/seq-01/color/frame-000284.color.png redkitchen/seq-01/color/frame-000287.color.png 0.999942 0.00564962 -0.00917956 0.0330061 -0.00562981 0.999982 0.00218535 0.00797698 0.00919174 -0.00213354 0.999955 -0.00457251 0.0 0.0 0.0 1.0
redkitchen/seq-01/color/frame-000287.color.png redkitchen/seq-01/color/frame-000290.color.png 0.999999 0.00126482 0.000675428 0.00717467 -0.00127034 0.999965 0.00822171 0.00450657 -0.000664991 -0.0082226 0.999966 0.00553754 0.0 0.0 0.0 1.0
redkitchen/seq-01/color/frame-000290.color.png redkitchen/seq-01/color/frame-000293.color.png 0.999814 0.0166093 -0.00984536 0.0346008 -0.0165473 0.999843 0.00635208 0.0240709 0.00994928 -0.00618796 0.999931 -0.00279981 0.0 0.0 0.0 1.0
redkitchen/seq-01/color/frame-000293.color.png redkitchen/seq-01/color/frame-000296.color.png 0.999946 0.00361193 -0.00976965 0.0205361 -0.00357904 0.999988 0.00337578 0.0119592 0.00978173 -0.00334065 0.999947 -0.00238127 0.0 0.0 0.0 1.0
redkitchen/seq-01/color/frame-000296.color.png redkitchen/seq-01/color/frame-000299.color.png 0.99998 0.00590527 -0.00240316 0.0172215 -0.005889 0.99996 0.00673458 0.0122104 0.00244283 -0.00672028 0.999974 0.00196177 0.0 0.0 0.0 1.0
redkitchen/seq-01/color/frame-000299.color.png redkitchen/seq-01/color/frame-000302.color.png 0.999986 -0.00372412 -0.00385005 0.0184993 0.00375035 0.99997 0.00683268 0.00055899 0.00382451 -0.00684702 0.999969 -0.00271115 0.0 0.0 0.0 1.0
redkitchen/seq-01/color/frame-000302.color.png redkitchen/seq-01/color/frame-000305.color.png 0.999938 -0.0110549 0.00149527 0.027482 0.0110413 0.9999 0.00884451 0.0047157 -0.00159293 -0.00882747 0.99996 -0.00918996 0.0 0.0 0.0 1.0
redkitchen/seq-01/color/frame-000305.color.png redkitchen/seq-01/color/frame-000308.color.png 0.999902 -0.0139898 -0.000189119 0.0161336 0.0139906 0.999886 0.00567495 -0.000299467 0.000109771 -0.00567703 0.999984 -0.00588816 0.0 0.0 0.0 1.0
redkitchen/seq-01/color/frame-000308.color.png redkitchen/seq-01/color/frame-000311.color.png 0.999995 -0.000183294 0.00326424 0.021423 0.000163679 0.999982 0.00601774 0.00667194 -0.00326531 -0.00601717 0.999977 -0.00768402 0.0 0.0 0.0 1.0
redkitchen/seq-01/color/frame-000311.color.png redkitchen/seq-01/color/frame-000314.color.png 0.99999 -0.00444463 0.000220566 0.0149207 0.00443994 0.999826 0.0181367 -0.00163642 -0.000301187 -0.0181356 0.999835 -0.00347844 0.0 0.0 0.0 1.0
redkitchen/seq-01/color/frame-000314.color.png redkitchen/seq-01/color/frame-000317.color.png 1.0 0.000444634 0.000421755 0.0155954 -0.000444338 1.0 -0.000723673 0.0164282 -0.000422061 0.000723478 1.0 -0.00564307 0.0 0.0 0.0 1.0
redkitchen/seq-01/color/frame-000317.color.png redkitchen/seq-01/color/frame-000320.color.png 0.999959 -0.0030552 -0.00845813 0.0234164 0.00306182 0.999995 0.000770624 0.00334269 0.00845577 -0.00079649 0.999964 -0.0153254 0.0 0.0 0.0 1.0
redkitchen/seq-01/color/frame-000320.color.png redkitchen/seq-01/color/frame-000323.color.png 0.999893 0.0116367 -0.00890286 0.03311 -0.0115498 0.999886 0.00975235 0.0205591 0.0090153 -0.00964847 0.999913 -0.0197143 0.0 0.0 0.0 1.0
redkitchen/seq-01/color/frame-000323.color.png redkitchen/seq-01/color/frame-000326.color.png 0.999933 0.0089419 -0.00729661 0.0191674 -0.00891079 0.999951 0.00428812 0.00626622 0.00733463 -0.00422282 0.999964 -0.0147754 0.0 0.0 0.0 1.0
redkitchen/seq-01/color/frame-000326.color.png redkitchen/seq-01/color/frame-000329.color.png 0.999903 -1.56693e-05 -0.0139622 0.0199183 -0.000150257 0.999929 -0.0118857 0.0183877 0.0139614 0.0118866 0.999832 -0.0226838 0.0 0.0 0.0 1.0
redkitchen/seq-01/color/frame-000329.color.png redkitchen/seq-01/color/frame-000332.color.png 0.999492 0.0216516 -0.0233833 0.0362652 -0.0215428 0.999756 0.00489571 0.0186919 0.0234836 -0.00438949 0.999715 -0.0352338 0.0 0.0 0.0 1.0
redkitchen/seq-01/color/frame-000332.color.png redkitchen/seq-01/color/frame-000335.color.png 0.999586 0.0183949 -0.0221502 0.0307997 -0.0185188 0.999814 -0.00540077 0.0198417 0.0220467 0.00580873 0.99974 -0.0316365 0.0 0.0 0.0 1.0
redkitchen/seq-01/color/frame-000335.color.png redkitchen/seq-01/color/frame-000338.color.png 0.999929 0.0100976 -0.00636473 0.0149057 -0.0101188 0.999943 -0.00329691 0.0140695 0.00633108 0.00336107 0.999974 -0.0137059 0.0 0.0 0.0 1.0
redkitchen/seq-01/color/frame-000338.color.png redkitchen/seq-01/color/frame-000341.color.png 0.999852 0.00391129 -0.016774 0.039706 -0.00405387 0.999956 -0.00847305 0.0213738 0.0167401 0.0085398 0.999823 -0.0299433 0.0 0.0 0.0 1.0
redkitchen/seq-01/color/frame-000341.color.png redkitchen/seq-01/color/frame-000344.color.png 0.999947 -0.00943731 0.00400877 0.0293252 0.0094359 0.999955 0.000376279 -0.00489329 -0.00401214 -0.000338451 0.999992 -0.012679 0.0 0.0 0.0 1.0
redkitchen/seq-01/color/frame-000344.color.png redkitchen/seq-01/color/frame-000347.color.png 0.999941 0.00656149 0.00865931 0.0255377 -0.00649636 0.999951 -0.00753117 0.0201373 -0.0087083 0.00747449 0.999934 -0.00470919 0.0 0.0 0.0 1.0
redkitchen/seq-01/color/frame-000347.color.png redkitchen/seq-01/color/frame-000350.color.png 0.999603 -0.0281796 0.000653982 0.02854 0.0281839 0.99957 -0.00803268 -0.0185507 -0.000427354 0.00804793 0.999967 -0.013443 0.0 0.0 0.0 1.0
redkitchen/seq-01/color/frame-000350.color.png redkitchen/seq-01/color/frame-000353.color.png 0.99995 0.00473184 0.00883928 0.016794 -0.00477131 0.999979 0.00444569 0.010966 -0.00881806 -0.00448763 0.999951 0.000180505 0.0 0.0 0.0 1.0
redkitchen/seq-01/color/frame-000353.color.png redkitchen/seq-01/color/frame-000356.color.png 0.99992 0.0124915 0.00173786 0.0233375 -0.0125019 0.999903 0.0061297 0.0171344 -0.00166112 -0.00615095 0.99998 -0.00313199 0.0 0.0 0.0 1.0
redkitchen/seq-01/color/frame-000356.color.png redkitchen/seq-01/color/frame-000359.color.png 0.999974 0.00513519 0.00497024 0.0065521 -0.00516494 0.999969 0.00599252 0.00619309 -0.00493932 -0.00601805 0.99997 0.00334516 0.0 0.0 0.0 1.0
redkitchen/seq-01/color/frame-000359.color.png redkitchen/seq-01/color/frame-000362.color.png 0.999992 -0.00361172 -0.00147196 0.0155314 0.00362357 0.99996 0.00811438 -0.00048019 0.0014426 -0.00811966 0.999966 -0.0031729 0.0 0.0 0.0 1.0
redkitchen/seq-01/color/frame-000362.color.png redkitchen/seq-01/color/frame-000365.color.png 0.999915 -0.00326894 0.0126068 0.0215788 0.00316584 0.999961 0.00818858 0.000162736 -0.0126332 -0.00814798 0.999887 0.00723526 0.0 0.0 0.0 1.0
redkitchen/seq-01/color/frame-000365.color.png redkitchen/seq-01/color/frame-000368.color.png 0.999949 -0.00999575 0.00137364 0.0169995 0.0100008 0.999943 -0.00371015 0.00312063 -0.00133638 0.0037237 0.999992 -0.00193151 0.0 0.0 0.0 1.0
redkitchen/seq-01/color/frame-000368.color.png redkitchen/seq-01/color/frame-000371.color.png 0.999891 -0.00537519 0.013744 0.0256934 0.00507894 0.999756 0.0214964 0.00466992 -0.0138563 -0.0214243 0.999674 0.0162868 0.0 0.0 0.0 1.0
redkitchen/seq-01/color/frame-000371.color.png redkitchen/seq-01/color/frame-000374.color.png 0.999989 -0.00415582 0.00226895 0.0172961 0.00413718 0.999958 0.00817658 0.00835091 -0.00230282 -0.00816709 0.999964 0.00569144 0.0 0.0 0.0 1.0
redkitchen/seq-01/color/frame-000374.color.png redkitchen/seq-01/color/frame-000377.color.png 0.999996 -0.00258135 -0.00114544 0.029429 0.0025983 0.999883 0.015092 0.0120026 0.00110638 -0.0150949 0.999886 0.00228465 0.0 0.0 0.0 1.0
redkitchen/seq-01/color/frame-000377.color.png redkitchen/seq-01/color/frame-000380.color.png 0.999998 -0.00156916 -0.00106193 0.0139056 0.00159253 0.999748 0.0223819 -0.00101735 0.00102648 -0.0223835 0.999749 0.00255159 0.0 0.0 0.0 1.0
redkitchen/seq-01/color/frame-000380.color.png redkitchen/seq-01/color/frame-000383.color.png 0.999991 0.00406224 0.000686367 0.0222421 -0.00407621 0.999754 0.0218139 0.0039687 -0.00059752 -0.0218165 0.999762 0.0077823 0.0 0.0 0.0 1.0
redkitchen/seq-01/color/frame-000383.color.png redkitchen/seq-01/color/frame-000386.color.png 0.999941 0.010738 -0.0017523 0.024948 -0.010708 0.999809 0.0163236 0.0132636 0.00192722 -0.0163038 0.999865 0.00378959 0.0 0.0 0.0 1.0
redkitchen/seq-01/color/frame-000386.color.png redkitchen/seq-01/color/frame-000389.color.png 0.999949 0.00718891 0.00704856 0.0211942 -0.00723194 0.999955 0.00609846 0.000296742 -0.00700438 -0.00614914 0.999957 0.00477605 0.0 0.0 0.0 1.0
redkitchen/seq-01/color/frame-000389.color.png redkitchen/seq-01/color/frame-000392.color.png 0.999957 0.00928438 -4.10422e-06 0.0214802 -0.00928439 0.999956 0.00118988 0.00600842 1.51572e-05 -0.00118978 0.999999 -0.000800475 0.0 0.0 0.0 1.0
redkitchen/seq-01/color/frame-000392.color.png redkitchen/seq-01/color/frame-000395.color.png 0.999916 0.00672032 0.0110562 0.0062958 -0.00674832 0.999974 0.00249926 -0.000669226 -0.0110391 -0.00257366 0.999936 0.0132045 0.0 0.0 0.0 1.0
redkitchen/seq-01/color/frame-000395.color.png redkitchen/seq-01/color/frame-000398.color.png 0.999893 -0.00493245 0.0137737 0.0269115 0.0050838 0.999927 -0.0109766 -0.0148613 -0.0137186 0.0110454 0.999845 0.00941216 0.0 0.0 0.0 1.0
redkitchen/seq-01/color/frame-000398.color.png redkitchen/seq-01/color/frame-000401.color.png 0.99986 0.00781589 0.0148265 0.0106173 -0.0077303 0.999953 -0.00581897 0.00814353 -0.0148713 0.00570356 0.999873 0.0224599 0.0 0.0 0.0 1.0
redkitchen/seq-01/color/frame-000401.color.png redkitchen/seq-01/color/frame-000404.color.png 0.999749 0.018604 0.0125205 0.013247 -0.0186818 0.999807 0.00612573 0.0118867 -0.0124041 -0.00635811 0.999903 0.0125474 0.0 0.0 0.0 1.0
redkitchen/seq-01/color/frame-000404.color.png redkitchen/seq-01/color/frame-000407.color.png 0.999875 0.0120823 0.0101494 0.00858796 -0.0121557 0.9999 0.00719943 0.00155394 -0.0100613 -0.0073219 0.999923 0.00965572 0.0 0.0 0.0 1.0
redkitchen/seq-01/color/frame-000407.color.png redkitchen/seq-01/color/frame-000410.color.png 0.999592 0.00101285 0.0285423 0.0108593 -0.00111766 0.999993 0.00365626 -0.0153209 -0.0285384 -0.00368665 0.999586 0.0343557 0.0 0.0 0.0 1.0
redkitchen/seq-01/color/frame-000410.color.png redkitchen/seq-01/color/frame-000413.color.png 0.999988 0.00314676 0.00384965 0.00823498 -0.00312675 0.999982 -0.00518896 -0.00209075 -0.00386587 0.00517687 0.999979 -0.0027175 0.0 0.0 0.0 1.0
redkitchen/seq-01/color/frame-000413.color.png redkitchen/seq-01/color/frame-000416.color.png 0.99975 0.0137408 0.0176605 0.00403857 -0.0138446 0.999888 0.00576613 0.000374779 -0.0175793 -0.00600919 0.999827 0.0233126 0.0 0.0 0.0 1.0
redkitchen/seq-01/color/frame-000416.color.png redkitchen/seq-01/color/frame-000419.color.png 0.999968 -0.00803075 -4.90514e-05 0.0146375 0.00802936 0.999879 -0.0133205 -0.0259642 0.000156006 0.0133196 0.999911 -0.00983397 0.0 0.0 0.0 1.0
redkitchen/seq-01/color/frame-000419.color.png redkitchen/seq-01/color/frame-000422.color.png 0.999778 0.0170676 0.0123374 0.0034368 -0.0171382 0.999837 0.00563817 0.0032838 -0.0122391 -0.00584837 0.999908 0.0119201 0.0 0.0 0.0 1.0
redkitchen/seq-01/color/frame-000422.color.png redkitchen/seq-01/color/frame-000425.color.png 0.999948 0.000514508 0.0101935 -0.000654817 -0.000531144 0.999999 0.00162816 -0.0194968 -0.0101926 -0.00163348 0.999947 0.0151621 0.0 0.0 0.0 1.0
redkitchen/seq-01/color/frame-000425.color.png redkitchen/seq-01/color/frame-000428.color.png 0.999982 -0.00483082 0.00361173 -0.00200868 0.00486031 0.999955 -0.00819869 -0.0219636 -0.003572 0.0082161 0.99996 0.00882854 0.0 0.0 0.0 1.0
redkitchen/seq-01/color/frame-000428.color.png redkitchen/seq-01/color/frame-000431.color.png 0.999942 0.00641168 -0.00861908 -0.00188255 -0.00643718 0.999975 -0.00293271 -0.0165938 0.00860001 0.00298802 0.999959 -0.00432477 0.0 0.0 0.0 1.0
redkitchen/seq-01/color/frame-000431.color.png redkitchen/seq-01/color/frame-000434.color.png 0.99991 -0.0100845 -0.00885615 -0.00897467 0.00985964 0.999637 -0.0250818 -0.0256747 0.00910597 0.0249922 0.999646 -0.00541722 0.0 0.0 0.0 1.0
redkitchen/seq-01/color/frame-000434.color.png redkitchen/seq-01/color/frame-000437.color.png 0.999889 0.00120551 -0.0148266 0.000402093 -0.00134541 0.999955 -0.00942898 -0.0263416 0.0148145 0.00944789 0.999846 -0.0166671 0.0 0.0 0.0 1.0
redkitchen/seq-01/color/frame-000437.color.png redkitchen/seq-01/color/frame-000440.color.png 0.999664 0.0245461 -0.008303 -0.00929976 -0.0245268 0.999696 0.00241648 0.00112058 0.00835984 -0.00221202 0.999963 -0.00734671 0.0 0.0 0.0 1.0
redkitchen/seq-01/color/frame-000440.color.png redkitchen/seq-01/color/frame-000443.color.png 0.999533 0.0277682 -0.0127786 -0.00966144 -0.0280199 0.999408 -0.0199591 0.0102326 0.0122168 0.0203078 0.999719 -0.0140015 0.0 0.0 0.0 1.0
redkitchen/seq-01/color/frame-000443.color.png redkitchen/seq-01/color/frame-000446.color.png 0.99951 0.0283446 -0.013253 -0.0168576 -0.0284906 0.999534 -0.0109627 0.0061296 0.012936 0.0113349 0.999852 -0.0158867 0.0 0.0 0.0 1.0
redkitchen/seq-01/color/frame-000446.color.png redkitchen/seq-01/color/frame-000449.color.png 0.999651 0.0185644 -0.0188078 -0.0246339 -0.0188326 0.999722 -0.0141874 -0.00808762 0.0185391 0.0145366 0.999722 -0.0151938 0.0 0.0 0.0 1.0
redkitchen/seq-01/color/frame-000449.color.png redkitchen/seq-01/color/frame-000452.color.png 0.999787 0.0134499 -0.0156686 -0.0272676 -0.0135847 0.999871 -0.0085263 -0.000111878 0.0155519 0.00873733 0.999841 -0.00056538 0.0 0.0 0.0 1.0
redkitchen/seq-01/color/frame-000452.color.png redkitchen/seq-01/color/frame-000455.color.png 0.999966 0.00404004 -0.00713662 -0.0228307 -0.00405782 0.999989 -0.00247776 -0.0101322 0.00712654 0.00250664 0.999971 -0.00353702 0.0 0.0 0.0 1.0
redkitchen/seq-01/color/frame-000455.color.png redkitchen/seq-01/color/frame-000458.color.png 0.999724 0.0144812 -0.0184721 -0.025337 -0.0146794 0.999836 -0.0106406 0.00475799 0.018315 0.0109089 0.999773 -0.00254759 0.0 0.0 0.0 1.0
redkitchen/seq-01/color/frame-000458.color.png redkitchen/seq-01/color/frame-000461.color.png 0.999748 0.00579273 -0.0216854 -0.0359051 -0.00586239 0.999978 -0.00315051 -0.0322918 0.0216667 0.00327684 0.99976 -0.0320504 0.0 0.0 0.0 1.0
redkitchen/seq-01/color/frame-000461.color.png redkitchen/seq-01/color/frame-000464.color.png 0.999364 -0.000713643 -0.0356586 -0.0270431 0.000110907 0.999857 -0.0169017 0.0133792 0.0356656 0.016887 0.999221 -0.0275395 0.0 0.0 0.0 1.0
redkitchen/seq-01/color/frame-000464.color.png redkitchen/seq-01/color/frame-000467.color.png 0.999639 0.00992042 -0.0249792 -0.0548489 -0.0102706 0.99985 -0.0139324 0.0253103 0.0248372 0.014184 0.999591 -0.00460964 0.0 0.0 0.0 1.0
redkitchen/seq-01/color/frame-000467.color.png redkitchen/seq-01/color/frame-000470.color.png 0.999598 -0.000158182 -0.0283569 -0.0531948 -0.000302903 0.999868 -0.0162548 0.0143855 0.0283557 0.0162569 0.999466 0.00438675 0.0 0.0 0.0 1.0
redkitchen/seq-01/color/frame-000470.color.png redkitchen/seq-01/color/frame-000473.color.png 0.999313 0.0154336 -0.0337065 -0.0208911 -0.0152842 0.999872 0.00468648 0.0044021 0.0337745 -0.00416807 0.999421 -0.0308428 0.0 0.0 0.0 1.0
redkitchen/seq-01/color/frame-000473.color.png redkitchen/seq-01/color/frame-000476.color.png 0.999448 0.000341367 -0.0332338 -0.010755 3.87407e-05 0.999935 0.0114362 -0.0179113 0.0332356 -0.0114311 0.999382 -0.0429982 0.0 0.0 0.0 1.0
redkitchen/seq-01/color/frame-000476.color.png redkitchen/seq-01/color/frame-000479.color.png 0.999668 -0.00385157 -0.025475 -0.0190608 0.00388019 0.999992 0.00107413 -0.00743118 0.0254707 -0.00117264 0.999675 -0.0336535 0.0 0.0 0.0 1.0
redkitchen/seq-01/color/frame-000479.color.png redkitchen/seq-01/color/frame-000482.color.png 0.999758 -0.0148704 -0.0162391 -0.0304033 0.0149267 0.999883 0.00335074 -0.00714652 0.0161873 -0.00359233 0.999863 -0.0136385 0.0 0.0 0.0 1.0
redkitchen/seq-01/color/frame-000482.color.png redkitchen/seq-01/color/frame-000485.color.png 0.999914 -0.00948624 -0.00907689 -0.0143301 0.00955212 0.999928 0.00724437 -0.0142611 0.00900751 -0.00733044 0.999933 -0.0114557 0.0 0.0 0.0 1.0
redkitchen/seq-01/color/frame-000485.color.png redkitchen/seq-01/color/frame-000488.color.png 0.999707 -0.0238828 -0.00395896 -0.0290085 0.0238991 0.999706 0.00413709 -0.0126055 0.00385899 -0.00423048 0.999984 0.0123852 0.0 0.0 0.0 1.0
redkitchen/seq-01/color/frame-000488.color.png redkitchen/seq-01/color/frame-000491.color.png 0.999879 -0.0153745 -0.00223483 -0.00955838 0.0154045 0.999782 0.0140937 -0.016121 0.00201765 -0.0141265 0.999898 -0.00798574 0.0 0.0 0.0 1.0
redkitchen/seq-01/color/frame-000491.color.png redkitchen/seq-01/color/frame-000494.color.png 0.999965 -0.00784854 0.00308361 -0.0130459 0.00781413 0.999909 0.0110162 -0.00619064 -0.00316979 -0.0109917 0.999934 0.00870752 0.0 0.0 0.0 1.0
redkitchen/seq-01/color/frame-000494.color.png redkitchen/seq-01/color/frame-000497.color.png 0.999884 -0.00334849 0.0148365 -0.0195002 0.00326916 0.99998 0.00536838 0.0034568 -0.0148542 -0.00531927 0.999876 0.0198233 0.0 0.0 0.0 1.0
redkitchen/seq-01/color/frame-000497.color.png redkitchen/seq-01/color/frame-000500.color.png 0.999901 -0.0135128 0.00388203 -0.0176601 0.0134746 0.999862 0.00970614 -0.0184848 -0.00401264 -0.00965286 0.999945 0.0108 0.0 0.0 0.0 1.0
redkitchen/seq-01/color/frame-000500.color.png redkitchen/seq-01/color/frame-000503.color.png 0.999504 -0.0286194 0.0131228 -0.0259974 0.0284574 0.999519 0.0123648 -0.0212478 -0.0134704 -0.0119853 0.999838 0.0229156 0.0 0.0 0.0 1.0
redkitchen/seq-01/color/frame-000503.color.png redkitchen/seq-01/color/frame-000506.color.png 0.999627 -0.0231269 0.0145183 -0.020911 0.0229588 0.999669 0.0116393 -0.0160159 -0.0147827 -0.0113017 0.999827 0.0235313 0.0 0.0 0.0 1.0
redkitchen/seq-01/color/frame-000506.color.png redkitchen/seq-01/color/frame-000509.color.png 0.999792 -0.0203249 0.00166575 -0.0182943 0.0203114 0.999764 0.00775502 -0.0232609 -0.00182298 -0.00771957 0.999969 0.00673254 0.0 0.0 0.0 1.0
