redkitchen/seq-01/color/frame-000000.color.png redkitchen/seq-01/color/frame-000003.color.png 0.999996 0.00266464 -0.0010271 0.000174844 -0.00266362 0.999996 0.000998675 0.000834432 0.00102975 -0.000995936 0.999999 0.00115441 0.0 0.0 0.0 1.0
redkitchen/seq-01/color/frame-000003.color.png redkitchen/seq-01/color/frame-000006.color.png 0.999992 -0.00361135 -0.00178853 -0.00139147 0.00361073 0.999994 -0.000351334 -0.00302899 0.00178979 0.000344874 0.999998 0.000915717 0.0 0.0 0.0 1.0
redkitchen/seq-01/color/frame-000006.color.png redkitchen/seq-01/color/frame-000009.color.png 0.999987 0.00507385 0.0001732 -0.00347993 -0.00507394 0.999987 0.000528079 -0.00137971 -0.000170518 -0.000528951 1.0 0.00126154 0.0 0.0 0.0 1.0
redkitchen/seq-01/color/frame-000009.color.png redkitchen/seq-01/color/frame-000012.color.png 0.999974 0.00491717 -0.00523758 -0.00254445 -0.00492543 0.999987 -0.0015665 -0.00278979 0.0052298 0.00159225 0.999985 0.00205489 0.0 0.0 0.0 1.0
redkitchen/seq-01/color/frame-000012.color.png redkitchen/seq-01/color/frame-000015.color.png 0.999981 0.00558381 -0.00256605 -0.00302102 -0.00559464 0.999975 -0.00423583 -0.00163966 0.00254234 0.00425011 0.999988 0.00118817 0.0 0.0 0.0 1.0
redkitchen/seq-01/color/frame-000015.color.png redkitchen/seq-01/color/frame-000018.color.png 0.999993 0.0026533 -0.00255249 -0.00260277 -0.0026561 0.999996 -0.00109343 -0.00447745 0.00254958 0.0011002 0.999996 0.00109787 0.0 0.0 0.0 1.0
redkitchen/seq-01/color/frame-000018.color.png redkitchen/seq-01/color/frame-000021.color.png 0.99999 0.00184954 -0.00395323 -0.00388828 -0.00185573 0.999997 -0.00156258 -0.00184274 0.00395033 0.0015699 0.999991 0.00363339 0.0 0.0 0.0 1.0
redkitchen/seq-01/color/frame-000021.color.png redkitchen/seq-01/color/frame-000024.color.png 0.999969 0.00762668 -0.0017525 -0.00600319 -0.00762055 0.999965 0.00348208 -0.000514299 0.001779 -0.00346862 0.999992 0.00126154 0.0 0.0 0.0 1.0
redkitchen/seq-01/color/frame-000024.color.png redkitchen/seq-01/color/frame-000027.color.png 0.999986 0.00142865 -0.00501671 -0.0061191 -0.00140029 0.999983 0.00564988 6.05918e-06 0.00502469 -0.00564278 0.999971 0.00672877 0.0 0.0 0.0 1.0
redkitchen/seq-01/color/frame-000027.color.png redkitchen/seq-01/color/frame-000030.color.png 0.999975 0.00252846 -0.00657693 -0.00520111 -0.00249707 0.999986 0.00477606 -0.00102652 0.0065889 -0.00475952 0.999967 0.00613405 0.0 0.0 0.0 1.0
redkitchen/seq-01/color/frame-000030.color.png redkitchen/seq-01/color/frame-000033.color.png 0.999987 0.000209995 -0.00511683 -0.00874608 -0.000174602 0.999976 0.00691589 -9.02778e-05 0.00511816 -0.00691491 0.999963 0.00485123 0.0 0.0 0.0 1.0
redkitchen/seq-01/color/frame-000033.color.png redkitchen/seq-01/color/frame-000036.color.png 0.999891 0.0145795 0.00243372 -0.0026178 -0.0145988 0.99986 0.00812607 -0.00163959 -0.00231492 -0.00816071 0.999964 0.0137485 0.0 0.0 0.0 1.0
redkitchen/seq-01/color/frame-000036.color.png redkitchen/seq-01/color/frame-000039.color.png 0.999996 -0.000192138 0.00280366 -0.0148254 0.000157385 0.999923 0.0123894 -0.00387198 -0.00280581 -0.0123889 0.999919 0.0100152 0.0 0.0 0.0 1.0
redkitchen/seq-01/color/frame-000039.color.png redkitchen/seq-01/color/frame-000042.color.png 0.999987 0.0043825 -0.00273795 -0.00853224 -0.00440273 0.999963 -0.00742646 0.00697923 0.00270531 0.00743841 0.999969 0.0105273 0.0 0.0 0.0 1.0
redkitchen/seq-01/color/frame-000042.color.png redkitchen/seq-01/color/frame-000045.color.png 0.999961 0.00811521 0.00336406 -0.0139405 -0.00810129 0.999959 -0.00413104 -0.0103349 -0.00339744 0.00410363 0.999986 0.0145876 0.0 0.0 0.0 1.0
redkitchen/seq-01/color/frame-000045.color.png redkitchen/seq-01/color/frame-000048.color.png 0.999993 0.00382461 0.000187426 -0.0225891 -0.00382369 0.999982 -0.00467109 -0.00616313 -0.000205296 0.00467034 0.999989 0.0110829 0.0 0.0 0.0 1.0
redkitchen/seq-01/color/frame-000048.color.png redkitchen/seq-01/color/frame-000051.color.png 0.999987 0.00497976 -0.000443636 -0.0195856 -0.00498397 0.999937 -0.0101108 -0.0068903 0.00039326 0.0101129 0.999949 0.017888 0.0 0.0 0.0 1.0
redkitchen/seq-01/color/frame-000051.color.png redkitchen/seq-01/color/frame-000054.color.png 0.999972 -0.00207532 -0.00724602 -0.0263504 0.00209268 0.999995 0.00239269 -0.00490492 0.00724101 -0.00240779 0.999971 0.018191 0.0 0.0 0.0 1.0
redkitchen/seq-01/color/frame-000054.color.png redkitchen/seq-01/color/frame-000057.color.png 0.999978 0.00493367 -0.0043351 -0.0312697 -0.00490149 0.99996 0.00740216 -0.0101439 0.00437146 -0.00738076 0.999963 0.0176018 0.0 0.0 0.0 1.0
redkitchen/seq-01/color/frame-000057.color.png redkitchen/seq-01/color/frame-000060.color.png 0.999919 0.00426014 -0.0120414 -0.0252507 -0.00411482 0.999919 0.0120682 -0.0108031 0.0120919 -0.0120176 0.999855 0.0251646 0.0 0.0 0.0 1.0
redkitchen/seq-01/color/frame-000060.color.png redkitchen/seq-01/color/frame-000063.color.png 0.99991 0.00599506 -0.0120052 -0.0240198 -0.00581306 0.999869 0.0151366 -0.0081797 0.0120944 -0.0150654 0.999813 0.0232039 0.0 0.0 0.0 1.0
redkitchen/seq-01/color/frame-000063.color.png redkitchen/seq-01/color/frame-000066.color.png 0.999929 0.00979429 -0.00685042 -0.0287578 -0.00970379 0.999867 0.0131184 -0.0177904 0.006978 -0.013051 0.999891 0.020449 0.0 0.0 0.0 1.0
redkitchen/seq-01/color/frame-000066.color.png redkitchen/seq-01/color/frame-000069.color.png 0.999892 0.00797987 -0.0123771 -0.0207527 -0.00786766 0.999928 0.00908871 -0.00883177 0.0124488 -0.00899034 0.999882 0.0185331 0.0 0.0 0.0 1.0
redkitchen/seq-01/color/frame-000069.color.png redkitchen/seq-01/color/frame-000072.color.png 0.99978 0.00852956 -0.019138 -0.00471106 -0.00839453 0.999939 0.00712537 -0.00960267 0.0191976 -0.00696315 0.999791 0.0240025 0.0 0.0 0.0 1.0
redkitchen/seq-01/color/frame-000072.color.png redkitchen/seq-01/color/frame-000075.color.png 0.999989 -0.00338935 -0.00330981 -0.0265801 0.00341927 0.999953 0.00908295 -0.0109571 0.00327888 -0.00909418 0.999953 0.0128899 0.0 0.0 0.0 1.0
redkitchen/seq-01/color/frame-000075.color.png redkitchen/seq-01/color/frame-000078.color.png 0.999939 -0.00172194 -0.0109195 -0.00501141 0.00171747 0.999998 -0.000418663 -0.00931747 0.0109202 0.000399901 0.99994 0.0139609 0.0 0.0 0.0 1.0
redkitchen/seq-01/color/frame-000078.color.png redkitchen/seq-01/color/frame-000081.color.png 0.999926 -0.00762053 -0.00947736 -0.00599095 0.00755905 0.99995 -0.00650921 -0.0031587 0.00952649 0.00643709 0.999934 0.00921017 0.0 0.0 0.0 1.0
redkitchen/seq-01/color/frame-000081.color.png redkitchen/seq-01/color/frame-000084.color.png 0.999974 0.00240143 -0.00683381 -0.00318664 -0.00248418 0.999923 -0.0121246 -0.00511387 0.00680419 0.0121412 0.999903 0.00851431 0.0 0.0 0.0 1.0
redkitchen/seq-01/color/frame-000084.color.png redkitchen/seq-01/color/frame-000087.color.png 0.999945 -0.000751013 -0.0104573 -0.00647521 0.000709389 0.999992 -0.00398408 -0.0104372 0.0104602 0.00397643 0.999937 0.00825322 0.0 0.0 0.0 1.0
redkitchen/seq-01/color/frame-000087.color.png redkitchen/seq-01/color/frame-000090.color.png 0.999911 0.0123286 -0.00518427 -0.00304723 -0.0123403 0.999921 -0.00223707 -0.0119544 0.0051563 0.00230083 0.999984 0.0111548 0.0 0.0 0.0 1.0
redkitchen/seq-01/color/frame-000090.color.png redkitchen/seq-01/color/frame-000093.color.png 0.999885 -0.00157968 -0.0150634 0.000629604 0.0014969 0.999984 -0.00550498 -0.00568166 0.0150719 0.0054818 0.999871 0.0164507 0.0 0.0 0.0 1.0
redkitchen/seq-01/color/frame-000093.color.png redkitchen/seq-01/color/frame-000096.color.png 0.999815 -0.00545344 -0.0184559 -0.00635007 0.00549611 0.999982 0.002261 -0.0124499 0.0184432 -0.002362 0.999827 0.0232645 0.0 0.0 0.0 1.0
redkitchen/seq-01/color/frame-000096.color.png redkitchen/seq-01/color/frame-000099.color.png 0.999801 -0.0100892 -0.0171992 -0.00446352 0.0100553 0.999947 -0.00205692 -0.0110702 0.0172191 0.00188357 0.99985 0.0246363 0.0 0.0 0.0 1.0
redkitchen/seq-01/color/frame-000099.color.png redkitchen/seq-01/color/frame-000102.color.png 0.99987 -0.00707553 -0.0145082 -0.00136107 0.00696508 0.999947 -0.00764888 -0.0125261 0.0145615 0.00754683 0.999865 0.0298566 0.0 0.0 0.0 1.0
redkitchen/seq-01/color/frame-000102.color.png redkitchen/seq-01/color/frame-000105.color.png 0.99995 0.00362807 -0.0093619 0.00803301 -0.00377148 0.999875 -0.0153448 -0.0106948 0.00930509 0.0153793 0.999838 0.0211272 0.0 0.0 0.0 1.0
redkitchen/seq-01/color/frame-000105.color.png redkitchen/seq-01/color/frame-000108.color.png 0.999941 -0.000392287 -0.0108978 -0.00303492 0.000362974 0.999996 -0.00269141 -0.0239102 0.0108988 0.00268729 0.999937 0.0205968 0.0 0.0 0.0 1.0
redkitchen/seq-01/color/frame-000108.color.png redkitchen/seq-01/color/frame-000111.color.png 0.999827 -0.00117383 -0.0185527 0.00633198 0.00114475 0.999998 -0.00157859 -0.0185241 0.0185545 0.00155708 0.999827 0.0280171 0.0 0.0 0.0 1.0
redkitchen/seq-01/color/frame-000111.color.png redkitchen/seq-01/color/frame-000114.color.png 0.999922 -0.00711633 -0.0102386 0.00563154 0.00701677 0.999928 -0.0097277 -0.00607565 0.0103072 0.0096551 0.9999 0.0211427 0.0 0.0 0.0 1.0
redkitchen/seq-01/color/frame-000114.color.png redkitchen/seq-01/color/frame-000117.color.png 0.999795 0.00841027 -0.0184441 0.0114246 -0.0084495 0.999962 -0.00204977 -0.0213963 0.0184261 0.00220519 0.999828 0.0178732 0.0 0.0 0.0 1.0
redkitchen/seq-01/color/frame-000117.color.png redkitchen/seq-01/color/frame-000120.color.png 0.999679 0.0238542 -0.00857938 0.00828728 -0.0238631 0.999715 -0.000936064 -0.0315008 0.00855457 0.0011405 0.999963 0.015806 0.0 0.0 0.0 1.0
redkitchen/seq-01/color/frame-000120.color.png redkitchen/seq-01/color/frame-000123.color.png 0.999744 -0.00736668 -0.0213908 0.0106525 0.00745467 0.999964 0.00403685 -0.00687638 0.0213603 -0.00419527 0.999763 0.0164591 0.0 0.0 0.0 1.0
redkitchen/seq-01/color/frame-000123.color.png redkitchen/seq-01/color/frame-000126.color.png 0.999803 0.0190057 -0.0056927 -0.00241959 -0.0190136 0.999818 -0.001331 -0.0275641 0.00566635 0.00143897 0.999983 0.0215626 0.0 0.0 0.0 1.0
redkitchen/seq-01/color/frame-000126.color.png redkitchen/seq-01/color/frame-000129.color.png 0.999899 0.0069434 -0.012388 0.00825459 -0.00700989 0.999961 -0.00533012 -0.0245247 0.0123505 0.00541641 0.999909 0.0211069 0.0 0.0 0.0 1.0
redkitchen/seq-01/color/frame-000129.color.png redkitchen/seq-01/color/frame-000132.color.png 0.99997 0.000859134 -0.00765188 0.00336221 -0.000898049 0.999987 -0.00508923 -0.0193624 0.00764738 0.00509596 0.999958 0.0164273 0.0 0.0 0.0 1.0
redkitchen/seq-01/color/frame-000132.color.png redkitchen/seq-01/color/frame-000135.color.png 0.999964 0.00847648 0.000162838 0.0113943 -0.00847454 0.999917 -0.00967298 -0.0162556 -0.000244773 0.00967124 0.999953 0.0105451 0.0 0.0 0.0 1.0
redkitchen/seq-01/color/frame-000135.color.png redkitchen/seq-01/color/frame-000138.color.png 0.999996 0.00270726 0.00026498 0.0106794 -0.00270513 0.999967 -0.00770198 -0.0142848 -0.000285833 0.00770124 0.99997 0.0114473 0.0 0.0 0.0 1.0
redkitchen/seq-01/color/frame-000138.color.png redkitchen/seq-01/color/frame-000141.color.png 0.999982 -0.0057858 0.00159082 0.00433037 0.00579836 0.999951 -0.00800564 -0.0202475 -0.00154447 0.00801472 0.999967 0.0148001 0.0 0.0 0.0 1.0
redkitchen/seq-01/color/frame-000141.color.png redkitchen/seq-01/color/frame-000144.color.png 0.999909 -0.0082184 0.0106612 0.000488102 0.00833477 0.999906 -0.010915 -0.00323811 -0.0105705 0.0110029 0.999884 0.00959724 0.0 0.0 0.0 1.0
redkitchen/seq-01/color/frame-000144.color.png redkitchen/seq-01/color/frame-000147.color.png 0.999783 -0.00240168 0.0206824 0.013255 0.00260108 0.99995 -0.0096194 -0.0143044 -0.0206583 0.00967111 0.99974 -0.000538468 0.0 0.0 0.0 1.0
redkitchen/seq-01/color/frame-000147.color.png redkitchen/seq-01/color/frame-000150.color.png 0.999589 -0.000838615 0.0286536 -0.00687605 0.00108388 0.999963 -0.00854591 -0.0142927 -0.0286453 0.00857344 0.999553 0.000593245 0.0 0.0 0.0 1.0
redkitchen/seq-01/color/frame-000150.color.png redkitchen/seq-01/color/frame-000153.color.png 0.999492 -0.00666827 0.0311797 -0.00958702 0.00688465 0.999953 -0.00683788 -0.00659531 -0.0311326 0.00704905 0.99949 -0.00687075 0.0 0.0 0.0 1.0
redkitchen/seq-01/color/frame-000153.color.png redkitchen/seq-01/color/frame-000156.color.png 0.99969 -0.015293 0.0196294 0.00564831 0.0154143 0.999863 -0.00604188 0.010066 -0.0195343 0.00634258 0.999789 -0.00392079 0.0 0.0 0.0 1.0
redkitchen/seq-01/color/frame-000156.color.png redkitchen/seq-01/color/frame-000159.color.png 0.999511 -0.00249042 0.0311511 -0.00910985 0.00243712 0.999996 0.00174996 -0.00556052 -0.0311553 -0.00167318 0.999513 -0.0123717 0.0 0.0 0.0 1.0
redkitchen/seq-01/color/frame-000159.color.png redkitchen/seq-01/color/frame-000162.color.png 0.999591 -0.0183325 0.0219693 5.88596e-05 0.0183793 0.999829 -0.00193163 -0.00133699 -0.0219301 0.00233463 0.999757 -0.0079149 0.0 0.0 0.0 1.0
redkitchen/seq-01/color/frame-000162.color.png redkitchen/seq-01/color/frame-000165.color.png 0.999584 -0.0128072 0.0258336 -0.00738208 0.0130126 0.999885 -0.00779544 0.00615102 -0.0257308 0.00812834 0.999636 -0.00512809 0.0 0.0 0.0 1.0
redkitchen/seq-01/color/frame-000165.color.png redkitchen/seq-01/color/frame-000168.color.png 0.999635 -0.00933606 0.0253714 -0.00457801 0.00928859 0.999955 0.00198857 -0.0031774 -0.0253888 -0.00175218 0.999676 -0.010681 0.0 0.0 0.0 1.0
redkitchen/seq-01/color/frame-000168.color.png redkitchen/seq-01/color/frame-000171.color.png 0.999632 -0.00429034 0.0267832 -0.00297371 0.00434663 0.999989 -0.00204443 0.00384307 -0.0267741 0.00216009 0.999639 -0.00976628 0.0 0.0 0.0 1.0
redkitchen/seq-01/color/frame-000171.color.png redkitchen/seq-01/color/frame-000174.color.png 0.999651 -0.0177521 0.0195478 0.00150803 0.0178422 0.999831 -0.0044449 -0.00139081 -0.0194655 0.00479212 0.999799 -0.00746542 0.0 0.0 0.0 1.0
redkitchen/seq-01/color/frame-000174.color.png redkitchen/seq-01/color/frame-000177.color.png 0.999597 -0.0105713 0.026345 -0.00372587 0.0106212 0.999942 -0.00175566 0.00223452 -0.0263249 0.00203477 0.999651 -0.00571465 0.0 0.0 0.0 1.0
redkitchen/seq-01/color/frame-000177.color.png redkitchen/seq-01/color/frame-000180.color.png 0.999584 -0.0163386 0.0237519 -0.00622782 0.0163391 0.999866 0.000171396 0.0110298 -0.0237516 0.00021675 0.999718 -0.0124303 0.0 0.0 0.0 1.0
redkitchen/seq-01/color/frame-000180.color.png redkitchen/seq-01/color/frame-000183.color.png 0.999399 -0.018906 0.0290544 -0.0162396 0.0189234 0.999821 -0.000324366 0.0076794 -0.0290431 0.000874 0.999578 -0.00104511 0.0 0.0 0.0 1.0
redkitchen/seq-01/color/frame-000183.color.png redkitchen/seq-01/color/frame-000186.color.png 0.99945 -0.016272 0.0288835 -0.0117354 0.0161151 0.999854 0.00565634 -0.00243199 -0.0289713 -0.00518776 0.999567 -0.0133281 0.0 0.0 0.0 1.0
redkitchen/seq-01/color/frame-000186.color.png redkitchen/seq-01/color/frame-000189.color.png 0.999555 -0.0157443 0.0253356 -0.00572307 0.0158302 0.99987 -0.00319111 0.0142169 -0.0252821 0.00359075 0.999674 -0.00571245 0.0 0.0 0.0 1.0
redkitchen/seq-01/color/frame-000189.color.png redkitchen/seq-01/color/frame-000192.color.png 0.999451 -0.0188935 0.0272291 -0.011938 0.0186925 0.999796 0.00761615 0.00372964 -0.0273675 -0.00710298 0.9996 -0.0125675 0.0 0.0 0.0 1.0
redkitchen/seq-01/color/frame-000192.color.png redkitchen/seq-01/color/frame-000195.color.png 0.999405 -0.0201305 0.0279917 -0.0127645 0.0199309 0.999774 0.00739037 0.00722229 -0.0281341 -0.00682808 0.999581 -0.0166596 0.0 0.0 0.0 1.0
redkitchen/seq-01/color/frame-000195.color.png redkitchen/seq-01/color/frame-000198.color.png 0.999608 -0.0233948 0.0153552 0.0112518 0.0232712 0.999696 0.00817815 0.00593302 -0.0155418 -0.00781762 0.999849 -0.00614569 0.0 0.0 0.0 1.0
redkitchen/seq-01/color/frame-000198.color.png redkitchen/seq-01/color/frame-000201.color.png 0.999397 -0.0222938 0.0266345 -0.0204843 0.0222319 0.999749 0.00261994 0.011984 -0.0266863 -0.00202622 0.999642 -0.0136466 0.0 0.0 0.0 1.0
redkitchen/seq-01/color/frame-000201.color.png redkitchen/seq-01/color/frame-000204.color.png 0.999689 -0.0131258 0.0212156 -0.000551082 0.0131058 0.999914 0.00108108 0.0130856 -0.0212278 -0.000802708 0.999774 -0.0186385 0.0 0.0 0.0 1.0
redkitchen/seq-01/color/frame-000204.color.png redkitchen/seq-01/color/frame-000207.color.png 0.99976 -0.0189542 0.0110202 -0.00146519 0.0190014 0.999811 -0.00419761 0.02349 -0.0109385 0.004406 0.999931 -0.0117553 0.0 0.0 0.0 1.0
redkitchen/seq-01/color/frame-000207.color.png redkitchen/seq-01/color/frame-000210.color.png 0.999878 -0.0122876 0.00962094 0.00114622 0.0122677 0.999923 0.00212565 0.00832394 -0.00964639 -0.00200736 0.999951 -0.0128326 0.0 0.0 0.0 1.0
redkitchen/seq-01/color/frame-000210.color.png redkitchen/seq-01/color/frame-000213.color.png 0.999887 -0.008139 0.0126261 0.00123287 0.00815342 0.999966 -0.00109341 0.0158319 -0.0126168 0.00119623 0.99992 -0.0124922 0.0 0.0 0.0 1.0
redkitchen/seq-01/color/frame-000213.color.png redkitchen/seq-01/color/frame-000216.color.png 0.999894 -0.0109366 0.00963436 0.00456066 0.0110121 0.999909 -0.00781281 0.0232862 -0.009548 0.00791806 0.999923 -0.0139723 0.0 0.0 0.0 1.0
redkitchen/seq-01/color/frame-000216.color.png redkitchen/seq-01/color/frame-000219.color.png 0.999845 -0.0162537 0.00682511 0.00725551 0.0163062 0.999837 -0.00770931 0.0185181 -0.00669871 0.0078194 0.999947 -0.00675178 0.0 0.0 0.0 1.0
redkitchen/seq-01/color/frame-000219.color.png redkitchen/seq-01/color/frame-000222.color.png 0.999842 -0.0177752 -0.000430611 0.0110078 0.0177738 0.999838 -0.00298359 0.0204539 0.000483565 0.00297547 0.999996 -0.0091413 0.0 0.0 0.0 1.0
redkitchen/seq-01/color/frame-000222.color.png redkitchen/seq-01/color/frame-000225.color.png 0.999901 -0.0140865 -0.000361136 0.00557482 0.014086 0.9999 -0.00132393 0.021156 0.000379741 0.00131872 0.999999 -0.0119772 0.0 0.0 0.0 1.0
redkitchen/seq-01/color/frame-000225.color.png redkitchen/seq-01/color/frame-000228.color.png 0.999973 -0.00724372 0.000809169 0.00527615 0.00724708 0.999965 -0.00421655 0.0181579 -0.000778609 0.00422229 0.999991 -0.0029934 0.0 0.0 0.0 1.0
redkitchen/seq-01/color/frame-000228.color.png redkitchen/seq-01/color/frame-000231.color.png 0.999853 -0.0145834 -0.00901804 0.0154714 0.0145639 0.999891 -0.0022291 0.0160117 0.00904959 0.00209743 0.999957 -0.0112639 0.0 0.0 0.0 1.0
redkitchen/seq-01/color/frame-000231.color.png redkitchen/seq-01/color/frame-000234.color.png 0.999963 -0.00850262 -0.00138338 0.00642531 0.00849797 0.999958 -0.00331767 0.0220173 0.00141152 0.0033058 0.999993 -0.00035736 0.0 0.0 0.0 1.0
redkitchen/seq-01/color/frame-000234.color.png redkitchen/seq-01/color/frame-000237.color.png 0.999937 -0.00899543 -0.00671845 0.0205347 0.00898952 0.999959 -0.000908059 0.0118591 0.00672633 0.000847604 0.999977 -0.015983 0.0 0.0 0.0 1.0
redkitchen/seq-01/color/frame-000237.color.png redkitchen/seq-01/color/frame-000240.color.png 0.999974 -0.00094086 -0.00715546 0.0156375 0.000907022 0.999988 -0.00472895 0.0135351 0.00715983 0.00472234 0.999963 -0.0069887 0.0 0.0 0.0 1.0
redkitchen/seq-01/color/frame-000240.color.png redkitchen/seq-01/color/frame-000243.color.png 0.999986 0.00521158 0.000112424 0.0129405 -0.00520955 0.999893 -0.0137021 0.017361 -0.000183802 0.0137013 0.999906 -0.00685138 0.0 0.0 0.0 1.0
redkitchen/seq-01/color/frame-000243.color.png redkitchen/seq-01/color/frame-000246.color.png 0.999971 0.00551924 -0.00524216 0.0196827 -0.00557831 0.999921 -0.0113128 0.0252336 0.00517928 0.0113417 0.999922 -0.00225192 0.0 0.0 0.0 1.0
redkitchen/seq-01/color/frame-000246.color.png redkitchen/seq-01/color/frame-000249.color.png 0.999995 0.00225844 -0.00232616 0.012122 -0.00227849 0.99996 -0.00866904 0.0220538 0.00230649 0.00867426 0.99996 -0.00682667 0.0 0.0 0.0 1.0
redkitchen/seq-01/color/frame-000249.color.png redkitchen/seq-01/color/frame-000252.color.png 0.999965 0.00705429 0.00458606 0.0101719 -0.00703007 0.999961 -0.00528817 0.0126209 -0.00462319 0.00525579 0.999975 -0.0061166 0.0 0.0 0.0 1.0
redkitchen/seq-01/color/frame-000252.color.png redkitchen/seq-01/color/frame-000255.color.png 0.999988 -0.00379833 0.00298824 0.00556009 0.00381705 0.999973 -0.0062863 0.011658 -0.00296425 0.00629761 0.999976 -0.00474536 0.0 0.0 0.0 1.0
redkitchen/seq-01/color/frame-000255.color.png redkitchen/seq-01/color/frame-000258.color.png 1.0 0.000562694 0.000808999 0.0156007 -0.000561464 0.999999 -0.00151779 0.00486869 -0.000809853 0.0015173 0.999999 -0.00971052 0.0 0.0 0.0 1.0
redkitchen/seq-01/color/frame-000258.color.png redkitchen/seq-01/color/frame-000261.color.png 0.999894 0.00720809 0.0126679 0.0127384 -0.00703507 0.999882 -0.0136486 0.0266336 -0.0127648 0.013558 0.999827 0.0105881 0.0 0.0 0.0 1.0
redkitchen/seq-01/color/frame-000261.color.png redkitchen/seq-01/color/frame-000264.color.png 0.999953 -0.00951517 0.00163958 0.00485143 0.00952866 0.999919 -0.00838687 0.0178438 -0.00155969 0.00840211 0.999963 0.00197944 0.0 0.0 0.0 1.0
redkitchen/seq-01/color/frame-000264.color.png redkitchen/seq-01/color/frame-000267.color.png 0.999992 -0.00385201 -0.00135567 0.0250184 0.00385817 0.999982 0.00460852 0.0147155 0.00133796 -0.00461371 0.999989 -0.00468934 0.0 0.0 0.0 1.0
redkitchen/seq-01/color/frame-000267.color.png redkitchen/seq-01/color/frame-000270.color.png 0.999997 0.00223285 0.00130794 0.00938413 -0.00223816 0.999989 0.00403367 0.0114575 -0.00129892 -0.00403657 0.999991 0.000325173 0.0 0.0 0.0 1.0
redkitchen/seq-01/color/frame-000270.color.png redkitchen/seq-01/color/frame-000273.color.png 0.999966 -0.00571839 0.00597454 0.0122058 0.00567948 0.999963 0.00651483 0.0147426 -0.00601158 -0.00648071 0.999961 0.00615284 0.0 0.0 0.0 1.0
redkitchen/seq-01/color/frame-000273.color.png redkitchen/seq-01/color/frame-000276.color.png 0.999983 0.00399008 -0.00417906 0.0338044 -0.00395632 0.99996 0.00806061 0.0184702 0.00421102 -0.00804393 0.999959 -0.00220239 0.0 0.0 0.0 1.0
redkitchen/seq-01/color/frame-000276.color.png redkitchen/seq-01/color/frame-000279.color.png 0.999835 0.0174127 0.0052682 0.0109142 -0.0174631 0.999801 0.00968287 0.016323 -0.00509852 -0.00977327 0.999939 0.00440809 0.0 0.0 0.0 1.0
redkitchen/seq-01/color/frame-000279.color.png redkitchen/seq-01/color/frame-000282.color.png 0.999933 0.0106753 -0.0045557 0.0248361 -0.0106538 0.999932 0.00472606 0.00860707 0.00460586 -0.00467721 0.999978 0.000937045 0.0 0.0 0.0 1.0
redkitchen/seq-01/color/frame-000282.color.png redkitchen/seq-01/color/frame-000285.color.png 0.999916 0.00416589 -0.0122857 0.0351857 -0.00410158 0.999978 0.0052528 0.0114669 0.0123073 -0.00520199 0.999911 -0.00863501 0.0 0.0 0.0 1.0
redkitchen/seq-01/color/frame-000285.color.png redkitchen/seq-01/color/frame-000288.color.png 0.999938 0.0107533 0.00281884 0.0168137 -0.0107529 0.999942 -0.000151735 0.0222995 -0.00282031 0.000121437 0.999996 0.00636238 0.0 0.0 0.0 1.0
redkitchen/seq-01/color/frame-000288.color.png redkitchen/seq-01/color/frame-000291.color.png 0.999903 0.0019355 -0.0138084 0.0263814 -0.00189123 0.999993 0.00321943 0.00487957 0.0138145 -0.00319302 0.9999 -0.00500113 0.0 0.0 0.0 1.0
redkitchen/seq-01/color/frame-000291.color.png redkitchen/seq-01/color/frame-000294.color.png 0.99991 0.0132396 -0.00230472 0.0188381 -0.0132207 0.99988 0.00805527 0.0159545 0.00241112 -0.00802408 0.999965 0.00217357 0.0 0.0 0.0 1.0
redkitchen/seq-01/color/frame-000294.color.png redkitchen/seq-01/color/frame-000297.color.png 0.999919 0.00672614 -0.0108405 0.0299252 -0.00664648 0.999951 0.00736556 0.0180165 0.0108894 -0.00729287 0.999914 -0.00207758 0.0 0.0 0.0 1.0
redkitchen/seq-01/color/frame-000297.color.png redkitchen/seq-01/color/frame-000300.color.png 0.999984 0.00274962 -0.00503414 0.0209752 -0.00271057 0.999966 0.0077486 0.00825169 0.00505529 -0.00773483 0.999957 -0.00417817 0.0 0.0 0.0 1.0
redkitchen/seq-01/color/frame-000300.color.png redkitchen/seq-01/color/frame-000303.color.png 0.999995 -0.00288997 -0.00100153 0.0136723 0.00288911 0.999995 -0.000878809 0.00912088 0.00100406 0.000875897 0.999999 0.00631887 0.0 0.0 0.0 1.0
redkitchen/seq-01/color/frame-000303.color.png redkitchen/seq-01/color/frame-000306.color.png 0.999965 -0.00754961 0.00362012 0.0178148 0.00751567 0.999929 0.00929589 -0.000600118 -0.00369003 -0.00926836 0.99995 -0.000988275 0.0 0.0 0.0 1.0
redkitchen/seq-01/color/frame-000306.color.png redkitchen/seq-01/color/frame-000309.color.png 0.999903 -0.0139154 0.000776473 0.0278921 0.0139084 0.999868 0.00835564 0.00276386 -0.000892616 -0.00834403 0.999965 -0.00239676 0.0 0.0 0.0 1.0
redkitchen/seq-01/color/frame-000309.color.png redkitchen/seq-01/color/frame-000312.color.png 0.999983 0.000466 0.00585036 0.0127335 -0.000487017 0.999993 0.00359803 0.0204772 -0.00584866 -0.00360082 0.999976 -0.00139779 0.0 0.0 0.0 1.0
redkitchen/seq-01/color/frame-000312.color.png redkitchen/seq-01/color/frame-000315.color.png 0.99996 -0.00714018 -0.00548204 0.023615 0.00724302 0.999794 0.0189692 -0.02036 0.00534547 -0.0190082 0.999805 -0.0263876 0.0 0.0 0.0 1.0
redkitchen/seq-01/color/frame-000315.color.png redkitchen/seq-01/color/frame-000318.color.png 0.99999 -0.00293535 -0.00324611 0.0162145 0.00296514 0.999953 0.00920959 -0.000598408 0.00321891 -0.00921913 0.999952 -0.0110156 0.0 0.0 0.0 1.0
redkitchen/seq-01/color/frame-000318.color.png redkitchen/seq-01/color/frame-000321.color.png 0.999981 1.77657e-05 -0.00614881 0.0207877 -5.87843e-05 0.999978 -0.0066699 0.0215714 0.00614857 0.00667014 0.999959 -0.0122778 0.0 0.0 0.0 1.0
redkitchen/seq-01/color/frame-000321.color.png redkitchen/seq-01/color/frame-000324.color.png 0.999923 0.0102144 -0.00704096 0.0252209 -0.010144 0.999899 0.00996733 0.0106588 0.00714207 -0.00989515 0.999925 -0.0141798 0.0 0.0 0.0 1.0
redkitchen/seq-01/color/frame-000324.color.png redkitchen/seq-01/color/frame-000327.color.png 0.999885 0.00935598 -0.0119078 0.0286745 -0.0094284 0.999937 -0.0060374 0.0195838 0.0118506 0.00614899 0.999911 -0.0256896 0.0 0.0 0.0 1.0
redkitchen/seq-01/color/frame-000327.color.png redkitchen/seq-01/color/frame-000330.color.png 0.999784 0.00200933 -0.0206631 0.0259219 -0.00201115 0.999998 -6.73931e-05 0.0104803 0.0206629 0.000108934 0.999786 -0.0256915 0.0 0.0 0.0 1.0
redkitchen/seq-01/color/frame-000330.color.png redkitchen/seq-01/color/frame-000333.color.png 0.999767 0.0185221 -0.0110558 0.0198588 -0.0185056 0.999828 0.0015926 0.0160417 0.0110834 -0.00138764 0.999938 -0.0203446 0.0 0.0 0.0 1.0
redkitchen/seq-01/color/frame-000333.color.png redkitchen/seq-01/color/frame-000336.color.png 0.999367 0.026879 -0.0233044 0.0379575 -0.0270563 0.999607 -0.00732485 0.0308396 0.0230984 0.00795075 0.999702 -0.0386959 0.0 0.0 0.0 1.0
redkitchen/seq-01/color/frame-000336.color.png redkitchen/seq-01/color/frame-000339.color.png 0.999864 0.00226114 -0.0163182 0.0272737 -0.00235868 0.999979 -0.00595984 0.00879792 0.0163044 0.00599751 0.999849 -0.0279677 0.0 0.0 0.0 1.0
redkitchen/seq-01/color/frame-000339.color.png redkitchen/seq-01/color/frame-000342.color.png 0.999986 0.0053644 4.68015e-05 0.0278957 -0.00536453 0.99998 0.00338415 0.011614 -2.86448e-05 -0.00338436 0.999994 -0.008753 0.0 0.0 0.0 1.0
redkitchen/seq-01/color/frame-000342.color.png redkitchen/seq-01/color/frame-000345.color.png 0.99997 -0.00772693 0.000400069 0.0369738 0.00773143 0.999888 -0.0128311 0.00868253 -0.000300886 0.0128338 0.999917 -0.0210062 0.0 0.0 0.0 1.0
redkitchen/seq-01/color/frame-000345.color.png redkitchen/seq-01/color/frame-000348.color.png 0.999868 -0.00331807 0.0159347 0.0110918 0.00327092 0.99999 0.00298448 -0.00034216 -0.0159444 -0.00293196 0.999869 0.00359654 0.0 0.0 0.0 1.0
redkitchen/seq-01/color/frame-000348.color.png redkitchen/seq-01/color/frame-000351.color.png 0.999731 -0.0215413 -0.00855806 0.0278513 0.0214519 0.999716 -0.0104046 -0.0100697 0.00877975 0.0102182 0.999909 -0.0186944 0.0 0.0 0.0 1.0
redkitchen/seq-01/color/frame-000351.color.png redkitchen/seq-01/color/frame-000354.color.png 0.999907 0.00659094 0.011921 0.0194615 -0.00667686 0.999952 0.00718079 0.00731081 -0.0118731 -0.00725972 0.999903 0.00586335 0.0 0.0 0.0 1.0
redkitchen/seq-01/color/frame-000354.color.png redkitchen/seq-01/color/frame-000357.color.png 0.999947 0.0102875 -0.000306518 0.0189612 -0.0102866 0.999943 0.00295678 0.0204198 0.000336943 -0.00295346 0.999996 -0.00871951 0.0 0.0 0.0 1.0
redkitchen/seq-01/color/frame-000357.color.png redkitchen/seq-01/color/frame-000360.color.png 0.99999 -0.0017923 0.00417404 0.0144202 0.00176134 0.999971 0.0074189 0.00651284 -0.00418724 -0.00741148 0.999964 0.0112959 0.0 0.0 0.0 1.0
redkitchen/seq-01/color/frame-000360.color.png redkitchen/seq-01/color/frame-000363.color.png 0.999993 0.00356826 0.000821884 0.021252 -0.00357499 0.999959 0.00832091 0.00780927 -0.00079213 -0.00832379 0.999965 0.000343315 0.0 0.0 0.0 1.0
redkitchen/seq-01/color/frame-000363.color.png redkitchen/seq-01/color/frame-000366.color.png 0.999868 -0.0115832 0.0113508 0.0159631 0.0115749 0.999933 0.000790716 -0.00521933 -0.0113592 -0.000659225 0.999935 0.00177486 0.0 0.0 0.0 1.0
redkitchen/seq-01/color/frame-000366.color.png redkitchen/seq-01/color/frame-000369.color.png 0.99997 -0.00628459 0.00459817 0.0230338 0.00627324 0.999977 0.00247392 0.0109468 -0.00461361 -0.002445 0.999986 0.0034421 0.0 0.0 0.0 1.0
redkitchen/seq-01/color/frame-000369.color.png redkitchen/seq-01/color/frame-000372.color.png 0.99995 -0.00301395 0.00957578 0.0234649 0.0028265 0.999805 0.0195285 0.00631018 -0.00963278 -0.0195004 0.999763 0.00913541 0.0 0.0 0.0 1.0
redkitchen/seq-01/color/frame-000372.color.png redkitchen/seq-01/color/frame-000375.color.png 0.999972 -0.00744614 0.000727164 0.0202705 0.0074361 0.999888 0.0129837 -0.00135697 -0.000823742 -0.0129779 0.999916 0.00650381 0.0 0.0 0.0 1.0
redkitchen/seq-01/color/frame-000375.color.png redkitchen/seq-01/color/frame-000378.color.png 0.999994 -0.00076662 -0.00344039 0.0223207 0.000795577 0.999964 0.00843564 0.012831 0.0034338 -0.00843833 0.999958 -0.00203165 0.0 0.0 0.0 1.0
redkitchen/seq-01/color/frame-000378.color.png redkitchen/seq-01/color/frame-000381.color.png 0.999989 0.000572546 -0.00461675 0.0313767 -0.000436736 0.999568 0.02937 0.0093516 0.00463159 -0.0293676 0.999558 0.00610825 0.0 0.0 0.0 1.0
redkitchen/seq-01/color/frame-000381.color.png redkitchen/seq-01/color/frame-000384.color.png 0.999961 0.00878636 0.000608328 0.0147012 -0.00879715 0.999742 0.0209505 0.00543554 -0.000424059 -0.020955 0.99978 0.00442457 0.0 0.0 0.0 1.0
redkitchen/seq-01/color/frame-000384.color.png redkitchen/seq-01/color/frame-000387.color.png 0.999909 0.0101749 0.00880567 0.0130385 -0.0103272 0.999795 0.0174224 0.00158349 -0.00862661 -0.0175117 0.999809 0.0164629 0.0 0.0 0.0 1.0
redkitchen/seq-01/color/frame-000387.color.png redkitchen/seq-01/color/frame-000390.color.png 0.999996 0.00242892 0.00137741 0.0204154 -0.00242481 0.999993 -0.00299739 0.00441824 -0.0013847 0.00299401 0.999995 -0.000415824 0.0 0.0 0.0 1.0
redkitchen/seq-01/color/frame-000390.color.png redkitchen/seq-01/color/frame-000393.color.png 0.999811 0.014145 0.0133127 0.019863 -0.0142141 0.999886 0.00511082 0.00514652 -0.0132388 -0.00529907 0.999898 0.0156624 0.0 0.0 0.0 1.0
redkitchen/seq-01/color/frame-000393.color.png redkitchen/seq-01/color/frame-000396.color.png 0.999999 -0.0014179 -0.000768042 0.0231352 0.0014132 0.999981 -0.0060716 -0.00141747 0.000776597 0.0060705 0.999981 -0.000933737 0.0 0.0 0.0 1.0
redkitchen/seq-01/color/frame-000396.color.png redkitchen/seq-01/color/frame-000399.color.png 0.999835 0.000655725 0.0181745 0.0195692 -0.000436445 0.999927 -0.0120677 -0.00957893 -0.0181811 0.0120578 0.999762 0.0161542 0.0 0.0 0.0 1.0
redkitchen/seq-01/color/frame-000399.color.png redkitchen/seq-01/color/frame-000402.color.png 0.999806 0.0119796 0.0156471 0.00378013 -0.0120678 0.999912 0.00555961 0.00296362 -0.0155792 -0.00574736 0.999862 0.0195364 0.0 0.0 0.0 1.0
redkitchen/seq-01/color/frame-000402.color.png redkitchen/seq-01/color/frame-000405.color.png 0.999736 0.0199544 0.0113433 0.012485 -0.0200758 0.999741 0.0106878 0.010265 -0.0111271 -0.0109127 0.999878 0.0104117 0.0 0.0 0.0 1.0
redkitchen/seq-01/color/frame-000405.color.png redkitchen/seq-01/color/frame-000408.color.png 0.999885 0.000372259 0.0151547 0.00686085 -0.000365138 1.0 -0.000472722 -0.00270543 -0.0151548 0.000467141 0.999885 0.0182336 0.0 0.0 0.0 1.0
redkitchen/seq-01/color/frame-000408.color.png redkitchen/seq-01/color/frame-000411.color.png 0.999714 0.00604732 0.023145 0.00910318 -0.00600566 0.99998 -0.00186929 -0.00988239 -0.0231559 0.00172973 0.99973 0.0236082 0.0 0.0 0.0 1.0
redkitchen/seq-01/color/frame-000411.color.png redkitchen/seq-01/color/frame-000414.color.png 0.999978 0.00403354 0.00517723 0.0138364 -0.00404264 0.99999 0.00174678 -0.00373328 -0.00517015 -0.00176769 0.999985 0.00072962 0.0 0.0 0.0 1.0
redkitchen/seq-01/color/frame-000414.color.png redkitchen/seq-01/color/frame-000417.color.png 0.999852 0.0116694 0.0126536 0.00047195 -0.0116955 0.999929 0.00199632 -0.00505695 -0.0126294 -0.002144 0.999918 0.0137457 0.0 0.0 0.0 1.0
redkitchen/seq-01/color/frame-000417.color.png redkitchen/seq-01/color/frame-000420.color.png 0.999987 -0.00468059 0.00191567 0.0145863 0.00470292 0.999919 -0.0118323 -0.020253 -0.00186021 0.0118411 0.999928 -0.00978252 0.0 0.0 0.0 1.0
redkitchen/seq-01/color/frame-000420.color.png redkitchen/seq-01/color/frame-000423.color.png 0.999762 0.0160041 0.0148043 -0.000564814 -0.0160773 0.999859 0.00483565 0.0040077 -0.0147249 -0.00507251 0.999879 0.0199783 0.0 0.0 0.0 1.0
redkitchen/seq-01/color/frame-000423.color.png redkitchen/seq-01/color/frame-000426.color.png 0.999965 -0.00303277 0.00780086 0.00160587 0.00304223 0.999995 -0.00120176 -0.0238185 -0.00779717 0.00122544 0.999969 0.0121447 0.0 0.0 0.0 1.0
redkitchen/seq-01/color/frame-000426.color.png redkitchen/seq-01/color/frame-000429.color.png 0.999994 -0.00206599 -0.00269899 -0.00454235 0.00203607 0.999937 -0.0110418 -0.0161322 0.00272174 0.0110362 0.999936 0.00351626 0.0 0.0 0.0 1.0
redkitchen/seq-01/color/frame-000429.color.png redkitchen/seq-01/color/frame-000432.color.png 0.999963 0.00600296 -0.00623528 -0.00318491 -0.00600624 0.999982 -0.000504939 -0.0220268 0.00623201 0.000542349 0.99998 -0.00501107 0.0 0.0 0.0 1.0
redkitchen/seq-01/color/frame-000432.color.png redkitchen/seq-01/color/frame-000435.color.png 0.999682 -0.0166754 -0.0188995 0.00132549 0.016176 0.999524 -0.0262765 -0.0407496 0.0193287 0.0259624 0.999476 -0.0252762 0.0 0.0 0.0 1.0
redkitchen/seq-01/color/frame-000435.color.png redkitchen/seq-01/color/frame-000438.color.png 0.99985 0.0157537 -0.00720348 -0.00706363 -0.0158101 0.999844 -0.00783328 0.00349495 0.00707898 0.007946 0.999943 -0.00289006 0.0 0.0 0.0 1.0
redkitchen/seq-01/color/frame-000438.color.png redkitchen/seq-01/color/frame-000441.color.png 0.999714 0.022635 -0.00764016 -0.0137568 -0.0226585 0.999739 -0.00299239 -0.00104577 0.00757039 0.00316465 0.999966 -4.01735e-05 0.0 0.0 0.0 1.0
redkitchen/seq-01/color/frame-000441.color.png redkitchen/seq-01/color/frame-000444.color.png 0.999532 0.0291153 -0.0093404 -0.0124207 -0.0292605 0.999447 -0.0158041 0.00730906 0.00887505 0.0160701 0.999831 -0.0102387 0.0 0.0 0.0 1.0
redkitchen/seq-01/color/frame-000444.color.png redkitchen/seq-01/color/frame-000447.color.png 0.999521 0.0271826 -0.0148247 -0.0234658 -0.0273891 0.999528 -0.0139084 0.00448823 0.0144396 0.0143078 0.999793 -0.0122757 0.0 0.0 0.0 1.0
redkitchen/seq-01/color/frame-000447.color.png redkitchen/seq-01/color/frame-000450.color.png 0.999707 0.0120007 -0.0210402 -0.0213593 -0.0123625 0.999777 -0.0171494 -0.00251001 0.0208296 0.0174045 0.999632 -0.0158911 0.0 0.0 0.0 1.0
redkitchen/seq-01/color/frame-000450.color.png redkitchen/seq-01/color/frame-000453.color.png 0.999853 0.0153909 -0.00756251 -0.022296 -0.0153794 0.99988 0.00158019 -0.00455503 0.00758594 -0.00146366 0.99997 -0.00417283 0.0 0.0 0.0 1.0
redkitchen/seq-01/color/frame-000453.color.png redkitchen/seq-01/color/frame-000456.color.png 0.999905 0.00666511 -0.0120648 -0.0350682 -0.00667793 0.999977 -0.00102268 -0.0200171 0.0120577 0.00110315 0.999927 -0.00607532 0.0 0.0 0.0 1.0
redkitchen/seq-01/color/frame-000456.color.png redkitchen/seq-01/color/frame-000459.color.png 0.999681 0.015939 -0.0195801 -0.0282067 -0.0161357 0.999821 -0.00992659 -0.000718266 0.0194183 0.0102394 0.999759 -0.0242582 0.0 0.0 0.0 1.0
redkitchen/seq-01/color/frame-000459.color.png redkitchen/seq-01/color/frame-000462.color.png 0.999683 0.000452754 -0.0251684 -0.046247 -0.0011201 0.999648 -0.0265077 0.0035518 0.0251476 0.0265275 0.999332 -0.0110928 0.0 0.0 0.0 1.0
redkitchen/seq-01/color/frame-000462.color.png redkitchen/seq-01/color/frame-000465.color.png 0.99969 0.00841002 -0.0234182 -0.0328824 -0.00837121 0.999963 0.00175441 -0.00210595 0.0234321 -0.00155785 0.999724 -0.0102074 0.0 0.0 0.0 1.0
redkitchen/seq-01/color/frame-000465.color.png redkitchen/seq-01/color/frame-000468.color.png 0.999465 0.00268742 -0.032584 -0.0473713 -0.00296088 0.999961 -0.00834694 0.00450966 0.0325603 0.00843897 0.999434 -0.0183882 0.0 0.0 0.0 1.0
redkitchen/seq-01/color/frame-000468.color.png redkitchen/seq-01/color/frame-000471.color.png 0.998866 0.00546639 -0.0472952 -0.010968 -0.00573336 0.999968 -0.00551097 0.0121779 0.0472636 0.00577588 0.998866 -0.0435529 0.0 0.0 0.0 1.0
redkitchen/seq-01/color/frame-000471.color.png redkitchen/seq-01/color/frame-000474.color.png 0.999629 0.00862461 -0.025835 -0.0383328 -0.00859732 0.999962 0.00116786 0.0100599 0.0258441 -0.000945304 0.999665 -0.0272945 0.0 0.0 0.0 1.0
redkitchen/seq-01/color/frame-000474.color.png redkitchen/seq-01/color/frame-000477.color.png 0.999671 -0.003911 -0.025335 -0.0265994 0.00406312 0.999974 0.0059552 -0.0151474 0.025311 -0.00605619 0.999661 -0.0243771 0.0 0.0 0.0 1.0
redkitchen/seq-01/color/frame-000477.color.png redkitchen/seq-01/color/frame-000480.color.png 0.999713 -0.00496165 -0.0234325 -0.0112111 0.00498473 0.999987 0.000926328 -0.00904344 0.0234276 -0.00104285 0.999725 -0.0258251 0.0 0.0 0.0 1.0
redkitchen/seq-01/color/frame-000480.color.png redkitchen/seq-01/color/frame-000483.color.png 0.999609 -0.0166064 -0.0224889 -0.00835437 0.0167733 0.999833 0.00725418 -0.0123105 0.0223647 -0.00762856 0.999721 -0.0118884 0.0 0.0 0.0 1.0
redkitchen/seq-01/color/frame-000483.color.png redkitchen/seq-01/color/frame-000486.color.png 0.999893 -0.0144367 -0.00239799 -0.0296395 0.0144504 0.999879 0.00580308 -0.00708137 0.00231393 -0.0058371 0.99998 -0.00834997 0.0 0.0 0.0 1.0
redkitchen/seq-01/color/frame-000486.color.png redkitchen/seq-01/color/frame-000489.color.png 0.999854 -0.0144113 -0.00922409 -0.0106451 0.0144248 0.999895 0.0014011 -0.00879128 0.00920291 -0.00153395 0.999957 -0.00142372 0.0 0.0 0.0 1.0
redkitchen/seq-01/color/frame-000489.color.png redkitchen/seq-01/color/frame-000492.color.png 0.9999 -0.0138586 0.00283058 -0.0180404 0.0138242 0.999835 0.0118218 -0.0149911 -0.00299394 -0.0117815 0.999926 0.00566587 0.0 0.0 0.0 1.0
redkitchen/seq-01/color/frame-000492.color.png redkitchen/seq-01/color/frame-000495.color.png 0.99994 -0.00745264 0.00800651 -0.0162621 0.00736518 0.999914 0.0108982 -0.00744723 -0.00808704 -0.0108385 0.999909 0.0186695 0.0 0.0 0.0 1.0
redkitchen/seq-01/color/frame-000495.color.png redkitchen/seq-01/color/frame-000498.color.png 0.999872 -0.0083183 0.0136464 -0.0241476 0.00810522 0.999846 0.0155959 -0.0117498 -0.013774 -0.0154833 0.999785 0.0160142 0.0 0.0 0.0 1.0
redkitchen/seq-01/color/frame-000498.color.png redkitchen/seq-01/color/frame-000501.color.png 0.999873 -0.0155026 0.00361207 -0.0139373 0.015498 0.999879 0.00130184 -0.00713125 -0.00363182 -0.00124569 0.999992 0.0135598 0.0 0.0 0.0 1.0
redkitchen/seq-01/color/frame-000501.color.png redkitchen/seq-01/color/frame-000504.color.png 0.999431 -0.031681 0.0115859 -0.0258409 0.0315136 0.9994 0.0143524 -0.0267399 -0.0120337 -0.0139791 0.99983 0.0255758 0.0 0.0 0.0 1.0
redkitchen/seq-01/color/frame-000504.color.png redkitchen/seq-01/color/frame-000507.color.png 0.999496 -0.0256762 0.0186813 -0.0359564 0.0253709 0.999544 0.0163997 -0.0250085 -0.0190938 -0.0159175 0.999691 0.0260957 0.0 0.0 0.0 1.0
