heads/seq-02/color/frame-000000.color.png heads/seq-02/color/frame-000003.color.png 0.999987 -0.00502763 -0.000229886 0.00123576 0.00502655 0.999977 -0.00448115 -0.00200255 0.000252411 0.00447994 0.99999 -0.00329682 0.0 0.0 0.0 1.0
heads/seq-02/color/frame-000001.color.png heads/seq-02/color/frame-000004.color.png 0.999999 -0.000984482 0.00142442 0.00248607 0.000991109 0.999989 -0.00465991 -0.00231348 -0.00141982 0.00466132 0.999988 -0.00420291 0.0 0.0 0.0 1.0
heads/seq-02/color/frame-000002.color.png heads/seq-02/color/frame-000005.color.png 0.999953 0.00705193 0.00664788 0.00320556 -0.0070129 0.999958 -0.00587596 -0.00250749 -0.00668904 0.00582907 0.999961 -0.00435014 0.0 0.0 0.0 1.0
heads/seq-02/color/frame-000003.color.png heads/seq-02/color/frame-000006.color.png 0.999811 0.013238 0.0142169 0.00181898 -0.0131502 0.999894 -0.00625251 -0.00461547 -0.0142982 0.00606438 0.999879 -0.00437125 0.0 0.0 0.0 1.0
heads/seq-02/color/frame-000004.color.png heads/seq-02/color/frame-000007.color.png 0.999787 0.0128205 0.0161584 -0.00114453 -0.0126785 0.99988 -0.0088622 -0.00749345 -0.0162701 0.00865545 0.99983 -0.00443982 0.0 0.0 0.0 1.0
heads/seq-02/color/frame-000005.color.png heads/seq-02/color/frame-000008.color.png 0.999941 0.00657636 0.0086631 -0.00337747 -0.0064224 0.999823 -0.0176806 -0.00738769 -0.00877784 0.0176239 0.999806 -0.00468194 0.0 0.0 0.0 1.0
heads/seq-02/color/frame-000006.color.png heads/seq-02/color/frame-000009.color.png 0.999988 0.00372781 -0.00329629 -0.00099524 -0.00381187 0.999658 -0.0258755 -0.00283932 0.00319871 0.0258877 0.99966 -0.00577702 0.0 0.0 0.0 1.0
heads/seq-02/color/frame-000007.color.png heads/seq-02/color/frame-000010.color.png 0.999972 0.00361193 -0.00657642 0.0028208 -0.00377011 0.9997 -0.0242006 4.00376e-05 0.00648703 0.0242247 0.999686 -0.00536087 0.0 0.0 0.0 1.0
heads/seq-02/color/frame-000008.color.png heads/seq-02/color/frame-000011.color.png 0.999982 0.00495828 -0.00339586 0.00335318 -0.00500552 0.999889 -0.0140449 0.00146625 0.00332584 0.0140616 0.999896 -0.0031134 0.0 0.0 0.0 1.0
heads/seq-02/color/frame-000009.color.png heads/seq-02/color/frame-000012.color.png 0.99996 0.007466 0.00495986 0.00499028 -0.00744076 0.999959 -0.00508839 -0.00398855 -0.00499765 0.00505128 0.999975 -0.00278294 0.0 0.0 0.0 1.0
heads/seq-02/color/frame-000010.color.png heads/seq-02/color/frame-000013.color.png 0.999899 0.00495468 0.0133133 0.000385694 -0.00482953 0.999944 -0.00941651 -0.00265311 -0.0133592 0.00935128 0.999867 -0.0033689 0.0 0.0 0.0 1.0
heads/seq-02/color/frame-000011.color.png heads/seq-02/color/frame-000014.color.png 0.999904 0.0043618 0.0131525 0.000573509 -0.00421463 0.999928 -0.0111963 -0.00128275 -0.0132003 0.0111398 0.999851 -0.00354069 0.0 0.0 0.0 1.0
heads/seq-02/color/frame-000012.color.png heads/seq-02/color/frame-000015.color.png 0.999853 -0.0127878 0.0114392 -0.00496045 0.0129186 0.999851 -0.0114349 0.00250159 -0.0112912 0.011581 0.999869 -0.00288617 0.0 0.0 0.0 1.0
heads/seq-02/color/frame-000013.color.png heads/seq-02/color/frame-000016.color.png 0.999649 -0.0262408 -0.0035149 -0.00228697 0.0262343 0.999654 -0.00186448 -0.00492444 0.0035626 0.00177163 0.999992 -0.00362229 0.0 0.0 0.0 1.0
heads/seq-02/color/frame-000014.color.png heads/seq-02/color/frame-000017.color.png 0.999645 -0.026215 -0.00478937 -0.00155631 0.0262072 0.999655 -0.00169689 -0.00555472 0.0048322 0.00157078 0.999987 -0.00383205 0.0 0.0 0.0 1.0
heads/seq-02/color/frame-000015.color.png heads/seq-02/color/frame-000018.color.png 0.999654 -0.0231119 -0.0125381 0.00349725 0.023057 0.999724 -0.004501 -0.0070808 0.0126387 0.00421036 0.999911 -0.00636267 0.0 0.0 0.0 1.0
heads/seq-02/color/frame-000016.color.png heads/seq-02/color/frame-000019.color.png 0.999858 -0.0141198 -0.00923189 0.00637946 0.0140258 0.99985 -0.0101709 -0.00184774 0.00937411 0.01004 0.999906 -0.00872426 0.0 0.0 0.0 1.0
heads/seq-02/color/frame-000017.color.png heads/seq-02/color/frame-000020.color.png 0.999858 -0.0140987 -0.0092784 0.00645819 0.0140091 0.999855 -0.0096449 -0.00204767 0.00941304 0.00951354 0.99991 -0.00897885 0.0 0.0 0.0 1.0
heads/seq-02/color/frame-000018.color.png heads/seq-02/color/frame-000021.color.png 0.99995 -0.00985648 -0.00134558 0.00400868 0.00984859 0.999935 -0.00574961 -0.0026111 0.00140216 0.00573608 0.999983 -0.0101357 0.0 0.0 0.0 1.0
heads/seq-02/color/frame-000019.color.png heads/seq-02/color/frame-000022.color.png 0.999939 -0.0110335 -0.000677019 0.00212487 0.0110306 0.99993 -0.0041796 -0.00211487 0.00072309 0.00417187 0.999991 -0.00923524 0.0 0.0 0.0 1.0
heads/seq-02/color/frame-000020.color.png heads/seq-02/color/frame-000023.color.png 0.999937 -0.0112114 -0.000284262 0.00205174 0.0112097 0.999923 -0.00540051 -0.00132805 0.000344785 0.00539698 0.999985 -0.00957345 0.0 0.0 0.0 1.0
heads/seq-02/color/frame-000021.color.png heads/seq-02/color/frame-000024.color.png 0.999923 -0.0107166 -0.00631145 0.00329038 0.0107034 0.99994 -0.00213123 -0.000134263 0.00633391 0.0020635 0.999978 -0.0114765 0.0 0.0 0.0 1.0
heads/seq-02/color/frame-000022.color.png heads/seq-02/color/frame-000025.color.png 0.999977 -0.00521127 -0.00425683 0.00202192 0.0052098 0.999986 -0.000358395 0.000756014 0.00425864 0.000336204 0.999991 -0.00635896 0.0 0.0 0.0 1.0
heads/seq-02/color/frame-000023.color.png heads/seq-02/color/frame-000026.color.png 0.999912 -0.0101433 -0.00852711 0.00450617 0.010203 0.999924 0.0069821 -0.00422205 0.00845564 -0.00706851 0.999939 -0.0116747 0.0 0.0 0.0 1.0
heads/seq-02/color/frame-000024.color.png heads/seq-02/color/frame-000027.color.png 0.999872 -0.0106202 -0.0119725 0.00549928 0.010701 0.99992 0.0067098 -0.00719161 0.0119003 -0.00683705 0.999906 -0.00812541 0.0 0.0 0.0 1.0
heads/seq-02/color/frame-000025.color.png heads/seq-02/color/frame-000028.color.png 0.999774 -0.0135256 -0.0163969 0.00321711 0.0135714 0.999904 0.00268572 -0.00585325 0.016359 -0.00290764 0.999862 -0.0148231 0.0 0.0 0.0 1.0
heads/seq-02/color/frame-000026.color.png heads/seq-02/color/frame-000029.color.png 0.999891 -0.00816385 -0.0123272 0.00083877 0.00813334 0.999964 -0.00252246 -0.00235623 0.0123474 0.00242193 0.999921 -0.00997328 0.0 0.0 0.0 1.0
heads/seq-02/color/frame-000027.color.png heads/seq-02/color/frame-000030.color.png 0.999814 -0.00332939 -0.018999 0.00386683 0.00336304 0.999993 0.00173968 0.000179818 0.018993 -0.00180325 0.999818 -0.0142451 0.0 0.0 0.0 1.0
heads/seq-02/color/frame-000028.color.png heads/seq-02/color/frame-000031.color.png 0.999745 0.00284253 -0.0223875 0.0114916 -0.00253089 0.9999 0.0139363 -0.00443377 0.0224249 -0.0138761 0.999652 -0.0113182 0.0 0.0 0.0 1.0
heads/seq-02/color/frame-000029.color.png heads/seq-02/color/frame-000032.color.png 0.99974 0.00243553 -0.0226777 0.011701 -0.0021397 0.999912 0.0130604 -0.00393673 0.0227075 -0.0130085 0.999658 -0.0108598 0.0 0.0 0.0 1.0
heads/seq-02/color/frame-000030.color.png heads/seq-02/color/frame-000033.color.png 0.999945 0.00494512 -0.00925992 0.0079183 -0.00489042 0.999971 0.00592043 -0.000421364 0.00928893 -0.00587482 0.99994 -0.00886281 0.0 0.0 0.0 1.0
heads/seq-02/color/frame-000031.color.png heads/seq-02/color/frame-000034.color.png 0.999963 -0.00201012 -0.00836359 0.00791493 0.00205217 0.999985 0.0050202 0.00363603 0.00835337 -0.00503718 0.999952 -0.0102463 0.0 0.0 0.0 1.0
heads/seq-02/color/frame-000032.color.png heads/seq-02/color/frame-000035.color.png 0.999972 -0.00182285 -0.0072784 0.00719577 0.00187141 0.999976 0.00667029 0.00284993 0.00726607 -0.00668373 0.999951 -0.010445 0.0 0.0 0.0 1.0
heads/seq-02/color/frame-000033.color.png heads/seq-02/color/frame-000036.color.png 0.999852 -0.00800493 -0.0152039 0.0112953 0.00830102 0.999775 0.0195123 -0.00334229 0.0150443 -0.0196357 0.999694 -0.00861429 0.0 0.0 0.0 1.0
heads/seq-02/color/frame-000034.color.png heads/seq-02/color/frame-000037.color.png 0.999861 -0.00757493 -0.0148501 0.0109565 0.00787017 0.99977 0.0199252 -0.00986506 0.0146958 -0.0200393 0.999691 -0.00896437 0.0 0.0 0.0 1.0
heads/seq-02/color/frame-000035.color.png heads/seq-02/color/frame-000038.color.png 0.999859 -0.00768174 -0.0149027 0.0111118 0.00797944 0.999768 0.0200208 -0.010226 0.0147454 -0.0201369 0.999688 -0.0092332 0.0 0.0 0.0 1.0
heads/seq-02/color/frame-000036.color.png heads/seq-02/color/frame-000039.color.png 0.999879 -0.00398966 -0.0150628 0.0135004 0.00405323 0.999983 0.00419152 -0.00450945 0.0150458 -0.00425207 0.999878 -0.0102545 0.0 0.0 0.0 1.0
heads/seq-02/color/frame-000037.color.png heads/seq-02/color/frame-000040.color.png 0.99995 0.00672944 -0.00736592 0.0165065 -0.00676164 0.999968 -0.00435627 0.00395999 0.00733638 0.00440586 0.999963 -0.0110913 0.0 0.0 0.0 1.0
heads/seq-02/color/frame-000038.color.png heads/seq-02/color/frame-000041.color.png 0.999913 0.0129749 -0.0024576 0.0290539 -0.0129732 0.999916 0.000707132 0.0041744 0.00246656 -0.000675186 0.999997 -0.0130188 0.0 0.0 0.0 1.0
heads/seq-02/color/frame-000039.color.png heads/seq-02/color/frame-000042.color.png 0.999872 0.0143928 0.00704464 0.0206735 -0.0144125 0.999892 0.00275163 0.00384002 -0.00700428 -0.00285281 0.999972 -0.0110765 0.0 0.0 0.0 1.0
heads/seq-02/color/frame-000040.color.png heads/seq-02/color/frame-000043.color.png 0.999823 0.0117781 0.0146734 0.020201 -0.0118609 0.999914 0.00556484 0.00201659 -0.0146066 -0.0057379 0.999877 -0.00590754 0.0 0.0 0.0 1.0
heads/seq-02/color/frame-000041.color.png heads/seq-02/color/frame-000044.color.png 0.999937 3.24367e-06 0.0112192 0.0196611 -4.29639e-05 0.999994 0.00354013 0.00439684 -0.0112192 -0.00354039 0.999931 -0.0068595 0.0 0.0 0.0 1.0
heads/seq-02/color/frame-000042.color.png heads/seq-02/color/frame-000045.color.png 0.999932 -0.000780118 0.011669 0.019075 0.000704617 0.999979 0.0064722 0.00268605 -0.0116738 -0.00646354 0.999911 -0.00752572 0.0 0.0 0.0 1.0
heads/seq-02/color/frame-000043.color.png heads/seq-02/color/frame-000046.color.png 0.999966 -0.00825957 -0.000123178 0.0226563 0.00826049 0.999864 0.0142691 -0.00322968 5.30799e-06 -0.0142696 0.999898 -0.0108441 0.0 0.0 0.0 1.0
heads/seq-02/color/frame-000044.color.png heads/seq-02/color/frame-000047.color.png 0.999953 -0.00784598 -0.00566241 0.0208408 0.00791843 0.999886 0.0128861 -0.008372 0.00556066 -0.0129303 0.999901 -0.0116075 0.0 0.0 0.0 1.0
heads/seq-02/color/frame-000045.color.png heads/seq-02/color/frame-000048.color.png 0.99995 -0.00766007 -0.00642875 0.0215155 0.00772263 0.999923 0.00976233 -0.00626311 0.00635349 -0.00981149 0.999932 -0.00979374 0.0 0.0 0.0 1.0
heads/seq-02/color/frame-000046.color.png heads/seq-02/color/frame-000049.color.png 0.999846 -0.00718857 -0.0159818 0.0289928 0.0071887 0.999974 -4.82446e-05 -0.00520754 0.0159817 -6.66508e-05 0.999872 -0.0081518 0.0 0.0 0.0 1.0
heads/seq-02/color/frame-000047.color.png heads/seq-02/color/frame-000050.color.png 0.999971 -5.43718e-05 -0.00762766 0.0369111 3.01713e-05 0.999995 -0.00317122 -0.00405343 0.00762778 0.0031709 0.999966 -0.00986212 0.0 0.0 0.0 1.0
heads/seq-02/color/frame-000048.color.png heads/seq-02/color/frame-000051.color.png 0.999998 -0.00172481 -0.00112088 0.0564694 0.00171688 0.999974 -0.00702966 0.00015375 0.00113297 0.00702772 0.999975 -0.00843696 0.0 0.0 0.0 1.0
heads/seq-02/color/frame-000049.color.png heads/seq-02/color/frame-000052.color.png 0.999759 -0.000673534 0.0219305 0.0273549 0.000837489 0.999972 -0.00746727 0.00356703 -0.0219248 0.00748384 0.999732 -0.00599855 0.0 0.0 0.0 1.0
heads/seq-02/color/frame-000050.color.png heads/seq-02/color/frame-000053.color.png 0.999485 -0.00734593 0.03124 0.0172273 0.00720907 0.999964 0.00449139 -0.00234174 -0.0312718 -0.00426387 0.999502 -0.00508396 0.0 0.0 0.0 1.0
heads/seq-02/color/frame-000051.color.png heads/seq-02/color/frame-000054.color.png 0.999691 -0.0136441 0.0207674 0.00724232 0.0134665 0.999872 0.0086683 -0.00574454 -0.020883 -0.00838595 0.999747 -0.00966157 0.0 0.0 0.0 1.0
heads/seq-02/color/frame-000052.color.png heads/seq-02/color/frame-000055.color.png 0.999839 -0.0157159 0.00869223 0.0210672 0.0155707 0.999742 0.0165179 -0.00756842 -0.00894957 -0.0163799 0.999826 -0.0150315 0.0 0.0 0.0 1.0
heads/seq-02/color/frame-000053.color.png heads/seq-02/color/frame-000056.color.png 0.999948 -0.00895702 -0.00490657 0.0150963 0.00902519 0.99986 0.01405 -0.00658733 0.00478005 -0.0140935 0.999889 -0.0146623 0.0 0.0 0.0 1.0
heads/seq-02/color/frame-000054.color.png heads/seq-02/color/frame-000057.color.png 0.999754 -0.00111614 -0.022142 0.0357857 0.00119152 0.999994 0.00339299 0.00346415 0.0221381 -0.00341854 0.999749 -0.00904784 0.0 0.0 0.0 1.0
heads/seq-02/color/frame-000055.color.png heads/seq-02/color/frame-000058.color.png 0.999999 0.000358425 0.00165372 0.0418039 -0.000375487 0.999946 0.0103339 -0.00180024 -0.00164993 -0.0103345 0.999945 -0.011033 0.0 0.0 0.0 1.0
heads/seq-02/color/frame-000056.color.png heads/seq-02/color/frame-000059.color.png 0.995647 -0.00935342 -0.0927308 0.155868 0.0151412 0.997967 0.0619089 -0.0535735 0.0919632 -0.0630434 0.993765 -0.0896787 0.0 0.0 0.0 1.0
heads/seq-02/color/frame-000057.color.png heads/seq-02/color/frame-000060.color.png 0.999909 0.00676115 -0.0116428 0.0767534 -0.00607199 0.998284 0.0582417 -0.0412487 0.0120166 -0.0581657 0.998235 -0.0399606 0.0 0.0 0.0 1.0
heads/seq-02/color/frame-000058.color.png heads/seq-02/color/frame-000061.color.png 0.998735 0.00341211 0.0501577 0.0273406 -0.00349142 0.999993 0.0014933 -0.00594594 -0.0501523 -0.00166653 0.99874 0.0153824 0.0 0.0 0.0 1.0
heads/seq-02/color/frame-000059.color.png heads/seq-02/color/frame-000062.color.png 0.998799 -0.00880251 0.0481976 0.0157473 0.00897791 0.999954 -0.00342346 -0.00933987 -0.0481653 0.00385205 0.998832 0.000485495 0.0 0.0 0.0 1.0
heads/seq-02/color/frame-000060.color.png heads/seq-02/color/frame-000063.color.png 0.99893 -0.010652 0.0450066 0.0151699 0.0113258 0.999827 -0.014743 -0.00220013 -0.0448418 0.015237 0.998878 0.0063069 0.0 0.0 0.0 1.0
heads/seq-02/color/frame-000061.color.png heads/seq-02/color/frame-000064.color.png 0.999517 -0.0162118 0.0265094 0.0193959 0.0166791 0.999708 -0.0175055 0.00695267 -0.0262178 0.0179392 0.999495 -0.000588566 0.0 0.0 0.0 1.0
heads/seq-02/color/frame-000062.color.png heads/seq-02/color/frame-000065.color.png 0.999428 -0.00938489 0.032486 0.0271275 0.00935176 0.999956 0.00117182 0.00250483 -0.0324956 -0.000867339 0.999472 0.0130126 0.0 0.0 0.0 1.0
heads/seq-02/color/frame-000063.color.png heads/seq-02/color/frame-000066.color.png 0.999167 -0.00950923 0.0396759 0.0184142 0.00963715 0.999949 -0.00303428 0.00490365 -0.039645 0.00341411 0.999208 0.0133868 0.0 0.0 0.0 1.0
heads/seq-02/color/frame-000064.color.png heads/seq-02/color/frame-000067.color.png 0.999578 -0.00717165 0.0281352 0.0340583 0.00680745 0.999892 0.01302 -0.00560559 -0.0282255 -0.012823 0.999519 0.00210616 0.0 0.0 0.0 1.0
heads/seq-02/color/frame-000065.color.png heads/seq-02/color/frame-000068.color.png 0.999077 -0.00562732 0.0425729 0.0240597 0.00569231 0.999983 -0.00140536 0.00506367 -0.0425643 0.00164642 0.999092 0.0201185 0.0 0.0 0.0 1.0
heads/seq-02/color/frame-000066.color.png heads/seq-02/color/frame-000069.color.png 0.998119 -0.0121326 0.060095 0.0320065 0.0112374 0.999821 0.0152123 -0.00810924 -0.0602688 -0.0145084 0.998077 0.00506175 0.0 0.0 0.0 1.0
heads/seq-02/color/frame-000067.color.png heads/seq-02/color/frame-000070.color.png 0.999018 -0.016847 0.040968 0.0166864 0.0161973 0.999738 0.0161412 -0.00815293 -0.0412293 -0.0154618 0.99903 -0.0097006 0.0 0.0 0.0 1.0
heads/seq-02/color/frame-000068.color.png heads/seq-02/color/frame-000071.color.png 0.999454 -0.0263523 -0.0199478 0.0435601 0.0265199 0.999615 0.00818823 -0.00534531 0.0197244 -0.00871279 0.999767 -0.0166282 0.0 0.0 0.0 1.0
heads/seq-02/color/frame-000069.color.png heads/seq-02/color/frame-000072.color.png 0.999586 -0.0127617 -0.0257886 0.0275807 0.0128828 0.999907 0.00453432 0.00324856 0.0257284 -0.00486468 0.999657 -0.0067818 0.0 0.0 0.0 1.0
heads/seq-02/color/frame-000070.color.png heads/seq-02/color/frame-000073.color.png 0.999517 -0.0113324 -0.0289254 0.0426242 0.0114737 0.999923 0.00472162 0.00442285 0.0288696 -0.00505123 0.99957 -0.00166067 0.0 0.0 0.0 1.0
heads/seq-02/color/frame-000071.color.png heads/seq-02/color/frame-000074.color.png 0.99992 0.00299784 -0.0122665 0.0259038 -0.00293984 0.999984 0.00474675 0.00906282 0.0122805 -0.0047103 0.999914 0.00453378 0.0 0.0 0.0 1.0
heads/seq-02/color/frame-000072.color.png heads/seq-02/color/frame-000075.color.png 0.999901 -0.00140424 0.0139902 0.0258365 0.001293 0.999968 0.00795777 0.00398893 -0.0140009 -0.00793891 0.99987 0.00656703 0.0 0.0 0.0 1.0
heads/seq-02/color/frame-000073.color.png heads/seq-02/color/frame-000076.color.png 0.999709 -0.0085187 0.022587 0.026061 0.00836773 0.999942 0.00677126 -0.00568109 -0.0226433 -0.00658028 0.999722 0.0118643 0.0 0.0 0.0 1.0
heads/seq-02/color/frame-000074.color.png heads/seq-02/color/frame-000077.color.png 0.999776 -0.00956025 0.018883 0.0276268 0.00938217 0.999911 0.00949819 -0.00656577 -0.0189721 -0.00931891 0.999776 0.0158162 0.0 0.0 0.0 1.0
heads/seq-02/color/frame-000075.color.png heads/seq-02/color/frame-000078.color.png 0.9997 -0.00602008 0.0237263 0.0271746 0.00610856 0.999975 -0.00365918 -0.00480931 -0.0237037 0.00380302 0.999712 0.0116244 0.0 0.0 0.0 1.0
heads/seq-02/color/frame-000076.color.png heads/seq-02/color/frame-000079.color.png 0.99944 -0.00550706 0.0329989 0.0191715 0.00574426 0.999958 -0.00709914 -0.000215884 -0.0329584 0.00728473 0.99943 0.0102272 0.0 0.0 0.0 1.0
heads/seq-02/color/frame-000077.color.png heads/seq-02/color/frame-000080.color.png 0.998734 -0.00789426 0.0496845 0.028391 0.00797024 0.999967 -0.00133172 -0.00324081 -0.0496724 0.00172603 0.998764 0.0193179 0.0 0.0 0.0 1.0
heads/seq-02/color/frame-000078.color.png heads/seq-02/color/frame-000081.color.png 0.999461 -0.00854297 0.0317009 0.0160558 0.00861026 0.999961 -0.00198654 -0.00139076 -0.0316826 0.00225843 0.999495 0.0149612 0.0 0.0 0.0 1.0
heads/seq-02/color/frame-000079.color.png heads/seq-02/color/frame-000082.color.png 0.999593 -0.0166133 0.0232149 0.0115613 0.0165102 0.999853 0.004629 -0.00854892 -0.0232884 -0.00424384 0.99972 0.00955842 0.0 0.0 0.0 1.0
heads/seq-02/color/frame-000080.color.png heads/seq-02/color/frame-000083.color.png 0.998927 -0.00397829 0.0461504 -0.0158728 0.00511671 0.999685 -0.0245758 0.0174395 -0.0460381 0.0247855 0.998632 0.0483065 0.0 0.0 0.0 1.0
heads/seq-02/color/frame-000081.color.png heads/seq-02/color/frame-000084.color.png 0.999861 -0.0125178 0.01098 0.0140725 0.0125848 0.999902 -0.00605312 -0.00230715 -0.0109032 0.00619045 0.999921 0.0124128 0.0 0.0 0.0 1.0
heads/seq-02/color/frame-000082.color.png heads/seq-02/color/frame-000085.color.png 0.99994 -0.0108924 0.00120626 0.0257861 0.0108913 0.99994 0.000920245 -0.0130741 -0.00121624 -0.000907055 0.999999 -0.000393599 0.0 0.0 0.0 1.0
heads/seq-02/color/frame-000083.color.png heads/seq-02/color/frame-000086.color.png 0.999861 -0.00955519 0.0136721 0.0160429 0.00960937 0.999946 -0.00390529 -0.0110512 -0.013634 0.00403612 0.999899 0.00695784 0.0 0.0 0.0 1.0
heads/seq-02/color/frame-000084.color.png heads/seq-02/color/frame-000087.color.png 0.999818 -0.0103782 0.0160397 0.0129411 0.0104215 0.999942 -0.00261842 -0.0125497 -0.0160116 0.00278512 0.999868 0.0027656 0.0 0.0 0.0 1.0
heads/seq-02/color/frame-000085.color.png heads/seq-02/color/frame-000088.color.png 0.999987 -0.0020514 0.00468615 0.0108904 0.00206311 0.999995 -0.00249331 -0.00950922 -0.00468099 0.00250295 0.999986 -0.0033429 0.0 0.0 0.0 1.0
heads/seq-02/color/frame-000086.color.png heads/seq-02/color/frame-000089.color.png 0.999966 -0.00428645 -0.00708765 0.013165 0.00422875 0.999958 -0.00814149 -0.00457247 0.00712225 0.00811124 0.999942 -0.00208883 0.0 0.0 0.0 1.0
heads/seq-02/color/frame-000087.color.png heads/seq-02/color/frame-000090.color.png 0.999965 -0.00581493 -0.00601692 0.0226253 0.00573015 0.999885 -0.0140126 -0.00440615 0.00609772 0.0139776 0.999884 0.00226133 0.0 0.0 0.0 1.0
heads/seq-02/color/frame-000088.color.png heads/seq-02/color/frame-000091.color.png 0.999983 -0.00515129 0.00277926 0.0105542 0.00516792 0.999969 -0.00600649 -0.00435343 -0.00274823 0.00602075 0.999978 0.000554442 0.0 0.0 0.0 1.0
heads/seq-02/color/frame-000089.color.png heads/seq-02/color/frame-000092.color.png 0.999953 -0.00800311 0.00552457 0.0148668 0.0080155 0.999965 -0.00222287 -0.0102144 -0.00550658 0.00226705 0.999982 0.00273556 0.0 0.0 0.0 1.0
heads/seq-02/color/frame-000090.color.png heads/seq-02/color/frame-000093.color.png 0.999865 -0.00826801 0.0142067 0.00989568 0.00841316 0.999913 -0.0101848 -0.00163507 -0.0141213 0.0103029 0.999847 0.00487097 0.0 0.0 0.0 1.0
heads/seq-02/color/frame-000091.color.png heads/seq-02/color/frame-000094.color.png 0.999946 -0.0103763 0.000835627 0.0220717 0.0103849 0.999884 -0.011127 -0.00211811 -0.000720087 0.0111351 0.999938 -0.00237496 0.0 0.0 0.0 1.0
heads/seq-02/color/frame-000092.color.png heads/seq-02/color/frame-000095.color.png 0.999859 -0.00867893 0.0144056 0.0128111 0.00866671 0.999962 0.000910796 -0.00230276 -0.014413 -0.000785827 0.999896 0.00608158 0.0 0.0 0.0 1.0
heads/seq-02/color/frame-000093.color.png heads/seq-02/color/frame-000096.color.png 0.999958 -0.00706296 0.00590731 0.00670218 0.00704794 0.999972 0.0025619 -0.00241771 -0.00592521 -0.00252016 0.999979 0.00274438 0.0 0.0 0.0 1.0
heads/seq-02/color/frame-000094.color.png heads/seq-02/color/frame-000097.color.png 0.999774 -0.0141574 0.0158279 0.00711569 0.0140021 0.999853 0.00988169 -0.0114645 -0.0159654 -0.00965783 0.999826 0.00554305 0.0 0.0 0.0 1.0
heads/seq-02/color/frame-000095.color.png heads/seq-02/color/frame-000098.color.png 0.999743 -0.0204861 0.00968205 0.00921112 0.0204821 0.99979 0.000510393 -0.0130338 -0.00969048 -0.000311949 0.999953 0.00623238 0.0 0.0 0.0 1.0
heads/seq-02/color/frame-000096.color.png heads/seq-02/color/frame-000099.color.png 0.99953 -0.0283913 0.0115926 0.0193258 0.0283777 0.999596 0.00133677 -0.0195483 -0.0116259 -0.00100717 0.999932 0.00241967 0.0 0.0 0.0 1.0
heads/seq-02/color/frame-000097.color.png heads/seq-02/color/frame-000100.color.png 0.999743 -0.0224598 -0.0029842 0.0240938 0.0224097 0.999623 -0.0158763 -0.00280324 0.00333963 0.0158053 0.999869 0.00166233 0.0 0.0 0.0 1.0
heads/seq-02/color/frame-000098.color.png heads/seq-02/color/frame-000101.color.png 0.999845 -0.0134232 0.0114223 0.0134587 0.013414 0.99991 0.000880177 -0.00726687 -0.0114331 -0.00072682 0.999934 0.00402825 0.0 0.0 0.0 1.0
heads/seq-02/color/frame-000099.color.png heads/seq-02/color/frame-000102.color.png 0.999944 -0.0094098 0.00492219 0.00708842 0.00942534 0.999951 -0.00313529 -0.00159778 -0.00489247 0.0031815 0.999983 0.00312291 0.0 0.0 0.0 1.0
heads/seq-02/color/frame-000100.color.png heads/seq-02/color/frame-000103.color.png 0.999897 -0.00950331 0.010722 0.00912634 0.00934875 0.999853 0.0143765 -0.0118854 -0.0108571 -0.0142748 0.999839 -0.00224923 0.0 0.0 0.0 1.0
heads/seq-02/color/frame-000101.color.png heads/seq-02/color/frame-000104.color.png 0.999878 -0.0136237 0.00761656 0.00313139 0.0136187 0.999907 0.000700325 -0.00321054 -0.00762542 -0.000596519 0.999971 0.00932127 0.0 0.0 0.0 1.0
heads/seq-02/color/frame-000102.color.png heads/seq-02/color/frame-000105.color.png 0.999911 -0.0133693 9.47015e-05 0.0088225 0.0133685 0.999896 0.00534948 -0.00508344 -0.000166209 -0.00534773 0.999986 -0.00230443 0.0 0.0 0.0 1.0
heads/seq-02/color/frame-000103.color.png heads/seq-02/color/frame-000106.color.png 0.999818 -0.0166594 -0.00924451 0.00822389 0.0167329 0.999829 0.0079222 -0.0108504 0.00911093 -0.00807545 0.999926 -0.00778259 0.0 0.0 0.0 1.0
heads/seq-02/color/frame-000104.color.png heads/seq-02/color/frame-000107.color.png 0.999948 -0.00728167 -0.00714937 0.00519884 0.00733839 0.999942 0.00794065 -0.00958261 0.00709113 -0.00799271 0.999943 -0.00292513 0.0 0.0 0.0 1.0
heads/seq-02/color/frame-000105.color.png heads/seq-02/color/frame-000108.color.png 0.99992 -0.00810669 -0.00971102 0.0131161 0.00817549 0.999942 0.00705874 -0.0148892 0.00965325 -0.00713757 0.999928 -0.00492683 0.0 0.0 0.0 1.0
heads/seq-02/color/frame-000106.color.png heads/seq-02/color/frame-000109.color.png 0.99998 -0.00275109 0.0057371 0.0121192 0.00279222 0.99997 -0.00717499 -0.0118745 -0.00571715 0.00719086 0.999958 0.00176312 0.0 0.0 0.0 1.0
heads/seq-02/color/frame-000107.color.png heads/seq-02/color/frame-000110.color.png 0.999988 -0.00375636 0.0030727 0.0142825 0.0037887 0.999937 -0.0105967 -0.00977342 -0.00303268 0.0106082 0.999939 0.00338954 0.0 0.0 0.0 1.0
heads/seq-02/color/frame-000108.color.png heads/seq-02/color/frame-000111.color.png 0.999921 -0.00753135 0.0100827 0.00982201 0.00772599 0.999782 -0.0194064 -0.00829957 -0.00993436 0.0194828 0.999761 0.00315697 0.0 0.0 0.0 1.0
heads/seq-02/color/frame-000109.color.png heads/seq-02/color/frame-000112.color.png 0.999938 -0.010651 0.00318995 0.00727236 0.0107124 0.999745 -0.019894 -0.00400709 -0.00297722 0.019927 0.999797 -0.00361246 0.0 0.0 0.0 1.0
heads/seq-02/color/frame-000110.color.png heads/seq-02/color/frame-000113.color.png 0.99992 -0.0112884 0.00567404 0.00541472 0.0113885 0.999774 -0.0179246 -0.00647964 -0.00547042 0.0179878 0.999823 -0.000229642 0.0 0.0 0.0 1.0
heads/seq-02/color/frame-000111.color.png heads/seq-02/color/frame-000114.color.png 0.999931 -0.0104201 -0.00536299 0.00245929 0.0103497 0.999862 -0.0129772 -0.000470765 0.00549749 0.0129208 0.999901 -0.00298133 0.0 0.0 0.0 1.0
heads/seq-02/color/frame-000112.color.png heads/seq-02/color/frame-000115.color.png 0.999712 -0.0104462 -0.0215952 -0.0025835 0.0105365 0.999936 0.00407404 -0.0069192 0.0215512 -0.0043004 0.999759 -0.00805543 0.0 0.0 0.0 1.0
heads/seq-02/color/frame-000113.color.png heads/seq-02/color/frame-000116.color.png 0.999691 -0.0113678 -0.0220931 -0.0020715 0.0113956 0.999934 0.001129 -0.00442889 0.0220787 -0.00138042 0.999755 -0.00784053 0.0 0.0 0.0 1.0
heads/seq-02/color/frame-000114.color.png heads/seq-02/color/frame-000117.color.png 0.999178 -0.0143213 -0.0379391 -0.0028882 0.014684 0.999849 0.00929939 -0.0142027 0.0378002 -0.00984884 0.999237 -0.0209208 0.0 0.0 0.0 1.0
heads/seq-02/color/frame-000115.color.png heads/seq-02/color/frame-000118.color.png 0.998764 -0.0190704 -0.0458909 -0.00155759 0.0191103 0.999817 0.000428397 -0.0122204 0.0458744 -0.00130486 0.998946 -0.0228068 0.0 0.0 0.0 1.0
heads/seq-02/color/frame-000116.color.png heads/seq-02/color/frame-000119.color.png 0.998792 -0.0190264 -0.0453006 -0.00194889 0.0191467 0.999814 0.00222198 -0.0136739 0.04525 -0.00308665 0.998971 -0.0259835 0.0 0.0 0.0 1.0
heads/seq-02/color/frame-000117.color.png heads/seq-02/color/frame-000120.color.png 0.998902 -0.00701581 -0.0463228 -0.000429153 0.00714119 0.999971 0.00254075 -0.0100574 0.0463036 -0.00286876 0.998923 -0.0259043 0.0 0.0 0.0 1.0
heads/seq-02/color/frame-000118.color.png heads/seq-02/color/frame-000121.color.png 0.999704 0.00154476 -0.0242709 0.0012219 -0.00149301 0.999996 0.00215011 -0.00493931 0.0242742 -0.00211324 0.999703 -0.0142809 0.0 0.0 0.0 1.0
heads/seq-02/color/frame-000119.color.png heads/seq-02/color/frame-000122.color.png 0.998845 0.0150029 -0.0456569 0.00262636 -0.015234 0.999873 -0.00471847 0.00297127 0.0455803 0.00540856 0.998946 -0.0282842 0.0 0.0 0.0 1.0
heads/seq-02/color/frame-000120.color.png heads/seq-02/color/frame-000123.color.png 0.998257 0.0340374 -0.0482148 0.00496262 -0.0341856 0.999413 -0.00225106 0.0203641 0.0481098 0.00389538 0.998834 -0.0286039 0.0 0.0 0.0 1.0
heads/seq-02/color/frame-000121.color.png heads/seq-02/color/frame-000124.color.png 0.998514 0.0372415 -0.0397896 -0.00127059 -0.037415 0.999293 -0.00362606 0.0234403 0.0396265 0.0051094 0.999201 -0.0258592 0.0 0.0 0.0 1.0
heads/seq-02/color/frame-000122.color.png heads/seq-02/color/frame-000125.color.png 0.99789 0.0487696 -0.0428701 0.00689405 -0.048127 0.998715 0.015896 0.028294 0.0435902 -0.0137992 0.998954 -0.0275503 0.0 0.0 0.0 1.0
heads/seq-02/color/frame-000123.color.png heads/seq-02/color/frame-000126.color.png 0.998134 0.0493312 -0.0359787 0.00270748 -0.0485956 0.998597 0.0210414 0.0217734 0.0369662 -0.0192537 0.999131 -0.0201899 0.0 0.0 0.0 1.0
heads/seq-02/color/frame-000124.color.png heads/seq-02/color/frame-000127.color.png 0.998127 0.0433456 -0.04316 0.00662589 -0.0424982 0.998889 0.0203651 0.0178945 0.0439947 -0.0184928 0.998861 -0.0204894 0.0 0.0 0.0 1.0
heads/seq-02/color/frame-000125.color.png heads/seq-02/color/frame-000128.color.png 0.998075 0.0444405 -0.0432605 0.00347483 -0.0442536 0.999007 0.00526934 0.0211135 0.0434517 -0.00334479 0.99905 -0.0263366 0.0 0.0 0.0 1.0
heads/seq-02/color/frame-000126.color.png heads/seq-02/color/frame-000129.color.png 0.999346 0.0235226 -0.0274726 0.00512153 -0.0234341 0.999719 0.00353858 0.0120494 0.0275481 -0.00289246 0.999616 -0.0195683 0.0 0.0 0.0 1.0
heads/seq-02/color/frame-000127.color.png heads/seq-02/color/frame-000130.color.png 0.997815 0.0492473 -0.0440458 0.00796795 -0.0485306 0.998674 0.0171961 0.0132053 0.0448342 -0.0150209 0.998882 -0.0352082 0.0 0.0 0.0 1.0
heads/seq-02/color/frame-000128.color.png heads/seq-02/color/frame-000131.color.png 0.998358 0.0428662 -0.0379945 0.0031535 -0.0426073 0.999063 0.00759735 0.0136591 0.0382846 -0.00596604 0.999249 -0.0287823 0.0 0.0 0.0 1.0
heads/seq-02/color/frame-000129.color.png heads/seq-02/color/frame-000132.color.png 0.998163 0.0439586 -0.0416894 0.00628591 -0.0438582 0.999032 0.00332082 0.0179432 0.0417951 -0.00148632 0.999125 -0.0214088 0.0 0.0 0.0 1.0
heads/seq-02/color/frame-000130.color.png heads/seq-02/color/frame-000133.color.png 0.99802 0.0409149 -0.0477736 -0.000227571 -0.0409087 0.999162 0.00110777 0.0178663 0.047779 0.00084878 0.998858 -0.0243605 0.0 0.0 0.0 1.0
heads/seq-02/color/frame-000131.color.png heads/seq-02/color/frame-000134.color.png 0.996892 0.0414488 -0.0669882 0.00465173 -0.0419818 0.999097 -0.00656862 0.0236426 0.0666554 0.00936049 0.997732 -0.0308772 0.0 0.0 0.0 1.0
heads/seq-02/color/frame-000132.color.png heads/seq-02/color/frame-000135.color.png 0.993302 0.0572385 -0.100371 0.00986087 -0.0587444 0.9982 -0.0121103 0.0375136 0.0994967 0.0179254 0.994876 -0.0400242 0.0 0.0 0.0 1.0
heads/seq-02/color/frame-000133.color.png heads/seq-02/color/frame-000136.color.png 0.996779 0.0364831 -0.0714256 0.00692201 -0.0371174 0.999282 -0.00757392 0.0223619 0.0710981 0.0102007 0.997417 -0.0284847 0.0 0.0 0.0 1.0
heads/seq-02/color/frame-000134.color.png heads/seq-02/color/frame-000137.color.png 0.996957 0.0269358 -0.0731521 0.00954574 -0.0270607 0.999633 -0.000716143 0.0169465 0.073106 0.00269355 0.997321 -0.0344427 0.0 0.0 0.0 1.0
heads/seq-02/color/frame-000135.color.png heads/seq-02/color/frame-000138.color.png 0.996951 0.024513 -0.0740833 0.0130978 -0.0234662 0.999613 0.0149686 0.00154245 0.0744215 -0.0131845 0.99714 -0.0401655 0.0 0.0 0.0 1.0
heads/seq-02/color/frame-000136.color.png heads/seq-02/color/frame-000139.color.png 0.992739 0.0318076 -0.116011 0.0228155 -0.0322958 0.999476 -0.00233053 0.016164 0.115876 0.00606025 0.993245 -0.0462618 0.0 0.0 0.0 1.0
heads/seq-02/color/frame-000137.color.png heads/seq-02/color/frame-000140.color.png 0.997112 0.0200563 -0.0732465 0.0123977 -0.0204744 0.999778 -0.00496167 0.0083767 0.0731307 0.00644702 0.997301 -0.0344903 0.0 0.0 0.0 1.0
heads/seq-02/color/frame-000138.color.png heads/seq-02/color/frame-000141.color.png 0.99661 0.0245672 -0.0785166 0.0204523 -0.0247291 0.999693 -0.0010906 0.0114796 0.0784658 0.00302857 0.996912 -0.0384941 0.0 0.0 0.0 1.0
heads/seq-02/color/frame-000139.color.png heads/seq-02/color/frame-000142.color.png 0.997582 0.0333278 -0.0609906 0.0195124 -0.0332788 0.999444 0.00182012 0.011678 0.0610173 0.000214006 0.998137 -0.0274886 0.0 0.0 0.0 1.0
heads/seq-02/color/frame-000140.color.png heads/seq-02/color/frame-000143.color.png 0.995512 0.0340452 -0.0883032 0.0310597 -0.0348751 0.999361 -0.00787235 0.0164604 0.0879788 0.0109166 0.996063 -0.0394708 0.0 0.0 0.0 1.0
heads/seq-02/color/frame-000141.color.png heads/seq-02/color/frame-000144.color.png 0.996796 0.0222744 -0.0768202 0.0275931 -0.0223686 0.99975 -0.00036643 0.00634781 0.0767928 0.00208362 0.997045 -0.0314407 0.0 0.0 0.0 1.0
heads/seq-02/color/frame-000142.color.png heads/seq-02/color/frame-000145.color.png 0.997119 0.0162292 -0.0740891 0.0263982 -0.0158808 0.99986 0.00528808 0.00195011 0.0741646 -0.00409626 0.997238 -0.0282555 0.0 0.0 0.0 1.0
heads/seq-02/color/frame-000143.color.png heads/seq-02/color/frame-000146.color.png 0.998259 0.0281663 -0.0518201 0.0173231 -0.027492 0.999528 0.0136795 0.00503922 0.0521809 -0.0122311 0.998563 -0.0182919 0.0 0.0 0.0 1.0
heads/seq-02/color/frame-000144.color.png heads/seq-02/color/frame-000147.color.png 0.998192 -0.00515628 -0.0598835 0.0327119 0.00405461 0.999821 -0.0185038 0.0151534 0.0599682 0.0182275 0.998034 -0.0216574 0.0 0.0 0.0 1.0
heads/seq-02/color/frame-000145.color.png heads/seq-02/color/frame-000148.color.png 0.999985 0.000819041 -0.00550789 0.0075562 -0.000839014 0.999993 -0.00362521 0.00338504 0.00550488 0.00362976 0.999978 0.00801779 0.0 0.0 0.0 1.0
heads/seq-02/color/frame-000146.color.png heads/seq-02/color/frame-000149.color.png 0.999882 0.0142337 -0.00572818 0.00708789 -0.0142211 0.999896 0.00224164 0.00998642 0.00575954 -0.00215993 0.999981 0.00896011 0.0 0.0 0.0 1.0
heads/seq-02/color/frame-000147.color.png heads/seq-02/color/frame-000150.color.png 0.999223 0.0323696 -0.0225048 0.0230629 -0.0320821 0.9994 0.0130203 0.0119973 0.0229128 -0.0122882 0.999662 -0.00291406 0.0 0.0 0.0 1.0
heads/seq-02/color/frame-000148.color.png heads/seq-02/color/frame-000151.color.png 0.998708 0.0450046 -0.0236089 0.0103242 -0.0448819 0.998976 0.00570115 0.0252635 0.0238413 -0.00463415 0.999705 -0.00529908 0.0 0.0 0.0 1.0
heads/seq-02/color/frame-000149.color.png heads/seq-02/color/frame-000152.color.png 0.998663 0.0394502 -0.0333954 0.00795281 -0.0395065 0.999219 -0.00102556 0.0225486 0.0333288 0.00234354 0.999442 -0.016032 0.0 0.0 0.0 1.0
heads/seq-02/color/frame-000150.color.png heads/seq-02/color/frame-000153.color.png 0.997952 0.0430082 -0.0473419 0.0205758 -0.0430498 0.999073 0.000142271 0.0178757 0.0473041 0.00189609 0.998879 -0.0183069 0.0 0.0 0.0 1.0
heads/seq-02/color/frame-000151.color.png heads/seq-02/color/frame-000154.color.png 0.999216 0.0360172 -0.0164299 0.00649977 -0.0362026 0.999282 -0.0111278 0.0258329 0.0160174 0.0117139 0.999803 0.000615396 0.0 0.0 0.0 1.0
heads/seq-02/color/frame-000152.color.png heads/seq-02/color/frame-000155.color.png 0.999552 0.0205052 -0.0218076 0.0213021 -0.0207974 0.999696 -0.0132585 0.0199042 0.0215292 0.0137061 0.999674 0.00395524 0.0 0.0 0.0 1.0
heads/seq-02/color/frame-000153.color.png heads/seq-02/color/frame-000156.color.png 0.99988 0.0154664 -0.000239961 0.0157882 -0.0154647 0.999864 0.00574927 0.00265257 0.000328902 -0.00574487 0.999983 0.00483485 0.0 0.0 0.0 1.0
heads/seq-02/color/frame-000154.color.png heads/seq-02/color/frame-000157.color.png 0.999953 0.00950706 0.00184214 0.0129647 -0.00952287 0.999916 0.00877574 -0.0021797 -0.00175859 -0.00879288 0.99996 -0.00147617 0.0 0.0 0.0 1.0
heads/seq-02/color/frame-000155.color.png heads/seq-02/color/frame-000158.color.png 0.999675 0.0189179 -0.0170979 0.0357043 -0.018416 0.999408 0.0290504 -0.0149212 0.0176373 -0.028726 0.999432 -0.0107824 0.0 0.0 0.0 1.0
heads/seq-02/color/frame-000156.color.png heads/seq-02/color/frame-000159.color.png 0.999349 0.0207961 -0.0294756 0.0422429 -0.019866 0.999306 0.0315076 -0.0149287 0.0301103 -0.0309015 0.999069 -0.0155509 0.0 0.0 0.0 1.0
heads/seq-02/color/frame-000157.color.png heads/seq-02/color/frame-000160.color.png 0.999769 0.0213146 -0.00260801 0.0204529 -0.0212836 0.999709 0.0113823 0.00991634 0.00284987 -0.0113242 0.999932 -0.0102396 0.0 0.0 0.0 1.0
heads/seq-02/color/frame-000158.color.png heads/seq-02/color/frame-000161.color.png 0.999331 0.035858 0.00721003 0.0369278 -0.0359392 0.999288 0.011469 0.0231198 -0.00679366 -0.0117205 0.999908 -0.00320805 0.0 0.0 0.0 1.0
heads/seq-02/color/frame-000159.color.png heads/seq-02/color/frame-000162.color.png 0.998347 0.0476449 0.0321257 0.0298527 -0.048132 0.998735 0.0145632 0.0271664 -0.0313912 -0.0160855 0.999378 0.013164 0.0 0.0 0.0 1.0
heads/seq-02/color/frame-000160.color.png heads/seq-02/color/frame-000163.color.png 0.998675 0.0383493 0.0343222 0.0289035 -0.0392366 0.998903 0.0255623 0.0126195 -0.0333043 -0.0268751 0.999084 0.00933319 0.0 0.0 0.0 1.0
heads/seq-02/color/frame-000161.color.png heads/seq-02/color/frame-000164.color.png 0.999303 0.0255966 0.0271641 0.0186688 -0.0264196 0.999189 0.030384 4.95911e-05 -0.0263645 -0.0310805 0.999169 0.00358854 0.0 0.0 0.0 1.0
heads/seq-02/color/frame-000162.color.png heads/seq-02/color/frame-000165.color.png 0.99962 0.0245815 0.0124549 0.0200162 -0.0250346 0.998978 0.0376348 -0.00318086 -0.0115171 -0.0379323 0.999214 -0.00365505 0.0 0.0 0.0 1.0
heads/seq-02/color/frame-000163.color.png heads/seq-02/color/frame-000166.color.png 0.999717 0.020036 0.0128297 0.0174912 -0.0205373 0.99898 0.0402151 -0.00338171 -0.0120108 -0.0404672 0.999109 -0.00824991 0.0 0.0 0.0 1.0
heads/seq-02/color/frame-000164.color.png heads/seq-02/color/frame-000167.color.png 0.999818 0.0175862 0.00736544 0.0142542 -0.017777 0.999486 0.026687 0.000159934 -0.00689228 -0.0268132 0.999617 -0.00388265 0.0 0.0 0.0 1.0
heads/seq-02/color/frame-000165.color.png heads/seq-02/color/frame-000168.color.png 0.999666 0.00400635 0.0255268 0.00752288 -0.00475246 0.999561 0.0292355 -0.0096993 -0.0253984 -0.0293471 0.999247 0.0155823 0.0 0.0 0.0 1.0
heads/seq-02/color/frame-000166.color.png heads/seq-02/color/frame-000169.color.png 0.99925 -0.00944631 0.0375584 -7.19428e-05 0.00807104 0.999297 0.0366019 -0.0326474 -0.0378778 -0.0362713 0.998624 0.018443 0.0 0.0 0.0 1.0
heads/seq-02/color/frame-000167.color.png heads/seq-02/color/frame-000170.color.png 0.998276 -0.0217174 0.0545237 -0.0088349 0.0193505 0.998863 0.0435688 -0.0433291 -0.0554079 -0.0424386 0.997562 0.0267718 0.0 0.0 0.0 1.0
heads/seq-02/color/frame-000168.color.png heads/seq-02/color/frame-000171.color.png 0.998952 -0.0312987 0.0333874 -0.000909805 0.0299975 0.998797 0.038785 -0.0469939 -0.0345613 -0.0377428 0.99869 0.0104055 0.0 0.0 0.0 1.0
heads/seq-02/color/frame-000169.color.png heads/seq-02/color/frame-000172.color.png 0.999015 -0.0330849 0.0295715 -0.00627619 0.0323278 0.999146 0.0257215 -0.0326754 -0.0303972 -0.0247402 0.999232 0.0134873 0.0 0.0 0.0 1.0
heads/seq-02/color/frame-000170.color.png heads/seq-02/color/frame-000173.color.png 0.99919 -0.0200807 0.034878 0.0048551 0.0192757 0.999543 0.0232651 -0.0186613 -0.0353293 -0.022574 0.999121 0.025189 0.0 0.0 0.0 1.0
heads/seq-02/color/frame-000171.color.png heads/seq-02/color/frame-000174.color.png 0.997874 -0.0136177 0.0637327 -0.00238305 0.0118742 0.999547 0.0276548 -0.0220735 -0.0640803 -0.0268392 0.997584 0.0414401 0.0 0.0 0.0 1.0
heads/seq-02/color/frame-000172.color.png heads/seq-02/color/frame-000175.color.png 0.999646 -0.0256495 0.00709149 0.0495527 0.0253564 0.998928 0.038716 -0.0363025 -0.00807687 -0.0385225 0.999225 0.0109113 0.0 0.0 0.0 1.0
heads/seq-02/color/frame-000173.color.png heads/seq-02/color/frame-000176.color.png 0.997884 -0.024175 0.0603511 -0.0146468 0.0225909 0.999386 0.026794 -0.0219048 -0.0609617 -0.0253739 0.997818 0.0355752 0.0 0.0 0.0 1.0
heads/seq-02/color/frame-000174.color.png heads/seq-02/color/frame-000177.color.png 0.999002 -0.00513632 0.0443751 -0.0171733 0.00408701 0.999711 0.0237063 -0.00932425 -0.044484 -0.0235013 0.998734 0.0273526 0.0 0.0 0.0 1.0
heads/seq-02/color/frame-000175.color.png heads/seq-02/color/frame-000178.color.png 0.999364 -0.00836666 0.0346669 -0.0186856 0.00760636 0.999729 0.0220062 -0.00910228 -0.0348416 -0.0217286 0.999157 0.0220105 0.0 0.0 0.0 1.0
heads/seq-02/color/frame-000176.color.png heads/seq-02/color/frame-000179.color.png 0.999323 -0.0172055 0.0325354 -0.0222386 0.0162572 0.999442 0.0291918 -0.0193807 -0.0330195 -0.0286431 0.999044 0.0191879 0.0 0.0 0.0 1.0
