heads/seq-02/color/frame-000000.color.png heads/seq-02/color/frame-000002.color.png 0.999992 -0.00402283 -7.38641e-05 0.000273837 0.00402261 0.999988 -0.00285793 -0.000802636 8.53602e-05 0.00285761 0.999996 -0.00194885 0.0 0.0 0.0 1.0
heads/seq-02/color/frame-000001.color.png heads/seq-02/color/frame-000003.color.png 0.999994 -0.00352111 -0.000276621 0.00113355 0.0035204 0.999991 -0.00251329 -0.00184149 0.000285468 0.0025123 0.999997 -0.00242218 0.0 0.0 0.0 1.0
heads/seq-02/color/frame-000002.color.png heads/seq-02/color/frame-000004.color.png 0.999998 0.00134076 0.00133095 0.00250766 -0.00133343 0.999984 -0.00548802 -0.000513764 -0.00133828 0.00548624 0.999984 -0.00281082 0.0 0.0 0.0 1.0
heads/seq-02/color/frame-000003.color.png heads/seq-02/color/frame-000005.color.png 0.999942 0.00825248 0.00695464 0.00240652 -0.00822683 0.999959 -0.00370806 -0.00174836 -0.00698496 0.00365063 0.999969 -0.00346068 0.0 0.0 0.0 1.0
heads/seq-02/color/frame-000004.color.png heads/seq-02/color/frame-000006.color.png 0.999864 0.0108376 0.0124261 0.000553022 -0.0108121 0.999939 -0.00211374 -0.0054687 -0.0124483 0.0019791 0.999921 -0.00311572 0.0 0.0 0.0 1.0
heads/seq-02/color/frame-000005.color.png heads/seq-02/color/frame-000007.color.png 0.99993 0.00578355 0.0103602 -0.00171417 -0.00571007 0.999958 -0.00710751 -0.00611449 -0.0104009 0.00704785 0.999921 -0.00240247 0.0 0.0 0.0 1.0
heads/seq-02/color/frame-000006.color.png heads/seq-02/color/frame-000008.color.png 0.999995 0.00275975 0.0016909 -0.00312012 -0.00273368 0.99988 -0.0152324 -0.00457681 -0.00173273 0.0152277 0.999882 -0.00350537 0.0 0.0 0.0 1.0
heads/seq-02/color/frame-000007.color.png heads/seq-02/color/frame-000009.color.png 0.99997 0.00223694 -0.00737973 0.00105721 -0.00237978 0.999809 -0.0194026 -0.000910955 0.00733492 0.0194196 0.999785 -0.00442342 0.0 0.0 0.0 1.0
heads/seq-02/color/frame-000008.color.png heads/seq-02/color/frame-000010.color.png 0.999988 0.00286123 -0.00384702 0.00396833 -0.002917 0.99989 -0.0145704 0.00187836 0.0038049 0.0145815 0.999887 -0.00333794 0.0 0.0 0.0 1.0
heads/seq-02/color/frame-000009.color.png heads/seq-02/color/frame-000011.color.png 0.999996 0.00250769 0.000907167 0.00170852 -0.00250414 0.999989 -0.00388673 2.31629e-05 -0.000916901 0.00388443 0.999992 -0.00117646 0.0 0.0 0.0 1.0
heads/seq-02/color/frame-000010.color.png heads/seq-02/color/frame-000012.color.png 0.999978 0.00551811 0.00355683 0.00318129 -0.00551215 0.999983 -0.00168304 -0.00378506 -0.00356605 0.00166339 0.999992 -0.000950443 0.0 0.0 0.0 1.0
heads/seq-02/color/frame-000011.color.png heads/seq-02/color/frame-000013.color.png 0.999898 0.00499502 0.0134076 0.000407577 -0.0048554 0.999934 -0.0104263 -0.00188502 -0.0134588 0.0103601 0.999856 -0.00342005 0.0 0.0 0.0 1.0
heads/seq-02/color/frame-000012.color.png heads/seq-02/color/frame-000014.color.png 0.99995 -0.000545734 0.0100213 -0.00308395 0.000630737 0.999964 -0.00848075 0.00177667 -0.0100163 0.00848665 0.999914 -0.00213525 0.0 0.0 0.0 1.0
heads/seq-02/color/frame-000013.color.png heads/seq-02/color/frame-000015.color.png 0.999934 -0.0113833 0.00179258 -0.00212404 0.011387 0.999933 -0.00204348 -0.000245597 -0.00176919 0.00206376 0.999996 -0.00177577 0.0 0.0 0.0 1.0
heads/seq-02/color/frame-000014.color.png heads/seq-02/color/frame-000016.color.png 0.999644 -0.0262711 -0.00454727 -0.0012824 0.0262602 0.999652 -0.00243381 -0.00493552 0.00460962 0.00231352 0.999987 -0.00388996 0.0 0.0 0.0 1.0
heads/seq-02/color/frame-000015.color.png heads/seq-02/color/frame-000017.color.png 0.999884 -0.0142202 -0.00539443 -0.00018688 0.0142127 0.999898 -0.00142462 -0.00367413 0.00541414 0.00134779 0.999984 -0.00228241 0.0 0.0 0.0 1.0
heads/seq-02/color/frame-000016.color.png heads/seq-02/color/frame-000018.color.png 0.999941 -0.00872962 -0.00643816 0.00290512 0.00869541 0.999948 -0.0053231 -0.00152145 0.00648429 0.00526681 0.999965 -0.00516553 0.0 0.0 0.0 1.0
heads/seq-02/color/frame-000017.color.png heads/seq-02/color/frame-000019.color.png 0.999867 -0.0141801 -0.00799501 0.0056251 0.0140905 0.999839 -0.0111573 -0.00136039 0.00815193 0.0110432 0.999906 -0.00882812 0.0 0.0 0.0 1.0
heads/seq-02/color/frame-000018.color.png heads/seq-02/color/frame-000020.color.png 0.999984 -0.00538889 -0.0019114 0.00247431 0.00537842 0.999971 -0.00544204 0.000225458 0.00194067 0.00543168 0.999983 -0.00377013 0.0 0.0 0.0 1.0
heads/seq-02/color/frame-000019.color.png heads/seq-02/color/frame-000021.color.png 0.999984 -0.00564655 -0.000203234 0.00195416 0.0056464 0.999984 -0.000739451 -0.0023248 0.000207408 0.000738292 1.0 -0.00466856 0.0 0.0 0.0 1.0
heads/seq-02/color/frame-000020.color.png heads/seq-02/color/frame-000022.color.png 0.999941 -0.0108234 -0.000645744 0.00238816 0.0108214 0.999937 -0.00304055 -0.00295109 0.000678613 0.00303338 0.999995 -0.0104058 0.0 0.0 0.0 1.0
heads/seq-02/color/frame-000021.color.png heads/seq-02/color/frame-000023.color.png 0.999983 -0.00568601 -0.00141086 0.000952483 0.00568139 0.999979 -0.00325364 5.84312e-05 0.00142932 0.00324557 0.999994 -0.00532528 0.0 0.0 0.0 1.0
heads/seq-02/color/frame-000022.color.png heads/seq-02/color/frame-000024.color.png 0.999975 -0.00500021 -0.00503522 0.00217257 0.00500147 0.999987 0.000235763 0.000672612 0.00503398 -0.000260938 0.999987 -0.00504958 0.0 0.0 0.0 1.0
heads/seq-02/color/frame-000023.color.png heads/seq-02/color/frame-000025.color.png 0.999982 -0.00465498 -0.00385479 0.00151863 0.00466172 0.999988 0.00174177 -0.00062074 0.00384663 -0.00175969 0.999991 -0.00550975 0.0 0.0 0.0 1.0
heads/seq-02/color/frame-000024.color.png heads/seq-02/color/frame-000026.color.png 0.999969 -0.00573253 -0.0054742 0.00342391 0.00576999 0.99996 0.00685185 -0.00482663 0.0054347 -0.00688323 0.999962 -0.0049146 0.0 0.0 0.0 1.0
heads/seq-02/color/frame-000025.color.png heads/seq-02/color/frame-000027.color.png 0.99989 -0.0105836 -0.0103647 0.00425783 0.0106721 0.999907 0.00851365 -0.00826746 0.0102737 -0.00862334 0.99991 -0.00927663 0.0 0.0 0.0 1.0
heads/seq-02/color/frame-000026.color.png heads/seq-02/color/frame-000028.color.png 0.999854 -0.00981556 -0.0140237 0.00250099 0.00979472 0.999951 -0.00155317 -0.0029869 0.0140382 0.00141557 0.999901 -0.0101276 0.0 0.0 0.0 1.0
heads/seq-02/color/frame-000027.color.png heads/seq-02/color/frame-000029.color.png 0.999945 -0.00432415 -0.00955781 0.00181816 0.0042827 0.999981 -0.00435177 0.00148547 0.00957645 0.0043106 0.999945 -0.00588816 0.0 0.0 0.0 1.0
heads/seq-02/color/frame-000028.color.png heads/seq-02/color/frame-000030.color.png 0.999916 0.000784664 -0.0129476 0.00441816 -0.000700494 0.999979 0.00650349 -0.001611 0.0129524 -0.00649386 0.999895 -0.00698911 0.0 0.0 0.0 1.0
heads/seq-02/color/frame-000029.color.png heads/seq-02/color/frame-000031.color.png 0.999786 0.00303113 -0.0204591 0.0101139 -0.00279261 0.999928 0.0116763 -0.0031553 0.020493 -0.0116167 0.999722 -0.0124175 0.0 0.0 0.0 1.0
heads/seq-02/color/frame-000030.color.png heads/seq-02/color/frame-000032.color.png 0.999959 0.00289885 -0.0085095 0.00625697 -0.00284402 0.999975 0.00644939 -0.00248638 0.00852798 -0.00642493 0.999943 -0.00511923 0.0 0.0 0.0 1.0
heads/seq-02/color/frame-000031.color.png heads/seq-02/color/frame-000033.color.png 0.999994 0.00139239 -0.00303499 0.00342532 -0.00139064 0.999999 0.000576313 0.00105264 0.00303579 -0.000572091 0.999995 -0.00366595 0.0 0.0 0.0 1.0
heads/seq-02/color/frame-000032.color.png heads/seq-02/color/frame-000034.color.png 0.99997 -0.00300626 -0.00715973 0.00691685 0.00304763 0.999979 0.00577189 0.00346923 0.00714222 -0.00579353 0.999958 -0.0102249 0.0 0.0 0.0 1.0
heads/seq-02/color/frame-000033.color.png heads/seq-02/color/frame-000035.color.png 0.999986 -0.00302656 -0.00430344 0.00354929 0.00305527 0.999973 0.00668203 0.0011109 0.0042831 -0.00669508 0.999968 -0.0064392 0.0 0.0 0.0 1.0
heads/seq-02/color/frame-000034.color.png heads/seq-02/color/frame-000036.color.png 0.999963 -0.00457492 -0.00729522 0.00531874 0.00466818 0.999907 0.0128216 -0.00428684 0.00723589 -0.0128552 0.999891 -0.00379491 0.0 0.0 0.0 1.0
heads/seq-02/color/frame-000035.color.png heads/seq-02/color/frame-000037.color.png 0.999842 -0.00802114 -0.0158808 0.0114359 0.00831531 0.999793 0.0185437 -0.00871995 0.0157288 -0.0186728 0.999702 -0.00736545 0.0 0.0 0.0 1.0
heads/seq-02/color/frame-000036.color.png heads/seq-02/color/frame-000038.color.png 0.999957 -0.00349711 -0.00857785 0.00632933 0.00356257 0.999964 0.00763035 -0.00567326 0.00855085 -0.00766058 0.999934 -0.00461878 0.0 0.0 0.0 1.0
heads/seq-02/color/frame-000037.color.png heads/seq-02/color/frame-000039.color.png 0.999961 -0.00129867 -0.00877811 0.00862951 0.00128065 0.999997 -0.00205675 0.000255913 0.00878074 0.00204543 0.999959 -0.00514783 0.0 0.0 0.0 1.0
heads/seq-02/color/frame-000038.color.png heads/seq-02/color/frame-000040.color.png 0.99995 0.00749431 -0.0066672 0.0147421 -0.00753599 0.999952 -0.00625334 0.0055118 0.00662003 0.00630328 0.999958 -0.00894502 0.0 0.0 0.0 1.0
heads/seq-02/color/frame-000039.color.png heads/seq-02/color/frame-000041.color.png 0.999878 0.0149037 0.00459367 0.0211263 -0.0149158 0.999885 0.00261069 0.00395837 -0.00455422 -0.00267889 0.999986 -0.00846794 0.0 0.0 0.0 1.0
heads/seq-02/color/frame-000040.color.png heads/seq-02/color/frame-000042.color.png 0.999961 0.0072863 0.00503333 0.0126505 -0.00730565 0.999966 0.00383492 0.000525728 -0.00500522 -0.00387154 0.99998 -0.00403276 0.0 0.0 0.0 1.0
heads/seq-02/color/frame-000041.color.png heads/seq-02/color/frame-000043.color.png 0.999941 0.00398146 0.0101268 0.00812565 -0.00401508 0.999987 0.00330085 0.000264004 -0.0101136 -0.00334131 0.999943 -0.00371153 0.0 0.0 0.0 1.0
heads/seq-02/color/frame-000042.color.png heads/seq-02/color/frame-000044.color.png 0.999956 0.000334885 0.00939784 0.0216637 -0.000397361 0.999978 0.0066476 0.00223311 -0.00939541 -0.00665105 0.999934 -0.00862475 0.0 0.0 0.0 1.0
heads/seq-02/color/frame-000043.color.png heads/seq-02/color/frame-000045.color.png 0.999996 -0.00283402 0.00103282 0.0130265 0.00283003 0.999989 0.0038434 0.00150685 -0.0010437 -0.00384046 0.999992 -0.00510182 0.0 0.0 0.0 1.0
heads/seq-02/color/frame-000044.color.png heads/seq-02/color/frame-000046.color.png 0.999985 -0.00439342 -0.00337229 0.0124208 0.00441862 0.999962 0.0074991 -0.00273523 0.00333923 -0.00751389 0.999966 -0.00447255 0.0 0.0 0.0 1.0
heads/seq-02/color/frame-000045.color.png heads/seq-02/color/frame-000047.color.png 0.999955 -0.00858591 -0.003965 0.018976 0.00863204 0.999893 0.011764 -0.00754096 0.00386357 -0.0117977 0.999923 -0.0100131 0.0 0.0 0.0 1.0
heads/seq-02/color/frame-000046.color.png heads/seq-02/color/frame-000048.color.png 0.999975 -0.00405037 -0.00581465 0.0118425 0.0040836 0.999975 0.0057171 -0.00530283 0.00579133 -0.0057407 0.999967 -0.00544794 0.0 0.0 0.0 1.0
heads/seq-02/color/frame-000047.color.png heads/seq-02/color/frame-000049.color.png 0.999959 -0.00206713 -0.0087764 0.0180331 0.00203892 0.999993 -0.00322232 -0.00128905 0.008783 0.0032043 0.999956 -0.00501168 0.0 0.0 0.0 1.0
heads/seq-02/color/frame-000048.color.png heads/seq-02/color/frame-000050.color.png 0.999971 -0.000383946 -0.00759372 0.0353156 0.000309858 0.999952 -0.00975538 0.000948131 0.0075971 0.00975274 0.999924 -0.00988346 0.0 0.0 0.0 1.0
heads/seq-02/color/frame-000049.color.png heads/seq-02/color/frame-000051.color.png 0.99991 0.000481182 0.0134109 0.0339427 -0.000353495 0.999955 -0.00952238 0.0056169 -0.0134149 0.00951678 0.999865 -0.00748679 0.0 0.0 0.0 1.0
heads/seq-02/color/frame-000050.color.png heads/seq-02/color/frame-000052.color.png 0.999707 -0.00110484 0.0241628 0.00639333 0.00111791 0.999999 -0.000527173 0.000814002 -0.0241622 0.000554029 0.999708 0.000239715 0.0 0.0 0.0 1.0
heads/seq-02/color/frame-000051.color.png heads/seq-02/color/frame-000053.color.png 0.99982 -0.00782074 0.0172886 0.00384746 0.00765372 0.999923 0.00970669 -0.00731612 -0.0173632 -0.00957263 0.999803 -0.000457019 0.0 0.0 0.0 1.0
heads/seq-02/color/frame-000052.color.png heads/seq-02/color/frame-000054.color.png 0.999799 -0.0149121 0.0134319 0.0121398 0.0148684 0.999884 0.00334661 -0.000825014 -0.0134802 -0.00314623 0.999904 -0.00671968 0.0 0.0 0.0 1.0
heads/seq-02/color/frame-000053.color.png heads/seq-02/color/frame-000055.color.png 0.999932 -0.00825814 -0.00820269 0.0165331 0.0083401 0.999915 0.0100111 -0.00336546 0.00811931 -0.0100788 0.999916 -0.0146828 0.0 0.0 0.0 1.0
heads/seq-02/color/frame-000054.color.png heads/seq-02/color/frame-000056.color.png 0.999842 -0.00332327 -0.017474 0.0177729 0.00347738 0.999955 0.00879527 -0.00328866 0.017444 -0.00885464 0.999809 -0.00664411 0.0 0.0 0.0 1.0
heads/seq-02/color/frame-000055.color.png heads/seq-02/color/frame-000057.color.png 0.99981 -0.000644205 -0.0195092 0.0298361 0.000594616 0.999997 -0.00254834 0.00475786 0.0195108 0.00253626 0.999806 0.00225425 0.0 0.0 0.0 1.0
heads/seq-02/color/frame-000056.color.png heads/seq-02/color/frame-000058.color.png 0.999979 0.0065312 -0.000422081 0.0435643 -0.00652265 0.999819 0.0178692 -0.00675221 0.000538713 -0.0178661 0.99984 -0.0169497 0.0 0.0 0.0 1.0
heads/seq-02/color/frame-000057.color.png heads/seq-02/color/frame-000059.color.png 0.999054 0.0137817 0.0412393 0.0337134 -0.0153307 0.99918 0.037484 -0.0223007 -0.0406889 -0.0380808 0.998446 -0.0153498 0.0 0.0 0.0 1.0
heads/seq-02/color/frame-000058.color.png heads/seq-02/color/frame-000060.color.png 0.999668 0.00175782 0.0257211 0.0152208 -0.00191165 0.99998 0.00595784 -0.00384128 -0.0257101 -0.00600502 0.999651 0.00300355 0.0 0.0 0.0 1.0
heads/seq-02/color/frame-000059.color.png heads/seq-02/color/frame-000061.color.png 0.999345 -0.000824653 0.0361647 0.00114791 0.00131727 0.999907 -0.0135998 0.00393438 -0.0361502 0.0136385 0.999253 0.0158985 0.0 0.0 0.0 1.0
heads/seq-02/color/frame-000060.color.png heads/seq-02/color/frame-000062.color.png 0.99887 -0.00875742 0.0467142 0.0141186 0.009442 0.999851 -0.0144545 6.26966e-05 -0.0465807 0.0148793 0.998804 0.00784093 0.0 0.0 0.0 1.0
heads/seq-02/color/frame-000061.color.png heads/seq-02/color/frame-000063.color.png 0.999874 -0.0119325 0.0104336 0.0104415 0.0120143 0.999897 -0.00782014 -0.000728074 -0.0103393 0.00794451 0.999915 -0.00449818 0.0 0.0 0.0 1.0
heads/seq-02/color/frame-000062.color.png heads/seq-02/color/frame-000064.color.png 0.999826 -0.00926647 0.0161731 0.00847012 0.00930357 0.999954 -0.00221943 -0.000445221 -0.0161518 0.00236951 0.999867 0.000193179 0.0 0.0 0.0 1.0
heads/seq-02/color/frame-000063.color.png heads/seq-02/color/frame-000065.color.png 0.999873 -0.0147226 0.00603794 0.0420746 0.0147286 0.999891 -0.000943973 -0.000407927 -0.00602338 0.00103278 0.999981 -0.00710526 0.0 0.0 0.0 1.0
heads/seq-02/color/frame-000064.color.png heads/seq-02/color/frame-000066.color.png 0.999977 -0.0055911 0.00385776 0.0224066 0.00560254 0.99998 -0.00296184 0.00438563 -0.00384113 0.00298339 0.999988 0.000247464 0.0 0.0 0.0 1.0
heads/seq-02/color/frame-000065.color.png heads/seq-02/color/frame-000067.color.png 0.999799 -0.00544866 0.0193083 0.0153173 0.00552078 0.999978 -0.00368315 0.0046896 -0.0192878 0.003789 0.999807 0.010367 0.0 0.0 0.0 1.0
heads/seq-02/color/frame-000066.color.png heads/seq-02/color/frame-000068.color.png 0.999255 -0.00465265 0.038318 0.026668 0.0038662 0.999781 0.0205725 -0.0127307 -0.0384053 -0.020409 0.999054 0.00141792 0.0 0.0 0.0 1.0
heads/seq-02/color/frame-000067.color.png heads/seq-02/color/frame-000069.color.png 0.999238 -0.0121724 0.0370714 0.0159373 0.0117745 0.999871 0.0109338 -0.00718663 -0.0371997 -0.0104889 0.999253 -0.0073607 0.0 0.0 0.0 1.0
heads/seq-02/color/frame-000068.color.png heads/seq-02/color/frame-000070.color.png 0.999567 -0.0204521 0.021138 0.00774094 0.0205967 0.999766 -0.00664741 0.00791146 -0.0209971 0.00707991 0.999754 0.000287667 0.0 0.0 0.0 1.0
heads/seq-02/color/frame-000069.color.png heads/seq-02/color/frame-000071.color.png 0.999979 -0.00528202 0.00371946 0.00171211 0.00524312 0.999932 0.0103894 -0.00449226 -0.00377409 -0.0103696 0.999939 -0.00646824 0.0 0.0 0.0 1.0
heads/seq-02/color/frame-000070.color.png heads/seq-02/color/frame-000072.color.png 0.999951 0.00169124 -0.00971197 0.0107731 -0.00163009 0.999979 0.00629785 0.00169056 0.00972242 -0.00628171 0.999933 -0.00100604 0.0 0.0 0.0 1.0
heads/seq-02/color/frame-000071.color.png heads/seq-02/color/frame-000073.color.png 0.999892 -0.00307023 -0.0143902 0.0311037 0.00313741 0.999984 0.00464883 0.00594895 0.0143757 -0.00469347 0.999886 0.00528695 0.0 0.0 0.0 1.0
heads/seq-02/color/frame-000072.color.png heads/seq-02/color/frame-000074.color.png 0.999995 -0.000689227 -0.00314111 0.0175067 0.00069145 1.0 0.000717397 0.00420602 0.00314063 -0.000719568 0.999995 0.00473449 0.0 0.0 0.0 1.0
heads/seq-02/color/frame-000073.color.png heads/seq-02/color/frame-000075.color.png 0.999976 -0.00625339 0.00311796 0.0188018 0.00622597 0.999943 0.008716 -0.00514904 -0.00317229 -0.00869637 0.999957 0.000478074 0.0 0.0 0.0 1.0
heads/seq-02/color/frame-000074.color.png heads/seq-02/color/frame-000076.color.png 0.999641 -0.00915862 0.0251705 0.0240108 0.00898721 0.999936 0.00691441 -0.00557243 -0.0252322 -0.00668571 0.999659 0.00872666 0.0 0.0 0.0 1.0
heads/seq-02/color/frame-000075.color.png heads/seq-02/color/frame-000077.color.png 0.999876 -0.00272292 0.01548 0.0104617 0.00269914 0.999995 0.00156007 -0.00377241 -0.0154842 -0.0015181 0.999879 0.0081214 0.0 0.0 0.0 1.0
heads/seq-02/color/frame-000076.color.png heads/seq-02/color/frame-000078.color.png 0.999973 0.00119973 0.00722417 0.0189973 -0.00119494 0.999999 -0.000663548 -0.00313633 -0.00722498 0.000654899 0.999974 -0.000628546 0.0 0.0 0.0 1.0
heads/seq-02/color/frame-000077.color.png heads/seq-02/color/frame-000079.color.png 0.999419 -0.00556091 0.0336171 0.0191294 0.00585316 0.999946 -0.00860169 0.000403378 -0.0335674 0.00879345 0.999398 0.0123487 0.0 0.0 0.0 1.0
heads/seq-02/color/frame-000078.color.png heads/seq-02/color/frame-000080.color.png 0.999522 -0.0113754 0.0287601 0.0172444 0.011351 0.999935 0.00100772 -0.00452442 -0.0287697 -0.000680785 0.999586 0.00764976 0.0 0.0 0.0 1.0
heads/seq-02/color/frame-000079.color.png heads/seq-02/color/frame-000081.color.png 0.999943 -0.00755661 0.00759326 0.0128905 0.00757384 0.999969 -0.00224526 -0.00035388 -0.00757605 0.00230265 0.999969 0.00569957 0.0 0.0 0.0 1.0
heads/seq-02/color/frame-000080.color.png heads/seq-02/color/frame-000082.color.png 0.999945 -0.00927561 0.00493533 0.00722691 0.00927067 0.999956 0.00103201 -0.00348708 -0.00494468 -0.000986194 0.999987 0.000811666 0.0 0.0 0.0 1.0
heads/seq-02/color/frame-000081.color.png heads/seq-02/color/frame-000083.color.png 0.999776 -0.0188092 0.00967034 0.0136331 0.0187597 0.99981 0.00519048 -0.0145757 -0.00976616 -0.00500791 0.99994 0.00348027 0.0 0.0 0.0 1.0
heads/seq-02/color/frame-000082.color.png heads/seq-02/color/frame-000084.color.png 0.999971 -0.0069993 0.00289162 0.00850305 0.00700309 0.999975 -0.00130625 -0.00460521 -0.00288244 0.00132646 0.999995 0.00263651 0.0 0.0 0.0 1.0
heads/seq-02/color/frame-000083.color.png heads/seq-02/color/frame-000085.color.png 0.999953 -0.00621144 0.00744451 0.0104828 0.00623871 0.999974 -0.00365187 -0.00345495 -0.00742158 0.00369814 0.999966 0.00373946 0.0 0.0 0.0 1.0
heads/seq-02/color/frame-000084.color.png heads/seq-02/color/frame-000086.color.png 0.999898 -0.00777923 0.0119981 0.0175138 0.00786757 0.999942 -0.00733676 -0.00787916 -0.0119403 0.00743041 0.999901 0.00536874 0.0 0.0 0.0 1.0
heads/seq-02/color/frame-000085.color.png heads/seq-02/color/frame-000087.color.png 0.999957 -0.00120753 0.00916071 0.00373811 0.00125106 0.999988 -0.00474355 -0.0023922 -0.00915491 0.00475481 0.999947 0.00520067 0.0 0.0 0.0 1.0
heads/seq-02/color/frame-000086.color.png heads/seq-02/color/frame-000088.color.png 0.999991 -0.00286749 -0.00313628 0.00593698 0.00285658 0.99999 -0.00347429 -0.00392769 0.00314622 0.00346531 0.999989 -0.00139418 0.0 0.0 0.0 1.0
heads/seq-02/color/frame-000087.color.png heads/seq-02/color/frame-000089.color.png 0.999983 -0.00314985 -0.00492511 0.0117756 0.00309504 0.999934 -0.0110946 -0.00104778 0.0049597 0.0110791 0.999926 -0.00198491 0.0 0.0 0.0 1.0
heads/seq-02/color/frame-000088.color.png heads/seq-02/color/frame-000090.color.png 0.999946 -0.00951607 -0.00422502 0.016454 0.0095043 0.999951 -0.00280092 -0.0102582 0.00425147 0.00276061 0.999987 -0.00282085 0.0 0.0 0.0 1.0
heads/seq-02/color/frame-000089.color.png heads/seq-02/color/frame-000091.color.png 0.999984 -0.00564604 0.000341088 0.00879842 0.00564678 0.999981 -0.00229085 -0.00482044 -0.000328128 0.00229275 0.999997 0.000331983 0.0 0.0 0.0 1.0
heads/seq-02/color/frame-000090.color.png heads/seq-02/color/frame-000092.color.png 0.999977 -0.00578962 0.00348356 0.0067611 0.00580207 0.999977 -0.0035792 -0.00481717 -0.00346281 0.00359932 0.999987 -0.000303477 0.0 0.0 0.0 1.0
heads/seq-02/color/frame-000091.color.png heads/seq-02/color/frame-000093.color.png 0.999946 -0.00931163 0.00466074 0.0185792 0.00933603 0.999943 -0.00523459 -0.00594937 -0.00461173 0.00527781 0.999975 -0.00372586 0.0 0.0 0.0 1.0
heads/seq-02/color/frame-000092.color.png heads/seq-02/color/frame-000094.color.png 0.999982 -0.00105237 0.00586792 0.0079608 0.00107279 0.999993 -0.00347737 0.00134871 -0.00586419 0.00348361 0.999977 0.000911728 0.0 0.0 0.0 1.0
heads/seq-02/color/frame-000093.color.png heads/seq-02/color/frame-000095.color.png 0.999954 -0.00649981 0.00708507 0.00601661 0.00648376 0.999976 0.00228545 -0.00226053 -0.00709975 -0.00223941 0.999972 0.00347702 0.0 0.0 0.0 1.0
heads/seq-02/color/frame-000094.color.png heads/seq-02/color/frame-000096.color.png 0.999963 -0.00686937 0.00519996 0.00740424 0.00685795 0.999974 0.00221174 -0.00161746 -0.00521501 -0.002176 0.999984 0.00273542 0.0 0.0 0.0 1.0
heads/seq-02/color/frame-000095.color.png heads/seq-02/color/frame-000097.color.png 0.999936 -0.00986161 0.00550412 0.00385088 0.00984762 0.999948 0.00255535 -0.00645704 -0.00552899 -0.00250098 0.999982 0.00264835 0.0 0.0 0.0 1.0
heads/seq-02/color/frame-000096.color.png heads/seq-02/color/frame-000098.color.png 0.999736 -0.0216955 0.00760506 0.0108517 0.0216881 0.999764 0.0010646 -0.0146827 -0.00762637 -0.000899379 0.99997 0.00434706 0.0 0.0 0.0 1.0
heads/seq-02/color/frame-000097.color.png heads/seq-02/color/frame-000099.color.png 0.999827 -0.017498 0.00632836 0.0151031 0.0175219 0.999839 -0.00374416 -0.0102546 -0.00626192 0.00385439 0.999973 -0.000523075 0.0 0.0 0.0 1.0
heads/seq-02/color/frame-000098.color.png heads/seq-02/color/frame-000100.color.png 0.999944 -0.00760309 0.0073506 0.0052467 0.00761762 0.999969 -0.00195126 -0.00358458 -0.00733554 0.00200715 0.999971 0.00154114 0.0 0.0 0.0 1.0
heads/seq-02/color/frame-000099.color.png heads/seq-02/color/frame-000101.color.png 0.999966 -0.00522957 0.00637314 0.00561962 0.00520331 0.999978 0.00411805 -0.00428275 -0.00639451 -0.00408473 0.999971 0.00195993 0.0 0.0 0.0 1.0
heads/seq-02/color/frame-000100.color.png heads/seq-02/color/frame-000102.color.png 0.999964 -0.00541528 0.00656405 0.00570586 0.0054119 0.999985 0.000538619 -0.00187462 -0.00656691 -0.000503082 0.999978 0.00307815 0.0 0.0 0.0 1.0
heads/seq-02/color/frame-000101.color.png heads/seq-02/color/frame-000103.color.png 0.999973 -0.00641573 0.00367826 0.0042938 0.00640822 0.999977 0.00206291 -0.00259087 -0.00369145 -0.00203929 0.999991 0.00113498 0.0 0.0 0.0 1.0
heads/seq-02/color/frame-000102.color.png heads/seq-02/color/frame-000104.color.png 0.999898 -0.0142824 -0.000814027 0.00898591 0.0142885 0.999866 0.00803628 -0.00786792 0.000699128 -0.00804708 0.999967 -0.00281107 0.0 0.0 0.0 1.0
heads/seq-02/color/frame-000103.color.png heads/seq-02/color/frame-000105.color.png 0.99996 -0.00846272 -0.00280714 0.00289661 0.00847124 0.99996 0.00304405 -0.00327396 0.00278133 -0.0030677 0.999992 -0.00141667 0.0 0.0 0.0 1.0
heads/seq-02/color/frame-000104.color.png heads/seq-02/color/frame-000106.color.png 0.999952 -0.00649903 -0.00731685 0.00538674 0.00653741 0.999965 0.0052402 -0.00647087 0.00728254 -0.00528779 0.999959 -0.00534977 0.0 0.0 0.0 1.0
heads/seq-02/color/frame-000105.color.png heads/seq-02/color/frame-000107.color.png 0.999956 -0.00637995 -0.00679716 0.00526029 0.00642117 0.999961 0.00606137 -0.00766291 0.0067582 -0.00610476 0.999958 -0.00465044 0.0 0.0 0.0 1.0
heads/seq-02/color/frame-000106.color.png heads/seq-02/color/frame-000108.color.png 0.999998 -0.000601419 -0.0020956 0.00904518 0.00060057 1.0 -0.000411395 -0.00584346 0.00209587 0.000410145 0.999998 -0.0030902 0.0 0.0 0.0 1.0
heads/seq-02/color/frame-000107.color.png heads/seq-02/color/frame-000109.color.png 0.999987 -0.00401117 0.00322379 0.0144462 0.00403637 0.999961 -0.0078469 -0.011445 -0.00319215 0.00785981 0.999964 -0.000490651 0.0 0.0 0.0 1.0
heads/seq-02/color/frame-000108.color.png heads/seq-02/color/frame-000110.color.png 0.999964 -0.00219622 0.00815819 0.00407439 0.0022725 0.999954 -0.00934654 -0.00403501 -0.00813728 0.00936473 0.999923 0.00283782 0.0 0.0 0.0 1.0
heads/seq-02/color/frame-000109.color.png heads/seq-02/color/frame-000111.color.png 0.999952 -0.00146497 0.00964401 0.000139058 0.00155229 0.999958 -0.00905143 -0.00373937 -0.0096304 0.00906596 0.999913 0.00209729 0.0 0.0 0.0 1.0
heads/seq-02/color/frame-000110.color.png heads/seq-02/color/frame-000112.color.png 0.999938 -0.0109676 0.00198602 0.00806063 0.0109992 0.999801 -0.016674 -0.00732858 -0.00180272 0.0166948 0.999859 -0.00361304 0.0 0.0 0.0 1.0
heads/seq-02/color/frame-000111.color.png heads/seq-02/color/frame-000113.color.png 0.999992 -0.0039361 0.00122389 0.00138301 0.00394609 0.999958 -0.0082324 -0.000926182 -0.00119145 0.00823716 0.999965 -0.00188199 0.0 0.0 0.0 1.0
heads/seq-02/color/frame-000112.color.png heads/seq-02/color/frame-000114.color.png 0.999964 -0.00617191 -0.0057899 0.000236034 0.00614162 0.999967 -0.0052408 0.000281647 0.00582207 0.00520506 0.99997 0.000943929 0.0 0.0 0.0 1.0
heads/seq-02/color/frame-000113.color.png heads/seq-02/color/frame-000115.color.png 0.99974 -0.0108662 -0.0200469 -0.00251734 0.0108221 0.999939 -0.00230684 -0.00165056 0.0200708 0.0020893 0.999796 -0.00305356 0.0 0.0 0.0 1.0
heads/seq-02/color/frame-000114.color.png heads/seq-02/color/frame-000116.color.png 0.999843 -0.00527962 -0.0169167 -0.00127614 0.0053893 0.999965 0.00644191 -0.0054273 0.0168821 -0.00653207 0.999836 -0.00678264 0.0 0.0 0.0 1.0
heads/seq-02/color/frame-000115.color.png heads/seq-02/color/frame-000117.color.png 0.999719 -0.00864349 -0.0220807 -0.000994384 0.00865779 0.999962 0.000551463 -0.00554296 0.0220751 -0.00074249 0.999756 -0.0117379 0.0 0.0 0.0 1.0
heads/seq-02/color/frame-000116.color.png heads/seq-02/color/frame-000118.color.png 0.998843 -0.0184695 -0.0443977 -0.00306088 0.0185012 0.999829 0.000302366 -0.0115786 0.0443844 -0.00112342 0.999014 -0.0228102 0.0 0.0 0.0 1.0
heads/seq-02/color/frame-000117.color.png heads/seq-02/color/frame-000119.color.png 0.999693 -0.0109334 -0.0222204 -0.00237942 0.0109357 0.99994 -1.86694e-05 -0.00644416 0.0222193 -0.000224332 0.999753 -0.0107317 0.0 0.0 0.0 1.0
heads/seq-02/color/frame-000118.color.png heads/seq-02/color/frame-000120.color.png 0.999684 0.0052038 -0.0245989 0.00244099 -0.0051214 0.999981 0.00341346 -0.00406535 0.0246162 -0.0032864 0.999691 -0.0138992 0.0 0.0 0.0 1.0
heads/seq-02/color/frame-000119.color.png heads/seq-02/color/frame-000121.color.png 0.99967 0.00364981 -0.0254188 0.00307965 -0.00348879 0.999974 0.00638102 -0.00671091 0.0254414 -0.00629024 0.999657 -0.0184959 0.0 0.0 0.0 1.0
heads/seq-02/color/frame-000120.color.png heads/seq-02/color/frame-000122.color.png 0.999732 0.00970458 -0.021002 -0.000587583 -0.00984829 0.999929 -0.00675141 0.00569097 0.0209349 0.00695644 0.999757 -0.0119977 0.0 0.0 0.0 1.0
heads/seq-02/color/frame-000121.color.png heads/seq-02/color/frame-000123.color.png 0.998597 0.0317289 -0.0424004 -0.000784397 -0.0319642 0.999477 -0.0048833 0.0208106 0.0422233 0.00623173 0.999089 -0.0246859 0.0 0.0 0.0 1.0
heads/seq-02/color/frame-000122.color.png heads/seq-02/color/frame-000124.color.png 0.999432 0.0237936 -0.023859 0.00262928 -0.0237279 0.999714 0.00303428 0.015136 0.0239243 -0.00246644 0.999711 -0.0155984 0.0 0.0 0.0 1.0
heads/seq-02/color/frame-000123.color.png heads/seq-02/color/frame-000125.color.png 0.999339 0.0260206 -0.0253787 0.00921923 -0.0255231 0.999479 0.019735 0.00920452 0.025879 -0.0190742 0.999483 -0.0186368 0.0 0.0 0.0 1.0
heads/seq-02/color/frame-000124.color.png heads/seq-02/color/frame-000126.color.png 0.998018 0.0501608 -0.0379983 0.00385499 -0.049122 0.998406 0.0277961 0.0167407 0.0393321 -0.0258745 0.998891 -0.0278032 0.0 0.0 0.0 1.0
heads/seq-02/color/frame-000125.color.png heads/seq-02/color/frame-000127.color.png 0.999482 0.0259041 -0.0190913 -0.000242949 -0.0257602 0.999638 0.0077414 0.00883317 0.0192849 -0.0072456 0.999788 -0.0093255 0.0 0.0 0.0 1.0
heads/seq-02/color/frame-000126.color.png heads/seq-02/color/frame-000128.color.png 0.999435 0.025019 -0.0224582 0.00227296 -0.0250175 0.999687 0.000345453 0.0135753 0.0224599 0.000216589 0.999748 -0.0110542 0.0 0.0 0.0 1.0
heads/seq-02/color/frame-000127.color.png heads/seq-02/color/frame-000129.color.png 0.999491 0.02251 -0.0226174 0.00234222 -0.0225145 0.999746 5.30783e-05 0.0126351 0.0226129 0.000456178 0.999744 -0.0124184 0.0 0.0 0.0 1.0
heads/seq-02/color/frame-000128.color.png heads/seq-02/color/frame-000130.color.png 0.999599 0.0196833 -0.0203431 0.00419986 -0.0196428 0.999805 0.00219015 0.00784276 0.0203822 -0.00178969 0.999791 -0.00708838 0.0 0.0 0.0 1.0
heads/seq-02/color/frame-000129.color.png heads/seq-02/color/frame-000131.color.png 0.998479 0.038434 -0.0395205 0.0024069 -0.0385041 0.999258 -0.00101455 0.0177282 0.0394522 0.00253471 0.999218 -0.0155857 0.0 0.0 0.0 1.0
heads/seq-02/color/frame-000130.color.png heads/seq-02/color/frame-000132.color.png 0.999546 0.0191688 -0.0232364 0.00214142 -0.0191467 0.999816 0.00117502 0.00632183 0.0232547 -0.000729592 0.999729 -0.0139859 0.0 0.0 0.0 1.0
heads/seq-02/color/frame-000131.color.png heads/seq-02/color/frame-000133.color.png 0.999418 0.0219709 -0.0261117 -0.00204974 -0.0219511 0.999759 0.00104422 0.010384 0.0261284 -0.00047044 0.999659 -0.0154774 0.0 0.0 0.0 1.0
heads/seq-02/color/frame-000132.color.png heads/seq-02/color/frame-000134.color.png 0.996755 0.0472793 -0.0651524 0.00418842 -0.0478119 0.998834 -0.00663775 0.0271093 0.0647626 0.00973126 0.997853 -0.0245629 0.0 0.0 0.0 1.0
heads/seq-02/color/frame-000133.color.png heads/seq-02/color/frame-000135.color.png 0.996623 0.0353807 -0.0741034 0.00951701 -0.0363841 0.999263 -0.012234 0.0258109 0.0736159 0.0148889 0.997176 -0.0287787 0.0 0.0 0.0 1.0
heads/seq-02/color/frame-000134.color.png heads/seq-02/color/frame-000136.color.png 0.999112 0.0138934 -0.0397803 0.00687015 -0.0138284 0.999903 0.00190728 0.00571309 0.0398029 -0.00135548 0.999207 -0.025478 0.0 0.0 0.0 1.0
heads/seq-02/color/frame-000135.color.png heads/seq-02/color/frame-000137.color.png 0.998743 0.0188831 -0.0464266 0.0149205 -0.0182294 0.999729 0.0144629 0.000795774 0.0466872 -0.0135984 0.998817 -0.0243359 0.0 0.0 0.0 1.0
heads/seq-02/color/frame-000136.color.png heads/seq-02/color/frame-000138.color.png 0.997223 0.0229177 -0.0708611 0.00946224 -0.0228437 0.999737 0.00185398 0.0108201 0.070885 -0.000230112 0.997485 -0.0254315 0.0 0.0 0.0 1.0
heads/seq-02/color/frame-000137.color.png heads/seq-02/color/frame-000139.color.png 0.99717 0.0223161 -0.0717931 0.010588 -0.0228019 0.999722 -0.00595409 0.0110251 0.0716403 0.00757425 0.997402 -0.0280538 0.0 0.0 0.0 1.0
heads/seq-02/color/frame-000138.color.png heads/seq-02/color/frame-000140.color.png 0.999209 0.0112707 -0.0381314 0.00640702 -0.0114008 0.99993 -0.00319513 0.00536636 0.0380927 0.00362732 0.999268 -0.0181996 0.0 0.0 0.0 1.0
heads/seq-02/color/frame-000139.color.png heads/seq-02/color/frame-000141.color.png 0.99922 0.0135989 -0.0370801 0.00987238 -0.0137763 0.999895 -0.00453315 0.0116507 0.0370145 0.00504043 0.999302 -0.0121512 0.0 0.0 0.0 1.0
heads/seq-02/color/frame-000140.color.png heads/seq-02/color/frame-000142.color.png 0.997765 0.0261767 -0.0614772 0.019345 -0.0263488 0.999651 -0.00198983 0.0122107 0.0614036 0.00360527 0.998107 -0.0218234 0.0 0.0 0.0 1.0
heads/seq-02/color/frame-000141.color.png heads/seq-02/color/frame-000143.color.png 0.998358 0.0203156 -0.0535566 0.0207149 -0.020811 0.999745 -0.00870889 0.00952585 0.0533661 0.00980917 0.998527 -0.0190138 0.0 0.0 0.0 1.0
heads/seq-02/color/frame-000142.color.png heads/seq-02/color/frame-000144.color.png 0.998516 0.0136444 -0.0527115 0.0205623 -0.0132598 0.999883 0.00763848 -0.0012199 0.0528095 -0.00692822 0.998581 -0.0299872 0.0 0.0 0.0 1.0
heads/seq-02/color/frame-000143.color.png heads/seq-02/color/frame-000145.color.png 0.998667 0.00698596 -0.0511384 0.0184486 -0.00642058 0.999917 0.0112118 -0.00394319 0.0512126 -0.0108685 0.998629 -0.0190441 0.0 0.0 0.0 1.0
heads/seq-02/color/frame-000144.color.png heads/seq-02/color/frame-000146.color.png 0.999798 0.00100007 -0.0200816 0.00301635 -0.0010705 0.999993 -0.00349717 0.00334801 0.020078 0.00351796 0.999792 -0.0026954 0.0 0.0 0.0 1.0
heads/seq-02/color/frame-000145.color.png heads/seq-02/color/frame-000147.color.png 0.999967 0.00278129 -0.00768738 0.00426346 -0.00279993 0.999993 -0.00241485 0.00237168 0.00768063 0.00243631 0.999968 0.000934459 0.0 0.0 0.0 1.0
heads/seq-02/color/frame-000146.color.png heads/seq-02/color/frame-000148.color.png 0.999973 6.4719e-05 -0.0073953 0.00953704 -7.55404e-05 0.999999 -0.00146295 0.00113661 0.00739515 0.00146347 0.999972 0.00510614 0.0 0.0 0.0 1.0
heads/seq-02/color/frame-000147.color.png heads/seq-02/color/frame-000149.color.png 0.999919 0.0126604 0.00117454 0.00383294 -0.0126695 0.999887 0.00811218 0.00554593 -0.00107168 -0.0081264 0.999966 0.0039113 0.0 0.0 0.0 1.0
heads/seq-02/color/frame-000148.color.png heads/seq-02/color/frame-000150.color.png 0.998662 0.0361794 -0.0369625 0.0294479 -0.0354922 0.999188 0.0190832 0.00561063 0.037623 -0.0177458 0.999134 -0.00856987 0.0 0.0 0.0 1.0
heads/seq-02/color/frame-000149.color.png heads/seq-02/color/frame-000151.color.png 0.999191 0.0286171 -0.0282455 0.0138457 -0.0285462 0.999588 0.0029093 0.0151169 0.028317 -0.00210065 0.999597 -0.0108758 0.0 0.0 0.0 1.0
heads/seq-02/color/frame-000150.color.png heads/seq-02/color/frame-000152.color.png 0.999026 0.0280597 -0.0340429 0.0124657 -0.0279052 0.999598 0.0050028 0.00905038 0.0341696 -0.00404793 0.999408 -0.0155921 0.0 0.0 0.0 1.0
heads/seq-02/color/frame-000151.color.png heads/seq-02/color/frame-000153.color.png 0.999256 0.0247605 -0.0295665 0.012112 -0.0250901 0.999626 -0.01083 0.0187453 0.0292873 0.0115638 0.999504 -0.013077 0.0 0.0 0.0 1.0
heads/seq-02/color/frame-000152.color.png heads/seq-02/color/frame-000154.color.png 0.999613 0.0209621 -0.0182572 0.016814 -0.0212519 0.999649 -0.0158269 0.0230263 0.017919 0.0162088 0.999708 0.00232995 0.0 0.0 0.0 1.0
heads/seq-02/color/frame-000153.color.png heads/seq-02/color/frame-000155.color.png 0.999946 0.0104264 0.000584567 0.00714654 -0.0104276 0.999944 0.00208281 0.00365557 -0.000562844 -0.0020888 0.999998 0.00429908 0.0 0.0 0.0 1.0
heads/seq-02/color/frame-000154.color.png heads/seq-02/color/frame-000156.color.png 0.999966 0.00522594 0.00632634 0.00306451 -0.00523683 0.999985 0.00170521 0.00132807 -0.00631736 -0.00173829 0.999979 0.00189016 0.0 0.0 0.0 1.0
heads/seq-02/color/frame-000155.color.png heads/seq-02/color/frame-000157.color.png 0.999948 0.0101851 0.000541737 0.0139916 -0.0101896 0.999908 0.00893176 -0.00144964 -0.000450772 -0.0089368 0.99996 -0.000844255 0.0 0.0 0.0 1.0
heads/seq-02/color/frame-000156.color.png heads/seq-02/color/frame-000158.color.png 0.999915 0.0116454 -0.00576291 0.0171377 -0.0115444 0.999785 0.0172518 -0.00638266 0.00596263 -0.0171839 0.999835 -0.00676245 0.0 0.0 0.0 1.0
heads/seq-02/color/frame-000157.color.png heads/seq-02/color/frame-000159.color.png 0.999944 0.00861747 -0.00614053 0.0141603 -0.00853116 0.999866 0.0139466 -0.00499576 0.00625993 -0.0138934 0.999884 -0.00993776 0.0 0.0 0.0 1.0
heads/seq-02/color/frame-000158.color.png heads/seq-02/color/frame-000160.color.png 0.999887 0.0147077 -0.00303902 0.0177076 -0.014724 0.999877 -0.00540908 0.0214156 0.00295919 0.00545323 0.999981 -0.00675514 0.0 0.0 0.0 1.0
heads/seq-02/color/frame-000159.color.png heads/seq-02/color/frame-000161.color.png 0.999436 0.0315937 0.0113725 0.026674 -0.0318432 0.99924 0.0224672 0.00980853 -0.010654 -0.0228167 0.999683 -0.000415288 0.0 0.0 0.0 1.0
heads/seq-02/color/frame-000160.color.png heads/seq-02/color/frame-000162.color.png 0.998985 0.0393047 0.0220192 0.0252372 -0.0399934 0.998695 0.0317638 0.00153396 -0.020742 -0.0326121 0.999253 0.009354 0.0 0.0 0.0 1.0
heads/seq-02/color/frame-000161.color.png heads/seq-02/color/frame-000163.color.png 0.999392 0.0239474 0.0253501 0.0120783 -0.0244114 0.999537 0.0181522 0.00458698 -0.0249038 -0.0187599 0.999514 0.00681141 0.0 0.0 0.0 1.0
heads/seq-02/color/frame-000162.color.png heads/seq-02/color/frame-000164.color.png 0.999829 0.0113508 0.0146065 0.0107018 -0.0117582 0.999535 0.0281177 -0.00816397 -0.0142805 -0.0282846 0.999498 -0.00345825 0.0 0.0 0.0 1.0
heads/seq-02/color/frame-000163.color.png heads/seq-02/color/frame-000165.color.png 0.999861 0.0149011 0.00753709 0.00957233 -0.0150633 0.999646 0.0219431 0.000636965 -0.00720748 -0.0220536 0.999731 -0.00536165 0.0 0.0 0.0 1.0
heads/seq-02/color/frame-000164.color.png heads/seq-02/color/frame-000166.color.png 0.999852 0.0171912 -0.000472489 0.0222499 -0.0171592 0.999073 0.039482 -0.0111309 0.00115063 -0.0394681 0.99922 -0.0148285 0.0 0.0 0.0 1.0
heads/seq-02/color/frame-000165.color.png heads/seq-02/color/frame-000167.color.png 0.999371 0.00491811 -0.0351188 0.0442103 -0.00411702 0.99973 0.0228482 -0.00821988 0.0352216 -0.0226892 0.999122 -0.018966 0.0 0.0 0.0 1.0
heads/seq-02/color/frame-000166.color.png heads/seq-02/color/frame-000168.color.png 0.999852 -0.000782638 0.0171688 0.00325704 0.000570203 0.999923 0.0123753 -0.00634469 -0.0171771 -0.0123636 0.999776 0.0105068 0.0 0.0 0.0 1.0
heads/seq-02/color/frame-000167.color.png heads/seq-02/color/frame-000169.color.png 0.999232 -0.0105825 0.0377305 -0.000701189 0.0097364 0.999699 0.0225399 -0.0211049 -0.0379576 -0.0221553 0.999034 0.0214965 0.0 0.0 0.0 1.0
heads/seq-02/color/frame-000168.color.png heads/seq-02/color/frame-000170.color.png 0.999171 -0.0253295 0.0318676 -0.00677013 0.0245635 0.999405 0.0242022 -0.033713 -0.0324617 -0.0233994 0.999199 0.0115416 0.0 0.0 0.0 1.0
heads/seq-02/color/frame-000169.color.png heads/seq-02/color/frame-000171.color.png 0.999405 -0.0294299 0.0179806 -0.00491619 0.0289918 0.999288 0.0241604 -0.0319519 -0.0186788 -0.0236247 0.999546 0.00700559 0.0 0.0 0.0 1.0
heads/seq-02/color/frame-000170.color.png heads/seq-02/color/frame-000172.color.png 0.999727 -0.0145974 0.0182435 -0.0011279 0.0143059 0.99977 0.0160069 -0.0156791 -0.018473 -0.0157415 0.999705 0.0104532 0.0 0.0 0.0 1.0
heads/seq-02/color/frame-000171.color.png heads/seq-02/color/frame-000173.color.png 0.999483 -0.00764989 0.0312363 0.00215709 0.00735011 0.999926 0.0096997 -0.00444193 -0.0313083 -0.00946502 0.999465 0.0221949 0.0 0.0 0.0 1.0
heads/seq-02/color/frame-000172.color.png heads/seq-02/color/frame-000174.color.png 0.998598 -0.0115815 0.0516511 -0.00415623 0.0106967 0.999792 0.0173744 -0.0148763 -0.0518416 -0.0167975 0.998514 0.0361129 0.0 0.0 0.0 1.0
heads/seq-02/color/frame-000173.color.png heads/seq-02/color/frame-000175.color.png 0.998572 -0.0140253 0.0515503 -0.0105237 0.0130758 0.999739 0.0187115 -0.0181962 -0.0517993 -0.0180107 0.998495 0.028012 0.0 0.0 0.0 1.0
heads/seq-02/color/frame-000174.color.png heads/seq-02/color/frame-000176.color.png 0.999309 -0.00345897 0.0370088 -0.0133731 0.0026376 0.99975 0.0222198 -0.0089826 -0.0370765 -0.0221069 0.999068 0.0206588 0.0 0.0 0.0 1.0
heads/seq-02/color/frame-000175.color.png heads/seq-02/color/frame-000177.color.png 0.999167 0.00638517 0.0403083 -0.0240922 -0.00763752 0.99949 0.0309921 -0.0148553 -0.0400898 -0.0312742 0.998707 0.0210675 0.0 0.0 0.0 1.0
