heads/seq-02/color/frame-000000.color.png heads/seq-02/color/frame-000002.color.png 0.999992 -0.00402283 -7.38641e-05 0.000273837 0.00402261 0.999988 -0.00285793 -0.000802636 8.53602e-05 0.00285761 0.999996 -0.00194885 0.0 0.0 0.0 1.0
heads/seq-02/color/frame-000002.color.png heads/seq-02/color/frame-000004.color.png 0.999998 0.00134076 0.00133095 0.00250766 -0.00133343 0.999984 -0.00548802 -0.000513764 -0.00133828 0.00548624 0.999984 -0.00281082 0.0 0.0 0.0 1.0
heads/seq-02/color/frame-000004.color.png heads/seq-02/color/frame-000006.color.png 0.999864 0.0108376 0.0124261 0.000553022 -0.0108121 0.999939 -0.00211374 -0.0054687 -0.0124483 0.0019791 0.999921 -0.00311572 0.0 0.0 0.0 1.0
heads/seq-02/color/frame-000006.color.png heads/seq-02/color/frame-000008.color.png 0.999995 0.00275975 0.0016909 -0.00312012 -0.00273368 0.99988 -0.0152324 -0.00457681 -0.00173273 0.0152277 0.999882 -0.00350537 0.0 0.0 0.0 1.0
heads/seq-02/color/frame-000008.color.png heads/seq-02/color/frame-000010.color.png 0.999988 0.00286123 -0.00384702 0.00396833 -0.002917 0.99989 -0.0145704 0.00187836 0.0038049 0.0145815 0.999887 -0.00333794 0.0 0.0 0.0 1.0
heads/seq-02/color/frame-000010.color.png heads/seq-02/color/frame-000012.color.png 0.999978 0.00551811 0.00355683 0.00318129 -0.00551215 0.999983 -0.00168304 -0.00378506 -0.00356605 0.00166339 0.999992 -0.000950443 0.0 0.0 0.0 1.0
heads/seq-02/color/frame-000012.color.png heads/seq-02/color/frame-000014.color.png 0.99995 -0.000545734 0.0100213 -0.00308395 0.000630737 0.999964 -0.00848075 0.00177667 -0.0100163 0.00848665 0.999914 -0.00213525 0.0 0.0 0.0 1.0
heads/seq-02/color/frame-000014.color.png heads/seq-02/color/frame-000016.color.png 0.999644 -0.0262711 -0.00454727 -0.0012824 0.0262602 0.999652 -0.00243381 -0.00493552 0.00460962 0.00231352 0.999987 -0.00388996 0.0 0.0 0.0 1.0
heads/seq-02/color/frame-000016.color.png heads/seq-02/color/frame-000018.color.png 0.999941 -0.00872962 -0.00643816 0.00290512 0.00869541 0.999948 -0.0053231 -0.00152145 0.00648429 0.00526681 0.999965 -0.00516553 0.0 0.0 0.0 1.0
heads/seq-02/color/frame-000018.color.png heads/seq-02/color/frame-000020.color.png 0.999984 -0.00538889 -0.0019114 0.00247431 0.00537842 0.999971 -0.00544204 0.000225458 0.00194067 0.00543168 0.999983 -0.00377013 0.0 0.0 0.0 1.0
heads/seq-02/color/frame-000020.color.png heads/seq-02/color/frame-000022.color.png 0.999941 -0.0108234 -0.000645744 0.00238816 0.0108214 0.999937 -0.00304055 -0.00295109 0.000678613 0.00303338 0.999995 -0.0104058 0.0 0.0 0.0 1.0
heads/seq-02/color/frame-000022.color.png heads/seq-02/color/frame-000024.color.png 0.999975 -0.00500021 -0.00503522 0.00217257 0.00500147 0.999987 0.000235763 0.000672612 0.00503398 -0.000260938 0.999987 -0.00504958 0.0 0.0 0.0 1.0
heads/seq-02/color/frame-000024.color.png heads/seq-02/color/frame-000026.color.png 0.999969 -0.00573253 -0.0054742 0.00342391 0.00576999 0.99996 0.00685185 -0.00482663 0.0054347 -0.00688323 0.999962 -0.0049146 0.0 0.0 0.0 1.0
heads/seq-02/color/frame-000026.color.png heads/seq-02/color/frame-000028.color.png 0.999854 -0.00981556 -0.0140237 0.00250099 0.00979472 0.999951 -0.00155317 -0.0029869 0.0140382 0.00141557 0.999901 -0.0101276 0.0 0.0 0.0 1.0
heads/seq-02/color/frame-000028.color.png heads/seq-02/color/frame-000030.color.png 0.999916 0.000784664 -0.0129476 0.00441816 -0.000700494 0.999979 0.00650349 -0.001611 0.0129524 -0.00649386 0.999895 -0.00698911 0.0 0.0 0.0 1.0
heads/seq-02/color/frame-000030.color.png heads/seq-02/color/frame-000032.color.png 0.999959 0.00289885 -0.0085095 0.00625697 -0.00284402 0.999975 0.00644939 -0.00248638 0.00852798 -0.00642493 0.999943 -0.00511923 0.0 0.0 0.0 1.0
heads/seq-02/color/frame-000032.color.png heads/seq-02/color/frame-000034.color.png 0.99997 -0.00300626 -0.00715973 0.00691685 0.00304763 0.999979 0.00577189 0.00346923 0.00714222 -0.00579353 0.999958 -0.0102249 0.0 0.0 0.0 1.0
heads/seq-02/color/frame-000034.color.png heads/seq-02/color/frame-000036.color.png 0.999963 -0.00457492 -0.00729522 0.00531874 0.00466818 0.999907 0.0128216 -0.00428684 0.00723589 -0.0128552 0.999891 -0.00379491 0.0 0.0 0.0 1.0
heads/seq-02/color/frame-000036.color.png heads/seq-02/color/frame-000038.color.png 0.999957 -0.00349711 -0.00857785 0.00632933 0.00356257 0.999964 0.00763035 -0.00567326 0.00855085 -0.00766058 0.999934 -0.00461878 0.0 0.0 0.0 1.0
heads/seq-02/color/frame-000038.color.png heads/seq-02/color/frame-000040.color.png 0.99995 0.00749431 -0.0066672 0.0147421 -0.00753599 0.999952 -0.00625334 0.0055118 0.00662003 0.00630328 0.999958 -0.00894502 0.0 0.0 0.0 1.0
heads/seq-02/color/frame-000040.color.png heads/seq-02/color/frame-000042.color.png 0.999961 0.0072863 0.00503333 0.0126505 -0.00730565 0.999966 0.00383492 0.000525728 -0.00500522 -0.00387154 0.99998 -0.00403276 0.0 0.0 0.0 1.0
heads/seq-02/color/frame-000042.color.png heads/seq-02/color/frame-000044.color.png 0.999956 0.000334885 0.00939784 0.0216637 -0.000397361 0.999978 0.0066476 0.00223311 -0.00939541 -0.00665105 0.999934 -0.00862475 0.0 0.0 0.0 1.0
heads/seq-02/color/frame-000044.color.png heads/seq-02/color/frame-000046.color.png 0.999985 -0.00439342 -0.00337229 0.0124208 0.00441862 0.999962 0.0074991 -0.00273523 0.00333923 -0.00751389 0.999966 -0.00447255 0.0 0.0 0.0 1.0
heads/seq-02/color/frame-000046.color.png heads/seq-02/color/frame-000048.color.png 0.999975 -0.00405037 -0.00581465 0.0118425 0.0040836 0.999975 0.0057171 -0.00530283 0.00579133 -0.0057407 0.999967 -0.00544794 0.0 0.0 0.0 1.0
heads/seq-02/color/frame-000048.color.png heads/seq-02/color/frame-000050.color.png 0.999971 -0.000383946 -0.00759372 0.0353156 0.000309858 0.999952 -0.00975538 0.000948131 0.0075971 0.00975274 0.999924 -0.00988346 0.0 0.0 0.0 1.0
heads/seq-02/color/frame-000050.color.png heads/seq-02/color/frame-000052.color.png 0.999707 -0.00110484 0.0241628 0.00639333 0.00111791 0.999999 -0.000527173 0.000814002 -0.0241622 0.000554029 0.999708 0.000239715 0.0 0.0 0.0 1.0
heads/seq-02/color/frame-000052.color.png heads/seq-02/color/frame-000054.color.png 0.999799 -0.0149121 0.0134319 0.0121398 0.0148684 0.999884 0.00334661 -0.000825014 -0.0134802 -0.00314623 0.999904 -0.00671968 0.0 0.0 0.0 1.0
heads/seq-02/color/frame-000054.color.png heads/seq-02/color/frame-000056.color.png 0.999842 -0.00332327 -0.017474 0.0177729 0.00347738 0.999955 0.00879527 -0.00328866 0.017444 -0.00885464 0.999809 -0.00664411 0.0 0.0 0.0 1.0
heads/seq-02/color/frame-000056.color.png heads/seq-02/color/frame-000058.color.png 0.999979 0.0065312 -0.000422081 0.0435643 -0.00652265 0.999819 0.0178692 -0.00675221 0.000538713 -0.0178661 0.99984 -0.0169497 0.0 0.0 0.0 1.0
heads/seq-02/color/frame-000058.color.png heads/seq-02/color/frame-000060.color.png 0.999668 0.00175782 0.0257211 0.0152208 -0.00191165 0.99998 0.00595784 -0.00384128 -0.0257101 -0.00600502 0.999651 0.00300355 0.0 0.0 0.0 1.0
heads/seq-02/color/frame-000060.color.png heads/seq-02/color/frame-000062.color.png 0.99887 -0.00875742 0.0467142 0.0141186 0.009442 0.999851 -0.0144545 6.26966e-05 -0.0465807 0.0148793 0.998804 0.00784093 0.0 0.0 0.0 1.0
heads/seq-02/color/frame-000062.color.png heads/seq-02/color/frame-000064.color.png 0.999826 -0.00926647 0.0161731 0.00847012 0.00930357 0.999954 -0.00221943 -0.000445221 -0.0161518 0.00236951 0.999867 0.000193179 0.0 0.0 0.0 1.0
heads/seq-02/color/frame-000064.color.png heads/seq-02/color/frame-000066.color.png 0.999977 -0.0055911 0.00385776 0.0224066 0.00560254 0.99998 -0.00296184 0.00438563 -0.00384113 0.00298339 0.999988 0.000247464 0.0 0.0 0.0 1.0
heads/seq-02/color/frame-000066.color.png heads/seq-02/color/frame-000068.color.png 0.999255 -0.00465265 0.038318 0.026668 0.0038662 0.999781 0.0205725 -0.0127307 -0.0384053 -0.020409 0.999054 0.00141792 0.0 0.0 0.0 1.0
heads/seq-02/color/frame-000068.color.png heads/seq-02/color/frame-000070.color.png 0.999567 -0.0204521 0.021138 0.00774094 0.0205967 0.999766 -0.00664741 0.00791146 -0.0209971 0.00707991 0.999754 0.000287667 0.0 0.0 0.0 1.0
heads/seq-02/color/frame-000070.color.png heads/seq-02/color/frame-000072.color.png 0.999951 0.00169124 -0.00971197 0.0107731 -0.00163009 0.999979 0.00629785 0.00169056 0.00972242 -0.00628171 0.999933 -0.00100604 0.0 0.0 0.0 1.0
heads/seq-02/color/frame-000072.color.png heads/seq-02/color/frame-000074.color.png 0.999995 -0.000689227 -0.00314111 0.0175067 0.00069145 1.0 0.000717397 0.00420602 0.00314063 -0.000719568 0.999995 0.00473449 0.0 0.0 0.0 1.0
heads/seq-02/color/frame-000074.color.png heads/seq-02/color/frame-000076.color.png 0.999641 -0.00915862 0.0251705 0.0240108 0.00898721 0.999936 0.00691441 -0.00557243 -0.0252322 -0.00668571 0.999659 0.00872666 0.0 0.0 0.0 1.0
heads/seq-02/color/frame-000076.color.png heads/seq-02/color/frame-000078.color.png 0.999973 0.00119973 0.00722417 0.0189973 -0.00119494 0.999999 -0.000663548 -0.00313633 -0.00722498 0.000654899 0.999974 -0.000628546 0.0 0.0 0.0 1.0
heads/seq-02/color/frame-000078.color.png heads/seq-02/color/frame-000080.color.png 0.999522 -0.0113754 0.0287601 0.0172444 0.011351 0.999935 0.00100772 -0.00452442 -0.0287697 -0.000680785 0.999586 0.00764976 0.0 0.0 0.0 1.0
heads/seq-02/color/frame-000080.color.png heads/seq-02/color/frame-000082.color.png 0.999945 -0.00927561 0.00493533 0.00722691 0.00927067 0.999956 0.00103201 -0.00348708 -0.00494468 -0.000986194 0.999987 0.000811666 0.0 0.0 0.0 1.0
heads/seq-02/color/frame-000082.color.png heads/seq-02/color/frame-000084.color.png 0.999971 -0.0069993 0.00289162 0.00850305 0.00700309 0.999975 -0.00130625 -0.00460521 -0.00288244 0.00132646 0.999995 0.00263651 0.0 0.0 0.0 1.0
heads/seq-02/color/frame-000084.color.png heads/seq-02/color/frame-000086.color.png 0.999898 -0.00777923 0.0119981 0.0175138 0.00786757 0.999942 -0.00733676 -0.00787916 -0.0119403 0.00743041 0.999901 0.00536874 0.0 0.0 0.0 1.0
heads/seq-02/color/frame-000086.color.png heads/seq-02/color/frame-000088.color.png 0.999991 -0.00286749 -0.00313628 0.00593698 0.00285658 0.99999 -0.00347429 -0.00392769 0.00314622 0.00346531 0.999989 -0.00139418 0.0 0.0 0.0 1.0
heads/seq-02/color/frame-000088.color.png heads/seq-02/color/frame-000090.color.png 0.999946 -0.00951607 -0.00422502 0.016454 0.0095043 0.999951 -0.00280092 -0.0102582 0.00425147 0.00276061 0.999987 -0.00282085 0.0 0.0 0.0 1.0
heads/seq-02/color/frame-000090.color.png heads/seq-02/color/frame-000092.color.png 0.999977 -0.00578962 0.00348356 0.0067611 0.00580207 0.999977 -0.0035792 -0.00481717 -0.00346281 0.00359932 0.999987 -0.000303477 0.0 0.0 0.0 1.0
heads/seq-02/color/frame-000092.color.png heads/seq-02/color/frame-000094.color.png 0.999982 -0.00105237 0.00586792 0.0079608 0.00107279 0.999993 -0.00347737 0.00134871 -0.00586419 0.00348361 0.999977 0.000911728 0.0 0.0 0.0 1.0
heads/seq-02/color/frame-000094.color.png heads/seq-02/color/frame-000096.color.png 0.999963 -0.00686937 0.00519996 0.00740424 0.00685795 0.999974 0.00221174 -0.00161746 -0.00521501 -0.002176 0.999984 0.00273542 0.0 0.0 0.0 1.0
heads/seq-02/color/frame-000096.color.png heads/seq-02/color/frame-000098.color.png 0.999736 -0.0216955 0.00760506 0.0108517 0.0216881 0.999764 0.0010646 -0.0146827 -0.00762637 -0.000899379 0.99997 0.00434706 0.0 0.0 0.0 1.0
heads/seq-02/color/frame-000098.color.png heads/seq-02/color/frame-000100.color.png 0.999944 -0.00760309 0.0073506 0.0052467 0.00761762 0.999969 -0.00195126 -0.00358458 -0.00733554 0.00200715 0.999971 0.00154114 0.0 0.0 0.0 1.0
heads/seq-02/color/frame-000100.color.png heads/seq-02/color/frame-000102.color.png 0.999964 -0.00541528 0.00656405 0.00570586 0.0054119 0.999985 0.000538619 -0.00187462 -0.00656691 -0.000503082 0.999978 0.00307815 0.0 0.0 0.0 1.0
heads/seq-02/color/frame-000102.color.png heads/seq-02/color/frame-000104.color.png 0.999898 -0.0142824 -0.000814027 0.00898591 0.0142885 0.999866 0.00803628 -0.00786792 0.000699128 -0.00804708 0.999967 -0.00281107 0.0 0.0 0.0 1.0
heads/seq-02/color/frame-000104.color.png heads/seq-02/color/frame-000106.color.png 0.999952 -0.00649903 -0.00731685 0.00538674 0.00653741 0.999965 0.0052402 -0.00647087 0.00728254 -0.00528779 0.999959 -0.00534977 0.0 0.0 0.0 1.0
heads/seq-02/color/frame-000106.color.png heads/seq-02/color/frame-000108.color.png 0.999998 -0.000601419 -0.0020956 0.00904518 0.00060057 1.0 -0.000411395 -0.00584346 0.00209587 0.000410145 0.999998 -0.0030902 0.0 0.0 0.0 1.0
heads/seq-02/color/frame-000108.color.png heads/seq-02/color/frame-000110.color.png 0.999964 -0.00219622 0.00815819 0.00407439 0.0022725 0.999954 -0.00934654 -0.00403501 -0.00813728 0.00936473 0.999923 0.00283782 0.0 0.0 0.0 1.0
heads/seq-02/color/frame-000110.color.png heads/seq-02/color/frame-000112.color.png 0.999938 -0.0109676 0.00198602 0.00806063 0.0109992 0.999801 -0.016674 -0.00732858 -0.00180272 0.0166948 0.999859 -0.00361304 0.0 0.0 0.0 1.0
heads/seq-02/color/frame-000112.color.png heads/seq-02/color/frame-000114.color.png 0.999964 -0.00617191 -0.0057899 0.000236034 0.00614162 0.999967 -0.0052408 0.000281647 0.00582207 0.00520506 0.99997 0.000943929 0.0 0.0 0.0 1.0
heads/seq-02/color/frame-000114.color.png heads/seq-02/color/frame-000116.color.png 0.999843 -0.00527962 -0.0169167 -0.00127614 0.0053893 0.999965 0.00644191 -0.0054273 0.0168821 -0.00653207 0.999836 -0.00678264 0.0 0.0 0.0 1.0
heads/seq-02/color/frame-000116.color.png heads/seq-02/color/frame-000118.color.png 0.998843 -0.0184695 -0.0443977 -0.00306088 0.0185012 0.999829 0.000302366 -0.0115786 0.0443844 -0.00112342 0.999014 -0.0228102 0.0 0.0 0.0 1.0
heads/seq-02/color/frame-000118.color.png heads/seq-02/color/frame-000120.color.png 0.999684 0.0052038 -0.0245989 0.00244099 -0.0051214 0.999981 0.00341346 -0.00406535 0.0246162 -0.0032864 0.999691 -0.0138992 0.0 0.0 0.0 1.0
heads/seq-02/color/frame-000120.color.png heads/seq-02/color/frame-000122.color.png 0.999732 0.00970458 -0.021002 -0.000587583 -0.00984829 0.999929 -0.00675141 0.00569097 0.0209349 0.00695644 0.999757 -0.0119977 0.0 0.0 0.0 1.0
heads/seq-02/color/frame-000122.color.png heads/seq-02/color/frame-000124.color.png 0.999432 0.0237936 -0.023859 0.00262928 -0.0237279 0.999714 0.00303428 0.015136 0.0239243 -0.00246644 0.999711 -0.0155984 0.0 0.0 0.0 1.0
heads/seq-02/color/frame-000124.color.png heads/seq-02/color/frame-000126.color.png 0.998018 0.0501608 -0.0379983 0.00385499 -0.049122 0.998406 0.0277961 0.0167407 0.0393321 -0.0258745 0.998891 -0.0278032 0.0 0.0 0.0 1.0
heads/seq-02/color/frame-000126.color.png heads/seq-02/color/frame-000128.color.png 0.999435 0.025019 -0.0224582 0.00227296 -0.0250175 0.999687 0.000345453 0.0135753 0.0224599 0.000216589 0.999748 -0.0110542 0.0 0.0 0.0 1.0
heads/seq-02/color/frame-000128.color.png heads/seq-02/color/frame-000130.color.png 0.999599 0.0196833 -0.0203431 0.00419986 -0.0196428 0.999805 0.00219015 0.00784276 0.0203822 -0.00178969 0.999791 -0.00708838 0.0 0.0 0.0 1.0
heads/seq-02/color/frame-000130.color.png heads/seq-02/color/frame-000132.color.png 0.999546 0.0191688 -0.0232364 0.00214142 -0.0191467 0.999816 0.00117502 0.00632183 0.0232547 -0.000729592 0.999729 -0.0139859 0.0 0.0 0.0 1.0
heads/seq-02/color/frame-000132.color.png heads/seq-02/color/frame-000134.color.png 0.996755 0.0472793 -0.0651524 0.00418842 -0.0478119 0.998834 -0.00663775 0.0271093 0.0647626 0.00973126 0.997853 -0.0245629 0.0 0.0 0.0 1.0
heads/seq-02/color/frame-000134.color.png heads/seq-02/color/frame-000136.color.png 0.999112 0.0138934 -0.0397803 0.00687015 -0.0138284 0.999903 0.00190728 0.00571309 0.0398029 -0.00135548 0.999207 -0.025478 0.0 0.0 0.0 1.0
heads/seq-02/color/frame-000136.color.png heads/seq-02/color/frame-000138.color.png 0.997223 0.0229177 -0.0708611 0.00946224 -0.0228437 0.999737 0.00185398 0.0108201 0.070885 -0.000230112 0.997485 -0.0254315 0.0 0.0 0.0 1.0
heads/seq-02/color/frame-000138.color.png heads/seq-02/color/frame-000140.color.png 0.999209 0.0112707 -0.0381314 0.00640702 -0.0114008 0.99993 -0.00319513 0.00536636 0.0380927 0.00362732 0.999268 -0.0181996 0.0 0.0 0.0 1.0
heads/seq-02/color/frame-000140.color.png heads/seq-02/color/frame-000142.color.png 0.997765 0.0261767 -0.0614772 0.019345 -0.0263488 0.999651 -0.00198983 0.0122107 0.0614036 0.00360527 0.998107 -0.0218234 0.0 0.0 0.0 1.0
heads/seq-02/color/frame-000142.color.png heads/seq-02/color/frame-000144.color.png 0.998516 0.0136444 -0.0527115 0.0205623 -0.0132598 0.999883 0.00763848 -0.0012199 0.0528095 -0.00692822 0.998581 -0.0299872 0.0 0.0 0.0 1.0
heads/seq-02/color/frame-000144.color.png heads/seq-02/color/frame-000146.color.png 0.999798 0.00100007 -0.0200816 0.00301635 -0.0010705 0.999993 -0.00349717 0.00334801 0.020078 0.00351796 0.999792 -0.0026954 0.0 0.0 0.0 1.0
heads/seq-02/color/frame-000146.color.png heads/seq-02/color/frame-000148.color.png 0.999973 6.4719e-05 -0.0073953 0.00953704 -7.55404e-05 0.999999 -0.00146295 0.00113661 0.00739515 0.00146347 0.999972 0.00510614 0.0 0.0 0.0 1.0
heads/seq-02/color/frame-000148.color.png heads/seq-02/color/frame-000150.color.png 0.998662 0.0361794 -0.0369625 0.0294479 -0.0354922 0.999188 0.0190832 0.00561063 0.037623 -0.0177458 0.999134 -0.00856987 0.0 0.0 0.0 1.0
heads/seq-02/color/frame-000150.color.png heads/seq-02/color/frame-000152.color.png 0.999026 0.0280597 -0.0340429 0.0124657 -0.0279052 0.999598 0.0050028 0.00905038 0.0341696 -0.00404793 0.999408 -0.0155921 0.0 0.0 0.0 1.0
heads/seq-02/color/frame-000152.color.png heads/seq-02/color/frame-000154.color.png 0.999613 0.0209621 -0.0182572 0.016814 -0.0212519 0.999649 -0.0158269 0.0230263 0.017919 0.0162088 0.999708 0.00232995 0.0 0.0 0.0 1.0
heads/seq-02/color/frame-000154.color.png heads/seq-02/color/frame-000156.color.png 0.999966 0.00522594 0.00632634 0.00306451 -0.00523683 0.999985 0.00170521 0.00132807 -0.00631736 -0.00173829 0.999979 0.00189016 0.0 0.0 0.0 1.0
heads/seq-02/color/frame-000156.color.png heads/seq-02/color/frame-000158.color.png 0.999915 0.0116454 -0.00576291 0.0171377 -0.0115444 0.999785 0.0172518 -0.00638266 0.00596263 -0.0171839 0.999835 -0.00676245 0.0 0.0 0.0 1.0
heads/seq-02/color/frame-000158.color.png heads/seq-02/color/frame-000160.color.png 0.999887 0.0147077 -0.00303902 0.0177076 -0.014724 0.999877 -0.00540908 0.0214156 0.00295919 0.00545323 0.999981 -0.00675514 0.0 0.0 0.0 1.0
heads/seq-02/color/frame-000160.color.png heads/seq-02/color/frame-000162.color.png 0.998985 0.0393047 0.0220192 0.0252372 -0.0399934 0.998695 0.0317638 0.00153396 -0.020742 -0.0326121 0.999253 0.009354 0.0 0.0 0.0 1.0
heads/seq-02/color/frame-000162.color.png heads/seq-02/color/frame-000164.color.png 0.999829 0.0113508 0.0146065 0.0107018 -0.0117582 0.999535 0.0281177 -0.00816397 -0.0142805 -0.0282846 0.999498 -0.00345825 0.0 0.0 0.0 1.0
heads/seq-02/color/frame-000164.color.png heads/seq-02/color/frame-000166.color.png 0.999852 0.0171912 -0.000472489 0.0222499 -0.0171592 0.999073 0.039482 -0.0111309 0.00115063 -0.0394681 0.99922 -0.0148285 0.0 0.0 0.0 1.0
heads/seq-02/color/frame-000166.color.png heads/seq-02/color/frame-000168.color.png 0.999852 -0.000782638 0.0171688 0.00325704 0.000570203 0.999923 0.0123753 -0.00634469 -0.0171771 -0.0123636 0.999776 0.0105068 0.0 0.0 0.0 1.0
heads/seq-02/color/frame-000168.color.png heads/seq-02/color/frame-000170.color.png 0.999171 -0.0253295 0.0318676 -0.00677013 0.0245635 0.999405 0.0242022 -0.033713 -0.0324617 -0.0233994 0.999199 0.0115416 0.0 0.0 0.0 1.0
heads/seq-02/color/frame-000170.color.png heads/seq-02/color/frame-000172.color.png 0.999727 -0.0145974 0.0182435 -0.0011279 0.0143059 0.99977 0.0160069 -0.0156791 -0.018473 -0.0157415 0.999705 0.0104532 0.0 0.0 0.0 1.0
heads/seq-02/color/frame-000172.color.png heads/seq-02/color/frame-000174.color.png 0.998598 -0.0115815 0.0516511 -0.00415623 0.0106967 0.999792 0.0173744 -0.0148763 -0.0518416 -0.0167975 0.998514 0.0361129 0.0 0.0 0.0 1.0
heads/seq-02/color/frame-000174.color.png heads/seq-02/color/frame-000176.color.png 0.999309 -0.00345897 0.0370088 -0.0133731 0.0026376 0.99975 0.0222198 -0.0089826 -0.0370765 -0.0221069 0.999068 0.0206588 0.0 0.0 0.0 1.0
heads/seq-02/color/frame-000176.color.png heads/seq-02/color/frame-000178.color.png 0.999792 -0.00519582 0.0197484 -0.0107501 0.00481965 0.999807 0.0190482 -0.0120222 -0.0198435 -0.018949 0.999624 0.00792676 0.0 0.0 0.0 1.0
heads/seq-02/color/frame-000178.color.png heads/seq-02/color/frame-000180.color.png 0.999894 -0.00774452 0.0122895 -0.00923574 0.00754875 0.999845 0.0158964 -0.0108933 -0.0124108 -0.0158019 0.999798 0.00652117 0.0 0.0 0.0 1.0
heads/seq-02/color/frame-000180.color.png heads/seq-02/color/frame-000182.color.png 0.999512 -0.0166341 0.0264513 -0.0138034 0.0160574 0.999632 0.0218674 -0.0202017 -0.0268053 -0.0214319 0.999411 0.0193843 0.0 0.0 0.0 1.0
heads/seq-02/color/frame-000182.color.png heads/seq-02/color/frame-000184.color.png 0.999258 -0.0228136 0.0310359 -0.025223 0.0222002 0.999554 0.0199673 -0.0280189 -0.0314776 -0.0192634 0.999319 0.0230105 0.0 0.0 0.0 1.0
heads/seq-02/color/frame-000184.color.png heads/seq-02/color/frame-000186.color.png 0.999151 -0.0220552 0.0348113 -0.0257425 0.0213855 0.999581 0.0194942 -0.0253857 -0.0352267 -0.0187331 0.999204 0.0205557 0.0 0.0 0.0 1.0
heads/seq-02/color/frame-000186.color.png heads/seq-02/color/frame-000188.color.png 0.99984 -0.0112067 0.0139279 -0.00889814 0.0110479 0.999874 0.0114254 -0.00934333 -0.0140542 -0.0112698 0.999838 0.00590087 0.0 0.0 0.0 1.0
heads/seq-02/color/frame-000188.color.png heads/seq-02/color/frame-000190.color.png 0.999577 -0.0164239 0.0240139 -0.0171289 0.0158194 0.999558 0.0251494 -0.0156545 -0.0244163 -0.0247588 0.999395 0.00821371 0.0 0.0 0.0 1.0
heads/seq-02/color/frame-000190.color.png heads/seq-02/color/frame-000192.color.png 0.999475 -0.0147185 0.028878 -0.0121515 0.0139937 0.999586 0.0251432 -0.015007 -0.029236 -0.024726 0.999267 0.00903388 0.0 0.0 0.0 1.0
heads/seq-02/color/frame-000192.color.png heads/seq-02/color/frame-000194.color.png 0.999029 -0.0179328 0.040254 -0.0271302 0.0167466 0.999421 0.0296124 -0.0278684 -0.0407617 -0.0289095 0.998751 0.0144554 0.0 0.0 0.0 1.0
heads/seq-02/color/frame-000194.color.png heads/seq-02/color/frame-000196.color.png 0.999929 -0.00176506 0.0117932 -0.00934428 0.00175271 0.999998 0.00106013 -0.00185001 -0.011795 -0.00103944 0.99993 0.00169727 0.0 0.0 0.0 1.0
heads/seq-02/color/frame-000196.color.png heads/seq-02/color/frame-000198.color.png 0.999473 -0.0145697 0.0289916 -0.0190291 0.013766 0.999521 0.0277293 -0.0338595 -0.0293818 -0.0273155 0.999195 0.0115475 0.0 0.0 0.0 1.0
heads/seq-02/color/frame-000198.color.png heads/seq-02/color/frame-000200.color.png 0.998766 -0.0206773 0.0451561 -0.0238309 0.0210723 0.999744 -0.00828633 -0.0258153 -0.0449732 0.00922768 0.998946 0.0206642 0.0 0.0 0.0 1.0
heads/seq-02/color/frame-000200.color.png heads/seq-02/color/frame-000202.color.png 0.999162 -0.0157029 0.0377975 -0.0238402 0.0158513 0.999868 -0.00363128 -0.0101202 -0.0377355 0.00422723 0.999279 0.0079592 0.0 0.0 0.0 1.0
heads/seq-02/color/frame-000202.color.png heads/seq-02/color/frame-000204.color.png 0.998825 -0.011324 0.0471238 -0.0300723 0.0106634 0.999842 0.0142486 -0.0101922 -0.0472777 -0.0137292 0.998788 0.0226742 0.0 0.0 0.0 1.0
heads/seq-02/color/frame-000204.color.png heads/seq-02/color/frame-000206.color.png 0.999346 -0.0136224 0.0335045 -0.031676 0.0133965 0.999886 0.0069593 -0.00167117 -0.0335955 -0.00650594 0.999414 0.0134473 0.0 0.0 0.0 1.0
heads/seq-02/color/frame-000206.color.png heads/seq-02/color/frame-000208.color.png 0.999631 -0.0180741 0.0202577 -0.035962 0.0179821 0.999827 0.00471034 -0.00875622 -0.0203393 -0.0043444 0.999784 0.0142187 0.0 0.0 0.0 1.0
heads/seq-02/color/frame-000208.color.png heads/seq-02/color/frame-000210.color.png 0.999242 -0.0185784 0.0342063 -0.0251991 0.0190381 0.999732 -0.0131607 0.00041008 -0.0339527 0.0138019 0.999328 0.0234269 0.0 0.0 0.0 1.0
heads/seq-02/color/frame-000210.color.png heads/seq-02/color/frame-000212.color.png 0.998209 -0.00975367 0.0590254 -0.0316202 0.0101054 0.999933 -0.00566479 -0.000376642 -0.0589661 0.00625101 0.99824 0.0405527 0.0 0.0 0.0 1.0
heads/seq-02/color/frame-000212.color.png heads/seq-02/color/frame-000214.color.png 0.999273 -0.00631767 0.0375921 -0.0161314 0.00641625 0.999976 -0.00250306 0.000359893 -0.0375754 0.00274255 0.99929 0.0210295 0.0 0.0 0.0 1.0
heads/seq-02/color/frame-000214.color.png heads/seq-02/color/frame-000216.color.png 0.998809 -0.0194055 0.0447711 -0.0248372 0.0207068 0.999371 -0.0287876 0.000355572 -0.0441843 0.0296803 0.998582 0.0315887 0.0 0.0 0.0 1.0
heads/seq-02/color/frame-000216.color.png heads/seq-02/color/frame-000218.color.png 0.998506 -0.0408256 0.036323 -0.026038 0.0425402 0.997953 -0.0477595 -0.0128422 -0.0342988 0.0492334 0.998198 0.0345092 0.0 0.0 0.0 1.0
heads/seq-02/color/frame-000218.color.png heads/seq-02/color/frame-000220.color.png 0.99956 0.00220225 0.0295729 -0.0288084 -0.00104381 0.999234 -0.03913 0.0218787 -0.0296364 0.0390819 0.998796 0.0225064 0.0 0.0 0.0 1.0
heads/seq-02/color/frame-000220.color.png heads/seq-02/color/frame-000222.color.png 0.99997 0.00269027 0.00724967 -0.00561064 -0.00273974 0.999973 0.00681781 0.0068444 -0.00723124 -0.00683753 0.99995 0.00463283 0.0 0.0 0.0 1.0
heads/seq-02/color/frame-000222.color.png heads/seq-02/color/frame-000224.color.png 0.999166 0.00192011 0.0407786 -0.00729182 -0.00104747 0.99977 -0.0214096 0.0149681 -0.0408103 0.0213491 0.998939 0.0234554 0.0 0.0 0.0 1.0
heads/seq-02/color/frame-000224.color.png heads/seq-02/color/frame-000226.color.png 0.998655 0.0327293 0.0402162 -0.000840306 -0.0321416 0.999368 -0.015175 0.0318986 -0.0406873 0.013862 0.999076 0.0143281 0.0 0.0 0.0 1.0
heads/seq-02/color/frame-000226.color.png heads/seq-02/color/frame-000228.color.png 0.998108 0.0140423 0.0598542 0.000582457 -0.0136385 0.999881 -0.00714794 0.0142718 -0.0599476 0.00631807 0.998181 0.0254885 0.0 0.0 0.0 1.0
heads/seq-02/color/frame-000228.color.png heads/seq-02/color/frame-000230.color.png 0.999337 -0.00467315 0.0360992 -0.00575992 0.00533514 0.999819 -0.0182655 0.00365809 -0.0360073 0.0184459 0.999181 0.0203438 0.0 0.0 0.0 1.0
heads/seq-02/color/frame-000230.color.png heads/seq-02/color/frame-000232.color.png 0.999757 0.00747571 0.0207242 -0.0161808 -0.00702458 0.999739 -0.0217556 0.0273239 -0.0208814 0.0216048 0.999549 0.0219387 0.0 0.0 0.0 1.0
heads/seq-02/color/frame-000232.color.png heads/seq-02/color/frame-000234.color.png 0.999876 0.00427533 0.0151674 -0.00319803 -0.0043898 0.999962 0.00752643 0.00869617 -0.0151347 -0.00759207 0.999857 0.0190379 0.0 0.0 0.0 1.0
heads/seq-02/color/frame-000234.color.png heads/seq-02/color/frame-000236.color.png 0.99833 0.0134033 0.0561847 0.00783946 -0.0124542 0.999774 -0.0172108 0.0031597 -0.0564027 0.0164823 0.998272 0.0377133 0.0 0.0 0.0 1.0
heads/seq-02/color/frame-000236.color.png heads/seq-02/color/frame-000238.color.png 0.999172 0.0095395 0.0395451 -0.0187653 -0.00765872 0.998845 -0.0474391 0.0257566 -0.039952 0.0470969 0.998091 0.0292475 0.0 0.0 0.0 1.0
heads/seq-02/color/frame-000238.color.png heads/seq-02/color/frame-000240.color.png 0.99993 0.011826 0.000325425 -0.0125617 -0.0118275 0.99992 0.00457926 0.023229 -0.000271314 -0.00458271 0.99999 0.0178403 0.0 0.0 0.0 1.0
heads/seq-02/color/frame-000240.color.png heads/seq-02/color/frame-000242.color.png 0.999989 0.00346646 0.00304588 -0.00319555 -0.00349595 0.999946 0.00974391 0.00400972 -0.00301185 -0.00975449 0.999948 0.0109801 0.0 0.0 0.0 1.0
heads/seq-02/color/frame-000242.color.png heads/seq-02/color/frame-000244.color.png 0.999853 0.0118215 0.0123734 -0.00755116 -0.0116766 0.999863 -0.0117202 0.015634 -0.0125103 0.0115741 0.999855 0.0247208 0.0 0.0 0.0 1.0
heads/seq-02/color/frame-000244.color.png heads/seq-02/color/frame-000246.color.png 0.999604 0.00436887 -0.0277902 -0.00291225 -0.00433548 0.99999 0.00125847 0.00503023 0.0277954 -0.00113751 0.999613 0.0149512 0.0 0.0 0.0 1.0
heads/seq-02/color/frame-000246.color.png heads/seq-02/color/frame-000248.color.png 0.999855 0.0161152 -0.00557086 -0.00263885 -0.0161306 0.999866 -0.0027268 0.0138747 0.00552618 0.00281631 0.999981 0.0089471 0.0 0.0 0.0 1.0
heads/seq-02/color/frame-000248.color.png heads/seq-02/color/frame-000250.color.png 0.999944 0.0103648 -0.00210963 -0.00760534 -0.0103607 0.999945 0.00191527 0.0121036 0.00212938 -0.00189337 0.999996 0.024833 0.0 0.0 0.0 1.0
heads/seq-02/color/frame-000250.color.png heads/seq-02/color/frame-000252.color.png 0.999583 0.0238049 -0.0163398 -0.00884631 -0.0237143 0.999702 0.00571388 0.0113079 0.0164709 -0.00532401 0.99985 0.0136608 0.0 0.0 0.0 1.0
heads/seq-02/color/frame-000252.color.png heads/seq-02/color/frame-000254.color.png 0.999312 0.0113377 -0.035315 0.0013684 -0.011261 0.999934 0.00237258 -0.000162557 0.0353396 -0.00197327 0.999373 -0.00205957 0.0 0.0 0.0 1.0
heads/seq-02/color/frame-000254.color.png heads/seq-02/color/frame-000256.color.png 0.996519 0.0472669 -0.0686692 0.00391257 -0.0484177 0.998712 -0.0151924 0.00431016 0.0678627 0.0184643 0.997524 -0.000767313 0.0 0.0 0.0 1.0
heads/seq-02/color/frame-000256.color.png heads/seq-02/color/frame-000258.color.png 0.999268 0.0371235 -0.00922569 -0.00497633 -0.0371325 0.99931 -0.000806284 0.00104743 0.00918937 0.00114829 0.999957 0.00446191 0.0 0.0 0.0 1.0
heads/seq-02/color/frame-000258.color.png heads/seq-02/color/frame-000260.color.png 0.996572 0.0823005 -0.00836544 -0.00124799 -0.0823295 0.9966 -0.00318799 0.00942805 0.00807461 0.00386577 0.99996 0.003894 0.0 0.0 0.0 1.0
heads/seq-02/color/frame-000260.color.png heads/seq-02/color/frame-000262.color.png 0.999474 0.0323628 0.00219537 -0.00393623 -0.0323786 0.999447 0.00760087 3.37809e-05 -0.00194816 -0.00766794 0.999969 0.000966474 0.0 0.0 0.0 1.0
heads/seq-02/color/frame-000262.color.png heads/seq-02/color/frame-000264.color.png 0.999378 0.0352723 0.000120906 -0.0083333 -0.0352713 0.999367 -0.00463669 0.013088 -0.000284419 0.0046295 0.999989 0.0171402 0.0 0.0 0.0 1.0
heads/seq-02/color/frame-000264.color.png heads/seq-02/color/frame-000266.color.png 0.999915 0.0048911 -0.0120782 -0.00780221 -0.00511393 0.999816 -0.0184875 -0.00125 0.0119857 0.0185477 0.999756 0.00773575 0.0 0.0 0.0 1.0
heads/seq-02/color/frame-000266.color.png heads/seq-02/color/frame-000268.color.png 0.999988 0.00291582 -0.00388014 -0.0087534 -0.00291069 0.999995 0.00132462 -0.00632913 0.0038839 -0.0013133 0.999992 0.00520843 0.0 0.0 0.0 1.0
heads/seq-02/color/frame-000268.color.png heads/seq-02/color/frame-000270.color.png 0.999333 0.0298995 -0.0209522 -0.00133673 -0.0300783 0.999513 -0.00827051 -0.00526004 0.0206948 0.0088952 0.999746 0.00891057 0.0 0.0 0.0 1.0
heads/seq-02/color/frame-000270.color.png heads/seq-02/color/frame-000272.color.png 0.999926 0.0119385 -0.0024906 -0.00544353 -0.0119646 0.999871 -0.0107328 0.00465293 0.0023621 0.0107618 0.999939 0.00429085 0.0 0.0 0.0 1.0
heads/seq-02/color/frame-000272.color.png heads/seq-02/color/frame-000274.color.png 0.999207 0.0114607 -0.0381292 0.00154373 -0.0129602 0.999143 -0.039315 0.0175994 0.037646 0.039778 0.998499 0.00641335 0.0 0.0 0.0 1.0
heads/seq-02/color/frame-000274.color.png heads/seq-02/color/frame-000276.color.png 0.999601 0.0149334 -0.0239838 0.00109044 -0.015126 0.999855 -0.00786673 -0.000825763 0.0238629 0.00822637 0.999681 0.00170507 0.0 0.0 0.0 1.0
heads/seq-02/color/frame-000276.color.png heads/seq-02/color/frame-000278.color.png 0.998602 0.0254203 -0.0463461 0.00600416 -0.0255837 0.999668 -0.00293502 -0.0055823 0.0462561 0.00411663 0.998921 -0.00455756 0.0 0.0 0.0 1.0
heads/seq-02/color/frame-000278.color.png heads/seq-02/color/frame-000280.color.png 0.999811 0.0118866 -0.0153749 -0.0012288 -0.0118619 0.999928 0.00169769 -0.0043571 0.015394 -0.00151499 0.99988 -0.00113271 0.0 0.0 0.0 1.0
heads/seq-02/color/frame-000280.color.png heads/seq-02/color/frame-000282.color.png 0.999689 0.0170428 -0.0182132 -0.0142557 -0.0170058 0.999853 0.00218379 -0.00338225 0.0182477 -0.00187337 0.999832 0.001899 0.0 0.0 0.0 1.0
heads/seq-02/color/frame-000282.color.png heads/seq-02/color/frame-000284.color.png 0.999923 0.00640356 -0.0106239 -0.00780204 -0.00634317 0.999964 0.00570825 -0.00404041 0.0106601 -0.00564043 0.999927 -0.000355512 0.0 0.0 0.0 1.0
heads/seq-02/color/frame-000284.color.png heads/seq-02/color/frame-000286.color.png 0.999775 0.00402808 -0.0208295 0.000426807 -0.00402344 0.999992 0.00026454 0.000647306 0.0208304 -0.000180667 0.999783 -0.001792 0.0 0.0 0.0 1.0
heads/seq-02/color/frame-000286.color.png heads/seq-02/color/frame-000288.color.png 0.998917 0.00782894 -0.045856 0.000659728 -0.00776905 0.999969 0.001484 0.00240614 0.0458662 -0.00112614 0.998947 -0.0039417 0.0 0.0 0.0 1.0
heads/seq-02/color/frame-000288.color.png heads/seq-02/color/frame-000290.color.png 0.999619 0.00449071 -0.0272173 0.00581137 -0.00426594 0.999956 0.00831104 -0.00418741 0.0272535 -0.00819178 0.999595 -0.00213006 0.0 0.0 0.0 1.0
heads/seq-02/color/frame-000290.color.png heads/seq-02/color/frame-000292.color.png 0.999941 0.00562554 -0.00928716 -0.00434898 -0.00556364 0.999962 0.00667705 -0.00168584 0.00932437 -0.00662498 0.999935 0.000327498 0.0 0.0 0.0 1.0
heads/seq-02/color/frame-000292.color.png heads/seq-02/color/frame-000294.color.png 0.999401 0.00988047 -0.033166 0.00401482 -0.009611 0.99992 0.00827464 0.000429779 0.0332451 -0.00795093 0.999416 -0.00522166 0.0 0.0 0.0 1.0
heads/seq-02/color/frame-000294.color.png heads/seq-02/color/frame-000296.color.png 0.999894 0.00537118 -0.0135589 -0.000663018 -0.00539742 0.999984 -0.00190021 0.00175203 0.0135484 0.00197319 0.999906 3.86536e-05 0.0 0.0 0.0 1.0
heads/seq-02/color/frame-000296.color.png heads/seq-02/color/frame-000298.color.png 0.999957 0.0051608 -0.00770104 -0.00473461 -0.00516487 0.999986 -0.000507528 0.00150152 0.00769832 0.000547279 0.99997 -0.00293767 0.0 0.0 0.0 1.0
heads/seq-02/color/frame-000298.color.png heads/seq-02/color/frame-000300.color.png 0.999973 0.00110445 -0.00727792 -0.00467458 -0.00105588 0.999977 0.00667229 -0.00319222 0.00728514 -0.00666443 0.999951 -0.00323273 0.0 0.0 0.0 1.0
heads/seq-02/color/frame-000300.color.png heads/seq-02/color/frame-000302.color.png 0.999723 0.0122655 -0.0200762 -0.00391334 -0.0122466 0.999925 0.00106651 0.0065393 0.0200877 -0.000820355 0.999798 -0.00861473 0.0 0.0 0.0 1.0
heads/seq-02/color/frame-000302.color.png heads/seq-02/color/frame-000304.color.png 0.999943 0.00430069 -0.00976253 -0.00132088 -0.00433303 0.999985 -0.00329514 0.0029304 0.00974821 0.00333725 0.999947 -0.00480112 0.0 0.0 0.0 1.0
heads/seq-02/color/frame-000304.color.png heads/seq-02/color/frame-000306.color.png 0.999924 0.00631162 -0.0105619 -0.0026408 -0.00621068 0.999935 0.00956258 -0.00392161 0.0106216 -0.00949626 0.999898 -0.00562333 0.0 0.0 0.0 1.0
heads/seq-02/color/frame-000306.color.png heads/seq-02/color/frame-000308.color.png 0.999917 0.00746398 -0.0105222 -0.0018244 -0.00745416 0.999972 0.000970969 0.00398993 0.0105291 -0.000892454 0.999944 -0.00420897 0.0 0.0 0.0 1.0
heads/seq-02/color/frame-000308.color.png heads/seq-02/color/frame-000310.color.png 0.999942 0.0068041 -0.00837383 -0.00279368 -0.00678558 0.999974 0.00224009 -0.00109646 0.00838886 -0.00218314 0.999962 -0.00310729 0.0 0.0 0.0 1.0
heads/seq-02/color/frame-000310.color.png heads/seq-02/color/frame-000312.color.png 0.999598 0.00722386 -0.0274165 -0.00120949 -0.00752363 0.999913 -0.0108464 0.00972974 0.0273358 0.0110483 0.999565 -0.012507 0.0 0.0 0.0 1.0
heads/seq-02/color/frame-000312.color.png heads/seq-02/color/frame-000314.color.png 0.999936 0.011247 0.00125482 -0.0182227 -0.0112816 0.999416 0.0322657 -0.0223539 -0.000891198 -0.0322778 0.999479 0.00573303 0.0 0.0 0.0 1.0
heads/seq-02/color/frame-000314.color.png heads/seq-02/color/frame-000316.color.png 0.999809 0.00315743 -0.0192923 -0.00272678 -0.00326566 0.999979 -0.00558177 0.00640334 0.0192743 0.0056437 0.999798 -0.00350007 0.0 0.0 0.0 1.0
heads/seq-02/color/frame-000316.color.png heads/seq-02/color/frame-000318.color.png 0.999418 0.0120628 -0.0319024 -0.00691109 -0.0112341 0.999598 0.0260286 -0.0133081 0.0322036 -0.025655 0.999152 -0.0109806 0.0 0.0 0.0 1.0
heads/seq-02/color/frame-000318.color.png heads/seq-02/color/frame-000320.color.png 0.999946 0.0073251 -0.00732935 -0.0104165 -0.00733237 0.999973 -0.000973093 0.00579685 0.00732203 0.00102678 0.999973 -0.00433447 0.0 0.0 0.0 1.0
heads/seq-02/color/frame-000320.color.png heads/seq-02/color/frame-000322.color.png 0.999899 0.00926354 -0.010821 -0.00636527 -0.00918826 0.999933 0.00698786 -0.00179626 0.010885 -0.00688773 0.999917 -0.00475678 0.0 0.0 0.0 1.0
heads/seq-02/color/frame-000322.color.png heads/seq-02/color/frame-000324.color.png 0.99984 0.00713957 -0.016419 -0.00226303 -0.00717964 0.999971 -0.00238304 0.00725143 0.0164015 0.00250053 0.999862 -0.00196438 0.0 0.0 0.0 1.0
heads/seq-02/color/frame-000324.color.png heads/seq-02/color/frame-000326.color.png 0.999953 0.00967943 0.00110733 -0.0350008 -0.00969015 0.999902 0.0100882 0.0047767 -0.00100958 -0.0100984 0.999949 -0.00181197 0.0 0.0 0.0 1.0
heads/seq-02/color/frame-000326.color.png heads/seq-02/color/frame-000328.color.png 0.999895 0.00743197 -0.0124527 -0.00795324 -0.00738974 0.999967 0.00343387 0.00482844 0.0124778 -0.00334148 0.999917 -0.00306109 0.0 0.0 0.0 1.0
heads/seq-02/color/frame-000328.color.png heads/seq-02/color/frame-000330.color.png 0.999884 0.00674275 -0.0136487 -0.00423717 -0.00668052 0.999967 0.00460169 0.0020268 0.0136793 -0.00450998 0.999896 -0.00288584 0.0 0.0 0.0 1.0
heads/seq-02/color/frame-000330.color.png heads/seq-02/color/frame-000332.color.png 0.999834 0.00701928 -0.0168345 -0.014969 -0.00675027 0.999849 0.0159836 0.0041524 0.0169441 -0.0158673 0.99973 -0.00801155 0.0 0.0 0.0 1.0
heads/seq-02/color/frame-000332.color.png heads/seq-02/color/frame-000334.color.png 0.9998 0.011444 -0.0163903 -0.000506073 -0.0112968 0.999895 0.00904471 -0.00386445 0.0164921 -0.00885774 0.999825 -0.00265086 0.0 0.0 0.0 1.0
heads/seq-02/color/frame-000334.color.png heads/seq-02/color/frame-000336.color.png 0.999853 0.00831623 0.0149901 -0.0361119 -0.00858842 0.999798 0.0181885 0.000224546 -0.0148358 -0.0183145 0.999722 -0.00800133 0.0 0.0 0.0 1.0
heads/seq-02/color/frame-000336.color.png heads/seq-02/color/frame-000338.color.png 0.999988 0.00380785 -0.00292524 -0.00930743 -0.00377529 0.999932 0.0110604 -0.00168271 0.00296715 -0.0110492 0.999935 -0.0046581 0.0 0.0 0.0 1.0
heads/seq-02/color/frame-000338.color.png heads/seq-02/color/frame-000340.color.png 0.999786 0.00116548 -0.0206428 -0.0129088 -0.000767089 0.999813 0.0192966 0.00208843 0.0206615 -0.0192767 0.999601 -0.00882188 0.0 0.0 0.0 1.0
heads/seq-02/color/frame-000340.color.png heads/seq-02/color/frame-000342.color.png 0.999947 -0.00694029 -0.00757507 -0.0118997 0.00693348 0.999976 -0.000925373 0.0118314 0.00758131 0.00087282 0.999971 -0.00149348 0.0 0.0 0.0 1.0
heads/seq-02/color/frame-000342.color.png heads/seq-02/color/frame-000344.color.png 0.999922 0.00925923 -0.00841336 -0.0203364 -0.00919273 0.999926 0.00791141 0.007648 0.008486 -0.00783345 0.999933 -0.0100028 0.0 0.0 0.0 1.0
heads/seq-02/color/frame-000344.color.png heads/seq-02/color/frame-000346.color.png 0.999958 -0.00483884 0.00777039 -0.0176539 0.00478589 0.999965 0.00682839 0.00196968 -0.00780318 -0.0067909 0.999947 -0.00297772 0.0 0.0 0.0 1.0
heads/seq-02/color/frame-000346.color.png heads/seq-02/color/frame-000348.color.png 0.999983 -0.00156279 -0.00556643 -0.00835517 0.00159475 0.999982 0.00575303 0.0053134 0.00555739 -0.0057618 0.999968 -0.00333365 0.0 0.0 0.0 1.0
heads/seq-02/color/frame-000348.color.png heads/seq-02/color/frame-000350.color.png 0.999981 -0.00606359 -0.00132571 -0.018506 0.00607603 0.999936 0.00954554 0.0081552 0.0012677 -0.00955342 0.999954 -0.0110973 0.0 0.0 0.0 1.0
heads/seq-02/color/frame-000350.color.png heads/seq-02/color/frame-000352.color.png 0.999834 -0.00610119 -0.0171767 0.00236562 0.00630961 0.999907 0.0121087 0.00364482 0.0171012 -0.0122151 0.999779 0.00285127 0.0 0.0 0.0 1.0
