heads/seq-02/color/frame-000000.color.png heads/seq-02/color/frame-000003.color.png 0.999987 -0.00502763 -0.000229886 0.00123576 0.00502655 0.999977 -0.00448115 -0.00200255 0.000252411 0.00447994 0.99999 -0.00329682 0.0 0.0 0.0 1.0
heads/seq-02/color/frame-000003.color.png heads/seq-02/color/frame-000006.color.png 0.999811 0.013238 0.0142169 0.00181898 -0.0131502 0.999894 -0.00625251 -0.00461547 -0.0142982 0.00606438 0.999879 -0.00437125 0.0 0.0 0.0 1.0
heads/seq-02/color/frame-000006.color.png heads/seq-02/color/frame-000009.color.png 0.999988 0.00372781 -0.00329629 -0.00099524 -0.00381187 0.999658 -0.0258755 -0.00283932 0.00319871 0.0258877 0.99966 -0.00577702 0.0 0.0 0.0 1.0
heads/seq-02/color/frame-000009.color.png heads/seq-02/color/frame-000012.color.png 0.99996 0.007466 0.00495986 0.00499028 -0.00744076 0.999959 -0.00508839 -0.00398855 -0.00499765 0.00505128 0.999975 -0.00278294 0.0 0.0 0.0 1.0
heads/seq-02/color/frame-000012.color.png heads/seq-02/color/frame-000015.color.png 0.999853 -0.0127878 0.0114392 -0.00496045 0.0129186 0.999851 -0.0114349 0.00250159 -0.0112912 0.011581 0.999869 -0.00288617 0.0 0.0 0.0 1.0
heads/seq-02/color/frame-000015.color.png heads/seq-02/color/frame-000018.color.png 0.999654 -0.0231119 -0.0125381 0.00349725 0.023057 0.999724 -0.004501 -0.0070808 0.0126387 0.00421036 0.999911 -0.00636267 0.0 0.0 0.0 1.0
heads/seq-02/color/frame-000018.color.png heads/seq-02/color/frame-000021.color.png 0.99995 -0.00985648 -0.00134558 0.00400868 0.00984859 0.999935 -0.00574961 -0.0026111 0.00140216 0.00573608 0.999983 -0.0101357 0.0 0.0 0.0 1.0
heads/seq-02/color/frame-000021.color.png heads/seq-02/color/frame-000024.color.png 0.999923 -0.0107166 -0.00631145 0.00329038 0.0107034 0.99994 -0.00213123 -0.000134263 0.00633391 0.0020635 0.999978 -0.0114765 0.0 0.0 0.0 1.0
heads/seq-02/color/frame-000024.color.png heads/seq-02/color/frame-000027.color.png 0.999872 -0.0106202 -0.0119725 0.00549928 0.010701 0.99992 0.0067098 -0.00719161 0.0119003 -0.00683705 0.999906 -0.00812541 0.0 0.0 0.0 1.0
heads/seq-02/color/frame-000027.color.png heads/seq-02/color/frame-000030.color.png 0.999814 -0.00332939 -0.018999 0.00386683 0.00336304 0.999993 0.00173968 0.000179818 0.018993 -0.00180325 0.999818 -0.0142451 0.0 0.0 0.0 1.0
heads/seq-02/color/frame-000030.color.png heads/seq-02/color/frame-000033.color.png 0.999945 0.00494512 -0.00925992 0.0079183 -0.00489042 0.999971 0.00592043 -0.000421364 0.00928893 -0.00587482 0.99994 -0.00886281 0.0 0.0 0.0 1.0
heads/seq-02/color/frame-000033.color.png heads/seq-02/color/frame-000036.color.png 0.999852 -0.00800493 -0.0152039 0.0112953 0.00830102 0.999775 0.0195123 -0.00334229 0.0150443 -0.0196357 0.999694 -0.00861429 0.0 0.0 0.0 1.0
heads/seq-02/color/frame-000036.color.png heads/seq-02/color/frame-000039.color.png 0.999879 -0.00398966 -0.0150628 0.0135004 0.00405323 0.999983 0.00419152 -0.00450945 0.0150458 -0.00425207 0.999878 -0.0102545 0.0 0.0 0.0 1.0
heads/seq-02/color/frame-000039.color.png heads/seq-02/color/frame-000042.color.png 0.999872 0.0143928 0.00704464 0.0206735 -0.0144125 0.999892 0.00275163 0.00384002 -0.00700428 -0.00285281 0.999972 -0.0110765 0.0 0.0 0.0 1.0
heads/seq-02/color/frame-000042.color.png heads/seq-02/color/frame-000045.color.png 0.999932 -0.000780118 0.011669 0.019075 0.000704617 0.999979 0.0064722 0.00268605 -0.0116738 -0.00646354 0.999911 -0.00752572 0.0 0.0 0.0 1.0
heads/seq-02/color/frame-000045.color.png heads/seq-02/color/frame-000048.color.png 0.99995 -0.00766007 -0.00642875 0.0215155 0.00772263 0.999923 0.00976233 -0.00626311 0.00635349 -0.00981149 0.999932 -0.00979374 0.0 0.0 0.0 1.0
heads/seq-02/color/frame-000048.color.png heads/seq-02/color/frame-000051.color.png 0.999998 -0.00172481 -0.00112088 0.0564694 0.00171688 0.999974 -0.00702966 0.00015375 0.00113297 0.00702772 0.999975 -0.00843696 0.0 0.0 0.0 1.0
heads/seq-02/color/frame-000051.color.png heads/seq-02/color/frame-000054.color.png 0.999691 -0.0136441 0.0207674 0.00724232 0.0134665 0.999872 0.0086683 -0.00574454 -0.020883 -0.00838595 0.999747 -0.00966157 0.0 0.0 0.0 1.0
heads/seq-02/color/frame-000054.color.png heads/seq-02/color/frame-000057.color.png 0.999754 -0.00111614 -0.022142 0.0357857 0.00119152 0.999994 0.00339299 0.00346415 0.0221381 -0.00341854 0.999749 -0.00904784 0.0 0.0 0.0 1.0
heads/seq-02/color/frame-000057.color.png heads/seq-02/color/frame-000060.color.png 0.999909 0.00676115 -0.0116428 0.0767534 -0.00607199 0.998284 0.0582417 -0.0412487 0.0120166 -0.0581657 0.998235 -0.0399606 0.0 0.0 0.0 1.0
heads/seq-02/color/frame-000060.color.png heads/seq-02/color/frame-000063.color.png 0.99893 -0.010652 0.0450066 0.0151699 0.0113258 0.999827 -0.014743 -0.00220013 -0.0448418 0.015237 0.998878 0.0063069 0.0 0.0 0.0 1.0
heads/seq-02/color/frame-000063.color.png heads/seq-02/color/frame-000066.color.png 0.999167 -0.00950923 0.0396759 0.0184142 0.00963715 0.999949 -0.00303428 0.00490365 -0.039645 0.00341411 0.999208 0.0133868 0.0 0.0 0.0 1.0
heads/seq-02/color/frame-000066.color.png heads/seq-02/color/frame-000069.color.png 0.998119 -0.0121326 0.060095 0.0320065 0.0112374 0.999821 0.0152123 -0.00810924 -0.0602688 -0.0145084 0.998077 0.00506175 0.0 0.0 0.0 1.0
heads/seq-02/color/frame-000069.color.png heads/seq-02/color/frame-000072.color.png 0.999586 -0.0127617 -0.0257886 0.0275807 0.0128828 0.999907 0.00453432 0.00324856 0.0257284 -0.00486468 0.999657 -0.0067818 0.0 0.0 0.0 1.0
heads/seq-02/color/frame-000072.color.png heads/seq-02/color/frame-000075.color.png 0.999901 -0.00140424 0.0139902 0.0258365 0.001293 0.999968 0.00795777 0.00398893 -0.0140009 -0.00793891 0.99987 0.00656703 0.0 0.0 0.0 1.0
heads/seq-02/color/frame-000075.color.png heads/seq-02/color/frame-000078.color.png 0.9997 -0.00602008 0.0237263 0.0271746 0.00610856 0.999975 -0.00365918 -0.00480931 -0.0237037 0.00380302 0.999712 0.0116244 0.0 0.0 0.0 1.0
heads/seq-02/color/frame-000078.color.png heads/seq-02/color/frame-000081.color.png 0.999461 -0.00854297 0.0317009 0.0160558 0.00861026 0.999961 -0.00198654 -0.00139076 -0.0316826 0.00225843 0.999495 0.0149612 0.0 0.0 0.0 1.0
heads/seq-02/color/frame-000081.color.png heads/seq-02/color/frame-000084.color.png 0.999861 -0.0125178 0.01098 0.0140725 0.0125848 0.999902 -0.00605312 -0.00230715 -0.0109032 0.00619045 0.999921 0.0124128 0.0 0.0 0.0 1.0
heads/seq-02/color/frame-000084.color.png heads/seq-02/color/frame-000087.color.png 0.999818 -0.0103782 0.0160397 0.0129411 0.0104215 0.999942 -0.00261842 -0.0125497 -0.0160116 0.00278512 0.999868 0.0027656 0.0 0.0 0.0 1.0
heads/seq-02/color/frame-000087.color.png heads/seq-02/color/frame-000090.color.png 0.999965 -0.00581493 -0.00601692 0.0226253 0.00573015 0.999885 -0.0140126 -0.00440615 0.00609772 0.0139776 0.999884 0.00226133 0.0 0.0 0.0 1.0
heads/seq-02/color/frame-000090.color.png heads/seq-02/color/frame-000093.color.png 0.999865 -0.00826801 0.0142067 0.00989568 0.00841316 0.999913 -0.0101848 -0.00163507 -0.0141213 0.0103029 0.999847 0.00487097 0.0 0.0 0.0 1.0
heads/seq-02/color/frame-000093.color.png heads/seq-02/color/frame-000096.color.png 0.999958 -0.00706296 0.00590731 0.00670218 0.00704794 0.999972 0.0025619 -0.00241771 -0.00592521 -0.00252016 0.999979 0.00274438 0.0 0.0 0.0 1.0
heads/seq-02/color/frame-000096.color.png heads/seq-02/color/frame-000099.color.png 0.99953 -0.0283913 0.0115926 0.0193258 0.0283777 0.999596 0.00133677 -0.0195483 -0.0116259 -0.00100717 0.999932 0.00241967 0.0 0.0 0.0 1.0
heads/seq-02/color/frame-000099.color.png heads/seq-02/color/frame-000102.color.png 0.999944 -0.0094098 0.00492219 0.00708842 0.00942534 0.999951 -0.00313529 -0.00159778 -0.00489247 0.0031815 0.999983 0.00312291 0.0 0.0 0.0 1.0
heads/seq-02/color/frame-000102.color.png heads/seq-02/color/frame-000105.color.png 0.999911 -0.0133693 9.47015e-05 0.0088225 0.0133685 0.999896 0.00534948 -0.00508344 -0.000166209 -0.00534773 0.999986 -0.00230443 0.0 0.0 0.0 1.0
heads/seq-02/color/frame-000105.color.png heads/seq-02/color/frame-000108.color.png 0.99992 -0.00810669 -0.00971102 0.0131161 0.00817549 0.999942 0.00705874 -0.0148892 0.00965325 -0.00713757 0.999928 -0.00492683 0.0 0.0 0.0 1.0
heads/seq-02/color/frame-000108.color.png heads/seq-02/color/frame-000111.color.png 0.999921 -0.00753135 0.0100827 0.00982201 0.00772599 0.999782 -0.0194064 -0.00829957 -0.00993436 0.0194828 0.999761 0.00315697 0.0 0.0 0.0 1.0
heads/seq-02/color/frame-000111.color.png heads/seq-02/color/frame-000114.color.png 0.999931 -0.0104201 -0.00536299 0.00245929 0.0103497 0.999862 -0.0129772 -0.000470765 0.00549749 0.0129208 0.999901 -0.00298133 0.0 0.0 0.0 1.0
heads/seq-02/color/frame-000114.color.png heads/seq-02/color/frame-000117.color.png 0.999178 -0.0143213 -0.0379391 -0.0028882 0.014684 0.999849 0.00929939 -0.0142027 0.0378002 -0.00984884 0.999237 -0.0209208 0.0 0.0 0.0 1.0
heads/seq-02/color/frame-000117.color.png heads/seq-02/color/frame-000120.color.png 0.998902 -0.00701581 -0.0463228 -0.000429153 0.00714119 0.999971 0.00254075 -0.0100574 0.0463036 -0.00286876 0.998923 -0.0259043 0.0 0.0 0.0 1.0
heads/seq-02/color/frame-000120.color.png heads/seq-02/color/frame-000123.color.png 0.998257 0.0340374 -0.0482148 0.00496262 -0.0341856 0.999413 -0.00225106 0.0203641 0.0481098 0.00389538 0.998834 -0.0286039 0.0 0.0 0.0 1.0
heads/seq-02/color/frame-000123.color.png heads/seq-02/color/frame-000126.color.png 0.998134 0.0493312 -0.0359787 0.00270748 -0.0485956 0.998597 0.0210414 0.0217734 0.0369662 -0.0192537 0.999131 -0.0201899 0.0 0.0 0.0 1.0
heads/seq-02/color/frame-000126.color.png heads/seq-02/color/frame-000129.color.png 0.999346 0.0235226 -0.0274726 0.00512153 -0.0234341 0.999719 0.00353858 0.0120494 0.0275481 -0.00289246 0.999616 -0.0195683 0.0 0.0 0.0 1.0
heads/seq-02/color/frame-000129.color.png heads/seq-02/color/frame-000132.color.png 0.998163 0.0439586 -0.0416894 0.00628591 -0.0438582 0.999032 0.00332082 0.0179432 0.0417951 -0.00148632 0.999125 -0.0214088 0.0 0.0 0.0 1.0
heads/seq-02/color/frame-000132.color.png heads/seq-02/color/frame-000135.color.png 0.993302 0.0572385 -0.100371 0.00986087 -0.0587444 0.9982 -0.0121103 0.0375136 0.0994967 0.0179254 0.994876 -0.0400242 0.0 0.0 0.0 1.0
heads/seq-02/color/frame-000135.color.png heads/seq-02/color/frame-000138.color.png 0.996951 0.024513 -0.0740833 0.0130978 -0.0234662 0.999613 0.0149686 0.00154245 0.0744215 -0.0131845 0.99714 -0.0401655 0.0 0.0 0.0 1.0
heads/seq-02/color/frame-000138.color.png heads/seq-02/color/frame-000141.color.png 0.99661 0.0245672 -0.0785166 0.0204523 -0.0247291 0.999693 -0.0010906 0.0114796 0.0784658 0.00302857 0.996912 -0.0384941 0.0 0.0 0.0 1.0
heads/seq-02/color/frame-000141.color.png heads/seq-02/color/frame-000144.color.png 0.996796 0.0222744 -0.0768202 0.0275931 -0.0223686 0.99975 -0.00036643 0.00634781 0.0767928 0.00208362 0.997045 -0.0314407 0.0 0.0 0.0 1.0
heads/seq-02/color/frame-000144.color.png heads/seq-02/color/frame-000147.color.png 0.998192 -0.00515628 -0.0598835 0.0327119 0.00405461 0.999821 -0.0185038 0.0151534 0.0599682 0.0182275 0.998034 -0.0216574 0.0 0.0 0.0 1.0
heads/seq-02/color/frame-000147.color.png heads/seq-02/color/frame-000150.color.png 0.999223 0.0323696 -0.0225048 0.0230629 -0.0320821 0.9994 0.0130203 0.0119973 0.0229128 -0.0122882 0.999662 -0.00291406 0.0 0.0 0.0 1.0
heads/seq-02/color/frame-000150.color.png heads/seq-02/color/frame-000153.color.png 0.997952 0.0430082 -0.0473419 0.0205758 -0.0430498 0.999073 0.000142271 0.0178757 0.0473041 0.00189609 0.998879 -0.0183069 0.0 0.0 0.0 1.0
heads/seq-02/color/frame-000153.color.png heads/seq-02/color/frame-000156.color.png 0.99988 0.0154664 -0.000239961 0.0157882 -0.0154647 0.999864 0.00574927 0.00265257 0.000328902 -0.00574487 0.999983 0.00483485 0.0 0.0 0.0 1.0
heads/seq-02/color/frame-000156.color.png heads/seq-02/color/frame-000159.color.png 0.999349 0.0207961 -0.0294756 0.0422429 -0.019866 0.999306 0.0315076 -0.0149287 0.0301103 -0.0309015 0.999069 -0.0155509 0.0 0.0 0.0 1.0
heads/seq-02/color/frame-000159.color.png heads/seq-02/color/frame-000162.color.png 0.998347 0.0476449 0.0321257 0.0298527 -0.048132 0.998735 0.0145632 0.0271664 -0.0313912 -0.0160855 0.999378 0.013164 0.0 0.0 0.0 1.0
heads/seq-02/color/frame-000162.color.png heads/seq-02/color/frame-000165.color.png 0.99962 0.0245815 0.0124549 0.0200162 -0.0250346 0.998978 0.0376348 -0.00318086 -0.0115171 -0.0379323 0.999214 -0.00365505 0.0 0.0 0.0 1.0
heads/seq-02/color/frame-000165.color.png heads/seq-02/color/frame-000168.color.png 0.999666 0.00400635 0.0255268 0.00752288 -0.00475246 0.999561 0.0292355 -0.0096993 -0.0253984 -0.0293471 0.999247 0.0155823 0.0 0.0 0.0 1.0
heads/seq-02/color/frame-000168.color.png heads/seq-02/color/frame-000171.color.png 0.998952 -0.0312987 0.0333874 -0.000909805 0.0299975 0.998797 0.038785 -0.0469939 -0.0345613 -0.0377428 0.99869 0.0104055 0.0 0.0 0.0 1.0
heads/seq-02/color/frame-000171.color.png heads/seq-02/color/frame-000174.color.png 0.997874 -0.0136177 0.0637327 -0.00238305 0.0118742 0.999547 0.0276548 -0.0220735 -0.0640803 -0.0268392 0.997584 0.0414401 0.0 0.0 0.0 1.0
heads/seq-02/color/frame-000174.color.png heads/seq-02/color/frame-000177.color.png 0.999002 -0.00513632 0.0443751 -0.0171733 0.00408701 0.999711 0.0237063 -0.00932425 -0.044484 -0.0235013 0.998734 0.0273526 0.0 0.0 0.0 1.0
heads/seq-02/color/frame-000177.color.png heads/seq-02/color/frame-000180.color.png 0.999445 -0.00618124 0.0327414 -0.0255247 0.00517863 0.999518 0.0306186 -0.0176236 -0.0329149 -0.0304321 0.998995 0.0165378 0.0 0.0 0.0 1.0
heads/seq-02/color/frame-000180.color.png heads/seq-02/color/frame-000183.color.png 0.998353 -0.0242426 0.0520016 -0.0352694 0.0220104 0.998829 0.043077 -0.0419066 -0.052985 -0.0418614 0.997717 0.0349378 0.0 0.0 0.0 1.0
heads/seq-02/color/frame-000183.color.png heads/seq-02/color/frame-000186.color.png 0.998278 -0.0390293 0.0437931 -0.0318024 0.0379297 0.998951 0.025665 -0.0398019 -0.0447488 -0.0239598 0.998711 0.0316338 0.0 0.0 0.0 1.0
heads/seq-02/color/frame-000186.color.png heads/seq-02/color/frame-000189.color.png 0.999537 -0.0148873 0.0265286 -0.0204993 0.0144241 0.999742 0.017566 -0.00883442 -0.0267833 -0.0171752 0.999494 0.0116326 0.0 0.0 0.0 1.0
heads/seq-02/color/frame-000189.color.png heads/seq-02/color/frame-000192.color.png 0.99869 -0.0169328 0.0482756 -0.0236441 0.0149218 0.999018 0.0417152 -0.0230193 -0.0489346 -0.0409402 0.997963 0.0160768 0.0 0.0 0.0 1.0
heads/seq-02/color/frame-000192.color.png heads/seq-02/color/frame-000195.color.png 0.999128 -0.0227396 0.0350111 -0.0226022 0.0218525 0.999436 0.0255148 -0.0273412 -0.0355716 -0.0247274 0.999061 0.0127296 0.0 0.0 0.0 1.0
heads/seq-02/color/frame-000195.color.png heads/seq-02/color/frame-000198.color.png 0.99903 -0.0173066 0.0404785 -0.0285371 0.0165909 0.999701 0.0179487 -0.0282102 -0.040777 -0.0172598 0.999019 0.0114299 0.0 0.0 0.0 1.0
heads/seq-02/color/frame-000198.color.png heads/seq-02/color/frame-000201.color.png 0.997301 -0.0264545 0.0684961 -0.0368392 0.0268955 0.999623 -0.00552393 -0.0348269 -0.0683242 0.00735122 0.997636 0.0325732 0.0 0.0 0.0 1.0
heads/seq-02/color/frame-000201.color.png heads/seq-02/color/frame-000204.color.png 0.997151 -0.00782268 0.0750256 -0.0527539 0.00566588 0.999566 0.0289172 -0.0203424 -0.0752193 -0.0284097 0.996762 0.0321317 0.0 0.0 0.0 1.0
heads/seq-02/color/frame-000204.color.png heads/seq-02/color/frame-000207.color.png 0.997712 -0.0110836 0.0666892 -0.0678947 0.0101225 0.99984 0.0147325 -0.00266483 -0.0668419 -0.0140237 0.997665 0.0360198 0.0 0.0 0.0 1.0
heads/seq-02/color/frame-000207.color.png heads/seq-02/color/frame-000210.color.png 0.998948 -0.0290815 0.0354463 -0.0391441 0.0292929 0.999556 -0.00545901 -0.0102192 -0.0352719 0.00649155 0.999357 0.0229247 0.0 0.0 0.0 1.0
heads/seq-02/color/frame-000210.color.png heads/seq-02/color/frame-000213.color.png 0.997782 -0.0254808 0.0615002 -0.0277178 0.0270556 0.999323 -0.0249117 0.00614473 -0.0608238 0.0265204 0.997796 0.0397988 0.0 0.0 0.0 1.0
heads/seq-02/color/frame-000213.color.png heads/seq-02/color/frame-000216.color.png 0.99736 -0.0172298 0.0705504 -0.0361053 0.0185687 0.999659 -0.0183646 -0.0076741 -0.0702099 0.0196261 0.997339 0.0478112 0.0 0.0 0.0 1.0
heads/seq-02/color/frame-000216.color.png heads/seq-02/color/frame-000219.color.png 0.997555 -0.0433725 0.0547942 -0.0435898 0.0473493 0.996171 -0.0734961 -0.00556457 -0.0513967 0.0759108 0.995789 0.0526649 0.0 0.0 0.0 1.0
heads/seq-02/color/frame-000219.color.png heads/seq-02/color/frame-000222.color.png 0.999811 -0.000354461 0.0194415 -0.0192377 0.000795878 0.999742 -0.0227019 0.0320116 -0.0194284 0.0227132 0.999553 0.0163007 0.0 0.0 0.0 1.0
heads/seq-02/color/frame-000222.color.png heads/seq-02/color/frame-000225.color.png 0.996135 0.0378259 0.0792767 -0.0243597 -0.0377751 0.999284 -0.00214086 0.0189513 -0.0793009 -0.000862174 0.99685 0.0444509 0.0 0.0 0.0 1.0
heads/seq-02/color/frame-000225.color.png heads/seq-02/color/frame-000228.color.png 0.996823 0.0330777 0.0724485 0.0084146 -0.0323323 0.999412 -0.0114366 0.0286052 -0.0727841 0.0090578 0.997307 0.0261148 0.0 0.0 0.0 1.0
heads/seq-02/color/frame-000228.color.png heads/seq-02/color/frame-000231.color.png 0.998432 -0.00471868 0.0557768 -0.0186208 0.006149 0.999656 -0.0255003 0.00905162 -0.0556374 0.0258033 0.998118 0.0346228 0.0 0.0 0.0 1.0
heads/seq-02/color/frame-000231.color.png heads/seq-02/color/frame-000234.color.png 0.999759 0.011539 0.0186958 -0.00726941 -0.0113161 0.999864 -0.0119843 0.0351442 -0.0188315 0.0117698 0.999753 0.0296353 0.0 0.0 0.0 1.0
heads/seq-02/color/frame-000234.color.png heads/seq-02/color/frame-000237.color.png 0.996931 0.0106211 0.0775611 0.00696765 -0.00616053 0.998325 -0.0575239 0.0122265 -0.0780423 0.0568696 0.995327 0.0480432 0.0 0.0 0.0 1.0
heads/seq-02/color/frame-000237.color.png heads/seq-02/color/frame-000240.color.png 0.999979 0.00628652 0.00156403 -0.0181635 -0.0062676 0.999911 -0.011821 0.0333046 -0.00163813 0.011811 0.999929 0.0215215 0.0 0.0 0.0 1.0
heads/seq-02/color/frame-000240.color.png heads/seq-02/color/frame-000243.color.png 0.999948 0.00540673 0.0086554 -0.00194444 -0.00551578 0.999905 0.0126159 0.00334896 -0.00858644 -0.012663 0.999883 0.0211235 0.0 0.0 0.0 1.0
heads/seq-02/color/frame-000243.color.png heads/seq-02/color/frame-000246.color.png 0.999606 0.0208366 -0.0188292 -0.013361 -0.020907 0.999775 -0.00354848 0.0184723 0.018751 0.0039407 0.999816 0.0253583 0.0 0.0 0.0 1.0
heads/seq-02/color/frame-000246.color.png heads/seq-02/color/frame-000249.color.png 0.999727 0.0209556 -0.0103681 -0.00474766 -0.0209816 0.999777 -0.00241365 0.0226727 0.0103151 0.00263049 0.999943 0.0154769 0.0 0.0 0.0 1.0
heads/seq-02/color/frame-000249.color.png heads/seq-02/color/frame-000252.color.png 0.999653 0.0218252 -0.0147404 -0.0188681 -0.0221729 0.99947 -0.0238462 0.0414556 0.0142122 0.0241648 0.999607 0.0383768 0.0 0.0 0.0 1.0
heads/seq-02/color/frame-000252.color.png heads/seq-02/color/frame-000255.color.png 0.997854 0.0285958 -0.0588971 -0.00615993 -0.0287956 0.999582 -0.00254522 0.00138548 0.0587998 0.00423577 0.998261 0.00588615 0.0 0.0 0.0 1.0
heads/seq-02/color/frame-000255.color.png heads/seq-02/color/frame-000258.color.png 0.996326 0.0701996 -0.0490595 0.00218453 -0.070794 0.997436 -0.0104836 0.00441112 0.0481977 0.0139182 0.998741 -0.00379454 0.0 0.0 0.0 1.0
heads/seq-02/color/frame-000258.color.png heads/seq-02/color/frame-000261.color.png 0.994608 0.102172 -0.0177521 0.004546 -0.102187 0.994765 3.44592e-05 0.008957 0.0176626 0.00177972 0.999842 0.00139952 0.0 0.0 0.0 1.0
heads/seq-02/color/frame-000261.color.png heads/seq-02/color/frame-000264.color.png 0.999209 0.0377161 0.0126359 -0.0186017 -0.0376991 0.999288 -0.00158193 0.00955814 -0.0126866 0.00110434 0.999919 0.0212644 0.0 0.0 0.0 1.0
heads/seq-02/color/frame-000264.color.png heads/seq-02/color/frame-000267.color.png 0.999941 -3.12896e-05 -0.0108492 -0.0103102 -0.000115721 0.999908 -0.0135503 -0.00681227 0.0108487 0.0135508 0.999849 0.00685196 0.0 0.0 0.0 1.0
heads/seq-02/color/frame-000267.color.png heads/seq-02/color/frame-000270.color.png 0.999112 0.0384665 -0.0171788 -0.0139622 -0.0386299 0.999211 -0.00928506 -0.00439087 0.0168081 0.00994042 0.999809 0.0245278 0.0 0.0 0.0 1.0
heads/seq-02/color/frame-000270.color.png heads/seq-02/color/frame-000273.color.png 0.999361 0.0209756 -0.0289497 0.00109287 -0.0218045 0.999352 -0.0286192 0.0113446 0.0283306 0.0292321 0.999171 1.83433e-05 0.0 0.0 0.0 1.0
heads/seq-02/color/frame-000273.color.png heads/seq-02/color/frame-000276.color.png 0.998672 0.0320108 -0.0403746 -0.00265943 -0.0325521 0.999388 -0.012823 -0.000613615 0.0399394 0.0141202 0.999102 0.00878038 0.0 0.0 0.0 1.0
heads/seq-02/color/frame-000276.color.png heads/seq-02/color/frame-000279.color.png 0.99905 0.0203658 -0.0385376 -0.00127663 -0.0202812 0.999791 0.00258489 -0.0109097 0.0385822 -0.00180084 0.999254 -0.000417978 0.0 0.0 0.0 1.0
heads/seq-02/color/frame-000279.color.png heads/seq-02/color/frame-000282.color.png 0.998888 0.0257423 -0.0395074 -0.0087602 -0.0260075 0.999643 -0.00621147 0.0014562 0.0393333 0.00723204 0.9992 0.00194937 0.0 0.0 0.0 1.0
heads/seq-02/color/frame-000282.color.png heads/seq-02/color/frame-000285.color.png 0.999442 0.00929941 -0.032068 -0.00746875 -0.00894706 0.999898 0.0111137 -0.00839904 0.0321682 -0.0108205 0.999424 -0.0043166 0.0 0.0 0.0 1.0
heads/seq-02/color/frame-000285.color.png heads/seq-02/color/frame-000288.color.png 0.99899 0.00602695 -0.0445162 0.000224226 -0.00596754 0.999981 0.00146739 0.0024009 0.0445242 -0.00120025 0.999008 -0.00415882 0.0 0.0 0.0 1.0
heads/seq-02/color/frame-000288.color.png heads/seq-02/color/frame-000291.color.png 0.999392 0.00976398 -0.0334576 -0.00130362 -0.00915148 0.999789 0.0184111 -0.00860783 0.0336303 -0.0180937 0.99927 -0.00316887 0.0 0.0 0.0 1.0
heads/seq-02/color/frame-000291.color.png heads/seq-02/color/frame-000294.color.png 0.999331 0.00959139 -0.0352775 0.00629447 -0.00921314 0.999898 0.0108688 -0.00211433 0.0353782 -0.0105366 0.999319 -0.00501315 0.0 0.0 0.0 1.0
heads/seq-02/color/frame-000294.color.png heads/seq-02/color/frame-000297.color.png 0.999783 0.0110999 -0.0176214 -0.00929415 -0.0114202 0.99977 -0.0181767 0.0166314 0.0174156 0.018374 0.99968 -0.00313431 0.0 0.0 0.0 1.0
heads/seq-02/color/frame-000297.color.png heads/seq-02/color/frame-000300.color.png 0.999964 0.0033292 -0.00775135 -0.00404098 -0.00326369 0.999959 0.00844966 -0.00444891 0.00777916 -0.00842406 0.999934 -0.00272305 0.0 0.0 0.0 1.0
heads/seq-02/color/frame-000300.color.png heads/seq-02/color/frame-000303.color.png 0.999704 0.00753722 -0.0231476 -0.000955587 -0.00716328 0.999843 0.0161948 -0.00514758 0.023266 -0.0160242 0.999601 -0.00478786 0.0 0.0 0.0 1.0
heads/seq-02/color/frame-000303.color.png heads/seq-02/color/frame-000306.color.png 0.999202 0.0176032 -0.0358487 0.0105928 -0.0177728 0.999832 -0.00441805 0.00802426 0.0357649 0.00505165 0.999347 -0.0150535 0.0 0.0 0.0 1.0
heads/seq-02/color/frame-000306.color.png heads/seq-02/color/frame-000309.color.png 0.999845 0.0101324 -0.0143787 -0.00854335 -0.0101616 0.999947 -0.00195821 0.00676076 0.0143581 0.00210402 0.999895 -0.0090062 0.0 0.0 0.0 1.0
heads/seq-02/color/frame-000309.color.png heads/seq-02/color/frame-000312.color.png 0.99977 0.00783827 -0.01994 -0.00650284 -0.00814963 0.999845 -0.0155819 0.012886 0.0198148 0.0157408 0.99968 -0.0112361 0.0 0.0 0.0 1.0
heads/seq-02/color/frame-000312.color.png heads/seq-02/color/frame-000315.color.png 0.999423 0.0103393 -0.0323681 -0.0099525 -0.00970926 0.999762 0.0195609 -0.0105044 0.0325626 -0.0192353 0.999285 -0.00737912 0.0 0.0 0.0 1.0
heads/seq-02/color/frame-000315.color.png heads/seq-02/color/frame-000318.color.png 0.999906 0.00482206 -0.0128088 -0.0218831 -0.00470523 0.999947 0.00913777 0.000355482 0.0128522 -0.00907665 0.999876 -0.0124607 0.0 0.0 0.0 1.0
heads/seq-02/color/frame-000318.color.png heads/seq-02/color/frame-000321.color.png 0.999709 0.0139255 -0.0196988 0.000824787 -0.0137636 0.999871 0.00832817 -0.00182205 0.0198122 -0.00805461 0.999771 -0.00335597 0.0 0.0 0.0 1.0
heads/seq-02/color/frame-000321.color.png heads/seq-02/color/frame-000324.color.png 0.999884 0.0152549 -0.000333723 -0.0316903 -0.0152497 0.999808 0.0122791 0.000554577 0.000520995 -0.0122726 0.999924 -0.000424035 0.0 0.0 0.0 1.0
heads/seq-02/color/frame-000324.color.png heads/seq-02/color/frame-000327.color.png 0.999665 0.00898221 -0.0242792 -0.0142773 -0.00868635 0.999887 0.0122643 0.00250448 0.0243866 -0.0120493 0.99963 -0.00649438 0.0 0.0 0.0 1.0
heads/seq-02/color/frame-000327.color.png heads/seq-02/color/frame-000330.color.png 0.999548 0.0115848 -0.0277343 -0.0102696 -0.0112484 0.999862 0.0122545 0.00425068 0.0278724 -0.011937 0.99954 -0.00606464 0.0 0.0 0.0 1.0
heads/seq-02/color/frame-000330.color.png heads/seq-02/color/frame-000333.color.png 0.999512 0.0200831 -0.023927 -0.0214961 -0.0195218 0.999534 0.0234627 0.00145926 0.024387 -0.0229841 0.999438 -0.0137305 0.0 0.0 0.0 1.0
heads/seq-02/color/frame-000333.color.png heads/seq-02/color/frame-000336.color.png 0.999896 0.00879811 -0.0114323 -0.0146555 -0.00876792 0.999958 0.00268807 0.0117332 0.0114555 -0.00258759 0.999931 -0.00855969 0.0 0.0 0.0 1.0
heads/seq-02/color/frame-000336.color.png heads/seq-02/color/frame-000339.color.png 0.999945 0.00116787 0.0103818 -0.0346233 -0.00107438 0.999959 -0.00900429 0.0223286 -0.0103919 0.00899265 0.999906 -0.0101951 0.0 0.0 0.0 1.0
heads/seq-02/color/frame-000339.color.png heads/seq-02/color/frame-000342.color.png 0.999918 -0.00227911 -0.0126206 -0.022663 0.00240272 0.999949 0.00978876 0.0121993 0.0125976 -0.00981826 0.999873 -0.00711806 0.0 0.0 0.0 1.0
heads/seq-02/color/frame-000342.color.png heads/seq-02/color/frame-000345.color.png 0.999934 0.010199 0.00533255 -0.0314343 -0.0102826 0.999821 0.0158682 0.00512302 -0.00516978 -0.015922 0.99986 -0.00448213 0.0 0.0 0.0 1.0
heads/seq-02/color/frame-000345.color.png heads/seq-02/color/frame-000348.color.png 0.999982 -0.0023118 -0.00560289 -0.0182958 0.00235376 0.999969 0.00749244 0.00930689 0.00558541 -0.00750548 0.999956 -0.010739 0.0 0.0 0.0 1.0
heads/seq-02/color/frame-000348.color.png heads/seq-02/color/frame-000351.color.png 0.999683 -0.0164903 -0.0190489 -0.0164976 0.0168161 0.999713 0.0170722 0.0179018 0.0187619 -0.0173871 0.999673 -0.00587845 0.0 0.0 0.0 1.0
heads/seq-02/color/frame-000351.color.png heads/seq-02/color/frame-000354.color.png 0.999944 0.00067555 0.0105368 -0.0174274 -0.00078353 0.999947 0.0102488 0.00732762 -0.0105292 -0.0102565 0.999892 -0.0136698 0.0 0.0 0.0 1.0
heads/seq-02/color/frame-000354.color.png heads/seq-02/color/frame-000357.color.png 0.999996 0.00215592 0.00156623 -0.0103069 -0.00218083 0.999868 0.0160744 0.00374179 -0.00153142 -0.0160777 0.99987 -0.0116453 0.0 0.0 0.0 1.0
heads/seq-02/color/frame-000357.color.png heads/seq-02/color/frame-000360.color.png 0.999112 -0.00303488 0.0420228 -0.0291298 0.00134444 0.999191 0.0401969 -0.00751649 -0.0421107 -0.0401047 0.998308 -0.0207643 0.0 0.0 0.0 1.0
heads/seq-02/color/frame-000360.color.png heads/seq-02/color/frame-000363.color.png 0.999684 -0.0110947 0.0225524 -0.0195343 0.011301 0.999895 -0.00904116 0.0119632 -0.0224498 0.00929316 0.999705 -0.0151452 0.0 0.0 0.0 1.0
heads/seq-02/color/frame-000363.color.png heads/seq-02/color/frame-000366.color.png 0.999582 -0.0178619 0.022742 -0.0282119 0.0177708 0.999833 0.0042005 0.000515774 -0.0228132 -0.00379458 0.999732 -0.0191641 0.0 0.0 0.0 1.0
heads/seq-02/color/frame-000366.color.png heads/seq-02/color/frame-000369.color.png 0.999688 -0.0249382 0.00121912 -0.0149788 0.0249494 0.999636 -0.0102501 0.0119309 -0.000963081 0.0102773 0.999947 -0.00800256 0.0 0.0 0.0 1.0
heads/seq-02/color/frame-000369.color.png heads/seq-02/color/frame-000372.color.png 0.999649 -0.0111379 0.0240324 -0.0218312 0.011134 0.999938 0.000296177 -0.00180471 -0.0240342 -2.85408e-05 0.999711 -0.0174084 0.0 0.0 0.0 1.0
heads/seq-02/color/frame-000372.color.png heads/seq-02/color/frame-000375.color.png 0.999826 -0.0163698 0.00895439 -0.0216423 0.0164728 0.999798 -0.01155 -0.00283429 -0.00876351 0.0116955 0.999893 -0.0106609 0.0 0.0 0.0 1.0
heads/seq-02/color/frame-000375.color.png heads/seq-02/color/frame-000378.color.png 0.999692 -0.0167062 0.0183392 -0.0225184 0.0166788 0.99986 0.00164265 -0.00637964 -0.0183641 -0.00133621 0.99983 -0.0136458 0.0 0.0 0.0 1.0
heads/seq-02/color/frame-000378.color.png heads/seq-02/color/frame-000381.color.png 0.999133 -0.0321129 0.0264961 -0.0154289 0.0329102 0.999001 -0.0302269 0.024269 -0.0254989 0.0310726 0.999192 -0.00805862 0.0 0.0 0.0 1.0
heads/seq-02/color/frame-000381.color.png heads/seq-02/color/frame-000384.color.png 0.999325 -0.0289275 0.0226212 -0.0198641 0.0288515 0.999577 0.00367947 0.00519741 -0.022718 -0.00302432 0.999737 -0.0060389 0.0 0.0 0.0 1.0
heads/seq-02/color/frame-000384.color.png heads/seq-02/color/frame-000387.color.png 0.99983 -0.0115037 0.0143797 -0.0106329 0.0116662 0.999868 -0.0112732 -0.00540829 -0.0142481 0.011439 0.999833 -0.00175378 0.0 0.0 0.0 1.0
heads/seq-02/color/frame-000387.color.png heads/seq-02/color/frame-000390.color.png 0.999336 -0.0213033 0.0295577 -0.017603 0.0218564 0.99959 -0.0185179 0.0194909 -0.0291511 0.0191516 0.999391 -0.00855987 0.0 0.0 0.0 1.0
heads/seq-02/color/frame-000390.color.png heads/seq-02/color/frame-000393.color.png 0.999541 -0.0224304 0.020375 -0.0240695 0.02204 0.999573 0.0191854 -1.50278e-05 -0.0207967 -0.0187275 0.999608 0.00466216 0.0 0.0 0.0 1.0
heads/seq-02/color/frame-000393.color.png heads/seq-02/color/frame-000396.color.png 0.999629 -0.0188347 0.0196535 -0.0158906 0.0188083 0.999822 0.00152586 0.00274857 -0.0196788 -0.00115563 0.999806 -0.00220094 0.0 0.0 0.0 1.0
heads/seq-02/color/frame-000396.color.png heads/seq-02/color/frame-000399.color.png 0.999623 -0.0128661 0.0242699 -0.0139018 0.0127 0.999895 0.00698501 0.00419056 -0.0243572 -0.00667414 0.999681 -0.00568597 0.0 0.0 0.0 1.0
heads/seq-02/color/frame-000399.color.png heads/seq-02/color/frame-000402.color.png 0.998908 -0.0258825 0.0389067 -0.0147688 0.026317 0.999596 -0.0106982 0.0047372 -0.0386141 0.0117104 0.999186 -0.0144158 0.0 0.0 0.0 1.0
heads/seq-02/color/frame-000402.color.png heads/seq-02/color/frame-000405.color.png 0.996054 -0.0565139 0.0684368 -0.0497524 0.056807 0.998383 -0.00234169 0.0395677 -0.0681938 0.00622015 0.997653 -0.0226456 0.0 0.0 0.0 1.0
heads/seq-02/color/frame-000405.color.png heads/seq-02/color/frame-000408.color.png 0.999388 -0.0338809 0.0087056 -0.0178661 0.033712 0.999253 0.0188698 0.00613585 -0.00933841 -0.0185648 0.999784 0.00149782 0.0 0.0 0.0 1.0
heads/seq-02/color/frame-000408.color.png heads/seq-02/color/frame-000411.color.png 0.998871 -0.0158155 0.0447943 -0.0282493 0.0164499 0.999769 -0.0138278 0.00430012 -0.0445652 0.0145491 0.998901 -0.0251896 0.0 0.0 0.0 1.0
heads/seq-02/color/frame-000411.color.png heads/seq-02/color/frame-000414.color.png 0.999353 -0.0258637 0.0250084 -0.0417055 0.0261021 0.999617 -0.00925131 0.00305049 -0.0247595 0.00989813 0.999645 -0.0133981 0.0 0.0 0.0 1.0
heads/seq-02/color/frame-000414.color.png heads/seq-02/color/frame-000417.color.png 0.999739 -0.016769 0.0154896 -0.0199761 0.0168876 0.999829 -0.007565 0.0117784 -0.0153601 0.00782457 0.999851 -0.0105565 0.0 0.0 0.0 1.0
heads/seq-02/color/frame-000417.color.png heads/seq-02/color/frame-000420.color.png 0.999654 -0.0147491 0.0217991 -0.0216114 0.0147038 0.999889 0.00223854 -9.08375e-05 -0.0218297 -0.00191723 0.99976 -0.0116252 0.0 0.0 0.0 1.0
heads/seq-02/color/frame-000420.color.png heads/seq-02/color/frame-000423.color.png 0.9994 -0.0129662 0.032107 -0.0265837 0.0126189 0.99986 0.0109948 -0.0132774 -0.0322451 -0.010583 0.999424 -0.0190619 0.0 0.0 0.0 1.0
heads/seq-02/color/frame-000423.color.png heads/seq-02/color/frame-000426.color.png 0.999949 -0.000931462 0.0100434 -0.0057866 0.000908572 0.999997 0.00228795 -0.00621341 -0.0100455 -0.00227868 0.999947 -0.0111109 0.0 0.0 0.0 1.0
heads/seq-02/color/frame-000426.color.png heads/seq-02/color/frame-000429.color.png 0.999624 0.0177443 0.020919 -0.00613803 -0.0179141 0.999808 0.00795414 -0.0272615 -0.0207738 -0.00832587 0.99975 -0.0209927 0.0 0.0 0.0 1.0
heads/seq-02/color/frame-000429.color.png heads/seq-02/color/frame-000432.color.png 0.999704 0.0236328 0.00576752 0.00488818 -0.023679 0.999687 0.00807826 -0.023413 -0.00557482 -0.00821247 0.999951 -0.00806322 0.0 0.0 0.0 1.0
heads/seq-02/color/frame-000432.color.png heads/seq-02/color/frame-000435.color.png 0.999998 0.00147966 0.00121067 0.00946093 -0.0014782 0.999998 -0.00123752 -0.00498927 -0.00121242 0.00123573 0.999999 -0.0154625 0.0 0.0 0.0 1.0
heads/seq-02/color/frame-000435.color.png heads/seq-02/color/frame-000438.color.png 0.99991 0.0125379 0.00469909 0.0137838 -0.0125733 0.999892 0.00755769 -0.0279439 -0.00460388 -0.00761614 0.99996 -0.0159671 0.0 0.0 0.0 1.0
heads/seq-02/color/frame-000438.color.png heads/seq-02/color/frame-000441.color.png 0.999989 -0.000470432 -0.00456496 0.0111077 0.000450548 0.99999 -0.00435303 -0.000599533 0.00456707 0.00435096 0.99998 -0.00822916 0.0 0.0 0.0 1.0
heads/seq-02/color/frame-000441.color.png heads/seq-02/color/frame-000444.color.png 0.999749 -0.00403244 -0.0220278 0.0272555 0.00414447 0.999979 0.00504052 0.0022032 0.0220069 -0.00513061 0.999745 -0.00879984 0.0 0.0 0.0 1.0
heads/seq-02/color/frame-000444.color.png heads/seq-02/color/frame-000447.color.png 0.999802 0.00744948 -0.0184493 0.0185091 -0.00711099 0.999806 0.0183449 -0.0118203 0.0185824 -0.0182101 0.999662 7.60704e-05 0.0 0.0 0.0 1.0
heads/seq-02/color/frame-000447.color.png heads/seq-02/color/frame-000450.color.png 0.999241 0.0180747 -0.0345158 0.0402331 -0.0171843 0.999516 0.0259209 -0.00768483 0.0349676 -0.0253081 0.999068 -0.00504136 0.0 0.0 0.0 1.0
heads/seq-02/color/frame-000450.color.png heads/seq-02/color/frame-000453.color.png 0.999017 0.0168408 -0.0410007 0.0187101 -0.0167835 0.999858 0.0017417 -0.00295809 0.0410243 -0.00105181 0.999158 0.014555 0.0 0.0 0.0 1.0
heads/seq-02/color/frame-000453.color.png heads/seq-02/color/frame-000456.color.png 0.999289 0.0170722 -0.0336311 0.0302696 -0.0173232 0.999824 -0.00718579 0.0126459 0.0335025 0.00776323 0.999408 0.00404974 0.0 0.0 0.0 1.0
heads/seq-02/color/frame-000456.color.png heads/seq-02/color/frame-000459.color.png 0.998953 -0.00123481 -0.0457252 0.0204079 0.00036436 0.999819 -0.01904 0.0199464 0.0457403 0.0190035 0.998773 0.0156441 0.0 0.0 0.0 1.0
heads/seq-02/color/frame-000459.color.png heads/seq-02/color/frame-000462.color.png 0.999633 0.00649363 -0.026304 0.019387 -0.00708608 0.999722 -0.0224942 0.0135608 0.0261507 0.0226723 0.999401 0.00939786 0.0 0.0 0.0 1.0
heads/seq-02/color/frame-000462.color.png heads/seq-02/color/frame-000465.color.png 0.999617 0.0121356 -0.0248783 0.0255712 -0.0130395 0.999249 -0.0364976 0.0291825 0.0244167 0.0368079 0.999024 0.00586721 0.0 0.0 0.0 1.0
heads/seq-02/color/frame-000465.color.png heads/seq-02/color/frame-000468.color.png 0.999745 0.0192098 -0.0118563 0.0166248 -0.019373 0.999717 -0.0138081 0.0097885 0.0115877 0.0140343 0.999834 -0.00420293 0.0 0.0 0.0 1.0
heads/seq-02/color/frame-000468.color.png heads/seq-02/color/frame-000471.color.png 0.999785 0.0122442 -0.0167514 0.00798506 -0.012603 0.99969 -0.0214786 0.0164993 0.0164832 0.0216851 0.999629 0.00266503 0.0 0.0 0.0 1.0
heads/seq-02/color/frame-000471.color.png heads/seq-02/color/frame-000474.color.png 0.999445 0.0322094 -0.00855186 0.0204906 -0.0324014 0.999202 -0.0233553 0.00961195 0.0077928 0.0236194 0.999691 -0.00861892 0.0 0.0 0.0 1.0
heads/seq-02/color/frame-000474.color.png heads/seq-02/color/frame-000477.color.png 0.99987 0.0106802 0.0120584 0.00173169 -0.0104428 0.999754 -0.0195791 0.0168949 -0.0122646 0.0194506 0.999736 -0.00841625 0.0 0.0 0.0 1.0
heads/seq-02/color/frame-000477.color.png heads/seq-02/color/frame-000480.color.png 0.999851 -0.00541476 -0.0163921 0.00128496 0.00514549 0.999852 -0.0164251 0.0288855 0.0164786 0.0163384 0.999731 0.00871873 0.0 0.0 0.0 1.0
heads/seq-02/color/frame-000480.color.png heads/seq-02/color/frame-000483.color.png 0.999856 -0.00854703 -0.014664 0.0146654 0.00821064 0.999705 -0.0228491 0.0357685 0.014855 0.0227254 0.999631 0.00764097 0.0 0.0 0.0 1.0
heads/seq-02/color/frame-000483.color.png heads/seq-02/color/frame-000486.color.png 0.999935 0.00114283 -0.0113285 0.00413293 -0.00116079 0.999998 -0.00157691 0.0242294 0.0113267 0.00158996 0.999934 0.00720949 0.0 0.0 0.0 1.0
heads/seq-02/color/frame-000486.color.png heads/seq-02/color/frame-000489.color.png 0.999927 0.0109682 0.00511509 0.0108566 -0.0109449 0.999929 -0.00457423 0.0249938 -0.0051649 0.00451791 0.999977 0.00537662 0.0 0.0 0.0 1.0
heads/seq-02/color/frame-000489.color.png heads/seq-02/color/frame-000492.color.png 0.999985 0.00355449 0.00419618 -0.00404826 -0.00354155 0.999989 -0.00308931 0.0108908 -0.00420713 0.00307441 0.999986 0.000303864 0.0 0.0 0.0 1.0
heads/seq-02/color/frame-000492.color.png heads/seq-02/color/frame-000495.color.png 0.999916 0.0126077 -0.00291307 0.00535324 -0.0126257 0.999901 -0.00624093 0.0221617 0.00283408 0.00627718 0.999976 0.00488333 0.0 0.0 0.0 1.0
heads/seq-02/color/frame-000495.color.png heads/seq-02/color/frame-000498.color.png 0.999921 0.00875679 -0.00900999 0.000389069 -0.00871832 0.999953 0.00430069 0.0124413 0.00904723 -0.0042218 0.99995 0.00598501 0.0 0.0 0.0 1.0
heads/seq-02/color/frame-000498.color.png heads/seq-02/color/frame-000501.color.png 0.999809 0.0188539 0.00511819 0.00212905 -0.0189331 0.999694 0.0158946 0.0231526 -0.00481693 -0.0159885 0.999861 0.00491123 0.0 0.0 0.0 1.0
heads/seq-02/color/frame-000501.color.png heads/seq-02/color/frame-000504.color.png 0.999693 0.0232479 0.0085625 -0.00556999 -0.0234462 0.999441 0.0238444 0.0231314 -0.00800342 -0.0240378 0.999679 0.0124338 0.0 0.0 0.0 1.0
heads/seq-02/color/frame-000504.color.png heads/seq-02/color/frame-000507.color.png 0.999794 0.020213 -0.00178557 -0.00383565 -0.0201802 0.999655 0.0168 0.0156966 0.00212454 -0.0167605 0.999857 0.00812486 0.0 0.0 0.0 1.0
heads/seq-02/color/frame-000507.color.png heads/seq-02/color/frame-000510.color.png 0.999917 0.0119267 -0.00478708 -0.00829443 -0.0118101 0.99965 0.023691 0.0311341 0.00506794 -0.0236325 0.999708 0.0166449 0.0 0.0 0.0 1.0
heads/seq-02/color/frame-000510.color.png heads/seq-02/color/frame-000513.color.png 0.999899 0.00366422 -0.0137225 -0.0108727 -0.00320321 0.999435 0.0334672 0.0327937 0.0138374 -0.0334199 0.999345 0.0330128 0.0 0.0 0.0 1.0
heads/seq-02/color/frame-000513.color.png heads/seq-02/color/frame-000516.color.png 0.99999 -0.0026441 -0.00348386 0.00036931 0.00273183 0.999673 0.0254223 0.0348301 0.0034155 -0.0254315 0.999671 0.0125296 0.0 0.0 0.0 1.0
heads/seq-02/color/frame-000516.color.png heads/seq-02/color/frame-000519.color.png 0.999939 -0.00207167 -0.0108286 0.00139299 0.00236951 0.999617 0.0275657 0.0212053 0.0107673 -0.0275896 0.999561 0.0169623 0.0 0.0 0.0 1.0
heads/seq-02/color/frame-000519.color.png heads/seq-02/color/frame-000522.color.png 0.999974 0.00484459 0.00524805 0.000338703 -0.00507322 0.998998 0.044464 0.0274202 -0.00502738 -0.0444895 0.998997 0.0159917 0.0 0.0 0.0 1.0
heads/seq-02/color/frame-000522.color.png heads/seq-02/color/frame-000525.color.png 0.999835 -0.0175282 0.00467757 0.00649288 0.0174763 0.999788 0.0109183 0.0420687 -0.00486795 -0.0108347 0.99993 0.0155827 0.0 0.0 0.0 1.0
heads/seq-02/color/frame-000525.color.png heads/seq-02/color/frame-000528.color.png 0.99995 0.00248326 0.00969573 0.00633457 -0.00255919 0.999966 0.00782639 0.00629762 -0.00967597 -0.00785085 0.999922 -0.00938137 0.0 0.0 0.0 1.0
heads/seq-02/color/frame-000528.color.png heads/seq-02/color/frame-000531.color.png 0.999783 0.000293464 0.0208279 0.010643 -0.000599735 0.999892 0.0147004 -0.000788361 -0.0208213 -0.0147096 0.999675 -0.00959408 0.0 0.0 0.0 1.0
heads/seq-02/color/frame-000531.color.png heads/seq-02/color/frame-000534.color.png 0.999836 0.00313663 0.017852 0.00912476 -0.00328365 0.999961 0.00821243 -0.00680122 -0.0178255 -0.00826976 0.999807 -0.0114376 0.0 0.0 0.0 1.0
