heads/seq-02/color/frame-000001.color.png heads/seq-02/color/frame-000003.color.png 0.999994 -0.00352111 -0.000276621 0.00113355 0.0035204 0.999991 -0.00251329 -0.00184149 0.000285468 0.0025123 0.999997 -0.00242218 0.0 0.0 0.0 1.0
heads/seq-02/color/frame-000003.color.png heads/seq-02/color/frame-000005.color.png 0.999942 0.00825248 0.00695464 0.00240652 -0.00822683 0.999959 -0.00370806 -0.00174836 -0.00698496 0.00365063 0.999969 -0.00346068 0.0 0.0 0.0 1.0
heads/seq-02/color/frame-000005.color.png heads/seq-02/color/frame-000007.color.png 0.99993 0.00578355 0.0103602 -0.00171417 -0.00571007 0.999958 -0.00710751 -0.00611449 -0.0104009 0.00704785 0.999921 -0.00240247 0.0 0.0 0.0 1.0
heads/seq-02/color/frame-000007.color.png heads/seq-02/color/frame-000009.color.png 0.99997 0.00223694 -0.00737973 0.00105721 -0.00237978 0.999809 -0.0194026 -0.000910955 0.00733492 0.0194196 0.999785 -0.00442342 0.0 0.0 0.0 1.0
heads/seq-02/color/frame-000009.color.png heads/seq-02/color/frame-000011.color.png 0.999996 0.00250769 0.000907167 0.00170852 -0.00250414 0.999989 -0.00388673 2.31629e-05 -0.000916901 0.00388443 0.999992 -0.00117646 0.0 0.0 0.0 1.0
heads/seq-02/color/frame-000011.color.png heads/seq-02/color/frame-000013.color.png 0.999898 0.00499502 0.0134076 0.000407577 -0.0048554 0.999934 -0.0104263 -0.00188502 -0.0134588 0.0103601 0.999856 -0.00342005 0.0 0.0 0.0 1.0
heads/seq-02/color/frame-000013.color.png heads/seq-02/color/frame-000015.color.png 0.999934 -0.0113833 0.00179258 -0.00212404 0.011387 0.999933 -0.00204348 -0.000245597 -0.00176919 0.00206376 0.999996 -0.00177577 0.0 0.0 0.0 1.0
heads/seq-02/color/frame-000015.color.png heads/seq-02/color/frame-000017.color.png 0.999884 -0.0142202 -0.00539443 -0.00018688 0.0142127 0.999898 -0.00142462 -0.00367413 0.00541414 0.00134779 0.999984 -0.00228241 0.0 0.0 0.0 1.0
heads/seq-02/color/frame-000017.color.png heads/seq-02/color/frame-000019.color.png 0.999867 -0.0141801 -0.00799501 0.0056251 0.0140905 0.999839 -0.0111573 -0.00136039 0.00815193 0.0110432 0.999906 -0.00882812 0.0 0.0 0.0 1.0
heads/seq-02/color/frame-000019.color.png heads/seq-02/color/frame-000021.color.png 0.999984 -0.00564655 -0.000203234 0.00195416 0.0056464 0.999984 -0.000739451 -0.0023248 0.000207408 0.000738292 1.0 -0.00466856 0.0 0.0 0.0 1.0
heads/seq-02/color/frame-000021.color.png heads/seq-02/color/frame-000023.color.png 0.999983 -0.00568601 -0.00141086 0.000952483 0.00568139 0.999979 -0.00325364 5.84312e-05 0.00142932 0.00324557 0.999994 -0.00532528 0.0 0.0 0.0 1.0
heads/seq-02/color/frame-000023.color.png heads/seq-02/color/frame-000025.color.png 0.999982 -0.00465498 -0.00385479 0.00151863 0.00466172 0.999988 0.00174177 -0.00062074 0.00384663 -0.00175969 0.999991 -0.00550975 0.0 0.0 0.0 1.0
heads/seq-02/color/frame-000025.color.png heads/seq-02/color/frame-000027.color.png 0.99989 -0.0105836 -0.0103647 0.00425783 0.0106721 0.999907 0.00851365 -0.00826746 0.0102737 -0.00862334 0.99991 -0.00927663 0.0 0.0 0.0 1.0
heads/seq-02/color/frame-000027.color.png heads/seq-02/color/frame-000029.color.png 0.999945 -0.00432415 -0.00955781 0.00181816 0.0042827 0.999981 -0.00435177 0.00148547 0.00957645 0.0043106 0.999945 -0.00588816 0.0 0.0 0.0 1.0
heads/seq-02/color/frame-000029.color.png heads/seq-02/color/frame-000031.color.png 0.999786 0.00303113 -0.0204591 0.0101139 -0.00279261 0.999928 0.0116763 -0.0031553 0.020493 -0.0116167 0.999722 -0.0124175 0.0 0.0 0.0 1.0
heads/seq-02/color/frame-000031.color.png heads/seq-02/color/frame-000033.color.png 0.999994 0.00139239 -0.00303499 0.00342532 -0.00139064 0.999999 0.000576313 0.00105264 0.00303579 -0.000572091 0.999995 -0.00366595 0.0 0.0 0.0 1.0
heads/seq-02/color/frame-000033.color.png heads/seq-02/color/frame-000035.color.png 0.999986 -0.00302656 -0.00430344 0.00354929 0.00305527 0.999973 0.00668203 0.0011109 0.0042831 -0.00669508 0.999968 -0.0064392 0.0 0.0 0.0 1.0
heads/seq-02/color/frame-000035.color.png heads/seq-02/color/frame-000037.color.png 0.999842 -0.00802114 -0.0158808 0.0114359 0.00831531 0.999793 0.0185437 -0.00871995 0.0157288 -0.0186728 0.999702 -0.00736545 0.0 0.0 0.0 1.0
heads/seq-02/color/frame-000037.color.png heads/seq-02/color/frame-000039.color.png 0.999961 -0.00129867 -0.00877811 0.00862951 0.00128065 0.999997 -0.00205675 0.000255913 0.00878074 0.00204543 0.999959 -0.00514783 0.0 0.0 0.0 1.0
heads/seq-02/color/frame-000039.color.png heads/seq-02/color/frame-000041.color.png 0.999878 0.0149037 0.00459367 0.0211263 -0.0149158 0.999885 0.00261069 0.00395837 -0.00455422 -0.00267889 0.999986 -0.00846794 0.0 0.0 0.0 1.0
heads/seq-02/color/frame-000041.color.png heads/seq-02/color/frame-000043.color.png 0.999941 0.00398146 0.0101268 0.00812565 -0.00401508 0.999987 0.00330085 0.000264004 -0.0101136 -0.00334131 0.999943 -0.00371153 0.0 0.0 0.0 1.0
heads/seq-02/color/frame-000043.color.png heads/seq-02/color/frame-000045.color.png 0.999996 -0.00283402 0.00103282 0.0130265 0.00283003 0.999989 0.0038434 0.00150685 -0.0010437 -0.00384046 0.999992 -0.00510182 0.0 0.0 0.0 1.0
heads/seq-02/color/frame-000045.color.png heads/seq-02/color/frame-000047.color.png 0.999955 -0.00858591 -0.003965 0.018976 0.00863204 0.999893 0.011764 -0.00754096 0.00386357 -0.0117977 0.999923 -0.0100131 0.0 0.0 0.0 1.0
heads/seq-02/color/frame-000047.color.png heads/seq-02/color/frame-000049.color.png 0.999959 -0.00206713 -0.0087764 0.0180331 0.00203892 0.999993 -0.00322232 -0.00128905 0.008783 0.0032043 0.999956 -0.00501168 0.0 0.0 0.0 1.0
heads/seq-02/color/frame-000049.color.png heads/seq-02/color/frame-000051.color.png 0.99991 0.000481182 0.0134109 0.0339427 -0.000353495 0.999955 -0.00952238 0.0056169 -0.0134149 0.00951678 0.999865 -0.00748679 0.0 0.0 0.0 1.0
heads/seq-02/color/frame-000051.color.png heads/seq-02/color/frame-000053.color.png 0.99982 -0.00782074 0.0172886 0.00384746 0.00765372 0.999923 0.00970669 -0.00731612 -0.0173632 -0.00957263 0.999803 -0.000457019 0.0 0.0 0.0 1.0
heads/seq-02/color/frame-000053.color.png heads/seq-02/color/frame-000055.color.png 0.999932 -0.00825814 -0.00820269 0.0165331 0.0083401 0.999915 0.0100111 -0.00336546 0.00811931 -0.0100788 0.999916 -0.0146828 0.0 0.0 0.0 1.0
heads/seq-02/color/frame-000055.color.png heads/seq-02/color/frame-000057.color.png 0.99981 -0.000644205 -0.0195092 0.0298361 0.000594616 0.999997 -0.00254834 0.00475786 0.0195108 0.00253626 0.999806 0.00225425 0.0 0.0 0.0 1.0
heads/seq-02/color/frame-000057.color.png heads/seq-02/color/frame-000059.color.png 0.999054 0.0137817 0.0412393 0.0337134 -0.0153307 0.99918 0.037484 -0.0223007 -0.0406889 -0.0380808 0.998446 -0.0153498 0.0 0.0 0.0 1.0
heads/seq-02/color/frame-000059.color.png heads/seq-02/color/frame-000061.color.png 0.999345 -0.000824653 0.0361647 0.00114791 0.00131727 0.999907 -0.0135998 0.00393438 -0.0361502 0.0136385 0.999253 0.0158985 0.0 0.0 0.0 1.0
heads/seq-02/color/frame-000061.color.png heads/seq-02/color/frame-000063.color.png 0.999874 -0.0119325 0.0104336 0.0104415 0.0120143 0.999897 -0.00782014 -0.000728074 -0.0103393 0.00794451 0.999915 -0.00449818 0.0 0.0 0.0 1.0
heads/seq-02/color/frame-000063.color.png heads/seq-02/color/frame-000065.color.png 0.999873 -0.0147226 0.00603794 0.0420746 0.0147286 0.999891 -0.000943973 -0.000407927 -0.00602338 0.00103278 0.999981 -0.00710526 0.0 0.0 0.0 1.0
heads/seq-02/color/frame-000065.color.png heads/seq-02/color/frame-000067.color.png 0.999799 -0.00544866 0.0193083 0.0153173 0.00552078 0.999978 -0.00368315 0.0046896 -0.0192878 0.003789 0.999807 0.010367 0.0 0.0 0.0 1.0
heads/seq-02/color/frame-000067.color.png heads/seq-02/color/frame-000069.color.png 0.999238 -0.0121724 0.0370714 0.0159373 0.0117745 0.999871 0.0109338 -0.00718663 -0.0371997 -0.0104889 0.999253 -0.0073607 0.0 0.0 0.0 1.0
heads/seq-02/color/frame-000069.color.png heads/seq-02/color/frame-000071.color.png 0.999979 -0.00528202 0.00371946 0.00171211 0.00524312 0.999932 0.0103894 -0.00449226 -0.00377409 -0.0103696 0.999939 -0.00646824 0.0 0.0 0.0 1.0
heads/seq-02/color/frame-000071.color.png heads/seq-02/color/frame-000073.color.png 0.999892 -0.00307023 -0.0143902 0.0311037 0.00313741 0.999984 0.00464883 0.00594895 0.0143757 -0.00469347 0.999886 0.00528695 0.0 0.0 0.0 1.0
heads/seq-02/color/frame-000073.color.png heads/seq-02/color/frame-000075.color.png 0.999976 -0.00625339 0.00311796 0.0188018 0.00622597 0.999943 0.008716 -0.00514904 -0.00317229 -0.00869637 0.999957 0.000478074 0.0 0.0 0.0 1.0
heads/seq-02/color/frame-000075.color.png heads/seq-02/color/frame-000077.color.png 0.999876 -0.00272292 0.01548 0.0104617 0.00269914 0.999995 0.00156007 -0.00377241 -0.0154842 -0.0015181 0.999879 0.0081214 0.0 0.0 0.0 1.0
heads/seq-02/color/frame-000077.color.png heads/seq-02/color/frame-000079.color.png 0.999419 -0.00556091 0.0336171 0.0191294 0.00585316 0.999946 -0.00860169 0.000403378 -0.0335674 0.00879345 0.999398 0.0123487 0.0 0.0 0.0 1.0
heads/seq-02/color/frame-000079.color.png heads/seq-02/color/frame-000081.color.png 0.999943 -0.00755661 0.00759326 0.0128905 0.00757384 0.999969 -0.00224526 -0.00035388 -0.00757605 0.00230265 0.999969 0.00569957 0.0 0.0 0.0 1.0
heads/seq-02/color/frame-000081.color.png heads/seq-02/color/frame-000083.color.png 0.999776 -0.0188092 0.00967034 0.0136331 0.0187597 0.99981 0.00519048 -0.0145757 -0.00976616 -0.00500791 0.99994 0.00348027 0.0 0.0 0.0 1.0
heads/seq-02/color/frame-000083.color.png heads/seq-02/color/frame-000085.color.png 0.999953 -0.00621144 0.00744451 0.0104828 0.00623871 0.999974 -0.00365187 -0.00345495 -0.00742158 0.00369814 0.999966 0.00373946 0.0 0.0 0.0 1.0
heads/seq-02/color/frame-000085.color.png heads/seq-02/color/frame-000087.color.png 0.999957 -0.00120753 0.00916071 0.00373811 0.00125106 0.999988 -0.00474355 -0.0023922 -0.00915491 0.00475481 0.999947 0.00520067 0.0 0.0 0.0 1.0
heads/seq-02/color/frame-000087.color.png heads/seq-02/color/frame-000089.color.png 0.999983 -0.00314985 -0.00492511 0.0117756 0.00309504 0.999934 -0.0110946 -0.00104778 0.0049597 0.0110791 0.999926 -0.00198491 0.0 0.0 0.0 1.0
heads/seq-02/color/frame-000089.color.png heads/seq-02/color/frame-000091.color.png 0.999984 -0.00564604 0.000341088 0.00879842 0.00564678 0.999981 -0.00229085 -0.00482044 -0.000328128 0.00229275 0.999997 0.000331983 0.0 0.0 0.0 1.0
heads/seq-02/color/frame-000091.color.png heads/seq-02/color/frame-000093.color.png 0.999946 -0.00931163 0.00466074 0.0185792 0.00933603 0.999943 -0.00523459 -0.00594937 -0.00461173 0.00527781 0.999975 -0.00372586 0.0 0.0 0.0 1.0
heads/seq-02/color/frame-000093.color.png heads/seq-02/color/frame-000095.color.png 0.999954 -0.00649981 0.00708507 0.00601661 0.00648376 0.999976 0.00228545 -0.00226053 -0.00709975 -0.00223941 0.999972 0.00347702 0.0 0.0 0.0 1.0
heads/seq-02/color/frame-000095.color.png heads/seq-02/color/frame-000097.color.png 0.999936 -0.00986161 0.00550412 0.00385088 0.00984762 0.999948 0.00255535 -0.00645704 -0.00552899 -0.00250098 0.999982 0.00264835 0.0 0.0 0.0 1.0
heads/seq-02/color/frame-000097.color.png heads/seq-02/color/frame-000099.color.png 0.999827 -0.017498 0.00632836 0.0151031 0.0175219 0.999839 -0.00374416 -0.0102546 -0.00626192 0.00385439 0.999973 -0.000523075 0.0 0.0 0.0 1.0
heads/seq-02/color/frame-000099.color.png heads/seq-02/color/frame-000101.color.png 0.999966 -0.00522957 0.00637314 0.00561962 0.00520331 0.999978 0.00411805 -0.00428275 -0.00639451 -0.00408473 0.999971 0.00195993 0.0 0.0 0.0 1.0
heads/seq-02/color/frame-000101.color.png heads/seq-02/color/frame-000103.color.png 0.999973 -0.00641573 0.00367826 0.0042938 0.00640822 0.999977 0.00206291 -0.00259087 -0.00369145 -0.00203929 0.999991 0.00113498 0.0 0.0 0.0 1.0
heads/seq-02/color/frame-000103.color.png heads/seq-02/color/frame-000105.color.png 0.99996 -0.00846272 -0.00280714 0.00289661 0.00847124 0.99996 0.00304405 -0.00327396 0.00278133 -0.0030677 0.999992 -0.00141667 0.0 0.0 0.0 1.0
heads/seq-02/color/frame-000105.color.png heads/seq-02/color/frame-000107.color.png 0.999956 -0.00637995 -0.00679716 0.00526029 0.00642117 0.999961 0.00606137 -0.00766291 0.0067582 -0.00610476 0.999958 -0.00465044 0.0 0.0 0.0 1.0
heads/seq-02/color/frame-000107.color.png heads/seq-02/color/frame-000109.color.png 0.999987 -0.00401117 0.00322379 0.0144462 0.00403637 0.999961 -0.0078469 -0.011445 -0.00319215 0.00785981 0.999964 -0.000490651 0.0 0.0 0.0 1.0
heads/seq-02/color/frame-000109.color.png heads/seq-02/color/frame-000111.color.png 0.999952 -0.00146497 0.00964401 0.000139058 0.00155229 0.999958 -0.00905143 -0.00373937 -0.0096304 0.00906596 0.999913 0.00209729 0.0 0.0 0.0 1.0
heads/seq-02/color/frame-000111.color.png heads/seq-02/color/frame-000113.color.png 0.999992 -0.0039361 0.00122389 0.00138301 0.00394609 0.999958 -0.0082324 -0.000926182 -0.00119145 0.00823716 0.999965 -0.00188199 0.0 0.0 0.0 1.0
heads/seq-02/color/frame-000113.color.png heads/seq-02/color/frame-000115.color.png 0.99974 -0.0108662 -0.0200469 -0.00251734 0.0108221 0.999939 -0.00230684 -0.00165056 0.0200708 0.0020893 0.999796 -0.00305356 0.0 0.0 0.0 1.0
heads/seq-02/color/frame-000115.color.png heads/seq-02/color/frame-000117.color.png 0.999719 -0.00864349 -0.0220807 -0.000994384 0.00865779 0.999962 0.000551463 -0.00554296 0.0220751 -0.00074249 0.999756 -0.0117379 0.0 0.0 0.0 1.0
heads/seq-02/color/frame-000117.color.png heads/seq-02/color/frame-000119.color.png 0.999693 -0.0109334 -0.0222204 -0.00237942 0.0109357 0.99994 -1.86694e-05 -0.00644416 0.0222193 -0.000224332 0.999753 -0.0107317 0.0 0.0 0.0 1.0
heads/seq-02/color/frame-000119.color.png heads/seq-02/color/frame-000121.color.png 0.99967 0.00364981 -0.0254188 0.00307965 -0.00348879 0.999974 0.00638102 -0.00671091 0.0254414 -0.00629024 0.999657 -0.0184959 0.0 0.0 0.0 1.0
heads/seq-02/color/frame-000121.color.png heads/seq-02/color/frame-000123.color.png 0.998597 0.0317289 -0.0424004 -0.000784397 -0.0319642 0.999477 -0.0048833 0.0208106 0.0422233 0.00623173 0.999089 -0.0246859 0.0 0.0 0.0 1.0
heads/seq-02/color/frame-000123.color.png heads/seq-02/color/frame-000125.color.png 0.999339 0.0260206 -0.0253787 0.00921923 -0.0255231 0.999479 0.019735 0.00920452 0.025879 -0.0190742 0.999483 -0.0186368 0.0 0.0 0.0 1.0
heads/seq-02/color/frame-000125.color.png heads/seq-02/color/frame-000127.color.png 0.999482 0.0259041 -0.0190913 -0.000242949 -0.0257602 0.999638 0.0077414 0.00883317 0.0192849 -0.0072456 0.999788 -0.0093255 0.0 0.0 0.0 1.0
heads/seq-02/color/frame-000127.color.png heads/seq-02/color/frame-000129.color.png 0.999491 0.02251 -0.0226174 0.00234222 -0.0225145 0.999746 5.30783e-05 0.0126351 0.0226129 0.000456178 0.999744 -0.0124184 0.0 0.0 0.0 1.0
heads/seq-02/color/frame-000129.color.png heads/seq-02/color/frame-000131.color.png 0.998479 0.038434 -0.0395205 0.0024069 -0.0385041 0.999258 -0.00101455 0.0177282 0.0394522 0.00253471 0.999218 -0.0155857 0.0 0.0 0.0 1.0
heads/seq-02/color/frame-000131.color.png heads/seq-02/color/frame-000133.color.png 0.999418 0.0219709 -0.0261117 -0.00204974 -0.0219511 0.999759 0.00104422 0.010384 0.0261284 -0.00047044 0.999659 -0.0154774 0.0 0.0 0.0 1.0
heads/seq-02/color/frame-000133.color.png heads/seq-02/color/frame-000135.color.png 0.996623 0.0353807 -0.0741034 0.00951701 -0.0363841 0.999263 -0.012234 0.0258109 0.0736159 0.0148889 0.997176 -0.0287787 0.0 0.0 0.0 1.0
heads/seq-02/color/frame-000135.color.png heads/seq-02/color/frame-000137.color.png 0.998743 0.0188831 -0.0464266 0.0149205 -0.0182294 0.999729 0.0144629 0.000795774 0.0466872 -0.0135984 0.998817 -0.0243359 0.0 0.0 0.0 1.0
heads/seq-02/color/frame-000137.color.png heads/seq-02/color/frame-000139.color.png 0.99717 0.0223161 -0.0717931 0.010588 -0.0228019 0.999722 -0.00595409 0.0110251 0.0716403 0.00757425 0.997402 -0.0280538 0.0 0.0 0.0 1.0
heads/seq-02/color/frame-000139.color.png heads/seq-02/color/frame-000141.color.png 0.99922 0.0135989 -0.0370801 0.00987238 -0.0137763 0.999895 -0.00453315 0.0116507 0.0370145 0.00504043 0.999302 -0.0121512 0.0 0.0 0.0 1.0
heads/seq-02/color/frame-000141.color.png heads/seq-02/color/frame-000143.color.png 0.998358 0.0203156 -0.0535566 0.0207149 -0.020811 0.999745 -0.00870889 0.00952585 0.0533661 0.00980917 0.998527 -0.0190138 0.0 0.0 0.0 1.0
heads/seq-02/color/frame-000143.color.png heads/seq-02/color/frame-000145.color.png 0.998667 0.00698596 -0.0511384 0.0184486 -0.00642058 0.999917 0.0112118 -0.00394319 0.0512126 -0.0108685 0.998629 -0.0190441 0.0 0.0 0.0 1.0
heads/seq-02/color/frame-000145.color.png heads/seq-02/color/frame-000147.color.png 0.999967 0.00278129 -0.00768738 0.00426346 -0.00279993 0.999993 -0.00241485 0.00237168 0.00768063 0.00243631 0.999968 0.000934459 0.0 0.0 0.0 1.0
heads/seq-02/color/frame-000147.color.png heads/seq-02/color/frame-000149.color.png 0.999919 0.0126604 0.00117454 0.00383294 -0.0126695 0.999887 0.00811218 0.00554593 -0.00107168 -0.0081264 0.999966 0.0039113 0.0 0.0 0.0 1.0
heads/seq-02/color/frame-000149.color.png heads/seq-02/color/frame-000151.color.png 0.999191 0.0286171 -0.0282455 0.0138457 -0.0285462 0.999588 0.0029093 0.0151169 0.028317 -0.00210065 0.999597 -0.0108758 0.0 0.0 0.0 1.0
heads/seq-02/color/frame-000151.color.png heads/seq-02/color/frame-000153.color.png 0.999256 0.0247605 -0.0295665 0.012112 -0.0250901 0.999626 -0.01083 0.0187453 0.0292873 0.0115638 0.999504 -0.013077 0.0 0.0 0.0 1.0
heads/seq-02/color/frame-000153.color.png heads/seq-02/color/frame-000155.color.png 0.999946 0.0104264 0.000584567 0.00714654 -0.0104276 0.999944 0.00208281 0.00365557 -0.000562844 -0.0020888 0.999998 0.00429908 0.0 0.0 0.0 1.0
heads/seq-02/color/frame-000155.color.png heads/seq-02/color/frame-000157.color.png 0.999948 0.0101851 0.000541737 0.0139916 -0.0101896 0.999908 0.00893176 -0.00144964 -0.000450772 -0.0089368 0.99996 -0.000844255 0.0 0.0 0.0 1.0
heads/seq-02/color/frame-000157.color.png heads/seq-02/color/frame-000159.color.png 0.999944 0.00861747 -0.00614053 0.0141603 -0.00853116 0.999866 0.0139466 -0.00499576 0.00625993 -0.0138934 0.999884 -0.00993776 0.0 0.0 0.0 1.0
heads/seq-02/color/frame-000159.color.png heads/seq-02/color/frame-000161.color.png 0.999436 0.0315937 0.0113725 0.026674 -0.0318432 0.99924 0.0224672 0.00980853 -0.010654 -0.0228167 0.999683 -0.000415288 0.0 0.0 0.0 1.0
heads/seq-02/color/frame-000161.color.png heads/seq-02/color/frame-000163.color.png 0.999392 0.0239474 0.0253501 0.0120783 -0.0244114 0.999537 0.0181522 0.00458698 -0.0249038 -0.0187599 0.999514 0.00681141 0.0 0.0 0.0 1.0
heads/seq-02/color/frame-000163.color.png heads/seq-02/color/frame-000165.color.png 0.999861 0.0149011 0.00753709 0.00957233 -0.0150633 0.999646 0.0219431 0.000636965 -0.00720748 -0.0220536 0.999731 -0.00536165 0.0 0.0 0.0 1.0
heads/seq-02/color/frame-000165.color.png heads/seq-02/color/frame-000167.color.png 0.999371 0.00491811 -0.0351188 0.0442103 -0.00411702 0.99973 0.0228482 -0.00821988 0.0352216 -0.0226892 0.999122 -0.018966 0.0 0.0 0.0 1.0
heads/seq-02/color/frame-000167.color.png heads/seq-02/color/frame-000169.color.png 0.999232 -0.0105825 0.0377305 -0.000701189 0.0097364 0.999699 0.0225399 -0.0211049 -0.0379576 -0.0221553 0.999034 0.0214965 0.0 0.0 0.0 1.0
heads/seq-02/color/frame-000169.color.png heads/seq-02/color/frame-000171.color.png 0.999405 -0.0294299 0.0179806 -0.00491619 0.0289918 0.999288 0.0241604 -0.0319519 -0.0186788 -0.0236247 0.999546 0.00700559 0.0 0.0 0.0 1.0
heads/seq-02/color/frame-000171.color.png heads/seq-02/color/frame-000173.color.png 0.999483 -0.00764989 0.0312363 0.00215709 0.00735011 0.999926 0.0096997 -0.00444193 -0.0313083 -0.00946502 0.999465 0.0221949 0.0 0.0 0.0 1.0
heads/seq-02/color/frame-000173.color.png heads/seq-02/color/frame-000175.color.png 0.998572 -0.0140253 0.0515503 -0.0105237 0.0130758 0.999739 0.0187115 -0.0181962 -0.0517993 -0.0180107 0.998495 0.028012 0.0 0.0 0.0 1.0
heads/seq-02/color/frame-000175.color.png heads/seq-02/color/frame-000177.color.png 0.999167 0.00638517 0.0403083 -0.0240922 -0.00763752 0.99949 0.0309921 -0.0148553 -0.0400898 -0.0312742 0.998707 0.0210675 0.0 0.0 0.0 1.0
heads/seq-02/color/frame-000177.color.png heads/seq-02/color/frame-000179.color.png 0.999865 -0.0149954 0.00679608 -0.00227982 0.0147959 0.999484 0.0285032 -0.019681 -0.00721998 -0.0283988 0.99957 0.0025698 0.0 0.0 0.0 1.0
heads/seq-02/color/frame-000179.color.png heads/seq-02/color/frame-000181.color.png 0.999907 -0.00999317 0.00925833 -0.00397104 0.00989991 0.9999 0.0100649 -0.00995201 -0.00935809 -0.00997219 0.999907 0.00713158 0.0 0.0 0.0 1.0
heads/seq-02/color/frame-000181.color.png heads/seq-02/color/frame-000183.color.png 0.998929 -0.0160786 0.0433933 -0.0324292 0.0148106 0.999458 0.0293858 -0.030313 -0.0438422 -0.0287117 0.998626 0.0277344 0.0 0.0 0.0 1.0
heads/seq-02/color/frame-000183.color.png heads/seq-02/color/frame-000185.color.png 0.999409 -0.0288435 0.0186999 -0.0129716 0.0286166 0.999515 0.0122883 -0.0244743 -0.0190453 -0.0117459 0.99975 0.0140582 0.0 0.0 0.0 1.0
heads/seq-02/color/frame-000185.color.png heads/seq-02/color/frame-000187.color.png 0.999726 -0.0159738 0.0171111 -0.0115501 0.0157671 0.999802 0.0121508 -0.0192801 -0.0173017 -0.0118777 0.99978 0.00881907 0.0 0.0 0.0 1.0
heads/seq-02/color/frame-000187.color.png heads/seq-02/color/frame-000189.color.png 0.999537 -0.0213058 0.0217323 -0.0163962 0.0207641 0.999475 0.0248549 -0.0193034 -0.0222505 -0.0243922 0.999455 0.0087522 0.0 0.0 0.0 1.0
heads/seq-02/color/frame-000189.color.png heads/seq-02/color/frame-000191.color.png 0.999516 -0.0133395 0.0281056 -0.014617 0.0125914 0.999566 0.0266281 -0.0154009 -0.0284486 -0.0262614 0.99925 0.0103157 0.0 0.0 0.0 1.0
heads/seq-02/color/frame-000191.color.png heads/seq-02/color/frame-000193.color.png 0.999008 -0.0153985 0.0417766 -0.0230085 0.0140755 0.999396 0.0317811 -0.02161 -0.0422407 -0.0311615 0.998621 0.014052 0.0 0.0 0.0 1.0
heads/seq-02/color/frame-000193.color.png heads/seq-02/color/frame-000195.color.png 0.999847 -0.0116214 0.0130752 -0.00958806 0.0113891 0.999778 0.0177049 -0.0193764 -0.0132781 -0.0175533 0.999758 0.00410262 0.0 0.0 0.0 1.0
heads/seq-02/color/frame-000195.color.png heads/seq-02/color/frame-000197.color.png 0.999723 -0.010367 0.0211389 -0.0150841 0.0102077 0.999919 0.00763019 -0.00877744 -0.0212163 -0.00741218 0.999748 0.00447275 0.0 0.0 0.0 1.0
heads/seq-02/color/frame-000197.color.png heads/seq-02/color/frame-000199.color.png 0.998878 0.00699274 0.0468276 -0.0318806 -0.00852854 0.99943 0.0326777 -0.0378454 -0.0465724 -0.0330405 0.998368 0.0226523 0.0 0.0 0.0 1.0
heads/seq-02/color/frame-000199.color.png heads/seq-02/color/frame-000201.color.png 0.998651 -0.0234877 0.0463115 -0.0240982 0.0239435 0.99967 -0.00931044 -0.022422 -0.0460775 0.0104067 0.998884 0.0195977 0.0 0.0 0.0 1.0
heads/seq-02/color/frame-000201.color.png heads/seq-02/color/frame-000203.color.png 0.999286 -0.0138125 0.0351629 -0.0242395 0.0134189 0.999845 0.0114034 -0.0105998 -0.0353149 -0.0109233 0.999317 0.00935179 0.0 0.0 0.0 1.0
heads/seq-02/color/frame-000203.color.png heads/seq-02/color/frame-000205.color.png 0.998956 -0.00943043 0.0446999 -0.0338065 0.00946475 0.999955 -0.000555909 -0.00114718 -0.0446926 0.000978537 0.999 0.0163301 0.0 0.0 0.0 1.0
heads/seq-02/color/frame-000205.color.png heads/seq-02/color/frame-000207.color.png 0.999129 -0.00839657 0.0408782 -0.043124 0.00815266 0.999948 0.00613087 0.0023995 -0.0409275 -0.00579243 0.999145 0.0278404 0.0 0.0 0.0 1.0
heads/seq-02/color/frame-000207.color.png heads/seq-02/color/frame-000209.color.png 0.999524 -0.0262086 0.0162481 -0.0242707 0.0262145 0.999656 -0.000156876 -0.0129131 -0.0162384 0.000582754 0.999868 0.0114327 0.0 0.0 0.0 1.0
heads/seq-02/color/frame-000209.color.png heads/seq-02/color/frame-000211.color.png 0.999434 -0.0119948 0.0314301 -0.0183235 0.0123241 0.999871 -0.0103016 0.0028123 -0.0313025 0.0106832 0.999453 0.0230416 0.0 0.0 0.0 1.0
heads/seq-02/color/frame-000211.color.png heads/seq-02/color/frame-000213.color.png 0.998922 -0.0127885 0.0446315 -0.0210909 0.013224 0.999868 -0.00947594 -0.000662923 -0.0445044 0.0100559 0.998959 0.024728 0.0 0.0 0.0 1.0
heads/seq-02/color/frame-000213.color.png heads/seq-02/color/frame-000215.color.png 0.998491 -0.00484317 0.0547085 -0.0248217 0.00581827 0.999827 -0.0176789 0.00660661 -0.0546135 0.0179704 0.998346 0.037277 0.0 0.0 0.0 1.0
heads/seq-02/color/frame-000215.color.png heads/seq-02/color/frame-000217.color.png 0.998673 -0.0311524 0.0410117 -0.0321492 0.0326065 0.998845 -0.0352774 -0.00607488 -0.0398654 0.036568 0.998536 0.0375346 0.0 0.0 0.0 1.0
heads/seq-02/color/frame-000217.color.png heads/seq-02/color/frame-000219.color.png 0.998861 -0.0193769 0.0436112 -0.0342502 0.021684 0.998356 -0.0530666 0.00263152 -0.0425112 0.0539517 0.997638 0.0358908 0.0 0.0 0.0 1.0
heads/seq-02/color/frame-000219.color.png heads/seq-02/color/frame-000221.color.png 0.999801 0.00795574 0.0182992 -0.019984 -0.00774383 0.999902 -0.0116231 0.0217354 -0.0183899 0.0114792 0.999765 0.011628 0.0 0.0 0.0 1.0
heads/seq-02/color/frame-000221.color.png heads/seq-02/color/frame-000223.color.png 0.999789 -0.00606627 0.0196392 -0.0016416 0.0061825 0.999964 -0.00586345 0.00735319 -0.0196029 0.00598365 0.99979 0.0131936 0.0 0.0 0.0 1.0
heads/seq-02/color/frame-000223.color.png heads/seq-02/color/frame-000225.color.png 0.998529 0.0205717 0.0501569 -0.0117649 -0.0197443 0.999662 -0.0169391 0.0211041 -0.0504884 0.0159239 0.998598 0.026395 0.0 0.0 0.0 1.0
heads/seq-02/color/frame-000225.color.png heads/seq-02/color/frame-000227.color.png 0.998829 0.0189755 0.0444998 0.0060288 -0.019058 0.999817 0.0014298 0.0135565 -0.0444646 -0.00227623 0.999008 0.00979163 0.0 0.0 0.0 1.0
heads/seq-02/color/frame-000227.color.png heads/seq-02/color/frame-000229.color.png 0.998705 -0.00057358 0.0508669 -0.00128636 0.00109817 0.999946 -0.0102823 0.00281769 -0.0508583 0.0103249 0.998652 0.0207095 0.0 0.0 0.0 1.0
heads/seq-02/color/frame-000229.color.png heads/seq-02/color/frame-000231.color.png 0.999371 0.00897622 0.0342997 -0.017976 -0.00809402 0.999635 -0.025777 0.0198757 -0.0345186 0.0254832 0.999079 0.0265507 0.0 0.0 0.0 1.0
heads/seq-02/color/frame-000231.color.png heads/seq-02/color/frame-000233.color.png 0.999995 -0.000733713 0.00318435 -0.00597441 0.000746646 0.999992 -0.00401768 0.0164053 -0.00318143 0.00402001 0.999987 0.0133389 0.0 0.0 0.0 1.0
heads/seq-02/color/frame-000233.color.png heads/seq-02/color/frame-000235.color.png 0.999554 0.0104084 0.0279971 0.00963449 -0.0104873 0.999941 0.00266821 0.00763378 -0.0279676 -0.00296056 0.999605 0.0263025 0.0 0.0 0.0 1.0
heads/seq-02/color/frame-000235.color.png heads/seq-02/color/frame-000237.color.png 0.997854 0.0161712 0.0634481 -0.0041347 -0.0126593 0.998386 -0.0553671 0.0180603 -0.0642411 0.0544451 0.996448 0.0402499 0.0 0.0 0.0 1.0
heads/seq-02/color/frame-000237.color.png heads/seq-02/color/frame-000239.color.png 0.999244 0.0237272 0.0307977 -0.0323393 -0.0233822 0.99966 -0.0115091 0.0318665 -0.0310603 0.0107802 0.99946 0.0344446 0.0 0.0 0.0 1.0
heads/seq-02/color/frame-000239.color.png heads/seq-02/color/frame-000241.color.png 0.999989 0.00302643 0.00360087 -0.00896023 -0.00310959 0.999723 0.0233181 0.00452001 -0.00352933 -0.0233291 0.999722 0.0131749 0.0 0.0 0.0 1.0
heads/seq-02/color/frame-000241.color.png heads/seq-02/color/frame-000243.color.png 0.99998 0.000993402 -0.0062696 0.00939675 -0.00103421 0.999978 -0.00650468 0.00794792 0.00626295 0.00651104 0.999959 0.0162713 0.0 0.0 0.0 1.0
heads/seq-02/color/frame-000243.color.png heads/seq-02/color/frame-000245.color.png 0.999823 0.0185278 -0.003387 -0.00861207 -0.0185317 0.999828 -0.00112294 0.0142532 0.00336573 0.00118554 0.999994 0.0150372 0.0 0.0 0.0 1.0
heads/seq-02/color/frame-000245.color.png heads/seq-02/color/frame-000247.color.png 0.999824 0.0092183 -0.0163176 -0.00376989 -0.0092261 0.999957 -0.000406498 0.00363319 0.0163131 0.000557017 0.999867 0.00555689 0.0 0.0 0.0 1.0
heads/seq-02/color/frame-000247.color.png heads/seq-02/color/frame-000249.color.png 0.99987 0.00968342 -0.0128726 -0.000992924 -0.00970876 0.999951 -0.00190525 0.0179662 0.0128535 0.00202996 0.999915 0.017706 0.0 0.0 0.0 1.0
heads/seq-02/color/frame-000249.color.png heads/seq-02/color/frame-000251.color.png 0.999591 0.0260636 -0.0118047 -0.00582299 -0.0261093 0.999652 -0.00373601 0.0180821 0.0117032 0.00404269 0.999923 0.014348 0.0 0.0 0.0 1.0
heads/seq-02/color/frame-000251.color.png heads/seq-02/color/frame-000253.color.png 0.999624 0.0165592 -0.0218579 -0.0240627 -0.0165883 0.999862 -0.00115147 0.0118858 0.0218357 0.00151361 0.99976 0.0208912 0.0 0.0 0.0 1.0
heads/seq-02/color/frame-000253.color.png heads/seq-02/color/frame-000255.color.png 0.999232 0.0209312 -0.0331167 0.000651106 -0.0208068 0.999775 0.00409663 -0.00601886 0.0331951 -0.00340442 0.999443 0.00239478 0.0 0.0 0.0 1.0
heads/seq-02/color/frame-000255.color.png heads/seq-02/color/frame-000257.color.png 0.99649 0.0661765 -0.0512743 0.00756164 -0.0672531 0.997544 -0.0195611 0.0132379 0.0498537 0.0229408 0.998493 0.00482181 0.0 0.0 0.0 1.0
heads/seq-02/color/frame-000257.color.png heads/seq-02/color/frame-000259.color.png 0.999124 0.0406149 -0.010062 0.00276126 -0.0406016 0.999174 0.00151603 0.000861704 0.0101154 -0.00110613 0.999948 0.00257637 0.0 0.0 0.0 1.0
heads/seq-02/color/frame-000259.color.png heads/seq-02/color/frame-000261.color.png 0.998003 0.0624777 -0.0093134 0.00322206 -0.0624778 0.998046 0.000282142 0.00736502 0.00931279 0.000300278 0.999956 0.00231343 0.0 0.0 0.0 1.0
heads/seq-02/color/frame-000261.color.png heads/seq-02/color/frame-000263.color.png 0.999591 0.0265181 0.0107559 -0.0141906 -0.0265951 0.999621 0.00707715 0.000678852 -0.0105642 -0.00736033 0.999917 0.00408064 0.0 0.0 0.0 1.0
heads/seq-02/color/frame-000263.color.png heads/seq-02/color/frame-000265.color.png 0.99991 0.00705266 -0.0113864 -0.00446865 -0.00701182 0.999969 0.00362345 -0.011492 0.0114116 -0.00354327 0.999929 0.00911977 0.0 0.0 0.0 1.0
heads/seq-02/color/frame-000265.color.png heads/seq-02/color/frame-000267.color.png 0.999974 0.00138031 -0.00706555 -0.0049992 -0.00151904 0.999805 -0.0196704 0.00683188 0.00703711 0.0196806 0.999782 0.00287878 0.0 0.0 0.0 1.0
heads/seq-02/color/frame-000267.color.png heads/seq-02/color/frame-000269.color.png 0.999663 0.0124521 -0.0227899 -0.00333927 -0.0125107 0.999919 -0.00242944 -0.00926884 0.0227578 0.00271373 0.999737 0.00851909 0.0 0.0 0.0 1.0
heads/seq-02/color/frame-000269.color.png heads/seq-02/color/frame-000271.color.png 0.999688 0.024398 -0.00531302 -0.001856 -0.024447 0.999657 -0.00936672 0.00554436 0.00508274 0.00949369 0.999942 0.00831126 0.0 0.0 0.0 1.0
heads/seq-02/color/frame-000271.color.png heads/seq-02/color/frame-000273.color.png 0.999304 0.0186633 -0.03231 0.00556988 -0.0197452 0.999244 -0.0334963 0.0153763 0.0316604 0.0341109 0.998916 -6.95884e-05 0.0 0.0 0.0 1.0
heads/seq-02/color/frame-000273.color.png heads/seq-02/color/frame-000275.color.png 0.999713 0.0121916 -0.020625 -0.00378625 -0.0126709 0.999649 -0.0232722 0.0112047 0.020334 0.0235269 0.999516 0.00641519 0.0 0.0 0.0 1.0
heads/seq-02/color/frame-000275.color.png heads/seq-02/color/frame-000277.color.png 0.999111 0.0294033 -0.0302188 -0.00940202 -0.0292726 0.99956 0.00475597 -0.0134196 0.0303454 -0.00386715 0.999532 0.0111727 0.0 0.0 0.0 1.0
heads/seq-02/color/frame-000277.color.png heads/seq-02/color/frame-000279.color.png 0.999666 0.010866 -0.0234503 0.00211843 -0.0106699 0.999907 0.0084708 -0.0105242 0.0235402 -0.00821776 0.999689 -0.00860004 0.0 0.0 0.0 1.0
heads/seq-02/color/frame-000279.color.png heads/seq-02/color/frame-000281.color.png 0.99968 0.0153862 -0.0200886 -0.00996583 -0.0153143 0.999876 0.00372737 -0.00865519 0.0201434 -0.00341853 0.999791 0.00278063 0.0 0.0 0.0 1.0
heads/seq-02/color/frame-000281.color.png heads/seq-02/color/frame-000283.color.png 0.999778 0.00465039 -0.0205317 0.00023964 -0.0047406 0.999979 -0.00434658 0.0026103 0.020511 0.00444295 0.99978 -0.00399245 0.0 0.0 0.0 1.0
heads/seq-02/color/frame-000283.color.png heads/seq-02/color/frame-000285.color.png 0.999126 0.00695127 -0.0412245 0.00325528 -0.00692867 0.999976 0.000690894 0.000364125 0.0412283 -0.000404656 0.99915 -0.000951514 0.0 0.0 0.0 1.0
heads/seq-02/color/frame-000285.color.png heads/seq-02/color/frame-000287.color.png 0.999839 0.00286463 -0.0177292 -0.00356528 -0.00282935 0.999994 0.00201497 -0.000212952 0.0177348 -0.00196448 0.999841 -0.00161248 0.0 0.0 0.0 1.0
heads/seq-02/color/frame-000287.color.png heads/seq-02/color/frame-000289.color.png 0.999469 0.000617077 -0.0325883 0.00724756 -0.000596422 1.0 0.000643645 0.00037615 0.0325887 -0.000623868 0.999469 -0.00629556 0.0 0.0 0.0 1.0
heads/seq-02/color/frame-000289.color.png heads/seq-02/color/frame-000291.color.png 0.999741 0.00465113 -0.0222927 -0.0104994 -0.00439801 0.999926 0.0113896 -0.00311883 0.022344 -0.0112886 0.999687 0.000332355 0.0 0.0 0.0 1.0
heads/seq-02/color/frame-000291.color.png heads/seq-02/color/frame-000293.color.png 0.999884 0.00386399 -0.0147258 0.000151066 -0.00380677 0.999985 0.00391134 0.000667915 0.0147407 -0.00385483 0.999884 -0.00244898 0.0 0.0 0.0 1.0
heads/seq-02/color/frame-000293.color.png heads/seq-02/color/frame-000295.color.png 0.999842 0.00662509 -0.0164684 0.0023242 -0.00660094 0.999977 0.00151981 0.00165594 0.0164781 -0.00141086 0.999863 -0.00146037 0.0 0.0 0.0 1.0
heads/seq-02/color/frame-000295.color.png heads/seq-02/color/frame-000297.color.png 0.999632 0.0118975 -0.0243816 -0.00300732 -0.0119943 0.999921 -0.00382823 0.00472122 0.0243341 0.00411926 0.999695 -0.00571512 0.0 0.0 0.0 1.0
heads/seq-02/color/frame-000297.color.png heads/seq-02/color/frame-000299.color.png 0.999966 0.00172201 -0.00800902 -0.00424755 -0.00164148 0.999948 0.0100501 -0.00594398 0.00802591 -0.0100366 0.999917 -0.00371237 0.0 0.0 0.0 1.0
heads/seq-02/color/frame-000299.color.png heads/seq-02/color/frame-000301.color.png 0.999808 0.00330419 -0.0193291 0.00431099 -0.00338159 0.999986 -0.003973 0.0075312 0.0193157 0.0040376 0.999805 -0.00556923 0.0 0.0 0.0 1.0
heads/seq-02/color/frame-000301.color.png heads/seq-02/color/frame-000303.color.png 0.999962 0.00862247 -0.00139597 -0.00800877 -0.00862517 0.999961 -0.00193205 0.00412016 0.00137925 0.00194401 0.999997 -0.00208846 0.0 0.0 0.0 1.0
heads/seq-02/color/frame-000303.color.png heads/seq-02/color/frame-000305.color.png 0.999674 0.0116162 -0.0227147 -0.0011682 -0.0114529 0.999908 0.00730278 -0.0013278 0.0227975 -0.00704026 0.999715 -0.0131879 0.0 0.0 0.0 1.0
heads/seq-02/color/frame-000305.color.png heads/seq-02/color/frame-000307.color.png 0.999908 0.0125149 0.00529245 -0.0154041 -0.0125153 0.999922 4.20213e-05 0.0059502 -0.00529151 -0.000108253 0.999986 0.00344533 0.0 0.0 0.0 1.0
heads/seq-02/color/frame-000307.color.png heads/seq-02/color/frame-000309.color.png 0.999841 0.00889063 -0.0154485 0.0040931 -0.00893813 0.999956 -0.00300845 0.00327292 0.015421 0.00314605 0.999876 -0.00549247 0.0 0.0 0.0 1.0
heads/seq-02/color/frame-000309.color.png heads/seq-02/color/frame-000311.color.png 0.999936 0.00552118 -0.00990079 -0.00209588 -0.00557711 0.999968 -0.0056287 0.00477111 0.0098694 0.00568356 0.999935 -0.00711067 0.0 0.0 0.0 1.0
heads/seq-02/color/frame-000311.color.png heads/seq-02/color/frame-000313.color.png 0.999893 0.00275283 -0.0144068 -0.00129301 -0.00285159 0.999973 -0.0068375 0.00596893 0.0143876 0.00687785 0.999873 -0.00381622 0.0 0.0 0.0 1.0
heads/seq-02/color/frame-000313.color.png heads/seq-02/color/frame-000315.color.png 0.999428 0.00895259 -0.0326124 -0.00840997 -0.00821931 0.999712 0.0225488 -0.012754 0.0328049 -0.0222678 0.999214 -0.00464811 0.0 0.0 0.0 1.0
heads/seq-02/color/frame-000315.color.png heads/seq-02/color/frame-000317.color.png 0.99992 0.00497828 -0.011609 -0.00750542 -0.00491675 0.999974 0.00532493 -0.00203092 0.0116352 -0.00526743 0.999918 -0.00614913 0.0 0.0 0.0 1.0
heads/seq-02/color/frame-000317.color.png heads/seq-02/color/frame-000319.color.png 0.999805 0.0038641 -0.0193615 -0.000480756 -0.00378536 0.999984 0.00410143 0.00181751 0.0193771 -0.00402733 0.999804 -0.00403711 0.0 0.0 0.0 1.0
heads/seq-02/color/frame-000319.color.png heads/seq-02/color/frame-000321.color.png 0.999926 0.00811725 -0.00908278 -0.00855871 -0.00809721 0.999965 0.00223915 0.00366427 0.00910064 -0.00216544 0.999956 -0.00416961 0.0 0.0 0.0 1.0
heads/seq-02/color/frame-000321.color.png heads/seq-02/color/frame-000323.color.png 0.999363 0.0181206 -0.0307367 -0.00618834 -0.0177061 0.999749 0.0137061 -0.00182529 0.0309773 -0.0131531 0.999434 -0.00733855 0.0 0.0 0.0 1.0
heads/seq-02/color/frame-000323.color.png heads/seq-02/color/frame-000325.color.png 0.999996 0.00224246 0.00165149 -0.0171256 -0.0022425 0.999997 4.68591e-05 0.0053502 -0.00165138 -5.05646e-05 0.999999 -0.00224208 0.0 0.0 0.0 1.0
heads/seq-02/color/frame-000325.color.png heads/seq-02/color/frame-000327.color.png 0.999148 0.00175227 0.0412366 -0.052715 -0.00281403 0.999666 0.0257043 -0.011882 -0.0411777 -0.0257984 0.998819 -0.00585992 0.0 0.0 0.0 1.0
heads/seq-02/color/frame-000327.color.png heads/seq-02/color/frame-000329.color.png 0.999631 0.0129509 -0.0238887 -0.0127455 -0.0126709 0.99985 0.0118348 0.00347963 0.0240383 -0.0115278 0.999645 -0.00498637 0.0 0.0 0.0 1.0
heads/seq-02/color/frame-000329.color.png heads/seq-02/color/frame-000331.color.png 0.999944 0.00458643 -0.00956814 -0.00596769 -0.00450393 0.999953 0.00862807 -0.000108108 0.00960723 -0.00858449 0.999917 -0.00638023 0.0 0.0 0.0 1.0
heads/seq-02/color/frame-000331.color.png heads/seq-02/color/frame-000333.color.png 0.999752 0.0133788 -0.0177913 -0.0153536 -0.0131689 0.999843 0.0118584 0.00383024 0.0179472 -0.0116212 0.999771 -0.00469651 0.0 0.0 0.0 1.0
heads/seq-02/color/frame-000333.color.png heads/seq-02/color/frame-000335.color.png 0.999974 -0.000453937 -0.00721272 -0.00600967 0.000440445 0.999998 -0.00187526 0.00836551 0.00721355 0.00187201 0.999972 -0.00180826 0.0 0.0 0.0 1.0
heads/seq-02/color/frame-000335.color.png heads/seq-02/color/frame-000337.color.png 0.999767 0.0171358 0.0131481 -0.035042 -0.017515 0.999417 0.0292905 -0.00912048 -0.0126385 -0.0295139 0.999485 -0.00425552 0.0 0.0 0.0 1.0
heads/seq-02/color/frame-000337.color.png heads/seq-02/color/frame-000339.color.png 0.999978 0.000389051 -0.00664992 -0.00903794 -0.000359985 0.99999 0.00437299 0.00415771 0.00665156 -0.00437054 0.999968 -0.00394668 0.0 0.0 0.0 1.0
heads/seq-02/color/frame-000339.color.png heads/seq-02/color/frame-000341.color.png 0.999976 -0.000552063 -0.00685095 -0.0104735 0.000614123 0.999959 0.00905279 0.0024119 0.00684568 -0.00905679 0.999935 -0.00460182 0.0 0.0 0.0 1.0
heads/seq-02/color/frame-000341.color.png heads/seq-02/color/frame-000343.color.png 0.999741 -0.00302513 -0.0225749 -0.0158255 0.00333256 0.999902 0.0135942 0.00988846 0.0225315 -0.0136659 0.999653 -0.00356501 0.0 0.0 0.0 1.0
heads/seq-02/color/frame-000343.color.png heads/seq-02/color/frame-000345.color.png 0.999968 0.00180319 -0.00781548 -0.00708479 -0.00178697 0.999996 0.0020836 0.00491281 0.0078192 -0.00206956 0.999967 -0.00195057 0.0 0.0 0.0 1.0
heads/seq-02/color/frame-000345.color.png heads/seq-02/color/frame-000347.color.png 0.999993 0.00357924 -0.00119608 -0.0198361 -0.003563 0.999905 0.013318 0.00385775 0.00124364 -0.0133137 0.999911 -0.00694601 0.0 0.0 0.0 1.0
heads/seq-02/color/frame-000347.color.png heads/seq-02/color/frame-000349.color.png 1.0 -0.000689937 0.000302759 -0.00969777 0.000688346 0.999985 0.00539758 0.00318148 -0.000306467 -0.00539733 0.999985 -0.00575866 0.0 0.0 0.0 1.0
heads/seq-02/color/frame-000349.color.png heads/seq-02/color/frame-000351.color.png 0.999733 -0.0150163 -0.0175804 -0.00741848 0.0152808 0.999771 0.0150079 0.0107151 0.017351 -0.0152726 0.999733 -0.00503226 0.0 0.0 0.0 1.0
heads/seq-02/color/frame-000351.color.png heads/seq-02/color/frame-000353.color.png 0.999999 0.00103885 -0.000518462 -0.00474599 -0.00103527 0.999977 0.00677576 0.00215797 0.000525452 -0.00677522 0.999977 -0.00344303 0.0 0.0 0.0 1.0
heads/seq-02/color/frame-000353.color.png heads/seq-02/color/frame-000355.color.png 0.999939 0.00434033 0.0101319 -0.0182642 -0.00440684 0.999969 0.00654561 0.00727204 -0.0101032 -0.00658992 0.999927 -0.0146449 0.0 0.0 0.0 1.0
