heads/seq-02/color/frame-000001.color.png heads/seq-02/color/frame-000004.color.png 0.999999 -0.000984482 0.00142442 0.00248607 0.000991109 0.999989 -0.00465991 -0.00231348 -0.00141982 0.00466132 0.999988 -0.00420291 0.0 0.0 0.0 1.0
heads/seq-02/color/frame-000004.color.png heads/seq-02/color/frame-000007.color.png 0.999787 0.0128205 0.0161584 -0.00114453 -0.0126785 0.99988 -0.0088622 -0.00749345 -0.0162701 0.00865545 0.99983 -0.00443982 0.0 0.0 0.0 1.0
heads/seq-02/color/frame-000007.color.png heads/seq-02/color/frame-000010.color.png 0.999972 0.00361193 -0.00657642 0.0028208 -0.00377011 0.9997 -0.0242006 4.00376e-05 0.00648703 0.0242247 0.999686 -0.00536087 0.0 0.0 0.0 1.0
heads/seq-02/color/frame-000010.color.png heads/seq-02/color/frame-000013.color.png 0.999899 0.00495468 0.0133133 0.000385694 -0.00482953 0.999944 -0.00941651 -0.00265311 -0.0133592 0.00935128 0.999867 -0.0033689 0.0 0.0 0.0 1.0
heads/seq-02/color/frame-000013.color.png heads/seq-02/color/frame-000016.color.png 0.999649 -0.0262408 -0.0035149 -0.00228697 0.0262343 0.999654 -0.00186448 -0.00492444 0.0035626 0.00177163 0.999992 -0.00362229 0.0 0.0 0.0 1.0
heads/seq-02/color/frame-000016.color.png heads/seq-02/color/frame-000019.color.png 0.999858 -0.0141198 -0.00923189 0.00637946 0.0140258 0.99985 -0.0101709 -0.00184774 0.00937411 0.01004 0.999906 -0.00872426 0.0 0.0 0.0 1.0
heads/seq-02/color/frame-000019.color.png heads/seq-02/color/frame-000022.color.png 0.999939 -0.0110335 -0.000677019 0.00212487 0.0110306 0.99993 -0.0041796 -0.00211487 0.00072309 0.00417187 0.999991 -0.00923524 0.0 0.0 0.0 1.0
heads/seq-02/color/frame-000022.color.png heads/seq-02/color/frame-000025.color.png 0.999977 -0.00521127 -0.00425683 0.00202192 0.0052098 0.999986 -0.000358395 0.000756014 0.00425864 0.000336204 0.999991 -0.00635896 0.0 0.0 0.0 1.0
heads/seq-02/color/frame-000025.color.png heads/seq-02/color/frame-000028.color.png 0.999774 -0.0135256 -0.0163969 0.00321711 0.0135714 0.999904 0.00268572 -0.00585325 0.016359 -0.00290764 0.999862 -0.0148231 0.0 0.0 0.0 1.0
heads/seq-02/color/frame-000028.color.png heads/seq-02/color/frame-000031.color.png 0.999745 0.00284253 -0.0223875 0.0114916 -0.00253089 0.9999 0.0139363 -0.00443377 0.0224249 -0.0138761 0.999652 -0.0113182 0.0 0.0 0.0 1.0
heads/seq-02/color/frame-000031.color.png heads/seq-02/color/frame-000034.color.png 0.999963 -0.00201012 -0.00836359 0.00791493 0.00205217 0.999985 0.0050202 0.00363603 0.00835337 -0.00503718 0.999952 -0.0102463 0.0 0.0 0.0 1.0
heads/seq-02/color/frame-000034.color.png heads/seq-02/color/frame-000037.color.png 0.999861 -0.00757493 -0.0148501 0.0109565 0.00787017 0.99977 0.0199252 -0.00986506 0.0146958 -0.0200393 0.999691 -0.00896437 0.0 0.0 0.0 1.0
heads/seq-02/color/frame-000037.color.png heads/seq-02/color/frame-000040.color.png 0.99995 0.00672944 -0.00736592 0.0165065 -0.00676164 0.999968 -0.00435627 0.00395999 0.00733638 0.00440586 0.999963 -0.0110913 0.0 0.0 0.0 1.0
heads/seq-02/color/frame-000040.color.png heads/seq-02/color/frame-000043.color.png 0.999823 0.0117781 0.0146734 0.020201 -0.0118609 0.999914 0.00556484 0.00201659 -0.0146066 -0.0057379 0.999877 -0.00590754 0.0 0.0 0.0 1.0
heads/seq-02/color/frame-000043.color.png heads/seq-02/color/frame-000046.color.png 0.999966 -0.00825957 -0.000123178 0.0226563 0.00826049 0.999864 0.0142691 -0.00322968 5.30799e-06 -0.0142696 0.999898 -0.0108441 0.0 0.0 0.0 1.0
heads/seq-02/color/frame-000046.color.png heads/seq-02/color/frame-000049.color.png 0.999846 -0.00718857 -0.0159818 0.0289928 0.0071887 0.999974 -4.82446e-05 -0.00520754 0.0159817 -6.66508e-05 0.999872 -0.0081518 0.0 0.0 0.0 1.0
heads/seq-02/color/frame-000049.color.png heads/seq-02/color/frame-000052.color.png 0.999759 -0.000673534 0.0219305 0.0273549 0.000837489 0.999972 -0.00746727 0.00356703 -0.0219248 0.00748384 0.999732 -0.00599855 0.0 0.0 0.0 1.0
heads/seq-02/color/frame-000052.color.png heads/seq-02/color/frame-000055.color.png 0.999839 -0.0157159 0.00869223 0.0210672 0.0155707 0.999742 0.0165179 -0.00756842 -0.00894957 -0.0163799 0.999826 -0.0150315 0.0 0.0 0.0 1.0
heads/seq-02/color/frame-000055.color.png heads/seq-02/color/frame-000058.color.png 0.999999 0.000358425 0.00165372 0.0418039 -0.000375487 0.999946 0.0103339 -0.00180024 -0.00164993 -0.0103345 0.999945 -0.011033 0.0 0.0 0.0 1.0
heads/seq-02/color/frame-000058.color.png heads/seq-02/color/frame-000061.color.png 0.998735 0.00341211 0.0501577 0.0273406 -0.00349142 0.999993 0.0014933 -0.00594594 -0.0501523 -0.00166653 0.99874 0.0153824 0.0 0.0 0.0 1.0
heads/seq-02/color/frame-000061.color.png heads/seq-02/color/frame-000064.color.png 0.999517 -0.0162118 0.0265094 0.0193959 0.0166791 0.999708 -0.0175055 0.00695267 -0.0262178 0.0179392 0.999495 -0.000588566 0.0 0.0 0.0 1.0
heads/seq-02/color/frame-000064.color.png heads/seq-02/color/frame-000067.color.png 0.999578 -0.00717165 0.0281352 0.0340583 0.00680745 0.999892 0.01302 -0.00560559 -0.0282255 -0.012823 0.999519 0.00210616 0.0 0.0 0.0 1.0
heads/seq-02/color/frame-000067.color.png heads/seq-02/color/frame-000070.color.png 0.999018 -0.016847 0.040968 0.0166864 0.0161973 0.999738 0.0161412 -0.00815293 -0.0412293 -0.0154618 0.99903 -0.0097006 0.0 0.0 0.0 1.0
heads/seq-02/color/frame-000070.color.png heads/seq-02/color/frame-000073.color.png 0.999517 -0.0113324 -0.0289254 0.0426242 0.0114737 0.999923 0.00472162 0.00442285 0.0288696 -0.00505123 0.99957 -0.00166067 0.0 0.0 0.0 1.0
heads/seq-02/color/frame-000073.color.png heads/seq-02/color/frame-000076.color.png 0.999709 -0.0085187 0.022587 0.026061 0.00836773 0.999942 0.00677126 -0.00568109 -0.0226433 -0.00658028 0.999722 0.0118643 0.0 0.0 0.0 1.0
heads/seq-02/color/frame-000076.color.png heads/seq-02/color/frame-000079.color.png 0.99944 -0.00550706 0.0329989 0.0191715 0.00574426 0.999958 -0.00709914 -0.000215884 -0.0329584 0.00728473 0.99943 0.0102272 0.0 0.0 0.0 1.0
heads/seq-02/color/frame-000079.color.png heads/seq-02/color/frame-000082.color.png 0.999593 -0.0166133 0.0232149 0.0115613 0.0165102 0.999853 0.004629 -0.00854892 -0.0232884 -0.00424384 0.99972 0.00955842 0.0 0.0 0.0 1.0
heads/seq-02/color/frame-000082.color.png heads/seq-02/color/frame-000085.color.png 0.99994 -0.0108924 0.00120626 0.0257861 0.0108913 0.99994 0.000920245 -0.0130741 -0.00121624 -0.000907055 0.999999 -0.000393599 0.0 0.0 0.0 1.0
heads/seq-02/color/frame-000085.color.png heads/seq-02/color/frame-000088.color.png 0.999987 -0.0020514 0.00468615 0.0108904 0.00206311 0.999995 -0.00249331 -0.00950922 -0.00468099 0.00250295 0.999986 -0.0033429 0.0 0.0 0.0 1.0
heads/seq-02/color/frame-000088.color.png heads/seq-02/color/frame-000091.color.png 0.999983 -0.00515129 0.00277926 0.0105542 0.00516792 0.999969 -0.00600649 -0.00435343 -0.00274823 0.00602075 0.999978 0.000554442 0.0 0.0 0.0 1.0
heads/seq-02/color/frame-000091.color.png heads/seq-02/color/frame-000094.color.png 0.999946 -0.0103763 0.000835627 0.0220717 0.0103849 0.999884 -0.011127 -0.00211811 -0.000720087 0.0111351 0.999938 -0.00237496 0.0 0.0 0.0 1.0
heads/seq-02/color/frame-000094.color.png heads/seq-02/color/frame-000097.color.png 0.999774 -0.0141574 0.0158279 0.00711569 0.0140021 0.999853 0.00988169 -0.0114645 -0.0159654 -0.00965783 0.999826 0.00554305 0.0 0.0 0.0 1.0
heads/seq-02/color/frame-000097.color.png heads/seq-02/color/frame-000100.color.png 0.999743 -0.0224598 -0.0029842 0.0240938 0.0224097 0.999623 -0.0158763 -0.00280324 0.00333963 0.0158053 0.999869 0.00166233 0.0 0.0 0.0 1.0
heads/seq-02/color/frame-000100.color.png heads/seq-02/color/frame-000103.color.png 0.999897 -0.00950331 0.010722 0.00912634 0.00934875 0.999853 0.0143765 -0.0118854 -0.0108571 -0.0142748 0.999839 -0.00224923 0.0 0.0 0.0 1.0
heads/seq-02/color/frame-000103.color.png heads/seq-02/color/frame-000106.color.png 0.999818 -0.0166594 -0.00924451 0.00822389 0.0167329 0.999829 0.0079222 -0.0108504 0.00911093 -0.00807545 0.999926 -0.00778259 0.0 0.0 0.0 1.0
heads/seq-02/color/frame-000106.color.png heads/seq-02/color/frame-000109.color.png 0.99998 -0.00275109 0.0057371 0.0121192 0.00279222 0.99997 -0.00717499 -0.0118745 -0.00571715 0.00719086 0.999958 0.00176312 0.0 0.0 0.0 1.0
heads/seq-02/color/frame-000109.color.png heads/seq-02/color/frame-000112.color.png 0.999938 -0.010651 0.00318995 0.00727236 0.0107124 0.999745 -0.019894 -0.00400709 -0.00297722 0.019927 0.999797 -0.00361246 0.0 0.0 0.0 1.0
heads/seq-02/color/frame-000112.color.png heads/seq-02/color/frame-000115.color.png 0.999712 -0.0104462 -0.0215952 -0.0025835 0.0105365 0.999936 0.00407404 -0.0069192 0.0215512 -0.0043004 0.999759 -0.00805543 0.0 0.0 0.0 1.0
heads/seq-02/color/frame-000115.color.png heads/seq-02/color/frame-000118.color.png 0.998764 -0.0190704 -0.0458909 -0.00155759 0.0191103 0.999817 0.000428397 -0.0122204 0.0458744 -0.00130486 0.998946 -0.0228068 0.0 0.0 0.0 1.0
heads/seq-02/color/frame-000118.color.png heads/seq-02/color/frame-000121.color.png 0.999704 0.00154476 -0.0242709 0.0012219 -0.00149301 0.999996 0.00215011 -0.00493931 0.0242742 -0.00211324 0.999703 -0.0142809 0.0 0.0 0.0 1.0
heads/seq-02/color/frame-000121.color.png heads/seq-02/color/frame-000124.color.png 0.998514 0.0372415 -0.0397896 -0.00127059 -0.037415 0.999293 -0.00362606 0.0234403 0.0396265 0.0051094 0.999201 -0.0258592 0.0 0.0 0.0 1.0
heads/seq-02/color/frame-000124.color.png heads/seq-02/color/frame-000127.color.png 0.998127 0.0433456 -0.04316 0.00662589 -0.0424982 0.998889 0.0203651 0.0178945 0.0439947 -0.0184928 0.998861 -0.0204894 0.0 0.0 0.0 1.0
heads/seq-02/color/frame-000127.color.png heads/seq-02/color/frame-000130.color.png 0.997815 0.0492473 -0.0440458 0.00796795 -0.0485306 0.998674 0.0171961 0.0132053 0.0448342 -0.0150209 0.998882 -0.0352082 0.0 0.0 0.0 1.0
heads/seq-02/color/frame-000130.color.png heads/seq-02/color/frame-000133.color.png 0.99802 0.0409149 -0.0477736 -0.000227571 -0.0409087 0.999162 0.00110777 0.0178663 0.047779 0.00084878 0.998858 -0.0243605 0.0 0.0 0.0 1.0
heads/seq-02/color/frame-000133.color.png heads/seq-02/color/frame-000136.color.png 0.996779 0.0364831 -0.0714256 0.00692201 -0.0371174 0.999282 -0.00757392 0.0223619 0.0710981 0.0102007 0.997417 -0.0284847 0.0 0.0 0.0 1.0
heads/seq-02/color/frame-000136.color.png heads/seq-02/color/frame-000139.color.png 0.992739 0.0318076 -0.116011 0.0228155 -0.0322958 0.999476 -0.00233053 0.016164 0.115876 0.00606025 0.993245 -0.0462618 0.0 0.0 0.0 1.0
heads/seq-02/color/frame-000139.color.png heads/seq-02/color/frame-000142.color.png 0.997582 0.0333278 -0.0609906 0.0195124 -0.0332788 0.999444 0.00182012 0.011678 0.0610173 0.000214006 0.998137 -0.0274886 0.0 0.0 0.0 1.0
heads/seq-02/color/frame-000142.color.png heads/seq-02/color/frame-000145.color.png 0.997119 0.0162292 -0.0740891 0.0263982 -0.0158808 0.99986 0.00528808 0.00195011 0.0741646 -0.00409626 0.997238 -0.0282555 0.0 0.0 0.0 1.0
heads/seq-02/color/frame-000145.color.png heads/seq-02/color/frame-000148.color.png 0.999985 0.000819041 -0.00550789 0.0075562 -0.000839014 0.999993 -0.00362521 0.00338504 0.00550488 0.00362976 0.999978 0.00801779 0.0 0.0 0.0 1.0
heads/seq-02/color/frame-000148.color.png heads/seq-02/color/frame-000151.color.png 0.998708 0.0450046 -0.0236089 0.0103242 -0.0448819 0.998976 0.00570115 0.0252635 0.0238413 -0.00463415 0.999705 -0.00529908 0.0 0.0 0.0 1.0
heads/seq-02/color/frame-000151.color.png heads/seq-02/color/frame-000154.color.png 0.999216 0.0360172 -0.0164299 0.00649977 -0.0362026 0.999282 -0.0111278 0.0258329 0.0160174 0.0117139 0.999803 0.000615396 0.0 0.0 0.0 1.0
heads/seq-02/color/frame-000154.color.png heads/seq-02/color/frame-000157.color.png 0.999953 0.00950706 0.00184214 0.0129647 -0.00952287 0.999916 0.00877574 -0.0021797 -0.00175859 -0.00879288 0.99996 -0.00147617 0.0 0.0 0.0 1.0
heads/seq-02/color/frame-000157.color.png heads/seq-02/color/frame-000160.color.png 0.999769 0.0213146 -0.00260801 0.0204529 -0.0212836 0.999709 0.0113823 0.00991634 0.00284987 -0.0113242 0.999932 -0.0102396 0.0 0.0 0.0 1.0
heads/seq-02/color/frame-000160.color.png heads/seq-02/color/frame-000163.color.png 0.998675 0.0383493 0.0343222 0.0289035 -0.0392366 0.998903 0.0255623 0.0126195 -0.0333043 -0.0268751 0.999084 0.00933319 0.0 0.0 0.0 1.0
heads/seq-02/color/frame-000163.color.png heads/seq-02/color/frame-000166.color.png 0.999717 0.020036 0.0128297 0.0174912 -0.0205373 0.99898 0.0402151 -0.00338171 -0.0120108 -0.0404672 0.999109 -0.00824991 0.0 0.0 0.0 1.0
heads/seq-02/color/frame-000166.color.png heads/seq-02/color/frame-000169.color.png 0.99925 -0.00944631 0.0375584 -7.19428e-05 0.00807104 0.999297 0.0366019 -0.0326474 -0.0378778 -0.0362713 0.998624 0.018443 0.0 0.0 0.0 1.0
heads/seq-02/color/frame-000169.color.png heads/seq-02/color/frame-000172.color.png 0.999015 -0.0330849 0.0295715 -0.00627619 0.0323278 0.999146 0.0257215 -0.0326754 -0.0303972 -0.0247402 0.999232 0.0134873 0.0 0.0 0.0 1.0
heads/seq-02/color/frame-000172.color.png heads/seq-02/color/frame-000175.color.png 0.999646 -0.0256495 0.00709149 0.0495527 0.0253564 0.998928 0.038716 -0.0363025 -0.00807687 -0.0385225 0.999225 0.0109113 0.0 0.0 0.0 1.0
heads/seq-02/color/frame-000175.color.png heads/seq-02/color/frame-000178.color.png 0.999364 -0.00836666 0.0346669 -0.0186856 0.00760636 0.999729 0.0220062 -0.00910228 -0.0348416 -0.0217286 0.999157 0.0220105 0.0 0.0 0.0 1.0
heads/seq-02/color/frame-000178.color.png heads/seq-02/color/frame-000181.color.png 0.999642 -0.017036 0.0206397 -0.0130048 0.0164988 0.999528 0.0259246 -0.0195125 -0.0210716 -0.0255748 0.999451 0.0164672 0.0 0.0 0.0 1.0
heads/seq-02/color/frame-000181.color.png heads/seq-02/color/frame-000184.color.png 0.998066 -0.0257118 0.0566054 -0.0413926 0.0234508 0.998914 0.0402516 -0.0436733 -0.0575789 -0.0388463 0.997585 0.0370853 0.0 0.0 0.0 1.0
heads/seq-02/color/frame-000184.color.png heads/seq-02/color/frame-000187.color.png 0.999059 -0.0236699 0.0363402 -0.0265403 0.0232322 0.999653 0.0124195 -0.0207213 -0.0366216 -0.0115636 0.999262 0.0207646 0.0 0.0 0.0 1.0
heads/seq-02/color/frame-000187.color.png heads/seq-02/color/frame-000190.color.png 0.999619 -0.0165894 0.0220796 -0.0107464 0.0151865 0.997945 0.0622574 -0.0439261 -0.023067 -0.0618984 0.997816 0.00371332 0.0 0.0 0.0 1.0
heads/seq-02/color/frame-000190.color.png heads/seq-02/color/frame-000193.color.png 0.998519 -0.0268847 0.0473053 -0.0214651 0.0252313 0.999061 0.0352104 -0.0236778 -0.0482075 -0.0339646 0.99826 0.0174466 0.0 0.0 0.0 1.0
heads/seq-02/color/frame-000193.color.png heads/seq-02/color/frame-000196.color.png 0.999523 -0.0146467 0.0272053 -0.0198152 0.0141769 0.999748 0.0173809 -0.0219722 -0.027453 -0.0169869 0.999479 0.00562301 0.0 0.0 0.0 1.0
heads/seq-02/color/frame-000196.color.png heads/seq-02/color/frame-000199.color.png 0.998739 -0.0223961 0.0449222 -0.0288454 0.0219948 0.999714 0.00940765 -0.0315148 -0.0451201 -0.00840785 0.998946 0.0185616 0.0 0.0 0.0 1.0
heads/seq-02/color/frame-000199.color.png heads/seq-02/color/frame-000202.color.png 0.997582 -0.032643 0.0613538 -0.0351505 0.0330896 0.999433 -0.00627532 -0.0305898 -0.0611142 0.00829037 0.998096 0.0191725 0.0 0.0 0.0 1.0
heads/seq-02/color/frame-000202.color.png heads/seq-02/color/frame-000205.color.png 0.998386 -0.0179634 0.0538777 -0.0373858 0.0168771 0.999646 0.02055 -0.0165754 -0.0542277 -0.0196076 0.998336 0.0176765 0.0 0.0 0.0 1.0
heads/seq-02/color/frame-000205.color.png heads/seq-02/color/frame-000208.color.png 0.998647 -0.0221244 0.047051 -0.0599935 0.0207575 0.999354 0.0293461 -0.0230461 -0.0476699 -0.0283296 0.998461 0.029519 0.0 0.0 0.0 1.0
heads/seq-02/color/frame-000208.color.png heads/seq-02/color/frame-000211.color.png 0.997629 -0.0198435 0.0659059 -0.0437455 0.0203919 0.999763 -0.00765791 -0.00187036 -0.0657383 0.00898363 0.997796 0.0463956 0.0 0.0 0.0 1.0
heads/seq-02/color/frame-000211.color.png heads/seq-02/color/frame-000214.color.png 0.996648 -0.00710529 0.0815046 -0.0420394 0.00911978 0.999661 -0.0243702 0.0190506 -0.0813038 0.0250318 0.996375 0.0635408 0.0 0.0 0.0 1.0
heads/seq-02/color/frame-000214.color.png heads/seq-02/color/frame-000217.color.png 0.997203 -0.0351258 0.0659722 -0.0415324 0.0383127 0.998128 -0.0476775 -0.00518551 -0.0641739 0.0500717 0.996682 0.0494933 0.0 0.0 0.0 1.0
heads/seq-02/color/frame-000217.color.png heads/seq-02/color/frame-000220.color.png 0.998765 -0.0294928 0.0399838 -0.0346475 0.0321944 0.997118 -0.0687008 0.0106951 -0.0378424 0.0699032 0.996836 0.0322877 0.0 0.0 0.0 1.0
heads/seq-02/color/frame-000220.color.png heads/seq-02/color/frame-000223.color.png 0.999481 0.00842473 0.0310776 -0.0138776 -0.00835793 0.999962 -0.00227556 0.0180766 -0.0310956 0.00201462 0.999514 0.0240276 0.0 0.0 0.0 1.0
heads/seq-02/color/frame-000223.color.png heads/seq-02/color/frame-000226.color.png 0.997144 0.0342149 0.0673265 -0.00707009 -0.0325006 0.999123 -0.0263955 0.0379577 -0.0681706 0.024132 0.997382 0.0288143 0.0 0.0 0.0 1.0
heads/seq-02/color/frame-000226.color.png heads/seq-02/color/frame-000229.color.png 0.996785 0.00557491 0.0799243 -0.00151339 -0.00449941 0.999897 -0.0136299 0.0109413 -0.079992 0.0132265 0.996708 0.0291217 0.0 0.0 0.0 1.0
heads/seq-02/color/frame-000229.color.png heads/seq-02/color/frame-000232.color.png 0.998537 0.0151558 0.0519129 -0.0312164 -0.0135349 0.999414 -0.0314337 0.0356508 -0.0523588 0.0306851 0.998157 0.0513166 0.0 0.0 0.0 1.0
heads/seq-02/color/frame-000232.color.png heads/seq-02/color/frame-000235.color.png 0.999575 0.0121858 0.0264895 0.005428 -0.0124212 0.999885 0.00873846 0.010061 -0.02638 -0.00906369 0.999611 0.0201726 0.0 0.0 0.0 1.0
heads/seq-02/color/frame-000235.color.png heads/seq-02/color/frame-000238.color.png 0.997039 0.0114731 0.076031 -0.0132287 -0.00594493 0.997348 -0.0725426 0.0285726 -0.0766616 0.0718758 0.994463 0.0586985 0.0 0.0 0.0 1.0
heads/seq-02/color/frame-000238.color.png heads/seq-02/color/frame-000241.color.png 0.999965 0.000241478 -0.00832825 -0.00721301 -8.44355e-05 0.999822 0.0188442 0.0155752 0.00833124 -0.018843 0.999788 0.0185565 0.0 0.0 0.0 1.0
heads/seq-02/color/frame-000241.color.png heads/seq-02/color/frame-000244.color.png 0.999673 0.0210065 0.014596 -0.00804941 -0.0208419 0.999718 -0.0113381 0.0195633 -0.0148302 0.0110302 0.999829 0.025352 0.0 0.0 0.0 1.0
heads/seq-02/color/frame-000244.color.png heads/seq-02/color/frame-000247.color.png 0.999803 0.0126907 -0.0152556 -0.0117162 -0.0126469 0.999916 0.00296276 0.00800608 0.015292 -0.00276924 0.999879 0.0232659 0.0 0.0 0.0 1.0
heads/seq-02/color/frame-000247.color.png heads/seq-02/color/frame-000250.color.png 0.999407 0.0294585 -0.0178018 -0.00284885 -0.0296113 0.999526 -0.00837855 0.0337302 0.0175465 0.00890073 0.999806 0.0348644 0.0 0.0 0.0 1.0
heads/seq-02/color/frame-000250.color.png heads/seq-02/color/frame-000253.color.png 0.998504 0.0307246 -0.04524 -0.0136234 -0.0303434 0.999498 0.00908915 0.00776716 0.0454965 -0.00770279 0.998935 0.0100064 0.0 0.0 0.0 1.0
heads/seq-02/color/frame-000253.color.png heads/seq-02/color/frame-000256.color.png 0.996096 0.0570788 -0.0673405 0.00427324 -0.058121 0.998217 -0.013621 0.00803396 0.0664429 0.0174817 0.997637 -0.000708915 0.0 0.0 0.0 1.0
heads/seq-02/color/frame-000256.color.png heads/seq-02/color/frame-000259.color.png 0.996853 0.0758741 -0.0229796 -4.24832e-05 -0.0758251 0.997117 0.00299677 -0.000816688 0.0231408 -0.00124492 0.999731 0.00554454 0.0 0.0 0.0 1.0
heads/seq-02/color/frame-000259.color.png heads/seq-02/color/frame-000262.color.png 0.99774 0.0671707 -0.00192604 -0.00251286 -0.0671742 0.99774 -0.00182188 0.0120841 0.00179933 0.00194714 0.999996 0.00433114 0.0 0.0 0.0 1.0
heads/seq-02/color/frame-000262.color.png heads/seq-02/color/frame-000265.color.png 0.999576 0.0287622 -0.00448902 -0.0154742 -0.0287308 0.999563 0.00691467 -0.00947346 0.0046858 -0.00678276 0.999966 0.0124018 0.0 0.0 0.0 1.0
heads/seq-02/color/frame-000265.color.png heads/seq-02/color/frame-000268.color.png 0.999891 0.0134047 -0.00624166 -0.0170061 -0.013472 0.99985 -0.0108762 -0.00216143 0.00609508 0.0109591 0.999922 0.0111741 0.0 0.0 0.0 1.0
heads/seq-02/color/frame-000268.color.png heads/seq-02/color/frame-000271.color.png 0.999388 0.0248502 -0.0246086 0.00130597 -0.0250845 0.999642 -0.00925614 -0.0057935 0.0243698 0.00986776 0.999654 0.00568914 0.0 0.0 0.0 1.0
heads/seq-02/color/frame-000271.color.png heads/seq-02/color/frame-000274.color.png 0.998783 0.0313857 -0.0380495 -0.00609285 -0.0330926 0.998435 -0.0450919 0.0202211 0.0365746 0.0462961 0.998258 0.0159307 0.0 0.0 0.0 1.0
heads/seq-02/color/frame-000274.color.png heads/seq-02/color/frame-000277.color.png 0.998579 0.0311391 -0.0432532 -0.00138072 -0.0312085 0.999512 -0.00092984 -0.00984709 0.0432032 0.00227839 0.999064 0.00120763 0.0 0.0 0.0 1.0
heads/seq-02/color/frame-000277.color.png heads/seq-02/color/frame-000280.color.png 0.999418 0.0201803 -0.0275155 -0.00718386 -0.0200802 0.999791 0.00390727 -0.00971274 0.0275885 -0.00335247 0.999614 0.00248724 0.0 0.0 0.0 1.0
heads/seq-02/color/frame-000280.color.png heads/seq-02/color/frame-000283.color.png 0.999516 0.0217887 -0.0221896 -0.00897479 -0.0216224 0.999736 0.00770825 -0.00509708 0.0223517 -0.00722473 0.999724 -0.000592634 0.0 0.0 0.0 1.0
heads/seq-02/color/frame-000283.color.png heads/seq-02/color/frame-000286.color.png 0.999614 0.00856149 -0.0264254 -0.0108829 -0.00851001 0.999962 0.00205991 1.18613e-05 0.0264421 -0.00183424 0.999649 0.00058116 0.0 0.0 0.0 1.0
heads/seq-02/color/frame-000286.color.png heads/seq-02/color/frame-000289.color.png 0.998941 0.00584218 -0.0456428 0.00140099 -0.00581956 0.999983 0.000628615 0.00321782 0.0456457 -0.000362329 0.998958 -0.00294647 0.0 0.0 0.0 1.0
heads/seq-02/color/frame-000289.color.png heads/seq-02/color/frame-000292.color.png 0.999115 0.0118777 -0.0403541 0.00435392 -0.0111299 0.999763 0.0187046 -0.00868614 0.0405667 -0.0182389 0.99901 -0.00344199 0.0 0.0 0.0 1.0
heads/seq-02/color/frame-000292.color.png heads/seq-02/color/frame-000295.color.png 0.999503 0.0089027 -0.0302387 0.00239024 -0.00872937 0.999945 0.00585936 0.00201048 0.0302891 -0.00559248 0.999526 -0.0035376 0.0 0.0 0.0 1.0
heads/seq-02/color/frame-000295.color.png heads/seq-02/color/frame-000298.color.png 0.999825 0.00983279 -0.0159372 -0.0108385 -0.0100292 0.999874 -0.0122906 0.0121821 0.0158143 0.0124483 0.999797 -0.00352415 0.0 0.0 0.0 1.0
heads/seq-02/color/frame-000298.color.png heads/seq-02/color/frame-000301.color.png 0.999539 0.00364946 -0.0301277 0.0034932 -0.00330987 0.999931 0.011314 -0.00238955 0.0301669 -0.011209 0.999482 -0.00647569 0.0 0.0 0.0 1.0
heads/seq-02/color/frame-000301.color.png heads/seq-02/color/frame-000304.color.png 0.999865 0.0103771 -0.0127693 -0.00768981 -0.0103124 0.999934 0.00512115 -0.00218606 0.0128217 -0.00498878 0.999905 -0.0068471 0.0 0.0 0.0 1.0
heads/seq-02/color/frame-000304.color.png heads/seq-02/color/frame-000307.color.png 0.999588 0.00983759 -0.0269748 0.00104117 -0.00955041 0.999897 0.0107536 -0.000717446 0.0270778 -0.0104916 0.999578 -0.00996455 0.0 0.0 0.0 1.0
heads/seq-02/color/frame-000307.color.png heads/seq-02/color/frame-000310.color.png 0.999902 0.00688469 -0.0122062 0.000930425 -0.00678321 0.999942 0.00833767 -0.00604364 0.0122629 -0.00825405 0.999891 -0.00596857 0.0 0.0 0.0 1.0
heads/seq-02/color/frame-000310.color.png heads/seq-02/color/frame-000313.color.png 0.999562 0.011199 -0.0273931 6.76252e-05 -0.0116147 0.999819 -0.0150645 0.012932 0.0272194 0.015376 0.999511 -0.01273 0.0 0.0 0.0 1.0
heads/seq-02/color/frame-000313.color.png heads/seq-02/color/frame-000316.color.png 0.999339 0.0041037 -0.0361128 -0.00590619 -0.00441732 0.999953 -0.00860879 0.0118757 0.0360758 0.00876262 0.999311 -0.00941991 0.0 0.0 0.0 1.0
heads/seq-02/color/frame-000316.color.png heads/seq-02/color/frame-000319.color.png 0.999627 0.00930594 -0.0256854 -0.0115641 -0.0089929 0.999884 0.0122771 -0.00211459 0.0257967 -0.0120415 0.999595 -0.0109228 0.0 0.0 0.0 1.0
heads/seq-02/color/frame-000319.color.png heads/seq-02/color/frame-000322.color.png 0.999575 0.0190439 -0.0220548 -0.0133777 -0.0186933 0.999697 0.0159911 -0.00385047 0.0223527 -0.0155721 0.999629 -0.00895912 0.0 0.0 0.0 1.0
heads/seq-02/color/frame-000322.color.png heads/seq-02/color/frame-000325.color.png 0.999679 0.0106794 -0.0229546 -0.0128922 -0.0105791 0.999934 0.00448762 0.00821903 0.023001 -0.00424334 0.999726 -0.00631784 0.0 0.0 0.0 1.0
heads/seq-02/color/frame-000325.color.png heads/seq-02/color/frame-000328.color.png 0.999591 0.0150917 -0.0242739 -0.0157256 -0.0147797 0.999806 0.0129821 0.00431256 0.0244651 -0.012618 0.999621 -0.0102985 0.0 0.0 0.0 1.0
heads/seq-02/color/frame-000328.color.png heads/seq-02/color/frame-000331.color.png 0.999715 -0.00373324 0.0235812 -0.0514373 0.00303414 0.999557 0.0296143 -0.00926644 -0.0236814 -0.0295343 0.999283 -0.00318435 0.0 0.0 0.0 1.0
heads/seq-02/color/frame-000331.color.png heads/seq-02/color/frame-000334.color.png 0.999786 0.0126365 -0.016411 -0.0159896 -0.0125162 0.999894 0.00741057 0.00728065 0.0165029 -0.00720359 0.999838 -0.00734869 0.0 0.0 0.0 1.0
heads/seq-02/color/frame-000334.color.png heads/seq-02/color/frame-000337.color.png 0.999725 0.0155584 -0.0175687 -0.0205689 -0.0151384 0.999602 0.0237909 0.000959143 0.0179319 -0.0235184 0.999563 -0.0119763 0.0 0.0 0.0 1.0
heads/seq-02/color/frame-000337.color.png heads/seq-02/color/frame-000340.color.png 0.999856 0.000583419 -0.0169651 -0.0168712 -0.000355879 0.99991 0.0134118 0.00623786 0.0169715 -0.0134038 0.999766 -0.00731768 0.0 0.0 0.0 1.0
heads/seq-02/color/frame-000340.color.png heads/seq-02/color/frame-000343.color.png 0.999894 -0.000624747 -0.0145383 -0.0228968 0.000784707 0.999939 0.0109981 0.0111576 0.0145306 -0.0110083 0.999834 -0.00745136 0.0 0.0 0.0 1.0
heads/seq-02/color/frame-000343.color.png heads/seq-02/color/frame-000346.color.png 0.999951 0.00968272 -0.0022207 -0.0176388 -0.0096635 0.999917 0.00851898 0.00534573 0.00230298 -0.00849709 0.999961 -0.00628087 0.0 0.0 0.0 1.0
heads/seq-02/color/frame-000346.color.png heads/seq-02/color/frame-000349.color.png 0.999957 -0.000537303 -0.00921209 -0.0161091 0.000697596 0.999848 0.0174038 0.00392474 0.00920128 -0.0174095 0.999806 -0.0117332 0.0 0.0 0.0 1.0
heads/seq-02/color/frame-000349.color.png heads/seq-02/color/frame-000352.color.png 0.999887 -0.0112745 -0.00990481 -0.0131149 0.0113637 0.999895 0.00899005 0.0135552 0.00980239 -0.00910158 0.999911 -0.00843957 0.0 0.0 0.0 1.0
heads/seq-02/color/frame-000352.color.png heads/seq-02/color/frame-000355.color.png 0.999949 3.10763e-05 0.0100754 -0.0235179 -0.00013497 0.999947 0.0103075 0.0145582 -0.0100745 -0.0103083 0.999896 -0.0178831 0.0 0.0 0.0 1.0
heads/seq-02/color/frame-000355.color.png heads/seq-02/color/frame-000358.color.png 0.99998 -0.00624602 0.000750403 -0.00746724 0.00622783 0.999734 0.022224 0.00383358 -0.000889014 -0.0222189 0.999753 -0.00913365 0.0 0.0 0.0 1.0
heads/seq-02/color/frame-000358.color.png heads/seq-02/color/frame-000361.color.png 0.99867 -0.00672566 0.0511118 -0.0327081 0.00618664 0.999924 0.010696 0.00533439 -0.0511799 -0.0103656 0.998636 -0.0283686 0.0 0.0 0.0 1.0
heads/seq-02/color/frame-000361.color.png heads/seq-02/color/frame-000364.color.png 0.999596 -0.0124096 0.0255642 -0.022026 0.012454 0.999921 -0.001579 0.00729255 -0.0255426 0.0018967 0.999672 -0.0180182 0.0 0.0 0.0 1.0
heads/seq-02/color/frame-000364.color.png heads/seq-02/color/frame-000367.color.png 0.999748 -0.0222727 0.00293493 -0.0187041 0.0222903 0.999733 -0.00608226 0.00983385 -0.00279866 0.00614617 0.999977 -0.00880031 0.0 0.0 0.0 1.0
heads/seq-02/color/frame-000367.color.png heads/seq-02/color/frame-000370.color.png 0.999892 -0.012743 0.00738059 -0.0118857 0.0127864 0.999901 -0.00586576 0.00403281 -0.00730516 0.00595949 0.999956 -0.0108442 0.0 0.0 0.0 1.0
heads/seq-02/color/frame-000370.color.png heads/seq-02/color/frame-000373.color.png 0.999543 -0.0174303 0.0246927 -0.028775 0.0174665 0.999847 -0.00125006 -0.0069697 -0.0246671 0.00168078 0.999694 -0.0198309 0.0 0.0 0.0 1.0
heads/seq-02/color/frame-000373.color.png heads/seq-02/color/frame-000376.color.png 0.99988 -0.0153395 0.00231298 -0.0204356 0.0154012 0.999444 -0.0295766 0.0158448 -0.00185803 0.0296086 0.99956 -5.95599e-05 0.0 0.0 0.0 1.0
heads/seq-02/color/frame-000376.color.png heads/seq-02/color/frame-000379.color.png 0.999705 -0.011273 0.0215302 -0.0141326 0.0111061 0.999907 0.00785554 -0.00884172 -0.0216167 -0.00761409 0.999737 -0.0124261 0.0 0.0 0.0 1.0
heads/seq-02/color/frame-000379.color.png heads/seq-02/color/frame-000382.color.png 0.998251 -0.0446703 0.0387234 -0.0225381 0.0452321 0.998882 -0.0137526 0.0164164 -0.0380657 0.0154801 0.999155 -0.0160311 0.0 0.0 0.0 1.0
heads/seq-02/color/frame-000382.color.png heads/seq-02/color/frame-000385.color.png 0.999794 -0.0176677 0.00997949 -0.0147105 0.0176632 0.999844 0.000535593 -0.00468516 -0.0099874 -0.000359249 0.99995 0.000539944 0.0 0.0 0.0 1.0
heads/seq-02/color/frame-000385.color.png heads/seq-02/color/frame-000388.color.png 0.999438 -0.0210679 0.0260897 -0.011683 0.0216712 0.999499 -0.0230638 0.00945324 -0.0255907 0.0236163 0.999394 -0.00865955 0.0 0.0 0.0 1.0
heads/seq-02/color/frame-000388.color.png heads/seq-02/color/frame-000391.color.png 0.999503 -0.0089067 0.030226 -0.0266715 0.00864873 0.999925 0.00865459 0.00490397 -0.0303009 -0.00838888 0.999506 -0.00458414 0.0 0.0 0.0 1.0
heads/seq-02/color/frame-000391.color.png heads/seq-02/color/frame-000394.color.png 0.999825 -0.016368 0.009057 -0.0116971 0.0163048 0.999842 0.00700292 0.00247564 -0.0091702 -0.00685401 0.999935 0.0032789 0.0 0.0 0.0 1.0
heads/seq-02/color/frame-000394.color.png heads/seq-02/color/frame-000397.color.png 0.999128 -0.026836 0.0319782 -0.023792 0.0268591 0.999639 -0.000293585 0.0094703 -0.0319588 0.00115224 0.999488 -0.00558636 0.0 0.0 0.0 1.0
heads/seq-02/color/frame-000397.color.png heads/seq-02/color/frame-000400.color.png 0.999327 -0.0155169 0.0332319 -0.0138434 0.0150856 0.999799 0.0131898 -0.00664742 -0.0334299 -0.0126796 0.999361 -0.00847475 0.0 0.0 0.0 1.0
heads/seq-02/color/frame-000400.color.png heads/seq-02/color/frame-000403.color.png 0.998363 -0.0266333 0.0506232 -0.0260569 0.0282288 0.999119 -0.0310678 0.0249539 -0.0497512 0.032446 0.998235 -0.0141066 0.0 0.0 0.0 1.0
heads/seq-02/color/frame-000403.color.png heads/seq-02/color/frame-000406.color.png 0.998642 -0.043471 0.0287168 -0.0245646 0.0431951 0.999015 0.0101575 0.0254287 -0.0291301 -0.00890333 0.999536 -0.0104564 0.0 0.0 0.0 1.0
heads/seq-02/color/frame-000406.color.png heads/seq-02/color/frame-000409.color.png 0.998091 -0.0449088 0.0424023 -0.0391812 0.0442137 0.998874 0.0171914 0.00552835 -0.0431266 -0.0152838 0.998953 -0.0185243 0.0 0.0 0.0 1.0
heads/seq-02/color/frame-000409.color.png heads/seq-02/color/frame-000412.color.png 0.998899 -0.0146221 0.0445737 -0.0374773 0.0153266 0.999762 -0.0155056 0.00593382 -0.0443364 0.0161717 0.998886 -0.0208442 0.0 0.0 0.0 1.0
heads/seq-02/color/frame-000412.color.png heads/seq-02/color/frame-000415.color.png 0.999811 -0.0155502 0.0116896 -0.024244 0.0156145 0.999863 -0.00542977 0.00126627 -0.0116036 0.00561127 0.999917 -0.00857077 0.0 0.0 0.0 1.0
heads/seq-02/color/frame-000415.color.png heads/seq-02/color/frame-000418.color.png 0.999308 -0.0244837 0.0280154 -0.0334817 0.0244757 0.9997 0.000627689 0.00720225 -0.0280224 5.84703e-05 0.999607 -0.0173183 0.0 0.0 0.0 1.0
heads/seq-02/color/frame-000418.color.png heads/seq-02/color/frame-000421.color.png 0.999761 -0.0146523 0.0162521 -0.0166688 0.0147023 0.999888 -0.00296502 0.00364764 -0.0162069 0.00320322 0.999863 -0.00854948 0.0 0.0 0.0 1.0
heads/seq-02/color/frame-000421.color.png heads/seq-02/color/frame-000424.color.png 0.999697 -0.00582303 0.0239088 -0.0181135 0.00588054 0.99998 -0.00233536 -0.00848025 -0.0238947 0.00247525 0.999711 -0.0178495 0.0 0.0 0.0 1.0
heads/seq-02/color/frame-000424.color.png heads/seq-02/color/frame-000427.color.png 0.99995 0.000972971 0.00990506 -0.00175822 -0.00107224 0.999949 0.0100133 -0.0110025 -0.00989476 -0.0100234 0.999901 -0.00966157 0.0 0.0 0.0 1.0
heads/seq-02/color/frame-000427.color.png heads/seq-02/color/frame-000430.color.png 0.999428 0.0287521 0.0178064 -0.00401193 -0.0289729 0.999505 0.0122733 -0.0358865 -0.0174447 -0.0127822 0.999766 -0.0196049 0.0 0.0 0.0 1.0
heads/seq-02/color/frame-000430.color.png heads/seq-02/color/frame-000433.color.png 0.999807 0.0161912 0.0111011 0.00381601 -0.0163717 0.999732 0.0163675 -0.0289154 -0.0108331 -0.0165461 0.999804 -0.0165245 0.0 0.0 0.0 1.0
heads/seq-02/color/frame-000433.color.png heads/seq-02/color/frame-000436.color.png 0.999981 -0.00134977 -0.00600887 0.00890744 0.00139501 0.999971 0.00753343 -0.00594114 0.00599854 -0.0075417 0.999954 -0.00845811 0.0 0.0 0.0 1.0
heads/seq-02/color/frame-000436.color.png heads/seq-02/color/frame-000439.color.png 0.999979 0.00615057 0.00201499 0.0159181 -0.00612646 0.999912 -0.011758 -0.00941037 -0.00208708 0.0117455 0.999929 -0.0115149 0.0 0.0 0.0 1.0
heads/seq-02/color/frame-000439.color.png heads/seq-02/color/frame-000442.color.png 0.999811 -0.0036645 -0.0191098 0.0237784 0.00360682 0.999989 -0.00304963 0.000790983 0.0191207 0.00298011 0.999813 -0.00395871 0.0 0.0 0.0 1.0
heads/seq-02/color/frame-000442.color.png heads/seq-02/color/frame-000445.color.png 0.999809 0.00195352 -0.0194624 0.0250223 -0.00163567 0.999865 0.0163312 -0.00421289 0.0194916 -0.0162963 0.999677 -0.00910905 0.0 0.0 0.0 1.0
heads/seq-02/color/frame-000445.color.png heads/seq-02/color/frame-000448.color.png 0.999705 0.00897841 -0.0225628 0.0296246 -0.00896433 0.999959 0.00072605 0.000506192 0.0225685 -0.000523624 0.999745 -0.00297244 0.0 0.0 0.0 1.0
heads/seq-02/color/frame-000448.color.png heads/seq-02/color/frame-000451.color.png 0.998727 0.0280422 -0.0419365 0.0308428 -0.0270897 0.999366 0.0231118 -0.0111005 0.0425581 -0.0219463 0.998853 0.00290766 0.0 0.0 0.0 1.0
heads/seq-02/color/frame-000451.color.png heads/seq-02/color/frame-000454.color.png 0.999 0.0166521 -0.0414882 0.030337 -0.0169505 0.999833 -0.0068505 0.00742975 0.0413672 0.00754683 0.999115 0.00732677 0.0 0.0 0.0 1.0
heads/seq-02/color/frame-000454.color.png heads/seq-02/color/frame-000457.color.png 0.999794 0.0126638 -0.0158575 0.0111166 -0.0126232 0.999917 0.00265908 0.000800356 0.0158899 -0.00245835 0.999871 0.00435059 0.0 0.0 0.0 1.0
heads/seq-02/color/frame-000457.color.png heads/seq-02/color/frame-000460.color.png 0.998487 -0.00136863 -0.054974 0.0244538 0.000164143 0.99976 -0.0219084 0.0221757 0.0549907 0.0218663 0.998248 0.0200992 0.0 0.0 0.0 1.0
heads/seq-02/color/frame-000460.color.png heads/seq-02/color/frame-000463.color.png 0.999749 0.002445 -0.0222569 0.0213206 -0.00322212 0.999384 -0.0349469 0.0253729 0.0221577 0.0350098 0.999141 0.0078669 0.0 0.0 0.0 1.0
heads/seq-02/color/frame-000463.color.png heads/seq-02/color/frame-000466.color.png 0.999255 0.0213041 -0.0321683 0.0328371 -0.0221938 0.999374 -0.0275623 0.0228969 0.031561 0.0282557 0.999102 0.00207551 0.0 0.0 0.0 1.0
heads/seq-02/color/frame-000466.color.png heads/seq-02/color/frame-000469.color.png 0.999819 0.0185435 -0.00419043 0.00472629 -0.0186579 0.999401 -0.0291327 0.0174905 0.0036477 0.0292056 0.999567 -0.000520095 0.0 0.0 0.0 1.0
heads/seq-02/color/frame-000469.color.png heads/seq-02/color/frame-000472.color.png 0.999729 0.0134631 -0.0190142 0.0113909 -0.0137125 0.999821 -0.0130493 0.00645325 0.0188351 0.0133065 0.999734 0.00212207 0.0 0.0 0.0 1.0
heads/seq-02/color/frame-000472.color.png heads/seq-02/color/frame-000475.color.png 0.999473 0.0299996 0.0123811 0.0146946 -0.0296839 0.999248 -0.0249465 0.0144627 -0.0131202 0.0245658 0.999612 -0.0172301 0.0 0.0 0.0 1.0
heads/seq-02/color/frame-000475.color.png heads/seq-02/color/frame-000478.color.png 0.999981 0.00254277 -0.005709 0.00260663 -0.00261376 0.999919 -0.0124633 0.0196981 0.00567685 0.012478 0.999906 0.00115991 0.0 0.0 0.0 1.0
heads/seq-02/color/frame-000478.color.png heads/seq-02/color/frame-000481.color.png 0.99975 0.000134328 -0.0223429 0.00697315 -0.000360418 0.999949 -0.0101149 0.0208659 0.0223404 0.0101205 0.999699 0.0107729 0.0 0.0 0.0 1.0
heads/seq-02/color/frame-000481.color.png heads/seq-02/color/frame-000484.color.png 0.999912 -0.0132599 0.000200178 0.00528333 0.0132614 0.999761 -0.0173545 0.0280304 2.99878e-05 0.0173556 0.999849 0.00113988 0.0 0.0 0.0 1.0
heads/seq-02/color/frame-000484.color.png heads/seq-02/color/frame-000487.color.png 0.999833 0.00776985 -0.0165579 0.0105227 -0.00773192 0.999967 0.00235299 0.0302014 0.0165757 -0.00222457 0.99986 0.0128248 0.0 0.0 0.0 1.0
heads/seq-02/color/frame-000487.color.png heads/seq-02/color/frame-000490.color.png 0.999956 0.00689667 0.00634616 0.00754175 -0.0068798 0.999973 -0.0026729 0.0132028 -0.00636442 0.00262912 0.999976 -2.48849e-05 0.0 0.0 0.0 1.0
heads/seq-02/color/frame-000490.color.png heads/seq-02/color/frame-000493.color.png 0.999951 0.00853755 -0.0051003 -0.000918031 -0.00859603 0.999896 -0.0115539 0.022499 0.00500113 0.0115971 0.99992 0.01104 0.0 0.0 0.0 1.0
heads/seq-02/color/frame-000493.color.png heads/seq-02/color/frame-000496.color.png 0.999935 0.0107336 0.00393941 0.00199258 -0.0107402 0.999941 0.00166085 0.0181151 -0.00392135 -0.00170305 0.999991 0.000109807 0.0 0.0 0.0 1.0
heads/seq-02/color/frame-000496.color.png heads/seq-02/color/frame-000499.color.png 0.999937 0.0102177 -0.00457717 0.00170165 -0.0101889 0.999928 0.00625743 0.0145366 0.00464079 -0.0062104 0.99997 0.00730354 0.0 0.0 0.0 1.0
heads/seq-02/color/frame-000499.color.png heads/seq-02/color/frame-000502.color.png 0.999818 0.0177092 0.00703247 -0.00130257 -0.0178293 0.99969 0.0174041 0.0232572 -0.00672207 -0.0175264 0.999824 0.0127483 0.0 0.0 0.0 1.0
heads/seq-02/color/frame-000502.color.png heads/seq-02/color/frame-000505.color.png 0.99966 0.024869 0.00783383 -0.00622335 -0.0250326 0.999455 0.0215262 0.0231886 -0.00729424 -0.0217149 0.999737 0.0116412 0.0 0.0 0.0 1.0
heads/seq-02/color/frame-000505.color.png heads/seq-02/color/frame-000508.color.png 0.999882 0.0152082 -0.00215677 -0.0049161 -0.0151604 0.999672 0.0206532 0.0170221 0.00247013 -0.020618 0.999784 0.0126758 0.0 0.0 0.0 1.0
heads/seq-02/color/frame-000508.color.png heads/seq-02/color/frame-000511.color.png 0.999859 0.0112132 -0.012487 -0.00989336 -0.0108775 0.999586 0.0266369 0.0302652 0.0127805 -0.0264973 0.999567 0.0213096 0.0 0.0 0.0 1.0
heads/seq-02/color/frame-000511.color.png heads/seq-02/color/frame-000514.color.png 0.999952 0.00568486 -0.00799163 -0.00674379 -0.005388 0.999312 0.0366898 0.0280493 0.00819471 -0.036645 0.999295 0.0226259 0.0 0.0 0.0 1.0
heads/seq-02/color/frame-000514.color.png heads/seq-02/color/frame-000517.color.png 0.999971 -0.00680069 -0.00342609 0.000553519 0.00684722 0.999882 0.0137553 0.0282136 0.00333214 -0.0137784 0.9999 0.0118127 0.0 0.0 0.0 1.0
heads/seq-02/color/frame-000517.color.png heads/seq-02/color/frame-000520.color.png 0.999929 0.00763347 -0.00909903 -0.00226071 -0.00723601 0.999051 0.0429413 0.0289676 0.00941819 -0.0428724 0.999036 0.0236437 0.0 0.0 0.0 1.0
heads/seq-02/color/frame-000520.color.png heads/seq-02/color/frame-000523.color.png 0.999986 -0.000902051 0.00519761 0.000852793 0.000676581 0.999065 0.0432177 0.0242221 -0.00523174 -0.0432135 0.999052 0.0153487 0.0 0.0 0.0 1.0
heads/seq-02/color/frame-000523.color.png heads/seq-02/color/frame-000526.color.png 0.999992 -0.00299078 0.00257193 0.00726485 0.00294392 0.999833 0.0180391 0.0159754 -0.00262544 -0.0180314 0.999834 0.000788622 0.0 0.0 0.0 1.0
heads/seq-02/color/frame-000526.color.png heads/seq-02/color/frame-000529.color.png 0.999907 -0.00603802 0.0122102 0.0156716 0.00611489 0.999962 -0.00626783 0.0257975 -0.0121719 0.00634192 0.999906 -0.0184505 0.0 0.0 0.0 1.0
heads/seq-02/color/frame-000529.color.png heads/seq-02/color/frame-000532.color.png 0.999749 -0.0015706 0.0223476 0.0129107 0.00137412 0.99996 0.00880456 0.00231463 -0.0223606 -0.00877164 0.999712 -0.0147035 0.0 0.0 0.0 1.0
heads/seq-02/color/frame-000532.color.png heads/seq-02/color/frame-000535.color.png 0.999634 -0.00192715 0.0269797 0.0111009 0.0019842 0.999996 -0.00208771 -0.000522017 -0.0269755 0.00214049 0.999634 -0.0185891 0.0 0.0 0.0 1.0
