heads/seq-02/color/frame-000000.color.png heads/seq-02/color/frame-000001.color.png 0.999998 -0.00158904 0.000784189 -0.00040319 0.00159067 0.999997 -0.00208241 -4.64692e-05 -0.000780878 0.00208365 0.999998 -0.000681197 0.0 0.0 0.0 1.0
heads/seq-02/color/frame-000001.color.png heads/seq-02/color/frame-000002.color.png 0.999997 -0.00250601 -0.000733106 0.000604479 0.00250549 0.999997 -0.000710405 -0.000840406 0.000734884 0.000708567 0.999999 -0.001414 0.0 0.0 0.0 1.0
heads/seq-02/color/frame-000002.color.png heads/seq-02/color/frame-000003.color.png 0.999999 -0.00112715 -0.000393745 0.00114024 0.00112655 0.999998 -0.0015161 -0.00124591 0.000395454 0.00151566 0.999999 -0.00127446 0.0 0.0 0.0 1.0
heads/seq-02/color/frame-000003.color.png heads/seq-02/color/frame-000004.color.png 0.999996 0.00237932 0.00183412 0.00128451 -0.00237245 0.99999 -0.00373933 0.000609926 -0.001843 0.00373496 0.999991 -0.00143933 0.0 0.0 0.0 1.0
heads/seq-02/color/frame-000004.color.png heads/seq-02/color/frame-000005.color.png 0.999968 0.00606635 0.00527424 0.00108817 -0.00606443 0.999982 -0.000379939 -0.00204109 -0.00527645 0.000347944 0.999986 -0.00199875 0.0 0.0 0.0 1.0
heads/seq-02/color/frame-000005.color.png heads/seq-02/color/frame-000006.color.png 0.999963 0.00493494 0.00707123 -0.000411688 -0.00492083 0.999986 -0.00201061 -0.00325462 -0.00708105 0.00197574 0.999973 -0.00116825 0.0 0.0 0.0 1.0
heads/seq-02/color/frame-000006.color.png heads/seq-02/color/frame-000007.color.png 0.999987 0.00190066 0.00466678 -0.0026677 -0.00187204 0.999979 -0.00612845 -0.00223971 -0.00467833 0.00611963 0.99997 -0.00080767 0.0 0.0 0.0 1.0
heads/seq-02/color/frame-000007.color.png heads/seq-02/color/frame-000008.color.png 0.999996 0.000781566 -0.00276429 -0.000700208 -0.000810142 0.999946 -0.0103504 -0.00155414 0.00275605 0.0103526 0.999942 -0.00213637 0.0 0.0 0.0 1.0
heads/seq-02/color/frame-000008.color.png heads/seq-02/color/frame-000009.color.png 0.999986 0.00113695 -0.00508256 0.0021903 -0.00118686 0.999951 -0.0098284 0.00124065 0.00507113 0.00983431 0.999939 -0.00236492 0.0 0.0 0.0 1.0
heads/seq-02/color/frame-000009.color.png heads/seq-02/color/frame-000010.color.png 0.999998 0.00183586 0.00055744 0.00238263 -0.00183409 0.999993 -0.00316798 -0.000369812 -0.000563252 0.00316695 0.999995 -0.00126313 0.0 0.0 0.0 1.0
heads/seq-02/color/frame-000010.color.png heads/seq-02/color/frame-000011.color.png 1.0 -5.29324e-05 -8.54065e-05 8.96403e-05 5.29556e-05 1.0 0.000236915 -0.000164448 8.53939e-05 -0.000236914 1.0 -0.000132462 0.0 0.0 0.0 1.0
heads/seq-02/color/frame-000011.color.png heads/seq-02/color/frame-000012.color.png 0.999974 0.00576198 0.00422331 0.0026803 -0.00575258 0.999981 -0.00223652 -0.003433 -0.00423612 0.00221216 0.999989 -0.00117808 0.0 0.0 0.0 1.0
heads/seq-02/color/frame-000012.color.png heads/seq-02/color/frame-000013.color.png 0.99995 -0.00110496 0.00993505 -0.00307738 0.00118826 0.999964 -0.00838227 0.00170004 -0.00992544 0.00839366 0.999915 -0.00204742 0.0 0.0 0.0 1.0
heads/seq-02/color/frame-000013.color.png heads/seq-02/color/frame-000014.color.png 1.0 -0.000102467 0.000309484 -0.000299085 0.000102726 1.0 -0.0008183 0.000609712 -0.000309399 0.000818326 1.0 -3.39709e-05 0.0 0.0 0.0 1.0
heads/seq-02/color/frame-000014.color.png heads/seq-02/color/frame-000015.color.png 0.999937 -0.0111488 0.00161294 -0.00185543 0.0111518 0.999936 -0.00183923 -0.000299022 -0.00159234 0.00185711 0.999997 -0.00150876 0.0 0.0 0.0 1.0
heads/seq-02/color/frame-000015.color.png heads/seq-02/color/frame-000016.color.png 0.999865 -0.0151826 -0.00631237 0.000614149 0.0151824 0.999885 -8.19698e-05 -0.00500388 0.00631289 -1.38843e-05 0.99998 -0.00285045 0.0 0.0 0.0 1.0
heads/seq-02/color/frame-000016.color.png heads/seq-02/color/frame-000017.color.png 1.0 -0.000292617 -0.000898204 0.000642183 0.000292447 1.0 -0.000188953 9.09325e-05 0.000898256 0.000188692 0.999999 -0.000217453 0.0 0.0 0.0 1.0
heads/seq-02/color/frame-000017.color.png heads/seq-02/color/frame-000018.color.png 0.999953 -0.0079491 -0.0055019 0.00222264 0.007919 0.999954 -0.0054707 -0.00133433 0.00554513 0.00542686 0.99997 -0.00391636 0.0 0.0 0.0 1.0
heads/seq-02/color/frame-000018.color.png heads/seq-02/color/frame-000019.color.png 0.99998 -0.00568388 -0.00274222 0.00310539 0.0056697 0.999971 -0.00515199 -1.31875e-06 0.00277142 0.00513634 0.999983 -0.00385237 0.0 0.0 0.0 1.0
heads/seq-02/color/frame-000019.color.png heads/seq-02/color/frame-000020.color.png 1.0 8.38705e-05 -7.3107e-05 8.54051e-05 -8.38566e-05 1.0 0.000196838 -0.000130378 7.31189e-05 -0.000196813 1.0 -8.37259e-05 0.0 0.0 0.0 1.0
heads/seq-02/color/frame-000020.color.png heads/seq-02/color/frame-000021.color.png 0.999986 -0.00528089 0.000778247 0.00119261 0.00528105 0.999986 -0.000197516 -0.00264867 -0.000777193 0.000201609 1.0 -0.00442171 0.0 0.0 0.0 1.0
heads/seq-02/color/frame-000021.color.png heads/seq-02/color/frame-000022.color.png 0.999986 -0.00524913 -0.00112477 0.000882452 0.00524577 0.999982 -0.00296788 -0.000185881 0.00114033 0.00296194 0.999995 -0.00581013 0.0 0.0 0.0 1.0
heads/seq-02/color/frame-000022.color.png heads/seq-02/color/frame-000023.color.png 1.0 -6.94172e-05 -0.000225793 0.000122669 6.93129e-05 1.0 -0.000438531 0.000272032 0.000225827 0.000438518 1.0 0.000122946 0.0 0.0 0.0 1.0
heads/seq-02/color/frame-000023.color.png heads/seq-02/color/frame-000024.color.png 0.999974 -0.0054623 -0.00474214 0.00201766 0.00546083 0.999985 -0.000323984 0.00101577 0.00474384 0.000298074 0.999989 -0.00517476 0.0 0.0 0.0 1.0
heads/seq-02/color/frame-000024.color.png heads/seq-02/color/frame-000025.color.png 1.0 0.00011897 0.000208077 -8.26856e-05 -0.000118984 1.0 8.4856e-05 -8.34372e-05 -0.000208067 -8.48694e-05 1.0 -6.70627e-05 0.0 0.0 0.0 1.0
heads/seq-02/color/frame-000025.color.png heads/seq-02/color/frame-000026.color.png 0.999971 -0.00560859 -0.00519258 0.00312717 0.00564599 0.999958 0.00721755 -0.004904 0.00515188 -0.00724667 0.99996 -0.0048522 0.0 0.0 0.0 1.0
heads/seq-02/color/frame-000026.color.png heads/seq-02/color/frame-000027.color.png 0.999966 -0.00530456 -0.00632245 0.00193887 0.00531358 0.999985 0.00140987 -0.00370268 0.00631487 -0.00144342 0.999979 -0.00386611 0.0 0.0 0.0 1.0
heads/seq-02/color/frame-000027.color.png heads/seq-02/color/frame-000028.color.png 0.999968 -0.00266836 -0.00758311 0.000208497 0.00265564 0.999995 -0.00168554 -0.000314843 0.00758757 0.00166535 0.99997 -0.00663548 0.0 0.0 0.0 1.0
heads/seq-02/color/frame-000028.color.png heads/seq-02/color/frame-000029.color.png 1.0 -0.000200061 -0.000418445 0.000282839 0.00019977 1.0 -0.000676012 0.000486763 0.000418583 0.000675938 1.0 0.000152715 0.0 0.0 0.0 1.0
heads/seq-02/color/frame-000029.color.png heads/seq-02/color/frame-000030.color.png 0.999902 -0.000156246 -0.0140196 0.00546798 0.000226963 0.999987 0.00504261 -0.000535671 0.0140187 -0.0050453 0.999889 -0.00660437 0.0 0.0 0.0 1.0
heads/seq-02/color/frame-000030.color.png heads/seq-02/color/frame-000031.color.png 0.999963 0.00274514 -0.00817053 0.0061548 -0.00269223 0.999975 0.00648 -0.00236171 0.00818812 -0.00645777 0.999946 -0.00558509 0.0 0.0 0.0 1.0
heads/seq-02/color/frame-000031.color.png heads/seq-02/color/frame-000032.color.png 1.0 -8.4292e-05 -0.000391405 0.000266772 8.44215e-05 1.0 0.000360991 -0.000264026 0.000391375 -0.000361023 1.0 -0.00017567 0.0 0.0 0.0 1.0
heads/seq-02/color/frame-000032.color.png heads/seq-02/color/frame-000033.color.png 0.999998 0.0011999 -0.00147852 0.00246451 -0.00119945 0.999999 0.000305247 0.00115147 0.0014789 -0.000303474 0.999999 -0.00424603 0.0 0.0 0.0 1.0
heads/seq-02/color/frame-000033.color.png heads/seq-02/color/frame-000034.color.png 0.999981 -0.00361255 -0.00496375 0.0040518 0.00364041 0.999978 0.00561261 0.00208172 0.00494336 -0.00563057 0.999972 -0.00580439 0.0 0.0 0.0 1.0
heads/seq-02/color/frame-000034.color.png heads/seq-02/color/frame-000035.color.png 1.0 -6.66376e-05 -0.000374818 0.000186197 6.64922e-05 1.0 -0.000352852 0.000220785 0.000374841 0.000352827 1.0 8.01012e-05 0.0 0.0 0.0 1.0
heads/seq-02/color/frame-000035.color.png heads/seq-02/color/frame-000036.color.png 0.999978 -0.00423121 -0.0050917 0.00351366 0.00428606 0.999932 0.0108082 -0.00303086 0.00504562 -0.0108298 0.999929 -0.0035546 0.0 0.0 0.0 1.0
heads/seq-02/color/frame-000036.color.png heads/seq-02/color/frame-000037.color.png 0.999956 -0.00327865 -0.0087962 0.00654959 0.00335005 0.999961 0.008117 -0.00598717 0.00876925 -0.00814611 0.999928 -0.0050578 0.0 0.0 0.0 1.0
heads/seq-02/color/frame-000037.color.png heads/seq-02/color/frame-000038.color.png 1.0 -9.76084e-05 -0.000342773 0.000262979 9.76462e-05 1.0 0.000113899 -9.8139e-05 0.000342751 -0.000113938 1.0 -0.000168808 0.0 0.0 0.0 1.0
heads/seq-02/color/frame-000038.color.png heads/seq-02/color/frame-000039.color.png 0.999981 -0.000371907 -0.00618077 0.00709565 0.000353403 0.999996 -0.00299489 0.00073389 0.00618186 0.00299265 0.999976 -0.00560547 0.0 0.0 0.0 1.0
heads/seq-02/color/frame-000039.color.png heads/seq-02/color/frame-000040.color.png 0.999952 0.00667668 -0.00712763 0.0150506 -0.00669282 0.999975 -0.00224303 0.00450981 0.00711249 0.00229063 0.999972 -0.00445139 0.0 0.0 0.0 1.0
heads/seq-02/color/frame-000040.color.png heads/seq-02/color/frame-000041.color.png 0.999972 0.00709558 -0.0024873 0.017936 -0.0070852 0.999966 0.00415355 0.000552513 0.0025167 -0.0041358 0.999988 -0.00270278 0.0 0.0 0.0 1.0
heads/seq-02/color/frame-000041.color.png heads/seq-02/color/frame-000042.color.png 1.0 1.2173e-05 -0.000403668 0.0002288 -1.21587e-05 1.0 6.0265e-05 -7.05048e-05 0.000403653 -6.02605e-05 1.0 -0.00037922 0.0 0.0 0.0 1.0
heads/seq-02/color/frame-000042.color.png heads/seq-02/color/frame-000043.color.png 0.999937 0.00331222 0.0106884 0.00702948 -0.00330162 0.999994 -0.00100933 0.0037299 -0.0106917 0.000973983 0.999942 -0.00134638 0.0 0.0 0.0 1.0
heads/seq-02/color/frame-000043.color.png heads/seq-02/color/frame-000044.color.png 0.999983 -0.00336462 0.00464532 0.00946917 0.00333536 0.999975 0.0062919 -0.000378147 -0.00466638 -0.00627631 0.999969 -0.00469646 0.0 0.0 0.0 1.0
heads/seq-02/color/frame-000044.color.png heads/seq-02/color/frame-000045.color.png 1.0 -3.14883e-05 -0.000165607 5.49182e-05 3.15057e-05 1.0 6.47501e-05 -4.38895e-05 0.000165604 -6.47547e-05 1.0 0.000151619 0.0 0.0 0.0 1.0
heads/seq-02/color/frame-000045.color.png heads/seq-02/color/frame-000046.color.png 0.999985 -0.00438537 0.00313109 0.00724795 0.00435277 0.999937 0.0103419 -0.00508937 -0.00317624 -0.0103281 0.999942 -0.00560339 0.0 0.0 0.0 1.0
heads/seq-02/color/frame-000046.color.png heads/seq-02/color/frame-000047.color.png 0.999973 -0.00436696 -0.00596547 0.0115065 0.00439103 0.999982 0.00402785 -0.00430751 0.00594779 -0.00405393 0.999974 -0.00485016 0.0 0.0 0.0 1.0
heads/seq-02/color/frame-000047.color.png heads/seq-02/color/frame-000048.color.png 1.0 -0.000120122 0.000106563 -0.000118136 0.000120071 1.0 0.000447844 -0.000290103 -0.00010662 -0.000447831 1.0 -6.52373e-05 0.0 0.0 0.0 1.0
heads/seq-02/color/frame-000048.color.png heads/seq-02/color/frame-000049.color.png 0.999986 -0.00153821 -0.00510539 0.0142697 0.00152241 0.999994 -0.00309819 -0.00160002 0.00511012 0.00309037 0.999982 -0.00520708 0.0 0.0 0.0 1.0
heads/seq-02/color/frame-000049.color.png heads/seq-02/color/frame-000050.color.png 0.999983 0.00132665 0.00571496 0.0147764 -0.00131412 0.999997 -0.0021944 -0.000933558 -0.00571784 0.00218685 0.999981 -0.00592002 0.0 0.0 0.0 1.0
heads/seq-02/color/frame-000050.color.png heads/seq-02/color/frame-000051.color.png 0.999935 -0.000664578 0.0114081 0.0164695 0.000678935 0.999999 -0.00125495 0.00173695 -0.0114073 0.00126261 0.999934 -0.00286889 0.0 0.0 0.0 1.0
heads/seq-02/color/frame-000051.color.png heads/seq-02/color/frame-000052.color.png 1.0 -0.000136798 0.000955115 -0.000620335 0.000137377 1.0 -0.00060375 0.000463881 -0.000955027 0.000603886 0.999999 0.000568926 0.0 0.0 0.0 1.0
heads/seq-02/color/frame-000052.color.png heads/seq-02/color/frame-000053.color.png 0.999934 -0.00694281 0.00915199 0.0103524 0.00686556 0.999941 0.00844381 -0.00640675 -0.00921009 -0.00838042 0.999923 -0.0027418 0.0 0.0 0.0 1.0
heads/seq-02/color/frame-000053.color.png heads/seq-02/color/frame-000054.color.png 0.999958 -0.00687839 0.00601429 0.000851572 0.00689614 0.999972 -0.00293423 0.00332801 -0.00599394 0.00297558 0.999978 -0.00483231 0.0 0.0 0.0 1.0
heads/seq-02/color/frame-000054.color.png heads/seq-02/color/frame-000055.color.png 0.999849 -0.00171651 -0.0173137 0.0184769 0.00187034 0.999959 0.008873 -0.00332993 0.0172978 -0.00890404 0.999811 -0.00689679 0.0 0.0 0.0 1.0
heads/seq-02/color/frame-000055.color.png heads/seq-02/color/frame-000056.color.png 1.0 -6.41233e-05 -0.000246666 6.56098e-05 6.41357e-05 1.0 5.67748e-05 -3.20375e-05 0.000246666 -5.67898e-05 1.0 -0.000135854 0.0 0.0 0.0 1.0
heads/seq-02/color/frame-000056.color.png heads/seq-02/color/frame-000057.color.png 0.999971 -0.000895515 -0.00753363 0.019178 0.000902991 0.999999 0.000989299 0.00136545 0.00753273 -0.000996074 0.999971 -0.00250866 0.0 0.0 0.0 1.0
heads/seq-02/color/frame-000057.color.png heads/seq-02/color/frame-000058.color.png 0.999998 0.00167842 -0.00112661 0.0297791 -0.00167868 0.999999 -0.000203882 0.00438127 0.00112627 0.000205772 0.999999 -0.000409305 0.0 0.0 0.0 1.0
heads/seq-02/color/frame-000058.color.png heads/seq-02/color/frame-000059.color.png 0.998924 0.00361706 0.0462337 0.00215459 -0.00438229 0.999855 0.0164608 -0.0104992 -0.0461675 -0.0166457 0.998795 0.00239129 0.0 0.0 0.0 1.0
heads/seq-02/color/frame-000059.color.png heads/seq-02/color/frame-000060.color.png 0.999996 0.00245517 0.00148695 -0.000136271 -0.00245293 0.999996 -0.00151802 0.00169139 -0.00149068 0.00151437 0.999998 0.00207078 0.0 0.0 0.0 1.0
heads/seq-02/color/frame-000060.color.png heads/seq-02/color/frame-000061.color.png 0.999541 -0.00236502 0.0302059 0.00272624 0.00239829 0.999997 -0.00106474 -0.00584661 -0.0302033 0.0011367 0.999543 0.000149488 0.0 0.0 0.0 1.0
heads/seq-02/color/frame-000061.color.png heads/seq-02/color/frame-000062.color.png 0.999949 -0.00835907 0.0056548 0.0147057 0.00845827 0.999807 -0.0177536 0.00816995 -0.0055053 0.0178005 0.999827 0.00185178 0.0 0.0 0.0 1.0
heads/seq-02/color/frame-000062.color.png heads/seq-02/color/frame-000063.color.png 0.999986 -0.00120937 -0.00516704 0.00387064 0.00121396 0.999999 0.000886347 -0.00137777 0.00516596 -0.000892607 0.999986 0.000412524 0.0 0.0 0.0 1.0
heads/seq-02/color/frame-000063.color.png heads/seq-02/color/frame-000064.color.png 0.999923 -0.00972716 0.00767105 0.0144622 0.00971771 0.999952 0.00127184 -0.00316764 -0.00768305 -0.0011972 0.99997 -0.0023908 0.0 0.0 0.0 1.0
heads/seq-02/color/frame-000064.color.png heads/seq-02/color/frame-000065.color.png 0.999937 -0.00815433 0.00777743 0.0215489 0.00814277 0.999966 0.00151599 0.000126522 -0.00778953 -0.00145256 0.999969 -0.00291163 0.0 0.0 0.0 1.0
heads/seq-02/color/frame-000065.color.png heads/seq-02/color/frame-000066.color.png 0.999962 0.000374134 0.00867289 -0.00545815 -0.00038011 1.0 0.000687208 -0.000471026 -0.00867263 -0.00069048 0.999962 0.0045923 0.0 0.0 0.0 1.0
heads/seq-02/color/frame-000066.color.png heads/seq-02/color/frame-000067.color.png 0.999837 -0.00223733 0.0179448 0.0147026 0.0021345 0.999981 0.00574656 -0.00162992 -0.0179573 -0.00570732 0.999822 0.000819698 0.0 0.0 0.0 1.0
heads/seq-02/color/frame-000067.color.png heads/seq-02/color/frame-000068.color.png 0.999647 -0.00223758 0.0264812 0.00705054 0.00215375 0.999992 0.00319433 -0.0005995 -0.0264881 -0.00313617 0.999644 0.00836957 0.0 0.0 0.0 1.0
heads/seq-02/color/frame-000068.color.png heads/seq-02/color/frame-000069.color.png 0.999877 -0.00684994 0.0141047 0.00976813 0.00678772 0.999967 0.00445494 -0.00392688 -0.0141348 -0.00435866 0.999891 -0.00802051 0.0 0.0 0.0 1.0
heads/seq-02/color/frame-000069.color.png heads/seq-02/color/frame-000070.color.png 0.999987 -0.00512567 -0.000855655 0.00352612 0.00513255 0.999953 0.00825102 -0.00280706 0.000813341 -0.0082553 0.999966 -0.00617561 0.0 0.0 0.0 1.0
heads/seq-02/color/frame-000070.color.png heads/seq-02/color/frame-000071.color.png 1.0 0.000387095 -0.00074182 0.000555843 -0.00038714 1.0 -6.56659e-05 0.000251357 0.000741773 6.59529e-05 1.0 8.82e-05 0.0 0.0 0.0 1.0
heads/seq-02/color/frame-000071.color.png heads/seq-02/color/frame-000072.color.png 0.999913 -0.00149073 -0.0131227 0.0140015 0.00152899 0.999995 0.00290674 0.00222255 0.0131182 -0.00292656 0.99991 -0.000805214 0.0 0.0 0.0 1.0
heads/seq-02/color/frame-000072.color.png heads/seq-02/color/frame-000073.color.png 0.999996 0.00215153 0.00154843 0.0144418 -0.00215613 0.999993 0.00295862 0.0043462 -0.00154204 -0.00296195 0.999994 0.00442858 0.0 0.0 0.0 1.0
heads/seq-02/color/frame-000073.color.png heads/seq-02/color/frame-000074.color.png 0.999997 -0.00144381 -0.00176325 0.00145715 0.00144146 0.999998 -0.00133109 0.000441346 0.00176517 0.00132855 0.999998 -0.000318408 0.0 0.0 0.0 1.0
heads/seq-02/color/frame-000074.color.png heads/seq-02/color/frame-000075.color.png 0.999917 -0.00642475 0.0111597 0.0126871 0.00633021 0.999944 0.00848935 -0.00441753 -0.0112136 -0.008418 0.999902 0.00251168 0.0 0.0 0.0 1.0
heads/seq-02/color/frame-000075.color.png heads/seq-02/color/frame-000076.color.png 0.999936 -0.00390835 0.0105644 0.0136591 0.0038899 0.999991 0.00176345 -0.00478 -0.0105712 -0.00172224 0.999943 0.00571099 0.0 0.0 0.0 1.0
heads/seq-02/color/frame-000076.color.png heads/seq-02/color/frame-000077.color.png 1.0 0.000417859 2.07484e-05 4.39286e-05 -0.000417853 1.0 -0.00019113 0.000406872 -2.08216e-05 0.000191118 1.0 8.89152e-05 0.0 0.0 0.0 1.0
heads/seq-02/color/frame-000077.color.png heads/seq-02/color/frame-000078.color.png 0.999882 0.000706843 0.0153242 0.0113299 -0.00060802 0.999979 -0.00645115 0.00208474 -0.0153285 0.00644107 0.999862 0.0066916 0.0 0.0 0.0 1.0
heads/seq-02/color/frame-000078.color.png heads/seq-02/color/frame-000079.color.png 0.999839 -0.00631691 0.0167917 0.00927675 0.0063062 0.99998 0.000691356 -0.0043355 -0.0167956 -0.000585349 0.999859 0.00272377 0.0 0.0 0.0 1.0
heads/seq-02/color/frame-000079.color.png heads/seq-02/color/frame-000080.color.png 0.99988 -0.00654702 0.0140389 0.00659531 0.0065252 0.999977 0.00159871 -0.00249205 -0.014049 -0.00150691 0.9999 0.00539124 0.0 0.0 0.0 1.0
heads/seq-02/color/frame-000080.color.png heads/seq-02/color/frame-000081.color.png 1.0 0.000192727 -0.000262682 0.000427783 -0.00019262 1.0 0.000446832 -0.000293195 0.000262735 -0.00044678 1.0 0.000149712 0.0 0.0 0.0 1.0
heads/seq-02/color/frame-000081.color.png heads/seq-02/color/frame-000082.color.png 0.999898 -0.0124129 0.0070425 0.00574201 0.0124005 0.999922 0.00180054 -0.00654211 -0.00706425 -0.00171303 0.999974 0.00256065 0.0 0.0 0.0 1.0
heads/seq-02/color/frame-000082.color.png heads/seq-02/color/frame-000083.color.png 0.999966 -0.00744744 0.00341096 0.00786495 0.00744741 0.999972 1.77419e-05 -0.00581142 -0.00341106 7.66719e-06 0.999994 0.00192721 0.0 0.0 0.0 1.0
heads/seq-02/color/frame-000083.color.png heads/seq-02/color/frame-000084.color.png 1.0 -1.41517e-05 -0.000384345 0.000216246 1.41344e-05 1.0 -7.62104e-05 5.00642e-05 0.000384411 7.62033e-05 1.0 -0.0002691 0.0 0.0 0.0 1.0
heads/seq-02/color/frame-000084.color.png heads/seq-02/color/frame-000085.color.png 0.999983 -0.00338344 0.00478081 0.0124136 0.00339488 0.999991 -0.00237889 -0.00408467 -0.00477271 0.00239507 0.999986 0.00172578 0.0 0.0 0.0 1.0
heads/seq-02/color/frame-000085.color.png heads/seq-02/color/frame-000086.color.png 0.99997 -0.00286483 0.00714206 0.0054538 0.00289834 0.999985 -0.00469095 -0.00343715 -0.0071285 0.00471152 0.999964 0.00270376 0.0 0.0 0.0 1.0
heads/seq-02/color/frame-000086.color.png heads/seq-02/color/frame-000087.color.png 1.0 0.000129592 0.000221686 -0.000130594 -0.000129568 1.0 -0.000158881 0.000172883 -0.00022171 0.000158839 1.0 -1.36048e-05 0.0 0.0 0.0 1.0
heads/seq-02/color/frame-000087.color.png heads/seq-02/color/frame-000088.color.png 0.999991 -0.00249254 -0.00334015 0.00609681 0.00248033 0.99999 -0.00365012 -0.00361892 0.00334918 0.00364181 0.999988 -0.0013397 0.0 0.0 0.0 1.0
heads/seq-02/color/frame-000088.color.png heads/seq-02/color/frame-000089.color.png 0.999995 -6.7356e-05 -0.00321058 0.0070734 5.09083e-05 0.999987 -0.00512789 0.0010529 0.00321091 0.0051277 0.999982 -0.00189592 0.0 0.0 0.0 1.0
heads/seq-02/color/frame-000089.color.png heads/seq-02/color/frame-000090.color.png 0.999986 -0.00502248 0.00134443 0.00760287 0.00502389 0.999987 -0.00105679 -0.00549318 -0.00133907 0.00106353 0.999999 0.000207275 0.0 0.0 0.0 1.0
heads/seq-02/color/frame-000090.color.png heads/seq-02/color/frame-000091.color.png 1.0 0.000181226 -0.000594276 0.000620365 -0.00018146 1.0 -0.000349519 0.000361703 0.000594182 0.000349629 1.0 0.000140622 0.0 0.0 0.0 1.0
heads/seq-02/color/frame-000091.color.png heads/seq-02/color/frame-000092.color.png 0.999974 -0.00569707 0.00448583 0.00588474 0.00571727 0.999974 -0.00449791 -0.00376007 -0.00446009 0.00452344 0.99998 0.000129104 0.0 0.0 0.0 1.0
heads/seq-02/color/frame-000092.color.png heads/seq-02/color/frame-000093.color.png 0.999958 -0.00135481 0.00906939 0.00514528 0.00139079 0.999991 -0.00396216 0.00137669 -0.00906393 0.0039746 0.999951 0.00282414 0.0 0.0 0.0 1.0
heads/seq-02/color/frame-000093.color.png heads/seq-02/color/frame-000094.color.png 1.0 -0.00032999 -0.000218358 0.000142038 0.000329951 1.0 -0.000165708 -4.57428e-05 0.000218392 0.000165633 1.0 -7.13021e-05 0.0 0.0 0.0 1.0
heads/seq-02/color/frame-000094.color.png heads/seq-02/color/frame-000095.color.png 0.999967 -0.0072991 0.00359314 0.00896794 0.00728648 0.999967 0.00351511 -0.00324627 -0.0036187 -0.00348882 0.999987 0.000385374 0.0 0.0 0.0 1.0
heads/seq-02/color/frame-000095.color.png heads/seq-02/color/frame-000096.color.png 1.0 -4.31188e-05 -0.000169872 0.00013417 4.31265e-05 1.0 8.11037e-05 -7.16001e-06 0.000169815 -8.111e-05 1.0 -0.00028035 0.0 0.0 0.0 1.0
heads/seq-02/color/frame-000096.color.png heads/seq-02/color/frame-000097.color.png 0.999936 -0.0103318 0.00460731 0.00465202 0.010315 0.99994 0.00365661 -0.00782005 -0.00464479 -0.00360884 0.999983 0.00211707 0.0 0.0 0.0 1.0
heads/seq-02/color/frame-000097.color.png heads/seq-02/color/frame-000098.color.png 0.999937 -0.0105843 0.0037256 0.00566858 0.0105963 0.999939 -0.00320171 -0.00584357 -0.00369146 0.00324098 0.999988 0.0012898 0.0 0.0 0.0 1.0
heads/seq-02/color/frame-000098.color.png heads/seq-02/color/frame-000099.color.png 0.999968 -0.00707705 0.00375955 0.0086568 0.00708428 0.999973 -0.00192954 -0.00338024 -0.00374581 0.00195612 0.999991 -0.00138108 0.0 0.0 0.0 1.0
heads/seq-02/color/frame-000099.color.png heads/seq-02/color/frame-000100.color.png 1.0 -0.000401813 -8.09446e-05 -8.36849e-05 0.000401849 1.0 0.00013582 -0.000243388 8.09127e-05 -0.000135865 1.0 -0.000485376 0.0 0.0 0.0 1.0
heads/seq-02/color/frame-000100.color.png heads/seq-02/color/frame-000101.color.png 0.999968 -0.00550962 0.00586927 0.00615057 0.0055049 0.999985 0.000812822 -0.0016719 -0.00587363 -0.000780482 0.999983 0.00168446 0.0 0.0 0.0 1.0
heads/seq-02/color/frame-000101.color.png heads/seq-02/color/frame-000102.color.png 1.0 2.09776e-05 1.09797e-05 2.43783e-05 -2.09767e-05 1.0 0.000349792 -0.000338748 -1.09796e-05 -0.000349789 1.0 -0.000142649 0.0 0.0 0.0 1.0
heads/seq-02/color/frame-000102.color.png heads/seq-02/color/frame-000103.color.png 0.999981 -0.00606202 0.000805218 0.0065718 0.00606052 0.99998 0.00181788 -0.00220682 -0.000816201 -0.00181297 0.999998 -0.000233665 0.0 0.0 0.0 1.0
heads/seq-02/color/frame-000103.color.png heads/seq-02/color/frame-000104.color.png 0.999961 -0.00861899 -0.00174359 0.00269002 0.00862276 0.99996 0.00215395 -0.00286251 0.00172493 -0.00216892 0.999996 -0.0013573 0.0 0.0 0.0 1.0
heads/seq-02/color/frame-000104.color.png heads/seq-02/color/frame-000105.color.png 1.0 3.58026e-05 -7.46826e-05 4.83692e-05 -3.57612e-05 1.0 0.000112331 -9.07183e-05 7.4671e-05 -0.000112322 1.0 -0.000162736 0.0 0.0 0.0 1.0
heads/seq-02/color/frame-000105.color.png heads/seq-02/color/frame-000106.color.png 0.999964 -0.00566246 -0.00631264 0.00456885 0.00571601 0.999948 0.00850028 -0.00886752 0.0062642 -0.00853606 0.999944 -0.00543067 0.0 0.0 0.0 1.0
heads/seq-02/color/frame-000106.color.png heads/seq-02/color/frame-000107.color.png 1.0 0.00011031 0.000153013 -6.34789e-05 -0.000110315 1.0 -7.40245e-05 9.80198e-05 -0.000153005 7.40126e-05 1.0 0.000157297 0.0 0.0 0.0 1.0
heads/seq-02/color/frame-000107.color.png heads/seq-02/color/frame-000108.color.png 0.999999 -0.000969013 -0.000812177 0.00639981 0.000968152 0.999999 -0.00108581 -0.00498421 0.000813194 0.00108502 0.999999 -0.000852317 0.0 0.0 0.0 1.0
heads/seq-02/color/frame-000108.color.png heads/seq-02/color/frame-000109.color.png 0.999974 -0.00111182 0.00715766 0.00522053 0.00116899 0.999968 -0.00798672 -0.00498057 -0.00714852 0.00799487 0.999942 0.00270608 0.0 0.0 0.0 1.0
heads/seq-02/color/frame-000109.color.png heads/seq-02/color/frame-000110.color.png 1.0 -0.000127064 -0.000346665 0.000260472 0.000127132 1.0 0.000122782 -0.000106692 0.000346619 -0.000122825 1.0 -0.000546068 0.0 0.0 0.0 1.0
heads/seq-02/color/frame-000110.color.png heads/seq-02/color/frame-000111.color.png 0.999978 -0.00538197 0.00376791 0.0044381 0.00542589 0.999916 -0.0117425 -0.00281852 -0.00370439 0.0117627 0.999924 0.000599235 0.0 0.0 0.0 1.0
heads/seq-02/color/frame-000111.color.png heads/seq-02/color/frame-000112.color.png 0.99998 -0.00616984 -0.00156576 0.00345325 0.00615668 0.999947 -0.00828585 -0.00193663 0.00161676 0.00827604 0.999964 -0.00366578 0.0 0.0 0.0 1.0
heads/seq-02/color/frame-000112.color.png heads/seq-02/color/frame-000113.color.png 1.0 5.42991e-05 0.000105827 -9.66787e-05 -5.42811e-05 1.0 1.18779e-06 -1.2584e-05 -0.000105807 -1.18688e-06 1.0 0.00025779 0.0 0.0 0.0 1.0
heads/seq-02/color/frame-000113.color.png heads/seq-02/color/frame-000114.color.png 0.999987 -0.00429748 -0.00258691 -0.00221658 0.00426866 0.99993 -0.0110103 0.00673512 0.00263403 0.0109991 0.999936 0.00508994 0.0 0.0 0.0 1.0
heads/seq-02/color/frame-000114.color.png heads/seq-02/color/frame-000115.color.png 0.999868 -0.0059312 -0.0151069 -0.00305653 0.0059433 0.999982 0.000758933 -0.00147975 0.0151022 -0.000848612 0.999886 -0.0031758 0.0 0.0 0.0 1.0
heads/seq-02/color/frame-000115.color.png heads/seq-02/color/frame-000116.color.png 1.0 -0.000118664 -0.000135318 6.9201e-05 0.000118686 1.0 5.55961e-05 -9.26629e-05 0.000135341 -5.56076e-05 1.0 7.12276e-06 0.0 0.0 0.0 1.0
heads/seq-02/color/frame-000116.color.png heads/seq-02/color/frame-000117.color.png 0.999705 -0.00849373 -0.0227481 -0.000470281 0.00852103 0.999963 0.00110364 -0.00598297 0.0227379 -0.00129716 0.999741 -0.01238 0.0 0.0 0.0 1.0
heads/seq-02/color/frame-000117.color.png heads/seq-02/color/frame-000118.color.png 0.999728 -0.00812736 -0.0218402 -0.00254071 0.00829114 0.999938 0.00741873 -0.0108645 0.0217785 -0.0075978 0.999734 -0.0142974 0.0 0.0 0.0 1.0
heads/seq-02/color/frame-000118.color.png heads/seq-02/color/frame-000119.color.png 1.0 -0.000141265 -0.000110787 -5.80549e-05 0.000141241 1.0 -0.000271062 0.000190459 0.00011081 0.000271047 1.0 -6.92606e-05 0.0 0.0 0.0 1.0
heads/seq-02/color/frame-000119.color.png heads/seq-02/color/frame-000120.color.png 0.999695 0.00373739 -0.0243889 0.00195163 -0.00356024 0.999967 0.00730455 -0.0074795 0.0244154 -0.0072155 0.999676 -0.0183496 0.0 0.0 0.0 1.0
heads/seq-02/color/frame-000120.color.png heads/seq-02/color/frame-000121.color.png 0.999999 0.000440911 -0.00105212 0.000911474 -0.000440845 1.0 4.03201e-05 4.22448e-06 0.00105215 -3.98572e-05 1.0 -4.31836e-05 0.0 0.0 0.0 1.0
heads/seq-02/color/frame-000121.color.png heads/seq-02/color/frame-000122.color.png 0.999725 0.0106576 -0.0209037 -0.000770509 -0.0108494 0.9999 -0.00908248 0.00813098 0.0208048 0.00930679 0.99974 -0.0101924 0.0 0.0 0.0 1.0
heads/seq-02/color/frame-000122.color.png heads/seq-02/color/frame-000123.color.png 0.999442 0.0232795 -0.0239422 0.00268739 -0.0231948 0.999724 0.00381203 0.0150267 0.0240243 -0.00325457 0.999706 -0.0167356 0.0 0.0 0.0 1.0
heads/seq-02/color/frame-000123.color.png heads/seq-02/color/frame-000124.color.png 1.0 -0.000435062 0.00022575 -0.000242472 0.000435277 1.0 -0.000665805 4.37647e-05 -0.000225462 0.000665903 1.0 0.000416219 0.0 0.0 0.0 1.0
heads/seq-02/color/frame-000124.color.png heads/seq-02/color/frame-000125.color.png 0.999437 0.0274378 -0.0192998 0.00422126 -0.0270597 0.999442 0.0195897 0.00975648 0.0198265 -0.0190564 0.999622 -0.0134449 0.0 0.0 0.0 1.0
heads/seq-02/color/frame-000125.color.png heads/seq-02/color/frame-000126.color.png 0.999557 0.0219582 -0.0200812 1.66297e-05 -0.0218463 0.999745 0.0057736 0.00751715 0.0202028 -0.00533234 0.999782 -0.00589019 0.0 0.0 0.0 1.0
heads/seq-02/color/frame-000126.color.png heads/seq-02/color/frame-000127.color.png 1.0 -0.000703414 6.26388e-05 -0.000281692 0.000703475 1.0 3.71986e-05 -0.00043387 -6.26752e-05 -3.7148e-05 1.0 0.000376567 0.0 0.0 0.0 1.0
heads/seq-02/color/frame-000127.color.png heads/seq-02/color/frame-000128.color.png 0.999398 0.0226359 -0.0263008 0.00479382 -0.022536 0.999738 0.00409004 0.00975713 0.0263864 -0.00349486 0.999646 -0.0166895 0.0 0.0 0.0 1.0
heads/seq-02/color/frame-000128.color.png heads/seq-02/color/frame-000129.color.png 1.0 3.02756e-05 1.28951e-05 -4.24981e-05 -3.02865e-05 1.0 -2.40997e-05 3.60012e-05 -1.28979e-05 2.40928e-05 1.0 -6.10948e-06 0.0 0.0 0.0 1.0
heads/seq-02/color/frame-000129.color.png heads/seq-02/color/frame-000130.color.png 0.999593 0.0208429 -0.0194938 0.00336069 -0.0208379 0.999783 0.000459638 0.00985647 0.0194992 -5.32364e-05 0.99981 -0.00608377 0.0 0.0 0.0 1.0
heads/seq-02/color/frame-000130.color.png heads/seq-02/color/frame-000131.color.png 0.999451 0.0197301 -0.0266061 0.00520694 -0.0196165 0.999797 0.00452158 0.00430816 0.0266899 -0.00399718 0.999636 -0.0186325 0.0 0.0 0.0 1.0
heads/seq-02/color/frame-000131.color.png heads/seq-02/color/frame-000132.color.png 1.0 0.000785211 -0.000103492 0.000253499 -0.000785309 0.999999 -0.000691935 0.000969142 0.000102943 0.00069202 1.0 0.000870258 0.0 0.0 0.0 1.0
heads/seq-02/color/frame-000132.color.png heads/seq-02/color/frame-000133.color.png 0.999264 0.023008 -0.0306798 0.00105691 -0.0230038 0.999735 0.000488999 0.0108467 0.0306829 0.000217118 0.999529 -0.0135852 0.0 0.0 0.0 1.0
heads/seq-02/color/frame-000133.color.png heads/seq-02/color/frame-000134.color.png 0.999123 0.0230832 -0.0349312 0.00239164 -0.0231984 0.999727 -0.00289678 0.011803 0.0348548 0.00370458 0.999385 -0.0144822 0.0 0.0 0.0 1.0
heads/seq-02/color/frame-000134.color.png heads/seq-02/color/frame-000135.color.png 0.999335 0.0160351 -0.032742 0.00197661 -0.0161517 0.999864 -0.00329694 0.0109163 0.0326847 0.00382359 0.999458 -0.0166976 0.0 0.0 0.0 1.0
heads/seq-02/color/frame-000135.color.png heads/seq-02/color/frame-000136.color.png 0.999999 0.000481306 -0.0010892 0.000770271 -0.000481312 1.0 -1.64947e-05 0.000367396 0.00108922 1.70173e-05 0.999999 -0.000418276 0.0 0.0 0.0 1.0
heads/seq-02/color/frame-000136.color.png heads/seq-02/color/frame-000137.color.png 0.999039 0.0110606 -0.0424102 0.00886023 -0.0108068 0.999922 0.00620997 0.00425911 0.0424756 -0.00574569 0.999081 -0.0187235 0.0 0.0 0.0 1.0
heads/seq-02/color/frame-000137.color.png heads/seq-02/color/frame-000138.color.png 0.999333 0.0120091 -0.0344762 0.00486982 -0.0121582 0.999918 -0.00411833 0.00615373 0.0344239 0.00453475 0.999397 -0.0111749 0.0 0.0 0.0 1.0
heads/seq-02/color/frame-000138.color.png heads/seq-02/color/frame-000139.color.png 0.999183 0.0113639 -0.0387966 0.00649309 -0.011454 0.999932 -0.00210173 0.00522355 0.0387701 0.00254439 0.999245 -0.0188709 0.0 0.0 0.0 1.0
heads/seq-02/color/frame-000139.color.png heads/seq-02/color/frame-000140.color.png 0.999983 0.00160067 -0.0056153 0.00495076 -0.00155948 0.999972 0.00733301 -0.00536545 0.00562689 -0.00732412 0.999957 -0.00734775 0.0 0.0 0.0 1.0
heads/seq-02/color/frame-000140.color.png heads/seq-02/color/frame-000141.color.png 0.999348 0.013291 -0.0335764 0.00658029 -0.013425 0.999903 -0.00376786 0.0108508 0.033523 0.00421616 0.999429 -0.010359 0.0 0.0 0.0 1.0
heads/seq-02/color/frame-000141.color.png heads/seq-02/color/frame-000142.color.png 0.999856 0.00941861 -0.0140896 -0.000309646 -0.00943984 0.999954 -0.00144149 0.00238359 0.0140754 0.00157427 0.9999 -0.00495869 0.0 0.0 0.0 1.0
heads/seq-02/color/frame-000142.color.png heads/seq-02/color/frame-000143.color.png 0.999404 0.0122126 -0.0323031 0.0167285 -0.0122115 0.999925 0.000232498 0.00246485 0.0323036 0.00016212 0.999478 -0.0239584 0.0 0.0 0.0 1.0
heads/seq-02/color/frame-000143.color.png heads/seq-02/color/frame-000144.color.png 0.99967 0.00253697 -0.0255839 0.00733668 -0.00243706 0.999989 0.0039354 0.000359535 0.0255936 -0.00387175 0.999665 -0.00719763 0.0 0.0 0.0 1.0
heads/seq-02/color/frame-000144.color.png heads/seq-02/color/frame-000145.color.png 0.999661 0.000410977 -0.0260427 0.00906652 -0.000368486 0.999999 0.00163615 -0.00144853 0.0260433 -0.00162602 0.999659 -0.00662214 0.0 0.0 0.0 1.0
heads/seq-02/color/frame-000145.color.png heads/seq-02/color/frame-000146.color.png 1.0 -0.000210766 0.000305931 -0.000172317 0.00021077 1.0 -1.06215e-05 -8.36551e-05 -0.000305857 1.06929e-05 1.0 0.000477374 0.0 0.0 0.0 1.0
heads/seq-02/color/frame-000146.color.png heads/seq-02/color/frame-000147.color.png 0.999688 0.00265341 -0.0248557 0.0161427 -0.00276841 0.999986 -0.0045935 0.00317623 0.0248431 0.00466086 0.99968 -0.00138574 0.0 0.0 0.0 1.0
heads/seq-02/color/frame-000147.color.png heads/seq-02/color/frame-000148.color.png 0.999984 0.00085986 0.0055033 0.0013482 -0.000864536 0.999999 0.000847414 0.000749886 -0.00550258 -0.000852154 0.999984 0.00565449 0.0 0.0 0.0 1.0
heads/seq-02/color/frame-000148.color.png heads/seq-02/color/frame-000149.color.png 0.999935 0.00865762 -0.0074284 0.00506532 -0.00861369 0.999945 0.00592598 0.00473925 0.00747923 -0.00586161 0.999955 0.00183718 0.0 0.0 0.0 1.0
heads/seq-02/color/frame-000149.color.png heads/seq-02/color/frame-000150.color.png 0.999689 0.0187862 -0.0163819 0.0117068 -0.018783 0.999823 0.000350101 0.0106712 0.0163855 -4.22943e-05 0.999866 -0.00627266 0.0 0.0 0.0 1.0
heads/seq-02/color/frame-000150.color.png heads/seq-02/color/frame-000151.color.png 0.999519 0.0133248 -0.0280218 0.0201836 -0.0129471 0.999824 0.0136154 -0.00467609 0.0281983 -0.013246 0.999515 -0.016335 0.0 0.0 0.0 1.0
heads/seq-02/color/frame-000151.color.png heads/seq-02/color/frame-000152.color.png 0.999722 0.0147057 -0.0184175 0.00489247 -0.0147478 0.999889 -0.00215582 0.00798862 0.0183836 0.00242686 0.999828 -0.00893963 0.0 0.0 0.0 1.0
heads/seq-02/color/frame-000152.color.png heads/seq-02/color/frame-000153.color.png 0.999839 0.0119299 -0.0133949 0.00679654 -0.0120556 0.999884 -0.00934701 0.012058 0.0132819 0.00950695 0.999866 -0.00119866 0.0 0.0 0.0 1.0
heads/seq-02/color/frame-000153.color.png heads/seq-02/color/frame-000154.color.png 0.999954 0.00814368 0.00507075 0.0028947 -0.00813306 0.999965 -0.00212047 0.00612096 -0.00508781 0.00207916 0.999985 0.00433827 0.0 0.0 0.0 1.0
heads/seq-02/color/frame-000154.color.png heads/seq-02/color/frame-000155.color.png 0.999915 0.00675662 -0.0111342 0.012109 -0.00667239 0.999949 0.00758152 -0.003977 0.0111848 -0.00750658 0.999909 -0.00711139 0.0 0.0 0.0 1.0
heads/seq-02/color/frame-000155.color.png heads/seq-02/color/frame-000156.color.png 0.999969 0.00340125 0.00714932 0.00189388 -0.00340955 0.999994 0.00114515 0.00105076 -0.0071453 -0.0011695 0.999974 0.00334349 0.0 0.0 0.0 1.0
heads/seq-02/color/frame-000156.color.png heads/seq-02/color/frame-000157.color.png 0.999979 0.00564598 -0.00310872 0.00914139 -0.00563239 0.999975 0.00436714 0.000837401 0.00313326 -0.00434953 0.999986 -0.00303474 0.0 0.0 0.0 1.0
heads/seq-02/color/frame-000157.color.png heads/seq-02/color/frame-000158.color.png 0.999965 0.00627179 -0.00559064 0.0100698 -0.00618401 0.99986 0.0155782 -0.00979465 0.00568748 -0.0155431 0.999863 -0.00411439 0.0 0.0 0.0 1.0
heads/seq-02/color/frame-000158.color.png heads/seq-02/color/frame-000159.color.png 0.999905 0.00249296 -0.0135713 0.0159456 -0.00242027 0.999983 0.00536952 -0.0014081 0.0135845 -0.00533618 0.999893 -0.0116981 0.0 0.0 0.0 1.0
heads/seq-02/color/frame-000159.color.png heads/seq-02/color/frame-000160.color.png 0.999923 0.0121128 0.00285414 0.0097276 -0.0121102 0.999926 -0.000917826 0.013371 -0.00286501 0.000883172 0.999995 -0.00225971 0.0 0.0 0.0 1.0
heads/seq-02/color/frame-000160.color.png heads/seq-02/color/frame-000161.color.png 0.999704 0.0193435 0.0147392 0.011978 -0.0194849 0.999765 0.00950852 0.00867072 -0.0145519 -0.00979287 0.999846 0.00840287 0.0 0.0 0.0 1.0
heads/seq-02/color/frame-000161.color.png heads/seq-02/color/frame-000162.color.png 0.99975 0.018605 0.0124399 0.00894696 -0.0187578 0.999749 0.0122859 0.00226685 -0.0122082 -0.0125162 0.999847 0.00556253 0.0 0.0 0.0 1.0
heads/seq-02/color/frame-000162.color.png heads/seq-02/color/frame-000163.color.png 0.99998 0.00557697 0.00308554 0.011483 -0.00561563 0.999904 0.0126545 -0.00314064 -0.00301474 -0.0126715 0.999915 -0.00183798 0.0 0.0 0.0 1.0
heads/seq-02/color/frame-000163.color.png heads/seq-02/color/frame-000164.color.png 0.999975 0.00480816 0.00509149 0.00496799 -0.00486291 0.99993 0.0107968 -0.000968561 -0.00503916 -0.0108213 0.999929 -0.0022495 0.0 0.0 0.0 1.0
heads/seq-02/color/frame-000164.color.png heads/seq-02/color/frame-000165.color.png 0.99994 0.0106864 0.0023075 0.00614923 -0.0107085 0.999895 0.00977046 0.00310892 -0.00220284 -0.00979455 0.99995 -0.00424214 0.0 0.0 0.0 1.0
heads/seq-02/color/frame-000165.color.png heads/seq-02/color/frame-000166.color.png 0.999952 0.00740847 0.00643999 0.00579804 -0.0074837 0.999903 0.0117383 0.0025185 -0.00635241 -0.011786 0.99991 0.000759177 0.0 0.0 0.0 1.0
heads/seq-02/color/frame-000166.color.png heads/seq-02/color/frame-000167.color.png 0.999999 -0.000863399 -0.000957245 0.00156605 0.000868643 0.999985 0.00549765 -0.00529775 0.000952466 -0.00549846 0.999984 -0.00257966 0.0 0.0 0.0 1.0
heads/seq-02/color/frame-000167.color.png heads/seq-02/color/frame-000168.color.png 0.99984 -0.00117249 0.0178665 0.00307411 0.000939581 0.999914 0.0130396 -0.00748402 -0.0178801 -0.0130207 0.999755 0.0111173 0.0 0.0 0.0 1.0
heads/seq-02/color/frame-000168.color.png heads/seq-02/color/frame-000169.color.png 0.999795 -0.0102664 0.0174419 -0.00153077 0.0100755 0.999889 0.0109966 -0.01551 -0.0175529 -0.0108186 0.999787 0.0103617 0.0 0.0 0.0 1.0
heads/seq-02/color/frame-000169.color.png heads/seq-02/color/frame-000170.color.png 0.999781 -0.0175445 0.0114088 -0.00349557 0.0174008 0.999769 0.0125788 -0.0189117 -0.0116269 -0.0123776 0.999856 0.00292665 0.0 0.0 0.0 1.0
heads/seq-02/color/frame-000170.color.png heads/seq-02/color/frame-000171.color.png 0.999945 -0.0094177 0.00450616 0.000602603 0.00934157 0.999818 0.0166339 -0.0163473 -0.004662 -0.0165909 0.999851 0.00203235 0.0 0.0 0.0 1.0
heads/seq-02/color/frame-000171.color.png heads/seq-02/color/frame-000172.color.png 0.999937 -0.00311875 0.0108163 0.000772893 0.00306669 0.999984 0.00482404 -0.00296408 -0.0108312 -0.00479053 0.99993 0.00604871 0.0 0.0 0.0 1.0
heads/seq-02/color/frame-000172.color.png heads/seq-02/color/frame-000173.color.png 0.999713 -0.00416375 0.023575 5.97239e-05 0.00392762 0.999942 0.0100542 -0.00580528 -0.0236154 -0.00995875 0.999671 0.0164337 0.0 0.0 0.0 1.0
heads/seq-02/color/frame-000173.color.png heads/seq-02/color/frame-000174.color.png 0.999549 -0.0073664 0.029119 -0.00395828 0.00710235 0.999933 0.00916149 -0.0108804 -0.0291845 -0.00895055 0.999534 0.0193637 0.0 0.0 0.0 1.0
heads/seq-02/color/frame-000174.color.png heads/seq-02/color/frame-000175.color.png 0.999837 -0.00233218 0.0179131 -0.0037449 0.00217072 0.999957 0.00902991 -0.00411457 -0.0179334 -0.00898955 0.999799 0.00808656 0.0 0.0 0.0 1.0
heads/seq-02/color/frame-000175.color.png heads/seq-02/color/frame-000176.color.png 0.999936 -0.00125959 0.0112709 -0.00381535 0.00113767 0.999941 0.0108134 -0.00364554 -0.0112839 -0.0107999 0.999878 0.00828949 0.0 0.0 0.0 1.0
