pumpkin/seq-02/color/frame-000000.color.png pumpkin/seq-02/color/frame-000003.color.png 0.999164 -0.040868 -0.00125355 -0.0298961 0.0407875 0.998399 -0.0391804 -0.00360432 0.00285277 0.0390965 0.999231 -0.0252004 0.0 0.0 0.0 1.0
pumpkin/seq-02/color/frame-000001.color.png pumpkin/seq-02/color/frame-000004.color.png 0.999186 -0.0366248 -0.0168871 0.00639611 0.0363558 0.999211 -0.0159686 0.00587385 0.0174587 0.0153416 0.99973 -0.0200787 0.0 0.0 0.0 1.0
pumpkin/seq-02/color/frame-000002.color.png pumpkin/seq-02/color/frame-000005.color.png 0.999354 -0.0331444 -0.0138953 0.00787523 0.0330045 0.999403 -0.010183 -0.00603871 0.0142245 0.00971783 0.999852 -0.0191139 0.0 0.0 0.0 1.0
pumpkin/seq-02/color/frame-000003.color.png pumpkin/seq-02/color/frame-000006.color.png 0.999582 -0.0289056 -0.000531018 -0.00386832 0.0288999 0.999544 -0.00870207 -0.0216445 0.000782315 0.00868309 0.999962 -0.0176443 0.0 0.0 0.0 1.0
pumpkin/seq-02/color/frame-000004.color.png pumpkin/seq-02/color/frame-000007.color.png 0.999368 -0.0355319 -0.00095779 -0.0191026 0.0355073 0.999189 -0.0189998 -0.0306275 0.00163211 0.0189538 0.999819 -0.0202036 0.0 0.0 0.0 1.0
pumpkin/seq-02/color/frame-000005.color.png pumpkin/seq-02/color/frame-000008.color.png 0.999625 -0.0246022 -0.0120318 -0.00945647 0.0242501 0.999297 -0.0285861 -0.0025699 0.0127266 0.0282836 0.999519 -0.0221725 0.0 0.0 0.0 1.0
pumpkin/seq-02/color/frame-000006.color.png pumpkin/seq-02/color/frame-000009.color.png 0.999831 0.00126947 -0.0183414 0.00574023 -0.00166509 0.999766 -0.0215701 0.0132816 0.0183097 0.0215969 0.999599 -0.0157778 0.0 0.0 0.0 1.0
pumpkin/seq-02/color/frame-000007.color.png pumpkin/seq-02/color/frame-000010.color.png 0.999894 0.00852423 -0.0117701 0.0171563 -0.00863953 0.999915 -0.00977869 0.00597689 0.0116858 0.00987936 0.999883 -0.016417 0.0 0.0 0.0 1.0
pumpkin/seq-02/color/frame-000008.color.png pumpkin/seq-02/color/frame-000011.color.png 0.999984 0.00527755 0.00218846 -0.00416157 -0.00525963 0.999953 -0.00811905 -0.00369041 -0.0022312 0.00810742 0.999965 -0.0171714 0.0 0.0 0.0 1.0
pumpkin/seq-02/color/frame-000009.color.png pumpkin/seq-02/color/frame-000012.color.png 0.999996 0.00277887 -0.000953385 -0.0154517 -0.00277668 0.999994 0.00228466 -0.0247719 0.000959721 -0.002282 0.999997 -0.0229995 0.0 0.0 0.0 1.0
pumpkin/seq-02/color/frame-000010.color.png pumpkin/seq-02/color/frame-000013.color.png 0.99995 -0.000536053 -0.00995692 -0.0143264 0.00041695 0.999928 -0.0119603 -0.0175922 0.00996262 0.0119556 0.999879 -0.0181365 0.0 0.0 0.0 1.0
pumpkin/seq-02/color/frame-000011.color.png pumpkin/seq-02/color/frame-000014.color.png 0.999643 -0.0105126 -0.0245641 -0.0180645 0.00997154 0.999707 -0.0220453 -0.0298101 0.0247887 0.0217925 0.999455 -0.0252384 0.0 0.0 0.0 1.0
pumpkin/seq-02/color/frame-000012.color.png pumpkin/seq-02/color/frame-000015.color.png 0.999679 0.00247864 -0.025219 -0.00803672 -0.00342422 0.99929 -0.0375206 0.0105697 0.0251081 0.0375949 0.998977 -0.0153555 0.0 0.0 0.0 1.0
pumpkin/seq-02/color/frame-000013.color.png pumpkin/seq-02/color/frame-000016.color.png 0.999593 0.0156495 -0.0238691 0.019433 -0.0161212 0.999676 -0.0196958 0.0214775 0.0235531 0.0200726 0.999521 -0.0165616 0.0 0.0 0.0 1.0
pumpkin/seq-02/color/frame-000014.color.png pumpkin/seq-02/color/frame-000017.color.png 0.999699 0.0227618 0.00916787 0.000829253 -0.0228228 0.999718 0.0065966 -0.0230653 -0.00901512 -0.00680385 0.999936 -0.0135563 0.0 0.0 0.0 1.0
pumpkin/seq-02/color/frame-000015.color.png pumpkin/seq-02/color/frame-000018.color.png 0.999812 0.00638556 0.0183009 -0.0269702 -0.00651047 0.999956 0.0067741 -0.0392758 -0.0182568 -0.00689195 0.99981 -0.0196865 0.0 0.0 0.0 1.0
pumpkin/seq-02/color/frame-000016.color.png pumpkin/seq-02/color/frame-000019.color.png 0.99995 -0.00925339 -0.0036874 -0.0141046 0.00921278 0.999898 -0.0108825 -0.0308985 0.00378773 0.010848 0.999934 -0.00787848 0.0 0.0 0.0 1.0
pumpkin/seq-02/color/frame-000017.color.png pumpkin/seq-02/color/frame-000020.color.png 0.999816 -0.0126013 -0.0144954 0.00113093 0.0124714 0.999882 -0.00902211 -0.0184842 0.0146073 0.00883966 0.999854 -0.0131036 0.0 0.0 0.0 1.0
pumpkin/seq-02/color/frame-000018.color.png pumpkin/seq-02/color/frame-000021.color.png 0.999943 -0.000491372 -0.0106182 0.0244731 0.000259869 0.999762 -0.0217936 -0.0145346 0.0106264 0.0217896 0.999706 -0.00290311 0.0 0.0 0.0 1.0
pumpkin/seq-02/color/frame-000019.color.png pumpkin/seq-02/color/frame-000022.color.png 0.999811 0.0157868 0.0113277 0.0110709 -0.0156747 0.999828 -0.00991853 -0.028494 -0.0114823 0.00973907 0.999887 -0.00911529 0.0 0.0 0.0 1.0
pumpkin/seq-02/color/frame-000020.color.png pumpkin/seq-02/color/frame-000023.color.png 0.999692 0.017958 0.0171244 0.0046357 -0.017737 0.999759 -0.0129703 0.0223753 -0.0173532 0.0126625 0.999769 0.00144987 0.0 0.0 0.0 1.0
pumpkin/seq-02/color/frame-000021.color.png pumpkin/seq-02/color/frame-000024.color.png 0.99972 -0.00366094 0.0233871 -0.0236278 0.00247395 0.998717 0.0505824 -0.00115669 -0.0235423 -0.0505104 0.998446 -0.00424348 0.0 0.0 0.0 1.0
pumpkin/seq-02/color/frame-000022.color.png pumpkin/seq-02/color/frame-000025.color.png 0.99934 -0.0305579 0.019635 -0.0520792 0.0291744 0.99731 0.0672506 -0.0150548 -0.0216372 -0.0666334 0.997543 -0.0070015 0.0 0.0 0.0 1.0
pumpkin/seq-02/color/frame-000023.color.png pumpkin/seq-02/color/frame-000026.color.png 0.991632 -0.110852 -0.0661704 -0.0169254 0.115345 0.990964 0.06845 -0.0302473 0.0579847 -0.0755096 0.995458 0.0162953 0.0 0.0 0.0 1.0
pumpkin/seq-02/color/frame-000024.color.png pumpkin/seq-02/color/frame-000027.color.png 0.982989 -0.14917 -0.107152 -0.10112 0.152265 0.988111 0.0212604 -0.0389894 0.102707 -0.0372144 0.994015 0.0230113 0.0 0.0 0.0 1.0
pumpkin/seq-02/color/frame-000025.color.png pumpkin/seq-02/color/frame-000028.color.png 0.976191 -0.150339 -0.156362 -0.0155759 0.151647 0.988428 -0.00359955 -0.023008 0.155093 -0.0201979 0.987693 0.0283137 0.0 0.0 0.0 1.0
pumpkin/seq-02/color/frame-000026.color.png pumpkin/seq-02/color/frame-000029.color.png 0.996949 -0.00775847 -0.0776716 0.046209 0.0087186 0.99989 0.01203 -0.0723682 0.0775697 -0.0126704 0.996906 0.0118537 0.0 0.0 0.0 1.0
pumpkin/seq-02/color/frame-000027.color.png pumpkin/seq-02/color/frame-000030.color.png 0.99737 0.0714032 -0.0124579 0.0961216 -0.071475 0.997428 -0.00541612 -0.00808964 0.0120391 0.0062923 0.999908 0.0217832 0.0 0.0 0.0 1.0
pumpkin/seq-02/color/frame-000028.color.png pumpkin/seq-02/color/frame-000031.color.png 0.993797 0.0929275 0.0610892 -0.0464379 -0.0934094 0.995615 0.00507284 -0.000676297 -0.0603499 -0.0107477 0.998119 0.0129383 0.0 0.0 0.0 1.0
pumpkin/seq-02/color/frame-000029.color.png pumpkin/seq-02/color/frame-000032.color.png 0.998698 0.0320024 0.0397178 -0.131554 -0.0325015 0.9994 0.0119855 -0.00412205 -0.0393104 -0.0132608 0.999139 0.0188553 0.0 0.0 0.0 1.0
pumpkin/seq-02/color/frame-000030.color.png pumpkin/seq-02/color/frame-000033.color.png 0.999673 0.00170523 -0.0255214 -0.033115 -0.00117934 0.999787 0.020608 -0.00951666 0.0255511 -0.0205712 0.999462 0.0196121 0.0 0.0 0.0 1.0
pumpkin/seq-02/color/frame-000031.color.png pumpkin/seq-02/color/frame-000034.color.png 0.998982 0.00958313 -0.0440724 0.0540609 -0.0093991 0.999946 0.00438037 -0.00780297 0.0441119 -0.00396167 0.999019 0.0201375 0.0 0.0 0.0 1.0
pumpkin/seq-02/color/frame-000032.color.png pumpkin/seq-02/color/frame-000035.color.png 0.999665 0.015841 -0.0204752 0.0350817 -0.0156831 0.999846 0.00784817 -0.0145397 0.0205963 -0.00752442 0.99976 0.0113692 0.0 0.0 0.0 1.0
pumpkin/seq-02/color/frame-000033.color.png pumpkin/seq-02/color/frame-000036.color.png 0.99965 0.0248149 0.00911685 -0.0323285 -0.0247421 0.999662 -0.00801062 -0.0321086 -0.00931257 0.00778225 0.999926 0.00250557 0.0 0.0 0.0 1.0
pumpkin/seq-02/color/frame-000034.color.png pumpkin/seq-02/color/frame-000037.color.png 0.999981 0.00594853 -0.00187474 -0.0442718 -0.00595209 0.999981 -0.00188535 -0.0401298 0.00186347 0.00189647 0.999996 0.00966648 0.0 0.0 0.0 1.0
pumpkin/seq-02/color/frame-000035.color.png pumpkin/seq-02/color/frame-000038.color.png 0.99953 0.018193 -0.0246856 -0.00139422 -0.0183917 0.9998 -0.00784775 -0.0188288 0.024538 0.00829806 0.999664 0.00900017 0.0 0.0 0.0 1.0
pumpkin/seq-02/color/frame-000036.color.png pumpkin/seq-02/color/frame-000039.color.png 0.999432 0.0326891 -0.00821827 0.0153385 -0.0327726 0.99941 -0.0102439 -0.0212674 0.00787857 0.0105075 0.999914 0.00652069 0.0 0.0 0.0 1.0
pumpkin/seq-02/color/frame-000037.color.png pumpkin/seq-02/color/frame-000040.color.png 0.999207 0.0397282 0.00282006 0.00844697 -0.0397058 0.999182 -0.00759218 0.00276409 -0.00311934 0.00747419 0.999967 0.00682577 0.0 0.0 0.0 1.0
pumpkin/seq-02/color/frame-000038.color.png pumpkin/seq-02/color/frame-000041.color.png 0.998859 0.0469944 0.00844725 0.0141534 -0.0469577 0.998887 -0.0044944 0.0332388 -0.00864908 0.00409261 0.999954 0.0141116 0.0 0.0 0.0 1.0
pumpkin/seq-02/color/frame-000039.color.png pumpkin/seq-02/color/frame-000042.color.png 0.99911 0.0421826 -0.000446019 0.0338794 -0.0421173 0.998052 0.0460268 -0.0318712 0.00238675 -0.045967 0.99894 0.00698792 0.0 0.0 0.0 1.0
pumpkin/seq-02/color/frame-000040.color.png pumpkin/seq-02/color/frame-000043.color.png 0.997342 0.0678991 0.0264307 0.0273039 -0.0690659 0.996548 0.0460708 -0.0566672 -0.0232113 -0.0477738 0.998589 -0.0100054 0.0 0.0 0.0 1.0
pumpkin/seq-02/color/frame-000041.color.png pumpkin/seq-02/color/frame-000044.color.png 0.997346 0.0605408 0.0404555 -0.00416739 -0.0622167 0.997198 0.0415365 -0.0930901 -0.0378274 -0.0439432 0.998318 -0.017335 0.0 0.0 0.0 1.0
pumpkin/seq-02/color/frame-000042.color.png pumpkin/seq-02/color/frame-000045.color.png 0.996056 0.0679687 0.0570402 -0.0319595 -0.0687003 0.997577 0.0109622 -0.0497925 -0.0561569 -0.0148376 0.998312 -0.0208706 0.0 0.0 0.0 1.0
pumpkin/seq-02/color/frame-000043.color.png pumpkin/seq-02/color/frame-000046.color.png 0.998286 0.0466793 0.0352853 -0.0222406 -0.0469982 0.998861 0.00826184 -0.0414158 -0.0348594 -0.00990602 0.999343 -0.0115005 0.0 0.0 0.0 1.0
pumpkin/seq-02/color/frame-000044.color.png pumpkin/seq-02/color/frame-000047.color.png 0.997576 0.0581788 0.0381674 -0.00900913 -0.0581452 0.998306 -0.00199015 -0.0253745 -0.0382186 -0.000233912 0.999269 -0.00647638 0.0 0.0 0.0 1.0
pumpkin/seq-02/color/frame-000045.color.png pumpkin/seq-02/color/frame-000048.color.png 0.998335 0.0528647 0.0230912 0.021998 -0.0528957 0.9986 0.000734586 -0.0387674 -0.02302 -0.00195479 0.999733 -0.0047353 0.0 0.0 0.0 1.0
pumpkin/seq-02/color/frame-000046.color.png pumpkin/seq-02/color/frame-000049.color.png 0.998171 0.0518052 0.0311637 0.00114892 -0.0516494 0.998649 -0.00578438 -0.0251578 -0.0314212 0.00416421 0.999498 -0.0129648 0.0 0.0 0.0 1.0
pumpkin/seq-02/color/frame-000047.color.png pumpkin/seq-02/color/frame-000050.color.png 0.999444 0.0152028 0.0296694 -0.0394635 -0.0152189 0.999884 0.000316527 -0.00987476 -0.0296612 -0.000767884 0.99956 -0.0143218 0.0 0.0 0.0 1.0
pumpkin/seq-02/color/frame-000048.color.png pumpkin/seq-02/color/frame-000051.color.png 0.999798 -0.00165808 0.0200303 -0.0606648 0.00167079 0.999998 -0.000617923 0.0154011 -0.0200292 0.000651273 0.999799 -0.000940394 0.0 0.0 0.0 1.0
pumpkin/seq-02/color/frame-000049.color.png pumpkin/seq-02/color/frame-000052.color.png 0.99935 -0.0320861 -0.0164367 -0.0201841 0.0326262 0.998899 0.03372 0.0107332 0.0153366 -0.0342343 0.999296 -0.0191867 0.0 0.0 0.0 1.0
pumpkin/seq-02/color/frame-000050.color.png pumpkin/seq-02/color/frame-000053.color.png 0.999463 -0.0207893 -0.0253187 0.00577593 0.021968 0.998644 0.0472022 -0.0210367 0.0243031 -0.0477331 0.998564 -0.0170382 0.0 0.0 0.0 1.0
pumpkin/seq-02/color/frame-000051.color.png pumpkin/seq-02/color/frame-000054.color.png 0.999514 -0.0148716 -0.0273815 0.0454801 0.016456 0.998147 0.0585761 -0.0197734 0.0264596 -0.0589982 0.997907 -0.0147754 0.0 0.0 0.0 1.0
pumpkin/seq-02/color/frame-000052.color.png pumpkin/seq-02/color/frame-000055.color.png 0.999944 0.00914773 0.00531955 0.0247541 -0.0093566 0.999129 0.0406651 -0.0433261 -0.00494294 -0.0407125 0.999159 -0.00745649 0.0 0.0 0.0 1.0
pumpkin/seq-02/color/frame-000053.color.png pumpkin/seq-02/color/frame-000056.color.png 0.9998 0.0114192 0.0163966 0.0224496 -0.0119943 0.999301 0.0354144 -0.0384604 -0.0159807 -0.035604 0.999238 -0.0265341 0.0 0.0 0.0 1.0
pumpkin/seq-02/color/frame-000054.color.png pumpkin/seq-02/color/frame-000057.color.png 0.999394 0.0090839 0.0336014 -0.0152307 -0.00987847 0.999674 0.0235566 -0.0178693 -0.0333764 -0.0238743 0.999158 -0.0353967 0.0 0.0 0.0 1.0
pumpkin/seq-02/color/frame-000055.color.png pumpkin/seq-02/color/frame-000058.color.png 0.999628 0.0118519 0.0245616 -0.0196322 -0.0124423 0.999634 0.0240272 -0.0125369 -0.0242679 -0.0243238 0.99941 -0.0254256 0.0 0.0 0.0 1.0
pumpkin/seq-02/color/frame-000056.color.png pumpkin/seq-02/color/frame-000059.color.png 0.999899 0.00625859 0.0127437 -0.0137378 -0.00647778 0.999831 0.0172323 0.00487894 -0.0126337 -0.0173131 0.99977 -0.0177302 0.0 0.0 0.0 1.0
pumpkin/seq-02/color/frame-000057.color.png pumpkin/seq-02/color/frame-000060.color.png 0.999938 0.0108804 -0.00234161 0.0127695 -0.0107841 0.999226 0.0378253 -0.0394629 0.00275137 -0.0377977 0.999282 -0.0318133 0.0 0.0 0.0 1.0
pumpkin/seq-02/color/frame-000058.color.png pumpkin/seq-02/color/frame-000061.color.png 0.999888 0.0149546 0.000166494 0.0128696 -0.0149504 0.999195 0.0372241 -0.0435225 0.000390301 -0.0372225 0.999307 -0.0337218 0.0 0.0 0.0 1.0
pumpkin/seq-02/color/frame-000059.color.png pumpkin/seq-02/color/frame-000062.color.png 0.999771 0.0212438 0.00248593 0.0146337 -0.0213128 0.999255 0.0321663 -0.0415776 -0.00180076 -0.0322119 0.999479 -0.0255906 0.0 0.0 0.0 1.0
pumpkin/seq-02/color/frame-000060.color.png pumpkin/seq-02/color/frame-000063.color.png 0.999563 0.000651912 0.0295457 -0.0143104 -0.00113639 0.999865 0.0163833 -0.0567193 -0.0295311 -0.0164098 0.999429 -0.0359532 0.0 0.0 0.0 1.0
pumpkin/seq-02/color/frame-000061.color.png pumpkin/seq-02/color/frame-000064.color.png 0.999656 -0.0134073 0.0225445 -0.000164658 0.0135042 0.9999 -0.00414971 -0.025632 -0.0224866 0.00445272 0.999737 -0.0198182 0.0 0.0 0.0 1.0
pumpkin/seq-02/color/frame-000062.color.png pumpkin/seq-02/color/frame-000065.color.png 0.999668 -0.0124619 0.0225411 -0.014585 0.0125091 0.99992 -0.00195456 -0.0504407 -0.0225149 0.0022359 0.999744 -0.0171268 0.0 0.0 0.0 1.0
pumpkin/seq-02/color/frame-000063.color.png pumpkin/seq-02/color/frame-000066.color.png 0.999982 -0.00605825 -0.000147722 0.00581518 0.00605651 0.999934 -0.00979526 -0.0463592 0.000207053 0.00979423 0.999952 -0.0227441 0.0 0.0 0.0 1.0
pumpkin/seq-02/color/frame-000064.color.png pumpkin/seq-02/color/frame-000067.color.png 0.999841 0.00530637 0.0170005 -0.0320393 -0.00527192 0.999984 -0.00207077 -0.114492 -0.0170112 0.00198083 0.999853 -0.0173363 0.0 0.0 0.0 1.0
pumpkin/seq-02/color/frame-000065.color.png pumpkin/seq-02/color/frame-000068.color.png 0.999973 0.001734 -0.00720551 0.0615208 -0.00200157 0.999302 -0.037295 -0.0292996 0.00713582 0.0373085 0.999278 -0.0219131 0.0 0.0 0.0 1.0
pumpkin/seq-02/color/frame-000066.color.png pumpkin/seq-02/color/frame-000069.color.png 0.999612 0.0106473 0.0257507 0.00423369 -0.00983173 0.999452 -0.0315921 -0.0337585 -0.026073 0.0313266 0.999169 -0.0224583 0.0 0.0 0.0 1.0
pumpkin/seq-02/color/frame-000067.color.png pumpkin/seq-02/color/frame-000070.color.png 0.999732 0.0115365 0.0200565 0.0116799 -0.0111251 0.999728 -0.0205021 -0.0160561 -0.0202876 0.0202734 0.999589 -0.0169082 0.0 0.0 0.0 1.0
pumpkin/seq-02/color/frame-000068.color.png pumpkin/seq-02/color/frame-000071.color.png 0.99937 -0.0002798 0.0354892 -0.0482065 0.000236397 0.999999 0.00122678 -0.0701922 -0.0354895 -0.00121765 0.999369 -0.0165124 0.0 0.0 0.0 1.0
pumpkin/seq-02/color/frame-000069.color.png pumpkin/seq-02/color/frame-000072.color.png 0.999923 0.0123953 -0.000733124 0.0397204 -0.0123932 0.999919 0.00275469 -0.055904 0.000767209 -0.00274538 0.999996 -0.0209528 0.0 0.0 0.0 1.0
pumpkin/seq-02/color/frame-000070.color.png pumpkin/seq-02/color/frame-000073.color.png 0.999838 0.0111172 0.0141449 0.024483 -0.010897 0.99982 -0.0155511 -0.021745 -0.0143152 0.0153945 0.999779 -0.00989933 0.0 0.0 0.0 1.0
pumpkin/seq-02/color/frame-000071.color.png pumpkin/seq-02/color/frame-000074.color.png 0.999583 0.0124376 0.0260669 0.0116783 -0.0121527 0.999865 -0.0110599 -0.0347505 -0.026201 0.0107385 0.999599 -0.011432 0.0 0.0 0.0 1.0
pumpkin/seq-02/color/frame-000072.color.png pumpkin/seq-02/color/frame-000075.color.png 0.999596 -0.00868087 0.0270495 -0.0127343 0.00935284 0.999648 -0.0248162 0.00395286 -0.0268246 0.0250592 0.999326 -0.000502348 0.0 0.0 0.0 1.0
pumpkin/seq-02/color/frame-000073.color.png pumpkin/seq-02/color/frame-000076.color.png 0.999613 -0.00647062 0.0270696 -0.0167966 0.0065549 0.999974 -0.00302572 -0.00217515 -0.0270493 0.00320198 0.999629 -0.0147828 0.0 0.0 0.0 1.0
pumpkin/seq-02/color/frame-000074.color.png pumpkin/seq-02/color/frame-000077.color.png 0.999857 -0.0102976 0.0134351 -0.00645737 0.0102511 0.999941 0.00352788 0.00254756 -0.0134706 -0.00338966 0.999904 -0.0197284 0.0 0.0 0.0 1.0
pumpkin/seq-02/color/frame-000075.color.png pumpkin/seq-02/color/frame-000078.color.png 0.999885 -0.00890069 0.0123088 -0.00104731 0.00875932 0.999896 0.0114914 -0.025937 -0.0124098 -0.0113822 0.999858 -0.014271 0.0 0.0 0.0 1.0
pumpkin/seq-02/color/frame-000076.color.png pumpkin/seq-02/color/frame-000079.color.png 0.999996 -0.0028763 -0.000443117 0.0392913 0.00287517 0.999992 -0.00257303 -0.0308949 0.000450518 0.00257175 0.999997 -0.00470527 0.0 0.0 0.0 1.0
pumpkin/seq-02/color/frame-000077.color.png pumpkin/seq-02/color/frame-000080.color.png 0.999871 0.0124472 0.0101547 0.0422323 -0.0123948 0.99991 -0.00520759 -0.0435149 -0.0102186 0.00508104 0.999935 -0.00586878 0.0 0.0 0.0 1.0
pumpkin/seq-02/color/frame-000078.color.png pumpkin/seq-02/color/frame-000081.color.png 0.998985 0.0229011 0.0387772 0.0145636 -0.0223619 0.999648 -0.0142818 -0.0190135 -0.0390906 0.0134001 0.999146 -0.0118521 0.0 0.0 0.0 1.0
pumpkin/seq-02/color/frame-000079.color.png pumpkin/seq-02/color/frame-000082.color.png 0.998779 0.0183515 0.045856 -0.0227228 -0.0177837 0.99976 -0.01276 -0.0182486 -0.0460792 0.0119289 0.998866 -0.00439377 0.0 0.0 0.0 1.0
pumpkin/seq-02/color/frame-000080.color.png pumpkin/seq-02/color/frame-000083.color.png 0.999224 0.00503579 0.0390609 -0.0275868 -0.0043411 0.999831 -0.01785 0.00919795 -0.0391442 0.0176666 0.999077 -0.0096329 0.0 0.0 0.0 1.0
pumpkin/seq-02/color/frame-000081.color.png pumpkin/seq-02/color/frame-000084.color.png 0.999716 -0.0143741 0.0189983 -0.0257831 0.0145824 0.999835 -0.0108752 -0.0186836 -0.0188389 0.0111492 0.99976 0.00192055 0.0 0.0 0.0 1.0
pumpkin/seq-02/color/frame-000082.color.png pumpkin/seq-02/color/frame-000085.color.png 0.999929 -0.0113045 0.00368123 -0.000496313 0.0113696 0.99977 -0.0181693 0.00715059 -0.003475 0.0182098 0.999828 -0.0133535 0.0 0.0 0.0 1.0
pumpkin/seq-02/color/frame-000083.color.png pumpkin/seq-02/color/frame-000086.color.png 0.999998 0.00177222 -0.00112952 0.00969929 -0.00178384 0.999945 -0.010373 -0.0159397 0.00111107 0.010375 0.999945 -0.00733502 0.0 0.0 0.0 1.0
pumpkin/seq-02/color/frame-000084.color.png pumpkin/seq-02/color/frame-000087.color.png 0.999857 0.0150149 -0.00780465 0.0249514 -0.0150339 0.999884 -0.00238122 -0.00266171 0.00776801 0.0024982 0.999967 -0.0166126 0.0 0.0 0.0 1.0
pumpkin/seq-02/color/frame-000085.color.png pumpkin/seq-02/color/frame-000088.color.png 0.999709 0.0237032 -0.00448228 0.0214168 -0.0237447 0.999673 -0.00943403 -0.00954413 0.0042572 0.00953773 0.999945 -0.0121598 0.0 0.0 0.0 1.0
pumpkin/seq-02/color/frame-000086.color.png pumpkin/seq-02/color/frame-000089.color.png 0.999761 0.0211313 -0.00560757 0.0220249 -0.0211632 0.99976 -0.00569465 -0.00642556 0.0054859 0.00581195 0.999968 -0.00998123 0.0 0.0 0.0 1.0
pumpkin/seq-02/color/frame-000087.color.png pumpkin/seq-02/color/frame-000090.color.png 0.999687 0.0250022 -0.000839053 0.00971398 -0.0250085 0.99965 -0.00858926 -0.000842631 0.000623979 0.00860756 0.999963 -0.012465 0.0 0.0 0.0 1.0
pumpkin/seq-02/color/frame-000088.color.png pumpkin/seq-02/color/frame-000091.color.png 0.999654 0.024047 -0.010685 -0.00879417 -0.0239797 0.999692 0.00639086 -0.0119202 0.0108354 -0.00613242 0.999923 -0.00216465 0.0 0.0 0.0 1.0
pumpkin/seq-02/color/frame-000089.color.png pumpkin/seq-02/color/frame-000092.color.png 0.99957 0.0232504 -0.0178771 -0.0287536 -0.0233213 0.999721 -0.00376834 0.00683457 0.0177844 0.0041836 0.999833 -0.00444792 0.0 0.0 0.0 1.0
pumpkin/seq-02/color/frame-000090.color.png pumpkin/seq-02/color/frame-000093.color.png 0.998863 0.0200818 -0.0432303 0.000678644 -0.0199783 0.999796 0.00282557 -0.00503296 0.0432782 -0.00195868 0.999061 -0.00932661 0.0 0.0 0.0 1.0
pumpkin/seq-02/color/frame-000091.color.png pumpkin/seq-02/color/frame-000094.color.png 0.998893 0.0206968 -0.042232 0.0317354 -0.0207394 0.999785 -0.000568971 -0.00132596 0.0422111 0.00144421 0.999108 -0.020193 0.0 0.0 0.0 1.0
pumpkin/seq-02/color/frame-000092.color.png pumpkin/seq-02/color/frame-000095.color.png 0.998834 0.032874 -0.0353635 0.0606069 -0.032438 0.999391 0.0128353 -0.03634 0.035764 -0.0116732 0.999292 -0.0290381 0.0 0.0 0.0 1.0
pumpkin/seq-02/color/frame-000093.color.png pumpkin/seq-02/color/frame-000096.color.png 0.999272 0.0376398 -0.00627636 0.0239118 -0.0376801 0.999269 -0.00643491 0.00688684 0.00602957 0.00666671 0.99996 -0.0204381 0.0 0.0 0.0 1.0
pumpkin/seq-02/color/frame-000094.color.png pumpkin/seq-02/color/frame-000097.color.png 0.999777 0.0203317 -0.00563952 -0.020419 -0.0203802 0.999755 -0.00868341 0.0260401 0.00546159 0.0087964 0.999946 -0.0118648 0.0 0.0 0.0 1.0
pumpkin/seq-02/color/frame-000095.color.png pumpkin/seq-02/color/frame-000098.color.png 0.999769 -0.0010224 -0.0214808 -0.0364923 0.000658332 0.999856 -0.0169496 0.0404747 0.021495 0.0169315 0.999626 -0.00948265 0.0 0.0 0.0 1.0
pumpkin/seq-02/color/frame-000096.color.png pumpkin/seq-02/color/frame-000099.color.png 0.998775 -0.00324455 -0.0493857 0.0385944 0.00316311 0.999994 -0.00172709 -0.0199755 0.049391 0.00156875 0.998778 -0.0190999 0.0 0.0 0.0 1.0
pumpkin/seq-02/color/frame-000097.color.png pumpkin/seq-02/color/frame-000100.color.png 0.99912 0.0180835 -0.0378482 0.0756203 -0.0184579 0.999784 -0.00956533 -0.0382366 0.037667 0.0102555 0.999238 -0.0330876 0.0 0.0 0.0 1.0
pumpkin/seq-02/color/frame-000098.color.png pumpkin/seq-02/color/frame-000101.color.png 0.999565 0.0282881 -0.00839257 0.0673503 -0.0285265 0.999149 -0.029788 -0.0184725 0.00754278 0.0300144 0.999521 -0.0248926 0.0 0.0 0.0 1.0
pumpkin/seq-02/color/frame-000099.color.png pumpkin/seq-02/color/frame-000102.color.png 0.99979 0.0198445 0.00521821 0.0261133 -0.0195948 0.99883 -0.0442003 0.0407835 -0.00608924 0.0440888 0.999009 -0.0286144 0.0 0.0 0.0 1.0
pumpkin/seq-02/color/frame-000100.color.png pumpkin/seq-02/color/frame-000103.color.png 0.99998 -0.00297418 0.00549064 0.01206 0.00312753 0.999599 -0.0281315 0.0198894 -0.00540477 0.0281482 0.999589 -0.0252448 0.0 0.0 0.0 1.0
pumpkin/seq-02/color/frame-000101.color.png pumpkin/seq-02/color/frame-000104.color.png 0.999916 -0.00227637 -0.0127309 0.0417954 0.0020686 0.999865 -0.0163128 0.00848663 0.0127663 0.0162851 0.999786 -0.0409769 0.0 0.0 0.0 1.0
pumpkin/seq-02/color/frame-000102.color.png pumpkin/seq-02/color/frame-000105.color.png 0.999962 0.00862816 0.00138849 0.0452449 -0.00861171 0.999897 -0.0114422 -0.00468296 -0.00148707 0.0114298 0.999934 -0.0346057 0.0 0.0 0.0 1.0
pumpkin/seq-02/color/frame-000103.color.png pumpkin/seq-02/color/frame-000106.color.png 0.999598 0.027421 0.00719372 0.0610904 -0.0272058 0.999224 -0.0284786 0.0129848 -0.00796905 0.0282714 0.999568 -0.0383276 0.0 0.0 0.0 1.0
pumpkin/seq-02/color/frame-000104.color.png pumpkin/seq-02/color/frame-000107.color.png 0.999608 0.0186929 0.0208489 0.0136395 -0.0182367 0.999595 -0.0218632 0.00895977 -0.0212491 0.0214744 0.999544 -0.024009 0.0 0.0 0.0 1.0
pumpkin/seq-02/color/frame-000105.color.png pumpkin/seq-02/color/frame-000108.color.png 0.999992 0.0027932 0.00286411 -0.00193693 -0.00271541 0.999637 -0.0268154 0.00568634 -0.00293797 0.0268074 0.999636 -0.0342695 0.0 0.0 0.0 1.0
pumpkin/seq-02/color/frame-000106.color.png pumpkin/seq-02/color/frame-000109.color.png 0.999864 -0.00755522 -0.0146557 0.00694915 0.00730461 0.999827 -0.0170811 0.0115501 0.0147822 0.0169717 0.999747 -0.0299212 0.0 0.0 0.0 1.0
pumpkin/seq-02/color/frame-000107.color.png pumpkin/seq-02/color/frame-000110.color.png 0.999666 0.00557817 -0.0252395 0.0722537 -0.00611805 0.999753 -0.0213643 0.00627136 0.0251141 0.0215116 0.999453 -0.0408596 0.0 0.0 0.0 1.0
pumpkin/seq-02/color/frame-000108.color.png pumpkin/seq-02/color/frame-000111.color.png 0.999885 0.0150403 0.00199108 0.0515933 -0.0150006 0.999713 -0.01866 0.00464278 -0.00227117 0.018628 0.999824 -0.0261206 0.0 0.0 0.0 1.0
pumpkin/seq-02/color/frame-000109.color.png pumpkin/seq-02/color/frame-000112.color.png 0.999892 0.0105869 0.0102006 0.0222625 -0.0103703 0.999724 -0.0210575 0.00534713 -0.0104207 0.0209495 0.999726 -0.0328811 0.0 0.0 0.0 1.0
pumpkin/seq-02/color/frame-000110.color.png pumpkin/seq-02/color/frame-000113.color.png 0.999983 -0.005869 -0.000608401 0.00010629 0.00585109 0.99964 -0.0261687 0.00875175 0.000761766 0.0261647 0.999657 -0.0191559 0.0 0.0 0.0 1.0
pumpkin/seq-02/color/frame-000111.color.png pumpkin/seq-02/color/frame-000114.color.png 0.999969 -0.00680416 -0.00393242 0.00165888 0.00669423 0.999604 -0.0273249 0.00659645 0.00411678 0.0272977 0.999619 -0.0289978 0.0 0.0 0.0 1.0
pumpkin/seq-02/color/frame-000112.color.png pumpkin/seq-02/color/frame-000115.color.png 0.999811 -0.0171168 -0.00918097 0.0334607 0.0169428 0.999682 -0.0187037 -0.045014 0.00949819 0.0185446 0.999783 -0.0261739 0.0 0.0 0.0 1.0
pumpkin/seq-02/color/frame-000113.color.png pumpkin/seq-02/color/frame-000116.color.png 0.999758 -0.0212971 0.0055369 -0.00434404 0.0214464 0.999365 -0.0284702 -0.00383013 -0.00492704 0.0285821 0.999579 -0.0111823 0.0 0.0 0.0 1.0
pumpkin/seq-02/color/frame-000114.color.png pumpkin/seq-02/color/frame-000117.color.png 0.999422 -0.0323179 -0.0105069 0.039475 0.0320846 0.99925 -0.0216631 -0.0258965 0.0111992 0.0213135 0.99971 -0.0185434 0.0 0.0 0.0 1.0
pumpkin/seq-02/color/frame-000115.color.png pumpkin/seq-02/color/frame-000118.color.png 0.999656 -0.0245945 -0.00914001 0.0600909 0.0244648 0.999602 -0.0140328 -0.0132535 0.0094815 0.0138044 0.99986 -0.0180179 0.0 0.0 0.0 1.0
pumpkin/seq-02/color/frame-000116.color.png pumpkin/seq-02/color/frame-000119.color.png 0.999739 -0.00795455 0.0214213 0.0353085 0.00811754 0.999939 -0.00753169 -0.0249556 -0.0213601 0.00770362 0.999742 -0.0173551 0.0 0.0 0.0 1.0
pumpkin/seq-02/color/frame-000117.color.png pumpkin/seq-02/color/frame-000120.color.png 0.999839 -0.00508261 0.0172072 0.0149032 0.00488408 0.999921 0.0115615 -0.0364327 -0.0172646 -0.0114756 0.999785 -0.0121383 0.0 0.0 0.0 1.0
pumpkin/seq-02/color/frame-000118.color.png pumpkin/seq-02/color/frame-000121.color.png 0.999977 -0.00685944 0.000187354 -0.0057314 0.00685939 0.999976 0.000116074 0.00699389 -0.000188146 -0.000114794 1.0 -0.00287849 0.0 0.0 0.0 1.0
pumpkin/seq-02/color/frame-000119.color.png pumpkin/seq-02/color/frame-000122.color.png 0.999067 -0.0141008 -0.0408112 0.066613 0.0147867 0.999753 0.0165553 -0.0386044 0.0405677 -0.0171433 0.99903 -0.0152952 0.0 0.0 0.0 1.0
pumpkin/seq-02/color/frame-000120.color.png pumpkin/seq-02/color/frame-000123.color.png 0.999762 -0.00510189 -0.021218 0.0359665 0.00539444 0.999891 0.0137554 -0.00693679 0.0211455 -0.0138666 0.99968 -0.0199643 0.0 0.0 0.0 1.0
pumpkin/seq-02/color/frame-000121.color.png pumpkin/seq-02/color/frame-000124.color.png 0.999976 -0.00233125 -0.00648036 0.0177401 0.00238476 0.999963 0.00826233 0.0138765 0.00646086 -0.00827759 0.999945 -0.0109313 0.0 0.0 0.0 1.0
pumpkin/seq-02/color/frame-000122.color.png pumpkin/seq-02/color/frame-000125.color.png 0.999181 0.0223504 -0.0337202 0.0322474 -0.0218462 0.999645 0.015245 0.0254118 0.034049 -0.0144958 0.999315 -0.0168734 0.0 0.0 0.0 1.0
pumpkin/seq-02/color/frame-000123.color.png pumpkin/seq-02/color/frame-000126.color.png 0.998999 0.0274892 -0.0352959 0.0411426 -0.02732 0.999613 0.00526575 0.0335644 0.035427 -0.00429618 0.999363 -0.00685352 0.0 0.0 0.0 1.0
pumpkin/seq-02/color/frame-000124.color.png pumpkin/seq-02/color/frame-000127.color.png 0.999132 0.0338791 -0.0242356 0.0714905 -0.0335016 0.999314 0.0158157 0.00174361 0.0247548 -0.01499 0.999581 -0.0107232 0.0 0.0 0.0 1.0
pumpkin/seq-02/color/frame-000125.color.png pumpkin/seq-02/color/frame-000128.color.png 0.999971 0.00694929 0.00315312 0.0638745 -0.00694848 0.999976 -0.000265128 0.000339925 -0.00315488 0.000243217 0.999995 0.00309092 0.0 0.0 0.0 1.0
pumpkin/seq-02/color/frame-000126.color.png pumpkin/seq-02/color/frame-000129.color.png 0.999848 -0.0130464 0.0115654 0.0680084 0.0129465 0.999879 0.00866557 -0.00860655 -0.011677 -0.00851453 0.999896 -0.00270104 0.0 0.0 0.0 1.0
pumpkin/seq-02/color/frame-000127.color.png pumpkin/seq-02/color/frame-000130.color.png 0.999837 -0.0180118 -0.0014894 0.0621925 0.0180048 0.999828 -0.00454651 -0.00825369 0.00157104 0.00451895 0.999989 0.0117964 0.0 0.0 0.0 1.0
pumpkin/seq-02/color/frame-000128.color.png pumpkin/seq-02/color/frame-000131.color.png 0.999996 -0.0025706 -0.00138554 0.088139 0.0025759 0.999989 0.00384357 0.0109589 0.00137565 -0.00384713 0.999992 0.00554466 0.0 0.0 0.0 1.0
pumpkin/seq-02/color/frame-000129.color.png pumpkin/seq-02/color/frame-000132.color.png 0.999968 0.00599141 0.00538908 0.0863562 -0.00595969 0.999965 -0.00587582 -0.0130092 -0.00542409 0.00584352 0.999968 0.0112342 0.0 0.0 0.0 1.0
pumpkin/seq-02/color/frame-000130.color.png pumpkin/seq-02/color/frame-000133.color.png 0.999802 -0.00454682 0.0193637 0.0427265 0.00434975 0.999938 0.010208 -0.0239079 -0.0194089 -0.0101218 0.99976 -0.00657117 0.0 0.0 0.0 1.0
pumpkin/seq-02/color/frame-000131.color.png pumpkin/seq-02/color/frame-000134.color.png 0.999806 -0.00628306 0.0186836 0.029135 0.00606508 0.999913 0.0116998 -0.0262084 -0.0187555 -0.0115842 0.999757 0.000196517 0.0 0.0 0.0 1.0
pumpkin/seq-02/color/frame-000132.color.png pumpkin/seq-02/color/frame-000135.color.png 0.999971 0.0038974 0.00648101 0.064312 -0.00387662 0.999987 -0.00322109 0.0263525 -0.00649348 0.00319588 0.999974 0.0159221 0.0 0.0 0.0 1.0
pumpkin/seq-02/color/frame-000133.color.png pumpkin/seq-02/color/frame-000136.color.png 0.999924 0.00208575 0.012119 0.0553923 -0.00215205 0.999983 0.00545969 0.00540626 -0.0121074 -0.00548536 0.999912 0.00374621 0.0 0.0 0.0 1.0
pumpkin/seq-02/color/frame-000134.color.png pumpkin/seq-02/color/frame-000137.color.png 0.99995 -0.00769852 0.00642261 0.047447 0.00766303 0.999955 0.00553628 0.0088343 -0.00646494 -0.00548678 0.999964 0.00429928 0.0 0.0 0.0 1.0
pumpkin/seq-02/color/frame-000135.color.png pumpkin/seq-02/color/frame-000138.color.png 0.999958 -0.00911043 0.000751509 0.0146142 0.00909372 0.999762 0.0198436 -0.0285082 -0.000932113 -0.0198359 0.999803 -0.00841385 0.0 0.0 0.0 1.0
pumpkin/seq-02/color/frame-000136.color.png pumpkin/seq-02/color/frame-000139.color.png 0.999737 0.00949375 -0.0208728 0.0556437 -0.00955246 0.999951 -0.00271328 0.0084914 0.020846 0.00291196 0.999778 0.00852138 0.0 0.0 0.0 1.0
pumpkin/seq-02/color/frame-000137.color.png pumpkin/seq-02/color/frame-000140.color.png 0.999731 0.0216461 -0.00834726 0.0327884 -0.0217645 0.99966 -0.0143617 0.0173724 0.00803355 0.0145395 0.999862 -0.002635 0.0 0.0 0.0 1.0
pumpkin/seq-02/color/frame-000138.color.png pumpkin/seq-02/color/frame-000141.color.png 0.999608 0.027136 -0.00682721 0.0307532 -0.0271514 0.999629 -0.00218282 0.0180419 0.00676544 0.00236733 0.999974 -0.00786638 0.0 0.0 0.0 1.0
pumpkin/seq-02/color/frame-000139.color.png pumpkin/seq-02/color/frame-000142.color.png 0.999819 0.0189313 0.0020036 0.00628757 -0.0189572 0.999725 0.0137951 -0.00444317 -0.00174189 -0.0138305 0.999903 -0.0220162 0.0 0.0 0.0 1.0
pumpkin/seq-02/color/frame-000140.color.png pumpkin/seq-02/color/frame-000143.color.png 0.999786 0.0135226 -0.0156822 0.030074 -0.0133323 0.999837 0.0121752 0.0221663 0.0158443 -0.0119635 0.999803 -0.0123531 0.0 0.0 0.0 1.0
pumpkin/seq-02/color/frame-000141.color.png pumpkin/seq-02/color/frame-000144.color.png 0.999905 0.000575621 -0.0137751 0.0142264 -0.000357186 0.999874 0.0158527 -0.00488776 0.0137825 -0.0158462 0.999779 -0.0158656 0.0 0.0 0.0 1.0
pumpkin/seq-02/color/frame-000142.color.png pumpkin/seq-02/color/frame-000145.color.png 0.999952 0.00441408 -0.00871157 0.0222519 -0.00439999 0.999989 0.001633 0.0389048 0.00871868 -0.00159459 0.999961 -0.0129496 0.0 0.0 0.0 1.0
pumpkin/seq-02/color/frame-000143.color.png pumpkin/seq-02/color/frame-000146.color.png 0.99976 -0.00749104 0.0205804 0.0377472 0.00727962 0.99992 0.0103262 -0.015736 -0.0206562 -0.0101739 0.999735 0.00150412 0.0 0.0 0.0 1.0
pumpkin/seq-02/color/frame-000144.color.png pumpkin/seq-02/color/frame-000147.color.png 0.999988 4.40135e-05 0.0048413 0.0482354 -1.96621e-05 0.999987 -0.00504049 0.0197546 -0.00484146 0.00504034 0.999976 -0.00214577 0.0 0.0 0.0 1.0
pumpkin/seq-02/color/frame-000145.color.png pumpkin/seq-02/color/frame-000148.color.png 0.999972 0.00659135 -0.00368968 0.116921 -0.00655979 0.999942 0.0085008 0.0703926 0.0037455 -0.00847636 0.999957 0.00882632 0.0 0.0 0.0 1.0
pumpkin/seq-02/color/frame-000146.color.png pumpkin/seq-02/color/frame-000149.color.png 0.999986 0.00230872 0.00481416 0.0369701 -0.00244306 0.999602 0.0280896 0.0193132 -0.00474739 -0.0281009 0.999594 -0.0244886 0.0 0.0 0.0 1.0
pumpkin/seq-02/color/frame-000147.color.png pumpkin/seq-02/color/frame-000150.color.png 0.999617 0.0274349 0.00353228 0.0581812 -0.0275634 0.99866 0.0438007 0.0377969 -0.00232588 -0.0438813 0.999034 -0.0290918 0.0 0.0 0.0 1.0
pumpkin/seq-02/color/frame-000148.color.png pumpkin/seq-02/color/frame-000151.color.png 0.999452 0.0233573 0.0234547 0.00979084 -0.0242692 0.998929 0.0393824 -0.00510025 -0.0225098 -0.0399301 0.998949 -0.0369591 0.0 0.0 0.0 1.0
pumpkin/seq-02/color/frame-000149.color.png pumpkin/seq-02/color/frame-000152.color.png 0.999537 0.0294762 0.00758639 0.02475 -0.0297096 0.999022 0.0327554 0.0410742 -0.00661347 -0.0329656 0.999435 -0.0285634 0.0 0.0 0.0 1.0
pumpkin/seq-02/color/frame-000150.color.png pumpkin/seq-02/color/frame-000153.color.png 0.999977 0.00562522 0.0038116 0.0554418 -0.00570138 0.999778 0.0202774 0.0301565 -0.00369668 -0.0202987 0.999787 -0.0127716 0.0 0.0 0.0 1.0
pumpkin/seq-02/color/frame-000151.color.png pumpkin/seq-02/color/frame-000154.color.png 0.999899 0.000351219 -0.0142334 0.0414649 -0.000213335 0.999953 0.00968694 0.022551 0.0142361 -0.00968291 0.999852 -0.0247892 0.0 0.0 0.0 1.0
pumpkin/seq-02/color/frame-000152.color.png pumpkin/seq-02/color/frame-000155.color.png 0.99984 0.00331026 -0.0175542 0.0590987 -0.00308482 0.999913 0.0128557 0.00604373 0.0175953 -0.0127995 0.999763 -0.0319006 0.0 0.0 0.0 1.0
pumpkin/seq-02/color/frame-000153.color.png pumpkin/seq-02/color/frame-000156.color.png 0.999874 0.00915181 -0.012956 0.0624755 -0.00915242 0.999958 1.37744e-05 0.018065 0.0129556 0.000104808 0.999916 -0.017916 0.0 0.0 0.0 1.0
pumpkin/seq-02/color/frame-000154.color.png pumpkin/seq-02/color/frame-000157.color.png 1.0 -0.00031735 -0.000107775 0.00804198 0.000319041 0.999869 0.0161769 -0.0184286 0.000102629 -0.0161769 0.999869 -0.0175284 0.0 0.0 0.0 1.0
pumpkin/seq-02/color/frame-000155.color.png pumpkin/seq-02/color/frame-000158.color.png 0.999857 0.00331468 -0.016592 0.00814164 -0.00327644 0.999992 0.00232951 -0.0169435 0.0165996 -0.00227482 0.99986 -0.0174794 0.0 0.0 0.0 1.0
pumpkin/seq-02/color/frame-000156.color.png pumpkin/seq-02/color/frame-000159.color.png 0.999736 -0.00323557 -0.0227368 0.00045222 0.00315246 0.999988 -0.00369083 -0.00249618 0.0227485 0.00361819 0.999735 -0.0276164 0.0 0.0 0.0 1.0
pumpkin/seq-02/color/frame-000157.color.png pumpkin/seq-02/color/frame-000160.color.png 0.999542 0.000631533 -0.0302498 0.0235733 -0.00112903 0.999864 -0.0164313 0.0126016 0.0302353 0.0164579 0.999407 -0.0240002 0.0 0.0 0.0 1.0
pumpkin/seq-02/color/frame-000158.color.png pumpkin/seq-02/color/frame-000161.color.png 0.999622 1.58312e-05 -0.0275054 0.0430139 -0.000170907 0.999984 -0.00563589 0.00449848 0.0275049 0.00563845 0.999606 -0.0202608 0.0 0.0 0.0 1.0
pumpkin/seq-02/color/frame-000159.color.png pumpkin/seq-02/color/frame-000162.color.png 0.999919 0.00206014 -0.0125237 0.0115769 -0.00213815 0.999978 -0.00622028 -0.0200253 0.0125106 0.00624655 0.999902 -0.00852877 0.0 0.0 0.0 1.0
pumpkin/seq-02/color/frame-000160.color.png pumpkin/seq-02/color/frame-000163.color.png 0.999559 -0.00228211 -0.0296104 0.00720501 0.00198463 0.999947 -0.0100727 -0.0273629 0.0296318 0.0100095 0.999511 -0.0158249 0.0 0.0 0.0 1.0
pumpkin/seq-02/color/frame-000161.color.png pumpkin/seq-02/color/frame-000164.color.png 0.999685 -0.00241749 -0.0249966 -0.0127899 0.0019709 0.999838 -0.0178745 -0.0141201 0.0250357 0.0178196 0.999528 -0.0143889 0.0 0.0 0.0 1.0
pumpkin/seq-02/color/frame-000162.color.png pumpkin/seq-02/color/frame-000165.color.png 0.999168 0.00644782 -0.0402592 0.0171481 -0.00696321 0.999895 -0.0126742 0.000802875 0.0401733 0.012944 0.999109 -0.0231069 0.0 0.0 0.0 1.0
pumpkin/seq-02/color/frame-000163.color.png pumpkin/seq-02/color/frame-000166.color.png 0.999297 0.0213914 -0.0307781 0.0346351 -0.0215608 0.999754 -0.00518036 -0.00246018 0.0306597 0.00584032 0.999513 -0.00837392 0.0 0.0 0.0 1.0
pumpkin/seq-02/color/frame-000164.color.png pumpkin/seq-02/color/frame-000167.color.png 0.999598 0.0169498 -0.0227419 0.0172685 -0.0171512 0.999815 -0.00869495 0.00312066 0.0225904 0.00908151 0.999704 -0.000788927 0.0 0.0 0.0 1.0
pumpkin/seq-02/color/frame-000165.color.png pumpkin/seq-02/color/frame-000168.color.png 0.999786 0.00956535 -0.0183256 0.0106133 -0.00967835 0.999935 -0.0060837 0.0205475 0.0182661 0.00625976 0.999814 0.00902367 0.0 0.0 0.0 1.0
pumpkin/seq-02/color/frame-000166.color.png pumpkin/seq-02/color/frame-000169.color.png 0.999861 0.00397122 -0.0161649 0.0167166 -0.0040243 0.999987 -0.0032498 -0.00432819 0.0161517 0.0033144 0.999864 0.013904 0.0 0.0 0.0 1.0
pumpkin/seq-02/color/frame-000167.color.png pumpkin/seq-02/color/frame-000170.color.png 0.999843 0.00258567 -0.017499 0.038122 -0.00266313 0.999987 -0.0044008 0.0117133 0.0174874 0.00444671 0.999837 0.017226 0.0 0.0 0.0 1.0
pumpkin/seq-02/color/frame-000168.color.png pumpkin/seq-02/color/frame-000171.color.png 0.999936 0.0015415 -0.0111984 0.0380606 -0.00150256 0.999993 0.00347751 -0.0366246 0.0112037 -0.00346045 0.999931 0.023994 0.0 0.0 0.0 1.0
pumpkin/seq-02/color/frame-000169.color.png pumpkin/seq-02/color/frame-000172.color.png 0.999996 0.00110323 0.00278378 0.0250873 -0.00108335 0.999974 -0.00711915 -0.00861752 -0.0027915 0.0071161 0.999971 0.0229983 0.0 0.0 0.0 1.0
pumpkin/seq-02/color/frame-000170.color.png pumpkin/seq-02/color/frame-000173.color.png 0.999945 0.00800408 0.00672376 0.01944 -0.00798403 0.999964 -0.00300245 -0.0261573 -0.00674757 0.0029486 0.999973 0.0310482 0.0 0.0 0.0 1.0
pumpkin/seq-02/color/frame-000171.color.png pumpkin/seq-02/color/frame-000174.color.png 0.999941 0.00954991 0.00520571 0.00792384 -0.00941314 0.999626 -0.0256839 -0.0110934 -0.00544901 0.0256334 0.999657 0.0324556 0.0 0.0 0.0 1.0
pumpkin/seq-02/color/frame-000172.color.png pumpkin/seq-02/color/frame-000175.color.png 0.999967 0.00782907 -0.00232187 0.0196557 -0.00787322 0.999776 -0.0196697 -0.00555646 0.00216734 0.0196873 0.999804 0.0344511 0.0 0.0 0.0 1.0
pumpkin/seq-02/color/frame-000173.color.png pumpkin/seq-02/color/frame-000176.color.png 0.999987 -0.00019449 -0.00504056 0.0242007 5.92456e-05 0.99964 -0.0268173 0.0110844 0.00504394 0.0268166 0.999628 0.0358728 0.0 0.0 0.0 1.0
pumpkin/seq-02/color/frame-000174.color.png pumpkin/seq-02/color/frame-000177.color.png 0.999989 -0.00385198 -0.00288705 0.0124014 0.00386709 0.999978 0.00527751 -0.02474 0.00286667 -0.00528863 0.999982 0.0225859 0.0 0.0 0.0 1.0
