pumpkin/seq-02/color/frame-000000.color.png pumpkin/seq-02/color/frame-000002.color.png 0.999898 -0.0132384 0.00543339 -0.0265467 0.0133858 0.999517 -0.0280535 -0.00918575 -0.00505938 0.0281234 0.999592 -0.0137848 0.0 0.0 0.0 1.0
pumpkin/seq-02/color/frame-000001.color.png pumpkin/seq-02/color/frame-000003.color.png 0.999307 -0.0355919 -0.0109017 -0.00088618 0.0353809 0.999194 -0.0189693 0.0128877 0.011568 0.0185704 0.999761 -0.0165724 0.0 0.0 0.0 1.0
pumpkin/seq-02/color/frame-000002.color.png pumpkin/seq-02/color/frame-000004.color.png 0.999543 -0.0275255 -0.0125239 0.00107763 0.0274212 0.999588 -0.00843072 -0.000176542 0.0127508 0.00808344 0.999886 -0.015401 0.0 0.0 0.0 1.0
pumpkin/seq-02/color/frame-000003.color.png pumpkin/seq-02/color/frame-000005.color.png 0.999956 -0.00601206 -0.00724574 0.0106781 0.00602686 0.99998 0.00202224 -0.0147032 0.00723344 -0.00206582 0.999972 -0.00763423 0.0 0.0 0.0 1.0
pumpkin/seq-02/color/frame-000004.color.png pumpkin/seq-02/color/frame-000006.color.png 0.999572 -0.0287653 0.00524997 -0.0104061 0.0288191 0.99953 -0.0104759 -0.0177027 -0.00494616 0.0106227 0.999931 -0.0143053 0.0 0.0 0.0 1.0
pumpkin/seq-02/color/frame-000005.color.png pumpkin/seq-02/color/frame-000007.color.png 0.9995 -0.0316198 0.000709582 -0.0242602 0.0316271 0.999376 -0.0157053 -0.0285961 -0.000212543 0.0157199 0.999876 -0.0159538 0.0 0.0 0.0 1.0
pumpkin/seq-02/color/frame-000006.color.png pumpkin/seq-02/color/frame-000008.color.png 0.999828 9.82339e-05 -0.0185506 0.00372876 -0.000482241 0.999786 -0.0206967 0.0110051 0.0185446 0.0207021 0.999614 -0.00924908 0.0 0.0 0.0 1.0
pumpkin/seq-02/color/frame-000007.color.png pumpkin/seq-02/color/frame-000009.color.png 0.999899 0.00914296 -0.0109238 0.0139061 -0.00930512 0.999846 -0.0148879 0.030148 0.010786 0.0149881 0.999829 -0.0120357 0.0 0.0 0.0 1.0
pumpkin/seq-02/color/frame-000008.color.png pumpkin/seq-02/color/frame-000010.color.png 0.999995 0.00171134 0.00260454 -0.00336814 -0.00172519 0.999984 0.00532457 -0.0242891 -0.00259538 -0.00532905 0.999982 -0.0135187 0.0 0.0 0.0 1.0
pumpkin/seq-02/color/frame-000009.color.png pumpkin/seq-02/color/frame-000011.color.png 0.99999 0.00387213 0.00222047 -0.0058691 -0.00385959 0.999977 -0.00562849 -0.00821145 -0.00224222 0.00561988 0.999982 -0.00908483 0.0 0.0 0.0 1.0
pumpkin/seq-02/color/frame-000010.color.png pumpkin/seq-02/color/frame-000012.color.png 0.999994 0.00322794 -0.00140259 -0.0162659 -0.00323124 0.999992 -0.0023573 -0.00481489 0.00139496 0.00236182 0.999996 -0.016341 0.0 0.0 0.0 1.0
pumpkin/seq-02/color/frame-000011.color.png pumpkin/seq-02/color/frame-000013.color.png 0.999934 -0.00546802 -0.0101574 -0.0151249 0.00551564 0.999974 0.00466458 -0.0527799 0.0101317 -0.0047203 0.999938 -0.020649 0.0 0.0 0.0 1.0
pumpkin/seq-02/color/frame-000012.color.png pumpkin/seq-02/color/frame-000014.color.png 0.999829 -0.00724915 -0.0170346 -0.0187811 0.00672861 0.999515 -0.0304194 -0.00995252 0.0172469 0.0302995 0.999392 -0.012228 0.0 0.0 0.0 1.0
pumpkin/seq-02/color/frame-000013.color.png pumpkin/seq-02/color/frame-000015.color.png 0.999748 0.00530817 -0.0218335 0.0066272 -0.00603435 0.999426 -0.033329 0.0427479 0.021644 0.0334523 0.999206 -0.00817235 0.0 0.0 0.0 1.0
pumpkin/seq-02/color/frame-000014.color.png pumpkin/seq-02/color/frame-000016.color.png 0.999677 0.0218261 -0.0130374 0.035887 -0.0218237 0.999762 0.000326062 0.0190011 0.0130414 -4.14224e-05 0.999915 -0.0063637 0.0 0.0 0.0 1.0
pumpkin/seq-02/color/frame-000015.color.png pumpkin/seq-02/color/frame-000017.color.png 0.999782 0.013559 0.0158847 -0.00798027 -0.0137597 0.999826 0.0125949 -0.0419694 -0.0157111 -0.0128107 0.999794 -0.0085053 0.0 0.0 0.0 1.0
pumpkin/seq-02/color/frame-000016.color.png pumpkin/seq-02/color/frame-000018.color.png 0.999671 -0.00612146 0.0249187 -0.0565422 0.006036 0.999976 0.00350364 -0.0502093 -0.0249395 -0.0033521 0.999683 -0.0167405 0.0 0.0 0.0 1.0
pumpkin/seq-02/color/frame-000017.color.png pumpkin/seq-02/color/frame-000019.color.png 0.999663 -0.0124195 -0.0228027 0.0114344 0.0120949 0.999824 -0.0143172 0.00356228 0.0229765 0.0140366 0.999637 -0.00448287 0.0 0.0 0.0 1.0
pumpkin/seq-02/color/frame-000018.color.png pumpkin/seq-02/color/frame-000020.color.png 0.999734 -0.00669268 -0.0220505 0.0354782 0.0065109 0.999944 -0.00830538 -0.00568954 0.0221049 0.00815961 0.999722 -0.00196474 0.0 0.0 0.0 1.0
pumpkin/seq-02/color/frame-000019.color.png pumpkin/seq-02/color/frame-000021.color.png 0.999889 0.00374134 0.014439 -0.00774433 -0.00353341 0.99989 -0.0143987 -0.0152174 -0.0144913 0.0143461 0.999792 -0.00310543 0.0 0.0 0.0 1.0
pumpkin/seq-02/color/frame-000020.color.png pumpkin/seq-02/color/frame-000022.color.png 0.999761 0.018817 0.0111687 0.000146568 -0.0186311 0.99969 -0.0165253 -7.68676e-05 -0.0114762 0.0163133 0.999801 -0.0024908 0.0 0.0 0.0 1.0
pumpkin/seq-02/color/frame-000021.color.png pumpkin/seq-02/color/frame-000023.color.png 0.999736 0.0144339 0.0178984 -0.0155777 -0.0146251 0.999837 0.0105978 0.00225806 -0.0177425 -0.0108568 0.999784 -0.00431843 0.0 0.0 0.0 1.0
pumpkin/seq-02/color/frame-000022.color.png pumpkin/seq-02/color/frame-000024.color.png 0.999649 -0.0160307 0.0211186 -0.0288873 0.0149958 0.998721 0.0482846 0.00581358 -0.0218656 -0.0479509 0.99861 -0.00282252 0.0 0.0 0.0 1.0
pumpkin/seq-02/color/frame-000023.color.png pumpkin/seq-02/color/frame-000025.color.png 0.999474 -0.0322051 -0.00385666 -0.00880811 0.0323513 0.998364 0.0471558 0.00968859 0.00233169 -0.0472558 0.99888 0.00542134 0.0 0.0 0.0 1.0
pumpkin/seq-02/color/frame-000024.color.png pumpkin/seq-02/color/frame-000026.color.png 0.992666 -0.0944797 -0.075424 0.0252178 0.0969164 0.994861 0.02932 -0.0186517 0.0722662 -0.0364148 0.99672 -0.0229458 0.0 0.0 0.0 1.0
pumpkin/seq-02/color/frame-000025.color.png pumpkin/seq-02/color/frame-000027.color.png 0.99006 -0.129936 -0.0538304 -0.16942 0.130212 0.991485 0.00163689 0.014705 0.0531594 -0.00862997 0.998549 -0.0489711 0.0 0.0 0.0 1.0
pumpkin/seq-02/color/frame-000026.color.png pumpkin/seq-02/color/frame-000028.color.png 0.991762 -0.0693182 -0.107721 -0.00318138 0.068155 0.99757 -0.0144467 -0.0146237 0.108461 0.00698589 0.994076 0.043778 0.0 0.0 0.0 1.0
pumpkin/seq-02/color/frame-000027.color.png pumpkin/seq-02/color/frame-000029.color.png 0.996645 0.0375656 -0.0727195 0.166825 -0.0379208 0.999275 -0.00350947 -0.0378942 0.0725349 0.00625528 0.997346 0.0978679 0.0 0.0 0.0 1.0
pumpkin/seq-02/color/frame-000028.color.png pumpkin/seq-02/color/frame-000030.color.png 0.994815 0.0806607 0.0619376 -0.0213074 -0.0807215 0.996736 -0.00152372 -0.00621164 -0.0618582 -0.00348386 0.998079 0.0210277 0.0 0.0 0.0 1.0
pumpkin/seq-02/color/frame-000029.color.png pumpkin/seq-02/color/frame-000031.color.png 0.998692 0.0376604 0.034579 -0.0668475 -0.0382031 0.999155 0.0151698 -0.0187871 -0.0339785 -0.016471 0.999287 -0.0084932 0.0 0.0 0.0 1.0
pumpkin/seq-02/color/frame-000030.color.png pumpkin/seq-02/color/frame-000032.color.png 0.999956 0.00898958 -0.00269615 -0.0549377 -0.00894367 0.999823 0.0165745 -0.0221299 0.00284469 -0.0165497 0.999859 0.0162548 0.0 0.0 0.0 1.0
pumpkin/seq-02/color/frame-000031.color.png pumpkin/seq-02/color/frame-000033.color.png 0.999248 -0.00999686 -0.0374505 0.0228412 0.0106913 0.999774 0.0183897 -0.0226734 0.0372582 -0.0187763 0.999129 0.0202695 0.0 0.0 0.0 1.0
pumpkin/seq-02/color/frame-000032.color.png pumpkin/seq-02/color/frame-000034.color.png 0.999664 0.00988552 -0.0239418 0.0324107 -0.0099258 0.99995 -0.00156333 0.00710958 0.0239251 0.00180045 0.999712 0.00744418 0.0 0.0 0.0 1.0
pumpkin/seq-02/color/frame-000033.color.png pumpkin/seq-02/color/frame-000035.color.png 0.99973 0.0230505 0.00309811 0.00676197 -0.0230379 0.999727 -0.00405322 -0.00837907 -0.00319075 0.00398074 0.999987 0.011379 0.0 0.0 0.0 1.0
pumpkin/seq-02/color/frame-000034.color.png pumpkin/seq-02/color/frame-000036.color.png 0.999925 0.00624016 0.0105832 -0.0435816 -0.00626567 0.999978 0.00237944 -0.0374081 -0.0105681 -0.00244557 0.999941 -0.00591291 0.0 0.0 0.0 1.0
pumpkin/seq-02/color/frame-000035.color.png pumpkin/seq-02/color/frame-000037.color.png 0.99995 0.000532973 -0.00996506 -0.0326659 -0.000657736 0.999921 -0.0125246 -0.0147844 0.00995763 0.0125305 0.999872 0.0123723 0.0 0.0 0.0 1.0
pumpkin/seq-02/color/frame-000036.color.png pumpkin/seq-02/color/frame-000038.color.png 0.999508 0.0189154 -0.0250107 0.0262446 -0.0188797 0.99982 0.00166161 -0.0136351 0.0250376 -0.0011886 0.999686 0.0136561 0.0 0.0 0.0 1.0
pumpkin/seq-02/color/frame-000037.color.png pumpkin/seq-02/color/frame-000039.color.png 0.999486 0.0319393 0.00266932 0.0170942 -0.0319206 0.999468 -0.00676974 -0.0158436 -0.00288413 0.00668105 0.999973 -0.0043161 0.0 0.0 0.0 1.0
pumpkin/seq-02/color/frame-000038.color.png pumpkin/seq-02/color/frame-000040.color.png 0.999628 0.0218974 0.016268 -0.0175664 -0.021816 0.999749 -0.00516562 -0.0125957 -0.016377 0.0048088 0.999854 -0.00165054 0.0 0.0 0.0 1.0
pumpkin/seq-02/color/frame-000039.color.png pumpkin/seq-02/color/frame-000041.color.png 0.999537 0.0301787 -0.00376559 0.0134721 -0.0300933 0.999327 0.0209839 0.00505473 0.00439635 -0.0208609 0.999773 0.00598182 0.0 0.0 0.0 1.0
pumpkin/seq-02/color/frame-000040.color.png pumpkin/seq-02/color/frame-000042.color.png 0.999417 0.033931 0.00371974 0.0284473 -0.0340431 0.998773 0.0359761 -0.0183397 -0.00249447 -0.0360817 0.999346 0.00742774 0.0 0.0 0.0 1.0
pumpkin/seq-02/color/frame-000041.color.png pumpkin/seq-02/color/frame-000043.color.png 0.998148 0.0484947 0.0367323 -0.0119953 -0.0496615 0.998268 0.0315472 -0.059931 -0.0351388 -0.0333129 0.998827 -0.0140623 0.0 0.0 0.0 1.0
pumpkin/seq-02/color/frame-000042.color.png pumpkin/seq-02/color/frame-000044.color.png 0.998231 0.0512176 0.0301793 0.00332183 -0.0517623 0.998505 0.0175537 -0.0609422 -0.0292351 -0.0190848 0.99939 -0.0132417 0.0 0.0 0.0 1.0
pumpkin/seq-02/color/frame-000043.color.png pumpkin/seq-02/color/frame-000045.color.png 0.999254 0.0332816 0.0196018 0.00388043 -0.0332679 0.999446 -0.00102198 -0.0105399 -0.019625 0.000369108 0.999807 0.00374472 0.0 0.0 0.0 1.0
pumpkin/seq-02/color/frame-000044.color.png pumpkin/seq-02/color/frame-000046.color.png 0.999164 0.0309729 0.0266991 -0.0175042 -0.030909 0.999518 -0.00280299 -0.00926906 -0.026773 0.00197542 0.99964 -0.00250098 0.0 0.0 0.0 1.0
pumpkin/seq-02/color/frame-000045.color.png pumpkin/seq-02/color/frame-000047.color.png 0.998961 0.0395134 0.0226955 -0.00396611 -0.039646 0.999199 0.00542316 -0.0364825 -0.0224631 -0.00631731 0.999728 -0.00736092 0.0 0.0 0.0 1.0
pumpkin/seq-02/color/frame-000046.color.png pumpkin/seq-02/color/frame-000048.color.png 0.999059 0.0395582 0.017769 0.0202556 -0.0394732 0.999207 -0.00510779 -0.0151683 -0.017957 0.00440157 0.999829 -0.00546134 0.0 0.0 0.0 1.0
pumpkin/seq-02/color/frame-000047.color.png pumpkin/seq-02/color/frame-000049.color.png 0.999615 0.0238251 0.0142486 0.00473499 -0.0237526 0.999704 -0.00523955 -0.0118987 -0.0143692 0.00489909 0.999885 -0.00857094 0.0 0.0 0.0 1.0
pumpkin/seq-02/color/frame-000048.color.png pumpkin/seq-02/color/frame-000050.color.png 0.999446 0.00422568 0.0330178 -0.0693052 -0.00440242 0.999976 0.0052818 -0.00791973 -0.0329946 -0.00542423 0.999441 -0.0157101 0.0 0.0 0.0 1.0
pumpkin/seq-02/color/frame-000049.color.png pumpkin/seq-02/color/frame-000051.color.png 0.999886 -0.0118196 0.00940246 -0.0533418 0.0117891 0.999925 0.00329726 0.0137995 -0.00944073 -0.00318603 0.99995 0.005009 0.0 0.0 0.0 1.0
pumpkin/seq-02/color/frame-000050.color.png pumpkin/seq-02/color/frame-000052.color.png 0.999348 -0.0234469 -0.0274429 0.00835627 0.024451 0.999022 0.0368442 -0.0108806 0.0265522 -0.0374912 0.998944 -0.0217342 0.0 0.0 0.0 1.0
pumpkin/seq-02/color/frame-000051.color.png pumpkin/seq-02/color/frame-000053.color.png 0.999722 -0.0169628 -0.0163867 0.00882682 0.0176834 0.998836 0.0448835 -0.0213102 0.0156063 -0.0451608 0.998858 -0.0281013 0.0 0.0 0.0 1.0
pumpkin/seq-02/color/frame-000052.color.png pumpkin/seq-02/color/frame-000054.color.png 0.999962 0.00497238 -0.00721064 0.0288351 -0.00475273 0.999533 0.0301673 -0.0264478 0.00735729 -0.0301319 0.999519 0.0063816 0.0 0.0 0.0 1.0
pumpkin/seq-02/color/frame-000053.color.png pumpkin/seq-02/color/frame-000055.color.png 0.999976 0.00677194 0.000998223 0.0362131 -0.00679439 0.999676 0.0245423 -0.0208322 -0.000831735 -0.0245485 0.999698 -0.00706863 0.0 0.0 0.0 1.0
pumpkin/seq-02/color/frame-000054.color.png pumpkin/seq-02/color/frame-000056.color.png 0.999779 0.00552963 0.0202584 2.09808e-05 -0.00590069 0.999815 0.0183033 -0.0281487 -0.0201534 -0.0184189 0.999627 -0.0250967 0.0 0.0 0.0 1.0
pumpkin/seq-02/color/frame-000055.color.png pumpkin/seq-02/color/frame-000057.color.png 0.999523 0.0108282 0.0289425 -0.0318668 -0.0111478 0.999878 0.0109038 0.00478825 -0.0288209 -0.0112213 0.999522 -0.0187928 0.0 0.0 0.0 1.0
pumpkin/seq-02/color/frame-000056.color.png pumpkin/seq-02/color/frame-000058.color.png 0.999871 0.0083032 0.0137334 -0.0161332 -0.00858706 0.999748 0.0207405 -0.0159403 -0.0135577 -0.0208558 0.999691 -0.0205054 0.0 0.0 0.0 1.0
pumpkin/seq-02/color/frame-000057.color.png pumpkin/seq-02/color/frame-000059.color.png 0.999998 -0.00167248 -0.000998036 0.00290431 0.00168876 0.999862 0.0165274 -0.010921 0.000970246 -0.0165291 0.999863 -0.0112304 0.0 0.0 0.0 1.0
pumpkin/seq-02/color/frame-000058.color.png pumpkin/seq-02/color/frame-000060.color.png 0.999954 0.00941498 0.00211379 -0.00103799 -0.00947649 0.999466 0.0312675 -0.0412011 -0.00181828 -0.0312861 0.999509 -0.0304605 0.0 0.0 0.0 1.0
pumpkin/seq-02/color/frame-000059.color.png pumpkin/seq-02/color/frame-000061.color.png 0.99986 0.0167433 -1.52665e-05 0.0122915 -0.0167328 0.999263 0.0345414 -0.0496527 0.000593602 -0.0345363 0.999403 -0.0195773 0.0 0.0 0.0 1.0
pumpkin/seq-02/color/frame-000060.color.png pumpkin/seq-02/color/frame-000062.color.png 0.999935 0.0103103 0.00488988 0.00339614 -0.0103858 0.999823 0.0156923 -0.0276529 -0.00472722 -0.0157421 0.999865 -0.0123016 0.0 0.0 0.0 1.0
pumpkin/seq-02/color/frame-000061.color.png pumpkin/seq-02/color/frame-000063.color.png 0.999683 -0.00763255 0.0240085 -0.00779939 0.00758828 0.999969 0.00193388 -0.0334785 -0.0240225 -0.00175108 0.99971 -0.0197047 0.0 0.0 0.0 1.0
pumpkin/seq-02/color/frame-000062.color.png pumpkin/seq-02/color/frame-000064.color.png 0.99956 -0.0155337 0.0252628 -0.0165634 0.0156935 0.999858 -0.00613914 -0.0223472 -0.0251639 0.00653291 0.999662 -0.0156722 0.0 0.0 0.0 1.0
pumpkin/seq-02/color/frame-000063.color.png pumpkin/seq-02/color/frame-000065.color.png 0.999997 -0.00246358 -0.00014576 -0.00134709 0.00246371 0.999997 0.000906587 -0.0277352 0.000143535 -0.000906939 1.0 -0.00930445 0.0 0.0 0.0 1.0
pumpkin/seq-02/color/frame-000064.color.png pumpkin/seq-02/color/frame-000066.color.png 1.0 6.54868e-05 -0.000133326 0.00412722 -6.69146e-05 0.999942 -0.0107207 -0.0325966 0.000132617 0.0107207 0.999942 -0.0152406 0.0 0.0 0.0 1.0
pumpkin/seq-02/color/frame-000065.color.png pumpkin/seq-02/color/frame-000067.color.png 0.999974 -0.00658896 -0.00281803 0.0279623 0.00651197 0.999627 -0.0265102 -0.0267142 0.00299166 0.0264911 0.999645 -0.0238352 0.0 0.0 0.0 1.0
pumpkin/seq-02/color/frame-000066.color.png pumpkin/seq-02/color/frame-000068.color.png 0.999941 0.00806028 -0.00721793 0.0546927 -0.00823182 0.999677 -0.0240589 -0.0227028 0.00702168 0.024117 0.999685 -0.010557 0.0 0.0 0.0 1.0
pumpkin/seq-02/color/frame-000067.color.png pumpkin/seq-02/color/frame-000069.color.png 0.999474 0.0137684 0.0293464 -0.0158958 -0.0139407 0.999887 0.00567418 -0.0821123 -0.0292649 -0.00608032 0.999553 -0.0165914 0.0 0.0 0.0 1.0
pumpkin/seq-02/color/frame-000068.color.png pumpkin/seq-02/color/frame-000070.color.png 0.999556 0.000860856 0.0297725 -0.038881 -0.000754429 0.999993 -0.00358493 -0.030901 -0.0297754 0.00356086 0.99955 -0.00950392 0.0 0.0 0.0 1.0
pumpkin/seq-02/color/frame-000069.color.png pumpkin/seq-02/color/frame-000071.color.png 0.999993 -0.00342505 -0.0012188 0.0116694 0.00342354 0.999993 -0.00123567 -0.0287455 0.00122303 0.00123151 0.999999 -0.00112626 0.0 0.0 0.0 1.0
pumpkin/seq-02/color/frame-000070.color.png pumpkin/seq-02/color/frame-000072.color.png 0.999886 0.0151184 -0.000423281 0.0398491 -0.0151191 0.999884 -0.00169833 -0.0319831 0.000397555 0.00170452 0.999998 -0.0166251 0.0 0.0 0.0 1.0
pumpkin/seq-02/color/frame-000071.color.png pumpkin/seq-02/color/frame-000073.color.png 0.999731 0.0175352 0.0151853 0.0146645 -0.017355 0.999778 -0.0119191 -0.00829601 -0.0153909 0.0116524 0.999814 -0.0132546 0.0 0.0 0.0 1.0
pumpkin/seq-02/color/frame-000072.color.png pumpkin/seq-02/color/frame-000074.color.png 0.999594 -0.00522191 0.0280171 -0.0209909 0.00571277 0.999831 -0.0174687 -0.00189352 -0.0279212 0.0176216 0.999455 0.00640647 0.0 0.0 0.0 1.0
pumpkin/seq-02/color/frame-000073.color.png pumpkin/seq-02/color/frame-000075.color.png 0.999919 -0.00735303 0.0103801 0.00572947 0.00747236 0.999906 -0.0115055 -0.00904131 -0.0102946 0.0115822 0.99988 -0.00943725 0.0 0.0 0.0 1.0
pumpkin/seq-02/color/frame-000074.color.png pumpkin/seq-02/color/frame-000076.color.png 0.999911 -0.00634509 0.0117174 -0.00497162 0.00631282 0.999976 0.00278993 0.00494492 -0.0117348 -0.00271569 0.999928 -0.0186218 0.0 0.0 0.0 1.0
pumpkin/seq-02/color/frame-000075.color.png pumpkin/seq-02/color/frame-000077.color.png 0.999839 -0.00887295 0.0155915 -0.0185096 0.00867311 0.99988 0.0128399 -0.00628537 -0.0157036 -0.0127026 0.999796 -0.00750613 0.0 0.0 0.0 1.0
pumpkin/seq-02/color/frame-000076.color.png pumpkin/seq-02/color/frame-000078.color.png 0.999978 -0.00586538 -0.00293165 0.0179175 0.00588086 0.999969 0.00529896 -0.0385202 0.00290048 -0.00531608 0.999982 -0.00877364 0.0 0.0 0.0 1.0
pumpkin/seq-02/color/frame-000077.color.png pumpkin/seq-02/color/frame-000079.color.png 0.999989 0.00286388 -0.0036172 0.0466711 -0.00288737 0.999975 -0.00650087 -0.0177667 0.0035985 0.00651127 0.999972 -0.0020095 0.0 0.0 0.0 1.0
pumpkin/seq-02/color/frame-000078.color.png pumpkin/seq-02/color/frame-000080.color.png 0.999737 0.0154218 0.0169546 0.0186842 -0.0152452 0.999829 -0.0104979 -0.0045234 -0.0171136 0.0102367 0.999801 -0.00144242 0.0 0.0 0.0 1.0
pumpkin/seq-02/color/frame-000079.color.png pumpkin/seq-02/color/frame-000081.color.png 0.999064 0.0197761 0.038461 -0.0135717 -0.0192419 0.999714 -0.0142098 -0.00526285 -0.0387311 0.0134565 0.999159 -0.00839503 0.0 0.0 0.0 1.0
pumpkin/seq-02/color/frame-000080.color.png pumpkin/seq-02/color/frame-000082.color.png 0.999472 0.00882765 0.0312661 -0.015107 -0.008361 0.999852 -0.0150245 0.00877225 -0.0313941 0.0147551 0.999398 0.00267607 0.0 0.0 0.0 1.0
pumpkin/seq-02/color/frame-000081.color.png pumpkin/seq-02/color/frame-000083.color.png 0.999904 -0.00651802 0.0122403 -0.0109551 0.00658599 0.999963 -0.00552088 -0.00259876 -0.0122039 0.00560095 0.99991 -0.0108231 0.0 0.0 0.0 1.0
pumpkin/seq-02/color/frame-000082.color.png pumpkin/seq-02/color/frame-000084.color.png 0.999864 -0.0148908 0.00702629 -0.00797164 0.0149622 0.999836 -0.0102096 -0.0120568 -0.00687309 0.0103133 0.999923 -0.00446434 0.0 0.0 0.0 1.0
pumpkin/seq-02/color/frame-000083.color.png pumpkin/seq-02/color/frame-000085.color.png 0.999976 -0.00667579 -0.00196359 0.00405148 0.0066565 0.999931 -0.00967918 -0.00877619 0.00202808 0.00966586 0.999951 -0.000332355 0.0 0.0 0.0 1.0
pumpkin/seq-02/color/frame-000084.color.png pumpkin/seq-02/color/frame-000086.color.png 0.999934 0.010394 -0.00480928 0.0184131 -0.0104272 0.999922 -0.00692916 0.00870812 0.00473687 0.00697884 0.999964 -0.012509 0.0 0.0 0.0 1.0
pumpkin/seq-02/color/frame-000085.color.png pumpkin/seq-02/color/frame-000087.color.png 0.99991 0.0133336 0.00139256 0.00302777 -0.0133395 0.999902 0.00431514 -0.0170609 -0.00133489 -0.00433333 0.99999 -0.00563379 0.0 0.0 0.0 1.0
pumpkin/seq-02/color/frame-000086.color.png pumpkin/seq-02/color/frame-000088.color.png 0.999866 0.0163469 -0.000183016 0.00268565 -0.0163477 0.999845 -0.00648457 -0.0111883 7.69899e-05 0.0064867 0.999979 -0.00987315 0.0 0.0 0.0 1.0
pumpkin/seq-02/color/frame-000087.color.png pumpkin/seq-02/color/frame-000089.color.png 0.999859 0.0164504 -0.00330947 0.0169125 -0.0164848 0.999807 -0.0106413 0.00518578 0.00313377 0.0106943 0.999938 -0.00858362 0.0 0.0 0.0 1.0
pumpkin/seq-02/color/frame-000088.color.png pumpkin/seq-02/color/frame-000090.color.png 0.999897 0.0138606 0.00372689 -0.00534433 -0.0138764 0.999895 0.00426701 -0.00564045 -0.00366735 -0.0043183 0.999984 -0.0058803 0.0 0.0 0.0 1.0
pumpkin/seq-02/color/frame-000089.color.png pumpkin/seq-02/color/frame-000091.color.png 0.999734 0.0204648 -0.0106125 -0.0125022 -0.0205141 0.999779 -0.0045563 0.0132143 0.0105169 0.00477277 0.999933 0.00306965 0.0 0.0 0.0 1.0
pumpkin/seq-02/color/frame-000090.color.png pumpkin/seq-02/color/frame-000092.color.png 0.999613 0.0145703 -0.0236883 -0.0102147 -0.0147136 0.999874 -0.00588767 0.012938 0.0235996 0.00623395 0.999702 -0.000795931 0.0 0.0 0.0 1.0
pumpkin/seq-02/color/frame-000091.color.png pumpkin/seq-02/color/frame-000093.color.png 0.999417 0.00711025 -0.0333962 0.0142642 -0.00681912 0.999938 0.00882343 -0.0224195 0.0334569 -0.00859054 0.999403 -0.0168186 0.0 0.0 0.0 1.0
pumpkin/seq-02/color/frame-000092.color.png pumpkin/seq-02/color/frame-000094.color.png 0.999348 0.0152831 -0.0327034 0.0385438 -0.0150179 0.999853 0.00833838 -0.0221507 0.032826 -0.00784182 0.99943 -0.0127475 0.0 0.0 0.0 1.0
pumpkin/seq-02/color/frame-000093.color.png pumpkin/seq-02/color/frame-000095.color.png 0.999539 0.0281 -0.0114878 0.0368726 -0.0281422 0.999598 -0.00353096 0.0013181 0.011384 0.00385263 0.999928 -0.0126109 0.0 0.0 0.0 1.0
pumpkin/seq-02/color/frame-000094.color.png pumpkin/seq-02/color/frame-000096.color.png 0.999605 0.027753 0.00431747 0.00399464 -0.0277308 0.999602 -0.00512706 0.00875133 -0.00445804 0.00500532 0.999978 -0.0172039 0.0 0.0 0.0 1.0
pumpkin/seq-02/color/frame-000095.color.png pumpkin/seq-02/color/frame-000097.color.png 0.999988 0.00310725 -0.00386277 -0.0395621 -0.00314132 0.999956 -0.00882902 0.0288518 0.00383516 0.00884105 0.999954 -0.0107941 0.0 0.0 0.0 1.0
pumpkin/seq-02/color/frame-000096.color.png pumpkin/seq-02/color/frame-000098.color.png 0.999524 -0.00901909 -0.0294864 -0.0126957 0.00894105 0.999956 -0.00277869 0.00295329 0.0295102 0.00251372 0.999561 -0.00849682 0.0 0.0 0.0 1.0
pumpkin/seq-02/color/frame-000097.color.png pumpkin/seq-02/color/frame-000099.color.png 0.9993 0.00154529 -0.0373673 0.0540925 -0.00159023 0.999998 -0.00117377 -0.0287089 0.0373654 0.00123236 0.999301 -0.0141063 0.0 0.0 0.0 1.0
pumpkin/seq-02/color/frame-000098.color.png pumpkin/seq-02/color/frame-000100.color.png 0.999618 0.0201883 -0.018876 0.0663369 -0.0204541 0.999693 -0.0139996 -0.0168204 0.0185876 0.0143803 0.999724 -0.0165978 0.0 0.0 0.0 1.0
pumpkin/seq-02/color/frame-000099.color.png pumpkin/seq-02/color/frame-000101.color.png 0.999632 0.0238906 0.0128417 0.0149531 -0.0234707 0.999215 -0.0319074 0.00841898 -0.0135939 0.0315943 0.999408 -0.0144935 0.0 0.0 0.0 1.0
pumpkin/seq-02/color/frame-000100.color.png pumpkin/seq-02/color/frame-000102.color.png 0.999969 0.00567602 0.00554595 0.00590052 -0.0055574 0.99976 -0.0211707 0.0099498 -0.00566479 0.0211392 0.99976 -0.0240592 0.0 0.0 0.0 1.0
pumpkin/seq-02/color/frame-000101.color.png pumpkin/seq-02/color/frame-000103.color.png 0.999927 -0.008794 -0.00828579 0.0186984 0.00870976 0.999911 -0.0101443 0.0128694 0.00837426 0.0100714 0.999914 -0.0211962 0.0 0.0 0.0 1.0
pumpkin/seq-02/color/frame-000102.color.png pumpkin/seq-02/color/frame-000104.color.png 0.999986 -0.00146388 -0.00507891 0.0313888 0.00138023 0.999864 -0.0164343 0.0123437 0.00510228 0.016427 0.999852 -0.0240259 0.0 0.0 0.0 1.0
pumpkin/seq-02/color/frame-000103.color.png pumpkin/seq-02/color/frame-000105.color.png 0.999909 0.0129374 -0.0039389 0.0521166 -0.0129789 0.999859 -0.0106897 0.00383049 0.00380004 0.0107398 0.999935 -0.0249559 0.0 0.0 0.0 1.0
pumpkin/seq-02/color/frame-000104.color.png pumpkin/seq-02/color/frame-000106.color.png 0.999715 0.0202817 0.0126253 0.0365241 -0.0200682 0.999657 -0.0168074 0.00315344 -0.0129619 0.0165493 0.999779 -0.0176848 0.0 0.0 0.0 1.0
pumpkin/seq-02/color/frame-000105.color.png pumpkin/seq-02/color/frame-000107.color.png 0.999785 0.0108859 0.0176199 -0.00712086 -0.0105016 0.999708 -0.0217596 0.01386 -0.0178516 0.0215699 0.999608 -0.0141763 0.0 0.0 0.0 1.0
pumpkin/seq-02/color/frame-000106.color.png pumpkin/seq-02/color/frame-000108.color.png 0.999963 -0.00628204 -0.00579904 -0.0168199 0.00623094 0.999942 -0.00878243 -0.00582051 0.00585387 0.00874598 0.999945 -0.0267391 0.0 0.0 0.0 1.0
pumpkin/seq-02/color/frame-000107.color.png pumpkin/seq-02/color/frame-000109.color.png 0.999724 -0.00445445 -0.0230664 0.0295332 0.0042639 0.999956 -0.0083061 -0.00697333 0.0231024 0.00820545 0.999699 -0.0290425 0.0 0.0 0.0 1.0
pumpkin/seq-02/color/frame-000108.color.png pumpkin/seq-02/color/frame-000110.color.png 0.999867 0.0129323 -0.0099409 0.0677762 -0.0130685 0.99982 -0.0137636 0.00872016 0.00976111 0.0138917 0.999856 -0.0270289 0.0 0.0 0.0 1.0
pumpkin/seq-02/color/frame-000109.color.png pumpkin/seq-02/color/frame-000111.color.png 0.999872 0.0111138 0.0115437 0.0220297 -0.0109129 0.99979 -0.0173248 0.00763607 -0.0117338 0.0171966 0.999783 -0.0182433 0.0 0.0 0.0 1.0
pumpkin/seq-02/color/frame-000110.color.png pumpkin/seq-02/color/frame-000112.color.png 0.999992 -0.0032594 0.00219642 0.00488315 0.0032715 0.999979 -0.00550736 -0.0136876 -0.00217842 0.0055145 0.999982 -0.0143608 0.0 0.0 0.0 1.0
pumpkin/seq-02/color/frame-000111.color.png pumpkin/seq-02/color/frame-000113.color.png 0.999914 -0.00805435 -0.0103966 0.0100674 0.00787961 0.999829 -0.0167368 -0.000796914 0.0105296 0.0166534 0.999806 -0.0198318 0.0 0.0 0.0 1.0
pumpkin/seq-02/color/frame-000112.color.png pumpkin/seq-02/color/frame-000114.color.png 0.999939 -0.00515933 -0.00972673 0.0244206 0.00497383 0.999807 -0.0189945 -0.00364566 0.00982285 0.0189449 0.999772 -0.0192482 0.0 0.0 0.0 1.0
pumpkin/seq-02/color/frame-000113.color.png pumpkin/seq-02/color/frame-000115.color.png 0.999933 -0.00833893 0.00805337 0.00220479 0.00848225 0.999803 -0.0179321 -0.012212 -0.00790225 0.0179992 0.999807 -0.00988251 0.0 0.0 0.0 1.0
pumpkin/seq-02/color/frame-000114.color.png pumpkin/seq-02/color/frame-000116.color.png 0.99973 -0.0222359 0.00671388 -0.0220629 0.0223667 0.999548 -0.0200778 -0.00621271 -0.0062644 0.0202225 0.999776 0.00227714 0.0 0.0 0.0 1.0
pumpkin/seq-02/color/frame-000115.color.png pumpkin/seq-02/color/frame-000117.color.png 0.999672 -0.0238962 -0.00924557 0.0213421 0.023768 0.999623 -0.0137344 -0.00865978 0.00957029 0.0135102 0.999863 -0.0168261 0.0 0.0 0.0 1.0
pumpkin/seq-02/color/frame-000116.color.png pumpkin/seq-02/color/frame-000118.color.png 0.999905 -0.0133486 0.00343341 0.0327967 0.0133769 0.999876 -0.00832575 -0.00635672 -0.00332184 0.00837089 0.99996 -0.021028 0.0 0.0 0.0 1.0
pumpkin/seq-02/color/frame-000117.color.png pumpkin/seq-02/color/frame-000119.color.png 0.999806 0.00362877 0.0193668 0.0358127 -0.00384162 0.999932 0.0109633 -0.0521079 -0.0193257 -0.0110356 0.999752 -0.0171234 0.0 0.0 0.0 1.0
pumpkin/seq-02/color/frame-000118.color.png pumpkin/seq-02/color/frame-000120.color.png 0.999941 -0.00179554 0.0107082 0.00039877 0.00183685 0.999991 -0.00385339 0.00939071 -0.0107012 0.00387284 0.999935 0.00679773 0.0 0.0 0.0 1.0
pumpkin/seq-02/color/frame-000119.color.png pumpkin/seq-02/color/frame-000121.color.png 0.99972 -0.0120696 -0.0203485 -0.000365414 0.0121164 0.999924 0.00217769 0.0146027 0.0203207 -0.00242363 0.999791 -0.00100726 0.0 0.0 0.0 1.0
pumpkin/seq-02/color/frame-000120.color.png pumpkin/seq-02/color/frame-000122.color.png 0.999725 -0.00497519 -0.0229342 0.0375326 0.00490857 0.999984 -0.00296128 0.0036847 0.0229485 0.0028479 0.999733 -0.00171554 0.0 0.0 0.0 1.0
pumpkin/seq-02/color/frame-000121.color.png pumpkin/seq-02/color/frame-000123.color.png 0.999997 -0.00199064 -0.00153962 0.0131791 0.00200088 0.999975 0.00669161 0.00375426 0.00152627 -0.00669468 0.999976 -0.0131195 0.0 0.0 0.0 1.0
pumpkin/seq-02/color/frame-000122.color.png pumpkin/seq-02/color/frame-000124.color.png 0.999986 -0.00100085 -0.00520815 0.0076598 0.00107701 0.999892 0.0146513 0.00721115 0.00519292 -0.0146567 0.999879 -0.00984704 0.0 0.0 0.0 1.0
pumpkin/seq-02/color/frame-000123.color.png pumpkin/seq-02/color/frame-000125.color.png 0.999127 0.0235238 -0.0345304 0.0296125 -0.0233416 0.999712 0.00566961 0.0165868 0.0346538 -0.00485866 0.999388 -0.0051387 0.0 0.0 0.0 1.0
pumpkin/seq-02/color/frame-000124.color.png pumpkin/seq-02/color/frame-000126.color.png 0.999091 0.0264807 -0.0334166 0.0441016 -0.0259254 0.99952 0.0169398 -0.0117168 0.0338492 -0.016058 0.999298 -0.0180545 0.0 0.0 0.0 1.0
pumpkin/seq-02/color/frame-000125.color.png pumpkin/seq-02/color/frame-000127.color.png 0.999935 0.0109661 -0.00314364 0.0727251 -0.0109275 0.999868 0.0120261 -0.00671822 0.0032751 -0.0119909 0.999923 -0.00345814 0.0 0.0 0.0 1.0
pumpkin/seq-02/color/frame-000126.color.png pumpkin/seq-02/color/frame-000128.color.png 0.999971 0.00384086 0.00659456 0.048016 -0.00377974 0.99995 -0.00926619 0.00981468 -0.00662982 0.00924099 0.999935 0.00947732 0.0 0.0 0.0 1.0
pumpkin/seq-02/color/frame-000127.color.png pumpkin/seq-02/color/frame-000129.color.png 0.999778 -0.019416 0.00819305 0.0230275 0.019412 0.999811 0.000568229 0.00197011 -0.00820253 -0.000409058 0.999966 -0.00122052 0.0 0.0 0.0 1.0
pumpkin/seq-02/color/frame-000128.color.png pumpkin/seq-02/color/frame-000130.color.png 0.999874 -0.015782 0.00184524 0.0391543 0.0157765 0.999871 0.00301014 6.25849e-05 -0.00189251 -0.00298065 0.999994 0.00450528 0.0 0.0 0.0 1.0
pumpkin/seq-02/color/frame-000129.color.png pumpkin/seq-02/color/frame-000131.color.png 0.999887 0.0138246 -0.00595625 0.0628278 -0.0138619 0.999884 -0.00626105 0.007671 0.005869 0.0063429 0.999963 0.0140753 0.0 0.0 0.0 1.0
pumpkin/seq-02/color/frame-000130.color.png pumpkin/seq-02/color/frame-000132.color.png 0.999895 0.00466766 0.0136971 0.0512409 -0.0046503 0.999988 -0.0013006 -0.00139827 -0.013703 0.00123677 0.999905 0.0011301 0.0 0.0 0.0 1.0
pumpkin/seq-02/color/frame-000131.color.png pumpkin/seq-02/color/frame-000133.color.png 0.99949 -0.0165321 0.0273379 -0.016692 0.0165526 0.999863 -0.000521472 -0.00608122 -0.0273255 0.000973719 0.999626 -0.00321561 0.0 0.0 0.0 1.0
pumpkin/seq-02/color/frame-000132.color.png pumpkin/seq-02/color/frame-000134.color.png 0.999999 0.00152615 0.000435346 0.0295439 -0.00153075 0.999941 0.0107264 -0.000562847 -0.00041895 -0.010727 0.999942 -0.00135678 0.0 0.0 0.0 1.0
pumpkin/seq-02/color/frame-000133.color.png pumpkin/seq-02/color/frame-000135.color.png 0.999761 0.013421 -0.0172758 0.125058 -0.0133986 0.999909 0.00141107 0.00125033 0.0172932 -0.00117926 0.99985 0.0200049 0.0 0.0 0.0 1.0
pumpkin/seq-02/color/frame-000134.color.png pumpkin/seq-02/color/frame-000136.color.png 0.999847 -0.00672285 0.0161795 0.0231291 0.00687381 0.999933 -0.00929312 0.0287806 -0.016116 0.00940292 0.999826 0.00182909 0.0 0.0 0.0 1.0
pumpkin/seq-02/color/frame-000135.color.png pumpkin/seq-02/color/frame-000137.color.png 0.999867 -0.0110577 0.0119418 -0.0214197 0.0109168 0.999871 0.0117928 0.00203001 -0.0120706 -0.0116609 0.999859 -0.0118968 0.0 0.0 0.0 1.0
pumpkin/seq-02/color/frame-000136.color.png pumpkin/seq-02/color/frame-000138.color.png 0.999908 0.000657842 -0.0135548 0.0398575 -0.000505893 0.999937 0.0112132 -0.0180413 0.0135613 -0.0112053 0.999845 0.00777608 0.0 0.0 0.0 1.0
pumpkin/seq-02/color/frame-000137.color.png pumpkin/seq-02/color/frame-000139.color.png 0.999882 0.00925713 -0.0122837 0.0353718 -0.00929475 0.999952 -0.00300667 -0.0136762 0.0122552 0.00312048 0.99992 0.00519872 0.0 0.0 0.0 1.0
pumpkin/seq-02/color/frame-000138.color.png pumpkin/seq-02/color/frame-000140.color.png 0.999768 0.0185227 -0.0110351 0.0391897 -0.0186291 0.99978 -0.00962749 0.0116655 0.0108543 0.00983082 0.999893 -0.017733 0.0 0.0 0.0 1.0
pumpkin/seq-02/color/frame-000139.color.png pumpkin/seq-02/color/frame-000141.color.png 0.999819 0.0187944 0.00292218 0.00593773 -0.01881 0.999808 0.00544604 0.00994241 -0.00281927 -0.00550002 0.999981 -0.0126495 0.0 0.0 0.0 1.0
pumpkin/seq-02/color/frame-000140.color.png pumpkin/seq-02/color/frame-000142.color.png 0.999955 0.00947418 -0.000489014 0.00474301 -0.00946746 0.999881 0.0122211 0.00256252 0.000604744 -0.0122159 0.999925 -0.00850242 0.0 0.0 0.0 1.0
pumpkin/seq-02/color/frame-000141.color.png pumpkin/seq-02/color/frame-000143.color.png 0.999839 0.00646729 -0.016752 0.0280197 -0.00635485 0.999957 0.00675984 0.0111669 0.016795 -0.0066523 0.999837 -0.0137165 0.0 0.0 0.0 1.0
pumpkin/seq-02/color/frame-000142.color.png pumpkin/seq-02/color/frame-000144.color.png 0.999878 0.000234137 -0.0156334 0.0242499 -6.34395e-05 0.99994 0.0109206 -0.00122905 0.015635 -0.0109183 0.999818 -0.00899869 0.0 0.0 0.0 1.0
pumpkin/seq-02/color/frame-000143.color.png pumpkin/seq-02/color/frame-000145.color.png 0.999986 -0.00130487 0.00514418 -3.20077e-05 0.0012674 0.999973 0.00728835 0.000958443 -0.00515356 -0.00728172 0.99996 -0.00303614 0.0 0.0 0.0 1.0
pumpkin/seq-02/color/frame-000144.color.png pumpkin/seq-02/color/frame-000146.color.png 0.999804 -0.00332049 0.0195079 0.0452824 0.00327266 0.999992 0.00248612 -0.000269175 -0.019516 -0.00242179 0.999807 -0.000627697 0.0 0.0 0.0 1.0
pumpkin/seq-02/color/frame-000145.color.png pumpkin/seq-02/color/frame-000147.color.png 0.999963 -0.00341441 0.00793477 0.0223771 0.00345389 0.999982 -0.00496808 0.00626308 -0.00791765 0.0049953 0.999956 0.000583768 0.0 0.0 0.0 1.0
pumpkin/seq-02/color/frame-000146.color.png pumpkin/seq-02/color/frame-000148.color.png 0.999978 0.00665337 -0.000114718 0.0235779 -0.00664836 0.999656 0.0253756 0.0329986 0.000283512 -0.0253742 0.999678 -0.0125881 0.0 0.0 0.0 1.0
pumpkin/seq-02/color/frame-000147.color.png pumpkin/seq-02/color/frame-000149.color.png 0.999966 0.000338605 0.00823087 0.0640633 -0.000582762 0.999559 0.029684 0.015152 -0.00821719 -0.0296878 0.999526 -0.0116565 0.0 0.0 0.0 1.0
pumpkin/seq-02/color/frame-000148.color.png pumpkin/seq-02/color/frame-000150.color.png 0.999727 0.0207961 -0.01063 0.0338909 -0.0206345 0.999673 0.0150976 0.0153071 0.0109405 -0.0148741 0.99983 -0.0305891 0.0 0.0 0.0 1.0
pumpkin/seq-02/color/frame-000149.color.png pumpkin/seq-02/color/frame-000151.color.png 0.999488 0.0319671 -0.00118785 0.049708 -0.0319225 0.999113 0.0274711 0.0334333 0.00206497 -0.0274191 0.999622 -0.0289832 0.0 0.0 0.0 1.0
pumpkin/seq-02/color/frame-000150.color.png pumpkin/seq-02/color/frame-000152.color.png 0.99986 0.00604474 0.0156338 0.029097 -0.00634011 0.999801 0.0189135 0.0196181 -0.0155163 -0.01901 0.999699 -0.008892 0.0 0.0 0.0 1.0
pumpkin/seq-02/color/frame-000151.color.png pumpkin/seq-02/color/frame-000153.color.png 0.999986 0.000116343 -0.0052247 0.0109884 -3.16437e-05 0.999869 0.0161999 -0.00588942 0.00522589 -0.0161995 0.999855 -0.0100638 0.0 0.0 0.0 1.0
pumpkin/seq-02/color/frame-000152.color.png pumpkin/seq-02/color/frame-000154.color.png 0.999872 0.00293286 -0.0157151 0.0440305 -0.00285898 0.999985 0.00472163 0.0135288 0.0157287 -0.0046761 0.999865 -0.0210684 0.0 0.0 0.0 1.0
pumpkin/seq-02/color/frame-000153.color.png pumpkin/seq-02/color/frame-000155.color.png 0.999979 0.00212824 -0.00620061 0.0308008 -0.00209585 0.999984 0.0052322 0.0122474 0.00621165 -0.0052191 0.999967 -0.018885 0.0 0.0 0.0 1.0
pumpkin/seq-02/color/frame-000154.color.png pumpkin/seq-02/color/frame-000156.color.png 0.999965 0.00805068 -0.00208557 0.0270518 -0.00804419 0.999963 0.00309368 -0.00225002 0.00211039 -0.0030768 0.999993 -0.00355333 0.0 0.0 0.0 1.0
pumpkin/seq-02/color/frame-000155.color.png pumpkin/seq-02/color/frame-000157.color.png 0.999993 -0.00109076 -0.00352772 0.0114269 0.00111988 0.999965 0.00825583 -0.0133068 0.0035186 -0.00825972 0.99996 -0.0198666 0.0 0.0 0.0 1.0
pumpkin/seq-02/color/frame-000156.color.png pumpkin/seq-02/color/frame-000158.color.png 0.999898 -0.00315709 -0.0139164 -0.0123199 0.00330567 0.999938 0.0106689 -0.0299605 0.0138819 -0.0107138 0.999846 -0.022929 0.0 0.0 0.0 1.0
pumpkin/seq-02/color/frame-000157.color.png pumpkin/seq-02/color/frame-000159.color.png 0.999626 0.00469737 -0.0269425 0.0236715 -0.00504251 0.999906 -0.0127582 0.00320214 0.02688 0.0128893 0.999555 -0.0172263 0.0 0.0 0.0 1.0
pumpkin/seq-02/color/frame-000158.color.png pumpkin/seq-02/color/frame-000160.color.png 0.99992 -0.00343768 -0.0121784 0.0111854 0.0032396 0.999863 -0.0162439 0.0321406 0.0122326 0.0162031 0.999794 -0.0116394 0.0 0.0 0.0 1.0
pumpkin/seq-02/color/frame-000159.color.png pumpkin/seq-02/color/frame-000161.color.png 0.999862 -0.000199594 -0.0166398 0.0254036 0.000223932 0.999999 0.00146386 -0.00324917 0.0166395 -0.00146737 0.999861 -0.00925446 0.0 0.0 0.0 1.0
pumpkin/seq-02/color/frame-000160.color.png pumpkin/seq-02/color/frame-000162.color.png 0.999922 0.00651846 -0.0106561 0.0185272 -0.00652333 0.999979 -0.000429359 -0.0359737 0.010653 0.000498834 0.999943 -0.01002 0.0 0.0 0.0 1.0
pumpkin/seq-02/color/frame-000161.color.png pumpkin/seq-02/color/frame-000163.color.png 0.99985 -0.00644091 -0.016076 -0.0206122 0.00618791 0.999857 -0.0157391 -0.0146281 0.0161751 0.0156373 0.999747 -0.0143889 0.0 0.0 0.0 1.0
pumpkin/seq-02/color/frame-000162.color.png pumpkin/seq-02/color/frame-000164.color.png 0.999473 -0.00396655 -0.0322196 0.00747937 0.00361084 0.999932 -0.0110897 0.00599855 0.0322614 0.0109675 0.999419 -0.0122832 0.0 0.0 0.0 1.0
pumpkin/seq-02/color/frame-000163.color.png pumpkin/seq-02/color/frame-000165.color.png 0.999728 0.0136428 -0.0189171 0.0200257 -0.0138107 0.999866 -0.0087714 0.00915462 0.0187949 0.00903027 0.999783 0.00140697 0.0 0.0 0.0 1.0
pumpkin/seq-02/color/frame-000164.color.png pumpkin/seq-02/color/frame-000166.color.png 0.999718 0.017217 -0.0163329 0.0111942 -0.0173273 0.999828 -0.00663335 0.00793153 0.0162159 0.00691448 0.999844 -0.00144625 0.0 0.0 0.0 1.0
pumpkin/seq-02/color/frame-000165.color.png pumpkin/seq-02/color/frame-000167.color.png 0.999897 0.00723052 -0.0124234 0.00453174 -0.00729966 0.999958 -0.00553334 0.00261706 0.0123829 0.00562346 0.999907 0.000661254 0.0 0.0 0.0 1.0
pumpkin/seq-02/color/frame-000166.color.png pumpkin/seq-02/color/frame-000168.color.png 0.999944 0.000848543 -0.0105885 0.00841862 -0.000842146 0.999999 0.000602615 0.00137371 0.010589 -0.000593656 0.999944 -0.00015831 0.0 0.0 0.0 1.0
pumpkin/seq-02/color/frame-000167.color.png pumpkin/seq-02/color/frame-000169.color.png 0.999915 0.00350783 -0.0125684 0.0183824 -0.00350781 0.999994 2.55641e-05 -0.00209934 0.0125684 1.85244e-05 0.999921 0.0125248 0.0 0.0 0.0 1.0
pumpkin/seq-02/color/frame-000168.color.png pumpkin/seq-02/color/frame-000170.color.png 0.999975 0.00306987 -0.00633021 0.0152611 -0.00310806 0.999977 -0.0060186 7.689e-05 0.00631158 0.00603812 0.999962 0.0209527 0.0 0.0 0.0 1.0
pumpkin/seq-02/color/frame-000169.color.png pumpkin/seq-02/color/frame-000171.color.png 0.999993 -0.000872786 -0.00358779 0.0224295 0.000855519 0.999988 -0.00480885 0.00558525 0.00359192 0.00480573 0.999982 0.0196853 0.0 0.0 0.0 1.0
pumpkin/seq-02/color/frame-000170.color.png pumpkin/seq-02/color/frame-000172.color.png 0.999998 0.00136401 0.00170486 0.0241286 -0.00135839 0.999994 -0.0033069 -0.0201865 -0.00170937 0.00330458 0.999993 0.0155002 0.0 0.0 0.0 1.0
pumpkin/seq-02/color/frame-000171.color.png pumpkin/seq-02/color/frame-000173.color.png 0.999955 0.0080056 0.00503012 0.0153102 -0.00799138 0.999964 -0.00283667 -0.0179998 -0.00505266 0.00279636 0.999983 0.0205098 0.0 0.0 0.0 1.0
pumpkin/seq-02/color/frame-000172.color.png pumpkin/seq-02/color/frame-000174.color.png 0.99996 0.00877596 -0.00161184 0.00991732 -0.00880609 0.999766 -0.0197611 -0.00812757 0.00143805 0.0197745 0.999803 0.0229447 0.0 0.0 0.0 1.0
pumpkin/seq-02/color/frame-000173.color.png pumpkin/seq-02/color/frame-000175.color.png 0.999995 0.00159891 -0.00271244 0.00987238 -0.00164787 0.999834 -0.0181369 -0.00400871 0.00268298 0.0181413 0.999832 0.0176575 0.0 0.0 0.0 1.0
