pumpkin/seq-02/color/frame-000000.color.png pumpkin/seq-02/color/frame-000002.color.png 0.999898 -0.0132384 0.00543339 -0.0265467 0.0133858 0.999517 -0.0280535 -0.00918575 -0.00505938 0.0281234 0.999592 -0.0137848 0.0 0.0 0.0 1.0
pumpkin/seq-02/color/frame-000002.color.png pumpkin/seq-02/color/frame-000004.color.png 0.999543 -0.0275255 -0.0125239 0.00107763 0.0274212 0.999588 -0.00843072 -0.000176542 0.0127508 0.00808344 0.999886 -0.015401 0.0 0.0 0.0 1.0
pumpkin/seq-02/color/frame-000004.color.png pumpkin/seq-02/color/frame-000006.color.png 0.999572 -0.0287653 0.00524997 -0.0104061 0.0288191 0.99953 -0.0104759 -0.0177027 -0.00494616 0.0106227 0.999931 -0.0143053 0.0 0.0 0.0 1.0
pumpkin/seq-02/color/frame-000006.color.png pumpkin/seq-02/color/frame-000008.color.png 0.999828 9.82339e-05 -0.0185506 0.00372876 -0.000482241 0.999786 -0.0206967 0.0110051 0.0185446 0.0207021 0.999614 -0.00924908 0.0 0.0 0.0 1.0
pumpkin/seq-02/color/frame-000008.color.png pumpkin/seq-02/color/frame-000010.color.png 0.999995 0.00171134 0.00260454 -0.00336814 -0.00172519 0.999984 0.00532457 -0.0242891 -0.00259538 -0.00532905 0.999982 -0.0135187 0.0 0.0 0.0 1.0
pumpkin/seq-02/color/frame-000010.color.png pumpkin/seq-02/color/frame-000012.color.png 0.999994 0.00322794 -0.00140259 -0.0162659 -0.00323124 0.999992 -0.0023573 -0.00481489 0.00139496 0.00236182 0.999996 -0.016341 0.0 0.0 0.0 1.0
pumpkin/seq-02/color/frame-000012.color.png pumpkin/seq-02/color/frame-000014.color.png 0.999829 -0.00724915 -0.0170346 -0.0187811 0.00672861 0.999515 -0.0304194 -0.00995252 0.0172469 0.0302995 0.999392 -0.012228 0.0 0.0 0.0 1.0
pumpkin/seq-02/color/frame-000014.color.png pumpkin/seq-02/color/frame-000016.color.png 0.999677 0.0218261 -0.0130374 0.035887 -0.0218237 0.999762 0.000326062 0.0190011 0.0130414 -4.14224e-05 0.999915 -0.0063637 0.0 0.0 0.0 1.0
pumpkin/seq-02/color/frame-000016.color.png pumpkin/seq-02/color/frame-000018.color.png 0.999671 -0.00612146 0.0249187 -0.0565422 0.006036 0.999976 0.00350364 -0.0502093 -0.0249395 -0.0033521 0.999683 -0.0167405 0.0 0.0 0.0 1.0
pumpkin/seq-02/color/frame-000018.color.png pumpkin/seq-02/color/frame-000020.color.png 0.999734 -0.00669268 -0.0220505 0.0354782 0.0065109 0.999944 -0.00830538 -0.00568954 0.0221049 0.00815961 0.999722 -0.00196474 0.0 0.0 0.0 1.0
pumpkin/seq-02/color/frame-000020.color.png pumpkin/seq-02/color/frame-000022.color.png 0.999761 0.018817 0.0111687 0.000146568 -0.0186311 0.99969 -0.0165253 -7.68676e-05 -0.0114762 0.0163133 0.999801 -0.0024908 0.0 0.0 0.0 1.0
pumpkin/seq-02/color/frame-000022.color.png pumpkin/seq-02/color/frame-000024.color.png 0.999649 -0.0160307 0.0211186 -0.0288873 0.0149958 0.998721 0.0482846 0.00581358 -0.0218656 -0.0479509 0.99861 -0.00282252 0.0 0.0 0.0 1.0
pumpkin/seq-02/color/frame-000024.color.png pumpkin/seq-02/color/frame-000026.color.png 0.992666 -0.0944797 -0.075424 0.0252178 0.0969164 0.994861 0.02932 -0.0186517 0.0722662 -0.0364148 0.99672 -0.0229458 0.0 0.0 0.0 1.0
pumpkin/seq-02/color/frame-000026.color.png pumpkin/seq-02/color/frame-000028.color.png 0.991762 -0.0693182 -0.107721 -0.00318138 0.068155 0.99757 -0.0144467 -0.0146237 0.108461 0.00698589 0.994076 0.043778 0.0 0.0 0.0 1.0
pumpkin/seq-02/color/frame-000028.color.png pumpkin/seq-02/color/frame-000030.color.png 0.994815 0.0806607 0.0619376 -0.0213074 -0.0807215 0.996736 -0.00152372 -0.00621164 -0.0618582 -0.00348386 0.998079 0.0210277 0.0 0.0 0.0 1.0
pumpkin/seq-02/color/frame-000030.color.png pumpkin/seq-02/color/frame-000032.color.png 0.999956 0.00898958 -0.00269615 -0.0549377 -0.00894367 0.999823 0.0165745 -0.0221299 0.00284469 -0.0165497 0.999859 0.0162548 0.0 0.0 0.0 1.0
pumpkin/seq-02/color/frame-000032.color.png pumpkin/seq-02/color/frame-000034.color.png 0.999664 0.00988552 -0.0239418 0.0324107 -0.0099258 0.99995 -0.00156333 0.00710958 0.0239251 0.00180045 0.999712 0.00744418 0.0 0.0 0.0 1.0
pumpkin/seq-02/color/frame-000034.color.png pumpkin/seq-02/color/frame-000036.color.png 0.999925 0.00624016 0.0105832 -0.0435816 -0.00626567 0.999978 0.00237944 -0.0374081 -0.0105681 -0.00244557 0.999941 -0.00591291 0.0 0.0 0.0 1.0
pumpkin/seq-02/color/frame-000036.color.png pumpkin/seq-02/color/frame-000038.color.png 0.999508 0.0189154 -0.0250107 0.0262446 -0.0188797 0.99982 0.00166161 -0.0136351 0.0250376 -0.0011886 0.999686 0.0136561 0.0 0.0 0.0 1.0
pumpkin/seq-02/color/frame-000038.color.png pumpkin/seq-02/color/frame-000040.color.png 0.999628 0.0218974 0.016268 -0.0175664 -0.021816 0.999749 -0.00516562 -0.0125957 -0.016377 0.0048088 0.999854 -0.00165054 0.0 0.0 0.0 1.0
pumpkin/seq-02/color/frame-000040.color.png pumpkin/seq-02/color/frame-000042.color.png 0.999417 0.033931 0.00371974 0.0284473 -0.0340431 0.998773 0.0359761 -0.0183397 -0.00249447 -0.0360817 0.999346 0.00742774 0.0 0.0 0.0 1.0
pumpkin/seq-02/color/frame-000042.color.png pumpkin/seq-02/color/frame-000044.color.png 0.998231 0.0512176 0.0301793 0.00332183 -0.0517623 0.998505 0.0175537 -0.0609422 -0.0292351 -0.0190848 0.99939 -0.0132417 0.0 0.0 0.0 1.0
pumpkin/seq-02/color/frame-000044.color.png pumpkin/seq-02/color/frame-000046.color.png 0.999164 0.0309729 0.0266991 -0.0175042 -0.030909 0.999518 -0.00280299 -0.00926906 -0.026773 0.00197542 0.99964 -0.00250098 0.0 0.0 0.0 1.0
pumpkin/seq-02/color/frame-000046.color.png pumpkin/seq-02/color/frame-000048.color.png 0.999059 0.0395582 0.017769 0.0202556 -0.0394732 0.999207 -0.00510779 -0.0151683 -0.017957 0.00440157 0.999829 -0.00546134 0.0 0.0 0.0 1.0
pumpkin/seq-02/color/frame-000048.color.png pumpkin/seq-02/color/frame-000050.color.png 0.999446 0.00422568 0.0330178 -0.0693052 -0.00440242 0.999976 0.0052818 -0.00791973 -0.0329946 -0.00542423 0.999441 -0.0157101 0.0 0.0 0.0 1.0
pumpkin/seq-02/color/frame-000050.color.png pumpkin/seq-02/color/frame-000052.color.png 0.999348 -0.0234469 -0.0274429 0.00835627 0.024451 0.999022 0.0368442 -0.0108806 0.0265522 -0.0374912 0.998944 -0.0217342 0.0 0.0 0.0 1.0
pumpkin/seq-02/color/frame-000052.color.png pumpkin/seq-02/color/frame-000054.color.png 0.999962 0.00497238 -0.00721064 0.0288351 -0.00475273 0.999533 0.0301673 -0.0264478 0.00735729 -0.0301319 0.999519 0.0063816 0.0 0.0 0.0 1.0
pumpkin/seq-02/color/frame-000054.color.png pumpkin/seq-02/color/frame-000056.color.png 0.999779 0.00552963 0.0202584 2.09808e-05 -0.00590069 0.999815 0.0183033 -0.0281487 -0.0201534 -0.0184189 0.999627 -0.0250967 0.0 0.0 0.0 1.0
pumpkin/seq-02/color/frame-000056.color.png pumpkin/seq-02/color/frame-000058.color.png 0.999871 0.0083032 0.0137334 -0.0161332 -0.00858706 0.999748 0.0207405 -0.0159403 -0.0135577 -0.0208558 0.999691 -0.0205054 0.0 0.0 0.0 1.0
pumpkin/seq-02/color/frame-000058.color.png pumpkin/seq-02/color/frame-000060.color.png 0.999954 0.00941498 0.00211379 -0.00103799 -0.00947649 0.999466 0.0312675 -0.0412011 -0.00181828 -0.0312861 0.999509 -0.0304605 0.0 0.0 0.0 1.0
pumpkin/seq-02/color/frame-000060.color.png pumpkin/seq-02/color/frame-000062.color.png 0.999935 0.0103103 0.00488988 0.00339614 -0.0103858 0.999823 0.0156923 -0.0276529 -0.00472722 -0.0157421 0.999865 -0.0123016 0.0 0.0 0.0 1.0
pumpkin/seq-02/color/frame-000062.color.png pumpkin/seq-02/color/frame-000064.color.png 0.99956 -0.0155337 0.0252628 -0.0165634 0.0156935 0.999858 -0.00613914 -0.0223472 -0.0251639 0.00653291 0.999662 -0.0156722 0.0 0.0 0.0 1.0
pumpkin/seq-02/color/frame-000064.color.png pumpkin/seq-02/color/frame-000066.color.png 1.0 6.54868e-05 -0.000133326 0.00412722 -6.69146e-05 0.999942 -0.0107207 -0.0325966 0.000132617 0.0107207 0.999942 -0.0152406 0.0 0.0 0.0 1.0
pumpkin/seq-02/color/frame-000066.color.png pumpkin/seq-02/color/frame-000068.color.png 0.999941 0.00806028 -0.00721793 0.0546927 -0.00823182 0.999677 -0.0240589 -0.0227028 0.00702168 0.024117 0.999685 -0.010557 0.0 0.0 0.0 1.0
pumpkin/seq-02/color/frame-000068.color.png pumpkin/seq-02/color/frame-000070.color.png 0.999556 0.000860856 0.0297725 -0.038881 -0.000754429 0.999993 -0.00358493 -0.030901 -0.0297754 0.00356086 0.99955 -0.00950392 0.0 0.0 0.0 1.0
pumpkin/seq-02/color/frame-000070.color.png pumpkin/seq-02/color/frame-000072.color.png 0.999886 0.0151184 -0.000423281 0.0398491 -0.0151191 0.999884 -0.00169833 -0.0319831 0.000397555 0.00170452 0.999998 -0.0166251 0.0 0.0 0.0 1.0
pumpkin/seq-02/color/frame-000072.color.png pumpkin/seq-02/color/frame-000074.color.png 0.999594 -0.00522191 0.0280171 -0.0209909 0.00571277 0.999831 -0.0174687 -0.00189352 -0.0279212 0.0176216 0.999455 0.00640647 0.0 0.0 0.0 1.0
pumpkin/seq-02/color/frame-000074.color.png pumpkin/seq-02/color/frame-000076.color.png 0.999911 -0.00634509 0.0117174 -0.00497162 0.00631282 0.999976 0.00278993 0.00494492 -0.0117348 -0.00271569 0.999928 -0.0186218 0.0 0.0 0.0 1.0
pumpkin/seq-02/color/frame-000076.color.png pumpkin/seq-02/color/frame-000078.color.png 0.999978 -0.00586538 -0.00293165 0.0179175 0.00588086 0.999969 0.00529896 -0.0385202 0.00290048 -0.00531608 0.999982 -0.00877364 0.0 0.0 0.0 1.0
pumpkin/seq-02/color/frame-000078.color.png pumpkin/seq-02/color/frame-000080.color.png 0.999737 0.0154218 0.0169546 0.0186842 -0.0152452 0.999829 -0.0104979 -0.0045234 -0.0171136 0.0102367 0.999801 -0.00144242 0.0 0.0 0.0 1.0
pumpkin/seq-02/color/frame-000080.color.png pumpkin/seq-02/color/frame-000082.color.png 0.999472 0.00882765 0.0312661 -0.015107 -0.008361 0.999852 -0.0150245 0.00877225 -0.0313941 0.0147551 0.999398 0.00267607 0.0 0.0 0.0 1.0
pumpkin/seq-02/color/frame-000082.color.png pumpkin/seq-02/color/frame-000084.color.png 0.999864 -0.0148908 0.00702629 -0.00797164 0.0149622 0.999836 -0.0102096 -0.0120568 -0.00687309 0.0103133 0.999923 -0.00446434 0.0 0.0 0.0 1.0
pumpkin/seq-02/color/frame-000084.color.png pumpkin/seq-02/color/frame-000086.color.png 0.999934 0.010394 -0.00480928 0.0184131 -0.0104272 0.999922 -0.00692916 0.00870812 0.00473687 0.00697884 0.999964 -0.012509 0.0 0.0 0.0 1.0
pumpkin/seq-02/color/frame-000086.color.png pumpkin/seq-02/color/frame-000088.color.png 0.999866 0.0163469 -0.000183016 0.00268565 -0.0163477 0.999845 -0.00648457 -0.0111883 7.69899e-05 0.0064867 0.999979 -0.00987315 0.0 0.0 0.0 1.0
pumpkin/seq-02/color/frame-000088.color.png pumpkin/seq-02/color/frame-000090.color.png 0.999897 0.0138606 0.00372689 -0.00534433 -0.0138764 0.999895 0.00426701 -0.00564045 -0.00366735 -0.0043183 0.999984 -0.0058803 0.0 0.0 0.0 1.0
pumpkin/seq-02/color/frame-000090.color.png pumpkin/seq-02/color/frame-000092.color.png 0.999613 0.0145703 -0.0236883 -0.0102147 -0.0147136 0.999874 -0.00588767 0.012938 0.0235996 0.00623395 0.999702 -0.000795931 0.0 0.0 0.0 1.0
pumpkin/seq-02/color/frame-000092.color.png pumpkin/seq-02/color/frame-000094.color.png 0.999348 0.0152831 -0.0327034 0.0385438 -0.0150179 0.999853 0.00833838 -0.0221507 0.032826 -0.00784182 0.99943 -0.0127475 0.0 0.0 0.0 1.0
pumpkin/seq-02/color/frame-000094.color.png pumpkin/seq-02/color/frame-000096.color.png 0.999605 0.027753 0.00431747 0.00399464 -0.0277308 0.999602 -0.00512706 0.00875133 -0.00445804 0.00500532 0.999978 -0.0172039 0.0 0.0 0.0 1.0
pumpkin/seq-02/color/frame-000096.color.png pumpkin/seq-02/color/frame-000098.color.png 0.999524 -0.00901909 -0.0294864 -0.0126957 0.00894105 0.999956 -0.00277869 0.00295329 0.0295102 0.00251372 0.999561 -0.00849682 0.0 0.0 0.0 1.0
pumpkin/seq-02/color/frame-000098.color.png pumpkin/seq-02/color/frame-000100.color.png 0.999618 0.0201883 -0.018876 0.0663369 -0.0204541 0.999693 -0.0139996 -0.0168204 0.0185876 0.0143803 0.999724 -0.0165978 0.0 0.0 0.0 1.0
pumpkin/seq-02/color/frame-000100.color.png pumpkin/seq-02/color/frame-000102.color.png 0.999969 0.00567602 0.00554595 0.00590052 -0.0055574 0.99976 -0.0211707 0.0099498 -0.00566479 0.0211392 0.99976 -0.0240592 0.0 0.0 0.0 1.0
pumpkin/seq-02/color/frame-000102.color.png pumpkin/seq-02/color/frame-000104.color.png 0.999986 -0.00146388 -0.00507891 0.0313888 0.00138023 0.999864 -0.0164343 0.0123437 0.00510228 0.016427 0.999852 -0.0240259 0.0 0.0 0.0 1.0
pumpkin/seq-02/color/frame-000104.color.png pumpkin/seq-02/color/frame-000106.color.png 0.999715 0.0202817 0.0126253 0.0365241 -0.0200682 0.999657 -0.0168074 0.00315344 -0.0129619 0.0165493 0.999779 -0.0176848 0.0 0.0 0.0 1.0
pumpkin/seq-02/color/frame-000106.color.png pumpkin/seq-02/color/frame-000108.color.png 0.999963 -0.00628204 -0.00579904 -0.0168199 0.00623094 0.999942 -0.00878243 -0.00582051 0.00585387 0.00874598 0.999945 -0.0267391 0.0 0.0 0.0 1.0
pumpkin/seq-02/color/frame-000108.color.png pumpkin/seq-02/color/frame-000110.color.png 0.999867 0.0129323 -0.0099409 0.0677762 -0.0130685 0.99982 -0.0137636 0.00872016 0.00976111 0.0138917 0.999856 -0.0270289 0.0 0.0 0.0 1.0
pumpkin/seq-02/color/frame-000110.color.png pumpkin/seq-02/color/frame-000112.color.png 0.999992 -0.0032594 0.00219642 0.00488315 0.0032715 0.999979 -0.00550736 -0.0136876 -0.00217842 0.0055145 0.999982 -0.0143608 0.0 0.0 0.0 1.0
pumpkin/seq-02/color/frame-000112.color.png pumpkin/seq-02/color/frame-000114.color.png 0.999939 -0.00515933 -0.00972673 0.0244206 0.00497383 0.999807 -0.0189945 -0.00364566 0.00982285 0.0189449 0.999772 -0.0192482 0.0 0.0 0.0 1.0
pumpkin/seq-02/color/frame-000114.color.png pumpkin/seq-02/color/frame-000116.color.png 0.99973 -0.0222359 0.00671388 -0.0220629 0.0223667 0.999548 -0.0200778 -0.00621271 -0.0062644 0.0202225 0.999776 0.00227714 0.0 0.0 0.0 1.0
pumpkin/seq-02/color/frame-000116.color.png pumpkin/seq-02/color/frame-000118.color.png 0.999905 -0.0133486 0.00343341 0.0327967 0.0133769 0.999876 -0.00832575 -0.00635672 -0.00332184 0.00837089 0.99996 -0.021028 0.0 0.0 0.0 1.0
pumpkin/seq-02/color/frame-000118.color.png pumpkin/seq-02/color/frame-000120.color.png 0.999941 -0.00179554 0.0107082 0.00039877 0.00183685 0.999991 -0.00385339 0.00939071 -0.0107012 0.00387284 0.999935 0.00679773 0.0 0.0 0.0 1.0
pumpkin/seq-02/color/frame-000120.color.png pumpkin/seq-02/color/frame-000122.color.png 0.999725 -0.00497519 -0.0229342 0.0375326 0.00490857 0.999984 -0.00296128 0.0036847 0.0229485 0.0028479 0.999733 -0.00171554 0.0 0.0 0.0 1.0
pumpkin/seq-02/color/frame-000122.color.png pumpkin/seq-02/color/frame-000124.color.png 0.999986 -0.00100085 -0.00520815 0.0076598 0.00107701 0.999892 0.0146513 0.00721115 0.00519292 -0.0146567 0.999879 -0.00984704 0.0 0.0 0.0 1.0
pumpkin/seq-02/color/frame-000124.color.png pumpkin/seq-02/color/frame-000126.color.png 0.999091 0.0264807 -0.0334166 0.0441016 -0.0259254 0.99952 0.0169398 -0.0117168 0.0338492 -0.016058 0.999298 -0.0180545 0.0 0.0 0.0 1.0
pumpkin/seq-02/color/frame-000126.color.png pumpkin/seq-02/color/frame-000128.color.png 0.999971 0.00384086 0.00659456 0.048016 -0.00377974 0.99995 -0.00926619 0.00981468 -0.00662982 0.00924099 0.999935 0.00947732 0.0 0.0 0.0 1.0
pumpkin/seq-02/color/frame-000128.color.png pumpkin/seq-02/color/frame-000130.color.png 0.999874 -0.015782 0.00184524 0.0391543 0.0157765 0.999871 0.00301014 6.25849e-05 -0.00189251 -0.00298065 0.999994 0.00450528 0.0 0.0 0.0 1.0
pumpkin/seq-02/color/frame-000130.color.png pumpkin/seq-02/color/frame-000132.color.png 0.999895 0.00466766 0.0136971 0.0512409 -0.0046503 0.999988 -0.0013006 -0.00139827 -0.013703 0.00123677 0.999905 0.0011301 0.0 0.0 0.0 1.0
pumpkin/seq-02/color/frame-000132.color.png pumpkin/seq-02/color/frame-000134.color.png 0.999999 0.00152615 0.000435346 0.0295439 -0.00153075 0.999941 0.0107264 -0.000562847 -0.00041895 -0.010727 0.999942 -0.00135678 0.0 0.0 0.0 1.0
pumpkin/seq-02/color/frame-000134.color.png pumpkin/seq-02/color/frame-000136.color.png 0.999847 -0.00672285 0.0161795 0.0231291 0.00687381 0.999933 -0.00929312 0.0287806 -0.016116 0.00940292 0.999826 0.00182909 0.0 0.0 0.0 1.0
pumpkin/seq-02/color/frame-000136.color.png pumpkin/seq-02/color/frame-000138.color.png 0.999908 0.000657842 -0.0135548 0.0398575 -0.000505893 0.999937 0.0112132 -0.0180413 0.0135613 -0.0112053 0.999845 0.00777608 0.0 0.0 0.0 1.0
pumpkin/seq-02/color/frame-000138.color.png pumpkin/seq-02/color/frame-000140.color.png 0.999768 0.0185227 -0.0110351 0.0391897 -0.0186291 0.99978 -0.00962749 0.0116655 0.0108543 0.00983082 0.999893 -0.017733 0.0 0.0 0.0 1.0
pumpkin/seq-02/color/frame-000140.color.png pumpkin/seq-02/color/frame-000142.color.png 0.999955 0.00947418 -0.000489014 0.00474301 -0.00946746 0.999881 0.0122211 0.00256252 0.000604744 -0.0122159 0.999925 -0.00850242 0.0 0.0 0.0 1.0
pumpkin/seq-02/color/frame-000142.color.png pumpkin/seq-02/color/frame-000144.color.png 0.999878 0.000234137 -0.0156334 0.0242499 -6.34395e-05 0.99994 0.0109206 -0.00122905 0.015635 -0.0109183 0.999818 -0.00899869 0.0 0.0 0.0 1.0
pumpkin/seq-02/color/frame-000144.color.png pumpkin/seq-02/color/frame-000146.color.png 0.999804 -0.00332049 0.0195079 0.0452824 0.00327266 0.999992 0.00248612 -0.000269175 -0.019516 -0.00242179 0.999807 -0.000627697 0.0 0.0 0.0 1.0
pumpkin/seq-02/color/frame-000146.color.png pumpkin/seq-02/color/frame-000148.color.png 0.999978 0.00665337 -0.000114718 0.0235779 -0.00664836 0.999656 0.0253756 0.0329986 0.000283512 -0.0253742 0.999678 -0.0125881 0.0 0.0 0.0 1.0
pumpkin/seq-02/color/frame-000148.color.png pumpkin/seq-02/color/frame-000150.color.png 0.999727 0.0207961 -0.01063 0.0338909 -0.0206345 0.999673 0.0150976 0.0153071 0.0109405 -0.0148741 0.99983 -0.0305891 0.0 0.0 0.0 1.0
pumpkin/seq-02/color/frame-000150.color.png pumpkin/seq-02/color/frame-000152.color.png 0.99986 0.00604474 0.0156338 0.029097 -0.00634011 0.999801 0.0189135 0.0196181 -0.0155163 -0.01901 0.999699 -0.008892 0.0 0.0 0.0 1.0
pumpkin/seq-02/color/frame-000152.color.png pumpkin/seq-02/color/frame-000154.color.png 0.999872 0.00293286 -0.0157151 0.0440305 -0.00285898 0.999985 0.00472163 0.0135288 0.0157287 -0.0046761 0.999865 -0.0210684 0.0 0.0 0.0 1.0
pumpkin/seq-02/color/frame-000154.color.png pumpkin/seq-02/color/frame-000156.color.png 0.999965 0.00805068 -0.00208557 0.0270518 -0.00804419 0.999963 0.00309368 -0.00225002 0.00211039 -0.0030768 0.999993 -0.00355333 0.0 0.0 0.0 1.0
pumpkin/seq-02/color/frame-000156.color.png pumpkin/seq-02/color/frame-000158.color.png 0.999898 -0.00315709 -0.0139164 -0.0123199 0.00330567 0.999938 0.0106689 -0.0299605 0.0138819 -0.0107138 0.999846 -0.022929 0.0 0.0 0.0 1.0
pumpkin/seq-02/color/frame-000158.color.png pumpkin/seq-02/color/frame-000160.color.png 0.99992 -0.00343768 -0.0121784 0.0111854 0.0032396 0.999863 -0.0162439 0.0321406 0.0122326 0.0162031 0.999794 -0.0116394 0.0 0.0 0.0 1.0
pumpkin/seq-02/color/frame-000160.color.png pumpkin/seq-02/color/frame-000162.color.png 0.999922 0.00651846 -0.0106561 0.0185272 -0.00652333 0.999979 -0.000429359 -0.0359737 0.010653 0.000498834 0.999943 -0.01002 0.0 0.0 0.0 1.0
pumpkin/seq-02/color/frame-000162.color.png pumpkin/seq-02/color/frame-000164.color.png 0.999473 -0.00396655 -0.0322196 0.00747937 0.00361084 0.999932 -0.0110897 0.00599855 0.0322614 0.0109675 0.999419 -0.0122832 0.0 0.0 0.0 1.0
pumpkin/seq-02/color/frame-000164.color.png pumpkin/seq-02/color/frame-000166.color.png 0.999718 0.017217 -0.0163329 0.0111942 -0.0173273 0.999828 -0.00663335 0.00793153 0.0162159 0.00691448 0.999844 -0.00144625 0.0 0.0 0.0 1.0
pumpkin/seq-02/color/frame-000166.color.png pumpkin/seq-02/color/frame-000168.color.png 0.999944 0.000848543 -0.0105885 0.00841862 -0.000842146 0.999999 0.000602615 0.00137371 0.010589 -0.000593656 0.999944 -0.00015831 0.0 0.0 0.0 1.0
pumpkin/seq-02/color/frame-000168.color.png pumpkin/seq-02/color/frame-000170.color.png 0.999975 0.00306987 -0.00633021 0.0152611 -0.00310806 0.999977 -0.0060186 7.689e-05 0.00631158 0.00603812 0.999962 0.0209527 0.0 0.0 0.0 1.0
pumpkin/seq-02/color/frame-000170.color.png pumpkin/seq-02/color/frame-000172.color.png 0.999998 0.00136401 0.00170486 0.0241286 -0.00135839 0.999994 -0.0033069 -0.0201865 -0.00170937 0.00330458 0.999993 0.0155002 0.0 0.0 0.0 1.0
pumpkin/seq-02/color/frame-000172.color.png pumpkin/seq-02/color/frame-000174.color.png 0.99996 0.00877596 -0.00161184 0.00991732 -0.00880609 0.999766 -0.0197611 -0.00812757 0.00143805 0.0197745 0.999803 0.0229447 0.0 0.0 0.0 1.0
pumpkin/seq-02/color/frame-000174.color.png pumpkin/seq-02/color/frame-000176.color.png 0.99999 -0.0010702 -0.00436053 0.0367129 0.00103142 0.99996 -0.00888819 0.0188323 0.0043699 0.0088836 0.999951 0.0156897 0.0 0.0 0.0 1.0
pumpkin/seq-02/color/frame-000176.color.png pumpkin/seq-02/color/frame-000178.color.png 0.999987 0.00236183 -0.00442979 0.00944567 -0.00236968 0.999996 -0.00176785 0.0010283 0.00442554 0.00177833 0.999989 0.0267163 0.0 0.0 0.0 1.0
pumpkin/seq-02/color/frame-000178.color.png pumpkin/seq-02/color/frame-000180.color.png 0.999993 -0.00207427 -0.0031096 -0.00709641 0.00208756 0.999989 0.00429185 -0.0152856 0.00310071 -0.00429831 0.999986 0.00893742 0.0 0.0 0.0 1.0
pumpkin/seq-02/color/frame-000180.color.png pumpkin/seq-02/color/frame-000182.color.png 0.999916 -0.00405993 -0.0123191 0.00662166 0.00409152 0.999988 0.00253552 -0.00367272 0.0123086 -0.00258571 0.999921 0.0137486 0.0 0.0 0.0 1.0
pumpkin/seq-02/color/frame-000182.color.png pumpkin/seq-02/color/frame-000184.color.png 0.999907 0.00923688 0.00999694 0.00619572 -0.00925518 0.999955 0.00178135 -0.00831252 -0.00998008 -0.00187371 0.999949 0.0235159 0.0 0.0 0.0 1.0
pumpkin/seq-02/color/frame-000184.color.png pumpkin/seq-02/color/frame-000186.color.png 0.999947 -0.00947701 -0.00395076 -0.019142 0.00944464 0.999922 -0.00814455 -0.0257257 0.00402764 0.00810682 0.999959 0.0163968 0.0 0.0 0.0 1.0
pumpkin/seq-02/color/frame-000186.color.png pumpkin/seq-02/color/frame-000188.color.png 0.999904 -0.00590334 -0.0125342 0.00870651 0.00587346 0.99998 -0.00242183 0.00263488 0.0125482 0.00234798 0.999919 0.00740492 0.0 0.0 0.0 1.0
pumpkin/seq-02/color/frame-000188.color.png pumpkin/seq-02/color/frame-000190.color.png 0.999954 -0.00698885 -0.00663729 -0.0110644 0.00697331 0.999973 -0.00236471 -0.0266483 0.00665367 0.00231831 0.999975 0.00408906 0.0 0.0 0.0 1.0
pumpkin/seq-02/color/frame-000190.color.png pumpkin/seq-02/color/frame-000192.color.png 0.999903 -0.0139507 -0.000474689 -0.0123675 0.0139497 0.999901 -0.0020616 0.00362819 0.000503387 0.00205478 0.999998 0.0103468 0.0 0.0 0.0 1.0
pumpkin/seq-02/color/frame-000192.color.png pumpkin/seq-02/color/frame-000194.color.png 0.999745 -0.0223541 0.00317321 -0.017055 0.0223242 0.999709 0.00918168 -0.0400383 -0.00337752 -0.00910851 0.999953 0.00722951 0.0 0.0 0.0 1.0
pumpkin/seq-02/color/frame-000194.color.png pumpkin/seq-02/color/frame-000196.color.png 0.999319 -0.0235085 0.0284286 -0.00232846 0.0235581 0.999721 -0.00141227 0.00747925 -0.0283875 0.00208103 0.999595 0.0259914 0.0 0.0 0.0 1.0
pumpkin/seq-02/color/frame-000196.color.png pumpkin/seq-02/color/frame-000198.color.png 0.998247 -0.0269822 0.0526744 0.0485922 0.0265212 0.999604 0.00943219 0.0258647 -0.052908 -0.00801868 0.998567 0.0453838 0.0 0.0 0.0 1.0
pumpkin/seq-02/color/frame-000198.color.png pumpkin/seq-02/color/frame-000200.color.png 0.998392 -0.0556609 0.0107594 -0.0772604 0.0549212 0.996695 0.0598576 -0.100163 -0.0140556 -0.0591705 0.998149 0.00132859 0.0 0.0 0.0 1.0
pumpkin/seq-02/color/frame-000200.color.png pumpkin/seq-02/color/frame-000202.color.png 0.999846 0.00894384 -0.0151247 0.0432369 -0.0089814 0.999957 -0.00241762 0.0476875 0.0151024 0.00255308 0.999883 0.0209076 0.0 0.0 0.0 1.0
pumpkin/seq-02/color/frame-000202.color.png pumpkin/seq-02/color/frame-000204.color.png 0.99966 0.00302958 0.0258984 -0.0176925 -0.00355162 0.999791 0.0201344 -0.0266012 -0.025832 -0.0202195 0.999462 0.00471887 0.0 0.0 0.0 1.0
pumpkin/seq-02/color/frame-000204.color.png pumpkin/seq-02/color/frame-000206.color.png 0.999818 -0.0169165 -0.00881382 0.0061115 0.0169184 0.999857 0.000147334 -0.00521088 0.00881005 -0.000296418 0.999961 0.00298327 0.0 0.0 0.0 1.0
pumpkin/seq-02/color/frame-000206.color.png pumpkin/seq-02/color/frame-000208.color.png 0.999721 0.00857812 0.0219845 0.0256583 -0.00833405 0.999903 -0.0111685 0.0218541 -0.0220782 0.0109821 0.999696 0.0264256 0.0 0.0 0.0 1.0
pumpkin/seq-02/color/frame-000208.color.png pumpkin/seq-02/color/frame-000210.color.png 0.999196 -0.000531019 0.0400846 -0.00709057 0.000295142 0.999982 0.00588953 -0.002388 -0.040087 -0.00587294 0.999179 0.0263911 0.0 0.0 0.0 1.0
pumpkin/seq-02/color/frame-000210.color.png pumpkin/seq-02/color/frame-000212.color.png 0.999689 -0.0234008 0.00862017 -0.0219682 0.0232649 0.999609 0.0155403 -0.0154427 -0.00898045 -0.0153349 0.999842 0.00492349 0.0 0.0 0.0 1.0
pumpkin/seq-02/color/frame-000212.color.png pumpkin/seq-02/color/frame-000214.color.png 0.999856 -0.000972348 0.0169206 0.0458277 0.00112904 0.999957 -0.00925203 -0.00322914 -0.0169108 0.00926983 0.999814 0.0306744 0.0 0.0 0.0 1.0
pumpkin/seq-02/color/frame-000214.color.png pumpkin/seq-02/color/frame-000216.color.png 0.999407 -0.00257562 0.0343408 -0.0231322 0.00259867 0.999996 -0.000626922 -0.015775 -0.0343391 0.000715759 0.99941 0.0265547 0.0 0.0 0.0 1.0
pumpkin/seq-02/color/frame-000216.color.png pumpkin/seq-02/color/frame-000218.color.png 0.999842 -0.0173339 0.00390822 -0.0127944 0.0173804 0.999775 -0.0121997 -0.012606 -0.00369586 0.0122657 0.999918 0.0100053 0.0 0.0 0.0 1.0
pumpkin/seq-02/color/frame-000218.color.png pumpkin/seq-02/color/frame-000220.color.png 0.999699 0.00654908 0.0236408 0.0227138 -0.00584301 0.999538 -0.0298129 -0.0103538 -0.0238251 0.0296657 0.999276 0.0329465 0.0 0.0 0.0 1.0
pumpkin/seq-02/color/frame-000220.color.png pumpkin/seq-02/color/frame-000222.color.png 0.999572 0.0159532 0.0245183 0.0115094 -0.0154546 0.999673 -0.0203899 -0.00395554 -0.0248356 0.0200023 0.999492 0.0246344 0.0 0.0 0.0 1.0
pumpkin/seq-02/color/frame-000222.color.png pumpkin/seq-02/color/frame-000224.color.png 0.999761 0.00259252 0.0217014 -0.00247055 -0.00240068 0.999958 -0.0088614 -0.00943691 -0.0217235 0.00880718 0.999725 0.0202635 0.0 0.0 0.0 1.0
pumpkin/seq-02/color/frame-000224.color.png pumpkin/seq-02/color/frame-000226.color.png 0.999907 -0.00680173 0.0117968 -0.00551826 0.00725427 0.999222 -0.0387547 -0.00880814 -0.011524 0.0388367 0.999179 0.0303757 0.0 0.0 0.0 1.0
pumpkin/seq-02/color/frame-000226.color.png pumpkin/seq-02/color/frame-000228.color.png 0.999646 0.000141776 0.0266105 -0.0112404 0.00062621 0.999584 -0.0288497 0.00850594 -0.0266035 0.0288562 0.99923 0.0381168 0.0 0.0 0.0 1.0
pumpkin/seq-02/color/frame-000228.color.png pumpkin/seq-02/color/frame-000230.color.png 0.999864 -0.00282368 0.0162419 -0.00485533 0.00316297 0.999777 -0.0209001 -0.0151184 -0.0161793 0.0209487 0.99965 0.0138036 0.0 0.0 0.0 1.0
pumpkin/seq-02/color/frame-000230.color.png pumpkin/seq-02/color/frame-000232.color.png 0.999935 0.011389 -0.000399677 0.0169252 -0.0113952 0.999658 -0.0235381 0.0148528 0.000131466 0.0235411 0.999723 0.0143126 0.0 0.0 0.0 1.0
pumpkin/seq-02/color/frame-000232.color.png pumpkin/seq-02/color/frame-000234.color.png 0.999679 0.00564537 0.0246852 0.0107064 -0.00548601 0.999964 -0.00651786 -0.00852793 -0.024721 0.00638034 0.999674 0.0153212 0.0 0.0 0.0 1.0
pumpkin/seq-02/color/frame-000234.color.png pumpkin/seq-02/color/frame-000236.color.png 0.99994 -0.00686286 -0.00855435 -0.0191861 0.00671245 0.999825 -0.017488 -0.00478959 0.00867285 0.0174295 0.99981 -0.000481039 0.0 0.0 0.0 1.0
pumpkin/seq-02/color/frame-000236.color.png pumpkin/seq-02/color/frame-000238.color.png 0.999654 0.0250113 0.00810656 0.0184994 -0.0248362 0.99947 -0.0210316 -0.00762552 -0.00862834 0.020823 0.999746 0.00410041 0.0 0.0 0.0 1.0
pumpkin/seq-02/color/frame-000238.color.png pumpkin/seq-02/color/frame-000240.color.png 0.999686 0.0232566 0.00929452 0.0100879 -0.022917 0.999121 -0.0351059 0.0156489 -0.0101028 0.0348819 0.99934 0.0236315 0.0 0.0 0.0 1.0
pumpkin/seq-02/color/frame-000240.color.png pumpkin/seq-02/color/frame-000242.color.png 0.999561 -0.00490049 -0.029202 -0.00906259 0.00440389 0.999845 -0.0170452 0.00205857 0.029281 0.016909 0.999428 -0.019111 0.0 0.0 0.0 1.0
pumpkin/seq-02/color/frame-000242.color.png pumpkin/seq-02/color/frame-000244.color.png 0.99962 0.0230761 0.0150447 0.00366098 -0.0227337 0.999487 -0.022544 0.00580227 -0.0155573 0.0221934 0.999633 0.0205314 0.0 0.0 0.0 1.0
pumpkin/seq-02/color/frame-000244.color.png pumpkin/seq-02/color/frame-000246.color.png 0.999907 0.0114297 -0.00736664 0.00693268 -0.0115331 0.999833 -0.0141467 -0.000175357 0.00720374 0.0142303 0.999873 0.00505865 0.0 0.0 0.0 1.0
pumpkin/seq-02/color/frame-000246.color.png pumpkin/seq-02/color/frame-000248.color.png 0.999876 0.0101426 -0.0120636 0.02092 -0.0103388 0.999813 -0.01632 0.00729263 0.0118958 0.0164428 0.999794 -0.00674543 0.0 0.0 0.0 1.0
pumpkin/seq-02/color/frame-000248.color.png pumpkin/seq-02/color/frame-000250.color.png 0.999872 0.0159933 -0.000453811 -0.00171673 -0.0159997 0.999522 -0.0264606 0.000789344 3.04175e-05 0.0264644 0.99965 0.0119022 0.0 0.0 0.0 1.0
pumpkin/seq-02/color/frame-000250.color.png pumpkin/seq-02/color/frame-000252.color.png 0.999949 0.00552045 -0.00851192 -0.00124574 -0.00566739 0.999834 -0.0173345 0.0155129 0.00841479 0.0173819 0.999813 0.00358692 0.0 0.0 0.0 1.0
pumpkin/seq-02/color/frame-000252.color.png pumpkin/seq-02/color/frame-000254.color.png 0.999939 0.0110119 0.000386947 0.000258029 -0.011007 0.999879 -0.0110356 -0.0102883 -0.000508445 0.0110307 0.999939 -0.0019044 0.0 0.0 0.0 1.0
pumpkin/seq-02/color/frame-000254.color.png pumpkin/seq-02/color/frame-000256.color.png 0.999909 0.0131267 0.00301348 0.0165709 -0.0130438 0.999576 -0.0260463 0.0211226 -0.00335408 0.0260047 0.999656 0.0212822 0.0 0.0 0.0 1.0
pumpkin/seq-02/color/frame-000256.color.png pumpkin/seq-02/color/frame-000258.color.png 0.9998 0.0129317 -0.0152701 -0.00942475 -0.0129239 0.999916 0.000609625 -0.00620824 0.0152767 -0.000412149 0.999883 -0.0219812 0.0 0.0 0.0 1.0
pumpkin/seq-02/color/frame-000258.color.png pumpkin/seq-02/color/frame-000260.color.png 0.999829 0.0159455 -0.0093622 0.0151885 -0.0159406 0.999873 0.000600073 0.00446177 0.00937058 -0.000450763 0.999956 -0.0166739 0.0 0.0 0.0 1.0
pumpkin/seq-02/color/frame-000260.color.png pumpkin/seq-02/color/frame-000262.color.png 0.999267 -0.00347569 -0.0381297 -0.0233331 0.00437299 0.999715 0.0234754 -0.00312918 0.0380372 -0.023625 0.998997 -0.0505828 0.0 0.0 0.0 1.0
pumpkin/seq-02/color/frame-000262.color.png pumpkin/seq-02/color/frame-000264.color.png 0.999669 0.00571203 -0.0250851 0.00328326 -0.00531822 0.999862 0.0157382 0.00510871 0.0251716 -0.0155995 0.999561 -0.0235219 0.0 0.0 0.0 1.0
pumpkin/seq-02/color/frame-000264.color.png pumpkin/seq-02/color/frame-000266.color.png 0.999346 0.0259456 -0.0251932 0.0159674 -0.0256214 0.999586 0.0131033 0.010926 0.0255228 -0.0124492 0.999597 -0.0355336 0.0 0.0 0.0 1.0
pumpkin/seq-02/color/frame-000266.color.png pumpkin/seq-02/color/frame-000268.color.png 0.999212 0.0270426 -0.0290526 0.0104033 -0.0266632 0.999555 0.0133689 0.0229941 0.0294012 -0.0125837 0.999488 -0.0281719 0.0 0.0 0.0 1.0
pumpkin/seq-02/color/frame-000268.color.png pumpkin/seq-02/color/frame-000270.color.png 0.999254 0.0304915 -0.0236867 -0.00357687 -0.0301529 0.99944 0.0145204 0.0204265 0.0241162 -0.0137954 0.999614 -0.0280299 0.0 0.0 0.0 1.0
pumpkin/seq-02/color/frame-000270.color.png pumpkin/seq-02/color/frame-000272.color.png 0.999587 0.00402986 -0.0284544 -0.000787079 -0.00350511 0.999823 0.0184681 0.0118462 0.0285238 -0.0183607 0.999424 -0.0299999 0.0 0.0 0.0 1.0
pumpkin/seq-02/color/frame-000272.color.png pumpkin/seq-02/color/frame-000274.color.png 0.999482 0.0091519 -0.0308527 -0.0168732 -0.00846587 0.999716 0.0222931 0.0104604 0.031048 -0.0220204 0.999275 -0.0346388 0.0 0.0 0.0 1.0
pumpkin/seq-02/color/frame-000274.color.png pumpkin/seq-02/color/frame-000276.color.png 0.999152 0.0261906 -0.0317572 0.00224483 -0.0258203 0.999595 0.0120137 0.0461552 0.0320589 -0.0111836 0.999424 -0.0331068 0.0 0.0 0.0 1.0
pumpkin/seq-02/color/frame-000276.color.png pumpkin/seq-02/color/frame-000278.color.png 0.999717 0.0121016 -0.020502 -0.0289013 -0.0119863 0.999912 0.00573336 0.0196778 0.0205696 -0.00548591 0.999773 -0.0258296 0.0 0.0 0.0 1.0
pumpkin/seq-02/color/frame-000278.color.png pumpkin/seq-02/color/frame-000280.color.png 0.998693 0.0155909 -0.0486799 0.0118472 -0.0146063 0.999683 0.0205178 -0.00672179 0.0489843 -0.01978 0.998604 -0.0415422 0.0 0.0 0.0 1.0
pumpkin/seq-02/color/frame-000280.color.png pumpkin/seq-02/color/frame-000282.color.png 0.998941 0.00982377 -0.0449577 0.0137224 -0.00951975 0.99993 0.00697186 0.0142211 0.0450231 -0.00653647 0.998964 -0.0233351 0.0 0.0 0.0 1.0
pumpkin/seq-02/color/frame-000282.color.png pumpkin/seq-02/color/frame-000284.color.png 0.999715 0.00691645 -0.0228561 -0.0530675 -0.00671858 0.99994 0.00871959 0.0338804 0.022915 -0.00856351 0.999701 -0.0547653 0.0 0.0 0.0 1.0
pumpkin/seq-02/color/frame-000284.color.png pumpkin/seq-02/color/frame-000286.color.png 0.999473 0.0163409 -0.0280492 -0.0161543 -0.0165007 0.999849 -0.0054708 0.026046 0.0279556 0.00593074 0.999592 -0.0154826 0.0 0.0 0.0 1.0
pumpkin/seq-02/color/frame-000286.color.png pumpkin/seq-02/color/frame-000288.color.png 0.999765 0.0140492 -0.0165259 -0.0281589 -0.0141159 0.999893 -0.00392767 0.0161157 0.0164689 0.00416004 0.999856 -0.0279974 0.0 0.0 0.0 1.0
pumpkin/seq-02/color/frame-000288.color.png pumpkin/seq-02/color/frame-000290.color.png 0.999485 0.00447211 -0.0317867 0.000695765 -0.00412247 0.99993 0.0110547 -0.0155258 0.031834 -0.0109179 0.999433 -0.0275845 0.0 0.0 0.0 1.0
pumpkin/seq-02/color/frame-000290.color.png pumpkin/seq-02/color/frame-000292.color.png 0.999986 0.00233353 0.00474251 0.00352806 -0.00231793 0.999992 -0.00329787 0.0103365 -0.00475009 0.00328685 0.999983 0.00330311 0.0 0.0 0.0 1.0
pumpkin/seq-02/color/frame-000292.color.png pumpkin/seq-02/color/frame-000294.color.png 0.999792 -0.0195951 0.005717 -0.0222962 0.0196367 0.99978 -0.00732597 -0.00875682 -0.00557233 0.00743666 0.999957 -0.0063529 0.0 0.0 0.0 1.0
pumpkin/seq-02/color/frame-000294.color.png pumpkin/seq-02/color/frame-000296.color.png 0.998714 -0.00276512 0.0506269 0.0405713 0.00292181 0.999991 -0.00302046 0.0023396 -0.050618 0.00316449 0.998713 0.0495924 0.0 0.0 0.0 1.0
pumpkin/seq-02/color/frame-000296.color.png pumpkin/seq-02/color/frame-000298.color.png 0.999668 -0.0249729 -0.0063125 0.00578922 0.0251274 0.999353 0.0257143 0.00491548 0.0056663 -0.0258644 0.999649 -0.00218329 0.0 0.0 0.0 1.0
pumpkin/seq-02/color/frame-000298.color.png pumpkin/seq-02/color/frame-000300.color.png 0.998771 -0.0324679 0.0374574 0.0492474 0.0323321 0.999468 0.00422796 0.00157613 -0.0375749 -0.00301169 0.999289 0.0461918 0.0 0.0 0.0 1.0
pumpkin/seq-02/color/frame-000300.color.png pumpkin/seq-02/color/frame-000302.color.png 0.999275 -0.0331642 0.018683 -0.0130573 0.0331126 0.999447 0.00306348 -0.0392631 -0.0187743 -0.00244264 0.999821 0.0044131 0.0 0.0 0.0 1.0
pumpkin/seq-02/color/frame-000302.color.png pumpkin/seq-02/color/frame-000304.color.png 0.999701 0.00451565 0.0240176 0.0149724 -0.00415104 0.999876 -0.0152105 0.023882 -0.0240832 0.0151063 0.999596 0.0198049 0.0 0.0 0.0 1.0
pumpkin/seq-02/color/frame-000304.color.png pumpkin/seq-02/color/frame-000306.color.png 0.999558 -0.0263596 -0.013758 -0.00728786 0.0264951 0.999601 0.00975891 -0.0344159 0.0134953 -0.0101191 0.999858 -0.0113975 0.0 0.0 0.0 1.0
pumpkin/seq-02/color/frame-000306.color.png pumpkin/seq-02/color/frame-000308.color.png 0.999825 -0.00994574 0.0158549 0.00714684 0.010026 0.999937 -0.00498878 -0.0205584 -0.0158043 0.0051469 0.999862 0.00851208 0.0 0.0 0.0 1.0
pumpkin/seq-02/color/frame-000308.color.png pumpkin/seq-02/color/frame-000310.color.png 0.999907 0.00165384 0.0135176 -0.0066219 -0.00139794 0.99982 -0.0189191 -0.0120698 -0.0135465 0.0188984 0.99973 0.0184785 0.0 0.0 0.0 1.0
pumpkin/seq-02/color/frame-000310.color.png pumpkin/seq-02/color/frame-000312.color.png 0.99994 -0.00360653 0.0103276 -0.0112232 0.00378851 0.999837 -0.0176556 -0.000768781 -0.0102622 0.0176938 0.999791 0.0185084 0.0 0.0 0.0 1.0
pumpkin/seq-02/color/frame-000312.color.png pumpkin/seq-02/color/frame-000314.color.png 0.999511 -0.0173439 0.0260228 -0.0261212 0.0173704 0.999849 -0.000795151 -0.0180469 -0.0260051 0.00124676 0.999661 0.0169821 0.0 0.0 0.0 1.0
pumpkin/seq-02/color/frame-000314.color.png pumpkin/seq-02/color/frame-000316.color.png 0.997849 -0.0276567 0.0594302 -0.0210111 0.0283992 0.999528 -0.0116847 0.00949186 -0.059079 0.0133474 0.998164 0.0471461 0.0 0.0 0.0 1.0
pumpkin/seq-02/color/frame-000316.color.png pumpkin/seq-02/color/frame-000318.color.png 0.99708 -0.0413584 0.0641916 -0.0158681 0.0408029 0.999118 0.00994145 -0.0454493 -0.0645462 -0.00729322 0.997888 0.0356755 0.0 0.0 0.0 1.0
pumpkin/seq-02/color/frame-000318.color.png pumpkin/seq-02/color/frame-000320.color.png 0.998503 -0.022823 0.0497117 -0.0104802 0.0229811 0.999732 -0.00261065 -0.0255402 -0.0496388 0.0037491 0.99876 0.0338592 0.0 0.0 0.0 1.0
pumpkin/seq-02/color/frame-000320.color.png pumpkin/seq-02/color/frame-000322.color.png 0.999314 -0.0146558 0.0340066 -2.5928e-05 0.0150282 0.99983 -0.01072 -0.0125198 -0.0338437 0.0112237 0.999364 0.0291913 0.0 0.0 0.0 1.0
pumpkin/seq-02/color/frame-000322.color.png pumpkin/seq-02/color/frame-000324.color.png 0.999793 -0.0159443 0.0126453 -0.0423013 0.0160222 0.999853 -0.00608555 -0.00914848 -0.0125464 0.00628694 0.999901 0.00304765 0.0 0.0 0.0 1.0
pumpkin/seq-02/color/frame-000324.color.png pumpkin/seq-02/color/frame-000326.color.png 0.999998 -0.00177457 0.000641394 -0.0215519 0.00177926 0.999971 -0.00742471 0.0124355 -0.00062819 0.00742582 0.999972 0.00634593 0.0 0.0 0.0 1.0
pumpkin/seq-02/color/frame-000326.color.png pumpkin/seq-02/color/frame-000328.color.png 0.999985 0.00395621 -0.00375417 0.00531197 -0.00388865 0.999833 0.0178318 -0.00433058 0.0038241 -0.0178169 0.999834 -0.0165619 0.0 0.0 0.0 1.0
pumpkin/seq-02/color/frame-000328.color.png pumpkin/seq-02/color/frame-000330.color.png 0.99998 0.00455232 0.00433397 -0.00421649 -0.00460709 0.999909 0.0127071 0.0142971 -0.00427574 -0.0127268 0.99991 0.00202262 0.0 0.0 0.0 1.0
pumpkin/seq-02/color/frame-000330.color.png pumpkin/seq-02/color/frame-000332.color.png 0.999488 0.0297722 -0.0117347 0.0068621 -0.0295883 0.999441 0.0155508 0.0231615 0.0121911 -0.0151957 0.99981 -0.0202258 0.0 0.0 0.0 1.0
pumpkin/seq-02/color/frame-000332.color.png pumpkin/seq-02/color/frame-000334.color.png 0.999897 -0.0143542 0.000423533 0.027018 0.0143473 0.99981 0.0132317 -0.0386253 -0.00061339 -0.0132243 0.999912 -0.0121915 0.0 0.0 0.0 1.0
pumpkin/seq-02/color/frame-000334.color.png pumpkin/seq-02/color/frame-000336.color.png 0.999946 -0.0064829 -0.00810994 -0.032771 0.00642098 0.99995 -0.0076443 0.0378518 0.00815911 0.00759186 0.999938 0.0114583 0.0 0.0 0.0 1.0
pumpkin/seq-02/color/frame-000336.color.png pumpkin/seq-02/color/frame-000338.color.png 0.99998 -0.00585937 -0.00232413 -0.0179832 0.00586639 0.999978 0.00304748 -0.000353098 0.00230622 -0.00306107 0.999993 -0.00502241 0.0 0.0 0.0 1.0
pumpkin/seq-02/color/frame-000338.color.png pumpkin/seq-02/color/frame-000340.color.png 0.999996 -0.00113147 0.00243148 0.00205153 0.00110964 0.999959 0.00895846 -0.0033955 -0.0024415 -0.00895572 0.999957 -0.00720793 0.0 0.0 0.0 1.0
pumpkin/seq-02/color/frame-000340.color.png pumpkin/seq-02/color/frame-000342.color.png 0.999935 0.00857786 0.00744248 0.014033 -0.00848111 0.99988 -0.0129288 0.00868183 -0.00755248 0.0128649 0.999889 0.0168723 0.0 0.0 0.0 1.0
pumpkin/seq-02/color/frame-000342.color.png pumpkin/seq-02/color/frame-000344.color.png 0.999973 0.00617171 0.00401648 -0.0123507 -0.00616759 0.99998 -0.0010433 -0.00976396 -0.00402286 0.00101851 0.999991 -0.00298256 0.0 0.0 0.0 1.0
pumpkin/seq-02/color/frame-000344.color.png pumpkin/seq-02/color/frame-000346.color.png 0.999933 0.000340631 0.011605 -0.0209964 -0.000361875 0.999998 0.00182772 0.00162035 -0.0116044 -0.00183179 0.999931 0.00835419 0.0 0.0 0.0 1.0
pumpkin/seq-02/color/frame-000346.color.png pumpkin/seq-02/color/frame-000348.color.png 0.999936 -0.00214317 0.0111433 -0.0297993 0.00215764 0.999997 -0.00128731 0.0156258 -0.0111405 0.00131129 0.999937 0.0102652 0.0 0.0 0.0 1.0
