pumpkin/seq-02/color/frame-000000.color.png pumpkin/seq-02/color/frame-000001.color.png 0.999933 -0.00476432 0.0105944 -0.031335 0.00498892 0.999761 -0.0212751 -0.0138618 -0.0104905 0.0213266 0.999718 -0.00719739 0.0 0.0 0.0 1.0
pumpkin/seq-02/color/frame-000001.color.png pumpkin/seq-02/color/frame-000002.color.png 0.99995 -0.0084599 -0.00531584 0.0045077 0.00842438 0.999942 -0.00667 0.00453287 0.00537196 0.00662489 0.999964 -0.00632163 0.0 0.0 0.0 1.0
pumpkin/seq-02/color/frame-000002.color.png pumpkin/seq-02/color/frame-000003.color.png 0.999598 -0.0273047 -0.00757468 -0.00322275 0.0272155 0.999562 -0.0116429 0.00684579 0.00788927 0.0114321 0.999904 -0.0107954 0.0 0.0 0.0 1.0
pumpkin/seq-02/color/frame-000003.color.png pumpkin/seq-02/color/frame-000004.color.png 0.999986 4.27848e-05 -0.00525441 0.00522395 -2.76215e-05 0.999996 0.00288663 -0.00619825 0.00525452 -0.00288645 0.999982 -0.00464584 0.0 0.0 0.0 1.0
pumpkin/seq-02/color/frame-000004.color.png pumpkin/seq-02/color/frame-000005.color.png 0.999984 -0.00561068 -0.000621647 0.00157583 0.00561037 0.999984 -0.00049605 -0.00905988 0.00062442 0.000492559 1.0 -0.00197914 0.0 0.0 0.0 1.0
pumpkin/seq-02/color/frame-000005.color.png pumpkin/seq-02/color/frame-000006.color.png 0.999712 -0.0232792 0.00588716 -0.0121249 0.0233285 0.999692 -0.00844503 -0.0122333 -0.00568875 0.00857993 0.999947 -0.0120311 0.0 0.0 0.0 1.0
pumpkin/seq-02/color/frame-000006.color.png pumpkin/seq-02/color/frame-000007.color.png 0.999963 -0.00707212 -0.00489329 -0.0154366 0.00703972 0.999953 -0.00660674 -0.0168164 0.00493979 0.00657205 0.999966 -0.00443058 0.0 0.0 0.0 1.0
pumpkin/seq-02/color/frame-000007.color.png pumpkin/seq-02/color/frame-000008.color.png 0.999949 0.00798396 -0.00617725 -0.00191961 -0.0080245 0.999946 -0.00656864 0.00825265 0.00612448 0.00661788 0.999959 -0.0135792 0.0 0.0 0.0 1.0
pumpkin/seq-02/color/frame-000008.color.png pumpkin/seq-02/color/frame-000009.color.png 0.999996 0.000703942 -0.0028217 0.0108437 -0.000723078 0.999977 -0.00678808 0.0166368 0.00281685 0.0067901 0.999973 -2.06307e-05 0.0 0.0 0.0 1.0
pumpkin/seq-02/color/frame-000009.color.png pumpkin/seq-02/color/frame-000010.color.png 1.0 3.22581e-05 0.000452012 -0.000579983 -3.57702e-05 0.99997 0.00774595 -0.030397 -0.000451749 -0.00774597 0.99997 -0.00743826 0.0 0.0 0.0 1.0
pumpkin/seq-02/color/frame-000010.color.png pumpkin/seq-02/color/frame-000011.color.png 0.999991 0.00425031 -4.73681e-05 -0.000805773 -0.00425058 0.999912 -0.0125947 0.0197194 -6.16882e-06 0.0125947 0.999921 -0.00298721 0.0 0.0 0.0 1.0
pumpkin/seq-02/color/frame-000011.color.png pumpkin/seq-02/color/frame-000012.color.png 0.999999 -0.00114347 -0.000502133 -0.018315 0.0011481 0.999956 0.00933289 -0.0230647 0.000491442 -0.00933346 0.999956 -0.0126961 0.0 0.0 0.0 1.0
pumpkin/seq-02/color/frame-000012.color.png pumpkin/seq-02/color/frame-000013.color.png 0.999973 -0.00360231 -0.00641628 -0.00367151 0.00358142 0.999988 -0.00326574 -0.0314057 0.00642797 0.00324267 0.999974 -0.0105787 0.0 0.0 0.0 1.0
pumpkin/seq-02/color/frame-000013.color.png pumpkin/seq-02/color/frame-000014.color.png 0.999943 -0.00237376 -0.0103747 -0.0150808 0.00207867 0.999596 -0.0283616 0.02408 0.0104378 0.0283384 0.999544 -0.00200451 0.0 0.0 0.0 1.0
pumpkin/seq-02/color/frame-000014.color.png pumpkin/seq-02/color/frame-000015.color.png 0.999881 0.00851451 -0.0128228 0.0240694 -0.00859968 0.999941 -0.00660086 0.0206725 0.0127659 0.00671034 0.999896 -0.00191528 0.0 0.0 0.0 1.0
pumpkin/seq-02/color/frame-000015.color.png pumpkin/seq-02/color/frame-000016.color.png 0.999919 0.0116584 -0.00507568 0.0257994 -0.0116385 0.999925 0.00392288 0.00788802 0.00512102 -0.00386349 0.999979 -0.000409797 0.0 0.0 0.0 1.0
pumpkin/seq-02/color/frame-000016.color.png pumpkin/seq-02/color/frame-000017.color.png 0.999785 0.00106147 0.020728 -0.0309946 -0.00125621 0.999955 0.00938447 -0.0505341 -0.0207171 -0.0094085 0.999741 -0.00880787 0.0 0.0 0.0 1.0
pumpkin/seq-02/color/frame-000017.color.png pumpkin/seq-02/color/frame-000018.color.png 0.999981 -0.0056784 0.00245215 -0.0211323 0.00569939 0.999946 -0.00864423 0.00745039 -0.00240293 0.00865804 0.99996 -0.00491585 0.0 0.0 0.0 1.0
pumpkin/seq-02/color/frame-000018.color.png pumpkin/seq-02/color/frame-000019.color.png 0.999734 -0.00426525 -0.0226709 0.0238633 0.00415921 0.99998 -0.00472276 -0.00647203 0.0226906 0.00462721 0.999732 -0.000215441 0.0 0.0 0.0 1.0
pumpkin/seq-02/color/frame-000019.color.png pumpkin/seq-02/color/frame-000020.color.png 0.999991 -0.0024086 0.00355409 0.00272729 0.00241364 0.999996 -0.00141661 -0.0050842 -0.00355066 0.00142516 0.999993 -0.00210847 0.0 0.0 0.0 1.0
pumpkin/seq-02/color/frame-000020.color.png pumpkin/seq-02/color/frame-000021.color.png 0.999898 0.00638846 0.0127704 -0.0141614 -0.00629422 0.999953 -0.00740457 -0.0265591 -0.0128171 0.00732344 0.999891 -0.00492071 0.0 0.0 0.0 1.0
pumpkin/seq-02/color/frame-000021.color.png pumpkin/seq-02/color/frame-000022.color.png 0.999942 0.0106717 -0.00128284 0.0126898 -0.010675 0.99994 -0.00256998 0.00578598 0.00125534 0.00258357 0.999996 -0.00147776 0.0 0.0 0.0 1.0
pumpkin/seq-02/color/frame-000022.color.png pumpkin/seq-02/color/frame-000023.color.png 0.999929 0.000895192 0.0118414 -0.00778338 -0.00102699 0.999937 0.0111297 0.00331272 -0.0118307 -0.011141 0.999868 -0.00160427 0.0 0.0 0.0 1.0
pumpkin/seq-02/color/frame-000023.color.png pumpkin/seq-02/color/frame-000024.color.png 0.999832 -0.0162671 0.00845852 -0.0163812 0.015942 0.999181 0.0371833 0.00223703 -0.00905647 -0.0370422 0.999273 0.00248118 0.0 0.0 0.0 1.0
pumpkin/seq-02/color/frame-000024.color.png pumpkin/seq-02/color/frame-000025.color.png 0.999876 -0.0154334 -0.00297837 -0.0202078 0.0154781 0.999758 0.0156359 -0.00977235 0.00273634 -0.0156801 0.999873 -0.00241102 0.0 0.0 0.0 1.0
pumpkin/seq-02/color/frame-000025.color.png pumpkin/seq-02/color/frame-000026.color.png 0.996252 -0.0847622 -0.0172419 -0.124483 0.0850394 0.996249 0.0160331 -0.0191218 0.0158182 -0.0174392 0.999723 0.0108966 0.0 0.0 0.0 1.0
pumpkin/seq-02/color/frame-000026.color.png pumpkin/seq-02/color/frame-000027.color.png 0.996118 -0.0377617 -0.0795185 0.0687574 0.0367192 0.99922 -0.0145316 0.0217329 0.0800052 0.0115554 0.996728 0.0328895 0.0 0.0 0.0 1.0
pumpkin/seq-02/color/frame-000027.color.png pumpkin/seq-02/color/frame-000028.color.png 0.996873 -0.0306362 -0.0728371 0.0663167 0.0296657 0.999457 -0.0143699 0.013682 0.0732378 0.0121642 0.99724 0.0207826 0.0 0.0 0.0 1.0
pumpkin/seq-02/color/frame-000028.color.png pumpkin/seq-02/color/frame-000029.color.png 0.998124 0.0507899 0.0341763 -0.00124708 -0.0510625 0.99867 0.00715135 -0.0247318 -0.0337677 -0.00888306 0.99939 -0.0024763 0.0 0.0 0.0 1.0
pumpkin/seq-02/color/frame-000029.color.png pumpkin/seq-02/color/frame-000030.color.png 0.999344 0.0310576 0.0186142 0.0115781 -0.0310472 0.999518 -0.000849701 0.00251304 -0.0186316 0.000271223 0.999826 0.000779144 0.0 0.0 0.0 1.0
pumpkin/seq-02/color/frame-000030.color.png pumpkin/seq-02/color/frame-000031.color.png 0.999799 0.0138766 0.014473 -0.0604924 -0.0140106 0.999859 0.00920056 -0.00455862 -0.0143433 -0.00940149 0.999853 -0.00770728 0.0 0.0 0.0 1.0
pumpkin/seq-02/color/frame-000031.color.png pumpkin/seq-02/color/frame-000032.color.png 0.999919 -0.00423581 -0.0119807 -0.00912367 0.00438326 0.999915 0.0123067 -0.0302093 0.0119276 -0.0123582 0.999852 0.0126093 0.0 0.0 0.0 1.0
pumpkin/seq-02/color/frame-000032.color.png pumpkin/seq-02/color/frame-000033.color.png 0.999641 -0.00807359 -0.0255497 0.0302984 0.00815706 0.999962 0.0031643 0.0165713 0.0255231 -0.00337158 0.999669 0.0124987 0.0 0.0 0.0 1.0
pumpkin/seq-02/color/frame-000033.color.png pumpkin/seq-02/color/frame-000034.color.png 0.99984 0.0178298 0.0013353 0.00333714 -0.0178215 0.999823 -0.00600089 -0.00728054 -0.00144206 0.00597614 0.999981 -0.00208045 0.0 0.0 0.0 1.0
pumpkin/seq-02/color/frame-000034.color.png pumpkin/seq-02/color/frame-000035.color.png 0.999983 0.00441511 0.00372496 -0.00204531 -0.00445546 0.999931 0.0108925 -0.027874 -0.00367656 -0.0109089 0.999934 0.00163855 0.0 0.0 0.0 1.0
pumpkin/seq-02/color/frame-000035.color.png pumpkin/seq-02/color/frame-000036.color.png 0.999982 0.0017576 0.00580595 -0.0393581 -0.00169823 0.999946 -0.0102152 -0.00577666 -0.0058236 0.0102051 0.999931 -0.00322925 0.0 0.0 0.0 1.0
pumpkin/seq-02/color/frame-000036.color.png pumpkin/seq-02/color/frame-000037.color.png 0.999949 0.0026855 -0.00969856 -0.00634919 -0.00266232 0.999993 0.00239945 -0.0238754 0.00970495 -0.00237351 0.99995 0.00686866 0.0 0.0 0.0 1.0
pumpkin/seq-02/color/frame-000037.color.png pumpkin/seq-02/color/frame-000038.color.png 0.999735 0.0152215 -0.0172483 0.038367 -0.0151804 0.999882 0.00251235 0.00203985 0.0172845 -0.00224985 0.999848 0.00413703 0.0 0.0 0.0 1.0
pumpkin/seq-02/color/frame-000038.color.png pumpkin/seq-02/color/frame-000039.color.png 0.999785 0.0140885 0.0152107 -0.00755244 -0.0138493 0.99978 -0.0157219 0.00102577 -0.0154289 0.0155078 0.999761 -0.00218732 0.0 0.0 0.0 1.0
pumpkin/seq-02/color/frame-000039.color.png pumpkin/seq-02/color/frame-000040.color.png 0.999954 0.00888685 0.00367799 -0.016664 -0.00893071 0.999887 0.0120809 -0.018215 -0.00357022 -0.0121132 0.99992 -0.00300844 0.0 0.0 0.0 1.0
pumpkin/seq-02/color/frame-000040.color.png pumpkin/seq-02/color/frame-000041.color.png 0.999818 0.0188027 -0.00316 0.021147 -0.0187621 0.999747 0.0124274 0.0189565 0.00339287 -0.0123659 0.999918 -0.00995894 0.0 0.0 0.0 1.0
pumpkin/seq-02/color/frame-000041.color.png pumpkin/seq-02/color/frame-000042.color.png 0.999813 0.0178885 0.00733132 0.00581708 -0.0180964 0.999406 0.0293438 -0.0554344 -0.00680206 -0.029471 0.999543 0.0131776 0.0 0.0 0.0 1.0
pumpkin/seq-02/color/frame-000042.color.png pumpkin/seq-02/color/frame-000043.color.png 0.999137 0.0335887 0.024453 -0.00249432 -0.0335547 0.999435 -0.00179976 0.00214416 -0.0244997 0.000977683 0.999699 -0.00753329 0.0 0.0 0.0 1.0
pumpkin/seq-02/color/frame-000043.color.png pumpkin/seq-02/color/frame-000044.color.png 0.999917 0.01277 0.00169246 0.0156368 -0.0127915 0.999829 0.0133651 -0.0410495 -0.00152151 -0.0133856 0.999909 -0.00396095 0.0 0.0 0.0 1.0
pumpkin/seq-02/color/frame-000044.color.png pumpkin/seq-02/color/frame-000045.color.png 0.999562 0.0200137 0.0218261 -0.019234 -0.0199617 0.999797 -0.00259522 -0.0015572 -0.0218736 0.0021584 0.999758 -0.00596306 0.0 0.0 0.0 1.0
pumpkin/seq-02/color/frame-000045.color.png pumpkin/seq-02/color/frame-000046.color.png 0.999931 0.0113606 0.0031172 0.00859562 -0.0113637 0.999935 0.000955792 -0.00905085 -0.00310612 -0.000991159 0.999995 0.000809439 0.0 0.0 0.0 1.0
pumpkin/seq-02/color/frame-000046.color.png pumpkin/seq-02/color/frame-000047.color.png 0.999381 0.029075 0.0197942 -0.00814652 -0.0291147 0.999575 0.0017178 -0.0186008 -0.0197359 -0.00229303 0.999803 -0.00579039 0.0 0.0 0.0 1.0
pumpkin/seq-02/color/frame-000047.color.png pumpkin/seq-02/color/frame-000048.color.png 0.999897 0.0136461 0.00432327 0.0119064 -0.0136639 0.999898 0.00409519 -0.0263285 -0.00426695 -0.00415384 0.999982 -0.0108985 0.0 0.0 0.0 1.0
pumpkin/seq-02/color/frame-000048.color.png pumpkin/seq-02/color/frame-000049.color.png 0.999909 0.00931576 0.00976806 -0.0057382 -0.0092318 0.99992 -0.00860787 0.0121258 -0.00984746 0.0085169 0.999915 0.000634141 0.0 0.0 0.0 1.0
pumpkin/seq-02/color/frame-000049.color.png pumpkin/seq-02/color/frame-000050.color.png 0.999823 -0.0078819 0.0170541 -0.0478939 0.00780622 0.999959 0.00450049 0.00613675 -0.0170889 -0.00436658 0.999844 -0.00392303 0.0 0.0 0.0 1.0
pumpkin/seq-02/color/frame-000050.color.png pumpkin/seq-02/color/frame-000051.color.png 0.999947 -0.00379447 -0.00958041 -0.000128001 0.00383177 0.999985 0.00387855 -0.0059818 0.00956555 -0.00391504 0.999947 0.00312069 0.0 0.0 0.0 1.0
pumpkin/seq-02/color/frame-000051.color.png pumpkin/seq-02/color/frame-000052.color.png 0.999671 -0.0168569 -0.0193279 0.0138434 0.0173729 0.999489 0.0268509 0.0100071 0.0188654 -0.0271779 0.999453 -0.0176368 0.0 0.0 0.0 1.0
pumpkin/seq-02/color/frame-000052.color.png pumpkin/seq-02/color/frame-000053.color.png 0.999995 -0.00312066 -0.000392071 -0.00155318 0.00312512 0.999924 0.0119336 -0.0104548 0.000354797 -0.0119347 0.999929 -0.00176603 0.0 0.0 0.0 1.0
pumpkin/seq-02/color/frame-000053.color.png pumpkin/seq-02/color/frame-000054.color.png 0.999968 0.00645195 -0.00476829 0.0243136 -0.0063446 0.999734 0.0221953 -0.0243365 0.00491025 -0.0221644 0.999742 0.00256454 0.0 0.0 0.0 1.0
pumpkin/seq-02/color/frame-000054.color.png pumpkin/seq-02/color/frame-000055.color.png 0.999956 0.00181438 0.00917945 0.00260989 -0.0018831 0.99997 0.00748339 -0.0124767 -0.00916562 -0.00750033 0.99993 -0.00694193 0.0 0.0 0.0 1.0
pumpkin/seq-02/color/frame-000055.color.png pumpkin/seq-02/color/frame-000056.color.png 0.9999 0.00394737 0.0136154 -0.0104049 -0.00409372 0.999934 0.0107376 -0.0160103 -0.0135721 -0.0107922 0.99985 -0.0125896 0.0 0.0 0.0 1.0
pumpkin/seq-02/color/frame-000056.color.png pumpkin/seq-02/color/frame-000057.color.png 0.999861 0.00889352 0.0141185 -0.017087 -0.008925 0.999958 0.00216883 0.0142218 -0.0140986 -0.00229453 0.999898 -0.00872716 0.0 0.0 0.0 1.0
pumpkin/seq-02/color/frame-000057.color.png pumpkin/seq-02/color/frame-000058.color.png 0.999999 -0.00110293 -4.23039e-05 -4.72367e-06 0.0011035 0.999841 0.017782 -0.0274287 2.26873e-05 -0.0177821 0.999842 -0.012334 0.0 0.0 0.0 1.0
pumpkin/seq-02/color/frame-000058.color.png pumpkin/seq-02/color/frame-000059.color.png 1.0 0.00016718 0.000408079 -0.000398681 -0.000171205 0.999951 0.00986532 -0.0151358 -0.000406409 -0.00986535 0.999951 -0.00960818 0.0 0.0 0.0 1.0
pumpkin/seq-02/color/frame-000059.color.png pumpkin/seq-02/color/frame-000060.color.png 0.999961 0.0076316 -0.00438207 0.017138 -0.00754027 0.999762 0.0204914 -0.0222445 0.00453739 -0.0204575 0.99978 -0.0183887 0.0 0.0 0.0 1.0
pumpkin/seq-02/color/frame-000060.color.png pumpkin/seq-02/color/frame-000061.color.png 0.999968 0.00735528 0.00325406 -0.000949323 -0.00738316 0.999935 0.00863627 -0.0105199 -0.00319031 -0.00866003 0.999957 -0.00314353 0.0 0.0 0.0 1.0
pumpkin/seq-02/color/frame-000061.color.png pumpkin/seq-02/color/frame-000062.color.png 0.999995 0.00307892 0.000627622 0.00712666 -0.00308326 0.999971 0.00702376 -0.0166375 -0.000605976 -0.00702566 0.999975 -0.00860763 0.0 0.0 0.0 1.0
pumpkin/seq-02/color/frame-000062.color.png pumpkin/seq-02/color/frame-000063.color.png 0.99964 -0.0122145 0.0239016 -0.0162707 0.0123798 0.9999 -0.00678401 -0.012033 -0.0238163 0.00707743 0.999691 -0.0104098 0.0 0.0 0.0 1.0
pumpkin/seq-02/color/frame-000063.color.png pumpkin/seq-02/color/frame-000064.color.png 0.999996 -0.00227093 0.00189156 -0.00246665 0.00227069 0.999997 0.000130661 -0.00838289 -0.00189185 -0.000126322 0.999998 -0.00499824 0.0 0.0 0.0 1.0
pumpkin/seq-02/color/frame-000064.color.png pumpkin/seq-02/color/frame-000065.color.png 0.999992 0.00411051 0.000487635 -0.00565444 -0.00411383 0.999967 0.00700315 -0.0345775 -0.000458835 -0.0070051 0.999975 -0.00666472 0.0 0.0 0.0 1.0
pumpkin/seq-02/color/frame-000065.color.png pumpkin/seq-02/color/frame-000066.color.png 0.999989 -0.00458471 0.00100204 0.00675571 0.00459759 0.999902 -0.0132564 -0.00953126 -0.000941165 0.0132608 0.999912 -0.0102261 0.0 0.0 0.0 1.0
pumpkin/seq-02/color/frame-000066.color.png pumpkin/seq-02/color/frame-000067.color.png 0.999968 -0.00490399 -0.00635776 0.0269986 0.00483896 0.999936 -0.0102015 -0.0295649 0.00640738 0.0101704 0.999928 -0.00197746 0.0 0.0 0.0 1.0
pumpkin/seq-02/color/frame-000067.color.png pumpkin/seq-02/color/frame-000068.color.png 0.999913 0.013144 -0.000769015 0.0277515 -0.0131527 0.999833 -0.0127156 0.00436139 0.000601753 0.0127246 0.999919 -0.0126195 0.0 0.0 0.0 1.0
pumpkin/seq-02/color/frame-000068.color.png pumpkin/seq-02/color/frame-000069.color.png 0.999691 0.00147319 0.0248217 -0.0255359 -0.00115154 0.999915 -0.0129676 0.00378489 -0.0248387 0.012935 0.999608 -0.00329165 0.0 0.0 0.0 1.0
pumpkin/seq-02/color/frame-000069.color.png pumpkin/seq-02/color/frame-000070.color.png 1.0 -0.000116275 0.000120619 0.00130871 0.000115931 0.999996 0.002793 -0.019115 -0.000120942 -0.00279301 0.999996 -0.00474109 0.0 0.0 0.0 1.0
pumpkin/seq-02/color/frame-000070.color.png pumpkin/seq-02/color/frame-000071.color.png 0.99997 -4.42446e-05 0.0077832 -0.0127576 5.87e-05 0.999998 -0.00185741 -0.0163772 -0.0077831 0.00185782 0.999968 0.00144793 0.0 0.0 0.0 1.0
pumpkin/seq-02/color/frame-000071.color.png pumpkin/seq-02/color/frame-000072.color.png 0.999856 0.0152466 -0.00740629 0.0508414 -0.0152546 0.999883 -0.00101866 -0.0132643 0.00738989 0.00113149 0.999972 -0.0128719 0.0 0.0 0.0 1.0
pumpkin/seq-02/color/frame-000072.color.png pumpkin/seq-02/color/frame-000073.color.png 0.9999 -0.00359527 0.0136439 -0.0120251 0.00373264 0.999942 -0.0100562 0.00275737 -0.0136069 0.0101061 0.999856 0.00467387 0.0 0.0 0.0 1.0
pumpkin/seq-02/color/frame-000073.color.png pumpkin/seq-02/color/frame-000074.color.png 0.99988 -0.00131121 0.0154216 -0.0125094 0.00138803 0.999987 -0.00497204 -0.0093931 -0.0154149 0.00499281 0.999869 0.000489041 0.0 0.0 0.0 1.0
pumpkin/seq-02/color/frame-000074.color.png pumpkin/seq-02/color/frame-000075.color.png 0.999991 -0.0033705 -0.00255027 0.0115536 0.00334176 0.999932 -0.0111877 0.0143964 0.0025878 0.0111791 0.999934 -0.00938477 0.0 0.0 0.0 1.0
pumpkin/seq-02/color/frame-000075.color.png pumpkin/seq-02/color/frame-000076.color.png 0.999915 -0.003825 0.0124691 -0.0114243 0.00364843 0.999893 0.0141544 -0.00962073 -0.0125219 -0.0141077 0.999822 -0.00782305 0.0 0.0 0.0 1.0
pumpkin/seq-02/color/frame-000076.color.png pumpkin/seq-02/color/frame-000077.color.png 0.999986 -0.00425164 0.00298764 -0.00784421 0.00424764 0.99999 0.0013442 -0.00392491 -0.00299333 -0.0013315 0.999995 -0.00347766 0.0 0.0 0.0 1.0
pumpkin/seq-02/color/frame-000077.color.png pumpkin/seq-02/color/frame-000078.color.png 0.999996 -0.000988681 -0.00271804 0.0172464 0.000987935 0.999999 -0.000272516 -0.0239659 0.00271831 0.000269848 0.999996 -0.00176902 0.0 0.0 0.0 1.0
pumpkin/seq-02/color/frame-000078.color.png pumpkin/seq-02/color/frame-000079.color.png 0.999988 0.00464448 0.00166382 0.0233442 -0.00463993 0.999986 -0.00272434 -0.00658458 -0.00167645 0.00271657 0.999995 -0.00313143 0.0 0.0 0.0 1.0
pumpkin/seq-02/color/frame-000079.color.png pumpkin/seq-02/color/frame-000080.color.png 0.999875 0.00842798 0.0133459 -0.0009913 -0.00841474 0.999964 -0.00104779 -0.0173189 -0.0133542 0.000935366 0.99991 -0.00366046 0.0 0.0 0.0 1.0
pumpkin/seq-02/color/frame-000080.color.png pumpkin/seq-02/color/frame-000081.color.png 0.999667 0.00951205 0.0239837 -0.00704001 -0.00920214 0.999873 -0.013 0.0129387 -0.0241043 0.012775 0.999628 -0.00552483 0.0 0.0 0.0 1.0
pumpkin/seq-02/color/frame-000081.color.png pumpkin/seq-02/color/frame-000082.color.png 0.999951 0.00023468 0.00988276 -0.014502 -0.00026167 0.999996 0.00273086 -0.0201069 -0.0098821 -0.00273333 0.999947 0.00417873 0.0 0.0 0.0 1.0
pumpkin/seq-02/color/frame-000082.color.png pumpkin/seq-02/color/frame-000083.color.png 0.99998 -0.00426691 0.00469425 -0.00317793 0.00430378 0.99996 -0.0078757 0.0160725 -0.00466043 0.00789572 0.999958 -0.0119921 0.0 0.0 0.0 1.0
pumpkin/seq-02/color/frame-000083.color.png pumpkin/seq-02/color/frame-000084.color.png 0.999952 -0.00946901 0.00234094 -0.00389402 0.00947159 0.999955 -0.00108053 -0.0302393 -0.00233058 0.00110267 0.999997 0.0083966 0.0 0.0 0.0 1.0
pumpkin/seq-02/color/frame-000084.color.png pumpkin/seq-02/color/frame-000085.color.png 0.999988 0.00422284 -0.00255562 0.00399461 -0.00424068 0.999966 -0.00700855 0.0161956 0.00252592 0.0070193 0.999972 -0.00971223 0.0 0.0 0.0 1.0
pumpkin/seq-02/color/frame-000085.color.png pumpkin/seq-02/color/frame-000086.color.png 0.999975 0.00701486 -0.00126958 0.0123372 -0.00701525 0.999975 -0.000309224 -0.00594246 0.0012674 0.000318145 0.999999 -0.00381786 0.0 0.0 0.0 1.0
pumpkin/seq-02/color/frame-000086.color.png pumpkin/seq-02/color/frame-000087.color.png 0.999987 0.00516512 0.000475661 -0.00261189 -0.00516719 0.999977 0.00446451 -0.0111236 -0.000452607 -0.00446691 0.99999 -0.00326985 0.0 0.0 0.0 1.0
pumpkin/seq-02/color/frame-000087.color.png pumpkin/seq-02/color/frame-000088.color.png 0.999936 0.0106236 -0.0038521 0.0141448 -0.0106727 0.999859 -0.0129633 0.00528526 0.00371384 0.0130035 0.999909 -0.005463 0.0 0.0 0.0 1.0
pumpkin/seq-02/color/frame-000088.color.png pumpkin/seq-02/color/frame-000089.color.png 0.999983 0.00573859 -0.000376803 0.00694992 -0.00573649 0.999969 0.00540495 -0.00795549 0.000407795 -0.00540267 0.999985 -0.0050694 0.0 0.0 0.0 1.0
pumpkin/seq-02/color/frame-000089.color.png pumpkin/seq-02/color/frame-000090.color.png 0.99997 0.00753828 0.00204624 -0.0074756 -0.00754191 0.99997 0.00178454 -0.0051167 -0.00203272 -0.00179995 0.999996 -0.000428647 0.0 0.0 0.0 1.0
pumpkin/seq-02/color/frame-000090.color.png pumpkin/seq-02/color/frame-000091.color.png 0.999922 0.0116055 -0.00459861 -0.0279216 -0.0115892 0.999926 0.00355785 -0.00905377 0.00463956 -0.00350429 0.999983 -0.00255397 0.0 0.0 0.0 1.0
pumpkin/seq-02/color/frame-000091.color.png pumpkin/seq-02/color/frame-000092.color.png 0.999906 0.00261435 -0.0134543 0.00255693 -0.00268931 0.999981 -0.00555752 0.0104471 0.0134396 0.0055932 0.999894 -0.00344998 0.0 0.0 0.0 1.0
pumpkin/seq-02/color/frame-000092.color.png pumpkin/seq-02/color/frame-000093.color.png 0.999656 0.00537742 -0.025662 0.0281481 -0.00521022 0.999965 0.00657895 -0.0116952 0.0256965 -0.00644299 0.999649 -0.00797302 0.0 0.0 0.0 1.0
pumpkin/seq-02/color/frame-000093.color.png pumpkin/seq-02/color/frame-000094.color.png 0.999874 0.00888497 -0.0131772 0.0257965 -0.00889625 0.99996 -0.000798645 -0.00498933 0.0131695 0.000915798 0.999913 -0.00690004 0.0 0.0 0.0 1.0
pumpkin/seq-02/color/frame-000094.color.png pumpkin/seq-02/color/frame-000095.color.png 0.999806 0.0196489 0.000975758 0.0158848 -0.0196501 0.999806 0.00123236 -0.00470078 -0.000951348 -0.00125129 0.999999 -0.00978726 0.0 0.0 0.0 1.0
pumpkin/seq-02/color/frame-000095.color.png pumpkin/seq-02/color/frame-000096.color.png 0.999966 0.00796839 0.00207165 -0.00801824 -0.00795206 0.999938 -0.00776768 0.0174286 -0.00213343 0.00775093 0.999968 -0.00257 0.0 0.0 0.0 1.0
pumpkin/seq-02/color/frame-000096.color.png pumpkin/seq-02/color/frame-000097.color.png 0.99998 -0.00472472 -0.00426393 -0.0372743 0.00472617 0.999989 0.000332859 0.00737172 0.00426232 -0.000352996 0.999991 -0.00180584 0.0 0.0 0.0 1.0
pumpkin/seq-02/color/frame-000097.color.png pumpkin/seq-02/color/frame-000098.color.png 0.999711 -0.00491354 -0.0235519 0.0189737 0.00475673 0.999966 -0.00670958 0.00522196 0.0235841 0.00659562 0.9997 -0.00394925 0.0 0.0 0.0 1.0
pumpkin/seq-02/color/frame-000098.color.png pumpkin/seq-02/color/frame-000099.color.png 0.999744 0.00451429 -0.0221825 0.0571704 -0.00453883 0.999989 -0.00105652 -0.0169463 0.0221775 0.00115693 0.999753 -0.00994524 0.0 0.0 0.0 1.0
pumpkin/seq-02/color/frame-000099.color.png pumpkin/seq-02/color/frame-000100.color.png 0.999868 0.016235 0.00011731 0.0191602 -0.0162333 0.999829 -0.00889175 -0.0127973 -0.000261651 0.00888865 0.99996 -0.0101811 0.0 0.0 0.0 1.0
pumpkin/seq-02/color/frame-000100.color.png pumpkin/seq-02/color/frame-000101.color.png 0.999833 0.00825502 0.0163224 -0.0115629 -0.00791409 0.999751 -0.0208432 0.0142325 -0.0164904 0.0207106 0.99965 -0.00372472 0.0 0.0 0.0 1.0
pumpkin/seq-02/color/frame-000101.color.png pumpkin/seq-02/color/frame-000102.color.png 0.999931 -0.00408293 -0.0110229 0.0173434 0.00401606 0.999973 -0.0060861 0.0138423 0.0110475 0.0060414 0.999921 -0.0179007 0.0 0.0 0.0 1.0
pumpkin/seq-02/color/frame-000102.color.png pumpkin/seq-02/color/frame-000103.color.png 0.999984 -0.00561427 0.000689018 0.00583485 0.0056157 0.999982 -0.00212678 -0.0051735 -0.000677068 0.00213062 0.999997 -0.0049828 0.0 0.0 0.0 1.0
pumpkin/seq-02/color/frame-000103.color.png pumpkin/seq-02/color/frame-000104.color.png 0.999956 0.00479778 -0.00809424 0.0337715 -0.0048909 0.999922 -0.011529 0.00917184 0.00803829 0.0115681 0.999901 -0.0180542 0.0 0.0 0.0 1.0
pumpkin/seq-02/color/frame-000104.color.png pumpkin/seq-02/color/frame-000105.color.png 0.999961 0.00838972 0.00279527 0.0250751 -0.00838923 0.999965 -0.00019188 -0.00254941 -0.00279678 0.000168423 0.999996 -0.00860539 0.0 0.0 0.0 1.0
pumpkin/seq-02/color/frame-000105.color.png pumpkin/seq-02/color/frame-000106.color.png 0.999788 0.0134193 0.0156447 -0.0038547 -0.0131634 0.99978 -0.0163513 0.0057835 -0.0158606 0.0161418 0.999744 -0.00870055 0.0 0.0 0.0 1.0
pumpkin/seq-02/color/frame-000106.color.png pumpkin/seq-02/color/frame-000107.color.png 0.999978 -0.00168764 0.00649911 -0.016068 0.00171801 0.999987 -0.00467969 0.00475454 -0.00649113 0.00469075 0.999968 -0.00237393 0.0 0.0 0.0 1.0
pumpkin/seq-02/color/frame-000107.color.png pumpkin/seq-02/color/frame-000108.color.png 0.999817 -0.00767086 -0.0175245 0.0122878 0.00751298 0.999931 -0.00905829 0.0024274 0.0175928 0.00892497 0.999805 -0.0184071 0.0 0.0 0.0 1.0
pumpkin/seq-02/color/frame-000108.color.png pumpkin/seq-02/color/frame-000109.color.png 0.999971 0.00246701 -0.00719118 0.0206423 -0.00248085 0.999995 -0.00191649 -0.000899315 0.00718642 0.00193427 0.999972 -0.00727892 0.0 0.0 0.0 1.0
pumpkin/seq-02/color/frame-000109.color.png pumpkin/seq-02/color/frame-000110.color.png 0.999952 0.00974002 0.000952588 0.0356264 -0.00973131 0.999914 -0.00877953 0.000293255 -0.00103802 0.00876984 0.999961 -0.0177143 0.0 0.0 0.0 1.0
pumpkin/seq-02/color/frame-000110.color.png pumpkin/seq-02/color/frame-000111.color.png 0.99998 0.0010462 0.0061991 0.000930844 -0.00100746 0.99998 -0.00624332 0.00028789 -0.00620551 0.00623696 0.999961 -0.0040555 0.0 0.0 0.0 1.0
pumpkin/seq-02/color/frame-000111.color.png pumpkin/seq-02/color/frame-000112.color.png 0.999999 -0.000755905 0.000745121 -0.00517047 0.00076045 0.999981 -0.00613621 0.00386757 -0.000740468 0.00613678 0.999981 -0.00810134 0.0 0.0 0.0 1.0
pumpkin/seq-02/color/frame-000112.color.png pumpkin/seq-02/color/frame-000113.color.png 0.99992 -0.0060752 -0.0110798 0.015271 0.00596428 0.999932 -0.0100198 -0.00753653 0.0111399 0.00995291 0.999888 -0.00820744 0.0 0.0 0.0 1.0
pumpkin/seq-02/color/frame-000113.color.png pumpkin/seq-02/color/frame-000114.color.png 0.999996 0.00120178 -0.0024834 0.0201185 -0.00122516 0.999955 -0.00941579 0.00352514 0.00247197 0.0094188 0.999952 -0.00589776 0.0 0.0 0.0 1.0
pumpkin/seq-02/color/frame-000114.color.png pumpkin/seq-02/color/frame-000115.color.png 0.999869 -0.0111819 0.011714 -0.0234618 0.0113297 0.999856 -0.0126237 -0.00459641 -0.0115712 0.0127547 0.999852 0.00139409 0.0 0.0 0.0 1.0
pumpkin/seq-02/color/frame-000115.color.png pumpkin/seq-02/color/frame-000116.color.png 0.999914 -0.0117 -0.00595977 0.00398407 0.0116452 0.99989 -0.00913708 0.00384289 0.00606602 0.00906688 0.999941 -0.00515562 0.0 0.0 0.0 1.0
pumpkin/seq-02/color/frame-000116.color.png pumpkin/seq-02/color/frame-000117.color.png 0.999926 -0.0121513 -0.000335206 0.00661611 0.0121501 0.99992 -0.00348773 -0.0151883 0.000377558 0.00348339 0.999994 -0.0108628 0.0 0.0 0.0 1.0
pumpkin/seq-02/color/frame-000117.color.png pumpkin/seq-02/color/frame-000118.color.png 0.999995 -0.000618188 0.00307875 0.0272792 0.000607521 0.999994 0.00345817 -0.0146224 -0.00308086 -0.00345628 0.999989 -0.0114026 0.0 0.0 0.0 1.0
pumpkin/seq-02/color/frame-000118.color.png pumpkin/seq-02/color/frame-000119.color.png 0.999901 0.00389538 0.0135318 0.016719 -0.00375533 0.999939 -0.0103592 0.0146725 -0.0135713 0.0103073 0.999855 0.00915641 0.0 0.0 0.0 1.0
pumpkin/seq-02/color/frame-000119.color.png pumpkin/seq-02/color/frame-000120.color.png 0.999955 -0.00599633 -0.00735142 -0.00182296 0.00605607 0.999949 0.00812891 -0.00999051 0.00730229 -0.00817306 0.99994 -0.00563753 0.0 0.0 0.0 1.0
pumpkin/seq-02/color/frame-000120.color.png pumpkin/seq-02/color/frame-000121.color.png 0.99983 -0.00450929 -0.0178541 0.0168291 0.00445909 0.999986 -0.00285259 0.0161493 0.0178667 0.00277249 0.999837 0.00230283 0.0 0.0 0.0 1.0
pumpkin/seq-02/color/frame-000121.color.png pumpkin/seq-02/color/frame-000122.color.png 0.999999 -0.000814306 -0.000554798 0.00721334 0.000813041 0.999997 -0.00226089 -0.00588411 0.000556638 0.00226043 0.999997 -0.00102502 0.0 0.0 0.0 1.0
pumpkin/seq-02/color/frame-000122.color.png pumpkin/seq-02/color/frame-000123.color.png 1.0 -0.000710233 0.000293072 0.00120319 0.000708363 0.999979 0.00639499 0.0174293 -0.000297607 -0.00639478 0.999979 -0.012249 0.0 0.0 0.0 1.0
pumpkin/seq-02/color/frame-000123.color.png pumpkin/seq-02/color/frame-000124.color.png 0.999994 -0.00134859 -0.00318206 0.000519007 0.00135882 0.999994 0.00321113 0.00368202 0.00317771 -0.00321543 0.99999 -0.00165033 0.0 0.0 0.0 1.0
pumpkin/seq-02/color/frame-000124.color.png pumpkin/seq-02/color/frame-000125.color.png 0.999243 0.0245356 -0.0301821 0.0271026 -0.024222 0.999649 0.0107128 -0.0112066 0.0304343 -0.00997366 0.999487 -0.00778705 0.0 0.0 0.0 1.0
pumpkin/seq-02/color/frame-000125.color.png pumpkin/seq-02/color/frame-000126.color.png 0.999994 0.00335511 0.000216948 0.00494088 -0.00335558 0.999992 0.00234707 0.00962692 -0.000209067 -0.00234778 0.999997 -0.00232649 0.0 0.0 0.0 1.0
pumpkin/seq-02/color/frame-000126.color.png pumpkin/seq-02/color/frame-000127.color.png 0.999949 0.00604444 0.00804683 0.0318135 -0.00604815 0.999982 0.00042993 0.0112948 -0.00804408 -0.000478582 0.999968 0.00758559 0.0 0.0 0.0 1.0
pumpkin/seq-02/color/frame-000127.color.png pumpkin/seq-02/color/frame-000128.color.png 0.999991 -0.00188486 -0.00379909 0.0245493 0.0018536 0.999964 -0.00822645 -0.00552732 0.00381445 0.00821933 0.999959 0.00093919 0.0 0.0 0.0 1.0
pumpkin/seq-02/color/frame-000128.color.png pumpkin/seq-02/color/frame-000129.color.png 0.999876 -0.0157335 -0.000382334 0.0359046 0.0157365 0.999828 0.00980157 0.00423741 0.000228056 -0.00980636 0.999952 -0.00331426 0.0 0.0 0.0 1.0
pumpkin/seq-02/color/frame-000129.color.png pumpkin/seq-02/color/frame-000130.color.png 0.999996 -0.000227307 0.00284826 0.000963211 0.000249724 0.999969 -0.00787165 -0.00207371 -0.00284638 0.00787233 0.999965 0.0117354 0.0 0.0 0.0 1.0
pumpkin/seq-02/color/frame-000130.color.png pumpkin/seq-02/color/frame-000131.color.png 0.999927 0.0119544 0.00153738 0.0313144 -0.0119602 0.999921 0.00383602 0.00416338 -0.00149141 -0.00385413 0.999991 -0.00676858 0.0 0.0 0.0 1.0
pumpkin/seq-02/color/frame-000131.color.png pumpkin/seq-02/color/frame-000132.color.png 0.999896 -0.0078428 0.0120569 0.0189178 0.00791271 0.999952 -0.00575995 -0.00325459 -0.0120111 0.00585476 0.999911 0.0106544 0.0 0.0 0.0 1.0
pumpkin/seq-02/color/frame-000132.color.png pumpkin/seq-02/color/frame-000133.color.png 0.999942 -0.00843941 0.00668031 -0.0106936 0.00842093 0.999961 0.00278397 0.00289136 -0.00670355 -0.00272755 0.999974 -0.00932354 0.0 0.0 0.0 1.0
pumpkin/seq-02/color/frame-000133.color.png pumpkin/seq-02/color/frame-000134.color.png 0.999913 0.0106341 -0.0078437 0.0466481 -0.0105376 0.99987 0.0122426 -0.0142342 0.00797286 -0.0121589 0.999894 0.000664234 0.0 0.0 0.0 1.0
pumpkin/seq-02/color/frame-000134.color.png pumpkin/seq-02/color/frame-000135.color.png 0.999978 0.00131337 0.00653766 0.0305413 -0.00123424 0.999926 -0.0120884 0.0217142 -0.00655305 0.01208 0.999906 0.0104131 0.0 0.0 0.0 1.0
pumpkin/seq-02/color/frame-000135.color.png pumpkin/seq-02/color/frame-000136.color.png 0.999936 -0.00965697 0.00585938 0.00371438 0.00966954 0.999951 -0.00211966 0.0196778 -0.00583862 0.00217618 0.999981 -0.00225008 0.0 0.0 0.0 1.0
pumpkin/seq-02/color/frame-000136.color.png pumpkin/seq-02/color/frame-000137.color.png 0.999977 -0.000976616 -0.00677526 0.0142086 0.0010471 0.999945 0.0104083 -0.00719577 0.00676472 -0.0104151 0.999923 -0.00504369 0.0 0.0 0.0 1.0
pumpkin/seq-02/color/frame-000137.color.png pumpkin/seq-02/color/frame-000138.color.png 0.999984 0.00225596 -0.00524478 0.0224187 -0.0022201 0.999974 0.00682642 -0.0272022 0.00526005 -0.00681467 0.999963 3.79086e-05 0.0 0.0 0.0 1.0
pumpkin/seq-02/color/frame-000138.color.png pumpkin/seq-02/color/frame-000139.color.png 0.999953 0.00810535 -0.00540678 0.00877082 -0.00813782 0.999949 -0.00601077 0.00225914 0.00535779 0.00605449 0.999967 0.00383788 0.0 0.0 0.0 1.0
pumpkin/seq-02/color/frame-000139.color.png pumpkin/seq-02/color/frame-000140.color.png 0.999915 0.0130546 -8.28853e-05 0.0129635 -0.0130549 0.999892 -0.00673334 0.0179322 -5.02886e-06 0.00673384 0.999977 -0.0106009 0.0 0.0 0.0 1.0
pumpkin/seq-02/color/frame-000140.color.png pumpkin/seq-02/color/frame-000141.color.png 0.99996 0.0086353 -0.00233318 0.0151179 -0.00860719 0.999893 0.0117935 -0.00524634 0.00243477 -0.0117729 0.999928 -0.00460941 0.0 0.0 0.0 1.0
pumpkin/seq-02/color/frame-000141.color.png pumpkin/seq-02/color/frame-000142.color.png 0.999999 0.00126811 2.13055e-05 -0.00338492 -0.00126814 0.999997 0.00197988 0.00387591 -1.87959e-05 -0.0019799 0.999998 -0.00536692 0.0 0.0 0.0 1.0
pumpkin/seq-02/color/frame-000142.color.png pumpkin/seq-02/color/frame-000143.color.png 0.999893 0.00415877 -0.0140286 0.0210253 -0.00414294 0.999991 0.00115949 0.0170153 0.0140333 -0.00110125 0.999901 -0.00654787 0.0 0.0 0.0 1.0
pumpkin/seq-02/color/frame-000143.color.png pumpkin/seq-02/color/frame-000144.color.png 0.99999 -0.00330909 -0.00316641 0.00782746 0.00332066 0.999988 0.00364443 -0.000476062 0.00315432 -0.00365491 0.999988 -0.00247782 0.0 0.0 0.0 1.0
pumpkin/seq-02/color/frame-000144.color.png pumpkin/seq-02/color/frame-000145.color.png 0.999989 0.0036903 0.00280201 0.010816 -0.00370158 0.999985 0.00401775 0.00241548 -0.00278715 -0.00402808 0.999988 -0.00611538 0.0 0.0 0.0 1.0
pumpkin/seq-02/color/frame-000145.color.png pumpkin/seq-02/color/frame-000146.color.png 0.999679 -0.00968425 0.0234053 0.0107926 0.00962009 0.99995 0.00285169 -0.0170212 -0.0234318 -0.00262561 0.999722 0.014502 0.0 0.0 0.0 1.0
pumpkin/seq-02/color/frame-000146.color.png pumpkin/seq-02/color/frame-000147.color.png 0.999876 0.00123693 -0.0157063 0.0104982 -0.00128465 0.999995 -0.00303082 0.00757611 0.0157025 0.00305063 0.999872 -0.0132447 0.0 0.0 0.0 1.0
pumpkin/seq-02/color/frame-000147.color.png pumpkin/seq-02/color/frame-000148.color.png 0.999922 0.00993694 0.00754994 0.037317 -0.0101105 0.999677 0.0233142 0.0399163 -0.00731583 -0.0233888 0.9997 0.00413615 0.0 0.0 0.0 1.0
pumpkin/seq-02/color/frame-000148.color.png pumpkin/seq-02/color/frame-000149.color.png 0.999935 -0.00691494 0.00908637 0.00241762 0.00689439 0.999974 0.00229109 -0.0100663 -0.00910198 -0.0022283 0.999956 -0.00993508 0.0 0.0 0.0 1.0
pumpkin/seq-02/color/frame-000149.color.png pumpkin/seq-02/color/frame-000150.color.png 0.999518 0.027223 -0.0148984 0.0225081 -0.0270426 0.99956 0.0121828 0.0294338 0.0152235 -0.0117741 0.999815 -0.0231468 0.0 0.0 0.0 1.0
pumpkin/seq-02/color/frame-000150.color.png pumpkin/seq-02/color/frame-000151.color.png 0.999908 0.00575491 0.012318 0.0346598 -0.00595091 0.999855 0.0159367 0.00260401 -0.0122246 -0.0160085 0.999797 -0.00577134 0.0 0.0 0.0 1.0
pumpkin/seq-02/color/frame-000151.color.png pumpkin/seq-02/color/frame-000152.color.png 0.999996 -0.00110321 0.00269735 -0.00443006 0.00108484 0.999976 0.00679656 0.00436568 -0.00270478 -0.00679361 0.999973 -0.00782502 0.0 0.0 0.0 1.0
pumpkin/seq-02/color/frame-000152.color.png pumpkin/seq-02/color/frame-000153.color.png 0.999952 9.81475e-05 -0.00984053 0.0194407 1.52341e-05 0.999934 0.0115194 -0.0166748 0.009841 -0.011519 0.999885 -0.00409228 0.0 0.0 0.0 1.0
pumpkin/seq-02/color/frame-000153.color.png pumpkin/seq-02/color/frame-000154.color.png 0.999984 0.00331691 -0.00449799 0.0199567 -0.00335175 0.999964 -0.00776022 0.0340835 0.0044721 0.00777518 0.99996 -0.0118989 0.0 0.0 0.0 1.0
pumpkin/seq-02/color/frame-000154.color.png pumpkin/seq-02/color/frame-000155.color.png 1.0 0.000138065 0.000110031 0.00624722 -0.000139009 0.999964 0.00849657 -0.00808674 -0.000108854 -0.00849658 0.999964 -0.00275934 0.0 0.0 0.0 1.0
pumpkin/seq-02/color/frame-000155.color.png pumpkin/seq-02/color/frame-000156.color.png 0.999965 0.00792609 -0.00250833 0.0216316 -0.00793815 0.999957 -0.00484211 0.00411993 0.00246984 0.00486186 0.999985 -0.00276858 0.0 0.0 0.0 1.0
pumpkin/seq-02/color/frame-000156.color.png pumpkin/seq-02/color/frame-000157.color.png 0.999958 -0.0090323 0.00131679 -0.0163325 0.00901874 0.99991 0.00994887 -0.00754488 -0.00140654 -0.00993658 0.99995 -0.015408 0.0 0.0 0.0 1.0
pumpkin/seq-02/color/frame-000157.color.png pumpkin/seq-02/color/frame-000158.color.png 0.999824 0.00295509 -0.0185553 0.0126126 -0.0029794 0.999995 -0.00128213 -0.0169199 0.0185514 0.00133719 0.999827 -0.00777555 0.0 0.0 0.0 1.0
pumpkin/seq-02/color/frame-000158.color.png pumpkin/seq-02/color/frame-000159.color.png 0.999955 0.00234874 -0.00918221 0.0128258 -0.0024254 0.999962 -0.00835163 0.0108743 0.00916225 0.00837351 0.999923 -0.0118979 0.0 0.0 0.0 1.0
pumpkin/seq-02/color/frame-000159.color.png pumpkin/seq-02/color/frame-000160.color.png 0.999992 -0.00329949 -0.00245919 -0.00256711 0.00328679 0.999981 -0.00514483 0.0136337 0.00247611 0.00513671 0.999984 -0.000843406 0.0 0.0 0.0 1.0
pumpkin/seq-02/color/frame-000160.color.png pumpkin/seq-02/color/frame-000161.color.png 0.99991 0.00442699 -0.0126368 0.0235287 -0.00434117 0.999967 0.00681164 -0.0165565 0.0126665 -0.00675618 0.999897 -0.00524217 0.0 0.0 0.0 1.0
pumpkin/seq-02/color/frame-000161.color.png pumpkin/seq-02/color/frame-000162.color.png 0.999993 0.00017814 0.00365235 -0.0111655 -0.000146847 0.999963 -0.00856809 -0.0167801 -0.00365375 0.00856751 0.999957 -0.00238281 0.0 0.0 0.0 1.0
pumpkin/seq-02/color/frame-000162.color.png pumpkin/seq-02/color/frame-000163.color.png 0.999829 -0.00544369 -0.0177023 -0.0163578 0.00528259 0.999944 -0.00913635 0.00716645 0.0177511 0.00904126 0.999801 -0.00748634 0.0 0.0 0.0 1.0
pumpkin/seq-02/color/frame-000163.color.png pumpkin/seq-02/color/frame-000164.color.png 0.999889 0.00252546 -0.0146661 0.0252756 -0.00257479 0.999991 -0.00334581 0.00311971 0.0146575 0.00338321 0.999887 -0.0051899 0.0 0.0 0.0 1.0
pumpkin/seq-02/color/frame-000164.color.png pumpkin/seq-02/color/frame-000165.color.png 0.999865 0.0125054 -0.0106605 0.0189172 -0.0126895 0.999768 -0.0173771 0.0406021 0.0104407 0.01751 0.999792 -0.000709772 0.0 0.0 0.0 1.0
pumpkin/seq-02/color/frame-000165.color.png pumpkin/seq-02/color/frame-000166.color.png 0.99991 0.00818495 -0.0106611 0.0110998 -0.00820314 0.999965 -0.00166393 0.00320697 0.0106472 0.00175123 0.999942 0.000474811 0.0 0.0 0.0 1.0
pumpkin/seq-02/color/frame-000166.color.png pumpkin/seq-02/color/frame-000167.color.png 0.999996 0.000510169 -0.00293803 -0.00205487 -0.000517981 0.999996 -0.00266636 -0.00404692 0.00293663 0.00266788 0.999992 0.00300258 0.0 0.0 0.0 1.0
pumpkin/seq-02/color/frame-000167.color.png pumpkin/seq-02/color/frame-000168.color.png 0.999972 0.00127648 -0.00737201 0.010449 -0.00127894 0.999999 -0.000331575 0.0167175 0.00737157 0.00034099 0.999973 -0.000432849 0.0 0.0 0.0 1.0
pumpkin/seq-02/color/frame-000168.color.png pumpkin/seq-02/color/frame-000169.color.png 0.99998 0.00232555 -0.00583639 0.00928748 -0.00232726 0.999997 -0.000280604 -0.0173894 0.00583575 0.000294178 0.999983 0.00958806 0.0 0.0 0.0 1.0
pumpkin/seq-02/color/frame-000169.color.png pumpkin/seq-02/color/frame-000170.color.png 1.0 0.000192763 -0.000208905 0.00509483 -0.000193449 0.999993 -0.00375966 0.0110985 0.000208176 0.0037597 0.999993 0.0112361 0.0 0.0 0.0 1.0
pumpkin/seq-02/color/frame-000170.color.png pumpkin/seq-02/color/frame-000171.color.png 0.999997 -0.000146706 -0.0025746 0.0165736 0.000156447 0.999993 0.00379496 -0.0204531 0.00257401 -0.00379535 0.999989 0.007011 0.0 0.0 0.0 1.0
pumpkin/seq-02/color/frame-000171.color.png pumpkin/seq-02/color/frame-000172.color.png 0.999988 0.00221884 0.00426451 0.00626016 -0.00217974 0.999956 -0.0091695 0.00578785 -0.00428465 0.0091601 0.999949 0.00680792 0.0 0.0 0.0 1.0
pumpkin/seq-02/color/frame-000172.color.png pumpkin/seq-02/color/frame-000173.color.png 0.999984 0.00536275 0.00192139 0.00722802 -0.00536757 0.999982 0.00256918 -0.013132 -0.00190762 -0.00257945 0.999995 0.0142214 0.0 0.0 0.0 1.0
