pumpkin/seq-02/color/frame-000002.color.png pumpkin/seq-02/color/frame-000005.color.png 0.999354 -0.0331444 -0.0138953 0.00787523 0.0330045 0.999403 -0.010183 -0.00603871 0.0142245 0.00971783 0.999852 -0.0191139 0.0 0.0 0.0 1.0
pumpkin/seq-02/color/frame-000005.color.png pumpkin/seq-02/color/frame-000008.color.png 0.999625 -0.0246022 -0.0120318 -0.00945647 0.0242501 0.999297 -0.0285861 -0.0025699 0.0127266 0.0282836 0.999519 -0.0221725 0.0 0.0 0.0 1.0
pumpkin/seq-02/color/frame-000008.color.png pumpkin/seq-02/color/frame-000011.color.png 0.999984 0.00527755 0.00218846 -0.00416157 -0.00525963 0.999953 -0.00811905 -0.00369041 -0.0022312 0.00810742 0.999965 -0.0171714 0.0 0.0 0.0 1.0
pumpkin/seq-02/color/frame-000011.color.png pumpkin/seq-02/color/frame-000014.color.png 0.999643 -0.0105126 -0.0245641 -0.0180645 0.00997154 0.999707 -0.0220453 -0.0298101 0.0247887 0.0217925 0.999455 -0.0252384 0.0 0.0 0.0 1.0
pumpkin/seq-02/color/frame-000014.color.png pumpkin/seq-02/color/frame-000017.color.png 0.999699 0.0227618 0.00916787 0.000829253 -0.0228228 0.999718 0.0065966 -0.0230653 -0.00901512 -0.00680385 0.999936 -0.0135563 0.0 0.0 0.0 1.0
pumpkin/seq-02/color/frame-000017.color.png pumpkin/seq-02/color/frame-000020.color.png 0.999816 -0.0126013 -0.0144954 0.00113093 0.0124714 0.999882 -0.00902211 -0.0184842 0.0146073 0.00883966 0.999854 -0.0131036 0.0 0.0 0.0 1.0
pumpkin/seq-02/color/frame-000020.color.png pumpkin/seq-02/color/frame-000023.color.png 0.999692 0.017958 0.0171244 0.0046357 -0.017737 0.999759 -0.0129703 0.0223753 -0.0173532 0.0126625 0.999769 0.00144987 0.0 0.0 0.0 1.0
pumpkin/seq-02/color/frame-000023.color.png pumpkin/seq-02/color/frame-000026.color.png 0.991632 -0.110852 -0.0661704 -0.0169254 0.115345 0.990964 0.06845 -0.0302473 0.0579847 -0.0755096 0.995458 0.0162953 0.0 0.0 0.0 1.0
pumpkin/seq-02/color/frame-000026.color.png pumpkin/seq-02/color/frame-000029.color.png 0.996949 -0.00775847 -0.0776716 0.046209 0.0087186 0.99989 0.01203 -0.0723682 0.0775697 -0.0126704 0.996906 0.0118537 0.0 0.0 0.0 1.0
pumpkin/seq-02/color/frame-000029.color.png pumpkin/seq-02/color/frame-000032.color.png 0.998698 0.0320024 0.0397178 -0.131554 -0.0325015 0.9994 0.0119855 -0.00412205 -0.0393104 -0.0132608 0.999139 0.0188553 0.0 0.0 0.0 1.0
pumpkin/seq-02/color/frame-000032.color.png pumpkin/seq-02/color/frame-000035.color.png 0.999665 0.015841 -0.0204752 0.0350817 -0.0156831 0.999846 0.00784817 -0.0145397 0.0205963 -0.00752442 0.99976 0.0113692 0.0 0.0 0.0 1.0
pumpkin/seq-02/color/frame-000035.color.png pumpkin/seq-02/color/frame-000038.color.png 0.99953 0.018193 -0.0246856 -0.00139422 -0.0183917 0.9998 -0.00784775 -0.0188288 0.024538 0.00829806 0.999664 0.00900017 0.0 0.0 0.0 1.0
pumpkin/seq-02/color/frame-000038.color.png pumpkin/seq-02/color/frame-000041.color.png 0.998859 0.0469944 0.00844725 0.0141534 -0.0469577 0.998887 -0.0044944 0.0332388 -0.00864908 0.00409261 0.999954 0.0141116 0.0 0.0 0.0 1.0
pumpkin/seq-02/color/frame-000041.color.png pumpkin/seq-02/color/frame-000044.color.png 0.997346 0.0605408 0.0404555 -0.00416739 -0.0622167 0.997198 0.0415365 -0.0930901 -0.0378274 -0.0439432 0.998318 -0.017335 0.0 0.0 0.0 1.0
pumpkin/seq-02/color/frame-000044.color.png pumpkin/seq-02/color/frame-000047.color.png 0.997576 0.0581788 0.0381674 -0.00900913 -0.0581452 0.998306 -0.00199015 -0.0253745 -0.0382186 -0.000233912 0.999269 -0.00647638 0.0 0.0 0.0 1.0
pumpkin/seq-02/color/frame-000047.color.png pumpkin/seq-02/color/frame-000050.color.png 0.999444 0.0152028 0.0296694 -0.0394635 -0.0152189 0.999884 0.000316527 -0.00987476 -0.0296612 -0.000767884 0.99956 -0.0143218 0.0 0.0 0.0 1.0
pumpkin/seq-02/color/frame-000050.color.png pumpkin/seq-02/color/frame-000053.color.png 0.999463 -0.0207893 -0.0253187 0.00577593 0.021968 0.998644 0.0472022 -0.0210367 0.0243031 -0.0477331 0.998564 -0.0170382 0.0 0.0 0.0 1.0
pumpkin/seq-02/color/frame-000053.color.png pumpkin/seq-02/color/frame-000056.color.png 0.9998 0.0114192 0.0163966 0.0224496 -0.0119943 0.999301 0.0354144 -0.0384604 -0.0159807 -0.035604 0.999238 -0.0265341 0.0 0.0 0.0 1.0
pumpkin/seq-02/color/frame-000056.color.png pumpkin/seq-02/color/frame-000059.color.png 0.999899 0.00625859 0.0127437 -0.0137378 -0.00647778 0.999831 0.0172323 0.00487894 -0.0126337 -0.0173131 0.99977 -0.0177302 0.0 0.0 0.0 1.0
pumpkin/seq-02/color/frame-000059.color.png pumpkin/seq-02/color/frame-000062.color.png 0.999771 0.0212438 0.00248593 0.0146337 -0.0213128 0.999255 0.0321663 -0.0415776 -0.00180076 -0.0322119 0.999479 -0.0255906 0.0 0.0 0.0 1.0
pumpkin/seq-02/color/frame-000062.color.png pumpkin/seq-02/color/frame-000065.color.png 0.999668 -0.0124619 0.0225411 -0.014585 0.0125091 0.99992 -0.00195456 -0.0504407 -0.0225149 0.0022359 0.999744 -0.0171268 0.0 0.0 0.0 1.0
pumpkin/seq-02/color/frame-000065.color.png pumpkin/seq-02/color/frame-000068.color.png 0.999973 0.001734 -0.00720551 0.0615208 -0.00200157 0.999302 -0.037295 -0.0292996 0.00713582 0.0373085 0.999278 -0.0219131 0.0 0.0 0.0 1.0
pumpkin/seq-02/color/frame-000068.color.png pumpkin/seq-02/color/frame-000071.color.png 0.99937 -0.0002798 0.0354892 -0.0482065 0.000236397 0.999999 0.00122678 -0.0701922 -0.0354895 -0.00121765 0.999369 -0.0165124 0.0 0.0 0.0 1.0
pumpkin/seq-02/color/frame-000071.color.png pumpkin/seq-02/color/frame-000074.color.png 0.999583 0.0124376 0.0260669 0.0116783 -0.0121527 0.999865 -0.0110599 -0.0347505 -0.026201 0.0107385 0.999599 -0.011432 0.0 0.0 0.0 1.0
pumpkin/seq-02/color/frame-000074.color.png pumpkin/seq-02/color/frame-000077.color.png 0.999857 -0.0102976 0.0134351 -0.00645737 0.0102511 0.999941 0.00352788 0.00254756 -0.0134706 -0.00338966 0.999904 -0.0197284 0.0 0.0 0.0 1.0
pumpkin/seq-02/color/frame-000077.color.png pumpkin/seq-02/color/frame-000080.color.png 0.999871 0.0124472 0.0101547 0.0422323 -0.0123948 0.99991 -0.00520759 -0.0435149 -0.0102186 0.00508104 0.999935 -0.00586878 0.0 0.0 0.0 1.0
pumpkin/seq-02/color/frame-000080.color.png pumpkin/seq-02/color/frame-000083.color.png 0.999224 0.00503579 0.0390609 -0.0275868 -0.0043411 0.999831 -0.01785 0.00919795 -0.0391442 0.0176666 0.999077 -0.0096329 0.0 0.0 0.0 1.0
pumpkin/seq-02/color/frame-000083.color.png pumpkin/seq-02/color/frame-000086.color.png 0.999998 0.00177222 -0.00112952 0.00969929 -0.00178384 0.999945 -0.010373 -0.0159397 0.00111107 0.010375 0.999945 -0.00733502 0.0 0.0 0.0 1.0
pumpkin/seq-02/color/frame-000086.color.png pumpkin/seq-02/color/frame-000089.color.png 0.999761 0.0211313 -0.00560757 0.0220249 -0.0211632 0.99976 -0.00569465 -0.00642556 0.0054859 0.00581195 0.999968 -0.00998123 0.0 0.0 0.0 1.0
pumpkin/seq-02/color/frame-000089.color.png pumpkin/seq-02/color/frame-000092.color.png 0.99957 0.0232504 -0.0178771 -0.0287536 -0.0233213 0.999721 -0.00376834 0.00683457 0.0177844 0.0041836 0.999833 -0.00444792 0.0 0.0 0.0 1.0
pumpkin/seq-02/color/frame-000092.color.png pumpkin/seq-02/color/frame-000095.color.png 0.998834 0.032874 -0.0353635 0.0606069 -0.032438 0.999391 0.0128353 -0.03634 0.035764 -0.0116732 0.999292 -0.0290381 0.0 0.0 0.0 1.0
pumpkin/seq-02/color/frame-000095.color.png pumpkin/seq-02/color/frame-000098.color.png 0.999769 -0.0010224 -0.0214808 -0.0364923 0.000658332 0.999856 -0.0169496 0.0404747 0.021495 0.0169315 0.999626 -0.00948265 0.0 0.0 0.0 1.0
pumpkin/seq-02/color/frame-000098.color.png pumpkin/seq-02/color/frame-000101.color.png 0.999565 0.0282881 -0.00839257 0.0673503 -0.0285265 0.999149 -0.029788 -0.0184725 0.00754278 0.0300144 0.999521 -0.0248926 0.0 0.0 0.0 1.0
pumpkin/seq-02/color/frame-000101.color.png pumpkin/seq-02/color/frame-000104.color.png 0.999916 -0.00227637 -0.0127309 0.0417954 0.0020686 0.999865 -0.0163128 0.00848663 0.0127663 0.0162851 0.999786 -0.0409769 0.0 0.0 0.0 1.0
pumpkin/seq-02/color/frame-000104.color.png pumpkin/seq-02/color/frame-000107.color.png 0.999608 0.0186929 0.0208489 0.0136395 -0.0182367 0.999595 -0.0218632 0.00895977 -0.0212491 0.0214744 0.999544 -0.024009 0.0 0.0 0.0 1.0
pumpkin/seq-02/color/frame-000107.color.png pumpkin/seq-02/color/frame-000110.color.png 0.999666 0.00557817 -0.0252395 0.0722537 -0.00611805 0.999753 -0.0213643 0.00627136 0.0251141 0.0215116 0.999453 -0.0408596 0.0 0.0 0.0 1.0
pumpkin/seq-02/color/frame-000110.color.png pumpkin/seq-02/color/frame-000113.color.png 0.999983 -0.005869 -0.000608401 0.00010629 0.00585109 0.99964 -0.0261687 0.00875175 0.000761766 0.0261647 0.999657 -0.0191559 0.0 0.0 0.0 1.0
pumpkin/seq-02/color/frame-000113.color.png pumpkin/seq-02/color/frame-000116.color.png 0.999758 -0.0212971 0.0055369 -0.00434404 0.0214464 0.999365 -0.0284702 -0.00383013 -0.00492704 0.0285821 0.999579 -0.0111823 0.0 0.0 0.0 1.0
pumpkin/seq-02/color/frame-000116.color.png pumpkin/seq-02/color/frame-000119.color.png 0.999739 -0.00795455 0.0214213 0.0353085 0.00811754 0.999939 -0.00753169 -0.0249556 -0.0213601 0.00770362 0.999742 -0.0173551 0.0 0.0 0.0 1.0
pumpkin/seq-02/color/frame-000119.color.png pumpkin/seq-02/color/frame-000122.color.png 0.999067 -0.0141008 -0.0408112 0.066613 0.0147867 0.999753 0.0165553 -0.0386044 0.0405677 -0.0171433 0.99903 -0.0152952 0.0 0.0 0.0 1.0
pumpkin/seq-02/color/frame-000122.color.png pumpkin/seq-02/color/frame-000125.color.png 0.999181 0.0223504 -0.0337202 0.0322474 -0.0218462 0.999645 0.015245 0.0254118 0.034049 -0.0144958 0.999315 -0.0168734 0.0 0.0 0.0 1.0
pumpkin/seq-02/color/frame-000125.color.png pumpkin/seq-02/color/frame-000128.color.png 0.999971 0.00694929 0.00315312 0.0638745 -0.00694848 0.999976 -0.000265128 0.000339925 -0.00315488 0.000243217 0.999995 0.00309092 0.0 0.0 0.0 1.0
pumpkin/seq-02/color/frame-000128.color.png pumpkin/seq-02/color/frame-000131.color.png 0.999996 -0.0025706 -0.00138554 0.088139 0.0025759 0.999989 0.00384357 0.0109589 0.00137565 -0.00384713 0.999992 0.00554466 0.0 0.0 0.0 1.0
pumpkin/seq-02/color/frame-000131.color.png pumpkin/seq-02/color/frame-000134.color.png 0.999806 -0.00628306 0.0186836 0.029135 0.00606508 0.999913 0.0116998 -0.0262084 -0.0187555 -0.0115842 0.999757 0.000196517 0.0 0.0 0.0 1.0
pumpkin/seq-02/color/frame-000134.color.png pumpkin/seq-02/color/frame-000137.color.png 0.99995 -0.00769852 0.00642261 0.047447 0.00766303 0.999955 0.00553628 0.0088343 -0.00646494 -0.00548678 0.999964 0.00429928 0.0 0.0 0.0 1.0
pumpkin/seq-02/color/frame-000137.color.png pumpkin/seq-02/color/frame-000140.color.png 0.999731 0.0216461 -0.00834726 0.0327884 -0.0217645 0.99966 -0.0143617 0.0173724 0.00803355 0.0145395 0.999862 -0.002635 0.0 0.0 0.0 1.0
pumpkin/seq-02/color/frame-000140.color.png pumpkin/seq-02/color/frame-000143.color.png 0.999786 0.0135226 -0.0156822 0.030074 -0.0133323 0.999837 0.0121752 0.0221663 0.0158443 -0.0119635 0.999803 -0.0123531 0.0 0.0 0.0 1.0
pumpkin/seq-02/color/frame-000143.color.png pumpkin/seq-02/color/frame-000146.color.png 0.99976 -0.00749104 0.0205804 0.0377472 0.00727962 0.99992 0.0103262 -0.015736 -0.0206562 -0.0101739 0.999735 0.00150412 0.0 0.0 0.0 1.0
pumpkin/seq-02/color/frame-000146.color.png pumpkin/seq-02/color/frame-000149.color.png 0.999986 0.00230872 0.00481416 0.0369701 -0.00244306 0.999602 0.0280896 0.0193132 -0.00474739 -0.0281009 0.999594 -0.0244886 0.0 0.0 0.0 1.0
pumpkin/seq-02/color/frame-000149.color.png pumpkin/seq-02/color/frame-000152.color.png 0.999537 0.0294762 0.00758639 0.02475 -0.0297096 0.999022 0.0327554 0.0410742 -0.00661347 -0.0329656 0.999435 -0.0285634 0.0 0.0 0.0 1.0
pumpkin/seq-02/color/frame-000152.color.png pumpkin/seq-02/color/frame-000155.color.png 0.99984 0.00331026 -0.0175542 0.0590987 -0.00308482 0.999913 0.0128557 0.00604373 0.0175953 -0.0127995 0.999763 -0.0319006 0.0 0.0 0.0 1.0
pumpkin/seq-02/color/frame-000155.color.png pumpkin/seq-02/color/frame-000158.color.png 0.999857 0.00331468 -0.016592 0.00814164 -0.00327644 0.999992 0.00232951 -0.0169435 0.0165996 -0.00227482 0.99986 -0.0174794 0.0 0.0 0.0 1.0
pumpkin/seq-02/color/frame-000158.color.png pumpkin/seq-02/color/frame-000161.color.png 0.999622 1.58312e-05 -0.0275054 0.0430139 -0.000170907 0.999984 -0.00563589 0.00449848 0.0275049 0.00563845 0.999606 -0.0202608 0.0 0.0 0.0 1.0
pumpkin/seq-02/color/frame-000161.color.png pumpkin/seq-02/color/frame-000164.color.png 0.999685 -0.00241749 -0.0249966 -0.0127899 0.0019709 0.999838 -0.0178745 -0.0141201 0.0250357 0.0178196 0.999528 -0.0143889 0.0 0.0 0.0 1.0
pumpkin/seq-02/color/frame-000164.color.png pumpkin/seq-02/color/frame-000167.color.png 0.999598 0.0169498 -0.0227419 0.0172685 -0.0171512 0.999815 -0.00869495 0.00312066 0.0225904 0.00908151 0.999704 -0.000788927 0.0 0.0 0.0 1.0
pumpkin/seq-02/color/frame-000167.color.png pumpkin/seq-02/color/frame-000170.color.png 0.999843 0.00258567 -0.017499 0.038122 -0.00266313 0.999987 -0.0044008 0.0117133 0.0174874 0.00444671 0.999837 0.017226 0.0 0.0 0.0 1.0
pumpkin/seq-02/color/frame-000170.color.png pumpkin/seq-02/color/frame-000173.color.png 0.999945 0.00800408 0.00672376 0.01944 -0.00798403 0.999964 -0.00300245 -0.0261573 -0.00674757 0.0029486 0.999973 0.0310482 0.0 0.0 0.0 1.0
pumpkin/seq-02/color/frame-000173.color.png pumpkin/seq-02/color/frame-000176.color.png 0.999987 -0.00019449 -0.00504056 0.0242007 5.92456e-05 0.99964 -0.0268173 0.0110844 0.00504394 0.0268166 0.999628 0.0358728 0.0 0.0 0.0 1.0
pumpkin/seq-02/color/frame-000176.color.png pumpkin/seq-02/color/frame-000179.color.png 0.999992 -0.00166584 -0.00355429 0.00879478 0.00167714 0.999993 0.00319028 -0.0217316 0.00354893 -0.00319621 0.999989 0.0244429 0.0 0.0 0.0 1.0
pumpkin/seq-02/color/frame-000179.color.png pumpkin/seq-02/color/frame-000182.color.png 0.999883 -0.00300659 -0.0150171 -0.00068593 0.00307834 0.999984 0.0047532 -0.00213128 0.0150027 -0.00479888 0.999876 0.0188273 0.0 0.0 0.0 1.0
pumpkin/seq-02/color/frame-000182.color.png pumpkin/seq-02/color/frame-000185.color.png 0.999929 0.011822 0.00167404 0.0246854 -0.0118209 0.99993 -0.000621396 -0.0175949 -0.00168129 0.00060157 0.999998 0.029178 0.0 0.0 0.0 1.0
pumpkin/seq-02/color/frame-000185.color.png pumpkin/seq-02/color/frame-000188.color.png 0.999689 -0.0146553 -0.0202002 0.0136818 0.0144949 0.999862 -0.00805847 -0.01218 0.0203156 0.00776317 0.999764 0.0155917 0.0 0.0 0.0 1.0
pumpkin/seq-02/color/frame-000188.color.png pumpkin/seq-02/color/frame-000191.color.png 0.999835 -0.0143191 -0.0111428 -0.00713325 0.0142209 0.99986 -0.00883955 -0.00563306 0.0112678 0.00867963 0.999899 0.0165921 0.0 0.0 0.0 1.0
pumpkin/seq-02/color/frame-000191.color.png pumpkin/seq-02/color/frame-000194.color.png 0.999625 -0.0270168 0.00455877 -0.0215379 0.0269849 0.999612 0.0069238 -0.0372189 -0.00474402 -0.00679818 0.999966 0.00786132 0.0 0.0 0.0 1.0
pumpkin/seq-02/color/frame-000194.color.png pumpkin/seq-02/color/frame-000197.color.png 0.998745 -0.0179309 0.0467697 0.0813509 0.0188289 0.999645 -0.0188307 0.0925133 -0.0464155 0.0196877 0.998728 -0.00152928 0.0 0.0 0.0 1.0
pumpkin/seq-02/color/frame-000197.color.png pumpkin/seq-02/color/frame-000200.color.png 0.994692 -0.0879728 0.0533654 -0.126747 0.0830964 0.992685 0.0875848 -0.159852 -0.0606801 -0.0826855 0.994727 0.0812743 0.0 0.0 0.0 1.0
pumpkin/seq-02/color/frame-000200.color.png pumpkin/seq-02/color/frame-000203.color.png 0.999854 0.0151513 0.00789196 0.0377673 -0.0152264 0.999839 0.00954829 0.0382264 -0.007746 -0.00966707 0.999923 0.035081 0.0 0.0 0.0 1.0
pumpkin/seq-02/color/frame-000203.color.png pumpkin/seq-02/color/frame-000206.color.png 0.999761 -0.0208572 -0.00650534 -0.00208139 0.0208983 0.999762 0.00631328 -0.0190377 0.00637211 -0.00644773 0.999959 0.000166297 0.0 0.0 0.0 1.0
pumpkin/seq-02/color/frame-000206.color.png pumpkin/seq-02/color/frame-000209.color.png 0.998939 0.0136891 0.0439688 0.0426382 -0.0130837 0.999816 -0.0140287 0.0387434 -0.0441528 0.0134385 0.998935 0.0538508 0.0 0.0 0.0 1.0
pumpkin/seq-02/color/frame-000209.color.png pumpkin/seq-02/color/frame-000212.color.png 0.99934 -0.0277685 0.023415 -0.0374582 0.0271444 0.999279 0.0265632 -0.0431975 -0.0241357 -0.0259101 0.999373 0.00364077 0.0 0.0 0.0 1.0
pumpkin/seq-02/color/frame-000212.color.png pumpkin/seq-02/color/frame-000215.color.png 0.999494 0.0047672 0.0314427 0.0410084 -0.00436073 0.999906 -0.0129829 0.00528318 -0.0315017 0.0128392 0.999421 0.0380922 0.0 0.0 0.0 1.0
pumpkin/seq-02/color/frame-000215.color.png pumpkin/seq-02/color/frame-000218.color.png 0.999426 -0.0236881 0.0242095 -0.0328906 0.0238796 0.999686 -0.00765505 -0.0412937 -0.0240205 0.00822877 0.999677 0.028275 0.0 0.0 0.0 1.0
pumpkin/seq-02/color/frame-000218.color.png pumpkin/seq-02/color/frame-000221.color.png 0.999394 0.012811 0.0323786 0.0161773 -0.0117969 0.99944 -0.0313188 -0.0125442 -0.0327617 0.0309178 0.998985 0.0409254 0.0 0.0 0.0 1.0
pumpkin/seq-02/color/frame-000221.color.png pumpkin/seq-02/color/frame-000224.color.png 0.999152 0.0160462 0.0379102 0.00843877 -0.0148983 0.999428 -0.0303732 -0.00315994 -0.0383759 0.0297827 0.998819 0.0469217 0.0 0.0 0.0 1.0
pumpkin/seq-02/color/frame-000224.color.png pumpkin/seq-02/color/frame-000227.color.png 0.999743 -0.00622791 0.0218148 -0.00141001 0.00742917 0.998435 -0.0554257 -0.012391 -0.0214354 0.0555735 0.998224 0.0464573 0.0 0.0 0.0 1.0
pumpkin/seq-02/color/frame-000227.color.png pumpkin/seq-02/color/frame-000230.color.png 0.999616 -0.00313299 0.0275379 -0.00951493 0.00400779 0.999487 -0.0317699 -0.00548804 -0.0274242 0.0318681 0.999116 0.0351256 0.0 0.0 0.0 1.0
pumpkin/seq-02/color/frame-000230.color.png pumpkin/seq-02/color/frame-000233.color.png 0.999846 0.0134075 0.0113508 0.0186469 -0.0132045 0.999755 -0.0177738 -0.00750309 -0.0115863 0.0176212 0.999778 0.00503203 0.0 0.0 0.0 1.0
pumpkin/seq-02/color/frame-000233.color.png pumpkin/seq-02/color/frame-000236.color.png 0.999974 -0.00583957 0.00412491 -0.0174975 0.00590759 0.999844 -0.0166689 -0.0268862 -0.00402692 0.0166928 0.999853 0.00757843 0.0 0.0 0.0 1.0
pumpkin/seq-02/color/frame-000236.color.png pumpkin/seq-02/color/frame-000239.color.png 0.998903 0.04523 0.0121397 0.0411595 -0.0444384 0.997266 -0.0590405 0.0456401 -0.0147769 0.0584363 0.998182 0.0349079 0.0 0.0 0.0 1.0
pumpkin/seq-02/color/frame-000239.color.png pumpkin/seq-02/color/frame-000242.color.png 0.999759 -0.00156038 -0.0219152 -0.0319065 0.0010312 0.999708 -0.0241359 -0.0057351 0.0219465 0.0241074 0.999468 -0.0119389 0.0 0.0 0.0 1.0
pumpkin/seq-02/color/frame-000242.color.png pumpkin/seq-02/color/frame-000245.color.png 0.999565 0.0292456 0.00379574 0.0225338 -0.0291273 0.999179 -0.0281765 -0.00148213 -0.00461668 0.0280536 0.999596 0.0104184 0.0 0.0 0.0 1.0
pumpkin/seq-02/color/frame-000245.color.png pumpkin/seq-02/color/frame-000248.color.png 0.999817 0.0173958 -0.00795097 0.00736445 -0.0175777 0.999571 -0.0234225 0.0172787 0.00754017 0.023558 0.999694 0.00756186 0.0 0.0 0.0 1.0
pumpkin/seq-02/color/frame-000248.color.png pumpkin/seq-02/color/frame-000251.color.png 0.999815 0.0165686 -0.0098174 0.00851053 -0.0168529 0.999419 -0.0296149 -0.000980258 0.00932098 0.0297749 0.999513 0.00394028 0.0 0.0 0.0 1.0
pumpkin/seq-02/color/frame-000251.color.png pumpkin/seq-02/color/frame-000254.color.png 0.999813 0.0139349 -0.0133857 0.0248091 -0.0143068 0.999503 -0.0281056 0.0155197 0.0129874 0.0282919 0.999515 -0.00200668 0.0 0.0 0.0 1.0
pumpkin/seq-02/color/frame-000254.color.png pumpkin/seq-02/color/frame-000257.color.png 0.999723 0.0203606 -0.0118386 0.00941217 -0.0206258 0.999529 -0.0227241 0.00718474 0.0113703 0.0229619 0.999672 0.000780553 0.0 0.0 0.0 1.0
pumpkin/seq-02/color/frame-000257.color.png pumpkin/seq-02/color/frame-000260.color.png 0.999791 0.0201089 -0.00370437 -0.00924224 -0.0201115 0.999798 -0.000660373 0.00843316 0.00369036 0.000734772 0.999993 -0.0111252 0.0 0.0 0.0 1.0
pumpkin/seq-02/color/frame-000260.color.png pumpkin/seq-02/color/frame-000263.color.png 0.998421 -0.00440028 -0.056009 -0.0201994 0.00613535 0.999505 0.0308447 0.0021503 0.0558456 -0.0311395 0.997954 -0.0720709 0.0 0.0 0.0 1.0
pumpkin/seq-02/color/frame-000263.color.png pumpkin/seq-02/color/frame-000266.color.png 0.999039 0.0303069 -0.0316627 0.0186678 -0.029769 0.999407 0.0173244 0.0204676 0.032169 -0.0163653 0.999349 -0.0416826 0.0 0.0 0.0 1.0
pumpkin/seq-02/color/frame-000266.color.png pumpkin/seq-02/color/frame-000269.color.png 0.99865 0.033829 -0.0394155 0.00946558 -0.0332005 0.999313 0.0164929 0.0230914 0.0399464 -0.0151621 0.999087 -0.0254603 0.0 0.0 0.0 1.0
pumpkin/seq-02/color/frame-000269.color.png pumpkin/seq-02/color/frame-000272.color.png 0.998971 0.02489 -0.0379129 -0.0178349 -0.023846 0.99933 0.0277451 0.036024 0.0385781 -0.0268125 0.998896 -0.0500845 0.0 0.0 0.0 1.0
pumpkin/seq-02/color/frame-000272.color.png pumpkin/seq-02/color/frame-000275.color.png 0.997801 0.0227542 -0.0622566 0.00654727 -0.0207161 0.999234 0.0331894 0.0340276 0.0629642 -0.0318267 0.997508 -0.0775511 0.0 0.0 0.0 1.0
pumpkin/seq-02/color/frame-000275.color.png pumpkin/seq-02/color/frame-000278.color.png 0.99899 0.0255164 -0.0369819 0.00524229 -0.0251761 0.999637 0.00964027 0.0349184 0.0372144 -0.00869948 0.999269 -0.0317118 0.0 0.0 0.0 1.0
pumpkin/seq-02/color/frame-000278.color.png pumpkin/seq-02/color/frame-000281.color.png 0.998019 0.0172766 -0.0604926 -0.0163461 -0.0158456 0.999585 0.0240554 0.00969064 0.0608831 -0.0230493 0.997879 -0.0687895 0.0 0.0 0.0 1.0
pumpkin/seq-02/color/frame-000281.color.png pumpkin/seq-02/color/frame-000284.color.png 0.998617 0.0122936 -0.0511153 -0.0230277 -0.0115926 0.999835 0.0139885 0.0275414 0.0512789 -0.0133766 0.998595 -0.0558126 0.0 0.0 0.0 1.0
pumpkin/seq-02/color/frame-000284.color.png pumpkin/seq-02/color/frame-000287.color.png 0.998985 0.0254482 -0.0371643 -0.00101 -0.0257344 0.999643 -0.00724422 0.0189355 0.0369665 0.00819325 0.999283 -0.0269273 0.0 0.0 0.0 1.0
pumpkin/seq-02/color/frame-000287.color.png pumpkin/seq-02/color/frame-000290.color.png 0.999032 0.00832893 -0.0432007 -0.0237889 -0.00792674 0.999924 0.00947467 0.00624973 0.0432764 -0.00912307 0.999022 -0.0587748 0.0 0.0 0.0 1.0
pumpkin/seq-02/color/frame-000290.color.png pumpkin/seq-02/color/frame-000293.color.png 0.999977 -0.00482772 0.00471052 -0.0118293 0.00481718 0.999986 0.00222563 0.00314814 -0.00472124 -0.00220289 0.999987 -0.00787809 0.0 0.0 0.0 1.0
pumpkin/seq-02/color/frame-000293.color.png pumpkin/seq-02/color/frame-000296.color.png 0.998338 -0.0130854 0.0561286 0.0330232 0.0141423 0.999729 -0.0184712 0.00718158 -0.0558717 0.0192343 0.998253 0.0563351 0.0 0.0 0.0 1.0
pumpkin/seq-02/color/frame-000296.color.png pumpkin/seq-02/color/frame-000299.color.png 0.9992 -0.0397094 0.00482662 0.0228845 0.0395706 0.998877 0.0260658 0.0307423 -0.0058562 -0.025854 0.999649 0.00298259 0.0 0.0 0.0 1.0
pumpkin/seq-02/color/frame-000299.color.png pumpkin/seq-02/color/frame-000302.color.png 0.997174 -0.0512234 0.0549541 -0.00427401 0.0507477 0.998661 0.0100178 -0.0724503 -0.0553936 -0.00720068 0.998439 0.0526884 0.0 0.0 0.0 1.0
pumpkin/seq-02/color/frame-000302.color.png pumpkin/seq-02/color/frame-000305.color.png 0.99984 -0.0144419 0.010514 0.0224004 0.0144037 0.999889 0.00370745 -0.0259013 -0.0105664 -0.00355543 0.999938 0.0159152 0.0 0.0 0.0 1.0
pumpkin/seq-02/color/frame-000305.color.png pumpkin/seq-02/color/frame-000308.color.png 0.999755 -0.0169404 0.0142528 -0.00126731 0.0171251 0.99977 -0.0129381 -0.00737602 -0.0140304 0.013179 0.999815 0.00684908 0.0 0.0 0.0 1.0
pumpkin/seq-02/color/frame-000308.color.png pumpkin/seq-02/color/frame-000311.color.png 0.99992 -9.69228e-05 0.0126562 -0.0184104 0.000416843 0.99968 -0.02528 -0.0215085 -0.0126497 0.0252833 0.9996 0.0122418 0.0 0.0 0.0 1.0
pumpkin/seq-02/color/frame-000311.color.png pumpkin/seq-02/color/frame-000314.color.png 0.999172 -0.0175263 0.0367081 -0.0249059 0.0180196 0.999751 -0.0131502 -0.00480705 -0.0364685 0.0138008 0.99924 0.0409432 0.0 0.0 0.0 1.0
pumpkin/seq-02/color/frame-000314.color.png pumpkin/seq-02/color/frame-000317.color.png 0.99345 -0.036498 0.108281 -0.00853038 0.0367326 0.999325 -0.000172572 -0.029404 -0.108202 0.0041489 0.99412 0.0834942 0.0 0.0 0.0 1.0
pumpkin/seq-02/color/frame-000317.color.png pumpkin/seq-02/color/frame-000320.color.png 0.996684 -0.0497869 0.0643616 -0.0347317 0.0497409 0.998759 0.00231658 -0.0555173 -0.0643971 0.000892514 0.997924 0.0381211 0.0 0.0 0.0 1.0
pumpkin/seq-02/color/frame-000320.color.png pumpkin/seq-02/color/frame-000323.color.png 0.999055 -0.0154199 0.0406392 -0.0210086 0.0162999 0.999638 -0.0214122 -0.0218363 -0.0402943 0.0220544 0.998945 0.0379771 0.0 0.0 0.0 1.0
pumpkin/seq-02/color/frame-000323.color.png pumpkin/seq-02/color/frame-000326.color.png 0.999871 -0.0160662 -0.000152129 -0.0229598 0.0160667 0.999861 0.00446041 -0.00745124 8.04569e-05 -0.00446228 0.99999 -0.0140305 0.0 0.0 0.0 1.0
pumpkin/seq-02/color/frame-000326.color.png pumpkin/seq-02/color/frame-000329.color.png 0.99996 0.00590105 0.00671826 -0.024716 -0.00603214 0.999789 0.0196567 0.0190235 -0.00660087 -0.0196965 0.999784 -0.00693116 0.0 0.0 0.0 1.0
pumpkin/seq-02/color/frame-000329.color.png pumpkin/seq-02/color/frame-000332.color.png 0.999427 0.0302694 -0.0151173 0.0198037 -0.0299867 0.999377 0.0185905 0.0351596 0.0156706 -0.0181265 0.999713 -0.035775 0.0 0.0 0.0 1.0
pumpkin/seq-02/color/frame-000332.color.png pumpkin/seq-02/color/frame-000335.color.png 0.999857 -0.0168724 0.00139244 -0.0235159 0.0168564 0.999799 0.0108048 -0.00583112 -0.00157447 -0.0107798 0.999941 0.0171118 0.0 0.0 0.0 1.0
pumpkin/seq-02/color/frame-000335.color.png pumpkin/seq-02/color/frame-000338.color.png 0.999964 -0.00637363 -0.00561139 -0.00694567 0.00635335 0.999973 -0.00362767 0.0100092 0.00563437 0.00359191 0.999978 0.00314501 0.0 0.0 0.0 1.0
pumpkin/seq-02/color/frame-000338.color.png pumpkin/seq-02/color/frame-000341.color.png 0.999931 7.79639e-05 0.0117121 -0.000418663 -0.000113597 0.999995 0.00304093 0.00660336 -0.0117119 -0.00304206 0.999927 0.00194895 0.0 0.0 0.0 1.0
pumpkin/seq-02/color/frame-000341.color.png pumpkin/seq-02/color/frame-000344.color.png 0.999906 0.0130963 0.00409654 -0.0043726 -0.0130571 0.99987 -0.0094765 -0.00637591 -0.00422011 0.00942213 0.999947 0.00351909 0.0 0.0 0.0 1.0
pumpkin/seq-02/color/frame-000344.color.png pumpkin/seq-02/color/frame-000347.color.png 0.999982 -0.00195266 0.00573637 -0.0138948 0.00193702 0.999994 0.00272805 0.00691015 -0.00574169 -0.00271692 0.99998 0.0103678 0.0 0.0 0.0 1.0
pumpkin/seq-02/color/frame-000347.color.png pumpkin/seq-02/color/frame-000350.color.png 0.999557 -0.0115664 0.027436 -0.0564556 0.0114344 0.999922 0.00496256 -0.00579804 -0.0274913 -0.00464664 0.999611 0.0205451 0.0 0.0 0.0 1.0
pumpkin/seq-02/color/frame-000350.color.png pumpkin/seq-02/color/frame-000353.color.png 0.999704 -0.0112637 0.0215689 -0.0238296 0.0111953 0.999932 0.00328991 -0.00262678 -0.0216044 -0.00304747 0.999762 0.0184932 0.0 0.0 0.0 1.0
pumpkin/seq-02/color/frame-000353.color.png pumpkin/seq-02/color/frame-000356.color.png 0.99976 -0.00133174 0.0218798 -0.0363264 0.0013694 0.999998 -0.00170637 0.00249445 -0.0218775 0.00173591 0.999759 0.0283162 0.0 0.0 0.0 1.0
pumpkin/seq-02/color/frame-000356.color.png pumpkin/seq-02/color/frame-000359.color.png 0.999234 0.00595434 0.038672 -0.0512102 -0.00588571 0.999981 -0.00188796 0.00314522 -0.0386824 0.0016589 0.99925 0.0374509 0.0 0.0 0.0 1.0
pumpkin/seq-02/color/frame-000359.color.png pumpkin/seq-02/color/frame-000362.color.png 0.999316 -0.00774035 0.0361736 -0.0367439 0.00734265 0.999911 0.0111137 0.0117 -0.0362564 -0.0108405 0.999284 0.029405 0.0 0.0 0.0 1.0
pumpkin/seq-02/color/frame-000362.color.png pumpkin/seq-02/color/frame-000365.color.png 0.999778 -0.00494973 0.0204642 -0.0312876 0.00497117 0.999987 -0.000996017 0.0110689 -0.020459 0.00109752 0.99979 0.0211422 0.0 0.0 0.0 1.0
pumpkin/seq-02/color/frame-000365.color.png pumpkin/seq-02/color/frame-000368.color.png 0.999401 -0.0114489 0.0326573 -0.0631913 0.0111774 0.999902 0.00848429 -0.0092113 -0.0327513 -0.00811417 0.99943 0.0165382 0.0 0.0 0.0 1.0
pumpkin/seq-02/color/frame-000368.color.png pumpkin/seq-02/color/frame-000371.color.png 0.999888 0.0131639 -0.00706667 0.00516799 -0.0130634 0.999815 0.0140884 0.0093773 0.0072509 -0.0139945 0.999876 0.00372502 0.0 0.0 0.0 1.0
pumpkin/seq-02/color/frame-000371.color.png pumpkin/seq-02/color/frame-000374.color.png 0.99979 0.0195059 -0.00632896 -0.042907 -0.0195553 0.999778 -0.00783706 0.0205 0.00617469 0.00795919 0.999949 0.0148385 0.0 0.0 0.0 1.0
pumpkin/seq-02/color/frame-000374.color.png pumpkin/seq-02/color/frame-000377.color.png 0.999775 0.0113783 -0.0178887 -0.0259675 -0.0114272 0.999931 -0.00263076 0.00166935 0.0178575 0.00283457 0.999836 0.00520021 0.0 0.0 0.0 1.0
pumpkin/seq-02/color/frame-000377.color.png pumpkin/seq-02/color/frame-000380.color.png 0.999872 -0.0106679 -0.011887 0.00037761 0.0107554 0.999915 0.00732658 0.0075624 0.0118078 -0.00745348 0.999903 -0.00079596 0.0 0.0 0.0 1.0
pumpkin/seq-02/color/frame-000380.color.png pumpkin/seq-02/color/frame-000383.color.png 0.998615 0.0282958 0.0443489 -0.016011 -0.0283952 0.999595 0.00161223 0.0171681 -0.0442855 -0.00286927 0.999015 0.0279084 0.0 0.0 0.0 1.0
pumpkin/seq-02/color/frame-000383.color.png pumpkin/seq-02/color/frame-000386.color.png 0.999615 -0.0249289 -0.0121456 -0.0258243 0.0249926 0.999674 0.00512583 0.00261679 0.012014 -0.00542744 0.999913 -0.0134056 0.0 0.0 0.0 1.0
pumpkin/seq-02/color/frame-000386.color.png pumpkin/seq-02/color/frame-000389.color.png 0.999766 0.00485114 0.021071 -0.0197458 -0.00497493 0.999971 0.00582683 0.00924844 -0.0210421 -0.00593028 0.999761 0.0194897 0.0 0.0 0.0 1.0
pumpkin/seq-02/color/frame-000389.color.png pumpkin/seq-02/color/frame-000392.color.png 0.999841 0.0081341 0.01586 -0.0084773 -0.00822524 0.99995 0.00569064 -0.0021112 -0.0158129 -0.00582018 0.999858 0.0247478 0.0 0.0 0.0 1.0
pumpkin/seq-02/color/frame-000392.color.png pumpkin/seq-02/color/frame-000395.color.png 0.999992 -0.00365013 -0.00180035 0.0136967 0.00364504 0.999989 -0.00282038 -0.0250401 0.00181066 0.0028138 0.999994 0.0147251 0.0 0.0 0.0 1.0
pumpkin/seq-02/color/frame-000395.color.png pumpkin/seq-02/color/frame-000398.color.png 0.999992 -0.00276546 0.00277276 -0.0201236 0.00287703 0.999152 -0.041081 0.0071151 -0.00265686 0.0410887 0.999152 0.0488379 0.0 0.0 0.0 1.0
pumpkin/seq-02/color/frame-000398.color.png pumpkin/seq-02/color/frame-000401.color.png 0.999828 -0.0155611 0.0101104 -0.0333044 0.0156282 0.999856 -0.0065889 -0.0288055 -0.0100065 0.00674577 0.999927 0.016891 0.0 0.0 0.0 1.0
pumpkin/seq-02/color/frame-000401.color.png pumpkin/seq-02/color/frame-000404.color.png 0.999454 -0.0164451 0.0286562 -0.0357505 0.0160965 0.999794 0.0123546 -0.00683683 -0.0288534 -0.0118866 0.999513 0.0417828 0.0 0.0 0.0 1.0
pumpkin/seq-02/color/frame-000404.color.png pumpkin/seq-02/color/frame-000407.color.png 0.999952 0.00203306 0.00957628 -0.0215188 -0.00212552 0.999951 0.00965397 0.00954533 -0.00955616 -0.00967389 0.999908 0.0239645 0.0 0.0 0.0 1.0
pumpkin/seq-02/color/frame-000407.color.png pumpkin/seq-02/color/frame-000410.color.png 0.999727 -0.0214573 0.00920727 -0.0455565 0.0213242 0.99967 0.0143257 -0.0149877 -0.00951165 -0.0141255 0.999855 0.0374907 0.0 0.0 0.0 1.0
pumpkin/seq-02/color/frame-000410.color.png pumpkin/seq-02/color/frame-000413.color.png 0.998724 -0.0407045 -0.0298984 -0.0232791 0.0406568 0.999171 -0.00220323 -0.0103486 0.0299632 0.000984859 0.999551 0.0152272 0.0 0.0 0.0 1.0
pumpkin/seq-02/color/frame-000413.color.png pumpkin/seq-02/color/frame-000416.color.png 0.999784 -0.0176335 0.0110401 -0.0512548 0.0177756 0.999759 -0.0129078 -0.0044015 -0.0108098 0.0131013 0.999856 0.0543478 0.0 0.0 0.0 1.0
pumpkin/seq-02/color/frame-000416.color.png pumpkin/seq-02/color/frame-000419.color.png 0.999296 -0.0371892 0.00489819 -0.0312643 0.0372629 0.999179 -0.0159297 -0.00344539 -0.00430175 0.016101 0.999861 0.0377105 0.0 0.0 0.0 1.0
pumpkin/seq-02/color/frame-000419.color.png pumpkin/seq-02/color/frame-000422.color.png 0.999241 -0.0361582 -0.0145086 -0.0275644 0.0357796 0.999033 -0.0255557 0.0112416 0.0154185 0.0250172 0.999568 0.0412596 0.0 0.0 0.0 1.0
pumpkin/seq-02/color/frame-000422.color.png pumpkin/seq-02/color/frame-000425.color.png 0.999748 -0.0223574 0.00203278 -0.0186719 0.0223691 0.999732 -0.00592169 0.0222497 -0.00189988 0.00596567 0.99998 0.0310839 0.0 0.0 0.0 1.0
pumpkin/seq-02/color/frame-000425.color.png pumpkin/seq-02/color/frame-000428.color.png 0.999862 -0.00812246 0.0144967 -0.0121745 0.00780279 0.999728 0.0219728 -0.0182272 -0.0146711 -0.0218566 0.999654 0.00684904 0.0 0.0 0.0 1.0
pumpkin/seq-02/color/frame-000428.color.png pumpkin/seq-02/color/frame-000431.color.png 0.99974 -0.00408717 0.0224199 -0.0378243 0.00389823 0.999957 0.00846452 0.0182504 -0.0224536 -0.00837492 0.999713 0.0313203 0.0 0.0 0.0 1.0
pumpkin/seq-02/color/frame-000431.color.png pumpkin/seq-02/color/frame-000434.color.png 0.999921 -0.0111278 0.00582289 -0.0267003 0.0110526 0.999857 0.0127855 -0.00299501 -0.00596439 -0.0127201 0.999901 0.0244762 0.0 0.0 0.0 1.0
pumpkin/seq-02/color/frame-000434.color.png pumpkin/seq-02/color/frame-000437.color.png 0.999738 -0.0210038 0.00906017 -0.0160307 0.0209354 0.999752 0.00758907 0.0101244 -0.0092173 -0.0073974 0.99993 0.015319 0.0 0.0 0.0 1.0
pumpkin/seq-02/color/frame-000437.color.png pumpkin/seq-02/color/frame-000440.color.png 0.999828 -0.0184425 0.00186277 -0.0369333 0.018422 0.999775 0.010488 -0.0049302 -0.00205577 -0.0104519 0.999943 0.0252951 0.0 0.0 0.0 1.0
pumpkin/seq-02/color/frame-000440.color.png pumpkin/seq-02/color/frame-000443.color.png 0.999422 -0.0309451 -0.0140444 -0.0204013 0.0308375 0.999494 -0.00781798 0.0312208 0.0142792 0.00738037 0.999871 0.028775 0.0 0.0 0.0 1.0
pumpkin/seq-02/color/frame-000443.color.png pumpkin/seq-02/color/frame-000446.color.png 0.999586 0.00257334 -0.0286535 0.0173254 -0.00269064 0.999988 -0.00405614 0.0057939 0.0286428 0.00413157 0.999581 0.0234569 0.0 0.0 0.0 1.0
pumpkin/seq-02/color/frame-000446.color.png pumpkin/seq-02/color/frame-000449.color.png 0.999535 -0.00562528 -0.0299762 0.0145242 0.0050971 0.999831 -0.0176676 0.033978 0.0300704 0.0175066 0.999394 0.0434283 0.0 0.0 0.0 1.0
pumpkin/seq-02/color/frame-000449.color.png pumpkin/seq-02/color/frame-000452.color.png 0.999765 0.0216441 -0.000934144 0.0284626 -0.0216409 0.99976 0.00339363 -0.0226837 0.00100738 -0.00337262 0.999994 0.0163448 0.0 0.0 0.0 1.0
pumpkin/seq-02/color/frame-000452.color.png pumpkin/seq-02/color/frame-000455.color.png 0.999962 -0.00735322 0.00474574 0.0105625 0.0074163 0.999883 -0.0134086 0.000599474 -0.00464663 0.0134433 0.999899 0.0241889 0.0 0.0 0.0 1.0
pumpkin/seq-02/color/frame-000455.color.png pumpkin/seq-02/color/frame-000458.color.png 0.999988 0.00267936 0.00420702 0.0291534 -0.0026295 0.999927 -0.0118171 0.00985685 -0.00423833 0.0118059 0.999921 0.0168136 0.0 0.0 0.0 1.0
pumpkin/seq-02/color/frame-000458.color.png pumpkin/seq-02/color/frame-000461.color.png 0.999908 0.00678896 -0.0117598 0.0215612 -0.00692707 0.999907 -0.0117445 0.00546014 0.011679 0.0118249 0.999862 0.0165839 0.0 0.0 0.0 1.0
pumpkin/seq-02/color/frame-000461.color.png pumpkin/seq-02/color/frame-000464.color.png 0.999962 0.00875924 0.000395698 -0.00336585 -0.00875935 0.999961 0.000344299 0.0103699 -0.000392664 -0.000347745 1.0 0.00901446 0.0 0.0 0.0 1.0
pumpkin/seq-02/color/frame-000464.color.png pumpkin/seq-02/color/frame-000467.color.png 0.99994 0.00816746 -0.00727102 0.00961398 -0.00816753 0.999967 2.36631e-05 -0.00474045 0.00727097 3.57109e-05 0.999973 0.0124628 0.0 0.0 0.0 1.0
pumpkin/seq-02/color/frame-000467.color.png pumpkin/seq-02/color/frame-000470.color.png 0.999915 -0.00673768 0.0111866 -0.0171474 0.00661748 0.99992 0.0107473 0.000544608 -0.0112581 -0.0106724 0.99988 0.0146109 0.0 0.0 0.0 1.0
pumpkin/seq-02/color/frame-000470.color.png pumpkin/seq-02/color/frame-000473.color.png 0.999733 -0.0231056 0.000751976 -0.00696783 0.0231055 0.999733 0.000158583 0.0085679 -0.000755459 -0.000141166 1.0 0.0158726 0.0 0.0 0.0 1.0
pumpkin/seq-02/color/frame-000473.color.png pumpkin/seq-02/color/frame-000476.color.png 0.999693 -0.0118929 0.0217531 -0.0113955 0.0119108 0.999929 -0.000694345 0.00118172 -0.0217433 0.000953241 0.999763 0.0311242 0.0 0.0 0.0 1.0
pumpkin/seq-02/color/frame-000476.color.png pumpkin/seq-02/color/frame-000479.color.png 0.99969 -0.00972664 0.0229253 -0.0208092 0.00985149 0.999937 -0.00533893 0.000158638 -0.022872 0.00556311 0.999723 0.0263079 0.0 0.0 0.0 1.0
pumpkin/seq-02/color/frame-000479.color.png pumpkin/seq-02/color/frame-000482.color.png 0.999611 -0.0205618 0.0188217 -0.039468 0.0207128 0.999755 -0.00786499 0.0200158 -0.0186552 0.00825182 0.999792 0.0466671 0.0 0.0 0.0 1.0
pumpkin/seq-02/color/frame-000482.color.png pumpkin/seq-02/color/frame-000485.color.png 0.998973 -0.0102704 0.0441416 -0.0363315 0.0107217 0.999892 -0.00999881 0.00299636 -0.0440342 0.0104618 0.998975 0.0421014 0.0 0.0 0.0 1.0
pumpkin/seq-02/color/frame-000485.color.png pumpkin/seq-02/color/frame-000488.color.png 0.999847 -0.00449901 0.0169058 -0.0111816 0.00443937 0.999984 0.00356457 -0.00945148 -0.0169216 -0.00348901 0.999851 0.0168765 0.0 0.0 0.0 1.0
pumpkin/seq-02/color/frame-000488.color.png pumpkin/seq-02/color/frame-000491.color.png 0.999663 -0.0109438 0.0235539 -0.0322 0.0107358 0.999903 0.00893619 -0.0127995 -0.0236494 -0.00868029 0.999683 0.0183778 0.0 0.0 0.0 1.0
pumpkin/seq-02/color/frame-000491.color.png pumpkin/seq-02/color/frame-000494.color.png 0.99941 -0.0341505 0.00355419 -0.0284874 0.0341636 0.999409 -0.00367746 0.00758946 -0.00342641 0.00379675 0.999987 0.0260083 0.0 0.0 0.0 1.0
pumpkin/seq-02/color/frame-000494.color.png pumpkin/seq-02/color/frame-000497.color.png 0.99945 -0.0329772 0.00359177 -0.0132337 0.0330076 0.999417 -0.00875902 0.0138548 -0.00330086 0.00887271 0.999955 0.0182898 0.0 0.0 0.0 1.0
pumpkin/seq-02/color/frame-000497.color.png pumpkin/seq-02/color/frame-000500.color.png 0.999749 -0.0149005 0.016737 -0.0286475 0.0147496 0.99985 0.00910722 0.00209829 -0.0168702 -0.00885809 0.999818 0.00580072 0.0 0.0 0.0 1.0
pumpkin/seq-02/color/frame-000500.color.png pumpkin/seq-02/color/frame-000503.color.png 0.999623 -0.0266153 -0.00674435 0.00426947 0.0266982 0.999565 0.0125329 0.000919491 0.00640781 -0.0127083 0.999899 0.00266874 0.0 0.0 0.0 1.0
pumpkin/seq-02/color/frame-000503.color.png pumpkin/seq-02/color/frame-000506.color.png 0.998608 -0.0524439 -0.00559148 -0.0388967 0.0523781 0.998563 -0.0113275 0.0125227 0.0061776 0.0110189 0.99992 0.0372797 0.0 0.0 0.0 1.0
pumpkin/seq-02/color/frame-000506.color.png pumpkin/seq-02/color/frame-000509.color.png 0.999915 -0.0130411 0.000908677 0.00681977 0.013046 0.9999 -0.00554749 0.00662318 -0.000836248 0.00555889 0.999984 0.00171363 0.0 0.0 0.0 1.0
pumpkin/seq-02/color/frame-000509.color.png pumpkin/seq-02/color/frame-000512.color.png 0.999189 -0.0399727 -0.00482114 -0.0170677 0.0398377 0.998883 -0.0254203 0.0371315 0.0058318 0.0252076 0.999665 0.0136049 0.0 0.0 0.0 1.0
pumpkin/seq-02/color/frame-000512.color.png pumpkin/seq-02/color/frame-000515.color.png 0.999799 -0.0185255 -0.00765594 -0.00499409 0.0183585 0.999604 -0.0213371 0.0381284 0.00804826 0.0211922 0.999743 0.022693 0.0 0.0 0.0 1.0
pumpkin/seq-02/color/frame-000515.color.png pumpkin/seq-02/color/frame-000518.color.png 0.999803 -0.0195728 0.00329049 -0.0152943 0.0196734 0.999229 -0.0339671 0.0138505 -0.00262317 0.0340251 0.999417 0.0301952 0.0 0.0 0.0 1.0
pumpkin/seq-02/color/frame-000518.color.png pumpkin/seq-02/color/frame-000521.color.png 0.999931 -0.00841144 0.00817943 -0.0232412 0.00882322 0.998625 -0.0516834 0.0322683 -0.00773341 0.0517521 0.99863 0.0212829 0.0 0.0 0.0 1.0
pumpkin/seq-02/color/frame-000521.color.png pumpkin/seq-02/color/frame-000524.color.png 0.999649 -0.0262816 0.00322917 -0.0339797 0.0264216 0.998072 -0.0561712 0.054333 -0.00174672 0.0562368 0.998416 0.0266753 0.0 0.0 0.0 1.0
pumpkin/seq-02/color/frame-000524.color.png pumpkin/seq-02/color/frame-000527.color.png 0.999997 0.00155613 -0.00168889 -0.0061454 -0.0016448 0.998549 -0.0538322 0.020409 0.00160266 0.0538349 0.998549 0.023429 0.0 0.0 0.0 1.0
