pumpkin/seq-02/color/frame-000001.color.png pumpkin/seq-02/color/frame-000003.color.png 0.999307 -0.0355919 -0.0109017 -0.00088618 0.0353809 0.999194 -0.0189693 0.0128877 0.011568 0.0185704 0.999761 -0.0165724 0.0 0.0 0.0 1.0
pumpkin/seq-02/color/frame-000003.color.png pumpkin/seq-02/color/frame-000005.color.png 0.999956 -0.00601206 -0.00724574 0.0106781 0.00602686 0.99998 0.00202224 -0.0147032 0.00723344 -0.00206582 0.999972 -0.00763423 0.0 0.0 0.0 1.0
pumpkin/seq-02/color/frame-000005.color.png pumpkin/seq-02/color/frame-000007.color.png 0.9995 -0.0316198 0.000709582 -0.0242602 0.0316271 0.999376 -0.0157053 -0.0285961 -0.000212543 0.0157199 0.999876 -0.0159538 0.0 0.0 0.0 1.0
pumpkin/seq-02/color/frame-000007.color.png pumpkin/seq-02/color/frame-000009.color.png 0.999899 0.00914296 -0.0109238 0.0139061 -0.00930512 0.999846 -0.0148879 0.030148 0.010786 0.0149881 0.999829 -0.0120357 0.0 0.0 0.0 1.0
pumpkin/seq-02/color/frame-000009.color.png pumpkin/seq-02/color/frame-000011.color.png 0.99999 0.00387213 0.00222047 -0.0058691 -0.00385959 0.999977 -0.00562849 -0.00821145 -0.00224222 0.00561988 0.999982 -0.00908483 0.0 0.0 0.0 1.0
pumpkin/seq-02/color/frame-000011.color.png pumpkin/seq-02/color/frame-000013.color.png 0.999934 -0.00546802 -0.0101574 -0.0151249 0.00551564 0.999974 0.00466458 -0.0527799 0.0101317 -0.0047203 0.999938 -0.020649 0.0 0.0 0.0 1.0
pumpkin/seq-02/color/frame-000013.color.png pumpkin/seq-02/color/frame-000015.color.png 0.999748 0.00530817 -0.0218335 0.0066272 -0.00603435 0.999426 -0.033329 0.0427479 0.021644 0.0334523 0.999206 -0.00817235 0.0 0.0 0.0 1.0
pumpkin/seq-02/color/frame-000015.color.png pumpkin/seq-02/color/frame-000017.color.png 0.999782 0.013559 0.0158847 -0.00798027 -0.0137597 0.999826 0.0125949 -0.0419694 -0.0157111 -0.0128107 0.999794 -0.0085053 0.0 0.0 0.0 1.0
pumpkin/seq-02/color/frame-000017.color.png pumpkin/seq-02/color/frame-000019.color.png 0.999663 -0.0124195 -0.0228027 0.0114344 0.0120949 0.999824 -0.0143172 0.00356228 0.0229765 0.0140366 0.999637 -0.00448287 0.0 0.0 0.0 1.0
pumpkin/seq-02/color/frame-000019.color.png pumpkin/seq-02/color/frame-000021.color.png 0.999889 0.00374134 0.014439 -0.00774433 -0.00353341 0.99989 -0.0143987 -0.0152174 -0.0144913 0.0143461 0.999792 -0.00310543 0.0 0.0 0.0 1.0
pumpkin/seq-02/color/frame-000021.color.png pumpkin/seq-02/color/frame-000023.color.png 0.999736 0.0144339 0.0178984 -0.0155777 -0.0146251 0.999837 0.0105978 0.00225806 -0.0177425 -0.0108568 0.999784 -0.00431843 0.0 0.0 0.0 1.0
pumpkin/seq-02/color/frame-000023.color.png pumpkin/seq-02/color/frame-000025.color.png 0.999474 -0.0322051 -0.00385666 -0.00880811 0.0323513 0.998364 0.0471558 0.00968859 0.00233169 -0.0472558 0.99888 0.00542134 0.0 0.0 0.0 1.0
pumpkin/seq-02/color/frame-000025.color.png pumpkin/seq-02/color/frame-000027.color.png 0.99006 -0.129936 -0.0538304 -0.16942 0.130212 0.991485 0.00163689 0.014705 0.0531594 -0.00862997 0.998549 -0.0489711 0.0 0.0 0.0 1.0
pumpkin/seq-02/color/frame-000027.color.png pumpkin/seq-02/color/frame-000029.color.png 0.996645 0.0375656 -0.0727195 0.166825 -0.0379208 0.999275 -0.00350947 -0.0378942 0.0725349 0.00625528 0.997346 0.0978679 0.0 0.0 0.0 1.0
pumpkin/seq-02/color/frame-000029.color.png pumpkin/seq-02/color/frame-000031.color.png 0.998692 0.0376604 0.034579 -0.0668475 -0.0382031 0.999155 0.0151698 -0.0187871 -0.0339785 -0.016471 0.999287 -0.0084932 0.0 0.0 0.0 1.0
pumpkin/seq-02/color/frame-000031.color.png pumpkin/seq-02/color/frame-000033.color.png 0.999248 -0.00999686 -0.0374505 0.0228412 0.0106913 0.999774 0.0183897 -0.0226734 0.0372582 -0.0187763 0.999129 0.0202695 0.0 0.0 0.0 1.0
pumpkin/seq-02/color/frame-000033.color.png pumpkin/seq-02/color/frame-000035.color.png 0.99973 0.0230505 0.00309811 0.00676197 -0.0230379 0.999727 -0.00405322 -0.00837907 -0.00319075 0.00398074 0.999987 0.011379 0.0 0.0 0.0 1.0
pumpkin/seq-02/color/frame-000035.color.png pumpkin/seq-02/color/frame-000037.color.png 0.99995 0.000532973 -0.00996506 -0.0326659 -0.000657736 0.999921 -0.0125246 -0.0147844 0.00995763 0.0125305 0.999872 0.0123723 0.0 0.0 0.0 1.0
pumpkin/seq-02/color/frame-000037.color.png pumpkin/seq-02/color/frame-000039.color.png 0.999486 0.0319393 0.00266932 0.0170942 -0.0319206 0.999468 -0.00676974 -0.0158436 -0.00288413 0.00668105 0.999973 -0.0043161 0.0 0.0 0.0 1.0
pumpkin/seq-02/color/frame-000039.color.png pumpkin/seq-02/color/frame-000041.color.png 0.999537 0.0301787 -0.00376559 0.0134721 -0.0300933 0.999327 0.0209839 0.00505473 0.00439635 -0.0208609 0.999773 0.00598182 0.0 0.0 0.0 1.0
pumpkin/seq-02/color/frame-000041.color.png pumpkin/seq-02/color/frame-000043.color.png 0.998148 0.0484947 0.0367323 -0.0119953 -0.0496615 0.998268 0.0315472 -0.059931 -0.0351388 -0.0333129 0.998827 -0.0140623 0.0 0.0 0.0 1.0
pumpkin/seq-02/color/frame-000043.color.png pumpkin/seq-02/color/frame-000045.color.png 0.999254 0.0332816 0.0196018 0.00388043 -0.0332679 0.999446 -0.00102198 -0.0105399 -0.019625 0.000369108 0.999807 0.00374472 0.0 0.0 0.0 1.0
pumpkin/seq-02/color/frame-000045.color.png pumpkin/seq-02/color/frame-000047.color.png 0.998961 0.0395134 0.0226955 -0.00396611 -0.039646 0.999199 0.00542316 -0.0364825 -0.0224631 -0.00631731 0.999728 -0.00736092 0.0 0.0 0.0 1.0
pumpkin/seq-02/color/frame-000047.color.png pumpkin/seq-02/color/frame-000049.color.png 0.999615 0.0238251 0.0142486 0.00473499 -0.0237526 0.999704 -0.00523955 -0.0118987 -0.0143692 0.00489909 0.999885 -0.00857094 0.0 0.0 0.0 1.0
pumpkin/seq-02/color/frame-000049.color.png pumpkin/seq-02/color/frame-000051.color.png 0.999886 -0.0118196 0.00940246 -0.0533418 0.0117891 0.999925 0.00329726 0.0137995 -0.00944073 -0.00318603 0.99995 0.005009 0.0 0.0 0.0 1.0
pumpkin/seq-02/color/frame-000051.color.png pumpkin/seq-02/color/frame-000053.color.png 0.999722 -0.0169628 -0.0163867 0.00882682 0.0176834 0.998836 0.0448835 -0.0213102 0.0156063 -0.0451608 0.998858 -0.0281013 0.0 0.0 0.0 1.0
pumpkin/seq-02/color/frame-000053.color.png pumpkin/seq-02/color/frame-000055.color.png 0.999976 0.00677194 0.000998223 0.0362131 -0.00679439 0.999676 0.0245423 -0.0208322 -0.000831735 -0.0245485 0.999698 -0.00706863 0.0 0.0 0.0 1.0
pumpkin/seq-02/color/frame-000055.color.png pumpkin/seq-02/color/frame-000057.color.png 0.999523 0.0108282 0.0289425 -0.0318668 -0.0111478 0.999878 0.0109038 0.00478825 -0.0288209 -0.0112213 0.999522 -0.0187928 0.0 0.0 0.0 1.0
pumpkin/seq-02/color/frame-000057.color.png pumpkin/seq-02/color/frame-000059.color.png 0.999998 -0.00167248 -0.000998036 0.00290431 0.00168876 0.999862 0.0165274 -0.010921 0.000970246 -0.0165291 0.999863 -0.0112304 0.0 0.0 0.0 1.0
pumpkin/seq-02/color/frame-000059.color.png pumpkin/seq-02/color/frame-000061.color.png 0.99986 0.0167433 -1.52665e-05 0.0122915 -0.0167328 0.999263 0.0345414 -0.0496527 0.000593602 -0.0345363 0.999403 -0.0195773 0.0 0.0 0.0 1.0
pumpkin/seq-02/color/frame-000061.color.png pumpkin/seq-02/color/frame-000063.color.png 0.999683 -0.00763255 0.0240085 -0.00779939 0.00758828 0.999969 0.00193388 -0.0334785 -0.0240225 -0.00175108 0.99971 -0.0197047 0.0 0.0 0.0 1.0
pumpkin/seq-02/color/frame-000063.color.png pumpkin/seq-02/color/frame-000065.color.png 0.999997 -0.00246358 -0.00014576 -0.00134709 0.00246371 0.999997 0.000906587 -0.0277352 0.000143535 -0.000906939 1.0 -0.00930445 0.0 0.0 0.0 1.0
pumpkin/seq-02/color/frame-000065.color.png pumpkin/seq-02/color/frame-000067.color.png 0.999974 -0.00658896 -0.00281803 0.0279623 0.00651197 0.999627 -0.0265102 -0.0267142 0.00299166 0.0264911 0.999645 -0.0238352 0.0 0.0 0.0 1.0
pumpkin/seq-02/color/frame-000067.color.png pumpkin/seq-02/color/frame-000069.color.png 0.999474 0.0137684 0.0293464 -0.0158958 -0.0139407 0.999887 0.00567418 -0.0821123 -0.0292649 -0.00608032 0.999553 -0.0165914 0.0 0.0 0.0 1.0
pumpkin/seq-02/color/frame-000069.color.png pumpkin/seq-02/color/frame-000071.color.png 0.999993 -0.00342505 -0.0012188 0.0116694 0.00342354 0.999993 -0.00123567 -0.0287455 0.00122303 0.00123151 0.999999 -0.00112626 0.0 0.0 0.0 1.0
pumpkin/seq-02/color/frame-000071.color.png pumpkin/seq-02/color/frame-000073.color.png 0.999731 0.0175352 0.0151853 0.0146645 -0.017355 0.999778 -0.0119191 -0.00829601 -0.0153909 0.0116524 0.999814 -0.0132546 0.0 0.0 0.0 1.0
pumpkin/seq-02/color/frame-000073.color.png pumpkin/seq-02/color/frame-000075.color.png 0.999919 -0.00735303 0.0103801 0.00572947 0.00747236 0.999906 -0.0115055 -0.00904131 -0.0102946 0.0115822 0.99988 -0.00943725 0.0 0.0 0.0 1.0
pumpkin/seq-02/color/frame-000075.color.png pumpkin/seq-02/color/frame-000077.color.png 0.999839 -0.00887295 0.0155915 -0.0185096 0.00867311 0.99988 0.0128399 -0.00628537 -0.0157036 -0.0127026 0.999796 -0.00750613 0.0 0.0 0.0 1.0
pumpkin/seq-02/color/frame-000077.color.png pumpkin/seq-02/color/frame-000079.color.png 0.999989 0.00286388 -0.0036172 0.0466711 -0.00288737 0.999975 -0.00650087 -0.0177667 0.0035985 0.00651127 0.999972 -0.0020095 0.0 0.0 0.0 1.0
pumpkin/seq-02/color/frame-000079.color.png pumpkin/seq-02/color/frame-000081.color.png 0.999064 0.0197761 0.038461 -0.0135717 -0.0192419 0.999714 -0.0142098 -0.00526285 -0.0387311 0.0134565 0.999159 -0.00839503 0.0 0.0 0.0 1.0
pumpkin/seq-02/color/frame-000081.color.png pumpkin/seq-02/color/frame-000083.color.png 0.999904 -0.00651802 0.0122403 -0.0109551 0.00658599 0.999963 -0.00552088 -0.00259876 -0.0122039 0.00560095 0.99991 -0.0108231 0.0 0.0 0.0 1.0
pumpkin/seq-02/color/frame-000083.color.png pumpkin/seq-02/color/frame-000085.color.png 0.999976 -0.00667579 -0.00196359 0.00405148 0.0066565 0.999931 -0.00967918 -0.00877619 0.00202808 0.00966586 0.999951 -0.000332355 0.0 0.0 0.0 1.0
pumpkin/seq-02/color/frame-000085.color.png pumpkin/seq-02/color/frame-000087.color.png 0.99991 0.0133336 0.00139256 0.00302777 -0.0133395 0.999902 0.00431514 -0.0170609 -0.00133489 -0.00433333 0.99999 -0.00563379 0.0 0.0 0.0 1.0
pumpkin/seq-02/color/frame-000087.color.png pumpkin/seq-02/color/frame-000089.color.png 0.999859 0.0164504 -0.00330947 0.0169125 -0.0164848 0.999807 -0.0106413 0.00518578 0.00313377 0.0106943 0.999938 -0.00858362 0.0 0.0 0.0 1.0
pumpkin/seq-02/color/frame-000089.color.png pumpkin/seq-02/color/frame-000091.color.png 0.999734 0.0204648 -0.0106125 -0.0125022 -0.0205141 0.999779 -0.0045563 0.0132143 0.0105169 0.00477277 0.999933 0.00306965 0.0 0.0 0.0 1.0
pumpkin/seq-02/color/frame-000091.color.png pumpkin/seq-02/color/frame-000093.color.png 0.999417 0.00711025 -0.0333962 0.0142642 -0.00681912 0.999938 0.00882343 -0.0224195 0.0334569 -0.00859054 0.999403 -0.0168186 0.0 0.0 0.0 1.0
pumpkin/seq-02/color/frame-000093.color.png pumpkin/seq-02/color/frame-000095.color.png 0.999539 0.0281 -0.0114878 0.0368726 -0.0281422 0.999598 -0.00353096 0.0013181 0.011384 0.00385263 0.999928 -0.0126109 0.0 0.0 0.0 1.0
pumpkin/seq-02/color/frame-000095.color.png pumpkin/seq-02/color/frame-000097.color.png 0.999988 0.00310725 -0.00386277 -0.0395621 -0.00314132 0.999956 -0.00882902 0.0288518 0.00383516 0.00884105 0.999954 -0.0107941 0.0 0.0 0.0 1.0
pumpkin/seq-02/color/frame-000097.color.png pumpkin/seq-02/color/frame-000099.color.png 0.9993 0.00154529 -0.0373673 0.0540925 -0.00159023 0.999998 -0.00117377 -0.0287089 0.0373654 0.00123236 0.999301 -0.0141063 0.0 0.0 0.0 1.0
pumpkin/seq-02/color/frame-000099.color.png pumpkin/seq-02/color/frame-000101.color.png 0.999632 0.0238906 0.0128417 0.0149531 -0.0234707 0.999215 -0.0319074 0.00841898 -0.0135939 0.0315943 0.999408 -0.0144935 0.0 0.0 0.0 1.0
pumpkin/seq-02/color/frame-000101.color.png pumpkin/seq-02/color/frame-000103.color.png 0.999927 -0.008794 -0.00828579 0.0186984 0.00870976 0.999911 -0.0101443 0.0128694 0.00837426 0.0100714 0.999914 -0.0211962 0.0 0.0 0.0 1.0
pumpkin/seq-02/color/frame-000103.color.png pumpkin/seq-02/color/frame-000105.color.png 0.999909 0.0129374 -0.0039389 0.0521166 -0.0129789 0.999859 -0.0106897 0.00383049 0.00380004 0.0107398 0.999935 -0.0249559 0.0 0.0 0.0 1.0
pumpkin/seq-02/color/frame-000105.color.png pumpkin/seq-02/color/frame-000107.color.png 0.999785 0.0108859 0.0176199 -0.00712086 -0.0105016 0.999708 -0.0217596 0.01386 -0.0178516 0.0215699 0.999608 -0.0141763 0.0 0.0 0.0 1.0
pumpkin/seq-02/color/frame-000107.color.png pumpkin/seq-02/color/frame-000109.color.png 0.999724 -0.00445445 -0.0230664 0.0295332 0.0042639 0.999956 -0.0083061 -0.00697333 0.0231024 0.00820545 0.999699 -0.0290425 0.0 0.0 0.0 1.0
pumpkin/seq-02/color/frame-000109.color.png pumpkin/seq-02/color/frame-000111.color.png 0.999872 0.0111138 0.0115437 0.0220297 -0.0109129 0.99979 -0.0173248 0.00763607 -0.0117338 0.0171966 0.999783 -0.0182433 0.0 0.0 0.0 1.0
pumpkin/seq-02/color/frame-000111.color.png pumpkin/seq-02/color/frame-000113.color.png 0.999914 -0.00805435 -0.0103966 0.0100674 0.00787961 0.999829 -0.0167368 -0.000796914 0.0105296 0.0166534 0.999806 -0.0198318 0.0 0.0 0.0 1.0
pumpkin/seq-02/color/frame-000113.color.png pumpkin/seq-02/color/frame-000115.color.png 0.999933 -0.00833893 0.00805337 0.00220479 0.00848225 0.999803 -0.0179321 -0.012212 -0.00790225 0.0179992 0.999807 -0.00988251 0.0 0.0 0.0 1.0
pumpkin/seq-02/color/frame-000115.color.png pumpkin/seq-02/color/frame-000117.color.png 0.999672 -0.0238962 -0.00924557 0.0213421 0.023768 0.999623 -0.0137344 -0.00865978 0.00957029 0.0135102 0.999863 -0.0168261 0.0 0.0 0.0 1.0
pumpkin/seq-02/color/frame-000117.color.png pumpkin/seq-02/color/frame-000119.color.png 0.999806 0.00362877 0.0193668 0.0358127 -0.00384162 0.999932 0.0109633 -0.0521079 -0.0193257 -0.0110356 0.999752 -0.0171234 0.0 0.0 0.0 1.0
pumpkin/seq-02/color/frame-000119.color.png pumpkin/seq-02/color/frame-000121.color.png 0.99972 -0.0120696 -0.0203485 -0.000365414 0.0121164 0.999924 0.00217769 0.0146027 0.0203207 -0.00242363 0.999791 -0.00100726 0.0 0.0 0.0 1.0
pumpkin/seq-02/color/frame-000121.color.png pumpkin/seq-02/color/frame-000123.color.png 0.999997 -0.00199064 -0.00153962 0.0131791 0.00200088 0.999975 0.00669161 0.00375426 0.00152627 -0.00669468 0.999976 -0.0131195 0.0 0.0 0.0 1.0
pumpkin/seq-02/color/frame-000123.color.png pumpkin/seq-02/color/frame-000125.color.png 0.999127 0.0235238 -0.0345304 0.0296125 -0.0233416 0.999712 0.00566961 0.0165868 0.0346538 -0.00485866 0.999388 -0.0051387 0.0 0.0 0.0 1.0
pumpkin/seq-02/color/frame-000125.color.png pumpkin/seq-02/color/frame-000127.color.png 0.999935 0.0109661 -0.00314364 0.0727251 -0.0109275 0.999868 0.0120261 -0.00671822 0.0032751 -0.0119909 0.999923 -0.00345814 0.0 0.0 0.0 1.0
pumpkin/seq-02/color/frame-000127.color.png pumpkin/seq-02/color/frame-000129.color.png 0.999778 -0.019416 0.00819305 0.0230275 0.019412 0.999811 0.000568229 0.00197011 -0.00820253 -0.000409058 0.999966 -0.00122052 0.0 0.0 0.0 1.0
pumpkin/seq-02/color/frame-000129.color.png pumpkin/seq-02/color/frame-000131.color.png 0.999887 0.0138246 -0.00595625 0.0628278 -0.0138619 0.999884 -0.00626105 0.007671 0.005869 0.0063429 0.999963 0.0140753 0.0 0.0 0.0 1.0
pumpkin/seq-02/color/frame-000131.color.png pumpkin/seq-02/color/frame-000133.color.png 0.99949 -0.0165321 0.0273379 -0.016692 0.0165526 0.999863 -0.000521472 -0.00608122 -0.0273255 0.000973719 0.999626 -0.00321561 0.0 0.0 0.0 1.0
pumpkin/seq-02/color/frame-000133.color.png pumpkin/seq-02/color/frame-000135.color.png 0.999761 0.013421 -0.0172758 0.125058 -0.0133986 0.999909 0.00141107 0.00125033 0.0172932 -0.00117926 0.99985 0.0200049 0.0 0.0 0.0 1.0
pumpkin/seq-02/color/frame-000135.color.png pumpkin/seq-02/color/frame-000137.color.png 0.999867 -0.0110577 0.0119418 -0.0214197 0.0109168 0.999871 0.0117928 0.00203001 -0.0120706 -0.0116609 0.999859 -0.0118968 0.0 0.0 0.0 1.0
pumpkin/seq-02/color/frame-000137.color.png pumpkin/seq-02/color/frame-000139.color.png 0.999882 0.00925713 -0.0122837 0.0353718 -0.00929475 0.999952 -0.00300667 -0.0136762 0.0122552 0.00312048 0.99992 0.00519872 0.0 0.0 0.0 1.0
pumpkin/seq-02/color/frame-000139.color.png pumpkin/seq-02/color/frame-000141.color.png 0.999819 0.0187944 0.00292218 0.00593773 -0.01881 0.999808 0.00544604 0.00994241 -0.00281927 -0.00550002 0.999981 -0.0126495 0.0 0.0 0.0 1.0
pumpkin/seq-02/color/frame-000141.color.png pumpkin/seq-02/color/frame-000143.color.png 0.999839 0.00646729 -0.016752 0.0280197 -0.00635485 0.999957 0.00675984 0.0111669 0.016795 -0.0066523 0.999837 -0.0137165 0.0 0.0 0.0 1.0
pumpkin/seq-02/color/frame-000143.color.png pumpkin/seq-02/color/frame-000145.color.png 0.999986 -0.00130487 0.00514418 -3.20077e-05 0.0012674 0.999973 0.00728835 0.000958443 -0.00515356 -0.00728172 0.99996 -0.00303614 0.0 0.0 0.0 1.0
pumpkin/seq-02/color/frame-000145.color.png pumpkin/seq-02/color/frame-000147.color.png 0.999963 -0.00341441 0.00793477 0.0223771 0.00345389 0.999982 -0.00496808 0.00626308 -0.00791765 0.0049953 0.999956 0.000583768 0.0 0.0 0.0 1.0
pumpkin/seq-02/color/frame-000147.color.png pumpkin/seq-02/color/frame-000149.color.png 0.999966 0.000338605 0.00823087 0.0640633 -0.000582762 0.999559 0.029684 0.015152 -0.00821719 -0.0296878 0.999526 -0.0116565 0.0 0.0 0.0 1.0
pumpkin/seq-02/color/frame-000149.color.png pumpkin/seq-02/color/frame-000151.color.png 0.999488 0.0319671 -0.00118785 0.049708 -0.0319225 0.999113 0.0274711 0.0334333 0.00206497 -0.0274191 0.999622 -0.0289832 0.0 0.0 0.0 1.0
pumpkin/seq-02/color/frame-000151.color.png pumpkin/seq-02/color/frame-000153.color.png 0.999986 0.000116343 -0.0052247 0.0109884 -3.16437e-05 0.999869 0.0161999 -0.00588942 0.00522589 -0.0161995 0.999855 -0.0100638 0.0 0.0 0.0 1.0
pumpkin/seq-02/color/frame-000153.color.png pumpkin/seq-02/color/frame-000155.color.png 0.999979 0.00212824 -0.00620061 0.0308008 -0.00209585 0.999984 0.0052322 0.0122474 0.00621165 -0.0052191 0.999967 -0.018885 0.0 0.0 0.0 1.0
pumpkin/seq-02/color/frame-000155.color.png pumpkin/seq-02/color/frame-000157.color.png 0.999993 -0.00109076 -0.00352772 0.0114269 0.00111988 0.999965 0.00825583 -0.0133068 0.0035186 -0.00825972 0.99996 -0.0198666 0.0 0.0 0.0 1.0
pumpkin/seq-02/color/frame-000157.color.png pumpkin/seq-02/color/frame-000159.color.png 0.999626 0.00469737 -0.0269425 0.0236715 -0.00504251 0.999906 -0.0127582 0.00320214 0.02688 0.0128893 0.999555 -0.0172263 0.0 0.0 0.0 1.0
pumpkin/seq-02/color/frame-000159.color.png pumpkin/seq-02/color/frame-000161.color.png 0.999862 -0.000199594 -0.0166398 0.0254036 0.000223932 0.999999 0.00146386 -0.00324917 0.0166395 -0.00146737 0.999861 -0.00925446 0.0 0.0 0.0 1.0
pumpkin/seq-02/color/frame-000161.color.png pumpkin/seq-02/color/frame-000163.color.png 0.99985 -0.00644091 -0.016076 -0.0206122 0.00618791 0.999857 -0.0157391 -0.0146281 0.0161751 0.0156373 0.999747 -0.0143889 0.0 0.0 0.0 1.0
pumpkin/seq-02/color/frame-000163.color.png pumpkin/seq-02/color/frame-000165.color.png 0.999728 0.0136428 -0.0189171 0.0200257 -0.0138107 0.999866 -0.0087714 0.00915462 0.0187949 0.00903027 0.999783 0.00140697 0.0 0.0 0.0 1.0
pumpkin/seq-02/color/frame-000165.color.png pumpkin/seq-02/color/frame-000167.color.png 0.999897 0.00723052 -0.0124234 0.00453174 -0.00729966 0.999958 -0.00553334 0.00261706 0.0123829 0.00562346 0.999907 0.000661254 0.0 0.0 0.0 1.0
pumpkin/seq-02/color/frame-000167.color.png pumpkin/seq-02/color/frame-000169.color.png 0.999915 0.00350783 -0.0125684 0.0183824 -0.00350781 0.999994 2.55641e-05 -0.00209934 0.0125684 1.85244e-05 0.999921 0.0125248 0.0 0.0 0.0 1.0
pumpkin/seq-02/color/frame-000169.color.png pumpkin/seq-02/color/frame-000171.color.png 0.999993 -0.000872786 -0.00358779 0.0224295 0.000855519 0.999988 -0.00480885 0.00558525 0.00359192 0.00480573 0.999982 0.0196853 0.0 0.0 0.0 1.0
pumpkin/seq-02/color/frame-000171.color.png pumpkin/seq-02/color/frame-000173.color.png 0.999955 0.0080056 0.00503012 0.0153102 -0.00799138 0.999964 -0.00283667 -0.0179998 -0.00505266 0.00279636 0.999983 0.0205098 0.0 0.0 0.0 1.0
pumpkin/seq-02/color/frame-000173.color.png pumpkin/seq-02/color/frame-000175.color.png 0.999995 0.00159891 -0.00271244 0.00987238 -0.00164787 0.999834 -0.0181369 -0.00400871 0.00268298 0.0181413 0.999832 0.0176575 0.0 0.0 0.0 1.0
pumpkin/seq-02/color/frame-000175.color.png pumpkin/seq-02/color/frame-000177.color.png 0.999989 -0.00450844 0.00129325 -0.0105531 0.00450667 0.999989 0.00130028 -0.0138102 -0.00129909 -0.00129445 0.999998 0.0140774 0.0 0.0 0.0 1.0
pumpkin/seq-02/color/frame-000177.color.png pumpkin/seq-02/color/frame-000179.color.png 0.999985 -0.00134138 0.00533847 -0.00416976 0.00134867 0.999998 -0.00136243 -0.00700027 -0.00533661 0.00136961 0.999985 0.0233941 0.0 0.0 0.0 1.0
pumpkin/seq-02/color/frame-000179.color.png pumpkin/seq-02/color/frame-000181.color.png 0.99989 -0.00303435 -0.014509 0.0140667 0.00311434 0.99998 0.00548746 -0.0106358 0.014492 -0.00553204 0.99988 0.0116347 0.0 0.0 0.0 1.0
pumpkin/seq-02/color/frame-000181.color.png pumpkin/seq-02/color/frame-000183.color.png 0.999961 0.00872965 -0.00153302 0.0182369 -0.00872383 0.999955 0.0037829 -0.00274479 0.00156602 -0.00376939 0.999991 0.0223463 0.0 0.0 0.0 1.0
pumpkin/seq-02/color/frame-000183.color.png pumpkin/seq-02/color/frame-000185.color.png 0.999964 0.00625994 -0.00581748 0.0228834 -0.00636953 0.999799 -0.0190037 0.0322784 0.00569736 0.0190401 0.999803 0.0148188 0.0 0.0 0.0 1.0
pumpkin/seq-02/color/frame-000185.color.png pumpkin/seq-02/color/frame-000187.color.png 0.999884 -0.0130429 -0.00779934 -0.0161954 0.0130064 0.999904 -0.00471694 -0.0203787 0.00786011 0.00461496 0.999958 0.00179455 0.0 0.0 0.0 1.0
pumpkin/seq-02/color/frame-000187.color.png pumpkin/seq-02/color/frame-000189.color.png 0.999943 -0.00393205 -0.00997857 0.00948411 0.00384835 0.999957 -0.00839067 -0.00256705 0.0100111 0.00835179 0.999915 0.0218502 0.0 0.0 0.0 1.0
pumpkin/seq-02/color/frame-000189.color.png pumpkin/seq-02/color/frame-000191.color.png 0.999866 -0.0143062 -0.00794509 -0.00947165 0.0143421 0.999887 0.00447071 -0.0181742 0.00788025 -0.00458406 0.999958 0.00691816 0.0 0.0 0.0 1.0
pumpkin/seq-02/color/frame-000191.color.png pumpkin/seq-02/color/frame-000193.color.png 0.999924 -0.0109841 0.00568163 -0.0069083 0.0109862 0.99994 -0.000329439 -0.00960654 -0.0056777 0.000391842 0.999984 0.0106379 0.0 0.0 0.0 1.0
pumpkin/seq-02/color/frame-000193.color.png pumpkin/seq-02/color/frame-000195.color.png 0.999799 -0.0199259 0.00223632 -0.0235604 0.0199333 0.999796 -0.00334364 0.00737214 -0.00216923 0.00338754 0.999992 0.00917715 0.0 0.0 0.0 1.0
pumpkin/seq-02/color/frame-000195.color.png pumpkin/seq-02/color/frame-000197.color.png 0.99639 -0.0285117 0.0799678 -0.0265102 0.0279475 0.999576 0.00816657 -0.0071243 -0.0801668 -0.00590218 0.996764 0.0399332 0.0 0.0 0.0 1.0
pumpkin/seq-02/color/frame-000197.color.png pumpkin/seq-02/color/frame-000199.color.png 0.997872 -0.0596763 0.026258 0.0027886 0.0580595 0.996595 0.058538 -0.0807385 -0.0296619 -0.0568889 0.99794 0.032534 0.0 0.0 0.0 1.0
pumpkin/seq-02/color/frame-000199.color.png pumpkin/seq-02/color/frame-000201.color.png 0.999433 -0.0164815 -0.0293483 0.0169078 0.016967 0.999722 0.0163729 0.00603026 0.0290703 -0.0168616 0.999435 -0.00671762 0.0 0.0 0.0 1.0
pumpkin/seq-02/color/frame-000201.color.png pumpkin/seq-02/color/frame-000203.color.png 0.999461 0.01749 0.0277906 0.00299215 -0.0176348 0.999832 0.00497311 0.019953 -0.027699 -0.0054605 0.999601 0.021898 0.0 0.0 0.0 1.0
pumpkin/seq-02/color/frame-000203.color.png pumpkin/seq-02/color/frame-000205.color.png 0.999845 -0.0168838 -0.00500864 -0.003672 0.0169348 0.999803 0.0103279 -0.0268977 0.00483326 -0.0104111 0.999934 -0.00280112 0.0 0.0 0.0 1.0
pumpkin/seq-02/color/frame-000205.color.png pumpkin/seq-02/color/frame-000207.color.png 0.999972 0.00334399 0.00668278 0.0229718 -0.00325134 0.999899 -0.0138237 0.0289303 -0.00672833 0.0138016 0.999882 0.0218198 0.0 0.0 0.0 1.0
pumpkin/seq-02/color/frame-000207.color.png pumpkin/seq-02/color/frame-000209.color.png 0.999249 0.00648048 0.0381952 0.0140584 -0.0063871 0.999976 -0.00256661 0.0157591 -0.0382109 0.0023207 0.999267 0.0374638 0.0 0.0 0.0 1.0
pumpkin/seq-02/color/frame-000209.color.png pumpkin/seq-02/color/frame-000211.color.png 0.999408 -0.0222182 0.0262768 -0.045125 0.021806 0.999636 0.0158688 -0.0242739 -0.0266198 -0.0152864 0.999529 0.00170124 0.0 0.0 0.0 1.0
pumpkin/seq-02/color/frame-000211.color.png pumpkin/seq-02/color/frame-000213.color.png 0.999949 -0.00838468 -0.00561275 0.0289668 0.00843624 0.999922 0.00923267 -0.0186553 0.0055349 -0.00927955 0.999942 0.00811586 0.0 0.0 0.0 1.0
pumpkin/seq-02/color/frame-000213.color.png pumpkin/seq-02/color/frame-000215.color.png 0.999443 0.00741327 0.0325265 0.0252247 -0.00696087 0.999878 -0.0139996 0.0111198 -0.0326263 0.0137654 0.999373 0.0354171 0.0 0.0 0.0 1.0
pumpkin/seq-02/color/frame-000215.color.png pumpkin/seq-02/color/frame-000217.color.png 0.999467 -0.0192259 0.0263955 -0.0458528 0.0193475 0.999803 -0.00435942 -0.040705 -0.0263065 0.00486777 0.999642 0.0207703 0.0 0.0 0.0 1.0
pumpkin/seq-02/color/frame-000217.color.png pumpkin/seq-02/color/frame-000219.color.png 0.999964 -0.00257104 0.00804656 0.0328386 0.00274673 0.999756 -0.0219001 -0.0132526 -0.0079883 0.0219214 0.999728 0.0402411 0.0 0.0 0.0 1.0
pumpkin/seq-02/color/frame-000219.color.png pumpkin/seq-02/color/frame-000221.color.png 0.999632 0.0100644 0.0251962 -0.0121656 -0.00982993 0.999907 -0.00941167 -0.00692368 -0.0252885 0.00916054 0.999638 0.00209132 0.0 0.0 0.0 1.0
pumpkin/seq-02/color/frame-000221.color.png pumpkin/seq-02/color/frame-000223.color.png 0.999456 0.01588 0.0289174 0.013666 -0.0151217 0.999541 -0.0262575 0.00607854 -0.0293211 0.0258059 0.999237 0.0305369 0.0 0.0 0.0 1.0
pumpkin/seq-02/color/frame-000223.color.png pumpkin/seq-02/color/frame-000225.color.png 0.999769 -0.00580329 0.020711 -0.0252144 0.00626967 0.999727 -0.0225247 -0.0383309 -0.0205746 0.0226494 0.999532 0.0283939 0.0 0.0 0.0 1.0
pumpkin/seq-02/color/frame-000225.color.png pumpkin/seq-02/color/frame-000227.color.png 0.999925 -0.00237796 0.0119825 0.0156391 0.00272981 0.999563 -0.0294347 -0.00347513 -0.0119073 0.0294652 0.999495 0.0206566 0.0 0.0 0.0 1.0
pumpkin/seq-02/color/frame-000227.color.png pumpkin/seq-02/color/frame-000229.color.png 0.999818 0.00515531 0.0183871 -0.00966412 -0.00491582 0.999903 -0.0130467 0.000202835 -0.0184526 0.012954 0.999746 0.0205183 0.0 0.0 0.0 1.0
pumpkin/seq-02/color/frame-000229.color.png pumpkin/seq-02/color/frame-000231.color.png 0.999925 -0.00834163 0.00899728 -0.0106534 0.00850677 0.999793 -0.0184738 -0.00886917 -0.00884131 0.0185489 0.999789 0.0162031 0.0 0.0 0.0 1.0
pumpkin/seq-02/color/frame-000231.color.png pumpkin/seq-02/color/frame-000233.color.png 0.999732 0.0173256 0.0153411 0.0248294 -0.0169204 0.999515 -0.0261578 0.0205685 -0.0157869 0.0258912 0.99954 0.0196634 0.0 0.0 0.0 1.0
pumpkin/seq-02/color/frame-000233.color.png pumpkin/seq-02/color/frame-000235.color.png 0.999915 -0.00337032 0.0125938 -0.00544083 0.00345278 0.999973 -0.00653267 -0.0241748 -0.0125714 0.00657559 0.999899 0.011224 0.0 0.0 0.0 1.0
pumpkin/seq-02/color/frame-000235.color.png pumpkin/seq-02/color/frame-000237.color.png 0.999905 0.00553035 -0.012658 0.0077008 -0.00587707 0.999604 -0.0275201 0.0225342 0.0125008 0.0275919 0.999541 0.00311562 0.0 0.0 0.0 1.0
pumpkin/seq-02/color/frame-000237.color.png pumpkin/seq-02/color/frame-000239.color.png 0.999176 0.036438 0.0178627 0.0174881 -0.0356985 0.998558 -0.0401033 0.0147772 -0.0192982 0.0394326 0.999036 0.0251845 0.0 0.0 0.0 1.0
pumpkin/seq-02/color/frame-000239.color.png pumpkin/seq-02/color/frame-000241.color.png 0.999653 0.00266449 -0.0262061 0.024382 -0.00303496 0.999896 -0.0141077 -0.013837 0.0261657 0.0141824 0.999557 -0.0278047 0.0 0.0 0.0 1.0
pumpkin/seq-02/color/frame-000241.color.png pumpkin/seq-02/color/frame-000243.color.png 0.999998 0.000284007 -0.00188416 -0.0373036 -0.000296502 0.999978 -0.00660714 -0.0134075 0.00188222 0.00660765 0.999976 0.00391948 0.0 0.0 0.0 1.0
pumpkin/seq-02/color/frame-000243.color.png pumpkin/seq-02/color/frame-000245.color.png 0.999688 0.0244713 0.0049299 0.0190539 -0.0243185 0.999285 -0.028965 0.0111217 -0.00563521 0.0288361 0.999568 0.0167482 0.0 0.0 0.0 1.0
pumpkin/seq-02/color/frame-000245.color.png pumpkin/seq-02/color/frame-000247.color.png 0.999909 0.0133941 0.00178531 -0.00749421 -0.0133515 0.999668 -0.0220498 0.0197495 -0.00208003 0.0220239 0.999755 0.0109289 0.0 0.0 0.0 1.0
pumpkin/seq-02/color/frame-000247.color.png pumpkin/seq-02/color/frame-000249.color.png 0.999758 0.0151075 -0.0159913 0.00967818 -0.015441 0.999661 -0.0209487 0.010154 0.0156694 0.0211905 0.999653 -0.00104359 0.0 0.0 0.0 1.0
pumpkin/seq-02/color/frame-000249.color.png pumpkin/seq-02/color/frame-000251.color.png 0.999981 0.0057205 -0.0021537 0.00678122 -0.00573091 0.999972 -0.00486474 -0.0268551 0.00212579 0.00487697 0.999986 -0.0105565 0.0 0.0 0.0 1.0
pumpkin/seq-02/color/frame-000251.color.png pumpkin/seq-02/color/frame-000253.color.png 0.999961 0.0032718 -0.00818565 0.0062353 -0.00345196 0.99975 -0.0220885 0.0207883 0.00811131 0.0221159 0.999722 0.00640452 0.0 0.0 0.0 1.0
pumpkin/seq-02/color/frame-000253.color.png pumpkin/seq-02/color/frame-000255.color.png 0.999859 0.0159203 0.00524179 0.00791067 -0.0158055 0.999649 -0.0212563 0.0119546 -0.00557837 0.0211704 0.99976 0.0146401 0.0 0.0 0.0 1.0
pumpkin/seq-02/color/frame-000255.color.png pumpkin/seq-02/color/frame-000257.color.png 0.99966 0.0133733 -0.0223832 0.0230399 -0.0137953 0.999728 -0.0188109 0.0125636 0.0221255 0.0191132 0.999572 -0.0103396 0.0 0.0 0.0 1.0
pumpkin/seq-02/color/frame-000257.color.png pumpkin/seq-02/color/frame-000259.color.png 0.999866 0.0162883 0.00148516 -0.0132366 -0.016291 0.999866 0.00176727 -0.0105976 -0.00145618 -0.0017912 0.999997 -0.0102711 0.0 0.0 0.0 1.0
pumpkin/seq-02/color/frame-000259.color.png pumpkin/seq-02/color/frame-000261.color.png 0.999198 0.00578569 -0.0396092 0.0199742 -0.00463199 0.999564 0.0291568 -0.0162331 0.0397606 -0.02895 0.99879 -0.0692951 0.0 0.0 0.0 1.0
pumpkin/seq-02/color/frame-000261.color.png pumpkin/seq-02/color/frame-000263.color.png 0.999755 -0.00767255 -0.02076 -0.0415934 0.0078923 0.999914 0.0105239 0.00659382 0.0206774 -0.0106852 0.999729 -0.0122282 0.0 0.0 0.0 1.0
pumpkin/seq-02/color/frame-000263.color.png pumpkin/seq-02/color/frame-000265.color.png 0.999688 0.02156 -0.0126065 0.0154452 -0.0215849 0.999765 -0.00184504 0.0402936 0.0125638 0.00211654 0.999919 -0.00892028 0.0 0.0 0.0 1.0
pumpkin/seq-02/color/frame-000265.color.png pumpkin/seq-02/color/frame-000267.color.png 0.999446 0.015811 -0.0292723 -0.00207317 -0.0153721 0.999767 0.0151617 0.00733215 0.0295052 -0.0147033 0.999456 -0.029644 0.0 0.0 0.0 1.0
pumpkin/seq-02/color/frame-000267.color.png pumpkin/seq-02/color/frame-000269.color.png 0.999005 0.030579 -0.0324703 0.0275545 -0.03042 0.999523 0.0053807 0.0412047 0.0326193 -0.00438766 0.999458 -0.0242936 0.0 0.0 0.0 1.0
pumpkin/seq-02/color/frame-000269.color.png pumpkin/seq-02/color/frame-000271.color.png 0.999464 0.0238545 -0.0224132 -0.0117277 -0.0234301 0.999545 0.0190127 0.00831687 0.0228565 -0.0184773 0.999568 -0.0322366 0.0 0.0 0.0 1.0
pumpkin/seq-02/color/frame-000271.color.png pumpkin/seq-02/color/frame-000273.color.png 0.999207 0.00507258 -0.0394786 -0.0170985 -0.00373265 0.999417 0.0339412 0.00772178 0.0396277 -0.033767 0.998644 -0.0486761 0.0 0.0 0.0 1.0
pumpkin/seq-02/color/frame-000273.color.png pumpkin/seq-02/color/frame-000275.color.png 0.99922 0.016653 -0.0357996 -0.0010379 -0.0162404 0.999799 0.0117839 0.038668 0.0359887 -0.0111933 0.999289 -0.0248202 0.0 0.0 0.0 1.0
pumpkin/seq-02/color/frame-000275.color.png pumpkin/seq-02/color/frame-000277.color.png 0.999553 0.0198801 -0.0223464 -0.0126079 -0.0197116 0.999776 0.00773215 0.0264529 0.0224951 -0.00728823 0.99972 -0.0334673 0.0 0.0 0.0 1.0
pumpkin/seq-02/color/frame-000277.color.png pumpkin/seq-02/color/frame-000279.color.png 0.999553 0.0121736 -0.0272904 -0.00379109 -0.0118471 0.999856 0.0120964 0.0074048 0.0274337 -0.0117677 0.999554 -0.0260018 0.0 0.0 0.0 1.0
pumpkin/seq-02/color/frame-000279.color.png pumpkin/seq-02/color/frame-000281.color.png 0.998691 0.0113882 -0.0498578 0.00773615 -0.0106512 0.999831 0.01502 0.00600934 0.0500204 -0.0144693 0.998643 -0.0355861 0.0 0.0 0.0 1.0
pumpkin/seq-02/color/frame-000281.color.png pumpkin/seq-02/color/frame-000283.color.png 0.999577 0.00263168 -0.0289561 -0.0221295 -0.0026426 0.999996 -0.000338838 0.0199957 0.0289551 0.000415152 0.999581 -0.038735 0.0 0.0 0.0 1.0
pumpkin/seq-02/color/frame-000283.color.png pumpkin/seq-02/color/frame-000285.color.png 0.999407 0.0109193 -0.0326504 -0.0308427 -0.010596 0.999893 0.0100586 0.0224519 0.0327568 -0.00970663 0.999416 -0.048381 0.0 0.0 0.0 1.0
pumpkin/seq-02/color/frame-000285.color.png pumpkin/seq-02/color/frame-000287.color.png 0.999473 0.0219845 -0.0238709 0.018553 -0.0221767 0.999723 -0.00781564 0.0145859 0.0236924 0.00834089 0.999685 -0.00460553 0.0 0.0 0.0 1.0
pumpkin/seq-02/color/frame-000287.color.png pumpkin/seq-02/color/frame-000289.color.png 0.999632 0.00240697 -0.0270013 -0.0375522 -0.00223459 0.999977 0.00641219 0.0128677 0.0270161 -0.00634951 0.999615 -0.0414998 0.0 0.0 0.0 1.0
pumpkin/seq-02/color/frame-000289.color.png pumpkin/seq-02/color/frame-000291.color.png 0.999806 0.00915817 -0.0174591 0.0193969 -0.0092474 0.999945 -0.0050387 0.00549036 0.0174119 0.0051992 0.999835 -0.00532973 0.0 0.0 0.0 1.0
pumpkin/seq-02/color/frame-000291.color.png pumpkin/seq-02/color/frame-000293.color.png 0.999953 -0.00661441 0.00703131 -0.0229039 0.00655579 0.999944 0.00831732 -0.00253707 -0.00708591 -0.00827092 0.999941 -0.0110416 0.0 0.0 0.0 1.0
pumpkin/seq-02/color/frame-000293.color.png pumpkin/seq-02/color/frame-000295.color.png 0.999192 -0.020582 0.0345132 0.0194253 0.0215349 0.999391 -0.0274668 0.000971317 -0.0339269 0.0281878 0.999027 0.0258512 0.0 0.0 0.0 1.0
pumpkin/seq-02/color/frame-000295.color.png pumpkin/seq-02/color/frame-000297.color.png 0.999824 -0.00602221 0.0177445 0.0155973 0.00539707 0.99937 0.0350651 -0.0243368 -0.0179445 -0.0349632 0.999227 0.0245004 0.0 0.0 0.0 1.0
pumpkin/seq-02/color/frame-000297.color.png pumpkin/seq-02/color/frame-000299.color.png 0.999519 -0.0288053 0.0115067 0.0145185 0.028871 0.999568 -0.00557635 0.081026 -0.0113411 0.0059059 0.999918 0.0139098 0.0 0.0 0.0 1.0
pumpkin/seq-02/color/frame-000299.color.png pumpkin/seq-02/color/frame-000301.color.png 0.998156 -0.0395323 0.0460633 0.0129141 0.0387906 0.999105 0.0168869 -0.0844043 -0.0466896 -0.015069 0.998796 0.0390977 0.0 0.0 0.0 1.0
pumpkin/seq-02/color/frame-000301.color.png pumpkin/seq-02/color/frame-000303.color.png 0.999953 -0.00609918 0.00757431 0.0292122 0.00608783 0.99998 0.00151571 -0.0114804 -0.00758338 -0.00146953 0.99997 0.0143315 0.0 0.0 0.0 1.0
pumpkin/seq-02/color/frame-000303.color.png pumpkin/seq-02/color/frame-000305.color.png 0.999803 -0.0184523 0.00737862 -0.012327 0.0184656 0.999828 -0.0017382 -0.0119017 -0.00734527 0.00187409 0.999971 0.00519586 0.0 0.0 0.0 1.0
pumpkin/seq-02/color/frame-000305.color.png pumpkin/seq-02/color/frame-000307.color.png 0.999843 -0.0172313 -0.00424535 -0.00578153 0.0172369 0.999851 0.00127499 -0.0175588 0.00422269 -0.00134796 0.99999 -0.00530371 0.0 0.0 0.0 1.0
pumpkin/seq-02/color/frame-000307.color.png pumpkin/seq-02/color/frame-000309.color.png 0.999848 0.000680399 0.0174136 0.0159609 -0.000383356 0.999854 -0.0170544 -0.00642169 -0.0174226 0.0170451 0.999703 0.0214178 0.0 0.0 0.0 1.0
pumpkin/seq-02/color/frame-000309.color.png pumpkin/seq-02/color/frame-000311.color.png 0.999908 -0.00172366 0.013468 -0.0308706 0.00198456 0.99981 -0.0193814 -0.0134516 -0.013432 0.0194064 0.999722 0.00669637 0.0 0.0 0.0 1.0
pumpkin/seq-02/color/frame-000311.color.png pumpkin/seq-02/color/frame-000313.color.png 0.999728 -0.00537166 0.0226998 -0.00789267 0.00561079 0.999929 -0.0104867 -0.00158399 -0.0226419 0.0106112 0.999687 0.0252854 0.0 0.0 0.0 1.0
pumpkin/seq-02/color/frame-000313.color.png pumpkin/seq-02/color/frame-000315.color.png 0.998899 -0.0298608 0.0361805 0.00810528 0.0297718 0.999552 0.00299572 -0.022982 -0.0362537 -0.00191528 0.999341 0.0275832 0.0 0.0 0.0 1.0
pumpkin/seq-02/color/frame-000315.color.png pumpkin/seq-02/color/frame-000317.color.png 0.995735 -0.019909 0.09009 -0.0450873 0.0204717 0.999776 -0.00532601 -0.011632 -0.0899638 0.00714761 0.995919 0.0712053 0.0 0.0 0.0 1.0
pumpkin/seq-02/color/frame-000317.color.png pumpkin/seq-02/color/frame-000319.color.png 0.998922 -0.038792 0.0254851 -0.0173908 0.038651 0.999235 0.00599885 -0.0428339 -0.0256983 -0.0050073 0.999657 0.0139765 0.0 0.0 0.0 1.0
pumpkin/seq-02/color/frame-000319.color.png pumpkin/seq-02/color/frame-000321.color.png 0.998547 -0.0155632 0.0515953 -0.00234401 0.0156792 0.999875 -0.001845 -0.0172428 -0.0515601 0.00265122 0.998667 0.0209556 0.0 0.0 0.0 1.0
pumpkin/seq-02/color/frame-000321.color.png pumpkin/seq-02/color/frame-000323.color.png 0.999559 -0.0106677 0.027724 -0.0316708 0.0113289 0.999653 -0.0238025 -0.0143884 -0.0274604 0.0241061 0.999332 0.0429527 0.0 0.0 0.0 1.0
pumpkin/seq-02/color/frame-000323.color.png pumpkin/seq-02/color/frame-000325.color.png 0.999834 -0.0180165 0.00284857 -0.0267013 0.0180162 0.999838 0.000134478 -0.00465345 -0.00285053 -8.31564e-05 0.999996 0.000367433 0.0 0.0 0.0 1.0
pumpkin/seq-02/color/frame-000325.color.png pumpkin/seq-02/color/frame-000327.color.png 0.999981 -0.000304404 0.00608608 -0.0200736 0.000276184 0.999989 0.00464008 0.00168037 -0.00608742 -0.00463835 0.999971 -0.00443172 0.0 0.0 0.0 1.0
pumpkin/seq-02/color/frame-000327.color.png pumpkin/seq-02/color/frame-000329.color.png 0.999953 0.00914025 -0.00333935 0.00130802 -0.00907546 0.99978 0.0189295 0.01589 0.00351163 -0.0188983 0.999815 -0.0132798 0.0 0.0 0.0 1.0
pumpkin/seq-02/color/frame-000329.color.png pumpkin/seq-02/color/frame-000331.color.png 0.999765 0.0171592 -0.0132412 0.00551599 -0.0170321 0.999808 0.00965393 -0.00975788 0.0134043 -0.00942614 0.999866 -0.00282982 0.0 0.0 0.0 1.0
pumpkin/seq-02/color/frame-000331.color.png pumpkin/seq-02/color/frame-000333.color.png 0.999842 0.00344525 0.0174452 0.00718498 -0.00356955 0.999968 0.00709868 0.0441996 -0.0174202 -0.00715987 0.999823 0.00983959 0.0 0.0 0.0 1.0
pumpkin/seq-02/color/frame-000333.color.png pumpkin/seq-02/color/frame-000335.color.png 0.9998 -0.00813818 -0.0182749 -0.016947 0.00835486 0.999895 0.0118101 -0.00533396 0.0181769 -0.0119604 0.999763 -0.0256063 0.0 0.0 0.0 1.0
pumpkin/seq-02/color/frame-000335.color.png pumpkin/seq-02/color/frame-000337.color.png 0.999928 -0.00499901 -0.0108964 0.00772732 0.00498918 0.999987 -0.000927322 0.00898945 0.0109009 0.000872928 0.99994 -0.0123459 0.0 0.0 0.0 1.0
pumpkin/seq-02/color/frame-000337.color.png pumpkin/seq-02/color/frame-000339.color.png 0.999964 -0.00842947 -0.000539077 -0.0142284 0.00842622 0.999948 -0.00582981 0.0026356 0.000588208 0.00582507 0.999983 0.00390035 0.0 0.0 0.0 1.0
pumpkin/seq-02/color/frame-000339.color.png pumpkin/seq-02/color/frame-000341.color.png 0.999829 0.00679914 0.0172149 -0.000773132 -0.0069178 0.999953 0.00684189 0.00389373 -0.0171675 -0.00695983 0.999828 0.00754422 0.0 0.0 0.0 1.0
pumpkin/seq-02/color/frame-000341.color.png pumpkin/seq-02/color/frame-000343.color.png 0.999938 0.0110555 0.00123458 0.00728023 -0.011047 0.999917 -0.00668893 -0.0089407 -0.00130843 0.00667488 0.999977 0.00037542 0.0 0.0 0.0 1.0
pumpkin/seq-02/color/frame-000343.color.png pumpkin/seq-02/color/frame-000345.color.png 0.999971 0.00594188 0.00474011 -0.0167854 -0.00592397 0.999975 -0.00378579 0.0153713 -0.00476248 0.00375757 0.999982 0.0117722 0.0 0.0 0.0 1.0
pumpkin/seq-02/color/frame-000345.color.png pumpkin/seq-02/color/frame-000347.color.png 0.999961 -0.00658036 0.00584987 -0.0143714 0.00652361 0.999932 0.00966714 -0.0230272 -0.00591307 -0.00962861 0.999936 -0.00113383 0.0 0.0 0.0 1.0
pumpkin/seq-02/color/frame-000347.color.png pumpkin/seq-02/color/frame-000349.color.png 0.999781 -0.00671513 0.0198389 -0.0217975 0.00676331 0.999974 -0.00236212 0.00766587 -0.0198225 0.00249579 0.9998 0.0208002 0.0 0.0 0.0 1.0
pumpkin/seq-02/color/frame-000349.color.png pumpkin/seq-02/color/frame-000351.color.png 0.999845 -0.00998527 0.0144706 -0.0288826 0.00998999 0.99995 -0.000253213 0.0164941 -0.0144674 0.000397759 0.999895 0.015339 0.0 0.0 0.0 1.0
