pumpkin/seq-02/color/frame-000000.color.png pumpkin/seq-02/color/frame-000003.color.png 0.999164 -0.040868 -0.00125355 -0.0298961 0.0407875 0.998399 -0.0391804 -0.00360432 0.00285277 0.0390965 0.999231 -0.0252004 0.0 0.0 0.0 1.0
pumpkin/seq-02/color/frame-000003.color.png pumpkin/seq-02/color/frame-000006.color.png 0.999582 -0.0289056 -0.000531018 -0.00386832 0.0288999 0.999544 -0.00870207 -0.0216445 0.000782315 0.00868309 0.999962 -0.0176443 0.0 0.0 0.0 1.0
pumpkin/seq-02/color/frame-000006.color.png pumpkin/seq-02/color/frame-000009.color.png 0.999831 0.00126947 -0.0183414 0.00574023 -0.00166509 0.999766 -0.0215701 0.0132816 0.0183097 0.0215969 0.999599 -0.0157778 0.0 0.0 0.0 1.0
pumpkin/seq-02/color/frame-000009.color.png pumpkin/seq-02/color/frame-000012.color.png 0.999996 0.00277887 -0.000953385 -0.0154517 -0.00277668 0.999994 0.00228466 -0.0247719 0.000959721 -0.002282 0.999997 -0.0229995 0.0 0.0 0.0 1.0
pumpkin/seq-02/color/frame-000012.color.png pumpkin/seq-02/color/frame-000015.color.png 0.999679 0.00247864 -0.025219 -0.00803672 -0.00342422 0.99929 -0.0375206 0.0105697 0.0251081 0.0375949 0.998977 -0.0153555 0.0 0.0 0.0 1.0
pumpkin/seq-02/color/frame-000015.color.png pumpkin/seq-02/color/frame-000018.color.png 0.999812 0.00638556 0.0183009 -0.0269702 -0.00651047 0.999956 0.0067741 -0.0392758 -0.0182568 -0.00689195 0.99981 -0.0196865 0.0 0.0 0.0 1.0
pumpkin/seq-02/color/frame-000018.color.png pumpkin/seq-02/color/frame-000021.color.png 0.999943 -0.000491372 -0.0106182 0.0244731 0.000259869 0.999762 -0.0217936 -0.0145346 0.0106264 0.0217896 0.999706 -0.00290311 0.0 0.0 0.0 1.0
pumpkin/seq-02/color/frame-000021.color.png pumpkin/seq-02/color/frame-000024.color.png 0.99972 -0.00366094 0.0233871 -0.0236278 0.00247395 0.998717 0.0505824 -0.00115669 -0.0235423 -0.0505104 0.998446 -0.00424348 0.0 0.0 0.0 1.0
pumpkin/seq-02/color/frame-000024.color.png pumpkin/seq-02/color/frame-000027.color.png 0.982989 -0.14917 -0.107152 -0.10112 0.152265 0.988111 0.0212604 -0.0389894 0.102707 -0.0372144 0.994015 0.0230113 0.0 0.0 0.0 1.0
pumpkin/seq-02/color/frame-000027.color.png pumpkin/seq-02/color/frame-000030.color.png 0.99737 0.0714032 -0.0124579 0.0961216 -0.071475 0.997428 -0.00541612 -0.00808964 0.0120391 0.0062923 0.999908 0.0217832 0.0 0.0 0.0 1.0
pumpkin/seq-02/color/frame-000030.color.png pumpkin/seq-02/color/frame-000033.color.png 0.999673 0.00170523 -0.0255214 -0.033115 -0.00117934 0.999787 0.020608 -0.00951666 0.0255511 -0.0205712 0.999462 0.0196121 0.0 0.0 0.0 1.0
pumpkin/seq-02/color/frame-000033.color.png pumpkin/seq-02/color/frame-000036.color.png 0.99965 0.0248149 0.00911685 -0.0323285 -0.0247421 0.999662 -0.00801062 -0.0321086 -0.00931257 0.00778225 0.999926 0.00250557 0.0 0.0 0.0 1.0
pumpkin/seq-02/color/frame-000036.color.png pumpkin/seq-02/color/frame-000039.color.png 0.999432 0.0326891 -0.00821827 0.0153385 -0.0327726 0.99941 -0.0102439 -0.0212674 0.00787857 0.0105075 0.999914 0.00652069 0.0 0.0 0.0 1.0
pumpkin/seq-02/color/frame-000039.color.png pumpkin/seq-02/color/frame-000042.color.png 0.99911 0.0421826 -0.000446019 0.0338794 -0.0421173 0.998052 0.0460268 -0.0318712 0.00238675 -0.045967 0.99894 0.00698792 0.0 0.0 0.0 1.0
pumpkin/seq-02/color/frame-000042.color.png pumpkin/seq-02/color/frame-000045.color.png 0.996056 0.0679687 0.0570402 -0.0319595 -0.0687003 0.997577 0.0109622 -0.0497925 -0.0561569 -0.0148376 0.998312 -0.0208706 0.0 0.0 0.0 1.0
pumpkin/seq-02/color/frame-000045.color.png pumpkin/seq-02/color/frame-000048.color.png 0.998335 0.0528647 0.0230912 0.021998 -0.0528957 0.9986 0.000734586 -0.0387674 -0.02302 -0.00195479 0.999733 -0.0047353 0.0 0.0 0.0 1.0
pumpkin/seq-02/color/frame-000048.color.png pumpkin/seq-02/color/frame-000051.color.png 0.999798 -0.00165808 0.0200303 -0.0606648 0.00167079 0.999998 -0.000617923 0.0154011 -0.0200292 0.000651273 0.999799 -0.000940394 0.0 0.0 0.0 1.0
pumpkin/seq-02/color/frame-000051.color.png pumpkin/seq-02/color/frame-000054.color.png 0.999514 -0.0148716 -0.0273815 0.0454801 0.016456 0.998147 0.0585761 -0.0197734 0.0264596 -0.0589982 0.997907 -0.0147754 0.0 0.0 0.0 1.0
pumpkin/seq-02/color/frame-000054.color.png pumpkin/seq-02/color/frame-000057.color.png 0.999394 0.0090839 0.0336014 -0.0152307 -0.00987847 0.999674 0.0235566 -0.0178693 -0.0333764 -0.0238743 0.999158 -0.0353967 0.0 0.0 0.0 1.0
pumpkin/seq-02/color/frame-000057.color.png pumpkin/seq-02/color/frame-000060.color.png 0.999938 0.0108804 -0.00234161 0.0127695 -0.0107841 0.999226 0.0378253 -0.0394629 0.00275137 -0.0377977 0.999282 -0.0318133 0.0 0.0 0.0 1.0
pumpkin/seq-02/color/frame-000060.color.png pumpkin/seq-02/color/frame-000063.color.png 0.999563 0.000651912 0.0295457 -0.0143104 -0.00113639 0.999865 0.0163833 -0.0567193 -0.0295311 -0.0164098 0.999429 -0.0359532 0.0 0.0 0.0 1.0
pumpkin/seq-02/color/frame-000063.color.png pumpkin/seq-02/color/frame-000066.color.png 0.999982 -0.00605825 -0.000147722 0.00581518 0.00605651 0.999934 -0.00979526 -0.0463592 0.000207053 0.00979423 0.999952 -0.0227441 0.0 0.0 0.0 1.0
pumpkin/seq-02/color/frame-000066.color.png pumpkin/seq-02/color/frame-000069.color.png 0.999612 0.0106473 0.0257507 0.00423369 -0.00983173 0.999452 -0.0315921 -0.0337585 -0.026073 0.0313266 0.999169 -0.0224583 0.0 0.0 0.0 1.0
pumpkin/seq-02/color/frame-000069.color.png pumpkin/seq-02/color/frame-000072.color.png 0.999923 0.0123953 -0.000733124 0.0397204 -0.0123932 0.999919 0.00275469 -0.055904 0.000767209 -0.00274538 0.999996 -0.0209528 0.0 0.0 0.0 1.0
pumpkin/seq-02/color/frame-000072.color.png pumpkin/seq-02/color/frame-000075.color.png 0.999596 -0.00868087 0.0270495 -0.0127343 0.00935284 0.999648 -0.0248162 0.00395286 -0.0268246 0.0250592 0.999326 -0.000502348 0.0 0.0 0.0 1.0
pumpkin/seq-02/color/frame-000075.color.png pumpkin/seq-02/color/frame-000078.color.png 0.999885 -0.00890069 0.0123088 -0.00104731 0.00875932 0.999896 0.0114914 -0.025937 -0.0124098 -0.0113822 0.999858 -0.014271 0.0 0.0 0.0 1.0
pumpkin/seq-02/color/frame-000078.color.png pumpkin/seq-02/color/frame-000081.color.png 0.998985 0.0229011 0.0387772 0.0145636 -0.0223619 0.999648 -0.0142818 -0.0190135 -0.0390906 0.0134001 0.999146 -0.0118521 0.0 0.0 0.0 1.0
pumpkin/seq-02/color/frame-000081.color.png pumpkin/seq-02/color/frame-000084.color.png 0.999716 -0.0143741 0.0189983 -0.0257831 0.0145824 0.999835 -0.0108752 -0.0186836 -0.0188389 0.0111492 0.99976 0.00192055 0.0 0.0 0.0 1.0
pumpkin/seq-02/color/frame-000084.color.png pumpkin/seq-02/color/frame-000087.color.png 0.999857 0.0150149 -0.00780465 0.0249514 -0.0150339 0.999884 -0.00238122 -0.00266171 0.00776801 0.0024982 0.999967 -0.0166126 0.0 0.0 0.0 1.0
pumpkin/seq-02/color/frame-000087.color.png pumpkin/seq-02/color/frame-000090.color.png 0.999687 0.0250022 -0.000839053 0.00971398 -0.0250085 0.99965 -0.00858926 -0.000842631 0.000623979 0.00860756 0.999963 -0.012465 0.0 0.0 0.0 1.0
pumpkin/seq-02/color/frame-000090.color.png pumpkin/seq-02/color/frame-000093.color.png 0.998863 0.0200818 -0.0432303 0.000678644 -0.0199783 0.999796 0.00282557 -0.00503296 0.0432782 -0.00195868 0.999061 -0.00932661 0.0 0.0 0.0 1.0
pumpkin/seq-02/color/frame-000093.color.png pumpkin/seq-02/color/frame-000096.color.png 0.999272 0.0376398 -0.00627636 0.0239118 -0.0376801 0.999269 -0.00643491 0.00688684 0.00602957 0.00666671 0.99996 -0.0204381 0.0 0.0 0.0 1.0
pumpkin/seq-02/color/frame-000096.color.png pumpkin/seq-02/color/frame-000099.color.png 0.998775 -0.00324455 -0.0493857 0.0385944 0.00316311 0.999994 -0.00172709 -0.0199755 0.049391 0.00156875 0.998778 -0.0190999 0.0 0.0 0.0 1.0
pumpkin/seq-02/color/frame-000099.color.png pumpkin/seq-02/color/frame-000102.color.png 0.99979 0.0198445 0.00521821 0.0261133 -0.0195948 0.99883 -0.0442003 0.0407835 -0.00608924 0.0440888 0.999009 -0.0286144 0.0 0.0 0.0 1.0
pumpkin/seq-02/color/frame-000102.color.png pumpkin/seq-02/color/frame-000105.color.png 0.999962 0.00862816 0.00138849 0.0452449 -0.00861171 0.999897 -0.0114422 -0.00468296 -0.00148707 0.0114298 0.999934 -0.0346057 0.0 0.0 0.0 1.0
pumpkin/seq-02/color/frame-000105.color.png pumpkin/seq-02/color/frame-000108.color.png 0.999992 0.0027932 0.00286411 -0.00193693 -0.00271541 0.999637 -0.0268154 0.00568634 -0.00293797 0.0268074 0.999636 -0.0342695 0.0 0.0 0.0 1.0
pumpkin/seq-02/color/frame-000108.color.png pumpkin/seq-02/color/frame-000111.color.png 0.999885 0.0150403 0.00199108 0.0515933 -0.0150006 0.999713 -0.01866 0.00464278 -0.00227117 0.018628 0.999824 -0.0261206 0.0 0.0 0.0 1.0
pumpkin/seq-02/color/frame-000111.color.png pumpkin/seq-02/color/frame-000114.color.png 0.999969 -0.00680416 -0.00393242 0.00165888 0.00669423 0.999604 -0.0273249 0.00659645 0.00411678 0.0272977 0.999619 -0.0289978 0.0 0.0 0.0 1.0
pumpkin/seq-02/color/frame-000114.color.png pumpkin/seq-02/color/frame-000117.color.png 0.999422 -0.0323179 -0.0105069 0.039475 0.0320846 0.99925 -0.0216631 -0.0258965 0.0111992 0.0213135 0.99971 -0.0185434 0.0 0.0 0.0 1.0
pumpkin/seq-02/color/frame-000117.color.png pumpkin/seq-02/color/frame-000120.color.png 0.999839 -0.00508261 0.0172072 0.0149032 0.00488408 0.999921 0.0115615 -0.0364327 -0.0172646 -0.0114756 0.999785 -0.0121383 0.0 0.0 0.0 1.0
pumpkin/seq-02/color/frame-000120.color.png pumpkin/seq-02/color/frame-000123.color.png 0.999762 -0.00510189 -0.021218 0.0359665 0.00539444 0.999891 0.0137554 -0.00693679 0.0211455 -0.0138666 0.99968 -0.0199643 0.0 0.0 0.0 1.0
pumpkin/seq-02/color/frame-000123.color.png pumpkin/seq-02/color/frame-000126.color.png 0.998999 0.0274892 -0.0352959 0.0411426 -0.02732 0.999613 0.00526575 0.0335644 0.035427 -0.00429618 0.999363 -0.00685352 0.0 0.0 0.0 1.0
pumpkin/seq-02/color/frame-000126.color.png pumpkin/seq-02/color/frame-000129.color.png 0.999848 -0.0130464 0.0115654 0.0680084 0.0129465 0.999879 0.00866557 -0.00860655 -0.011677 -0.00851453 0.999896 -0.00270104 0.0 0.0 0.0 1.0
pumpkin/seq-02/color/frame-000129.color.png pumpkin/seq-02/color/frame-000132.color.png 0.999968 0.00599141 0.00538908 0.0863562 -0.00595969 0.999965 -0.00587582 -0.0130092 -0.00542409 0.00584352 0.999968 0.0112342 0.0 0.0 0.0 1.0
pumpkin/seq-02/color/frame-000132.color.png pumpkin/seq-02/color/frame-000135.color.png 0.999971 0.0038974 0.00648101 0.064312 -0.00387662 0.999987 -0.00322109 0.0263525 -0.00649348 0.00319588 0.999974 0.0159221 0.0 0.0 0.0 1.0
pumpkin/seq-02/color/frame-000135.color.png pumpkin/seq-02/color/frame-000138.color.png 0.999958 -0.00911043 0.000751509 0.0146142 0.00909372 0.999762 0.0198436 -0.0285082 -0.000932113 -0.0198359 0.999803 -0.00841385 0.0 0.0 0.0 1.0
pumpkin/seq-02/color/frame-000138.color.png pumpkin/seq-02/color/frame-000141.color.png 0.999608 0.027136 -0.00682721 0.0307532 -0.0271514 0.999629 -0.00218282 0.0180419 0.00676544 0.00236733 0.999974 -0.00786638 0.0 0.0 0.0 1.0
pumpkin/seq-02/color/frame-000141.color.png pumpkin/seq-02/color/frame-000144.color.png 0.999905 0.000575621 -0.0137751 0.0142264 -0.000357186 0.999874 0.0158527 -0.00488776 0.0137825 -0.0158462 0.999779 -0.0158656 0.0 0.0 0.0 1.0
pumpkin/seq-02/color/frame-000144.color.png pumpkin/seq-02/color/frame-000147.color.png 0.999988 4.40135e-05 0.0048413 0.0482354 -1.96621e-05 0.999987 -0.00504049 0.0197546 -0.00484146 0.00504034 0.999976 -0.00214577 0.0 0.0 0.0 1.0
pumpkin/seq-02/color/frame-000147.color.png pumpkin/seq-02/color/frame-000150.color.png 0.999617 0.0274349 0.00353228 0.0581812 -0.0275634 0.99866 0.0438007 0.0377969 -0.00232588 -0.0438813 0.999034 -0.0290918 0.0 0.0 0.0 1.0
pumpkin/seq-02/color/frame-000150.color.png pumpkin/seq-02/color/frame-000153.color.png 0.999977 0.00562522 0.0038116 0.0554418 -0.00570138 0.999778 0.0202774 0.0301565 -0.00369668 -0.0202987 0.999787 -0.0127716 0.0 0.0 0.0 1.0
pumpkin/seq-02/color/frame-000153.color.png pumpkin/seq-02/color/frame-000156.color.png 0.999874 0.00915181 -0.012956 0.0624755 -0.00915242 0.999958 1.37744e-05 0.018065 0.0129556 0.000104808 0.999916 -0.017916 0.0 0.0 0.0 1.0
pumpkin/seq-02/color/frame-000156.color.png pumpkin/seq-02/color/frame-000159.color.png 0.999736 -0.00323557 -0.0227368 0.00045222 0.00315246 0.999988 -0.00369083 -0.00249618 0.0227485 0.00361819 0.999735 -0.0276164 0.0 0.0 0.0 1.0
pumpkin/seq-02/color/frame-000159.color.png pumpkin/seq-02/color/frame-000162.color.png 0.999919 0.00206014 -0.0125237 0.0115769 -0.00213815 0.999978 -0.00622028 -0.0200253 0.0125106 0.00624655 0.999902 -0.00852877 0.0 0.0 0.0 1.0
pumpkin/seq-02/color/frame-000162.color.png pumpkin/seq-02/color/frame-000165.color.png 0.999168 0.00644782 -0.0402592 0.0171481 -0.00696321 0.999895 -0.0126742 0.000802875 0.0401733 0.012944 0.999109 -0.0231069 0.0 0.0 0.0 1.0
pumpkin/seq-02/color/frame-000165.color.png pumpkin/seq-02/color/frame-000168.color.png 0.999786 0.00956535 -0.0183256 0.0106133 -0.00967835 0.999935 -0.0060837 0.0205475 0.0182661 0.00625976 0.999814 0.00902367 0.0 0.0 0.0 1.0
pumpkin/seq-02/color/frame-000168.color.png pumpkin/seq-02/color/frame-000171.color.png 0.999936 0.0015415 -0.0111984 0.0380606 -0.00150256 0.999993 0.00347751 -0.0366246 0.0112037 -0.00346045 0.999931 0.023994 0.0 0.0 0.0 1.0
pumpkin/seq-02/color/frame-000171.color.png pumpkin/seq-02/color/frame-000174.color.png 0.999941 0.00954991 0.00520571 0.00792384 -0.00941314 0.999626 -0.0256839 -0.0110934 -0.00544901 0.0256334 0.999657 0.0324556 0.0 0.0 0.0 1.0
pumpkin/seq-02/color/frame-000174.color.png pumpkin/seq-02/color/frame-000177.color.png 0.999989 -0.00385198 -0.00288705 0.0124014 0.00386709 0.999978 0.00527751 -0.02474 0.00286667 -0.00528863 0.999982 0.0225859 0.0 0.0 0.0 1.0
pumpkin/seq-02/color/frame-000177.color.png pumpkin/seq-02/color/frame-000180.color.png 0.999994 0.0015061 -0.00301741 0.00459337 -0.00149018 0.999985 0.00523176 -0.0191102 0.00302522 -0.00522723 0.999982 0.0241928 0.0 0.0 0.0 1.0
pumpkin/seq-02/color/frame-000180.color.png pumpkin/seq-02/color/frame-000183.color.png 0.999944 0.00463514 -0.00949185 0.0390246 -0.004738 0.99993 -0.0108417 0.0366936 0.009441 0.0108861 0.999896 0.024856 0.0 0.0 0.0 1.0
pumpkin/seq-02/color/frame-000183.color.png pumpkin/seq-02/color/frame-000186.color.png 0.999978 -0.00633703 -0.00199096 -0.0188305 0.00632661 0.999967 -0.00519802 -0.036839 0.00202383 0.0051853 0.999985 0.0187259 0.0 0.0 0.0 1.0
pumpkin/seq-02/color/frame-000186.color.png pumpkin/seq-02/color/frame-000189.color.png 0.999886 -0.00685908 -0.0134702 0.00298285 0.0066923 0.999901 -0.0123929 0.00356871 0.0135538 0.0123014 0.999833 0.0176221 0.0 0.0 0.0 1.0
pumpkin/seq-02/color/frame-000189.color.png pumpkin/seq-02/color/frame-000192.color.png 0.999774 -0.0197509 -0.00786481 -0.0132363 0.0197913 0.999791 0.00509367 -0.0247703 0.00776251 -0.00524817 0.999956 0.0102355 0.0 0.0 0.0 1.0
pumpkin/seq-02/color/frame-000192.color.png pumpkin/seq-02/color/frame-000195.color.png 0.999696 -0.024639 -0.00100841 -0.00232548 0.024637 0.999694 -0.00193242 -0.00426835 0.00105575 0.00190698 0.999998 0.0187576 0.0 0.0 0.0 1.0
pumpkin/seq-02/color/frame-000195.color.png pumpkin/seq-02/color/frame-000198.color.png 0.994674 -0.0440768 0.0931706 0.0170505 0.0423256 0.99889 0.0206896 -0.00506967 -0.0939791 -0.0166359 0.995435 0.0765324 0.0 0.0 0.0 1.0
pumpkin/seq-02/color/frame-000198.color.png pumpkin/seq-02/color/frame-000201.color.png 0.99791 -0.063472 -0.0121016 -0.0464759 0.0640666 0.996284 0.0575569 -0.0653002 0.00840343 -0.0582119 0.998269 -0.010754 0.0 0.0 0.0 1.0
pumpkin/seq-02/color/frame-000201.color.png pumpkin/seq-02/color/frame-000204.color.png 0.999452 0.0135486 0.0302079 -0.00444269 -0.0139327 0.999824 0.0125425 0.00297445 -0.0300326 -0.0129565 0.999465 0.0155382 0.0 0.0 0.0 1.0
pumpkin/seq-02/color/frame-000204.color.png pumpkin/seq-02/color/frame-000207.color.png 0.999926 -0.0116312 -0.00364801 0.0351031 0.0115989 0.999895 -0.00873141 0.0110829 0.00374919 0.00868845 0.999955 0.0197951 0.0 0.0 0.0 1.0
pumpkin/seq-02/color/frame-000207.color.png pumpkin/seq-02/color/frame-000210.color.png 0.998386 0.00300657 0.0567143 -0.0116325 -0.00309865 0.999994 0.0015356 0.00961584 -0.0567093 -0.00170887 0.998389 0.0403898 0.0 0.0 0.0 1.0
pumpkin/seq-02/color/frame-000210.color.png pumpkin/seq-02/color/frame-000213.color.png 0.999605 -0.027713 0.00463993 0.0025937 0.0276078 0.99939 0.0213898 -0.0352468 -0.00522988 -0.0212533 0.99976 0.00333431 0.0 0.0 0.0 1.0
pumpkin/seq-02/color/frame-000213.color.png pumpkin/seq-02/color/frame-000216.color.png 0.998404 1.92897e-05 0.056471 -0.00386041 0.000629477 0.999934 -0.0114708 -0.0123451 -0.0564675 0.011488 0.998338 0.0550643 0.0 0.0 0.0 1.0
pumpkin/seq-02/color/frame-000216.color.png pumpkin/seq-02/color/frame-000219.color.png 0.999839 -0.0151514 0.00966943 0.0224641 0.0154215 0.999475 -0.0284969 -0.0332372 -0.00923258 0.0286414 0.999547 0.0378723 0.0 0.0 0.0 1.0
pumpkin/seq-02/color/frame-000219.color.png pumpkin/seq-02/color/frame-000222.color.png 0.999106 0.0194728 0.0375259 0.0128182 -0.0183675 0.999394 -0.0295774 -0.00633097 -0.0380791 0.0288617 0.998858 0.0224609 0.0 0.0 0.0 1.0
pumpkin/seq-02/color/frame-000222.color.png pumpkin/seq-02/color/frame-000225.color.png 0.999501 -0.000395278 0.0315737 -0.0162501 0.00164524 0.999216 -0.0395716 -0.00819349 -0.0315333 0.0396038 0.998718 0.0548287 0.0 0.0 0.0 1.0
pumpkin/seq-02/color/frame-000225.color.png pumpkin/seq-02/color/frame-000228.color.png 0.99974 -0.00210966 0.0226868 0.0125908 0.0028402 0.999477 -0.0322174 -0.0106153 -0.022607 0.0322735 0.999223 0.0226047 0.0 0.0 0.0 1.0
pumpkin/seq-02/color/frame-000228.color.png pumpkin/seq-02/color/frame-000231.color.png 0.99993 -0.00350504 0.0113198 -0.00291598 0.00373702 0.999782 -0.0205384 -0.0200426 -0.0112453 0.0205792 0.999725 0.010185 0.0 0.0 0.0 1.0
pumpkin/seq-02/color/frame-000231.color.png pumpkin/seq-02/color/frame-000234.color.png 0.999353 0.0194022 0.0303016 0.0245001 -0.0183783 0.999263 -0.0337105 0.0224654 -0.0309334 0.0331318 0.998972 0.0385127 0.0 0.0 0.0 1.0
pumpkin/seq-02/color/frame-000234.color.png pumpkin/seq-02/color/frame-000237.color.png 0.999983 -0.00175528 -0.00557739 -0.0221435 0.00159429 0.999586 -0.0287396 -0.00144196 0.00562555 0.0287303 0.999571 0.01118 0.0 0.0 0.0 1.0
pumpkin/seq-02/color/frame-000237.color.png pumpkin/seq-02/color/frame-000240.color.png 0.999082 0.0415713 0.0103119 0.0404688 -0.0410745 0.998167 -0.0444463 0.00120097 -0.0121407 0.0439819 0.998959 0.0119202 0.0 0.0 0.0 1.0
pumpkin/seq-02/color/frame-000240.color.png pumpkin/seq-02/color/frame-000243.color.png 0.999602 0.000763549 -0.0282187 -0.00839585 -0.00134997 0.999783 -0.0207679 0.000749171 0.0281967 0.0207977 0.999386 -0.0220489 0.0 0.0 0.0 1.0
pumpkin/seq-02/color/frame-000243.color.png pumpkin/seq-02/color/frame-000246.color.png 0.999527 0.0295076 0.00863835 0.00462025 -0.0291864 0.998954 -0.03521 0.0164831 -0.00966826 0.0349412 0.999343 0.0234191 0.0 0.0 0.0 1.0
pumpkin/seq-02/color/frame-000246.color.png pumpkin/seq-02/color/frame-000249.color.png 0.999681 0.0211994 -0.0137561 0.00655705 -0.0216192 0.999282 -0.0311189 0.00618678 0.0130866 0.0314064 0.999421 0.0025627 0.0 0.0 0.0 1.0
pumpkin/seq-02/color/frame-000249.color.png pumpkin/seq-02/color/frame-000252.color.png 0.999942 0.0098694 -0.00426644 0.00356811 -0.00997784 0.999607 -0.026191 0.00824291 0.00400628 0.0262321 0.999648 0.00846079 0.0 0.0 0.0 1.0
pumpkin/seq-02/color/frame-000252.color.png pumpkin/seq-02/color/frame-000255.color.png 0.999856 0.0168432 0.002215 0.0148225 -0.0167936 0.999643 -0.0207841 -0.00663352 -0.00256427 0.0207439 0.999782 0.00288257 0.0 0.0 0.0 1.0
pumpkin/seq-02/color/frame-000255.color.png pumpkin/seq-02/color/frame-000258.color.png 0.999676 0.019368 -0.0165002 -0.000723064 -0.0196156 0.999695 -0.0149793 0.00614238 0.016205 0.0152981 0.999752 -0.0125161 0.0 0.0 0.0 1.0
pumpkin/seq-02/color/frame-000258.color.png pumpkin/seq-02/color/frame-000261.color.png 0.99888 0.0194526 -0.0431251 0.0290199 -0.0183189 0.99948 0.0265281 -0.0130199 0.0436187 -0.0257085 0.998717 -0.0804265 0.0 0.0 0.0 1.0
pumpkin/seq-02/color/frame-000261.color.png pumpkin/seq-02/color/frame-000264.color.png 0.99964 -0.00100799 -0.0268241 -0.0401263 0.00133888 0.999923 0.0123215 0.023801 0.0268096 -0.0123529 0.999564 -0.00936636 0.0 0.0 0.0 1.0
pumpkin/seq-02/color/frame-000264.color.png pumpkin/seq-02/color/frame-000267.color.png 0.998935 0.0308482 -0.0342945 0.00835216 -0.0301849 0.99935 0.0196921 0.00747555 0.0348797 -0.0186359 0.999218 -0.0465772 0.0 0.0 0.0 1.0
pumpkin/seq-02/color/frame-000267.color.png pumpkin/seq-02/color/frame-000270.color.png 0.997814 0.0519688 -0.0408204 0.00833488 -0.0513919 0.998565 0.0150568 0.064359 0.0415444 -0.0129261 0.999053 -0.0377678 0.0 0.0 0.0 1.0
pumpkin/seq-02/color/frame-000270.color.png pumpkin/seq-02/color/frame-000273.color.png 0.998692 0.0110505 -0.0499314 -0.0146015 -0.00895587 0.999078 0.04198 -0.00056541 0.0503493 -0.0414779 0.99787 -0.063803 0.0 0.0 0.0 1.0
pumpkin/seq-02/color/frame-000273.color.png pumpkin/seq-02/color/frame-000276.color.png 0.998808 0.0288923 -0.039352 -0.00586444 -0.0283046 0.999481 0.0154093 0.0563685 0.0397768 -0.014277 0.999107 -0.0347253 0.0 0.0 0.0 1.0
pumpkin/seq-02/color/frame-000276.color.png pumpkin/seq-02/color/frame-000279.color.png 0.998865 0.020854 -0.0428104 -0.0179287 -0.0202891 0.999702 0.0135899 0.0255822 0.0430811 -0.0127059 0.998991 -0.0428724 0.0 0.0 0.0 1.0
pumpkin/seq-02/color/frame-000279.color.png pumpkin/seq-02/color/frame-000282.color.png 0.997501 0.0169433 -0.0685859 0.00937027 -0.0161232 0.999792 0.0124941 0.0244136 0.0687833 -0.011357 0.997567 -0.0483299 0.0 0.0 0.0 1.0
pumpkin/seq-02/color/frame-000282.color.png pumpkin/seq-02/color/frame-000285.color.png 0.998903 0.011051 -0.0455116 -0.0491903 -0.0103549 0.999826 0.0155049 0.0171467 0.0456751 -0.0150166 0.998843 -0.0691355 0.0 0.0 0.0 1.0
pumpkin/seq-02/color/frame-000285.color.png pumpkin/seq-02/color/frame-000288.color.png 0.999073 0.0291294 -0.0316825 -0.0148789 -0.0293883 0.999538 -0.00774338 0.0320656 0.0314423 0.00866729 0.999468 -0.0292626 0.0 0.0 0.0 1.0
pumpkin/seq-02/color/frame-000288.color.png pumpkin/seq-02/color/frame-000291.color.png 0.999459 0.00664849 -0.0322211 0.00821 -0.00656058 0.999974 0.00283805 -0.0013985 0.0322391 -0.00262512 0.999477 -0.0313863 0.0 0.0 0.0 1.0
pumpkin/seq-02/color/frame-000291.color.png pumpkin/seq-02/color/frame-000294.color.png 0.999741 -0.0202399 0.0104121 -0.0280054 0.020285 0.999785 -0.00423065 -0.00439179 -0.0103243 0.00444074 0.999937 -0.00381136 0.0 0.0 0.0 1.0
pumpkin/seq-02/color/frame-000294.color.png pumpkin/seq-02/color/frame-000297.color.png 0.998658 -0.0152219 0.0495098 0.0325124 0.0148015 0.999851 0.00884728 0.0128499 -0.0496371 -0.00810257 0.998735 0.0517647 0.0 0.0 0.0 1.0
pumpkin/seq-02/color/frame-000297.color.png pumpkin/seq-02/color/frame-000300.color.png 0.998408 -0.0479442 0.029705 0.0670941 0.0472344 0.998592 0.0241497 -0.0206836 -0.0308209 -0.0227081 0.999267 0.047695 0.0 0.0 0.0 1.0
pumpkin/seq-02/color/frame-000300.color.png pumpkin/seq-02/color/frame-000303.color.png 0.999213 -0.0271099 0.0289716 0.00406784 0.0272358 0.999621 -0.00395985 -0.0181141 -0.0288533 0.00474584 0.999572 0.0196838 0.0 0.0 0.0 1.0
pumpkin/seq-02/color/frame-000303.color.png pumpkin/seq-02/color/frame-000306.color.png 0.999533 -0.0285242 0.0110014 -0.0420707 0.0286271 0.999547 -0.00930382 0.00169379 -0.0107311 0.00961436 0.999896 -0.00128102 0.0 0.0 0.0 1.0
pumpkin/seq-02/color/frame-000306.color.png pumpkin/seq-02/color/frame-000309.color.png 0.999895 -0.00893145 0.0114169 0.0303912 0.00904291 0.999912 -0.00974942 -0.0325374 -0.0113288 0.00985164 0.999887 0.020138 0.0 0.0 0.0 1.0
pumpkin/seq-02/color/frame-000309.color.png pumpkin/seq-02/color/frame-000312.color.png 0.999828 -0.00107506 0.0184954 -0.0116867 0.00155851 0.999657 -0.0261448 -0.0160499 -0.0184609 0.0261692 0.999487 0.0211158 0.0 0.0 0.0 1.0
pumpkin/seq-02/color/frame-000312.color.png pumpkin/seq-02/color/frame-000315.color.png 0.997896 -0.0373335 0.053016 -0.0196099 0.0371486 0.9993 0.00446896 -0.0363419 -0.0531457 -0.00249006 0.998584 0.0336919 0.0 0.0 0.0 1.0
pumpkin/seq-02/color/frame-000315.color.png pumpkin/seq-02/color/frame-000318.color.png 0.993529 -0.0491026 0.102415 -0.0573016 0.0495029 0.998773 -0.00136915 -0.0314955 -0.102222 0.00643009 0.994741 0.0712372 0.0 0.0 0.0 1.0
pumpkin/seq-02/color/frame-000318.color.png pumpkin/seq-02/color/frame-000321.color.png 0.997603 -0.0288991 0.0628788 -0.000802219 0.0288987 0.999582 0.000915783 -0.0367777 -0.0628789 0.000903509 0.998021 0.0342241 0.0 0.0 0.0 1.0
pumpkin/seq-02/color/frame-000321.color.png pumpkin/seq-02/color/frame-000324.color.png 0.999322 -0.0242425 0.0277211 -0.0361438 0.0248736 0.999434 -0.0226487 -0.0017736 -0.0271563 0.0233228 0.999359 0.027056 0.0 0.0 0.0 1.0
pumpkin/seq-02/color/frame-000324.color.png pumpkin/seq-02/color/frame-000327.color.png 0.999972 -0.00453792 0.00598748 -0.0325504 0.00453029 0.999989 0.00128941 -0.00613868 -0.00599322 -0.00126221 0.999981 0.00381017 0.0 0.0 0.0 1.0
pumpkin/seq-02/color/frame-000327.color.png pumpkin/seq-02/color/frame-000330.color.png 0.999931 0.0112242 0.00352551 -0.0108776 -0.0113016 0.999677 0.022765 0.0250629 -0.00326886 -0.0228032 0.999735 -0.0037908 0.0 0.0 0.0 1.0
pumpkin/seq-02/color/frame-000330.color.png pumpkin/seq-02/color/frame-000333.color.png 0.999834 0.018242 -0.000614435 0.0193725 -0.0182297 0.999703 0.0161472 0.0175055 0.000908802 -0.0161334 0.999869 -0.00655591 0.0 0.0 0.0 1.0
pumpkin/seq-02/color/frame-000333.color.png pumpkin/seq-02/color/frame-000336.color.png 0.999759 -0.00967611 -0.0197134 -0.0149003 0.00980549 0.999931 0.00647649 0.000855207 0.0196494 -0.0066682 0.999785 -0.0168362 0.0 0.0 0.0 1.0
pumpkin/seq-02/color/frame-000336.color.png pumpkin/seq-02/color/frame-000339.color.png 0.999891 -0.0111858 -0.0095922 -0.0124278 0.0111832 0.999937 -0.000322189 0.00189143 0.00959522 0.000214851 0.999954 -0.0141495 0.0 0.0 0.0 1.0
pumpkin/seq-02/color/frame-000339.color.png pumpkin/seq-02/color/frame-000342.color.png 0.999803 0.0145112 0.013518 0.0226634 -0.0144794 0.999892 -0.00244372 0.00997308 -0.0135521 0.00224757 0.999906 0.0139778 0.0 0.0 0.0 1.0
pumpkin/seq-02/color/frame-000342.color.png pumpkin/seq-02/color/frame-000345.color.png 0.999909 0.00882387 0.0101695 -0.0309211 -0.0088181 0.999961 -0.000607409 -0.00234497 -0.0101745 0.000517665 0.999948 0.005961 0.0 0.0 0.0 1.0
pumpkin/seq-02/color/frame-000345.color.png pumpkin/seq-02/color/frame-000348.color.png 0.999852 -0.00627681 0.0159949 -0.0325675 0.00623761 0.999977 0.00250029 0.000756681 -0.0160102 -0.00240017 0.999869 0.00888413 0.0 0.0 0.0 1.0
pumpkin/seq-02/color/frame-000348.color.png pumpkin/seq-02/color/frame-000351.color.png 0.999547 -0.0191261 0.0232617 -0.0332904 0.0189612 0.999794 0.00729151 -0.00764987 -0.0233964 -0.00684711 0.999703 0.0238172 0.0 0.0 0.0 1.0
pumpkin/seq-02/color/frame-000351.color.png pumpkin/seq-02/color/frame-000354.color.png 0.999691 -0.00703839 0.0238376 -0.0401817 0.00710154 0.999972 -0.00256405 -0.00334343 -0.0238188 0.0027325 0.999713 0.0289372 0.0 0.0 0.0 1.0
pumpkin/seq-02/color/frame-000354.color.png pumpkin/seq-02/color/frame-000357.color.png 0.999756 0.00058752 0.0220639 -0.0279575 -0.00074695 0.999974 0.00721814 -0.00909215 -0.0220591 -0.00723287 0.99973 0.0192266 0.0 0.0 0.0 1.0
pumpkin/seq-02/color/frame-000357.color.png pumpkin/seq-02/color/frame-000360.color.png 0.999755 -0.00705937 0.0209987 -0.0255401 0.00706457 0.999975 -0.000174344 -0.00479972 -0.020997 0.00032268 0.99978 0.0212562 0.0 0.0 0.0 1.0
pumpkin/seq-02/color/frame-000360.color.png pumpkin/seq-02/color/frame-000363.color.png 0.998909 -0.00218209 0.0466467 -0.0534321 0.00183127 0.99997 0.00756253 0.015405 -0.0466618 -0.00746886 0.998883 0.040731 0.0 0.0 0.0 1.0
pumpkin/seq-02/color/frame-000363.color.png pumpkin/seq-02/color/frame-000366.color.png 0.99952 -0.000929036 0.0309599 -0.0424117 0.000932402 0.999999 -9.47895e-05 0.00766033 -0.0309597 0.000123592 0.999521 0.0235465 0.0 0.0 0.0 1.0
pumpkin/seq-02/color/frame-000366.color.png pumpkin/seq-02/color/frame-000369.color.png 0.999801 -0.00524984 0.0192131 -0.0557103 0.00491113 0.999833 0.0176354 0.0109004 -0.0193025 -0.0175375 0.99966 0.0118538 0.0 0.0 0.0 1.0
pumpkin/seq-02/color/frame-000369.color.png pumpkin/seq-02/color/frame-000372.color.png 0.999716 0.00726116 -0.0227097 0.0107626 -0.00730654 0.999972 -0.00191593 0.000352681 0.0226951 0.00208132 0.99974 -0.0048407 0.0 0.0 0.0 1.0
pumpkin/seq-02/color/frame-000372.color.png pumpkin/seq-02/color/frame-000375.color.png 0.999557 0.0297369 0.000734151 -0.0328981 -0.0297404 0.999543 0.00543482 0.000849634 -0.000572236 -0.00545424 0.999985 0.0135166 0.0 0.0 0.0 1.0
pumpkin/seq-02/color/frame-000375.color.png pumpkin/seq-02/color/frame-000378.color.png 0.999739 0.00294875 -0.0226353 -0.0295018 -0.00322743 0.999919 -0.0122849 0.0218421 0.0225973 0.0123547 0.999668 0.00773478 0.0 0.0 0.0 1.0
pumpkin/seq-02/color/frame-000378.color.png pumpkin/seq-02/color/frame-000381.color.png 0.999956 -0.00719869 -0.00598826 -0.0293159 0.00730832 0.999802 0.0184976 -0.00136128 0.00585389 -0.0185405 0.999811 -0.008715 0.0 0.0 0.0 1.0
pumpkin/seq-02/color/frame-000381.color.png pumpkin/seq-02/color/frame-000384.color.png 0.999199 0.0161591 0.0366132 0.0012208 -0.0160673 0.999867 -0.00279743 0.0253704 -0.0366536 0.00220692 0.999326 0.0222508 0.0 0.0 0.0 1.0
pumpkin/seq-02/color/frame-000384.color.png pumpkin/seq-02/color/frame-000387.color.png 0.999939 -0.00905135 0.00624596 -0.0132067 0.00900687 0.999934 0.00712229 -0.00996789 -0.00630997 -0.00706556 0.999955 0.00773925 0.0 0.0 0.0 1.0
pumpkin/seq-02/color/frame-000387.color.png pumpkin/seq-02/color/frame-000390.color.png 0.999769 -0.0126815 0.0173498 -0.0333968 0.012431 0.999818 0.0144713 -0.00127617 -0.0175302 -0.0142523 0.999745 0.018418 0.0 0.0 0.0 1.0
pumpkin/seq-02/color/frame-000390.color.png pumpkin/seq-02/color/frame-000393.color.png 0.999874 0.00929896 0.012832 0.0103039 -0.00922486 0.999941 -0.00581939 -0.00317702 -0.0128852 0.00570031 0.999901 0.0198427 0.0 0.0 0.0 1.0
pumpkin/seq-02/color/frame-000393.color.png pumpkin/seq-02/color/frame-000396.color.png 0.999949 0.00226742 0.00987945 -0.00392371 -0.00212888 0.9999 -0.0140125 -0.0138827 -0.00991031 0.0139908 0.999853 0.0273076 0.0 0.0 0.0 1.0
pumpkin/seq-02/color/frame-000396.color.png pumpkin/seq-02/color/frame-000399.color.png 0.999974 -0.00540935 -0.00471841 -0.0191278 0.00524489 0.999401 -0.0341958 -0.000579447 0.00490064 0.0341702 0.999404 0.0389127 0.0 0.0 0.0 1.0
pumpkin/seq-02/color/frame-000399.color.png pumpkin/seq-02/color/frame-000402.color.png 0.999368 -0.0310002 0.017379 -0.0346012 0.0309685 0.999518 0.00209096 -0.0343475 -0.0174355 -0.00155144 0.999847 0.0269203 0.0 0.0 0.0 1.0
pumpkin/seq-02/color/frame-000402.color.png pumpkin/seq-02/color/frame-000405.color.png 0.999778 0.000264971 0.0210771 -0.00839922 -0.000553456 0.999906 0.0136823 0.00102425 -0.0210715 -0.013691 0.999684 0.0206166 0.0 0.0 0.0 1.0
pumpkin/seq-02/color/frame-000405.color.png pumpkin/seq-02/color/frame-000408.color.png 0.999984 0.00199595 0.00525402 -0.0250199 -0.00207988 0.999869 0.0160169 -0.00374776 -0.00522136 -0.0160276 0.999858 0.0329891 0.0 0.0 0.0 1.0
pumpkin/seq-02/color/frame-000408.color.png pumpkin/seq-02/color/frame-000411.color.png 0.999503 -0.0275036 -0.0154309 -0.0236094 0.0275211 0.999621 0.000928629 -0.00138611 0.0153996 -0.00135287 0.999881 0.0210737 0.0 0.0 0.0 1.0
pumpkin/seq-02/color/frame-000411.color.png pumpkin/seq-02/color/frame-000414.color.png 0.999094 -0.0370054 -0.0210382 -0.0323021 0.0369997 0.999315 -0.000659438 -0.0112832 0.0210482 -0.000119565 0.999778 0.034206 0.0 0.0 0.0 1.0
pumpkin/seq-02/color/frame-000414.color.png pumpkin/seq-02/color/frame-000417.color.png 0.999688 -0.021705 0.0123875 -0.0385559 0.0219017 0.999633 -0.0159689 -0.00109005 -0.0120363 0.0162352 0.999796 0.0412222 0.0 0.0 0.0 1.0
pumpkin/seq-02/color/frame-000417.color.png pumpkin/seq-02/color/frame-000420.color.png 0.999353 -0.0359332 0.00121135 -0.0335258 0.03595 0.999164 -0.0194561 -0.00300741 -0.000511228 0.0194871 0.99981 0.036492 0.0 0.0 0.0 1.0
pumpkin/seq-02/color/frame-000420.color.png pumpkin/seq-02/color/frame-000423.color.png 0.999207 -0.0378274 -0.0124677 -0.0321918 0.0375513 0.99906 -0.0216786 0.0154212 0.0132761 0.0211932 0.999687 0.0459237 0.0 0.0 0.0 1.0
pumpkin/seq-02/color/frame-000423.color.png pumpkin/seq-02/color/frame-000426.color.png 0.999814 -0.0176969 0.00765473 -0.0203599 0.0176772 0.99984 0.0026434 0.00604188 -0.0077003 -0.00250761 0.999967 0.0266106 0.0 0.0 0.0 1.0
pumpkin/seq-02/color/frame-000426.color.png pumpkin/seq-02/color/frame-000429.color.png 0.999789 -0.00419386 0.0201085 -0.0281702 0.00388081 0.999871 0.015581 -0.00301033 -0.0201712 -0.0154997 0.999676 0.0233865 0.0 0.0 0.0 1.0
pumpkin/seq-02/color/frame-000429.color.png pumpkin/seq-02/color/frame-000432.color.png 0.999834 -0.00936782 0.0156065 -0.0269902 0.00914792 0.999859 0.014103 -3.89218e-05 -0.0157364 -0.0139579 0.999779 0.0193547 0.0 0.0 0.0 1.0
pumpkin/seq-02/color/frame-000432.color.png pumpkin/seq-02/color/frame-000435.color.png 0.999899 -0.0111306 0.00887484 -0.0226671 0.0110309 0.999876 0.0112008 0.000141442 -0.00899836 -0.0111017 0.999898 0.0226831 0.0 0.0 0.0 1.0
pumpkin/seq-02/color/frame-000435.color.png pumpkin/seq-02/color/frame-000438.color.png 0.999582 -0.0285989 0.00429391 -0.0255174 0.0285547 0.999542 0.010031 0.00509393 -0.00457883 -0.00990421 0.99994 0.0171033 0.0 0.0 0.0 1.0
pumpkin/seq-02/color/frame-000438.color.png pumpkin/seq-02/color/frame-000441.color.png 0.99991 -0.0133229 -0.00149228 0.00270534 0.0133357 0.999871 0.00895057 -0.00687438 0.0013729 -0.00896966 0.999959 0.0128833 0.0 0.0 0.0 1.0
pumpkin/seq-02/color/frame-000441.color.png pumpkin/seq-02/color/frame-000444.color.png 0.999283 -0.0249963 -0.0284261 -0.0264896 0.0249339 0.999686 -0.00254856 0.0173351 0.0284808 0.00183797 0.999593 0.0330386 0.0 0.0 0.0 1.0
pumpkin/seq-02/color/frame-000444.color.png pumpkin/seq-02/color/frame-000447.color.png 0.99964 0.010868 -0.0245183 0.0129867 -0.0111264 0.999884 -0.0104304 0.0106539 0.0244021 0.0106994 0.999645 0.0337332 0.0 0.0 0.0 1.0
pumpkin/seq-02/color/frame-000447.color.png pumpkin/seq-02/color/frame-000450.color.png 0.999397 -0.00649659 -0.0340998 0.0319306 0.00612909 0.999922 -0.0108708 0.0195132 0.0341678 0.0106552 0.999359 0.0277446 0.0 0.0 0.0 1.0
pumpkin/seq-02/color/frame-000450.color.png pumpkin/seq-02/color/frame-000453.color.png 0.999626 0.016244 0.0220013 0.00222562 -0.0160642 0.999836 -0.00832491 0.00196138 -0.0221329 0.00796837 0.999723 0.0343572 0.0 0.0 0.0 1.0
pumpkin/seq-02/color/frame-000453.color.png pumpkin/seq-02/color/frame-000456.color.png 0.999923 -0.0119032 -0.00354218 0.0244763 0.0118702 0.999887 -0.00921716 -0.0153951 0.00365144 0.00917441 0.999951 0.0133829 0.0 0.0 0.0 1.0
pumpkin/seq-02/color/frame-000456.color.png pumpkin/seq-02/color/frame-000459.color.png 0.999968 0.0051293 0.00611598 0.0146956 -0.00509931 0.999975 -0.00491164 -0.0048576 -0.006141 0.00488033 0.999969 0.00951388 0.0 0.0 0.0 1.0
pumpkin/seq-02/color/frame-000459.color.png pumpkin/seq-02/color/frame-000462.color.png 0.999852 0.0141876 -0.0096875 0.0234951 -0.0143063 0.999822 -0.0122978 0.0174606 0.00951131 0.0124346 0.999878 0.023127 0.0 0.0 0.0 1.0
pumpkin/seq-02/color/frame-000462.color.png pumpkin/seq-02/color/frame-000465.color.png 0.999895 0.00825862 -0.0119338 0.0160405 -0.00819134 0.99995 0.00567521 -0.00168985 0.0119802 -0.00557686 0.999913 0.00158551 0.0 0.0 0.0 1.0
pumpkin/seq-02/color/frame-000465.color.png pumpkin/seq-02/color/frame-000468.color.png 0.999984 0.00565452 -0.000822731 -0.00461686 -0.00565444 0.999984 0.000108028 0.00273213 0.000823372 -0.000103372 1.0 0.0143318 0.0 0.0 0.0 1.0
pumpkin/seq-02/color/frame-000468.color.png pumpkin/seq-02/color/frame-000471.color.png 0.999857 -0.0144064 0.0088144 -0.0184886 0.0144285 0.999893 -0.00244949 0.0242307 -0.00877819 0.00257632 0.999958 0.0277472 0.0 0.0 0.0 1.0
pumpkin/seq-02/color/frame-000471.color.png pumpkin/seq-02/color/frame-000474.color.png 0.999697 -0.0241136 0.0049532 -0.0185213 0.0241394 0.999695 -0.00521693 0.0155264 -0.00482585 0.00533492 0.999974 0.028048 0.0 0.0 0.0 1.0
pumpkin/seq-02/color/frame-000474.color.png pumpkin/seq-02/color/frame-000477.color.png 0.999372 -0.0108432 0.0337381 -0.0317448 0.0108815 0.99994 -0.000953899 0.000898898 -0.0337258 0.00132042 0.99943 0.0312595 0.0 0.0 0.0 1.0
pumpkin/seq-02/color/frame-000477.color.png pumpkin/seq-02/color/frame-000480.color.png 0.99948 -0.0159392 0.0280326 -0.0330589 0.0161111 0.999853 -0.00591725 0.00232059 -0.0279342 0.00636578 0.99959 0.0382147 0.0 0.0 0.0 1.0
pumpkin/seq-02/color/frame-000480.color.png pumpkin/seq-02/color/frame-000483.color.png 0.999948 -0.00994681 0.00212049 0.00818309 0.00993571 0.999937 0.00518207 -0.0118555 -0.00217187 -0.0051607 0.999984 0.0145398 0.0 0.0 0.0 1.0
pumpkin/seq-02/color/frame-000483.color.png pumpkin/seq-02/color/frame-000486.color.png 0.99879 -0.0130704 0.047401 -0.0562813 0.013811 0.999787 -0.0153313 0.014996 -0.0471904 0.0159674 0.998758 0.0491719 0.0 0.0 0.0 1.0
pumpkin/seq-02/color/frame-000486.color.png pumpkin/seq-02/color/frame-000489.color.png 0.999703 -0.00625112 0.0235595 -0.0258854 0.00611366 0.999964 0.00590342 -0.00784403 -0.0235957 -0.00575764 0.999705 0.0227253 0.0 0.0 0.0 1.0
pumpkin/seq-02/color/frame-000489.color.png pumpkin/seq-02/color/frame-000492.color.png 0.999411 -0.025446 0.0230127 -0.0443923 0.0253403 0.999667 0.00486594 -0.0116778 -0.0231288 -0.00427991 0.999723 0.032193 0.0 0.0 0.0 1.0
pumpkin/seq-02/color/frame-000492.color.png pumpkin/seq-02/color/frame-000495.color.png 0.99959 -0.0284217 -0.00336764 -0.00392307 0.0284295 0.999593 0.00229943 -0.00593588 0.00330096 -0.00239419 0.999992 0.0080381 0.0 0.0 0.0 1.0
pumpkin/seq-02/color/frame-000495.color.png pumpkin/seq-02/color/frame-000498.color.png 0.999679 -0.0247344 0.00542031 -0.0176057 0.0248051 0.999602 -0.0134056 0.032558 -0.00508658 0.0135357 0.999895 0.0232152 0.0 0.0 0.0 1.0
pumpkin/seq-02/color/frame-000498.color.png pumpkin/seq-02/color/frame-000501.color.png 0.999565 -0.0291493 0.00456887 -0.0270415 0.0291083 0.999537 0.00881097 0.0144882 -0.00482358 -0.00867418 0.999951 0.0109231 0.0 0.0 0.0 1.0
pumpkin/seq-02/color/frame-000501.color.png pumpkin/seq-02/color/frame-000504.color.png 0.999733 -0.016793 0.0158527 -0.0167102 0.0165375 0.999733 0.0161157 -0.0104783 -0.016119 -0.0158493 0.999745 0.00432217 0.0 0.0 0.0 1.0
pumpkin/seq-02/color/frame-000504.color.png pumpkin/seq-02/color/frame-000507.color.png 0.998092 -0.0544371 -0.0291533 -0.00608495 0.0536947 0.998227 -0.0256715 0.0207285 0.0304991 0.0240571 0.999245 0.0257754 0.0 0.0 0.0 1.0
pumpkin/seq-02/color/frame-000507.color.png pumpkin/seq-02/color/frame-000510.color.png 0.999866 -0.0112195 0.0119054 -0.0131418 0.0112999 0.999914 -0.00669604 0.00285435 -0.0118294 0.00682967 0.999907 0.00692481 0.0 0.0 0.0 1.0
pumpkin/seq-02/color/frame-000510.color.png pumpkin/seq-02/color/frame-000513.color.png 0.999017 -0.0437994 -0.00687613 -0.0255738 0.0436198 0.99875 -0.0244005 0.0424755 0.00793638 0.0240766 0.999679 0.0283424 0.0 0.0 0.0 1.0
pumpkin/seq-02/color/frame-000513.color.png pumpkin/seq-02/color/frame-000516.color.png 0.999586 -0.0256001 -0.0131165 -0.00185679 0.0253479 0.999497 -0.0190427 0.0198495 0.0135974 0.0187023 0.999733 0.017987 0.0 0.0 0.0 1.0
pumpkin/seq-02/color/frame-000516.color.png pumpkin/seq-02/color/frame-000519.color.png 0.999993 0.00147355 0.00356673 -0.000250906 -0.00132928 0.999194 -0.0401241 0.0402122 -0.003623 0.040119 0.999188 0.014368 0.0 0.0 0.0 1.0
pumpkin/seq-02/color/frame-000519.color.png pumpkin/seq-02/color/frame-000522.color.png 0.999787 -0.0200019 0.00512726 -0.019267 0.0203177 0.99723 -0.071557 0.0621211 -0.00368165 0.0716459 0.997423 0.0378904 0.0 0.0 0.0 1.0
pumpkin/seq-02/color/frame-000522.color.png pumpkin/seq-02/color/frame-000525.color.png 0.999901 -0.00840495 -0.0112866 0.00742236 0.00774209 0.998313 -0.0575485 0.0273597 0.0117512 0.0574554 0.998279 0.00984669 0.0 0.0 0.0 1.0
