office/seq-01/color/frame-000000.color.png office/seq-01/color/frame-000003.color.png 0.999997 -0.0024516 0.000857172 -0.00261057 0.00245324 0.999995 -0.00191821 0.00225154 -0.000852466 0.0019203 0.999998 0.0013424 0.0 0.0 0.0 1.0
office/seq-01/color/frame-000001.color.png office/seq-01/color/frame-000004.color.png 0.999993 -0.00385584 0.000282604 -0.00169223 0.00385571 0.999992 0.00045381 0.00324696 -0.000284351 -0.000452717 1.0 0.00257956 0.0 0.0 0.0 1.0
office/seq-01/color/frame-000002.color.png office/seq-01/color/frame-000005.color.png 0.999991 -0.00408444 0.000509252 -0.00317663 0.00408265 0.999986 0.00345508 0.000668166 -0.000523357 -0.00345297 0.999994 0.00389036 0.0 0.0 0.0 1.0
office/seq-01/color/frame-000003.color.png office/seq-01/color/frame-000006.color.png 0.999993 -0.0033447 -0.00149081 -0.00258579 0.0033518 0.999983 0.00478042 -0.000116152 0.0014748 -0.00478538 0.999987 0.00438207 0.0 0.0 0.0 1.0
office/seq-01/color/frame-000004.color.png office/seq-01/color/frame-000007.color.png 0.999981 -0.00392886 -0.00480309 0.000134254 0.00396079 0.99997 0.00665665 -0.000207236 0.00477679 -0.00667555 0.999966 0.00351586 0.0 0.0 0.0 1.0
office/seq-01/color/frame-000005.color.png office/seq-01/color/frame-000008.color.png 0.999989 -0.0036626 -0.00311821 0.00022179 0.0036932 0.999945 0.00986271 0.000479341 0.00308191 -0.00987411 0.999946 0.00551903 0.0 0.0 0.0 1.0
office/seq-01/color/frame-000006.color.png office/seq-01/color/frame-000009.color.png 0.999969 -0.00787935 -5.10764e-05 0.000973176 0.00787935 0.999885 0.0129916 -0.00309179 -5.12947e-05 -0.0129916 0.999916 0.00770515 0.0 0.0 0.0 1.0
office/seq-01/color/frame-000007.color.png office/seq-01/color/frame-000010.color.png 0.99995 -0.00898589 0.00435124 -0.00303079 0.00893098 0.999882 0.0124785 -0.00454376 -0.00446285 -0.012439 0.999913 0.00944991 0.0 0.0 0.0 1.0
office/seq-01/color/frame-000008.color.png office/seq-01/color/frame-000011.color.png 0.999937 -0.0101325 0.00476902 -0.00396467 0.0100858 0.999902 0.009727 -0.00490593 -0.00486711 -0.00967829 0.999941 0.010715 0.0 0.0 0.0 1.0
office/seq-01/color/frame-000009.color.png office/seq-01/color/frame-000012.color.png 0.999945 -0.0095543 0.0042993 -0.00396541 0.00952593 0.999933 0.00657323 -0.00529434 -0.00436181 -0.00653191 0.999969 0.00895077 0.0 0.0 0.0 1.0
office/seq-01/color/frame-000010.color.png office/seq-01/color/frame-000013.color.png 0.999932 -0.0106657 0.00470201 -0.0040441 0.0106341 0.999921 0.00669765 -0.00627573 -0.00477308 -0.00664719 0.999967 0.00863596 0.0 0.0 0.0 1.0
office/seq-01/color/frame-000011.color.png office/seq-01/color/frame-000014.color.png 0.999903 -0.0132435 0.00427457 -0.00240915 0.0132137 0.999889 0.00694389 -0.00643852 -0.00436606 -0.00688673 0.999967 0.00854187 0.0 0.0 0.0 1.0
office/seq-01/color/frame-000012.color.png office/seq-01/color/frame-000015.color.png 0.999862 -0.0158647 0.00488534 -0.00477761 0.0158318 0.999852 0.00668678 -0.00544447 -0.0049907 -0.00660852 0.999966 0.0116949 0.0 0.0 0.0 1.0
office/seq-01/color/frame-000013.color.png office/seq-01/color/frame-000016.color.png 0.999892 -0.0140306 0.00441938 -0.0080601 0.0140019 0.999881 0.00644747 -0.00417236 -0.00450931 -0.0063849 0.999969 0.0113727 0.0 0.0 0.0 1.0
office/seq-01/color/frame-000014.color.png office/seq-01/color/frame-000017.color.png 0.999906 -0.0134746 0.00242164 -0.00817313 0.0134554 0.999879 0.00776185 -0.00864881 -0.00252593 -0.00772854 0.999967 0.0131236 0.0 0.0 0.0 1.0
office/seq-01/color/frame-000015.color.png office/seq-01/color/frame-000018.color.png 0.999942 -0.0107365 0.000618288 -0.00647351 0.0107315 0.999914 0.00756685 -0.0108704 -0.000699477 -0.00755978 0.999971 0.0123923 0.0 0.0 0.0 1.0
office/seq-01/color/frame-000016.color.png office/seq-01/color/frame-000019.color.png 0.999956 -0.00929637 0.00102073 -0.00569401 0.00928981 0.999937 0.00625458 -0.0142702 -0.00107881 -0.00624483 0.99998 0.014957 0.0 0.0 0.0 1.0
office/seq-01/color/frame-000017.color.png office/seq-01/color/frame-000020.color.png 0.999952 -0.0096486 0.00157085 -0.0051521 0.00964425 0.99995 0.00274983 -0.00977903 -0.0015973 -0.00273455 0.999995 0.0136346 0.0 0.0 0.0 1.0
office/seq-01/color/frame-000018.color.png office/seq-01/color/frame-000021.color.png 0.999947 -0.010131 0.00152649 -0.00446299 0.0101291 0.999948 0.0012592 -0.00527039 -0.00153916 -0.00124368 0.999998 0.0118444 0.0 0.0 0.0 1.0
office/seq-01/color/frame-000019.color.png office/seq-01/color/frame-000022.color.png 0.99992 -0.0125861 0.00158148 -0.00238389 0.0125762 0.999902 0.00608782 -0.00595839 -0.00165795 -0.00606744 0.99998 0.0101695 0.0 0.0 0.0 1.0
office/seq-01/color/frame-000020.color.png office/seq-01/color/frame-000023.color.png 0.999888 -0.0138624 0.00557026 -0.00351823 0.0137972 0.999838 0.0115744 -0.00815229 -0.00572981 -0.0114962 0.999918 0.0124615 0.0 0.0 0.0 1.0
office/seq-01/color/frame-000021.color.png office/seq-01/color/frame-000024.color.png 0.999843 -0.013333 0.0117083 -0.00997435 0.0131378 0.999776 0.0165875 -0.0123958 -0.0119269 -0.0164311 0.999794 0.0174718 0.0 0.0 0.0 1.0
office/seq-01/color/frame-000022.color.png office/seq-01/color/frame-000025.color.png 0.999864 -0.0108999 0.012365 -0.011608 0.0106866 0.999795 0.0171885 -0.0150828 -0.0125498 -0.0170541 0.999776 0.0200385 0.0 0.0 0.0 1.0
office/seq-01/color/frame-000023.color.png office/seq-01/color/frame-000026.color.png 0.999924 -0.0100025 0.00725057 -0.014084 0.00989788 0.999848 0.0143235 -0.0133624 -0.00739274 -0.0142506 0.999871 0.0175575 0.0 0.0 0.0 1.0
office/seq-01/color/frame-000024.color.png office/seq-01/color/frame-000027.color.png 0.999933 -0.010849 -0.00398965 -0.00763398 0.0108967 0.999867 0.0121286 -0.00990869 0.00385753 -0.0121712 0.999919 0.0143694 0.0 0.0 0.0 1.0
office/seq-01/color/frame-000025.color.png office/seq-01/color/frame-000028.color.png 0.999916 -0.00929982 -0.00898349 -0.00449251 0.00944398 0.999825 0.016138 -0.00914443 0.00883184 -0.0162215 0.999829 0.0152519 0.0 0.0 0.0 1.0
office/seq-01/color/frame-000026.color.png office/seq-01/color/frame-000029.color.png 0.999961 -0.00690442 -0.00556051 0.00146767 0.0070154 0.999772 0.02019 -0.0120027 0.00541984 -0.0202282 0.999781 0.0150348 0.0 0.0 0.0 1.0
office/seq-01/color/frame-000027.color.png office/seq-01/color/frame-000030.color.png 0.999941 -0.00985857 0.00458011 0.000908904 0.00974174 0.999643 0.0248634 -0.0179343 -0.00482358 -0.0248173 0.99968 0.0181371 0.0 0.0 0.0 1.0
office/seq-01/color/frame-000028.color.png office/seq-01/color/frame-000031.color.png 0.999868 -0.0116094 0.0113576 -0.000977397 0.0113741 0.999723 0.0205759 -0.0187746 -0.0115934 -0.020444 0.999724 0.0222427 0.0 0.0 0.0 1.0
office/seq-01/color/frame-000029.color.png office/seq-01/color/frame-000032.color.png 0.999896 -0.0104533 0.00992637 -0.00173204 0.0103286 0.999868 0.0125278 -0.0203399 -0.010056 -0.012424 0.999872 0.0248943 0.0 0.0 0.0 1.0
office/seq-01/color/frame-000030.color.png office/seq-01/color/frame-000033.color.png 0.999966 0.00162825 0.00804439 -0.00826153 -0.00163142 0.999999 0.000387932 -0.022368 -0.00804375 -0.000401036 0.999967 0.0252239 0.0 0.0 0.0 1.0
office/seq-01/color/frame-000031.color.png office/seq-01/color/frame-000034.color.png 0.999949 0.00913651 0.00433287 -0.00532379 -0.00909466 0.999913 -0.00958738 -0.0205761 -0.00442009 0.00954747 0.999945 0.0200366 0.0 0.0 0.0 1.0
office/seq-01/color/frame-000032.color.png office/seq-01/color/frame-000035.color.png 0.999956 0.00804232 0.00492278 -0.000862341 -0.00797327 0.999872 -0.0138839 -0.00857533 -0.00503381 0.0138441 0.999892 0.0154008 0.0 0.0 0.0 1.0
office/seq-01/color/frame-000033.color.png office/seq-01/color/frame-000036.color.png 0.999943 0.00264088 0.0103892 0.000488814 -0.0025868 0.999983 -0.00521391 -0.0118761 -0.0104028 0.00518674 0.999932 0.0111272 0.0 0.0 0.0 1.0
office/seq-01/color/frame-000034.color.png office/seq-01/color/frame-000037.color.png 0.99979 -0.00703602 0.0192465 -0.00697613 0.00703526 0.999975 0.000108356 -0.00816786 -0.0192468 2.7069e-05 0.999815 0.0114004 0.0 0.0 0.0 1.0
office/seq-01/color/frame-000035.color.png office/seq-01/color/frame-000038.color.png 0.999782 -0.0106039 0.0179926 -0.00665102 0.0105221 0.999934 0.00463607 -0.00762603 -0.0180406 -0.00444572 0.999827 0.0129282 0.0 0.0 0.0 1.0
office/seq-01/color/frame-000036.color.png office/seq-01/color/frame-000039.color.png 0.999815 -0.0124828 0.0146605 -0.00763164 0.0123609 0.999889 0.00837677 -0.0122162 -0.0147635 -0.008194 0.999858 0.0176805 0.0 0.0 0.0 1.0
office/seq-01/color/frame-000037.color.png office/seq-01/color/frame-000040.color.png 0.999923 -0.00654141 0.0105855 -0.00457617 0.00648871 0.999967 0.00500494 -0.0117906 -0.0106179 -0.00493585 0.999932 0.0192837 0.0 0.0 0.0 1.0
office/seq-01/color/frame-000038.color.png office/seq-01/color/frame-000041.color.png 0.999945 -0.00204914 0.0102878 -0.00513569 0.00202475 0.999995 0.00238069 -0.0124151 -0.0102926 -0.00235974 0.999944 0.0184211 0.0 0.0 0.0 1.0
office/seq-01/color/frame-000039.color.png office/seq-01/color/frame-000042.color.png 0.999949 -0.00250884 0.00983305 -0.00195727 0.0025041 0.999997 0.000494471 -0.00353843 -0.00983426 -0.000469833 0.999951 0.0150423 0.0 0.0 0.0 1.0
office/seq-01/color/frame-000040.color.png office/seq-01/color/frame-000043.color.png 0.999928 -0.00643689 0.0101582 -0.00220371 0.00634796 0.999941 0.00876266 -0.0111548 -0.010214 -0.00869755 0.99991 0.0163906 0.0 0.0 0.0 1.0
office/seq-01/color/frame-000041.color.png office/seq-01/color/frame-000044.color.png 0.999859 -0.0113519 0.0123795 -0.00731074 0.0112143 0.999875 0.011132 -0.0176355 -0.0125043 -0.0109916 0.999861 0.0198454 0.0 0.0 0.0 1.0
office/seq-01/color/frame-000042.color.png office/seq-01/color/frame-000045.color.png 0.9999 -0.00985706 0.0101756 -0.00991413 0.00978913 0.99993 0.00670521 -0.0141314 -0.010241 -0.00660495 0.999926 0.020526 0.0 0.0 0.0 1.0
office/seq-01/color/frame-000043.color.png office/seq-01/color/frame-000046.color.png 0.999981 -0.00336759 0.00518922 -0.00471404 0.00333403 0.999974 0.00646112 -0.0160403 -0.00521084 -0.0064437 0.999966 0.016285 0.0 0.0 0.0 1.0
office/seq-01/color/frame-000044.color.png office/seq-01/color/frame-000047.color.png 0.999977 -0.00212461 0.0063937 -0.00159191 0.00207334 0.999966 0.00801234 -0.0111694 -0.0064105 -0.00799891 0.999947 0.0125175 0.0 0.0 0.0 1.0
office/seq-01/color/frame-000045.color.png office/seq-01/color/frame-000048.color.png 0.999927 -0.0049282 0.0110688 -0.00489482 0.00477065 0.999888 0.0142154 -0.0161851 -0.0111376 -0.0141615 0.999838 0.0172347 0.0 0.0 0.0 1.0
office/seq-01/color/frame-000046.color.png office/seq-01/color/frame-000049.color.png 0.999897 -0.0079704 0.0119648 -0.00658748 0.00780303 0.999872 0.013971 -0.0203267 -0.0120746 -0.0138761 0.999831 0.0233387 0.0 0.0 0.0 1.0
office/seq-01/color/frame-000047.color.png office/seq-01/color/frame-000050.color.png 0.999958 -0.00157952 0.00897914 -0.00980582 0.00150269 0.999962 0.0085573 -0.0266469 -0.0089923 -0.00854341 0.999923 0.0253134 0.0 0.0 0.0 1.0
office/seq-01/color/frame-000048.color.png office/seq-01/color/frame-000051.color.png 0.999952 0.00979902 0.000620319 0.00144463 -0.0097983 0.999951 -0.00115098 -0.0295593 -0.000631549 0.00114487 0.999999 0.024712 0.0 0.0 0.0 1.0
office/seq-01/color/frame-000049.color.png office/seq-01/color/frame-000052.color.png 0.999922 0.0124978 -0.000901112 0.00849791 -0.0125102 0.999803 -0.0153914 -0.00744106 0.000708567 0.0154014 0.999881 0.0145312 0.0 0.0 0.0 1.0
office/seq-01/color/frame-000050.color.png office/seq-01/color/frame-000053.color.png 0.999905 0.012243 0.00628721 0.00767917 -0.0122206 0.999919 -0.00360513 -0.0117681 -0.00633084 0.00352795 0.999974 0.00684413 0.0 0.0 0.0 1.0
office/seq-01/color/frame-000051.color.png office/seq-01/color/frame-000054.color.png 0.999877 -0.00347545 0.0153071 -0.00257752 0.00339834 0.999981 0.00505886 -0.00293715 -0.0153244 -0.00500622 0.99987 0.00980935 0.0 0.0 0.0 1.0
office/seq-01/color/frame-000052.color.png office/seq-01/color/frame-000055.color.png 0.999852 -0.0037986 0.0167934 -0.020235 0.00340461 0.99972 0.0234249 -0.0355608 -0.0168777 -0.0233643 0.999585 0.0206307 0.0 0.0 0.0 1.0
office/seq-01/color/frame-000053.color.png office/seq-01/color/frame-000056.color.png 0.999992 -0.00352439 -0.00168408 -0.0069304 0.00354527 0.999915 0.0125612 -0.0335303 0.00163964 -0.0125671 0.99992 0.0215643 0.0 0.0 0.0 1.0
office/seq-01/color/frame-000054.color.png office/seq-01/color/frame-000057.color.png 0.999837 0.00624446 -0.0169672 0.0124576 -0.00625881 0.99998 -0.000794705 -0.0380208 0.0169619 0.000900769 0.999856 0.0218384 0.0 0.0 0.0 1.0
office/seq-01/color/frame-000055.color.png office/seq-01/color/frame-000058.color.png 0.999745 0.0118033 -0.0192744 0.0291093 -0.0121674 0.999748 -0.0188849 -0.0174319 0.0190466 0.0191146 0.999636 0.0167129 0.0 0.0 0.0 1.0
office/seq-01/color/frame-000056.color.png office/seq-01/color/frame-000059.color.png 0.999925 0.0103463 -0.00650411 0.0229524 -0.0105059 0.999632 -0.0250138 0.00444604 0.00624292 0.0250803 0.999666 0.0184243 0.0 0.0 0.0 1.0
office/seq-01/color/frame-000057.color.png office/seq-01/color/frame-000060.color.png 0.999928 0.00952699 0.00724247 0.00567353 -0.00941326 0.999834 -0.0155784 0.0096893 -0.00738968 0.0155091 0.999852 0.01221 0.0 0.0 0.0 1.0
office/seq-01/color/frame-000058.color.png office/seq-01/color/frame-000061.color.png 0.999952 0.00721478 0.00657903 0.000983153 -0.0072137 0.999974 -0.00018837 -0.00354338 -0.00658024 0.000140895 0.999978 0.0122544 0.0 0.0 0.0 1.0
office/seq-01/color/frame-000059.color.png office/seq-01/color/frame-000062.color.png 0.99993 0.0116761 -0.00214681 0.000378888 -0.0116595 0.999903 0.00759811 -0.0183715 0.00223531 -0.00757256 0.999969 0.0121294 0.0 0.0 0.0 1.0
office/seq-01/color/frame-000060.color.png office/seq-01/color/frame-000063.color.png 0.999597 0.0206297 -0.0194851 0.0228579 -0.0204868 0.999762 0.00750271 -0.023292 0.0196353 -0.0071005 0.999782 0.0100054 0.0 0.0 0.0 1.0
office/seq-01/color/frame-000061.color.png office/seq-01/color/frame-000064.color.png 0.999501 0.0233975 -0.0212007 0.0307654 -0.0233195 0.99972 0.0039217 -0.0151189 0.0212865 -0.00342534 0.999767 0.00875869 0.0 0.0 0.0 1.0
office/seq-01/color/frame-000062.color.png office/seq-01/color/frame-000065.color.png 0.999602 0.0230224 -0.0163055 0.0362263 -0.022797 0.999644 0.0138775 -0.0260881 0.0166192 -0.0135003 0.999771 0.00671268 0.0 0.0 0.0 1.0
office/seq-01/color/frame-000063.color.png office/seq-01/color/frame-000066.color.png 0.999876 0.0148777 -0.00517412 0.0257261 -0.0147855 0.999739 0.0174309 -0.0253037 0.00543209 -0.0173522 0.999835 0.00876191 0.0 0.0 0.0 1.0
office/seq-01/color/frame-000064.color.png office/seq-01/color/frame-000067.color.png 0.999911 0.012878 -0.00358657 0.026841 -0.012784 0.999603 0.0250992 -0.0431751 0.00390837 -0.0250511 0.999679 0.00281847 0.0 0.0 0.0 1.0
office/seq-01/color/frame-000065.color.png office/seq-01/color/frame-000068.color.png 0.999939 0.0110069 -0.00129981 0.0228157 -0.0109981 0.999918 0.00659508 -0.0145497 0.0013723 -0.00658037 0.999977 0.00545821 0.0 0.0 0.0 1.0
office/seq-01/color/frame-000066.color.png office/seq-01/color/frame-000069.color.png 0.999909 0.0125631 -0.00491805 0.0301757 -0.0125377 0.999908 0.00514528 -0.0210769 0.00498225 -0.00508316 0.999975 0.00204185 0.0 0.0 0.0 1.0
office/seq-01/color/frame-000067.color.png office/seq-01/color/frame-000070.color.png 0.999871 0.0144999 -0.00695653 0.031011 -0.0145142 0.999893 -0.00201373 -0.0121106 0.0069266 0.00211444 0.999974 -0.000371367 0.0 0.0 0.0 1.0
office/seq-01/color/frame-000068.color.png office/seq-01/color/frame-000071.color.png 0.999877 0.0123181 -0.00970191 0.0289487 -0.0123714 0.999909 -0.00545609 -0.00275603 0.00963379 0.00557545 0.999938 0.00338498 0.0 0.0 0.0 1.0
office/seq-01/color/frame-000069.color.png office/seq-01/color/frame-000072.color.png 0.999873 0.0111527 -0.0114093 0.0270278 -0.011223 0.999918 -0.00611295 0.000112027 0.0113402 0.00624022 0.999916 -0.00191915 0.0 0.0 0.0 1.0
office/seq-01/color/frame-000070.color.png office/seq-01/color/frame-000073.color.png 0.999852 0.00443103 -0.0165958 0.0334023 -0.0044476 0.99999 -0.000961092 -0.00123373 0.0165913 0.00103474 0.999862 -0.00815251 0.0 0.0 0.0 1.0
office/seq-01/color/frame-000071.color.png office/seq-01/color/frame-000074.color.png 0.999798 -0.000363493 -0.0200717 0.046034 0.000673211 0.999881 0.0154265 -0.0266996 0.0200637 -0.015437 0.999679 -0.0167264 0.0 0.0 0.0 1.0
office/seq-01/color/frame-000072.color.png office/seq-01/color/frame-000075.color.png 0.999918 -0.00493451 -0.0118267 0.0386879 0.00506846 0.999923 0.0113225 -0.0125378 0.0117699 -0.0113816 0.999866 -0.015264 0.0 0.0 0.0 1.0
office/seq-01/color/frame-000073.color.png office/seq-01/color/frame-000076.color.png 0.999936 -0.00418167 -0.0104913 0.0407178 0.00435497 0.999854 0.0165497 -0.0217349 0.0104206 -0.0165943 0.999808 -0.0177623 0.0 0.0 0.0 1.0
office/seq-01/color/frame-000074.color.png office/seq-01/color/frame-000077.color.png 0.9999 -0.00113231 -0.0140724 0.047371 0.00139313 0.999827 0.0185385 -0.0258311 0.014049 -0.0185563 0.999729 -0.0173924 0.0 0.0 0.0 1.0
office/seq-01/color/frame-000075.color.png office/seq-01/color/frame-000078.color.png 0.999862 0.00177167 -0.0165416 0.0561347 -0.00146765 0.99983 0.0183729 -0.0231936 0.0165713 -0.018346 0.999694 -0.016096 0.0 0.0 0.0 1.0
office/seq-01/color/frame-000076.color.png office/seq-01/color/frame-000079.color.png 0.999935 0.00719517 -0.00884604 0.052371 -0.00704489 0.999832 0.0169037 -0.0176283 0.00896619 -0.0168403 0.999818 -0.0163833 0.0 0.0 0.0 1.0
office/seq-01/color/frame-000077.color.png office/seq-01/color/frame-000080.color.png 0.999949 0.0091395 -0.00437121 0.0366419 -0.0090801 0.999869 0.0134204 -0.0110675 0.00449329 -0.01338 0.999901 -0.0143914 0.0 0.0 0.0 1.0
office/seq-01/color/frame-000078.color.png office/seq-01/color/frame-000081.color.png 0.999831 0.0124571 -0.0134884 0.0376316 -0.0123063 0.999861 0.0112064 -0.0150921 0.0136261 -0.0110385 0.999846 -0.0132571 0.0 0.0 0.0 1.0
office/seq-01/color/frame-000079.color.png office/seq-01/color/frame-000082.color.png 0.999681 0.0112598 -0.0226241 0.0463344 -0.0111298 0.999921 0.00586609 -0.0152957 0.0226883 -0.00561244 0.999727 -0.00808981 0.0 0.0 0.0 1.0
office/seq-01/color/frame-000080.color.png office/seq-01/color/frame-000083.color.png 0.999546 0.0104117 -0.0282529 0.0580737 -0.0103908 0.999946 0.000889016 -0.0145167 0.0282606 -0.00059501 0.9996 -0.00884733 0.0 0.0 0.0 1.0
office/seq-01/color/frame-000081.color.png office/seq-01/color/frame-000084.color.png 0.999686 0.00830072 -0.0236362 0.048574 -0.00833892 0.999964 -0.00151816 -0.00908282 0.0236228 0.00171481 0.99972 -0.0166245 0.0 0.0 0.0 1.0
office/seq-01/color/frame-000082.color.png office/seq-01/color/frame-000085.color.png 0.999655 0.00761472 -0.0251255 0.0432566 -0.00764974 0.99997 -0.00129813 -0.00334272 0.0251149 0.00148987 0.999683 -0.0106105 0.0 0.0 0.0 1.0
office/seq-01/color/frame-000083.color.png office/seq-01/color/frame-000086.color.png 0.99949 0.011029 -0.029972 0.0463692 -0.0108721 0.999926 0.0053938 -0.0150461 0.0300293 -0.00506521 0.999536 -0.00873861 0.0 0.0 0.0 1.0
office/seq-01/color/frame-000084.color.png office/seq-01/color/frame-000087.color.png 0.999261 0.0128907 -0.0362229 0.0546147 -0.0127337 0.999909 0.00456137 -0.0140061 0.0362784 -0.00409675 0.999333 -0.0098868 0.0 0.0 0.0 1.0
office/seq-01/color/frame-000085.color.png office/seq-01/color/frame-000088.color.png 0.999187 0.0165498 -0.0367526 0.0517509 -0.0164395 0.999859 0.00330165 -0.016452 0.036802 -0.00269477 0.999319 -0.012127 0.0 0.0 0.0 1.0
office/seq-01/color/frame-000086.color.png office/seq-01/color/frame-000089.color.png 0.998873 0.0209395 -0.0425868 0.0704463 -0.0206691 0.999763 0.00677952 -0.0282007 0.0427187 -0.00589167 0.99907 -0.0178934 0.0 0.0 0.0 1.0
office/seq-01/color/frame-000087.color.png office/seq-01/color/frame-000090.color.png 0.999284 0.0207172 -0.0316596 0.0617924 -0.0206123 0.999781 0.00363684 -0.0195234 0.0317281 -0.00298167 0.999492 -0.0122678 0.0 0.0 0.0 1.0
office/seq-01/color/frame-000088.color.png office/seq-01/color/frame-000091.color.png 0.99958 0.0139289 -0.0254084 0.0590227 -0.0138239 0.999895 0.00430437 -0.0121636 0.0254657 -0.00395132 0.999668 -0.0117758 0.0 0.0 0.0 1.0
office/seq-01/color/frame-000089.color.png office/seq-01/color/frame-000092.color.png 0.999829 0.0130585 -0.0130753 0.0315776 -0.0130282 0.999912 0.00239619 -0.00010097 0.0131054 -0.00222543 0.999912 -0.00197434 0.0 0.0 0.0 1.0
office/seq-01/color/frame-000090.color.png office/seq-01/color/frame-000093.color.png 0.999819 0.0122047 -0.0146207 0.0332589 -0.0122081 0.999925 -0.000140443 0.00396445 0.0146179 0.00031891 0.999893 -0.00235507 0.0 0.0 0.0 1.0
office/seq-01/color/frame-000091.color.png office/seq-01/color/frame-000094.color.png 0.99977 0.0142301 -0.0160189 0.0422803 -0.0141839 0.999895 0.0029906 -0.002823 0.0160597 -0.00276271 0.999867 -0.00348961 0.0 0.0 0.0 1.0
office/seq-01/color/frame-000092.color.png office/seq-01/color/frame-000095.color.png 0.999798 0.0118698 -0.0162307 0.0485418 -0.0117843 0.999916 0.00534948 -0.00937918 0.0162928 -0.00515712 0.999854 -0.00393352 0.0 0.0 0.0 1.0
office/seq-01/color/frame-000093.color.png office/seq-01/color/frame-000096.color.png 0.999837 0.0118175 -0.0136453 0.0421656 -0.0118038 0.99993 0.00108345 -0.0059638 0.0136572 -0.000922164 0.999906 -0.00152257 0.0 0.0 0.0 1.0
office/seq-01/color/frame-000094.color.png office/seq-01/color/frame-000097.color.png 0.999765 0.0093213 -0.0195593 0.0550067 -0.00936801 0.999953 -0.00229794 -0.00270578 0.019537 0.00248059 0.999806 -0.00820559 0.0 0.0 0.0 1.0
office/seq-01/color/frame-000095.color.png office/seq-01/color/frame-000098.color.png 0.999866 0.00567013 -0.0153499 0.0457642 -0.00570372 0.999981 -0.00214585 0.00512227 0.0153375 0.00223314 0.99988 -0.00844774 0.0 0.0 0.0 1.0
office/seq-01/color/frame-000096.color.png office/seq-01/color/frame-000099.color.png 0.99986 0.00200454 -0.0166159 0.0500489 -0.00194219 0.999991 0.00376814 0.005844 0.0166233 -0.00373535 0.999855 -0.0062688 0.0 0.0 0.0 1.0
office/seq-01/color/frame-000097.color.png office/seq-01/color/frame-000100.color.png 0.999896 0.00301842 -0.0140907 0.0332533 -0.00297256 0.99999 0.00327275 0.00947532 0.0141005 -0.00323052 0.999895 -0.00139201 0.0 0.0 0.0 1.0
office/seq-01/color/frame-000098.color.png office/seq-01/color/frame-000101.color.png 0.999697 0.00417416 -0.0242756 0.0482004 -0.00416907 0.999991 0.000259511 0.0126233 0.0242764 -0.000158253 0.999705 -0.00449747 0.0 0.0 0.0 1.0
office/seq-01/color/frame-000099.color.png office/seq-01/color/frame-000102.color.png 0.999273 0.00507558 -0.0377988 0.0751759 -0.00472227 0.999944 0.00943036 -0.010487 0.0378446 -0.00924501 0.999241 -0.0077242 0.0 0.0 0.0 1.0
office/seq-01/color/frame-000100.color.png office/seq-01/color/frame-000103.color.png 0.999446 -0.00199114 -0.033214 0.0690612 0.00213894 0.999988 0.00441565 0.00112081 0.0332048 -0.0044842 0.999438 8.30889e-05 0.0 0.0 0.0 1.0
office/seq-01/color/frame-000101.color.png office/seq-01/color/frame-000104.color.png 0.999413 -0.00201573 -0.034197 0.0782924 0.00237427 0.999943 0.0104473 -0.0107303 0.034174 -0.0105224 0.999361 -0.00473398 0.0 0.0 0.0 1.0
office/seq-01/color/frame-000102.color.png office/seq-01/color/frame-000105.color.png 0.999782 0.00203067 -0.020797 0.0491666 -0.00193267 0.999987 0.00473132 0.00784364 0.0208063 -0.00469008 0.999773 -0.00939646 0.0 0.0 0.0 1.0
office/seq-01/color/frame-000103.color.png office/seq-01/color/frame-000106.color.png 0.999804 0.00870628 -0.0177947 0.0466656 -0.00855484 0.999927 0.00856815 0.00510329 0.0178679 -0.00841425 0.999805 -0.00898743 0.0 0.0 0.0 1.0
office/seq-01/color/frame-000104.color.png office/seq-01/color/frame-000107.color.png 0.999888 0.00977848 -0.0112885 0.0310497 -0.00970347 0.999931 0.00668101 0.00331974 0.011353 -0.0065707 0.999914 -0.00655183 0.0 0.0 0.0 1.0
office/seq-01/color/frame-000105.color.png office/seq-01/color/frame-000108.color.png 0.999869 0.00500629 -0.0154 0.0444592 -0.00496225 0.999983 0.00289613 0.00890774 0.0154142 -0.00281934 0.999877 -0.00799993 0.0 0.0 0.0 1.0
office/seq-01/color/frame-000106.color.png office/seq-01/color/frame-000109.color.png 0.999795 0.00807452 -0.0185616 0.0420791 -0.00810891 0.999965 -0.00177851 0.016791 0.0185466 0.00192864 0.999826 -0.0101639 0.0 0.0 0.0 1.0
office/seq-01/color/frame-000107.color.png office/seq-01/color/frame-000110.color.png 0.999485 0.0198869 -0.0251998 0.0545507 -0.0199235 0.999801 -0.0012053 0.0238592 0.0251709 0.0017067 0.999682 -0.00958222 0.0 0.0 0.0 1.0
office/seq-01/color/frame-000108.color.png office/seq-01/color/frame-000111.color.png 0.999473 0.0207619 -0.0249486 0.0478526 -0.0208574 0.999776 -0.00357137 0.0325044 0.0248688 0.00408986 0.999682 -0.00898644 0.0 0.0 0.0 1.0
office/seq-01/color/frame-000109.color.png office/seq-01/color/frame-000112.color.png 0.999207 0.024091 -0.0316921 0.0556551 -0.0239591 0.999703 0.00453451 0.0189865 0.0317919 -0.00377162 0.999487 -0.0194859 0.0 0.0 0.0 1.0
office/seq-01/color/frame-000110.color.png office/seq-01/color/frame-000113.color.png 0.999591 0.0122294 -0.0258685 0.0430423 -0.0120547 0.999904 0.00689862 0.00596288 0.0259503 -0.00658394 0.999642 -0.0149531 0.0 0.0 0.0 1.0
office/seq-01/color/frame-000111.color.png office/seq-01/color/frame-000114.color.png 0.999184 0.0223274 -0.0336472 0.048642 -0.022138 0.999737 0.00599096 -0.00612134 0.0337721 -0.00524118 0.999416 -0.0168279 0.0 0.0 0.0 1.0
office/seq-01/color/frame-000112.color.png office/seq-01/color/frame-000115.color.png 0.999394 0.0129035 -0.0323287 0.0437421 -0.0131726 0.99988 -0.00812387 0.0080688 0.03222 0.00854481 0.999444 -0.0139983 0.0 0.0 0.0 1.0
office/seq-01/color/frame-000113.color.png office/seq-01/color/frame-000116.color.png 0.998626 0.00740501 -0.0518763 0.0652386 -0.00801131 0.999902 -0.0114891 0.0144264 0.0517862 0.0118888 0.998587 -0.0251032 0.0 0.0 0.0 1.0
office/seq-01/color/frame-000114.color.png office/seq-01/color/frame-000117.color.png 0.998791 -0.00107364 -0.0491514 0.0586987 0.000868217 0.999991 -0.0042004 -0.000699013 0.0491554 0.0041526 0.998783 -0.0307494 0.0 0.0 0.0 1.0
office/seq-01/color/frame-000115.color.png office/seq-01/color/frame-000118.color.png 0.998246 3.35315e-06 -0.0592042 0.0840512 0.000364772 0.999981 0.00620739 -0.0143872 0.059203 -0.00621811 0.998227 -0.0383046 0.0 0.0 0.0 1.0
office/seq-01/color/frame-000116.color.png office/seq-01/color/frame-000119.color.png 0.998235 0.011082 -0.0583487 0.0802017 -0.0106381 0.999912 0.00791259 -0.00643247 0.0584312 -0.00727787 0.998265 -0.0386903 0.0 0.0 0.0 1.0
office/seq-01/color/frame-000117.color.png office/seq-01/color/frame-000120.color.png 0.998835 0.0140535 -0.046157 0.0569478 -0.0133864 0.999802 0.0147301 -7.03335e-06 0.0463549 -0.014095 0.998825 -0.0402508 0.0 0.0 0.0 1.0
office/seq-01/color/frame-000118.color.png office/seq-01/color/frame-000121.color.png 0.999476 0.00766981 -0.0314522 0.0364093 -0.00720296 0.999863 0.0149298 -0.00488728 0.0315624 -0.0146954 0.999394 -0.0317794 0.0 0.0 0.0 1.0
office/seq-01/color/frame-000119.color.png office/seq-01/color/frame-000122.color.png 0.999655 0.00409495 -0.0259352 0.0406836 -0.00370454 0.999879 0.0150821 0.00123543 0.0259938 -0.0149809 0.99955 -0.0152955 0.0 0.0 0.0 1.0
office/seq-01/color/frame-000120.color.png office/seq-01/color/frame-000123.color.png 0.999857 0.00939558 -0.014072 0.0300683 -0.00916721 0.999827 0.0162064 -0.00852096 0.0142218 -0.0160751 0.99977 -0.0149277 0.0 0.0 0.0 1.0
office/seq-01/color/frame-000121.color.png office/seq-01/color/frame-000124.color.png 0.999723 0.0104923 -0.021048 0.0329542 -0.0100103 0.999688 0.0228749 -0.0164626 0.0212814 -0.0226579 0.999517 -0.0189475 0.0 0.0 0.0 1.0
office/seq-01/color/frame-000122.color.png office/seq-01/color/frame-000125.color.png 0.999414 0.0118429 -0.0321137 0.0385585 -0.0115292 0.999884 0.00993843 -0.00913683 0.0322277 -0.00956235 0.999435 -0.0231251 0.0 0.0 0.0 1.0
office/seq-01/color/frame-000123.color.png office/seq-01/color/frame-000126.color.png 0.999109 0.0101337 -0.0409686 0.0466266 -0.0100898 0.999948 0.00127732 -0.00468087 0.0409794 -0.000862811 0.99916 -0.0218239 0.0 0.0 0.0 1.0
office/seq-01/color/frame-000124.color.png office/seq-01/color/frame-000127.color.png 0.999251 0.00962884 -0.0374858 0.0514206 -0.00965493 0.999953 -0.000515704 -0.00646517 0.0374791 0.000877269 0.999297 -0.0173005 0.0 0.0 0.0 1.0
office/seq-01/color/frame-000125.color.png office/seq-01/color/frame-000128.color.png 0.99965 0.0080591 -0.0251905 0.0305228 -0.00811047 0.999965 -0.00193709 -0.00574481 0.025174 0.00214068 0.999681 -0.0140408 0.0 0.0 0.0 1.0
office/seq-01/color/frame-000126.color.png office/seq-01/color/frame-000129.color.png 0.999611 0.00846051 -0.0265899 0.0248954 -0.00856594 0.999956 -0.00385318 -0.00415465 0.0265561 0.00407947 0.999639 -0.0181771 0.0 0.0 0.0 1.0
office/seq-01/color/frame-000127.color.png office/seq-01/color/frame-000130.color.png 0.998875 0.0097107 -0.0464118 0.0569507 -0.00996788 0.999936 -0.00531214 -0.00667337 0.0463572 0.00576876 0.998908 -0.0243649 0.0 0.0 0.0 1.0
office/seq-01/color/frame-000128.color.png office/seq-01/color/frame-000131.color.png 0.998825 0.0113815 -0.0470953 0.0685977 -0.0113235 0.999935 0.00149701 -0.0172104 0.0471092 -0.00096198 0.998889 -0.0315265 0.0 0.0 0.0 1.0
office/seq-01/color/frame-000129.color.png office/seq-01/color/frame-000132.color.png 0.998834 0.0101851 -0.0471966 0.076457 -0.0101513 0.999948 0.000955838 -0.00931838 0.0472039 -0.000475654 0.998885 -0.0258354 0.0 0.0 0.0 1.0
office/seq-01/color/frame-000130.color.png office/seq-01/color/frame-000133.color.png 0.998977 0.00850061 -0.044415 0.0782258 -0.00812522 0.99993 0.00862484 -0.0138362 0.0444852 -0.00825514 0.998976 -0.0223849 0.0 0.0 0.0 1.0
office/seq-01/color/frame-000131.color.png office/seq-01/color/frame-000134.color.png 0.999714 0.00356432 -0.0236398 0.0396917 -0.00351115 0.999991 0.00228987 0.00149992 0.0236477 -0.00220621 0.999718 -0.012292 0.0 0.0 0.0 1.0
office/seq-01/color/frame-000132.color.png office/seq-01/color/frame-000135.color.png 0.999756 0.00169297 -0.0220197 0.0270609 -0.00136938 0.999891 0.0147019 -0.0126891 0.0220422 -0.0146681 0.99965 -0.0150127 0.0 0.0 0.0 1.0
office/seq-01/color/frame-000133.color.png office/seq-01/color/frame-000136.color.png 0.999522 -9.08296e-05 -0.0309275 0.0299583 0.00047259 0.999924 0.0123373 -0.0133376 0.030924 -0.0123459 0.999445 -0.0195915 0.0 0.0 0.0 1.0
office/seq-01/color/frame-000134.color.png office/seq-01/color/frame-000137.color.png 0.998977 0.00034695 -0.045228 0.0417219 -0.000318556 1.0 0.000635185 0.00735763 0.0452283 -0.000620083 0.998977 -0.0263879 0.0 0.0 0.0 1.0
office/seq-01/color/frame-000135.color.png office/seq-01/color/frame-000138.color.png 0.998596 0.00957348 -0.0521031 0.0615481 -0.00985969 0.999938 -0.00523935 0.00447771 0.0520498 0.0057457 0.998628 -0.0254669 0.0 0.0 0.0 1.0
office/seq-01/color/frame-000136.color.png office/seq-01/color/frame-000139.color.png 0.998808 0.0130909 -0.0470316 0.0523881 -0.0137592 0.999808 -0.0139131 0.0164016 0.0468404 0.0145437 0.998796 -0.0261182 0.0 0.0 0.0 1.0
office/seq-01/color/frame-000137.color.png office/seq-01/color/frame-000140.color.png 0.998558 0.0191602 -0.050152 0.0595534 -0.019895 0.999701 -0.014193 0.0147642 0.049865 0.0151703 0.998641 -0.0301727 0.0 0.0 0.0 1.0
office/seq-01/color/frame-000138.color.png office/seq-01/color/frame-000141.color.png 0.998235 0.0210808 -0.0555177 0.0792336 -0.0221838 0.999567 -0.0193257 0.0235482 0.0550862 0.0205232 0.998271 -0.0418302 0.0 0.0 0.0 1.0
office/seq-01/color/frame-000139.color.png office/seq-01/color/frame-000142.color.png 0.998239 0.023848 -0.0543239 0.0860322 -0.0246654 0.999592 -0.0144255 0.0250656 0.0539576 0.0157399 0.998419 -0.0449446 0.0 0.0 0.0 1.0
office/seq-01/color/frame-000140.color.png office/seq-01/color/frame-000143.color.png 0.999389 0.0146455 -0.0317402 0.0511606 -0.0148724 0.999865 -0.00692482 0.0192247 0.0316345 0.00739266 0.999472 -0.0297382 0.0 0.0 0.0 1.0
office/seq-01/color/frame-000141.color.png office/seq-01/color/frame-000144.color.png 0.999501 0.0168902 -0.0267083 0.046591 -0.0167309 0.999841 0.00617721 0.0112632 0.0268084 -0.0057273 0.999624 -0.0260796 0.0 0.0 0.0 1.0
office/seq-01/color/frame-000142.color.png office/seq-01/color/frame-000145.color.png 0.999515 0.0177565 -0.0255894 0.0559236 -0.0175232 0.999803 0.0093141 0.0101832 0.0257498 -0.00886119 0.999629 -0.0319996 0.0 0.0 0.0 1.0
office/seq-01/color/frame-000143.color.png office/seq-01/color/frame-000146.color.png 0.998893 0.0334495 -0.0330857 0.0719701 -0.0326859 0.999193 0.0233584 0.00357002 0.0338404 -0.0222511 0.999179 -0.0441079 0.0 0.0 0.0 1.0
office/seq-01/color/frame-000144.color.png office/seq-01/color/frame-000147.color.png 0.998385 0.0300954 -0.0481903 0.099578 -0.0290924 0.999348 0.021381 0.0145082 0.0488023 -0.0199445 0.998609 -0.0328954 0.0 0.0 0.0 1.0
office/seq-01/color/frame-000145.color.png office/seq-01/color/frame-000148.color.png 0.998555 0.0342347 -0.0414151 0.0873491 -0.0332042 0.999128 0.0253187 0.010724 0.0422458 -0.0239069 0.998821 -0.0295469 0.0 0.0 0.0 1.0
office/seq-01/color/frame-000146.color.png office/seq-01/color/frame-000149.color.png 0.998879 0.0288583 -0.0375145 0.0729062 -0.0281265 0.999407 0.0198902 0.0103776 0.0380662 -0.0188127 0.999098 -0.0277049 0.0 0.0 0.0 1.0
office/seq-01/color/frame-000147.color.png office/seq-01/color/frame-000150.color.png 0.999302 0.0126434 -0.0351476 0.0543174 -0.0117561 0.99961 0.0253384 -0.0185393 0.0354541 -0.0249075 0.999061 -0.021817 0.0 0.0 0.0 1.0
office/seq-01/color/frame-000148.color.png office/seq-01/color/frame-000151.color.png 0.999167 -0.000450141 -0.0407978 0.042551 0.000721776 0.999978 0.00664111 -0.0163817 0.0407938 -0.00666509 0.999145 -0.0223711 0.0 0.0 0.0 1.0
office/seq-01/color/frame-000149.color.png office/seq-01/color/frame-000152.color.png 0.998767 -0.0127198 -0.0479861 0.0550103 0.0125179 0.999911 -0.00450583 -0.0181222 0.0480391 0.00389958 0.998838 -0.0189581 0.0 0.0 0.0 1.0
office/seq-01/color/frame-000150.color.png office/seq-01/color/frame-000153.color.png 0.998972 -0.0176625 -0.0417468 0.0523887 0.0169284 0.999697 -0.017873 -0.0108624 0.0420498 0.0171479 0.998968 -0.0232559 0.0 0.0 0.0 1.0
office/seq-01/color/frame-000151.color.png office/seq-01/color/frame-000154.color.png 0.999389 -0.0193966 -0.0290866 0.0530823 0.0192207 0.999795 -0.00631878 -0.0245501 0.0292033 0.00575584 0.999557 -0.0230075 0.0 0.0 0.0 1.0
office/seq-01/color/frame-000152.color.png office/seq-01/color/frame-000155.color.png 0.999201 -0.0173401 -0.0360005 0.0785184 0.0178232 0.999755 0.0131421 -0.0439678 0.0357639 -0.0137732 0.999265 -0.0171505 0.0 0.0 0.0 1.0
office/seq-01/color/frame-000153.color.png office/seq-01/color/frame-000156.color.png 0.999719 -0.0112531 -0.0208693 0.0446007 0.0116081 0.999789 0.0169639 -0.0319809 0.020674 -0.0172013 0.999638 -0.0148762 0.0 0.0 0.0 1.0
office/seq-01/color/frame-000154.color.png office/seq-01/color/frame-000157.color.png 0.999675 -0.00553194 -0.0248885 0.0507858 0.00573475 0.999951 0.008086 -0.0176985 0.0248425 -0.00822609 0.999658 -0.0128904 0.0 0.0 0.0 1.0
office/seq-01/color/frame-000155.color.png office/seq-01/color/frame-000158.color.png 0.999787 0.00300059 -0.020427 0.0483274 -0.0031582 0.999965 -0.00768674 0.00656533 0.0204032 0.0077496 0.999762 -0.00968939 0.0 0.0 0.0 1.0
office/seq-01/color/frame-000156.color.png office/seq-01/color/frame-000159.color.png 0.99984 0.0106917 -0.0143731 0.0483487 -0.0108215 0.999901 -0.00898536 0.0137123 0.0142755 0.00913945 0.999856 -0.00340542 0.0 0.0 0.0 1.0
office/seq-01/color/frame-000157.color.png office/seq-01/color/frame-000160.color.png 0.999795 0.0129752 -0.0155402 0.0658034 -0.0130779 0.999893 -0.00652482 0.01706 0.0154537 0.00672683 0.999858 0.00882572 0.0 0.0 0.0 1.0
office/seq-01/color/frame-000158.color.png office/seq-01/color/frame-000161.color.png 0.99983 0.0182597 -0.00258996 0.0471163 -0.0182678 0.999828 -0.00312547 0.0151951 0.00253258 0.00317224 0.999992 0.0139589 0.0 0.0 0.0 1.0
office/seq-01/color/frame-000159.color.png office/seq-01/color/frame-000162.color.png 0.999876 0.0156976 -0.00145929 0.0401676 -0.0156936 0.999873 0.00261517 0.00194991 0.00150031 -0.00259197 0.999995 0.0125093 0.0 0.0 0.0 1.0
office/seq-01/color/frame-000160.color.png office/seq-01/color/frame-000163.color.png 0.999715 0.00574812 -0.0231467 0.0599504 -0.00539535 0.999869 0.0152713 -0.0185969 0.0232315 -0.0151422 0.999615 0.013481 0.0 0.0 0.0 1.0
office/seq-01/color/frame-000161.color.png office/seq-01/color/frame-000164.color.png 0.999863 0.0040988 -0.0160067 0.0398555 -0.0039652 0.999957 0.00837046 -0.0106582 0.0160402 -0.00830579 0.999837 -0.00618002 0.0 0.0 0.0 1.0
office/seq-01/color/frame-000162.color.png office/seq-01/color/frame-000165.color.png 0.999392 -0.00101986 -0.0348409 0.0754277 0.00155595 0.999881 0.0153648 -0.0192356 0.0348209 -0.0154097 0.999275 0.00275934 0.0 0.0 0.0 1.0
office/seq-01/color/frame-000163.color.png office/seq-01/color/frame-000166.color.png 0.999748 0.0119512 -0.0190023 0.0490508 -0.0120326 0.999919 -0.00417512 0.0172927 0.0189508 0.00440268 0.999811 0.00200546 0.0 0.0 0.0 1.0
office/seq-01/color/frame-000164.color.png office/seq-01/color/frame-000167.color.png 0.999709 0.0125057 -0.0206516 0.0570253 -0.012751 0.999849 -0.0117928 0.0312417 0.0205009 0.0120526 0.999717 0.0207329 0.0 0.0 0.0 1.0
office/seq-01/color/frame-000165.color.png office/seq-01/color/frame-000168.color.png 0.999728 0.0223215 -0.00681309 0.0522426 -0.0224061 0.999669 -0.0126117 0.0345429 0.00652935 0.0127609 0.999897 0.0213313 0.0 0.0 0.0 1.0
office/seq-01/color/frame-000166.color.png office/seq-01/color/frame-000169.color.png 0.99972 0.0235538 -0.00223822 0.0437788 -0.0235625 0.999715 -0.00390407 0.0249228 0.00214561 0.00395576 0.99999 0.0266815 0.0 0.0 0.0 1.0
office/seq-01/color/frame-000167.color.png office/seq-01/color/frame-000170.color.png 0.99978 0.020691 -0.00346333 0.0368333 -0.0206825 0.999783 0.00248263 0.00905845 0.00351396 -0.00241044 0.999991 0.0150986 0.0 0.0 0.0 1.0
office/seq-01/color/frame-000168.color.png office/seq-01/color/frame-000171.color.png 0.999846 0.0121347 -0.0126442 0.0420003 -0.0121044 0.999924 0.00246044 0.00684881 0.012673 -0.00230702 0.999917 0.0138089 0.0 0.0 0.0 1.0
office/seq-01/color/frame-000169.color.png office/seq-01/color/frame-000172.color.png 0.999902 0.00892193 -0.0107775 0.0450543 -0.00893666 0.999959 -0.00132868 0.0122238 0.0107651 0.00142483 0.999941 0.0240785 0.0 0.0 0.0 1.0
office/seq-01/color/frame-000170.color.png office/seq-01/color/frame-000173.color.png 0.999837 0.00255367 -0.0178983 0.0639648 -0.00262035 0.99999 -0.00369867 0.0214315 0.0178888 0.00374497 0.999833 0.0493487 0.0 0.0 0.0 1.0
office/seq-01/color/frame-000171.color.png office/seq-01/color/frame-000174.color.png 0.999866 0.0133915 0.00943956 0.028327 -0.0133919 0.99991 -1.02199e-05 0.0084821 -0.00943887 -0.000116203 0.999955 0.0429717 0.0 0.0 0.0 1.0
office/seq-01/color/frame-000172.color.png office/seq-01/color/frame-000175.color.png 0.999918 0.0077834 0.0101225 0.021804 -0.00785937 0.999941 0.00748139 -0.0045138 -0.0100637 -0.00756027 0.999921 0.0369032 0.0 0.0 0.0 1.0
office/seq-01/color/frame-000173.color.png office/seq-01/color/frame-000176.color.png 0.999983 0.00453089 0.00374377 0.02264 -0.00460644 0.999781 0.0204409 -0.0251101 -0.00365046 -0.0204578 0.999784 0.0302663 0.0 0.0 0.0 1.0
office/seq-01/color/frame-000174.color.png office/seq-01/color/frame-000177.color.png 0.999997 -0.00209667 -0.00103937 0.0285577 0.00211432 0.999847 0.0173555 -0.0209137 0.00100279 -0.0173576 0.999849 0.0303549 0.0 0.0 0.0 1.0
office/seq-01/color/frame-000175.color.png office/seq-01/color/frame-000178.color.png 0.999999 0.000225481 0.00166441 0.026806 -0.000244175 0.999937 0.0112054 -0.0135388 -0.00166165 -0.0112058 0.999936 0.0428967 0.0 0.0 0.0 1.0
