office/seq-01/color/frame-000000.color.png office/seq-01/color/frame-000002.color.png 0.999998 -0.00194977 -1.13421e-05 -0.000269557 0.00194973 0.999994 -0.00279032 0.00112503 1.67825e-05 0.0027903 0.999996 0.000484409 0.0 0.0 0.0 1.0
office/seq-01/color/frame-000001.color.png office/seq-01/color/frame-000003.color.png 0.999998 -0.00219842 -0.000148151 -0.00176156 0.00219828 0.999997 -0.000970936 0.00312638 0.000150285 0.000970608 1.0 2.93731e-05 0.0 0.0 0.0 1.0
office/seq-01/color/frame-000002.color.png office/seq-01/color/frame-000004.color.png 0.999996 -0.00247753 0.0010061 -0.00144132 0.00247457 0.999993 0.00293692 0.000211725 -0.00101337 -0.00293442 0.999995 0.00276051 0.0 0.0 0.0 1.0
office/seq-01/color/frame-000003.color.png office/seq-01/color/frame-000005.color.png 0.999994 -0.00335654 -0.000473991 -0.000507441 0.00335785 0.999991 0.00279252 -0.000875104 0.000464613 -0.00279409 0.999996 0.0040539 0.0 0.0 0.0 1.0
office/seq-01/color/frame-000004.color.png office/seq-01/color/frame-000006.color.png 0.999998 -0.00142478 -0.00139285 -0.00382451 0.00142831 0.999996 0.00253914 0.00107667 0.00138922 -0.00254112 0.999996 0.00224163 0.0 0.0 0.0 1.0
office/seq-01/color/frame-000005.color.png office/seq-01/color/frame-000007.color.png 0.999991 -0.00212844 -0.00368233 0.000390892 0.00214831 0.999983 0.00539833 0.000808166 0.00367078 -0.00540619 0.999979 0.00166127 0.0 0.0 0.0 1.0
office/seq-01/color/frame-000006.color.png office/seq-01/color/frame-000008.color.png 0.999989 -0.00404722 -0.00225523 0.00223979 0.00406556 0.999958 0.00818969 -0.000920573 0.00222199 -0.00819877 0.999964 0.00522709 0.0 0.0 0.0 1.0
office/seq-01/color/frame-000007.color.png office/seq-01/color/frame-000009.color.png 0.999979 -0.00564487 0.00324317 -0.00271363 0.00561313 0.999937 0.00971457 -0.00329461 -0.0032978 -0.00969616 0.999948 0.00739427 0.0 0.0 0.0 1.0
office/seq-01/color/frame-000008.color.png office/seq-01/color/frame-000010.color.png 0.999965 -0.00733017 0.00407079 -0.00313694 0.00729933 0.999945 0.00753729 -0.00381531 -0.00412581 -0.00750731 0.999963 0.00634329 0.0 0.0 0.0 1.0
office/seq-01/color/frame-000009.color.png office/seq-01/color/frame-000011.color.png 0.999981 -0.00577145 0.00221196 -0.00180118 0.00576092 0.999972 0.00473516 -0.00247066 -0.00223923 -0.00472232 0.999986 0.0062061 0.0 0.0 0.0 1.0
office/seq-01/color/frame-000010.color.png office/seq-01/color/frame-000012.color.png 0.999981 -0.00558175 0.00247933 -0.00226012 0.00557245 0.999977 0.00374239 -0.00330825 -0.00250016 -0.00372851 0.99999 0.00517874 0.0 0.0 0.0 1.0
office/seq-01/color/frame-000011.color.png office/seq-01/color/frame-000013.color.png 0.999958 -0.0084564 0.00348874 -0.00230917 0.00843957 0.999953 0.00480875 -0.00546041 -0.00352924 -0.0047791 0.999982 0.00476233 0.0 0.0 0.0 1.0
office/seq-01/color/frame-000012.color.png office/seq-01/color/frame-000014.color.png 0.999938 -0.0105824 0.00333259 -0.00313669 0.0105631 0.999928 0.00573968 -0.00490308 -0.00339309 -0.00570412 0.999978 0.00880476 0.0 0.0 0.0 1.0
office/seq-01/color/frame-000013.color.png office/seq-01/color/frame-000015.color.png 0.999938 -0.0107921 0.00287678 -0.00324718 0.0107792 0.999932 0.00447257 -0.00411138 -0.00292486 -0.00444128 0.999986 0.00785491 0.0 0.0 0.0 1.0
office/seq-01/color/frame-000014.color.png office/seq-01/color/frame-000016.color.png 0.999957 -0.00869654 0.00318138 -0.00644945 0.00868501 0.999956 0.00362203 -0.00223929 -0.00321274 -0.00359425 0.999988 0.00623355 0.0 0.0 0.0 1.0
office/seq-01/color/frame-000015.color.png office/seq-01/color/frame-000017.color.png 0.999969 -0.00791994 -4.6869e-05 -0.00420292 0.00792007 0.999951 0.00594915 -0.00625712 -2.49792e-07 -0.00594934 0.999982 0.00831082 0.0 0.0 0.0 1.0
office/seq-01/color/frame-000016.color.png office/seq-01/color/frame-000018.color.png 0.999971 -0.00760621 -0.000917322 -0.0018507 0.0076106 0.999959 0.00487474 -0.0092222 0.000880207 -0.00488157 0.999988 0.00944024 0.0 0.0 0.0 1.0
office/seq-01/color/frame-000017.color.png office/seq-01/color/frame-000019.color.png 0.999987 -0.00434246 0.00254549 -0.00629463 0.00433745 0.999989 0.00197228 -0.00744889 -0.00255402 -0.0019612 0.999995 0.010823 0.0 0.0 0.0 1.0
office/seq-01/color/frame-000018.color.png office/seq-01/color/frame-000020.color.png 0.999976 -0.00660246 0.00218202 -0.0057306 0.00659929 0.999977 0.00145721 -0.0056782 -0.00219159 -0.00144278 0.999997 0.00955059 0.0 0.0 0.0 1.0
office/seq-01/color/frame-000019.color.png office/seq-01/color/frame-000021.color.png 0.999967 -0.00807312 0.00126176 -0.00378931 0.00807036 0.999965 0.00217348 -0.00495994 -0.00127927 -0.00216322 0.999997 0.0068151 0.0 0.0 0.0 1.0
office/seq-01/color/frame-000020.color.png office/seq-01/color/frame-000022.color.png 0.999969 -0.0075569 0.00207352 -0.00208513 0.0075462 0.999959 0.00511199 -0.00338626 -0.00211207 -0.0050962 0.999985 0.00798257 0.0 0.0 0.0 1.0
office/seq-01/color/frame-000021.color.png office/seq-01/color/frame-000023.color.png 0.999935 -0.0102646 0.0049079 -0.00233792 0.0102122 0.999892 0.0105811 -0.00691153 -0.00501598 -0.0105303 0.999932 0.0092327 0.0 0.0 0.0 1.0
office/seq-01/color/frame-000022.color.png office/seq-01/color/frame-000024.color.png 0.999927 -0.00891844 0.0081985 -0.00501127 0.00883105 0.999904 0.0106356 -0.00760485 -0.00829257 -0.0105624 0.99991 0.0113069 0.0 0.0 0.0 1.0
office/seq-01/color/frame-000023.color.png office/seq-01/color/frame-000025.color.png 0.999959 -0.00638899 0.00638467 -0.00516399 0.00632958 0.999937 0.00928274 -0.00762004 -0.00644357 -0.00924195 0.999937 0.0100339 0.0 0.0 0.0 1.0
office/seq-01/color/frame-000024.color.png office/seq-01/color/frame-000026.color.png 0.999968 -0.00794348 0.000344347 -0.00590016 0.00794034 0.999934 0.00834863 -0.00757862 -0.00041064 -0.00834564 0.999965 0.00975429 0.0 0.0 0.0 1.0
office/seq-01/color/frame-000025.color.png office/seq-01/color/frame-000027.color.png 0.99996 -0.00672473 -0.00581155 -0.00516842 0.00677143 0.999945 0.00805033 -0.00619526 0.00575709 -0.00808937 0.999951 0.00802972 0.0 0.0 0.0 1.0
office/seq-01/color/frame-000026.color.png office/seq-01/color/frame-000028.color.png 0.999972 -0.00427524 -0.00616809 -0.00307488 0.00436534 0.999883 0.014669 -0.0107656 0.00610465 -0.0146955 0.999873 0.0108561 0.0 0.0 0.0 1.0
office/seq-01/color/frame-000027.color.png office/seq-01/color/frame-000029.color.png 0.99999 -0.00443207 -0.000127416 0.000617467 0.00443357 0.999853 0.0165456 -0.00933635 5.40669e-05 -0.016546 0.999863 0.0121683 0.0 0.0 0.0 1.0
office/seq-01/color/frame-000028.color.png office/seq-01/color/frame-000030.color.png 0.999942 -0.00724614 0.00799836 -0.00068146 0.00712085 0.999853 0.0155855 -0.0129138 -0.00811012 -0.0155277 0.999847 0.0115756 0.0 0.0 0.0 1.0
office/seq-01/color/frame-000029.color.png office/seq-01/color/frame-000031.color.png 0.99991 -0.0101202 0.00876434 -0.000966437 0.0100009 0.999858 0.0135467 -0.0142893 -0.00890019 -0.0134578 0.99987 0.0162563 0.0 0.0 0.0 1.0
office/seq-01/color/frame-000030.color.png office/seq-01/color/frame-000032.color.png 0.999966 -0.00518073 0.0063505 -0.004916 0.00514656 0.999972 0.00538525 -0.0145318 -0.00637823 -0.00535241 0.999965 0.0175687 0.0 0.0 0.0 1.0
office/seq-01/color/frame-000031.color.png office/seq-01/color/frame-000033.color.png 0.999983 0.00560427 0.0017729 -0.0025082 -0.00559171 0.99996 -0.00700849 -0.0118124 -0.0018121 0.00699845 0.999974 0.0180364 0.0 0.0 0.0 1.0
office/seq-01/color/frame-000032.color.png office/seq-01/color/frame-000034.color.png 0.999964 0.00846059 0.000927689 0.000332635 -0.00845095 0.999915 -0.0099605 -0.0107496 -0.00101188 0.00995231 0.99995 0.0147502 0.0 0.0 0.0 1.0
office/seq-01/color/frame-000033.color.png office/seq-01/color/frame-000035.color.png 0.999988 0.00342166 0.00337763 0.002448 -0.00339659 0.999967 -0.00740293 -0.00461138 -0.00340286 0.00739136 0.999967 0.00440906 0.0 0.0 0.0 1.0
office/seq-01/color/frame-000034.color.png office/seq-01/color/frame-000036.color.png 0.999936 0.00145336 0.0111903 -0.00300294 -0.00142837 0.999996 -0.00224057 -0.00462641 -0.0111935 0.00222444 0.999935 0.00584684 0.0 0.0 0.0 1.0
office/seq-01/color/frame-000035.color.png office/seq-01/color/frame-000037.color.png 0.999862 -0.00640142 0.0153527 -0.00639566 0.00636766 0.999977 0.00224654 -0.00646377 -0.0153667 -0.00214847 0.99988 0.00964148 0.0 0.0 0.0 1.0
office/seq-01/color/frame-000036.color.png office/seq-01/color/frame-000038.color.png 0.999885 -0.0115763 0.00976254 -0.00270865 0.0115283 0.999921 0.00496774 -0.00553138 -0.00981928 -0.00485462 0.99994 0.0085659 0.0 0.0 0.0 1.0
office/seq-01/color/frame-000037.color.png office/seq-01/color/frame-000039.color.png 0.999953 -0.0075722 0.00606211 -0.00198067 0.0075289 0.999946 0.00713768 -0.0101409 -0.00611583 -0.0070917 0.999956 0.0121614 0.0 0.0 0.0 1.0
office/seq-01/color/frame-000038.color.png office/seq-01/color/frame-000040.color.png 0.999974 -0.00149418 0.00700577 -0.00268796 0.0014772 0.999996 0.00242746 -0.0110342 -0.00700937 -0.00241706 0.999972 0.0142799 0.0 0.0 0.0 1.0
office/seq-01/color/frame-000039.color.png office/seq-01/color/frame-000041.color.png 0.999961 0.00094476 0.00872858 -0.00654468 -0.00094306 0.999999 -0.000196324 -0.00746658 -0.00872876 0.000188106 0.999962 0.00902466 0.0 0.0 0.0 1.0
office/seq-01/color/frame-000040.color.png office/seq-01/color/frame-000042.color.png 0.999971 -0.00223902 0.00732132 -0.00366007 0.00221762 0.999993 0.00292852 -0.00250851 -0.00732782 -0.00291218 0.999969 0.00804389 0.0 0.0 0.0 1.0
office/seq-01/color/frame-000041.color.png office/seq-01/color/frame-000043.color.png 0.999948 -0.0067605 0.00761392 -0.00191361 0.00668596 0.99993 0.00977195 -0.0111435 -0.00767946 -0.00972056 0.999923 0.0164419 0.0 0.0 0.0 1.0
office/seq-01/color/frame-000042.color.png office/seq-01/color/frame-000044.color.png 0.999925 -0.00866804 0.00861789 -0.0064469 0.00859757 0.99993 0.00818223 -0.0163717 -0.00868822 -0.00810754 0.999929 0.0186778 0.0 0.0 0.0 1.0
office/seq-01/color/frame-000043.color.png office/seq-01/color/frame-000045.color.png 0.999977 -0.00460966 0.00489331 -0.00689069 0.00460656 0.999989 0.000635601 -0.00627332 -0.00489616 -0.000613042 0.999988 0.0106034 0.0 0.0 0.0 1.0
office/seq-01/color/frame-000044.color.png office/seq-01/color/frame-000046.color.png 0.999998 -0.00101154 -0.00197308 0.00647409 0.00101892 0.999993 0.00374777 -0.00703999 0.00196926 -0.00374976 0.999991 0.00731532 0.0 0.0 0.0 1.0
office/seq-01/color/frame-000045.color.png office/seq-01/color/frame-000047.color.png 0.999982 -0.00325632 0.00495302 0.00163363 0.00320911 0.999949 0.00951237 -0.0132543 -0.00498375 -0.0094963 0.999942 0.00715217 0.0 0.0 0.0 1.0
office/seq-01/color/frame-000046.color.png office/seq-01/color/frame-000048.color.png 0.999896 -0.00604604 0.0130957 -0.0117979 0.00590806 0.999927 0.0105488 -0.0097328 -0.0131585 -0.0104704 0.999859 0.0126236 0.0 0.0 0.0 1.0
office/seq-01/color/frame-000047.color.png office/seq-01/color/frame-000049.color.png 0.999976 -0.00307736 0.00622761 -0.00341503 0.00301841 0.999951 0.00945365 -0.014953 -0.0062564 -0.00943465 0.999936 0.0176208 0.0 0.0 0.0 1.0
office/seq-01/color/frame-000048.color.png office/seq-01/color/frame-000050.color.png 0.999992 0.00199494 0.00357968 -0.00390143 -0.00199949 0.999997 0.00126839 -0.0190163 -0.00357713 -0.00127552 0.999993 0.0162175 0.0 0.0 0.0 1.0
office/seq-01/color/frame-000049.color.png office/seq-01/color/frame-000051.color.png 0.999963 0.00859505 -0.000280085 0.000396635 -0.00859679 0.999939 -0.00691894 -0.0146806 0.000220601 0.00692108 0.999976 0.0118083 0.0 0.0 0.0 1.0
office/seq-01/color/frame-000050.color.png office/seq-01/color/frame-000052.color.png 0.999952 0.00903907 -0.00374029 0.0141772 -0.00908599 0.999878 -0.0127241 -0.00021486 0.00362481 0.0127575 0.999912 0.00780697 0.0 0.0 0.0 1.0
office/seq-01/color/frame-000051.color.png office/seq-01/color/frame-000053.color.png 0.999938 0.00327714 0.0106237 -0.000429619 -0.00327796 0.999995 5.94146e-05 -0.00346985 -0.0106234 -9.42239e-05 0.999944 0.00601915 0.0 0.0 0.0 1.0
office/seq-01/color/frame-000052.color.png office/seq-01/color/frame-000054.color.png 0.999833 -0.00364803 0.0179084 -0.015694 0.00336212 0.999867 0.0159702 -0.0144782 -0.0179643 -0.0159073 0.999712 0.0120928 0.0 0.0 0.0 1.0
office/seq-01/color/frame-000053.color.png office/seq-01/color/frame-000055.color.png 0.999941 -0.00642219 0.00877706 -0.0170013 0.00627406 0.999839 0.0168003 -0.026716 -0.00888355 -0.0167443 0.99982 0.015188 0.0 0.0 0.0 1.0
office/seq-01/color/frame-000054.color.png office/seq-01/color/frame-000056.color.png 0.999964 0.00301714 -0.00798684 -0.00107792 -0.00295011 0.99996 0.00839295 -0.0352063 0.00801185 -0.00836911 0.999933 0.00877854 0.0 0.0 0.0 1.0
office/seq-01/color/frame-000055.color.png office/seq-01/color/frame-000057.color.png 0.999789 0.00662964 -0.0194449 0.0238747 -0.0068007 0.999939 -0.00874476 -0.0177648 0.0193857 0.00887513 0.999773 0.0157091 0.0 0.0 0.0 1.0
office/seq-01/color/frame-000056.color.png office/seq-01/color/frame-000058.color.png 0.999926 0.00760006 -0.00944928 0.0202919 -0.00781549 0.999705 -0.0229753 0.00545752 0.00927191 0.0230475 0.999691 0.0161908 0.0 0.0 0.0 1.0
office/seq-01/color/frame-000057.color.png office/seq-01/color/frame-000059.color.png 0.999975 0.00608544 0.00350582 0.00568369 -0.00601478 0.999785 -0.0198182 0.0149375 -0.00362567 0.0197967 0.999798 0.0113844 0.0 0.0 0.0 1.0
office/seq-01/color/frame-000058.color.png office/seq-01/color/frame-000060.color.png 0.999963 0.00426081 0.00748688 0.000531338 -0.0042576 0.999991 -0.000446445 -0.00160649 -0.00748873 0.000414545 0.999972 0.00698647 0.0 0.0 0.0 1.0
office/seq-01/color/frame-000059.color.png office/seq-01/color/frame-000061.color.png 0.999976 0.0059551 0.00358243 -0.000574648 -0.00598337 0.999951 0.00793232 -0.014557 -0.00353502 -0.00795358 0.999962 0.00488955 0.0 0.0 0.0 1.0
office/seq-01/color/frame-000060.color.png office/seq-01/color/frame-000062.color.png 0.999908 0.0100067 -0.00919595 0.00800663 -0.00998387 0.999947 0.00251987 -0.0105871 0.00922067 -0.00242782 0.999955 0.00824493 0.0 0.0 0.0 1.0
office/seq-01/color/frame-000061.color.png office/seq-01/color/frame-000063.color.png 0.999657 0.0165718 -0.0202719 0.0255093 -0.016495 0.999856 0.00395055 -0.0157735 0.0203345 -0.00361482 0.999787 0.00780296 0.0 0.0 0.0 1.0
office/seq-01/color/frame-000062.color.png office/seq-01/color/frame-000064.color.png 0.999757 0.0159688 -0.0152158 0.0274286 -0.0158993 0.999863 0.00467906 -0.0134493 0.0152885 -0.00443599 0.999873 0.00710663 0.0 0.0 0.0 1.0
office/seq-01/color/frame-000063.color.png office/seq-01/color/frame-000065.color.png 0.999921 0.0120478 -0.0035029 0.0158942 -0.012016 0.999888 0.00894888 -0.0137067 0.00361031 -0.00890607 0.999954 0.00248536 0.0 0.0 0.0 1.0
office/seq-01/color/frame-000064.color.png office/seq-01/color/frame-000066.color.png 0.999987 0.00450666 -0.00260458 0.017403 -0.00447518 0.999918 0.0119638 -0.0123589 0.00265828 -0.0119519 0.999925 0.00401866 0.0 0.0 0.0 1.0
office/seq-01/color/frame-000065.color.png office/seq-01/color/frame-000067.color.png 0.999977 0.0044075 -0.00513721 0.0242485 -0.0043361 0.999895 0.0138314 -0.0244513 0.00519763 -0.0138089 0.999891 0.0046913 0.0 0.0 0.0 1.0
office/seq-01/color/frame-000066.color.png office/seq-01/color/frame-000068.color.png 0.999947 0.0102543 -0.000368902 0.0149361 -0.0102547 0.999947 -0.00105711 -0.00585711 0.000358037 0.00106081 0.999999 0.00376222 0.0 0.0 0.0 1.0
office/seq-01/color/frame-000067.color.png office/seq-01/color/frame-000069.color.png 0.999941 0.0108166 -0.00115691 0.0140569 -0.0108187 0.99994 -0.00184913 -0.00336793 0.00113683 0.00186155 0.999998 0.00267002 0.0 0.0 0.0 1.0
office/seq-01/color/frame-000068.color.png office/seq-01/color/frame-000070.color.png 0.999951 0.00882886 -0.00450742 0.0180339 -0.00883724 0.999959 -0.00183989 -0.00614835 0.00449099 0.00187965 0.999988 0.00254998 0.0 0.0 0.0 1.0
office/seq-01/color/frame-000069.color.png office/seq-01/color/frame-000071.color.png 0.99993 0.009132 -0.00756442 0.0204912 -0.00917768 0.99994 -0.00602744 0.000538707 0.00750893 0.00609647 0.999953 -0.00378016 0.0 0.0 0.0 1.0
office/seq-01/color/frame-000070.color.png office/seq-01/color/frame-000072.color.png 0.999916 0.00522176 -0.011825 0.0244114 -0.00521132 0.999986 0.000913892 -0.00681177 0.0118296 -0.000852196 0.99993 -0.0046033 0.0 0.0 0.0 1.0
office/seq-01/color/frame-000071.color.png office/seq-01/color/frame-000073.color.png 0.999914 0.00150823 -0.0130516 0.024475 -0.00145847 0.999992 0.0038221 -0.00714019 0.0130572 -0.00380276 0.999908 -0.00654885 0.0 0.0 0.0 1.0
office/seq-01/color/frame-000072.color.png office/seq-01/color/frame-000074.color.png 0.999903 8.4637e-05 -0.0139268 0.0335151 0.000111378 0.999901 0.0140728 -0.0221463 0.0139266 -0.014073 0.999804 -0.0128178 0.0 0.0 0.0 1.0
office/seq-01/color/frame-000073.color.png office/seq-01/color/frame-000075.color.png 0.999971 -0.00410497 -0.00646929 0.0274469 0.00417236 0.999937 0.0104383 -0.0120791 0.00642603 -0.010465 0.999924 -0.0062221 0.0 0.0 0.0 1.0
office/seq-01/color/frame-000074.color.png office/seq-01/color/frame-000076.color.png 0.999964 -0.00233286 -0.00813013 0.0303653 0.00240787 0.999955 0.00922856 -0.0123939 0.00810822 -0.00924782 0.999924 -0.0143402 0.0 0.0 0.0 1.0
office/seq-01/color/frame-000075.color.png office/seq-01/color/frame-000077.color.png 0.999925 -0.00107209 -0.0121674 0.0343369 0.00119114 0.999951 0.00978115 -0.0119655 0.0121564 -0.00979488 0.999878 -0.0115867 0.0 0.0 0.0 1.0
office/seq-01/color/frame-000076.color.png office/seq-01/color/frame-000078.color.png 0.999979 0.000775495 -0.00647472 0.0313681 -0.000722216 0.999966 0.00822711 -0.00385571 0.00648088 -0.00822222 0.999945 -0.00453481 0.0 0.0 0.0 1.0
office/seq-01/color/frame-000077.color.png office/seq-01/color/frame-000079.color.png 0.999972 0.00748629 -0.000632654 0.0287958 -0.00748014 0.99993 0.00921187 -0.00644648 0.000701561 -0.00920689 0.999957 -0.00988033 0.0 0.0 0.0 1.0
office/seq-01/color/frame-000078.color.png office/seq-01/color/frame-000080.color.png 0.999956 0.00932133 8.18077e-05 0.0141876 -0.00932168 0.999915 0.00914329 -0.00895002 3.42521e-06 -0.00914368 0.999958 -0.00992402 0.0 0.0 0.0 1.0
office/seq-01/color/frame-000079.color.png office/seq-01/color/frame-000081.color.png 0.999897 0.00524538 -0.0133832 0.0232644 -0.0051883 0.999977 0.00429573 -0.00577477 0.0134055 -0.00422582 0.999901 -0.00586504 0.0 0.0 0.0 1.0
office/seq-01/color/frame-000080.color.png office/seq-01/color/frame-000082.color.png 0.999748 0.00766272 -0.021098 0.0422523 -0.00764047 0.99997 0.00113533 -0.00862935 0.0211061 -0.00097386 0.999777 -0.00375324 0.0 0.0 0.0 1.0
office/seq-01/color/frame-000081.color.png office/seq-01/color/frame-000083.color.png 0.999891 0.00631766 -0.013317 0.0311573 -0.00634615 0.999978 -0.00209819 -0.00714055 0.0133034 0.00218245 0.999909 -0.00877893 0.0 0.0 0.0 1.0
office/seq-01/color/frame-000082.color.png office/seq-01/color/frame-000084.color.png 0.999846 0.00221124 -0.0173833 0.0307723 -0.00226501 0.999993 -0.00307443 -0.000162989 0.0173764 0.0031134 0.999844 -0.00798658 0.0 0.0 0.0 1.0
office/seq-01/color/frame-000083.color.png office/seq-01/color/frame-000085.color.png 0.999756 0.0079622 -0.0206038 0.0344998 -0.00785396 0.999955 0.00532884 -0.0114081 0.0206453 -0.0051657 0.999774 -0.00737047 0.0 0.0 0.0 1.0
office/seq-01/color/frame-000084.color.png office/seq-01/color/frame-000086.color.png 0.999741 0.0118204 -0.0194284 0.0314118 -0.0116282 0.999883 0.00997563 -0.0249375 0.019544 -0.00974715 0.999761 -0.0165195 0.0 0.0 0.0 1.0
office/seq-01/color/frame-000085.color.png office/seq-01/color/frame-000087.color.png 0.999541 0.0143928 -0.0266647 0.038846 -0.0141548 0.999858 0.00909372 -0.0255119 0.0267918 -0.00871214 0.999603 -0.016207 0.0 0.0 0.0 1.0
office/seq-01/color/frame-000086.color.png office/seq-01/color/frame-000088.color.png 0.999596 0.0168574 -0.0228812 0.0295821 -0.0168964 0.999856 -0.00151372 -0.00366345 0.0228524 0.00189975 0.999737 -0.00334308 0.0 0.0 0.0 1.0
office/seq-01/color/frame-000087.color.png office/seq-01/color/frame-000089.color.png 0.999565 0.0124645 -0.0267143 0.0455103 -0.0125847 0.999911 -0.00433723 -0.000971019 0.0266579 0.00467154 0.999633 -0.00340512 0.0 0.0 0.0 1.0
office/seq-01/color/frame-000088.color.png office/seq-01/color/frame-000090.color.png 0.9997 0.00685383 -0.023509 0.0513262 -0.00682592 0.999976 0.00126688 -0.00750196 0.0235171 -0.00110607 0.999723 -0.00721613 0.0 0.0 0.0 1.0
office/seq-01/color/frame-000089.color.png office/seq-01/color/frame-000091.color.png 0.999949 0.00741448 -0.00685342 0.0196047 -0.00740034 0.99997 0.0020869 0.000482857 0.00686868 -0.00203607 0.999974 -0.00268331 0.0 0.0 0.0 1.0
office/seq-01/color/frame-000090.color.png office/seq-01/color/frame-000092.color.png 0.999924 0.00798646 -0.00936182 0.0215522 -0.0079493 0.99996 0.0040011 -0.00434807 0.00939338 -0.00392637 0.999948 -0.00443378 0.0 0.0 0.0 1.0
office/seq-01/color/frame-000091.color.png office/seq-01/color/frame-000093.color.png 0.999821 0.00842643 -0.0169605 0.0377617 -0.00839027 0.999962 0.00220201 -0.00606182 0.0169784 -0.00205927 0.999854 -0.00551641 0.0 0.0 0.0 1.0
office/seq-01/color/frame-000092.color.png office/seq-01/color/frame-000094.color.png 0.9999 0.00841076 -0.011348 0.0331981 -0.00839556 0.999964 0.00138633 -0.000216544 0.0113592 -0.0012909 0.999935 -0.00406089 0.0 0.0 0.0 1.0
office/seq-01/color/frame-000093.color.png office/seq-01/color/frame-000095.color.png 0.99995 0.00698297 -0.00718364 0.0262368 -0.00695099 0.999966 0.00446609 -0.00588641 0.0072146 -0.00441593 0.999964 -0.000285357 0.0 0.0 0.0 1.0
office/seq-01/color/frame-000094.color.png office/seq-01/color/frame-000096.color.png 0.999876 0.00684599 -0.0141517 0.033937 -0.00684857 0.999977 -0.00013419 -0.0066016 0.0141505 0.00023109 0.9999 0.00671729 0.0 0.0 0.0 1.0
office/seq-01/color/frame-000095.color.png office/seq-01/color/frame-000097.color.png 0.999874 0.00684058 -0.0143275 0.0380016 -0.00692844 0.999957 -0.00609257 0.0065805 0.0142852 0.00619106 0.999879 -0.00492084 0.0 0.0 0.0 1.0
office/seq-01/color/frame-000096.color.png office/seq-01/color/frame-000098.color.png 0.999988 0.00213793 -0.00443199 0.0205577 -0.00213722 0.999998 0.000163257 0.00839773 0.00443235 -0.00015381 0.99999 -0.00310317 0.0 0.0 0.0 1.0
office/seq-01/color/frame-000097.color.png office/seq-01/color/frame-000099.color.png 0.999941 0.000401591 -0.0108187 0.0303927 -0.000275029 0.999931 0.0116995 -0.0113577 0.0108227 -0.0116959 0.999873 0.00124112 0.0 0.0 0.0 1.0
office/seq-01/color/frame-000098.color.png office/seq-01/color/frame-000100.color.png 0.999919 0.00223327 -0.0125284 0.0249724 -0.00220276 0.999995 0.00244851 0.00393379 0.0125338 -0.0024207 0.999919 -0.000871629 0.0 0.0 0.0 1.0
office/seq-01/color/frame-000099.color.png office/seq-01/color/frame-000101.color.png 0.999894 0.00557256 -0.0134285 0.0217492 -0.00559513 0.999983 -0.0016439 0.0118902 0.0134191 0.00171885 0.999908 -0.00354925 0.0 0.0 0.0 1.0
office/seq-01/color/frame-000100.color.png office/seq-01/color/frame-000102.color.png 0.999828 0.00393511 -0.0181355 0.0352606 -0.00389994 0.99999 0.0019738 0.00255391 0.0181431 -0.00190275 0.999834 -0.0025388 0.0 0.0 0.0 1.0
office/seq-01/color/frame-000101.color.png office/seq-01/color/frame-000103.color.png 0.999805 -0.00257927 -0.0195916 0.0457632 0.00261487 0.999995 0.00179174 0.000754476 0.0195869 -0.00184263 0.999806 -0.00427595 0.0 0.0 0.0 1.0
office/seq-01/color/frame-000102.color.png office/seq-01/color/frame-000104.color.png 0.999921 -0.0042866 -0.0118068 0.0298022 0.00426274 0.999989 -0.00204557 0.0132771 0.0118154 0.0019951 0.999928 -0.00685817 0.0 0.0 0.0 1.0
office/seq-01/color/frame-000103.color.png office/seq-01/color/frame-000105.color.png 0.99988 0.00369165 -0.0150267 0.0353685 -0.0036178 0.999981 0.00493786 0.00447187 0.0150447 -0.00488291 0.999875 -0.010148 0.0 0.0 0.0 1.0
office/seq-01/color/frame-000104.color.png office/seq-01/color/frame-000106.color.png 0.99963 0.00531741 -0.0266565 0.0644702 -0.00501299 0.999922 0.0114739 -0.00780633 0.0267154 -0.0113361 0.999579 -0.00458089 0.0 0.0 0.0 1.0
office/seq-01/color/frame-000105.color.png office/seq-01/color/frame-000107.color.png 0.999966 0.00218325 -0.00799066 0.0235565 -0.00215449 0.999991 0.00360583 -8.32677e-05 0.00799845 -0.00358852 0.999962 -0.0029344 0.0 0.0 0.0 1.0
office/seq-01/color/frame-000106.color.png office/seq-01/color/frame-000108.color.png 0.999982 0.00310686 -0.00511924 0.0128303 -0.00310373 0.999995 0.000619371 0.00562403 0.00512117 -0.000603505 0.999987 -0.00350341 0.0 0.0 0.0 1.0
office/seq-01/color/frame-000107.color.png office/seq-01/color/frame-000109.color.png 0.999796 0.00815117 -0.0185007 0.0380243 -0.00819937 0.999963 -0.0025311 0.0193315 0.0184794 0.00268232 0.999826 -0.00508344 0.0 0.0 0.0 1.0
office/seq-01/color/frame-000108.color.png office/seq-01/color/frame-000110.color.png 0.999695 0.0163706 -0.0184899 0.0385973 -0.0163845 0.999866 -0.000598819 0.0145144 0.0184776 0.000901591 0.999829 -0.00794843 0.0 0.0 0.0 1.0
office/seq-01/color/frame-000109.color.png office/seq-01/color/frame-000111.color.png 0.999742 0.0161552 -0.0159899 0.0327371 -0.0161372 0.999869 0.00125663 0.0145863 0.0160082 -0.000998335 0.999871 -0.00921682 0.0 0.0 0.0 1.0
office/seq-01/color/frame-000110.color.png office/seq-01/color/frame-000112.color.png 0.999575 0.0108367 -0.0270638 0.0490211 -0.0107047 0.99993 0.00501884 0.00910741 0.0271163 -0.00472704 0.999621 -0.0213332 0.0 0.0 0.0 1.0
office/seq-01/color/frame-000111.color.png office/seq-01/color/frame-000113.color.png 0.999848 0.00630989 -0.016245 0.0231698 -0.00623501 0.99997 0.00465878 0.000371844 0.0162738 -0.00455674 0.999857 -0.00717571 0.0 0.0 0.0 1.0
office/seq-01/color/frame-000112.color.png office/seq-01/color/frame-000114.color.png 0.999782 0.013497 -0.0159112 0.0171443 -0.0135786 0.999895 -0.00503265 0.00819755 0.0158415 0.00524769 0.999861 -0.000986367 0.0 0.0 0.0 1.0
office/seq-01/color/frame-000113.color.png office/seq-01/color/frame-000115.color.png 0.999482 0.0166321 -0.0275661 0.032474 -0.0168224 0.999836 -0.00668888 0.00553313 0.0274503 0.0071491 0.999597 -0.0158322 0.0 0.0 0.0 1.0
office/seq-01/color/frame-000114.color.png office/seq-01/color/frame-000116.color.png 0.999552 0.00138164 -0.0299059 0.0336142 -0.00141225 0.999999 -0.00100305 -0.00469661 0.0299044 0.00104479 0.999552 -0.0208476 0.0 0.0 0.0 1.0
office/seq-01/color/frame-000115.color.png office/seq-01/color/frame-000117.color.png 0.999484 -0.00125952 -0.0320903 0.0341648 0.00127514 0.999999 0.00046715 -0.00440553 0.0320896 -0.000507829 0.999485 -0.0223473 0.0 0.0 0.0 1.0
office/seq-01/color/frame-000116.color.png office/seq-01/color/frame-000118.color.png 0.999508 0.00595173 -0.0308014 0.0414012 -0.00608999 0.999972 -0.00439718 0.0088006 0.0307744 0.00458261 0.999516 -0.0252867 0.0 0.0 0.0 1.0
office/seq-01/color/frame-000117.color.png office/seq-01/color/frame-000119.color.png 0.998804 0.0112177 -0.0475908 0.0739421 -0.0109809 0.999926 0.00523293 0.000803381 0.047646 -0.00470405 0.998853 -0.0293658 0.0 0.0 0.0 1.0
office/seq-01/color/frame-000118.color.png office/seq-01/color/frame-000120.color.png 0.999437 0.00730367 -0.0327429 0.0391802 -0.00680093 0.999858 0.0154395 -0.00552857 0.0328509 -0.0152082 0.999345 -0.0300173 0.0 0.0 0.0 1.0
office/seq-01/color/frame-000119.color.png office/seq-01/color/frame-000121.color.png 0.999899 -0.000208269 -0.0142162 0.0165672 0.000339973 0.999957 0.00926102 -0.00153857 0.0142137 -0.00926491 0.999856 -0.00935841 0.0 0.0 0.0 1.0
office/seq-01/color/frame-000120.color.png office/seq-01/color/frame-000122.color.png 0.999971 0.00522723 -0.00557397 0.0123159 -0.00518729 0.999961 0.00715187 -0.000567377 0.00561116 -0.00712276 0.999959 -0.00880441 0.0 0.0 0.0 1.0
office/seq-01/color/frame-000121.color.png office/seq-01/color/frame-000123.color.png 0.999853 0.00974884 -0.0140841 0.0304375 -0.00952178 0.999825 0.0160997 -0.00900429 0.0142386 -0.0159633 0.999771 -0.0149521 0.0 0.0 0.0 1.0
office/seq-01/color/frame-000122.color.png office/seq-01/color/frame-000124.color.png 0.99979 0.00633756 -0.0194604 0.0306771 -0.00603642 0.999862 0.0154947 -0.0170542 0.0195559 -0.0153739 0.999691 -0.0127383 0.0 0.0 0.0 1.0
office/seq-01/color/frame-000123.color.png office/seq-01/color/frame-000125.color.png 0.999468 0.0070762 -0.0318399 0.0382267 -0.00691251 0.999962 0.00524957 -0.0099493 0.0318759 -0.00502668 0.999479 -0.0214764 0.0 0.0 0.0 1.0
office/seq-01/color/frame-000124.color.png office/seq-01/color/frame-000126.color.png 0.999432 0.00995318 -0.0322127 0.0414946 -0.0100225 0.999948 -0.00199263 -0.00387534 0.0321912 0.0023143 0.999479 -0.0195553 0.0 0.0 0.0 1.0
office/seq-01/color/frame-000125.color.png office/seq-01/color/frame-000127.color.png 0.999926 0.00596477 -0.0105823 0.0124649 -0.00596437 0.999982 6.78528e-05 -0.00328833 0.0105825 -4.70852e-06 0.999944 -0.00557283 0.0 0.0 0.0 1.0
office/seq-01/color/frame-000126.color.png office/seq-01/color/frame-000128.color.png 0.999942 0.00208998 -0.0105233 0.00859326 -0.00209831 0.999998 -0.000780245 -0.00382143 0.0105217 0.000802337 0.999944 -0.00574154 0.0 0.0 0.0 1.0
office/seq-01/color/frame-000127.color.png office/seq-01/color/frame-000129.color.png 0.999522 0.00309317 -0.0307509 0.0365315 -0.00321098 0.999988 -0.0037838 -0.00478932 0.0307389 0.00388072 0.99952 -0.0157872 0.0 0.0 0.0 1.0
office/seq-01/color/frame-000128.color.png office/seq-01/color/frame-000130.color.png 0.998889 0.0125465 -0.0454163 0.0670627 -0.0125834 0.999921 -0.000525343 -0.00895149 0.045406 0.00109623 0.998968 -0.0184264 0.0 0.0 0.0 1.0
office/seq-01/color/frame-000129.color.png office/seq-01/color/frame-000131.color.png 0.999288 0.00593634 -0.0372622 0.0577385 -0.00587981 0.999981 0.00162638 -0.00771546 0.0372711 -0.00140612 0.999304 -0.0138756 0.0 0.0 0.0 1.0
office/seq-01/color/frame-000130.color.png office/seq-01/color/frame-000132.color.png 0.999768 0.00227957 -0.0214229 0.0292693 -0.00226555 0.999997 0.000679105 -0.00192896 0.0214243 -0.000630404 0.99977 -0.0142603 0.0 0.0 0.0 1.0
office/seq-01/color/frame-000131.color.png office/seq-01/color/frame-000133.color.png 0.999803 0.00444528 -0.0193499 0.0303136 -0.00441553 0.999989 0.00158034 0.00304785 0.0193567 -0.00149458 0.999812 -0.0127572 0.0 0.0 0.0 1.0
office/seq-01/color/frame-000132.color.png office/seq-01/color/frame-000134.color.png 0.999943 0.0021026 -0.0104518 0.0207846 -0.00208052 0.999995 0.00212355 0.000804514 0.0104563 -0.00210167 0.999943 -0.00717959 0.0 0.0 0.0 1.0
office/seq-01/color/frame-000133.color.png office/seq-01/color/frame-000135.color.png 0.999939 -0.000245832 -0.0110231 0.00889754 0.000332298 0.999969 0.00784383 -0.00821817 0.0110207 -0.00784697 0.999908 -0.0137883 0.0 0.0 0.0 1.0
office/seq-01/color/frame-000134.color.png office/seq-01/color/frame-000136.color.png 0.999499 0.00147131 -0.0315982 0.030274 -0.00105767 0.999914 0.0131026 -0.0153159 0.0316147 -0.0130626 0.999415 -0.0189583 0.0 0.0 0.0 1.0
office/seq-01/color/frame-000135.color.png office/seq-01/color/frame-000137.color.png 0.999368 0.00523468 -0.0351638 0.0385624 -0.00536927 0.999979 -0.00373412 0.00472003 0.0351435 0.00392057 0.999375 -0.0174993 0.0 0.0 0.0 1.0
office/seq-01/color/frame-000136.color.png office/seq-01/color/frame-000138.color.png 0.999451 0.00755435 -0.0322615 0.0398581 -0.00787164 0.999922 -0.00971969 0.0128659 0.0321855 0.0099683 0.999432 -0.0172275 0.0 0.0 0.0 1.0
office/seq-01/color/frame-000137.color.png office/seq-01/color/frame-000139.color.png 0.999339 0.00766904 -0.035534 0.0470992 -0.00785946 0.999956 -0.00522221 0.00336525 0.0354925 0.00549804 0.999355 -0.01966 0.0 0.0 0.0 1.0
office/seq-01/color/frame-000138.color.png office/seq-01/color/frame-000140.color.png 0.99912 0.0150521 -0.0391401 0.0522575 -0.0154965 0.999819 -0.0110761 0.00915289 0.0389663 0.0116728 0.999172 -0.0241584 0.0 0.0 0.0 1.0
office/seq-01/color/frame-000139.color.png office/seq-01/color/frame-000141.color.png 0.999199 0.0174611 -0.0360158 0.0506431 -0.0179042 0.999767 -0.0120192 0.013547 0.0357976 0.0126545 0.999279 -0.0290506 0.0 0.0 0.0 1.0
office/seq-01/color/frame-000140.color.png office/seq-01/color/frame-000142.color.png 0.999218 0.0137898 -0.0370445 0.0571091 -0.013841 0.999904 -0.00112535 0.00927091 0.0370255 0.0016372 0.999313 -0.0227516 0.0 0.0 0.0 1.0
office/seq-01/color/frame-000141.color.png office/seq-01/color/frame-000143.color.png 0.999742 0.00797727 -0.0212567 0.0367166 -0.0080439 0.999963 -0.00305233 0.0121823 0.0212316 0.00322241 0.999769 -0.0115954 0.0 0.0 0.0 1.0
office/seq-01/color/frame-000142.color.png office/seq-01/color/frame-000144.color.png 0.99987 0.00914003 -0.0132835 0.0211769 -0.00906966 0.999945 0.00534743 0.005582 0.0133318 -0.00522628 0.999897 -0.00929725 0.0 0.0 0.0 1.0
office/seq-01/color/frame-000143.color.png office/seq-01/color/frame-000145.color.png 0.999493 0.0193872 -0.0252458 0.0468521 -0.0191295 0.999763 0.0104089 0.0115297 0.0254415 -0.00992067 0.999627 -0.0228676 0.0 0.0 0.0 1.0
office/seq-01/color/frame-000144.color.png office/seq-01/color/frame-000146.color.png 0.99945 0.0240004 -0.0228762 0.0501778 -0.023718 0.99964 0.0125329 0.0115312 0.0231688 -0.0119834 0.99966 -0.029142 0.0 0.0 0.0 1.0
office/seq-01/color/frame-000145.color.png office/seq-01/color/frame-000147.color.png 0.999414 0.024834 -0.0235499 0.0489072 -0.0245162 0.999606 0.0136893 0.0124815 0.0238806 -0.0131039 0.999629 -0.0249587 0.0 0.0 0.0 1.0
office/seq-01/color/frame-000146.color.png office/seq-01/color/frame-000148.color.png 0.999586 0.0218759 -0.018667 0.0411917 -0.0216737 0.999705 0.0109688 0.0149709 0.0189013 -0.0105597 0.999766 -0.0214328 0.0 0.0 0.0 1.0
office/seq-01/color/frame-000147.color.png office/seq-01/color/frame-000149.color.png 0.999679 0.014996 -0.0204014 0.0411928 -0.0146093 0.999713 0.0189693 -0.0046767 0.02068 -0.0186652 0.999612 -0.0186866 0.0 0.0 0.0 1.0
office/seq-01/color/frame-000148.color.png office/seq-01/color/frame-000150.color.png 0.999597 0.00315611 -0.0282095 0.0338756 -0.00275916 0.999897 0.0141 -0.0146502 0.0282513 -0.0140165 0.999502 -0.00944728 0.0 0.0 0.0 1.0
office/seq-01/color/frame-000149.color.png office/seq-01/color/frame-000151.color.png 0.999478 -0.0069615 -0.031541 0.0351993 0.00708945 0.999967 0.00394758 -0.0252559 0.0315125 -0.00416916 0.999495 -0.0141603 0.0 0.0 0.0 1.0
office/seq-01/color/frame-000150.color.png office/seq-01/color/frame-000152.color.png 0.999442 -0.00918614 -0.0321175 0.0402504 0.00895213 0.999932 -0.0074242 -0.0127719 0.0321835 0.00713253 0.999457 -0.0185076 0.0 0.0 0.0 1.0
office/seq-01/color/frame-000151.color.png office/seq-01/color/frame-000153.color.png 0.999534 -0.0130843 -0.0275698 0.0404015 0.0128093 0.999867 -0.0101224 -0.0120004 0.0276984 0.0097646 0.999569 -0.0141823 0.0 0.0 0.0 1.0
office/seq-01/color/frame-000152.color.png office/seq-01/color/frame-000154.color.png 0.999556 -0.0165138 -0.0248226 0.0593857 0.0164303 0.999859 -0.0035589 -0.0204908 0.0248777 0.00314949 0.999686 -0.0188614 0.0 0.0 0.0 1.0
office/seq-01/color/frame-000153.color.png office/seq-01/color/frame-000155.color.png 0.999753 -0.00860369 -0.0204685 0.0536752 0.00880409 0.999914 0.00971529 -0.0180244 0.0203833 -0.00989313 0.999743 -0.0143077 0.0 0.0 0.0 1.0
office/seq-01/color/frame-000154.color.png office/seq-01/color/frame-000156.color.png 0.999835 -0.00570471 -0.0172615 0.029158 0.00594526 0.999885 0.0139127 -0.0191176 0.0171802 -0.0140131 0.999754 -0.00522822 0.0 0.0 0.0 1.0
office/seq-01/color/frame-000155.color.png office/seq-01/color/frame-000157.color.png 0.999776 -0.00528951 -0.020515 0.0386153 0.00525398 0.999985 -0.00178152 -0.00609043 0.0205239 0.00167336 0.999788 -0.00492081 0.0 0.0 0.0 1.0
office/seq-01/color/frame-000156.color.png office/seq-01/color/frame-000158.color.png 0.999935 0.0060946 -0.00963171 0.0341554 -0.00619577 0.999926 -0.0105099 0.0133173 0.0095669 0.010569 0.999898 -0.0107205 0.0 0.0 0.0 1.0
office/seq-01/color/frame-000157.color.png office/seq-01/color/frame-000159.color.png 0.999897 0.0107553 -0.00951153 0.0318735 -0.0108068 0.999927 -0.00538672 0.0153926 0.0094531 0.00548898 0.99994 0.00732186 0.0 0.0 0.0 1.0
office/seq-01/color/frame-000158.color.png office/seq-01/color/frame-000160.color.png 0.999941 0.00951022 -0.00528516 0.0384971 -0.00955138 0.999924 -0.00780456 0.0162959 0.00521053 0.00785463 0.999956 0.00711033 0.0 0.0 0.0 1.0
office/seq-01/color/frame-000159.color.png office/seq-01/color/frame-000161.color.png 0.999873 0.0148826 0.00572286 0.0257838 -0.0148586 0.999881 -0.00423366 0.0136445 -0.00578522 0.00414806 0.999975 0.00401658 0.0 0.0 0.0 1.0
office/seq-01/color/frame-000160.color.png office/seq-01/color/frame-000162.color.png 0.999942 0.0103266 -0.00315114 0.0232246 -0.010292 0.999889 0.0108048 -0.0127441 0.00326236 -0.0107718 0.999937 0.0134952 0.0 0.0 0.0 1.0
office/seq-01/color/frame-000161.color.png office/seq-01/color/frame-000163.color.png 0.999947 0.00245008 -0.00996357 0.0215465 -0.00237168 0.999966 0.00786461 -0.0145207 0.00998248 -0.00784048 0.999919 -0.00317812 0.0 0.0 0.0 1.0
office/seq-01/color/frame-000162.color.png office/seq-01/color/frame-000164.color.png 0.999866 0.00237232 -0.0162136 0.0408788 -0.00235239 0.999996 0.00125258 0.00279298 0.0162166 -0.00121427 0.999868 -0.00898036 0.0 0.0 0.0 1.0
office/seq-01/color/frame-000163.color.png office/seq-01/color/frame-000165.color.png 0.999929 0.00462038 -0.0109431 0.0301583 -0.00460092 0.999988 0.00180922 0.00373399 0.0109514 -0.0017588 0.999939 -0.00015828 0.0 0.0 0.0 1.0
office/seq-01/color/frame-000164.color.png office/seq-01/color/frame-000166.color.png 0.999857 0.00693169 -0.0153996 0.0311657 -0.00698962 0.999969 -0.00371475 0.011304 0.0153734 0.00382185 0.999875 0.00950873 0.0 0.0 0.0 1.0
office/seq-01/color/frame-000165.color.png office/seq-01/color/frame-000167.color.png 0.99961 0.00301895 -0.0277516 0.0578672 -0.00332026 0.999936 -0.0108201 0.0356984 0.0277172 0.010908 0.999556 0.0314889 0.0 0.0 0.0 1.0
office/seq-01/color/frame-000166.color.png office/seq-01/color/frame-000168.color.png 0.99986 0.0166725 0.00149219 0.0301665 -0.016663 0.999842 -0.00618559 0.0212222 -0.00159509 0.00615982 0.99998 0.0191534 0.0 0.0 0.0 1.0
office/seq-01/color/frame-000167.color.png office/seq-01/color/frame-000169.color.png 0.999853 0.0169567 0.00240289 0.0265557 -0.0169632 0.999852 0.00269742 0.00613785 -0.00235685 -0.00273774 0.999993 0.0134361 0.0 0.0 0.0 1.0
office/seq-01/color/frame-000168.color.png office/seq-01/color/frame-000170.color.png 0.999898 0.0100163 -0.0101334 0.0290269 -0.00997964 0.999943 0.00366363 0.00194937 0.0101694 -0.00356206 0.999942 0.00888094 0.0 0.0 0.0 1.0
office/seq-01/color/frame-000169.color.png office/seq-01/color/frame-000171.color.png 0.999918 0.00437463 -0.0120753 0.0311884 -0.00439916 0.999988 -0.00200848 0.00965279 0.0120663 0.00206142 0.999925 0.0103007 0.0 0.0 0.0 1.0
office/seq-01/color/frame-000170.color.png office/seq-01/color/frame-000172.color.png 0.999968 0.00598398 -0.0053891 0.02974 -0.00598076 0.999982 0.000610418 0.00793713 0.00539264 -0.000578123 0.999985 0.0236967 0.0 0.0 0.0 1.0
office/seq-01/color/frame-000171.color.png office/seq-01/color/frame-000173.color.png 0.999945 0.0098277 0.00355318 0.0236914 -0.00981033 0.99994 -0.00490772 0.0126452 -0.0036012 0.00487263 0.999982 0.0287738 0.0 0.0 0.0 1.0
office/seq-01/color/frame-000172.color.png office/seq-01/color/frame-000174.color.png 0.999914 0.00777504 0.0105541 0.0114845 -0.00778316 0.999969 0.000726612 0.00234383 -0.0105481 -0.000808675 0.999944 0.0299289 0.0 0.0 0.0 1.0
office/seq-01/color/frame-000173.color.png office/seq-01/color/frame-000175.color.png 0.999973 0.0061565 0.00409486 0.014773 -0.0062208 0.999854 0.0158882 -0.0222049 -0.0039966 -0.0159133 0.999865 0.0244321 0.0 0.0 0.0 1.0
office/seq-01/color/frame-000174.color.png office/seq-01/color/frame-000176.color.png 0.999999 -0.00152693 0.000705343 0.0167334 0.00151812 0.999922 0.0124398 -0.0133022 -0.000724106 -0.0124388 0.999922 0.0134927 0.0 0.0 0.0 1.0
