office/seq-01/color/frame-000001.color.png office/seq-01/color/frame-000004.color.png 0.999993 -0.00385584 0.000282604 -0.00169223 0.00385571 0.999992 0.00045381 0.00324696 -0.000284351 -0.000452717 1.0 0.00257956 0.0 0.0 0.0 1.0
office/seq-01/color/frame-000004.color.png office/seq-01/color/frame-000007.color.png 0.999981 -0.00392886 -0.00480309 0.000134254 0.00396079 0.99997 0.00665665 -0.000207236 0.00477679 -0.00667555 0.999966 0.00351586 0.0 0.0 0.0 1.0
office/seq-01/color/frame-000007.color.png office/seq-01/color/frame-000010.color.png 0.99995 -0.00898589 0.00435124 -0.00303079 0.00893098 0.999882 0.0124785 -0.00454376 -0.00446285 -0.012439 0.999913 0.00944991 0.0 0.0 0.0 1.0
office/seq-01/color/frame-000010.color.png office/seq-01/color/frame-000013.color.png 0.999932 -0.0106657 0.00470201 -0.0040441 0.0106341 0.999921 0.00669765 -0.00627573 -0.00477308 -0.00664719 0.999967 0.00863596 0.0 0.0 0.0 1.0
office/seq-01/color/frame-000013.color.png office/seq-01/color/frame-000016.color.png 0.999892 -0.0140306 0.00441938 -0.0080601 0.0140019 0.999881 0.00644747 -0.00417236 -0.00450931 -0.0063849 0.999969 0.0113727 0.0 0.0 0.0 1.0
office/seq-01/color/frame-000016.color.png office/seq-01/color/frame-000019.color.png 0.999956 -0.00929637 0.00102073 -0.00569401 0.00928981 0.999937 0.00625458 -0.0142702 -0.00107881 -0.00624483 0.99998 0.014957 0.0 0.0 0.0 1.0
office/seq-01/color/frame-000019.color.png office/seq-01/color/frame-000022.color.png 0.99992 -0.0125861 0.00158148 -0.00238389 0.0125762 0.999902 0.00608782 -0.00595839 -0.00165795 -0.00606744 0.99998 0.0101695 0.0 0.0 0.0 1.0
office/seq-01/color/frame-000022.color.png office/seq-01/color/frame-000025.color.png 0.999864 -0.0108999 0.012365 -0.011608 0.0106866 0.999795 0.0171885 -0.0150828 -0.0125498 -0.0170541 0.999776 0.0200385 0.0 0.0 0.0 1.0
office/seq-01/color/frame-000025.color.png office/seq-01/color/frame-000028.color.png 0.999916 -0.00929982 -0.00898349 -0.00449251 0.00944398 0.999825 0.016138 -0.00914443 0.00883184 -0.0162215 0.999829 0.0152519 0.0 0.0 0.0 1.0
office/seq-01/color/frame-000028.color.png office/seq-01/color/frame-000031.color.png 0.999868 -0.0116094 0.0113576 -0.000977397 0.0113741 0.999723 0.0205759 -0.0187746 -0.0115934 -0.020444 0.999724 0.0222427 0.0 0.0 0.0 1.0
office/seq-01/color/frame-000031.color.png office/seq-01/color/frame-000034.color.png 0.999949 0.00913651 0.00433287 -0.00532379 -0.00909466 0.999913 -0.00958738 -0.0205761 -0.00442009 0.00954747 0.999945 0.0200366 0.0 0.0 0.0 1.0
office/seq-01/color/frame-000034.color.png office/seq-01/color/frame-000037.color.png 0.99979 -0.00703602 0.0192465 -0.00697613 0.00703526 0.999975 0.000108356 -0.00816786 -0.0192468 2.7069e-05 0.999815 0.0114004 0.0 0.0 0.0 1.0
office/seq-01/color/frame-000037.color.png office/seq-01/color/frame-000040.color.png 0.999923 -0.00654141 0.0105855 -0.00457617 0.00648871 0.999967 0.00500494 -0.0117906 -0.0106179 -0.00493585 0.999932 0.0192837 0.0 0.0 0.0 1.0
office/seq-01/color/frame-000040.color.png office/seq-01/color/frame-000043.color.png 0.999928 -0.00643689 0.0101582 -0.00220371 0.00634796 0.999941 0.00876266 -0.0111548 -0.010214 -0.00869755 0.99991 0.0163906 0.0 0.0 0.0 1.0
office/seq-01/color/frame-000043.color.png office/seq-01/color/frame-000046.color.png 0.999981 -0.00336759 0.00518922 -0.00471404 0.00333403 0.999974 0.00646112 -0.0160403 -0.00521084 -0.0064437 0.999966 0.016285 0.0 0.0 0.0 1.0
office/seq-01/color/frame-000046.color.png office/seq-01/color/frame-000049.color.png 0.999897 -0.0079704 0.0119648 -0.00658748 0.00780303 0.999872 0.013971 -0.0203267 -0.0120746 -0.0138761 0.999831 0.0233387 0.0 0.0 0.0 1.0
office/seq-01/color/frame-000049.color.png office/seq-01/color/frame-000052.color.png 0.999922 0.0124978 -0.000901112 0.00849791 -0.0125102 0.999803 -0.0153914 -0.00744106 0.000708567 0.0154014 0.999881 0.0145312 0.0 0.0 0.0 1.0
office/seq-01/color/frame-000052.color.png office/seq-01/color/frame-000055.color.png 0.999852 -0.0037986 0.0167934 -0.020235 0.00340461 0.99972 0.0234249 -0.0355608 -0.0168777 -0.0233643 0.999585 0.0206307 0.0 0.0 0.0 1.0
office/seq-01/color/frame-000055.color.png office/seq-01/color/frame-000058.color.png 0.999745 0.0118033 -0.0192744 0.0291093 -0.0121674 0.999748 -0.0188849 -0.0174319 0.0190466 0.0191146 0.999636 0.0167129 0.0 0.0 0.0 1.0
office/seq-01/color/frame-000058.color.png office/seq-01/color/frame-000061.color.png 0.999952 0.00721478 0.00657903 0.000983153 -0.0072137 0.999974 -0.00018837 -0.00354338 -0.00658024 0.000140895 0.999978 0.0122544 0.0 0.0 0.0 1.0
office/seq-01/color/frame-000061.color.png office/seq-01/color/frame-000064.color.png 0.999501 0.0233975 -0.0212007 0.0307654 -0.0233195 0.99972 0.0039217 -0.0151189 0.0212865 -0.00342534 0.999767 0.00875869 0.0 0.0 0.0 1.0
office/seq-01/color/frame-000064.color.png office/seq-01/color/frame-000067.color.png 0.999911 0.012878 -0.00358657 0.026841 -0.012784 0.999603 0.0250992 -0.0431751 0.00390837 -0.0250511 0.999679 0.00281847 0.0 0.0 0.0 1.0
office/seq-01/color/frame-000067.color.png office/seq-01/color/frame-000070.color.png 0.999871 0.0144999 -0.00695653 0.031011 -0.0145142 0.999893 -0.00201373 -0.0121106 0.0069266 0.00211444 0.999974 -0.000371367 0.0 0.0 0.0 1.0
office/seq-01/color/frame-000070.color.png office/seq-01/color/frame-000073.color.png 0.999852 0.00443103 -0.0165958 0.0334023 -0.0044476 0.99999 -0.000961092 -0.00123373 0.0165913 0.00103474 0.999862 -0.00815251 0.0 0.0 0.0 1.0
office/seq-01/color/frame-000073.color.png office/seq-01/color/frame-000076.color.png 0.999936 -0.00418167 -0.0104913 0.0407178 0.00435497 0.999854 0.0165497 -0.0217349 0.0104206 -0.0165943 0.999808 -0.0177623 0.0 0.0 0.0 1.0
office/seq-01/color/frame-000076.color.png office/seq-01/color/frame-000079.color.png 0.999935 0.00719517 -0.00884604 0.052371 -0.00704489 0.999832 0.0169037 -0.0176283 0.00896619 -0.0168403 0.999818 -0.0163833 0.0 0.0 0.0 1.0
office/seq-01/color/frame-000079.color.png office/seq-01/color/frame-000082.color.png 0.999681 0.0112598 -0.0226241 0.0463344 -0.0111298 0.999921 0.00586609 -0.0152957 0.0226883 -0.00561244 0.999727 -0.00808981 0.0 0.0 0.0 1.0
office/seq-01/color/frame-000082.color.png office/seq-01/color/frame-000085.color.png 0.999655 0.00761472 -0.0251255 0.0432566 -0.00764974 0.99997 -0.00129813 -0.00334272 0.0251149 0.00148987 0.999683 -0.0106105 0.0 0.0 0.0 1.0
office/seq-01/color/frame-000085.color.png office/seq-01/color/frame-000088.color.png 0.999187 0.0165498 -0.0367526 0.0517509 -0.0164395 0.999859 0.00330165 -0.016452 0.036802 -0.00269477 0.999319 -0.012127 0.0 0.0 0.0 1.0
office/seq-01/color/frame-000088.color.png office/seq-01/color/frame-000091.color.png 0.99958 0.0139289 -0.0254084 0.0590227 -0.0138239 0.999895 0.00430437 -0.0121636 0.0254657 -0.00395132 0.999668 -0.0117758 0.0 0.0 0.0 1.0
office/seq-01/color/frame-000091.color.png office/seq-01/color/frame-000094.color.png 0.99977 0.0142301 -0.0160189 0.0422803 -0.0141839 0.999895 0.0029906 -0.002823 0.0160597 -0.00276271 0.999867 -0.00348961 0.0 0.0 0.0 1.0
office/seq-01/color/frame-000094.color.png office/seq-01/color/frame-000097.color.png 0.999765 0.0093213 -0.0195593 0.0550067 -0.00936801 0.999953 -0.00229794 -0.00270578 0.019537 0.00248059 0.999806 -0.00820559 0.0 0.0 0.0 1.0
office/seq-01/color/frame-000097.color.png office/seq-01/color/frame-000100.color.png 0.999896 0.00301842 -0.0140907 0.0332533 -0.00297256 0.99999 0.00327275 0.00947532 0.0141005 -0.00323052 0.999895 -0.00139201 0.0 0.0 0.0 1.0
office/seq-01/color/frame-000100.color.png office/seq-01/color/frame-000103.color.png 0.999446 -0.00199114 -0.033214 0.0690612 0.00213894 0.999988 0.00441565 0.00112081 0.0332048 -0.0044842 0.999438 8.30889e-05 0.0 0.0 0.0 1.0
office/seq-01/color/frame-000103.color.png office/seq-01/color/frame-000106.color.png 0.999804 0.00870628 -0.0177947 0.0466656 -0.00855484 0.999927 0.00856815 0.00510329 0.0178679 -0.00841425 0.999805 -0.00898743 0.0 0.0 0.0 1.0
office/seq-01/color/frame-000106.color.png office/seq-01/color/frame-000109.color.png 0.999795 0.00807452 -0.0185616 0.0420791 -0.00810891 0.999965 -0.00177851 0.016791 0.0185466 0.00192864 0.999826 -0.0101639 0.0 0.0 0.0 1.0
office/seq-01/color/frame-000109.color.png office/seq-01/color/frame-000112.color.png 0.999207 0.024091 -0.0316921 0.0556551 -0.0239591 0.999703 0.00453451 0.0189865 0.0317919 -0.00377162 0.999487 -0.0194859 0.0 0.0 0.0 1.0
office/seq-01/color/frame-000112.color.png office/seq-01/color/frame-000115.color.png 0.999394 0.0129035 -0.0323287 0.0437421 -0.0131726 0.99988 -0.00812387 0.0080688 0.03222 0.00854481 0.999444 -0.0139983 0.0 0.0 0.0 1.0
office/seq-01/color/frame-000115.color.png office/seq-01/color/frame-000118.color.png 0.998246 3.35315e-06 -0.0592042 0.0840512 0.000364772 0.999981 0.00620739 -0.0143872 0.059203 -0.00621811 0.998227 -0.0383046 0.0 0.0 0.0 1.0
office/seq-01/color/frame-000118.color.png office/seq-01/color/frame-000121.color.png 0.999476 0.00766981 -0.0314522 0.0364093 -0.00720296 0.999863 0.0149298 -0.00488728 0.0315624 -0.0146954 0.999394 -0.0317794 0.0 0.0 0.0 1.0
office/seq-01/color/frame-000121.color.png office/seq-01/color/frame-000124.color.png 0.999723 0.0104923 -0.021048 0.0329542 -0.0100103 0.999688 0.0228749 -0.0164626 0.0212814 -0.0226579 0.999517 -0.0189475 0.0 0.0 0.0 1.0
office/seq-01/color/frame-000124.color.png office/seq-01/color/frame-000127.color.png 0.999251 0.00962884 -0.0374858 0.0514206 -0.00965493 0.999953 -0.000515704 -0.00646517 0.0374791 0.000877269 0.999297 -0.0173005 0.0 0.0 0.0 1.0
office/seq-01/color/frame-000127.color.png office/seq-01/color/frame-000130.color.png 0.998875 0.0097107 -0.0464118 0.0569507 -0.00996788 0.999936 -0.00531214 -0.00667337 0.0463572 0.00576876 0.998908 -0.0243649 0.0 0.0 0.0 1.0
office/seq-01/color/frame-000130.color.png office/seq-01/color/frame-000133.color.png 0.998977 0.00850061 -0.044415 0.0782258 -0.00812522 0.99993 0.00862484 -0.0138362 0.0444852 -0.00825514 0.998976 -0.0223849 0.0 0.0 0.0 1.0
office/seq-01/color/frame-000133.color.png office/seq-01/color/frame-000136.color.png 0.999522 -9.08296e-05 -0.0309275 0.0299583 0.00047259 0.999924 0.0123373 -0.0133376 0.030924 -0.0123459 0.999445 -0.0195915 0.0 0.0 0.0 1.0
office/seq-01/color/frame-000136.color.png office/seq-01/color/frame-000139.color.png 0.998808 0.0130909 -0.0470316 0.0523881 -0.0137592 0.999808 -0.0139131 0.0164016 0.0468404 0.0145437 0.998796 -0.0261182 0.0 0.0 0.0 1.0
office/seq-01/color/frame-000139.color.png office/seq-01/color/frame-000142.color.png 0.998239 0.023848 -0.0543239 0.0860322 -0.0246654 0.999592 -0.0144255 0.0250656 0.0539576 0.0157399 0.998419 -0.0449446 0.0 0.0 0.0 1.0
office/seq-01/color/frame-000142.color.png office/seq-01/color/frame-000145.color.png 0.999515 0.0177565 -0.0255894 0.0559236 -0.0175232 0.999803 0.0093141 0.0101832 0.0257498 -0.00886119 0.999629 -0.0319996 0.0 0.0 0.0 1.0
office/seq-01/color/frame-000145.color.png office/seq-01/color/frame-000148.color.png 0.998555 0.0342347 -0.0414151 0.0873491 -0.0332042 0.999128 0.0253187 0.010724 0.0422458 -0.0239069 0.998821 -0.0295469 0.0 0.0 0.0 1.0
office/seq-01/color/frame-000148.color.png office/seq-01/color/frame-000151.color.png 0.999167 -0.000450141 -0.0407978 0.042551 0.000721776 0.999978 0.00664111 -0.0163817 0.0407938 -0.00666509 0.999145 -0.0223711 0.0 0.0 0.0 1.0
office/seq-01/color/frame-000151.color.png office/seq-01/color/frame-000154.color.png 0.999389 -0.0193966 -0.0290866 0.0530823 0.0192207 0.999795 -0.00631878 -0.0245501 0.0292033 0.00575584 0.999557 -0.0230075 0.0 0.0 0.0 1.0
office/seq-01/color/frame-000154.color.png office/seq-01/color/frame-000157.color.png 0.999675 -0.00553194 -0.0248885 0.0507858 0.00573475 0.999951 0.008086 -0.0176985 0.0248425 -0.00822609 0.999658 -0.0128904 0.0 0.0 0.0 1.0
office/seq-01/color/frame-000157.color.png office/seq-01/color/frame-000160.color.png 0.999795 0.0129752 -0.0155402 0.0658034 -0.0130779 0.999893 -0.00652482 0.01706 0.0154537 0.00672683 0.999858 0.00882572 0.0 0.0 0.0 1.0
office/seq-01/color/frame-000160.color.png office/seq-01/color/frame-000163.color.png 0.999715 0.00574812 -0.0231467 0.0599504 -0.00539535 0.999869 0.0152713 -0.0185969 0.0232315 -0.0151422 0.999615 0.013481 0.0 0.0 0.0 1.0
office/seq-01/color/frame-000163.color.png office/seq-01/color/frame-000166.color.png 0.999748 0.0119512 -0.0190023 0.0490508 -0.0120326 0.999919 -0.00417512 0.0172927 0.0189508 0.00440268 0.999811 0.00200546 0.0 0.0 0.0 1.0
office/seq-01/color/frame-000166.color.png office/seq-01/color/frame-000169.color.png 0.99972 0.0235538 -0.00223822 0.0437788 -0.0235625 0.999715 -0.00390407 0.0249228 0.00214561 0.00395576 0.99999 0.0266815 0.0 0.0 0.0 1.0
office/seq-01/color/frame-000169.color.png office/seq-01/color/frame-000172.color.png 0.999902 0.00892193 -0.0107775 0.0450543 -0.00893666 0.999959 -0.00132868 0.0122238 0.0107651 0.00142483 0.999941 0.0240785 0.0 0.0 0.0 1.0
office/seq-01/color/frame-000172.color.png office/seq-01/color/frame-000175.color.png 0.999918 0.0077834 0.0101225 0.021804 -0.00785937 0.999941 0.00748139 -0.0045138 -0.0100637 -0.00756027 0.999921 0.0369032 0.0 0.0 0.0 1.0
office/seq-01/color/frame-000175.color.png office/seq-01/color/frame-000178.color.png 0.999999 0.000225481 0.00166441 0.026806 -0.000244175 0.999937 0.0112054 -0.0135388 -0.00166165 -0.0112058 0.999936 0.0428967 0.0 0.0 0.0 1.0
office/seq-01/color/frame-000178.color.png office/seq-01/color/frame-000181.color.png 0.999973 -0.00450016 -0.00586404 0.0368118 0.0046795 0.999511 0.0309321 -0.0623455 0.00572186 -0.0309587 0.999504 0.0290071 0.0 0.0 0.0 1.0
office/seq-01/color/frame-000181.color.png office/seq-01/color/frame-000184.color.png 0.999971 2.06718e-05 -0.00756967 0.0357513 2.66154e-05 0.999981 0.00624549 0.00450587 0.0075696 -0.00624547 0.999952 0.020241 0.0 0.0 0.0 1.0
office/seq-01/color/frame-000184.color.png office/seq-01/color/frame-000187.color.png 0.99999 5.89525e-06 -0.00452892 0.0232636 2.8883e-05 0.999971 0.00767188 -0.0160441 0.00452895 -0.00767195 0.99996 0.0204903 0.0 0.0 0.0 1.0
office/seq-01/color/frame-000187.color.png office/seq-01/color/frame-000190.color.png 0.99995 0.00737225 -0.00677378 0.0297021 -0.00738836 0.99997 -0.00235993 -0.00212502 0.00675615 0.00240984 0.999974 0.0369342 0.0 0.0 0.0 1.0
office/seq-01/color/frame-000190.color.png office/seq-01/color/frame-000193.color.png 0.999715 0.0105172 -0.0214228 0.0440453 -0.0107253 0.999896 -0.00962276 0.0234694 0.0213193 0.00984979 0.999724 0.00788033 0.0 0.0 0.0 1.0
office/seq-01/color/frame-000193.color.png office/seq-01/color/frame-000196.color.png 0.999375 0.0058135 -0.0348816 0.0485848 -0.0054479 0.999929 0.0105678 -0.0157328 0.0349406 -0.0103711 0.999336 -0.00559121 0.0 0.0 0.0 1.0
office/seq-01/color/frame-000196.color.png office/seq-01/color/frame-000199.color.png 0.999207 0.0117174 -0.0380494 0.0631361 -0.0115674 0.999924 0.00415964 0.00406581 0.0380951 -0.00371627 0.999267 0.00458699 0.0 0.0 0.0 1.0
office/seq-01/color/frame-000199.color.png office/seq-01/color/frame-000202.color.png 0.99968 0.00335881 -0.0250689 0.0354928 -0.00300883 0.999898 0.0139833 -0.0210619 0.0251133 -0.0139034 0.999588 -0.00349027 0.0 0.0 0.0 1.0
office/seq-01/color/frame-000202.color.png office/seq-01/color/frame-000205.color.png 0.99961 0.00578465 -0.0273073 0.0394329 -0.00552695 0.99994 0.00950298 -0.0165814 0.0273605 -0.00934832 0.999582 -0.00575459 0.0 0.0 0.0 1.0
office/seq-01/color/frame-000205.color.png office/seq-01/color/frame-000208.color.png 0.999123 0.0087785 -0.0409415 0.0496055 -0.00908374 0.999932 -0.00727583 0.0186639 0.040875 0.00764137 0.999135 -0.0180006 0.0 0.0 0.0 1.0
office/seq-01/color/frame-000208.color.png office/seq-01/color/frame-000211.color.png 0.999757 0.00690315 -0.0209499 0.0210497 -0.0067379 0.999946 0.00794836 -0.0181421 0.0210036 -0.00780527 0.999749 -0.0126907 0.0 0.0 0.0 1.0
office/seq-01/color/frame-000211.color.png office/seq-01/color/frame-000214.color.png 0.999818 0.010368 -0.0160352 0.0188342 -0.0106336 0.999806 -0.016571 0.0288807 0.0158603 0.0167385 0.999734 0.000414491 0.0 0.0 0.0 1.0
office/seq-01/color/frame-000214.color.png office/seq-01/color/frame-000217.color.png 0.999261 0.0184762 -0.0337136 0.0312972 -0.0176001 0.999504 0.0261038 -0.0364614 0.0341791 -0.0254912 0.99909 0.00998974 0.0 0.0 0.0 1.0
office/seq-01/color/frame-000217.color.png office/seq-01/color/frame-000220.color.png 0.999834 0.0120252 -0.0136573 0.00260282 -0.0118814 0.999874 0.0105599 -0.00288892 0.0137826 -0.0103959 0.999851 -0.00374186 0.0 0.0 0.0 1.0
office/seq-01/color/frame-000220.color.png office/seq-01/color/frame-000223.color.png 0.999778 0.0108305 -0.0180653 -0.0141591 -0.0106666 0.999901 0.00914369 -0.019241 0.0181626 -0.00894895 0.999795 -0.0107439 0.0 0.0 0.0 1.0
office/seq-01/color/frame-000223.color.png office/seq-01/color/frame-000226.color.png 0.999537 -0.00334887 -0.0302374 0.00466168 0.00327207 0.999991 -0.00258875 -0.00685823 0.0302457 0.0024886 0.999539 -0.0252156 0.0 0.0 0.0 1.0
office/seq-01/color/frame-000226.color.png office/seq-01/color/frame-000229.color.png 0.999434 0.00768185 -0.0327654 -0.0142512 -0.00744576 0.999945 0.00732179 -0.0176501 0.0328198 -0.00707366 0.999436 -0.0410537 0.0 0.0 0.0 1.0
office/seq-01/color/frame-000229.color.png office/seq-01/color/frame-000232.color.png 0.999528 0.00284852 -0.0305966 -0.001243 -0.00271097 0.999986 0.00452968 -0.00450689 0.0306091 -0.00444463 0.999522 -0.0448742 0.0 0.0 0.0 1.0
office/seq-01/color/frame-000232.color.png office/seq-01/color/frame-000235.color.png 0.999196 0.0053239 -0.0397302 -0.000191092 -0.00464608 0.999842 0.0171371 -0.0113668 0.0398152 -0.0169387 0.999064 -0.0480177 0.0 0.0 0.0 1.0
office/seq-01/color/frame-000235.color.png office/seq-01/color/frame-000238.color.png 0.999143 0.00756949 -0.0406899 0.00539625 -0.00685636 0.999821 0.0176365 -0.0185766 0.0408162 -0.0173424 0.999016 -0.0524167 0.0 0.0 0.0 1.0
office/seq-01/color/frame-000238.color.png office/seq-01/color/frame-000241.color.png 0.999393 0.0104058 -0.0332503 0.000697017 -0.0100879 0.999902 0.00971143 0.00812495 0.0333481 -0.00937011 0.9994 -0.0365268 0.0 0.0 0.0 1.0
office/seq-01/color/frame-000241.color.png office/seq-01/color/frame-000244.color.png 0.999035 0.00663557 -0.0434276 -0.00457001 -0.00637192 0.99996 0.00620745 0.0152063 0.0434671 -0.00592474 0.999037 -0.050561 0.0 0.0 0.0 1.0
office/seq-01/color/frame-000244.color.png office/seq-01/color/frame-000247.color.png 0.998796 0.00219282 -0.049016 -0.00173795 -0.00166755 0.999941 0.0107542 -0.0139719 0.0490367 -0.0106595 0.99874 -0.0546101 0.0 0.0 0.0 1.0
office/seq-01/color/frame-000247.color.png office/seq-01/color/frame-000250.color.png 0.998944 -0.00168678 -0.0459151 -0.0043304 0.00188176 0.999989 0.00420402 -0.00302243 0.0459075 -0.00428599 0.998936 -0.0456302 0.0 0.0 0.0 1.0
office/seq-01/color/frame-000250.color.png office/seq-01/color/frame-000253.color.png 0.999435 0.00217677 -0.0335532 -0.0245596 -0.00162877 0.999865 0.0163471 -0.0292682 0.0335842 -0.0162832 0.999303 -0.033323 0.0 0.0 0.0 1.0
office/seq-01/color/frame-000253.color.png office/seq-01/color/frame-000256.color.png 0.998613 -0.0129501 -0.0510311 0.00291806 0.0133913 0.999876 0.00831602 -0.0359547 0.0509171 -0.00898788 0.998662 -0.0657007 0.0 0.0 0.0 1.0
office/seq-01/color/frame-000256.color.png office/seq-01/color/frame-000259.color.png 0.998646 -0.00392668 -0.0518765 0.0140329 0.00421517 0.999976 0.00545159 -0.0140296 0.0518539 -0.00566286 0.998639 -0.0755352 0.0 0.0 0.0 1.0
office/seq-01/color/frame-000259.color.png office/seq-01/color/frame-000262.color.png 0.999086 0.0122632 -0.0409526 0.0175679 -0.0118908 0.999886 0.00932663 0.0145612 0.0410624 -0.00883115 0.999117 -0.0437717 0.0 0.0 0.0 1.0
office/seq-01/color/frame-000262.color.png office/seq-01/color/frame-000265.color.png 0.998892 0.00404602 -0.0468964 0.0202637 -0.00392958 0.999989 0.00257468 0.0256097 0.0469062 -0.00238755 0.998897 -0.0344342 0.0 0.0 0.0 1.0
office/seq-01/color/frame-000265.color.png office/seq-01/color/frame-000268.color.png 0.999099 0.0174192 -0.0387058 0.00435352 -0.0173812 0.999848 0.00131561 0.0197267 0.0387229 -0.000641666 0.99925 -0.0595535 0.0 0.0 0.0 1.0
office/seq-01/color/frame-000268.color.png office/seq-01/color/frame-000271.color.png 0.999357 0.00182156 -0.0358151 0.0099768 -0.00182287 0.999998 -3.06291e-06 0.0326982 0.035815 6.83589e-05 0.999359 -0.062279 0.0 0.0 0.0 1.0
office/seq-01/color/frame-000271.color.png office/seq-01/color/frame-000274.color.png 0.999649 0.00638189 -0.0257191 -0.0336233 -0.00618561 0.999951 0.00770982 0.0124786 0.0257671 -0.00754806 0.999639 -0.0597055 0.0 0.0 0.0 1.0
office/seq-01/color/frame-000274.color.png office/seq-01/color/frame-000277.color.png 0.999892 0.00905328 -0.0116139 -0.0255327 -0.00897961 0.999939 0.00637234 0.00838256 0.0116709 -0.00626734 0.999912 -0.0441765 0.0 0.0 0.0 1.0
office/seq-01/color/frame-000277.color.png office/seq-01/color/frame-000280.color.png 0.999978 -0.0065713 -0.000401239 -0.0473464 0.00657328 0.999966 0.00503302 0.0112404 0.000368144 -0.00503552 0.999987 -0.0331652 0.0 0.0 0.0 1.0
office/seq-01/color/frame-000280.color.png office/seq-01/color/frame-000283.color.png 0.999919 0.0112158 0.00595371 -0.0436603 -0.0111648 0.999901 -0.00852776 0.0228894 -0.00604881 0.00846058 0.999946 -0.0136379 0.0 0.0 0.0 1.0
office/seq-01/color/frame-000283.color.png office/seq-01/color/frame-000286.color.png 0.999924 0.00521112 0.0111465 -0.0332905 -0.0052241 0.999986 0.00113325 0.00691199 -0.0111404 -0.0011914 0.999937 -0.0190917 0.0 0.0 0.0 1.0
office/seq-01/color/frame-000286.color.png office/seq-01/color/frame-000289.color.png 0.999963 0.00606021 0.00604842 -0.033849 -0.00603082 0.99997 -0.00485331 0.0212638 -0.00607767 0.00481663 0.99997 -0.0339419 0.0 0.0 0.0 1.0
office/seq-01/color/frame-000289.color.png office/seq-01/color/frame-000292.color.png 0.999983 0.00525848 -0.00235696 -0.0262051 -0.00527222 0.999969 -0.00576452 0.0276111 0.00232653 0.00577688 0.999981 -0.0119761 0.0 0.0 0.0 1.0
office/seq-01/color/frame-000292.color.png office/seq-01/color/frame-000295.color.png 0.999949 0.0101049 0.000601953 -0.0309203 -0.0100991 0.99991 -0.00885206 0.030964 -0.000691301 0.00884552 0.999961 -0.0355888 0.0 0.0 0.0 1.0
office/seq-01/color/frame-000295.color.png office/seq-01/color/frame-000298.color.png 0.999995 0.00247525 -0.00216227 -0.0279252 -0.00246718 0.99999 0.00373524 0.008587 0.00217149 -0.00372986 0.999991 -0.0341706 0.0 0.0 0.0 1.0
office/seq-01/color/frame-000298.color.png office/seq-01/color/frame-000301.color.png 0.999903 0.0113884 -0.00802599 -0.0352103 -0.0113481 0.999923 0.00504328 0.0198975 0.00808277 -0.00495176 0.999955 -0.0486085 0.0 0.0 0.0 1.0
office/seq-01/color/frame-000301.color.png office/seq-01/color/frame-000304.color.png 0.99985 0.00106751 -0.0173017 -0.0152607 -0.000952439 0.999977 0.00665942 0.00595582 0.0173084 -0.00664191 0.999828 -0.0350992 0.0 0.0 0.0 1.0
office/seq-01/color/frame-000304.color.png office/seq-01/color/frame-000307.color.png 0.999966 0.0013862 -0.00812335 -0.0205208 -0.00135171 0.99999 0.00424215 0.01491 0.00812922 -0.00423099 0.999958 -0.0299363 0.0 0.0 0.0 1.0
office/seq-01/color/frame-000307.color.png office/seq-01/color/frame-000310.color.png 0.999999 0.00150953 -4.23667e-05 -0.0446702 -0.0015098 0.999983 -0.00562994 0.0262847 3.38069e-05 0.00562999 0.999984 -0.0387319 0.0 0.0 0.0 1.0
office/seq-01/color/frame-000310.color.png office/seq-01/color/frame-000313.color.png 0.999944 -0.00730008 0.00765174 -0.0328186 0.00728495 0.999972 0.00201971 0.0112013 -0.00766628 -0.00196388 0.999969 -0.0423527 0.0 0.0 0.0 1.0
office/seq-01/color/frame-000313.color.png office/seq-01/color/frame-000316.color.png 0.999902 -0.0116488 -0.00777916 -0.0206847 0.011613 0.999922 -0.00462691 0.0251142 0.00783247 0.00453613 0.999959 -0.0131494 0.0 0.0 0.0 1.0
office/seq-01/color/frame-000316.color.png office/seq-01/color/frame-000319.color.png 0.999999 0.000256715 -0.00106441 -0.0137887 -0.000272442 0.999891 -0.0147348 0.0242725 0.00106048 0.014735 0.999891 -0.0216826 0.0 0.0 0.0 1.0
office/seq-01/color/frame-000319.color.png office/seq-01/color/frame-000322.color.png 0.99968 -0.0186736 0.0170615 -0.0352843 0.0190987 0.999503 -0.0250957 0.0290235 -0.0165843 0.0254135 0.999539 -0.0334385 0.0 0.0 0.0 1.0
office/seq-01/color/frame-000322.color.png office/seq-01/color/frame-000325.color.png 0.999748 -0.0123481 0.0187205 -0.0235861 0.0124015 0.999919 -0.00274455 0.011624 -0.0186851 0.00297604 0.999821 -0.0284264 0.0 0.0 0.0 1.0
office/seq-01/color/frame-000325.color.png office/seq-01/color/frame-000328.color.png 0.999076 -0.0235332 0.0359676 -0.0292145 0.0237623 0.9997 -0.00595512 0.0216286 -0.0358166 0.00680436 0.999335 -0.0241227 0.0 0.0 0.0 1.0
office/seq-01/color/frame-000328.color.png office/seq-01/color/frame-000331.color.png 0.99911 -0.0162016 0.0389462 -0.0170291 0.0162448 0.999868 -0.000794957 0.0134347 -0.0389282 0.0014269 0.999241 -0.0273391 0.0 0.0 0.0 1.0
office/seq-01/color/frame-000331.color.png office/seq-01/color/frame-000334.color.png 0.997189 -0.0143704 0.0735336 -0.0263303 0.0145604 0.999892 -0.00204959 0.0194019 -0.0734962 0.00311449 0.997291 -0.0466782 0.0 0.0 0.0 1.0
office/seq-01/color/frame-000334.color.png office/seq-01/color/frame-000337.color.png 0.998864 0.00544124 0.047335 -0.0231419 -0.00547836 0.999985 0.000656182 0.00972387 -0.0473307 -0.000914751 0.998879 -0.0307916 0.0 0.0 0.0 1.0
office/seq-01/color/frame-000337.color.png office/seq-01/color/frame-000340.color.png 0.99833 -0.0014534 0.0577544 -0.0201197 0.00245439 0.999848 -0.0172655 0.00140429 -0.0577206 0.0173784 0.998181 -0.0334565 0.0 0.0 0.0 1.0
office/seq-01/color/frame-000340.color.png office/seq-01/color/frame-000343.color.png 0.999232 -0.0068971 0.038567 -0.0208821 0.00663366 0.999954 0.00695176 0.00865513 -0.0386131 -0.00669059 0.999232 -0.0215086 0.0 0.0 0.0 1.0
office/seq-01/color/frame-000343.color.png office/seq-01/color/frame-000346.color.png 0.998967 -0.0115114 0.0439511 -0.0119538 0.0120761 0.999848 -0.0126015 0.013786 -0.0437994 0.0131192 0.998954 -0.0240459 0.0 0.0 0.0 1.0
office/seq-01/color/frame-000346.color.png office/seq-01/color/frame-000349.color.png 0.998969 0.0123766 0.043689 -0.017616 -0.0120166 0.999892 -0.00849256 -0.013315 -0.0437894 0.00795879 0.999009 -0.0296195 0.0 0.0 0.0 1.0
office/seq-01/color/frame-000349.color.png office/seq-01/color/frame-000352.color.png 0.999462 -0.00545106 0.0323427 -0.00768153 0.00539974 0.999984 0.00167636 -0.00970009 -0.0323513 -0.00150079 0.999475 0.00405693 0.0 0.0 0.0 1.0
office/seq-01/color/frame-000352.color.png office/seq-01/color/frame-000355.color.png 0.998472 -0.016455 0.0527482 -0.036964 0.0167538 0.999846 -0.00522753 0.0155428 -0.0526541 0.00610326 0.998594 -0.00101334 0.0 0.0 0.0 1.0
office/seq-01/color/frame-000355.color.png office/seq-01/color/frame-000358.color.png 0.999532 -0.0112489 0.0284344 -0.0311767 0.0113776 0.999926 -0.00437316 -0.000269413 -0.0283831 0.00469462 0.999586 0.00853097 0.0 0.0 0.0 1.0
office/seq-01/color/frame-000358.color.png office/seq-01/color/frame-000361.color.png 0.997101 -0.034381 0.0678863 -0.0585114 0.0357343 0.999184 -0.0188218 0.0381888 -0.0671837 0.0211931 0.997516 -0.0472237 0.0 0.0 0.0 1.0
office/seq-01/color/frame-000361.color.png office/seq-01/color/frame-000364.color.png 0.999512 -0.0150585 0.027352 -0.0480757 0.0154583 0.999776 -0.0144667 0.00260204 -0.027128 0.0148824 0.999521 0.0150135 0.0 0.0 0.0 1.0
office/seq-01/color/frame-000364.color.png office/seq-01/color/frame-000367.color.png 0.99974 -0.0187652 0.0129765 -0.0304523 0.0187776 0.999823 -0.000825393 0.00018838 -0.0129587 0.00106881 0.999916 0.0171196 0.0 0.0 0.0 1.0
office/seq-01/color/frame-000367.color.png office/seq-01/color/frame-000370.color.png 0.999783 -0.0152951 0.014126 -0.0398892 0.0154068 0.999851 -0.00784582 6.38068e-05 -0.0140039 0.00806176 0.999869 0.00663459 0.0 0.0 0.0 1.0
office/seq-01/color/frame-000370.color.png office/seq-01/color/frame-000373.color.png 0.999717 -0.0209401 0.0112618 -0.0301638 0.0209791 0.999774 -0.00334718 0.000933677 -0.0111892 0.00358249 0.999931 0.0144977 0.0 0.0 0.0 1.0
office/seq-01/color/frame-000373.color.png office/seq-01/color/frame-000376.color.png 0.999408 -0.0179026 0.0293734 -0.0419283 0.0180386 0.999828 -0.00436951 0.00222132 -0.0292901 0.0048968 0.999559 0.0140483 0.0 0.0 0.0 1.0
office/seq-01/color/frame-000376.color.png office/seq-01/color/frame-000379.color.png 0.999666 -0.0110154 0.0233781 -0.0145822 0.0111742 0.999915 -0.00666944 0.00909218 -0.0233027 0.00692844 0.999704 0.011787 0.0 0.0 0.0 1.0
office/seq-01/color/frame-000379.color.png office/seq-01/color/frame-000382.color.png 0.999579 -0.0131812 0.0258478 -0.0161568 0.0131184 0.999911 0.0025942 0.00512424 -0.0258797 -0.00225398 0.999662 0.0217487 0.0 0.0 0.0 1.0
office/seq-01/color/frame-000382.color.png office/seq-01/color/frame-000385.color.png 0.999379 -0.00950292 0.0339313 -0.0245371 0.0093639 0.999947 0.00425261 -0.0126126 -0.0339699 -0.00393223 0.999415 -0.00745142 0.0 0.0 0.0 1.0
office/seq-01/color/frame-000385.color.png office/seq-01/color/frame-000388.color.png 0.998709 -0.0165444 0.0480224 -0.012203 0.0178374 0.999486 -0.0266226 0.0204677 -0.0475573 0.0274449 0.998491 -0.00777715 0.0 0.0 0.0 1.0
office/seq-01/color/frame-000388.color.png office/seq-01/color/frame-000391.color.png 0.999308 -0.0166679 0.0332401 -0.0103009 0.0167084 0.99986 -0.000939255 -0.00465554 -0.0332197 0.00149394 0.999447 -0.0202947 0.0 0.0 0.0 1.0
office/seq-01/color/frame-000391.color.png office/seq-01/color/frame-000394.color.png 0.998868 -0.0362257 0.0308208 -0.00855356 0.0365622 0.999277 -0.0104252 0.0044834 -0.0304207 0.0115403 0.99947 -0.0176962 0.0 0.0 0.0 1.0
office/seq-01/color/frame-000394.color.png office/seq-01/color/frame-000397.color.png 0.999165 -0.0351554 0.0207983 0.00837274 0.0354059 0.999303 -0.0118047 0.00227347 -0.0203689 0.0125312 0.999714 -0.0119216 0.0 0.0 0.0 1.0
office/seq-01/color/frame-000397.color.png office/seq-01/color/frame-000400.color.png 0.99877 -0.0360288 0.0340678 0.0115416 0.0365877 0.999203 -0.0159281 0.0153831 -0.0334669 0.017155 0.999293 -0.0201811 0.0 0.0 0.0 1.0
office/seq-01/color/frame-000400.color.png office/seq-01/color/frame-000403.color.png 0.999437 -0.018992 0.027648 0.00526412 0.0189716 0.99982 0.00100115 -0.0049428 -0.027662 -0.00047609 0.999617 -0.0244244 0.0 0.0 0.0 1.0
office/seq-01/color/frame-000403.color.png office/seq-01/color/frame-000406.color.png 0.999387 -0.0194572 0.0291081 0.0154354 0.0195156 0.999808 -0.00172125 -0.00477502 -0.029069 0.00228826 0.999575 -0.00526598 0.0 0.0 0.0 1.0
office/seq-01/color/frame-000406.color.png office/seq-01/color/frame-000409.color.png 0.999609 -0.00616792 0.027284 0.0217499 0.0062757 0.999973 -0.00386728 -0.00140622 -0.0272594 0.00403698 0.99962 -0.00609055 0.0 0.0 0.0 1.0
office/seq-01/color/frame-000409.color.png office/seq-01/color/frame-000412.color.png 0.999351 -0.00621857 0.0354754 0.0119748 0.00640252 0.999967 -0.00507396 -0.00320381 -0.0354427 0.00529782 0.999358 -0.00692049 0.0 0.0 0.0 1.0
office/seq-01/color/frame-000412.color.png office/seq-01/color/frame-000415.color.png 0.998889 -0.00363332 0.0469786 0.0248609 0.00364291 0.999993 -0.00011813 -0.00944018 -0.0469778 0.000289099 0.998896 0.0100979 0.0 0.0 0.0 1.0
office/seq-01/color/frame-000415.color.png office/seq-01/color/frame-000418.color.png 0.999383 -0.00719885 0.0343752 0.0120609 0.00712305 0.999972 0.00232628 0.00250432 -0.0343909 -0.00207997 0.999406 0.00225475 0.0 0.0 0.0 1.0
office/seq-01/color/frame-000418.color.png office/seq-01/color/frame-000421.color.png 0.999556 9.69301e-05 0.0298069 0.0255472 -0.000347947 0.999965 0.00841578 -0.0135545 -0.0298051 -0.00842242 0.99952 0.00619856 0.0 0.0 0.0 1.0
office/seq-01/color/frame-000421.color.png office/seq-01/color/frame-000424.color.png 0.999624 -0.0066442 0.0265937 0.0143761 0.00640297 0.999938 0.00914698 0.000970989 -0.0266528 -0.00897325 0.999605 0.00717664 0.0 0.0 0.0 1.0
office/seq-01/color/frame-000424.color.png office/seq-01/color/frame-000427.color.png 0.999178 0.0121635 0.0386622 0.0249953 -0.0119002 0.999904 -0.00703351 -0.0150853 -0.038744 0.00656764 0.999228 -0.0093828 0.0 0.0 0.0 1.0
office/seq-01/color/frame-000427.color.png office/seq-01/color/frame-000430.color.png 0.999619 -0.00864104 0.0262004 0.014279 0.0085137 0.999951 0.00496948 -0.000620127 -0.026242 -0.00474455 0.999644 0.0183339 0.0 0.0 0.0 1.0
office/seq-01/color/frame-000430.color.png office/seq-01/color/frame-000433.color.png 0.999423 -0.00428593 0.033688 0.015409 0.00420212 0.999988 0.00255751 -0.00244409 -0.0336986 -0.00241445 0.999429 0.0219157 0.0 0.0 0.0 1.0
office/seq-01/color/frame-000433.color.png office/seq-01/color/frame-000436.color.png 0.999564 -0.00576172 0.028963 0.0176088 0.00551551 0.999948 0.00857377 -0.0133763 -0.0290109 -0.0084103 0.999544 0.0150774 0.0 0.0 0.0 1.0
office/seq-01/color/frame-000436.color.png office/seq-01/color/frame-000439.color.png 0.99958 -0.0126733 0.026057 0.0220111 0.0123532 0.999847 0.0124122 -0.00662586 -0.0262103 -0.0120852 0.999583 0.0128393 0.0 0.0 0.0 1.0
office/seq-01/color/frame-000439.color.png office/seq-01/color/frame-000442.color.png 0.998924 0.00503864 0.0460976 0.0236982 -0.00625198 0.999637 0.0262141 -0.0447444 -0.0459489 -0.0264741 0.998593 -0.0347339 0.0 0.0 0.0 1.0
office/seq-01/color/frame-000442.color.png office/seq-01/color/frame-000445.color.png 0.99953 -0.00923849 0.0292429 0.0350508 0.00845404 0.999604 0.0268361 -0.0304419 -0.0294792 -0.0265763 0.999212 0.0103762 0.0 0.0 0.0 1.0
office/seq-01/color/frame-000445.color.png office/seq-01/color/frame-000448.color.png 0.998943 -0.00315473 0.0458624 -0.0250092 0.00359934 0.999947 -0.00961538 0.0419703 -0.0458296 0.00977027 0.998901 0.0452693 0.0 0.0 0.0 1.0
office/seq-01/color/frame-000448.color.png office/seq-01/color/frame-000451.color.png 0.999251 -0.00454744 0.0384231 0.0078752 0.00439107 0.999982 0.00415338 -0.000515491 -0.0384413 -0.00398154 0.999253 0.0199612 0.0 0.0 0.0 1.0
office/seq-01/color/frame-000451.color.png office/seq-01/color/frame-000454.color.png 0.998967 -0.00907016 0.0445252 0.00025636 0.00904012 0.999959 0.000875862 -0.000870645 -0.0445314 -0.000472424 0.999008 0.0230548 0.0 0.0 0.0 1.0
office/seq-01/color/frame-000454.color.png office/seq-01/color/frame-000457.color.png 0.998738 -0.0153979 0.0478065 -0.00751081 0.0154522 0.99988 -0.000766361 -0.00346041 -0.0477889 0.00150411 0.998856 0.0180698 0.0 0.0 0.0 1.0
office/seq-01/color/frame-000457.color.png office/seq-01/color/frame-000460.color.png 0.998788 -0.0110745 0.0479667 0.000126481 0.0110969 0.999938 -0.000201552 -0.00653177 -0.0479615 0.000733563 0.998849 0.0177643 0.0 0.0 0.0 1.0
office/seq-01/color/frame-000460.color.png office/seq-01/color/frame-000463.color.png 0.998312 -0.0171443 0.0554967 -0.0159289 0.0172082 0.999852 -0.000674206 0.000658035 -0.055477 0.00162809 0.998459 0.023332 0.0 0.0 0.0 1.0
office/seq-01/color/frame-000463.color.png office/seq-01/color/frame-000466.color.png 0.998675 -0.00602432 0.0511132 -0.0157726 0.00587328 0.999978 0.00310466 -0.00822929 -0.0511308 -0.00280036 0.998688 0.0121407 0.0 0.0 0.0 1.0
office/seq-01/color/frame-000466.color.png office/seq-01/color/frame-000469.color.png 0.998875 -0.00933287 0.0465037 -0.014979 0.00919974 0.999953 0.00307591 -0.000846475 -0.0465302 -0.00264464 0.998913 0.0145232 0.0 0.0 0.0 1.0
office/seq-01/color/frame-000469.color.png office/seq-01/color/frame-000472.color.png 0.999281 -0.00825404 0.0370055 -0.000568032 0.00806341 0.999953 0.00529763 -0.0039489 -0.0370475 -0.00499539 0.999301 0.01432 0.0 0.0 0.0 1.0
office/seq-01/color/frame-000472.color.png office/seq-01/color/frame-000475.color.png 0.999112 -0.000651029 0.0421308 -0.00773758 0.000648383 1.0 7.62837e-05 -0.00229511 -0.0421309 -4.89096e-05 0.999112 0.0165423 0.0 0.0 0.0 1.0
office/seq-01/color/frame-000475.color.png office/seq-01/color/frame-000478.color.png 0.999454 -0.0011356 0.0330302 0.00321954 0.0011781 0.999999 -0.0012669 -0.00160915 -0.0330288 0.00130511 0.999453 0.011105 0.0 0.0 0.0 1.0
office/seq-01/color/frame-000478.color.png office/seq-01/color/frame-000481.color.png 0.999356 -0.000519148 0.0358877 0.00118273 0.000731902 0.999982 -0.00591572 0.00576785 -0.035884 0.00593819 0.999338 0.015522 0.0 0.0 0.0 1.0
office/seq-01/color/frame-000481.color.png office/seq-01/color/frame-000484.color.png 0.999533 -0.00426512 0.0302589 0.00595444 0.00415724 0.999985 0.00362734 -0.0085825 -0.0302739 -0.00349987 0.999536 0.00658095 0.0 0.0 0.0 1.0
office/seq-01/color/frame-000484.color.png office/seq-01/color/frame-000487.color.png 0.999461 -0.00160991 0.0327826 0.0142274 0.00157404 0.999998 0.00111999 0.00248313 -0.0327843 -0.00106775 0.999462 0.00432262 0.0 0.0 0.0 1.0
office/seq-01/color/frame-000487.color.png office/seq-01/color/frame-000490.color.png 0.999603 -0.00972985 0.0264477 0.0249043 0.00974077 0.999953 -0.000284075 -0.00211862 -0.0264436 0.000541586 0.99965 -0.000273153 0.0 0.0 0.0 1.0
office/seq-01/color/frame-000490.color.png office/seq-01/color/frame-000493.color.png 0.998989 -0.00792766 0.0442495 0.00446033 0.00792074 0.999969 0.000331584 -0.00383192 -0.0442507 1.92438e-05 0.999021 0.0155625 0.0 0.0 0.0 1.0
office/seq-01/color/frame-000493.color.png office/seq-01/color/frame-000496.color.png 0.999287 -0.00384344 0.0375695 -0.00538146 0.00386804 0.999992 -0.000582093 -0.00516713 -0.037567 0.000726928 0.999294 0.0122675 0.0 0.0 0.0 1.0
office/seq-01/color/frame-000496.color.png office/seq-01/color/frame-000499.color.png 0.998357 -0.0135716 0.0556758 -0.0181485 0.0138378 0.999895 -0.00439973 -0.00628096 -0.0556101 0.00516299 0.998439 0.0282533 0.0 0.0 0.0 1.0
office/seq-01/color/frame-000499.color.png office/seq-01/color/frame-000502.color.png 0.998941 -0.0193618 0.0417327 0.0155833 0.019651 0.999786 -0.00653271 -0.00560722 -0.0415973 0.00734585 0.999107 0.0173384 0.0 0.0 0.0 1.0
office/seq-01/color/frame-000502.color.png office/seq-01/color/frame-000505.color.png 0.998766 -0.006508 0.0492345 -0.0128524 0.00638533 0.999976 0.00264958 -0.012605 -0.0492505 -0.00233191 0.998784 0.0199825 0.0 0.0 0.0 1.0
office/seq-01/color/frame-000505.color.png office/seq-01/color/frame-000508.color.png 0.99948 -0.00516003 0.0318284 0.0095827 0.00514198 0.999987 0.000648003 0.00108463 -0.0318314 -0.000484075 0.999493 0.0123851 0.0 0.0 0.0 1.0
office/seq-01/color/frame-000508.color.png office/seq-01/color/frame-000511.color.png 0.999081 -0.0045018 0.0426137 0.000308752 0.00445189 0.999989 0.00126654 -3.38554e-05 -0.042619 -0.0010756 0.999091 0.0322652 0.0 0.0 0.0 1.0
office/seq-01/color/frame-000511.color.png office/seq-01/color/frame-000514.color.png 0.999635 -0.00832464 0.0256812 0.000234962 0.00813527 0.999939 0.00747001 -0.00390971 -0.0257418 -0.0072584 0.999642 0.022445 0.0 0.0 0.0 1.0
office/seq-01/color/frame-000514.color.png office/seq-01/color/frame-000517.color.png 0.999771 -0.000518883 0.0214166 0.0153 0.000425698 0.99999 0.00435562 -0.00424856 -0.0214186 -0.00434546 0.999761 0.0224493 0.0 0.0 0.0 1.0
office/seq-01/color/frame-000517.color.png office/seq-01/color/frame-000520.color.png 0.999517 -0.0130685 0.0282049 0.0128438 0.013097 0.999914 -0.00082932 -0.0118456 -0.0281917 0.00119829 0.999602 0.0382281 0.0 0.0 0.0 1.0
office/seq-01/color/frame-000520.color.png office/seq-01/color/frame-000523.color.png 0.999333 -0.0090239 0.0353743 0.0282454 0.00954672 0.999847 -0.0146364 -0.00297314 -0.0352368 0.0149644 0.999267 0.0395553 0.0 0.0 0.0 1.0
office/seq-01/color/frame-000523.color.png office/seq-01/color/frame-000526.color.png 0.999098 -0.00412911 0.0422638 0.031942 0.00482155 0.999856 -0.0162949 -0.00866002 -0.0421904 0.016484 0.998974 0.0610013 0.0 0.0 0.0 1.0
office/seq-01/color/frame-000526.color.png office/seq-01/color/frame-000529.color.png 0.999992 0.0017738 0.00353114 0.0659218 -0.00175819 0.999989 -0.00443641 0.00177175 -0.00353892 0.00443017 0.999984 0.0102915 0.0 0.0 0.0 1.0
