office/seq-01/color/frame-000002.color.png office/seq-01/color/frame-000005.color.png 0.999991 -0.00408444 0.000509252 -0.00317663 0.00408265 0.999986 0.00345508 0.000668166 -0.000523357 -0.00345297 0.999994 0.00389036 0.0 0.0 0.0 1.0
office/seq-01/color/frame-000005.color.png office/seq-01/color/frame-000008.color.png 0.999989 -0.0036626 -0.00311821 0.00022179 0.0036932 0.999945 0.00986271 0.000479341 0.00308191 -0.00987411 0.999946 0.00551903 0.0 0.0 0.0 1.0
office/seq-01/color/frame-000008.color.png office/seq-01/color/frame-000011.color.png 0.999937 -0.0101325 0.00476902 -0.00396467 0.0100858 0.999902 0.009727 -0.00490593 -0.00486711 -0.00967829 0.999941 0.010715 0.0 0.0 0.0 1.0
office/seq-01/color/frame-000011.color.png office/seq-01/color/frame-000014.color.png 0.999903 -0.0132435 0.00427457 -0.00240915 0.0132137 0.999889 0.00694389 -0.00643852 -0.00436606 -0.00688673 0.999967 0.00854187 0.0 0.0 0.0 1.0
office/seq-01/color/frame-000014.color.png office/seq-01/color/frame-000017.color.png 0.999906 -0.0134746 0.00242164 -0.00817313 0.0134554 0.999879 0.00776185 -0.00864881 -0.00252593 -0.00772854 0.999967 0.0131236 0.0 0.0 0.0 1.0
office/seq-01/color/frame-000017.color.png office/seq-01/color/frame-000020.color.png 0.999952 -0.0096486 0.00157085 -0.0051521 0.00964425 0.99995 0.00274983 -0.00977903 -0.0015973 -0.00273455 0.999995 0.0136346 0.0 0.0 0.0 1.0
office/seq-01/color/frame-000020.color.png office/seq-01/color/frame-000023.color.png 0.999888 -0.0138624 0.00557026 -0.00351823 0.0137972 0.999838 0.0115744 -0.00815229 -0.00572981 -0.0114962 0.999918 0.0124615 0.0 0.0 0.0 1.0
office/seq-01/color/frame-000023.color.png office/seq-01/color/frame-000026.color.png 0.999924 -0.0100025 0.00725057 -0.014084 0.00989788 0.999848 0.0143235 -0.0133624 -0.00739274 -0.0142506 0.999871 0.0175575 0.0 0.0 0.0 1.0
office/seq-01/color/frame-000026.color.png office/seq-01/color/frame-000029.color.png 0.999961 -0.00690442 -0.00556051 0.00146767 0.0070154 0.999772 0.02019 -0.0120027 0.00541984 -0.0202282 0.999781 0.0150348 0.0 0.0 0.0 1.0
office/seq-01/color/frame-000029.color.png office/seq-01/color/frame-000032.color.png 0.999896 -0.0104533 0.00992637 -0.00173204 0.0103286 0.999868 0.0125278 -0.0203399 -0.010056 -0.012424 0.999872 0.0248943 0.0 0.0 0.0 1.0
office/seq-01/color/frame-000032.color.png office/seq-01/color/frame-000035.color.png 0.999956 0.00804232 0.00492278 -0.000862341 -0.00797327 0.999872 -0.0138839 -0.00857533 -0.00503381 0.0138441 0.999892 0.0154008 0.0 0.0 0.0 1.0
office/seq-01/color/frame-000035.color.png office/seq-01/color/frame-000038.color.png 0.999782 -0.0106039 0.0179926 -0.00665102 0.0105221 0.999934 0.00463607 -0.00762603 -0.0180406 -0.00444572 0.999827 0.0129282 0.0 0.0 0.0 1.0
office/seq-01/color/frame-000038.color.png office/seq-01/color/frame-000041.color.png 0.999945 -0.00204914 0.0102878 -0.00513569 0.00202475 0.999995 0.00238069 -0.0124151 -0.0102926 -0.00235974 0.999944 0.0184211 0.0 0.0 0.0 1.0
office/seq-01/color/frame-000041.color.png office/seq-01/color/frame-000044.color.png 0.999859 -0.0113519 0.0123795 -0.00731074 0.0112143 0.999875 0.011132 -0.0176355 -0.0125043 -0.0109916 0.999861 0.0198454 0.0 0.0 0.0 1.0
office/seq-01/color/frame-000044.color.png office/seq-01/color/frame-000047.color.png 0.999977 -0.00212461 0.0063937 -0.00159191 0.00207334 0.999966 0.00801234 -0.0111694 -0.0064105 -0.00799891 0.999947 0.0125175 0.0 0.0 0.0 1.0
office/seq-01/color/frame-000047.color.png office/seq-01/color/frame-000050.color.png 0.999958 -0.00157952 0.00897914 -0.00980582 0.00150269 0.999962 0.0085573 -0.0266469 -0.0089923 -0.00854341 0.999923 0.0253134 0.0 0.0 0.0 1.0
office/seq-01/color/frame-000050.color.png office/seq-01/color/frame-000053.color.png 0.999905 0.012243 0.00628721 0.00767917 -0.0122206 0.999919 -0.00360513 -0.0117681 -0.00633084 0.00352795 0.999974 0.00684413 0.0 0.0 0.0 1.0
office/seq-01/color/frame-000053.color.png office/seq-01/color/frame-000056.color.png 0.999992 -0.00352439 -0.00168408 -0.0069304 0.00354527 0.999915 0.0125612 -0.0335303 0.00163964 -0.0125671 0.99992 0.0215643 0.0 0.0 0.0 1.0
office/seq-01/color/frame-000056.color.png office/seq-01/color/frame-000059.color.png 0.999925 0.0103463 -0.00650411 0.0229524 -0.0105059 0.999632 -0.0250138 0.00444604 0.00624292 0.0250803 0.999666 0.0184243 0.0 0.0 0.0 1.0
office/seq-01/color/frame-000059.color.png office/seq-01/color/frame-000062.color.png 0.99993 0.0116761 -0.00214681 0.000378888 -0.0116595 0.999903 0.00759811 -0.0183715 0.00223531 -0.00757256 0.999969 0.0121294 0.0 0.0 0.0 1.0
office/seq-01/color/frame-000062.color.png office/seq-01/color/frame-000065.color.png 0.999602 0.0230224 -0.0163055 0.0362263 -0.022797 0.999644 0.0138775 -0.0260881 0.0166192 -0.0135003 0.999771 0.00671268 0.0 0.0 0.0 1.0
office/seq-01/color/frame-000065.color.png office/seq-01/color/frame-000068.color.png 0.999939 0.0110069 -0.00129981 0.0228157 -0.0109981 0.999918 0.00659508 -0.0145497 0.0013723 -0.00658037 0.999977 0.00545821 0.0 0.0 0.0 1.0
office/seq-01/color/frame-000068.color.png office/seq-01/color/frame-000071.color.png 0.999877 0.0123181 -0.00970191 0.0289487 -0.0123714 0.999909 -0.00545609 -0.00275603 0.00963379 0.00557545 0.999938 0.00338498 0.0 0.0 0.0 1.0
office/seq-01/color/frame-000071.color.png office/seq-01/color/frame-000074.color.png 0.999798 -0.000363493 -0.0200717 0.046034 0.000673211 0.999881 0.0154265 -0.0266996 0.0200637 -0.015437 0.999679 -0.0167264 0.0 0.0 0.0 1.0
office/seq-01/color/frame-000074.color.png office/seq-01/color/frame-000077.color.png 0.9999 -0.00113231 -0.0140724 0.047371 0.00139313 0.999827 0.0185385 -0.0258311 0.014049 -0.0185563 0.999729 -0.0173924 0.0 0.0 0.0 1.0
office/seq-01/color/frame-000077.color.png office/seq-01/color/frame-000080.color.png 0.999949 0.0091395 -0.00437121 0.0366419 -0.0090801 0.999869 0.0134204 -0.0110675 0.00449329 -0.01338 0.999901 -0.0143914 0.0 0.0 0.0 1.0
office/seq-01/color/frame-000080.color.png office/seq-01/color/frame-000083.color.png 0.999546 0.0104117 -0.0282529 0.0580737 -0.0103908 0.999946 0.000889016 -0.0145167 0.0282606 -0.00059501 0.9996 -0.00884733 0.0 0.0 0.0 1.0
office/seq-01/color/frame-000083.color.png office/seq-01/color/frame-000086.color.png 0.99949 0.011029 -0.029972 0.0463692 -0.0108721 0.999926 0.0053938 -0.0150461 0.0300293 -0.00506521 0.999536 -0.00873861 0.0 0.0 0.0 1.0
office/seq-01/color/frame-000086.color.png office/seq-01/color/frame-000089.color.png 0.998873 0.0209395 -0.0425868 0.0704463 -0.0206691 0.999763 0.00677952 -0.0282007 0.0427187 -0.00589167 0.99907 -0.0178934 0.0 0.0 0.0 1.0
office/seq-01/color/frame-000089.color.png office/seq-01/color/frame-000092.color.png 0.999829 0.0130585 -0.0130753 0.0315776 -0.0130282 0.999912 0.00239619 -0.00010097 0.0131054 -0.00222543 0.999912 -0.00197434 0.0 0.0 0.0 1.0
office/seq-01/color/frame-000092.color.png office/seq-01/color/frame-000095.color.png 0.999798 0.0118698 -0.0162307 0.0485418 -0.0117843 0.999916 0.00534948 -0.00937918 0.0162928 -0.00515712 0.999854 -0.00393352 0.0 0.0 0.0 1.0
office/seq-01/color/frame-000095.color.png office/seq-01/color/frame-000098.color.png 0.999866 0.00567013 -0.0153499 0.0457642 -0.00570372 0.999981 -0.00214585 0.00512227 0.0153375 0.00223314 0.99988 -0.00844774 0.0 0.0 0.0 1.0
office/seq-01/color/frame-000098.color.png office/seq-01/color/frame-000101.color.png 0.999697 0.00417416 -0.0242756 0.0482004 -0.00416907 0.999991 0.000259511 0.0126233 0.0242764 -0.000158253 0.999705 -0.00449747 0.0 0.0 0.0 1.0
office/seq-01/color/frame-000101.color.png office/seq-01/color/frame-000104.color.png 0.999413 -0.00201573 -0.034197 0.0782924 0.00237427 0.999943 0.0104473 -0.0107303 0.034174 -0.0105224 0.999361 -0.00473398 0.0 0.0 0.0 1.0
office/seq-01/color/frame-000104.color.png office/seq-01/color/frame-000107.color.png 0.999888 0.00977848 -0.0112885 0.0310497 -0.00970347 0.999931 0.00668101 0.00331974 0.011353 -0.0065707 0.999914 -0.00655183 0.0 0.0 0.0 1.0
office/seq-01/color/frame-000107.color.png office/seq-01/color/frame-000110.color.png 0.999485 0.0198869 -0.0251998 0.0545507 -0.0199235 0.999801 -0.0012053 0.0238592 0.0251709 0.0017067 0.999682 -0.00958222 0.0 0.0 0.0 1.0
office/seq-01/color/frame-000110.color.png office/seq-01/color/frame-000113.color.png 0.999591 0.0122294 -0.0258685 0.0430423 -0.0120547 0.999904 0.00689862 0.00596288 0.0259503 -0.00658394 0.999642 -0.0149531 0.0 0.0 0.0 1.0
office/seq-01/color/frame-000113.color.png office/seq-01/color/frame-000116.color.png 0.998626 0.00740501 -0.0518763 0.0652386 -0.00801131 0.999902 -0.0114891 0.0144264 0.0517862 0.0118888 0.998587 -0.0251032 0.0 0.0 0.0 1.0
office/seq-01/color/frame-000116.color.png office/seq-01/color/frame-000119.color.png 0.998235 0.011082 -0.0583487 0.0802017 -0.0106381 0.999912 0.00791259 -0.00643247 0.0584312 -0.00727787 0.998265 -0.0386903 0.0 0.0 0.0 1.0
office/seq-01/color/frame-000119.color.png office/seq-01/color/frame-000122.color.png 0.999655 0.00409495 -0.0259352 0.0406836 -0.00370454 0.999879 0.0150821 0.00123543 0.0259938 -0.0149809 0.99955 -0.0152955 0.0 0.0 0.0 1.0
office/seq-01/color/frame-000122.color.png office/seq-01/color/frame-000125.color.png 0.999414 0.0118429 -0.0321137 0.0385585 -0.0115292 0.999884 0.00993843 -0.00913683 0.0322277 -0.00956235 0.999435 -0.0231251 0.0 0.0 0.0 1.0
office/seq-01/color/frame-000125.color.png office/seq-01/color/frame-000128.color.png 0.99965 0.0080591 -0.0251905 0.0305228 -0.00811047 0.999965 -0.00193709 -0.00574481 0.025174 0.00214068 0.999681 -0.0140408 0.0 0.0 0.0 1.0
office/seq-01/color/frame-000128.color.png office/seq-01/color/frame-000131.color.png 0.998825 0.0113815 -0.0470953 0.0685977 -0.0113235 0.999935 0.00149701 -0.0172104 0.0471092 -0.00096198 0.998889 -0.0315265 0.0 0.0 0.0 1.0
office/seq-01/color/frame-000131.color.png office/seq-01/color/frame-000134.color.png 0.999714 0.00356432 -0.0236398 0.0396917 -0.00351115 0.999991 0.00228987 0.00149992 0.0236477 -0.00220621 0.999718 -0.012292 0.0 0.0 0.0 1.0
office/seq-01/color/frame-000134.color.png office/seq-01/color/frame-000137.color.png 0.998977 0.00034695 -0.045228 0.0417219 -0.000318556 1.0 0.000635185 0.00735763 0.0452283 -0.000620083 0.998977 -0.0263879 0.0 0.0 0.0 1.0
office/seq-01/color/frame-000137.color.png office/seq-01/color/frame-000140.color.png 0.998558 0.0191602 -0.050152 0.0595534 -0.019895 0.999701 -0.014193 0.0147642 0.049865 0.0151703 0.998641 -0.0301727 0.0 0.0 0.0 1.0
office/seq-01/color/frame-000140.color.png office/seq-01/color/frame-000143.color.png 0.999389 0.0146455 -0.0317402 0.0511606 -0.0148724 0.999865 -0.00692482 0.0192247 0.0316345 0.00739266 0.999472 -0.0297382 0.0 0.0 0.0 1.0
office/seq-01/color/frame-000143.color.png office/seq-01/color/frame-000146.color.png 0.998893 0.0334495 -0.0330857 0.0719701 -0.0326859 0.999193 0.0233584 0.00357002 0.0338404 -0.0222511 0.999179 -0.0441079 0.0 0.0 0.0 1.0
office/seq-01/color/frame-000146.color.png office/seq-01/color/frame-000149.color.png 0.998879 0.0288583 -0.0375145 0.0729062 -0.0281265 0.999407 0.0198902 0.0103776 0.0380662 -0.0188127 0.999098 -0.0277049 0.0 0.0 0.0 1.0
office/seq-01/color/frame-000149.color.png office/seq-01/color/frame-000152.color.png 0.998767 -0.0127198 -0.0479861 0.0550103 0.0125179 0.999911 -0.00450583 -0.0181222 0.0480391 0.00389958 0.998838 -0.0189581 0.0 0.0 0.0 1.0
office/seq-01/color/frame-000152.color.png office/seq-01/color/frame-000155.color.png 0.999201 -0.0173401 -0.0360005 0.0785184 0.0178232 0.999755 0.0131421 -0.0439678 0.0357639 -0.0137732 0.999265 -0.0171505 0.0 0.0 0.0 1.0
office/seq-01/color/frame-000155.color.png office/seq-01/color/frame-000158.color.png 0.999787 0.00300059 -0.020427 0.0483274 -0.0031582 0.999965 -0.00768674 0.00656533 0.0204032 0.0077496 0.999762 -0.00968939 0.0 0.0 0.0 1.0
office/seq-01/color/frame-000158.color.png office/seq-01/color/frame-000161.color.png 0.99983 0.0182597 -0.00258996 0.0471163 -0.0182678 0.999828 -0.00312547 0.0151951 0.00253258 0.00317224 0.999992 0.0139589 0.0 0.0 0.0 1.0
office/seq-01/color/frame-000161.color.png office/seq-01/color/frame-000164.color.png 0.999863 0.0040988 -0.0160067 0.0398555 -0.0039652 0.999957 0.00837046 -0.0106582 0.0160402 -0.00830579 0.999837 -0.00618002 0.0 0.0 0.0 1.0
office/seq-01/color/frame-000164.color.png office/seq-01/color/frame-000167.color.png 0.999709 0.0125057 -0.0206516 0.0570253 -0.012751 0.999849 -0.0117928 0.0312417 0.0205009 0.0120526 0.999717 0.0207329 0.0 0.0 0.0 1.0
office/seq-01/color/frame-000167.color.png office/seq-01/color/frame-000170.color.png 0.99978 0.020691 -0.00346333 0.0368333 -0.0206825 0.999783 0.00248263 0.00905845 0.00351396 -0.00241044 0.999991 0.0150986 0.0 0.0 0.0 1.0
office/seq-01/color/frame-000170.color.png office/seq-01/color/frame-000173.color.png 0.999837 0.00255367 -0.0178983 0.0639648 -0.00262035 0.99999 -0.00369867 0.0214315 0.0178888 0.00374497 0.999833 0.0493487 0.0 0.0 0.0 1.0
office/seq-01/color/frame-000173.color.png office/seq-01/color/frame-000176.color.png 0.999983 0.00453089 0.00374377 0.02264 -0.00460644 0.999781 0.0204409 -0.0251101 -0.00365046 -0.0204578 0.999784 0.0302663 0.0 0.0 0.0 1.0
office/seq-01/color/frame-000176.color.png office/seq-01/color/frame-000179.color.png 0.999967 0.00209639 0.00786692 0.0201051 -0.00210188 0.999997 0.000677241 -0.00635213 -0.00786546 -0.000693725 0.999969 0.0465882 0.0 0.0 0.0 1.0
office/seq-01/color/frame-000179.color.png office/seq-01/color/frame-000182.color.png 0.99991 -0.0117484 -0.00652152 0.0270201 0.0119528 0.999408 0.0322529 -0.0527136 0.00613871 -0.0323279 0.999459 0.0102528 0.0 0.0 0.0 1.0
office/seq-01/color/frame-000182.color.png office/seq-01/color/frame-000185.color.png 0.999972 0.00733759 0.00167013 0.02237 -0.00734388 0.999966 0.00381017 0.00367606 -0.00164212 -0.00382237 0.999991 0.0307968 0.0 0.0 0.0 1.0
office/seq-01/color/frame-000185.color.png office/seq-01/color/frame-000188.color.png 0.999928 0.000793668 -0.0119914 0.0323836 -0.000698189 0.999968 0.00796391 -0.0176442 0.0119974 -0.00795496 0.999896 0.0265454 0.0 0.0 0.0 1.0
office/seq-01/color/frame-000188.color.png office/seq-01/color/frame-000191.color.png 0.999768 0.00715352 -0.0203009 0.0517516 -0.00704422 0.99996 0.00544732 -0.0149858 0.0203392 -0.0053031 0.999779 0.0373788 0.0 0.0 0.0 1.0
office/seq-01/color/frame-000191.color.png office/seq-01/color/frame-000194.color.png 0.999668 0.0124697 -0.0225437 0.0439591 -0.0125356 0.999918 -0.00278359 0.00998217 0.022507 0.00306531 0.999742 0.0081594 0.0 0.0 0.0 1.0
office/seq-01/color/frame-000194.color.png office/seq-01/color/frame-000197.color.png 0.999371 0.00398462 -0.0352443 0.0545956 -0.00394356 0.999992 0.00123344 -0.0016281 0.0352489 -0.00109372 0.999378 -0.0114595 0.0 0.0 0.0 1.0
office/seq-01/color/frame-000197.color.png office/seq-01/color/frame-000200.color.png 0.999514 0.0101914 -0.029452 0.0476961 -0.00990513 0.999902 0.00984909 -0.0068543 0.0295496 -0.00955257 0.999518 -0.00661397 0.0 0.0 0.0 1.0
office/seq-01/color/frame-000200.color.png office/seq-01/color/frame-000203.color.png 0.999506 0.00489832 -0.0310464 0.045028 -0.00463711 0.999953 0.008484 -0.0106464 0.0310866 -0.00833582 0.999482 0.00405109 0.0 0.0 0.0 1.0
office/seq-01/color/frame-000203.color.png office/seq-01/color/frame-000206.color.png 0.999674 0.0082403 -0.0241555 0.0371443 -0.00800371 0.999919 0.00987187 -0.0217674 0.024235 -0.00967533 0.999659 -0.0230247 0.0 0.0 0.0 1.0
office/seq-01/color/frame-000206.color.png office/seq-01/color/frame-000209.color.png 0.998793 0.0119078 -0.04766 0.0632215 -0.0116483 0.999916 0.00571725 -0.00919086 0.047724 -0.0051552 0.998847 -0.00294769 0.0 0.0 0.0 1.0
office/seq-01/color/frame-000209.color.png office/seq-01/color/frame-000212.color.png 0.999743 0.00382966 -0.0223333 0.0209183 -0.00380368 0.999992 0.00120551 -0.00570273 0.0223377 -0.00112022 0.99975 -0.00619948 0.0 0.0 0.0 1.0
office/seq-01/color/frame-000212.color.png office/seq-01/color/frame-000215.color.png 0.999745 0.0148713 -0.0169864 0.0169622 -0.0150111 0.999854 -0.00813529 0.0222701 0.0168629 0.00838814 0.999823 0.00418842 0.0 0.0 0.0 1.0
office/seq-01/color/frame-000215.color.png office/seq-01/color/frame-000218.color.png 0.999783 0.0147451 -0.0147136 0.00528061 -0.014579 0.99983 0.0113244 -0.00760823 0.0148782 -0.0111074 0.999828 -0.00667024 0.0 0.0 0.0 1.0
office/seq-01/color/frame-000218.color.png office/seq-01/color/frame-000221.color.png 0.99971 0.0126462 -0.020474 -0.00213385 -0.012463 0.999881 0.00905201 -0.00620294 0.020586 -0.00879422 0.999749 0.00611186 0.0 0.0 0.0 1.0
office/seq-01/color/frame-000221.color.png office/seq-01/color/frame-000224.color.png 0.999742 0.00368879 -0.0224287 -0.0101724 -0.00336409 0.999889 0.0145024 -0.0268588 0.0224798 -0.0144232 0.999643 -0.0259932 0.0 0.0 0.0 1.0
office/seq-01/color/frame-000224.color.png office/seq-01/color/frame-000227.color.png 0.999317 0.00757608 -0.0361684 0.0059588 -0.00760885 0.999971 -0.000772852 -0.0166719 0.0361613 0.00104755 0.999345 -0.0194451 0.0 0.0 0.0 1.0
office/seq-01/color/frame-000227.color.png office/seq-01/color/frame-000230.color.png 0.999407 0.000439793 -0.0344178 0.00271666 -9.19165e-05 0.999949 0.0101096 -0.0158592 0.0344206 -0.0101005 0.999357 -0.0459731 0.0 0.0 0.0 1.0
office/seq-01/color/frame-000230.color.png office/seq-01/color/frame-000233.color.png 0.999088 -0.000447413 -0.0426979 0.00217175 0.00119121 0.999848 0.0173987 -0.0214851 0.0426836 -0.0174337 0.998936 -0.0573506 0.0 0.0 0.0 1.0
office/seq-01/color/frame-000233.color.png office/seq-01/color/frame-000236.color.png 0.999519 0.00889844 -0.029702 0.00435865 -0.00871119 0.999941 0.00642367 0.00648385 0.0297574 -0.00616183 0.999538 -0.0283622 0.0 0.0 0.0 1.0
office/seq-01/color/frame-000236.color.png office/seq-01/color/frame-000239.color.png 0.999193 0.011373 -0.0385282 0.000421643 -0.0107442 0.999806 0.0164885 -0.0133767 0.0387083 -0.0160613 0.999122 -0.0608336 0.0 0.0 0.0 1.0
office/seq-01/color/frame-000239.color.png office/seq-01/color/frame-000242.color.png 0.999079 0.00951396 -0.0418521 -0.0070672 -0.00916343 0.999921 0.00855964 0.0151222 0.0419302 -0.00816828 0.999087 -0.0455261 0.0 0.0 0.0 1.0
office/seq-01/color/frame-000242.color.png office/seq-01/color/frame-000245.color.png 0.999455 0.0085986 -0.0318786 -0.00408077 -0.00823342 0.999899 0.0115707 -0.0141715 0.0319749 -0.0113019 0.999425 -0.0423471 0.0 0.0 0.0 1.0
office/seq-01/color/frame-000245.color.png office/seq-01/color/frame-000248.color.png 0.998772 -0.000622806 -0.0495397 0.000192523 0.00060861 1.0 -0.000303556 0.00953048 0.0495399 0.000273021 0.998772 -0.0498558 0.0 0.0 0.0 1.0
office/seq-01/color/frame-000248.color.png office/seq-01/color/frame-000251.color.png 0.999125 -0.00261258 -0.041753 -0.00880301 0.00291378 0.99997 0.00715205 -0.0111623 0.0417331 -0.00726742 0.999102 -0.045799 0.0 0.0 0.0 1.0
office/seq-01/color/frame-000251.color.png office/seq-01/color/frame-000254.color.png 0.999455 -0.00166532 -0.0329553 -0.0263457 0.00187319 0.999979 0.00627974 -0.00928819 0.0329441 -0.00633808 0.999437 -0.0339518 0.0 0.0 0.0 1.0
office/seq-01/color/frame-000254.color.png office/seq-01/color/frame-000257.color.png 0.998387 -0.0118824 -0.0555245 0.00765449 0.0122637 0.999904 0.00652893 -0.0314884 0.0554416 -0.00719933 0.998436 -0.0751207 0.0 0.0 0.0 1.0
office/seq-01/color/frame-000257.color.png office/seq-01/color/frame-000260.color.png 0.998588 0.0021555 -0.0530845 0.0289136 -0.00165488 0.999954 0.00947667 -0.00806803 0.0531025 -0.00937542 0.998545 -0.0718352 0.0 0.0 0.0 1.0
office/seq-01/color/frame-000260.color.png office/seq-01/color/frame-000263.color.png 0.998659 0.0168458 -0.048943 0.0204051 -0.0168665 0.999858 -1.46939e-05 0.0253719 0.0489357 0.000840162 0.998802 -0.0477568 0.0 0.0 0.0 1.0
office/seq-01/color/frame-000263.color.png office/seq-01/color/frame-000266.color.png 0.999194 0.0110813 -0.0385954 0.0023514 -0.0109189 0.999931 0.0044198 0.016035 0.0386418 -0.00399481 0.999245 -0.0552069 0.0 0.0 0.0 1.0
office/seq-01/color/frame-000266.color.png office/seq-01/color/frame-000269.color.png 0.999537 0.00422536 -0.0301318 0.00668144 -0.00420937 0.999991 0.000596647 0.032526 0.030134 -0.000469555 0.999546 -0.0394137 0.0 0.0 0.0 1.0
office/seq-01/color/frame-000269.color.png office/seq-01/color/frame-000272.color.png 0.999387 0.00703616 -0.0342825 -0.0113579 -0.00679801 0.999952 0.00705458 0.0169089 0.0343305 -0.00681717 0.999387 -0.0597756 0.0 0.0 0.0 1.0
office/seq-01/color/frame-000272.color.png office/seq-01/color/frame-000275.color.png 0.999819 0.00624094 -0.0179941 -0.0266783 -0.00615397 0.999969 0.00488891 0.0169557 0.018024 -0.00477729 0.999826 -0.0584385 0.0 0.0 0.0 1.0
office/seq-01/color/frame-000275.color.png office/seq-01/color/frame-000278.color.png 0.999764 0.0048243 -0.0211901 -0.0305832 -0.00468514 0.999967 0.00661321 0.00098002 0.0212213 -0.00651243 0.999754 -0.0333233 0.0 0.0 0.0 1.0
office/seq-01/color/frame-000278.color.png office/seq-01/color/frame-000281.color.png 0.999874 0.00510097 0.0150113 -0.0451872 -0.00520231 0.999964 0.00671758 -0.00186962 -0.0149766 -0.00679482 0.999865 -0.0361215 0.0 0.0 0.0 1.0
office/seq-01/color/frame-000281.color.png office/seq-01/color/frame-000284.color.png 0.999932 0.00852248 0.00793021 -0.0474746 -0.00847768 0.999948 -0.00565593 0.0188662 -0.007978 0.00558833 0.999952 -0.00965917 0.0 0.0 0.0 1.0
office/seq-01/color/frame-000284.color.png office/seq-01/color/frame-000287.color.png 0.999957 0.00200705 0.00901467 -0.0348625 -0.00203736 0.999992 0.00335114 0.0173689 -0.00900786 -0.00336937 0.999954 -0.0188287 0.0 0.0 0.0 1.0
office/seq-01/color/frame-000287.color.png office/seq-01/color/frame-000290.color.png 0.999964 0.00416525 0.00741242 -0.028331 -0.00414806 0.999989 -0.00234354 0.030004 -0.00742205 0.00231269 0.99997 -0.034965 0.0 0.0 0.0 1.0
office/seq-01/color/frame-000290.color.png office/seq-01/color/frame-000293.color.png 0.999997 0.00201445 0.00125783 -0.0279934 -0.00199885 0.999923 -0.0122696 0.0268247 -0.00128243 0.012267 0.999924 -0.0185652 0.0 0.0 0.0 1.0
office/seq-01/color/frame-000293.color.png office/seq-01/color/frame-000296.color.png 0.999899 0.0140902 -0.00209244 -0.0359638 -0.0141017 0.999885 -0.00554504 0.0242521 0.00201407 0.00557397 0.999983 -0.034447 0.0 0.0 0.0 1.0
office/seq-01/color/frame-000296.color.png office/seq-01/color/frame-000299.color.png 0.99994 0.0108483 -0.00179645 -0.0189715 -0.0108445 0.999939 0.00197482 0.00666904 0.00181772 -0.00195519 0.999996 -0.0329562 0.0 0.0 0.0 1.0
office/seq-01/color/frame-000299.color.png office/seq-01/color/frame-000302.color.png 0.999906 0.00290279 -0.0133665 -0.0283036 -0.00285457 0.999989 0.00363633 0.0195225 0.0133769 -0.00359787 0.999904 -0.0546605 0.0 0.0 0.0 1.0
office/seq-01/color/frame-000302.color.png office/seq-01/color/frame-000305.color.png 0.99993 0.000888951 -0.0117471 -0.0202128 -0.000824409 0.999985 0.00549102 0.0106559 0.0117518 -0.00548096 0.999916 -0.0320047 0.0 0.0 0.0 1.0
office/seq-01/color/frame-000305.color.png office/seq-01/color/frame-000308.color.png 0.999981 0.00295374 -0.00547647 -0.0320617 -0.00293545 0.99999 0.00337921 0.0228076 0.00548651 -0.00336314 0.999979 -0.0373557 0.0 0.0 0.0 1.0
office/seq-01/color/frame-000308.color.png office/seq-01/color/frame-000311.color.png 0.999989 -0.00358574 0.00295086 -0.0333947 0.00360517 0.999972 -0.00659495 0.0181375 -0.00292724 0.00660559 0.999974 -0.0295085 0.0 0.0 0.0 1.0
office/seq-01/color/frame-000311.color.png office/seq-01/color/frame-000314.color.png 0.999991 -0.00417374 -0.000829896 -0.0254521 0.00417621 0.999988 0.0027583 0.00431886 0.000818399 -0.00276172 0.999996 -0.02865 0.0 0.0 0.0 1.0
office/seq-01/color/frame-000314.color.png office/seq-01/color/frame-000317.color.png 0.999963 -0.0084855 -0.00123074 -0.0221193 0.00847217 0.999911 -0.0103296 0.0294349 0.00131827 0.0103187 0.999946 -0.0179109 0.0 0.0 0.0 1.0
office/seq-01/color/frame-000317.color.png office/seq-01/color/frame-000320.color.png 0.999943 -0.0092751 -0.0053091 -0.0243799 0.00914356 0.999663 -0.0242902 0.0384667 0.00553261 0.0242402 0.999691 -0.0160431 0.0 0.0 0.0 1.0
office/seq-01/color/frame-000320.color.png office/seq-01/color/frame-000323.color.png 0.999628 -0.0150655 0.0227476 -0.022868 0.0153174 0.999823 -0.0109361 0.0170015 -0.0225788 0.0112805 0.999682 -0.0341672 0.0 0.0 0.0 1.0
office/seq-01/color/frame-000323.color.png office/seq-01/color/frame-000326.color.png 0.999765 -0.0171203 0.0132672 -0.0176046 0.0170697 0.999847 0.0039164 0.0131433 -0.0133321 -0.00368903 0.999904 -0.00887734 0.0 0.0 0.0 1.0
office/seq-01/color/frame-000326.color.png office/seq-01/color/frame-000329.color.png 0.99894 -0.0210268 0.0409551 -0.0247386 0.0213222 0.99975 -0.00678966 0.0173284 -0.0408021 0.00765572 0.999138 -0.0302362 0.0 0.0 0.0 1.0
office/seq-01/color/frame-000329.color.png office/seq-01/color/frame-000332.color.png 0.997854 -0.0199504 0.0623631 -0.0428903 0.0203778 0.999773 -0.00622431 0.0213796 -0.0622247 0.00748178 0.998034 -0.0602027 0.0 0.0 0.0 1.0
office/seq-01/color/frame-000332.color.png office/seq-01/color/frame-000335.color.png 0.997373 -0.00705962 0.0720915 -0.025135 0.00726618 0.99997 -0.00260199 0.0191535 -0.072071 0.00311898 0.997395 -0.0507374 0.0 0.0 0.0 1.0
office/seq-01/color/frame-000335.color.png office/seq-01/color/frame-000338.color.png 0.998902 -0.00457615 0.0466198 -0.0193397 0.00454366 0.999989 0.000799527 0.0154022 -0.046623 -0.000586835 0.998912 -0.0266397 0.0 0.0 0.0 1.0
office/seq-01/color/frame-000338.color.png office/seq-01/color/frame-000341.color.png 0.998196 -0.00793251 0.0595076 -0.0183399 0.00886818 0.999841 -0.0154751 0.00859693 -0.0593753 0.0159749 0.998108 -0.0407383 0.0 0.0 0.0 1.0
office/seq-01/color/frame-000341.color.png office/seq-01/color/frame-000344.color.png 0.999045 -0.00797752 0.0429577 -0.0179874 0.00785722 0.999965 0.00296874 0.00793195 -0.0429799 -0.00262839 0.999072 -0.027535 0.0 0.0 0.0 1.0
office/seq-01/color/frame-000344.color.png office/seq-01/color/frame-000347.color.png 0.999161 -0.00173327 0.0409308 -0.0128294 0.00205268 0.999968 -0.00776126 0.00161266 -0.040916 0.00783874 0.999132 -0.0147399 0.0 0.0 0.0 1.0
office/seq-01/color/frame-000347.color.png office/seq-01/color/frame-000350.color.png 0.999428 -0.00140613 0.0337844 -0.0214804 0.00137594 0.999999 0.000917058 0.00554296 -0.0337856 -0.00087003 0.999429 -0.0132184 0.0 0.0 0.0 1.0
office/seq-01/color/frame-000350.color.png office/seq-01/color/frame-000353.color.png 0.998412 -0.00485776 0.0561269 -0.0304669 0.00560475 0.999898 -0.01316 -0.00516349 -0.0560572 0.0134537 0.998337 -0.0113913 0.0 0.0 0.0 1.0
office/seq-01/color/frame-000353.color.png office/seq-01/color/frame-000356.color.png 0.999383 -0.0100771 0.0336476 -0.0275903 0.00998777 0.999946 0.00281718 0.00470698 -0.0336742 -0.00247937 0.99943 0.00209609 0.0 0.0 0.0 1.0
office/seq-01/color/frame-000356.color.png office/seq-01/color/frame-000359.color.png 0.999484 -0.0172614 0.0270826 -0.0296925 0.0175355 0.999797 -0.00991424 0.00706843 -0.0269059 0.010384 0.999584 0.00749031 0.0 0.0 0.0 1.0
office/seq-01/color/frame-000359.color.png office/seq-01/color/frame-000362.color.png 0.998325 -0.0217165 0.0536248 -0.0528234 0.0225408 0.999636 -0.014814 0.015935 -0.0532836 0.0159979 0.998451 -0.0288451 0.0 0.0 0.0 1.0
office/seq-01/color/frame-000362.color.png office/seq-01/color/frame-000365.color.png 0.999537 -0.020202 0.0227527 -0.0459836 0.02043 0.999743 -0.0098369 0.00494143 -0.0225481 0.0102972 0.999693 0.0174358 0.0 0.0 0.0 1.0
office/seq-01/color/frame-000365.color.png office/seq-01/color/frame-000368.color.png 0.999799 -0.0127655 0.0154813 -0.033379 0.0128583 0.9999 -0.00589826 -0.00473022 -0.0154045 0.00609616 0.999863 0.014049 0.0 0.0 0.0 1.0
office/seq-01/color/frame-000368.color.png office/seq-01/color/frame-000371.color.png 0.999757 -0.0206679 0.00772479 -0.0310936 0.020697 0.999779 -0.0036952 0.00067994 -0.0076467 0.00385416 0.999963 0.0133269 0.0 0.0 0.0 1.0
office/seq-01/color/frame-000371.color.png office/seq-01/color/frame-000374.color.png 0.999677 -0.0199472 0.0157267 -0.0317129 0.0199742 0.999799 -0.00157941 0.000621319 -0.015692 0.00189302 0.999875 0.0134837 0.0 0.0 0.0 1.0
office/seq-01/color/frame-000374.color.png office/seq-01/color/frame-000377.color.png 0.999391 -0.0222986 0.0268247 -0.0377756 0.0224323 0.999737 -0.00468841 0.0110412 -0.0267132 0.00528732 0.999629 0.017938 0.0 0.0 0.0 1.0
office/seq-01/color/frame-000377.color.png office/seq-01/color/frame-000380.color.png 0.998584 0.00470552 0.0529895 -0.021513 -0.00379044 0.999842 -0.0173588 -0.0110142 -0.0530629 0.0171334 0.998444 -0.0154636 0.0 0.0 0.0 1.0
office/seq-01/color/frame-000380.color.png office/seq-01/color/frame-000383.color.png 0.999118 -0.0087823 0.0410707 -0.017927 0.00897443 0.99995 -0.00449298 0.0114389 -0.0410291 0.00485759 0.999146 -0.00310364 0.0 0.0 0.0 1.0
office/seq-01/color/frame-000383.color.png office/seq-01/color/frame-000386.color.png 0.999005 -0.0219489 0.0388165 -0.0118398 0.0223927 0.999688 -0.0110371 0.00221145 -0.0385621 0.0118953 0.999186 -0.00339952 0.0 0.0 0.0 1.0
office/seq-01/color/frame-000386.color.png office/seq-01/color/frame-000389.color.png 0.999212 -0.0123063 0.0377341 -0.0118558 0.0129067 0.999793 -0.0157108 0.0113157 -0.0375331 0.0161855 0.999164 -0.0141188 0.0 0.0 0.0 1.0
office/seq-01/color/frame-000389.color.png office/seq-01/color/frame-000392.color.png 0.999409 -0.0197587 0.0281251 -0.00298677 0.0199052 0.99979 -0.00493195 -0.0120266 -0.0280217 0.00548884 0.999592 -0.0142992 0.0 0.0 0.0 1.0
office/seq-01/color/frame-000392.color.png office/seq-01/color/frame-000395.color.png 0.99874 -0.0413786 0.0283987 -0.00257727 0.0416297 0.999098 -0.00831106 0.00390834 -0.0280291 0.00948283 0.999562 -0.0240999 0.0 0.0 0.0 1.0
office/seq-01/color/frame-000395.color.png office/seq-01/color/frame-000398.color.png 0.999223 -0.0325903 0.0221432 0.00877853 0.033018 0.99927 -0.0192321 0.0108616 -0.0215002 0.0199483 0.99957 -0.0114958 0.0 0.0 0.0 1.0
office/seq-01/color/frame-000398.color.png office/seq-01/color/frame-000401.color.png 0.998938 -0.0306918 0.034366 0.0145702 0.031001 0.999483 -0.00849986 0.0104324 -0.0340874 0.0095562 0.999373 -0.026836 0.0 0.0 0.0 1.0
office/seq-01/color/frame-000401.color.png office/seq-01/color/frame-000404.color.png 0.999492 -0.0199738 0.024842 0.0133891 0.0199569 0.9998 0.000929064 -0.0131922 -0.0248555 -0.000432819 0.999691 -0.0170461 0.0 0.0 0.0 1.0
office/seq-01/color/frame-000404.color.png office/seq-01/color/frame-000407.color.png 0.999299 -0.020184 0.0315199 0.0106567 0.0203906 0.999773 -0.0062478 0.00253651 -0.0313867 0.00688617 0.999484 -0.0136931 0.0 0.0 0.0 1.0
office/seq-01/color/frame-000407.color.png office/seq-01/color/frame-000410.color.png 0.999555 0.000467635 0.0298417 0.0226222 -0.000257664 0.999975 -0.00704007 -0.0108567 -0.0298442 0.00702923 0.99953 -0.000217304 0.0 0.0 0.0 1.0
office/seq-01/color/frame-000410.color.png office/seq-01/color/frame-000413.color.png 0.998895 0.0012564 0.0469897 0.0187685 -0.000778682 0.999948 -0.010184 -0.016061 -0.047 0.0101361 0.998843 -0.0257236 0.0 0.0 0.0 1.0
office/seq-01/color/frame-000413.color.png office/seq-01/color/frame-000416.color.png 0.998733 -0.00694283 0.0498447 0.0267948 0.00665454 0.99996 0.00594692 -0.0107483 -0.0498841 -0.00560769 0.998739 0.00207803 0.0 0.0 0.0 1.0
office/seq-01/color/frame-000416.color.png office/seq-01/color/frame-000419.color.png 0.999314 -0.00453428 0.036746 0.00937487 0.00450338 0.99999 0.000924393 -0.00114429 -0.0367498 -0.000758251 0.999324 0.000935972 0.0 0.0 0.0 1.0
office/seq-01/color/frame-000419.color.png office/seq-01/color/frame-000422.color.png 0.99953 -0.00382842 0.0304251 0.0190801 0.00356709 0.999956 0.00863895 -0.00383249 -0.0304568 -0.00852635 0.9995 0.00347818 0.0 0.0 0.0 1.0
office/seq-01/color/frame-000422.color.png office/seq-01/color/frame-000425.color.png 0.999679 -0.00507749 0.0248114 0.018142 0.00485915 0.999949 0.00885281 -0.00472435 -0.0248551 -0.00872939 0.999653 0.0104139 0.0 0.0 0.0 1.0
office/seq-01/color/frame-000425.color.png office/seq-01/color/frame-000428.color.png 0.999714 -0.00498029 0.0233776 0.0226917 0.00475353 0.999941 0.00974443 -0.0136676 -0.0234248 -0.00963051 0.999679 0.0170664 0.0 0.0 0.0 1.0
office/seq-01/color/frame-000428.color.png office/seq-01/color/frame-000431.color.png 0.999544 -0.00610178 0.0295735 0.019981 0.00606906 0.999981 0.00119555 -0.000174463 -0.0295802 -0.00101551 0.999562 0.0194814 0.0 0.0 0.0 1.0
office/seq-01/color/frame-000431.color.png office/seq-01/color/frame-000434.color.png 0.999477 -0.00761777 0.0314129 0.0145711 0.00748304 0.999962 0.00440507 -0.00636807 -0.0314452 -0.00416772 0.999497 0.0208386 0.0 0.0 0.0 1.0
office/seq-01/color/frame-000434.color.png office/seq-01/color/frame-000437.color.png 0.999548 -0.0107943 0.0280521 0.0103239 0.010537 0.999901 0.00930482 -0.005099 -0.0281497 -0.00900503 0.999563 0.0159369 0.0 0.0 0.0 1.0
office/seq-01/color/frame-000437.color.png office/seq-01/color/frame-000440.color.png 0.999516 -0.00913256 0.0297421 0.0205311 0.00878654 0.999892 0.0117439 -0.00271139 -0.0298461 -0.0114769 0.999489 0.0203854 0.0 0.0 0.0 1.0
office/seq-01/color/frame-000440.color.png office/seq-01/color/frame-000443.color.png 0.999564 -0.00651893 0.0287865 0.012336 0.00607284 0.999861 0.0155567 -0.00125837 -0.0288841 -0.0153751 0.999465 0.0129024 0.0 0.0 0.0 1.0
office/seq-01/color/frame-000443.color.png office/seq-01/color/frame-000446.color.png 0.99964 -0.00159465 0.0267718 0.016922 0.00117136 0.999874 0.0158202 -0.00520036 -0.0267936 -0.0157832 0.999516 0.0217945 0.0 0.0 0.0 1.0
office/seq-01/color/frame-000446.color.png office/seq-01/color/frame-000449.color.png 0.999508 0.00126047 0.0313352 0.0159591 -0.00120786 0.999998 -0.0016989 0.017959 -0.0313373 0.00166023 0.999507 0.0271882 0.0 0.0 0.0 1.0
office/seq-01/color/frame-000449.color.png office/seq-01/color/frame-000452.color.png 0.999166 -0.00905779 0.039823 0.00497541 0.00877926 0.999936 0.00716404 -0.00654155 -0.0398853 -0.00680842 0.999181 0.0171191 0.0 0.0 0.0 1.0
office/seq-01/color/frame-000452.color.png office/seq-01/color/frame-000455.color.png 0.998923 -0.0137048 0.044334 0.00305715 0.0137055 0.999906 0.000289281 -0.00491506 -0.0443337 0.000318614 0.999017 0.0212004 0.0 0.0 0.0 1.0
office/seq-01/color/frame-000455.color.png office/seq-01/color/frame-000458.color.png 0.998782 -0.0142078 0.0472613 -0.00716993 0.0142219 0.999899 3.67283e-05 -0.00776914 -0.047257 0.000635493 0.998883 0.0174405 0.0 0.0 0.0 1.0
office/seq-01/color/frame-000458.color.png office/seq-01/color/frame-000461.color.png 0.998558 -0.0182654 0.0504807 -0.00614887 0.018218 0.999833 0.00140029 -0.00799865 -0.0504978 -0.000478624 0.998724 0.0198074 0.0 0.0 0.0 1.0
office/seq-01/color/frame-000461.color.png office/seq-01/color/frame-000464.color.png 0.99882 -0.0127284 0.0468673 0.000575304 0.0124996 0.999909 0.00517229 -0.0107645 -0.0469288 -0.00458035 0.998888 0.0141859 0.0 0.0 0.0 1.0
office/seq-01/color/frame-000464.color.png office/seq-01/color/frame-000467.color.png 0.998909 -0.0112014 0.0453296 -0.0111107 0.0111001 0.999935 0.00248587 -0.00474122 -0.0453545 -0.00198003 0.998969 0.011307 0.0 0.0 0.0 1.0
office/seq-01/color/frame-000467.color.png office/seq-01/color/frame-000470.color.png 0.999156 -0.0100895 0.0398202 -0.000654638 0.00981667 0.999927 0.0070411 -0.00704089 -0.0398883 -0.00664427 0.999182 0.0100852 0.0 0.0 0.0 1.0
office/seq-01/color/frame-000470.color.png office/seq-01/color/frame-000473.color.png 0.999242 -0.00447086 0.0386723 -0.00164652 0.00438738 0.999988 0.0022432 -0.000287533 -0.0386819 -0.00207185 0.999249 0.0177881 0.0 0.0 0.0 1.0
office/seq-01/color/frame-000473.color.png office/seq-01/color/frame-000476.color.png 0.99923 -0.00213458 0.0391794 -0.00623041 0.00217655 0.999997 -0.00102823 -0.0039621 -0.0391771 0.00111274 0.999232 0.0120207 0.0 0.0 0.0 1.0
office/seq-01/color/frame-000476.color.png office/seq-01/color/frame-000479.color.png 0.999446 -0.00180642 0.0332205 -0.000742257 0.00188294 0.999996 -0.0022726 -0.000679463 -0.0332163 0.00233392 0.999446 0.0143276 0.0 0.0 0.0 1.0
office/seq-01/color/frame-000479.color.png office/seq-01/color/frame-000482.color.png 0.999347 0.000154226 0.0361374 0.00248474 -0.000125097 1.0 -0.000808885 -0.00255167 -0.0361375 0.000803835 0.999346 0.00867197 0.0 0.0 0.0 1.0
office/seq-01/color/frame-000482.color.png office/seq-01/color/frame-000485.color.png 0.999576 -0.00243191 0.0290204 0.0129539 0.0022832 0.999984 0.00515715 -0.00723702 -0.0290325 -0.00508874 0.999565 0.010547 0.0 0.0 0.0 1.0
office/seq-01/color/frame-000485.color.png office/seq-01/color/frame-000488.color.png 0.999463 -0.00565112 0.0322776 0.0114181 0.00556786 0.999981 0.00266861 -0.000323832 -0.032292 -0.00248748 0.999475 0.00550707 0.0 0.0 0.0 1.0
office/seq-01/color/frame-000488.color.png office/seq-01/color/frame-000491.color.png 0.999287 -0.00489884 0.0374269 -0.00216383 0.00497723 0.999986 -0.00200156 -0.000940621 -0.0374165 0.00218645 0.999297 0.0126269 0.0 0.0 0.0 1.0
office/seq-01/color/frame-000491.color.png office/seq-01/color/frame-000494.color.png 0.998998 -0.00573208 0.0443848 0.00382447 0.00571201 0.999984 0.000578865 -0.00369599 -0.0443874 -0.000324777 0.999014 0.012902 0.0 0.0 0.0 1.0
office/seq-01/color/frame-000494.color.png office/seq-01/color/frame-000497.color.png 0.998895 -0.0106764 0.0457794 0.00165969 0.0108427 0.999936 -0.00338451 -0.00457242 -0.0457404 0.00387716 0.998946 0.0222153 0.0 0.0 0.0 1.0
office/seq-01/color/frame-000497.color.png office/seq-01/color/frame-000500.color.png 0.998673 -0.0159474 0.0489721 0.00202411 0.0161306 0.999864 -0.00334801 -0.00982708 -0.0489121 0.0041335 0.998794 0.0153365 0.0 0.0 0.0 1.0
office/seq-01/color/frame-000500.color.png office/seq-01/color/frame-000503.color.png 0.998961 -0.0130092 0.043685 0.00689358 0.0133273 0.999887 -0.0069968 -0.00120392 -0.043589 0.00757173 0.999021 0.0178349 0.0 0.0 0.0 1.0
office/seq-01/color/frame-000503.color.png office/seq-01/color/frame-000506.color.png 0.999252 -0.00917028 0.0375577 0.00301069 0.00917072 0.999958 0.000160641 -0.00154224 -0.0375576 0.000183959 0.999295 0.0184013 0.0 0.0 0.0 1.0
office/seq-01/color/frame-000506.color.png office/seq-01/color/frame-000509.color.png 0.999397 -0.0042754 0.0344479 0.00374544 0.00414987 0.999985 0.00371454 -0.00666526 -0.0344633 -0.00356941 0.9994 0.0193667 0.0 0.0 0.0 1.0
office/seq-01/color/frame-000509.color.png office/seq-01/color/frame-000512.color.png 0.999313 -0.00158099 0.0370188 -0.0135028 0.00164092 0.999997 -0.00158839 0.00795874 -0.0370162 0.00164809 0.999313 0.0244121 0.0 0.0 0.0 1.0
office/seq-01/color/frame-000512.color.png office/seq-01/color/frame-000515.color.png 0.999691 -0.00781041 0.023616 0.0042609 0.00759206 0.999928 0.00932146 -0.00885794 -0.0236871 -0.00913933 0.999678 0.0199944 0.0 0.0 0.0 1.0
office/seq-01/color/frame-000515.color.png office/seq-01/color/frame-000518.color.png 0.999727 -0.00159927 0.0233 0.0123962 0.00153862 0.999995 0.00262087 -0.00398999 -0.023304 -0.00258427 0.999725 0.0286854 0.0 0.0 0.0 1.0
office/seq-01/color/frame-000518.color.png office/seq-01/color/frame-000521.color.png 0.999264 -0.0183918 0.0336702 0.0347161 0.018615 0.999807 -0.0063292 -0.0204364 -0.0335473 0.00695133 0.999413 0.0411159 0.0 0.0 0.0 1.0
office/seq-01/color/frame-000521.color.png office/seq-01/color/frame-000524.color.png 0.999351 -0.00793047 0.0351263 0.0288406 0.00848724 0.99984 -0.0157307 0.00319707 -0.0349961 0.0160186 0.999259 0.0443079 0.0 0.0 0.0 1.0
office/seq-01/color/frame-000524.color.png office/seq-01/color/frame-000527.color.png 0.999831 -0.0014534 0.018312 0.0494111 0.00177299 0.999846 -0.0174445 0.00888318 -0.0182839 0.0174741 0.99968 0.0245407 0.0 0.0 0.0 1.0
office/seq-01/color/frame-000527.color.png office/seq-01/color/frame-000530.color.png 0.999813 0.00844116 0.0174079 0.0283303 -0.00850973 0.999956 0.00386666 -0.00238192 -0.0173746 -0.00401411 0.999841 0.0339268 0.0 0.0 0.0 1.0
