office/seq-01/color/frame-000000.color.png office/seq-01/color/frame-000003.color.png 0.999997 -0.0024516 0.000857172 -0.00261057 0.00245324 0.999995 -0.00191821 0.00225154 -0.000852466 0.0019203 0.999998 0.0013424 0.0 0.0 0.0 1.0
office/seq-01/color/frame-000003.color.png office/seq-01/color/frame-000006.color.png 0.999993 -0.0033447 -0.00149081 -0.00258579 0.0033518 0.999983 0.00478042 -0.000116152 0.0014748 -0.00478538 0.999987 0.00438207 0.0 0.0 0.0 1.0
office/seq-01/color/frame-000006.color.png office/seq-01/color/frame-000009.color.png 0.999969 -0.00787935 -5.10764e-05 0.000973176 0.00787935 0.999885 0.0129916 -0.00309179 -5.12947e-05 -0.0129916 0.999916 0.00770515 0.0 0.0 0.0 1.0
office/seq-01/color/frame-000009.color.png office/seq-01/color/frame-000012.color.png 0.999945 -0.0095543 0.0042993 -0.00396541 0.00952593 0.999933 0.00657323 -0.00529434 -0.00436181 -0.00653191 0.999969 0.00895077 0.0 0.0 0.0 1.0
office/seq-01/color/frame-000012.color.png office/seq-01/color/frame-000015.color.png 0.999862 -0.0158647 0.00488534 -0.00477761 0.0158318 0.999852 0.00668678 -0.00544447 -0.0049907 -0.00660852 0.999966 0.0116949 0.0 0.0 0.0 1.0
office/seq-01/color/frame-000015.color.png office/seq-01/color/frame-000018.color.png 0.999942 -0.0107365 0.000618288 -0.00647351 0.0107315 0.999914 0.00756685 -0.0108704 -0.000699477 -0.00755978 0.999971 0.0123923 0.0 0.0 0.0 1.0
office/seq-01/color/frame-000018.color.png office/seq-01/color/frame-000021.color.png 0.999947 -0.010131 0.00152649 -0.00446299 0.0101291 0.999948 0.0012592 -0.00527039 -0.00153916 -0.00124368 0.999998 0.0118444 0.0 0.0 0.0 1.0
office/seq-01/color/frame-000021.color.png office/seq-01/color/frame-000024.color.png 0.999843 -0.013333 0.0117083 -0.00997435 0.0131378 0.999776 0.0165875 -0.0123958 -0.0119269 -0.0164311 0.999794 0.0174718 0.0 0.0 0.0 1.0
office/seq-01/color/frame-000024.color.png office/seq-01/color/frame-000027.color.png 0.999933 -0.010849 -0.00398965 -0.00763398 0.0108967 0.999867 0.0121286 -0.00990869 0.00385753 -0.0121712 0.999919 0.0143694 0.0 0.0 0.0 1.0
office/seq-01/color/frame-000027.color.png office/seq-01/color/frame-000030.color.png 0.999941 -0.00985857 0.00458011 0.000908904 0.00974174 0.999643 0.0248634 -0.0179343 -0.00482358 -0.0248173 0.99968 0.0181371 0.0 0.0 0.0 1.0
office/seq-01/color/frame-000030.color.png office/seq-01/color/frame-000033.color.png 0.999966 0.00162825 0.00804439 -0.00826153 -0.00163142 0.999999 0.000387932 -0.022368 -0.00804375 -0.000401036 0.999967 0.0252239 0.0 0.0 0.0 1.0
office/seq-01/color/frame-000033.color.png office/seq-01/color/frame-000036.color.png 0.999943 0.00264088 0.0103892 0.000488814 -0.0025868 0.999983 -0.00521391 -0.0118761 -0.0104028 0.00518674 0.999932 0.0111272 0.0 0.0 0.0 1.0
office/seq-01/color/frame-000036.color.png office/seq-01/color/frame-000039.color.png 0.999815 -0.0124828 0.0146605 -0.00763164 0.0123609 0.999889 0.00837677 -0.0122162 -0.0147635 -0.008194 0.999858 0.0176805 0.0 0.0 0.0 1.0
office/seq-01/color/frame-000039.color.png office/seq-01/color/frame-000042.color.png 0.999949 -0.00250884 0.00983305 -0.00195727 0.0025041 0.999997 0.000494471 -0.00353843 -0.00983426 -0.000469833 0.999951 0.0150423 0.0 0.0 0.0 1.0
office/seq-01/color/frame-000042.color.png office/seq-01/color/frame-000045.color.png 0.9999 -0.00985706 0.0101756 -0.00991413 0.00978913 0.99993 0.00670521 -0.0141314 -0.010241 -0.00660495 0.999926 0.020526 0.0 0.0 0.0 1.0
office/seq-01/color/frame-000045.color.png office/seq-01/color/frame-000048.color.png 0.999927 -0.0049282 0.0110688 -0.00489482 0.00477065 0.999888 0.0142154 -0.0161851 -0.0111376 -0.0141615 0.999838 0.0172347 0.0 0.0 0.0 1.0
office/seq-01/color/frame-000048.color.png office/seq-01/color/frame-000051.color.png 0.999952 0.00979902 0.000620319 0.00144463 -0.0097983 0.999951 -0.00115098 -0.0295593 -0.000631549 0.00114487 0.999999 0.024712 0.0 0.0 0.0 1.0
office/seq-01/color/frame-000051.color.png office/seq-01/color/frame-000054.color.png 0.999877 -0.00347545 0.0153071 -0.00257752 0.00339834 0.999981 0.00505886 -0.00293715 -0.0153244 -0.00500622 0.99987 0.00980935 0.0 0.0 0.0 1.0
office/seq-01/color/frame-000054.color.png office/seq-01/color/frame-000057.color.png 0.999837 0.00624446 -0.0169672 0.0124576 -0.00625881 0.99998 -0.000794705 -0.0380208 0.0169619 0.000900769 0.999856 0.0218384 0.0 0.0 0.0 1.0
office/seq-01/color/frame-000057.color.png office/seq-01/color/frame-000060.color.png 0.999928 0.00952699 0.00724247 0.00567353 -0.00941326 0.999834 -0.0155784 0.0096893 -0.00738968 0.0155091 0.999852 0.01221 0.0 0.0 0.0 1.0
office/seq-01/color/frame-000060.color.png office/seq-01/color/frame-000063.color.png 0.999597 0.0206297 -0.0194851 0.0228579 -0.0204868 0.999762 0.00750271 -0.023292 0.0196353 -0.0071005 0.999782 0.0100054 0.0 0.0 0.0 1.0
office/seq-01/color/frame-000063.color.png office/seq-01/color/frame-000066.color.png 0.999876 0.0148777 -0.00517412 0.0257261 -0.0147855 0.999739 0.0174309 -0.0253037 0.00543209 -0.0173522 0.999835 0.00876191 0.0 0.0 0.0 1.0
office/seq-01/color/frame-000066.color.png office/seq-01/color/frame-000069.color.png 0.999909 0.0125631 -0.00491805 0.0301757 -0.0125377 0.999908 0.00514528 -0.0210769 0.00498225 -0.00508316 0.999975 0.00204185 0.0 0.0 0.0 1.0
office/seq-01/color/frame-000069.color.png office/seq-01/color/frame-000072.color.png 0.999873 0.0111527 -0.0114093 0.0270278 -0.011223 0.999918 -0.00611295 0.000112027 0.0113402 0.00624022 0.999916 -0.00191915 0.0 0.0 0.0 1.0
office/seq-01/color/frame-000072.color.png office/seq-01/color/frame-000075.color.png 0.999918 -0.00493451 -0.0118267 0.0386879 0.00506846 0.999923 0.0113225 -0.0125378 0.0117699 -0.0113816 0.999866 -0.015264 0.0 0.0 0.0 1.0
office/seq-01/color/frame-000075.color.png office/seq-01/color/frame-000078.color.png 0.999862 0.00177167 -0.0165416 0.0561347 -0.00146765 0.99983 0.0183729 -0.0231936 0.0165713 -0.018346 0.999694 -0.016096 0.0 0.0 0.0 1.0
office/seq-01/color/frame-000078.color.png office/seq-01/color/frame-000081.color.png 0.999831 0.0124571 -0.0134884 0.0376316 -0.0123063 0.999861 0.0112064 -0.0150921 0.0136261 -0.0110385 0.999846 -0.0132571 0.0 0.0 0.0 1.0
office/seq-01/color/frame-000081.color.png office/seq-01/color/frame-000084.color.png 0.999686 0.00830072 -0.0236362 0.048574 -0.00833892 0.999964 -0.00151816 -0.00908282 0.0236228 0.00171481 0.99972 -0.0166245 0.0 0.0 0.0 1.0
office/seq-01/color/frame-000084.color.png office/seq-01/color/frame-000087.color.png 0.999261 0.0128907 -0.0362229 0.0546147 -0.0127337 0.999909 0.00456137 -0.0140061 0.0362784 -0.00409675 0.999333 -0.0098868 0.0 0.0 0.0 1.0
office/seq-01/color/frame-000087.color.png office/seq-01/color/frame-000090.color.png 0.999284 0.0207172 -0.0316596 0.0617924 -0.0206123 0.999781 0.00363684 -0.0195234 0.0317281 -0.00298167 0.999492 -0.0122678 0.0 0.0 0.0 1.0
office/seq-01/color/frame-000090.color.png office/seq-01/color/frame-000093.color.png 0.999819 0.0122047 -0.0146207 0.0332589 -0.0122081 0.999925 -0.000140443 0.00396445 0.0146179 0.00031891 0.999893 -0.00235507 0.0 0.0 0.0 1.0
office/seq-01/color/frame-000093.color.png office/seq-01/color/frame-000096.color.png 0.999837 0.0118175 -0.0136453 0.0421656 -0.0118038 0.99993 0.00108345 -0.0059638 0.0136572 -0.000922164 0.999906 -0.00152257 0.0 0.0 0.0 1.0
office/seq-01/color/frame-000096.color.png office/seq-01/color/frame-000099.color.png 0.99986 0.00200454 -0.0166159 0.0500489 -0.00194219 0.999991 0.00376814 0.005844 0.0166233 -0.00373535 0.999855 -0.0062688 0.0 0.0 0.0 1.0
office/seq-01/color/frame-000099.color.png office/seq-01/color/frame-000102.color.png 0.999273 0.00507558 -0.0377988 0.0751759 -0.00472227 0.999944 0.00943036 -0.010487 0.0378446 -0.00924501 0.999241 -0.0077242 0.0 0.0 0.0 1.0
office/seq-01/color/frame-000102.color.png office/seq-01/color/frame-000105.color.png 0.999782 0.00203067 -0.020797 0.0491666 -0.00193267 0.999987 0.00473132 0.00784364 0.0208063 -0.00469008 0.999773 -0.00939646 0.0 0.0 0.0 1.0
office/seq-01/color/frame-000105.color.png office/seq-01/color/frame-000108.color.png 0.999869 0.00500629 -0.0154 0.0444592 -0.00496225 0.999983 0.00289613 0.00890774 0.0154142 -0.00281934 0.999877 -0.00799993 0.0 0.0 0.0 1.0
office/seq-01/color/frame-000108.color.png office/seq-01/color/frame-000111.color.png 0.999473 0.0207619 -0.0249486 0.0478526 -0.0208574 0.999776 -0.00357137 0.0325044 0.0248688 0.00408986 0.999682 -0.00898644 0.0 0.0 0.0 1.0
office/seq-01/color/frame-000111.color.png office/seq-01/color/frame-000114.color.png 0.999184 0.0223274 -0.0336472 0.048642 -0.022138 0.999737 0.00599096 -0.00612134 0.0337721 -0.00524118 0.999416 -0.0168279 0.0 0.0 0.0 1.0
office/seq-01/color/frame-000114.color.png office/seq-01/color/frame-000117.color.png 0.998791 -0.00107364 -0.0491514 0.0586987 0.000868217 0.999991 -0.0042004 -0.000699013 0.0491554 0.0041526 0.998783 -0.0307494 0.0 0.0 0.0 1.0
office/seq-01/color/frame-000117.color.png office/seq-01/color/frame-000120.color.png 0.998835 0.0140535 -0.046157 0.0569478 -0.0133864 0.999802 0.0147301 -7.03335e-06 0.0463549 -0.014095 0.998825 -0.0402508 0.0 0.0 0.0 1.0
office/seq-01/color/frame-000120.color.png office/seq-01/color/frame-000123.color.png 0.999857 0.00939558 -0.014072 0.0300683 -0.00916721 0.999827 0.0162064 -0.00852096 0.0142218 -0.0160751 0.99977 -0.0149277 0.0 0.0 0.0 1.0
office/seq-01/color/frame-000123.color.png office/seq-01/color/frame-000126.color.png 0.999109 0.0101337 -0.0409686 0.0466266 -0.0100898 0.999948 0.00127732 -0.00468087 0.0409794 -0.000862811 0.99916 -0.0218239 0.0 0.0 0.0 1.0
office/seq-01/color/frame-000126.color.png office/seq-01/color/frame-000129.color.png 0.999611 0.00846051 -0.0265899 0.0248954 -0.00856594 0.999956 -0.00385318 -0.00415465 0.0265561 0.00407947 0.999639 -0.0181771 0.0 0.0 0.0 1.0
office/seq-01/color/frame-000129.color.png office/seq-01/color/frame-000132.color.png 0.998834 0.0101851 -0.0471966 0.076457 -0.0101513 0.999948 0.000955838 -0.00931838 0.0472039 -0.000475654 0.998885 -0.0258354 0.0 0.0 0.0 1.0
office/seq-01/color/frame-000132.color.png office/seq-01/color/frame-000135.color.png 0.999756 0.00169297 -0.0220197 0.0270609 -0.00136938 0.999891 0.0147019 -0.0126891 0.0220422 -0.0146681 0.99965 -0.0150127 0.0 0.0 0.0 1.0
office/seq-01/color/frame-000135.color.png office/seq-01/color/frame-000138.color.png 0.998596 0.00957348 -0.0521031 0.0615481 -0.00985969 0.999938 -0.00523935 0.00447771 0.0520498 0.0057457 0.998628 -0.0254669 0.0 0.0 0.0 1.0
office/seq-01/color/frame-000138.color.png office/seq-01/color/frame-000141.color.png 0.998235 0.0210808 -0.0555177 0.0792336 -0.0221838 0.999567 -0.0193257 0.0235482 0.0550862 0.0205232 0.998271 -0.0418302 0.0 0.0 0.0 1.0
office/seq-01/color/frame-000141.color.png office/seq-01/color/frame-000144.color.png 0.999501 0.0168902 -0.0267083 0.046591 -0.0167309 0.999841 0.00617721 0.0112632 0.0268084 -0.0057273 0.999624 -0.0260796 0.0 0.0 0.0 1.0
office/seq-01/color/frame-000144.color.png office/seq-01/color/frame-000147.color.png 0.998385 0.0300954 -0.0481903 0.099578 -0.0290924 0.999348 0.021381 0.0145082 0.0488023 -0.0199445 0.998609 -0.0328954 0.0 0.0 0.0 1.0
office/seq-01/color/frame-000147.color.png office/seq-01/color/frame-000150.color.png 0.999302 0.0126434 -0.0351476 0.0543174 -0.0117561 0.99961 0.0253384 -0.0185393 0.0354541 -0.0249075 0.999061 -0.021817 0.0 0.0 0.0 1.0
office/seq-01/color/frame-000150.color.png office/seq-01/color/frame-000153.color.png 0.998972 -0.0176625 -0.0417468 0.0523887 0.0169284 0.999697 -0.017873 -0.0108624 0.0420498 0.0171479 0.998968 -0.0232559 0.0 0.0 0.0 1.0
office/seq-01/color/frame-000153.color.png office/seq-01/color/frame-000156.color.png 0.999719 -0.0112531 -0.0208693 0.0446007 0.0116081 0.999789 0.0169639 -0.0319809 0.020674 -0.0172013 0.999638 -0.0148762 0.0 0.0 0.0 1.0
office/seq-01/color/frame-000156.color.png office/seq-01/color/frame-000159.color.png 0.99984 0.0106917 -0.0143731 0.0483487 -0.0108215 0.999901 -0.00898536 0.0137123 0.0142755 0.00913945 0.999856 -0.00340542 0.0 0.0 0.0 1.0
office/seq-01/color/frame-000159.color.png office/seq-01/color/frame-000162.color.png 0.999876 0.0156976 -0.00145929 0.0401676 -0.0156936 0.999873 0.00261517 0.00194991 0.00150031 -0.00259197 0.999995 0.0125093 0.0 0.0 0.0 1.0
office/seq-01/color/frame-000162.color.png office/seq-01/color/frame-000165.color.png 0.999392 -0.00101986 -0.0348409 0.0754277 0.00155595 0.999881 0.0153648 -0.0192356 0.0348209 -0.0154097 0.999275 0.00275934 0.0 0.0 0.0 1.0
office/seq-01/color/frame-000165.color.png office/seq-01/color/frame-000168.color.png 0.999728 0.0223215 -0.00681309 0.0522426 -0.0224061 0.999669 -0.0126117 0.0345429 0.00652935 0.0127609 0.999897 0.0213313 0.0 0.0 0.0 1.0
office/seq-01/color/frame-000168.color.png office/seq-01/color/frame-000171.color.png 0.999846 0.0121347 -0.0126442 0.0420003 -0.0121044 0.999924 0.00246044 0.00684881 0.012673 -0.00230702 0.999917 0.0138089 0.0 0.0 0.0 1.0
office/seq-01/color/frame-000171.color.png office/seq-01/color/frame-000174.color.png 0.999866 0.0133915 0.00943956 0.028327 -0.0133919 0.99991 -1.02199e-05 0.0084821 -0.00943887 -0.000116203 0.999955 0.0429717 0.0 0.0 0.0 1.0
office/seq-01/color/frame-000174.color.png office/seq-01/color/frame-000177.color.png 0.999997 -0.00209667 -0.00103937 0.0285577 0.00211432 0.999847 0.0173555 -0.0209137 0.00100279 -0.0173576 0.999849 0.0303549 0.0 0.0 0.0 1.0
office/seq-01/color/frame-000177.color.png office/seq-01/color/frame-000180.color.png 0.999956 -0.000526391 0.00936286 0.0202154 0.000474235 0.999984 0.00558156 -0.0185927 -0.00936561 -0.0055769 0.999941 0.0389479 0.0 0.0 0.0 1.0
office/seq-01/color/frame-000180.color.png office/seq-01/color/frame-000183.color.png 0.999272 -0.00951476 -0.0369437 0.0785286 0.0105869 0.999525 0.0289331 -0.0392397 0.0366508 -0.0293031 0.998898 0.0236979 0.0 0.0 0.0 1.0
office/seq-01/color/frame-000183.color.png office/seq-01/color/frame-000186.color.png 0.999995 0.00299857 0.000310899 0.0210168 -0.00300093 0.999965 0.00783327 -0.0131019 -0.000287302 -0.00783415 0.999969 0.0278207 0.0 0.0 0.0 1.0
office/seq-01/color/frame-000186.color.png office/seq-01/color/frame-000189.color.png 0.999958 0.00475421 -0.00781416 0.0324019 -0.00478813 0.999979 -0.00433233 0.00480604 0.00779341 0.00436949 0.99996 0.0303246 0.0 0.0 0.0 1.0
office/seq-01/color/frame-000189.color.png office/seq-01/color/frame-000192.color.png 0.999851 0.0106644 -0.0136073 0.033811 -0.0107577 0.999919 -0.00680132 0.0114098 0.0135337 0.0069467 0.999884 0.0166129 0.0 0.0 0.0 1.0
office/seq-01/color/frame-000192.color.png office/seq-01/color/frame-000195.color.png 0.999558 0.0104148 -0.027836 0.0472425 -0.0101708 0.999909 0.00889423 -0.0127137 0.027926 -0.00860718 0.999573 0.00219333 0.0 0.0 0.0 1.0
office/seq-01/color/frame-000195.color.png office/seq-01/color/frame-000198.color.png 0.999476 0.00422326 -0.0320791 0.0543628 -0.00432179 0.999986 -0.00300478 0.0134634 0.032066 0.00314188 0.999481 -0.00343031 0.0 0.0 0.0 1.0
office/seq-01/color/frame-000198.color.png office/seq-01/color/frame-000201.color.png 0.999056 0.0118132 -0.0417997 0.0661007 -0.0106348 0.999543 0.0283087 -0.0449024 0.042115 -0.0278375 0.998725 0.00263798 0.0 0.0 0.0 1.0
office/seq-01/color/frame-000201.color.png office/seq-01/color/frame-000204.color.png 0.999684 0.0077484 -0.0239102 0.0364407 -0.00764862 0.999962 0.00425536 -0.00515264 0.0239424 -0.00407117 0.999705 0.000730157 0.0 0.0 0.0 1.0
office/seq-01/color/frame-000204.color.png office/seq-01/color/frame-000207.color.png 0.999364 0.00809047 -0.0347315 0.0437181 -0.00791921 0.999956 0.00506547 -0.00728041 0.0347708 -0.00478718 0.999384 -0.0244131 0.0 0.0 0.0 1.0
office/seq-01/color/frame-000207.color.png office/seq-01/color/frame-000210.color.png 0.999503 0.0104677 -0.0297497 0.034791 -0.0104314 0.999945 0.00137786 -0.0033955 0.0297623 -0.00106687 0.999556 -0.0105562 0.0 0.0 0.0 1.0
office/seq-01/color/frame-000210.color.png office/seq-01/color/frame-000213.color.png 0.999794 0.0077051 -0.0187732 0.0206357 -0.00787886 0.999927 -0.00920474 0.0114894 0.018701 0.00935072 0.999781 -6.56843e-05 0.0 0.0 0.0 1.0
office/seq-01/color/frame-000213.color.png office/seq-01/color/frame-000216.color.png 0.999642 0.0146771 -0.0223442 0.0129436 -0.014606 0.999888 0.00334424 0.00525427 0.0223907 -0.00301664 0.999745 -0.000547051 0.0 0.0 0.0 1.0
office/seq-01/color/frame-000216.color.png office/seq-01/color/frame-000219.color.png 0.99976 0.0127281 -0.0178471 0.0100597 -0.0123588 0.99971 0.0206587 -0.0197274 0.0181049 -0.0204332 0.999627 0.00262272 0.0 0.0 0.0 1.0
office/seq-01/color/frame-000219.color.png office/seq-01/color/frame-000222.color.png 0.999793 0.0105875 -0.0173793 -0.00816929 -0.0106519 0.999937 -0.00361491 0.00546575 0.01734 0.00379929 0.999842 -0.00351548 0.0 0.0 0.0 1.0
office/seq-01/color/frame-000222.color.png office/seq-01/color/frame-000225.color.png 0.99967 -0.000476548 -0.0257041 -0.00560963 0.000889061 0.999871 0.0160409 -0.0349846 0.0256932 -0.0160585 0.999541 -0.0280163 0.0 0.0 0.0 1.0
office/seq-01/color/frame-000225.color.png office/seq-01/color/frame-000228.color.png 0.999482 0.00708276 -0.0313784 -0.00953174 -0.00730223 0.99995 -0.00688252 0.00251997 0.0313281 0.00710813 0.999484 -0.0297036 0.0 0.0 0.0 1.0
office/seq-01/color/frame-000228.color.png office/seq-01/color/frame-000231.color.png 0.999379 0.000528812 -0.0352441 0.00343072 -0.000185068 0.999952 0.00975572 -0.00938475 0.0352476 -0.00974318 0.999331 -0.0434395 0.0 0.0 0.0 1.0
office/seq-01/color/frame-000231.color.png office/seq-01/color/frame-000234.color.png 0.99907 0.00266245 -0.0430391 0.00205195 -0.0018766 0.999831 0.0182881 -0.0158508 0.0430805 -0.0181903 0.998906 -0.0529418 0.0 0.0 0.0 1.0
office/seq-01/color/frame-000234.color.png office/seq-01/color/frame-000237.color.png 0.999492 0.012268 -0.0294116 -0.00692081 -0.0118414 0.999823 0.0146365 -0.0107839 0.029586 -0.0142808 0.99946 -0.0248897 0.0 0.0 0.0 1.0
office/seq-01/color/frame-000237.color.png office/seq-01/color/frame-000240.color.png 0.998945 0.00636261 -0.045488 0.0100127 -0.0056797 0.999869 0.0151259 -0.00479299 0.0455783 -0.0148516 0.99885 -0.058509 0.0 0.0 0.0 1.0
office/seq-01/color/frame-000240.color.png office/seq-01/color/frame-000243.color.png 0.999187 0.0122021 -0.0384389 -0.00779712 -0.0118588 0.999888 0.00914561 0.00796473 0.0385461 -0.0086823 0.999219 -0.0462906 0.0 0.0 0.0 1.0
office/seq-01/color/frame-000243.color.png office/seq-01/color/frame-000246.color.png 0.998824 0.0020306 -0.0484467 -0.00149584 -0.00165407 0.999968 0.0078113 -0.00420886 0.0484611 -0.007722 0.998795 -0.054813 0.0 0.0 0.0 1.0
office/seq-01/color/frame-000246.color.png office/seq-01/color/frame-000249.color.png 0.999315 0.000825893 -0.0369982 -0.00286114 -0.00100518 0.999988 -0.00482768 0.016035 0.0369937 0.00486158 0.999304 -0.0360291 0.0 0.0 0.0 1.0
office/seq-01/color/frame-000249.color.png office/seq-01/color/frame-000252.color.png 0.999318 -0.00235821 -0.0368403 -0.00989127 0.0028882 0.999893 0.0143395 -0.0259779 0.0368025 -0.0144361 0.999218 -0.0461605 0.0 0.0 0.0 1.0
office/seq-01/color/frame-000252.color.png office/seq-01/color/frame-000255.color.png 0.999612 -0.00428001 -0.0275431 -0.0274558 0.00416909 0.999983 -0.00407939 -0.0137774 0.0275601 0.00396298 0.999612 -0.0467627 0.0 0.0 0.0 1.0
office/seq-01/color/frame-000255.color.png office/seq-01/color/frame-000258.color.png 0.997754 -0.0147559 -0.0653334 0.0155109 0.0152926 0.999853 0.00772278 -0.0148657 0.0652099 -0.00870457 0.997834 -0.0661237 0.0 0.0 0.0 1.0
office/seq-01/color/frame-000258.color.png office/seq-01/color/frame-000261.color.png 0.998782 0.0102201 -0.0482809 0.0224247 -0.00958464 0.999865 0.0133711 0.00109977 0.048411 -0.0128921 0.998744 -0.0740645 0.0 0.0 0.0 1.0
office/seq-01/color/frame-000261.color.png office/seq-01/color/frame-000264.color.png 0.998836 0.0134663 -0.0463223 0.0103129 -0.0136094 0.999904 -0.00277466 0.0289392 0.0462804 0.00340184 0.998923 -0.0420361 0.0 0.0 0.0 1.0
office/seq-01/color/frame-000264.color.png office/seq-01/color/frame-000267.color.png 0.999278 0.000457334 -0.0379982 0.0128682 -0.000218836 0.99998 0.00628179 0.027089 0.0380004 -0.00626896 0.999258 -0.0516129 0.0 0.0 0.0 1.0
office/seq-01/color/frame-000267.color.png office/seq-01/color/frame-000270.color.png 0.999063 0.0222304 -0.0371338 -0.0116581 -0.022352 0.999746 -0.00286742 0.0238814 0.0370606 0.00369475 0.999306 -0.0586286 0.0 0.0 0.0 1.0
office/seq-01/color/frame-000270.color.png office/seq-01/color/frame-000273.color.png 0.999643 0.00464788 -0.0263256 0.00431925 -0.00428841 0.999897 0.0136976 -0.00616872 0.0263865 -0.0135798 0.99956 -0.0403789 0.0 0.0 0.0 1.0
office/seq-01/color/frame-000273.color.png office/seq-01/color/frame-000276.color.png 0.999837 0.00632656 -0.0169346 -0.0403232 -0.00624457 0.999969 0.00488528 0.0247517 0.016965 -0.00477874 0.999845 -0.0596002 0.0 0.0 0.0 1.0
office/seq-01/color/frame-000276.color.png office/seq-01/color/frame-000279.color.png 0.999928 -0.00698347 -0.00974025 -0.0474549 0.00707267 0.999933 0.0091397 0.0100726 0.00967573 -0.00920793 0.999911 -0.0343029 0.0 0.0 0.0 1.0
office/seq-01/color/frame-000279.color.png office/seq-01/color/frame-000282.color.png 0.999994 -0.000513364 0.00336405 -0.0292085 0.000508173 0.999999 0.00151434 0.0123856 -0.00336475 -0.00151262 0.999993 -0.0226101 0.0 0.0 0.0 1.0
office/seq-01/color/frame-000282.color.png office/seq-01/color/frame-000285.color.png 0.999758 0.0102516 0.0194602 -0.0479143 -0.0100641 0.999902 -0.00971142 0.0182142 -0.0195579 0.00951321 0.999763 -0.0238585 0.0 0.0 0.0 1.0
office/seq-01/color/frame-000285.color.png office/seq-01/color/frame-000288.color.png 0.999986 0.00360671 0.00384111 -0.0294947 -0.00358745 0.999981 -0.00501645 0.01561 -0.00385919 0.00500256 0.99998 -0.0156901 0.0 0.0 0.0 1.0
office/seq-01/color/frame-000288.color.png office/seq-01/color/frame-000291.color.png 0.999919 0.0123561 0.0030762 -0.0314741 -0.012351 0.999922 -0.00166054 0.0270157 -0.00309645 0.00162242 0.999994 -0.0271279 0.0 0.0 0.0 1.0
office/seq-01/color/frame-000291.color.png office/seq-01/color/frame-000294.color.png 0.999981 0.00613117 0.000746806 -0.0258458 -0.00612137 0.999904 -0.0124523 0.018011 -0.000823133 0.0124474 0.999922 -0.0262992 0.0 0.0 0.0 1.0
office/seq-01/color/frame-000294.color.png office/seq-01/color/frame-000297.color.png 0.999967 0.0080845 -0.000631593 -0.0390578 -0.00808335 0.999966 0.00187032 0.0181183 0.000646717 -0.00186515 0.999998 -0.0371872 0.0 0.0 0.0 1.0
office/seq-01/color/frame-000297.color.png office/seq-01/color/frame-000300.color.png 0.99996 0.00759728 -0.00461776 -0.02485 -0.0075608 0.999941 0.00787033 0.0212949 0.00467726 -0.00783509 0.999958 -0.0305705 0.0 0.0 0.0 1.0
office/seq-01/color/frame-000300.color.png office/seq-01/color/frame-000303.color.png 0.999819 -0.0026605 -0.0188378 -0.0249865 0.00284552 0.999948 0.00980532 0.0152969 0.0188107 -0.00985714 0.999774 -0.0511653 0.0 0.0 0.0 1.0
office/seq-01/color/frame-000303.color.png office/seq-01/color/frame-000306.color.png 0.999969 0.00212841 -0.0075305 -0.021786 -0.00211172 0.999995 0.00221871 0.012752 0.0075351 -0.00220274 0.999969 -0.0318192 0.0 0.0 0.0 1.0
office/seq-01/color/frame-000306.color.png office/seq-01/color/frame-000309.color.png 0.999958 0.00719049 -0.00566229 -0.0390648 -0.00720907 0.999969 -0.00327697 0.0233925 0.00563854 0.00331766 0.999979 -0.0311257 0.0 0.0 0.0 1.0
office/seq-01/color/frame-000309.color.png office/seq-01/color/frame-000312.color.png 0.999991 -0.00382684 0.00189475 -0.0316414 0.00382292 0.999991 0.00210386 0.00668499 -0.00190269 -0.00209656 0.999996 -0.02833 0.0 0.0 0.0 1.0
office/seq-01/color/frame-000312.color.png office/seq-01/color/frame-000315.color.png 0.999892 -0.0146495 -0.000982023 -0.0226784 0.0146458 0.999887 -0.0035278 0.0245515 0.00103362 0.00351305 0.999993 -0.0289161 0.0 0.0 0.0 1.0
office/seq-01/color/frame-000315.color.png office/seq-01/color/frame-000318.color.png 0.999998 -0.00141113 0.00125386 -0.0165006 0.00142861 0.999901 -0.0139907 0.0219133 -0.00123405 0.0139925 0.999902 -0.019179 0.0 0.0 0.0 1.0
office/seq-01/color/frame-000318.color.png office/seq-01/color/frame-000321.color.png 0.999849 -0.0155484 0.00777613 -0.031942 0.0157729 0.999435 -0.0296973 0.0393682 -0.00731005 0.0298154 0.999529 -0.0281049 0.0 0.0 0.0 1.0
office/seq-01/color/frame-000321.color.png office/seq-01/color/frame-000324.color.png 0.99977 -0.0129734 0.0170844 -0.0217887 0.0130113 0.999913 -0.00209778 0.0125776 -0.0170556 0.00231962 0.999852 -0.0273944 0.0 0.0 0.0 1.0
office/seq-01/color/frame-000324.color.png office/seq-01/color/frame-000327.color.png 0.999371 -0.0225414 0.0273738 -0.0350589 0.0227488 0.999715 -0.00729299 0.0232674 -0.0272016 0.00791113 0.999599 -0.0254373 0.0 0.0 0.0 1.0
office/seq-01/color/frame-000327.color.png office/seq-01/color/frame-000330.color.png 0.998923 -0.0157457 0.0436432 -0.0205504 0.0158478 0.999872 -0.00199474 0.0103318 -0.0436062 0.00268429 0.999045 -0.0370187 0.0 0.0 0.0 1.0
office/seq-01/color/frame-000330.color.png office/seq-01/color/frame-000333.color.png 0.99712 -0.0234261 0.0721294 -0.0324788 0.0240081 0.999686 -0.00721198 0.0250779 -0.0719378 0.00892287 0.997369 -0.048406 0.0 0.0 0.0 1.0
office/seq-01/color/frame-000333.color.png office/seq-01/color/frame-000336.color.png 0.998868 0.00315865 0.0474724 -0.0176571 -0.00349388 0.999969 0.00698204 0.0106144 -0.0474489 -0.00714001 0.998848 -0.0296236 0.0 0.0 0.0 1.0
office/seq-01/color/frame-000336.color.png office/seq-01/color/frame-000339.color.png 0.998796 -0.0074302 0.0484985 -0.0222872 0.00744379 0.999972 -0.000101025 0.0145442 -0.0484963 0.00046194 0.998823 -0.0221357 0.0 0.0 0.0 1.0
office/seq-01/color/frame-000339.color.png office/seq-01/color/frame-000342.color.png 0.99856 -0.00224792 0.0535985 -0.0197013 0.00275118 0.999953 -0.00931945 0.000564963 -0.053575 0.00945345 0.998519 -0.0387524 0.0 0.0 0.0 1.0
office/seq-01/color/frame-000342.color.png office/seq-01/color/frame-000345.color.png 0.998967 -0.0087064 0.0446004 -0.0217018 0.00895929 0.999945 -0.00546882 0.0116356 -0.0445503 0.00586278 0.99899 -0.0324692 0.0 0.0 0.0 1.0
office/seq-01/color/frame-000345.color.png office/seq-01/color/frame-000348.color.png 0.998965 -0.0080148 0.0447714 -0.0161945 0.00831291 0.999944 -0.0064787 0.0155488 -0.044717 0.00684417 0.998976 -0.0259664 0.0 0.0 0.0 1.0
office/seq-01/color/frame-000348.color.png office/seq-01/color/frame-000351.color.png 0.999525 0.00237291 0.0307306 -0.0140475 -0.00247971 0.999991 0.00343776 -0.011902 -0.0307221 -0.00351234 0.999522 -0.00429299 0.0 0.0 0.0 1.0
office/seq-01/color/frame-000351.color.png office/seq-01/color/frame-000354.color.png 0.998545 -0.0105388 0.0528856 -0.0296782 0.0108013 0.999931 -0.00468023 -0.00331882 -0.0528326 0.00524464 0.99859 -0.000135303 0.0 0.0 0.0 1.0
office/seq-01/color/frame-000354.color.png office/seq-01/color/frame-000357.color.png 0.999547 -0.0100352 0.0283659 -0.0280683 0.0100061 0.999949 0.00117112 0.000831932 -0.0283763 -0.00088677 0.999597 0.00683698 0.0 0.0 0.0 1.0
office/seq-01/color/frame-000357.color.png office/seq-01/color/frame-000360.color.png 0.999499 -0.0160472 0.027286 -0.0346386 0.0162891 0.99983 -0.00866368 0.00479826 -0.0271423 0.00910383 0.99959 0.00482327 0.0 0.0 0.0 1.0
office/seq-01/color/frame-000360.color.png office/seq-01/color/frame-000363.color.png 0.996837 -0.0278479 0.0744361 -0.0687172 0.0305699 0.998896 -0.0356831 0.0344607 -0.0733602 0.0378457 0.996587 -0.0438401 0.0 0.0 0.0 1.0
office/seq-01/color/frame-000363.color.png office/seq-01/color/frame-000366.color.png 0.999769 -0.013709 0.0165466 -0.0354321 0.0137403 0.999904 -0.00178268 -0.00247845 -0.0165205 0.00200956 0.999862 0.00945398 0.0 0.0 0.0 1.0
office/seq-01/color/frame-000366.color.png office/seq-01/color/frame-000369.color.png 0.999762 -0.0180621 0.0122475 -0.0306157 0.0181255 0.999823 -0.00507121 -0.000883132 -0.0121538 0.005292 0.999912 0.0159575 0.0 0.0 0.0 1.0
office/seq-01/color/frame-000369.color.png office/seq-01/color/frame-000372.color.png 0.999751 -0.0206761 0.00834638 -0.028222 0.0207016 0.999781 -0.0029948 -0.000949562 -0.00828266 0.00316688 0.999961 0.0140634 0.0 0.0 0.0 1.0
office/seq-01/color/frame-000372.color.png office/seq-01/color/frame-000375.color.png 0.999309 -0.0244123 0.0280315 -0.0393204 0.0245164 0.999694 -0.00337668 0.00564727 -0.0279405 0.00406155 0.999601 0.0166346 0.0 0.0 0.0 1.0
office/seq-01/color/frame-000375.color.png office/seq-01/color/frame-000378.color.png 0.999767 -0.0107925 0.0187047 -0.0210264 0.0108962 0.999926 -0.00544699 0.002076 -0.0186445 0.00564952 0.99981 0.0146951 0.0 0.0 0.0 1.0
office/seq-01/color/frame-000378.color.png office/seq-01/color/frame-000381.color.png 0.999399 -0.0110615 0.0328538 -0.018869 0.0111761 0.999932 -0.00330636 0.00527287 -0.0328149 0.00367154 0.999455 0.00693572 0.0 0.0 0.0 1.0
office/seq-01/color/frame-000381.color.png office/seq-01/color/frame-000384.color.png 0.998048 0.00157482 0.0624403 -0.0331439 -0.00106059 0.999965 -0.00826806 -0.00897157 -0.0624512 0.00818575 0.998014 -0.0392142 0.0 0.0 0.0 1.0
office/seq-01/color/frame-000384.color.png office/seq-01/color/frame-000387.color.png 0.9989 -0.0219035 0.0414716 -0.00687762 0.0227793 0.999525 -0.0207683 0.0146152 -0.040997 0.0216901 0.998924 -0.00397471 0.0 0.0 0.0 1.0
office/seq-01/color/frame-000387.color.png office/seq-01/color/frame-000390.color.png 0.99931 -0.0141093 0.0343656 -0.0105203 0.0142697 0.999888 -0.00442634 0.00519633 -0.0342993 0.00491363 0.9994 -0.0166458 0.0 0.0 0.0 1.0
office/seq-01/color/frame-000390.color.png office/seq-01/color/frame-000393.color.png 0.999053 -0.0307916 0.030749 -0.00875729 0.0312089 0.999426 -0.0131867 0.00395358 -0.0303253 0.0141339 0.99944 -0.0159124 0.0 0.0 0.0 1.0
office/seq-01/color/frame-000393.color.png office/seq-01/color/frame-000396.color.png 0.998916 -0.0414439 0.0212125 0.00610567 0.0416729 0.999077 -0.0104663 0.00453857 -0.020759 0.0113389 0.99972 -0.0201364 0.0 0.0 0.0 1.0
office/seq-01/color/frame-000396.color.png office/seq-01/color/frame-000399.color.png 0.999322 -0.0275499 0.0244463 0.0101572 0.0279598 0.999471 -0.0165897 0.00965562 -0.0239764 0.0172619 0.999563 -0.0142463 0.0 0.0 0.0 1.0
office/seq-01/color/frame-000399.color.png office/seq-01/color/frame-000402.color.png 0.998877 -0.027675 0.0384658 0.00821136 0.0278539 0.999603 -0.00412419 0.00180247 -0.0383364 0.00519098 0.999251 -0.0331328 0.0 0.0 0.0 1.0
office/seq-01/color/frame-000402.color.png office/seq-01/color/frame-000405.color.png 0.999437 -0.0239725 0.0234668 0.0249468 0.0240576 0.999705 -0.00334721 -0.00164863 -0.0233796 0.00390987 0.999719 -0.0104388 0.0 0.0 0.0 1.0
office/seq-01/color/frame-000405.color.png office/seq-01/color/frame-000408.color.png 0.999561 -0.0124987 0.0268776 0.0192877 0.0126338 0.999908 -0.00486625 0.000372738 -0.0268143 0.00520369 0.999627 -0.0132915 0.0 0.0 0.0 1.0
office/seq-01/color/frame-000408.color.png office/seq-01/color/frame-000411.color.png 0.999403 -0.00457078 0.0342494 0.0187942 0.00480632 0.999965 -0.00679807 -0.0074777 -0.0342173 0.00695862 0.99939 -0.00405708 0.0 0.0 0.0 1.0
office/seq-01/color/frame-000411.color.png office/seq-01/color/frame-000414.color.png 0.998877 -0.00031679 0.0473698 0.0214008 0.000427691 0.999997 -0.00233111 -0.00935167 -0.0473688 0.00234877 0.998875 0.0023606 0.0 0.0 0.0 1.0
office/seq-01/color/frame-000414.color.png office/seq-01/color/frame-000417.color.png 0.999498 -0.00362206 0.0314707 0.0286507 0.00336254 0.99996 0.00829476 -0.0199096 -0.0314994 -0.00818478 0.99947 -0.000759318 0.0 0.0 0.0 1.0
office/seq-01/color/frame-000417.color.png office/seq-01/color/frame-000420.color.png 0.999479 0.00343011 0.032085 0.0378469 -0.00361804 0.999977 0.00580071 -0.0251245 -0.0320643 -0.0059138 0.999468 -0.00617205 0.0 0.0 0.0 1.0
office/seq-01/color/frame-000420.color.png office/seq-01/color/frame-000423.color.png 0.9995 -0.000697257 0.0316158 0.0188757 0.000228638 0.99989 0.0148245 -0.0198545 -0.0316226 -0.0148098 0.99939 -0.00585194 0.0 0.0 0.0 1.0
office/seq-01/color/frame-000423.color.png office/seq-01/color/frame-000426.color.png 0.998937 -0.00497123 0.0458293 -0.0137154 0.00507554 0.999985 -0.00215986 0.0094122 -0.0458179 0.00239022 0.998947 0.0131067 0.0 0.0 0.0 1.0
office/seq-01/color/frame-000426.color.png office/seq-01/color/frame-000429.color.png 0.999703 -0.0078812 0.0230543 0.0181429 0.00770909 0.999942 0.00754398 -0.00656226 -0.0231125 -0.00736403 0.999706 0.0142719 0.0 0.0 0.0 1.0
office/seq-01/color/frame-000429.color.png office/seq-01/color/frame-000432.color.png 0.999547 -0.00542412 0.029591 0.0256098 0.00536733 0.999984 0.00199916 -0.00254446 -0.0296013 -0.00183941 0.99956 0.0252902 0.0 0.0 0.0 1.0
office/seq-01/color/frame-000432.color.png office/seq-01/color/frame-000435.color.png 0.99947 -0.00718494 0.031763 0.012901 0.00679991 0.999902 0.0122138 -0.0214237 -0.0318477 -0.0119914 0.999421 0.0173276 0.0 0.0 0.0 1.0
office/seq-01/color/frame-000435.color.png office/seq-01/color/frame-000438.color.png 0.999623 -0.0113444 0.025003 0.0122666 0.0110456 0.999866 0.0120569 -0.00504467 -0.0251364 -0.0117761 0.999615 0.0130175 0.0 0.0 0.0 1.0
office/seq-01/color/frame-000438.color.png office/seq-01/color/frame-000441.color.png 0.999463 -0.00613476 0.0321726 0.0195239 0.00573617 0.999906 0.0124676 0.0021663 -0.032246 -0.0122764 0.999405 0.0201481 0.0 0.0 0.0 1.0
office/seq-01/color/frame-000441.color.png office/seq-01/color/frame-000444.color.png 0.999481 -0.00534877 0.0317518 0.00619245 0.00475705 0.999814 0.0186816 -0.00877699 -0.0318459 -0.0185209 0.999321 0.0125704 0.0 0.0 0.0 1.0
office/seq-01/color/frame-000444.color.png office/seq-01/color/frame-000447.color.png 0.999685 -0.0014082 0.0250668 0.0190526 0.00122066 0.999971 0.00749629 0.00777653 -0.0250767 -0.00746331 0.999658 0.0234264 0.0 0.0 0.0 1.0
office/seq-01/color/frame-000447.color.png office/seq-01/color/frame-000450.color.png 0.999475 0.00267757 0.0322862 0.0164845 -0.00268367 0.999996 0.000145399 0.00945473 -0.0322857 -0.000231949 0.999479 0.0227746 0.0 0.0 0.0 1.0
office/seq-01/color/frame-000450.color.png office/seq-01/color/frame-000453.color.png 0.999243 -0.0124581 0.0368551 0.0125494 0.0120206 0.999855 0.0120691 -0.0168209 -0.0370001 -0.011617 0.999248 0.0231864 0.0 0.0 0.0 1.0
office/seq-01/color/frame-000453.color.png office/seq-01/color/frame-000456.color.png 0.998983 -0.0134336 0.0430348 0.00255173 0.0136142 0.9999 -0.00390659 0.0042758 -0.042978 0.00448847 0.999066 0.0223826 0.0 0.0 0.0 1.0
office/seq-01/color/frame-000456.color.png office/seq-01/color/frame-000459.color.png 0.998769 -0.0112612 0.0483055 -0.00455332 0.0113628 0.999934 -0.0018292 -0.00396588 -0.0482817 0.0023759 0.998831 0.0187752 0.0 0.0 0.0 1.0
office/seq-01/color/frame-000459.color.png office/seq-01/color/frame-000462.color.png 0.998513 -0.0186506 0.0512193 -0.00759801 0.018439 0.999819 0.00459984 -0.0151409 -0.0512958 -0.00364861 0.998677 0.012704 0.0 0.0 0.0 1.0
office/seq-01/color/frame-000462.color.png office/seq-01/color/frame-000465.color.png 0.998753 -0.012095 0.0484279 -0.00527731 0.0120623 0.999927 0.000968095 -0.00121287 -0.0484361 -0.000382747 0.998826 0.0175593 0.0 0.0 0.0 1.0
office/seq-01/color/frame-000465.color.png office/seq-01/color/frame-000468.color.png 0.998926 -0.0141134 0.0441344 -0.0118597 0.0139636 0.999896 0.00370081 -0.00501353 -0.044182 -0.00308053 0.999019 0.0115568 0.0 0.0 0.0 1.0
office/seq-01/color/frame-000468.color.png office/seq-01/color/frame-000471.color.png 0.999282 -0.0110667 0.0362351 0.00251544 0.0109925 0.999937 0.00224518 0.00362939 -0.0362576 -0.00184526 0.999341 0.0145546 0.0 0.0 0.0 1.0
office/seq-01/color/frame-000471.color.png office/seq-01/color/frame-000474.color.png 0.999014 0.000389764 0.0444053 -0.00954157 -0.000539481 0.999994 0.0033597 -0.00491419 -0.0444037 -0.00338035 0.999008 0.011082 0.0 0.0 0.0 1.0
office/seq-01/color/frame-000474.color.png office/seq-01/color/frame-000477.color.png 0.999372 -0.00157536 0.0353935 -0.000763953 0.00154875 0.999999 0.000779136 -0.00695956 -0.0353947 -0.000723812 0.999373 0.0108547 0.0 0.0 0.0 1.0
office/seq-01/color/frame-000477.color.png office/seq-01/color/frame-000480.color.png 0.999455 -0.00208691 0.0329524 0.00207585 0.00219917 0.999992 -0.0033707 -0.00177145 -0.0329452 0.00344137 0.999451 0.0110061 0.0 0.0 0.0 1.0
office/seq-01/color/frame-000480.color.png office/seq-01/color/frame-000483.color.png 0.99939 -0.00639258 0.0343186 0.000292182 0.00637939 0.99998 0.000493704 -0.0035508 -0.034321 -0.000274468 0.999411 0.0125903 0.0 0.0 0.0 1.0
office/seq-01/color/frame-000483.color.png office/seq-01/color/frame-000486.color.png 0.999351 0.00118198 0.0360077 0.00542766 -0.00130561 0.999993 0.00341027 -0.00145856 -0.0360034 -0.00345511 0.999346 0.00933482 0.0 0.0 0.0 1.0
office/seq-01/color/frame-000486.color.png office/seq-01/color/frame-000489.color.png 0.999394 -0.00277008 0.0347133 0.00421703 0.00270542 0.999995 0.00190921 0.000913501 -0.0347184 -0.00181416 0.999396 0.0126017 0.0 0.0 0.0 1.0
office/seq-01/color/frame-000489.color.png office/seq-01/color/frame-000492.color.png 0.999451 -0.0110522 0.0312447 0.00726956 0.0111941 0.999928 -0.00437192 0.00231817 -0.0311941 0.00471929 0.999502 0.0123839 0.0 0.0 0.0 1.0
office/seq-01/color/frame-000492.color.png office/seq-01/color/frame-000495.color.png 0.999044 -0.00254273 0.0436391 0.00552875 0.00244804 0.999995 0.00222304 -0.0100017 -0.0436445 -0.00211408 0.999045 0.0106886 0.0 0.0 0.0 1.0
office/seq-01/color/frame-000495.color.png office/seq-01/color/frame-000498.color.png 0.999011 -0.02028 0.039563 0.0156723 0.0204583 0.999782 -0.00410584 -0.00863284 -0.0394711 0.0049112 0.999209 0.00705536 0.0 0.0 0.0 1.0
office/seq-01/color/frame-000498.color.png office/seq-01/color/frame-000501.color.png 0.998509 -0.0147795 0.0525446 -0.00946534 0.0149275 0.999886 -0.00242512 -0.00573811 -0.0525028 0.00320583 0.998616 0.0272205 0.0 0.0 0.0 1.0
office/seq-01/color/frame-000501.color.png office/seq-01/color/frame-000504.color.png 0.998977 -0.0125853 0.0434293 0.010264 0.0128772 0.999896 -0.00644724 -0.0031178 -0.0433437 0.00699992 0.999036 0.0154863 0.0 0.0 0.0 1.0
office/seq-01/color/frame-000504.color.png office/seq-01/color/frame-000507.color.png 0.999375 -0.00762466 0.0345106 0.00676554 0.00770619 0.999968 -0.0022288 0.0077787 -0.0344926 0.00249334 0.999402 0.0148753 0.0 0.0 0.0 1.0
office/seq-01/color/frame-000507.color.png office/seq-01/color/frame-000510.color.png 0.999257 -0.000837794 0.0385335 -0.0117248 0.000653658 0.999988 0.00478926 -0.00580513 -0.0385369 -0.0047605 0.999246 0.0206487 0.0 0.0 0.0 1.0
office/seq-01/color/frame-000510.color.png office/seq-01/color/frame-000513.color.png 0.999658 -0.0067326 0.0252719 0.006203 0.00673323 0.999977 6.12484e-05 0.00207731 -0.0252719 0.000108925 0.999681 0.0127556 0.0 0.0 0.0 1.0
office/seq-01/color/frame-000513.color.png office/seq-01/color/frame-000516.color.png 0.999782 -0.00250521 0.0207125 0.0308301 0.00208717 0.999794 0.0201785 -0.0251293 -0.0207587 -0.0201309 0.999582 0.0219246 0.0 0.0 0.0 1.0
office/seq-01/color/frame-000516.color.png office/seq-01/color/frame-000519.color.png 0.999655 -0.0106861 0.0240068 0.0158828 0.0107636 0.999937 -0.00310356 -0.00453341 -0.0239723 0.0033609 0.999707 0.0314244 0.0 0.0 0.0 1.0
office/seq-01/color/frame-000519.color.png office/seq-01/color/frame-000522.color.png 0.999423 -0.00917668 0.0326993 0.0296243 0.00953059 0.999897 -0.010682 -0.00823027 -0.0325979 0.0109875 0.999408 0.0391329 0.0 0.0 0.0 1.0
office/seq-01/color/frame-000522.color.png office/seq-01/color/frame-000525.color.png 0.999528 -0.0118723 0.0283173 0.0453552 0.0122049 0.999858 -0.0116014 -0.0131411 -0.0281755 0.0119415 0.999532 0.0338669 0.0 0.0 0.0 1.0
office/seq-01/color/frame-000525.color.png office/seq-01/color/frame-000528.color.png 0.999773 0.000194634 0.0213003 0.0324444 3.96778e-05 0.999939 -0.0109999 0.000239611 -0.0213011 0.0109982 0.999713 0.0297521 0.0 0.0 0.0 1.0
