office/seq-01/color/frame-000000.color.png office/seq-01/color/frame-000002.color.png 0.999998 -0.00194977 -1.13421e-05 -0.000269557 0.00194973 0.999994 -0.00279032 0.00112503 1.67825e-05 0.0027903 0.999996 0.000484409 0.0 0.0 0.0 1.0
office/seq-01/color/frame-000002.color.png office/seq-01/color/frame-000004.color.png 0.999996 -0.00247753 0.0010061 -0.00144132 0.00247457 0.999993 0.00293692 0.000211725 -0.00101337 -0.00293442 0.999995 0.00276051 0.0 0.0 0.0 1.0
office/seq-01/color/frame-000004.color.png office/seq-01/color/frame-000006.color.png 0.999998 -0.00142478 -0.00139285 -0.00382451 0.00142831 0.999996 0.00253914 0.00107667 0.00138922 -0.00254112 0.999996 0.00224163 0.0 0.0 0.0 1.0
office/seq-01/color/frame-000006.color.png office/seq-01/color/frame-000008.color.png 0.999989 -0.00404722 -0.00225523 0.00223979 0.00406556 0.999958 0.00818969 -0.000920573 0.00222199 -0.00819877 0.999964 0.00522709 0.0 0.0 0.0 1.0
office/seq-01/color/frame-000008.color.png office/seq-01/color/frame-000010.color.png 0.999965 -0.00733017 0.00407079 -0.00313694 0.00729933 0.999945 0.00753729 -0.00381531 -0.00412581 -0.00750731 0.999963 0.00634329 0.0 0.0 0.0 1.0
office/seq-01/color/frame-000010.color.png office/seq-01/color/frame-000012.color.png 0.999981 -0.00558175 0.00247933 -0.00226012 0.00557245 0.999977 0.00374239 -0.00330825 -0.00250016 -0.00372851 0.99999 0.00517874 0.0 0.0 0.0 1.0
office/seq-01/color/frame-000012.color.png office/seq-01/color/frame-000014.color.png 0.999938 -0.0105824 0.00333259 -0.00313669 0.0105631 0.999928 0.00573968 -0.00490308 -0.00339309 -0.00570412 0.999978 0.00880476 0.0 0.0 0.0 1.0
office/seq-01/color/frame-000014.color.png office/seq-01/color/frame-000016.color.png 0.999957 -0.00869654 0.00318138 -0.00644945 0.00868501 0.999956 0.00362203 -0.00223929 -0.00321274 -0.00359425 0.999988 0.00623355 0.0 0.0 0.0 1.0
office/seq-01/color/frame-000016.color.png office/seq-01/color/frame-000018.color.png 0.999971 -0.00760621 -0.000917322 -0.0018507 0.0076106 0.999959 0.00487474 -0.0092222 0.000880207 -0.00488157 0.999988 0.00944024 0.0 0.0 0.0 1.0
office/seq-01/color/frame-000018.color.png office/seq-01/color/frame-000020.color.png 0.999976 -0.00660246 0.00218202 -0.0057306 0.00659929 0.999977 0.00145721 -0.0056782 -0.00219159 -0.00144278 0.999997 0.00955059 0.0 0.0 0.0 1.0
office/seq-01/color/frame-000020.color.png office/seq-01/color/frame-000022.color.png 0.999969 -0.0075569 0.00207352 -0.00208513 0.0075462 0.999959 0.00511199 -0.00338626 -0.00211207 -0.0050962 0.999985 0.00798257 0.0 0.0 0.0 1.0
office/seq-01/color/frame-000022.color.png office/seq-01/color/frame-000024.color.png 0.999927 -0.00891844 0.0081985 -0.00501127 0.00883105 0.999904 0.0106356 -0.00760485 -0.00829257 -0.0105624 0.99991 0.0113069 0.0 0.0 0.0 1.0
office/seq-01/color/frame-000024.color.png office/seq-01/color/frame-000026.color.png 0.999968 -0.00794348 0.000344347 -0.00590016 0.00794034 0.999934 0.00834863 -0.00757862 -0.00041064 -0.00834564 0.999965 0.00975429 0.0 0.0 0.0 1.0
office/seq-01/color/frame-000026.color.png office/seq-01/color/frame-000028.color.png 0.999972 -0.00427524 -0.00616809 -0.00307488 0.00436534 0.999883 0.014669 -0.0107656 0.00610465 -0.0146955 0.999873 0.0108561 0.0 0.0 0.0 1.0
office/seq-01/color/frame-000028.color.png office/seq-01/color/frame-000030.color.png 0.999942 -0.00724614 0.00799836 -0.00068146 0.00712085 0.999853 0.0155855 -0.0129138 -0.00811012 -0.0155277 0.999847 0.0115756 0.0 0.0 0.0 1.0
office/seq-01/color/frame-000030.color.png office/seq-01/color/frame-000032.color.png 0.999966 -0.00518073 0.0063505 -0.004916 0.00514656 0.999972 0.00538525 -0.0145318 -0.00637823 -0.00535241 0.999965 0.0175687 0.0 0.0 0.0 1.0
office/seq-01/color/frame-000032.color.png office/seq-01/color/frame-000034.color.png 0.999964 0.00846059 0.000927689 0.000332635 -0.00845095 0.999915 -0.0099605 -0.0107496 -0.00101188 0.00995231 0.99995 0.0147502 0.0 0.0 0.0 1.0
office/seq-01/color/frame-000034.color.png office/seq-01/color/frame-000036.color.png 0.999936 0.00145336 0.0111903 -0.00300294 -0.00142837 0.999996 -0.00224057 -0.00462641 -0.0111935 0.00222444 0.999935 0.00584684 0.0 0.0 0.0 1.0
office/seq-01/color/frame-000036.color.png office/seq-01/color/frame-000038.color.png 0.999885 -0.0115763 0.00976254 -0.00270865 0.0115283 0.999921 0.00496774 -0.00553138 -0.00981928 -0.00485462 0.99994 0.0085659 0.0 0.0 0.0 1.0
office/seq-01/color/frame-000038.color.png office/seq-01/color/frame-000040.color.png 0.999974 -0.00149418 0.00700577 -0.00268796 0.0014772 0.999996 0.00242746 -0.0110342 -0.00700937 -0.00241706 0.999972 0.0142799 0.0 0.0 0.0 1.0
office/seq-01/color/frame-000040.color.png office/seq-01/color/frame-000042.color.png 0.999971 -0.00223902 0.00732132 -0.00366007 0.00221762 0.999993 0.00292852 -0.00250851 -0.00732782 -0.00291218 0.999969 0.00804389 0.0 0.0 0.0 1.0
office/seq-01/color/frame-000042.color.png office/seq-01/color/frame-000044.color.png 0.999925 -0.00866804 0.00861789 -0.0064469 0.00859757 0.99993 0.00818223 -0.0163717 -0.00868822 -0.00810754 0.999929 0.0186778 0.0 0.0 0.0 1.0
office/seq-01/color/frame-000044.color.png office/seq-01/color/frame-000046.color.png 0.999998 -0.00101154 -0.00197308 0.00647409 0.00101892 0.999993 0.00374777 -0.00703999 0.00196926 -0.00374976 0.999991 0.00731532 0.0 0.0 0.0 1.0
office/seq-01/color/frame-000046.color.png office/seq-01/color/frame-000048.color.png 0.999896 -0.00604604 0.0130957 -0.0117979 0.00590806 0.999927 0.0105488 -0.0097328 -0.0131585 -0.0104704 0.999859 0.0126236 0.0 0.0 0.0 1.0
office/seq-01/color/frame-000048.color.png office/seq-01/color/frame-000050.color.png 0.999992 0.00199494 0.00357968 -0.00390143 -0.00199949 0.999997 0.00126839 -0.0190163 -0.00357713 -0.00127552 0.999993 0.0162175 0.0 0.0 0.0 1.0
office/seq-01/color/frame-000050.color.png office/seq-01/color/frame-000052.color.png 0.999952 0.00903907 -0.00374029 0.0141772 -0.00908599 0.999878 -0.0127241 -0.00021486 0.00362481 0.0127575 0.999912 0.00780697 0.0 0.0 0.0 1.0
office/seq-01/color/frame-000052.color.png office/seq-01/color/frame-000054.color.png 0.999833 -0.00364803 0.0179084 -0.015694 0.00336212 0.999867 0.0159702 -0.0144782 -0.0179643 -0.0159073 0.999712 0.0120928 0.0 0.0 0.0 1.0
office/seq-01/color/frame-000054.color.png office/seq-01/color/frame-000056.color.png 0.999964 0.00301714 -0.00798684 -0.00107792 -0.00295011 0.99996 0.00839295 -0.0352063 0.00801185 -0.00836911 0.999933 0.00877854 0.0 0.0 0.0 1.0
office/seq-01/color/frame-000056.color.png office/seq-01/color/frame-000058.color.png 0.999926 0.00760006 -0.00944928 0.0202919 -0.00781549 0.999705 -0.0229753 0.00545752 0.00927191 0.0230475 0.999691 0.0161908 0.0 0.0 0.0 1.0
office/seq-01/color/frame-000058.color.png office/seq-01/color/frame-000060.color.png 0.999963 0.00426081 0.00748688 0.000531338 -0.0042576 0.999991 -0.000446445 -0.00160649 -0.00748873 0.000414545 0.999972 0.00698647 0.0 0.0 0.0 1.0
office/seq-01/color/frame-000060.color.png office/seq-01/color/frame-000062.color.png 0.999908 0.0100067 -0.00919595 0.00800663 -0.00998387 0.999947 0.00251987 -0.0105871 0.00922067 -0.00242782 0.999955 0.00824493 0.0 0.0 0.0 1.0
office/seq-01/color/frame-000062.color.png office/seq-01/color/frame-000064.color.png 0.999757 0.0159688 -0.0152158 0.0274286 -0.0158993 0.999863 0.00467906 -0.0134493 0.0152885 -0.00443599 0.999873 0.00710663 0.0 0.0 0.0 1.0
office/seq-01/color/frame-000064.color.png office/seq-01/color/frame-000066.color.png 0.999987 0.00450666 -0.00260458 0.017403 -0.00447518 0.999918 0.0119638 -0.0123589 0.00265828 -0.0119519 0.999925 0.00401866 0.0 0.0 0.0 1.0
office/seq-01/color/frame-000066.color.png office/seq-01/color/frame-000068.color.png 0.999947 0.0102543 -0.000368902 0.0149361 -0.0102547 0.999947 -0.00105711 -0.00585711 0.000358037 0.00106081 0.999999 0.00376222 0.0 0.0 0.0 1.0
office/seq-01/color/frame-000068.color.png office/seq-01/color/frame-000070.color.png 0.999951 0.00882886 -0.00450742 0.0180339 -0.00883724 0.999959 -0.00183989 -0.00614835 0.00449099 0.00187965 0.999988 0.00254998 0.0 0.0 0.0 1.0
office/seq-01/color/frame-000070.color.png office/seq-01/color/frame-000072.color.png 0.999916 0.00522176 -0.011825 0.0244114 -0.00521132 0.999986 0.000913892 -0.00681177 0.0118296 -0.000852196 0.99993 -0.0046033 0.0 0.0 0.0 1.0
office/seq-01/color/frame-000072.color.png office/seq-01/color/frame-000074.color.png 0.999903 8.4637e-05 -0.0139268 0.0335151 0.000111378 0.999901 0.0140728 -0.0221463 0.0139266 -0.014073 0.999804 -0.0128178 0.0 0.0 0.0 1.0
office/seq-01/color/frame-000074.color.png office/seq-01/color/frame-000076.color.png 0.999964 -0.00233286 -0.00813013 0.0303653 0.00240787 0.999955 0.00922856 -0.0123939 0.00810822 -0.00924782 0.999924 -0.0143402 0.0 0.0 0.0 1.0
office/seq-01/color/frame-000076.color.png office/seq-01/color/frame-000078.color.png 0.999979 0.000775495 -0.00647472 0.0313681 -0.000722216 0.999966 0.00822711 -0.00385571 0.00648088 -0.00822222 0.999945 -0.00453481 0.0 0.0 0.0 1.0
office/seq-01/color/frame-000078.color.png office/seq-01/color/frame-000080.color.png 0.999956 0.00932133 8.18077e-05 0.0141876 -0.00932168 0.999915 0.00914329 -0.00895002 3.42521e-06 -0.00914368 0.999958 -0.00992402 0.0 0.0 0.0 1.0
office/seq-01/color/frame-000080.color.png office/seq-01/color/frame-000082.color.png 0.999748 0.00766272 -0.021098 0.0422523 -0.00764047 0.99997 0.00113533 -0.00862935 0.0211061 -0.00097386 0.999777 -0.00375324 0.0 0.0 0.0 1.0
office/seq-01/color/frame-000082.color.png office/seq-01/color/frame-000084.color.png 0.999846 0.00221124 -0.0173833 0.0307723 -0.00226501 0.999993 -0.00307443 -0.000162989 0.0173764 0.0031134 0.999844 -0.00798658 0.0 0.0 0.0 1.0
office/seq-01/color/frame-000084.color.png office/seq-01/color/frame-000086.color.png 0.999741 0.0118204 -0.0194284 0.0314118 -0.0116282 0.999883 0.00997563 -0.0249375 0.019544 -0.00974715 0.999761 -0.0165195 0.0 0.0 0.0 1.0
office/seq-01/color/frame-000086.color.png office/seq-01/color/frame-000088.color.png 0.999596 0.0168574 -0.0228812 0.0295821 -0.0168964 0.999856 -0.00151372 -0.00366345 0.0228524 0.00189975 0.999737 -0.00334308 0.0 0.0 0.0 1.0
office/seq-01/color/frame-000088.color.png office/seq-01/color/frame-000090.color.png 0.9997 0.00685383 -0.023509 0.0513262 -0.00682592 0.999976 0.00126688 -0.00750196 0.0235171 -0.00110607 0.999723 -0.00721613 0.0 0.0 0.0 1.0
office/seq-01/color/frame-000090.color.png office/seq-01/color/frame-000092.color.png 0.999924 0.00798646 -0.00936182 0.0215522 -0.0079493 0.99996 0.0040011 -0.00434807 0.00939338 -0.00392637 0.999948 -0.00443378 0.0 0.0 0.0 1.0
office/seq-01/color/frame-000092.color.png office/seq-01/color/frame-000094.color.png 0.9999 0.00841076 -0.011348 0.0331981 -0.00839556 0.999964 0.00138633 -0.000216544 0.0113592 -0.0012909 0.999935 -0.00406089 0.0 0.0 0.0 1.0
office/seq-01/color/frame-000094.color.png office/seq-01/color/frame-000096.color.png 0.999876 0.00684599 -0.0141517 0.033937 -0.00684857 0.999977 -0.00013419 -0.0066016 0.0141505 0.00023109 0.9999 0.00671729 0.0 0.0 0.0 1.0
office/seq-01/color/frame-000096.color.png office/seq-01/color/frame-000098.color.png 0.999988 0.00213793 -0.00443199 0.0205577 -0.00213722 0.999998 0.000163257 0.00839773 0.00443235 -0.00015381 0.99999 -0.00310317 0.0 0.0 0.0 1.0
office/seq-01/color/frame-000098.color.png office/seq-01/color/frame-000100.color.png 0.999919 0.00223327 -0.0125284 0.0249724 -0.00220276 0.999995 0.00244851 0.00393379 0.0125338 -0.0024207 0.999919 -0.000871629 0.0 0.0 0.0 1.0
office/seq-01/color/frame-000100.color.png office/seq-01/color/frame-000102.color.png 0.999828 0.00393511 -0.0181355 0.0352606 -0.00389994 0.99999 0.0019738 0.00255391 0.0181431 -0.00190275 0.999834 -0.0025388 0.0 0.0 0.0 1.0
office/seq-01/color/frame-000102.color.png office/seq-01/color/frame-000104.color.png 0.999921 -0.0042866 -0.0118068 0.0298022 0.00426274 0.999989 -0.00204557 0.0132771 0.0118154 0.0019951 0.999928 -0.00685817 0.0 0.0 0.0 1.0
office/seq-01/color/frame-000104.color.png office/seq-01/color/frame-000106.color.png 0.99963 0.00531741 -0.0266565 0.0644702 -0.00501299 0.999922 0.0114739 -0.00780633 0.0267154 -0.0113361 0.999579 -0.00458089 0.0 0.0 0.0 1.0
office/seq-01/color/frame-000106.color.png office/seq-01/color/frame-000108.color.png 0.999982 0.00310686 -0.00511924 0.0128303 -0.00310373 0.999995 0.000619371 0.00562403 0.00512117 -0.000603505 0.999987 -0.00350341 0.0 0.0 0.0 1.0
office/seq-01/color/frame-000108.color.png office/seq-01/color/frame-000110.color.png 0.999695 0.0163706 -0.0184899 0.0385973 -0.0163845 0.999866 -0.000598819 0.0145144 0.0184776 0.000901591 0.999829 -0.00794843 0.0 0.0 0.0 1.0
office/seq-01/color/frame-000110.color.png office/seq-01/color/frame-000112.color.png 0.999575 0.0108367 -0.0270638 0.0490211 -0.0107047 0.99993 0.00501884 0.00910741 0.0271163 -0.00472704 0.999621 -0.0213332 0.0 0.0 0.0 1.0
office/seq-01/color/frame-000112.color.png office/seq-01/color/frame-000114.color.png 0.999782 0.013497 -0.0159112 0.0171443 -0.0135786 0.999895 -0.00503265 0.00819755 0.0158415 0.00524769 0.999861 -0.000986367 0.0 0.0 0.0 1.0
office/seq-01/color/frame-000114.color.png office/seq-01/color/frame-000116.color.png 0.999552 0.00138164 -0.0299059 0.0336142 -0.00141225 0.999999 -0.00100305 -0.00469661 0.0299044 0.00104479 0.999552 -0.0208476 0.0 0.0 0.0 1.0
office/seq-01/color/frame-000116.color.png office/seq-01/color/frame-000118.color.png 0.999508 0.00595173 -0.0308014 0.0414012 -0.00608999 0.999972 -0.00439718 0.0088006 0.0307744 0.00458261 0.999516 -0.0252867 0.0 0.0 0.0 1.0
office/seq-01/color/frame-000118.color.png office/seq-01/color/frame-000120.color.png 0.999437 0.00730367 -0.0327429 0.0391802 -0.00680093 0.999858 0.0154395 -0.00552857 0.0328509 -0.0152082 0.999345 -0.0300173 0.0 0.0 0.0 1.0
office/seq-01/color/frame-000120.color.png office/seq-01/color/frame-000122.color.png 0.999971 0.00522723 -0.00557397 0.0123159 -0.00518729 0.999961 0.00715187 -0.000567377 0.00561116 -0.00712276 0.999959 -0.00880441 0.0 0.0 0.0 1.0
office/seq-01/color/frame-000122.color.png office/seq-01/color/frame-000124.color.png 0.99979 0.00633756 -0.0194604 0.0306771 -0.00603642 0.999862 0.0154947 -0.0170542 0.0195559 -0.0153739 0.999691 -0.0127383 0.0 0.0 0.0 1.0
office/seq-01/color/frame-000124.color.png office/seq-01/color/frame-000126.color.png 0.999432 0.00995318 -0.0322127 0.0414946 -0.0100225 0.999948 -0.00199263 -0.00387534 0.0321912 0.0023143 0.999479 -0.0195553 0.0 0.0 0.0 1.0
office/seq-01/color/frame-000126.color.png office/seq-01/color/frame-000128.color.png 0.999942 0.00208998 -0.0105233 0.00859326 -0.00209831 0.999998 -0.000780245 -0.00382143 0.0105217 0.000802337 0.999944 -0.00574154 0.0 0.0 0.0 1.0
office/seq-01/color/frame-000128.color.png office/seq-01/color/frame-000130.color.png 0.998889 0.0125465 -0.0454163 0.0670627 -0.0125834 0.999921 -0.000525343 -0.00895149 0.045406 0.00109623 0.998968 -0.0184264 0.0 0.0 0.0 1.0
office/seq-01/color/frame-000130.color.png office/seq-01/color/frame-000132.color.png 0.999768 0.00227957 -0.0214229 0.0292693 -0.00226555 0.999997 0.000679105 -0.00192896 0.0214243 -0.000630404 0.99977 -0.0142603 0.0 0.0 0.0 1.0
office/seq-01/color/frame-000132.color.png office/seq-01/color/frame-000134.color.png 0.999943 0.0021026 -0.0104518 0.0207846 -0.00208052 0.999995 0.00212355 0.000804514 0.0104563 -0.00210167 0.999943 -0.00717959 0.0 0.0 0.0 1.0
office/seq-01/color/frame-000134.color.png office/seq-01/color/frame-000136.color.png 0.999499 0.00147131 -0.0315982 0.030274 -0.00105767 0.999914 0.0131026 -0.0153159 0.0316147 -0.0130626 0.999415 -0.0189583 0.0 0.0 0.0 1.0
office/seq-01/color/frame-000136.color.png office/seq-01/color/frame-000138.color.png 0.999451 0.00755435 -0.0322615 0.0398581 -0.00787164 0.999922 -0.00971969 0.0128659 0.0321855 0.0099683 0.999432 -0.0172275 0.0 0.0 0.0 1.0
office/seq-01/color/frame-000138.color.png office/seq-01/color/frame-000140.color.png 0.99912 0.0150521 -0.0391401 0.0522575 -0.0154965 0.999819 -0.0110761 0.00915289 0.0389663 0.0116728 0.999172 -0.0241584 0.0 0.0 0.0 1.0
office/seq-01/color/frame-000140.color.png office/seq-01/color/frame-000142.color.png 0.999218 0.0137898 -0.0370445 0.0571091 -0.013841 0.999904 -0.00112535 0.00927091 0.0370255 0.0016372 0.999313 -0.0227516 0.0 0.0 0.0 1.0
office/seq-01/color/frame-000142.color.png office/seq-01/color/frame-000144.color.png 0.99987 0.00914003 -0.0132835 0.0211769 -0.00906966 0.999945 0.00534743 0.005582 0.0133318 -0.00522628 0.999897 -0.00929725 0.0 0.0 0.0 1.0
office/seq-01/color/frame-000144.color.png office/seq-01/color/frame-000146.color.png 0.99945 0.0240004 -0.0228762 0.0501778 -0.023718 0.99964 0.0125329 0.0115312 0.0231688 -0.0119834 0.99966 -0.029142 0.0 0.0 0.0 1.0
office/seq-01/color/frame-000146.color.png office/seq-01/color/frame-000148.color.png 0.999586 0.0218759 -0.018667 0.0411917 -0.0216737 0.999705 0.0109688 0.0149709 0.0189013 -0.0105597 0.999766 -0.0214328 0.0 0.0 0.0 1.0
office/seq-01/color/frame-000148.color.png office/seq-01/color/frame-000150.color.png 0.999597 0.00315611 -0.0282095 0.0338756 -0.00275916 0.999897 0.0141 -0.0146502 0.0282513 -0.0140165 0.999502 -0.00944728 0.0 0.0 0.0 1.0
office/seq-01/color/frame-000150.color.png office/seq-01/color/frame-000152.color.png 0.999442 -0.00918614 -0.0321175 0.0402504 0.00895213 0.999932 -0.0074242 -0.0127719 0.0321835 0.00713253 0.999457 -0.0185076 0.0 0.0 0.0 1.0
office/seq-01/color/frame-000152.color.png office/seq-01/color/frame-000154.color.png 0.999556 -0.0165138 -0.0248226 0.0593857 0.0164303 0.999859 -0.0035589 -0.0204908 0.0248777 0.00314949 0.999686 -0.0188614 0.0 0.0 0.0 1.0
office/seq-01/color/frame-000154.color.png office/seq-01/color/frame-000156.color.png 0.999835 -0.00570471 -0.0172615 0.029158 0.00594526 0.999885 0.0139127 -0.0191176 0.0171802 -0.0140131 0.999754 -0.00522822 0.0 0.0 0.0 1.0
office/seq-01/color/frame-000156.color.png office/seq-01/color/frame-000158.color.png 0.999935 0.0060946 -0.00963171 0.0341554 -0.00619577 0.999926 -0.0105099 0.0133173 0.0095669 0.010569 0.999898 -0.0107205 0.0 0.0 0.0 1.0
office/seq-01/color/frame-000158.color.png office/seq-01/color/frame-000160.color.png 0.999941 0.00951022 -0.00528516 0.0384971 -0.00955138 0.999924 -0.00780456 0.0162959 0.00521053 0.00785463 0.999956 0.00711033 0.0 0.0 0.0 1.0
office/seq-01/color/frame-000160.color.png office/seq-01/color/frame-000162.color.png 0.999942 0.0103266 -0.00315114 0.0232246 -0.010292 0.999889 0.0108048 -0.0127441 0.00326236 -0.0107718 0.999937 0.0134952 0.0 0.0 0.0 1.0
office/seq-01/color/frame-000162.color.png office/seq-01/color/frame-000164.color.png 0.999866 0.00237232 -0.0162136 0.0408788 -0.00235239 0.999996 0.00125258 0.00279298 0.0162166 -0.00121427 0.999868 -0.00898036 0.0 0.0 0.0 1.0
office/seq-01/color/frame-000164.color.png office/seq-01/color/frame-000166.color.png 0.999857 0.00693169 -0.0153996 0.0311657 -0.00698962 0.999969 -0.00371475 0.011304 0.0153734 0.00382185 0.999875 0.00950873 0.0 0.0 0.0 1.0
office/seq-01/color/frame-000166.color.png office/seq-01/color/frame-000168.color.png 0.99986 0.0166725 0.00149219 0.0301665 -0.016663 0.999842 -0.00618559 0.0212222 -0.00159509 0.00615982 0.99998 0.0191534 0.0 0.0 0.0 1.0
office/seq-01/color/frame-000168.color.png office/seq-01/color/frame-000170.color.png 0.999898 0.0100163 -0.0101334 0.0290269 -0.00997964 0.999943 0.00366363 0.00194937 0.0101694 -0.00356206 0.999942 0.00888094 0.0 0.0 0.0 1.0
office/seq-01/color/frame-000170.color.png office/seq-01/color/frame-000172.color.png 0.999968 0.00598398 -0.0053891 0.02974 -0.00598076 0.999982 0.000610418 0.00793713 0.00539264 -0.000578123 0.999985 0.0236967 0.0 0.0 0.0 1.0
office/seq-01/color/frame-000172.color.png office/seq-01/color/frame-000174.color.png 0.999914 0.00777504 0.0105541 0.0114845 -0.00778316 0.999969 0.000726612 0.00234383 -0.0105481 -0.000808675 0.999944 0.0299289 0.0 0.0 0.0 1.0
office/seq-01/color/frame-000174.color.png office/seq-01/color/frame-000176.color.png 0.999999 -0.00152693 0.000705343 0.0167334 0.00151812 0.999922 0.0124398 -0.0133022 -0.000724106 -0.0124388 0.999922 0.0134927 0.0 0.0 0.0 1.0
office/seq-01/color/frame-000176.color.png office/seq-01/color/frame-000178.color.png 0.999991 0.00152589 -0.00402021 0.0307214 -0.00147446 0.999917 0.0127881 -0.0232223 0.00403931 -0.012782 0.99991 0.0365778 0.0 0.0 0.0 1.0
office/seq-01/color/frame-000178.color.png office/seq-01/color/frame-000180.color.png 0.999959 -0.0024734 0.00873629 0.00648403 0.00239752 0.99996 0.00868594 -0.0247961 -0.00875738 -0.00866469 0.999924 0.0173824 0.0 0.0 0.0 1.0
office/seq-01/color/frame-000180.color.png office/seq-01/color/frame-000182.color.png 0.999923 -0.00859548 -0.00895865 0.0174762 0.00879743 0.999702 0.0227508 -0.0308851 0.00876041 -0.0228278 0.999701 0.00306559 0.0 0.0 0.0 1.0
office/seq-01/color/frame-000182.color.png office/seq-01/color/frame-000184.color.png 0.999986 0.00496171 -0.00191326 0.0226083 -0.00496294 0.999988 -0.000652997 0.0123167 0.00191006 0.00066247 0.999998 0.0227853 0.0 0.0 0.0 1.0
office/seq-01/color/frame-000184.color.png office/seq-01/color/frame-000186.color.png 0.999992 -0.00155613 -0.00370992 0.0159076 0.00158467 0.999969 0.00771024 -0.0181987 0.00369775 -0.00771604 0.999963 0.0136611 0.0 0.0 0.0 1.0
office/seq-01/color/frame-000186.color.png office/seq-01/color/frame-000188.color.png 0.999945 0.00303661 -0.0100026 0.0257705 -0.00298349 0.999981 0.00532347 -0.00864506 0.0100186 -0.00529334 0.999936 0.022151 0.0 0.0 0.0 1.0
office/seq-01/color/frame-000188.color.png office/seq-01/color/frame-000190.color.png 0.999987 0.00453513 -0.00218122 0.0206981 -0.00454588 0.999977 -0.00497381 0.00319517 0.00215849 0.0049837 0.999985 0.0217382 0.0 0.0 0.0 1.0
office/seq-01/color/frame-000190.color.png office/seq-01/color/frame-000192.color.png 0.99927 0.00441131 -0.0379374 0.0743653 -0.0041403 0.999965 0.00722168 -0.0147987 0.0379681 -0.00705934 0.999254 0.0189295 0.0 0.0 0.0 1.0
office/seq-01/color/frame-000192.color.png office/seq-01/color/frame-000194.color.png 0.999868 0.0093452 -0.0132821 0.0265554 -0.00934453 0.999956 0.000112881 0.0033983 0.0132825 1.12587e-05 0.999912 0.00461531 0.0 0.0 0.0 1.0
office/seq-01/color/frame-000194.color.png office/seq-01/color/frame-000196.color.png 0.999613 0.00286087 -0.0276591 0.0391718 -0.00272767 0.999985 0.00484926 -0.006033 0.0276726 -0.004772 0.999606 -0.00992244 0.0 0.0 0.0 1.0
office/seq-01/color/frame-000196.color.png office/seq-01/color/frame-000198.color.png 0.999853 0.0047734 -0.0164777 0.0341065 -0.00478722 0.999988 -0.000804667 0.00370556 0.0164736 0.000883478 0.999864 0.000291169 0.0 0.0 0.0 1.0
office/seq-01/color/frame-000198.color.png office/seq-01/color/frame-000200.color.png 0.9997 0.00713867 -0.0234262 0.0338991 -0.00683014 0.999889 0.0132275 -0.0187442 0.0235181 -0.0130635 0.999638 -0.00580478 0.0 0.0 0.0 1.0
office/seq-01/color/frame-000200.color.png office/seq-01/color/frame-000202.color.png 0.999818 0.00418098 -0.0186174 0.0272233 -0.00408208 0.999977 0.00534682 -0.00419229 0.0186393 -0.00526986 0.999812 0.000303626 0.0 0.0 0.0 1.0
office/seq-01/color/frame-000202.color.png office/seq-01/color/frame-000204.color.png 0.99971 0.00268988 -0.023936 0.0385014 -0.00256528 0.999983 0.00523114 -0.00688231 0.0239497 -0.00516821 0.9997 0.00615287 0.0 0.0 0.0 1.0
office/seq-01/color/frame-000204.color.png office/seq-01/color/frame-000206.color.png 0.999744 0.00341392 -0.0223913 0.0266842 -0.00325735 0.99997 0.00703243 -0.0134311 0.0224147 -0.00695773 0.999725 -0.0193862 0.0 0.0 0.0 1.0
office/seq-01/color/frame-000206.color.png office/seq-01/color/frame-000208.color.png 0.999678 0.00943103 -0.023576 0.0252337 -0.00955935 0.99994 -0.00533826 0.0126384 0.0235241 0.00556196 0.999708 -0.00421059 0.0 0.0 0.0 1.0
office/seq-01/color/frame-000208.color.png office/seq-01/color/frame-000210.color.png 0.999848 0.00496105 -0.0167368 0.021278 -0.00492107 0.999985 0.00242663 -0.00452238 0.0167487 -0.00234393 0.999857 -0.0107021 0.0 0.0 0.0 1.0
office/seq-01/color/frame-000210.color.png office/seq-01/color/frame-000212.color.png 0.999893 0.000772286 -0.0146335 0.0110271 -0.000797186 0.999998 -0.00169149 -0.00130844 0.014632 0.00170303 0.999891 0.00109792 0.0 0.0 0.0 1.0
office/seq-01/color/frame-000212.color.png office/seq-01/color/frame-000214.color.png 0.999858 0.0130908 -0.0105685 0.0128343 -0.0131645 0.999889 -0.00692482 0.0146667 0.0104767 0.00706293 0.99992 7.87973e-05 0.0 0.0 0.0 1.0
office/seq-01/color/frame-000214.color.png office/seq-01/color/frame-000216.color.png 0.999801 0.0111223 -0.0165345 0.0128776 -0.0110524 0.99993 0.00430388 -0.00133926 0.0165812 -0.00412025 0.999854 -0.00243282 0.0 0.0 0.0 1.0
office/seq-01/color/frame-000216.color.png office/seq-01/color/frame-000218.color.png 0.999869 0.00524447 -0.0153098 0.0120351 -0.00501549 0.999875 0.0149617 -0.0137994 0.0153864 -0.014883 0.999771 0.00536966 0.0 0.0 0.0 1.0
office/seq-01/color/frame-000218.color.png office/seq-01/color/frame-000220.color.png 0.999902 0.00848502 -0.01114 0.00336039 -0.00843333 0.999954 0.0046768 0.000549018 0.0111791 -0.00458238 0.999927 -0.00465512 0.0 0.0 0.0 1.0
office/seq-01/color/frame-000220.color.png office/seq-01/color/frame-000222.color.png 0.999905 0.0101048 -0.00937636 -0.0114741 -0.0100938 0.999948 0.00120725 -0.00713784 0.00938815 -0.0011125 0.999955 0.000485182 0.0 0.0 0.0 1.0
office/seq-01/color/frame-000222.color.png office/seq-01/color/frame-000224.color.png 0.999817 -0.00114942 -0.0191122 -0.00117147 0.00138452 0.999924 0.0122872 -0.0230581 0.0190966 -0.0123114 0.999742 -0.0218213 0.0 0.0 0.0 1.0
office/seq-01/color/frame-000224.color.png office/seq-01/color/frame-000226.color.png 0.999833 -0.000731552 -0.0182649 -0.00258672 0.000654486 0.999991 -0.0042219 0.00156873 0.0182678 0.00420925 0.999824 -0.0119519 0.0 0.0 0.0 1.0
office/seq-01/color/frame-000226.color.png office/seq-01/color/frame-000228.color.png 0.999839 0.00528805 -0.0171577 -0.0130442 -0.00534813 0.99998 -0.00345383 -0.00435662 0.0171391 0.00354505 0.999847 -0.0250771 0.0 0.0 0.0 1.0
office/seq-01/color/frame-000228.color.png office/seq-01/color/frame-000230.color.png 0.999468 0.00201448 -0.0325645 0.00744271 -0.0016223 0.999926 0.0120637 -0.0132788 0.0325864 -0.0120045 0.999397 -0.0255375 0.0 0.0 0.0 1.0
office/seq-01/color/frame-000230.color.png office/seq-01/color/frame-000232.color.png 0.999761 0.00241296 -0.0217125 -0.00149941 -0.00228571 0.99998 0.00589135 -0.00601178 0.0217263 -0.00584034 0.999747 -0.0281954 0.0 0.0 0.0 1.0
office/seq-01/color/frame-000232.color.png office/seq-01/color/frame-000234.color.png 0.999541 0.000191344 -0.0303003 0.00173593 0.000247725 0.999895 0.0144844 -0.0111472 0.0302999 -0.0144852 0.999436 -0.0370315 0.0 0.0 0.0 1.0
office/seq-01/color/frame-000234.color.png office/seq-01/color/frame-000236.color.png 0.999808 0.00715636 -0.0182645 0.00206113 -0.00713774 0.999974 0.00108647 0.00592029 0.0182718 -0.000955907 0.999833 -0.0221564 0.0 0.0 0.0 1.0
office/seq-01/color/frame-000236.color.png office/seq-01/color/frame-000238.color.png 0.999491 0.00302528 -0.0317451 0.00019598 -0.00264752 0.999925 0.0119362 -0.00995982 0.0317788 -0.0118461 0.999425 -0.0406899 0.0 0.0 0.0 1.0
office/seq-01/color/frame-000238.color.png office/seq-01/color/frame-000240.color.png 0.999723 0.00728185 -0.0223562 0.00364351 -0.00717971 0.999963 0.00464873 0.00612873 0.0223893 -0.00448692 0.999739 -0.0287871 0.0 0.0 0.0 1.0
office/seq-01/color/frame-000240.color.png office/seq-01/color/frame-000242.color.png 0.999547 0.00907645 -0.0286973 -0.00403702 -0.00888623 0.999938 0.00674926 0.00745678 0.0287567 -0.00649122 0.999565 -0.0360872 0.0 0.0 0.0 1.0
office/seq-01/color/frame-000242.color.png office/seq-01/color/frame-000244.color.png 0.99981 0.00295491 -0.0192431 -0.00536811 -0.00285302 0.999982 0.0053153 -0.00050658 0.0192585 -0.00525938 0.999801 -0.0239888 0.0 0.0 0.0 1.0
office/seq-01/color/frame-000244.color.png office/seq-01/color/frame-000246.color.png 0.999329 0.000664849 -0.0366087 -0.00680602 -0.000294331 0.999949 0.0101253 -0.00932831 0.0366136 -0.0101077 0.999278 -0.0378776 0.0 0.0 0.0 1.0
office/seq-01/color/frame-000246.color.png office/seq-01/color/frame-000248.color.png 0.999717 0.000616532 -0.0237621 0.000883102 -0.000695467 0.999994 -0.00331403 0.00811207 0.02376 0.00332961 0.999712 -0.0253618 0.0 0.0 0.0 1.0
office/seq-01/color/frame-000248.color.png office/seq-01/color/frame-000250.color.png 0.999373 -0.0021864 -0.0353245 -0.00308818 0.00215731 0.999997 -0.000862332 0.00109392 0.0353263 0.000785588 0.999375 -0.0343372 0.0 0.0 0.0 1.0
office/seq-01/color/frame-000250.color.png office/seq-01/color/frame-000252.color.png 0.999876 0.000978765 -0.0157127 -0.00911099 -0.000763202 0.999905 0.0137289 -0.020345 0.0157246 -0.0137152 0.999782 -0.0207142 0.0 0.0 0.0 1.0
office/seq-01/color/frame-000252.color.png office/seq-01/color/frame-000254.color.png 0.999677 -0.000558338 -0.0253933 -0.0238069 0.000546951 1.0 -0.000460154 -0.00317127 0.0253935 0.000446098 0.999677 -0.0234125 0.0 0.0 0.0 1.0
office/seq-01/color/frame-000254.color.png office/seq-01/color/frame-000256.color.png 0.998922 -0.0128894 -0.0445988 0.0185835 0.0131259 0.999901 0.00501388 -0.0212405 0.0445298 -0.00559386 0.998992 -0.0528564 0.0 0.0 0.0 1.0
office/seq-01/color/frame-000256.color.png office/seq-01/color/frame-000258.color.png 0.999737 -0.00175388 -0.0228511 -0.00154608 0.00164975 0.999988 -0.00457126 -0.0039624 0.0228589 0.00453237 0.999728 -0.0457383 0.0 0.0 0.0 1.0
office/seq-01/color/frame-000258.color.png office/seq-01/color/frame-000260.color.png 0.999367 0.00234381 -0.0354892 0.0204312 -0.00192735 0.999929 0.0117661 -0.00613695 0.0355143 -0.0116903 0.999301 -0.0510589 0.0 0.0 0.0 1.0
office/seq-01/color/frame-000260.color.png office/seq-01/color/frame-000262.color.png 0.999593 0.01072 -0.0264534 0.00915354 -0.0106363 0.999938 0.00330007 0.0126586 0.0264871 -0.00301736 0.999645 -0.0274487 0.0 0.0 0.0 1.0
office/seq-01/color/frame-000262.color.png office/seq-01/color/frame-000264.color.png 0.999453 0.0111584 -0.0311359 0.00409281 -0.0113498 0.999918 -0.00597735 0.0224686 0.0310667 0.00632749 0.999497 -0.0352645 0.0 0.0 0.0 1.0
office/seq-01/color/frame-000264.color.png office/seq-01/color/frame-000266.color.png 0.999589 0.00553936 -0.0281121 0.0027476 -0.00544292 0.999979 0.00350478 0.016622 0.0281309 -0.00335034 0.999599 -0.0422826 0.0 0.0 0.0 1.0
office/seq-01/color/frame-000266.color.png office/seq-01/color/frame-000268.color.png 0.999751 0.00691265 -0.0212184 0.00524217 -0.00690411 0.999976 0.000470873 0.0175802 0.0212212 -0.000324274 0.999775 -0.0238152 0.0 0.0 0.0 1.0
office/seq-01/color/frame-000268.color.png office/seq-01/color/frame-000270.color.png 0.999643 0.00969673 -0.0249093 -0.0072214 -0.00970327 0.999953 -0.000136015 0.0207551 0.0249067 0.00037762 0.99969 -0.0431426 0.0 0.0 0.0 1.0
office/seq-01/color/frame-000270.color.png office/seq-01/color/frame-000272.color.png 0.999801 0.0021014 -0.0198523 -0.00684887 -0.0019659 0.999975 0.00683808 0.00213993 0.0198662 -0.00679763 0.999779 -0.0267919 0.0 0.0 0.0 1.0
office/seq-01/color/frame-000272.color.png office/seq-01/color/frame-000274.color.png 0.999865 0.00856586 -0.0140483 -0.0180773 -0.00849784 0.999952 0.00490163 0.00294828 0.0140896 -0.00478164 0.999889 -0.043126 0.0 0.0 0.0 1.0
office/seq-01/color/frame-000274.color.png office/seq-01/color/frame-000276.color.png 0.999923 0.00989919 -0.00742771 -0.0188563 -0.00988855 0.99995 0.00145213 0.00916451 0.00744172 -0.00137855 0.999971 -0.0295519 0.0 0.0 0.0 1.0
office/seq-01/color/frame-000276.color.png office/seq-01/color/frame-000278.color.png 0.999947 -0.00345954 -0.00974789 -0.0290484 0.00351064 0.99998 0.00523818 0.00406206 0.00972956 -0.00527213 0.999939 -0.0280961 0.0 0.0 0.0 1.0
office/seq-01/color/frame-000278.color.png office/seq-01/color/frame-000280.color.png 0.999978 -0.00163317 0.00644021 -0.0276743 0.00161758 0.999996 0.00241226 0.00632542 -0.00644411 -0.00240181 0.999976 -0.0203894 0.0 0.0 0.0 1.0
office/seq-01/color/frame-000280.color.png office/seq-01/color/frame-000282.color.png 0.999991 0.00121618 -0.00412707 -0.0130161 -0.0012036 0.999995 0.00301205 0.00479513 0.00413071 -0.00300704 0.999987 -0.00294864 0.0 0.0 0.0 1.0
office/seq-01/color/frame-000282.color.png office/seq-01/color/frame-000284.color.png 0.999844 0.00667482 0.016333 -0.0413334 -0.00653015 0.999939 -0.00889812 0.0168728 -0.0163914 0.00879009 0.999827 -0.0193676 0.0 0.0 0.0 1.0
office/seq-01/color/frame-000284.color.png office/seq-01/color/frame-000286.color.png 0.999961 0.00288015 0.00832441 -0.0215198 -0.00289253 0.999995 0.00148182 0.00984871 -0.00832013 -0.00150586 0.999964 -0.0126139 0.0 0.0 0.0 1.0
office/seq-01/color/frame-000286.color.png office/seq-01/color/frame-000288.color.png 1.0 -0.000107263 -0.000135825 -0.0176302 0.000106519 0.999983 -0.00582982 0.0120159 0.000136515 0.00582983 0.999983 -0.00997913 0.0 0.0 0.0 1.0
office/seq-01/color/frame-000288.color.png office/seq-01/color/frame-000290.color.png 0.99995 0.00990274 0.00142886 -0.0197024 -0.00990629 0.999948 0.00243837 0.0173912 -0.00140464 -0.00245243 0.999996 -0.0213401 0.0 0.0 0.0 1.0
office/seq-01/color/frame-000290.color.png office/seq-01/color/frame-000292.color.png 0.999999 0.000963188 0.00138103 -0.0218467 -0.000952298 0.999969 -0.00788548 0.0202031 -0.0013887 0.00788416 0.999968 -0.0116791 0.0 0.0 0.0 1.0
office/seq-01/color/frame-000292.color.png office/seq-01/color/frame-000294.color.png 0.999986 0.0052173 -0.000611808 -0.014195 -0.00522234 0.99995 -0.00854079 0.0141207 0.00056735 0.00854383 0.999963 -0.0179054 0.0 0.0 0.0 1.0
office/seq-01/color/frame-000294.color.png office/seq-01/color/frame-000296.color.png 0.999942 0.0105414 0.00222015 -0.0306383 -0.0105308 0.999933 -0.00472212 0.0195521 -0.00226977 0.00469853 0.999986 -0.0286597 0.0 0.0 0.0 1.0
office/seq-01/color/frame-000296.color.png office/seq-01/color/frame-000298.color.png 0.999996 -0.000690739 -0.0026067 -0.0120202 0.000711179 0.999969 0.00780508 0.00315434 0.00260114 -0.00780693 0.999966 -0.018519 0.0 0.0 0.0 1.0
office/seq-01/color/frame-000298.color.png office/seq-01/color/frame-000300.color.png 0.999968 0.00757349 -0.00273538 -0.0198328 -0.0075639 0.999965 0.00352609 0.0149995 0.00276209 -0.00350529 0.99999 -0.0232966 0.0 0.0 0.0 1.0
office/seq-01/color/frame-000300.color.png office/seq-01/color/frame-000302.color.png 0.999933 0.00469886 -0.0106027 -0.0193408 -0.00466798 0.999985 0.00293391 0.00606936 0.0106163 -0.00288423 0.99994 -0.0415136 0.0 0.0 0.0 1.0
office/seq-01/color/frame-000302.color.png office/seq-01/color/frame-000304.color.png 0.99992 -0.00221256 -0.0124429 -0.011141 0.00230515 0.99997 0.00742908 0.0106192 0.0124262 -0.00745715 0.999895 -0.0150135 0.0 0.0 0.0 1.0
office/seq-01/color/frame-000304.color.png office/seq-01/color/frame-000306.color.png 0.999995 -0.000474612 -0.0030357 -0.0156226 0.000482082 0.999997 0.00246014 0.0102963 0.00303445 -0.00246159 0.999992 -0.0258772 0.0 0.0 0.0 1.0
office/seq-01/color/frame-000306.color.png office/seq-01/color/frame-000308.color.png 0.999974 0.0057594 -0.00444955 -0.0287863 -0.00575645 0.999983 0.000693243 0.0168777 0.00445349 -0.000667626 0.99999 -0.0248345 0.0 0.0 0.0 1.0
office/seq-01/color/frame-000308.color.png office/seq-01/color/frame-000310.color.png 0.999998 0.00178838 0.000685325 -0.0220795 -0.00178328 0.999973 -0.00714011 0.00989872 -0.000698116 0.00713885 0.999974 -0.0181816 0.0 0.0 0.0 1.0
office/seq-01/color/frame-000310.color.png office/seq-01/color/frame-000312.color.png 0.999984 -0.00554137 0.000579109 -0.0180297 0.00554096 0.999984 0.00064062 0.00608939 -0.000582646 -0.000637383 1.0 -0.0184985 0.0 0.0 0.0 1.0
office/seq-01/color/frame-000312.color.png office/seq-01/color/frame-000314.color.png 0.999978 -0.00656795 -0.00040748 -0.0184563 0.00656885 0.999976 0.00215903 0.0102021 0.000393235 -0.00216166 0.999998 -0.0207722 0.0 0.0 0.0 1.0
office/seq-01/color/frame-000314.color.png office/seq-01/color/frame-000316.color.png 0.999968 -0.00792767 -0.00107446 -0.0127973 0.00791936 0.99994 -0.00750944 0.0209374 0.00113399 0.00750071 0.999971 -0.0120208 0.0 0.0 0.0 1.0
office/seq-01/color/frame-000316.color.png office/seq-01/color/frame-000318.color.png 0.999995 0.000151139 0.00306435 -0.0118097 -0.000118203 0.999942 -0.010749 0.0161161 -0.00306578 0.0107486 0.999938 -0.0174554 0.0 0.0 0.0 1.0
office/seq-01/color/frame-000318.color.png office/seq-01/color/frame-000320.color.png 0.999965 -0.00799435 -0.00261101 -0.0192771 0.00793657 0.999739 -0.0214373 0.0268573 0.00278173 0.0214158 0.999767 -0.0122719 0.0 0.0 0.0 1.0
office/seq-01/color/frame-000320.color.png office/seq-01/color/frame-000322.color.png 0.999867 -0.00968368 0.0131482 -0.0169034 0.00977739 0.999927 -0.00708849 0.0118217 -0.0130787 0.00721611 0.999888 -0.0207747 0.0 0.0 0.0 1.0
office/seq-01/color/frame-000322.color.png office/seq-01/color/frame-000324.color.png 0.999728 -0.0108685 0.0206505 -0.0172578 0.0110303 0.999909 -0.00773579 0.0129614 -0.0205646 0.00796149 0.999757 -0.033328 0.0 0.0 0.0 1.0
office/seq-01/color/frame-000324.color.png office/seq-01/color/frame-000326.color.png 0.999879 -0.00937659 0.0123803 -0.01576 0.00937467 0.999956 0.000219535 0.00618649 -0.0123818 -0.00010347 0.999923 -0.00931275 0.0 0.0 0.0 1.0
office/seq-01/color/frame-000326.color.png office/seq-01/color/frame-000328.color.png 0.999412 -0.0178702 0.029262 -0.0158089 0.0181325 0.999798 -0.00872092 0.0153484 -0.0291001 0.00924638 0.999534 -0.0227172 0.0 0.0 0.0 1.0
office/seq-01/color/frame-000328.color.png office/seq-01/color/frame-000330.color.png 0.999675 -0.00632487 0.024715 -0.0160728 0.00630993 0.99998 0.000681903 0.00359455 -0.0247189 -0.000525686 0.999694 -0.0199593 0.0 0.0 0.0 1.0
office/seq-01/color/frame-000330.color.png office/seq-01/color/frame-000332.color.png 0.999517 -0.0120684 0.0286205 -0.0116347 0.0120475 0.999927 0.000902936 0.00840187 -0.0286293 -0.000557753 0.99959 -0.0107934 0.0 0.0 0.0 1.0
office/seq-01/color/frame-000332.color.png office/seq-01/color/frame-000334.color.png 0.998584 -0.00766917 0.0526456 -0.0177757 0.00780352 0.999967 -0.00234583 0.0117569 -0.0526259 0.00275336 0.99861 -0.0363877 0.0 0.0 0.0 1.0
office/seq-01/color/frame-000334.color.png office/seq-01/color/frame-000336.color.png 0.999408 -0.00358461 0.034213 -0.0164593 0.00355166 0.999993 0.00102404 0.0176172 -0.0342164 -0.000901933 0.999414 -0.0246111 0.0 0.0 0.0 1.0
office/seq-01/color/frame-000336.color.png office/seq-01/color/frame-000338.color.png 0.999503 -0.00158491 0.0314762 -0.0161914 0.00174966 0.999985 -0.00521157 0.00934112 -0.0314675 0.00526407 0.999491 -0.0202938 0.0 0.0 0.0 1.0
office/seq-01/color/frame-000338.color.png office/seq-01/color/frame-000340.color.png 0.998987 -0.00820624 0.0442382 -0.0143046 0.00862591 0.99992 -0.00930043 0.00811148 -0.0441583 0.00967257 0.998978 -0.025143 0.0 0.0 0.0 1.0
office/seq-01/color/frame-000340.color.png office/seq-01/color/frame-000342.color.png 0.999545 -0.00486978 0.0297692 -0.0101459 0.00481595 0.999987 0.00187865 0.00385478 -0.029778 -0.00173442 0.999555 -0.0185853 0.0 0.0 0.0 1.0
office/seq-01/color/frame-000342.color.png office/seq-01/color/frame-000344.color.png 0.99965 -0.00419568 0.0261212 -0.00986272 0.00416752 0.999991 0.00113489 0.00101781 -0.0261257 -0.00102564 0.999658 -0.0159215 0.0 0.0 0.0 1.0
office/seq-01/color/frame-000344.color.png office/seq-01/color/frame-000346.color.png 0.999625 -0.0038971 0.0271017 -0.00836157 0.00404712 0.999977 -0.0054817 0.00307831 -0.0270797 0.00558931 0.999618 -0.0110565 0.0 0.0 0.0 1.0
office/seq-01/color/frame-000346.color.png office/seq-01/color/frame-000348.color.png 0.997888 -0.00979081 0.0642106 -0.0358131 0.0109139 0.999793 -0.0171639 0.0277008 -0.0640293 0.0178284 0.997789 -0.0682186 0.0 0.0 0.0 1.0
office/seq-01/color/frame-000348.color.png office/seq-01/color/frame-000350.color.png 0.999753 -0.0032465 0.021986 -0.0111463 0.00317941 0.99999 0.00308375 0.00177994 -0.0219958 -0.00301301 0.999753 -0.00642765 0.0 0.0 0.0 1.0
