office/seq-01/color/frame-000001.color.png office/seq-01/color/frame-000003.color.png 0.999998 -0.00219842 -0.000148151 -0.00176156 0.00219828 0.999997 -0.000970936 0.00312638 0.000150285 0.000970608 1.0 2.93731e-05 0.0 0.0 0.0 1.0
office/seq-01/color/frame-000003.color.png office/seq-01/color/frame-000005.color.png 0.999994 -0.00335654 -0.000473991 -0.000507441 0.00335785 0.999991 0.00279252 -0.000875104 0.000464613 -0.00279409 0.999996 0.0040539 0.0 0.0 0.0 1.0
office/seq-01/color/frame-000005.color.png office/seq-01/color/frame-000007.color.png 0.999991 -0.00212844 -0.00368233 0.000390892 0.00214831 0.999983 0.00539833 0.000808166 0.00367078 -0.00540619 0.999979 0.00166127 0.0 0.0 0.0 1.0
office/seq-01/color/frame-000007.color.png office/seq-01/color/frame-000009.color.png 0.999979 -0.00564487 0.00324317 -0.00271363 0.00561313 0.999937 0.00971457 -0.00329461 -0.0032978 -0.00969616 0.999948 0.00739427 0.0 0.0 0.0 1.0
office/seq-01/color/frame-000009.color.png office/seq-01/color/frame-000011.color.png 0.999981 -0.00577145 0.00221196 -0.00180118 0.00576092 0.999972 0.00473516 -0.00247066 -0.00223923 -0.00472232 0.999986 0.0062061 0.0 0.0 0.0 1.0
office/seq-01/color/frame-000011.color.png office/seq-01/color/frame-000013.color.png 0.999958 -0.0084564 0.00348874 -0.00230917 0.00843957 0.999953 0.00480875 -0.00546041 -0.00352924 -0.0047791 0.999982 0.00476233 0.0 0.0 0.0 1.0
office/seq-01/color/frame-000013.color.png office/seq-01/color/frame-000015.color.png 0.999938 -0.0107921 0.00287678 -0.00324718 0.0107792 0.999932 0.00447257 -0.00411138 -0.00292486 -0.00444128 0.999986 0.00785491 0.0 0.0 0.0 1.0
office/seq-01/color/frame-000015.color.png office/seq-01/color/frame-000017.color.png 0.999969 -0.00791994 -4.6869e-05 -0.00420292 0.00792007 0.999951 0.00594915 -0.00625712 -2.49792e-07 -0.00594934 0.999982 0.00831082 0.0 0.0 0.0 1.0
office/seq-01/color/frame-000017.color.png office/seq-01/color/frame-000019.color.png 0.999987 -0.00434246 0.00254549 -0.00629463 0.00433745 0.999989 0.00197228 -0.00744889 -0.00255402 -0.0019612 0.999995 0.010823 0.0 0.0 0.0 1.0
office/seq-01/color/frame-000019.color.png office/seq-01/color/frame-000021.color.png 0.999967 -0.00807312 0.00126176 -0.00378931 0.00807036 0.999965 0.00217348 -0.00495994 -0.00127927 -0.00216322 0.999997 0.0068151 0.0 0.0 0.0 1.0
office/seq-01/color/frame-000021.color.png office/seq-01/color/frame-000023.color.png 0.999935 -0.0102646 0.0049079 -0.00233792 0.0102122 0.999892 0.0105811 -0.00691153 -0.00501598 -0.0105303 0.999932 0.0092327 0.0 0.0 0.0 1.0
office/seq-01/color/frame-000023.color.png office/seq-01/color/frame-000025.color.png 0.999959 -0.00638899 0.00638467 -0.00516399 0.00632958 0.999937 0.00928274 -0.00762004 -0.00644357 -0.00924195 0.999937 0.0100339 0.0 0.0 0.0 1.0
office/seq-01/color/frame-000025.color.png office/seq-01/color/frame-000027.color.png 0.99996 -0.00672473 -0.00581155 -0.00516842 0.00677143 0.999945 0.00805033 -0.00619526 0.00575709 -0.00808937 0.999951 0.00802972 0.0 0.0 0.0 1.0
office/seq-01/color/frame-000027.color.png office/seq-01/color/frame-000029.color.png 0.99999 -0.00443207 -0.000127416 0.000617467 0.00443357 0.999853 0.0165456 -0.00933635 5.40669e-05 -0.016546 0.999863 0.0121683 0.0 0.0 0.0 1.0
office/seq-01/color/frame-000029.color.png office/seq-01/color/frame-000031.color.png 0.99991 -0.0101202 0.00876434 -0.000966437 0.0100009 0.999858 0.0135467 -0.0142893 -0.00890019 -0.0134578 0.99987 0.0162563 0.0 0.0 0.0 1.0
office/seq-01/color/frame-000031.color.png office/seq-01/color/frame-000033.color.png 0.999983 0.00560427 0.0017729 -0.0025082 -0.00559171 0.99996 -0.00700849 -0.0118124 -0.0018121 0.00699845 0.999974 0.0180364 0.0 0.0 0.0 1.0
office/seq-01/color/frame-000033.color.png office/seq-01/color/frame-000035.color.png 0.999988 0.00342166 0.00337763 0.002448 -0.00339659 0.999967 -0.00740293 -0.00461138 -0.00340286 0.00739136 0.999967 0.00440906 0.0 0.0 0.0 1.0
office/seq-01/color/frame-000035.color.png office/seq-01/color/frame-000037.color.png 0.999862 -0.00640142 0.0153527 -0.00639566 0.00636766 0.999977 0.00224654 -0.00646377 -0.0153667 -0.00214847 0.99988 0.00964148 0.0 0.0 0.0 1.0
office/seq-01/color/frame-000037.color.png office/seq-01/color/frame-000039.color.png 0.999953 -0.0075722 0.00606211 -0.00198067 0.0075289 0.999946 0.00713768 -0.0101409 -0.00611583 -0.0070917 0.999956 0.0121614 0.0 0.0 0.0 1.0
office/seq-01/color/frame-000039.color.png office/seq-01/color/frame-000041.color.png 0.999961 0.00094476 0.00872858 -0.00654468 -0.00094306 0.999999 -0.000196324 -0.00746658 -0.00872876 0.000188106 0.999962 0.00902466 0.0 0.0 0.0 1.0
office/seq-01/color/frame-000041.color.png office/seq-01/color/frame-000043.color.png 0.999948 -0.0067605 0.00761392 -0.00191361 0.00668596 0.99993 0.00977195 -0.0111435 -0.00767946 -0.00972056 0.999923 0.0164419 0.0 0.0 0.0 1.0
office/seq-01/color/frame-000043.color.png office/seq-01/color/frame-000045.color.png 0.999977 -0.00460966 0.00489331 -0.00689069 0.00460656 0.999989 0.000635601 -0.00627332 -0.00489616 -0.000613042 0.999988 0.0106034 0.0 0.0 0.0 1.0
office/seq-01/color/frame-000045.color.png office/seq-01/color/frame-000047.color.png 0.999982 -0.00325632 0.00495302 0.00163363 0.00320911 0.999949 0.00951237 -0.0132543 -0.00498375 -0.0094963 0.999942 0.00715217 0.0 0.0 0.0 1.0
office/seq-01/color/frame-000047.color.png office/seq-01/color/frame-000049.color.png 0.999976 -0.00307736 0.00622761 -0.00341503 0.00301841 0.999951 0.00945365 -0.014953 -0.0062564 -0.00943465 0.999936 0.0176208 0.0 0.0 0.0 1.0
office/seq-01/color/frame-000049.color.png office/seq-01/color/frame-000051.color.png 0.999963 0.00859505 -0.000280085 0.000396635 -0.00859679 0.999939 -0.00691894 -0.0146806 0.000220601 0.00692108 0.999976 0.0118083 0.0 0.0 0.0 1.0
office/seq-01/color/frame-000051.color.png office/seq-01/color/frame-000053.color.png 0.999938 0.00327714 0.0106237 -0.000429619 -0.00327796 0.999995 5.94146e-05 -0.00346985 -0.0106234 -9.42239e-05 0.999944 0.00601915 0.0 0.0 0.0 1.0
office/seq-01/color/frame-000053.color.png office/seq-01/color/frame-000055.color.png 0.999941 -0.00642219 0.00877706 -0.0170013 0.00627406 0.999839 0.0168003 -0.026716 -0.00888355 -0.0167443 0.99982 0.015188 0.0 0.0 0.0 1.0
office/seq-01/color/frame-000055.color.png office/seq-01/color/frame-000057.color.png 0.999789 0.00662964 -0.0194449 0.0238747 -0.0068007 0.999939 -0.00874476 -0.0177648 0.0193857 0.00887513 0.999773 0.0157091 0.0 0.0 0.0 1.0
office/seq-01/color/frame-000057.color.png office/seq-01/color/frame-000059.color.png 0.999975 0.00608544 0.00350582 0.00568369 -0.00601478 0.999785 -0.0198182 0.0149375 -0.00362567 0.0197967 0.999798 0.0113844 0.0 0.0 0.0 1.0
office/seq-01/color/frame-000059.color.png office/seq-01/color/frame-000061.color.png 0.999976 0.0059551 0.00358243 -0.000574648 -0.00598337 0.999951 0.00793232 -0.014557 -0.00353502 -0.00795358 0.999962 0.00488955 0.0 0.0 0.0 1.0
office/seq-01/color/frame-000061.color.png office/seq-01/color/frame-000063.color.png 0.999657 0.0165718 -0.0202719 0.0255093 -0.016495 0.999856 0.00395055 -0.0157735 0.0203345 -0.00361482 0.999787 0.00780296 0.0 0.0 0.0 1.0
office/seq-01/color/frame-000063.color.png office/seq-01/color/frame-000065.color.png 0.999921 0.0120478 -0.0035029 0.0158942 -0.012016 0.999888 0.00894888 -0.0137067 0.00361031 -0.00890607 0.999954 0.00248536 0.0 0.0 0.0 1.0
office/seq-01/color/frame-000065.color.png office/seq-01/color/frame-000067.color.png 0.999977 0.0044075 -0.00513721 0.0242485 -0.0043361 0.999895 0.0138314 -0.0244513 0.00519763 -0.0138089 0.999891 0.0046913 0.0 0.0 0.0 1.0
office/seq-01/color/frame-000067.color.png office/seq-01/color/frame-000069.color.png 0.999941 0.0108166 -0.00115691 0.0140569 -0.0108187 0.99994 -0.00184913 -0.00336793 0.00113683 0.00186155 0.999998 0.00267002 0.0 0.0 0.0 1.0
office/seq-01/color/frame-000069.color.png office/seq-01/color/frame-000071.color.png 0.99993 0.009132 -0.00756442 0.0204912 -0.00917768 0.99994 -0.00602744 0.000538707 0.00750893 0.00609647 0.999953 -0.00378016 0.0 0.0 0.0 1.0
office/seq-01/color/frame-000071.color.png office/seq-01/color/frame-000073.color.png 0.999914 0.00150823 -0.0130516 0.024475 -0.00145847 0.999992 0.0038221 -0.00714019 0.0130572 -0.00380276 0.999908 -0.00654885 0.0 0.0 0.0 1.0
office/seq-01/color/frame-000073.color.png office/seq-01/color/frame-000075.color.png 0.999971 -0.00410497 -0.00646929 0.0274469 0.00417236 0.999937 0.0104383 -0.0120791 0.00642603 -0.010465 0.999924 -0.0062221 0.0 0.0 0.0 1.0
office/seq-01/color/frame-000075.color.png office/seq-01/color/frame-000077.color.png 0.999925 -0.00107209 -0.0121674 0.0343369 0.00119114 0.999951 0.00978115 -0.0119655 0.0121564 -0.00979488 0.999878 -0.0115867 0.0 0.0 0.0 1.0
office/seq-01/color/frame-000077.color.png office/seq-01/color/frame-000079.color.png 0.999972 0.00748629 -0.000632654 0.0287958 -0.00748014 0.99993 0.00921187 -0.00644648 0.000701561 -0.00920689 0.999957 -0.00988033 0.0 0.0 0.0 1.0
office/seq-01/color/frame-000079.color.png office/seq-01/color/frame-000081.color.png 0.999897 0.00524538 -0.0133832 0.0232644 -0.0051883 0.999977 0.00429573 -0.00577477 0.0134055 -0.00422582 0.999901 -0.00586504 0.0 0.0 0.0 1.0
office/seq-01/color/frame-000081.color.png office/seq-01/color/frame-000083.color.png 0.999891 0.00631766 -0.013317 0.0311573 -0.00634615 0.999978 -0.00209819 -0.00714055 0.0133034 0.00218245 0.999909 -0.00877893 0.0 0.0 0.0 1.0
office/seq-01/color/frame-000083.color.png office/seq-01/color/frame-000085.color.png 0.999756 0.0079622 -0.0206038 0.0344998 -0.00785396 0.999955 0.00532884 -0.0114081 0.0206453 -0.0051657 0.999774 -0.00737047 0.0 0.0 0.0 1.0
office/seq-01/color/frame-000085.color.png office/seq-01/color/frame-000087.color.png 0.999541 0.0143928 -0.0266647 0.038846 -0.0141548 0.999858 0.00909372 -0.0255119 0.0267918 -0.00871214 0.999603 -0.016207 0.0 0.0 0.0 1.0
office/seq-01/color/frame-000087.color.png office/seq-01/color/frame-000089.color.png 0.999565 0.0124645 -0.0267143 0.0455103 -0.0125847 0.999911 -0.00433723 -0.000971019 0.0266579 0.00467154 0.999633 -0.00340512 0.0 0.0 0.0 1.0
office/seq-01/color/frame-000089.color.png office/seq-01/color/frame-000091.color.png 0.999949 0.00741448 -0.00685342 0.0196047 -0.00740034 0.99997 0.0020869 0.000482857 0.00686868 -0.00203607 0.999974 -0.00268331 0.0 0.0 0.0 1.0
office/seq-01/color/frame-000091.color.png office/seq-01/color/frame-000093.color.png 0.999821 0.00842643 -0.0169605 0.0377617 -0.00839027 0.999962 0.00220201 -0.00606182 0.0169784 -0.00205927 0.999854 -0.00551641 0.0 0.0 0.0 1.0
office/seq-01/color/frame-000093.color.png office/seq-01/color/frame-000095.color.png 0.99995 0.00698297 -0.00718364 0.0262368 -0.00695099 0.999966 0.00446609 -0.00588641 0.0072146 -0.00441593 0.999964 -0.000285357 0.0 0.0 0.0 1.0
office/seq-01/color/frame-000095.color.png office/seq-01/color/frame-000097.color.png 0.999874 0.00684058 -0.0143275 0.0380016 -0.00692844 0.999957 -0.00609257 0.0065805 0.0142852 0.00619106 0.999879 -0.00492084 0.0 0.0 0.0 1.0
office/seq-01/color/frame-000097.color.png office/seq-01/color/frame-000099.color.png 0.999941 0.000401591 -0.0108187 0.0303927 -0.000275029 0.999931 0.0116995 -0.0113577 0.0108227 -0.0116959 0.999873 0.00124112 0.0 0.0 0.0 1.0
office/seq-01/color/frame-000099.color.png office/seq-01/color/frame-000101.color.png 0.999894 0.00557256 -0.0134285 0.0217492 -0.00559513 0.999983 -0.0016439 0.0118902 0.0134191 0.00171885 0.999908 -0.00354925 0.0 0.0 0.0 1.0
office/seq-01/color/frame-000101.color.png office/seq-01/color/frame-000103.color.png 0.999805 -0.00257927 -0.0195916 0.0457632 0.00261487 0.999995 0.00179174 0.000754476 0.0195869 -0.00184263 0.999806 -0.00427595 0.0 0.0 0.0 1.0
office/seq-01/color/frame-000103.color.png office/seq-01/color/frame-000105.color.png 0.99988 0.00369165 -0.0150267 0.0353685 -0.0036178 0.999981 0.00493786 0.00447187 0.0150447 -0.00488291 0.999875 -0.010148 0.0 0.0 0.0 1.0
office/seq-01/color/frame-000105.color.png office/seq-01/color/frame-000107.color.png 0.999966 0.00218325 -0.00799066 0.0235565 -0.00215449 0.999991 0.00360583 -8.32677e-05 0.00799845 -0.00358852 0.999962 -0.0029344 0.0 0.0 0.0 1.0
office/seq-01/color/frame-000107.color.png office/seq-01/color/frame-000109.color.png 0.999796 0.00815117 -0.0185007 0.0380243 -0.00819937 0.999963 -0.0025311 0.0193315 0.0184794 0.00268232 0.999826 -0.00508344 0.0 0.0 0.0 1.0
office/seq-01/color/frame-000109.color.png office/seq-01/color/frame-000111.color.png 0.999742 0.0161552 -0.0159899 0.0327371 -0.0161372 0.999869 0.00125663 0.0145863 0.0160082 -0.000998335 0.999871 -0.00921682 0.0 0.0 0.0 1.0
office/seq-01/color/frame-000111.color.png office/seq-01/color/frame-000113.color.png 0.999848 0.00630989 -0.016245 0.0231698 -0.00623501 0.99997 0.00465878 0.000371844 0.0162738 -0.00455674 0.999857 -0.00717571 0.0 0.0 0.0 1.0
office/seq-01/color/frame-000113.color.png office/seq-01/color/frame-000115.color.png 0.999482 0.0166321 -0.0275661 0.032474 -0.0168224 0.999836 -0.00668888 0.00553313 0.0274503 0.0071491 0.999597 -0.0158322 0.0 0.0 0.0 1.0
office/seq-01/color/frame-000115.color.png office/seq-01/color/frame-000117.color.png 0.999484 -0.00125952 -0.0320903 0.0341648 0.00127514 0.999999 0.00046715 -0.00440553 0.0320896 -0.000507829 0.999485 -0.0223473 0.0 0.0 0.0 1.0
office/seq-01/color/frame-000117.color.png office/seq-01/color/frame-000119.color.png 0.998804 0.0112177 -0.0475908 0.0739421 -0.0109809 0.999926 0.00523293 0.000803381 0.047646 -0.00470405 0.998853 -0.0293658 0.0 0.0 0.0 1.0
office/seq-01/color/frame-000119.color.png office/seq-01/color/frame-000121.color.png 0.999899 -0.000208269 -0.0142162 0.0165672 0.000339973 0.999957 0.00926102 -0.00153857 0.0142137 -0.00926491 0.999856 -0.00935841 0.0 0.0 0.0 1.0
office/seq-01/color/frame-000121.color.png office/seq-01/color/frame-000123.color.png 0.999853 0.00974884 -0.0140841 0.0304375 -0.00952178 0.999825 0.0160997 -0.00900429 0.0142386 -0.0159633 0.999771 -0.0149521 0.0 0.0 0.0 1.0
office/seq-01/color/frame-000123.color.png office/seq-01/color/frame-000125.color.png 0.999468 0.0070762 -0.0318399 0.0382267 -0.00691251 0.999962 0.00524957 -0.0099493 0.0318759 -0.00502668 0.999479 -0.0214764 0.0 0.0 0.0 1.0
office/seq-01/color/frame-000125.color.png office/seq-01/color/frame-000127.color.png 0.999926 0.00596477 -0.0105823 0.0124649 -0.00596437 0.999982 6.78528e-05 -0.00328833 0.0105825 -4.70852e-06 0.999944 -0.00557283 0.0 0.0 0.0 1.0
office/seq-01/color/frame-000127.color.png office/seq-01/color/frame-000129.color.png 0.999522 0.00309317 -0.0307509 0.0365315 -0.00321098 0.999988 -0.0037838 -0.00478932 0.0307389 0.00388072 0.99952 -0.0157872 0.0 0.0 0.0 1.0
office/seq-01/color/frame-000129.color.png office/seq-01/color/frame-000131.color.png 0.999288 0.00593634 -0.0372622 0.0577385 -0.00587981 0.999981 0.00162638 -0.00771546 0.0372711 -0.00140612 0.999304 -0.0138756 0.0 0.0 0.0 1.0
office/seq-01/color/frame-000131.color.png office/seq-01/color/frame-000133.color.png 0.999803 0.00444528 -0.0193499 0.0303136 -0.00441553 0.999989 0.00158034 0.00304785 0.0193567 -0.00149458 0.999812 -0.0127572 0.0 0.0 0.0 1.0
office/seq-01/color/frame-000133.color.png office/seq-01/color/frame-000135.color.png 0.999939 -0.000245832 -0.0110231 0.00889754 0.000332298 0.999969 0.00784383 -0.00821817 0.0110207 -0.00784697 0.999908 -0.0137883 0.0 0.0 0.0 1.0
office/seq-01/color/frame-000135.color.png office/seq-01/color/frame-000137.color.png 0.999368 0.00523468 -0.0351638 0.0385624 -0.00536927 0.999979 -0.00373412 0.00472003 0.0351435 0.00392057 0.999375 -0.0174993 0.0 0.0 0.0 1.0
office/seq-01/color/frame-000137.color.png office/seq-01/color/frame-000139.color.png 0.999339 0.00766904 -0.035534 0.0470992 -0.00785946 0.999956 -0.00522221 0.00336525 0.0354925 0.00549804 0.999355 -0.01966 0.0 0.0 0.0 1.0
office/seq-01/color/frame-000139.color.png office/seq-01/color/frame-000141.color.png 0.999199 0.0174611 -0.0360158 0.0506431 -0.0179042 0.999767 -0.0120192 0.013547 0.0357976 0.0126545 0.999279 -0.0290506 0.0 0.0 0.0 1.0
office/seq-01/color/frame-000141.color.png office/seq-01/color/frame-000143.color.png 0.999742 0.00797727 -0.0212567 0.0367166 -0.0080439 0.999963 -0.00305233 0.0121823 0.0212316 0.00322241 0.999769 -0.0115954 0.0 0.0 0.0 1.0
office/seq-01/color/frame-000143.color.png office/seq-01/color/frame-000145.color.png 0.999493 0.0193872 -0.0252458 0.0468521 -0.0191295 0.999763 0.0104089 0.0115297 0.0254415 -0.00992067 0.999627 -0.0228676 0.0 0.0 0.0 1.0
office/seq-01/color/frame-000145.color.png office/seq-01/color/frame-000147.color.png 0.999414 0.024834 -0.0235499 0.0489072 -0.0245162 0.999606 0.0136893 0.0124815 0.0238806 -0.0131039 0.999629 -0.0249587 0.0 0.0 0.0 1.0
office/seq-01/color/frame-000147.color.png office/seq-01/color/frame-000149.color.png 0.999679 0.014996 -0.0204014 0.0411928 -0.0146093 0.999713 0.0189693 -0.0046767 0.02068 -0.0186652 0.999612 -0.0186866 0.0 0.0 0.0 1.0
office/seq-01/color/frame-000149.color.png office/seq-01/color/frame-000151.color.png 0.999478 -0.0069615 -0.031541 0.0351993 0.00708945 0.999967 0.00394758 -0.0252559 0.0315125 -0.00416916 0.999495 -0.0141603 0.0 0.0 0.0 1.0
office/seq-01/color/frame-000151.color.png office/seq-01/color/frame-000153.color.png 0.999534 -0.0130843 -0.0275698 0.0404015 0.0128093 0.999867 -0.0101224 -0.0120004 0.0276984 0.0097646 0.999569 -0.0141823 0.0 0.0 0.0 1.0
office/seq-01/color/frame-000153.color.png office/seq-01/color/frame-000155.color.png 0.999753 -0.00860369 -0.0204685 0.0536752 0.00880409 0.999914 0.00971529 -0.0180244 0.0203833 -0.00989313 0.999743 -0.0143077 0.0 0.0 0.0 1.0
office/seq-01/color/frame-000155.color.png office/seq-01/color/frame-000157.color.png 0.999776 -0.00528951 -0.020515 0.0386153 0.00525398 0.999985 -0.00178152 -0.00609043 0.0205239 0.00167336 0.999788 -0.00492081 0.0 0.0 0.0 1.0
office/seq-01/color/frame-000157.color.png office/seq-01/color/frame-000159.color.png 0.999897 0.0107553 -0.00951153 0.0318735 -0.0108068 0.999927 -0.00538672 0.0153926 0.0094531 0.00548898 0.99994 0.00732186 0.0 0.0 0.0 1.0
office/seq-01/color/frame-000159.color.png office/seq-01/color/frame-000161.color.png 0.999873 0.0148826 0.00572286 0.0257838 -0.0148586 0.999881 -0.00423366 0.0136445 -0.00578522 0.00414806 0.999975 0.00401658 0.0 0.0 0.0 1.0
office/seq-01/color/frame-000161.color.png office/seq-01/color/frame-000163.color.png 0.999947 0.00245008 -0.00996357 0.0215465 -0.00237168 0.999966 0.00786461 -0.0145207 0.00998248 -0.00784048 0.999919 -0.00317812 0.0 0.0 0.0 1.0
office/seq-01/color/frame-000163.color.png office/seq-01/color/frame-000165.color.png 0.999929 0.00462038 -0.0109431 0.0301583 -0.00460092 0.999988 0.00180922 0.00373399 0.0109514 -0.0017588 0.999939 -0.00015828 0.0 0.0 0.0 1.0
office/seq-01/color/frame-000165.color.png office/seq-01/color/frame-000167.color.png 0.99961 0.00301895 -0.0277516 0.0578672 -0.00332026 0.999936 -0.0108201 0.0356984 0.0277172 0.010908 0.999556 0.0314889 0.0 0.0 0.0 1.0
office/seq-01/color/frame-000167.color.png office/seq-01/color/frame-000169.color.png 0.999853 0.0169567 0.00240289 0.0265557 -0.0169632 0.999852 0.00269742 0.00613785 -0.00235685 -0.00273774 0.999993 0.0134361 0.0 0.0 0.0 1.0
office/seq-01/color/frame-000169.color.png office/seq-01/color/frame-000171.color.png 0.999918 0.00437463 -0.0120753 0.0311884 -0.00439916 0.999988 -0.00200848 0.00965279 0.0120663 0.00206142 0.999925 0.0103007 0.0 0.0 0.0 1.0
office/seq-01/color/frame-000171.color.png office/seq-01/color/frame-000173.color.png 0.999945 0.0098277 0.00355318 0.0236914 -0.00981033 0.99994 -0.00490772 0.0126452 -0.0036012 0.00487263 0.999982 0.0287738 0.0 0.0 0.0 1.0
office/seq-01/color/frame-000173.color.png office/seq-01/color/frame-000175.color.png 0.999973 0.0061565 0.00409486 0.014773 -0.0062208 0.999854 0.0158882 -0.0222049 -0.0039966 -0.0159133 0.999865 0.0244321 0.0 0.0 0.0 1.0
office/seq-01/color/frame-000175.color.png office/seq-01/color/frame-000177.color.png 0.999988 -0.00413578 -0.00257981 0.0204288 0.00416374 0.999932 0.010914 -0.0105387 0.00253465 -0.0109247 0.999937 0.0282072 0.0 0.0 0.0 1.0
office/seq-01/color/frame-000177.color.png office/seq-01/color/frame-000179.color.png 0.999994 0.00338085 0.00118024 0.024807 -0.0033811 0.999994 0.00019785 -0.00767386 -0.00117963 -0.000201783 0.999999 0.0353481 0.0 0.0 0.0 1.0
office/seq-01/color/frame-000179.color.png office/seq-01/color/frame-000181.color.png 0.999973 -0.00691467 0.00266897 0.00785255 0.00685426 0.999734 0.0220256 -0.0397431 -0.00282054 -0.0220067 0.999754 0.00408363 0.0 0.0 0.0 1.0
office/seq-01/color/frame-000181.color.png office/seq-01/color/frame-000183.color.png 0.99994 -0.00373564 -0.0102825 0.024824 0.00381821 0.999961 0.00801851 -0.00318682 0.0102521 -0.00805729 0.999915 0.0113783 0.0 0.0 0.0 1.0
office/seq-01/color/frame-000183.color.png office/seq-01/color/frame-000185.color.png 0.999982 0.00603673 -0.000232004 0.0183975 -0.00603523 0.999962 0.0062431 -0.00569892 0.000269649 -0.00624158 0.999981 0.0256243 0.0 0.0 0.0 1.0
office/seq-01/color/frame-000185.color.png office/seq-01/color/frame-000187.color.png 0.999982 -0.00194067 -0.00567529 0.0205134 0.00196208 0.999991 0.00375812 -0.00907481 0.00566798 -0.00376916 0.999977 0.0102835 0.0 0.0 0.0 1.0
office/seq-01/color/frame-000187.color.png office/seq-01/color/frame-000189.color.png 0.999974 0.00286871 -0.00667461 0.0233067 -0.00290969 0.999977 -0.00613959 0.00589335 0.00665688 0.00615888 0.999959 0.0249968 0.0 0.0 0.0 1.0
office/seq-01/color/frame-000189.color.png office/seq-01/color/frame-000191.color.png 0.999733 0.00738715 -0.0218903 0.0418054 -0.00698713 0.999808 0.0182969 -0.0345044 0.0220214 -0.0181391 0.999593 0.0276403 0.0 0.0 0.0 1.0
office/seq-01/color/frame-000191.color.png office/seq-01/color/frame-000193.color.png 0.999835 0.00913447 -0.0156656 0.0336131 -0.0092515 0.99993 -0.00741526 0.0179386 0.0155967 0.00755899 0.99985 0.00420523 0.0 0.0 0.0 1.0
office/seq-01/color/frame-000193.color.png office/seq-01/color/frame-000195.color.png 0.999822 0.00478226 -0.0182769 0.0275999 -0.00466509 0.999968 0.00644935 -0.0131915 0.0183072 -0.00636295 0.999812 -0.00294864 0.0 0.0 0.0 1.0
office/seq-01/color/frame-000195.color.png office/seq-01/color/frame-000197.color.png 0.999669 0.00194325 -0.0256625 0.0406997 -0.00197398 0.999997 -0.00117397 0.00476807 0.0256601 0.00122423 0.99967 -0.00486797 0.0 0.0 0.0 1.0
office/seq-01/color/frame-000197.color.png office/seq-01/color/frame-000199.color.png 0.999773 0.0120417 -0.0175889 0.0321242 -0.0119432 0.999913 0.00569117 -0.00167835 0.0176559 -0.00547976 0.999829 -0.00563502 0.0 0.0 0.0 1.0
office/seq-01/color/frame-000199.color.png office/seq-01/color/frame-000201.color.png 0.999776 -0.00118435 -0.0211523 0.0324293 0.00138426 0.999954 0.00944326 -0.0134791 0.02114 -0.00947043 0.999732 -0.00126207 0.0 0.0 0.0 1.0
office/seq-01/color/frame-000201.color.png office/seq-01/color/frame-000203.color.png 0.999795 0.00275642 -0.0200515 0.0300139 -0.00270622 0.999993 0.00252388 -0.00517339 0.0200583 -0.00246909 0.999796 0.000606894 0.0 0.0 0.0 1.0
office/seq-01/color/frame-000203.color.png office/seq-01/color/frame-000205.color.png 0.999927 0.00788041 -0.00915244 0.0027411 -0.00778592 0.999916 0.0103166 -0.0135852 0.00923298 -0.0102446 0.999905 -0.0018276 0.0 0.0 0.0 1.0
office/seq-01/color/frame-000205.color.png office/seq-01/color/frame-000207.color.png 0.99959 0.00425353 -0.028315 0.038368 -0.00435955 0.999984 -0.00368227 0.0114315 0.0282989 0.00380419 0.999592 -0.0167767 0.0 0.0 0.0 1.0
office/seq-01/color/frame-000207.color.png office/seq-01/color/frame-000209.color.png 0.999772 0.006855 -0.0202281 0.0273827 -0.00692552 0.99997 -0.00341448 0.000413179 0.0202042 0.0035538 0.99979 -0.00717425 0.0 0.0 0.0 1.0
office/seq-01/color/frame-000209.color.png office/seq-01/color/frame-000211.color.png 0.999869 0.00201932 -0.0160537 0.0114625 -0.00193718 0.999985 0.00512835 -0.00573152 0.0160637 -0.00509656 0.999858 -0.00594103 0.0 0.0 0.0 1.0
office/seq-01/color/frame-000211.color.png office/seq-01/color/frame-000213.color.png 0.999876 0.00846074 -0.0132371 0.0165378 -0.00859715 0.99991 -0.0102806 0.0158132 0.0131489 0.0103931 0.99986 0.00364769 0.0 0.0 0.0 1.0
office/seq-01/color/frame-000213.color.png office/seq-01/color/frame-000215.color.png 0.999913 0.00900827 -0.00964045 0.0057205 -0.0090284 0.999957 -0.00203882 0.00698763 0.0096216 0.00212572 0.999951 0.00109112 0.0 0.0 0.0 1.0
office/seq-01/color/frame-000215.color.png office/seq-01/color/frame-000217.color.png 0.999665 0.0112858 -0.0232775 0.0245091 -0.0109294 0.999822 0.0153745 -0.0209664 0.023447 -0.015115 0.999611 -0.000654697 0.0 0.0 0.0 1.0
office/seq-01/color/frame-000217.color.png office/seq-01/color/frame-000219.color.png 0.999938 0.00887265 -0.00674476 -0.00142467 -0.00881003 0.999918 0.0092815 -0.00406045 0.00682652 -0.0092215 0.999934 -0.000410438 0.0 0.0 0.0 1.0
office/seq-01/color/frame-000219.color.png office/seq-01/color/frame-000221.color.png 0.99988 0.00772779 -0.0134356 -0.00446689 -0.00774832 0.999969 -0.00147501 0.00517875 0.0134237 0.00157896 0.999909 0.00402331 0.0 0.0 0.0 1.0
office/seq-01/color/frame-000221.color.png office/seq-01/color/frame-000223.color.png 0.999909 0.00681217 -0.0116884 -0.00756681 -0.00670401 0.999935 0.00926415 -0.0186226 0.0117507 -0.00918494 0.999889 -0.0188798 0.0 0.0 0.0 1.0
office/seq-01/color/frame-000223.color.png office/seq-01/color/frame-000225.color.png 0.999787 -0.0048633 -0.0200627 0.000946879 0.00502718 0.999954 0.00812454 -0.0200922 0.0200223 -0.00822367 0.999766 -0.0152 0.0 0.0 0.0 1.0
office/seq-01/color/frame-000225.color.png office/seq-01/color/frame-000227.color.png 0.999707 0.0068581 -0.0231963 -0.00460732 -0.00712725 0.999908 -0.0115429 0.0127537 0.0231151 0.0117049 0.999664 -0.0161991 0.0 0.0 0.0 1.0
office/seq-01/color/frame-000227.color.png office/seq-01/color/frame-000229.color.png 0.999809 0.000590577 -0.0195344 -0.00543392 -0.000446526 0.999973 0.00738121 -0.0161456 0.0195382 -0.00737109 0.999782 -0.0332067 0.0 0.0 0.0 1.0
office/seq-01/color/frame-000229.color.png office/seq-01/color/frame-000231.color.png 0.999734 0.00398418 -0.0227343 0.0040555 -0.00374545 0.999938 0.0105331 -0.0160454 0.0227748 -0.0104451 0.999686 -0.0220191 0.0 0.0 0.0 1.0
office/seq-01/color/frame-000231.color.png office/seq-01/color/frame-000233.color.png 0.999452 -0.00107303 -0.033076 0.00467932 0.00152541 0.999906 0.0136549 -0.0178411 0.0330582 -0.0136979 0.999359 -0.0449784 0.0 0.0 0.0 1.0
office/seq-01/color/frame-000233.color.png office/seq-01/color/frame-000235.color.png 0.999779 0.00566191 -0.0202497 -0.00435662 -0.00555201 0.999969 0.00548139 0.00801879 0.0202801 -0.00536771 0.99978 -0.0178773 0.0 0.0 0.0 1.0
office/seq-01/color/frame-000235.color.png office/seq-01/color/frame-000237.color.png 0.999805 0.00774584 -0.0181548 -0.00242031 -0.00766683 0.999961 0.00441085 -0.00121069 0.0181883 -0.00427085 0.999826 -0.021778 0.0 0.0 0.0 1.0
office/seq-01/color/frame-000237.color.png office/seq-01/color/frame-000239.color.png 0.999394 0.00547707 -0.0343883 0.00603139 -0.00502876 0.999902 0.01311 -0.00680566 0.0344567 -0.0129291 0.999323 -0.0451415 0.0 0.0 0.0 1.0
office/seq-01/color/frame-000239.color.png office/seq-01/color/frame-000241.color.png 0.999779 0.00532766 -0.0203432 0.00769687 -0.00533833 0.999986 -0.000465651 0.011198 0.0203405 0.000574155 0.999793 -0.0234379 0.0 0.0 0.0 1.0
office/seq-01/color/frame-000241.color.png office/seq-01/color/frame-000243.color.png 0.999566 0.00816996 -0.0282888 -0.00817835 -0.00795825 0.99994 0.0075858 0.00324625 0.0283491 -0.00735738 0.999571 -0.0382404 0.0 0.0 0.0 1.0
office/seq-01/color/frame-000243.color.png office/seq-01/color/frame-000245.color.png 0.999683 0.0026238 -0.0250217 -0.0053674 -0.00237153 0.999946 0.0101046 -0.00740242 0.0250469 -0.010042 0.999636 -0.0253099 0.0 0.0 0.0 1.0
office/seq-01/color/frame-000245.color.png office/seq-01/color/frame-000247.color.png 0.999354 -3.26498e-06 -0.0359349 -0.00070703 -1.07925e-05 1.0 -0.000387857 0.00440496 0.0359349 0.000388009 0.999354 -0.0390224 0.0 0.0 0.0 1.0
office/seq-01/color/frame-000247.color.png office/seq-01/color/frame-000249.color.png 0.999691 0.00287108 -0.024673 -0.00142121 -0.0029089 0.999995 -0.00150007 0.00640672 0.0246685 0.00157137 0.999694 -0.0215163 0.0 0.0 0.0 1.0
office/seq-01/color/frame-000249.color.png office/seq-01/color/frame-000251.color.png 0.999578 -0.00579212 -0.0284593 -0.00622118 0.00595119 0.999967 0.00551223 -0.00944018 0.0284265 -0.00567929 0.99958 -0.0372252 0.0 0.0 0.0 1.0
office/seq-01/color/frame-000251.color.png office/seq-01/color/frame-000253.color.png 0.999673 0.000897059 -0.0255701 -0.0135616 -0.000809697 0.999994 0.00342589 -0.00412774 0.025573 -0.00340405 0.999667 -0.0253484 0.0 0.0 0.0 1.0
office/seq-01/color/frame-000253.color.png office/seq-01/color/frame-000255.color.png 0.999776 -0.00486063 -0.0206148 -0.00714618 0.00496009 0.999976 0.0047765 -0.0217577 0.0205911 -0.00487768 0.999776 -0.0266989 0.0 0.0 0.0 1.0
office/seq-01/color/frame-000255.color.png office/seq-01/color/frame-000257.color.png 0.998986 -0.00995009 -0.0439187 0.00984985 0.0100764 0.999946 0.00265557 -0.0130749 0.0438899 -0.00309543 0.999032 -0.0565364 0.0 0.0 0.0 1.0
office/seq-01/color/frame-000257.color.png office/seq-01/color/frame-000259.color.png 0.999211 -0.00125997 -0.0396942 0.010479 0.00162266 0.999957 0.00910754 -0.0105652 0.039681 -0.00916477 0.99917 -0.0538243 0.0 0.0 0.0 1.0
office/seq-01/color/frame-000259.color.png office/seq-01/color/frame-000261.color.png 0.999842 0.00483151 -0.0171127 0.0119714 -0.00486919 0.999986 -0.00216691 0.0198027 0.017102 0.00224993 0.999851 -0.0424137 0.0 0.0 0.0 1.0
office/seq-01/color/frame-000261.color.png office/seq-01/color/frame-000263.color.png 0.999157 0.0179029 -0.0369342 0.00155038 -0.0179671 0.999838 -0.00141026 0.0171152 0.0369029 0.00207264 0.999317 -0.0275043 0.0 0.0 0.0 1.0
office/seq-01/color/frame-000263.color.png office/seq-01/color/frame-000265.color.png 0.999812 0.00280195 -0.0191804 -0.000896752 -0.00275913 0.999994 0.00226127 0.0122622 0.0191865 -0.00220792 0.999813 -0.0254477 0.0 0.0 0.0 1.0
office/seq-01/color/frame-000265.color.png office/seq-01/color/frame-000267.color.png 0.999549 0.00783495 -0.0290015 0.00552195 -0.00775332 0.999966 0.0029308 0.0168917 0.0290236 -0.00270465 0.999575 -0.0409218 0.0 0.0 0.0 1.0
office/seq-01/color/frame-000267.color.png office/seq-01/color/frame-000269.color.png 0.999751 0.00768497 -0.0209442 0.000964463 -0.00774204 0.999967 -0.00265126 0.0196187 0.0209232 0.00281279 0.999777 -0.0269217 0.0 0.0 0.0 1.0
office/seq-01/color/frame-000269.color.png office/seq-01/color/frame-000271.color.png 0.999621 0.00969436 -0.025765 -0.0103414 -0.00959795 0.999947 0.00386054 0.0110805 0.0258011 -0.0036118 0.999661 -0.0434662 0.0 0.0 0.0 1.0
office/seq-01/color/frame-000271.color.png office/seq-01/color/frame-000273.color.png 0.999884 8.9885e-05 -0.0152481 -0.00786901 -9.91577e-06 0.999986 0.00524309 0.00991482 0.0152484 -0.00524234 0.99987 -0.0273966 0.0 0.0 0.0 1.0
office/seq-01/color/frame-000273.color.png office/seq-01/color/frame-000275.color.png 0.999947 0.00761814 -0.00694222 -0.0246279 -0.00762529 0.99997 -0.000982904 0.0154404 0.00693446 0.00103578 0.999976 -0.0486672 0.0 0.0 0.0 1.0
office/seq-01/color/frame-000275.color.png office/seq-01/color/frame-000277.color.png 0.999928 0.00711628 -0.0096866 -0.0161813 -0.00703782 0.999942 0.00809246 -0.00162941 0.00974367 -0.00802368 0.99992 -0.0250623 0.0 0.0 0.0 1.0
office/seq-01/color/frame-000277.color.png office/seq-01/color/frame-000279.color.png 0.99999 -0.00359428 -0.00274844 -0.0377213 0.00359772 0.999993 0.00124406 0.00534213 0.00274398 -0.00125391 0.999995 -0.0234972 0.0 0.0 0.0 1.0
office/seq-01/color/frame-000279.color.png office/seq-01/color/frame-000281.color.png 0.999996 0.00232365 0.00149856 -0.0191013 -0.00232859 0.999992 0.00333522 0.00130618 -0.00149085 -0.00333871 0.999993 -0.0147806 0.0 0.0 0.0 1.0
office/seq-01/color/frame-000281.color.png office/seq-01/color/frame-000283.color.png 0.999935 0.00656962 0.00935748 -0.0364313 -0.00650301 0.999954 -0.00712211 0.023211 -0.00940381 0.00706079 0.999931 -0.010872 0.0 0.0 0.0 1.0
office/seq-01/color/frame-000283.color.png office/seq-01/color/frame-000285.color.png 0.999971 -0.000972197 0.00757175 -0.0210344 0.000962199 0.999999 0.00132469 0.006015 -0.00757308 -0.00131733 0.99997 -0.0130833 0.0 0.0 0.0 1.0
office/seq-01/color/frame-000285.color.png office/seq-01/color/frame-000287.color.png 0.999992 0.00141504 0.00366015 -0.0217059 -0.00141187 0.999999 -0.000863263 0.011656 -0.00366133 0.000858064 0.999993 -0.00927532 0.0 0.0 0.0 1.0
office/seq-01/color/frame-000287.color.png office/seq-01/color/frame-000289.color.png 0.999951 0.00778457 0.00604481 -0.0260586 -0.00776282 0.999963 -0.00361291 0.0146546 -0.00607271 0.00356582 0.999975 -0.0290705 0.0 0.0 0.0 1.0
office/seq-01/color/frame-000289.color.png office/seq-01/color/frame-000291.color.png 0.999994 0.00353368 -0.000465126 -0.0151757 -0.00353498 0.99999 -0.00268596 0.0223989 0.000455648 0.00268755 0.999996 -0.00793862 0.0 0.0 0.0 1.0
office/seq-01/color/frame-000291.color.png office/seq-01/color/frame-000293.color.png 0.999997 0.00079446 0.0023869 -0.018341 -0.000770025 0.999948 -0.0102175 0.0156983 -0.00239493 0.0102156 0.999945 -0.0174439 0.0 0.0 0.0 1.0
office/seq-01/color/frame-000293.color.png office/seq-01/color/frame-000295.color.png 0.999962 0.00860754 -0.00128169 -0.0226299 -0.00861086 0.999959 -0.00263788 0.0246774 0.00125902 0.0026488 0.999995 -0.0218887 0.0 0.0 0.0 1.0
office/seq-01/color/frame-000295.color.png office/seq-01/color/frame-000297.color.png 0.999996 0.00284725 -0.000607156 -0.022471 -0.00284835 0.999994 -0.00172647 0.00111341 0.000602242 0.00172821 0.999998 -0.0258337 0.0 0.0 0.0 1.0
office/seq-01/color/frame-000297.color.png office/seq-01/color/frame-000299.color.png 0.999976 0.0068994 -0.000428037 -0.0112197 -0.00689792 0.99997 0.00346903 0.0111606 0.000452004 -0.00346599 0.999994 -0.0192653 0.0 0.0 0.0 1.0
office/seq-01/color/frame-000299.color.png office/seq-01/color/frame-000301.color.png 0.999963 0.00571716 -0.00649344 -0.0247609 -0.00569624 0.999978 0.00323562 0.0130646 0.00651171 -0.00319851 0.999974 -0.0362558 0.0 0.0 0.0 1.0
office/seq-01/color/frame-000301.color.png office/seq-01/color/frame-000303.color.png 0.999923 -0.0046902 -0.0115102 -0.0118126 0.00478563 0.999954 0.00827223 0.00867096 0.011471 -0.00832667 0.999899 -0.0288687 0.0 0.0 0.0 1.0
office/seq-01/color/frame-000303.color.png office/seq-01/color/frame-000305.color.png 0.99998 0.00407084 -0.00473486 -0.0176986 -0.0040792 0.99999 -0.0017449 0.00776279 0.00472767 0.00176413 0.999987 -0.0220399 0.0 0.0 0.0 1.0
office/seq-01/color/frame-000305.color.png office/seq-01/color/frame-000307.color.png 0.999986 0.00315332 -0.00431623 -0.0139461 -0.00314098 0.999991 0.00285179 0.00945407 0.00432524 -0.00283819 0.999987 -0.0183867 0.0 0.0 0.0 1.0
office/seq-01/color/frame-000307.color.png office/seq-01/color/frame-000309.color.png 0.999996 0.00151848 -0.00249974 -0.0287749 -0.00152914 0.99999 -0.00426432 0.0215311 0.00249324 0.00426816 0.999988 -0.024024 0.0 0.0 0.0 1.0
office/seq-01/color/frame-000309.color.png office/seq-01/color/frame-000311.color.png 0.999997 -0.000422521 0.00229287 -0.0220707 0.000427781 0.999997 -0.00231805 0.00237024 -0.00229193 0.002319 0.999995 -0.0198569 0.0 0.0 0.0 1.0
office/seq-01/color/frame-000311.color.png office/seq-01/color/frame-000313.color.png 0.999985 -0.00536815 0.00110892 -0.0194107 0.00536399 0.999979 0.0036935 0.00828236 -0.00112868 -0.00368745 0.999992 -0.0214224 0.0 0.0 0.0 1.0
office/seq-01/color/frame-000313.color.png office/seq-01/color/frame-000315.color.png 0.999972 -0.00603281 -0.00444521 -0.013681 0.00601777 0.999976 -0.00338615 0.0117787 0.00446551 0.00335926 0.999985 -0.0117427 0.0 0.0 0.0 1.0
office/seq-01/color/frame-000315.color.png office/seq-01/color/frame-000317.color.png 0.999957 -0.00841641 0.00380369 -0.0131065 0.00845756 0.999905 -0.0108891 0.0256679 -0.00371169 0.0109209 0.999933 -0.017473 0.0 0.0 0.0 1.0
office/seq-01/color/frame-000317.color.png office/seq-01/color/frame-000319.color.png 0.999993 0.00256792 -0.00276735 -0.00959298 -0.00259256 0.999957 -0.00887455 0.0160914 0.00274447 0.00888159 0.999957 -0.0132612 0.0 0.0 0.0 1.0
office/seq-01/color/frame-000319.color.png office/seq-01/color/frame-000321.color.png 0.999912 -0.0118544 0.00596363 -0.0262519 0.0119862 0.999673 -0.0225824 0.0224591 -0.00569399 0.0226519 0.999727 -0.0155104 0.0 0.0 0.0 1.0
office/seq-01/color/frame-000321.color.png office/seq-01/color/frame-000323.color.png 0.999898 -0.00797154 0.0118281 -0.0182129 0.00798315 0.999968 -0.000929014 0.00914353 -0.0118204 0.00102332 0.99993 -0.0196582 0.0 0.0 0.0 1.0
office/seq-01/color/frame-000323.color.png office/seq-01/color/frame-000325.color.png 0.999878 -0.0122354 0.00968235 -0.00902892 0.0122371 0.999925 -0.000108762 0.0109974 -0.00968019 0.000227289 0.999953 -0.0137696 0.0 0.0 0.0 1.0
office/seq-01/color/frame-000325.color.png office/seq-01/color/frame-000327.color.png 0.999881 -0.00838568 0.0129369 -0.0221858 0.00843041 0.999959 -0.00340012 0.00525633 -0.0129078 0.00350874 0.99991 -0.0039798 0.0 0.0 0.0 1.0
office/seq-01/color/frame-000327.color.png office/seq-01/color/frame-000329.color.png 0.999233 -0.0172347 0.0351619 -0.0127695 0.017428 0.999835 -0.00520347 0.015472 -0.0350664 0.00581229 0.999368 -0.0318834 0.0 0.0 0.0 1.0
office/seq-01/color/frame-000329.color.png office/seq-01/color/frame-000331.color.png 0.999626 -0.0148343 0.0229742 -0.0124645 0.0147786 0.999887 0.00259496 0.0154843 -0.0230101 -0.0022545 0.999733 -0.0141543 0.0 0.0 0.0 1.0
office/seq-01/color/frame-000331.color.png office/seq-01/color/frame-000333.color.png 0.997875 -0.0218064 0.0614068 -0.0223451 0.0224019 0.999708 -0.00902609 0.0243837 -0.0611921 0.0103825 0.998072 -0.0452693 0.0 0.0 0.0 1.0
office/seq-01/color/frame-000333.color.png office/seq-01/color/frame-000335.color.png 0.999459 0.00392623 0.0326442 -0.0135389 -0.00407806 0.999981 0.0045889 0.00567898 -0.0326255 -0.00471953 0.999456 -0.0213506 0.0 0.0 0.0 1.0
office/seq-01/color/frame-000335.color.png office/seq-01/color/frame-000337.color.png 0.999441 -0.00044514 0.033431 -0.0117731 0.000376157 0.999998 0.00206959 0.00707665 -0.0334319 -0.00205588 0.999439 -0.0216583 0.0 0.0 0.0 1.0
office/seq-01/color/frame-000337.color.png office/seq-01/color/frame-000339.color.png 0.998375 -0.00912209 0.0562478 -0.0354714 0.00986645 0.999867 -0.0129709 0.0192002 -0.056122 0.0135048 0.998333 -0.0506377 0.0 0.0 0.0 1.0
office/seq-01/color/frame-000339.color.png office/seq-01/color/frame-000341.color.png 0.999347 -0.00669966 0.0355078 -0.0112231 0.00691099 0.999959 -0.00583188 0.00634938 -0.0354672 0.00607348 0.999352 -0.0253413 0.0 0.0 0.0 1.0
office/seq-01/color/frame-000341.color.png office/seq-01/color/frame-000343.color.png 0.999493 0.00160076 0.031798 -0.0115881 -0.00159574 0.999999 -0.000183439 -0.00494444 -0.0317982 0.000132585 0.999494 -0.0245016 0.0 0.0 0.0 1.0
office/seq-01/color/frame-000343.color.png office/seq-01/color/frame-000345.color.png 0.99969 -0.00899912 0.0232218 -0.00907176 0.00901325 0.999959 -0.000507074 0.00987738 -0.0232163 0.000716248 0.99973 -0.00899231 0.0 0.0 0.0 1.0
office/seq-01/color/frame-000345.color.png office/seq-01/color/frame-000347.color.png 0.999582 -0.00454359 0.0285558 -0.0108982 0.00474526 0.999964 -0.00699575 0.00874895 -0.028523 0.00712832 0.999568 -0.0145991 0.0 0.0 0.0 1.0
office/seq-01/color/frame-000347.color.png office/seq-01/color/frame-000349.color.png 0.999706 -0.00331827 0.0240288 -0.0127844 0.00327723 0.999993 0.00174164 0.00688851 -0.0240344 -0.00166237 0.99971 -0.0128211 0.0 0.0 0.0 1.0
office/seq-01/color/frame-000349.color.png office/seq-01/color/frame-000351.color.png 0.999716 -0.00308586 0.023616 -0.0115743 0.00302485 0.999992 0.00261912 -0.00329375 -0.0236238 -0.00254695 0.999718 -0.00512689 0.0 0.0 0.0 1.0
