office/seq-01/color/frame-000000.color.png office/seq-01/color/frame-000001.color.png 0.999999 -0.000553817 0.000955165 -0.000729512 0.00055479 0.999999 -0.001019 -0.000457278 -0.0009546 0.00101953 0.999999 0.00153079 0.0 0.0 0.0 1.0
office/seq-01/color/frame-000001.color.png office/seq-01/color/frame-000002.color.png 0.999998 -0.00153462 -0.000942787 0.000479434 0.00153287 0.999997 -0.00185137 0.00177731 0.000945625 0.00184992 0.999998 -0.000976558 0.0 0.0 0.0 1.0
office/seq-01/color/frame-000002.color.png office/seq-01/color/frame-000003.color.png 1.0 -0.00044222 0.000862387 -0.00234734 0.000441379 0.999999 0.000974716 0.000912301 -0.000862817 -0.000974335 0.999999 0.000916955 0.0 0.0 0.0 1.0
office/seq-01/color/frame-000003.color.png office/seq-01/color/frame-000004.color.png 0.999998 -0.00187729 5.72237e-05 0.000935872 0.00187716 0.999996 0.00210128 -0.00100398 -6.11682e-05 -0.00210117 0.999998 0.00153931 0.0 0.0 0.0 1.0
office/seq-01/color/frame-000004.color.png office/seq-01/color/frame-000005.color.png 0.999999 -0.00107626 -0.000244761 -0.00206575 0.00107627 0.999999 4.70168e-05 0.00123952 0.00024471 -4.72802e-05 1.0 0.000999618 0.0 0.0 0.0 1.0
office/seq-01/color/frame-000005.color.png office/seq-01/color/frame-000006.color.png 0.999999 -0.000513673 -0.0014952 -0.00109402 0.000517015 0.999997 0.00223578 0.000351494 0.00149405 -0.00223655 0.999996 0.00208081 0.0 0.0 0.0 1.0
office/seq-01/color/frame-000006.color.png office/seq-01/color/frame-000007.color.png 0.999996 -0.00168322 -0.00203702 0.00129318 0.00168916 0.999994 0.00291787 0.00102515 0.0020321 -0.0029213 0.999994 0.00208422 0.0 0.0 0.0 1.0
office/seq-01/color/frame-000007.color.png office/seq-01/color/frame-000008.color.png 0.999998 -0.00218182 -0.000105357 0.000719012 0.00218236 0.999983 0.00542076 -0.00220319 9.3528e-05 -0.00542098 0.999985 0.00214804 0.0 0.0 0.0 1.0
office/seq-01/color/frame-000008.color.png office/seq-01/color/frame-000009.color.png 0.99999 -0.00361914 0.00269346 -0.00216833 0.00360563 0.999981 0.00500643 -0.00257392 -0.00271152 -0.00499667 0.999984 0.00304555 0.0 0.0 0.0 1.0
office/seq-01/color/frame-000009.color.png office/seq-01/color/frame-000010.color.png 0.999992 -0.00361861 0.00171634 -0.00153475 0.00361372 0.999989 0.00284292 -0.00182858 -0.00172661 -0.00283669 0.999995 0.00355639 0.0 0.0 0.0 1.0
office/seq-01/color/frame-000010.color.png office/seq-01/color/frame-000011.color.png 0.999997 -0.00243723 0.000928145 -0.00116901 0.00243514 0.999995 0.00225289 -0.00152845 -0.000933631 -0.00225063 0.999997 0.00374021 0.0 0.0 0.0 1.0
office/seq-01/color/frame-000011.color.png office/seq-01/color/frame-000012.color.png 0.999993 -0.00348378 0.00151284 -0.000976719 0.00348129 0.999993 0.00164759 -0.00239839 -0.00151857 -0.00164231 0.999997 0.0013903 0.0 0.0 0.0 1.0
office/seq-01/color/frame-000012.color.png office/seq-01/color/frame-000013.color.png 0.999986 -0.00497838 0.00171431 -0.0013119 0.00497473 0.999985 0.00212546 -0.000993848 -0.00172487 -0.0021169 0.999996 0.00255807 0.0 0.0 0.0 1.0
office/seq-01/color/frame-000013.color.png office/seq-01/color/frame-000014.color.png 0.999983 -0.00546877 0.00177108 -0.00217973 0.00546327 0.99998 0.0030982 -0.00275022 -0.00178799 -0.00308848 0.999994 0.00612238 0.0 0.0 0.0 1.0
office/seq-01/color/frame-000014.color.png office/seq-01/color/frame-000015.color.png 0.999984 -0.00535021 0.00180443 -0.00205173 0.00534849 0.999985 0.000954933 -0.000623322 -0.00180951 -0.000945273 0.999998 0.00338895 0.0 0.0 0.0 1.0
office/seq-01/color/frame-000015.color.png office/seq-01/color/frame-000016.color.png 0.999994 -0.0030492 0.00152988 -0.00450136 0.00304494 0.999992 0.00277384 -0.0017936 -0.00153833 -0.00276916 0.999995 0.00293213 0.0 0.0 0.0 1.0
office/seq-01/color/frame-000016.color.png office/seq-01/color/frame-000017.color.png 0.999986 -0.00487154 -0.0019672 0.00102448 0.0048783 0.999982 0.0034408 -0.00486075 0.00195041 -0.00345035 0.999992 0.0056721 0.0 0.0 0.0 1.0
office/seq-01/color/frame-000017.color.png office/seq-01/color/frame-000018.color.png 0.999993 -0.00362354 0.00121521 -0.00324179 0.00362181 0.999992 0.00142683 -0.00449228 -0.00122037 -0.00142242 0.999998 0.00381242 0.0 0.0 0.0 1.0
office/seq-01/color/frame-000018.color.png office/seq-01/color/frame-000019.color.png 0.999998 -0.00219026 -0.00024191 0.000451058 0.00219039 0.999997 0.000528627 -0.00255075 0.000240754 -0.000529148 1.0 0.00527329 0.0 0.0 0.0 1.0
office/seq-01/color/frame-000019.color.png office/seq-01/color/frame-000020.color.png 0.999991 -0.00402565 0.00149416 -0.00427926 0.00402423 0.999992 0.000949074 -0.00306787 -0.00149797 -0.000943062 0.999998 0.00337263 0.0 0.0 0.0 1.0
office/seq-01/color/frame-000020.color.png office/seq-01/color/frame-000021.color.png 0.999992 -0.0039597 -0.000957418 0.00208075 0.00395993 0.999992 0.000237929 -0.000437835 0.000956467 -0.000241729 0.999999 0.00283252 0.0 0.0 0.0 1.0
office/seq-01/color/frame-000021.color.png office/seq-01/color/frame-000022.color.png 0.999989 -0.00342496 0.00318116 -0.00440827 0.00340988 0.999983 0.00473565 -0.00276058 -0.00319732 -0.00472474 0.999984 0.00414468 0.0 0.0 0.0 1.0
office/seq-01/color/frame-000022.color.png office/seq-01/color/frame-000023.color.png 0.999976 -0.00635625 0.00282897 -0.000390496 0.00633713 0.999957 0.00672148 -0.00601794 -0.00287157 -0.0067034 0.999973 0.0058011 0.0 0.0 0.0 1.0
office/seq-01/color/frame-000023.color.png office/seq-01/color/frame-000024.color.png 0.999979 -0.00206701 0.00611301 -0.00591148 0.00204179 0.999989 0.00412789 -0.00148597 -0.00612148 -0.00411531 0.999973 0.00573415 0.0 0.0 0.0 1.0
office/seq-01/color/frame-000024.color.png office/seq-01/color/frame-000025.color.png 0.999992 -0.00350646 0.00204309 -0.00234552 0.00349686 0.999983 0.00467789 -0.0045553 -0.00205946 -0.00467071 0.999987 0.00556651 0.0 0.0 0.0 1.0
office/seq-01/color/frame-000025.color.png office/seq-01/color/frame-000026.color.png 0.999991 -0.0042876 -0.000833626 -0.00550447 0.00429116 0.999982 0.00429626 -0.00461045 0.00081519 -0.0042998 0.99999 0.0047622 0.0 0.0 0.0 1.0
office/seq-01/color/frame-000026.color.png office/seq-01/color/frame-000027.color.png 0.999987 -0.00291909 -0.00416548 -0.00159727 0.00294241 0.99998 0.00560133 -0.00518314 0.00414905 -0.0056135 0.999976 0.00327179 0.0 0.0 0.0 1.0
office/seq-01/color/frame-000027.color.png office/seq-01/color/frame-000028.color.png 0.999983 -0.00277116 -0.00514705 0.0047757 0.00280549 0.999974 0.00667745 -0.000931393 0.00512841 -0.00669179 0.999964 0.00699417 0.0 0.0 0.0 1.0
office/seq-01/color/frame-000028.color.png office/seq-01/color/frame-000029.color.png 0.999992 -0.00186446 0.00357872 -0.00193763 0.00183298 0.99996 0.00878319 -0.00751568 -0.00359495 -0.00877657 0.999955 0.00720476 0.0 0.0 0.0 1.0
office/seq-01/color/frame-000029.color.png office/seq-01/color/frame-000030.color.png 0.999971 -0.00566688 0.00507714 0.00016439 0.00563529 0.999965 0.00621324 -0.00389704 -0.00511217 -0.00618446 0.999968 0.00614204 0.0 0.0 0.0 1.0
office/seq-01/color/frame-000030.color.png office/seq-01/color/frame-000031.color.png 0.999982 -0.00412391 0.00442055 -0.00270435 0.00409515 0.999971 0.00649213 -0.00862632 -0.00444718 -0.0064739 0.999969 0.0100856 0.0 0.0 0.0 1.0
office/seq-01/color/frame-000031.color.png office/seq-01/color/frame-000032.color.png 0.999995 0.000733489 0.00292621 -0.00545958 -0.000741491 0.999996 0.00274164 -0.0139766 -0.00292419 -0.00274378 0.999992 0.012214 0.0 0.0 0.0 1.0
office/seq-01/color/frame-000032.color.png office/seq-01/color/frame-000033.color.png 0.999988 0.00497368 9.29719e-05 0.000215739 -0.00497282 0.999958 -0.00771297 -0.00161416 -0.00013134 0.0077124 0.99997 0.00567639 0.0 0.0 0.0 1.0
office/seq-01/color/frame-000033.color.png office/seq-01/color/frame-000034.color.png 0.999996 0.0026736 0.000535525 0.00153591 -0.00267109 0.999986 -0.00457569 -0.00428305 -0.000547749 0.00457423 0.999989 0.00513802 0.0 0.0 0.0 1.0
office/seq-01/color/frame-000034.color.png office/seq-01/color/frame-000035.color.png 0.999994 0.00100695 0.00316577 0.00061268 -0.000993744 0.999991 -0.00417447 0.00211406 -0.00316994 0.00417129 0.999986 0.00270756 0.0 0.0 0.0 1.0
office/seq-01/color/frame-000035.color.png office/seq-01/color/frame-000036.color.png 0.999972 -0.00131281 0.00739287 -0.00204126 0.00131972 0.999999 -0.000930942 -0.00060685 -0.00739164 0.000940674 0.999972 0.00373428 0.0 0.0 0.0 1.0
office/seq-01/color/frame-000036.color.png office/seq-01/color/frame-000037.color.png 0.999968 -0.00452359 0.00667901 -0.00226074 0.0045051 0.999986 0.00277742 -0.00528412 -0.00669149 -0.00274724 0.999974 0.00466591 0.0 0.0 0.0 1.0
office/seq-01/color/frame-000037.color.png office/seq-01/color/frame-000038.color.png 0.999983 -0.00442825 0.00381411 -0.00260446 0.00441727 0.999986 0.00288584 -0.00217029 -0.00382684 -0.00286893 0.999989 0.00313765 0.0 0.0 0.0 1.0
office/seq-01/color/frame-000038.color.png office/seq-01/color/frame-000039.color.png 0.999992 -0.0020663 0.00336859 -0.00162258 0.00205279 0.99999 0.0040073 -0.00810853 -0.00337684 -0.00400035 0.999986 0.00844085 0.0 0.0 0.0 1.0
office/seq-01/color/frame-000039.color.png office/seq-01/color/frame-000040.color.png 0.999994 -0.000206063 0.00349754 -0.000457127 0.000205891 1.0 5.09022e-05 -0.00585023 -0.00349755 -5.01637e-05 0.999994 0.00561962 0.0 0.0 0.0 1.0
office/seq-01/color/frame-000040.color.png office/seq-01/color/frame-000041.color.png 0.999995 -0.000260521 0.0032038 -0.00243577 0.000261874 1.0 -0.000423421 -0.000943944 -0.00320371 0.000424223 0.999995 0.00393838 0.0 0.0 0.0 1.0
office/seq-01/color/frame-000041.color.png office/seq-01/color/frame-000042.color.png 0.99999 -0.0027122 0.00343323 -7.01994e-05 0.00270034 0.99999 0.00344933 -0.00287686 -0.00344254 -0.00344001 0.999988 0.00211921 0.0 0.0 0.0 1.0
office/seq-01/color/frame-000042.color.png office/seq-01/color/frame-000043.color.png 0.999982 -0.00433407 0.00415893 -0.000853095 0.00430951 0.999973 0.00589481 -0.00811056 -0.00418437 -0.00587679 0.999974 0.00942262 0.0 0.0 0.0 1.0
office/seq-01/color/frame-000043.color.png office/seq-01/color/frame-000044.color.png 0.999981 -0.00427384 0.0045256 -0.00587318 0.00427023 0.999991 0.000810018 -0.00513276 -0.00452901 -0.000790679 0.999989 0.00976999 0.0 0.0 0.0 1.0
office/seq-01/color/frame-000044.color.png office/seq-01/color/frame-000045.color.png 0.999999 -0.00160158 -0.000569909 0.00100855 0.0016016 0.999999 3.65934e-05 -0.00129275 0.000569836 -3.74838e-05 1.0 0.00159438 0.0 0.0 0.0 1.0
office/seq-01/color/frame-000045.color.png office/seq-01/color/frame-000046.color.png 1.0 0.00070672 -0.000223672 0.00364495 -0.000705849 0.999993 0.00379113 -0.00571997 0.000226347 -0.003791 0.999993 0.00577272 0.0 0.0 0.0 1.0
office/seq-01/color/frame-000046.color.png office/seq-01/color/frame-000047.color.png 0.999979 -0.00244463 0.00595694 -0.00344869 0.00242079 0.999989 0.00400663 -0.00383614 -0.00596667 -0.00399212 0.999974 0.0032542 0.0 0.0 0.0 1.0
office/seq-01/color/frame-000047.color.png office/seq-01/color/frame-000048.color.png 0.999979 -0.0031224 0.0055907 -0.00522697 0.00308228 0.99997 0.0071666 -0.00713764 -0.0056129 -0.00714921 0.999959 0.00846884 0.0 0.0 0.0 1.0
office/seq-01/color/frame-000048.color.png office/seq-01/color/frame-000049.color.png 0.999998 0.000114247 0.00181569 -0.000759777 -0.000122358 0.99999 0.0044775 -0.0122462 -0.00181516 -0.00447772 0.999988 0.0116562 0.0 0.0 0.0 1.0
office/seq-01/color/frame-000049.color.png office/seq-01/color/frame-000050.color.png 0.999992 0.00350064 0.00170417 -0.00431772 -0.00349497 0.999988 -0.00332175 -0.00673139 -0.00171579 0.00331578 0.999993 0.00776611 0.0 0.0 0.0 1.0
office/seq-01/color/frame-000050.color.png office/seq-01/color/frame-000051.color.png 0.999977 0.00659613 -0.00178719 0.00329751 -0.00660123 0.999974 -0.00286359 -0.0097293 0.00176828 0.00287528 0.999994 0.00649285 0.0 0.0 0.0 1.0
office/seq-01/color/frame-000051.color.png office/seq-01/color/frame-000052.color.png 0.999996 0.00257222 -0.000881581 0.00925091 -0.00257895 0.999967 -0.00772078 0.00556451 0.000861664 0.00772304 0.99997 0.00192492 0.0 0.0 0.0 1.0
office/seq-01/color/frame-000052.color.png office/seq-01/color/frame-000053.color.png 0.999962 -0.000766305 0.00869169 -0.00421315 0.000734556 0.999993 0.00365794 0.00036858 -0.00869441 -0.00365142 0.999956 0.00193964 0.0 0.0 0.0 1.0
office/seq-01/color/frame-000053.color.png office/seq-01/color/frame-000054.color.png 0.999957 -0.00469093 0.00794105 -0.00874547 0.00461495 0.999944 0.00955659 -0.0098813 -0.00798541 -0.00951952 0.999923 0.00801027 0.0 0.0 0.0 1.0
office/seq-01/color/frame-000054.color.png office/seq-01/color/frame-000055.color.png 0.999999 0.000114831 0.00115519 -0.00881545 -0.000122724 0.999976 0.00686034 -0.0175406 -0.0011544 -0.00686047 0.999976 0.00861731 0.0 0.0 0.0 1.0
office/seq-01/color/frame-000055.color.png office/seq-01/color/frame-000056.color.png 0.999957 0.00299644 -0.00878457 0.0059852 -0.00301455 0.999993 -0.00204692 -0.0093063 0.00877839 0.00207329 0.999959 0.00715539 0.0 0.0 0.0 1.0
office/seq-01/color/frame-000056.color.png office/seq-01/color/frame-000057.color.png 0.999941 0.00189978 -0.010696 0.0190708 -0.00194164 0.99999 -0.00390577 -0.013713 0.0106885 0.0039263 0.999935 0.00399727 0.0 0.0 0.0 1.0
office/seq-01/color/frame-000057.color.png office/seq-01/color/frame-000058.color.png 0.999984 0.00557275 0.000618257 0.00350975 -0.00556196 0.999853 -0.0162488 0.0130015 -0.000708739 0.0162451 0.999868 0.00554281 0.0 0.0 0.0 1.0
office/seq-01/color/frame-000058.color.png office/seq-01/color/frame-000059.color.png 0.999993 0.00128554 0.00347538 0.00119597 -0.00126665 0.999984 -0.00543564 0.00553596 -0.0034823 0.00543119 0.999979 0.00529245 0.0 0.0 0.0 1.0
office/seq-01/color/frame-000059.color.png office/seq-01/color/frame-000060.color.png 0.999987 0.00373602 0.0035354 -0.000696644 -0.00374734 0.999988 0.00319694 -0.00494745 -0.0035234 -0.00321013 0.999989 0.00477132 0.0 0.0 0.0 1.0
office/seq-01/color/frame-000060.color.png office/seq-01/color/frame-000061.color.png 0.999994 0.0033211 0.000618929 -0.00200781 -0.00332372 0.999985 0.00427662 -0.00961703 -0.000604738 -0.00427867 0.999991 0.00383803 0.0 0.0 0.0 1.0
office/seq-01/color/frame-000061.color.png office/seq-01/color/frame-000062.color.png 0.99994 0.00709271 -0.00839696 0.00701763 -0.00710798 0.999973 -0.00178988 -0.00021328 0.00838405 0.00184948 0.999963 0.00480232 0.0 0.0 0.0 1.0
office/seq-01/color/frame-000062.color.png office/seq-01/color/frame-000063.color.png 0.999884 0.0107122 -0.0108023 0.0165466 -0.0106591 0.999931 0.00495784 -0.0142203 0.0108547 -0.00484213 0.999929 0.00133663 0.0 0.0 0.0 1.0
office/seq-01/color/frame-000063.color.png office/seq-01/color/frame-000064.color.png 0.999971 0.00596092 -0.00474403 0.0128649 -0.00595035 0.99998 0.00223654 -0.00440176 0.00475728 -0.00220822 0.999986 0.0029591 0.0 0.0 0.0 1.0
office/seq-01/color/frame-000064.color.png office/seq-01/color/frame-000065.color.png 0.999986 0.0052092 0.000926377 0.00390909 -0.00521337 0.999976 0.00456706 -0.00397672 -0.000902593 -0.00457183 0.999989 0.00243431 0.0 0.0 0.0 1.0
office/seq-01/color/frame-000065.color.png office/seq-01/color/frame-000066.color.png 0.999999 0.00109232 -0.000377368 0.00669086 -0.00108997 0.99998 0.00617857 -0.00599052 0.000384113 -0.00617819 0.999981 0.00256103 0.0 0.0 0.0 1.0
office/seq-01/color/frame-000066.color.png office/seq-01/color/frame-000067.color.png 0.999991 0.0040681 -0.00118237 0.00971359 -0.00406311 0.999983 0.00417425 -0.0109787 0.00119935 -0.00416937 0.999991 0.00286168 0.0 0.0 0.0 1.0
office/seq-01/color/frame-000067.color.png office/seq-01/color/frame-000068.color.png 0.999967 0.00811656 -0.000914332 0.00923304 -0.00811688 0.999967 -0.000325226 -0.00503725 0.000911645 0.000332613 1.0 -0.00239322 0.0 0.0 0.0 1.0
office/seq-01/color/frame-000068.color.png office/seq-01/color/frame-000069.color.png 0.999991 0.00299392 -0.0030818 0.0113806 -0.00298596 0.999992 0.00258567 -0.00794145 0.00308951 -0.00257643 0.999992 0.000900865 0.0 0.0 0.0 1.0
office/seq-01/color/frame-000069.color.png office/seq-01/color/frame-000070.color.png 0.999974 0.00646875 -0.00316507 0.0109332 -0.00646614 0.999979 0.000836289 -0.0103911 0.00317041 -0.000815783 0.999995 -0.00233859 0.0 0.0 0.0 1.0
office/seq-01/color/frame-000070.color.png office/seq-01/color/frame-000071.color.png 0.999976 0.00483748 -0.00493599 0.0112573 -0.00484676 0.999987 -0.00187232 0.000373274 0.00492687 0.00189619 0.999986 -0.00184518 0.0 0.0 0.0 1.0
office/seq-01/color/frame-000071.color.png office/seq-01/color/frame-000072.color.png 0.999983 0.000755442 -0.00583613 0.0112864 -0.000752893 1.0 0.000440066 -0.00242373 0.00583647 -0.000435679 0.999983 -0.00287172 0.0 0.0 0.0 1.0
office/seq-01/color/frame-000072.color.png office/seq-01/color/frame-000073.color.png 0.999968 -0.000921128 -0.00791682 0.0150948 0.000945157 0.999995 0.00303138 -0.00440925 0.00791399 -0.00303874 0.999964 -0.00563741 0.0 0.0 0.0 1.0
office/seq-01/color/frame-000073.color.png office/seq-01/color/frame-000074.color.png 0.999968 -0.00322106 -0.00726947 0.0205232 0.00327614 0.999966 0.00757662 -0.00991067 0.00724481 -0.00760023 0.999945 -0.00613353 0.0 0.0 0.0 1.0
office/seq-01/color/frame-000074.color.png office/seq-01/color/frame-000075.color.png 0.999997 -0.00244359 0.000175852 0.00888808 0.0024433 0.999996 0.00160196 0.000392973 -0.000179763 -0.00160154 0.999999 -0.0018982 0.0 0.0 0.0 1.0
office/seq-01/color/frame-000075.color.png office/seq-01/color/frame-000076.color.png 0.999994 0.000378332 -0.00331556 0.00939536 -0.000366413 0.999993 0.00359283 -0.00321895 0.00331691 -0.00359155 0.999988 -0.00403333 0.0 0.0 0.0 1.0
office/seq-01/color/frame-000076.color.png office/seq-01/color/frame-000077.color.png 0.999983 -0.00113378 -0.00575272 0.0182658 0.00116186 0.999987 0.00488076 -0.00454804 0.00574711 -0.00488737 0.999972 -0.00564873 0.0 0.0 0.0 1.0
office/seq-01/color/frame-000077.color.png office/seq-01/color/frame-000078.color.png 0.99999 0.00349389 -0.00271882 0.0198349 -0.0034678 0.999948 0.00954094 -0.0137826 0.00275202 -0.00953144 0.999951 -0.00819811 0.0 0.0 0.0 1.0
office/seq-01/color/frame-000078.color.png office/seq-01/color/frame-000079.color.png 0.999978 0.00663161 0.000654507 0.0122422 -0.00663456 0.999967 0.00461794 -0.00381893 -0.00062386 -0.00462215 0.999989 -0.0050714 0.0 0.0 0.0 1.0
office/seq-01/color/frame-000079.color.png office/seq-01/color/frame-000080.color.png 0.99999 -0.000168375 -0.00437816 0.00905822 0.000185481 0.999992 0.00390857 -0.00373778 0.00437747 -0.00390932 0.999983 -0.00605699 0.0 0.0 0.0 1.0
office/seq-01/color/frame-000080.color.png office/seq-01/color/frame-000081.color.png 0.999947 0.00533122 -0.00882522 0.0144931 -0.00531908 0.999985 0.00139719 -0.00392675 0.00883253 -0.00135019 0.99996 -0.000903159 0.0 0.0 0.0 1.0
office/seq-01/color/frame-000081.color.png office/seq-01/color/frame-000082.color.png 0.999941 0.00596061 -0.00911014 0.0228791 -0.00593657 0.999979 0.00266401 -0.011518 0.00912583 -0.00260977 0.999955 -0.00523877 0.0 0.0 0.0 1.0
office/seq-01/color/frame-000082.color.png office/seq-01/color/frame-000083.color.png 0.999978 0.00195526 -0.00632553 0.0130639 -0.00194954 0.999998 0.000910401 -0.00734735 0.0063273 -0.000898058 0.999979 -0.00380564 0.0 0.0 0.0 1.0
office/seq-01/color/frame-000083.color.png office/seq-01/color/frame-000084.color.png 0.999934 0.00416431 -0.0107093 0.0173971 -0.00414391 0.99999 0.00192582 -0.005243 0.0107172 -0.00188131 0.999941 -0.00531295 0.0 0.0 0.0 1.0
office/seq-01/color/frame-000084.color.png office/seq-01/color/frame-000085.color.png 0.999928 0.00395406 -0.0113155 0.020635 -0.00391004 0.999985 0.00390929 -0.00877547 0.0113308 -0.00386472 0.999928 -0.00557119 0.0 0.0 0.0 1.0
office/seq-01/color/frame-000085.color.png office/seq-01/color/frame-000086.color.png 0.999931 0.00264746 -0.011469 0.0157903 -0.00263426 0.999996 0.00116594 -0.00524175 0.0114721 -0.0011357 0.999933 -0.00506815 0.0 0.0 0.0 1.0
office/seq-01/color/frame-000086.color.png office/seq-01/color/frame-000087.color.png 0.9999 0.0064093 -0.0126414 0.0161248 -0.00641376 0.999979 -0.000312256 -0.000622571 0.0126391 0.000393316 0.99992 -0.00299418 0.0 0.0 0.0 1.0
office/seq-01/color/frame-000087.color.png office/seq-01/color/frame-000088.color.png 0.9999 0.0100654 -0.00992319 0.0130296 -0.0100838 0.999948 -0.00179999 -0.00198159 0.00990456 0.00189991 0.999949 -0.00154322 0.0 0.0 0.0 1.0
office/seq-01/color/frame-000088.color.png office/seq-01/color/frame-000089.color.png 0.999843 0.00237436 -0.017567 0.0337978 -0.00235354 0.999997 0.00120595 -0.00607204 0.0175698 -0.00116443 0.999845 0.000821561 0.0 0.0 0.0 1.0
office/seq-01/color/frame-000089.color.png office/seq-01/color/frame-000090.color.png 0.999982 0.0045926 -0.00378136 0.0116306 -0.00458473 0.999987 0.00208931 -0.00407639 0.0037909 -0.0020719 0.999991 -0.00229982 0.0 0.0 0.0 1.0
office/seq-01/color/frame-000090.color.png office/seq-01/color/frame-000091.color.png 0.999972 0.00238631 -0.00712285 0.0167396 -0.00237462 0.999996 0.00164926 0.000587523 0.00712674 -0.00163231 0.999973 -0.00113976 0.0 0.0 0.0 1.0
office/seq-01/color/frame-000091.color.png office/seq-01/color/frame-000092.color.png 0.99996 0.00390103 -0.00808926 0.0166108 -0.00389443 0.999992 0.000829802 -0.00204661 0.00809244 -0.000798269 0.999967 -0.0014562 0.0 0.0 0.0 1.0
office/seq-01/color/frame-000092.color.png office/seq-01/color/frame-000093.color.png 0.999976 0.00496585 -0.00476644 0.0120776 -0.00496865 0.999987 -0.000574266 0.0007222 0.00476353 0.000597983 0.999988 -0.00195581 0.0 0.0 0.0 1.0
office/seq-01/color/frame-000093.color.png office/seq-01/color/frame-000094.color.png 0.999985 0.00297441 -0.00467268 0.0174613 -0.00296923 0.999995 0.00111453 0.0013465 0.00467597 -0.00110067 0.999988 -0.000498593 0.0 0.0 0.0 1.0
office/seq-01/color/frame-000094.color.png office/seq-01/color/frame-000095.color.png 0.999983 0.00375081 -0.00440785 0.0130045 -0.00373738 0.999988 0.00305197 -0.00689837 0.00441925 -0.00303545 0.999986 0.000404924 0.0 0.0 0.0 1.0
office/seq-01/color/frame-000095.color.png office/seq-01/color/frame-000096.color.png 0.999958 0.00390646 -0.0083265 0.019277 -0.00392765 0.999989 -0.00252995 -0.00166145 0.00831652 0.00256256 0.999962 0.000154942 0.0 0.0 0.0 1.0
office/seq-01/color/frame-000096.color.png office/seq-01/color/frame-000097.color.png 0.999978 0.00255434 -0.00616126 0.019572 -0.00256977 0.999994 -0.00249941 0.00632668 0.00615488 0.0025152 0.999978 -0.00374508 0.0 0.0 0.0 1.0
office/seq-01/color/frame-000097.color.png office/seq-01/color/frame-000098.color.png 0.999997 -0.000357639 -0.0024128 0.00974423 0.00036487 0.999995 0.00300204 0.00121689 0.0024117 -0.0030029 0.999993 -0.000230849 0.0 0.0 0.0 1.0
office/seq-01/color/frame-000098.color.png office/seq-01/color/frame-000099.color.png 0.999996 0.000460759 -0.00273647 0.0067409 -0.000455115 0.999998 0.00206463 0.000714183 0.00273739 -0.00206339 0.999994 0.00167447 0.0 0.0 0.0 1.0
office/seq-01/color/frame-000099.color.png office/seq-01/color/frame-000100.color.png 0.99995 0.00222908 -0.0097871 0.0183275 -0.00224523 0.999996 -0.0016386 0.00671095 0.00978342 0.00166054 0.999951 -0.00256705 0.0 0.0 0.0 1.0
office/seq-01/color/frame-000100.color.png office/seq-01/color/frame-000101.color.png 0.999947 0.00384668 -0.00958999 0.0177975 -0.00382675 0.99999 0.00209617 1.14739e-05 0.00959795 -0.00205935 0.999952 -0.00637618 0.0 0.0 0.0 1.0
office/seq-01/color/frame-000101.color.png office/seq-01/color/frame-000102.color.png 0.999944 -0.000144439 -0.0105445 0.022126 0.000159895 0.999999 0.00146498 -0.00114104 0.0105443 -0.00146661 0.999943 -0.00140548 0.0 0.0 0.0 1.0
office/seq-01/color/frame-000102.color.png office/seq-01/color/frame-000103.color.png 0.999975 -0.0032641 -0.00619013 0.016818 0.00325135 0.999993 -0.00206776 0.00750786 0.00619681 0.00204761 0.999979 -0.00195888 0.0 0.0 0.0 1.0
office/seq-01/color/frame-000103.color.png office/seq-01/color/frame-000104.color.png 0.999986 7.36135e-05 -0.00531818 0.0117103 -6.46012e-05 0.999999 0.001691 0.00246972 0.00531834 -0.00169068 0.999984 -0.00329909 0.0 0.0 0.0 1.0
office/seq-01/color/frame-000104.color.png office/seq-01/color/frame-000105.color.png 0.999957 0.00571044 -0.00732794 0.0161047 -0.00568694 0.999979 0.00322503 0.00271583 0.00734622 -0.00318319 0.999968 -0.00195143 0.0 0.0 0.0 1.0
office/seq-01/color/frame-000105.color.png office/seq-01/color/frame-000106.color.png 0.999976 0.00421201 -0.00552319 0.0191258 -0.00418599 0.99998 0.00471723 -0.00207818 0.00554293 -0.00469396 0.999974 -0.00373548 0.0 0.0 0.0 1.0
office/seq-01/color/frame-000106.color.png office/seq-01/color/frame-000107.color.png 0.999995 -0.00173264 -0.00252481 0.0064466 0.00173264 0.999999 1.77268e-06 -0.000766814 0.00252478 -6.13373e-06 0.999997 -0.00206813 0.0 0.0 0.0 1.0
office/seq-01/color/frame-000107.color.png office/seq-01/color/frame-000108.color.png 0.999978 0.00275785 -0.0059792 0.0140201 -0.00276194 0.999996 -0.000680228 0.00867096 0.00597729 0.000696699 0.999982 -0.000629753 0.0 0.0 0.0 1.0
office/seq-01/color/frame-000108.color.png office/seq-01/color/frame-000109.color.png 0.999927 0.0060074 -0.0104478 0.0220423 -0.00601522 0.999982 -0.00071629 0.00807783 0.0104433 0.000779076 0.999945 -0.00635174 0.0 0.0 0.0 1.0
office/seq-01/color/frame-000109.color.png office/seq-01/color/frame-000110.color.png 0.999903 0.00996238 -0.00971922 0.0208611 -0.00995615 0.99995 0.000689586 0.00507149 0.00972557 -0.000592748 0.999952 -0.00429741 0.0 0.0 0.0 1.0
office/seq-01/color/frame-000110.color.png office/seq-01/color/frame-000111.color.png 0.999904 0.00251972 -0.0136508 0.0282881 -0.00252709 0.999997 -0.000520399 0.0105369 0.0136495 0.000554822 0.999907 -0.00753221 0.0 0.0 0.0 1.0
office/seq-01/color/frame-000111.color.png office/seq-01/color/frame-000112.color.png 0.999885 0.00778594 -0.0129874 0.0164161 -0.0077464 0.999965 0.00309041 0.00384316 0.0130109 -0.0029894 0.999911 -0.00670883 0.0 0.0 0.0 1.0
office/seq-01/color/frame-000112.color.png office/seq-01/color/frame-000113.color.png 1.0 0.000230244 -6.17254e-05 0.00011158 -0.000230239 1.0 0.000684742 -0.0014801 6.19527e-05 -0.000684774 1.0 -0.000908792 0.0 0.0 0.0 1.0
office/seq-01/color/frame-000113.color.png office/seq-01/color/frame-000114.color.png 0.999766 0.0132134 -0.0171396 0.0215037 -0.0132944 0.999901 -0.00462193 0.00657913 0.0170769 0.00484874 0.999842 -0.00372618 0.0 0.0 0.0 1.0
office/seq-01/color/frame-000114.color.png office/seq-01/color/frame-000115.color.png 0.99989 0.00329441 -0.01444 0.0199968 -0.00329915 0.999994 -0.000303036 -0.00456467 0.014439 0.000350619 0.999896 -0.0120862 0.0 0.0 0.0 1.0
office/seq-01/color/frame-000115.color.png office/seq-01/color/frame-000116.color.png 0.999875 -0.000962618 -0.0157837 0.0148064 0.000981654 0.999999 0.00119731 -0.00303793 0.0157824 -0.00121264 0.999875 -0.0122028 0.0 0.0 0.0 1.0
office/seq-01/color/frame-000116.color.png office/seq-01/color/frame-000117.color.png 0.999878 0.000718973 -0.0156124 0.0176499 -0.000727006 1.0 -0.000509859 -0.00142688 0.015612 0.000521132 0.999878 -0.00933868 0.0 0.0 0.0 1.0
office/seq-01/color/frame-000117.color.png office/seq-01/color/frame-000118.color.png 0.999872 0.00552879 -0.0150328 0.0213737 -0.00553832 0.999984 -0.000590772 0.00518674 0.0150294 0.000673962 0.999887 -0.011773 0.0 0.0 0.0 1.0
office/seq-01/color/frame-000118.color.png office/seq-01/color/frame-000119.color.png 0.999725 0.00549769 -0.0227958 0.0309275 -0.00531806 0.999954 0.00793456 -0.00708258 0.0228383 -0.00781112 0.999709 -0.0187989 0.0 0.0 0.0 1.0
office/seq-01/color/frame-000119.color.png office/seq-01/color/frame-000120.color.png 0.999862 0.00055635 -0.0166194 0.0221502 -0.000414169 0.999963 0.00855512 -0.000902653 0.0166236 -0.0085471 0.999825 -0.0115876 0.0 0.0 0.0 1.0
office/seq-01/color/frame-000120.color.png office/seq-01/color/frame-000121.color.png 1.0 0.000636679 -0.000404907 0.000970304 -0.000636368 0.999999 0.000892623 -0.00176424 0.000405514 -0.000892318 1.0 -0.000250936 0.0 0.0 0.0 1.0
office/seq-01/color/frame-000121.color.png office/seq-01/color/frame-000122.color.png 0.999963 0.00537049 -0.00679711 0.0140299 -0.00530088 0.999934 0.0102116 -0.00584483 0.0068515 -0.0101753 0.999925 -0.00719213 0.0 0.0 0.0 1.0
office/seq-01/color/frame-000122.color.png office/seq-01/color/frame-000123.color.png 0.99995 0.00342818 -0.00934734 0.0224414 -0.00335074 0.99996 0.00829078 -0.00836965 0.00937536 -0.00825896 0.999922 -0.00864768 0.0 0.0 0.0 1.0
office/seq-01/color/frame-000123.color.png office/seq-01/color/frame-000124.color.png 0.999971 0.00185509 -0.00737107 0.00299335 -0.00183123 0.999993 0.00323743 -0.000963777 0.00737703 -0.00322391 0.999967 -0.00607485 0.0 0.0 0.0 1.0
office/seq-01/color/frame-000124.color.png office/seq-01/color/frame-000125.color.png 0.999782 0.00481307 -0.0203362 0.0233118 -0.00488583 0.999982 -0.00352697 0.00481585 0.0203188 0.00362556 0.999787 -0.00583333 0.0 0.0 0.0 1.0
office/seq-01/color/frame-000125.color.png office/seq-01/color/frame-000126.color.png 0.999871 0.00698458 -0.0144681 0.0214025 -0.00696165 0.999974 0.00163307 -0.00724679 0.0144791 -0.00153212 0.999894 -0.0079129 0.0 0.0 0.0 1.0
office/seq-01/color/frame-000126.color.png office/seq-01/color/frame-000127.color.png 0.999999 -0.00021793 0.000942688 -0.00227892 0.000218868 1.0 -0.000982282 0.00224042 -0.000942532 0.000982493 0.999999 0.000830889 0.0 0.0 0.0 1.0
office/seq-01/color/frame-000127.color.png office/seq-01/color/frame-000128.color.png 0.999855 -0.000939302 -0.0169944 0.0230255 0.00094309 0.999999 0.000216856 -0.00650126 0.0169942 -0.000232836 0.999856 -0.00969905 0.0 0.0 0.0 1.0
office/seq-01/color/frame-000128.color.png office/seq-01/color/frame-000129.color.png 0.999826 0.0039524 -0.0182409 0.0220263 -0.00404116 0.99998 -0.00483413 0.00267741 0.0182214 0.00490698 0.999822 -0.0098674 0.0 0.0 0.0 1.0
office/seq-01/color/frame-000129.color.png office/seq-01/color/frame-000130.color.png 0.99988 0.00530366 -0.0145844 0.0188854 -0.00535127 0.99998 -0.00322614 0.00274792 0.014567 0.00330383 0.999889 -0.00573984 0.0 0.0 0.0 1.0
office/seq-01/color/frame-000130.color.png office/seq-01/color/frame-000131.color.png 0.999939 -0.000171165 -0.0110521 0.0135741 0.000179777 1.0 0.00077957 -0.0013566 0.011052 -0.000781523 0.999939 -0.00601301 0.0 0.0 0.0 1.0
office/seq-01/color/frame-000131.color.png office/seq-01/color/frame-000132.color.png 0.999922 0.00220169 -0.0123124 0.0191495 -0.00219328 0.999997 0.000695573 -0.00112873 0.012314 -0.000668539 0.999924 -0.00651619 0.0 0.0 0.0 1.0
office/seq-01/color/frame-000132.color.png office/seq-01/color/frame-000133.color.png 0.99996 0.00356013 -0.0082532 0.0154269 -0.0035424 0.999991 0.00216584 8.61883e-05 0.00826066 -0.00213648 0.999964 -0.00967222 0.0 0.0 0.0 1.0
office/seq-01/color/frame-000133.color.png office/seq-01/color/frame-000134.color.png 0.999983 -0.000996711 -0.00575391 0.0124604 0.00101062 0.999997 0.00241394 -0.00502431 0.00575156 -0.00241976 0.999981 0.000947028 0.0 0.0 0.0 1.0
office/seq-01/color/frame-000134.color.png office/seq-01/color/frame-000135.color.png 0.99994 -0.000626927 -0.0109072 0.00895154 0.000712873 0.999969 0.00787788 -0.00768897 0.0109019 -0.00788515 0.99991 -0.012345 0.0 0.0 0.0 1.0
office/seq-01/color/frame-000135.color.png office/seq-01/color/frame-000136.color.png 0.999816 0.00050511 -0.0191826 0.0187339 -0.000467368 0.999998 0.0019733 -0.000243098 0.0191835 -0.00196394 0.999814 -0.00538951 0.0 0.0 0.0 1.0
office/seq-01/color/frame-000136.color.png office/seq-01/color/frame-000137.color.png 0.999851 0.00421732 -0.016722 0.0198154 -0.00431756 0.999973 -0.00596726 0.00665605 0.0166963 0.00603851 0.999842 -0.00936168 0.0 0.0 0.0 1.0
office/seq-01/color/frame-000137.color.png office/seq-01/color/frame-000138.color.png 0.999862 0.00392631 -0.0161149 0.021101 -0.00393416 0.999992 -0.00045401 -0.00179207 0.0161131 0.00051736 0.99987 -0.0107393 0.0 0.0 0.0 1.0
office/seq-01/color/frame-000138.color.png office/seq-01/color/frame-000139.color.png 0.999782 0.00631828 -0.0199213 0.0255886 -0.00645571 0.999956 -0.00684245 0.00784844 0.0198772 0.00696954 0.999778 -0.010254 0.0 0.0 0.0 1.0
office/seq-01/color/frame-000139.color.png office/seq-01/color/frame-000140.color.png 0.999773 0.00954512 -0.0190536 0.0247254 -0.00969005 0.999925 -0.00752693 0.00851718 0.0189804 0.00770984 0.99979 -0.0126515 0.0 0.0 0.0 1.0
office/seq-01/color/frame-000140.color.png office/seq-01/color/frame-000141.color.png 0.99984 0.00703405 -0.0164252 0.0237694 -0.00711594 0.999962 -0.00493749 0.00821766 0.0163898 0.00505358 0.999853 -0.0147008 0.0 0.0 0.0 1.0
office/seq-01/color/frame-000141.color.png office/seq-01/color/frame-000142.color.png 0.999852 0.007302 -0.01555 0.0246859 -0.00729615 0.999973 0.000440182 0.00715321 0.0155529 -0.000326625 0.999879 -0.0128787 0.0 0.0 0.0 1.0
office/seq-01/color/frame-000142.color.png office/seq-01/color/frame-000143.color.png 0.999991 -0.000448069 -0.00409175 0.00771672 0.000457357 0.999997 0.00225126 -0.00368398 0.00409073 -0.00225319 0.999989 0.00300929 0.0 0.0 0.0 1.0
office/seq-01/color/frame-000143.color.png office/seq-01/color/frame-000144.color.png 0.99987 0.00998049 -0.0126187 0.022145 -0.0099036 0.999932 0.00614799 0.00359318 0.0126792 -0.00602216 0.999902 -0.0112738 0.0 0.0 0.0 1.0
office/seq-01/color/frame-000144.color.png office/seq-01/color/frame-000145.color.png 0.999874 0.00908443 -0.0129997 0.0258608 -0.00900633 0.999941 0.00604673 0.00520015 0.013054 -0.00592898 0.999897 -0.0112068 0.0 0.0 0.0 1.0
office/seq-01/color/frame-000145.color.png office/seq-01/color/frame-000146.color.png 0.999804 0.0159814 -0.0116553 0.024403 -0.0158934 0.999845 0.00761298 0.00610146 0.0117751 -0.00742624 0.999903 -0.0157706 0.0 0.0 0.0 1.0
office/seq-01/color/frame-000146.color.png office/seq-01/color/frame-000147.color.png 0.999879 0.00967639 -0.0121987 0.0253776 -0.00960634 0.999937 0.00578335 0.00667128 0.0122539 -0.00566543 0.999909 -0.0100127 0.0 0.0 0.0 1.0
office/seq-01/color/frame-000147.color.png office/seq-01/color/frame-000148.color.png 0.999889 0.0100376 -0.0109741 0.0279185 -0.00994394 0.999914 0.00855116 -0.000421941 0.0110589 -0.00844112 0.999903 -0.00970259 0.0 0.0 0.0 1.0
office/seq-01/color/frame-000148.color.png office/seq-01/color/frame-000149.color.png 0.999915 0.0047553 -0.0121452 0.017072 -0.00463992 0.999944 0.00950831 -0.00450486 0.0121898 -0.0094511 0.999881 -0.00553337 0.0 0.0 0.0 1.0
office/seq-01/color/frame-000149.color.png office/seq-01/color/frame-000150.color.png 0.999875 -0.00198266 -0.015673 0.0185999 0.00202843 0.999994 0.00291118 -0.00829533 0.0156671 -0.0029426 0.999873 -0.00706643 0.0 0.0 0.0 1.0
office/seq-01/color/frame-000150.color.png office/seq-01/color/frame-000151.color.png 0.999794 -0.00497638 -0.0196633 0.0230163 0.00487793 0.999976 -0.00505402 -0.00504366 0.019688 0.00495702 0.999794 -0.00810224 0.0 0.0 0.0 1.0
office/seq-01/color/frame-000151.color.png office/seq-01/color/frame-000152.color.png 0.999847 -0.0072449 -0.0159165 0.0228984 0.00720247 0.99997 -0.00272571 -0.00555065 0.0159358 0.00261061 0.99987 -0.0101258 0.0 0.0 0.0 1.0
office/seq-01/color/frame-000152.color.png office/seq-01/color/frame-000153.color.png 0.999929 -0.0083334 -0.00850621 0.0163398 0.00829227 0.999954 -0.00485426 -0.010164 0.0085463 0.00478344 0.999952 -0.00829229 0.0 0.0 0.0 1.0
office/seq-01/color/frame-000153.color.png office/seq-01/color/frame-000154.color.png 0.999983 -0.00418909 -0.00417822 0.0144235 0.00419609 0.99999 0.0016706 -0.0100485 0.00417121 -0.00168816 0.99999 -0.0103559 0.0 0.0 0.0 1.0
office/seq-01/color/frame-000154.color.png office/seq-01/color/frame-000155.color.png 0.999976 -0.0029349 -0.00623514 0.0153427 0.00298178 0.999967 0.00752178 -0.00670537 0.00621288 -0.00754014 0.999952 -0.00631112 0.0 0.0 0.0 1.0
office/seq-01/color/frame-000155.color.png office/seq-01/color/frame-000156.color.png 0.999889 -0.0028972 -0.0145917 0.0214621 0.00301707 0.999962 0.0082005 -0.0157151 0.0145675 -0.00824367 0.99986 0.00470957 0.0 0.0 0.0 1.0
office/seq-01/color/frame-000156.color.png office/seq-01/color/frame-000157.color.png 0.999963 -0.00032469 -0.00858319 0.0241041 0.000238045 0.999949 -0.0100933 0.00926316 0.00858594 0.0100909 0.999912 -0.00865161 0.0 0.0 0.0 1.0
office/seq-01/color/frame-000157.color.png office/seq-01/color/frame-000158.color.png 0.999978 0.00562055 -0.00337386 0.0176426 -0.00563266 0.999978 -0.00360246 0.00910455 0.00335353 0.00362151 0.999988 -0.00302047 0.0 0.0 0.0 1.0
office/seq-01/color/frame-000158.color.png office/seq-01/color/frame-000159.color.png 0.999979 0.00453533 -0.00473609 0.0153317 -0.00455102 0.999984 -0.00329931 0.0082469 0.00472099 0.0033208 0.999983 0.00548837 0.0 0.0 0.0 1.0
office/seq-01/color/frame-000159.color.png office/seq-01/color/frame-000160.color.png 0.999989 0.00468476 0.000868879 0.0158031 -0.00468118 0.999981 -0.00407433 0.00911319 -0.000887873 0.00407017 0.999991 0.00412744 0.0 0.0 0.0 1.0
office/seq-01/color/frame-000160.color.png office/seq-01/color/frame-000161.color.png 0.999969 0.00780132 0.000166941 0.0126842 -0.0078019 0.999963 0.00368898 0.000898063 -0.000138281 -0.00369015 0.999993 0.00814995 0.0 0.0 0.0 1.0
office/seq-01/color/frame-000161.color.png office/seq-01/color/frame-000162.color.png 0.999993 0.00375473 -0.000847424 0.00689995 -0.00374989 0.999977 0.00571242 -0.0128123 0.000868878 -0.00570919 0.999983 -0.00100586 0.0 0.0 0.0 1.0
office/seq-01/color/frame-000162.color.png office/seq-01/color/frame-000163.color.png 0.999957 -0.00205624 -0.00898873 0.0189216 0.00204966 0.999998 -0.000743188 0.00287715 0.00899027 0.000724716 0.999959 -0.00483143 0.0 0.0 0.0 1.0
office/seq-01/color/frame-000163.color.png office/seq-01/color/frame-000164.color.png 0.999927 0.00208265 -0.011873 0.0287343 -0.00195386 0.999939 0.0108448 -0.0149152 0.0118948 -0.0108207 0.999871 0.00190327 0.0 0.0 0.0 1.0
office/seq-01/color/frame-000164.color.png office/seq-01/color/frame-000165.color.png 0.999983 0.00206642 -0.0054834 0.0135993 -0.00206192 0.999998 0.000838135 -7.32243e-05 0.00548508 -0.000826809 0.999985 0.00221893 0.0 0.0 0.0 1.0
office/seq-01/color/frame-000165.color.png office/seq-01/color/frame-000166.color.png 0.999956 0.00509698 -0.00786941 0.0201806 -0.00514667 0.999967 -0.00633066 0.0137624 0.00783695 0.00637083 0.999949 0.00192809 0.0 0.0 0.0 1.0
office/seq-01/color/frame-000166.color.png office/seq-01/color/frame-000167.color.png 0.999982 0.00406489 -0.00448685 0.0208492 -0.00411838 0.99992 -0.0119642 0.0281509 0.00443776 0.0119825 0.999918 0.0114001 0.0 0.0 0.0 1.0
office/seq-01/color/frame-000167.color.png office/seq-01/color/frame-000168.color.png 0.999922 0.0118537 0.00390366 0.0113934 -0.0118776 0.999911 0.00616002 -0.00652274 -0.0038302 -0.00620591 0.999973 0.0106978 0.0 0.0 0.0 1.0
office/seq-01/color/frame-000168.color.png office/seq-01/color/frame-000169.color.png 0.99996 0.0088794 -0.00128795 0.0125762 -0.00887584 0.999956 0.00284706 -0.00023824 0.00131316 -0.00283549 0.999995 0.00373161 0.0 0.0 0.0 1.0
office/seq-01/color/frame-000169.color.png office/seq-01/color/frame-000170.color.png 0.999924 0.00196229 -0.0121883 0.0223802 -0.00191428 0.999991 0.00394524 -0.00411844 0.0121959 -0.00392161 0.999918 0.00622803 0.0 0.0 0.0 1.0
office/seq-01/color/frame-000170.color.png office/seq-01/color/frame-000171.color.png 0.999994 0.00125633 -0.00313145 0.0156596 -0.00126277 0.999997 -0.00206662 0.00673494 0.00312884 0.00207054 0.999993 0.004816 0.0 0.0 0.0 1.0
office/seq-01/color/frame-000171.color.png office/seq-01/color/frame-000172.color.png 0.999993 0.0032209 -0.00204276 0.0142778 -0.00322225 0.999995 -0.000653493 0.00719041 0.00204068 0.000660072 0.999998 0.0175809 0.0 0.0 0.0 1.0
office/seq-01/color/frame-000172.color.png office/seq-01/color/frame-000173.color.png 0.999997 0.00239498 0.0010262 0.0173794 -0.00239291 0.999995 -0.00211403 0.00343493 -0.00103128 0.00211158 0.999997 0.0167885 0.0 0.0 0.0 1.0
