stairs/seq-04/color/frame-000000.color.png stairs/seq-04/color/frame-000002.color.png 0.999523 -0.00523652 0.0304379 -0.0202229 0.00533932 0.99998 -0.00329706 -0.0203458 -0.03042 0.00345801 0.999531 0.0430549 0.0 0.0 0.0 1.0
stairs/seq-04/color/frame-000001.color.png stairs/seq-04/color/frame-000003.color.png 0.999964 -0.00478189 0.0070174 -0.0106205 0.00477992 0.999988 0.000296967 -0.00849876 -0.00701874 -0.000263413 0.999975 0.0190608 0.0 0.0 0.0 1.0
stairs/seq-04/color/frame-000002.color.png stairs/seq-04/color/frame-000004.color.png 0.999988 -0.00398072 0.00280414 -0.0126007 0.00398459 0.999991 -0.00137497 -0.00896877 -0.00279865 0.00138613 0.999995 0.0185298 0.0 0.0 0.0 1.0
stairs/seq-04/color/frame-000003.color.png stairs/seq-04/color/frame-000005.color.png 0.999952 -0.00559525 0.0080148 -0.0157853 0.00563597 0.999971 -0.00506707 -0.00910632 -0.00798621 0.005112 0.999955 0.0252488 0.0 0.0 0.0 1.0
stairs/seq-04/color/frame-000004.color.png stairs/seq-04/color/frame-000006.color.png 0.999909 -0.00178473 0.0133872 -0.0147003 0.00179338 0.999998 -0.000633934 -0.0070202 -0.013386 0.000657885 0.99991 0.0179682 0.0 0.0 0.0 1.0
stairs/seq-04/color/frame-000005.color.png stairs/seq-04/color/frame-000007.color.png 0.999938 0.000567423 0.0111603 -0.013125 -0.000583585 0.999999 0.00144468 -0.0103386 -0.0111595 -0.0014511 0.999937 0.0181254 0.0 0.0 0.0 1.0
stairs/seq-04/color/frame-000006.color.png stairs/seq-04/color/frame-000008.color.png 0.999948 -0.00205784 0.00999916 -0.0175393 0.00208022 0.999995 -0.00222867 -0.00334576 -0.00999451 0.00224935 0.999948 0.0160196 0.0 0.0 0.0 1.0
stairs/seq-04/color/frame-000007.color.png stairs/seq-04/color/frame-000009.color.png 0.999967 -0.00595636 0.00549056 -0.0133142 0.00594055 0.999978 0.00289209 -0.0101153 -0.00550766 -0.00285938 0.999981 0.0204195 0.0 0.0 0.0 1.0
stairs/seq-04/color/frame-000008.color.png stairs/seq-04/color/frame-000010.color.png 0.999984 -0.00397634 0.0039221 -0.00908265 0.00397597 0.999992 0.000101666 -0.00810032 -0.00392247 -8.60694e-05 0.999992 0.0209836 0.0 0.0 0.0 1.0
stairs/seq-04/color/frame-000009.color.png stairs/seq-04/color/frame-000011.color.png 0.99997 -0.00149396 0.0076007 -0.0151785 0.00147653 0.999996 0.00229832 -0.00189787 -0.0076041 -0.00228703 0.999969 0.0164776 0.0 0.0 0.0 1.0
stairs/seq-04/color/frame-000010.color.png stairs/seq-04/color/frame-000012.color.png 0.999969 -0.00377455 0.00691438 -0.0150447 0.00373726 0.999978 0.00539795 -0.0122505 -0.00693461 -0.00537194 0.999962 0.0194078 0.0 0.0 0.0 1.0
stairs/seq-04/color/frame-000011.color.png stairs/seq-04/color/frame-000013.color.png 0.999995 -0.0028002 0.00149419 -0.0118623 0.00280326 0.999994 -0.00205629 -0.00740082 -0.00148842 0.00206047 0.999997 0.0172321 0.0 0.0 0.0 1.0
stairs/seq-04/color/frame-000012.color.png stairs/seq-04/color/frame-000014.color.png 0.999995 -0.00318022 -0.000802662 -0.00887787 0.0031789 0.999994 -0.00164239 -0.00646115 0.000807878 0.00163983 0.999998 0.0180781 0.0 0.0 0.0 1.0
stairs/seq-04/color/frame-000013.color.png stairs/seq-04/color/frame-000015.color.png 0.999998 -0.00165444 -0.000785121 -0.00688625 0.0016524 0.999995 -0.00259186 -0.0113486 0.000789399 0.00259055 0.999996 0.0164066 0.0 0.0 0.0 1.0
stairs/seq-04/color/frame-000014.color.png stairs/seq-04/color/frame-000016.color.png 0.999983 -0.000423162 0.00580185 -0.0141586 0.000439465 0.999996 -0.00280894 -0.00656714 -0.00580062 0.00281144 0.999979 0.0151597 0.0 0.0 0.0 1.0
stairs/seq-04/color/frame-000015.color.png stairs/seq-04/color/frame-000017.color.png 0.999958 -0.00410599 0.00817969 -0.00883619 0.00413926 0.999983 -0.00405557 -0.0060997 -0.0081629 0.00408926 0.999958 0.0153037 0.0 0.0 0.0 1.0
stairs/seq-04/color/frame-000016.color.png stairs/seq-04/color/frame-000018.color.png 0.99996 -0.00538586 0.00718093 -0.00688104 0.00543982 0.999957 -0.00751651 -0.00266439 -0.00714016 0.00755526 0.999946 0.0129424 0.0 0.0 0.0 1.0
stairs/seq-04/color/frame-000017.color.png stairs/seq-04/color/frame-000019.color.png 0.999975 -0.00436842 0.00555286 -0.00501144 0.00437746 0.999989 -0.00161774 -0.00270236 -0.00554573 0.00164201 0.999983 0.0149227 0.0 0.0 0.0 1.0
stairs/seq-04/color/frame-000018.color.png stairs/seq-04/color/frame-000020.color.png 0.999968 -0.0035676 0.00720846 -0.0050958 0.00356118 0.999993 0.000904061 -0.0104851 -0.00721162 -0.000878362 0.999974 0.0139941 0.0 0.0 0.0 1.0
stairs/seq-04/color/frame-000019.color.png stairs/seq-04/color/frame-000021.color.png 0.99992 -0.00422349 0.0119408 -0.0159889 0.00421868 0.999991 0.000427906 -0.00938108 -0.0119425 -0.000377498 0.999929 0.00914174 0.0 0.0 0.0 1.0
stairs/seq-04/color/frame-000020.color.png stairs/seq-04/color/frame-000022.color.png 0.999977 -0.00488544 0.00472067 -0.00869047 0.0048817 0.999988 0.00080252 -0.00587492 -0.00472456 -0.000779455 0.999988 0.0115355 0.0 0.0 0.0 1.0
stairs/seq-04/color/frame-000021.color.png stairs/seq-04/color/frame-000023.color.png 0.999984 -0.00508651 -0.00237952 -0.00190323 0.0051046 0.999958 0.00765276 -0.0136603 0.00234047 -0.00766479 0.999968 0.0163685 0.0 0.0 0.0 1.0
stairs/seq-04/color/frame-000022.color.png stairs/seq-04/color/frame-000024.color.png 0.999996 -0.00266968 -0.000210195 -0.00584875 0.00267088 0.999979 0.00588551 -0.00793652 0.000194493 -0.00588606 0.999983 0.0159926 0.0 0.0 0.0 1.0
stairs/seq-04/color/frame-000023.color.png stairs/seq-04/color/frame-000025.color.png 0.999997 0.0008228 -0.00209938 -0.00745139 -0.00081173 0.999986 0.00527233 -0.00556187 0.0021037 -0.00527061 0.999984 0.0146523 0.0 0.0 0.0 1.0
stairs/seq-04/color/frame-000024.color.png stairs/seq-04/color/frame-000026.color.png 0.999998 -0.000983524 -0.00182048 -0.0049652 0.000994952 0.99998 0.00628405 -0.00955162 0.00181426 -0.00628585 0.999978 0.0157498 0.0 0.0 0.0 1.0
stairs/seq-04/color/frame-000025.color.png stairs/seq-04/color/frame-000027.color.png 0.999998 0.0009562 0.00192105 0.00567677 -0.000963374 0.999992 0.0037339 -0.00905802 -0.00191747 -0.00373574 0.999991 0.0171369 0.0 0.0 0.0 1.0
stairs/seq-04/color/frame-000026.color.png stairs/seq-04/color/frame-000028.color.png 0.99996 -0.00140183 0.00886732 -0.00359337 0.00136487 0.99999 0.0041735 -0.0152169 -0.00887308 -0.00416123 0.999952 0.0112781 0.0 0.0 0.0 1.0
stairs/seq-04/color/frame-000027.color.png stairs/seq-04/color/frame-000029.color.png 0.999973 -0.00395758 0.00619485 -0.000906393 0.00394015 0.999988 0.00282416 -0.00884685 -0.00620596 -0.00279967 0.999977 0.00925691 0.0 0.0 0.0 1.0
stairs/seq-04/color/frame-000028.color.png stairs/seq-04/color/frame-000030.color.png 0.999983 -0.00504352 0.00287127 0.00257659 0.00503033 0.999977 0.00457858 -0.0126145 -0.0028943 -0.00456406 0.999985 0.0153029 0.0 0.0 0.0 1.0
stairs/seq-04/color/frame-000029.color.png stairs/seq-04/color/frame-000031.color.png 0.999993 -0.00313695 0.00177795 -0.000942104 0.0031269 0.999979 0.00562055 -0.011943 -0.00179554 -0.00561495 0.999982 0.012691 0.0 0.0 0.0 1.0
stairs/seq-04/color/frame-000030.color.png stairs/seq-04/color/frame-000032.color.png 1.0 0.000995129 -0.000447334 0.0132974 -0.000992085 0.999977 0.00675266 -0.0126746 0.000454042 -0.00675222 0.999977 0.0219188 0.0 0.0 0.0 1.0
stairs/seq-04/color/frame-000031.color.png stairs/seq-04/color/frame-000033.color.png 0.999986 0.00361769 0.00385936 0.00852304 -0.00363267 0.999986 0.00388539 -0.0123409 -0.00384526 -0.00389936 0.999985 0.0212999 0.0 0.0 0.0 1.0
stairs/seq-04/color/frame-000032.color.png stairs/seq-04/color/frame-000034.color.png 0.99999 0.000990733 0.00428363 0.00303477 -0.000987077 0.999999 -0.00085595 -0.00213592 -0.00428445 0.00085172 0.999991 0.0114161 0.0 0.0 0.0 1.0
stairs/seq-04/color/frame-000033.color.png stairs/seq-04/color/frame-000035.color.png 0.999983 -0.00518479 0.00247743 0.00256496 0.00517066 0.99997 0.00567718 -0.0122294 -0.00250679 -0.00566428 0.999981 0.0177413 0.0 0.0 0.0 1.0
stairs/seq-04/color/frame-000034.color.png stairs/seq-04/color/frame-000036.color.png 0.999972 -0.00541505 -0.00517809 0.0162438 0.00544798 0.999965 0.00636856 -0.018962 0.00514341 -0.00639659 0.999966 0.0225071 0.0 0.0 0.0 1.0
stairs/seq-04/color/frame-000035.color.png stairs/seq-04/color/frame-000037.color.png 0.999997 0.00119604 -0.00226941 0.0112903 -0.00119856 0.999999 -0.00111071 -0.00581382 0.00226811 0.00111344 0.999997 0.0142758 0.0 0.0 0.0 1.0
stairs/seq-04/color/frame-000036.color.png stairs/seq-04/color/frame-000038.color.png 0.999989 0.000891525 0.00458585 0.00541547 -0.000901898 0.999997 0.00226136 -0.0122346 -0.00458382 -0.00226547 0.999987 0.0153385 0.0 0.0 0.0 1.0
stairs/seq-04/color/frame-000037.color.png stairs/seq-04/color/frame-000039.color.png 0.999989 0.00274496 0.00372897 0.00879534 -0.00276664 0.999979 0.00582301 -0.0137329 -0.00371293 -0.00583327 0.999976 0.0170597 0.0 0.0 0.0 1.0
stairs/seq-04/color/frame-000038.color.png stairs/seq-04/color/frame-000040.color.png 0.999987 0.00389783 0.00340693 0.0146096 -0.00392083 0.999969 0.00677027 -0.0110752 -0.00338044 -0.00678354 0.999971 0.0145684 0.0 0.0 0.0 1.0
stairs/seq-04/color/frame-000039.color.png stairs/seq-04/color/frame-000041.color.png 0.999966 -0.00126486 0.00815338 0.0177785 0.00124411 0.999996 0.00254919 -0.0222787 -0.00815656 -0.00253895 0.999964 0.0206373 0.0 0.0 0.0 1.0
stairs/seq-04/color/frame-000040.color.png stairs/seq-04/color/frame-000042.color.png 0.999981 -0.00287636 0.00552456 0.0107404 0.00288755 0.999994 -0.00201805 -0.0185469 -0.0055187 0.00203397 0.999983 0.0153811 0.0 0.0 0.0 1.0
stairs/seq-04/color/frame-000041.color.png stairs/seq-04/color/frame-000043.color.png 0.99999 0.00322655 -0.00295173 0.0100712 -0.00322803 0.999995 -0.000498233 -0.012509 0.0029501 0.000507747 0.999995 0.0141352 0.0 0.0 0.0 1.0
stairs/seq-04/color/frame-000042.color.png stairs/seq-04/color/frame-000044.color.png 0.999943 0.00723255 -0.00781115 0.0260753 -0.00725185 0.999971 -0.0024452 -0.00736742 0.00779322 0.00250171 0.999967 0.0217387 0.0 0.0 0.0 1.0
stairs/seq-04/color/frame-000043.color.png stairs/seq-04/color/frame-000045.color.png 0.999989 0.00446166 0.00109567 0.00772875 -0.00445881 0.999987 -0.0025879 -0.00252026 -0.0011072 0.00258299 0.999996 0.0120239 0.0 0.0 0.0 1.0
stairs/seq-04/color/frame-000044.color.png stairs/seq-04/color/frame-000046.color.png 0.999984 0.00380663 0.00422479 0.00184444 -0.00381306 0.999991 0.00151603 -0.00516276 -0.00421896 -0.00153211 0.99999 0.00572571 0.0 0.0 0.0 1.0
stairs/seq-04/color/frame-000045.color.png stairs/seq-04/color/frame-000047.color.png 0.999986 0.00491593 0.00171873 0.0114841 -0.00492219 0.999981 0.00365823 -0.00831857 -0.00170072 -0.00366665 0.999992 0.0131394 0.0 0.0 0.0 1.0
stairs/seq-04/color/frame-000046.color.png stairs/seq-04/color/frame-000048.color.png 0.999951 0.00503585 0.00850351 0.0035926 -0.00505069 0.999986 0.00172307 -0.0100385 -0.00849472 -0.00176593 0.999962 0.0132619 0.0 0.0 0.0 1.0
stairs/seq-04/color/frame-000047.color.png stairs/seq-04/color/frame-000049.color.png 0.999977 0.000863915 0.00668888 0.00668273 -0.000876573 0.999998 0.0018889 -0.0111528 -0.00668723 -0.00189471 0.999976 0.0200019 0.0 0.0 0.0 1.0
stairs/seq-04/color/frame-000048.color.png stairs/seq-04/color/frame-000050.color.png 0.999995 -0.00263138 0.0019668 0.00260489 0.0026254 0.999992 0.00303758 -0.0115186 -0.00197479 -0.0030324 0.999993 0.0124913 0.0 0.0 0.0 1.0
stairs/seq-04/color/frame-000049.color.png stairs/seq-04/color/frame-000051.color.png 0.999997 0.000210283 0.00241324 -0.00420391 -0.000219384 0.999993 0.00377117 -0.00604208 -0.00241243 -0.00377168 0.99999 0.00674886 0.0 0.0 0.0 1.0
stairs/seq-04/color/frame-000050.color.png stairs/seq-04/color/frame-000052.color.png 0.999987 0.00387242 -0.00315601 0.0198036 -0.00385984 0.999985 0.00397871 -0.0137616 0.0031714 -0.00396647 0.999987 0.0293701 0.0 0.0 0.0 1.0
stairs/seq-04/color/frame-000051.color.png stairs/seq-04/color/frame-000053.color.png 1.0 0.000248279 0.000850934 0.00442508 -0.000250574 0.999996 0.00269992 -0.0163333 -0.00085026 -0.00270014 0.999996 0.0194911 0.0 0.0 0.0 1.0
stairs/seq-04/color/frame-000052.color.png stairs/seq-04/color/frame-000054.color.png 0.999993 -0.00376883 0.000157384 -0.00611311 0.0037681 0.999983 0.00437083 -0.00880761 -0.000173867 -0.00437021 0.99999 0.00453582 0.0 0.0 0.0 1.0
stairs/seq-04/color/frame-000053.color.png stairs/seq-04/color/frame-000055.color.png 0.999986 -0.000338627 -0.00532641 0.0105132 0.000362299 0.99999 0.0044436 -0.00462303 0.00532485 -0.00444547 0.999976 0.0171203 0.0 0.0 0.0 1.0
stairs/seq-04/color/frame-000054.color.png stairs/seq-04/color/frame-000056.color.png 0.999978 -0.00272524 -0.00612106 0.0114882 0.00274495 0.999991 0.00321324 -0.00693649 0.00611224 -0.00322998 0.999976 0.0166014 0.0 0.0 0.0 1.0
stairs/seq-04/color/frame-000055.color.png stairs/seq-04/color/frame-000057.color.png 0.999985 -0.000871525 -0.00544686 0.00488708 0.000898121 0.999988 0.00488187 -0.00752884 0.00544252 -0.00488669 0.999973 0.0167659 0.0 0.0 0.0 1.0
stairs/seq-04/color/frame-000056.color.png stairs/seq-04/color/frame-000058.color.png 0.99999 0.0030326 -0.00320213 0.00533568 -0.00302453 0.999992 0.00252362 -0.00519761 0.00320976 -0.00251391 0.999992 0.0173691 0.0 0.0 0.0 1.0
stairs/seq-04/color/frame-000057.color.png stairs/seq-04/color/frame-000059.color.png 0.999996 0.00285617 -3.46268e-05 0.008151 -0.00285622 0.999995 -0.00137245 -0.00405805 3.07148e-05 0.00137255 0.999999 0.0146965 0.0 0.0 0.0 1.0
stairs/seq-04/color/frame-000058.color.png stairs/seq-04/color/frame-000060.color.png 0.999978 -0.000381453 0.00665841 -0.00542856 0.000378399 1.0 0.000459898 -0.00623477 -0.00665859 -0.000457359 0.999978 0.00824314 0.0 0.0 0.0 1.0
stairs/seq-04/color/frame-000059.color.png stairs/seq-04/color/frame-000061.color.png 0.999986 -0.00194435 0.00490899 -2.2843e-06 0.00194122 0.999998 0.000642882 -0.00719449 -0.00491022 -0.000633345 0.999988 0.0117975 0.0 0.0 0.0 1.0
stairs/seq-04/color/frame-000060.color.png stairs/seq-04/color/frame-000062.color.png 0.999993 -0.00027857 0.00359511 0.00239965 0.00028053 1.0 -0.000542708 -0.00731605 -0.00359493 0.000543719 0.999993 0.0124849 0.0 0.0 0.0 1.0
stairs/seq-04/color/frame-000061.color.png stairs/seq-04/color/frame-000063.color.png 0.999993 -0.00143102 0.00354769 -0.00155171 0.00143127 0.999999 -6.73851e-05 -0.0106818 -0.0035476 7.245e-05 0.999994 0.0145614 0.0 0.0 0.0 1.0
stairs/seq-04/color/frame-000062.color.png stairs/seq-04/color/frame-000064.color.png 0.999982 -0.00511062 0.003111 -0.00242659 0.00511514 0.999986 -0.00144613 -0.0118093 -0.0031036 0.00146201 0.999994 0.0174024 0.0 0.0 0.0 1.0
stairs/seq-04/color/frame-000063.color.png stairs/seq-04/color/frame-000065.color.png 0.999963 -0.00856868 0.000794679 -0.00357239 0.00857117 0.999958 -0.00319365 -0.0121091 -0.000767288 0.00320035 0.999995 0.00984299 0.0 0.0 0.0 1.0
stairs/seq-04/color/frame-000064.color.png stairs/seq-04/color/frame-000066.color.png 0.999978 -0.00645833 -0.00158235 -0.0012742 0.00645288 0.999973 -0.00342574 -0.00713012 0.00160442 0.00341545 0.999993 0.00894225 0.0 0.0 0.0 1.0
stairs/seq-04/color/frame-000065.color.png stairs/seq-04/color/frame-000067.color.png 0.999992 -0.0021334 -0.00351358 0.00961957 0.00211964 0.99999 -0.0039163 -0.00276718 0.00352191 0.00390881 0.999986 0.016764 0.0 0.0 0.0 1.0
stairs/seq-04/color/frame-000066.color.png stairs/seq-04/color/frame-000068.color.png 0.999998 -0.00188449 -0.000352778 0.00860311 0.00188241 0.999981 -0.0058375 -0.00505108 0.000363804 0.00583684 0.999983 0.0187302 0.0 0.0 0.0 1.0
stairs/seq-04/color/frame-000067.color.png stairs/seq-04/color/frame-000069.color.png 0.99997 -0.00503936 0.00581232 -0.0114812 0.00507217 0.999971 -0.00564538 -0.00622189 -0.00578371 0.00567468 0.999967 0.0052672 0.0 0.0 0.0 1.0
stairs/seq-04/color/frame-000068.color.png stairs/seq-04/color/frame-000070.color.png 0.999966 -0.00712999 0.00419238 -0.00496789 0.00714345 0.999969 -0.00320646 -0.00950363 -0.0041694 0.0032363 0.999986 0.0120214 0.0 0.0 0.0 1.0
stairs/seq-04/color/frame-000069.color.png stairs/seq-04/color/frame-000071.color.png 0.999966 -0.00619263 0.00547606 -0.00473875 0.00620691 0.999977 -0.00259197 -0.00789657 -0.00545989 0.00262588 0.999982 0.0147824 0.0 0.0 0.0 1.0
stairs/seq-04/color/frame-000070.color.png stairs/seq-04/color/frame-000072.color.png 0.999989 -0.00269836 0.00381647 -0.00536576 0.00269956 0.999996 -0.000311278 -0.00611496 -0.00381564 0.000321566 0.999993 0.00662744 0.0 0.0 0.0 1.0
stairs/seq-04/color/frame-000071.color.png stairs/seq-04/color/frame-000073.color.png 0.999997 0.000510206 0.00222365 0.0012883 -0.000506948 0.999999 -0.00147144 -0.00237885 -0.00222437 0.00147031 0.999997 0.0114196 0.0 0.0 0.0 1.0
stairs/seq-04/color/frame-000072.color.png stairs/seq-04/color/frame-000074.color.png 0.999984 -0.00354289 0.00449936 -0.00577448 0.00355566 0.99999 -0.00282924 -0.00547788 -0.00448929 0.0028452 0.999986 0.00786632 0.0 0.0 0.0 1.0
stairs/seq-04/color/frame-000073.color.png stairs/seq-04/color/frame-000075.color.png 0.999975 -0.00523809 0.00473076 -0.00946791 0.00523739 0.999986 0.000159986 -0.00952166 -0.00473156 -0.000135212 0.999989 0.00463259 0.0 0.0 0.0 1.0
stairs/seq-04/color/frame-000074.color.png stairs/seq-04/color/frame-000076.color.png 0.999991 -0.000276059 0.00434268 -0.00406487 0.000272738 1.0 0.000764947 -0.00490132 -0.00434292 -0.000763762 0.99999 0.0082525 0.0 0.0 0.0 1.0
stairs/seq-04/color/frame-000075.color.png stairs/seq-04/color/frame-000077.color.png 0.999997 0.000494151 0.00222501 0.00399238 -0.000487106 0.999995 -0.00316583 -0.00198627 -0.00222654 0.00316474 0.999992 0.012191 0.0 0.0 0.0 1.0
stairs/seq-04/color/frame-000076.color.png stairs/seq-04/color/frame-000078.color.png 0.99999 -0.0012414 0.00437599 -0.00456148 0.00126582 0.999984 -0.00558051 -0.0022102 -0.00436894 0.005586 0.999975 0.00750989 0.0 0.0 0.0 1.0
stairs/seq-04/color/frame-000077.color.png stairs/seq-04/color/frame-000079.color.png 0.999947 -0.00973918 0.00331952 -0.0168676 0.00974413 0.999951 -0.00147789 -0.0164272 -0.00330498 0.00151016 0.999993 -0.000397027 0.0 0.0 0.0 1.0
stairs/seq-04/color/frame-000078.color.png stairs/seq-04/color/frame-000080.color.png 0.999938 -0.00845457 -0.00722939 -0.00493247 0.00845822 0.999964 0.000473255 -0.0113638 0.00722511 -0.000534373 0.999974 0.00240493 0.0 0.0 0.0 1.0
stairs/seq-04/color/frame-000079.color.png stairs/seq-04/color/frame-000081.color.png 0.999844 -0.000949381 -0.0176575 0.0205567 0.000927244 0.999999 -0.00126227 -0.00229061 0.0176587 0.0012457 0.999843 0.0130447 0.0 0.0 0.0 1.0
stairs/seq-04/color/frame-000080.color.png stairs/seq-04/color/frame-000082.color.png 0.999932 0.00490356 -0.0105927 0.00969011 -0.0049864 0.999957 -0.0078077 0.00679997 0.0105539 0.00785998 0.999913 0.00681472 0.0 0.0 0.0 1.0
stairs/seq-04/color/frame-000081.color.png stairs/seq-04/color/frame-000083.color.png 0.999987 0.00303256 -0.00415476 -0.00250927 -0.00305356 0.999983 -0.00505755 0.00462872 0.00413935 0.00507017 0.999979 -9.94205e-05 0.0 0.0 0.0 1.0
stairs/seq-04/color/frame-000082.color.png stairs/seq-04/color/frame-000084.color.png 0.999963 1.88927e-05 -0.00857454 0.0117879 -5.02017e-05 0.999993 -0.00365025 -0.00119528 0.0085744 0.00365055 0.999957 0.0069797 0.0 0.0 0.0 1.0
stairs/seq-04/color/frame-000083.color.png stairs/seq-04/color/frame-000085.color.png 0.999948 0.0045066 -0.00912584 0.00775174 -0.00465555 0.999855 -0.0163658 0.00731912 0.00905077 0.0164074 0.999824 0.00510222 0.0 0.0 0.0 1.0
stairs/seq-04/color/frame-000084.color.png stairs/seq-04/color/frame-000086.color.png 0.99995 0.00411609 -0.00914498 0.00716331 -0.00422928 0.999914 -0.0123914 0.00609952 0.00909322 0.0124295 0.999882 0.00342393 0.0 0.0 0.0 1.0
stairs/seq-04/color/frame-000085.color.png stairs/seq-04/color/frame-000087.color.png 0.999913 -0.00440757 -0.0124146 0.0183068 0.00431268 0.999961 -0.00766122 0.00256011 0.0124479 0.00760702 0.999894 0.0124515 0.0 0.0 0.0 1.0
stairs/seq-04/color/frame-000086.color.png stairs/seq-04/color/frame-000088.color.png 0.999955 -0.00274259 -0.00913094 0.00603446 0.00261749 0.999903 -0.0136889 0.00737149 0.00916759 0.0136643 0.999865 0.0022732 0.0 0.0 0.0 1.0
stairs/seq-04/color/frame-000087.color.png stairs/seq-04/color/frame-000089.color.png 0.999844 0.00459656 -0.017056 0.0165829 -0.00480658 0.999913 -0.0122924 0.0117837 0.016998 0.0123725 0.999779 0.000692785 0.0 0.0 0.0 1.0
stairs/seq-04/color/frame-000088.color.png stairs/seq-04/color/frame-000090.color.png 0.999812 0.00416045 -0.018909 0.0215556 -0.00443725 0.999883 -0.01462 0.0127636 0.018846 0.0147012 0.999714 0.00574732 0.0 0.0 0.0 1.0
stairs/seq-04/color/frame-000089.color.png stairs/seq-04/color/frame-000091.color.png 0.99996 0.00475937 -0.0076289 0.0020289 -0.0048253 0.999951 -0.0086459 0.00746351 0.00758739 0.00868236 0.999934 -0.0062145 0.0 0.0 0.0 1.0
stairs/seq-04/color/frame-000090.color.png stairs/seq-04/color/frame-000092.color.png 0.99995 0.00246942 -0.00963785 0.0100915 -0.00248837 0.999995 -0.00195339 0.00147268 0.00963298 0.00197728 0.999952 -0.00146627 0.0 0.0 0.0 1.0
stairs/seq-04/color/frame-000091.color.png stairs/seq-04/color/frame-000093.color.png 0.99992 -0.00109729 -0.0126226 0.0163465 0.00102492 0.999983 -0.00573947 0.00418162 0.0126287 0.00572607 0.999904 0.00334609 0.0 0.0 0.0 1.0
stairs/seq-04/color/frame-000092.color.png stairs/seq-04/color/frame-000094.color.png 0.999783 -0.000361168 -0.0208173 0.0223412 0.000160237 0.999953 -0.00965278 0.00158957 0.0208198 0.00964734 0.999737 -0.00319844 0.0 0.0 0.0 1.0
stairs/seq-04/color/frame-000093.color.png stairs/seq-04/color/frame-000095.color.png 0.999727 0.00290348 -0.0231841 0.0270439 -0.00322244 0.999901 -0.0137325 0.00854632 0.0231419 0.0138035 0.999637 0.00404215 0.0 0.0 0.0 1.0
stairs/seq-04/color/frame-000094.color.png stairs/seq-04/color/frame-000096.color.png 0.999782 0.00901308 -0.0188211 0.0294959 -0.0092689 0.999865 -0.0135489 0.0150497 0.0186965 0.0137204 0.999731 0.00675142 0.0 0.0 0.0 1.0
stairs/seq-04/color/frame-000095.color.png stairs/seq-04/color/frame-000097.color.png 0.999755 0.00764105 -0.020798 0.0276063 -0.00796778 0.999846 -0.0156725 0.0122066 0.020675 0.0158343 0.999661 -0.00393367 0.0 0.0 0.0 1.0
stairs/seq-04/color/frame-000096.color.png stairs/seq-04/color/frame-000098.color.png 0.999871 0.0081836 -0.0138199 0.0197325 -0.00834908 0.999894 -0.0119595 0.0154324 0.0137206 0.0120733 0.999833 -0.00680798 0.0 0.0 0.0 1.0
stairs/seq-04/color/frame-000097.color.png stairs/seq-04/color/frame-000099.color.png 0.999952 0.00754064 -0.00621652 0.0201548 -0.00754124 0.999972 -7.53601e-05 0.00357041 0.00621577 0.000122252 0.999981 0.0017305 0.0 0.0 0.0 1.0
stairs/seq-04/color/frame-000098.color.png stairs/seq-04/color/frame-000100.color.png 0.999967 -0.000628152 -0.00814508 0.029396 0.000603004 0.999995 -0.00309068 0.00111946 0.00814698 0.00308567 0.999962 0.00191075 0.0 0.0 0.0 1.0
stairs/seq-04/color/frame-000099.color.png stairs/seq-04/color/frame-000101.color.png 0.999977 0.000100998 -0.00674802 0.0240975 -0.000138935 0.999984 -0.00562135 0.00392202 0.00674735 0.00562216 0.999961 -0.00212026 0.0 0.0 0.0 1.0
stairs/seq-04/color/frame-000100.color.png stairs/seq-04/color/frame-000102.color.png 0.99998 0.00533765 -0.00338835 0.0152187 -0.00534865 0.99998 -0.00324443 0.00542337 0.00337096 0.00326249 0.999989 -0.00378895 0.0 0.0 0.0 1.0
stairs/seq-04/color/frame-000101.color.png stairs/seq-04/color/frame-000103.color.png 0.999948 0.00806354 -0.00626837 0.0210321 -0.00808898 0.999959 -0.00404285 0.00547427 0.00623551 0.00409335 0.999972 -0.0013063 0.0 0.0 0.0 1.0
stairs/seq-04/color/frame-000102.color.png stairs/seq-04/color/frame-000104.color.png 0.999825 0.0155475 -0.010428 0.0262781 -0.0155596 0.999878 -0.00108019 0.00861031 0.0104099 0.00124225 0.999945 -0.00914073 0.0 0.0 0.0 1.0
stairs/seq-04/color/frame-000103.color.png stairs/seq-04/color/frame-000105.color.png 0.999796 0.0147938 -0.0137242 0.0348271 -0.0147866 0.99989 0.000626874 0.0053294 0.0137319 -0.000423811 0.999906 -0.000926971 0.0 0.0 0.0 1.0
stairs/seq-04/color/frame-000104.color.png stairs/seq-04/color/frame-000106.color.png 0.99993 0.00718172 -0.0093721 0.0263076 -0.00720888 0.99997 -0.00286708 0.00375396 0.00935122 0.00293446 0.999952 0.000314176 0.0 0.0 0.0 1.0
stairs/seq-04/color/frame-000105.color.png stairs/seq-04/color/frame-000107.color.png 0.999839 0.0100965 -0.0148616 0.0307929 -0.0101658 0.999938 -0.00459849 0.00263855 0.0148142 0.00474884 0.999879 -0.00291765 0.0 0.0 0.0 1.0
stairs/seq-04/color/frame-000106.color.png stairs/seq-04/color/frame-000108.color.png 0.999724 0.0127155 -0.0197654 0.0380002 -0.0128487 0.999896 -0.00663039 0.00432163 0.019679 0.0068825 0.999783 0.00319099 0.0 0.0 0.0 1.0
stairs/seq-04/color/frame-000107.color.png stairs/seq-04/color/frame-000109.color.png 0.999872 0.00523664 -0.0151405 0.0227667 -0.00533134 0.999966 -0.00622124 0.00688595 0.0151074 0.00630115 0.999866 -0.00352889 0.0 0.0 0.0 1.0
stairs/seq-04/color/frame-000108.color.png stairs/seq-04/color/frame-000110.color.png 0.999837 0.00556 -0.0171696 0.0266178 -0.00558 0.999984 -0.00111734 0.000911146 0.0171631 0.00121297 0.999852 -0.00434601 0.0 0.0 0.0 1.0
stairs/seq-04/color/frame-000109.color.png stairs/seq-04/color/frame-000111.color.png 0.999625 0.00966699 -0.0256147 0.0387189 -0.00972773 0.99995 -0.0022476 0.00434038 0.0255916 0.00249592 0.999669 -0.00159925 0.0 0.0 0.0 1.0
stairs/seq-04/color/frame-000110.color.png stairs/seq-04/color/frame-000112.color.png 0.999641 0.00751876 -0.0257048 0.0478168 -0.00762961 0.999962 -0.00421697 0.00734189 0.0256721 0.00441157 0.999661 0.00383353 0.0 0.0 0.0 1.0
stairs/seq-04/color/frame-000111.color.png stairs/seq-04/color/frame-000113.color.png 0.999957 0.00306457 -0.00875489 0.019038 -0.003113 0.99998 -0.00552311 0.00737476 0.00873782 0.00555013 0.999946 0.00173879 0.0 0.0 0.0 1.0
stairs/seq-04/color/frame-000112.color.png stairs/seq-04/color/frame-000114.color.png 0.999964 0.00224854 -0.00816651 0.0113753 -0.00226565 0.999995 -0.00208629 0.00262165 0.00816178 0.00210471 0.999965 -0.00631696 0.0 0.0 0.0 1.0
stairs/seq-04/color/frame-000113.color.png stairs/seq-04/color/frame-000115.color.png 0.999756 0.00593052 -0.0212663 0.0321682 -0.00594268 0.999982 -0.000508623 0.00347373 0.021263 0.000634885 0.999774 -0.00493461 0.0 0.0 0.0 1.0
stairs/seq-04/color/frame-000114.color.png stairs/seq-04/color/frame-000116.color.png 0.999723 0.00622797 -0.0226902 0.0334145 -0.0062546 0.99998 -0.00110287 0.00441071 0.0226829 0.00124448 0.999742 -0.00255919 0.0 0.0 0.0 1.0
stairs/seq-04/color/frame-000115.color.png stairs/seq-04/color/frame-000117.color.png 0.99982 0.00553613 -0.0181475 0.0258172 -0.005568 0.999983 -0.00170588 0.00348422 0.0181377 0.00180661 0.999834 -0.00201666 0.0 0.0 0.0 1.0
stairs/seq-04/color/frame-000116.color.png stairs/seq-04/color/frame-000118.color.png 0.99972 0.00739719 -0.022461 0.0277156 -0.00753324 0.999954 -0.00597847 0.01058 0.0224158 0.00614598 0.99973 -0.00648808 0.0 0.0 0.0 1.0
stairs/seq-04/color/frame-000117.color.png stairs/seq-04/color/frame-000119.color.png 0.999695 0.00415601 -0.0243566 0.0275308 -0.0042183 0.999988 -0.00250692 0.00206757 0.0243459 0.00260891 0.9997 -0.00606799 0.0 0.0 0.0 1.0
stairs/seq-04/color/frame-000118.color.png stairs/seq-04/color/frame-000120.color.png 0.999559 0.0109549 -0.0275909 0.0367236 -0.0109879 0.999939 -0.00104529 0.00611201 0.0275778 0.001348 0.999619 -0.00673378 0.0 0.0 0.0 1.0
stairs/seq-04/color/frame-000119.color.png stairs/seq-04/color/frame-000121.color.png 0.999529 0.0115844 -0.0284081 0.0387042 -0.0117053 0.999923 -0.00409338 0.00608003 0.0283585 0.00442399 0.999588 -0.0022577 0.0 0.0 0.0 1.0
stairs/seq-04/color/frame-000120.color.png stairs/seq-04/color/frame-000122.color.png 0.999762 0.00722377 -0.0205754 0.0284883 -0.0073514 0.999954 -0.00613388 0.000410408 0.0205302 0.00628367 0.99977 0.00250208 0.0 0.0 0.0 1.0
stairs/seq-04/color/frame-000121.color.png stairs/seq-04/color/frame-000123.color.png 0.999654 0.0101447 -0.0242722 0.0206429 -0.01042 0.999882 -0.0112404 0.0124341 0.0241553 0.0114894 0.999642 -0.0141928 0.0 0.0 0.0 1.0
stairs/seq-04/color/frame-000122.color.png stairs/seq-04/color/frame-000124.color.png 0.99961 0.0103731 -0.0259161 0.0203246 -0.0106249 0.999898 -0.00959567 0.0168139 0.0258139 0.00986731 0.999618 -0.0203731 0.0 0.0 0.0 1.0
stairs/seq-04/color/frame-000123.color.png stairs/seq-04/color/frame-000125.color.png 0.999311 0.0156159 -0.0336646 0.0269939 -0.0157479 0.999869 -0.00366002 0.00761682 0.0336031 0.00418762 0.999427 -0.0108569 0.0 0.0 0.0 1.0
stairs/seq-04/color/frame-000124.color.png stairs/seq-04/color/frame-000126.color.png 0.999306 0.0155048 -0.033881 0.0298445 -0.0157181 0.999858 -0.00603774 0.0156874 0.0337826 0.00656608 0.999408 -0.00742072 0.0 0.0 0.0 1.0
stairs/seq-04/color/frame-000125.color.png stairs/seq-04/color/frame-000127.color.png 0.999442 0.0116152 -0.0313219 0.0372599 -0.0117683 0.99992 -0.00470682 0.00638857 0.0312647 0.00507281 0.999498 -0.00894737 0.0 0.0 0.0 1.0
stairs/seq-04/color/frame-000126.color.png stairs/seq-04/color/frame-000128.color.png 0.999522 0.011015 -0.0289039 0.0353332 -0.0112388 0.999908 -0.00759247 0.00964677 0.0288176 0.00791368 0.999553 -0.00578851 0.0 0.0 0.0 1.0
stairs/seq-04/color/frame-000127.color.png stairs/seq-04/color/frame-000129.color.png 0.999827 0.0130893 -0.0132353 -0.00142732 -0.0132648 0.999824 -0.0132572 0.0211146 0.0130594 0.0134305 0.999825 -0.00720274 0.0 0.0 0.0 1.0
stairs/seq-04/color/frame-000128.color.png stairs/seq-04/color/frame-000130.color.png 0.999814 0.0140616 -0.0132149 0.00483498 -0.0141681 0.999868 -0.00799722 0.00854024 0.0131007 0.00818297 0.999881 -0.0107741 0.0 0.0 0.0 1.0
stairs/seq-04/color/frame-000129.color.png stairs/seq-04/color/frame-000131.color.png 0.999748 0.00760257 -0.0211097 0.0261091 -0.00784543 0.999904 -0.0114455 0.0171652 0.0210206 0.0116082 0.999712 -0.00365102 0.0 0.0 0.0 1.0
stairs/seq-04/color/frame-000130.color.png stairs/seq-04/color/frame-000132.color.png 0.999802 0.010963 -0.0166108 0.0100954 -0.0110893 0.99991 -0.00753118 0.007146 0.0165268 0.0077139 0.999834 -0.00150758 0.0 0.0 0.0 1.0
stairs/seq-04/color/frame-000131.color.png stairs/seq-04/color/frame-000133.color.png 0.99946 0.0130269 -0.0301852 0.0490931 -0.0130497 0.999915 -0.000559734 -0.0145166 0.0301754 0.000953365 0.999544 -0.00618666 0.0 0.0 0.0 1.0
stairs/seq-04/color/frame-000132.color.png stairs/seq-04/color/frame-000134.color.png 0.999835 0.00553508 -0.0173241 0.00935578 -0.00585563 0.999812 -0.0185055 0.0426808 0.0172185 0.0186039 0.999679 -0.00697464 0.0 0.0 0.0 1.0
stairs/seq-04/color/frame-000133.color.png stairs/seq-04/color/frame-000135.color.png 0.999676 0.0123739 -0.0222569 0.0158748 -0.0125118 0.999903 -0.00606565 0.00867277 0.0221796 0.00634216 0.999734 -0.00533915 0.0 0.0 0.0 1.0
stairs/seq-04/color/frame-000134.color.png stairs/seq-04/color/frame-000136.color.png 0.999493 0.0125273 -0.029254 0.0350752 -0.0126107 0.999917 -0.00267108 -0.00272095 0.029218 0.00303863 0.999568 -0.00526398 0.0 0.0 0.0 1.0
stairs/seq-04/color/frame-000135.color.png stairs/seq-04/color/frame-000137.color.png 0.999654 0.0100285 -0.0243052 0.0232268 -0.0101025 0.999945 -0.00292268 0.00653109 0.0242747 0.00316718 0.9997 -0.00867677 0.0 0.0 0.0 1.0
stairs/seq-04/color/frame-000136.color.png stairs/seq-04/color/frame-000138.color.png 0.999667 0.0112183 -0.0232524 0.0322878 -0.0112867 0.999932 -0.0028116 0.00602856 0.0232193 0.00307309 0.999726 -0.0129006 0.0 0.0 0.0 1.0
stairs/seq-04/color/frame-000137.color.png stairs/seq-04/color/frame-000139.color.png 0.999899 0.00826968 -0.0115805 0.0100397 -0.00834126 0.999946 -0.00614615 0.00923842 0.011529 0.00624216 0.999914 -0.00776047 0.0 0.0 0.0 1.0
stairs/seq-04/color/frame-000138.color.png stairs/seq-04/color/frame-000140.color.png 0.999878 0.00851061 -0.0130797 0.0113372 -0.00858961 0.999945 -0.00599703 0.00824079 0.0130279 0.00610869 0.999897 -0.00308502 0.0 0.0 0.0 1.0
stairs/seq-04/color/frame-000139.color.png stairs/seq-04/color/frame-000141.color.png 0.999824 0.00594676 -0.0177845 0.0201843 -0.00609061 0.999949 -0.00804569 0.00957975 0.0177358 0.00815261 0.999809 -0.0107603 0.0 0.0 0.0 1.0
stairs/seq-04/color/frame-000140.color.png stairs/seq-04/color/frame-000142.color.png 0.999877 0.00792691 -0.0135479 0.006681 -0.00795885 0.999966 -0.00230326 -0.006892 0.0135293 0.00241079 0.999905 -0.015435 0.0 0.0 0.0 1.0
stairs/seq-04/color/frame-000141.color.png stairs/seq-04/color/frame-000143.color.png 0.999735 0.00652774 -0.0220548 0.0244269 -0.00670784 0.999945 -0.00810255 0.00965205 0.0220006 0.00824832 0.999724 -0.00853425 0.0 0.0 0.0 1.0
stairs/seq-04/color/frame-000142.color.png stairs/seq-04/color/frame-000144.color.png 0.999766 0.00754015 -0.0202707 0.018982 -0.007773 0.999904 -0.0114327 0.0188036 0.0201827 0.0115875 0.999729 -0.00519496 0.0 0.0 0.0 1.0
stairs/seq-04/color/frame-000143.color.png stairs/seq-04/color/frame-000145.color.png 0.999884 0.009024 -0.0122514 0.00456268 -0.00915481 0.999901 -0.0106605 0.0165451 0.012154 0.0107714 0.999868 -0.0118988 0.0 0.0 0.0 1.0
stairs/seq-04/color/frame-000144.color.png stairs/seq-04/color/frame-000146.color.png 0.999826 0.0121692 -0.0141633 0.000386864 -0.0123269 0.999862 -0.0110976 0.0204196 0.0140262 0.0112703 0.999838 -0.0189312 0.0 0.0 0.0 1.0
stairs/seq-04/color/frame-000145.color.png stairs/seq-04/color/frame-000147.color.png 0.999734 0.00842294 -0.0214924 0.0249159 -0.0084745 0.999961 -0.00230988 0.00490892 0.021472 0.00249138 0.999766 -0.0178494 0.0 0.0 0.0 1.0
stairs/seq-04/color/frame-000146.color.png stairs/seq-04/color/frame-000148.color.png 0.99914 0.00916406 -0.0404307 0.0633336 -0.00914813 0.999958 0.000579871 -0.00216272 0.0404343 -0.000209466 0.999182 0.00624895 0.0 0.0 0.0 1.0
stairs/seq-04/color/frame-000147.color.png stairs/seq-04/color/frame-000149.color.png 0.999798 0.00986964 -0.0175055 0.00654542 -0.00989655 0.99995 -0.00145253 -0.00462928 0.0174903 0.0016255 0.999846 -0.01162 0.0 0.0 0.0 1.0
stairs/seq-04/color/frame-000148.color.png stairs/seq-04/color/frame-000150.color.png 0.999854 0.0104857 -0.013509 0.00328586 -0.0105218 0.999941 -0.00260589 0.00751379 0.0134809 0.00274765 0.999905 -0.0226478 0.0 0.0 0.0 1.0
stairs/seq-04/color/frame-000149.color.png stairs/seq-04/color/frame-000151.color.png 0.999603 0.0105656 -0.0261354 0.0226129 -0.0107156 0.999927 -0.00560637 0.0165732 0.0260741 0.00588415 0.999643 -0.00934824 0.0 0.0 0.0 1.0
stairs/seq-04/color/frame-000150.color.png stairs/seq-04/color/frame-000152.color.png 0.999641 0.00861906 -0.0253769 0.0149061 -0.00873647 0.999952 -0.00452023 0.00261781 0.0253366 0.00474027 0.999668 -0.00191373 0.0 0.0 0.0 1.0
stairs/seq-04/color/frame-000151.color.png stairs/seq-04/color/frame-000153.color.png 0.999761 0.00306816 -0.0216523 0.0111872 -0.00322383 0.999969 -0.00715758 0.0106518 0.0216297 0.00722569 0.99974 0.00200039 0.0 0.0 0.0 1.0
stairs/seq-04/color/frame-000152.color.png stairs/seq-04/color/frame-000154.color.png 0.999658 0.0060053 -0.0254599 0.0279076 -0.0060277 0.999981 -0.00080218 0.00753653 0.0254548 0.000955378 0.999675 -0.0108794 0.0 0.0 0.0 1.0
stairs/seq-04/color/frame-000153.color.png stairs/seq-04/color/frame-000155.color.png 0.999445 0.0156759 -0.0293988 0.0243148 -0.0155386 0.999867 0.00489288 0.0013077 0.0294716 -0.00443334 0.999556 -0.0147525 0.0 0.0 0.0 1.0
stairs/seq-04/color/frame-000154.color.png stairs/seq-04/color/frame-000156.color.png 0.999634 0.0161487 -0.0216865 0.0157796 -0.0160241 0.999854 0.00590545 -0.00331932 0.0217785 -0.00555579 0.999747 -0.00102848 0.0 0.0 0.0 1.0
stairs/seq-04/color/frame-000155.color.png stairs/seq-04/color/frame-000157.color.png 0.999828 0.0124101 -0.0137657 -0.000995398 -0.0124092 0.999923 0.000146348 0.00213864 0.0137665 2.45113e-05 0.999905 0.000108927 0.0 0.0 0.0 1.0
stairs/seq-04/color/frame-000156.color.png stairs/seq-04/color/frame-000158.color.png 0.999708 0.0127818 -0.0205168 0.0168141 -0.0127608 0.999918 0.00115539 -0.00531778 0.0205299 -0.000893248 0.999789 -0.00697362 0.0 0.0 0.0 1.0
stairs/seq-04/color/frame-000157.color.png stairs/seq-04/color/frame-000159.color.png 0.999869 0.00361198 -0.015797 0.0152737 -0.00359879 0.999993 0.000868085 -0.00337571 0.0158001 -0.000811146 0.999875 -0.00270945 0.0 0.0 0.0 1.0
stairs/seq-04/color/frame-000158.color.png stairs/seq-04/color/frame-000160.color.png 0.9999 0.00479138 -0.0133269 0.00829488 -0.00476967 0.999987 0.00166544 -0.00700146 0.0133348 -0.00160168 0.99991 -0.0118362 0.0 0.0 0.0 1.0
stairs/seq-04/color/frame-000159.color.png stairs/seq-04/color/frame-000161.color.png 0.999854 0.00361082 -0.0166804 0.00336754 -0.00369909 0.999979 -0.00526909 0.011897 0.0166608 0.00533001 0.999847 -0.000500739 0.0 0.0 0.0 1.0
stairs/seq-04/color/frame-000160.color.png stairs/seq-04/color/frame-000162.color.png 0.9997 0.00563066 -0.0238198 0.0123979 -0.00585762 0.999938 -0.00947008 0.0179017 0.0237649 0.00960679 0.999671 0.00929207 0.0 0.0 0.0 1.0
stairs/seq-04/color/frame-000161.color.png stairs/seq-04/color/frame-000163.color.png 0.999586 0.00872002 -0.0274037 0.0254562 -0.00901341 0.999903 -0.0105999 0.0109078 0.0273086 0.0108425 0.999568 -0.00291359 0.0 0.0 0.0 1.0
stairs/seq-04/color/frame-000162.color.png stairs/seq-04/color/frame-000164.color.png 0.999847 0.00695379 -0.0160309 0.0188462 -0.00708268 0.999943 -0.00799631 0.0113437 0.0159744 0.00810867 0.999839 -0.0070076 0.0 0.0 0.0 1.0
stairs/seq-04/color/frame-000163.color.png stairs/seq-04/color/frame-000165.color.png 0.99988 0.00494647 -0.0147053 0.0142013 -0.00498144 0.999985 -0.00234059 0.00572473 0.0146936 0.00241359 0.999889 -0.00542891 0.0 0.0 0.0 1.0
stairs/seq-04/color/frame-000164.color.png stairs/seq-04/color/frame-000166.color.png 0.999851 0.00859573 -0.0149652 0.000251859 -0.00859265 0.999963 0.000269315 -0.00296167 0.014967 -0.000140698 0.999888 -0.00323749 0.0 0.0 0.0 1.0
stairs/seq-04/color/frame-000165.color.png stairs/seq-04/color/frame-000167.color.png 0.99985 0.0102273 -0.0139819 0.00834715 -0.0102386 0.999947 -0.000735492 -0.00119781 0.0139737 0.000878533 0.999902 -0.00726306 0.0 0.0 0.0 1.0
stairs/seq-04/color/frame-000166.color.png stairs/seq-04/color/frame-000168.color.png 0.999787 0.010633 -0.0176816 0.0161681 -0.0106823 0.999939 -0.00269754 0.00408432 0.0176518 0.00288588 0.99984 -0.0110301 0.0 0.0 0.0 1.0
stairs/seq-04/color/frame-000167.color.png stairs/seq-04/color/frame-000169.color.png 0.999733 0.00894886 -0.0212984 0.0163435 -0.0090247 0.999953 -0.00346954 0.00899589 0.0212662 0.00366091 0.999767 -0.0138227 0.0 0.0 0.0 1.0
stairs/seq-04/color/frame-000168.color.png stairs/seq-04/color/frame-000170.color.png 0.999858 0.00844721 -0.0145756 0.0155543 -0.00845067 0.999964 -0.000175486 0.00174475 0.0145736 0.000298544 0.999894 -0.0114709 0.0 0.0 0.0 1.0
stairs/seq-04/color/frame-000169.color.png stairs/seq-04/color/frame-000171.color.png 0.999847 0.0114423 -0.0132142 0.0148094 -0.01141 0.999932 0.00251689 0.00235721 0.0132422 -0.00236574 0.999909 -0.00658727 0.0 0.0 0.0 1.0
stairs/seq-04/color/frame-000170.color.png stairs/seq-04/color/frame-000172.color.png 0.999764 0.0153648 -0.0153606 0.0135549 -0.0152707 0.999864 0.00622436 0.00310308 0.0154543 -0.00598819 0.999863 -0.00747097 0.0 0.0 0.0 1.0
stairs/seq-04/color/frame-000171.color.png stairs/seq-04/color/frame-000173.color.png 0.999867 0.0134005 -0.00934026 0.0071958 -0.0133206 0.999875 0.00857388 0.00023672 0.00945386 -0.00844833 0.99992 -0.0125556 0.0 0.0 0.0 1.0
stairs/seq-04/color/frame-000172.color.png stairs/seq-04/color/frame-000174.color.png 0.999915 0.0111631 -0.00670982 0.000921547 -0.0110961 0.999889 0.00993957 -0.00199112 0.00681985 -0.00986437 0.999928 -0.00438321 0.0 0.0 0.0 1.0
stairs/seq-04/color/frame-000173.color.png stairs/seq-04/color/frame-000175.color.png 0.999844 0.0143022 -0.0103575 0.0176519 -0.0142098 0.999859 0.00893562 0.00269121 0.010484 -0.00878702 0.999906 -0.00808296 0.0 0.0 0.0 1.0
