stairs/seq-04/color/frame-000000.color.png stairs/seq-04/color/frame-000003.color.png 0.999447 -0.00623999 0.0326705 -0.0257992 0.00639108 0.999969 -0.00452244 -0.0224383 -0.0326413 0.00472874 0.999456 0.0475193 0.0 0.0 0.0 1.0
stairs/seq-04/color/frame-000001.color.png stairs/seq-04/color/frame-000004.color.png 0.999952 -0.00639903 0.00747985 -0.0168224 0.00639595 0.999979 0.000435185 -0.0153608 -0.00748248 -0.000387324 0.999972 0.0331304 0.0 0.0 0.0 1.0
stairs/seq-04/color/frame-000002.color.png stairs/seq-04/color/frame-000005.color.png 0.999922 -0.00672595 0.0105682 -0.021597 0.00678858 0.99996 -0.00590129 -0.0118371 -0.0105281 0.00597257 0.999927 0.0294181 0.0 0.0 0.0 1.0
stairs/seq-04/color/frame-000003.color.png stairs/seq-04/color/frame-000006.color.png 0.999898 -0.00496303 0.0133844 -0.0198042 0.00498154 0.999987 -0.00135011 -0.0134901 -0.0133775 0.00141665 0.99991 0.032766 0.0 0.0 0.0 1.0
stairs/seq-04/color/frame-000004.color.png stairs/seq-04/color/frame-000007.color.png 0.99977 -0.00125287 0.0214049 -0.0270967 0.00133055 0.999993 -0.00361533 -0.011167 -0.0214002 0.00364298 0.999764 0.0291544 0.0 0.0 0.0 1.0
stairs/seq-04/color/frame-000005.color.png stairs/seq-04/color/frame-000008.color.png 0.999924 -0.00153607 0.0121938 -0.0168455 0.00150461 0.999995 0.00258863 -0.00966552 -0.0121977 -0.00257008 0.999922 0.0214217 0.0 0.0 0.0 1.0
stairs/seq-04/color/frame-000006.color.png stairs/seq-04/color/frame-000009.color.png 0.99993 -0.0058083 0.0103621 -0.0191442 0.00580771 0.999983 8.67779e-05 -0.0149472 -0.0103625 -2.65901e-05 0.999946 0.0321173 0.0 0.0 0.0 1.0
stairs/seq-04/color/frame-000007.color.png stairs/seq-04/color/frame-000010.color.png 0.999966 -0.00598224 0.00561809 -0.0140104 0.0059642 0.999977 0.00322299 -0.0109856 -0.00563725 -0.00318937 0.999979 0.0252993 0.0 0.0 0.0 1.0
stairs/seq-04/color/frame-000008.color.png stairs/seq-04/color/frame-000011.color.png 0.999948 -0.00566903 0.00847214 -0.0181226 0.00564539 0.99998 0.00281177 -0.0109549 -0.00848791 -0.0027638 0.99996 0.0346567 0.0 0.0 0.0 1.0
stairs/seq-04/color/frame-000009.color.png stairs/seq-04/color/frame-000012.color.png 0.999952 -0.00336843 0.00919431 -0.0207686 0.00333486 0.999988 0.00366389 -0.00843152 -0.00920651 -0.00363305 0.999951 0.0253379 0.0 0.0 0.0 1.0
stairs/seq-04/color/frame-000010.color.png stairs/seq-04/color/frame-000013.color.png 0.99997 -0.00529271 0.00565811 -0.0195876 0.00529474 0.999986 -0.000342141 -0.00975392 -0.00565622 0.000372089 0.999984 0.0319544 0.0 0.0 0.0 1.0
stairs/seq-04/color/frame-000011.color.png stairs/seq-04/color/frame-000014.color.png 0.999992 -0.0038934 0.00115804 -0.0160927 0.00389609 0.99999 -0.00233542 -0.00738386 -0.00114894 0.00233991 0.999997 0.0238547 0.0 0.0 0.0 1.0
stairs/seq-04/color/frame-000012.color.png stairs/seq-04/color/frame-000015.color.png 0.999994 -0.00306949 0.00169621 -0.0170811 0.0030821 0.999967 -0.00748274 -0.00929261 -0.00167319 0.00748792 0.999971 0.0271515 0.0 0.0 0.0 1.0
stairs/seq-04/color/frame-000013.color.png stairs/seq-04/color/frame-000016.color.png 0.999999 -0.00106238 0.00133918 -0.00954267 0.00106814 0.99999 -0.0043102 -0.00560234 -0.00133458 0.00431163 0.99999 0.0232145 0.0 0.0 0.0 1.0
stairs/seq-04/color/frame-000014.color.png stairs/seq-04/color/frame-000017.color.png 0.999946 -0.00465443 0.00927341 -0.014912 0.00473843 0.999948 -0.00905593 -0.0108799 -0.00923077 0.00909938 0.999916 0.0241599 0.0 0.0 0.0 1.0
stairs/seq-04/color/frame-000015.color.png stairs/seq-04/color/frame-000018.color.png 0.999896 -0.00552715 0.0133153 -0.017735 0.00557703 0.999978 -0.00371207 -0.00840032 -0.0132945 0.00378594 0.999904 0.0175605 0.0 0.0 0.0 1.0
stairs/seq-04/color/frame-000016.color.png stairs/seq-04/color/frame-000019.color.png 0.999823 -0.00983111 0.0160566 -0.0211078 0.00990158 0.999942 -0.00431527 -0.0133589 -0.0160133 0.00447349 0.999862 0.0203152 0.0 0.0 0.0 1.0
stairs/seq-04/color/frame-000017.color.png stairs/seq-04/color/frame-000020.color.png 0.999904 -0.0044729 0.0130997 -0.0161267 0.0044564 0.999989 0.00128875 -0.0123419 -0.0131054 -0.00123025 0.999913 0.0171857 0.0 0.0 0.0 1.0
stairs/seq-04/color/frame-000018.color.png stairs/seq-04/color/frame-000021.color.png 0.999904 -0.00644366 0.0122553 -0.011484 0.00644302 0.999979 9.19855e-05 -0.0144775 -0.0122556 -1.3018e-05 0.999925 0.021553 0.0 0.0 0.0 1.0
stairs/seq-04/color/frame-000019.color.png stairs/seq-04/color/frame-000022.color.png 0.999945 -0.00361006 0.00980738 -0.0136691 0.00359894 0.999993 0.00115162 -0.00927357 -0.00981147 -0.00111626 0.999951 0.0170437 0.0 0.0 0.0 1.0
stairs/seq-04/color/frame-000020.color.png stairs/seq-04/color/frame-000023.color.png 0.999973 -0.00665535 0.00317786 -0.008495 0.00664294 0.99997 0.003901 -0.0101475 -0.00320373 -0.00387979 0.999987 0.0237417 0.0 0.0 0.0 1.0
stairs/seq-04/color/frame-000021.color.png stairs/seq-04/color/frame-000024.color.png 0.99999 -0.00449621 0.000408695 -0.0109708 0.0044928 0.999958 0.00800391 -0.0117688 -0.000444645 -0.008002 0.999968 0.019487 0.0 0.0 0.0 1.0
stairs/seq-04/color/frame-000022.color.png stairs/seq-04/color/frame-000025.color.png 0.999978 -0.00444473 -0.00488608 -0.0059524 0.00449596 0.999934 0.0105248 -0.0166224 0.00483899 -0.0105466 0.999933 0.0250852 0.0 0.0 0.0 1.0
stairs/seq-04/color/frame-000023.color.png stairs/seq-04/color/frame-000026.color.png 0.999993 -0.00181239 -0.0033822 -0.0053473 0.0018415 0.999961 0.00862439 -0.0107146 0.00336644 -0.00863055 0.999957 0.0195178 0.0 0.0 0.0 1.0
stairs/seq-04/color/frame-000024.color.png stairs/seq-04/color/frame-000027.color.png 0.999999 2.99454e-05 -0.00146432 0.00506939 -1.81861e-05 0.999968 0.00803359 -0.0165958 0.0014645 -0.00803355 0.999967 0.0293353 0.0 0.0 0.0 1.0
stairs/seq-04/color/frame-000025.color.png stairs/seq-04/color/frame-000028.color.png 0.999946 0.000442296 0.0103549 -0.00624539 -0.000497204 0.999986 0.00530003 -0.0133876 -0.0103524 -0.00530489 0.999932 0.0161395 0.0 0.0 0.0 1.0
stairs/seq-04/color/frame-000026.color.png stairs/seq-04/color/frame-000029.color.png 0.999965 -0.00156039 0.00818563 0.00425034 0.0015291 0.999991 0.00382928 -0.0149015 -0.00819155 -0.00381663 0.999959 0.0210293 0.0 0.0 0.0 1.0
stairs/seq-04/color/frame-000027.color.png stairs/seq-04/color/frame-000030.color.png 0.999938 -0.00737399 0.00830316 -0.00267662 0.00732179 0.999953 0.00629965 -0.018384 -0.00834921 -0.00623847 0.999946 0.0158017 0.0 0.0 0.0 1.0
stairs/seq-04/color/frame-000028.color.png stairs/seq-04/color/frame-000031.color.png 0.999979 -0.00506786 0.00407949 0.000303723 0.00503787 0.999961 0.00732954 -0.0164819 -0.00411649 -0.00730883 0.999965 0.0207196 0.0 0.0 0.0 1.0
stairs/seq-04/color/frame-000029.color.png stairs/seq-04/color/frame-000032.color.png 0.999987 -0.00147798 0.00484595 0.00327553 0.00143159 0.999953 0.00956166 -0.0203933 -0.00485986 -0.0095546 0.999942 0.0294113 0.0 0.0 0.0 1.0
stairs/seq-04/color/frame-000030.color.png stairs/seq-04/color/frame-000033.color.png 0.999992 0.00229925 0.00327217 0.0101796 -0.00232099 0.999975 0.00665697 -0.0158179 -0.00325678 -0.00666451 0.999973 0.0239974 0.0 0.0 0.0 1.0
stairs/seq-04/color/frame-000031.color.png stairs/seq-04/color/frame-000034.color.png 0.999988 0.00250788 0.0042771 0.0133525 -0.00253009 0.999983 0.00519774 -0.0161535 -0.00426399 -0.0052085 0.999977 0.0262115 0.0 0.0 0.0 1.0
stairs/seq-04/color/frame-000032.color.png stairs/seq-04/color/frame-000035.color.png 0.999977 -0.00291841 0.00618452 5.09247e-05 0.0028683 0.999963 0.00809636 -0.0206149 -0.00620792 -0.00807843 0.999948 0.0198873 0.0 0.0 0.0 1.0
stairs/seq-04/color/frame-000033.color.png stairs/seq-04/color/frame-000036.color.png 0.999981 -0.00485834 -0.00382564 0.0204143 0.00488394 0.999966 0.00671376 -0.0203977 0.0037929 -0.00673232 0.99997 0.0316187 0.0 0.0 0.0 1.0
stairs/seq-04/color/frame-000034.color.png stairs/seq-04/color/frame-000037.color.png 0.999982 -0.00507654 -0.00331537 0.0161228 0.00509727 0.999967 0.00627755 -0.0218252 0.00328339 -0.00629433 0.999975 0.0267347 0.0 0.0 0.0 1.0
stairs/seq-04/color/frame-000035.color.png stairs/seq-04/color/frame-000038.color.png 1.0 0.000949457 -8.78677e-05 0.0164172 -0.000949155 0.999994 0.00328589 -0.0186261 9.0981e-05 -0.0032858 0.999995 0.0261044 0.0 0.0 0.0 1.0
stairs/seq-04/color/frame-000036.color.png stairs/seq-04/color/frame-000039.color.png 0.999954 0.00604757 0.00741397 0.00467676 -0.00607868 0.999973 0.0041818 -0.0117772 -0.00738849 -0.00422668 0.999964 0.015746 0.0 0.0 0.0 1.0
stairs/seq-04/color/frame-000037.color.png stairs/seq-04/color/frame-000040.color.png 0.999965 0.00669702 0.0050181 0.0214168 -0.00673005 0.999956 0.00659281 -0.0142797 -0.0049737 -0.00662635 0.999966 0.0259624 0.0 0.0 0.0 1.0
stairs/seq-04/color/frame-000038.color.png stairs/seq-04/color/frame-000041.color.png 0.999931 0.00240809 0.0115335 0.0171436 -0.00243909 0.999993 0.00267404 -0.0194479 -0.011527 -0.00270198 0.99993 0.0252094 0.0 0.0 0.0 1.0
stairs/seq-04/color/frame-000039.color.png stairs/seq-04/color/frame-000042.color.png 0.999939 -0.00158095 0.0109745 0.0117221 0.00158062 0.999999 3.82781e-05 -0.0219493 -0.0109746 -2.09278e-05 0.99994 0.0214916 0.0 0.0 0.0 1.0
stairs/seq-04/color/frame-000040.color.png stairs/seq-04/color/frame-000043.color.png 0.999991 0.00219269 0.00358253 0.017844 -0.00217734 0.999988 -0.00428237 -0.0203911 -0.00359189 0.00427452 0.999984 0.0285318 0.0 0.0 0.0 1.0
stairs/seq-04/color/frame-000041.color.png stairs/seq-04/color/frame-000044.color.png 0.999944 0.00314133 -0.0100565 0.0321742 -0.00313413 0.999995 0.000730989 -0.0222913 0.0100587 -0.000699424 0.999949 0.0283027 0.0 0.0 0.0 1.0
stairs/seq-04/color/frame-000042.color.png stairs/seq-04/color/frame-000045.color.png 0.99997 0.00706806 -0.00306747 0.017524 -0.00707282 0.999974 -0.00153841 -0.0124633 0.00305656 0.00156007 0.999994 0.0181823 0.0 0.0 0.0 1.0
stairs/seq-04/color/frame-000043.color.png stairs/seq-04/color/frame-000046.color.png 0.999983 0.00557561 0.0017237 0.0112721 -0.0055778 0.999984 0.00127483 -0.00963859 -0.00171654 -0.00128441 0.999998 0.0131385 0.0 0.0 0.0 1.0
stairs/seq-04/color/frame-000044.color.png stairs/seq-04/color/frame-000047.color.png 0.999959 0.00660512 0.00620486 0.00561929 -0.00661586 0.999977 0.00171133 -0.00706165 -0.00619343 -0.00175231 0.999979 0.0134336 0.0 0.0 0.0 1.0
stairs/seq-04/color/frame-000045.color.png stairs/seq-04/color/frame-000048.color.png 0.999916 0.00755178 0.010571 0.00840748 -0.00758495 0.999967 0.003101 -0.0124448 -0.0105473 -0.00318092 0.999939 0.0224197 0.0 0.0 0.0 1.0
stairs/seq-04/color/frame-000046.color.png stairs/seq-04/color/frame-000049.color.png 0.999957 0.00499577 0.00784646 0.0130048 -0.00502612 0.99998 0.00385382 -0.016732 -0.00782705 -0.00389309 0.999962 0.028567 0.0 0.0 0.0 1.0
stairs/seq-04/color/frame-000047.color.png stairs/seq-04/color/frame-000050.color.png 0.999937 0.0018843 0.011059 -0.00488396 -0.00192262 0.999992 0.00345539 -0.016027 -0.0110524 -0.00347643 0.999933 0.0151848 0.0 0.0 0.0 1.0
stairs/seq-04/color/frame-000048.color.png stairs/seq-04/color/frame-000051.color.png 0.999997 -0.00224525 -0.00103869 0.0113266 0.00225266 0.999972 0.0071861 -0.0162783 0.00102255 -0.00718842 0.999974 0.0192197 0.0 0.0 0.0 1.0
stairs/seq-04/color/frame-000049.color.png stairs/seq-04/color/frame-000052.color.png 0.999999 -0.000804514 -0.000940393 0.0129403 0.000809979 0.999983 0.00582383 -0.0215411 0.000935698 -0.00582458 0.999983 0.0292511 0.0 0.0 0.0 1.0
stairs/seq-04/color/frame-000050.color.png stairs/seq-04/color/frame-000053.color.png 0.999999 0.000588827 -0.00117637 0.0123983 -0.000583501 0.99999 0.00452222 -0.0159639 0.00117902 -0.00452155 0.999989 0.0307152 0.0 0.0 0.0 1.0
stairs/seq-04/color/frame-000051.color.png stairs/seq-04/color/frame-000054.color.png 0.999997 0.00221161 -0.00130889 0.00935455 -0.00220639 0.99999 0.00397653 -0.0147371 0.00131765 -0.00397363 0.999991 0.0253093 0.0 0.0 0.0 1.0
stairs/seq-04/color/frame-000052.color.png stairs/seq-04/color/frame-000055.color.png 0.999989 -0.00348531 -0.00306349 0.000548892 0.00350841 0.999965 0.00756709 -0.0129701 0.00303701 -0.00757776 0.999967 0.0138997 0.0 0.0 0.0 1.0
stairs/seq-04/color/frame-000053.color.png stairs/seq-04/color/frame-000056.color.png 0.999977 -0.00195276 -0.00649763 0.00970727 0.00199539 0.999976 0.00656019 -0.00976798 0.00648468 -0.006573 0.999957 0.021129 0.0 0.0 0.0 1.0
stairs/seq-04/color/frame-000054.color.png stairs/seq-04/color/frame-000057.color.png 0.999954 -0.00305737 -0.00904375 0.0131673 0.00312472 0.999967 0.00744259 -0.0121393 0.00902073 -0.00747051 0.999931 0.0269632 0.0 0.0 0.0 1.0
stairs/seq-04/color/frame-000055.color.png stairs/seq-04/color/frame-000058.color.png 0.999988 0.00409013 -0.00254015 0.000653811 -0.00408247 0.999987 0.00301591 -0.00485605 0.00255245 -0.00300549 0.999992 0.0200586 0.0 0.0 0.0 1.0
stairs/seq-04/color/frame-000056.color.png stairs/seq-04/color/frame-000059.color.png 0.999994 0.00277264 -0.00196201 0.00629287 -0.00276671 0.999992 0.00302016 -0.00984609 0.00197035 -0.00301472 0.999994 0.0224774 0.0 0.0 0.0 1.0
stairs/seq-04/color/frame-000057.color.png stairs/seq-04/color/frame-000060.color.png 0.999984 0.00183414 0.00543173 -3.78732e-05 -0.0018287 0.999998 -0.0010067 -0.00709563 -0.00543356 0.000996763 0.999985 0.0151397 0.0 0.0 0.0 1.0
stairs/seq-04/color/frame-000058.color.png stairs/seq-04/color/frame-000061.color.png 0.999969 -0.00129485 0.0077408 -0.00178446 0.00129964 0.999999 -0.000613524 -0.00740488 -0.00774 0.000623564 0.99997 0.0155368 0.0 0.0 0.0 1.0
stairs/seq-04/color/frame-000059.color.png stairs/seq-04/color/frame-000062.color.png 0.999973 -0.00117083 0.00720322 -0.000124949 0.00117253 0.999999 -0.000231044 -0.0100675 -0.00720295 0.000239489 0.999974 0.018497 0.0 0.0 0.0 1.0
stairs/seq-04/color/frame-000060.color.png stairs/seq-04/color/frame-000063.color.png 0.999977 -0.00162307 0.00664839 -0.00158183 0.00161628 0.999998 0.001028 -0.0158659 -0.00665007 -0.00101724 0.999977 0.0213435 0.0 0.0 0.0 1.0
stairs/seq-04/color/frame-000061.color.png stairs/seq-04/color/frame-000064.color.png 0.999978 -0.00561654 0.00362242 0.00036988 0.00561877 0.999984 -0.000606952 -0.0195954 -0.00361893 0.000627291 0.999993 0.0243454 0.0 0.0 0.0 1.0
stairs/seq-04/color/frame-000062.color.png stairs/seq-04/color/frame-000065.color.png 0.999964 -0.00817826 0.00243413 -0.00309053 0.00819131 0.999952 -0.00539972 -0.0124428 -0.00238986 0.00541946 0.999982 0.0237861 0.0 0.0 0.0 1.0
stairs/seq-04/color/frame-000063.color.png stairs/seq-04/color/frame-000066.color.png 0.999942 -0.0105822 -0.00189091 0.00141506 0.010571 0.999927 -0.00585202 -0.0119178 0.00195273 0.00583171 0.999981 0.0168481 0.0 0.0 0.0 1.0
stairs/seq-04/color/frame-000064.color.png stairs/seq-04/color/frame-000067.color.png 0.999986 -0.00506565 -0.00156199 0.00219464 0.00505797 0.999975 -0.00488271 -0.00908253 0.00158666 0.00487473 0.999987 0.0172761 0.0 0.0 0.0 1.0
stairs/seq-04/color/frame-000065.color.png stairs/seq-04/color/frame-000068.color.png 0.999987 -0.00485895 -0.00139205 0.00716181 0.00485102 0.999972 -0.00563686 -0.00992194 0.00141943 0.00563004 0.999983 0.0215846 0.0 0.0 0.0 1.0
stairs/seq-04/color/frame-000066.color.png stairs/seq-04/color/frame-000069.color.png 0.999986 -0.00495745 0.00181794 0.00201231 0.00497276 0.999951 -0.00852056 -0.00688002 -0.00177562 0.00852948 0.999962 0.0183609 0.0 0.0 0.0 1.0
stairs/seq-04/color/frame-000067.color.png stairs/seq-04/color/frame-000070.color.png 0.999929 -0.0102879 0.00606644 -0.00553612 0.0103396 0.99991 -0.00855087 -0.0095104 -0.0059779 0.008613 0.999945 0.0218453 0.0 0.0 0.0 1.0
stairs/seq-04/color/frame-000068.color.png stairs/seq-04/color/frame-000071.color.png 0.999922 -0.00876701 0.00893543 -0.0136761 0.00880567 0.999952 -0.00429675 -0.011478 -0.00889732 0.00437509 0.999951 0.0136689 0.0 0.0 0.0 1.0
stairs/seq-04/color/frame-000069.color.png stairs/seq-04/color/frame-000072.color.png 0.999963 -0.00701815 0.00505693 -0.00287974 0.00702874 0.999973 -0.00207924 -0.0114866 -0.00504219 0.00211471 0.999985 0.0182575 0.0 0.0 0.0 1.0
stairs/seq-04/color/frame-000070.color.png stairs/seq-04/color/frame-000073.color.png 0.999987 -0.00223134 0.0046353 -0.00235514 0.00224735 0.999991 -0.00345294 -0.00311172 -0.00462756 0.00346332 0.999983 0.0136773 0.0 0.0 0.0 1.0
stairs/seq-04/color/frame-000071.color.png stairs/seq-04/color/frame-000074.color.png 0.999985 -0.00322528 0.00439615 -0.00405101 0.0032416 0.999988 -0.00371283 -0.00556341 -0.00438413 0.00372702 0.999983 0.0119261 0.0 0.0 0.0 1.0
stairs/seq-04/color/frame-000072.color.png stairs/seq-04/color/frame-000075.color.png 0.999967 -0.00299457 0.00757877 -0.00993105 0.00301493 0.999992 -0.00267745 -0.0065937 -0.0075707 0.00270021 0.999968 0.0116026 0.0 0.0 0.0 1.0
stairs/seq-04/color/frame-000073.color.png stairs/seq-04/color/frame-000076.color.png 0.999973 -0.00309775 0.00662115 -0.00814559 0.00310208 0.999995 -0.000642638 -0.00860801 -0.00661914 0.000663152 0.999978 0.00981331 0.0 0.0 0.0 1.0
stairs/seq-04/color/frame-000074.color.png stairs/seq-04/color/frame-000077.color.png 0.999989 -0.000867258 0.0045831 -0.000668905 0.000872587 0.999999 -0.00116298 -0.00786257 -0.00458212 0.00116696 0.999989 0.0140855 0.0 0.0 0.0 1.0
stairs/seq-04/color/frame-000075.color.png stairs/seq-04/color/frame-000078.color.png 0.999991 -0.00115386 0.00413026 0.000478158 0.00116759 0.999994 -0.00332345 -0.00962195 -0.00412636 0.00332824 0.999986 0.014501 0.0 0.0 0.0 1.0
stairs/seq-04/color/frame-000076.color.png stairs/seq-04/color/frame-000079.color.png 0.999972 -0.00674477 0.00312757 -0.0119364 0.00676506 0.999956 -0.0065277 -0.0112488 -0.00308338 0.00654867 0.999974 0.00507969 0.0 0.0 0.0 1.0
stairs/seq-04/color/frame-000077.color.png stairs/seq-04/color/frame-000080.color.png 0.999963 -0.00803025 -0.00321555 -0.0126671 0.00801952 0.999962 -0.00333833 -0.00800005 0.00324227 0.00331242 0.999989 0.000962019 0.0 0.0 0.0 1.0
stairs/seq-04/color/frame-000078.color.png stairs/seq-04/color/frame-000081.color.png 0.999844 -0.00666199 -0.0163516 0.009754 0.00655228 0.999956 -0.00675374 -0.00154054 0.0163958 0.00664555 0.999843 0.0126082 0.0 0.0 0.0 1.0
stairs/seq-04/color/frame-000079.color.png stairs/seq-04/color/frame-000082.color.png 0.99981 0.000777297 -0.019484 0.0177191 -0.000880592 0.999986 -0.00529354 0.00135133 0.0194796 0.00530969 0.999796 0.0132272 0.0 0.0 0.0 1.0
stairs/seq-04/color/frame-000080.color.png stairs/seq-04/color/frame-000083.color.png 0.999905 0.00304087 -0.0134605 0.00930415 -0.00313276 0.999972 -0.00681025 0.000894934 0.0134394 0.00685177 0.999886 0.00794429 0.0 0.0 0.0 1.0
stairs/seq-04/color/frame-000081.color.png stairs/seq-04/color/frame-000084.color.png 0.999935 0.00228204 -0.0111277 0.0113606 -0.00235336 0.999977 -0.00639994 0.000207931 0.0111128 0.00642572 0.999918 0.00819498 0.0 0.0 0.0 1.0
stairs/seq-04/color/frame-000082.color.png stairs/seq-04/color/frame-000085.color.png 0.999928 0.00479505 -0.0109518 0.00549757 -0.00499739 0.999816 -0.0185246 0.0109519 0.010861 0.018578 0.999768 0.0029102 0.0 0.0 0.0 1.0
stairs/seq-04/color/frame-000083.color.png stairs/seq-04/color/frame-000086.color.png 0.999905 0.00374305 -0.0132615 0.0117152 -0.00392896 0.999894 -0.0140207 0.002666 0.0132076 0.0140715 0.999814 0.00501388 0.0 0.0 0.0 1.0
stairs/seq-04/color/frame-000084.color.png stairs/seq-04/color/frame-000087.color.png 0.999879 -0.000308948 -0.0155393 0.0148155 3.30356e-05 0.999842 -0.0177543 0.00459358 0.0155424 0.0177516 0.999722 0.00714749 0.0 0.0 0.0 1.0
stairs/seq-04/color/frame-000085.color.png stairs/seq-04/color/frame-000088.color.png 0.999894 -0.00461127 -0.0138098 0.0116582 0.00446372 0.999933 -0.0106965 0.000553399 0.0138582 0.0106337 0.999847 0.00418144 0.0 0.0 0.0 1.0
stairs/seq-04/color/frame-000086.color.png stairs/seq-04/color/frame-000089.color.png 0.999689 -0.00175462 -0.0248903 0.027163 0.00124432 0.999789 -0.0205027 0.0126101 0.024921 0.0204653 0.99948 0.0116245 0.0 0.0 0.0 1.0
stairs/seq-04/color/frame-000087.color.png stairs/seq-04/color/frame-000090.color.png 0.999724 0.00569938 -0.0227777 0.0207086 -0.00618656 0.999752 -0.0213755 0.0187738 0.0226502 0.0215105 0.999512 0.0012641 0.0 0.0 0.0 1.0
stairs/seq-04/color/frame-000088.color.png stairs/seq-04/color/frame-000091.color.png 0.999722 0.00409543 -0.0232236 0.0214793 -0.00441981 0.999893 -0.0139335 0.00855628 0.0231641 0.0140322 0.999633 0.00122529 0.0 0.0 0.0 1.0
stairs/seq-04/color/frame-000089.color.png stairs/seq-04/color/frame-000092.color.png 0.999829 0.00152147 -0.0184164 0.0214778 -0.00166766 0.999967 -0.00792586 0.00271297 0.0184037 0.00795522 0.999799 0.00155747 0.0 0.0 0.0 1.0
stairs/seq-04/color/frame-000090.color.png stairs/seq-04/color/frame-000093.color.png 0.999866 -0.000280452 -0.0163621 0.0192167 0.000205849 0.99999 -0.00456089 -0.00033468 0.0163632 0.00455692 0.999856 0.000774562 0.0 0.0 0.0 1.0
stairs/seq-04/color/frame-000091.color.png stairs/seq-04/color/frame-000094.color.png 0.999636 0.00255486 -0.0268574 0.0324516 -0.00291574 0.999906 -0.0134065 0.00832042 0.0268206 0.0134799 0.999549 0.00473511 0.0 0.0 0.0 1.0
stairs/seq-04/color/frame-000092.color.png stairs/seq-04/color/frame-000095.color.png 0.999572 0.00196014 -0.0291752 0.0303691 -0.00245546 0.999853 -0.0169507 0.00927037 0.0291377 0.0170151 0.999431 -0.00109088 0.0 0.0 0.0 1.0
stairs/seq-04/color/frame-000093.color.png stairs/seq-04/color/frame-000096.color.png 0.99939 0.00945816 -0.0336209 0.0458591 -0.0100975 0.99977 -0.0188984 0.0131323 0.0334345 0.0192264 0.999256 0.00700825 0.0 0.0 0.0 1.0
stairs/seq-04/color/frame-000094.color.png stairs/seq-04/color/frame-000097.color.png 0.999472 0.011231 -0.0305 0.0409709 -0.0118782 0.999706 -0.0211201 0.0179144 0.0302538 0.0214712 0.999312 -0.00260252 0.0 0.0 0.0 1.0
stairs/seq-04/color/frame-000095.color.png stairs/seq-04/color/frame-000098.color.png 0.99967 0.0116968 -0.0228887 0.0326807 -0.0120994 0.999773 -0.0175302 0.0181345 0.0226785 0.0178013 0.999584 -0.00386554 0.0 0.0 0.0 1.0
stairs/seq-04/color/frame-000096.color.png stairs/seq-04/color/frame-000099.color.png 0.999817 0.0117026 -0.015107 0.0269884 -0.0118923 0.999851 -0.0125335 0.0192806 0.0149581 0.0127108 0.999807 -0.00667495 0.0 0.0 0.0 1.0
stairs/seq-04/color/frame-000097.color.png stairs/seq-04/color/frame-000100.color.png 0.999963 0.00384063 -0.00771022 0.0264984 -0.00389862 0.999964 -0.00752085 0.0138077 0.00768106 0.00755062 0.999942 -0.0029906 0.0 0.0 0.0 1.0
stairs/seq-04/color/frame-000098.color.png stairs/seq-04/color/frame-000101.color.png 0.999936 0.0053537 -0.0100219 0.0366767 -0.00545335 0.999936 -0.00994251 0.0147881 0.00996805 0.00999653 0.9999 0.00179744 0.0 0.0 0.0 1.0
stairs/seq-04/color/frame-000099.color.png stairs/seq-04/color/frame-000102.color.png 0.999942 0.00425895 -0.00984337 0.036222 -0.00434894 0.999949 -0.00913795 0.0100096 0.00980395 0.00918025 0.99991 -0.00158536 0.0 0.0 0.0 1.0
stairs/seq-04/color/frame-000100.color.png stairs/seq-04/color/frame-000103.color.png 0.999922 0.0110118 -0.00583022 0.0234364 -0.0110488 0.999919 -0.00635066 0.0103224 0.00575981 0.00641459 0.999963 -0.00652045 0.0 0.0 0.0 1.0
stairs/seq-04/color/frame-000101.color.png stairs/seq-04/color/frame-000104.color.png 0.999681 0.0196384 -0.0158624 0.0436126 -0.0196546 0.999806 -0.000871415 0.00574765 0.0158422 0.0011829 0.999874 -0.00757909 0.0 0.0 0.0 1.0
stairs/seq-04/color/frame-000102.color.png stairs/seq-04/color/frame-000105.color.png 0.99965 0.0196799 -0.01768 0.0473071 -0.0196827 0.999806 1.62265e-05 0.00551572 0.0176769 0.000331758 0.999844 -0.00133383 0.0 0.0 0.0 1.0
stairs/seq-04/color/frame-000103.color.png stairs/seq-04/color/frame-000106.color.png 0.999707 0.0173545 -0.0168429 0.0426098 -0.0173698 0.999849 -0.00076652 0.00540918 0.0168271 0.00105886 0.999858 -0.00411218 0.0 0.0 0.0 1.0
stairs/seq-04/color/frame-000104.color.png stairs/seq-04/color/frame-000107.color.png 0.999684 0.0118041 -0.0221916 0.0508331 -0.0119347 0.999912 -0.00576165 0.00176251 0.0221216 0.00602468 0.999737 0.00914729 0.0 0.0 0.0 1.0
stairs/seq-04/color/frame-000105.color.png stairs/seq-04/color/frame-000108.color.png 0.999558 0.011216 -0.027522 0.0550883 -0.0114266 0.999907 -0.00750341 0.00296196 0.0274353 0.00781457 0.999593 -0.00218391 0.0 0.0 0.0 1.0
stairs/seq-04/color/frame-000106.color.png stairs/seq-04/color/frame-000109.color.png 0.999497 0.016691 -0.0269762 0.0474426 -0.0169433 0.999815 -0.00915042 0.00858757 0.0268185 0.00960288 0.999594 0.00208694 0.0 0.0 0.0 1.0
stairs/seq-04/color/frame-000107.color.png stairs/seq-04/color/frame-000110.color.png 0.99973 0.0080249 -0.0217879 0.0299505 -0.00813393 0.999955 -0.0049198 0.0040794 0.0217474 0.00509571 0.99975 -0.00709999 0.0 0.0 0.0 1.0
stairs/seq-04/color/frame-000108.color.png stairs/seq-04/color/frame-000111.color.png 0.999415 0.0128506 -0.0317065 0.0477321 -0.0129904 0.999907 -0.00420686 0.00841075 0.0316495 0.00461628 0.999488 -0.00467724 0.0 0.0 0.0 1.0
stairs/seq-04/color/frame-000109.color.png stairs/seq-04/color/frame-000112.color.png 0.999308 0.0114874 -0.0353693 0.0613233 -0.0116725 0.999919 -0.00503089 0.0078904 0.0353086 0.00544023 0.999362 0.00466847 0.0 0.0 0.0 1.0
stairs/seq-04/color/frame-000110.color.png stairs/seq-04/color/frame-000113.color.png 0.999582 0.0115017 -0.0265211 0.0479079 -0.0117229 0.999898 -0.00820132 0.0131656 0.0264241 0.00850878 0.999615 0.00339562 0.0 0.0 0.0 1.0
stairs/seq-04/color/frame-000111.color.png stairs/seq-04/color/frame-000114.color.png 0.99985 0.00677756 -0.0159617 0.0322676 -0.00687899 0.999956 -0.00630824 0.0104471 0.0159182 0.00641709 0.999853 -0.000850677 0.0 0.0 0.0 1.0
stairs/seq-04/color/frame-000112.color.png stairs/seq-04/color/frame-000115.color.png 0.999688 0.00379487 -0.0246736 0.0388366 -0.00378412 0.999993 0.000482646 -0.00344113 0.0246753 -0.000389116 0.999695 -0.00376678 0.0 0.0 0.0 1.0
stairs/seq-04/color/frame-000113.color.png stairs/seq-04/color/frame-000116.color.png 0.999483 0.00844765 -0.0310299 0.044978 -0.0084946 0.999963 -0.00138146 0.00612345 0.031017 0.00164433 0.999518 -0.00543934 0.0 0.0 0.0 1.0
stairs/seq-04/color/frame-000114.color.png stairs/seq-04/color/frame-000117.color.png 0.999497 0.00809927 -0.0306739 0.0431148 -0.00812237 0.999967 -0.000628621 0.00291222 0.0306678 0.000877447 0.999529 -0.00427353 0.0 0.0 0.0 1.0
stairs/seq-04/color/frame-000115.color.png stairs/seq-04/color/frame-000118.color.png 0.999498 0.00710709 -0.03086 0.0362089 -0.00722128 0.999968 -0.00359044 0.00447723 0.0308335 0.00381148 0.999517 -0.00963742 0.0 0.0 0.0 1.0
stairs/seq-04/color/frame-000116.color.png stairs/seq-04/color/frame-000119.color.png 0.99953 0.0065943 -0.0299309 0.0328074 -0.00673464 0.999967 -0.00459033 0.00689492 0.0298997 0.00478973 0.999541 -0.00906146 0.0 0.0 0.0 1.0
stairs/seq-04/color/frame-000117.color.png stairs/seq-04/color/frame-000120.color.png 0.999109 0.0121879 -0.0404051 0.0482731 -0.0124594 0.999901 -0.00647366 0.01691 0.0403222 0.00697131 0.999163 -0.0163739 0.0 0.0 0.0 1.0
stairs/seq-04/color/frame-000118.color.png stairs/seq-04/color/frame-000121.color.png 0.999249 0.0153772 -0.0355571 0.0448887 -0.0155904 0.999862 -0.00572857 0.0103584 0.0354641 0.00627864 0.999351 -0.00257331 0.0 0.0 0.0 1.0
stairs/seq-04/color/frame-000119.color.png stairs/seq-04/color/frame-000122.color.png 0.998893 0.0129631 -0.045216 0.0672956 -0.013242 0.999895 -0.00587587 0.00358534 0.045135 0.00646812 0.99896 -0.000883162 0.0 0.0 0.0 1.0
stairs/seq-04/color/frame-000120.color.png stairs/seq-04/color/frame-000123.color.png 0.998833 0.0151961 -0.0458479 0.0666978 -0.0157019 0.99982 -0.0106933 0.00486323 0.0456772 0.0114007 0.998891 -0.0117943 0.0 0.0 0.0 1.0
stairs/seq-04/color/frame-000121.color.png stairs/seq-04/color/frame-000124.color.png 0.998975 0.0168849 -0.0419916 0.0495313 -0.0173628 0.999788 -0.0110445 0.0106009 0.0417962 0.0117622 0.999057 -0.0184473 0.0 0.0 0.0 1.0
stairs/seq-04/color/frame-000122.color.png stairs/seq-04/color/frame-000125.color.png 0.998379 0.0221064 -0.0524463 0.0463409 -0.0227041 0.999684 -0.0108288 0.0176888 0.0521903 0.012002 0.998565 -0.0242402 0.0 0.0 0.0 1.0
stairs/seq-04/color/frame-000123.color.png stairs/seq-04/color/frame-000126.color.png 0.998682 0.0195867 -0.0474368 0.046707 -0.0198424 0.999791 -0.00492539 0.0120123 0.0473304 0.00586015 0.998862 -0.0139839 0.0 0.0 0.0 1.0
stairs/seq-04/color/frame-000124.color.png stairs/seq-04/color/frame-000127.color.png 0.998678 0.0215248 -0.0466864 0.0309058 -0.0218743 0.999736 -0.00698818 0.0122207 0.0465236 0.00800019 0.998885 -0.0125199 0.0 0.0 0.0 1.0
stairs/seq-04/color/frame-000125.color.png stairs/seq-04/color/frame-000128.color.png 0.999398 0.0177478 -0.0297984 0.0166512 -0.0180174 0.999799 -0.00880363 0.0112856 0.0296362 0.00933523 0.999517 -0.0118058 0.0 0.0 0.0 1.0
stairs/seq-04/color/frame-000126.color.png stairs/seq-04/color/frame-000129.color.png 0.999179 0.0199014 -0.0352775 0.0308729 -0.0204607 0.999669 -0.0155625 0.0238411 0.0349562 0.0162715 0.999256 -0.0110891 0.0 0.0 0.0 1.0
stairs/seq-04/color/frame-000127.color.png stairs/seq-04/color/frame-000130.color.png 0.999462 0.0144527 -0.0294323 0.0335711 -0.0148548 0.999799 -0.0134863 0.0159257 0.0292315 0.0139163 0.999476 -0.00465375 0.0 0.0 0.0 1.0
stairs/seq-04/color/frame-000128.color.png stairs/seq-04/color/frame-000131.color.png 0.999316 0.0116898 -0.035088 0.0400039 -0.0123216 0.999765 -0.0178447 0.0273776 0.0348712 0.0182648 0.999225 -0.00797975 0.0 0.0 0.0 1.0
stairs/seq-04/color/frame-000129.color.png stairs/seq-04/color/frame-000132.color.png 0.999755 0.0115743 -0.0188745 0.00231287 -0.0117242 0.999901 -0.00785572 0.0047341 0.0187817 0.00807509 0.999791 -0.00634331 0.0 0.0 0.0 1.0
stairs/seq-04/color/frame-000130.color.png stairs/seq-04/color/frame-000133.color.png 0.999397 0.014269 -0.0316686 0.0283619 -0.014701 0.999801 -0.0134527 0.0130137 0.0314704 0.0139101 0.999408 -0.0104112 0.0 0.0 0.0 1.0
stairs/seq-04/color/frame-000131.color.png stairs/seq-04/color/frame-000134.color.png 0.999487 0.0200239 -0.0249937 0.0199291 -0.0201822 0.999778 -0.00609871 0.000572145 0.0248659 0.0066 0.999669 -0.0145174 0.0 0.0 0.0 1.0
stairs/seq-04/color/frame-000132.color.png stairs/seq-04/color/frame-000135.color.png 0.999249 0.0200846 -0.0331407 0.0238791 -0.0205314 0.999702 -0.0131968 0.0154343 0.0328657 0.0138674 0.999364 -0.00912511 0.0 0.0 0.0 1.0
stairs/seq-04/color/frame-000133.color.png stairs/seq-04/color/frame-000136.color.png 0.999384 0.0154642 -0.0314944 0.0260118 -0.0157495 0.999837 -0.00883077 0.0142408 0.0313527 0.00932137 0.999465 -0.00841916 0.0 0.0 0.0 1.0
stairs/seq-04/color/frame-000134.color.png stairs/seq-04/color/frame-000137.color.png 0.998813 0.0192354 -0.0447393 0.0502474 -0.0196369 0.99977 -0.00855174 0.0139219 0.0445647 0.00942013 0.998962 -0.010865 0.0 0.0 0.0 1.0
stairs/seq-04/color/frame-000135.color.png stairs/seq-04/color/frame-000138.color.png 0.999001 0.0183468 -0.0407414 0.0709379 -0.0185218 0.999821 -0.0039225 0.00808218 0.0406621 0.00467317 0.999162 -0.0144562 0.0 0.0 0.0 1.0
stairs/seq-04/color/frame-000136.color.png stairs/seq-04/color/frame-000139.color.png 0.999471 0.0159092 -0.0283593 0.0257444 -0.0160624 0.999858 -0.00518192 0.00721467 0.0282729 0.00563469 0.999584 -0.0106836 0.0 0.0 0.0 1.0
stairs/seq-04/color/frame-000137.color.png stairs/seq-04/color/frame-000140.color.png 0.999816 0.0113975 -0.0154348 0.0103689 -0.0115401 0.999891 -0.00917919 0.0129413 0.0153284 0.00935563 0.999839 -0.00885612 0.0 0.0 0.0 1.0
stairs/seq-04/color/frame-000138.color.png stairs/seq-04/color/frame-000141.color.png 0.99963 0.0126034 -0.024114 0.0237332 -0.0128938 0.999846 -0.0119258 0.0165355 0.0239599 0.0122324 0.999638 -0.0129122 0.0 0.0 0.0 1.0
stairs/seq-04/color/frame-000139.color.png stairs/seq-04/color/frame-000142.color.png 0.999802 0.00886177 -0.0178026 0.00479299 -0.009057 0.999899 -0.0109174 0.0130849 0.017704 0.0110764 0.999782 -0.00884944 0.0 0.0 0.0 1.0
stairs/seq-04/color/frame-000140.color.png stairs/seq-04/color/frame-000143.color.png 0.999502 0.0119614 -0.0292028 0.0227917 -0.012262 0.999873 -0.010136 0.00775564 0.0290779 0.010489 0.999522 -0.0177213 0.0 0.0 0.0 1.0
stairs/seq-04/color/frame-000141.color.png stairs/seq-04/color/frame-000144.color.png 0.999686 0.00997667 -0.0229732 0.0146399 -0.0102391 0.999883 -0.011335 0.0142053 0.0228575 0.0115667 0.999672 -0.0130451 0.0 0.0 0.0 1.0
stairs/seq-04/color/frame-000142.color.png stairs/seq-04/color/frame-000145.color.png 0.999 0.0150325 -0.0421088 0.0638112 -0.0155144 0.999818 -0.0111403 0.0107342 0.0419337 0.0117825 0.999051 -0.0144607 0.0 0.0 0.0 1.0
stairs/seq-04/color/frame-000143.color.png stairs/seq-04/color/frame-000146.color.png 0.999631 0.0145483 -0.0229433 0.0223901 -0.0147848 0.999839 -0.0101693 0.0126204 0.0227917 0.0105048 0.999685 -0.0379213 0.0 0.0 0.0 1.0
stairs/seq-04/color/frame-000144.color.png stairs/seq-04/color/frame-000147.color.png 0.9997 0.0144111 -0.0197928 0.00387058 -0.0145703 0.999862 -0.00792313 0.0150707 0.0196759 0.00820912 0.999773 -0.035892 0.0 0.0 0.0 1.0
stairs/seq-04/color/frame-000145.color.png stairs/seq-04/color/frame-000148.color.png 0.999392 0.0150742 -0.0314243 0.0275964 -0.0151271 0.999885 -0.00144684 -0.0017662 0.0313989 0.00192131 0.999505 -0.0290376 0.0 0.0 0.0 1.0
stairs/seq-04/color/frame-000146.color.png stairs/seq-04/color/frame-000149.color.png 0.999483 0.00584025 -0.0316249 0.0215393 -0.0061 0.999948 -0.0081232 0.0180747 0.0315758 0.00831189 0.999467 -0.00436011 0.0 0.0 0.0 1.0
stairs/seq-04/color/frame-000147.color.png stairs/seq-04/color/frame-000150.color.png 0.998589 0.0108359 -0.0519831 0.0685268 -0.0115031 0.999855 -0.0125531 0.0331151 0.0518395 0.0131333 0.998569 0.0131685 0.0 0.0 0.0 1.0
stairs/seq-04/color/frame-000148.color.png stairs/seq-04/color/frame-000151.color.png 0.999464 0.0125861 -0.0302144 0.0211223 -0.0127958 0.999895 -0.00675704 0.0169406 0.0301263 0.00714004 0.999521 -0.0183338 0.0 0.0 0.0 1.0
stairs/seq-04/color/frame-000149.color.png stairs/seq-04/color/frame-000152.color.png 0.99902 0.0185336 -0.0401889 0.0306091 -0.0187273 0.999815 -0.00445086 0.0028109 0.0400989 0.00519912 0.999182 -0.00712624 0.0 0.0 0.0 1.0
stairs/seq-04/color/frame-000150.color.png stairs/seq-04/color/frame-000153.color.png 0.999386 0.011997 -0.0329298 0.0254919 -0.012161 0.999915 -0.0047857 0.000178516 0.0328696 0.00518323 0.999446 -0.0121579 0.0 0.0 0.0 1.0
stairs/seq-04/color/frame-000151.color.png stairs/seq-04/color/frame-000154.color.png 0.99925 0.0108214 -0.037174 0.0271831 -0.0109182 0.999938 -0.00240275 0.00386128 0.0371455 0.00280679 0.999306 -0.00886777 0.0 0.0 0.0 1.0
stairs/seq-04/color/frame-000152.color.png stairs/seq-04/color/frame-000155.color.png 0.999229 0.0145243 -0.0364825 0.0275359 -0.0144943 0.999894 0.00108724 0.0107477 0.0364945 -0.000557545 0.999334 -0.0206916 0.0 0.0 0.0 1.0
stairs/seq-04/color/frame-000153.color.png stairs/seq-04/color/frame-000156.color.png 0.999205 0.0204744 -0.0342075 0.0230589 -0.0203173 0.999781 0.00493248 0.00894582 0.0343008 -0.00423358 0.999403 -0.0119075 0.0 0.0 0.0 1.0
stairs/seq-04/color/frame-000154.color.png stairs/seq-04/color/frame-000157.color.png 0.999297 0.0208291 -0.031179 0.0148914 -0.0208051 0.999783 0.00109686 0.0075925 0.0311952 -0.000447406 0.999513 -0.00181517 0.0 0.0 0.0 1.0
stairs/seq-04/color/frame-000155.color.png stairs/seq-04/color/frame-000158.color.png 0.99947 0.017477 -0.0274799 0.0161009 -0.0174476 0.999847 0.00130969 0.000688553 0.0274985 -0.000829582 0.999622 0.00211582 0.0 0.0 0.0 1.0
stairs/seq-04/color/frame-000156.color.png stairs/seq-04/color/frame-000159.color.png 0.999657 0.00959814 -0.024388 0.0148243 -0.00966668 0.99995 -0.00269392 0.00324106 0.024361 0.00292877 0.999699 -0.000834465 0.0 0.0 0.0 1.0
stairs/seq-04/color/frame-000157.color.png stairs/seq-04/color/frame-000160.color.png 0.999624 0.00723675 -0.0264308 0.0243675 -0.007165 0.99997 0.00280794 -0.00633335 0.0264504 -0.0026175 0.999647 -0.00957158 0.0 0.0 0.0 1.0
stairs/seq-04/color/frame-000158.color.png stairs/seq-04/color/frame-000161.color.png 0.999769 0.00497666 -0.0209159 0.00610155 -0.00502745 0.999985 -0.00237861 0.000193834 0.0209038 0.00248321 0.999778 -0.00265762 0.0 0.0 0.0 1.0
stairs/seq-04/color/frame-000159.color.png stairs/seq-04/color/frame-000162.color.png 0.999366 0.00969202 -0.0342461 0.0236982 -0.0099205 0.99993 -0.00650809 0.0121372 0.0341806 0.00684371 0.999392 -0.00624704 0.0 0.0 0.0 1.0
stairs/seq-04/color/frame-000160.color.png stairs/seq-04/color/frame-000163.color.png 0.999252 0.0163387 -0.0350522 0.0325524 -0.0167466 0.999795 -0.0113758 0.00460446 0.0348592 0.0119542 0.999321 -0.00651395 0.0 0.0 0.0 1.0
stairs/seq-04/color/frame-000161.color.png stairs/seq-04/color/frame-000164.color.png 0.99944 0.014995 -0.0299204 0.0290349 -0.0153071 0.99983 -0.0102312 0.00915349 0.0297618 0.0106834 0.9995 -0.0151471 0.0 0.0 0.0 1.0
stairs/seq-04/color/frame-000162.color.png stairs/seq-04/color/frame-000165.color.png 0.999632 0.0101005 -0.0251667 0.0262988 -0.0103138 0.999912 -0.0083636 0.00932929 0.0250801 0.00862008 0.999648 -0.0112689 0.0 0.0 0.0 1.0
stairs/seq-04/color/frame-000163.color.png stairs/seq-04/color/frame-000166.color.png 0.999833 0.00875026 -0.0160649 -0.00883353 -0.00885603 0.99994 -0.00652688 0.0190859 0.0160066 0.00666804 0.99985 -0.00172621 0.0 0.0 0.0 1.0
stairs/seq-04/color/frame-000164.color.png stairs/seq-04/color/frame-000167.color.png 0.999702 0.00936642 -0.0225617 0.00973815 -0.00949115 0.99994 -0.00542777 0.011772 0.0225095 0.00564032 0.999731 -0.00684613 0.0 0.0 0.0 1.0
stairs/seq-04/color/frame-000165.color.png stairs/seq-04/color/frame-000168.color.png 0.999517 0.0144011 -0.0275453 0.021689 -0.0144928 0.99989 -0.00313372 0.00736484 0.0274971 0.00353138 0.999616 -0.011881 0.0 0.0 0.0 1.0
stairs/seq-04/color/frame-000166.color.png stairs/seq-04/color/frame-000169.color.png 0.999465 0.0118466 -0.0304641 0.0333174 -0.0119322 0.999925 -0.00262777 0.00365055 0.0304309 0.00298995 0.999532 -0.0180693 0.0 0.0 0.0 1.0
stairs/seq-04/color/frame-000167.color.png stairs/seq-04/color/frame-000170.color.png 0.999599 0.0142121 -0.0245136 0.0144793 -0.0142522 0.999897 -0.00145817 0.00498608 0.0244903 0.00180696 0.999698 -0.0126314 0.0 0.0 0.0 1.0
stairs/seq-04/color/frame-000168.color.png stairs/seq-04/color/frame-000171.color.png 0.999613 0.0175525 -0.0215931 0.0210042 -0.0175217 0.999845 0.00161825 0.00240266 0.0216182 -0.00123923 0.999765 -0.012558 0.0 0.0 0.0 1.0
stairs/seq-04/color/frame-000169.color.png stairs/seq-04/color/frame-000172.color.png 0.999609 0.0170829 -0.0221253 0.0206154 -0.0169242 0.99983 0.0073391 0.00430533 0.0222469 -0.00696182 0.999728 -0.00911149 0.0 0.0 0.0 1.0
stairs/seq-04/color/frame-000170.color.png stairs/seq-04/color/frame-000173.color.png 0.999634 0.0190762 -0.0191551 0.0203112 -0.018902 0.999779 0.00923223 0.00562316 0.0193271 -0.00886687 0.999774 -0.0151971 0.0 0.0 0.0 1.0
stairs/seq-04/color/frame-000171.color.png stairs/seq-04/color/frame-000174.color.png 0.999689 0.0211316 -0.0132257 0.00616592 -0.0209617 0.999698 0.0128584 0.00218779 0.0134935 -0.0125772 0.99983 -0.0107845 0.0 0.0 0.0 1.0
stairs/seq-04/color/frame-000172.color.png stairs/seq-04/color/frame-000175.color.png 0.99982 0.0174547 -0.00744165 0.00529805 -0.0173697 0.999785 0.0113398 0.00996611 0.00763799 -0.0112084 0.999908 -0.0181766 0.0 0.0 0.0 1.0
stairs/seq-04/color/frame-000173.color.png stairs/seq-04/color/frame-000176.color.png 0.999699 0.0228993 -0.00887069 0.0149418 -0.0227192 0.999544 0.0199009 -0.00503862 0.00932243 -0.0196932 0.999763 -0.0145514 0.0 0.0 0.0 1.0
stairs/seq-04/color/frame-000174.color.png stairs/seq-04/color/frame-000177.color.png 0.999854 0.0157496 -0.00660542 0.0114585 -0.0155967 0.999623 0.0225947 -0.00578001 0.00695861 -0.0224884 0.999723 -0.018283 0.0 0.0 0.0 1.0
stairs/seq-04/color/frame-000175.color.png stairs/seq-04/color/frame-000178.color.png 0.999909 0.011741 -0.00655506 -0.00271034 -0.011592 0.999684 0.0223226 -0.00548556 0.00681502 -0.0222447 0.999729 -0.00380689 0.0 0.0 0.0 1.0
