stairs/seq-04/color/frame-000000.color.png stairs/seq-04/color/frame-000001.color.png 0.999703 -0.00235247 0.0242637 -0.0131586 0.00252487 0.999972 -0.00707679 -0.00951702 -0.0242464 0.00713595 0.999681 0.0286743 0.0 0.0 0.0 1.0
stairs/seq-04/color/frame-000001.color.png stairs/seq-04/color/frame-000002.color.png 0.99998 -0.00257918 0.00574071 -0.00590373 0.00256352 0.999993 0.00273328 -0.00885045 -0.0057477 -0.00271851 0.99998 0.0150023 0.0 0.0 0.0 1.0
stairs/seq-04/color/frame-000002.color.png stairs/seq-04/color/frame-000003.color.png 0.999995 -0.00213922 0.00240534 -0.00656269 0.00214126 0.999997 -0.000847267 -0.00267192 -0.00240353 0.000852413 0.999997 0.0040052 0.0 0.0 0.0 1.0
stairs/seq-04/color/frame-000003.color.png stairs/seq-04/color/frame-000004.color.png 0.999997 -0.00231637 -0.000415085 -0.00473063 0.00231668 0.999997 0.000759467 -0.00844341 0.000413316 -0.000760427 1.0 0.0148393 0.0 0.0 0.0 1.0
stairs/seq-04/color/frame-000004.color.png stairs/seq-04/color/frame-000005.color.png 0.999953 -0.00338014 0.00914772 -0.0126177 0.00342246 0.999984 -0.00461452 -0.0027226 -0.00913198 0.00464561 0.999947 0.0107267 0.0 0.0 0.0 1.0
stairs/seq-04/color/frame-000005.color.png stairs/seq-04/color/frame-000006.color.png 0.99999 0.00066438 0.0044761 -0.00298343 -0.000677786 0.999995 0.00299446 -0.00306089 -0.00447408 -0.00299746 0.999985 0.00702123 0.0 0.0 0.0 1.0
stairs/seq-04/color/frame-000006.color.png stairs/seq-04/color/frame-000007.color.png 0.999969 0.000253214 0.0079262 -0.0126876 -0.000226779 0.999994 -0.00333607 -0.0040875 -0.007927 0.00333416 0.999963 0.0100268 0.0 0.0 0.0 1.0
stairs/seq-04/color/frame-000007.color.png stairs/seq-04/color/frame-000008.color.png 0.999997 -0.0020568 0.0015496 -0.00447705 0.00205364 0.999996 0.00203791 -0.00108967 -0.00155379 -0.00203472 0.999997 0.00396703 0.0 0.0 0.0 1.0
stairs/seq-04/color/frame-000008.color.png stairs/seq-04/color/frame-000009.color.png 0.99999 -0.00412335 0.00181683 -0.00471896 0.00412324 0.999991 6.64216e-05 -0.00810381 -0.00181708 -5.8931e-05 0.999998 0.0167069 0.0 0.0 0.0 1.0
stairs/seq-04/color/frame-000009.color.png stairs/seq-04/color/frame-000010.color.png 0.999997 -0.00157869 0.00181352 -0.00491655 0.00157566 0.999998 0.00166853 -0.00419968 -0.00181615 -0.00166566 0.999997 0.0042645 0.0 0.0 0.0 1.0
stairs/seq-04/color/frame-000010.color.png stairs/seq-04/color/frame-000011.color.png 0.99999 -0.000155087 0.00444466 -0.00707413 0.000140811 0.999995 0.00321353 -0.00403509 -0.00444514 -0.00321287 0.999985 0.0137394 0.0 0.0 0.0 1.0
stairs/seq-04/color/frame-000011.color.png stairs/seq-04/color/frame-000012.color.png 0.999996 -0.00185313 0.00211207 -0.00627209 0.00185355 0.999998 -0.000198662 -0.0029545 -0.0021117 0.000202577 0.999998 0.00749876 0.0 0.0 0.0 1.0
stairs/seq-04/color/frame-000012.color.png stairs/seq-04/color/frame-000013.color.png 0.999998 -0.00102694 0.00191205 -0.0103564 0.00103187 0.999996 -0.00257727 -0.00328042 -0.00190941 0.00257924 0.999995 0.00988993 0.0 0.0 0.0 1.0
stairs/seq-04/color/frame-000013.color.png stairs/seq-04/color/frame-000014.color.png 0.999996 -0.000280841 -0.00294262 0.00190653 0.000283195 1.0 0.000800849 -0.00241809 0.00294239 -0.000801679 0.999995 0.00739528 0.0 0.0 0.0 1.0
stairs/seq-04/color/frame-000014.color.png stairs/seq-04/color/frame-000015.color.png 0.999993 -0.000667245 0.00371698 -0.0113227 0.000686942 0.999986 -0.00529953 -0.00389797 -0.00371339 0.00530205 0.999979 0.00869989 0.0 0.0 0.0 1.0
stairs/seq-04/color/frame-000015.color.png stairs/seq-04/color/frame-000016.color.png 0.999999 -0.000877855 0.000737161 0.000377029 0.000876643 0.999998 0.00164914 -0.0021124 -0.000738601 -0.00164849 0.999998 0.00921625 0.0 0.0 0.0 1.0
stairs/seq-04/color/frame-000016.color.png stairs/seq-04/color/frame-000017.color.png 0.999976 -0.00344209 0.00596644 -0.0062471 0.00348009 0.999974 -0.00637106 -0.00318363 -0.00594434 0.00639168 0.999962 0.00770886 0.0 0.0 0.0 1.0
stairs/seq-04/color/frame-000017.color.png stairs/seq-04/color/frame-000018.color.png 0.999982 -0.00163215 0.00568946 -0.0101312 0.00163517 0.999999 -0.000526702 0.000567839 -0.0056886 0.000535998 0.999984 0.00397465 0.0 0.0 0.0 1.0
stairs/seq-04/color/frame-000018.color.png stairs/seq-04/color/frame-000019.color.png 0.999996 -0.00242056 0.00107053 0.00271995 0.00241992 0.999997 0.000597806 -0.00641389 -0.00107196 -0.000595213 0.999999 0.0105829 0.0 0.0 0.0 1.0
stairs/seq-04/color/frame-000019.color.png stairs/seq-04/color/frame-000020.color.png 0.99999 -0.000504386 0.00434795 -0.00486606 0.000505499 1.0 -0.00025504 -0.00292884 -0.00434784 0.000257235 0.99999 0.00290035 0.0 0.0 0.0 1.0
stairs/seq-04/color/frame-000020.color.png stairs/seq-04/color/frame-000021.color.png 0.99997 -0.00311246 0.00708226 -0.0101667 0.00311423 0.999995 -0.00023893 -0.00464871 -0.00708151 0.000260981 0.999975 0.00724567 0.0 0.0 0.0 1.0
stairs/seq-04/color/frame-000021.color.png stairs/seq-04/color/frame-000022.color.png 0.999996 -0.00218663 -0.00186222 0.000688337 0.00218861 0.999997 0.00106069 -0.00132588 0.00185991 -0.00106476 0.999998 0.00433426 0.0 0.0 0.0 1.0
stairs/seq-04/color/frame-000022.color.png stairs/seq-04/color/frame-000023.color.png 0.999998 -0.00180186 0.000817059 -0.00459286 0.0017981 0.999988 0.00457516 -0.00780907 -0.000825284 -0.00457369 0.999989 0.0103761 0.0 0.0 0.0 1.0
stairs/seq-04/color/frame-000023.color.png stairs/seq-04/color/frame-000024.color.png 0.999999 -0.0010436 -0.000447466 -0.00278594 0.00104496 0.999995 0.00307994 -0.00454175 0.000444227 -0.0030804 0.999995 0.00576273 0.0 0.0 0.0 1.0
stairs/seq-04/color/frame-000024.color.png stairs/seq-04/color/frame-000025.color.png 0.999994 -0.00138459 -0.00320285 -0.0018145 0.0014003 0.999987 0.00490206 -0.00895315 0.00319602 -0.00490652 0.999983 0.00869091 0.0 0.0 0.0 1.0
stairs/seq-04/color/frame-000025.color.png stairs/seq-04/color/frame-000026.color.png 0.999999 0.000871631 -0.000845069 0.00234322 -0.00087139 1.0 0.000302389 0.00223398 0.000845325 -0.000301652 1.0 0.00638057 0.0 0.0 0.0 1.0
stairs/seq-04/color/frame-000026.color.png stairs/seq-04/color/frame-000027.color.png 0.999997 0.000987399 0.00233377 0.00479779 -0.000992577 0.999997 0.00222581 -0.00856881 -0.00233157 -0.00222812 0.999995 0.0131627 0.0 0.0 0.0 1.0
stairs/seq-04/color/frame-000027.color.png stairs/seq-04/color/frame-000028.color.png 0.999983 -0.00212861 0.00539384 -0.00545579 0.00212458 0.999998 0.000750633 -0.00423538 -0.00539541 -0.000739161 0.999985 0.000315607 0.0 0.0 0.0 1.0
stairs/seq-04/color/frame-000028.color.png stairs/seq-04/color/frame-000029.color.png 0.999996 -0.0024522 0.00165223 0.00233406 0.00244706 0.999992 0.0031044 -0.00696295 -0.00165983 -0.00310035 0.999994 0.00615683 0.0 0.0 0.0 1.0
stairs/seq-04/color/frame-000029.color.png stairs/seq-04/color/frame-000030.color.png 0.999989 -0.00464295 0.00109468 0.000553176 0.00463819 0.99998 0.00430952 -0.0121478 -0.00111469 -0.0043044 0.99999 0.00987259 0.0 0.0 0.0 1.0
stairs/seq-04/color/frame-000030.color.png stairs/seq-04/color/frame-000031.color.png 0.999998 0.0015308 0.00122806 -0.00239754 -0.00153221 0.999998 0.00114324 0.000242606 -0.0012263 -0.00114512 0.999999 0.00338075 0.0 0.0 0.0 1.0
stairs/seq-04/color/frame-000031.color.png stairs/seq-04/color/frame-000032.color.png 0.999999 -0.00114724 -0.00104936 0.0134989 0.00115229 0.999988 0.00482817 -0.0109101 0.0010438 -0.00482937 0.999988 0.01641 0.0 0.0 0.0 1.0
stairs/seq-04/color/frame-000032.color.png stairs/seq-04/color/frame-000033.color.png 0.999992 0.00228219 0.00331376 -0.00127755 -0.00227989 0.999997 -0.000698197 -0.00189699 -0.00331534 0.000690638 0.999994 0.00337246 0.0 0.0 0.0 1.0
stairs/seq-04/color/frame-000033.color.png stairs/seq-04/color/frame-000034.color.png 0.999996 0.000243865 0.00280458 -0.000704452 -0.000246872 0.999999 0.00107354 -0.00202267 -0.00280431 -0.00107423 0.999995 0.00587663 0.0 0.0 0.0 1.0
stairs/seq-04/color/frame-000034.color.png stairs/seq-04/color/frame-000035.color.png 0.999984 -0.00562525 -0.000783387 0.00525998 0.00562898 0.999972 0.00484501 -0.0115119 0.000756096 -0.00484935 0.999988 0.0130913 0.0 0.0 0.0 1.0
stairs/seq-04/color/frame-000035.color.png stairs/seq-04/color/frame-000036.color.png 0.999983 0.000401839 -0.00587007 0.0144549 -0.000397403 1.0 0.000756646 -0.00611287 0.00587039 -0.000754298 0.999982 0.0101404 0.0 0.0 0.0 1.0
stairs/seq-04/color/frame-000036.color.png stairs/seq-04/color/frame-000037.color.png 0.999996 0.00149037 0.00257779 -0.00135944 -0.00148935 0.999999 -0.00039776 -0.00200307 -0.00257838 0.000393918 0.999997 0.00297818 0.0 0.0 0.0 1.0
stairs/seq-04/color/frame-000037.color.png stairs/seq-04/color/frame-000038.color.png 0.999998 -0.00118266 0.00171077 0.00616907 0.00117663 0.999993 0.00352704 -0.0118685 -0.00171494 -0.00352502 0.999992 0.0109097 0.0 0.0 0.0 1.0
stairs/seq-04/color/frame-000038.color.png stairs/seq-04/color/frame-000039.color.png 0.999985 0.00509661 0.00189607 0.00510605 -0.00509882 0.999986 0.00116201 0.00109203 -0.00189013 -0.00117166 0.999998 0.00760016 0.0 0.0 0.0 1.0
stairs/seq-04/color/frame-000039.color.png stairs/seq-04/color/frame-000040.color.png 0.999999 0.000935398 0.000308382 0.0127421 -0.000936418 0.999994 0.00331165 -0.00697987 -0.000305271 -0.00331193 0.999994 0.00767398 0.0 0.0 0.0 1.0
stairs/seq-04/color/frame-000040.color.png stairs/seq-04/color/frame-000041.color.png 0.999959 -0.00333256 0.00845339 0.00159714 0.00335237 0.999992 -0.00233075 -0.0125381 -0.00844554 0.002359 0.999962 0.00991508 0.0 0.0 0.0 1.0
stairs/seq-04/color/frame-000041.color.png stairs/seq-04/color/frame-000042.color.png 1.0 -0.000518433 0.000526765 0.000261813 0.000518004 1.0 0.000814173 -0.00723632 -0.000527203 -0.000813911 0.999999 0.00236663 0.0 0.0 0.0 1.0
stairs/seq-04/color/frame-000042.color.png stairs/seq-04/color/frame-000043.color.png 0.99999 0.0027405 -0.00341773 0.00989138 -0.00274138 0.999996 -0.000251545 -0.00766954 0.00341704 0.000260921 0.999994 0.0105789 0.0 0.0 0.0 1.0
stairs/seq-04/color/frame-000043.color.png stairs/seq-04/color/frame-000044.color.png 0.999992 0.00331402 -0.00231482 0.0118608 -0.0033176 0.999993 -0.00154879 -0.00120699 0.00230966 0.00155645 0.999996 0.0104461 0.0 0.0 0.0 1.0
stairs/seq-04/color/frame-000044.color.png stairs/seq-04/color/frame-000045.color.png 0.999996 0.00112492 0.00250019 -0.00192339 -0.00112315 0.999999 -0.00070785 -0.00244257 -0.00250098 0.000705038 0.999997 0.00111279 0.0 0.0 0.0 1.0
stairs/seq-04/color/frame-000045.color.png stairs/seq-04/color/frame-000046.color.png 0.999998 0.000795472 0.00200577 0.00348091 -0.000799077 0.999998 0.00179573 -0.0026325 -0.00200433 -0.00179733 0.999996 0.00638801 0.0 0.0 0.0 1.0
stairs/seq-04/color/frame-000046.color.png stairs/seq-04/color/frame-000047.color.png 0.999999 0.00149915 0.000363686 0.00754879 -0.00150032 0.999994 0.00323907 -0.00910287 -0.00035884 -0.00323961 0.999995 0.00709957 0.0 0.0 0.0 1.0
stairs/seq-04/color/frame-000047.color.png stairs/seq-04/color/frame-000048.color.png 0.999968 0.00344472 0.00722062 -0.000917386 -0.00344694 0.999994 0.000297516 -0.00525768 -0.00721956 -0.00032239 0.999974 0.0088295 0.0 0.0 0.0 1.0
stairs/seq-04/color/frame-000048.color.png stairs/seq-04/color/frame-000049.color.png 0.999998 -0.00172184 0.000739993 0.00249043 0.00171998 0.999995 0.00249097 -0.00696422 -0.000744294 -0.00248969 0.999997 0.00486422 0.0 0.0 0.0 1.0
stairs/seq-04/color/frame-000049.color.png stairs/seq-04/color/frame-000050.color.png 0.999996 -0.000814198 0.0027134 -0.00501152 0.000812042 0.999999 0.000796523 -0.00429666 -0.00271405 -0.000794311 0.999996 0.00300974 0.0 0.0 0.0 1.0
stairs/seq-04/color/frame-000050.color.png stairs/seq-04/color/frame-000051.color.png 0.999999 0.00125017 -0.00117697 0.00465202 -0.00124738 0.999996 0.00237025 -0.00131711 0.00117995 -0.00236878 0.999996 0.00713509 0.0 0.0 0.0 1.0
stairs/seq-04/color/frame-000051.color.png stairs/seq-04/color/frame-000052.color.png 0.999996 0.000345418 -0.00285741 0.0164428 -0.000342218 0.999999 0.00112151 -0.0127264 0.00285782 -0.00112052 0.999995 0.021682 0.0 0.0 0.0 1.0
stairs/seq-04/color/frame-000052.color.png stairs/seq-04/color/frame-000053.color.png 0.999999 0.000468687 0.00100616 -0.00470586 -0.000470135 0.999999 0.00144307 -0.00402966 -0.0010055 -0.00144354 0.999998 0.000274718 0.0 0.0 0.0 1.0
stairs/seq-04/color/frame-000053.color.png stairs/seq-04/color/frame-000054.color.png 0.999995 -0.00204723 -0.00233031 0.00261114 0.00205537 0.999992 0.00349396 -0.00429696 0.00232314 -0.00349873 0.999991 0.0045689 0.0 0.0 0.0 1.0
stairs/seq-04/color/frame-000054.color.png stairs/seq-04/color/frame-000055.color.png 1.0 9.12352e-05 -0.000917034 0.00319218 -9.10217e-05 1.0 0.000234017 0.000877559 0.000917031 -0.000233943 0.999999 0.0115251 0.0 0.0 0.0 1.0
stairs/seq-04/color/frame-000055.color.png stairs/seq-04/color/frame-000056.color.png 0.999995 -0.00257808 -0.00195164 0.001411 0.00258334 0.999993 0.00269661 -0.00714883 0.00194469 -0.00270164 0.999995 0.00437638 0.0 0.0 0.0 1.0
stairs/seq-04/color/frame-000056.color.png stairs/seq-04/color/frame-000057.color.png 0.999989 0.000860221 -0.00454141 0.00642501 -0.000839911 0.99999 0.00447343 -0.00602779 0.00454521 -0.00446956 0.99998 0.0121942 0.0 0.0 0.0 1.0
stairs/seq-04/color/frame-000057.color.png stairs/seq-04/color/frame-000058.color.png 0.999999 0.00169284 0.000168707 0.00187374 -0.00169276 0.999999 -0.000491633 -0.00236753 -0.000169552 0.000491333 1.0 0.00614899 0.0 0.0 0.0 1.0
stairs/seq-04/color/frame-000058.color.png stairs/seq-04/color/frame-000059.color.png 0.999993 0.00333612 0.00133214 0.00250111 -0.00333363 0.999993 -0.0018688 0.00216776 -0.00133835 0.00186435 0.999997 0.00482941 0.0 0.0 0.0 1.0
stairs/seq-04/color/frame-000059.color.png stairs/seq-04/color/frame-000060.color.png 0.99999 -0.00287702 0.00343097 -0.00279914 0.00287098 0.999994 0.00176561 -0.00724041 -0.00343602 -0.00175574 0.999993 0.00490564 0.0 0.0 0.0 1.0
stairs/seq-04/color/frame-000060.color.png stairs/seq-04/color/frame-000061.color.png 0.999998 -0.000448952 0.00207436 0.000389865 0.000453819 0.999997 -0.00234255 0.00157419 -0.00207332 0.00234348 0.999995 0.00617343 0.0 0.0 0.0 1.0
stairs/seq-04/color/frame-000061.color.png stairs/seq-04/color/frame-000062.color.png 0.999999 0.000294407 0.00141625 0.00187024 -0.000294088 1.0 -0.000225254 -0.00450554 -0.0014163 0.000224837 0.999999 0.00636077 0.0 0.0 0.0 1.0
stairs/seq-04/color/frame-000062.color.png stairs/seq-04/color/frame-000063.color.png 0.999997 0.000330662 0.00219049 -0.000683375 -0.000330576 1.0 -4.19055e-05 -0.00496605 -0.00219051 4.11832e-05 0.999998 0.0122083 0.0 0.0 0.0 1.0
stairs/seq-04/color/frame-000063.color.png stairs/seq-04/color/frame-000064.color.png 0.999992 -0.00396385 -0.000134085 0.00178663 0.00396348 0.999989 -0.0026657 -0.00369346 0.000144643 0.00266515 0.999996 0.00845802 0.0 0.0 0.0 1.0
stairs/seq-04/color/frame-000064.color.png stairs/seq-04/color/frame-000065.color.png 0.999991 -0.00376973 0.00176767 -0.00686545 0.00377384 0.99999 -0.00233762 -0.00388274 -0.00175887 0.00234426 0.999996 0.00181323 0.0 0.0 0.0 1.0
stairs/seq-04/color/frame-000065.color.png stairs/seq-04/color/frame-000066.color.png 0.999999 -0.000648822 -0.00133777 0.00122381 0.000646398 0.999998 -0.00180729 -0.000106096 0.00133895 0.00180642 0.999997 0.00467044 0.0 0.0 0.0 1.0
stairs/seq-04/color/frame-000066.color.png stairs/seq-04/color/frame-000067.color.png 0.999998 -0.00125209 -0.00159181 0.00644046 0.00124951 0.999998 -0.0016273 -0.00355399 0.00159383 0.00162531 0.999997 0.0091626 0.0 0.0 0.0 1.0
stairs/seq-04/color/frame-000067.color.png stairs/seq-04/color/frame-000068.color.png 0.999994 -0.00282272 0.00180269 -0.000912714 0.00282868 0.999991 -0.00331199 -0.00433767 -0.0017933 0.00331707 0.999993 0.00781 0.0 0.0 0.0 1.0
stairs/seq-04/color/frame-000068.color.png stairs/seq-04/color/frame-000069.color.png 0.999988 -0.00369114 0.0033223 -0.00768718 0.00369718 0.999992 -0.00181423 -0.00348109 -0.00331559 0.00182648 0.999993 0.00117856 0.0 0.0 0.0 1.0
stairs/seq-04/color/frame-000069.color.png stairs/seq-04/color/frame-000070.color.png 0.999994 -0.0029195 0.00203035 0.00146857 0.00292393 0.999993 -0.00218014 -0.00388151 -0.00202398 0.00218607 0.999995 0.0120777 0.0 0.0 0.0 1.0
stairs/seq-04/color/frame-000070.color.png stairs/seq-04/color/frame-000071.color.png 0.999992 -0.00264513 0.00312773 -0.00562833 0.00264808 0.999996 -0.000939197 -0.00338516 -0.00312523 0.000947468 0.999995 0.00269151 0.0 0.0 0.0 1.0
stairs/seq-04/color/frame-000071.color.png stairs/seq-04/color/frame-000072.color.png 1.0 -0.000936218 -0.000354696 0.00244219 0.000936119 1.0 -0.000266903 -0.00170517 0.000354943 0.000266569 1.0 0.00435394 0.0 0.0 0.0 1.0
stairs/seq-04/color/frame-000072.color.png stairs/seq-04/color/frame-000073.color.png 0.999998 0.000234456 0.00175898 0.000610332 -0.000232287 0.999999 -0.00123641 -0.0011515 -0.00175929 0.00123599 0.999998 0.00684792 0.0 0.0 0.0 1.0
stairs/seq-04/color/frame-000073.color.png stairs/seq-04/color/frame-000074.color.png 0.999991 -0.00308713 0.00270769 -0.00552508 0.00309005 0.999995 -0.00107721 -0.00502577 -0.00270436 0.00108556 0.999996 0.00172871 0.0 0.0 0.0 1.0
stairs/seq-04/color/frame-000074.color.png stairs/seq-04/color/frame-000075.color.png 0.999997 -0.00119685 0.002249 -0.0038297 0.00119567 0.999999 0.000517322 -0.00272796 -0.00224959 -0.000514632 0.999997 0.00319773 0.0 0.0 0.0 1.0
stairs/seq-04/color/frame-000075.color.png stairs/seq-04/color/frame-000076.color.png 0.999999 0.000606017 0.00129449 0.00159631 -0.000605865 1.0 -0.00011642 -0.00150248 -0.00129453 0.000115635 0.999999 0.00525445 0.0 0.0 0.0 1.0
stairs/seq-04/color/frame-000076.color.png stairs/seq-04/color/frame-000077.color.png 1.0 -0.00066235 0.000532996 0.00286596 0.000663549 0.999997 -0.00224046 -0.00189891 -0.000531569 0.00224081 0.999997 0.00545967 0.0 0.0 0.0 1.0
stairs/seq-04/color/frame-000077.color.png stairs/seq-04/color/frame-000078.color.png 0.999999 -0.00127543 0.000899093 -0.00125033 0.0012762 0.999999 -0.000858465 -0.0059427 -0.000898007 0.000859611 0.999999 0.00211883 0.0 0.0 0.0 1.0
stairs/seq-04/color/frame-000078.color.png stairs/seq-04/color/frame-000079.color.png 0.999979 -0.00624465 0.00178898 -0.015199 0.00624959 0.999977 -0.00277601 -0.00543544 -0.00177157 0.00278713 0.999995 -0.00439715 0.0 0.0 0.0 1.0
stairs/seq-04/color/frame-000079.color.png stairs/seq-04/color/frame-000080.color.png 0.999964 -0.00322561 -0.00790108 0.00736204 0.00323824 0.999993 0.00158529 -0.00290936 0.00789593 -0.00161081 0.999968 0.00627702 0.0 0.0 0.0 1.0
stairs/seq-04/color/frame-000080.color.png stairs/seq-04/color/frame-000081.color.png 0.999969 0.00139271 -0.00780355 0.00916822 -0.00141037 0.999996 -0.00225939 -0.00143042 0.00780037 0.00227032 0.999967 0.00529951 0.0 0.0 0.0 1.0
stairs/seq-04/color/frame-000081.color.png stairs/seq-04/color/frame-000082.color.png 0.999995 0.00264286 -0.00196609 -0.0019741 -0.00265096 0.999988 -0.00412577 0.00467891 0.00195516 0.00413096 0.99999 0.000209451 0.0 0.0 0.0 1.0
stairs/seq-04/color/frame-000082.color.png stairs/seq-04/color/frame-000083.color.png 0.999996 0.000395927 -0.00280009 0.00105632 -0.000399292 0.999999 -0.00120002 0.000465274 0.0027996 0.00120113 0.999995 0.000521779 0.0 0.0 0.0 1.0
stairs/seq-04/color/frame-000083.color.png stairs/seq-04/color/frame-000084.color.png 0.999974 -0.00249353 -0.00677221 0.011579 0.00249646 0.999997 0.000422019 -0.00825733 0.00677115 -0.000438906 0.999977 0.00498003 0.0 0.0 0.0 1.0
stairs/seq-04/color/frame-000084.color.png stairs/seq-04/color/frame-000085.color.png 0.999973 0.00650915 -0.00350325 -0.000248705 -0.00656508 0.999847 -0.0161982 0.0151932 0.00339727 0.0162207 0.999863 0.00142837 0.0 0.0 0.0 1.0
stairs/seq-04/color/frame-000085.color.png stairs/seq-04/color/frame-000086.color.png 0.999982 -0.000881622 -0.00589098 0.00842962 0.000889624 0.999999 0.00135549 -0.00299665 0.00588978 -0.0013607 0.999982 0.0013001 0.0 0.0 0.0 1.0
stairs/seq-04/color/frame-000086.color.png stairs/seq-04/color/frame-000087.color.png 0.999959 -0.00446413 -0.00791365 0.0132665 0.00441984 0.999975 -0.00560296 -0.00152969 0.00793845 0.00556776 0.999953 0.00955296 0.0 0.0 0.0 1.0
stairs/seq-04/color/frame-000087.color.png stairs/seq-04/color/frame-000088.color.png 0.999999 0.00110008 -0.000814582 -0.00729264 -0.0011067 0.999966 -0.00819676 0.00865188 0.000805515 0.00819765 0.999966 -0.004861 0.0 0.0 0.0 1.0
stairs/seq-04/color/frame-000088.color.png stairs/seq-04/color/frame-000089.color.png 0.99987 0.00287046 -0.0158445 0.0242481 -0.00297193 0.999975 -0.00638399 0.00514087 0.0158258 0.00643025 0.999854 0.0105929 0.0 0.0 0.0 1.0
stairs/seq-04/color/frame-000089.color.png stairs/seq-04/color/frame-000090.color.png 0.999991 0.00193528 -0.00387137 -0.001054 -0.00196201 0.999974 -0.00691221 0.00462306 0.00385791 0.00691974 0.999969 -0.00472212 0.0 0.0 0.0 1.0
stairs/seq-04/color/frame-000090.color.png stairs/seq-04/color/frame-000091.color.png 0.999998 0.000225709 -0.00215161 -0.00391245 -0.000226354 1.0 -0.000309496 -0.000805527 0.00215153 0.000309985 0.999998 -0.00757331 0.0 0.0 0.0 1.0
stairs/seq-04/color/frame-000091.color.png stairs/seq-04/color/frame-000092.color.png 0.999961 0.00252411 -0.00849624 0.0177775 -0.00254649 0.999993 -0.00262178 0.004228 0.00848955 0.0026433 0.99996 0.00860971 0.0 0.0 0.0 1.0
stairs/seq-04/color/frame-000092.color.png stairs/seq-04/color/frame-000093.color.png 0.99998 1.01228e-05 -0.00635257 0.00850022 -3.25935e-05 0.999994 -0.0035369 0.00225937 0.0063525 0.00353705 0.999973 0.000860751 0.0 0.0 0.0 1.0
stairs/seq-04/color/frame-000093.color.png stairs/seq-04/color/frame-000094.color.png 0.999895 -3.43641e-05 -0.0144966 0.014046 -7.325e-05 0.999972 -0.00742305 0.000980049 0.0144964 0.00742333 0.999867 -0.00382686 0.0 0.0 0.0 1.0
stairs/seq-04/color/frame-000094.color.png stairs/seq-04/color/frame-000095.color.png 0.999962 0.00278012 -0.00822689 0.0101221 -0.00282673 0.99998 -0.00565891 0.00584236 0.00821099 0.00568196 0.99995 0.00123155 0.0 0.0 0.0 1.0
stairs/seq-04/color/frame-000095.color.png stairs/seq-04/color/frame-000096.color.png 0.99996 0.00290062 -0.00842752 0.0129823 -0.00294645 0.999981 -0.00543089 0.00259948 0.00841161 0.00545551 0.99995 0.00391799 0.0 0.0 0.0 1.0
stairs/seq-04/color/frame-000096.color.png stairs/seq-04/color/frame-000097.color.png 0.999918 0.00666631 -0.0109643 0.0143803 -0.00680018 0.999902 -0.0122177 0.0154881 0.0108818 0.0122912 0.999865 -0.00478721 0.0 0.0 0.0 1.0
stairs/seq-04/color/frame-000097.color.png stairs/seq-04/color/frame-000098.color.png 0.999988 0.0026762 -0.00418237 0.00876319 -0.00267855 0.999996 -0.00055652 0.00191766 0.00418086 0.000567711 0.999991 -0.00112331 0.0 0.0 0.0 1.0
stairs/seq-04/color/frame-000098.color.png stairs/seq-04/color/frame-000099.color.png 0.999986 0.0053419 -0.000377877 0.00644407 -0.00534232 0.999985 -0.00111956 0.00639683 0.000371892 0.00112157 0.999999 0.000559747 0.0 0.0 0.0 1.0
stairs/seq-04/color/frame-000099.color.png stairs/seq-04/color/frame-000100.color.png 0.999963 -0.00418964 -0.0074499 0.022196 0.00416661 0.999986 -0.00310357 -0.0017266 0.0074628 0.00307242 0.999967 0.00044626 0.0 0.0 0.0 1.0
stairs/seq-04/color/frame-000100.color.png stairs/seq-04/color/frame-000101.color.png 0.999997 0.00246253 -0.000446254 0.00397597 -0.00246356 0.999994 -0.00230966 0.00461009 0.000440562 0.00231075 0.999997 -0.00356042 0.0 0.0 0.0 1.0
stairs/seq-04/color/frame-000101.color.png stairs/seq-04/color/frame-000102.color.png 0.99999 0.00266765 -0.00367522 0.0126127 -0.00266936 0.999996 -0.000457664 -0.00120091 0.00367399 0.000467462 0.999993 6.54459e-05 0.0 0.0 0.0 1.0
stairs/seq-04/color/frame-000102.color.png stairs/seq-04/color/frame-000103.color.png 0.999985 0.00524103 -0.00184327 0.0069819 -0.00524454 0.999984 -0.00190462 0.00381008 0.00183326 0.0019143 0.999996 -0.00292486 0.0 0.0 0.0 1.0
stairs/seq-04/color/frame-000103.color.png stairs/seq-04/color/frame-000104.color.png 0.999913 0.0101959 -0.00836225 0.0193902 -0.0101863 0.999947 0.00118408 0.00416416 0.00837389 -0.00109881 0.999964 -0.00635457 0.0 0.0 0.0 1.0
stairs/seq-04/color/frame-000104.color.png stairs/seq-04/color/frame-000105.color.png 0.999979 0.00527623 -0.00369368 0.0115006 -0.00528488 0.999983 -0.00233475 0.00605115 0.0036813 0.00235421 0.99999 0.0020147 0.0 0.0 0.0 1.0
stairs/seq-04/color/frame-000105.color.png stairs/seq-04/color/frame-000106.color.png 0.999974 -0.000394828 -0.00716518 0.0181807 0.000395731 1.0 0.000124707 -0.00490737 0.00716513 -0.000127528 0.999974 0.00213456 0.0 0.0 0.0 1.0
stairs/seq-04/color/frame-000106.color.png stairs/seq-04/color/frame-000107.color.png 0.999898 0.00842722 -0.0115547 0.0233177 -0.0084703 0.999957 -0.0036845 0.0032061 0.0115231 0.00378198 0.999927 0.000789165 0.0 0.0 0.0 1.0
stairs/seq-04/color/frame-000107.color.png stairs/seq-04/color/frame-000108.color.png 0.999973 0.00284491 -0.00671706 0.0102116 -0.00286584 0.999991 -0.00310897 0.00191668 0.00670816 0.00312813 0.999973 -0.00180393 0.0 0.0 0.0 1.0
stairs/seq-04/color/frame-000108.color.png stairs/seq-04/color/frame-000109.color.png 0.999962 0.00433587 -0.00751812 0.0121452 -0.00434629 0.99999 -0.0013699 0.00268412 0.00751209 0.00140253 0.999971 -0.00212687 0.0 0.0 0.0 1.0
stairs/seq-04/color/frame-000109.color.png stairs/seq-04/color/frame-000110.color.png 0.999941 0.00316063 -0.0103879 0.0177045 -0.00317131 0.999994 -0.00101172 0.00109085 0.0103846 0.00104462 0.999946 0.000658333 0.0 0.0 0.0 1.0
stairs/seq-04/color/frame-000110.color.png stairs/seq-04/color/frame-000111.color.png 0.999832 0.00888305 -0.0160326 0.0256118 -0.00894658 0.999952 -0.00389535 0.010329 0.0159972 0.00403813 0.999864 0.000231683 0.0 0.0 0.0 1.0
stairs/seq-04/color/frame-000111.color.png stairs/seq-04/color/frame-000112.color.png 0.999977 0.000675213 -0.0067354 0.0165439 -0.000682729 0.999999 -0.00111372 -0.000475854 0.00673465 0.00111829 0.999977 0.00521952 0.0 0.0 0.0 1.0
stairs/seq-04/color/frame-000112.color.png stairs/seq-04/color/frame-000113.color.png 0.999994 0.000919356 -0.00331898 0.00551875 -0.00092615 0.999997 -0.00204579 0.00191161 0.00331708 0.00204887 0.999992 -0.00344604 0.0 0.0 0.0 1.0
stairs/seq-04/color/frame-000113.color.png stairs/seq-04/color/frame-000114.color.png 0.999983 0.00213231 -0.00552831 0.00805247 -0.00213144 0.999998 0.000162684 -6.52075e-05 0.00552865 -0.000150935 0.999985 -0.00155777 0.0 0.0 0.0 1.0
stairs/seq-04/color/frame-000114.color.png stairs/seq-04/color/frame-000115.color.png 0.999883 0.00436051 -0.0146542 0.0221368 -0.00439011 0.999988 -0.00198846 0.00644872 0.0146453 0.00205257 0.999891 -0.00370371 0.0 0.0 0.0 1.0
stairs/seq-04/color/frame-000115.color.png stairs/seq-04/color/frame-000116.color.png 0.999971 0.000871494 -0.00754757 0.00914608 -0.000870224 1.0 0.000171915 -0.000184298 0.00754773 -0.000165328 0.999972 -0.00226307 0.0 0.0 0.0 1.0
stairs/seq-04/color/frame-000116.color.png stairs/seq-04/color/frame-000117.color.png 0.999961 0.00396112 -0.0079356 0.0112661 -0.00397288 0.999991 -0.00146566 0.00311515 0.00792971 0.0014971 0.999968 -0.00148302 0.0 0.0 0.0 1.0
stairs/seq-04/color/frame-000117.color.png stairs/seq-04/color/frame-000118.color.png 0.999886 0.00498555 -0.014245 0.0167862 -0.00505418 0.999976 -0.00478638 0.00783485 0.0142208 0.00485785 0.999887 -0.00281155 0.0 0.0 0.0 1.0
stairs/seq-04/color/frame-000118.color.png stairs/seq-04/color/frame-000119.color.png 0.999933 0.00179863 -0.0114087 0.0148307 -0.00177413 0.999996 0.00215782 -0.00433961 0.0114125 -0.00213744 0.999933 -0.00193697 0.0 0.0 0.0 1.0
stairs/seq-04/color/frame-000119.color.png stairs/seq-04/color/frame-000120.color.png 0.999827 0.0076806 -0.0169607 0.0211863 -0.0077108 0.999969 -0.0017161 0.00631219 0.016947 0.00184658 0.999855 -0.0041182 0.0 0.0 0.0 1.0
stairs/seq-04/color/frame-000120.color.png stairs/seq-04/color/frame-000121.color.png 0.999944 0.00343996 -0.0100373 0.0148015 -0.00346401 0.999991 -0.00237951 4.81009e-05 0.0100291 0.00241416 0.999947 0.00132549 0.0 0.0 0.0 1.0
stairs/seq-04/color/frame-000121.color.png stairs/seq-04/color/frame-000122.color.png 0.999977 0.00327351 -0.00593885 0.00475299 -0.00329971 0.999985 -0.00440654 0.00311884 0.00592435 0.00442602 0.999973 -0.00396389 0.0 0.0 0.0 1.0
stairs/seq-04/color/frame-000122.color.png stairs/seq-04/color/frame-000123.color.png 0.999821 0.0097935 -0.0161619 0.0110969 -0.00992021 0.999921 -0.00777933 0.0103122 0.0160844 0.00793827 0.999839 -0.0106934 0.0 0.0 0.0 1.0
stairs/seq-04/color/frame-000123.color.png stairs/seq-04/color/frame-000124.color.png 0.999918 0.00472198 -0.011899 0.0113084 -0.004714 0.999989 0.000700356 -0.00224608 0.0119022 -0.000644199 0.999929 -0.00448686 0.0 0.0 0.0 1.0
stairs/seq-04/color/frame-000124.color.png stairs/seq-04/color/frame-000125.color.png 0.999615 0.00988937 -0.0259064 0.0264194 -0.00989849 0.999951 -0.000223722 0.000688702 0.0259029 0.000480093 0.999664 -0.0052458 0.0 0.0 0.0 1.0
stairs/seq-04/color/frame-000125.color.png stairs/seq-04/color/frame-000126.color.png 0.999969 0.00441346 -0.00651353 0.0015709 -0.00444148 0.999981 -0.00429278 0.0109924 0.0064945 0.00432156 0.99997 -0.00623679 0.0 0.0 0.0 1.0
stairs/seq-04/color/frame-000126.color.png stairs/seq-04/color/frame-000127.color.png 0.999813 0.0075567 -0.0177956 0.0170576 -0.00767528 0.999949 -0.00660461 0.0132881 0.0177448 0.00673995 0.99982 -0.00194633 0.0 0.0 0.0 1.0
stairs/seq-04/color/frame-000127.color.png stairs/seq-04/color/frame-000128.color.png 0.999933 0.00494252 -0.0105014 0.0187117 -0.00499019 0.999977 -0.00451939 0.00635886 0.0104788 0.00457149 0.999935 -0.00280482 0.0 0.0 0.0 1.0
stairs/seq-04/color/frame-000128.color.png stairs/seq-04/color/frame-000129.color.png 0.999918 0.00849009 -0.00963133 0.00287685 -0.00855178 0.999943 -0.00638211 0.0088793 0.00957662 0.00646396 0.999933 -0.00652599 0.0 0.0 0.0 1.0
stairs/seq-04/color/frame-000129.color.png stairs/seq-04/color/frame-000130.color.png 0.999972 0.00359793 -0.00652931 0.0080114 -0.00361703 0.999989 -0.00291793 0.00340378 0.00651873 0.00294145 0.999974 -0.0022707 0.0 0.0 0.0 1.0
stairs/seq-04/color/frame-000130.color.png stairs/seq-04/color/frame-000131.color.png 0.999908 0.00424862 -0.0128979 0.0138919 -0.00434236 0.999964 -0.00724807 0.0113581 0.0128666 0.0073034 0.999891 -0.00375563 0.0 0.0 0.0 1.0
stairs/seq-04/color/frame-000131.color.png stairs/seq-04/color/frame-000132.color.png 0.999976 0.00467584 -0.00513203 0.00160831 -0.00467971 0.999989 -0.000740706 -0.00127283 0.00512857 0.000764718 0.999987 -0.00121009 0.0 0.0 0.0 1.0
stairs/seq-04/color/frame-000132.color.png stairs/seq-04/color/frame-000133.color.png 0.999899 0.00812925 -0.0116238 0.00896558 -0.00820736 0.999944 -0.00668936 0.00571373 0.0115687 0.00678409 0.99991 -0.00665498 0.0 0.0 0.0 1.0
stairs/seq-04/color/frame-000133.color.png stairs/seq-04/color/frame-000134.color.png 0.99996 0.00174802 -0.00874841 0.00680923 -0.00177491 0.999994 -0.00306573 0.00972381 0.00874299 0.00308115 0.999957 0.00207996 0.0 0.0 0.0 1.0
stairs/seq-04/color/frame-000134.color.png stairs/seq-04/color/frame-000135.color.png 0.999863 0.010188 -0.0130432 0.00688055 -0.0102419 0.999939 -0.00407203 0.00199434 0.0130009 0.00420507 0.999907 -0.00429559 0.0 0.0 0.0 1.0
stairs/seq-04/color/frame-000135.color.png stairs/seq-04/color/frame-000136.color.png 0.99986 0.000183035 -0.0167365 0.030041 -0.000280208 0.999983 -0.0058042 0.0163241 0.0167351 0.00580806 0.999843 0.00311816 0.0 0.0 0.0 1.0
stairs/seq-04/color/frame-000136.color.png stairs/seq-04/color/frame-000137.color.png 0.999833 0.00825535 -0.0163331 0.0185281 -0.00821305 0.999963 0.00265366 -0.00635773 0.0163545 -0.00251903 0.999863 -0.00829428 0.0 0.0 0.0 1.0
stairs/seq-04/color/frame-000137.color.png stairs/seq-04/color/frame-000138.color.png 0.999983 0.0027562 -0.00523505 0.00812173 -0.00277386 0.99999 -0.0033629 0.00612548 0.00522579 0.00337733 0.999981 -0.00445336 0.0 0.0 0.0 1.0
stairs/seq-04/color/frame-000138.color.png stairs/seq-04/color/frame-000139.color.png 0.999933 0.00601304 -0.0098649 0.0115227 -0.00604815 0.999975 -0.00353308 0.00490931 0.00984336 0.0035925 0.999945 -0.00185764 0.0 0.0 0.0 1.0
stairs/seq-04/color/frame-000139.color.png stairs/seq-04/color/frame-000140.color.png 0.999997 0.00207678 -0.0012568 -0.00626424 -0.00208326 0.999984 -0.00520165 0.0106181 0.00124592 0.00520428 0.999986 0.000524402 0.0 0.0 0.0 1.0
stairs/seq-04/color/frame-000140.color.png stairs/seq-04/color/frame-000141.color.png 0.999911 0.00454813 -0.0125129 0.0162711 -0.00460047 0.999981 -0.00415683 0.00281197 0.0124938 0.00421398 0.999913 -0.00973105 0.0 0.0 0.0 1.0
stairs/seq-04/color/frame-000141.color.png stairs/seq-04/color/frame-000142.color.png 0.999989 0.00168429 -0.00444722 0.00292838 -0.00167484 0.999996 0.00212727 -0.00915638 0.00445075 -0.00211977 0.999988 -0.00956529 0.0 0.0 0.0 1.0
stairs/seq-04/color/frame-000142.color.png stairs/seq-04/color/frame-000143.color.png 0.999877 0.00750759 -0.0137789 0.0121946 -0.00756901 0.999962 -0.00441071 0.00358132 0.0137452 0.00451447 0.999895 -0.00387847 0.0 0.0 0.0 1.0
stairs/seq-04/color/frame-000143.color.png stairs/seq-04/color/frame-000144.color.png 0.99998 0.00275386 -0.00567667 0.00680968 -0.00278011 0.999986 -0.00462001 0.00829715 0.005664 0.00463566 0.999973 -0.00374675 0.0 0.0 0.0 1.0
stairs/seq-04/color/frame-000144.color.png stairs/seq-04/color/frame-000145.color.png 0.999984 0.00374415 -0.00429964 -0.00600761 -0.00377429 0.999968 -0.00701921 0.014507 0.00427316 0.00703534 0.999966 -0.0138033 0.0 0.0 0.0 1.0
stairs/seq-04/color/frame-000145.color.png stairs/seq-04/color/frame-000146.color.png 0.999876 0.00654917 -0.0143524 0.0196989 -0.00661873 0.999967 -0.00480295 0.00899154 0.0143205 0.00489735 0.999885 -0.00879127 0.0 0.0 0.0 1.0
stairs/seq-04/color/frame-000146.color.png stairs/seq-04/color/frame-000147.color.png 0.999969 0.00533298 -0.00578587 0.005869 -0.00531439 0.999981 0.0032244 -0.00824785 0.00580298 -0.00319352 0.999978 -0.0148124 0.0 0.0 0.0 1.0
stairs/seq-04/color/frame-000147.color.png stairs/seq-04/color/frame-000148.color.png 0.999927 0.00368897 -0.0115523 -0.00983816 -0.00369648 0.999993 -0.000632093 -0.00210601 0.01155 0.000674736 0.999933 0.0148676 0.0 0.0 0.0 1.0
stairs/seq-04/color/frame-000148.color.png stairs/seq-04/color/frame-000149.color.png 0.999929 0.00549222 -0.0106072 0.0288581 -0.00552259 0.999981 -0.00283229 0.00329411 0.0105914 0.00289067 0.99994 -0.0202862 0.0 0.0 0.0 1.0
stairs/seq-04/color/frame-000149.color.png stairs/seq-04/color/frame-000150.color.png 0.999933 0.00464685 -0.0105928 0.000799477 -0.00466844 0.999987 -0.00201715 0.011929 0.0105833 0.00206647 0.999942 -0.00318894 0.0 0.0 0.0 1.0
stairs/seq-04/color/frame-000150.color.png stairs/seq-04/color/frame-000151.color.png 0.999909 0.00702659 -0.0114895 0.00848225 -0.0070614 0.999971 -0.0029914 0.00327224 0.0114681 0.00307224 0.99993 -0.00313538 0.0 0.0 0.0 1.0
stairs/seq-04/color/frame-000151.color.png stairs/seq-04/color/frame-000152.color.png 0.999857 0.00577517 -0.0158816 0.0136777 -0.00578345 0.999983 -0.00047388 -0.00775856 0.0158787 0.000565731 0.999874 0.00274527 0.0 0.0 0.0 1.0
stairs/seq-04/color/frame-000152.color.png stairs/seq-04/color/frame-000153.color.png 0.999955 -0.00115534 -0.00945815 0.0146478 0.00114903 0.999999 -0.000675316 0.00230524 0.00945887 0.000664396 0.999955 -0.0111832 0.0 0.0 0.0 1.0
stairs/seq-04/color/frame-000153.color.png stairs/seq-04/color/frame-000154.color.png 0.999891 0.00800453 -0.0124077 0.00494981 -0.00799398 0.999968 0.000901909 0.00194246 0.0124147 -0.000802644 0.999923 -0.00484356 0.0 0.0 0.0 1.0
stairs/seq-04/color/frame-000154.color.png stairs/seq-04/color/frame-000155.color.png 0.99985 0.00893206 -0.0148597 0.0119307 -0.00889932 0.999958 0.00226681 0.00177789 0.0148793 -0.00213426 0.999887 -0.00742707 0.0 0.0 0.0 1.0
stairs/seq-04/color/frame-000155.color.png stairs/seq-04/color/frame-000156.color.png 0.999977 0.00464193 -0.00486034 -0.0028879 -0.00463513 0.999988 0.00140882 0.00381815 0.00486684 -0.00138628 0.999987 0.00453189 0.0 0.0 0.0 1.0
stairs/seq-04/color/frame-000156.color.png stairs/seq-04/color/frame-000157.color.png 0.999914 0.00690857 -0.0111313 0.00822043 -0.00691987 0.999976 -0.000976784 -0.00140715 0.0111243 0.00105373 0.999938 -0.00164694 0.0 0.0 0.0 1.0
stairs/seq-04/color/frame-000157.color.png stairs/seq-04/color/frame-000158.color.png 0.999937 0.00387138 -0.0104832 0.00799733 -0.00383222 0.999986 0.00375521 -0.00766698 0.0104976 -0.00371477 0.999938 -0.000511348 0.0 0.0 0.0 1.0
stairs/seq-04/color/frame-000158.color.png stairs/seq-04/color/frame-000159.color.png 0.999991 -0.00290314 -0.00303263 -0.00346854 0.00288243 0.999973 -0.00682396 0.0171 0.00305225 0.00681514 0.999972 0.00140899 0.0 0.0 0.0 1.0
stairs/seq-04/color/frame-000159.color.png stairs/seq-04/color/frame-000160.color.png 0.999906 0.00343603 -0.0132667 0.0121472 -0.00340772 0.999992 0.00215744 -0.00430313 0.013274 -0.00211204 0.99991 -0.0018149 0.0 0.0 0.0 1.0
stairs/seq-04/color/frame-000160.color.png stairs/seq-04/color/frame-000161.color.png 0.999989 0.00118997 -0.00458587 -0.00432533 -0.00121451 0.999985 -0.00534493 0.0108287 0.00457946 0.00535042 0.999975 0.000477016 0.0 0.0 0.0 1.0
stairs/seq-04/color/frame-000161.color.png stairs/seq-04/color/frame-000162.color.png 0.999843 0.00781275 -0.0159121 0.0141573 -0.00783167 0.999969 -0.00112904 -0.00298283 0.0159028 0.00125357 0.999873 -0.00190574 0.0 0.0 0.0 1.0
stairs/seq-04/color/frame-000162.color.png stairs/seq-04/color/frame-000163.color.png 0.999954 0.00193491 -0.00942293 0.00628796 -0.00200534 0.99997 -0.00747238 0.00882041 0.00940819 0.00749089 0.999928 -0.00452334 0.0 0.0 0.0 1.0
stairs/seq-04/color/frame-000163.color.png stairs/seq-04/color/frame-000164.color.png 0.999982 0.00447388 -0.00403675 0.00540465 -0.00447335 0.99999 0.000135759 0.000153184 0.00403729 -0.000117773 0.999992 -0.0059641 0.0 0.0 0.0 1.0
stairs/seq-04/color/frame-000164.color.png stairs/seq-04/color/frame-000165.color.png 0.999942 0.00257778 -0.0104687 0.00955015 -0.00259597 0.999995 -0.00171735 0.00231928 0.0104643 0.0017445 0.999944 0.000690341 0.0 0.0 0.0 1.0
stairs/seq-04/color/frame-000165.color.png stairs/seq-04/color/frame-000166.color.png 0.999949 0.00480236 -0.00883486 0.00274694 -0.00480963 0.999988 -0.000798172 0.00399694 0.00883084 0.000840591 0.999961 -0.000787914 0.0 0.0 0.0 1.0
stairs/seq-04/color/frame-000166.color.png stairs/seq-04/color/frame-000167.color.png 0.999979 0.00396147 -0.00509031 0.00587469 -0.00396239 0.999992 -0.000174487 -0.00272813 0.00508973 0.000194617 0.999987 -0.00787795 0.0 0.0 0.0 1.0
stairs/seq-04/color/frame-000167.color.png stairs/seq-04/color/frame-000168.color.png 0.999893 0.0069322 -0.0128538 0.01094 -0.00695357 0.999974 -0.00162298 0.00390404 0.0128421 0.0017122 0.999916 -0.00475347 0.0 0.0 0.0 1.0
stairs/seq-04/color/frame-000168.color.png stairs/seq-04/color/frame-000169.color.png 0.99996 0.00174981 -0.00875202 0.00548744 -0.0017626 0.999997 -0.00145535 0.00505069 0.00874955 0.00147076 0.99996 -0.00731865 0.0 0.0 0.0 1.0
stairs/seq-04/color/frame-000169.color.png stairs/seq-04/color/frame-000170.color.png 0.999967 0.00642303 -0.00500054 0.00654361 -0.00642341 0.999979 -5.16413e-05 -0.000234306 0.00500004 8.3732e-05 0.999988 -0.00114322 0.0 0.0 0.0 1.0
stairs/seq-04/color/frame-000170.color.png stairs/seq-04/color/frame-000171.color.png 0.999969 0.00493513 -0.00609718 0.00383347 -0.0049186 0.999984 0.00272089 0.00184229 0.00611044 -0.00269083 0.999978 -0.00824398 0.0 0.0 0.0 1.0
stairs/seq-04/color/frame-000171.color.png stairs/seq-04/color/frame-000172.color.png 0.999914 0.00936288 -0.0092346 0.01059 -0.00932389 0.999947 0.00425923 0.00057295 0.00927415 -0.00417271 0.999948 -0.00250506 0.0 0.0 0.0 1.0
stairs/seq-04/color/frame-000172.color.png stairs/seq-04/color/frame-000173.color.png 0.999982 0.00524442 -0.00301932 0.00587571 -0.00523103 0.999976 0.00442869 -0.00148398 0.00304241 -0.00441279 0.999986 -0.00919357 0.0 0.0 0.0 1.0
