stairs/seq-04/color/frame-000001.color.png stairs/seq-04/color/frame-000004.color.png 0.999952 -0.00639903 0.00747985 -0.0168224 0.00639595 0.999979 0.000435185 -0.0153608 -0.00748248 -0.000387324 0.999972 0.0331304 0.0 0.0 0.0 1.0
stairs/seq-04/color/frame-000004.color.png stairs/seq-04/color/frame-000007.color.png 0.99977 -0.00125287 0.0214049 -0.0270967 0.00133055 0.999993 -0.00361533 -0.011167 -0.0214002 0.00364298 0.999764 0.0291544 0.0 0.0 0.0 1.0
stairs/seq-04/color/frame-000007.color.png stairs/seq-04/color/frame-000010.color.png 0.999966 -0.00598224 0.00561809 -0.0140104 0.0059642 0.999977 0.00322299 -0.0109856 -0.00563725 -0.00318937 0.999979 0.0252993 0.0 0.0 0.0 1.0
stairs/seq-04/color/frame-000010.color.png stairs/seq-04/color/frame-000013.color.png 0.99997 -0.00529271 0.00565811 -0.0195876 0.00529474 0.999986 -0.000342141 -0.00975392 -0.00565622 0.000372089 0.999984 0.0319544 0.0 0.0 0.0 1.0
stairs/seq-04/color/frame-000013.color.png stairs/seq-04/color/frame-000016.color.png 0.999999 -0.00106238 0.00133918 -0.00954267 0.00106814 0.99999 -0.0043102 -0.00560234 -0.00133458 0.00431163 0.99999 0.0232145 0.0 0.0 0.0 1.0
stairs/seq-04/color/frame-000016.color.png stairs/seq-04/color/frame-000019.color.png 0.999823 -0.00983111 0.0160566 -0.0211078 0.00990158 0.999942 -0.00431527 -0.0133589 -0.0160133 0.00447349 0.999862 0.0203152 0.0 0.0 0.0 1.0
stairs/seq-04/color/frame-000019.color.png stairs/seq-04/color/frame-000022.color.png 0.999945 -0.00361006 0.00980738 -0.0136691 0.00359894 0.999993 0.00115162 -0.00927357 -0.00981147 -0.00111626 0.999951 0.0170437 0.0 0.0 0.0 1.0
stairs/seq-04/color/frame-000022.color.png stairs/seq-04/color/frame-000025.color.png 0.999978 -0.00444473 -0.00488608 -0.0059524 0.00449596 0.999934 0.0105248 -0.0166224 0.00483899 -0.0105466 0.999933 0.0250852 0.0 0.0 0.0 1.0
stairs/seq-04/color/frame-000025.color.png stairs/seq-04/color/frame-000028.color.png 0.999946 0.000442296 0.0103549 -0.00624539 -0.000497204 0.999986 0.00530003 -0.0133876 -0.0103524 -0.00530489 0.999932 0.0161395 0.0 0.0 0.0 1.0
stairs/seq-04/color/frame-000028.color.png stairs/seq-04/color/frame-000031.color.png 0.999979 -0.00506786 0.00407949 0.000303723 0.00503787 0.999961 0.00732954 -0.0164819 -0.00411649 -0.00730883 0.999965 0.0207196 0.0 0.0 0.0 1.0
stairs/seq-04/color/frame-000031.color.png stairs/seq-04/color/frame-000034.color.png 0.999988 0.00250788 0.0042771 0.0133525 -0.00253009 0.999983 0.00519774 -0.0161535 -0.00426399 -0.0052085 0.999977 0.0262115 0.0 0.0 0.0 1.0
stairs/seq-04/color/frame-000034.color.png stairs/seq-04/color/frame-000037.color.png 0.999982 -0.00507654 -0.00331537 0.0161228 0.00509727 0.999967 0.00627755 -0.0218252 0.00328339 -0.00629433 0.999975 0.0267347 0.0 0.0 0.0 1.0
stairs/seq-04/color/frame-000037.color.png stairs/seq-04/color/frame-000040.color.png 0.999965 0.00669702 0.0050181 0.0214168 -0.00673005 0.999956 0.00659281 -0.0142797 -0.0049737 -0.00662635 0.999966 0.0259624 0.0 0.0 0.0 1.0
stairs/seq-04/color/frame-000040.color.png stairs/seq-04/color/frame-000043.color.png 0.999991 0.00219269 0.00358253 0.017844 -0.00217734 0.999988 -0.00428237 -0.0203911 -0.00359189 0.00427452 0.999984 0.0285318 0.0 0.0 0.0 1.0
stairs/seq-04/color/frame-000043.color.png stairs/seq-04/color/frame-000046.color.png 0.999983 0.00557561 0.0017237 0.0112721 -0.0055778 0.999984 0.00127483 -0.00963859 -0.00171654 -0.00128441 0.999998 0.0131385 0.0 0.0 0.0 1.0
stairs/seq-04/color/frame-000046.color.png stairs/seq-04/color/frame-000049.color.png 0.999957 0.00499577 0.00784646 0.0130048 -0.00502612 0.99998 0.00385382 -0.016732 -0.00782705 -0.00389309 0.999962 0.028567 0.0 0.0 0.0 1.0
stairs/seq-04/color/frame-000049.color.png stairs/seq-04/color/frame-000052.color.png 0.999999 -0.000804514 -0.000940393 0.0129403 0.000809979 0.999983 0.00582383 -0.0215411 0.000935698 -0.00582458 0.999983 0.0292511 0.0 0.0 0.0 1.0
stairs/seq-04/color/frame-000052.color.png stairs/seq-04/color/frame-000055.color.png 0.999989 -0.00348531 -0.00306349 0.000548892 0.00350841 0.999965 0.00756709 -0.0129701 0.00303701 -0.00757776 0.999967 0.0138997 0.0 0.0 0.0 1.0
stairs/seq-04/color/frame-000055.color.png stairs/seq-04/color/frame-000058.color.png 0.999988 0.00409013 -0.00254015 0.000653811 -0.00408247 0.999987 0.00301591 -0.00485605 0.00255245 -0.00300549 0.999992 0.0200586 0.0 0.0 0.0 1.0
stairs/seq-04/color/frame-000058.color.png stairs/seq-04/color/frame-000061.color.png 0.999969 -0.00129485 0.0077408 -0.00178446 0.00129964 0.999999 -0.000613524 -0.00740488 -0.00774 0.000623564 0.99997 0.0155368 0.0 0.0 0.0 1.0
stairs/seq-04/color/frame-000061.color.png stairs/seq-04/color/frame-000064.color.png 0.999978 -0.00561654 0.00362242 0.00036988 0.00561877 0.999984 -0.000606952 -0.0195954 -0.00361893 0.000627291 0.999993 0.0243454 0.0 0.0 0.0 1.0
stairs/seq-04/color/frame-000064.color.png stairs/seq-04/color/frame-000067.color.png 0.999986 -0.00506565 -0.00156199 0.00219464 0.00505797 0.999975 -0.00488271 -0.00908253 0.00158666 0.00487473 0.999987 0.0172761 0.0 0.0 0.0 1.0
stairs/seq-04/color/frame-000067.color.png stairs/seq-04/color/frame-000070.color.png 0.999929 -0.0102879 0.00606644 -0.00553612 0.0103396 0.99991 -0.00855087 -0.0095104 -0.0059779 0.008613 0.999945 0.0218453 0.0 0.0 0.0 1.0
stairs/seq-04/color/frame-000070.color.png stairs/seq-04/color/frame-000073.color.png 0.999987 -0.00223134 0.0046353 -0.00235514 0.00224735 0.999991 -0.00345294 -0.00311172 -0.00462756 0.00346332 0.999983 0.0136773 0.0 0.0 0.0 1.0
stairs/seq-04/color/frame-000073.color.png stairs/seq-04/color/frame-000076.color.png 0.999973 -0.00309775 0.00662115 -0.00814559 0.00310208 0.999995 -0.000642638 -0.00860801 -0.00661914 0.000663152 0.999978 0.00981331 0.0 0.0 0.0 1.0
stairs/seq-04/color/frame-000076.color.png stairs/seq-04/color/frame-000079.color.png 0.999972 -0.00674477 0.00312757 -0.0119364 0.00676506 0.999956 -0.0065277 -0.0112488 -0.00308338 0.00654867 0.999974 0.00507969 0.0 0.0 0.0 1.0
stairs/seq-04/color/frame-000079.color.png stairs/seq-04/color/frame-000082.color.png 0.99981 0.000777297 -0.019484 0.0177191 -0.000880592 0.999986 -0.00529354 0.00135133 0.0194796 0.00530969 0.999796 0.0132272 0.0 0.0 0.0 1.0
stairs/seq-04/color/frame-000082.color.png stairs/seq-04/color/frame-000085.color.png 0.999928 0.00479505 -0.0109518 0.00549757 -0.00499739 0.999816 -0.0185246 0.0109519 0.010861 0.018578 0.999768 0.0029102 0.0 0.0 0.0 1.0
stairs/seq-04/color/frame-000085.color.png stairs/seq-04/color/frame-000088.color.png 0.999894 -0.00461127 -0.0138098 0.0116582 0.00446372 0.999933 -0.0106965 0.000553399 0.0138582 0.0106337 0.999847 0.00418144 0.0 0.0 0.0 1.0
stairs/seq-04/color/frame-000088.color.png stairs/seq-04/color/frame-000091.color.png 0.999722 0.00409543 -0.0232236 0.0214793 -0.00441981 0.999893 -0.0139335 0.00855628 0.0231641 0.0140322 0.999633 0.00122529 0.0 0.0 0.0 1.0
stairs/seq-04/color/frame-000091.color.png stairs/seq-04/color/frame-000094.color.png 0.999636 0.00255486 -0.0268574 0.0324516 -0.00291574 0.999906 -0.0134065 0.00832042 0.0268206 0.0134799 0.999549 0.00473511 0.0 0.0 0.0 1.0
stairs/seq-04/color/frame-000094.color.png stairs/seq-04/color/frame-000097.color.png 0.999472 0.011231 -0.0305 0.0409709 -0.0118782 0.999706 -0.0211201 0.0179144 0.0302538 0.0214712 0.999312 -0.00260252 0.0 0.0 0.0 1.0
stairs/seq-04/color/frame-000097.color.png stairs/seq-04/color/frame-000100.color.png 0.999963 0.00384063 -0.00771022 0.0264984 -0.00389862 0.999964 -0.00752085 0.0138077 0.00768106 0.00755062 0.999942 -0.0029906 0.0 0.0 0.0 1.0
stairs/seq-04/color/frame-000100.color.png stairs/seq-04/color/frame-000103.color.png 0.999922 0.0110118 -0.00583022 0.0234364 -0.0110488 0.999919 -0.00635066 0.0103224 0.00575981 0.00641459 0.999963 -0.00652045 0.0 0.0 0.0 1.0
stairs/seq-04/color/frame-000103.color.png stairs/seq-04/color/frame-000106.color.png 0.999707 0.0173545 -0.0168429 0.0426098 -0.0173698 0.999849 -0.00076652 0.00540918 0.0168271 0.00105886 0.999858 -0.00411218 0.0 0.0 0.0 1.0
stairs/seq-04/color/frame-000106.color.png stairs/seq-04/color/frame-000109.color.png 0.999497 0.016691 -0.0269762 0.0474426 -0.0169433 0.999815 -0.00915042 0.00858757 0.0268185 0.00960288 0.999594 0.00208694 0.0 0.0 0.0 1.0
stairs/seq-04/color/frame-000109.color.png stairs/seq-04/color/frame-000112.color.png 0.999308 0.0114874 -0.0353693 0.0613233 -0.0116725 0.999919 -0.00503089 0.0078904 0.0353086 0.00544023 0.999362 0.00466847 0.0 0.0 0.0 1.0
stairs/seq-04/color/frame-000112.color.png stairs/seq-04/color/frame-000115.color.png 0.999688 0.00379487 -0.0246736 0.0388366 -0.00378412 0.999993 0.000482646 -0.00344113 0.0246753 -0.000389116 0.999695 -0.00376678 0.0 0.0 0.0 1.0
stairs/seq-04/color/frame-000115.color.png stairs/seq-04/color/frame-000118.color.png 0.999498 0.00710709 -0.03086 0.0362089 -0.00722128 0.999968 -0.00359044 0.00447723 0.0308335 0.00381148 0.999517 -0.00963742 0.0 0.0 0.0 1.0
stairs/seq-04/color/frame-000118.color.png stairs/seq-04/color/frame-000121.color.png 0.999249 0.0153772 -0.0355571 0.0448887 -0.0155904 0.999862 -0.00572857 0.0103584 0.0354641 0.00627864 0.999351 -0.00257331 0.0 0.0 0.0 1.0
stairs/seq-04/color/frame-000121.color.png stairs/seq-04/color/frame-000124.color.png 0.998975 0.0168849 -0.0419916 0.0495313 -0.0173628 0.999788 -0.0110445 0.0106009 0.0417962 0.0117622 0.999057 -0.0184473 0.0 0.0 0.0 1.0
stairs/seq-04/color/frame-000124.color.png stairs/seq-04/color/frame-000127.color.png 0.998678 0.0215248 -0.0466864 0.0309058 -0.0218743 0.999736 -0.00698818 0.0122207 0.0465236 0.00800019 0.998885 -0.0125199 0.0 0.0 0.0 1.0
stairs/seq-04/color/frame-000127.color.png stairs/seq-04/color/frame-000130.color.png 0.999462 0.0144527 -0.0294323 0.0335711 -0.0148548 0.999799 -0.0134863 0.0159257 0.0292315 0.0139163 0.999476 -0.00465375 0.0 0.0 0.0 1.0
stairs/seq-04/color/frame-000130.color.png stairs/seq-04/color/frame-000133.color.png 0.999397 0.014269 -0.0316686 0.0283619 -0.014701 0.999801 -0.0134527 0.0130137 0.0314704 0.0139101 0.999408 -0.0104112 0.0 0.0 0.0 1.0
stairs/seq-04/color/frame-000133.color.png stairs/seq-04/color/frame-000136.color.png 0.999384 0.0154642 -0.0314944 0.0260118 -0.0157495 0.999837 -0.00883077 0.0142408 0.0313527 0.00932137 0.999465 -0.00841916 0.0 0.0 0.0 1.0
stairs/seq-04/color/frame-000136.color.png stairs/seq-04/color/frame-000139.color.png 0.999471 0.0159092 -0.0283593 0.0257444 -0.0160624 0.999858 -0.00518192 0.00721467 0.0282729 0.00563469 0.999584 -0.0106836 0.0 0.0 0.0 1.0
stairs/seq-04/color/frame-000139.color.png stairs/seq-04/color/frame-000142.color.png 0.999802 0.00886177 -0.0178026 0.00479299 -0.009057 0.999899 -0.0109174 0.0130849 0.017704 0.0110764 0.999782 -0.00884944 0.0 0.0 0.0 1.0
stairs/seq-04/color/frame-000142.color.png stairs/seq-04/color/frame-000145.color.png 0.999 0.0150325 -0.0421088 0.0638112 -0.0155144 0.999818 -0.0111403 0.0107342 0.0419337 0.0117825 0.999051 -0.0144607 0.0 0.0 0.0 1.0
stairs/seq-04/color/frame-000145.color.png stairs/seq-04/color/frame-000148.color.png 0.999392 0.0150742 -0.0314243 0.0275964 -0.0151271 0.999885 -0.00144684 -0.0017662 0.0313989 0.00192131 0.999505 -0.0290376 0.0 0.0 0.0 1.0
stairs/seq-04/color/frame-000148.color.png stairs/seq-04/color/frame-000151.color.png 0.999464 0.0125861 -0.0302144 0.0211223 -0.0127958 0.999895 -0.00675704 0.0169406 0.0301263 0.00714004 0.999521 -0.0183338 0.0 0.0 0.0 1.0
stairs/seq-04/color/frame-000151.color.png stairs/seq-04/color/frame-000154.color.png 0.99925 0.0108214 -0.037174 0.0271831 -0.0109182 0.999938 -0.00240275 0.00386128 0.0371455 0.00280679 0.999306 -0.00886777 0.0 0.0 0.0 1.0
stairs/seq-04/color/frame-000154.color.png stairs/seq-04/color/frame-000157.color.png 0.999297 0.0208291 -0.031179 0.0148914 -0.0208051 0.999783 0.00109686 0.0075925 0.0311952 -0.000447406 0.999513 -0.00181517 0.0 0.0 0.0 1.0
stairs/seq-04/color/frame-000157.color.png stairs/seq-04/color/frame-000160.color.png 0.999624 0.00723675 -0.0264308 0.0243675 -0.007165 0.99997 0.00280794 -0.00633335 0.0264504 -0.0026175 0.999647 -0.00957158 0.0 0.0 0.0 1.0
stairs/seq-04/color/frame-000160.color.png stairs/seq-04/color/frame-000163.color.png 0.999252 0.0163387 -0.0350522 0.0325524 -0.0167466 0.999795 -0.0113758 0.00460446 0.0348592 0.0119542 0.999321 -0.00651395 0.0 0.0 0.0 1.0
stairs/seq-04/color/frame-000163.color.png stairs/seq-04/color/frame-000166.color.png 0.999833 0.00875026 -0.0160649 -0.00883353 -0.00885603 0.99994 -0.00652688 0.0190859 0.0160066 0.00666804 0.99985 -0.00172621 0.0 0.0 0.0 1.0
stairs/seq-04/color/frame-000166.color.png stairs/seq-04/color/frame-000169.color.png 0.999465 0.0118466 -0.0304641 0.0333174 -0.0119322 0.999925 -0.00262777 0.00365055 0.0304309 0.00298995 0.999532 -0.0180693 0.0 0.0 0.0 1.0
stairs/seq-04/color/frame-000169.color.png stairs/seq-04/color/frame-000172.color.png 0.999609 0.0170829 -0.0221253 0.0206154 -0.0169242 0.99983 0.0073391 0.00430533 0.0222469 -0.00696182 0.999728 -0.00911149 0.0 0.0 0.0 1.0
stairs/seq-04/color/frame-000172.color.png stairs/seq-04/color/frame-000175.color.png 0.99982 0.0174547 -0.00744165 0.00529805 -0.0173697 0.999785 0.0113398 0.00996611 0.00763799 -0.0112084 0.999908 -0.0181766 0.0 0.0 0.0 1.0
stairs/seq-04/color/frame-000175.color.png stairs/seq-04/color/frame-000178.color.png 0.999909 0.011741 -0.00655506 -0.00271034 -0.011592 0.999684 0.0223226 -0.00548556 0.00681502 -0.0222447 0.999729 -0.00380689 0.0 0.0 0.0 1.0
stairs/seq-04/color/frame-000178.color.png stairs/seq-04/color/frame-000181.color.png 0.999362 0.0220984 -0.0280689 0.0117914 -0.0211601 0.999222 0.0332932 -0.0118599 0.0287827 -0.032678 0.999051 -0.0061641 0.0 0.0 0.0 1.0
stairs/seq-04/color/frame-000181.color.png stairs/seq-04/color/frame-000184.color.png 0.999607 0.0112352 -0.0256824 0.01706 -0.0109639 0.999883 0.0106789 -0.00595459 0.0257995 -0.0103932 0.999613 0.000210255 0.0 0.0 0.0 1.0
stairs/seq-04/color/frame-000184.color.png stairs/seq-04/color/frame-000187.color.png 0.999941 0.00553805 -0.00937164 0.00838196 -0.00554765 0.999984 -0.00100129 0.00745755 0.00936587 0.0010532 0.999956 -0.00307167 0.0 0.0 0.0 1.0
stairs/seq-04/color/frame-000187.color.png stairs/seq-04/color/frame-000190.color.png 0.999554 0.0127744 -0.0269782 0.0194567 -0.0125767 0.999893 0.00748213 -0.000230163 0.0270708 -0.00713945 0.999608 -0.0106958 0.0 0.0 0.0 1.0
stairs/seq-04/color/frame-000190.color.png stairs/seq-04/color/frame-000193.color.png 0.999583 0.022328 -0.0182911 0.0175985 -0.0220861 0.999667 0.0133271 0.00615957 0.0185826 -0.0129175 0.999744 -0.00732741 0.0 0.0 0.0 1.0
stairs/seq-04/color/frame-000193.color.png stairs/seq-04/color/frame-000196.color.png 0.999736 0.0171271 0.0153193 -0.0123435 -0.017507 0.999534 0.0250174 -0.00710303 -0.0148838 -0.025279 0.99957 0.0046587 0.0 0.0 0.0 1.0
stairs/seq-04/color/frame-000196.color.png stairs/seq-04/color/frame-000199.color.png 0.999613 0.00638893 0.0270857 -0.0129915 -0.00688356 0.99981 0.0182074 -0.00741079 -0.0269642 -0.0183869 0.999467 -0.000590742 0.0 0.0 0.0 1.0
stairs/seq-04/color/frame-000199.color.png stairs/seq-04/color/frame-000202.color.png 0.999574 0.00751244 0.0281914 -0.0146098 -0.00840193 0.999466 0.0315673 -0.0161704 -0.0279392 -0.0317907 0.999104 0.00268358 0.0 0.0 0.0 1.0
stairs/seq-04/color/frame-000202.color.png stairs/seq-04/color/frame-000205.color.png 0.999615 0.00264562 0.0276185 -0.0148631 -0.00335734 0.999663 0.0257576 -0.0095337 -0.0275411 -0.0258403 0.999287 0.00801522 0.0 0.0 0.0 1.0
stairs/seq-04/color/frame-000205.color.png stairs/seq-04/color/frame-000208.color.png 0.999756 0.00508798 0.0215159 -0.00661939 -0.0053428 0.999916 0.0118009 -0.00851336 -0.0214541 -0.0119131 0.999699 0.00144428 0.0 0.0 0.0 1.0
stairs/seq-04/color/frame-000208.color.png stairs/seq-04/color/frame-000211.color.png 0.999721 -0.00362303 0.0233439 -0.0154928 0.00319807 0.999829 0.0182177 -0.0143138 -0.0234059 -0.0181379 0.999561 0.00507614 0.0 0.0 0.0 1.0
stairs/seq-04/color/frame-000211.color.png stairs/seq-04/color/frame-000214.color.png 0.999412 -0.00919325 0.0330364 -0.0200893 0.00807087 0.999391 0.0339474 -0.0198329 -0.0333284 -0.0336608 0.998877 0.00194648 0.0 0.0 0.0 1.0
stairs/seq-04/color/frame-000214.color.png stairs/seq-04/color/frame-000217.color.png 0.999763 -0.00592859 0.0209659 -0.0174558 0.00557214 0.99984 0.0170201 -0.00559738 -0.0210635 -0.0168993 0.999635 0.00731316 0.0 0.0 0.0 1.0
stairs/seq-04/color/frame-000217.color.png stairs/seq-04/color/frame-000220.color.png 0.999757 -0.000996314 0.0220144 -0.0136525 0.000864273 0.999982 0.00600707 -0.00346744 -0.02202 -0.00598658 0.99974 0.00918877 0.0 0.0 0.0 1.0
stairs/seq-04/color/frame-000220.color.png stairs/seq-04/color/frame-000223.color.png 0.999817 -0.0044898 0.018588 -0.00937733 0.00438841 0.999975 0.0054922 -0.0107688 -0.0186121 -0.00540963 0.999812 0.00940919 0.0 0.0 0.0 1.0
stairs/seq-04/color/frame-000223.color.png stairs/seq-04/color/frame-000226.color.png 0.999419 -0.0109162 0.0322994 -0.0273479 0.0107056 0.99992 0.00668475 -0.0132563 -0.0323698 -0.00633509 0.999456 0.00952774 0.0 0.0 0.0 1.0
stairs/seq-04/color/frame-000226.color.png stairs/seq-04/color/frame-000229.color.png 0.99957 -0.0237432 0.0172098 -0.0123109 0.0237227 0.999718 0.00139785 -0.000225961 -0.0172381 -0.000988958 0.999851 0.00447303 0.0 0.0 0.0 1.0
stairs/seq-04/color/frame-000229.color.png stairs/seq-04/color/frame-000232.color.png 0.999375 -0.0122722 0.0331399 -0.0201484 0.011897 0.999863 0.011492 -0.0162302 -0.0332763 -0.0110906 0.999385 0.0121358 0.0 0.0 0.0 1.0
stairs/seq-04/color/frame-000232.color.png stairs/seq-04/color/frame-000235.color.png 0.999525 -0.0116503 0.0285182 -0.0242834 0.0115774 0.999929 0.00271778 0.00246766 -0.0285478 -0.00238634 0.99959 0.0222543 0.0 0.0 0.0 1.0
stairs/seq-04/color/frame-000235.color.png stairs/seq-04/color/frame-000238.color.png 0.999701 -0.011552 0.0215647 -0.015039 0.0113674 0.999898 0.00866836 -0.016398 -0.0216627 -0.00842062 0.99973 0.0173275 0.0 0.0 0.0 1.0
stairs/seq-04/color/frame-000238.color.png stairs/seq-04/color/frame-000241.color.png 0.999109 -0.0179106 0.038215 -0.0346242 0.0181486 0.999818 -0.00589118 0.0148149 -0.0381025 0.00657949 0.999252 0.00404328 0.0 0.0 0.0 1.0
stairs/seq-04/color/frame-000241.color.png stairs/seq-04/color/frame-000244.color.png 0.999265 -0.00976307 0.0370633 -0.0322938 0.00953262 0.999934 0.00638914 -0.0199964 -0.0371233 -0.00603112 0.999293 0.029641 0.0 0.0 0.0 1.0
stairs/seq-04/color/frame-000244.color.png stairs/seq-04/color/frame-000247.color.png 0.998843 -0.0136856 0.0461065 -0.0369987 0.0139484 0.999888 -0.00538339 -0.010933 -0.0460277 0.00602029 0.998922 0.0182037 0.0 0.0 0.0 1.0
stairs/seq-04/color/frame-000247.color.png stairs/seq-04/color/frame-000250.color.png 0.999501 -0.0212607 0.0233615 -0.0184051 0.0212881 0.999773 -0.000929484 -0.0137378 -0.0233364 0.00142631 0.999727 0.0151387 0.0 0.0 0.0 1.0
stairs/seq-04/color/frame-000250.color.png stairs/seq-04/color/frame-000253.color.png 0.999521 -0.00456657 0.0306216 -0.0249035 0.00436409 0.999968 0.00667611 -0.0237922 -0.0306511 -0.00653925 0.999509 0.0254343 0.0 0.0 0.0 1.0
stairs/seq-04/color/frame-000253.color.png stairs/seq-04/color/frame-000256.color.png 0.999505 -0.0123644 0.0289211 -0.0467452 0.0130282 0.999654 -0.0228755 0.0132165 -0.0286283 0.023241 0.99932 0.0314177 0.0 0.0 0.0 1.0
stairs/seq-04/color/frame-000256.color.png stairs/seq-04/color/frame-000259.color.png 0.999981 -0.00587274 -0.00188012 0.00862633 0.00588218 0.99997 0.00506634 -0.0462881 0.00185031 -0.00507731 0.999985 0.022405 0.0 0.0 0.0 1.0
stairs/seq-04/color/frame-000259.color.png stairs/seq-04/color/frame-000262.color.png 0.999937 -0.00931871 0.00629246 -0.0162302 0.00951175 0.999462 -0.0313757 0.0185575 -0.00599663 0.0314335 0.999488 0.0213065 0.0 0.0 0.0 1.0
stairs/seq-04/color/frame-000262.color.png stairs/seq-04/color/frame-000265.color.png 0.999986 -0.00516311 -0.00150092 -0.00952128 0.00512921 0.999749 -0.0217815 0.000181407 0.00161296 0.0217735 0.999762 0.01601 0.0 0.0 0.0 1.0
stairs/seq-04/color/frame-000265.color.png stairs/seq-04/color/frame-000268.color.png 0.999903 -0.0117875 0.00744589 -0.0126675 0.0119476 0.99969 -0.0218293 0.014958 -0.00718619 0.0219161 0.999734 0.0154305 0.0 0.0 0.0 1.0
stairs/seq-04/color/frame-000268.color.png stairs/seq-04/color/frame-000271.color.png 0.999282 -0.0153488 0.0346294 -0.0429242 0.0158121 0.999789 -0.0131458 -0.00125644 -0.0344202 0.0136839 0.999314 0.016218 0.0 0.0 0.0 1.0
stairs/seq-04/color/frame-000271.color.png stairs/seq-04/color/frame-000274.color.png 0.999035 -0.0198684 0.03916 -0.0407443 0.0201946 0.999764 -0.00795337 0.0116468 -0.0389928 0.00873652 0.999201 0.0228244 0.0 0.0 0.0 1.0
stairs/seq-04/color/frame-000274.color.png stairs/seq-04/color/frame-000277.color.png 0.998486 -0.0129006 0.0534737 -0.060542 0.0126806 0.99991 0.00445036 -0.0130687 -0.0535263 -0.00376554 0.998559 0.0208718 0.0 0.0 0.0 1.0
stairs/seq-04/color/frame-000277.color.png stairs/seq-04/color/frame-000280.color.png 0.999255 -0.00441687 0.038344 -0.0466534 0.00437087 0.99999 0.00128343 -0.0252959 -0.0383492 -0.00111488 0.999264 0.018712 0.0 0.0 0.0 1.0
stairs/seq-04/color/frame-000280.color.png stairs/seq-04/color/frame-000283.color.png 0.999863 -0.00504096 0.0157609 -0.0190577 0.00523806 0.999908 -0.0124896 0.0229385 -0.0156965 0.0125705 0.999798 0.0188777 0.0 0.0 0.0 1.0
stairs/seq-04/color/frame-000283.color.png stairs/seq-04/color/frame-000286.color.png 0.999781 -0.000225638 0.0209128 -0.0195673 0.000377604 0.999974 -0.00726307 -5.69224e-05 -0.0209105 0.00726938 0.999755 0.0207258 0.0 0.0 0.0 1.0
stairs/seq-04/color/frame-000286.color.png stairs/seq-04/color/frame-000289.color.png 0.999559 -0.00135589 0.0296503 -0.0380106 0.00156352 0.999974 -0.00698022 -0.000660509 -0.0296401 0.00702351 0.999536 0.0130846 0.0 0.0 0.0 1.0
stairs/seq-04/color/frame-000289.color.png stairs/seq-04/color/frame-000292.color.png 0.999833 0.000468567 0.0182637 -0.0315841 -0.000462559 1.0 -0.00033339 -0.00181794 -0.0182639 0.000324883 0.999833 0.00896132 0.0 0.0 0.0 1.0
stairs/seq-04/color/frame-000292.color.png stairs/seq-04/color/frame-000295.color.png 0.999905 0.00333096 0.0133554 -0.0374999 -0.00328824 0.999989 -0.00321901 -0.00196233 -0.013366 0.00317479 0.999906 0.00998187 0.0 0.0 0.0 1.0
stairs/seq-04/color/frame-000295.color.png stairs/seq-04/color/frame-000298.color.png 0.999983 0.00552052 -0.00175961 -0.0234836 -0.00550519 0.999948 0.00860421 -0.0214167 0.00180704 -0.00859438 0.999961 0.00201833 0.0 0.0 0.0 1.0
stairs/seq-04/color/frame-000298.color.png stairs/seq-04/color/frame-000301.color.png 0.999843 0.00091868 -0.0176904 0.0108391 -0.00100733 0.999987 -0.00500281 -0.00231811 0.0176856 0.00501985 0.999831 0.0119247 0.0 0.0 0.0 1.0
stairs/seq-04/color/frame-000301.color.png stairs/seq-04/color/frame-000304.color.png 0.999571 -0.00185816 -0.0292354 0.0229168 0.0015982 0.999959 -0.00891292 0.00677088 0.0292507 0.00886237 0.999533 0.00512207 0.0 0.0 0.0 1.0
stairs/seq-04/color/frame-000304.color.png stairs/seq-04/color/frame-000307.color.png 0.999694 0.000288741 -0.024748 0.0334148 -0.000127305 0.999979 0.00652454 -0.010293 0.0247493 -0.00651939 0.999673 0.0102361 0.0 0.0 0.0 1.0
stairs/seq-04/color/frame-000307.color.png stairs/seq-04/color/frame-000310.color.png 0.999945 9.84225e-05 -0.0105294 0.00748248 -0.000204143 0.999949 -0.0100398 -0.00286764 0.010528 0.0100414 0.999894 0.00531858 0.0 0.0 0.0 1.0
stairs/seq-04/color/frame-000310.color.png stairs/seq-04/color/frame-000313.color.png 0.999826 2.72436e-05 -0.0186435 0.00353431 -0.000218725 0.999947 -0.0102688 0.0128071 0.0186422 0.0102711 0.999774 0.0118737 0.0 0.0 0.0 1.0
stairs/seq-04/color/frame-000313.color.png stairs/seq-04/color/frame-000316.color.png 0.999841 0.00907721 -0.0153649 0.0423175 -0.00907732 0.999959 6.24931e-05 -0.00729603 0.0153648 7.69885e-05 0.999882 0.0157464 0.0 0.0 0.0 1.0
stairs/seq-04/color/frame-000316.color.png stairs/seq-04/color/frame-000319.color.png 1.0 -0.000797327 -0.00042449 0.0133949 0.000792612 0.999939 -0.0109938 0.00294393 0.000433204 0.0109934 0.99994 0.0197412 0.0 0.0 0.0 1.0
stairs/seq-04/color/frame-000319.color.png stairs/seq-04/color/frame-000322.color.png 0.999955 0.00115439 -0.00942635 0.055179 -0.00129051 0.999895 -0.0144468 -0.00549275 0.00940871 0.0144583 0.999851 0.0296114 0.0 0.0 0.0 1.0
stairs/seq-04/color/frame-000322.color.png stairs/seq-04/color/frame-000325.color.png 0.999962 0.00524881 -0.00699562 0.0297832 -0.00526446 0.999984 -0.00222124 -0.00518569 0.00698384 0.00225798 0.999973 0.0217808 0.0 0.0 0.0 1.0
stairs/seq-04/color/frame-000325.color.png stairs/seq-04/color/frame-000328.color.png 0.999926 -0.000105976 0.0121965 0.0361559 8.82051e-05 0.999999 0.00145752 -0.012228 -0.0121966 -0.00145633 0.999924 0.0321127 0.0 0.0 0.0 1.0
stairs/seq-04/color/frame-000328.color.png stairs/seq-04/color/frame-000331.color.png 0.999917 0.00389396 0.0122774 -0.00914124 -0.00389761 0.999992 0.000273803 -0.0047946 -0.0122762 -0.000321636 0.999925 0.0184839 0.0 0.0 0.0 1.0
stairs/seq-04/color/frame-000331.color.png stairs/seq-04/color/frame-000334.color.png 0.999987 0.00315182 0.00393431 0.0203134 -0.00312164 0.999966 -0.00765449 0.00829148 -0.00395832 0.00764211 0.999963 0.0214874 0.0 0.0 0.0 1.0
stairs/seq-04/color/frame-000334.color.png stairs/seq-04/color/frame-000337.color.png 0.999981 0.00153845 -0.00588943 0.0109922 -0.0015982 0.999947 -0.0101533 0.00300044 0.0058735 0.0101626 0.999931 0.0110262 0.0 0.0 0.0 1.0
stairs/seq-04/color/frame-000337.color.png stairs/seq-04/color/frame-000340.color.png 0.999904 0.000397546 -0.013863 0.0161927 -0.000500666 0.999972 -0.00743632 -0.00171962 0.0138597 0.00744255 0.999876 0.00815326 0.0 0.0 0.0 1.0
stairs/seq-04/color/frame-000340.color.png stairs/seq-04/color/frame-000343.color.png 0.999943 0.00673006 -0.00826571 0.000396848 -0.00679399 0.999947 -0.00772881 -0.000488698 0.0082133 0.00778453 0.999936 0.00781071 0.0 0.0 0.0 1.0
stairs/seq-04/color/frame-000343.color.png stairs/seq-04/color/frame-000346.color.png 0.999941 0.00554404 -0.00933784 0.0133658 -0.00563253 0.999939 -0.00947697 0.00787717 0.0092847 0.009529 0.999912 0.0119624 0.0 0.0 0.0 1.0
stairs/seq-04/color/frame-000346.color.png stairs/seq-04/color/frame-000349.color.png 0.999968 0.00774622 -0.00183304 -0.0114139 -0.00774875 0.999969 -0.00137852 0.00392228 0.00182232 0.00139266 0.999997 0.00948811 0.0 0.0 0.0 1.0
stairs/seq-04/color/frame-000349.color.png stairs/seq-04/color/frame-000352.color.png 0.99992 -0.00815032 -0.00963343 0.0140214 0.00822767 0.999934 0.00801704 -0.0205027 0.00956751 -0.00809564 0.999921 0.0147256 0.0 0.0 0.0 1.0
stairs/seq-04/color/frame-000352.color.png stairs/seq-04/color/frame-000355.color.png 0.999911 -0.00684397 0.0114493 -0.0319553 0.00676984 0.999956 0.00650085 -0.00117272 -0.0114933 -0.00642278 0.999913 0.0108044 0.0 0.0 0.0 1.0
stairs/seq-04/color/frame-000355.color.png stairs/seq-04/color/frame-000358.color.png 0.999945 -0.000370737 0.0104307 -0.0226545 0.000180746 0.999834 0.0182097 -0.0219026 -0.0104358 -0.0182068 0.99978 0.00818801 0.0 0.0 0.0 1.0
stairs/seq-04/color/frame-000358.color.png stairs/seq-04/color/frame-000361.color.png 0.999921 -0.00566002 -0.0112364 -0.00286432 0.00578434 0.999922 0.0110627 -0.019863 0.0111729 -0.0111268 0.999876 0.00364828 0.0 0.0 0.0 1.0
stairs/seq-04/color/frame-000361.color.png stairs/seq-04/color/frame-000364.color.png 0.999997 0.000811155 -0.0022259 0.00235805 -0.000816615 0.999997 -0.0024519 0.0157637 0.00222393 0.00245371 0.999995 0.00412238 0.0 0.0 0.0 1.0
stairs/seq-04/color/frame-000364.color.png stairs/seq-04/color/frame-000367.color.png 0.99993 0.0100402 0.00621692 -0.00225258 -0.0101037 0.999896 0.0102681 -9.05991e-06 -0.00611325 -0.0103302 0.999928 0.00311852 0.0 0.0 0.0 1.0
stairs/seq-04/color/frame-000367.color.png stairs/seq-04/color/frame-000370.color.png 0.999927 -0.000446819 0.0121157 -0.0292511 0.000368113 0.999979 0.00649787 -0.00753996 -0.0121184 -0.00649293 0.999905 -0.000990152 0.0 0.0 0.0 1.0
stairs/seq-04/color/frame-000370.color.png stairs/seq-04/color/frame-000373.color.png 0.999978 -0.000279243 -0.00660598 0.000300705 0.000292483 0.999998 0.00200358 0.00182891 0.00660542 -0.00200546 0.999976 -0.00587821 0.0 0.0 0.0 1.0
stairs/seq-04/color/frame-000373.color.png stairs/seq-04/color/frame-000376.color.png 0.999993 0.00345983 -0.00168159 -0.00775607 -0.00347145 0.99997 -0.00695587 0.0210149 0.00165746 0.00696165 0.999974 0.000612259 0.0 0.0 0.0 1.0
stairs/seq-04/color/frame-000376.color.png stairs/seq-04/color/frame-000379.color.png 0.999959 0.00440113 -0.00796756 0.00809827 -0.00436701 0.999981 0.00429561 0.00223631 0.00798633 -0.00426064 0.999959 -0.00443339 0.0 0.0 0.0 1.0
stairs/seq-04/color/frame-000379.color.png stairs/seq-04/color/frame-000382.color.png 0.999819 0.00983419 -0.0162908 0.0237525 -0.00981254 0.999951 0.00140782 0.00648057 0.0163039 -0.00124771 0.999866 0.0039854 0.0 0.0 0.0 1.0
stairs/seq-04/color/frame-000382.color.png stairs/seq-04/color/frame-000385.color.png 0.999946 0.010071 -0.00276713 -0.00489971 -0.0100672 0.999948 0.00138583 0.00611734 0.00278093 -0.0013579 0.999995 -0.00187409 0.0 0.0 0.0 1.0
stairs/seq-04/color/frame-000385.color.png stairs/seq-04/color/frame-000388.color.png 0.999964 0.00400632 -0.00750212 0.00149859 -0.00395835 0.999972 0.00639721 -0.000185281 0.0075276 -0.00636728 0.999951 0.0011431 0.0 0.0 0.0 1.0
stairs/seq-04/color/frame-000388.color.png stairs/seq-04/color/frame-000391.color.png 0.999978 0.00188335 -0.00638346 0.0075141 -0.0018257 0.999958 0.00902552 -0.00185964 0.00640021 -0.00901366 0.999939 0.00357497 0.0 0.0 0.0 1.0
stairs/seq-04/color/frame-000391.color.png stairs/seq-04/color/frame-000394.color.png 0.999988 0.0025388 -0.00410762 0.00892425 -0.00251329 0.999978 0.00620505 0.00043276 0.00412321 -0.00619466 0.999972 0.0065341 0.0 0.0 0.0 1.0
stairs/seq-04/color/frame-000394.color.png stairs/seq-04/color/frame-000397.color.png 0.999995 -0.000449288 0.00316587 -0.0104568 0.000390815 0.99983 0.0184499 -0.0170535 -0.00317357 -0.0184486 0.999825 0.00241804 0.0 0.0 0.0 1.0
stairs/seq-04/color/frame-000397.color.png stairs/seq-04/color/frame-000400.color.png 0.999991 0.000873378 -0.00419518 0.00547205 -0.000827064 0.999939 0.0110306 -0.00906464 0.00420453 -0.011027 0.999931 0.00574172 0.0 0.0 0.0 1.0
stairs/seq-04/color/frame-000400.color.png stairs/seq-04/color/frame-000403.color.png 0.999982 0.00278793 0.00539581 -0.0103988 -0.00282966 0.999966 0.00774247 -0.00506759 -0.00537406 -0.0077576 0.999955 0.00695884 0.0 0.0 0.0 1.0
stairs/seq-04/color/frame-000403.color.png stairs/seq-04/color/frame-000406.color.png 0.999986 -0.00137926 0.00506677 -0.00317378 0.00132944 0.999951 0.0098222 -0.0136471 -0.00507999 -0.00981533 0.999939 0.00728285 0.0 0.0 0.0 1.0
stairs/seq-04/color/frame-000406.color.png stairs/seq-04/color/frame-000409.color.png 0.99996 -0.00529551 0.00716469 -0.0178078 0.00530934 0.999984 -0.00191379 0.0118567 -0.00715451 0.00195175 0.999973 0.00805056 0.0 0.0 0.0 1.0
stairs/seq-04/color/frame-000409.color.png stairs/seq-04/color/frame-000412.color.png 0.999994 -0.00334278 8.5027e-05 -0.00465576 0.0033421 0.99997 0.00698866 -0.00740972 -0.000108376 -0.00698833 0.999976 0.0134871 0.0 0.0 0.0 1.0
stairs/seq-04/color/frame-000412.color.png stairs/seq-04/color/frame-000415.color.png 0.999988 -0.00253937 -0.0041079 0.00944113 0.00257908 0.99995 0.00969065 -0.0221111 0.00408309 -0.00970115 0.999945 0.00162303 0.0 0.0 0.0 1.0
stairs/seq-04/color/frame-000415.color.png stairs/seq-04/color/frame-000418.color.png 0.999973 -0.00590329 -0.00441505 0.00591646 0.00590341 0.999983 1.54801e-05 0.00876346 0.00441486 -4.15323e-05 0.99999 0.00908911 0.0 0.0 0.0 1.0
stairs/seq-04/color/frame-000418.color.png stairs/seq-04/color/frame-000421.color.png 0.999997 -0.00099655 0.00199204 -0.00582353 0.000995256 0.999999 0.000655717 0.00437894 -0.00199263 -0.000653731 0.999998 0.0113306 0.0 0.0 0.0 1.0
stairs/seq-04/color/frame-000421.color.png stairs/seq-04/color/frame-000424.color.png 0.999983 0.00138272 0.00557125 -0.01061 -0.00136002 0.999991 -0.00407708 0.0154422 -0.00557688 0.00406943 0.999976 0.00907314 0.0 0.0 0.0 1.0
stairs/seq-04/color/frame-000424.color.png stairs/seq-04/color/frame-000427.color.png 0.999999 0.000260153 0.00119397 0.0025778 -0.000276345 0.999908 0.0135888 -0.0175704 -0.00119032 -0.0135892 0.999907 0.00966358 0.0 0.0 0.0 1.0
stairs/seq-04/color/frame-000427.color.png stairs/seq-04/color/frame-000430.color.png 0.999997 0.00257029 -0.000251189 -0.00456347 -0.00256886 0.999981 0.00559024 -0.00771451 0.000265512 -0.00558954 0.999984 0.0021323 0.0 0.0 0.0 1.0
stairs/seq-04/color/frame-000430.color.png stairs/seq-04/color/frame-000433.color.png 0.999999 0.000721503 0.00138559 -0.00179502 -0.000730648 0.999978 0.00661253 -0.00248879 -0.00138078 -0.00661354 0.999977 0.00256324 0.0 0.0 0.0 1.0
stairs/seq-04/color/frame-000433.color.png stairs/seq-04/color/frame-000436.color.png 0.999997 -0.000153578 0.00254859 -0.00314144 0.000125827 0.999941 0.0108855 -0.0106442 -0.00255007 -0.0108851 0.999937 0.00600827 0.0 0.0 0.0 1.0
stairs/seq-04/color/frame-000436.color.png stairs/seq-04/color/frame-000439.color.png 0.999979 -0.00268932 0.00593567 -0.0203937 0.00266455 0.999988 0.00417779 0.00461522 -0.00594686 -0.00416189 0.999974 0.0019685 0.0 0.0 0.0 1.0
stairs/seq-04/color/frame-000439.color.png stairs/seq-04/color/frame-000442.color.png 0.999996 0.00243773 -0.00136485 0.000240415 -0.00241181 0.999823 0.0186804 -0.0327772 0.00141009 -0.018677 0.999825 0.00468266 0.0 0.0 0.0 1.0
stairs/seq-04/color/frame-000442.color.png stairs/seq-04/color/frame-000445.color.png 0.999974 -0.00343905 -0.00625958 0.012337 0.00347243 0.99998 0.00532755 0.000230014 0.00624122 -0.0053492 0.999966 0.00666702 0.0 0.0 0.0 1.0
stairs/seq-04/color/frame-000445.color.png stairs/seq-04/color/frame-000448.color.png 1.0 0.000839393 0.000215451 0.00603226 -0.000840447 0.999988 0.00489507 -0.00335974 -0.000211324 -0.00489523 0.999988 0.0110147 0.0 0.0 0.0 1.0
stairs/seq-04/color/frame-000448.color.png stairs/seq-04/color/frame-000451.color.png 0.999979 0.000317443 0.00648202 -0.00961363 -0.000336337 0.999996 0.00291313 0.00282916 -0.00648115 -0.00291521 0.999975 0.0073359 0.0 0.0 0.0 1.0
stairs/seq-04/color/frame-000451.color.png stairs/seq-04/color/frame-000454.color.png 0.999988 -0.00024264 0.00485293 -0.00818403 0.000222649 0.999992 0.00412086 -0.00238064 -0.00485382 -0.00411977 0.99998 0.00670195 0.0 0.0 0.0 1.0
stairs/seq-04/color/frame-000454.color.png stairs/seq-04/color/frame-000457.color.png 0.999997 -0.00168296 -0.00162766 -0.00108024 0.00168026 0.999997 -0.00165914 0.00882897 0.00163041 0.0016564 0.999997 0.00561488 0.0 0.0 0.0 1.0
stairs/seq-04/color/frame-000457.color.png stairs/seq-04/color/frame-000460.color.png 0.999995 -0.00283096 0.00149784 -0.00198754 0.00282653 0.999992 0.00294942 0.00407833 -0.00150612 -0.0029452 0.999994 0.00659347 0.0 0.0 0.0 1.0
stairs/seq-04/color/frame-000460.color.png stairs/seq-04/color/frame-000463.color.png 1.0 -0.000569135 0.000591722 -0.00124433 0.000561129 0.99991 0.013439 -0.0265864 -0.000599392 -0.0134386 0.99991 0.00550139 0.0 0.0 0.0 1.0
stairs/seq-04/color/frame-000463.color.png stairs/seq-04/color/frame-000466.color.png 0.999998 0.0003948 0.00192065 -0.00804006 -0.000403221 0.99999 0.00438591 0.00394657 -0.00191886 -0.00438671 0.999988 0.00640261 0.0 0.0 0.0 1.0
stairs/seq-04/color/frame-000466.color.png stairs/seq-04/color/frame-000469.color.png 1.0 -0.000108726 0.00084301 -0.00075233 0.000103321 0.999979 0.00641249 -0.00820714 -0.000843686 -0.00641238 0.999979 0.0109975 0.0 0.0 0.0 1.0
stairs/seq-04/color/frame-000469.color.png stairs/seq-04/color/frame-000472.color.png 0.999991 0.00119928 0.00408107 -0.00631732 -0.00120498 0.999998 0.00139273 0.00365216 -0.00407939 -0.00139768 0.999991 0.00633967 0.0 0.0 0.0 1.0
stairs/seq-04/color/frame-000472.color.png stairs/seq-04/color/frame-000475.color.png 0.99999 -0.00234248 0.0037261 -0.00484397 0.00235148 0.999994 -0.00241689 0.00630793 -0.00372046 0.00242568 0.99999 0.00728381 0.0 0.0 0.0 1.0
stairs/seq-04/color/frame-000475.color.png stairs/seq-04/color/frame-000478.color.png 0.999993 -0.00257183 0.00280649 -0.00778747 0.00255485 0.999979 0.00603883 -0.00821173 -0.00282194 -0.00603166 0.999978 0.00434768 0.0 0.0 0.0 1.0
stairs/seq-04/color/frame-000478.color.png stairs/seq-04/color/frame-000481.color.png 0.999989 -0.00402875 0.00244118 -0.00486489 0.00400679 0.999952 0.00893865 -0.0105304 -0.00247704 -0.00892877 0.999957 0.0045886 0.0 0.0 0.0 1.0
stairs/seq-04/color/frame-000481.color.png stairs/seq-04/color/frame-000484.color.png 0.999994 -0.00275626 -0.00212098 0.00199617 0.00277356 0.999963 0.00820115 -0.0136194 0.0020983 -0.00820701 0.999964 0.00443971 0.0 0.0 0.0 1.0
stairs/seq-04/color/frame-000484.color.png stairs/seq-04/color/frame-000487.color.png 0.999995 0.00120603 -0.00307334 0.00078284 -0.00117182 0.999938 0.0111067 -0.0155865 0.00308655 -0.011103 0.999934 0.00675309 0.0 0.0 0.0 1.0
stairs/seq-04/color/frame-000487.color.png stairs/seq-04/color/frame-000490.color.png 0.999998 0.00184713 0.000127845 0.00271256 -0.00184762 0.999991 0.00393991 -0.00496 -0.000120523 -0.00394017 0.999992 0.00429881 0.0 0.0 0.0 1.0
stairs/seq-04/color/frame-000490.color.png stairs/seq-04/color/frame-000493.color.png 0.999928 0.00446059 0.0111101 -0.0174679 -0.00459768 0.999913 0.0123442 -0.0127063 -0.0110542 -0.0123943 0.999862 0.00391352 0.0 0.0 0.0 1.0
stairs/seq-04/color/frame-000493.color.png stairs/seq-04/color/frame-000496.color.png 0.999996 0.000230244 0.00264185 -0.00510178 -0.000260625 0.999934 0.0115013 -0.0179928 -0.00263902 -0.0115019 0.99993 0.00329173 0.0 0.0 0.0 1.0
stairs/seq-04/color/frame-000496.color.png stairs/seq-04/color/frame-000499.color.png 1.0 -0.000641914 -0.000344686 0.00193536 0.000643709 0.999986 0.00520945 -0.005954 0.000341385 -0.00520969 0.999986 0.00441396 0.0 0.0 0.0 1.0
