stairs/seq-04/color/frame-000000.color.png stairs/seq-04/color/frame-000003.color.png 0.999447 -0.00623999 0.0326705 -0.0257992 0.00639108 0.999969 -0.00452244 -0.0224383 -0.0326413 0.00472874 0.999456 0.0475193 0.0 0.0 0.0 1.0
stairs/seq-04/color/frame-000003.color.png stairs/seq-04/color/frame-000006.color.png 0.999898 -0.00496303 0.0133844 -0.0198042 0.00498154 0.999987 -0.00135011 -0.0134901 -0.0133775 0.00141665 0.99991 0.032766 0.0 0.0 0.0 1.0
stairs/seq-04/color/frame-000006.color.png stairs/seq-04/color/frame-000009.color.png 0.99993 -0.0058083 0.0103621 -0.0191442 0.00580771 0.999983 8.67779e-05 -0.0149472 -0.0103625 -2.65901e-05 0.999946 0.0321173 0.0 0.0 0.0 1.0
stairs/seq-04/color/frame-000009.color.png stairs/seq-04/color/frame-000012.color.png 0.999952 -0.00336843 0.00919431 -0.0207686 0.00333486 0.999988 0.00366389 -0.00843152 -0.00920651 -0.00363305 0.999951 0.0253379 0.0 0.0 0.0 1.0
stairs/seq-04/color/frame-000012.color.png stairs/seq-04/color/frame-000015.color.png 0.999994 -0.00306949 0.00169621 -0.0170811 0.0030821 0.999967 -0.00748274 -0.00929261 -0.00167319 0.00748792 0.999971 0.0271515 0.0 0.0 0.0 1.0
stairs/seq-04/color/frame-000015.color.png stairs/seq-04/color/frame-000018.color.png 0.999896 -0.00552715 0.0133153 -0.017735 0.00557703 0.999978 -0.00371207 -0.00840032 -0.0132945 0.00378594 0.999904 0.0175605 0.0 0.0 0.0 1.0
stairs/seq-04/color/frame-000018.color.png stairs/seq-04/color/frame-000021.color.png 0.999904 -0.00644366 0.0122553 -0.011484 0.00644302 0.999979 9.19855e-05 -0.0144775 -0.0122556 -1.3018e-05 0.999925 0.021553 0.0 0.0 0.0 1.0
stairs/seq-04/color/frame-000021.color.png stairs/seq-04/color/frame-000024.color.png 0.99999 -0.00449621 0.000408695 -0.0109708 0.0044928 0.999958 0.00800391 -0.0117688 -0.000444645 -0.008002 0.999968 0.019487 0.0 0.0 0.0 1.0
stairs/seq-04/color/frame-000024.color.png stairs/seq-04/color/frame-000027.color.png 0.999999 2.99454e-05 -0.00146432 0.00506939 -1.81861e-05 0.999968 0.00803359 -0.0165958 0.0014645 -0.00803355 0.999967 0.0293353 0.0 0.0 0.0 1.0
stairs/seq-04/color/frame-000027.color.png stairs/seq-04/color/frame-000030.color.png 0.999938 -0.00737399 0.00830316 -0.00267662 0.00732179 0.999953 0.00629965 -0.018384 -0.00834921 -0.00623847 0.999946 0.0158017 0.0 0.0 0.0 1.0
stairs/seq-04/color/frame-000030.color.png stairs/seq-04/color/frame-000033.color.png 0.999992 0.00229925 0.00327217 0.0101796 -0.00232099 0.999975 0.00665697 -0.0158179 -0.00325678 -0.00666451 0.999973 0.0239974 0.0 0.0 0.0 1.0
stairs/seq-04/color/frame-000033.color.png stairs/seq-04/color/frame-000036.color.png 0.999981 -0.00485834 -0.00382564 0.0204143 0.00488394 0.999966 0.00671376 -0.0203977 0.0037929 -0.00673232 0.99997 0.0316187 0.0 0.0 0.0 1.0
stairs/seq-04/color/frame-000036.color.png stairs/seq-04/color/frame-000039.color.png 0.999954 0.00604757 0.00741397 0.00467676 -0.00607868 0.999973 0.0041818 -0.0117772 -0.00738849 -0.00422668 0.999964 0.015746 0.0 0.0 0.0 1.0
stairs/seq-04/color/frame-000039.color.png stairs/seq-04/color/frame-000042.color.png 0.999939 -0.00158095 0.0109745 0.0117221 0.00158062 0.999999 3.82781e-05 -0.0219493 -0.0109746 -2.09278e-05 0.99994 0.0214916 0.0 0.0 0.0 1.0
stairs/seq-04/color/frame-000042.color.png stairs/seq-04/color/frame-000045.color.png 0.99997 0.00706806 -0.00306747 0.017524 -0.00707282 0.999974 -0.00153841 -0.0124633 0.00305656 0.00156007 0.999994 0.0181823 0.0 0.0 0.0 1.0
stairs/seq-04/color/frame-000045.color.png stairs/seq-04/color/frame-000048.color.png 0.999916 0.00755178 0.010571 0.00840748 -0.00758495 0.999967 0.003101 -0.0124448 -0.0105473 -0.00318092 0.999939 0.0224197 0.0 0.0 0.0 1.0
stairs/seq-04/color/frame-000048.color.png stairs/seq-04/color/frame-000051.color.png 0.999997 -0.00224525 -0.00103869 0.0113266 0.00225266 0.999972 0.0071861 -0.0162783 0.00102255 -0.00718842 0.999974 0.0192197 0.0 0.0 0.0 1.0
stairs/seq-04/color/frame-000051.color.png stairs/seq-04/color/frame-000054.color.png 0.999997 0.00221161 -0.00130889 0.00935455 -0.00220639 0.99999 0.00397653 -0.0147371 0.00131765 -0.00397363 0.999991 0.0253093 0.0 0.0 0.0 1.0
stairs/seq-04/color/frame-000054.color.png stairs/seq-04/color/frame-000057.color.png 0.999954 -0.00305737 -0.00904375 0.0131673 0.00312472 0.999967 0.00744259 -0.0121393 0.00902073 -0.00747051 0.999931 0.0269632 0.0 0.0 0.0 1.0
stairs/seq-04/color/frame-000057.color.png stairs/seq-04/color/frame-000060.color.png 0.999984 0.00183414 0.00543173 -3.78732e-05 -0.0018287 0.999998 -0.0010067 -0.00709563 -0.00543356 0.000996763 0.999985 0.0151397 0.0 0.0 0.0 1.0
stairs/seq-04/color/frame-000060.color.png stairs/seq-04/color/frame-000063.color.png 0.999977 -0.00162307 0.00664839 -0.00158183 0.00161628 0.999998 0.001028 -0.0158659 -0.00665007 -0.00101724 0.999977 0.0213435 0.0 0.0 0.0 1.0
stairs/seq-04/color/frame-000063.color.png stairs/seq-04/color/frame-000066.color.png 0.999942 -0.0105822 -0.00189091 0.00141506 0.010571 0.999927 -0.00585202 -0.0119178 0.00195273 0.00583171 0.999981 0.0168481 0.0 0.0 0.0 1.0
stairs/seq-04/color/frame-000066.color.png stairs/seq-04/color/frame-000069.color.png 0.999986 -0.00495745 0.00181794 0.00201231 0.00497276 0.999951 -0.00852056 -0.00688002 -0.00177562 0.00852948 0.999962 0.0183609 0.0 0.0 0.0 1.0
stairs/seq-04/color/frame-000069.color.png stairs/seq-04/color/frame-000072.color.png 0.999963 -0.00701815 0.00505693 -0.00287974 0.00702874 0.999973 -0.00207924 -0.0114866 -0.00504219 0.00211471 0.999985 0.0182575 0.0 0.0 0.0 1.0
stairs/seq-04/color/frame-000072.color.png stairs/seq-04/color/frame-000075.color.png 0.999967 -0.00299457 0.00757877 -0.00993105 0.00301493 0.999992 -0.00267745 -0.0065937 -0.0075707 0.00270021 0.999968 0.0116026 0.0 0.0 0.0 1.0
stairs/seq-04/color/frame-000075.color.png stairs/seq-04/color/frame-000078.color.png 0.999991 -0.00115386 0.00413026 0.000478158 0.00116759 0.999994 -0.00332345 -0.00962195 -0.00412636 0.00332824 0.999986 0.014501 0.0 0.0 0.0 1.0
stairs/seq-04/color/frame-000078.color.png stairs/seq-04/color/frame-000081.color.png 0.999844 -0.00666199 -0.0163516 0.009754 0.00655228 0.999956 -0.00675374 -0.00154054 0.0163958 0.00664555 0.999843 0.0126082 0.0 0.0 0.0 1.0
stairs/seq-04/color/frame-000081.color.png stairs/seq-04/color/frame-000084.color.png 0.999935 0.00228204 -0.0111277 0.0113606 -0.00235336 0.999977 -0.00639994 0.000207931 0.0111128 0.00642572 0.999918 0.00819498 0.0 0.0 0.0 1.0
stairs/seq-04/color/frame-000084.color.png stairs/seq-04/color/frame-000087.color.png 0.999879 -0.000308948 -0.0155393 0.0148155 3.30356e-05 0.999842 -0.0177543 0.00459358 0.0155424 0.0177516 0.999722 0.00714749 0.0 0.0 0.0 1.0
stairs/seq-04/color/frame-000087.color.png stairs/seq-04/color/frame-000090.color.png 0.999724 0.00569938 -0.0227777 0.0207086 -0.00618656 0.999752 -0.0213755 0.0187738 0.0226502 0.0215105 0.999512 0.0012641 0.0 0.0 0.0 1.0
stairs/seq-04/color/frame-000090.color.png stairs/seq-04/color/frame-000093.color.png 0.999866 -0.000280452 -0.0163621 0.0192167 0.000205849 0.99999 -0.00456089 -0.00033468 0.0163632 0.00455692 0.999856 0.000774562 0.0 0.0 0.0 1.0
stairs/seq-04/color/frame-000093.color.png stairs/seq-04/color/frame-000096.color.png 0.99939 0.00945816 -0.0336209 0.0458591 -0.0100975 0.99977 -0.0188984 0.0131323 0.0334345 0.0192264 0.999256 0.00700825 0.0 0.0 0.0 1.0
stairs/seq-04/color/frame-000096.color.png stairs/seq-04/color/frame-000099.color.png 0.999817 0.0117026 -0.015107 0.0269884 -0.0118923 0.999851 -0.0125335 0.0192806 0.0149581 0.0127108 0.999807 -0.00667495 0.0 0.0 0.0 1.0
stairs/seq-04/color/frame-000099.color.png stairs/seq-04/color/frame-000102.color.png 0.999942 0.00425895 -0.00984337 0.036222 -0.00434894 0.999949 -0.00913795 0.0100096 0.00980395 0.00918025 0.99991 -0.00158536 0.0 0.0 0.0 1.0
stairs/seq-04/color/frame-000102.color.png stairs/seq-04/color/frame-000105.color.png 0.99965 0.0196799 -0.01768 0.0473071 -0.0196827 0.999806 1.62265e-05 0.00551572 0.0176769 0.000331758 0.999844 -0.00133383 0.0 0.0 0.0 1.0
stairs/seq-04/color/frame-000105.color.png stairs/seq-04/color/frame-000108.color.png 0.999558 0.011216 -0.027522 0.0550883 -0.0114266 0.999907 -0.00750341 0.00296196 0.0274353 0.00781457 0.999593 -0.00218391 0.0 0.0 0.0 1.0
stairs/seq-04/color/frame-000108.color.png stairs/seq-04/color/frame-000111.color.png 0.999415 0.0128506 -0.0317065 0.0477321 -0.0129904 0.999907 -0.00420686 0.00841075 0.0316495 0.00461628 0.999488 -0.00467724 0.0 0.0 0.0 1.0
stairs/seq-04/color/frame-000111.color.png stairs/seq-04/color/frame-000114.color.png 0.99985 0.00677756 -0.0159617 0.0322676 -0.00687899 0.999956 -0.00630824 0.0104471 0.0159182 0.00641709 0.999853 -0.000850677 0.0 0.0 0.0 1.0
stairs/seq-04/color/frame-000114.color.png stairs/seq-04/color/frame-000117.color.png 0.999497 0.00809927 -0.0306739 0.0431148 -0.00812237 0.999967 -0.000628621 0.00291222 0.0306678 0.000877447 0.999529 -0.00427353 0.0 0.0 0.0 1.0
stairs/seq-04/color/frame-000117.color.png stairs/seq-04/color/frame-000120.color.png 0.999109 0.0121879 -0.0404051 0.0482731 -0.0124594 0.999901 -0.00647366 0.01691 0.0403222 0.00697131 0.999163 -0.0163739 0.0 0.0 0.0 1.0
stairs/seq-04/color/frame-000120.color.png stairs/seq-04/color/frame-000123.color.png 0.998833 0.0151961 -0.0458479 0.0666978 -0.0157019 0.99982 -0.0106933 0.00486323 0.0456772 0.0114007 0.998891 -0.0117943 0.0 0.0 0.0 1.0
stairs/seq-04/color/frame-000123.color.png stairs/seq-04/color/frame-000126.color.png 0.998682 0.0195867 -0.0474368 0.046707 -0.0198424 0.999791 -0.00492539 0.0120123 0.0473304 0.00586015 0.998862 -0.0139839 0.0 0.0 0.0 1.0
stairs/seq-04/color/frame-000126.color.png stairs/seq-04/color/frame-000129.color.png 0.999179 0.0199014 -0.0352775 0.0308729 -0.0204607 0.999669 -0.0155625 0.0238411 0.0349562 0.0162715 0.999256 -0.0110891 0.0 0.0 0.0 1.0
stairs/seq-04/color/frame-000129.color.png stairs/seq-04/color/frame-000132.color.png 0.999755 0.0115743 -0.0188745 0.00231287 -0.0117242 0.999901 -0.00785572 0.0047341 0.0187817 0.00807509 0.999791 -0.00634331 0.0 0.0 0.0 1.0
stairs/seq-04/color/frame-000132.color.png stairs/seq-04/color/frame-000135.color.png 0.999249 0.0200846 -0.0331407 0.0238791 -0.0205314 0.999702 -0.0131968 0.0154343 0.0328657 0.0138674 0.999364 -0.00912511 0.0 0.0 0.0 1.0
stairs/seq-04/color/frame-000135.color.png stairs/seq-04/color/frame-000138.color.png 0.999001 0.0183468 -0.0407414 0.0709379 -0.0185218 0.999821 -0.0039225 0.00808218 0.0406621 0.00467317 0.999162 -0.0144562 0.0 0.0 0.0 1.0
stairs/seq-04/color/frame-000138.color.png stairs/seq-04/color/frame-000141.color.png 0.99963 0.0126034 -0.024114 0.0237332 -0.0128938 0.999846 -0.0119258 0.0165355 0.0239599 0.0122324 0.999638 -0.0129122 0.0 0.0 0.0 1.0
stairs/seq-04/color/frame-000141.color.png stairs/seq-04/color/frame-000144.color.png 0.999686 0.00997667 -0.0229732 0.0146399 -0.0102391 0.999883 -0.011335 0.0142053 0.0228575 0.0115667 0.999672 -0.0130451 0.0 0.0 0.0 1.0
stairs/seq-04/color/frame-000144.color.png stairs/seq-04/color/frame-000147.color.png 0.9997 0.0144111 -0.0197928 0.00387058 -0.0145703 0.999862 -0.00792313 0.0150707 0.0196759 0.00820912 0.999773 -0.035892 0.0 0.0 0.0 1.0
stairs/seq-04/color/frame-000147.color.png stairs/seq-04/color/frame-000150.color.png 0.998589 0.0108359 -0.0519831 0.0685268 -0.0115031 0.999855 -0.0125531 0.0331151 0.0518395 0.0131333 0.998569 0.0131685 0.0 0.0 0.0 1.0
stairs/seq-04/color/frame-000150.color.png stairs/seq-04/color/frame-000153.color.png 0.999386 0.011997 -0.0329298 0.0254919 -0.012161 0.999915 -0.0047857 0.000178516 0.0328696 0.00518323 0.999446 -0.0121579 0.0 0.0 0.0 1.0
stairs/seq-04/color/frame-000153.color.png stairs/seq-04/color/frame-000156.color.png 0.999205 0.0204744 -0.0342075 0.0230589 -0.0203173 0.999781 0.00493248 0.00894582 0.0343008 -0.00423358 0.999403 -0.0119075 0.0 0.0 0.0 1.0
stairs/seq-04/color/frame-000156.color.png stairs/seq-04/color/frame-000159.color.png 0.999657 0.00959814 -0.024388 0.0148243 -0.00966668 0.99995 -0.00269392 0.00324106 0.024361 0.00292877 0.999699 -0.000834465 0.0 0.0 0.0 1.0
stairs/seq-04/color/frame-000159.color.png stairs/seq-04/color/frame-000162.color.png 0.999366 0.00969202 -0.0342461 0.0236982 -0.0099205 0.99993 -0.00650809 0.0121372 0.0341806 0.00684371 0.999392 -0.00624704 0.0 0.0 0.0 1.0
stairs/seq-04/color/frame-000162.color.png stairs/seq-04/color/frame-000165.color.png 0.999632 0.0101005 -0.0251667 0.0262988 -0.0103138 0.999912 -0.0083636 0.00932929 0.0250801 0.00862008 0.999648 -0.0112689 0.0 0.0 0.0 1.0
stairs/seq-04/color/frame-000165.color.png stairs/seq-04/color/frame-000168.color.png 0.999517 0.0144011 -0.0275453 0.021689 -0.0144928 0.99989 -0.00313372 0.00736484 0.0274971 0.00353138 0.999616 -0.011881 0.0 0.0 0.0 1.0
stairs/seq-04/color/frame-000168.color.png stairs/seq-04/color/frame-000171.color.png 0.999613 0.0175525 -0.0215931 0.0210042 -0.0175217 0.999845 0.00161825 0.00240266 0.0216182 -0.00123923 0.999765 -0.012558 0.0 0.0 0.0 1.0
stairs/seq-04/color/frame-000171.color.png stairs/seq-04/color/frame-000174.color.png 0.999689 0.0211316 -0.0132257 0.00616592 -0.0209617 0.999698 0.0128584 0.00218779 0.0134935 -0.0125772 0.99983 -0.0107845 0.0 0.0 0.0 1.0
stairs/seq-04/color/frame-000174.color.png stairs/seq-04/color/frame-000177.color.png 0.999854 0.0157496 -0.00660542 0.0114585 -0.0155967 0.999623 0.0225947 -0.00578001 0.00695861 -0.0224884 0.999723 -0.018283 0.0 0.0 0.0 1.0
stairs/seq-04/color/frame-000177.color.png stairs/seq-04/color/frame-000180.color.png 0.999523 0.0125829 -0.0282134 0.018158 -0.0117106 0.999455 0.0308702 -0.00344253 0.0285864 -0.0305251 0.999125 -0.0104601 0.0 0.0 0.0 1.0
stairs/seq-04/color/frame-000180.color.png stairs/seq-04/color/frame-000183.color.png 0.999667 0.0143898 -0.0214134 0.00542182 -0.0141411 0.999831 0.0117237 -0.00117409 0.0215786 -0.011417 0.999702 0.00132489 0.0 0.0 0.0 1.0
stairs/seq-04/color/frame-000183.color.png stairs/seq-04/color/frame-000186.color.png 0.999839 0.00698949 -0.0165485 0.0193354 -0.00696932 0.999975 0.0012765 0.00555316 0.0165571 -0.00116097 0.999862 -0.00291055 0.0 0.0 0.0 1.0
stairs/seq-04/color/frame-000186.color.png stairs/seq-04/color/frame-000189.color.png 0.999664 0.00728068 -0.0248921 0.0157347 -0.00708837 0.999944 0.00780342 0.00191244 0.0249474 -0.00762431 0.99966 -0.00456804 0.0 0.0 0.0 1.0
stairs/seq-04/color/frame-000189.color.png stairs/seq-04/color/frame-000192.color.png 0.999562 0.0195931 -0.0221989 0.0231172 -0.0192467 0.999691 0.0157131 -0.00852785 0.0224999 -0.0152789 0.99963 -0.0181416 0.0 0.0 0.0 1.0
stairs/seq-04/color/frame-000192.color.png stairs/seq-04/color/frame-000195.color.png 0.999716 0.0235327 0.00381534 -0.000489861 -0.0235885 0.999604 0.0153277 0.00126302 -0.00345311 -0.0154133 0.999875 -0.00230086 0.0 0.0 0.0 1.0
stairs/seq-04/color/frame-000195.color.png stairs/seq-04/color/frame-000198.color.png 0.999616 0.00490458 0.0272769 -0.0122846 -0.00562696 0.999634 0.0264688 -0.0138437 -0.027137 -0.0266122 0.999277 0.00825185 0.0 0.0 0.0 1.0
stairs/seq-04/color/frame-000198.color.png stairs/seq-04/color/frame-000201.color.png 0.999579 0.00662892 0.0282485 -0.0180314 -0.00742861 0.999572 0.028299 -0.0135726 -0.0280488 -0.028497 0.9992 0.00549221 0.0 0.0 0.0 1.0
stairs/seq-04/color/frame-000201.color.png stairs/seq-04/color/frame-000204.color.png 0.999707 0.00713434 0.0231423 -0.00930247 -0.00770387 0.999667 0.0246136 -0.0108132 -0.0229588 -0.0247846 0.999429 0.00446033 0.0 0.0 0.0 1.0
stairs/seq-04/color/frame-000204.color.png stairs/seq-04/color/frame-000207.color.png 0.999796 -0.000462058 0.0201963 -0.0132252 0.000169655 0.999895 0.0144781 -0.00565276 -0.0202008 -0.0144717 0.999691 0.00518227 0.0 0.0 0.0 1.0
stairs/seq-04/color/frame-000207.color.png stairs/seq-04/color/frame-000210.color.png 0.999658 0.00384261 0.0258651 -0.0103378 -0.00426964 0.999855 0.0164753 -0.013707 -0.0257981 -0.0165801 0.99953 0.00278431 0.0 0.0 0.0 1.0
stairs/seq-04/color/frame-000210.color.png stairs/seq-04/color/frame-000213.color.png 0.999337 -0.0109027 0.0347284 -0.0299076 0.00974091 0.999393 0.0334497 -0.0192159 -0.0350719 -0.0330893 0.998837 0.0113457 0.0 0.0 0.0 1.0
stairs/seq-04/color/frame-000213.color.png stairs/seq-04/color/frame-000216.color.png 0.999752 -0.00448015 0.021817 -0.0176156 0.00401978 0.999769 0.0210987 -0.010443 -0.0219065 -0.0210058 0.999539 0.00643748 0.0 0.0 0.0 1.0
stairs/seq-04/color/frame-000216.color.png stairs/seq-04/color/frame-000219.color.png 0.999723 -0.0021463 0.0234492 -0.0162274 0.00189113 0.999939 0.0108974 -0.0123372 -0.0234713 -0.01085 0.999666 0.00887221 0.0 0.0 0.0 1.0
stairs/seq-04/color/frame-000219.color.png stairs/seq-04/color/frame-000222.color.png 0.999815 -0.0052831 0.0184912 -0.014108 0.00523658 0.999983 0.00256222 -0.00395608 -0.0185044 -0.00246492 0.999826 0.0106454 0.0 0.0 0.0 1.0
stairs/seq-04/color/frame-000222.color.png stairs/seq-04/color/frame-000225.color.png 0.999446 -0.0147949 0.0298108 -0.023775 0.0145369 0.999855 0.00885392 -0.00928012 -0.0299375 -0.00841568 0.999516 0.0150696 0.0 0.0 0.0 1.0
stairs/seq-04/color/frame-000225.color.png stairs/seq-04/color/frame-000228.color.png 0.999732 -0.0175934 0.015035 -0.00739524 0.0175649 0.999844 0.00203003 -0.0115838 -0.0150683 -0.00176543 0.999885 0.00475794 0.0 0.0 0.0 1.0
stairs/seq-04/color/frame-000228.color.png stairs/seq-04/color/frame-000231.color.png 0.999317 -0.0158518 0.0333713 -0.0319576 0.0155908 0.999846 0.00806724 -0.00600159 -0.033494 -0.00754144 0.999411 0.0240992 0.0 0.0 0.0 1.0
stairs/seq-04/color/frame-000231.color.png stairs/seq-04/color/frame-000234.color.png 0.999649 -0.00699955 0.0255384 -0.0191396 0.00667831 0.999898 0.0126429 -0.0199046 -0.0256241 -0.012468 0.999594 0.0167396 0.0 0.0 0.0 1.0
stairs/seq-04/color/frame-000234.color.png stairs/seq-04/color/frame-000237.color.png 0.999597 -0.0113331 0.0260237 -0.02085 0.0110685 0.999886 0.0102906 -0.0214459 -0.0261374 -0.00999837 0.999608 0.00932229 0.0 0.0 0.0 1.0
stairs/seq-04/color/frame-000237.color.png stairs/seq-04/color/frame-000240.color.png 0.999133 -0.0207059 0.0361287 -0.0459012 0.020592 0.999782 0.00352389 -0.00339019 -0.0361937 -0.00277691 0.999341 0.027544 0.0 0.0 0.0 1.0
stairs/seq-04/color/frame-000240.color.png stairs/seq-04/color/frame-000243.color.png 0.999639 -0.00705617 0.0259368 -0.00531006 0.00691298 0.99996 0.00560661 -0.0259834 -0.0259754 -0.00542527 0.999648 0.0108339 0.0 0.0 0.0 1.0
stairs/seq-04/color/frame-000243.color.png stairs/seq-04/color/frame-000246.color.png 0.998974 -0.00998057 0.0441743 -0.035851 0.0100292 0.999949 -0.000880925 -0.0153314 -0.0441633 0.00132312 0.999024 0.0287535 0.0 0.0 0.0 1.0
stairs/seq-04/color/frame-000246.color.png stairs/seq-04/color/frame-000249.color.png 0.999236 -0.0186491 0.0343414 -0.0374224 0.0187183 0.999823 -0.00169397 -0.0193389 -0.0343038 0.00233546 0.999409 0.017756 0.0 0.0 0.0 1.0
stairs/seq-04/color/frame-000249.color.png stairs/seq-04/color/frame-000252.color.png 0.999422 -0.0124999 0.0316084 -0.0345725 0.0127608 0.999886 -0.00806485 0.0200872 -0.0315041 0.00846355 0.999468 0.0187086 0.0 0.0 0.0 1.0
stairs/seq-04/color/frame-000252.color.png stairs/seq-04/color/frame-000255.color.png 0.999522 -0.00530765 0.0304679 -0.0284452 0.00500668 0.999938 0.00994575 -0.0656624 -0.0305187 -0.00978844 0.999486 0.0203018 0.0 0.0 0.0 1.0
stairs/seq-04/color/frame-000255.color.png stairs/seq-04/color/frame-000258.color.png 0.99991 -0.010176 0.00877019 -0.0155274 0.0103914 0.999637 -0.0248665 0.0274157 -0.00851398 0.0249554 0.999652 0.0216383 0.0 0.0 0.0 1.0
stairs/seq-04/color/frame-000258.color.png stairs/seq-04/color/frame-000261.color.png 0.999928 -0.010201 0.0063083 -0.0118476 0.0103676 0.999583 -0.0269636 0.011153 -0.00603058 0.0270271 0.999617 0.0201191 0.0 0.0 0.0 1.0
stairs/seq-04/color/frame-000261.color.png stairs/seq-04/color/frame-000264.color.png 0.999968 -0.00765751 -0.00215723 -0.00370771 0.00760222 0.999669 -0.0245663 0.0119289 0.00234459 0.0245491 0.999696 0.0153596 0.0 0.0 0.0 1.0
stairs/seq-04/color/frame-000264.color.png stairs/seq-04/color/frame-000267.color.png 0.99981 -0.00827041 0.0176637 -0.0537777 0.00860045 0.999788 -0.0186901 0.00440159 -0.0175054 0.0188384 0.999669 0.0106741 0.0 0.0 0.0 1.0
stairs/seq-04/color/frame-000267.color.png stairs/seq-04/color/frame-000270.color.png 0.999631 -0.015009 0.0226489 -0.0211155 0.0152852 0.99981 -0.0120682 -0.00886154 -0.0224636 0.0124099 0.999671 0.0207814 0.0 0.0 0.0 1.0
stairs/seq-04/color/frame-000270.color.png stairs/seq-04/color/frame-000273.color.png 0.998934 -0.0137476 0.0440683 -0.0605972 0.0144147 0.999786 -0.0148551 0.0179154 -0.0438546 0.0154744 0.998918 0.0144086 0.0 0.0 0.0 1.0
stairs/seq-04/color/frame-000273.color.png stairs/seq-04/color/frame-000276.color.png 0.998717 -0.0194898 0.0467375 -0.0390655 0.0195324 0.999809 -0.000454729 0.00304991 -0.0467198 0.00136703 0.998907 0.0340064 0.0 0.0 0.0 1.0
stairs/seq-04/color/frame-000276.color.png stairs/seq-04/color/frame-000279.color.png 0.999439 -0.0078717 0.0325682 -0.0371406 0.00788493 0.999969 -0.000278082 -0.0144479 -0.032565 0.000534734 0.999469 0.015091 0.0 0.0 0.0 1.0
stairs/seq-04/color/frame-000279.color.png stairs/seq-04/color/frame-000282.color.png 0.999615 -0.0035261 0.027504 -0.0336272 0.00371075 0.999971 -0.00666536 -0.000178963 -0.0274796 0.00676485 0.999599 0.0250092 0.0 0.0 0.0 1.0
stairs/seq-04/color/frame-000282.color.png stairs/seq-04/color/frame-000285.color.png 0.999739 -0.00118339 0.022826 -0.0330304 0.00128465 0.999989 -0.00442245 -0.00361153 -0.0228206 0.00445062 0.99973 0.0187802 0.0 0.0 0.0 1.0
stairs/seq-04/color/frame-000285.color.png stairs/seq-04/color/frame-000288.color.png 0.999606 -0.00146344 0.0280263 -0.04033 0.00161829 0.999984 -0.00550298 -0.00354379 -0.0280178 0.00554616 0.999592 0.0107597 0.0 0.0 0.0 1.0
stairs/seq-04/color/frame-000288.color.png stairs/seq-04/color/frame-000291.color.png 0.999452 0.000725875 0.0331054 -0.0577499 -0.000531693 0.999983 -0.00587404 0.00690338 -0.0331091 0.00585322 0.999435 0.012512 0.0 0.0 0.0 1.0
stairs/seq-04/color/frame-000291.color.png stairs/seq-04/color/frame-000294.color.png 0.99981 0.00465326 0.018914 -0.0437307 -0.00473839 0.999979 0.00445868 -0.020813 -0.0188928 -0.00454746 0.999811 0.00974339 0.0 0.0 0.0 1.0
stairs/seq-04/color/frame-000294.color.png stairs/seq-04/color/frame-000297.color.png 0.999968 0.00187641 -0.00777969 -0.00276035 -0.00186444 0.999997 0.00154583 -0.00551912 0.00778255 -0.00153128 0.999969 0.00759399 0.0 0.0 0.0 1.0
stairs/seq-04/color/frame-000297.color.png stairs/seq-04/color/frame-000300.color.png 0.999947 0.00173 -0.010131 0.00335637 -0.00172933 0.999999 7.45346e-05 -0.00617594 0.0101311 -5.70137e-05 0.999949 0.00760823 0.0 0.0 0.0 1.0
stairs/seq-04/color/frame-000300.color.png stairs/seq-04/color/frame-000303.color.png 0.999776 -0.00076043 -0.0211266 0.00243618 0.000556461 0.999953 -0.00965872 -0.000278741 0.021133 0.00964481 0.99973 0.00401795 0.0 0.0 0.0 1.0
stairs/seq-04/color/frame-000303.color.png stairs/seq-04/color/frame-000306.color.png 0.999349 -0.000147333 -0.0360692 0.0458426 0.000312078 0.999989 0.00456179 -0.00283158 0.0360682 -0.00457008 0.999339 0.00884616 0.0 0.0 0.0 1.0
stairs/seq-04/color/frame-000306.color.png stairs/seq-04/color/frame-000309.color.png 0.999981 0.00353492 -0.00509323 0.000979058 -0.00358271 0.999949 -0.00940318 -0.0020757 0.00505973 0.00942125 0.999943 0.00487077 0.0 0.0 0.0 1.0
stairs/seq-04/color/frame-000309.color.png stairs/seq-04/color/frame-000312.color.png 0.999803 -0.00178935 -0.0197751 0.0107453 0.00160081 0.999953 -0.00954627 0.00831318 0.0197912 0.00951273 0.999759 0.00765789 0.0 0.0 0.0 1.0
stairs/seq-04/color/frame-000312.color.png stairs/seq-04/color/frame-000315.color.png 0.999474 0.00754201 -0.0315538 0.0662227 -0.00764796 0.999965 -0.00323856 -0.00145429 0.0315284 0.00347818 0.999497 0.0212494 0.0 0.0 0.0 1.0
stairs/seq-04/color/frame-000315.color.png stairs/seq-04/color/frame-000318.color.png 0.999942 0.00369806 0.0101465 -0.00466662 -0.00370707 0.999993 0.000868598 -0.0142028 -0.0101432 -0.000906159 0.999948 0.0113303 0.0 0.0 0.0 1.0
stairs/seq-04/color/frame-000318.color.png stairs/seq-04/color/frame-000321.color.png 0.999806 -0.00625206 -0.0186855 0.0637288 0.00597458 0.999872 -0.0148691 -0.00388792 0.018776 0.0147546 0.999715 0.0254034 0.0 0.0 0.0 1.0
stairs/seq-04/color/frame-000321.color.png stairs/seq-04/color/frame-000324.color.png 0.999967 0.00722 0.00383216 0.010498 -0.00716054 0.999857 -0.0153081 0.0140631 -0.00394215 0.0152802 0.999875 0.0244529 0.0 0.0 0.0 1.0
stairs/seq-04/color/frame-000324.color.png stairs/seq-04/color/frame-000327.color.png 0.999985 0.00391981 0.00380779 0.0492411 -0.00394133 0.999976 0.00566243 -0.0216244 -0.00378552 -0.00567737 0.999977 0.0332118 0.0 0.0 0.0 1.0
stairs/seq-04/color/frame-000327.color.png stairs/seq-04/color/frame-000330.color.png 0.999912 -0.00412017 0.0126375 -0.00254624 0.00424839 0.99994 -0.0101358 0.0105628 -0.012595 0.0101886 0.999869 0.0235588 0.0 0.0 0.0 1.0
stairs/seq-04/color/frame-000330.color.png stairs/seq-04/color/frame-000333.color.png 0.999946 0.00974065 -0.00368835 0.0415266 -0.00971671 0.999932 0.00645353 -0.0129489 0.00375091 -0.00641735 0.999972 0.0110314 0.0 0.0 0.0 1.0
stairs/seq-04/color/frame-000333.color.png stairs/seq-04/color/frame-000336.color.png 0.999967 0.00608383 0.00538326 -0.008901 -0.00605388 0.999966 -0.00556303 -0.0089449 -0.0054169 0.00553026 0.99997 0.0135221 0.0 0.0 0.0 1.0
stairs/seq-04/color/frame-000336.color.png stairs/seq-04/color/frame-000339.color.png 0.99996 -0.000529017 -0.00891797 0.0102658 0.000407983 0.999908 -0.0135685 0.0155628 0.00892431 0.0135643 0.999868 0.0102748 0.0 0.0 0.0 1.0
stairs/seq-04/color/frame-000339.color.png stairs/seq-04/color/frame-000342.color.png 0.999922 0.00103273 -0.0124256 0.0156143 -0.00114288 0.99996 -0.0088607 0.00321835 0.0124159 0.00887421 0.999883 0.01022 0.0 0.0 0.0 1.0
stairs/seq-04/color/frame-000342.color.png stairs/seq-04/color/frame-000345.color.png 0.999909 0.00709451 -0.0115095 0.0179057 -0.00713778 0.999968 -0.00372237 -0.00158757 0.0114827 0.00380418 0.999927 0.0150903 0.0 0.0 0.0 1.0
stairs/seq-04/color/frame-000345.color.png stairs/seq-04/color/frame-000348.color.png 0.999967 0.00679013 -0.004381 -0.00684822 -0.00681682 0.999958 -0.00610708 0.00319016 0.00433936 0.00613674 0.999972 0.00366193 0.0 0.0 0.0 1.0
stairs/seq-04/color/frame-000348.color.png stairs/seq-04/color/frame-000351.color.png 0.999989 -0.00187548 -0.00427311 -0.00355664 0.00188123 0.999997 0.00134137 -0.00340593 0.0042706 -0.00134937 0.99999 0.0139505 0.0 0.0 0.0 1.0
stairs/seq-04/color/frame-000351.color.png stairs/seq-04/color/frame-000354.color.png 0.999966 -0.00788401 0.00250457 -0.0101916 0.00786627 0.999945 0.00701814 -0.00835979 -0.00255975 -0.0069982 0.999972 0.0122818 0.0 0.0 0.0 1.0
stairs/seq-04/color/frame-000354.color.png stairs/seq-04/color/frame-000357.color.png 0.999978 -0.00438085 0.00498971 -0.0103251 0.00431396 0.999902 0.0133373 -0.00593543 -0.00504764 -0.0133155 0.999899 0.0213147 0.0 0.0 0.0 1.0
stairs/seq-04/color/frame-000357.color.png stairs/seq-04/color/frame-000360.color.png 0.999951 -0.00551585 -0.00822467 -0.00127366 0.0056135 0.999914 0.0118967 -0.0185727 0.00815827 -0.0119423 0.999896 0.0016979 0.0 0.0 0.0 1.0
stairs/seq-04/color/frame-000360.color.png stairs/seq-04/color/frame-000363.color.png 0.999996 -0.001422 -0.00223391 -0.00656335 0.00142587 0.999997 0.00173494 0.00256532 0.00223148 -0.00173811 0.999996 0.00164664 0.0 0.0 0.0 1.0
stairs/seq-04/color/frame-000363.color.png stairs/seq-04/color/frame-000366.color.png 0.999954 0.00961829 0.000181109 0.0105883 -0.00961979 0.999875 0.0125319 -0.0038864 -6.05216e-05 -0.0125331 0.999921 0.00311041 0.0 0.0 0.0 1.0
stairs/seq-04/color/frame-000366.color.png stairs/seq-04/color/frame-000369.color.png 0.999922 0.00275811 0.0121594 -0.0229703 -0.00282836 0.999979 0.0057634 -0.00717646 -0.0121433 -0.00579734 0.999909 0.00262856 0.0 0.0 0.0 1.0
stairs/seq-04/color/frame-000369.color.png stairs/seq-04/color/frame-000372.color.png 0.999994 -0.0024647 -0.00250701 -0.00165698 0.00247343 0.999991 0.00348363 -0.000499547 0.00249842 -0.00348981 0.999991 -0.0028249 0.0 0.0 0.0 1.0
stairs/seq-04/color/frame-000372.color.png stairs/seq-04/color/frame-000375.color.png 0.999832 0.00298299 -0.0181036 0.0303742 -0.00294139 0.999993 0.00232409 -0.00107455 0.0181104 -0.00227045 0.999833 0.000460744 0.0 0.0 0.0 1.0
stairs/seq-04/color/frame-000375.color.png stairs/seq-04/color/frame-000378.color.png 0.999966 0.00727446 -0.00393688 0.000373676 -0.00728061 0.999972 -0.0015509 0.0146514 0.00392546 0.00157951 0.999991 -0.00165796 0.0 0.0 0.0 1.0
stairs/seq-04/color/frame-000378.color.png stairs/seq-04/color/frame-000381.color.png 0.99993 0.00518707 -0.0106275 0.00523825 -0.00520021 0.999986 -0.00120766 0.0136157 0.0106211 0.00126284 0.999943 -0.00323808 0.0 0.0 0.0 1.0
stairs/seq-04/color/frame-000381.color.png stairs/seq-04/color/frame-000384.color.png 0.999958 0.00770536 -0.00493479 0.0100785 -0.00770624 0.99997 -0.000161014 0.00333434 0.00493339 0.000199043 0.999988 0.00134063 0.0 0.0 0.0 1.0
stairs/seq-04/color/frame-000384.color.png stairs/seq-04/color/frame-000387.color.png 0.999968 0.00598645 -0.00524926 -0.00994454 -0.00596829 0.999976 0.00347 0.0106165 0.00526988 -0.00343856 0.99998 -0.00220931 0.0 0.0 0.0 1.0
stairs/seq-04/color/frame-000387.color.png stairs/seq-04/color/frame-000390.color.png 0.999998 0.00195494 -0.000238845 -0.0132227 -0.00195426 0.999994 0.0027998 0.00615093 0.000244297 -0.00279932 0.999996 0.000157952 0.0 0.0 0.0 1.0
stairs/seq-04/color/frame-000390.color.png stairs/seq-04/color/frame-000393.color.png 0.999993 0.00326431 -0.00172568 -0.000653267 -0.00325169 0.999968 0.00727156 0.00137252 0.00174935 -0.0072659 0.999972 0.00543571 0.0 0.0 0.0 1.0
stairs/seq-04/color/frame-000393.color.png stairs/seq-04/color/frame-000396.color.png 0.999999 -0.00122252 0.00128811 -0.00316642 0.00119909 0.999837 0.0180355 -0.014854 -0.00130994 -0.0180339 0.999836 0.00361288 0.0 0.0 0.0 1.0
stairs/seq-04/color/frame-000396.color.png stairs/seq-04/color/frame-000399.color.png 0.999994 0.00307762 -0.00129214 -0.00266503 -0.00305717 0.999875 0.0155426 -0.0187477 0.00133986 -0.0155386 0.999878 0.0030117 0.0 0.0 0.0 1.0
stairs/seq-04/color/frame-000399.color.png stairs/seq-04/color/frame-000402.color.png 0.999996 0.00159948 -0.00238837 0.00803195 -0.00157408 0.999943 0.0105949 -0.00996938 0.00240515 -0.0105911 0.999941 0.00657129 0.0 0.0 0.0 1.0
stairs/seq-04/color/frame-000402.color.png stairs/seq-04/color/frame-000405.color.png 0.999955 0.000366099 0.00953421 -0.0154595 -0.000445062 0.999966 0.00827901 -0.00882792 -0.00953087 -0.00828287 0.99992 0.00605857 0.0 0.0 0.0 1.0
stairs/seq-04/color/frame-000405.color.png stairs/seq-04/color/frame-000408.color.png 0.999969 -0.00372705 0.00696202 -0.0152902 0.00370972 0.99999 0.00250325 -0.003079 -0.00697132 -0.00247737 0.999973 0.00917578 0.0 0.0 0.0 1.0
stairs/seq-04/color/frame-000408.color.png stairs/seq-04/color/frame-000411.color.png 0.999978 -0.00169658 0.00642351 -0.0199728 0.0016902 0.999998 0.000999552 0.0124927 -0.00642513 -0.000988677 0.999979 0.0133252 0.0 0.0 0.0 1.0
stairs/seq-04/color/frame-000411.color.png stairs/seq-04/color/frame-000414.color.png 0.99998 -0.00199236 0.00606795 -0.0214181 0.00195745 0.999982 0.00575464 -0.0106515 -0.00607929 -0.00574264 0.999965 0.00316775 0.0 0.0 0.0 1.0
stairs/seq-04/color/frame-000414.color.png stairs/seq-04/color/frame-000417.color.png 0.999918 -0.00813583 -0.00988905 0.0194029 0.00810749 0.999963 -0.00290231 0.0145927 0.00991227 0.0028219 0.999947 0.0109769 0.0 0.0 0.0 1.0
stairs/seq-04/color/frame-000417.color.png stairs/seq-04/color/frame-000420.color.png 0.999976 -0.00027104 0.00688793 -0.0173044 0.000241013 0.99999 0.00435952 -0.00730464 -0.00688907 -0.00435775 0.999967 0.00566053 0.0 0.0 0.0 1.0
stairs/seq-04/color/frame-000420.color.png stairs/seq-04/color/frame-000423.color.png 0.999882 -0.00114637 -0.015323 0.0445301 0.00114686 0.999999 2.29933e-05 0.00302678 0.015323 -4.05685e-05 0.999883 0.0147237 0.0 0.0 0.0 1.0
stairs/seq-04/color/frame-000423.color.png stairs/seq-04/color/frame-000426.color.png 0.999906 -0.000439119 0.0136952 -0.0358959 0.00040196 0.999996 0.00271585 0.00631705 -0.0136963 -0.0027101 0.999903 0.00642216 0.0 0.0 0.0 1.0
stairs/seq-04/color/frame-000426.color.png stairs/seq-04/color/frame-000429.color.png 0.999987 0.00336938 -0.00394698 0.0135549 -0.00330783 0.999874 0.0155007 -0.0282319 0.00399872 -0.0154874 0.999872 0.00590575 0.0 0.0 0.0 1.0
stairs/seq-04/color/frame-000429.color.png stairs/seq-04/color/frame-000432.color.png 0.999998 -0.00139926 -0.00155476 0.00194362 0.00140022 0.999999 0.000611714 0.00839934 0.00155389 -0.00061389 0.999999 0.00445533 0.0 0.0 0.0 1.0
stairs/seq-04/color/frame-000432.color.png stairs/seq-04/color/frame-000435.color.png 0.999983 0.00178648 0.00559742 -0.00940284 -0.00185535 0.999922 0.0123246 -0.0181818 -0.00557494 -0.0123349 0.999908 0.00616169 0.0 0.0 0.0 1.0
stairs/seq-04/color/frame-000435.color.png stairs/seq-04/color/frame-000438.color.png 0.999998 -0.00138317 -0.00107618 0.000488803 0.00139851 0.999895 0.0143892 -0.0196442 0.00105616 -0.0143907 0.999896 0.00224614 0.0 0.0 0.0 1.0
stairs/seq-04/color/frame-000438.color.png stairs/seq-04/color/frame-000441.color.png 0.999988 -0.000923251 -0.00488495 0.00900072 0.000986602 0.999915 0.0129806 -0.0108387 0.00487257 -0.0129853 0.999904 0.00614953 0.0 0.0 0.0 1.0
stairs/seq-04/color/frame-000441.color.png stairs/seq-04/color/frame-000444.color.png 0.999995 6.26362e-05 -0.00322174 0.00465049 -3.68299e-05 0.999968 0.00801297 -0.0108 0.00322213 -0.00801278 0.999963 0.00248361 0.0 0.0 0.0 1.0
stairs/seq-04/color/frame-000444.color.png stairs/seq-04/color/frame-000447.color.png 0.999992 -0.00117298 -0.00371848 0.0131676 0.00118344 0.999995 0.00281182 0.00475281 0.00371514 -0.00281622 0.999989 0.0112087 0.0 0.0 0.0 1.0
stairs/seq-04/color/frame-000447.color.png stairs/seq-04/color/frame-000450.color.png 0.999973 0.000413664 0.00736164 -0.011202 -0.000441248 0.999993 0.00374659 -0.00139412 -0.00736004 -0.00374972 0.999966 0.0053246 0.0 0.0 0.0 1.0
stairs/seq-04/color/frame-000450.color.png stairs/seq-04/color/frame-000453.color.png 0.999984 -0.00177645 0.00540396 -0.00950956 0.00176839 0.999997 0.00149654 0.00286934 -0.0054066 -0.00148696 0.999984 0.00908768 0.0 0.0 0.0 1.0
stairs/seq-04/color/frame-000453.color.png stairs/seq-04/color/frame-000456.color.png 0.999998 -0.00200472 0.000791629 -0.00456005 0.00200284 0.999995 0.00236808 -0.00374517 -0.000796424 -0.00236651 0.999997 0.00605106 0.0 0.0 0.0 1.0
stairs/seq-04/color/frame-000456.color.png stairs/seq-04/color/frame-000459.color.png 0.999999 0.000648465 -0.00154592 0.00468276 -0.000640201 0.999986 0.00533908 -0.00246072 0.00154942 -0.0053381 0.999985 0.00669801 0.0 0.0 0.0 1.0
stairs/seq-04/color/frame-000459.color.png stairs/seq-04/color/frame-000462.color.png 1.0 -0.0007103 0.000344026 0.00148411 0.000705047 0.999887 0.0150222 -0.0249431 -0.00035469 -0.0150219 0.999887 0.00403261 0.0 0.0 0.0 1.0
stairs/seq-04/color/frame-000462.color.png stairs/seq-04/color/frame-000465.color.png 0.999994 -0.00167185 -0.00304835 0.00441343 0.00167758 0.999997 0.00187891 0.00986362 0.00304523 -0.00188402 0.999993 0.00823808 0.0 0.0 0.0 1.0
stairs/seq-04/color/frame-000465.color.png stairs/seq-04/color/frame-000468.color.png 1.0 -0.00035807 0.000603137 -0.0017886 0.000356698 0.999997 0.00227754 0.00218177 -0.000603951 -0.00227734 0.999997 0.00716627 0.0 0.0 0.0 1.0
stairs/seq-04/color/frame-000468.color.png stairs/seq-04/color/frame-000471.color.png 0.999995 -0.000264235 0.00326387 -0.00547211 0.000261886 1.0 0.000723773 0.00123966 -0.00326406 -0.000722973 0.999994 0.00689805 0.0 0.0 0.0 1.0
stairs/seq-04/color/frame-000471.color.png stairs/seq-04/color/frame-000474.color.png 0.999988 0.000415916 0.0049622 -0.00792536 -0.000432577 0.999994 0.00335516 -0.00726542 -0.00496079 -0.00335721 0.999982 0.00848961 0.0 0.0 0.0 1.0
stairs/seq-04/color/frame-000474.color.png stairs/seq-04/color/frame-000477.color.png 0.999984 -0.00504407 0.0026726 -0.00699605 0.0050396 0.999986 0.00167956 0.000154346 -0.00268104 -0.00166609 0.999995 0.00648618 0.0 0.0 0.0 1.0
stairs/seq-04/color/frame-000477.color.png stairs/seq-04/color/frame-000480.color.png 0.999998 -0.00168151 -0.000733222 0.00531341 0.00169111 0.99991 0.0133091 -0.0205526 0.000710809 -0.0133103 0.999911 0.00368166 0.0 0.0 0.0 1.0
stairs/seq-04/color/frame-000480.color.png stairs/seq-04/color/frame-000483.color.png 1.0 -0.000331976 0.000117325 -0.00362866 0.000331091 0.999972 0.00747556 -0.0117071 -0.000119811 -0.00747551 0.999972 0.0059346 0.0 0.0 0.0 1.0
stairs/seq-04/color/frame-000483.color.png stairs/seq-04/color/frame-000486.color.png 0.999993 -0.00333482 0.00181552 -0.014255 0.00331882 0.999956 0.00874481 -0.00786215 -0.00184461 -0.00873871 0.99996 0.00353289 0.0 0.0 0.0 1.0
stairs/seq-04/color/frame-000486.color.png stairs/seq-04/color/frame-000489.color.png 0.999999 0.000537957 -0.00158649 0.00404786 -0.00052986 0.999987 0.0050985 -0.0069018 0.00158922 -0.00509769 0.999986 0.00520933 0.0 0.0 0.0 1.0
stairs/seq-04/color/frame-000489.color.png stairs/seq-04/color/frame-000492.color.png 0.999936 0.00535869 0.00996134 -0.0144871 -0.00542183 0.999965 0.00632228 -0.00164315 -0.00992718 -0.00637586 0.99993 0.00392973 0.0 0.0 0.0 1.0
stairs/seq-04/color/frame-000492.color.png stairs/seq-04/color/frame-000495.color.png 0.99998 0.00371122 0.00510185 -0.00647569 -0.00378196 0.999896 0.0139267 -0.0218295 -0.0050496 -0.0139457 0.99989 0.00391877 0.0 0.0 0.0 1.0
stairs/seq-04/color/frame-000495.color.png stairs/seq-04/color/frame-000498.color.png 0.999994 -0.00163693 -0.0029121 0.00531538 0.0016544 0.999981 0.00601043 -0.00680551 0.00290218 -0.00601521 0.999978 0.00522959 0.0 0.0 0.0 1.0
