stairs/seq-04/color/frame-000000.color.png stairs/seq-04/color/frame-000002.color.png 0.999523 -0.00523652 0.0304379 -0.0202229 0.00533932 0.99998 -0.00329706 -0.0203458 -0.03042 0.00345801 0.999531 0.0430549 0.0 0.0 0.0 1.0
stairs/seq-04/color/frame-000002.color.png stairs/seq-04/color/frame-000004.color.png 0.999988 -0.00398072 0.00280414 -0.0126007 0.00398459 0.999991 -0.00137497 -0.00896877 -0.00279865 0.00138613 0.999995 0.0185298 0.0 0.0 0.0 1.0
stairs/seq-04/color/frame-000004.color.png stairs/seq-04/color/frame-000006.color.png 0.999909 -0.00178473 0.0133872 -0.0147003 0.00179338 0.999998 -0.000633934 -0.0070202 -0.013386 0.000657885 0.99991 0.0179682 0.0 0.0 0.0 1.0
stairs/seq-04/color/frame-000006.color.png stairs/seq-04/color/frame-000008.color.png 0.999948 -0.00205784 0.00999916 -0.0175393 0.00208022 0.999995 -0.00222867 -0.00334576 -0.00999451 0.00224935 0.999948 0.0160196 0.0 0.0 0.0 1.0
stairs/seq-04/color/frame-000008.color.png stairs/seq-04/color/frame-000010.color.png 0.999984 -0.00397634 0.0039221 -0.00908265 0.00397597 0.999992 0.000101666 -0.00810032 -0.00392247 -8.60694e-05 0.999992 0.0209836 0.0 0.0 0.0 1.0
stairs/seq-04/color/frame-000010.color.png stairs/seq-04/color/frame-000012.color.png 0.999969 -0.00377455 0.00691438 -0.0150447 0.00373726 0.999978 0.00539795 -0.0122505 -0.00693461 -0.00537194 0.999962 0.0194078 0.0 0.0 0.0 1.0
stairs/seq-04/color/frame-000012.color.png stairs/seq-04/color/frame-000014.color.png 0.999995 -0.00318022 -0.000802662 -0.00887787 0.0031789 0.999994 -0.00164239 -0.00646115 0.000807878 0.00163983 0.999998 0.0180781 0.0 0.0 0.0 1.0
stairs/seq-04/color/frame-000014.color.png stairs/seq-04/color/frame-000016.color.png 0.999983 -0.000423162 0.00580185 -0.0141586 0.000439465 0.999996 -0.00280894 -0.00656714 -0.00580062 0.00281144 0.999979 0.0151597 0.0 0.0 0.0 1.0
stairs/seq-04/color/frame-000016.color.png stairs/seq-04/color/frame-000018.color.png 0.99996 -0.00538586 0.00718093 -0.00688104 0.00543982 0.999957 -0.00751651 -0.00266439 -0.00714016 0.00755526 0.999946 0.0129424 0.0 0.0 0.0 1.0
stairs/seq-04/color/frame-000018.color.png stairs/seq-04/color/frame-000020.color.png 0.999968 -0.0035676 0.00720846 -0.0050958 0.00356118 0.999993 0.000904061 -0.0104851 -0.00721162 -0.000878362 0.999974 0.0139941 0.0 0.0 0.0 1.0
stairs/seq-04/color/frame-000020.color.png stairs/seq-04/color/frame-000022.color.png 0.999977 -0.00488544 0.00472067 -0.00869047 0.0048817 0.999988 0.00080252 -0.00587492 -0.00472456 -0.000779455 0.999988 0.0115355 0.0 0.0 0.0 1.0
stairs/seq-04/color/frame-000022.color.png stairs/seq-04/color/frame-000024.color.png 0.999996 -0.00266968 -0.000210195 -0.00584875 0.00267088 0.999979 0.00588551 -0.00793652 0.000194493 -0.00588606 0.999983 0.0159926 0.0 0.0 0.0 1.0
stairs/seq-04/color/frame-000024.color.png stairs/seq-04/color/frame-000026.color.png 0.999998 -0.000983524 -0.00182048 -0.0049652 0.000994952 0.99998 0.00628405 -0.00955162 0.00181426 -0.00628585 0.999978 0.0157498 0.0 0.0 0.0 1.0
stairs/seq-04/color/frame-000026.color.png stairs/seq-04/color/frame-000028.color.png 0.99996 -0.00140183 0.00886732 -0.00359337 0.00136487 0.99999 0.0041735 -0.0152169 -0.00887308 -0.00416123 0.999952 0.0112781 0.0 0.0 0.0 1.0
stairs/seq-04/color/frame-000028.color.png stairs/seq-04/color/frame-000030.color.png 0.999983 -0.00504352 0.00287127 0.00257659 0.00503033 0.999977 0.00457858 -0.0126145 -0.0028943 -0.00456406 0.999985 0.0153029 0.0 0.0 0.0 1.0
stairs/seq-04/color/frame-000030.color.png stairs/seq-04/color/frame-000032.color.png 1.0 0.000995129 -0.000447334 0.0132974 -0.000992085 0.999977 0.00675266 -0.0126746 0.000454042 -0.00675222 0.999977 0.0219188 0.0 0.0 0.0 1.0
stairs/seq-04/color/frame-000032.color.png stairs/seq-04/color/frame-000034.color.png 0.99999 0.000990733 0.00428363 0.00303477 -0.000987077 0.999999 -0.00085595 -0.00213592 -0.00428445 0.00085172 0.999991 0.0114161 0.0 0.0 0.0 1.0
stairs/seq-04/color/frame-000034.color.png stairs/seq-04/color/frame-000036.color.png 0.999972 -0.00541505 -0.00517809 0.0162438 0.00544798 0.999965 0.00636856 -0.018962 0.00514341 -0.00639659 0.999966 0.0225071 0.0 0.0 0.0 1.0
stairs/seq-04/color/frame-000036.color.png stairs/seq-04/color/frame-000038.color.png 0.999989 0.000891525 0.00458585 0.00541547 -0.000901898 0.999997 0.00226136 -0.0122346 -0.00458382 -0.00226547 0.999987 0.0153385 0.0 0.0 0.0 1.0
stairs/seq-04/color/frame-000038.color.png stairs/seq-04/color/frame-000040.color.png 0.999987 0.00389783 0.00340693 0.0146096 -0.00392083 0.999969 0.00677027 -0.0110752 -0.00338044 -0.00678354 0.999971 0.0145684 0.0 0.0 0.0 1.0
stairs/seq-04/color/frame-000040.color.png stairs/seq-04/color/frame-000042.color.png 0.999981 -0.00287636 0.00552456 0.0107404 0.00288755 0.999994 -0.00201805 -0.0185469 -0.0055187 0.00203397 0.999983 0.0153811 0.0 0.0 0.0 1.0
stairs/seq-04/color/frame-000042.color.png stairs/seq-04/color/frame-000044.color.png 0.999943 0.00723255 -0.00781115 0.0260753 -0.00725185 0.999971 -0.0024452 -0.00736742 0.00779322 0.00250171 0.999967 0.0217387 0.0 0.0 0.0 1.0
stairs/seq-04/color/frame-000044.color.png stairs/seq-04/color/frame-000046.color.png 0.999984 0.00380663 0.00422479 0.00184444 -0.00381306 0.999991 0.00151603 -0.00516276 -0.00421896 -0.00153211 0.99999 0.00572571 0.0 0.0 0.0 1.0
stairs/seq-04/color/frame-000046.color.png stairs/seq-04/color/frame-000048.color.png 0.999951 0.00503585 0.00850351 0.0035926 -0.00505069 0.999986 0.00172307 -0.0100385 -0.00849472 -0.00176593 0.999962 0.0132619 0.0 0.0 0.0 1.0
stairs/seq-04/color/frame-000048.color.png stairs/seq-04/color/frame-000050.color.png 0.999995 -0.00263138 0.0019668 0.00260489 0.0026254 0.999992 0.00303758 -0.0115186 -0.00197479 -0.0030324 0.999993 0.0124913 0.0 0.0 0.0 1.0
stairs/seq-04/color/frame-000050.color.png stairs/seq-04/color/frame-000052.color.png 0.999987 0.00387242 -0.00315601 0.0198036 -0.00385984 0.999985 0.00397871 -0.0137616 0.0031714 -0.00396647 0.999987 0.0293701 0.0 0.0 0.0 1.0
stairs/seq-04/color/frame-000052.color.png stairs/seq-04/color/frame-000054.color.png 0.999993 -0.00376883 0.000157384 -0.00611311 0.0037681 0.999983 0.00437083 -0.00880761 -0.000173867 -0.00437021 0.99999 0.00453582 0.0 0.0 0.0 1.0
stairs/seq-04/color/frame-000054.color.png stairs/seq-04/color/frame-000056.color.png 0.999978 -0.00272524 -0.00612106 0.0114882 0.00274495 0.999991 0.00321324 -0.00693649 0.00611224 -0.00322998 0.999976 0.0166014 0.0 0.0 0.0 1.0
stairs/seq-04/color/frame-000056.color.png stairs/seq-04/color/frame-000058.color.png 0.99999 0.0030326 -0.00320213 0.00533568 -0.00302453 0.999992 0.00252362 -0.00519761 0.00320976 -0.00251391 0.999992 0.0173691 0.0 0.0 0.0 1.0
stairs/seq-04/color/frame-000058.color.png stairs/seq-04/color/frame-000060.color.png 0.999978 -0.000381453 0.00665841 -0.00542856 0.000378399 1.0 0.000459898 -0.00623477 -0.00665859 -0.000457359 0.999978 0.00824314 0.0 0.0 0.0 1.0
stairs/seq-04/color/frame-000060.color.png stairs/seq-04/color/frame-000062.color.png 0.999993 -0.00027857 0.00359511 0.00239965 0.00028053 1.0 -0.000542708 -0.00731605 -0.00359493 0.000543719 0.999993 0.0124849 0.0 0.0 0.0 1.0
stairs/seq-04/color/frame-000062.color.png stairs/seq-04/color/frame-000064.color.png 0.999982 -0.00511062 0.003111 -0.00242659 0.00511514 0.999986 -0.00144613 -0.0118093 -0.0031036 0.00146201 0.999994 0.0174024 0.0 0.0 0.0 1.0
stairs/seq-04/color/frame-000064.color.png stairs/seq-04/color/frame-000066.color.png 0.999978 -0.00645833 -0.00158235 -0.0012742 0.00645288 0.999973 -0.00342574 -0.00713012 0.00160442 0.00341545 0.999993 0.00894225 0.0 0.0 0.0 1.0
stairs/seq-04/color/frame-000066.color.png stairs/seq-04/color/frame-000068.color.png 0.999998 -0.00188449 -0.000352778 0.00860311 0.00188241 0.999981 -0.0058375 -0.00505108 0.000363804 0.00583684 0.999983 0.0187302 0.0 0.0 0.0 1.0
stairs/seq-04/color/frame-000068.color.png stairs/seq-04/color/frame-000070.color.png 0.999966 -0.00712999 0.00419238 -0.00496789 0.00714345 0.999969 -0.00320646 -0.00950363 -0.0041694 0.0032363 0.999986 0.0120214 0.0 0.0 0.0 1.0
stairs/seq-04/color/frame-000070.color.png stairs/seq-04/color/frame-000072.color.png 0.999989 -0.00269836 0.00381647 -0.00536576 0.00269956 0.999996 -0.000311278 -0.00611496 -0.00381564 0.000321566 0.999993 0.00662744 0.0 0.0 0.0 1.0
stairs/seq-04/color/frame-000072.color.png stairs/seq-04/color/frame-000074.color.png 0.999984 -0.00354289 0.00449936 -0.00577448 0.00355566 0.99999 -0.00282924 -0.00547788 -0.00448929 0.0028452 0.999986 0.00786632 0.0 0.0 0.0 1.0
stairs/seq-04/color/frame-000074.color.png stairs/seq-04/color/frame-000076.color.png 0.999991 -0.000276059 0.00434268 -0.00406487 0.000272738 1.0 0.000764947 -0.00490132 -0.00434292 -0.000763762 0.99999 0.0082525 0.0 0.0 0.0 1.0
stairs/seq-04/color/frame-000076.color.png stairs/seq-04/color/frame-000078.color.png 0.99999 -0.0012414 0.00437599 -0.00456148 0.00126582 0.999984 -0.00558051 -0.0022102 -0.00436894 0.005586 0.999975 0.00750989 0.0 0.0 0.0 1.0
stairs/seq-04/color/frame-000078.color.png stairs/seq-04/color/frame-000080.color.png 0.999938 -0.00845457 -0.00722939 -0.00493247 0.00845822 0.999964 0.000473255 -0.0113638 0.00722511 -0.000534373 0.999974 0.00240493 0.0 0.0 0.0 1.0
stairs/seq-04/color/frame-000080.color.png stairs/seq-04/color/frame-000082.color.png 0.999932 0.00490356 -0.0105927 0.00969011 -0.0049864 0.999957 -0.0078077 0.00679997 0.0105539 0.00785998 0.999913 0.00681472 0.0 0.0 0.0 1.0
stairs/seq-04/color/frame-000082.color.png stairs/seq-04/color/frame-000084.color.png 0.999963 1.88927e-05 -0.00857454 0.0117879 -5.02017e-05 0.999993 -0.00365025 -0.00119528 0.0085744 0.00365055 0.999957 0.0069797 0.0 0.0 0.0 1.0
stairs/seq-04/color/frame-000084.color.png stairs/seq-04/color/frame-000086.color.png 0.99995 0.00411609 -0.00914498 0.00716331 -0.00422928 0.999914 -0.0123914 0.00609952 0.00909322 0.0124295 0.999882 0.00342393 0.0 0.0 0.0 1.0
stairs/seq-04/color/frame-000086.color.png stairs/seq-04/color/frame-000088.color.png 0.999955 -0.00274259 -0.00913094 0.00603446 0.00261749 0.999903 -0.0136889 0.00737149 0.00916759 0.0136643 0.999865 0.0022732 0.0 0.0 0.0 1.0
stairs/seq-04/color/frame-000088.color.png stairs/seq-04/color/frame-000090.color.png 0.999812 0.00416045 -0.018909 0.0215556 -0.00443725 0.999883 -0.01462 0.0127636 0.018846 0.0147012 0.999714 0.00574732 0.0 0.0 0.0 1.0
stairs/seq-04/color/frame-000090.color.png stairs/seq-04/color/frame-000092.color.png 0.99995 0.00246942 -0.00963785 0.0100915 -0.00248837 0.999995 -0.00195339 0.00147268 0.00963298 0.00197728 0.999952 -0.00146627 0.0 0.0 0.0 1.0
stairs/seq-04/color/frame-000092.color.png stairs/seq-04/color/frame-000094.color.png 0.999783 -0.000361168 -0.0208173 0.0223412 0.000160237 0.999953 -0.00965278 0.00158957 0.0208198 0.00964734 0.999737 -0.00319844 0.0 0.0 0.0 1.0
stairs/seq-04/color/frame-000094.color.png stairs/seq-04/color/frame-000096.color.png 0.999782 0.00901308 -0.0188211 0.0294959 -0.0092689 0.999865 -0.0135489 0.0150497 0.0186965 0.0137204 0.999731 0.00675142 0.0 0.0 0.0 1.0
stairs/seq-04/color/frame-000096.color.png stairs/seq-04/color/frame-000098.color.png 0.999871 0.0081836 -0.0138199 0.0197325 -0.00834908 0.999894 -0.0119595 0.0154324 0.0137206 0.0120733 0.999833 -0.00680798 0.0 0.0 0.0 1.0
stairs/seq-04/color/frame-000098.color.png stairs/seq-04/color/frame-000100.color.png 0.999967 -0.000628152 -0.00814508 0.029396 0.000603004 0.999995 -0.00309068 0.00111946 0.00814698 0.00308567 0.999962 0.00191075 0.0 0.0 0.0 1.0
stairs/seq-04/color/frame-000100.color.png stairs/seq-04/color/frame-000102.color.png 0.99998 0.00533765 -0.00338835 0.0152187 -0.00534865 0.99998 -0.00324443 0.00542337 0.00337096 0.00326249 0.999989 -0.00378895 0.0 0.0 0.0 1.0
stairs/seq-04/color/frame-000102.color.png stairs/seq-04/color/frame-000104.color.png 0.999825 0.0155475 -0.010428 0.0262781 -0.0155596 0.999878 -0.00108019 0.00861031 0.0104099 0.00124225 0.999945 -0.00914073 0.0 0.0 0.0 1.0
stairs/seq-04/color/frame-000104.color.png stairs/seq-04/color/frame-000106.color.png 0.99993 0.00718172 -0.0093721 0.0263076 -0.00720888 0.99997 -0.00286708 0.00375396 0.00935122 0.00293446 0.999952 0.000314176 0.0 0.0 0.0 1.0
stairs/seq-04/color/frame-000106.color.png stairs/seq-04/color/frame-000108.color.png 0.999724 0.0127155 -0.0197654 0.0380002 -0.0128487 0.999896 -0.00663039 0.00432163 0.019679 0.0068825 0.999783 0.00319099 0.0 0.0 0.0 1.0
stairs/seq-04/color/frame-000108.color.png stairs/seq-04/color/frame-000110.color.png 0.999837 0.00556 -0.0171696 0.0266178 -0.00558 0.999984 -0.00111734 0.000911146 0.0171631 0.00121297 0.999852 -0.00434601 0.0 0.0 0.0 1.0
stairs/seq-04/color/frame-000110.color.png stairs/seq-04/color/frame-000112.color.png 0.999641 0.00751876 -0.0257048 0.0478168 -0.00762961 0.999962 -0.00421697 0.00734189 0.0256721 0.00441157 0.999661 0.00383353 0.0 0.0 0.0 1.0
stairs/seq-04/color/frame-000112.color.png stairs/seq-04/color/frame-000114.color.png 0.999964 0.00224854 -0.00816651 0.0113753 -0.00226565 0.999995 -0.00208629 0.00262165 0.00816178 0.00210471 0.999965 -0.00631696 0.0 0.0 0.0 1.0
stairs/seq-04/color/frame-000114.color.png stairs/seq-04/color/frame-000116.color.png 0.999723 0.00622797 -0.0226902 0.0334145 -0.0062546 0.99998 -0.00110287 0.00441071 0.0226829 0.00124448 0.999742 -0.00255919 0.0 0.0 0.0 1.0
stairs/seq-04/color/frame-000116.color.png stairs/seq-04/color/frame-000118.color.png 0.99972 0.00739719 -0.022461 0.0277156 -0.00753324 0.999954 -0.00597847 0.01058 0.0224158 0.00614598 0.99973 -0.00648808 0.0 0.0 0.0 1.0
stairs/seq-04/color/frame-000118.color.png stairs/seq-04/color/frame-000120.color.png 0.999559 0.0109549 -0.0275909 0.0367236 -0.0109879 0.999939 -0.00104529 0.00611201 0.0275778 0.001348 0.999619 -0.00673378 0.0 0.0 0.0 1.0
stairs/seq-04/color/frame-000120.color.png stairs/seq-04/color/frame-000122.color.png 0.999762 0.00722377 -0.0205754 0.0284883 -0.0073514 0.999954 -0.00613388 0.000410408 0.0205302 0.00628367 0.99977 0.00250208 0.0 0.0 0.0 1.0
stairs/seq-04/color/frame-000122.color.png stairs/seq-04/color/frame-000124.color.png 0.99961 0.0103731 -0.0259161 0.0203246 -0.0106249 0.999898 -0.00959567 0.0168139 0.0258139 0.00986731 0.999618 -0.0203731 0.0 0.0 0.0 1.0
stairs/seq-04/color/frame-000124.color.png stairs/seq-04/color/frame-000126.color.png 0.999306 0.0155048 -0.033881 0.0298445 -0.0157181 0.999858 -0.00603774 0.0156874 0.0337826 0.00656608 0.999408 -0.00742072 0.0 0.0 0.0 1.0
stairs/seq-04/color/frame-000126.color.png stairs/seq-04/color/frame-000128.color.png 0.999522 0.011015 -0.0289039 0.0353332 -0.0112388 0.999908 -0.00759247 0.00964677 0.0288176 0.00791368 0.999553 -0.00578851 0.0 0.0 0.0 1.0
stairs/seq-04/color/frame-000128.color.png stairs/seq-04/color/frame-000130.color.png 0.999814 0.0140616 -0.0132149 0.00483498 -0.0141681 0.999868 -0.00799722 0.00854024 0.0131007 0.00818297 0.999881 -0.0107741 0.0 0.0 0.0 1.0
stairs/seq-04/color/frame-000130.color.png stairs/seq-04/color/frame-000132.color.png 0.999802 0.010963 -0.0166108 0.0100954 -0.0110893 0.99991 -0.00753118 0.007146 0.0165268 0.0077139 0.999834 -0.00150758 0.0 0.0 0.0 1.0
stairs/seq-04/color/frame-000132.color.png stairs/seq-04/color/frame-000134.color.png 0.999835 0.00553508 -0.0173241 0.00935578 -0.00585563 0.999812 -0.0185055 0.0426808 0.0172185 0.0186039 0.999679 -0.00697464 0.0 0.0 0.0 1.0
stairs/seq-04/color/frame-000134.color.png stairs/seq-04/color/frame-000136.color.png 0.999493 0.0125273 -0.029254 0.0350752 -0.0126107 0.999917 -0.00267108 -0.00272095 0.029218 0.00303863 0.999568 -0.00526398 0.0 0.0 0.0 1.0
stairs/seq-04/color/frame-000136.color.png stairs/seq-04/color/frame-000138.color.png 0.999667 0.0112183 -0.0232524 0.0322878 -0.0112867 0.999932 -0.0028116 0.00602856 0.0232193 0.00307309 0.999726 -0.0129006 0.0 0.0 0.0 1.0
stairs/seq-04/color/frame-000138.color.png stairs/seq-04/color/frame-000140.color.png 0.999878 0.00851061 -0.0130797 0.0113372 -0.00858961 0.999945 -0.00599703 0.00824079 0.0130279 0.00610869 0.999897 -0.00308502 0.0 0.0 0.0 1.0
stairs/seq-04/color/frame-000140.color.png stairs/seq-04/color/frame-000142.color.png 0.999877 0.00792691 -0.0135479 0.006681 -0.00795885 0.999966 -0.00230326 -0.006892 0.0135293 0.00241079 0.999905 -0.015435 0.0 0.0 0.0 1.0
stairs/seq-04/color/frame-000142.color.png stairs/seq-04/color/frame-000144.color.png 0.999766 0.00754015 -0.0202707 0.018982 -0.007773 0.999904 -0.0114327 0.0188036 0.0201827 0.0115875 0.999729 -0.00519496 0.0 0.0 0.0 1.0
stairs/seq-04/color/frame-000144.color.png stairs/seq-04/color/frame-000146.color.png 0.999826 0.0121692 -0.0141633 0.000386864 -0.0123269 0.999862 -0.0110976 0.0204196 0.0140262 0.0112703 0.999838 -0.0189312 0.0 0.0 0.0 1.0
stairs/seq-04/color/frame-000146.color.png stairs/seq-04/color/frame-000148.color.png 0.99914 0.00916406 -0.0404307 0.0633336 -0.00914813 0.999958 0.000579871 -0.00216272 0.0404343 -0.000209466 0.999182 0.00624895 0.0 0.0 0.0 1.0
stairs/seq-04/color/frame-000148.color.png stairs/seq-04/color/frame-000150.color.png 0.999854 0.0104857 -0.013509 0.00328586 -0.0105218 0.999941 -0.00260589 0.00751379 0.0134809 0.00274765 0.999905 -0.0226478 0.0 0.0 0.0 1.0
stairs/seq-04/color/frame-000150.color.png stairs/seq-04/color/frame-000152.color.png 0.999641 0.00861906 -0.0253769 0.0149061 -0.00873647 0.999952 -0.00452023 0.00261781 0.0253366 0.00474027 0.999668 -0.00191373 0.0 0.0 0.0 1.0
stairs/seq-04/color/frame-000152.color.png stairs/seq-04/color/frame-000154.color.png 0.999658 0.0060053 -0.0254599 0.0279076 -0.0060277 0.999981 -0.00080218 0.00753653 0.0254548 0.000955378 0.999675 -0.0108794 0.0 0.0 0.0 1.0
stairs/seq-04/color/frame-000154.color.png stairs/seq-04/color/frame-000156.color.png 0.999634 0.0161487 -0.0216865 0.0157796 -0.0160241 0.999854 0.00590545 -0.00331932 0.0217785 -0.00555579 0.999747 -0.00102848 0.0 0.0 0.0 1.0
stairs/seq-04/color/frame-000156.color.png stairs/seq-04/color/frame-000158.color.png 0.999708 0.0127818 -0.0205168 0.0168141 -0.0127608 0.999918 0.00115539 -0.00531778 0.0205299 -0.000893248 0.999789 -0.00697362 0.0 0.0 0.0 1.0
stairs/seq-04/color/frame-000158.color.png stairs/seq-04/color/frame-000160.color.png 0.9999 0.00479138 -0.0133269 0.00829488 -0.00476967 0.999987 0.00166544 -0.00700146 0.0133348 -0.00160168 0.99991 -0.0118362 0.0 0.0 0.0 1.0
stairs/seq-04/color/frame-000160.color.png stairs/seq-04/color/frame-000162.color.png 0.9997 0.00563066 -0.0238198 0.0123979 -0.00585762 0.999938 -0.00947008 0.0179017 0.0237649 0.00960679 0.999671 0.00929207 0.0 0.0 0.0 1.0
stairs/seq-04/color/frame-000162.color.png stairs/seq-04/color/frame-000164.color.png 0.999847 0.00695379 -0.0160309 0.0188462 -0.00708268 0.999943 -0.00799631 0.0113437 0.0159744 0.00810867 0.999839 -0.0070076 0.0 0.0 0.0 1.0
stairs/seq-04/color/frame-000164.color.png stairs/seq-04/color/frame-000166.color.png 0.999851 0.00859573 -0.0149652 0.000251859 -0.00859265 0.999963 0.000269315 -0.00296167 0.014967 -0.000140698 0.999888 -0.00323749 0.0 0.0 0.0 1.0
stairs/seq-04/color/frame-000166.color.png stairs/seq-04/color/frame-000168.color.png 0.999787 0.010633 -0.0176816 0.0161681 -0.0106823 0.999939 -0.00269754 0.00408432 0.0176518 0.00288588 0.99984 -0.0110301 0.0 0.0 0.0 1.0
stairs/seq-04/color/frame-000168.color.png stairs/seq-04/color/frame-000170.color.png 0.999858 0.00844721 -0.0145756 0.0155543 -0.00845067 0.999964 -0.000175486 0.00174475 0.0145736 0.000298544 0.999894 -0.0114709 0.0 0.0 0.0 1.0
stairs/seq-04/color/frame-000170.color.png stairs/seq-04/color/frame-000172.color.png 0.999764 0.0153648 -0.0153606 0.0135549 -0.0152707 0.999864 0.00622436 0.00310308 0.0154543 -0.00598819 0.999863 -0.00747097 0.0 0.0 0.0 1.0
stairs/seq-04/color/frame-000172.color.png stairs/seq-04/color/frame-000174.color.png 0.999915 0.0111631 -0.00670982 0.000921547 -0.0110961 0.999889 0.00993957 -0.00199112 0.00681985 -0.00986437 0.999928 -0.00438321 0.0 0.0 0.0 1.0
stairs/seq-04/color/frame-000174.color.png stairs/seq-04/color/frame-000176.color.png 0.999867 0.0157635 -0.00419082 0.019056 -0.0156894 0.99973 0.0171471 -0.011833 0.00446009 -0.017079 0.999844 -0.0225069 0.0 0.0 0.0 1.0
stairs/seq-04/color/frame-000176.color.png stairs/seq-04/color/frame-000178.color.png 0.999974 0.000948791 -0.00716964 -0.00402194 -0.000856811 0.999918 0.0128102 0.001699 0.00718115 -0.0128038 0.999892 0.00206223 0.0 0.0 0.0 1.0
stairs/seq-04/color/frame-000178.color.png stairs/seq-04/color/frame-000180.color.png 0.999622 0.0145162 -0.0233582 0.0176072 -0.0139111 0.999569 0.0258627 -0.00734755 0.0237234 -0.0255279 0.999393 -0.0129378 0.0 0.0 0.0 1.0
stairs/seq-04/color/frame-000180.color.png stairs/seq-04/color/frame-000182.color.png 0.99978 0.0120574 -0.0171443 0.00599486 -0.0118866 0.999879 0.0100297 -0.00397804 0.0172631 -0.00982372 0.999803 0.000393808 0.0 0.0 0.0 1.0
stairs/seq-04/color/frame-000182.color.png stairs/seq-04/color/frame-000184.color.png 0.999897 0.00848436 -0.0115644 0.0021342 -0.00843978 0.999957 0.00389501 0.00289515 0.0115969 -0.00379699 0.999925 0.00467443 0.0 0.0 0.0 1.0
stairs/seq-04/color/frame-000184.color.png stairs/seq-04/color/frame-000186.color.png 0.999966 0.00208781 -0.00803054 0.0147584 -0.00208288 0.999998 0.000618146 0.000989079 0.00803171 -0.000601378 0.999967 -0.00834131 0.0 0.0 0.0 1.0
stairs/seq-04/color/frame-000186.color.png stairs/seq-04/color/frame-000188.color.png 0.999926 0.00189024 -0.0120127 0.00511774 -0.00181505 0.999979 0.00626792 -0.0031741 0.0120244 -0.00624572 0.999908 -0.00106514 0.0 0.0 0.0 1.0
stairs/seq-04/color/frame-000188.color.png stairs/seq-04/color/frame-000190.color.png 0.999838 0.0106041 -0.0145454 0.000643671 -0.0105559 0.999939 0.0033884 0.00263554 0.0145805 -0.0032343 0.999889 -0.000846982 0.0 0.0 0.0 1.0
stairs/seq-04/color/frame-000190.color.png stairs/seq-04/color/frame-000192.color.png 0.999698 0.015155 -0.019353 0.0253598 -0.0149472 0.999829 0.0108455 0.00101754 0.0195141 -0.0105529 0.999754 -0.0139514 0.0 0.0 0.0 1.0
stairs/seq-04/color/frame-000192.color.png stairs/seq-04/color/frame-000194.color.png 0.999888 0.0148929 0.00108386 -0.00342897 -0.014907 0.999786 0.0143576 -7.14362e-05 -0.000869803 -0.0143721 0.999896 0.00532365 0.0 0.0 0.0 1.0
stairs/seq-04/color/frame-000194.color.png stairs/seq-04/color/frame-000196.color.png 0.999845 0.00999656 0.014503 -0.0104522 -0.0102245 0.999824 0.0157304 -0.00982201 -0.0143433 -0.0158763 0.999771 -0.000995576 0.0 0.0 0.0 1.0
stairs/seq-04/color/frame-000196.color.png stairs/seq-04/color/frame-000198.color.png 0.999862 0.000252967 0.0166044 -0.00278074 -0.00052611 0.999865 0.0164484 -0.0107158 -0.0165979 -0.0164548 0.999727 0.000668466 0.0 0.0 0.0 1.0
stairs/seq-04/color/frame-000198.color.png stairs/seq-04/color/frame-000200.color.png 0.999815 0.00385243 0.0188721 -0.00638106 -0.00423074 0.99979 0.0200495 -0.00503451 -0.0187908 -0.0201257 0.999621 0.00248587 0.0 0.0 0.0 1.0
stairs/seq-04/color/frame-000200.color.png stairs/seq-04/color/frame-000202.color.png 0.999907 0.00286005 0.013318 -0.00394726 -0.00305495 0.999888 0.0146347 -0.00727582 -0.0132747 -0.014674 0.999804 -0.00307059 0.0 0.0 0.0 1.0
stairs/seq-04/color/frame-000202.color.png stairs/seq-04/color/frame-000204.color.png 0.99985 0.00186535 0.0172195 -0.01087 -0.00215176 0.999859 0.0166306 -0.00711522 -0.0171861 -0.0166651 0.999713 0.00600475 0.0 0.0 0.0 1.0
stairs/seq-04/color/frame-000204.color.png stairs/seq-04/color/frame-000206.color.png 0.999857 0.00401935 0.0164538 -0.0131884 -0.00423358 0.999906 0.0130074 -0.00694218 -0.0163999 -0.0130752 0.99978 0.00292552 0.0 0.0 0.0 1.0
stairs/seq-04/color/frame-000206.color.png stairs/seq-04/color/frame-000208.color.png 0.999847 0.0015306 0.0174472 -0.0104308 -0.00165981 0.999971 0.00739514 -0.00192928 -0.0174354 -0.00742299 0.99982 0.00660348 0.0 0.0 0.0 1.0
stairs/seq-04/color/frame-000208.color.png stairs/seq-04/color/frame-000210.color.png 0.999903 0.000379774 0.0138945 -0.00302795 -0.000515429 0.999952 0.00975914 -0.00870973 -0.0138902 -0.00976533 0.999856 -0.00379544 0.0 0.0 0.0 1.0
stairs/seq-04/color/frame-000210.color.png stairs/seq-04/color/frame-000212.color.png 0.999595 -0.00579708 0.0278549 -0.0244853 0.00510194 0.999675 0.0249639 -0.0140167 -0.0279905 -0.0248116 0.9993 0.00767189 0.0 0.0 0.0 1.0
stairs/seq-04/color/frame-000212.color.png stairs/seq-04/color/frame-000214.color.png 0.999877 -0.0069431 0.0140762 -0.00760856 0.00672556 0.999858 0.0154389 -0.00924489 -0.0141814 -0.0153423 0.999782 0.00282478 0.0 0.0 0.0 1.0
stairs/seq-04/color/frame-000214.color.png stairs/seq-04/color/frame-000216.color.png 0.99987 0.000561165 0.0161262 -0.0169825 -0.000792824 0.999897 0.0143663 -0.00960612 -0.0161164 -0.0143772 0.999767 0.00397897 0.0 0.0 0.0 1.0
stairs/seq-04/color/frame-000216.color.png stairs/seq-04/color/frame-000218.color.png 0.999933 -0.00458876 0.0106385 -0.00661951 0.0045383 0.999978 0.00475963 -0.00555927 -0.0106602 -0.00471104 0.999932 0.0050168 0.0 0.0 0.0 1.0
stairs/seq-04/color/frame-000218.color.png stairs/seq-04/color/frame-000220.color.png 0.999852 -0.000998906 0.0171516 -0.0108766 0.000882073 0.999976 0.00681678 -0.00574607 -0.0171579 -0.00680064 0.99983 0.00651336 0.0 0.0 0.0 1.0
stairs/seq-04/color/frame-000220.color.png stairs/seq-04/color/frame-000222.color.png 0.999916 -0.00458162 0.0121668 -0.00832108 0.00457015 0.999989 0.000971402 -0.00144815 -0.0121712 -0.000915719 0.999925 0.00657427 0.0 0.0 0.0 1.0
stairs/seq-04/color/frame-000222.color.png stairs/seq-04/color/frame-000224.color.png 0.999908 -0.00640212 0.0119408 -0.00481188 0.0063722 0.999977 0.00254465 0.00262752 -0.0119568 -0.0024683 0.999925 0.00856787 0.0 0.0 0.0 1.0
stairs/seq-04/color/frame-000224.color.png stairs/seq-04/color/frame-000226.color.png 0.999578 -0.0152119 0.0247388 -0.0282254 0.0151221 0.999878 0.00380859 -0.00355801 -0.0247937 -0.00343288 0.999687 0.0117187 0.0 0.0 0.0 1.0
stairs/seq-04/color/frame-000226.color.png stairs/seq-04/color/frame-000228.color.png 0.999853 -0.0135718 0.0105225 -0.00562465 0.0135363 0.999903 0.00344126 -0.0147336 -0.0105681 -0.0032983 0.999939 0.00122434 0.0 0.0 0.0 1.0
stairs/seq-04/color/frame-000228.color.png stairs/seq-04/color/frame-000230.color.png 0.999898 -0.00385802 0.0137642 -0.0104033 0.0037882 0.99998 0.00509337 -0.00643963 -0.0137837 -0.00504068 0.999892 0.00787044 0.0 0.0 0.0 1.0
stairs/seq-04/color/frame-000230.color.png stairs/seq-04/color/frame-000232.color.png 0.999567 -0.0132437 0.0262679 -0.0205609 0.0130884 0.999896 0.00607794 -0.00457945 -0.0263457 -0.00573153 0.999636 0.0128533 0.0 0.0 0.0 1.0
stairs/seq-04/color/frame-000232.color.png stairs/seq-04/color/frame-000234.color.png 0.999771 -0.00463535 0.0208923 -0.0260228 0.00451744 0.999974 0.00568424 -0.0060204 -0.020918 -0.00558857 0.999765 0.0194828 0.0 0.0 0.0 1.0
stairs/seq-04/color/frame-000234.color.png stairs/seq-04/color/frame-000236.color.png 0.999791 -0.00919785 0.0182675 -0.0158282 0.00910517 0.999945 0.00515178 -0.00700039 -0.0183139 -0.00498438 0.99982 0.00489348 0.0 0.0 0.0 1.0
stairs/seq-04/color/frame-000236.color.png stairs/seq-04/color/frame-000238.color.png 0.99978 -0.0122011 0.0170429 -0.0194979 0.0121475 0.999921 0.00324775 -0.00633195 -0.0170812 -0.00304001 0.99985 0.0105457 0.0 0.0 0.0 1.0
stairs/seq-04/color/frame-000238.color.png stairs/seq-04/color/frame-000240.color.png 0.999549 -0.0151747 0.025897 -0.0316087 0.0150979 0.999881 0.00315932 -0.0027726 -0.0259419 -0.00276688 0.99966 0.0195522 0.0 0.0 0.0 1.0
stairs/seq-04/color/frame-000240.color.png stairs/seq-04/color/frame-000242.color.png 0.999804 -0.00632963 0.0187648 -0.0137442 0.00637415 0.999977 -0.00231459 -0.00310361 -0.0187498 0.00243379 0.999821 0.0089075 0.0 0.0 0.0 1.0
stairs/seq-04/color/frame-000242.color.png stairs/seq-04/color/frame-000244.color.png 0.999578 -0.00216016 0.0289585 -0.0259202 0.00203277 0.999988 0.00442843 -0.013699 -0.0289677 -0.00436772 0.999571 0.012928 0.0 0.0 0.0 1.0
stairs/seq-04/color/frame-000244.color.png stairs/seq-04/color/frame-000246.color.png 0.99953 -0.00941184 0.0291707 -0.02049 0.0095112 0.999949 -0.00326932 -0.00560313 -0.0291383 0.00354519 0.999569 0.0156978 0.0 0.0 0.0 1.0
stairs/seq-04/color/frame-000246.color.png stairs/seq-04/color/frame-000248.color.png 0.999566 -0.0101805 0.0276443 -0.0314843 0.0102825 0.999941 -0.00355025 -0.00847515 -0.0276066 0.00383297 0.999612 0.00937891 0.0 0.0 0.0 1.0
stairs/seq-04/color/frame-000248.color.png stairs/seq-04/color/frame-000250.color.png 0.999789 -0.0172603 0.0111344 -0.00193331 0.0172872 0.999848 -0.00232597 -0.00223365 -0.0110927 0.00251801 0.999935 0.0053522 0.0 0.0 0.0 1.0
stairs/seq-04/color/frame-000250.color.png stairs/seq-04/color/frame-000252.color.png 0.999815 -0.00220393 0.0191055 -0.0115213 0.00212012 0.999988 0.00440615 -0.011892 -0.0191151 -0.00436484 0.999808 0.0161772 0.0 0.0 0.0 1.0
stairs/seq-04/color/frame-000252.color.png stairs/seq-04/color/frame-000254.color.png 0.999671 -0.00459175 0.0252438 -0.0332199 0.00470691 0.999979 -0.00450406 -0.0035916 -0.0252224 0.00462136 0.999671 0.010964 0.0 0.0 0.0 1.0
stairs/seq-04/color/frame-000254.color.png stairs/seq-04/color/frame-000256.color.png 0.999973 -0.000305668 0.00728378 0.00542006 0.000356045 0.999976 -0.00691898 -0.0248134 -0.00728148 0.0069214 0.999949 0.0139679 0.0 0.0 0.0 1.0
stairs/seq-04/color/frame-000256.color.png stairs/seq-04/color/frame-000258.color.png 0.999862 -0.0154285 0.00608447 -0.0156587 0.0155422 0.999697 -0.0191033 0.0332513 -0.0057879 0.0191953 0.999799 0.0190945 0.0 0.0 0.0 1.0
stairs/seq-04/color/frame-000258.color.png stairs/seq-04/color/frame-000260.color.png 0.999929 0.0035398 0.0113495 -0.0248903 -0.00349334 0.999985 -0.00410956 -0.0323181 -0.011364 0.00406963 0.999927 0.00591213 0.0 0.0 0.0 1.0
stairs/seq-04/color/frame-000260.color.png stairs/seq-04/color/frame-000262.color.png 0.999972 -0.00749081 0.000667219 -0.00013651 0.00750102 0.999828 -0.0169457 0.00730968 -0.000540131 0.0169503 0.999856 0.00947273 0.0 0.0 0.0 1.0
stairs/seq-04/color/frame-000262.color.png stairs/seq-04/color/frame-000264.color.png 0.999985 -0.00483897 -0.00256384 -0.00140555 0.00480508 0.999903 -0.0130665 -0.00144705 0.0026268 0.0130539 0.999911 0.00907063 0.0 0.0 0.0 1.0
stairs/seq-04/color/frame-000264.color.png stairs/seq-04/color/frame-000266.color.png 0.999981 -0.00463357 0.00402073 -0.0147703 0.00469727 0.999861 -0.0159833 0.00966063 -0.00394611 0.0160019 0.999864 0.00761682 0.0 0.0 0.0 1.0
stairs/seq-04/color/frame-000266.color.png stairs/seq-04/color/frame-000268.color.png 0.999925 -0.00600618 0.0106777 -0.0243893 0.00618517 0.999839 -0.0168109 0.0128906 -0.010575 0.0168757 0.999802 0.0147219 0.0 0.0 0.0 1.0
stairs/seq-04/color/frame-000268.color.png stairs/seq-04/color/frame-000270.color.png 0.999739 -0.0129426 0.0188048 -0.0153244 0.0130958 0.999882 -0.00804218 -0.00183269 -0.0186985 0.00828636 0.999791 0.0157176 0.0 0.0 0.0 1.0
stairs/seq-04/color/frame-000270.color.png stairs/seq-04/color/frame-000272.color.png 0.999755 -0.00598502 0.0212978 -0.0201137 0.00631479 0.999861 -0.0154501 0.020283 -0.0212024 0.0155808 0.999654 0.0158395 0.0 0.0 0.0 1.0
stairs/seq-04/color/frame-000272.color.png stairs/seq-04/color/frame-000274.color.png 0.999619 -0.0127162 0.0244894 -0.0209269 0.0126548 0.999916 0.00265933 -0.0103727 -0.0245211 -0.00234841 0.999697 0.0132678 0.0 0.0 0.0 1.0
stairs/seq-04/color/frame-000274.color.png stairs/seq-04/color/frame-000276.color.png 0.999256 -0.0113435 0.0368516 -0.0363302 0.0110988 0.999915 0.00683696 -0.0153365 -0.036926 -0.00642286 0.999297 0.0141969 0.0 0.0 0.0 1.0
stairs/seq-04/color/frame-000276.color.png stairs/seq-04/color/frame-000278.color.png 0.99945 -0.0051854 0.0327565 -0.053993 0.00522029 0.999986 -0.000979561 -0.00890252 -0.032751 0.00115002 0.999463 0.00694007 0.0 0.0 0.0 1.0
stairs/seq-04/color/frame-000278.color.png stairs/seq-04/color/frame-000280.color.png 0.999773 -0.00549401 0.0205899 -0.0188722 0.00557201 0.999978 -0.00373286 -0.00407156 -0.0205689 0.00384674 0.999781 0.0219344 0.0 0.0 0.0 1.0
stairs/seq-04/color/frame-000280.color.png stairs/seq-04/color/frame-000282.color.png 0.999781 -0.00252818 0.0207599 -0.0368268 0.00262502 0.999986 -0.00463844 0.00527477 -0.0207479 0.00469192 0.999774 0.00262558 0.0 0.0 0.0 1.0
stairs/seq-04/color/frame-000282.color.png stairs/seq-04/color/frame-000284.color.png 0.999928 -0.00112224 0.011909 -0.020995 0.00113568 0.999999 -0.00112175 -0.00332436 -0.0119077 0.0011352 0.999929 0.0135823 0.0 0.0 0.0 1.0
stairs/seq-04/color/frame-000284.color.png stairs/seq-04/color/frame-000286.color.png 0.99988 0.000543599 0.0155005 -0.012055 -0.00042471 0.999971 -0.0076723 0.0043456 -0.0155043 0.00766479 0.99985 0.0183048 0.0 0.0 0.0 1.0
stairs/seq-04/color/frame-000286.color.png stairs/seq-04/color/frame-000288.color.png 0.999847 -0.000457342 0.0174584 -0.0246829 0.000516847 0.999994 -0.00340384 -0.00129217 -0.0174567 0.00341234 0.999842 0.00538629 0.0 0.0 0.0 1.0
stairs/seq-04/color/frame-000288.color.png stairs/seq-04/color/frame-000290.color.png 0.999689 -0.000109316 0.0249304 -0.0403003 0.000189367 0.999995 -0.00320857 -0.000930488 -0.0249299 0.00321229 0.999684 0.00870335 0.0 0.0 0.0 1.0
stairs/seq-04/color/frame-000290.color.png stairs/seq-04/color/frame-000292.color.png 0.999978 0.000116545 0.00659034 -0.0078214 -0.000124132 0.999999 0.00115158 -0.0051696 -0.00659023 -0.00115238 0.999978 0.00783718 0.0 0.0 0.0 1.0
stairs/seq-04/color/frame-000292.color.png stairs/seq-04/color/frame-000294.color.png 0.999915 0.00257242 0.0127689 -0.0332441 -0.00258085 0.999996 0.000643725 -0.00696135 -0.0127671 -0.000676624 0.999918 0.00502735 0.0 0.0 0.0 1.0
stairs/seq-04/color/frame-000294.color.png stairs/seq-04/color/frame-000296.color.png 0.999994 0.00154511 -0.0030678 0.00138272 -0.00155439 0.999994 -0.00302476 0.00495073 0.00306311 0.00302951 0.999991 0.00367892 0.0 0.0 0.0 1.0
stairs/seq-04/color/frame-000296.color.png stairs/seq-04/color/frame-000298.color.png 0.999924 0.00137489 -0.0122321 0.00951007 -0.0013334 0.999993 0.00339948 -0.00859293 0.0122367 -0.00338291 0.999919 0.00813282 0.0 0.0 0.0 1.0
stairs/seq-04/color/frame-000298.color.png stairs/seq-04/color/frame-000300.color.png 0.999957 0.000478718 -0.00921016 0.00800288 -0.000476162 1.0 0.000279867 -0.00513196 0.0092103 -0.00027547 0.999958 0.00609791 0.0 0.0 0.0 1.0
stairs/seq-04/color/frame-000300.color.png stairs/seq-04/color/frame-000302.color.png 0.999865 -0.000719138 -0.0164351 0.00894352 0.00065033 0.999991 -0.0041916 -0.00550514 0.016438 0.00418035 0.999856 0.00437278 0.0 0.0 0.0 1.0
stairs/seq-04/color/frame-000302.color.png stairs/seq-04/color/frame-000304.color.png 0.999857 -0.00033031 -0.0168915 0.00678807 0.000218395 0.999978 -0.00662712 0.00578764 0.0168933 0.00662248 0.999835 0.00277716 0.0 0.0 0.0 1.0
stairs/seq-04/color/frame-000304.color.png stairs/seq-04/color/frame-000306.color.png 0.999825 0.000516161 -0.0186899 0.0191223 -0.000416156 0.999986 0.00535423 -0.00222978 0.0186924 -0.00534552 0.999811 0.00436789 0.0 0.0 0.0 1.0
stairs/seq-04/color/frame-000306.color.png stairs/seq-04/color/frame-000308.color.png 0.999992 0.000537507 -0.003943 0.00475094 -0.000569163 0.999968 -0.00803202 0.00049907 0.00393854 0.00803421 0.99996 0.00778675 0.0 0.0 0.0 1.0
stairs/seq-04/color/frame-000308.color.png stairs/seq-04/color/frame-000310.color.png 0.99996 0.0010749 -0.0088776 0.00951585 -0.00110923 0.999992 -0.00386257 -0.00380772 0.0088734 0.00387226 0.999953 0.0025636 0.0 0.0 0.0 1.0
stairs/seq-04/color/frame-000310.color.png stairs/seq-04/color/frame-000312.color.png 0.999906 -0.000373205 -0.0136807 0.0020699 0.000314729 0.999991 -0.00427616 -0.000435889 0.0136822 0.00427145 0.999897 0.00468802 0.0 0.0 0.0 1.0
stairs/seq-04/color/frame-000312.color.png stairs/seq-04/color/frame-000314.color.png 0.999954 0.000862702 -0.00952886 0.00590298 -0.000900638 0.999992 -0.0039779 0.000734091 0.00952529 0.0039863 0.999947 0.0106518 0.0 0.0 0.0 1.0
stairs/seq-04/color/frame-000314.color.png stairs/seq-04/color/frame-000316.color.png 0.999863 0.0108959 -0.0124576 0.0429763 -0.0109228 0.999938 -0.002087 0.00305995 0.0124341 0.00222279 0.99992 0.0157933 0.0 0.0 0.0 1.0
stairs/seq-04/color/frame-000316.color.png stairs/seq-04/color/frame-000318.color.png 0.999989 -0.00065215 0.00454839 0.00196057 0.000661477 0.999998 -0.00204927 -0.00423694 -0.00454709 0.00205226 0.999988 0.00752383 0.0 0.0 0.0 1.0
stairs/seq-04/color/frame-000318.color.png stairs/seq-04/color/frame-000320.color.png 0.999922 -0.00210869 -0.01227 0.0394875 0.00201047 0.999966 -0.00801199 -0.0109923 0.0122864 0.0079867 0.999893 0.0158769 0.0 0.0 0.0 1.0
stairs/seq-04/color/frame-000320.color.png stairs/seq-04/color/frame-000322.color.png 0.999992 0.00253489 0.00316971 0.0145796 -0.00247864 0.999842 -0.0176291 0.0191447 -0.00321384 0.0176211 0.99984 0.0257368 0.0 0.0 0.0 1.0
stairs/seq-04/color/frame-000322.color.png stairs/seq-04/color/frame-000324.color.png 0.999996 0.00291678 0.000389397 0.00304274 -0.00291348 0.999962 -0.0082216 0.00902683 -0.000413368 0.00822042 0.999966 0.0148029 0.0 0.0 0.0 1.0
stairs/seq-04/color/frame-000324.color.png stairs/seq-04/color/frame-000326.color.png 0.9999 0.00164711 -0.0140417 0.0602128 -0.00142052 0.999869 0.0161315 -0.0421582 0.0140665 -0.01611 0.999771 0.0109053 0.0 0.0 0.0 1.0
stairs/seq-04/color/frame-000326.color.png stairs/seq-04/color/frame-000328.color.png 0.999963 0.000616205 0.00859245 0.0348292 -0.000584421 0.999993 -0.00370106 0.00330317 -0.00859469 0.0036959 0.999956 0.0270405 0.0 0.0 0.0 1.0
stairs/seq-04/color/frame-000328.color.png stairs/seq-04/color/frame-000330.color.png 0.999979 -0.00239394 0.00610132 0.000962585 0.0024299 0.99998 -0.00589353 -0.0012922 -0.00608712 0.00590823 0.999964 0.00941849 0.0 0.0 0.0 1.0
stairs/seq-04/color/frame-000330.color.png stairs/seq-04/color/frame-000332.color.png 0.999955 0.00943571 0.000972064 0.0160201 -0.00944122 0.999938 0.00581797 -0.00630441 -0.000917113 -0.00582688 0.999983 0.0111439 0.0 0.0 0.0 1.0
stairs/seq-04/color/frame-000332.color.png stairs/seq-04/color/frame-000334.color.png 0.999961 0.00170375 0.00870757 -0.00315061 -0.00168789 0.999997 -0.00182892 -0.00199133 -0.00871067 0.00181414 0.999961 0.00872344 0.0 0.0 0.0 1.0
stairs/seq-04/color/frame-000334.color.png stairs/seq-04/color/frame-000336.color.png 0.999998 4.79863e-05 -0.0021056 0.000695527 -6.79302e-05 0.999955 -0.00947318 0.00658542 0.00210505 0.00947332 0.999953 0.00608855 0.0 0.0 0.0 1.0
stairs/seq-04/color/frame-000336.color.png stairs/seq-04/color/frame-000338.color.png 0.999995 0.00137189 -0.00294359 0.00766724 -0.00138878 0.999982 -0.00574124 -0.00163233 0.00293568 0.00574529 0.999979 0.00901771 0.0 0.0 0.0 1.0
stairs/seq-04/color/frame-000338.color.png stairs/seq-04/color/frame-000340.color.png 0.999907 -4.57127e-05 -0.0136137 0.0163497 7.45492e-06 0.999996 -0.00281042 -0.000258207 0.0136139 0.00281007 0.999903 0.00376719 0.0 0.0 0.0 1.0
stairs/seq-04/color/frame-000340.color.png stairs/seq-04/color/frame-000342.color.png 0.999858 -0.00156786 -0.0167516 0.0362549 0.00137798 0.999935 -0.0113409 0.0155352 0.0167683 0.0113162 0.999795 0.0127633 0.0 0.0 0.0 1.0
stairs/seq-04/color/frame-000342.color.png stairs/seq-04/color/frame-000344.color.png 0.99993 0.00611962 -0.0101298 0.0145555 -0.00616056 0.999973 -0.004015 0.00346607 0.0101049 0.00407713 0.999941 0.0108451 0.0 0.0 0.0 1.0
stairs/seq-04/color/frame-000344.color.png stairs/seq-04/color/frame-000346.color.png 0.999976 0.0065108 -0.00249476 -0.000100136 -0.00652934 0.999951 -0.00749541 0.00491989 0.00244586 0.0075115 0.999969 0.00563079 0.0 0.0 0.0 1.0
stairs/seq-04/color/frame-000346.color.png stairs/seq-04/color/frame-000348.color.png 0.999985 0.00236973 -0.00486624 0.00154078 -0.00237465 0.999997 -0.00100565 -0.000221431 0.0048638 0.00101719 0.999988 0.00432128 0.0 0.0 0.0 1.0
stairs/seq-04/color/frame-000348.color.png stairs/seq-04/color/frame-000350.color.png 0.999988 0.000882695 -0.00475979 0.0046508 -0.000861459 0.99999 0.00446187 -0.00914669 0.00476369 -0.00445771 0.999979 0.00870049 0.0 0.0 0.0 1.0
