stairs/seq-04/color/frame-000002.color.png stairs/seq-04/color/frame-000005.color.png 0.999922 -0.00672595 0.0105682 -0.021597 0.00678858 0.99996 -0.00590129 -0.0118371 -0.0105281 0.00597257 0.999927 0.0294181 0.0 0.0 0.0 1.0
stairs/seq-04/color/frame-000005.color.png stairs/seq-04/color/frame-000008.color.png 0.999924 -0.00153607 0.0121938 -0.0168455 0.00150461 0.999995 0.00258863 -0.00966552 -0.0121977 -0.00257008 0.999922 0.0214217 0.0 0.0 0.0 1.0
stairs/seq-04/color/frame-000008.color.png stairs/seq-04/color/frame-000011.color.png 0.999948 -0.00566903 0.00847214 -0.0181226 0.00564539 0.99998 0.00281177 -0.0109549 -0.00848791 -0.0027638 0.99996 0.0346567 0.0 0.0 0.0 1.0
stairs/seq-04/color/frame-000011.color.png stairs/seq-04/color/frame-000014.color.png 0.999992 -0.0038934 0.00115804 -0.0160927 0.00389609 0.99999 -0.00233542 -0.00738386 -0.00114894 0.00233991 0.999997 0.0238547 0.0 0.0 0.0 1.0
stairs/seq-04/color/frame-000014.color.png stairs/seq-04/color/frame-000017.color.png 0.999946 -0.00465443 0.00927341 -0.014912 0.00473843 0.999948 -0.00905593 -0.0108799 -0.00923077 0.00909938 0.999916 0.0241599 0.0 0.0 0.0 1.0
stairs/seq-04/color/frame-000017.color.png stairs/seq-04/color/frame-000020.color.png 0.999904 -0.0044729 0.0130997 -0.0161267 0.0044564 0.999989 0.00128875 -0.0123419 -0.0131054 -0.00123025 0.999913 0.0171857 0.0 0.0 0.0 1.0
stairs/seq-04/color/frame-000020.color.png stairs/seq-04/color/frame-000023.color.png 0.999973 -0.00665535 0.00317786 -0.008495 0.00664294 0.99997 0.003901 -0.0101475 -0.00320373 -0.00387979 0.999987 0.0237417 0.0 0.0 0.0 1.0
stairs/seq-04/color/frame-000023.color.png stairs/seq-04/color/frame-000026.color.png 0.999993 -0.00181239 -0.0033822 -0.0053473 0.0018415 0.999961 0.00862439 -0.0107146 0.00336644 -0.00863055 0.999957 0.0195178 0.0 0.0 0.0 1.0
stairs/seq-04/color/frame-000026.color.png stairs/seq-04/color/frame-000029.color.png 0.999965 -0.00156039 0.00818563 0.00425034 0.0015291 0.999991 0.00382928 -0.0149015 -0.00819155 -0.00381663 0.999959 0.0210293 0.0 0.0 0.0 1.0
stairs/seq-04/color/frame-000029.color.png stairs/seq-04/color/frame-000032.color.png 0.999987 -0.00147798 0.00484595 0.00327553 0.00143159 0.999953 0.00956166 -0.0203933 -0.00485986 -0.0095546 0.999942 0.0294113 0.0 0.0 0.0 1.0
stairs/seq-04/color/frame-000032.color.png stairs/seq-04/color/frame-000035.color.png 0.999977 -0.00291841 0.00618452 5.09247e-05 0.0028683 0.999963 0.00809636 -0.0206149 -0.00620792 -0.00807843 0.999948 0.0198873 0.0 0.0 0.0 1.0
stairs/seq-04/color/frame-000035.color.png stairs/seq-04/color/frame-000038.color.png 1.0 0.000949457 -8.78677e-05 0.0164172 -0.000949155 0.999994 0.00328589 -0.0186261 9.0981e-05 -0.0032858 0.999995 0.0261044 0.0 0.0 0.0 1.0
stairs/seq-04/color/frame-000038.color.png stairs/seq-04/color/frame-000041.color.png 0.999931 0.00240809 0.0115335 0.0171436 -0.00243909 0.999993 0.00267404 -0.0194479 -0.011527 -0.00270198 0.99993 0.0252094 0.0 0.0 0.0 1.0
stairs/seq-04/color/frame-000041.color.png stairs/seq-04/color/frame-000044.color.png 0.999944 0.00314133 -0.0100565 0.0321742 -0.00313413 0.999995 0.000730989 -0.0222913 0.0100587 -0.000699424 0.999949 0.0283027 0.0 0.0 0.0 1.0
stairs/seq-04/color/frame-000044.color.png stairs/seq-04/color/frame-000047.color.png 0.999959 0.00660512 0.00620486 0.00561929 -0.00661586 0.999977 0.00171133 -0.00706165 -0.00619343 -0.00175231 0.999979 0.0134336 0.0 0.0 0.0 1.0
stairs/seq-04/color/frame-000047.color.png stairs/seq-04/color/frame-000050.color.png 0.999937 0.0018843 0.011059 -0.00488396 -0.00192262 0.999992 0.00345539 -0.016027 -0.0110524 -0.00347643 0.999933 0.0151848 0.0 0.0 0.0 1.0
stairs/seq-04/color/frame-000050.color.png stairs/seq-04/color/frame-000053.color.png 0.999999 0.000588827 -0.00117637 0.0123983 -0.000583501 0.99999 0.00452222 -0.0159639 0.00117902 -0.00452155 0.999989 0.0307152 0.0 0.0 0.0 1.0
stairs/seq-04/color/frame-000053.color.png stairs/seq-04/color/frame-000056.color.png 0.999977 -0.00195276 -0.00649763 0.00970727 0.00199539 0.999976 0.00656019 -0.00976798 0.00648468 -0.006573 0.999957 0.021129 0.0 0.0 0.0 1.0
stairs/seq-04/color/frame-000056.color.png stairs/seq-04/color/frame-000059.color.png 0.999994 0.00277264 -0.00196201 0.00629287 -0.00276671 0.999992 0.00302016 -0.00984609 0.00197035 -0.00301472 0.999994 0.0224774 0.0 0.0 0.0 1.0
stairs/seq-04/color/frame-000059.color.png stairs/seq-04/color/frame-000062.color.png 0.999973 -0.00117083 0.00720322 -0.000124949 0.00117253 0.999999 -0.000231044 -0.0100675 -0.00720295 0.000239489 0.999974 0.018497 0.0 0.0 0.0 1.0
stairs/seq-04/color/frame-000062.color.png stairs/seq-04/color/frame-000065.color.png 0.999964 -0.00817826 0.00243413 -0.00309053 0.00819131 0.999952 -0.00539972 -0.0124428 -0.00238986 0.00541946 0.999982 0.0237861 0.0 0.0 0.0 1.0
stairs/seq-04/color/frame-000065.color.png stairs/seq-04/color/frame-000068.color.png 0.999987 -0.00485895 -0.00139205 0.00716181 0.00485102 0.999972 -0.00563686 -0.00992194 0.00141943 0.00563004 0.999983 0.0215846 0.0 0.0 0.0 1.0
stairs/seq-04/color/frame-000068.color.png stairs/seq-04/color/frame-000071.color.png 0.999922 -0.00876701 0.00893543 -0.0136761 0.00880567 0.999952 -0.00429675 -0.011478 -0.00889732 0.00437509 0.999951 0.0136689 0.0 0.0 0.0 1.0
stairs/seq-04/color/frame-000071.color.png stairs/seq-04/color/frame-000074.color.png 0.999985 -0.00322528 0.00439615 -0.00405101 0.0032416 0.999988 -0.00371283 -0.00556341 -0.00438413 0.00372702 0.999983 0.0119261 0.0 0.0 0.0 1.0
stairs/seq-04/color/frame-000074.color.png stairs/seq-04/color/frame-000077.color.png 0.999989 -0.000867258 0.0045831 -0.000668905 0.000872587 0.999999 -0.00116298 -0.00786257 -0.00458212 0.00116696 0.999989 0.0140855 0.0 0.0 0.0 1.0
stairs/seq-04/color/frame-000077.color.png stairs/seq-04/color/frame-000080.color.png 0.999963 -0.00803025 -0.00321555 -0.0126671 0.00801952 0.999962 -0.00333833 -0.00800005 0.00324227 0.00331242 0.999989 0.000962019 0.0 0.0 0.0 1.0
stairs/seq-04/color/frame-000080.color.png stairs/seq-04/color/frame-000083.color.png 0.999905 0.00304087 -0.0134605 0.00930415 -0.00313276 0.999972 -0.00681025 0.000894934 0.0134394 0.00685177 0.999886 0.00794429 0.0 0.0 0.0 1.0
stairs/seq-04/color/frame-000083.color.png stairs/seq-04/color/frame-000086.color.png 0.999905 0.00374305 -0.0132615 0.0117152 -0.00392896 0.999894 -0.0140207 0.002666 0.0132076 0.0140715 0.999814 0.00501388 0.0 0.0 0.0 1.0
stairs/seq-04/color/frame-000086.color.png stairs/seq-04/color/frame-000089.color.png 0.999689 -0.00175462 -0.0248903 0.027163 0.00124432 0.999789 -0.0205027 0.0126101 0.024921 0.0204653 0.99948 0.0116245 0.0 0.0 0.0 1.0
stairs/seq-04/color/frame-000089.color.png stairs/seq-04/color/frame-000092.color.png 0.999829 0.00152147 -0.0184164 0.0214778 -0.00166766 0.999967 -0.00792586 0.00271297 0.0184037 0.00795522 0.999799 0.00155747 0.0 0.0 0.0 1.0
stairs/seq-04/color/frame-000092.color.png stairs/seq-04/color/frame-000095.color.png 0.999572 0.00196014 -0.0291752 0.0303691 -0.00245546 0.999853 -0.0169507 0.00927037 0.0291377 0.0170151 0.999431 -0.00109088 0.0 0.0 0.0 1.0
stairs/seq-04/color/frame-000095.color.png stairs/seq-04/color/frame-000098.color.png 0.99967 0.0116968 -0.0228887 0.0326807 -0.0120994 0.999773 -0.0175302 0.0181345 0.0226785 0.0178013 0.999584 -0.00386554 0.0 0.0 0.0 1.0
stairs/seq-04/color/frame-000098.color.png stairs/seq-04/color/frame-000101.color.png 0.999936 0.0053537 -0.0100219 0.0366767 -0.00545335 0.999936 -0.00994251 0.0147881 0.00996805 0.00999653 0.9999 0.00179744 0.0 0.0 0.0 1.0
stairs/seq-04/color/frame-000101.color.png stairs/seq-04/color/frame-000104.color.png 0.999681 0.0196384 -0.0158624 0.0436126 -0.0196546 0.999806 -0.000871415 0.00574765 0.0158422 0.0011829 0.999874 -0.00757909 0.0 0.0 0.0 1.0
stairs/seq-04/color/frame-000104.color.png stairs/seq-04/color/frame-000107.color.png 0.999684 0.0118041 -0.0221916 0.0508331 -0.0119347 0.999912 -0.00576165 0.00176251 0.0221216 0.00602468 0.999737 0.00914729 0.0 0.0 0.0 1.0
stairs/seq-04/color/frame-000107.color.png stairs/seq-04/color/frame-000110.color.png 0.99973 0.0080249 -0.0217879 0.0299505 -0.00813393 0.999955 -0.0049198 0.0040794 0.0217474 0.00509571 0.99975 -0.00709999 0.0 0.0 0.0 1.0
stairs/seq-04/color/frame-000110.color.png stairs/seq-04/color/frame-000113.color.png 0.999582 0.0115017 -0.0265211 0.0479079 -0.0117229 0.999898 -0.00820132 0.0131656 0.0264241 0.00850878 0.999615 0.00339562 0.0 0.0 0.0 1.0
stairs/seq-04/color/frame-000113.color.png stairs/seq-04/color/frame-000116.color.png 0.999483 0.00844765 -0.0310299 0.044978 -0.0084946 0.999963 -0.00138146 0.00612345 0.031017 0.00164433 0.999518 -0.00543934 0.0 0.0 0.0 1.0
stairs/seq-04/color/frame-000116.color.png stairs/seq-04/color/frame-000119.color.png 0.99953 0.0065943 -0.0299309 0.0328074 -0.00673464 0.999967 -0.00459033 0.00689492 0.0298997 0.00478973 0.999541 -0.00906146 0.0 0.0 0.0 1.0
stairs/seq-04/color/frame-000119.color.png stairs/seq-04/color/frame-000122.color.png 0.998893 0.0129631 -0.045216 0.0672956 -0.013242 0.999895 -0.00587587 0.00358534 0.045135 0.00646812 0.99896 -0.000883162 0.0 0.0 0.0 1.0
stairs/seq-04/color/frame-000122.color.png stairs/seq-04/color/frame-000125.color.png 0.998379 0.0221064 -0.0524463 0.0463409 -0.0227041 0.999684 -0.0108288 0.0176888 0.0521903 0.012002 0.998565 -0.0242402 0.0 0.0 0.0 1.0
stairs/seq-04/color/frame-000125.color.png stairs/seq-04/color/frame-000128.color.png 0.999398 0.0177478 -0.0297984 0.0166512 -0.0180174 0.999799 -0.00880363 0.0112856 0.0296362 0.00933523 0.999517 -0.0118058 0.0 0.0 0.0 1.0
stairs/seq-04/color/frame-000128.color.png stairs/seq-04/color/frame-000131.color.png 0.999316 0.0116898 -0.035088 0.0400039 -0.0123216 0.999765 -0.0178447 0.0273776 0.0348712 0.0182648 0.999225 -0.00797975 0.0 0.0 0.0 1.0
stairs/seq-04/color/frame-000131.color.png stairs/seq-04/color/frame-000134.color.png 0.999487 0.0200239 -0.0249937 0.0199291 -0.0201822 0.999778 -0.00609871 0.000572145 0.0248659 0.0066 0.999669 -0.0145174 0.0 0.0 0.0 1.0
stairs/seq-04/color/frame-000134.color.png stairs/seq-04/color/frame-000137.color.png 0.998813 0.0192354 -0.0447393 0.0502474 -0.0196369 0.99977 -0.00855174 0.0139219 0.0445647 0.00942013 0.998962 -0.010865 0.0 0.0 0.0 1.0
stairs/seq-04/color/frame-000137.color.png stairs/seq-04/color/frame-000140.color.png 0.999816 0.0113975 -0.0154348 0.0103689 -0.0115401 0.999891 -0.00917919 0.0129413 0.0153284 0.00935563 0.999839 -0.00885612 0.0 0.0 0.0 1.0
stairs/seq-04/color/frame-000140.color.png stairs/seq-04/color/frame-000143.color.png 0.999502 0.0119614 -0.0292028 0.0227917 -0.012262 0.999873 -0.010136 0.00775564 0.0290779 0.010489 0.999522 -0.0177213 0.0 0.0 0.0 1.0
stairs/seq-04/color/frame-000143.color.png stairs/seq-04/color/frame-000146.color.png 0.999631 0.0145483 -0.0229433 0.0223901 -0.0147848 0.999839 -0.0101693 0.0126204 0.0227917 0.0105048 0.999685 -0.0379213 0.0 0.0 0.0 1.0
stairs/seq-04/color/frame-000146.color.png stairs/seq-04/color/frame-000149.color.png 0.999483 0.00584025 -0.0316249 0.0215393 -0.0061 0.999948 -0.0081232 0.0180747 0.0315758 0.00831189 0.999467 -0.00436011 0.0 0.0 0.0 1.0
stairs/seq-04/color/frame-000149.color.png stairs/seq-04/color/frame-000152.color.png 0.99902 0.0185336 -0.0401889 0.0306091 -0.0187273 0.999815 -0.00445086 0.0028109 0.0400989 0.00519912 0.999182 -0.00712624 0.0 0.0 0.0 1.0
stairs/seq-04/color/frame-000152.color.png stairs/seq-04/color/frame-000155.color.png 0.999229 0.0145243 -0.0364825 0.0275359 -0.0144943 0.999894 0.00108724 0.0107477 0.0364945 -0.000557545 0.999334 -0.0206916 0.0 0.0 0.0 1.0
stairs/seq-04/color/frame-000155.color.png stairs/seq-04/color/frame-000158.color.png 0.99947 0.017477 -0.0274799 0.0161009 -0.0174476 0.999847 0.00130969 0.000688553 0.0274985 -0.000829582 0.999622 0.00211582 0.0 0.0 0.0 1.0
stairs/seq-04/color/frame-000158.color.png stairs/seq-04/color/frame-000161.color.png 0.999769 0.00497666 -0.0209159 0.00610155 -0.00502745 0.999985 -0.00237861 0.000193834 0.0209038 0.00248321 0.999778 -0.00265762 0.0 0.0 0.0 1.0
stairs/seq-04/color/frame-000161.color.png stairs/seq-04/color/frame-000164.color.png 0.99944 0.014995 -0.0299204 0.0290349 -0.0153071 0.99983 -0.0102312 0.00915349 0.0297618 0.0106834 0.9995 -0.0151471 0.0 0.0 0.0 1.0
stairs/seq-04/color/frame-000164.color.png stairs/seq-04/color/frame-000167.color.png 0.999702 0.00936642 -0.0225617 0.00973815 -0.00949115 0.99994 -0.00542777 0.011772 0.0225095 0.00564032 0.999731 -0.00684613 0.0 0.0 0.0 1.0
stairs/seq-04/color/frame-000167.color.png stairs/seq-04/color/frame-000170.color.png 0.999599 0.0142121 -0.0245136 0.0144793 -0.0142522 0.999897 -0.00145817 0.00498608 0.0244903 0.00180696 0.999698 -0.0126314 0.0 0.0 0.0 1.0
stairs/seq-04/color/frame-000170.color.png stairs/seq-04/color/frame-000173.color.png 0.999634 0.0190762 -0.0191551 0.0203112 -0.018902 0.999779 0.00923223 0.00562316 0.0193271 -0.00886687 0.999774 -0.0151971 0.0 0.0 0.0 1.0
stairs/seq-04/color/frame-000173.color.png stairs/seq-04/color/frame-000176.color.png 0.999699 0.0228993 -0.00887069 0.0149418 -0.0227192 0.999544 0.0199009 -0.00503862 0.00932243 -0.0196932 0.999763 -0.0145514 0.0 0.0 0.0 1.0
stairs/seq-04/color/frame-000176.color.png stairs/seq-04/color/frame-000179.color.png 0.999825 0.0116918 -0.0146096 0.00350615 -0.0113054 0.999591 0.0262568 -0.00454828 0.0149107 -0.0260871 0.999548 -0.00734243 0.0 0.0 0.0 1.0
stairs/seq-04/color/frame-000179.color.png stairs/seq-04/color/frame-000182.color.png 0.999325 0.0163302 -0.0328993 0.0141021 -0.0155068 0.999564 0.0251294 -0.00924429 0.0332954 -0.0246022 0.999143 -0.00466758 0.0 0.0 0.0 1.0
stairs/seq-04/color/frame-000182.color.png stairs/seq-04/color/frame-000185.color.png 0.999838 0.0119237 -0.0134506 0.00646096 -0.0118651 0.99992 0.00442326 -0.00146374 0.0135022 -0.00426291 0.9999 -0.00106186 0.0 0.0 0.0 1.0
stairs/seq-04/color/frame-000185.color.png stairs/seq-04/color/frame-000188.color.png 0.999853 0.00383556 -0.0167005 0.0129663 -0.00373856 0.999976 0.005837 0.00189045 0.0167225 -0.0057737 0.999844 -0.00641325 0.0 0.0 0.0 1.0
stairs/seq-04/color/frame-000188.color.png stairs/seq-04/color/frame-000191.color.png 0.99948 0.0129373 -0.0295492 0.0242752 -0.0126958 0.999885 0.008343 -0.000560969 0.0296537 -0.00796353 0.999529 -0.0112415 0.0 0.0 0.0 1.0
stairs/seq-04/color/frame-000191.color.png stairs/seq-04/color/frame-000194.color.png 0.999647 0.0260015 -0.00539044 0.00689721 -0.0258729 0.999408 0.0226899 -0.00191453 0.00597725 -0.0225424 0.999728 -0.00634697 0.0 0.0 0.0 1.0
stairs/seq-04/color/frame-000194.color.png stairs/seq-04/color/frame-000197.color.png 0.999753 0.00919304 0.0202481 -0.0164703 -0.00958482 0.999767 0.0193419 -0.0050697 -0.0200655 -0.0195311 0.999608 0.00763339 0.0 0.0 0.0 1.0
stairs/seq-04/color/frame-000197.color.png stairs/seq-04/color/frame-000200.color.png 0.999428 0.00870963 0.032676 -0.0120393 -0.0096908 0.999503 0.0299867 -0.0122599 -0.0323987 -0.0302863 0.999016 0.00351855 0.0 0.0 0.0 1.0
stairs/seq-04/color/frame-000200.color.png stairs/seq-04/color/frame-000203.color.png 0.999599 0.0097454 0.0266014 -0.0134696 -0.0104438 0.999601 0.0262462 -0.0145139 -0.026335 -0.0265135 0.999302 0.0073545 0.0 0.0 0.0 1.0
stairs/seq-04/color/frame-000203.color.png stairs/seq-04/color/frame-000206.color.png 0.999805 0.00236337 0.0196017 -0.00997174 -0.00273092 0.999821 0.0187456 -0.00999686 -0.0195539 -0.0187954 0.999632 0.00283822 0.0 0.0 0.0 1.0
stairs/seq-04/color/frame-000206.color.png stairs/seq-04/color/frame-000209.color.png 0.999722 -0.000248116 0.0235606 -0.00730553 -4.01453e-05 0.999925 0.0122334 -0.00512925 -0.0235619 -0.0122309 0.999648 0.00429347 0.0 0.0 0.0 1.0
stairs/seq-04/color/frame-000209.color.png stairs/seq-04/color/frame-000212.color.png 0.999427 -0.0058159 0.033345 -0.0209931 0.00483795 0.999558 0.029332 -0.0137712 -0.033501 -0.0291539 0.999013 0.00593317 0.0 0.0 0.0 1.0
stairs/seq-04/color/frame-000212.color.png stairs/seq-04/color/frame-000215.color.png 0.999669 -0.00347715 0.0254736 -0.0194149 0.00284369 0.999687 0.0248624 -0.0194044 -0.0255519 -0.0247817 0.999366 0.00154746 0.0 0.0 0.0 1.0
stairs/seq-04/color/frame-000215.color.png stairs/seq-04/color/frame-000218.color.png 0.999864 -0.0032448 0.0161397 -0.00863555 0.00306609 0.999934 0.0110908 -0.00842074 -0.0161747 -0.0110398 0.999808 0.00883022 0.0 0.0 0.0 1.0
stairs/seq-04/color/frame-000218.color.png stairs/seq-04/color/frame-000221.color.png 0.999662 -0.00964053 0.0241338 -0.0208938 0.00946731 0.999929 0.00727851 3.41237e-05 -0.0242022 -0.00704754 0.999682 0.0142144 0.0 0.0 0.0 1.0
stairs/seq-04/color/frame-000221.color.png stairs/seq-04/color/frame-000224.color.png 0.99978 -0.00495897 0.0203816 -0.0105734 0.00490071 0.999984 0.00290854 -0.0013155 -0.0203957 -0.00280803 0.999788 0.00793952 0.0 0.0 0.0 1.0
stairs/seq-04/color/frame-000224.color.png stairs/seq-04/color/frame-000227.color.png 0.999408 -0.0183781 0.0290923 -0.0247295 0.0181695 0.999807 0.00741667 -0.0179688 -0.0292231 -0.00688368 0.999549 0.0109128 0.0 0.0 0.0 1.0
stairs/seq-04/color/frame-000227.color.png stairs/seq-04/color/frame-000230.color.png 0.999742 -0.0111906 0.0197856 -0.0121841 0.0110593 0.999916 0.00673391 -0.00959051 -0.0198592 -0.00651337 0.999782 0.00660533 0.0 0.0 0.0 1.0
stairs/seq-04/color/frame-000230.color.png stairs/seq-04/color/frame-000233.color.png 0.999396 -0.00946127 0.0334441 -0.0191552 0.00900055 0.999863 0.0139001 -0.017627 -0.0335711 -0.0135907 0.999344 0.018768 0.0 0.0 0.0 1.0
stairs/seq-04/color/frame-000233.color.png stairs/seq-04/color/frame-000236.color.png 0.999448 -0.014575 0.0298689 -0.0263588 0.0144525 0.999886 0.00431004 -0.00523576 -0.0299285 -0.00387594 0.999545 0.0134039 0.0 0.0 0.0 1.0
stairs/seq-04/color/frame-000236.color.png stairs/seq-04/color/frame-000239.color.png 0.999329 -0.0160668 0.0329274 -0.0321115 0.0157819 0.999836 0.00889634 -0.0172637 -0.0330649 -0.00837072 0.999418 0.0178086 0.0 0.0 0.0 1.0
stairs/seq-04/color/frame-000239.color.png stairs/seq-04/color/frame-000242.color.png 0.999548 -0.0132154 0.0269924 -0.0208615 0.0133399 0.999901 -0.00443752 0.00310978 -0.0269311 0.00479559 0.999626 0.0220151 0.0 0.0 0.0 1.0
stairs/seq-04/color/frame-000242.color.png stairs/seq-04/color/frame-000245.color.png 0.999037 -0.0104479 0.0426127 -0.0346036 0.0107156 0.999924 -0.00605858 0.0086582 -0.0425461 0.00650936 0.999073 0.0241743 0.0 0.0 0.0 1.0
stairs/seq-04/color/frame-000245.color.png stairs/seq-04/color/frame-000248.color.png 0.998958 -0.0147916 0.0431735 -0.0416334 0.0149774 0.99988 -0.0039839 -0.0145665 -0.0431093 0.00462639 0.99906 0.0186402 0.0 0.0 0.0 1.0
stairs/seq-04/color/frame-000248.color.png stairs/seq-04/color/frame-000251.color.png 0.99959 -0.0163264 0.0235027 -0.0169936 0.0163637 0.999865 -0.00139519 -0.00147074 -0.0234767 0.0017792 0.999723 0.012472 0.0 0.0 0.0 1.0
stairs/seq-04/color/frame-000251.color.png stairs/seq-04/color/frame-000254.color.png 0.999379 -0.00676185 0.0345783 -0.0380436 0.00695838 0.99996 -0.00556697 -0.00514445 -0.0345393 0.00580414 0.999386 0.0258004 0.0 0.0 0.0 1.0
stairs/seq-04/color/frame-000254.color.png stairs/seq-04/color/frame-000257.color.png 0.999871 -0.00996482 0.0125713 -0.0118302 0.0101105 0.999882 -0.0115736 -0.0198884 -0.0124544 0.0116992 0.999854 0.0250508 0.0 0.0 0.0 1.0
stairs/seq-04/color/frame-000257.color.png stairs/seq-04/color/frame-000260.color.png 0.999965 -0.00747322 0.00386472 -0.00804868 0.00754487 0.999793 -0.0188774 -0.000219375 -0.00372292 0.0189059 0.999814 0.0313176 0.0 0.0 0.0 1.0
stairs/seq-04/color/frame-000260.color.png stairs/seq-04/color/frame-000263.color.png 0.999942 -0.0104437 0.00263866 -0.0104462 0.0105046 0.999651 -0.024253 0.00724262 -0.00238446 0.0242793 0.999702 0.0147268 0.0 0.0 0.0 1.0
stairs/seq-04/color/frame-000263.color.png stairs/seq-04/color/frame-000266.color.png 0.999974 -0.00673312 0.00270389 -0.0189768 0.00679484 0.999701 -0.0235096 0.0121359 -0.00254478 0.0235273 0.99972 0.0137291 0.0 0.0 0.0 1.0
stairs/seq-04/color/frame-000266.color.png stairs/seq-04/color/frame-000269.color.png 0.999761 -0.0146239 0.0162407 -0.0206271 0.0149817 0.999643 -0.0221376 0.0146191 -0.0159111 0.0223757 0.999623 0.0245864 0.0 0.0 0.0 1.0
stairs/seq-04/color/frame-000269.color.png stairs/seq-04/color/frame-000272.color.png 0.999442 -0.0154933 0.0296083 -0.0241096 0.0157539 0.999839 -0.0085885 -0.00676581 -0.0294705 0.00905015 0.999525 0.0120393 0.0 0.0 0.0 1.0
stairs/seq-04/color/frame-000272.color.png stairs/seq-04/color/frame-000275.color.png 0.998116 -0.0193875 0.0582185 -0.0684 0.0190436 0.999798 0.00645629 -0.018637 -0.0583319 -0.00533544 0.998283 0.0211138 0.0 0.0 0.0 1.0
stairs/seq-04/color/frame-000275.color.png stairs/seq-04/color/frame-000278.color.png 0.99949 -0.00913831 0.030596 -0.0240861 0.00910961 0.999958 0.00107704 -0.0117666 -0.0306046 -0.000797773 0.999531 0.0205352 0.0 0.0 0.0 1.0
stairs/seq-04/color/frame-000278.color.png stairs/seq-04/color/frame-000281.color.png 0.999258 -0.00722784 0.0378185 -0.0536921 0.00775761 0.999873 -0.0138801 0.0187754 -0.0377134 0.0141632 0.999188 0.0254983 0.0 0.0 0.0 1.0
stairs/seq-04/color/frame-000281.color.png stairs/seq-04/color/frame-000284.color.png 0.999844 -0.00414139 0.0171853 -0.0255919 0.00422141 0.99998 -0.0046229 0.00403252 -0.0171658 0.00469472 0.999842 0.0111761 0.0 0.0 0.0 1.0
stairs/seq-04/color/frame-000284.color.png stairs/seq-04/color/frame-000287.color.png 0.999678 -0.00157327 0.0253098 -0.0258537 0.00180092 0.999958 -0.00897429 0.00033164 -0.0252947 0.00901698 0.999639 0.0206164 0.0 0.0 0.0 1.0
stairs/seq-04/color/frame-000287.color.png stairs/seq-04/color/frame-000290.color.png 0.999595 -0.000781905 0.028441 -0.0399003 0.000854193 0.999996 -0.0025296 -0.00563022 -0.0284389 0.00255287 0.999592 0.0100135 0.0 0.0 0.0 1.0
stairs/seq-04/color/frame-000290.color.png stairs/seq-04/color/frame-000293.color.png 0.999858 0.00112472 0.0168426 -0.0322774 -0.00115285 0.999998 0.00166013 -0.00850254 -0.0168407 -0.00167931 0.999857 0.00793707 0.0 0.0 0.0 1.0
stairs/seq-04/color/frame-000293.color.png stairs/seq-04/color/frame-000296.color.png 0.999997 0.0019537 0.00118959 -0.0128418 -0.00194953 0.999992 -0.00349545 0.000804663 -0.00119642 0.00349313 0.999993 0.00768638 0.0 0.0 0.0 1.0
stairs/seq-04/color/frame-000296.color.png stairs/seq-04/color/frame-000299.color.png 0.999981 0.0058935 -0.00163842 -0.0274188 -0.00589303 0.999983 0.000290614 -0.00144297 0.00164013 -0.000280953 0.999999 0.00856215 0.0 0.0 0.0 1.0
stairs/seq-04/color/frame-000299.color.png stairs/seq-04/color/frame-000302.color.png 0.999833 0.00292964 -0.0180229 0.004875 -0.00280045 0.99997 0.00718931 -0.0409197 0.0180434 -0.00713764 0.999812 0.000140965 0.0 0.0 0.0 1.0
stairs/seq-04/color/frame-000302.color.png stairs/seq-04/color/frame-000305.color.png 0.999201 -0.00366429 -0.0397955 0.0392176 0.00342809 0.999976 -0.00600206 0.0150171 0.0398165 0.00586084 0.99919 0.00809479 0.0 0.0 0.0 1.0
stairs/seq-04/color/frame-000305.color.png stairs/seq-04/color/frame-000308.color.png 0.999972 0.00266182 -0.00705756 0.0100436 -0.00268445 0.999991 -0.00319911 -0.0110082 0.00704901 0.00321797 0.99997 0.00993031 0.0 0.0 0.0 1.0
stairs/seq-04/color/frame-000308.color.png stairs/seq-04/color/frame-000311.color.png 0.99993 0.000262469 -0.0117912 0.00742834 -0.000381746 0.999949 -0.0101145 0.00548682 0.011788 0.0101183 0.999879 0.00481278 0.0 0.0 0.0 1.0
stairs/seq-04/color/frame-000311.color.png stairs/seq-04/color/frame-000314.color.png 0.999545 -0.000157353 -0.0301693 0.0336514 4.1324e-05 0.999993 -0.00384648 -0.00149551 0.0301697 0.00384348 0.999537 0.0135254 0.0 0.0 0.0 1.0
stairs/seq-04/color/frame-000314.color.png stairs/seq-04/color/frame-000317.color.png 0.999865 0.0130803 -0.00993609 0.0453027 -0.0130878 0.999914 -0.000682353 -0.00359976 0.00992628 0.000812301 0.99995 0.0207326 0.0 0.0 0.0 1.0
stairs/seq-04/color/frame-000317.color.png stairs/seq-04/color/frame-000320.color.png 0.999946 -0.00439397 -0.00937329 0.0336847 0.00426805 0.999901 -0.0134112 -0.0023661 0.00943136 0.0133705 0.999866 0.0202325 0.0 0.0 0.0 1.0
stairs/seq-04/color/frame-000320.color.png stairs/seq-04/color/frame-000323.color.png 0.999984 0.000370794 -0.00559672 0.0386515 -0.000472425 0.999835 -0.0181689 0.0105984 0.00558898 0.0181713 0.999819 0.0330625 0.0 0.0 0.0 1.0
stairs/seq-04/color/frame-000323.color.png stairs/seq-04/color/frame-000326.color.png 0.999983 0.00563021 -0.00153712 0.02673 -0.00562083 0.999966 0.00603727 -0.0216466 0.00157112 -0.00602851 0.99998 0.0235533 0.0 0.0 0.0 1.0
stairs/seq-04/color/frame-000326.color.png stairs/seq-04/color/frame-000329.color.png 0.99967 0.000259256 0.0256757 -0.00506398 -0.000218853 0.999999 -0.0015765 -0.0122056 -0.0256761 0.00157036 0.999669 0.0294763 0.0 0.0 0.0 1.0
stairs/seq-04/color/frame-000329.color.png stairs/seq-04/color/frame-000332.color.png 0.999967 0.00807428 0.000663927 0.0238987 -0.00807527 0.999966 0.00149965 -0.00272906 -0.000651828 -0.00150497 0.999999 0.0145754 0.0 0.0 0.0 1.0
stairs/seq-04/color/frame-000332.color.png stairs/seq-04/color/frame-000335.color.png 0.999936 -0.00123193 0.0112842 -0.00956264 0.00128935 0.999986 -0.00508241 -0.001378 -0.0112778 0.00509664 0.999923 0.0112503 0.0 0.0 0.0 1.0
stairs/seq-04/color/frame-000335.color.png stairs/seq-04/color/frame-000338.color.png 0.99998 0.000645472 -0.00622424 0.00860222 -0.000726428 0.999915 -0.0130123 0.00685158 0.00621529 0.0130166 0.999896 0.00969458 0.0 0.0 0.0 1.0
stairs/seq-04/color/frame-000338.color.png stairs/seq-04/color/frame-000341.color.png 0.999873 0.00280456 -0.0156856 0.0163694 -0.00299849 0.999919 -0.0123543 0.0108039 0.0156498 0.0123998 0.999801 0.0159515 0.0 0.0 0.0 1.0
stairs/seq-04/color/frame-000341.color.png stairs/seq-04/color/frame-000344.color.png 0.999725 0.00260852 -0.0233028 0.0443708 -0.00267981 0.999992 -0.00302853 -0.00164133 0.0232947 0.00309014 0.999724 0.00872296 0.0 0.0 0.0 1.0
stairs/seq-04/color/frame-000344.color.png stairs/seq-04/color/frame-000347.color.png 0.999932 0.00737427 -0.00899949 0.00968689 -0.00745248 0.999934 -0.00868841 0.00379932 0.00893483 0.00875488 0.999922 0.0122466 0.0 0.0 0.0 1.0
stairs/seq-04/color/frame-000347.color.png stairs/seq-04/color/frame-000350.color.png 0.999988 0.00309855 -0.00376659 -0.00225419 -0.00308379 0.999988 0.00391755 -0.00795934 0.0037787 -0.00390587 0.999985 0.00836724 0.0 0.0 0.0 1.0
stairs/seq-04/color/frame-000350.color.png stairs/seq-04/color/frame-000353.color.png 0.999969 -0.00770182 0.00128071 -0.0163744 0.007698 0.999966 0.00295604 -0.00428331 -0.00130344 -0.0029461 0.999995 0.0141774 0.0 0.0 0.0 1.0
stairs/seq-04/color/frame-000353.color.png stairs/seq-04/color/frame-000356.color.png 0.999983 -0.00134095 0.0056131 -0.00729641 0.00123813 0.999832 0.0182828 -0.0203906 -0.00563669 -0.0182755 0.999817 0.0155852 0.0 0.0 0.0 1.0
stairs/seq-04/color/frame-000356.color.png stairs/seq-04/color/frame-000359.color.png 0.999983 -0.00253133 0.00519268 -0.0192311 0.00248223 0.999952 0.00944298 -0.0126593 -0.00521633 -0.00942994 0.999942 0.00774431 0.0 0.0 0.0 1.0
stairs/seq-04/color/frame-000359.color.png stairs/seq-04/color/frame-000362.color.png 0.99993 -0.00843522 -0.00824548 -0.0119325 0.00847823 0.999951 0.00519494 -0.00332928 0.00820123 -0.00526448 0.999952 0.00412512 0.0 0.0 0.0 1.0
stairs/seq-04/color/frame-000362.color.png stairs/seq-04/color/frame-000365.color.png 0.999955 0.00678879 0.00667344 -0.0131282 -0.0067612 0.999968 -0.00414958 0.0354736 -0.00670139 0.00410426 0.999969 0.00603807 0.0 0.0 0.0 1.0
stairs/seq-04/color/frame-000365.color.png stairs/seq-04/color/frame-000368.color.png 0.999946 0.00717567 0.00757778 -0.00669742 -0.00727772 0.999882 0.013526 -0.0216607 -0.0074798 -0.0135804 0.99988 -0.00030148 0.0 0.0 0.0 1.0
stairs/seq-04/color/frame-000368.color.png stairs/seq-04/color/frame-000371.color.png 0.999981 9.92165e-05 0.00614528 -0.0203196 -0.00016179 0.999948 0.0101828 -0.015451 -0.00614398 -0.0101836 0.999929 -0.00668383 0.0 0.0 0.0 1.0
stairs/seq-04/color/frame-000371.color.png stairs/seq-04/color/frame-000374.color.png 0.999948 -0.000673058 -0.0101172 0.00805746 0.000665217 0.999999 -0.000778161 0.00838727 0.0101177 0.000771391 0.999949 -0.00369847 0.0 0.0 0.0 1.0
stairs/seq-04/color/frame-000374.color.png stairs/seq-04/color/frame-000377.color.png 0.999943 0.00364587 -0.0100214 0.0187474 -0.00367395 0.999989 -0.00278467 0.00973621 0.0100111 0.00282133 0.999946 0.0026567 0.0 0.0 0.0 1.0
stairs/seq-04/color/frame-000377.color.png stairs/seq-04/color/frame-000380.color.png 0.999955 0.00932285 0.00183614 -0.027926 -0.00933054 0.999948 0.00422595 0.000194967 -0.00179662 -0.00424289 0.999989 -0.00759208 0.0 0.0 0.0 1.0
stairs/seq-04/color/frame-000380.color.png stairs/seq-04/color/frame-000383.color.png 0.999867 0.00853353 -0.0139084 0.0272288 -0.00856267 0.999961 -0.00203656 0.0111459 0.0138905 0.00215538 0.999901 0.00776756 0.0 0.0 0.0 1.0
stairs/seq-04/color/frame-000383.color.png stairs/seq-04/color/frame-000386.color.png 0.999908 0.00611626 -0.0121315 0.0147154 -0.00606864 0.999974 0.0039586 0.00615409 0.0121554 -0.00388461 0.999918 -0.00195384 0.0 0.0 0.0 1.0
stairs/seq-04/color/frame-000386.color.png stairs/seq-04/color/frame-000389.color.png 0.999926 0.00561649 -0.010778 0.0139728 -0.00552621 0.99995 0.00838785 -0.00691432 0.0108245 -0.00832767 0.999907 0.00121343 0.0 0.0 0.0 1.0
stairs/seq-04/color/frame-000389.color.png stairs/seq-04/color/frame-000392.color.png 0.999974 0.00417019 -0.00595599 0.0105589 -0.00411378 0.999947 0.00945236 -0.00533611 0.00599514 -0.00942762 0.999938 0.00458026 0.0 0.0 0.0 1.0
stairs/seq-04/color/frame-000392.color.png stairs/seq-04/color/frame-000395.color.png 0.999982 9.25126e-05 0.00593224 -0.015403 -0.000131505 0.999978 0.00657289 0.00404677 -0.00593147 -0.00657356 0.999961 0.00455046 0.0 0.0 0.0 1.0
stairs/seq-04/color/frame-000395.color.png stairs/seq-04/color/frame-000398.color.png 0.999997 -0.000867971 0.00210255 -0.0124422 0.000828083 0.999821 0.0188976 -0.0152043 -0.00211866 -0.0188958 0.999819 -0.00153172 0.0 0.0 0.0 1.0
stairs/seq-04/color/frame-000398.color.png stairs/seq-04/color/frame-000401.color.png 0.999998 0.00216029 8.66846e-05 -0.00485304 -0.00216093 0.999962 0.00842883 -0.0040302 -6.85008e-05 -0.008429 0.999965 0.00993609 0.0 0.0 0.0 1.0
stairs/seq-04/color/frame-000401.color.png stairs/seq-04/color/frame-000404.color.png 0.999999 0.000732498 0.000996205 0.00494465 -0.00073977 0.999973 0.00730135 -0.000879973 -0.00099078 -0.00730209 0.999973 0.014171 0.0 0.0 0.0 1.0
stairs/seq-04/color/frame-000404.color.png stairs/seq-04/color/frame-000407.color.png 0.999966 -0.00310241 0.00760464 -0.0139111 0.00307059 0.999987 0.00419417 -0.00730219 -0.00761753 -0.00417068 0.999962 0.00853753 0.0 0.0 0.0 1.0
stairs/seq-04/color/frame-000407.color.png stairs/seq-04/color/frame-000410.color.png 0.999989 -0.00324989 0.00338683 -0.00901181 0.00323937 0.99999 0.00310887 0.000556886 -0.00339697 -0.00309785 0.99999 0.0062232 0.0 0.0 0.0 1.0
stairs/seq-04/color/frame-000410.color.png stairs/seq-04/color/frame-000413.color.png 0.999991 -0.00350888 -0.00247916 0.00188768 0.00352357 0.999976 0.00594719 -0.00441462 0.00245821 -0.00595588 0.999979 0.0069772 0.0 0.0 0.0 1.0
stairs/seq-04/color/frame-000413.color.png stairs/seq-04/color/frame-000416.color.png 0.999983 -0.00578686 -0.000577294 -0.00426576 0.00578907 0.999976 0.00389022 -0.00636759 0.000554841 -0.00389352 0.999992 0.00394845 0.0 0.0 0.0 1.0
stairs/seq-04/color/frame-000416.color.png stairs/seq-04/color/frame-000419.color.png 0.999998 -0.00147037 0.00143924 -0.00555155 0.00146791 0.999997 0.00170833 0.00117165 -0.0014418 -0.00170619 0.999998 0.0123986 0.0 0.0 0.0 1.0
stairs/seq-04/color/frame-000419.color.png stairs/seq-04/color/frame-000422.color.png 0.999967 0.00073737 -0.00815624 0.0230556 -0.000705757 0.999992 0.00387872 -0.00463128 0.00815905 -0.00387284 0.999959 0.0117869 0.0 0.0 0.0 1.0
stairs/seq-04/color/frame-000422.color.png stairs/seq-04/color/frame-000425.color.png 0.999986 -0.00113956 0.00513759 -0.00883567 0.00114669 0.999998 -0.00138359 0.0120252 -0.00513602 0.00138947 0.999986 0.00898063 0.0 0.0 0.0 1.0
stairs/seq-04/color/frame-000425.color.png stairs/seq-04/color/frame-000428.color.png 0.999986 0.0028241 0.00448882 -0.00849342 -0.0028684 0.999947 0.00989135 -0.00757545 -0.00446066 -0.0099041 0.999941 0.00599635 0.0 0.0 0.0 1.0
stairs/seq-04/color/frame-000428.color.png stairs/seq-04/color/frame-000431.color.png 0.999989 -0.000187784 -0.00475366 0.00727868 0.000216839 0.999981 0.00611336 -0.0100411 0.00475247 -0.00611431 0.99997 0.00579119 0.0 0.0 0.0 1.0
stairs/seq-04/color/frame-000431.color.png stairs/seq-04/color/frame-000434.color.png 0.999996 0.0025345 0.00147962 0.00166824 -0.00255251 0.999921 0.012308 -0.014434 -0.00144833 -0.0123117 0.999923 0.00329506 0.0 0.0 0.0 1.0
stairs/seq-04/color/frame-000434.color.png stairs/seq-04/color/frame-000437.color.png 0.999979 0.00141967 0.00633311 -0.0163501 -0.00150666 0.999904 0.0137522 -0.0174402 -0.00631294 -0.0137615 0.999885 0.000747561 0.0 0.0 0.0 1.0
stairs/seq-04/color/frame-000437.color.png stairs/seq-04/color/frame-000440.color.png 0.999989 -0.0036655 -0.00303787 0.00136815 0.00369757 0.999937 0.0106225 -0.00509891 0.00299874 -0.0106337 0.999939 0.00270796 0.0 0.0 0.0 1.0
stairs/seq-04/color/frame-000440.color.png stairs/seq-04/color/frame-000443.color.png 0.999998 0.00170002 -0.000620343 -0.00141472 -0.0016957 0.999975 0.00692123 -0.00888562 0.000632089 -0.00692015 0.999976 0.00329614 0.0 0.0 0.0 1.0
stairs/seq-04/color/frame-000443.color.png stairs/seq-04/color/frame-000446.color.png 0.999997 -0.00221894 -0.000746468 -0.000145853 0.00222309 0.999982 0.00560296 -0.00131041 0.000733982 -0.00560462 0.999984 0.00777209 0.0 0.0 0.0 1.0
stairs/seq-04/color/frame-000446.color.png stairs/seq-04/color/frame-000449.color.png 0.999978 0.00144528 0.00650103 -0.00884169 -0.00148323 0.999982 0.005835 -0.00852057 -0.00649248 -0.0058445 0.999962 0.00555682 0.0 0.0 0.0 1.0
stairs/seq-04/color/frame-000449.color.png stairs/seq-04/color/frame-000452.color.png 0.999967 -0.000429957 0.00810097 -0.0149789 0.000404318 0.999995 0.00316697 0.00184637 -0.00810234 -0.00316358 0.999962 0.00984001 0.0 0.0 0.0 1.0
stairs/seq-04/color/frame-000452.color.png stairs/seq-04/color/frame-000455.color.png 0.999999 -0.00120675 0.000292971 0.000212476 0.0012061 0.999997 0.00218598 0.000737339 -0.000295577 -0.00218564 0.999998 0.01044 0.0 0.0 0.0 1.0
stairs/seq-04/color/frame-000455.color.png stairs/seq-04/color/frame-000458.color.png 0.999997 4.44946e-05 -0.00251523 0.00307746 -3.65876e-05 0.999995 0.00314583 0.0020465 0.00251537 -0.00314574 0.999992 0.00591791 0.0 0.0 0.0 1.0
stairs/seq-04/color/frame-000458.color.png stairs/seq-04/color/frame-000461.color.png 0.99999 -0.000341772 0.00452492 -0.00961292 0.000307502 0.999971 0.00757351 -0.00372234 -0.00452738 -0.00757199 0.999961 0.00313962 0.0 0.0 0.0 1.0
stairs/seq-04/color/frame-000461.color.png stairs/seq-04/color/frame-000464.color.png 0.999999 -0.00146083 -0.000939345 0.00154424 0.0014669 0.999978 0.00649551 -0.00926596 0.000929893 -0.00649691 0.999978 0.00495625 0.0 0.0 0.0 1.0
stairs/seq-04/color/frame-000464.color.png stairs/seq-04/color/frame-000467.color.png 1.0 -0.000373577 -0.000107137 -0.00199206 0.000374341 0.999974 0.00723583 -0.00831914 0.000104385 -0.00723583 0.999974 0.00674653 0.0 0.0 0.0 1.0
stairs/seq-04/color/frame-000467.color.png stairs/seq-04/color/frame-000470.color.png 0.999966 -0.000805513 0.00815044 -0.0215253 0.0007997 0.999999 0.000716403 0.00284821 -0.00815098 -0.000709911 0.999966 0.00954413 0.0 0.0 0.0 1.0
stairs/seq-04/color/frame-000470.color.png stairs/seq-04/color/frame-000473.color.png 1.0 2.9723e-05 0.000975374 0.00309636 -3.53969e-05 0.999983 0.00581001 -0.00989985 -0.000975192 -0.00581 0.999983 0.00723135 0.0 0.0 0.0 1.0
stairs/seq-04/color/frame-000473.color.png stairs/seq-04/color/frame-000476.color.png 0.999988 0.000174426 0.00483159 -0.00970616 -0.00017195 1.0 -0.000509972 0.00533623 -0.00483163 0.000509097 0.999988 0.0077579 0.0 0.0 0.0 1.0
stairs/seq-04/color/frame-000476.color.png stairs/seq-04/color/frame-000479.color.png 0.99999 -0.00438497 0.000439881 -0.000947699 0.00438029 0.999939 0.0101159 -0.0135416 -0.0004843 -0.0101139 0.999949 0.00154757 0.0 0.0 0.0 1.0
stairs/seq-04/color/frame-000479.color.png stairs/seq-04/color/frame-000482.color.png 0.999996 5.29369e-05 0.00272655 -0.00737759 -7.55761e-05 0.999965 0.0083001 -0.0110562 -0.00272602 -0.00830021 0.999962 0.00601816 0.0 0.0 0.0 1.0
stairs/seq-04/color/frame-000482.color.png stairs/seq-04/color/frame-000485.color.png 0.999996 -0.00281029 7.79538e-05 -0.00717621 0.00280966 0.999969 0.0073354 -0.00631773 -9.84985e-05 -0.00733521 0.999973 0.00201952 0.0 0.0 0.0 1.0
stairs/seq-04/color/frame-000485.color.png stairs/seq-04/color/frame-000488.color.png 0.999998 0.00109326 -0.00152252 0.00191671 -0.00108478 0.999984 0.00556849 -0.007094 0.00152858 -0.0055668 0.999983 0.0055455 0.0 0.0 0.0 1.0
stairs/seq-04/color/frame-000488.color.png stairs/seq-04/color/frame-000491.color.png 0.999994 0.00247057 0.0022097 0.000364952 -0.00246515 0.999994 -0.00244767 0.0176157 -0.00221578 0.00244219 0.999995 0.0106719 0.0 0.0 0.0 1.0
stairs/seq-04/color/frame-000491.color.png stairs/seq-04/color/frame-000494.color.png 0.999917 0.00525394 0.011756 -0.020002 -0.00536716 0.999939 0.00961964 -0.00867647 -0.0117047 -0.00968187 0.999885 0.00311077 0.0 0.0 0.0 1.0
stairs/seq-04/color/frame-000494.color.png stairs/seq-04/color/frame-000497.color.png 0.999994 -0.00304131 -0.00148275 0.00160235 0.003064 0.999874 0.0155589 -0.0304167 0.00143523 -0.0155634 0.999878 0.00189781 0.0 0.0 0.0 1.0
