stairs/seq-04/color/frame-000001.color.png stairs/seq-04/color/frame-000003.color.png 0.999964 -0.00478189 0.0070174 -0.0106205 0.00477992 0.999988 0.000296967 -0.00849876 -0.00701874 -0.000263413 0.999975 0.0190608 0.0 0.0 0.0 1.0
stairs/seq-04/color/frame-000003.color.png stairs/seq-04/color/frame-000005.color.png 0.999952 -0.00559525 0.0080148 -0.0157853 0.00563597 0.999971 -0.00506707 -0.00910632 -0.00798621 0.005112 0.999955 0.0252488 0.0 0.0 0.0 1.0
stairs/seq-04/color/frame-000005.color.png stairs/seq-04/color/frame-000007.color.png 0.999938 0.000567423 0.0111603 -0.013125 -0.000583585 0.999999 0.00144468 -0.0103386 -0.0111595 -0.0014511 0.999937 0.0181254 0.0 0.0 0.0 1.0
stairs/seq-04/color/frame-000007.color.png stairs/seq-04/color/frame-000009.color.png 0.999967 -0.00595636 0.00549056 -0.0133142 0.00594055 0.999978 0.00289209 -0.0101153 -0.00550766 -0.00285938 0.999981 0.0204195 0.0 0.0 0.0 1.0
stairs/seq-04/color/frame-000009.color.png stairs/seq-04/color/frame-000011.color.png 0.99997 -0.00149396 0.0076007 -0.0151785 0.00147653 0.999996 0.00229832 -0.00189787 -0.0076041 -0.00228703 0.999969 0.0164776 0.0 0.0 0.0 1.0
stairs/seq-04/color/frame-000011.color.png stairs/seq-04/color/frame-000013.color.png 0.999995 -0.0028002 0.00149419 -0.0118623 0.00280326 0.999994 -0.00205629 -0.00740082 -0.00148842 0.00206047 0.999997 0.0172321 0.0 0.0 0.0 1.0
stairs/seq-04/color/frame-000013.color.png stairs/seq-04/color/frame-000015.color.png 0.999998 -0.00165444 -0.000785121 -0.00688625 0.0016524 0.999995 -0.00259186 -0.0113486 0.000789399 0.00259055 0.999996 0.0164066 0.0 0.0 0.0 1.0
stairs/seq-04/color/frame-000015.color.png stairs/seq-04/color/frame-000017.color.png 0.999958 -0.00410599 0.00817969 -0.00883619 0.00413926 0.999983 -0.00405557 -0.0060997 -0.0081629 0.00408926 0.999958 0.0153037 0.0 0.0 0.0 1.0
stairs/seq-04/color/frame-000017.color.png stairs/seq-04/color/frame-000019.color.png 0.999975 -0.00436842 0.00555286 -0.00501144 0.00437746 0.999989 -0.00161774 -0.00270236 -0.00554573 0.00164201 0.999983 0.0149227 0.0 0.0 0.0 1.0
stairs/seq-04/color/frame-000019.color.png stairs/seq-04/color/frame-000021.color.png 0.99992 -0.00422349 0.0119408 -0.0159889 0.00421868 0.999991 0.000427906 -0.00938108 -0.0119425 -0.000377498 0.999929 0.00914174 0.0 0.0 0.0 1.0
stairs/seq-04/color/frame-000021.color.png stairs/seq-04/color/frame-000023.color.png 0.999984 -0.00508651 -0.00237952 -0.00190323 0.0051046 0.999958 0.00765276 -0.0136603 0.00234047 -0.00766479 0.999968 0.0163685 0.0 0.0 0.0 1.0
stairs/seq-04/color/frame-000023.color.png stairs/seq-04/color/frame-000025.color.png 0.999997 0.0008228 -0.00209938 -0.00745139 -0.00081173 0.999986 0.00527233 -0.00556187 0.0021037 -0.00527061 0.999984 0.0146523 0.0 0.0 0.0 1.0
stairs/seq-04/color/frame-000025.color.png stairs/seq-04/color/frame-000027.color.png 0.999998 0.0009562 0.00192105 0.00567677 -0.000963374 0.999992 0.0037339 -0.00905802 -0.00191747 -0.00373574 0.999991 0.0171369 0.0 0.0 0.0 1.0
stairs/seq-04/color/frame-000027.color.png stairs/seq-04/color/frame-000029.color.png 0.999973 -0.00395758 0.00619485 -0.000906393 0.00394015 0.999988 0.00282416 -0.00884685 -0.00620596 -0.00279967 0.999977 0.00925691 0.0 0.0 0.0 1.0
stairs/seq-04/color/frame-000029.color.png stairs/seq-04/color/frame-000031.color.png 0.999993 -0.00313695 0.00177795 -0.000942104 0.0031269 0.999979 0.00562055 -0.011943 -0.00179554 -0.00561495 0.999982 0.012691 0.0 0.0 0.0 1.0
stairs/seq-04/color/frame-000031.color.png stairs/seq-04/color/frame-000033.color.png 0.999986 0.00361769 0.00385936 0.00852304 -0.00363267 0.999986 0.00388539 -0.0123409 -0.00384526 -0.00389936 0.999985 0.0212999 0.0 0.0 0.0 1.0
stairs/seq-04/color/frame-000033.color.png stairs/seq-04/color/frame-000035.color.png 0.999983 -0.00518479 0.00247743 0.00256496 0.00517066 0.99997 0.00567718 -0.0122294 -0.00250679 -0.00566428 0.999981 0.0177413 0.0 0.0 0.0 1.0
stairs/seq-04/color/frame-000035.color.png stairs/seq-04/color/frame-000037.color.png 0.999997 0.00119604 -0.00226941 0.0112903 -0.00119856 0.999999 -0.00111071 -0.00581382 0.00226811 0.00111344 0.999997 0.0142758 0.0 0.0 0.0 1.0
stairs/seq-04/color/frame-000037.color.png stairs/seq-04/color/frame-000039.color.png 0.999989 0.00274496 0.00372897 0.00879534 -0.00276664 0.999979 0.00582301 -0.0137329 -0.00371293 -0.00583327 0.999976 0.0170597 0.0 0.0 0.0 1.0
stairs/seq-04/color/frame-000039.color.png stairs/seq-04/color/frame-000041.color.png 0.999966 -0.00126486 0.00815338 0.0177785 0.00124411 0.999996 0.00254919 -0.0222787 -0.00815656 -0.00253895 0.999964 0.0206373 0.0 0.0 0.0 1.0
stairs/seq-04/color/frame-000041.color.png stairs/seq-04/color/frame-000043.color.png 0.99999 0.00322655 -0.00295173 0.0100712 -0.00322803 0.999995 -0.000498233 -0.012509 0.0029501 0.000507747 0.999995 0.0141352 0.0 0.0 0.0 1.0
stairs/seq-04/color/frame-000043.color.png stairs/seq-04/color/frame-000045.color.png 0.999989 0.00446166 0.00109567 0.00772875 -0.00445881 0.999987 -0.0025879 -0.00252026 -0.0011072 0.00258299 0.999996 0.0120239 0.0 0.0 0.0 1.0
stairs/seq-04/color/frame-000045.color.png stairs/seq-04/color/frame-000047.color.png 0.999986 0.00491593 0.00171873 0.0114841 -0.00492219 0.999981 0.00365823 -0.00831857 -0.00170072 -0.00366665 0.999992 0.0131394 0.0 0.0 0.0 1.0
stairs/seq-04/color/frame-000047.color.png stairs/seq-04/color/frame-000049.color.png 0.999977 0.000863915 0.00668888 0.00668273 -0.000876573 0.999998 0.0018889 -0.0111528 -0.00668723 -0.00189471 0.999976 0.0200019 0.0 0.0 0.0 1.0
stairs/seq-04/color/frame-000049.color.png stairs/seq-04/color/frame-000051.color.png 0.999997 0.000210283 0.00241324 -0.00420391 -0.000219384 0.999993 0.00377117 -0.00604208 -0.00241243 -0.00377168 0.99999 0.00674886 0.0 0.0 0.0 1.0
stairs/seq-04/color/frame-000051.color.png stairs/seq-04/color/frame-000053.color.png 1.0 0.000248279 0.000850934 0.00442508 -0.000250574 0.999996 0.00269992 -0.0163333 -0.00085026 -0.00270014 0.999996 0.0194911 0.0 0.0 0.0 1.0
stairs/seq-04/color/frame-000053.color.png stairs/seq-04/color/frame-000055.color.png 0.999986 -0.000338627 -0.00532641 0.0105132 0.000362299 0.99999 0.0044436 -0.00462303 0.00532485 -0.00444547 0.999976 0.0171203 0.0 0.0 0.0 1.0
stairs/seq-04/color/frame-000055.color.png stairs/seq-04/color/frame-000057.color.png 0.999985 -0.000871525 -0.00544686 0.00488708 0.000898121 0.999988 0.00488187 -0.00752884 0.00544252 -0.00488669 0.999973 0.0167659 0.0 0.0 0.0 1.0
stairs/seq-04/color/frame-000057.color.png stairs/seq-04/color/frame-000059.color.png 0.999996 0.00285617 -3.46268e-05 0.008151 -0.00285622 0.999995 -0.00137245 -0.00405805 3.07148e-05 0.00137255 0.999999 0.0146965 0.0 0.0 0.0 1.0
stairs/seq-04/color/frame-000059.color.png stairs/seq-04/color/frame-000061.color.png 0.999986 -0.00194435 0.00490899 -2.2843e-06 0.00194122 0.999998 0.000642882 -0.00719449 -0.00491022 -0.000633345 0.999988 0.0117975 0.0 0.0 0.0 1.0
stairs/seq-04/color/frame-000061.color.png stairs/seq-04/color/frame-000063.color.png 0.999993 -0.00143102 0.00354769 -0.00155171 0.00143127 0.999999 -6.73851e-05 -0.0106818 -0.0035476 7.245e-05 0.999994 0.0145614 0.0 0.0 0.0 1.0
stairs/seq-04/color/frame-000063.color.png stairs/seq-04/color/frame-000065.color.png 0.999963 -0.00856868 0.000794679 -0.00357239 0.00857117 0.999958 -0.00319365 -0.0121091 -0.000767288 0.00320035 0.999995 0.00984299 0.0 0.0 0.0 1.0
stairs/seq-04/color/frame-000065.color.png stairs/seq-04/color/frame-000067.color.png 0.999992 -0.0021334 -0.00351358 0.00961957 0.00211964 0.99999 -0.0039163 -0.00276718 0.00352191 0.00390881 0.999986 0.016764 0.0 0.0 0.0 1.0
stairs/seq-04/color/frame-000067.color.png stairs/seq-04/color/frame-000069.color.png 0.99997 -0.00503936 0.00581232 -0.0114812 0.00507217 0.999971 -0.00564538 -0.00622189 -0.00578371 0.00567468 0.999967 0.0052672 0.0 0.0 0.0 1.0
stairs/seq-04/color/frame-000069.color.png stairs/seq-04/color/frame-000071.color.png 0.999966 -0.00619263 0.00547606 -0.00473875 0.00620691 0.999977 -0.00259197 -0.00789657 -0.00545989 0.00262588 0.999982 0.0147824 0.0 0.0 0.0 1.0
stairs/seq-04/color/frame-000071.color.png stairs/seq-04/color/frame-000073.color.png 0.999997 0.000510206 0.00222365 0.0012883 -0.000506948 0.999999 -0.00147144 -0.00237885 -0.00222437 0.00147031 0.999997 0.0114196 0.0 0.0 0.0 1.0
stairs/seq-04/color/frame-000073.color.png stairs/seq-04/color/frame-000075.color.png 0.999975 -0.00523809 0.00473076 -0.00946791 0.00523739 0.999986 0.000159986 -0.00952166 -0.00473156 -0.000135212 0.999989 0.00463259 0.0 0.0 0.0 1.0
stairs/seq-04/color/frame-000075.color.png stairs/seq-04/color/frame-000077.color.png 0.999997 0.000494151 0.00222501 0.00399238 -0.000487106 0.999995 -0.00316583 -0.00198627 -0.00222654 0.00316474 0.999992 0.012191 0.0 0.0 0.0 1.0
stairs/seq-04/color/frame-000077.color.png stairs/seq-04/color/frame-000079.color.png 0.999947 -0.00973918 0.00331952 -0.0168676 0.00974413 0.999951 -0.00147789 -0.0164272 -0.00330498 0.00151016 0.999993 -0.000397027 0.0 0.0 0.0 1.0
stairs/seq-04/color/frame-000079.color.png stairs/seq-04/color/frame-000081.color.png 0.999844 -0.000949381 -0.0176575 0.0205567 0.000927244 0.999999 -0.00126227 -0.00229061 0.0176587 0.0012457 0.999843 0.0130447 0.0 0.0 0.0 1.0
stairs/seq-04/color/frame-000081.color.png stairs/seq-04/color/frame-000083.color.png 0.999987 0.00303256 -0.00415476 -0.00250927 -0.00305356 0.999983 -0.00505755 0.00462872 0.00413935 0.00507017 0.999979 -9.94205e-05 0.0 0.0 0.0 1.0
stairs/seq-04/color/frame-000083.color.png stairs/seq-04/color/frame-000085.color.png 0.999948 0.0045066 -0.00912584 0.00775174 -0.00465555 0.999855 -0.0163658 0.00731912 0.00905077 0.0164074 0.999824 0.00510222 0.0 0.0 0.0 1.0
stairs/seq-04/color/frame-000085.color.png stairs/seq-04/color/frame-000087.color.png 0.999913 -0.00440757 -0.0124146 0.0183068 0.00431268 0.999961 -0.00766122 0.00256011 0.0124479 0.00760702 0.999894 0.0124515 0.0 0.0 0.0 1.0
stairs/seq-04/color/frame-000087.color.png stairs/seq-04/color/frame-000089.color.png 0.999844 0.00459656 -0.017056 0.0165829 -0.00480658 0.999913 -0.0122924 0.0117837 0.016998 0.0123725 0.999779 0.000692785 0.0 0.0 0.0 1.0
stairs/seq-04/color/frame-000089.color.png stairs/seq-04/color/frame-000091.color.png 0.99996 0.00475937 -0.0076289 0.0020289 -0.0048253 0.999951 -0.0086459 0.00746351 0.00758739 0.00868236 0.999934 -0.0062145 0.0 0.0 0.0 1.0
stairs/seq-04/color/frame-000091.color.png stairs/seq-04/color/frame-000093.color.png 0.99992 -0.00109729 -0.0126226 0.0163465 0.00102492 0.999983 -0.00573947 0.00418162 0.0126287 0.00572607 0.999904 0.00334609 0.0 0.0 0.0 1.0
stairs/seq-04/color/frame-000093.color.png stairs/seq-04/color/frame-000095.color.png 0.999727 0.00290348 -0.0231841 0.0270439 -0.00322244 0.999901 -0.0137325 0.00854632 0.0231419 0.0138035 0.999637 0.00404215 0.0 0.0 0.0 1.0
stairs/seq-04/color/frame-000095.color.png stairs/seq-04/color/frame-000097.color.png 0.999755 0.00764105 -0.020798 0.0276063 -0.00796778 0.999846 -0.0156725 0.0122066 0.020675 0.0158343 0.999661 -0.00393367 0.0 0.0 0.0 1.0
stairs/seq-04/color/frame-000097.color.png stairs/seq-04/color/frame-000099.color.png 0.999952 0.00754064 -0.00621652 0.0201548 -0.00754124 0.999972 -7.53601e-05 0.00357041 0.00621577 0.000122252 0.999981 0.0017305 0.0 0.0 0.0 1.0
stairs/seq-04/color/frame-000099.color.png stairs/seq-04/color/frame-000101.color.png 0.999977 0.000100998 -0.00674802 0.0240975 -0.000138935 0.999984 -0.00562135 0.00392202 0.00674735 0.00562216 0.999961 -0.00212026 0.0 0.0 0.0 1.0
stairs/seq-04/color/frame-000101.color.png stairs/seq-04/color/frame-000103.color.png 0.999948 0.00806354 -0.00626837 0.0210321 -0.00808898 0.999959 -0.00404285 0.00547427 0.00623551 0.00409335 0.999972 -0.0013063 0.0 0.0 0.0 1.0
stairs/seq-04/color/frame-000103.color.png stairs/seq-04/color/frame-000105.color.png 0.999796 0.0147938 -0.0137242 0.0348271 -0.0147866 0.99989 0.000626874 0.0053294 0.0137319 -0.000423811 0.999906 -0.000926971 0.0 0.0 0.0 1.0
stairs/seq-04/color/frame-000105.color.png stairs/seq-04/color/frame-000107.color.png 0.999839 0.0100965 -0.0148616 0.0307929 -0.0101658 0.999938 -0.00459849 0.00263855 0.0148142 0.00474884 0.999879 -0.00291765 0.0 0.0 0.0 1.0
stairs/seq-04/color/frame-000107.color.png stairs/seq-04/color/frame-000109.color.png 0.999872 0.00523664 -0.0151405 0.0227667 -0.00533134 0.999966 -0.00622124 0.00688595 0.0151074 0.00630115 0.999866 -0.00352889 0.0 0.0 0.0 1.0
stairs/seq-04/color/frame-000109.color.png stairs/seq-04/color/frame-000111.color.png 0.999625 0.00966699 -0.0256147 0.0387189 -0.00972773 0.99995 -0.0022476 0.00434038 0.0255916 0.00249592 0.999669 -0.00159925 0.0 0.0 0.0 1.0
stairs/seq-04/color/frame-000111.color.png stairs/seq-04/color/frame-000113.color.png 0.999957 0.00306457 -0.00875489 0.019038 -0.003113 0.99998 -0.00552311 0.00737476 0.00873782 0.00555013 0.999946 0.00173879 0.0 0.0 0.0 1.0
stairs/seq-04/color/frame-000113.color.png stairs/seq-04/color/frame-000115.color.png 0.999756 0.00593052 -0.0212663 0.0321682 -0.00594268 0.999982 -0.000508623 0.00347373 0.021263 0.000634885 0.999774 -0.00493461 0.0 0.0 0.0 1.0
stairs/seq-04/color/frame-000115.color.png stairs/seq-04/color/frame-000117.color.png 0.99982 0.00553613 -0.0181475 0.0258172 -0.005568 0.999983 -0.00170588 0.00348422 0.0181377 0.00180661 0.999834 -0.00201666 0.0 0.0 0.0 1.0
stairs/seq-04/color/frame-000117.color.png stairs/seq-04/color/frame-000119.color.png 0.999695 0.00415601 -0.0243566 0.0275308 -0.0042183 0.999988 -0.00250692 0.00206757 0.0243459 0.00260891 0.9997 -0.00606799 0.0 0.0 0.0 1.0
stairs/seq-04/color/frame-000119.color.png stairs/seq-04/color/frame-000121.color.png 0.999529 0.0115844 -0.0284081 0.0387042 -0.0117053 0.999923 -0.00409338 0.00608003 0.0283585 0.00442399 0.999588 -0.0022577 0.0 0.0 0.0 1.0
stairs/seq-04/color/frame-000121.color.png stairs/seq-04/color/frame-000123.color.png 0.999654 0.0101447 -0.0242722 0.0206429 -0.01042 0.999882 -0.0112404 0.0124341 0.0241553 0.0114894 0.999642 -0.0141928 0.0 0.0 0.0 1.0
stairs/seq-04/color/frame-000123.color.png stairs/seq-04/color/frame-000125.color.png 0.999311 0.0156159 -0.0336646 0.0269939 -0.0157479 0.999869 -0.00366002 0.00761682 0.0336031 0.00418762 0.999427 -0.0108569 0.0 0.0 0.0 1.0
stairs/seq-04/color/frame-000125.color.png stairs/seq-04/color/frame-000127.color.png 0.999442 0.0116152 -0.0313219 0.0372599 -0.0117683 0.99992 -0.00470682 0.00638857 0.0312647 0.00507281 0.999498 -0.00894737 0.0 0.0 0.0 1.0
stairs/seq-04/color/frame-000127.color.png stairs/seq-04/color/frame-000129.color.png 0.999827 0.0130893 -0.0132353 -0.00142732 -0.0132648 0.999824 -0.0132572 0.0211146 0.0130594 0.0134305 0.999825 -0.00720274 0.0 0.0 0.0 1.0
stairs/seq-04/color/frame-000129.color.png stairs/seq-04/color/frame-000131.color.png 0.999748 0.00760257 -0.0211097 0.0261091 -0.00784543 0.999904 -0.0114455 0.0171652 0.0210206 0.0116082 0.999712 -0.00365102 0.0 0.0 0.0 1.0
stairs/seq-04/color/frame-000131.color.png stairs/seq-04/color/frame-000133.color.png 0.99946 0.0130269 -0.0301852 0.0490931 -0.0130497 0.999915 -0.000559734 -0.0145166 0.0301754 0.000953365 0.999544 -0.00618666 0.0 0.0 0.0 1.0
stairs/seq-04/color/frame-000133.color.png stairs/seq-04/color/frame-000135.color.png 0.999676 0.0123739 -0.0222569 0.0158748 -0.0125118 0.999903 -0.00606565 0.00867277 0.0221796 0.00634216 0.999734 -0.00533915 0.0 0.0 0.0 1.0
stairs/seq-04/color/frame-000135.color.png stairs/seq-04/color/frame-000137.color.png 0.999654 0.0100285 -0.0243052 0.0232268 -0.0101025 0.999945 -0.00292268 0.00653109 0.0242747 0.00316718 0.9997 -0.00867677 0.0 0.0 0.0 1.0
stairs/seq-04/color/frame-000137.color.png stairs/seq-04/color/frame-000139.color.png 0.999899 0.00826968 -0.0115805 0.0100397 -0.00834126 0.999946 -0.00614615 0.00923842 0.011529 0.00624216 0.999914 -0.00776047 0.0 0.0 0.0 1.0
stairs/seq-04/color/frame-000139.color.png stairs/seq-04/color/frame-000141.color.png 0.999824 0.00594676 -0.0177845 0.0201843 -0.00609061 0.999949 -0.00804569 0.00957975 0.0177358 0.00815261 0.999809 -0.0107603 0.0 0.0 0.0 1.0
stairs/seq-04/color/frame-000141.color.png stairs/seq-04/color/frame-000143.color.png 0.999735 0.00652774 -0.0220548 0.0244269 -0.00670784 0.999945 -0.00810255 0.00965205 0.0220006 0.00824832 0.999724 -0.00853425 0.0 0.0 0.0 1.0
stairs/seq-04/color/frame-000143.color.png stairs/seq-04/color/frame-000145.color.png 0.999884 0.009024 -0.0122514 0.00456268 -0.00915481 0.999901 -0.0106605 0.0165451 0.012154 0.0107714 0.999868 -0.0118988 0.0 0.0 0.0 1.0
stairs/seq-04/color/frame-000145.color.png stairs/seq-04/color/frame-000147.color.png 0.999734 0.00842294 -0.0214924 0.0249159 -0.0084745 0.999961 -0.00230988 0.00490892 0.021472 0.00249138 0.999766 -0.0178494 0.0 0.0 0.0 1.0
stairs/seq-04/color/frame-000147.color.png stairs/seq-04/color/frame-000149.color.png 0.999798 0.00986964 -0.0175055 0.00654542 -0.00989655 0.99995 -0.00145253 -0.00462928 0.0174903 0.0016255 0.999846 -0.01162 0.0 0.0 0.0 1.0
stairs/seq-04/color/frame-000149.color.png stairs/seq-04/color/frame-000151.color.png 0.999603 0.0105656 -0.0261354 0.0226129 -0.0107156 0.999927 -0.00560637 0.0165732 0.0260741 0.00588415 0.999643 -0.00934824 0.0 0.0 0.0 1.0
stairs/seq-04/color/frame-000151.color.png stairs/seq-04/color/frame-000153.color.png 0.999761 0.00306816 -0.0216523 0.0111872 -0.00322383 0.999969 -0.00715758 0.0106518 0.0216297 0.00722569 0.99974 0.00200039 0.0 0.0 0.0 1.0
stairs/seq-04/color/frame-000153.color.png stairs/seq-04/color/frame-000155.color.png 0.999445 0.0156759 -0.0293988 0.0243148 -0.0155386 0.999867 0.00489288 0.0013077 0.0294716 -0.00443334 0.999556 -0.0147525 0.0 0.0 0.0 1.0
stairs/seq-04/color/frame-000155.color.png stairs/seq-04/color/frame-000157.color.png 0.999828 0.0124101 -0.0137657 -0.000995398 -0.0124092 0.999923 0.000146348 0.00213864 0.0137665 2.45113e-05 0.999905 0.000108927 0.0 0.0 0.0 1.0
stairs/seq-04/color/frame-000157.color.png stairs/seq-04/color/frame-000159.color.png 0.999869 0.00361198 -0.015797 0.0152737 -0.00359879 0.999993 0.000868085 -0.00337571 0.0158001 -0.000811146 0.999875 -0.00270945 0.0 0.0 0.0 1.0
stairs/seq-04/color/frame-000159.color.png stairs/seq-04/color/frame-000161.color.png 0.999854 0.00361082 -0.0166804 0.00336754 -0.00369909 0.999979 -0.00526909 0.011897 0.0166608 0.00533001 0.999847 -0.000500739 0.0 0.0 0.0 1.0
stairs/seq-04/color/frame-000161.color.png stairs/seq-04/color/frame-000163.color.png 0.999586 0.00872002 -0.0274037 0.0254562 -0.00901341 0.999903 -0.0105999 0.0109078 0.0273086 0.0108425 0.999568 -0.00291359 0.0 0.0 0.0 1.0
stairs/seq-04/color/frame-000163.color.png stairs/seq-04/color/frame-000165.color.png 0.99988 0.00494647 -0.0147053 0.0142013 -0.00498144 0.999985 -0.00234059 0.00572473 0.0146936 0.00241359 0.999889 -0.00542891 0.0 0.0 0.0 1.0
stairs/seq-04/color/frame-000165.color.png stairs/seq-04/color/frame-000167.color.png 0.99985 0.0102273 -0.0139819 0.00834715 -0.0102386 0.999947 -0.000735492 -0.00119781 0.0139737 0.000878533 0.999902 -0.00726306 0.0 0.0 0.0 1.0
stairs/seq-04/color/frame-000167.color.png stairs/seq-04/color/frame-000169.color.png 0.999733 0.00894886 -0.0212984 0.0163435 -0.0090247 0.999953 -0.00346954 0.00899589 0.0212662 0.00366091 0.999767 -0.0138227 0.0 0.0 0.0 1.0
stairs/seq-04/color/frame-000169.color.png stairs/seq-04/color/frame-000171.color.png 0.999847 0.0114423 -0.0132142 0.0148094 -0.01141 0.999932 0.00251689 0.00235721 0.0132422 -0.00236574 0.999909 -0.00658727 0.0 0.0 0.0 1.0
stairs/seq-04/color/frame-000171.color.png stairs/seq-04/color/frame-000173.color.png 0.999867 0.0134005 -0.00934026 0.0071958 -0.0133206 0.999875 0.00857388 0.00023672 0.00945386 -0.00844833 0.99992 -0.0125556 0.0 0.0 0.0 1.0
stairs/seq-04/color/frame-000173.color.png stairs/seq-04/color/frame-000175.color.png 0.999844 0.0143022 -0.0103575 0.0176519 -0.0142098 0.999859 0.00893562 0.00269121 0.010484 -0.00878702 0.999906 -0.00808296 0.0 0.0 0.0 1.0
stairs/seq-04/color/frame-000175.color.png stairs/seq-04/color/frame-000177.color.png 0.999957 0.00879351 -0.00295058 -0.00562683 -0.00874195 0.999817 0.0170317 -0.00584903 0.00309979 -0.0170052 0.999851 0.00119874 0.0 0.0 0.0 1.0
stairs/seq-04/color/frame-000177.color.png stairs/seq-04/color/frame-000179.color.png 0.999872 0.0113309 -0.011268 0.00673914 -0.0111113 0.999751 0.0193703 -0.00704217 0.0114845 -0.0192425 0.999749 -0.00929049 0.0 0.0 0.0 1.0
stairs/seq-04/color/frame-000179.color.png stairs/seq-04/color/frame-000181.color.png 0.999707 0.011355 -0.0213939 0.00967696 -0.0109612 0.99977 0.0184372 -0.00080812 0.0215984 -0.0181974 0.999601 -0.00278401 0.0 0.0 0.0 1.0
stairs/seq-04/color/frame-000181.color.png stairs/seq-04/color/frame-000183.color.png 0.999792 0.00945181 -0.0180515 0.0170921 -0.00934298 0.999938 0.0061023 -0.00232771 0.018108 -0.00593234 0.999818 -0.00649714 0.0 0.0 0.0 1.0
stairs/seq-04/color/frame-000183.color.png stairs/seq-04/color/frame-000185.color.png 0.999937 0.00723722 -0.00859566 0.00112084 -0.00722921 0.999973 0.000960713 -0.000234574 0.00860242 -0.000898507 0.999963 0.00304222 0.0 0.0 0.0 1.0
stairs/seq-04/color/frame-000185.color.png stairs/seq-04/color/frame-000187.color.png 0.999968 0.0044074 -0.00673799 0.00900063 -0.00438165 0.999983 0.00383499 -0.0033077 0.0067548 -0.00380539 0.99997 -0.0074597 0.0 0.0 0.0 1.0
stairs/seq-04/color/frame-000187.color.png stairs/seq-04/color/frame-000189.color.png 0.999718 0.00646009 -0.0228435 0.0164797 -0.00629582 0.999954 0.00725412 0.000931323 0.0228894 -0.00710824 0.999713 -0.00536776 0.0 0.0 0.0 1.0
stairs/seq-04/color/frame-000189.color.png stairs/seq-04/color/frame-000191.color.png 0.999835 0.00963073 -0.0153971 0.0117218 -0.00961992 0.999953 0.000778541 0.00809345 0.0154037 -0.000630289 0.999881 -0.00650769 0.0 0.0 0.0 1.0
stairs/seq-04/color/frame-000191.color.png stairs/seq-04/color/frame-000193.color.png 0.999783 0.0172358 -0.011685 0.0194559 -0.0170682 0.999752 0.0142904 -0.00530696 0.0119285 -0.0140879 0.99983 -0.00408137 0.0 0.0 0.0 1.0
stairs/seq-04/color/frame-000193.color.png stairs/seq-04/color/frame-000195.color.png 0.999896 0.0134867 0.0051389 -0.00258932 -0.0135662 0.999784 0.0157578 -0.00659513 -0.00492525 -0.0158259 0.999863 -0.00371242 0.0 0.0 0.0 1.0
stairs/seq-04/color/frame-000195.color.png stairs/seq-04/color/frame-000197.color.png 0.999833 0.00703024 0.0168996 -0.0105204 -0.00726599 0.999877 0.0139293 -0.00309092 -0.0167996 -0.0140497 0.99976 0.00611049 0.0 0.0 0.0 1.0
stairs/seq-04/color/frame-000197.color.png stairs/seq-04/color/frame-000199.color.png 0.999865 0.00232934 0.0162791 0.00223196 -0.00258903 0.999869 0.0159511 -0.0100331 -0.0162398 -0.0159911 0.99974 -0.00182992 0.0 0.0 0.0 1.0
stairs/seq-04/color/frame-000199.color.png stairs/seq-04/color/frame-000201.color.png 0.999713 0.00422116 0.0236033 -0.0182838 -0.0047778 0.999711 0.0235774 -0.0112794 -0.0234969 -0.0236834 0.999443 0.00175494 0.0 0.0 0.0 1.0
stairs/seq-04/color/frame-000201.color.png stairs/seq-04/color/frame-000203.color.png 0.99976 0.00486842 0.0213732 -0.0227109 -0.00517597 0.999883 0.014357 0.00662377 -0.0213007 -0.0144641 0.999668 0.0143875 0.0 0.0 0.0 1.0
stairs/seq-04/color/frame-000203.color.png stairs/seq-04/color/frame-000205.color.png 0.999879 0.00194202 0.0154037 -0.00743204 -0.00217886 0.999879 0.0153702 -0.0101609 -0.0153719 -0.0154019 0.999763 -9.75728e-05 0.0 0.0 0.0 1.0
stairs/seq-04/color/frame-000205.color.png stairs/seq-04/color/frame-000207.color.png 0.99996 -0.001744 0.00877567 -0.00428194 0.00169964 0.999986 0.00506314 0.000255138 -0.00878441 -0.00504796 0.999949 0.00420761 0.0 0.0 0.0 1.0
stairs/seq-04/color/frame-000207.color.png stairs/seq-04/color/frame-000209.color.png 0.999809 0.00650979 0.0184094 -0.00181672 -0.00673985 0.9999 0.0124635 -0.0144073 -0.0183265 -0.0125852 0.999753 -0.000985444 0.0 0.0 0.0 1.0
stairs/seq-04/color/frame-000209.color.png stairs/seq-04/color/frame-000211.color.png 0.99984 -0.000813667 0.0178846 -0.0195274 0.000606241 0.999932 0.0115948 -0.00769511 -0.017893 -0.0115821 0.999773 0.00830954 0.0 0.0 0.0 1.0
stairs/seq-04/color/frame-000211.color.png stairs/seq-04/color/frame-000213.color.png 0.9997 -0.00769525 0.0232548 -0.00854126 0.00708119 0.999627 0.0263778 -0.0153919 -0.0234491 -0.0262052 0.999381 8.73804e-05 0.0 0.0 0.0 1.0
stairs/seq-04/color/frame-000213.color.png stairs/seq-04/color/frame-000215.color.png 0.999872 -0.00408266 0.0154732 -0.0118579 0.00385482 0.999884 0.0147252 -0.0056133 -0.0155315 -0.0146636 0.999772 0.00395596 0.0 0.0 0.0 1.0
stairs/seq-04/color/frame-000215.color.png stairs/seq-04/color/frame-000217.color.png 0.999899 -0.00150769 0.0141483 -0.0147085 0.00136721 0.99995 0.00993057 -0.00648203 -0.0141625 -0.00991025 0.99985 0.00653565 0.0 0.0 0.0 1.0
stairs/seq-04/color/frame-000217.color.png stairs/seq-04/color/frame-000219.color.png 0.999862 -0.00168843 0.016546 -0.00869417 0.00158645 0.99998 0.00617411 -0.0054287 -0.0165562 -0.00614698 0.999844 0.00533605 0.0 0.0 0.0 1.0
stairs/seq-04/color/frame-000219.color.png stairs/seq-04/color/frame-000221.color.png 0.999904 -0.00490411 0.0129658 -0.0145429 0.00488776 0.999987 0.00129113 0.000244081 -0.0129719 -0.00122762 0.999915 0.009624 0.0 0.0 0.0 1.0
stairs/seq-04/color/frame-000221.color.png stairs/seq-04/color/frame-000223.color.png 0.999931 0.00013374 0.0117439 -0.00283667 -0.00015928 0.999998 0.00217725 -0.00234339 -0.0117435 -0.002179 0.999929 0.00694472 0.0 0.0 0.0 1.0
stairs/seq-04/color/frame-000223.color.png stairs/seq-04/color/frame-000225.color.png 0.999657 -0.0113174 0.0236242 -0.0195164 0.0111693 0.999917 0.00639193 -0.00745678 -0.0236946 -0.00612591 0.9997 0.00996327 0.0 0.0 0.0 1.0
stairs/seq-04/color/frame-000225.color.png stairs/seq-04/color/frame-000227.color.png 0.999802 -0.0147642 0.0133325 -0.0173619 0.0147215 0.999886 0.00328924 -0.00939307 -0.0133797 -0.00309228 0.999906 0.0090692 0.0 0.0 0.0 1.0
stairs/seq-04/color/frame-000227.color.png stairs/seq-04/color/frame-000229.color.png 0.999883 -0.00956047 0.0119029 -0.00852618 0.00954678 0.999954 0.00120746 -0.00136498 -0.0119138 -0.0010937 0.999928 0.00394362 0.0 0.0 0.0 1.0
stairs/seq-04/color/frame-000229.color.png stairs/seq-04/color/frame-000231.color.png 0.999618 -0.0107092 0.0254874 -0.0190854 0.010517 0.999915 0.00766352 -0.0101347 -0.0255674 -0.00739256 0.999646 0.01556 0.0 0.0 0.0 1.0
stairs/seq-04/color/frame-000231.color.png stairs/seq-04/color/frame-000233.color.png 0.999842 -0.00228682 0.0176317 -0.0156617 0.00218922 0.999982 0.00555049 -0.000768363 -0.0176441 -0.00551102 0.999829 0.00878984 0.0 0.0 0.0 1.0
stairs/seq-04/color/frame-000233.color.png stairs/seq-04/color/frame-000235.color.png 0.999786 -0.0092257 0.018493 -0.00868937 0.00910763 0.999938 0.00645889 -0.0181081 -0.0185515 -0.00628906 0.999808 0.00615436 0.0 0.0 0.0 1.0
stairs/seq-04/color/frame-000235.color.png stairs/seq-04/color/frame-000237.color.png 0.999762 -0.00910885 0.0198142 -0.0313438 0.0090343 0.999952 0.00384666 5.24223e-05 -0.0198483 -0.00366675 0.999796 0.0168028 0.0 0.0 0.0 1.0
stairs/seq-04/color/frame-000237.color.png stairs/seq-04/color/frame-000239.color.png 0.999619 -0.015537 0.0228319 -0.0204117 0.015395 0.999861 0.0063836 -0.0102438 -0.0229279 -0.00602965 0.999719 0.0140991 0.0 0.0 0.0 1.0
stairs/seq-04/color/frame-000239.color.png stairs/seq-04/color/frame-000241.color.png 0.999822 -0.00844906 0.0168597 -0.0140529 0.00842665 0.999963 0.00139974 -0.00943092 -0.016871 -0.00125742 0.999857 0.0114604 0.0 0.0 0.0 1.0
stairs/seq-04/color/frame-000241.color.png stairs/seq-04/color/frame-000243.color.png 0.99975 -0.00189872 0.0222837 -0.0139104 0.00187871 0.999998 0.000920583 -0.00970465 -0.0222854 -0.000878506 0.999751 0.00778031 0.0 0.0 0.0 1.0
stairs/seq-04/color/frame-000243.color.png stairs/seq-04/color/frame-000245.color.png 0.999176 -0.00770244 0.0398501 -0.0554941 0.00789046 0.999958 -0.00456355 0.00632021 -0.0398132 0.0048742 0.999195 0.0206636 0.0 0.0 0.0 1.0
stairs/seq-04/color/frame-000245.color.png stairs/seq-04/color/frame-000247.color.png 0.999535 -0.00846962 0.0292931 -0.0238682 0.00871499 0.999928 -0.00825868 0.00268087 -0.029221 0.00851013 0.999537 0.0142423 0.0 0.0 0.0 1.0
stairs/seq-04/color/frame-000247.color.png stairs/seq-04/color/frame-000249.color.png 0.999755 -0.0143297 0.0168767 -0.0148605 0.0143339 0.999897 -0.000131631 -0.01518 -0.0168731 0.000373511 0.999858 0.00956249 0.0 0.0 0.0 1.0
stairs/seq-04/color/frame-000249.color.png stairs/seq-04/color/frame-000251.color.png 0.999822 -0.00849099 0.0168714 -0.0129979 0.00842089 0.999956 0.00422071 -0.00744522 -0.0169066 -0.00407789 0.999849 0.0066359 0.0 0.0 0.0 1.0
stairs/seq-04/color/frame-000251.color.png stairs/seq-04/color/frame-000253.color.png 0.999681 -0.00806491 0.0239311 -0.0243802 0.00818961 0.999953 -0.00511779 0.00310314 -0.0238886 0.00531217 0.9997 0.0178629 0.0 0.0 0.0 1.0
stairs/seq-04/color/frame-000253.color.png stairs/seq-04/color/frame-000255.color.png 0.999837 -0.00619749 0.0169831 -0.0154889 0.00630315 0.999961 -0.0061746 -0.0137735 -0.0169442 0.00628062 0.999837 0.0204408 0.0 0.0 0.0 1.0
stairs/seq-04/color/frame-000255.color.png stairs/seq-04/color/frame-000257.color.png 0.999998 -0.00150153 0.00124 0.0065293 0.00150729 0.999988 -0.00463905 -0.0172195 -0.00123297 0.00464092 0.999988 0.00628924 0.0 0.0 0.0 1.0
stairs/seq-04/color/frame-000257.color.png stairs/seq-04/color/frame-000259.color.png 0.999934 -0.00347762 0.0109474 -0.0234132 0.00359325 0.999938 -0.0105608 0.00231016 -0.01091 0.0105995 0.999884 0.010877 0.0 0.0 0.0 1.0
stairs/seq-04/color/frame-000259.color.png stairs/seq-04/color/frame-000261.color.png 0.999965 -0.00794452 -0.00268735 0.0086908 0.00790496 0.999865 -0.0144212 -0.00957191 0.00280146 0.0143995 0.999892 0.0156204 0.0 0.0 0.0 1.0
stairs/seq-04/color/frame-000261.color.png stairs/seq-04/color/frame-000263.color.png 0.999989 -0.00453109 0.00101454 -0.00668648 0.00454368 0.999908 -0.0127704 -0.000179619 -0.000956572 0.0127749 0.999918 0.00861222 0.0 0.0 0.0 1.0
stairs/seq-04/color/frame-000263.color.png stairs/seq-04/color/frame-000265.color.png 0.999967 -0.00656267 -0.00488155 0.00377649 0.00647169 0.999809 -0.0184259 0.0124479 0.00500159 0.0183937 0.999818 0.0120715 0.0 0.0 0.0 1.0
stairs/seq-04/color/frame-000265.color.png stairs/seq-04/color/frame-000267.color.png 0.999935 -0.00775936 0.00830977 -0.0227046 0.00784687 0.999914 -0.0105503 0.00201002 -0.00822724 0.0106148 0.99991 0.00607967 0.0 0.0 0.0 1.0
stairs/seq-04/color/frame-000267.color.png stairs/seq-04/color/frame-000269.color.png 0.999791 -0.00804762 0.0188001 -0.02599 0.00828198 0.999889 -0.0124212 0.00132936 -0.0186981 0.0125743 0.999746 0.0128044 0.0 0.0 0.0 1.0
stairs/seq-04/color/frame-000269.color.png stairs/seq-04/color/frame-000271.color.png 0.99972 -0.00994098 0.0214597 -0.0274745 0.0101421 0.999905 -0.00928275 0.00406054 -0.0213654 0.0094978 0.999727 0.0122958 0.0 0.0 0.0 1.0
stairs/seq-04/color/frame-000271.color.png stairs/seq-04/color/frame-000273.color.png 0.999798 -0.012519 0.0157466 -0.00114149 0.0127068 0.999849 -0.0118833 0.0224852 -0.0155955 0.012081 0.999805 0.0207037 0.0 0.0 0.0 1.0
stairs/seq-04/color/frame-000273.color.png stairs/seq-04/color/frame-000275.color.png 0.998717 -0.0136675 0.0487523 -0.0663682 0.0134886 0.999901 0.003998 -0.0112018 -0.0488022 -0.00333526 0.998803 0.0138355 0.0 0.0 0.0 1.0
stairs/seq-04/color/frame-000275.color.png stairs/seq-04/color/frame-000277.color.png 0.999807 -0.00639731 0.0185885 -0.00972359 0.0063203 0.999971 0.00419889 -0.0141318 -0.0186148 -0.00408059 0.999818 0.014162 0.0 0.0 0.0 1.0
stairs/seq-04/color/frame-000277.color.png stairs/seq-04/color/frame-000279.color.png 0.999705 -0.00478294 0.0238136 -0.0317877 0.00473189 0.999986 0.0021997 -0.0154386 -0.0238238 -0.00208637 0.999714 0.00473928 0.0 0.0 0.0 1.0
stairs/seq-04/color/frame-000279.color.png stairs/seq-04/color/frame-000281.color.png 0.999703 -0.00200263 0.0242753 -0.0296939 0.00223684 0.999951 -0.0096248 0.00940248 -0.0242548 0.00967624 0.999659 0.0166073 0.0 0.0 0.0 1.0
stairs/seq-04/color/frame-000281.color.png stairs/seq-04/color/frame-000283.color.png 0.99994 -0.00341075 0.0104456 -0.0154788 0.00336603 0.999985 0.00429611 -0.0158637 -0.01046 -0.00426069 0.999936 0.00499797 0.0 0.0 0.0 1.0
stairs/seq-04/color/frame-000283.color.png stairs/seq-04/color/frame-000285.color.png 0.99972 0.00281859 0.023507 -0.0407502 -0.00269555 0.999983 -0.00526437 0.00100946 -0.0235214 0.00519953 0.99971 0.0132964 0.0 0.0 0.0 1.0
stairs/seq-04/color/frame-000285.color.png stairs/seq-04/color/frame-000287.color.png 0.999894 -0.00344004 0.0141581 -0.0124435 0.00354347 0.999967 -0.00728692 0.0048351 -0.0141326 0.00733631 0.999873 0.011038 0.0 0.0 0.0 1.0
stairs/seq-04/color/frame-000287.color.png stairs/seq-04/color/frame-000289.color.png 0.999718 0.00182822 0.0236634 -0.0345784 -0.00171947 0.999988 -0.00461502 -0.000878006 -0.0236715 0.00457304 0.999709 0.00930846 0.0 0.0 0.0 1.0
stairs/seq-04/color/frame-000289.color.png stairs/seq-04/color/frame-000291.color.png 0.999948 -0.000820354 0.0102027 -0.014748 0.000807044 0.999999 0.00130855 -0.00311691 -0.0102038 -0.00130025 0.999947 0.00511664 0.0 0.0 0.0 1.0
stairs/seq-04/color/frame-000291.color.png stairs/seq-04/color/frame-000293.color.png 0.99996 0.00163255 0.00874045 -0.0148396 -0.00162091 0.999998 -0.00133849 -0.00127417 -0.00874259 0.00132426 0.999961 0.0082711 0.0 0.0 0.0 1.0
stairs/seq-04/color/frame-000293.color.png stairs/seq-04/color/frame-000295.color.png 0.999996 -4.57048e-05 -0.00298649 0.00303309 4.41622e-05 1.0 -0.000516211 -0.00488922 0.00298649 0.000516084 0.999996 0.00551254 0.0 0.0 0.0 1.0
stairs/seq-04/color/frame-000295.color.png stairs/seq-04/color/frame-000297.color.png 0.999971 0.00557278 0.0052471 -0.0347063 -0.00557755 0.999984 0.000894275 -0.000136852 -0.00524201 -0.000923523 0.999986 0.00508571 0.0 0.0 0.0 1.0
stairs/seq-04/color/frame-000297.color.png stairs/seq-04/color/frame-000299.color.png 0.999998 0.00200023 0.000139788 -0.017943 -0.00200013 0.999998 -0.000705733 -0.00130892 -0.000141198 0.000705451 1.0 0.00324631 0.0 0.0 0.0 1.0
stairs/seq-04/color/frame-000299.color.png stairs/seq-04/color/frame-000301.color.png 0.999893 -0.000979922 -0.0145796 0.0115793 0.000983696 0.999999 0.000251931 -0.0137835 0.0145794 -0.000266239 0.999894 0.0033195 0.0 0.0 0.0 1.0
stairs/seq-04/color/frame-000301.color.png stairs/seq-04/color/frame-000303.color.png 0.999944 -0.00274025 -0.0102274 -0.00740761 0.00267455 0.999976 -0.00643254 0.00106889 0.0102447 0.00640482 0.999927 0.00228262 0.0 0.0 0.0 1.0
stairs/seq-04/color/frame-000303.color.png stairs/seq-04/color/frame-000305.color.png 0.999665 -9.34793e-05 -0.0258888 0.0215434 8.57975e-05 1.0 -0.000297913 0.00829265 0.0258888 0.000295593 0.999665 0.00472409 0.0 0.0 0.0 1.0
stairs/seq-04/color/frame-000305.color.png stairs/seq-04/color/frame-000307.color.png 0.999781 -0.00141583 -0.0208578 0.0526622 0.00146672 0.999996 0.00242443 -0.00774744 0.0208543 -0.00245449 0.999779 0.00877136 0.0 0.0 0.0 1.0
stairs/seq-04/color/frame-000307.color.png stairs/seq-04/color/frame-000309.color.png 0.999959 0.00178123 -0.00889843 0.0117335 -0.0018336 0.999981 -0.00588062 -0.00762016 0.0088878 0.0058967 0.999943 0.00589645 0.0 0.0 0.0 1.0
stairs/seq-04/color/frame-000309.color.png stairs/seq-04/color/frame-000311.color.png 0.999997 -0.00185457 -0.00138978 -0.0136896 0.00183693 0.999919 -0.0125886 0.0203278 0.001413 0.012586 0.99992 0.00344431 0.0 0.0 0.0 1.0
stairs/seq-04/color/frame-000311.color.png stairs/seq-04/color/frame-000313.color.png 0.999641 0.00050691 -0.0267754 0.0341585 -0.000531842 0.999999 -0.000924074 -0.00570291 0.0267749 0.000937983 0.999641 0.0112555 0.0 0.0 0.0 1.0
stairs/seq-04/color/frame-000313.color.png stairs/seq-04/color/frame-000315.color.png 0.999876 0.00680114 -0.0141989 0.0291126 -0.00690033 0.999952 -0.00694912 0.0132856 0.014151 0.00704624 0.999875 0.0133964 0.0 0.0 0.0 1.0
stairs/seq-04/color/frame-000315.color.png stairs/seq-04/color/frame-000317.color.png 0.999987 0.00327657 0.00398948 0.00951677 -0.00329162 0.999987 0.00377315 -0.0141537 -0.00397711 -0.00378623 0.999985 0.00818276 0.0 0.0 0.0 1.0
stairs/seq-04/color/frame-000317.color.png stairs/seq-04/color/frame-000319.color.png 0.999998 -0.00189086 0.000597113 -9.19178e-05 0.00189745 0.999935 -0.0112358 0.00561121 -0.000575795 0.0112369 0.999937 0.015012 0.0 0.0 0.0 1.0
stairs/seq-04/color/frame-000319.color.png stairs/seq-04/color/frame-000321.color.png 0.99997 -0.00343067 -0.00695538 0.0322254 0.0033799 0.999968 -0.00729742 -0.00871497 0.00698015 0.00727369 0.999949 0.0128701 0.0 0.0 0.0 1.0
stairs/seq-04/color/frame-000321.color.png stairs/seq-04/color/frame-000323.color.png 0.999966 0.00699676 -0.00440379 0.0300906 -0.00703007 0.999946 -0.0075947 -0.00465822 0.0043504 0.00762539 0.999962 0.0238277 0.0 0.0 0.0 1.0
stairs/seq-04/color/frame-000323.color.png stairs/seq-04/color/frame-000325.color.png 0.99999 0.00282698 -0.003527 0.0181654 -0.00283848 0.999991 -0.00325748 0.00869629 0.00351785 0.00326746 0.999988 0.0147412 0.0 0.0 0.0 1.0
stairs/seq-04/color/frame-000325.color.png stairs/seq-04/color/frame-000327.color.png 0.999975 0.00106348 0.00696228 0.0330643 -0.00107519 0.999998 0.00167913 -0.0139689 -0.0069605 -0.00168658 0.999974 0.0317482 0.0 0.0 0.0 1.0
stairs/seq-04/color/frame-000327.color.png stairs/seq-04/color/frame-000329.color.png 0.999918 -0.00299297 0.0124421 -0.0088481 0.00296963 0.999994 0.00189442 -0.01512 -0.0124477 -0.00185732 0.999921 0.0139062 0.0 0.0 0.0 1.0
stairs/seq-04/color/frame-000329.color.png stairs/seq-04/color/frame-000331.color.png 0.99997 0.00676342 0.00377999 0.00669816 -0.00677462 0.999973 0.00295981 -0.00263175 -0.00375989 -0.00298533 0.999989 0.00457811 0.0 0.0 0.0 1.0
stairs/seq-04/color/frame-000331.color.png stairs/seq-04/color/frame-000333.color.png 0.999969 0.00373558 0.00698639 0.000809714 -0.00370771 0.999985 -0.00399774 0.00234753 -0.00700125 0.00397171 0.999968 0.0103819 0.0 0.0 0.0 1.0
stairs/seq-04/color/frame-000333.color.png stairs/seq-04/color/frame-000335.color.png 0.999992 -0.00187898 0.00345065 0.00125709 0.00188495 0.999997 -0.00172623 -0.00602359 -0.00344739 0.00173273 0.999993 0.00831097 0.0 0.0 0.0 1.0
stairs/seq-04/color/frame-000335.color.png stairs/seq-04/color/frame-000337.color.png 0.999966 0.00292073 -0.0077429 0.0142165 -0.00298193 0.999964 -0.00790273 0.00510737 0.00771952 0.00792554 0.999939 0.0110301 0.0 0.0 0.0 1.0
stairs/seq-04/color/frame-000337.color.png stairs/seq-04/color/frame-000339.color.png 0.999965 0.00157664 -0.00818886 0.00803897 -0.00165189 0.999956 -0.00919154 0.00761783 0.00817405 0.00920474 0.999924 0.00453645 0.0 0.0 0.0 1.0
stairs/seq-04/color/frame-000339.color.png stairs/seq-04/color/frame-000341.color.png 0.999972 -0.00172214 -0.00730299 0.0075402 0.00167957 0.999982 -0.00583178 -0.000528753 0.00731294 0.00581937 0.999956 0.00852472 0.0 0.0 0.0 1.0
stairs/seq-04/color/frame-000341.color.png stairs/seq-04/color/frame-000343.color.png 0.99982 0.00350541 -0.0186619 0.0354428 -0.00355019 0.999991 -0.00236706 -0.00187314 0.0186534 0.00243288 0.999823 0.00714833 0.0 0.0 0.0 1.0
stairs/seq-04/color/frame-000343.color.png stairs/seq-04/color/frame-000345.color.png 0.999984 0.00520458 -0.00214776 0.00304914 -0.00521313 0.999978 -0.00399611 0.0019049 0.00212686 0.00400724 0.99999 0.00900328 0.0 0.0 0.0 1.0
stairs/seq-04/color/frame-000345.color.png stairs/seq-04/color/frame-000347.color.png 0.999978 0.00548899 -0.00381936 -0.00290978 -0.00550986 0.99997 -0.00547859 0.00175297 0.00378914 0.00549951 0.999978 0.00216538 0.0 0.0 0.0 1.0
stairs/seq-04/color/frame-000347.color.png stairs/seq-04/color/frame-000349.color.png 0.999989 0.00309753 -0.00355654 -0.00120315 -0.00308934 0.999992 0.00230988 -0.00160742 0.00356366 -0.00229888 0.999991 0.00470561 0.0 0.0 0.0 1.0
stairs/seq-04/color/frame-000349.color.png stairs/seq-04/color/frame-000351.color.png 0.999994 -0.00276211 -0.00189587 -0.00481635 0.00276049 0.999996 -0.000854044 -0.00136727 0.00189821 0.000848807 0.999998 0.0107353 0.0 0.0 0.0 1.0
