office/seq-05/color/frame-000000.color.png office/seq-05/color/frame-000002.color.png 0.999941 -0.00550315 0.00932817 -0.000402204 0.00549313 0.999984 0.00109874 0.0059849 -0.00933407 -0.00104743 0.999956 0.0047115 0.0 0.0 0.0 1.0
office/seq-05/color/frame-000001.color.png office/seq-05/color/frame-000003.color.png 0.999969 -0.00372878 0.00687669 0.00235102 0.003679 0.999967 0.00723776 0.00668468 -0.00690345 -0.00721224 0.99995 0.00431274 0.0 0.0 0.0 1.0
office/seq-05/color/frame-000002.color.png office/seq-05/color/frame-000004.color.png 0.999953 -0.00420857 0.00868104 0.00137911 0.00411223 0.99993 0.0110861 -0.00205543 -0.00872709 -0.0110498 0.999901 0.00974311 0.0 0.0 0.0 1.0
office/seq-05/color/frame-000003.color.png office/seq-05/color/frame-000005.color.png 0.999948 -0.00167431 0.0100721 0.00221659 0.00160162 0.999973 0.00722076 -0.000253809 -0.0100839 -0.00720425 0.999923 0.00797014 0.0 0.0 0.0 1.0
office/seq-05/color/frame-000004.color.png office/seq-05/color/frame-000006.color.png 0.999937 0.0014332 0.0111224 0.00385585 -0.00152153 0.999967 0.00793742 0.0040002 -0.0111107 -0.00795384 0.999907 0.0078232 0.0 0.0 0.0 1.0
office/seq-05/color/frame-000005.color.png office/seq-05/color/frame-000007.color.png 0.999902 0.00128124 0.0139088 -0.00792339 -0.00142656 0.999944 0.0104433 0.00370032 -0.0138946 -0.0104621 0.999849 0.0158241 0.0 0.0 0.0 1.0
office/seq-05/color/frame-000006.color.png office/seq-05/color/frame-000008.color.png 0.999932 -0.000706463 0.0116254 0.00915211 0.000487569 0.999823 0.018821 -0.00263738 -0.0116367 -0.018814 0.999755 0.0235198 0.0 0.0 0.0 1.0
office/seq-05/color/frame-000007.color.png office/seq-05/color/frame-000009.color.png 0.999926 0.000758299 0.0121495 0.00645132 -0.000940408 0.999887 0.0149903 -0.00321281 -0.0121368 -0.0150006 0.999814 0.0204856 0.0 0.0 0.0 1.0
office/seq-05/color/frame-000008.color.png office/seq-05/color/frame-000010.color.png 0.999805 -0.00047616 0.0197469 -0.00188794 0.000313903 0.999966 0.00821922 -0.00379137 -0.0197502 -0.00821142 0.999771 0.0205582 0.0 0.0 0.0 1.0
office/seq-05/color/frame-000009.color.png office/seq-05/color/frame-000011.color.png 0.999784 -0.00530785 0.02012 0.00264384 0.00514198 0.999953 0.00828666 -9.33828e-05 -0.0201631 -0.00818142 0.999763 0.0216964 0.0 0.0 0.0 1.0
office/seq-05/color/frame-000010.color.png office/seq-05/color/frame-000012.color.png 0.999602 -0.0106523 0.0261077 0.00183689 0.0103382 0.999873 0.0121382 -0.00376641 -0.0262337 -0.0118635 0.999585 0.0269115 0.0 0.0 0.0 1.0
office/seq-05/color/frame-000011.color.png office/seq-05/color/frame-000013.color.png 0.9995 -0.00687446 0.0308643 -0.0110944 0.00648385 0.999898 0.012738 -0.00576741 -0.0309487 -0.0125315 0.999443 0.0229621 0.0 0.0 0.0 1.0
office/seq-05/color/frame-000012.color.png office/seq-05/color/frame-000014.color.png 0.999588 -0.00494189 0.0282828 -0.010295 0.00475373 0.999966 0.00671602 -0.0021191 -0.028315 -0.00657882 0.999577 0.0299933 0.0 0.0 0.0 1.0
office/seq-05/color/frame-000013.color.png office/seq-05/color/frame-000015.color.png 0.999612 -0.00640898 0.0271086 -0.00491576 0.00628084 0.999969 0.00480962 6.69649e-05 -0.0271386 -0.00463748 0.999621 0.0344044 0.0 0.0 0.0 1.0
office/seq-05/color/frame-000014.color.png office/seq-05/color/frame-000016.color.png 0.99953 -0.0121806 0.028143 -0.0152844 0.0117545 0.999814 0.0152561 -0.0127199 -0.0283236 -0.0149181 0.999488 0.0364166 0.0 0.0 0.0 1.0
office/seq-05/color/frame-000015.color.png office/seq-05/color/frame-000017.color.png 0.999586 -0.0177368 0.0226642 -0.00832832 0.01739 0.99973 0.0154071 -0.0171957 -0.0229314 -0.0150066 0.999624 0.0361464 0.0 0.0 0.0 1.0
office/seq-05/color/frame-000016.color.png office/seq-05/color/frame-000018.color.png 0.99976 -0.010057 0.0194537 -0.00271356 0.0100097 0.999947 0.00252545 -0.00752181 -0.0194781 -0.00233013 0.999807 0.0400856 0.0 0.0 0.0 1.0
office/seq-05/color/frame-000017.color.png office/seq-05/color/frame-000019.color.png 0.999794 -0.00256809 0.0201463 -0.0156147 0.00257374 0.999997 -0.000254848 -0.00333495 -0.0201456 0.000306643 0.999797 0.0402829 0.0 0.0 0.0 1.0
office/seq-05/color/frame-000018.color.png office/seq-05/color/frame-000020.color.png 0.999947 0.000352312 0.0102786 -0.0170188 -0.00046661 0.999938 0.0111205 -0.00424808 -0.010274 -0.0111247 0.999885 0.00803104 0.0 0.0 0.0 1.0
office/seq-05/color/frame-000019.color.png office/seq-05/color/frame-000021.color.png 0.999935 0.000446784 0.0113881 0.00101845 -0.000743997 0.999659 0.0261078 -0.0196123 -0.0113726 -0.0261146 0.999594 0.0408885 0.0 0.0 0.0 1.0
office/seq-05/color/frame-000020.color.png office/seq-05/color/frame-000022.color.png 0.99996 0.00266077 0.00854973 0.00307867 -0.00279876 0.999865 0.0161674 -0.019115 -0.00850561 -0.0161907 0.999833 0.0480143 0.0 0.0 0.0 1.0
office/seq-05/color/frame-000021.color.png office/seq-05/color/frame-000023.color.png 0.999891 0.0103569 0.0104821 0.0243354 -0.0104928 0.999861 0.0129945 -0.00794824 -0.010346 -0.013103 0.999861 0.0197714 0.0 0.0 0.0 1.0
office/seq-05/color/frame-000022.color.png office/seq-05/color/frame-000024.color.png 0.999711 0.00417759 0.0236911 0.00702472 -0.00459398 0.999835 0.0175487 -0.0398846 -0.0236138 -0.0176525 0.999565 0.0431559 0.0 0.0 0.0 1.0
office/seq-05/color/frame-000023.color.png office/seq-05/color/frame-000025.color.png 0.999903 0.00174089 0.0138291 -0.0181843 -0.0017232 0.999998 -0.00129045 -0.0247928 -0.0138314 0.00126648 0.999904 0.0359261 0.0 0.0 0.0 1.0
office/seq-05/color/frame-000024.color.png office/seq-05/color/frame-000026.color.png 0.999887 0.0149749 -0.00129969 0.0080927 -0.0149844 0.999858 -0.00765119 0.0176118 0.0011849 0.00766979 0.99997 0.0190724 0.0 0.0 0.0 1.0
office/seq-05/color/frame-000025.color.png office/seq-05/color/frame-000027.color.png 0.999888 0.0129063 0.00756749 0.000869021 -0.0129789 0.99987 0.00961956 -0.0117036 -0.00744236 -0.00971669 0.999925 0.0372753 0.0 0.0 0.0 1.0
office/seq-05/color/frame-000026.color.png office/seq-05/color/frame-000028.color.png 0.999971 0.00623598 0.0043348 0.0133858 -0.00627058 0.999948 0.0080127 -0.0177105 -0.0042846 -0.00803964 0.999959 0.0451322 0.0 0.0 0.0 1.0
office/seq-05/color/frame-000027.color.png office/seq-05/color/frame-000029.color.png 0.999984 0.00561285 -5.43057e-05 0.0102139 -0.00561304 0.999973 -0.00478631 -0.00536839 2.74277e-05 0.00478655 0.999989 0.0263227 0.0 0.0 0.0 1.0
office/seq-05/color/frame-000028.color.png office/seq-05/color/frame-000030.color.png 0.999925 0.00356844 0.0117033 0.00917956 -0.0035228 0.999986 -0.00391712 0.0116896 -0.0117171 0.00387558 0.999924 0.0284136 0.0 0.0 0.0 1.0
office/seq-05/color/frame-000029.color.png office/seq-05/color/frame-000031.color.png 0.99988 -0.00691043 0.0138595 0.0214568 0.00686191 0.99997 0.00354526 -0.00696407 -0.0138836 -0.00344975 0.999898 0.0414891 0.0 0.0 0.0 1.0
office/seq-05/color/frame-000030.color.png office/seq-05/color/frame-000032.color.png 0.999915 -0.0113857 0.00630884 0.0170219 0.0114156 0.999924 -0.00471678 -0.0120657 -0.00625464 0.00478841 0.999969 0.037176 0.0 0.0 0.0 1.0
office/seq-05/color/frame-000031.color.png office/seq-05/color/frame-000033.color.png 0.999966 -0.00686324 0.00453524 0.01415 0.00692511 0.999881 -0.0137698 0.00279837 -0.00444019 0.0138007 0.999895 0.0287067 0.0 0.0 0.0 1.0
office/seq-05/color/frame-000032.color.png office/seq-05/color/frame-000034.color.png 0.999738 -0.0155012 0.0168644 0.0116023 0.0157468 0.99977 -0.0145299 0.00238229 -0.0166353 0.0147917 0.999752 0.041508 0.0 0.0 0.0 1.0
office/seq-05/color/frame-000033.color.png office/seq-05/color/frame-000035.color.png 0.999778 -0.0159054 0.0138409 0.0174632 0.015877 0.999872 0.00215577 -0.00905049 -0.0138735 -0.00193552 0.999902 0.0413809 0.0 0.0 0.0 1.0
office/seq-05/color/frame-000034.color.png office/seq-05/color/frame-000036.color.png 0.999953 -0.00818224 0.00519971 0.0165102 0.00811237 0.999878 0.0133217 -0.0138611 -0.00530804 -0.0132788 0.999898 0.0320363 0.0 0.0 0.0 1.0
office/seq-05/color/frame-000035.color.png office/seq-05/color/frame-000037.color.png 0.999877 -0.0147993 0.00517061 0.0181265 0.0147808 0.999884 0.00359762 -0.0211519 -0.00522324 -0.00352076 0.99998 0.0393239 0.0 0.0 0.0 1.0
office/seq-05/color/frame-000036.color.png office/seq-05/color/frame-000038.color.png 0.999931 -0.0117763 -0.000127631 0.0199788 0.0117748 0.999895 -0.00847295 -0.0128303 0.000227368 0.00847083 0.999964 0.0356877 0.0 0.0 0.0 1.0
office/seq-05/color/frame-000037.color.png office/seq-05/color/frame-000039.color.png 0.999981 -0.00587639 0.00170121 0.021157 0.00587576 0.999983 0.000375421 0.000597581 -0.00170345 -0.000365424 0.999998 0.0436335 0.0 0.0 0.0 1.0
office/seq-05/color/frame-000038.color.png office/seq-05/color/frame-000040.color.png 0.999994 -0.00286379 0.00210223 0.0224324 0.00284497 0.999956 0.00890733 -0.0100201 -0.00212762 -0.0089013 0.999958 0.0432052 0.0 0.0 0.0 1.0
office/seq-05/color/frame-000039.color.png office/seq-05/color/frame-000041.color.png 0.999999 0.00114888 4.62488e-05 0.0117809 -0.0011488 0.999997 -0.00190123 0.00192483 -4.83868e-05 0.00190119 0.999998 0.0280578 0.0 0.0 0.0 1.0
office/seq-05/color/frame-000040.color.png office/seq-05/color/frame-000042.color.png 0.999999 -0.00115223 0.000304116 0.0116844 0.00115114 0.999993 0.00354599 -0.00280568 -0.000308154 -0.00354564 0.999994 0.0237705 0.0 0.0 0.0 1.0
office/seq-05/color/frame-000041.color.png office/seq-05/color/frame-000043.color.png 0.999914 -0.00971904 0.00881671 0.0151817 0.00973486 0.999951 -0.00175146 -0.00853105 -0.00879929 0.00183713 0.999959 0.0431452 0.0 0.0 0.0 1.0
office/seq-05/color/frame-000042.color.png office/seq-05/color/frame-000044.color.png 0.9999 -0.00930857 0.0106905 0.0139297 0.00934959 0.999949 -0.00379329 -0.00143372 -0.0106547 0.00389286 0.999936 0.0474919 0.0 0.0 0.0 1.0
office/seq-05/color/frame-000043.color.png office/seq-05/color/frame-000045.color.png 0.999992 0.00402104 0.000294304 0.0152981 -0.00402264 0.999976 0.00561787 -0.00516216 -0.000271723 -0.00561902 0.999984 0.0334849 0.0 0.0 0.0 1.0
office/seq-05/color/frame-000044.color.png office/seq-05/color/frame-000046.color.png 0.999862 0.0163213 -0.00306736 0.0172616 -0.0163055 0.999854 0.00510128 -0.0159597 0.00315013 -0.00505055 0.999982 0.0310913 0.0 0.0 0.0 1.0
office/seq-05/color/frame-000045.color.png office/seq-05/color/frame-000047.color.png 0.999913 0.0126076 0.00396603 0.0161107 -0.0125871 0.999908 -0.00513248 -0.00348397 -0.00403037 0.00508213 0.999979 0.0226589 0.0 0.0 0.0 1.0
office/seq-05/color/frame-000046.color.png office/seq-05/color/frame-000048.color.png 0.999895 -0.00575416 0.0133078 0.00928898 0.00583966 0.999963 -0.00639456 0.00726394 -0.0132705 0.00647159 0.999891 0.024101 0.0 0.0 0.0 1.0
office/seq-05/color/frame-000047.color.png office/seq-05/color/frame-000049.color.png 0.999733 -0.0100488 0.0207988 0.00438993 0.0100435 0.999949 0.000359334 0.0014433 -0.0208014 -0.000150382 0.999784 0.0511568 0.0 0.0 0.0 1.0
office/seq-05/color/frame-000048.color.png office/seq-05/color/frame-000050.color.png 0.999801 0.00045976 0.019938 0.00312251 -0.000451436 1.0 -0.000423268 0.00324859 -0.0199382 0.000414181 0.999801 0.0511788 0.0 0.0 0.0 1.0
office/seq-05/color/frame-000049.color.png office/seq-05/color/frame-000051.color.png 0.999825 0.00809551 0.0168843 -0.00140359 -0.00817134 0.999957 0.00442654 -0.00739759 -0.0168477 -0.00456375 0.999848 0.0355937 0.0 0.0 0.0 1.0
office/seq-05/color/frame-000050.color.png office/seq-05/color/frame-000052.color.png 0.999813 0.00365176 0.0189895 -0.0013946 -0.00372079 0.999986 0.00360206 -0.00658982 -0.018976 -0.00367203 0.999813 0.0414023 0.0 0.0 0.0 1.0
office/seq-05/color/frame-000051.color.png office/seq-05/color/frame-000053.color.png 0.999871 -0.00334498 0.0156851 -0.00339629 0.00332 0.999993 0.00161869 -0.00282326 -0.0156904 -0.00156638 0.999876 0.0413625 0.0 0.0 0.0 1.0
office/seq-05/color/frame-000052.color.png office/seq-05/color/frame-000054.color.png 0.999919 -0.00435406 0.0119888 0.00318615 0.00426873 0.999965 0.00713495 -0.0115002 -0.0120195 -0.0070832 0.999903 0.03739 0.0 0.0 0.0 1.0
office/seq-05/color/frame-000053.color.png office/seq-05/color/frame-000055.color.png 0.999574 -0.0118291 0.026687 -0.0018658 0.0118381 0.99993 -0.000177713 -0.00586052 -0.0266831 0.000493547 0.999644 0.0568553 0.0 0.0 0.0 1.0
office/seq-05/color/frame-000054.color.png office/seq-05/color/frame-000056.color.png 0.999494 -0.0143484 0.0283967 -0.0093793 0.0142764 0.999894 0.00273686 -0.0119142 -0.0284329 -0.00233005 0.999593 0.0594919 0.0 0.0 0.0 1.0
office/seq-05/color/frame-000055.color.png office/seq-05/color/frame-000057.color.png 0.999814 -0.00363616 0.0189257 -0.00802952 0.00339752 0.999914 0.0126257 -0.0171491 -0.01897 -0.012559 0.999741 0.0405259 0.0 0.0 0.0 1.0
office/seq-05/color/frame-000056.color.png office/seq-05/color/frame-000058.color.png 0.999787 0.00327264 0.0203557 -0.00825045 -0.00351093 0.999926 0.0116833 -0.0148607 -0.020316 -0.0117523 0.999725 0.0424036 0.0 0.0 0.0 1.0
office/seq-05/color/frame-000057.color.png office/seq-05/color/frame-000059.color.png 0.999894 0.00275886 0.0143126 -0.00378796 -0.00294055 0.999915 0.0126887 -0.023114 -0.0142763 -0.0127294 0.999817 0.0414262 0.0 0.0 0.0 1.0
office/seq-05/color/frame-000058.color.png office/seq-05/color/frame-000060.color.png 0.999929 -1.25815e-05 0.0118889 0.00101289 -6.5006e-05 0.999979 0.00652208 -0.0107514 -0.0118887 -0.00652238 0.999908 0.0480263 0.0 0.0 0.0 1.0
office/seq-05/color/frame-000059.color.png office/seq-05/color/frame-000061.color.png 0.99991 -0.00380184 0.0128352 -0.00650772 0.00378793 0.999992 0.00110869 -0.00863795 -0.0128392 -0.00106001 0.999917 0.0400189 0.0 0.0 0.0 1.0
office/seq-05/color/frame-000060.color.png office/seq-05/color/frame-000062.color.png 0.999931 -0.00330475 0.0113162 -0.00612962 0.00322041 0.999967 0.00746385 -0.0233644 -0.0113406 -0.00742686 0.999908 0.0408372 0.0 0.0 0.0 1.0
office/seq-05/color/frame-000061.color.png office/seq-05/color/frame-000063.color.png 0.999951 0.00351372 0.00928785 0.000469595 -0.00358009 0.999968 0.00713924 -0.0143131 -0.00926254 -0.00717214 0.999931 0.0390491 0.0 0.0 0.0 1.0
office/seq-05/color/frame-000062.color.png office/seq-05/color/frame-000064.color.png 0.999969 0.000781408 0.00781558 0.00235236 -0.000835914 0.999975 0.00697436 -0.0238756 -0.00780986 -0.00698069 0.999945 0.027518 0.0 0.0 0.0 1.0
office/seq-05/color/frame-000063.color.png office/seq-05/color/frame-000065.color.png 0.999959 -0.00374042 0.00825695 9.36687e-05 0.00364319 0.999924 0.0117579 -0.0273353 -0.00830036 -0.0117273 0.999897 0.0292746 0.0 0.0 0.0 1.0
office/seq-05/color/frame-000064.color.png office/seq-05/color/frame-000066.color.png 0.999951 -0.00523687 0.00838575 -0.00635934 0.00505828 0.999763 0.021174 -0.0300754 -0.00849468 -0.0211305 0.999741 0.0306396 0.0 0.0 0.0 1.0
office/seq-05/color/frame-000065.color.png office/seq-05/color/frame-000067.color.png 0.999984 -0.00424113 0.00363251 0.00491428 0.00416641 0.999785 0.0203397 -0.0301692 -0.00371798 -0.0203242 0.999787 0.030319 0.0 0.0 0.0 1.0
office/seq-05/color/frame-000066.color.png office/seq-05/color/frame-000068.color.png 0.999979 0.00303846 0.00578885 0.00443888 -0.0031194 0.999897 0.0140324 -0.0237508 -0.00574558 -0.0140502 0.999885 0.0303062 0.0 0.0 0.0 1.0
office/seq-05/color/frame-000067.color.png office/seq-05/color/frame-000069.color.png 0.999934 0.00778037 0.00842387 -0.004462 -0.00788126 0.999897 0.0120117 -0.020742 -0.0083295 -0.0120773 0.999892 0.0299037 0.0 0.0 0.0 1.0
office/seq-05/color/frame-000068.color.png office/seq-05/color/frame-000070.color.png 0.999979 0.00532216 0.00366514 0.000152707 -0.00536086 0.999929 0.0106288 -0.0165524 -0.00360833 -0.0106483 0.999937 0.0304099 0.0 0.0 0.0 1.0
office/seq-05/color/frame-000069.color.png office/seq-05/color/frame-000071.color.png 0.999987 0.00504625 0.000600603 0.00684139 -0.00505365 0.999903 0.013012 -0.0220787 -0.00053491 -0.0130149 0.999915 0.0274346 0.0 0.0 0.0 1.0
office/seq-05/color/frame-000070.color.png office/seq-05/color/frame-000072.color.png 0.999994 0.00277299 0.00200361 0.00665191 -0.00280212 0.999888 0.0146977 -0.0287502 -0.00196261 -0.0147032 0.99989 0.0249655 0.0 0.0 0.0 1.0
office/seq-05/color/frame-000071.color.png office/seq-05/color/frame-000073.color.png 0.999986 0.0053315 0.000469838 0.00415429 -0.00533747 0.99989 0.0138241 -0.0269957 -0.000396106 -0.0138264 0.999904 0.0281217 0.0 0.0 0.0 1.0
office/seq-05/color/frame-000072.color.png office/seq-05/color/frame-000074.color.png 0.999938 0.0106583 -0.0032575 0.00587988 -0.0106146 0.999857 0.0131787 -0.0224743 0.00339751 -0.0131433 0.999908 0.0258317 0.0 0.0 0.0 1.0
office/seq-05/color/frame-000073.color.png office/seq-05/color/frame-000075.color.png 0.999984 0.00493499 -0.00261743 0.011942 -0.00488106 0.999783 0.0202312 -0.0384014 0.00271674 -0.0202181 0.999792 0.030193 0.0 0.0 0.0 1.0
office/seq-05/color/frame-000074.color.png office/seq-05/color/frame-000076.color.png 0.999999 0.000498815 -0.00102716 0.00863272 -0.000482396 0.999873 0.0159103 -0.0262894 0.00103494 -0.0159097 0.999873 0.0267183 0.0 0.0 0.0 1.0
office/seq-05/color/frame-000075.color.png office/seq-05/color/frame-000077.color.png 0.999979 -0.00133071 -0.0063244 0.0152151 0.00136745 0.999982 0.0058089 -0.0114 0.00631665 -0.00581734 0.999963 0.0270911 0.0 0.0 0.0 1.0
office/seq-05/color/frame-000076.color.png office/seq-05/color/frame-000078.color.png 0.999957 -0.00255107 -0.00888857 0.0193775 0.00259523 0.999984 0.00496208 -0.00985008 0.00887579 -0.00498492 0.999948 0.0234427 0.0 0.0 0.0 1.0
office/seq-05/color/frame-000077.color.png office/seq-05/color/frame-000079.color.png 0.999902 -0.0135728 -0.00338332 0.0120869 0.013616 0.999821 0.0130999 -0.0250804 0.00320487 -0.0131447 0.999908 0.022792 0.0 0.0 0.0 1.0
office/seq-05/color/frame-000078.color.png office/seq-05/color/frame-000080.color.png 0.999876 -0.0155937 -0.00224573 0.0118529 0.0156285 0.999743 0.0163948 -0.0308317 0.00198949 -0.0164279 0.999863 0.0256397 0.0 0.0 0.0 1.0
office/seq-05/color/frame-000079.color.png office/seq-05/color/frame-000081.color.png 0.999969 -0.00707973 -0.00358026 0.0137458 0.00713108 0.999869 0.0145432 -0.0284996 0.00347673 -0.0145683 0.999888 0.0278486 0.0 0.0 0.0 1.0
office/seq-05/color/frame-000080.color.png office/seq-05/color/frame-000082.color.png 0.999975 -0.00483527 -0.00521384 0.0184072 0.00486801 0.999968 0.00628847 -0.014259 0.00518325 -0.00631374 0.999967 0.0271926 0.0 0.0 0.0 1.0
office/seq-05/color/frame-000081.color.png office/seq-05/color/frame-000083.color.png 0.999958 -0.00693535 -0.00607545 0.0181814 0.00696835 0.999961 0.0054222 -0.0191614 0.00603771 -0.00546419 0.999967 0.0244244 0.0 0.0 0.0 1.0
office/seq-05/color/frame-000082.color.png office/seq-05/color/frame-000084.color.png 0.999955 -0.00885864 -0.00347784 0.0152258 0.00889077 0.999917 0.00933166 -0.031046 0.00339486 -0.0093622 0.99995 0.0246215 0.0 0.0 0.0 1.0
office/seq-05/color/frame-000083.color.png office/seq-05/color/frame-000085.color.png 0.999975 -0.0069853 0.0011908 0.00638938 0.00697726 0.999954 0.00659562 -0.0212035 -0.00123685 -0.00658718 0.999977 0.0254027 0.0 0.0 0.0 1.0
office/seq-05/color/frame-000084.color.png office/seq-05/color/frame-000086.color.png 0.999993 -0.00369708 0.000528545 0.00450933 0.00369458 0.999983 0.00462114 -0.0155326 -0.00054564 -0.00461915 0.999989 0.0231413 0.0 0.0 0.0 1.0
office/seq-05/color/frame-000085.color.png office/seq-05/color/frame-000087.color.png 0.999996 -0.00279833 -0.000211108 0.00752696 0.00280011 0.999958 0.0087847 -0.0258952 0.000186585 -0.00878524 0.999961 0.0222698 0.0 0.0 0.0 1.0
office/seq-05/color/frame-000086.color.png office/seq-05/color/frame-000088.color.png 0.999994 -0.00130287 0.00325568 0.00154403 0.00129044 0.999992 0.00382731 -0.0154189 -0.00326059 -0.00382296 0.999987 0.0241885 0.0 0.0 0.0 1.0
office/seq-05/color/frame-000087.color.png office/seq-05/color/frame-000089.color.png 0.999988 -0.00171109 0.00445469 -0.00482205 0.00171345 0.999998 -0.000531904 -0.00547236 -0.00445375 0.000539459 0.99999 0.0234319 0.0 0.0 0.0 1.0
office/seq-05/color/frame-000088.color.png office/seq-05/color/frame-000090.color.png 0.999999 0.000446908 -0.00118018 0.00869232 -0.000441761 0.99999 0.00436 -0.0176759 0.00118209 -0.00435952 0.99999 0.0210289 0.0 0.0 0.0 1.0
office/seq-05/color/frame-000089.color.png office/seq-05/color/frame-000091.color.png 0.999957 0.00922253 0.000184538 0.00364536 -0.00922365 0.999928 0.00763922 -0.0161711 -0.000114061 -0.00764052 0.999971 0.01985 0.0 0.0 0.0 1.0
office/seq-05/color/frame-000090.color.png office/seq-05/color/frame-000092.color.png 0.999991 0.00417645 0.000678546 -0.00189257 -0.00417932 0.999982 0.00431165 -0.00874123 -0.000660484 -0.00431442 0.999991 0.0194488 0.0 0.0 0.0 1.0
office/seq-05/color/frame-000091.color.png office/seq-05/color/frame-000093.color.png 0.999987 -0.000538012 -0.00501301 0.00721413 0.000556313 0.999993 0.00365723 -0.0150939 0.00501092 -0.00366002 0.999981 0.0177146 0.0 0.0 0.0 1.0
office/seq-05/color/frame-000092.color.png office/seq-05/color/frame-000094.color.png 0.999967 0.00756012 -0.00284248 0.00675997 -0.00753741 0.99994 0.00793232 -0.0202104 0.00290228 -0.00791072 0.999964 0.0212505 0.0 0.0 0.0 1.0
office/seq-05/color/frame-000093.color.png office/seq-05/color/frame-000095.color.png 0.999932 0.0113734 0.00256516 -0.00292838 -0.0113802 0.999932 0.00266417 -0.00825861 -0.00253461 -0.00269316 0.999993 0.0238693 0.0 0.0 0.0 1.0
office/seq-05/color/frame-000094.color.png office/seq-05/color/frame-000096.color.png 0.999951 0.0096776 0.00203905 -0.0082452 -0.0096722 0.99995 -0.00262953 0.000554621 -0.00206445 0.00260969 0.999994 0.0212147 0.0 0.0 0.0 1.0
office/seq-05/color/frame-000095.color.png office/seq-05/color/frame-000097.color.png 0.999975 0.00676392 0.00185575 -0.0100457 -0.00676302 0.999977 -0.00048456 -0.00599864 -0.00185902 0.000472036 0.999998 0.0224293 0.0 0.0 0.0 1.0
office/seq-05/color/frame-000096.color.png office/seq-05/color/frame-000098.color.png 0.999981 0.00606582 0.00125918 -0.00590834 -0.00605962 0.99997 -0.00489685 0.00395301 -0.00128885 0.00488912 0.999987 0.0203487 0.0 0.0 0.0 1.0
office/seq-05/color/frame-000097.color.png office/seq-05/color/frame-000099.color.png 0.99996 0.00813065 0.00368618 -0.0131759 -0.00811558 0.999959 -0.00408939 0.00276721 -0.00371931 0.00405928 0.999985 0.0210732 0.0 0.0 0.0 1.0
office/seq-05/color/frame-000098.color.png office/seq-05/color/frame-000100.color.png 0.999932 0.00961544 0.0065174 -0.021262 -0.00958522 0.999943 -0.00465264 0.00814971 -0.00656167 0.00458985 0.999968 0.0225506 0.0 0.0 0.0 1.0
office/seq-05/color/frame-000099.color.png office/seq-05/color/frame-000101.color.png 0.999944 0.00708034 0.00791838 -0.0249246 -0.00702317 0.999949 -0.0072236 0.014478 -0.00796909 0.00716758 0.999943 0.0260221 0.0 0.0 0.0 1.0
office/seq-05/color/frame-000100.color.png office/seq-05/color/frame-000102.color.png 0.99999 0.000676329 0.00434448 -0.0145005 -0.000675341 1.0 -0.000224763 -0.00483605 -0.00434461 0.000221836 0.999991 0.013731 0.0 0.0 0.0 1.0
office/seq-05/color/frame-000101.color.png office/seq-05/color/frame-000103.color.png 0.999988 0.00185491 0.00461112 -0.017877 -0.00184798 0.999997 -0.00150352 -0.00638086 -0.00461391 0.00149501 0.999988 0.012911 0.0 0.0 0.0 1.0
office/seq-05/color/frame-000102.color.png office/seq-05/color/frame-000104.color.png 0.999954 0.00931489 0.00214195 -0.0149363 -0.00928279 0.999851 -0.0145355 0.0221121 -0.00227705 0.014515 0.999892 0.0230408 0.0 0.0 0.0 1.0
office/seq-05/color/frame-000103.color.png office/seq-05/color/frame-000105.color.png 0.999957 0.00804381 0.0045521 -0.0180876 -0.00795424 0.999781 -0.019362 0.0420919 -0.00470678 0.019325 0.999802 0.0181315 0.0 0.0 0.0 1.0
office/seq-05/color/frame-000104.color.png office/seq-05/color/frame-000106.color.png 0.999854 -0.00134407 0.017039 -0.0468864 0.00146827 0.999972 -0.00727926 0.0158302 -0.0170287 0.00730323 0.999828 0.0243199 0.0 0.0 0.0 1.0
office/seq-05/color/frame-000105.color.png office/seq-05/color/frame-000107.color.png 0.999845 -0.00302112 0.0173606 -0.0498635 0.00302919 0.999995 -0.000440258 -0.00813362 -0.0173593 0.000492706 0.999849 0.0296355 0.0 0.0 0.0 1.0
office/seq-05/color/frame-000106.color.png office/seq-05/color/frame-000108.color.png 0.999963 0.00248787 0.0082244 -0.0295113 -0.00241239 0.999955 -0.00917383 0.0104384 -0.00824686 0.00915363 0.999924 0.0255846 0.0 0.0 0.0 1.0
office/seq-05/color/frame-000107.color.png office/seq-05/color/frame-000109.color.png 0.999972 -0.00211623 0.00722933 -0.0291982 0.00225739 0.999806 -0.0195718 0.0410854 -0.00718651 0.0195876 0.999782 0.0195996 0.0 0.0 0.0 1.0
office/seq-05/color/frame-000108.color.png office/seq-05/color/frame-000110.color.png 0.999989 -0.00208102 0.00423495 -0.0170421 0.00211824 0.999959 -0.00880063 0.0213773 -0.00421635 0.00880952 0.999952 0.00828314 0.0 0.0 0.0 1.0
office/seq-05/color/frame-000109.color.png office/seq-05/color/frame-000111.color.png 0.999976 -0.00475312 0.00495394 -0.0178548 0.00474095 0.999986 0.00246626 -0.00618574 -0.00496552 -0.00244267 0.999985 0.00885892 0.0 0.0 0.0 1.0
office/seq-05/color/frame-000110.color.png office/seq-05/color/frame-000112.color.png 0.999886 -0.0096727 0.0116343 -0.0381678 0.00962161 0.999944 0.00444086 -0.0143187 -0.0116767 -0.00432841 0.999922 0.0177964 0.0 0.0 0.0 1.0
office/seq-05/color/frame-000111.color.png office/seq-05/color/frame-000113.color.png 0.999881 -0.00596499 0.0141987 -0.0484207 0.00595171 0.999982 0.000977654 -0.00598162 -0.0142043 -0.000893046 0.999899 0.0217197 0.0 0.0 0.0 1.0
office/seq-05/color/frame-000112.color.png office/seq-05/color/frame-000114.color.png 0.999933 -0.00713928 0.0090504 -0.0429064 0.00720019 0.999952 -0.00671793 0.0191574 -0.00900202 0.00678262 0.999937 0.019462 0.0 0.0 0.0 1.0
office/seq-05/color/frame-000113.color.png office/seq-05/color/frame-000115.color.png 0.999979 -0.00481387 0.00431613 -0.0242714 0.0048163 0.999988 -0.000552082 0.00304067 -0.00431352 0.000572839 0.99999 0.00787532 0.0 0.0 0.0 1.0
office/seq-05/color/frame-000114.color.png office/seq-05/color/frame-000116.color.png 0.999979 -0.00632012 0.00148163 -0.0130551 0.00630989 0.999957 0.00683548 -0.0164361 -0.00152475 -0.00682599 0.999975 0.00379014 0.0 0.0 0.0 1.0
office/seq-05/color/frame-000115.color.png office/seq-05/color/frame-000117.color.png 0.99991 -0.00897555 0.0100296 -0.0413973 0.0088684 0.999904 0.0106746 -0.0215072 -0.0101244 -0.0105847 0.999893 0.0154517 0.0 0.0 0.0 1.0
office/seq-05/color/frame-000116.color.png office/seq-05/color/frame-000118.color.png 0.999916 -0.00750632 0.0106029 -0.0462893 0.00747653 0.999968 0.00284267 -0.00286168 -0.0106239 -0.00276314 0.99994 0.0195346 0.0 0.0 0.0 1.0
office/seq-05/color/frame-000117.color.png office/seq-05/color/frame-000119.color.png 0.999969 -0.00785413 -0.000655856 -0.0263556 0.00785551 0.999967 0.00210931 -0.00155035 0.000639387 -0.00211435 0.999998 0.0113966 0.0 0.0 0.0 1.0
office/seq-05/color/frame-000118.color.png office/seq-05/color/frame-000120.color.png 0.999977 -0.00683315 -0.000170596 -0.0267623 0.00683494 0.999872 0.0144628 -0.0373089 7.18264e-05 -0.0144636 0.999895 0.0100367 0.0 0.0 0.0 1.0
office/seq-05/color/frame-000119.color.png office/seq-05/color/frame-000121.color.png 0.999996 -0.00172831 -0.00227249 -0.00499551 0.00173965 0.999986 0.00499993 -0.0129797 0.0022637 -0.00500391 0.999985 0.00177777 0.0 0.0 0.0 1.0
office/seq-05/color/frame-000120.color.png office/seq-05/color/frame-000122.color.png 0.999998 0.00189904 0.00104359 -0.014318 -0.00190133 0.999996 0.00216639 -0.00300312 -0.00103955 -0.00216847 0.999997 0.00221992 0.0 0.0 0.0 1.0
office/seq-05/color/frame-000121.color.png office/seq-05/color/frame-000123.color.png 1.0 -0.000849492 -0.000181265 -0.0222251 0.000851013 0.999963 0.00860605 -0.0165841 0.000174026 -0.00860623 0.999963 0.00493443 0.0 0.0 0.0 1.0
office/seq-05/color/frame-000122.color.png office/seq-05/color/frame-000124.color.png 0.999998 -0.00197391 -0.000995614 -0.021707 0.00198254 0.99996 0.00871249 -0.0197815 0.000978432 -0.00871439 0.999961 0.00815427 0.0 0.0 0.0 1.0
office/seq-05/color/frame-000123.color.png office/seq-05/color/frame-000125.color.png 0.999998 0.00211132 -0.000576442 -0.0236555 -0.00210792 0.999981 0.00584824 -0.0139127 0.000588781 -0.00584701 0.999983 0.00990164 0.0 0.0 0.0 1.0
office/seq-05/color/frame-000124.color.png office/seq-05/color/frame-000126.color.png 0.99997 0.00176505 -0.00758214 -0.00750594 -0.00173439 0.99999 0.00405423 -0.0076685 0.00758912 -0.00404098 0.999963 0.00365579 0.0 0.0 0.0 1.0
office/seq-05/color/frame-000125.color.png office/seq-05/color/frame-000127.color.png 0.999927 0.00536692 -0.0108445 -0.00309183 -0.00531623 0.999975 0.00469531 -0.0097588 0.0108695 -0.00463721 0.99993 0.0049727 0.0 0.0 0.0 1.0
office/seq-05/color/frame-000126.color.png office/seq-05/color/frame-000128.color.png 0.999918 0.0065821 -0.0109579 -0.00266221 -0.00656195 0.999977 0.0018719 -0.000107139 0.01097 -0.00179985 0.999938 0.00436592 0.0 0.0 0.0 1.0
office/seq-05/color/frame-000127.color.png office/seq-05/color/frame-000129.color.png 0.999978 0.00047322 0.00667153 -0.0379377 -0.00051915 0.999976 0.00688902 -0.018137 -0.00666811 -0.00689234 0.999954 0.011539 0.0 0.0 0.0 1.0
office/seq-05/color/frame-000128.color.png office/seq-05/color/frame-000130.color.png 0.999981 0.00042622 -0.00621176 -0.00249588 -0.000386154 0.999979 0.00645258 -0.0156341 0.00621432 -0.00645005 0.99996 0.00294209 0.0 0.0 0.0 1.0
office/seq-05/color/frame-000129.color.png office/seq-05/color/frame-000131.color.png 0.99981 0.00542749 -0.0187104 0.0139575 -0.00526726 0.999949 0.0086056 -0.0218211 0.0187561 -0.00850548 0.999788 0.00336564 0.0 0.0 0.0 1.0
office/seq-05/color/frame-000130.color.png office/seq-05/color/frame-000132.color.png 0.999683 0.0126279 -0.021788 0.0232947 -0.0125645 0.999916 0.0030424 -0.00556803 0.0218246 -0.00276764 0.999758 -0.00312304 0.0 0.0 0.0 1.0
office/seq-05/color/frame-000131.color.png office/seq-05/color/frame-000133.color.png 0.999658 0.0110787 -0.0236827 0.0292193 -0.0110112 0.999935 0.00297739 -0.00359437 0.0237141 -0.00271553 0.999715 -0.00387216 0.0 0.0 0.0 1.0
office/seq-05/color/frame-000132.color.png office/seq-05/color/frame-000134.color.png 0.999799 0.0108818 -0.0168535 0.0116975 -0.0108195 0.999934 0.0037865 -0.00651702 0.0168936 -0.00360336 0.999851 -0.00224662 0.0 0.0 0.0 1.0
office/seq-05/color/frame-000133.color.png office/seq-05/color/frame-000135.color.png 0.999874 0.0131114 -0.00899649 -0.00207411 -0.0130804 0.999908 0.00350062 -0.00457731 0.00904152 -0.00338255 0.999953 0.00276029 0.0 0.0 0.0 1.0
office/seq-05/color/frame-000134.color.png office/seq-05/color/frame-000136.color.png 0.999887 0.00493805 -0.0142215 0.00699175 -0.00494456 0.999988 -0.00042178 0.00378147 0.0142192 0.000491974 0.999899 -0.00120008 0.0 0.0 0.0 1.0
office/seq-05/color/frame-000135.color.png office/seq-05/color/frame-000137.color.png 0.99982 -0.00107296 -0.0189242 0.0170528 0.00108636 0.999999 0.000698033 0.00124454 0.0189235 -0.000718467 0.999821 -0.00563049 0.0 0.0 0.0 1.0
office/seq-05/color/frame-000136.color.png office/seq-05/color/frame-000138.color.png 0.999805 0.00248796 -0.0195841 0.0227868 -0.00233847 0.999968 0.00765269 -0.0169734 0.0196026 -0.00760537 0.999779 -0.0073638 0.0 0.0 0.0 1.0
office/seq-05/color/frame-000137.color.png office/seq-05/color/frame-000139.color.png 0.999653 0.00581199 -0.0256815 0.0409531 -0.00587312 0.99998 -0.0023051 0.00885043 0.0256676 0.00245508 0.999667 -0.0141242 0.0 0.0 0.0 1.0
office/seq-05/color/frame-000138.color.png office/seq-05/color/frame-000140.color.png 0.999821 0.00582223 -0.0180176 0.0160529 -0.00579928 0.999982 0.00132569 -0.00849655 0.018025 -0.001221 0.999837 -0.00460255 0.0 0.0 0.0 1.0
office/seq-05/color/frame-000139.color.png office/seq-05/color/frame-000141.color.png 0.99961 0.00471185 -0.0275167 0.0437254 -0.00471882 0.999989 -0.000189342 -0.0103686 0.0275155 0.000319188 0.999621 -0.00150394 0.0 0.0 0.0 1.0
office/seq-05/color/frame-000140.color.png office/seq-05/color/frame-000142.color.png 0.999701 0.00625252 -0.0236196 0.0316549 -0.00646262 0.99994 -0.0088295 0.0182169 0.0235631 0.00897952 0.999682 -0.00220382 0.0 0.0 0.0 1.0
office/seq-05/color/frame-000141.color.png office/seq-05/color/frame-000143.color.png 0.999715 0.00550762 -0.0232137 0.0275182 -0.0055659 0.999982 -0.00244662 0.00290385 0.0231998 0.00257509 0.999727 -0.00501609 0.0 0.0 0.0 1.0
office/seq-05/color/frame-000142.color.png office/seq-05/color/frame-000144.color.png 0.999919 0.00539924 -0.0114945 0.00962964 -0.00543787 0.99998 -0.00333137 0.00965184 0.0114762 0.00339364 0.999928 -0.00378549 0.0 0.0 0.0 1.0
office/seq-05/color/frame-000143.color.png office/seq-05/color/frame-000145.color.png 0.99992 0.00337011 -0.0121764 0.0178747 -0.00340991 0.999989 -0.00324943 0.00951296 0.0121654 0.0032907 0.999921 -0.00183403 0.0 0.0 0.0 1.0
office/seq-05/color/frame-000144.color.png office/seq-05/color/frame-000146.color.png 0.99971 0.00542018 -0.0234647 0.0344484 -0.00548921 0.999981 -0.00287919 0.0109342 0.0234487 0.00300715 0.999721 -0.00683856 0.0 0.0 0.0 1.0
office/seq-05/color/frame-000145.color.png office/seq-05/color/frame-000147.color.png 0.999786 0.000521291 -0.0206971 0.0180926 -0.000364937 0.999971 0.00755679 -0.0176317 0.0207004 -0.00754762 0.999757 -0.00947869 0.0 0.0 0.0 1.0
office/seq-05/color/frame-000146.color.png office/seq-05/color/frame-000148.color.png 0.999737 -0.000392829 -0.022928 0.0183511 0.000556964 0.999974 0.00715241 -0.0136108 0.0229247 -0.00716327 0.999712 -0.00520921 0.0 0.0 0.0 1.0
office/seq-05/color/frame-000147.color.png office/seq-05/color/frame-000149.color.png 0.999646 0.00641264 -0.0258136 0.0310883 -0.00656347 0.999962 -0.00576118 0.024574 0.0257756 0.00592842 0.99965 -0.00129867 0.0 0.0 0.0 1.0
office/seq-05/color/frame-000148.color.png office/seq-05/color/frame-000150.color.png 0.999706 0.00196074 -0.0241667 0.0256682 -0.0019283 0.999997 0.00136497 -0.00266501 0.0241694 -0.00131796 0.999707 -0.00185597 0.0 0.0 0.0 1.0
office/seq-05/color/frame-000149.color.png office/seq-05/color/frame-000151.color.png 0.99968 -0.000726636 -0.0252962 0.025822 0.000793228 0.999996 0.00262175 -0.00401971 0.0252943 -0.00264086 0.999677 0.000282645 0.0 0.0 0.0 1.0
office/seq-05/color/frame-000150.color.png office/seq-05/color/frame-000152.color.png 0.999497 -0.000175532 -0.0316974 0.045159 0.000260902 0.999996 0.00268969 0.00174239 0.0316967 -0.00269667 0.999494 -2.38419e-05 0.0 0.0 0.0 1.0
office/seq-05/color/frame-000151.color.png office/seq-05/color/frame-000153.color.png 0.999418 0.00134291 -0.0340922 0.0586292 -0.00111445 0.999977 0.00671911 -0.00506875 0.0341004 -0.00667729 0.999396 0.00435948 0.0 0.0 0.0 1.0
office/seq-05/color/frame-000152.color.png office/seq-05/color/frame-000154.color.png 0.999633 0.00220908 -0.0270074 0.0356584 -0.00190378 0.999934 0.0113257 -0.0190889 0.0270306 -0.0112701 0.999571 -0.00154209 0.0 0.0 0.0 1.0
office/seq-05/color/frame-000153.color.png office/seq-05/color/frame-000155.color.png 0.999633 0.00440342 -0.0267383 0.0320791 -0.00420405 0.999963 0.00750775 -0.00808173 0.0267704 -0.00739255 0.999614 0.00431371 0.0 0.0 0.0 1.0
office/seq-05/color/frame-000154.color.png office/seq-05/color/frame-000156.color.png 0.99959 0.000615145 -0.028625 0.042147 -0.000532836 0.999996 0.00288177 -0.00152779 0.0286267 -0.00286528 0.999586 0.00965953 0.0 0.0 0.0 1.0
office/seq-05/color/frame-000155.color.png office/seq-05/color/frame-000157.color.png 0.999769 0.00167995 -0.0214463 0.0316947 -0.00172446 0.999996 -0.00205617 0.00959563 0.0214428 0.00209267 0.999768 0.00755155 0.0 0.0 0.0 1.0
office/seq-05/color/frame-000156.color.png office/seq-05/color/frame-000158.color.png 0.999819 0.005551 -0.0182266 0.021545 -0.00553712 0.999984 0.000812846 -0.00250724 0.0182308 -0.000711749 0.999834 0.00440335 0.0 0.0 0.0 1.0
office/seq-05/color/frame-000157.color.png office/seq-05/color/frame-000159.color.png 0.999707 0.00319213 -0.0240096 0.0370582 -0.00325198 0.999992 -0.00245387 -0.000695437 0.0240015 0.00253121 0.999709 0.0108559 0.0 0.0 0.0 1.0
office/seq-05/color/frame-000158.color.png office/seq-05/color/frame-000160.color.png 0.999778 0.00530176 -0.0203946 0.030504 -0.00546904 0.999952 -0.00815563 0.0129601 0.0203503 0.00826535 0.999759 0.0131725 0.0 0.0 0.0 1.0
office/seq-05/color/frame-000159.color.png office/seq-05/color/frame-000161.color.png 0.99982 0.00900612 -0.0166788 0.0254314 -0.0091383 0.999927 -0.00786517 0.0169221 0.0166068 0.00801613 0.99983 0.00887358 0.0 0.0 0.0 1.0
office/seq-05/color/frame-000160.color.png office/seq-05/color/frame-000162.color.png 0.99979 0.00529214 -0.019785 0.0428235 -0.00537978 0.999976 -0.00437834 0.0113067 0.0197613 0.00448385 0.999795 0.0137553 0.0 0.0 0.0 1.0
office/seq-05/color/frame-000161.color.png office/seq-05/color/frame-000163.color.png 0.999875 0.00492758 -0.015009 0.0215199 -0.00491029 0.999987 0.00118817 -0.00741825 0.0150147 -0.00111426 0.999887 0.0103639 0.0 0.0 0.0 1.0
office/seq-05/color/frame-000162.color.png office/seq-05/color/frame-000164.color.png 0.999809 0.0102951 -0.0166283 0.0265888 -0.010375 0.999935 -0.00472388 0.0095723 0.0165786 0.00489541 0.999851 0.0185788 0.0 0.0 0.0 1.0
office/seq-05/color/frame-000163.color.png office/seq-05/color/frame-000165.color.png 0.999886 0.00741985 -0.0131276 0.0193954 -0.00747993 0.999962 -0.00453244 0.00777066 0.0130935 0.00463007 0.999903 0.00979781 0.0 0.0 0.0 1.0
office/seq-05/color/frame-000164.color.png office/seq-05/color/frame-000166.color.png 0.999924 0.00585739 -0.0108822 0.0135282 -0.00586144 0.999983 -0.00034102 0.000688046 0.01088 0.0004048 0.999941 0.00891149 0.0 0.0 0.0 1.0
office/seq-05/color/frame-000165.color.png office/seq-05/color/frame-000167.color.png 0.999891 0.00467881 -0.0140028 0.0172572 -0.00462347 0.999981 0.00398128 -0.0139521 0.0140212 -0.003916 0.999894 0.0123572 0.0 0.0 0.0 1.0
office/seq-05/color/frame-000166.color.png office/seq-05/color/frame-000168.color.png 0.999828 0.00644743 -0.0174039 0.0293829 -0.00649812 0.999975 -0.00285712 0.0055497 0.017385 0.00296973 0.999844 0.0156679 0.0 0.0 0.0 1.0
office/seq-05/color/frame-000167.color.png office/seq-05/color/frame-000169.color.png 0.99989 0.00608332 -0.013503 0.0243436 -0.00613636 0.999974 -0.00389054 0.0128565 0.013479 0.00397297 0.999901 0.0185796 0.0 0.0 0.0 1.0
office/seq-05/color/frame-000168.color.png office/seq-05/color/frame-000170.color.png 0.99989 0.00738513 -0.0128866 0.0210164 -0.00735438 0.99997 0.0024308 -0.00559932 0.0129042 -0.00233578 0.999914 0.0181634 0.0 0.0 0.0 1.0
office/seq-05/color/frame-000169.color.png office/seq-05/color/frame-000171.color.png 0.999814 0.00775758 -0.017667 0.0304868 -0.00769092 0.999963 0.00383666 -0.0112418 0.0176961 -0.00370015 0.999837 0.0178201 0.0 0.0 0.0 1.0
office/seq-05/color/frame-000170.color.png office/seq-05/color/frame-000172.color.png 0.999846 0.00508056 -0.0167844 0.0286809 -0.00511413 0.999985 -0.00195903 0.00472561 0.0167742 0.00204457 0.999857 0.0200646 0.0 0.0 0.0 1.0
office/seq-05/color/frame-000171.color.png office/seq-05/color/frame-000173.color.png 0.999886 0.00124349 -0.0150663 0.0257913 -0.0013472 0.999975 -0.00687323 0.014747 0.0150574 0.00689273 0.999863 0.0208932 0.0 0.0 0.0 1.0
office/seq-05/color/frame-000172.color.png office/seq-05/color/frame-000174.color.png 0.999948 0.00224952 -0.0099492 0.0114691 -0.00232135 0.999971 -0.00721491 0.012174 0.00993269 0.00723762 0.999925 0.0212697 0.0 0.0 0.0 1.0
office/seq-05/color/frame-000173.color.png office/seq-05/color/frame-000175.color.png 0.999904 0.00266621 -0.0136308 0.0203427 -0.00273137 0.999985 -0.00476516 0.00978658 0.0136179 0.00480195 0.999896 0.0260297 0.0 0.0 0.0 1.0
office/seq-05/color/frame-000174.color.png office/seq-05/color/frame-000176.color.png 0.999875 -0.000686448 -0.0157656 0.02602 0.000695985 1.0 0.000598253 -0.00268793 0.0157652 -0.000609146 0.999876 0.0240445 0.0 0.0 0.0 1.0
