office/seq-05/color/frame-000000.color.png office/seq-05/color/frame-000003.color.png 0.999857 -0.00812053 0.0148619 0.00195941 0.00798607 0.999927 0.00908398 0.00484273 -0.0149346 -0.00896399 0.999848 0.0115702 0.0 0.0 0.0 1.0
office/seq-05/color/frame-000001.color.png office/seq-05/color/frame-000004.color.png 0.999942 -0.00553112 0.00925752 0.00373662 0.00542615 0.999921 0.0113266 0.00366672 -0.00931944 -0.0112757 0.999893 0.00881192 0.0 0.0 0.0 1.0
office/seq-05/color/frame-000002.color.png office/seq-05/color/frame-000005.color.png 0.99987 -0.00381551 0.0156526 0.0046374 0.00360519 0.999903 0.0134428 0.00367182 -0.0157024 -0.0133847 0.999787 0.0128596 0.0 0.0 0.0 1.0
office/seq-05/color/frame-000003.color.png office/seq-05/color/frame-000006.color.png 0.9999 -0.00033263 0.0141393 0.00319545 0.000177158 0.999939 0.0109956 0.00314567 -0.0141422 -0.010992 0.99984 0.0106163 0.0 0.0 0.0 1.0
office/seq-05/color/frame-000004.color.png office/seq-05/color/frame-000007.color.png 0.999797 0.00116542 0.0201361 -0.00264471 -0.00144191 0.999905 0.013722 0.00604975 -0.0201182 -0.0137482 0.999703 0.0195335 0.0 0.0 0.0 1.0
office/seq-05/color/frame-000005.color.png office/seq-05/color/frame-000008.color.png 0.999818 0.00163404 0.0189879 0.000847623 -0.00207617 0.999727 0.0232887 -0.00189114 -0.0189446 -0.0233239 0.999548 0.0269512 0.0 0.0 0.0 1.0
office/seq-05/color/frame-000006.color.png office/seq-05/color/frame-000009.color.png 0.999782 0.000275056 0.0208765 0.00105149 -0.000721073 0.999772 0.02136 -0.00200933 -0.0208658 -0.0213704 0.999554 0.0340956 0.0 0.0 0.0 1.0
office/seq-05/color/frame-000007.color.png office/seq-05/color/frame-000010.color.png 0.999674 -1.14271e-05 0.0255372 0.00440387 -0.000495422 0.999803 0.019841 -0.0056172 -0.0255324 -0.0198472 0.999477 0.0323208 0.0 0.0 0.0 1.0
office/seq-05/color/frame-000008.color.png office/seq-05/color/frame-000011.color.png 0.999616 -0.00503512 0.0272437 8.85953e-05 0.00474841 0.999933 0.0105785 0.00113359 -0.0272952 -0.010445 0.999573 0.0300506 0.0 0.0 0.0 1.0
office/seq-05/color/frame-000009.color.png office/seq-05/color/frame-000012.color.png 0.999158 -0.0111136 0.0395012 -0.00142494 0.0104145 0.999786 0.0178603 -0.00776127 -0.0396913 -0.0174339 0.99906 0.0334334 0.0 0.0 0.0 1.0
office/seq-05/color/frame-000010.color.png office/seq-05/color/frame-000013.color.png 0.999248 -0.0110153 0.0371846 -0.00551196 0.0104528 0.999828 0.0152878 -0.000290035 -0.0373466 -0.0148876 0.999191 0.0366048 0.0 0.0 0.0 1.0
office/seq-05/color/frame-000011.color.png office/seq-05/color/frame-000014.color.png 0.998815 -0.00958316 0.0477182 -0.0141089 0.00891432 0.999859 0.0142097 -0.00367018 -0.0478477 -0.0137675 0.99876 0.0487459 0.0 0.0 0.0 1.0
office/seq-05/color/frame-000012.color.png office/seq-05/color/frame-000015.color.png 0.999243 -0.00830393 0.0379985 -0.0102416 0.00792802 0.999918 0.0100329 -0.00233272 -0.0380787 -0.00972403 0.999227 0.0421119 0.0 0.0 0.0 1.0
office/seq-05/color/frame-000013.color.png office/seq-05/color/frame-000016.color.png 0.998683 -0.0174684 0.0482482 -0.0263515 0.016617 0.9997 0.0179917 -0.0166417 -0.048548 -0.0171663 0.998673 0.0551683 0.0 0.0 0.0 1.0
office/seq-05/color/frame-000014.color.png office/seq-05/color/frame-000017.color.png 0.999249 -0.0212 0.032448 -0.00924963 0.0205819 0.999603 0.019266 -0.0191263 -0.0328435 -0.0185836 0.999288 0.0479465 0.0 0.0 0.0 1.0
office/seq-05/color/frame-000015.color.png office/seq-05/color/frame-000018.color.png 0.999185 -0.0200508 0.0350362 -0.00739382 0.0195086 0.999686 0.0157505 -0.023298 -0.035341 -0.0150542 0.999262 0.0697256 0.0 0.0 0.0 1.0
office/seq-05/color/frame-000016.color.png office/seq-05/color/frame-000019.color.png 0.999608 -0.0104958 0.0259739 -0.0144145 0.0103822 0.999936 0.00450455 -0.0121261 -0.0260195 -0.0042331 0.999653 0.0440444 0.0 0.0 0.0 1.0
office/seq-05/color/frame-000017.color.png office/seq-05/color/frame-000020.color.png 0.999802 -0.0017995 0.0198164 -0.00653381 0.00164164 0.999967 0.00797907 8.41198e-05 -0.0198301 -0.00794494 0.999772 0.0318578 0.0 0.0 0.0 1.0
office/seq-05/color/frame-000018.color.png office/seq-05/color/frame-000021.color.png 0.999858 -0.00148803 0.0167632 -0.00802688 0.00102916 0.999626 0.0273492 -0.0230579 -0.0167976 -0.027328 0.999485 0.0454468 0.0 0.0 0.0 1.0
office/seq-05/color/frame-000019.color.png office/seq-05/color/frame-000022.color.png 0.99995 0.00323747 0.00944354 0.00763701 -0.00350683 0.999583 0.0286469 -0.0266324 -0.00934687 -0.0286787 0.999545 0.0527363 0.0 0.0 0.0 1.0
office/seq-05/color/frame-000020.color.png office/seq-05/color/frame-000023.color.png 0.999523 0.0124633 0.0282486 0.000284378 -0.0133317 0.999438 0.0307632 -0.0307267 -0.0278492 -0.0311252 0.999127 0.0709526 0.0 0.0 0.0 1.0
office/seq-05/color/frame-000021.color.png office/seq-05/color/frame-000024.color.png 0.999697 0.00786606 0.0233086 0.00941903 -0.00804762 0.999938 0.00770563 -0.0116833 -0.0232465 -0.00789086 0.999699 0.0426473 0.0 0.0 0.0 1.0
office/seq-05/color/frame-000022.color.png office/seq-05/color/frame-000025.color.png 0.999693 0.00891405 0.0231166 0.00918185 -0.00923304 0.999863 0.0137294 -0.0389296 -0.0229911 -0.0139386 0.999638 0.0525963 0.0 0.0 0.0 1.0
office/seq-05/color/frame-000023.color.png office/seq-05/color/frame-000026.color.png 0.999899 0.0112882 0.00863489 -0.00076525 -0.0112389 0.99992 -0.00573518 -0.00923603 -0.00869892 0.0056376 0.999946 0.0396105 0.0 0.0 0.0 1.0
office/seq-05/color/frame-000024.color.png office/seq-05/color/frame-000027.color.png 0.999811 0.01771 0.00801053 -0.00061448 -0.0178086 0.999764 0.0124094 -0.0260787 -0.00778887 -0.0125498 0.999891 0.051786 0.0 0.0 0.0 1.0
office/seq-05/color/frame-000025.color.png office/seq-05/color/frame-000028.color.png 0.999869 0.0155022 0.00469082 0.0151317 -0.0155167 0.999875 0.00308701 -0.000486538 -0.0046424 -0.00315938 0.999984 0.0497199 0.0 0.0 0.0 1.0
office/seq-05/color/frame-000026.color.png office/seq-05/color/frame-000029.color.png 0.999956 0.00804583 0.00485833 0.0159467 -0.00806416 0.99996 0.00376503 -0.0167375 -0.00482784 -0.00380404 0.999981 0.0596502 0.0 0.0 0.0 1.0
office/seq-05/color/frame-000027.color.png office/seq-05/color/frame-000030.color.png 0.999948 0.00505923 0.00882736 0.0240239 -0.00503384 0.999983 -0.00289693 -0.00207981 -0.00884186 0.00285234 0.999957 0.0466649 0.0 0.0 0.0 1.0
office/seq-05/color/frame-000028.color.png office/seq-05/color/frame-000031.color.png 0.999872 -0.00430026 0.0154389 0.0214175 0.00430785 0.999991 -0.000458532 -0.0056957 -0.0154367 0.000524957 0.999881 0.0493535 0.0 0.0 0.0 1.0
office/seq-05/color/frame-000029.color.png office/seq-05/color/frame-000032.color.png 0.999784 -0.00972532 0.0183944 0.0202946 0.0097836 0.999947 -0.0030811 -0.00648119 -0.0183634 0.00326038 0.999826 0.0607734 0.0 0.0 0.0 1.0
office/seq-05/color/frame-000030.color.png office/seq-05/color/frame-000033.color.png 0.999882 -0.0131465 0.00797977 0.0282583 0.0132569 0.999815 -0.0139437 -0.00298407 -0.00779501 0.0140478 0.999871 0.0504216 0.0 0.0 0.0 1.0
office/seq-05/color/frame-000031.color.png office/seq-05/color/frame-000034.color.png 0.999608 -0.0186028 0.0209397 0.0101928 0.0189921 0.999648 -0.0185448 -0.00531956 -0.0205874 0.0189352 0.999609 0.054075 0.0 0.0 0.0 1.0
office/seq-05/color/frame-000032.color.png office/seq-05/color/frame-000035.color.png 0.999674 -0.0173852 0.0187018 0.016204 0.0175127 0.999824 -0.00667425 -0.000729509 -0.0185825 0.0069996 0.999803 0.0464679 0.0 0.0 0.0 1.0
office/seq-05/color/frame-000033.color.png office/seq-05/color/frame-000036.color.png 0.999592 -0.0204781 0.0198983 0.0177491 0.0204134 0.999786 0.00345089 -0.00600177 -0.0199647 -0.0030433 0.999796 0.0608372 0.0 0.0 0.0 1.0
office/seq-05/color/frame-000034.color.png office/seq-05/color/frame-000037.color.png 0.999867 -0.0153713 0.00551575 0.0299529 0.0153434 0.999869 0.00506856 -0.00452542 -0.00559297 -0.00498328 0.999972 0.0508471 0.0 0.0 0.0 1.0
office/seq-05/color/frame-000035.color.png office/seq-05/color/frame-000038.color.png 0.999787 -0.0203215 0.00360081 0.0286341 0.0203206 0.999793 0.000284021 -0.035719 -0.00360588 -0.000210778 0.999994 0.0565046 0.0 0.0 0.0 1.0
office/seq-05/color/frame-000036.color.png office/seq-05/color/frame-000039.color.png 0.999868 -0.0161034 0.00231454 0.0306481 0.0160943 0.999863 0.0039169 -0.0268579 -0.00237724 -0.00387912 0.99999 0.0560001 0.0 0.0 0.0 1.0
office/seq-05/color/frame-000037.color.png office/seq-05/color/frame-000040.color.png 0.99998 -0.00602048 0.00165867 0.0278759 0.0060158 0.999978 0.00281424 -0.0123005 -0.00167555 -0.00280419 0.999995 0.058933 0.0 0.0 0.0 1.0
office/seq-05/color/frame-000038.color.png office/seq-05/color/frame-000041.color.png 0.999993 -0.000499665 0.00382411 0.0203787 0.000472235 0.999974 0.00717069 -0.000925049 -0.0038276 -0.00716886 0.999967 0.0550412 0.0 0.0 0.0 1.0
office/seq-05/color/frame-000039.color.png office/seq-05/color/frame-000042.color.png 1.0 -0.000472748 0.000202491 0.0221545 0.000472385 0.999998 0.00174481 -0.00231365 -0.000203299 -0.00174471 0.999998 0.0432895 0.0 0.0 0.0 1.0
office/seq-05/color/frame-000040.color.png office/seq-05/color/frame-000043.color.png 0.999938 -0.0100597 0.00486152 0.0320428 0.0100641 0.999949 -0.000897742 -0.0103824 -0.00485221 0.00094661 0.999988 0.057139 0.0 0.0 0.0 1.0
office/seq-05/color/frame-000041.color.png office/seq-05/color/frame-000044.color.png 0.999902 -0.0109261 0.00874413 0.0280152 0.0109365 0.999939 -0.00114479 -0.00507591 -0.00873106 0.00124032 0.999961 0.058534 0.0 0.0 0.0 1.0
office/seq-05/color/frame-000042.color.png office/seq-05/color/frame-000045.color.png 0.999949 -0.00436641 0.00912793 0.0219615 0.00435277 0.999989 0.00151541 -0.0117367 -0.00913445 -0.00147563 0.999957 0.0643765 0.0 0.0 0.0 1.0
office/seq-05/color/frame-000043.color.png office/seq-05/color/frame-000046.color.png 0.999857 0.0169102 0.000757948 0.0172169 -0.0169126 0.999851 0.00332343 -0.00349433 -0.000701651 -0.0033358 0.999994 0.0457107 0.0 0.0 0.0 1.0
office/seq-05/color/frame-000044.color.png office/seq-05/color/frame-000047.color.png 0.999813 0.0188864 0.0040982 0.0200544 -0.0188662 0.99981 -0.00492447 0.000357024 -0.00419045 0.00484623 0.999979 0.0401059 0.0 0.0 0.0 1.0
office/seq-05/color/frame-000045.color.png office/seq-05/color/frame-000048.color.png 0.999899 0.00474054 0.0133903 0.0128489 -0.00466554 0.999973 -0.00562661 -0.00193356 -0.0134167 0.00556355 0.999895 0.0389078 0.0 0.0 0.0 1.0
office/seq-05/color/frame-000046.color.png office/seq-05/color/frame-000049.color.png 0.999563 -0.0106007 0.0275961 0.0109632 0.0107086 0.999936 -0.00376754 0.000211872 -0.0275543 0.00406141 0.999612 0.0654579 0.0 0.0 0.0 1.0
office/seq-05/color/frame-000047.color.png office/seq-05/color/frame-000050.color.png 0.999557 -0.00619802 0.0291079 0.000136226 0.00619528 0.999981 0.000184376 0.00148134 -0.0291085 -3.97952e-06 0.999576 0.0681338 0.0 0.0 0.0 1.0
office/seq-05/color/frame-000048.color.png office/seq-05/color/frame-000051.color.png 0.999614 0.00514151 0.0273032 0.0120523 -0.00531582 0.999966 0.00631595 -0.00994661 -0.0272698 -0.00645865 0.999607 0.0732712 0.0 0.0 0.0 1.0
office/seq-05/color/frame-000049.color.png office/seq-05/color/frame-000052.color.png 0.999603 0.00901005 0.0266843 -0.00540969 -0.00907789 0.999956 0.00242219 -0.00240761 -0.0266614 -0.00266346 0.999641 0.0549019 0.0 0.0 0.0 1.0
office/seq-05/color/frame-000050.color.png office/seq-05/color/frame-000053.color.png 0.999767 -0.00282197 0.0214021 0.0090324 0.00260472 0.999945 0.0101718 -0.0245241 -0.0214296 -0.0101137 0.999719 0.0559613 0.0 0.0 0.0 1.0
office/seq-05/color/frame-000051.color.png office/seq-05/color/frame-000054.color.png 0.999769 -0.00406219 0.0211255 0.00284635 0.00397681 0.999984 0.00408176 -0.00350615 -0.0211417 -0.00399678 0.999769 0.0573715 0.0 0.0 0.0 1.0
office/seq-05/color/frame-000052.color.png office/seq-05/color/frame-000055.color.png 0.999266 -0.0177515 0.0339526 -0.00455737 0.01751 0.999819 0.00739791 -0.0242014 -0.0340778 -0.00679794 0.999396 0.0780979 0.0 0.0 0.0 1.0
office/seq-05/color/frame-000053.color.png office/seq-05/color/frame-000056.color.png 0.999245 -0.0148156 0.0359102 -0.00901639 0.0146379 0.999879 0.00520747 -0.0117547 -0.035983 -0.0046779 0.999341 0.0775834 0.0 0.0 0.0 1.0
office/seq-05/color/frame-000054.color.png office/seq-05/color/frame-000057.color.png 0.999082 -0.013529 0.0406473 -0.0161165 0.0130573 0.999845 0.0118476 -0.0247662 -0.0408013 -0.011306 0.999103 0.0821944 0.0 0.0 0.0 1.0
office/seq-05/color/frame-000055.color.png office/seq-05/color/frame-000058.color.png 0.999648 -0.00205198 0.0264685 -0.00606593 0.00160561 0.999856 0.0168742 -0.0225714 -0.0264993 -0.0168258 0.999507 0.0595853 0.0 0.0 0.0 1.0
office/seq-05/color/frame-000056.color.png office/seq-05/color/frame-000059.color.png 0.999621 0.00450833 0.027169 -0.0111471 -0.00502214 0.999809 0.0188733 -0.0278674 -0.0270787 -0.0190026 0.999453 0.0671377 0.0 0.0 0.0 1.0
office/seq-05/color/frame-000057.color.png office/seq-05/color/frame-000060.color.png 0.99968 0.00188502 0.0252138 -0.0139073 -0.00219284 0.999923 0.0121864 -0.019673 -0.0251889 -0.0122378 0.999608 0.0735301 0.0 0.0 0.0 1.0
office/seq-05/color/frame-000058.color.png office/seq-05/color/frame-000061.color.png 0.999823 -0.000586498 0.0188183 -0.00706285 0.000480244 0.999984 0.00565107 -0.0119529 -0.0188214 -0.00564104 0.999807 0.0657118 0.0 0.0 0.0 1.0
office/seq-05/color/frame-000059.color.png office/seq-05/color/frame-000062.color.png 0.999821 -0.00555166 0.0180768 -0.00992271 0.00534758 0.999922 0.0113192 -0.0365666 -0.0181382 -0.0112205 0.999772 0.0575293 0.0 0.0 0.0 1.0
office/seq-05/color/frame-000060.color.png office/seq-05/color/frame-000063.color.png 0.99992 0.00247981 0.01237 0.00366443 -0.00256543 0.999973 0.00691126 -0.0170491 -0.0123524 -0.00694244 0.9999 0.0538585 0.0 0.0 0.0 1.0
office/seq-05/color/frame-000061.color.png office/seq-05/color/frame-000064.color.png 0.99989 -0.000943511 0.0147997 -0.000856936 0.000787612 0.999944 0.0105369 -0.0315626 -0.0148088 -0.010524 0.999835 0.0578088 0.0 0.0 0.0 1.0
office/seq-05/color/frame-000062.color.png office/seq-05/color/frame-000065.color.png 0.999894 0.00268561 0.0142748 -0.000258356 -0.0027522 0.999985 0.00464657 -0.00214292 -0.0142622 -0.00468539 0.999887 0.0524425 0.0 0.0 0.0 1.0
office/seq-05/color/frame-000063.color.png office/seq-05/color/frame-000066.color.png 0.999893 -0.00497406 0.0137668 -0.00771531 0.00470567 0.9998 0.0194597 -0.0280852 -0.0138608 -0.0193929 0.999716 0.0476973 0.0 0.0 0.0 1.0
office/seq-05/color/frame-000064.color.png office/seq-05/color/frame-000067.color.png 0.999942 -0.00158921 0.0106913 -0.00443715 0.00128873 0.999606 0.0280528 -0.0359109 -0.0107317 -0.0280374 0.999549 0.0513577 0.0 0.0 0.0 1.0
office/seq-05/color/frame-000065.color.png office/seq-05/color/frame-000068.color.png 0.999947 -0.00307829 0.00982931 -0.00138921 0.00274074 0.999412 0.0341724 -0.0649136 -0.00992869 -0.0341436 0.999368 0.0462427 0.0 0.0 0.0 1.0
office/seq-05/color/frame-000066.color.png office/seq-05/color/frame-000069.color.png 0.999934 0.00541491 0.0101286 -0.000249624 -0.00564928 0.999713 0.0232578 -0.0438232 -0.00999983 -0.0233135 0.999678 0.0467871 0.0 0.0 0.0 1.0
office/seq-05/color/frame-000067.color.png office/seq-05/color/frame-000070.color.png 0.999946 0.00818503 0.00647732 0.0030061 -0.00830649 0.999786 0.0189511 -0.0351371 -0.00632084 -0.0190039 0.999799 0.0413855 0.0 0.0 0.0 1.0
office/seq-05/color/frame-000068.color.png office/seq-05/color/frame-000071.color.png 0.999955 0.0092658 0.00184912 0.0130457 -0.00929551 0.999816 0.0167647 -0.0247537 -0.00169346 -0.0167811 0.999858 0.0462632 0.0 0.0 0.0 1.0
office/seq-05/color/frame-000069.color.png office/seq-05/color/frame-000072.color.png 0.999994 0.00325385 0.000751368 0.012928 -0.0032675 0.999816 0.0189239 -0.0355106 -0.000689626 -0.0189263 0.999821 0.0377713 0.0 0.0 0.0 1.0
office/seq-05/color/frame-000070.color.png office/seq-05/color/frame-000073.color.png 0.999971 0.00725847 0.00230363 0.00570816 -0.00730461 0.999759 0.020702 -0.0398794 -0.00215269 -0.0207182 0.999783 0.0433719 0.0 0.0 0.0 1.0
office/seq-05/color/frame-000071.color.png office/seq-05/color/frame-000074.color.png 0.999947 0.00994192 -0.00282633 0.012445 -0.00989515 0.999821 0.0160982 -0.0259034 0.00298598 -0.0160693 0.999867 0.0374564 0.0 0.0 0.0 1.0
office/seq-05/color/frame-000072.color.png office/seq-05/color/frame-000075.color.png 0.999923 0.0107517 -0.00615793 0.0171078 -0.0106054 0.999672 0.023309 -0.0390262 0.00640653 -0.0232419 0.999709 0.0347539 0.0 0.0 0.0 1.0
office/seq-05/color/frame-000073.color.png office/seq-05/color/frame-000076.color.png 0.999978 0.00464518 -0.00476033 0.0180672 -0.00454381 0.999767 0.0210962 -0.0345732 0.00485711 -0.0210742 0.999766 0.0361041 0.0 0.0 0.0 1.0
office/seq-05/color/frame-000074.color.png office/seq-05/color/frame-000077.color.png 0.99998 0.0012969 -0.00616912 0.0180161 -0.00118036 0.999822 0.0188554 -0.0344035 0.00619247 -0.0188478 0.999803 0.040802 0.0 0.0 0.0 1.0
office/seq-05/color/frame-000075.color.png office/seq-05/color/frame-000078.color.png 0.999959 -0.00132883 -0.00893177 0.0217065 0.00139721 0.99997 0.00765226 -0.00893855 0.00892142 -0.00766439 0.999931 0.0383222 0.0 0.0 0.0 1.0
office/seq-05/color/frame-000076.color.png office/seq-05/color/frame-000079.color.png 0.999826 -0.0126245 -0.0137327 0.0373023 0.0128396 0.999794 0.0156899 -0.0324132 0.0135318 -0.0158635 0.999783 0.0353938 0.0 0.0 0.0 1.0
office/seq-05/color/frame-000077.color.png office/seq-05/color/frame-000080.color.png 0.999776 -0.0192955 -0.00863285 0.0283417 0.0194807 0.99957 0.0219101 -0.0426371 0.00820633 -0.0220734 0.999723 0.0330404 0.0 0.0 0.0 1.0
office/seq-05/color/frame-000078.color.png office/seq-05/color/frame-000081.color.png 0.999822 -0.0184066 -0.0041115 0.0189948 0.0184898 0.999604 0.0212208 -0.0412506 0.00371903 -0.0212931 0.999766 0.0387111 0.0 0.0 0.0 1.0
office/seq-05/color/frame-000079.color.png office/seq-05/color/frame-000082.color.png 0.999918 -0.0117879 -0.0050261 0.0180147 0.011863 0.999815 0.0151671 -0.0333905 0.00484631 -0.0152255 0.999872 0.0399598 0.0 0.0 0.0 1.0
office/seq-05/color/frame-000080.color.png office/seq-05/color/frame-000083.color.png 0.999929 -0.010464 -0.00572878 0.0194584 0.0105578 0.999807 0.0165942 -0.048653 0.00555405 -0.0166535 0.999846 0.0421449 0.0 0.0 0.0 1.0
office/seq-05/color/frame-000081.color.png office/seq-05/color/frame-000084.color.png 0.999924 -0.0105813 -0.00631159 0.0241984 0.0106341 0.999908 0.00837907 -0.0284972 0.0062225 -0.00844548 0.999945 0.0371263 0.0 0.0 0.0 1.0
office/seq-05/color/frame-000082.color.png office/seq-05/color/frame-000085.color.png 0.999947 -0.00994609 -0.00267315 0.017234 0.00996809 0.999916 0.00833386 -0.0284357 0.00259009 -0.00836009 0.999962 0.0372782 0.0 0.0 0.0 1.0
office/seq-05/color/frame-000083.color.png office/seq-05/color/frame-000086.color.png 0.99996 -0.00891195 0.000492809 0.0104714 0.00890705 0.999919 0.00912786 -0.0299089 -0.000574183 -0.00912319 0.999958 0.0369654 0.0 0.0 0.0 1.0
office/seq-05/color/frame-000084.color.png office/seq-05/color/frame-000087.color.png 0.999974 -0.00712408 -0.000655985 0.0138797 0.00713248 0.99988 0.0137853 -0.0441041 0.000557725 -0.0137897 0.999905 0.0352765 0.0 0.0 0.0 1.0
office/seq-05/color/frame-000085.color.png office/seq-05/color/frame-000088.color.png 0.999988 -0.00472292 0.0012038 0.00963748 0.00471299 0.999956 0.00810725 -0.03054 -0.00124204 -0.00810144 0.999967 0.0333987 0.0 0.0 0.0 1.0
office/seq-05/color/frame-000086.color.png office/seq-05/color/frame-000089.color.png 0.99999 -0.00183779 0.00412927 0.00150931 0.00181493 0.999983 0.00553639 -0.0227091 -0.00413935 -0.0055288 0.999976 0.0358807 0.0 0.0 0.0 1.0
office/seq-05/color/frame-000087.color.png office/seq-05/color/frame-000090.color.png 0.999974 -0.000661727 0.00724807 -0.00941172 0.000628999 0.99999 0.00451326 -0.023346 -0.007251 -0.00450861 0.999964 0.0441941 0.0 0.0 0.0 1.0
office/seq-05/color/frame-000088.color.png office/seq-05/color/frame-000091.color.png 0.999979 0.00616276 0.00194644 0.00156242 -0.00617813 0.999949 0.00799503 -0.02286 -0.00189706 -0.00800693 0.999966 0.0309162 0.0 0.0 0.0 1.0
office/seq-05/color/frame-000089.color.png office/seq-05/color/frame-000092.color.png 0.999979 0.00656438 0.000363025 0.00123501 -0.0065675 0.999933 0.00947349 -0.0251462 -0.000300813 -0.00947563 0.999955 0.031077 0.0 0.0 0.0 1.0
office/seq-05/color/frame-000090.color.png office/seq-05/color/frame-000093.color.png 0.999977 0.00546218 -0.00411588 0.00789794 -0.00543851 0.999969 0.00574604 -0.0148827 0.00414721 -0.00572354 0.999975 0.0282714 0.0 0.0 0.0 1.0
office/seq-05/color/frame-000091.color.png office/seq-05/color/frame-000094.color.png 0.999993 0.00253436 -0.00287426 0.00261497 -0.00249967 0.999925 0.012012 -0.0394779 0.00290449 -0.0120049 0.999924 0.0286556 0.0 0.0 0.0 1.0
office/seq-05/color/frame-000092.color.png office/seq-05/color/frame-000095.color.png 0.99989 0.014802 -0.00112918 0.00194395 -0.0147983 0.999885 0.00326765 -0.0108102 0.00117739 -0.00325061 0.999994 0.030436 0.0 0.0 0.0 1.0
office/seq-05/color/frame-000093.color.png office/seq-05/color/frame-000096.color.png 0.999861 0.0165102 0.00225682 -0.00516513 -0.0165071 0.999863 -0.00142839 0.000845611 -0.00228015 0.00139096 0.999996 0.032195 0.0 0.0 0.0 1.0
office/seq-05/color/frame-000094.color.png office/seq-05/color/frame-000097.color.png 0.999916 0.0123981 0.00383621 -0.0132903 -0.0123759 0.999907 -0.00576119 0.00502494 -0.0039073 0.00571327 0.999976 0.0342723 0.0 0.0 0.0 1.0
office/seq-05/color/frame-000095.color.png office/seq-05/color/frame-000098.color.png 0.999957 0.00901967 0.00230282 -0.0124407 -0.00900446 0.999938 -0.00653379 0.00430933 -0.00236156 0.00651274 0.999976 0.0297445 0.0 0.0 0.0 1.0
office/seq-05/color/frame-000096.color.png office/seq-05/color/frame-000099.color.png 0.999931 0.0108447 0.00458572 -0.0168031 -0.0108196 0.999926 -0.00546746 0.00279185 -0.00464459 0.00541747 0.999975 0.0319674 0.0 0.0 0.0 1.0
office/seq-05/color/frame-000097.color.png office/seq-05/color/frame-000100.color.png 0.999878 0.0131698 0.00835857 -0.0284952 -0.0131118 0.99989 -0.006949 0.00826094 -0.00844906 0.00683862 0.999941 0.0322876 0.0 0.0 0.0 1.0
office/seq-05/color/frame-000098.color.png office/seq-05/color/frame-000101.color.png 0.999908 0.0101173 0.00908197 -0.0292408 -0.0100439 0.999917 -0.00808555 0.0120451 -0.00916307 0.00799354 0.999926 0.0345337 0.0 0.0 0.0 1.0
office/seq-05/color/frame-000099.color.png office/seq-05/color/frame-000102.color.png 0.999945 0.00476989 0.00935276 -0.029869 -0.00473786 0.999983 -0.00344644 0.000525773 -0.00936909 0.00340188 0.99995 0.0252026 0.0 0.0 0.0 1.0
office/seq-05/color/frame-000100.color.png office/seq-05/color/frame-000103.color.png 0.999969 0.00356537 0.00705309 -0.0248985 -0.00353901 0.999987 -0.00374643 -0.00331959 -0.00706629 0.00372136 0.999968 0.0277156 0.0 0.0 0.0 1.0
office/seq-05/color/frame-000101.color.png office/seq-05/color/frame-000104.color.png 0.999962 0.00841495 0.00241606 -0.0162689 -0.00838341 0.999883 -0.0127853 0.0162383 -0.0025234 0.0127646 0.999915 0.0240883 0.0 0.0 0.0 1.0
office/seq-05/color/frame-000102.color.png office/seq-05/color/frame-000105.color.png 0.999888 0.0123961 0.00833962 -0.0335227 -0.012205 0.99967 -0.0225908 0.0430547 -0.00861694 0.0224864 0.99971 0.0340776 0.0 0.0 0.0 1.0
office/seq-05/color/frame-000103.color.png office/seq-05/color/frame-000106.color.png 0.99979 0.00572799 0.0196668 -0.0608613 -0.00537803 0.999827 -0.0177992 0.0343417 -0.0197654 0.0176897 0.999648 0.035623 0.0 0.0 0.0 1.0
office/seq-05/color/frame-000104.color.png office/seq-05/color/frame-000107.color.png 0.999756 -0.00138869 0.0220585 -0.0639271 0.00158833 0.999958 -0.00903554 0.0128497 -0.022045 0.00906827 0.999716 0.0368758 0.0 0.0 0.0 1.0
office/seq-05/color/frame-000105.color.png office/seq-05/color/frame-000108.color.png 0.999776 -0.00134177 0.0211181 -0.0659225 0.00138252 0.999997 -0.00191485 -0.0121734 -0.0211154 0.00194368 0.999775 0.0364704 0.0 0.0 0.0 1.0
office/seq-05/color/frame-000106.color.png office/seq-05/color/frame-000109.color.png 0.999888 0.00404387 0.0143876 -0.0510689 -0.00379406 0.999842 -0.0173501 0.0338423 -0.0144555 0.0172934 0.999746 0.04045 0.0 0.0 0.0 1.0
office/seq-05/color/frame-000107.color.png office/seq-05/color/frame-000110.color.png 0.999973 -0.00121447 0.00727325 -0.0285223 0.00135846 0.999803 -0.0198252 0.0435129 -0.00724774 0.0198345 0.999777 0.0207012 0.0 0.0 0.0 1.0
office/seq-05/color/frame-000108.color.png office/seq-05/color/frame-000111.color.png 0.999917 -0.00896815 0.00927086 -0.0349366 0.0090262 0.99994 -0.00623777 0.0121221 -0.00921439 0.00632095 0.999938 0.0160831 0.0 0.0 0.0 1.0
office/seq-05/color/frame-000109.color.png office/seq-05/color/frame-000112.color.png 0.999891 -0.00825429 0.0122125 -0.0400009 0.00822448 0.999963 0.00248809 -0.0076158 -0.0122326 -0.00238733 0.999922 0.0177501 0.0 0.0 0.0 1.0
office/seq-05/color/frame-000110.color.png office/seq-05/color/frame-000113.color.png 0.999724 -0.0115271 0.0204748 -0.0710463 0.0113882 0.999911 0.00688666 -0.0222416 -0.0205525 -0.00665148 0.999767 0.0307761 0.0 0.0 0.0 1.0
office/seq-05/color/frame-000111.color.png office/seq-05/color/frame-000114.color.png 0.999851 -0.00978474 0.0142344 -0.0588334 0.00985811 0.999938 -0.00509481 0.0142407 -0.0141838 0.00523437 0.999886 0.0284257 0.0 0.0 0.0 1.0
office/seq-05/color/frame-000112.color.png office/seq-05/color/frame-000115.color.png 0.999942 -0.00799993 0.00717032 -0.0374428 0.00803559 0.999955 -0.00495634 0.0140179 -0.00713042 0.00501368 0.999962 0.0182641 0.0 0.0 0.0 1.0
office/seq-05/color/frame-000113.color.png office/seq-05/color/frame-000116.color.png 0.999928 -0.011284 0.00402422 -0.0311504 0.0112659 0.999927 0.00448353 -0.00793555 -0.00407447 -0.00443791 0.999982 0.00961864 0.0 0.0 0.0 1.0
office/seq-05/color/frame-000114.color.png office/seq-05/color/frame-000117.color.png 0.999925 -0.0094883 0.00771096 -0.0348819 0.00942028 0.999917 0.00880782 -0.0177416 -0.00779385 -0.00873454 0.999931 0.0108138 0.0 0.0 0.0 1.0
office/seq-05/color/frame-000115.color.png office/seq-05/color/frame-000118.color.png 0.999826 -0.013166 0.0132059 -0.0633311 0.013026 0.999859 0.0106272 -0.0210706 -0.0133439 -0.0104533 0.999856 0.0227033 0.0 0.0 0.0 1.0
office/seq-05/color/frame-000116.color.png office/seq-05/color/frame-000119.color.png 0.999908 -0.0115009 0.00721267 -0.0534561 0.0114506 0.99991 0.00697062 -0.0110278 -0.00729226 -0.00688742 0.99995 0.0214077 0.0 0.0 0.0 1.0
office/seq-05/color/frame-000117.color.png office/seq-05/color/frame-000120.color.png 0.999956 -0.00932252 -0.00101369 -0.0365799 0.00933079 0.99992 0.0085257 -0.01811 0.000934153 -0.00853477 0.999963 0.0171723 0.0 0.0 0.0 1.0
office/seq-05/color/frame-000118.color.png office/seq-05/color/frame-000121.color.png 0.999971 -0.00556008 -0.0051768 -0.013483 0.0055971 0.999959 0.00717237 -0.0164223 0.00513672 -0.00720112 0.999961 0.00417912 0.0 0.0 0.0 1.0
office/seq-05/color/frame-000119.color.png office/seq-05/color/frame-000122.color.png 0.999999 -0.00025959 -0.00106439 -0.0187312 0.000268656 0.999964 0.00849068 -0.0188848 0.00106219 -0.00849088 0.999963 0.00652659 0.0 0.0 0.0 1.0
office/seq-05/color/frame-000120.color.png office/seq-05/color/frame-000123.color.png 0.999996 -0.000856493 -0.00269294 -0.0149345 0.000870004 0.999987 0.0050145 -0.00645927 0.00268866 -0.00501678 0.999984 0.003775 0.0 0.0 0.0 1.0
office/seq-05/color/frame-000121.color.png office/seq-05/color/frame-000124.color.png 0.999999 -0.00138828 -0.000419591 -0.0334901 0.00139393 0.999904 0.0137709 -0.0317375 0.000400379 -0.0137715 0.999905 0.0113726 0.0 0.0 0.0 1.0
office/seq-05/color/frame-000122.color.png office/seq-05/color/frame-000125.color.png 0.999999 -0.000530683 -0.00109798 -0.0351237 0.000542292 0.999944 0.0105894 -0.0238353 0.00109228 -0.01059 0.999943 0.00968766 0.0 0.0 0.0 1.0
office/seq-05/color/frame-000123.color.png office/seq-05/color/frame-000126.color.png 0.99998 0.00246631 -0.00591468 -0.0240148 -0.00241395 0.999958 0.00883817 -0.0204102 0.00593624 -0.00882365 0.999943 0.0114727 0.0 0.0 0.0 1.0
office/seq-05/color/frame-000124.color.png office/seq-05/color/frame-000127.color.png 0.999944 0.00637803 -0.00849417 -0.0246326 -0.00630932 0.999947 0.00808884 -0.0161926 0.00854542 -0.00803472 0.999931 0.0111026 0.0 0.0 0.0 1.0
office/seq-05/color/frame-000125.color.png office/seq-05/color/frame-000128.color.png 0.999925 0.00844088 -0.00885936 -0.0224453 -0.00835202 0.999915 0.0100214 -0.018611 0.00894324 -0.00994668 0.999911 0.0180818 0.0 0.0 0.0 1.0
office/seq-05/color/frame-000126.color.png office/seq-05/color/frame-000129.color.png 0.999899 0.00542369 -0.0131195 0.00349365 -0.00541676 0.999985 0.000562083 0.00262433 0.0131222 -0.000490965 0.999914 0.00252795 0.0 0.0 0.0 1.0
office/seq-05/color/frame-000127.color.png office/seq-05/color/frame-000130.color.png 0.999901 0.00236323 -0.0138985 0.00231837 -0.00226712 0.999973 0.00692843 -0.0134942 0.0139144 -0.00689628 0.999879 0.00282776 0.0 0.0 0.0 1.0
office/seq-05/color/frame-000128.color.png office/seq-05/color/frame-000131.color.png 0.999808 0.00589446 -0.0187004 0.0139972 -0.00573352 0.999946 0.00864893 -0.0215359 0.0187504 -0.00854001 0.999788 0.00229096 0.0 0.0 0.0 1.0
office/seq-05/color/frame-000129.color.png office/seq-05/color/frame-000132.color.png 0.999827 0.0134023 -0.0129151 -0.0224638 -0.0131338 0.9997 0.0206518 -0.0523158 0.013188 -0.0204786 0.999703 0.0179434 0.0 0.0 0.0 1.0
office/seq-05/color/frame-000130.color.png office/seq-05/color/frame-000133.color.png 0.999294 0.0157784 -0.0340847 0.0397649 -0.015532 0.999851 0.00748059 -0.0163983 0.0341977 -0.00694593 0.999391 -0.00312865 0.0 0.0 0.0 1.0
office/seq-05/color/frame-000131.color.png office/seq-05/color/frame-000134.color.png 0.999437 0.0169942 -0.0289201 0.029646 -0.0167802 0.99983 0.00762704 -0.014166 0.0290448 -0.00713752 0.999553 -0.00258136 0.0 0.0 0.0 1.0
office/seq-05/color/frame-000132.color.png office/seq-05/color/frame-000135.color.png 0.999587 0.015296 -0.0243394 0.0209 -0.0151502 0.999866 0.00616363 -0.0118595 0.0244304 -0.00579238 0.999685 -0.00366199 0.0 0.0 0.0 1.0
office/seq-05/color/frame-000133.color.png office/seq-05/color/frame-000136.color.png 0.999664 0.0117242 -0.0230982 0.0173112 -0.01176 0.99993 -0.00141561 0.00926447 0.02308 0.00168673 0.999732 -0.00341725 0.0 0.0 0.0 1.0
office/seq-05/color/frame-000134.color.png office/seq-05/color/frame-000137.color.png 0.999547 0.00395798 -0.0298364 0.0352217 -0.00394575 0.999992 0.00046881 0.00323364 0.0298379 -0.000350873 0.999555 -0.0102649 0.0 0.0 0.0 1.0
office/seq-05/color/frame-000135.color.png office/seq-05/color/frame-000138.color.png 0.999551 0.00217356 -0.0299002 0.0332504 -0.00202011 0.999985 0.0051618 -0.00850925 0.0299109 -0.00509903 0.99954 -0.00851166 0.0 0.0 0.0 1.0
office/seq-05/color/frame-000136.color.png office/seq-05/color/frame-000139.color.png 0.99957 0.00405488 -0.0290494 0.0342403 -0.00380979 0.999957 0.00848732 -0.0213769 0.0290824 -0.00837294 0.999542 -0.0127537 0.0 0.0 0.0 1.0
office/seq-05/color/frame-000137.color.png office/seq-05/color/frame-000140.color.png 0.999643 0.0120282 -0.0238551 0.0159937 -0.0120139 0.999928 0.000741058 -0.00153166 0.0238623 -0.000454203 0.999715 -0.00367892 0.0 0.0 0.0 1.0
office/seq-05/color/frame-000138.color.png office/seq-05/color/frame-000141.color.png 0.999421 0.0100286 -0.0325203 0.0392844 -0.0100791 0.999948 -0.00138726 -0.00552672 0.0325047 0.00171419 0.99947 -0.00609457 0.0 0.0 0.0 1.0
office/seq-05/color/frame-000139.color.png office/seq-05/color/frame-000142.color.png 0.999321 0.0105281 -0.0353189 0.0441187 -0.0109888 0.999857 -0.0128744 0.0254814 0.0351783 0.0132538 0.999293 -0.010011 0.0 0.0 0.0 1.0
office/seq-05/color/frame-000140.color.png office/seq-05/color/frame-000143.color.png 0.999225 0.00707679 -0.0387084 0.0542871 -0.00731046 0.999956 -0.00589918 0.00722128 0.038665 0.00617759 0.999233 -0.00484765 0.0 0.0 0.0 1.0
office/seq-05/color/frame-000141.color.png office/seq-05/color/frame-000144.color.png 0.999725 0.00659864 -0.0225112 0.0247018 -0.00681939 0.999929 -0.00974362 0.0250182 0.0224454 0.00989447 0.999699 -0.00541639 0.0 0.0 0.0 1.0
office/seq-05/color/frame-000142.color.png office/seq-05/color/frame-000145.color.png 0.999704 0.0130729 -0.0205174 0.0200498 -0.0131562 0.999906 -0.00393288 0.016706 0.020464 0.00420159 0.999782 0.00357568 0.0 0.0 0.0 1.0
office/seq-05/color/frame-000143.color.png office/seq-05/color/frame-000146.color.png 0.999787 0.0122102 -0.0166131 0.00860937 -0.0124266 0.999838 -0.0129883 0.0438049 0.0164519 0.013192 0.999778 -0.0107969 0.0 0.0 0.0 1.0
office/seq-05/color/frame-000144.color.png office/seq-05/color/frame-000147.color.png 0.999312 0.00367324 -0.0369161 0.0480576 -0.00373228 0.999992 -0.00153087 0.00913996 0.0369102 0.0016676 0.999317 -0.0131568 0.0 0.0 0.0 1.0
office/seq-05/color/frame-000145.color.png office/seq-05/color/frame-000148.color.png 0.999457 0.00261409 -0.0328565 0.0309716 -0.00235147 0.999965 0.0080297 -0.0130923 0.0328763 -0.00794814 0.999428 -0.00747824 0.0 0.0 0.0 1.0
office/seq-05/color/frame-000146.color.png office/seq-05/color/frame-000149.color.png 0.999177 0.00182593 -0.0405205 0.0506684 -0.00141471 0.999947 0.0101746 -0.0211301 0.040537 -0.0101089 0.999127 -0.00701332 0.0 0.0 0.0 1.0
office/seq-05/color/frame-000147.color.png office/seq-05/color/frame-000150.color.png 0.999727 0.00818716 -0.0219012 -0.00386473 -0.00804427 0.999946 0.00660457 -0.00964817 0.021954 -0.00642658 0.999738 0.0117007 0.0 0.0 0.0 1.0
office/seq-05/color/frame-000148.color.png office/seq-05/color/frame-000151.color.png 0.999167 0.00214708 -0.040757 0.0503786 -0.00226074 0.999994 -0.00274269 0.0137828 0.0407508 0.00283258 0.999165 -0.00359476 0.0 0.0 0.0 1.0
office/seq-05/color/frame-000149.color.png office/seq-05/color/frame-000152.color.png 0.998987 0.000384112 -0.0450044 0.0600436 -0.000291057 0.999998 0.0020742 0.00452158 0.0450052 -0.00205901 0.998985 -0.00140488 0.0 0.0 0.0 1.0
office/seq-05/color/frame-000150.color.png office/seq-05/color/frame-000153.color.png 0.998958 0.000142324 -0.0456376 0.0663551 0.000229604 0.999967 0.0081443 -0.00700372 0.0456373 -0.00814631 0.998925 0.00273228 0.0 0.0 0.0 1.0
office/seq-05/color/frame-000151.color.png office/seq-05/color/frame-000154.color.png 0.999242 0.00636235 -0.0383977 0.0447377 -0.00577988 0.999867 0.0152605 -0.0225383 0.0384897 -0.0150269 0.999146 0.00323129 0.0 0.0 0.0 1.0
office/seq-05/color/frame-000152.color.png office/seq-05/color/frame-000155.color.png 0.999219 0.00462696 -0.0392364 0.0477387 -0.00415284 0.999918 0.0121568 -0.0130862 0.0392893 -0.0119844 0.999156 0.00657487 0.0 0.0 0.0 1.0
office/seq-05/color/frame-000153.color.png office/seq-05/color/frame-000156.color.png 0.999077 0.00175078 -0.042922 0.062309 -0.00130381 0.999945 0.010439 -0.0174088 0.0429379 -0.0103734 0.999024 0.006917 0.0 0.0 0.0 1.0
office/seq-05/color/frame-000154.color.png office/seq-05/color/frame-000157.color.png 0.999293 0.00215237 -0.0375312 0.0539156 -0.00206118 0.999995 0.00246837 0.00173262 0.0375362 -0.00238937 0.999292 0.0124602 0.0 0.0 0.0 1.0
office/seq-05/color/frame-000155.color.png office/seq-05/color/frame-000158.color.png 0.999454 0.00461229 -0.0327 0.0454213 -0.00455563 0.999988 0.0018074 -0.00440168 0.032708 -0.00165741 0.999464 0.00954282 0.0 0.0 0.0 1.0
office/seq-05/color/frame-000156.color.png office/seq-05/color/frame-000159.color.png 0.999516 0.00656003 -0.0304017 0.0399352 -0.00654252 0.999978 0.000675876 -0.00915414 0.0304054 -0.00047672 0.999537 0.0111649 0.0 0.0 0.0 1.0
office/seq-05/color/frame-000157.color.png office/seq-05/color/frame-000160.color.png 0.999277 0.00749563 -0.0372827 0.063961 -0.00775768 0.999946 -0.00688841 0.00714329 0.0372291 0.0071727 0.999281 0.017415 0.0 0.0 0.0 1.0
office/seq-05/color/frame-000158.color.png office/seq-05/color/frame-000161.color.png 0.999637 0.00731392 -0.0259425 0.0368069 -0.00757696 0.999921 -0.0100569 0.0167566 0.0258669 0.0102498 0.999613 0.0181514 0.0 0.0 0.0 1.0
office/seq-05/color/frame-000159.color.png office/seq-05/color/frame-000162.color.png 0.999603 0.00514278 -0.0277143 0.0498862 -0.00529165 0.999972 -0.00530158 0.00713533 0.0276863 0.00544616 0.999602 0.0127299 0.0 0.0 0.0 1.0
office/seq-05/color/frame-000160.color.png office/seq-05/color/frame-000163.color.png 0.999774 0.00628594 -0.0203034 0.0286342 -0.00626913 0.99998 0.000890572 -0.00830203 0.0203086 -0.000763076 0.999793 0.0144652 0.0 0.0 0.0 1.0
office/seq-05/color/frame-000161.color.png office/seq-05/color/frame-000164.color.png 0.999671 0.00610309 -0.0249337 0.0404322 -0.00601841 0.999976 0.00347033 -0.0203603 0.0249543 -0.00331908 0.999683 0.0260835 0.0 0.0 0.0 1.0
office/seq-05/color/frame-000162.color.png office/seq-05/color/frame-000165.color.png 0.999573 0.00914761 -0.027765 0.0504586 -0.0092914 0.999944 -0.00505332 0.00528824 0.0277173 0.00530913 0.999602 0.0146098 0.0 0.0 0.0 1.0
office/seq-05/color/frame-000163.color.png office/seq-05/color/frame-000166.color.png 0.999741 0.00971723 -0.0205654 0.0313302 -0.00978939 0.999946 -0.00341183 0.00563934 0.0205312 0.00361219 0.999783 0.0153464 0.0 0.0 0.0 1.0
office/seq-05/color/frame-000164.color.png office/seq-05/color/frame-000167.color.png 0.999758 0.00812896 -0.0204274 0.0282308 -0.00814005 0.999967 -0.000460393 -0.00129589 0.020423 0.00062645 0.999791 0.0186036 0.0 0.0 0.0 1.0
office/seq-05/color/frame-000165.color.png office/seq-05/color/frame-000168.color.png 0.999622 0.00806689 -0.0262753 0.047913 -0.00816894 0.99996 -0.00377929 0.00926861 0.0262438 0.00399251 0.999647 0.0220345 0.0 0.0 0.0 1.0
office/seq-05/color/frame-000166.color.png office/seq-05/color/frame-000169.color.png 0.999691 0.010494 -0.0225352 0.0362529 -0.0105583 0.999941 -0.00273358 0.00637084 0.0225051 0.00297071 0.999742 0.0262734 0.0 0.0 0.0 1.0
office/seq-05/color/frame-000167.color.png office/seq-05/color/frame-000170.color.png 0.999713 0.011802 -0.0208623 0.0360895 -0.0118007 0.99993 0.000185344 8.07643e-05 0.020863 6.09642e-05 0.999782 0.0246907 0.0 0.0 0.0 1.0
office/seq-05/color/frame-000168.color.png office/seq-05/color/frame-000171.color.png 0.999748 0.0135054 -0.0179102 0.0247991 -0.0134638 0.999906 0.00243881 -0.00309584 0.0179415 -0.00219707 0.999837 0.0301721 0.0 0.0 0.0 1.0
office/seq-05/color/frame-000169.color.png office/seq-05/color/frame-000172.color.png 0.9997 0.00774658 -0.0232386 0.0376462 -0.00769273 0.999968 0.00240557 -0.00856167 0.0232565 -0.00222618 0.999727 0.0298405 0.0 0.0 0.0 1.0
office/seq-05/color/frame-000170.color.png office/seq-05/color/frame-000173.color.png 0.999731 0.0052849 -0.0225779 0.0376182 -0.00539904 0.999973 -0.00499909 0.0102938 0.0225508 0.00511965 0.999732 0.0348154 0.0 0.0 0.0 1.0
office/seq-05/color/frame-000171.color.png office/seq-05/color/frame-000174.color.png 0.999798 0.00379012 -0.0197221 0.0305524 -0.0039526 0.999958 -0.00820714 0.0140982 0.0196902 0.00828347 0.999772 0.0361032 0.0 0.0 0.0 1.0
office/seq-05/color/frame-000172.color.png office/seq-05/color/frame-000175.color.png 0.999749 0.00360069 -0.0220901 0.0357416 -0.00380439 0.999951 -0.00918575 0.0192451 0.022056 0.00926754 0.999714 0.0370506 0.0 0.0 0.0 1.0
office/seq-05/color/frame-000173.color.png office/seq-05/color/frame-000176.color.png 0.999745 0.00104814 -0.0225378 0.0380211 -0.00114563 0.99999 -0.00431196 0.00737232 0.022533 0.00433671 0.999737 0.0347365 0.0 0.0 0.0 1.0
office/seq-05/color/frame-000174.color.png office/seq-05/color/frame-000177.color.png 0.999805 0.00336678 -0.0194772 0.0334534 -0.00347837 0.999978 -0.00569959 0.0114042 0.0194576 0.00576626 0.999794 0.034965 0.0 0.0 0.0 1.0
office/seq-05/color/frame-000175.color.png office/seq-05/color/frame-000178.color.png 0.999865 0.00518928 -0.0155861 0.0272036 -0.00527424 0.999971 -0.00541442 0.006661 0.0155576 0.00549585 0.999864 0.0401452 0.0 0.0 0.0 1.0
