office/seq-05/color/frame-000000.color.png office/seq-05/color/frame-000001.color.png 0.999957 -0.00452068 0.00809175 -0.000624349 0.00451417 0.999989 0.000822259 0.000851894 -0.00809538 -0.000785696 0.999967 0.00560863 0.0 0.0 0.0 1.0
office/seq-05/color/frame-000001.color.png office/seq-05/color/frame-000002.color.png 0.999999 -0.00109307 0.00119125 0.000248141 0.00109165 0.999999 0.00119265 0.00231746 -0.00119255 -0.00119135 0.999999 -0.00141401 0.0 0.0 0.0 1.0
office/seq-05/color/frame-000002.color.png office/seq-05/color/frame-000003.color.png 0.999979 -0.00234243 0.00599882 0.00117317 0.00230027 0.999973 0.00702441 0.00169608 -0.00601511 -0.00701047 0.999957 0.00703862 0.0 0.0 0.0 1.0
office/seq-05/color/frame-000003.color.png office/seq-05/color/frame-000004.color.png 0.999995 -0.0018865 0.00270466 0.000372987 0.0018775 0.999993 0.00332385 -0.00159169 -0.00271091 -0.00331876 0.999991 0.00300521 0.0 0.0 0.0 1.0
office/seq-05/color/frame-000004.color.png office/seq-05/color/frame-000005.color.png 0.999979 0.00038254 0.00648056 0.00416921 -0.000403454 0.999995 0.00322622 0.00310224 -0.00647929 -0.00322877 0.999974 0.00514526 0.0 0.0 0.0 1.0
office/seq-05/color/frame-000005.color.png office/seq-05/color/frame-000006.color.png 0.999993 0.000796931 0.00369318 0.00273016 -0.000815113 0.999988 0.00492521 -0.000139475 -0.00368922 -0.00492819 0.999981 0.0033816 0.0 0.0 0.0 1.0
office/seq-05/color/frame-000006.color.png office/seq-05/color/frame-000007.color.png 0.999972 -0.000790015 0.00741577 -0.00160402 0.000740565 0.999977 0.00666821 0.00074312 -0.00742087 -0.00666253 0.99995 0.0111613 0.0 0.0 0.0 1.0
office/seq-05/color/frame-000007.color.png office/seq-05/color/frame-000008.color.png 0.999976 0.00147471 0.00672306 0.00365866 -0.00154291 0.999947 0.0101507 0.00282204 -0.00670774 -0.0101608 0.999926 0.0132299 0.0 0.0 0.0 1.0
office/seq-05/color/frame-000008.color.png office/seq-05/color/frame-000009.color.png 0.99996 0.000429197 0.00895759 -0.00784426 -0.000460455 0.999994 0.00348785 -0.00236776 -0.00895605 -0.00349182 0.999954 0.00807623 0.0 0.0 0.0 1.0
office/seq-05/color/frame-000009.color.png office/seq-05/color/frame-000010.color.png 0.999926 -0.000815139 0.0121832 0.00147847 0.000764021 0.999991 0.0042001 -0.000129187 -0.0121865 -0.00419048 0.999917 0.0133821 0.0 0.0 0.0 1.0
office/seq-05/color/frame-000010.color.png office/seq-05/color/frame-000011.color.png 0.999957 -0.00509002 0.00780137 0.000800958 0.00505583 0.999978 0.00439519 -0.00103117 -0.00782353 -0.00435555 0.99996 0.00791494 0.0 0.0 0.0 1.0
office/seq-05/color/frame-000011.color.png office/seq-05/color/frame-000012.color.png 0.999819 -0.00409303 0.0186026 -0.0022547 0.00393697 0.999957 0.00841795 -0.00476069 -0.0186362 -0.00834319 0.999791 0.0154531 0.0 0.0 0.0 1.0
office/seq-05/color/frame-000012.color.png office/seq-05/color/frame-000013.color.png 0.999949 -0.00381424 0.00938776 -7.8578e-05 0.00376816 0.999981 0.00492123 -0.00270039 -0.00940634 -0.00488562 0.999944 0.012142 0.0 0.0 0.0 1.0
office/seq-05/color/frame-000013.color.png office/seq-05/color/frame-000014.color.png 0.999847 -0.00278352 0.0172484 -0.00360001 0.00272817 0.999991 0.00323142 -0.00423782 -0.0172573 -0.00318387 0.999846 0.0202532 0.0 0.0 0.0 1.0
office/seq-05/color/frame-000014.color.png office/seq-05/color/frame-000015.color.png 0.999931 -0.00217454 0.0115661 -0.00702399 0.00215366 0.999996 0.00181753 0.00335486 -0.0115701 -0.00179249 0.999931 0.0094395 0.0 0.0 0.0 1.0
office/seq-05/color/frame-000015.color.png office/seq-05/color/frame-000016.color.png 0.999818 -0.00974838 0.0163762 -0.00680058 0.00957195 0.999896 0.0108175 -0.00844918 -0.0164799 -0.0106588 0.999807 0.0263188 0.0 0.0 0.0 1.0
office/seq-05/color/frame-000016.color.png office/seq-05/color/frame-000017.color.png 0.99995 -0.00760447 0.00645462 -0.00188594 0.00757833 0.999963 0.00406483 -0.00729532 -0.00648531 -0.00401573 0.999971 0.0125191 0.0 0.0 0.0 1.0
office/seq-05/color/frame-000017.color.png office/seq-05/color/frame-000018.color.png 0.999889 -0.00253909 0.0146792 -0.00631427 0.00255061 0.999996 -0.00076616 -0.00293744 -0.0146772 0.000803512 0.999892 0.0300311 0.0 0.0 0.0 1.0
office/seq-05/color/frame-000018.color.png office/seq-05/color/frame-000019.color.png 0.999984 -0.000631388 0.00566575 -0.0097356 0.000622269 0.999999 0.00160911 -0.00415674 -0.00566672 -0.00160554 0.999983 0.00617962 0.0 0.0 0.0 1.0
office/seq-05/color/frame-000019.color.png office/seq-05/color/frame-000020.color.png 0.999999 0.000989147 0.0011958 0.00305529 -0.000997907 0.999972 0.00735346 0.00531275 -0.00118849 -0.00735467 0.999972 -0.000385657 0.0 0.0 0.0 1.0
office/seq-05/color/frame-000020.color.png office/seq-05/color/frame-000021.color.png 0.999961 -0.00157772 0.00867257 0.0015566 0.00140353 0.999798 0.0200555 -0.0294815 -0.00870248 -0.0200425 0.999761 0.0401587 0.0 0.0 0.0 1.0
office/seq-05/color/frame-000021.color.png office/seq-05/color/frame-000022.color.png 0.999993 0.00364502 0.000883212 -0.00169318 -0.00364436 0.999993 -0.000764177 0.00256515 -0.00088601 0.000760942 0.999999 0.00656021 0.0 0.0 0.0 1.0
office/seq-05/color/frame-000022.color.png office/seq-05/color/frame-000023.color.png 0.999898 0.00896599 0.0111376 0.0211545 -0.00913227 0.999846 0.0149696 -0.0107546 -0.0110016 -0.0150697 0.999826 0.02218 0.0 0.0 0.0 1.0
office/seq-05/color/frame-000023.color.png office/seq-05/color/frame-000024.color.png 0.999913 -0.00436948 0.012433 -0.0130784 0.00437791 0.99999 -0.0006515 -0.0197843 -0.0124301 0.000705832 0.999922 0.0226064 0.0 0.0 0.0 1.0
office/seq-05/color/frame-000024.color.png office/seq-05/color/frame-000025.color.png 0.999976 0.0068372 0.000987756 -0.00334155 -0.00683509 0.999974 -0.00211116 -0.00071992 -0.0010022 0.00210437 0.999997 0.014299 0.0 0.0 0.0 1.0
office/seq-05/color/frame-000025.color.png office/seq-05/color/frame-000026.color.png 0.999958 0.00915395 -0.00073481 0.00535418 -0.00915587 0.999955 -0.00264603 0.0108803 0.000710604 0.00265267 0.999996 0.0048703 0.0 0.0 0.0 1.0
office/seq-05/color/frame-000026.color.png office/seq-05/color/frame-000027.color.png 0.999963 0.005196 0.00688723 0.000326081 -0.00524172 0.999964 0.00663625 -0.00431406 -0.00685254 -0.0066721 0.999954 0.0309536 0.0 0.0 0.0 1.0
office/seq-05/color/frame-000027.color.png office/seq-05/color/frame-000028.color.png 0.999999 0.00139862 -0.000373068 0.0065881 -0.00139894 0.999999 -0.00083591 -0.00697092 0.00037189 0.000836435 1.0 0.0142593 0.0 0.0 0.0 1.0
office/seq-05/color/frame-000028.color.png office/seq-05/color/frame-000029.color.png 1.0 0.000529317 8.30981e-05 0.00592495 -0.000529383 1.0 0.000824648 -0.014721 -8.26667e-05 -0.00082468 1.0 0.0106619 0.0 0.0 0.0 1.0
office/seq-05/color/frame-000029.color.png office/seq-05/color/frame-000030.color.png 0.99998 -0.000330252 0.00634174 0.0194516 0.000320921 0.999999 0.00147296 0.00530088 -0.00634222 -0.00147091 0.999979 0.0179511 0.0 0.0 0.0 1.0
office/seq-05/color/frame-000030.color.png office/seq-05/color/frame-000031.color.png 0.999925 -0.00786368 0.00943983 -0.00380482 0.0078159 0.999957 0.00508714 -0.0221629 -0.00947947 -0.00501297 0.999943 0.0232583 0.0 0.0 0.0 1.0
office/seq-05/color/frame-000031.color.png office/seq-05/color/frame-000032.color.png 0.999997 -0.00214382 -0.00076954 0.0146337 0.00213557 0.999942 -0.0105819 0.0135033 0.00079219 0.0105803 0.999944 0.0174239 0.0 0.0 0.0 1.0
office/seq-05/color/frame-000032.color.png office/seq-05/color/frame-000033.color.png 0.999981 -0.00421867 0.00437872 0.00372082 0.00425392 0.999958 -0.00807148 0.00376959 -0.00434449 0.00808996 0.999958 0.0106069 0.0 0.0 0.0 1.0
office/seq-05/color/frame-000033.color.png office/seq-05/color/frame-000034.color.png 0.999865 -0.00969345 0.0132363 0.00288952 0.00981966 0.999907 -0.00950375 0.0084921 -0.0131429 0.00963244 0.999867 0.0231121 0.0 0.0 0.0 1.0
office/seq-05/color/frame-000034.color.png office/seq-05/color/frame-000035.color.png 0.999989 -0.00440374 0.00149389 0.0102015 0.00438449 0.99991 0.0126499 -0.0185897 -0.0015495 -0.0126432 0.999919 0.0151833 0.0 0.0 0.0 1.0
office/seq-05/color/frame-000035.color.png office/seq-05/color/frame-000036.color.png 0.999978 -0.00607832 0.00263222 0.010272 0.00607145 0.999978 0.00261584 -0.00352029 -0.00264804 -0.0025998 0.999993 0.0187182 0.0 0.0 0.0 1.0
office/seq-05/color/frame-000036.color.png office/seq-05/color/frame-000037.color.png 0.999952 -0.00936564 0.00294654 0.00748026 0.00937269 0.999953 -0.00238528 -0.00966079 -0.00292408 0.00241278 0.999993 0.0226119 0.0 0.0 0.0 1.0
office/seq-05/color/frame-000037.color.png office/seq-05/color/frame-000038.color.png 0.999994 -0.00149323 -0.00308491 0.0134888 0.00146637 0.999961 -0.00869121 0.00605189 0.00309775 0.00868662 0.999957 0.0140588 0.0 0.0 0.0 1.0
office/seq-05/color/frame-000038.color.png office/seq-05/color/frame-000039.color.png 0.999992 -0.0028398 0.00282998 0.0111679 0.00281235 0.999949 0.0096579 -0.00598146 -0.00285724 -0.00964985 0.999949 0.0254675 0.0 0.0 0.0 1.0
office/seq-05/color/frame-000039.color.png office/seq-05/color/frame-000040.color.png 0.999999 0.00087405 0.00111136 0.00431207 -0.00087292 0.999999 -0.00100548 -0.00183952 -0.00111219 0.0010045 0.999999 0.0180694 0.0 0.0 0.0 1.0
office/seq-05/color/frame-000040.color.png office/seq-05/color/frame-000041.color.png 1.0 -0.000127232 -0.000826527 0.00652051 0.000127346 1.0 0.000156244 0.000967696 0.000826405 -0.000156333 1.0 0.00989479 0.0 0.0 0.0 1.0
office/seq-05/color/frame-000041.color.png office/seq-05/color/frame-000042.color.png 0.999993 -0.00297597 -0.00242977 0.0177587 0.00298733 0.999985 0.00468609 -0.0095525 0.00241579 -0.00469332 0.999986 0.0134353 0.0 0.0 0.0 1.0
office/seq-05/color/frame-000042.color.png office/seq-05/color/frame-000043.color.png 0.999945 -0.00666412 0.00812048 0.00815971 0.00671284 0.999959 -0.00598684 -0.000787728 -0.00808016 0.00604105 0.999949 0.0301083 0.0 0.0 0.0 1.0
office/seq-05/color/frame-000043.color.png office/seq-05/color/frame-000044.color.png 0.999996 -0.00234178 0.00138728 0.00753126 0.00233825 0.999994 0.00253644 -0.00201696 -0.00139329 -0.00253323 0.999996 0.0143911 0.0 0.0 0.0 1.0
office/seq-05/color/frame-000044.color.png office/seq-05/color/frame-000045.color.png 0.999988 0.00444029 -0.00218338 0.0122816 -0.0044313 0.999982 0.00410309 -0.0069687 0.00220156 -0.00409334 0.999989 0.0211388 0.0 0.0 0.0 1.0
office/seq-05/color/frame-000045.color.png office/seq-05/color/frame-000046.color.png 0.99991 0.0133766 0.000752561 0.00185323 -0.0133756 0.99991 -0.00120113 -0.00221455 -0.000768529 0.00119099 0.999999 0.0133818 0.0 0.0 0.0 1.0
office/seq-05/color/frame-000046.color.png office/seq-05/color/frame-000047.color.png 0.999979 -4.22983e-05 0.00651114 0.00451158 7.51775e-05 0.999987 -0.00504954 0.00263044 -0.00651084 0.00504988 0.999966 0.0091036 0.0 0.0 0.0 1.0
office/seq-05/color/frame-000047.color.png office/seq-05/color/frame-000048.color.png 0.999947 -0.00526271 0.00881964 -0.00248203 0.00526705 0.999986 -0.00046755 0.00254593 -0.00881702 0.000513995 0.999961 0.014913 0.0 0.0 0.0 1.0
office/seq-05/color/frame-000048.color.png office/seq-05/color/frame-000049.color.png 0.999923 -0.00472173 0.0114953 0.00836092 0.00468647 0.999984 0.00309088 -0.00799295 -0.0115097 -0.0030368 0.999929 0.0364702 0.0 0.0 0.0 1.0
office/seq-05/color/frame-000049.color.png office/seq-05/color/frame-000050.color.png 0.999984 0.00234696 0.00507316 0.00621469 -0.00234342 0.999997 -0.000705893 0.00116849 -0.00507483 0.000694007 0.999987 0.0169363 0.0 0.0 0.0 1.0
office/seq-05/color/frame-000050.color.png office/seq-05/color/frame-000051.color.png 0.999927 0.00609819 0.0104044 -0.00335896 -0.00612614 0.999978 0.00265661 -0.00063619 -0.0103879 -0.00272014 0.999942 0.018912 0.0 0.0 0.0 1.0
office/seq-05/color/frame-000051.color.png office/seq-05/color/frame-000052.color.png 0.999953 0.000230097 0.00966507 -0.00249708 -0.000212135 0.999998 -0.0018601 0.00446145 -0.00966547 0.00185795 0.999952 0.0209659 0.0 0.0 0.0 1.0
office/seq-05/color/frame-000052.color.png office/seq-05/color/frame-000053.color.png 0.999973 -0.00310376 0.00661959 -0.0028705 0.00308921 0.999993 0.00220895 -0.00328989 -0.00662639 -0.00218844 0.999976 0.0194777 0.0 0.0 0.0 1.0
office/seq-05/color/frame-000053.color.png office/seq-05/color/frame-000054.color.png 0.999981 -0.00175617 0.00591656 0.00346923 0.0017349 0.999992 0.00359845 -0.00585272 -0.00592287 -0.00358809 0.999976 0.0152687 0.0 0.0 0.0 1.0
office/seq-05/color/frame-000054.color.png office/seq-05/color/frame-000055.color.png 0.999701 -0.0117059 0.0214866 -0.00612062 0.0117013 0.999931 0.000337504 -0.0126272 -0.0214891 -8.59754e-05 0.999769 0.0460206 0.0 0.0 0.0 1.0
office/seq-05/color/frame-000055.color.png office/seq-05/color/frame-000056.color.png 0.99997 -0.00358768 0.00689694 -0.00227043 0.00354506 0.999975 0.00617712 -0.0102029 -0.00691896 -0.00615252 0.999957 0.0164918 0.0 0.0 0.0 1.0
office/seq-05/color/frame-000056.color.png office/seq-05/color/frame-000057.color.png 0.999923 -0.00078028 0.0124001 -0.00748643 0.000706339 0.999982 0.00596829 -0.00716387 -0.0124044 -0.00595906 0.999905 0.0223492 0.0 0.0 0.0 1.0
office/seq-05/color/frame-000057.color.png office/seq-05/color/frame-000058.color.png 0.999925 0.00430427 0.0114247 -0.0108007 -0.00437458 0.999972 0.00613658 -0.00834037 -0.011398 -0.0061861 0.999916 0.0248715 0.0 0.0 0.0 1.0
office/seq-05/color/frame-000058.color.png office/seq-05/color/frame-000059.color.png 0.999991 -0.00035651 0.00416768 0.00411659 0.000324531 0.999971 0.00766635 -0.0162417 -0.00417028 -0.00766494 0.999962 0.0220377 0.0 0.0 0.0 1.0
office/seq-05/color/frame-000059.color.png office/seq-05/color/frame-000060.color.png 0.999973 -0.00126415 0.00730118 -0.00267518 0.00126664 0.999999 -0.000334407 0.000506029 -0.00730062 0.000343676 0.999973 0.021858 0.0 0.0 0.0 1.0
office/seq-05/color/frame-000060.color.png office/seq-05/color/frame-000061.color.png 0.999986 -0.00372406 0.00364155 0.00338152 0.00371869 0.999992 0.00148505 -0.00927064 -0.00364711 -0.00147151 0.999992 0.0183469 0.0 0.0 0.0 1.0
office/seq-05/color/frame-000061.color.png office/seq-05/color/frame-000062.color.png 0.999989 0.00159834 0.00435601 -0.00256604 -0.00163777 0.999958 0.00905653 -0.0207989 -0.00434135 -0.00906355 0.99995 0.0159749 0.0 0.0 0.0 1.0
office/seq-05/color/frame-000062.color.png office/seq-05/color/frame-000063.color.png 0.999989 0.000913618 0.00463982 0.000603676 -0.000927244 0.999995 0.00293636 -0.00871445 -0.00463709 -0.00294062 0.999985 0.0168817 0.0 0.0 0.0 1.0
office/seq-05/color/frame-000063.color.png office/seq-05/color/frame-000064.color.png 0.999984 -0.000261265 0.00564023 -0.00295338 0.000248923 0.999998 0.0021857 -0.00971083 -0.00564087 -0.00218432 0.999982 0.0179461 0.0 0.0 0.0 1.0
office/seq-05/color/frame-000064.color.png office/seq-05/color/frame-000065.color.png 0.999987 0.000425696 0.00512328 -0.00281879 -0.000449159 0.999989 0.00457644 0.000748754 -0.00512129 -0.00457866 0.999976 0.0154395 0.0 0.0 0.0 1.0
office/seq-05/color/frame-000065.color.png office/seq-05/color/frame-000066.color.png 0.999987 -0.00446229 0.00250724 -0.000422686 0.00442572 0.999886 0.0144159 -0.0241286 -0.00257125 -0.0144046 0.999893 0.0159845 0.0 0.0 0.0 1.0
office/seq-05/color/frame-000066.color.png office/seq-05/color/frame-000067.color.png 0.999998 -0.00112922 0.00184433 0.00363377 0.00111201 0.999956 0.00930675 -0.0164671 -0.00185476 -0.00930469 0.999955 0.0156912 0.0 0.0 0.0 1.0
office/seq-05/color/frame-000067.color.png office/seq-05/color/frame-000068.color.png 0.999976 0.00531398 0.00436034 -0.000643641 -0.00533864 0.99997 0.00565601 -0.00835645 -0.00433013 -0.00567916 0.999974 0.0147007 0.0 0.0 0.0 1.0
office/seq-05/color/frame-000068.color.png office/seq-05/color/frame-000069.color.png 0.999982 0.00403872 0.00437478 -0.00533792 -0.00406147 0.999978 0.00520797 -0.00724569 -0.00435357 -0.00522562 0.999977 0.0161489 0.0 0.0 0.0 1.0
office/seq-05/color/frame-000069.color.png office/seq-05/color/frame-000070.color.png 0.999997 0.00201449 -0.0010004 0.00408873 -0.00200825 0.999979 0.0062039 -0.0115566 0.00101285 -0.00620192 0.99998 0.011253 0.0 0.0 0.0 1.0
office/seq-05/color/frame-000070.color.png office/seq-05/color/frame-000071.color.png 0.999999 0.0012285 0.000720394 0.00401393 -0.00123399 0.99997 0.0076477 -0.0155888 -0.000711057 -0.00764857 0.999971 0.0129176 0.0 0.0 0.0 1.0
office/seq-05/color/frame-000071.color.png office/seq-05/color/frame-000072.color.png 0.999999 -0.000121644 0.00148568 0.00339916 0.000109934 0.999969 0.00789217 -0.0166528 -0.0014865 -0.00789201 0.999968 0.0142891 0.0 0.0 0.0 1.0
office/seq-05/color/frame-000072.color.png office/seq-05/color/frame-000073.color.png 0.999986 0.00526468 -0.00115898 0.00224108 -0.00525606 0.999959 0.00730071 -0.0137944 0.00119739 -0.00729443 0.999973 0.0163707 0.0 0.0 0.0 1.0
office/seq-05/color/frame-000073.color.png office/seq-05/color/frame-000074.color.png 0.999987 0.00361554 -0.00360308 0.00923049 -0.00360276 0.999987 0.003555 -0.00336345 0.0036159 -0.00354204 0.999987 0.00926566 0.0 0.0 0.0 1.0
office/seq-05/color/frame-000074.color.png office/seq-05/color/frame-000075.color.png 0.999999 0.00103742 -0.000631416 0.00492147 -0.00103021 0.999935 0.011319 -0.0200855 0.000643112 -0.0113183 0.999936 0.0113738 0.0 0.0 0.0 1.0
office/seq-05/color/frame-000075.color.png office/seq-05/color/frame-000076.color.png 1.0 -0.000281985 0.000750692 -0.000240833 0.000275757 0.999965 0.00830681 -0.0162629 -0.000752983 -0.00830659 0.999965 0.016572 0.0 0.0 0.0 1.0
office/seq-05/color/frame-000076.color.png office/seq-05/color/frame-000077.color.png 0.999983 -0.00057055 -0.00579398 0.0111236 0.000578364 0.999999 0.00134963 -0.00451402 0.00579323 -0.00135299 0.999982 0.0111109 0.0 0.0 0.0 1.0
office/seq-05/color/frame-000077.color.png office/seq-05/color/frame-000078.color.png 0.999987 -0.00236336 -0.00452695 0.0119787 0.00237168 0.999996 0.00182883 -0.000307903 0.00452261 -0.00183951 0.999988 0.00922239 0.0 0.0 0.0 1.0
office/seq-05/color/frame-000078.color.png office/seq-05/color/frame-000079.color.png 0.999945 -0.0104602 -0.000682551 0.00592259 0.0104658 0.999906 0.00889504 -0.0177405 0.000589422 -0.0089017 0.99996 0.0129223 0.0 0.0 0.0 1.0
office/seq-05/color/frame-000079.color.png office/seq-05/color/frame-000080.color.png 0.999985 -0.00526311 -0.00152619 0.00602049 0.00527428 0.999959 0.00742342 -0.013026 0.00148707 -0.0074314 0.999971 0.0125827 0.0 0.0 0.0 1.0
office/seq-05/color/frame-000080.color.png office/seq-05/color/frame-000081.color.png 0.999992 -0.00342493 -0.00184472 0.00680742 0.0034347 0.99998 0.00531246 -0.0126476 0.00182646 -0.00531879 0.999984 0.0127933 0.0 0.0 0.0 1.0
office/seq-05/color/frame-000081.color.png office/seq-05/color/frame-000082.color.png 0.999994 -0.0032467 -0.00107223 0.00424516 0.00325215 0.999982 0.0051309 -0.0156759 0.00105564 -0.00513432 0.999986 0.0157881 0.0 0.0 0.0 1.0
office/seq-05/color/frame-000082.color.png office/seq-05/color/frame-000083.color.png 0.999987 -0.00356209 -0.00373969 0.011592 0.00357249 0.99999 0.00276928 -0.00981715 0.00372971 -0.00278255 0.999989 0.0114764 0.0 0.0 0.0 1.0
office/seq-05/color/frame-000083.color.png office/seq-05/color/frame-000084.color.png 0.999987 -0.0051632 -0.000405673 0.00647897 0.00516414 0.999984 0.00236816 -0.00924906 0.000393484 -0.00237024 0.999997 0.0120268 0.0 0.0 0.0 1.0
office/seq-05/color/frame-000084.color.png office/seq-05/color/frame-000085.color.png 0.999989 -0.00465004 0.000957866 0.00228789 0.0046457 0.999979 0.00448334 -0.0162895 -0.000978756 -0.00447881 0.999989 0.014021 0.0 0.0 0.0 1.0
office/seq-05/color/frame-000085.color.png office/seq-05/color/frame-000086.color.png 1.0 -0.000238902 0.000116919 0.00145844 0.00023885 1.0 0.000545114 -0.00213131 -0.000116955 -0.000545143 1.0 0.010433 0.0 0.0 0.0 1.0
office/seq-05/color/frame-000086.color.png office/seq-05/color/frame-000087.color.png 1.0 -0.000844922 -0.00033632 0.00584048 0.000846517 0.999988 0.00477826 -0.0143982 0.000332261 -0.00477854 0.999989 0.00988984 0.0 0.0 0.0 1.0
office/seq-05/color/frame-000087.color.png office/seq-05/color/frame-000088.color.png 0.999996 -0.00124595 0.002714 -0.00231019 0.0012448 0.999999 0.000421001 -0.00487095 -0.00271452 -0.000417644 0.999996 0.0117391 0.0 0.0 0.0 1.0
office/seq-05/color/frame-000088.color.png office/seq-05/color/frame-000089.color.png 0.999998 -0.000345825 0.00185558 -0.00272837 0.000344201 0.999999 0.000887756 -0.00494584 -0.0018559 -0.0008871 0.999998 0.0121819 0.0 0.0 0.0 1.0
office/seq-05/color/frame-000089.color.png office/seq-05/color/frame-000090.color.png 0.999994 0.00318485 -0.00151681 0.00611937 -0.00318094 0.999992 0.00258243 -0.0077917 0.00152502 -0.00257761 0.999996 0.00859535 0.0 0.0 0.0 1.0
office/seq-05/color/frame-000090.color.png office/seq-05/color/frame-000091.color.png 0.999983 0.00486506 0.00321462 -0.00646561 -0.00488619 0.999966 0.00660724 -0.0130338 -0.00318236 -0.00662279 0.999973 0.0134046 0.0 0.0 0.0 1.0
office/seq-05/color/frame-000091.color.png office/seq-05/color/frame-000092.color.png 1.0 -0.000397578 -0.000628696 0.000335425 0.000399427 0.999996 0.00289072 -0.00882632 0.000627542 -0.00289096 0.999996 0.0125328 0.0 0.0 0.0 1.0
office/seq-05/color/frame-000092.color.png office/seq-05/color/frame-000093.color.png 0.99999 0.00065072 -0.0043027 0.00679731 -0.000639865 0.999997 0.00253194 -0.0100488 0.00430428 -0.00252928 0.999987 0.00551736 0.0 0.0 0.0 1.0
office/seq-05/color/frame-000093.color.png office/seq-05/color/frame-000094.color.png 0.999984 0.00560728 -0.000654448 0.00444743 -0.0056058 0.999982 0.00220098 -0.00393718 0.00066684 -0.00219719 0.999997 0.00845003 0.0 0.0 0.0 1.0
office/seq-05/color/frame-000094.color.png office/seq-05/color/frame-000095.color.png 0.999982 0.00544951 0.002296 -0.00450647 -0.00544811 0.999985 -0.000623503 -0.00165743 -0.0022994 0.000610976 0.999997 0.0140059 0.0 0.0 0.0 1.0
office/seq-05/color/frame-000095.color.png office/seq-05/color/frame-000096.color.png 0.999988 0.00479626 0.000372888 -0.00438333 -0.00479484 0.999981 -0.00384012 0.00831211 -0.000391365 0.00383824 0.999993 0.0100447 0.0 0.0 0.0 1.0
office/seq-05/color/frame-000096.color.png office/seq-05/color/frame-000097.color.png 0.999997 0.00207222 0.00151679 -0.00581709 -0.00207277 0.999998 0.000376152 -0.00600129 -0.00151598 -0.000379268 0.999999 0.0107667 0.0 0.0 0.0 1.0
office/seq-05/color/frame-000097.color.png office/seq-05/color/frame-000098.color.png 0.999992 0.00374374 0.0014968 -0.00514314 -0.00373922 0.999988 -0.00301736 0.00281367 -0.0015081 0.00301171 0.999994 0.0110385 0.0 0.0 0.0 1.0
office/seq-05/color/frame-000098.color.png office/seq-05/color/frame-000099.color.png 0.999984 0.00523265 0.00198501 -0.00670159 -0.00522964 0.999985 -0.00150316 0.00215021 -0.00199283 0.00149277 0.999997 0.0099169 0.0 0.0 0.0 1.0
office/seq-05/color/frame-000099.color.png office/seq-05/color/frame-000100.color.png 0.999977 0.00553395 0.00378952 -0.0119425 -0.00551263 0.999969 -0.00560562 0.0143364 -0.00382043 0.00558461 0.999977 0.0116493 0.0 0.0 0.0 1.0
office/seq-05/color/frame-000100.color.png office/seq-05/color/frame-000101.color.png 0.999986 0.000284635 0.00518872 -0.0169671 -0.000295915 0.999998 0.00216945 -0.0121712 -0.0051881 -0.00217098 0.999984 0.0148588 0.0 0.0 0.0 1.0
office/seq-05/color/frame-000101.color.png office/seq-05/color/frame-000102.color.png 1.0 -0.000179937 0.000879694 -0.00225127 0.000179407 1.0 0.00059674 -0.00162262 -0.000879858 -0.000596578 0.999999 0.00162625 0.0 0.0 0.0 1.0
office/seq-05/color/frame-000102.color.png office/seq-05/color/frame-000103.color.png 0.999985 0.00218948 0.00504384 -0.0189339 -0.00218848 0.999998 -0.000202719 -0.00962985 -0.0050442 0.000191628 0.999987 0.0145857 0.0 0.0 0.0 1.0
office/seq-05/color/frame-000103.color.png office/seq-05/color/frame-000104.color.png 0.999972 0.00752035 -0.000182013 -0.00463513 -0.00752189 0.99991 -0.0110797 0.0228791 9.86928e-05 0.0110808 0.999939 0.010618 0.0 0.0 0.0 1.0
office/seq-05/color/frame-000104.color.png office/seq-05/color/frame-000105.color.png 0.999991 0.00225029 0.00353169 -0.0095576 -0.00220788 0.999926 -0.0119698 0.0319393 -0.00355838 0.0119619 0.999922 0.00813437 0.0 0.0 0.0 1.0
office/seq-05/color/frame-000105.color.png office/seq-05/color/frame-000106.color.png 0.999917 -0.00309219 0.0124949 -0.0344454 0.00305699 0.999991 0.00283373 -0.0106202 -0.0125037 -0.00279537 0.999918 0.0148388 0.0 0.0 0.0 1.0
office/seq-05/color/frame-000106.color.png office/seq-05/color/frame-000107.color.png 0.999989 -0.000381776 0.00470567 -0.0159821 0.000385387 1.0 -0.000773624 -0.00583255 -0.00470533 0.00077536 0.999989 0.0128282 0.0 0.0 0.0 1.0
office/seq-05/color/frame-000107.color.png office/seq-05/color/frame-000108.color.png 0.999992 0.00174424 0.0036824 -0.0140938 -0.00171059 0.999957 -0.00911052 0.0170203 -0.00369813 0.00910426 0.999952 0.0105537 0.0 0.0 0.0 1.0
office/seq-05/color/frame-000108.color.png office/seq-05/color/frame-000109.color.png 0.999985 -0.00210103 0.00500897 -0.0192057 0.00214517 0.999959 -0.00883148 0.0211408 -0.00499026 0.00884205 0.999948 0.0091635 0.0 0.0 0.0 1.0
office/seq-05/color/frame-000109.color.png office/seq-05/color/frame-000110.color.png 1.0 0.000726785 7.99221e-05 0.000443071 -0.000726791 1.0 4.34816e-05 0.00105405 -7.98388e-05 -4.35583e-05 1.0 0.00232637 0.0 0.0 0.0 1.0
office/seq-05/color/frame-000110.color.png office/seq-05/color/frame-000111.color.png 0.999964 -0.00662381 0.00527668 -0.0186134 0.00660878 0.999974 0.00286808 -0.0091342 -0.00529549 -0.002833 0.999982 0.00823128 0.0 0.0 0.0 1.0
office/seq-05/color/frame-000111.color.png office/seq-05/color/frame-000112.color.png 0.999967 -0.00322983 0.00751377 -0.0227824 0.00322222 0.999994 0.00102166 -0.00389686 -0.00751712 -0.000997495 0.999971 0.0113047 0.0 0.0 0.0 1.0
office/seq-05/color/frame-000112.color.png office/seq-05/color/frame-000113.color.png 0.999973 -0.00147723 0.00721138 -0.0273012 0.00149993 0.999994 -0.00314622 0.00793657 -0.00720662 0.00315693 0.999969 0.0120748 0.0 0.0 0.0 1.0
office/seq-05/color/frame-000113.color.png office/seq-05/color/frame-000114.color.png 0.999988 -0.0048091 0.0011223 -0.013403 0.00481303 0.999982 -0.00352002 0.0119824 -0.00110528 0.00352543 0.999993 0.00696743 0.0 0.0 0.0 1.0
office/seq-05/color/frame-000114.color.png office/seq-05/color/frame-000115.color.png 1.0 -5.34861e-05 6.37202e-05 -0.00019896 5.34701e-05 1.0 9.81825e-05 -0.000358135 -6.37981e-05 -9.82454e-05 1.0 4.44651e-05 0.0 0.0 0.0 1.0
office/seq-05/color/frame-000115.color.png office/seq-05/color/frame-000116.color.png 0.999979 -0.0059648 0.00260709 -0.0161899 0.00595044 0.999967 0.00549078 -0.0125189 -0.00263984 -0.00547517 0.999981 0.00374126 0.0 0.0 0.0 1.0
office/seq-05/color/frame-000116.color.png office/seq-05/color/frame-000117.color.png 0.999969 -0.0038274 0.00695638 -0.0239304 0.00380047 0.999985 0.00388315 -0.00663128 -0.00697104 -0.0038565 0.999968 0.00999331 0.0 0.0 0.0 1.0
office/seq-05/color/frame-000117.color.png office/seq-05/color/frame-000118.color.png 0.999966 -0.00404885 0.00712747 -0.0318291 0.00404472 0.999992 0.000588887 0.000142157 -0.00712981 -0.000560117 0.999974 0.0133599 0.0 0.0 0.0 1.0
office/seq-05/color/frame-000118.color.png office/seq-05/color/frame-000119.color.png 0.99999 -0.00393386 -0.0023432 -0.00971156 0.00394517 0.999981 0.00482998 -0.0108043 0.00232407 -0.00483916 0.999986 0.00379407 0.0 0.0 0.0 1.0
office/seq-05/color/frame-000119.color.png office/seq-05/color/frame-000120.color.png 0.999995 -0.00200387 -0.00247295 -0.00410101 0.00201918 0.999979 0.00621099 -0.0166164 0.00246058 -0.00621593 0.999978 0.00240815 0.0 0.0 0.0 1.0
office/seq-05/color/frame-000120.color.png office/seq-05/color/frame-000121.color.png 1.0 -3.46404e-05 -0.000241027 0.000818923 3.45879e-05 1.0 -0.000203086 0.00072965 0.000240917 0.00020304 1.0 -2.86102e-06 0.0 0.0 0.0 1.0
office/seq-05/color/frame-000121.color.png office/seq-05/color/frame-000122.color.png 0.999999 0.00162986 0.000575257 -0.0115113 -0.00163084 0.999997 0.0017973 -0.0013546 -0.000572248 -0.00179821 0.999998 0.00328696 0.0 0.0 0.0 1.0
office/seq-05/color/frame-000122.color.png office/seq-05/color/frame-000123.color.png 0.999996 -0.00236188 -0.00150703 -0.00760503 0.00236747 0.99999 0.00374048 -0.00633901 0.00149811 -0.00374404 0.999992 0.00220823 0.0 0.0 0.0 1.0
office/seq-05/color/frame-000123.color.png office/seq-05/color/frame-000124.color.png 0.999999 0.00105022 0.000456571 -0.0139588 -0.00105213 0.999991 0.0041469 -0.010655 -0.000452166 -0.00414746 0.999991 0.00623691 0.0 0.0 0.0 1.0
office/seq-05/color/frame-000124.color.png office/seq-05/color/frame-000125.color.png 0.999997 0.00124528 -0.00189783 -0.00777689 -0.00124249 0.999998 0.00147591 -0.00245363 0.00189967 -0.00147357 0.999997 0.00171101 0.0 0.0 0.0 1.0
office/seq-05/color/frame-000125.color.png office/seq-05/color/frame-000126.color.png 0.999998 -0.00126716 -0.00181296 -0.0120394 0.0012768 0.999985 0.00529644 -0.0151145 0.00180631 -0.00529867 0.999984 0.00469637 0.0 0.0 0.0 1.0
office/seq-05/color/frame-000126.color.png office/seq-05/color/frame-000127.color.png 0.999959 0.00389539 -0.00817264 0.00636513 -0.00388332 0.999991 0.00149209 -0.00339216 0.00817846 -0.00146032 0.999966 0.00161898 0.0 0.0 0.0 1.0
office/seq-05/color/frame-000127.color.png office/seq-05/color/frame-000128.color.png 0.99998 0.00161719 -0.00614881 0.00102109 -0.00161832 0.999999 -0.000174792 0.00400281 0.00614844 0.000184734 0.999981 0.000532508 0.0 0.0 0.0 1.0
office/seq-05/color/frame-000128.color.png office/seq-05/color/frame-000129.color.png 0.999999 0.000367929 0.00124339 -0.00349451 -0.000368526 1.0 0.000469568 -0.000902891 -0.00124318 -0.000470096 0.999999 0.00141406 0.0 0.0 0.0 1.0
office/seq-05/color/frame-000129.color.png office/seq-05/color/frame-000130.color.png 0.999968 0.00126237 -0.00790276 0.00259484 -0.00121617 0.999982 0.00585404 -0.0129347 0.00790993 -0.00584424 0.999952 0.00280929 0.0 0.0 0.0 1.0
office/seq-05/color/frame-000130.color.png office/seq-05/color/frame-000131.color.png 0.999921 0.00591903 -0.0111265 0.0128935 -0.0058889 0.999979 0.00273767 -0.00673017 0.0111425 -0.00267191 0.999934 0.000524044 0.0 0.0 0.0 1.0
office/seq-05/color/frame-000131.color.png office/seq-05/color/frame-000132.color.png 0.999942 0.00689337 -0.0082594 0.00483353 -0.00687607 0.999974 0.0021224 -0.00303522 0.00827384 -0.00206545 0.999964 0.000475764 0.0 0.0 0.0 1.0
office/seq-05/color/frame-000132.color.png office/seq-05/color/frame-000133.color.png 0.999907 0.00403337 -0.0130215 0.0180615 -0.0040333 0.999992 2.89591e-05 0.00212654 0.0130215 2.35837e-05 0.999915 -0.00282681 0.0 0.0 0.0 1.0
office/seq-05/color/frame-000133.color.png office/seq-05/color/frame-000134.color.png 0.99993 0.00522553 -0.0105987 0.0154842 -0.00518677 0.99998 0.00368159 -0.00946018 0.0106178 -0.00362637 0.999937 -0.00453126 0.0 0.0 0.0 1.0
office/seq-05/color/frame-000134.color.png office/seq-05/color/frame-000135.color.png 0.99998 0.00497542 -0.00387708 -0.00313085 -0.00497263 0.999987 0.000722893 -0.000759482 0.00388064 -0.00070355 0.999992 0.000740647 0.0 0.0 0.0 1.0
office/seq-05/color/frame-000135.color.png office/seq-05/color/frame-000136.color.png 0.999961 0.000189663 -0.00878708 0.00514748 -0.000203204 0.999999 -0.00153538 0.00570911 0.00878672 0.0015371 0.99996 -0.00125825 0.0 0.0 0.0 1.0
office/seq-05/color/frame-000136.color.png office/seq-05/color/frame-000137.color.png 0.999946 -9.33428e-05 -0.0103644 0.0140927 0.000119258 0.999997 0.00250122 -0.00444701 0.010364 -0.00250237 0.999943 -0.00238991 0.0 0.0 0.0 1.0
office/seq-05/color/frame-000137.color.png office/seq-05/color/frame-000138.color.png 0.999948 0.00264402 -0.00982103 0.0117273 -0.00259312 0.999983 0.00519208 -0.012505 0.00983466 -0.0051663 0.999938 -0.00351357 0.0 0.0 0.0 1.0
office/seq-05/color/frame-000138.color.png office/seq-05/color/frame-000139.color.png 0.999969 0.00152165 -0.00767763 0.00668995 -0.00151128 0.999998 0.00135434 -0.00519332 0.0076797 -0.00134265 0.99997 -0.00214076 0.0 0.0 0.0 1.0
office/seq-05/color/frame-000139.color.png office/seq-05/color/frame-000140.color.png 0.999934 0.00420906 -0.0107075 0.0102332 -0.00424385 0.999986 -0.00322845 0.00578624 0.0106937 0.00327368 0.999937 -0.00240743 0.0 0.0 0.0 1.0
office/seq-05/color/frame-000140.color.png office/seq-05/color/frame-000141.color.png 0.999895 0.00342193 -0.0140964 0.0226096 -0.00345709 0.999991 -0.0024701 0.00248212 0.0140879 0.00251854 0.999898 -0.00271821 0.0 0.0 0.0 1.0
office/seq-05/color/frame-000141.color.png office/seq-05/color/frame-000142.color.png 0.999941 0.00329232 -0.0103947 0.0119727 -0.00333895 0.999984 -0.00447304 0.0104759 0.0103797 0.00450756 0.999936 -0.00145113 0.0 0.0 0.0 1.0
office/seq-05/color/frame-000142.color.png office/seq-05/color/frame-000143.color.png 0.999913 0.00195392 -0.0130176 0.0157418 -0.00196089 0.999998 -0.000521886 -0.000473589 0.0130165 0.000547312 0.999915 -0.00325477 0.0 0.0 0.0 1.0
office/seq-05/color/frame-000143.color.png office/seq-05/color/frame-000144.color.png 0.999999 -0.000286359 -0.000849673 0.00070577 0.000285856 1.0 -0.00061526 0.0010111 0.000849792 0.000615043 0.999999 -0.00351763 0.0 0.0 0.0 1.0
office/seq-05/color/frame-000144.color.png office/seq-05/color/frame-000145.color.png 0.999919 0.00448088 -0.0118997 0.0170046 -0.00451205 0.999987 -0.00259411 0.0076907 0.011888 0.00264762 0.999926 -0.00267947 0.0 0.0 0.0 1.0
office/seq-05/color/frame-000145.color.png office/seq-05/color/frame-000146.color.png 0.999969 0.0015025 -0.0077392 0.0047018 -0.00150257 0.999999 -3.70874e-06 0.00193995 0.00773914 1.53489e-05 0.99997 -0.00307441 0.0 0.0 0.0 1.0
office/seq-05/color/frame-000146.color.png office/seq-05/color/frame-000147.color.png 0.999921 8.87375e-05 -0.0125833 0.0136152 -5.31181e-05 0.999996 0.00282947 -0.00336829 0.0125835 -0.00282859 0.999917 -0.00322473 0.0 0.0 0.0 1.0
office/seq-05/color/frame-000147.color.png office/seq-05/color/frame-000148.color.png 0.999868 0.000400238 -0.0162603 0.0241789 -0.000345635 0.999994 0.00336373 -0.00683075 0.0162614 -0.0033577 0.999862 -0.00379741 0.0 0.0 0.0 1.0
office/seq-05/color/frame-000148.color.png office/seq-05/color/frame-000149.color.png 0.999902 0.00129573 -0.0139142 0.0195464 -0.0012871 0.999999 0.000627664 -0.00191253 0.0139151 -0.000609686 0.999903 -0.00230885 0.0 0.0 0.0 1.0
office/seq-05/color/frame-000149.color.png office/seq-05/color/frame-000150.color.png 0.999966 0.00150226 -0.00816386 0.000599835 -0.00152749 0.999994 -0.00308503 0.0116007 0.00815919 0.00309739 0.999962 0.00274122 0.0 0.0 0.0 1.0
office/seq-05/color/frame-000150.color.png office/seq-05/color/frame-000151.color.png 0.999893 0.00133344 -0.0145911 0.0170242 -0.00135259 0.999998 -0.00130192 0.00781366 0.0145893 0.00132159 0.999893 -0.000785947 0.0 0.0 0.0 1.0
office/seq-05/color/frame-000151.color.png office/seq-05/color/frame-000152.color.png 0.999861 0.000512403 -0.0166738 0.0248649 -0.000467758 0.999996 0.0026802 -0.00349897 0.0166751 -0.00267207 0.999857 -0.00292945 0.0 0.0 0.0 1.0
office/seq-05/color/frame-000152.color.png office/seq-05/color/frame-000153.color.png 0.999892 0.00101822 -0.014677 0.0223013 -0.000966158 0.999993 0.00355389 -0.00261265 0.0146805 -0.00353937 0.999886 0.0015223 0.0 0.0 0.0 1.0
office/seq-05/color/frame-000153.color.png office/seq-05/color/frame-000154.color.png 0.999921 0.00325007 -0.0121261 0.0127229 -0.00317722 0.999977 0.00602256 -0.00968128 0.0121454 -0.00598346 0.999908 -0.00111079 0.0 0.0 0.0 1.0
office/seq-05/color/frame-000154.color.png office/seq-05/color/frame-000155.color.png 0.999879 -0.000101301 -0.0155365 0.022088 0.000188911 0.999984 0.00563783 -0.0117193 0.0155357 -0.00564017 0.999863 0.0039928 0.0 0.0 0.0 1.0
office/seq-05/color/frame-000155.color.png office/seq-05/color/frame-000156.color.png 0.999886 -0.00066329 -0.0151128 0.0267017 0.000671585 1.0 0.000543921 -0.000352532 0.0151124 -0.000554033 0.999886 0.00457966 0.0 0.0 0.0 1.0
office/seq-05/color/frame-000156.color.png office/seq-05/color/frame-000157.color.png 0.999978 0.00377334 -0.00537942 0.000526898 -0.00378152 0.999992 -0.00150818 0.00689855 0.00537369 0.00152856 0.999984 0.00250089 0.0 0.0 0.0 1.0
office/seq-05/color/frame-000157.color.png office/seq-05/color/frame-000158.color.png 0.99994 0.000175806 -0.0109484 0.015299 -0.000117124 0.999986 0.00536098 -0.0205396 0.0109492 -0.00535943 0.999926 0.00339794 0.0 0.0 0.0 1.0
office/seq-05/color/frame-000158.color.png office/seq-05/color/frame-000159.color.png 0.999896 0.000209435 -0.0144358 0.0255763 -0.000253017 0.999995 -0.00301947 0.00251266 0.0144352 0.00302282 0.999891 0.00465691 0.0 0.0 0.0 1.0
office/seq-05/color/frame-000159.color.png office/seq-05/color/frame-000160.color.png 0.999933 0.00468354 -0.0106212 0.0195662 -0.00473693 0.999976 -0.00500362 0.00994065 0.0105974 0.00505355 0.999931 0.0049876 0.0 0.0 0.0 1.0
office/seq-05/color/frame-000160.color.png office/seq-05/color/frame-000161.color.png 0.999969 0.00223249 -0.00757367 0.0123319 -0.00223805 0.999997 -0.000726877 0.000595987 0.007572 0.000743758 0.999971 0.00366163 0.0 0.0 0.0 1.0
office/seq-05/color/frame-000161.color.png office/seq-05/color/frame-000162.color.png 0.999981 0.00250766 -0.00566479 0.00524355 -0.00249793 0.999995 0.00172269 -0.00601536 0.00566911 -0.00170842 0.999982 0.00358784 0.0 0.0 0.0 1.0
office/seq-05/color/frame-000162.color.png office/seq-05/color/frame-000163.color.png 0.999942 0.00447397 -0.00984118 0.0172571 -0.00449495 0.999988 -0.002111 0.00401485 0.00983157 0.00215514 0.999949 0.00765967 0.0 0.0 0.0 1.0
office/seq-05/color/frame-000163.color.png office/seq-05/color/frame-000164.color.png 0.999976 0.00320971 -0.00619841 0.00775173 -0.00321482 0.999994 -0.000814617 -0.00157303 0.00619579 0.000834464 0.999981 0.00826979 0.0 0.0 0.0 1.0
office/seq-05/color/frame-000164.color.png office/seq-05/color/frame-000165.color.png 0.999972 0.00348509 -0.00661369 0.0113612 -0.00350406 0.99999 -0.00285907 0.00661829 0.00660363 0.00288216 0.999974 0.0032382 0.0 0.0 0.0 1.0
office/seq-05/color/frame-000165.color.png office/seq-05/color/frame-000166.color.png 0.999986 0.00146222 -0.00505703 0.00493531 -0.00145247 0.999997 0.00193153 -0.00377184 0.00505984 -0.00192415 0.999985 0.00870323 0.0 0.0 0.0 1.0
office/seq-05/color/frame-000166.color.png office/seq-05/color/frame-000167.color.png 0.999936 0.0025146 -0.0110611 0.019974 -0.00251402 0.999997 6.5195e-05 -0.00256056 0.0110613 -3.74319e-05 0.999939 0.00848997 0.0 0.0 0.0 1.0
office/seq-05/color/frame-000167.color.png office/seq-05/color/frame-000168.color.png 0.999964 0.00351307 -0.00777529 0.014672 -0.00354078 0.999987 -0.00355062 0.00964952 0.0077627 0.00357805 0.999964 0.00640631 0.0 0.0 0.0 1.0
office/seq-05/color/frame-000168.color.png office/seq-05/color/frame-000169.color.png 0.999986 0.00368413 -0.00381271 0.00304782 -0.00367717 0.999992 0.00182927 -0.00488257 0.00381941 -0.00181527 0.999991 0.00687897 0.0 0.0 0.0 1.0
office/seq-05/color/frame-000169.color.png office/seq-05/color/frame-000170.color.png 0.999963 0.00331728 -0.00791146 0.0138868 -0.00330142 0.999993 0.00201629 -0.00526187 0.00791811 -0.00199003 0.999967 0.00994635 0.0 0.0 0.0 1.0
office/seq-05/color/frame-000170.color.png office/seq-05/color/frame-000171.color.png 0.999954 0.00342016 -0.00890433 0.0158176 -0.00341234 0.999994 0.00089474 -0.00219736 0.00890731 -0.000864322 0.99996 0.009884 0.0 0.0 0.0 1.0
office/seq-05/color/frame-000171.color.png office/seq-05/color/frame-000172.color.png 0.999968 0.000246966 -0.00804302 0.0135272 -0.000263821 0.999998 -0.00209445 0.00477874 0.00804251 0.00209649 0.999965 0.0111164 0.0 0.0 0.0 1.0
office/seq-05/color/frame-000172.color.png office/seq-05/color/frame-000173.color.png 0.999981 0.000799953 -0.00604669 0.0101004 -0.000821087 0.999994 -0.00349717 0.00642005 0.00604385 0.00350214 0.999976 0.0115454 0.0 0.0 0.0 1.0
