office/seq-05/color/frame-000001.color.png office/seq-05/color/frame-000004.color.png 0.999942 -0.00553112 0.00925752 0.00373662 0.00542615 0.999921 0.0113266 0.00366672 -0.00931944 -0.0112757 0.999893 0.00881192 0.0 0.0 0.0 1.0
office/seq-05/color/frame-000004.color.png office/seq-05/color/frame-000007.color.png 0.999797 0.00116542 0.0201361 -0.00264471 -0.00144191 0.999905 0.013722 0.00604975 -0.0201182 -0.0137482 0.999703 0.0195335 0.0 0.0 0.0 1.0
office/seq-05/color/frame-000007.color.png office/seq-05/color/frame-000010.color.png 0.999674 -1.14271e-05 0.0255372 0.00440387 -0.000495422 0.999803 0.019841 -0.0056172 -0.0255324 -0.0198472 0.999477 0.0323208 0.0 0.0 0.0 1.0
office/seq-05/color/frame-000010.color.png office/seq-05/color/frame-000013.color.png 0.999248 -0.0110153 0.0371846 -0.00551196 0.0104528 0.999828 0.0152878 -0.000290035 -0.0373466 -0.0148876 0.999191 0.0366048 0.0 0.0 0.0 1.0
office/seq-05/color/frame-000013.color.png office/seq-05/color/frame-000016.color.png 0.998683 -0.0174684 0.0482482 -0.0263515 0.016617 0.9997 0.0179917 -0.0166417 -0.048548 -0.0171663 0.998673 0.0551683 0.0 0.0 0.0 1.0
office/seq-05/color/frame-000016.color.png office/seq-05/color/frame-000019.color.png 0.999608 -0.0104958 0.0259739 -0.0144145 0.0103822 0.999936 0.00450455 -0.0121261 -0.0260195 -0.0042331 0.999653 0.0440444 0.0 0.0 0.0 1.0
office/seq-05/color/frame-000019.color.png office/seq-05/color/frame-000022.color.png 0.99995 0.00323747 0.00944354 0.00763701 -0.00350683 0.999583 0.0286469 -0.0266324 -0.00934687 -0.0286787 0.999545 0.0527363 0.0 0.0 0.0 1.0
office/seq-05/color/frame-000022.color.png office/seq-05/color/frame-000025.color.png 0.999693 0.00891405 0.0231166 0.00918185 -0.00923304 0.999863 0.0137294 -0.0389296 -0.0229911 -0.0139386 0.999638 0.0525963 0.0 0.0 0.0 1.0
office/seq-05/color/frame-000025.color.png office/seq-05/color/frame-000028.color.png 0.999869 0.0155022 0.00469082 0.0151317 -0.0155167 0.999875 0.00308701 -0.000486538 -0.0046424 -0.00315938 0.999984 0.0497199 0.0 0.0 0.0 1.0
office/seq-05/color/frame-000028.color.png office/seq-05/color/frame-000031.color.png 0.999872 -0.00430026 0.0154389 0.0214175 0.00430785 0.999991 -0.000458532 -0.0056957 -0.0154367 0.000524957 0.999881 0.0493535 0.0 0.0 0.0 1.0
office/seq-05/color/frame-000031.color.png office/seq-05/color/frame-000034.color.png 0.999608 -0.0186028 0.0209397 0.0101928 0.0189921 0.999648 -0.0185448 -0.00531956 -0.0205874 0.0189352 0.999609 0.054075 0.0 0.0 0.0 1.0
office/seq-05/color/frame-000034.color.png office/seq-05/color/frame-000037.color.png 0.999867 -0.0153713 0.00551575 0.0299529 0.0153434 0.999869 0.00506856 -0.00452542 -0.00559297 -0.00498328 0.999972 0.0508471 0.0 0.0 0.0 1.0
office/seq-05/color/frame-000037.color.png office/seq-05/color/frame-000040.color.png 0.99998 -0.00602048 0.00165867 0.0278759 0.0060158 0.999978 0.00281424 -0.0123005 -0.00167555 -0.00280419 0.999995 0.058933 0.0 0.0 0.0 1.0
office/seq-05/color/frame-000040.color.png office/seq-05/color/frame-000043.color.png 0.999938 -0.0100597 0.00486152 0.0320428 0.0100641 0.999949 -0.000897742 -0.0103824 -0.00485221 0.00094661 0.999988 0.057139 0.0 0.0 0.0 1.0
office/seq-05/color/frame-000043.color.png office/seq-05/color/frame-000046.color.png 0.999857 0.0169102 0.000757948 0.0172169 -0.0169126 0.999851 0.00332343 -0.00349433 -0.000701651 -0.0033358 0.999994 0.0457107 0.0 0.0 0.0 1.0
office/seq-05/color/frame-000046.color.png office/seq-05/color/frame-000049.color.png 0.999563 -0.0106007 0.0275961 0.0109632 0.0107086 0.999936 -0.00376754 0.000211872 -0.0275543 0.00406141 0.999612 0.0654579 0.0 0.0 0.0 1.0
office/seq-05/color/frame-000049.color.png office/seq-05/color/frame-000052.color.png 0.999603 0.00901005 0.0266843 -0.00540969 -0.00907789 0.999956 0.00242219 -0.00240761 -0.0266614 -0.00266346 0.999641 0.0549019 0.0 0.0 0.0 1.0
office/seq-05/color/frame-000052.color.png office/seq-05/color/frame-000055.color.png 0.999266 -0.0177515 0.0339526 -0.00455737 0.01751 0.999819 0.00739791 -0.0242014 -0.0340778 -0.00679794 0.999396 0.0780979 0.0 0.0 0.0 1.0
office/seq-05/color/frame-000055.color.png office/seq-05/color/frame-000058.color.png 0.999648 -0.00205198 0.0264685 -0.00606593 0.00160561 0.999856 0.0168742 -0.0225714 -0.0264993 -0.0168258 0.999507 0.0595853 0.0 0.0 0.0 1.0
office/seq-05/color/frame-000058.color.png office/seq-05/color/frame-000061.color.png 0.999823 -0.000586498 0.0188183 -0.00706285 0.000480244 0.999984 0.00565107 -0.0119529 -0.0188214 -0.00564104 0.999807 0.0657118 0.0 0.0 0.0 1.0
office/seq-05/color/frame-000061.color.png office/seq-05/color/frame-000064.color.png 0.99989 -0.000943511 0.0147997 -0.000856936 0.000787612 0.999944 0.0105369 -0.0315626 -0.0148088 -0.010524 0.999835 0.0578088 0.0 0.0 0.0 1.0
office/seq-05/color/frame-000064.color.png office/seq-05/color/frame-000067.color.png 0.999942 -0.00158921 0.0106913 -0.00443715 0.00128873 0.999606 0.0280528 -0.0359109 -0.0107317 -0.0280374 0.999549 0.0513577 0.0 0.0 0.0 1.0
office/seq-05/color/frame-000067.color.png office/seq-05/color/frame-000070.color.png 0.999946 0.00818503 0.00647732 0.0030061 -0.00830649 0.999786 0.0189511 -0.0351371 -0.00632084 -0.0190039 0.999799 0.0413855 0.0 0.0 0.0 1.0
office/seq-05/color/frame-000070.color.png office/seq-05/color/frame-000073.color.png 0.999971 0.00725847 0.00230363 0.00570816 -0.00730461 0.999759 0.020702 -0.0398794 -0.00215269 -0.0207182 0.999783 0.0433719 0.0 0.0 0.0 1.0
office/seq-05/color/frame-000073.color.png office/seq-05/color/frame-000076.color.png 0.999978 0.00464518 -0.00476033 0.0180672 -0.00454381 0.999767 0.0210962 -0.0345732 0.00485711 -0.0210742 0.999766 0.0361041 0.0 0.0 0.0 1.0
office/seq-05/color/frame-000076.color.png office/seq-05/color/frame-000079.color.png 0.999826 -0.0126245 -0.0137327 0.0373023 0.0128396 0.999794 0.0156899 -0.0324132 0.0135318 -0.0158635 0.999783 0.0353938 0.0 0.0 0.0 1.0
office/seq-05/color/frame-000079.color.png office/seq-05/color/frame-000082.color.png 0.999918 -0.0117879 -0.0050261 0.0180147 0.011863 0.999815 0.0151671 -0.0333905 0.00484631 -0.0152255 0.999872 0.0399598 0.0 0.0 0.0 1.0
office/seq-05/color/frame-000082.color.png office/seq-05/color/frame-000085.color.png 0.999947 -0.00994609 -0.00267315 0.017234 0.00996809 0.999916 0.00833386 -0.0284357 0.00259009 -0.00836009 0.999962 0.0372782 0.0 0.0 0.0 1.0
office/seq-05/color/frame-000085.color.png office/seq-05/color/frame-000088.color.png 0.999988 -0.00472292 0.0012038 0.00963748 0.00471299 0.999956 0.00810725 -0.03054 -0.00124204 -0.00810144 0.999967 0.0333987 0.0 0.0 0.0 1.0
office/seq-05/color/frame-000088.color.png office/seq-05/color/frame-000091.color.png 0.999979 0.00616276 0.00194644 0.00156242 -0.00617813 0.999949 0.00799503 -0.02286 -0.00189706 -0.00800693 0.999966 0.0309162 0.0 0.0 0.0 1.0
office/seq-05/color/frame-000091.color.png office/seq-05/color/frame-000094.color.png 0.999993 0.00253436 -0.00287426 0.00261497 -0.00249967 0.999925 0.012012 -0.0394779 0.00290449 -0.0120049 0.999924 0.0286556 0.0 0.0 0.0 1.0
office/seq-05/color/frame-000094.color.png office/seq-05/color/frame-000097.color.png 0.999916 0.0123981 0.00383621 -0.0132903 -0.0123759 0.999907 -0.00576119 0.00502494 -0.0039073 0.00571327 0.999976 0.0342723 0.0 0.0 0.0 1.0
office/seq-05/color/frame-000097.color.png office/seq-05/color/frame-000100.color.png 0.999878 0.0131698 0.00835857 -0.0284952 -0.0131118 0.99989 -0.006949 0.00826094 -0.00844906 0.00683862 0.999941 0.0322876 0.0 0.0 0.0 1.0
office/seq-05/color/frame-000100.color.png office/seq-05/color/frame-000103.color.png 0.999969 0.00356537 0.00705309 -0.0248985 -0.00353901 0.999987 -0.00374643 -0.00331959 -0.00706629 0.00372136 0.999968 0.0277156 0.0 0.0 0.0 1.0
office/seq-05/color/frame-000103.color.png office/seq-05/color/frame-000106.color.png 0.99979 0.00572799 0.0196668 -0.0608613 -0.00537803 0.999827 -0.0177992 0.0343417 -0.0197654 0.0176897 0.999648 0.035623 0.0 0.0 0.0 1.0
office/seq-05/color/frame-000106.color.png office/seq-05/color/frame-000109.color.png 0.999888 0.00404387 0.0143876 -0.0510689 -0.00379406 0.999842 -0.0173501 0.0338423 -0.0144555 0.0172934 0.999746 0.04045 0.0 0.0 0.0 1.0
office/seq-05/color/frame-000109.color.png office/seq-05/color/frame-000112.color.png 0.999891 -0.00825429 0.0122125 -0.0400009 0.00822448 0.999963 0.00248809 -0.0076158 -0.0122326 -0.00238733 0.999922 0.0177501 0.0 0.0 0.0 1.0
office/seq-05/color/frame-000112.color.png office/seq-05/color/frame-000115.color.png 0.999942 -0.00799993 0.00717032 -0.0374428 0.00803559 0.999955 -0.00495634 0.0140179 -0.00713042 0.00501368 0.999962 0.0182641 0.0 0.0 0.0 1.0
office/seq-05/color/frame-000115.color.png office/seq-05/color/frame-000118.color.png 0.999826 -0.013166 0.0132059 -0.0633311 0.013026 0.999859 0.0106272 -0.0210706 -0.0133439 -0.0104533 0.999856 0.0227033 0.0 0.0 0.0 1.0
office/seq-05/color/frame-000118.color.png office/seq-05/color/frame-000121.color.png 0.999971 -0.00556008 -0.0051768 -0.013483 0.0055971 0.999959 0.00717237 -0.0164223 0.00513672 -0.00720112 0.999961 0.00417912 0.0 0.0 0.0 1.0
office/seq-05/color/frame-000121.color.png office/seq-05/color/frame-000124.color.png 0.999999 -0.00138828 -0.000419591 -0.0334901 0.00139393 0.999904 0.0137709 -0.0317375 0.000400379 -0.0137715 0.999905 0.0113726 0.0 0.0 0.0 1.0
office/seq-05/color/frame-000124.color.png office/seq-05/color/frame-000127.color.png 0.999944 0.00637803 -0.00849417 -0.0246326 -0.00630932 0.999947 0.00808884 -0.0161926 0.00854542 -0.00803472 0.999931 0.0111026 0.0 0.0 0.0 1.0
office/seq-05/color/frame-000127.color.png office/seq-05/color/frame-000130.color.png 0.999901 0.00236323 -0.0138985 0.00231837 -0.00226712 0.999973 0.00692843 -0.0134942 0.0139144 -0.00689628 0.999879 0.00282776 0.0 0.0 0.0 1.0
office/seq-05/color/frame-000130.color.png office/seq-05/color/frame-000133.color.png 0.999294 0.0157784 -0.0340847 0.0397649 -0.015532 0.999851 0.00748059 -0.0163983 0.0341977 -0.00694593 0.999391 -0.00312865 0.0 0.0 0.0 1.0
office/seq-05/color/frame-000133.color.png office/seq-05/color/frame-000136.color.png 0.999664 0.0117242 -0.0230982 0.0173112 -0.01176 0.99993 -0.00141561 0.00926447 0.02308 0.00168673 0.999732 -0.00341725 0.0 0.0 0.0 1.0
office/seq-05/color/frame-000136.color.png office/seq-05/color/frame-000139.color.png 0.99957 0.00405488 -0.0290494 0.0342403 -0.00380979 0.999957 0.00848732 -0.0213769 0.0290824 -0.00837294 0.999542 -0.0127537 0.0 0.0 0.0 1.0
office/seq-05/color/frame-000139.color.png office/seq-05/color/frame-000142.color.png 0.999321 0.0105281 -0.0353189 0.0441187 -0.0109888 0.999857 -0.0128744 0.0254814 0.0351783 0.0132538 0.999293 -0.010011 0.0 0.0 0.0 1.0
office/seq-05/color/frame-000142.color.png office/seq-05/color/frame-000145.color.png 0.999704 0.0130729 -0.0205174 0.0200498 -0.0131562 0.999906 -0.00393288 0.016706 0.020464 0.00420159 0.999782 0.00357568 0.0 0.0 0.0 1.0
office/seq-05/color/frame-000145.color.png office/seq-05/color/frame-000148.color.png 0.999457 0.00261409 -0.0328565 0.0309716 -0.00235147 0.999965 0.0080297 -0.0130923 0.0328763 -0.00794814 0.999428 -0.00747824 0.0 0.0 0.0 1.0
office/seq-05/color/frame-000148.color.png office/seq-05/color/frame-000151.color.png 0.999167 0.00214708 -0.040757 0.0503786 -0.00226074 0.999994 -0.00274269 0.0137828 0.0407508 0.00283258 0.999165 -0.00359476 0.0 0.0 0.0 1.0
office/seq-05/color/frame-000151.color.png office/seq-05/color/frame-000154.color.png 0.999242 0.00636235 -0.0383977 0.0447377 -0.00577988 0.999867 0.0152605 -0.0225383 0.0384897 -0.0150269 0.999146 0.00323129 0.0 0.0 0.0 1.0
office/seq-05/color/frame-000154.color.png office/seq-05/color/frame-000157.color.png 0.999293 0.00215237 -0.0375312 0.0539156 -0.00206118 0.999995 0.00246837 0.00173262 0.0375362 -0.00238937 0.999292 0.0124602 0.0 0.0 0.0 1.0
office/seq-05/color/frame-000157.color.png office/seq-05/color/frame-000160.color.png 0.999277 0.00749563 -0.0372827 0.063961 -0.00775768 0.999946 -0.00688841 0.00714329 0.0372291 0.0071727 0.999281 0.017415 0.0 0.0 0.0 1.0
office/seq-05/color/frame-000160.color.png office/seq-05/color/frame-000163.color.png 0.999774 0.00628594 -0.0203034 0.0286342 -0.00626913 0.99998 0.000890572 -0.00830203 0.0203086 -0.000763076 0.999793 0.0144652 0.0 0.0 0.0 1.0
office/seq-05/color/frame-000163.color.png office/seq-05/color/frame-000166.color.png 0.999741 0.00971723 -0.0205654 0.0313302 -0.00978939 0.999946 -0.00341183 0.00563934 0.0205312 0.00361219 0.999783 0.0153464 0.0 0.0 0.0 1.0
office/seq-05/color/frame-000166.color.png office/seq-05/color/frame-000169.color.png 0.999691 0.010494 -0.0225352 0.0362529 -0.0105583 0.999941 -0.00273358 0.00637084 0.0225051 0.00297071 0.999742 0.0262734 0.0 0.0 0.0 1.0
office/seq-05/color/frame-000169.color.png office/seq-05/color/frame-000172.color.png 0.9997 0.00774658 -0.0232386 0.0376462 -0.00769273 0.999968 0.00240557 -0.00856167 0.0232565 -0.00222618 0.999727 0.0298405 0.0 0.0 0.0 1.0
office/seq-05/color/frame-000172.color.png office/seq-05/color/frame-000175.color.png 0.999749 0.00360069 -0.0220901 0.0357416 -0.00380439 0.999951 -0.00918575 0.0192451 0.022056 0.00926754 0.999714 0.0370506 0.0 0.0 0.0 1.0
office/seq-05/color/frame-000175.color.png office/seq-05/color/frame-000178.color.png 0.999865 0.00518928 -0.0155861 0.0272036 -0.00527424 0.999971 -0.00541442 0.006661 0.0155576 0.00549585 0.999864 0.0401452 0.0 0.0 0.0 1.0
office/seq-05/color/frame-000178.color.png office/seq-05/color/frame-000181.color.png 0.999687 -0.00701988 -0.024012 0.0501757 0.00710912 0.999968 0.0036321 -0.023377 0.0239857 -0.00380172 0.999705 0.0402308 0.0 0.0 0.0 1.0
office/seq-05/color/frame-000181.color.png office/seq-05/color/frame-000184.color.png 0.999667 0.0114766 -0.0231242 0.0392298 -0.0116013 0.999919 -0.00526299 -0.000460327 0.0230619 0.00552959 0.999719 0.0472921 0.0 0.0 0.0 1.0
office/seq-05/color/frame-000184.color.png office/seq-05/color/frame-000187.color.png 0.999733 0.00298381 -0.0228911 0.0286041 -0.00304166 0.999992 -0.00249256 -0.00668362 0.0228834 0.00256153 0.999735 0.0416142 0.0 0.0 0.0 1.0
office/seq-05/color/frame-000187.color.png office/seq-05/color/frame-000190.color.png 0.99955 -0.00478202 -0.0296209 0.0441495 0.00490898 0.999979 0.004215 -0.0142163 0.0296002 -0.00435853 0.999552 0.046995 0.0 0.0 0.0 1.0
office/seq-05/color/frame-000190.color.png office/seq-05/color/frame-000193.color.png 0.999508 -0.00525395 -0.0309144 0.0504875 0.005228 0.999986 -0.000921296 9.40859e-05 0.0309188 0.000759219 0.999522 0.0470107 0.0 0.0 0.0 1.0
office/seq-05/color/frame-000193.color.png office/seq-05/color/frame-000196.color.png 0.999454 0.000227218 -0.0330304 0.0504291 -3.61755e-05 0.999983 0.00578507 -0.0203414 0.0330311 -0.00578072 0.999438 0.0424433 0.0 0.0 0.0 1.0
office/seq-05/color/frame-000196.color.png office/seq-05/color/frame-000199.color.png 0.999554 -0.00632996 -0.0291681 0.0505126 0.00591026 0.999878 -0.0144531 0.0289419 0.029256 0.0142742 0.99947 0.0432091 0.0 0.0 0.0 1.0
office/seq-05/color/frame-000199.color.png office/seq-05/color/frame-000202.color.png 0.999621 -0.0024513 -0.0274152 0.0484886 0.00218003 0.999948 -0.00992036 0.0120974 0.0274381 0.00985689 0.999575 0.0309634 0.0 0.0 0.0 1.0
office/seq-05/color/frame-000202.color.png office/seq-05/color/frame-000205.color.png 0.999512 -0.000513708 -0.0312235 0.0742684 -0.00013539 0.999784 -0.020783 0.0382005 0.0312275 0.0207771 0.999296 0.0428987 0.0 0.0 0.0 1.0
office/seq-05/color/frame-000205.color.png office/seq-05/color/frame-000208.color.png 0.999552 0.000673263 -0.0299126 0.0654991 -0.00169557 0.999415 -0.0341637 0.0615047 0.0298721 0.0341991 0.998968 0.0372679 0.0 0.0 0.0 1.0
office/seq-05/color/frame-000208.color.png office/seq-05/color/frame-000211.color.png 0.999491 -0.0070421 -0.0311033 0.0656896 0.00589737 0.999307 -0.0367428 0.0579369 0.0313405 0.0365407 0.998841 0.037354 0.0 0.0 0.0 1.0
office/seq-05/color/frame-000211.color.png office/seq-05/color/frame-000214.color.png 0.999707 -0.00274663 -0.0240346 0.053773 0.00181439 0.999248 -0.0387244 0.0690184 0.0241229 0.0386695 0.998961 0.0318143 0.0 0.0 0.0 1.0
office/seq-05/color/frame-000214.color.png office/seq-05/color/frame-000217.color.png 0.999787 -0.00797363 -0.0190493 0.0400873 0.0073721 0.999478 -0.0314424 0.0509931 0.01929 0.0312953 0.999324 0.0269213 0.0 0.0 0.0 1.0
office/seq-05/color/frame-000217.color.png office/seq-05/color/frame-000220.color.png 0.999794 6.23526e-06 -0.0202799 0.0477572 -0.000425815 0.999786 -0.020683 0.0127931 0.0202755 0.0206874 0.99958 0.0354378 0.0 0.0 0.0 1.0
office/seq-05/color/frame-000220.color.png office/seq-05/color/frame-000223.color.png 0.9997 -0.00632786 -0.0236573 0.0516267 0.00556591 0.999468 -0.0321366 0.052583 0.023848 0.0319953 0.999203 0.0290694 0.0 0.0 0.0 1.0
office/seq-05/color/frame-000223.color.png office/seq-05/color/frame-000226.color.png 0.99955 -0.0171997 -0.0245676 0.0527488 0.016174 0.999014 -0.0413554 0.0854123 0.0252547 0.0409395 0.998842 0.0278804 0.0 0.0 0.0 1.0
office/seq-05/color/frame-000226.color.png office/seq-05/color/frame-000229.color.png 0.999858 -0.00330785 -0.0165461 0.0381556 0.00279801 0.999524 -0.030743 0.0464231 0.0166399 0.0306924 0.99939 0.0116007 0.0 0.0 0.0 1.0
office/seq-05/color/frame-000229.color.png office/seq-05/color/frame-000232.color.png 0.999375 -0.0118438 -0.0333067 0.0748249 0.0113419 0.99982 -0.0152177 0.00773716 0.0334809 0.0148304 0.999329 0.0173421 0.0 0.0 0.0 1.0
office/seq-05/color/frame-000232.color.png office/seq-05/color/frame-000235.color.png 0.999866 -0.00475302 -0.0156625 0.0210494 0.00433262 0.999632 -0.0267673 0.0462312 0.015784 0.0266958 0.999519 0.00553942 0.0 0.0 0.0 1.0
office/seq-05/color/frame-000235.color.png office/seq-05/color/frame-000238.color.png 0.999557 -0.00504969 -0.0293166 0.0633844 0.00486505 0.999968 -0.00636596 0.00344628 0.0293478 0.00622051 0.99955 0.00410008 0.0 0.0 0.0 1.0
office/seq-05/color/frame-000238.color.png office/seq-05/color/frame-000241.color.png 0.999536 0.00933659 -0.0290051 0.0632339 -0.00926415 0.999954 0.00263252 -0.017657 0.0290284 -0.00236261 0.999576 0.0133216 0.0 0.0 0.0 1.0
office/seq-05/color/frame-000241.color.png office/seq-05/color/frame-000244.color.png 0.999516 0.0133796 -0.0280727 0.0662333 -0.0132329 0.999898 0.0054036 -0.0200756 0.0281422 -0.00502951 0.999591 0.014776 0.0 0.0 0.0 1.0
office/seq-05/color/frame-000244.color.png office/seq-05/color/frame-000247.color.png 0.999808 0.0184036 -0.00674028 0.0235077 -0.0183863 0.999828 0.00261073 -0.00290811 0.00678708 -0.00248629 0.999974 0.000870705 0.0 0.0 0.0 1.0
office/seq-05/color/frame-000247.color.png office/seq-05/color/frame-000250.color.png 0.99982 0.0162339 -0.00981386 0.0439042 -0.0158252 0.999059 0.0403848 -0.135323 0.0104602 -0.0402222 0.999136 -0.000319481 0.0 0.0 0.0 1.0
office/seq-05/color/frame-000250.color.png office/seq-05/color/frame-000253.color.png 0.999698 0.0239824 0.00545153 0.00196983 -0.0241124 0.999393 0.0251645 -0.0590789 -0.00484481 -0.0252883 0.999668 -0.00972319 0.0 0.0 0.0 1.0
office/seq-05/color/frame-000253.color.png office/seq-05/color/frame-000256.color.png 0.999751 0.0215542 -0.00573966 0.0241256 -0.0215176 0.999748 0.00635418 -0.00468248 0.00587525 -0.0062291 0.999963 -0.00547218 0.0 0.0 0.0 1.0
office/seq-05/color/frame-000256.color.png office/seq-05/color/frame-000259.color.png 0.999939 0.00847023 0.00711522 -0.0226563 -0.00865697 0.999608 0.0266405 -0.0507292 -0.00688685 -0.0267004 0.99962 -0.0378325 0.0 0.0 0.0 1.0
office/seq-05/color/frame-000259.color.png office/seq-05/color/frame-000262.color.png 0.999919 0.0114527 -0.00561654 0.0170633 -0.0113463 0.999762 0.0186179 -0.0304919 0.00582842 -0.0185527 0.999811 -0.0184944 0.0 0.0 0.0 1.0
office/seq-05/color/frame-000262.color.png office/seq-05/color/frame-000265.color.png 0.999767 0.0178101 -0.0122328 0.0290935 -0.0174584 0.999448 0.0282821 -0.0547019 0.0127298 -0.0280619 0.999525 -0.0115805 0.0 0.0 0.0 1.0
office/seq-05/color/frame-000265.color.png office/seq-05/color/frame-000268.color.png 0.999395 0.021406 -0.0274257 0.0667633 -0.0203969 0.999123 0.0365579 -0.0726054 0.0281842 -0.0359764 0.998955 -0.0116749 0.0 0.0 0.0 1.0
office/seq-05/color/frame-000268.color.png office/seq-05/color/frame-000271.color.png 0.999767 0.0128601 -0.0173147 0.0403135 -0.012529 0.999739 0.0191024 -0.0314738 0.0175558 -0.018881 0.999668 -0.0116181 0.0 0.0 0.0 1.0
office/seq-05/color/frame-000271.color.png office/seq-05/color/frame-000274.color.png 0.998713 0.0116078 -0.0493748 0.10998 -0.0106393 0.999747 0.0198331 -0.0188151 0.0495926 -0.0192823 0.998583 0.00608087 0.0 0.0 0.0 1.0
office/seq-05/color/frame-000274.color.png office/seq-05/color/frame-000277.color.png 0.999537 0.0207631 -0.022251 0.047607 -0.0205169 0.999726 0.0112323 -0.00558519 0.0224782 -0.0107706 0.999689 0.00278616 0.0 0.0 0.0 1.0
office/seq-05/color/frame-000277.color.png office/seq-05/color/frame-000280.color.png 0.998278 0.0245539 -0.0532662 0.135663 -0.0232967 0.999438 0.0240961 -0.0396699 0.0538278 -0.0228137 0.99829 0.0214591 0.0 0.0 0.0 1.0
office/seq-05/color/frame-000280.color.png office/seq-05/color/frame-000283.color.png 0.998924 0.027653 -0.0372177 0.0935696 -0.0272619 0.999568 0.0109751 -0.0306933 0.0375052 -0.00994869 0.999247 0.022419 0.0 0.0 0.0 1.0
office/seq-05/color/frame-000283.color.png office/seq-05/color/frame-000286.color.png 0.999713 0.01429 -0.019223 0.0425581 -0.0141755 0.999881 0.00608771 -0.0144479 0.0193076 -0.00581349 0.999797 -0.000709057 0.0 0.0 0.0 1.0
office/seq-05/color/frame-000286.color.png office/seq-05/color/frame-000289.color.png 0.999111 0.0270553 -0.0323215 0.0935866 -0.0270394 0.999634 0.000925122 -0.00930554 0.0323347 -5.03245e-05 0.999477 0.0273254 0.0 0.0 0.0 1.0
office/seq-05/color/frame-000289.color.png office/seq-05/color/frame-000292.color.png 0.999237 0.0144013 -0.0362925 0.105405 -0.0140121 0.999842 0.0109567 -0.0362782 0.0364445 -0.0104398 0.999281 0.0206597 0.0 0.0 0.0 1.0
office/seq-05/color/frame-000292.color.png office/seq-05/color/frame-000295.color.png 0.998665 0.0264059 -0.0443935 0.121211 -0.0257402 0.999549 0.0155006 -0.0381003 0.0447828 -0.0143372 0.998894 0.0122924 0.0 0.0 0.0 1.0
office/seq-05/color/frame-000295.color.png office/seq-05/color/frame-000298.color.png 0.998976 0.00449829 -0.0450158 0.127498 -0.00370967 0.999838 0.0175898 -0.0264011 0.0450877 -0.0174047 0.998831 0.0167742 0.0 0.0 0.0 1.0
office/seq-05/color/frame-000298.color.png office/seq-05/color/frame-000301.color.png 0.9992 0.00944599 -0.0388484 0.107811 -0.00870209 0.999776 0.019272 -0.0305442 0.0390218 -0.0189186 0.999059 0.00505114 0.0 0.0 0.0 1.0
office/seq-05/color/frame-000301.color.png office/seq-05/color/frame-000304.color.png 0.999712 0.00612622 -0.0232014 0.0550655 -0.00604493 0.999975 0.00356882 0.0178903 0.0232227 -0.00342759 0.999724 -0.0107505 0.0 0.0 0.0 1.0
office/seq-05/color/frame-000304.color.png office/seq-05/color/frame-000307.color.png 0.999081 0.0248205 -0.0349328 0.0979952 -0.0242699 0.999576 0.0160962 -0.0512576 0.0353175 -0.0152336 0.99926 0.0157087 0.0 0.0 0.0 1.0
office/seq-05/color/frame-000307.color.png office/seq-05/color/frame-000310.color.png 0.999882 -0.0147612 -0.00433299 0.019796 0.0147686 0.999889 0.00169464 0.0377362 0.00430752 -0.00175843 0.999989 -0.0144334 0.0 0.0 0.0 1.0
office/seq-05/color/frame-000310.color.png office/seq-05/color/frame-000313.color.png 0.99953 0.0173653 -0.0252462 0.0579266 -0.0172244 0.999835 0.00578707 -0.00685623 0.0253425 -0.00534951 0.999665 -0.000248909 0.0 0.0 0.0 1.0
office/seq-05/color/frame-000313.color.png office/seq-05/color/frame-000316.color.png 0.999548 0.00528546 -0.0295769 0.0665166 -0.00496282 0.999927 0.0109724 -0.0186159 0.0296326 -0.0108206 0.999502 -0.00285363 0.0 0.0 0.0 1.0
office/seq-05/color/frame-000316.color.png office/seq-05/color/frame-000319.color.png 0.998969 0.0105972 -0.0441404 0.11851 -0.0104033 0.999935 0.00462003 -0.00957128 0.0441866 -0.00415607 0.999015 0.0122926 0.0 0.0 0.0 1.0
office/seq-05/color/frame-000319.color.png office/seq-05/color/frame-000322.color.png 0.999451 0.0183376 -0.0275869 0.0655733 -0.0180762 0.99979 0.00969826 -0.015863 0.0277589 -0.00919423 0.999572 -0.000988483 0.0 0.0 0.0 1.0
office/seq-05/color/frame-000322.color.png office/seq-05/color/frame-000325.color.png 0.999289 0.0200486 -0.031933 0.0797763 -0.0198368 0.999779 0.006937 -0.014459 0.032065 -0.00629864 0.999466 0.000956059 0.0 0.0 0.0 1.0
office/seq-05/color/frame-000325.color.png office/seq-05/color/frame-000328.color.png 0.998903 0.0254371 -0.0393212 0.0864654 -0.0257274 0.999645 -0.00689594 0.0274444 0.0391318 0.0079 0.999203 0.00246358 0.0 0.0 0.0 1.0
office/seq-05/color/frame-000328.color.png office/seq-05/color/frame-000331.color.png 0.999146 0.00634166 -0.0408368 0.0888395 -0.00618473 0.999973 0.00396865 -0.0070309 0.0408609 -0.0037127 0.999158 0.00399017 0.0 0.0 0.0 1.0
office/seq-05/color/frame-000331.color.png office/seq-05/color/frame-000334.color.png 0.999104 0.00700846 -0.0417426 0.0870751 -0.00665807 0.999942 0.00852713 -0.0118001 0.0417999 -0.00824159 0.999092 0.00304294 0.0 0.0 0.0 1.0
office/seq-05/color/frame-000334.color.png office/seq-05/color/frame-000337.color.png 0.999599 0.0134885 -0.0248919 0.0630165 -0.0135067 0.999909 -0.000564985 -0.00123012 0.024882 0.000900947 0.99969 0.000135899 0.0 0.0 0.0 1.0
office/seq-05/color/frame-000337.color.png office/seq-05/color/frame-000340.color.png 0.999867 0.00866612 -0.013849 0.025319 -0.00858487 0.999946 0.00592015 -0.00349286 0.0138995 -0.00580046 0.999887 -0.00347018 0.0 0.0 0.0 1.0
office/seq-05/color/frame-000340.color.png office/seq-05/color/frame-000343.color.png 0.999865 0.00568703 -0.0153792 0.0224478 -0.00566272 0.999983 0.00162007 0.00648719 0.0153882 -0.00153279 0.999881 -0.00581622 0.0 0.0 0.0 1.0
office/seq-05/color/frame-000343.color.png office/seq-05/color/frame-000346.color.png 0.999767 0.0118925 -0.0180394 0.04768 -0.0119093 0.999929 -0.000829495 -0.00332013 0.0180283 0.00104417 0.999837 0.00114465 0.0 0.0 0.0 1.0
office/seq-05/color/frame-000346.color.png office/seq-05/color/frame-000349.color.png 0.999355 0.0133448 -0.0333315 0.0640683 -0.0136474 0.999868 -0.00886679 0.0269165 0.0332088 0.00931595 0.999405 0.00511837 0.0 0.0 0.0 1.0
office/seq-05/color/frame-000349.color.png office/seq-05/color/frame-000352.color.png 0.999822 0.00857984 -0.0168145 0.0393346 -0.00854603 0.999961 0.00208375 -0.00153002 0.0168318 -0.00193971 0.999857 -0.00746632 0.0 0.0 0.0 1.0
office/seq-05/color/frame-000352.color.png office/seq-05/color/frame-000355.color.png 0.999443 0.0265231 -0.0202591 0.0441605 -0.0265328 0.999648 -0.000205528 0.00157413 0.0202465 0.000742942 0.999795 0.00965047 0.0 0.0 0.0 1.0
office/seq-05/color/frame-000355.color.png office/seq-05/color/frame-000358.color.png 0.999753 0.0111563 -0.0192152 0.03308 -0.0112523 0.999925 -0.00489073 0.0150711 0.0191592 0.0051058 0.999803 -0.00739074 0.0 0.0 0.0 1.0
office/seq-05/color/frame-000358.color.png office/seq-05/color/frame-000361.color.png 0.999057 0.0243643 -0.0359404 0.0664689 -0.0246343 0.999671 -0.00708945 0.0111576 0.0357559 0.0079681 0.999329 -0.00542521 0.0 0.0 0.0 1.0
office/seq-05/color/frame-000361.color.png office/seq-05/color/frame-000364.color.png 0.999819 -0.000725692 -0.0190263 0.034371 0.000752191 0.999999 0.00138703 0.00363263 0.0190252 -0.00140104 0.999818 -0.00481033 0.0 0.0 0.0 1.0
office/seq-05/color/frame-000364.color.png office/seq-05/color/frame-000367.color.png 0.999728 0.0167291 -0.0162752 0.00841537 -0.0167198 0.99986 0.000708246 0.0227461 0.0162849 -0.000435929 0.999867 -0.0306253 0.0 0.0 0.0 1.0
office/seq-05/color/frame-000367.color.png office/seq-05/color/frame-000370.color.png 0.999768 0.00901465 -0.0195702 0.0372754 -0.00896992 0.999957 0.00236911 0.00114563 0.0195907 -0.00219302 0.999806 -0.0062449 0.0 0.0 0.0 1.0
office/seq-05/color/frame-000370.color.png office/seq-05/color/frame-000373.color.png 0.999496 0.0124313 -0.029215 0.0507807 -0.012331 0.999917 0.0036116 -0.000455141 0.0292575 -0.00324953 0.999567 -0.0118396 0.0 0.0 0.0 1.0
office/seq-05/color/frame-000373.color.png office/seq-05/color/frame-000376.color.png 0.999781 0.000390598 -0.0209006 0.0375095 -0.000414316 0.999999 -0.00113297 0.0125657 0.0209001 0.00114142 0.999781 -0.00345755 0.0 0.0 0.0 1.0
office/seq-05/color/frame-000376.color.png office/seq-05/color/frame-000379.color.png 0.999374 0.0164912 -0.0313095 0.0510272 -0.016588 0.999858 -0.00282576 0.00700265 0.0312585 0.00334334 0.999506 -0.00421357 0.0 0.0 0.0 1.0
office/seq-05/color/frame-000379.color.png office/seq-05/color/frame-000382.color.png 0.999402 0.0125057 -0.0322396 0.0477588 -0.0130086 0.999796 -0.0154404 0.0388438 0.0320399 0.0158505 0.999361 -0.0126538 0.0 0.0 0.0 1.0
office/seq-05/color/frame-000382.color.png office/seq-05/color/frame-000385.color.png 0.999933 -0.00260313 -0.0112442 0.0159614 0.00257847 0.999994 -0.00221006 0.00331818 0.0112499 0.00218089 0.999934 -0.0238276 0.0 0.0 0.0 1.0
office/seq-05/color/frame-000385.color.png office/seq-05/color/frame-000388.color.png 0.999323 0.00318432 -0.0366425 0.0504315 -0.00329405 0.99999 -0.00293244 0.0127747 0.0366328 0.00305115 0.999324 -0.00912619 0.0 0.0 0.0 1.0
office/seq-05/color/frame-000388.color.png office/seq-05/color/frame-000391.color.png 0.99944 0.00120969 -0.0334377 0.0388188 -0.00126958 0.999998 -0.00177201 0.0158204 0.0334355 0.00181346 0.999439 -0.00840473 0.0 0.0 0.0 1.0
office/seq-05/color/frame-000391.color.png office/seq-05/color/frame-000394.color.png 0.999314 -0.00188045 -0.0369735 0.0425095 0.00230209 0.999933 0.0113645 -0.012713 0.0369496 -0.0114418 0.999252 -0.00782752 0.0 0.0 0.0 1.0
office/seq-05/color/frame-000394.color.png office/seq-05/color/frame-000397.color.png 0.999488 -0.0120898 -0.0296322 0.0242379 0.0121343 0.999925 0.00131953 0.0259754 0.029614 -0.00167849 0.99956 -0.00405133 0.0 0.0 0.0 1.0
office/seq-05/color/frame-000397.color.png office/seq-05/color/frame-000400.color.png 0.999965 -0.000152306 -0.00841243 -0.0186728 4.13875e-05 0.999913 -0.0131813 0.0167244 0.00841375 0.0131806 0.999878 -0.0237356 0.0 0.0 0.0 1.0
office/seq-05/color/frame-000400.color.png office/seq-05/color/frame-000403.color.png 0.999977 0.00103491 -0.00664136 -0.0173059 -0.000958666 0.999934 0.0114572 -0.0179343 0.00665274 -0.0114506 0.999912 -0.0272195 0.0 0.0 0.0 1.0
office/seq-05/color/frame-000403.color.png office/seq-05/color/frame-000406.color.png 0.99982 -0.0057013 -0.0181062 -0.00303727 0.00568031 0.999983 -0.00121086 0.0240604 0.0181128 0.00110778 0.999835 -0.0131216 0.0 0.0 0.0 1.0
office/seq-05/color/frame-000406.color.png office/seq-05/color/frame-000409.color.png 0.999992 -0.00401618 0.000108982 -0.0335739 0.0040172 0.999908 -0.0129771 0.0357552 -5.68387e-05 0.0129776 0.999916 -0.0301247 0.0 0.0 0.0 1.0
office/seq-05/color/frame-000409.color.png office/seq-05/color/frame-000412.color.png 0.999897 0.0128628 -0.00635266 -0.0127292 -0.0128432 0.999913 0.00312831 -0.0038683 0.0063924 -0.00304647 0.999975 -0.0279057 0.0 0.0 0.0 1.0
office/seq-05/color/frame-000412.color.png office/seq-05/color/frame-000415.color.png 0.999858 0.0129699 -0.0107509 -0.0120116 -0.0129961 0.999913 -0.00237304 0.0137688 0.0107191 0.00251239 0.99994 -0.0210268 0.0 0.0 0.0 1.0
office/seq-05/color/frame-000415.color.png office/seq-05/color/frame-000418.color.png 0.999973 0.00267821 -0.00675777 -0.0104035 -0.00262842 0.999969 0.00735813 -0.00637677 0.00677723 -0.00734013 0.99995 -0.0172565 0.0 0.0 0.0 1.0
office/seq-05/color/frame-000418.color.png office/seq-05/color/frame-000421.color.png 0.999607 0.018633 -0.0209366 0.00974494 -0.0185843 0.999824 0.00252468 0.00382106 0.02098 -0.00213464 0.999778 -0.0243137 0.0 0.0 0.0 1.0
office/seq-05/color/frame-000421.color.png office/seq-05/color/frame-000424.color.png 0.999814 -0.00420447 -0.0188304 -0.00412077 0.0042795 0.999983 0.00394221 0.0155886 0.0188135 -0.00402207 0.999815 -0.0252247 0.0 0.0 0.0 1.0
office/seq-05/color/frame-000424.color.png office/seq-05/color/frame-000427.color.png 0.999995 -0.000746603 -0.00314639 -0.00729728 0.000752041 0.999998 0.00177654 0.00891221 0.00314502 -0.00177881 0.999994 -0.0404719 0.0 0.0 0.0 1.0
office/seq-05/color/frame-000427.color.png office/seq-05/color/frame-000430.color.png 0.999982 -0.00594123 0.000341043 -0.0125023 0.00594046 0.999979 0.00256757 0.0162178 -0.000356219 -0.00256553 0.999997 -0.0368007 0.0 0.0 0.0 1.0
office/seq-05/color/frame-000430.color.png office/seq-05/color/frame-000433.color.png 0.999853 -0.00242785 0.0169733 -0.0547643 0.00224438 0.999939 0.0108177 -0.00192681 -0.0169985 -0.010778 0.999797 -0.0500894 0.0 0.0 0.0 1.0
office/seq-05/color/frame-000433.color.png office/seq-05/color/frame-000436.color.png 0.999829 0.00580851 0.0175291 -0.050597 -0.00592818 0.999959 0.00677748 0.000693414 -0.0174889 -0.00688022 0.999823 -0.0540049 0.0 0.0 0.0 1.0
office/seq-05/color/frame-000436.color.png office/seq-05/color/frame-000439.color.png 0.999888 -0.0122943 0.00849782 -0.0320169 0.0122987 0.999924 -0.000461881 0.0203477 -0.00849161 0.000566401 0.999964 -0.0480782 0.0 0.0 0.0 1.0
office/seq-05/color/frame-000439.color.png office/seq-05/color/frame-000442.color.png 0.999867 -0.0105945 0.0123774 -0.0410368 0.0105506 0.999938 0.0036086 0.0134486 -0.0124147 -0.00347751 0.999917 -0.0532633 0.0 0.0 0.0 1.0
office/seq-05/color/frame-000442.color.png office/seq-05/color/frame-000445.color.png 0.99979 -0.0152085 0.0137066 -0.0188691 0.0153731 0.99981 -0.0119888 0.0324068 -0.0135217 0.012197 0.999834 -0.0742276 0.0 0.0 0.0 1.0
office/seq-05/color/frame-000445.color.png office/seq-05/color/frame-000448.color.png 0.999985 -0.00362139 -0.00421953 -0.0238552 0.00359748 0.999977 -0.00568018 0.0267758 0.00424 0.00566492 0.999975 -0.0360804 0.0 0.0 0.0 1.0
office/seq-05/color/frame-000448.color.png office/seq-05/color/frame-000451.color.png 0.999699 -0.0177375 0.0169567 -0.0478079 0.0177178 0.999842 0.00130268 0.0293255 -0.0169772 -0.00100191 0.999855 -0.0541573 0.0 0.0 0.0 1.0
office/seq-05/color/frame-000451.color.png office/seq-05/color/frame-000454.color.png 0.999785 -0.0111664 0.0174829 -0.0549247 0.0106695 0.999544 0.0282549 -0.0164071 -0.0177903 -0.0280623 0.999448 -0.0523181 0.0 0.0 0.0 1.0
office/seq-05/color/frame-000454.color.png office/seq-05/color/frame-000457.color.png 0.999723 -0.0206328 0.0113091 -0.0417678 0.0207377 0.999742 -0.00923172 0.051609 -0.0111156 0.00946374 0.999893 -0.0447 0.0 0.0 0.0 1.0
office/seq-05/color/frame-000457.color.png office/seq-05/color/frame-000460.color.png 0.999997 -0.00193587 0.00172529 -0.0307492 0.00190523 0.999844 0.0175336 -0.00557499 -0.00175895 -0.0175304 0.999845 -0.036513 0.0 0.0 0.0 1.0
office/seq-05/color/frame-000460.color.png office/seq-05/color/frame-000463.color.png 0.999764 -0.0137181 0.0168212 -0.053654 0.0134613 0.999793 0.0152898 0.00662066 -0.0170274 -0.0150597 0.999742 -0.0508444 0.0 0.0 0.0 1.0
office/seq-05/color/frame-000463.color.png office/seq-05/color/frame-000466.color.png 0.999941 0.00475411 0.00977168 -0.0486879 -0.00490032 0.999876 0.014988 -0.00872193 -0.00969919 -0.0150349 0.99984 -0.0372967 0.0 0.0 0.0 1.0
office/seq-05/color/frame-000466.color.png office/seq-05/color/frame-000469.color.png 0.99992 -0.00549915 0.0113734 -0.0442128 0.00536748 0.999919 0.0115727 -0.00028538 -0.0114362 -0.0115107 0.999868 -0.0579741 0.0 0.0 0.0 1.0
office/seq-05/color/frame-000469.color.png office/seq-05/color/frame-000472.color.png 0.999904 -0.0138752 0.00065546 -0.0323458 0.0138725 0.999895 0.00412048 0.021506 -0.0007125 -0.00411096 0.999991 -0.0290219 0.0 0.0 0.0 1.0
office/seq-05/color/frame-000472.color.png office/seq-05/color/frame-000475.color.png 0.999912 -0.0132247 0.0012884 -0.0313641 0.0132181 0.9999 0.00494285 0.0147161 -0.00135364 -0.00492538 0.999987 -0.0286345 0.0 0.0 0.0 1.0
office/seq-05/color/frame-000475.color.png office/seq-05/color/frame-000478.color.png 0.999691 -0.0247291 0.00267191 -0.0197214 0.0246963 0.999627 0.011697 0.0251261 -0.00296018 -0.0116274 0.999928 -0.0311971 0.0 0.0 0.0 1.0
office/seq-05/color/frame-000478.color.png office/seq-05/color/frame-000481.color.png 0.999918 -0.00828042 0.00973462 -0.0314779 0.00827566 0.999965 0.00052946 0.0182902 -0.00973867 -0.000448972 0.999952 -0.0395788 0.0 0.0 0.0 1.0
office/seq-05/color/frame-000481.color.png office/seq-05/color/frame-000484.color.png 0.999992 -0.00401333 -0.000373024 -0.0184203 0.00401603 0.999963 0.00757223 -0.0024711 0.000342609 -0.00757364 0.999971 -0.0175016 0.0 0.0 0.0 1.0
office/seq-05/color/frame-000484.color.png office/seq-05/color/frame-000487.color.png 0.999789 -0.0143809 0.0146343 -0.0286767 0.0143522 0.999895 0.00206244 0.0230211 -0.0146625 -0.00185198 0.999891 -0.0540266 0.0 0.0 0.0 1.0
office/seq-05/color/frame-000487.color.png office/seq-05/color/frame-000490.color.png 0.999709 -0.0188589 0.0150555 -0.0259168 0.0188085 0.999817 0.00348452 0.020968 -0.0151184 -0.00320036 0.999881 -0.0592797 0.0 0.0 0.0 1.0
office/seq-05/color/frame-000490.color.png office/seq-05/color/frame-000493.color.png 0.999486 -0.0189954 0.0258141 -0.0314784 0.0187795 0.999787 0.00858056 0.0185941 -0.0259716 -0.00809131 0.99963 -0.0570263 0.0 0.0 0.0 1.0
office/seq-05/color/frame-000493.color.png office/seq-05/color/frame-000496.color.png 0.999419 -0.00941828 0.0327449 -0.0378479 0.00923116 0.99994 0.00585876 0.00659017 -0.0327981 -0.00555312 0.999447 -0.0791866 0.0 0.0 0.0 1.0
office/seq-05/color/frame-000496.color.png office/seq-05/color/frame-000499.color.png 0.99914 -0.0268158 0.0316257 -0.0349718 0.0263199 0.999526 0.0159902 0.020206 -0.0320395 -0.0151441 0.999372 -0.0724206 0.0 0.0 0.0 1.0
office/seq-05/color/frame-000499.color.png office/seq-05/color/frame-000502.color.png 0.999761 -0.0108446 0.0189901 -0.0149817 0.010625 0.999876 0.0116328 0.00884606 -0.0191139 -0.0114282 0.999752 -0.050478 0.0 0.0 0.0 1.0
office/seq-05/color/frame-000502.color.png office/seq-05/color/frame-000505.color.png 0.999833 -0.0116826 0.0140937 -0.0186707 0.0115457 0.999886 0.0097582 0.00254931 -0.0142062 -0.00959382 0.999853 -0.0394077 0.0 0.0 0.0 1.0
office/seq-05/color/frame-000505.color.png office/seq-05/color/frame-000508.color.png 0.999596 -0.0164778 0.0231661 -0.0220692 0.0165356 0.999861 -0.00230119 0.0207134 -0.023125 0.00268334 0.999729 -0.0658275 0.0 0.0 0.0 1.0
office/seq-05/color/frame-000508.color.png office/seq-05/color/frame-000511.color.png 0.999978 -0.00145723 0.0064018 -0.011812 0.00146793 0.999998 -0.00166928 0.00413063 -0.00639936 0.00167863 0.999978 -0.0215817 0.0 0.0 0.0 1.0
office/seq-05/color/frame-000511.color.png office/seq-05/color/frame-000514.color.png 0.999956 -0.00229972 0.00903395 -0.0259337 0.00226344 0.999989 0.00402895 -0.00118658 -0.00904311 -0.0040083 0.999951 -0.0318826 0.0 0.0 0.0 1.0
office/seq-05/color/frame-000514.color.png office/seq-05/color/frame-000517.color.png 0.999689 -0.0140455 0.0206313 -0.029469 0.014277 0.999836 -0.0111128 0.0315914 -0.0204718 0.0114038 0.999725 -0.0670488 0.0 0.0 0.0 1.0
office/seq-05/color/frame-000517.color.png office/seq-05/color/frame-000520.color.png 0.999819 -0.00595451 0.0180953 -0.0296035 0.00607019 0.999961 -0.00634835 0.0222955 -0.0180568 0.00645706 0.999816 -0.0552009 0.0 0.0 0.0 1.0
office/seq-05/color/frame-000520.color.png office/seq-05/color/frame-000523.color.png 0.999987 -0.00213742 0.0046399 -0.0239034 0.00213479 0.999997 0.000572931 0.00405416 -0.00464108 -0.000563054 0.999989 -0.0203524 0.0 0.0 0.0 1.0
office/seq-05/color/frame-000523.color.png office/seq-05/color/frame-000526.color.png 0.999798 -0.00732536 0.0187049 -0.041276 0.00719761 0.99995 0.00689322 0.00944501 -0.0187544 -0.0067572 0.999801 -0.0523069 0.0 0.0 0.0 1.0
office/seq-05/color/frame-000526.color.png office/seq-05/color/frame-000529.color.png 0.999991 -0.00408032 -0.00102712 -0.0204372 0.00409527 0.999878 0.0150421 0.000636756 0.000965623 -0.0150462 0.999886 -0.00275964 0.0 0.0 0.0 1.0
