office/seq-05/color/frame-000001.color.png office/seq-05/color/frame-000003.color.png 0.999969 -0.00372878 0.00687669 0.00235102 0.003679 0.999967 0.00723776 0.00668468 -0.00690345 -0.00721224 0.99995 0.00431274 0.0 0.0 0.0 1.0
office/seq-05/color/frame-000003.color.png office/seq-05/color/frame-000005.color.png 0.999948 -0.00167431 0.0100721 0.00221659 0.00160162 0.999973 0.00722076 -0.000253809 -0.0100839 -0.00720425 0.999923 0.00797014 0.0 0.0 0.0 1.0
office/seq-05/color/frame-000005.color.png office/seq-05/color/frame-000007.color.png 0.999902 0.00128124 0.0139088 -0.00792339 -0.00142656 0.999944 0.0104433 0.00370032 -0.0138946 -0.0104621 0.999849 0.0158241 0.0 0.0 0.0 1.0
office/seq-05/color/frame-000007.color.png office/seq-05/color/frame-000009.color.png 0.999926 0.000758299 0.0121495 0.00645132 -0.000940408 0.999887 0.0149903 -0.00321281 -0.0121368 -0.0150006 0.999814 0.0204856 0.0 0.0 0.0 1.0
office/seq-05/color/frame-000009.color.png office/seq-05/color/frame-000011.color.png 0.999784 -0.00530785 0.02012 0.00264384 0.00514198 0.999953 0.00828666 -9.33828e-05 -0.0201631 -0.00818142 0.999763 0.0216964 0.0 0.0 0.0 1.0
office/seq-05/color/frame-000011.color.png office/seq-05/color/frame-000013.color.png 0.9995 -0.00687446 0.0308643 -0.0110944 0.00648385 0.999898 0.012738 -0.00576741 -0.0309487 -0.0125315 0.999443 0.0229621 0.0 0.0 0.0 1.0
office/seq-05/color/frame-000013.color.png office/seq-05/color/frame-000015.color.png 0.999612 -0.00640898 0.0271086 -0.00491576 0.00628084 0.999969 0.00480962 6.69649e-05 -0.0271386 -0.00463748 0.999621 0.0344044 0.0 0.0 0.0 1.0
office/seq-05/color/frame-000015.color.png office/seq-05/color/frame-000017.color.png 0.999586 -0.0177368 0.0226642 -0.00832832 0.01739 0.99973 0.0154071 -0.0171957 -0.0229314 -0.0150066 0.999624 0.0361464 0.0 0.0 0.0 1.0
office/seq-05/color/frame-000017.color.png office/seq-05/color/frame-000019.color.png 0.999794 -0.00256809 0.0201463 -0.0156147 0.00257374 0.999997 -0.000254848 -0.00333495 -0.0201456 0.000306643 0.999797 0.0402829 0.0 0.0 0.0 1.0
office/seq-05/color/frame-000019.color.png office/seq-05/color/frame-000021.color.png 0.999935 0.000446784 0.0113881 0.00101845 -0.000743997 0.999659 0.0261078 -0.0196123 -0.0113726 -0.0261146 0.999594 0.0408885 0.0 0.0 0.0 1.0
office/seq-05/color/frame-000021.color.png office/seq-05/color/frame-000023.color.png 0.999891 0.0103569 0.0104821 0.0243354 -0.0104928 0.999861 0.0129945 -0.00794824 -0.010346 -0.013103 0.999861 0.0197714 0.0 0.0 0.0 1.0
office/seq-05/color/frame-000023.color.png office/seq-05/color/frame-000025.color.png 0.999903 0.00174089 0.0138291 -0.0181843 -0.0017232 0.999998 -0.00129045 -0.0247928 -0.0138314 0.00126648 0.999904 0.0359261 0.0 0.0 0.0 1.0
office/seq-05/color/frame-000025.color.png office/seq-05/color/frame-000027.color.png 0.999888 0.0129063 0.00756749 0.000869021 -0.0129789 0.99987 0.00961956 -0.0117036 -0.00744236 -0.00971669 0.999925 0.0372753 0.0 0.0 0.0 1.0
office/seq-05/color/frame-000027.color.png office/seq-05/color/frame-000029.color.png 0.999984 0.00561285 -5.43057e-05 0.0102139 -0.00561304 0.999973 -0.00478631 -0.00536839 2.74277e-05 0.00478655 0.999989 0.0263227 0.0 0.0 0.0 1.0
office/seq-05/color/frame-000029.color.png office/seq-05/color/frame-000031.color.png 0.99988 -0.00691043 0.0138595 0.0214568 0.00686191 0.99997 0.00354526 -0.00696407 -0.0138836 -0.00344975 0.999898 0.0414891 0.0 0.0 0.0 1.0
office/seq-05/color/frame-000031.color.png office/seq-05/color/frame-000033.color.png 0.999966 -0.00686324 0.00453524 0.01415 0.00692511 0.999881 -0.0137698 0.00279837 -0.00444019 0.0138007 0.999895 0.0287067 0.0 0.0 0.0 1.0
office/seq-05/color/frame-000033.color.png office/seq-05/color/frame-000035.color.png 0.999778 -0.0159054 0.0138409 0.0174632 0.015877 0.999872 0.00215577 -0.00905049 -0.0138735 -0.00193552 0.999902 0.0413809 0.0 0.0 0.0 1.0
office/seq-05/color/frame-000035.color.png office/seq-05/color/frame-000037.color.png 0.999877 -0.0147993 0.00517061 0.0181265 0.0147808 0.999884 0.00359762 -0.0211519 -0.00522324 -0.00352076 0.99998 0.0393239 0.0 0.0 0.0 1.0
office/seq-05/color/frame-000037.color.png office/seq-05/color/frame-000039.color.png 0.999981 -0.00587639 0.00170121 0.021157 0.00587576 0.999983 0.000375421 0.000597581 -0.00170345 -0.000365424 0.999998 0.0436335 0.0 0.0 0.0 1.0
office/seq-05/color/frame-000039.color.png office/seq-05/color/frame-000041.color.png 0.999999 0.00114888 4.62488e-05 0.0117809 -0.0011488 0.999997 -0.00190123 0.00192483 -4.83868e-05 0.00190119 0.999998 0.0280578 0.0 0.0 0.0 1.0
office/seq-05/color/frame-000041.color.png office/seq-05/color/frame-000043.color.png 0.999914 -0.00971904 0.00881671 0.0151817 0.00973486 0.999951 -0.00175146 -0.00853105 -0.00879929 0.00183713 0.999959 0.0431452 0.0 0.0 0.0 1.0
office/seq-05/color/frame-000043.color.png office/seq-05/color/frame-000045.color.png 0.999992 0.00402104 0.000294304 0.0152981 -0.00402264 0.999976 0.00561787 -0.00516216 -0.000271723 -0.00561902 0.999984 0.0334849 0.0 0.0 0.0 1.0
office/seq-05/color/frame-000045.color.png office/seq-05/color/frame-000047.color.png 0.999913 0.0126076 0.00396603 0.0161107 -0.0125871 0.999908 -0.00513248 -0.00348397 -0.00403037 0.00508213 0.999979 0.0226589 0.0 0.0 0.0 1.0
office/seq-05/color/frame-000047.color.png office/seq-05/color/frame-000049.color.png 0.999733 -0.0100488 0.0207988 0.00438993 0.0100435 0.999949 0.000359334 0.0014433 -0.0208014 -0.000150382 0.999784 0.0511568 0.0 0.0 0.0 1.0
office/seq-05/color/frame-000049.color.png office/seq-05/color/frame-000051.color.png 0.999825 0.00809551 0.0168843 -0.00140359 -0.00817134 0.999957 0.00442654 -0.00739759 -0.0168477 -0.00456375 0.999848 0.0355937 0.0 0.0 0.0 1.0
office/seq-05/color/frame-000051.color.png office/seq-05/color/frame-000053.color.png 0.999871 -0.00334498 0.0156851 -0.00339629 0.00332 0.999993 0.00161869 -0.00282326 -0.0156904 -0.00156638 0.999876 0.0413625 0.0 0.0 0.0 1.0
office/seq-05/color/frame-000053.color.png office/seq-05/color/frame-000055.color.png 0.999574 -0.0118291 0.026687 -0.0018658 0.0118381 0.99993 -0.000177713 -0.00586052 -0.0266831 0.000493547 0.999644 0.0568553 0.0 0.0 0.0 1.0
office/seq-05/color/frame-000055.color.png office/seq-05/color/frame-000057.color.png 0.999814 -0.00363616 0.0189257 -0.00802952 0.00339752 0.999914 0.0126257 -0.0171491 -0.01897 -0.012559 0.999741 0.0405259 0.0 0.0 0.0 1.0
office/seq-05/color/frame-000057.color.png office/seq-05/color/frame-000059.color.png 0.999894 0.00275886 0.0143126 -0.00378796 -0.00294055 0.999915 0.0126887 -0.023114 -0.0142763 -0.0127294 0.999817 0.0414262 0.0 0.0 0.0 1.0
office/seq-05/color/frame-000059.color.png office/seq-05/color/frame-000061.color.png 0.99991 -0.00380184 0.0128352 -0.00650772 0.00378793 0.999992 0.00110869 -0.00863795 -0.0128392 -0.00106001 0.999917 0.0400189 0.0 0.0 0.0 1.0
office/seq-05/color/frame-000061.color.png office/seq-05/color/frame-000063.color.png 0.999951 0.00351372 0.00928785 0.000469595 -0.00358009 0.999968 0.00713924 -0.0143131 -0.00926254 -0.00717214 0.999931 0.0390491 0.0 0.0 0.0 1.0
office/seq-05/color/frame-000063.color.png office/seq-05/color/frame-000065.color.png 0.999959 -0.00374042 0.00825695 9.36687e-05 0.00364319 0.999924 0.0117579 -0.0273353 -0.00830036 -0.0117273 0.999897 0.0292746 0.0 0.0 0.0 1.0
office/seq-05/color/frame-000065.color.png office/seq-05/color/frame-000067.color.png 0.999984 -0.00424113 0.00363251 0.00491428 0.00416641 0.999785 0.0203397 -0.0301692 -0.00371798 -0.0203242 0.999787 0.030319 0.0 0.0 0.0 1.0
office/seq-05/color/frame-000067.color.png office/seq-05/color/frame-000069.color.png 0.999934 0.00778037 0.00842387 -0.004462 -0.00788126 0.999897 0.0120117 -0.020742 -0.0083295 -0.0120773 0.999892 0.0299037 0.0 0.0 0.0 1.0
office/seq-05/color/frame-000069.color.png office/seq-05/color/frame-000071.color.png 0.999987 0.00504625 0.000600603 0.00684139 -0.00505365 0.999903 0.013012 -0.0220787 -0.00053491 -0.0130149 0.999915 0.0274346 0.0 0.0 0.0 1.0
office/seq-05/color/frame-000071.color.png office/seq-05/color/frame-000073.color.png 0.999986 0.0053315 0.000469838 0.00415429 -0.00533747 0.99989 0.0138241 -0.0269957 -0.000396106 -0.0138264 0.999904 0.0281217 0.0 0.0 0.0 1.0
office/seq-05/color/frame-000073.color.png office/seq-05/color/frame-000075.color.png 0.999984 0.00493499 -0.00261743 0.011942 -0.00488106 0.999783 0.0202312 -0.0384014 0.00271674 -0.0202181 0.999792 0.030193 0.0 0.0 0.0 1.0
office/seq-05/color/frame-000075.color.png office/seq-05/color/frame-000077.color.png 0.999979 -0.00133071 -0.0063244 0.0152151 0.00136745 0.999982 0.0058089 -0.0114 0.00631665 -0.00581734 0.999963 0.0270911 0.0 0.0 0.0 1.0
office/seq-05/color/frame-000077.color.png office/seq-05/color/frame-000079.color.png 0.999902 -0.0135728 -0.00338332 0.0120869 0.013616 0.999821 0.0130999 -0.0250804 0.00320487 -0.0131447 0.999908 0.022792 0.0 0.0 0.0 1.0
office/seq-05/color/frame-000079.color.png office/seq-05/color/frame-000081.color.png 0.999969 -0.00707973 -0.00358026 0.0137458 0.00713108 0.999869 0.0145432 -0.0284996 0.00347673 -0.0145683 0.999888 0.0278486 0.0 0.0 0.0 1.0
office/seq-05/color/frame-000081.color.png office/seq-05/color/frame-000083.color.png 0.999958 -0.00693535 -0.00607545 0.0181814 0.00696835 0.999961 0.0054222 -0.0191614 0.00603771 -0.00546419 0.999967 0.0244244 0.0 0.0 0.0 1.0
office/seq-05/color/frame-000083.color.png office/seq-05/color/frame-000085.color.png 0.999975 -0.0069853 0.0011908 0.00638938 0.00697726 0.999954 0.00659562 -0.0212035 -0.00123685 -0.00658718 0.999977 0.0254027 0.0 0.0 0.0 1.0
office/seq-05/color/frame-000085.color.png office/seq-05/color/frame-000087.color.png 0.999996 -0.00279833 -0.000211108 0.00752696 0.00280011 0.999958 0.0087847 -0.0258952 0.000186585 -0.00878524 0.999961 0.0222698 0.0 0.0 0.0 1.0
office/seq-05/color/frame-000087.color.png office/seq-05/color/frame-000089.color.png 0.999988 -0.00171109 0.00445469 -0.00482205 0.00171345 0.999998 -0.000531904 -0.00547236 -0.00445375 0.000539459 0.99999 0.0234319 0.0 0.0 0.0 1.0
office/seq-05/color/frame-000089.color.png office/seq-05/color/frame-000091.color.png 0.999957 0.00922253 0.000184538 0.00364536 -0.00922365 0.999928 0.00763922 -0.0161711 -0.000114061 -0.00764052 0.999971 0.01985 0.0 0.0 0.0 1.0
office/seq-05/color/frame-000091.color.png office/seq-05/color/frame-000093.color.png 0.999987 -0.000538012 -0.00501301 0.00721413 0.000556313 0.999993 0.00365723 -0.0150939 0.00501092 -0.00366002 0.999981 0.0177146 0.0 0.0 0.0 1.0
office/seq-05/color/frame-000093.color.png office/seq-05/color/frame-000095.color.png 0.999932 0.0113734 0.00256516 -0.00292838 -0.0113802 0.999932 0.00266417 -0.00825861 -0.00253461 -0.00269316 0.999993 0.0238693 0.0 0.0 0.0 1.0
office/seq-05/color/frame-000095.color.png office/seq-05/color/frame-000097.color.png 0.999975 0.00676392 0.00185575 -0.0100457 -0.00676302 0.999977 -0.00048456 -0.00599864 -0.00185902 0.000472036 0.999998 0.0224293 0.0 0.0 0.0 1.0
office/seq-05/color/frame-000097.color.png office/seq-05/color/frame-000099.color.png 0.99996 0.00813065 0.00368618 -0.0131759 -0.00811558 0.999959 -0.00408939 0.00276721 -0.00371931 0.00405928 0.999985 0.0210732 0.0 0.0 0.0 1.0
office/seq-05/color/frame-000099.color.png office/seq-05/color/frame-000101.color.png 0.999944 0.00708034 0.00791838 -0.0249246 -0.00702317 0.999949 -0.0072236 0.014478 -0.00796909 0.00716758 0.999943 0.0260221 0.0 0.0 0.0 1.0
office/seq-05/color/frame-000101.color.png office/seq-05/color/frame-000103.color.png 0.999988 0.00185491 0.00461112 -0.017877 -0.00184798 0.999997 -0.00150352 -0.00638086 -0.00461391 0.00149501 0.999988 0.012911 0.0 0.0 0.0 1.0
office/seq-05/color/frame-000103.color.png office/seq-05/color/frame-000105.color.png 0.999957 0.00804381 0.0045521 -0.0180876 -0.00795424 0.999781 -0.019362 0.0420919 -0.00470678 0.019325 0.999802 0.0181315 0.0 0.0 0.0 1.0
office/seq-05/color/frame-000105.color.png office/seq-05/color/frame-000107.color.png 0.999845 -0.00302112 0.0173606 -0.0498635 0.00302919 0.999995 -0.000440258 -0.00813362 -0.0173593 0.000492706 0.999849 0.0296355 0.0 0.0 0.0 1.0
office/seq-05/color/frame-000107.color.png office/seq-05/color/frame-000109.color.png 0.999972 -0.00211623 0.00722933 -0.0291982 0.00225739 0.999806 -0.0195718 0.0410854 -0.00718651 0.0195876 0.999782 0.0195996 0.0 0.0 0.0 1.0
office/seq-05/color/frame-000109.color.png office/seq-05/color/frame-000111.color.png 0.999976 -0.00475312 0.00495394 -0.0178548 0.00474095 0.999986 0.00246626 -0.00618574 -0.00496552 -0.00244267 0.999985 0.00885892 0.0 0.0 0.0 1.0
office/seq-05/color/frame-000111.color.png office/seq-05/color/frame-000113.color.png 0.999881 -0.00596499 0.0141987 -0.0484207 0.00595171 0.999982 0.000977654 -0.00598162 -0.0142043 -0.000893046 0.999899 0.0217197 0.0 0.0 0.0 1.0
office/seq-05/color/frame-000113.color.png office/seq-05/color/frame-000115.color.png 0.999979 -0.00481387 0.00431613 -0.0242714 0.0048163 0.999988 -0.000552082 0.00304067 -0.00431352 0.000572839 0.99999 0.00787532 0.0 0.0 0.0 1.0
office/seq-05/color/frame-000115.color.png office/seq-05/color/frame-000117.color.png 0.99991 -0.00897555 0.0100296 -0.0413973 0.0088684 0.999904 0.0106746 -0.0215072 -0.0101244 -0.0105847 0.999893 0.0154517 0.0 0.0 0.0 1.0
office/seq-05/color/frame-000117.color.png office/seq-05/color/frame-000119.color.png 0.999969 -0.00785413 -0.000655856 -0.0263556 0.00785551 0.999967 0.00210931 -0.00155035 0.000639387 -0.00211435 0.999998 0.0113966 0.0 0.0 0.0 1.0
office/seq-05/color/frame-000119.color.png office/seq-05/color/frame-000121.color.png 0.999996 -0.00172831 -0.00227249 -0.00499551 0.00173965 0.999986 0.00499993 -0.0129797 0.0022637 -0.00500391 0.999985 0.00177777 0.0 0.0 0.0 1.0
office/seq-05/color/frame-000121.color.png office/seq-05/color/frame-000123.color.png 1.0 -0.000849492 -0.000181265 -0.0222251 0.000851013 0.999963 0.00860605 -0.0165841 0.000174026 -0.00860623 0.999963 0.00493443 0.0 0.0 0.0 1.0
office/seq-05/color/frame-000123.color.png office/seq-05/color/frame-000125.color.png 0.999998 0.00211132 -0.000576442 -0.0236555 -0.00210792 0.999981 0.00584824 -0.0139127 0.000588781 -0.00584701 0.999983 0.00990164 0.0 0.0 0.0 1.0
office/seq-05/color/frame-000125.color.png office/seq-05/color/frame-000127.color.png 0.999927 0.00536692 -0.0108445 -0.00309183 -0.00531623 0.999975 0.00469531 -0.0097588 0.0108695 -0.00463721 0.99993 0.0049727 0.0 0.0 0.0 1.0
office/seq-05/color/frame-000127.color.png office/seq-05/color/frame-000129.color.png 0.999978 0.00047322 0.00667153 -0.0379377 -0.00051915 0.999976 0.00688902 -0.018137 -0.00666811 -0.00689234 0.999954 0.011539 0.0 0.0 0.0 1.0
office/seq-05/color/frame-000129.color.png office/seq-05/color/frame-000131.color.png 0.99981 0.00542749 -0.0187104 0.0139575 -0.00526726 0.999949 0.0086056 -0.0218211 0.0187561 -0.00850548 0.999788 0.00336564 0.0 0.0 0.0 1.0
office/seq-05/color/frame-000131.color.png office/seq-05/color/frame-000133.color.png 0.999658 0.0110787 -0.0236827 0.0292193 -0.0110112 0.999935 0.00297739 -0.00359437 0.0237141 -0.00271553 0.999715 -0.00387216 0.0 0.0 0.0 1.0
office/seq-05/color/frame-000133.color.png office/seq-05/color/frame-000135.color.png 0.999874 0.0131114 -0.00899649 -0.00207411 -0.0130804 0.999908 0.00350062 -0.00457731 0.00904152 -0.00338255 0.999953 0.00276029 0.0 0.0 0.0 1.0
office/seq-05/color/frame-000135.color.png office/seq-05/color/frame-000137.color.png 0.99982 -0.00107296 -0.0189242 0.0170528 0.00108636 0.999999 0.000698033 0.00124454 0.0189235 -0.000718467 0.999821 -0.00563049 0.0 0.0 0.0 1.0
office/seq-05/color/frame-000137.color.png office/seq-05/color/frame-000139.color.png 0.999653 0.00581199 -0.0256815 0.0409531 -0.00587312 0.99998 -0.0023051 0.00885043 0.0256676 0.00245508 0.999667 -0.0141242 0.0 0.0 0.0 1.0
office/seq-05/color/frame-000139.color.png office/seq-05/color/frame-000141.color.png 0.99961 0.00471185 -0.0275167 0.0437254 -0.00471882 0.999989 -0.000189342 -0.0103686 0.0275155 0.000319188 0.999621 -0.00150394 0.0 0.0 0.0 1.0
office/seq-05/color/frame-000141.color.png office/seq-05/color/frame-000143.color.png 0.999715 0.00550762 -0.0232137 0.0275182 -0.0055659 0.999982 -0.00244662 0.00290385 0.0231998 0.00257509 0.999727 -0.00501609 0.0 0.0 0.0 1.0
office/seq-05/color/frame-000143.color.png office/seq-05/color/frame-000145.color.png 0.99992 0.00337011 -0.0121764 0.0178747 -0.00340991 0.999989 -0.00324943 0.00951296 0.0121654 0.0032907 0.999921 -0.00183403 0.0 0.0 0.0 1.0
office/seq-05/color/frame-000145.color.png office/seq-05/color/frame-000147.color.png 0.999786 0.000521291 -0.0206971 0.0180926 -0.000364937 0.999971 0.00755679 -0.0176317 0.0207004 -0.00754762 0.999757 -0.00947869 0.0 0.0 0.0 1.0
office/seq-05/color/frame-000147.color.png office/seq-05/color/frame-000149.color.png 0.999646 0.00641264 -0.0258136 0.0310883 -0.00656347 0.999962 -0.00576118 0.024574 0.0257756 0.00592842 0.99965 -0.00129867 0.0 0.0 0.0 1.0
office/seq-05/color/frame-000149.color.png office/seq-05/color/frame-000151.color.png 0.99968 -0.000726636 -0.0252962 0.025822 0.000793228 0.999996 0.00262175 -0.00401971 0.0252943 -0.00264086 0.999677 0.000282645 0.0 0.0 0.0 1.0
office/seq-05/color/frame-000151.color.png office/seq-05/color/frame-000153.color.png 0.999418 0.00134291 -0.0340922 0.0586292 -0.00111445 0.999977 0.00671911 -0.00506875 0.0341004 -0.00667729 0.999396 0.00435948 0.0 0.0 0.0 1.0
office/seq-05/color/frame-000153.color.png office/seq-05/color/frame-000155.color.png 0.999633 0.00440342 -0.0267383 0.0320791 -0.00420405 0.999963 0.00750775 -0.00808173 0.0267704 -0.00739255 0.999614 0.00431371 0.0 0.0 0.0 1.0
office/seq-05/color/frame-000155.color.png office/seq-05/color/frame-000157.color.png 0.999769 0.00167995 -0.0214463 0.0316947 -0.00172446 0.999996 -0.00205617 0.00959563 0.0214428 0.00209267 0.999768 0.00755155 0.0 0.0 0.0 1.0
office/seq-05/color/frame-000157.color.png office/seq-05/color/frame-000159.color.png 0.999707 0.00319213 -0.0240096 0.0370582 -0.00325198 0.999992 -0.00245387 -0.000695437 0.0240015 0.00253121 0.999709 0.0108559 0.0 0.0 0.0 1.0
office/seq-05/color/frame-000159.color.png office/seq-05/color/frame-000161.color.png 0.99982 0.00900612 -0.0166788 0.0254314 -0.0091383 0.999927 -0.00786517 0.0169221 0.0166068 0.00801613 0.99983 0.00887358 0.0 0.0 0.0 1.0
office/seq-05/color/frame-000161.color.png office/seq-05/color/frame-000163.color.png 0.999875 0.00492758 -0.015009 0.0215199 -0.00491029 0.999987 0.00118817 -0.00741825 0.0150147 -0.00111426 0.999887 0.0103639 0.0 0.0 0.0 1.0
office/seq-05/color/frame-000163.color.png office/seq-05/color/frame-000165.color.png 0.999886 0.00741985 -0.0131276 0.0193954 -0.00747993 0.999962 -0.00453244 0.00777066 0.0130935 0.00463007 0.999903 0.00979781 0.0 0.0 0.0 1.0
office/seq-05/color/frame-000165.color.png office/seq-05/color/frame-000167.color.png 0.999891 0.00467881 -0.0140028 0.0172572 -0.00462347 0.999981 0.00398128 -0.0139521 0.0140212 -0.003916 0.999894 0.0123572 0.0 0.0 0.0 1.0
office/seq-05/color/frame-000167.color.png office/seq-05/color/frame-000169.color.png 0.99989 0.00608332 -0.013503 0.0243436 -0.00613636 0.999974 -0.00389054 0.0128565 0.013479 0.00397297 0.999901 0.0185796 0.0 0.0 0.0 1.0
office/seq-05/color/frame-000169.color.png office/seq-05/color/frame-000171.color.png 0.999814 0.00775758 -0.017667 0.0304868 -0.00769092 0.999963 0.00383666 -0.0112418 0.0176961 -0.00370015 0.999837 0.0178201 0.0 0.0 0.0 1.0
office/seq-05/color/frame-000171.color.png office/seq-05/color/frame-000173.color.png 0.999886 0.00124349 -0.0150663 0.0257913 -0.0013472 0.999975 -0.00687323 0.014747 0.0150574 0.00689273 0.999863 0.0208932 0.0 0.0 0.0 1.0
office/seq-05/color/frame-000173.color.png office/seq-05/color/frame-000175.color.png 0.999904 0.00266621 -0.0136308 0.0203427 -0.00273137 0.999985 -0.00476516 0.00978658 0.0136179 0.00480195 0.999896 0.0260297 0.0 0.0 0.0 1.0
office/seq-05/color/frame-000175.color.png office/seq-05/color/frame-000177.color.png 0.99995 0.00158551 -0.00988075 0.0144278 -0.00162254 0.999992 -0.00373974 0.00503403 0.00987472 0.00375548 0.999944 0.0226105 0.0 0.0 0.0 1.0
office/seq-05/color/frame-000177.color.png office/seq-05/color/frame-000179.color.png 0.999948 0.00518112 -0.00874184 0.0143079 -0.00518993 0.999986 -0.000984116 -0.000885963 0.00873663 0.00102946 0.999961 0.0249544 0.0 0.0 0.0 1.0
office/seq-05/color/frame-000179.color.png office/seq-05/color/frame-000181.color.png 0.99993 -0.000832559 -0.01178 0.0177715 0.000864749 0.999996 0.00272627 -0.0166254 0.0117777 -0.00273625 0.999927 0.030579 0.0 0.0 0.0 1.0
office/seq-05/color/frame-000181.color.png office/seq-05/color/frame-000183.color.png 0.999828 0.00891827 -0.016257 0.0292976 -0.00897456 0.999954 -0.00339247 -0.00121689 0.016226 0.00353784 0.999862 0.0318466 0.0 0.0 0.0 1.0
office/seq-05/color/frame-000183.color.png office/seq-05/color/frame-000185.color.png 0.99992 0.00262748 -0.0123816 0.0162794 -0.0026391 0.999996 -0.000923864 -0.00574166 0.0123792 0.000956526 0.999923 0.0281843 0.0 0.0 0.0 1.0
office/seq-05/color/frame-000185.color.png office/seq-05/color/frame-000187.color.png 0.99986 0.0010958 -0.0167255 0.0208949 -0.00110582 0.999999 -0.00058888 -0.0078738 0.0167248 0.000607211 0.99986 0.0311228 0.0 0.0 0.0 1.0
office/seq-05/color/frame-000187.color.png office/seq-05/color/frame-000189.color.png 0.999733 -0.00453913 -0.0226747 0.0353954 0.00456227 0.999989 0.000969086 -0.00978255 0.0226701 -0.00107219 0.999743 0.02753 0.0 0.0 0.0 1.0
office/seq-05/color/frame-000189.color.png office/seq-05/color/frame-000191.color.png 0.999804 -0.00351403 -0.0194981 0.030962 0.00354857 0.999992 0.00173846 -0.00281075 0.0194919 -0.00180734 0.999808 0.030423 0.0 0.0 0.0 1.0
office/seq-05/color/frame-000191.color.png office/seq-05/color/frame-000193.color.png 0.999774 -0.00362041 -0.0209271 0.0351412 0.00359883 0.999993 -0.00106799 0.000663251 0.0209308 0.000992403 0.99978 0.032917 0.0 0.0 0.0 1.0
office/seq-05/color/frame-000193.color.png office/seq-05/color/frame-000195.color.png 0.999809 -0.00277033 -0.0193529 0.0257876 0.00288199 0.999979 0.00574347 -0.0177738 0.0193366 -0.00579815 0.999796 0.0270128 0.0 0.0 0.0 1.0
office/seq-05/color/frame-000195.color.png office/seq-05/color/frame-000197.color.png 0.999632 0.00356291 -0.0268929 0.0540431 -0.00373625 0.999973 -0.0063971 0.0151592 0.0268693 0.00649527 0.999618 0.0292277 0.0 0.0 0.0 1.0
office/seq-05/color/frame-000197.color.png office/seq-05/color/frame-000199.color.png 0.999846 -0.00652704 -0.016306 0.0222367 0.00642049 0.999958 -0.00657863 0.00654793 0.0163483 0.00647292 0.999845 0.0306292 0.0 0.0 0.0 1.0
office/seq-05/color/frame-000199.color.png office/seq-05/color/frame-000201.color.png 0.999788 -0.00475585 -0.0200133 0.0381034 0.00455699 0.99994 -0.00997124 0.0195895 0.0200595 0.00987787 0.99975 0.0220985 0.0 0.0 0.0 1.0
office/seq-05/color/frame-000201.color.png office/seq-05/color/frame-000203.color.png 0.999797 0.00288877 -0.0199458 0.0426609 -0.00303292 0.999969 -0.00720019 0.0108917 0.0199244 0.00725926 0.999775 0.0208759 0.0 0.0 0.0 1.0
office/seq-05/color/frame-000203.color.png office/seq-05/color/frame-000205.color.png 0.99979 -0.000147084 -0.0204819 0.0470351 -0.000147361 0.999897 -0.0143733 0.024033 0.0204819 0.0143733 0.999687 0.032542 0.0 0.0 0.0 1.0
office/seq-05/color/frame-000205.color.png office/seq-05/color/frame-000207.color.png 0.999763 -0.000564348 -0.0217722 0.0480638 3.86638e-05 0.999709 -0.0241381 0.0509021 0.0217795 0.0241315 0.999471 0.0250719 0.0 0.0 0.0 1.0
office/seq-05/color/frame-000207.color.png office/seq-05/color/frame-000209.color.png 0.999772 -0.0010767 -0.021348 0.0510777 0.000420367 0.999528 -0.0307238 0.0584649 0.021371 0.0307078 0.9993 0.0244808 0.0 0.0 0.0 1.0
office/seq-05/color/frame-000209.color.png office/seq-05/color/frame-000211.color.png 0.999767 -0.00287504 -0.0213956 0.0460826 0.00242904 0.99978 -0.020842 0.0275779 0.0214508 0.0207852 0.999554 0.0241671 0.0 0.0 0.0 1.0
office/seq-05/color/frame-000211.color.png office/seq-05/color/frame-000213.color.png 0.999851 -0.000264959 -0.0172407 0.0349925 -0.000107803 0.999766 -0.0216182 0.0282769 0.0172424 0.0216168 0.999618 0.025723 0.0 0.0 0.0 1.0
office/seq-05/color/frame-000213.color.png office/seq-05/color/frame-000215.color.png 0.999939 -0.00439525 -0.0101544 0.023556 0.00418916 0.999787 -0.0202276 0.0327657 0.0102412 0.0201838 0.999744 0.0140729 0.0 0.0 0.0 1.0
office/seq-05/color/frame-000215.color.png office/seq-05/color/frame-000217.color.png 0.999901 -0.00906226 -0.0108008 0.017987 0.00886789 0.9998 -0.0179093 0.0226139 0.0109609 0.0178118 0.999781 0.0158424 0.0 0.0 0.0 1.0
office/seq-05/color/frame-000217.color.png office/seq-05/color/frame-000219.color.png 0.999945 0.000731111 -0.0104714 0.0251533 -0.000907863 0.999857 -0.0168841 0.0227101 0.0104577 0.0168927 0.999802 0.0162411 0.0 0.0 0.0 1.0
office/seq-05/color/frame-000219.color.png office/seq-05/color/frame-000221.color.png 0.999741 -0.00013284 -0.0227702 0.0581436 -0.000401986 0.999724 -0.0234807 0.0388557 0.0227671 0.0234838 0.999465 0.0281763 0.0 0.0 0.0 1.0
office/seq-05/color/frame-000221.color.png office/seq-05/color/frame-000223.color.png 0.99989 -0.00407977 -0.0142391 0.0297269 0.0037781 0.999769 -0.0211485 0.0345867 0.014322 0.0210924 0.999675 0.0178983 0.0 0.0 0.0 1.0
office/seq-05/color/frame-000223.color.png office/seq-05/color/frame-000225.color.png 0.99985 -0.00686334 -0.0159321 0.0334931 0.00646131 0.999663 -0.0251505 0.0459415 0.0160994 0.0250437 0.999557 0.0215809 0.0 0.0 0.0 1.0
office/seq-05/color/frame-000225.color.png office/seq-05/color/frame-000227.color.png 0.999703 -0.0143298 -0.0197191 0.0478253 0.014116 0.99984 -0.0109364 0.00115931 0.0198727 0.0106548 0.999746 0.019078 0.0 0.0 0.0 1.0
office/seq-05/color/frame-000227.color.png office/seq-05/color/frame-000229.color.png 0.999964 -0.00119211 -0.00844069 0.018031 0.0010169 0.999785 -0.020739 0.0311336 0.00846352 0.0207297 0.999749 0.00904775 0.0 0.0 0.0 1.0
office/seq-05/color/frame-000229.color.png office/seq-05/color/frame-000231.color.png 0.999638 -0.00909451 -0.025322 0.0636738 0.00876809 0.999877 -0.0129724 0.0148118 0.0254368 0.0127457 0.999595 0.0161366 0.0 0.0 0.0 1.0
office/seq-05/color/frame-000231.color.png office/seq-05/color/frame-000233.color.png 0.999795 -0.00310362 -0.019996 0.0403462 0.00273182 0.999823 -0.018593 0.0329208 0.0200502 0.0185345 0.999627 0.0176396 0.0 0.0 0.0 1.0
office/seq-05/color/frame-000233.color.png office/seq-05/color/frame-000235.color.png 0.999934 -0.00162316 -0.011357 0.020704 0.00149327 0.999933 -0.0114354 0.00708437 0.011375 0.0114177 0.99987 -0.00502491 0.0 0.0 0.0 1.0
office/seq-05/color/frame-000235.color.png office/seq-05/color/frame-000237.color.png 0.999678 -0.00544007 -0.0247789 0.0614833 0.00557819 0.999969 0.0055075 -0.0346956 0.0247482 -0.00564395 0.999678 0.0145209 0.0 0.0 0.0 1.0
office/seq-05/color/frame-000237.color.png office/seq-05/color/frame-000239.color.png 0.999652 0.000578069 -0.0263886 0.0608481 -0.000617881 0.999999 -0.00149969 -0.000371516 0.0263878 0.00151549 0.999651 0.00373411 0.0 0.0 0.0 1.0
office/seq-05/color/frame-000239.color.png office/seq-05/color/frame-000241.color.png 0.99987 0.00508318 -0.0153071 0.0314042 -0.00503305 0.999982 0.00331282 -0.0157627 0.0153237 -0.00323535 0.999877 0.00498819 0.0 0.0 0.0 1.0
office/seq-05/color/frame-000241.color.png office/seq-05/color/frame-000243.color.png 0.999664 0.010526 -0.0236986 0.0613893 -0.0104457 0.999939 0.00350633 -0.0144502 0.0237339 -0.00325761 0.999713 0.0122259 0.0 0.0 0.0 1.0
office/seq-05/color/frame-000243.color.png office/seq-05/color/frame-000245.color.png 0.999902 0.00659717 -0.0123049 0.0303184 -0.00659897 0.999978 -0.000105324 0.00423568 0.012304 0.000186516 0.999924 0.005584 0.0 0.0 0.0 1.0
office/seq-05/color/frame-000245.color.png office/seq-05/color/frame-000247.color.png 0.999778 0.0203261 -0.00555376 0.0237886 -0.0202812 0.999762 0.00802554 -0.0290096 0.00571548 -0.00791114 0.999952 0.00701237 0.0 0.0 0.0 1.0
office/seq-05/color/frame-000247.color.png office/seq-05/color/frame-000249.color.png 0.999975 0.00304734 0.00632296 -0.0178433 -0.00309927 0.999961 0.00821647 -0.0214546 -0.00629773 -0.00823587 0.999946 -0.0128574 0.0 0.0 0.0 1.0
office/seq-05/color/frame-000249.color.png office/seq-05/color/frame-000251.color.png 0.999762 0.0187397 0.0111809 -0.0197362 -0.018943 0.999652 0.0183556 -0.0428042 -0.010833 -0.018563 0.999769 -0.033303 0.0 0.0 0.0 1.0
office/seq-05/color/frame-000251.color.png office/seq-05/color/frame-000253.color.png 0.99992 0.0108934 -0.00651143 0.0274862 -0.0108204 0.999879 0.0111515 -0.0226631 0.00663219 -0.0110801 0.999917 0.013602 0.0 0.0 0.0 1.0
office/seq-05/color/frame-000253.color.png office/seq-05/color/frame-000255.color.png 0.999865 0.0162005 -0.00289809 0.0134934 -0.0161811 0.999848 0.0065629 -0.01175 0.00300392 -0.0065151 0.999974 -0.0070889 0.0 0.0 0.0 1.0
office/seq-05/color/frame-000255.color.png office/seq-05/color/frame-000257.color.png 0.999973 0.00697891 0.00244654 -0.00481473 -0.00699835 0.999943 0.00800821 -0.0107187 -0.0023905 -0.00802513 0.999965 -0.0192323 0.0 0.0 0.0 1.0
office/seq-05/color/frame-000257.color.png office/seq-05/color/frame-000259.color.png 0.999933 0.00962873 0.00639975 -0.018786 -0.009759 0.999739 0.0206543 -0.0417628 -0.00619925 -0.0207154 0.999766 -0.0270586 0.0 0.0 0.0 1.0
office/seq-05/color/frame-000259.color.png office/seq-05/color/frame-000261.color.png 0.999986 0.0051537 0.000787906 -0.00882427 -0.00516868 0.999779 0.02039 -0.0356844 -0.000682706 -0.0203938 0.999792 -0.0242698 0.0 0.0 0.0 1.0
office/seq-05/color/frame-000261.color.png office/seq-05/color/frame-000263.color.png 0.999938 0.0106076 -0.00339119 0.0115885 -0.0105803 0.999912 0.00797861 -0.0147139 0.00347555 -0.00794222 0.999962 -0.00341153 0.0 0.0 0.0 1.0
office/seq-05/color/frame-000263.color.png office/seq-05/color/frame-000265.color.png 0.999922 0.00416388 -0.0117763 0.0285947 -0.00394396 0.999818 0.018644 -0.030653 0.0118519 -0.0185961 0.999757 -0.0112138 0.0 0.0 0.0 1.0
office/seq-05/color/frame-000265.color.png office/seq-05/color/frame-000267.color.png 0.99979 0.0142909 -0.0146932 0.0318223 -0.0139086 0.99957 0.025799 -0.0532176 0.0150556 -0.0255892 0.999559 -0.011219 0.0 0.0 0.0 1.0
office/seq-05/color/frame-000267.color.png office/seq-05/color/frame-000269.color.png 0.999576 0.019958 -0.0212103 0.0558103 -0.0196587 0.999705 0.0142302 -0.0202004 0.0214878 -0.0138071 0.999674 -0.00153565 0.0 0.0 0.0 1.0
office/seq-05/color/frame-000269.color.png office/seq-05/color/frame-000271.color.png 0.999936 0.0031517 -0.0109003 0.0259534 -0.00303487 0.999938 0.0107217 -0.0162458 0.0109335 -0.0106879 0.999883 -0.0043757 0.0 0.0 0.0 1.0
office/seq-05/color/frame-000271.color.png office/seq-05/color/frame-000273.color.png 0.999085 0.0142578 -0.0403217 0.100968 -0.0134556 0.999708 0.0200955 -0.037391 0.0405964 -0.0195346 0.998985 0.0152438 0.0 0.0 0.0 1.0
office/seq-05/color/frame-000273.color.png office/seq-05/color/frame-000275.color.png 0.999502 0.0181403 -0.0258061 0.0515531 -0.0177663 0.999735 0.0146473 -0.0228996 0.0260651 -0.0141815 0.99956 0.000355482 0.0 0.0 0.0 1.0
office/seq-05/color/frame-000275.color.png office/seq-05/color/frame-000277.color.png 0.999855 0.0117221 -0.0123733 0.0335509 -0.0117188 0.999931 0.000339859 0.0152501 0.0123762 -0.000194823 0.999923 0.000247955 0.0 0.0 0.0 1.0
office/seq-05/color/frame-000277.color.png office/seq-05/color/frame-000279.color.png 0.999334 0.0188786 -0.0312216 0.0818632 -0.018414 0.999716 0.0151018 -0.0260309 0.0314979 -0.0145168 0.999398 0.00880408 0.0 0.0 0.0 1.0
office/seq-05/color/frame-000279.color.png office/seq-05/color/frame-000281.color.png 0.999802 0.0045696 -0.0193695 0.0459684 -0.00448137 0.999979 0.00459518 0.00200325 0.0193901 -0.00450747 0.999802 0.00540471 0.0 0.0 0.0 1.0
office/seq-05/color/frame-000281.color.png office/seq-05/color/frame-000283.color.png 0.998783 0.0276727 -0.0408262 0.104615 -0.0270106 0.999496 0.0166822 -0.0510959 0.0412673 -0.0155591 0.999027 0.0292585 0.0 0.0 0.0 1.0
office/seq-05/color/frame-000283.color.png office/seq-05/color/frame-000285.color.png 0.999999 0.000262092 -0.00172958 -0.00605811 -0.00027508 0.999971 -0.0075784 0.0330865 0.0017276 0.00757883 0.99997 -0.0158415 0.0 0.0 0.0 1.0
office/seq-05/color/frame-000285.color.png office/seq-05/color/frame-000287.color.png 0.999493 0.019017 -0.0255445 0.0724304 -0.01896 0.999817 0.00247364 -0.00385064 0.0255868 -0.00198808 0.999671 0.0110593 0.0 0.0 0.0 1.0
office/seq-05/color/frame-000287.color.png office/seq-05/color/frame-000289.color.png 0.999936 0.00344394 -0.0107757 0.0259938 -0.00347311 0.99999 -0.00268909 0.0123929 0.0107663 0.00272639 0.999938 0.00349307 0.0 0.0 0.0 1.0
office/seq-05/color/frame-000289.color.png office/seq-05/color/frame-000291.color.png 0.999312 0.0124061 -0.0349606 0.101786 -0.0121033 0.999887 0.00886192 -0.0273543 0.0350668 -0.00843273 0.99935 0.0184963 0.0 0.0 0.0 1.0
office/seq-05/color/frame-000291.color.png office/seq-05/color/frame-000293.color.png 0.999729 0.015552 -0.017303 0.0494564 -0.0154473 0.999862 0.00616608 -0.0208623 0.0173965 -0.0058971 0.999831 0.00935936 0.0 0.0 0.0 1.0
office/seq-05/color/frame-000293.color.png office/seq-05/color/frame-000295.color.png 0.99931 0.015225 -0.0338643 0.0945848 -0.0147683 0.999797 0.0136986 -0.036278 0.034066 -0.013189 0.999333 0.0125282 0.0 0.0 0.0 1.0
office/seq-05/color/frame-000295.color.png office/seq-05/color/frame-000297.color.png 0.999824 0.00491067 -0.0181123 0.0464052 -0.00478903 0.999966 0.00675009 -0.0110808 0.0181448 -0.00666213 0.999813 0.00268245 0.0 0.0 0.0 1.0
office/seq-05/color/frame-000297.color.png office/seq-05/color/frame-000299.color.png 0.999823 -0.000425912 -0.0188152 0.0508863 0.000580754 0.999966 0.00823105 -0.00577345 0.018811 -0.0082405 0.999789 0.0011003 0.0 0.0 0.0 1.0
office/seq-05/color/frame-000299.color.png office/seq-05/color/frame-000301.color.png 0.999007 0.0210384 -0.0392839 0.106014 -0.0201029 0.999508 0.0240595 -0.0595682 0.0397707 -0.0232458 0.998938 0.00726843 0.0 0.0 0.0 1.0
office/seq-05/color/frame-000301.color.png office/seq-05/color/frame-000303.color.png 0.999925 0.0033592 -0.0117619 0.0285285 -0.00330253 0.999983 0.00482578 0.00252989 0.0117779 -0.0047866 0.999919 -0.00431299 0.0 0.0 0.0 1.0
office/seq-05/color/frame-000303.color.png office/seq-05/color/frame-000305.color.png 0.999854 0.00781251 -0.0151878 0.0378026 -0.00774819 0.999961 0.00428602 -0.00885892 0.0152208 -0.0041677 0.999876 0.000431538 0.0 0.0 0.0 1.0
office/seq-05/color/frame-000305.color.png office/seq-05/color/frame-000307.color.png 0.998716 0.0250795 -0.044011 0.130318 -0.0243637 0.999563 0.0167258 -0.0538615 0.0444112 -0.0156321 0.998891 0.0248327 0.0 0.0 0.0 1.0
office/seq-05/color/frame-000307.color.png office/seq-05/color/frame-000309.color.png 0.999865 0.0110555 -0.0121809 0.0304099 -0.0109584 0.999908 0.00800355 -0.0143274 0.0122682 -0.00786897 0.999894 0.000814438 0.0 0.0 0.0 1.0
office/seq-05/color/frame-000309.color.png office/seq-05/color/frame-000311.color.png 0.999876 0.0109135 -0.0113417 0.0279386 -0.0108834 0.999937 0.00270954 -0.00504148 0.0113706 -0.00258578 0.999932 -0.00195694 0.0 0.0 0.0 1.0
office/seq-05/color/frame-000311.color.png office/seq-05/color/frame-000313.color.png 0.999894 0.00738277 -0.0124953 0.0289773 -0.00737116 0.999972 0.000967269 0.00208911 0.0125021 -0.000875094 0.999922 -0.0023787 0.0 0.0 0.0 1.0
office/seq-05/color/frame-000313.color.png office/seq-05/color/frame-000315.color.png 0.999523 0.00650366 -0.0301783 0.0652498 -0.00639508 0.999973 0.00369374 0.00208908 0.0302014 -0.00349894 0.999538 -0.00157046 0.0 0.0 0.0 1.0
office/seq-05/color/frame-000315.color.png office/seq-05/color/frame-000317.color.png 0.999701 0.000537985 -0.0244357 0.0586179 -0.000484367 0.999997 0.00219735 0.000767887 0.0244368 -0.00218489 0.999699 0.00652099 0.0 0.0 0.0 1.0
office/seq-05/color/frame-000317.color.png office/seq-05/color/frame-000319.color.png 0.999932 0.00497634 -0.0105599 0.0344951 -0.00492353 0.999975 0.00502306 -0.0103129 0.0105847 -0.00497068 0.999932 -0.00772905 0.0 0.0 0.0 1.0
office/seq-05/color/frame-000319.color.png office/seq-05/color/frame-000321.color.png 0.999539 0.0177285 -0.0246476 0.0587649 -0.0174235 0.99977 0.0125358 -0.023007 0.0248641 -0.0121006 0.999618 -0.0021944 0.0 0.0 0.0 1.0
office/seq-05/color/frame-000321.color.png office/seq-05/color/frame-000323.color.png 0.999752 0.0134022 -0.0177621 0.0465705 -0.0132917 0.999892 0.00631873 -0.0217203 0.0178448 -0.00608107 0.999822 0.00152636 0.0 0.0 0.0 1.0
office/seq-05/color/frame-000323.color.png office/seq-05/color/frame-000325.color.png 0.999866 0.00611218 -0.0151585 0.032171 -0.00606681 0.999977 0.00304298 0.00422823 0.0151767 -0.00295063 0.999881 0.000659943 0.0 0.0 0.0 1.0
office/seq-05/color/frame-000325.color.png office/seq-05/color/frame-000327.color.png 0.998891 0.0242588 -0.0403487 0.0983266 -0.0243102 0.999704 -0.000781605 0.00907263 0.0403177 0.00176163 0.999185 0.00399017 0.0 0.0 0.0 1.0
office/seq-05/color/frame-000327.color.png office/seq-05/color/frame-000329.color.png 0.999779 -0.00572002 -0.0202391 0.0369904 0.00546663 0.999906 -0.0125619 0.0512419 0.0203091 0.0124485 0.999716 -0.00303698 0.0 0.0 0.0 1.0
office/seq-05/color/frame-000329.color.png office/seq-05/color/frame-000331.color.png 0.999815 0.00287192 -0.0190322 0.0434921 -0.00275681 0.999978 0.00607142 -0.0138316 0.0190492 -0.00601781 0.9998 0.00344563 0.0 0.0 0.0 1.0
office/seq-05/color/frame-000331.color.png office/seq-05/color/frame-000333.color.png 0.999757 0.00455209 -0.0215964 0.045891 -0.00441349 0.999969 0.0064658 -0.00859344 0.0216251 -0.0063689 0.999746 -0.00400329 0.0 0.0 0.0 1.0
office/seq-05/color/frame-000333.color.png office/seq-05/color/frame-000335.color.png 0.999774 0.0044803 -0.0207612 0.0442077 -0.00446394 0.99999 0.0008329 -0.00367457 0.0207647 -0.000740072 0.999784 0.00604057 0.0 0.0 0.0 1.0
office/seq-05/color/frame-000335.color.png office/seq-05/color/frame-000337.color.png 0.999687 0.0126807 -0.0215787 0.0514474 -0.0126776 0.99992 0.000277545 0.000795513 0.0215804 -3.88376e-06 0.999767 -0.00226521 0.0 0.0 0.0 1.0
office/seq-05/color/frame-000337.color.png office/seq-05/color/frame-000339.color.png 0.999961 0.00401566 -0.00789304 0.0169014 -0.00398562 0.999985 0.00383333 -0.00222605 0.00790831 -0.0038017 0.999962 -0.000799656 0.0 0.0 0.0 1.0
office/seq-05/color/frame-000339.color.png office/seq-05/color/frame-000341.color.png 0.999839 0.0116553 -0.0136687 0.0226326 -0.011555 0.999906 0.00738539 -0.0116587 0.0137535 -0.00722629 0.999879 -0.00478148 0.0 0.0 0.0 1.0
office/seq-05/color/frame-000341.color.png office/seq-05/color/frame-000343.color.png 0.999939 0.00106462 -0.0110275 0.0253703 -0.00107801 0.999999 -0.001194 0.00196484 0.0110261 0.00120585 0.999938 -0.0014081 0.0 0.0 0.0 1.0
office/seq-05/color/frame-000343.color.png office/seq-05/color/frame-000345.color.png 0.999813 0.00983191 -0.0166271 0.0378817 -0.00984997 0.999951 -0.00100814 0.00522596 0.0166165 0.00117179 0.999861 0.00134468 0.0 0.0 0.0 1.0
office/seq-05/color/frame-000345.color.png office/seq-05/color/frame-000347.color.png 0.99997 0.00315976 -0.00708119 0.0119644 -0.00313654 0.99999 0.00328704 -0.00167635 0.00709148 -0.00326476 0.99997 -0.00264716 0.0 0.0 0.0 1.0
office/seq-05/color/frame-000347.color.png office/seq-05/color/frame-000349.color.png 0.999669 0.00689905 -0.0247839 0.0509 -0.00715705 0.999921 -0.0103334 0.0278044 0.0247107 0.0105074 0.999639 0.00493741 0.0 0.0 0.0 1.0
office/seq-05/color/frame-000349.color.png office/seq-05/color/frame-000351.color.png 0.999971 0.00278898 -0.00701992 0.0130819 -0.00277976 0.999995 0.00131297 0.000261009 0.00702355 -0.00129338 0.999974 -0.00175452 0.0 0.0 0.0 1.0
office/seq-05/color/frame-000351.color.png office/seq-05/color/frame-000353.color.png 0.9996 0.0219328 -0.0178501 0.0411412 -0.0220195 0.999747 -0.00467304 0.0114454 0.0177431 0.00506421 0.99983 -0.00456953 0.0 0.0 0.0 1.0
