office/seq-05/color/frame-000000.color.png office/seq-05/color/frame-000003.color.png 0.999857 -0.00812053 0.0148619 0.00195941 0.00798607 0.999927 0.00908398 0.00484273 -0.0149346 -0.00896399 0.999848 0.0115702 0.0 0.0 0.0 1.0
office/seq-05/color/frame-000003.color.png office/seq-05/color/frame-000006.color.png 0.9999 -0.00033263 0.0141393 0.00319545 0.000177158 0.999939 0.0109956 0.00314567 -0.0141422 -0.010992 0.99984 0.0106163 0.0 0.0 0.0 1.0
office/seq-05/color/frame-000006.color.png office/seq-05/color/frame-000009.color.png 0.999782 0.000275056 0.0208765 0.00105149 -0.000721073 0.999772 0.02136 -0.00200933 -0.0208658 -0.0213704 0.999554 0.0340956 0.0 0.0 0.0 1.0
office/seq-05/color/frame-000009.color.png office/seq-05/color/frame-000012.color.png 0.999158 -0.0111136 0.0395012 -0.00142494 0.0104145 0.999786 0.0178603 -0.00776127 -0.0396913 -0.0174339 0.99906 0.0334334 0.0 0.0 0.0 1.0
office/seq-05/color/frame-000012.color.png office/seq-05/color/frame-000015.color.png 0.999243 -0.00830393 0.0379985 -0.0102416 0.00792802 0.999918 0.0100329 -0.00233272 -0.0380787 -0.00972403 0.999227 0.0421119 0.0 0.0 0.0 1.0
office/seq-05/color/frame-000015.color.png office/seq-05/color/frame-000018.color.png 0.999185 -0.0200508 0.0350362 -0.00739382 0.0195086 0.999686 0.0157505 -0.023298 -0.035341 -0.0150542 0.999262 0.0697256 0.0 0.0 0.0 1.0
office/seq-05/color/frame-000018.color.png office/seq-05/color/frame-000021.color.png 0.999858 -0.00148803 0.0167632 -0.00802688 0.00102916 0.999626 0.0273492 -0.0230579 -0.0167976 -0.027328 0.999485 0.0454468 0.0 0.0 0.0 1.0
office/seq-05/color/frame-000021.color.png office/seq-05/color/frame-000024.color.png 0.999697 0.00786606 0.0233086 0.00941903 -0.00804762 0.999938 0.00770563 -0.0116833 -0.0232465 -0.00789086 0.999699 0.0426473 0.0 0.0 0.0 1.0
office/seq-05/color/frame-000024.color.png office/seq-05/color/frame-000027.color.png 0.999811 0.01771 0.00801053 -0.00061448 -0.0178086 0.999764 0.0124094 -0.0260787 -0.00778887 -0.0125498 0.999891 0.051786 0.0 0.0 0.0 1.0
office/seq-05/color/frame-000027.color.png office/seq-05/color/frame-000030.color.png 0.999948 0.00505923 0.00882736 0.0240239 -0.00503384 0.999983 -0.00289693 -0.00207981 -0.00884186 0.00285234 0.999957 0.0466649 0.0 0.0 0.0 1.0
office/seq-05/color/frame-000030.color.png office/seq-05/color/frame-000033.color.png 0.999882 -0.0131465 0.00797977 0.0282583 0.0132569 0.999815 -0.0139437 -0.00298407 -0.00779501 0.0140478 0.999871 0.0504216 0.0 0.0 0.0 1.0
office/seq-05/color/frame-000033.color.png office/seq-05/color/frame-000036.color.png 0.999592 -0.0204781 0.0198983 0.0177491 0.0204134 0.999786 0.00345089 -0.00600177 -0.0199647 -0.0030433 0.999796 0.0608372 0.0 0.0 0.0 1.0
office/seq-05/color/frame-000036.color.png office/seq-05/color/frame-000039.color.png 0.999868 -0.0161034 0.00231454 0.0306481 0.0160943 0.999863 0.0039169 -0.0268579 -0.00237724 -0.00387912 0.99999 0.0560001 0.0 0.0 0.0 1.0
office/seq-05/color/frame-000039.color.png office/seq-05/color/frame-000042.color.png 1.0 -0.000472748 0.000202491 0.0221545 0.000472385 0.999998 0.00174481 -0.00231365 -0.000203299 -0.00174471 0.999998 0.0432895 0.0 0.0 0.0 1.0
office/seq-05/color/frame-000042.color.png office/seq-05/color/frame-000045.color.png 0.999949 -0.00436641 0.00912793 0.0219615 0.00435277 0.999989 0.00151541 -0.0117367 -0.00913445 -0.00147563 0.999957 0.0643765 0.0 0.0 0.0 1.0
office/seq-05/color/frame-000045.color.png office/seq-05/color/frame-000048.color.png 0.999899 0.00474054 0.0133903 0.0128489 -0.00466554 0.999973 -0.00562661 -0.00193356 -0.0134167 0.00556355 0.999895 0.0389078 0.0 0.0 0.0 1.0
office/seq-05/color/frame-000048.color.png office/seq-05/color/frame-000051.color.png 0.999614 0.00514151 0.0273032 0.0120523 -0.00531582 0.999966 0.00631595 -0.00994661 -0.0272698 -0.00645865 0.999607 0.0732712 0.0 0.0 0.0 1.0
office/seq-05/color/frame-000051.color.png office/seq-05/color/frame-000054.color.png 0.999769 -0.00406219 0.0211255 0.00284635 0.00397681 0.999984 0.00408176 -0.00350615 -0.0211417 -0.00399678 0.999769 0.0573715 0.0 0.0 0.0 1.0
office/seq-05/color/frame-000054.color.png office/seq-05/color/frame-000057.color.png 0.999082 -0.013529 0.0406473 -0.0161165 0.0130573 0.999845 0.0118476 -0.0247662 -0.0408013 -0.011306 0.999103 0.0821944 0.0 0.0 0.0 1.0
office/seq-05/color/frame-000057.color.png office/seq-05/color/frame-000060.color.png 0.99968 0.00188502 0.0252138 -0.0139073 -0.00219284 0.999923 0.0121864 -0.019673 -0.0251889 -0.0122378 0.999608 0.0735301 0.0 0.0 0.0 1.0
office/seq-05/color/frame-000060.color.png office/seq-05/color/frame-000063.color.png 0.99992 0.00247981 0.01237 0.00366443 -0.00256543 0.999973 0.00691126 -0.0170491 -0.0123524 -0.00694244 0.9999 0.0538585 0.0 0.0 0.0 1.0
office/seq-05/color/frame-000063.color.png office/seq-05/color/frame-000066.color.png 0.999893 -0.00497406 0.0137668 -0.00771531 0.00470567 0.9998 0.0194597 -0.0280852 -0.0138608 -0.0193929 0.999716 0.0476973 0.0 0.0 0.0 1.0
office/seq-05/color/frame-000066.color.png office/seq-05/color/frame-000069.color.png 0.999934 0.00541491 0.0101286 -0.000249624 -0.00564928 0.999713 0.0232578 -0.0438232 -0.00999983 -0.0233135 0.999678 0.0467871 0.0 0.0 0.0 1.0
office/seq-05/color/frame-000069.color.png office/seq-05/color/frame-000072.color.png 0.999994 0.00325385 0.000751368 0.012928 -0.0032675 0.999816 0.0189239 -0.0355106 -0.000689626 -0.0189263 0.999821 0.0377713 0.0 0.0 0.0 1.0
office/seq-05/color/frame-000072.color.png office/seq-05/color/frame-000075.color.png 0.999923 0.0107517 -0.00615793 0.0171078 -0.0106054 0.999672 0.023309 -0.0390262 0.00640653 -0.0232419 0.999709 0.0347539 0.0 0.0 0.0 1.0
office/seq-05/color/frame-000075.color.png office/seq-05/color/frame-000078.color.png 0.999959 -0.00132883 -0.00893177 0.0217065 0.00139721 0.99997 0.00765226 -0.00893855 0.00892142 -0.00766439 0.999931 0.0383222 0.0 0.0 0.0 1.0
office/seq-05/color/frame-000078.color.png office/seq-05/color/frame-000081.color.png 0.999822 -0.0184066 -0.0041115 0.0189948 0.0184898 0.999604 0.0212208 -0.0412506 0.00371903 -0.0212931 0.999766 0.0387111 0.0 0.0 0.0 1.0
office/seq-05/color/frame-000081.color.png office/seq-05/color/frame-000084.color.png 0.999924 -0.0105813 -0.00631159 0.0241984 0.0106341 0.999908 0.00837907 -0.0284972 0.0062225 -0.00844548 0.999945 0.0371263 0.0 0.0 0.0 1.0
office/seq-05/color/frame-000084.color.png office/seq-05/color/frame-000087.color.png 0.999974 -0.00712408 -0.000655985 0.0138797 0.00713248 0.99988 0.0137853 -0.0441041 0.000557725 -0.0137897 0.999905 0.0352765 0.0 0.0 0.0 1.0
office/seq-05/color/frame-000087.color.png office/seq-05/color/frame-000090.color.png 0.999974 -0.000661727 0.00724807 -0.00941172 0.000628999 0.99999 0.00451326 -0.023346 -0.007251 -0.00450861 0.999964 0.0441941 0.0 0.0 0.0 1.0
office/seq-05/color/frame-000090.color.png office/seq-05/color/frame-000093.color.png 0.999977 0.00546218 -0.00411588 0.00789794 -0.00543851 0.999969 0.00574604 -0.0148827 0.00414721 -0.00572354 0.999975 0.0282714 0.0 0.0 0.0 1.0
office/seq-05/color/frame-000093.color.png office/seq-05/color/frame-000096.color.png 0.999861 0.0165102 0.00225682 -0.00516513 -0.0165071 0.999863 -0.00142839 0.000845611 -0.00228015 0.00139096 0.999996 0.032195 0.0 0.0 0.0 1.0
office/seq-05/color/frame-000096.color.png office/seq-05/color/frame-000099.color.png 0.999931 0.0108447 0.00458572 -0.0168031 -0.0108196 0.999926 -0.00546746 0.00279185 -0.00464459 0.00541747 0.999975 0.0319674 0.0 0.0 0.0 1.0
office/seq-05/color/frame-000099.color.png office/seq-05/color/frame-000102.color.png 0.999945 0.00476989 0.00935276 -0.029869 -0.00473786 0.999983 -0.00344644 0.000525773 -0.00936909 0.00340188 0.99995 0.0252026 0.0 0.0 0.0 1.0
office/seq-05/color/frame-000102.color.png office/seq-05/color/frame-000105.color.png 0.999888 0.0123961 0.00833962 -0.0335227 -0.012205 0.99967 -0.0225908 0.0430547 -0.00861694 0.0224864 0.99971 0.0340776 0.0 0.0 0.0 1.0
office/seq-05/color/frame-000105.color.png office/seq-05/color/frame-000108.color.png 0.999776 -0.00134177 0.0211181 -0.0659225 0.00138252 0.999997 -0.00191485 -0.0121734 -0.0211154 0.00194368 0.999775 0.0364704 0.0 0.0 0.0 1.0
office/seq-05/color/frame-000108.color.png office/seq-05/color/frame-000111.color.png 0.999917 -0.00896815 0.00927086 -0.0349366 0.0090262 0.99994 -0.00623777 0.0121221 -0.00921439 0.00632095 0.999938 0.0160831 0.0 0.0 0.0 1.0
office/seq-05/color/frame-000111.color.png office/seq-05/color/frame-000114.color.png 0.999851 -0.00978474 0.0142344 -0.0588334 0.00985811 0.999938 -0.00509481 0.0142407 -0.0141838 0.00523437 0.999886 0.0284257 0.0 0.0 0.0 1.0
office/seq-05/color/frame-000114.color.png office/seq-05/color/frame-000117.color.png 0.999925 -0.0094883 0.00771096 -0.0348819 0.00942028 0.999917 0.00880782 -0.0177416 -0.00779385 -0.00873454 0.999931 0.0108138 0.0 0.0 0.0 1.0
office/seq-05/color/frame-000117.color.png office/seq-05/color/frame-000120.color.png 0.999956 -0.00932252 -0.00101369 -0.0365799 0.00933079 0.99992 0.0085257 -0.01811 0.000934153 -0.00853477 0.999963 0.0171723 0.0 0.0 0.0 1.0
office/seq-05/color/frame-000120.color.png office/seq-05/color/frame-000123.color.png 0.999996 -0.000856493 -0.00269294 -0.0149345 0.000870004 0.999987 0.0050145 -0.00645927 0.00268866 -0.00501678 0.999984 0.003775 0.0 0.0 0.0 1.0
office/seq-05/color/frame-000123.color.png office/seq-05/color/frame-000126.color.png 0.99998 0.00246631 -0.00591468 -0.0240148 -0.00241395 0.999958 0.00883817 -0.0204102 0.00593624 -0.00882365 0.999943 0.0114727 0.0 0.0 0.0 1.0
office/seq-05/color/frame-000126.color.png office/seq-05/color/frame-000129.color.png 0.999899 0.00542369 -0.0131195 0.00349365 -0.00541676 0.999985 0.000562083 0.00262433 0.0131222 -0.000490965 0.999914 0.00252795 0.0 0.0 0.0 1.0
office/seq-05/color/frame-000129.color.png office/seq-05/color/frame-000132.color.png 0.999827 0.0134023 -0.0129151 -0.0224638 -0.0131338 0.9997 0.0206518 -0.0523158 0.013188 -0.0204786 0.999703 0.0179434 0.0 0.0 0.0 1.0
office/seq-05/color/frame-000132.color.png office/seq-05/color/frame-000135.color.png 0.999587 0.015296 -0.0243394 0.0209 -0.0151502 0.999866 0.00616363 -0.0118595 0.0244304 -0.00579238 0.999685 -0.00366199 0.0 0.0 0.0 1.0
office/seq-05/color/frame-000135.color.png office/seq-05/color/frame-000138.color.png 0.999551 0.00217356 -0.0299002 0.0332504 -0.00202011 0.999985 0.0051618 -0.00850925 0.0299109 -0.00509903 0.99954 -0.00851166 0.0 0.0 0.0 1.0
office/seq-05/color/frame-000138.color.png office/seq-05/color/frame-000141.color.png 0.999421 0.0100286 -0.0325203 0.0392844 -0.0100791 0.999948 -0.00138726 -0.00552672 0.0325047 0.00171419 0.99947 -0.00609457 0.0 0.0 0.0 1.0
office/seq-05/color/frame-000141.color.png office/seq-05/color/frame-000144.color.png 0.999725 0.00659864 -0.0225112 0.0247018 -0.00681939 0.999929 -0.00974362 0.0250182 0.0224454 0.00989447 0.999699 -0.00541639 0.0 0.0 0.0 1.0
office/seq-05/color/frame-000144.color.png office/seq-05/color/frame-000147.color.png 0.999312 0.00367324 -0.0369161 0.0480576 -0.00373228 0.999992 -0.00153087 0.00913996 0.0369102 0.0016676 0.999317 -0.0131568 0.0 0.0 0.0 1.0
office/seq-05/color/frame-000147.color.png office/seq-05/color/frame-000150.color.png 0.999727 0.00818716 -0.0219012 -0.00386473 -0.00804427 0.999946 0.00660457 -0.00964817 0.021954 -0.00642658 0.999738 0.0117007 0.0 0.0 0.0 1.0
office/seq-05/color/frame-000150.color.png office/seq-05/color/frame-000153.color.png 0.998958 0.000142324 -0.0456376 0.0663551 0.000229604 0.999967 0.0081443 -0.00700372 0.0456373 -0.00814631 0.998925 0.00273228 0.0 0.0 0.0 1.0
office/seq-05/color/frame-000153.color.png office/seq-05/color/frame-000156.color.png 0.999077 0.00175078 -0.042922 0.062309 -0.00130381 0.999945 0.010439 -0.0174088 0.0429379 -0.0103734 0.999024 0.006917 0.0 0.0 0.0 1.0
office/seq-05/color/frame-000156.color.png office/seq-05/color/frame-000159.color.png 0.999516 0.00656003 -0.0304017 0.0399352 -0.00654252 0.999978 0.000675876 -0.00915414 0.0304054 -0.00047672 0.999537 0.0111649 0.0 0.0 0.0 1.0
office/seq-05/color/frame-000159.color.png office/seq-05/color/frame-000162.color.png 0.999603 0.00514278 -0.0277143 0.0498862 -0.00529165 0.999972 -0.00530158 0.00713533 0.0276863 0.00544616 0.999602 0.0127299 0.0 0.0 0.0 1.0
office/seq-05/color/frame-000162.color.png office/seq-05/color/frame-000165.color.png 0.999573 0.00914761 -0.027765 0.0504586 -0.0092914 0.999944 -0.00505332 0.00528824 0.0277173 0.00530913 0.999602 0.0146098 0.0 0.0 0.0 1.0
office/seq-05/color/frame-000165.color.png office/seq-05/color/frame-000168.color.png 0.999622 0.00806689 -0.0262753 0.047913 -0.00816894 0.99996 -0.00377929 0.00926861 0.0262438 0.00399251 0.999647 0.0220345 0.0 0.0 0.0 1.0
office/seq-05/color/frame-000168.color.png office/seq-05/color/frame-000171.color.png 0.999748 0.0135054 -0.0179102 0.0247991 -0.0134638 0.999906 0.00243881 -0.00309584 0.0179415 -0.00219707 0.999837 0.0301721 0.0 0.0 0.0 1.0
office/seq-05/color/frame-000171.color.png office/seq-05/color/frame-000174.color.png 0.999798 0.00379012 -0.0197221 0.0305524 -0.0039526 0.999958 -0.00820714 0.0140982 0.0196902 0.00828347 0.999772 0.0361032 0.0 0.0 0.0 1.0
office/seq-05/color/frame-000174.color.png office/seq-05/color/frame-000177.color.png 0.999805 0.00336678 -0.0194772 0.0334534 -0.00347837 0.999978 -0.00569959 0.0114042 0.0194576 0.00576626 0.999794 0.034965 0.0 0.0 0.0 1.0
office/seq-05/color/frame-000177.color.png office/seq-05/color/frame-000180.color.png 0.999918 0.00244293 -0.0125696 0.0193431 -0.00240745 0.999993 0.00283892 -0.0149867 0.0125764 -0.00280848 0.999917 0.0401046 0.0 0.0 0.0 1.0
office/seq-05/color/frame-000180.color.png office/seq-05/color/frame-000183.color.png 0.999657 0.00918242 -0.024544 0.0443068 -0.00927523 0.99995 -0.00367158 -0.00478563 0.024509 0.00389793 0.999692 0.050203 0.0 0.0 0.0 1.0
office/seq-05/color/frame-000183.color.png office/seq-05/color/frame-000186.color.png 0.999538 -0.00172934 -0.0303365 0.0567156 0.00157232 0.999985 -0.00519803 0.000182509 0.030345 0.00514797 0.999526 0.0421597 0.0 0.0 0.0 1.0
office/seq-05/color/frame-000186.color.png office/seq-05/color/frame-000189.color.png 0.99966 -0.000911393 -0.0260509 0.0328334 0.000940881 0.999999 0.00112069 -0.0126014 0.0260498 -0.00114477 0.99966 0.0427802 0.0 0.0 0.0 1.0
office/seq-05/color/frame-000189.color.png office/seq-05/color/frame-000192.color.png 0.999636 -0.00540467 -0.0264278 0.0378187 0.00549263 0.99998 0.00325651 -0.00920051 0.0264097 -0.0034005 0.999645 0.0447825 0.0 0.0 0.0 1.0
office/seq-05/color/frame-000192.color.png office/seq-05/color/frame-000195.color.png 0.999481 -0.00527245 -0.0317924 0.0506867 0.00538556 0.999979 0.00347382 -0.0128043 0.0317734 -0.00364324 0.999488 0.0440685 0.0 0.0 0.0 1.0
office/seq-05/color/frame-000195.color.png office/seq-05/color/frame-000198.color.png 0.999393 0.00147163 -0.0348113 0.0648473 -0.00174751 0.999967 -0.00789672 0.0139809 0.0347985 0.00795272 0.999363 0.0477386 0.0 0.0 0.0 1.0
office/seq-05/color/frame-000198.color.png office/seq-05/color/frame-000201.color.png 0.999548 -0.00815569 -0.028927 0.0516904 0.00765842 0.999822 -0.017259 0.0338484 0.0290626 0.0170297 0.999433 0.0361571 0.0 0.0 0.0 1.0
office/seq-05/color/frame-000201.color.png office/seq-05/color/frame-000204.color.png 0.999606 0.00735274 -0.0271017 0.0573016 -0.00778181 0.999846 -0.0157614 0.0284572 0.0269816 0.0159661 0.999509 0.0301187 0.0 0.0 0.0 1.0
office/seq-05/color/frame-000204.color.png office/seq-05/color/frame-000207.color.png 0.999564 -0.00214315 -0.0294636 0.0644792 0.00125959 0.99955 -0.0299732 0.061974 0.0295146 0.029923 0.999116 0.035413 0.0 0.0 0.0 1.0
office/seq-05/color/frame-000207.color.png office/seq-05/color/frame-000210.color.png 0.99937 -0.00773208 -0.034646 0.0815694 0.00640259 0.999245 -0.0383213 0.0543547 0.0349162 0.0380753 0.998665 0.0385692 0.0 0.0 0.0 1.0
office/seq-05/color/frame-000210.color.png office/seq-05/color/frame-000213.color.png 0.99954 -0.00574475 -0.0297852 0.0663854 0.00452744 0.999158 -0.0407781 0.0742348 0.0299944 0.0406245 0.998724 0.0325379 0.0 0.0 0.0 1.0
office/seq-05/color/frame-000213.color.png office/seq-05/color/frame-000216.color.png 0.999789 -0.00780397 -0.0190147 0.0448098 0.00738193 0.999727 -0.0221651 0.0187203 0.0191825 0.0220201 0.999573 0.0306599 0.0 0.0 0.0 1.0
office/seq-05/color/frame-000216.color.png office/seq-05/color/frame-000219.color.png 0.999848 -0.00120188 -0.0174203 0.0388507 0.00066328 0.999523 -0.0308922 0.0533356 0.0174491 0.030876 0.999371 0.0265813 0.0 0.0 0.0 1.0
office/seq-05/color/frame-000219.color.png office/seq-05/color/frame-000222.color.png 0.99959 -0.000907073 -0.028618 0.0691719 0.000195506 0.999691 -0.0248577 0.0232763 0.0286318 0.0248419 0.999281 0.0364592 0.0 0.0 0.0 1.0
office/seq-05/color/frame-000222.color.png office/seq-05/color/frame-000225.color.png 0.999492 -0.0207101 -0.0242152 0.0563396 0.0199654 0.999332 -0.0306019 0.0479136 0.0248327 0.0301029 0.999238 0.0298746 0.0 0.0 0.0 1.0
office/seq-05/color/frame-000225.color.png office/seq-05/color/frame-000228.color.png 0.999689 -0.0117472 -0.0219856 0.0475244 0.0110125 0.999387 -0.0332459 0.0573606 0.0223626 0.0329934 0.999205 0.0243101 0.0 0.0 0.0 1.0
office/seq-05/color/frame-000228.color.png office/seq-05/color/frame-000231.color.png 0.999601 -0.00823599 -0.0269999 0.0667683 0.00765117 0.999735 -0.0216917 0.0239766 0.0271715 0.0214764 0.9994 0.0199835 0.0 0.0 0.0 1.0
office/seq-05/color/frame-000231.color.png office/seq-05/color/frame-000234.color.png 0.999498 -0.00344247 -0.031491 0.0716413 0.00271636 0.99973 -0.0230712 0.0256745 0.0315619 0.022974 0.999238 0.0165684 0.0 0.0 0.0 1.0
office/seq-05/color/frame-000234.color.png office/seq-05/color/frame-000237.color.png 0.99969 -0.00433372 -0.0245273 0.0511101 0.00429728 0.99999 -0.00153904 -0.0232558 0.0245337 0.00143314 0.999698 0.00666046 0.0 0.0 0.0 1.0
office/seq-05/color/frame-000237.color.png office/seq-05/color/frame-000240.color.png 0.999359 0.00651566 -0.0352079 0.0829729 -0.00654526 0.999978 -0.000725795 -0.00912648 0.0352024 0.000955782 0.99938 0.0125685 0.0 0.0 0.0 1.0
office/seq-05/color/frame-000240.color.png office/seq-05/color/frame-000243.color.png 0.999488 0.0128183 -0.0293017 0.0714954 -0.0125928 0.99989 0.00786677 -0.0305465 0.0293992 -0.00749375 0.99954 0.00757146 0.0 0.0 0.0 1.0
office/seq-05/color/frame-000243.color.png office/seq-05/color/frame-000246.color.png 0.999846 0.0104571 -0.0141226 0.0329035 -0.010438 0.999945 0.00142858 0.00289375 0.0141369 -0.00128094 0.999899 0.00744843 0.0 0.0 0.0 1.0
office/seq-05/color/frame-000246.color.png office/seq-05/color/frame-000249.color.png 0.999932 0.0114234 0.00238162 -0.00239572 -0.0114793 0.999623 0.0249312 -0.0821139 -0.00209581 -0.0249569 0.999686 -0.00646615 0.0 0.0 0.0 1.0
office/seq-05/color/frame-000249.color.png office/seq-05/color/frame-000252.color.png 0.999605 0.0273495 0.00649022 0.00117699 -0.0274687 0.999441 0.0190487 -0.0364331 -0.00596578 -0.0192195 0.999797 -0.0148296 0.0 0.0 0.0 1.0
office/seq-05/color/frame-000252.color.png office/seq-05/color/frame-000255.color.png 0.999829 0.017949 -0.00444624 0.0192519 -0.0178805 0.999728 0.0149952 -0.0330311 0.00471421 -0.0149131 0.999878 -0.0130422 0.0 0.0 0.0 1.0
office/seq-05/color/frame-000255.color.png office/seq-05/color/frame-000258.color.png 0.999924 0.0120104 0.00277163 -0.004744 -0.0120435 0.999853 0.0122491 -0.0124406 -0.00262413 -0.0122816 0.999921 -0.0276248 0.0 0.0 0.0 1.0
office/seq-05/color/frame-000258.color.png office/seq-05/color/frame-000261.color.png 0.999933 0.0113569 0.00230719 -0.0116407 -0.0114217 0.999475 0.0303189 -0.0539278 -0.00196157 -0.0303432 0.999538 -0.0377452 0.0 0.0 0.0 1.0
office/seq-05/color/frame-000261.color.png office/seq-05/color/frame-000264.color.png 0.999833 0.0164502 -0.00792894 0.0234782 -0.0163163 0.999728 0.0166621 -0.0292938 0.00820089 -0.0165299 0.99983 -0.00337934 0.0 0.0 0.0 1.0
office/seq-05/color/frame-000264.color.png office/seq-05/color/frame-000267.color.png 0.999784 0.00897385 -0.0187678 0.0358814 -0.00841192 0.99952 0.0298126 -0.0463944 0.0190262 -0.0296483 0.999379 -0.0261807 0.0 0.0 0.0 1.0
office/seq-05/color/frame-000267.color.png office/seq-05/color/frame-000270.color.png 0.999612 0.0199556 -0.0194281 0.0480027 -0.019617 0.999655 0.0174671 -0.0311511 0.0197701 -0.0170792 0.999659 -0.00327063 0.0 0.0 0.0 1.0
office/seq-05/color/frame-000270.color.png office/seq-05/color/frame-000273.color.png 0.998114 0.0186867 -0.058472 0.152975 -0.0171261 0.999487 0.0270769 -0.0420473 0.058948 -0.0260245 0.997922 0.0217512 0.0 0.0 0.0 1.0
office/seq-05/color/frame-000273.color.png office/seq-05/color/frame-000276.color.png 0.999708 0.0152263 -0.0187645 0.0260021 -0.0149637 0.999789 0.0140538 -0.0195377 0.0189746 -0.0137689 0.999725 -0.0112925 0.0 0.0 0.0 1.0
office/seq-05/color/frame-000276.color.png office/seq-05/color/frame-000279.color.png 0.998662 0.0302779 -0.0419346 0.102451 -0.0293473 0.999313 0.0226337 -0.0344556 0.0425911 -0.0213727 0.998864 0.0193715 0.0 0.0 0.0 1.0
office/seq-05/color/frame-000279.color.png office/seq-05/color/frame-000282.color.png 0.998753 0.0190812 -0.0461418 0.123691 -0.0187855 0.9998 0.00683226 0.00252253 0.0462629 -0.00595694 0.998912 0.0171847 0.0 0.0 0.0 1.0
office/seq-05/color/frame-000282.color.png office/seq-05/color/frame-000285.color.png 0.999117 0.021109 -0.0363207 0.0986752 -0.021078 0.999777 0.00123699 -0.00358298 0.0363387 -0.000470333 0.999339 0.0205922 0.0 0.0 0.0 1.0
office/seq-05/color/frame-000285.color.png office/seq-05/color/frame-000288.color.png 0.999545 0.0170048 -0.0249318 0.0698334 -0.0170007 0.999855 0.000381398 0.00575992 0.0249349 4.26094e-05 0.999689 0.00997567 0.0 0.0 0.0 1.0
office/seq-05/color/frame-000288.color.png office/seq-05/color/frame-000291.color.png 0.998814 0.0194598 -0.0446406 0.126676 -0.0191526 0.99979 0.00729608 -0.0233588 0.0447731 -0.00643236 0.998976 0.0195386 0.0 0.0 0.0 1.0
office/seq-05/color/frame-000291.color.png office/seq-05/color/frame-000294.color.png 0.999385 0.0176473 -0.0303188 0.087889 -0.0173876 0.99981 0.0088131 -0.0202439 0.0304686 -0.00828054 0.999502 0.00468445 0.0 0.0 0.0 1.0
office/seq-05/color/frame-000294.color.png office/seq-05/color/frame-000297.color.png 0.999174 0.0134091 -0.0383493 0.105011 -0.0127034 0.999747 0.0185864 -0.0464338 0.0385887 -0.0180839 0.999091 0.011199 0.0 0.0 0.0 1.0
office/seq-05/color/frame-000297.color.png office/seq-05/color/frame-000300.color.png 0.999337 0.0037279 -0.0362059 0.097591 -0.00316741 0.999874 0.0155271 -0.0113858 0.0362593 -0.0154022 0.999224 -0.00272489 0.0 0.0 0.0 1.0
office/seq-05/color/frame-000300.color.png office/seq-05/color/frame-000303.color.png 0.999324 0.0103488 -0.0352883 0.0979568 -0.00982839 0.999841 0.0148864 -0.0185968 0.0354368 -0.0145295 0.999266 0.00358057 0.0 0.0 0.0 1.0
office/seq-05/color/frame-000303.color.png office/seq-05/color/frame-000306.color.png 0.999278 0.0167012 -0.034121 0.0848626 -0.0164524 0.999836 0.0075596 -0.016182 0.0342417 -0.00699279 0.999389 0.00858831 0.0 0.0 0.0 1.0
office/seq-05/color/frame-000306.color.png office/seq-05/color/frame-000309.color.png 0.999453 0.0142262 -0.0298614 0.0868447 -0.0138056 0.999803 0.0142418 -0.0199457 0.0300582 -0.0138218 0.999453 0.00636673 0.0 0.0 0.0 1.0
office/seq-05/color/frame-000309.color.png office/seq-05/color/frame-000312.color.png 0.999527 0.0166957 -0.0258128 0.0588066 -0.0165919 0.999853 0.00423256 -0.000696152 0.0258796 -0.00380227 0.999658 -0.000549078 0.0 0.0 0.0 1.0
office/seq-05/color/frame-000312.color.png office/seq-05/color/frame-000315.color.png 0.999573 -0.0100258 -0.0274471 0.0673523 0.0103103 0.999894 0.0102471 0.00233284 0.0273414 -0.0105257 0.999571 -0.00896883 0.0 0.0 0.0 1.0
office/seq-05/color/frame-000315.color.png office/seq-05/color/frame-000318.color.png 0.99914 0.0172476 -0.0377094 0.0981943 -0.0171657 0.99985 0.00249466 -0.0131257 0.0377469 -0.0018452 0.999286 0.00286841 0.0 0.0 0.0 1.0
office/seq-05/color/frame-000318.color.png office/seq-05/color/frame-000321.color.png 0.99945 0.0184168 -0.0275768 0.0652901 -0.0181451 0.999785 0.0100697 -0.0162586 0.0277563 -0.00956379 0.999569 -0.00131774 0.0 0.0 0.0 1.0
office/seq-05/color/frame-000321.color.png office/seq-05/color/frame-000324.color.png 0.99928 0.0201191 -0.0321596 0.0803636 -0.0199476 0.999785 0.00564389 -0.0109913 0.0322662 -0.00499835 0.999467 0.000183582 0.0 0.0 0.0 1.0
office/seq-05/color/frame-000324.color.png office/seq-05/color/frame-000327.color.png 0.998961 0.0229858 -0.0393527 0.0886023 -0.0233199 0.999695 -0.00805327 0.0330921 0.0391557 0.00896256 0.999193 0.00157499 0.0 0.0 0.0 1.0
office/seq-05/color/frame-000327.color.png office/seq-05/color/frame-000330.color.png 0.999134 0.0073436 -0.0409534 0.0908895 -0.00710954 0.999958 0.00585776 -0.0141593 0.0409947 -0.00556154 0.999144 0.0028429 0.0 0.0 0.0 1.0
office/seq-05/color/frame-000330.color.png office/seq-05/color/frame-000333.color.png 0.999745 0.00408067 -0.0222203 0.0476024 -0.00389799 0.999958 0.00825457 -0.0135656 0.022253 -0.00816584 0.999719 -0.00318527 0.0 0.0 0.0 1.0
office/seq-05/color/frame-000333.color.png office/seq-05/color/frame-000336.color.png 0.999416 0.00581707 -0.0336591 0.0731143 -0.00581712 0.999983 9.59952e-05 0.00318688 0.0336591 9.98852e-05 0.999433 0.00626922 0.0 0.0 0.0 1.0
office/seq-05/color/frame-000336.color.png office/seq-05/color/frame-000339.color.png 0.999689 0.0173176 -0.0179178 0.0423309 -0.0173029 0.99985 0.000974643 0.000175893 0.017932 -0.000664333 0.999839 -0.00523925 0.0 0.0 0.0 1.0
office/seq-05/color/frame-000339.color.png office/seq-05/color/frame-000342.color.png 0.999928 0.00540794 -0.0107602 0.0142657 -0.00531597 0.999949 0.00856099 -0.00702333 0.0108059 -0.00850315 0.999906 -0.0068779 0.0 0.0 0.0 1.0
office/seq-05/color/frame-000342.color.png office/seq-05/color/frame-000345.color.png 0.999522 0.0115606 -0.0286625 0.0667712 -0.0116821 0.999923 -0.00407945 0.0100385 0.0286131 0.00441237 0.999581 0.000329256 0.0 0.0 0.0 1.0
office/seq-05/color/frame-000345.color.png office/seq-05/color/frame-000348.color.png 0.999702 0.00928937 -0.0225832 0.0382186 -0.0093661 0.999951 -0.00329378 0.0151158 0.0225514 0.00350429 0.99974 0.00357318 0.0 0.0 0.0 1.0
office/seq-05/color/frame-000348.color.png office/seq-05/color/frame-000351.color.png 0.999814 0.00544654 -0.0185109 0.0410076 -0.00557784 0.99996 -0.00704313 0.0206254 0.0184718 0.00714508 0.999804 -0.0016911 0.0 0.0 0.0 1.0
office/seq-05/color/frame-000351.color.png office/seq-05/color/frame-000354.color.png 0.999639 0.0195627 -0.0183959 0.0444427 -0.0194855 0.999801 0.0043551 -0.0072259 0.0184775 -0.00399505 0.999821 -0.00434899 0.0 0.0 0.0 1.0
office/seq-05/color/frame-000354.color.png office/seq-05/color/frame-000357.color.png 0.999155 0.0285457 -0.0295568 0.0577625 -0.0289185 0.999507 -0.0122626 0.0254391 0.0291921 0.013107 0.999488 -0.00275469 0.0 0.0 0.0 1.0
office/seq-05/color/frame-000357.color.png office/seq-05/color/frame-000360.color.png 0.99977 0.00600333 -0.0205878 0.030656 -0.00598522 0.999982 0.000938528 0.0103473 0.020593 -0.000815121 0.999788 -0.0014472 0.0 0.0 0.0 1.0
office/seq-05/color/frame-000360.color.png office/seq-05/color/frame-000363.color.png 0.999377 0.0166171 -0.0311423 0.0566714 -0.0169454 0.999803 -0.0103044 0.0175099 0.0309649 0.0108257 0.999462 0.00183821 0.0 0.0 0.0 1.0
office/seq-05/color/frame-000363.color.png office/seq-05/color/frame-000366.color.png 0.999581 0.00976257 -0.0272396 0.0527375 -0.00927735 0.999797 0.0178878 -0.0309524 0.0274087 -0.0176276 0.999469 -0.0128281 0.0 0.0 0.0 1.0
office/seq-05/color/frame-000366.color.png office/seq-05/color/frame-000369.color.png 0.999869 0.0160964 -0.00169138 -0.0227756 -0.0160996 0.999869 -0.00195421 0.0105768 0.0016597 0.00198117 0.999997 -0.0274243 0.0 0.0 0.0 1.0
office/seq-05/color/frame-000369.color.png office/seq-05/color/frame-000372.color.png 0.999564 0.00948803 -0.027956 0.051729 -0.00948526 0.999955 0.000235168 0.0118019 0.027957 3.00823e-05 0.999609 -0.0140564 0.0 0.0 0.0 1.0
office/seq-05/color/frame-000372.color.png office/seq-05/color/frame-000375.color.png 0.999736 0.00620936 -0.0221265 0.0392813 -0.00615371 0.999978 0.00257733 -0.00142261 0.022142 -0.0024405 0.999752 -0.00380421 0.0 0.0 0.0 1.0
office/seq-05/color/frame-000375.color.png office/seq-05/color/frame-000378.color.png 0.999553 0.00846401 -0.0286856 0.049612 -0.00846358 0.999964 0.000136408 0.0101454 0.0286857 0.000106413 0.999588 -0.0103042 0.0 0.0 0.0 1.0
office/seq-05/color/frame-000378.color.png office/seq-05/color/frame-000381.color.png 0.999465 0.0131681 -0.0299467 0.0520396 -0.0137416 0.999725 -0.0190299 0.0439742 0.0296878 0.0194312 0.99937 -0.0132108 0.0 0.0 0.0 1.0
office/seq-05/color/frame-000381.color.png office/seq-05/color/frame-000384.color.png 0.99981 0.00487814 -0.0188778 0.0233763 -0.00491716 0.999986 -0.00201227 -0.000342816 0.0188678 0.00210476 0.99982 -0.0108387 0.0 0.0 0.0 1.0
office/seq-05/color/frame-000384.color.png office/seq-05/color/frame-000387.color.png 0.999412 0.00191247 -0.0342378 0.0463749 -0.00181807 0.999994 0.00278286 0.0005081 0.0342429 -0.00271898 0.99941 -0.00987077 0.0 0.0 0.0 1.0
office/seq-05/color/frame-000387.color.png office/seq-05/color/frame-000390.color.png 0.999276 -0.00075044 -0.0380396 0.0517662 0.0006247 0.999994 -0.00331351 0.0198924 0.0380419 0.00328737 0.999271 -0.00686908 0.0 0.0 0.0 1.0
office/seq-05/color/frame-000390.color.png office/seq-05/color/frame-000393.color.png 0.999577 0.00560494 -0.0285475 0.0289387 -0.00540792 0.999961 0.00697111 -0.0108482 0.0285855 -0.00681379 0.999568 -0.0216272 0.0 0.0 0.0 1.0
office/seq-05/color/frame-000393.color.png office/seq-05/color/frame-000396.color.png 0.999611 -0.00501326 -0.0274336 0.0225564 0.00505211 0.999986 0.00134592 0.0119539 0.0274264 -0.00148403 0.999623 -0.0116665 0.0 0.0 0.0 1.0
office/seq-05/color/frame-000396.color.png office/seq-05/color/frame-000399.color.png 0.99988 -0.00519735 -0.0145643 -0.0117406 0.00496701 0.999863 -0.0158068 0.0428831 0.0146445 0.0157326 0.999769 -0.0163099 0.0 0.0 0.0 1.0
office/seq-05/color/frame-000399.color.png office/seq-05/color/frame-000402.color.png 0.999796 -0.0151705 -0.0133262 -0.00514024 0.0152222 0.999877 0.00377795 0.00791606 0.0132673 -0.00397998 0.999904 -0.0207275 0.0 0.0 0.0 1.0
office/seq-05/color/frame-000402.color.png office/seq-05/color/frame-000405.color.png 0.999859 -0.000581354 -0.0168057 0.00157708 0.000800042 0.999915 0.013009 -0.0126475 0.0167967 -0.0130207 0.999774 -0.015151 0.0 0.0 0.0 1.0
office/seq-05/color/frame-000405.color.png office/seq-05/color/frame-000408.color.png 0.999983 -0.00428031 -0.00399899 -0.0298776 0.0042034 0.99981 -0.0190203 0.0511607 0.0040797 0.0190033 0.999811 -0.0246521 0.0 0.0 0.0 1.0
office/seq-05/color/frame-000408.color.png office/seq-05/color/frame-000411.color.png 0.999972 0.00615837 -0.0042329 -0.0170365 -0.00614473 0.999976 0.00324511 -0.00409862 0.00425278 -0.0032191 0.999986 -0.0289165 0.0 0.0 0.0 1.0
office/seq-05/color/frame-000411.color.png office/seq-05/color/frame-000414.color.png 0.999826 0.0162221 -0.00920622 -0.011055 -0.0162554 0.999861 -0.00356916 0.0133177 0.00914696 0.00371818 0.999951 -0.0215458 0.0 0.0 0.0 1.0
office/seq-05/color/frame-000414.color.png office/seq-05/color/frame-000417.color.png 0.999967 0.00509143 -0.00633716 -0.0116596 -0.00511836 0.999978 -0.00422259 0.0156174 0.00631557 0.00425488 0.999971 -0.0249332 0.0 0.0 0.0 1.0
office/seq-05/color/frame-000417.color.png office/seq-05/color/frame-000420.color.png 0.999662 0.00611065 -0.0252707 0.0135524 -0.00589411 0.999945 0.00863563 0.00678668 0.0253221 -0.00848374 0.999643 -0.00880194 0.0 0.0 0.0 1.0
office/seq-05/color/frame-000420.color.png office/seq-05/color/frame-000423.color.png 0.999725 0.00577316 -0.0227368 0.0042482 -0.00569222 0.999977 0.00362014 0.0113336 0.0227571 -0.00348976 0.999735 -0.0195286 0.0 0.0 0.0 1.0
office/seq-05/color/frame-000423.color.png office/seq-05/color/frame-000426.color.png 0.999997 -0.00214102 -0.000973919 -0.0112464 0.00214624 0.999984 0.00528754 -0.0055602 0.000962773 -0.00528956 0.999985 -0.0472561 0.0 0.0 0.0 1.0
office/seq-05/color/frame-000426.color.png office/seq-05/color/frame-000429.color.png 0.999998 0.00113128 -0.00136161 -0.0180151 -0.0011259 0.999992 0.00393754 0.0112673 0.00136594 -0.00393598 0.999991 -0.0401392 0.0 0.0 0.0 1.0
office/seq-05/color/frame-000429.color.png office/seq-05/color/frame-000432.color.png 0.99986 -0.00846029 0.0144502 -0.0385868 0.00849059 0.999962 -0.00203853 0.0225018 -0.0144323 0.00216091 0.999893 -0.0511276 0.0 0.0 0.0 1.0
office/seq-05/color/frame-000432.color.png office/seq-05/color/frame-000435.color.png 0.999872 0.000319421 0.0159782 -0.0483495 -0.0005134 0.999926 0.012139 -0.00536674 -0.0159732 -0.0121458 0.999799 -0.0531256 0.0 0.0 0.0 1.0
office/seq-05/color/frame-000435.color.png office/seq-05/color/frame-000438.color.png 0.999922 -0.00450047 0.0116423 -0.0388274 0.00446613 0.999986 0.00296854 0.00990867 -0.0116554 -0.00291624 0.999928 -0.049852 0.0 0.0 0.0 1.0
office/seq-05/color/frame-000438.color.png office/seq-05/color/frame-000441.color.png 0.999807 -0.0142579 0.0135456 -0.0355849 0.0143408 0.999879 -0.0060412 0.0284964 -0.0134579 0.00623423 0.99989 -0.0568632 0.0 0.0 0.0 1.0
office/seq-05/color/frame-000441.color.png office/seq-05/color/frame-000444.color.png 0.999938 -0.0054211 0.00975679 -0.0371079 0.00540236 0.999984 0.00195355 0.00952075 -0.00976724 -0.00190066 0.999951 -0.0616502 0.0 0.0 0.0 1.0
office/seq-05/color/frame-000444.color.png office/seq-05/color/frame-000447.color.png 0.999986 -0.00140417 0.00517741 -0.0302341 0.00141322 0.999997 -0.00174651 0.0159334 -0.00517489 0.0017538 0.999985 -0.0457178 0.0 0.0 0.0 1.0
office/seq-05/color/frame-000447.color.png office/seq-05/color/frame-000450.color.png 0.999731 -0.0228447 0.00394686 -0.0318668 0.0228637 0.999727 -0.00484865 0.0452905 -0.00383508 0.0049376 0.999981 -0.0414876 0.0 0.0 0.0 1.0
office/seq-05/color/frame-000450.color.png office/seq-05/color/frame-000453.color.png 0.999643 -0.00780995 0.0255424 -0.062722 0.00722871 0.999715 0.0227708 -0.0176033 -0.0257129 -0.022578 0.999414 -0.0665352 0.0 0.0 0.0 1.0
office/seq-05/color/frame-000453.color.png office/seq-05/color/frame-000456.color.png 0.999699 -0.0221583 0.0105661 -0.041678 0.0221607 0.999754 -0.000119267 0.0355602 -0.0105608 0.00035335 0.999944 -0.040061 0.0 0.0 0.0 1.0
office/seq-05/color/frame-000456.color.png office/seq-05/color/frame-000459.color.png 0.999901 -0.00100984 0.0140585 -0.0414739 0.000916117 0.999977 0.00667384 0.00100553 -0.014065 -0.00666029 0.999879 -0.0659019 0.0 0.0 0.0 1.0
office/seq-05/color/frame-000459.color.png office/seq-05/color/frame-000462.color.png 0.999879 -0.0118788 0.0100663 -0.0487428 0.0117425 0.99984 0.0134993 0.00903844 -0.010225 -0.0133795 0.999858 -0.0374786 0.0 0.0 0.0 1.0
office/seq-05/color/frame-000462.color.png office/seq-05/color/frame-000465.color.png 0.999902 -0.000317293 0.0139641 -0.0503107 4.07238e-05 0.999804 0.0197998 -0.0106324 -0.0139677 -0.0197973 0.999707 -0.0474846 0.0 0.0 0.0 1.0
office/seq-05/color/frame-000465.color.png office/seq-05/color/frame-000468.color.png 0.999915 -0.00347859 0.012561 -0.0491264 0.00332966 0.999924 0.0118514 -0.00141223 -0.0126012 -0.0118085 0.999851 -0.0486346 0.0 0.0 0.0 1.0
office/seq-05/color/frame-000468.color.png office/seq-05/color/frame-000471.color.png 0.999936 -0.0112336 -0.0015384 -0.0331514 0.0112525 0.999853 0.0129155 0.0110776 0.00139311 -0.0129319 0.999915 -0.0224116 0.0 0.0 0.0 1.0
office/seq-05/color/frame-000471.color.png office/seq-05/color/frame-000474.color.png 0.999926 -0.0121602 0.000292125 -0.0304655 0.0121602 0.999926 0.000243974 0.02063 -0.000295115 -0.000240471 1.0 -0.0300173 0.0 0.0 0.0 1.0
office/seq-05/color/frame-000474.color.png office/seq-05/color/frame-000477.color.png 0.999689 -0.0244715 0.00485646 -0.0273014 0.02439 0.999572 0.0161735 0.0156994 -0.00525017 -0.0160501 0.999857 -0.0346719 0.0 0.0 0.0 1.0
office/seq-05/color/frame-000477.color.png office/seq-05/color/frame-000480.color.png 0.999874 -0.0148528 0.00558579 -0.0266346 0.01486 0.999889 -0.00124002 0.0263897 -0.00556679 0.00132295 0.999984 -0.0334222 0.0 0.0 0.0 1.0
office/seq-05/color/frame-000480.color.png office/seq-05/color/frame-000483.color.png 0.999981 -0.00469053 0.00409861 -0.0285902 0.00464863 0.999937 0.0101763 -0.00123642 -0.00414602 -0.010157 0.99994 -0.0359603 0.0 0.0 0.0 1.0
office/seq-05/color/frame-000483.color.png office/seq-05/color/frame-000486.color.png 0.999868 -0.0119273 0.0110489 -0.0185723 0.0118964 0.999925 0.00285508 0.0235487 -0.0110823 -0.0027233 0.999935 -0.0335298 0.0 0.0 0.0 1.0
office/seq-05/color/frame-000486.color.png office/seq-05/color/frame-000489.color.png 0.999794 -0.0176054 0.0100824 -0.0236292 0.0174894 0.999781 0.0114907 0.0133002 -0.0102824 -0.011312 0.999883 -0.0414984 0.0 0.0 0.0 1.0
office/seq-05/color/frame-000489.color.png office/seq-05/color/frame-000492.color.png 0.999595 -0.0187485 0.0214346 -0.034332 0.0186432 0.999813 0.00509645 0.0184337 -0.0215262 -0.00469481 0.999757 -0.057604 0.0 0.0 0.0 1.0
office/seq-05/color/frame-000492.color.png office/seq-05/color/frame-000495.color.png 0.999436 -0.00760725 0.0327113 -0.0417649 0.00752816 0.999968 0.00253897 0.0058845 -0.0327295 -0.00229121 0.999462 -0.0769995 0.0 0.0 0.0 1.0
office/seq-05/color/frame-000495.color.png office/seq-05/color/frame-000498.color.png 0.999345 -0.0179778 0.0314111 -0.0365279 0.0175236 0.999739 0.014678 0.00217965 -0.0316668 -0.014118 0.999399 -0.0716879 0.0 0.0 0.0 1.0
office/seq-05/color/frame-000498.color.png office/seq-05/color/frame-000501.color.png 0.999618 -0.0162668 0.0223503 -0.0180832 0.0160884 0.999837 0.00814118 0.0154341 -0.0224791 -0.00777847 0.999717 -0.0541352 0.0 0.0 0.0 1.0
office/seq-05/color/frame-000501.color.png office/seq-05/color/frame-000504.color.png 0.999758 -0.0140262 0.0169363 -0.014055 0.013733 0.999756 0.0173012 0.00828501 -0.0171748 -0.0170645 0.999707 -0.0463347 0.0 0.0 0.0 1.0
office/seq-05/color/frame-000504.color.png office/seq-05/color/frame-000507.color.png 0.999684 -0.0204247 0.0146887 -0.0199242 0.0204458 0.99979 -0.00128618 0.0278918 -0.0146593 0.0015861 0.999891 -0.0380783 0.0 0.0 0.0 1.0
office/seq-05/color/frame-000507.color.png office/seq-05/color/frame-000510.color.png 0.999865 -0.014306 0.00814862 -0.00852609 0.014292 0.999896 0.00176503 0.0297629 -0.00817301 -0.0016483 0.999965 -0.0295902 0.0 0.0 0.0 1.0
office/seq-05/color/frame-000510.color.png office/seq-05/color/frame-000513.color.png 0.999921 -0.000825134 0.0125519 -0.0265305 0.000780581 0.999993 0.00355634 -0.00229111 -0.0125547 -0.00354624 0.999915 -0.0388212 0.0 0.0 0.0 1.0
office/seq-05/color/frame-000513.color.png office/seq-05/color/frame-000516.color.png 0.999968 -0.00368605 0.00708644 -0.0206412 0.00370656 0.999989 -0.00288516 0.00317718 -0.00707574 0.00291134 0.999971 -0.0225724 0.0 0.0 0.0 1.0
office/seq-05/color/frame-000516.color.png office/seq-05/color/frame-000519.color.png 0.998804 -0.0027454 0.0488212 -0.0511909 0.0036114 0.999837 -0.0176595 0.00768771 -0.0487648 0.0178146 0.998651 -0.141934 0.0 0.0 0.0 1.0
office/seq-05/color/frame-000519.color.png office/seq-05/color/frame-000522.color.png 0.999995 0.000824775 0.00308004 -0.022714 -0.00082531 1.0 0.000204632 0.00231721 -0.00307987 -0.000207152 0.999995 -0.0191113 0.0 0.0 0.0 1.0
office/seq-05/color/frame-000522.color.png office/seq-05/color/frame-000525.color.png 0.999825 -0.00753485 0.0171143 -0.0425196 0.00755041 0.999971 -0.000846016 0.0137009 -0.0171074 0.000975081 0.999853 -0.0495775 0.0 0.0 0.0 1.0
office/seq-05/color/frame-000525.color.png office/seq-05/color/frame-000528.color.png 0.999955 -0.00566156 0.00763242 -0.0249095 0.00553814 0.999855 0.0160881 0.0057306 -0.00772241 -0.0160451 0.999842 -0.0270118 0.0 0.0 0.0 1.0
