office/seq-05/color/frame-000002.color.png office/seq-05/color/frame-000005.color.png 0.99987 -0.00381551 0.0156526 0.0046374 0.00360519 0.999903 0.0134428 0.00367182 -0.0157024 -0.0133847 0.999787 0.0128596 0.0 0.0 0.0 1.0
office/seq-05/color/frame-000005.color.png office/seq-05/color/frame-000008.color.png 0.999818 0.00163404 0.0189879 0.000847623 -0.00207617 0.999727 0.0232887 -0.00189114 -0.0189446 -0.0233239 0.999548 0.0269512 0.0 0.0 0.0 1.0
office/seq-05/color/frame-000008.color.png office/seq-05/color/frame-000011.color.png 0.999616 -0.00503512 0.0272437 8.85953e-05 0.00474841 0.999933 0.0105785 0.00113359 -0.0272952 -0.010445 0.999573 0.0300506 0.0 0.0 0.0 1.0
office/seq-05/color/frame-000011.color.png office/seq-05/color/frame-000014.color.png 0.998815 -0.00958316 0.0477182 -0.0141089 0.00891432 0.999859 0.0142097 -0.00367018 -0.0478477 -0.0137675 0.99876 0.0487459 0.0 0.0 0.0 1.0
office/seq-05/color/frame-000014.color.png office/seq-05/color/frame-000017.color.png 0.999249 -0.0212 0.032448 -0.00924963 0.0205819 0.999603 0.019266 -0.0191263 -0.0328435 -0.0185836 0.999288 0.0479465 0.0 0.0 0.0 1.0
office/seq-05/color/frame-000017.color.png office/seq-05/color/frame-000020.color.png 0.999802 -0.0017995 0.0198164 -0.00653381 0.00164164 0.999967 0.00797907 8.41198e-05 -0.0198301 -0.00794494 0.999772 0.0318578 0.0 0.0 0.0 1.0
office/seq-05/color/frame-000020.color.png office/seq-05/color/frame-000023.color.png 0.999523 0.0124633 0.0282486 0.000284378 -0.0133317 0.999438 0.0307632 -0.0307267 -0.0278492 -0.0311252 0.999127 0.0709526 0.0 0.0 0.0 1.0
office/seq-05/color/frame-000023.color.png office/seq-05/color/frame-000026.color.png 0.999899 0.0112882 0.00863489 -0.00076525 -0.0112389 0.99992 -0.00573518 -0.00923603 -0.00869892 0.0056376 0.999946 0.0396105 0.0 0.0 0.0 1.0
office/seq-05/color/frame-000026.color.png office/seq-05/color/frame-000029.color.png 0.999956 0.00804583 0.00485833 0.0159467 -0.00806416 0.99996 0.00376503 -0.0167375 -0.00482784 -0.00380404 0.999981 0.0596502 0.0 0.0 0.0 1.0
office/seq-05/color/frame-000029.color.png office/seq-05/color/frame-000032.color.png 0.999784 -0.00972532 0.0183944 0.0202946 0.0097836 0.999947 -0.0030811 -0.00648119 -0.0183634 0.00326038 0.999826 0.0607734 0.0 0.0 0.0 1.0
office/seq-05/color/frame-000032.color.png office/seq-05/color/frame-000035.color.png 0.999674 -0.0173852 0.0187018 0.016204 0.0175127 0.999824 -0.00667425 -0.000729509 -0.0185825 0.0069996 0.999803 0.0464679 0.0 0.0 0.0 1.0
office/seq-05/color/frame-000035.color.png office/seq-05/color/frame-000038.color.png 0.999787 -0.0203215 0.00360081 0.0286341 0.0203206 0.999793 0.000284021 -0.035719 -0.00360588 -0.000210778 0.999994 0.0565046 0.0 0.0 0.0 1.0
office/seq-05/color/frame-000038.color.png office/seq-05/color/frame-000041.color.png 0.999993 -0.000499665 0.00382411 0.0203787 0.000472235 0.999974 0.00717069 -0.000925049 -0.0038276 -0.00716886 0.999967 0.0550412 0.0 0.0 0.0 1.0
office/seq-05/color/frame-000041.color.png office/seq-05/color/frame-000044.color.png 0.999902 -0.0109261 0.00874413 0.0280152 0.0109365 0.999939 -0.00114479 -0.00507591 -0.00873106 0.00124032 0.999961 0.058534 0.0 0.0 0.0 1.0
office/seq-05/color/frame-000044.color.png office/seq-05/color/frame-000047.color.png 0.999813 0.0188864 0.0040982 0.0200544 -0.0188662 0.99981 -0.00492447 0.000357024 -0.00419045 0.00484623 0.999979 0.0401059 0.0 0.0 0.0 1.0
office/seq-05/color/frame-000047.color.png office/seq-05/color/frame-000050.color.png 0.999557 -0.00619802 0.0291079 0.000136226 0.00619528 0.999981 0.000184376 0.00148134 -0.0291085 -3.97952e-06 0.999576 0.0681338 0.0 0.0 0.0 1.0
office/seq-05/color/frame-000050.color.png office/seq-05/color/frame-000053.color.png 0.999767 -0.00282197 0.0214021 0.0090324 0.00260472 0.999945 0.0101718 -0.0245241 -0.0214296 -0.0101137 0.999719 0.0559613 0.0 0.0 0.0 1.0
office/seq-05/color/frame-000053.color.png office/seq-05/color/frame-000056.color.png 0.999245 -0.0148156 0.0359102 -0.00901639 0.0146379 0.999879 0.00520747 -0.0117547 -0.035983 -0.0046779 0.999341 0.0775834 0.0 0.0 0.0 1.0
office/seq-05/color/frame-000056.color.png office/seq-05/color/frame-000059.color.png 0.999621 0.00450833 0.027169 -0.0111471 -0.00502214 0.999809 0.0188733 -0.0278674 -0.0270787 -0.0190026 0.999453 0.0671377 0.0 0.0 0.0 1.0
office/seq-05/color/frame-000059.color.png office/seq-05/color/frame-000062.color.png 0.999821 -0.00555166 0.0180768 -0.00992271 0.00534758 0.999922 0.0113192 -0.0365666 -0.0181382 -0.0112205 0.999772 0.0575293 0.0 0.0 0.0 1.0
office/seq-05/color/frame-000062.color.png office/seq-05/color/frame-000065.color.png 0.999894 0.00268561 0.0142748 -0.000258356 -0.0027522 0.999985 0.00464657 -0.00214292 -0.0142622 -0.00468539 0.999887 0.0524425 0.0 0.0 0.0 1.0
office/seq-05/color/frame-000065.color.png office/seq-05/color/frame-000068.color.png 0.999947 -0.00307829 0.00982931 -0.00138921 0.00274074 0.999412 0.0341724 -0.0649136 -0.00992869 -0.0341436 0.999368 0.0462427 0.0 0.0 0.0 1.0
office/seq-05/color/frame-000068.color.png office/seq-05/color/frame-000071.color.png 0.999955 0.0092658 0.00184912 0.0130457 -0.00929551 0.999816 0.0167647 -0.0247537 -0.00169346 -0.0167811 0.999858 0.0462632 0.0 0.0 0.0 1.0
office/seq-05/color/frame-000071.color.png office/seq-05/color/frame-000074.color.png 0.999947 0.00994192 -0.00282633 0.012445 -0.00989515 0.999821 0.0160982 -0.0259034 0.00298598 -0.0160693 0.999867 0.0374564 0.0 0.0 0.0 1.0
office/seq-05/color/frame-000074.color.png office/seq-05/color/frame-000077.color.png 0.99998 0.0012969 -0.00616912 0.0180161 -0.00118036 0.999822 0.0188554 -0.0344035 0.00619247 -0.0188478 0.999803 0.040802 0.0 0.0 0.0 1.0
office/seq-05/color/frame-000077.color.png office/seq-05/color/frame-000080.color.png 0.999776 -0.0192955 -0.00863285 0.0283417 0.0194807 0.99957 0.0219101 -0.0426371 0.00820633 -0.0220734 0.999723 0.0330404 0.0 0.0 0.0 1.0
office/seq-05/color/frame-000080.color.png office/seq-05/color/frame-000083.color.png 0.999929 -0.010464 -0.00572878 0.0194584 0.0105578 0.999807 0.0165942 -0.048653 0.00555405 -0.0166535 0.999846 0.0421449 0.0 0.0 0.0 1.0
office/seq-05/color/frame-000083.color.png office/seq-05/color/frame-000086.color.png 0.99996 -0.00891195 0.000492809 0.0104714 0.00890705 0.999919 0.00912786 -0.0299089 -0.000574183 -0.00912319 0.999958 0.0369654 0.0 0.0 0.0 1.0
office/seq-05/color/frame-000086.color.png office/seq-05/color/frame-000089.color.png 0.99999 -0.00183779 0.00412927 0.00150931 0.00181493 0.999983 0.00553639 -0.0227091 -0.00413935 -0.0055288 0.999976 0.0358807 0.0 0.0 0.0 1.0
office/seq-05/color/frame-000089.color.png office/seq-05/color/frame-000092.color.png 0.999979 0.00656438 0.000363025 0.00123501 -0.0065675 0.999933 0.00947349 -0.0251462 -0.000300813 -0.00947563 0.999955 0.031077 0.0 0.0 0.0 1.0
office/seq-05/color/frame-000092.color.png office/seq-05/color/frame-000095.color.png 0.99989 0.014802 -0.00112918 0.00194395 -0.0147983 0.999885 0.00326765 -0.0108102 0.00117739 -0.00325061 0.999994 0.030436 0.0 0.0 0.0 1.0
office/seq-05/color/frame-000095.color.png office/seq-05/color/frame-000098.color.png 0.999957 0.00901967 0.00230282 -0.0124407 -0.00900446 0.999938 -0.00653379 0.00430933 -0.00236156 0.00651274 0.999976 0.0297445 0.0 0.0 0.0 1.0
office/seq-05/color/frame-000098.color.png office/seq-05/color/frame-000101.color.png 0.999908 0.0101173 0.00908197 -0.0292408 -0.0100439 0.999917 -0.00808555 0.0120451 -0.00916307 0.00799354 0.999926 0.0345337 0.0 0.0 0.0 1.0
office/seq-05/color/frame-000101.color.png office/seq-05/color/frame-000104.color.png 0.999962 0.00841495 0.00241606 -0.0162689 -0.00838341 0.999883 -0.0127853 0.0162383 -0.0025234 0.0127646 0.999915 0.0240883 0.0 0.0 0.0 1.0
office/seq-05/color/frame-000104.color.png office/seq-05/color/frame-000107.color.png 0.999756 -0.00138869 0.0220585 -0.0639271 0.00158833 0.999958 -0.00903554 0.0128497 -0.022045 0.00906827 0.999716 0.0368758 0.0 0.0 0.0 1.0
office/seq-05/color/frame-000107.color.png office/seq-05/color/frame-000110.color.png 0.999973 -0.00121447 0.00727325 -0.0285223 0.00135846 0.999803 -0.0198252 0.0435129 -0.00724774 0.0198345 0.999777 0.0207012 0.0 0.0 0.0 1.0
office/seq-05/color/frame-000110.color.png office/seq-05/color/frame-000113.color.png 0.999724 -0.0115271 0.0204748 -0.0710463 0.0113882 0.999911 0.00688666 -0.0222416 -0.0205525 -0.00665148 0.999767 0.0307761 0.0 0.0 0.0 1.0
office/seq-05/color/frame-000113.color.png office/seq-05/color/frame-000116.color.png 0.999928 -0.011284 0.00402422 -0.0311504 0.0112659 0.999927 0.00448353 -0.00793555 -0.00407447 -0.00443791 0.999982 0.00961864 0.0 0.0 0.0 1.0
office/seq-05/color/frame-000116.color.png office/seq-05/color/frame-000119.color.png 0.999908 -0.0115009 0.00721267 -0.0534561 0.0114506 0.99991 0.00697062 -0.0110278 -0.00729226 -0.00688742 0.99995 0.0214077 0.0 0.0 0.0 1.0
office/seq-05/color/frame-000119.color.png office/seq-05/color/frame-000122.color.png 0.999999 -0.00025959 -0.00106439 -0.0187312 0.000268656 0.999964 0.00849068 -0.0188848 0.00106219 -0.00849088 0.999963 0.00652659 0.0 0.0 0.0 1.0
office/seq-05/color/frame-000122.color.png office/seq-05/color/frame-000125.color.png 0.999999 -0.000530683 -0.00109798 -0.0351237 0.000542292 0.999944 0.0105894 -0.0238353 0.00109228 -0.01059 0.999943 0.00968766 0.0 0.0 0.0 1.0
office/seq-05/color/frame-000125.color.png office/seq-05/color/frame-000128.color.png 0.999925 0.00844088 -0.00885936 -0.0224453 -0.00835202 0.999915 0.0100214 -0.018611 0.00894324 -0.00994668 0.999911 0.0180818 0.0 0.0 0.0 1.0
office/seq-05/color/frame-000128.color.png office/seq-05/color/frame-000131.color.png 0.999808 0.00589446 -0.0187004 0.0139972 -0.00573352 0.999946 0.00864893 -0.0215359 0.0187504 -0.00854001 0.999788 0.00229096 0.0 0.0 0.0 1.0
office/seq-05/color/frame-000131.color.png office/seq-05/color/frame-000134.color.png 0.999437 0.0169942 -0.0289201 0.029646 -0.0167802 0.99983 0.00762704 -0.014166 0.0290448 -0.00713752 0.999553 -0.00258136 0.0 0.0 0.0 1.0
office/seq-05/color/frame-000134.color.png office/seq-05/color/frame-000137.color.png 0.999547 0.00395798 -0.0298364 0.0352217 -0.00394575 0.999992 0.00046881 0.00323364 0.0298379 -0.000350873 0.999555 -0.0102649 0.0 0.0 0.0 1.0
office/seq-05/color/frame-000137.color.png office/seq-05/color/frame-000140.color.png 0.999643 0.0120282 -0.0238551 0.0159937 -0.0120139 0.999928 0.000741058 -0.00153166 0.0238623 -0.000454203 0.999715 -0.00367892 0.0 0.0 0.0 1.0
office/seq-05/color/frame-000140.color.png office/seq-05/color/frame-000143.color.png 0.999225 0.00707679 -0.0387084 0.0542871 -0.00731046 0.999956 -0.00589918 0.00722128 0.038665 0.00617759 0.999233 -0.00484765 0.0 0.0 0.0 1.0
office/seq-05/color/frame-000143.color.png office/seq-05/color/frame-000146.color.png 0.999787 0.0122102 -0.0166131 0.00860937 -0.0124266 0.999838 -0.0129883 0.0438049 0.0164519 0.013192 0.999778 -0.0107969 0.0 0.0 0.0 1.0
office/seq-05/color/frame-000146.color.png office/seq-05/color/frame-000149.color.png 0.999177 0.00182593 -0.0405205 0.0506684 -0.00141471 0.999947 0.0101746 -0.0211301 0.040537 -0.0101089 0.999127 -0.00701332 0.0 0.0 0.0 1.0
office/seq-05/color/frame-000149.color.png office/seq-05/color/frame-000152.color.png 0.998987 0.000384112 -0.0450044 0.0600436 -0.000291057 0.999998 0.0020742 0.00452158 0.0450052 -0.00205901 0.998985 -0.00140488 0.0 0.0 0.0 1.0
office/seq-05/color/frame-000152.color.png office/seq-05/color/frame-000155.color.png 0.999219 0.00462696 -0.0392364 0.0477387 -0.00415284 0.999918 0.0121568 -0.0130862 0.0392893 -0.0119844 0.999156 0.00657487 0.0 0.0 0.0 1.0
office/seq-05/color/frame-000155.color.png office/seq-05/color/frame-000158.color.png 0.999454 0.00461229 -0.0327 0.0454213 -0.00455563 0.999988 0.0018074 -0.00440168 0.032708 -0.00165741 0.999464 0.00954282 0.0 0.0 0.0 1.0
office/seq-05/color/frame-000158.color.png office/seq-05/color/frame-000161.color.png 0.999637 0.00731392 -0.0259425 0.0368069 -0.00757696 0.999921 -0.0100569 0.0167566 0.0258669 0.0102498 0.999613 0.0181514 0.0 0.0 0.0 1.0
office/seq-05/color/frame-000161.color.png office/seq-05/color/frame-000164.color.png 0.999671 0.00610309 -0.0249337 0.0404322 -0.00601841 0.999976 0.00347033 -0.0203603 0.0249543 -0.00331908 0.999683 0.0260835 0.0 0.0 0.0 1.0
office/seq-05/color/frame-000164.color.png office/seq-05/color/frame-000167.color.png 0.999758 0.00812896 -0.0204274 0.0282308 -0.00814005 0.999967 -0.000460393 -0.00129589 0.020423 0.00062645 0.999791 0.0186036 0.0 0.0 0.0 1.0
office/seq-05/color/frame-000167.color.png office/seq-05/color/frame-000170.color.png 0.999713 0.011802 -0.0208623 0.0360895 -0.0118007 0.99993 0.000185344 8.07643e-05 0.020863 6.09642e-05 0.999782 0.0246907 0.0 0.0 0.0 1.0
office/seq-05/color/frame-000170.color.png office/seq-05/color/frame-000173.color.png 0.999731 0.0052849 -0.0225779 0.0376182 -0.00539904 0.999973 -0.00499909 0.0102938 0.0225508 0.00511965 0.999732 0.0348154 0.0 0.0 0.0 1.0
office/seq-05/color/frame-000173.color.png office/seq-05/color/frame-000176.color.png 0.999745 0.00104814 -0.0225378 0.0380211 -0.00114563 0.99999 -0.00431196 0.00737232 0.022533 0.00433671 0.999737 0.0347365 0.0 0.0 0.0 1.0
office/seq-05/color/frame-000176.color.png office/seq-05/color/frame-000179.color.png 0.999803 0.00471 -0.0192661 0.0423998 -0.00484409 0.999964 -0.00691955 0.00898063 0.0192328 0.00701145 0.99979 0.0372447 0.0 0.0 0.0 1.0
office/seq-05/color/frame-000179.color.png office/seq-05/color/frame-000182.color.png 0.99981 0.00331146 -0.0192226 0.0305231 -0.00328113 0.999993 0.0016102 -0.0185414 0.0192278 -0.00154678 0.999814 0.0458922 0.0 0.0 0.0 1.0
office/seq-05/color/frame-000182.color.png office/seq-05/color/frame-000185.color.png 0.99981 0.00782829 -0.0178728 0.0204609 -0.00787825 0.999965 -0.00272667 -0.00733167 0.0178508 0.00286697 0.999837 0.0428784 0.0 0.0 0.0 1.0
office/seq-05/color/frame-000185.color.png office/seq-05/color/frame-000188.color.png 0.99964 -0.000945711 -0.0268192 0.0361808 0.000941878 1.0 -0.000154655 -0.0112202 0.0268193 0.000129388 0.99964 0.0470515 0.0 0.0 0.0 1.0
office/seq-05/color/frame-000188.color.png office/seq-05/color/frame-000191.color.png 0.999551 -0.0033755 -0.0297668 0.0464531 0.00345414 0.999991 0.00259017 -0.00707504 0.0297577 -0.00269186 0.999554 0.0452781 0.0 0.0 0.0 1.0
office/seq-05/color/frame-000191.color.png office/seq-05/color/frame-000194.color.png 0.999658 -0.00507563 -0.025649 0.0331259 0.00514961 0.999983 0.00281944 -0.0140251 0.0256343 -0.00295054 0.999667 0.0397613 0.0 0.0 0.0 1.0
office/seq-05/color/frame-000194.color.png office/seq-05/color/frame-000197.color.png 0.999219 0.00225184 -0.0394611 0.074558 -0.00248842 0.999979 -0.00594772 0.0170247 0.0394469 0.00604121 0.999203 0.0472738 0.0 0.0 0.0 1.0
office/seq-05/color/frame-000197.color.png office/seq-05/color/frame-000200.color.png 0.999536 -0.00983275 -0.028827 0.0487333 0.00938789 0.999835 -0.0155265 0.0286331 0.0289749 0.0152487 0.999464 0.0421212 0.0 0.0 0.0 1.0
office/seq-05/color/frame-000200.color.png office/seq-05/color/frame-000203.color.png 0.999332 -0.00311902 -0.0364039 0.085049 0.00246296 0.999834 -0.0180529 0.0394868 0.0364542 0.0179511 0.999174 0.0381324 0.0 0.0 0.0 1.0
office/seq-05/color/frame-000203.color.png office/seq-05/color/frame-000206.color.png 0.999631 0.00612524 -0.0264668 0.0543034 -0.00661548 0.999807 -0.0184749 0.0235791 0.0263486 0.0186432 0.999479 0.0367501 0.0 0.0 0.0 1.0
office/seq-05/color/frame-000206.color.png office/seq-05/color/frame-000209.color.png 0.999478 -0.000940746 -0.0322846 0.0758899 -0.000603606 0.998857 -0.0477911 0.100306 0.0322926 0.0477857 0.998336 0.0372577 0.0 0.0 0.0 1.0
office/seq-05/color/frame-000209.color.png office/seq-05/color/frame-000212.color.png 0.999489 -0.00402246 -0.0317122 0.0665709 0.00305324 0.999529 -0.0305538 0.0369038 0.0318201 0.0304413 0.99903 0.0333762 0.0 0.0 0.0 1.0
office/seq-05/color/frame-000212.color.png office/seq-05/color/frame-000215.color.png 0.999824 -0.00297915 -0.0185108 0.0430007 0.00236729 0.999453 -0.0329856 0.0536027 0.018599 0.032936 0.999284 0.0295572 0.0 0.0 0.0 1.0
office/seq-05/color/frame-000215.color.png office/seq-05/color/frame-000218.color.png 0.999822 -0.010574 -0.0156073 0.0234428 0.0102974 0.99979 -0.0176944 0.00428078 0.0157911 0.0175305 0.999722 0.0277965 0.0 0.0 0.0 1.0
office/seq-05/color/frame-000218.color.png office/seq-05/color/frame-000221.color.png 0.999649 0.00231967 -0.026389 0.0654764 -0.0031707 0.999475 -0.0322534 0.0511514 0.0263003 0.0323257 0.999131 0.0383441 0.0 0.0 0.0 1.0
office/seq-05/color/frame-000221.color.png office/seq-05/color/frame-000224.color.png 0.999636 -0.00828345 -0.0256948 0.0593525 0.00741224 0.999401 -0.0338188 0.0578629 0.0259595 0.0336161 0.999098 0.0296848 0.0 0.0 0.0 1.0
office/seq-05/color/frame-000224.color.png office/seq-05/color/frame-000227.color.png 0.999551 -0.0149149 -0.0259714 0.0584077 0.0139333 0.999196 -0.0375767 0.074861 0.026511 0.037198 0.998956 0.02758 0.0 0.0 0.0 1.0
office/seq-05/color/frame-000227.color.png office/seq-05/color/frame-000230.color.png 0.999868 -0.000726672 -0.0162181 0.0405225 0.000372474 0.999762 -0.0218303 0.0162421 0.0162302 0.0218214 0.99963 0.00685692 0.0 0.0 0.0 1.0
office/seq-05/color/frame-000230.color.png office/seq-05/color/frame-000233.color.png 0.999337 -0.0121908 -0.0343095 0.0742238 0.0114835 0.999719 -0.0207363 0.0239257 0.0345526 0.0203285 0.999196 0.0229826 0.0 0.0 0.0 1.0
office/seq-05/color/frame-000233.color.png office/seq-05/color/frame-000236.color.png 0.999864 -0.00113894 -0.0164235 0.0279456 0.000913156 0.999905 -0.013748 0.00562996 0.0164377 0.0137311 0.99977 -0.0048275 0.0 0.0 0.0 1.0
office/seq-05/color/frame-000236.color.png office/seq-05/color/frame-000239.color.png 0.99937 -0.000548558 -0.0354983 0.0789939 0.000686301 0.999992 0.00386743 -0.0262348 0.0354957 -0.00388936 0.999362 0.00293159 0.0 0.0 0.0 1.0
office/seq-05/color/frame-000239.color.png office/seq-05/color/frame-000242.color.png 0.999505 0.00860383 -0.0302589 0.0705679 -0.00829994 0.999914 0.010155 -0.0404567 0.0303438 -0.00989881 0.99949 0.0144224 0.0 0.0 0.0 1.0
office/seq-05/color/frame-000242.color.png office/seq-05/color/frame-000245.color.png 0.999746 0.0114972 -0.0193838 0.0466833 -0.0113828 0.999917 0.00600023 -0.0173244 0.019451 -0.00577804 0.999794 0.00400257 0.0 0.0 0.0 1.0
office/seq-05/color/frame-000245.color.png office/seq-05/color/frame-000248.color.png 0.999796 0.0199587 -0.00322518 0.0143435 -0.0199377 0.999781 0.00641682 -0.0204175 0.00335259 -0.00635122 0.999974 0.00809026 0.0 0.0 0.0 1.0
office/seq-05/color/frame-000248.color.png office/seq-05/color/frame-000251.color.png 0.999723 0.0226148 0.00653151 -0.00243437 -0.0227744 0.999415 0.0255037 -0.0648546 -0.00595092 -0.0256454 0.999653 -0.0287402 0.0 0.0 0.0 1.0
office/seq-05/color/frame-000251.color.png office/seq-05/color/frame-000254.color.png 0.999874 0.0153399 0.00398892 -0.00562035 -0.0154181 0.999674 0.0203472 -0.046745 -0.00367545 -0.0204062 0.999785 -0.00945282 0.0 0.0 0.0 1.0
office/seq-05/color/frame-000254.color.png office/seq-05/color/frame-000257.color.png 0.999839 0.0174801 -0.00406423 0.0191049 -0.0174437 0.999809 0.0088304 -0.00871921 0.00421776 -0.00875808 0.999953 -0.013587 0.0 0.0 0.0 1.0
office/seq-05/color/frame-000257.color.png office/seq-05/color/frame-000260.color.png 0.999936 0.0113043 0.000477366 0.000188053 -0.011313 0.999577 0.0267876 -0.0428823 -0.00017422 -0.0267913 0.999641 -0.0244062 0.0 0.0 0.0 1.0
office/seq-05/color/frame-000260.color.png office/seq-05/color/frame-000263.color.png 0.999935 0.0106821 -0.00406692 0.00704558 -0.0106043 0.999769 0.0186854 -0.0320233 0.00426555 -0.0186411 0.999817 -0.0159235 0.0 0.0 0.0 1.0
office/seq-05/color/frame-000263.color.png office/seq-05/color/frame-000266.color.png 0.999841 0.00712147 -0.0163416 0.0342487 -0.00668343 0.999621 0.0267064 -0.0366297 0.0165256 -0.026593 0.99951 -0.0188594 0.0 0.0 0.0 1.0
office/seq-05/color/frame-000266.color.png office/seq-05/color/frame-000269.color.png 0.999035 0.0289606 -0.0330268 0.0871567 -0.0279388 0.999129 0.0309896 -0.0589653 0.0338955 -0.0300369 0.998974 -0.00146985 0.0 0.0 0.0 1.0
office/seq-05/color/frame-000269.color.png office/seq-05/color/frame-000272.color.png 0.999489 0.0106787 -0.0301318 0.0761756 -0.00995194 0.999658 0.0241664 -0.0465097 0.0303795 -0.0238542 0.999254 0.00251436 0.0 0.0 0.0 1.0
office/seq-05/color/frame-000272.color.png office/seq-05/color/frame-000275.color.png 0.998797 0.0229172 -0.0433615 0.0925752 -0.0217254 0.999379 0.0277579 -0.055373 0.0439708 -0.0267825 0.998674 0.00162292 0.0 0.0 0.0 1.0
office/seq-05/color/frame-000275.color.png office/seq-05/color/frame-000278.color.png 0.999423 0.0220823 -0.0258246 0.0663706 -0.0216678 0.999634 0.0162233 -0.0273341 0.0261733 -0.0156544 0.999535 0.00800347 0.0 0.0 0.0 1.0
office/seq-05/color/frame-000278.color.png office/seq-05/color/frame-000281.color.png 0.999169 0.0156459 -0.037628 0.0946157 -0.015134 0.99979 0.0138505 -0.0180744 0.0378368 -0.0132696 0.999196 0.0117249 0.0 0.0 0.0 1.0
office/seq-05/color/frame-000281.color.png office/seq-05/color/frame-000284.color.png 0.998464 0.0267355 -0.0485306 0.11824 -0.0263148 0.99961 0.00928785 -0.0162434 0.0487601 -0.00799648 0.998778 0.0236545 0.0 0.0 0.0 1.0
office/seq-05/color/frame-000284.color.png office/seq-05/color/frame-000287.color.png 0.99949 0.0170277 -0.0270095 0.0760574 -0.0170262 0.999855 0.000284936 0.00521332 0.0270104 0.000175059 0.999635 0.0130405 0.0 0.0 0.0 1.0
office/seq-05/color/frame-000287.color.png office/seq-05/color/frame-000290.color.png 0.999615 0.0103558 -0.0257261 0.0682228 -0.0102791 0.999942 0.00310902 -0.00872517 0.0257566 -0.00284337 0.999664 0.011914 0.0 0.0 0.0 1.0
office/seq-05/color/frame-000290.color.png office/seq-05/color/frame-000293.color.png 0.999019 0.0261892 -0.0357134 0.10616 -0.0260133 0.999647 0.0053788 -0.0173428 0.0358417 -0.00444454 0.999348 0.0177083 0.0 0.0 0.0 1.0
office/seq-05/color/frame-000293.color.png office/seq-05/color/frame-000296.color.png 0.999225 0.0179667 -0.0350184 0.0962314 -0.0174241 0.999725 0.0157331 -0.0451131 0.0352915 -0.0151107 0.999263 0.0153627 0.0 0.0 0.0 1.0
office/seq-05/color/frame-000296.color.png office/seq-05/color/frame-000299.color.png 0.999339 0.00622297 -0.0358225 0.092775 -0.00572293 0.999885 0.0140487 -0.014771 0.0359058 -0.0138344 0.999259 0.00362301 0.0 0.0 0.0 1.0
office/seq-05/color/frame-000299.color.png office/seq-05/color/frame-000302.color.png 0.999069 0.016966 -0.0396673 0.108656 -0.0159869 0.999563 0.0248696 -0.0565768 0.0400719 -0.0242123 0.998903 0.00804591 0.0 0.0 0.0 1.0
office/seq-05/color/frame-000302.color.png office/seq-05/color/frame-000305.color.png 0.999555 0.0126405 -0.0270335 0.0657624 -0.012356 0.999867 0.0106682 -0.0122502 0.0271648 -0.0103294 0.999578 -0.00261259 0.0 0.0 0.0 1.0
office/seq-05/color/frame-000305.color.png office/seq-05/color/frame-000308.color.png 0.999116 0.0193716 -0.0373182 0.10777 -0.0189676 0.999758 0.0111488 -0.0291594 0.037525 -0.0104311 0.999241 0.0140483 0.0 0.0 0.0 1.0
office/seq-05/color/frame-000308.color.png office/seq-05/color/frame-000311.color.png 0.999436 0.0221557 -0.0252283 0.0660436 -0.0218725 0.999695 0.0114436 -0.0232395 0.0254742 -0.0108854 0.999616 0.00164509 0.0 0.0 0.0 1.0
office/seq-05/color/frame-000311.color.png office/seq-05/color/frame-000314.color.png 0.999415 0.0153962 -0.0305483 0.0748099 -0.0151538 0.999852 0.00815489 -0.0195492 0.0306693 -0.00768719 0.9995 0.00201964 0.0 0.0 0.0 1.0
office/seq-05/color/frame-000314.color.png office/seq-05/color/frame-000317.color.png 0.999319 0.00240964 -0.0368231 0.082504 -0.00215984 0.999975 0.00682114 -0.00344557 0.0368386 -0.00673694 0.999298 0.00239372 0.0 0.0 0.0 1.0
office/seq-05/color/frame-000317.color.png office/seq-05/color/frame-000320.color.png 0.999552 0.0127998 -0.0270375 0.076824 -0.0126153 0.999896 0.00698174 -0.00927424 0.0271242 -0.00663752 0.99961 -0.00365901 0.0 0.0 0.0 1.0
office/seq-05/color/frame-000320.color.png office/seq-05/color/frame-000323.color.png 0.999445 0.0225556 -0.0245218 0.0571034 -0.0223396 0.99971 0.00904299 -0.0225529 0.0247187 -0.00849017 0.999658 -0.00904679 0.0 0.0 0.0 1.0
office/seq-05/color/frame-000323.color.png office/seq-05/color/frame-000326.color.png 0.999327 0.0195049 -0.0310774 0.0844267 -0.0193497 0.999799 0.00528177 -0.00376931 0.0311742 -0.00467686 0.999503 0.00175905 0.0 0.0 0.0 1.0
office/seq-05/color/frame-000326.color.png office/seq-05/color/frame-000329.color.png 0.998559 0.0170719 -0.0508877 0.102466 -0.0173242 0.99984 -0.00451907 0.0192572 0.0508023 0.00539417 0.998694 0.00997996 0.0 0.0 0.0 1.0
office/seq-05/color/frame-000329.color.png office/seq-05/color/frame-000332.color.png 0.999495 0.00675611 -0.0310419 0.0687649 -0.00659519 0.999964 0.00528612 -0.0108564 0.0310765 -0.00507866 0.999504 0.00659227 0.0 0.0 0.0 1.0
office/seq-05/color/frame-000332.color.png office/seq-05/color/frame-000335.color.png 0.999526 0.00635712 -0.030126 0.061589 -0.00608589 0.99994 0.00908788 -0.0176928 0.030182 -0.00890023 0.999505 0.00264406 0.0 0.0 0.0 1.0
office/seq-05/color/frame-000335.color.png office/seq-05/color/frame-000338.color.png 0.9995 0.0146027 -0.0280283 0.0700889 -0.0145969 0.999893 0.000414259 -0.00449574 0.0280314 -4.97857e-06 0.999607 0.00458717 0.0 0.0 0.0 1.0
office/seq-05/color/frame-000338.color.png office/seq-05/color/frame-000341.color.png 0.999684 0.0123583 -0.0218974 0.0443816 -0.0120686 0.999839 0.0133068 -0.0167327 0.0220583 -0.0130383 0.999672 -0.00393653 0.0 0.0 0.0 1.0
office/seq-05/color/frame-000341.color.png office/seq-05/color/frame-000344.color.png 0.999768 0.00643234 -0.0205603 0.0447171 -0.00652793 0.999968 -0.0045774 0.0129549 0.0205301 0.00471053 0.999778 0.000494003 0.0 0.0 0.0 1.0
office/seq-05/color/frame-000344.color.png office/seq-05/color/frame-000347.color.png 0.999717 0.0135668 -0.0195586 0.0415025 -0.0134828 0.999899 0.00441589 -0.0101997 0.0196166 -0.00415091 0.999799 0.00295186 0.0 0.0 0.0 1.0
office/seq-05/color/frame-000347.color.png office/seq-05/color/frame-000350.color.png 0.999774 0.010231 -0.0186088 0.0353665 -0.0103905 0.99991 -0.00849076 0.0165929 0.0185203 0.00868214 0.999791 -0.00117397 0.0 0.0 0.0 1.0
office/seq-05/color/frame-000350.color.png office/seq-05/color/frame-000353.color.png 0.999403 0.0208866 -0.0275104 0.0661666 -0.0209594 0.999778 -0.00236349 0.0156918 0.0274549 0.00293869 0.999619 -0.00662255 0.0 0.0 0.0 1.0
office/seq-05/color/frame-000353.color.png office/seq-05/color/frame-000356.color.png 0.999722 0.018357 -0.0147731 0.0175501 -0.0183909 0.999829 -0.00216189 0.0125535 0.0147309 0.00243297 0.999889 0.00401878 0.0 0.0 0.0 1.0
office/seq-05/color/frame-000356.color.png office/seq-05/color/frame-000359.color.png 0.999674 0.0096683 -0.0236421 0.0471707 -0.0097122 0.999951 -0.00174918 0.00631577 0.023624 0.00197824 0.999719 -0.00539112 0.0 0.0 0.0 1.0
office/seq-05/color/frame-000359.color.png office/seq-05/color/frame-000362.color.png 0.999243 0.00676141 -0.0383097 0.0645463 -0.00663492 0.999972 0.00342743 0.00731489 0.0383318 -0.00317064 0.99926 0.00314808 0.0 0.0 0.0 1.0
office/seq-05/color/frame-000362.color.png office/seq-05/color/frame-000365.color.png 0.999822 0.00395154 -0.0184205 0.0416543 -0.0037559 0.999936 0.0106454 -0.0198843 0.0184614 -0.0105743 0.999774 -0.0078156 0.0 0.0 0.0 1.0
office/seq-05/color/frame-000365.color.png office/seq-05/color/frame-000368.color.png 0.999311 0.0200186 -0.0312633 0.0614378 -0.0195302 0.999684 0.0158522 -0.0323847 0.0315707 -0.0152307 0.999385 -0.00617981 0.0 0.0 0.0 1.0
office/seq-05/color/frame-000368.color.png office/seq-05/color/frame-000371.color.png 0.999747 0.00806703 -0.0209915 0.0410474 -0.00803193 0.999966 0.00175577 0.00265837 0.021005 -0.0015867 0.999778 -0.00431848 0.0 0.0 0.0 1.0
office/seq-05/color/frame-000371.color.png office/seq-05/color/frame-000374.color.png 0.999928 0.0116415 -0.0030693 -0.00968334 -0.0116843 0.999829 -0.014352 0.0375128 0.00290163 0.0143868 0.999892 -0.0393913 0.0 0.0 0.0 1.0
office/seq-05/color/frame-000374.color.png office/seq-05/color/frame-000377.color.png 0.999543 0.00709046 -0.0293917 0.0524438 -0.00711613 0.999974 -0.000771534 0.0106558 0.0293855 0.000980332 0.999568 -0.00851345 0.0 0.0 0.0 1.0
office/seq-05/color/frame-000377.color.png office/seq-05/color/frame-000380.color.png 0.999496 0.00976331 -0.030219 0.0513851 -0.0101182 0.999881 -0.0116133 0.0332288 0.030102 0.0119133 0.999476 -0.00991392 0.0 0.0 0.0 1.0
office/seq-05/color/frame-000380.color.png office/seq-05/color/frame-000383.color.png 0.999647 0.00866097 -0.025117 0.035679 -0.00874343 0.999957 -0.00317278 0.0122968 0.0250885 0.00339129 0.999679 -0.00249696 0.0 0.0 0.0 1.0
office/seq-05/color/frame-000383.color.png office/seq-05/color/frame-000386.color.png 0.999504 -0.00153449 -0.0314651 0.0426318 0.00165354 0.999992 0.00375511 -0.000620008 0.031459 -0.00380533 0.999498 -0.0122797 0.0 0.0 0.0 1.0
office/seq-05/color/frame-000386.color.png office/seq-05/color/frame-000389.color.png 0.999339 0.00156275 -0.0363214 0.0525925 -0.00165295 0.999996 -0.00245384 0.0125854 0.0363174 0.00251222 0.999337 -0.0106363 0.0 0.0 0.0 1.0
office/seq-05/color/frame-000389.color.png office/seq-05/color/frame-000392.color.png 0.999474 0.00143518 -0.032415 0.0392223 -0.00135215 0.999996 0.00258683 0.0052222 0.0324185 -0.00254168 0.999471 -0.0118377 0.0 0.0 0.0 1.0
office/seq-05/color/frame-000392.color.png office/seq-05/color/frame-000395.color.png 0.999381 -0.00673661 -0.0345185 0.0374003 0.00681506 0.999974 0.00215714 0.0158591 0.0345032 -0.00239095 0.999402 -0.0057838 0.0 0.0 0.0 1.0
office/seq-05/color/frame-000395.color.png office/seq-05/color/frame-000398.color.png 0.999729 -0.00896373 -0.0214721 0.00868031 0.00883502 0.999942 -0.00608437 0.0351781 0.0215254 0.00589294 0.999751 -0.00780284 0.0 0.0 0.0 1.0
office/seq-05/color/frame-000398.color.png office/seq-05/color/frame-000401.color.png 0.999924 -0.00789282 -0.00943753 -0.0191713 0.00782541 0.999944 -0.00714812 0.0161929 0.00949337 0.00707382 0.99993 -0.0300834 0.0 0.0 0.0 1.0
office/seq-05/color/frame-000401.color.png office/seq-05/color/frame-000404.color.png 0.999919 0.00344876 -0.0122769 -0.00608587 -0.0032749 0.999895 0.0141444 -0.0175481 0.0123245 -0.0141031 0.999825 -0.0234231 0.0 0.0 0.0 1.0
office/seq-05/color/frame-000404.color.png office/seq-05/color/frame-000407.color.png 0.999842 -0.0102853 -0.0145214 -0.00338 0.0100796 0.999849 -0.0141614 0.053879 0.0146647 0.0140129 0.999794 -0.0108169 0.0 0.0 0.0 1.0
office/seq-05/color/frame-000407.color.png office/seq-05/color/frame-000410.color.png 0.999999 0.00104482 -0.000909804 -0.0302223 -0.00104635 0.999998 -0.00176683 0.0107177 0.000908013 0.00176775 0.999998 -0.034061 0.0 0.0 0.0 1.0
office/seq-05/color/frame-000410.color.png office/seq-05/color/frame-000413.color.png 0.999773 0.01749 -0.0121712 -0.00838405 -0.0174981 0.999847 -0.000560844 0.00315896 0.0121596 0.00077377 0.999926 -0.0217972 0.0 0.0 0.0 1.0
office/seq-05/color/frame-000413.color.png office/seq-05/color/frame-000416.color.png 0.999924 0.00954649 -0.0078163 -0.0130519 -0.00952858 0.999952 0.00234719 0.00420722 0.00783824 -0.00227258 0.999967 -0.0281814 0.0 0.0 0.0 1.0
office/seq-05/color/frame-000416.color.png office/seq-05/color/frame-000419.color.png 0.999987 -0.000100182 -0.00511229 -0.00522435 0.000112873 0.999997 0.00248489 0.00444168 0.00511214 -0.00248552 0.999984 -0.0194163 0.0 0.0 0.0 1.0
office/seq-05/color/frame-000419.color.png office/seq-05/color/frame-000422.color.png 0.999483 0.0240589 -0.0213427 0.0106298 -0.0240241 0.99971 0.00188701 -0.00536382 0.0213818 -0.00137329 0.999771 -0.0260437 0.0 0.0 0.0 1.0
office/seq-05/color/frame-000422.color.png office/seq-05/color/frame-000425.color.png 0.99975 -0.014348 -0.0171528 6.31213e-05 0.0144504 0.999879 0.00585296 0.0229505 0.0170669 -0.00609924 0.999836 -0.0262039 0.0 0.0 0.0 1.0
office/seq-05/color/frame-000425.color.png office/seq-05/color/frame-000428.color.png 0.999947 0.00952939 -0.00398714 -0.0148915 -0.00950291 0.999933 0.00664566 -0.00351822 0.00405013 -0.00660752 0.99997 -0.0342485 0.0 0.0 0.0 1.0
office/seq-05/color/frame-000428.color.png office/seq-05/color/frame-000431.color.png 0.999927 -0.00991236 0.00693096 -0.0302567 0.00992735 0.999949 -0.00213286 0.0341105 -0.00690941 0.00220156 0.999974 -0.0435903 0.0 0.0 0.0 1.0
office/seq-05/color/frame-000431.color.png office/seq-05/color/frame-000434.color.png 0.999704 -0.00288949 0.0241583 -0.0462164 0.0026931 0.999963 0.00816156 -0.0113584 -0.0241809 -0.00809408 0.999675 -0.0697806 0.0 0.0 0.0 1.0
office/seq-05/color/frame-000434.color.png office/seq-05/color/frame-000437.color.png 0.999879 0.0058142 0.0144334 -0.0462824 -0.00583328 0.999982 0.00128332 0.00756619 -0.0144257 -0.00136737 0.999895 -0.0544411 0.0 0.0 0.0 1.0
office/seq-05/color/frame-000437.color.png office/seq-05/color/frame-000440.color.png 0.999796 -0.0167796 0.0112732 -0.0315652 0.0168173 0.999853 -0.00326779 0.0291923 -0.0112166 0.00345677 0.999931 -0.0510339 0.0 0.0 0.0 1.0
office/seq-05/color/frame-000440.color.png office/seq-05/color/frame-000443.color.png 0.99989 -0.0122212 0.00844562 -0.0238056 0.0121963 0.999921 0.00298717 0.0143934 -0.0084815 -0.00288385 0.99996 -0.050365 0.0 0.0 0.0 1.0
office/seq-05/color/frame-000443.color.png office/seq-05/color/frame-000446.color.png 0.99995 -0.00630604 0.00780612 -0.0310166 0.0063169 0.999979 -0.0013753 0.0184281 -0.00779724 0.00142452 0.999969 -0.0510585 0.0 0.0 0.0 1.0
office/seq-05/color/frame-000446.color.png office/seq-05/color/frame-000449.color.png 0.999863 -0.0159285 -0.00458405 -0.0207261 0.0158989 0.999853 -0.00645423 0.0414382 0.00468605 0.0063804 0.999969 -0.0338793 0.0 0.0 0.0 1.0
office/seq-05/color/frame-000449.color.png office/seq-05/color/frame-000452.color.png 0.999728 -0.00929555 0.0213889 -0.0570314 0.00906746 0.999901 0.0107384 0.00720965 -0.0214866 -0.0105415 0.999714 -0.059117 0.0 0.0 0.0 1.0
office/seq-05/color/frame-000452.color.png office/seq-05/color/frame-000455.color.png 0.999746 -0.0187449 0.012509 -0.0387096 0.0186075 0.999766 0.0109978 0.010934 -0.0127122 -0.0107623 0.999861 -0.0548095 0.0 0.0 0.0 1.0
office/seq-05/color/frame-000455.color.png office/seq-05/color/frame-000458.color.png 0.999766 -0.00824502 0.0199801 -0.0472621 0.00831826 0.999959 -0.00357894 0.024722 -0.0199499 0.00374427 0.999794 -0.0619041 0.0 0.0 0.0 1.0
office/seq-05/color/frame-000458.color.png office/seq-05/color/frame-000461.color.png 0.999977 -0.00629214 0.00238233 -0.0353155 0.00624816 0.999818 0.0180505 -0.00183592 -0.0024954 -0.0180352 0.999834 -0.0299338 0.0 0.0 0.0 1.0
office/seq-05/color/frame-000461.color.png office/seq-05/color/frame-000464.color.png 0.999755 -0.00991606 0.0197793 -0.0526826 0.00947667 0.999709 0.0221866 -0.00234026 -0.0199936 -0.0219937 0.999558 -0.0550243 0.0 0.0 0.0 1.0
office/seq-05/color/frame-000464.color.png office/seq-05/color/frame-000467.color.png 0.999931 0.00508616 0.0105644 -0.0536063 -0.00516748 0.999957 0.00767912 -0.00317203 -0.0105249 -0.00773323 0.999915 -0.0476694 0.0 0.0 0.0 1.0
office/seq-05/color/frame-000467.color.png office/seq-05/color/frame-000470.color.png 0.99996 -0.00638855 0.00618427 -0.037508 0.00630191 0.999883 0.0139411 0.000979252 -0.00627253 -0.0139015 0.999884 -0.041069 0.0 0.0 0.0 1.0
office/seq-05/color/frame-000470.color.png office/seq-05/color/frame-000473.color.png 0.999926 -0.0120157 0.00168134 -0.0304282 0.012017 0.999928 -0.000730497 0.0226957 -0.0016724 0.000750677 0.999998 -0.0328479 0.0 0.0 0.0 1.0
office/seq-05/color/frame-000473.color.png office/seq-05/color/frame-000476.color.png 0.999805 -0.0185997 0.00658142 -0.0346286 0.0185177 0.999753 0.0122877 0.0113032 -0.00680828 -0.0121634 0.999903 -0.0398026 0.0 0.0 0.0 1.0
office/seq-05/color/frame-000476.color.png office/seq-05/color/frame-000479.color.png 0.999721 -0.0236091 0.00114307 -0.0169623 0.0236043 0.999713 0.00418115 0.0389592 -0.00124154 -0.00415305 0.999991 -0.0248622 0.0 0.0 0.0 1.0
office/seq-05/color/frame-000479.color.png office/seq-05/color/frame-000482.color.png 0.999958 -3.25451e-05 0.00921143 -0.0325251 -1.49124e-05 0.999987 0.00515429 -0.00390096 -0.00921145 -0.00515414 0.999944 -0.0431383 0.0 0.0 0.0 1.0
office/seq-05/color/frame-000482.color.png office/seq-05/color/frame-000485.color.png 0.999967 -0.00776119 0.00240734 -0.0165358 0.00774717 0.999953 0.00575376 0.000766076 -0.00245197 -0.00573501 0.999981 -0.0133849 0.0 0.0 0.0 1.0
office/seq-05/color/frame-000485.color.png office/seq-05/color/frame-000488.color.png 0.999757 -0.0168125 0.0142527 -0.0288652 0.0167059 0.999832 0.00757214 0.0218231 -0.0143775 -0.00733215 0.99987 -0.0553163 0.0 0.0 0.0 1.0
office/seq-05/color/frame-000488.color.png office/seq-05/color/frame-000491.color.png 0.999655 -0.0206775 0.0161696 -0.0281696 0.0206505 0.999785 0.001828 0.0273886 -0.0162039 -0.00149343 0.999868 -0.0574358 0.0 0.0 0.0 1.0
office/seq-05/color/frame-000491.color.png office/seq-05/color/frame-000494.color.png 0.999313 -0.0160047 0.0334323 -0.0384928 0.015841 0.999861 0.00515464 0.0246492 -0.0335101 -0.00462151 0.999428 -0.0738235 0.0 0.0 0.0 1.0
office/seq-05/color/frame-000494.color.png office/seq-05/color/frame-000497.color.png 0.999424 -0.0136942 0.0310568 -0.0374801 0.0134771 0.999883 0.00718896 0.0106784 -0.0311516 -0.00676628 0.999492 -0.0779198 0.0 0.0 0.0 1.0
office/seq-05/color/frame-000497.color.png office/seq-05/color/frame-000500.color.png 0.999149 -0.0237936 0.0336772 -0.0290549 0.0232746 0.999606 0.0157199 0.0137513 -0.0340379 -0.0149227 0.999309 -0.0762439 0.0 0.0 0.0 1.0
office/seq-05/color/frame-000500.color.png office/seq-05/color/frame-000503.color.png 0.999914 -0.00478943 0.012237 -0.010142 0.00458823 0.999855 0.016421 -0.00853829 -0.0123139 -0.0163635 0.99979 -0.0285593 0.0 0.0 0.0 1.0
office/seq-05/color/frame-000503.color.png office/seq-05/color/frame-000506.color.png 0.999596 -0.0219675 0.0180295 -0.0210844 0.0220766 0.999739 -0.00588156 0.0360449 -0.0178956 0.00627722 0.99982 -0.0564265 0.0 0.0 0.0 1.0
office/seq-05/color/frame-000506.color.png office/seq-05/color/frame-000509.color.png 0.999781 -0.0129249 0.0164852 -0.00825036 0.0128838 0.999914 0.00260072 0.0169871 -0.0165173 -0.00238776 0.999861 -0.044486 0.0 0.0 0.0 1.0
office/seq-05/color/frame-000509.color.png office/seq-05/color/frame-000512.color.png 0.999984 0.000710167 0.00559361 -0.0236317 -0.000708094 1.0 -0.000375592 -0.000186488 -0.00559389 0.000371584 0.999984 -0.0219527 0.0 0.0 0.0 1.0
office/seq-05/color/frame-000512.color.png office/seq-05/color/frame-000515.color.png 0.999986 -0.00261736 0.00461443 -0.0153463 0.00259974 0.999989 0.00383268 -0.000173777 -0.00462437 -0.00382057 0.999982 -0.01763 0.0 0.0 0.0 1.0
office/seq-05/color/frame-000515.color.png office/seq-05/color/frame-000518.color.png 0.999712 -0.0177484 0.0161239 -0.0274916 0.0178912 0.999802 -0.0087557 0.0333622 -0.0159653 0.00904165 0.999832 -0.0415804 0.0 0.0 0.0 1.0
office/seq-05/color/frame-000518.color.png office/seq-05/color/frame-000521.color.png 0.999579 0.00716296 0.0281168 -0.0436109 -0.00689207 0.999929 -0.00972094 -0.00692916 -0.0281845 0.00952305 0.999557 -0.0978366 0.0 0.0 0.0 1.0
office/seq-05/color/frame-000521.color.png office/seq-05/color/frame-000524.color.png 0.999953 -0.0061637 0.00752879 -0.0247771 0.00616581 0.999981 -0.000252829 0.0117784 -0.00752707 0.000299239 0.999972 -0.0219699 0.0 0.0 0.0 1.0
office/seq-05/color/frame-000524.color.png office/seq-05/color/frame-000527.color.png 0.999864 -0.00651969 0.015138 -0.0391351 0.00625634 0.999829 0.0173806 0.00714663 -0.0152487 -0.0172835 0.999734 -0.0467789 0.0 0.0 0.0 1.0
office/seq-05/color/frame-000527.color.png office/seq-05/color/frame-000530.color.png 0.999984 -0.00429009 0.00378285 -0.0222429 0.00427145 0.999979 0.00490612 0.00574481 -0.00380381 -0.00488987 0.999981 -0.0133604 0.0 0.0 0.0 1.0
