office/seq-05/color/frame-000000.color.png office/seq-05/color/frame-000002.color.png 0.999941 -0.00550315 0.00932817 -0.000402204 0.00549313 0.999984 0.00109874 0.0059849 -0.00933407 -0.00104743 0.999956 0.0047115 0.0 0.0 0.0 1.0
office/seq-05/color/frame-000002.color.png office/seq-05/color/frame-000004.color.png 0.999953 -0.00420857 0.00868104 0.00137911 0.00411223 0.99993 0.0110861 -0.00205543 -0.00872709 -0.0110498 0.999901 0.00974311 0.0 0.0 0.0 1.0
office/seq-05/color/frame-000004.color.png office/seq-05/color/frame-000006.color.png 0.999937 0.0014332 0.0111224 0.00385585 -0.00152153 0.999967 0.00793742 0.0040002 -0.0111107 -0.00795384 0.999907 0.0078232 0.0 0.0 0.0 1.0
office/seq-05/color/frame-000006.color.png office/seq-05/color/frame-000008.color.png 0.999932 -0.000706463 0.0116254 0.00915211 0.000487569 0.999823 0.018821 -0.00263738 -0.0116367 -0.018814 0.999755 0.0235198 0.0 0.0 0.0 1.0
office/seq-05/color/frame-000008.color.png office/seq-05/color/frame-000010.color.png 0.999805 -0.00047616 0.0197469 -0.00188794 0.000313903 0.999966 0.00821922 -0.00379137 -0.0197502 -0.00821142 0.999771 0.0205582 0.0 0.0 0.0 1.0
office/seq-05/color/frame-000010.color.png office/seq-05/color/frame-000012.color.png 0.999602 -0.0106523 0.0261077 0.00183689 0.0103382 0.999873 0.0121382 -0.00376641 -0.0262337 -0.0118635 0.999585 0.0269115 0.0 0.0 0.0 1.0
office/seq-05/color/frame-000012.color.png office/seq-05/color/frame-000014.color.png 0.999588 -0.00494189 0.0282828 -0.010295 0.00475373 0.999966 0.00671602 -0.0021191 -0.028315 -0.00657882 0.999577 0.0299933 0.0 0.0 0.0 1.0
office/seq-05/color/frame-000014.color.png office/seq-05/color/frame-000016.color.png 0.99953 -0.0121806 0.028143 -0.0152844 0.0117545 0.999814 0.0152561 -0.0127199 -0.0283236 -0.0149181 0.999488 0.0364166 0.0 0.0 0.0 1.0
office/seq-05/color/frame-000016.color.png office/seq-05/color/frame-000018.color.png 0.99976 -0.010057 0.0194537 -0.00271356 0.0100097 0.999947 0.00252545 -0.00752181 -0.0194781 -0.00233013 0.999807 0.0400856 0.0 0.0 0.0 1.0
office/seq-05/color/frame-000018.color.png office/seq-05/color/frame-000020.color.png 0.999947 0.000352312 0.0102786 -0.0170188 -0.00046661 0.999938 0.0111205 -0.00424808 -0.010274 -0.0111247 0.999885 0.00803104 0.0 0.0 0.0 1.0
office/seq-05/color/frame-000020.color.png office/seq-05/color/frame-000022.color.png 0.99996 0.00266077 0.00854973 0.00307867 -0.00279876 0.999865 0.0161674 -0.019115 -0.00850561 -0.0161907 0.999833 0.0480143 0.0 0.0 0.0 1.0
office/seq-05/color/frame-000022.color.png office/seq-05/color/frame-000024.color.png 0.999711 0.00417759 0.0236911 0.00702472 -0.00459398 0.999835 0.0175487 -0.0398846 -0.0236138 -0.0176525 0.999565 0.0431559 0.0 0.0 0.0 1.0
office/seq-05/color/frame-000024.color.png office/seq-05/color/frame-000026.color.png 0.999887 0.0149749 -0.00129969 0.0080927 -0.0149844 0.999858 -0.00765119 0.0176118 0.0011849 0.00766979 0.99997 0.0190724 0.0 0.0 0.0 1.0
office/seq-05/color/frame-000026.color.png office/seq-05/color/frame-000028.color.png 0.999971 0.00623598 0.0043348 0.0133858 -0.00627058 0.999948 0.0080127 -0.0177105 -0.0042846 -0.00803964 0.999959 0.0451322 0.0 0.0 0.0 1.0
office/seq-05/color/frame-000028.color.png office/seq-05/color/frame-000030.color.png 0.999925 0.00356844 0.0117033 0.00917956 -0.0035228 0.999986 -0.00391712 0.0116896 -0.0117171 0.00387558 0.999924 0.0284136 0.0 0.0 0.0 1.0
office/seq-05/color/frame-000030.color.png office/seq-05/color/frame-000032.color.png 0.999915 -0.0113857 0.00630884 0.0170219 0.0114156 0.999924 -0.00471678 -0.0120657 -0.00625464 0.00478841 0.999969 0.037176 0.0 0.0 0.0 1.0
office/seq-05/color/frame-000032.color.png office/seq-05/color/frame-000034.color.png 0.999738 -0.0155012 0.0168644 0.0116023 0.0157468 0.99977 -0.0145299 0.00238229 -0.0166353 0.0147917 0.999752 0.041508 0.0 0.0 0.0 1.0
office/seq-05/color/frame-000034.color.png office/seq-05/color/frame-000036.color.png 0.999953 -0.00818224 0.00519971 0.0165102 0.00811237 0.999878 0.0133217 -0.0138611 -0.00530804 -0.0132788 0.999898 0.0320363 0.0 0.0 0.0 1.0
office/seq-05/color/frame-000036.color.png office/seq-05/color/frame-000038.color.png 0.999931 -0.0117763 -0.000127631 0.0199788 0.0117748 0.999895 -0.00847295 -0.0128303 0.000227368 0.00847083 0.999964 0.0356877 0.0 0.0 0.0 1.0
office/seq-05/color/frame-000038.color.png office/seq-05/color/frame-000040.color.png 0.999994 -0.00286379 0.00210223 0.0224324 0.00284497 0.999956 0.00890733 -0.0100201 -0.00212762 -0.0089013 0.999958 0.0432052 0.0 0.0 0.0 1.0
office/seq-05/color/frame-000040.color.png office/seq-05/color/frame-000042.color.png 0.999999 -0.00115223 0.000304116 0.0116844 0.00115114 0.999993 0.00354599 -0.00280568 -0.000308154 -0.00354564 0.999994 0.0237705 0.0 0.0 0.0 1.0
office/seq-05/color/frame-000042.color.png office/seq-05/color/frame-000044.color.png 0.9999 -0.00930857 0.0106905 0.0139297 0.00934959 0.999949 -0.00379329 -0.00143372 -0.0106547 0.00389286 0.999936 0.0474919 0.0 0.0 0.0 1.0
office/seq-05/color/frame-000044.color.png office/seq-05/color/frame-000046.color.png 0.999862 0.0163213 -0.00306736 0.0172616 -0.0163055 0.999854 0.00510128 -0.0159597 0.00315013 -0.00505055 0.999982 0.0310913 0.0 0.0 0.0 1.0
office/seq-05/color/frame-000046.color.png office/seq-05/color/frame-000048.color.png 0.999895 -0.00575416 0.0133078 0.00928898 0.00583966 0.999963 -0.00639456 0.00726394 -0.0132705 0.00647159 0.999891 0.024101 0.0 0.0 0.0 1.0
office/seq-05/color/frame-000048.color.png office/seq-05/color/frame-000050.color.png 0.999801 0.00045976 0.019938 0.00312251 -0.000451436 1.0 -0.000423268 0.00324859 -0.0199382 0.000414181 0.999801 0.0511788 0.0 0.0 0.0 1.0
office/seq-05/color/frame-000050.color.png office/seq-05/color/frame-000052.color.png 0.999813 0.00365176 0.0189895 -0.0013946 -0.00372079 0.999986 0.00360206 -0.00658982 -0.018976 -0.00367203 0.999813 0.0414023 0.0 0.0 0.0 1.0
office/seq-05/color/frame-000052.color.png office/seq-05/color/frame-000054.color.png 0.999919 -0.00435406 0.0119888 0.00318615 0.00426873 0.999965 0.00713495 -0.0115002 -0.0120195 -0.0070832 0.999903 0.03739 0.0 0.0 0.0 1.0
office/seq-05/color/frame-000054.color.png office/seq-05/color/frame-000056.color.png 0.999494 -0.0143484 0.0283967 -0.0093793 0.0142764 0.999894 0.00273686 -0.0119142 -0.0284329 -0.00233005 0.999593 0.0594919 0.0 0.0 0.0 1.0
office/seq-05/color/frame-000056.color.png office/seq-05/color/frame-000058.color.png 0.999787 0.00327264 0.0203557 -0.00825045 -0.00351093 0.999926 0.0116833 -0.0148607 -0.020316 -0.0117523 0.999725 0.0424036 0.0 0.0 0.0 1.0
office/seq-05/color/frame-000058.color.png office/seq-05/color/frame-000060.color.png 0.999929 -1.25815e-05 0.0118889 0.00101289 -6.5006e-05 0.999979 0.00652208 -0.0107514 -0.0118887 -0.00652238 0.999908 0.0480263 0.0 0.0 0.0 1.0
office/seq-05/color/frame-000060.color.png office/seq-05/color/frame-000062.color.png 0.999931 -0.00330475 0.0113162 -0.00612962 0.00322041 0.999967 0.00746385 -0.0233644 -0.0113406 -0.00742686 0.999908 0.0408372 0.0 0.0 0.0 1.0
office/seq-05/color/frame-000062.color.png office/seq-05/color/frame-000064.color.png 0.999969 0.000781408 0.00781558 0.00235236 -0.000835914 0.999975 0.00697436 -0.0238756 -0.00780986 -0.00698069 0.999945 0.027518 0.0 0.0 0.0 1.0
office/seq-05/color/frame-000064.color.png office/seq-05/color/frame-000066.color.png 0.999951 -0.00523687 0.00838575 -0.00635934 0.00505828 0.999763 0.021174 -0.0300754 -0.00849468 -0.0211305 0.999741 0.0306396 0.0 0.0 0.0 1.0
office/seq-05/color/frame-000066.color.png office/seq-05/color/frame-000068.color.png 0.999979 0.00303846 0.00578885 0.00443888 -0.0031194 0.999897 0.0140324 -0.0237508 -0.00574558 -0.0140502 0.999885 0.0303062 0.0 0.0 0.0 1.0
office/seq-05/color/frame-000068.color.png office/seq-05/color/frame-000070.color.png 0.999979 0.00532216 0.00366514 0.000152707 -0.00536086 0.999929 0.0106288 -0.0165524 -0.00360833 -0.0106483 0.999937 0.0304099 0.0 0.0 0.0 1.0
office/seq-05/color/frame-000070.color.png office/seq-05/color/frame-000072.color.png 0.999994 0.00277299 0.00200361 0.00665191 -0.00280212 0.999888 0.0146977 -0.0287502 -0.00196261 -0.0147032 0.99989 0.0249655 0.0 0.0 0.0 1.0
office/seq-05/color/frame-000072.color.png office/seq-05/color/frame-000074.color.png 0.999938 0.0106583 -0.0032575 0.00587988 -0.0106146 0.999857 0.0131787 -0.0224743 0.00339751 -0.0131433 0.999908 0.0258317 0.0 0.0 0.0 1.0
office/seq-05/color/frame-000074.color.png office/seq-05/color/frame-000076.color.png 0.999999 0.000498815 -0.00102716 0.00863272 -0.000482396 0.999873 0.0159103 -0.0262894 0.00103494 -0.0159097 0.999873 0.0267183 0.0 0.0 0.0 1.0
office/seq-05/color/frame-000076.color.png office/seq-05/color/frame-000078.color.png 0.999957 -0.00255107 -0.00888857 0.0193775 0.00259523 0.999984 0.00496208 -0.00985008 0.00887579 -0.00498492 0.999948 0.0234427 0.0 0.0 0.0 1.0
office/seq-05/color/frame-000078.color.png office/seq-05/color/frame-000080.color.png 0.999876 -0.0155937 -0.00224573 0.0118529 0.0156285 0.999743 0.0163948 -0.0308317 0.00198949 -0.0164279 0.999863 0.0256397 0.0 0.0 0.0 1.0
office/seq-05/color/frame-000080.color.png office/seq-05/color/frame-000082.color.png 0.999975 -0.00483527 -0.00521384 0.0184072 0.00486801 0.999968 0.00628847 -0.014259 0.00518325 -0.00631374 0.999967 0.0271926 0.0 0.0 0.0 1.0
office/seq-05/color/frame-000082.color.png office/seq-05/color/frame-000084.color.png 0.999955 -0.00885864 -0.00347784 0.0152258 0.00889077 0.999917 0.00933166 -0.031046 0.00339486 -0.0093622 0.99995 0.0246215 0.0 0.0 0.0 1.0
office/seq-05/color/frame-000084.color.png office/seq-05/color/frame-000086.color.png 0.999993 -0.00369708 0.000528545 0.00450933 0.00369458 0.999983 0.00462114 -0.0155326 -0.00054564 -0.00461915 0.999989 0.0231413 0.0 0.0 0.0 1.0
office/seq-05/color/frame-000086.color.png office/seq-05/color/frame-000088.color.png 0.999994 -0.00130287 0.00325568 0.00154403 0.00129044 0.999992 0.00382731 -0.0154189 -0.00326059 -0.00382296 0.999987 0.0241885 0.0 0.0 0.0 1.0
office/seq-05/color/frame-000088.color.png office/seq-05/color/frame-000090.color.png 0.999999 0.000446908 -0.00118018 0.00869232 -0.000441761 0.99999 0.00436 -0.0176759 0.00118209 -0.00435952 0.99999 0.0210289 0.0 0.0 0.0 1.0
office/seq-05/color/frame-000090.color.png office/seq-05/color/frame-000092.color.png 0.999991 0.00417645 0.000678546 -0.00189257 -0.00417932 0.999982 0.00431165 -0.00874123 -0.000660484 -0.00431442 0.999991 0.0194488 0.0 0.0 0.0 1.0
office/seq-05/color/frame-000092.color.png office/seq-05/color/frame-000094.color.png 0.999967 0.00756012 -0.00284248 0.00675997 -0.00753741 0.99994 0.00793232 -0.0202104 0.00290228 -0.00791072 0.999964 0.0212505 0.0 0.0 0.0 1.0
office/seq-05/color/frame-000094.color.png office/seq-05/color/frame-000096.color.png 0.999951 0.0096776 0.00203905 -0.0082452 -0.0096722 0.99995 -0.00262953 0.000554621 -0.00206445 0.00260969 0.999994 0.0212147 0.0 0.0 0.0 1.0
office/seq-05/color/frame-000096.color.png office/seq-05/color/frame-000098.color.png 0.999981 0.00606582 0.00125918 -0.00590834 -0.00605962 0.99997 -0.00489685 0.00395301 -0.00128885 0.00488912 0.999987 0.0203487 0.0 0.0 0.0 1.0
office/seq-05/color/frame-000098.color.png office/seq-05/color/frame-000100.color.png 0.999932 0.00961544 0.0065174 -0.021262 -0.00958522 0.999943 -0.00465264 0.00814971 -0.00656167 0.00458985 0.999968 0.0225506 0.0 0.0 0.0 1.0
office/seq-05/color/frame-000100.color.png office/seq-05/color/frame-000102.color.png 0.99999 0.000676329 0.00434448 -0.0145005 -0.000675341 1.0 -0.000224763 -0.00483605 -0.00434461 0.000221836 0.999991 0.013731 0.0 0.0 0.0 1.0
office/seq-05/color/frame-000102.color.png office/seq-05/color/frame-000104.color.png 0.999954 0.00931489 0.00214195 -0.0149363 -0.00928279 0.999851 -0.0145355 0.0221121 -0.00227705 0.014515 0.999892 0.0230408 0.0 0.0 0.0 1.0
office/seq-05/color/frame-000104.color.png office/seq-05/color/frame-000106.color.png 0.999854 -0.00134407 0.017039 -0.0468864 0.00146827 0.999972 -0.00727926 0.0158302 -0.0170287 0.00730323 0.999828 0.0243199 0.0 0.0 0.0 1.0
office/seq-05/color/frame-000106.color.png office/seq-05/color/frame-000108.color.png 0.999963 0.00248787 0.0082244 -0.0295113 -0.00241239 0.999955 -0.00917383 0.0104384 -0.00824686 0.00915363 0.999924 0.0255846 0.0 0.0 0.0 1.0
office/seq-05/color/frame-000108.color.png office/seq-05/color/frame-000110.color.png 0.999989 -0.00208102 0.00423495 -0.0170421 0.00211824 0.999959 -0.00880063 0.0213773 -0.00421635 0.00880952 0.999952 0.00828314 0.0 0.0 0.0 1.0
office/seq-05/color/frame-000110.color.png office/seq-05/color/frame-000112.color.png 0.999886 -0.0096727 0.0116343 -0.0381678 0.00962161 0.999944 0.00444086 -0.0143187 -0.0116767 -0.00432841 0.999922 0.0177964 0.0 0.0 0.0 1.0
office/seq-05/color/frame-000112.color.png office/seq-05/color/frame-000114.color.png 0.999933 -0.00713928 0.0090504 -0.0429064 0.00720019 0.999952 -0.00671793 0.0191574 -0.00900202 0.00678262 0.999937 0.019462 0.0 0.0 0.0 1.0
office/seq-05/color/frame-000114.color.png office/seq-05/color/frame-000116.color.png 0.999979 -0.00632012 0.00148163 -0.0130551 0.00630989 0.999957 0.00683548 -0.0164361 -0.00152475 -0.00682599 0.999975 0.00379014 0.0 0.0 0.0 1.0
office/seq-05/color/frame-000116.color.png office/seq-05/color/frame-000118.color.png 0.999916 -0.00750632 0.0106029 -0.0462893 0.00747653 0.999968 0.00284267 -0.00286168 -0.0106239 -0.00276314 0.99994 0.0195346 0.0 0.0 0.0 1.0
office/seq-05/color/frame-000118.color.png office/seq-05/color/frame-000120.color.png 0.999977 -0.00683315 -0.000170596 -0.0267623 0.00683494 0.999872 0.0144628 -0.0373089 7.18264e-05 -0.0144636 0.999895 0.0100367 0.0 0.0 0.0 1.0
office/seq-05/color/frame-000120.color.png office/seq-05/color/frame-000122.color.png 0.999998 0.00189904 0.00104359 -0.014318 -0.00190133 0.999996 0.00216639 -0.00300312 -0.00103955 -0.00216847 0.999997 0.00221992 0.0 0.0 0.0 1.0
office/seq-05/color/frame-000122.color.png office/seq-05/color/frame-000124.color.png 0.999998 -0.00197391 -0.000995614 -0.021707 0.00198254 0.99996 0.00871249 -0.0197815 0.000978432 -0.00871439 0.999961 0.00815427 0.0 0.0 0.0 1.0
office/seq-05/color/frame-000124.color.png office/seq-05/color/frame-000126.color.png 0.99997 0.00176505 -0.00758214 -0.00750594 -0.00173439 0.99999 0.00405423 -0.0076685 0.00758912 -0.00404098 0.999963 0.00365579 0.0 0.0 0.0 1.0
office/seq-05/color/frame-000126.color.png office/seq-05/color/frame-000128.color.png 0.999918 0.0065821 -0.0109579 -0.00266221 -0.00656195 0.999977 0.0018719 -0.000107139 0.01097 -0.00179985 0.999938 0.00436592 0.0 0.0 0.0 1.0
office/seq-05/color/frame-000128.color.png office/seq-05/color/frame-000130.color.png 0.999981 0.00042622 -0.00621176 -0.00249588 -0.000386154 0.999979 0.00645258 -0.0156341 0.00621432 -0.00645005 0.99996 0.00294209 0.0 0.0 0.0 1.0
office/seq-05/color/frame-000130.color.png office/seq-05/color/frame-000132.color.png 0.999683 0.0126279 -0.021788 0.0232947 -0.0125645 0.999916 0.0030424 -0.00556803 0.0218246 -0.00276764 0.999758 -0.00312304 0.0 0.0 0.0 1.0
office/seq-05/color/frame-000132.color.png office/seq-05/color/frame-000134.color.png 0.999799 0.0108818 -0.0168535 0.0116975 -0.0108195 0.999934 0.0037865 -0.00651702 0.0168936 -0.00360336 0.999851 -0.00224662 0.0 0.0 0.0 1.0
office/seq-05/color/frame-000134.color.png office/seq-05/color/frame-000136.color.png 0.999887 0.00493805 -0.0142215 0.00699175 -0.00494456 0.999988 -0.00042178 0.00378147 0.0142192 0.000491974 0.999899 -0.00120008 0.0 0.0 0.0 1.0
office/seq-05/color/frame-000136.color.png office/seq-05/color/frame-000138.color.png 0.999805 0.00248796 -0.0195841 0.0227868 -0.00233847 0.999968 0.00765269 -0.0169734 0.0196026 -0.00760537 0.999779 -0.0073638 0.0 0.0 0.0 1.0
office/seq-05/color/frame-000138.color.png office/seq-05/color/frame-000140.color.png 0.999821 0.00582223 -0.0180176 0.0160529 -0.00579928 0.999982 0.00132569 -0.00849655 0.018025 -0.001221 0.999837 -0.00460255 0.0 0.0 0.0 1.0
office/seq-05/color/frame-000140.color.png office/seq-05/color/frame-000142.color.png 0.999701 0.00625252 -0.0236196 0.0316549 -0.00646262 0.99994 -0.0088295 0.0182169 0.0235631 0.00897952 0.999682 -0.00220382 0.0 0.0 0.0 1.0
office/seq-05/color/frame-000142.color.png office/seq-05/color/frame-000144.color.png 0.999919 0.00539924 -0.0114945 0.00962964 -0.00543787 0.99998 -0.00333137 0.00965184 0.0114762 0.00339364 0.999928 -0.00378549 0.0 0.0 0.0 1.0
office/seq-05/color/frame-000144.color.png office/seq-05/color/frame-000146.color.png 0.99971 0.00542018 -0.0234647 0.0344484 -0.00548921 0.999981 -0.00287919 0.0109342 0.0234487 0.00300715 0.999721 -0.00683856 0.0 0.0 0.0 1.0
office/seq-05/color/frame-000146.color.png office/seq-05/color/frame-000148.color.png 0.999737 -0.000392829 -0.022928 0.0183511 0.000556964 0.999974 0.00715241 -0.0136108 0.0229247 -0.00716327 0.999712 -0.00520921 0.0 0.0 0.0 1.0
office/seq-05/color/frame-000148.color.png office/seq-05/color/frame-000150.color.png 0.999706 0.00196074 -0.0241667 0.0256682 -0.0019283 0.999997 0.00136497 -0.00266501 0.0241694 -0.00131796 0.999707 -0.00185597 0.0 0.0 0.0 1.0
office/seq-05/color/frame-000150.color.png office/seq-05/color/frame-000152.color.png 0.999497 -0.000175532 -0.0316974 0.045159 0.000260902 0.999996 0.00268969 0.00174239 0.0316967 -0.00269667 0.999494 -2.38419e-05 0.0 0.0 0.0 1.0
office/seq-05/color/frame-000152.color.png office/seq-05/color/frame-000154.color.png 0.999633 0.00220908 -0.0270074 0.0356584 -0.00190378 0.999934 0.0113257 -0.0190889 0.0270306 -0.0112701 0.999571 -0.00154209 0.0 0.0 0.0 1.0
office/seq-05/color/frame-000154.color.png office/seq-05/color/frame-000156.color.png 0.99959 0.000615145 -0.028625 0.042147 -0.000532836 0.999996 0.00288177 -0.00152779 0.0286267 -0.00286528 0.999586 0.00965953 0.0 0.0 0.0 1.0
office/seq-05/color/frame-000156.color.png office/seq-05/color/frame-000158.color.png 0.999819 0.005551 -0.0182266 0.021545 -0.00553712 0.999984 0.000812846 -0.00250724 0.0182308 -0.000711749 0.999834 0.00440335 0.0 0.0 0.0 1.0
office/seq-05/color/frame-000158.color.png office/seq-05/color/frame-000160.color.png 0.999778 0.00530176 -0.0203946 0.030504 -0.00546904 0.999952 -0.00815563 0.0129601 0.0203503 0.00826535 0.999759 0.0131725 0.0 0.0 0.0 1.0
office/seq-05/color/frame-000160.color.png office/seq-05/color/frame-000162.color.png 0.99979 0.00529214 -0.019785 0.0428235 -0.00537978 0.999976 -0.00437834 0.0113067 0.0197613 0.00448385 0.999795 0.0137553 0.0 0.0 0.0 1.0
office/seq-05/color/frame-000162.color.png office/seq-05/color/frame-000164.color.png 0.999809 0.0102951 -0.0166283 0.0265888 -0.010375 0.999935 -0.00472388 0.0095723 0.0165786 0.00489541 0.999851 0.0185788 0.0 0.0 0.0 1.0
office/seq-05/color/frame-000164.color.png office/seq-05/color/frame-000166.color.png 0.999924 0.00585739 -0.0108822 0.0135282 -0.00586144 0.999983 -0.00034102 0.000688046 0.01088 0.0004048 0.999941 0.00891149 0.0 0.0 0.0 1.0
office/seq-05/color/frame-000166.color.png office/seq-05/color/frame-000168.color.png 0.999828 0.00644743 -0.0174039 0.0293829 -0.00649812 0.999975 -0.00285712 0.0055497 0.017385 0.00296973 0.999844 0.0156679 0.0 0.0 0.0 1.0
office/seq-05/color/frame-000168.color.png office/seq-05/color/frame-000170.color.png 0.99989 0.00738513 -0.0128866 0.0210164 -0.00735438 0.99997 0.0024308 -0.00559932 0.0129042 -0.00233578 0.999914 0.0181634 0.0 0.0 0.0 1.0
office/seq-05/color/frame-000170.color.png office/seq-05/color/frame-000172.color.png 0.999846 0.00508056 -0.0167844 0.0286809 -0.00511413 0.999985 -0.00195903 0.00472561 0.0167742 0.00204457 0.999857 0.0200646 0.0 0.0 0.0 1.0
office/seq-05/color/frame-000172.color.png office/seq-05/color/frame-000174.color.png 0.999948 0.00224952 -0.0099492 0.0114691 -0.00232135 0.999971 -0.00721491 0.012174 0.00993269 0.00723762 0.999925 0.0212697 0.0 0.0 0.0 1.0
office/seq-05/color/frame-000174.color.png office/seq-05/color/frame-000176.color.png 0.999875 -0.000686448 -0.0157656 0.02602 0.000695985 1.0 0.000598253 -0.00268793 0.0157652 -0.000609146 0.999876 0.0240445 0.0 0.0 0.0 1.0
office/seq-05/color/frame-000176.color.png office/seq-05/color/frame-000178.color.png 0.999892 0.000920882 -0.014654 0.033382 -0.00104672 0.999963 -0.00858014 0.01377 0.0146456 0.00859457 0.999856 0.0234729 0.0 0.0 0.0 1.0
office/seq-05/color/frame-000178.color.png office/seq-05/color/frame-000180.color.png 0.999975 -0.000308371 -0.00701728 0.00803823 0.000348741 0.999984 0.00574874 -0.0215476 0.00701539 -0.00575103 0.999959 0.0254455 0.0 0.0 0.0 1.0
office/seq-05/color/frame-000180.color.png office/seq-05/color/frame-000182.color.png 0.999854 0.00454092 -0.0164771 0.0299959 -0.00460651 0.999982 -0.00394581 0.00212649 0.0164589 0.00402107 0.999856 0.0324264 0.0 0.0 0.0 1.0
office/seq-05/color/frame-000182.color.png office/seq-05/color/frame-000184.color.png 0.999889 0.00775422 -0.012701 0.0172415 -0.00779472 0.999965 -0.00314065 -0.00232631 0.0126762 0.00323936 0.999914 0.0277663 0.0 0.0 0.0 1.0
office/seq-05/color/frame-000184.color.png office/seq-05/color/frame-000186.color.png 0.999867 -0.000700154 -0.0162569 0.0227005 0.000710234 1.0 0.000615175 -0.0107403 0.0162564 -0.000626703 0.999868 0.0309829 0.0 0.0 0.0 1.0
office/seq-05/color/frame-000186.color.png office/seq-05/color/frame-000188.color.png 0.999842 0.000278062 -0.0177497 0.0237354 -0.000300645 0.999999 -0.00127275 -0.00242776 0.0177494 0.00127792 0.999842 0.0299015 0.0 0.0 0.0 1.0
office/seq-05/color/frame-000188.color.png office/seq-05/color/frame-000190.color.png 0.999794 -0.00224475 -0.0201483 0.031924 0.00230868 0.999992 0.00315104 -0.00985488 0.0201411 -0.00319687 0.999792 0.029779 0.0 0.0 0.0 1.0
office/seq-05/color/frame-000190.color.png office/seq-05/color/frame-000192.color.png 0.999817 -0.00390821 -0.0187188 0.0281992 0.00392167 0.999992 0.000682401 -0.00244114 0.018716 -0.000755667 0.999825 0.0324099 0.0 0.0 0.0 1.0
office/seq-05/color/frame-000192.color.png office/seq-05/color/frame-000194.color.png 0.999833 -0.00356732 -0.0179193 0.0250394 0.00356324 0.999994 -0.000262566 -0.00309286 0.0179201 0.000198615 0.999839 0.0234534 0.0 0.0 0.0 1.0
office/seq-05/color/frame-000194.color.png office/seq-05/color/frame-000196.color.png 0.999615 -0.000372139 -0.0277399 0.0527352 0.000490113 0.999991 0.00424809 -0.0144893 0.0277381 -0.00426001 0.999606 0.0299454 0.0 0.0 0.0 1.0
office/seq-05/color/frame-000196.color.png office/seq-05/color/frame-000198.color.png 0.99979 0.000861412 -0.0204521 0.0368399 -0.00111599 0.999922 -0.0124404 0.0324339 0.0204398 0.0124605 0.999713 0.0293775 0.0 0.0 0.0 1.0
office/seq-05/color/frame-000198.color.png office/seq-05/color/frame-000200.color.png 0.999717 -0.0124311 -0.020267 0.0343424 0.0122912 0.9999 -0.00701494 -0.00109389 0.0203522 0.00676389 0.99977 0.0266521 0.0 0.0 0.0 1.0
office/seq-05/color/frame-000200.color.png office/seq-05/color/frame-000202.color.png 0.999815 -0.00141144 -0.0191916 0.0392335 0.00125068 0.999964 -0.00838716 0.0176758 0.0192028 0.00836156 0.999781 0.0196433 0.0 0.0 0.0 1.0
office/seq-05/color/frame-000202.color.png office/seq-05/color/frame-000204.color.png 0.999795 0.00829618 -0.0184517 0.0397531 -0.00847429 0.999918 -0.00959484 0.011181 0.0183706 0.00974925 0.999784 0.0239103 0.0 0.0 0.0 1.0
office/seq-05/color/frame-000204.color.png office/seq-05/color/frame-000206.color.png 0.999741 -0.000543182 -0.0227334 0.0529241 0.000155277 0.999854 -0.0170617 0.0336302 0.0227394 0.0170538 0.999596 0.0292885 0.0 0.0 0.0 1.0
office/seq-05/color/frame-000206.color.png office/seq-05/color/frame-000208.color.png 0.999829 0.00245345 -0.0183395 0.0405757 -0.00288675 0.999716 -0.0236365 0.0395371 0.0182763 0.0236854 0.999552 0.0236607 0.0 0.0 0.0 1.0
office/seq-05/color/frame-000208.color.png office/seq-05/color/frame-000210.color.png 0.999749 -0.00278876 -0.0222479 0.0522237 0.0020919 0.999508 -0.0312853 0.0599116 0.0223242 0.0312309 0.999263 0.0219362 0.0 0.0 0.0 1.0
office/seq-05/color/frame-000210.color.png office/seq-05/color/frame-000212.color.png 0.999803 -0.0036631 -0.0195053 0.0368479 0.00337082 0.999882 -0.0149966 0.00669205 0.0195579 0.0149278 0.999697 0.0290592 0.0 0.0 0.0 1.0
office/seq-05/color/frame-000212.color.png office/seq-05/color/frame-000214.color.png 0.999957 -0.00131011 -0.00912975 0.0175162 0.00110353 0.999744 -0.0225982 0.0354607 0.00915706 0.0225872 0.999703 0.0143588 0.0 0.0 0.0 1.0
office/seq-05/color/frame-000214.color.png office/seq-05/color/frame-000216.color.png 0.999792 -0.00919927 -0.018225 0.0484863 0.00876651 0.999681 -0.0236823 0.0457473 0.018437 0.0235176 0.999553 0.0224359 0.0 0.0 0.0 1.0
office/seq-05/color/frame-000216.color.png office/seq-05/color/frame-000218.color.png 0.999943 -0.00412147 -0.00979518 0.0177686 0.0039588 0.999855 -0.0165693 0.020896 0.00986194 0.0165296 0.999815 0.0106027 0.0 0.0 0.0 1.0
office/seq-05/color/frame-000218.color.png office/seq-05/color/frame-000220.color.png 0.999774 0.00440462 -0.0207787 0.0573906 -0.00478662 0.99982 -0.0183722 0.0235681 0.0206942 0.0184675 0.999615 0.0342956 0.0 0.0 0.0 1.0
office/seq-05/color/frame-000220.color.png office/seq-05/color/frame-000222.color.png 0.999898 -0.00345962 -0.0138192 0.0268531 0.00312625 0.999705 -0.0240707 0.0439701 0.0138984 0.024025 0.999615 0.0159123 0.0 0.0 0.0 1.0
office/seq-05/color/frame-000222.color.png office/seq-05/color/frame-000224.color.png 0.999743 -0.00944568 -0.0206281 0.052935 0.00910246 0.99982 -0.01667 0.0178192 0.0207819 0.016478 0.999648 0.0203354 0.0 0.0 0.0 1.0
office/seq-05/color/frame-000224.color.png office/seq-05/color/frame-000226.color.png 0.999785 -0.0127585 -0.016355 0.0356421 0.0123584 0.999628 -0.0243331 0.0458956 0.0166593 0.0241257 0.99957 0.0158284 0.0 0.0 0.0 1.0
office/seq-05/color/frame-000226.color.png office/seq-05/color/frame-000228.color.png 0.999914 -0.00388833 -0.0125378 0.0257991 0.00365436 0.99982 -0.0186292 0.0248097 0.012608 0.0185818 0.999748 0.0115006 0.0 0.0 0.0 1.0
office/seq-05/color/frame-000228.color.png office/seq-05/color/frame-000230.color.png 0.999975 -0.00271416 -0.00648284 0.0127262 0.00259508 0.999829 -0.0183136 0.0264889 0.00653141 0.0182964 0.999811 0.00367212 0.0 0.0 0.0 1.0
office/seq-05/color/frame-000230.color.png office/seq-05/color/frame-000232.color.png 0.999663 -0.00855983 -0.024511 0.0522936 0.00845311 0.999954 -0.00445338 -0.013944 0.024548 0.00424468 0.99969 0.00805736 0.0 0.0 0.0 1.0
office/seq-05/color/frame-000232.color.png office/seq-05/color/frame-000234.color.png 0.999862 0.000594443 -0.01663 0.0357745 -0.00088623 0.999846 -0.0175432 0.0218326 0.016617 0.0175555 0.999708 0.00681639 0.0 0.0 0.0 1.0
office/seq-05/color/frame-000234.color.png office/seq-05/color/frame-000236.color.png 0.99984 -5.22364e-05 -0.0179027 0.0424831 0.000150449 0.999985 0.00548648 -0.0443559 0.0179022 -0.0054883 0.999825 0.00963807 0.0 0.0 0.0 1.0
office/seq-05/color/frame-000236.color.png office/seq-05/color/frame-000238.color.png 0.999597 -0.00406245 -0.0280843 0.0680481 0.00421875 0.999976 0.00550721 -0.0291348 0.0280612 -0.0056235 0.99959 0.000699043 0.0 0.0 0.0 1.0
office/seq-05/color/frame-000238.color.png office/seq-05/color/frame-000240.color.png 0.999861 0.00611834 -0.0154933 0.0296788 -0.00617397 0.999975 -0.00354663 0.00657445 0.0154713 0.00364179 0.999874 0.00690508 0.0 0.0 0.0 1.0
office/seq-05/color/frame-000240.color.png office/seq-05/color/frame-000242.color.png 0.999777 0.00491022 -0.0205323 0.0473067 -0.00484658 0.999983 0.00314917 -0.0130411 0.0205473 -0.00304894 0.999784 0.00469518 0.0 0.0 0.0 1.0
office/seq-05/color/frame-000242.color.png office/seq-05/color/frame-000244.color.png 0.99987 0.00957929 -0.012995 0.0270457 -0.00950351 0.999937 0.00587968 -0.021303 0.0130504 -0.00575543 0.999898 0.00422788 0.0 0.0 0.0 1.0
office/seq-05/color/frame-000244.color.png office/seq-05/color/frame-000246.color.png 0.999901 0.0113199 -0.00830709 0.0251675 -0.0112374 0.999888 0.00990199 -0.0287808 0.00841828 -0.00980763 0.999916 -0.00190687 0.0 0.0 0.0 1.0
office/seq-05/color/frame-000246.color.png office/seq-05/color/frame-000248.color.png 0.999932 0.0115853 -0.000978449 0.00909679 -0.0115861 0.999933 -0.000717234 0.00325567 0.000970069 0.000728491 0.999999 0.00450397 0.0 0.0 0.0 1.0
office/seq-05/color/frame-000248.color.png office/seq-05/color/frame-000250.color.png 0.999939 0.0106775 0.00286009 -0.000886768 -0.0106943 0.999925 0.00592267 -0.00859648 -0.00279667 -0.00595288 0.999978 -0.0166037 0.0 0.0 0.0 1.0
office/seq-05/color/frame-000250.color.png office/seq-05/color/frame-000252.color.png 0.999837 0.0172743 0.00517817 -0.00040324 -0.0173561 0.999718 0.0161954 -0.0326312 -0.00489691 -0.0162827 0.999855 -0.00634599 0.0 0.0 0.0 1.0
office/seq-05/color/frame-000252.color.png office/seq-05/color/frame-000254.color.png 0.999949 0.00994928 -0.0016853 0.00770923 -0.00992473 0.999853 0.013978 -0.0346712 0.00182426 -0.0139605 0.999901 -0.0110767 0.0 0.0 0.0 1.0
office/seq-05/color/frame-000254.color.png office/seq-05/color/frame-000256.color.png 0.999897 0.0140203 -0.00291742 0.0133548 -0.0140074 0.999892 0.00441177 -0.00374997 0.00297895 -0.00437045 0.999986 -0.00411153 0.0 0.0 0.0 1.0
office/seq-05/color/frame-000256.color.png office/seq-05/color/frame-000258.color.png 0.999974 0.00623644 0.0036062 -0.0106844 -0.00628252 0.999897 0.0129152 -0.0213228 -0.00352528 -0.0129376 0.99991 -0.0215719 0.0 0.0 0.0 1.0
office/seq-05/color/frame-000258.color.png office/seq-05/color/frame-000260.color.png 0.999946 0.0103414 0.00027533 0.00314842 -0.0103451 0.999623 0.0254374 -0.0543349 -1.22797e-05 -0.0254389 0.999676 -0.0239007 0.0 0.0 0.0 1.0
office/seq-05/color/frame-000260.color.png office/seq-05/color/frame-000262.color.png 0.999967 0.00804214 0.00147775 -0.011932 -0.00805535 0.999925 0.00916307 -0.0170333 -0.00140391 -0.00917467 0.999957 -0.0102358 0.0 0.0 0.0 1.0
office/seq-05/color/frame-000262.color.png office/seq-05/color/frame-000264.color.png 0.999918 0.0116678 -0.00530073 0.015713 -0.0116026 0.999859 0.0121741 -0.010116 0.00544194 -0.0121116 0.999912 -0.00882626 0.0 0.0 0.0 1.0
office/seq-05/color/frame-000264.color.png office/seq-05/color/frame-000266.color.png 0.999843 0.008299 -0.0156772 0.0351163 -0.00784165 0.999548 0.0290133 -0.0663043 0.0159111 -0.0288858 0.999456 -0.0174885 0.0 0.0 0.0 1.0
office/seq-05/color/frame-000266.color.png office/seq-05/color/frame-000268.color.png 0.999569 0.0168038 -0.0240628 0.0646589 -0.0162651 0.999617 0.0224088 -0.0431157 0.0244302 -0.0220077 0.999459 -0.00108242 0.0 0.0 0.0 1.0
office/seq-05/color/frame-000268.color.png office/seq-05/color/frame-000270.color.png 0.999895 0.0113339 -0.00898933 0.022214 -0.0113349 0.999936 -4.99378e-05 0.0140561 0.00898805 0.000151863 0.99996 0.000504971 0.0 0.0 0.0 1.0
office/seq-05/color/frame-000270.color.png office/seq-05/color/frame-000272.color.png 0.999706 0.00447257 -0.023843 0.0517308 -0.0036742 0.999434 0.0334238 -0.0737289 0.0239791 -0.0333263 0.999157 -0.00816298 0.0 0.0 0.0 1.0
office/seq-05/color/frame-000272.color.png office/seq-05/color/frame-000274.color.png 0.999194 0.00989578 -0.0388959 0.0893598 -0.00936375 0.99986 0.0138382 -0.0190827 0.0390277 -0.0134628 0.999147 0.00931048 0.0 0.0 0.0 1.0
office/seq-05/color/frame-000274.color.png office/seq-05/color/frame-000276.color.png 0.999926 0.0110411 -0.00513173 0.00390834 -0.0110138 0.999925 0.00531041 -0.00345111 0.00518989 -0.00525347 0.999973 -0.011631 0.0 0.0 0.0 1.0
office/seq-05/color/frame-000276.color.png office/seq-05/color/frame-000278.color.png 0.999437 0.0205898 -0.026478 0.0680268 -0.0202726 0.99972 0.0121908 -0.0110805 0.0267214 -0.0116471 0.999575 0.0113769 0.0 0.0 0.0 1.0
office/seq-05/color/frame-000278.color.png office/seq-05/color/frame-000280.color.png 0.999114 0.0166982 -0.0386192 0.0981436 -0.0161006 0.999747 0.0157376 -0.0265805 0.0388724 -0.0151019 0.99913 0.00859237 0.0 0.0 0.0 1.0
office/seq-05/color/frame-000280.color.png office/seq-05/color/frame-000282.color.png 0.999591 0.017596 -0.0225684 0.0601279 -0.017723 0.999828 -0.00544206 0.027077 0.0224687 0.00583984 0.999731 0.014163 0.0 0.0 0.0 1.0
office/seq-05/color/frame-000282.color.png office/seq-05/color/frame-000284.color.png 0.999447 0.0144006 -0.0299657 0.0727227 -0.0141889 0.999873 0.00726392 -0.0177032 0.0300665 -0.00683475 0.999524 0.0152512 0.0 0.0 0.0 1.0
office/seq-05/color/frame-000284.color.png office/seq-05/color/frame-000286.color.png 0.999826 0.00786246 -0.0169476 0.0499547 -0.00777688 0.999957 0.00510647 -0.0123128 0.0169871 -0.00497375 0.999843 0.00876498 0.0 0.0 0.0 1.0
office/seq-05/color/frame-000286.color.png office/seq-05/color/frame-000288.color.png 0.999918 0.00905626 -0.00901774 0.0241156 -0.00910008 0.999947 -0.00482753 0.0175084 0.00897344 0.00490919 0.999948 0.000733376 0.0 0.0 0.0 1.0
office/seq-05/color/frame-000288.color.png office/seq-05/color/frame-000290.color.png 0.999594 0.0105732 -0.0264558 0.0709671 -0.0104935 0.99994 0.00315271 -0.00922447 0.0264876 -0.00287382 0.999645 0.0116982 0.0 0.0 0.0 1.0
office/seq-05/color/frame-000290.color.png office/seq-05/color/frame-000292.color.png 0.999703 0.0066362 -0.0234523 0.0723362 -0.00662929 0.999978 0.00037193 0.00355834 0.0234541 -0.000216345 0.999725 0.0133128 0.0 0.0 0.0 1.0
office/seq-05/color/frame-000292.color.png office/seq-05/color/frame-000294.color.png 0.999353 0.0160186 -0.0321879 0.0920892 -0.0158102 0.999852 0.00671936 -0.0113461 0.0322908 -0.00620609 0.999459 0.0119069 0.0 0.0 0.0 1.0
office/seq-05/color/frame-000294.color.png office/seq-05/color/frame-000296.color.png 0.999784 0.00698356 -0.0195847 0.0551951 -0.00678174 0.999923 0.0103488 -0.0281168 0.0196555 -0.0102137 0.999755 0.00688601 0.0 0.0 0.0 1.0
office/seq-05/color/frame-000296.color.png office/seq-05/color/frame-000298.color.png 0.99926 0.0144267 -0.0356498 0.0908429 -0.0137976 0.999746 0.0178271 -0.037304 0.0358979 -0.0173221 0.999205 0.00426888 0.0 0.0 0.0 1.0
office/seq-05/color/frame-000298.color.png office/seq-05/color/frame-000300.color.png 0.999838 0.00292073 -0.0177858 0.0473433 -0.00270613 0.999923 0.0120779 -0.0188234 0.0178197 -0.0120278 0.999769 -0.00154853 0.0 0.0 0.0 1.0
office/seq-05/color/frame-000300.color.png office/seq-05/color/frame-000302.color.png 0.999721 0.0106651 -0.0211001 0.0582253 -0.0104476 0.999891 0.0103895 -0.0262353 0.0212087 -0.0101661 0.999723 0.00459576 0.0 0.0 0.0 1.0
office/seq-05/color/frame-000302.color.png office/seq-05/color/frame-000304.color.png 0.999024 0.0199995 -0.0393943 0.109057 -0.0194089 0.999694 0.0153185 -0.0372488 0.0396887 -0.0145389 0.999106 0.0109563 0.0 0.0 0.0 1.0
office/seq-05/color/frame-000304.color.png office/seq-05/color/frame-000306.color.png 0.999863 0.00462423 -0.0158838 0.0412842 -0.00460586 0.999989 0.00119231 0.0029718 0.015889 -0.00111899 0.999873 0.00152421 0.0 0.0 0.0 1.0
office/seq-05/color/frame-000306.color.png office/seq-05/color/frame-000308.color.png 0.999802 0.0140091 -0.0141294 0.0410381 -0.0139072 0.999877 0.00728481 -0.0217204 0.0142297 -0.00708689 0.999874 0.00244284 0.0 0.0 0.0 1.0
office/seq-05/color/frame-000308.color.png office/seq-05/color/frame-000310.color.png 0.999843 0.0115817 -0.013391 0.0372457 -0.0114672 0.999897 0.00859377 -0.0188778 0.0134891 -0.00843887 0.999873 0.000165701 0.0 0.0 0.0 1.0
office/seq-05/color/frame-000310.color.png office/seq-05/color/frame-000312.color.png 0.999577 0.0147572 -0.0250606 0.05864 -0.0145938 0.999871 0.0066916 -0.0038344 0.0251563 -0.00632303 0.999664 -0.00160933 0.0 0.0 0.0 1.0
office/seq-05/color/frame-000312.color.png office/seq-05/color/frame-000314.color.png 0.999853 0.00472667 -0.0164525 0.0409669 -0.00471083 0.999988 0.000999206 -0.000333518 0.016457 -0.000921523 0.999864 -4.72069e-05 0.0 0.0 0.0 1.0
office/seq-05/color/frame-000314.color.png office/seq-05/color/frame-000316.color.png 0.999856 0.00346341 -0.0166217 0.0332544 -0.00334921 0.999971 0.00689781 -0.0119099 0.0166452 -0.00684115 0.999838 0.000285387 0.0 0.0 0.0 1.0
office/seq-05/color/frame-000316.color.png office/seq-05/color/frame-000318.color.png 0.999388 0.00991858 -0.033537 0.0926481 -0.00985588 0.999949 0.00202938 -0.00380993 0.0335555 -0.00169762 0.999435 -0.00616717 0.0 0.0 0.0 1.0
office/seq-05/color/frame-000318.color.png office/seq-05/color/frame-000320.color.png 0.999885 0.00311646 -0.0148332 0.0360676 -0.00306239 0.999988 0.00367548 0.0038957 0.0148446 -0.00362964 0.999883 0.00351477 0.0 0.0 0.0 1.0
office/seq-05/color/frame-000320.color.png office/seq-05/color/frame-000322.color.png 0.999756 0.018929 -0.0113451 0.0244168 -0.0189697 0.999814 -0.00349146 0.000141144 0.0112768 0.00370585 0.99993 -0.00843501 0.0 0.0 0.0 1.0
office/seq-05/color/frame-000322.color.png office/seq-05/color/frame-000324.color.png 0.999328 0.0201174 -0.0306498 0.0766893 -0.0198674 0.999767 0.00843642 -0.0164147 0.0308124 -0.00782187 0.999495 -0.000925303 0.0 0.0 0.0 1.0
office/seq-05/color/frame-000324.color.png office/seq-05/color/frame-000326.color.png 0.999793 0.0118938 -0.0164836 0.0424336 -0.0118618 0.999927 0.00204284 0.00306803 0.0165067 -0.00184684 0.999862 0.00216317 0.0 0.0 0.0 1.0
office/seq-05/color/frame-000326.color.png office/seq-05/color/frame-000328.color.png 0.999703 0.00815468 -0.0229828 0.0462475 -0.00823969 0.999959 -0.00360323 0.020468 0.0229524 0.00379152 0.999729 0.00102353 0.0 0.0 0.0 1.0
office/seq-05/color/frame-000328.color.png office/seq-05/color/frame-000330.color.png 0.999145 0.00634731 -0.040843 0.0889392 -0.00622816 0.999976 0.00304313 -0.00405174 0.0408613 -0.00278616 0.999161 0.001899 0.0 0.0 0.0 1.0
office/seq-05/color/frame-000330.color.png office/seq-05/color/frame-000332.color.png 0.999884 0.00584344 -0.0140733 0.0350245 -0.00581126 0.999981 0.00232668 -0.00996229 0.0140866 -0.00224462 0.999898 0.00146532 0.0 0.0 0.0 1.0
office/seq-05/color/frame-000332.color.png office/seq-05/color/frame-000334.color.png 0.999606 0.0056425 -0.0274976 0.0576168 -0.00530829 0.999911 0.0122121 -0.0250382 0.0275641 -0.0120613 0.999547 -0.000528812 0.0 0.0 0.0 1.0
office/seq-05/color/frame-000334.color.png office/seq-05/color/frame-000336.color.png 0.999879 0.00387759 -0.0150579 0.0362343 -0.00390487 0.999991 -0.00178935 0.00411424 0.0150508 0.00184791 0.999885 0.00132275 0.0 0.0 0.0 1.0
office/seq-05/color/frame-000336.color.png office/seq-05/color/frame-000338.color.png 0.999924 0.00575925 -0.0108719 0.0262055 -0.00573318 0.99998 0.00243512 -0.00013724 0.0108856 -0.00237264 0.999938 0.00048995 0.0 0.0 0.0 1.0
office/seq-05/color/frame-000338.color.png office/seq-05/color/frame-000340.color.png 0.999823 0.0115023 -0.0148919 0.0301323 -0.0113704 0.999896 0.00890518 -0.0153248 0.0149929 -0.00873421 0.999849 -0.00216079 0.0 0.0 0.0 1.0
office/seq-05/color/frame-000340.color.png office/seq-05/color/frame-000342.color.png 0.999954 0.00700894 -0.0065473 0.0142282 -0.00700205 0.999975 0.00108927 -0.00223237 0.00655471 -0.00104341 0.999978 -0.00587511 0.0 0.0 0.0 1.0
office/seq-05/color/frame-000342.color.png office/seq-05/color/frame-000344.color.png 0.999744 0.00595569 -0.0218521 0.0480757 -0.00597152 0.999982 -0.000662803 0.0029355 0.0218478 0.000793128 0.999761 0.0028944 0.0 0.0 0.0 1.0
office/seq-05/color/frame-000344.color.png office/seq-05/color/frame-000346.color.png 0.999982 0.00352021 -0.00487557 0.0124826 -0.00351281 0.999993 0.00153924 -0.000749141 0.00488096 -0.00152206 0.999987 -0.00449133 0.0 0.0 0.0 1.0
office/seq-05/color/frame-000346.color.png office/seq-05/color/frame-000348.color.png 0.999711 0.00652283 -0.023126 0.0429146 -0.00658014 0.999975 -0.00239894 0.0164492 0.0231098 0.00255044 0.99973 0.0030098 0.0 0.0 0.0 1.0
office/seq-05/color/frame-000348.color.png office/seq-05/color/frame-000350.color.png 0.99994 0.00309821 -0.0104778 0.0217471 -0.00313755 0.999988 -0.00375391 0.0116338 0.010466 0.00378653 0.999938 0.000844479 0.0 0.0 0.0 1.0
office/seq-05/color/frame-000350.color.png office/seq-05/color/frame-000352.color.png 0.999793 0.0114236 -0.0168211 0.0371575 -0.0113696 0.99993 0.00330503 -0.00747108 0.0168577 -0.00311314 0.999853 -0.0057919 0.0 0.0 0.0 1.0
