redkitchen/seq-05/color/frame-000000.color.png redkitchen/seq-05/color/frame-000003.color.png 0.999999 0.00026464 0.00118784 -0.00102796 -0.000260712 0.999995 -0.00330568 0.00379001 -0.00118871 0.00330537 0.999994 0.000867284 0.0 0.0 0.0 1.0
redkitchen/seq-05/color/frame-000001.color.png redkitchen/seq-05/color/frame-000004.color.png 0.999999 -0.00129234 -0.000399118 0.000998202 0.00129135 0.999996 -0.00245612 0.00137749 0.000402291 0.0024556 0.999997 0.000162527 0.0 0.0 0.0 1.0
redkitchen/seq-05/color/frame-000002.color.png redkitchen/seq-05/color/frame-000005.color.png 1.0 -0.000700621 0.000645252 -0.00191289 0.00069975 0.999999 0.00134813 -0.00383985 -0.000646195 -0.00134768 0.999999 -0.000418712 0.0 0.0 0.0 1.0
redkitchen/seq-05/color/frame-000003.color.png redkitchen/seq-05/color/frame-000006.color.png 1.0 -0.000876069 -0.000138781 4.49684e-05 0.000876084 1.0 0.000107023 -0.000757014 0.000138687 -0.000107144 1.0 0.00118726 0.0 0.0 0.0 1.0
redkitchen/seq-05/color/frame-000004.color.png redkitchen/seq-05/color/frame-000007.color.png 0.999997 -0.0022164 0.000492093 -0.000538471 0.00221633 0.999997 0.000144046 -0.000990591 -0.000492411 -0.000142956 1.0 0.00139869 0.0 0.0 0.0 1.0
redkitchen/seq-05/color/frame-000005.color.png redkitchen/seq-05/color/frame-000008.color.png 0.999995 -0.00318799 -0.000328384 0.00198713 0.00318778 0.999995 -0.000647492 0.000273206 0.000330447 0.000646442 1.0 0.00104646 0.0 0.0 0.0 1.0
redkitchen/seq-05/color/frame-000006.color.png redkitchen/seq-05/color/frame-000009.color.png 0.999993 -0.00200627 0.0030121 -0.00133242 0.00200588 0.999998 0.000134311 -0.00066257 -0.00301236 -0.000128268 0.999995 0.00103773 0.0 0.0 0.0 1.0
redkitchen/seq-05/color/frame-000007.color.png redkitchen/seq-05/color/frame-000010.color.png 0.999995 -0.00135099 0.00300241 0.00074508 0.00135266 0.999999 -0.000554276 0.000544955 -0.00300166 0.000558334 0.999995 0.000835062 0.0 0.0 0.0 1.0
redkitchen/seq-05/color/frame-000008.color.png redkitchen/seq-05/color/frame-000011.color.png 0.999999 -0.00164172 0.000531946 0.00320249 0.00164231 0.999998 -0.00111509 0.0014211 -0.000530114 0.00111596 0.999999 0.000433081 0.0 0.0 0.0 1.0
redkitchen/seq-05/color/frame-000009.color.png redkitchen/seq-05/color/frame-000012.color.png 0.999998 -0.00148288 0.000990611 -0.000274912 0.00148227 0.999999 0.000610526 -0.00176784 -0.000991515 -0.000609058 0.999999 0.000845675 0.0 0.0 0.0 1.0
redkitchen/seq-05/color/frame-000010.color.png redkitchen/seq-05/color/frame-000013.color.png 0.999997 -0.00067916 0.00227684 -0.000808092 0.000679114 1.0 2.07414e-05 -0.00114962 -0.00227685 -1.91946e-05 0.999997 0.00110182 0.0 0.0 0.0 1.0
redkitchen/seq-05/color/frame-000011.color.png redkitchen/seq-05/color/frame-000014.color.png 0.999995 -0.0025069 0.00198627 0.000953114 0.00251072 0.999995 -0.00192513 0.00219018 -0.00198143 0.00193011 0.999996 -0.000254541 0.0 0.0 0.0 1.0
redkitchen/seq-05/color/frame-000012.color.png redkitchen/seq-05/color/frame-000015.color.png 0.999974 -0.00575741 -0.00442737 0.00795871 0.00575312 0.999983 -0.000981735 0.00350481 0.00443295 0.000956238 0.99999 -0.00319671 0.0 0.0 0.0 1.0
redkitchen/seq-05/color/frame-000013.color.png redkitchen/seq-05/color/frame-000016.color.png 0.999941 -0.00475402 -0.00973905 0.00712027 0.00475547 0.999989 0.000125979 0.00451402 0.00973834 -0.000172286 0.999953 -0.00239066 0.0 0.0 0.0 1.0
redkitchen/seq-05/color/frame-000014.color.png redkitchen/seq-05/color/frame-000017.color.png 0.999949 -0.0012574 -0.0100107 0.00177273 0.00128155 0.999996 0.00240646 -7.63014e-05 0.0100076 -0.00241916 0.999947 -0.00120767 0.0 0.0 0.0 1.0
redkitchen/seq-05/color/frame-000015.color.png redkitchen/seq-05/color/frame-000018.color.png 0.999929 0.00157233 -0.0117967 0.00205935 -0.00156319 0.999998 0.000783585 0.00117187 0.0117979 -0.000765089 0.99993 -0.00239501 0.0 0.0 0.0 1.0
redkitchen/seq-05/color/frame-000016.color.png redkitchen/seq-05/color/frame-000019.color.png 0.999891 -0.000144872 -0.0147531 0.00212233 0.000136232 1.0 -0.000586495 0.00433957 0.0147532 0.000584421 0.999891 -0.00568954 0.0 0.0 0.0 1.0
redkitchen/seq-05/color/frame-000017.color.png redkitchen/seq-05/color/frame-000020.color.png 0.999789 0.00192114 -0.0204709 0.00361467 -0.0020217 0.999986 -0.00489275 0.00967322 0.0204612 0.0049331 0.999779 -0.00381778 0.0 0.0 0.0 1.0
redkitchen/seq-05/color/frame-000018.color.png redkitchen/seq-05/color/frame-000021.color.png 0.999879 0.00678123 -0.0139738 -0.00738195 -0.00678982 0.999977 -0.000567572 -0.00262875 0.0139696 0.000662383 0.999902 -0.00127025 0.0 0.0 0.0 1.0
redkitchen/seq-05/color/frame-000019.color.png redkitchen/seq-05/color/frame-000022.color.png 0.999932 0.00675829 -0.00948049 -0.00636938 -0.00674172 0.999976 0.00177791 -0.00945242 0.00949228 -0.00171388 0.999953 -0.000128425 0.0 0.0 0.0 1.0
redkitchen/seq-05/color/frame-000020.color.png redkitchen/seq-05/color/frame-000023.color.png 0.999931 0.000893069 -0.0117328 0.000749026 -0.000879481 0.999999 0.00116325 -0.00406106 0.0117339 -0.00115284 0.99993 -0.00581385 0.0 0.0 0.0 1.0
redkitchen/seq-05/color/frame-000021.color.png redkitchen/seq-05/color/frame-000024.color.png 0.999831 -0.000526474 -0.0183725 0.00235891 0.000502966 0.999999 -0.00128415 0.00201932 0.0183732 0.00127469 0.99983 -0.00467085 0.0 0.0 0.0 1.0
redkitchen/seq-05/color/frame-000022.color.png redkitchen/seq-05/color/frame-000025.color.png 0.999789 0.00246634 -0.0203711 -0.000480213 -0.00242493 0.999995 0.00205721 -0.00245099 0.020376 -0.00200738 0.99979 -0.00682548 0.0 0.0 0.0 1.0
redkitchen/seq-05/color/frame-000023.color.png redkitchen/seq-05/color/frame-000026.color.png 0.999795 0.00469298 -0.019695 -0.0022564 -0.00458904 0.999975 0.0053192 -0.00593585 0.0197195 -0.00522773 0.999792 -0.00468366 0.0 0.0 0.0 1.0
redkitchen/seq-05/color/frame-000024.color.png redkitchen/seq-05/color/frame-000027.color.png 0.999783 0.00380445 -0.0204853 0.000431889 -0.00365997 0.999968 0.00708547 -0.00566795 0.0205116 -0.00700896 0.999765 -0.0061462 0.0 0.0 0.0 1.0
redkitchen/seq-05/color/frame-000025.color.png redkitchen/seq-05/color/frame-000028.color.png 0.999746 0.00217547 -0.0224268 -0.00188962 -0.00217496 0.999998 4.71055e-05 0.00630897 0.0224269 1.68387e-06 0.999748 -0.00285509 0.0 0.0 0.0 1.0
redkitchen/seq-05/color/frame-000026.color.png redkitchen/seq-05/color/frame-000029.color.png 0.999709 0.00545016 -0.0235034 -0.00554123 -0.00535609 0.999977 0.00406342 -0.00527622 0.023525 -0.00393635 0.999716 -0.00365531 0.0 0.0 0.0 1.0
redkitchen/seq-05/color/frame-000027.color.png redkitchen/seq-05/color/frame-000030.color.png 0.999704 0.00859743 -0.0227725 -0.00893794 -0.00851185 0.999956 0.0038523 -0.00361189 0.0228047 -0.00365732 0.999733 -0.00652498 0.0 0.0 0.0 1.0
redkitchen/seq-05/color/frame-000028.color.png redkitchen/seq-05/color/frame-000031.color.png 0.999607 0.0131257 -0.0247889 -0.00413837 -0.0130076 0.999903 0.00491981 -0.00427459 0.0248511 -0.00459543 0.999681 -0.00328847 0.0 0.0 0.0 1.0
redkitchen/seq-05/color/frame-000029.color.png redkitchen/seq-05/color/frame-000032.color.png 0.999729 0.0121523 -0.0198793 -0.0104899 -0.0122165 0.99992 -0.00311444 0.00620206 0.0198399 0.00335646 0.999798 -0.00231989 0.0 0.0 0.0 1.0
redkitchen/seq-05/color/frame-000030.color.png redkitchen/seq-05/color/frame-000033.color.png 0.99974 0.0113914 -0.019748 -0.010355 -0.0115432 0.999905 -0.0075915 0.0050009 0.0196597 0.00781748 0.999776 -0.00324281 0.0 0.0 0.0 1.0
redkitchen/seq-05/color/frame-000031.color.png redkitchen/seq-05/color/frame-000034.color.png 0.999915 0.00616518 -0.0115071 -0.0101991 -0.00622795 0.999966 -0.00542737 -0.000466496 0.0114733 0.00549858 0.999919 -0.0057082 0.0 0.0 0.0 1.0
redkitchen/seq-05/color/frame-000032.color.png redkitchen/seq-05/color/frame-000035.color.png 0.999832 0.00842015 -0.0162871 -0.00372344 -0.00840424 0.999964 0.00104481 -0.00764074 0.0162953 -0.000907751 0.999867 -0.00671136 0.0 0.0 0.0 1.0
redkitchen/seq-05/color/frame-000033.color.png redkitchen/seq-05/color/frame-000036.color.png 0.999708 0.00723817 -0.0230432 0.00564249 -0.00713861 0.999965 0.0043998 -0.00449727 0.0230742 -0.00423402 0.999725 0.000159837 0.0 0.0 0.0 1.0
redkitchen/seq-05/color/frame-000034.color.png redkitchen/seq-05/color/frame-000037.color.png 0.999602 0.0103975 -0.0262239 -0.00687767 -0.0103116 0.999941 0.00340567 -0.00172771 0.0262578 -0.00313391 0.99965 -0.00423747 0.0 0.0 0.0 1.0
redkitchen/seq-05/color/frame-000035.color.png redkitchen/seq-05/color/frame-000038.color.png 0.999585 0.0100925 -0.026995 -0.00382581 -0.0100534 0.999948 0.0015839 0.00165211 0.0270095 -0.00131185 0.999634 -0.00373928 0.0 0.0 0.0 1.0
redkitchen/seq-05/color/frame-000036.color.png redkitchen/seq-05/color/frame-000039.color.png 0.999668 0.00946141 -0.0239542 -0.0080042 -0.0094834 0.999955 -0.000804803 0.00539531 0.0239455 0.0010317 0.999713 -0.0069843 0.0 0.0 0.0 1.0
redkitchen/seq-05/color/frame-000037.color.png redkitchen/seq-05/color/frame-000040.color.png 0.999533 0.0100318 -0.0288494 -0.00337896 -0.010078 0.999948 -0.00145596 0.00602303 0.0288333 0.00174603 0.999583 -0.00402992 0.0 0.0 0.0 1.0
redkitchen/seq-05/color/frame-000038.color.png redkitchen/seq-05/color/frame-000041.color.png 0.999752 0.00643665 -0.0213322 -0.00112274 -0.00654277 0.999967 -0.00490817 0.0112626 0.0212999 0.00504652 0.99976 -0.002476 0.0 0.0 0.0 1.0
redkitchen/seq-05/color/frame-000039.color.png redkitchen/seq-05/color/frame-000042.color.png 0.999764 0.0124933 -0.017791 -0.00697326 -0.0125536 0.999916 -0.00328398 0.00365882 0.0177484 0.00350655 0.999836 -0.00181454 0.0 0.0 0.0 1.0
redkitchen/seq-05/color/frame-000040.color.png redkitchen/seq-05/color/frame-000043.color.png 0.999927 0.0107997 -0.00539689 -0.019442 -0.0108149 0.999938 -0.00279545 0.00150652 0.00536637 0.00285362 0.999982 -0.00545548 0.0 0.0 0.0 1.0
redkitchen/seq-05/color/frame-000041.color.png redkitchen/seq-05/color/frame-000044.color.png 0.999707 0.0136959 -0.0199464 -0.00602234 -0.0136676 0.999905 0.00155559 -0.00486392 0.0199658 -0.00128251 0.9998 -0.0048278 0.0 0.0 0.0 1.0
redkitchen/seq-05/color/frame-000042.color.png redkitchen/seq-05/color/frame-000045.color.png 0.99989 0.00567823 -0.0136779 -0.017119 -0.00558419 0.999961 0.00690458 -0.00745108 0.0137166 -0.00682745 0.999883 -0.00770611 0.0 0.0 0.0 1.0
redkitchen/seq-05/color/frame-000043.color.png redkitchen/seq-05/color/frame-000046.color.png 0.999718 0.00462332 -0.0232849 -0.00313336 -0.00441536 0.99995 0.00897496 -0.00532137 0.0233253 -0.00886962 0.999688 -0.00411131 0.0 0.0 0.0 1.0
redkitchen/seq-05/color/frame-000044.color.png redkitchen/seq-05/color/frame-000047.color.png 0.999769 0.00259947 -0.0213174 -0.00964211 -0.00239361 0.99995 0.0096767 -0.000363958 0.0213415 -0.00962344 0.999726 -0.00427615 0.0 0.0 0.0 1.0
redkitchen/seq-05/color/frame-000045.color.png redkitchen/seq-05/color/frame-000048.color.png 0.999861 0.00144069 -0.0166012 -0.000745628 -0.00133268 0.999978 0.00651445 0.00121703 0.0166102 -0.00649142 0.999841 -0.000792295 0.0 0.0 0.0 1.0
redkitchen/seq-05/color/frame-000046.color.png redkitchen/seq-05/color/frame-000049.color.png 0.999896 0.000315709 -0.0143942 -0.00488271 -0.000296596 0.999999 0.00132968 0.00848063 0.0143946 -0.00132528 0.999896 -8.25487e-05 0.0 0.0 0.0 1.0
redkitchen/seq-05/color/frame-000047.color.png redkitchen/seq-05/color/frame-000050.color.png 0.999917 0.00319735 -0.0125095 -0.00573504 -0.00323692 0.99999 -0.00314291 0.0104023 0.0124994 0.00318314 0.999917 0.000137698 0.0 0.0 0.0 1.0
redkitchen/seq-05/color/frame-000048.color.png redkitchen/seq-05/color/frame-000051.color.png 0.999843 0.00689673 -0.0163009 -0.0121346 -0.00695223 0.99997 -0.00335108 0.0116743 0.0162773 0.00346388 0.999861 -0.00566057 0.0 0.0 0.0 1.0
redkitchen/seq-05/color/frame-000049.color.png redkitchen/seq-05/color/frame-000052.color.png 0.99975 0.0111595 -0.0193998 -0.00367923 -0.011119 0.999936 0.00219353 -0.000827206 0.019423 -0.00197727 0.999809 -0.00197655 0.0 0.0 0.0 1.0
redkitchen/seq-05/color/frame-000050.color.png redkitchen/seq-05/color/frame-000053.color.png 0.999765 0.010503 -0.0189443 -0.00436686 -0.010414 0.999934 0.0047924 -0.00414792 0.0189933 -0.00459399 0.999809 -0.00255496 0.0 0.0 0.0 1.0
redkitchen/seq-05/color/frame-000051.color.png redkitchen/seq-05/color/frame-000054.color.png 0.999721 0.0107863 -0.021015 -0.00399401 -0.0107015 0.999934 0.00414538 0.000242163 0.0210583 -0.00391933 0.999771 -0.002812 0.0 0.0 0.0 1.0
redkitchen/seq-05/color/frame-000052.color.png redkitchen/seq-05/color/frame-000055.color.png 0.99967 0.0111034 -0.0231558 -0.00354389 -0.0110122 0.999931 0.00406025 0.00071288 0.0231993 -0.00380391 0.999724 0.000382669 0.0 0.0 0.0 1.0
redkitchen/seq-05/color/frame-000053.color.png redkitchen/seq-05/color/frame-000056.color.png 0.999928 0.00654246 -0.0100155 -0.0145388 -0.00654879 0.999978 -0.000599222 0.00691049 0.0100113 0.000664773 0.99995 -0.00153315 0.0 0.0 0.0 1.0
redkitchen/seq-05/color/frame-000054.color.png redkitchen/seq-05/color/frame-000057.color.png 0.999958 0.00437574 -0.00809108 -0.0146433 -0.00440646 0.999983 -0.00378302 0.0108277 0.00807434 0.00381851 0.99996 -0.00358931 0.0 0.0 0.0 1.0
redkitchen/seq-05/color/frame-000055.color.png redkitchen/seq-05/color/frame-000058.color.png 0.999904 0.00460813 -0.0130454 -0.00758113 -0.00461681 0.999989 -0.000636606 0.00539885 0.0130423 0.000696778 0.999915 -0.0029593 0.0 0.0 0.0 1.0
redkitchen/seq-05/color/frame-000056.color.png redkitchen/seq-05/color/frame-000059.color.png 0.999642 0.00979939 -0.0248903 -0.00542821 -0.00976263 0.999951 0.00159862 0.00245562 0.0249047 -0.00135505 0.999689 -0.00303251 0.0 0.0 0.0 1.0
redkitchen/seq-05/color/frame-000057.color.png redkitchen/seq-05/color/frame-000060.color.png 0.999556 0.0127154 -0.0269336 -0.00397238 -0.0126571 0.999917 0.00233425 0.000435332 0.0269611 -0.00199231 0.999634 0.000486981 0.0 0.0 0.0 1.0
redkitchen/seq-05/color/frame-000058.color.png redkitchen/seq-05/color/frame-000061.color.png 0.999742 0.00996938 -0.0204334 -0.0109729 -0.00994759 0.99995 0.00116837 0.00337997 0.0204441 -0.000964807 0.999791 -0.00377871 0.0 0.0 0.0 1.0
redkitchen/seq-05/color/frame-000059.color.png redkitchen/seq-05/color/frame-000062.color.png 0.999704 0.0133756 -0.0203171 -0.00772126 -0.0131867 0.999869 0.00940338 -0.00698412 0.0204403 -0.00913269 0.999749 -0.00188508 0.0 0.0 0.0 1.0
redkitchen/seq-05/color/frame-000060.color.png redkitchen/seq-05/color/frame-000063.color.png 0.999812 0.0099902 -0.0166175 0.00165582 -0.00983304 0.999906 0.0095114 -0.00865132 0.016711 -0.0093462 0.999817 0.00134593 0.0 0.0 0.0 1.0
redkitchen/seq-05/color/frame-000061.color.png redkitchen/seq-05/color/frame-000064.color.png 0.999808 0.0102504 -0.0167016 -0.0055205 -0.0101346 0.999924 0.00700178 0.000582771 0.0167721 -0.00683117 0.999836 0.000114154 0.0 0.0 0.0 1.0
redkitchen/seq-05/color/frame-000062.color.png redkitchen/seq-05/color/frame-000065.color.png 0.999908 0.00120188 -0.013535 -0.0103945 -0.00119783 0.999999 0.000307892 0.0116517 0.0135353 -0.000291645 0.999908 -0.00085973 0.0 0.0 0.0 1.0
redkitchen/seq-05/color/frame-000063.color.png redkitchen/seq-05/color/frame-000066.color.png 0.999721 0.00270166 -0.0234677 -0.00800478 -0.00251912 0.999966 0.00780342 0.00395468 0.023488 -0.00774212 0.999694 0.00252409 0.0 0.0 0.0 1.0
redkitchen/seq-05/color/frame-000064.color.png redkitchen/seq-05/color/frame-000067.color.png 0.999697 0.0016632 -0.024578 -0.0032694 -0.00163037 0.999998 0.00135486 0.0096183 0.0245802 -0.00131438 0.999697 0.00334241 0.0 0.0 0.0 1.0
redkitchen/seq-05/color/frame-000065.color.png redkitchen/seq-05/color/frame-000068.color.png 0.999732 0.0065308 -0.0222134 -0.00455209 -0.0066061 0.999973 -0.00331791 0.00884218 0.022191 0.00346376 0.999748 0.00161579 0.0 0.0 0.0 1.0
redkitchen/seq-05/color/frame-000066.color.png redkitchen/seq-05/color/frame-000069.color.png 0.999821 0.00789701 -0.0171964 -0.0104011 -0.00805287 0.999927 -0.00901252 0.0139976 0.017124 0.00914938 0.999811 -0.00536479 0.0 0.0 0.0 1.0
redkitchen/seq-05/color/frame-000067.color.png redkitchen/seq-05/color/frame-000070.color.png 0.99977 0.00979425 -0.019101 -0.00693094 -0.00980666 0.999952 -0.000555592 -0.00275267 0.0190947 0.000742779 0.999817 -0.00133323 0.0 0.0 0.0 1.0
redkitchen/seq-05/color/frame-000068.color.png redkitchen/seq-05/color/frame-000071.color.png 0.99973 0.00914934 -0.0213458 -0.00640117 -0.00906373 0.999951 0.00410455 -0.00363337 0.0213823 -0.00390997 0.999764 -0.00331756 0.0 0.0 0.0 1.0
redkitchen/seq-05/color/frame-000069.color.png redkitchen/seq-05/color/frame-000072.color.png 0.999859 0.00675188 -0.0154066 -0.00496262 -0.00669356 0.99997 0.0038326 -0.00363735 0.0154319 -0.00372894 0.999874 -0.00080049 0.0 0.0 0.0 1.0
redkitchen/seq-05/color/frame-000070.color.png redkitchen/seq-05/color/frame-000073.color.png 0.999888 0.00603835 -0.0137235 -0.00809212 -0.00601094 0.99998 0.00203888 0.000626972 0.0137355 -0.00195616 0.999904 -0.00200356 0.0 0.0 0.0 1.0
redkitchen/seq-05/color/frame-000071.color.png redkitchen/seq-05/color/frame-000074.color.png 0.999879 0.00559767 -0.0144778 -0.00563887 -0.00564008 0.99998 -0.00289069 0.00429041 0.0144613 0.00297199 0.999891 0.00164918 0.0 0.0 0.0 1.0
redkitchen/seq-05/color/frame-000072.color.png redkitchen/seq-05/color/frame-000075.color.png 0.999686 0.00603335 -0.0243332 -0.0039079 -0.00604493 0.999982 -0.000402522 0.00129551 0.0243303 0.000549487 0.999704 0.00119259 0.0 0.0 0.0 1.0
redkitchen/seq-05/color/frame-000073.color.png redkitchen/seq-05/color/frame-000076.color.png 0.99972 0.00581653 -0.0229464 -0.00719786 -0.00582099 0.999983 -0.000127394 3.56603e-05 0.0229452 0.000260928 0.999737 -0.00129795 0.0 0.0 0.0 1.0
redkitchen/seq-05/color/frame-000074.color.png redkitchen/seq-05/color/frame-000077.color.png 0.999756 0.0067794 -0.0210398 -0.010982 -0.00682467 0.999975 -0.00208172 0.00284388 0.0210251 0.00222482 0.999777 -0.00232161 0.0 0.0 0.0 1.0
redkitchen/seq-05/color/frame-000075.color.png redkitchen/seq-05/color/frame-000078.color.png 0.99978 0.0083417 -0.0192491 -0.00993964 -0.00843538 0.999953 -0.00479097 0.00457796 0.0192082 0.0049523 0.999803 -0.00261208 0.0 0.0 0.0 1.0
redkitchen/seq-05/color/frame-000076.color.png redkitchen/seq-05/color/frame-000079.color.png 0.999923 0.00452718 -0.0115273 -0.0184296 -0.00465178 0.999931 -0.0108034 0.0192025 0.0114776 0.0108562 0.999875 -0.00997462 0.0 0.0 0.0 1.0
redkitchen/seq-05/color/frame-000077.color.png redkitchen/seq-05/color/frame-000080.color.png 0.999855 0.0051442 -0.0162448 -0.0111539 -0.00510621 0.999984 0.00237985 -0.00296663 0.0162568 -0.00229656 0.999865 -0.00468026 0.0 0.0 0.0 1.0
redkitchen/seq-05/color/frame-000078.color.png redkitchen/seq-05/color/frame-000081.color.png 0.999852 0.00374686 -0.0167722 -0.0117458 -0.00380107 0.999988 -0.00320139 0.00902059 0.01676 0.00326468 0.999854 -0.0034708 0.0 0.0 0.0 1.0
redkitchen/seq-05/color/frame-000079.color.png redkitchen/seq-05/color/frame-000082.color.png 0.999857 0.00513373 -0.0160885 -0.00974418 -0.00515782 0.999986 -0.00145763 0.00259558 0.0160809 0.0015404 0.999869 -0.00420772 0.0 0.0 0.0 1.0
redkitchen/seq-05/color/frame-000080.color.png redkitchen/seq-05/color/frame-000083.color.png 0.999877 0.00461399 -0.0149782 -0.00880728 -0.00462459 0.999989 -0.000675743 0.00381104 0.014975 0.000744922 0.999888 -0.00526737 0.0 0.0 0.0 1.0
redkitchen/seq-05/color/frame-000081.color.png redkitchen/seq-05/color/frame-000084.color.png 0.999835 0.00551364 -0.017291 -0.00640679 -0.00552352 0.999985 -0.00052565 0.00506683 0.0172879 0.00062107 0.99985 -0.00115748 0.0 0.0 0.0 1.0
redkitchen/seq-05/color/frame-000082.color.png redkitchen/seq-05/color/frame-000085.color.png 0.999812 0.00739477 -0.0179018 -0.00428364 -0.00741745 0.999972 -0.00120122 0.00312589 0.0178925 0.00133378 0.999839 0.00166651 0.0 0.0 0.0 1.0
redkitchen/seq-05/color/frame-000083.color.png redkitchen/seq-05/color/frame-000086.color.png 0.999857 0.0072925 -0.0152722 -0.00637367 -0.00735269 0.999965 -0.0038852 0.0032841 0.0152434 0.00399695 0.999876 0.000207491 0.0 0.0 0.0 1.0
redkitchen/seq-05/color/frame-000084.color.png redkitchen/seq-05/color/frame-000087.color.png 0.999918 0.00730389 -0.0104863 -0.0112061 -0.00729143 0.999973 0.00122651 -0.00112802 0.0104949 -0.00114995 0.999944 -0.0102389 0.0 0.0 0.0 1.0
redkitchen/seq-05/color/frame-000085.color.png redkitchen/seq-05/color/frame-000088.color.png 0.999744 0.00873599 -0.0208601 -0.0033049 -0.00855765 0.999926 0.00862425 -0.0064015 0.020934 -0.00844354 0.999745 0.00144915 0.0 0.0 0.0 1.0
redkitchen/seq-05/color/frame-000086.color.png redkitchen/seq-05/color/frame-000089.color.png 0.999697 0.00960341 -0.0226724 -0.00546125 -0.00943487 0.999927 0.00752726 0.000140082 0.022743 -0.00731107 0.999715 -0.000367075 0.0 0.0 0.0 1.0
redkitchen/seq-05/color/frame-000087.color.png redkitchen/seq-05/color/frame-000090.color.png 0.999613 0.0103336 -0.025818 -0.0057524 -0.0102076 0.999935 0.00500573 0.000550386 0.0258681 -0.00474026 0.999654 0.00734019 0.0 0.0 0.0 1.0
redkitchen/seq-05/color/frame-000088.color.png redkitchen/seq-05/color/frame-000091.color.png 0.9999 0.00633925 -0.012612 -0.00996567 -0.00638596 0.999973 -0.00366618 0.0109247 0.0125884 0.00374636 0.999914 -0.00210603 0.0 0.0 0.0 1.0
redkitchen/seq-05/color/frame-000089.color.png redkitchen/seq-05/color/frame-000092.color.png 0.999826 0.00839028 -0.0166465 -0.00147489 -0.00841261 0.999964 -0.00127321 0.000646833 0.0166354 0.00141304 0.999861 -0.00139618 0.0 0.0 0.0 1.0
redkitchen/seq-05/color/frame-000090.color.png redkitchen/seq-05/color/frame-000093.color.png 0.999797 0.009992 -0.0175047 -0.00161942 -0.0100318 0.999947 -0.00218903 -0.00230639 0.0174819 0.00236419 0.999844 0.00240514 0.0 0.0 0.0 1.0
redkitchen/seq-05/color/frame-000091.color.png redkitchen/seq-05/color/frame-000094.color.png 0.999531 0.0144446 -0.0269872 -0.00138135 -0.0144625 0.999895 -0.00046925 -0.00898633 0.0269776 0.000859342 0.999636 0.00217867 0.0 0.0 0.0 1.0
redkitchen/seq-05/color/frame-000092.color.png redkitchen/seq-05/color/frame-000095.color.png 0.999554 0.0126541 -0.0270388 -0.00173207 -0.0127477 0.999913 -0.0032909 -0.000704881 0.0269947 0.00363411 0.999629 0.00020954 0.0 0.0 0.0 1.0
redkitchen/seq-05/color/frame-000093.color.png redkitchen/seq-05/color/frame-000096.color.png 0.999674 0.0102723 -0.0233757 -0.0084064 -0.0103398 0.999943 -0.0027677 0.00311956 0.023346 0.0030085 0.999723 -0.0058521 0.0 0.0 0.0 1.0
redkitchen/seq-05/color/frame-000094.color.png redkitchen/seq-05/color/frame-000097.color.png 0.999656 0.00965495 -0.0243744 -0.00753595 -0.00971482 0.99995 -0.00233891 0.00643026 0.0243507 0.0025749 0.9997 -0.00202274 0.0 0.0 0.0 1.0
redkitchen/seq-05/color/frame-000095.color.png redkitchen/seq-05/color/frame-000098.color.png 0.99964 0.0103612 -0.0247336 -0.00892296 -0.0103475 0.999946 0.000681209 0.00510496 0.0247393 -0.000425044 0.999694 -0.00198724 0.0 0.0 0.0 1.0
redkitchen/seq-05/color/frame-000096.color.png redkitchen/seq-05/color/frame-000099.color.png 0.999682 0.0121248 -0.0221271 -0.0123954 -0.0121212 0.999927 0.000294676 0.00586808 0.0221291 -2.63871e-05 0.999755 -0.0053902 0.0 0.0 0.0 1.0
redkitchen/seq-05/color/frame-000097.color.png redkitchen/seq-05/color/frame-000100.color.png 0.999722 0.0100904 -0.0212965 -0.00685331 -0.0100766 0.999949 0.000755802 0.00390488 0.021303 -0.000541001 0.999773 -0.00509983 0.0 0.0 0.0 1.0
redkitchen/seq-05/color/frame-000098.color.png redkitchen/seq-05/color/frame-000101.color.png 0.999785 0.00890111 -0.0187456 -0.00803 -0.00891497 0.99996 -0.000655114 0.0026031 0.0187391 0.000822104 0.999824 -0.00432917 0.0 0.0 0.0 1.0
redkitchen/seq-05/color/frame-000099.color.png redkitchen/seq-05/color/frame-000102.color.png 0.999761 0.00779764 -0.0204149 -0.00400892 -0.00776686 0.999969 0.00158749 0.000674278 0.0204266 -0.00142855 0.99979 -0.00123984 0.0 0.0 0.0 1.0
redkitchen/seq-05/color/frame-000100.color.png redkitchen/seq-05/color/frame-000103.color.png 0.999907 0.00677649 -0.0118164 -0.0162304 -0.00683287 0.999965 -0.00473583 0.0141032 0.0117839 0.00481613 0.999919 -0.0119773 0.0 0.0 0.0 1.0
redkitchen/seq-05/color/frame-000101.color.png redkitchen/seq-05/color/frame-000104.color.png 0.999996 0.00252174 0.00164655 -0.0334266 -0.00250361 0.999937 -0.0109101 0.0288675 -0.00167388 0.0109059 0.999939 -0.0234156 0.0 0.0 0.0 1.0
redkitchen/seq-05/color/frame-000102.color.png redkitchen/seq-05/color/frame-000105.color.png 0.999934 0.00373039 -0.0108953 -0.00985858 -0.00368124 0.999983 0.00453296 0.00298342 0.0109121 -0.00449255 0.99993 -0.00677907 0.0 0.0 0.0 1.0
redkitchen/seq-05/color/frame-000103.color.png redkitchen/seq-05/color/frame-000106.color.png 0.999862 0.00499045 -0.0158364 -0.0106758 -0.00487892 0.999963 0.0070752 0.000867754 0.0158712 -0.00699697 0.999849 0.000425927 0.0 0.0 0.0 1.0
redkitchen/seq-05/color/frame-000104.color.png redkitchen/seq-05/color/frame-000107.color.png 0.999774 0.00779984 -0.0197901 -0.00765087 -0.00771568 0.999961 0.00432531 0.00226828 0.0198229 -0.00417162 0.999795 0.00541563 0.0 0.0 0.0 1.0
redkitchen/seq-05/color/frame-000105.color.png redkitchen/seq-05/color/frame-000108.color.png 0.999933 0.00691638 -0.00924275 -0.0202208 -0.00700341 0.999931 -0.00941997 0.0217006 0.00917691 0.00948408 0.999913 -0.0112878 0.0 0.0 0.0 1.0
redkitchen/seq-05/color/frame-000106.color.png redkitchen/seq-05/color/frame-000109.color.png 0.999847 0.00980753 -0.0144539 -0.00798416 -0.00983767 0.99995 -0.00201781 0.0022784 0.0144332 0.0021597 0.999894 -0.00284924 0.0 0.0 0.0 1.0
redkitchen/seq-05/color/frame-000107.color.png redkitchen/seq-05/color/frame-000110.color.png 0.999847 0.00965178 -0.0145612 -0.0155694 -0.00958405 0.999943 0.0047147 -0.00239699 0.0146059 -0.00457444 0.999883 -0.00710241 0.0 0.0 0.0 1.0
redkitchen/seq-05/color/frame-000108.color.png redkitchen/seq-05/color/frame-000111.color.png 0.999694 0.0119232 -0.0216771 -0.0198873 -0.0116676 0.999862 0.0118752 -0.00828271 0.0218158 -0.0116186 0.999694 -0.00138523 0.0 0.0 0.0 1.0
redkitchen/seq-05/color/frame-000109.color.png redkitchen/seq-05/color/frame-000112.color.png 0.999493 0.0135364 -0.028824 -0.0119778 -0.0133897 0.999896 0.0052752 0.00252791 0.0288924 -0.00488658 0.999571 0.00262521 0.0 0.0 0.0 1.0
redkitchen/seq-05/color/frame-000110.color.png redkitchen/seq-05/color/frame-000113.color.png 0.999425 0.0138581 -0.0309331 -0.00546195 -0.0137517 0.999899 0.00365225 1.5296e-05 0.0309805 -0.00322476 0.999515 0.00608996 0.0 0.0 0.0 1.0
redkitchen/seq-05/color/frame-000111.color.png redkitchen/seq-05/color/frame-000114.color.png 0.999573 0.0117604 -0.0267632 -0.00741926 -0.0119455 0.999906 -0.00676635 0.0158744 0.026681 0.00708313 0.999619 0.000917107 0.0 0.0 0.0 1.0
redkitchen/seq-05/color/frame-000112.color.png redkitchen/seq-05/color/frame-000115.color.png 0.999581 0.0112156 -0.0266906 -0.00694413 -0.0111551 0.999935 0.00241626 -0.00106713 0.026716 -0.00211753 0.999641 0.0041621 0.0 0.0 0.0 1.0
redkitchen/seq-05/color/frame-000113.color.png redkitchen/seq-05/color/frame-000116.color.png 0.999634 0.00943573 -0.0253726 -0.00868091 -0.00941069 0.999955 0.00110429 -0.00299679 0.0253819 -0.000865115 0.999677 0.00494881 0.0 0.0 0.0 1.0
redkitchen/seq-05/color/frame-000114.color.png redkitchen/seq-05/color/frame-000117.color.png 0.999707 0.00671433 -0.0232395 -0.00693542 -0.00679323 0.999971 -0.00331893 0.0026949 0.0232165 0.00347584 0.999724 0.00123093 0.0 0.0 0.0 1.0
redkitchen/seq-05/color/frame-000115.color.png redkitchen/seq-05/color/frame-000118.color.png 0.999816 0.00493041 -0.0185519 -0.00837082 -0.00496949 0.999986 -0.00206125 0.000551961 0.0185415 0.00215306 0.999826 -0.00574483 0.0 0.0 0.0 1.0
redkitchen/seq-05/color/frame-000116.color.png redkitchen/seq-05/color/frame-000119.color.png 0.999832 0.00217553 -0.0181734 -0.00922267 -0.00222917 0.999993 -0.00293018 0.0106284 0.0181669 0.0029702 0.999831 -0.00406867 0.0 0.0 0.0 1.0
redkitchen/seq-05/color/frame-000117.color.png redkitchen/seq-05/color/frame-000120.color.png 0.999777 0.00264947 -0.0209546 -0.00584169 -0.0026259 0.999996 0.00115283 0.00925451 0.0209575 -0.00109755 0.99978 0.00503671 0.0 0.0 0.0 1.0
redkitchen/seq-05/color/frame-000118.color.png redkitchen/seq-05/color/frame-000121.color.png 0.999902 0.00285152 -0.0136907 -0.0145207 -0.0027998 0.999989 0.00379026 0.00741748 0.0137013 -0.00375153 0.999899 -0.00871074 0.0 0.0 0.0 1.0
redkitchen/seq-05/color/frame-000119.color.png redkitchen/seq-05/color/frame-000122.color.png 0.999843 0.00256471 -0.0175282 -0.00611109 -0.0024186 0.999962 0.00835267 0.00115146 0.017549 -0.00830897 0.999811 -0.00184463 0.0 0.0 0.0 1.0
redkitchen/seq-05/color/frame-000120.color.png redkitchen/seq-05/color/frame-000123.color.png 0.9998 0.00394984 -0.0196197 -0.00554879 -0.00373307 0.999932 0.0110718 -0.0015436 0.0196621 -0.0109963 0.999746 0.000286996 0.0 0.0 0.0 1.0
redkitchen/seq-05/color/frame-000121.color.png redkitchen/seq-05/color/frame-000124.color.png 0.999741 0.00666169 -0.0217787 -0.0116929 -0.00657062 0.999969 0.00425195 0.00902755 0.0218065 -0.00410774 0.999754 0.0029375 0.0 0.0 0.0 1.0
redkitchen/seq-05/color/frame-000122.color.png redkitchen/seq-05/color/frame-000125.color.png 0.999668 0.0104516 -0.0235702 -0.00996554 -0.0103159 0.99993 0.00587252 0.000882559 0.0236299 -0.0056274 0.999705 0.00147037 0.0 0.0 0.0 1.0
redkitchen/seq-05/color/frame-000123.color.png redkitchen/seq-05/color/frame-000126.color.png 0.999705 0.00922613 -0.0224815 -0.00901935 -0.00915763 0.999953 0.00314854 0.0039864 0.0225095 -0.00294175 0.999742 0.00174461 0.0 0.0 0.0 1.0
redkitchen/seq-05/color/frame-000124.color.png redkitchen/seq-05/color/frame-000127.color.png 0.999753 0.00721532 -0.0210219 -0.0063442 -0.00711376 0.999963 0.00489913 0.000237152 0.0210563 -0.00474841 0.999767 0.00269118 0.0 0.0 0.0 1.0
redkitchen/seq-05/color/frame-000125.color.png redkitchen/seq-05/color/frame-000128.color.png 0.999798 0.00837657 -0.0182555 -0.0102946 -0.00826698 0.999947 0.00606906 -0.00256572 0.0183053 -0.00591694 0.999815 -0.00828944 0.0 0.0 0.0 1.0
redkitchen/seq-05/color/frame-000126.color.png redkitchen/seq-05/color/frame-000129.color.png 0.999732 0.011698 -0.0199866 -0.0145781 -0.0115741 0.999913 0.00630319 -0.00854171 0.0200587 -0.00607016 0.99978 -0.00281183 0.0 0.0 0.0 1.0
redkitchen/seq-05/color/frame-000127.color.png redkitchen/seq-05/color/frame-000130.color.png 0.999624 0.0134796 -0.023893 -0.0127255 -0.0134546 0.999909 0.00121103 -0.0025847 0.0239071 -0.000889079 0.999714 -0.00269876 0.0 0.0 0.0 1.0
redkitchen/seq-05/color/frame-000128.color.png redkitchen/seq-05/color/frame-000131.color.png 0.999576 0.0130676 -0.0260237 -0.00985049 -0.0132312 0.999894 -0.00612476 0.00313574 0.0259411 0.00646649 0.999643 0.00585718 0.0 0.0 0.0 1.0
redkitchen/seq-05/color/frame-000129.color.png redkitchen/seq-05/color/frame-000132.color.png 0.999712 0.01126 -0.0211881 -0.00965649 -0.0114092 0.999911 -0.00693249 0.000660799 0.021108 0.00717223 0.999752 -0.00413893 0.0 0.0 0.0 1.0
redkitchen/seq-05/color/frame-000130.color.png redkitchen/seq-05/color/frame-000133.color.png 0.999703 0.0114352 -0.0215066 -0.00806913 -0.0115574 0.999918 -0.00556622 0.000581622 0.0214412 0.00581313 0.999753 -0.00355543 0.0 0.0 0.0 1.0
redkitchen/seq-05/color/frame-000131.color.png redkitchen/seq-05/color/frame-000134.color.png 0.999647 0.0111977 -0.0240711 -0.0100259 -0.0112962 0.999928 -0.00396372 0.00692285 0.0240248 0.00423427 0.999703 -0.00354965 0.0 0.0 0.0 1.0
redkitchen/seq-05/color/frame-000132.color.png redkitchen/seq-05/color/frame-000135.color.png 0.999477 0.0174508 -0.0272353 -0.00982326 -0.0174423 0.999848 0.000551388 0.000955753 0.0272408 -7.60463e-05 0.999629 -0.00430521 0.0 0.0 0.0 1.0
redkitchen/seq-05/color/frame-000133.color.png redkitchen/seq-05/color/frame-000136.color.png 0.999423 0.0184182 -0.028525 -0.0157877 -0.0183148 0.999825 0.00388461 -1.86563e-05 0.0285916 -0.00335999 0.999585 0.000322387 0.0 0.0 0.0 1.0
redkitchen/seq-05/color/frame-000134.color.png redkitchen/seq-05/color/frame-000137.color.png 0.99929 0.0192594 -0.032376 -0.011709 -0.01917 0.999812 0.00306737 -0.00311174 0.0324291 -0.00244456 0.999471 0.00665522 0.0 0.0 0.0 1.0
redkitchen/seq-05/color/frame-000135.color.png redkitchen/seq-05/color/frame-000138.color.png 0.999322 0.0184858 -0.0318202 -0.0110157 -0.0186014 0.999821 -0.00334325 0.00136973 0.0317527 0.00393288 0.999488 0.01319 0.0 0.0 0.0 1.0
redkitchen/seq-05/color/frame-000136.color.png redkitchen/seq-05/color/frame-000139.color.png 0.999381 0.0226116 -0.0269445 -0.00959903 -0.0226851 0.99974 -0.00242846 -0.0139474 0.0268825 0.00303816 0.999634 -0.00270104 0.0 0.0 0.0 1.0
redkitchen/seq-05/color/frame-000137.color.png redkitchen/seq-05/color/frame-000140.color.png 0.99938 0.0234874 -0.0262447 -0.0122383 -0.02374 0.999674 -0.00935411 -0.00335722 0.0260164 0.0099714 0.999612 -0.00651862 0.0 0.0 0.0 1.0
redkitchen/seq-05/color/frame-000138.color.png redkitchen/seq-05/color/frame-000141.color.png 0.999191 0.0261822 -0.0305275 -0.0132831 -0.026398 0.999629 -0.00668741 -0.00915593 0.0303412 0.00748786 0.999512 -0.00433992 0.0 0.0 0.0 1.0
redkitchen/seq-05/color/frame-000139.color.png redkitchen/seq-05/color/frame-000142.color.png 0.999082 0.0251264 -0.0346955 -0.0115396 -0.0254313 0.999642 -0.00837531 0.000792474 0.0344728 0.00925003 0.999363 0.00113489 0.0 0.0 0.0 1.0
redkitchen/seq-05/color/frame-000140.color.png redkitchen/seq-05/color/frame-000143.color.png 0.997838 0.0454888 -0.0474432 -0.0200469 -0.04577 0.99894 -0.00485735 -0.0145846 0.0471717 0.00701834 0.998862 -0.015824 0.0 0.0 0.0 1.0
redkitchen/seq-05/color/frame-000141.color.png redkitchen/seq-05/color/frame-000144.color.png 0.997635 0.046234 -0.0508563 -0.0255437 -0.0464985 0.99891 -0.00402909 -0.013351 0.0506145 0.00638429 0.998698 -0.00172676 0.0 0.0 0.0 1.0
redkitchen/seq-05/color/frame-000142.color.png redkitchen/seq-05/color/frame-000145.color.png 0.99774 0.041869 -0.0525562 -0.0227934 -0.0423718 0.999066 -0.00848817 -0.010685 0.0521517 0.0106959 0.998582 0.00384028 0.0 0.0 0.0 1.0
redkitchen/seq-05/color/frame-000143.color.png redkitchen/seq-05/color/frame-000146.color.png 0.99896 0.0271102 -0.0366545 -0.0157764 -0.0275143 0.999566 -0.0105644 -0.00524407 0.0363525 0.0115618 0.999272 0.00106129 0.0 0.0 0.0 1.0
redkitchen/seq-05/color/frame-000144.color.png redkitchen/seq-05/color/frame-000147.color.png 0.998835 0.0284015 -0.0390157 -0.0128823 -0.0287243 0.999557 -0.00773832 -0.00633894 0.0387787 0.00884996 0.999209 -0.0053945 0.0 0.0 0.0 1.0
redkitchen/seq-05/color/frame-000145.color.png redkitchen/seq-05/color/frame-000148.color.png 0.998697 0.0291788 -0.0418797 -0.0195416 -0.0295097 0.999538 -0.0073035 -0.00461236 0.0416472 0.00852983 0.999096 -0.00318505 0.0 0.0 0.0 1.0
redkitchen/seq-05/color/frame-000146.color.png redkitchen/seq-05/color/frame-000149.color.png 0.998405 0.0259501 -0.050144 -0.0154014 -0.0263867 0.999619 -0.00806577 -0.0110277 0.0499154 0.00937607 0.998709 0.017217 0.0 0.0 0.0 1.0
redkitchen/seq-05/color/frame-000147.color.png redkitchen/seq-05/color/frame-000150.color.png 0.997818 0.0323978 -0.0575382 -0.0215961 -0.0337656 0.999166 -0.022959 -0.00214194 0.0567464 0.0248517 0.998079 0.00437377 0.0 0.0 0.0 1.0
redkitchen/seq-05/color/frame-000148.color.png redkitchen/seq-05/color/frame-000151.color.png 0.997874 0.0333487 -0.0559916 -0.0180528 -0.0345519 0.999189 -0.0206599 0.00430845 0.0552572 0.0225506 0.998217 -0.00116159 0.0 0.0 0.0 1.0
redkitchen/seq-05/color/frame-000149.color.png redkitchen/seq-05/color/frame-000152.color.png 0.997464 0.0446085 -0.0554532 -0.0237399 -0.0455885 0.998823 -0.0165342 0.00087586 0.0546504 0.0190203 0.998324 -0.0111593 0.0 0.0 0.0 1.0
redkitchen/seq-05/color/frame-000150.color.png redkitchen/seq-05/color/frame-000153.color.png 0.997802 0.0463748 -0.0473351 -0.0179627 -0.0465332 0.998914 -0.00225039 -0.0185173 0.0471793 0.00444811 0.998876 -0.00104597 0.0 0.0 0.0 1.0
redkitchen/seq-05/color/frame-000151.color.png redkitchen/seq-05/color/frame-000154.color.png 0.998093 0.0403786 -0.0466861 -0.0272843 -0.0407469 0.999145 -0.00696299 -0.0184763 0.0463651 0.00885198 0.998885 0.00332324 0.0 0.0 0.0 1.0
redkitchen/seq-05/color/frame-000152.color.png redkitchen/seq-05/color/frame-000155.color.png 0.997367 0.0396386 -0.0607205 -0.0251182 -0.0412845 0.998807 -0.0260949 -0.0242481 0.0596137 0.028533 0.997814 0.0164596 0.0 0.0 0.0 1.0
redkitchen/seq-05/color/frame-000153.color.png redkitchen/seq-05/color/frame-000156.color.png 0.998413 0.0248163 -0.05055 -0.0198692 -0.0270195 0.998693 -0.0433811 -0.00684096 0.0494073 0.0446782 0.997779 0.00853613 0.0 0.0 0.0 1.0
redkitchen/seq-05/color/frame-000154.color.png redkitchen/seq-05/color/frame-000157.color.png 0.998532 0.0272209 -0.0468389 -0.00626728 -0.029504 0.998375 -0.0487628 -0.0195367 0.0454354 0.0500731 0.997711 0.0076998 0.0 0.0 0.0 1.0
redkitchen/seq-05/color/frame-000155.color.png redkitchen/seq-05/color/frame-000158.color.png 0.999574 0.0177215 -0.0231773 -0.0112053 -0.018821 0.998665 -0.0481102 0.00284167 0.0222938 0.048526 0.998573 -0.00288752 0.0 0.0 0.0 1.0
redkitchen/seq-05/color/frame-000156.color.png redkitchen/seq-05/color/frame-000159.color.png 0.9992 0.0317793 -0.0242851 -0.00984587 -0.0328671 0.99841 -0.0457897 -0.0151986 0.0227914 0.0465513 0.998656 -0.00562529 0.0 0.0 0.0 1.0
redkitchen/seq-05/color/frame-000157.color.png redkitchen/seq-05/color/frame-000160.color.png 0.998071 0.0515258 -0.0346444 -0.0212718 -0.053911 0.995956 -0.0718624 -0.0326155 0.0308014 0.0735915 0.996813 -0.00561866 0.0 0.0 0.0 1.0
redkitchen/seq-05/color/frame-000158.color.png redkitchen/seq-05/color/frame-000161.color.png 0.998387 0.0464094 -0.0327184 -0.0210502 -0.0490036 0.995299 -0.083541 -0.0273575 0.0286875 0.0850095 0.995967 -0.0148711 0.0 0.0 0.0 1.0
redkitchen/seq-05/color/frame-000159.color.png redkitchen/seq-05/color/frame-000162.color.png 0.998747 0.0368151 -0.0338842 -0.0195959 -0.0395102 0.995795 -0.0826488 -0.0167188 0.030699 0.0838841 0.996003 -0.0119353 0.0 0.0 0.0 1.0
redkitchen/seq-05/color/frame-000160.color.png redkitchen/seq-05/color/frame-000163.color.png 0.999414 0.026463 -0.0217297 -0.0102458 -0.0276013 0.998167 -0.0538683 -0.0131606 0.0202644 0.0544365 0.998312 -0.0183819 0.0 0.0 0.0 1.0
redkitchen/seq-05/color/frame-000161.color.png redkitchen/seq-05/color/frame-000164.color.png 0.999193 0.0304198 -0.026216 -0.013586 -0.0317632 0.998119 -0.0524442 -0.0165877 0.0245713 0.0532345 0.99828 -0.0120297 0.0 0.0 0.0 1.0
redkitchen/seq-05/color/frame-000162.color.png redkitchen/seq-05/color/frame-000165.color.png 0.999271 0.029951 -0.0236536 -0.0139428 -0.0310164 0.998458 -0.046044 -0.0134359 0.022238 0.0467441 0.998659 -0.0147446 0.0 0.0 0.0 1.0
redkitchen/seq-05/color/frame-000163.color.png redkitchen/seq-05/color/frame-000166.color.png 0.999216 0.0294529 -0.0264637 -0.0138791 -0.0304902 0.998747 -0.0396893 -0.019888 0.0252615 0.0404651 0.998862 -0.00626366 0.0 0.0 0.0 1.0
redkitchen/seq-05/color/frame-000164.color.png redkitchen/seq-05/color/frame-000167.color.png 0.999571 0.0226224 -0.0186076 -0.0134529 -0.0230526 0.999464 -0.0232391 -0.0125325 0.018072 0.023658 0.999557 -0.000944644 0.0 0.0 0.0 1.0
redkitchen/seq-05/color/frame-000165.color.png redkitchen/seq-05/color/frame-000168.color.png 0.999475 0.0231797 -0.0226445 -0.0227817 -0.0241408 0.998778 -0.0431301 -0.00389116 0.021617 0.0436542 0.998813 -0.00776839 0.0 0.0 0.0 1.0
redkitchen/seq-05/color/frame-000166.color.png redkitchen/seq-05/color/frame-000169.color.png 0.999573 0.0211657 -0.0201363 -0.0196984 -0.0219235 0.99903 -0.038189 -0.00354691 0.0193085 0.0386142 0.999068 -0.0110903 0.0 0.0 0.0 1.0
redkitchen/seq-05/color/frame-000167.color.png redkitchen/seq-05/color/frame-000170.color.png 0.999431 0.0254405 -0.0221324 -0.0201338 -0.0262302 0.999002 -0.0361525 -0.00393571 0.0211906 0.0367126 0.999101 -0.0150267 0.0 0.0 0.0 1.0
