redkitchen/seq-05/color/frame-000000.color.png redkitchen/seq-05/color/frame-000002.color.png 0.999996 0.00209087 0.00203302 -0.00259658 -0.00208876 0.999997 -0.00103681 0.000849308 -0.00203518 0.00103256 0.999997 0.000956811 0.0 0.0 0.0 1.0
redkitchen/seq-05/color/frame-000001.color.png redkitchen/seq-05/color/frame-000003.color.png 0.999999 -0.0011433 0.000512798 0.000314143 0.00114513 0.999993 -0.00358651 0.00469851 -0.000508694 0.00358709 0.999993 0.000382475 0.0 0.0 0.0 1.0
redkitchen/seq-05/color/frame-000002.color.png redkitchen/seq-05/color/frame-000004.color.png 0.999997 -0.00184806 -0.00160204 0.00183078 0.00184633 0.999998 -0.00108001 -0.000467079 0.00160403 0.00107705 0.999998 -0.000556742 0.0 0.0 0.0 1.0
redkitchen/seq-05/color/frame-000003.color.png redkitchen/seq-05/color/frame-000005.color.png 1.0 0.000663605 0.000470975 -0.00160847 -0.000664987 0.999995 0.00293948 -0.00593694 -0.000469022 -0.00293979 0.999996 0.000471993 0.0 0.0 0.0 1.0
redkitchen/seq-05/color/frame-000004.color.png redkitchen/seq-05/color/frame-000006.color.png 0.999999 -0.000833629 0.000707051 -0.000417197 0.000834302 0.999999 -0.000952267 0.0024431 -0.000706256 0.000952856 0.999999 0.00158077 0.0 0.0 0.0 1.0
redkitchen/seq-05/color/frame-000005.color.png redkitchen/seq-05/color/frame-000007.color.png 0.999995 -0.00305879 -0.00105403 0.00206136 0.00305684 0.999994 -0.0018465 0.00197341 0.00105967 0.00184327 0.999998 0.000671027 0.0 0.0 0.0 1.0
redkitchen/seq-05/color/frame-000006.color.png redkitchen/seq-05/color/frame-000008.color.png 0.999998 -0.00167285 0.000731463 -0.000420587 0.00167143 0.999997 0.00194071 -0.00416636 -0.000734708 -0.00193949 0.999998 3.5621e-05 0.0 0.0 0.0 1.0
redkitchen/seq-05/color/frame-000007.color.png redkitchen/seq-05/color/frame-000009.color.png 0.999993 -0.000589909 0.00355611 -0.00194184 0.000591548 1.0 -0.000459642 0.00180684 -0.00355584 0.000461742 0.999994 0.00208617 0.0 0.0 0.0 1.0
redkitchen/seq-05/color/frame-000008.color.png redkitchen/seq-05/color/frame-000010.color.png 0.999997 -0.0012446 0.00219849 0.000662717 0.00124951 0.999997 -0.00223027 0.00269586 -0.00219571 0.00223301 0.999995 5.71064e-06 0.0 0.0 0.0 1.0
redkitchen/seq-05/color/frame-000009.color.png redkitchen/seq-05/color/frame-000011.color.png 0.999999 -0.000712725 -0.00142009 0.00380896 0.000714428 0.999999 0.00119906 -0.00278174 0.00141924 -0.00120008 0.999998 -0.00220163 0.0 0.0 0.0 1.0
redkitchen/seq-05/color/frame-000010.color.png redkitchen/seq-05/color/frame-000012.color.png 1.0 -0.000662278 0.000652525 -0.000899229 0.000661904 1.0 0.000574155 -4.3245e-05 -0.000652904 -0.000573723 1.0 0.00149464 0.0 0.0 0.0 1.0
redkitchen/seq-05/color/frame-000011.color.png redkitchen/seq-05/color/frame-000013.color.png 0.999994 -0.000677088 0.00340109 -0.0024351 0.000680831 0.999999 -0.00109972 -6.27976e-05 -0.00340034 0.00110203 0.999994 0.00209719 0.0 0.0 0.0 1.0
redkitchen/seq-05/color/frame-000012.color.png redkitchen/seq-05/color/frame-000014.color.png 0.999998 -0.00195037 0.000368022 0.00316561 0.00195025 0.999998 0.00034405 -0.00213657 -0.000368692 -0.000343331 1.0 -0.00171835 0.0 0.0 0.0 1.0
redkitchen/seq-05/color/frame-000013.color.png redkitchen/seq-05/color/frame-000015.color.png 0.999966 -0.00588788 -0.00577351 0.00695305 0.00588286 0.999982 -0.000887685 0.00537098 0.00577863 0.00085369 0.999983 -0.00291693 0.0 0.0 0.0 1.0
redkitchen/seq-05/color/frame-000014.color.png redkitchen/seq-05/color/frame-000016.color.png 0.999964 -0.00286183 -0.00801937 0.00316001 0.00286161 0.999996 -3.93533e-05 0.00415035 0.00801945 1.64033e-05 0.999968 -0.000114207 0.0 0.0 0.0 1.0
redkitchen/seq-05/color/frame-000015.color.png redkitchen/seq-05/color/frame-000017.color.png 0.999978 0.00208256 -0.00627561 -0.00113525 -0.00207364 0.999997 0.00142868 -0.00131527 0.00627857 -0.00141563 0.999979 1.51272e-05 0.0 0.0 0.0 1.0
redkitchen/seq-05/color/frame-000016.color.png redkitchen/seq-05/color/frame-000018.color.png 0.999965 0.000726285 -0.00834585 0.00316065 -0.000726125 1.0 2.20827e-05 0.00154486 0.00834586 -1.60209e-05 0.999965 -0.00317162 0.0 0.0 0.0 1.0
redkitchen/seq-05/color/frame-000017.color.png redkitchen/seq-05/color/frame-000019.color.png 0.999924 -0.00127666 -0.0122784 0.00311427 0.00126904 0.999999 -0.000628378 0.00422497 0.0122792 0.000612748 0.999924 -0.00445539 0.0 0.0 0.0 1.0
redkitchen/seq-05/color/frame-000018.color.png redkitchen/seq-05/color/frame-000020.color.png 0.999888 0.00345454 -0.0145849 -8.35699e-05 -0.00348434 0.999992 -0.00201866 0.00302651 0.0145778 0.00206925 0.999892 -0.00126287 0.0 0.0 0.0 1.0
redkitchen/seq-05/color/frame-000019.color.png redkitchen/seq-05/color/frame-000021.color.png 0.999946 0.00740833 -0.00730497 -0.00684504 -0.00740718 0.999972 0.00018399 -0.00619261 0.00730614 -0.000129871 0.999973 0.00162735 0.0 0.0 0.0 1.0
redkitchen/seq-05/color/frame-000020.color.png redkitchen/seq-05/color/frame-000022.color.png 0.999995 0.00279385 -0.00131221 -0.00713976 -0.00278884 0.999989 0.00380305 -0.0105861 0.00132282 -0.00379937 0.999992 -0.00217317 0.0 0.0 0.0 1.0
redkitchen/seq-05/color/frame-000021.color.png redkitchen/seq-05/color/frame-000023.color.png 0.999952 -0.00351677 -0.00914122 0.00179719 0.00349845 0.999992 -0.00201862 0.00499009 0.00914825 0.00198655 0.999956 -0.00701996 0.0 0.0 0.0 1.0
redkitchen/seq-05/color/frame-000022.color.png redkitchen/seq-05/color/frame-000024.color.png 0.999876 -0.000156879 -0.0157696 0.00100111 8.7427e-05 0.99999 -0.00440477 0.00840318 0.0157702 0.00440285 0.999866 -0.00304819 0.0 0.0 0.0 1.0
redkitchen/seq-05/color/frame-000023.color.png redkitchen/seq-05/color/frame-000025.color.png 0.999901 0.00553021 -0.0129634 -0.00281924 -0.00545736 0.999969 0.00564854 -0.0106831 0.0129943 -0.00557724 0.9999 -0.0021366 0.0 0.0 0.0 1.0
redkitchen/seq-05/color/frame-000024.color.png redkitchen/seq-05/color/frame-000026.color.png 0.999937 0.00231582 -0.0109726 -0.00193299 -0.00223504 0.99997 0.00736794 -0.00788354 0.0109894 -0.00734295 0.999913 -0.00492831 0.0 0.0 0.0 1.0
redkitchen/seq-05/color/frame-000025.color.png redkitchen/seq-05/color/frame-000027.color.png 0.999861 0.00128685 -0.0166443 0.00317282 -0.00123609 0.999995 0.00305965 0.000244483 0.0166481 -0.00303865 0.999857 -0.00148187 0.0 0.0 0.0 1.0
redkitchen/seq-05/color/frame-000026.color.png redkitchen/seq-05/color/frame-000028.color.png 0.999866 0.0021686 -0.0162041 -0.00120366 -0.00220922 0.999994 -0.0024896 0.00635868 0.0161986 0.00252507 0.999866 -0.00248548 0.0 0.0 0.0 1.0
redkitchen/seq-05/color/frame-000027.color.png redkitchen/seq-05/color/frame-000029.color.png 0.999908 0.00284807 -0.0132571 -0.0088375 -0.00287245 0.999994 -0.00181997 0.00468554 0.0132518 0.00185788 0.999911 -0.00581235 0.0 0.0 0.0 1.0
redkitchen/seq-05/color/frame-000028.color.png redkitchen/seq-05/color/frame-000030.color.png 0.999785 0.00873471 -0.0188114 -0.000594128 -0.00861889 0.999943 0.00622934 -0.00856791 0.0188648 -0.00606587 0.999804 -0.00272674 0.0 0.0 0.0 1.0
redkitchen/seq-05/color/frame-000029.color.png redkitchen/seq-05/color/frame-000031.color.png 0.999788 0.0108859 -0.0174938 0.00014137 -0.0108216 0.999934 0.00376775 -0.00313017 0.0175337 -0.00357764 0.99984 0.000960708 0.0 0.0 0.0 1.0
redkitchen/seq-05/color/frame-000030.color.png redkitchen/seq-05/color/frame-000032.color.png 0.999943 0.0058513 -0.00897275 -0.0138732 -0.00590582 0.999964 -0.0060625 0.00874163 0.00893695 0.00611514 0.999941 -0.000466075 0.0 0.0 0.0 1.0
redkitchen/seq-05/color/frame-000031.color.png redkitchen/seq-05/color/frame-000033.color.png 0.9999 0.00647942 -0.0126034 -0.00845732 -0.0065587 0.999959 -0.00625912 0.00086671 0.0125624 0.00634116 0.999901 -0.00495445 0.0 0.0 0.0 1.0
redkitchen/seq-05/color/frame-000032.color.png redkitchen/seq-05/color/frame-000034.color.png 0.999943 0.00481474 -0.0095062 0.00138041 -0.00482383 0.999988 -0.000933004 -0.00473456 0.00950158 0.000978807 0.999954 -0.00476747 0.0 0.0 0.0 1.0
redkitchen/seq-05/color/frame-000033.color.png redkitchen/seq-05/color/frame-000035.color.png 0.999961 0.00364944 -0.00807758 -0.00255678 -0.00362965 0.99999 0.00246444 -0.00372465 0.0080865 -0.00243502 0.999964 -0.00343777 0.0 0.0 0.0 1.0
redkitchen/seq-05/color/frame-000034.color.png redkitchen/seq-05/color/frame-000036.color.png 0.999785 0.00689283 -0.019545 -0.000655298 -0.00681158 0.999968 0.0042204 -0.00379008 0.0195735 -0.00408636 0.9998 -0.00288537 0.0 0.0 0.0 1.0
redkitchen/seq-05/color/frame-000035.color.png redkitchen/seq-05/color/frame-000037.color.png 0.999817 0.00657296 -0.0179503 -0.00430243 -0.00655607 0.999978 0.00099919 0.0021034 0.0179565 -0.000881325 0.999838 -0.0020943 0.0 0.0 0.0 1.0
redkitchen/seq-05/color/frame-000036.color.png redkitchen/seq-05/color/frame-000038.color.png 0.999825 0.00847605 -0.0166947 -0.00336737 -0.00847129 0.999964 0.000356188 0.000282919 0.0166972 -0.000214701 0.99986 -0.00388571 0.0 0.0 0.0 1.0
redkitchen/seq-05/color/frame-000037.color.png redkitchen/seq-05/color/frame-000039.color.png 0.999916 0.00449883 -0.0121791 -0.0124044 -0.0044976 0.99999 0.000128679 0.00244487 0.0121795 -7.38899e-05 0.999926 -0.00325255 0.0 0.0 0.0 1.0
redkitchen/seq-05/color/frame-000038.color.png redkitchen/seq-05/color/frame-000040.color.png 0.999885 0.00526011 -0.0142543 -0.0144003 -0.00521317 0.999981 0.0033277 -0.00303505 0.0142715 -0.003253 0.999893 -0.00301616 0.0 0.0 0.0 1.0
redkitchen/seq-05/color/frame-000039.color.png redkitchen/seq-05/color/frame-000041.color.png 0.999917 0.00451022 -0.0120612 6.18156e-05 -0.00450935 0.99999 0.000100144 0.000404479 0.0120615 -4.57501e-05 0.999927 -0.00109768 0.0 0.0 0.0 1.0
redkitchen/seq-05/color/frame-000040.color.png redkitchen/seq-05/color/frame-000042.color.png 0.999943 0.00839991 -0.00665018 -0.00571812 -0.00841271 0.999963 -0.00189832 0.0003863 0.00663401 0.00195416 0.999976 -0.000817381 0.0 0.0 0.0 1.0
redkitchen/seq-05/color/frame-000041.color.png redkitchen/seq-05/color/frame-000043.color.png 0.99987 0.0119212 -0.0108211 -0.00868051 -0.0119724 0.999917 -0.00468537 0.0048047 0.0107644 0.00481432 0.99993 -0.0066049 0.0 0.0 0.0 1.0
redkitchen/seq-05/color/frame-000042.color.png redkitchen/seq-05/color/frame-000044.color.png 0.999904 0.00510635 -0.0128632 -0.00102872 -0.00510504 0.999987 0.000133539 0.000981961 0.0128637 -6.78597e-05 0.999917 -0.00350291 0.0 0.0 0.0 1.0
redkitchen/seq-05/color/frame-000043.color.png redkitchen/seq-05/color/frame-000045.color.png 0.99989 0.00254475 -0.0146289 -0.00399376 -0.00248307 0.999988 0.00423213 -0.000927965 0.0146395 -0.00419534 0.999884 -0.0013876 0.0 0.0 0.0 1.0
redkitchen/seq-05/color/frame-000044.color.png redkitchen/seq-05/color/frame-000046.color.png 0.999873 0.00300877 -0.0156465 -0.0039552 -0.00293721 0.999985 0.0045943 0.000649154 0.0156601 -0.00454776 0.999867 -0.00427558 0.0 0.0 0.0 1.0
redkitchen/seq-05/color/frame-000045.color.png redkitchen/seq-05/color/frame-000047.color.png 0.999902 0.0011308 -0.013922 -0.0064383 -0.00100843 0.999961 0.00879412 -0.00327717 0.0139314 -0.00877923 0.999864 -0.000259362 0.0 0.0 0.0 1.0
redkitchen/seq-05/color/frame-000046.color.png redkitchen/seq-05/color/frame-000048.color.png 0.999976 -0.000495574 -0.0069408 -0.00362435 0.000528513 0.999989 0.00474593 -0.00081312 0.00693834 -0.00474948 0.999965 0.00192064 0.0 0.0 0.0 1.0
redkitchen/seq-05/color/frame-000047.color.png redkitchen/seq-05/color/frame-000049.color.png 0.999973 0.000983703 -0.00726702 -0.00151645 -0.000986881 0.999999 -0.000433381 0.00340565 0.00726654 0.000440544 0.999974 -0.00192883 0.0 0.0 0.0 1.0
redkitchen/seq-05/color/frame-000048.color.png redkitchen/seq-05/color/frame-000050.color.png 0.999904 0.0035766 -0.0133781 -0.00371003 -0.00359471 0.999993 -0.00133012 0.00745915 0.0133733 0.00137808 0.99991 -0.00294915 0.0 0.0 0.0 1.0
redkitchen/seq-05/color/frame-000049.color.png redkitchen/seq-05/color/frame-000051.color.png 0.999918 0.00642844 -0.0111303 -0.00707855 -0.00644394 0.999978 -0.00135752 0.0046717 0.0111214 0.00142913 0.999937 -0.00152547 0.0 0.0 0.0 1.0
redkitchen/seq-05/color/frame-000050.color.png redkitchen/seq-05/color/frame-000052.color.png 0.999903 0.00740333 -0.0118246 -0.00377654 -0.00737183 0.999969 0.002705 -0.00314977 0.0118443 -0.00261757 0.999926 -0.0011311 0.0 0.0 0.0 1.0
redkitchen/seq-05/color/frame-000051.color.png redkitchen/seq-05/color/frame-000053.color.png 0.999884 0.0071084 -0.0134862 -0.000941537 -0.00706395 0.999969 0.00334032 -0.00249833 0.0135095 -0.00324466 0.999904 0.000246726 0.0 0.0 0.0 1.0
redkitchen/seq-05/color/frame-000052.color.png redkitchen/seq-05/color/frame-000054.color.png 0.999904 0.00550006 -0.0127627 -0.00753226 -0.00552816 0.999982 -0.00216756 0.0111635 0.0127506 0.00223791 0.999916 -0.0032558 0.0 0.0 0.0 1.0
redkitchen/seq-05/color/frame-000053.color.png redkitchen/seq-05/color/frame-000055.color.png 0.999913 0.00650649 -0.0114381 -0.0114977 -0.00652195 0.999978 -0.00131516 0.00799947 0.0114293 0.00138964 0.999934 -0.0027342 0.0 0.0 0.0 1.0
redkitchen/seq-05/color/frame-000054.color.png redkitchen/seq-05/color/frame-000056.color.png 0.999968 0.00397467 -0.007005 -0.00265754 -0.00397702 0.999992 -0.0003199 0.00192147 0.00700365 0.000347746 0.999975 0.00086087 0.0 0.0 0.0 1.0
redkitchen/seq-05/color/frame-000055.color.png redkitchen/seq-05/color/frame-000057.color.png 0.999983 0.00214149 -0.00543164 -0.00353517 -0.00214805 0.999997 -0.00120338 0.00329813 0.00542908 0.00121503 0.999984 -0.00286127 0.0 0.0 0.0 1.0
redkitchen/seq-05/color/frame-000056.color.png redkitchen/seq-05/color/frame-000058.color.png 0.999857 0.00529275 -0.0160844 -0.00117233 -0.00528671 0.999986 0.000417801 0.00300918 0.0160864 -0.000332714 0.999871 -0.00158985 0.0 0.0 0.0 1.0
redkitchen/seq-05/color/frame-000057.color.png redkitchen/seq-05/color/frame-000059.color.png 0.999777 0.00776194 -0.019623 -0.00178342 -0.00772085 0.999968 0.00216962 0.00059271 0.0196393 -0.00201763 0.999805 0.000622161 0.0 0.0 0.0 1.0
redkitchen/seq-05/color/frame-000058.color.png redkitchen/seq-05/color/frame-000060.color.png 0.999857 0.00861603 -0.0145474 -0.00961963 -0.00859235 0.999962 0.00168915 -0.000693891 0.0145614 -0.00156391 0.999893 -0.000781056 0.0 0.0 0.0 1.0
redkitchen/seq-05/color/frame-000059.color.png redkitchen/seq-05/color/frame-000061.color.png 0.999898 0.00651141 -0.0126888 -0.00403135 -0.00648436 0.999977 0.00217067 -0.000524908 0.0127025 -0.00208817 0.999917 -0.00310483 0.0 0.0 0.0 1.0
redkitchen/seq-05/color/frame-000060.color.png redkitchen/seq-05/color/frame-000062.color.png 0.999842 0.00948875 -0.0150392 -0.00117813 -0.00935334 0.999915 0.00904906 -0.00760309 0.0151238 -0.00890696 0.999846 0.000254691 0.0 0.0 0.0 1.0
redkitchen/seq-05/color/frame-000061.color.png redkitchen/seq-05/color/frame-000063.color.png 0.999939 0.00644919 -0.00891825 -0.000881672 -0.00639253 0.999959 0.00636819 -0.00480615 0.00895898 -0.00631079 0.99994 0.00127291 0.0 0.0 0.0 1.0
redkitchen/seq-05/color/frame-000062.color.png redkitchen/seq-05/color/frame-000064.color.png 0.999968 0.00252597 -0.00759373 -0.00580101 -0.00253907 0.999995 -0.00171383 0.0103687 0.00758934 0.00173306 0.99997 -0.00177759 0.0 0.0 0.0 1.0
redkitchen/seq-05/color/frame-000063.color.png redkitchen/seq-05/color/frame-000065.color.png 0.999912 0.0016015 -0.0132014 -0.0115425 -0.00162154 0.999998 -0.00150882 0.0149924 0.0131989 0.00153009 0.999912 -0.000844032 0.0 0.0 0.0 1.0
redkitchen/seq-05/color/frame-000064.color.png redkitchen/seq-05/color/frame-000066.color.png 0.999889 -0.000352323 -0.0149015 -0.00381762 0.000452685 0.999977 0.0067316 -0.00121139 0.0148988 -0.0067376 0.999866 0.00265882 0.0 0.0 0.0 1.0
redkitchen/seq-05/color/frame-000065.color.png redkitchen/seq-05/color/frame-000067.color.png 0.999825 0.00338099 -0.0183717 0.000655577 -0.00330514 0.999986 0.00415792 -0.00143325 0.0183856 -0.00409646 0.999823 0.00494448 0.0 0.0 0.0 1.0
redkitchen/seq-05/color/frame-000066.color.png redkitchen/seq-05/color/frame-000068.color.png 0.999895 0.00578656 -0.0133203 -0.00583418 -0.00586241 0.999967 -0.00566274 0.00696733 0.0132871 0.00574024 0.999895 0.000140507 0.0 0.0 0.0 1.0
redkitchen/seq-05/color/frame-000067.color.png redkitchen/seq-05/color/frame-000069.color.png 0.999928 0.0060343 -0.0103555 -0.00567301 -0.00608867 0.999968 -0.00522647 0.00540643 0.0103236 0.00528914 0.999933 -0.00265198 0.0 0.0 0.0 1.0
redkitchen/seq-05/color/frame-000068.color.png redkitchen/seq-05/color/frame-000070.color.png 0.9999 0.00647315 -0.0126039 -0.00563606 -0.00645767 0.999978 0.00126867 -0.00141248 0.0126119 -0.00118715 0.99992 -0.00258304 0.0 0.0 0.0 1.0
redkitchen/seq-05/color/frame-000069.color.png redkitchen/seq-05/color/frame-000071.color.png 0.999863 0.00660827 -0.0151824 -0.0059055 -0.00657316 0.999976 0.00236124 -0.000729896 0.0151976 -0.00226111 0.999882 -0.00245848 0.0 0.0 0.0 1.0
redkitchen/seq-05/color/frame-000070.color.png redkitchen/seq-05/color/frame-000072.color.png 0.99995 0.0028508 -0.00956492 0.000677988 -0.00283055 0.999994 0.0021311 -0.000862727 0.00957088 -0.00210393 0.999952 0.000188146 0.0 0.0 0.0 1.0
redkitchen/seq-05/color/frame-000071.color.png redkitchen/seq-05/color/frame-000073.color.png 0.999954 0.00357011 -0.00886567 -0.000544854 -0.00356552 0.999994 0.00053396 -0.000229679 0.00886755 -0.000502335 0.999961 0.00219005 0.0 0.0 0.0 1.0
redkitchen/seq-05/color/frame-000072.color.png redkitchen/seq-05/color/frame-000074.color.png 0.999934 0.00444945 -0.0106212 -0.0128151 -0.00450619 0.999976 -0.00532658 0.0102347 0.0105973 0.0053741 0.999929 -0.00309133 0.0 0.0 0.0 1.0
redkitchen/seq-05/color/frame-000073.color.png redkitchen/seq-05/color/frame-000075.color.png 0.99991 0.0021716 -0.0132309 -0.00679633 -0.00220702 0.999994 -0.00266133 0.00446318 0.013225 0.00269029 0.999909 -0.0026587 0.0 0.0 0.0 1.0
redkitchen/seq-05/color/frame-000074.color.png redkitchen/seq-05/color/frame-000076.color.png 0.999831 0.00401612 -0.017922 -0.0010773 -0.00398894 0.999991 0.00155411 -0.00197763 0.017928 -0.00148237 0.999838 -0.000137523 0.0 0.0 0.0 1.0
redkitchen/seq-05/color/frame-000075.color.png redkitchen/seq-05/color/frame-000077.color.png 0.999797 0.00740212 -0.0187491 5.25862e-05 -0.00738705 0.999972 0.000872746 -0.00397526 0.0187551 -0.000734065 0.999824 0.00402255 0.0 0.0 0.0 1.0
redkitchen/seq-05/color/frame-000076.color.png redkitchen/seq-05/color/frame-000078.color.png 0.999949 0.0049725 -0.00875728 -0.0101384 -0.00501814 0.999974 -0.00519745 0.00531287 0.00873124 0.00524113 0.999948 -0.00583626 0.0 0.0 0.0 1.0
redkitchen/seq-05/color/frame-000077.color.png redkitchen/seq-05/color/frame-000079.color.png 0.999952 0.00182121 -0.00963137 -0.00683052 -0.00184217 0.999996 -0.00216954 0.00443175 0.00962737 0.00218718 0.999951 -0.00522047 0.0 0.0 0.0 1.0
redkitchen/seq-05/color/frame-000078.color.png redkitchen/seq-05/color/frame-000080.color.png 0.999879 0.00384595 -0.0150954 -0.00230316 -0.00379555 0.999987 0.00336596 -0.00328244 0.0151081 -0.00330825 0.99988 0.00131302 0.0 0.0 0.0 1.0
redkitchen/seq-05/color/frame-000079.color.png redkitchen/seq-05/color/frame-000081.color.png 0.999935 0.00437072 -0.0105737 -0.00785437 -0.00440081 0.999986 -0.00282766 0.0052185 0.0105612 0.00287401 0.99994 -0.0047644 0.0 0.0 0.0 1.0
redkitchen/seq-05/color/frame-000080.color.png redkitchen/seq-05/color/frame-000082.color.png 0.999955 0.00236991 -0.00922298 -0.00673373 -0.00239994 0.999992 -0.00324691 0.00504256 0.00921522 0.00326891 0.999952 -0.00300657 0.0 0.0 0.0 1.0
redkitchen/seq-05/color/frame-000081.color.png redkitchen/seq-05/color/frame-000083.color.png 0.999944 0.00198362 -0.010348 -0.00510374 -0.00196379 0.999996 0.00192686 0.00125976 0.0103518 -0.00190642 0.999945 -0.0027879 0.0 0.0 0.0 1.0
redkitchen/seq-05/color/frame-000082.color.png redkitchen/seq-05/color/frame-000084.color.png 0.999884 0.0050858 -0.0143595 -0.00203416 -0.00511793 0.999984 -0.00220086 0.00805612 0.0143481 0.00227408 0.999894 0.00353386 0.0 0.0 0.0 1.0
redkitchen/seq-05/color/frame-000083.color.png redkitchen/seq-05/color/frame-000085.color.png 0.999904 0.0056698 -0.0126395 -0.00163373 -0.00568926 0.999983 -0.00150226 -0.000680994 0.0126307 0.00157402 0.999919 0.00439873 0.0 0.0 0.0 1.0
redkitchen/seq-05/color/frame-000084.color.png redkitchen/seq-05/color/frame-000086.color.png 0.999961 0.00409962 -0.00776332 -0.00437833 -0.00409146 0.999991 0.00106352 -0.00587411 0.00776765 -0.00103172 0.999969 -0.00371678 0.0 0.0 0.0 1.0
redkitchen/seq-05/color/frame-000085.color.png redkitchen/seq-05/color/frame-000087.color.png 0.999998 0.000459327 0.0018842 -0.0216414 -0.000445926 0.999975 -0.0070807 0.0218239 -0.00188742 0.00707984 0.999973 -0.0255 0.0 0.0 0.0 1.0
redkitchen/seq-05/color/frame-000086.color.png redkitchen/seq-05/color/frame-000088.color.png 0.999883 0.0058013 -0.0141826 -0.00373121 -0.00567303 0.999943 0.0090677 -0.00511131 0.0142345 -0.00898617 0.999858 -0.00245018 0.0 0.0 0.0 1.0
redkitchen/seq-05/color/frame-000087.color.png redkitchen/seq-05/color/frame-000089.color.png 0.999763 0.00966529 -0.0195222 -0.00188991 -0.00948741 0.999913 0.00918442 -0.0108348 0.0196093 -0.00899703 0.999767 0.0110928 0.0 0.0 0.0 1.0
redkitchen/seq-05/color/frame-000088.color.png redkitchen/seq-05/color/frame-000090.color.png 0.999803 0.00766875 -0.0183001 -0.000586145 -0.00770417 0.999968 -0.00186694 0.00637444 0.0182852 0.00200755 0.999831 0.00503926 0.0 0.0 0.0 1.0
redkitchen/seq-05/color/frame-000089.color.png redkitchen/seq-05/color/frame-000091.color.png 0.999965 0.00227123 -0.00800103 -0.0031603 -0.00232381 0.999976 -0.00657345 0.0138028 0.00798591 0.00659183 0.999946 0.00196284 0.0 0.0 0.0 1.0
redkitchen/seq-05/color/frame-000090.color.png redkitchen/seq-05/color/frame-000092.color.png 0.99998 0.00421454 -0.00475368 -0.00619132 -0.00422785 0.999987 -0.00279651 0.00261739 0.00474182 0.00281654 0.999985 -0.00695583 0.0 0.0 0.0 1.0
redkitchen/seq-05/color/frame-000091.color.png redkitchen/seq-05/color/frame-000093.color.png 0.999848 0.00978233 -0.0144344 -0.00534357 -0.0098314 0.999946 -0.00333067 -0.00043647 0.0144009 0.00347207 0.99989 -0.003653 0.0 0.0 0.0 1.0
redkitchen/seq-05/color/frame-000092.color.png redkitchen/seq-05/color/frame-000094.color.png 0.999843 0.00878237 -0.015384 -0.00665168 -0.00880003 0.999961 -0.00107664 -0.00429099 0.0153739 0.00121185 0.999881 -0.000362046 0.0 0.0 0.0 1.0
redkitchen/seq-05/color/frame-000093.color.png redkitchen/seq-05/color/frame-000095.color.png 0.999832 0.00792038 -0.0165283 -0.00484018 -0.00792961 0.999968 -0.00049087 -0.00205007 0.0165239 0.000621857 0.999863 -0.00183031 0.0 0.0 0.0 1.0
redkitchen/seq-05/color/frame-000094.color.png redkitchen/seq-05/color/frame-000096.color.png 0.999839 0.00566633 -0.0170208 -0.00354634 -0.0056949 0.999982 -0.00163101 0.00484215 0.0170113 0.0017277 0.999854 -0.000253625 0.0 0.0 0.0 1.0
redkitchen/seq-05/color/frame-000095.color.png redkitchen/seq-05/color/frame-000097.color.png 0.999898 0.00639888 -0.0127634 -0.0107258 -0.00641964 0.999978 -0.00158249 0.00452253 0.0127531 0.00166425 0.999917 -0.00549437 0.0 0.0 0.0 1.0
redkitchen/seq-05/color/frame-000096.color.png redkitchen/seq-05/color/frame-000098.color.png 0.999835 0.00801367 -0.0162974 -0.00691696 -0.00796989 0.999964 0.00274756 0.000297271 0.0163188 -0.00261722 0.999863 -0.00400578 0.0 0.0 0.0 1.0
redkitchen/seq-05/color/frame-000097.color.png redkitchen/seq-05/color/frame-000099.color.png 0.999775 0.00811362 -0.0196273 -0.000418261 -0.00805844 0.999963 0.00288661 -0.000193387 0.0196499 -0.0027278 0.999803 0.00220758 0.0 0.0 0.0 1.0
redkitchen/seq-05/color/frame-000098.color.png redkitchen/seq-05/color/frame-000100.color.png 0.999995 0.00292198 -0.000894572 -0.0241724 -0.00293564 0.999873 -0.0156827 0.0318106 0.000848589 0.0156853 0.999876 -0.0144561 0.0 0.0 0.0 1.0
redkitchen/seq-05/color/frame-000099.color.png redkitchen/seq-05/color/frame-000101.color.png 0.99992 0.00535658 -0.0114525 -0.00634612 -0.005314 0.999979 0.00374216 -0.00598075 0.0114722 -0.00368101 0.999927 -0.000401787 0.0 0.0 0.0 1.0
redkitchen/seq-05/color/frame-000100.color.png redkitchen/seq-05/color/frame-000102.color.png 0.999905 0.0049538 -0.0128465 -0.0067881 -0.00493823 0.999987 0.00124625 0.0013786 0.0128525 -0.00118269 0.999917 -0.00324114 0.0 0.0 0.0 1.0
redkitchen/seq-05/color/frame-000101.color.png redkitchen/seq-05/color/frame-000103.color.png 0.999913 0.00489768 -0.0122942 -0.00283241 -0.00498253 0.999964 -0.00687867 0.015864 0.0122603 0.00693934 0.999901 0.000452399 0.0 0.0 0.0 1.0
redkitchen/seq-05/color/frame-000102.color.png redkitchen/seq-05/color/frame-000104.color.png 0.999967 0.00373185 -0.00715768 -0.00432906 -0.00372351 0.999992 0.00117016 0.00156583 0.00716202 -0.00114348 0.999974 -0.00408333 0.0 0.0 0.0 1.0
redkitchen/seq-05/color/frame-000103.color.png redkitchen/seq-05/color/frame-000105.color.png 0.99996 0.00159441 -0.00882958 -0.00374849 -0.00152477 0.999968 0.00788939 -0.00342273 0.0088419 -0.00787563 0.99993 -0.00255159 0.0 0.0 0.0 1.0
redkitchen/seq-05/color/frame-000104.color.png redkitchen/seq-05/color/frame-000106.color.png 0.999898 0.00409585 -0.0136574 -0.00621437 -0.00401224 0.999973 0.00614629 7.46548e-05 0.0136822 -0.00609087 0.999888 0.00271602 0.0 0.0 0.0 1.0
redkitchen/seq-05/color/frame-000105.color.png redkitchen/seq-05/color/frame-000107.color.png 0.999891 0.00718632 -0.0128867 -0.0052093 -0.00717847 0.999974 0.000655693 0.000372693 0.012891 -0.000563127 0.999917 0.000815988 0.0 0.0 0.0 1.0
redkitchen/seq-05/color/frame-000106.color.png redkitchen/seq-05/color/frame-000108.color.png 0.999929 0.00621684 -0.0101378 -0.00160965 -0.00623242 0.999979 -0.00150326 0.000225879 0.0101281 0.00156637 0.999948 -0.000380829 0.0 0.0 0.0 1.0
redkitchen/seq-05/color/frame-000107.color.png redkitchen/seq-05/color/frame-000109.color.png 0.999984 0.00467548 -0.00322974 -0.0162208 -0.00467197 0.999989 0.00108354 0.00107656 0.00323481 -0.00106842 0.999994 -0.0139009 0.0 0.0 0.0 1.0
redkitchen/seq-05/color/frame-000108.color.png redkitchen/seq-05/color/frame-000110.color.png 0.99988 0.00687328 -0.013902 -0.00926043 -0.00678202 0.999955 0.00659949 -0.00426842 0.0139467 -0.00650442 0.999882 0.00168917 0.0 0.0 0.0 1.0
redkitchen/seq-05/color/frame-000109.color.png redkitchen/seq-05/color/frame-000111.color.png 0.999764 0.0097896 -0.0194151 -0.0120374 -0.00982358 0.99995 -0.00165241 0.0133142 0.019398 0.00184275 0.99981 0.00623359 0.0 0.0 0.0 1.0
redkitchen/seq-05/color/frame-000110.color.png redkitchen/seq-05/color/frame-000112.color.png 0.999745 0.0096069 -0.0204527 -0.00868618 -0.00962897 0.999953 -0.000982571 0.00843089 0.0204425 0.00117925 0.99979 0.00245158 0.0 0.0 0.0 1.0
redkitchen/seq-05/color/frame-000111.color.png redkitchen/seq-05/color/frame-000113.color.png 0.999809 0.00889166 -0.0174253 -0.00335272 -0.00884046 0.999956 0.00301346 -0.00512536 0.0174513 -0.00285882 0.999844 -0.00166439 0.0 0.0 0.0 1.0
redkitchen/seq-05/color/frame-000112.color.png redkitchen/seq-05/color/frame-000114.color.png 0.999837 0.00695395 -0.0166461 -0.00672755 -0.00694351 0.999976 0.000688416 0.00161956 0.0166505 -0.000572719 0.999861 0.00307427 0.0 0.0 0.0 1.0
redkitchen/seq-05/color/frame-000113.color.png redkitchen/seq-05/color/frame-000115.color.png 0.999813 0.00730742 -0.0178956 -0.00711791 -0.00722953 0.999964 0.00441231 -0.00577502 0.0179273 -0.00428211 0.99983 0.00237162 0.0 0.0 0.0 1.0
redkitchen/seq-05/color/frame-000114.color.png redkitchen/seq-05/color/frame-000116.color.png 0.999848 0.00591421 -0.0163711 -0.00407213 -0.00593934 0.999981 -0.00148936 0.000252008 0.016362 0.00158635 0.999865 0.00103067 0.0 0.0 0.0 1.0
redkitchen/seq-05/color/frame-000115.color.png redkitchen/seq-05/color/frame-000117.color.png 0.999916 0.00351419 -0.0124852 -0.00678544 -0.00359207 0.999974 -0.00621824 0.00670526 0.012463 0.00626256 0.999903 -0.00157972 0.0 0.0 0.0 1.0
redkitchen/seq-05/color/frame-000116.color.png redkitchen/seq-05/color/frame-000118.color.png 0.999911 0.00382871 -0.012743 -0.00333335 -0.00385262 0.999991 -0.00185582 0.00140138 0.0127359 0.00190477 0.999917 -0.0051882 0.0 0.0 0.0 1.0
redkitchen/seq-05/color/frame-000117.color.png redkitchen/seq-05/color/frame-000119.color.png 0.999909 0.00155895 -0.0133771 -0.00308344 -0.00154149 0.999998 0.00131388 0.00364794 0.0133791 -0.00129318 0.99991 -0.000650629 0.0 0.0 0.0 1.0
redkitchen/seq-05/color/frame-000118.color.png redkitchen/seq-05/color/frame-000120.color.png 0.999907 0.00137096 -0.013543 -0.00377326 -0.00131081 0.999989 0.00445286 0.00235081 0.0135488 -0.00443472 0.999898 0.00104804 0.0 0.0 0.0 1.0
redkitchen/seq-05/color/frame-000119.color.png redkitchen/seq-05/color/frame-000121.color.png 0.999943 0.00159779 -0.01052 -0.0085932 -0.00157943 0.999997 0.00175448 0.00690515 0.0105228 -0.00173779 0.999943 -0.000132188 0.0 0.0 0.0 1.0
redkitchen/seq-05/color/frame-000120.color.png redkitchen/seq-05/color/frame-000122.color.png 0.99995 0.00137151 -0.00990768 -0.0058105 -0.0013248 0.999988 0.00471925 0.00217882 0.00991406 -0.00470586 0.99994 -0.00464891 0.0 0.0 0.0 1.0
redkitchen/seq-05/color/frame-000121.color.png redkitchen/seq-05/color/frame-000123.color.png 0.999903 0.00344886 -0.0134972 -0.00458984 -0.00335152 0.999968 0.00722779 0.000361398 0.0135217 -0.00718183 0.999883 -0.00105618 0.0 0.0 0.0 1.0
redkitchen/seq-05/color/frame-000122.color.png redkitchen/seq-05/color/frame-000124.color.png 0.999843 0.00903778 -0.0152613 -0.00625913 -0.00892677 0.999933 0.00732295 -0.00461043 0.0153265 -0.0071856 0.999857 -0.00445132 0.0 0.0 0.0 1.0
redkitchen/seq-05/color/frame-000123.color.png redkitchen/seq-05/color/frame-000125.color.png 0.999849 0.00715724 -0.0158475 -0.00906846 -0.0071204 0.999972 0.0023752 0.00177524 0.0158639 -0.002262 0.999872 0.00393769 0.0 0.0 0.0 1.0
redkitchen/seq-05/color/frame-000124.color.png redkitchen/seq-05/color/frame-000126.color.png 0.999877 0.00436313 -0.0150963 -0.00445001 -0.00433563 0.999989 0.00185791 0.00405738 0.0151041 -0.00179224 0.999884 0.00454852 0.0 0.0 0.0 1.0
redkitchen/seq-05/color/frame-000125.color.png redkitchen/seq-05/color/frame-000127.color.png 0.999879 0.0074279 -0.0136932 -0.00112419 -0.00733575 0.99995 0.0067694 -0.00996249 0.0137429 -0.00666812 0.999883 -0.00268111 0.0 0.0 0.0 1.0
redkitchen/seq-05/color/frame-000126.color.png redkitchen/seq-05/color/frame-000128.color.png 0.999915 0.0049192 -0.0120576 -0.0086264 -0.00491429 0.999988 0.000435617 0.00380375 0.0120595 -0.000376303 0.999927 -0.00274648 0.0 0.0 0.0 1.0
redkitchen/seq-05/color/frame-000127.color.png redkitchen/seq-05/color/frame-000129.color.png 0.999854 0.00788079 -0.0151728 -0.00923772 -0.00786104 0.999968 0.00136108 -0.000466511 0.0151829 -0.00124161 0.999884 4.22597e-05 0.0 0.0 0.0 1.0
redkitchen/seq-05/color/frame-000128.color.png redkitchen/seq-05/color/frame-000130.color.png 0.999757 0.0106144 -0.0192943 -0.00705895 -0.0105869 0.999943 0.00152865 -0.00523762 0.0193093 -0.00132398 0.999813 0.00472471 0.0 0.0 0.0 1.0
redkitchen/seq-05/color/frame-000129.color.png redkitchen/seq-05/color/frame-000131.color.png 0.999827 0.00934922 -0.0160996 -0.00522687 -0.0093987 0.999951 -0.00299773 -0.0041621 0.0160707 0.00314851 0.999866 0.000819251 0.0 0.0 0.0 1.0
redkitchen/seq-05/color/frame-000130.color.png redkitchen/seq-05/color/frame-000132.color.png 0.999918 0.00418391 -0.0120951 -0.00540268 -0.00426071 0.999971 -0.00633485 0.00435752 0.0120683 0.00638588 0.999907 -0.0040044 0.0 0.0 0.0 1.0
redkitchen/seq-05/color/frame-000131.color.png redkitchen/seq-05/color/frame-000133.color.png 0.999847 0.00915112 -0.014917 -0.00434721 -0.00920118 0.999952 -0.00328502 0.000541054 0.0148863 0.00342179 0.999883 -0.00764985 0.0 0.0 0.0 1.0
redkitchen/seq-05/color/frame-000132.color.png redkitchen/seq-05/color/frame-000134.color.png 0.999777 0.0112071 -0.0179106 -0.00821674 -0.0112778 0.999929 -0.00385181 0.00581028 0.0178663 0.00405291 0.999832 -0.000992581 0.0 0.0 0.0 1.0
redkitchen/seq-05/color/frame-000133.color.png redkitchen/seq-05/color/frame-000135.color.png 0.999771 0.0101696 -0.0188156 -0.00993301 -0.010198 0.999947 -0.00142091 0.009133 0.0188002 0.00161248 0.999822 0.00136976 0.0 0.0 0.0 1.0
redkitchen/seq-05/color/frame-000134.color.png redkitchen/seq-05/color/frame-000136.color.png 0.999689 0.0131418 -0.0212178 -0.00958066 -0.0130643 0.999908 0.00378489 -0.000657871 0.0212655 -0.00350649 0.999768 0.00445534 0.0 0.0 0.0 1.0
redkitchen/seq-05/color/frame-000135.color.png redkitchen/seq-05/color/frame-000137.color.png 0.999663 0.0113978 -0.0233196 -0.0101122 -0.0113966 0.999935 0.000184756 0.00100896 0.0233203 8.104e-05 0.999728 0.0127909 0.0 0.0 0.0 1.0
redkitchen/seq-05/color/frame-000136.color.png redkitchen/seq-05/color/frame-000138.color.png 0.999725 0.0127186 -0.0197105 -0.00244997 -0.0127717 0.999915 -0.00257047 -0.00484546 0.0196762 0.00282154 0.999802 0.00435375 0.0 0.0 0.0 1.0
redkitchen/seq-05/color/frame-000137.color.png redkitchen/seq-05/color/frame-000139.color.png 0.999738 0.0171125 -0.0152271 -0.00582457 -0.0171879 0.999841 -0.00483918 -0.00851806 0.0151418 0.00509965 0.999872 -0.00580338 0.0 0.0 0.0 1.0
redkitchen/seq-05/color/frame-000138.color.png redkitchen/seq-05/color/frame-000140.color.png 0.999612 0.0203869 -0.0189929 -0.00794061 -0.020367 0.999792 0.00124385 -0.0197709 0.0190141 -0.000856534 0.999819 -0.0108591 0.0 0.0 0.0 1.0
redkitchen/seq-05/color/frame-000139.color.png redkitchen/seq-05/color/frame-000141.color.png 0.999601 0.0160843 -0.0232425 -0.00794956 -0.0161607 0.999865 -0.00309865 -0.00574751 0.0231896 0.00347302 0.999725 -0.000676513 0.0 0.0 0.0 1.0
redkitchen/seq-05/color/frame-000140.color.png redkitchen/seq-05/color/frame-000142.color.png 0.999647 0.0169545 -0.0204579 -0.00968103 -0.0170981 0.99983 -0.00686828 0.00353449 0.0203381 0.00721566 0.999767 -0.00593069 0.0 0.0 0.0 1.0
redkitchen/seq-05/color/frame-000141.color.png redkitchen/seq-05/color/frame-000143.color.png 0.998739 0.0335065 -0.0373875 -0.0150451 -0.0336476 0.999429 -0.00314853 -0.00695422 0.0372606 0.00440254 0.999296 -0.00745477 0.0 0.0 0.0 1.0
redkitchen/seq-05/color/frame-000142.color.png redkitchen/seq-05/color/frame-000144.color.png 0.998428 0.0332442 -0.0451165 -0.0161343 -0.0333528 0.999442 -0.00165844 -0.0100309 0.0450361 0.00316062 0.99898 0.0150015 0.0 0.0 0.0 1.0
redkitchen/seq-05/color/frame-000143.color.png redkitchen/seq-05/color/frame-000145.color.png 0.999528 0.0172896 -0.0253819 -0.00978814 -0.0174693 0.999824 -0.006875 -0.00385702 0.0252586 0.00731521 0.999654 0.00721042 0.0 0.0 0.0 1.0
redkitchen/seq-05/color/frame-000144.color.png redkitchen/seq-05/color/frame-000146.color.png 0.999663 0.0180925 -0.0186336 -0.0124417 -0.0182707 0.999789 -0.00943707 -0.00208023 0.0184591 0.00977428 0.999782 -0.0171273 0.0 0.0 0.0 1.0
redkitchen/seq-05/color/frame-000145.color.png redkitchen/seq-05/color/frame-000147.color.png 0.999422 0.0203558 -0.0272181 -0.0100977 -0.0204616 0.999784 -0.00361586 -0.00428012 0.0271385 0.00417067 0.999623 -0.00596707 0.0 0.0 0.0 1.0
redkitchen/seq-05/color/frame-000146.color.png redkitchen/seq-05/color/frame-000148.color.png 0.999151 0.0199206 -0.036055 -0.0115213 -0.0198622 0.999801 0.00197705 -0.0127329 0.0360871 -0.00125921 0.999348 0.0185882 0.0 0.0 0.0 1.0
redkitchen/seq-05/color/frame-000147.color.png redkitchen/seq-05/color/frame-000149.color.png 0.999491 0.0137076 -0.0288061 -0.0191297 -0.0141019 0.999809 -0.0135306 0.00352834 0.0286152 0.01393 0.999494 0.00986904 0.0 0.0 0.0 1.0
redkitchen/seq-05/color/frame-000148.color.png redkitchen/seq-05/color/frame-000150.color.png 0.998854 0.0247845 -0.0409464 -0.0113671 -0.0256596 0.99945 -0.0209874 -0.00145636 0.0404037 0.022014 0.998941 -0.00753932 0.0 0.0 0.0 1.0
redkitchen/seq-05/color/frame-000149.color.png redkitchen/seq-05/color/frame-000151.color.png 0.998711 0.0285189 -0.0420008 -0.0192719 -0.0292309 0.999438 -0.0164347 0.00731924 0.0415084 0.0176412 0.998982 0.004078 0.0 0.0 0.0 1.0
redkitchen/seq-05/color/frame-000150.color.png redkitchen/seq-05/color/frame-000152.color.png 0.999058 0.0258328 -0.034877 -0.0106669 -0.0259525 0.999659 -0.00298127 -0.00107591 0.0347881 0.00388355 0.999387 0.0104782 0.0 0.0 0.0 1.0
redkitchen/seq-05/color/frame-000151.color.png redkitchen/seq-05/color/frame-000153.color.png 0.998932 0.033075 -0.0322675 -0.0120056 -0.0330068 0.999452 0.00264358 -0.0202528 0.0323374 -0.00157567 0.999476 -0.0034145 0.0 0.0 0.0 1.0
redkitchen/seq-05/color/frame-000152.color.png redkitchen/seq-05/color/frame-000154.color.png 0.999288 0.024428 -0.0287425 -0.0226011 -0.0246836 0.999659 -0.00857266 -0.00871004 0.0285232 0.00927605 0.99955 0.00513837 0.0 0.0 0.0 1.0
redkitchen/seq-05/color/frame-000153.color.png redkitchen/seq-05/color/frame-000155.color.png 0.99868 0.022245 -0.046301 -0.0175291 -0.0234522 0.999395 -0.0256926 -0.0110799 0.0457014 0.0267445 0.998597 0.0235475 0.0 0.0 0.0 1.0
redkitchen/seq-05/color/frame-000154.color.png redkitchen/seq-05/color/frame-000156.color.png 0.9992 0.0180846 -0.0356862 -0.0110158 -0.0193257 0.999209 -0.034747 -0.00836548 0.0350296 0.0354088 0.998759 0.0065424 0.0 0.0 0.0 1.0
redkitchen/seq-05/color/frame-000155.color.png redkitchen/seq-05/color/frame-000157.color.png 0.99979 0.0130781 -0.0158081 -0.00447017 -0.0135251 0.999502 -0.028512 -0.0106675 0.0154273 0.0287198 0.999469 -0.00641774 0.0 0.0 0.0 1.0
redkitchen/seq-05/color/frame-000156.color.png redkitchen/seq-05/color/frame-000158.color.png 0.999752 0.0159502 -0.0155491 -0.00461906 -0.0164401 0.999356 -0.0319004 -0.00429511 0.0150304 0.0321482 0.99937 -0.00380914 0.0 0.0 0.0 1.0
redkitchen/seq-05/color/frame-000157.color.png redkitchen/seq-05/color/frame-000159.color.png 0.999619 0.0233625 -0.0146699 -0.00771081 -0.023818 0.999214 -0.0316776 -0.00800747 0.0139185 0.032015 0.99939 -0.00553426 0.0 0.0 0.0 1.0
redkitchen/seq-05/color/frame-000158.color.png redkitchen/seq-05/color/frame-000160.color.png 0.999023 0.036243 -0.0252999 -0.0187777 -0.0376685 0.997585 -0.0583476 -0.0132629 0.023124 0.0592435 0.997976 -0.00471361 0.0 0.0 0.0 1.0
redkitchen/seq-05/color/frame-000159.color.png redkitchen/seq-05/color/frame-000161.color.png 0.999155 0.033274 -0.0241261 -0.0168045 -0.0347579 0.997348 -0.0639482 -0.0275254 0.0219342 0.0647327 0.997662 -0.0107113 0.0 0.0 0.0 1.0
redkitchen/seq-05/color/frame-000160.color.png redkitchen/seq-05/color/frame-000162.color.png 0.999736 0.0178971 -0.0144367 -0.00712228 -0.0184671 0.999014 -0.0403727 -0.016488 0.0137 0.0406287 0.99908 -0.0154046 0.0 0.0 0.0 1.0
redkitchen/seq-05/color/frame-000161.color.png redkitchen/seq-05/color/frame-000163.color.png 0.999657 0.0199068 -0.0170037 -0.0095011 -0.0204334 0.999299 -0.0313852 -0.00491461 0.0163671 0.0317219 0.999363 -0.00315581 0.0 0.0 0.0 1.0
redkitchen/seq-05/color/frame-000162.color.png redkitchen/seq-05/color/frame-000164.color.png 0.999568 0.0230935 -0.018194 -0.0128311 -0.0237769 0.998984 -0.0382847 -0.0131551 0.0172913 0.0387007 0.999101 -0.00855538 0.0 0.0 0.0 1.0
redkitchen/seq-05/color/frame-000163.color.png redkitchen/seq-05/color/frame-000165.color.png 0.999722 0.0163831 -0.0169708 -0.0098452 -0.0169455 0.999293 -0.0335499 -0.00181928 0.0164091 0.0338281 0.999293 -0.00808278 0.0 0.0 0.0 1.0
redkitchen/seq-05/color/frame-000164.color.png redkitchen/seq-05/color/frame-000166.color.png 0.999725 0.0179952 -0.0150169 -0.00862506 -0.0182368 0.999704 -0.0161169 -0.00770232 0.0147224 0.0163863 0.999757 -8.69632e-05 0.0 0.0 0.0 1.0
redkitchen/seq-05/color/frame-000165.color.png redkitchen/seq-05/color/frame-000167.color.png 0.99981 0.015853 -0.0113575 -0.00726193 -0.0160408 0.999733 -0.0166354 -0.0144954 0.0110908 0.0168143 0.999797 -0.0025716 0.0 0.0 0.0 1.0
redkitchen/seq-05/color/frame-000166.color.png redkitchen/seq-05/color/frame-000168.color.png 0.999773 0.0144369 -0.0156509 -0.0109158 -0.0149348 0.999371 -0.032174 -0.00593856 0.0151765 0.0324004 0.99936 -0.00919931 0.0 0.0 0.0 1.0
redkitchen/seq-05/color/frame-000167.color.png redkitchen/seq-05/color/frame-000169.color.png 0.999694 0.0172682 -0.0177097 -0.0142795 -0.0178012 0.999379 -0.0303944 -0.000759527 0.0171738 0.0307003 0.999381 -0.00738983 0.0 0.0 0.0 1.0
