redkitchen/seq-05/color/frame-000001.color.png redkitchen/seq-05/color/frame-000003.color.png 0.999999 -0.0011433 0.000512798 0.000314143 0.00114513 0.999993 -0.00358651 0.00469851 -0.000508694 0.00358709 0.999993 0.000382475 0.0 0.0 0.0 1.0
redkitchen/seq-05/color/frame-000003.color.png redkitchen/seq-05/color/frame-000005.color.png 1.0 0.000663605 0.000470975 -0.00160847 -0.000664987 0.999995 0.00293948 -0.00593694 -0.000469022 -0.00293979 0.999996 0.000471993 0.0 0.0 0.0 1.0
redkitchen/seq-05/color/frame-000005.color.png redkitchen/seq-05/color/frame-000007.color.png 0.999995 -0.00305879 -0.00105403 0.00206136 0.00305684 0.999994 -0.0018465 0.00197341 0.00105967 0.00184327 0.999998 0.000671027 0.0 0.0 0.0 1.0
redkitchen/seq-05/color/frame-000007.color.png redkitchen/seq-05/color/frame-000009.color.png 0.999993 -0.000589909 0.00355611 -0.00194184 0.000591548 1.0 -0.000459642 0.00180684 -0.00355584 0.000461742 0.999994 0.00208617 0.0 0.0 0.0 1.0
redkitchen/seq-05/color/frame-000009.color.png redkitchen/seq-05/color/frame-000011.color.png 0.999999 -0.000712725 -0.00142009 0.00380896 0.000714428 0.999999 0.00119906 -0.00278174 0.00141924 -0.00120008 0.999998 -0.00220163 0.0 0.0 0.0 1.0
redkitchen/seq-05/color/frame-000011.color.png redkitchen/seq-05/color/frame-000013.color.png 0.999994 -0.000677088 0.00340109 -0.0024351 0.000680831 0.999999 -0.00109972 -6.27976e-05 -0.00340034 0.00110203 0.999994 0.00209719 0.0 0.0 0.0 1.0
redkitchen/seq-05/color/frame-000013.color.png redkitchen/seq-05/color/frame-000015.color.png 0.999966 -0.00588788 -0.00577351 0.00695305 0.00588286 0.999982 -0.000887685 0.00537098 0.00577863 0.00085369 0.999983 -0.00291693 0.0 0.0 0.0 1.0
redkitchen/seq-05/color/frame-000015.color.png redkitchen/seq-05/color/frame-000017.color.png 0.999978 0.00208256 -0.00627561 -0.00113525 -0.00207364 0.999997 0.00142868 -0.00131527 0.00627857 -0.00141563 0.999979 1.51272e-05 0.0 0.0 0.0 1.0
redkitchen/seq-05/color/frame-000017.color.png redkitchen/seq-05/color/frame-000019.color.png 0.999924 -0.00127666 -0.0122784 0.00311427 0.00126904 0.999999 -0.000628378 0.00422497 0.0122792 0.000612748 0.999924 -0.00445539 0.0 0.0 0.0 1.0
redkitchen/seq-05/color/frame-000019.color.png redkitchen/seq-05/color/frame-000021.color.png 0.999946 0.00740833 -0.00730497 -0.00684504 -0.00740718 0.999972 0.00018399 -0.00619261 0.00730614 -0.000129871 0.999973 0.00162735 0.0 0.0 0.0 1.0
redkitchen/seq-05/color/frame-000021.color.png redkitchen/seq-05/color/frame-000023.color.png 0.999952 -0.00351677 -0.00914122 0.00179719 0.00349845 0.999992 -0.00201862 0.00499009 0.00914825 0.00198655 0.999956 -0.00701996 0.0 0.0 0.0 1.0
redkitchen/seq-05/color/frame-000023.color.png redkitchen/seq-05/color/frame-000025.color.png 0.999901 0.00553021 -0.0129634 -0.00281924 -0.00545736 0.999969 0.00564854 -0.0106831 0.0129943 -0.00557724 0.9999 -0.0021366 0.0 0.0 0.0 1.0
redkitchen/seq-05/color/frame-000025.color.png redkitchen/seq-05/color/frame-000027.color.png 0.999861 0.00128685 -0.0166443 0.00317282 -0.00123609 0.999995 0.00305965 0.000244483 0.0166481 -0.00303865 0.999857 -0.00148187 0.0 0.0 0.0 1.0
redkitchen/seq-05/color/frame-000027.color.png redkitchen/seq-05/color/frame-000029.color.png 0.999908 0.00284807 -0.0132571 -0.0088375 -0.00287245 0.999994 -0.00181997 0.00468554 0.0132518 0.00185788 0.999911 -0.00581235 0.0 0.0 0.0 1.0
redkitchen/seq-05/color/frame-000029.color.png redkitchen/seq-05/color/frame-000031.color.png 0.999788 0.0108859 -0.0174938 0.00014137 -0.0108216 0.999934 0.00376775 -0.00313017 0.0175337 -0.00357764 0.99984 0.000960708 0.0 0.0 0.0 1.0
redkitchen/seq-05/color/frame-000031.color.png redkitchen/seq-05/color/frame-000033.color.png 0.9999 0.00647942 -0.0126034 -0.00845732 -0.0065587 0.999959 -0.00625912 0.00086671 0.0125624 0.00634116 0.999901 -0.00495445 0.0 0.0 0.0 1.0
redkitchen/seq-05/color/frame-000033.color.png redkitchen/seq-05/color/frame-000035.color.png 0.999961 0.00364944 -0.00807758 -0.00255678 -0.00362965 0.99999 0.00246444 -0.00372465 0.0080865 -0.00243502 0.999964 -0.00343777 0.0 0.0 0.0 1.0
redkitchen/seq-05/color/frame-000035.color.png redkitchen/seq-05/color/frame-000037.color.png 0.999817 0.00657296 -0.0179503 -0.00430243 -0.00655607 0.999978 0.00099919 0.0021034 0.0179565 -0.000881325 0.999838 -0.0020943 0.0 0.0 0.0 1.0
redkitchen/seq-05/color/frame-000037.color.png redkitchen/seq-05/color/frame-000039.color.png 0.999916 0.00449883 -0.0121791 -0.0124044 -0.0044976 0.99999 0.000128679 0.00244487 0.0121795 -7.38899e-05 0.999926 -0.00325255 0.0 0.0 0.0 1.0
redkitchen/seq-05/color/frame-000039.color.png redkitchen/seq-05/color/frame-000041.color.png 0.999917 0.00451022 -0.0120612 6.18156e-05 -0.00450935 0.99999 0.000100144 0.000404479 0.0120615 -4.57501e-05 0.999927 -0.00109768 0.0 0.0 0.0 1.0
redkitchen/seq-05/color/frame-000041.color.png redkitchen/seq-05/color/frame-000043.color.png 0.99987 0.0119212 -0.0108211 -0.00868051 -0.0119724 0.999917 -0.00468537 0.0048047 0.0107644 0.00481432 0.99993 -0.0066049 0.0 0.0 0.0 1.0
redkitchen/seq-05/color/frame-000043.color.png redkitchen/seq-05/color/frame-000045.color.png 0.99989 0.00254475 -0.0146289 -0.00399376 -0.00248307 0.999988 0.00423213 -0.000927965 0.0146395 -0.00419534 0.999884 -0.0013876 0.0 0.0 0.0 1.0
redkitchen/seq-05/color/frame-000045.color.png redkitchen/seq-05/color/frame-000047.color.png 0.999902 0.0011308 -0.013922 -0.0064383 -0.00100843 0.999961 0.00879412 -0.00327717 0.0139314 -0.00877923 0.999864 -0.000259362 0.0 0.0 0.0 1.0
redkitchen/seq-05/color/frame-000047.color.png redkitchen/seq-05/color/frame-000049.color.png 0.999973 0.000983703 -0.00726702 -0.00151645 -0.000986881 0.999999 -0.000433381 0.00340565 0.00726654 0.000440544 0.999974 -0.00192883 0.0 0.0 0.0 1.0
redkitchen/seq-05/color/frame-000049.color.png redkitchen/seq-05/color/frame-000051.color.png 0.999918 0.00642844 -0.0111303 -0.00707855 -0.00644394 0.999978 -0.00135752 0.0046717 0.0111214 0.00142913 0.999937 -0.00152547 0.0 0.0 0.0 1.0
redkitchen/seq-05/color/frame-000051.color.png redkitchen/seq-05/color/frame-000053.color.png 0.999884 0.0071084 -0.0134862 -0.000941537 -0.00706395 0.999969 0.00334032 -0.00249833 0.0135095 -0.00324466 0.999904 0.000246726 0.0 0.0 0.0 1.0
redkitchen/seq-05/color/frame-000053.color.png redkitchen/seq-05/color/frame-000055.color.png 0.999913 0.00650649 -0.0114381 -0.0114977 -0.00652195 0.999978 -0.00131516 0.00799947 0.0114293 0.00138964 0.999934 -0.0027342 0.0 0.0 0.0 1.0
redkitchen/seq-05/color/frame-000055.color.png redkitchen/seq-05/color/frame-000057.color.png 0.999983 0.00214149 -0.00543164 -0.00353517 -0.00214805 0.999997 -0.00120338 0.00329813 0.00542908 0.00121503 0.999984 -0.00286127 0.0 0.0 0.0 1.0
redkitchen/seq-05/color/frame-000057.color.png redkitchen/seq-05/color/frame-000059.color.png 0.999777 0.00776194 -0.019623 -0.00178342 -0.00772085 0.999968 0.00216962 0.00059271 0.0196393 -0.00201763 0.999805 0.000622161 0.0 0.0 0.0 1.0
redkitchen/seq-05/color/frame-000059.color.png redkitchen/seq-05/color/frame-000061.color.png 0.999898 0.00651141 -0.0126888 -0.00403135 -0.00648436 0.999977 0.00217067 -0.000524908 0.0127025 -0.00208817 0.999917 -0.00310483 0.0 0.0 0.0 1.0
redkitchen/seq-05/color/frame-000061.color.png redkitchen/seq-05/color/frame-000063.color.png 0.999939 0.00644919 -0.00891825 -0.000881672 -0.00639253 0.999959 0.00636819 -0.00480615 0.00895898 -0.00631079 0.99994 0.00127291 0.0 0.0 0.0 1.0
redkitchen/seq-05/color/frame-000063.color.png redkitchen/seq-05/color/frame-000065.color.png 0.999912 0.0016015 -0.0132014 -0.0115425 -0.00162154 0.999998 -0.00150882 0.0149924 0.0131989 0.00153009 0.999912 -0.000844032 0.0 0.0 0.0 1.0
redkitchen/seq-05/color/frame-000065.color.png redkitchen/seq-05/color/frame-000067.color.png 0.999825 0.00338099 -0.0183717 0.000655577 -0.00330514 0.999986 0.00415792 -0.00143325 0.0183856 -0.00409646 0.999823 0.00494448 0.0 0.0 0.0 1.0
redkitchen/seq-05/color/frame-000067.color.png redkitchen/seq-05/color/frame-000069.color.png 0.999928 0.0060343 -0.0103555 -0.00567301 -0.00608867 0.999968 -0.00522647 0.00540643 0.0103236 0.00528914 0.999933 -0.00265198 0.0 0.0 0.0 1.0
redkitchen/seq-05/color/frame-000069.color.png redkitchen/seq-05/color/frame-000071.color.png 0.999863 0.00660827 -0.0151824 -0.0059055 -0.00657316 0.999976 0.00236124 -0.000729896 0.0151976 -0.00226111 0.999882 -0.00245848 0.0 0.0 0.0 1.0
redkitchen/seq-05/color/frame-000071.color.png redkitchen/seq-05/color/frame-000073.color.png 0.999954 0.00357011 -0.00886567 -0.000544854 -0.00356552 0.999994 0.00053396 -0.000229679 0.00886755 -0.000502335 0.999961 0.00219005 0.0 0.0 0.0 1.0
redkitchen/seq-05/color/frame-000073.color.png redkitchen/seq-05/color/frame-000075.color.png 0.99991 0.0021716 -0.0132309 -0.00679633 -0.00220702 0.999994 -0.00266133 0.00446318 0.013225 0.00269029 0.999909 -0.0026587 0.0 0.0 0.0 1.0
redkitchen/seq-05/color/frame-000075.color.png redkitchen/seq-05/color/frame-000077.color.png 0.999797 0.00740212 -0.0187491 5.25862e-05 -0.00738705 0.999972 0.000872746 -0.00397526 0.0187551 -0.000734065 0.999824 0.00402255 0.0 0.0 0.0 1.0
redkitchen/seq-05/color/frame-000077.color.png redkitchen/seq-05/color/frame-000079.color.png 0.999952 0.00182121 -0.00963137 -0.00683052 -0.00184217 0.999996 -0.00216954 0.00443175 0.00962737 0.00218718 0.999951 -0.00522047 0.0 0.0 0.0 1.0
redkitchen/seq-05/color/frame-000079.color.png redkitchen/seq-05/color/frame-000081.color.png 0.999935 0.00437072 -0.0105737 -0.00785437 -0.00440081 0.999986 -0.00282766 0.0052185 0.0105612 0.00287401 0.99994 -0.0047644 0.0 0.0 0.0 1.0
redkitchen/seq-05/color/frame-000081.color.png redkitchen/seq-05/color/frame-000083.color.png 0.999944 0.00198362 -0.010348 -0.00510374 -0.00196379 0.999996 0.00192686 0.00125976 0.0103518 -0.00190642 0.999945 -0.0027879 0.0 0.0 0.0 1.0
redkitchen/seq-05/color/frame-000083.color.png redkitchen/seq-05/color/frame-000085.color.png 0.999904 0.0056698 -0.0126395 -0.00163373 -0.00568926 0.999983 -0.00150226 -0.000680994 0.0126307 0.00157402 0.999919 0.00439873 0.0 0.0 0.0 1.0
redkitchen/seq-05/color/frame-000085.color.png redkitchen/seq-05/color/frame-000087.color.png 0.999998 0.000459327 0.0018842 -0.0216414 -0.000445926 0.999975 -0.0070807 0.0218239 -0.00188742 0.00707984 0.999973 -0.0255 0.0 0.0 0.0 1.0
redkitchen/seq-05/color/frame-000087.color.png redkitchen/seq-05/color/frame-000089.color.png 0.999763 0.00966529 -0.0195222 -0.00188991 -0.00948741 0.999913 0.00918442 -0.0108348 0.0196093 -0.00899703 0.999767 0.0110928 0.0 0.0 0.0 1.0
redkitchen/seq-05/color/frame-000089.color.png redkitchen/seq-05/color/frame-000091.color.png 0.999965 0.00227123 -0.00800103 -0.0031603 -0.00232381 0.999976 -0.00657345 0.0138028 0.00798591 0.00659183 0.999946 0.00196284 0.0 0.0 0.0 1.0
redkitchen/seq-05/color/frame-000091.color.png redkitchen/seq-05/color/frame-000093.color.png 0.999848 0.00978233 -0.0144344 -0.00534357 -0.0098314 0.999946 -0.00333067 -0.00043647 0.0144009 0.00347207 0.99989 -0.003653 0.0 0.0 0.0 1.0
redkitchen/seq-05/color/frame-000093.color.png redkitchen/seq-05/color/frame-000095.color.png 0.999832 0.00792038 -0.0165283 -0.00484018 -0.00792961 0.999968 -0.00049087 -0.00205007 0.0165239 0.000621857 0.999863 -0.00183031 0.0 0.0 0.0 1.0
redkitchen/seq-05/color/frame-000095.color.png redkitchen/seq-05/color/frame-000097.color.png 0.999898 0.00639888 -0.0127634 -0.0107258 -0.00641964 0.999978 -0.00158249 0.00452253 0.0127531 0.00166425 0.999917 -0.00549437 0.0 0.0 0.0 1.0
redkitchen/seq-05/color/frame-000097.color.png redkitchen/seq-05/color/frame-000099.color.png 0.999775 0.00811362 -0.0196273 -0.000418261 -0.00805844 0.999963 0.00288661 -0.000193387 0.0196499 -0.0027278 0.999803 0.00220758 0.0 0.0 0.0 1.0
redkitchen/seq-05/color/frame-000099.color.png redkitchen/seq-05/color/frame-000101.color.png 0.99992 0.00535658 -0.0114525 -0.00634612 -0.005314 0.999979 0.00374216 -0.00598075 0.0114722 -0.00368101 0.999927 -0.000401787 0.0 0.0 0.0 1.0
redkitchen/seq-05/color/frame-000101.color.png redkitchen/seq-05/color/frame-000103.color.png 0.999913 0.00489768 -0.0122942 -0.00283241 -0.00498253 0.999964 -0.00687867 0.015864 0.0122603 0.00693934 0.999901 0.000452399 0.0 0.0 0.0 1.0
redkitchen/seq-05/color/frame-000103.color.png redkitchen/seq-05/color/frame-000105.color.png 0.99996 0.00159441 -0.00882958 -0.00374849 -0.00152477 0.999968 0.00788939 -0.00342273 0.0088419 -0.00787563 0.99993 -0.00255159 0.0 0.0 0.0 1.0
redkitchen/seq-05/color/frame-000105.color.png redkitchen/seq-05/color/frame-000107.color.png 0.999891 0.00718632 -0.0128867 -0.0052093 -0.00717847 0.999974 0.000655693 0.000372693 0.012891 -0.000563127 0.999917 0.000815988 0.0 0.0 0.0 1.0
redkitchen/seq-05/color/frame-000107.color.png redkitchen/seq-05/color/frame-000109.color.png 0.999984 0.00467548 -0.00322974 -0.0162208 -0.00467197 0.999989 0.00108354 0.00107656 0.00323481 -0.00106842 0.999994 -0.0139009 0.0 0.0 0.0 1.0
redkitchen/seq-05/color/frame-000109.color.png redkitchen/seq-05/color/frame-000111.color.png 0.999764 0.0097896 -0.0194151 -0.0120374 -0.00982358 0.99995 -0.00165241 0.0133142 0.019398 0.00184275 0.99981 0.00623359 0.0 0.0 0.0 1.0
redkitchen/seq-05/color/frame-000111.color.png redkitchen/seq-05/color/frame-000113.color.png 0.999809 0.00889166 -0.0174253 -0.00335272 -0.00884046 0.999956 0.00301346 -0.00512536 0.0174513 -0.00285882 0.999844 -0.00166439 0.0 0.0 0.0 1.0
redkitchen/seq-05/color/frame-000113.color.png redkitchen/seq-05/color/frame-000115.color.png 0.999813 0.00730742 -0.0178956 -0.00711791 -0.00722953 0.999964 0.00441231 -0.00577502 0.0179273 -0.00428211 0.99983 0.00237162 0.0 0.0 0.0 1.0
redkitchen/seq-05/color/frame-000115.color.png redkitchen/seq-05/color/frame-000117.color.png 0.999916 0.00351419 -0.0124852 -0.00678544 -0.00359207 0.999974 -0.00621824 0.00670526 0.012463 0.00626256 0.999903 -0.00157972 0.0 0.0 0.0 1.0
redkitchen/seq-05/color/frame-000117.color.png redkitchen/seq-05/color/frame-000119.color.png 0.999909 0.00155895 -0.0133771 -0.00308344 -0.00154149 0.999998 0.00131388 0.00364794 0.0133791 -0.00129318 0.99991 -0.000650629 0.0 0.0 0.0 1.0
redkitchen/seq-05/color/frame-000119.color.png redkitchen/seq-05/color/frame-000121.color.png 0.999943 0.00159779 -0.01052 -0.0085932 -0.00157943 0.999997 0.00175448 0.00690515 0.0105228 -0.00173779 0.999943 -0.000132188 0.0 0.0 0.0 1.0
redkitchen/seq-05/color/frame-000121.color.png redkitchen/seq-05/color/frame-000123.color.png 0.999903 0.00344886 -0.0134972 -0.00458984 -0.00335152 0.999968 0.00722779 0.000361398 0.0135217 -0.00718183 0.999883 -0.00105618 0.0 0.0 0.0 1.0
redkitchen/seq-05/color/frame-000123.color.png redkitchen/seq-05/color/frame-000125.color.png 0.999849 0.00715724 -0.0158475 -0.00906846 -0.0071204 0.999972 0.0023752 0.00177524 0.0158639 -0.002262 0.999872 0.00393769 0.0 0.0 0.0 1.0
redkitchen/seq-05/color/frame-000125.color.png redkitchen/seq-05/color/frame-000127.color.png 0.999879 0.0074279 -0.0136932 -0.00112419 -0.00733575 0.99995 0.0067694 -0.00996249 0.0137429 -0.00666812 0.999883 -0.00268111 0.0 0.0 0.0 1.0
redkitchen/seq-05/color/frame-000127.color.png redkitchen/seq-05/color/frame-000129.color.png 0.999854 0.00788079 -0.0151728 -0.00923772 -0.00786104 0.999968 0.00136108 -0.000466511 0.0151829 -0.00124161 0.999884 4.22597e-05 0.0 0.0 0.0 1.0
redkitchen/seq-05/color/frame-000129.color.png redkitchen/seq-05/color/frame-000131.color.png 0.999827 0.00934922 -0.0160996 -0.00522687 -0.0093987 0.999951 -0.00299773 -0.0041621 0.0160707 0.00314851 0.999866 0.000819251 0.0 0.0 0.0 1.0
redkitchen/seq-05/color/frame-000131.color.png redkitchen/seq-05/color/frame-000133.color.png 0.999847 0.00915112 -0.014917 -0.00434721 -0.00920118 0.999952 -0.00328502 0.000541054 0.0148863 0.00342179 0.999883 -0.00764985 0.0 0.0 0.0 1.0
redkitchen/seq-05/color/frame-000133.color.png redkitchen/seq-05/color/frame-000135.color.png 0.999771 0.0101696 -0.0188156 -0.00993301 -0.010198 0.999947 -0.00142091 0.009133 0.0188002 0.00161248 0.999822 0.00136976 0.0 0.0 0.0 1.0
redkitchen/seq-05/color/frame-000135.color.png redkitchen/seq-05/color/frame-000137.color.png 0.999663 0.0113978 -0.0233196 -0.0101122 -0.0113966 0.999935 0.000184756 0.00100896 0.0233203 8.104e-05 0.999728 0.0127909 0.0 0.0 0.0 1.0
redkitchen/seq-05/color/frame-000137.color.png redkitchen/seq-05/color/frame-000139.color.png 0.999738 0.0171125 -0.0152271 -0.00582457 -0.0171879 0.999841 -0.00483918 -0.00851806 0.0151418 0.00509965 0.999872 -0.00580338 0.0 0.0 0.0 1.0
redkitchen/seq-05/color/frame-000139.color.png redkitchen/seq-05/color/frame-000141.color.png 0.999601 0.0160843 -0.0232425 -0.00794956 -0.0161607 0.999865 -0.00309865 -0.00574751 0.0231896 0.00347302 0.999725 -0.000676513 0.0 0.0 0.0 1.0
redkitchen/seq-05/color/frame-000141.color.png redkitchen/seq-05/color/frame-000143.color.png 0.998739 0.0335065 -0.0373875 -0.0150451 -0.0336476 0.999429 -0.00314853 -0.00695422 0.0372606 0.00440254 0.999296 -0.00745477 0.0 0.0 0.0 1.0
redkitchen/seq-05/color/frame-000143.color.png redkitchen/seq-05/color/frame-000145.color.png 0.999528 0.0172896 -0.0253819 -0.00978814 -0.0174693 0.999824 -0.006875 -0.00385702 0.0252586 0.00731521 0.999654 0.00721042 0.0 0.0 0.0 1.0
redkitchen/seq-05/color/frame-000145.color.png redkitchen/seq-05/color/frame-000147.color.png 0.999422 0.0203558 -0.0272181 -0.0100977 -0.0204616 0.999784 -0.00361586 -0.00428012 0.0271385 0.00417067 0.999623 -0.00596707 0.0 0.0 0.0 1.0
redkitchen/seq-05/color/frame-000147.color.png redkitchen/seq-05/color/frame-000149.color.png 0.999491 0.0137076 -0.0288061 -0.0191297 -0.0141019 0.999809 -0.0135306 0.00352834 0.0286152 0.01393 0.999494 0.00986904 0.0 0.0 0.0 1.0
redkitchen/seq-05/color/frame-000149.color.png redkitchen/seq-05/color/frame-000151.color.png 0.998711 0.0285189 -0.0420008 -0.0192719 -0.0292309 0.999438 -0.0164347 0.00731924 0.0415084 0.0176412 0.998982 0.004078 0.0 0.0 0.0 1.0
redkitchen/seq-05/color/frame-000151.color.png redkitchen/seq-05/color/frame-000153.color.png 0.998932 0.033075 -0.0322675 -0.0120056 -0.0330068 0.999452 0.00264358 -0.0202528 0.0323374 -0.00157567 0.999476 -0.0034145 0.0 0.0 0.0 1.0
redkitchen/seq-05/color/frame-000153.color.png redkitchen/seq-05/color/frame-000155.color.png 0.99868 0.022245 -0.046301 -0.0175291 -0.0234522 0.999395 -0.0256926 -0.0110799 0.0457014 0.0267445 0.998597 0.0235475 0.0 0.0 0.0 1.0
redkitchen/seq-05/color/frame-000155.color.png redkitchen/seq-05/color/frame-000157.color.png 0.99979 0.0130781 -0.0158081 -0.00447017 -0.0135251 0.999502 -0.028512 -0.0106675 0.0154273 0.0287198 0.999469 -0.00641774 0.0 0.0 0.0 1.0
redkitchen/seq-05/color/frame-000157.color.png redkitchen/seq-05/color/frame-000159.color.png 0.999619 0.0233625 -0.0146699 -0.00771081 -0.023818 0.999214 -0.0316776 -0.00800747 0.0139185 0.032015 0.99939 -0.00553426 0.0 0.0 0.0 1.0
redkitchen/seq-05/color/frame-000159.color.png redkitchen/seq-05/color/frame-000161.color.png 0.999155 0.033274 -0.0241261 -0.0168045 -0.0347579 0.997348 -0.0639482 -0.0275254 0.0219342 0.0647327 0.997662 -0.0107113 0.0 0.0 0.0 1.0
redkitchen/seq-05/color/frame-000161.color.png redkitchen/seq-05/color/frame-000163.color.png 0.999657 0.0199068 -0.0170037 -0.0095011 -0.0204334 0.999299 -0.0313852 -0.00491461 0.0163671 0.0317219 0.999363 -0.00315581 0.0 0.0 0.0 1.0
redkitchen/seq-05/color/frame-000163.color.png redkitchen/seq-05/color/frame-000165.color.png 0.999722 0.0163831 -0.0169708 -0.0098452 -0.0169455 0.999293 -0.0335499 -0.00181928 0.0164091 0.0338281 0.999293 -0.00808278 0.0 0.0 0.0 1.0
redkitchen/seq-05/color/frame-000165.color.png redkitchen/seq-05/color/frame-000167.color.png 0.99981 0.015853 -0.0113575 -0.00726193 -0.0160408 0.999733 -0.0166354 -0.0144954 0.0110908 0.0168143 0.999797 -0.0025716 0.0 0.0 0.0 1.0
redkitchen/seq-05/color/frame-000167.color.png redkitchen/seq-05/color/frame-000169.color.png 0.999694 0.0172682 -0.0177097 -0.0142795 -0.0178012 0.999379 -0.0303944 -0.000759527 0.0171738 0.0307003 0.999381 -0.00738983 0.0 0.0 0.0 1.0
redkitchen/seq-05/color/frame-000169.color.png redkitchen/seq-05/color/frame-000171.color.png 0.999916 0.00819334 -0.0100487 -0.00104347 -0.00822149 0.999962 -0.00276668 -0.00898975 0.0100258 0.00284906 0.999946 0.00121261 0.0 0.0 0.0 1.0
redkitchen/seq-05/color/frame-000171.color.png redkitchen/seq-05/color/frame-000173.color.png 0.999859 0.00927752 -0.0139739 -0.0108437 -0.00948313 0.999847 -0.0147216 -0.00984249 0.013835 0.0148521 0.999794 -0.0042432 0.0 0.0 0.0 1.0
redkitchen/seq-05/color/frame-000173.color.png redkitchen/seq-05/color/frame-000175.color.png 0.9999 0.00332606 -0.0137336 -0.0059208 -0.00349725 0.999916 -0.0124595 0.00161032 0.0136912 0.0125063 0.999828 0.000396058 0.0 0.0 0.0 1.0
redkitchen/seq-05/color/frame-000175.color.png redkitchen/seq-05/color/frame-000177.color.png 0.999836 0.0110132 -0.0143684 -0.0085054 -0.0113956 0.999576 -0.0268095 -0.00992931 0.014067 0.0269689 0.999537 -0.00989972 0.0 0.0 0.0 1.0
redkitchen/seq-05/color/frame-000177.color.png redkitchen/seq-05/color/frame-000179.color.png 0.999705 0.0160839 -0.0181717 -0.00894636 -0.0165645 0.999508 -0.0266153 -0.0104462 0.0177346 0.0269083 0.999481 0.000482678 0.0 0.0 0.0 1.0
redkitchen/seq-05/color/frame-000179.color.png redkitchen/seq-05/color/frame-000181.color.png 0.999913 0.00429583 -0.0124622 -0.00263998 -0.00470393 0.999448 -0.0328985 -0.010696 0.0123141 0.0329542 0.999381 -0.00573331 0.0 0.0 0.0 1.0
redkitchen/seq-05/color/frame-000181.color.png redkitchen/seq-05/color/frame-000183.color.png 0.998964 0.0272428 -0.0364528 -0.012311 -0.0297464 0.997103 -0.0699999 -0.0258641 0.0344402 0.0710118 0.996881 -0.00941649 0.0 0.0 0.0 1.0
redkitchen/seq-05/color/frame-000183.color.png redkitchen/seq-05/color/frame-000185.color.png 0.999914 0.00959808 -0.00897507 -0.00594223 -0.00995559 0.999123 -0.0406716 -0.013051 0.00857689 0.0407574 0.999132 -0.0125567 0.0 0.0 0.0 1.0
redkitchen/seq-05/color/frame-000185.color.png redkitchen/seq-05/color/frame-000187.color.png 0.999787 0.0196246 -0.00634017 -0.0282768 -0.0198646 0.99899 -0.0403167 0.00433843 0.00554244 0.040434 0.999167 -0.0322894 0.0 0.0 0.0 1.0
redkitchen/seq-05/color/frame-000187.color.png redkitchen/seq-05/color/frame-000189.color.png 0.999942 0.00734962 -0.0079134 -0.00300688 -0.00753843 0.999681 -0.0240873 -0.0140565 0.00773391 0.0241455 0.999679 -0.0128082 0.0 0.0 0.0 1.0
redkitchen/seq-05/color/frame-000189.color.png redkitchen/seq-05/color/frame-000191.color.png 0.999691 0.0167743 -0.0183572 -0.00992006 -0.0175385 0.998951 -0.0422924 -0.022392 0.0176285 0.0426013 0.998936 -0.0104068 0.0 0.0 0.0 1.0
redkitchen/seq-05/color/frame-000191.color.png redkitchen/seq-05/color/frame-000193.color.png 0.999832 0.010646 -0.0148946 -0.0112014 -0.0109985 0.999657 -0.0237883 0.00171724 0.0146363 0.0239482 0.999606 -0.00766975 0.0 0.0 0.0 1.0
redkitchen/seq-05/color/frame-000193.color.png redkitchen/seq-05/color/frame-000195.color.png 0.999885 0.00254001 -0.0149242 -0.00638005 -0.0027727 0.999875 -0.0155861 0.000669077 0.0148826 0.0156256 0.999767 0.00120392 0.0 0.0 0.0 1.0
redkitchen/seq-05/color/frame-000195.color.png redkitchen/seq-05/color/frame-000197.color.png 0.999938 0.00632808 -0.00912645 -0.00668514 -0.00638309 0.999962 -0.00601712 -0.00379688 0.00908813 0.00607507 0.99994 -0.00945914 0.0 0.0 0.0 1.0
redkitchen/seq-05/color/frame-000197.color.png redkitchen/seq-05/color/frame-000199.color.png 0.999925 -0.00462587 -0.0113543 -0.00318331 0.00480381 0.999865 0.0156911 0.0136268 0.0112802 -0.0157444 0.999812 0.00529322 0.0 0.0 0.0 1.0
redkitchen/seq-05/color/frame-000199.color.png redkitchen/seq-05/color/frame-000201.color.png 0.999923 0.00303147 -0.0120414 0.00025928 -0.0030225 0.999995 0.000764538 -0.00128505 0.0120437 -0.000728091 0.999927 -0.00468299 0.0 0.0 0.0 1.0
redkitchen/seq-05/color/frame-000201.color.png redkitchen/seq-05/color/frame-000203.color.png 0.999974 -0.00507461 -0.00510002 -0.00345027 0.00513114 0.999925 0.0111379 0.00645289 0.00504307 -0.0111639 0.999925 0.000117391 0.0 0.0 0.0 1.0
redkitchen/seq-05/color/frame-000203.color.png redkitchen/seq-05/color/frame-000205.color.png 0.999925 -0.00178416 -0.0121472 -0.00392389 0.00199138 0.999852 0.0170658 0.00131129 0.012115 -0.0170886 0.999781 0.0058074 0.0 0.0 0.0 1.0
redkitchen/seq-05/color/frame-000205.color.png redkitchen/seq-05/color/frame-000207.color.png 0.999867 0.00100371 -0.0162628 -0.00156981 -0.00101866 0.999999 -0.000910466 0.00935951 0.0162619 0.000926806 0.999867 0.003416 0.0 0.0 0.0 1.0
redkitchen/seq-05/color/frame-000207.color.png redkitchen/seq-05/color/frame-000209.color.png 0.999913 -3.33897e-05 -0.0132151 -0.0124123 -2.49196e-05 0.99999 -0.00441234 0.0106407 0.0132151 0.00441233 0.999903 -0.00487083 0.0 0.0 0.0 1.0
redkitchen/seq-05/color/frame-000209.color.png redkitchen/seq-05/color/frame-000211.color.png 0.999929 0.00170515 -0.0117991 0.00112513 -0.0016214 0.999973 0.00710496 0.000976175 0.0118109 -0.00708533 0.999905 0.0114284 0.0 0.0 0.0 1.0
redkitchen/seq-05/color/frame-000211.color.png redkitchen/seq-05/color/frame-000213.color.png 0.999935 0.00710825 -0.00892774 -0.00510502 -0.00703048 0.999937 0.00871021 0.00160868 0.00898913 -0.00864692 0.999922 -0.00333348 0.0 0.0 0.0 1.0
redkitchen/seq-05/color/frame-000213.color.png redkitchen/seq-05/color/frame-000215.color.png 0.999982 -0.000608648 -0.00587264 -0.00308186 0.000623729 0.999997 0.00256221 -0.00127858 0.00587111 -0.00256575 0.999979 -0.000647068 0.0 0.0 0.0 1.0
redkitchen/seq-05/color/frame-000215.color.png redkitchen/seq-05/color/frame-000217.color.png 0.999964 0.00846269 -0.000331581 -0.0183604 -0.00846754 0.99978 -0.0191898 -0.0110447 0.00016913 0.0191919 0.999816 -0.030201 0.0 0.0 0.0 1.0
redkitchen/seq-05/color/frame-000217.color.png redkitchen/seq-05/color/frame-000219.color.png 0.999955 -0.00618608 -0.00722493 0.0127954 0.00617285 0.999979 -0.00184571 0.0029337 0.00723621 0.0018011 0.999972 0.0149297 0.0 0.0 0.0 1.0
redkitchen/seq-05/color/frame-000219.color.png redkitchen/seq-05/color/frame-000221.color.png 0.99992 -0.00410575 0.0119495 -0.00229001 0.00408365 0.99999 0.00187544 0.00414096 -0.011957 -0.00182663 0.999927 -0.015927 0.0 0.0 0.0 1.0
redkitchen/seq-05/color/frame-000221.color.png redkitchen/seq-05/color/frame-000223.color.png 0.999793 -0.0118612 0.0165079 0.0016166 0.0116494 0.999849 0.0128689 0.0125416 -0.0166581 -0.0126739 0.999781 -0.00826347 0.0 0.0 0.0 1.0
redkitchen/seq-05/color/frame-000223.color.png redkitchen/seq-05/color/frame-000225.color.png 0.999984 -0.00461083 0.00318977 0.0137976 0.00456762 0.9999 0.0134121 -0.00281334 -0.00325127 -0.0133974 0.999905 0.0197886 0.0 0.0 0.0 1.0
redkitchen/seq-05/color/frame-000225.color.png redkitchen/seq-05/color/frame-000227.color.png 0.999178 -0.0250982 0.031849 0.00953883 0.0242241 0.999327 0.0275376 0.0116878 -0.0325187 -0.0267433 0.999113 -0.0121724 0.0 0.0 0.0 1.0
redkitchen/seq-05/color/frame-000227.color.png redkitchen/seq-05/color/frame-000229.color.png 0.999134 -0.0161211 0.03835 0.0138583 0.0142551 0.998724 0.0484437 0.0160203 -0.0390821 -0.0478551 0.998089 -0.00477278 0.0 0.0 0.0 1.0
redkitchen/seq-05/color/frame-000229.color.png redkitchen/seq-05/color/frame-000231.color.png 0.999228 -0.029801 0.0255956 0.0227715 0.0290498 0.99915 0.0292333 0.0232939 -0.0264451 -0.0284672 0.999245 0.00557905 0.0 0.0 0.0 1.0
redkitchen/seq-05/color/frame-000231.color.png redkitchen/seq-05/color/frame-000233.color.png 0.999301 -0.0224726 0.0298678 0.0163408 0.0209405 0.998497 0.0506563 0.0251897 -0.0309612 -0.0499954 0.998269 0.00390095 0.0 0.0 0.0 1.0
redkitchen/seq-05/color/frame-000233.color.png redkitchen/seq-05/color/frame-000235.color.png 0.999553 -0.0187101 0.0233256 0.01331 0.0176882 0.998907 0.0432678 0.0205451 -0.0241097 -0.0428361 0.998791 0.00324073 0.0 0.0 0.0 1.0
redkitchen/seq-05/color/frame-000235.color.png redkitchen/seq-05/color/frame-000237.color.png 0.999624 -0.0117529 0.024779 0.0140786 0.00971313 0.996676 0.0808914 0.0252063 -0.0256473 -0.0806203 0.996415 0.0161248 0.0 0.0 0.0 1.0
redkitchen/seq-05/color/frame-000237.color.png redkitchen/seq-05/color/frame-000239.color.png 0.999462 -0.0212416 0.0249722 0.00433719 0.0198931 0.998393 0.0530606 0.0195487 -0.0260592 -0.0525354 0.998279 0.00651887 0.0 0.0 0.0 1.0
redkitchen/seq-05/color/frame-000239.color.png redkitchen/seq-05/color/frame-000241.color.png 0.999367 -0.0272343 0.022879 0.0100875 0.026273 0.998801 0.0413154 0.0337433 -0.0239767 -0.0406882 0.998884 -0.016043 0.0 0.0 0.0 1.0
redkitchen/seq-05/color/frame-000241.color.png redkitchen/seq-05/color/frame-000243.color.png 0.998808 -0.037408 0.0313496 0.0221526 0.0347994 0.996188 0.0799868 0.0444325 -0.0342223 -0.0788005 0.996303 0.0248908 0.0 0.0 0.0 1.0
redkitchen/seq-05/color/frame-000243.color.png redkitchen/seq-05/color/frame-000245.color.png 0.999583 -0.0196809 0.0211393 0.0110632 0.0188515 0.999072 0.0387386 0.0199881 -0.0218821 -0.0383239 0.999026 -0.00687018 0.0 0.0 0.0 1.0
redkitchen/seq-05/color/frame-000245.color.png redkitchen/seq-05/color/frame-000247.color.png 0.99894 -0.0342628 0.0307421 0.0113392 0.0324177 0.997753 0.0586289 0.019838 -0.0326818 -0.0575702 0.997806 0.00510359 0.0 0.0 0.0 1.0
redkitchen/seq-05/color/frame-000247.color.png redkitchen/seq-05/color/frame-000249.color.png 0.999851 -0.0150867 0.00834127 0.00835508 0.0147569 0.999159 0.0382674 0.0184456 -0.00891164 -0.0381386 0.999233 0.00854683 0.0 0.0 0.0 1.0
redkitchen/seq-05/color/frame-000249.color.png redkitchen/seq-05/color/frame-000251.color.png 0.999246 -0.0311501 0.0231869 0.01137 0.0300111 0.998399 0.0479492 0.0343314 -0.0246434 -0.0472171 0.998581 -0.00151944 0.0 0.0 0.0 1.0
redkitchen/seq-05/color/frame-000251.color.png redkitchen/seq-05/color/frame-000253.color.png 0.99999 -0.00408616 -0.00209667 0.00587949 0.0041449 0.999575 0.0288493 -0.0037815 0.00197794 -0.0288578 0.999582 0.0196066 0.0 0.0 0.0 1.0
redkitchen/seq-05/color/frame-000253.color.png redkitchen/seq-05/color/frame-000255.color.png 0.998363 -0.0383692 0.0424224 0.0154118 0.0365911 0.99845 0.041924 0.0529208 -0.0439653 -0.040303 0.99822 -0.0269435 0.0 0.0 0.0 1.0
redkitchen/seq-05/color/frame-000255.color.png redkitchen/seq-05/color/frame-000257.color.png 0.999961 -0.00847329 -0.00263519 0.00393501 0.0086195 0.998065 0.0615843 0.00380728 0.00210821 -0.0616045 0.998098 0.0393784 0.0 0.0 0.0 1.0
redkitchen/seq-05/color/frame-000257.color.png redkitchen/seq-05/color/frame-000259.color.png 0.998492 -0.03964 0.0379766 0.0181871 0.0377545 0.998078 0.04914 0.0257882 -0.0398514 -0.0476321 0.99807 -0.0108228 0.0 0.0 0.0 1.0
redkitchen/seq-05/color/frame-000259.color.png redkitchen/seq-05/color/frame-000261.color.png 0.999757 -0.0177256 0.0130721 0.0094721 0.0174889 0.999685 0.0180057 0.0123685 -0.0133872 -0.0177728 0.999752 0.00810885 0.0 0.0 0.0 1.0
redkitchen/seq-05/color/frame-000261.color.png redkitchen/seq-05/color/frame-000263.color.png 0.999638 -0.0176391 0.0203333 0.00874525 0.0172859 0.999699 0.0174202 0.0110557 -0.0206345 -0.0170624 0.999641 -0.0166574 0.0 0.0 0.0 1.0
redkitchen/seq-05/color/frame-000263.color.png redkitchen/seq-05/color/frame-000265.color.png 0.999949 -0.0100619 0.000328271 0.00245455 0.0100545 0.999796 0.0175045 0.00353876 -0.000504324 -0.0175003 0.999847 0.0123575 0.0 0.0 0.0 1.0
redkitchen/seq-05/color/frame-000265.color.png redkitchen/seq-05/color/frame-000267.color.png 0.999183 -0.0340729 0.0217221 0.0113187 0.0337446 0.999313 0.0153087 0.0130062 -0.0222289 -0.0145632 0.999647 -0.00998536 0.0 0.0 0.0 1.0
redkitchen/seq-05/color/frame-000267.color.png redkitchen/seq-05/color/frame-000269.color.png 0.999233 -0.0332879 0.0206431 0.0144439 0.0330016 0.999356 0.0140601 0.0185128 -0.0210979 -0.0133681 0.999688 0.00898674 0.0 0.0 0.0 1.0
redkitchen/seq-05/color/frame-000269.color.png redkitchen/seq-05/color/frame-000271.color.png 0.999373 -0.0249863 0.0250994 0.0132262 0.0247735 0.999655 0.00875316 0.0115781 -0.0253094 -0.00812586 0.999647 -0.0115938 0.0 0.0 0.0 1.0
redkitchen/seq-05/color/frame-000271.color.png redkitchen/seq-05/color/frame-000273.color.png 0.99959 -0.0183881 0.021955 0.0174225 0.0180535 0.999719 0.0153393 0.0056362 -0.0222309 -0.0149367 0.999641 -0.00749505 0.0 0.0 0.0 1.0
redkitchen/seq-05/color/frame-000273.color.png redkitchen/seq-05/color/frame-000275.color.png 0.999726 -0.0186794 0.0141332 0.0162332 0.018605 0.999813 0.00537901 0.0133079 -0.014231 -0.0051146 0.999886 0.0133288 0.0 0.0 0.0 1.0
redkitchen/seq-05/color/frame-000275.color.png redkitchen/seq-05/color/frame-000277.color.png 0.999542 -0.0138304 0.0269246 0.00978103 0.0135995 0.999869 0.00873865 -0.00394166 -0.0270419 -0.00836847 0.999599 -0.0136524 0.0 0.0 0.0 1.0
redkitchen/seq-05/color/frame-000277.color.png redkitchen/seq-05/color/frame-000279.color.png 0.999782 -0.00831052 0.0191435 0.0129582 0.00832276 0.999965 -0.000560199 -0.00768936 -0.0191383 0.000719415 0.999817 0.00833529 0.0 0.0 0.0 1.0
redkitchen/seq-05/color/frame-000279.color.png redkitchen/seq-05/color/frame-000281.color.png 0.999734 -0.0124846 0.019408 0.0156298 0.0126863 0.999866 -0.0103092 0.00204256 -0.0192767 0.0105527 0.999758 -0.00522247 0.0 0.0 0.0 1.0
redkitchen/seq-05/color/frame-000281.color.png redkitchen/seq-05/color/frame-000283.color.png 0.999403 -0.0206106 0.0277448 0.0258735 0.020707 0.999781 -0.00319074 -0.00323737 -0.0276728 0.00376334 0.99961 0.000513792 0.0 0.0 0.0 1.0
redkitchen/seq-05/color/frame-000283.color.png redkitchen/seq-05/color/frame-000285.color.png 0.999679 -0.0160753 0.019565 0.022977 0.016008 0.999865 0.00358829 -0.0011512 -0.0196202 -0.00327393 0.999802 -0.00989357 0.0 0.0 0.0 1.0
redkitchen/seq-05/color/frame-000285.color.png redkitchen/seq-05/color/frame-000287.color.png 0.999941 -0.00945732 0.00530732 0.0116645 0.00940311 0.999904 0.0101485 -0.00400907 -0.00540288 -0.010098 0.999934 0.0180199 0.0 0.0 0.0 1.0
redkitchen/seq-05/color/frame-000287.color.png redkitchen/seq-05/color/frame-000289.color.png 0.998653 -0.0333882 0.0397246 0.0267565 0.0337235 0.999401 -0.0078002 0.0158144 -0.0394402 0.00912936 0.99918 -0.00313285 0.0 0.0 0.0 1.0
redkitchen/seq-05/color/frame-000289.color.png redkitchen/seq-05/color/frame-000291.color.png 0.999379 -0.0270914 0.0225173 0.0180847 0.0267294 0.999511 0.0162226 0.00332325 -0.0229458 -0.0156106 0.999615 -0.000133008 0.0 0.0 0.0 1.0
redkitchen/seq-05/color/frame-000291.color.png redkitchen/seq-05/color/frame-000293.color.png 0.99945 -0.0194148 0.0268687 0.0178978 0.0191681 0.999772 0.00941098 0.00346524 -0.0270453 -0.00889079 0.999595 -0.00380492 0.0 0.0 0.0 1.0
redkitchen/seq-05/color/frame-000293.color.png redkitchen/seq-05/color/frame-000295.color.png 0.998137 -0.0397776 0.0462686 0.0320014 0.0390077 0.999087 0.0174248 0.00318671 -0.0469195 -0.0155875 0.998777 -0.00904432 0.0 0.0 0.0 1.0
redkitchen/seq-05/color/frame-000295.color.png redkitchen/seq-05/color/frame-000297.color.png 0.999901 -0.0119517 0.00745956 0.00549585 0.0118469 0.999833 0.0139367 0.00162721 -0.00762485 -0.013847 0.999875 -0.0060876 0.0 0.0 0.0 1.0
redkitchen/seq-05/color/frame-000297.color.png redkitchen/seq-05/color/frame-000299.color.png 0.999537 -0.0226597 0.0203281 0.0239298 0.0225242 0.999723 0.00686813 0.00668358 -0.0204782 -0.00640704 0.99977 0.0153829 0.0 0.0 0.0 1.0
redkitchen/seq-05/color/frame-000299.color.png redkitchen/seq-05/color/frame-000301.color.png 0.999601 -0.0208054 0.0191287 0.00761087 0.0206498 0.999752 0.00830149 0.000520714 -0.0192965 -0.00790315 0.999783 -0.0168561 0.0 0.0 0.0 1.0
redkitchen/seq-05/color/frame-000301.color.png redkitchen/seq-05/color/frame-000303.color.png 0.999808 -0.0160836 0.0112043 0.0109641 0.0160492 0.999866 0.00315223 0.00666086 -0.0112537 -0.00297184 0.999932 0.00664774 0.0 0.0 0.0 1.0
redkitchen/seq-05/color/frame-000303.color.png redkitchen/seq-05/color/frame-000305.color.png 0.999849 -0.0131765 0.0112976 0.0119826 0.0130803 0.999878 0.00855515 0.00211889 -0.0114088 -0.00840606 0.999899 0.000198364 0.0 0.0 0.0 1.0
redkitchen/seq-05/color/frame-000305.color.png redkitchen/seq-05/color/frame-000307.color.png 0.99944 -0.0183488 0.0279716 0.00823475 0.0181329 0.999804 0.00794872 -0.00160212 -0.0281121 -0.00743712 0.999577 -0.00657317 0.0 0.0 0.0 1.0
redkitchen/seq-05/color/frame-000307.color.png redkitchen/seq-05/color/frame-000309.color.png 0.999817 -0.0126155 0.0143597 0.0145142 0.0125583 0.999913 0.00406488 0.00104149 -0.0144096 -0.00388377 0.999889 0.000679433 0.0 0.0 0.0 1.0
redkitchen/seq-05/color/frame-000309.color.png redkitchen/seq-05/color/frame-000311.color.png 0.999816 -0.0100108 0.016348 0.0096004 0.00999718 0.99995 0.000912643 -0.00130475 -0.0163563 -0.000749061 0.999866 0.00364734 0.0 0.0 0.0 1.0
redkitchen/seq-05/color/frame-000311.color.png redkitchen/seq-05/color/frame-000313.color.png 0.99977 -0.00951474 0.0191974 0.00912736 0.00970505 0.999904 -0.00984549 0.00945151 -0.0191018 0.0100296 0.999767 0.000653893 0.0 0.0 0.0 1.0
redkitchen/seq-05/color/frame-000313.color.png redkitchen/seq-05/color/frame-000315.color.png 0.999613 -0.00815864 0.0265879 0.00472665 0.00832118 0.999947 -0.00600586 -0.00724605 -0.0265375 0.00622482 0.999629 -0.00837277 0.0 0.0 0.0 1.0
redkitchen/seq-05/color/frame-000315.color.png redkitchen/seq-05/color/frame-000317.color.png 0.999967 -0.00262775 0.00770795 0.00999916 0.00262954 0.999997 -0.000210338 -0.00453656 -0.00770733 0.000230595 0.99997 0.0202979 0.0 0.0 0.0 1.0
redkitchen/seq-05/color/frame-000317.color.png redkitchen/seq-05/color/frame-000319.color.png 0.999183 0.00439825 0.0401619 0.0112282 -0.00314629 0.999509 -0.0311867 -0.0133447 -0.0402793 0.0310349 0.998706 -0.0305002 0.0 0.0 0.0 1.0
redkitchen/seq-05/color/frame-000319.color.png redkitchen/seq-05/color/frame-000321.color.png 0.999825 0.0138279 0.0126188 0.00136416 -0.0135795 0.999716 -0.0195566 -0.00479172 -0.0128856 0.0193818 0.999729 -0.00620852 0.0 0.0 0.0 1.0
redkitchen/seq-05/color/frame-000321.color.png redkitchen/seq-05/color/frame-000323.color.png 0.999882 0.00658715 0.0139144 0.0091514 -0.00636724 0.999855 -0.0157926 -0.0149268 -0.0140164 0.0157021 0.999778 0.00893708 0.0 0.0 0.0 1.0
redkitchen/seq-05/color/frame-000323.color.png redkitchen/seq-05/color/frame-000325.color.png 0.999841 0.0162916 0.00729385 0.00601907 -0.0161415 0.999666 -0.020195 -0.0026546 -0.00762043 0.020074 0.99977 0.00226372 0.0 0.0 0.0 1.0
redkitchen/seq-05/color/frame-000325.color.png redkitchen/seq-05/color/frame-000327.color.png 0.999144 0.041349 0.00117823 0.00315697 -0.0413297 0.999057 -0.0133091 -0.0498475 -0.00172738 0.0132491 0.999911 0.00241007 0.0 0.0 0.0 1.0
redkitchen/seq-05/color/frame-000327.color.png redkitchen/seq-05/color/frame-000329.color.png 0.998576 0.0528845 -0.00705909 -0.00742999 -0.0530892 0.998047 -0.032923 -0.019998 0.00530423 0.0332508 0.999433 -0.00572631 0.0 0.0 0.0 1.0
redkitchen/seq-05/color/frame-000329.color.png redkitchen/seq-05/color/frame-000331.color.png 0.998418 0.0561925 0.00185083 -0.00559971 -0.0560298 0.997175 -0.0500194 -0.00565486 -0.00465634 0.0498365 0.998747 0.00187662 0.0 0.0 0.0 1.0
redkitchen/seq-05/color/frame-000331.color.png redkitchen/seq-05/color/frame-000333.color.png 0.999244 0.0371796 -0.0113236 -0.00515413 -0.0370891 0.999279 0.00809407 -0.0627361 0.0116163 -0.00766798 0.999903 0.000717029 0.0 0.0 0.0 1.0
redkitchen/seq-05/color/frame-000333.color.png redkitchen/seq-05/color/frame-000335.color.png 0.999103 0.0407429 -0.0115793 -0.00235949 -0.0411987 0.998255 -0.0423046 0.0173218 0.00983556 0.0427437 0.999038 0.001771 0.0 0.0 0.0 1.0
redkitchen/seq-05/color/frame-000335.color.png redkitchen/seq-05/color/frame-000337.color.png 0.998159 0.0586506 -0.015442 -0.00807397 -0.0588173 0.998213 -0.0105661 -0.025026 0.0147948 0.0114549 0.999825 -0.00368005 0.0 0.0 0.0 1.0
redkitchen/seq-05/color/frame-000337.color.png redkitchen/seq-05/color/frame-000339.color.png 0.997542 0.068917 -0.0126414 -0.0117095 -0.0692925 0.997078 -0.0321613 -0.00449906 0.010388 0.0329582 0.999403 0.00526725 0.0 0.0 0.0 1.0
