redkitchen/seq-05/color/frame-000002.color.png redkitchen/seq-05/color/frame-000005.color.png 1.0 -0.000700621 0.000645252 -0.00191289 0.00069975 0.999999 0.00134813 -0.00383985 -0.000646195 -0.00134768 0.999999 -0.000418712 0.0 0.0 0.0 1.0
redkitchen/seq-05/color/frame-000005.color.png redkitchen/seq-05/color/frame-000008.color.png 0.999995 -0.00318799 -0.000328384 0.00198713 0.00318778 0.999995 -0.000647492 0.000273206 0.000330447 0.000646442 1.0 0.00104646 0.0 0.0 0.0 1.0
redkitchen/seq-05/color/frame-000008.color.png redkitchen/seq-05/color/frame-000011.color.png 0.999999 -0.00164172 0.000531946 0.00320249 0.00164231 0.999998 -0.00111509 0.0014211 -0.000530114 0.00111596 0.999999 0.000433081 0.0 0.0 0.0 1.0
redkitchen/seq-05/color/frame-000011.color.png redkitchen/seq-05/color/frame-000014.color.png 0.999995 -0.0025069 0.00198627 0.000953114 0.00251072 0.999995 -0.00192513 0.00219018 -0.00198143 0.00193011 0.999996 -0.000254541 0.0 0.0 0.0 1.0
redkitchen/seq-05/color/frame-000014.color.png redkitchen/seq-05/color/frame-000017.color.png 0.999949 -0.0012574 -0.0100107 0.00177273 0.00128155 0.999996 0.00240646 -7.63014e-05 0.0100076 -0.00241916 0.999947 -0.00120767 0.0 0.0 0.0 1.0
redkitchen/seq-05/color/frame-000017.color.png redkitchen/seq-05/color/frame-000020.color.png 0.999789 0.00192114 -0.0204709 0.00361467 -0.0020217 0.999986 -0.00489275 0.00967322 0.0204612 0.0049331 0.999779 -0.00381778 0.0 0.0 0.0 1.0
redkitchen/seq-05/color/frame-000020.color.png redkitchen/seq-05/color/frame-000023.color.png 0.999931 0.000893069 -0.0117328 0.000749026 -0.000879481 0.999999 0.00116325 -0.00406106 0.0117339 -0.00115284 0.99993 -0.00581385 0.0 0.0 0.0 1.0
redkitchen/seq-05/color/frame-000023.color.png redkitchen/seq-05/color/frame-000026.color.png 0.999795 0.00469298 -0.019695 -0.0022564 -0.00458904 0.999975 0.0053192 -0.00593585 0.0197195 -0.00522773 0.999792 -0.00468366 0.0 0.0 0.0 1.0
redkitchen/seq-05/color/frame-000026.color.png redkitchen/seq-05/color/frame-000029.color.png 0.999709 0.00545016 -0.0235034 -0.00554123 -0.00535609 0.999977 0.00406342 -0.00527622 0.023525 -0.00393635 0.999716 -0.00365531 0.0 0.0 0.0 1.0
redkitchen/seq-05/color/frame-000029.color.png redkitchen/seq-05/color/frame-000032.color.png 0.999729 0.0121523 -0.0198793 -0.0104899 -0.0122165 0.99992 -0.00311444 0.00620206 0.0198399 0.00335646 0.999798 -0.00231989 0.0 0.0 0.0 1.0
redkitchen/seq-05/color/frame-000032.color.png redkitchen/seq-05/color/frame-000035.color.png 0.999832 0.00842015 -0.0162871 -0.00372344 -0.00840424 0.999964 0.00104481 -0.00764074 0.0162953 -0.000907751 0.999867 -0.00671136 0.0 0.0 0.0 1.0
redkitchen/seq-05/color/frame-000035.color.png redkitchen/seq-05/color/frame-000038.color.png 0.999585 0.0100925 -0.026995 -0.00382581 -0.0100534 0.999948 0.0015839 0.00165211 0.0270095 -0.00131185 0.999634 -0.00373928 0.0 0.0 0.0 1.0
redkitchen/seq-05/color/frame-000038.color.png redkitchen/seq-05/color/frame-000041.color.png 0.999752 0.00643665 -0.0213322 -0.00112274 -0.00654277 0.999967 -0.00490817 0.0112626 0.0212999 0.00504652 0.99976 -0.002476 0.0 0.0 0.0 1.0
redkitchen/seq-05/color/frame-000041.color.png redkitchen/seq-05/color/frame-000044.color.png 0.999707 0.0136959 -0.0199464 -0.00602234 -0.0136676 0.999905 0.00155559 -0.00486392 0.0199658 -0.00128251 0.9998 -0.0048278 0.0 0.0 0.0 1.0
redkitchen/seq-05/color/frame-000044.color.png redkitchen/seq-05/color/frame-000047.color.png 0.999769 0.00259947 -0.0213174 -0.00964211 -0.00239361 0.99995 0.0096767 -0.000363958 0.0213415 -0.00962344 0.999726 -0.00427615 0.0 0.0 0.0 1.0
redkitchen/seq-05/color/frame-000047.color.png redkitchen/seq-05/color/frame-000050.color.png 0.999917 0.00319735 -0.0125095 -0.00573504 -0.00323692 0.99999 -0.00314291 0.0104023 0.0124994 0.00318314 0.999917 0.000137698 0.0 0.0 0.0 1.0
redkitchen/seq-05/color/frame-000050.color.png redkitchen/seq-05/color/frame-000053.color.png 0.999765 0.010503 -0.0189443 -0.00436686 -0.010414 0.999934 0.0047924 -0.00414792 0.0189933 -0.00459399 0.999809 -0.00255496 0.0 0.0 0.0 1.0
redkitchen/seq-05/color/frame-000053.color.png redkitchen/seq-05/color/frame-000056.color.png 0.999928 0.00654246 -0.0100155 -0.0145388 -0.00654879 0.999978 -0.000599222 0.00691049 0.0100113 0.000664773 0.99995 -0.00153315 0.0 0.0 0.0 1.0
redkitchen/seq-05/color/frame-000056.color.png redkitchen/seq-05/color/frame-000059.color.png 0.999642 0.00979939 -0.0248903 -0.00542821 -0.00976263 0.999951 0.00159862 0.00245562 0.0249047 -0.00135505 0.999689 -0.00303251 0.0 0.0 0.0 1.0
redkitchen/seq-05/color/frame-000059.color.png redkitchen/seq-05/color/frame-000062.color.png 0.999704 0.0133756 -0.0203171 -0.00772126 -0.0131867 0.999869 0.00940338 -0.00698412 0.0204403 -0.00913269 0.999749 -0.00188508 0.0 0.0 0.0 1.0
redkitchen/seq-05/color/frame-000062.color.png redkitchen/seq-05/color/frame-000065.color.png 0.999908 0.00120188 -0.013535 -0.0103945 -0.00119783 0.999999 0.000307892 0.0116517 0.0135353 -0.000291645 0.999908 -0.00085973 0.0 0.0 0.0 1.0
redkitchen/seq-05/color/frame-000065.color.png redkitchen/seq-05/color/frame-000068.color.png 0.999732 0.0065308 -0.0222134 -0.00455209 -0.0066061 0.999973 -0.00331791 0.00884218 0.022191 0.00346376 0.999748 0.00161579 0.0 0.0 0.0 1.0
redkitchen/seq-05/color/frame-000068.color.png redkitchen/seq-05/color/frame-000071.color.png 0.99973 0.00914934 -0.0213458 -0.00640117 -0.00906373 0.999951 0.00410455 -0.00363337 0.0213823 -0.00390997 0.999764 -0.00331756 0.0 0.0 0.0 1.0
redkitchen/seq-05/color/frame-000071.color.png redkitchen/seq-05/color/frame-000074.color.png 0.999879 0.00559767 -0.0144778 -0.00563887 -0.00564008 0.99998 -0.00289069 0.00429041 0.0144613 0.00297199 0.999891 0.00164918 0.0 0.0 0.0 1.0
redkitchen/seq-05/color/frame-000074.color.png redkitchen/seq-05/color/frame-000077.color.png 0.999756 0.0067794 -0.0210398 -0.010982 -0.00682467 0.999975 -0.00208172 0.00284388 0.0210251 0.00222482 0.999777 -0.00232161 0.0 0.0 0.0 1.0
redkitchen/seq-05/color/frame-000077.color.png redkitchen/seq-05/color/frame-000080.color.png 0.999855 0.0051442 -0.0162448 -0.0111539 -0.00510621 0.999984 0.00237985 -0.00296663 0.0162568 -0.00229656 0.999865 -0.00468026 0.0 0.0 0.0 1.0
redkitchen/seq-05/color/frame-000080.color.png redkitchen/seq-05/color/frame-000083.color.png 0.999877 0.00461399 -0.0149782 -0.00880728 -0.00462459 0.999989 -0.000675743 0.00381104 0.014975 0.000744922 0.999888 -0.00526737 0.0 0.0 0.0 1.0
redkitchen/seq-05/color/frame-000083.color.png redkitchen/seq-05/color/frame-000086.color.png 0.999857 0.0072925 -0.0152722 -0.00637367 -0.00735269 0.999965 -0.0038852 0.0032841 0.0152434 0.00399695 0.999876 0.000207491 0.0 0.0 0.0 1.0
redkitchen/seq-05/color/frame-000086.color.png redkitchen/seq-05/color/frame-000089.color.png 0.999697 0.00960341 -0.0226724 -0.00546125 -0.00943487 0.999927 0.00752726 0.000140082 0.022743 -0.00731107 0.999715 -0.000367075 0.0 0.0 0.0 1.0
redkitchen/seq-05/color/frame-000089.color.png redkitchen/seq-05/color/frame-000092.color.png 0.999826 0.00839028 -0.0166465 -0.00147489 -0.00841261 0.999964 -0.00127321 0.000646833 0.0166354 0.00141304 0.999861 -0.00139618 0.0 0.0 0.0 1.0
redkitchen/seq-05/color/frame-000092.color.png redkitchen/seq-05/color/frame-000095.color.png 0.999554 0.0126541 -0.0270388 -0.00173207 -0.0127477 0.999913 -0.0032909 -0.000704881 0.0269947 0.00363411 0.999629 0.00020954 0.0 0.0 0.0 1.0
redkitchen/seq-05/color/frame-000095.color.png redkitchen/seq-05/color/frame-000098.color.png 0.99964 0.0103612 -0.0247336 -0.00892296 -0.0103475 0.999946 0.000681209 0.00510496 0.0247393 -0.000425044 0.999694 -0.00198724 0.0 0.0 0.0 1.0
redkitchen/seq-05/color/frame-000098.color.png redkitchen/seq-05/color/frame-000101.color.png 0.999785 0.00890111 -0.0187456 -0.00803 -0.00891497 0.99996 -0.000655114 0.0026031 0.0187391 0.000822104 0.999824 -0.00432917 0.0 0.0 0.0 1.0
redkitchen/seq-05/color/frame-000101.color.png redkitchen/seq-05/color/frame-000104.color.png 0.999996 0.00252174 0.00164655 -0.0334266 -0.00250361 0.999937 -0.0109101 0.0288675 -0.00167388 0.0109059 0.999939 -0.0234156 0.0 0.0 0.0 1.0
redkitchen/seq-05/color/frame-000104.color.png redkitchen/seq-05/color/frame-000107.color.png 0.999774 0.00779984 -0.0197901 -0.00765087 -0.00771568 0.999961 0.00432531 0.00226828 0.0198229 -0.00417162 0.999795 0.00541563 0.0 0.0 0.0 1.0
redkitchen/seq-05/color/frame-000107.color.png redkitchen/seq-05/color/frame-000110.color.png 0.999847 0.00965178 -0.0145612 -0.0155694 -0.00958405 0.999943 0.0047147 -0.00239699 0.0146059 -0.00457444 0.999883 -0.00710241 0.0 0.0 0.0 1.0
redkitchen/seq-05/color/frame-000110.color.png redkitchen/seq-05/color/frame-000113.color.png 0.999425 0.0138581 -0.0309331 -0.00546195 -0.0137517 0.999899 0.00365225 1.5296e-05 0.0309805 -0.00322476 0.999515 0.00608996 0.0 0.0 0.0 1.0
redkitchen/seq-05/color/frame-000113.color.png redkitchen/seq-05/color/frame-000116.color.png 0.999634 0.00943573 -0.0253726 -0.00868091 -0.00941069 0.999955 0.00110429 -0.00299679 0.0253819 -0.000865115 0.999677 0.00494881 0.0 0.0 0.0 1.0
redkitchen/seq-05/color/frame-000116.color.png redkitchen/seq-05/color/frame-000119.color.png 0.999832 0.00217553 -0.0181734 -0.00922267 -0.00222917 0.999993 -0.00293018 0.0106284 0.0181669 0.0029702 0.999831 -0.00406867 0.0 0.0 0.0 1.0
redkitchen/seq-05/color/frame-000119.color.png redkitchen/seq-05/color/frame-000122.color.png 0.999843 0.00256471 -0.0175282 -0.00611109 -0.0024186 0.999962 0.00835267 0.00115146 0.017549 -0.00830897 0.999811 -0.00184463 0.0 0.0 0.0 1.0
redkitchen/seq-05/color/frame-000122.color.png redkitchen/seq-05/color/frame-000125.color.png 0.999668 0.0104516 -0.0235702 -0.00996554 -0.0103159 0.99993 0.00587252 0.000882559 0.0236299 -0.0056274 0.999705 0.00147037 0.0 0.0 0.0 1.0
redkitchen/seq-05/color/frame-000125.color.png redkitchen/seq-05/color/frame-000128.color.png 0.999798 0.00837657 -0.0182555 -0.0102946 -0.00826698 0.999947 0.00606906 -0.00256572 0.0183053 -0.00591694 0.999815 -0.00828944 0.0 0.0 0.0 1.0
redkitchen/seq-05/color/frame-000128.color.png redkitchen/seq-05/color/frame-000131.color.png 0.999576 0.0130676 -0.0260237 -0.00985049 -0.0132312 0.999894 -0.00612476 0.00313574 0.0259411 0.00646649 0.999643 0.00585718 0.0 0.0 0.0 1.0
redkitchen/seq-05/color/frame-000131.color.png redkitchen/seq-05/color/frame-000134.color.png 0.999647 0.0111977 -0.0240711 -0.0100259 -0.0112962 0.999928 -0.00396372 0.00692285 0.0240248 0.00423427 0.999703 -0.00354965 0.0 0.0 0.0 1.0
redkitchen/seq-05/color/frame-000134.color.png redkitchen/seq-05/color/frame-000137.color.png 0.99929 0.0192594 -0.032376 -0.011709 -0.01917 0.999812 0.00306737 -0.00311174 0.0324291 -0.00244456 0.999471 0.00665522 0.0 0.0 0.0 1.0
redkitchen/seq-05/color/frame-000137.color.png redkitchen/seq-05/color/frame-000140.color.png 0.99938 0.0234874 -0.0262447 -0.0122383 -0.02374 0.999674 -0.00935411 -0.00335722 0.0260164 0.0099714 0.999612 -0.00651862 0.0 0.0 0.0 1.0
redkitchen/seq-05/color/frame-000140.color.png redkitchen/seq-05/color/frame-000143.color.png 0.997838 0.0454888 -0.0474432 -0.0200469 -0.04577 0.99894 -0.00485735 -0.0145846 0.0471717 0.00701834 0.998862 -0.015824 0.0 0.0 0.0 1.0
redkitchen/seq-05/color/frame-000143.color.png redkitchen/seq-05/color/frame-000146.color.png 0.99896 0.0271102 -0.0366545 -0.0157764 -0.0275143 0.999566 -0.0105644 -0.00524407 0.0363525 0.0115618 0.999272 0.00106129 0.0 0.0 0.0 1.0
redkitchen/seq-05/color/frame-000146.color.png redkitchen/seq-05/color/frame-000149.color.png 0.998405 0.0259501 -0.050144 -0.0154014 -0.0263867 0.999619 -0.00806577 -0.0110277 0.0499154 0.00937607 0.998709 0.017217 0.0 0.0 0.0 1.0
redkitchen/seq-05/color/frame-000149.color.png redkitchen/seq-05/color/frame-000152.color.png 0.997464 0.0446085 -0.0554532 -0.0237399 -0.0455885 0.998823 -0.0165342 0.00087586 0.0546504 0.0190203 0.998324 -0.0111593 0.0 0.0 0.0 1.0
redkitchen/seq-05/color/frame-000152.color.png redkitchen/seq-05/color/frame-000155.color.png 0.997367 0.0396386 -0.0607205 -0.0251182 -0.0412845 0.998807 -0.0260949 -0.0242481 0.0596137 0.028533 0.997814 0.0164596 0.0 0.0 0.0 1.0
redkitchen/seq-05/color/frame-000155.color.png redkitchen/seq-05/color/frame-000158.color.png 0.999574 0.0177215 -0.0231773 -0.0112053 -0.018821 0.998665 -0.0481102 0.00284167 0.0222938 0.048526 0.998573 -0.00288752 0.0 0.0 0.0 1.0
redkitchen/seq-05/color/frame-000158.color.png redkitchen/seq-05/color/frame-000161.color.png 0.998387 0.0464094 -0.0327184 -0.0210502 -0.0490036 0.995299 -0.083541 -0.0273575 0.0286875 0.0850095 0.995967 -0.0148711 0.0 0.0 0.0 1.0
redkitchen/seq-05/color/frame-000161.color.png redkitchen/seq-05/color/frame-000164.color.png 0.999193 0.0304198 -0.026216 -0.013586 -0.0317632 0.998119 -0.0524442 -0.0165877 0.0245713 0.0532345 0.99828 -0.0120297 0.0 0.0 0.0 1.0
redkitchen/seq-05/color/frame-000164.color.png redkitchen/seq-05/color/frame-000167.color.png 0.999571 0.0226224 -0.0186076 -0.0134529 -0.0230526 0.999464 -0.0232391 -0.0125325 0.018072 0.023658 0.999557 -0.000944644 0.0 0.0 0.0 1.0
redkitchen/seq-05/color/frame-000167.color.png redkitchen/seq-05/color/frame-000170.color.png 0.999431 0.0254405 -0.0221324 -0.0201338 -0.0262302 0.999002 -0.0361525 -0.00393571 0.0211906 0.0367126 0.999101 -0.0150267 0.0 0.0 0.0 1.0
redkitchen/seq-05/color/frame-000170.color.png redkitchen/seq-05/color/frame-000173.color.png 0.999793 0.0097736 -0.0178236 -0.0110067 -0.010082 0.9998 -0.0173014 -0.00885214 0.0176509 0.0174776 0.999691 -0.00418046 0.0 0.0 0.0 1.0
redkitchen/seq-05/color/frame-000173.color.png redkitchen/seq-05/color/frame-000176.color.png 0.99966 0.0117248 -0.0232698 -0.0126559 -0.0123272 0.999588 -0.0259146 -0.00381939 0.0229564 0.0261926 0.999393 -0.00181285 0.0 0.0 0.0 1.0
redkitchen/seq-05/color/frame-000176.color.png redkitchen/seq-05/color/frame-000179.color.png 0.999584 0.0187198 -0.0219288 -0.0117267 -0.0195836 0.999013 -0.0398645 -0.0157915 0.0211609 0.0402775 0.998964 -0.0103727 0.0 0.0 0.0 1.0
redkitchen/seq-05/color/frame-000179.color.png redkitchen/seq-05/color/frame-000182.color.png 0.999066 0.022091 -0.037134 -0.0214668 -0.0250887 0.996292 -0.0822982 -0.0229872 0.0351782 0.083153 0.995916 -0.0165841 0.0 0.0 0.0 1.0
redkitchen/seq-05/color/frame-000182.color.png redkitchen/seq-05/color/frame-000185.color.png 0.999543 0.0224161 -0.0202681 -0.00572336 -0.0236155 0.997858 -0.0610142 -0.0353249 0.0188569 0.0614649 0.997931 -0.0182821 0.0 0.0 0.0 1.0
redkitchen/seq-05/color/frame-000185.color.png redkitchen/seq-05/color/frame-000188.color.png 0.999433 0.0257245 -0.0217246 -0.0170233 -0.0267334 0.998513 -0.0475019 -0.0155441 0.0204703 0.0480557 0.998635 -0.0107765 0.0 0.0 0.0 1.0
redkitchen/seq-05/color/frame-000188.color.png redkitchen/seq-05/color/frame-000191.color.png 0.999658 0.0131433 -0.0226003 -0.00803402 -0.0143611 0.998405 -0.0545943 -0.0133737 0.0218468 0.0549002 0.998253 -0.00996271 0.0 0.0 0.0 1.0
redkitchen/seq-05/color/frame-000191.color.png redkitchen/seq-05/color/frame-000194.color.png 0.999782 0.0103651 -0.0181492 -0.014003 -0.0108866 0.999524 -0.0288808 -6.11097e-05 0.0178412 0.029072 0.999418 -0.010875 0.0 0.0 0.0 1.0
redkitchen/seq-05/color/frame-000194.color.png redkitchen/seq-05/color/frame-000197.color.png 0.999789 0.00989738 -0.0179719 -0.0119645 -0.0102119 0.999795 -0.0174939 -0.00360288 0.017795 0.0176737 0.999685 -0.0153838 0.0 0.0 0.0 1.0
redkitchen/seq-05/color/frame-000197.color.png redkitchen/seq-05/color/frame-000200.color.png 0.999787 -0.00139057 -0.0205976 -0.00349912 0.00172288 0.999868 0.0161279 0.0106054 0.0205725 -0.0161599 0.999658 0.0135379 0.0 0.0 0.0 1.0
redkitchen/seq-05/color/frame-000200.color.png redkitchen/seq-05/color/frame-000203.color.png 0.999881 -0.00373945 -0.0149697 0.000425786 0.00396278 0.999881 0.0149168 0.0022998 0.0149121 -0.0149744 0.999777 0.00798887 0.0 0.0 0.0 1.0
redkitchen/seq-05/color/frame-000203.color.png redkitchen/seq-05/color/frame-000206.color.png 0.999813 -0.00457272 -0.0187706 -0.00134033 0.00481092 0.999908 0.012664 0.0118922 0.018711 -0.0127519 0.999744 0.0098913 0.0 0.0 0.0 1.0
redkitchen/seq-05/color/frame-000206.color.png redkitchen/seq-05/color/frame-000209.color.png 0.999661 0.00558862 -0.025413 -0.00857937 -0.00562705 0.999983 -0.00144108 0.00392297 0.0254044 0.00158349 0.999676 -0.0020155 0.0 0.0 0.0 1.0
redkitchen/seq-05/color/frame-000209.color.png redkitchen/seq-05/color/frame-000212.color.png 0.999834 0.00951448 -0.0155563 -0.00836989 -0.00938548 0.999921 0.00834112 0.000163347 0.0156346 -0.00819366 0.999844 -0.00386813 0.0 0.0 0.0 1.0
redkitchen/seq-05/color/frame-000212.color.png redkitchen/seq-05/color/frame-000215.color.png 0.999914 -0.00367831 -0.0125722 0.00332102 0.00380309 0.999944 0.00991657 0.00895278 0.0125349 -0.00996357 0.999872 0.0143979 0.0 0.0 0.0 1.0
redkitchen/seq-05/color/frame-000215.color.png redkitchen/seq-05/color/frame-000218.color.png 0.999934 0.00121337 0.0113888 -0.0273346 -0.000924656 0.999679 -0.0253204 -0.00338209 -0.0114158 0.0253082 0.999615 -0.0598341 0.0 0.0 0.0 1.0
redkitchen/seq-05/color/frame-000218.color.png redkitchen/seq-05/color/frame-000221.color.png 0.999986 -0.000961122 0.0052858 0.00430399 0.000949283 0.999997 0.00223275 -0.00167315 -0.005288 -0.00222763 0.999984 -0.00420818 0.0 0.0 0.0 1.0
redkitchen/seq-05/color/frame-000221.color.png redkitchen/seq-05/color/frame-000224.color.png 0.999677 -0.0174706 0.0184338 0.0146722 0.0170778 0.999628 0.0212556 0.0123979 -0.0187983 -0.020934 0.999604 0.00500521 0.0 0.0 0.0 1.0
redkitchen/seq-05/color/frame-000224.color.png redkitchen/seq-05/color/frame-000227.color.png 0.999079 -0.0249705 0.0349022 0.0107208 0.0238683 0.999214 0.0316491 0.0112679 -0.0356651 -0.0307868 0.998889 -0.0108165 0.0 0.0 0.0 1.0
redkitchen/seq-05/color/frame-000227.color.png redkitchen/seq-05/color/frame-000230.color.png 0.998509 -0.0299364 0.0456514 0.0228935 0.0270229 0.997638 0.0631554 0.0310423 -0.0474342 -0.0618276 0.996959 0.00545734 0.0 0.0 0.0 1.0
redkitchen/seq-05/color/frame-000230.color.png redkitchen/seq-05/color/frame-000233.color.png 0.998259 -0.0397524 0.0435838 0.0321292 0.0368034 0.997108 0.0664955 0.0347594 -0.046101 -0.0647755 0.996835 0.00887409 0.0 0.0 0.0 1.0
redkitchen/seq-05/color/frame-000233.color.png redkitchen/seq-05/color/frame-000236.color.png 0.998866 -0.0273619 0.0389487 0.0282841 0.0233836 0.994796 0.0991641 0.037178 -0.0414593 -0.0981411 0.994309 0.0125817 0.0 0.0 0.0 1.0
redkitchen/seq-05/color/frame-000236.color.png redkitchen/seq-05/color/frame-000239.color.png 0.999048 -0.0257772 0.0352057 0.00412747 0.0229433 0.996638 0.0786562 0.0313915 -0.0371149 -0.0777735 0.99628 0.00925475 0.0 0.0 0.0 1.0
redkitchen/seq-05/color/frame-000239.color.png redkitchen/seq-05/color/frame-000242.color.png 0.998937 -0.0367538 0.0278205 0.0250524 0.0344945 0.996377 0.0777411 0.0449025 -0.030577 -0.0766988 0.996585 0.00638211 0.0 0.0 0.0 1.0
redkitchen/seq-05/color/frame-000242.color.png redkitchen/seq-05/color/frame-000245.color.png 0.99793 -0.0448407 0.046104 0.0174036 0.0408647 0.995641 0.0838365 0.0427616 -0.0496623 -0.0817788 0.995412 -0.0012171 0.0 0.0 0.0 1.0
redkitchen/seq-05/color/frame-000245.color.png redkitchen/seq-05/color/frame-000248.color.png 0.998136 -0.047905 0.0377997 0.0233195 0.0446895 0.99565 0.0817556 0.0384549 -0.0415518 -0.0799141 0.995935 0.00544596 0.0 0.0 0.0 1.0
redkitchen/seq-05/color/frame-000248.color.png redkitchen/seq-05/color/frame-000251.color.png 0.999172 -0.0318426 0.0253264 0.00744528 0.0301769 0.997517 0.0636325 0.0301215 -0.0272898 -0.0628154 0.997652 0.00141752 0.0 0.0 0.0 1.0
redkitchen/seq-05/color/frame-000251.color.png redkitchen/seq-05/color/frame-000254.color.png 0.998888 -0.0389367 0.0265687 0.0222841 0.0373728 0.997674 0.0570156 0.0386695 -0.0287269 -0.0559594 0.99802 0.0198589 0.0 0.0 0.0 1.0
redkitchen/seq-05/color/frame-000254.color.png redkitchen/seq-05/color/frame-000257.color.png 0.999822 -0.0159842 0.0100621 0.00101274 0.0151795 0.997029 0.0755211 0.0254794 -0.0112393 -0.0753549 0.997093 0.014242 0.0 0.0 0.0 1.0
redkitchen/seq-05/color/frame-000257.color.png redkitchen/seq-05/color/frame-000260.color.png 0.997997 -0.0490178 0.0399788 0.0262974 0.0463565 0.996809 0.0649783 0.0310523 -0.0430366 -0.0629948 0.997085 0.00333455 0.0 0.0 0.0 1.0
redkitchen/seq-05/color/frame-000260.color.png redkitchen/seq-05/color/frame-000263.color.png 0.999067 -0.028246 0.0326788 0.00867668 0.0275788 0.999405 0.0206907 0.0236513 -0.0332436 -0.0197702 0.999252 -0.0247879 0.0 0.0 0.0 1.0
redkitchen/seq-05/color/frame-000263.color.png redkitchen/seq-05/color/frame-000266.color.png 0.999197 -0.0374347 0.0143103 0.016128 0.0370003 0.99888 0.0295008 0.0156489 -0.0153986 -0.0289476 0.999462 0.0125224 0.0 0.0 0.0 1.0
redkitchen/seq-05/color/frame-000266.color.png redkitchen/seq-05/color/frame-000269.color.png 0.998956 -0.0402324 0.021633 0.0193347 0.039813 0.999017 0.0194878 0.0180978 -0.0223957 -0.0186062 0.999576 0.0166504 0.0 0.0 0.0 1.0
redkitchen/seq-05/color/frame-000269.color.png redkitchen/seq-05/color/frame-000272.color.png 0.998818 -0.0333474 0.03536 0.0190006 0.0328189 0.999342 0.0154215 0.0108421 -0.0358511 -0.0142428 0.999256 -0.0189233 0.0 0.0 0.0 1.0
redkitchen/seq-05/color/frame-000272.color.png redkitchen/seq-05/color/frame-000275.color.png 0.999198 -0.0274608 0.0291493 0.0256609 0.0270258 0.999519 0.0152142 0.0136456 -0.0295531 -0.0144142 0.999459 0.00708345 0.0 0.0 0.0 1.0
redkitchen/seq-05/color/frame-000275.color.png redkitchen/seq-05/color/frame-000278.color.png 0.999272 -0.0194106 0.0328402 0.0180832 0.0190846 0.999766 0.0102108 -0.00314738 -0.0330307 -0.0095766 0.999409 -0.012027 0.0 0.0 0.0 1.0
redkitchen/seq-05/color/frame-000278.color.png redkitchen/seq-05/color/frame-000281.color.png 0.999293 -0.0154783 0.0342481 0.0193335 0.0159623 0.999776 -0.0139033 -0.00405918 -0.0340253 0.0144401 0.999317 -0.00311598 0.0 0.0 0.0 1.0
redkitchen/seq-05/color/frame-000281.color.png redkitchen/seq-05/color/frame-000284.color.png 0.998727 -0.0297002 0.0407745 0.0227434 0.0298956 0.999544 -0.00418944 0.00251642 -0.0406315 0.00540311 0.99916 -0.00374818 0.0 0.0 0.0 1.0
redkitchen/seq-05/color/frame-000284.color.png redkitchen/seq-05/color/frame-000287.color.png 0.99975 -0.0193914 0.0111365 0.0316804 0.0192638 0.999749 0.0114549 0.000490025 -0.0113559 -0.0112375 0.999872 0.0175016 0.0 0.0 0.0 1.0
redkitchen/seq-05/color/frame-000287.color.png redkitchen/seq-05/color/frame-000290.color.png 0.997775 -0.0412254 0.0524003 0.0435961 0.0409516 0.999141 0.00628997 0.00200886 -0.0526146 -0.00413009 0.998606 -0.00981331 0.0 0.0 0.0 1.0
redkitchen/seq-05/color/frame-000290.color.png redkitchen/seq-05/color/frame-000293.color.png 0.998846 -0.0332242 0.0346704 0.0238539 0.0328468 0.999395 0.0113993 0.0123554 -0.0350282 -0.0102473 0.999334 0.00409096 0.0 0.0 0.0 1.0
redkitchen/seq-05/color/frame-000293.color.png redkitchen/seq-05/color/frame-000296.color.png 0.997074 -0.0506839 0.0572257 0.0321855 0.0489174 0.998295 0.0318601 -0.00362103 -0.0587429 -0.0289676 0.997853 -0.0255137 0.0 0.0 0.0 1.0
redkitchen/seq-05/color/frame-000296.color.png redkitchen/seq-05/color/frame-000299.color.png 0.999419 -0.0278368 0.0196558 0.0224043 0.027697 0.999589 0.00734994 0.0203564 -0.0198523 -0.00680126 0.99978 0.0206047 0.0 0.0 0.0 1.0
redkitchen/seq-05/color/frame-000299.color.png redkitchen/seq-05/color/frame-000302.color.png 0.999428 -0.0259902 0.0216384 0.0121663 0.0257874 0.999621 0.00960219 0.0056991 -0.0218797 -0.00903871 0.99972 -0.0122349 0.0 0.0 0.0 1.0
redkitchen/seq-05/color/frame-000302.color.png redkitchen/seq-05/color/frame-000305.color.png 0.999413 -0.025175 0.0232219 0.012213 0.0249263 0.999629 0.0109387 0.00479082 -0.0234886 -0.0103534 0.99967 -0.0030669 0.0 0.0 0.0 1.0
redkitchen/seq-05/color/frame-000305.color.png redkitchen/seq-05/color/frame-000308.color.png 0.998964 -0.027246 0.0364492 0.0198647 0.0269751 0.999605 0.00790481 0.00604207 -0.0366503 -0.00691338 0.999304 -0.0096729 0.0 0.0 0.0 1.0
redkitchen/seq-05/color/frame-000308.color.png redkitchen/seq-05/color/frame-000311.color.png 0.999666 -0.0125685 0.0225857 0.0139955 0.0125161 0.999919 0.00245637 -0.00516645 -0.0226147 -0.00217294 0.999742 0.00352091 0.0 0.0 0.0 1.0
redkitchen/seq-05/color/frame-000311.color.png redkitchen/seq-05/color/frame-000314.color.png 0.999455 -0.0136917 0.0300302 0.0091054 0.0143545 0.999656 -0.0219663 0.0203803 -0.0297192 0.0223855 0.999308 0.000435486 0.0 0.0 0.0 1.0
redkitchen/seq-05/color/frame-000314.color.png redkitchen/seq-05/color/frame-000317.color.png 0.999714 -0.00672505 0.0229525 0.0171375 0.00669833 0.999977 0.00124105 -0.0152242 -0.0229603 -0.00108697 0.999736 0.00948845 0.0 0.0 0.0 1.0
redkitchen/seq-05/color/frame-000317.color.png redkitchen/seq-05/color/frame-000320.color.png 0.999042 0.0106065 0.0424566 0.0151332 -0.00924246 0.999439 -0.0321971 -0.0337123 -0.0427743 0.0317738 0.998579 -0.0187549 0.0 0.0 0.0 1.0
redkitchen/seq-05/color/frame-000320.color.png redkitchen/seq-05/color/frame-000323.color.png 0.999732 0.0138571 0.0185318 0.0124941 -0.0133961 0.999603 -0.0247731 -0.016194 -0.0188677 0.0245182 0.999521 0.00569044 0.0 0.0 0.0 1.0
redkitchen/seq-05/color/frame-000323.color.png redkitchen/seq-05/color/frame-000326.color.png 0.999403 0.0322168 0.0124973 0.00591412 -0.0318925 0.99917 -0.0253359 -0.0258992 -0.0133032 0.0249222 0.999601 -0.00411287 0.0 0.0 0.0 1.0
redkitchen/seq-05/color/frame-000326.color.png redkitchen/seq-05/color/frame-000329.color.png 0.996962 0.0771953 -0.0103839 -0.00666845 -0.0775882 0.995963 -0.0451539 -0.039311 0.00685635 0.0458224 0.998926 -0.00381863 0.0 0.0 0.0 1.0
redkitchen/seq-05/color/frame-000329.color.png redkitchen/seq-05/color/frame-000332.color.png 0.997381 0.0723289 0.000308359 -0.00738601 -0.0722275 0.996191 -0.0488573 -0.0333463 -0.00384103 0.0487071 0.998806 -0.00274302 0.0 0.0 0.0 1.0
redkitchen/seq-05/color/frame-000332.color.png redkitchen/seq-05/color/frame-000335.color.png 0.997844 0.0621932 -0.0209541 -0.00752869 -0.0628656 0.997472 -0.0331269 -0.0212763 0.0188409 0.0343728 0.999232 0.0028185 0.0 0.0 0.0 1.0
redkitchen/seq-05/color/frame-000335.color.png redkitchen/seq-05/color/frame-000338.color.png 0.995688 0.0904916 -0.0204294 -0.0175834 -0.091055 0.995436 -0.0285722 -0.0207209 0.0177507 0.0303092 0.999383 -0.00518554 0.0 0.0 0.0 1.0
redkitchen/seq-05/color/frame-000338.color.png redkitchen/seq-05/color/frame-000341.color.png 0.993793 0.11016 -0.0154856 -0.0135381 -0.110686 0.993102 -0.0386847 -0.0287437 0.0111173 0.0401586 0.999132 0.0105019 0.0 0.0 0.0 1.0
redkitchen/seq-05/color/frame-000341.color.png redkitchen/seq-05/color/frame-000344.color.png 0.995457 0.0951932 0.00192457 -0.014751 -0.0949 0.993622 -0.0609122 -0.0207106 -0.00771083 0.0604529 0.998141 -0.0137865 0.0 0.0 0.0 1.0
redkitchen/seq-05/color/frame-000344.color.png redkitchen/seq-05/color/frame-000347.color.png 0.993595 0.112665 -0.00871645 -0.0055037 -0.112962 0.992343 -0.049957 -0.00973016 0.00302144 0.0506216 0.998713 0.00572009 0.0 0.0 0.0 1.0
redkitchen/seq-05/color/frame-000347.color.png redkitchen/seq-05/color/frame-000350.color.png 0.991277 0.131216 0.0123156 -0.0191379 -0.129723 0.987937 -0.0845692 -0.0274467 -0.0232639 0.082234 0.996341 -0.0253796 0.0 0.0 0.0 1.0
redkitchen/seq-05/color/frame-000350.color.png redkitchen/seq-05/color/frame-000353.color.png 0.995294 0.0963112 0.0106985 0.00319135 -0.0955048 0.993621 -0.0599644 -0.0134902 -0.0164055 0.0586605 0.998143 0.0202853 0.0 0.0 0.0 1.0
redkitchen/seq-05/color/frame-000353.color.png redkitchen/seq-05/color/frame-000356.color.png 0.996229 0.0828253 0.0258192 -0.000220448 -0.0806258 0.993768 -0.0769679 -0.0301608 -0.0320332 0.074596 0.996699 -0.0040739 0.0 0.0 0.0 1.0
redkitchen/seq-05/color/frame-000356.color.png redkitchen/seq-05/color/frame-000359.color.png 0.99912 0.0163966 0.0386077 0.0145307 -0.0145433 0.998751 -0.0478028 0.0215782 -0.0393432 0.0471992 0.99811 -0.0185388 0.0 0.0 0.0 1.0
redkitchen/seq-05/color/frame-000359.color.png redkitchen/seq-05/color/frame-000362.color.png 0.997823 0.0116728 0.0649039 0.00381985 -0.0099668 0.999598 -0.0265485 -0.0239447 -0.0651877 0.0258438 0.997538 -0.0134638 0.0 0.0 0.0 1.0
redkitchen/seq-05/color/frame-000362.color.png redkitchen/seq-05/color/frame-000365.color.png 0.999342 0.00810066 0.0353446 0.0091892 -0.00730772 0.99972 -0.0225075 -0.00479287 -0.0355171 0.0222344 0.999122 -0.0069146 0.0 0.0 0.0 1.0
redkitchen/seq-05/color/frame-000365.color.png redkitchen/seq-05/color/frame-000368.color.png 0.999224 0.0173378 0.035353 0.0267624 -0.0164419 0.99954 -0.0254761 0.00264395 -0.0357785 0.024875 0.99905 -0.00117271 0.0 0.0 0.0 1.0
redkitchen/seq-05/color/frame-000368.color.png redkitchen/seq-05/color/frame-000371.color.png 0.999173 0.00354703 0.0405152 -0.00545567 -0.00333758 0.999981 -0.00523731 -0.00256508 -0.040533 0.00509783 0.999165 -0.0140518 0.0 0.0 0.0 1.0
redkitchen/seq-05/color/frame-000371.color.png redkitchen/seq-05/color/frame-000374.color.png 0.999537 0.00844028 0.0292386 0.00511578 -0.00879473 0.999889 0.0120164 -0.0281571 -0.029134 -0.012268 0.9995 0.000427008 0.0 0.0 0.0 1.0
redkitchen/seq-05/color/frame-000374.color.png redkitchen/seq-05/color/frame-000377.color.png 0.999656 0.0030962 0.0260244 0.00857712 -0.00299654 0.999988 -0.00386298 -0.00406072 -0.0260361 0.00378368 0.999654 5.427e-05 0.0 0.0 0.0 1.0
redkitchen/seq-05/color/frame-000377.color.png redkitchen/seq-05/color/frame-000380.color.png 0.999663 -0.0155943 0.0207731 0.011318 0.0151592 0.999666 0.0209362 0.00395868 -0.0210926 -0.0206142 0.999565 0.00215057 0.0 0.0 0.0 1.0
redkitchen/seq-05/color/frame-000380.color.png redkitchen/seq-05/color/frame-000383.color.png 0.999836 -0.0114957 0.0139587 0.0205924 0.0109596 0.999222 0.0378956 -0.0244689 -0.0143835 -0.0377364 0.999184 0.00965522 0.0 0.0 0.0 1.0
redkitchen/seq-05/color/frame-000383.color.png redkitchen/seq-05/color/frame-000386.color.png 0.999755 -0.0186845 0.0118435 0.0180121 0.0183707 0.999491 0.0260835 -0.00105807 -0.0123248 -0.0258596 0.99959 0.0106587 0.0 0.0 0.0 1.0
redkitchen/seq-05/color/frame-000386.color.png redkitchen/seq-05/color/frame-000389.color.png 0.999622 -0.0192707 0.0195928 0.002898 0.0187862 0.999521 0.0246092 0.0118105 -0.0200576 -0.0242318 0.999505 -0.00167026 0.0 0.0 0.0 1.0
redkitchen/seq-05/color/frame-000389.color.png redkitchen/seq-05/color/frame-000392.color.png 0.999671 -0.0205875 0.0153234 0.0146114 0.0203639 0.999686 0.0146214 0.000307769 -0.0156197 -0.0143046 0.999776 0.00577633 0.0 0.0 0.0 1.0
redkitchen/seq-05/color/frame-000392.color.png redkitchen/seq-05/color/frame-000395.color.png 0.999667 -0.0204972 0.0156788 0.0111597 0.020147 0.999551 0.0221695 -0.00759519 -0.0161262 -0.0218462 0.999631 0.00409225 0.0 0.0 0.0 1.0
redkitchen/seq-05/color/frame-000395.color.png redkitchen/seq-05/color/frame-000398.color.png 0.999723 -0.0210901 0.0104871 0.00787874 0.0210344 0.999764 0.00538652 0.0158185 -0.0105982 -0.00516447 0.999931 0.00263149 0.0 0.0 0.0 1.0
redkitchen/seq-05/color/frame-000398.color.png redkitchen/seq-05/color/frame-000401.color.png 0.999402 -0.0217827 0.0268426 0.0111763 0.0213283 0.999626 0.0171021 -0.0115216 -0.0272051 -0.0165194 0.999493 -0.00174786 0.0 0.0 0.0 1.0
redkitchen/seq-05/color/frame-000401.color.png redkitchen/seq-05/color/frame-000404.color.png 0.998146 -0.0385372 0.0471151 -0.0128823 0.0388756 0.999224 -0.00628807 0.0273167 -0.0468363 0.00810804 0.99887 -0.00605388 0.0 0.0 0.0 1.0
redkitchen/seq-05/color/frame-000404.color.png redkitchen/seq-05/color/frame-000407.color.png 0.99823 -0.041452 0.0426426 0.0203322 0.0415922 0.999132 -0.00240663 0.00084883 -0.0425058 0.00417597 0.999088 0.00291501 0.0 0.0 0.0 1.0
redkitchen/seq-05/color/frame-000407.color.png redkitchen/seq-05/color/frame-000410.color.png 0.998597 -0.0249538 0.0467092 0.0172325 0.02517 0.999675 -0.00404451 0.00271561 -0.0465931 0.00521451 0.9989 0.00235929 0.0 0.0 0.0 1.0
redkitchen/seq-05/color/frame-000410.color.png redkitchen/seq-05/color/frame-000413.color.png 0.998499 -0.0304757 0.0455193 0.0166397 0.0301286 0.999512 0.00829634 -0.00541641 -0.0457499 -0.00691246 0.998929 -0.00378352 0.0 0.0 0.0 1.0
redkitchen/seq-05/color/frame-000413.color.png redkitchen/seq-05/color/frame-000416.color.png 0.999374 -0.0215831 0.0280461 0.0262351 0.0213792 0.999743 0.0075453 -0.00874453 -0.0282017 -0.00694097 0.999578 0.00834088 0.0 0.0 0.0 1.0
redkitchen/seq-05/color/frame-000416.color.png redkitchen/seq-05/color/frame-000419.color.png 0.999355 -0.0203487 0.0295916 0.0128194 0.02042 0.999789 -0.00210672 0.00706226 -0.0295426 0.00270962 0.99956 -0.00170742 0.0 0.0 0.0 1.0
redkitchen/seq-05/color/frame-000419.color.png redkitchen/seq-05/color/frame-000422.color.png 0.998825 -0.0193672 0.0444224 0.0212294 0.0189604 0.999775 0.00955947 -0.0312396 -0.0445975 -0.00870597 0.998967 0.0186842 0.0 0.0 0.0 1.0
redkitchen/seq-05/color/frame-000422.color.png redkitchen/seq-05/color/frame-000425.color.png 0.998612 -0.0189527 0.049144 0.00395508 0.0187582 0.999814 0.00441485 -0.00113043 -0.0492185 -0.00348686 0.998782 0.00928644 0.0 0.0 0.0 1.0
redkitchen/seq-05/color/frame-000425.color.png redkitchen/seq-05/color/frame-000428.color.png 0.999517 -0.0136998 0.0278782 0.00410748 0.0136459 0.999905 0.00212822 0.00137713 -0.0279047 -0.00174679 0.999609 0.005093 0.0 0.0 0.0 1.0
redkitchen/seq-05/color/frame-000428.color.png redkitchen/seq-05/color/frame-000431.color.png 0.999727 -0.00473657 0.0228835 0.0137294 0.00492746 0.999953 -0.00829362 0.00266523 -0.0228432 0.0084041 0.999704 -0.00126109 0.0 0.0 0.0 1.0
redkitchen/seq-05/color/frame-000431.color.png redkitchen/seq-05/color/frame-000434.color.png 0.999752 -0.00322688 0.0220306 -0.000660529 0.00318704 0.999993 0.00184029 -0.00646146 -0.0220365 -0.00176958 0.999756 -0.00810998 0.0 0.0 0.0 1.0
redkitchen/seq-05/color/frame-000434.color.png redkitchen/seq-05/color/frame-000437.color.png 0.999497 -0.00662224 0.031029 0.00655863 0.00653441 0.999974 0.00293012 0.00210659 -0.0310476 -0.00272592 0.999514 0.012207 0.0 0.0 0.0 1.0
redkitchen/seq-05/color/frame-000437.color.png redkitchen/seq-05/color/frame-000440.color.png 0.999665 -0.0138304 0.0218768 0.00337455 0.0138126 0.999904 0.000964419 -0.00344722 -0.021888 -0.000661925 0.99976 -0.00451952 0.0 0.0 0.0 1.0
redkitchen/seq-05/color/frame-000440.color.png redkitchen/seq-05/color/frame-000443.color.png 0.999789 -0.0105353 0.0176307 0.00503493 0.0105719 0.999942 -0.00198109 0.00842394 -0.0176088 0.00216706 0.999843 0.0135027 0.0 0.0 0.0 1.0
redkitchen/seq-05/color/frame-000443.color.png redkitchen/seq-05/color/frame-000446.color.png 0.999104 -0.02399 0.0348659 0.00312005 0.0241987 0.999692 -0.00557497 -0.00627179 -0.0347214 0.00641365 0.999376 0.00126574 0.0 0.0 0.0 1.0
redkitchen/seq-05/color/frame-000446.color.png redkitchen/seq-05/color/frame-000449.color.png 0.999352 -0.0255461 0.0253457 0.0101094 0.0256464 0.999664 -0.00363929 -0.00305908 -0.0252442 0.00428694 0.999672 -0.00329636 0.0 0.0 0.0 1.0
redkitchen/seq-05/color/frame-000449.color.png redkitchen/seq-05/color/frame-000452.color.png 0.998996 -0.0299316 0.0333458 0.00605802 0.0301437 0.999528 -0.00587852 0.00489557 -0.0331541 0.00687782 0.999427 0.0162661 0.0 0.0 0.0 1.0
redkitchen/seq-05/color/frame-000452.color.png redkitchen/seq-05/color/frame-000455.color.png 0.998209 -0.0526932 0.028332 0.00584617 0.0531331 0.998475 -0.0150038 -0.00248731 -0.0274983 0.0164822 0.999486 0.00652988 0.0 0.0 0.0 1.0
redkitchen/seq-05/color/frame-000455.color.png redkitchen/seq-05/color/frame-000458.color.png 0.999238 -0.0365383 0.0137147 0.00376205 0.0365934 0.999323 -0.00379222 -0.00272685 -0.0135669 0.00429119 0.999899 0.00595225 0.0 0.0 0.0 1.0
redkitchen/seq-05/color/frame-000458.color.png redkitchen/seq-05/color/frame-000461.color.png 0.999735 -0.0106429 0.0204173 0.00422349 0.0108753 0.999877 -0.011307 0.000188233 -0.0202944 0.0115261 0.999728 0.00129382 0.0 0.0 0.0 1.0
redkitchen/seq-05/color/frame-000461.color.png redkitchen/seq-05/color/frame-000464.color.png 0.999868 -0.0118818 0.0110599 0.0183955 0.0118492 0.999925 0.00301416 -0.00158846 -0.0110949 -0.00288275 0.999934 -0.00386545 0.0 0.0 0.0 1.0
redkitchen/seq-05/color/frame-000464.color.png redkitchen/seq-05/color/frame-000467.color.png 0.99926 -0.0135164 0.0359973 0.00742872 0.0134731 0.999908 0.00144593 -0.000603549 -0.0360135 -0.00095989 0.999351 0.0059246 0.0 0.0 0.0 1.0
redkitchen/seq-05/color/frame-000467.color.png redkitchen/seq-05/color/frame-000470.color.png 0.99959 -0.0125643 0.0257422 0.00965756 0.0129007 0.999833 -0.0129392 -0.0052271 -0.0255754 0.013266 0.999585 7.20099e-05 0.0 0.0 0.0 1.0
redkitchen/seq-05/color/frame-000470.color.png redkitchen/seq-05/color/frame-000473.color.png 0.999543 -0.00114959 0.030222 0.00763467 0.00151234 0.999927 -0.0119833 -0.00484052 -0.030206 0.0120235 0.999471 0.00609012 0.0 0.0 0.0 1.0
redkitchen/seq-05/color/frame-000473.color.png redkitchen/seq-05/color/frame-000476.color.png 0.999296 -0.0364181 0.00904088 0.00339163 0.036542 0.999235 -0.0139448 -0.00344847 -0.00852607 0.0142653 0.999862 0.00729729 0.0 0.0 0.0 1.0
redkitchen/seq-05/color/frame-000476.color.png redkitchen/seq-05/color/frame-000479.color.png 0.99964 -0.0225745 0.0145181 0.0051979 0.0230405 0.999197 -0.0327691 -0.00810134 -0.0137667 0.0330918 0.999357 0.00329469 0.0 0.0 0.0 1.0
redkitchen/seq-05/color/frame-000479.color.png redkitchen/seq-05/color/frame-000482.color.png 0.999317 -0.0369394 -0.00127058 0.00720408 0.0369004 0.999054 -0.0230318 -0.0123102 0.0021202 0.0229692 0.999734 -0.00185331 0.0 0.0 0.0 1.0
redkitchen/seq-05/color/frame-000482.color.png redkitchen/seq-05/color/frame-000485.color.png 0.99938 -0.0347709 -0.00556884 0.00125324 0.0346461 0.999176 -0.0211241 -0.00757014 0.00629871 0.020918 0.999761 -0.00123205 0.0 0.0 0.0 1.0
redkitchen/seq-05/color/frame-000485.color.png redkitchen/seq-05/color/frame-000488.color.png 0.998306 -0.0581663 -0.000899194 0.0104587 0.0581336 0.998077 -0.0214892 -0.0227626 0.0021473 0.0214005 0.999769 -0.00294431 0.0 0.0 0.0 1.0
redkitchen/seq-05/color/frame-000488.color.png redkitchen/seq-05/color/frame-000491.color.png 0.99798 -0.0507817 -0.0381678 0.0331841 0.0491515 0.997887 -0.0425009 -0.000919886 0.0402454 0.0405391 0.998367 -0.0251438 0.0 0.0 0.0 1.0
redkitchen/seq-05/color/frame-000491.color.png redkitchen/seq-05/color/frame-000494.color.png 0.997824 -0.0361036 -0.0551632 0.0381472 0.033913 0.998618 -0.040144 -0.00945759 0.0565364 0.0381859 0.99767 -0.0131263 0.0 0.0 0.0 1.0
redkitchen/seq-05/color/frame-000494.color.png redkitchen/seq-05/color/frame-000497.color.png 0.99986 0.00424463 -0.0161625 -0.021371 -0.00455819 0.999801 -0.019414 -0.00233773 0.0160768 0.0194849 0.999681 -0.000206433 0.0 0.0 0.0 1.0
redkitchen/seq-05/color/frame-000497.color.png redkitchen/seq-05/color/frame-000500.color.png 0.99906 0.00391225 -0.0431747 -0.0166368 -0.00498104 0.999683 -0.0246756 0.00676689 0.0430644 0.0248674 0.998763 -0.00554752 0.0 0.0 0.0 1.0
redkitchen/seq-05/color/frame-000500.color.png redkitchen/seq-05/color/frame-000503.color.png 0.995805 -0.0163123 -0.0900394 0.000225201 0.0124314 0.998976 -0.0434959 0.0206114 0.0906567 0.0421941 0.994988 -0.026329 0.0 0.0 0.0 1.0
redkitchen/seq-05/color/frame-000503.color.png redkitchen/seq-05/color/frame-000506.color.png 0.997722 -0.00227068 -0.0674263 -0.0190767 -0.00199208 0.998006 -0.0630865 0.00552958 0.0674351 0.063077 0.995728 -0.0135893 0.0 0.0 0.0 1.0
redkitchen/seq-05/color/frame-000506.color.png redkitchen/seq-05/color/frame-000509.color.png 0.997902 0.00886509 -0.0641354 -0.0514741 -0.0125929 0.99824 -0.0579551 -0.015095 0.0635088 0.0586411 0.996257 -0.0123853 0.0 0.0 0.0 1.0
redkitchen/seq-05/color/frame-000509.color.png redkitchen/seq-05/color/frame-000512.color.png 0.999882 0.0103345 -0.01136 -0.0149314 -0.0106717 0.999492 -0.0300362 0.000414414 0.0110439 0.0301539 0.999484 0.00161052 0.0 0.0 0.0 1.0
