redkitchen/seq-05/color/frame-000000.color.png redkitchen/seq-05/color/frame-000002.color.png 0.999996 0.00209087 0.00203302 -0.00259658 -0.00208876 0.999997 -0.00103681 0.000849308 -0.00203518 0.00103256 0.999997 0.000956811 0.0 0.0 0.0 1.0
redkitchen/seq-05/color/frame-000002.color.png redkitchen/seq-05/color/frame-000004.color.png 0.999997 -0.00184806 -0.00160204 0.00183078 0.00184633 0.999998 -0.00108001 -0.000467079 0.00160403 0.00107705 0.999998 -0.000556742 0.0 0.0 0.0 1.0
redkitchen/seq-05/color/frame-000004.color.png redkitchen/seq-05/color/frame-000006.color.png 0.999999 -0.000833629 0.000707051 -0.000417197 0.000834302 0.999999 -0.000952267 0.0024431 -0.000706256 0.000952856 0.999999 0.00158077 0.0 0.0 0.0 1.0
redkitchen/seq-05/color/frame-000006.color.png redkitchen/seq-05/color/frame-000008.color.png 0.999998 -0.00167285 0.000731463 -0.000420587 0.00167143 0.999997 0.00194071 -0.00416636 -0.000734708 -0.00193949 0.999998 3.5621e-05 0.0 0.0 0.0 1.0
redkitchen/seq-05/color/frame-000008.color.png redkitchen/seq-05/color/frame-000010.color.png 0.999997 -0.0012446 0.00219849 0.000662717 0.00124951 0.999997 -0.00223027 0.00269586 -0.00219571 0.00223301 0.999995 5.71064e-06 0.0 0.0 0.0 1.0
redkitchen/seq-05/color/frame-000010.color.png redkitchen/seq-05/color/frame-000012.color.png 1.0 -0.000662278 0.000652525 -0.000899229 0.000661904 1.0 0.000574155 -4.3245e-05 -0.000652904 -0.000573723 1.0 0.00149464 0.0 0.0 0.0 1.0
redkitchen/seq-05/color/frame-000012.color.png redkitchen/seq-05/color/frame-000014.color.png 0.999998 -0.00195037 0.000368022 0.00316561 0.00195025 0.999998 0.00034405 -0.00213657 -0.000368692 -0.000343331 1.0 -0.00171835 0.0 0.0 0.0 1.0
redkitchen/seq-05/color/frame-000014.color.png redkitchen/seq-05/color/frame-000016.color.png 0.999964 -0.00286183 -0.00801937 0.00316001 0.00286161 0.999996 -3.93533e-05 0.00415035 0.00801945 1.64033e-05 0.999968 -0.000114207 0.0 0.0 0.0 1.0
redkitchen/seq-05/color/frame-000016.color.png redkitchen/seq-05/color/frame-000018.color.png 0.999965 0.000726285 -0.00834585 0.00316065 -0.000726125 1.0 2.20827e-05 0.00154486 0.00834586 -1.60209e-05 0.999965 -0.00317162 0.0 0.0 0.0 1.0
redkitchen/seq-05/color/frame-000018.color.png redkitchen/seq-05/color/frame-000020.color.png 0.999888 0.00345454 -0.0145849 -8.35699e-05 -0.00348434 0.999992 -0.00201866 0.00302651 0.0145778 0.00206925 0.999892 -0.00126287 0.0 0.0 0.0 1.0
redkitchen/seq-05/color/frame-000020.color.png redkitchen/seq-05/color/frame-000022.color.png 0.999995 0.00279385 -0.00131221 -0.00713976 -0.00278884 0.999989 0.00380305 -0.0105861 0.00132282 -0.00379937 0.999992 -0.00217317 0.0 0.0 0.0 1.0
redkitchen/seq-05/color/frame-000022.color.png redkitchen/seq-05/color/frame-000024.color.png 0.999876 -0.000156879 -0.0157696 0.00100111 8.7427e-05 0.99999 -0.00440477 0.00840318 0.0157702 0.00440285 0.999866 -0.00304819 0.0 0.0 0.0 1.0
redkitchen/seq-05/color/frame-000024.color.png redkitchen/seq-05/color/frame-000026.color.png 0.999937 0.00231582 -0.0109726 -0.00193299 -0.00223504 0.99997 0.00736794 -0.00788354 0.0109894 -0.00734295 0.999913 -0.00492831 0.0 0.0 0.0 1.0
redkitchen/seq-05/color/frame-000026.color.png redkitchen/seq-05/color/frame-000028.color.png 0.999866 0.0021686 -0.0162041 -0.00120366 -0.00220922 0.999994 -0.0024896 0.00635868 0.0161986 0.00252507 0.999866 -0.00248548 0.0 0.0 0.0 1.0
redkitchen/seq-05/color/frame-000028.color.png redkitchen/seq-05/color/frame-000030.color.png 0.999785 0.00873471 -0.0188114 -0.000594128 -0.00861889 0.999943 0.00622934 -0.00856791 0.0188648 -0.00606587 0.999804 -0.00272674 0.0 0.0 0.0 1.0
redkitchen/seq-05/color/frame-000030.color.png redkitchen/seq-05/color/frame-000032.color.png 0.999943 0.0058513 -0.00897275 -0.0138732 -0.00590582 0.999964 -0.0060625 0.00874163 0.00893695 0.00611514 0.999941 -0.000466075 0.0 0.0 0.0 1.0
redkitchen/seq-05/color/frame-000032.color.png redkitchen/seq-05/color/frame-000034.color.png 0.999943 0.00481474 -0.0095062 0.00138041 -0.00482383 0.999988 -0.000933004 -0.00473456 0.00950158 0.000978807 0.999954 -0.00476747 0.0 0.0 0.0 1.0
redkitchen/seq-05/color/frame-000034.color.png redkitchen/seq-05/color/frame-000036.color.png 0.999785 0.00689283 -0.019545 -0.000655298 -0.00681158 0.999968 0.0042204 -0.00379008 0.0195735 -0.00408636 0.9998 -0.00288537 0.0 0.0 0.0 1.0
redkitchen/seq-05/color/frame-000036.color.png redkitchen/seq-05/color/frame-000038.color.png 0.999825 0.00847605 -0.0166947 -0.00336737 -0.00847129 0.999964 0.000356188 0.000282919 0.0166972 -0.000214701 0.99986 -0.00388571 0.0 0.0 0.0 1.0
redkitchen/seq-05/color/frame-000038.color.png redkitchen/seq-05/color/frame-000040.color.png 0.999885 0.00526011 -0.0142543 -0.0144003 -0.00521317 0.999981 0.0033277 -0.00303505 0.0142715 -0.003253 0.999893 -0.00301616 0.0 0.0 0.0 1.0
redkitchen/seq-05/color/frame-000040.color.png redkitchen/seq-05/color/frame-000042.color.png 0.999943 0.00839991 -0.00665018 -0.00571812 -0.00841271 0.999963 -0.00189832 0.0003863 0.00663401 0.00195416 0.999976 -0.000817381 0.0 0.0 0.0 1.0
redkitchen/seq-05/color/frame-000042.color.png redkitchen/seq-05/color/frame-000044.color.png 0.999904 0.00510635 -0.0128632 -0.00102872 -0.00510504 0.999987 0.000133539 0.000981961 0.0128637 -6.78597e-05 0.999917 -0.00350291 0.0 0.0 0.0 1.0
redkitchen/seq-05/color/frame-000044.color.png redkitchen/seq-05/color/frame-000046.color.png 0.999873 0.00300877 -0.0156465 -0.0039552 -0.00293721 0.999985 0.0045943 0.000649154 0.0156601 -0.00454776 0.999867 -0.00427558 0.0 0.0 0.0 1.0
redkitchen/seq-05/color/frame-000046.color.png redkitchen/seq-05/color/frame-000048.color.png 0.999976 -0.000495574 -0.0069408 -0.00362435 0.000528513 0.999989 0.00474593 -0.00081312 0.00693834 -0.00474948 0.999965 0.00192064 0.0 0.0 0.0 1.0
redkitchen/seq-05/color/frame-000048.color.png redkitchen/seq-05/color/frame-000050.color.png 0.999904 0.0035766 -0.0133781 -0.00371003 -0.00359471 0.999993 -0.00133012 0.00745915 0.0133733 0.00137808 0.99991 -0.00294915 0.0 0.0 0.0 1.0
redkitchen/seq-05/color/frame-000050.color.png redkitchen/seq-05/color/frame-000052.color.png 0.999903 0.00740333 -0.0118246 -0.00377654 -0.00737183 0.999969 0.002705 -0.00314977 0.0118443 -0.00261757 0.999926 -0.0011311 0.0 0.0 0.0 1.0
redkitchen/seq-05/color/frame-000052.color.png redkitchen/seq-05/color/frame-000054.color.png 0.999904 0.00550006 -0.0127627 -0.00753226 -0.00552816 0.999982 -0.00216756 0.0111635 0.0127506 0.00223791 0.999916 -0.0032558 0.0 0.0 0.0 1.0
redkitchen/seq-05/color/frame-000054.color.png redkitchen/seq-05/color/frame-000056.color.png 0.999968 0.00397467 -0.007005 -0.00265754 -0.00397702 0.999992 -0.0003199 0.00192147 0.00700365 0.000347746 0.999975 0.00086087 0.0 0.0 0.0 1.0
redkitchen/seq-05/color/frame-000056.color.png redkitchen/seq-05/color/frame-000058.color.png 0.999857 0.00529275 -0.0160844 -0.00117233 -0.00528671 0.999986 0.000417801 0.00300918 0.0160864 -0.000332714 0.999871 -0.00158985 0.0 0.0 0.0 1.0
redkitchen/seq-05/color/frame-000058.color.png redkitchen/seq-05/color/frame-000060.color.png 0.999857 0.00861603 -0.0145474 -0.00961963 -0.00859235 0.999962 0.00168915 -0.000693891 0.0145614 -0.00156391 0.999893 -0.000781056 0.0 0.0 0.0 1.0
redkitchen/seq-05/color/frame-000060.color.png redkitchen/seq-05/color/frame-000062.color.png 0.999842 0.00948875 -0.0150392 -0.00117813 -0.00935334 0.999915 0.00904906 -0.00760309 0.0151238 -0.00890696 0.999846 0.000254691 0.0 0.0 0.0 1.0
redkitchen/seq-05/color/frame-000062.color.png redkitchen/seq-05/color/frame-000064.color.png 0.999968 0.00252597 -0.00759373 -0.00580101 -0.00253907 0.999995 -0.00171383 0.0103687 0.00758934 0.00173306 0.99997 -0.00177759 0.0 0.0 0.0 1.0
redkitchen/seq-05/color/frame-000064.color.png redkitchen/seq-05/color/frame-000066.color.png 0.999889 -0.000352323 -0.0149015 -0.00381762 0.000452685 0.999977 0.0067316 -0.00121139 0.0148988 -0.0067376 0.999866 0.00265882 0.0 0.0 0.0 1.0
redkitchen/seq-05/color/frame-000066.color.png redkitchen/seq-05/color/frame-000068.color.png 0.999895 0.00578656 -0.0133203 -0.00583418 -0.00586241 0.999967 -0.00566274 0.00696733 0.0132871 0.00574024 0.999895 0.000140507 0.0 0.0 0.0 1.0
redkitchen/seq-05/color/frame-000068.color.png redkitchen/seq-05/color/frame-000070.color.png 0.9999 0.00647315 -0.0126039 -0.00563606 -0.00645767 0.999978 0.00126867 -0.00141248 0.0126119 -0.00118715 0.99992 -0.00258304 0.0 0.0 0.0 1.0
redkitchen/seq-05/color/frame-000070.color.png redkitchen/seq-05/color/frame-000072.color.png 0.99995 0.0028508 -0.00956492 0.000677988 -0.00283055 0.999994 0.0021311 -0.000862727 0.00957088 -0.00210393 0.999952 0.000188146 0.0 0.0 0.0 1.0
redkitchen/seq-05/color/frame-000072.color.png redkitchen/seq-05/color/frame-000074.color.png 0.999934 0.00444945 -0.0106212 -0.0128151 -0.00450619 0.999976 -0.00532658 0.0102347 0.0105973 0.0053741 0.999929 -0.00309133 0.0 0.0 0.0 1.0
redkitchen/seq-05/color/frame-000074.color.png redkitchen/seq-05/color/frame-000076.color.png 0.999831 0.00401612 -0.017922 -0.0010773 -0.00398894 0.999991 0.00155411 -0.00197763 0.017928 -0.00148237 0.999838 -0.000137523 0.0 0.0 0.0 1.0
redkitchen/seq-05/color/frame-000076.color.png redkitchen/seq-05/color/frame-000078.color.png 0.999949 0.0049725 -0.00875728 -0.0101384 -0.00501814 0.999974 -0.00519745 0.00531287 0.00873124 0.00524113 0.999948 -0.00583626 0.0 0.0 0.0 1.0
redkitchen/seq-05/color/frame-000078.color.png redkitchen/seq-05/color/frame-000080.color.png 0.999879 0.00384595 -0.0150954 -0.00230316 -0.00379555 0.999987 0.00336596 -0.00328244 0.0151081 -0.00330825 0.99988 0.00131302 0.0 0.0 0.0 1.0
redkitchen/seq-05/color/frame-000080.color.png redkitchen/seq-05/color/frame-000082.color.png 0.999955 0.00236991 -0.00922298 -0.00673373 -0.00239994 0.999992 -0.00324691 0.00504256 0.00921522 0.00326891 0.999952 -0.00300657 0.0 0.0 0.0 1.0
redkitchen/seq-05/color/frame-000082.color.png redkitchen/seq-05/color/frame-000084.color.png 0.999884 0.0050858 -0.0143595 -0.00203416 -0.00511793 0.999984 -0.00220086 0.00805612 0.0143481 0.00227408 0.999894 0.00353386 0.0 0.0 0.0 1.0
redkitchen/seq-05/color/frame-000084.color.png redkitchen/seq-05/color/frame-000086.color.png 0.999961 0.00409962 -0.00776332 -0.00437833 -0.00409146 0.999991 0.00106352 -0.00587411 0.00776765 -0.00103172 0.999969 -0.00371678 0.0 0.0 0.0 1.0
redkitchen/seq-05/color/frame-000086.color.png redkitchen/seq-05/color/frame-000088.color.png 0.999883 0.0058013 -0.0141826 -0.00373121 -0.00567303 0.999943 0.0090677 -0.00511131 0.0142345 -0.00898617 0.999858 -0.00245018 0.0 0.0 0.0 1.0
redkitchen/seq-05/color/frame-000088.color.png redkitchen/seq-05/color/frame-000090.color.png 0.999803 0.00766875 -0.0183001 -0.000586145 -0.00770417 0.999968 -0.00186694 0.00637444 0.0182852 0.00200755 0.999831 0.00503926 0.0 0.0 0.0 1.0
redkitchen/seq-05/color/frame-000090.color.png redkitchen/seq-05/color/frame-000092.color.png 0.99998 0.00421454 -0.00475368 -0.00619132 -0.00422785 0.999987 -0.00279651 0.00261739 0.00474182 0.00281654 0.999985 -0.00695583 0.0 0.0 0.0 1.0
redkitchen/seq-05/color/frame-000092.color.png redkitchen/seq-05/color/frame-000094.color.png 0.999843 0.00878237 -0.015384 -0.00665168 -0.00880003 0.999961 -0.00107664 -0.00429099 0.0153739 0.00121185 0.999881 -0.000362046 0.0 0.0 0.0 1.0
redkitchen/seq-05/color/frame-000094.color.png redkitchen/seq-05/color/frame-000096.color.png 0.999839 0.00566633 -0.0170208 -0.00354634 -0.0056949 0.999982 -0.00163101 0.00484215 0.0170113 0.0017277 0.999854 -0.000253625 0.0 0.0 0.0 1.0
redkitchen/seq-05/color/frame-000096.color.png redkitchen/seq-05/color/frame-000098.color.png 0.999835 0.00801367 -0.0162974 -0.00691696 -0.00796989 0.999964 0.00274756 0.000297271 0.0163188 -0.00261722 0.999863 -0.00400578 0.0 0.0 0.0 1.0
redkitchen/seq-05/color/frame-000098.color.png redkitchen/seq-05/color/frame-000100.color.png 0.999995 0.00292198 -0.000894572 -0.0241724 -0.00293564 0.999873 -0.0156827 0.0318106 0.000848589 0.0156853 0.999876 -0.0144561 0.0 0.0 0.0 1.0
redkitchen/seq-05/color/frame-000100.color.png redkitchen/seq-05/color/frame-000102.color.png 0.999905 0.0049538 -0.0128465 -0.0067881 -0.00493823 0.999987 0.00124625 0.0013786 0.0128525 -0.00118269 0.999917 -0.00324114 0.0 0.0 0.0 1.0
redkitchen/seq-05/color/frame-000102.color.png redkitchen/seq-05/color/frame-000104.color.png 0.999967 0.00373185 -0.00715768 -0.00432906 -0.00372351 0.999992 0.00117016 0.00156583 0.00716202 -0.00114348 0.999974 -0.00408333 0.0 0.0 0.0 1.0
redkitchen/seq-05/color/frame-000104.color.png redkitchen/seq-05/color/frame-000106.color.png 0.999898 0.00409585 -0.0136574 -0.00621437 -0.00401224 0.999973 0.00614629 7.46548e-05 0.0136822 -0.00609087 0.999888 0.00271602 0.0 0.0 0.0 1.0
redkitchen/seq-05/color/frame-000106.color.png redkitchen/seq-05/color/frame-000108.color.png 0.999929 0.00621684 -0.0101378 -0.00160965 -0.00623242 0.999979 -0.00150326 0.000225879 0.0101281 0.00156637 0.999948 -0.000380829 0.0 0.0 0.0 1.0
redkitchen/seq-05/color/frame-000108.color.png redkitchen/seq-05/color/frame-000110.color.png 0.99988 0.00687328 -0.013902 -0.00926043 -0.00678202 0.999955 0.00659949 -0.00426842 0.0139467 -0.00650442 0.999882 0.00168917 0.0 0.0 0.0 1.0
redkitchen/seq-05/color/frame-000110.color.png redkitchen/seq-05/color/frame-000112.color.png 0.999745 0.0096069 -0.0204527 -0.00868618 -0.00962897 0.999953 -0.000982571 0.00843089 0.0204425 0.00117925 0.99979 0.00245158 0.0 0.0 0.0 1.0
redkitchen/seq-05/color/frame-000112.color.png redkitchen/seq-05/color/frame-000114.color.png 0.999837 0.00695395 -0.0166461 -0.00672755 -0.00694351 0.999976 0.000688416 0.00161956 0.0166505 -0.000572719 0.999861 0.00307427 0.0 0.0 0.0 1.0
redkitchen/seq-05/color/frame-000114.color.png redkitchen/seq-05/color/frame-000116.color.png 0.999848 0.00591421 -0.0163711 -0.00407213 -0.00593934 0.999981 -0.00148936 0.000252008 0.016362 0.00158635 0.999865 0.00103067 0.0 0.0 0.0 1.0
redkitchen/seq-05/color/frame-000116.color.png redkitchen/seq-05/color/frame-000118.color.png 0.999911 0.00382871 -0.012743 -0.00333335 -0.00385262 0.999991 -0.00185582 0.00140138 0.0127359 0.00190477 0.999917 -0.0051882 0.0 0.0 0.0 1.0
redkitchen/seq-05/color/frame-000118.color.png redkitchen/seq-05/color/frame-000120.color.png 0.999907 0.00137096 -0.013543 -0.00377326 -0.00131081 0.999989 0.00445286 0.00235081 0.0135488 -0.00443472 0.999898 0.00104804 0.0 0.0 0.0 1.0
redkitchen/seq-05/color/frame-000120.color.png redkitchen/seq-05/color/frame-000122.color.png 0.99995 0.00137151 -0.00990768 -0.0058105 -0.0013248 0.999988 0.00471925 0.00217882 0.00991406 -0.00470586 0.99994 -0.00464891 0.0 0.0 0.0 1.0
redkitchen/seq-05/color/frame-000122.color.png redkitchen/seq-05/color/frame-000124.color.png 0.999843 0.00903778 -0.0152613 -0.00625913 -0.00892677 0.999933 0.00732295 -0.00461043 0.0153265 -0.0071856 0.999857 -0.00445132 0.0 0.0 0.0 1.0
redkitchen/seq-05/color/frame-000124.color.png redkitchen/seq-05/color/frame-000126.color.png 0.999877 0.00436313 -0.0150963 -0.00445001 -0.00433563 0.999989 0.00185791 0.00405738 0.0151041 -0.00179224 0.999884 0.00454852 0.0 0.0 0.0 1.0
redkitchen/seq-05/color/frame-000126.color.png redkitchen/seq-05/color/frame-000128.color.png 0.999915 0.0049192 -0.0120576 -0.0086264 -0.00491429 0.999988 0.000435617 0.00380375 0.0120595 -0.000376303 0.999927 -0.00274648 0.0 0.0 0.0 1.0
redkitchen/seq-05/color/frame-000128.color.png redkitchen/seq-05/color/frame-000130.color.png 0.999757 0.0106144 -0.0192943 -0.00705895 -0.0105869 0.999943 0.00152865 -0.00523762 0.0193093 -0.00132398 0.999813 0.00472471 0.0 0.0 0.0 1.0
redkitchen/seq-05/color/frame-000130.color.png redkitchen/seq-05/color/frame-000132.color.png 0.999918 0.00418391 -0.0120951 -0.00540268 -0.00426071 0.999971 -0.00633485 0.00435752 0.0120683 0.00638588 0.999907 -0.0040044 0.0 0.0 0.0 1.0
redkitchen/seq-05/color/frame-000132.color.png redkitchen/seq-05/color/frame-000134.color.png 0.999777 0.0112071 -0.0179106 -0.00821674 -0.0112778 0.999929 -0.00385181 0.00581028 0.0178663 0.00405291 0.999832 -0.000992581 0.0 0.0 0.0 1.0
redkitchen/seq-05/color/frame-000134.color.png redkitchen/seq-05/color/frame-000136.color.png 0.999689 0.0131418 -0.0212178 -0.00958066 -0.0130643 0.999908 0.00378489 -0.000657871 0.0212655 -0.00350649 0.999768 0.00445534 0.0 0.0 0.0 1.0
redkitchen/seq-05/color/frame-000136.color.png redkitchen/seq-05/color/frame-000138.color.png 0.999725 0.0127186 -0.0197105 -0.00244997 -0.0127717 0.999915 -0.00257047 -0.00484546 0.0196762 0.00282154 0.999802 0.00435375 0.0 0.0 0.0 1.0
redkitchen/seq-05/color/frame-000138.color.png redkitchen/seq-05/color/frame-000140.color.png 0.999612 0.0203869 -0.0189929 -0.00794061 -0.020367 0.999792 0.00124385 -0.0197709 0.0190141 -0.000856534 0.999819 -0.0108591 0.0 0.0 0.0 1.0
redkitchen/seq-05/color/frame-000140.color.png redkitchen/seq-05/color/frame-000142.color.png 0.999647 0.0169545 -0.0204579 -0.00968103 -0.0170981 0.99983 -0.00686828 0.00353449 0.0203381 0.00721566 0.999767 -0.00593069 0.0 0.0 0.0 1.0
redkitchen/seq-05/color/frame-000142.color.png redkitchen/seq-05/color/frame-000144.color.png 0.998428 0.0332442 -0.0451165 -0.0161343 -0.0333528 0.999442 -0.00165844 -0.0100309 0.0450361 0.00316062 0.99898 0.0150015 0.0 0.0 0.0 1.0
redkitchen/seq-05/color/frame-000144.color.png redkitchen/seq-05/color/frame-000146.color.png 0.999663 0.0180925 -0.0186336 -0.0124417 -0.0182707 0.999789 -0.00943707 -0.00208023 0.0184591 0.00977428 0.999782 -0.0171273 0.0 0.0 0.0 1.0
redkitchen/seq-05/color/frame-000146.color.png redkitchen/seq-05/color/frame-000148.color.png 0.999151 0.0199206 -0.036055 -0.0115213 -0.0198622 0.999801 0.00197705 -0.0127329 0.0360871 -0.00125921 0.999348 0.0185882 0.0 0.0 0.0 1.0
redkitchen/seq-05/color/frame-000148.color.png redkitchen/seq-05/color/frame-000150.color.png 0.998854 0.0247845 -0.0409464 -0.0113671 -0.0256596 0.99945 -0.0209874 -0.00145636 0.0404037 0.022014 0.998941 -0.00753932 0.0 0.0 0.0 1.0
redkitchen/seq-05/color/frame-000150.color.png redkitchen/seq-05/color/frame-000152.color.png 0.999058 0.0258328 -0.034877 -0.0106669 -0.0259525 0.999659 -0.00298127 -0.00107591 0.0347881 0.00388355 0.999387 0.0104782 0.0 0.0 0.0 1.0
redkitchen/seq-05/color/frame-000152.color.png redkitchen/seq-05/color/frame-000154.color.png 0.999288 0.024428 -0.0287425 -0.0226011 -0.0246836 0.999659 -0.00857266 -0.00871004 0.0285232 0.00927605 0.99955 0.00513837 0.0 0.0 0.0 1.0
redkitchen/seq-05/color/frame-000154.color.png redkitchen/seq-05/color/frame-000156.color.png 0.9992 0.0180846 -0.0356862 -0.0110158 -0.0193257 0.999209 -0.034747 -0.00836548 0.0350296 0.0354088 0.998759 0.0065424 0.0 0.0 0.0 1.0
redkitchen/seq-05/color/frame-000156.color.png redkitchen/seq-05/color/frame-000158.color.png 0.999752 0.0159502 -0.0155491 -0.00461906 -0.0164401 0.999356 -0.0319004 -0.00429511 0.0150304 0.0321482 0.99937 -0.00380914 0.0 0.0 0.0 1.0
redkitchen/seq-05/color/frame-000158.color.png redkitchen/seq-05/color/frame-000160.color.png 0.999023 0.036243 -0.0252999 -0.0187777 -0.0376685 0.997585 -0.0583476 -0.0132629 0.023124 0.0592435 0.997976 -0.00471361 0.0 0.0 0.0 1.0
redkitchen/seq-05/color/frame-000160.color.png redkitchen/seq-05/color/frame-000162.color.png 0.999736 0.0178971 -0.0144367 -0.00712228 -0.0184671 0.999014 -0.0403727 -0.016488 0.0137 0.0406287 0.99908 -0.0154046 0.0 0.0 0.0 1.0
redkitchen/seq-05/color/frame-000162.color.png redkitchen/seq-05/color/frame-000164.color.png 0.999568 0.0230935 -0.018194 -0.0128311 -0.0237769 0.998984 -0.0382847 -0.0131551 0.0172913 0.0387007 0.999101 -0.00855538 0.0 0.0 0.0 1.0
redkitchen/seq-05/color/frame-000164.color.png redkitchen/seq-05/color/frame-000166.color.png 0.999725 0.0179952 -0.0150169 -0.00862506 -0.0182368 0.999704 -0.0161169 -0.00770232 0.0147224 0.0163863 0.999757 -8.69632e-05 0.0 0.0 0.0 1.0
redkitchen/seq-05/color/frame-000166.color.png redkitchen/seq-05/color/frame-000168.color.png 0.999773 0.0144369 -0.0156509 -0.0109158 -0.0149348 0.999371 -0.032174 -0.00593856 0.0151765 0.0324004 0.99936 -0.00919931 0.0 0.0 0.0 1.0
redkitchen/seq-05/color/frame-000168.color.png redkitchen/seq-05/color/frame-000170.color.png 0.999828 0.0149727 -0.0109435 -0.0109602 -0.0150653 0.999851 -0.00843612 -0.00655693 0.0108156 0.00859953 0.999905 -0.00275829 0.0 0.0 0.0 1.0
redkitchen/seq-05/color/frame-000170.color.png redkitchen/seq-05/color/frame-000172.color.png 0.999912 0.00752043 -0.0109508 -0.00534305 -0.00761164 0.999936 -0.00831082 -0.00842126 0.0108876 0.00839355 0.999905 -0.00038676 0.0 0.0 0.0 1.0
redkitchen/seq-05/color/frame-000172.color.png redkitchen/seq-05/color/frame-000174.color.png 0.999902 0.00351416 -0.0135549 -0.00256419 -0.00370619 0.999893 -0.0141691 -0.00434583 0.0135037 0.0142177 0.999808 0.00201385 0.0 0.0 0.0 1.0
redkitchen/seq-05/color/frame-000174.color.png redkitchen/seq-05/color/frame-000176.color.png 0.99976 0.01161 -0.0185565 -0.0104056 -0.011943 0.999768 -0.0179352 -0.00675251 0.0183439 0.0181527 0.999667 -0.000941515 0.0 0.0 0.0 1.0
redkitchen/seq-05/color/frame-000176.color.png redkitchen/seq-05/color/frame-000178.color.png 0.999969 0.000145869 -0.00784647 -0.0087629 -0.000316146 0.999765 -0.0216999 -0.000349864 0.0078415 0.0217017 0.999734 -0.0122015 0.0 0.0 0.0 1.0
redkitchen/seq-05/color/frame-000178.color.png redkitchen/seq-05/color/frame-000180.color.png 0.999559 0.0208652 -0.0211503 -0.00827488 -0.0215443 0.999242 -0.0324104 -0.0166673 0.020458 0.0328519 0.999251 0.00533327 0.0 0.0 0.0 1.0
redkitchen/seq-05/color/frame-000180.color.png redkitchen/seq-05/color/frame-000182.color.png 0.999295 0.0167485 -0.0336047 -0.012317 -0.0188372 0.997846 -0.0628333 -0.0159121 0.0324799 0.0634219 0.997458 -0.00110015 0.0 0.0 0.0 1.0
redkitchen/seq-05/color/frame-000182.color.png redkitchen/seq-05/color/frame-000184.color.png 0.999759 0.0157974 -0.015258 -0.00799042 -0.016514 0.998709 -0.0480351 -0.0153799 0.0144794 0.0482754 0.998729 -0.0153818 0.0 0.0 0.0 1.0
redkitchen/seq-05/color/frame-000184.color.png redkitchen/seq-05/color/frame-000186.color.png 0.999823 0.014175 -0.0123918 -0.00700015 -0.0147238 0.998861 -0.0453848 -0.00779629 0.0117343 0.0455593 0.998893 -0.011612 0.0 0.0 0.0 1.0
redkitchen/seq-05/color/frame-000186.color.png redkitchen/seq-05/color/frame-000188.color.png 0.99988 0.0148613 -0.00445404 -0.025025 -0.0149783 0.999509 -0.027521 -0.00584093 0.00404294 0.0275844 0.999611 -0.0301227 0.0 0.0 0.0 1.0
redkitchen/seq-05/color/frame-000188.color.png redkitchen/seq-05/color/frame-000190.color.png 0.999792 0.0101809 -0.0176594 -0.00401327 -0.0109093 0.999072 -0.0416548 -0.0116353 0.0172189 0.0418389 0.998976 -0.0101564 0.0 0.0 0.0 1.0
redkitchen/seq-05/color/frame-000190.color.png redkitchen/seq-05/color/frame-000192.color.png 0.99976 0.012522 -0.0179891 -0.0102029 -0.0130435 0.999489 -0.0291694 -0.00553465 0.0176146 0.0293971 0.999413 -0.00245634 0.0 0.0 0.0 1.0
redkitchen/seq-05/color/frame-000192.color.png redkitchen/seq-05/color/frame-000194.color.png 0.999967 0.00479222 -0.0065185 -0.00513798 -0.00487456 0.999908 -0.0126709 -0.00708638 0.00645719 0.0127022 0.999898 -0.00653756 0.0 0.0 0.0 1.0
redkitchen/seq-05/color/frame-000194.color.png redkitchen/seq-05/color/frame-000196.color.png 0.999791 0.0056891 -0.0196246 -0.00451687 -0.0059961 0.99986 -0.0156181 0.00364737 0.019533 0.0157324 0.999686 0.00283188 0.0 0.0 0.0 1.0
redkitchen/seq-05/color/frame-000196.color.png redkitchen/seq-05/color/frame-000198.color.png 0.999991 -0.00125536 -0.00410885 -0.00537762 0.00127614 0.999986 0.00504709 0.000931516 0.00410251 -0.00505226 0.999979 -0.00700516 0.0 0.0 0.0 1.0
redkitchen/seq-05/color/frame-000198.color.png redkitchen/seq-05/color/frame-000200.color.png 0.999895 0.00477764 -0.0136694 -0.00845245 -0.00467292 0.99996 0.00768136 0.00172167 0.0137056 -0.00761663 0.999877 -0.000953019 0.0 0.0 0.0 1.0
redkitchen/seq-05/color/frame-000200.color.png redkitchen/seq-05/color/frame-000202.color.png 0.999969 -0.00430008 -0.00662891 -0.00673956 0.0043537 0.999958 0.00810094 0.0118487 0.00659374 -0.00812959 0.999945 -0.005308 0.0 0.0 0.0 1.0
redkitchen/seq-05/color/frame-000202.color.png redkitchen/seq-05/color/frame-000204.color.png 0.999935 -0.00622189 -0.00961307 -0.00208256 0.00642196 0.999761 0.0209201 0.00957648 0.00948063 -0.0209805 0.999735 0.000782311 0.0 0.0 0.0 1.0
redkitchen/seq-05/color/frame-000204.color.png redkitchen/seq-05/color/frame-000206.color.png 0.999909 -0.000720579 -0.0134486 0.00225994 0.00067423 0.999994 -0.00344998 0.002693 0.013451 0.00344061 0.999904 0.0109581 0.0 0.0 0.0 1.0
redkitchen/seq-05/color/frame-000206.color.png redkitchen/seq-05/color/frame-000208.color.png 0.999902 0.00362929 -0.0135308 -0.00690371 -0.00365311 0.999992 -0.00173564 0.00168324 0.0135244 0.00178491 0.999907 -0.00314391 0.0 0.0 0.0 1.0
redkitchen/seq-05/color/frame-000208.color.png redkitchen/seq-05/color/frame-000210.color.png 0.999864 0.00295942 -0.0161988 -0.00479552 -0.00293188 0.999994 0.0017243 0.00263859 0.0162037 -0.00167673 0.999867 0.00190172 0.0 0.0 0.0 1.0
redkitchen/seq-05/color/frame-000210.color.png redkitchen/seq-05/color/frame-000212.color.png 0.999812 0.0102713 -0.0164513 -0.00161329 -0.0101326 0.999913 0.00848839 -0.00694184 0.0165371 -0.00831999 0.999829 0.0116621 0.0 0.0 0.0 1.0
redkitchen/seq-05/color/frame-000212.color.png redkitchen/seq-05/color/frame-000214.color.png 0.99999 -0.00128044 0.00418241 -0.00979879 0.00126679 0.999994 0.00326863 0.00624226 -0.00418655 -0.00326333 0.999986 -0.0305291 0.0 0.0 0.0 1.0
redkitchen/seq-05/color/frame-000214.color.png redkitchen/seq-05/color/frame-000216.color.png 0.99989 0.00601074 -0.0135586 -0.00434679 -0.00611533 0.999952 -0.00768677 0.00460891 0.0135117 0.00776891 0.999879 0.00231802 0.0 0.0 0.0 1.0
redkitchen/seq-05/color/frame-000216.color.png redkitchen/seq-05/color/frame-000218.color.png 0.999943 -0.0082071 0.00675201 -0.00291863 0.00826488 0.999929 -0.00857712 -0.00625075 -0.00668119 0.00863237 0.99994 -0.0162745 0.0 0.0 0.0 1.0
redkitchen/seq-05/color/frame-000218.color.png redkitchen/seq-05/color/frame-000220.color.png 0.999992 0.00355858 -0.00156835 0.00240418 -0.00356146 0.999992 -0.00185956 -0.00565109 0.00156182 0.0018652 0.999997 -0.00188404 0.0 0.0 0.0 1.0
redkitchen/seq-05/color/frame-000220.color.png redkitchen/seq-05/color/frame-000222.color.png 0.999911 -0.00731694 0.0111238 0.00551048 0.00716616 0.999883 0.0135347 0.00824842 -0.0112215 -0.0134538 0.999846 0.00256845 0.0 0.0 0.0 1.0
redkitchen/seq-05/color/frame-000222.color.png redkitchen/seq-05/color/frame-000224.color.png 0.999733 -0.0163404 0.01635 0.0110296 0.016128 0.999785 0.013041 0.0125287 -0.0165596 -0.0127738 0.999781 -0.0027836 0.0 0.0 0.0 1.0
redkitchen/seq-05/color/frame-000224.color.png redkitchen/seq-05/color/frame-000226.color.png 0.999653 -0.0144689 0.0220008 0.00214517 0.0140629 0.99973 0.0184964 0.00471221 -0.0222624 -0.0181806 0.999587 -0.00160304 0.0 0.0 0.0 1.0
redkitchen/seq-05/color/frame-000226.color.png redkitchen/seq-05/color/frame-000228.color.png 0.99921 -0.0234353 0.0321032 0.0294137 0.0219059 0.998646 0.0471918 0.0258888 -0.0331657 -0.0464513 0.99837 0.00424463 0.0 0.0 0.0 1.0
redkitchen/seq-05/color/frame-000228.color.png redkitchen/seq-05/color/frame-000230.color.png 0.999497 -0.0182344 0.0259295 0.00336808 0.0175101 0.999458 0.0278887 0.0175475 -0.026424 -0.0274206 0.999275 -0.00592393 0.0 0.0 0.0 1.0
redkitchen/seq-05/color/frame-000230.color.png redkitchen/seq-05/color/frame-000232.color.png 0.999623 -0.0173733 0.0212462 0.0183466 0.0168126 0.999513 0.0262927 0.0067125 -0.0216926 -0.0259255 0.999428 0.00639126 0.0 0.0 0.0 1.0
redkitchen/seq-05/color/frame-000232.color.png redkitchen/seq-05/color/frame-000234.color.png 0.998878 -0.0279753 0.0382219 0.00991502 0.0258371 0.998134 0.0553341 0.0305431 -0.0396986 -0.0542845 0.997736 -0.00990495 0.0 0.0 0.0 1.0
redkitchen/seq-05/color/frame-000234.color.png redkitchen/seq-05/color/frame-000236.color.png 0.999514 -0.0187057 0.024928 0.0282212 0.0166116 0.996517 0.0817151 0.0290597 -0.0263697 -0.0812614 0.996344 0.0200422 0.0 0.0 0.0 1.0
redkitchen/seq-05/color/frame-000236.color.png redkitchen/seq-05/color/frame-000238.color.png 0.999833 -0.00841571 0.0162217 0.00145262 0.00765611 0.998897 0.0463309 0.0178768 -0.0165937 -0.0461991 0.998795 0.00833654 0.0 0.0 0.0 1.0
redkitchen/seq-05/color/frame-000238.color.png redkitchen/seq-05/color/frame-000240.color.png 0.999197 -0.0278027 0.0288423 0.00732434 0.0263822 0.998474 0.0485152 0.0225635 -0.0301471 -0.0477153 0.998406 -0.00157842 0.0 0.0 0.0 1.0
redkitchen/seq-05/color/frame-000240.color.png redkitchen/seq-05/color/frame-000242.color.png 0.999496 -0.0255594 0.0188539 0.0214577 0.0243554 0.997808 0.0615354 0.0363243 -0.0203854 -0.0610452 0.997927 0.0100198 0.0 0.0 0.0 1.0
redkitchen/seq-05/color/frame-000242.color.png redkitchen/seq-05/color/frame-000244.color.png 0.998691 -0.0358884 0.0364557 0.0156801 0.0334028 0.997218 0.0666408 0.0292729 -0.0387459 -0.0653358 0.997111 0.0089395 0.0 0.0 0.0 1.0
redkitchen/seq-05/color/frame-000244.color.png redkitchen/seq-05/color/frame-000246.color.png 0.99952 -0.0210846 0.0226892 0.00357094 0.0196797 0.997977 0.0604561 0.0146953 -0.0239181 -0.0599805 0.997913 0.00653586 0.0 0.0 0.0 1.0
redkitchen/seq-05/color/frame-000246.color.png redkitchen/seq-05/color/frame-000248.color.png 0.998994 -0.0345903 0.0285423 0.015129 0.0335291 0.998758 0.0368583 0.0404894 -0.0297817 -0.0358643 0.998913 -0.0145108 0.0 0.0 0.0 1.0
redkitchen/seq-05/color/frame-000248.color.png redkitchen/seq-05/color/frame-000250.color.png 0.999878 -0.0152652 0.00319454 0.0125555 0.0151322 0.999157 0.0381643 0.00987299 -0.0037744 -0.0381113 0.999266 0.0276361 0.0 0.0 0.0 1.0
redkitchen/seq-05/color/frame-000250.color.png redkitchen/seq-05/color/frame-000252.color.png 0.999623 -0.0185416 0.0202515 0.00635126 0.0176209 0.998844 0.0447317 0.0188486 -0.0210576 -0.044358 0.998794 -0.012349 0.0 0.0 0.0 1.0
redkitchen/seq-05/color/frame-000252.color.png redkitchen/seq-05/color/frame-000254.color.png 0.999066 -0.0346565 0.0258105 0.021171 0.0335851 0.998601 0.0408464 0.0306526 -0.02719 -0.0399414 0.998832 0.0155029 0.0 0.0 0.0 1.0
redkitchen/seq-05/color/frame-000254.color.png redkitchen/seq-05/color/frame-000256.color.png 0.999898 -0.00648304 0.0127329 -0.0019705 0.00592911 0.999054 0.0430768 0.0210213 -0.0130001 -0.0429969 0.998991 -0.0176922 0.0 0.0 0.0 1.0
redkitchen/seq-05/color/frame-000256.color.png redkitchen/seq-05/color/frame-000258.color.png 0.99958 -0.0276365 0.00875415 0.0116945 0.0271058 0.998073 0.0558277 0.0147111 -0.0102801 -0.0555669 0.998402 0.0442832 0.0 0.0 0.0 1.0
redkitchen/seq-05/color/frame-000258.color.png redkitchen/seq-05/color/frame-000260.color.png 0.999107 -0.0295722 0.0301707 0.013719 0.0283253 0.998759 0.0409521 0.0190102 -0.0313443 -0.040061 0.998706 -0.00849596 0.0 0.0 0.0 1.0
redkitchen/seq-05/color/frame-000260.color.png redkitchen/seq-05/color/frame-000262.color.png 0.999614 -0.0190077 0.0202896 0.0105849 0.0187294 0.999729 0.013823 0.0116207 -0.0205469 -0.0134376 0.999699 -0.00628659 0.0 0.0 0.0 1.0
redkitchen/seq-05/color/frame-000262.color.png redkitchen/seq-05/color/frame-000264.color.png 0.999878 -0.012678 0.00911992 0.00237292 0.0124869 0.999708 0.0207086 0.00960582 -0.0093798 -0.0205921 0.999744 -0.00419796 0.0 0.0 0.0 1.0
redkitchen/seq-05/color/frame-000264.color.png redkitchen/seq-05/color/frame-000266.color.png 0.999264 -0.0326736 0.0200888 0.0103057 0.0323759 0.999364 0.0149706 0.015347 -0.0205652 -0.0143092 0.999686 -0.0088222 0.0 0.0 0.0 1.0
redkitchen/seq-05/color/frame-000266.color.png redkitchen/seq-05/color/frame-000268.color.png 0.99965 -0.0232628 0.012613 0.00899565 0.0231212 0.999669 0.0112604 0.0116657 -0.0128707 -0.0109649 0.999857 0.00764662 0.0 0.0 0.0 1.0
redkitchen/seq-05/color/frame-000268.color.png redkitchen/seq-05/color/frame-000270.color.png 0.999263 -0.0275651 0.0267199 0.015992 0.0272704 0.999564 0.0113335 0.00852811 -0.0270206 -0.0105965 0.999579 -0.00702527 0.0 0.0 0.0 1.0
redkitchen/seq-05/color/frame-000270.color.png redkitchen/seq-05/color/frame-000272.color.png 0.999531 -0.0215222 0.0217645 0.0177383 0.0212714 0.999705 0.0116902 0.0050849 -0.0220098 -0.0112217 0.999695 -0.0162566 0.0 0.0 0.0 1.0
redkitchen/seq-05/color/frame-000272.color.png redkitchen/seq-05/color/frame-000274.color.png 0.999616 -0.0203535 0.0188139 0.012059 0.0200652 0.99968 0.0153881 0.0123288 -0.0191211 -0.0150046 0.999705 0.0110216 0.0 0.0 0.0 1.0
redkitchen/seq-05/color/frame-000274.color.png redkitchen/seq-05/color/frame-000276.color.png 0.999662 -0.0130738 0.0224882 0.0151656 0.0129721 0.999905 0.00466307 -0.000293314 -0.022547 -0.00436979 0.999736 0.000165671 0.0 0.0 0.0 1.0
redkitchen/seq-05/color/frame-000276.color.png redkitchen/seq-05/color/frame-000278.color.png 0.999704 -0.0147717 0.0193212 0.0157115 0.014651 0.999872 0.00637268 0.001653 -0.0194129 -0.0060877 0.999793 -0.00957456 0.0 0.0 0.0 1.0
redkitchen/seq-05/color/frame-000278.color.png redkitchen/seq-05/color/frame-000280.color.png 0.999741 -0.00839334 0.0211714 0.0137839 0.0085953 0.999918 -0.00946683 -0.00852245 -0.0210903 0.00964635 0.999731 0.00445384 0.0 0.0 0.0 1.0
redkitchen/seq-05/color/frame-000280.color.png redkitchen/seq-05/color/frame-000282.color.png 0.999849 -0.0106498 0.0137587 0.0236539 0.0107164 0.999931 -0.00477462 -0.00331751 -0.0137068 0.00492133 0.999894 0.0104173 0.0 0.0 0.0 1.0
redkitchen/seq-05/color/frame-000282.color.png redkitchen/seq-05/color/frame-000284.color.png 0.999112 -0.0246674 0.0341518 0.0148055 0.0247826 0.999689 -0.00295345 0.00417435 -0.0340683 0.00379721 0.999412 -0.00868607 0.0 0.0 0.0 1.0
redkitchen/seq-05/color/frame-000284.color.png redkitchen/seq-05/color/frame-000286.color.png 0.999776 -0.0114463 0.0178178 0.00902063 0.0113135 0.999908 0.00753299 -0.00192602 -0.0179025 -0.00732972 0.999813 -0.0161948 0.0 0.0 0.0 1.0
redkitchen/seq-05/color/frame-000286.color.png redkitchen/seq-05/color/frame-000288.color.png 0.999326 -0.0292568 0.0221764 0.0308061 0.029318 0.999567 -0.0024386 0.00682535 -0.0220952 0.00308713 0.999751 0.0264624 0.0 0.0 0.0 1.0
redkitchen/seq-05/color/frame-000288.color.png redkitchen/seq-05/color/frame-000290.color.png 0.999407 -0.0207594 0.0274657 0.0290023 0.0204647 0.99973 0.0109689 0.000775993 -0.027686 -0.0104004 0.999563 -0.0102433 0.0 0.0 0.0 1.0
redkitchen/seq-05/color/frame-000290.color.png redkitchen/seq-05/color/frame-000292.color.png 0.99943 -0.0255992 0.0219961 0.0119664 0.0254906 0.999661 0.00520505 0.0146697 -0.0221218 -0.00464139 0.999744 0.00554329 0.0 0.0 0.0 1.0
redkitchen/seq-05/color/frame-000292.color.png redkitchen/seq-05/color/frame-000294.color.png 0.998594 -0.0325617 0.041829 0.0206394 0.0320536 0.999405 0.0127631 0.00589141 -0.0422196 -0.0114043 0.999043 -0.00128628 0.0 0.0 0.0 1.0
redkitchen/seq-05/color/frame-000294.color.png redkitchen/seq-05/color/frame-000296.color.png 0.999204 -0.024499 0.031468 0.0215328 0.0236758 0.999375 0.026269 -0.0165229 -0.0320918 -0.0255031 0.999159 -0.034383 0.0 0.0 0.0 1.0
redkitchen/seq-05/color/frame-000296.color.png redkitchen/seq-05/color/frame-000298.color.png 0.999889 -0.0148675 0.000466279 0.00318654 0.0148679 0.999889 -0.000728188 0.0232997 -0.000455421 0.000735087 1.0 0.03354 0.0 0.0 0.0 1.0
redkitchen/seq-05/color/frame-000298.color.png redkitchen/seq-05/color/frame-000300.color.png 0.999258 -0.0255945 0.0287673 0.0224862 0.0253689 0.999645 0.00817774 0.00175912 -0.0289664 -0.00744189 0.999553 -0.0066601 0.0 0.0 0.0 1.0
redkitchen/seq-05/color/frame-000300.color.png redkitchen/seq-05/color/frame-000302.color.png 0.999891 -0.0132154 0.00653331 0.0108043 0.0131538 0.99987 0.00937598 5.804e-06 -0.00665644 -0.00928904 0.999935 0.00178918 0.0 0.0 0.0 1.0
redkitchen/seq-05/color/frame-000302.color.png redkitchen/seq-05/color/frame-000304.color.png 0.999592 -0.0162207 0.0235011 0.004287 0.0160156 0.999832 0.00888571 -0.00717197 -0.0236413 -0.00850567 0.999684 -0.0250522 0.0 0.0 0.0 1.0
redkitchen/seq-05/color/frame-000304.color.png redkitchen/seq-05/color/frame-000306.color.png 0.999805 -0.0153843 0.0124074 0.0084433 0.0154177 0.999878 -0.00259748 0.0199389 -0.0123658 0.00278828 0.99992 0.026432 0.0 0.0 0.0 1.0
redkitchen/seq-05/color/frame-000306.color.png redkitchen/seq-05/color/frame-000308.color.png 0.999495 -0.0195203 0.0250794 0.0198027 0.0191808 0.999722 0.0137057 -0.0069316 -0.02534 -0.0132177 0.999591 -0.0193392 0.0 0.0 0.0 1.0
redkitchen/seq-05/color/frame-000308.color.png redkitchen/seq-05/color/frame-000310.color.png 0.99986 -0.00892378 0.0141414 0.00486024 0.00896962 0.999955 -0.0031805 0.00909443 -0.0141124 0.00330693 0.999895 0.00991887 0.0 0.0 0.0 1.0
redkitchen/seq-05/color/frame-000310.color.png redkitchen/seq-05/color/frame-000312.color.png 0.999639 -0.0105906 0.0246752 0.0148936 0.0105628 0.999943 0.00125935 -0.0109436 -0.0246872 -0.000998276 0.999695 -0.0112708 0.0 0.0 0.0 1.0
redkitchen/seq-05/color/frame-000312.color.png redkitchen/seq-05/color/frame-000314.color.png 0.999764 -0.00784285 0.0202751 -0.0049285 0.00817732 0.999831 -0.0164641 0.016262 -0.0201426 0.016626 0.999659 -0.00786054 0.0 0.0 0.0 1.0
redkitchen/seq-05/color/frame-000314.color.png redkitchen/seq-05/color/frame-000316.color.png 0.99991 -0.00143319 0.0133171 0.021542 0.00133663 0.999973 0.00725309 -0.0229283 -0.013327 -0.00723466 0.999885 0.0030372 0.0 0.0 0.0 1.0
redkitchen/seq-05/color/frame-000316.color.png redkitchen/seq-05/color/frame-000318.color.png 0.999725 -0.0102174 0.0211241 0.00121517 0.0107255 0.999653 -0.0240829 0.0177806 -0.0208708 0.0243029 0.999487 0.00927429 0.0 0.0 0.0 1.0
redkitchen/seq-05/color/frame-000318.color.png redkitchen/seq-05/color/frame-000320.color.png 0.999508 0.0179353 0.02572 0.0162518 -0.0174665 0.999679 -0.0183361 -0.0386369 -0.0260406 0.0178778 0.999501 -0.0113302 0.0 0.0 0.0 1.0
redkitchen/seq-05/color/frame-000320.color.png redkitchen/seq-05/color/frame-000322.color.png 0.99984 0.00791756 0.0160147 -0.000909224 -0.00753251 0.999685 -0.0239604 0.00617515 -0.0161994 0.0238359 0.999585 0.00344126 0.0 0.0 0.0 1.0
redkitchen/seq-05/color/frame-000322.color.png redkitchen/seq-05/color/frame-000324.color.png 0.999886 0.0125073 0.00849627 0.00908183 -0.012422 0.999873 -0.0100304 -0.0217529 -0.00862059 0.00992369 0.999914 -0.00194108 0.0 0.0 0.0 1.0
redkitchen/seq-05/color/frame-000324.color.png redkitchen/seq-05/color/frame-000326.color.png 0.999688 0.023587 0.00821517 0.0050444 -0.0234599 0.999609 -0.0152273 -0.0251706 -0.00857114 0.0150298 0.99985 0.00439245 0.0 0.0 0.0 1.0
redkitchen/seq-05/color/frame-000326.color.png redkitchen/seq-05/color/frame-000328.color.png 0.998809 0.0480908 -0.0082754 1.71214e-05 -0.0482559 0.998613 -0.0210628 -0.0431571 0.007251 0.021437 0.999744 0.00256298 0.0 0.0 0.0 1.0
redkitchen/seq-05/color/frame-000328.color.png redkitchen/seq-05/color/frame-000330.color.png 0.998038 0.062593 -0.00133135 -0.00940511 -0.0625783 0.996707 -0.0515738 0.000562958 -0.00190108 0.051556 0.998668 -0.000631541 0.0 0.0 0.0 1.0
redkitchen/seq-05/color/frame-000330.color.png redkitchen/seq-05/color/frame-000332.color.png 0.999208 0.0397904 -0.000211256 -0.00336769 -0.0397851 0.998954 -0.0225391 -0.0290602 -0.000685856 0.0225296 0.999746 -0.00530834 0.0 0.0 0.0 1.0
redkitchen/seq-05/color/frame-000332.color.png redkitchen/seq-05/color/frame-000334.color.png 0.998944 0.0432104 -0.015626 -0.00647001 -0.0435184 0.998854 -0.0199383 -0.0190858 0.0147465 0.0205973 0.999679 0.000690103 0.0 0.0 0.0 1.0
redkitchen/seq-05/color/frame-000334.color.png redkitchen/seq-05/color/frame-000336.color.png 0.998882 0.0462501 -0.00974464 -0.00508037 -0.0464013 0.998796 -0.0159086 -0.0172533 0.00899723 0.0163431 0.999826 -0.00333515 0.0 0.0 0.0 1.0
redkitchen/seq-05/color/frame-000336.color.png redkitchen/seq-05/color/frame-000338.color.png 0.997772 0.0634461 -0.0206283 -0.00416271 -0.0639341 0.997667 -0.0239251 -0.0115334 0.0190622 0.0251907 0.999501 0.00965613 0.0 0.0 0.0 1.0
