redkitchen/seq-05/color/frame-000000.color.png redkitchen/seq-05/color/frame-000001.color.png 0.999999 0.00103507 0.00109575 -0.00229766 -0.00103524 1.0 0.000153409 -0.000575259 -0.00109559 -0.000154543 0.999999 0.0006326 0.0 0.0 0.0 1.0
redkitchen/seq-05/color/frame-000001.color.png redkitchen/seq-05/color/frame-000002.color.png 0.999999 0.00106231 0.000699908 0.000118793 -0.00106131 0.999998 -0.00143724 0.00186406 -0.000701434 0.0014365 0.999999 0.000442822 0.0 0.0 0.0 1.0
redkitchen/seq-05/color/frame-000002.color.png redkitchen/seq-05/color/frame-000003.color.png 0.999998 -0.00180236 -0.000606338 0.00112123 0.00180092 0.999996 -0.00236184 0.00303474 0.000610592 0.00236074 0.999997 0.000210045 0.0 0.0 0.0 1.0
redkitchen/seq-05/color/frame-000003.color.png redkitchen/seq-05/color/frame-000004.color.png 1.0 -8.26567e-05 -0.000777402 0.000345662 8.36409e-05 0.999999 0.00126611 -0.00345785 0.000777297 -0.00126618 0.999999 -0.000598723 0.0 0.0 0.0 1.0
redkitchen/seq-05/color/frame-000004.color.png redkitchen/seq-05/color/frame-000005.color.png 0.999998 0.000993425 0.00158649 -0.00253917 -0.000995014 0.999999 0.00100125 -0.00111158 -0.00158549 -0.00100283 0.999998 0.00043662 0.0 0.0 0.0 1.0
redkitchen/seq-05/color/frame-000005.color.png redkitchen/seq-05/color/frame-000006.color.png 0.999998 -0.00204978 -0.000539825 0.00140857 0.00204876 0.999996 -0.00189128 0.00332692 0.0005437 0.00189017 0.999998 0.00105349 0.0 0.0 0.0 1.0
redkitchen/seq-05/color/frame-000006.color.png redkitchen/seq-05/color/frame-000007.color.png 0.999999 -0.00146022 -0.000262661 -1.32004e-05 0.00146044 0.999999 0.000837713 -0.00290586 0.000261438 -0.000838096 1.0 -0.000636354 0.0 0.0 0.0 1.0
redkitchen/seq-05/color/frame-000007.color.png redkitchen/seq-05/color/frame-000008.color.png 1.0 0.000109562 0.000771291 0.000102322 -0.000110817 0.999999 0.00162677 -0.00221789 -0.000771111 -0.00162685 0.999998 0.000769227 0.0 0.0 0.0 1.0
redkitchen/seq-05/color/frame-000008.color.png redkitchen/seq-05/color/frame-000009.color.png 0.999999 -0.00049139 0.00163255 0.000419919 0.000496099 0.999996 -0.00288568 0.00570436 -0.00163113 0.00288649 0.999994 0.000671215 0.0 0.0 0.0 1.0
redkitchen/seq-05/color/frame-000009.color.png redkitchen/seq-05/color/frame-000010.color.png 1.0 -0.000806849 0.000379149 0.000515297 0.000806816 1.0 8.67858e-05 -0.00186117 -0.000379218 -8.64803e-05 1.0 -0.000616403 0.0 0.0 0.0 1.0
redkitchen/seq-05/color/frame-000010.color.png redkitchen/seq-05/color/frame-000011.color.png 0.999997 0.000566775 -0.00225414 0.00407948 -0.00056018 0.999995 0.00292505 -0.00470704 0.00225579 -0.00292377 0.999993 -0.000218293 0.0 0.0 0.0 1.0
redkitchen/seq-05/color/frame-000011.color.png redkitchen/seq-05/color/frame-000012.color.png 0.999993 -0.00118272 0.00341474 -0.00599643 0.00118984 0.999997 -0.00208445 0.00411898 -0.00341227 0.0020885 0.999992 0.00166348 0.0 0.0 0.0 1.0
redkitchen/seq-05/color/frame-000012.color.png redkitchen/seq-05/color/frame-000013.color.png 0.999999 0.000188614 0.0011649 0.00115376 -0.000188503 1.0 -9.56532e-05 -0.00208403 -0.00116492 9.54342e-05 0.999999 -0.000179951 0.0 0.0 0.0 1.0
redkitchen/seq-05/color/frame-000013.color.png redkitchen/seq-05/color/frame-000014.color.png 0.999997 -0.00215005 -0.00125399 0.00291745 0.00215021 0.999998 0.000131906 0.000611276 0.0012537 -0.000134603 0.999999 -0.00194916 0.0 0.0 0.0 1.0
redkitchen/seq-05/color/frame-000014.color.png redkitchen/seq-05/color/frame-000015.color.png 0.999982 -0.00384336 -0.0045259 0.00414372 0.00383692 0.999992 -0.00143105 0.00570128 0.00453136 0.00141366 0.999989 -0.00130168 0.0 0.0 0.0 1.0
redkitchen/seq-05/color/frame-000015.color.png redkitchen/seq-05/color/frame-000016.color.png 0.999995 0.000668043 -0.00309764 -0.00165452 -0.000665779 1.0 0.000731732 -0.000222981 0.00309813 -0.000729666 0.999995 0.00116769 0.0 0.0 0.0 1.0
redkitchen/seq-05/color/frame-000016.color.png redkitchen/seq-05/color/frame-000017.color.png 0.999994 0.00147495 -0.00305516 0.000238963 -0.00146995 0.999998 0.00163875 -0.00294358 0.00305757 -0.00163425 0.999994 -0.000369289 0.0 0.0 0.0 1.0
redkitchen/seq-05/color/frame-000017.color.png redkitchen/seq-05/color/frame-000018.color.png 0.999986 -0.000776188 -0.00528689 0.00274084 0.000774096 1.0 -0.000397749 0.00205693 0.0052872 0.000393651 0.999986 -0.00256537 0.0 0.0 0.0 1.0
redkitchen/seq-05/color/frame-000018.color.png redkitchen/seq-05/color/frame-000019.color.png 0.99997 -0.000477007 -0.00774347 0.00179639 0.000464017 0.999998 -0.00167926 0.00508406 0.00774426 0.00167561 0.999969 -0.00288419 0.0 0.0 0.0 1.0
redkitchen/seq-05/color/frame-000019.color.png redkitchen/seq-05/color/frame-000020.color.png 0.999968 0.00400669 -0.00698 -0.00152664 -0.00401255 0.999992 -0.000825535 -0.00120999 0.00697663 0.000853516 0.999975 0.00113577 0.0 0.0 0.0 1.0
redkitchen/seq-05/color/frame-000020.color.png redkitchen/seq-05/color/frame-000021.color.png 0.999993 0.00363177 0.000345933 -0.00675009 -0.00363224 0.999992 0.00137808 -0.0055813 -0.000340928 -0.00137932 0.999999 0.000426663 0.0 0.0 0.0 1.0
redkitchen/seq-05/color/frame-000021.color.png redkitchen/seq-05/color/frame-000022.color.png 0.999997 -0.000743721 -0.00220962 0.000590828 0.000748298 0.999997 0.00207086 -0.00430529 0.00220808 -0.00207251 0.999995 -0.0023486 0.0 0.0 0.0 1.0
redkitchen/seq-05/color/frame-000022.color.png redkitchen/seq-05/color/frame-000023.color.png 0.999965 -0.00271176 -0.00788757 0.00303516 0.00267593 0.999986 -0.00454895 0.0103449 0.0078998 0.00452768 0.999959 -0.00425553 0.0 0.0 0.0 1.0
redkitchen/seq-05/color/frame-000023.color.png redkitchen/seq-05/color/frame-000024.color.png 0.999969 0.00266346 -0.00747207 -0.00281869 -0.00265763 0.999996 0.000789879 -0.00327391 0.00747414 -0.000769998 0.999972 0.00143734 0.0 0.0 0.0 1.0
redkitchen/seq-05/color/frame-000024.color.png redkitchen/seq-05/color/frame-000025.color.png 0.999986 0.00241126 -0.0046643 -0.00156507 -0.00238243 0.999978 0.00617523 -0.0100715 0.00467909 -0.00616403 0.99997 -0.00356544 0.0 0.0 0.0 1.0
redkitchen/seq-05/color/frame-000025.color.png redkitchen/seq-05/color/frame-000026.color.png 0.999974 0.000161627 -0.00714433 0.00130469 -0.000156695 1.0 0.000690833 0.00307238 0.00714443 -0.000689696 0.999974 -0.000948312 0.0 0.0 0.0 1.0
redkitchen/seq-05/color/frame-000026.color.png redkitchen/seq-05/color/frame-000027.color.png 0.999951 0.00131901 -0.00979244 0.00285991 -0.00131519 0.999999 0.000396152 0.000703525 0.00979295 -0.000383254 0.999952 -0.00144383 0.0 0.0 0.0 1.0
redkitchen/seq-05/color/frame-000027.color.png redkitchen/seq-05/color/frame-000028.color.png 0.999982 0.000760605 -0.00594164 -0.0051044 -0.000774482 0.999997 -0.00233358 0.0046955 0.00593986 0.00233814 0.999979 -0.00140421 0.0 0.0 0.0 1.0
redkitchen/seq-05/color/frame-000028.color.png redkitchen/seq-05/color/frame-000029.color.png 0.99995 0.00263416 -0.0096021 0.000406863 -0.00263397 0.999997 3.19753e-05 0.000744283 0.00960214 -6.68205e-06 0.999954 -0.00473053 0.0 0.0 0.0 1.0
redkitchen/seq-05/color/frame-000029.color.png redkitchen/seq-05/color/frame-000030.color.png 0.999947 0.00578541 -0.00853374 -0.00180009 -0.00573453 0.999966 0.00597478 -0.00869562 0.008568 -0.00592552 0.999946 1.27405e-06 0.0 0.0 0.0 1.0
redkitchen/seq-05/color/frame-000030.color.png redkitchen/seq-05/color/frame-000031.color.png 0.99997 0.00442095 -0.00632173 -0.00347109 -0.0044341 0.999988 -0.00206827 0.00547267 0.0063125 0.00209624 0.999978 0.000311041 0.0 0.0 0.0 1.0
redkitchen/seq-05/color/frame-000031.color.png redkitchen/seq-05/color/frame-000032.color.png 0.999989 0.00200741 -0.00431605 -0.00781893 -0.00203116 0.999983 -0.00550722 0.00559617 0.00430494 0.00551593 0.999976 0.00097017 0.0 0.0 0.0 1.0
redkitchen/seq-05/color/frame-000032.color.png redkitchen/seq-05/color/frame-000033.color.png 0.999954 0.00487298 -0.00824527 -0.000968538 -0.00487643 0.999988 -0.000398566 -0.00555922 0.00824324 0.000438755 0.999966 -0.0045253 0.0 0.0 0.0 1.0
redkitchen/seq-05/color/frame-000033.color.png redkitchen/seq-05/color/frame-000034.color.png 1.0 -0.000715007 0.000442853 -0.000819637 0.000714937 1.0 0.00016632 -0.000309406 -0.000443002 -0.000166003 1.0 0.000403073 0.0 0.0 0.0 1.0
redkitchen/seq-05/color/frame-000034.color.png redkitchen/seq-05/color/frame-000035.color.png 0.999947 0.00388856 -0.0094888 -0.000121388 -0.00385746 0.999987 0.0032942 -0.00536021 0.00950152 -0.00325743 0.99995 -0.00196251 0.0 0.0 0.0 1.0
redkitchen/seq-05/color/frame-000035.color.png redkitchen/seq-05/color/frame-000036.color.png 0.99996 0.00286216 -0.00851774 -0.0036821 -0.00283411 0.99999 0.0033034 -0.00328656 0.00852712 -0.00327913 0.999958 -0.000421239 0.0 0.0 0.0 1.0
redkitchen/seq-05/color/frame-000036.color.png redkitchen/seq-05/color/frame-000037.color.png 0.999957 0.00441855 -0.00814893 -0.00265369 -0.00441531 0.99999 0.000414735 5.58891e-05 0.00815066 -0.000378737 0.999967 -0.00236415 0.0 0.0 0.0 1.0
redkitchen/seq-05/color/frame-000037.color.png redkitchen/seq-05/color/frame-000038.color.png 0.999956 0.00396432 -0.00845335 -0.000530511 -0.0039703 0.999992 -0.000689052 0.00172255 0.00845054 0.000722585 0.999964 -0.00288894 0.0 0.0 0.0 1.0
redkitchen/seq-05/color/frame-000038.color.png redkitchen/seq-05/color/frame-000039.color.png 0.999981 0.000689028 -0.00613148 -0.00717514 -0.000699611 0.999998 -0.00172418 0.00566051 0.00613027 0.00172844 0.99998 -0.00121467 0.0 0.0 0.0 1.0
redkitchen/seq-05/color/frame-000039.color.png redkitchen/seq-05/color/frame-000040.color.png 0.999924 0.00443422 -0.0115358 -0.000969382 -0.00441798 0.999989 0.00143308 -0.00213387 0.011542 -0.00138201 0.999932 -0.00156478 0.0 0.0 0.0 1.0
redkitchen/seq-05/color/frame-000040.color.png redkitchen/seq-05/color/frame-000041.color.png 1.0 0.000196904 -0.000869994 0.00174247 -0.000196645 1.0 0.000283504 -0.000637335 0.000870075 -0.000283332 1.0 0.000575222 0.0 0.0 0.0 1.0
redkitchen/seq-05/color/frame-000041.color.png redkitchen/seq-05/color/frame-000042.color.png 0.999931 0.0089107 -0.00757861 -0.00352962 -0.00893292 0.999956 -0.00290231 0.0021827 0.00755238 0.00296981 0.999967 -0.000730455 0.0 0.0 0.0 1.0
redkitchen/seq-05/color/frame-000042.color.png redkitchen/seq-05/color/frame-000043.color.png 0.999999 0.00154973 -0.000733361 -0.0101599 -0.00155222 0.999993 -0.00340569 0.00656274 0.000728029 0.00340682 0.999994 -0.00552245 0.0 0.0 0.0 1.0
redkitchen/seq-05/color/frame-000043.color.png redkitchen/seq-05/color/frame-000044.color.png 0.999982 0.00145647 -0.00585175 -0.00273971 -0.00144952 0.999998 0.00119086 0.000311042 0.0058535 -0.00118235 0.999982 -0.00208696 0.0 0.0 0.0 1.0
redkitchen/seq-05/color/frame-000044.color.png redkitchen/seq-05/color/frame-000045.color.png 0.999953 0.00133449 -0.00960179 0.000270106 -0.00129966 0.999993 0.00363295 -0.00287129 0.00960659 -0.0036203 0.999947 0.00150909 0.0 0.0 0.0 1.0
redkitchen/seq-05/color/frame-000045.color.png redkitchen/seq-05/color/frame-000046.color.png 0.999963 0.00217125 -0.00831473 -0.000180949 -0.00215545 0.999996 0.00190959 0.00109752 0.00831881 -0.00189159 0.999964 -0.00181592 0.0 0.0 0.0 1.0
redkitchen/seq-05/color/frame-000046.color.png redkitchen/seq-05/color/frame-000047.color.png 0.99996 -3.63463e-05 -0.00889439 4.66667e-05 7.99112e-05 0.999988 0.00489677 -0.000866128 0.00889414 -0.00489729 0.999948 0.00106371 0.0 0.0 0.0 1.0
redkitchen/seq-05/color/frame-000047.color.png redkitchen/seq-05/color/frame-000048.color.png 1.0 -0.000108887 0.000185724 -0.000327054 0.000108892 1.0 -5.38721e-05 0.000171084 -0.000185725 5.38919e-05 1.0 -0.000173442 0.0 0.0 0.0 1.0
redkitchen/seq-05/color/frame-000048.color.png redkitchen/seq-05/color/frame-000049.color.png 0.999974 0.000371025 -0.00725603 -0.00153327 -0.000378066 0.999999 -0.000968951 0.0046832 0.00725573 0.000971668 0.999973 -0.00174315 0.0 0.0 0.0 1.0
redkitchen/seq-05/color/frame-000049.color.png redkitchen/seq-05/color/frame-000050.color.png 0.999982 0.00276008 -0.00530146 -0.00420391 -0.0027635 0.999996 -0.000639948 0.00298447 0.00529961 0.000654592 0.999986 0.000266314 0.0 0.0 0.0 1.0
redkitchen/seq-05/color/frame-000050.color.png redkitchen/seq-05/color/frame-000051.color.png 0.999978 0.00391267 -0.00526419 -0.004001 -0.00391784 0.999992 -0.000971059 0.00220106 0.00526034 0.000991664 0.999986 -0.00168726 0.0 0.0 0.0 1.0
redkitchen/seq-05/color/frame-000051.color.png redkitchen/seq-05/color/frame-000052.color.png 0.999971 0.00408902 -0.00639746 0.00047949 -0.00406836 0.999987 0.00323827 -0.00517877 0.00641066 -0.00321215 0.999974 -0.00129948 0.0 0.0 0.0 1.0
redkitchen/seq-05/color/frame-000052.color.png redkitchen/seq-05/color/frame-000053.color.png 0.999977 0.00232563 -0.00642117 -0.00262723 -0.00232642 0.999997 -0.000115573 0.00306388 0.00642088 0.000130508 0.999979 0.00145439 0.0 0.0 0.0 1.0
redkitchen/seq-05/color/frame-000053.color.png redkitchen/seq-05/color/frame-000054.color.png 0.999932 0.00574539 -0.0101195 0.00196907 -0.00572843 0.999982 0.00170496 -0.000311742 0.0101292 -0.00164688 0.999947 0.000216868 0.0 0.0 0.0 1.0
redkitchen/seq-05/color/frame-000054.color.png redkitchen/seq-05/color/frame-000055.color.png 0.999995 0.00224445 -0.00206499 -0.0118172 -0.00224755 0.999996 -0.00150238 0.0054095 0.00206158 0.00150701 0.999997 -0.00239234 0.0 0.0 0.0 1.0
redkitchen/seq-05/color/frame-000055.color.png redkitchen/seq-05/color/frame-000056.color.png 1.0 -1.12731e-05 -0.000336642 0.000581212 1.136e-05 1.0 0.000255791 -0.000416527 0.000336686 -0.000255801 1.0 0.000305988 0.0 0.0 0.0 1.0
redkitchen/seq-05/color/frame-000056.color.png redkitchen/seq-05/color/frame-000057.color.png 0.999979 0.00178473 -0.00615739 -0.00218209 -0.00179261 0.999998 -0.00126928 0.00351469 0.00615509 0.00128028 0.99998 -0.00241591 0.0 0.0 0.0 1.0
redkitchen/seq-05/color/frame-000057.color.png redkitchen/seq-05/color/frame-000058.color.png 0.999944 0.00360417 -0.00990245 0.000227537 -0.00357229 0.999988 0.00323211 -0.0035767 0.00991398 -0.00319655 0.999946 0.00241312 0.0 0.0 0.0 1.0
redkitchen/seq-05/color/frame-000058.color.png redkitchen/seq-05/color/frame-000059.color.png 0.99995 0.00482431 -0.0087536 -0.00380913 -0.00482412 0.999988 4.23248e-05 0.00179689 0.00875372 -8.89082e-08 0.999962 -0.00195706 0.0 0.0 0.0 1.0
redkitchen/seq-05/color/frame-000059.color.png redkitchen/seq-05/color/frame-000060.color.png 0.999981 0.00297062 -0.00546686 -0.00575871 -0.00297789 0.999995 -0.00132275 0.00342077 0.00546289 0.001339 0.999984 -0.00153061 0.0 0.0 0.0 1.0
redkitchen/seq-05/color/frame-000060.color.png redkitchen/seq-05/color/frame-000061.color.png 0.999969 0.00334059 -0.00717366 0.000783235 -0.00332408 0.999992 0.00231284 -0.00184851 0.0071813 -0.00228892 0.999972 -0.000176482 0.0 0.0 0.0 1.0
redkitchen/seq-05/color/frame-000061.color.png redkitchen/seq-05/color/frame-000062.color.png 0.999911 0.00723528 -0.0111788 0.00356232 -0.00716357 0.999954 0.00644361 -0.00562222 0.0112249 -0.00636295 0.999917 0.00240994 0.0 0.0 0.0 1.0
redkitchen/seq-05/color/frame-000062.color.png redkitchen/seq-05/color/frame-000063.color.png 1.0 -8.21746e-05 0.000595273 -0.001063 8.22164e-05 1.0 -5.49691e-05 2.14335e-05 -0.000595255 5.50155e-05 1.0 -0.00011339 0.0 0.0 0.0 1.0
redkitchen/seq-05/color/frame-000063.color.png redkitchen/seq-05/color/frame-000064.color.png 0.999976 0.00191521 -0.00669157 -0.00804039 -0.00192432 0.999997 -0.00135556 0.0102795 0.00668895 0.00136841 0.999977 -0.00178371 0.0 0.0 0.0 1.0
redkitchen/seq-05/color/frame-000064.color.png redkitchen/seq-05/color/frame-000065.color.png 0.999986 -0.000839458 -0.00529858 -0.00544389 0.000854235 0.999996 0.00278959 8.79969e-05 0.00529617 -0.00279407 0.999982 -0.000812437 0.0 0.0 0.0 1.0
redkitchen/seq-05/color/frame-000065.color.png redkitchen/seq-05/color/frame-000066.color.png 0.999955 0.000868283 -0.00941241 0.00150424 -0.000828651 0.999991 0.00421169 -0.00232068 0.00941591 -0.00420369 0.999947 0.00353256 0.0 0.0 0.0 1.0
redkitchen/seq-05/color/frame-000066.color.png redkitchen/seq-05/color/frame-000067.color.png 0.999959 0.00193112 -0.00884842 -0.000878222 -0.00194735 0.999996 -0.00181947 0.00444621 0.00884491 0.00183662 0.999959 0.00177648 0.0 0.0 0.0 1.0
redkitchen/seq-05/color/frame-000067.color.png redkitchen/seq-05/color/frame-000068.color.png 0.999983 0.00368597 -0.00443912 -0.00427485 -0.00370822 0.999981 -0.00501569 0.00536532 0.00442066 0.00503207 0.999978 -0.00231705 0.0 0.0 0.0 1.0
redkitchen/seq-05/color/frame-000068.color.png redkitchen/seq-05/color/frame-000069.color.png 0.999986 0.00291936 -0.00444418 -0.00422975 -0.00291154 0.999994 0.0017657 -0.00385626 0.00444926 -0.00175273 0.999989 -0.000936069 0.0 0.0 0.0 1.0
redkitchen/seq-05/color/frame-000069.color.png redkitchen/seq-05/color/frame-000070.color.png 0.999961 0.00371165 -0.00803149 -0.00238934 -0.00370562 0.999993 0.000760657 -0.000884317 0.00803422 -0.000730857 0.999968 -0.000380341 0.0 0.0 0.0 1.0
redkitchen/seq-05/color/frame-000070.color.png redkitchen/seq-05/color/frame-000071.color.png 0.999964 0.00275316 -0.00808002 -0.00128891 -0.00273911 0.999995 0.00175238 0.000129307 0.0080848 -0.00173019 0.999966 -0.00190452 0.0 0.0 0.0 1.0
redkitchen/seq-05/color/frame-000071.color.png redkitchen/seq-05/color/frame-000072.color.png 1.0 -7.1603e-05 0.000366149 -0.000615515 7.15351e-05 1.0 0.000153642 -0.000324044 -0.000366212 -0.000153613 1.0 -0.000463799 0.0 0.0 0.0 1.0
redkitchen/seq-05/color/frame-000072.color.png redkitchen/seq-05/color/frame-000073.color.png 0.999968 0.0030456 -0.00739737 -0.00350472 -0.00304288 0.999995 0.000375242 -3.88548e-06 0.00739848 -0.000352727 0.999973 0.000867527 0.0 0.0 0.0 1.0
redkitchen/seq-05/color/frame-000073.color.png redkitchen/seq-05/color/frame-000074.color.png 0.999966 0.00286674 -0.00772355 -0.00146209 -0.00288019 0.999994 -0.00172908 0.0013059 0.00771864 0.00175126 0.999969 0.00162474 0.0 0.0 0.0 1.0
redkitchen/seq-05/color/frame-000074.color.png redkitchen/seq-05/color/frame-000075.color.png 0.999988 -0.000929983 -0.00485231 -0.00684656 0.000913564 0.999994 -0.00337981 0.00787537 0.00485548 0.00337533 0.999982 -0.00373094 0.0 0.0 0.0 1.0
redkitchen/seq-05/color/frame-000075.color.png redkitchen/seq-05/color/frame-000076.color.png 0.999932 0.0047504 -0.0106431 0.00178111 -0.00471773 0.999984 0.00309171 -0.00624495 0.0106576 -0.00304129 0.999939 0.000700697 0.0 0.0 0.0 1.0
redkitchen/seq-05/color/frame-000076.color.png redkitchen/seq-05/color/frame-000077.color.png 0.999983 0.00318203 -0.00490016 -0.0056758 -0.00319944 0.999989 -0.00354538 0.00430596 0.00488879 0.00356101 0.999982 -0.00174779 0.0 0.0 0.0 1.0
redkitchen/seq-05/color/frame-000077.color.png redkitchen/seq-05/color/frame-000078.color.png 0.999963 0.00224742 -0.00834078 0.00346629 -0.00224543 0.999997 0.000250112 -0.00227474 0.00834127 -0.000231376 0.999965 0.000535212 0.0 0.0 0.0 1.0
redkitchen/seq-05/color/frame-000078.color.png redkitchen/seq-05/color/frame-000079.color.png 0.99997 0.000864616 -0.00771528 0.000137568 -0.000855711 0.999999 0.00115313 0.000136618 0.00771633 -0.0011465 0.999969 0.00192607 0.0 0.0 0.0 1.0
redkitchen/seq-05/color/frame-000079.color.png redkitchen/seq-05/color/frame-000080.color.png 0.999983 -0.00216074 0.00531258 -0.023962 0.00221626 0.999943 -0.0104663 0.0233606 -0.00528977 0.0104779 0.999931 -0.0142422 0.0 0.0 0.0 1.0
redkitchen/seq-05/color/frame-000080.color.png redkitchen/seq-05/color/frame-000081.color.png 0.999975 0.00232414 -0.00672268 -0.000589393 -0.00233377 0.999996 -0.00142039 0.00150486 0.00671946 0.00143603 0.999976 -0.000359118 0.0 0.0 0.0 1.0
redkitchen/seq-05/color/frame-000081.color.png redkitchen/seq-05/color/frame-000082.color.png 0.999996 0.000630175 -0.00268025 -0.00520283 -0.000626591 0.999999 0.00133177 -0.00229918 0.00268098 -0.00133009 0.999996 -0.00405543 0.0 0.0 0.0 1.0
redkitchen/seq-05/color/frame-000082.color.png redkitchen/seq-05/color/frame-000083.color.png 0.999969 0.00242894 -0.00750335 -0.000258572 -0.00242835 0.999997 8.95275e-05 0.00298205 0.00750358 -7.12966e-05 0.999972 0.00231189 0.0 0.0 0.0 1.0
redkitchen/seq-05/color/frame-000083.color.png redkitchen/seq-05/color/frame-000084.color.png 0.999973 0.00288021 -0.00681347 -0.00250085 -0.00287788 0.999996 0.000353887 4.25726e-05 0.00681441 -0.000334275 0.999977 0.00195132 0.0 0.0 0.0 1.0
redkitchen/seq-05/color/frame-000084.color.png redkitchen/seq-05/color/frame-000085.color.png 0.999991 0.00231656 -0.00357825 -0.00214605 -0.00232109 0.999997 -0.00126416 -0.000458114 0.00357541 0.00127244 0.999993 -0.00252785 0.0 0.0 0.0 1.0
redkitchen/seq-05/color/frame-000085.color.png redkitchen/seq-05/color/frame-000086.color.png 0.99999 0.00207298 -0.00409297 -0.00202222 -0.00207659 0.999997 -0.000883569 -4.34369e-06 0.00409103 0.000892071 0.999991 -0.00232384 0.0 0.0 0.0 1.0
redkitchen/seq-05/color/frame-000086.color.png redkitchen/seq-05/color/frame-000087.color.png 0.999995 0.00173785 -0.00276687 -0.00665 -0.00173794 0.999999 -1.74547e-05 0.00614656 0.00276686 2.22686e-05 0.999996 -0.00589331 0.0 0.0 0.0 1.0
redkitchen/seq-05/color/frame-000087.color.png redkitchen/seq-05/color/frame-000088.color.png 0.999914 0.00474959 -0.0122119 0.00213911 -0.00466095 0.999963 0.00727621 -0.0079289 0.012246 -0.00721867 0.999899 0.00853124 0.0 0.0 0.0 1.0
redkitchen/seq-05/color/frame-000088.color.png redkitchen/seq-05/color/frame-000089.color.png 0.999974 0.00406474 -0.00599963 -0.00421703 -0.00406786 0.999992 -0.000511644 0.00269654 0.00599754 0.000536034 0.999982 -0.00297996 0.0 0.0 0.0 1.0
redkitchen/seq-05/color/frame-000089.color.png redkitchen/seq-05/color/frame-000090.color.png 0.999963 0.00262741 -0.00816147 -0.00253829 -0.00262327 0.999996 0.000520262 0.000989184 0.0081628 -0.000498833 0.999967 0.00125252 0.0 0.0 0.0 1.0
redkitchen/seq-05/color/frame-000090.color.png redkitchen/seq-05/color/frame-000091.color.png 1.0 -4.96116e-05 0.000155273 -0.000256985 4.97451e-05 1.0 -0.000404978 0.000649035 -0.000155288 0.000404987 1.0 -0.000516593 0.0 0.0 0.0 1.0
redkitchen/seq-05/color/frame-000091.color.png redkitchen/seq-05/color/frame-000092.color.png 0.99996 0.00502936 -0.00747255 -0.00260702 -0.00504564 0.999985 -0.00214815 0.000914969 0.00746176 0.00218575 0.99997 -0.00119211 0.0 0.0 0.0 1.0
redkitchen/seq-05/color/frame-000092.color.png redkitchen/seq-05/color/frame-000093.color.png 0.999954 0.00493249 -0.00819623 -0.00121383 -0.00495196 0.999985 -0.00236483 0.000577502 0.00818437 0.00240533 0.999964 0.00147941 0.0 0.0 0.0 1.0
redkitchen/seq-05/color/frame-000093.color.png redkitchen/seq-05/color/frame-000094.color.png 0.999964 0.00427491 -0.00727494 -0.00366031 -0.00429773 0.999986 -0.0031262 0.00242493 0.00726155 0.00315735 0.999969 -0.00289686 0.0 0.0 0.0 1.0
redkitchen/seq-05/color/frame-000094.color.png redkitchen/seq-05/color/frame-000095.color.png 0.999962 0.00389061 -0.00785559 -0.00334802 -0.00387639 0.999991 0.00183233 -0.00317017 0.00786256 -0.0018018 0.999968 -0.00242159 0.0 0.0 0.0 1.0
redkitchen/seq-05/color/frame-000095.color.png redkitchen/seq-05/color/frame-000096.color.png 0.999959 0.0023015 -0.00869968 -0.000686496 -0.00231105 0.999997 -0.00109177 0.00281559 0.00869718 0.00111181 0.999961 0.000189148 0.0 0.0 0.0 1.0
redkitchen/seq-05/color/frame-000096.color.png redkitchen/seq-05/color/frame-000097.color.png 0.999975 0.00371966 -0.0059747 -0.00582837 -0.00371825 0.999993 0.000245919 0.000414036 0.00597549 -0.000223689 0.999982 -0.00427601 0.0 0.0 0.0 1.0
redkitchen/seq-05/color/frame-000097.color.png redkitchen/seq-05/color/frame-000098.color.png 0.999944 0.00614818 -0.00860431 -0.00437091 -0.0061152 0.999974 0.00385599 -0.00359552 0.00862787 -0.00380317 0.999955 -0.00180472 0.0 0.0 0.0 1.0
redkitchen/seq-05/color/frame-000098.color.png redkitchen/seq-05/color/frame-000099.color.png 0.999969 0.00238756 -0.0075645 -0.00355855 -0.00241135 0.999992 -0.00313472 0.0073502 0.00755694 0.00315285 0.999966 0.00161687 0.0 0.0 0.0 1.0
redkitchen/seq-05/color/frame-000099.color.png redkitchen/seq-05/color/frame-000100.color.png 0.99998 0.00199489 -0.00605668 -0.00139213 -0.00200556 0.999996 -0.00175331 0.00343187 0.00605316 0.00176541 0.99998 0.00335098 0.0 0.0 0.0 1.0
redkitchen/seq-05/color/frame-000100.color.png redkitchen/seq-05/color/frame-000101.color.png 0.99997 0.00322325 -0.0070062 -0.000562415 -0.00319077 0.999984 0.00463213 -0.00787754 0.0070211 -0.00460962 0.999965 -0.00414058 0.0 0.0 0.0 1.0
redkitchen/seq-05/color/frame-000101.color.png redkitchen/seq-05/color/frame-000102.color.png 0.999966 0.00226289 -0.00798022 -0.00129107 -0.00226339 0.999997 -5.21887e-05 0.00273192 0.00797987 7.02759e-05 0.999968 0.00151349 0.0 0.0 0.0 1.0
redkitchen/seq-05/color/frame-000102.color.png redkitchen/seq-05/color/frame-000103.color.png 0.999993 0.00300002 -0.00223998 -0.00548227 -0.00300781 0.999989 -0.00347533 0.00702529 0.00222973 0.00348201 0.999991 -0.00499471 0.0 0.0 0.0 1.0
redkitchen/seq-05/color/frame-000103.color.png redkitchen/seq-05/color/frame-000104.color.png 0.999997 0.000730291 -0.00215876 -0.0040355 -0.000727187 0.999999 0.00145196 0.00049568 0.00215978 -0.0014504 0.999997 -0.00329875 0.0 0.0 0.0 1.0
redkitchen/seq-05/color/frame-000104.color.png redkitchen/seq-05/color/frame-000105.color.png 0.999981 0.00154644 -0.00603755 -0.00230694 -0.0015131 0.999984 0.00551122 -0.00283457 0.00604592 -0.00550196 0.999967 0.00116918 0.0 0.0 0.0 1.0
redkitchen/seq-05/color/frame-000105.color.png redkitchen/seq-05/color/frame-000106.color.png 0.999963 0.00332877 -0.00787811 -0.00165825 -0.0033104 0.999992 0.00234905 -0.000699848 0.00788585 -0.00232288 0.999966 -0.000172675 0.0 0.0 0.0 1.0
redkitchen/seq-05/color/frame-000106.color.png redkitchen/seq-05/color/frame-000107.color.png 0.999978 0.00361936 -0.0056502 -0.00195318 -0.00363047 0.999992 -0.00196098 0.00197604 0.00564313 0.00198144 0.999982 0.00130431 0.0 0.0 0.0 1.0
redkitchen/seq-05/color/frame-000107.color.png redkitchen/seq-05/color/frame-000108.color.png 0.999993 0.00217171 -0.00297347 -0.00351644 -0.00217991 0.999994 -0.00276495 0.00427094 0.00296738 0.00277141 0.999992 -0.00260945 0.0 0.0 0.0 1.0
redkitchen/seq-05/color/frame-000108.color.png redkitchen/seq-05/color/frame-000109.color.png 0.999981 0.00306224 -0.00536693 -0.00380054 -0.00305184 0.999994 0.00195341 -0.00134749 0.00537287 -0.001937 0.999984 -0.00246587 0.0 0.0 0.0 1.0
redkitchen/seq-05/color/frame-000109.color.png redkitchen/seq-05/color/frame-000110.color.png 0.999968 0.00269969 -0.0075311 -0.00652686 -0.00267232 0.99999 0.00363643 0.0010803 0.00754094 -0.00361621 0.999965 -0.000673547 0.0 0.0 0.0 1.0
redkitchen/seq-05/color/frame-000110.color.png redkitchen/seq-05/color/frame-000111.color.png 0.999913 0.00665103 -0.011381 -0.00384814 -0.00664802 0.999978 0.000304641 0.00254915 0.0113828 -0.000228949 0.999935 0.00425772 0.0 0.0 0.0 1.0
redkitchen/seq-05/color/frame-000111.color.png redkitchen/seq-05/color/frame-000112.color.png 0.999936 0.00432594 -0.0104534 -0.00152412 -0.00430421 0.999988 0.00210082 -0.00292067 0.0104623 -0.0020557 0.999943 6.63251e-05 0.0 0.0 0.0 1.0
redkitchen/seq-05/color/frame-000112.color.png redkitchen/seq-05/color/frame-000113.color.png 0.999968 0.00449689 -0.00666877 -0.00399522 -0.00450641 0.999989 -0.00140831 0.00217289 0.00666243 0.00143831 0.999977 -0.0010937 0.0 0.0 0.0 1.0
redkitchen/seq-05/color/frame-000113.color.png redkitchen/seq-05/color/frame-000114.color.png 0.999951 0.00293658 -0.00941387 -0.0020064 -0.00291118 0.999992 0.00270282 -0.00168148 0.00942171 -0.00267527 0.999952 0.000538677 0.0 0.0 0.0 1.0
redkitchen/seq-05/color/frame-000114.color.png redkitchen/seq-05/color/frame-000115.color.png 0.999951 0.00448071 -0.00881635 -0.00312327 -0.00446262 0.999988 0.0020708 -0.00451512 0.0088255 -0.00203137 0.999959 0.000919551 0.0 0.0 0.0 1.0
redkitchen/seq-05/color/frame-000115.color.png redkitchen/seq-05/color/frame-000116.color.png 0.999975 0.00112691 -0.00695625 -0.00351134 -0.0011496 0.999994 -0.00326262 0.00376584 0.00695249 0.00327055 0.999971 0.00131081 0.0 0.0 0.0 1.0
redkitchen/seq-05/color/frame-000116.color.png redkitchen/seq-05/color/frame-000117.color.png 0.999978 0.00262338 -0.00612247 -0.00266118 -0.00263427 0.999995 -0.00176541 0.000294082 0.00611791 0.00178148 0.99998 -0.00253764 0.0 0.0 0.0 1.0
redkitchen/seq-05/color/frame-000117.color.png redkitchen/seq-05/color/frame-000118.color.png 0.999983 0.00110924 -0.00574821 -0.00324784 -0.00112107 0.999997 -0.00205021 0.00517175 0.00574591 0.00205664 0.999981 -0.00234915 0.0 0.0 0.0 1.0
redkitchen/seq-05/color/frame-000118.color.png redkitchen/seq-05/color/frame-000119.color.png 0.999976 -0.000791998 -0.00684405 -0.00113414 0.000800014 0.999999 0.00116677 0.00373011 0.00684305 -0.00117221 0.999976 0.00108328 0.0 0.0 0.0 1.0
redkitchen/seq-05/color/frame-000119.color.png redkitchen/seq-05/color/frame-000120.color.png 0.999973 0.00223465 -0.00695746 -0.00296034 -0.00222404 0.999996 0.00154123 0.00100902 0.00696087 -0.00152571 0.999975 0.00168227 0.0 0.0 0.0 1.0
redkitchen/seq-05/color/frame-000120.color.png redkitchen/seq-05/color/frame-000121.color.png 0.999981 -6.97868e-05 -0.00610349 -0.00151564 8.21246e-05 0.999998 0.0020134 0.00240646 0.00610341 -0.00201386 0.999979 0.00100747 0.0 0.0 0.0 1.0
redkitchen/seq-05/color/frame-000121.color.png redkitchen/seq-05/color/frame-000122.color.png 0.999982 0.00148416 -0.00580851 -0.00206806 -0.00144982 0.999982 0.00591439 -0.00454778 0.00581707 -0.00590586 0.999966 -0.00164455 0.0 0.0 0.0 1.0
redkitchen/seq-05/color/frame-000122.color.png redkitchen/seq-05/color/frame-000123.color.png 0.999961 0.00293729 -0.00829615 -0.00261964 -0.00291395 0.999992 0.00282221 0.000967965 0.00830438 -0.00279794 0.999962 0.00262956 0.0 0.0 0.0 1.0
redkitchen/seq-05/color/frame-000123.color.png redkitchen/seq-05/color/frame-000124.color.png 0.999961 0.00487107 -0.00736718 -0.00449069 -0.00485276 0.999985 0.00250116 -0.00229108 0.00737918 -0.00246529 0.99997 -0.00195388 0.0 0.0 0.0 1.0
redkitchen/seq-05/color/frame-000124.color.png redkitchen/seq-05/color/frame-000125.color.png 0.99997 0.00321806 -0.00710164 -0.00385788 -0.00321619 0.999995 0.00027244 0.0018096 0.00710264 -0.000249609 0.999975 -0.00017713 0.0 0.0 0.0 1.0
redkitchen/seq-05/color/frame-000125.color.png redkitchen/seq-05/color/frame-000126.color.png 0.999967 0.00154571 -0.00799886 -0.000109613 -0.00152005 0.999994 0.00320814 -0.000849865 0.00800374 -0.00319587 0.999963 0.00374502 0.0 0.0 0.0 1.0
redkitchen/seq-05/color/frame-000126.color.png redkitchen/seq-05/color/frame-000127.color.png 0.999982 0.00268888 -0.00533548 -0.00584124 -0.00268796 0.999996 0.000181352 0.000616223 0.00533592 -0.000166988 0.999986 0.000189275 0.0 0.0 0.0 1.0
redkitchen/seq-05/color/frame-000127.color.png redkitchen/seq-05/color/frame-000128.color.png 0.999973 0.00252869 -0.0069677 -0.00261647 -0.00252223 0.999996 0.000936914 0.00134976 0.00697016 -0.000919354 0.999975 -0.00214598 0.0 0.0 0.0 1.0
redkitchen/seq-05/color/frame-000128.color.png redkitchen/seq-05/color/frame-000129.color.png 0.999952 0.00525491 -0.00826364 -0.00534357 -0.0052503 0.999986 0.000570022 -0.000895239 0.00826644 -0.0005266 0.999966 -5.80847e-05 0.0 0.0 0.0 1.0
redkitchen/seq-05/color/frame-000129.color.png redkitchen/seq-05/color/frame-000130.color.png 0.99993 0.00492323 -0.0107223 -0.000180185 -0.00492188 0.999988 0.000157731 -0.00314346 0.010723 -0.00010496 0.999942 0.00141226 0.0 0.0 0.0 1.0
redkitchen/seq-05/color/frame-000130.color.png redkitchen/seq-05/color/frame-000131.color.png 0.99998 0.00335577 -0.00531018 -0.0055799 -0.00338814 0.999976 -0.00610533 0.00509434 0.00528969 0.00612321 0.999967 4.69834e-05 0.0 0.0 0.0 1.0
redkitchen/seq-05/color/frame-000131.color.png redkitchen/seq-05/color/frame-000132.color.png 0.999983 0.00153439 -0.00560961 -0.00366458 -0.00153243 0.999999 0.000362453 -0.00186694 0.00561004 -0.000353843 0.999984 -0.00251903 0.0 0.0 0.0 1.0
redkitchen/seq-05/color/frame-000132.color.png redkitchen/seq-05/color/frame-000133.color.png 0.999933 0.00626454 -0.00971161 -1.34706e-05 -0.00629283 0.999976 -0.00289342 0.00249633 0.00969336 0.00295436 0.999949 -0.00252482 0.0 0.0 0.0 1.0
redkitchen/seq-05/color/frame-000133.color.png redkitchen/seq-05/color/frame-000134.color.png 0.99994 0.0049464 -0.00973606 -0.00677648 -0.00495509 0.999987 -0.000864376 0.00310088 0.00973172 0.000912539 0.999952 0.00479065 0.0 0.0 0.0 1.0
redkitchen/seq-05/color/frame-000134.color.png redkitchen/seq-05/color/frame-000135.color.png 0.999946 0.00595951 -0.0085566 -0.00337988 -0.00594781 0.999981 0.00139356 0.000832796 0.00856477 -0.00134259 0.999962 -0.00355871 0.0 0.0 0.0 1.0
redkitchen/seq-05/color/frame-000135.color.png redkitchen/seq-05/color/frame-000136.color.png 0.999907 0.00822757 -0.0109071 -0.00596806 -0.00816922 0.999952 0.00538762 -0.00749675 0.0109507 -0.00529799 0.999926 -0.00113928 0.0 0.0 0.0 1.0
redkitchen/seq-05/color/frame-000136.color.png redkitchen/seq-05/color/frame-000137.color.png 0.999902 0.00665726 -0.0122851 -0.000655815 -0.00666784 0.999978 -0.000826897 -0.00349396 0.0122793 0.000908764 0.999924 0.00572431 0.0 0.0 0.0 1.0
redkitchen/seq-05/color/frame-000137.color.png redkitchen/seq-05/color/frame-000138.color.png 0.999953 0.00616322 -0.0074991 -0.00192639 -0.00619406 0.999972 -0.0040958 0.0019145 0.00747361 0.00414205 0.999963 -0.00214641 0.0 0.0 0.0 1.0
redkitchen/seq-05/color/frame-000138.color.png redkitchen/seq-05/color/frame-000139.color.png 0.999936 0.00939686 -0.00627705 -0.00602023 -0.00941005 0.999954 -0.00207486 -0.00504876 0.00625722 0.00213383 0.999978 -0.00750948 0.0 0.0 0.0 1.0
redkitchen/seq-05/color/frame-000139.color.png redkitchen/seq-05/color/frame-000140.color.png 0.999883 0.00871448 -0.0126093 -0.00406626 -0.00874646 0.999959 -0.00247863 -0.00212291 0.0125873 0.00258858 0.999918 0.0023737 0.0 0.0 0.0 1.0
redkitchen/seq-05/color/frame-000140.color.png redkitchen/seq-05/color/frame-000141.color.png 0.999925 0.00682781 -0.0101378 -0.00496195 -0.0068702 0.999968 -0.004158 0.00291006 0.010109 0.00422736 0.99994 -0.0020657 0.0 0.0 0.0 1.0
redkitchen/seq-05/color/frame-000141.color.png redkitchen/seq-05/color/frame-000142.color.png 0.999877 0.00978583 -0.0122267 -0.00029698 -0.00980008 0.999951 -0.00110461 -0.00197361 0.0122154 0.00122432 0.999925 -0.000330418 0.0 0.0 0.0 1.0
redkitchen/seq-05/color/frame-000142.color.png redkitchen/seq-05/color/frame-000143.color.png 0.999311 0.0250852 -0.0273436 -0.0113049 -0.025109 0.999685 -0.000528741 -0.00938878 0.0273217 0.00121492 0.999626 -0.00281352 0.0 0.0 0.0 1.0
redkitchen/seq-05/color/frame-000143.color.png redkitchen/seq-05/color/frame-000144.color.png 0.999863 0.00961253 -0.0134545 -0.00884233 -0.00966977 0.999945 -0.00419313 0.00198549 0.0134135 0.00432264 0.999901 0.00554006 0.0 0.0 0.0 1.0
redkitchen/seq-05/color/frame-000144.color.png redkitchen/seq-05/color/frame-000145.color.png 0.999913 0.00703246 -0.0111916 -0.00581165 -0.00710408 0.999954 -0.00637602 0.00151034 0.0111462 0.00645501 0.999917 0.00142038 0.0 0.0 0.0 1.0
redkitchen/seq-05/color/frame-000145.color.png redkitchen/seq-05/color/frame-000146.color.png 0.999894 0.0100894 -0.0105002 -0.00495166 -0.0101126 0.999947 -0.00214873 -0.00354893 0.0104781 0.00225469 0.999943 -0.00808898 0.0 0.0 0.0 1.0
redkitchen/seq-05/color/frame-000146.color.png redkitchen/seq-05/color/frame-000147.color.png 0.99981 0.011976 -0.0153949 -0.00590444 -0.0119741 0.999928 0.000220432 -0.00644674 0.0153963 -3.60679e-05 0.999881 -0.00241619 0.0 0.0 0.0 1.0
redkitchen/seq-05/color/frame-000147.color.png redkitchen/seq-05/color/frame-000148.color.png 0.999826 0.00824876 -0.0167386 -0.00564525 -0.00830137 0.999961 -0.00308121 -0.00130858 0.0167126 0.00321959 0.999855 0.00776049 0.0 0.0 0.0 1.0
redkitchen/seq-05/color/frame-000148.color.png redkitchen/seq-05/color/frame-000149.color.png 0.999852 0.00745076 -0.0155325 -0.00630899 -0.00756055 0.999947 -0.00701769 -0.00473928 0.0154795 0.00713404 0.999855 0.00486641 0.0 0.0 0.0 1.0
redkitchen/seq-05/color/frame-000149.color.png redkitchen/seq-05/color/frame-000150.color.png 0.999478 0.0184396 -0.0265222 -0.00423369 -0.0187802 0.999743 -0.0126518 -0.000662953 0.026282 0.0131433 0.999568 -0.00582138 0.0 0.0 0.0 1.0
redkitchen/seq-05/color/frame-000150.color.png redkitchen/seq-05/color/frame-000151.color.png 0.999814 0.0129031 -0.0143354 -0.0090608 -0.0129314 0.999915 -0.00188847 -0.000739947 0.0143097 0.00207357 0.999895 0.00020954 0.0 0.0 0.0 1.0
redkitchen/seq-05/color/frame-000151.color.png redkitchen/seq-05/color/frame-000152.color.png 0.999749 0.0121125 -0.0188405 -0.00430912 -0.0121386 0.999926 -0.00127311 0.00218779 0.0188237 0.0015015 0.999822 0.00732423 0.0 0.0 0.0 1.0
redkitchen/seq-05/color/frame-000152.color.png redkitchen/seq-05/color/frame-000153.color.png 0.999736 0.0157563 -0.0166992 -0.0103767 -0.0157503 0.999876 0.000492939 -0.00771791 0.0167049 -0.000229795 0.999861 0.00530542 0.0 0.0 0.0 1.0
redkitchen/seq-05/color/frame-000153.color.png redkitchen/seq-05/color/frame-000154.color.png 0.999848 0.0075716 -0.0156807 -0.0097332 -0.00767996 0.999947 -0.00686513 -0.000394002 0.0156278 0.00698457 0.999853 0.00684516 0.0 0.0 0.0 1.0
redkitchen/seq-05/color/frame-000154.color.png redkitchen/seq-05/color/frame-000155.color.png 0.999471 0.0165583 -0.0279802 -0.00769481 -0.0171313 0.999646 -0.0203602 -0.0132252 0.0276332 0.0208287 0.999401 0.00700141 0.0 0.0 0.0 1.0
redkitchen/seq-05/color/frame-000155.color.png redkitchen/seq-05/color/frame-000156.color.png 0.999952 0.00162303 -0.00965473 -0.00357161 -0.00176334 0.999893 -0.0145505 0.00593403 0.00963022 0.0145669 0.999848 0.00366437 0.0 0.0 0.0 1.0
redkitchen/seq-05/color/frame-000156.color.png redkitchen/seq-05/color/frame-000157.color.png 0.999927 0.0109543 -0.00501379 0.00200337 -0.011034 0.999809 -0.0161446 -0.0147454 0.00483596 0.0161988 0.999857 -0.0132806 0.0 0.0 0.0 1.0
redkitchen/seq-05/color/frame-000157.color.png redkitchen/seq-05/color/frame-000158.color.png 0.999921 0.00891188 -0.00889677 -0.00251995 -0.00904115 0.999853 -0.0145919 -0.00206679 0.00876534 0.0146712 0.999854 0.00338928 0.0 0.0 0.0 1.0
redkitchen/seq-05/color/frame-000158.color.png redkitchen/seq-05/color/frame-000159.color.png 0.999894 0.0136196 -0.00519177 -0.00707047 -0.0137091 0.999751 -0.017619 -0.00305955 0.00495059 0.0176883 0.999831 -0.00873643 0.0 0.0 0.0 1.0
redkitchen/seq-05/color/frame-000159.color.png redkitchen/seq-05/color/frame-000160.color.png 0.999401 0.0298016 -0.0176118 -0.0083432 -0.0304817 0.998747 -0.0397018 -0.031467 0.0164065 0.0402148 0.999056 -0.00578983 0.0 0.0 0.0 1.0
redkitchen/seq-05/color/frame-000160.color.png redkitchen/seq-05/color/frame-000161.color.png 0.999952 0.00568599 -0.0079575 -0.00469656 -0.00586854 0.999716 -0.0231143 -0.0016664 0.00782373 0.0231599 0.999701 -0.00307952 0.0 0.0 0.0 1.0
redkitchen/seq-05/color/frame-000161.color.png redkitchen/seq-05/color/frame-000162.color.png 0.999942 0.0046741 -0.00973512 -0.00349747 -0.00484873 0.999826 -0.0179873 0.00878017 0.0096493 0.0180335 0.999791 0.000476018 0.0 0.0 0.0 1.0
redkitchen/seq-05/color/frame-000162.color.png redkitchen/seq-05/color/frame-000163.color.png 0.999879 0.0143624 -0.00598891 -0.00652158 -0.014435 0.999821 -0.0122658 -0.0129793 0.00581175 0.0123508 0.999907 -0.00471076 0.0 0.0 0.0 1.0
redkitchen/seq-05/color/frame-000163.color.png redkitchen/seq-05/color/frame-000164.color.png 0.99989 0.0107347 -0.0101889 -0.00612333 -0.0109902 0.999618 -0.025349 -0.00705765 0.00991296 0.0254582 0.999627 -0.00897384 0.0 0.0 0.0 1.0
redkitchen/seq-05/color/frame-000164.color.png redkitchen/seq-05/color/frame-000165.color.png 0.999942 0.00865596 -0.00638859 -0.00299042 -0.00869951 0.999939 -0.00684251 -0.0035087 0.00632897 0.00689757 0.999956 -0.00184721 0.0 0.0 0.0 1.0
redkitchen/seq-05/color/frame-000165.color.png redkitchen/seq-05/color/frame-000166.color.png 0.9999 0.0114984 -0.00826311 -0.00474203 -0.011561 0.999905 -0.00755634 -0.0113993 0.00817543 0.00765119 0.999937 0.00107391 0.0 0.0 0.0 1.0
