redkitchen/seq-05/color/frame-000000.color.png redkitchen/seq-05/color/frame-000003.color.png 0.999999 0.00026464 0.00118784 -0.00102796 -0.000260712 0.999995 -0.00330568 0.00379001 -0.00118871 0.00330537 0.999994 0.000867284 0.0 0.0 0.0 1.0
redkitchen/seq-05/color/frame-000003.color.png redkitchen/seq-05/color/frame-000006.color.png 1.0 -0.000876069 -0.000138781 4.49684e-05 0.000876084 1.0 0.000107023 -0.000757014 0.000138687 -0.000107144 1.0 0.00118726 0.0 0.0 0.0 1.0
redkitchen/seq-05/color/frame-000006.color.png redkitchen/seq-05/color/frame-000009.color.png 0.999993 -0.00200627 0.0030121 -0.00133242 0.00200588 0.999998 0.000134311 -0.00066257 -0.00301236 -0.000128268 0.999995 0.00103773 0.0 0.0 0.0 1.0
redkitchen/seq-05/color/frame-000009.color.png redkitchen/seq-05/color/frame-000012.color.png 0.999998 -0.00148288 0.000990611 -0.000274912 0.00148227 0.999999 0.000610526 -0.00176784 -0.000991515 -0.000609058 0.999999 0.000845675 0.0 0.0 0.0 1.0
redkitchen/seq-05/color/frame-000012.color.png redkitchen/seq-05/color/frame-000015.color.png 0.999974 -0.00575741 -0.00442737 0.00795871 0.00575312 0.999983 -0.000981735 0.00350481 0.00443295 0.000956238 0.99999 -0.00319671 0.0 0.0 0.0 1.0
redkitchen/seq-05/color/frame-000015.color.png redkitchen/seq-05/color/frame-000018.color.png 0.999929 0.00157233 -0.0117967 0.00205935 -0.00156319 0.999998 0.000783585 0.00117187 0.0117979 -0.000765089 0.99993 -0.00239501 0.0 0.0 0.0 1.0
redkitchen/seq-05/color/frame-000018.color.png redkitchen/seq-05/color/frame-000021.color.png 0.999879 0.00678123 -0.0139738 -0.00738195 -0.00678982 0.999977 -0.000567572 -0.00262875 0.0139696 0.000662383 0.999902 -0.00127025 0.0 0.0 0.0 1.0
redkitchen/seq-05/color/frame-000021.color.png redkitchen/seq-05/color/frame-000024.color.png 0.999831 -0.000526474 -0.0183725 0.00235891 0.000502966 0.999999 -0.00128415 0.00201932 0.0183732 0.00127469 0.99983 -0.00467085 0.0 0.0 0.0 1.0
redkitchen/seq-05/color/frame-000024.color.png redkitchen/seq-05/color/frame-000027.color.png 0.999783 0.00380445 -0.0204853 0.000431889 -0.00365997 0.999968 0.00708547 -0.00566795 0.0205116 -0.00700896 0.999765 -0.0061462 0.0 0.0 0.0 1.0
redkitchen/seq-05/color/frame-000027.color.png redkitchen/seq-05/color/frame-000030.color.png 0.999704 0.00859743 -0.0227725 -0.00893794 -0.00851185 0.999956 0.0038523 -0.00361189 0.0228047 -0.00365732 0.999733 -0.00652498 0.0 0.0 0.0 1.0
redkitchen/seq-05/color/frame-000030.color.png redkitchen/seq-05/color/frame-000033.color.png 0.99974 0.0113914 -0.019748 -0.010355 -0.0115432 0.999905 -0.0075915 0.0050009 0.0196597 0.00781748 0.999776 -0.00324281 0.0 0.0 0.0 1.0
redkitchen/seq-05/color/frame-000033.color.png redkitchen/seq-05/color/frame-000036.color.png 0.999708 0.00723817 -0.0230432 0.00564249 -0.00713861 0.999965 0.0043998 -0.00449727 0.0230742 -0.00423402 0.999725 0.000159837 0.0 0.0 0.0 1.0
redkitchen/seq-05/color/frame-000036.color.png redkitchen/seq-05/color/frame-000039.color.png 0.999668 0.00946141 -0.0239542 -0.0080042 -0.0094834 0.999955 -0.000804803 0.00539531 0.0239455 0.0010317 0.999713 -0.0069843 0.0 0.0 0.0 1.0
redkitchen/seq-05/color/frame-000039.color.png redkitchen/seq-05/color/frame-000042.color.png 0.999764 0.0124933 -0.017791 -0.00697326 -0.0125536 0.999916 -0.00328398 0.00365882 0.0177484 0.00350655 0.999836 -0.00181454 0.0 0.0 0.0 1.0
redkitchen/seq-05/color/frame-000042.color.png redkitchen/seq-05/color/frame-000045.color.png 0.99989 0.00567823 -0.0136779 -0.017119 -0.00558419 0.999961 0.00690458 -0.00745108 0.0137166 -0.00682745 0.999883 -0.00770611 0.0 0.0 0.0 1.0
redkitchen/seq-05/color/frame-000045.color.png redkitchen/seq-05/color/frame-000048.color.png 0.999861 0.00144069 -0.0166012 -0.000745628 -0.00133268 0.999978 0.00651445 0.00121703 0.0166102 -0.00649142 0.999841 -0.000792295 0.0 0.0 0.0 1.0
redkitchen/seq-05/color/frame-000048.color.png redkitchen/seq-05/color/frame-000051.color.png 0.999843 0.00689673 -0.0163009 -0.0121346 -0.00695223 0.99997 -0.00335108 0.0116743 0.0162773 0.00346388 0.999861 -0.00566057 0.0 0.0 0.0 1.0
redkitchen/seq-05/color/frame-000051.color.png redkitchen/seq-05/color/frame-000054.color.png 0.999721 0.0107863 -0.021015 -0.00399401 -0.0107015 0.999934 0.00414538 0.000242163 0.0210583 -0.00391933 0.999771 -0.002812 0.0 0.0 0.0 1.0
redkitchen/seq-05/color/frame-000054.color.png redkitchen/seq-05/color/frame-000057.color.png 0.999958 0.00437574 -0.00809108 -0.0146433 -0.00440646 0.999983 -0.00378302 0.0108277 0.00807434 0.00381851 0.99996 -0.00358931 0.0 0.0 0.0 1.0
redkitchen/seq-05/color/frame-000057.color.png redkitchen/seq-05/color/frame-000060.color.png 0.999556 0.0127154 -0.0269336 -0.00397238 -0.0126571 0.999917 0.00233425 0.000435332 0.0269611 -0.00199231 0.999634 0.000486981 0.0 0.0 0.0 1.0
redkitchen/seq-05/color/frame-000060.color.png redkitchen/seq-05/color/frame-000063.color.png 0.999812 0.0099902 -0.0166175 0.00165582 -0.00983304 0.999906 0.0095114 -0.00865132 0.016711 -0.0093462 0.999817 0.00134593 0.0 0.0 0.0 1.0
redkitchen/seq-05/color/frame-000063.color.png redkitchen/seq-05/color/frame-000066.color.png 0.999721 0.00270166 -0.0234677 -0.00800478 -0.00251912 0.999966 0.00780342 0.00395468 0.023488 -0.00774212 0.999694 0.00252409 0.0 0.0 0.0 1.0
redkitchen/seq-05/color/frame-000066.color.png redkitchen/seq-05/color/frame-000069.color.png 0.999821 0.00789701 -0.0171964 -0.0104011 -0.00805287 0.999927 -0.00901252 0.0139976 0.017124 0.00914938 0.999811 -0.00536479 0.0 0.0 0.0 1.0
redkitchen/seq-05/color/frame-000069.color.png redkitchen/seq-05/color/frame-000072.color.png 0.999859 0.00675188 -0.0154066 -0.00496262 -0.00669356 0.99997 0.0038326 -0.00363735 0.0154319 -0.00372894 0.999874 -0.00080049 0.0 0.0 0.0 1.0
redkitchen/seq-05/color/frame-000072.color.png redkitchen/seq-05/color/frame-000075.color.png 0.999686 0.00603335 -0.0243332 -0.0039079 -0.00604493 0.999982 -0.000402522 0.00129551 0.0243303 0.000549487 0.999704 0.00119259 0.0 0.0 0.0 1.0
redkitchen/seq-05/color/frame-000075.color.png redkitchen/seq-05/color/frame-000078.color.png 0.99978 0.0083417 -0.0192491 -0.00993964 -0.00843538 0.999953 -0.00479097 0.00457796 0.0192082 0.0049523 0.999803 -0.00261208 0.0 0.0 0.0 1.0
redkitchen/seq-05/color/frame-000078.color.png redkitchen/seq-05/color/frame-000081.color.png 0.999852 0.00374686 -0.0167722 -0.0117458 -0.00380107 0.999988 -0.00320139 0.00902059 0.01676 0.00326468 0.999854 -0.0034708 0.0 0.0 0.0 1.0
redkitchen/seq-05/color/frame-000081.color.png redkitchen/seq-05/color/frame-000084.color.png 0.999835 0.00551364 -0.017291 -0.00640679 -0.00552352 0.999985 -0.00052565 0.00506683 0.0172879 0.00062107 0.99985 -0.00115748 0.0 0.0 0.0 1.0
redkitchen/seq-05/color/frame-000084.color.png redkitchen/seq-05/color/frame-000087.color.png 0.999918 0.00730389 -0.0104863 -0.0112061 -0.00729143 0.999973 0.00122651 -0.00112802 0.0104949 -0.00114995 0.999944 -0.0102389 0.0 0.0 0.0 1.0
redkitchen/seq-05/color/frame-000087.color.png redkitchen/seq-05/color/frame-000090.color.png 0.999613 0.0103336 -0.025818 -0.0057524 -0.0102076 0.999935 0.00500573 0.000550386 0.0258681 -0.00474026 0.999654 0.00734019 0.0 0.0 0.0 1.0
redkitchen/seq-05/color/frame-000090.color.png redkitchen/seq-05/color/frame-000093.color.png 0.999797 0.009992 -0.0175047 -0.00161942 -0.0100318 0.999947 -0.00218903 -0.00230639 0.0174819 0.00236419 0.999844 0.00240514 0.0 0.0 0.0 1.0
redkitchen/seq-05/color/frame-000093.color.png redkitchen/seq-05/color/frame-000096.color.png 0.999674 0.0102723 -0.0233757 -0.0084064 -0.0103398 0.999943 -0.0027677 0.00311956 0.023346 0.0030085 0.999723 -0.0058521 0.0 0.0 0.0 1.0
redkitchen/seq-05/color/frame-000096.color.png redkitchen/seq-05/color/frame-000099.color.png 0.999682 0.0121248 -0.0221271 -0.0123954 -0.0121212 0.999927 0.000294676 0.00586808 0.0221291 -2.63871e-05 0.999755 -0.0053902 0.0 0.0 0.0 1.0
redkitchen/seq-05/color/frame-000099.color.png redkitchen/seq-05/color/frame-000102.color.png 0.999761 0.00779764 -0.0204149 -0.00400892 -0.00776686 0.999969 0.00158749 0.000674278 0.0204266 -0.00142855 0.99979 -0.00123984 0.0 0.0 0.0 1.0
redkitchen/seq-05/color/frame-000102.color.png redkitchen/seq-05/color/frame-000105.color.png 0.999934 0.00373039 -0.0108953 -0.00985858 -0.00368124 0.999983 0.00453296 0.00298342 0.0109121 -0.00449255 0.99993 -0.00677907 0.0 0.0 0.0 1.0
redkitchen/seq-05/color/frame-000105.color.png redkitchen/seq-05/color/frame-000108.color.png 0.999933 0.00691638 -0.00924275 -0.0202208 -0.00700341 0.999931 -0.00941997 0.0217006 0.00917691 0.00948408 0.999913 -0.0112878 0.0 0.0 0.0 1.0
redkitchen/seq-05/color/frame-000108.color.png redkitchen/seq-05/color/frame-000111.color.png 0.999694 0.0119232 -0.0216771 -0.0198873 -0.0116676 0.999862 0.0118752 -0.00828271 0.0218158 -0.0116186 0.999694 -0.00138523 0.0 0.0 0.0 1.0
redkitchen/seq-05/color/frame-000111.color.png redkitchen/seq-05/color/frame-000114.color.png 0.999573 0.0117604 -0.0267632 -0.00741926 -0.0119455 0.999906 -0.00676635 0.0158744 0.026681 0.00708313 0.999619 0.000917107 0.0 0.0 0.0 1.0
redkitchen/seq-05/color/frame-000114.color.png redkitchen/seq-05/color/frame-000117.color.png 0.999707 0.00671433 -0.0232395 -0.00693542 -0.00679323 0.999971 -0.00331893 0.0026949 0.0232165 0.00347584 0.999724 0.00123093 0.0 0.0 0.0 1.0
redkitchen/seq-05/color/frame-000117.color.png redkitchen/seq-05/color/frame-000120.color.png 0.999777 0.00264947 -0.0209546 -0.00584169 -0.0026259 0.999996 0.00115283 0.00925451 0.0209575 -0.00109755 0.99978 0.00503671 0.0 0.0 0.0 1.0
redkitchen/seq-05/color/frame-000120.color.png redkitchen/seq-05/color/frame-000123.color.png 0.9998 0.00394984 -0.0196197 -0.00554879 -0.00373307 0.999932 0.0110718 -0.0015436 0.0196621 -0.0109963 0.999746 0.000286996 0.0 0.0 0.0 1.0
redkitchen/seq-05/color/frame-000123.color.png redkitchen/seq-05/color/frame-000126.color.png 0.999705 0.00922613 -0.0224815 -0.00901935 -0.00915763 0.999953 0.00314854 0.0039864 0.0225095 -0.00294175 0.999742 0.00174461 0.0 0.0 0.0 1.0
redkitchen/seq-05/color/frame-000126.color.png redkitchen/seq-05/color/frame-000129.color.png 0.999732 0.011698 -0.0199866 -0.0145781 -0.0115741 0.999913 0.00630319 -0.00854171 0.0200587 -0.00607016 0.99978 -0.00281183 0.0 0.0 0.0 1.0
redkitchen/seq-05/color/frame-000129.color.png redkitchen/seq-05/color/frame-000132.color.png 0.999712 0.01126 -0.0211881 -0.00965649 -0.0114092 0.999911 -0.00693249 0.000660799 0.021108 0.00717223 0.999752 -0.00413893 0.0 0.0 0.0 1.0
redkitchen/seq-05/color/frame-000132.color.png redkitchen/seq-05/color/frame-000135.color.png 0.999477 0.0174508 -0.0272353 -0.00982326 -0.0174423 0.999848 0.000551388 0.000955753 0.0272408 -7.60463e-05 0.999629 -0.00430521 0.0 0.0 0.0 1.0
redkitchen/seq-05/color/frame-000135.color.png redkitchen/seq-05/color/frame-000138.color.png 0.999322 0.0184858 -0.0318202 -0.0110157 -0.0186014 0.999821 -0.00334325 0.00136973 0.0317527 0.00393288 0.999488 0.01319 0.0 0.0 0.0 1.0
redkitchen/seq-05/color/frame-000138.color.png redkitchen/seq-05/color/frame-000141.color.png 0.999191 0.0261822 -0.0305275 -0.0132831 -0.026398 0.999629 -0.00668741 -0.00915593 0.0303412 0.00748786 0.999512 -0.00433992 0.0 0.0 0.0 1.0
redkitchen/seq-05/color/frame-000141.color.png redkitchen/seq-05/color/frame-000144.color.png 0.997635 0.046234 -0.0508563 -0.0255437 -0.0464985 0.99891 -0.00402909 -0.013351 0.0506145 0.00638429 0.998698 -0.00172676 0.0 0.0 0.0 1.0
redkitchen/seq-05/color/frame-000144.color.png redkitchen/seq-05/color/frame-000147.color.png 0.998835 0.0284015 -0.0390157 -0.0128823 -0.0287243 0.999557 -0.00773832 -0.00633894 0.0387787 0.00884996 0.999209 -0.0053945 0.0 0.0 0.0 1.0
redkitchen/seq-05/color/frame-000147.color.png redkitchen/seq-05/color/frame-000150.color.png 0.997818 0.0323978 -0.0575382 -0.0215961 -0.0337656 0.999166 -0.022959 -0.00214194 0.0567464 0.0248517 0.998079 0.00437377 0.0 0.0 0.0 1.0
redkitchen/seq-05/color/frame-000150.color.png redkitchen/seq-05/color/frame-000153.color.png 0.997802 0.0463748 -0.0473351 -0.0179627 -0.0465332 0.998914 -0.00225039 -0.0185173 0.0471793 0.00444811 0.998876 -0.00104597 0.0 0.0 0.0 1.0
redkitchen/seq-05/color/frame-000153.color.png redkitchen/seq-05/color/frame-000156.color.png 0.998413 0.0248163 -0.05055 -0.0198692 -0.0270195 0.998693 -0.0433811 -0.00684096 0.0494073 0.0446782 0.997779 0.00853613 0.0 0.0 0.0 1.0
redkitchen/seq-05/color/frame-000156.color.png redkitchen/seq-05/color/frame-000159.color.png 0.9992 0.0317793 -0.0242851 -0.00984587 -0.0328671 0.99841 -0.0457897 -0.0151986 0.0227914 0.0465513 0.998656 -0.00562529 0.0 0.0 0.0 1.0
redkitchen/seq-05/color/frame-000159.color.png redkitchen/seq-05/color/frame-000162.color.png 0.998747 0.0368151 -0.0338842 -0.0195959 -0.0395102 0.995795 -0.0826488 -0.0167188 0.030699 0.0838841 0.996003 -0.0119353 0.0 0.0 0.0 1.0
redkitchen/seq-05/color/frame-000162.color.png redkitchen/seq-05/color/frame-000165.color.png 0.999271 0.029951 -0.0236536 -0.0139428 -0.0310164 0.998458 -0.046044 -0.0134359 0.022238 0.0467441 0.998659 -0.0147446 0.0 0.0 0.0 1.0
redkitchen/seq-05/color/frame-000165.color.png redkitchen/seq-05/color/frame-000168.color.png 0.999475 0.0231797 -0.0226445 -0.0227817 -0.0241408 0.998778 -0.0431301 -0.00389116 0.021617 0.0436542 0.998813 -0.00776839 0.0 0.0 0.0 1.0
redkitchen/seq-05/color/frame-000168.color.png redkitchen/seq-05/color/frame-000171.color.png 0.999768 0.0153621 -0.015113 -0.00710881 -0.01546 0.99986 -0.00638337 -0.0120368 0.0150128 0.00661541 0.999865 0.00283889 0.0 0.0 0.0 1.0
redkitchen/seq-05/color/frame-000171.color.png redkitchen/seq-05/color/frame-000174.color.png 0.999783 0.00934713 -0.0185939 -0.0113614 -0.0097472 0.99972 -0.0215446 -0.0084767 0.0183874 0.0217213 0.999595 -0.00645821 0.0 0.0 0.0 1.0
redkitchen/seq-05/color/frame-000174.color.png redkitchen/seq-05/color/frame-000177.color.png 0.99963 0.0131817 -0.0237797 -0.0138026 -0.0139393 0.999391 -0.0319792 -0.00673281 0.0233437 0.0322988 0.999206 -0.00640312 0.0 0.0 0.0 1.0
redkitchen/seq-05/color/frame-000177.color.png redkitchen/seq-05/color/frame-000180.color.png 0.999615 0.0206714 -0.0185252 -0.0206016 -0.0214922 0.998744 -0.0452662 -0.0125676 0.0175663 0.0456469 0.998803 -0.02105 0.0 0.0 0.0 1.0
redkitchen/seq-05/color/frame-000180.color.png redkitchen/seq-05/color/frame-000183.color.png 0.998588 0.0280471 -0.045122 -0.0152998 -0.0320119 0.995455 -0.0896894 -0.0284401 0.0424014 0.0910072 0.994947 -0.0121431 0.0 0.0 0.0 1.0
redkitchen/seq-05/color/frame-000183.color.png redkitchen/seq-05/color/frame-000186.color.png 0.999675 0.0197891 -0.0160674 -0.0156289 -0.0207842 0.997712 -0.0643316 -0.0131131 0.0147576 0.0646446 0.997799 -0.0204144 0.0 0.0 0.0 1.0
redkitchen/seq-05/color/frame-000186.color.png redkitchen/seq-05/color/frame-000189.color.png 0.999677 0.0193562 -0.0164969 -0.00511065 -0.0198914 0.99926 -0.0329296 -0.0303235 0.0158473 0.0332472 0.999321 -0.0153388 0.0 0.0 0.0 1.0
redkitchen/seq-05/color/frame-000189.color.png redkitchen/seq-05/color/frame-000192.color.png 0.999343 0.0186382 -0.0310819 -0.0194932 -0.0204563 0.998034 -0.0592382 -0.00286391 0.0299167 0.059835 0.99776 -0.00850162 0.0 0.0 0.0 1.0
redkitchen/seq-05/color/frame-000192.color.png redkitchen/seq-05/color/frame-000195.color.png 0.999806 0.00865553 -0.0176845 -0.00914216 -0.00903794 0.999725 -0.0216612 -0.0103911 0.017492 0.0218168 0.999609 -0.00547811 0.0 0.0 0.0 1.0
redkitchen/seq-05/color/frame-000195.color.png redkitchen/seq-05/color/frame-000198.color.png 0.999912 0.00402457 -0.0126701 -0.0066922 -0.004053 0.999989 -0.00222068 -0.00066486 0.012661 0.00227185 0.999917 -0.00768027 0.0 0.0 0.0 1.0
redkitchen/seq-05/color/frame-000198.color.png redkitchen/seq-05/color/frame-000201.color.png 0.999853 0.000918212 -0.0171214 -0.00961018 -0.000712434 0.999928 0.0120223 0.0118653 0.0171313 -0.0120084 0.999781 -0.00529066 0.0 0.0 0.0 1.0
redkitchen/seq-05/color/frame-000201.color.png redkitchen/seq-05/color/frame-000204.color.png 0.999874 -0.00969286 -0.0125485 -0.00294009 0.0100503 0.999536 0.0287435 0.01612 0.0122639 -0.028866 0.999508 0.00523293 0.0 0.0 0.0 1.0
redkitchen/seq-05/color/frame-000204.color.png redkitchen/seq-05/color/frame-000207.color.png 0.999813 0.00307488 -0.0190667 -0.00667083 -0.00312598 0.999992 -0.00264915 0.00365089 0.0190584 0.0027083 0.999815 -0.00227135 0.0 0.0 0.0 1.0
redkitchen/seq-05/color/frame-000207.color.png redkitchen/seq-05/color/frame-000210.color.png 0.999702 0.00333153 -0.0241831 -0.00483671 -0.00335627 0.999994 -0.000984975 0.00225632 0.0241797 0.00106587 0.999707 0.0114058 0.0 0.0 0.0 1.0
redkitchen/seq-05/color/frame-000210.color.png redkitchen/seq-05/color/frame-000213.color.png 0.999888 0.00758 -0.0128811 -0.0097245 -0.00738361 0.999857 0.0152275 0.00368524 0.0129946 -0.0151308 0.999801 0.00172678 0.0 0.0 0.0 1.0
redkitchen/seq-05/color/frame-000213.color.png redkitchen/seq-05/color/frame-000216.color.png 0.999908 0.00923567 -0.00997127 -0.0154695 -0.00936083 0.999877 -0.012583 -0.00321876 0.00985389 0.0126753 0.999871 -0.0220413 0.0 0.0 0.0 1.0
redkitchen/seq-05/color/frame-000216.color.png redkitchen/seq-05/color/frame-000219.color.png 0.999963 -0.00816485 -0.00280371 0.00715065 0.0081466 0.999946 -0.00645595 -0.00473431 0.00285633 0.00643293 0.999975 0.00316587 0.0 0.0 0.0 1.0
redkitchen/seq-05/color/frame-000219.color.png redkitchen/seq-05/color/frame-000222.color.png 0.9999 -0.00498134 0.0132754 0.00479311 0.00483576 0.999928 0.0109734 0.00287229 -0.0133292 -0.010908 0.999852 -0.00393942 0.0 0.0 0.0 1.0
redkitchen/seq-05/color/frame-000222.color.png redkitchen/seq-05/color/frame-000225.color.png 0.999734 -0.0145659 0.0178943 0.00917274 0.014254 0.999746 0.0174346 0.00759168 -0.0181436 -0.017175 0.999688 0.00144166 0.0 0.0 0.0 1.0
redkitchen/seq-05/color/frame-000225.color.png redkitchen/seq-05/color/frame-000228.color.png 0.997889 -0.0381099 0.0525917 0.029191 0.0347196 0.99735 0.0639389 0.0283907 -0.054889 -0.0619779 0.996567 0.000163049 0.0 0.0 0.0 1.0
redkitchen/seq-05/color/frame-000228.color.png redkitchen/seq-05/color/frame-000231.color.png 0.998406 -0.0342024 0.0449031 0.0133958 0.0323989 0.998662 0.0402932 0.0251743 -0.0462211 -0.0387742 0.998178 -0.0175307 0.0 0.0 0.0 1.0
redkitchen/seq-05/color/frame-000231.color.png redkitchen/seq-05/color/frame-000234.color.png 0.99876 -0.0327117 0.0375363 0.0235319 0.030081 0.997189 0.0686268 0.0355146 -0.0396757 -0.0674127 0.996936 0.0123016 0.0 0.0 0.0 1.0
redkitchen/seq-05/color/frame-000234.color.png redkitchen/seq-05/color/frame-000237.color.png 0.999054 -0.0214451 0.0378251 0.0249841 0.017283 0.994096 0.107119 0.0339568 -0.0398989 -0.106364 0.993526 0.0164752 0.0 0.0 0.0 1.0
redkitchen/seq-05/color/frame-000237.color.png redkitchen/seq-05/color/frame-000240.color.png 0.998828 -0.0344963 0.0339549 0.00905252 0.0321123 0.99714 0.0684128 0.0338018 -0.0362178 -0.0672423 0.997079 0.00169381 0.0 0.0 0.0 1.0
redkitchen/seq-05/color/frame-000240.color.png redkitchen/seq-05/color/frame-000243.color.png 0.997804 -0.0500906 0.0433502 0.0287066 0.045144 0.993082 0.108403 0.0540054 -0.0484802 -0.106208 0.993161 0.0164309 0.0 0.0 0.0 1.0
redkitchen/seq-05/color/frame-000243.color.png redkitchen/seq-05/color/frame-000246.color.png 0.998706 -0.0364019 0.0355255 0.00199649 0.0335843 0.996472 0.0769179 0.0369963 -0.0382001 -0.0756253 0.996404 0.00194037 0.0 0.0 0.0 1.0
redkitchen/seq-05/color/frame-000246.color.png redkitchen/seq-05/color/frame-000249.color.png 0.999068 -0.0331644 0.0276454 0.0186404 0.0315878 0.997951 0.0556362 0.0274728 -0.0294339 -0.054711 0.998068 -0.00373277 0.0 0.0 0.0 1.0
redkitchen/seq-05/color/frame-000249.color.png redkitchen/seq-05/color/frame-000252.color.png 0.999232 -0.0322565 0.0222487 0.0183272 0.0307311 0.99736 0.0657967 0.0304417 -0.0243124 -0.0650624 0.997585 0.00766015 0.0 0.0 0.0 1.0
redkitchen/seq-05/color/frame-000252.color.png redkitchen/seq-05/color/frame-000255.color.png 0.998214 -0.043016 0.0414591 0.0140216 0.0406855 0.997629 0.0555039 0.0544502 -0.0437483 -0.0537179 0.997597 -0.0165429 0.0 0.0 0.0 1.0
redkitchen/seq-05/color/frame-000255.color.png redkitchen/seq-05/color/frame-000258.color.png 0.999549 -0.0284564 0.0096093 0.0102072 0.0275933 0.996382 0.0803897 0.020328 -0.0118621 -0.0800883 0.996717 0.0443059 0.0 0.0 0.0 1.0
redkitchen/seq-05/color/frame-000258.color.png redkitchen/seq-05/color/frame-000261.color.png 0.998456 -0.0402258 0.0382987 0.0179568 0.0383193 0.99805 0.0492748 0.0268866 -0.0402061 -0.0477311 0.998051 -0.00472203 0.0 0.0 0.0 1.0
redkitchen/seq-05/color/frame-000261.color.png redkitchen/seq-05/color/frame-000264.color.png 0.999565 -0.0210459 0.0206699 0.0117594 0.0204943 0.999437 0.026547 0.0118886 -0.0212171 -0.0261118 0.999434 -0.0158394 0.0 0.0 0.0 1.0
redkitchen/seq-05/color/frame-000264.color.png redkitchen/seq-05/color/frame-000267.color.png 0.998971 -0.0410734 0.019226 0.0177015 0.0406788 0.998962 0.0204821 0.0178194 -0.0200471 -0.019679 0.999605 0.00532255 0.0 0.0 0.0 1.0
redkitchen/seq-05/color/frame-000267.color.png redkitchen/seq-05/color/frame-000270.color.png 0.998511 -0.0396411 0.0374591 0.0194399 0.0390689 0.99911 0.0158865 0.0119534 -0.0380557 -0.0143994 0.999172 -0.0128451 0.0 0.0 0.0 1.0
redkitchen/seq-05/color/frame-000270.color.png redkitchen/seq-05/color/frame-000273.color.png 0.998908 -0.0337874 0.0322762 0.0253538 0.0330804 0.999206 0.0221908 0.0149475 -0.0330002 -0.0210989 0.999233 -0.00704753 0.0 0.0 0.0 1.0
redkitchen/seq-05/color/frame-000273.color.png redkitchen/seq-05/color/frame-000276.color.png 0.999274 -0.0243734 0.0292868 0.0196906 0.0240544 0.999648 0.0111967 0.00669676 -0.0295495 -0.0104841 0.999508 0.00969112 0.0 0.0 0.0 1.0
redkitchen/seq-05/color/frame-000276.color.png redkitchen/seq-05/color/frame-000279.color.png 0.999588 -0.0176657 0.0226072 0.0288292 0.0176411 0.999844 0.00128346 -0.00367828 -0.0226264 -0.000884111 0.999744 0.0208345 0.0 0.0 0.0 1.0
redkitchen/seq-05/color/frame-000279.color.png redkitchen/seq-05/color/frame-000282.color.png 0.999502 -0.017515 0.0262457 0.0213674 0.0177979 0.999786 -0.0105857 -0.00126612 -0.0260548 0.0110475 0.9996 0.00137332 0.0 0.0 0.0 1.0
redkitchen/seq-05/color/frame-000282.color.png redkitchen/seq-05/color/frame-000285.color.png 0.998494 -0.0312113 0.0451228 0.0316453 0.0311561 0.999513 0.0019263 -0.0024329 -0.0451608 -0.000517551 0.99898 -0.0229136 0.0 0.0 0.0 1.0
redkitchen/seq-05/color/frame-000285.color.png redkitchen/seq-05/color/frame-000288.color.png 0.999067 -0.0333432 0.0274491 0.0334766 0.0332476 0.999439 0.00393157 0.00292349 -0.0275648 -0.0030153 0.999615 0.0225858 0.0 0.0 0.0 1.0
redkitchen/seq-05/color/frame-000288.color.png redkitchen/seq-05/color/frame-000291.color.png 0.998549 -0.0369829 0.0391552 0.0264789 0.0364518 0.999235 0.0141914 0.0127513 -0.0396501 -0.0127436 0.999132 -0.0105815 0.0 0.0 0.0 1.0
redkitchen/seq-05/color/frame-000291.color.png redkitchen/seq-05/color/frame-000294.color.png 0.997664 -0.0427796 0.0532577 0.0324422 0.0422006 0.999038 0.01195 0.0168965 -0.0537177 -0.00967459 0.998509 -0.000979289 0.0 0.0 0.0 1.0
redkitchen/seq-05/color/frame-000294.color.png redkitchen/seq-05/color/frame-000297.color.png 0.999175 -0.0289355 0.0284967 0.0212701 0.0280213 0.999096 0.0319777 -0.0131251 -0.029396 -0.0311528 0.999082 -0.0225478 0.0 0.0 0.0 1.0
redkitchen/seq-05/color/frame-000297.color.png redkitchen/seq-05/color/frame-000300.color.png 0.998717 -0.0372792 0.0342722 0.0208799 0.0370453 0.999286 0.00743513 0.0144199 -0.034525 -0.00615589 0.999385 0.0132677 0.0 0.0 0.0 1.0
redkitchen/seq-05/color/frame-000300.color.png redkitchen/seq-05/color/frame-000303.color.png 0.999607 -0.0243584 0.0139147 0.0200242 0.0242698 0.999684 0.00650556 0.0102529 -0.0140689 -0.00616534 0.999882 0.00470884 0.0 0.0 0.0 1.0
redkitchen/seq-05/color/frame-000303.color.png redkitchen/seq-05/color/frame-000306.color.png 0.999396 -0.0210743 0.0276155 0.00572079 0.0209941 0.999774 0.00319081 0.0132162 -0.0276765 -0.00260909 0.999613 -0.00296912 0.0 0.0 0.0 1.0
redkitchen/seq-05/color/frame-000306.color.png redkitchen/seq-05/color/frame-000309.color.png 0.999283 -0.0231706 0.0299271 0.0256298 0.022637 0.999581 0.0180501 -0.013374 -0.0303328 -0.0173597 0.999389 -0.0170774 0.0 0.0 0.0 1.0
redkitchen/seq-05/color/frame-000309.color.png redkitchen/seq-05/color/frame-000312.color.png 0.999349 -0.0162737 0.0321955 0.0161529 0.0163083 0.999867 -0.000815508 -0.00344227 -0.0321779 0.00134003 0.999481 -0.000784963 0.0 0.0 0.0 1.0
redkitchen/seq-05/color/frame-000312.color.png redkitchen/seq-05/color/frame-000315.color.png 0.999555 -0.0109826 0.027724 0.0104415 0.0113712 0.999839 -0.0138967 0.00338176 -0.027567 0.0142057 0.999519 0.000992477 0.0 0.0 0.0 1.0
redkitchen/seq-05/color/frame-000315.color.png redkitchen/seq-05/color/frame-000318.color.png 0.999692 -0.00825487 0.0234151 0.0103034 0.00871546 0.999769 -0.0196362 0.00806136 -0.0232476 0.0198342 0.999533 0.0142868 0.0 0.0 0.0 1.0
redkitchen/seq-05/color/frame-000318.color.png redkitchen/seq-05/color/frame-000321.color.png 0.999133 0.022534 0.0349963 0.00966756 -0.021358 0.999206 -0.0336206 -0.0259284 -0.0357261 0.032844 0.998822 -0.0207265 0.0 0.0 0.0 1.0
redkitchen/seq-05/color/frame-000321.color.png redkitchen/seq-05/color/frame-000324.color.png 0.999717 0.0148477 0.018586 0.0108254 -0.0144658 0.999685 -0.0205191 -0.0237366 -0.0188848 0.0202445 0.999617 -0.00322044 0.0 0.0 0.0 1.0
redkitchen/seq-05/color/frame-000324.color.png redkitchen/seq-05/color/frame-000327.color.png 0.998669 0.051298 0.00533201 0.00698982 -0.0511605 0.998417 -0.0233514 -0.0567432 -0.00652148 0.0230475 0.999713 0.00672755 0.0 0.0 0.0 1.0
redkitchen/seq-05/color/frame-000327.color.png redkitchen/seq-05/color/frame-000330.color.png 0.996474 0.08369 -0.00594194 -0.0120091 -0.0838938 0.994796 -0.0578094 -0.023071 0.0010729 0.0581041 0.99831 -0.00854461 0.0 0.0 0.0 1.0
redkitchen/seq-05/color/frame-000330.color.png redkitchen/seq-05/color/frame-000333.color.png 0.998148 0.0602588 -0.00830095 -0.0101174 -0.0604749 0.997753 -0.0288526 -0.0399544 0.00654372 0.0293012 0.999549 -0.00588392 0.0 0.0 0.0 1.0
redkitchen/seq-05/color/frame-000333.color.png redkitchen/seq-05/color/frame-000336.color.png 0.997527 0.0675386 -0.0194608 -0.00447568 -0.0682232 0.996985 -0.0369721 -0.012309 0.0169052 0.0382083 0.999127 0.00212356 0.0 0.0 0.0 1.0
redkitchen/seq-05/color/frame-000336.color.png redkitchen/seq-05/color/frame-000339.color.png 0.994276 0.103929 -0.0247648 -0.0134116 -0.104705 0.993974 -0.0324334 -0.0301841 0.0212448 0.0348408 0.999167 0.00578913 0.0 0.0 0.0 1.0
redkitchen/seq-05/color/frame-000339.color.png redkitchen/seq-05/color/frame-000342.color.png 0.994155 0.107558 -0.00938002 -0.0143828 -0.107905 0.992767 -0.052629 -0.0169838 0.00365143 0.0533335 0.99857 0.00701346 0.0 0.0 0.0 1.0
redkitchen/seq-05/color/frame-000342.color.png redkitchen/seq-05/color/frame-000345.color.png 0.996445 0.0842354 0.000851194 -0.0181216 -0.0840928 0.995254 -0.0489773 -0.0135335 -0.0049727 0.0487316 0.9988 -0.0183008 0.0 0.0 0.0 1.0
redkitchen/seq-05/color/frame-000345.color.png redkitchen/seq-05/color/frame-000348.color.png 0.992693 0.120601 -0.00394228 -0.00157329 -0.120615 0.990814 -0.0611581 -0.0261436 -0.00346972 0.0611868 0.99812 0.0135073 0.0 0.0 0.0 1.0
redkitchen/seq-05/color/frame-000348.color.png redkitchen/seq-05/color/frame-000351.color.png 0.988559 0.150611 0.0082245 -0.0137221 -0.149522 0.985672 -0.0780584 -0.0310754 -0.019863 0.0759355 0.996915 -0.00742999 0.0 0.0 0.0 1.0
redkitchen/seq-05/color/frame-000351.color.png redkitchen/seq-05/color/frame-000354.color.png 0.996929 0.0768613 0.0149972 0.00320856 -0.075757 0.995076 -0.0639091 -0.00799116 -0.0198355 0.0625767 0.997843 -0.000297457 0.0 0.0 0.0 1.0
redkitchen/seq-05/color/frame-000354.color.png redkitchen/seq-05/color/frame-000357.color.png 0.997956 0.0561762 0.0304521 0.0119184 -0.0538144 0.995842 -0.0735019 -0.015504 -0.0344546 0.0717129 0.99683 -0.0172879 0.0 0.0 0.0 1.0
redkitchen/seq-05/color/frame-000357.color.png redkitchen/seq-05/color/frame-000360.color.png 0.997529 0.0258463 0.0653306 0.0144502 -0.0225368 0.99845 -0.0508955 -0.00573528 -0.0665448 0.0492973 0.996565 -0.0230316 0.0 0.0 0.0 1.0
redkitchen/seq-05/color/frame-000360.color.png redkitchen/seq-05/color/frame-000363.color.png 0.999175 -0.00320253 0.0404844 0.00379159 0.00411393 0.99974 -0.0224498 0.0186587 -0.0404019 0.0225979 0.998928 -0.0117328 0.0 0.0 0.0 1.0
redkitchen/seq-05/color/frame-000363.color.png redkitchen/seq-05/color/frame-000366.color.png 0.999219 0.0142554 0.0368617 0.0072353 -0.0134455 0.999665 -0.0221282 -0.00956564 -0.0371649 0.0216153 0.999075 -0.00344156 0.0 0.0 0.0 1.0
redkitchen/seq-05/color/frame-000366.color.png redkitchen/seq-05/color/frame-000369.color.png 0.999343 0.0155954 0.0327009 0.0221547 -0.0150918 0.999765 -0.0155923 -0.0142143 -0.0329363 0.0150886 0.999344 0.0120275 0.0 0.0 0.0 1.0
redkitchen/seq-05/color/frame-000369.color.png redkitchen/seq-05/color/frame-000372.color.png 0.999213 0.00313257 0.0395356 -0.00517067 -0.00351546 0.999947 0.00962187 -0.0180927 -0.0395033 -0.00975333 0.999172 -0.0192331 0.0 0.0 0.0 1.0
redkitchen/seq-05/color/frame-000372.color.png redkitchen/seq-05/color/frame-000375.color.png 0.999624 0.00517626 0.0269386 0.00843181 -0.00516859 0.999987 -0.000358517 -0.00652236 -0.0269401 0.000219181 0.999637 -0.0070087 0.0 0.0 0.0 1.0
redkitchen/seq-05/color/frame-000375.color.png redkitchen/seq-05/color/frame-000378.color.png 0.99974 0.00122676 0.0227885 0.0128326 -0.00154235 0.999903 0.0138371 -0.0264523 -0.0227693 -0.0138686 0.999644 0.00649984 0.0 0.0 0.0 1.0
redkitchen/seq-05/color/frame-000378.color.png redkitchen/seq-05/color/frame-000381.color.png 0.999688 -0.0172822 0.0180269 0.0141795 0.0167626 0.999451 0.0285859 -0.00133448 -0.018511 -0.0282749 0.999429 0.0110353 0.0 0.0 0.0 1.0
redkitchen/seq-05/color/frame-000381.color.png redkitchen/seq-05/color/frame-000384.color.png 0.999683 -0.0171757 0.0183839 0.0106845 0.0168378 0.999689 0.0183783 0.00359145 -0.0186938 -0.0180629 0.999662 0.00324872 0.0 0.0 0.0 1.0
redkitchen/seq-05/color/frame-000384.color.png redkitchen/seq-05/color/frame-000387.color.png 0.999647 -0.0190517 0.0185155 0.00290707 0.0183727 0.999177 0.0361736 0.00390763 -0.0191895 -0.0358206 0.999174 0.00346087 0.0 0.0 0.0 1.0
redkitchen/seq-05/color/frame-000387.color.png redkitchen/seq-05/color/frame-000390.color.png 0.999843 -0.0140259 0.0108546 0.0204483 0.0138462 0.999769 0.0164588 -0.000497459 -0.0110829 -0.0163059 0.999806 0.00938784 0.0 0.0 0.0 1.0
redkitchen/seq-05/color/frame-000390.color.png redkitchen/seq-05/color/frame-000393.color.png 0.99952 -0.0217594 0.0220395 0.00226907 0.0214329 0.999659 0.0149333 0.00321026 -0.022357 -0.0144538 0.999646 0.000194415 0.0 0.0 0.0 1.0
redkitchen/seq-05/color/frame-000393.color.png redkitchen/seq-05/color/frame-000396.color.png 0.999535 -0.0251664 0.017203 -0.000490323 0.024647 0.999252 0.0297807 -0.00913108 -0.0179396 -0.0293428 0.999408 0.000525594 0.0 0.0 0.0 1.0
redkitchen/seq-05/color/frame-000396.color.png redkitchen/seq-05/color/frame-000399.color.png 0.999783 -0.0181445 0.0102012 0.0184558 0.0182639 0.999764 -0.0117446 0.0236073 -0.00998566 0.0119284 0.999879 -2.2307e-05 0.0 0.0 0.0 1.0
redkitchen/seq-05/color/frame-000399.color.png redkitchen/seq-05/color/frame-000402.color.png 0.999418 -0.0216097 0.0263933 0.0101236 0.0210804 0.999574 0.0201701 -0.00687119 -0.0268179 -0.019602 0.999448 0.00586477 0.0 0.0 0.0 1.0
redkitchen/seq-05/color/frame-000402.color.png redkitchen/seq-05/color/frame-000405.color.png 0.998007 -0.0414656 0.0475656 0.00183132 0.0418921 0.99909 -0.00800603 0.0196475 -0.0471903 0.0099827 0.998836 -0.00686103 0.0 0.0 0.0 1.0
redkitchen/seq-05/color/frame-000405.color.png redkitchen/seq-05/color/frame-000408.color.png 0.997929 -0.042883 0.0479432 0.0180015 0.0429797 0.999075 -0.000988679 0.00150279 -0.0478564 0.00304721 0.99885 0.00116886 0.0 0.0 0.0 1.0
redkitchen/seq-05/color/frame-000408.color.png redkitchen/seq-05/color/frame-000411.color.png 0.998709 -0.0213133 0.0461015 0.0186496 0.021726 0.999728 -0.00846487 0.00557589 -0.0459086 0.00945554 0.998901 0.00210652 0.0 0.0 0.0 1.0
redkitchen/seq-05/color/frame-000411.color.png redkitchen/seq-05/color/frame-000414.color.png 0.998856 -0.0281781 0.0386416 0.0218829 0.0276901 0.999531 0.0131032 -0.00772915 -0.0389927 -0.0120183 0.999167 -0.00149792 0.0 0.0 0.0 1.0
redkitchen/seq-05/color/frame-000414.color.png redkitchen/seq-05/color/frame-000417.color.png 0.999501 -0.0215524 0.0231041 0.0268232 0.0213571 0.999734 0.0086662 -0.0134781 -0.0232847 -0.00816843 0.999695 0.00711051 0.0 0.0 0.0 1.0
redkitchen/seq-05/color/frame-000417.color.png redkitchen/seq-05/color/frame-000420.color.png 0.998692 -0.0164826 0.0484063 0.00329635 0.0167249 0.99985 -0.00460151 0.0101477 -0.0483232 0.00540506 0.998817 -0.00053291 0.0 0.0 0.0 1.0
redkitchen/seq-05/color/frame-000420.color.png redkitchen/seq-05/color/frame-000423.color.png 0.998855 -0.0252486 0.0406327 0.0126069 0.0253957 0.999673 -0.00310966 0.00426736 -0.0405409 0.00413801 0.999169 -0.000583366 0.0 0.0 0.0 1.0
redkitchen/seq-05/color/frame-000423.color.png redkitchen/seq-05/color/frame-000426.color.png 0.998781 -0.0220275 0.0441817 0.0087854 0.0223617 0.999725 -0.00708579 0.0031212 -0.0440134 0.0080651 0.998998 0.0087226 0.0 0.0 0.0 1.0
redkitchen/seq-05/color/frame-000426.color.png redkitchen/seq-05/color/frame-000429.color.png 0.999687 -0.00455328 0.0245868 0.00474206 0.00454987 0.99999 0.000198061 0.0023099 -0.0245875 -8.61062e-05 0.999698 0.0109283 0.0 0.0 0.0 1.0
redkitchen/seq-05/color/frame-000429.color.png redkitchen/seq-05/color/frame-000432.color.png 0.999824 -0.0049956 0.0180987 0.00457067 0.0050761 0.999977 -0.00440796 0.00457842 -0.0180763 0.00449903 0.999826 5.54919e-05 0.0 0.0 0.0 1.0
redkitchen/seq-05/color/frame-000432.color.png redkitchen/seq-05/color/frame-000435.color.png 0.999756 -0.00835026 0.0204462 0.00316874 0.00825254 0.999954 0.00485856 -0.00816244 -0.0204858 -0.00468861 0.999779 -0.00997638 0.0 0.0 0.0 1.0
redkitchen/seq-05/color/frame-000435.color.png redkitchen/seq-05/color/frame-000438.color.png 0.999405 -0.00516011 0.0340977 0.0070392 0.00511493 0.999986 0.00141336 -0.00284459 -0.0341046 -0.00123811 0.999417 0.00604162 0.0 0.0 0.0 1.0
redkitchen/seq-05/color/frame-000438.color.png redkitchen/seq-05/color/frame-000441.color.png 0.999512 -0.0151959 0.0273114 -0.000511326 0.0150077 0.999862 0.00708102 -0.00463963 -0.0274152 -0.00666772 0.999602 -0.000405587 0.0 0.0 0.0 1.0
redkitchen/seq-05/color/frame-000441.color.png redkitchen/seq-05/color/frame-000444.color.png 0.999774 -0.00867222 0.0194389 0.00743743 0.00876178 0.999951 -0.00452834 0.00495624 -0.0193988 0.00469764 0.999801 0.00605422 0.0 0.0 0.0 1.0
redkitchen/seq-05/color/frame-000444.color.png redkitchen/seq-05/color/frame-000447.color.png 0.998743 -0.0358934 0.0349912 0.00564729 0.0364636 0.99921 -0.0157962 0.0045823 -0.0343964 0.0170522 0.999263 0.00459231 0.0 0.0 0.0 1.0
redkitchen/seq-05/color/frame-000447.color.png redkitchen/seq-05/color/frame-000450.color.png 0.999233 -0.0283342 0.0270252 0.0118489 0.0283133 0.999599 0.00115381 -0.00400869 -0.0270471 -0.000387713 0.999634 0.00368732 0.0 0.0 0.0 1.0
redkitchen/seq-05/color/frame-000450.color.png redkitchen/seq-05/color/frame-000453.color.png 0.998999 -0.0290431 0.0340264 0.00728309 0.029348 0.999533 -0.0084939 0.00455233 -0.0337638 0.00948396 0.999385 0.00380985 0.0 0.0 0.0 1.0
redkitchen/seq-05/color/frame-000453.color.png redkitchen/seq-05/color/frame-000456.color.png 0.998727 -0.046977 0.0183844 0.00795136 0.0471975 0.998816 -0.011749 0.000153329 -0.0178107 0.0126018 0.999762 0.00325563 0.0 0.0 0.0 1.0
redkitchen/seq-05/color/frame-000456.color.png redkitchen/seq-05/color/frame-000459.color.png 0.999666 -0.0250391 0.00643935 0.0076184 0.0250729 0.999672 -0.00522388 -0.000986148 -0.00630636 0.00538358 0.999966 0.00603008 0.0 0.0 0.0 1.0
redkitchen/seq-05/color/frame-000459.color.png redkitchen/seq-05/color/frame-000462.color.png 0.999409 -0.027829 0.0201652 0.0142013 0.0281337 0.999492 -0.0149811 -0.000777539 -0.019738 0.0155396 0.999684 -0.00173362 0.0 0.0 0.0 1.0
redkitchen/seq-05/color/frame-000462.color.png redkitchen/seq-05/color/frame-000465.color.png 0.999639 -0.00495206 0.0264062 0.00692842 0.00493616 0.999988 0.000665654 -0.00384938 -0.0264093 -0.000535067 0.999651 0.00083597 0.0 0.0 0.0 1.0
redkitchen/seq-05/color/frame-000465.color.png redkitchen/seq-05/color/frame-000468.color.png 0.999307 -0.0136278 0.0346309 0.0117225 0.0135668 0.999906 0.00199393 -0.00174199 -0.0346548 -0.00152272 0.999398 0.00628005 0.0 0.0 0.0 1.0
redkitchen/seq-05/color/frame-000468.color.png redkitchen/seq-05/color/frame-000471.color.png 0.999655 -0.00797685 0.0250122 0.00792281 0.00827676 0.999895 -0.0119083 -0.00580771 -0.0249146 0.0121112 0.999616 0.00353128 0.0 0.0 0.0 1.0
redkitchen/seq-05/color/frame-000471.color.png redkitchen/seq-05/color/frame-000474.color.png 0.999453 -0.0170312 0.0283412 0.00899753 0.017596 0.999649 -0.0198015 -0.00396087 -0.027994 0.0202894 0.999402 -0.0028003 0.0 0.0 0.0 1.0
redkitchen/seq-05/color/frame-000474.color.png redkitchen/seq-05/color/frame-000477.color.png 0.99973 -0.023153 -0.00199147 0.00889513 0.023134 0.999691 -0.00912139 -0.00452732 0.00220214 0.00907285 0.999956 0.00978596 0.0 0.0 0.0 1.0
redkitchen/seq-05/color/frame-000477.color.png redkitchen/seq-05/color/frame-000480.color.png 0.999409 -0.0338755 0.00587088 0.00472419 0.0340503 0.998882 -0.0328037 -0.014362 -0.00475316 0.0329842 0.999445 -0.0149337 0.0 0.0 0.0 1.0
redkitchen/seq-05/color/frame-000480.color.png redkitchen/seq-05/color/frame-000483.color.png 0.999541 -0.0302442 -0.00195587 0.00604172 0.0301887 0.999257 -0.0239714 -0.00571984 0.00267939 0.0239013 0.999711 -0.000278316 0.0 0.0 0.0 1.0
redkitchen/seq-05/color/frame-000483.color.png redkitchen/seq-05/color/frame-000486.color.png 0.999031 -0.0436389 -0.00579769 0.0117276 0.0435064 0.998826 -0.021301 -0.0128117 0.00672037 0.0210281 0.999756 -0.0038632 0.0 0.0 0.0 1.0
redkitchen/seq-05/color/frame-000486.color.png redkitchen/seq-05/color/frame-000489.color.png 0.999208 -0.039293 -0.00630557 0.00391582 0.0391777 0.999079 -0.0174797 -0.010182 0.00698666 0.0172188 0.999827 -0.00141623 0.0 0.0 0.0 1.0
redkitchen/seq-05/color/frame-000489.color.png redkitchen/seq-05/color/frame-000492.color.png 0.996732 -0.067296 -0.0446757 0.0143604 0.0655936 0.997102 -0.0385373 -0.0405431 0.0471395 0.0354809 0.998258 -0.0026582 0.0 0.0 0.0 1.0
redkitchen/seq-05/color/frame-000492.color.png redkitchen/seq-05/color/frame-000495.color.png 0.998904 -0.0284998 -0.037117 0.00576306 0.0270742 0.998897 -0.0383599 -0.00760577 0.0381694 0.037313 0.998575 -0.00398505 0.0 0.0 0.0 1.0
redkitchen/seq-05/color/frame-000495.color.png redkitchen/seq-05/color/frame-000498.color.png 0.998814 0.00569718 -0.0483558 0.0392888 -0.00585882 0.999978 -0.00320177 -0.0144748 0.0483365 0.00348127 0.998825 -0.0119416 0.0 0.0 0.0 1.0
redkitchen/seq-05/color/frame-000498.color.png redkitchen/seq-05/color/frame-000501.color.png 0.998659 -0.00235764 -0.0517095 -0.000292316 0.000620037 0.999435 -0.0335936 7.16075e-05 0.0517596 0.0335165 0.998097 -0.0114289 0.0 0.0 0.0 1.0
redkitchen/seq-05/color/frame-000501.color.png redkitchen/seq-05/color/frame-000504.color.png 0.996081 -0.0136301 -0.0873906 -0.0127246 0.0102603 0.999191 -0.0388939 0.00980623 0.08785 0.0378448 0.995414 -0.0169953 0.0 0.0 0.0 1.0
redkitchen/seq-05/color/frame-000504.color.png redkitchen/seq-05/color/frame-000507.color.png 0.996415 0.00313305 -0.0845465 -0.0391116 -0.0104299 0.99624 -0.0860028 0.0175331 0.0839592 0.0865762 0.992701 -0.031137 0.0 0.0 0.0 1.0
redkitchen/seq-05/color/frame-000507.color.png redkitchen/seq-05/color/frame-000510.color.png 0.999852 0.0130838 -0.0111392 -0.0639461 -0.0135143 0.999129 -0.0394885 -0.00938183 0.0106129 0.0396332 0.999158 0.0209776 0.0 0.0 0.0 1.0
