redkitchen/seq-05/color/frame-000001.color.png redkitchen/seq-05/color/frame-000004.color.png 0.999999 -0.00129234 -0.000399118 0.000998202 0.00129135 0.999996 -0.00245612 0.00137749 0.000402291 0.0024556 0.999997 0.000162527 0.0 0.0 0.0 1.0
redkitchen/seq-05/color/frame-000004.color.png redkitchen/seq-05/color/frame-000007.color.png 0.999997 -0.0022164 0.000492093 -0.000538471 0.00221633 0.999997 0.000144046 -0.000990591 -0.000492411 -0.000142956 1.0 0.00139869 0.0 0.0 0.0 1.0
redkitchen/seq-05/color/frame-000007.color.png redkitchen/seq-05/color/frame-000010.color.png 0.999995 -0.00135099 0.00300241 0.00074508 0.00135266 0.999999 -0.000554276 0.000544955 -0.00300166 0.000558334 0.999995 0.000835062 0.0 0.0 0.0 1.0
redkitchen/seq-05/color/frame-000010.color.png redkitchen/seq-05/color/frame-000013.color.png 0.999997 -0.00067916 0.00227684 -0.000808092 0.000679114 1.0 2.07414e-05 -0.00114962 -0.00227685 -1.91946e-05 0.999997 0.00110182 0.0 0.0 0.0 1.0
redkitchen/seq-05/color/frame-000013.color.png redkitchen/seq-05/color/frame-000016.color.png 0.999941 -0.00475402 -0.00973905 0.00712027 0.00475547 0.999989 0.000125979 0.00451402 0.00973834 -0.000172286 0.999953 -0.00239066 0.0 0.0 0.0 1.0
redkitchen/seq-05/color/frame-000016.color.png redkitchen/seq-05/color/frame-000019.color.png 0.999891 -0.000144872 -0.0147531 0.00212233 0.000136232 1.0 -0.000586495 0.00433957 0.0147532 0.000584421 0.999891 -0.00568954 0.0 0.0 0.0 1.0
redkitchen/seq-05/color/frame-000019.color.png redkitchen/seq-05/color/frame-000022.color.png 0.999932 0.00675829 -0.00948049 -0.00636938 -0.00674172 0.999976 0.00177791 -0.00945242 0.00949228 -0.00171388 0.999953 -0.000128425 0.0 0.0 0.0 1.0
redkitchen/seq-05/color/frame-000022.color.png redkitchen/seq-05/color/frame-000025.color.png 0.999789 0.00246634 -0.0203711 -0.000480213 -0.00242493 0.999995 0.00205721 -0.00245099 0.020376 -0.00200738 0.99979 -0.00682548 0.0 0.0 0.0 1.0
redkitchen/seq-05/color/frame-000025.color.png redkitchen/seq-05/color/frame-000028.color.png 0.999746 0.00217547 -0.0224268 -0.00188962 -0.00217496 0.999998 4.71055e-05 0.00630897 0.0224269 1.68387e-06 0.999748 -0.00285509 0.0 0.0 0.0 1.0
redkitchen/seq-05/color/frame-000028.color.png redkitchen/seq-05/color/frame-000031.color.png 0.999607 0.0131257 -0.0247889 -0.00413837 -0.0130076 0.999903 0.00491981 -0.00427459 0.0248511 -0.00459543 0.999681 -0.00328847 0.0 0.0 0.0 1.0
redkitchen/seq-05/color/frame-000031.color.png redkitchen/seq-05/color/frame-000034.color.png 0.999915 0.00616518 -0.0115071 -0.0101991 -0.00622795 0.999966 -0.00542737 -0.000466496 0.0114733 0.00549858 0.999919 -0.0057082 0.0 0.0 0.0 1.0
redkitchen/seq-05/color/frame-000034.color.png redkitchen/seq-05/color/frame-000037.color.png 0.999602 0.0103975 -0.0262239 -0.00687767 -0.0103116 0.999941 0.00340567 -0.00172771 0.0262578 -0.00313391 0.99965 -0.00423747 0.0 0.0 0.0 1.0
redkitchen/seq-05/color/frame-000037.color.png redkitchen/seq-05/color/frame-000040.color.png 0.999533 0.0100318 -0.0288494 -0.00337896 -0.010078 0.999948 -0.00145596 0.00602303 0.0288333 0.00174603 0.999583 -0.00402992 0.0 0.0 0.0 1.0
redkitchen/seq-05/color/frame-000040.color.png redkitchen/seq-05/color/frame-000043.color.png 0.999927 0.0107997 -0.00539689 -0.019442 -0.0108149 0.999938 -0.00279545 0.00150652 0.00536637 0.00285362 0.999982 -0.00545548 0.0 0.0 0.0 1.0
redkitchen/seq-05/color/frame-000043.color.png redkitchen/seq-05/color/frame-000046.color.png 0.999718 0.00462332 -0.0232849 -0.00313336 -0.00441536 0.99995 0.00897496 -0.00532137 0.0233253 -0.00886962 0.999688 -0.00411131 0.0 0.0 0.0 1.0
redkitchen/seq-05/color/frame-000046.color.png redkitchen/seq-05/color/frame-000049.color.png 0.999896 0.000315709 -0.0143942 -0.00488271 -0.000296596 0.999999 0.00132968 0.00848063 0.0143946 -0.00132528 0.999896 -8.25487e-05 0.0 0.0 0.0 1.0
redkitchen/seq-05/color/frame-000049.color.png redkitchen/seq-05/color/frame-000052.color.png 0.99975 0.0111595 -0.0193998 -0.00367923 -0.011119 0.999936 0.00219353 -0.000827206 0.019423 -0.00197727 0.999809 -0.00197655 0.0 0.0 0.0 1.0
redkitchen/seq-05/color/frame-000052.color.png redkitchen/seq-05/color/frame-000055.color.png 0.99967 0.0111034 -0.0231558 -0.00354389 -0.0110122 0.999931 0.00406025 0.00071288 0.0231993 -0.00380391 0.999724 0.000382669 0.0 0.0 0.0 1.0
redkitchen/seq-05/color/frame-000055.color.png redkitchen/seq-05/color/frame-000058.color.png 0.999904 0.00460813 -0.0130454 -0.00758113 -0.00461681 0.999989 -0.000636606 0.00539885 0.0130423 0.000696778 0.999915 -0.0029593 0.0 0.0 0.0 1.0
redkitchen/seq-05/color/frame-000058.color.png redkitchen/seq-05/color/frame-000061.color.png 0.999742 0.00996938 -0.0204334 -0.0109729 -0.00994759 0.99995 0.00116837 0.00337997 0.0204441 -0.000964807 0.999791 -0.00377871 0.0 0.0 0.0 1.0
redkitchen/seq-05/color/frame-000061.color.png redkitchen/seq-05/color/frame-000064.color.png 0.999808 0.0102504 -0.0167016 -0.0055205 -0.0101346 0.999924 0.00700178 0.000582771 0.0167721 -0.00683117 0.999836 0.000114154 0.0 0.0 0.0 1.0
redkitchen/seq-05/color/frame-000064.color.png redkitchen/seq-05/color/frame-000067.color.png 0.999697 0.0016632 -0.024578 -0.0032694 -0.00163037 0.999998 0.00135486 0.0096183 0.0245802 -0.00131438 0.999697 0.00334241 0.0 0.0 0.0 1.0
redkitchen/seq-05/color/frame-000067.color.png redkitchen/seq-05/color/frame-000070.color.png 0.99977 0.00979425 -0.019101 -0.00693094 -0.00980666 0.999952 -0.000555592 -0.00275267 0.0190947 0.000742779 0.999817 -0.00133323 0.0 0.0 0.0 1.0
redkitchen/seq-05/color/frame-000070.color.png redkitchen/seq-05/color/frame-000073.color.png 0.999888 0.00603835 -0.0137235 -0.00809212 -0.00601094 0.99998 0.00203888 0.000626972 0.0137355 -0.00195616 0.999904 -0.00200356 0.0 0.0 0.0 1.0
redkitchen/seq-05/color/frame-000073.color.png redkitchen/seq-05/color/frame-000076.color.png 0.99972 0.00581653 -0.0229464 -0.00719786 -0.00582099 0.999983 -0.000127394 3.56603e-05 0.0229452 0.000260928 0.999737 -0.00129795 0.0 0.0 0.0 1.0
redkitchen/seq-05/color/frame-000076.color.png redkitchen/seq-05/color/frame-000079.color.png 0.999923 0.00452718 -0.0115273 -0.0184296 -0.00465178 0.999931 -0.0108034 0.0192025 0.0114776 0.0108562 0.999875 -0.00997462 0.0 0.0 0.0 1.0
redkitchen/seq-05/color/frame-000079.color.png redkitchen/seq-05/color/frame-000082.color.png 0.999857 0.00513373 -0.0160885 -0.00974418 -0.00515782 0.999986 -0.00145763 0.00259558 0.0160809 0.0015404 0.999869 -0.00420772 0.0 0.0 0.0 1.0
redkitchen/seq-05/color/frame-000082.color.png redkitchen/seq-05/color/frame-000085.color.png 0.999812 0.00739477 -0.0179018 -0.00428364 -0.00741745 0.999972 -0.00120122 0.00312589 0.0178925 0.00133378 0.999839 0.00166651 0.0 0.0 0.0 1.0
redkitchen/seq-05/color/frame-000085.color.png redkitchen/seq-05/color/frame-000088.color.png 0.999744 0.00873599 -0.0208601 -0.0033049 -0.00855765 0.999926 0.00862425 -0.0064015 0.020934 -0.00844354 0.999745 0.00144915 0.0 0.0 0.0 1.0
redkitchen/seq-05/color/frame-000088.color.png redkitchen/seq-05/color/frame-000091.color.png 0.9999 0.00633925 -0.012612 -0.00996567 -0.00638596 0.999973 -0.00366618 0.0109247 0.0125884 0.00374636 0.999914 -0.00210603 0.0 0.0 0.0 1.0
redkitchen/seq-05/color/frame-000091.color.png redkitchen/seq-05/color/frame-000094.color.png 0.999531 0.0144446 -0.0269872 -0.00138135 -0.0144625 0.999895 -0.00046925 -0.00898633 0.0269776 0.000859342 0.999636 0.00217867 0.0 0.0 0.0 1.0
redkitchen/seq-05/color/frame-000094.color.png redkitchen/seq-05/color/frame-000097.color.png 0.999656 0.00965495 -0.0243744 -0.00753595 -0.00971482 0.99995 -0.00233891 0.00643026 0.0243507 0.0025749 0.9997 -0.00202274 0.0 0.0 0.0 1.0
redkitchen/seq-05/color/frame-000097.color.png redkitchen/seq-05/color/frame-000100.color.png 0.999722 0.0100904 -0.0212965 -0.00685331 -0.0100766 0.999949 0.000755802 0.00390488 0.021303 -0.000541001 0.999773 -0.00509983 0.0 0.0 0.0 1.0
redkitchen/seq-05/color/frame-000100.color.png redkitchen/seq-05/color/frame-000103.color.png 0.999907 0.00677649 -0.0118164 -0.0162304 -0.00683287 0.999965 -0.00473583 0.0141032 0.0117839 0.00481613 0.999919 -0.0119773 0.0 0.0 0.0 1.0
redkitchen/seq-05/color/frame-000103.color.png redkitchen/seq-05/color/frame-000106.color.png 0.999862 0.00499045 -0.0158364 -0.0106758 -0.00487892 0.999963 0.0070752 0.000867754 0.0158712 -0.00699697 0.999849 0.000425927 0.0 0.0 0.0 1.0
redkitchen/seq-05/color/frame-000106.color.png redkitchen/seq-05/color/frame-000109.color.png 0.999847 0.00980753 -0.0144539 -0.00798416 -0.00983767 0.99995 -0.00201781 0.0022784 0.0144332 0.0021597 0.999894 -0.00284924 0.0 0.0 0.0 1.0
redkitchen/seq-05/color/frame-000109.color.png redkitchen/seq-05/color/frame-000112.color.png 0.999493 0.0135364 -0.028824 -0.0119778 -0.0133897 0.999896 0.0052752 0.00252791 0.0288924 -0.00488658 0.999571 0.00262521 0.0 0.0 0.0 1.0
redkitchen/seq-05/color/frame-000112.color.png redkitchen/seq-05/color/frame-000115.color.png 0.999581 0.0112156 -0.0266906 -0.00694413 -0.0111551 0.999935 0.00241626 -0.00106713 0.026716 -0.00211753 0.999641 0.0041621 0.0 0.0 0.0 1.0
redkitchen/seq-05/color/frame-000115.color.png redkitchen/seq-05/color/frame-000118.color.png 0.999816 0.00493041 -0.0185519 -0.00837082 -0.00496949 0.999986 -0.00206125 0.000551961 0.0185415 0.00215306 0.999826 -0.00574483 0.0 0.0 0.0 1.0
redkitchen/seq-05/color/frame-000118.color.png redkitchen/seq-05/color/frame-000121.color.png 0.999902 0.00285152 -0.0136907 -0.0145207 -0.0027998 0.999989 0.00379026 0.00741748 0.0137013 -0.00375153 0.999899 -0.00871074 0.0 0.0 0.0 1.0
redkitchen/seq-05/color/frame-000121.color.png redkitchen/seq-05/color/frame-000124.color.png 0.999741 0.00666169 -0.0217787 -0.0116929 -0.00657062 0.999969 0.00425195 0.00902755 0.0218065 -0.00410774 0.999754 0.0029375 0.0 0.0 0.0 1.0
redkitchen/seq-05/color/frame-000124.color.png redkitchen/seq-05/color/frame-000127.color.png 0.999753 0.00721532 -0.0210219 -0.0063442 -0.00711376 0.999963 0.00489913 0.000237152 0.0210563 -0.00474841 0.999767 0.00269118 0.0 0.0 0.0 1.0
redkitchen/seq-05/color/frame-000127.color.png redkitchen/seq-05/color/frame-000130.color.png 0.999624 0.0134796 -0.023893 -0.0127255 -0.0134546 0.999909 0.00121103 -0.0025847 0.0239071 -0.000889079 0.999714 -0.00269876 0.0 0.0 0.0 1.0
redkitchen/seq-05/color/frame-000130.color.png redkitchen/seq-05/color/frame-000133.color.png 0.999703 0.0114352 -0.0215066 -0.00806913 -0.0115574 0.999918 -0.00556622 0.000581622 0.0214412 0.00581313 0.999753 -0.00355543 0.0 0.0 0.0 1.0
redkitchen/seq-05/color/frame-000133.color.png redkitchen/seq-05/color/frame-000136.color.png 0.999423 0.0184182 -0.028525 -0.0157877 -0.0183148 0.999825 0.00388461 -1.86563e-05 0.0285916 -0.00335999 0.999585 0.000322387 0.0 0.0 0.0 1.0
redkitchen/seq-05/color/frame-000136.color.png redkitchen/seq-05/color/frame-000139.color.png 0.999381 0.0226116 -0.0269445 -0.00959903 -0.0226851 0.99974 -0.00242846 -0.0139474 0.0268825 0.00303816 0.999634 -0.00270104 0.0 0.0 0.0 1.0
redkitchen/seq-05/color/frame-000139.color.png redkitchen/seq-05/color/frame-000142.color.png 0.999082 0.0251264 -0.0346955 -0.0115396 -0.0254313 0.999642 -0.00837531 0.000792474 0.0344728 0.00925003 0.999363 0.00113489 0.0 0.0 0.0 1.0
redkitchen/seq-05/color/frame-000142.color.png redkitchen/seq-05/color/frame-000145.color.png 0.99774 0.041869 -0.0525562 -0.0227934 -0.0423718 0.999066 -0.00848817 -0.010685 0.0521517 0.0106959 0.998582 0.00384028 0.0 0.0 0.0 1.0
redkitchen/seq-05/color/frame-000145.color.png redkitchen/seq-05/color/frame-000148.color.png 0.998697 0.0291788 -0.0418797 -0.0195416 -0.0295097 0.999538 -0.0073035 -0.00461236 0.0416472 0.00852983 0.999096 -0.00318505 0.0 0.0 0.0 1.0
redkitchen/seq-05/color/frame-000148.color.png redkitchen/seq-05/color/frame-000151.color.png 0.997874 0.0333487 -0.0559916 -0.0180528 -0.0345519 0.999189 -0.0206599 0.00430845 0.0552572 0.0225506 0.998217 -0.00116159 0.0 0.0 0.0 1.0
redkitchen/seq-05/color/frame-000151.color.png redkitchen/seq-05/color/frame-000154.color.png 0.998093 0.0403786 -0.0466861 -0.0272843 -0.0407469 0.999145 -0.00696299 -0.0184763 0.0463651 0.00885198 0.998885 0.00332324 0.0 0.0 0.0 1.0
redkitchen/seq-05/color/frame-000154.color.png redkitchen/seq-05/color/frame-000157.color.png 0.998532 0.0272209 -0.0468389 -0.00626728 -0.029504 0.998375 -0.0487628 -0.0195367 0.0454354 0.0500731 0.997711 0.0076998 0.0 0.0 0.0 1.0
redkitchen/seq-05/color/frame-000157.color.png redkitchen/seq-05/color/frame-000160.color.png 0.998071 0.0515258 -0.0346444 -0.0212718 -0.053911 0.995956 -0.0718624 -0.0326155 0.0308014 0.0735915 0.996813 -0.00561866 0.0 0.0 0.0 1.0
redkitchen/seq-05/color/frame-000160.color.png redkitchen/seq-05/color/frame-000163.color.png 0.999414 0.026463 -0.0217297 -0.0102458 -0.0276013 0.998167 -0.0538683 -0.0131606 0.0202644 0.0544365 0.998312 -0.0183819 0.0 0.0 0.0 1.0
redkitchen/seq-05/color/frame-000163.color.png redkitchen/seq-05/color/frame-000166.color.png 0.999216 0.0294529 -0.0264637 -0.0138791 -0.0304902 0.998747 -0.0396893 -0.019888 0.0252615 0.0404651 0.998862 -0.00626366 0.0 0.0 0.0 1.0
redkitchen/seq-05/color/frame-000166.color.png redkitchen/seq-05/color/frame-000169.color.png 0.999573 0.0211657 -0.0201363 -0.0196984 -0.0219235 0.99903 -0.038189 -0.00354691 0.0193085 0.0386142 0.999068 -0.0110903 0.0 0.0 0.0 1.0
redkitchen/seq-05/color/frame-000169.color.png redkitchen/seq-05/color/frame-000172.color.png 0.999752 0.0148798 -0.0166016 -0.0128244 -0.0150903 0.999807 -0.012628 -0.0120008 0.0164105 0.0128754 0.999782 -0.00327471 0.0 0.0 0.0 1.0
redkitchen/seq-05/color/frame-000172.color.png redkitchen/seq-05/color/frame-000175.color.png 0.999764 0.00405952 -0.0213579 -0.00730184 -0.00448258 0.999794 -0.0197939 0.00254291 0.0212732 0.0198849 0.999576 0.000200778 0.0 0.0 0.0 1.0
redkitchen/seq-05/color/frame-000175.color.png redkitchen/seq-05/color/frame-000178.color.png 0.999757 0.00959344 -0.0198601 -0.0128249 -0.0102317 0.999426 -0.03229 -0.0117681 0.0195389 0.0324854 0.999281 -0.00803623 0.0 0.0 0.0 1.0
redkitchen/seq-05/color/frame-000178.color.png redkitchen/seq-05/color/frame-000181.color.png 0.999469 0.0223009 -0.0237703 -0.0182553 -0.0235576 0.998265 -0.0539716 -0.0182422 0.0225255 0.0545028 0.99826 -0.0106064 0.0 0.0 0.0 1.0
redkitchen/seq-05/color/frame-000181.color.png redkitchen/seq-05/color/frame-000184.color.png 0.998555 0.0337723 -0.0417988 -0.0144415 -0.0374537 0.995175 -0.0906791 -0.0354144 0.0385347 0.0921138 0.995003 -0.0173539 0.0 0.0 0.0 1.0
redkitchen/seq-05/color/frame-000184.color.png redkitchen/seq-05/color/frame-000187.color.png 0.999484 0.0232798 -0.0221094 -0.0137207 -0.0244619 0.998198 -0.054792 -0.0144034 0.020794 0.0553044 0.998253 -0.00855327 0.0 0.0 0.0 1.0
redkitchen/seq-05/color/frame-000187.color.png redkitchen/seq-05/color/frame-000190.color.png 0.999578 0.0183445 -0.0225332 -0.0111437 -0.019554 0.998312 -0.054682 -0.0260892 0.021492 0.0550995 0.99825 -0.0180914 0.0 0.0 0.0 1.0
redkitchen/seq-05/color/frame-000190.color.png redkitchen/seq-05/color/frame-000193.color.png 0.999572 0.015433 -0.0248455 -0.000913113 -0.0162373 0.99934 -0.0325014 -0.0120776 0.0243274 0.0328909 0.999163 0.00522825 0.0 0.0 0.0 1.0
redkitchen/seq-05/color/frame-000193.color.png redkitchen/seq-05/color/frame-000196.color.png 0.999673 0.00615391 -0.024836 -0.00988492 -0.0066627 0.999768 -0.020455 0.00118995 0.0247045 0.0206137 0.999482 0.00770077 0.0 0.0 0.0 1.0
redkitchen/seq-05/color/frame-000196.color.png redkitchen/seq-05/color/frame-000199.color.png 0.999881 -0.00339789 -0.0150559 -0.00391355 0.00362543 0.999879 0.0151135 0.0109635 0.0150027 -0.0151662 0.999772 -0.00022468 0.0 0.0 0.0 1.0
redkitchen/seq-05/color/frame-000199.color.png redkitchen/seq-05/color/frame-000202.color.png 0.99992 0.00137083 -0.0125613 -0.00987032 -0.00129107 0.999979 0.00635302 0.0036265 0.0125697 -0.00633624 0.999901 -0.00739181 0.0 0.0 0.0 1.0
redkitchen/seq-05/color/frame-000202.color.png redkitchen/seq-05/color/frame-000205.color.png 0.999857 -0.00588793 -0.0158213 -0.00213012 0.0062101 0.999773 0.0203934 0.00844075 0.0156977 -0.0204887 0.999667 0.00450066 0.0 0.0 0.0 1.0
redkitchen/seq-05/color/frame-000205.color.png redkitchen/seq-05/color/frame-000208.color.png 0.999989 0.000646987 -0.0047272 -0.0313414 -0.000703364 0.999928 -0.0119469 0.023807 0.00471905 0.0119501 0.999917 -0.0391938 0.0 0.0 0.0 1.0
redkitchen/seq-05/color/frame-000208.color.png redkitchen/seq-05/color/frame-000211.color.png 0.999669 0.00506541 -0.0252418 0.000212401 -0.00488765 0.999963 0.00710109 -0.000543833 0.0252768 -0.00697546 0.999656 0.0166821 0.0 0.0 0.0 1.0
redkitchen/seq-05/color/frame-000211.color.png redkitchen/seq-05/color/frame-000214.color.png 0.999954 0.00686951 -0.00669396 -0.0198773 -0.00683178 0.999961 0.00564188 0.00488582 0.00673248 -0.00559584 0.999962 -0.0211114 0.0 0.0 0.0 1.0
redkitchen/seq-05/color/frame-000214.color.png redkitchen/seq-05/color/frame-000217.color.png 0.999943 0.00775364 -0.0073214 -0.00811574 -0.00786596 0.99985 -0.015438 -0.0132681 0.00720054 0.0154948 0.999854 -0.0165721 0.0 0.0 0.0 1.0
redkitchen/seq-05/color/frame-000217.color.png redkitchen/seq-05/color/frame-000220.color.png 0.999978 -0.00524382 -0.00413785 0.00912401 0.00523649 0.999985 -0.00177484 0.000663012 0.00414709 0.00175313 0.99999 0.0080103 0.0 0.0 0.0 1.0
redkitchen/seq-05/color/frame-000220.color.png redkitchen/seq-05/color/frame-000223.color.png 0.999569 -0.0145885 0.0254732 -0.00178799 0.0142267 0.999796 0.0143271 0.0133587 -0.025677 -0.0139586 0.999573 -0.0185305 0.0 0.0 0.0 1.0
redkitchen/seq-05/color/frame-000223.color.png redkitchen/seq-05/color/frame-000226.color.png 0.999352 -0.0213844 0.0289449 0.0172115 0.0206129 0.999431 0.0266936 0.00764586 -0.0294993 -0.0260797 0.999224 -0.00358099 0.0 0.0 0.0 1.0
redkitchen/seq-05/color/frame-000226.color.png redkitchen/seq-05/color/frame-000229.color.png 0.998407 -0.0302441 0.0476334 0.0223247 0.0272329 0.997664 0.0626446 0.0311811 -0.0494168 -0.0612475 0.996898 -0.00586495 0.0 0.0 0.0 1.0
redkitchen/seq-05/color/frame-000229.color.png redkitchen/seq-05/color/frame-000232.color.png 0.999053 -0.0318719 0.0296159 0.0335934 0.0306238 0.998661 0.0416828 0.0218701 -0.0309048 -0.0407364 0.998692 0.0151911 0.0 0.0 0.0 1.0
redkitchen/seq-05/color/frame-000232.color.png redkitchen/seq-05/color/frame-000235.color.png 0.998119 -0.0370905 0.0488213 0.0198459 0.033 0.996079 0.0820777 0.038536 -0.0516741 -0.0803123 0.99543 -0.00202158 0.0 0.0 0.0 1.0
redkitchen/seq-05/color/frame-000235.color.png redkitchen/seq-05/color/frame-000238.color.png 0.999379 -0.0197803 0.0291513 0.0191853 0.0167343 0.994719 0.101262 0.0419742 -0.0310004 -0.100712 0.994433 0.0220048 0.0 0.0 0.0 1.0
redkitchen/seq-05/color/frame-000238.color.png redkitchen/seq-05/color/frame-000241.color.png 0.998128 -0.0507418 0.0341306 0.0195443 0.0480302 0.995946 0.0760547 0.0652239 -0.0378514 -0.0742729 0.996519 0.00847259 0.0 0.0 0.0 1.0
redkitchen/seq-05/color/frame-000241.color.png redkitchen/seq-05/color/frame-000244.color.png 0.997882 -0.042367 0.0493704 0.0195181 0.0373647 0.994467 0.0981758 0.033561 -0.0532567 -0.0961232 0.993944 0.00352114 0.0 0.0 0.0 1.0
redkitchen/seq-05/color/frame-000244.color.png redkitchen/seq-05/color/frame-000247.color.png 0.998449 -0.039743 0.0389769 0.0189853 0.036556 0.996178 0.0793235 0.0207199 -0.0419805 -0.0777756 0.996087 -0.000217587 0.0 0.0 0.0 1.0
redkitchen/seq-05/color/frame-000247.color.png redkitchen/seq-05/color/frame-000250.color.png 0.999483 -0.0277588 0.0162404 0.00952023 0.0267614 0.997917 0.0587064 0.0291781 -0.0178361 -0.0582414 0.998143 0.0153437 0.0 0.0 0.0 1.0
redkitchen/seq-05/color/frame-000250.color.png redkitchen/seq-05/color/frame-000253.color.png 0.999454 -0.0264688 0.0197682 0.0113598 0.0253136 0.998078 0.0565591 0.0300521 -0.0212274 -0.0560278 0.998203 -0.00620133 0.0 0.0 0.0 1.0
redkitchen/seq-05/color/frame-000253.color.png redkitchen/seq-05/color/frame-000256.color.png 0.998367 -0.0407339 0.0400452 0.0171769 0.0377371 0.996622 0.0729416 0.0596743 -0.0428811 -0.0713113 0.996532 -0.0132886 0.0 0.0 0.0 1.0
redkitchen/seq-05/color/frame-000256.color.png redkitchen/seq-05/color/frame-000259.color.png 0.998208 -0.0489645 0.0343883 0.026167 0.0460592 0.995672 0.0807182 0.0283905 -0.0381919 -0.0789897 0.996144 0.0204701 0.0 0.0 0.0 1.0
redkitchen/seq-05/color/frame-000259.color.png redkitchen/seq-05/color/frame-000262.color.png 0.999331 -0.027918 0.0236366 0.00975689 0.0272903 0.999277 0.0264801 0.0178767 -0.0243589 -0.0258173 0.99937 0.0065012 0.0 0.0 0.0 1.0
redkitchen/seq-05/color/frame-000262.color.png redkitchen/seq-05/color/frame-000265.color.png 0.999778 -0.0184339 0.0102137 0.00565797 0.0181537 0.999474 0.0268767 0.0123858 -0.0107038 -0.0266853 0.999587 -0.000754088 0.0 0.0 0.0 1.0
redkitchen/seq-05/color/frame-000265.color.png redkitchen/seq-05/color/frame-000268.color.png 0.998506 -0.0475633 0.0269076 0.0194612 0.047011 0.998678 0.0208009 0.0196711 -0.0278613 -0.0195049 0.999422 0.00406533 0.0 0.0 0.0 1.0
redkitchen/seq-05/color/frame-000268.color.png redkitchen/seq-05/color/frame-000271.color.png 0.998348 -0.0424103 0.0387567 0.0227202 0.0418237 0.999 0.0158227 0.0193995 -0.0393891 -0.0141756 0.999123 -0.0130915 0.0 0.0 0.0 1.0
redkitchen/seq-05/color/frame-000271.color.png redkitchen/seq-05/color/frame-000274.color.png 0.999205 -0.028482 0.0278906 0.0231327 0.0278844 0.999378 0.0215852 0.0108467 -0.0284881 -0.0207903 0.999378 0.0017319 0.0 0.0 0.0 1.0
redkitchen/seq-05/color/frame-000274.color.png redkitchen/seq-05/color/frame-000277.color.png 0.999088 -0.0206789 0.0373459 0.0206122 0.0204006 0.999761 0.00781866 -0.0019711 -0.0374984 -0.00704964 0.999272 -0.0184052 0.0 0.0 0.0 1.0
redkitchen/seq-05/color/frame-000277.color.png redkitchen/seq-05/color/frame-000280.color.png 0.999511 -0.0160408 0.0268399 0.0249664 0.0161903 0.999855 -0.00536322 -0.00608633 -0.0267501 0.00579512 0.999625 0.0081647 0.0 0.0 0.0 1.0
redkitchen/seq-05/color/frame-000280.color.png redkitchen/seq-05/color/frame-000283.color.png 0.998805 -0.028557 0.039659 0.0287263 0.0289088 0.999547 -0.00832387 0.00513977 -0.0394033 0.00946042 0.999179 -0.00242305 0.0 0.0 0.0 1.0
redkitchen/seq-05/color/frame-000283.color.png redkitchen/seq-05/color/frame-000286.color.png 0.999541 -0.0194304 0.0232282 0.0269561 0.0192327 0.999777 0.00870336 -0.00343894 -0.0233921 -0.00825263 0.999692 -0.0050413 0.0 0.0 0.0 1.0
redkitchen/seq-05/color/frame-000286.color.png redkitchen/seq-05/color/frame-000289.color.png 0.998303 -0.0389136 0.0433122 0.0286145 0.039009 0.999238 -0.00135781 0.0106746 -0.0432263 0.00304506 0.999061 0.00866568 0.0 0.0 0.0 1.0
redkitchen/seq-05/color/frame-000289.color.png redkitchen/seq-05/color/frame-000292.color.png 0.998704 -0.0384065 0.0334066 0.0271937 0.037821 0.999123 0.017986 0.01056 -0.0340682 -0.0166992 0.99928 0.00436047 0.0 0.0 0.0 1.0
redkitchen/seq-05/color/frame-000292.color.png redkitchen/seq-05/color/frame-000295.color.png 0.997036 -0.0493224 0.0590384 0.0427881 0.0481333 0.998612 0.0213981 0.00939769 -0.0600117 -0.018493 0.998026 -0.00630353 0.0 0.0 0.0 1.0
redkitchen/seq-05/color/frame-000295.color.png redkitchen/seq-05/color/frame-000298.color.png 0.999704 -0.0215679 0.0112318 0.0121808 0.0214244 0.999689 0.0127424 0.0113575 -0.0115032 -0.0124981 0.999856 0.00826585 0.0 0.0 0.0 1.0
redkitchen/seq-05/color/frame-000298.color.png redkitchen/seq-05/color/frame-000301.color.png 0.998674 -0.0334501 0.0391358 0.0225949 0.0326743 0.99926 0.0202989 -0.0107507 -0.0397858 -0.0189932 0.999028 -0.0278175 0.0 0.0 0.0 1.0
redkitchen/seq-05/color/frame-000301.color.png redkitchen/seq-05/color/frame-000304.color.png 0.999563 -0.0221419 0.0195957 0.0143901 0.0220227 0.999738 0.00628035 0.00562994 -0.0197296 -0.00584606 0.999788 -0.000803679 0.0 0.0 0.0 1.0
redkitchen/seq-05/color/frame-000304.color.png redkitchen/seq-05/color/frame-000307.color.png 0.999233 -0.0271503 0.0282182 0.0140918 0.0270499 0.999626 0.00393362 0.0204432 -0.0283144 -0.00316733 0.999594 0.0164357 0.0 0.0 0.0 1.0
redkitchen/seq-05/color/frame-000307.color.png redkitchen/seq-05/color/frame-000310.color.png 0.999583 -0.0176003 0.0228703 0.0159795 0.017462 0.999828 0.00623613 -0.00046099 -0.0229761 -0.00583415 0.999719 0.00648472 0.0 0.0 0.0 1.0
redkitchen/seq-05/color/frame-000310.color.png redkitchen/seq-05/color/frame-000313.color.png 0.999471 -0.0138039 0.0294304 0.0162776 0.0137565 0.999904 0.00181226 -0.0138739 -0.0294526 -0.00140643 0.999565 -0.0115207 0.0 0.0 0.0 1.0
redkitchen/seq-05/color/frame-000313.color.png redkitchen/seq-05/color/frame-000316.color.png 0.999546 -0.00629783 0.0294639 0.0145854 0.00663178 0.999915 -0.0112513 7.12201e-05 -0.0293905 0.0114416 0.999502 -0.00722916 0.0 0.0 0.0 1.0
redkitchen/seq-05/color/frame-000316.color.png redkitchen/seq-05/color/frame-000319.color.png 0.998972 -0.00014767 0.045329 0.00993448 0.00178934 0.999344 -0.0361779 -0.00799166 -0.0452939 0.0362218 0.998317 -0.0107059 0.0 0.0 0.0 1.0
redkitchen/seq-05/color/frame-000319.color.png redkitchen/seq-05/color/frame-000322.color.png 0.999654 0.017028 0.0200467 0.0042368 -0.016424 0.999417 -0.0299199 -0.0075282 -0.0205445 0.0295803 0.999351 0.00467518 0.0 0.0 0.0 1.0
redkitchen/seq-05/color/frame-000322.color.png redkitchen/seq-05/color/frame-000325.color.png 0.999714 0.0211266 0.0112355 0.0147465 -0.0208162 0.999417 -0.0270574 -0.0139099 -0.0118005 0.0268158 0.999571 0.00517665 0.0 0.0 0.0 1.0
redkitchen/seq-05/color/frame-000325.color.png redkitchen/seq-05/color/frame-000328.color.png 0.997955 0.0637837 -0.00419205 -0.000505805 -0.0638557 0.997755 -0.0201926 -0.0762607 0.00289459 0.020419 0.999787 0.0022354 0.0 0.0 0.0 1.0
redkitchen/seq-05/color/frame-000328.color.png redkitchen/seq-05/color/frame-000331.color.png 0.996118 0.0879117 -0.0044084 -0.00533144 -0.0880001 0.993499 -0.0722259 -0.00721232 -0.00196979 0.0723335 0.997379 0.000986606 0.0 0.0 0.0 1.0
redkitchen/seq-05/color/frame-000331.color.png redkitchen/seq-05/color/frame-000334.color.png 0.998181 0.058111 -0.0160449 -0.0104485 -0.0586291 0.997702 -0.0339687 -0.0183942 0.0140341 0.0348476 0.999294 -0.00574884 0.0 0.0 0.0 1.0
redkitchen/seq-05/color/frame-000334.color.png redkitchen/seq-05/color/frame-000337.color.png 0.996903 0.077022 -0.0158559 -0.0164466 -0.0773142 0.996831 -0.0187215 -0.0357091 0.0143638 0.0198895 0.999699 -0.00513799 0.0 0.0 0.0 1.0
redkitchen/seq-05/color/frame-000337.color.png redkitchen/seq-05/color/frame-000340.color.png 0.994329 0.103957 -0.0224397 -0.00385134 -0.104905 0.993406 -0.0462515 -0.00784435 0.0174834 0.0483433 0.998678 0.00424422 0.0 0.0 0.0 1.0
redkitchen/seq-05/color/frame-000340.color.png redkitchen/seq-05/color/frame-000343.color.png 0.994586 0.10391 -0.00116971 -0.0222998 -0.103825 0.993169 -0.0532455 -0.0307143 -0.00437091 0.0530787 0.998581 0.00199488 0.0 0.0 0.0 1.0
redkitchen/seq-05/color/frame-000343.color.png redkitchen/seq-05/color/frame-000346.color.png 0.995064 0.0988312 -0.00895663 -0.0113275 -0.0990966 0.994393 -0.0369085 -0.0201842 0.00525856 0.0376139 0.999279 -0.0100704 0.0 0.0 0.0 1.0
redkitchen/seq-05/color/frame-000346.color.png redkitchen/seq-05/color/frame-000349.color.png 0.989205 0.146329 0.00779054 -0.0143537 -0.144955 0.984935 -0.0942958 -0.0400695 -0.0214713 0.0921486 0.995514 -0.000655591 0.0 0.0 0.0 1.0
redkitchen/seq-05/color/frame-000349.color.png redkitchen/seq-05/color/frame-000352.color.png 0.994146 0.107786 0.00749 0.00227121 -0.107088 0.992171 -0.0642569 -0.00220899 -0.0143574 0.0630787 0.997905 0.00570419 0.0 0.0 0.0 1.0
redkitchen/seq-05/color/frame-000352.color.png redkitchen/seq-05/color/frame-000355.color.png 0.996451 0.0805676 0.0243853 -0.00513422 -0.0786815 0.994415 -0.0703454 -0.0119434 -0.0299166 0.0681771 0.997225 -0.00248425 0.0 0.0 0.0 1.0
redkitchen/seq-05/color/frame-000355.color.png redkitchen/seq-05/color/frame-000358.color.png 0.999009 0.0306383 0.0322769 0.0174839 -0.0288176 0.998046 -0.0554358 -0.00591096 -0.0339123 0.0544508 0.99794 -0.0154643 0.0 0.0 0.0 1.0
redkitchen/seq-05/color/frame-000358.color.png redkitchen/seq-05/color/frame-000361.color.png 0.997641 0.0115737 0.0676604 0.00946333 -0.00923 0.99935 -0.0348516 -0.0164204 -0.0680198 0.0341448 0.9971 -0.0215531 0.0 0.0 0.0 1.0
redkitchen/seq-05/color/frame-000361.color.png redkitchen/seq-05/color/frame-000364.color.png 0.999236 0.00701879 0.0384428 0.000862464 -0.00643952 0.999864 -0.0151678 -0.00951708 -0.038544 0.0149087 0.999146 -0.00531837 0.0 0.0 0.0 1.0
redkitchen/seq-05/color/frame-000364.color.png redkitchen/seq-05/color/frame-000367.color.png 0.999097 0.0184391 0.0382723 0.0102198 -0.0173647 0.999451 -0.0282229 0.00728527 -0.0387715 0.0275328 0.998869 -0.0144682 0.0 0.0 0.0 1.0
redkitchen/seq-05/color/frame-000367.color.png redkitchen/seq-05/color/frame-000370.color.png 0.999103 0.0113391 0.0408076 0.00642456 -0.010763 0.99984 -0.0143093 -0.00562743 -0.0409633 0.0138572 0.999065 -0.00860652 0.0 0.0 0.0 1.0
redkitchen/seq-05/color/frame-000370.color.png redkitchen/seq-05/color/frame-000373.color.png 0.99954 0.00398886 0.0300466 0.00817072 -0.00418469 0.99997 0.00646326 -0.0129854 -0.03002 -0.00658602 0.999528 9.77069e-05 0.0 0.0 0.0 1.0
redkitchen/seq-05/color/frame-000373.color.png redkitchen/seq-05/color/frame-000376.color.png 0.999709 0.00301731 0.0239342 0.0160662 -0.00292897 0.999989 -0.00372796 -0.0031293 -0.0239452 0.0036568 0.999707 0.000244126 0.0 0.0 0.0 1.0
redkitchen/seq-05/color/frame-000376.color.png redkitchen/seq-05/color/frame-000379.color.png 0.999772 -0.00657498 0.0203188 0.0130585 0.00603949 0.999635 0.0263141 -0.0270199 -0.0204844 -0.0261854 0.999447 0.00241995 0.0 0.0 0.0 1.0
redkitchen/seq-05/color/frame-000379.color.png redkitchen/seq-05/color/frame-000382.color.png 0.999738 -0.0148556 0.0174048 0.0160599 0.0143363 0.999459 0.02959 -0.000906404 -0.017835 -0.0293328 0.999411 0.00505047 0.0 0.0 0.0 1.0
redkitchen/seq-05/color/frame-000382.color.png redkitchen/seq-05/color/frame-000385.color.png 0.999515 -0.0214556 0.0225669 0.00236118 0.0210374 0.999606 0.0186048 0.00299044 -0.0229572 -0.018121 0.999572 -0.000246584 0.0 0.0 0.0 1.0
redkitchen/seq-05/color/frame-000385.color.png redkitchen/seq-05/color/frame-000388.color.png 0.999736 -0.019151 0.0127287 0.0105214 0.0186253 0.999018 0.0402047 -0.00051304 -0.0134861 -0.039957 0.99911 0.0115427 0.0 0.0 0.0 1.0
redkitchen/seq-05/color/frame-000388.color.png redkitchen/seq-05/color/frame-000391.color.png 0.999764 -0.0159149 0.0148028 0.0163643 0.0156665 0.999737 0.0167507 -0.0094206 -0.0150655 -0.0165148 0.99975 0.0052025 0.0 0.0 0.0 1.0
redkitchen/seq-05/color/frame-000391.color.png redkitchen/seq-05/color/frame-000394.color.png 0.99956 -0.021723 0.0202176 0.00644618 0.0213753 0.999623 0.0172539 0.00336828 -0.0205848 -0.0168142 0.999647 0.00367454 0.0 0.0 0.0 1.0
redkitchen/seq-05/color/frame-000394.color.png redkitchen/seq-05/color/frame-000397.color.png 0.999755 -0.0209249 0.00726479 0.0100343 0.0208143 0.999671 0.0149766 0.0125978 -0.00757579 -0.0148217 0.999861 0.00310779 0.0 0.0 0.0 1.0
redkitchen/seq-05/color/frame-000397.color.png redkitchen/seq-05/color/frame-000400.color.png 0.99949 -0.0187732 0.0258194 0.00439721 0.0187936 0.999823 -0.000548362 0.00110645 -0.0258046 0.00103334 0.999667 -0.00898868 0.0 0.0 0.0 1.0
redkitchen/seq-05/color/frame-000400.color.png redkitchen/seq-05/color/frame-000403.color.png 0.998814 -0.0357866 0.0330057 0.00148834 0.0357254 0.999359 0.00244213 0.0257933 -0.0330719 -0.00126011 0.999452 -0.00325514 0.0 0.0 0.0 1.0
redkitchen/seq-05/color/frame-000403.color.png redkitchen/seq-05/color/frame-000406.color.png 0.998018 -0.0368055 0.0510338 -0.00475806 0.0368934 0.999319 -0.000781411 -0.000400808 -0.0509703 0.00266269 0.998697 0.0028204 0.0 0.0 0.0 1.0
redkitchen/seq-05/color/frame-000406.color.png redkitchen/seq-05/color/frame-000409.color.png 0.99831 -0.0358853 0.0457064 0.0221692 0.0360128 0.999349 -0.00196717 0.00345807 -0.045606 0.00360986 0.998953 0.000824109 0.0 0.0 0.0 1.0
redkitchen/seq-05/color/frame-000409.color.png redkitchen/seq-05/color/frame-000412.color.png 0.998591 -0.0270058 0.0456808 0.0223396 0.0270737 0.999633 -0.000867383 -0.0016395 -0.0456406 0.00210292 0.998956 -0.00464188 0.0 0.0 0.0 1.0
redkitchen/seq-05/color/frame-000412.color.png redkitchen/seq-05/color/frame-000415.color.png 0.999439 -0.0208109 0.0262535 0.0386779 0.0204783 0.999708 0.0128677 -0.011613 -0.0265136 -0.0123228 0.999572 0.00637633 0.0 0.0 0.0 1.0
redkitchen/seq-05/color/frame-000415.color.png redkitchen/seq-05/color/frame-000418.color.png 0.99938 -0.0190652 0.0296117 0.00853204 0.0191368 0.999815 -0.00213643 0.00745595 -0.0295654 0.00270175 0.999559 0.00351962 0.0 0.0 0.0 1.0
redkitchen/seq-05/color/frame-000418.color.png redkitchen/seq-05/color/frame-000421.color.png 0.998542 -0.0275561 0.0464249 0.0248965 0.0279937 0.99957 -0.00879871 0.00555004 -0.0461624 0.0100855 0.998883 0.00322907 0.0 0.0 0.0 1.0
redkitchen/seq-05/color/frame-000421.color.png redkitchen/seq-05/color/frame-000424.color.png 0.998661 -0.0207799 0.0473731 -0.00293794 0.0204766 0.999767 0.00687961 -0.000294486 -0.0475049 -0.00590035 0.998854 0.00350711 0.0 0.0 0.0 1.0
redkitchen/seq-05/color/frame-000424.color.png redkitchen/seq-05/color/frame-000427.color.png 0.999268 -0.0204695 0.0323318 0.0115804 0.0206328 0.999776 -0.00472629 0.00215401 -0.0322278 0.0053899 0.999466 -0.00371926 0.0 0.0 0.0 1.0
redkitchen/seq-05/color/frame-000427.color.png redkitchen/seq-05/color/frame-000430.color.png 0.999603 -0.000240989 0.028176 0.00250564 0.00036261 0.999991 -0.00431138 0.000167266 -0.0281747 0.00431989 0.999594 0.00629079 0.0 0.0 0.0 1.0
redkitchen/seq-05/color/frame-000430.color.png redkitchen/seq-05/color/frame-000433.color.png 0.999863 0.00254819 0.0163749 0.0034031 -0.00260397 0.999991 0.00339361 -0.00448137 -0.016366 -0.00343578 0.99986 -0.000752263 0.0 0.0 0.0 1.0
redkitchen/seq-05/color/frame-000433.color.png redkitchen/seq-05/color/frame-000436.color.png 0.999162 -0.0153387 0.0379418 -0.000970956 0.0152087 0.999877 0.00371278 0.00146854 -0.037994 -0.0031326 0.999273 0.00301979 0.0 0.0 0.0 1.0
redkitchen/seq-05/color/frame-000436.color.png redkitchen/seq-05/color/frame-000439.color.png 0.999721 -0.0117421 0.0205086 0.00893754 0.0117554 0.999931 -0.000533764 -0.00704838 -0.0205009 0.000774683 0.999789 -0.00536029 0.0 0.0 0.0 1.0
redkitchen/seq-05/color/frame-000439.color.png redkitchen/seq-05/color/frame-000442.color.png 0.999665 -0.0182257 0.0183868 0.00186798 0.0181936 0.999833 0.00190716 0.00187017 -0.0184185 -0.00157201 0.999829 0.00352591 0.0 0.0 0.0 1.0
redkitchen/seq-05/color/frame-000442.color.png redkitchen/seq-05/color/frame-000445.color.png 0.999572 -0.00607504 0.0286172 0.00381588 0.00617371 0.999975 -0.00335955 0.0020857 -0.0285962 0.00353478 0.999585 0.00623856 0.0 0.0 0.0 1.0
redkitchen/seq-05/color/frame-000445.color.png redkitchen/seq-05/color/frame-000448.color.png 0.998968 -0.0357495 0.0280165 0.0116122 0.0360014 0.999315 -0.00853904 -0.00575854 -0.0276921 0.00953885 0.999571 -0.00589479 0.0 0.0 0.0 1.0
redkitchen/seq-05/color/frame-000448.color.png redkitchen/seq-05/color/frame-000451.color.png 0.998996 -0.0312422 0.0321078 0.00530881 0.0314069 0.999496 -0.00463963 0.00525328 -0.0319466 0.0056434 0.999474 0.0130517 0.0 0.0 0.0 1.0
redkitchen/seq-05/color/frame-000451.color.png redkitchen/seq-05/color/frame-000454.color.png 0.998317 -0.044511 0.03718 0.00703758 0.0449784 0.998918 -0.0118271 -0.00423721 -0.0366132 0.0134795 0.999239 0.00458697 0.0 0.0 0.0 1.0
redkitchen/seq-05/color/frame-000454.color.png redkitchen/seq-05/color/frame-000457.color.png 0.999006 -0.0423014 0.0140536 0.00877674 0.0423992 0.999078 -0.00673604 -4.92781e-05 -0.0137557 0.0073252 0.999879 0.00362132 0.0 0.0 0.0 1.0
redkitchen/seq-05/color/frame-000457.color.png redkitchen/seq-05/color/frame-000460.color.png 0.999867 -0.012756 0.0101626 0.00585036 0.012812 0.999903 -0.00547061 -0.00316693 -0.0100918 0.00560007 0.999933 0.000545681 0.0 0.0 0.0 1.0
redkitchen/seq-05/color/frame-000460.color.png redkitchen/seq-05/color/frame-000463.color.png 0.999663 -0.0237223 0.0105679 0.0207494 0.0238465 0.999646 -0.0117871 0.0104136 -0.0102845 0.0120352 0.999875 0.000150435 0.0 0.0 0.0 1.0
redkitchen/seq-05/color/frame-000463.color.png redkitchen/seq-05/color/frame-000466.color.png 0.999586 -0.0104651 0.0267986 0.0131724 0.0104278 0.999945 0.00153174 0.00124723 -0.0268132 -0.00125167 0.99964 0.00047414 0.0 0.0 0.0 1.0
redkitchen/seq-05/color/frame-000466.color.png redkitchen/seq-05/color/frame-000469.color.png 0.999235 -0.0149225 0.036142 0.00718259 0.0151458 0.999868 -0.00591427 -0.00853334 -0.0360489 0.00645716 0.999329 0.00535484 0.0 0.0 0.0 1.0
redkitchen/seq-05/color/frame-000469.color.png redkitchen/seq-05/color/frame-000472.color.png 0.999687 -0.0059187 0.0243085 0.00888062 0.00622612 0.999902 -0.0125891 -0.00402044 -0.0242316 0.0127365 0.999625 0.00104447 0.0 0.0 0.0 1.0
redkitchen/seq-05/color/frame-000472.color.png redkitchen/seq-05/color/frame-000475.color.png 0.999433 -0.0293324 0.0165464 0.0106597 0.0295973 0.999434 -0.0160015 -0.00847922 -0.0160677 0.0164822 0.999735 -0.00501326 0.0 0.0 0.0 1.0
redkitchen/seq-05/color/frame-000475.color.png redkitchen/seq-05/color/frame-000478.color.png 0.999908 -0.0115133 0.00717024 0.0143142 0.011621 0.999817 -0.0151684 -0.00474242 -0.00699429 0.0152503 0.999859 0.00754835 0.0 0.0 0.0 1.0
redkitchen/seq-05/color/frame-000478.color.png redkitchen/seq-05/color/frame-000481.color.png 0.999236 -0.038964 0.00317167 0.00754164 0.0390426 0.998773 -0.0304577 -0.00763435 -0.00198101 0.0305582 0.999531 -0.00152462 0.0 0.0 0.0 1.0
redkitchen/seq-05/color/frame-000481.color.png redkitchen/seq-05/color/frame-000484.color.png 0.999258 -0.0384932 -0.00144315 -0.00410338 0.0384457 0.998954 -0.0247742 -0.0134507 0.00239532 0.0247004 0.999692 -0.00873229 0.0 0.0 0.0 1.0
redkitchen/seq-05/color/frame-000484.color.png redkitchen/seq-05/color/frame-000487.color.png 0.999013 -0.0443681 0.00200152 0.00713722 0.0444025 0.998747 -0.0230862 -0.00733235 -0.000974818 0.0231523 0.999731 0.000328876 0.0 0.0 0.0 1.0
redkitchen/seq-05/color/frame-000487.color.png redkitchen/seq-05/color/frame-000490.color.png 0.999186 -0.0388513 -0.0108687 0.00796484 0.0386096 0.99902 -0.0216255 -0.0127437 0.0116983 0.0211882 0.999707 -0.00336003 0.0 0.0 0.0 1.0
redkitchen/seq-05/color/frame-000490.color.png redkitchen/seq-05/color/frame-000493.color.png 0.998188 -0.0456097 -0.0392609 -0.00469081 0.0438192 0.998011 -0.0453176 -0.0105492 0.0412496 0.0435151 0.998201 -0.00629947 0.0 0.0 0.0 1.0
redkitchen/seq-05/color/frame-000493.color.png redkitchen/seq-05/color/frame-000496.color.png 0.99935 -0.0152254 -0.0326634 0.0030707 0.0141104 0.999319 -0.0340972 0.000919959 0.0331603 0.0336142 0.998885 0.000547543 0.0 0.0 0.0 1.0
redkitchen/seq-05/color/frame-000496.color.png redkitchen/seq-05/color/frame-000499.color.png 0.998555 0.00642208 -0.0533576 0.014113 -0.00697489 0.999924 -0.0101804 -0.0125933 0.0532881 0.0105378 0.998524 -0.00868662 0.0 0.0 0.0 1.0
redkitchen/seq-05/color/frame-000499.color.png redkitchen/seq-05/color/frame-000502.color.png 0.997745 -0.0119846 -0.066044 -0.019221 0.00943472 0.999203 -0.0387866 7.89613e-05 0.0664562 0.038076 0.997063 -0.0244431 0.0 0.0 0.0 1.0
redkitchen/seq-05/color/frame-000502.color.png redkitchen/seq-05/color/frame-000505.color.png 0.997161 -0.0137969 -0.0740202 -0.018526 0.00928693 0.998099 -0.0609304 0.0153677 0.0747201 0.0600701 0.995394 0.000480756 0.0 0.0 0.0 1.0
redkitchen/seq-05/color/frame-000505.color.png redkitchen/seq-05/color/frame-000508.color.png 0.997017 0.0149699 -0.0757186 -0.0295798 -0.0201609 0.997464 -0.0682634 0.00272023 0.0745046 0.0695864 0.99479 -0.00402587 0.0 0.0 0.0 1.0
redkitchen/seq-05/color/frame-000508.color.png redkitchen/seq-05/color/frame-000511.color.png 0.999694 0.0121041 -0.0215967 -0.0135359 -0.0126646 0.999581 -0.0260071 -0.0166307 0.0212728 0.0262726 0.999428 -0.00320422 0.0 0.0 0.0 1.0
