redkitchen/seq-03/color/frame-000000.color.png redkitchen/seq-03/color/frame-000001.color.png 0.999992 -0.0038587 -0.000169328 -0.0010582 0.00385842 0.999991 -0.00161311 -4.50645e-05 0.000175551 0.00161245 0.999999 0.00339019 0.0 0.0 0.0 1.0
redkitchen/seq-03/color/frame-000001.color.png redkitchen/seq-03/color/frame-000002.color.png 1.0 0.00093859 0.000325762 -0.00124876 -0.000938724 0.999999 0.000412233 0.000197821 -0.000325375 -0.000412539 1.0 0.00127822 0.0 0.0 0.0 1.0
redkitchen/seq-03/color/frame-000002.color.png redkitchen/seq-03/color/frame-000003.color.png 0.999998 -0.000570189 -0.00172387 0.000512722 0.00056669 0.999998 -0.0020299 0.00171068 0.00172502 0.00202892 0.999996 0.00256632 0.0 0.0 0.0 1.0
redkitchen/seq-03/color/frame-000003.color.png redkitchen/seq-03/color/frame-000004.color.png 0.999998 0.00159048 -0.0010175 -0.000631909 -0.00158989 0.999999 0.000582474 -0.000626071 0.00101842 -0.000580855 0.999999 -0.000163922 0.0 0.0 0.0 1.0
redkitchen/seq-03/color/frame-000004.color.png redkitchen/seq-03/color/frame-000005.color.png 0.999998 0.00205419 0.000494578 -0.00174237 -0.00205425 0.999998 0.000135201 -0.00192704 -0.0004943 -0.000136217 1.0 0.00294975 0.0 0.0 0.0 1.0
redkitchen/seq-03/color/frame-000005.color.png redkitchen/seq-03/color/frame-000006.color.png 1.0 -0.000101117 -0.00022221 -0.00102304 0.000100602 0.999997 -0.00231881 0.00239764 0.000222443 0.00231879 0.999997 0.00173229 0.0 0.0 0.0 1.0
redkitchen/seq-03/color/frame-000006.color.png redkitchen/seq-03/color/frame-000007.color.png 0.999997 0.00199939 -0.00115854 -0.00176928 -0.00199791 0.999997 0.00127626 -0.0022724 0.00116108 -0.00127394 0.999998 0.00348729 0.0 0.0 0.0 1.0
redkitchen/seq-03/color/frame-000007.color.png redkitchen/seq-03/color/frame-000008.color.png 1.0 -8.18085e-06 -0.000836839 0.00096668 7.10661e-06 0.999999 -0.00128393 0.00158973 0.000836848 0.00128392 0.999999 0.00145819 0.0 0.0 0.0 1.0
redkitchen/seq-03/color/frame-000008.color.png redkitchen/seq-03/color/frame-000009.color.png 0.999999 0.000602342 -0.00108368 -0.00226354 -0.000601812 1.0 0.000489954 0.000444263 0.00108398 -0.000489302 0.999999 0.00364733 0.0 0.0 0.0 1.0
redkitchen/seq-03/color/frame-000009.color.png redkitchen/seq-03/color/frame-000010.color.png 1.0 -5.94353e-05 -0.000318374 -4.39472e-05 5.95677e-05 1.0 0.000415819 -0.00019435 0.00031835 -0.000415839 1.0 0.00187562 0.0 0.0 0.0 1.0
redkitchen/seq-03/color/frame-000010.color.png redkitchen/seq-03/color/frame-000011.color.png 1.0 -0.000334356 -6.55476e-05 -0.0016562 0.000334414 1.0 0.000889936 -0.000158259 6.52497e-05 -0.000889957 1.0 0.00455922 0.0 0.0 0.0 1.0
redkitchen/seq-03/color/frame-000011.color.png redkitchen/seq-03/color/frame-000012.color.png 0.999999 0.000445842 -0.000989014 -0.00172125 -0.000444946 1.0 0.000905607 -0.00426456 0.000989418 -0.000905166 0.999999 0.00471674 0.0 0.0 0.0 1.0
redkitchen/seq-03/color/frame-000012.color.png redkitchen/seq-03/color/frame-000013.color.png 1.0 3.00017e-05 0.000265647 0.00140185 -3.00597e-05 1.0 0.000218987 -0.000688519 -0.00026564 -0.000218996 1.0 0.000782099 0.0 0.0 0.0 1.0
redkitchen/seq-03/color/frame-000013.color.png redkitchen/seq-03/color/frame-000014.color.png 1.0 -0.000170646 0.000803818 -0.00195495 0.00016935 0.999999 0.00161212 -0.00178766 -0.000804091 -0.00161198 0.999998 0.00459523 0.0 0.0 0.0 1.0
redkitchen/seq-03/color/frame-000014.color.png redkitchen/seq-03/color/frame-000015.color.png 0.999999 -0.000374246 0.00128218 -0.00257852 0.000375511 0.999999 -0.000986613 -0.00174109 -0.00128181 0.000987093 0.999999 0.0090281 0.0 0.0 0.0 1.0
redkitchen/seq-03/color/frame-000015.color.png redkitchen/seq-03/color/frame-000016.color.png 0.999997 -0.00236931 0.000983472 -0.000543015 0.00237023 0.999997 -0.00093151 0.00237606 -0.000981262 0.000933839 0.999999 0.00475271 0.0 0.0 0.0 1.0
redkitchen/seq-03/color/frame-000016.color.png redkitchen/seq-03/color/frame-000017.color.png 0.999999 -0.00171358 0.000178004 -0.00222225 0.00171376 0.999998 -0.00101145 0.000616417 -0.00017627 0.00101176 0.999999 0.00477114 0.0 0.0 0.0 1.0
redkitchen/seq-03/color/frame-000017.color.png redkitchen/seq-03/color/frame-000018.color.png 0.999996 -0.0019511 -0.00183297 0.000928221 0.001945 0.999993 -0.00332189 -0.00392062 0.00183944 0.00331831 0.999993 0.00764237 0.0 0.0 0.0 1.0
redkitchen/seq-03/color/frame-000018.color.png redkitchen/seq-03/color/frame-000019.color.png 0.999998 -0.0020344 0.000877552 -0.003136 0.00203452 0.999998 -0.000132805 0.000454391 -0.00087728 0.000134591 1.0 0.00864956 0.0 0.0 0.0 1.0
redkitchen/seq-03/color/frame-000019.color.png redkitchen/seq-03/color/frame-000020.color.png 0.999994 -0.00336427 -0.000253989 -0.00637317 0.00336352 0.99999 -0.00292673 0.00232693 0.000263833 0.00292586 0.999996 0.0114536 0.0 0.0 0.0 1.0
redkitchen/seq-03/color/frame-000020.color.png redkitchen/seq-03/color/frame-000021.color.png 0.999987 -0.00121274 -0.00494369 0.00234889 0.00119524 0.999993 -0.00354128 -0.00621421 0.00494795 0.00353532 0.999981 0.00491702 0.0 0.0 0.0 1.0
redkitchen/seq-03/color/frame-000021.color.png redkitchen/seq-03/color/frame-000022.color.png 1.0 0.000679383 -5.83618e-05 -0.00437113 -0.000679406 1.0 -0.000352319 -0.000201872 5.81223e-05 0.000352359 1.0 0.00763024 0.0 0.0 0.0 1.0
redkitchen/seq-03/color/frame-000022.color.png redkitchen/seq-03/color/frame-000023.color.png 0.99999 -0.00303131 -0.0031499 -0.00199073 0.00302202 0.999991 -0.00294974 0.00580751 0.00315881 0.00294019 0.999991 0.00840937 0.0 0.0 0.0 1.0
redkitchen/seq-03/color/frame-000023.color.png redkitchen/seq-03/color/frame-000024.color.png 0.999979 0.00289793 -0.00580897 -0.00451044 -0.00290521 0.999995 -0.00124452 -0.0103899 0.00580533 0.00126137 0.999982 0.0109556 0.0 0.0 0.0 1.0
redkitchen/seq-03/color/frame-000024.color.png redkitchen/seq-03/color/frame-000025.color.png 1.0 0.000428269 -0.000304219 -0.00221208 -0.000429292 0.999994 -0.00336764 0.00398338 0.000302777 0.00336776 0.999994 0.00657775 0.0 0.0 0.0 1.0
redkitchen/seq-03/color/frame-000025.color.png redkitchen/seq-03/color/frame-000026.color.png 1.0 0.000179045 0.000968621 -0.00418245 -0.000177143 0.999998 -0.00195898 -0.00304425 -0.000968967 0.00195881 0.999998 0.0077901 0.0 0.0 0.0 1.0
redkitchen/seq-03/color/frame-000026.color.png redkitchen/seq-03/color/frame-000027.color.png 0.999875 -0.0141989 -0.00693836 0.00255341 0.0141591 0.999883 -0.00575136 0.00177661 0.00701921 0.0056524 0.999959 0.00555345 0.0 0.0 0.0 1.0
redkitchen/seq-03/color/frame-000027.color.png redkitchen/seq-03/color/frame-000028.color.png 0.999988 -0.00471516 -0.00121722 0.00122574 0.00471734 0.999987 0.00180041 -0.00196913 0.00120872 -0.00180613 0.999998 0.00311555 0.0 0.0 0.0 1.0
redkitchen/seq-03/color/frame-000028.color.png redkitchen/seq-03/color/frame-000029.color.png 0.999988 -0.00410121 0.00265776 -0.00372892 0.00409452 0.999988 0.00251698 -0.00545772 -0.00266805 -0.00250606 0.999993 0.00881411 0.0 0.0 0.0 1.0
redkitchen/seq-03/color/frame-000029.color.png redkitchen/seq-03/color/frame-000030.color.png 0.999991 -0.00406648 0.00153022 0.00236109 0.00406571 0.999992 0.000506598 -0.00124869 -0.00153227 -0.000500375 0.999999 0.0115533 0.0 0.0 0.0 1.0
redkitchen/seq-03/color/frame-000030.color.png redkitchen/seq-03/color/frame-000031.color.png 0.999999 0.000142475 0.00106762 0.00460633 -0.000144097 0.999999 0.0015132 -0.0022438 -0.00106741 -0.00151335 0.999998 0.00162104 0.0 0.0 0.0 1.0
redkitchen/seq-03/color/frame-000031.color.png redkitchen/seq-03/color/frame-000032.color.png 0.999993 4.30555e-05 0.00376596 -0.00194084 -4.39489e-05 1.0 0.000238208 -0.00062675 -0.00376596 -0.000238374 0.999993 0.00808279 0.0 0.0 0.0 1.0
redkitchen/seq-03/color/frame-000032.color.png redkitchen/seq-03/color/frame-000033.color.png 1.0 -0.000905179 -0.000108643 0.00807511 0.00090546 0.999996 0.00263509 -0.0020922 0.000106263 -0.00263518 0.999996 0.00615977 0.0 0.0 0.0 1.0
redkitchen/seq-03/color/frame-000033.color.png redkitchen/seq-03/color/frame-000034.color.png 0.999998 0.00183521 0.000608943 0.00691393 -0.0018365 0.999996 0.00213383 -0.00235244 -0.000605027 -0.00213494 0.999998 0.00179641 0.0 0.0 0.0 1.0
redkitchen/seq-03/color/frame-000034.color.png redkitchen/seq-03/color/frame-000035.color.png 0.999994 -0.000195481 0.00334244 -0.00313914 0.000196005 1.0 -0.000160861 0.00384545 -0.00334241 0.000161517 0.999994 0.00923316 0.0 0.0 0.0 1.0
redkitchen/seq-03/color/frame-000035.color.png redkitchen/seq-03/color/frame-000036.color.png 0.999998 0.0021303 -0.000379078 -0.00222035 -0.00213012 0.999998 0.000475861 -0.000957262 0.000380092 -0.000475053 1.0 0.00872241 0.0 0.0 0.0 1.0
redkitchen/seq-03/color/frame-000036.color.png redkitchen/seq-03/color/frame-000037.color.png 0.999942 0.010707 0.00123604 0.00549735 -0.0107076 0.999943 0.00045793 -0.00552341 -0.00123107 -0.000471139 0.999999 0.0102407 0.0 0.0 0.0 1.0
redkitchen/seq-03/color/frame-000037.color.png redkitchen/seq-03/color/frame-000038.color.png 0.999997 0.00234647 0.000756672 -0.00197666 -0.00234404 0.999992 -0.00318499 0.00235127 -0.000764141 0.0031832 0.999995 0.0109063 0.0 0.0 0.0 1.0
redkitchen/seq-03/color/frame-000038.color.png redkitchen/seq-03/color/frame-000039.color.png 0.999988 -0.00417425 -0.00254798 -0.000919925 0.00415808 0.999971 -0.0063172 0.00411267 0.00257428 0.00630653 0.999977 0.00934353 0.0 0.0 0.0 1.0
redkitchen/seq-03/color/frame-000039.color.png redkitchen/seq-03/color/frame-000040.color.png 0.999979 0.000932716 -0.00640988 0.0137483 -0.000948582 0.999996 -0.00247237 -0.000717236 0.00640755 0.0024784 0.999976 -0.00288554 0.0 0.0 0.0 1.0
redkitchen/seq-03/color/frame-000040.color.png redkitchen/seq-03/color/frame-000041.color.png 0.999996 0.00187969 -0.00208023 0.00446257 -0.00187709 0.999997 0.00124927 -0.000615586 0.00208257 -0.00124536 0.999997 0.00584708 0.0 0.0 0.0 1.0
redkitchen/seq-03/color/frame-000041.color.png redkitchen/seq-03/color/frame-000042.color.png 0.999998 0.000329118 0.00208116 0.00280736 -0.00032424 0.999997 -0.00234588 -0.00463502 -0.00208192 0.00234519 0.999995 0.018325 0.0 0.0 0.0 1.0
redkitchen/seq-03/color/frame-000042.color.png redkitchen/seq-03/color/frame-000043.color.png 0.999975 -0.00712544 -0.000222714 0.00161155 0.00712427 0.999963 -0.00488418 0.00439169 0.00025751 0.00488247 0.999988 0.0113116 0.0 0.0 0.0 1.0
redkitchen/seq-03/color/frame-000043.color.png redkitchen/seq-03/color/frame-000044.color.png 0.999972 -0.00227049 -0.00706132 0.00771243 0.00223108 0.999982 -0.0055845 0.00272661 0.00707387 0.00556859 0.999959 0.00861025 0.0 0.0 0.0 1.0
redkitchen/seq-03/color/frame-000044.color.png redkitchen/seq-03/color/frame-000045.color.png 0.999997 3.80496e-05 -0.00258794 0.00142307 -4.02384e-05 1.0 -0.000845848 -0.00817957 0.00258791 0.000845951 0.999996 0.00830111 0.0 0.0 0.0 1.0
redkitchen/seq-03/color/frame-000045.color.png redkitchen/seq-03/color/frame-000046.color.png 0.999994 0.000810285 -0.00344063 0.0157842 -0.000815841 0.999998 -0.00161368 -7.19354e-05 0.00343931 0.00161646 0.999993 0.0024448 0.0 0.0 0.0 1.0
redkitchen/seq-03/color/frame-000046.color.png redkitchen/seq-03/color/frame-000047.color.png 0.999994 -0.00326306 -0.00109364 0.00605165 0.00326291 0.999995 -0.000134816 0.0038436 0.00109408 0.000131258 0.999999 0.0050796 0.0 0.0 0.0 1.0
redkitchen/seq-03/color/frame-000047.color.png redkitchen/seq-03/color/frame-000048.color.png 0.999996 -0.00249508 0.00115644 -0.00997928 0.00249574 0.999997 -0.000567787 -3.01935e-05 -0.00115501 0.000570665 0.999999 0.02378 0.0 0.0 0.0 1.0
redkitchen/seq-03/color/frame-000048.color.png redkitchen/seq-03/color/frame-000049.color.png 0.999972 0.00365452 -0.00653838 0.0179739 -0.00362773 0.999985 0.00410481 -0.0116857 0.00655329 -0.00408097 0.99997 0.0112591 0.0 0.0 0.0 1.0
redkitchen/seq-03/color/frame-000049.color.png redkitchen/seq-03/color/frame-000050.color.png 0.999992 0.00325585 0.00221298 -0.000985662 -0.00325947 0.999993 0.00163573 -0.00266692 -0.00220765 -0.00164293 0.999996 0.014617 0.0 0.0 0.0 1.0
redkitchen/seq-03/color/frame-000050.color.png redkitchen/seq-03/color/frame-000051.color.png 0.999973 -0.00699151 -0.00211565 0.00457217 0.00698479 0.999971 -0.00316777 0.00783643 0.00213773 0.00315291 0.999993 0.00927851 0.0 0.0 0.0 1.0
redkitchen/seq-03/color/frame-000051.color.png redkitchen/seq-03/color/frame-000052.color.png 0.999967 -0.00515515 -0.00631233 0.00714136 0.00516205 0.999986 0.00107854 -0.00164266 0.0063067 -0.00111108 0.999979 0.0123933 0.0 0.0 0.0 1.0
redkitchen/seq-03/color/frame-000052.color.png redkitchen/seq-03/color/frame-000053.color.png 0.999991 -0.001476 -0.00404877 0.00645834 0.0014881 0.999994 0.00298454 -0.00661794 0.00404434 -0.00299053 0.999987 0.00752833 0.0 0.0 0.0 1.0
redkitchen/seq-03/color/frame-000053.color.png redkitchen/seq-03/color/frame-000054.color.png 0.999997 0.00132211 -0.00187549 0.00758644 -0.00131984 0.999998 0.00120829 -0.00328767 0.00187707 -0.00120583 0.999998 0.0117551 0.0 0.0 0.0 1.0
redkitchen/seq-03/color/frame-000054.color.png redkitchen/seq-03/color/frame-000055.color.png 0.999994 0.00360656 7.625e-05 0.00204839 -0.00360658 0.999993 0.00021439 -0.00218814 -7.54713e-05 -0.000214668 1.0 0.0107593 0.0 0.0 0.0 1.0
redkitchen/seq-03/color/frame-000055.color.png redkitchen/seq-03/color/frame-000056.color.png 0.999996 -0.00161301 -0.00249876 0.00448913 0.00160538 0.999994 -0.00304963 0.00516311 0.00250367 0.0030456 0.999992 0.00926906 0.0 0.0 0.0 1.0
redkitchen/seq-03/color/frame-000056.color.png redkitchen/seq-03/color/frame-000057.color.png 0.999989 -0.000188383 -0.00461692 0.00547722 0.000182322 0.999999 -0.00131276 -0.00133479 0.00461716 0.00131191 0.999988 0.0106743 0.0 0.0 0.0 1.0
redkitchen/seq-03/color/frame-000057.color.png redkitchen/seq-03/color/frame-000058.color.png 0.999986 0.000749619 -0.00521997 0.0103714 -0.000753185 0.999999 -0.000683072 -0.00236018 0.00521947 0.000686996 0.999986 0.00624198 0.0 0.0 0.0 1.0
redkitchen/seq-03/color/frame-000058.color.png redkitchen/seq-03/color/frame-000059.color.png 0.999994 -0.00084144 -0.0033273 0.00691593 0.000844647 0.999999 0.000965031 -0.00205399 0.00332647 -0.00096784 0.999994 0.00783914 0.0 0.0 0.0 1.0
redkitchen/seq-03/color/frame-000059.color.png redkitchen/seq-03/color/frame-000060.color.png 0.999992 -0.00302522 -0.00265222 -0.00025063 0.00302109 0.999994 -0.00156197 0.00148066 0.00265694 0.00155394 0.999995 0.0120164 0.0 0.0 0.0 1.0
redkitchen/seq-03/color/frame-000060.color.png redkitchen/seq-03/color/frame-000061.color.png 0.999972 -0.00186863 -0.00721683 0.00688234 0.00184264 0.999992 -0.0036065 0.00276287 0.0072235 0.00359311 0.999968 0.00976044 0.0 0.0 0.0 1.0
redkitchen/seq-03/color/frame-000061.color.png redkitchen/seq-03/color/frame-000062.color.png 0.999942 0.00684688 -0.00829152 0.0159125 -0.00683511 0.999976 0.0014467 -0.00649738 0.00830122 -0.00138995 0.999965 0.00420859 0.0 0.0 0.0 1.0
redkitchen/seq-03/color/frame-000062.color.png redkitchen/seq-03/color/frame-000063.color.png 0.999958 0.00903121 -0.00173565 0.00581754 -0.0090267 0.999956 0.00258617 -0.00727292 0.00175894 -0.00257039 0.999995 0.0083791 0.0 0.0 0.0 1.0
redkitchen/seq-03/color/frame-000063.color.png redkitchen/seq-03/color/frame-000064.color.png 0.999966 0.00814884 0.000888636 0.00300521 -0.00814844 0.999967 -0.000454659 -0.00373499 -0.000892287 0.000447401 1.0 0.00708812 0.0 0.0 0.0 1.0
redkitchen/seq-03/color/frame-000064.color.png redkitchen/seq-03/color/frame-000065.color.png 0.999985 0.00530829 0.000962157 0.0078755 -0.00530818 0.999986 -0.000115865 -4.90099e-05 -0.000962763 0.000110758 0.999999 0.00271684 0.0 0.0 0.0 1.0
redkitchen/seq-03/color/frame-000065.color.png redkitchen/seq-03/color/frame-000066.color.png 0.999995 -0.00167663 0.00280877 0.00070335 0.00167175 0.999997 0.00173661 0.0051759 -0.00281167 -0.0017319 0.999995 0.0076232 0.0 0.0 0.0 1.0
redkitchen/seq-03/color/frame-000066.color.png redkitchen/seq-03/color/frame-000067.color.png 0.999994 -0.0034296 3.89898e-06 -0.001754 0.00342957 0.99999 0.00272048 -0.00200178 -1.32332e-05 -0.00272045 0.999996 0.0115911 0.0 0.0 0.0 1.0
redkitchen/seq-03/color/frame-000067.color.png redkitchen/seq-03/color/frame-000068.color.png 0.99999 -0.0035829 -0.00250021 0.00823504 0.00358856 0.999991 0.00226237 -0.00346843 0.00249209 -0.00227133 0.999994 0.00521478 0.0 0.0 0.0 1.0
redkitchen/seq-03/color/frame-000068.color.png redkitchen/seq-03/color/frame-000069.color.png 0.999999 0.00119199 0.000916101 0.00697456 -0.00119469 0.999995 0.00294771 -0.00288049 -0.000912558 -0.00294879 0.999995 0.00347456 0.0 0.0 0.0 1.0
redkitchen/seq-03/color/frame-000069.color.png redkitchen/seq-03/color/frame-000070.color.png 0.999994 0.00283053 0.00211281 0.00270148 -0.00284167 0.999982 0.00529074 -0.0027368 -0.00209782 -0.00529672 0.999984 0.00654486 0.0 0.0 0.0 1.0
redkitchen/seq-03/color/frame-000070.color.png redkitchen/seq-03/color/frame-000071.color.png 0.999995 -0.000345016 0.00313188 -0.00276195 0.000333517 0.999993 0.00367108 -0.00062155 -0.00313312 -0.00367001 0.999988 0.0105573 0.0 0.0 0.0 1.0
redkitchen/seq-03/color/frame-000071.color.png redkitchen/seq-03/color/frame-000072.color.png 0.999992 -0.00385073 0.000772177 0.00495964 0.00384843 0.999988 0.00295509 0.000933312 -0.000783556 -0.0029521 0.999995 0.00571853 0.0 0.0 0.0 1.0
redkitchen/seq-03/color/frame-000072.color.png redkitchen/seq-03/color/frame-000073.color.png 0.999998 -0.000807444 0.00186298 0.00294502 0.00079763 0.999986 0.00526251 -0.00343369 -0.00186719 -0.00526101 0.999984 0.00736415 0.0 0.0 0.0 1.0
redkitchen/seq-03/color/frame-000073.color.png redkitchen/seq-03/color/frame-000074.color.png 0.999992 -0.000517254 0.0039357 -0.0047079 0.000499989 0.99999 0.0043873 -0.00423564 -0.00393792 -0.0043853 0.999983 0.0119628 0.0 0.0 0.0 1.0
redkitchen/seq-03/color/frame-000074.color.png redkitchen/seq-03/color/frame-000075.color.png 0.999997 -0.00103169 0.00224474 0.00560787 0.00102613 0.999996 0.0024742 -0.00556896 -0.00224729 -0.00247189 0.999994 0.00565416 0.0 0.0 0.0 1.0
redkitchen/seq-03/color/frame-000075.color.png redkitchen/seq-03/color/frame-000076.color.png 0.999999 -0.00138413 0.000333019 0.00974774 0.0013839 0.999999 0.000693551 0.00653817 -0.000333967 -0.000693089 1.0 0.00113577 0.0 0.0 0.0 1.0
redkitchen/seq-03/color/frame-000076.color.png redkitchen/seq-03/color/frame-000077.color.png 0.999984 0.00192405 0.00536603 -0.00568324 -0.00195671 0.99998 0.00608719 -0.00881651 -0.00535423 -0.00609759 0.999967 0.0130745 0.0 0.0 0.0 1.0
redkitchen/seq-03/color/frame-000077.color.png redkitchen/seq-03/color/frame-000078.color.png 0.999985 -0.000778769 0.0053261 -0.0041724 0.000769984 0.999998 0.00165163 -0.00154443 -0.00532739 -0.00164751 0.999984 0.0119237 0.0 0.0 0.0 1.0
redkitchen/seq-03/color/frame-000078.color.png redkitchen/seq-03/color/frame-000079.color.png 0.999989 -0.00193565 0.00435868 -0.000198439 0.00192706 0.999996 0.00197379 0.000281177 -0.00436248 -0.00196537 0.999988 0.00945544 0.0 0.0 0.0 1.0
redkitchen/seq-03/color/frame-000079.color.png redkitchen/seq-03/color/frame-000080.color.png 0.999989 0.000515355 0.00467573 -0.00111584 -0.00053143 0.999994 0.00343801 -0.00849354 -0.00467393 -0.00344045 0.999983 0.009637 0.0 0.0 0.0 1.0
redkitchen/seq-03/color/frame-000080.color.png redkitchen/seq-03/color/frame-000081.color.png 0.999985 -0.00241105 0.0048493 -0.00169756 0.00241196 0.999997 -0.000181314 0.00225362 -0.00484886 0.000193008 0.999988 0.00948119 0.0 0.0 0.0 1.0
redkitchen/seq-03/color/frame-000081.color.png redkitchen/seq-03/color/frame-000082.color.png 0.999971 0.00290306 0.00701976 -0.00469294 -0.00293255 0.999987 0.00419411 -0.00670528 -0.00700749 -0.00421457 0.999967 0.0102638 0.0 0.0 0.0 1.0
redkitchen/seq-03/color/frame-000082.color.png redkitchen/seq-03/color/frame-000083.color.png 0.999942 0.00282764 0.0103619 -0.0129521 -0.002817 0.999996 -0.00104139 0.000206925 -0.0103648 0.00101214 0.999946 0.0177398 0.0 0.0 0.0 1.0
redkitchen/seq-03/color/frame-000083.color.png redkitchen/seq-03/color/frame-000084.color.png 0.999985 -0.000523709 0.00554074 0.00351892 0.000543563 0.999993 -0.00358218 0.00300512 -0.00553883 0.00358513 0.999978 0.008021 0.0 0.0 0.0 1.0
redkitchen/seq-03/color/frame-000084.color.png redkitchen/seq-03/color/frame-000085.color.png 0.999959 -0.00249275 0.00865399 -0.0103803 0.00251544 0.999993 -0.00261213 0.00175112 -0.00864742 0.00263379 0.999959 0.015439 0.0 0.0 0.0 1.0
redkitchen/seq-03/color/frame-000085.color.png redkitchen/seq-03/color/frame-000086.color.png 0.999976 -0.00106602 0.0068534 -0.00424321 0.00107523 0.999998 -0.00133889 -0.00604828 -0.00685197 0.00134623 0.999976 0.0138239 0.0 0.0 0.0 1.0
redkitchen/seq-03/color/frame-000086.color.png redkitchen/seq-03/color/frame-000087.color.png 0.999973 -0.00553158 0.00487313 -0.00203176 0.00555301 0.999975 -0.00439602 0.00577208 -0.00484869 0.00442296 0.999978 0.00596923 0.0 0.0 0.0 1.0
redkitchen/seq-03/color/frame-000087.color.png redkitchen/seq-03/color/frame-000088.color.png 0.999991 -0.00393503 0.00139861 0.000997722 0.00393295 0.999991 0.00148801 -6.79642e-05 -0.00140446 -0.0014825 0.999998 0.00998145 0.0 0.0 0.0 1.0
redkitchen/seq-03/color/frame-000088.color.png redkitchen/seq-03/color/frame-000089.color.png 0.999994 0.00173993 0.00302049 -0.00231886 -0.00174651 0.999996 0.0021795 -0.00414305 -0.00301669 -0.00218477 0.999993 0.0135869 0.0 0.0 0.0 1.0
redkitchen/seq-03/color/frame-000089.color.png redkitchen/seq-03/color/frame-000090.color.png 0.999958 0.00388117 0.00827807 -0.00855574 -0.00392812 0.999976 0.00566324 -0.0109096 -0.00825589 -0.00569552 0.99995 0.01095 0.0 0.0 0.0 1.0
redkitchen/seq-03/color/frame-000090.color.png redkitchen/seq-03/color/frame-000091.color.png 0.999983 -0.00222126 0.0053138 -0.00967385 0.00221935 0.999997 0.000364939 0.00110734 -0.0053146 -0.000353139 0.999986 0.0153657 0.0 0.0 0.0 1.0
redkitchen/seq-03/color/frame-000091.color.png redkitchen/seq-03/color/frame-000092.color.png 0.999991 -0.00391768 0.00146123 -0.00685966 0.00392264 0.999987 -0.00341222 0.000135802 -0.00144784 0.00341792 0.999993 0.0170911 0.0 0.0 0.0 1.0
redkitchen/seq-03/color/frame-000092.color.png redkitchen/seq-03/color/frame-000093.color.png 1.0 0.000613645 -0.000342504 0.000607103 -0.000614634 0.999996 -0.00289704 -0.00404894 0.000340722 0.00289724 0.999996 0.00887191 0.0 0.0 0.0 1.0
redkitchen/seq-03/color/frame-000093.color.png redkitchen/seq-03/color/frame-000094.color.png 0.999995 0.00249625 0.00166394 0.00220382 -0.00249289 0.999995 -0.00201496 0.00308696 -0.00166896 0.00201081 0.999997 0.00823736 0.0 0.0 0.0 1.0
redkitchen/seq-03/color/frame-000094.color.png redkitchen/seq-03/color/frame-000095.color.png 0.999989 0.00211133 0.00426676 -0.00748307 -0.00211971 0.999996 0.00195959 -0.00500089 -0.00426261 -0.00196861 0.999989 0.0130148 0.0 0.0 0.0 1.0
redkitchen/seq-03/color/frame-000095.color.png redkitchen/seq-03/color/frame-000096.color.png 0.999996 0.000499622 0.0025695 -0.00601213 -0.000496799 0.999999 -0.00109972 -0.00212515 -0.00257003 0.00109844 0.999996 0.0135155 0.0 0.0 0.0 1.0
redkitchen/seq-03/color/frame-000096.color.png redkitchen/seq-03/color/frame-000097.color.png 1.0 -0.00043898 -0.000359742 0.00502348 0.000439042 1.0 0.000176219 -0.000956669 0.00035966 -0.000176376 1.0 0.00429446 0.0 0.0 0.0 1.0
redkitchen/seq-03/color/frame-000097.color.png redkitchen/seq-03/color/frame-000098.color.png 0.999987 -0.000311264 0.00513625 -0.0160771 0.000310734 1.0 0.000105676 -0.00209781 -0.00513628 -0.000104079 0.999987 0.0217034 0.0 0.0 0.0 1.0
redkitchen/seq-03/color/frame-000098.color.png redkitchen/seq-03/color/frame-000099.color.png 0.999999 0.000536554 0.00105431 -0.00105576 -0.000534497 0.999998 -0.00195671 -0.000773646 -0.00105536 0.00195615 0.999997 0.0094977 0.0 0.0 0.0 1.0
redkitchen/seq-03/color/frame-000099.color.png redkitchen/seq-03/color/frame-000100.color.png 0.999996 0.000207227 0.00279256 -0.00177457 -0.000211416 0.999999 0.00149811 -0.00531055 -0.00279225 -0.0014987 0.999995 0.00935006 0.0 0.0 0.0 1.0
redkitchen/seq-03/color/frame-000100.color.png redkitchen/seq-03/color/frame-000101.color.png 0.999994 -0.00189458 0.00275174 -0.00362681 0.00190069 0.999996 -0.0022219 0.00338066 -0.00274751 0.00222712 0.999994 0.00866765 0.0 0.0 0.0 1.0
redkitchen/seq-03/color/frame-000101.color.png redkitchen/seq-03/color/frame-000102.color.png 0.999992 -0.00263036 0.00316554 -0.00820543 0.00263697 0.999994 -0.00208274 0.00381875 -0.00316005 0.00209107 0.999993 0.0125423 0.0 0.0 0.0 1.0
redkitchen/seq-03/color/frame-000102.color.png redkitchen/seq-03/color/frame-000103.color.png 0.999996 -0.00293988 0.000503976 -0.00227301 0.00293979 0.999996 0.000184793 -0.00234797 -0.000504508 -0.000183311 1.0 0.00750357 0.0 0.0 0.0 1.0
redkitchen/seq-03/color/frame-000103.color.png redkitchen/seq-03/color/frame-000104.color.png 0.999999 -0.000983602 -0.000949923 0.00246028 0.000983425 0.999999 -0.000195191 0.00145528 0.000950111 0.000194258 1.0 0.00711459 0.0 0.0 0.0 1.0
redkitchen/seq-03/color/frame-000104.color.png redkitchen/seq-03/color/frame-000105.color.png 0.999996 -0.00161067 0.00233157 -0.00679068 0.00160695 0.999997 0.00159953 -0.00475518 -0.00233414 -0.00159578 0.999996 0.0111344 0.0 0.0 0.0 1.0
redkitchen/seq-03/color/frame-000105.color.png redkitchen/seq-03/color/frame-000106.color.png 0.999994 -0.0024381 -0.00253084 0.00338671 0.00243167 0.999994 -0.00254134 0.00602213 0.00253701 0.00253517 0.999994 0.00524306 0.0 0.0 0.0 1.0
redkitchen/seq-03/color/frame-000106.color.png redkitchen/seq-03/color/frame-000107.color.png 0.999994 0.000184841 -0.00354712 0.00300755 -0.000178263 0.999998 0.0018565 -0.00186878 0.00354746 -0.00185586 0.999992 0.00731081 0.0 0.0 0.0 1.0
redkitchen/seq-03/color/frame-000107.color.png redkitchen/seq-03/color/frame-000108.color.png 0.999987 0.00486873 -0.00152871 0.0029967 -0.00486274 0.999981 0.00389813 -0.00910164 0.00154767 -0.00389064 0.999991 0.0051741 0.0 0.0 0.0 1.0
redkitchen/seq-03/color/frame-000108.color.png redkitchen/seq-03/color/frame-000109.color.png 0.999999 0.00121131 0.000937 -0.0034455 -0.00121201 0.999999 0.000749253 0.0037427 -0.000936096 -0.000750389 0.999999 0.00861585 0.0 0.0 0.0 1.0
redkitchen/seq-03/color/frame-000109.color.png redkitchen/seq-03/color/frame-000110.color.png 0.999998 -0.0017905 -0.000564612 -0.00513824 0.0017916 0.999996 0.00196259 -0.0022269 0.000561096 -0.0019636 0.999998 0.00998521 0.0 0.0 0.0 1.0
redkitchen/seq-03/color/frame-000110.color.png redkitchen/seq-03/color/frame-000111.color.png 0.999975 -0.0032862 -0.00622928 0.00790808 0.00327977 0.999994 -0.00104089 -0.00105014 0.00623267 0.00102043 0.99998 0.00572324 0.0 0.0 0.0 1.0
redkitchen/seq-03/color/frame-000111.color.png redkitchen/seq-03/color/frame-000112.color.png 0.999994 0.00332844 -0.0012003 -0.000656083 -0.00332628 0.999993 0.00178917 -0.00672061 0.00120625 -0.00178517 0.999998 0.00709128 0.0 0.0 0.0 1.0
redkitchen/seq-03/color/frame-000112.color.png redkitchen/seq-03/color/frame-000113.color.png 0.999996 0.00270004 0.000216212 0.00283235 -0.00270075 0.999991 0.0033346 -0.00689094 -0.000207204 -0.00333517 0.999994 0.00481039 0.0 0.0 0.0 1.0
redkitchen/seq-03/color/frame-000113.color.png redkitchen/seq-03/color/frame-000114.color.png 0.999999 -0.00139666 0.00103864 -0.00593647 0.00139886 0.999997 -0.00212272 0.00747629 -0.00103568 0.00212417 0.999997 0.0107275 0.0 0.0 0.0 1.0
redkitchen/seq-03/color/frame-000114.color.png redkitchen/seq-03/color/frame-000115.color.png 0.999983 -0.000199391 -0.00575943 0.00875235 0.000200958 1.0 0.000271628 -0.00246064 0.00575938 -0.000272781 0.999983 0.00289166 0.0 0.0 0.0 1.0
redkitchen/seq-03/color/frame-000115.color.png redkitchen/seq-03/color/frame-000116.color.png 0.999994 0.00259798 -0.002486 0.0069054 -0.00259138 0.999993 0.00265905 -0.00503253 0.0024929 -0.00265259 0.999993 0.00658101 0.0 0.0 0.0 1.0
redkitchen/seq-03/color/frame-000116.color.png redkitchen/seq-03/color/frame-000117.color.png 0.999996 0.00281995 -0.000644859 0.00181928 -0.00281783 0.999991 0.00326158 -0.00302468 0.000654047 -0.00325975 0.999994 0.00599402 0.0 0.0 0.0 1.0
redkitchen/seq-03/color/frame-000117.color.png redkitchen/seq-03/color/frame-000118.color.png 1.0 0.000295495 -0.000418796 -0.00273806 -0.000294547 0.999997 0.00224805 -0.00120257 0.000419459 -0.00224793 0.999997 0.00909638 0.0 0.0 0.0 1.0
redkitchen/seq-03/color/frame-000118.color.png redkitchen/seq-03/color/frame-000119.color.png 0.999998 0.000955544 -0.00168707 -0.00139662 -0.000954923 0.999999 0.000377242 -0.00205084 0.00168743 -0.00037563 0.999999 0.0109431 0.0 0.0 0.0 1.0
redkitchen/seq-03/color/frame-000119.color.png redkitchen/seq-03/color/frame-000120.color.png 0.999994 0.00201524 -0.00268053 0.00628623 -0.00201242 0.999997 0.00105114 -0.00285496 0.00268264 -0.00104574 0.999996 0.00699109 0.0 0.0 0.0 1.0
redkitchen/seq-03/color/frame-000120.color.png redkitchen/seq-03/color/frame-000121.color.png 0.999998 0.00193254 -0.00104789 0.00285576 -0.00193292 0.999998 -0.000350205 0.00202075 0.00104721 0.000352229 0.999999 0.00769782 0.0 0.0 0.0 1.0
redkitchen/seq-03/color/frame-000121.color.png redkitchen/seq-03/color/frame-000122.color.png 0.999997 -1.86032e-05 -0.00223079 0.0021184 1.3246e-05 0.999997 -0.00240138 0.00365862 0.00223083 0.00240134 0.999995 0.00972539 0.0 0.0 0.0 1.0
redkitchen/seq-03/color/frame-000122.color.png redkitchen/seq-03/color/frame-000123.color.png 0.999994 0.000143519 -0.00348844 0.0033734 -0.000151335 0.999997 -0.00224072 0.00473162 0.00348811 0.00224124 0.999991 0.00949395 0.0 0.0 0.0 1.0
redkitchen/seq-03/color/frame-000123.color.png redkitchen/seq-03/color/frame-000124.color.png 0.999979 0.00363524 -0.00532912 0.011452 -0.00361884 0.999989 0.00308592 -0.00792948 0.00534028 -0.00306657 0.999981 0.00394738 0.0 0.0 0.0 1.0
redkitchen/seq-03/color/frame-000124.color.png redkitchen/seq-03/color/frame-000125.color.png 0.999992 0.00398792 -0.00100768 0.00395761 -0.00398641 0.999991 0.00149109 -0.00247709 0.00101361 -0.00148706 0.999998 0.0119969 0.0 0.0 0.0 1.0
redkitchen/seq-03/color/frame-000125.color.png redkitchen/seq-03/color/frame-000126.color.png 0.999999 -0.000812303 -0.000676777 0.00259537 0.000811668 0.999999 -0.000939699 0.00386336 0.000677539 0.000939149 0.999999 0.00961852 0.0 0.0 0.0 1.0
redkitchen/seq-03/color/frame-000126.color.png redkitchen/seq-03/color/frame-000127.color.png 0.999993 -0.00151818 -0.00346752 0.00604524 0.00152275 0.999998 0.00131478 -0.000143163 0.00346551 -0.00132005 0.999993 0.00970852 0.0 0.0 0.0 1.0
redkitchen/seq-03/color/frame-000127.color.png redkitchen/seq-03/color/frame-000128.color.png 0.999985 -0.00298323 -0.00468122 0.0111031 0.00298454 0.999996 0.000274274 -0.00504332 0.00468038 -0.000288244 0.999989 0.0100746 0.0 0.0 0.0 1.0
redkitchen/seq-03/color/frame-000128.color.png redkitchen/seq-03/color/frame-000129.color.png 0.999999 0.00156011 0.000626107 0.00486362 -0.00155734 0.999989 -0.00438978 -0.00356632 -0.000632948 0.0043888 0.99999 0.0113657 0.0 0.0 0.0 1.0
redkitchen/seq-03/color/frame-000129.color.png redkitchen/seq-03/color/frame-000130.color.png 0.999984 -0.00337259 0.0046194 0.00344592 0.00338758 0.999989 -0.00324257 0.00359583 -0.00460842 0.00325817 0.999984 0.00803709 0.0 0.0 0.0 1.0
redkitchen/seq-03/color/frame-000130.color.png redkitchen/seq-03/color/frame-000131.color.png 0.999968 -0.00756912 0.00254221 -0.000846535 0.00757631 0.999967 -0.00282682 0.00696664 -0.00252073 0.00284599 0.999993 0.012554 0.0 0.0 0.0 1.0
redkitchen/seq-03/color/frame-000131.color.png redkitchen/seq-03/color/frame-000132.color.png 0.99995 -0.00913306 -0.00413878 0.00887054 0.00912213 0.999955 -0.00265168 0.00338012 0.00416282 0.00261379 0.999988 0.00948846 0.0 0.0 0.0 1.0
redkitchen/seq-03/color/frame-000132.color.png redkitchen/seq-03/color/frame-000133.color.png 0.999985 -0.0036898 -0.00391947 0.0107892 0.00369475 0.999992 0.00125545 -0.00605659 0.00391481 -0.00126991 0.999991 0.0102861 0.0 0.0 0.0 1.0
redkitchen/seq-03/color/frame-000133.color.png redkitchen/seq-03/color/frame-000134.color.png 1.0 0.000279117 -0.000113706 0.00851624 -0.000279122 1.0 -7.18963e-05 -0.00230129 0.000113687 7.19282e-05 1.0 0.0102106 0.0 0.0 0.0 1.0
redkitchen/seq-03/color/frame-000134.color.png redkitchen/seq-03/color/frame-000135.color.png 0.999996 -0.00128034 0.00227751 -0.000752673 0.00128193 0.999999 -0.000704323 0.000643849 -0.0022766 0.000707239 0.999997 0.0109043 0.0 0.0 0.0 1.0
redkitchen/seq-03/color/frame-000135.color.png redkitchen/seq-03/color/frame-000136.color.png 0.999989 -0.00437661 -0.00187983 0.00308913 0.0043678 0.999979 -0.00467268 0.00825232 0.00190024 0.00466441 0.999987 0.0113803 0.0 0.0 0.0 1.0
redkitchen/seq-03/color/frame-000136.color.png redkitchen/seq-03/color/frame-000137.color.png 0.999977 -0.0023569 -0.00642363 0.0152286 0.00235203 0.999997 -0.000766112 -0.00105147 0.00642542 0.000750986 0.999979 0.00508809 0.0 0.0 0.0 1.0
redkitchen/seq-03/color/frame-000137.color.png redkitchen/seq-03/color/frame-000138.color.png 0.999993 -0.00135277 -0.00337505 0.0070294 0.00135367 0.999999 0.000264195 -0.0035727 0.00337469 -0.000268762 0.999994 0.0117632 0.0 0.0 0.0 1.0
redkitchen/seq-03/color/frame-000138.color.png redkitchen/seq-03/color/frame-000139.color.png 0.999997 0.000806121 -0.00218013 0.00544415 -0.000806895 1.0 -0.000353821 -0.00186414 0.00217984 0.00035558 0.999997 0.00821126 0.0 0.0 0.0 1.0
redkitchen/seq-03/color/frame-000139.color.png redkitchen/seq-03/color/frame-000140.color.png 0.999994 0.000223677 -0.00346211 0.00586241 -0.000226063 1.0 -0.000683639 0.00135899 0.00346195 0.000684417 0.999994 0.00906277 0.0 0.0 0.0 1.0
redkitchen/seq-03/color/frame-000140.color.png redkitchen/seq-03/color/frame-000141.color.png 0.999982 -0.00168222 -0.00582042 0.0130616 0.00167627 0.999998 -0.00102915 -0.000406682 0.00582214 0.00101937 0.999983 0.00860453 0.0 0.0 0.0 1.0
redkitchen/seq-03/color/frame-000141.color.png redkitchen/seq-03/color/frame-000142.color.png 0.999999 -9.24433e-05 -0.00176704 0.00305395 9.44661e-05 0.999999 0.0011377 -0.00382663 0.00176694 -0.00113787 0.999998 0.00821638 0.0 0.0 0.0 1.0
redkitchen/seq-03/color/frame-000142.color.png redkitchen/seq-03/color/frame-000143.color.png 0.999985 -0.00333495 -0.0042062 0.00667949 0.00333272 0.999994 -0.00053446 0.00245661 0.00420795 0.000520434 0.999991 0.00661182 0.0 0.0 0.0 1.0
redkitchen/seq-03/color/frame-000143.color.png redkitchen/seq-03/color/frame-000144.color.png 0.999991 -0.00199947 -0.00365817 0.00222485 0.00200746 0.999996 0.00217997 -0.00454271 0.0036538 -0.00218729 0.999991 0.0112557 0.0 0.0 0.0 1.0
redkitchen/seq-03/color/frame-000144.color.png redkitchen/seq-03/color/frame-000145.color.png 0.999982 0.00062264 -0.00603409 0.0113437 -0.00060406 0.999995 0.00308215 -0.0090857 0.00603598 -0.00307844 0.999977 0.00560093 0.0 0.0 0.0 1.0
redkitchen/seq-03/color/frame-000145.color.png redkitchen/seq-03/color/frame-000146.color.png 0.999989 0.00377394 -0.00278746 0.00572604 -0.00377352 0.999993 0.000149458 -0.00120811 0.002788 -0.000138937 0.999996 0.00803375 0.0 0.0 0.0 1.0
redkitchen/seq-03/color/frame-000146.color.png redkitchen/seq-03/color/frame-000147.color.png 0.999995 0.00263529 -0.00186356 0.00434685 -0.0026329 0.999996 0.00128199 -0.00141394 0.00186694 -0.00127708 0.999997 0.00639904 0.0 0.0 0.0 1.0
redkitchen/seq-03/color/frame-000147.color.png redkitchen/seq-03/color/frame-000148.color.png 0.999995 0.00137353 -0.00281552 0.00346242 -0.00137077 0.999999 0.000989049 -0.00142924 0.00281686 -0.000985185 0.999996 0.00731421 0.0 0.0 0.0 1.0
redkitchen/seq-03/color/frame-000148.color.png redkitchen/seq-03/color/frame-000149.color.png 0.999992 -0.000207853 -0.00399868 0.0076555 0.000210703 1.0 0.000712806 -0.00205207 0.00399853 -0.000713643 0.999992 0.00685358 0.0 0.0 0.0 1.0
redkitchen/seq-03/color/frame-000149.color.png redkitchen/seq-03/color/frame-000150.color.png 0.999994 0.00323034 -0.00126598 0.00224039 -0.003229 0.999994 0.00106503 -0.00351562 0.00126941 -0.00106094 0.999999 0.00908303 0.0 0.0 0.0 1.0
redkitchen/seq-03/color/frame-000150.color.png redkitchen/seq-03/color/frame-000151.color.png 0.999997 0.00164611 0.00195986 -0.00322957 -0.00164907 0.999997 0.00151468 -0.00306548 -0.00195736 -0.00151791 0.999997 0.00987315 0.0 0.0 0.0 1.0
redkitchen/seq-03/color/frame-000151.color.png redkitchen/seq-03/color/frame-000152.color.png 1.0 -9.42831e-05 -0.000389776 0.00163634 9.43076e-05 1.0 5.76881e-05 0.000963002 0.000389774 -5.77264e-05 1.0 0.00645709 0.0 0.0 0.0 1.0
redkitchen/seq-03/color/frame-000152.color.png redkitchen/seq-03/color/frame-000153.color.png 1.0 -0.000365076 -0.000414804 0.000474617 0.000365455 1.0 0.000918761 -0.00289465 0.000414466 -0.000918912 0.999999 0.0109209 0.0 0.0 0.0 1.0
redkitchen/seq-03/color/frame-000153.color.png redkitchen/seq-03/color/frame-000154.color.png 1.0 3.57492e-05 -0.000105457 0.000331029 -3.57681e-05 1.0 -0.000211454 0.000534892 0.000105456 0.000211457 1.0 -5.17368e-05 0.0 0.0 0.0 1.0
redkitchen/seq-03/color/frame-000154.color.png redkitchen/seq-03/color/frame-000155.color.png 0.999994 0.00271797 0.00208801 -0.0038673 -0.00272109 0.999995 0.00148928 -0.00586438 -0.00208395 -0.00149495 0.999997 0.010307 0.0 0.0 0.0 1.0
redkitchen/seq-03/color/frame-000155.color.png redkitchen/seq-03/color/frame-000156.color.png 0.999994 0.00186723 0.00301195 -0.00177661 -0.00187062 0.999998 0.00112446 -0.00224902 -0.00300984 -0.00113008 0.999995 0.00729775 0.0 0.0 0.0 1.0
redkitchen/seq-03/color/frame-000156.color.png redkitchen/seq-03/color/frame-000157.color.png 0.999994 -0.00139907 0.00320395 -0.00501433 0.0014 0.999999 -0.000291003 0.00218014 -0.00320355 0.000295487 0.999995 0.0117261 0.0 0.0 0.0 1.0
redkitchen/seq-03/color/frame-000157.color.png redkitchen/seq-03/color/frame-000158.color.png 0.999991 0.00303806 0.00312416 -0.00392453 -0.00304184 0.999995 0.00121195 -0.00620674 -0.00312045 -0.00122144 0.999994 0.00897479 0.0 0.0 0.0 1.0
redkitchen/seq-03/color/frame-000158.color.png redkitchen/seq-03/color/frame-000159.color.png 0.999983 0.00249082 0.00525689 -0.00566509 -0.0025029 0.999994 0.00228926 -0.00791635 -0.00525115 -0.00230238 0.999984 0.0101192 0.0 0.0 0.0 1.0
redkitchen/seq-03/color/frame-000159.color.png redkitchen/seq-03/color/frame-000160.color.png 0.999963 0.00122212 0.00846621 -0.0129692 -0.00120737 0.999998 -0.0017463 0.00200275 -0.00846833 0.00173601 0.999963 0.0142255 0.0 0.0 0.0 1.0
redkitchen/seq-03/color/frame-000160.color.png redkitchen/seq-03/color/frame-000161.color.png 0.999965 0.000790556 0.00831703 -0.0129599 -0.000780365 0.999999 -0.00122811 0.000183627 -0.00831799 0.00122157 0.999965 0.0130341 0.0 0.0 0.0 1.0
redkitchen/seq-03/color/frame-000161.color.png redkitchen/seq-03/color/frame-000162.color.png 0.999973 -0.00208197 0.00703346 -0.00801097 0.00208806 0.999998 -0.000860376 -0.000891536 -0.00703165 0.00087504 0.999975 0.0111232 0.0 0.0 0.0 1.0
redkitchen/seq-03/color/frame-000162.color.png redkitchen/seq-03/color/frame-000163.color.png 0.999967 0.00127438 0.00806113 -0.00766465 -0.00126675 0.999999 -0.000952143 -0.000923634 -0.00806233 0.000941899 0.999967 0.0112511 0.0 0.0 0.0 1.0
redkitchen/seq-03/color/frame-000163.color.png redkitchen/seq-03/color/frame-000164.color.png 1.0 -0.0002475 0.00016269 -0.000658914 0.000247487 1.0 3.6972e-05 -0.000149488 -0.000162699 -3.69319e-05 1.0 8.45194e-05 0.0 0.0 0.0 1.0
redkitchen/seq-03/color/frame-000164.color.png redkitchen/seq-03/color/frame-000165.color.png 0.999942 0.00211328 0.0105789 -0.0124104 -0.00210594 0.999997 -0.000703399 -0.00215632 -0.0105804 0.000681081 0.999944 0.00928128 0.0 0.0 0.0 1.0
redkitchen/seq-03/color/frame-000165.color.png redkitchen/seq-03/color/frame-000166.color.png 0.999909 0.000327109 0.0134897 -0.0216878 -0.000299182 0.999998 -0.00207314 0.00141296 -0.0134904 0.00206892 0.999907 0.0151479 0.0 0.0 0.0 1.0
redkitchen/seq-03/color/frame-000166.color.png redkitchen/seq-03/color/frame-000167.color.png 0.999951 -0.0046585 0.008696 -0.0126102 0.00466652 0.999989 -0.00090161 7.1153e-05 -0.00869171 0.000942145 0.999962 0.0122819 0.0 0.0 0.0 1.0
